1.000000000 0.000000000 0.000000000 0.000000000 0.000000000 1.000000000 0.000000000 0.000000000 0.000000000 0.000000000 1.000000000 0.000000000
1.000000000 0.000027751 -0.000020521 0.000270426 -0.000027750 1.000000000 0.000028326 -0.000939672 0.000020522 -0.000028326 1.000000000 -0.001638625
1.000000000 -0.000028265 -0.000009524 0.000946634 0.000028265 1.000000000 -0.000006903 -0.000422108 0.000009524 0.000006902 1.000000000 -0.002515749
1.000000000 -0.000155843 -0.000112690 0.001767873 0.000155850 1.000000000 0.000063681 -0.001767374 0.000112680 -0.000063699 1.000000000 -0.004167714
1.000000000 -0.000141336 -0.000072091 -0.000363014 0.000141336 1.000000000 -0.000000387 0.000087593 0.000072091 0.000000377 1.000000000 -0.003207450
1.000000000 -0.000163249 -0.000041273 0.000755026 0.000163252 1.000000000 0.000058244 -0.000608271 0.000041264 -0.000058251 1.000000000 -0.001234475
1.000000000 -0.000195979 -0.000009005 0.000084679 0.000195979 1.000000000 0.000040494 -0.000640663 0.000008997 -0.000040496 1.000000000 -0.003869303
1.000000000 -0.000086462 -0.000046206 0.000078261 0.000086465 1.000000000 0.000046976 0.000367595 0.000046202 -0.000046980 1.000000000 -0.003907446
1.000000000 -0.000061702 -0.000023900 0.000282946 0.000061702 1.000000000 -0.000002423 0.000492755 0.000023901 0.000002422 1.000000000 -0.000430670
1.000000000 -0.000063315 -0.000062114 -0.000353796 0.000063315 1.000000000 -0.000002450 0.001280764 0.000062115 0.000002446 1.000000000 -0.001599739
1.000000000 -0.000144339 -0.000123560 0.000809718 0.000144345 1.000000000 0.000045598 -0.000335249 0.000123553 -0.000045616 1.000000000 -0.002714734
1.000000000 -0.000195011 -0.000099849 0.000092489 0.000195011 1.000000000 -0.000001812 0.000537934 0.000099850 0.000001792 1.000000000 -0.000326873
1.000000000 -0.000223722 -0.000062182 -0.000810687 0.000223725 1.000000000 0.000035898 0.001071756 0.000062174 -0.000035912 1.000000000 -0.000625418
1.000000000 -0.000175831 -0.000057586 0.000410682 0.000175833 1.000000000 0.000037293 -0.000138265 0.000057579 -0.000037303 1.000000000 -0.003517976
1.000000000 -0.000136548 -0.000079743 0.001228225 0.000136557 1.000000000 0.000112741 -0.000555618 0.000079728 -0.000112752 1.000000000 -0.003944066
1.000000000 -0.000114567 -0.000040847 0.002033737 0.000114572 1.000000000 0.000114576 -0.001317731 0.000040834 -0.000114581 1.000000000 -0.007170528
1.000000000 -0.000099176 -0.000081971 0.000966784 0.000099178 1.000000000 0.000023079 0.000736210 0.000081969 -0.000023087 1.000000000 -0.002479430
1.000000000 -0.000094361 -0.000098772 0.001100458 0.000094369 1.000000000 0.000077464 -0.000250303 0.000098765 -0.000077473 1.000000000 -0.004451325
0.999999940 -0.000250633 -0.000114194 0.000672557 0.000250640 0.999999940 0.000067272 -0.000479132 0.000114177 -0.000067301 1.000000000 -0.003383693
0.999999940 -0.000255205 -0.000097496 0.000708282 0.000255209 0.999999940 0.000038231 0.000726500 0.000097487 -0.000038256 1.000000000 -0.000069552
0.999999940 -0.000240204 -0.000093598 0.000031958 0.000240209 0.999999940 0.000053709 -0.000797356 0.000093585 -0.000053731 1.000000000 -0.003123718
1.000000000 -0.000125664 -0.000104596 0.002545826 0.000125670 1.000000000 0.000054321 0.000220891 0.000104589 -0.000054334 1.000000000 -0.001257077
1.000000000 -0.000132057 -0.000117387 0.002462295 0.000132067 1.000000000 0.000084179 -0.000954659 0.000117376 -0.000084195 1.000000000 -0.002305186
0.999999940 -0.000238846 -0.000138615 0.001367735 0.000238858 0.999999940 0.000085435 -0.000533299 0.000138595 -0.000085468 1.000000000 -0.004205825
0.999999940 -0.000225097 -0.000184669 0.002647569 0.000225111 1.000000000 0.000078017 -0.000643419 0.000184651 -0.000078059 1.000000000 -0.004203983
0.999999940 -0.000283862 -0.000144721 0.001524936 0.000283872 0.999999940 0.000066734 0.000376643 0.000144702 -0.000066775 1.000000000 -0.003006700
0.999999940 -0.000316898 -0.000189985 0.002944783 0.000316911 0.999999940 0.000064744 -0.000217815 0.000189965 -0.000064805 1.000000000 -0.004279199
0.999999881 -0.000403776 -0.000143959 0.001119409 0.000403784 0.999999940 0.000055164 -0.000632614 0.000143937 -0.000055222 1.000000000 -0.004720992
0.999999940 -0.000216202 -0.000167171 0.001623019 0.000216213 1.000000000 0.000069645 0.000042387 0.000167156 -0.000069681 1.000000000 -0.001974153
1.000000000 -0.000204306 -0.000128256 0.002584141 0.000204319 1.000000000 0.000102471 -0.000988967 0.000128235 -0.000102497 1.000000000 -0.003902961
0.999999940 -0.000287053 -0.000181802 0.001610123 0.000287069 0.999999940 0.000082804 0.000204881 0.000181779 -0.000082856 1.000000000 -0.002936486
0.999999940 -0.000300261 -0.000174325 0.001374884 0.000300283 0.999999940 0.000126797 -0.000311783 0.000174287 -0.000126849 1.000000000 -0.005326022
0.999999940 -0.000213812 -0.000164097 0.002121254 0.000213817 1.000000000 0.000030802 -0.000098167 0.000164091 -0.000030837 1.000000000 -0.003504345
0.999999940 -0.000323254 -0.000157379 0.001944999 0.000323261 0.999999940 0.000047712 0.000066491 0.000157363 -0.000047763 1.000000000 -0.001656292
0.999999940 -0.000302325 -0.000106060 0.001213237 0.000302335 0.999999940 0.000091158 -0.001044755 0.000106033 -0.000091190 1.000000000 -0.006410003
0.999999940 -0.000314520 -0.000199567 0.003202164 0.000314528 0.999999940 0.000040807 0.000066583 0.000199554 -0.000040870 1.000000000 -0.003912334
1.000000000 -0.000198526 -0.000134014 0.002853921 0.000198541 1.000000000 0.000111286 -0.000469386 0.000133992 -0.000111313 1.000000000 -0.006832069
0.999999940 -0.000291468 -0.000141548 0.000530583 0.000291479 0.999999940 0.000075487 -0.000025590 0.000141526 -0.000075528 1.000000000 -0.004482052
0.999999940 -0.000252641 -0.000160495 0.001328200 0.000252664 0.999999940 0.000147029 -0.000543905 0.000160458 -0.000147069 1.000000000 -0.003669574
0.999999940 -0.000277370 -0.000182694 0.002728684 0.000277377 0.999999940 0.000039100 -0.001115102 0.000182683 -0.000039151 1.000000000 0.000085525
0.999999940 -0.000253681 -0.000104240 0.001712183 0.000253625 0.999999821 -0.000535736 -0.000884697 0.000104376 0.000535709 0.999999881 0.048540946
1.000000000 -0.000112967 -0.000148750 0.001933197 0.000112801 0.999999344 -0.001115810 -0.003298585 0.000148876 0.001115794 0.999999344 0.140609115
1.000000000 -0.000189953 -0.000150640 0.005214590 0.000189739 0.999998987 -0.001420320 -0.007453771 0.000150909 0.001420292 0.999998987 0.254291445
1.000000000 -0.000199535 -0.000087094 0.006054710 0.000199412 0.999998987 -0.001409764 -0.012457012 0.000087375 0.001409746 0.999998987 0.389520973
1.000000000 -0.000134888 -0.000200685 0.010966866 0.000134662 0.999999344 -0.001124950 -0.019091209 0.000200837 0.001124923 0.999999344 0.524377525
1.000000000 -0.000142578 -0.000074007 0.012243308 0.000142499 0.999999404 -0.001064474 -0.022077862 0.000074159 0.001064464 0.999999404 0.684955418
1.000000000 -0.000127213 -0.000118554 0.020107575 0.000127102 0.999999583 -0.000936025 -0.025657833 0.000118673 0.000936010 0.999999583 0.844798684
0.999999940 0.000344232 0.000074405 0.017614324 -0.000344173 0.999999642 -0.000791246 -0.026394488 -0.000074677 0.000791220 0.999999702 1.020643353
0.999999940 -0.000142388 -0.000201630 0.028697195 0.000142279 0.999999821 -0.000540412 -0.038001079 0.000201707 0.000540383 0.999999821 1.178842187
1.000000000 0.000175654 0.000120526 0.023490468 -0.000175651 1.000000000 -0.000022057 -0.054107163 -0.000120530 0.000022036 1.000000000 1.363404036
1.000000000 0.000269331 0.000114561 0.026950723 -0.000269336 0.999999940 0.000041564 -0.059006318 -0.000114550 -0.000041595 0.999999940 1.555812836
1.000000000 -0.000148931 0.000265125 0.030939061 0.000148920 1.000000000 0.000040383 -0.065286294 -0.000265131 -0.000040344 0.999999940 1.760317445
1.000000000 0.000038716 0.000101438 0.033869039 -0.000038725 1.000000000 0.000082965 -0.065040521 -0.000101435 -0.000082969 1.000000000 1.962901592
0.999999881 0.000281790 0.000419318 0.032401465 -0.000281788 1.000000000 -0.000005686 -0.070804015 -0.000419319 0.000005568 0.999999940 2.175837755
1.000000000 0.000285326 0.000107166 0.043459911 -0.000285347 1.000000000 0.000194295 -0.077134661 -0.000107111 -0.000194325 1.000000000 2.390479326
1.000000000 0.000248473 0.000208219 0.050134327 -0.000248545 0.999999940 0.000344008 -0.082619861 -0.000208133 -0.000344060 0.999999940 2.611316681
0.999999821 0.000632742 0.000364797 0.048984811 -0.000632772 0.999999881 0.000082303 -0.092390075 -0.000364745 -0.000082534 1.000000000 2.835889339
0.999999762 0.000387430 0.000467589 0.049317937 -0.000387729 0.999999702 0.000638311 -0.098202020 -0.000467342 -0.000638492 0.999999642 3.076366663
1.000000000 -0.000004173 0.000287261 0.056072354 0.000004016 0.999999940 0.000548123 -0.107402086 -0.000287264 -0.000548122 0.999999821 3.313820601
0.999999940 0.000138949 0.000421265 0.060563751 -0.000139269 0.999999762 0.000759595 -0.115214378 -0.000421159 -0.000759654 0.999999642 3.545256853
0.999999821 0.000381940 0.000481959 0.067868382 -0.000382307 0.999999642 0.000761292 -0.122862391 -0.000481668 -0.000761476 0.999999642 3.810079336
0.999999821 0.000162671 0.000642259 0.066740863 -0.000163211 0.999999583 0.000841790 -0.129109398 -0.000642121 -0.000841895 0.999999464 4.068537235
0.999999762 0.000140910 0.000681678 0.073580086 -0.000141854 0.999999046 0.001384097 -0.146590605 -0.000681482 -0.001384193 0.999998808 4.312013149
0.999999762 0.000078430 0.000673116 0.079494208 -0.000079401 0.999998987 0.001443634 -0.154562548 -0.000673002 -0.001443687 0.999998748 4.568205357
0.999999762 -0.000043910 0.000668160 0.086467117 0.000042812 0.999998629 0.001643557 -0.162601680 -0.000668231 -0.001643528 0.999998450 4.827458382
0.999999642 -0.000056281 0.000732535 0.084747374 0.000054873 0.999998152 0.001922312 -0.178148240 -0.000732641 -0.001922271 0.999997854 5.080688477
0.999999523 0.000129974 0.000866844 0.091033556 -0.000131537 0.999998331 0.001802975 -0.184153557 -0.000866608 -0.001803088 0.999997973 5.343633175
0.999999702 -0.000089534 0.000737616 0.095212221 0.000088175 0.999998271 0.001841668 -0.192013174 -0.000737779 -0.001841602 0.999998033 5.621130943
0.999999404 0.000487591 0.000941286 0.092150703 -0.000489478 0.999997854 0.002005038 -0.200543672 -0.000940306 -0.002005498 0.999997556 5.895500183
0.999999702 -0.000253056 0.000678392 0.105144009 0.000251620 0.999997675 0.002116588 -0.222048268 -0.000678926 -0.002116416 0.999997556 6.151056290
0.999999702 0.000164683 0.000777872 0.108043224 -0.000166372 0.999997616 0.002171296 -0.230039507 -0.000777512 -0.002171425 0.999997377 6.438638687
0.999999344 0.000513165 0.001054446 0.112724572 -0.000515423 0.999997556 0.002142763 -0.239622504 -0.001053344 -0.002143305 0.999997199 6.719461441
0.999999523 0.000323707 0.000935209 0.123056605 -0.000325756 0.999997497 0.002190873 -0.249964640 -0.000934497 -0.002191177 0.999997199 7.023034573
0.999999702 0.000141848 0.000769819 0.133538902 -0.000143672 0.999997199 0.002369283 -0.260573149 -0.000769481 -0.002369393 0.999996960 7.305831432
0.999999821 0.000028481 0.000606428 0.143330798 -0.000030076 0.999996483 0.002629480 -0.278344989 -0.000606351 -0.002629497 0.999996364 7.584772587
0.999999642 -0.000348463 0.000665671 0.150796518 0.000346710 0.999996424 0.002632227 -0.283786029 -0.000666586 -0.002631996 0.999996305 7.898444176
0.999999642 -0.000158386 0.000757211 0.154816687 0.000156457 0.999996781 0.002547864 -0.296653062 -0.000757612 -0.002547745 0.999996483 8.212860107
0.999999762 0.000101041 0.000746549 0.158438504 -0.000102909 0.999996841 0.002502673 -0.298548698 -0.000746294 -0.002502749 0.999996543 8.544911385
0.999999344 0.000533206 0.001038426 0.157190621 -0.000536094 0.999995947 0.002783204 -0.311979383 -0.001036938 -0.002783759 0.999995589 8.889613152
0.999999523 0.000212003 0.000984613 0.166599095 -0.000214847 0.999995828 0.002889754 -0.325694740 -0.000983996 -0.002889964 0.999995351 9.209867477
0.999999583 0.000090467 0.000866639 0.172039062 -0.000092939 0.999995947 0.002852720 -0.335294634 -0.000866377 -0.002852800 0.999995530 9.547128677
0.999999464 0.000095269 0.001008865 0.177818999 -0.000098297 0.999995530 0.003001732 -0.343318433 -0.001008575 -0.003001829 0.999994993 9.893671036
0.999999166 0.000499931 0.001146411 0.180011272 -0.000503364 0.999995410 0.002995730 -0.353224397 -0.001144908 -0.002996305 0.999994814 10.260871887
0.999999464 0.000186353 0.001049309 0.197137803 -0.000189633 0.999995172 0.003126499 -0.364355892 -0.001048721 -0.003126696 0.999994516 10.618915558
0.999999285 -0.000207045 0.001191215 0.194362149 0.000202888 0.999993920 0.003488795 -0.381637663 -0.001191930 -0.003488550 0.999993145 10.968859673
0.999999046 -0.000401842 0.001318125 0.204928726 0.000397228 0.999993801 0.003498763 -0.392998844 -0.001319523 -0.003498237 0.999992967 11.342740059
0.999998629 0.000236569 0.001638261 0.209257886 -0.000242455 0.999993563 0.003593368 -0.399894476 -0.001637401 -0.003593760 0.999992192 11.736091614
0.999998868 0.000229207 0.001494630 0.222156987 -0.000234901 0.999992728 0.003810321 -0.414596796 -0.001493745 -0.003810668 0.999991596 12.099734306
0.999998927 -0.000481858 0.001380260 0.234107450 0.000476512 0.999992371 0.003871363 -0.427909404 -0.001382115 -0.003870701 0.999991536 12.476617813
0.999998808 -0.000118664 0.001554177 0.239614710 0.000112425 0.999991953 0.004013493 -0.438947707 -0.001554641 -0.004013313 0.999990761 12.878140450
0.999999344 -0.000164700 0.001148440 0.257036060 0.000159834 0.999991000 0.004236159 -0.455770284 -0.001149127 -0.004235972 0.999990404 13.264263153
0.999998629 -0.000096213 0.001603703 0.260719419 0.000089853 0.999992132 0.003965151 -0.460828960 -0.001604072 -0.003965002 0.999990880 13.685619354
0.999998987 -0.000564032 0.001275121 0.285944402 0.000558407 0.999990046 0.004407993 -0.480759263 -0.001277594 -0.004407276 0.999989510 14.068393707
0.999998748 -0.000848897 0.001287761 0.289966404 0.000843204 0.999989927 0.004414466 -0.507693231 -0.001291496 -0.004413375 0.999989450 14.471783638
0.999998569 -0.001013585 0.001384682 0.302762985 0.001006944 0.999988139 0.004788420 -0.523928702 -0.001389520 -0.004787019 0.999987602 14.885350227
0.999997854 -0.000983474 0.001838091 0.309591264 0.000974486 0.999987602 0.004884534 -0.536905289 -0.001842873 -0.004882731 0.999986410 15.322637558
0.999997556 -0.000474426 0.002165901 0.315598339 0.000463933 0.999988139 0.004842834 -0.546641946 -0.002168174 -0.004841818 0.999985874 15.757999420
0.999997497 -0.000586221 0.002167488 0.328582048 0.000575433 0.999987423 0.004974409 -0.558912814 -0.002170377 -0.004973150 0.999985278 16.201217651
0.999996960 -0.000515772 0.002447830 0.342299223 0.000502654 0.999985516 0.005357001 -0.577098787 -0.002450557 -0.005355755 0.999982715 16.636251450
0.999996126 -0.000780398 0.002642104 0.352053583 0.000767327 0.999987423 0.004944401 -0.586609662 -0.002645929 -0.004942353 0.999984264 17.091747284
0.999994993 -0.001119890 0.002953222 0.361152321 0.001104361 0.999985516 0.005254654 -0.597348511 -0.002959064 -0.005251366 0.999981761 17.561168671
0.999995053 -0.001176344 0.002914003 0.380418599 0.001161114 0.999985695 0.005222627 -0.610743046 -0.002920105 -0.005219218 0.999982119 18.020320892
0.999993265 -0.000830557 0.003581295 0.382175356 0.000811687 0.999985754 0.005267273 -0.622849882 -0.003585620 -0.005264330 0.999979734 18.460044861
0.999992967 -0.000897979 0.003640613 0.393371582 0.000878674 0.999985576 0.005300747 -0.634223640 -0.003645321 -0.005297511 0.999979317 18.925529480
0.999993265 -0.000863459 0.003589225 0.412116587 0.000843556 0.999984384 0.005543056 -0.644822240 -0.003593956 -0.005539990 0.999978185 19.425563812
0.999993384 -0.000092503 0.003654998 0.420829386 0.000071393 0.999983311 0.005775266 -0.667232752 -0.003655472 -0.005774966 0.999976695 19.866142273
0.999993324 -0.000910248 0.003546060 0.428046167 0.000889891 0.999983132 0.005737887 -0.683110118 -0.003551222 -0.005734693 0.999977231 20.335515976
0.999993682 -0.000608929 0.003514096 0.434130162 0.000588330 0.999982655 0.005860069 -0.696716487 -0.003517603 -0.005857964 0.999976635 20.824569702
0.999996066 -0.000866734 0.002706771 0.451146424 0.000851183 0.999983191 0.005741094 -0.701714277 -0.002711701 -0.005738767 0.999979794 21.330066681
0.999996603 -0.001501238 0.002129286 0.455171019 0.001488017 0.999979675 0.006196989 -0.731215775 -0.002138545 -0.006193799 0.999978542 21.803318024
0.999997616 -0.001015355 0.001925320 0.464339703 0.001003475 0.999980509 0.006160813 -0.735292673 -0.001931537 -0.006158865 0.999979198 22.307186127
0.999998212 -0.000874671 0.001678938 0.478822112 0.000864088 0.999979854 0.006293865 -0.751662910 -0.001684409 -0.006292404 0.999978781 22.840862274
0.999997079 -0.002364328 0.000507013 0.500257254 0.002361028 0.999976575 0.006413393 -0.781125665 -0.000522164 -0.006412176 0.999979258 23.315164566
0.999995887 -0.002864200 0.000100232 0.506612480 0.002863508 0.999975860 0.006332753 -0.795737088 -0.000118368 -0.006332440 0.999979913 23.838514328
0.999997556 -0.002178539 -0.000356817 0.514779985 0.002180771 0.999977291 0.006379580 -0.809292376 0.000342911 -0.006380342 0.999979615 24.303180695
0.999996245 -0.002479604 -0.001193368 0.527787805 0.002487400 0.999975324 0.006576078 -0.822698832 0.001177032 -0.006579021 0.999977708 24.847187042
0.999997675 -0.001291163 -0.001721782 0.525884151 0.001303099 0.999975026 0.006949712 -0.837779403 0.001712766 -0.006951941 0.999974370 25.349317551
0.999995530 -0.001847381 -0.002364828 0.539151371 0.001863769 0.999974132 0.006946408 -0.852208018 0.002351934 -0.006950784 0.999973059 25.897359848
0.999993742 -0.002460960 -0.002552282 0.541155815 0.002480333 0.999967873 0.007615172 -0.865807891 0.002533460 -0.007621455 0.999967754 26.396221161
0.999991179 -0.002717762 -0.003215745 0.558396876 0.002742901 0.999965489 0.007839258 -0.886402428 0.003194329 -0.007848009 0.999964058 26.939746857
0.999991775 -0.001900627 -0.003579748 0.550156534 0.001928421 0.999967873 0.007776854 -0.896526992 0.003564852 -0.007783693 0.999963343 27.432363510
0.999989390 -0.002228734 -0.004034905 0.562481403 0.002260451 0.999966383 0.007873162 -0.908719063 0.004017222 -0.007882200 0.999960840 27.969354630
0.999987483 -0.001927490 -0.004626418 0.575873315 0.001965085 0.999964952 0.008135363 -0.927520037 0.004610575 -0.008144353 0.999956191 28.527322769
0.999987423 -0.002547913 -0.004323865 0.554475486 0.002585037 0.999959588 0.008602218 -0.944478273 0.004301773 -0.008613286 0.999953628 28.994468689
0.999982655 -0.003108045 -0.005018005 0.563594103 0.003153152 0.999954402 0.009006198 -0.964869261 0.004989785 -0.009021862 0.999946833 29.512207031
0.999985397 -0.002346731 -0.004887762 0.561443686 0.002388669 0.999960244 0.008592112 -0.974710643 0.004867405 -0.008603661 0.999951124 30.032575607
0.999984026 -0.002254478 -0.005186923 0.568445027 0.002298833 0.999960721 0.008561283 -0.983524919 0.005167418 -0.008573070 0.999949872 30.578485489
0.999980807 -0.002884111 -0.005484190 0.580700696 0.002933320 0.999955297 0.008986115 -0.997948289 0.005458028 -0.009002029 0.999944568 31.118190765
0.999980152 -0.002239458 -0.005889799 0.593715966 0.002288754 0.999962270 0.008376205 -1.010449290 0.005870819 -0.008389520 0.999947548 31.687604904
0.999979973 -0.002825182 -0.005660514 0.600622296 0.002877244 0.999953389 0.009210411 -1.038822293 0.005634230 -0.009226512 0.999941587 32.133388519
0.999978185 -0.002475376 -0.006134787 0.607468843 0.002532330 0.999953568 0.009293457 -1.049837947 0.006111497 -0.009308788 0.999938011 32.681690216
0.999979794 -0.001965573 -0.006040471 0.609235227 0.002021217 0.999955416 0.009219642 -1.058206677 0.006022079 -0.009231662 0.999939263 33.216896057
0.999976695 -0.002094631 -0.006492744 0.614157319 0.002153947 0.999955773 0.009142150 -1.063985229 0.006473307 -0.009155921 0.999937236 33.765453339
0.999978423 -0.002240983 -0.006162176 0.586205006 0.002300413 0.999950707 0.009654160 -1.140893221 0.006140237 -0.009668127 0.999934435 34.307094574
0.999977767 -0.002164318 -0.006307214 0.592197061 0.002224141 0.999952495 0.009493268 -1.148543000 0.006286369 -0.009507087 0.999935031 34.856552124
0.999973595 -0.002723745 -0.006729024 0.614579320 0.002787779 0.999950767 0.009525010 -1.154415846 0.006702748 -0.009543520 0.999931991 35.393600464
0.999977171 -0.001562046 -0.006569656 0.611642659 0.001625008 0.999952614 0.009589354 -1.176110268 0.006554365 -0.009599810 0.999932468 35.970127106
0.999977767 -0.001332532 -0.006532838 0.614746332 0.001398641 0.999947727 0.010125398 -1.215599060 0.006519004 -0.010134309 0.999927402 36.383155823
0.999974668 -0.001832198 -0.006880956 0.626110733 0.001903043 0.999945104 0.010303415 -1.227087855 0.006861702 -0.010316249 0.999923289 36.927085876
0.999975264 -0.001996577 -0.006743754 0.619206011 0.002067041 0.999943137 0.010458050 -1.240809321 0.006722491 -0.010471732 0.999922574 37.451400757
0.999974072 -0.001663862 -0.007019578 0.630262792 0.001738023 0.999942660 0.010572002 -1.260455251 0.007001584 -0.010583926 0.999919534 38.023784637
0.999970436 -0.001671591 -0.007506503 0.661581278 0.001748997 0.999945283 0.010317166 -1.263274550 0.007488846 -0.010329988 0.999918640 38.536582947
0.999967456 -0.002346140 -0.007719247 0.646630645 0.002432371 0.999934554 0.011180449 -1.309926748 0.007692511 -0.011198860 0.999907672 39.043296814
0.999966502 -0.002296227 -0.007848402 0.659743547 0.002384433 0.999933898 0.011247854 -1.324138641 0.007822054 -0.011266191 0.999905944 39.574405670
0.999967635 -0.002854205 -0.007519366 0.658682883 0.002937945 0.999933541 0.011149222 -1.330205202 0.007487044 -0.011170954 0.999909580 40.151115417
0.999966919 -0.002498656 -0.007742609 0.667731404 0.002587189 0.999931157 0.011445682 -1.340090513 0.007713478 -0.011465333 0.999904513 40.699764252
0.999968171 -0.001524648 -0.007833737 0.678685784 0.001607035 0.999943435 0.010521470 -1.342306256 0.007817253 -0.010533723 0.999913931 41.249202728
0.999963164 -0.002386042 -0.008247000 0.686966538 0.002481185 0.999930263 0.011545700 -1.373233080 0.008218876 -0.011565736 0.999899328 41.680278778
0.999961793 -0.002676095 -0.008330619 0.696570218 0.002775175 0.999925256 0.011904725 -1.383335114 0.008298139 -0.011927389 0.999894381 42.228527069
0.999957919 -0.002973757 -0.008680427 0.707023859 0.003075994 0.999925792 0.011788447 -1.398505688 0.008644727 -0.011814652 0.999892831 42.769046783
0.999961257 -0.002936089 -0.008288693 0.701107264 0.003034106 0.999925315 0.011837735 -1.404332161 0.008253316 -0.011862427 0.999895573 43.254905701
0.999960065 -0.002815416 -0.008495521 0.710650802 0.002915680 0.999925971 0.011812676 -1.416177750 0.008461636 -0.011836971 0.999894142 43.780395508
0.999962389 -0.002318921 -0.008371162 0.714913726 0.002414821 0.999931335 0.011464052 -1.426194072 0.008344003 -0.011483834 0.999899328 44.334163666
0.999960780 -0.002529716 -0.008493979 0.728924394 0.002628012 0.999929547 0.011581351 -1.436742187 0.008464083 -0.011603219 0.999896884 44.848121643
0.999954998 -0.002956611 -0.009018213 0.731988788 0.003063603 0.999924839 0.011873325 -1.449547768 0.008982431 -0.011900418 0.999888837 45.380310059
0.999956548 -0.003114469 -0.008784761 0.739554882 0.003223100 0.999918103 0.012378918 -1.467472553 0.008745489 -0.012406696 0.999884784 45.906364441
0.999956846 -0.003134652 -0.008736137 0.744715691 0.003243964 0.999916255 0.012526715 -1.476071715 0.008696138 -0.012554516 0.999883354 46.459857941
0.999958873 -0.002859445 -0.008596935 0.744995177 0.002963128 0.999922752 0.012072023 -1.485255957 0.008561753 -0.012097002 0.999890149 46.996166229
0.999956131 -0.003355197 -0.008742961 0.753474236 0.003465745 0.999913812 0.012659849 -1.501152277 0.008699732 -0.012689595 0.999881625 47.464214325
0.999953926 -0.003212646 -0.009048510 0.762891650 0.003326329 0.999915302 0.012576825 -1.511101484 0.009007341 -0.012606343 0.999879956 48.014968872
0.999956429 -0.003100984 -0.008806734 0.765290201 0.003211949 0.999915302 0.012613973 -1.523230672 0.008766873 -0.012641709 0.999881685 48.541088104
0.999954820 -0.002972664 -0.009030829 0.775095582 0.003083630 0.999919653 0.012298457 -1.521134853 0.008993546 -0.012325748 0.999883652 49.111801147
0.999954224 -0.003331571 -0.008966184 0.771714628 0.003445705 0.999912858 0.012744201 -1.543567657 0.008922945 -0.012774516 0.999878585 49.586448669
0.999957025 -0.003020369 -0.008762601 0.772029638 0.003133056 0.999912202 0.012874887 -1.550032139 0.008722944 -0.012901789 0.999878705 50.139644623
0.999953985 -0.003313860 -0.009001225 0.783468664 0.003432631 0.999906838 0.013211735 -1.566256642 0.008956606 -0.013242026 0.999872148 50.636047363
0.999950945 -0.003363477 -0.009318432 0.793400526 0.003483603 0.999910593 0.012905010 -1.576217651 0.009274193 -0.012936838 0.999873281 51.186408997
0.999953449 -0.003307317 -0.009067408 0.796807230 0.003425951 0.999908328 0.013099439 -1.583075285 0.009023252 -0.013129893 0.999873042 51.702770233
0.999950409 -0.003533457 -0.009317538 0.803962529 0.003652609 0.999911368 0.012802130 -1.589877129 0.009271476 -0.012835529 0.999874592 52.246398926
0.999954343 -0.003197328 -0.009004456 0.807047963 0.003313362 0.999911249 0.012900907 -1.600435376 0.008962409 -0.012930153 0.999876261 52.771839142
0.999954700 -0.003039990 -0.009010727 0.816970944 0.003155524 0.999912679 0.012835495 -1.611908197 0.008970919 -0.012863349 0.999877036 53.296524048
0.999954522 -0.003237480 -0.008969584 0.817234397 0.003353072 0.999911129 0.012902102 -1.621799707 0.008927017 -0.012931590 0.999876559 53.869815826
0.999954522 -0.003120126 -0.009012153 0.828919172 0.003240186 0.999905705 0.013338324 -1.637583137 0.008969689 -0.013366917 0.999870420 54.320743561
0.999955773 -0.002970637 -0.008926500 0.833165288 0.003092855 0.999901175 0.013709196 -1.648932338 0.008884893 -0.013736195 0.999866128 54.869560242
0.999960363 -0.002721275 -0.008487033 0.831060171 0.002837294 0.999902248 0.013688269 -1.661938906 0.008448953 -0.013711805 0.999870241 55.414722443
0.999957323 -0.003086991 -0.008716597 0.845347524 0.003206655 0.999900341 0.013747850 -1.666856766 0.008673290 -0.013775215 0.999867499 55.924919128
0.999960542 -0.002570961 -0.008499181 0.848580480 0.002690031 0.999897957 0.014027975 -1.683780432 0.008462249 -0.014050283 0.999865413 56.466396332
0.999954581 -0.003366939 -0.008907750 0.867470264 0.003485654 0.999904871 0.013345456 -1.684738040 0.008861970 -0.013375901 0.999871194 56.980751038
0.999947429 -0.003968338 -0.009449515 0.881054878 0.004092207 0.999905467 0.013125414 -1.692902923 0.009396537 -0.013163394 0.999869168 57.514778137
0.999954104 -0.003293457 -0.008996794 0.876511455 0.003414226 0.999903858 0.013441367 -1.700685978 0.008951660 -0.013471466 0.999869168 58.052429199
0.999952197 -0.003621286 -0.009066991 0.893545628 0.003746768 0.999896884 0.013860870 -1.709956050 0.009015862 -0.013894183 0.999862790 58.624702454
0.999951005 -0.003709622 -0.009177778 0.893638670 0.003836601 0.999896705 0.013856740 -1.719584703 0.009125427 -0.013891271 0.999861836 59.139514923
0.999951839 -0.003721080 -0.009081735 0.916040957 0.003848086 0.999894500 0.014007513 -1.732848048 0.009028654 -0.014041786 0.999860585 59.659759521
0.999945998 -0.003858394 -0.009653485 0.901437342 0.003993560 0.999893725 0.014021927 -1.738318563 0.009598358 -0.014059722 0.999855042 60.251724243
0.999946356 -0.004041319 -0.009527441 0.890900075 0.004175333 0.999892116 0.014088486 -1.770862222 0.009469475 -0.014127511 0.999855340 60.796092987
0.999948502 -0.003917350 -0.009360456 0.923085511 0.004045902 0.999897182 0.013754194 -1.765168667 0.009305612 -0.013791356 0.999861598 61.233642578
0.999949574 -0.003647486 -0.009354699 0.920890927 0.003773201 0.999902368 0.013456407 -1.762991190 0.009304705 -0.013491025 0.999865711 61.796192169
0.999951601 -0.003515880 -0.009189799 0.932319105 0.003640628 0.999900937 0.013593340 -1.776500940 0.009141097 -0.013626139 0.999865353 62.350593567
0.999945402 -0.003971126 -0.009664504 0.936615527 0.004102404 0.999899089 0.013601772 -1.791052580 0.009609514 -0.013640678 0.999860704 62.829948425
0.999945581 -0.003828330 -0.009703257 0.939792454 0.003957982 0.999902666 0.013377951 -1.780987740 0.009651097 -0.013415627 0.999863386 63.397251129
0.999950945 -0.003595012 -0.009232106 0.923900545 0.003725315 0.999893069 0.014135941 -1.826536894 0.009180300 -0.014169641 0.999857485 63.906490326
0.999946713 -0.004330743 -0.009383149 0.936487317 0.004463815 0.999889076 0.014207865 -1.831350088 0.009320579 -0.014248990 0.999855101 64.456863403
0.999943078 -0.004562836 -0.009653040 0.943796515 0.004698965 0.999889135 0.014126763 -1.839352369 0.009587515 -0.014171318 0.999853671 64.999061584
0.999948204 -0.003971564 -0.009372709 0.941573024 0.004104722 0.999890208 0.014230911 -1.846280932 0.009315164 -0.014268645 0.999854803 65.552581787
0.999951303 -0.003744834 -0.009137089 0.926781952 0.003876223 0.999888659 0.014404655 -1.860144854 0.009082132 -0.014439370 0.999854505 66.062583923
0.999950945 -0.003320236 -0.009329391 0.954657376 0.003453991 0.999890924 0.014357665 -1.888201118 0.009280703 -0.014389185 0.999853373 66.554397583
0.999952912 -0.003035376 -0.009212504 0.962453485 0.003168155 0.999890745 0.014432782 -1.895841360 0.009167689 -0.014461289 0.999853313 67.102737427
0.999946594 -0.003823777 -0.009597661 0.961870849 0.003964132 0.999884903 0.014647681 -1.900218487 0.009540548 -0.014684945 0.999846578 67.672142029
0.999943912 -0.003478826 -0.010001391 0.975513160 0.003629130 0.999880195 0.015049704 -1.919848680 0.009947838 -0.015085156 0.999836743 68.157028198
0.999939024 -0.004589507 -0.010040987 0.980258226 0.004737074 0.999880373 0.014722425 -1.914203763 0.009972217 -0.014769093 0.999841094 68.710823059
0.999954224 -0.002979300 -0.009094294 0.969474494 0.003114648 0.999884009 0.014905066 -1.933903813 0.009048833 -0.014932707 0.999847472 69.271339417
0.999953985 -0.003397292 -0.008959568 0.976379216 0.003529141 0.999885082 0.014741541 -1.939982891 0.008908457 -0.014772483 0.999851048 69.816688538
0.999952614 -0.003294352 -0.009167774 0.979483485 0.003429452 0.999885201 0.014759792 -1.946372509 0.009118099 -0.014790533 0.999848962 70.371490479
0.999959469 -0.002661610 -0.008603542 0.987649560 0.002786243 0.999890864 0.014506832 -1.959116817 0.008563991 -0.014530216 0.999857664 70.896293640
0.999954820 -0.003144380 -0.008970112 0.990119100 0.003279241 0.999881208 0.015059668 -1.975300193 0.008921690 -0.015088401 0.999846339 71.390968323
0.999946713 -0.003715659 -0.009637401 0.999693096 0.003865953 0.999870479 0.015623290 -1.980059266 0.009578102 -0.015659716 0.999831438 71.943069458
0.999953628 -0.003323017 -0.009041324 1.004712701 0.003458740 0.999880910 0.015037461 -1.990116358 0.008990278 -0.015068035 0.999845982 72.472381592
0.999957383 -0.003099982 -0.008705612 1.001843929 0.003228958 0.999884725 0.014840409 -1.995236754 0.008658603 -0.014867888 0.999851942 73.011100769
0.999957323 -0.002912913 -0.008771817 1.005649686 0.003041738 0.999887168 0.014708937 -2.000869751 0.008727980 -0.014734989 0.999853313 73.560104370
0.999959588 -0.002763877 -0.008554369 1.011399508 0.002892757 0.999881923 0.015090410 -2.016679525 0.008511653 -0.015114546 0.999849558 74.074897766
0.999963760 -0.002412426 -0.008170415 1.019060373 0.002534265 0.999885261 0.014934858 -2.013792515 0.008133447 -0.014955019 0.999855042 74.616119385
0.999959111 -0.002684438 -0.008634756 1.024945974 0.002815409 0.999880612 0.015191525 -2.026009321 0.008592946 -0.015215216 0.999847353 75.161911011
0.999954402 -0.003530115 -0.008870229 1.036053419 0.003666160 0.999875188 0.015368157 -2.045604467 0.008814872 -0.015399976 0.999842584 75.678726196
0.999957442 -0.002828264 -0.008775851 1.026247978 0.002962879 0.999877572 0.015364445 -2.051954508 0.008731320 -0.015389794 0.999843359 76.199508667
0.999957025 -0.003094509 -0.008743860 1.033142567 0.003225644 0.999881983 0.015023205 -2.054954529 0.008696337 -0.015050763 0.999848843 76.760002136
0.999959886 -0.003031268 -0.008420456 1.034981251 0.003158051 0.999881268 0.015084264 -2.060708523 0.008373731 -0.015110256 0.999850750 77.281929016
0.999960601 -0.003025941 -0.008346360 1.043061733 0.003152502 0.999879599 0.015192414 -2.072231293 0.008299384 -0.015218129 0.999849737 77.815246582
0.999962807 -0.002632309 -0.008228884 1.049245238 0.002755597 0.999883592 0.015007059 -2.079643726 0.008188426 -0.015029173 0.999853492 78.352828979
0.999965191 -0.002922876 -0.007817830 1.057948351 0.003039886 0.999882936 0.014997403 -2.082158566 0.007773079 -0.015020646 0.999856949 78.901710510
0.999975622 -0.002590317 -0.006487268 1.063444257 0.002684828 0.999889791 0.014602517 -2.085659027 0.006448729 -0.014619578 0.999872327 79.445625305
0.999982119 -0.002655030 -0.005355914 1.077017307 0.002733128 0.999889255 0.014627499 -2.097833633 0.005316485 -0.014641877 0.999878645 79.986701965
0.999990165 -0.002351792 -0.003737396 1.087665796 0.002406171 0.999890268 0.014612696 -2.104599476 0.003702620 -0.014621549 0.999886215 80.530525208
0.999996483 -0.002602043 -0.000405084 1.107025623 0.002607692 0.999889553 0.014630497 -2.117939949 0.000366970 -0.014631503 0.999892890 81.069915771
0.999989510 -0.003020537 0.003441422 1.128581882 0.002969901 0.999888599 0.014624975 -2.121878862 -0.003485214 -0.014614601 0.999887049 81.615310669
0.999976099 -0.002914026 0.006293514 1.147218227 0.002820398 0.999885976 0.014834865 -2.127418518 -0.006336026 -0.014816758 0.999870121 82.166091919
0.999933958 -0.002596647 0.011197506 1.170825481 0.002429747 0.999886155 0.014893127 -2.135909557 -0.011234902 -0.014864936 0.999826312 82.704559326
0.999846756 -0.002453566 0.017329015 1.199499726 0.002191755 0.999883354 0.015111094 -2.149449587 -0.017364066 -0.015070797 0.999735594 83.233718872
0.999737084 -0.002696487 0.022768365 1.232221603 0.002356865 0.999885738 0.014930085 -2.158723354 -0.022806022 -0.014872498 0.999629259 83.769065857
0.999570131 -0.001977520 0.029250365 1.248604774 0.001541458 0.999887466 0.014922962 -2.152322054 -0.029276587 -0.014871458 0.999460697 84.411743164
0.999337971 -0.002098576 0.036321193 1.305649757 0.001548289 0.999883711 0.015172106 -2.160704136 -0.036348805 -0.015105826 0.999225020 84.912956238
0.999010026 -0.003182676 0.044371281 1.351347685 0.002520496 0.999884725 0.014971600 -2.179032087 -0.044413820 -0.014844944 0.998902857 85.462890625
0.998700261 -0.003737337 0.050831798 1.395672083 0.002989690 0.999886334 0.014776362 -2.179769516 -0.050881237 -0.014605185 0.998597860 86.017646790
0.998213828 -0.003595563 0.059633698 1.447278738 0.002714099 0.999885917 0.014855724 -2.186573267 -0.059680313 -0.014667337 0.998109758 86.552711487
0.997567236 -0.003911111 0.069601022 1.510246754 0.002885250 0.999885798 0.014833590 -2.197611809 -0.069651097 -0.014596688 0.997464538 87.097717285
0.996923387 -0.004153955 0.078271985 1.577576160 0.002998560 0.999884844 0.014873039 -2.205526352 -0.078324765 -0.014592577 0.996821046 87.638130188
0.996267796 -0.004268615 0.086209983 1.645856380 0.003017372 0.999888241 0.014638992 -2.213862419 -0.086262830 -0.014324229 0.996169448 88.172073364
0.995305002 -0.004073187 0.096701168 1.716397285 0.002666331 0.999888718 0.014673262 -2.217416286 -0.096750170 -0.014346535 0.995205343 88.713684082
0.994223535 -0.004871457 0.107217886 1.806767464 0.003324560 0.999887884 0.014601616 -2.230860710 -0.107276991 -0.014160821 0.994128346 89.254722595
0.993214369 -0.005287857 0.116178967 1.897567749 0.003598634 0.999884725 0.014744781 -2.242238283 -0.116243556 -0.014226640 0.993118823 89.797973633
0.991862476 -0.004868605 0.127221152 1.987958908 0.003014370 0.999886453 0.014763362 -2.247736216 -0.127278596 -0.014259730 0.991764426 90.342041016
0.990234613 -0.005264806 0.139311329 2.087432861 0.003190500 0.999880791 0.015108849 -2.262687922 -0.139374271 -0.014516832 0.990133345 90.867507935
0.988688767 -0.005905775 0.149865478 2.196875572 0.003692394 0.999879956 0.015043077 -2.272882938 -0.149936333 -0.014319560 0.988591969 91.399459839
0.987072349 -0.006412005 0.160146922 2.313888550 0.004075089 0.999880373 0.014916493 -2.278336048 -0.160223395 -0.014071045 0.986980617 91.942909241
0.984907746 -0.006427651 0.172960520 2.434577942 0.003925023 0.999882579 0.014807488 -2.285628319 -0.173035383 -0.013905138 0.984817505 92.479339600
0.982625365 -0.006744970 0.185477361 2.553958893 0.004030042 0.999879241 0.015010643 -2.291226387 -0.185556173 -0.014002358 0.982533872 93.031875610
0.980674326 -0.007331104 0.195509955 2.682058334 0.004469992 0.999876380 0.015071316 -2.296689272 -0.195596293 -0.013906125 0.980585873 93.567367554
0.977881312 -0.007114731 0.209039569 2.815633774 0.003971022 0.999872684 0.015454663 -2.309008598 -0.209122941 -0.014282726 0.977785051 94.096618652
0.974993050 -0.007341690 0.222113997 2.964138031 0.004025176 0.999873579 0.015380586 -2.312068939 -0.222198859 -0.014101917 0.974899292 94.636634827
0.972298801 -0.007478171 0.233622000 3.114404678 0.003979711 0.999872804 0.015442691 -2.322649002 -0.233707741 -0.014085161 0.972204804 95.153556824
0.969375491 -0.007838791 0.245457888 3.276845932 0.004177292 0.999872148 0.015434112 -2.327156782 -0.245547503 -0.013936104 0.969284356 95.712944031
0.965733111 -0.007897791 0.259416610 3.439914703 0.003967653 0.999869347 0.015670020 -2.334748030 -0.259506464 -0.014103787 0.965638399 96.234436035
0.962348938 -0.007608758 0.271710694 3.615697861 0.003447983 0.999869406 0.015787391 -2.342854977 -0.271795303 -0.014256124 0.962249458 96.772132874
0.958877265 -0.007946431 0.283709794 3.802831650 0.003539166 0.999865055 0.016043622 -2.349587917 -0.283798993 -0.014379768 0.958775997 97.332160950
0.954509676 -0.007104191 0.298095345 3.982704163 0.002330551 0.999863327 0.016366197 -2.353692532 -0.298170865 -0.014926966 0.954395771 97.844100952
0.950243950 -0.008042899 0.311402917 4.195249557 0.003118271 0.999862075 0.016309004 -2.358183384 -0.311491221 -0.014526491 0.950137973 98.395690918
0.946432292 -0.008601991 0.322787702 4.392395020 0.003525856 0.999860823 0.016307343 -2.362462759 -0.322883099 -0.014295695 0.946330845 98.907752991
0.942030728 -0.008905471 0.335408360 4.601936340 0.003558563 0.999856591 0.016552715 -2.372220993 -0.335507751 -0.014399593 0.941927373 99.419357300
0.936927319 -0.009300405 0.349400520 4.815303802 0.003757481 0.999856174 0.016538559 -2.376016378 -0.349504083 -0.014182560 0.936827481 99.924659729
0.932377577 -0.009715850 0.361355245 5.043804169 0.003853512 0.999849081 0.016940270 -2.385128021 -0.361465305 -0.014402241 0.932274342 100.438026428
0.928262949 -0.010091339 0.371787608 5.270099640 0.004246883 0.999854267 0.016535366 -2.386841774 -0.371900260 -0.013770233 0.928170502 100.944747925
0.922656715 -0.010075401 0.385490775 5.499902725 0.004014455 0.999855399 0.016524347 -2.387739182 -0.385601461 -0.013698760 0.922563732 101.448547363
0.916995585 -0.010448274 0.398760736 5.736473083 0.004181579 0.999853790 0.016582020 -2.392503738 -0.398875684 -0.013538188 0.916905105 101.938644409
0.912331760 -0.011614241 0.409286946 5.992313385 0.005337118 0.999850035 0.016475668 -2.400561810 -0.409416884 -0.012846863 0.912257016 102.425064087
0.905754030 -0.011218426 0.423655361 6.251434326 0.004591413 0.999850690 0.016659914 -2.403085470 -0.423778981 -0.013144605 0.905670404 102.932304382
0.899035275 -0.011206551 0.437732846 6.519153595 0.004415710 0.999853671 0.016528422 -2.408354998 -0.437853962 -0.012926731 0.898953080 103.414649963
0.893125415 -0.011858699 0.449651420 6.788982391 0.004880564 0.999848962 0.016675036 -2.416503906 -0.449781299 -0.012698344 0.893048465 103.890480042
0.887581587 -0.012564044 0.460479170 7.055606842 0.005403921 0.999843180 0.016864289 -2.420660973 -0.460618913 -0.012480040 0.887510300 104.364471436
0.880590320 -0.012871870 0.473703504 7.338260651 0.005684868 0.999846041 0.016600782 -2.424205065 -0.473844260 -0.011925546 0.880527914 104.836639404
0.873682976 -0.013164698 0.486317545 7.627113342 0.005611942 0.999840021 0.016983828 -2.428903103 -0.486463368 -0.012109296 0.873616993 105.309745789
