1.000000000 0.000000000 0.000000000 0.000000000 0.000000000 1.000000000 0.000000000 0.000000000 0.000000000 0.000000000 1.000000000 0.000000000
1.000000000 0.000021935 -0.000013349 0.000270929 -0.000021934 1.000000000 0.000051448 -0.000028970 0.000013350 -0.000051448 1.000000000 -0.001863823
1.000000000 0.000087919 0.000051179 -0.001507684 -0.000087919 1.000000000 -0.000001982 -0.000744680 -0.000051179 0.000001977 1.000000000 -0.002432061
1.000000000 -0.000013740 -0.000015338 0.001415864 0.000013740 1.000000000 0.000029284 -0.000215899 0.000015338 -0.000029284 1.000000000 -0.003423059
1.000000000 -0.000099745 -0.000009722 0.000933687 0.000099746 1.000000000 0.000036023 -0.000453785 0.000009718 -0.000036024 1.000000000 -0.002595047
1.000000000 0.000004876 0.000035553 -0.000706390 -0.000004877 1.000000000 0.000021299 -0.000223810 -0.000035553 -0.000021299 1.000000000 -0.001080942
1.000000000 -0.000025092 0.000041739 0.000592995 0.000025087 1.000000000 0.000113715 -0.000537022 -0.000041742 -0.000113714 1.000000000 -0.002577049
1.000000000 -0.000077562 0.000022814 -0.000336662 0.000077560 1.000000000 0.000096020 -0.000362429 -0.000022821 -0.000096018 1.000000000 0.002127392
1.000000000 0.000007569 -0.000004624 0.000278152 -0.000007569 1.000000000 0.000029553 -0.000400960 0.000004625 -0.000029553 1.000000000 -0.004427389
1.000000000 -0.000037661 0.000039520 0.000349405 0.000037659 1.000000000 0.000065402 -0.000204908 -0.000039523 -0.000065401 1.000000000 -0.004253904
1.000000000 0.000008931 0.000030375 -0.000136425 -0.000008932 1.000000000 0.000024686 -0.000247814 -0.000030375 -0.000024686 1.000000000 -0.001047216
1.000000000 -0.000065409 0.000016164 -0.000252911 0.000065409 1.000000000 0.000024473 -0.000482963 -0.000016165 -0.000024472 1.000000000 -0.005475709
1.000000000 -0.000103094 0.000092391 -0.000271702 0.000103085 1.000000000 0.000096030 -0.000672738 -0.000092401 -0.000096020 1.000000000 -0.001923941
1.000000000 -0.000044802 0.000079068 0.000188498 0.000044797 1.000000000 0.000064760 -0.000679403 -0.000079071 -0.000064756 1.000000000 -0.003555631
1.000000000 -0.000059864 0.000065694 -0.000226069 0.000059859 1.000000000 0.000082949 -0.000309617 -0.000065699 -0.000082946 1.000000000 -0.003314685
1.000000000 -0.000073338 0.000076782 -0.000371988 0.000073329 1.000000000 0.000109090 -0.000159121 -0.000076790 -0.000109085 1.000000000 -0.003249713
1.000000000 -0.000144742 0.000028141 -0.000147868 0.000144740 1.000000000 0.000070863 -0.000286383 -0.000028151 -0.000070859 1.000000000 -0.004472296
1.000000000 0.000025951 0.000032926 0.000869574 -0.000025955 1.000000000 0.000119794 -0.001264284 -0.000032922 -0.000119795 1.000000000 -0.008105912
0.999999940 -0.000255953 -0.000042619 0.002754441 0.000255960 0.999999940 0.000166883 -0.003217983 0.000042576 -0.000166894 1.000000000 -0.008410921
1.000000000 -0.000101790 -0.000006798 0.000436026 0.000101790 1.000000000 0.000044990 -0.000759021 0.000006793 -0.000044991 1.000000000 -0.005505380
1.000000000 -0.000125845 -0.000026311 0.002065336 0.000125850 1.000000000 0.000176696 -0.004039910 0.000026289 -0.000176699 1.000000000 -0.006630763
1.000000000 -0.000048486 0.000124750 -0.001427718 0.000048476 1.000000000 0.000081313 -0.000503640 -0.000124754 -0.000081307 1.000000000 -0.002249317
1.000000000 -0.000061204 0.000034626 -0.000183438 0.000061196 1.000000000 0.000215647 -0.002754857 -0.000034639 -0.000215645 1.000000000 -0.008816576
0.999999940 -0.000249447 -0.000026305 0.000988633 0.000249452 0.999999940 0.000190170 -0.002491131 0.000026257 -0.000190177 1.000000000 -0.005288593
1.000000000 -0.000057634 -0.000007853 0.000619016 0.000057635 1.000000000 0.000144452 -0.000554159 0.000007845 -0.000144453 1.000000000 -0.006081701
0.999999940 -0.000266277 0.000011951 0.001338468 0.000266274 0.999999940 0.000251768 -0.002543258 -0.000012019 -0.000251765 0.999999940 -0.006013606
1.000000000 -0.000126246 -0.000025908 0.001347594 0.000126249 1.000000000 0.000146435 -0.003064131 0.000025890 -0.000146439 1.000000000 -0.005112093
1.000000000 -0.000145564 -0.000019545 0.000556853 0.000145567 1.000000000 0.000149173 -0.000569484 0.000019524 -0.000149176 1.000000000 -0.002361387
1.000000000 -0.000137337 -0.000025088 -0.001252692 0.000137340 1.000000000 0.000130069 -0.000138223 0.000025070 -0.000130072 1.000000000 -0.005298413
1.000000000 -0.000117175 0.000045124 -0.001101343 0.000117170 1.000000000 0.000108345 -0.000581103 -0.000045137 -0.000108339 1.000000000 0.002130984
1.000000000 -0.000091603 0.000056601 -0.001863907 0.000091596 1.000000000 0.000113798 -0.000472561 -0.000056611 -0.000113793 1.000000000 -0.000874568
1.000000000 -0.000151177 -0.000036191 -0.001164972 0.000151181 1.000000000 0.000102415 -0.001758739 0.000036176 -0.000102421 1.000000000 -0.004960431
1.000000000 -0.000177668 -0.000000261 0.000190132 0.000177668 0.999999940 0.000169579 -0.002721416 0.000000231 -0.000169579 1.000000000 -0.006203542
1.000000000 0.000149313 0.000086134 -0.001002528 -0.000149320 1.000000000 0.000082271 -0.000046011 -0.000086121 -0.000082284 1.000000000 -0.001738727
1.000000000 -0.000094438 0.000008216 -0.000176951 0.000094437 1.000000000 0.000065915 -0.000708617 -0.000008222 -0.000065914 1.000000000 -0.002189974
1.000000000 -0.000115292 0.000005489 -0.000590168 0.000115291 1.000000000 0.000051319 -0.001215798 -0.000005495 -0.000051319 1.000000000 -0.004489930
1.000000000 -0.000120134 0.000050785 0.000448071 0.000120131 1.000000000 0.000061355 -0.000338440 -0.000050792 -0.000061348 1.000000000 -0.008712486
0.999999940 -0.000241362 -0.000043932 0.000586036 0.000241366 0.999999940 0.000106224 -0.000732148 0.000043906 -0.000106235 1.000000000 -0.006581030
1.000000000 -0.000157321 -0.000003310 0.000072907 0.000157322 1.000000000 0.000170695 -0.000531575 0.000003283 -0.000170696 1.000000000 -0.004320981
0.999999940 -0.000270944 -0.000085153 0.003007594 0.000270962 0.999999940 0.000205893 -0.004066241 0.000085098 -0.000205916 1.000000000 -0.006044200
1.000000000 -0.000216845 -0.000050434 0.003614957 0.000216821 0.999999881 -0.000476581 -0.006150865 0.000050538 0.000476570 0.999999881 0.048530456
0.999999940 -0.000271111 -0.000086927 0.007100362 0.000271020 0.999999404 -0.001050135 -0.006648578 0.000087212 0.001050112 0.999999464 0.141674370
0.999999940 -0.000285934 -0.000037452 0.004961368 0.000285884 0.999999046 -0.001329287 -0.012687339 0.000037832 0.001329276 0.999999106 0.259209782
0.999999940 -0.000355122 0.000094544 0.005212679 0.000355231 0.999999285 -0.001160148 -0.018339073 -0.000094132 0.001160181 0.999999344 0.389864057
1.000000000 0.000154177 -0.000058274 0.013052779 -0.000154236 0.999999464 -0.001004181 -0.023603050 0.000058119 0.001004190 0.999999523 0.534208417
1.000000000 -0.000008619 0.000082125 0.013771186 0.000008693 0.999999523 -0.000897521 -0.031086870 -0.000082117 0.000897521 0.999999583 0.685309470
1.000000000 -0.000184890 -0.000103874 0.024655964 0.000184830 0.999999821 -0.000578178 -0.036712836 0.000103981 0.000578159 0.999999821 0.853217781
0.999999940 0.000156946 0.000096773 0.018156629 -0.000156904 0.999999881 -0.000430725 -0.041989800 -0.000096841 0.000430709 0.999999881 1.021350026
0.999999940 0.000332206 0.000361485 0.016501812 -0.000332015 0.999999762 -0.000529023 -0.044398021 -0.000361660 0.000528903 0.999999762 1.199463367
0.999999881 0.000016372 0.000276500 0.020593587 -0.000016304 0.999999881 -0.000246135 -0.053825382 -0.000276504 0.000246131 0.999999940 1.385473251
0.999999762 0.000499609 0.000302812 0.026856070 -0.000499584 0.999999881 -0.000083537 -0.063080423 -0.000302853 0.000083386 0.999999940 1.574084878
0.999999702 0.000381674 0.000473201 0.026308054 -0.000381648 0.999999940 -0.000055355 -0.066419862 -0.000473222 0.000055174 0.999999881 1.771876574
0.999999762 0.000421251 0.000528881 0.026797161 -0.000421452 0.999999821 0.000381056 -0.076498218 -0.000528721 -0.000381279 0.999999762 1.973115206
0.999999523 0.000496414 0.000719531 0.029006440 -0.000496556 0.999999762 0.000197505 -0.078190453 -0.000719433 -0.000197862 0.999999642 2.202536345
0.999999464 0.000583052 0.000829003 0.037081636 -0.000583422 0.999999702 0.000447088 -0.084884904 -0.000828742 -0.000447571 0.999999583 2.395871401
0.999999404 0.000557795 0.000919825 0.038427390 -0.000558190 0.999999702 0.000430220 -0.090108983 -0.000919585 -0.000430733 0.999999523 2.636567354
0.999999642 0.000466141 0.000662925 0.046868205 -0.000466534 0.999999702 0.000591807 -0.104823560 -0.000662649 -0.000592116 0.999999583 2.851097345
0.999999583 0.000759602 0.000569247 0.057819165 -0.000759991 0.999999523 0.000683800 -0.111849397 -0.000568727 -0.000684233 0.999999583 3.083235025
0.999999702 0.000539797 0.000590475 0.059300981 -0.000540264 0.999999523 0.000791184 -0.119632989 -0.000590047 -0.000791503 0.999999523 3.325562477
0.999999642 0.000646839 0.000629816 0.064338915 -0.000647358 0.999999464 0.000824216 -0.122681223 -0.000629282 -0.000824624 0.999999464 3.564454794
0.999999762 0.000428648 0.000690496 0.070844926 -0.000429211 0.999999583 0.000815663 -0.134163469 -0.000690147 -0.000815959 0.999999404 3.831751108
0.999999523 0.000548606 0.000784074 0.077339746 -0.000549513 0.999999106 0.001156924 -0.144536614 -0.000783439 -0.001157354 0.999998987 4.093853474
0.999998987 0.000821618 0.001078907 0.084628493 -0.000823351 0.999998271 0.001606911 -0.154484168 -0.001077585 -0.001607798 0.999998093 4.341193676
0.999999344 0.000742164 0.000790700 0.086284742 -0.000743285 0.999998629 0.001418422 -0.159671515 -0.000789646 -0.001419009 0.999998689 4.604698181
0.999999106 0.000651634 0.001181256 0.088837579 -0.000653233 0.999998868 0.001353137 -0.167307273 -0.001180373 -0.001353908 0.999998391 4.858438492
0.999998510 0.001016643 0.001396792 0.088934220 -0.001018589 0.999998510 0.001392785 -0.174992606 -0.001395374 -0.001394206 0.999998033 5.114297390
0.999999106 0.000949706 0.000965581 0.099177338 -0.000951213 0.999998271 0.001561126 -0.186118409 -0.000964096 -0.001562043 0.999998331 5.381107807
0.999999166 0.000630260 0.001082039 0.097458854 -0.000632081 0.999998331 0.001683252 -0.195217595 -0.001080976 -0.001683935 0.999997973 5.636544228
0.999999344 0.000740074 0.000899575 0.112722419 -0.000741484 0.999998510 0.001568366 -0.203849718 -0.000898413 -0.001569032 0.999998331 5.906253338
0.999999285 0.000689650 0.001024875 0.115703888 -0.000691380 0.999998391 0.001687784 -0.216636375 -0.001023709 -0.001688491 0.999998033 6.165441990
0.999998868 0.001066749 0.001133761 0.119911782 -0.001068710 0.999998033 0.001730741 -0.221746922 -0.001131913 -0.001731951 0.999997854 6.458345413
0.999998748 0.001173734 0.001007118 0.131350189 -0.001175153 0.999998331 0.001409594 -0.231681764 -0.001005462 -0.001410776 0.999998510 6.749408722
0.999999762 0.000144366 0.000670547 0.148164302 -0.000145440 0.999998689 0.001601738 -0.242720291 -0.000670315 -0.001601835 0.999998510 7.035852909
0.999999464 0.000808417 0.000627151 0.152667895 -0.000809495 0.999998212 0.001720670 -0.253774345 -0.000625759 -0.001721177 0.999998271 7.341208458
0.999999166 0.000874756 0.000865202 0.158666328 -0.000876289 0.999998033 0.001772726 -0.267569959 -0.000863649 -0.001773483 0.999998033 7.646006584
0.999999166 0.000650408 0.001099101 0.165339515 -0.000653042 0.999996901 0.002398364 -0.281903416 -0.001097538 -0.002399080 0.999996543 7.961313248
0.999998689 0.001225833 0.001029450 0.177823231 -0.001228258 0.999996483 0.002358065 -0.294775218 -0.001026556 -0.002359326 0.999996722 8.270228386
0.999998927 0.000954099 0.001093676 0.179920837 -0.000956514 0.999997079 0.002209449 -0.296750546 -0.001091565 -0.002210493 0.999996960 8.614427567
0.999998391 0.001301706 0.001211328 0.182684660 -0.001304879 0.999995768 0.002622095 -0.310292095 -0.001207910 -0.002623671 0.999995828 8.946065903
0.999999106 0.000665175 0.001145749 0.191031799 -0.000667838 0.999997079 0.002324914 -0.315456003 -0.001144199 -0.002325677 0.999996662 9.293624878
0.999998927 0.000888024 0.001170436 0.190136567 -0.000890336 0.999997616 0.001976254 -0.323666185 -0.001168678 -0.001977295 0.999997377 9.625506401
0.999998987 0.000590209 0.001278244 0.201820731 -0.000592734 0.999997854 0.001975331 -0.327008843 -0.001277075 -0.001976087 0.999997199 9.975575447
0.999998569 0.001022011 0.001355711 0.213532567 -0.001024472 0.999997854 0.001815783 -0.340458006 -0.001353852 -0.001817169 0.999997437 10.320365906
0.999998808 0.000971150 0.001124688 0.223809749 -0.000974124 0.999996006 0.002646706 -0.366508484 -0.001122113 -0.002647799 0.999995828 10.671301842
0.999999225 0.000563557 0.001081425 0.229905337 -0.000566664 0.999995768 0.002874888 -0.378640592 -0.001079801 -0.002875499 0.999995291 11.044292450
0.999998629 0.001043603 0.001290778 0.242734164 -0.001047179 0.999995589 0.002773019 -0.389999151 -0.001287878 -0.002774367 0.999995351 11.422215462
0.999998569 0.000874768 0.001440522 0.250405818 -0.000879154 0.999994934 0.003046714 -0.397758484 -0.001437850 -0.003047976 0.999994338 11.804407120
0.999998868 0.000877212 0.001244697 0.262398571 -0.000881330 0.999994099 0.003311552 -0.415609419 -0.001241785 -0.003312645 0.999993742 12.169562340
0.999999166 0.000462963 0.001233573 0.272349745 -0.000467245 0.999993801 0.003472936 -0.429335624 -0.001231958 -0.003473509 0.999993205 12.557063103
0.999998629 0.000820150 0.001428736 0.283109874 -0.000825338 0.999993026 0.003633891 -0.440517098 -0.001425746 -0.003635066 0.999992311 12.933864594
0.999999225 0.000586156 0.001045676 0.293615788 -0.000589562 0.999994457 0.003260464 -0.449473888 -0.001043759 -0.003261078 0.999994099 13.317803383
0.999996543 0.001686280 0.002011671 0.287982851 -0.001694078 0.999991059 0.003880979 -0.477865160 -0.002005109 -0.003884373 0.999990463 13.731130600
0.999997020 0.001224052 0.002119196 0.295817316 -0.001232340 0.999991596 0.003913880 -0.486649454 -0.002114387 -0.003916480 0.999990106 14.168909073
0.999997556 0.001176537 0.001873950 0.317721963 -0.001183880 0.999991536 0.003921856 -0.511183500 -0.001869320 -0.003924065 0.999990582 14.558098793
0.999996066 0.001730450 0.002190328 0.326863140 -0.001739855 0.999989212 0.004299202 -0.528056502 -0.002182865 -0.004302997 0.999988377 14.961270332
0.999995589 0.001449906 0.002613980 0.337800324 -0.001461276 0.999989450 0.004352798 -0.535455644 -0.002607642 -0.004356598 0.999987125 15.436533928
0.999995649 0.001161084 0.002758464 0.357311279 -0.001174568 0.999987364 0.004891491 -0.572655380 -0.002752750 -0.004894708 0.999984205 15.847028732
0.999996006 0.000529131 0.002773115 0.372363031 -0.000542398 0.999988377 0.004785609 -0.584591389 -0.002770551 -0.004787093 0.999984682 16.287303925
0.999995351 0.000845201 0.002922707 0.379960179 -0.000860506 0.999985814 0.005239262 -0.601073980 -0.002918238 -0.005241753 0.999981999 16.725608826
0.999993086 0.001390131 0.003445296 0.388395488 -0.001407941 0.999985635 0.005172384 -0.612581670 -0.003438057 -0.005177198 0.999980688 17.195642471
0.999993384 0.001078231 0.003456586 0.400424093 -0.001095651 0.999986708 0.005041649 -0.622357845 -0.003451104 -0.005045404 0.999981284 17.664966583
0.999990880 0.001086802 0.004136163 0.408676207 -0.001109409 0.999984562 0.005467238 -0.641407073 -0.004130156 -0.005471777 0.999976456 18.113876343
0.999989033 0.001574710 0.004419458 0.429386079 -0.001597253 0.999985814 0.005101882 -0.627255559 -0.004411361 -0.005108885 0.999977231 18.592771530
0.999990702 0.000686852 0.004257986 0.433444440 -0.000709584 0.999985516 0.005339690 -0.667739093 -0.004254257 -0.005342661 0.999976635 19.069658279
0.999992311 0.000288828 0.003934129 0.462504774 -0.000311473 0.999983430 0.005756783 -0.683810174 -0.003932401 -0.005757963 0.999975622 19.515533447
0.999985516 0.001440384 0.005192371 0.469484180 -0.001472272 0.999980092 0.006142820 -0.696741045 -0.005183419 -0.006150376 0.999967694 19.985216141
0.999991000 0.000121769 0.004230503 0.480085462 -0.000147078 0.999982119 0.005982674 -0.713809669 -0.004229697 -0.005983243 0.999973178 20.382684708
0.999993384 0.000319774 0.003632052 0.493715525 -0.000341553 0.999982059 0.005997304 -0.728167534 -0.003630068 -0.005998504 0.999975502 20.875076294
0.999996722 0.000187736 0.002583759 0.502800107 -0.000203069 0.999982417 0.005935490 -0.734716237 -0.002582599 -0.005935994 0.999979079 21.412214279
0.999994099 0.001510561 0.003103512 0.506274223 -0.001529093 0.999981046 0.005977560 -0.757867098 -0.003094424 -0.005982270 0.999977350 21.908697128
0.999996126 0.000395446 0.002743422 0.544398308 -0.000413875 0.999977350 0.006720420 -0.775337458 -0.002740702 -0.006721531 0.999973655 22.441738129
0.999997497 0.000104144 0.002245211 0.548484981 -0.000119393 0.999976933 0.006792444 -0.789935648 -0.002244451 -0.006792695 0.999974430 22.945966721
0.999999523 -0.000791561 0.000778321 0.567959368 0.000786288 0.999976993 0.006751661 -0.799588561 -0.000783648 -0.006751047 0.999976933 23.498031616
0.999998152 -0.001879251 0.000342896 0.578271449 0.001876984 0.999977231 0.006496183 -0.812883317 -0.000355096 -0.006495528 0.999978840 24.015356064
0.999999583 -0.000866322 -0.000212545 0.586379886 0.000867658 0.999979377 0.006368092 -0.821906269 0.000207024 -0.006368273 0.999979675 24.535446167
0.999999404 -0.000635183 -0.000918817 0.600197792 0.000641207 0.999978185 0.006570650 -0.834010243 0.000914624 -0.006571234 0.999978006 25.071189880
0.999998331 -0.000741495 -0.001662272 0.607218146 0.000752711 0.999976873 0.006757003 -0.848621130 0.001657223 -0.006758243 0.999975801 25.590206146
0.999998331 -0.000180128 -0.001781670 0.617372513 0.000192481 0.999975920 0.006936167 -0.867757201 0.001780378 -0.006936499 0.999974370 26.125646591
0.999998093 -0.000728977 -0.001824743 0.629711866 0.000742631 0.999971628 0.007493637 -0.874664009 0.001819229 -0.007494979 0.999970257 26.674245834
0.999996185 -0.001138861 -0.002499212 0.644920468 0.001157758 0.999970675 0.007572763 -0.891666412 0.002490514 -0.007575627 0.999968231 27.203903198
0.999996305 -0.000033373 -0.002726340 0.655374169 0.000054565 0.999969780 0.007773497 -0.908785522 0.002725998 -0.007773616 0.999966085 27.738073349
0.999994218 -0.000718325 -0.003297372 0.672227740 0.000744408 0.999968410 0.007915715 -0.922083259 0.003291581 -0.007918124 0.999963224 28.274021149
0.999992013 -0.000779634 -0.003920756 0.682313740 0.000810476 0.999968708 0.007871013 -0.934698045 0.003914497 -0.007874128 0.999961257 28.804622650
0.999990702 -0.000581076 -0.004283768 0.691376626 0.000615248 0.999968052 0.007980084 -0.947745919 0.004278994 -0.007982645 0.999958932 29.342401505
0.999989390 -0.000622006 -0.004552616 0.695533395 0.000658357 0.999967873 0.007987387 -0.957877994 0.004547502 -0.007990302 0.999957681 29.862892151
0.999989688 -0.000542919 -0.004509430 0.696102142 0.000579049 0.999967694 0.008014653 -0.975205839 0.004504934 -0.008017181 0.999957681 30.404716492
0.999990344 -0.000037910 -0.004382161 0.702981234 0.000072547 0.999968708 0.007904194 -0.985180318 0.004381724 -0.007904436 0.999959171 30.938152313
0.999988377 0.000076054 -0.004815052 0.712817788 -0.000038185 0.999969006 0.007864514 -1.000524402 0.004815502 -0.007864239 0.999957442 31.463302612
0.999988735 -0.000309789 -0.004732742 0.720203459 0.000346620 0.999969661 0.007783363 -1.012155294 0.004730186 -0.007784915 0.999958515 31.994722366
0.999985516 -0.000120749 -0.005369439 0.731495678 0.000160447 0.999972641 0.007393707 -1.014307141 0.005368398 -0.007394462 0.999958277 32.524044037
0.999985158 -0.000398319 -0.005435768 0.725925267 0.000442940 0.999966204 0.008210025 -1.039307952 0.005432314 -0.008212311 0.999951482 33.052818298
0.999981701 -0.001029765 -0.005956810 0.746509612 0.001082718 0.999959886 0.008893100 -1.061437726 0.005947413 -0.008899387 0.999942720 33.596462250
0.999977589 -0.000718877 -0.006665715 0.745090187 0.000779307 0.999958694 0.009067522 -1.071268082 0.006658921 -0.009072514 0.999936640 34.179763794
0.999976873 -0.001717170 -0.006580192 0.758535326 0.001779546 0.999953449 0.009485224 -1.098390341 0.006563598 -0.009496717 0.999933362 34.681167603
0.999979436 -0.000793426 -0.006359928 0.772035599 0.000850485 0.999959350 0.008974066 -1.097915888 0.006352549 -0.008979291 0.999939501 35.160305023
0.999975562 -0.001502630 -0.006823003 0.760777533 0.001564800 0.999957204 0.009115620 -1.124069452 0.006809014 -0.009126073 0.999935210 35.714630127
0.999982357 -0.000685260 -0.005881478 0.772405922 0.000739814 0.999956727 0.009278527 -1.133340359 0.005874865 -0.009282716 0.999939620 36.214855194
0.999976277 -0.001194628 -0.006790289 0.793910086 0.001254680 0.999960065 0.008846467 -1.122958660 0.006779449 -0.008854777 0.999937832 36.810344696
0.999968886 -0.001453748 -0.007751507 0.812792182 0.001524988 0.999956548 0.009192443 -1.143393397 0.007737807 -0.009203977 0.999927759 37.354446411
0.999973893 -0.001855394 -0.006982713 0.779533029 0.001929464 0.999941766 0.010615827 -1.199046969 0.006962610 -0.010629022 0.999919295 37.665237427
0.999963641 -0.002993106 -0.007981585 0.787385106 0.003085294 0.999928355 0.011562787 -1.215028644 0.007946406 -0.011586992 0.999901295 38.159587860
0.999966085 -0.003491307 -0.007445950 0.742191076 0.003575261 0.999929845 0.011291739 -1.203260183 0.007406006 -0.011317979 0.999908507 38.643516541
0.999968708 -0.002850511 -0.007370099 0.753911853 0.002928765 0.999939203 0.010628900 -1.172483921 0.007339355 -0.010650152 0.999916434 39.220397949
0.999962091 -0.002370625 -0.008376522 0.852801323 0.002459372 0.999940932 0.010600416 -1.250887394 0.008350897 -0.010620616 0.999908745 39.971164703
0.999964595 -0.002409417 -0.008065091 0.850512743 0.002497966 0.999936521 0.010987279 -1.279152274 0.008038105 -0.011007036 0.999907136 40.486511230
0.999965191 -0.001378255 -0.008228481 0.864239812 0.001462835 0.999946058 0.010281811 -1.278326511 0.008213866 -0.010293490 0.999913275 41.030910492
0.999965847 -0.000859881 -0.008223709 0.875464916 0.000943627 0.999947667 0.010184981 -1.287939548 0.008214521 -0.010192391 0.999914289 41.562335968
0.999965608 -0.002261188 -0.007970499 0.870119274 0.002348491 0.999937177 0.010960970 -1.305508137 0.007945213 -0.010979313 0.999908090 42.076904297
0.999964416 -0.002017645 -0.008193458 0.878258228 0.002107418 0.999937713 0.010962801 -1.314378858 0.008170829 -0.010979678 0.999906361 42.611255646
0.999967813 -0.001654350 -0.007853288 0.883256912 0.001736967 0.999943018 0.010524919 -1.318763614 0.007835430 -0.010538221 0.999913692 43.146778107
0.999963760 -0.002326431 -0.008189755 0.892082334 0.002419041 0.999933183 0.011316385 -1.336819887 0.008162880 -0.011335787 0.999902427 43.671134949
0.999966681 -0.001593016 -0.008006522 0.895040274 0.001677293 0.999943137 0.010530375 -1.338902235 0.007989293 -0.010543454 0.999912500 44.203815460
0.999967217 -0.001611291 -0.007936123 0.899568260 0.001694088 0.999944210 0.010437249 -1.351777792 0.007918862 -0.010450351 0.999914050 44.745765686
0.999968290 -0.001274401 -0.007856436 0.901756644 0.001356107 0.999944985 0.010403348 -1.358627677 0.007842745 -0.010413673 0.999915004 45.278598785
0.999966741 -0.001093857 -0.008076034 0.908783078 0.001175653 0.999947965 0.010130430 -1.370208740 0.008064531 -0.010139589 0.999916077 45.803802490
0.999962151 -0.001501707 -0.008567579 0.929669261 0.001594854 0.999939501 0.010875566 -1.395338058 0.008550730 -0.010888820 0.999904156 46.345951080
0.999967635 -0.001421349 -0.007917609 0.912561238 0.001505244 0.999942601 0.010600017 -1.394443631 0.007902090 -0.010611594 0.999912441 46.855121613
0.999967217 -0.001465834 -0.007952499 0.917682767 0.001549783 0.999942958 0.010560438 -1.402811646 0.007936565 -0.010572417 0.999912620 47.383251190
0.999965370 -0.001660639 -0.008155432 0.930762529 0.001748783 0.999939978 0.010812694 -1.418409467 0.008136988 -0.010826580 0.999908209 47.909729004
0.999960899 -0.001871535 -0.008635774 0.946136236 0.001965741 0.999938488 0.010913229 -1.432591796 0.008614819 -0.010929778 0.999903142 48.434570312
0.999962628 -0.001747554 -0.008465908 0.952265263 0.001839440 0.999939382 0.010858054 -1.443498135 0.008446421 -0.010873219 0.999905229 48.976966858
0.999962926 -0.001532832 -0.008475082 0.954793215 0.001624054 0.999940693 0.010767072 -1.451113224 0.008458075 -0.010780436 0.999906123 49.502609253
0.999964058 -0.001617539 -0.008315012 0.962056398 0.001708776 0.999938250 0.010977111 -1.467028618 0.008296741 -0.010990924 0.999905169 50.019878387
0.999968290 -0.000939424 -0.007903817 0.957036853 0.001027551 0.999937236 0.011153261 -1.473773956 0.007892842 -0.011161028 0.999906540 50.547195435
0.999966323 -0.001252119 -0.008110909 0.964881778 0.001343352 0.999935806 0.011252518 -1.483130813 0.008096298 -0.011263034 0.999903798 51.077697754
0.999967515 -0.001042199 -0.007994512 0.962407231 0.001135237 0.999931574 0.011642126 -1.501198769 0.007981831 -0.011650824 0.999900281 51.581142426
0.999965191 -0.001443365 -0.008218753 0.977115512 0.001539883 0.999929786 0.011749485 -1.511298299 0.008201218 -0.011761732 0.999897122 52.106834412
0.999961853 -0.002073983 -0.008492459 0.983718157 0.002175709 0.999925792 0.011986645 -1.523888946 0.008466969 -0.012004665 0.999892116 52.638866425
0.999965250 -0.002037839 -0.008097357 0.969662070 0.002131208 0.999931157 0.011538968 -1.540943384 0.008073285 -0.011555824 0.999900579 53.131404877
0.999976933 -0.000523148 -0.006774803 0.908627391 0.000609336 0.999918878 0.012726172 -1.569722414 0.006767594 -0.012730008 0.999896109 53.651519775
0.999975085 0.000140208 -0.007061109 0.979875207 -0.000060590 0.999936461 0.011274487 -1.562282324 0.007062241 -0.011273778 0.999911487 54.170951843
0.999973118 -0.000553387 -0.007316696 0.936068773 0.000637457 0.999933779 0.011492878 -1.557175040 0.007309853 -0.011497232 0.999907196 54.841457367
0.999974608 0.000132596 -0.007128856 0.984329939 -0.000051100 0.999934673 0.011430789 -1.583235979 0.007129907 -0.011430134 0.999909222 55.258571625
0.999973834 -0.000137004 -0.007248403 1.018896699 0.000217791 0.999937892 0.011145880 -1.586525679 0.007246425 -0.011147167 0.999911547 55.746181488
0.999972045 -0.000217310 -0.007469778 1.013556957 0.000301388 0.999936581 0.011256424 -1.586649656 0.007466857 -0.011258361 0.999908745 56.184772491
0.999970794 0.000235291 -0.007643073 1.029517651 -0.000143090 0.999927282 0.012061629 -1.602634192 0.007645354 -0.012060182 0.999898016 56.847721100
0.999970376 -0.000408805 -0.007679305 1.038046479 0.000494813 0.999937117 0.011201356 -1.610250473 0.007674244 -0.011204823 0.999907732 57.233947754
0.999971747 -0.000192871 -0.007507917 1.044079304 0.000278074 0.999935567 0.011348975 -1.622238159 0.007505245 -0.011350743 0.999907374 57.756111145
0.999974012 0.000220152 -0.007198260 1.043249130 -0.000139768 0.999937654 0.011165773 -1.628318787 0.007200270 -0.011164480 0.999911726 58.274883270
0.999975026 0.000045633 -0.007066398 1.048198223 0.000036234 0.999932885 0.011584860 -1.644716263 0.007066453 -0.011584828 0.999907911 58.809799194
0.999972939 -0.000292798 -0.007353668 1.064516783 0.000377590 0.999933422 0.011531783 -1.649962902 0.007349803 -0.011534249 0.999906480 59.324928284
0.999976814 0.000353996 -0.006810515 1.085264564 -0.000273291 0.999929845 0.011847422 -1.665540695 0.006814231 -0.011845285 0.999906600 59.902038574
0.999971688 -0.000532916 -0.007508398 1.092641115 0.000619788 0.999932766 0.011572359 -1.672400355 0.007501727 -0.011576686 0.999904811 60.413105011
0.999962568 -0.000836676 -0.008611104 1.170664549 0.000944553 0.999920964 0.012531132 -1.718305230 0.008599940 -0.012538796 0.999884367 60.876914978
0.999963820 -0.000158258 -0.008515354 1.233787775 0.000262388 0.999925196 0.012228840 -1.695183516 0.008512784 -0.012230632 0.999888957 61.310958862
0.999961376 0.001204697 -0.008703574 1.276596785 -0.001103128 0.999931335 0.011665262 -1.668082952 0.008717028 -0.011655209 0.999894083 61.766578674
0.999966681 0.000003836 -0.008156910 1.168805838 0.000102552 0.999914944 0.013042172 -1.770829439 0.008156265 -0.013042574 0.999881744 62.144355774
0.999959588 -0.001016250 -0.008938568 1.194623828 0.001126265 0.999923527 0.012311473 -1.762922049 0.008925372 -0.012321042 0.999884307 62.721187592
0.999968469 0.001031387 -0.007873958 1.196518183 -0.000931620 0.999919355 0.012663586 -1.783034563 0.007886385 -0.012655850 0.999888778 63.272045135
0.999973118 0.001799357 -0.007098771 1.205278039 -0.001711177 0.999921560 0.012408377 -1.792502284 0.007120539 -0.012395899 0.999897838 63.814418793
0.999968529 0.000188595 -0.007931382 1.218410492 -0.000087676 0.999919057 0.012722380 -1.806335330 0.007933140 -0.012721287 0.999887586 64.379066467
0.999969006 0.001636276 -0.007702045 1.233580828 -0.001546072 0.999930322 0.011703127 -1.776000261 0.007720658 -0.011690859 0.999901831 64.868614197
0.999974728 0.001203742 -0.007008121 1.184660196 -0.001114589 0.999918580 0.012711351 -1.822657704 0.007022854 -0.012703218 0.999894619 65.253723145
0.999975979 0.002158016 -0.006588779 1.180957794 -0.002077234 0.999922872 0.012242913 -1.815012217 0.006614694 -0.012228933 0.999903381 65.931999207
0.999974132 0.001771541 -0.006962628 1.224517584 -0.001683246 0.999918342 0.012666726 -1.849200487 0.006984496 -0.012654679 0.999895513 66.257957458
0.999974728 0.001829353 -0.006867092 1.239217639 -0.001745112 0.999923348 0.012253301 -1.864884615 0.006888980 -0.012241007 0.999901295 66.792953491
0.999971688 0.001153775 -0.007430425 1.253185034 -0.001063300 0.999925315 0.012168745 -1.863772154 0.007443910 -0.012160500 0.999898314 67.330528259
0.999971449 0.001561370 -0.007392858 1.259224057 -0.001467439 0.999918342 0.012694143 -1.885055304 0.007412073 -0.012682932 0.999892056 67.743095398
0.999969900 0.001462953 -0.007614078 1.273890018 -0.001366850 0.999919474 0.012611676 -1.897224188 0.007631915 -0.012600888 0.999891460 68.269340515
0.999968052 0.001143105 -0.007912394 1.281524539 -0.001042337 0.999918342 0.012727878 -1.904476881 0.007926299 -0.012719222 0.999887645 68.800064087
0.999971092 0.001024087 -0.007530622 1.295239210 -0.000927077 0.999916613 0.012874327 -1.929121375 0.007543180 -0.012866976 0.999888718 69.339164734
0.999971271 0.001178626 -0.007484334 1.304917097 -0.001081286 0.999914944 0.012996557 -1.938492298 0.007499015 -0.012988091 0.999887526 69.867485046
0.999971151 0.000984504 -0.007532540 1.307135582 -0.000889181 0.999919593 0.012647665 -1.947681904 0.007544385 -0.012640601 0.999891579 70.404632568
0.999972284 0.001443949 -0.007311400 1.321065426 -0.001353641 0.999922812 0.012341589 -1.957976341 0.007328657 -0.012331349 0.999897063 70.944572449
0.999972820 0.001785816 -0.007155023 1.318667412 -0.001696843 0.999921381 0.012421872 -1.967591166 0.007176644 -0.012409393 0.999897242 71.461578369
0.999972641 0.001383645 -0.007264751 1.331014395 -0.001291992 0.999919713 0.012605699 -1.976955652 0.007281608 -0.012595969 0.999894083 72.008247375
0.999975204 0.001837983 -0.006790630 1.334765196 -0.001752843 0.999920011 0.012522548 -1.987006903 0.006813103 -0.012510333 0.999898434 72.560508728
0.999974966 0.001714598 -0.006861996 1.335701108 -0.001628443 0.999920011 0.012541178 -1.998129725 0.006882951 -0.012529691 0.999897778 73.114662170
0.999972403 0.000813315 -0.007382741 1.358699799 -0.000721013 0.999921679 0.012496538 -2.008778095 0.007392326 -0.012490869 0.999894679 73.647071838
0.999972701 0.001191599 -0.007291643 1.373395205 -0.001100178 0.999920964 0.012529016 -2.019325972 0.007305996 -0.012520651 0.999894917 74.172576904
0.999973416 0.001399300 -0.007159218 1.385690570 -0.001308223 0.999918282 0.012710580 -2.032967567 0.007176418 -0.012700875 0.999893606 74.705291748
0.999974549 0.001598442 -0.006945658 1.384495378 -0.001512257 0.999922037 0.012396031 -2.036811829 0.006964930 -0.012385213 0.999899030 75.240921021
0.999971092 0.002253759 -0.007261380 1.417503834 -0.002158891 0.999912560 0.013046311 -2.062285423 0.007290148 -0.013030258 0.999888539 75.729751587
0.999971986 0.002431672 -0.007082159 1.427351475 -0.002341603 0.999916553 0.012698309 -2.071522236 0.007112445 -0.012681369 0.999894321 76.285575867
0.999972582 0.001457064 -0.007264052 1.443330288 -0.001362927 0.999915242 0.012947482 -2.080333710 0.007282302 -0.012937224 0.999889791 76.820602417
0.999973059 0.002270266 -0.006980871 1.444222450 -0.002181574 0.999917090 0.012686457 -2.089212894 0.007009095 -0.012670886 0.999895096 77.365875244
0.999973476 0.002396680 -0.006880222 1.454500198 -0.002310304 0.999918699 0.012534837 -2.096081257 0.006909706 -0.012518610 0.999897778 77.929039001
0.999981284 0.002058318 -0.005763181 1.474099755 -0.001984945 0.999917209 0.012708109 -2.109461308 0.005788861 -0.012696433 0.999902606 78.473106384
0.999987304 0.002154437 -0.004552174 1.490298271 -0.002096242 0.999916494 0.012750464 -2.124271154 0.004579264 -0.012740760 0.999908328 79.019309998
0.999992251 0.002436008 -0.003083291 1.503451467 -0.002395934 0.999913454 0.012934722 -2.137471676 0.003114533 -0.012927236 0.999911606 79.556350708
0.999995291 0.002276720 -0.002043698 1.510594845 -0.002250029 0.999913394 0.012968804 -2.143602371 0.002073047 -0.012964145 0.999913752 80.115005493
0.999993503 0.003122864 0.001778161 1.520614743 -0.003145676 0.999910891 0.012973689 -2.157259703 -0.001737487 -0.012979198 0.999914229 80.665321350
0.999985695 0.003001709 0.004431420 1.558097124 -0.003059910 0.999908328 0.013185851 -2.174519062 -0.004391435 -0.013199220 0.999903202 81.231529236
0.999973953 0.002056219 0.006922123 1.582040071 -0.002146069 0.999913216 0.012997761 -2.189672232 -0.006894798 -0.013012278 0.999891579 81.791603088
0.999930918 0.002834425 0.011407221 1.609353781 -0.002978925 0.999915242 0.012670455 -2.198059082 -0.011370342 -0.012703559 0.999854624 82.324722290
0.999837399 0.003963467 0.017594837 1.633279800 -0.004196370 0.999903738 0.013219919 -2.205535889 -0.017540747 -0.013291603 0.999757826 82.889572144
0.999726236 0.002262457 0.023290047 1.662349463 -0.002561314 0.999914706 0.012810121 -2.203166485 -0.023259077 -0.012866266 0.999646723 83.383728027
0.999580741 0.002236785 0.028871238 1.697665215 -0.002605398 0.999915481 0.012736198 -2.220310688 -0.028840311 -0.012806078 0.999502122 84.097206116
0.999334693 0.001959688 0.036416728 1.748371363 -0.002411913 0.999920428 0.012378275 -2.222871780 -0.036389578 -0.012457876 0.999260008 84.664871216
0.999008298 0.001480308 0.044498347 1.800056458 -0.001998778 0.999930620 0.011609219 -2.228788853 -0.044478074 -0.011686649 0.998941958 85.202926636
0.998642802 0.001792040 0.052051332 1.847842455 -0.002463082 0.999914646 0.012830652 -2.256620884 -0.052023895 -0.012941445 0.998561978 85.741294861
0.998142064 0.002013849 0.060896344 1.908339024 -0.002777412 0.999918580 0.012456673 -2.267219067 -0.060866300 -0.012602664 0.998066366 86.274383545
0.997461677 0.002188078 0.071171783 1.973755836 -0.003092931 0.999915779 0.012605943 -2.286671638 -0.071138218 -0.012794075 0.997384429 86.825706482
0.996795356 0.001612483 0.079977833 2.029440880 -0.002610697 0.999919951 0.012378136 -2.290836334 -0.079951480 -0.012547265 0.996719718 87.386528015
0.996141493 0.001466754 0.087748528 2.107147694 -0.002576520 0.999918103 0.012535198 -2.312810421 -0.087722965 -0.012712917 0.996063769 87.908569336
0.995182395 0.000822509 0.098037407 2.187441826 -0.002074021 0.999917626 0.012664436 -2.321394205 -0.098018914 -0.012806755 0.995102167 88.450454712
0.994111240 0.000475780 0.108363315 2.274062157 -0.001837589 0.999920547 0.012467545 -2.327239037 -0.108348779 -0.012593254 0.994033158 89.003372192
0.993082225 -0.000339635 0.117420390 2.360257149 -0.001083403 0.999926746 0.012055137 -2.338418007 -0.117415890 -0.012098958 0.993009090 89.545356750
0.991699219 0.000206323 0.128578931 2.452327728 -0.001795240 0.999923408 0.012241745 -2.345668316 -0.128566563 -0.012370962 0.991623640 90.096328735
0.990039766 0.000211466 0.140787780 2.553349495 -0.001942850 0.999924183 0.012160495 -2.358376503 -0.140774548 -0.012312902 0.989965022 90.638366699
0.988434672 -0.000268821 0.151646897 2.662846565 -0.001556639 0.999927878 0.011918718 -2.368448734 -0.151639178 -0.012016935 0.988362849 91.185897827
0.986904323 -0.000620285 0.161305398 2.770455360 -0.001300826 0.999929428 0.011803897 -2.372306824 -0.161301360 -0.011859147 0.986834049 91.734985352
0.984938800 -0.001457652 0.172896951 2.895171165 -0.000535348 0.999933958 0.011479907 -2.383004665 -0.172902256 -0.011399565 0.984872997 92.267959595
0.982670724 -0.001574185 0.185353041 3.020248413 -0.000587747 0.999932468 0.011608335 -2.392377138 -0.185358793 -0.011516112 0.982603431 92.803916931
0.980599344 -0.002051733 0.196011633 3.150700569 -0.000177314 0.999935508 0.011353792 -2.399383068 -0.196022242 -0.011168278 0.980535984 93.341491699
0.977857351 -0.002349991 0.209259242 3.289918900 -0.000023846 0.999935627 0.011340753 -2.411401749 -0.209272429 -0.011094630 0.977794409 93.876235962
0.974891186 -0.002483369 0.222667873 3.436262131 -0.000077617 0.999933958 0.011491884 -2.423563957 -0.222681731 -0.011220618 0.974826634 94.395797729
0.972183585 -0.002163766 0.234209985 3.588197708 -0.000484644 0.999936640 0.011249696 -2.435089588 -0.234219477 -0.011050279 0.972120941 94.929794312
0.969194233 -0.003320472 0.246275842 3.761997223 0.000521128 0.999934554 0.011431005 -2.443318129 -0.246297732 -0.010950522 0.969132364 95.507560730
0.965544105 -0.003748420 0.260212809 3.938655853 0.000693521 0.999929786 0.011830827 -2.460515976 -0.260238916 -0.011242719 0.965478778 96.018554688
0.962163091 -0.004099277 0.272443384 4.120113373 0.000840312 0.999926627 0.012077591 -2.478828907 -0.272472918 -0.011391676 0.962096035 96.525756836
0.958942890 -0.004773753 0.283558965 4.308029175 0.001351048 0.999923825 0.012264862 -2.493661165 -0.283595949 -0.011378202 0.958876371 97.039672852
0.954714477 -0.004556527 0.297488600 4.503986359 0.000957270 0.999924541 0.012243372 -2.500771523 -0.297522038 -0.011404149 0.954646826 97.576713562
0.950275600 -0.005002822 0.311370015 4.703948975 0.001228198 0.999923408 0.012317538 -2.514050007 -0.311407834 -0.011322632 0.950208902 98.091171265
0.946488500 -0.005633906 0.322688431 4.907995224 0.001781484 0.999923587 0.012232606 -2.519134045 -0.322732627 -0.011003159 0.946426213 98.621498108
0.941981673 -0.005476186 0.335619569 5.114151001 0.001329227 0.999919891 0.012584605 -2.534848452 -0.335661620 -0.011408352 0.941913545 99.131248474
0.936853409 -0.005800628 0.349674225 5.334114075 0.001544858 0.999921262 0.012448346 -2.540417194 -0.349718928 -0.011122078 0.936788678 99.649932861
0.932207108 -0.006457728 0.361867666 5.555686951 0.002008785 0.999917686 0.012669253 -2.552506924 -0.361919641 -0.011083455 0.932143390 100.158096313
0.927581310 -0.006550007 0.373563766 5.778757095 0.001960339 0.999917805 0.012664758 -2.564603329 -0.373615950 -0.011015283 0.927518070 100.666580200
0.921916604 -0.007170046 0.387321889 6.019018173 0.002563071 0.999919713 0.012409654 -2.565230370 -0.387379736 -0.010447936 0.921861053 101.172027588
0.916559398 -0.008033102 0.399817884 6.263643265 0.003303553 0.999916196 0.012517016 -2.572329998 -0.399884880 -0.010151772 0.916509151 101.657791138
0.911994696 -0.008613668 0.410111576 6.516708374 0.003957182 0.999917686 0.012201634 -2.582798243 -0.410182953 -0.009504938 0.911953747 102.149017334
0.906494558 -0.009348597 0.422113806 6.778999329 0.004461532 0.999911129 0.012563940 -2.592256784 -0.422193736 -0.009505866 0.906455755 102.640762329
0.900138497 -0.009502275 0.435500205 7.040935516 0.004636243 0.999914408 0.012234667 -2.601821899 -0.435579211 -0.008993812 0.900105476 103.118583679
0.894479573 -0.010353866 0.446988910 7.316734314 0.005377403 0.999908566 0.012400631 -2.609067917 -0.447076410 -0.008688471 0.894453526 103.610946655
0.888923228 -0.010731848 0.457930475 7.588371277 0.005637681 0.999906123 0.012489613 -2.616567135 -0.458021641 -0.008520639 0.888900220 104.082496643
0.881693065 -0.010849623 0.471698612 7.868812561 0.005755249 0.999908507 0.012241431 -2.628022671 -0.471788228 -0.008078443 0.881674886 104.543960571
0.874909222 -0.011545141 0.484149247 8.168773651 0.006211695 0.999901056 0.012618690 -2.639367580 -0.484246999 -0.008032822 0.874894440 105.015258789
