1.000000000 0.000000000 0.000000000 0.000000000 0.000000000 1.000000000 0.000000000 0.000000000 0.000000000 0.000000000 1.000000000 0.000000000
1.000000000 0.000030780 0.000015962 -0.001253747 -0.000030781 1.000000000 0.000059385 -0.000107367 -0.000015960 -0.000059385 1.000000000 -0.002801363
1.000000000 0.000097879 0.000046575 -0.001539450 -0.000097879 1.000000000 -0.000005440 -0.000508105 -0.000046576 0.000005436 1.000000000 -0.002171868
1.000000000 -0.000016249 -0.000022820 0.001463168 0.000016250 1.000000000 0.000040926 -0.000257777 0.000022819 -0.000040927 1.000000000 -0.003598270
1.000000000 -0.000107417 -0.000035247 0.001747128 0.000107419 1.000000000 0.000066408 -0.000482793 0.000035240 -0.000066412 1.000000000 -0.002134707
1.000000000 -0.000001068 0.000029656 -0.000765110 0.000001067 1.000000000 0.000030967 -0.000185243 -0.000029656 -0.000030967 1.000000000 -0.001195607
1.000000000 -0.000068133 -0.000010559 0.001240790 0.000068135 1.000000000 0.000151694 -0.000968512 0.000010548 -0.000151694 1.000000000 -0.003050753
1.000000000 -0.000035229 0.000048162 -0.001015787 0.000035225 1.000000000 0.000070927 0.000019998 -0.000048164 -0.000070925 1.000000000 0.002157507
1.000000000 0.000018416 0.000012951 0.000505128 -0.000018417 1.000000000 0.000052468 -0.000700445 -0.000012950 -0.000052468 1.000000000 -0.004974394
1.000000000 -0.000068927 0.000016204 0.000647391 0.000068926 1.000000000 0.000074059 -0.000189188 -0.000016210 -0.000074057 1.000000000 -0.004499071
1.000000000 -0.000008253 -0.000009576 0.000111710 0.000008253 1.000000000 0.000042749 -0.000431457 0.000009575 -0.000042749 1.000000000 -0.001875944
1.000000000 -0.000123678 -0.000057111 0.000507247 0.000123683 1.000000000 0.000089492 -0.001681118 0.000057100 -0.000089499 1.000000000 -0.006974244
1.000000000 -0.000063395 0.000104571 -0.000379663 0.000063385 1.000000000 0.000091133 -0.000771898 -0.000104577 -0.000091126 1.000000000 -0.002066011
1.000000000 -0.000071786 0.000064122 0.000131708 0.000071781 1.000000000 0.000078694 -0.000743670 -0.000064127 -0.000078689 1.000000000 -0.004521687
1.000000000 -0.000111107 0.000058223 -0.000058650 0.000111102 1.000000000 0.000091804 -0.000484263 -0.000058233 -0.000091798 1.000000000 -0.003258373
1.000000000 -0.000069401 0.000030457 -0.000364601 0.000069398 1.000000000 0.000109725 -0.000074548 -0.000030464 -0.000109723 1.000000000 -0.003766463
1.000000000 -0.000196612 0.000002003 -0.000466182 0.000196612 1.000000000 0.000072118 -0.000725335 -0.000002017 -0.000072118 1.000000000 -0.003700796
1.000000000 -0.000006878 -0.000037222 0.002450126 0.000006884 1.000000000 0.000170887 -0.002852720 0.000037220 -0.000170887 1.000000000 -0.009009951
0.999999940 -0.000305269 -0.000076543 0.003194281 0.000305283 0.999999940 0.000179130 -0.003611715 0.000076489 -0.000179153 1.000000000 -0.009663735
1.000000000 -0.000135648 -0.000008810 0.000445865 0.000135649 1.000000000 0.000075028 -0.000942291 0.000008800 -0.000075029 1.000000000 -0.005830352
1.000000000 -0.000118531 0.000044998 -0.000864037 0.000118525 1.000000000 0.000135385 -0.002866659 -0.000045014 -0.000135379 1.000000000 -0.003697259
1.000000000 -0.000031760 0.000093821 -0.001235163 0.000031752 1.000000000 0.000091160 -0.000416534 -0.000093824 -0.000091157 1.000000000 -0.002966799
1.000000000 -0.000091131 -0.000051279 0.002224482 0.000091141 1.000000000 0.000185962 -0.001577738 0.000051262 -0.000185967 1.000000000 -0.009421689
0.999999940 -0.000280529 -0.000020860 0.000372584 0.000280535 0.999999940 0.000260229 -0.003380040 0.000020787 -0.000260235 0.999999940 -0.006246969
1.000000000 -0.000020948 -0.000017543 0.000965926 0.000020951 1.000000000 0.000142542 -0.000891986 0.000017540 -0.000142542 1.000000000 -0.006635215
0.999999940 -0.000281284 -0.000047379 0.002567369 0.000281296 0.999999940 0.000257657 -0.001812404 0.000047306 -0.000257671 0.999999940 -0.006443714
1.000000000 -0.000131877 -0.000063456 0.001786233 0.000131885 1.000000000 0.000136793 -0.003176348 0.000063438 -0.000136802 1.000000000 -0.005995057
1.000000000 -0.000160023 0.000006861 0.000511388 0.000160022 1.000000000 0.000173610 -0.000689129 -0.000006889 -0.000173609 1.000000000 -0.002186527
1.000000000 -0.000209331 -0.000023732 -0.001003817 0.000209335 0.999999940 0.000163481 -0.000311498 0.000023698 -0.000163486 1.000000000 -0.005396927
1.000000000 -0.000206918 -0.000033224 -0.000208488 0.000206924 0.999999940 0.000172468 -0.000909594 0.000033189 -0.000172475 1.000000000 -0.002931662
1.000000000 -0.000094652 0.000053672 -0.001744225 0.000094645 1.000000000 0.000132537 -0.000240202 -0.000053685 -0.000132532 1.000000000 -0.000835434
1.000000000 -0.000097974 -0.000033715 -0.001316271 0.000097979 1.000000000 0.000148574 -0.001992947 0.000033700 -0.000148577 1.000000000 -0.005682341
1.000000000 -0.000217233 -0.000012839 0.000128730 0.000217235 0.999999940 0.000191332 -0.002779055 0.000012798 -0.000191334 1.000000000 -0.006199704
1.000000000 0.000062284 0.000058781 -0.000933095 -0.000062292 1.000000000 0.000124569 -0.000150348 -0.000058773 -0.000124572 1.000000000 -0.001593108
1.000000000 -0.000137925 0.000005856 -0.000168089 0.000137924 1.000000000 0.000089442 -0.000687263 -0.000005868 -0.000089441 1.000000000 -0.002414295
1.000000000 -0.000161896 -0.000009808 -0.000592956 0.000161897 1.000000000 0.000070635 -0.001349677 0.000009797 -0.000070636 1.000000000 -0.004342860
1.000000000 -0.000187198 -0.000008793 0.001777866 0.000187200 1.000000000 0.000137759 -0.001669217 0.000008767 -0.000137761 1.000000000 -0.009321883
0.999999940 -0.000252782 -0.000056922 0.000669105 0.000252790 0.999999940 0.000139461 -0.000729121 0.000056886 -0.000139476 1.000000000 -0.006684383
1.000000000 -0.000145004 -0.000030208 -0.000108913 0.000145010 0.999999940 0.000208691 -0.000694427 0.000030178 -0.000208695 1.000000000 -0.006423683
0.999999940 -0.000326212 -0.000124874 0.003091719 0.000326241 0.999999940 0.000230535 -0.004220218 0.000124799 -0.000230576 0.999999940 -0.007061445
1.000000000 -0.000189036 -0.000119251 0.006527333 0.000188989 0.999999881 -0.000399514 -0.008260657 0.000119326 0.000399491 0.999999940 0.042700890
0.999999940 -0.000282837 -0.000078293 0.007069723 0.000282755 0.999999404 -0.001043903 -0.006637885 0.000078588 0.001043881 0.999999464 0.140915096
1.000000000 -0.000242521 -0.000019679 0.004354534 0.000242494 0.999999046 -0.001345207 -0.012671432 0.000020005 0.001345202 0.999999106 0.258771777
0.999999940 -0.000306557 0.000092367 0.005167889 0.000306661 0.999999344 -0.001124894 -0.019191885 -0.000092022 0.001124922 0.999999344 0.389142364
1.000000000 0.000115251 -0.000058421 0.012420796 -0.000115307 0.999999523 -0.000960466 -0.024167642 0.000058311 0.000960473 0.999999523 0.533473492
1.000000000 0.000018255 0.000058426 0.012534806 -0.000018215 0.999999762 -0.000675925 -0.027458744 -0.000058438 0.000675924 0.999999762 0.685506701
1.000000000 -0.000162680 -0.000065460 0.022950336 0.000162654 0.999999881 -0.000401248 -0.032827854 0.000065526 0.000401237 0.999999881 0.855930448
1.000000000 -0.000182988 -0.000033851 0.015284957 0.000182983 1.000000000 -0.000141585 -0.039533492 0.000033876 0.000141579 1.000000000 1.013732791
1.000000000 0.000007389 0.000183298 0.016783359 -0.000007344 1.000000000 -0.000242805 -0.041880503 -0.000183299 0.000242804 1.000000000 1.189355135
1.000000000 -0.000055338 0.000254161 0.016781798 0.000055292 1.000000000 0.000180958 -0.053088967 -0.000254171 -0.000180944 0.999999940 1.378063321
0.999999881 0.000272490 0.000461593 0.013733742 -0.000272776 0.999999702 0.000620344 -0.068691358 -0.000461424 -0.000620469 0.999999702 1.564487457
0.999999821 -0.000156949 0.000546491 0.022207653 0.000156545 0.999999702 0.000737573 -0.073040389 -0.000546607 -0.000737488 0.999999583 1.755577564
0.999999583 0.000725324 0.000579213 0.026541715 -0.000725664 0.999999583 0.000587696 -0.078449301 -0.000578787 -0.000588115 0.999999642 1.970932484
0.999999523 0.000841680 0.000568086 0.032183573 -0.000841873 0.999999583 0.000341131 -0.081039220 -0.000567799 -0.000341609 0.999999762 2.201703548
0.999999821 0.000247966 0.000393124 0.040140584 -0.000248319 0.999999523 0.000897558 -0.088351108 -0.000392901 -0.000897656 0.999999523 2.394105434
0.999999702 0.000556804 0.000534173 0.043032974 -0.000557301 0.999999464 0.000930701 -0.095702551 -0.000533654 -0.000930998 0.999999464 2.626714230
0.999999642 0.000534258 0.000645115 0.045446716 -0.000534820 0.999999464 0.000871212 -0.107842334 -0.000644649 -0.000871557 0.999999404 2.848976851
0.999999583 0.000703016 0.000595510 0.054497164 -0.000703634 0.999999225 0.001038524 -0.113846242 -0.000594779 -0.001038943 0.999999225 3.087772131
0.999999344 0.000845287 0.000785396 0.049836628 -0.000845886 0.999999344 0.000762638 -0.117080756 -0.000784751 -0.000763302 0.999999404 3.315347195
0.999998927 0.001111697 0.000921752 0.051423073 -0.001112479 0.999999046 0.000848257 -0.120784685 -0.000920808 -0.000849282 0.999999166 3.565155506
0.999999642 0.000669860 0.000516164 0.070060037 -0.000670440 0.999999166 0.001124082 -0.133443460 -0.000515411 -0.001124427 0.999999225 3.826014996
0.999999702 0.000441933 0.000674719 0.075366251 -0.000442725 0.999999225 0.001174765 -0.140652269 -0.000674199 -0.001175063 0.999999046 4.083746433
0.999999464 0.000700359 0.000790605 0.073685519 -0.000701322 0.999998987 0.001217679 -0.139531001 -0.000789751 -0.001218232 0.999998868 4.344478130
0.999999702 0.000200118 0.000756711 0.085128270 -0.000201386 0.999998569 0.001676212 -0.160505474 -0.000756374 -0.001676364 0.999998331 4.592244148
0.999999225 0.000445138 0.001165007 0.085028790 -0.000446990 0.999998569 0.001590134 -0.166413754 -0.001164298 -0.001590654 0.999998093 4.854000092
0.999998987 0.000604130 0.001282231 0.092075080 -0.000606111 0.999998689 0.001545605 -0.173562869 -0.001281295 -0.001546381 0.999997973 5.107937336
0.999999702 0.000352435 0.000684105 0.104103975 -0.000353849 0.999997795 0.002068919 -0.191691145 -0.000683374 -0.002069161 0.999997616 5.372458458
0.999999642 0.000399859 0.000765359 0.107602067 -0.000401256 0.999998271 0.001826151 -0.197488427 -0.000764627 -0.001826457 0.999998033 5.638141155
0.999999464 0.000543062 0.000783771 0.109945051 -0.000544582 0.999997973 0.001939740 -0.206956849 -0.000782716 -0.001940166 0.999997735 5.915805340
0.999999225 0.000470564 0.001063964 0.113871872 -0.000472898 0.999997497 0.002194890 -0.219676480 -0.001062929 -0.002195391 0.999996960 6.175252914
0.999998748 0.000894066 0.001291569 0.121082991 -0.000897027 0.999996960 0.002293638 -0.223677635 -0.001289515 -0.002294794 0.999996483 6.468355179
0.999999225 0.000629358 0.001002616 0.122073293 -0.000631203 0.999998033 0.001841545 -0.226073787 -0.001001455 -0.001842177 0.999997795 6.767756939
0.999999702 0.000168374 0.000724907 0.134412676 -0.000169791 0.999998033 0.001954495 -0.235383362 -0.000724577 -0.001954617 0.999997854 7.056766510
0.999999642 0.000463774 0.000725405 0.142365500 -0.000465208 0.999997914 0.001976954 -0.246588632 -0.000724487 -0.001977290 0.999997795 7.370241165
0.999999583 0.000464689 0.000820795 0.149355680 -0.000466292 0.999997973 0.001953668 -0.260285079 -0.000819886 -0.001954050 0.999997795 7.675662041
0.999999762 -0.000065038 0.000698610 0.160855696 0.000063430 0.999997377 0.002301745 -0.271263242 -0.000698757 -0.002301700 0.999997079 7.990175724
0.999999702 0.000346043 0.000700281 0.169903517 -0.000347756 0.999996901 0.002447976 -0.283635229 -0.000699432 -0.002448218 0.999996722 8.299384117
0.999998629 0.001137225 0.001219019 0.169677049 -0.001140045 0.999996781 0.002315304 -0.289265662 -0.001216382 -0.002316691 0.999996603 8.636284828
0.999998808 0.001000878 0.001237646 0.175574735 -0.001004276 0.999995768 0.002747764 -0.302290678 -0.001234891 -0.002749003 0.999995470 8.964070320
0.999997973 0.001077729 0.001690728 0.180936173 -0.001082311 0.999995768 0.002711714 -0.310427845 -0.001687799 -0.002713539 0.999994934 9.300863266
0.999999523 0.000035954 0.000982509 0.191939250 -0.000038716 0.999996006 0.002811473 -0.323460490 -0.000982404 -0.002811510 0.999995589 9.640179634
0.999999583 -0.000142721 0.000888401 0.206259102 0.000140307 0.999996245 0.002716583 -0.330844194 -0.000888786 -0.002716457 0.999995887 9.993872643
0.999999106 0.000237790 0.001266226 0.211787373 -0.000240937 0.999996841 0.002485542 -0.341825873 -0.001265631 -0.002485845 0.999996126 10.347669601
0.999999464 0.000403088 0.000979049 0.225288242 -0.000406072 0.999995291 0.003048892 -0.363524914 -0.000977815 -0.003049288 0.999994874 10.702107430
0.999999583 -0.000016571 0.000952826 0.231680363 0.000013656 0.999995351 0.003059177 -0.369931400 -0.000952872 -0.003059163 0.999994874 11.086179733
0.999999285 0.000077617 0.001118926 0.241785273 -0.000081107 0.999995112 0.003119161 -0.385650486 -0.001118679 -0.003119250 0.999994457 11.458230972
0.999999642 0.000141188 0.000953710 0.251984298 -0.000144246 0.999994874 0.003207108 -0.391677082 -0.000953252 -0.003207245 0.999994397 11.837974548
0.999999523 0.000093646 0.000940917 0.262335300 -0.000096748 0.999994576 0.003297894 -0.404566616 -0.000940603 -0.003297984 0.999994099 12.209801674
0.999999464 -0.000246784 0.000992830 0.265939653 0.000243409 0.999994218 0.003397986 -0.419272810 -0.000993663 -0.003397742 0.999993742 12.608849525
0.999999225 0.000103887 0.001278082 0.273712963 -0.000108202 0.999994278 0.003376726 -0.425241530 -0.001277724 -0.003376861 0.999993563 12.994264603
0.999999583 -0.000249613 0.000838093 0.296836406 0.000246709 0.999993980 0.003464147 -0.443952054 -0.000838953 -0.003463939 0.999993682 13.396305084
0.999999225 0.000060346 0.001263507 0.297403693 -0.000065544 0.999991477 0.004114536 -0.476771712 -0.001263247 -0.004114614 0.999990761 13.795379639
0.999998510 0.000153749 0.001749643 0.306235373 -0.000160674 0.999992132 0.003958403 -0.486720949 -0.001749020 -0.003958677 0.999990582 14.217284203
0.999998331 -0.000159480 0.001872089 0.311551958 0.000151171 0.999990106 0.004437658 -0.503879249 -0.001872779 -0.004437367 0.999988317 14.639332771
0.999997854 0.000001155 0.002053619 0.324848503 -0.000010844 0.999988854 0.004718072 -0.518734634 -0.002053590 -0.004718085 0.999986708 15.041851044
0.999997377 0.000208458 0.002287297 0.329222202 -0.000219747 0.999987781 0.004936339 -0.524429560 -0.002286240 -0.004936829 0.999985158 15.505584717
0.999996603 0.000288570 0.002625386 0.349941850 -0.000301480 0.999987841 0.004918212 -0.553856373 -0.002623935 -0.004918986 0.999984443 15.926471710
0.999995947 0.000427015 0.002812128 0.363127232 -0.000440626 0.999988139 0.004841441 -0.564201891 -0.002810027 -0.004842660 0.999984324 16.367294312
0.999995649 0.000205523 0.002928098 0.373231202 -0.000220475 0.999986887 0.005107158 -0.580314159 -0.002927010 -0.005107782 0.999982715 16.801055908
0.999994040 0.000353015 0.003474025 0.384256124 -0.000370545 0.999987304 0.005046682 -0.591872513 -0.003472200 -0.005047940 0.999981165 17.251386642
0.999993086 0.000571711 0.003687779 0.393393546 -0.000589995 0.999987543 0.004958925 -0.604118824 -0.003684898 -0.004961065 0.999980867 17.709598541
0.999992371 0.000299352 0.003902344 0.406864107 -0.000320746 0.999984920 0.005482763 -0.621402085 -0.003900644 -0.005483971 0.999977291 18.170310974
0.999987543 0.001249186 0.004828974 0.416037381 -0.001273581 0.999986410 0.005051926 -0.626539528 -0.004822597 -0.005058012 0.999975562 18.641138077
0.999988198 0.000285765 0.004856452 0.430493951 -0.000310867 0.999986529 0.005168619 -0.641089916 -0.004854910 -0.005170067 0.999974787 19.114776611
0.999991477 -0.000109437 0.004134399 0.453070611 0.000086157 0.999984086 0.005630618 -0.666613579 -0.004134950 -0.005630214 0.999975562 19.550296783
0.999989331 0.000974332 0.004524152 0.462673962 -0.001000784 0.999982417 0.005848321 -0.681994438 -0.004518374 -0.005852786 0.999972641 20.016439438
0.999988496 0.000228214 0.004787272 0.466562569 -0.000257940 0.999980688 0.006209596 -0.694788814 -0.004785762 -0.006210761 0.999969184 20.524171829
0.999990463 -0.000230772 0.004359602 0.481193721 0.000203278 0.999980092 0.006306092 -0.709233046 -0.004360970 -0.006305147 0.999970555 21.018264771
0.999993324 0.000279651 0.003655106 0.486258954 -0.000301860 0.999981523 0.006077053 -0.711471915 -0.003653338 -0.006078116 0.999974847 21.540843964
0.999990642 0.000818735 0.004251293 0.495389014 -0.000848734 0.999974728 0.007059524 -0.747735858 -0.004245406 -0.007063067 0.999966025 22.027624130
0.999994457 0.000232031 0.003329758 0.530455947 -0.000255729 0.999974608 0.007118260 -0.760242283 -0.003328022 -0.007119074 0.999969125 22.532295227
0.999996543 0.000346146 0.002634625 0.538004398 -0.000365394 0.999973238 0.007308951 -0.773701370 -0.002632024 -0.007309888 0.999969840 23.040313721
0.999998748 -0.000497830 0.001490764 0.559311628 0.000487525 0.999975979 0.006904854 -0.781791449 -0.001494166 -0.006904120 0.999975026 23.561977386
0.999998271 -0.001638362 0.000863481 0.579061747 0.001632536 0.999976158 0.006705630 -0.793516457 -0.000874447 -0.006704209 0.999977171 24.087030411
0.999999702 -0.000523747 0.000569980 0.586616278 0.000519912 0.999977350 0.006707821 -0.804122388 -0.000573481 -0.006707522 0.999977291 24.616516113
0.999999940 -0.000238045 -0.000090712 0.597870648 0.000238669 0.999975801 0.006940502 -0.814702451 0.000089058 -0.006940523 0.999975920 25.150651932
0.999999583 -0.000230296 -0.000852862 0.605148554 0.000236176 0.999976099 0.006901499 -0.823335052 0.000851252 -0.006901699 0.999975741 25.679264069
0.999999583 0.000011345 -0.001049437 0.619261622 -0.000004171 0.999976635 0.006835654 -0.838095307 0.001049490 -0.006835646 0.999976099 26.223367691
0.999999106 -0.000227451 -0.001296422 0.626426339 0.000237247 0.999971390 0.007561855 -0.849925280 0.001294664 -0.007562156 0.999970555 26.767541885
0.999998391 -0.000470088 -0.001742707 0.637064219 0.000483327 0.999970973 0.007603975 -0.866318822 0.001739082 -0.007604805 0.999969482 27.309755325
0.999997973 0.000598877 -0.001891277 0.652916789 -0.000584418 0.999970675 0.007636098 -0.887723505 0.001895794 -0.007634978 0.999969065 27.852073669
0.999996483 0.000025573 -0.002652565 0.662796259 -0.000004923 0.999969721 0.007784737 -0.896263957 0.002652683 -0.007784696 0.999966204 28.402822495
0.999994874 0.000269709 -0.003185292 0.677531540 -0.000246049 0.999972403 0.007426059 -0.905853033 0.003187207 -0.007425239 0.999967277 28.950901031
0.999993742 0.000256582 -0.003524651 0.687415421 -0.000230431 0.999972403 0.007418141 -0.918116927 0.003526457 -0.007417284 0.999966264 29.492115021
0.999992430 -0.000205463 -0.003879619 0.691887140 0.000235123 0.999970675 0.007645973 -0.930120826 0.003877936 -0.007646827 0.999963224 30.041101456
0.999992728 0.001007643 -0.003664773 0.697790325 -0.000982535 0.999976099 0.006846508 -0.936941981 0.003671585 -0.006842859 0.999969780 30.574182510
0.999991834 0.001003822 -0.003907548 0.705333531 -0.000976115 0.999974430 0.007085897 -0.946980953 0.003914561 -0.007082025 0.999967277 31.112098694
0.999990046 0.001203440 -0.004290561 0.725556970 -0.001171775 0.999972105 0.007374915 -0.967165351 0.004299317 -0.007369813 0.999963582 31.601144791
0.999990761 0.001120009 -0.004150957 0.735061169 -0.001090114 0.999973536 0.007197374 -0.980120301 0.004158908 -0.007192781 0.999965489 32.148498535
0.999990761 0.001764830 -0.003914175 0.731271029 -0.001738515 0.999975920 0.006716280 -0.974936962 0.003925933 -0.006709413 0.999969721 32.637256622
0.999988437 0.001196129 -0.004668491 0.737622976 -0.001162872 0.999974012 0.007119957 -0.996044755 0.004676885 -0.007114446 0.999963701 33.212924957
0.999987960 0.002464563 -0.004247397 0.728317618 -0.002435573 0.999973774 0.006817011 -1.004788637 0.004264087 -0.006806584 0.999967754 33.694766998
0.999987483 0.002752432 -0.004177642 0.730791569 -0.002720113 0.999966383 0.007722195 -1.029777050 0.004198757 -0.007710734 0.999961436 34.241237640
0.999988675 0.002447288 -0.004090836 0.723560214 -0.002418146 0.999971747 0.007113713 -1.026038170 0.004108131 -0.007103740 0.999966323 34.746276855
0.999986172 0.001936970 -0.004874644 0.751269877 -0.001901457 0.999971688 0.007279242 -1.044381142 0.004888606 -0.007269873 0.999961615 35.287670135
0.999986351 0.001599058 -0.004981347 0.748365760 -0.001566494 0.999977350 0.006534118 -1.033755302 0.004991683 -0.006526226 0.999966264 35.888538361
0.999985754 0.002751794 -0.004552450 0.745119750 -0.002716274 0.999965906 0.007790210 -1.081061721 0.004573732 -0.007777735 0.999959290 36.336608887
0.999986887 0.002215180 -0.004605109 0.728810549 -0.002178499 0.999965966 0.007955040 -1.095846176 0.004622574 -0.007944903 0.999957740 36.844806671
0.999985039 0.002051264 -0.005059235 0.743448317 -0.002012018 0.999967992 0.007750185 -1.109203696 0.005074970 -0.007739890 0.999957144 37.395057678
0.999982417 0.002869093 -0.005200369 0.766916037 -0.002835772 0.999975443 0.006403436 -1.074740171 0.005218613 -0.006388576 0.999965966 37.939147949
0.999982595 0.003257002 -0.004916389 0.763461471 -0.003222915 0.999970794 0.006925505 -1.119479656 0.004938802 -0.006909539 0.999963880 38.494255066
0.999983013 0.003329747 -0.004775860 0.814661920 -0.003296460 0.999970376 0.006960978 -1.115554810 0.004798896 -0.006945117 0.999964356 38.933155060
0.999980628 0.002644507 -0.005631235 0.834100604 -0.002603049 0.999969542 0.007356714 -1.164020061 0.005650518 -0.007341913 0.999957085 39.589981079
0.999975383 0.003665420 -0.005991339 0.848945916 -0.003631709 0.999977529 0.005627892 -1.114775062 0.006011833 -0.005605993 0.999966264 40.111457825
0.999976754 0.002847968 -0.006194990 0.871247172 -0.002801139 0.999967515 0.007554815 -1.202834725 0.006216304 -0.007537288 0.999952257 40.669708252
0.999977767 0.002881209 -0.006002021 0.864878178 -0.002838987 0.999971271 0.007031181 -1.199108124 0.006022108 -0.007013986 0.999957263 41.207546234
0.999974251 0.002757663 -0.006619762 0.886702776 -0.002710205 0.999970615 0.007167440 -1.209446192 0.006639333 -0.007149316 0.999952435 41.751316071
0.999977410 0.002894694 -0.006059934 0.886224866 -0.002850253 0.999969065 0.007329518 -1.222795606 0.006080963 -0.007312080 0.999954760 42.267456055
0.999974370 0.002703035 -0.006626638 0.901846111 -0.002650499 0.999965072 0.007923828 -1.246467471 0.006647825 -0.007906061 0.999946654 42.813671112
0.999975026 0.002726548 -0.006512426 0.912230432 -0.002675499 0.999965727 0.007834708 -1.258200645 0.006533564 -0.007817090 0.999948025 43.355888367
0.999975383 0.002084886 -0.006701280 0.917196751 -0.002030371 0.999964893 0.008131523 -1.274259210 0.006717998 -0.008117718 0.999944448 43.880786896
0.999974728 0.002064972 -0.006800211 0.929529786 -0.002012586 0.999968290 0.007701451 -1.278232336 0.006815898 -0.007687571 0.999947250 44.420524597
0.999975264 0.001932713 -0.006765251 0.934617519 -0.001881074 0.999969125 0.007631024 -1.292254210 0.006779790 -0.007618109 0.999947965 44.952205658
0.999974728 0.002082127 -0.006792300 0.941850305 -0.002029114 0.999967515 0.007802378 -1.299805999 0.006808324 -0.007788399 0.999946475 45.490966797
0.999974310 0.002342880 -0.006775809 0.958321393 -0.002291350 0.999968469 0.007602781 -1.316773415 0.006793408 -0.007587059 0.999948144 46.023704529
0.999973178 0.002582789 -0.006859221 0.968783736 -0.002528935 0.999966085 0.007848423 -1.333992958 0.006879259 -0.007830866 0.999945700 46.569572449
0.999973476 0.002390765 -0.006869483 0.964827836 -0.002339603 0.999969482 0.007446066 -1.332454205 0.006887075 -0.007429799 0.999948621 47.079471588
0.999971926 0.002970385 -0.006878793 0.997675657 -0.002912894 0.999960899 0.008352667 -1.351466417 0.006903335 -0.008332395 0.999941409 47.627765656
0.999974847 0.002082518 -0.006772608 0.970609486 -0.002029167 0.999966919 0.007874814 -1.362779856 0.006788783 -0.007860873 0.999946058 48.141304016
0.999970675 0.002449648 -0.007253450 0.984369874 -0.002392659 0.999966264 0.007855101 -1.376210928 0.007272448 -0.007837516 0.999942780 48.672515869
0.999972820 0.002286274 -0.007002914 0.995732665 -0.002230716 0.999966025 0.007931131 -1.388907909 0.007020808 -0.007915293 0.999944031 49.211460114
0.999971628 0.002278198 -0.007181655 1.003009915 -0.002221257 0.999966145 0.007926728 -1.395612717 0.007199470 -0.007910550 0.999942780 49.742843628
0.999973118 0.002343243 -0.006946350 1.003862381 -0.002289933 0.999968052 0.007672495 -1.406991720 0.006964107 -0.007656384 0.999946415 50.271511078
0.999972224 0.002718393 -0.006929401 1.009016275 -0.002662813 0.999964297 0.008017533 -1.420786738 0.006950948 -0.007998860 0.999943852 50.796077728
0.999971271 0.002722567 -0.007075460 1.017903686 -0.002663863 0.999962091 0.008293042 -1.430027604 0.007097772 -0.008273957 0.999940574 51.325603485
0.999972761 0.002563274 -0.006914873 1.019768834 -0.002506885 0.999963641 0.008151197 -1.445508242 0.006935514 -0.008133640 0.999942899 51.826889038
0.999972045 0.002469763 -0.007057528 1.028780460 -0.002413470 0.999965310 0.007973786 -1.453787804 0.007076976 -0.007956531 0.999943316 52.365600586
0.999971688 0.002625076 -0.007042667 1.037914276 -0.002568062 0.999963939 0.008092462 -1.472465038 0.007063658 -0.008074147 0.999942482 52.897861481
0.999972582 0.003252245 -0.006644033 1.033057570 -0.003198544 0.999962270 0.008077397 -1.488766909 0.006670052 -0.008055925 0.999945343 53.419330597
0.999975562 0.003979343 -0.005746707 0.998836279 -0.003929915 0.999955416 0.008587029 -1.515149832 0.005780624 -0.008564236 0.999946713 53.948951721
0.999974668 0.002429791 -0.006686679 1.047638774 -0.002374022 0.999962449 0.008335773 -1.519762754 0.006706682 -0.008319688 0.999942899 54.435039520
0.999967992 0.003462488 -0.007208062 1.059610605 -0.003405036 0.999962449 0.007967563 -1.525236011 0.007235379 -0.007942764 0.999942303 55.104896545
0.999969959 0.002064208 -0.007460988 1.064254999 -0.002001005 0.999962211 0.008468618 -1.542287588 0.007478186 -0.008453434 0.999936283 55.534065247
0.999971747 0.002786438 -0.006984839 1.073204875 -0.002727204 0.999960423 0.008475746 -1.550802946 0.007008179 -0.008456457 0.999939680 55.996364594
0.999972403 0.001478648 -0.007279445 1.087949872 -0.001418810 0.999965250 0.008218418 -1.544145584 0.007291345 -0.008207863 0.999939740 56.458076477
0.999969661 0.002622364 -0.007340027 1.103657484 -0.002565398 0.999966621 0.007759711 -1.539037347 0.007360130 -0.007740646 0.999942899 57.164062500
0.999975324 0.002045195 -0.006717656 1.092029929 -0.001990402 0.999964774 0.008153163 -1.574531794 0.006734093 -0.008139593 0.999944150 57.468238831
0.999973655 0.002078818 -0.006957659 1.106538773 -0.002022940 0.999965727 0.008028634 -1.584251165 0.006974110 -0.008014346 0.999943554 57.983039856
0.999973059 0.001766564 -0.007122050 1.114827871 -0.001710253 0.999967277 0.007905015 -1.595931888 0.007135783 -0.007892622 0.999943376 58.509429932
0.999974191 0.002315112 -0.006800127 1.123013258 -0.002259683 0.999964178 0.008147757 -1.612530470 0.006818748 -0.008132180 0.999943674 59.048877716
0.999972999 0.001409516 -0.007212461 1.130279899 -0.001351034 0.999966204 0.008106871 -1.621353269 0.007223644 -0.008096907 0.999941111 59.539093018
0.999971211 0.001187072 -0.007486606 1.141906977 -0.001127361 0.999967575 0.007974934 -1.641087055 0.007495829 -0.007966265 0.999940157 60.034824371
0.999966979 0.000885740 -0.008075775 1.167119980 -0.000819752 0.999966264 0.008170911 -1.658396482 0.008082739 -0.008164021 0.999933958 60.567882538
0.999965668 0.001210185 -0.008192403 1.187038541 -0.001143187 0.999965966 0.008177927 -1.677620649 0.008202020 -0.008168281 0.999932945 61.083099365
0.999967217 0.001165218 -0.008002295 1.200432062 -0.001102310 0.999968469 0.007861164 -1.671410084 0.008011203 -0.007852088 0.999936998 61.602554321
0.999967158 0.001604586 -0.007940855 1.210497975 -0.001538711 0.999964476 0.008294943 -1.673475504 0.007953883 -0.008282452 0.999934018 62.127967834
0.999963284 0.000822850 -0.008525847 1.176074982 -0.000753466 0.999966562 0.008138107 -1.691290379 0.008532258 -0.008131384 0.999930561 62.583103180
0.999961853 0.000190072 -0.008731470 1.178986430 -0.000112343 0.999960423 0.008901824 -1.712917805 0.008732814 -0.008900505 0.999922216 63.031227112
0.999970317 0.000744148 -0.007663348 1.201141000 -0.000677942 0.999962568 0.008638219 -1.715810180 0.007669487 -0.008632767 0.999933243 63.437107086
0.999976933 0.001886938 -0.006516433 1.204015732 -0.001829263 0.999959290 0.008845314 -1.730075598 0.006532857 -0.008833190 0.999939561 63.974613190
0.999970794 0.000027739 -0.007639045 1.227045417 0.000037473 0.999963582 0.008536435 -1.734136105 0.007639003 -0.008536471 0.999934375 64.550079346
0.999970555 0.000275725 -0.007669642 1.242212772 -0.000215182 0.999968827 0.007893540 -1.716775537 0.007671580 -0.007891657 0.999939382 65.043121338
0.999967158 0.001587805 -0.007943152 1.355137110 -0.001514726 0.999956548 0.009197899 -1.759698987 0.007957410 -0.009185566 0.999926090 65.183280945
0.999970078 0.001839785 -0.007516577 1.359867573 -0.001773578 0.999959648 0.008805341 -1.768381119 0.007532475 -0.008791747 0.999932945 65.728446960
0.999963045 0.000443971 -0.008601086 1.388909340 -0.000370490 0.999963403 0.008543001 -1.754943609 0.008604566 -0.008539496 0.999926507 66.211959839
0.999961853 0.000226314 -0.008737345 1.401369929 -0.000151950 0.999963820 0.008510838 -1.770660996 0.008738955 -0.008509185 0.999925613 66.758575439
0.999964416 0.000909270 -0.008402842 1.406758785 -0.000837031 0.999962687 0.008596459 -1.771270275 0.008410345 -0.008589119 0.999927759 67.286148071
0.999965131 0.000369185 -0.008343785 1.410091996 -0.000305958 0.999971151 0.007577752 -1.769097924 0.008346342 -0.007574932 0.999936461 67.793907166
0.999960959 0.000528727 -0.008819966 1.432921052 -0.000454402 0.999964416 0.008426820 -1.792885780 0.008824108 -0.008422485 0.999925554 68.261604309
0.999950886 -0.001244687 -0.009836023 1.441178918 0.001321935 0.999968290 0.007851010 -1.784522057 0.009825939 -0.007863627 0.999920785 68.924201965
0.999961913 0.000841017 -0.008687351 1.437422514 -0.000767667 0.999964058 0.008443282 -1.828762770 0.008694139 -0.008436291 0.999926627 69.362854004
0.999963880 0.001281505 -0.008405195 1.444594264 -0.001207522 0.999960482 0.008801188 -1.849543333 0.008416142 -0.008790720 0.999925911 69.884834290
0.999963045 0.001319554 -0.008496185 1.451107025 -0.001246243 0.999961972 0.008628183 -1.864077806 0.008507248 -0.008617275 0.999926686 70.430603027
0.999962807 0.001011488 -0.008555310 1.448523283 -0.000938922 0.999963582 0.008481704 -1.872056007 0.008563578 -0.008473356 0.999927402 71.015243530
0.999963820 0.000724024 -0.008477154 1.453991175 -0.000652716 0.999964416 0.008411415 -1.879178524 0.008482942 -0.008405577 0.999928713 71.598297119
0.999963105 0.000716568 -0.008553983 1.459353209 -0.000647321 0.999967039 0.008095304 -1.893745422 0.008559500 -0.008089468 0.999930620 72.189872742
0.999964833 0.000705480 -0.008355995 1.461510658 -0.000638462 0.999967635 0.008020322 -1.899047136 0.008361383 -0.008014706 0.999932885 72.810096741
0.999963999 0.000584261 -0.008464334 1.458723783 -0.000518469 0.999969780 0.007773028 -1.915137529 0.008468619 -0.007768360 0.999933958 73.371833801
0.999962866 0.000009274 -0.008613740 1.477366447 0.000060164 0.999967456 0.008060946 -1.930734873 0.008613536 -0.008061164 0.999930382 73.925140381
0.999964535 0.000259598 -0.008417780 1.496707201 -0.000189927 0.999965727 0.008276412 -1.945226908 0.008419640 -0.008274520 0.999930263 74.471031189
0.999965370 0.000817100 -0.008281384 1.495689392 -0.000754629 0.999971271 0.007543820 -1.938868165 0.008287312 -0.007537310 0.999937236 75.007377625
0.999960661 -0.000338210 -0.008872511 1.508087397 0.000409782 0.999967396 0.008066145 -1.953079700 0.008869495 -0.008069463 0.999928057 75.556907654
0.999967873 0.001532312 -0.007867217 1.488464832 -0.001471540 0.999969065 0.007724780 -1.956281900 0.007878810 -0.007712955 0.999939203 76.096839905
0.999968410 0.001373567 -0.007821607 1.505430698 -0.001315473 0.999971569 0.007427666 -1.977004886 0.007831587 -0.007417142 0.999941826 76.663360596
0.999968469 0.001286152 -0.007828484 1.517153263 -0.001225945 0.999969721 0.007690659 -1.990561366 0.007838139 -0.007680820 0.999939799 77.196716309
0.999966383 0.000683539 -0.008162441 1.510800362 -0.000620878 0.999970317 0.007676795 -1.999002934 0.008167447 -0.007671469 0.999937236 77.744712830
0.999967933 0.001303206 -0.007902715 1.519319296 -0.001246231 0.999973238 0.007210186 -2.007104874 0.007911898 -0.007200105 0.999942780 78.283760071
0.999978304 0.001023270 -0.006496478 1.525677919 -0.000973176 0.999969721 0.007709470 -2.020662785 0.006504171 -0.007702983 0.999949157 78.834175110
0.999986172 0.001605928 -0.005008209 1.530767918 -0.001567669 0.999969602 0.007633885 -2.033477306 0.005020316 -0.007625928 0.999958336 79.398170471
0.999990582 0.001445470 -0.004090777 1.559337616 -0.001413724 0.999968886 0.007752846 -2.060110569 0.004101855 -0.007746989 0.999961555 79.923652649
0.999994457 0.001250027 -0.003130767 1.565586329 -0.001225701 0.999969125 0.007759903 -2.070785999 0.003140371 -0.007756021 0.999965012 80.499351501
0.999998331 0.001859020 -0.000007517 1.581031203 -0.001858902 0.999966800 0.007929413 -2.090498686 0.000022258 -0.007929385 0.999968588 81.049842834
0.999994695 0.000996529 0.003098607 1.606339574 -0.001018894 0.999973357 0.007224614 -2.088729858 -0.003091325 -0.007227731 0.999969125 81.595092773
0.999980986 0.000598784 0.006131514 1.622544765 -0.000644364 0.999972165 0.007434414 -2.106971502 -0.006126891 -0.007438223 0.999953508 82.156036377
0.999950707 0.000331196 0.009929650 1.657631516 -0.000401306 0.999975026 0.007059505 -2.122508764 -0.009927063 -0.007063142 0.999925733 82.706214905
0.999867737 0.000918734 0.016239017 1.673388362 -0.001037456 0.999972820 0.007303972 -2.126585007 -0.016231867 -0.007319853 0.999841452 83.180511475
0.999768376 -0.000120339 0.021521188 1.715780973 -0.000028460 0.999976158 0.006913616 -2.128430843 -0.021521505 -0.006912627 0.999744475 83.726364136
0.999608755 0.000939399 0.027959164 1.705544353 -0.001146964 0.999971926 0.007408738 -2.172953367 -0.027951421 -0.007437906 0.999581575 84.452789307
0.999350369 0.000682815 0.036033660 1.735706806 -0.000947697 0.999972582 0.007334392 -2.180760860 -0.036027670 -0.007363776 0.999323606 85.047729492
0.999007344 0.000848529 0.044539627 1.789324284 -0.001195499 0.999969125 0.007764081 -2.203914881 -0.044531666 -0.007809621 0.998977423 85.541954041
0.998656332 0.001047702 0.051812042 1.830546856 -0.001451111 0.999968946 0.007748993 -2.216712475 -0.051802311 -0.007813768 0.998626769 86.153732300
0.998179674 0.000437102 0.060309082 1.894912481 -0.000866620 0.999974430 0.007095970 -2.225181103 -0.060304441 -0.007135318 0.998154521 86.735809326
0.997514546 0.001054438 0.070451982 1.956672668 -0.001575303 0.999971747 0.007338045 -2.245328188 -0.070442252 -0.007430790 0.997488201 87.290542603
0.996829927 0.000572851 0.079559729 2.005156994 -0.001160059 0.999972403 0.007334696 -2.257988691 -0.079553336 -0.007403739 0.996803105 87.832794189
0.996175051 0.000428979 0.087377988 2.071818352 -0.001035231 0.999975622 0.006893075 -2.264719009 -0.087372892 -0.006957166 0.996151328 88.387527466
0.995222390 -0.000255348 0.097633846 2.152363777 -0.000426061 0.999975622 0.006958314 -2.276797295 -0.097633272 -0.006966668 0.995198071 88.932739258
0.994114578 -0.000457480 0.108332708 2.236032963 -0.000300040 0.999975622 0.006976136 -2.288991928 -0.108333260 -0.006967584 0.994090199 89.481048584
0.993044376 -0.000593065 0.117739253 2.315470695 -0.000170916 0.999979019 0.006478550 -2.301022291 -0.117740616 -0.006453611 0.993023336 90.036369324
0.991656423 0.000124105 0.128908560 2.407068253 -0.001005742 0.999976516 0.006774174 -2.313766479 -0.128904685 -0.006847301 0.991633356 90.597953796
0.989987791 0.000376200 0.141152471 2.507205009 -0.001301423 0.999978244 0.006462519 -2.326672077 -0.141147003 -0.006581515 0.989966750 91.144752502
0.988381207 -0.000529677 0.151994586 2.616259575 -0.000453403 0.999979138 0.006433127 -2.336267948 -0.151994810 -0.006427296 0.988360405 91.707862854
0.986889601 -0.001151461 0.161392480 2.726536751 0.000069728 0.999977469 0.006707999 -2.345780849 -0.161396563 -0.006608801 0.986867487 92.254074097
0.984844565 -0.001570534 0.173431978 2.848175049 0.000484953 0.999980032 0.006301603 -2.359728336 -0.173438400 -0.006121993 0.984825671 92.793388367
0.982545853 -0.001615919 0.186013550 2.970809937 0.000501893 0.999981642 0.006035883 -2.366940260 -0.186019883 -0.005837173 0.982528627 93.340560913
0.980467975 -0.001946460 0.196668953 3.102337837 0.000767365 0.999981403 0.006071351 -2.379421234 -0.196677074 -0.005801850 0.980451107 93.877632141
0.977679133 -0.002139841 0.210093245 3.240936279 0.000872623 0.999980867 0.006124209 -2.393725157 -0.210102364 -0.005804178 0.977662086 94.425224304
0.974776030 -0.002551351 0.223170787 3.393745422 0.001178942 0.999979556 0.006282608 -2.407187939 -0.223182231 -0.005861029 0.974759102 94.944938660
0.972074151 -0.002668346 0.234658942 3.549476624 0.001108670 0.999976337 0.006778233 -2.425517082 -0.234671503 -0.006328786 0.972054183 95.487167358
0.969034493 -0.003299810 0.246903226 3.718233109 0.001801674 0.999978602 0.006293376 -2.432563066 -0.246918708 -0.005653659 0.969019651 96.052764893
0.965396702 -0.003345508 0.260764241 3.891616821 0.001710470 0.999977410 0.006496867 -2.451306343 -0.260780126 -0.005826024 0.965380609 96.568420410
0.961943269 -0.003961154 0.273220599 4.067871094 0.002254825 0.999975920 0.006558965 -2.467279673 -0.273240000 -0.005693288 0.961929023 97.083297729
0.958809316 -0.004854723 0.284009039 4.255958557 0.003052210 0.999972284 0.006788875 -2.487923861 -0.284034133 -0.005642382 0.958797574 97.583808899
0.954583883 -0.004911887 0.297901690 4.450605392 0.003013253 0.999972105 0.006832278 -2.496920586 -0.297926992 -0.005624329 0.954572082 98.114959717
0.950175345 -0.005117685 0.311673671 4.653856277 0.003089649 0.999970734 0.007000355 -2.515926838 -0.311700344 -0.005688604 0.950163424 98.631660461
0.946283460 -0.005560683 0.323290348 4.855270386 0.003569960 0.999970853 0.006750362 -2.521578074 -0.323318452 -0.005233622 0.946275771 99.156341553
0.941821277 -0.005262936 0.336072683 5.064645767 0.003187076 0.999972224 0.006728112 -2.539316416 -0.336098731 -0.005265590 0.941812038 99.675086975
0.936445475 -0.004782114 0.350780725 5.272346497 0.002724902 0.999976039 0.006358041 -2.542686462 -0.350802720 -0.004998116 0.936436117 100.200729370
0.931963205 -0.006262576 0.362498522 5.501926422 0.003984449 0.999967277 0.007031783 -2.561004639 -0.362530738 -0.005109007 0.931957781 100.697853088
0.927274764 -0.006555306 0.374324083 5.721094131 0.004110026 0.999964714 0.007330416 -2.578328371 -0.374358922 -0.005258827 0.927268922 101.200752258
0.921545565 -0.006616142 0.388213754 5.964401245 0.004125826 0.999965250 0.007248004 -2.585894585 -0.388248235 -0.005077663 0.921540797 101.710716248
0.916084468 -0.007644075 0.400912523 6.208118439 0.005161492 0.999960244 0.007271935 -2.596424580 -0.400952190 -0.004592401 0.916087449 102.200325012
0.911391616 -0.008011392 0.411462158 6.456863403 0.005555945 0.999958932 0.007163287 -2.609653711 -0.411502659 -0.004242498 0.911398649 102.696525574
0.905939341 -0.008662215 0.423318923 6.717201233 0.006036133 0.999953330 0.007543818 -2.624561071 -0.423364520 -0.004279031 0.905949295 103.181816101
0.899552643 -0.008681101 0.436726153 6.979434967 0.005985791 0.999953628 0.007547437 -2.641746998 -0.436771363 -0.004175166 0.899562836 103.658706665
0.893768728 -0.009345364 0.448430717 7.255237579 0.006611398 0.999948740 0.007661882 -2.654313803 -0.448479414 -0.003883197 0.893784761 104.145919800
0.888005733 -0.010090209 0.459721595 7.527538300 0.007259998 0.999942243 0.007923719 -2.668998718 -0.459775060 -0.003698730 0.888027728 104.616226196
0.880921721 -0.010131885 0.473153412 7.817596436 0.007344076 0.999943078 0.007739038 -2.681851625 -0.473204941 -0.003342611 0.880946040 105.096672058
0.873957872 -0.010649802 0.485885054 8.115818024 0.007719208 0.999937952 0.008032518 -2.696994781 -0.485940397 -0.003269435 0.873985827 105.564102173
