1.000000000 0.000000000 0.000000000 0.000000000 0.000000000 1.000000000 0.000000000 0.000000000 0.000000000 0.000000000 1.000000000 0.000000000
1.000000000 0.000045796 0.000016563 0.000167952 -0.000045796 1.000000000 -0.000032969 0.000704477 -0.000016565 0.000032968 1.000000000 0.000403641
1.000000000 0.000047326 0.000032646 -0.000063858 -0.000047328 1.000000000 0.000043150 -0.000004998 -0.000032644 -0.000043152 1.000000000 0.000132095
1.000000000 -0.000166207 0.000045030 0.000081891 0.000166207 1.000000000 -0.000013791 0.000557490 -0.000045028 0.000013799 1.000000000 0.000320844
1.000000000 -0.000066088 0.000085940 -0.000255340 0.000066084 1.000000000 0.000047320 -0.000054775 -0.000085943 -0.000047314 1.000000000 0.000094362
1.000000000 0.000003143 0.000135870 -0.000692652 -0.000003143 1.000000000 -0.000003657 0.000627786 -0.000135870 0.000003656 1.000000000 0.000075993
1.000000000 -0.000132898 0.000064445 0.000224130 0.000132898 1.000000000 -0.000003066 0.000505970 -0.000064444 0.000003075 1.000000000 -0.000007988
1.000000000 0.000005879 0.000074741 -0.000435704 -0.000005886 1.000000000 0.000100002 -0.000248518 -0.000074741 -0.000100003 1.000000000 -0.000117702
1.000000000 -0.000048257 -0.000027283 -0.000418298 0.000048256 1.000000000 -0.000045728 -0.000257368 0.000027285 0.000045727 1.000000000 -0.001183344
1.000000000 -0.000113438 0.000050465 -0.000478263 0.000113434 1.000000000 0.000077247 -0.001270944 -0.000050474 -0.000077242 1.000000000 -0.001089724
1.000000000 0.000044695 0.000064667 -0.001087475 -0.000044701 1.000000000 0.000084769 -0.001001694 -0.000064663 -0.000084771 1.000000000 -0.000746577
1.000000000 -0.000048735 0.000079813 -0.001141200 0.000048730 1.000000000 0.000063253 -0.000405041 -0.000079816 -0.000063249 1.000000000 -0.001510054
1.000000000 0.000015913 -0.000014213 -0.000638041 -0.000015913 1.000000000 -0.000031518 -0.000244428 0.000014213 0.000031518 1.000000000 -0.001081128
1.000000000 -0.000017506 0.000055631 -0.001114971 0.000017507 1.000000000 -0.000005249 0.000989663 -0.000055631 0.000005250 1.000000000 0.000925601
1.000000000 0.000048849 0.000086667 -0.000613421 -0.000048842 1.000000000 -0.000082638 0.001438393 -0.000086671 0.000082633 1.000000000 0.000567736
1.000000000 -0.000082451 -0.000062968 0.000882270 0.000082447 1.000000000 -0.000073697 0.001571765 0.000062974 0.000073692 1.000000000 0.001441789
1.000000000 0.000022990 0.000085138 -0.000708822 -0.000022977 1.000000000 -0.000149586 0.002661907 -0.000085142 0.000149584 1.000000000 0.003129805
1.000000000 0.000119483 0.000094485 -0.001629633 -0.000119470 1.000000000 -0.000136197 0.001685553 -0.000094501 0.000136186 1.000000000 0.001637775
1.000000000 0.000100319 0.000128393 -0.001471939 -0.000100308 1.000000000 -0.000083486 0.002199963 -0.000128402 0.000083473 1.000000000 0.002724642
1.000000000 0.000036414 0.000122598 -0.001059314 -0.000036405 1.000000000 -0.000076768 0.001154257 -0.000122600 0.000076764 1.000000000 0.001523899
1.000000000 0.000055019 0.000132668 -0.001523550 -0.000055009 1.000000000 -0.000077646 0.001220449 -0.000132672 0.000077639 1.000000000 0.001702579
1.000000000 0.000152582 0.000072110 -0.001121903 -0.000152577 1.000000000 -0.000066641 0.001834015 -0.000072120 0.000066630 1.000000000 0.001239805
1.000000000 0.000050284 -0.000012719 -0.000218579 -0.000050285 1.000000000 -0.000084142 0.001845779 0.000012715 0.000084143 1.000000000 0.002794090
1.000000000 0.000001218 0.000016777 -0.000646797 -0.000001217 1.000000000 -0.000069959 0.002000761 -0.000016777 0.000069959 1.000000000 0.002695729
0.999999940 0.000282853 0.000021518 -0.000602496 -0.000282852 0.999999940 -0.000048985 0.002316563 -0.000021532 0.000048979 1.000000000 0.003572111
0.999999940 0.000299365 0.000085797 -0.001253439 -0.000299361 0.999999940 -0.000048263 0.001391828 -0.000085811 0.000048237 1.000000000 0.001797051
1.000000000 0.000077424 0.000157366 -0.001429521 -0.000077415 1.000000000 -0.000054685 0.002619936 -0.000157370 0.000054672 1.000000000 0.003503797
1.000000000 0.000107172 0.000149150 -0.001587942 -0.000107168 1.000000000 -0.000026771 0.001957895 -0.000149153 0.000026755 1.000000000 0.003092307
1.000000000 0.000093974 0.000060477 -0.001016520 -0.000093967 1.000000000 -0.000117740 0.002904092 -0.000060489 0.000117734 1.000000000 0.002920401
1.000000000 0.000046653 0.000098509 -0.001337190 -0.000046645 1.000000000 -0.000082101 0.001622244 -0.000098513 0.000082096 1.000000000 0.002440902
1.000000000 0.000052257 0.000141128 -0.001614497 -0.000052252 1.000000000 -0.000034256 0.001451382 -0.000141130 0.000034248 1.000000000 0.002978679
1.000000000 0.000079624 0.000130446 -0.000588455 -0.000079612 1.000000000 -0.000090927 0.002879115 -0.000130453 0.000090916 1.000000000 0.004267246
1.000000000 0.000126106 0.000053217 -0.000106264 -0.000126094 0.999999940 -0.000215553 0.003894514 -0.000053245 0.000215546 1.000000000 0.004495219
1.000000000 0.000107912 0.000133571 -0.001180375 -0.000107903 1.000000000 -0.000064789 0.001882517 -0.000133578 0.000064774 1.000000000 0.002931033
0.999999940 0.000200011 0.000174306 -0.002488555 -0.000199983 0.999999940 -0.000161282 0.002557991 -0.000174339 0.000161247 1.000000000 0.002963040
0.999999940 0.000201417 0.000183079 -0.001650497 -0.000201398 1.000000000 -0.000102779 0.001889415 -0.000183100 0.000102742 1.000000000 0.002830639
1.000000000 0.000113686 0.000099098 -0.001240019 -0.000113679 1.000000000 -0.000071785 0.002232110 -0.000099106 0.000071774 1.000000000 0.002521572
1.000000000 0.000179621 0.000124508 -0.001677408 -0.000179613 1.000000000 -0.000069719 0.003067529 -0.000124521 0.000069697 1.000000000 0.003754061
0.999999940 0.000244994 0.000182391 -0.001835514 -0.000244981 0.999999940 -0.000074702 0.002866391 -0.000182409 0.000074657 1.000000000 0.003196315
1.000000000 0.000188804 0.000091607 -0.000384963 -0.000188796 1.000000000 -0.000092749 0.003311304 -0.000091625 0.000092731 1.000000000 0.003836526
1.000000000 0.000067281 0.000103652 -0.000727973 -0.000067268 1.000000000 -0.000129746 0.002376056 -0.000103661 0.000129739 1.000000000 0.004631649
0.999999762 0.000551458 0.000088894 -0.000374514 -0.000551404 0.999999583 -0.000601918 -0.001432857 -0.000089226 0.000601868 0.999999821 0.053421274
0.999999821 0.000404329 0.000056064 0.002198638 -0.000404259 0.999998987 -0.001246330 -0.002164936 -0.000056568 0.001246307 0.999999225 0.143688187
0.999999583 0.000817310 0.000421633 0.000296243 -0.000816908 0.999999225 -0.000953065 -0.008913415 -0.000422411 0.000952720 0.999999464 0.256932497
0.999999583 0.000824630 0.000454654 0.003408162 -0.000824215 0.999999404 -0.000913136 -0.011545518 -0.000455407 0.000912761 0.999999464 0.389386654
0.999999583 0.000780026 0.000387783 0.005279216 -0.000779772 0.999999583 -0.000654537 -0.015581952 -0.000388294 0.000654234 0.999999702 0.531937957
0.999999821 0.000402645 0.000274811 0.011384434 -0.000402585 0.999999821 -0.000216772 -0.025554558 -0.000274898 0.000216662 0.999999940 0.687280178
1.000000000 0.000176039 0.000276657 0.016536085 -0.000176029 1.000000000 -0.000036507 -0.027962081 -0.000276663 0.000036458 1.000000000 0.847949803
0.999999881 0.000306986 0.000363358 0.016258471 -0.000306887 0.999999881 -0.000273613 -0.031130947 -0.000363442 0.000273501 0.999999821 1.026418447
0.999999881 0.000356594 0.000334530 0.020543184 -0.000356550 1.000000000 -0.000130991 -0.036911864 -0.000334577 0.000130872 0.999999940 1.201428890
0.999999642 0.000619634 0.000424453 0.023713468 -0.000619748 0.999999762 0.000268089 -0.044289943 -0.000424287 -0.000268352 0.999999881 1.386733174
0.999999642 0.000859554 0.000071969 0.027912036 -0.000859559 0.999999642 0.000074712 -0.045213424 -0.000071905 -0.000074774 1.000000000 1.581904531
0.999999940 0.000210294 0.000361533 0.031012278 -0.000210503 0.999999821 0.000577767 -0.056936003 -0.000361411 -0.000577843 0.999999762 1.781616569
0.999999583 0.000449777 0.000704002 0.031053748 -0.000450428 0.999999464 0.000924905 -0.064808801 -0.000703586 -0.000925222 0.999999285 1.981973171
0.999999881 0.000021645 0.000537850 0.038864445 -0.000022130 0.999999583 0.000902124 -0.071357809 -0.000537831 -0.000902135 0.999999464 2.194381475
0.999999702 0.000355339 0.000596857 0.041375525 -0.000355933 0.999999404 0.000995336 -0.075195163 -0.000596503 -0.000995548 0.999999344 2.414317846
0.999999464 0.000664041 0.000806600 0.043359626 -0.000664820 0.999999285 0.000965906 -0.080822662 -0.000805958 -0.000966442 0.999999225 2.636849880
0.999999464 0.000321501 0.000898572 0.050795287 -0.000322436 0.999999404 0.001040443 -0.089048393 -0.000898237 -0.001040732 0.999999046 2.865263700
0.999999404 0.000448652 0.000934049 0.054265097 -0.000449725 0.999999225 0.001148565 -0.093917809 -0.000933533 -0.001148985 0.999998927 3.107791901
0.999999523 0.000559271 0.000815779 0.063816845 -0.000560188 0.999999166 0.001123756 -0.102606148 -0.000815150 -0.001124213 0.999999046 3.344664097
0.999999583 0.000455711 0.000800341 0.067406766 -0.000456606 0.999999285 0.001119177 -0.108604535 -0.000799830 -0.001119542 0.999999046 3.596895218
0.999999106 0.000809709 0.000995664 0.069405288 -0.000810705 0.999999106 0.001000251 -0.115155526 -0.000994853 -0.001001057 0.999999046 3.854512691
0.999999285 0.000519745 0.001039538 0.071440235 -0.000520812 0.999999285 0.001026663 -0.119187333 -0.001039003 -0.001027204 0.999998927 4.118698120
0.999999225 0.000935616 0.000771304 0.077387683 -0.000936491 0.999998868 0.001134941 -0.124465346 -0.000770241 -0.001135663 0.999999046 4.374887943
0.999998987 0.000505928 0.001299276 0.078996733 -0.000507292 0.999999344 0.001049597 -0.131328091 -0.001298744 -0.001050255 0.999998629 4.636092663
0.999998629 0.001057219 0.001264481 0.085175991 -0.001058831 0.999998629 0.001275063 -0.140810579 -0.001263132 -0.001276400 0.999998391 4.897449017
0.999998629 0.000983170 0.001255869 0.091571026 -0.000985130 0.999998271 0.001560915 -0.148769468 -0.001254332 -0.001562150 0.999998033 5.156769276
0.999998033 0.001229980 0.001555287 0.092919700 -0.001231933 0.999998450 0.001255852 -0.156364784 -0.001553740 -0.001257766 0.999997973 5.421350956
0.999997616 0.001231388 0.001753816 0.094345696 -0.001233613 0.999998391 0.001268371 -0.162329376 -0.001752251 -0.001270532 0.999997675 5.689323425
0.999997795 0.001176509 0.001720224 0.096925952 -0.001178435 0.999998689 0.001118882 -0.171722174 -0.001718905 -0.001120907 0.999997854 5.956213951
0.999997318 0.001411051 0.001868486 0.100867033 -0.001413141 0.999998391 0.001117293 -0.181584641 -0.001866907 -0.001119930 0.999997616 6.236239433
0.999997556 0.001184395 0.001827710 0.115208149 -0.001186353 0.999998689 0.001070720 -0.182507023 -0.001826439 -0.001072885 0.999997735 6.529094219
0.999997377 0.001210778 0.001933934 0.117493063 -0.001213176 0.999998450 0.001239583 -0.189695939 -0.001932431 -0.001241926 0.999997318 6.830772400
0.999996901 0.001627853 0.001881112 0.126541793 -0.001629650 0.999998212 0.000953962 -0.196929678 -0.001879556 -0.000957025 0.999997735 7.110564709
0.999996960 0.001627834 0.001844596 0.133353904 -0.001629654 0.999998152 0.000985576 -0.207187116 -0.001842989 -0.000988579 0.999997795 7.408600807
0.999996901 0.001576327 0.001908999 0.136606425 -0.001578416 0.999998152 0.001093663 -0.219689846 -0.001907272 -0.001096673 0.999997556 7.711663723
0.999997079 0.001441345 0.001944266 0.144996941 -0.001443816 0.999998152 0.001270619 -0.230326712 -0.001942431 -0.001273423 0.999997318 8.045396805
0.999994755 0.002280282 0.002343125 0.144095674 -0.002283182 0.999996603 0.001235668 -0.238928825 -0.002340300 -0.001241012 0.999996543 8.361952782
0.999996305 0.001587083 0.002192626 0.155108616 -0.001589782 0.999997914 0.001229856 -0.250850976 -0.002190670 -0.001233338 0.999996841 8.680467606
0.999996483 0.001507427 0.002176647 0.165566698 -0.001510572 0.999997795 0.001443839 -0.258998513 -0.002174465 -0.001447122 0.999996603 9.011062622
0.999996901 0.001478206 0.002022759 0.173892453 -0.001480789 0.999998093 0.001276458 -0.270230532 -0.002020869 -0.001279450 0.999997139 9.349596024
0.999994755 0.002212426 0.002364201 0.176204324 -0.002215548 0.999996662 0.001319064 -0.281788111 -0.002361275 -0.001324295 0.999996364 9.691351891
0.999994636 0.002149998 0.002474689 0.186478928 -0.002154163 0.999996185 0.001681775 -0.293698341 -0.002471064 -0.001687097 0.999995589 10.045147896
0.999994218 0.002517854 0.002277185 0.190370291 -0.002520963 0.999995887 0.001363418 -0.303557247 -0.002273742 -0.001369150 0.999996483 10.397695541
0.999994338 0.002495817 0.002235684 0.201816857 -0.002498933 0.999995887 0.001392219 -0.312949896 -0.002232200 -0.001397798 0.999996543 10.749391556
0.999994457 0.002507579 0.002219723 0.207817942 -0.002510519 0.999996006 0.001322578 -0.320758939 -0.002216397 -0.001328143 0.999996662 11.117959023
0.999995351 0.002121172 0.002195110 0.221194461 -0.002124325 0.999996722 0.001435137 -0.331227958 -0.002192059 -0.001439793 0.999996483 11.489508629
0.999995351 0.002139476 0.002172655 0.231664628 -0.002142589 0.999996603 0.001431714 -0.339433908 -0.002169585 -0.001436363 0.999996543 11.866050720
0.999994397 0.002366034 0.002370371 0.232443750 -0.002370183 0.999995649 0.001748898 -0.355757385 -0.002366222 -0.001754506 0.999995589 12.245808601
0.999994099 0.002299668 0.002572950 0.244023696 -0.002305269 0.999994993 0.002176365 -0.370910615 -0.002567932 -0.002182284 0.999994218 12.635518074
0.999992013 0.002681429 0.002955785 0.249308795 -0.002686643 0.999994755 0.001761404 -0.375237048 -0.002951047 -0.001769331 0.999994099 13.034956932
0.999993920 0.002242204 0.002643096 0.262746274 -0.002246966 0.999995828 0.001800405 -0.389810801 -0.002639049 -0.001806333 0.999994874 13.426033020
0.999992430 0.002424898 0.003081048 0.270263821 -0.002430675 0.999995291 0.001872505 -0.399816513 -0.003076494 -0.001879979 0.999993503 13.832045555
0.999992192 0.002466053 0.003062946 0.283517838 -0.002472584 0.999994695 0.002130408 -0.412069142 -0.003057675 -0.002137965 0.999993026 14.240361214
0.999991775 0.002628122 0.003063367 0.294725239 -0.002634306 0.999994516 0.002016641 -0.425498396 -0.003058050 -0.002024694 0.999993265 14.656276703
0.999990582 0.002488245 0.003553515 0.305218399 -0.002494762 0.999995232 0.001830705 -0.433340281 -0.003548943 -0.001839553 0.999992013 15.092933655
0.999987602 0.002999843 0.003969974 0.313347399 -0.003007372 0.999993682 0.001891912 -0.447351247 -0.003964274 -0.001903828 0.999990344 15.532769203
0.999985874 0.002893751 0.004450034 0.324272394 -0.002900397 0.999994636 0.001487740 -0.457061708 -0.004445706 -0.001500626 0.999989033 15.969481468
0.999979198 0.003787640 0.005207644 0.330192775 -0.003797691 0.999990880 0.001921448 -0.469293594 -0.005200320 -0.001941185 0.999984622 16.413070679
0.999980450 0.003890456 0.004881882 0.338823259 -0.003897102 0.999991536 0.001352440 -0.481900007 -0.004876579 -0.001371439 0.999987245 16.847707748
0.999979019 0.003533134 0.005427830 0.355463713 -0.003543663 0.999991834 0.001931373 -0.498471349 -0.005420963 -0.001950567 0.999983430 17.309053421
0.999976933 0.003600022 0.005747569 0.365789831 -0.003612449 0.999991119 0.002153329 -0.510789752 -0.005739766 -0.002174042 0.999981165 17.771333694
0.999978364 0.003235078 0.005725318 0.381415784 -0.003243970 0.999993563 0.001544453 -0.520237446 -0.005720285 -0.001562993 0.999982417 18.237083435
0.999974191 0.003182334 0.006442452 0.394471377 -0.003195469 0.999992788 0.002029477 -0.535196483 -0.006435947 -0.002050011 0.999977171 18.705261230
0.999973118 0.003562998 0.006414860 0.407844901 -0.003576853 0.999991357 0.002149869 -0.545287073 -0.006407145 -0.002172756 0.999977112 19.179197311
0.999971688 0.003690465 0.006554731 0.432362765 -0.003701423 0.999991894 0.001660536 -0.563947558 -0.006548549 -0.001684751 0.999977112 19.669410706
0.999971092 0.003943294 0.006491967 0.436782390 -0.003956025 0.999990344 0.001949195 -0.579415321 -0.006484217 -0.001974821 0.999976993 20.152675629
0.999971330 0.003437300 0.006747268 0.458485723 -0.003451106 0.999991953 0.002035549 -0.594996035 -0.006740217 -0.002058777 0.999975145 20.639575958
0.999980271 0.003092287 0.005468479 0.475199252 -0.003103330 0.999993145 0.002012172 -0.609740257 -0.005462219 -0.002029102 0.999983072 21.139617920
0.999977708 0.003388083 0.005753359 0.488042206 -0.003398657 0.999992490 0.001829124 -0.618348062 -0.005747119 -0.001848637 0.999981761 21.655076981
0.999978065 0.003509959 0.005610725 0.498937219 -0.003518054 0.999992788 0.001433589 -0.630732358 -0.005605653 -0.001453296 0.999983191 22.173881531
0.999978721 0.003472552 0.005524787 0.511687398 -0.003482045 0.999992430 0.001709403 -0.644425690 -0.005518810 -0.001728604 0.999983251 22.694486618
0.999983251 0.003553957 0.004566005 0.523132920 -0.003561008 0.999992430 0.001537014 -0.659388542 -0.004560508 -0.001553247 0.999988377 23.204303741
0.999988139 0.003103777 0.003746838 0.539902985 -0.003110584 0.999993443 0.001812396 -0.678158641 -0.003741189 -0.001824030 0.999991298 23.723321915
0.999991953 0.002035564 0.003465615 0.546063006 -0.002040985 0.999996662 0.001561297 -0.695905089 -0.003462425 -0.001568358 0.999992788 24.246841431
0.999991298 0.002983515 0.002903725 0.558945894 -0.002988212 0.999994338 0.001614918 -0.708350956 -0.002898890 -0.001623582 0.999994457 24.771818161
0.999991834 0.003367326 0.002205830 0.571472764 -0.003372099 0.999991953 0.002164086 -0.727318466 -0.002198525 -0.002171507 0.999995232 25.313007355
0.999991834 0.003700554 0.001586586 0.581444263 -0.003704490 0.999990046 0.002485438 -0.743218899 -0.001577372 -0.002491296 0.999995589 25.858213425
0.999991834 0.003826510 0.001302693 0.591547906 -0.003829582 0.999989867 0.002363475 -0.759100199 -0.001293636 -0.002368444 0.999996305 26.408142090
0.999993145 0.003600370 0.000890055 0.607140660 -0.003602600 0.999990344 0.002516824 -0.766377449 -0.000880985 -0.002520013 0.999996424 26.969661713
0.999993265 0.003662308 0.000060081 0.622367084 -0.003662464 0.999989212 0.002864430 -0.790238082 -0.000049590 -0.002864631 0.999995828 27.517782211
0.999991357 0.004157680 -0.000005491 0.632106185 -0.004157650 0.999987781 0.002674080 -0.805324495 0.000016609 -0.002674034 0.999996424 28.076511383
0.999989927 0.004493154 -0.000121035 0.639577448 -0.004492802 0.999986053 0.002777921 -0.816477656 0.000133515 -0.002777350 0.999996066 28.636034012
0.999988854 0.004719624 -0.000243151 0.652924597 -0.004718936 0.999985039 0.002755724 -0.832677603 0.000256153 -0.002754546 0.999996185 29.198963165
0.999989033 0.004636285 -0.000622291 0.658231199 -0.004634753 0.999986231 0.002439664 -0.842787743 0.000633593 -0.002436753 0.999996841 29.748723984
0.999989092 0.004543002 -0.001063389 0.665801227 -0.004540118 0.999986053 0.002698688 -0.857401252 0.001075634 -0.002693831 0.999995768 30.298128128
0.999988914 0.004459514 -0.001600503 0.681464136 -0.004454874 0.999985874 0.002891349 -0.874740243 0.001613375 -0.002884187 0.999994516 30.848228455
0.999988675 0.004422958 -0.001712006 0.693641424 -0.004417796 0.999985695 0.003007299 -0.889511108 0.001725283 -0.002999702 0.999993980 31.398380280
0.999981225 0.005885766 -0.001629726 0.697033465 -0.005880745 0.999978065 0.003068748 -0.900074422 0.001647752 -0.003059108 0.999993920 31.947467804
0.999985218 0.004938408 -0.002278596 0.715743542 -0.004930979 0.999982476 0.003254534 -0.921670139 0.002294628 -0.003243251 0.999992073 32.498085022
0.999986351 0.004819430 -0.002004839 0.716929078 -0.004811555 0.999980748 0.003915028 -0.931188524 0.002023668 -0.003905328 0.999990404 33.061420441
0.999986231 0.004513308 -0.002648137 0.741580248 -0.004504928 0.999984860 0.003162157 -0.952136517 0.002662368 -0.003150184 0.999991477 33.594600677
0.999985039 0.004668779 -0.002841613 0.754043758 -0.004659027 0.999983251 0.003428784 -0.968362212 0.002857574 -0.003415493 0.999990106 34.143569946
0.999983490 0.004940628 -0.002941802 0.759480894 -0.004930492 0.999981940 0.003442748 -0.980263948 0.002958758 -0.003428186 0.999989748 34.686363220
0.999981582 0.005062706 -0.003351678 0.772849262 -0.005050822 0.999980986 0.003544881 -1.002429247 0.003369561 -0.003527886 0.999988079 35.205291748
0.999984443 0.004566328 -0.003182960 0.779742539 -0.004554556 0.999982774 0.003696003 -1.013328791 0.003199783 -0.003681449 0.999988079 35.762302399
0.999981105 0.005015376 -0.003546448 0.798625767 -0.005001011 0.999979258 0.004047915 -1.026173949 0.003566676 -0.004030102 0.999985516 36.319683075
0.999983847 0.004407919 -0.003581681 0.799874663 -0.004395392 0.999984205 0.003497505 -1.043049097 0.003597042 -0.003481705 0.999987423 36.881580353
0.999982595 0.004700938 -0.003544769 0.802771449 -0.004688975 0.999983311 0.003375580 -1.054298878 0.003560577 -0.003358900 0.999988019 37.434169769
0.999982595 0.004679878 -0.003597228 0.813653350 -0.004668332 0.999983907 0.003211272 -1.065682173 0.003612199 -0.003194423 0.999988317 37.986324310
0.999981701 0.004741305 -0.003737558 0.822852015 -0.004729871 0.999984086 0.003062106 -1.080129623 0.003752018 -0.003044372 0.999988317 38.522129059
0.999984086 0.003956067 -0.004003192 0.831055224 -0.003945252 0.999988556 0.002705874 -1.092531443 0.004013851 -0.002690037 0.999988377 39.067775726
0.999981582 0.004336970 -0.004243229 0.845854580 -0.004323918 0.999985933 0.003080124 -1.107225537 0.004256528 -0.003061719 0.999986172 39.618946075
0.999980152 0.004502825 -0.004387183 0.854295492 -0.004490144 0.999985754 0.002895833 -1.121300697 0.004400160 -0.002876077 0.999986172 40.163269043
0.999979377 0.004619080 -0.004460441 0.863939822 -0.004605650 0.999984801 0.003016745 -1.137198687 0.004474310 -0.002996140 0.999985516 40.712520599
0.999980211 0.004719020 -0.004151267 0.870358706 -0.004707885 0.999985278 0.002688177 -1.149628639 0.004163891 -0.002668581 0.999987781 41.257839203
0.999978781 0.004878798 -0.004310732 0.878663659 -0.004866662 0.999984145 0.002821553 -1.162459373 0.004324428 -0.002800514 0.999986768 41.809707642
0.999977767 0.005249761 -0.004107680 0.884196699 -0.005240648 0.999983788 0.002226180 -1.173249006 0.004119300 -0.002204604 0.999989092 42.357933044
0.999979377 0.004869361 -0.004195518 0.894587874 -0.004858388 0.999984741 0.002621815 -1.184157610 0.004208221 -0.002601378 0.999987781 42.926643372
0.999978483 0.004551062 -0.004732776 0.909019947 -0.004539674 0.999986708 0.002414189 -1.203379273 0.004743701 -0.002392651 0.999985933 43.451869965
0.999973774 0.005161751 -0.005076853 0.925047040 -0.005152233 0.999984920 0.001886141 -1.213096142 0.005086512 -0.001859935 0.999985337 44.018611908
0.999975264 0.005062959 -0.004892597 0.929959774 -0.005052629 0.999984980 0.002121452 -1.231337070 0.004903266 -0.002096680 0.999985814 44.556529999
0.999977648 0.004742793 -0.004710071 0.941137731 -0.004733251 0.999986708 0.002035008 -1.243423939 0.004719660 -0.002012669 0.999986827 45.085815430
0.999974966 0.005545525 -0.004390544 0.946885884 -0.005536703 0.999982655 0.002019069 -1.259916782 0.004401664 -0.001994709 0.999988258 45.649711609
0.999975443 0.005790265 -0.003935759 0.951009452 -0.005781925 0.999980986 0.002127281 -1.273900867 0.003948003 -0.002104472 0.999989986 46.198474884
0.999977052 0.005429084 -0.004030592 0.960128546 -0.005422920 0.999984086 0.001538535 -1.283777952 0.004038882 -0.001516643 0.999990702 46.750858307
0.999979794 0.005097465 -0.003793925 0.971992493 -0.005091886 0.999985874 0.001478674 -1.294075251 0.003801408 -0.001459326 0.999991715 47.303798676
0.999979854 0.004579226 -0.004395621 0.983663619 -0.004574010 0.999988794 0.001196048 -1.303656697 0.004401049 -0.001175918 0.999989569 47.869495392
0.999979019 0.004714813 -0.004446150 0.991913199 -0.004710047 0.999988317 0.001081771 -1.318869829 0.004451198 -0.001060806 0.999989569 48.414974213
0.999983370 0.004109529 -0.004073631 0.999017715 -0.004103433 0.999990404 0.001503968 -1.337020159 0.004079773 -0.001487227 0.999990582 48.968681335
0.999976575 0.004988804 -0.004672396 1.008528709 -0.004980783 0.999986053 0.001726759 -1.355744839 0.004680946 -0.001703446 0.999987602 49.511356354
0.999976218 0.005342356 -0.004341284 1.015875816 -0.005335839 0.999984562 0.001511092 -1.366029978 0.004349290 -0.001487892 0.999989450 50.065811157
0.999979973 0.004443511 -0.004499951 1.021736264 -0.004437055 0.999989092 0.001443089 -1.376043916 0.004506315 -0.001423093 0.999988794 50.612674713
0.999983430 0.004264093 -0.003852120 1.023826122 -0.004258289 0.999989748 0.001513499 -1.395909786 0.003858533 -0.001497071 0.999991417 51.135330200
0.999976516 0.005045611 -0.004633948 1.043292165 -0.005037201 0.999985635 0.001824374 -1.412797093 0.004643085 -0.001800989 0.999987602 51.680519104
0.999979615 0.004357916 -0.004658488 1.052311301 -0.004350662 0.999989331 0.001566297 -1.419192553 0.004665263 -0.001545998 0.999987900 52.232620239
0.999975622 0.004921974 -0.004953363 1.059523463 -0.004914622 0.999986947 0.001495466 -1.439201593 0.004960659 -0.001471085 0.999986529 52.766681671
0.999976039 0.004469095 -0.005278676 1.068549275 -0.004460434 0.999988675 0.001651299 -1.452860236 0.005285996 -0.001627714 0.999984682 53.307750702
0.999979794 0.004231160 -0.004741904 1.074094892 -0.004227994 0.999990761 0.000677486 -1.458743572 0.004744729 -0.000657423 0.999988556 53.867313385
0.999974728 0.005075534 -0.004961973 1.071854115 -0.005070587 0.999986649 0.001009134 -1.484905601 0.004967028 -0.000983949 0.999987125 54.394481659
0.999974549 0.005663091 -0.004343564 1.068388820 -0.005658961 0.999983549 0.000962624 -1.501433134 0.004348943 -0.000938020 0.999990106 54.919757843
0.999973238 0.005711542 -0.004556429 1.076859951 -0.005707019 0.999983191 0.001005013 -1.515439630 0.004562092 -0.000978982 0.999989092 55.470249176
0.999975264 0.005615185 -0.004219573 1.077784181 -0.005610691 0.999983668 0.001076386 -1.537021518 0.004225548 -0.001052685 0.999990523 56.013381958
0.999976635 0.005069852 -0.004579794 1.080854893 -0.005061944 0.999985695 0.001736994 -1.559835672 0.004588535 -0.001713770 0.999988019 56.544303894
0.999975502 0.005572374 -0.004236964 1.080724597 -0.005566230 0.999983430 0.001461004 -1.577862024 0.004245036 -0.001437385 0.999989927 57.088024139
0.999974549 0.005971947 -0.003887624 1.077262282 -0.005967120 0.999981403 0.001252235 -1.592041731 0.003895029 -0.001229005 0.999991655 57.629318237
0.999974489 0.006020813 -0.003847477 1.078824282 -0.006015907 0.999981046 0.001285648 -1.610181808 0.003855146 -0.001262469 0.999991775 58.163002014
0.999975204 0.005972437 -0.003716131 1.080813408 -0.005968293 0.999981582 0.001124855 -1.623809338 0.003722780 -0.001102648 0.999992490 58.704952240
0.999975860 0.005936830 -0.003607790 1.081234217 -0.005932312 0.999981582 0.001262074 -1.640160561 0.003615217 -0.001240641 0.999992669 59.233314514
0.999975920 0.006067799 -0.003341788 1.084476590 -0.006064389 0.999981105 0.001029680 -1.659531236 0.003347973 -0.001009389 0.999993861 59.770843506
0.999974787 0.006124013 -0.003590725 1.091271400 -0.006120205 0.999980628 0.001070312 -1.677248001 0.003597211 -0.001048309 0.999992967 60.312664032
0.999973178 0.006590581 -0.003180853 1.090439916 -0.006587632 0.999977827 0.000936702 -1.691806316 0.003186955 -0.000915723 0.999994516 60.867759705
0.999969363 0.007334407 -0.002722434 1.093531728 -0.007331692 0.999972641 0.001006405 -1.711683512 0.002729740 -0.000986414 0.999995708 61.409519196
0.999973774 0.006816900 -0.002426872 1.100299001 -0.006814630 0.999976337 0.000943184 -1.725584984 0.002433245 -0.000926621 0.999996603 61.962039948
0.999971807 0.007170406 -0.002222527 1.103589892 -0.007167954 0.999973714 0.001109423 -1.747964740 0.002230424 -0.001093461 0.999996901 62.503780365
0.999969423 0.007585738 -0.001889369 1.107901454 -0.007584660 0.999971092 0.000577573 -1.764414668 0.001893696 -0.000563225 0.999998033 63.051555634
0.999966443 0.007909800 -0.002128623 1.114998817 -0.007907805 0.999968231 0.000943663 -1.781479836 0.002136020 -0.000926799 0.999997318 63.595199585
0.999965191 0.008043378 -0.002206833 1.119298339 -0.008041313 0.999967217 0.000942945 -1.801917434 0.002214346 -0.000925167 0.999997079 64.138412476
0.999967158 0.007903480 -0.001782754 1.125782371 -0.007902369 0.999968588 0.000630358 -1.815845132 0.001787680 -0.000616249 0.999998212 64.673637390
0.999965847 0.008099536 -0.001709705 1.130024552 -0.008098584 0.999967039 0.000563474 -1.831932306 0.001714213 -0.000549609 0.999998391 65.218765259
0.999970019 0.007549933 -0.001716194 1.139999866 -0.007548728 0.999971211 0.000705805 -1.850348711 0.001721473 -0.000692828 0.999998271 65.763572693
0.999972224 0.007267266 -0.001636858 1.151572585 -0.007265929 0.999973297 0.000821221 -1.864662528 0.001642782 -0.000809305 0.999998271 66.308746338
0.999969721 0.007655801 -0.001356401 1.142299414 -0.007656385 0.999970615 -0.000425118 -1.867429733 0.001353107 0.000435490 0.999998987 66.932327271
0.999971032 0.007462639 -0.001463468 1.150242329 -0.007462656 0.999972105 -0.000006852 -1.892546058 0.001463377 0.000017773 0.999998927 67.485374451
0.999968469 0.007800291 -0.001466695 1.155183673 -0.007800393 0.999969542 -0.000064715 -1.902308822 0.001466146 0.000076154 0.999998868 68.074066162
0.999969959 0.007533852 -0.001796259 1.169643164 -0.007534531 0.999971569 -0.000371271 -1.919514656 0.001793412 0.000384794 0.999998271 68.594657898
0.999970794 0.007426749 -0.001819369 1.176786184 -0.007427806 0.999972165 -0.000575469 -1.932086349 0.001815046 0.000588966 0.999998152 69.125549316
0.999968886 0.007668029 -0.001899741 1.180545926 -0.007668786 0.999970496 -0.000391304 -1.947425723 0.001896686 0.000405861 0.999998093 69.645942688
0.999970913 0.007287479 -0.002213320 1.195357084 -0.007289863 0.999972820 -0.001070380 -1.959897518 0.002205459 0.001086485 0.999996960 70.164749146
0.999972165 0.007151843 -0.002108287 1.206385136 -0.007153354 0.999974191 -0.000709816 -1.978993177 0.002103155 0.000724878 0.999997497 70.709007263
0.999975204 0.006852942 -0.001636214 1.212210774 -0.006854526 0.999976039 -0.000963851 -1.993870139 0.001629569 0.000975043 0.999998152 71.224380493
0.999975860 0.006646826 -0.002035393 1.222222567 -0.006648642 0.999977529 -0.000886341 -2.011811733 0.002029458 0.000899852 0.999997556 71.749786377
0.999978840 0.006154646 -0.002100026 1.233760953 -0.006156333 0.999980748 -0.000798159 -2.027780533 0.002095073 0.000811070 0.999997497 72.273262024
0.999977469 0.006287342 -0.002349718 1.242818952 -0.006289960 0.999979615 -0.001108495 -2.043175220 0.002342700 0.001123250 0.999996603 72.801055908
0.999978125 0.006058946 -0.002634774 1.256560326 -0.006062157 0.999980867 -0.001212314 -2.058186531 0.002627378 0.001228260 0.999995768 73.330398560
0.999978602 0.005968442 -0.002667455 1.263229728 -0.005970840 0.999981761 -0.000891535 -2.075868368 0.002662085 0.000907444 0.999996066 73.859779358
0.999976814 0.006372933 -0.002409619 1.270395637 -0.006375833 0.999978960 -0.001197577 -2.091133833 0.002401936 0.001212912 0.999996364 74.382537842
0.999977589 0.006211054 -0.002490035 1.282169104 -0.006213085 0.999980390 -0.000808552 -2.105730295 0.002484964 0.000824004 0.999996603 74.901275635
0.999977171 0.006254494 -0.002546579 1.291403294 -0.006256290 0.999980152 -0.000698011 -2.124653101 0.002542161 0.000713927 0.999996483 75.428039551
0.999978185 0.006055688 -0.002615004 1.303139806 -0.006058282 0.999981165 -0.000985469 -2.140841246 0.002608989 0.001001290 0.999996066 75.951095581
0.999975622 0.006504616 -0.002519852 1.309753776 -0.006506981 0.999978423 -0.000931348 -2.158558846 0.002513740 0.000947722 0.999996305 76.474632263
0.999975324 0.006524396 -0.002597234 1.322670102 -0.006527388 0.999978006 -0.001145224 -2.175945520 0.002589705 0.001162148 0.999995947 77.013717651
0.999974787 0.006660847 -0.002447870 1.327672243 -0.006664670 0.999976516 -0.001556532 -2.190336227 0.002437445 0.001572807 0.999995768 77.527725220
0.999971688 0.007052138 -0.002614737 1.337149620 -0.007054193 0.999974728 -0.000778346 -2.210732937 0.002609182 0.000796769 0.999996305 78.047500610
0.999974489 0.006841362 -0.002043210 1.345446229 -0.006843238 0.999976099 -0.000912584 -2.229367971 0.002036920 0.000926543 0.999997497 78.564331055
0.999970436 0.007491353 -0.001727796 1.353019953 -0.007493425 0.999971211 -0.001196286 -2.240726709 0.001718784 0.001209197 0.999997795 79.092834473
0.999971211 0.007352734 -0.001856987 1.361998320 -0.007354392 0.999972582 -0.000888119 -2.259397030 0.001850408 0.000901751 0.999997854 79.629241943
0.999972641 0.007197772 -0.001701362 1.376745701 -0.007199053 0.999973834 -0.000747583 -2.279803276 0.001695938 0.000759811 0.999998271 80.145515442
0.999970734 0.007608740 -0.000745511 1.384483218 -0.007609398 0.999970675 -0.000886078 -2.291769028 0.000738748 0.000891726 0.999999344 80.674110413
0.999975860 0.006919937 0.000588980 1.396954060 -0.006918945 0.999974668 -0.001672224 -2.300768852 -0.000600536 0.001668109 0.999998450 81.206771851
0.999977469 0.006575927 0.001428268 1.409779429 -0.006573360 0.999976754 -0.001795348 -2.317069530 -0.001440041 0.001785919 0.999997377 81.742416382
0.999969482 0.007190768 0.003041055 1.413792491 -0.007185336 0.999972522 -0.001793333 -2.330815554 -0.003053867 0.001771427 0.999993742 82.281959534
0.999954343 0.007307791 0.006143715 1.435175180 -0.007296846 0.999971747 -0.001801918 -2.349615097 -0.006156709 0.001757005 0.999979436 82.836601257
0.999930859 0.006887648 0.009528700 1.452872753 -0.006873981 0.999975324 -0.001466496 -2.366865396 -0.009538567 0.001400894 0.999953449 83.375457764
0.999892652 0.006940379 0.012901143 1.471841097 -0.006915662 0.999974191 -0.001959521 -2.380541801 -0.012914409 0.001870091 0.999914885 83.911506653
0.999827623 0.007248516 0.017091788 1.495301366 -0.007220270 0.999972403 -0.001713749 -2.399543285 -0.017103739 0.001590046 0.999852479 84.461364746
0.999698102 0.007526913 0.023386285 1.522703409 -0.007489997 0.999970555 -0.001665790 -2.417188168 -0.023398137 0.001490124 0.999725103 85.010162354
0.999535322 0.007538815 0.029534284 1.551545858 -0.007482579 0.999969959 -0.002014150 -2.430735588 -0.029548582 0.001792221 0.999561727 85.552986145
0.999319613 0.007745944 0.036059652 1.580052495 -0.007684098 0.999968767 -0.001853408 -2.447903633 -0.036072891 0.001575061 0.999347925 86.080543518
0.999011695 0.007301447 0.043844137 1.622369766 -0.007209654 0.999971449 -0.002251357 -2.462257385 -0.043859318 0.001933031 0.999035835 86.632095337
0.998602986 0.006916968 0.052385408 1.670044184 -0.006778904 0.999973059 -0.002812775 -2.477749825 -0.052403454 0.002453730 0.998622954 87.179618835
0.998224795 0.006624597 0.059188873 1.714458942 -0.006467625 0.999974966 -0.002843234 -2.492582560 -0.059206229 0.002455377 0.998242736 87.716636658
0.997613013 0.007014035 0.068694763 1.764921665 -0.006839148 0.999972701 -0.002780697 -2.510406017 -0.068712384 0.002304246 0.997633815 88.257804871
0.996867537 0.006648443 0.078809582 1.830915451 -0.006398757 0.999973595 -0.003420336 -2.530380011 -0.078830250 0.002905339 0.996883810 88.771095276
0.996134818 0.006413470 0.087602705 1.891726017 -0.006124149 0.999974966 -0.003571012 -2.539612532 -0.087623410 0.003020717 0.996149063 89.319076538
0.995477796 0.005870121 0.094812863 1.964041710 -0.005523808 0.999977052 -0.003914617 -2.555727243 -0.094833657 0.003373186 0.995487332 89.850036621
0.994476140 0.005797721 0.104803309 2.042399883 -0.005333953 0.999974668 -0.004704859 -2.567906857 -0.104827926 0.004119854 0.994481802 90.382400513
0.993275702 0.005609109 0.115637824 2.126037598 -0.005163978 0.999978065 -0.004148575 -2.592074633 -0.115658589 0.003523527 0.993282795 90.934181213
0.992158532 0.005371934 0.124870323 2.217074394 -0.004838335 0.999977827 -0.004576116 -2.608791828 -0.124892153 0.003936067 0.992162526 91.472572327
0.990602076 0.005480172 0.136665523 2.313694000 -0.004955015 0.999978960 -0.004182535 -2.624997139 -0.136685535 0.003466049 0.990608394 92.017074585
0.988824725 0.004614007 0.149011180 2.417658806 -0.003987082 0.999981880 -0.004505683 -2.645029068 -0.149029240 0.003861210 0.988825262 92.549545288
0.987134397 0.004116826 0.159839436 2.526718140 -0.003488161 0.999985039 -0.004213476 -2.662724495 -0.159854382 0.003601721 0.987134039 93.101020813
0.985383630 0.004655759 0.170286164 2.637680054 -0.003941587 0.999981880 -0.004531779 -2.678886414 -0.170304194 0.003794344 0.985384226 93.664176941
0.983079255 0.004270745 0.183131561 2.764227867 -0.003535218 0.999984324 -0.004342671 -2.699269533 -0.183147222 0.003621781 0.983078837 94.208259583
0.980745792 0.004239658 0.195242912 2.898046494 -0.003427686 0.999984026 -0.004496454 -2.717643261 -0.195258856 0.003740647 0.980744660 94.731132507
0.978667259 0.003737533 0.205417573 3.027713776 -0.002828557 0.999984801 -0.004718481 -2.733243942 -0.205432102 0.004036787 0.978663027 95.265907288
0.975840569 0.003207176 0.218460247 3.169744492 -0.002304547 0.999987662 -0.004386458 -2.754291534 -0.218471617 0.003777032 0.975836039 95.772758484
0.972791314 0.002191635 0.231672719 3.330913544 -0.001137163 0.999988377 -0.004685004 -2.776976347 -0.231680304 0.004294084 0.972782493 96.343955994
0.970113516 0.002370518 0.242639825 3.480390549 -0.001283668 0.999988437 -0.004637272 -2.794497490 -0.242648020 0.004187212 0.970105350 96.880477905
0.967317283 0.001420185 0.253564835 3.655517578 -0.000212835 0.999988496 -0.004788870 -2.818590879 -0.253568739 0.004578390 0.967306554 97.407608032
0.963922322 0.000561466 0.266183108 3.847671509 0.000461687 0.999992788 -0.003781205 -2.847641706 -0.266183287 0.003767681 0.963915050 97.865020752
0.960245728 0.000693483 0.279155165 4.016244888 0.000561055 0.999990106 -0.004414128 -2.863193750 -0.279155463 0.004395269 0.960235834 98.472496033
0.956796765 0.000921149 0.290756017 4.191953659 0.000151217 0.999993384 -0.003665709 -2.891541004 -0.290757418 0.003551306 0.956790209 99.001464844
0.952415943 0.000417167 0.304801106 4.390533447 0.000894359 0.999990880 -0.004163255 -2.904006720 -0.304800063 0.004237752 0.952406943 99.532341003
0.947831511 -0.000006671 0.318771571 4.594064713 0.001403047 0.999990404 -0.004150877 -2.925031900 -0.318768382 0.004381585 0.947822511 100.055526733
0.943778098 0.000148600 0.330579221 4.798643112 0.001423492 0.999988914 -0.004513467 -2.936757803 -0.330576152 0.004730289 0.943767428 100.577529907
0.939207792 -0.000217807 0.343349099 5.034215927 0.001926705 0.999987364 -0.004636015 -2.958016872 -0.343343824 0.005015714 0.939196408 101.149337769
0.933953285 0.000467745 0.357394785 5.245565414 0.001256866 0.999988675 -0.004593226 -2.973755121 -0.357392788 0.004739055 0.933942199 101.652374268
0.929203987 -0.000632507 0.369566739 5.481021881 0.002439841 0.999987245 -0.004423047 -2.994058132 -0.369559199 0.005011598 0.929193676 102.138397217
0.924333811 -0.002444498 0.381577104 5.765966415 0.004688256 0.999976754 -0.004950697 -3.026533127 -0.381556123 0.006365028 0.924323738 102.793113708
0.918190837 -0.000083661 0.396138102 5.947235107 0.001278062 0.999995470 -0.002751176 -3.080374718 -0.396136105 0.003032393 0.918186784 103.232414246
0.912617147 -0.004799133 0.408787072 6.271541595 0.007538258 0.999958634 -0.005089713 -3.062514067 -0.408745736 0.007726503 0.912615597 103.824974060
0.907745063 -0.005641367 0.419484347 6.521347046 0.008438603 0.999952793 -0.004813049 -3.085781097 -0.419437408 0.007908884 0.907749832 104.301292419
0.901943624 -0.004820231 0.431826919 6.777648926 0.007624164 0.999959588 -0.004762394 -3.100750923 -0.431786507 0.007587730 0.901943922 104.789382935
0.895488977 -0.004779396 0.445057988 7.050163269 0.007631669 0.999960184 -0.004617084 -3.117754459 -0.445018232 0.007531082 0.895489872 105.281311035
0.889602661 -0.007430550 0.456674755 7.322982788 0.010786345 0.999930501 -0.004741948 -3.139585018 -0.456607878 0.009144300 0.889621079 105.741996765
0.883804381 -0.007852176 0.467790663 7.606830597 0.011275876 0.999926209 -0.004519271 -3.151165724 -0.467720687 0.009268899 0.883827746 106.228683472
0.876354635 -0.008184798 0.481596917 7.867313385 0.011573642 0.999924779 -0.004066539 -3.177700043 -0.481527388 0.009137561 0.876383424 106.661216736
