1.000000000 0.000000000 0.000000000 0.000000000 0.000000000 1.000000000 0.000000000 0.000000000 0.000000000 0.000000000 1.000000000 0.000000000
1.000000000 0.000063875 -0.000022682 0.000254002 -0.000063875 1.000000000 0.000015647 0.000493210 0.000022683 -0.000015646 1.000000000 0.002334924
1.000000000 -0.000004725 -0.000045254 0.000843632 0.000004727 1.000000000 0.000057023 -0.001087277 0.000045254 -0.000057023 1.000000000 0.001009475
1.000000000 -0.000035697 -0.000037793 0.000601000 0.000035696 1.000000000 -0.000040290 0.000416701 0.000037794 0.000040288 1.000000000 -0.001623404
1.000000000 -0.000170920 -0.000113092 0.001202905 0.000170927 1.000000000 0.000062804 -0.000966897 0.000113081 -0.000062823 1.000000000 0.000081551
1.000000000 -0.000145293 -0.000119412 -0.000563040 0.000145298 1.000000000 0.000046930 0.000010661 0.000119405 -0.000046947 1.000000000 -0.000593908
1.000000000 -0.000143624 -0.000060014 0.000678840 0.000143628 1.000000000 0.000060325 -0.000665617 0.000060005 -0.000060333 1.000000000 0.001532844
1.000000000 -0.000157436 -0.000062721 0.000091137 0.000157441 1.000000000 0.000082097 -0.000844205 0.000062708 -0.000082107 1.000000000 -0.000506216
1.000000000 -0.000040605 -0.000088795 0.000770950 0.000040609 1.000000000 0.000054988 0.000275003 0.000088793 -0.000054992 1.000000000 -0.001670339
1.000000000 -0.000039321 -0.000010226 -0.000382591 0.000039322 1.000000000 0.000045816 0.000729813 0.000010224 -0.000045817 1.000000000 0.002823740
1.000000000 -0.000072031 -0.000061104 0.000785622 0.000072032 1.000000000 0.000018219 0.000554912 0.000061103 -0.000018223 1.000000000 -0.000012784
1.000000000 -0.000106218 -0.000128449 0.001013473 0.000106224 1.000000000 0.000053406 0.000193705 0.000128443 -0.000053419 1.000000000 -0.000243864
1.000000000 -0.000096230 -0.000041361 -0.000409128 0.000096229 1.000000000 -0.000022681 0.001528776 0.000041363 0.000022677 1.000000000 0.002515838
0.999999940 -0.000224380 -0.000126873 0.000910491 0.000224393 0.999999940 0.000099640 0.000169666 0.000126851 -0.000099668 1.000000000 -0.001536608
1.000000000 -0.000133411 -0.000146364 0.001297246 0.000133418 1.000000000 0.000047535 -0.000355412 0.000146358 -0.000047554 1.000000000 -0.002044424
1.000000000 -0.000133928 -0.000175132 0.003549970 0.000133951 1.000000000 0.000134901 -0.000737948 0.000175114 -0.000134925 1.000000000 -0.004905744
1.000000000 -0.000106112 -0.000050554 0.001245278 0.000106116 1.000000000 0.000077561 -0.000315719 0.000050546 -0.000077567 1.000000000 -0.002801098
1.000000000 -0.000032772 -0.000071981 0.001851192 0.000032775 1.000000000 0.000035214 -0.000355629 0.000071980 -0.000035217 1.000000000 -0.000322396
1.000000000 -0.000035033 -0.000125810 0.002058808 0.000035048 1.000000000 0.000120087 -0.000546311 0.000125806 -0.000120091 1.000000000 -0.003246856
0.999999940 -0.000224360 -0.000137967 0.001347479 0.000224371 1.000000000 0.000075350 -0.000407520 0.000137950 -0.000075381 1.000000000 -0.003311859
1.000000000 -0.000189021 -0.000102563 0.000788807 0.000189031 1.000000000 0.000090618 0.000450589 0.000102546 -0.000090638 1.000000000 0.001320941
1.000000000 -0.000199100 -0.000115136 0.000388735 0.000199113 1.000000000 0.000114186 -0.001664041 0.000115113 -0.000114209 1.000000000 -0.003642990
1.000000000 -0.000087303 -0.000162579 0.003641075 0.000087324 1.000000000 0.000126354 -0.000906525 0.000162568 -0.000126368 1.000000000 -0.002552920
1.000000000 -0.000058274 -0.000134465 0.002910126 0.000058285 1.000000000 0.000084862 -0.001080194 0.000134460 -0.000084870 1.000000000 -0.001139147
0.999999940 -0.000196374 -0.000188941 0.003018076 0.000196399 1.000000000 0.000133847 -0.001200748 0.000188914 -0.000133885 1.000000000 -0.005069980
0.999999940 -0.000188760 -0.000186168 0.002565785 0.000188775 1.000000000 0.000082772 0.000327969 0.000186152 -0.000082807 1.000000000 -0.001203950
1.000000000 -0.000171326 -0.000141389 0.003044175 0.000171337 1.000000000 0.000078834 0.000281887 0.000141375 -0.000078858 1.000000000 -0.002827222
0.999999940 -0.000232312 -0.000156471 0.003306627 0.000232328 0.999999940 0.000101866 -0.000632118 0.000156447 -0.000101903 1.000000000 -0.003690928
0.999999940 -0.000220420 -0.000108725 0.000275991 0.000220428 1.000000000 0.000077809 -0.000941306 0.000108708 -0.000077833 1.000000000 -0.002811841
1.000000000 -0.000069847 -0.000194365 0.002906823 0.000069877 1.000000000 0.000150614 -0.000824755 0.000194355 -0.000150628 0.999999940 -0.003088828
0.999999940 -0.000228337 -0.000200393 0.004288937 0.000228360 0.999999940 0.000116799 -0.001023082 0.000200366 -0.000116844 1.000000000 -0.003272497
0.999999940 -0.000200058 -0.000217532 0.003475361 0.000200086 1.000000000 0.000128265 -0.000533208 0.000217506 -0.000128308 0.999999940 -0.002326457
1.000000000 -0.000173486 -0.000152732 0.002566139 0.000173502 1.000000000 0.000104600 -0.000420456 0.000152713 -0.000104627 1.000000000 -0.004880683
1.000000000 -0.000094399 -0.000144082 0.002759135 0.000094410 1.000000000 0.000073134 -0.001018001 0.000144075 -0.000073148 1.000000000 -0.002798830
1.000000000 -0.000125127 -0.000139919 0.002499820 0.000125139 1.000000000 0.000085862 -0.000491349 0.000139909 -0.000085879 1.000000000 -0.001344198
0.999999940 -0.000199620 -0.000153286 0.002117495 0.000199644 0.999999940 0.000153784 -0.001662566 0.000153256 -0.000153814 1.000000000 -0.005040508
0.999999940 -0.000201148 -0.000223462 0.003267730 0.000201168 1.000000000 0.000089889 0.000193388 0.000223444 -0.000089934 1.000000000 -0.002612007
0.999999940 -0.000209834 -0.000200762 0.004102801 0.000209861 0.999999940 0.000131329 0.000320353 0.000200735 -0.000131371 1.000000000 -0.004477573
1.000000000 -0.000147006 -0.000111078 0.000948525 0.000147017 1.000000000 0.000097809 -0.000267259 0.000111063 -0.000097825 1.000000000 -0.003058763
1.000000000 -0.000120430 -0.000173928 0.002183038 0.000120458 1.000000000 0.000163560 -0.000747909 0.000173908 -0.000163581 1.000000000 -0.004421108
0.999999940 -0.000158471 -0.000202723 0.004842524 0.000158487 1.000000000 0.000077651 -0.001808788 0.000202711 -0.000077683 1.000000000 -0.001477662
1.000000000 -0.000211817 -0.000005290 0.000810861 0.000211814 0.999999821 -0.000537278 -0.002588144 0.000005404 0.000537276 0.999999881 0.050260164
1.000000000 -0.000024293 -0.000149059 0.003365888 0.000024125 0.999999344 -0.001127982 -0.004053247 0.000149086 0.001127978 0.999999344 0.141377643
1.000000000 -0.000138949 -0.000084776 0.004172123 0.000138825 0.999998927 -0.001461237 -0.007885288 0.000084979 0.001461225 0.999998927 0.258643448
1.000000000 -0.000102271 -0.000037030 0.006504592 0.000102219 0.999999046 -0.001386675 -0.011356531 0.000037171 0.001386671 0.999999046 0.393178493
1.000000000 -0.000016805 -0.000136064 0.010141944 0.000016650 0.999999344 -0.001142286 -0.018612998 0.000136083 0.001142284 0.999999344 0.529471219
1.000000000 0.000057621 -0.000051976 0.012098861 -0.000057679 0.999999404 -0.001113637 -0.021219600 0.000051911 0.001113640 0.999999404 0.685873866
1.000000000 0.000004104 0.000076606 0.015597873 -0.000004036 0.999999583 -0.000881828 -0.025346972 -0.000076609 0.000881828 0.999999583 0.846908391
0.999999940 0.000329116 0.000218362 0.011935627 -0.000328941 0.999999642 -0.000801818 -0.025150372 -0.000218626 0.000801746 0.999999642 1.029238582
1.000000000 0.000057968 -0.000207952 0.026234642 -0.000058084 0.999999821 -0.000554386 -0.038470503 0.000207920 0.000554398 0.999999821 1.188267589
1.000000000 0.000012989 -0.000014029 0.028458014 -0.000012993 0.999999940 -0.000276780 -0.041472156 0.000014026 0.000276781 0.999999940 1.366643906
0.999999940 0.000255448 -0.000160112 0.036407653 -0.000255496 0.999999940 -0.000297020 -0.042864799 0.000160037 0.000297061 0.999999940 1.574883580
1.000000000 0.000099750 0.000125451 0.037359573 -0.000099718 1.000000000 -0.000261077 -0.046980817 -0.000125477 0.000261064 0.999999940 1.770631671
1.000000000 -0.000099420 -0.000177108 0.045467775 0.000099434 1.000000000 0.000075712 -0.053171411 0.000177101 -0.000075729 1.000000000 1.978754282
1.000000000 -0.000141091 0.000049047 0.047933161 0.000141100 1.000000000 -0.000191509 -0.058334224 -0.000049020 0.000191516 1.000000000 2.184306145
1.000000000 0.000006055 0.000010118 0.055013768 -0.000006055 1.000000000 -0.000021493 -0.064648092 -0.000010118 0.000021493 1.000000000 2.399126053
1.000000000 -0.000106988 -0.000036238 0.060532495 0.000106985 0.999999940 -0.000077147 -0.068552345 0.000036246 0.000077143 1.000000000 2.624583483
1.000000119 -0.000051105 0.000199772 0.060816299 0.000051122 1.000000000 -0.000088542 -0.074460454 -0.000199767 0.000088552 1.000000000 2.862309933
0.999999940 0.000589724 0.000217681 0.067318238 -0.000589706 0.999999821 -0.000084004 -0.082278445 -0.000217731 0.000083876 0.999999940 3.090973616
0.999999762 0.000646954 0.000260684 0.073373809 -0.000646928 0.999999762 -0.000098523 -0.089528307 -0.000260748 0.000098354 0.999999940 3.328757524
0.999999821 0.000410018 0.000293819 0.076881580 -0.000410033 0.999999881 0.000049095 -0.099305436 -0.000293799 -0.000049215 1.000000000 3.568024158
0.999999940 0.000292008 0.000174779 0.089802675 -0.000292064 1.000000000 0.000319323 -0.108255267 -0.000174686 -0.000319374 0.999999940 3.828276873
0.999999285 0.001103758 0.000461324 0.088103838 -0.001103966 0.999999285 0.000451351 -0.118637010 -0.000460825 -0.000451860 0.999999762 4.088642120
0.999998212 0.001756488 0.000666648 0.091350138 -0.001756891 0.999998331 0.000604623 -0.123938009 -0.000665585 -0.000605793 0.999999583 4.346083641
0.999998987 0.001330947 0.000601803 0.097754173 -0.001331330 0.999998927 0.000636629 -0.130518779 -0.000600955 -0.000637429 0.999999642 4.604927063
0.999999821 0.000389525 0.000699050 0.096648976 -0.000390390 0.999999166 0.001237449 -0.152917534 -0.000698568 -0.001237722 0.999998987 4.841576576
0.999999821 0.000191479 0.000621386 0.101354755 -0.000192411 0.999998868 0.001500109 -0.159236774 -0.000621098 -0.001500228 0.999998629 5.102654457
0.999999821 0.000025602 0.000592342 0.111714236 -0.000026381 0.999999046 0.001314804 -0.162613243 -0.000592308 -0.001314819 0.999998987 5.377174377
1.000000000 -0.000025707 0.000354652 0.119159937 0.000025209 0.999998987 0.001405510 -0.176693052 -0.000354688 -0.001405501 0.999998987 5.623212814
0.999999642 0.000580291 0.000496487 0.125349298 -0.000580879 0.999999106 0.001184457 -0.181299284 -0.000495799 -0.001184745 0.999999106 5.904265881
0.999999762 0.000380684 0.000462789 0.131489009 -0.000381299 0.999998987 0.001330020 -0.191858754 -0.000462282 -0.001330197 0.999998987 6.182086468
0.999999404 0.000753037 0.000820770 0.131965682 -0.000754087 0.999998868 0.001280610 -0.196316406 -0.000819805 -0.001281228 0.999998808 6.474315166
0.999999523 0.000586895 0.000800418 0.140901357 -0.000588003 0.999998808 0.001385042 -0.207925394 -0.000799604 -0.001385511 0.999998689 6.750646591
0.999999583 0.000411427 0.000840033 0.142590791 -0.000412541 0.999999046 0.001327245 -0.215369895 -0.000839486 -0.001327591 0.999998748 7.040036201
0.999999881 0.000128002 0.000442746 0.157207012 -0.000128750 0.999998569 0.001688809 -0.237344310 -0.000442529 -0.001688865 0.999998450 7.348250389
0.999999940 0.000338122 0.000325066 0.166099429 -0.000338663 0.999998629 0.001664379 -0.247976795 -0.000324503 -0.001664489 0.999998569 7.662631035
0.999999881 0.000068997 0.000401000 0.173580348 -0.000069733 0.999998271 0.001835882 -0.259453624 -0.000400872 -0.001835910 0.999998212 7.991479874
0.999999821 0.000123323 0.000614194 0.173763588 -0.000124535 0.999998033 0.001973377 -0.269952774 -0.000613949 -0.001973454 0.999997854 8.296811104
0.999999940 -0.000044151 0.000314419 0.188029155 0.000043463 0.999997556 0.002188445 -0.280586809 -0.000314515 -0.002188431 0.999997556 8.618665695
0.999999762 0.000166925 0.000711794 0.187246114 -0.000168392 0.999997854 0.002061169 -0.284976602 -0.000711448 -0.002061289 0.999997616 8.965620041
0.999999583 0.000270853 0.000920766 0.192077354 -0.000272851 0.999997616 0.002170581 -0.298991442 -0.000920176 -0.002170832 0.999997199 9.298364639
0.999999225 0.000741996 0.000995403 0.190548405 -0.000743992 0.999997735 0.002006107 -0.312563837 -0.000993913 -0.002006846 0.999997497 9.647373199
0.999999046 0.000940517 0.001005466 0.199094415 -0.000942686 0.999997318 0.002158906 -0.319660485 -0.001003432 -0.002159852 0.999997199 9.993754387
0.999999106 0.000678605 0.001111923 0.203065827 -0.000681200 0.999997139 0.002335157 -0.332918882 -0.001110335 -0.002335912 0.999996662 10.360225677
0.999999464 0.000290838 0.001001322 0.223714381 -0.000293265 0.999997139 0.002425062 -0.342363566 -0.001000614 -0.002425354 0.999996543 10.713833809
0.999999583 0.000573655 0.000726041 0.234827295 -0.000575444 0.999996722 0.002466215 -0.357298225 -0.000724623 -0.002466631 0.999996662 11.094070435
0.999999404 0.000818648 0.000846018 0.241712958 -0.000820709 0.999996662 0.002437933 -0.370012879 -0.000844019 -0.002438625 0.999996662 11.469191551
0.999998748 0.001121589 0.001148834 0.248638928 -0.001124570 0.999996066 0.002597379 -0.377639621 -0.001145916 -0.002598668 0.999995947 11.860058784
0.999999523 0.000614771 0.000802583 0.262577295 -0.000617103 0.999995649 0.002908803 -0.394443095 -0.000800791 -0.002909297 0.999995470 12.219996452
0.999999106 0.000809221 0.001056827 0.270870149 -0.000812230 0.999995589 0.002849729 -0.404605567 -0.001054516 -0.002850585 0.999995351 12.625836372
0.999999225 0.000669911 0.001031547 0.277856499 -0.000672966 0.999995410 0.002964202 -0.414513469 -0.001029556 -0.002964895 0.999995053 13.031569481
0.999999583 0.000570758 0.000728588 0.294017702 -0.000572952 0.999995232 0.003015419 -0.431074798 -0.000726863 -0.003015836 0.999995232 13.427441597
0.999998868 0.000794321 0.001236096 0.298687965 -0.000798086 0.999994934 0.003048524 -0.435904026 -0.001233668 -0.003049508 0.999994576 13.845335007
0.999998629 0.000992579 0.001322306 0.315508753 -0.000997018 0.999993801 0.003360993 -0.451348931 -0.001318962 -0.003362307 0.999993503 14.246127129
0.999999046 0.000264036 0.001302547 0.320049554 -0.000268806 0.999993265 0.003662993 -0.495112062 -0.001301572 -0.003663339 0.999992430 14.662716866
0.999998987 -0.000559079 0.001282661 0.333496928 0.000554089 0.999992311 0.003887131 -0.506165981 -0.001284824 -0.003886417 0.999991596 15.081108093
0.999998808 -0.000500548 0.001418857 0.349032015 0.000494023 0.999989331 0.004595008 -0.527541459 -0.001421141 -0.004594302 0.999988377 15.500629425
0.999998093 -0.000343374 0.001981119 0.346519053 0.000334583 0.999990106 0.004435897 -0.541207790 -0.001982624 -0.004435225 0.999988198 15.961528778
0.999997497 -0.000337806 0.002225571 0.357124090 0.000327621 0.999989510 0.004574997 -0.551925719 -0.002227094 -0.004574255 0.999987066 16.411294937
0.999997020 -0.000258408 0.002415339 0.370223641 0.000246929 0.999988675 0.004751420 -0.565687478 -0.002416539 -0.004750808 0.999985814 16.853700638
0.999996305 -0.000261754 0.002695841 0.380236596 0.000247777 0.999986529 0.005183341 -0.594857156 -0.002697161 -0.005182654 0.999982953 17.313726425
0.999995112 -0.000278764 0.003087760 0.388236493 0.000262258 0.999985695 0.005344906 -0.604858875 -0.003089206 -0.005344070 0.999980927 17.783254623
0.999994934 -0.000862198 0.003061641 0.408180982 0.000845075 0.999984026 0.005589922 -0.618993282 -0.003066412 -0.005587306 0.999979675 18.244998932
0.999993742 -0.000399539 0.003509491 0.414063454 0.000381415 0.999986589 0.005163238 -0.626517296 -0.003511506 -0.005161867 0.999980509 18.677009583
0.999994516 -0.000500665 0.003260902 0.427510291 0.000483884 0.999986649 0.005144862 -0.638609290 -0.003263434 -0.005143256 0.999981463 19.144620895
0.999993980 -0.000016208 0.003484849 0.441387415 -0.000002588 0.999985397 0.005393565 -0.649862289 -0.003484885 -0.005393541 0.999979377 19.641433716
0.999994278 -0.000506825 0.003336871 0.452132255 0.000487030 0.999982238 0.005930147 -0.687955856 -0.003339817 -0.005928489 0.999976873 20.096750259
0.999994636 -0.000987401 0.003128724 0.466199428 0.000968449 0.999981225 0.006053298 -0.699264705 -0.003134642 -0.006050236 0.999976754 20.596998215
0.999995291 -0.000835557 0.002917814 0.475145042 0.000817361 0.999980271 0.006231720 -0.712796569 -0.002922964 -0.006229307 0.999976277 21.091974258
0.999996662 -0.001636530 0.001996636 0.487146854 0.001623829 0.999978542 0.006346388 -0.727494955 -0.002006979 -0.006343124 0.999977887 21.566175461
0.999996960 -0.001885805 0.001582819 0.492534697 0.001875928 0.999978840 0.006218971 -0.741925895 -0.001594514 -0.006215984 0.999979377 22.071996689
0.999997735 -0.001481486 0.001530735 0.504983008 0.001471521 0.999977887 0.006490782 -0.752546132 -0.001540317 -0.006488516 0.999977767 22.580900192
0.999996603 -0.002448422 0.000864607 0.515155494 0.002442418 0.999973297 0.006878250 -0.773183644 -0.000881425 -0.006876115 0.999975979 23.057027817
0.999996722 -0.002526057 0.000457936 0.521558762 0.002523021 0.999975622 0.006513116 -0.787637711 -0.000474377 -0.006511940 0.999978662 23.583337784
0.999994636 -0.003264661 -0.000174019 0.526173055 0.003265710 0.999974132 0.006411636 -0.796482325 0.000153082 -0.006412171 0.999979436 24.117105484
0.999996901 -0.002390268 -0.000678039 0.537624002 0.002395118 0.999970913 0.007244403 -0.830180764 0.000660703 -0.007246005 0.999973536 24.533250809
0.999996424 -0.002266633 -0.001419704 0.549561560 0.002277118 0.999969900 0.007427400 -0.840202749 0.001402826 -0.007430606 0.999971390 25.072301865
0.999995172 -0.002094225 -0.002266391 0.555143058 0.002111381 0.999968886 0.007593833 -0.848586380 0.002250417 -0.007598582 0.999968588 25.600692749
0.999995351 -0.001849490 -0.002432979 0.558544457 0.001868369 0.999967992 0.007780338 -0.868378341 0.002418512 -0.007784848 0.999966800 26.080692291
0.999993205 -0.002442078 -0.002766205 0.565887690 0.002465657 0.999960363 0.008553036 -0.881796122 0.002745209 -0.008559798 0.999959707 26.634460449
0.999990761 -0.002364380 -0.003606417 0.584945798 0.002394933 0.999961138 0.008491076 -0.895080805 0.003586201 -0.008499634 0.999957502 27.191619873
0.999990702 -0.002187362 -0.003723554 0.586612761 0.002219206 0.999960840 0.008569524 -0.920814395 0.003704664 -0.008577708 0.999956310 27.637781143
0.999987066 -0.002778157 -0.004271556 0.599097848 0.002814635 0.999959469 0.008557450 -0.932455480 0.004247609 -0.008569362 0.999954283 28.172878265
0.999985516 -0.002516154 -0.004761012 0.607077837 0.002558813 0.999956489 0.008975381 -0.947442293 0.004738222 -0.008987433 0.999948442 28.733167648
0.999985814 -0.002478792 -0.004709247 0.592208087 0.002521713 0.999955118 0.009130141 -0.981122851 0.004686404 -0.009141888 0.999947250 29.211462021
0.999981642 -0.003058243 -0.005214414 0.599984646 0.003107453 0.999950469 0.009455457 -0.996035814 0.005185239 -0.009471489 0.999941707 29.747135162
0.999984145 -0.002228969 -0.005193007 0.600373268 0.002277655 0.999953270 0.009388060 -1.008060217 0.005171839 -0.009399739 0.999942422 30.271404266
0.999983311 -0.002048423 -0.005412803 0.608252466 0.002099116 0.999953806 0.009376370 -1.017328858 0.005393346 -0.009387574 0.999941349 30.819272995
0.999977887 -0.002838081 -0.006012862 0.625249743 0.002895742 0.999949694 0.009602558 -1.034788966 0.005985306 -0.009619759 0.999935806 31.353828430
0.999975264 -0.002853954 -0.006437462 0.643268704 0.002914264 0.999951780 0.009378677 -1.046618938 0.006410385 -0.009397205 0.999935269 31.915451050
0.999974847 -0.003324692 -0.006251724 0.638122618 0.003387192 0.999944150 0.010013433 -1.070905328 0.006218083 -0.010034359 0.999930263 32.401893616
0.999971330 -0.003383056 -0.006776706 0.643793643 0.003452479 0.999941468 0.010259000 -1.082555294 0.006741602 -0.010282101 0.999924421 32.947875977
0.999972761 -0.003163945 -0.006658363 0.649027467 0.003230932 0.999944091 0.010073965 -1.087293625 0.006626117 -0.010095203 0.999927104 33.494342804
0.999973357 -0.002939571 -0.006663765 0.652565598 0.003010303 0.999939024 0.010629477 -1.104329586 0.006632112 -0.010649254 0.999921262 34.024627686
0.999973595 -0.002248766 -0.006910360 0.670400321 0.002318401 0.999946475 0.010085432 -1.148080945 0.006887310 -0.010101187 0.999925256 34.545608521
0.999974012 -0.002050458 -0.006912945 0.675173461 0.002120049 0.999947071 0.010074439 -1.155990362 0.006891921 -0.010088834 0.999925375 35.093116760
0.999972522 -0.002104423 -0.007114188 0.687979579 0.002173983 0.999949753 0.009784093 -1.162771583 0.007093241 -0.009799290 0.999926865 35.646644592
0.999970853 -0.002008141 -0.007370048 0.691499949 0.002080607 0.999949515 0.009838101 -1.178361773 0.007349919 -0.009853150 0.999924481 36.197551727
0.999975562 -0.000744873 -0.006964198 0.690890312 0.000812994 0.999951899 0.009783885 -1.185694695 0.006956575 -0.009789306 0.999927938 36.685401917
0.999967992 -0.002547835 -0.007586197 0.694208741 0.002631410 0.999935746 0.011027259 -1.230491757 0.007557614 -0.011046867 0.999910414 37.210067749
0.999967515 -0.002768640 -0.007563812 0.703857243 0.002853518 0.999932826 0.011233876 -1.240142345 0.007532200 -0.011255097 0.999908328 37.760002136
0.999967039 -0.002480987 -0.007735239 0.709929526 0.002569620 0.999930918 0.011469489 -1.250195742 0.007706250 -0.011488989 0.999904275 38.297100067
0.999966741 -0.002223740 -0.007853202 0.721264541 0.002308314 0.999939203 0.010776765 -1.256705284 0.007828759 -0.010794535 0.999911070 38.832679749
0.999960661 -0.003331195 -0.008220772 0.711588621 0.003429788 0.999922037 0.012008384 -1.305464149 0.008180128 -0.012036107 0.999894083 39.344142914
0.999956369 -0.003831847 -0.008529619 0.730069518 0.003939350 0.999912620 0.012622517 -1.324124694 0.008480507 -0.012655564 0.999883950 39.862739563
0.999957800 -0.003886295 -0.008327673 0.732246637 0.003989855 0.999914527 0.012455315 -1.331520438 0.008278556 -0.012488016 0.999887705 40.427021027
0.999961913 -0.003335464 -0.008066775 0.715031624 0.003435550 0.999916911 0.012425357 -1.335305691 0.008024660 -0.012452599 0.999890268 40.957523346
0.999957681 -0.003300173 -0.008587045 0.731580257 0.003405311 0.999919176 0.012258171 -1.367115498 0.008545893 -0.012286894 0.999888003 41.504951477
0.999955535 -0.003839663 -0.008611497 0.740110695 0.003946263 0.999915421 0.012396160 -1.372671008 0.008563170 -0.012429592 0.999886096 42.053146362
0.999952018 -0.004103315 -0.008885915 0.753566265 0.004214594 0.999912500 0.012540790 -1.385106206 0.008833677 -0.012577638 0.999881864 42.589000702
0.999951959 -0.003549613 -0.009126821 0.759414673 0.003661537 0.999917984 0.012275818 -1.391247034 0.009082497 -0.012308648 0.999882996 43.147289276
0.999953032 -0.003804010 -0.008908757 0.748842061 0.003915913 0.999913156 0.012577523 -1.407017946 0.008860137 -0.012611819 0.999881208 43.662673950
0.999952137 -0.003791329 -0.009022011 0.753187060 0.003904208 0.999913931 0.012526905 -1.417569518 0.008973744 -0.012561529 0.999880850 44.207767487
0.999955177 -0.003228955 -0.008909818 0.755784631 0.003339346 0.999917507 0.012402817 -1.427922964 0.008869037 -0.012432012 0.999883354 44.757453918
0.999952555 -0.003560125 -0.009078281 0.778139591 0.003675974 0.999911606 0.012776382 -1.442270756 0.009031993 -0.012809144 0.999877214 45.266666412
0.999948800 -0.003396685 -0.009537150 0.780596077 0.003514775 0.999917090 0.012392817 -1.451721907 0.009494264 -0.012425704 0.999877691 45.795639038
0.999949157 -0.003524482 -0.009450812 0.795079589 0.003652370 0.999901474 0.013548981 -1.494232416 0.009402129 -0.013582812 0.999863565 46.329498291
0.999948859 -0.003592409 -0.009457618 0.798622966 0.003719503 0.999902487 0.013455076 -1.499330401 0.009408359 -0.013489567 0.999864757 46.886333466
0.999947667 -0.003696584 -0.009547620 0.796020031 0.003825966 0.999900520 0.013568610 -1.510843635 0.009496515 -0.013604428 0.999862373 47.429145813
0.999950886 -0.003627394 -0.009223401 0.796592236 0.003754849 0.999897182 0.013839102 -1.524200678 0.009172253 -0.013873054 0.999861658 47.910724640
0.999948919 -0.003736316 -0.009394962 0.808789730 0.003869333 0.999891996 0.014180214 -1.536015987 0.009340967 -0.014215841 0.999855280 48.459056854
0.999950230 -0.003564739 -0.009312605 0.808545291 0.003693823 0.999896944 0.013881045 -1.543528676 0.009262161 -0.013914756 0.999860287 48.985137939
0.999949098 -0.003312090 -0.009523349 0.812498450 0.003445640 0.999895513 0.014041311 -1.549644947 0.009475848 -0.014073412 0.999856055 49.529602051
0.999949574 -0.003588032 -0.009373073 0.813640237 0.003717840 0.999897063 0.013868556 -1.561044574 0.009322345 -0.013902705 0.999859869 50.029846191
0.999950171 -0.003551321 -0.009323059 0.820011497 0.003680984 0.999896228 0.013927654 -1.566917181 0.009272631 -0.013961278 0.999859452 50.577289581
0.999949098 -0.003591514 -0.009428437 0.822991133 0.003723783 0.999894321 0.014048875 -1.575825930 0.009376984 -0.014083268 0.999856830 51.099346161
0.999943972 -0.004089609 -0.009757982 0.846561551 0.004220518 0.999900877 0.013432932 -1.577674627 0.009702080 -0.013473364 0.999862134 51.660766602
0.999950886 -0.003396380 -0.009310250 0.836835146 0.003528456 0.999892771 0.014206555 -1.595787764 0.009261000 -0.014238710 0.999855757 52.175388336
0.999950469 -0.003246419 -0.009408637 0.844089389 0.003374996 0.999900639 0.013682297 -1.600517273 0.009363282 -0.013713374 0.999862134 52.725906372
0.999943554 -0.003600941 -0.009994330 0.857481420 0.003737435 0.999899507 0.013672243 -1.610976219 0.009944092 -0.013708826 0.999856532 53.279273987
0.999946713 -0.003614940 -0.009661567 0.853237212 0.003754037 0.999888957 0.014417849 -1.627660990 0.009608374 -0.014453352 0.999849379 53.774547577
0.999947190 -0.003334947 -0.009725383 0.876847684 0.003462203 0.999908149 0.013097587 -1.603230238 0.009680809 -0.013130566 0.999866962 54.369445801
0.999945760 -0.003940174 -0.009644269 0.864086509 0.004078532 0.999888420 0.014368732 -1.646904945 0.009586579 -0.014407286 0.999850214 54.838390350
0.999948204 -0.003569250 -0.009529896 0.868208468 0.003707752 0.999887168 0.014555519 -1.652641892 0.009476870 -0.014590100 0.999848604 55.388576508
0.999950647 -0.003611665 -0.009253616 0.869294286 0.003746191 0.999886930 0.014561849 -1.666220427 0.009199978 -0.014595795 0.999851167 55.932865143
0.999953508 -0.003461146 -0.009008321 0.865483582 0.003589457 0.999891758 0.014266676 -1.669571042 0.008957966 -0.014298344 0.999857664 56.500560760
0.999952495 -0.003666164 -0.009037382 0.867992461 0.003796484 0.999888480 0.014445389 -1.686140656 0.008983416 -0.014479013 0.999854803 57.075286865
0.999946177 -0.004088820 -0.009538308 0.903298497 0.004227116 0.999885678 0.014524207 -1.690704346 0.009477831 -0.014563744 0.999849021 57.501426697
0.999941707 -0.004561340 -0.009785895 0.913167477 0.004710655 0.999872029 0.015289829 -1.705422878 0.009714902 -0.015335036 0.999835193 58.037979126
0.999944329 -0.004021785 -0.009753690 0.912523448 0.004161645 0.999888122 0.014361472 -1.703843355 0.009694843 -0.014401265 0.999849319 58.581047058
0.999948561 -0.004157609 -0.009252713 0.910900950 0.004289076 0.999889493 0.014234174 -1.717062831 0.009192511 -0.014273128 0.999855936 59.098926544
0.999938607 -0.004767696 -0.010004537 0.934389770 0.004912704 0.999882460 0.014519994 -1.722392321 0.009934136 -0.014568251 0.999844551 59.650852203
0.999939442 -0.004680004 -0.009963055 0.955524802 0.004821332 0.999887347 0.014208667 -1.730200291 0.009895440 -0.014255843 0.999849439 60.171318054
0.999929965 -0.005114535 -0.010664341 0.962247670 0.005270099 0.999879420 0.014610632 -1.745327234 0.010588329 -0.014665814 0.999836385 60.659641266
0.999940813 -0.004457820 -0.009933016 0.912266493 0.004600819 0.999885440 0.014420278 -1.760233283 0.009867596 -0.014465124 0.999846637 61.262054443
0.999936938 -0.004223381 -0.010408767 0.995890141 0.004367269 0.999894679 0.013839889 -1.729589939 0.010349222 -0.013884476 0.999849975 61.772331238
0.999936402 -0.004996571 -0.010111363 0.966175973 0.005151698 0.999868453 0.015374334 -1.789354801 0.010033213 -0.015425447 0.999830663 62.282344818
0.999943197 -0.004460501 -0.009682681 0.975136697 0.004611104 0.999867797 0.015587650 -1.803879738 0.009611873 -0.015631413 0.999831617 62.822845459
0.999939561 -0.004630532 -0.009972541 0.978058994 0.004792395 0.999856114 0.016268594 -1.815881491 0.009895774 -0.016315404 0.999817908 63.377998352
0.999934971 -0.004686950 -0.010395198 0.988284469 0.004846928 0.999869347 0.015418117 -1.813748837 0.010321576 -0.015467501 0.999827087 63.943164825
0.999927998 -0.005547267 -0.010641613 0.999092698 0.005708372 0.999868631 0.015169071 -1.814000130 0.010556067 -0.015228725 0.999828279 64.479316711
0.999936879 -0.004707179 -0.010204827 1.002623320 0.004863392 0.999870539 0.015337404 -1.831370115 0.010131311 -0.015386065 0.999830306 64.988937378
0.999936581 -0.004604192 -0.010280224 1.005405068 0.004760722 0.999872208 0.015253990 -1.835845947 0.010208680 -0.015301962 0.999830782 65.547027588
0.999939382 -0.004488312 -0.010050252 1.009585381 0.004641798 0.999872208 0.015301049 -1.845487118 0.009980291 -0.015346775 0.999832451 66.080932617
0.999928594 -0.005768516 -0.010464530 1.023318410 0.005936333 0.999853134 0.016077138 -1.860718489 0.010370250 -0.016138114 0.999816000 66.606742859
0.999934852 -0.005289219 -0.010121896 1.010853767 0.005441112 0.999872088 0.015038126 -1.857513547 0.010041064 -0.015092221 0.999835670 67.157722473
0.999938071 -0.004812348 -0.010043707 1.020599604 0.004965811 0.999870420 0.015310788 -1.876276493 0.009968725 -0.015359714 0.999832273 67.658111572
0.999932170 -0.005181503 -0.010421284 1.032932758 0.005339530 0.999870360 0.015193678 -1.879671097 0.010341207 -0.015248297 0.999830186 68.202941895
0.999927759 -0.005319764 -0.010773817 1.045901060 0.005483364 0.999869227 0.015212736 -1.895445108 0.010691481 -0.015270715 0.999826193 68.740905762
0.999927521 -0.005323635 -0.010801800 1.051337004 0.005488133 0.999868512 0.015256733 -1.892516136 0.010719157 -0.015314909 0.999825239 69.260871887
0.999927938 -0.005340887 -0.010747219 1.067304969 0.005504136 0.999869049 0.015218122 -1.905163646 0.010664534 -0.015276182 0.999826372 69.830886841
0.999936521 -0.005165211 -0.010015789 1.050350070 0.005318286 0.999868572 0.015317379 -1.901830554 0.009935357 -0.015369675 0.999832451 70.352577209
0.999939859 -0.004748859 -0.009877622 1.049686193 0.004902503 0.999866366 0.015589218 -1.932139039 0.009802272 -0.015636705 0.999829710 70.846191406
0.999935508 -0.004821579 -0.010274570 1.056940913 0.004980403 0.999867678 0.015488849 -1.941446066 0.010198530 -0.015539022 0.999827266 71.384628296
0.999933124 -0.005121248 -0.010363129 1.052363873 0.005276749 0.999873042 0.015033987 -1.939167380 0.010284822 -0.015087663 0.999833286 71.966751099
0.999934912 -0.004914744 -0.010291409 1.072964430 0.005072422 0.999869227 0.015351761 -1.957280040 0.010214615 -0.015402965 0.999829173 72.431961060
0.999938250 -0.004672023 -0.010086234 1.078085899 0.004828509 0.999867439 0.015546686 -1.970574379 0.010012263 -0.015594426 0.999828219 72.980636597
0.999930322 -0.005472347 -0.010459303 1.085337758 0.005632617 0.999866188 0.015355704 -1.977010012 0.010373872 -0.015413546 0.999827385 73.526313782
0.999935329 -0.004945948 -0.010236019 1.094481945 0.005106083 0.999864042 0.015677579 -1.986208916 0.010157088 -0.015728829 0.999824703 74.048233032
0.999929130 -0.005344692 -0.010634390 1.108854771 0.005509988 0.999863505 0.015575384 -1.996688724 0.010549692 -0.015632873 0.999822140 74.575683594
0.999928772 -0.005328363 -0.010677422 1.110728264 0.005496149 0.999860883 0.015746752 -2.006672144 0.010592032 -0.015804315 0.999819040 75.108650208
0.999934673 -0.004814992 -0.010360844 1.120105028 0.004973930 0.999869525 0.015369609 -2.009189367 0.010285485 -0.015420140 0.999828279 75.654083252
0.999945819 -0.004277034 -0.009491116 1.086014152 0.004424494 0.999868929 0.015570296 -2.022328138 0.009423277 -0.015611446 0.999833703 76.132400513
0.999934196 -0.005147032 -0.010250811 1.115761995 0.005310778 0.999857724 0.016011339 -2.033399105 0.010166941 -0.016064726 0.999819279 76.668289185
0.999933779 -0.005464150 -0.010130122 1.105970025 0.005615286 0.999872446 0.014951461 -2.017469883 0.010047133 -0.015007354 0.999836922 77.252151489
0.999934196 -0.005437101 -0.010096961 1.132006288 0.005597635 0.999857306 0.015939634 -2.044165134 0.010008852 -0.015995108 0.999821961 77.759658813
0.999936819 -0.005104480 -0.010011732 1.136118889 0.005262884 0.999860346 0.015859891 -2.053595543 0.009929379 -0.015911581 0.999824107 78.297500610
0.999936879 -0.005138882 -0.009982816 1.143314362 0.005296570 0.999860585 0.015834225 -2.063313246 0.009900055 -0.015886102 0.999824822 78.823951721
0.999938011 -0.005504060 -0.009676129 1.152750015 0.005657578 0.999857366 0.015910575 -2.067973137 0.009587176 -0.015964331 0.999826610 79.366706848
0.999954343 -0.004837024 -0.008231509 1.152090788 0.004964503 0.999866962 0.015537362 -2.071667910 0.008155258 -0.015577517 0.999845386 79.912002563
0.999963105 -0.005000660 -0.006985307 1.162436008 0.005108374 0.999866962 0.015488027 -2.079911470 0.006906926 -0.015523137 0.999855578 80.452400208
0.999973774 -0.004783352 -0.005441352 1.171985865 0.004865245 0.999873579 0.015137909 -2.084960461 0.005368255 -0.015163989 0.999870539 80.995048523
0.999988258 -0.004461256 -0.001903082 1.186889291 0.004489768 0.999873638 0.015250125 -2.094288111 0.001834807 -0.015258490 0.999881923 81.547012329
0.999986589 -0.004877061 0.001765790 1.213837147 0.004849061 0.999867678 0.015527426 -2.106090784 -0.001841285 -0.015518656 0.999877870 82.065315247
0.999975502 -0.004988470 0.004938657 1.219746590 0.004911336 0.999867618 0.015509429 -2.108288050 -0.005015373 -0.015484789 0.999867499 82.628837585
0.999942899 -0.005414975 0.009216530 1.253499985 0.005280067 0.999879479 0.014599448 -2.071740627 -0.009294474 -0.014549950 0.999850929 83.241394043
0.999863148 -0.004472227 0.015927792 1.263006449 0.004218481 0.999864161 0.015929194 -2.127734661 -0.015996868 -0.015859822 0.999746263 83.727233887
0.999763787 -0.004674920 0.021228598 1.299382448 0.004340382 0.999866068 0.015777655 -2.137556553 -0.021299515 -0.015681786 0.999650180 84.266716003
0.999616802 -0.004609043 0.027294109 1.323645115 0.004179458 0.999866843 0.015775258 -2.140384674 -0.027363183 -0.015655138 0.999502957 84.812438965
0.999385715 -0.004739542 0.034724347 1.359107494 0.004191038 0.999865592 0.015851738 -2.135626316 -0.034794807 -0.015696468 0.999271214 85.400421143
0.999061227 -0.005015638 0.043029226 1.407368898 0.004346052 0.999868214 0.015640616 -2.152667999 -0.043101996 -0.015438925 0.998951375 85.912437439
0.998759508 -0.005192169 0.049521562 1.451287746 0.004414684 0.999865472 0.015796399 -2.157686710 -0.049596917 -0.015558184 0.998648047 86.459724426
0.998274148 -0.005006320 0.058511723 1.497571707 0.004093725 0.999868274 0.015706273 -2.162362576 -0.058582645 -0.015439635 0.998163164 86.995223999
0.997631848 -0.005608294 0.068550192 1.560547352 0.004538992 0.999865770 0.015744638 -2.171976566 -0.068629272 -0.015396204 0.997523546 87.538192749
0.996988714 -0.005550153 0.077347197 1.623159409 0.004335234 0.999864697 0.015866393 -2.178727150 -0.077424802 -0.015483296 0.996877968 88.094131470
0.996333420 -0.005488866 0.085378893 1.688065052 0.004167552 0.999868870 0.015646422 -2.185853481 -0.085453562 -0.015233232 0.996225715 88.639724731
0.995365620 -0.004948738 0.096036196 1.758248329 0.003423923 0.999865532 0.016035803 -2.191137075 -0.096102633 -0.015632663 0.995248735 89.178916931
0.994306803 -0.006237844 0.106372461 1.849766254 0.004569106 0.999862790 0.015924184 -2.200651407 -0.106457211 -0.015347497 0.994198859 89.718170166
0.993302763 -0.006353866 0.115365647 1.937023163 0.004561443 0.999864876 0.015794253 -2.208548546 -0.115450412 -0.015162242 0.993197501 90.262557983
0.991943657 -0.006286706 0.126523286 2.026284218 0.004309562 0.999864399 0.015894387 -2.213426590 -0.126606032 -0.015221074 0.991836309 90.810035706
0.990327537 -0.006272673 0.138608292 2.125603676 0.004099041 0.999864221 0.015961731 -2.221777439 -0.138689622 -0.015239181 0.990218580 91.344329834
0.988798559 -0.007026530 0.149090558 2.233792305 0.004688051 0.999860525 0.016030610 -2.234034061 -0.149182379 -0.015152099 0.988693714 91.878379822
0.987170517 -0.007273795 0.159503981 2.348750114 0.004779978 0.999860287 0.016012931 -2.235330582 -0.159598187 -0.015045066 0.987067401 92.425308228
0.985036552 -0.007602046 0.172178388 2.471045494 0.004927625 0.999860525 0.015954943 -2.243451595 -0.172275662 -0.014867769 0.984936595 92.955398560
0.982747734 -0.007604959 0.184794590 2.590867043 0.004726317 0.999860585 0.016013037 -2.246366024 -0.184890568 -0.014863376 0.982646704 93.513496399
0.980826259 -0.008438349 0.194701523 2.718402863 0.005425895 0.999857247 0.016000312 -2.250476360 -0.194808722 -0.014637092 0.980732143 94.045249939
0.978191137 -0.008774329 0.207521826 2.865285873 0.005600045 0.999858201 0.015878676 -2.259299517 -0.207631722 -0.014370241 0.978101552 94.571495056
0.975154042 -0.008608231 0.221360683 3.003454208 0.005098228 0.999852121 0.016422976 -2.267413616 -0.221469313 -0.014886383 0.975053728 95.117576599
0.972437084 -0.008653561 0.233004838 3.149692535 0.004975826 0.999853611 0.016367119 -2.270449638 -0.233112380 -0.014756600 0.972337842 95.641807556
0.969554245 -0.008944255 0.244713113 3.319843292 0.005056823 0.999850929 0.016509358 -2.285380363 -0.244824335 -0.014769251 0.969454944 96.187759399
0.965813577 -0.008667448 0.259092957 3.478799820 0.004554187 0.999853969 0.016471643 -2.287060261 -0.259197921 -0.014728578 0.965712011 96.726272583
0.962549150 -0.009504911 0.270940959 3.658874512 0.005058624 0.999840856 0.017104192 -2.299489021 -0.271060526 -0.015093034 0.962444007 97.246376038
0.959188104 -0.008990518 0.282625914 3.836139679 0.004433535 0.999849737 0.016759157 -2.297283888 -0.282734126 -0.014822152 0.959083796 97.792396545
0.955031991 -0.009755186 0.296342313 4.026166916 0.004874255 0.999840081 0.017204948 -2.305565596 -0.296462834 -0.014986826 0.954926789 98.323280334
0.950741112 -0.010537468 0.309806824 4.227973938 0.005318099 0.999829352 0.017686944 -2.317656994 -0.309940368 -0.015168120 0.950635016 98.812957764
0.947014153 -0.011262983 0.320993870 4.424879074 0.005926074 0.999827683 0.017598346 -2.319340706 -0.321136713 -0.014763654 0.946917713 99.328735352
0.942658007 -0.011392748 0.333565712 4.633365631 0.005858235 0.999827981 0.017593166 -2.325655460 -0.333708853 -0.014630234 0.942562640 99.840850830
0.937576175 -0.011735092 0.347581714 4.845325470 0.005938170 0.999825001 0.017738422 -2.332675934 -0.347729027 -0.014567124 0.937481880 100.347503662
0.932889879 -0.012215332 0.359954357 5.065324783 0.006170791 0.999820054 0.017936895 -2.337759256 -0.360108703 -0.014511948 0.932797492 100.855140686
0.928656042 -0.012491673 0.370731562 5.286249161 0.006291732 0.999819458 0.017928241 -2.340563774 -0.370888561 -0.014316625 0.928566933 101.365394592
0.923090279 -0.012188542 0.384390026 5.512575150 0.005780258 0.999824464 0.017822269 -2.339533329 -0.384539694 -0.014229692 0.922998726 101.865966797
0.917500913 -0.012567270 0.397534996 5.748069763 0.005899797 0.999820769 0.017990738 -2.344539881 -0.397689730 -0.014161145 0.917410612 102.357681274
0.912565410 -0.013234738 0.408716470 5.998271942 0.006461150 0.999818027 0.017949134 -2.352467537 -0.408879668 -0.013738980 0.912484884 102.848983765
0.906270504 -0.013514427 0.422482073 6.254848480 0.006418778 0.999813616 0.018213218 -2.354595900 -0.422649443 -0.013794282 0.906188250 103.342857361
0.899629414 -0.013742899 0.436437845 6.525440216 0.006498001 0.999815285 0.018088639 -2.361073017 -0.436605871 -0.013437099 0.899552524 103.826744080
0.893706679 -0.014381363 0.448420942 6.797279358 0.006883400 0.999808013 0.018346287 -2.366586685 -0.448598623 -0.013309541 0.893634200 104.308845520
0.888275504 -0.014847691 0.459071010 7.067214966 0.007216171 0.999805152 0.018373737 -2.367804527 -0.459254354 -0.013008206 0.888209581 104.774253845
0.881278813 -0.015399328 0.472345740 7.350765228 0.007694046 0.999804020 0.018240264 -2.371035337 -0.472534060 -0.012440509 0.881224632 105.248428345
