1.000000000 0.000000000 0.000000000 0.000000000 0.000000000 1.000000000 0.000000000 0.000000000 0.000000000 0.000000000 1.000000000 0.000000000
1.000000000 0.000022688 -0.000021277 0.000444024 -0.000022689 1.000000000 -0.000038032 0.000772561 0.000021276 0.000038033 1.000000000 0.000389112
1.000000000 0.000027604 0.000033132 -0.000056429 -0.000027606 1.000000000 0.000036469 0.000067035 -0.000033131 -0.000036470 1.000000000 0.000086181
1.000000000 -0.000132425 0.000062168 -0.000082445 0.000132427 1.000000000 -0.000023585 0.000769251 -0.000062165 0.000023594 1.000000000 0.000177602
1.000000000 -0.000139237 0.000040023 -0.000100174 0.000139236 1.000000000 0.000032619 -0.000131709 -0.000040028 -0.000032614 1.000000000 -0.000531074
1.000000000 0.000034406 0.000115924 -0.000462607 -0.000034403 1.000000000 -0.000025609 0.000819178 -0.000115924 0.000025605 1.000000000 0.000057162
1.000000000 -0.000080249 0.000069997 0.000143893 0.000080249 1.000000000 -0.000004626 0.000503462 -0.000069997 0.000004631 1.000000000 0.000251505
1.000000000 -0.000009091 0.000065803 -0.000491269 0.000009084 1.000000000 0.000096634 -0.000129699 -0.000065804 -0.000096633 1.000000000 -0.000106730
1.000000000 -0.000034838 -0.000001699 -0.000722256 0.000034838 1.000000000 -0.000083473 -0.000086000 0.000001702 0.000083473 1.000000000 -0.001089967
1.000000000 -0.000046214 0.000080987 -0.000088756 0.000046211 1.000000000 0.000040928 -0.000724890 -0.000080989 -0.000040925 1.000000000 -0.000410946
1.000000000 0.000072026 0.000053060 -0.000834151 -0.000072029 1.000000000 0.000056692 -0.000900462 -0.000053056 -0.000056696 1.000000000 -0.000636300
1.000000000 -0.000030390 0.000072493 -0.000902828 0.000030387 1.000000000 0.000037540 -0.000329579 -0.000072494 -0.000037538 1.000000000 -0.000846377
1.000000000 0.000053409 0.000033275 -0.000812226 -0.000053406 1.000000000 -0.000075491 -0.000338751 -0.000033279 0.000075489 1.000000000 -0.001540913
1.000000000 0.000042949 0.000069554 -0.000992766 -0.000042947 1.000000000 -0.000028479 0.000497355 -0.000069556 0.000028476 1.000000000 0.000294791
1.000000000 0.000029400 0.000047640 -0.000966655 -0.000029394 1.000000000 -0.000116210 0.001250814 -0.000047644 0.000116208 1.000000000 0.000887135
1.000000000 -0.000009596 -0.000039078 0.000371101 0.000009593 1.000000000 -0.000079268 0.001295744 0.000039079 0.000079267 1.000000000 0.001332730
1.000000000 0.000089980 0.000109243 -0.001020701 -0.000089962 1.000000000 -0.000159362 0.002322686 -0.000109258 0.000159352 1.000000000 0.002550948
1.000000000 0.000157391 0.000084172 -0.001339243 -0.000157377 1.000000000 -0.000162423 0.001900067 -0.000084197 0.000162409 1.000000000 0.001660926
1.000000000 0.000174160 0.000151457 -0.001492038 -0.000174145 1.000000000 -0.000097487 0.001936400 -0.000151474 0.000097461 1.000000000 0.002290749
1.000000000 0.000105308 0.000154076 -0.001438305 -0.000105293 1.000000000 -0.000096738 0.001004577 -0.000154086 0.000096721 1.000000000 0.001275224
1.000000000 0.000039400 0.000084424 -0.001138956 -0.000039397 1.000000000 -0.000036104 0.000384493 -0.000084425 0.000036100 1.000000000 0.000719431
1.000000000 0.000179471 0.000054479 -0.000814420 -0.000179470 1.000000000 -0.000027641 0.001387055 -0.000054484 0.000027631 1.000000000 0.000975270
1.000000000 0.000112032 0.000010535 -0.000625627 -0.000112031 1.000000000 -0.000089836 0.001399352 -0.000010545 0.000089835 1.000000000 0.002163583
1.000000000 0.000097131 0.000078925 -0.001192978 -0.000097126 1.000000000 -0.000062938 0.001646203 -0.000078931 0.000062930 1.000000000 0.002452775
0.999999940 0.000328300 0.000034911 -0.001073066 -0.000328298 0.999999940 -0.000060837 0.002327172 -0.000034931 0.000060825 1.000000000 0.003689163
0.999999940 0.000228570 0.000098706 -0.001403564 -0.000228563 1.000000000 -0.000064839 0.002148850 -0.000098721 0.000064817 1.000000000 0.001756185
1.000000000 0.000053914 0.000108790 -0.000525738 -0.000053907 1.000000000 -0.000065692 0.002416760 -0.000108794 0.000065687 1.000000000 0.002993328
1.000000000 0.000140621 0.000172906 -0.001785833 -0.000140617 1.000000000 -0.000022343 0.001467049 -0.000172909 0.000022319 1.000000000 0.002298135
1.000000000 0.000123154 0.000052594 -0.001137398 -0.000123150 1.000000000 -0.000071103 0.002313317 -0.000052602 0.000071096 1.000000000 0.002249800
1.000000000 0.000067648 0.000089034 -0.001614767 -0.000067643 1.000000000 -0.000057496 0.001004251 -0.000089038 0.000057490 1.000000000 0.001643587
0.999999940 0.000152283 0.000199341 -0.001964583 -0.000152279 1.000000000 -0.000021482 0.001018205 -0.000199344 0.000021452 1.000000000 0.001913774
1.000000000 0.000094569 0.000190945 -0.001351046 -0.000094558 1.000000000 -0.000056537 0.002206892 -0.000190950 0.000056519 1.000000000 0.003810790
1.000000000 0.000206756 0.000098585 -0.000893250 -0.000206736 0.999999940 -0.000211718 0.003331123 -0.000098628 0.000211697 1.000000000 0.003801476
1.000000000 0.000110607 0.000123290 -0.000846789 -0.000110596 1.000000000 -0.000086149 0.001589189 -0.000123300 0.000086135 1.000000000 0.001876065
0.999999940 0.000204019 0.000184787 -0.002501593 -0.000203991 0.999999940 -0.000152289 0.002096769 -0.000184818 0.000152251 1.000000000 0.002560076
1.000000000 0.000153959 0.000183400 -0.001684982 -0.000153941 1.000000000 -0.000099924 0.001164845 -0.000183415 0.000099896 1.000000000 0.001550681
1.000000000 0.000092858 0.000046826 -0.002068928 -0.000092859 1.000000000 0.000020088 0.000485047 -0.000046825 -0.000020093 1.000000000 0.000317955
1.000000000 0.000137943 0.000083800 -0.001436913 -0.000137940 1.000000000 -0.000034618 0.001906028 -0.000083804 0.000034606 1.000000000 0.002280742
1.000000000 0.000128361 0.000153702 -0.001937872 -0.000128356 1.000000000 -0.000037958 0.001519804 -0.000153707 0.000037939 1.000000000 0.001303828
1.000000000 0.000185800 0.000123328 -0.000874234 -0.000185788 1.000000000 -0.000095810 0.002896109 -0.000123345 0.000095787 1.000000000 0.003217472
1.000000000 -0.000002594 0.000059540 0.000283007 0.000002600 1.000000000 -0.000099500 0.000796337 -0.000059540 0.000099500 1.000000000 0.002529002
0.999999762 0.000537122 0.000147361 -0.000075641 -0.000537029 0.999999642 -0.000630065 -0.001360764 -0.000147699 0.000629986 0.999999702 0.052677870
0.999999821 0.000428878 0.000183713 0.001484140 -0.000428645 0.999999046 -0.001265910 -0.002258294 -0.000184256 0.001265832 0.999999106 0.142375872
0.999999940 0.000363179 0.000094538 0.004291258 -0.000363102 0.999999583 -0.000812041 -0.008684885 -0.000094833 0.000812006 0.999999583 0.261951149
0.999999940 0.000331361 0.000113428 0.007463391 -0.000331270 0.999999583 -0.000795804 -0.011397758 -0.000113692 0.000795766 0.999999642 0.394272566
0.999999940 0.000361443 0.000090547 0.008675941 -0.000361392 0.999999762 -0.000572359 -0.014666392 -0.000090754 0.000572327 0.999999821 0.538581431
1.000000000 -0.000027640 0.000125260 0.016964221 0.000027664 1.000000000 -0.000184823 -0.029491121 -0.000125255 0.000184826 0.999999940 0.682267547
0.999999940 -0.000374245 0.000092630 0.022904593 0.000374247 1.000000000 -0.000013899 -0.033347938 -0.000092625 0.000013933 1.000000000 0.843608201
0.999999940 -0.000229770 0.000012559 0.020804860 0.000229776 0.999999881 -0.000474893 -0.029410696 -0.000012449 0.000474896 0.999999821 1.021232486
1.000000000 -0.000065813 -0.000093688 0.026521724 0.000065768 0.999999940 -0.000489373 -0.033757936 0.000093720 0.000489367 0.999999881 1.195633292
0.999999881 0.000010985 0.000403267 0.027006481 -0.000011162 0.999999821 0.000440177 -0.044215266 -0.000403262 -0.000440181 0.999999821 1.380661011
1.000000000 0.000090884 0.000171135 0.032414645 -0.000090936 0.999999940 0.000308378 -0.046295844 -0.000171107 -0.000308393 0.999999940 1.574309349
0.999999940 0.000350935 0.000069317 0.038379651 -0.000350974 0.999999762 0.000563334 -0.056657717 -0.000069120 -0.000563358 0.999999821 1.772495985
1.000000000 0.000295561 0.000084007 0.037971105 -0.000295586 0.999999940 0.000298926 -0.058931932 -0.000083918 -0.000298951 0.999999881 1.977613807
0.999999821 -0.000371790 0.000356368 0.041116130 0.000371571 0.999999702 0.000613534 -0.066728331 -0.000356596 -0.000613401 0.999999762 2.177049637
0.999999762 -0.000450158 0.000508326 0.043798767 0.000449479 0.999998927 0.001333670 -0.084939905 -0.000508926 -0.001333441 0.999998927 2.398908854
0.999999821 -0.000237747 0.000633797 0.047080062 0.000236944 0.999999166 0.001266519 -0.090245254 -0.000634098 -0.001266368 0.999998987 2.622938871
0.999999940 0.000196585 0.000355951 0.056688212 -0.000196717 0.999999940 0.000368333 -0.077485360 -0.000355879 -0.000368403 0.999999821 2.852709770
0.999999940 0.000072781 0.000404150 0.062653244 -0.000072998 0.999999881 0.000536727 -0.082047500 -0.000404110 -0.000536757 0.999999762 3.099034309
0.999998868 0.001382123 0.000632191 0.061764520 -0.001382409 0.999998927 0.000451749 -0.089684829 -0.000631566 -0.000452622 0.999999702 3.349018574
0.999999583 0.000270128 0.000854589 0.069220945 -0.000270845 0.999999583 0.000838212 -0.101087704 -0.000854362 -0.000838443 0.999999285 3.585443974
0.999999344 0.000587205 0.000999224 0.073534541 -0.000588096 0.999999404 0.000890774 -0.107891470 -0.000998700 -0.000891361 0.999999046 3.858113766
0.999999702 0.000339244 0.000688309 0.079426169 -0.000339802 0.999999642 0.000810507 -0.114917152 -0.000688034 -0.000810741 0.999999464 4.094913960
0.999999583 0.000713530 0.000604364 0.085041106 -0.000714030 0.999999464 0.000828765 -0.119621709 -0.000603772 -0.000829196 0.999999523 4.353860855
0.999999523 0.000424185 0.000966357 0.087347060 -0.000424989 0.999999642 0.000831597 -0.126659438 -0.000966004 -0.000832007 0.999999285 4.614851952
0.999999225 0.000900670 0.000876313 0.095076948 -0.000901644 0.999998987 0.001111579 -0.140202865 -0.000875311 -0.001112368 0.999998987 4.872695923
0.999999106 0.001155115 0.000742855 0.100315489 -0.001156201 0.999998212 0.001462013 -0.148493245 -0.000741165 -0.001462871 0.999998569 5.136157513
0.999998868 0.000825854 0.001268530 0.099212043 -0.000827214 0.999999106 0.001071912 -0.152952373 -0.001267643 -0.001072960 0.999998629 5.392892361
0.999998629 0.000993425 0.001316895 0.103836559 -0.000994769 0.999998987 0.001020624 -0.158813223 -0.001315880 -0.001021932 0.999998629 5.674913406
0.999998450 0.001084618 0.001364750 0.103958473 -0.001085827 0.999998987 0.000885368 -0.166522160 -0.001363788 -0.000886849 0.999998689 5.938632011
0.999997795 0.001381719 0.001540571 0.110666148 -0.001383123 0.999998569 0.000910648 -0.173206285 -0.001539310 -0.000912777 0.999998391 6.228075504
0.999997497 0.001487761 0.001697188 0.117246434 -0.001489561 0.999998391 0.001059794 -0.180226475 -0.001695608 -0.001062319 0.999998033 6.514739513
0.999998152 0.001264631 0.001459185 0.126905769 -0.001266018 0.999998689 0.000949799 -0.185768813 -0.001457982 -0.000951644 0.999998510 6.805496216
0.999998331 0.001194658 0.001374562 0.135628849 -0.001196066 0.999998748 0.001023488 -0.194594607 -0.001373338 -0.001025131 0.999998510 7.105680943
0.999998748 0.000877141 0.001327811 0.142886564 -0.000878844 0.999998748 0.001282984 -0.205265895 -0.001326684 -0.001284149 0.999998271 7.407657146
0.999998569 0.000850824 0.001470478 0.145490348 -0.000852390 0.999999046 0.001064485 -0.216765702 -0.001469572 -0.001065737 0.999998331 7.711526871
0.999998629 0.000713302 0.001505932 0.153029889 -0.000714746 0.999999285 0.000958950 -0.222514734 -0.001505247 -0.000960025 0.999998391 8.036169052
0.999996960 0.001486359 0.001968285 0.150736734 -0.001488050 0.999998510 0.000857712 -0.231651410 -0.001967007 -0.000860638 0.999997616 8.349710464
0.999998152 0.000822826 0.001755939 0.161041617 -0.000824261 0.999999344 0.000816149 -0.238901943 -0.001755266 -0.000817595 0.999998093 8.677949905
0.999997139 0.001600186 0.001729837 0.167482957 -0.001601833 0.999998212 0.000951348 -0.249531597 -0.001728312 -0.000954117 0.999998033 9.017611504
0.999997139 0.001724428 0.001628500 0.175507739 -0.001726238 0.999997914 0.001110440 -0.260623962 -0.001626582 -0.001113248 0.999998033 9.363317490
0.999994874 0.002661640 0.001788535 0.178602248 -0.002664397 0.999995291 0.001540981 -0.278249919 -0.001784425 -0.001545738 0.999997139 9.678499222
0.999995708 0.002429500 0.001615097 0.184724182 -0.002432236 0.999995589 0.001694391 -0.288168371 -0.001610973 -0.001698312 0.999997199 10.033515930
0.999995768 0.002235257 0.001855266 0.192685127 -0.002237642 0.999996603 0.001284467 -0.296926886 -0.001852388 -0.001288612 0.999997437 10.399584770
0.999996006 0.002207129 0.001845976 0.204894871 -0.002209733 0.999996543 0.001409425 -0.305399656 -0.001842859 -0.001413498 0.999997318 10.764103889
0.999996364 0.002091601 0.001714409 0.211617231 -0.002093972 0.999996841 0.001381961 -0.316183865 -0.001711513 -0.001385546 0.999997616 11.130759239
0.999996543 0.002037167 0.001655229 0.222994342 -0.002039825 0.999996603 0.001605873 -0.326578021 -0.001651953 -0.001609244 0.999997318 11.510139465
0.999996543 0.001903347 0.001812898 0.228716597 -0.001905974 0.999997139 0.001448358 -0.333325684 -0.001810136 -0.001451808 0.999997258 11.893926620
0.999994457 0.002506091 0.002158175 0.233421743 -0.002510052 0.999995172 0.001834696 -0.352267116 -0.002153567 -0.001840103 0.999996006 12.274292946
0.999993205 0.002672924 0.002535452 0.241636068 -0.002678449 0.999994040 0.002178481 -0.367024869 -0.002529615 -0.002185258 0.999994457 12.665040970
0.999992490 0.002759555 0.002758459 0.243637770 -0.002765503 0.999993801 0.002154441 -0.374046147 -0.002752498 -0.002162053 0.999993861 13.071196556
0.999992251 0.002775476 0.002784844 0.252657652 -0.002781762 0.999993563 0.002255808 -0.387372673 -0.002778566 -0.002263537 0.999993563 13.470823288
0.999989748 0.003020871 0.003378303 0.258002520 -0.003029156 0.999992430 0.002450311 -0.401521713 -0.003370875 -0.002460519 0.999991298 13.881627083
0.999990642 0.003004258 0.003106005 0.275492549 -0.003013261 0.999991238 0.002897921 -0.412922472 -0.003097272 -0.002907253 0.999991000 14.293405533
0.999987483 0.003398072 0.003675471 0.281105012 -0.003407847 0.999990642 0.002656292 -0.426012665 -0.003666410 -0.002668784 0.999989748 14.710844040
0.999988437 0.002900000 0.003823515 0.293219686 -0.002910621 0.999991894 0.002774922 -0.435211658 -0.003815436 -0.002786019 0.999988794 15.149237633
0.999985456 0.003393144 0.004187640 0.301107496 -0.003404371 0.999990642 0.002676793 -0.450036794 -0.004178518 -0.002691011 0.999987662 15.579277992
0.999983072 0.003451030 0.004681146 0.309666425 -0.003462423 0.999991119 0.002427892 -0.458616614 -0.004672726 -0.002444059 0.999986112 16.026473999
0.999980092 0.003907013 0.004953286 0.323793083 -0.003922863 0.999987185 0.003194190 -0.477180421 -0.004940742 -0.003213557 0.999982595 16.455554962
0.999976754 0.004416191 0.005198799 0.330922365 -0.004429522 0.999986947 0.002555368 -0.485655427 -0.005187446 -0.002578337 0.999983251 16.903438568
0.999977887 0.004019592 0.005301840 0.344260156 -0.004034866 0.999987721 0.002873360 -0.499069452 -0.005290225 -0.002894689 0.999981821 17.370315552
0.999975383 0.003870989 0.005849604 0.358254611 -0.003889271 0.999987602 0.003117181 -0.511532843 -0.005837465 -0.003139856 0.999978006 17.821390152
0.999972522 0.003724036 0.006403896 0.370753288 -0.003740334 0.999989748 0.002534884 -0.521626413 -0.006394390 -0.002558768 0.999976277 18.287469864
0.999969840 0.004029097 0.006659914 0.378341109 -0.004044362 0.999989212 0.002280131 -0.529920816 -0.006650657 -0.002306997 0.999975204 18.765071869
0.999972939 0.004039447 0.006150906 0.396115541 -0.004054345 0.999988854 0.002411687 -0.544376969 -0.006141094 -0.002436560 0.999978185 19.226699829
0.999967694 0.004229025 0.006838258 0.405565679 -0.004247651 0.999987304 0.002711457 -0.560274720 -0.006826705 -0.002740416 0.999972939 19.723268509
0.999965489 0.004561199 0.006946482 0.412982225 -0.004579609 0.999985993 0.002636807 -0.573605180 -0.006934358 -0.002668528 0.999972403 20.206537247
0.999966264 0.004355459 0.006958857 0.431273788 -0.004372917 0.999987304 0.002495642 -0.590070426 -0.006947898 -0.002525989 0.999972701 20.698827744
0.999969244 0.004469560 0.006443215 0.447172165 -0.004484299 0.999987304 0.002274812 -0.606433630 -0.006432965 -0.002303635 0.999976635 21.188186646
0.999974549 0.003966502 0.005946821 0.462208450 -0.003985836 0.999986827 0.003242851 -0.623614132 -0.005933880 -0.003266471 0.999977052 21.701831818
0.999975145 0.004511605 0.005430908 0.477164626 -0.004529914 0.999984145 0.003363844 -0.635154724 -0.005415644 -0.003388361 0.999979615 22.220569611
0.999974728 0.004113850 0.005786434 0.483089536 -0.004132791 0.999986053 0.003265220 -0.652850211 -0.005772923 -0.003289052 0.999977887 22.723613739
0.999976099 0.004755842 0.005020640 0.494771928 -0.004770110 0.999984622 0.002833748 -0.659923673 -0.005007084 -0.002857629 0.999983370 23.249191284
0.999980628 0.004253410 0.004527668 0.506688476 -0.004266438 0.999986768 0.002871771 -0.683654130 -0.004515392 -0.002891033 0.999985635 23.772426605
0.999988973 0.002606041 0.003894746 0.520214379 -0.002617137 0.999992490 0.002846579 -0.702904820 -0.003887299 -0.002856741 0.999988377 24.292335510
0.999984801 0.004143116 0.003634165 0.531615555 -0.004154433 0.999986529 0.003112291 -0.714990377 -0.003621221 -0.003127342 0.999988556 24.818933487
0.999985695 0.004371067 0.003060356 0.542738795 -0.004381872 0.999984145 0.003533579 -0.735210061 -0.003044863 -0.003546939 0.999989033 25.356435776
0.999987185 0.004472155 0.002375034 0.552069187 -0.004479623 0.999984920 0.003148969 -0.744160414 -0.002360916 -0.003159568 0.999992192 25.905639648
0.999986649 0.004628522 0.002291918 0.564621806 -0.004635813 0.999984205 0.003186382 -0.760461390 -0.002277133 -0.003196965 0.999992311 26.453552246
0.999987006 0.004549263 0.002262799 0.572968125 -0.004558352 0.999981523 0.004029021 -0.777916789 -0.002244428 -0.004039284 0.999989271 27.002689362
0.999988079 0.004578337 0.001694342 0.586215973 -0.004585029 0.999981761 0.003967722 -0.799203157 -0.001676145 -0.003975444 0.999990702 27.548456192
0.999984086 0.005379526 0.001700622 0.594660044 -0.005385989 0.999978244 0.003818688 -0.809652269 -0.001680042 -0.003827787 0.999991238 28.109422684
0.999984264 0.005434713 0.001326616 0.610822320 -0.005439677 0.999978125 0.003767800 -0.828502834 -0.001306110 -0.003774958 0.999991953 28.646131516
0.999985278 0.005386385 0.000686163 0.628564835 -0.005389171 0.999976993 0.004124776 -0.846451998 -0.000663929 -0.004128413 0.999991238 29.193201065
0.999986053 0.005249541 0.000526362 0.635358751 -0.005251501 0.999979019 0.003793994 -0.861385405 -0.000506434 -0.003796706 0.999992728 29.737535477
0.999984443 0.005563261 0.000366295 0.644259214 -0.005564748 0.999975741 0.004191576 -0.871881187 -0.000342967 -0.004193549 0.999991119 30.295307159
0.999985814 0.005327580 0.000209963 0.661764920 -0.005328410 0.999977052 0.004179161 -0.888221741 -0.000187693 -0.004180220 0.999991238 30.821380615
0.999984741 0.005523436 0.000084299 0.670800626 -0.005523734 0.999976337 0.004088426 -0.897769809 -0.000061715 -0.004088829 0.999991596 31.376031876
0.999979377 0.006418627 0.000263038 0.676615775 -0.006419661 0.999970734 0.004140467 -0.909251630 -0.000236454 -0.004142070 0.999991357 31.922248840
0.999984682 0.005512136 -0.000528854 0.704952180 -0.005509915 0.999976337 0.004113086 -0.933160663 0.000551514 -0.004110109 0.999991417 32.460632324
0.999984443 0.005474512 -0.001060240 0.709782362 -0.005469725 0.999975026 0.004467478 -0.953171611 0.001084671 -0.004461609 0.999989510 33.004203796
0.999986827 0.004908230 -0.001506378 0.732432008 -0.004901498 0.999978125 0.004439475 -0.962371826 0.001528135 -0.004432034 0.999988973 33.536403656
0.999987662 0.004750925 -0.001542808 0.747305155 -0.004743632 0.999977648 0.004697141 -0.984678626 0.001565090 -0.004689763 0.999987781 34.075019836
0.999983430 0.005536216 -0.001565899 0.751352429 -0.005529260 0.999974966 0.004413043 -0.989148736 0.001590291 -0.004404312 0.999988973 34.609233856
0.999982476 0.005516329 -0.002124717 0.764585495 -0.005506359 0.999973953 0.004670523 -1.011623859 0.002150425 -0.004658741 0.999986827 35.130214691
0.999984622 0.005191242 -0.001905344 0.767060697 -0.005183164 0.999977648 0.004219732 -1.010763288 0.001927207 -0.004209792 0.999989271 35.693145752
0.999981701 0.005663853 -0.002121122 0.777878404 -0.005654307 0.999973953 0.004479414 -1.029134274 0.002146437 -0.004467338 0.999987721 36.233272552
0.999982119 0.005687461 -0.001812838 0.779899359 -0.005681816 0.999979019 0.003104334 -1.030099034 0.001830455 -0.003093978 0.999993503 36.821399689
0.999984920 0.005158477 -0.001876896 0.789002955 -0.005151229 0.999979317 0.003847653 -1.047818899 0.001896705 -0.003837927 0.999990821 37.363002777
0.999983191 0.005256800 -0.002433128 0.803938627 -0.005249139 0.999981284 0.003144898 -1.055809021 0.002449615 -0.003132074 0.999992073 37.914360046
0.999978542 0.005951385 -0.002775854 0.812041700 -0.005942687 0.999977410 0.003132120 -1.073981047 0.002794432 -0.003115556 0.999991238 38.458530426
0.999981165 0.005423946 -0.002881566 0.820366621 -0.005415883 0.999981403 0.002798536 -1.085023999 0.002896691 -0.002782878 0.999991953 39.005672455
0.999979675 0.005620571 -0.003000907 0.836195111 -0.005611510 0.999979675 0.003019805 -1.102825522 0.003017819 -0.003002904 0.999990940 39.551467896
0.999979258 0.005901155 -0.002587328 0.837481320 -0.005892921 0.999977529 0.003178980 -1.114565372 0.002606030 -0.003163667 0.999991596 40.110149384
0.999979973 0.005642429 -0.002860413 0.851828754 -0.005633666 0.999979436 0.003062807 -1.125589252 0.002877636 -0.003046632 0.999991238 40.653957367
0.999979436 0.005835424 -0.002673759 0.856165946 -0.005829056 0.999980211 0.002383454 -1.130668283 0.002687615 -0.002367820 0.999993622 41.207317352
0.999982715 0.004735842 -0.003481843 0.868196964 -0.004723488 0.999982476 0.003547670 -1.163979292 0.003498584 -0.003531163 0.999987602 41.707931519
0.999981582 0.005191206 -0.003144346 0.872495651 -0.005181870 0.999982178 0.002969889 -1.173195958 0.003159706 -0.002953541 0.999990582 42.259441376
0.999981642 0.005016672 -0.003413634 0.882147193 -0.005004584 0.999981165 0.003540491 -1.194559693 0.003431332 -0.003523342 0.999987900 42.779102325
0.999981880 0.005342076 -0.002778949 0.901067257 -0.005333204 0.999980688 0.003189556 -1.205297589 0.002795934 -0.003174677 0.999991059 43.345752716
0.999976277 0.006112576 -0.003173458 0.926890135 -0.006103210 0.999976933 0.002953247 -1.205777168 0.003191438 -0.002933809 0.999990523 43.865776062
0.999975502 0.006308750 -0.003044722 0.935836732 -0.006299839 0.999975801 0.002927789 -1.218482733 0.003063118 -0.002908535 0.999991000 44.413673401
0.999982893 0.005237376 -0.002599023 0.925371170 -0.005229375 0.999981523 0.003076461 -1.241636276 0.002615087 -0.003062817 0.999991894 44.957809448
0.999977291 0.006244395 -0.002536237 0.935353398 -0.006235933 0.999975026 0.003330991 -1.265543103 0.002556973 -0.003315099 0.999991238 45.491100311
0.999976814 0.006477502 -0.002095883 0.902528763 -0.006471527 0.999975026 0.002845192 -1.274448752 0.002114261 -0.002831562 0.999993742 46.021377563
0.999972463 0.007260224 -0.001485103 0.886086524 -0.007256038 0.999969721 0.002804375 -1.305667639 0.001505417 -0.002793523 0.999994934 46.569187164
0.999973059 0.006958868 -0.002336100 0.913453221 -0.006953093 0.999972761 0.002470958 -1.305648685 0.002353231 -0.002454648 0.999994218 47.084697723
0.999971449 0.007191009 -0.002322116 0.900333583 -0.007185256 0.999971092 0.002475775 -1.328393698 0.002339853 -0.002459019 0.999994218 47.634037018
0.999967754 0.007896984 -0.001452537 0.882369637 -0.007893184 0.999965489 0.002603186 -1.342468023 0.001473044 -0.002591637 0.999995530 48.178791046
0.999970138 0.007615027 -0.001303750 0.880500376 -0.007611631 0.999967694 0.002590904 -1.359887838 0.001323436 -0.002580903 0.999995768 48.701187134
0.999968708 0.007879823 -0.000731583 0.860000670 -0.007878022 0.999966025 0.002430139 -1.359837890 0.000750707 -0.002424300 0.999996781 49.246440887
0.999975324 0.006988522 -0.000751088 0.849096358 -0.006986756 0.999972820 0.002325215 -1.392951250 0.000767317 -0.002319910 0.999997020 49.787746429
0.999971271 0.007592375 -0.000312227 0.830098867 -0.007591646 0.999968529 0.002273409 -1.406529307 0.000329477 -0.002270973 0.999997377 50.305835724
0.999968708 0.007912216 0.000119370 0.830400407 -0.007912475 0.999965847 0.002371293 -1.427558780 -0.000100604 -0.002372162 0.999997199 50.823875427
0.999966145 0.008214537 0.000422243 0.784083068 -0.008216115 0.999958813 0.003880346 -1.537705541 -0.000390351 -0.003883685 0.999992311 51.382244110
0.999970138 0.007726650 0.000203802 0.803489447 -0.007727445 0.999961138 0.004246578 -1.563743114 -0.000170984 -0.004248026 0.999990940 51.921161652
0.999958813 0.008913629 0.001711127 0.742492199 -0.008923142 0.999944448 0.005635796 -1.651829243 -0.001660796 -0.005650833 0.999982655 52.427951813
0.999965191 0.008230268 0.001378626 0.754835486 -0.008235566 0.999958515 0.003884126 -1.588356018 -0.001346602 -0.003895345 0.999991536 53.020046234
0.999962807 0.008485954 0.001516124 0.757311583 -0.008492252 0.999955118 0.004197430 -1.630623698 -0.001480437 -0.004210150 0.999989986 53.522487640
0.999959886 0.008774048 0.001753364 0.763749838 -0.008781271 0.999952734 0.004155408 -1.649841309 -0.001716821 -0.004170638 0.999989808 54.047435760
0.999954402 0.009267089 0.002293991 0.761224508 -0.009278038 0.999945402 0.004808396 -1.676342964 -0.002249305 -0.004829460 0.999985814 54.556854248
0.999953032 0.009460773 0.002081667 0.773621440 -0.009471324 0.999942064 0.005117625 -1.691540599 -0.002033129 -0.005137101 0.999984741 55.106082916
0.999954641 0.009177829 0.002537331 0.757618189 -0.009187164 0.999951005 0.003691294 -1.665828705 -0.002503329 -0.003714437 0.999989986 55.619537354
0.999956906 0.008999682 0.002287808 0.766547918 -0.009008131 0.999952495 0.003709812 -1.683234096 -0.002254313 -0.003730261 0.999990523 56.156402588
0.999959826 0.008831608 0.001491743 0.825004816 -0.008837841 0.999952018 0.004225617 -1.736573219 -0.001454352 -0.004238632 0.999989986 56.684852600
0.999954343 0.009212295 0.002515285 0.797112167 -0.009222932 0.999948442 0.004250605 -1.738467216 -0.002475997 -0.004273609 0.999987781 57.181621552
0.999952495 0.009513570 0.002106113 0.822283566 -0.009522674 0.999945283 0.004356446 -1.775977373 -0.002064551 -0.004376295 0.999988317 57.709953308
0.999961734 0.008542606 0.001897027 0.860516429 -0.008550711 0.999954283 0.004307626 -1.819926381 -0.001860142 -0.004323683 0.999988854 58.366485596
0.999960542 0.008811155 0.001129336 0.885038793 -0.008817232 0.999946058 0.005493874 -1.883494139 -0.001080867 -0.005503614 0.999984264 58.778774261
0.999958038 0.009094820 0.001110730 0.905248702 -0.009101328 0.999940574 0.006001501 -1.922934294 -0.001056080 -0.006011358 0.999981403 59.288856506
0.999964416 0.008429158 0.000332077 0.960540771 -0.008431099 0.999944270 0.006355961 -1.974817038 -0.000278482 -0.006358535 0.999979734 59.802932739
0.999963582 0.008528815 0.000263350 0.973029852 -0.008530312 0.999943554 0.006327554 -1.981616497 -0.000209368 -0.006329570 0.999979913 60.359497070
0.999942899 0.010543847 0.001713235 0.924382448 -0.010554992 0.999922276 0.006632280 -2.006582737 -0.001643172 -0.006649985 0.999976456 60.828483582
0.999947488 0.009986387 0.002300153 0.915195525 -0.010002257 0.999925494 0.006994856 -2.032796860 -0.002230128 -0.007017495 0.999972880 61.359401703
0.999936938 0.010881108 0.002775886 0.905456066 -0.010898371 0.999921024 0.006281195 -2.030761242 -0.002707320 -0.006311052 0.999976397 61.896953583
0.999923587 0.011860023 0.003471039 0.897028506 -0.011879729 0.999913096 0.005712650 -2.017062187 -0.003402986 -0.005753449 0.999977648 62.407047272
0.999931872 0.011341198 0.002730537 0.938390136 -0.011357847 0.999916494 0.006161190 -2.053243399 -0.002660433 -0.006191783 0.999977291 62.927700043
0.999932766 0.011314459 0.002542768 0.953437209 -0.011330050 0.999916494 0.006202830 -2.069208622 -0.002472375 -0.006231222 0.999977529 63.447372437
0.999937475 0.011132981 0.001055599 1.055688739 -0.011139956 0.999914408 0.006851334 -2.130680323 -0.000979232 -0.006862665 0.999975979 63.935527802
0.999943674 0.010579150 0.000856179 1.047498941 -0.010585405 0.999914706 0.007668049 -2.186850071 -0.000774985 -0.007676682 0.999970198 64.464363098
0.999950647 0.009912588 0.000665704 1.064499736 -0.009917380 0.999921739 0.007630251 -2.201614618 -0.000590017 -0.007636476 0.999970675 64.974174500
0.999950886 0.009887017 0.000619919 1.073584437 -0.009891237 0.999925017 0.007221448 -2.211932898 -0.000548474 -0.007227225 0.999973774 65.508613586
0.999953091 0.009634067 0.001018322 1.062247157 -0.009640253 0.999934018 0.006251284 -2.206923246 -0.000958029 -0.006260808 0.999979913 66.053764343
0.999953806 0.009533321 0.001201778 1.062655568 -0.009541688 0.999928772 0.007162121 -2.230547905 -0.001133414 -0.007173256 0.999973655 66.558921814
0.999963880 0.008405345 0.001241923 1.055499792 -0.008413347 0.999942899 0.006585407 -2.227531910 -0.001186500 -0.006595618 0.999977469 67.083984375
0.999950707 0.009823197 0.001388457 1.067261219 -0.009831757 0.999931753 0.006301235 -2.242547989 -0.001326464 -0.006314576 0.999979138 67.624671936
0.999949872 0.009815637 0.001957846 1.056522608 -0.009827456 0.999933004 0.006120338 -2.263412714 -0.001897639 -0.006139271 0.999979377 68.135734558
0.999935269 0.011140207 0.002321499 1.033887625 -0.011155431 0.999915659 0.006651427 -2.296947718 -0.002247206 -0.006676893 0.999975204 68.649108887
0.999946952 0.010091608 0.002061854 1.063581824 -0.010103751 0.999931157 0.005966157 -2.302983522 -0.002001503 -0.005986673 0.999980092 69.171646118
0.999945879 0.010118905 0.002412776 1.062077522 -0.010132739 0.999931812 0.005791963 -2.306905508 -0.002354004 -0.005816097 0.999980330 69.700752258
0.999944210 0.010202263 0.002733768 1.069468141 -0.010217589 0.999931812 0.005651827 -2.318280220 -0.002675921 -0.005679445 0.999980330 70.256027222
0.999932706 0.011176726 0.003089465 1.027511001 -0.011195790 0.999917984 0.006223578 -2.384488821 -0.003019650 -0.006257748 0.999975860 70.804801941
0.999939322 0.010512833 0.003278985 1.031612396 -0.010534661 0.999921978 0.006712466 -2.403484821 -0.003208162 -0.006746603 0.999972045 71.329483032
0.999906003 0.012725911 0.005097117 0.985051632 -0.012765681 0.999887645 0.007847347 -2.475936651 -0.004996682 -0.007911677 0.999956191 71.806533813
0.999933004 0.010995468 0.003625002 1.041464090 -0.011018788 0.999918282 0.006476662 -2.434100389 -0.003553492 -0.006516170 0.999972463 72.423461914
0.999932170 0.011142032 0.003382845 1.051611662 -0.011165247 0.999913692 0.006923355 -2.429989338 -0.003305412 -0.006960656 0.999970257 72.976699829
0.999940753 0.010384248 0.003269323 1.075526834 -0.010406453 0.999922395 0.006850165 -2.457865477 -0.003197936 -0.006883781 0.999971211 73.514732361
0.999930322 0.011280920 0.003484268 1.086143255 -0.011304235 0.999913335 0.006745808 -2.461733103 -0.003407869 -0.006784725 0.999971092 74.046852112
0.999942124 0.010334424 0.002996400 1.105107188 -0.010355382 0.999921441 0.007065613 -2.480494022 -0.002923144 -0.007096233 0.999970496 74.587028503
0.999940455 0.010446218 0.003157230 1.124833107 -0.010467194 0.999922752 0.006702058 -2.487261057 -0.003086975 -0.006734707 0.999972522 75.135505676
0.999935389 0.010968916 0.002973754 1.156094909 -0.010988427 0.999917626 0.006625898 -2.495262384 -0.002900831 -0.006658147 0.999973595 75.679046631
0.999935031 0.010897848 0.003342177 1.150177240 -0.010919652 0.999918699 0.006577360 -2.512494326 -0.003270227 -0.006613428 0.999972761 76.206764221
0.999929845 0.011377008 0.003294999 1.168693542 -0.011397186 0.999916017 0.006171141 -2.516535759 -0.003224514 -0.006208262 0.999975502 76.742576599
0.999931037 0.011331799 0.003087952 1.180748820 -0.011351872 0.999913990 0.006562396 -2.530474663 -0.003013324 -0.006596998 0.999973655 77.292350769
0.999931335 0.011282820 0.003166395 1.209025383 -0.011303094 0.999915242 0.006459634 -2.550832987 -0.003093245 -0.006494981 0.999974072 77.812431335
0.999924779 0.011794097 0.003363892 1.224670410 -0.011816104 0.999908388 0.006598664 -2.554444313 -0.003285760 -0.006637916 0.999972522 78.365905762
0.999928474 0.011533988 0.003168392 1.240141392 -0.011553877 0.999913216 0.006332527 -2.568054199 -0.003095077 -0.006368682 0.999974847 78.933898926
0.999925494 0.011819338 0.003048649 1.267842412 -0.011838394 0.999909997 0.006309470 -2.583209753 -0.002973801 -0.006345090 0.999975443 79.466064453
0.999927044 0.011384039 0.004032385 1.272587299 -0.011406877 0.999918759 0.005686746 -2.582979441 -0.003967319 -0.005732329 0.999975681 80.054046631
0.999926746 0.010985429 0.005073853 1.299524069 -0.011011656 0.999925971 0.005170447 -2.587193489 -0.005016678 -0.005225940 0.999973714 80.611274719
0.999929011 0.010390813 0.005829712 1.324066520 -0.010422155 0.999931276 0.005371747 -2.597645044 -0.005773495 -0.005432124 0.999968529 81.173484802
0.999919474 0.010460080 0.007184684 1.330521703 -0.010493968 0.999934018 0.004695458 -2.602778673 -0.007135095 -0.004770476 0.999963164 81.770133972
0.999875903 0.011406288 0.010867290 1.357858062 -0.011455573 0.999924302 0.004483723 -2.613483191 -0.010815326 -0.004607658 0.999930859 82.358383179
0.999843657 0.010535445 0.014196895 1.390360832 -0.010598504 0.999934256 0.004373850 -2.610621452 -0.014149881 -0.004523633 0.999889672 82.958206177
0.999794364 0.010435290 0.017385274 1.412521958 -0.010511295 0.999935567 0.004286143 -2.620214462 -0.017339427 -0.004468003 0.999839664 83.554557800
0.999727070 0.009985204 0.021118680 1.448839426 -0.010069019 0.999941826 0.003866114 -2.634497643 -0.021078845 -0.004077704 0.999769509 84.158760071
0.999569297 0.010309092 0.027473748 1.484416485 -0.010409737 0.999939561 0.003522826 -2.637825012 -0.027435768 -0.003807303 0.999616325 84.747665405
0.999402940 0.010042811 0.033058409 1.535862684 -0.010153095 0.999943435 0.003169934 -2.639918327 -0.033024702 -0.003503687 0.999448419 85.355537415
0.999181390 0.010099042 0.039176676 1.581809521 -0.010223994 0.999943197 0.002990408 -2.647926807 -0.039144259 -0.003388502 0.999227822 85.953102112
0.998878479 0.009229622 0.046438586 1.654215336 -0.009370633 0.999952078 0.002819753 -2.655641317 -0.046410333 -0.003251750 0.998917282 86.576560974
0.998416781 0.009452268 0.055448137 1.692562580 -0.009574876 0.999952257 0.001945965 -2.666384697 -0.055427093 -0.002473793 0.998459697 87.113555908
0.998008311 0.009227676 0.062403202 1.740757465 -0.009374995 0.999953926 0.002068341 -2.679914474 -0.062381234 -0.002649251 0.998048902 87.654464722
0.997358441 0.009679982 0.071989201 1.789690018 -0.009860279 0.999949098 0.002149543 -2.693624973 -0.071964718 -0.002853698 0.997403026 88.201927185
0.996604264 0.009144653 0.081832148 1.862184048 -0.009343411 0.999954283 0.002046218 -2.709444046 -0.081809692 -0.002803860 0.996644139 88.728279114
0.995870471 0.009287169 0.090309523 1.931186199 -0.009501172 0.999952912 0.001940010 -2.714728355 -0.090287246 -0.002790045 0.995911837 89.291503906
0.995183587 0.008451302 0.097664885 2.004275799 -0.008619694 0.999961913 0.001302363 -2.726080418 -0.097650193 -0.002137932 0.995218515 89.825576782
0.994185746 0.008465336 0.107346833 2.086709023 -0.008640521 0.999961913 0.001166931 -2.734478712 -0.107332855 -0.002087678 0.994221091 90.349617004
0.993014455 0.008345029 0.117696717 2.175708771 -0.008543144 0.999962807 0.001178865 -2.750350237 -0.117682502 -0.002176132 0.993048847 90.881309509
0.991907954 0.007289101 0.126749843 2.264500618 -0.007489872 0.999971271 0.001107464 -2.765780926 -0.126738146 -0.002047842 0.991934121 91.411392212
0.990338326 0.007699973 0.138458148 2.360630035 -0.007940910 0.999967694 0.001187811 -2.776718378 -0.138444528 -0.002275818 0.990367591 91.951019287
0.988511205 0.006955194 0.150987417 2.468984604 -0.007168879 0.999973953 0.000870958 -2.790556669 -0.150977433 -0.001943363 0.988535225 92.488388062
0.986784458 0.006443148 0.161910310 2.579544067 -0.006610180 0.999978006 0.000492961 -2.801289558 -0.161903590 -0.001556702 0.986805379 93.035514832
0.985017776 0.007258271 0.172300145 2.701740265 -0.007568418 0.999970734 0.001143164 -2.822925806 -0.172286823 -0.002430076 0.985043764 93.573654175
0.982724190 0.006442644 0.184963688 2.830268860 -0.006751548 0.999976695 0.001040295 -2.836525202 -0.184952661 -0.002271115 0.982744813 94.100112915
0.980331719 0.006316354 0.197255611 2.963216782 -0.006608184 0.999977827 0.000821261 -2.848975897 -0.197246060 -0.002108610 0.980351746 94.638755798
0.978231668 0.005813469 0.207433611 3.089515686 -0.006116657 0.999980927 0.000820265 -2.862940550 -0.207424909 -0.002071209 0.978248715 95.167785645
0.975349605 0.005701602 0.220591098 3.235553741 -0.005948707 0.999982238 0.000455903 -2.877707958 -0.220584601 -0.001756896 0.975366294 95.705978394
0.972284198 0.005307004 0.233741954 3.385917664 -0.005583271 0.999984264 0.000520252 -2.891335487 -0.233735487 -0.001810876 0.972298682 96.253028870
0.969550967 0.005192230 0.244834170 3.538133621 -0.005517668 0.999984503 0.000643340 -2.904504538 -0.244827032 -0.001974664 0.969564736 96.774581909
0.966882825 0.004059100 0.255188793 3.722383499 -0.004213574 0.999991119 0.000058656 -2.911738873 -0.255186319 -0.001131970 0.966891229 97.333549500
0.963167191 0.003953725 0.268874198 3.888946533 -0.004247996 0.999990761 0.000512663 -2.928219795 -0.268869698 -0.001635957 0.963175178 97.836303711
0.959560215 0.003515483 0.281481475 4.064876556 -0.003790644 0.999992728 0.000433044 -2.945355654 -0.281477898 -0.001482528 0.959566593 98.359420776
0.956142366 0.003036510 0.292886436 4.247804642 -0.003233296 0.999994755 0.000187778 -2.955684423 -0.292884320 -0.001126531 0.956147313 98.880577087
0.951732337 0.003588759 0.306908250 4.447038651 -0.003894575 0.999992371 0.000384030 -2.976396561 -0.306904465 -0.001560771 0.951739013 99.383819580
0.947252750 0.002131547 0.320480227 4.657585144 -0.002380495 0.999997020 0.000385015 -2.989351034 -0.320478410 -0.001127608 0.947255135 99.911010742
0.943382382 0.002125869 0.331700236 4.865465164 -0.002374435 0.999997079 0.000344099 -3.003471375 -0.331698537 -0.001112218 0.943384826 100.424285889
0.938559532 0.001688247 0.345113099 5.072080612 -0.002133838 0.999997318 0.000911272 -3.020754814 -0.345110595 -0.001591699 0.938560665 100.942176819
0.933054328 0.001994056 0.359729916 5.286165237 -0.002605662 0.999995887 0.001215293 -3.034502029 -0.359726042 -0.002071269 0.933055699 101.449058533
0.928214550 0.001264938 0.372043073 5.513406754 -0.001965201 0.999996960 0.001503036 -3.053939104 -0.372040033 -0.002126279 0.928214192 101.955398560
0.923732877 0.000185895 0.383037210 5.762464523 -0.000192850 1.000000000 -0.000020240 -3.047091484 -0.383037150 -0.000055173 0.923732936 102.462768555
0.917752266 -0.000437443 0.397153080 6.003822327 0.000467836 0.999999940 0.000020359 -3.060010910 -0.397153050 0.000167117 0.917752326 102.961074829
0.912123919 -0.001012738 0.409913331 6.281074524 0.001429401 0.999998748 -0.000710038 -3.058078527 -0.409912139 0.001233574 0.912124217 103.508262634
0.907350659 -0.001700150 0.420371383 6.534435272 0.001921612 0.999998152 -0.000103310 -3.079910517 -0.420370460 0.000901529 0.907352209 103.988952637
0.901501894 -0.002819062 0.432765931 6.816253662 0.003567119 0.999993205 -0.000916712 -3.085785151 -0.432760417 0.002370144 0.901505828 104.520370483
0.894705892 -0.002634013 0.446647853 7.082702637 0.003508828 0.999993265 -0.001131481 -3.100730896 -0.446641892 0.002579553 0.894709110 105.008438110
0.889046788 -0.003650786 0.457802027 7.377780914 0.004963302 0.999986291 -0.001664193 -3.109084129 -0.457789809 0.003751755 0.889052570 105.511909485
0.883320749 -0.004490224 0.468747705 7.657405853 0.005035208 0.999987304 0.000090589 -3.136743307 -0.468742073 0.002280223 0.883332193 105.984603882
0.876702607 -0.008139747 0.480963886 7.988094330 0.010133093 0.999947608 -0.001547707 -3.119083643 -0.480925977 0.006230531 0.876739025 106.468025208
