1.000000000 0.000000000 0.000000000 0.000000000 0.000000000 1.000000000 0.000000000 0.000000000 0.000000000 0.000000000 1.000000000 0.000000000
1.000000000 -0.000026802 0.000102764 -0.000961193 0.000026792 1.000000000 0.000104467 -0.000176019 -0.000102767 -0.000104464 1.000000000 0.000783051
1.000000000 0.000186805 0.000095485 -0.001213966 -0.000186815 1.000000000 0.000103778 0.000578735 -0.000095466 -0.000103796 1.000000000 0.001608560
1.000000000 0.000113463 -0.000137970 0.001215503 -0.000113444 1.000000000 0.000138653 -0.000974491 0.000137986 -0.000138637 1.000000000 -0.000654842
1.000000000 0.000164545 -0.000007712 0.000096133 -0.000164544 1.000000000 0.000130387 -0.000913220 0.000007733 -0.000130386 1.000000000 -0.000283948
1.000000000 0.000149709 0.000077831 -0.001253259 -0.000149716 1.000000000 0.000094881 -0.000268777 -0.000077817 -0.000094893 1.000000000 -0.000246402
1.000000000 0.000004519 0.000138836 -0.000737514 -0.000004530 1.000000000 0.000079216 -0.000429951 -0.000138836 -0.000079216 1.000000000 -0.000310562
0.999999940 -0.000221844 0.000266319 -0.001450358 0.000221819 1.000000000 0.000093714 0.000488887 -0.000266340 -0.000093655 0.999999940 0.001821685
1.000000000 0.000043075 0.000122109 -0.000580410 -0.000043083 1.000000000 0.000067412 0.000682560 -0.000122106 -0.000067417 1.000000000 0.002656569
1.000000000 -0.000082909 0.000145233 -0.000659773 0.000082894 1.000000000 0.000100550 -0.000358843 -0.000145242 -0.000100538 1.000000000 -0.000300491
1.000000000 -0.000054753 0.000169012 0.000280101 0.000054762 1.000000000 -0.000054782 0.001560981 -0.000169009 0.000054791 1.000000000 0.001480074
1.000000000 -0.000154121 0.000043793 -0.000183666 0.000154116 1.000000000 0.000102623 0.000060848 -0.000043809 -0.000102616 1.000000000 0.001199136
0.999999940 0.000175737 0.000183863 -0.002292103 -0.000175723 1.000000000 -0.000077641 0.002958442 -0.000183877 0.000077609 1.000000000 0.005626972
0.999999940 -0.000159128 0.000258761 -0.001546685 0.000159074 0.999999940 0.000208392 -0.000077057 -0.000258794 -0.000208351 0.999999940 0.001778437
1.000000000 0.000012957 0.000231399 -0.001433289 -0.000012985 1.000000000 0.000121251 -0.000001220 -0.000231397 -0.000121254 0.999999940 0.001067690
1.000000000 0.000177098 0.000132740 -0.000188476 -0.000177127 0.999999940 0.000221162 -0.001496703 -0.000132701 -0.000221186 0.999999940 -0.001465615
1.000000000 0.000058547 0.000196205 -0.001220212 -0.000058576 1.000000000 0.000147553 -0.000344789 -0.000196196 -0.000147565 0.999999940 0.000752488
0.999999881 0.000219957 0.000410996 -0.003360563 -0.000219965 1.000000000 0.000018502 0.002164756 -0.000410992 -0.000018593 0.999999940 0.005120584
0.999999940 0.000089437 0.000328462 -0.003271761 -0.000089450 1.000000000 0.000039277 0.001335857 -0.000328459 -0.000039306 0.999999940 0.004199651
1.000000000 0.000205983 0.000117863 -0.000769070 -0.000206001 0.999999940 0.000154841 -0.000475842 -0.000117831 -0.000154865 1.000000000 -0.000011790
0.999999940 0.000312375 0.000244617 -0.003664246 -0.000312410 0.999999940 0.000142545 0.001272659 -0.000244573 -0.000142622 0.999999940 0.005160077
0.999999940 0.000242712 0.000215942 -0.002963236 -0.000242712 1.000000000 0.000000719 0.002050037 -0.000215942 -0.000000772 1.000000000 0.005098757
1.000000000 -0.000172581 0.000109108 -0.002032587 0.000172572 1.000000000 0.000079127 0.001569186 -0.000109122 -0.000079108 1.000000000 0.003725837
0.999999940 0.000155521 0.000308439 -0.002143668 -0.000155552 1.000000000 0.000102230 0.000275787 -0.000308423 -0.000102278 0.999999940 0.003213731
0.999999940 0.000106132 0.000277495 -0.001958656 -0.000106164 1.000000000 0.000114185 -0.000054121 -0.000277483 -0.000114214 0.999999940 0.000452108
1.000000000 -0.000027147 0.000201420 -0.001607979 0.000027133 1.000000000 0.000071311 0.001220428 -0.000201422 -0.000071306 1.000000000 0.002628603
1.000000000 -0.000099634 0.000134239 -0.001197297 0.000099641 1.000000000 -0.000051966 0.001791931 -0.000134234 0.000051980 1.000000000 0.001553914
1.000000000 0.000023489 0.000171133 -0.001470841 -0.000023482 1.000000000 -0.000037663 0.001456839 -0.000171134 0.000037659 1.000000000 0.002891608
0.999999881 0.000296254 0.000443590 -0.005061698 -0.000296184 0.999999940 -0.000157604 0.003556623 -0.000443637 0.000157473 0.999999881 0.006136136
1.000000000 0.000011384 0.000222554 -0.003665991 -0.000011382 1.000000000 -0.000006039 0.003158643 -0.000222554 0.000006036 1.000000000 0.006263901
1.000000000 -0.000149218 0.000173898 -0.002038179 0.000149216 1.000000000 0.000008465 0.000872588 -0.000173899 -0.000008439 1.000000000 0.003809695
0.999999940 0.000081582 0.000281030 -0.002413211 -0.000081615 1.000000000 0.000118957 0.000836806 -0.000281021 -0.000118980 0.999999940 0.002127401
1.000000000 0.000051964 0.000205757 -0.002490300 -0.000051956 1.000000000 -0.000041275 0.002768965 -0.000205759 0.000041264 1.000000000 0.005361997
0.999999940 -0.000029858 0.000378763 -0.001859162 0.000029883 1.000000000 -0.000064846 0.001667203 -0.000378761 0.000064858 0.999999940 0.001826031
1.000000000 0.000090856 0.000182110 -0.000399411 -0.000090896 1.000000000 0.000216178 -0.000830495 -0.000182090 -0.000216195 0.999999940 0.000080722
0.999999940 0.000022868 0.000246640 -0.002816753 -0.000022851 1.000000000 -0.000067615 0.003719092 -0.000246642 0.000067609 0.999999940 0.006816583
0.999999940 0.000109156 0.000279279 -0.003228178 -0.000109141 1.000000000 -0.000054733 0.005125340 -0.000279285 0.000054703 0.999999940 0.009123989
0.999999940 -0.000063030 0.000296641 -0.002353261 0.000062987 1.000000000 0.000148044 0.001270696 -0.000296650 -0.000148025 0.999999940 0.004315890
0.999999940 -0.000080786 0.000281258 -0.002340658 0.000080697 0.999999940 0.000318081 -0.000558820 -0.000281284 -0.000318058 0.999999881 0.001257112
1.000000000 -0.000116817 0.000204888 -0.000576508 0.000116808 1.000000000 0.000040042 0.001206856 -0.000204892 -0.000040018 1.000000000 0.001467882
0.999999940 -0.000049614 0.000363230 -0.001333632 0.000049548 1.000000000 0.000184288 -0.000356840 -0.000363239 -0.000184270 0.999999940 0.002435686
0.999999940 -0.000268366 0.000272861 0.000513172 0.000268529 0.999999762 -0.000597600 -0.001125806 -0.000272701 0.000597673 0.999999762 0.051749695
0.999999881 0.000150489 0.000460268 -0.003145644 -0.000149981 0.999999404 -0.001103038 -0.005295573 -0.000460434 0.001102968 0.999999285 0.137597531
1.000000000 0.000214941 0.000051692 0.002209768 -0.000214862 0.999998808 -0.001530689 -0.004232221 -0.000052021 0.001530678 0.999998808 0.256801844
0.999999940 0.000123741 -0.000211394 0.007063082 -0.000123979 0.999999344 -0.001125792 -0.012655526 0.000211255 0.001125818 0.999999344 0.387611270
1.000000000 0.000221726 0.000016124 0.008396861 -0.000221712 0.999999642 -0.000831790 -0.020630879 -0.000016309 0.000831786 0.999999642 0.520374835
0.999999940 0.000246797 0.000130360 0.012683624 -0.000246716 0.999999762 -0.000619950 -0.028459104 -0.000130513 0.000619918 0.999999821 0.668295562
0.999999762 0.000611982 0.000328686 0.016754832 -0.000611759 0.999999583 -0.000679058 -0.027309541 -0.000329101 0.000678856 0.999999702 0.837431073
0.999999940 0.000340509 -0.000008041 0.019243658 -0.000340513 0.999999821 -0.000495136 -0.029273771 0.000007873 0.000495139 0.999999881 1.016347408
0.999999821 0.000540298 -0.000147647 0.022190964 -0.000540324 0.999999821 -0.000179547 -0.035670072 0.000147550 0.000179626 1.000000000 1.188848019
0.999999940 0.000340829 0.000054511 0.022845211 -0.000340806 0.999999881 -0.000423312 -0.038413379 -0.000054655 0.000423294 0.999999881 1.376183391
0.999999881 0.000526749 -0.000112763 0.038646009 -0.000526743 0.999999881 0.000052871 -0.053318974 0.000112791 -0.000052812 1.000000000 1.565438271
0.999999940 0.000295116 0.000045721 0.040728182 -0.000295127 0.999999940 0.000241534 -0.057656564 -0.000045649 -0.000241548 0.999999940 1.755626440
0.999999225 0.001221076 0.000015318 0.038595587 -0.001221027 0.999995172 -0.002862131 -0.025584826 -0.000018813 0.002862110 0.999995887 1.960287571
0.999999344 0.001104588 0.000119001 0.040858444 -0.001104247 0.999995410 -0.002828248 -0.032897722 -0.000122125 0.002828115 0.999996006 2.163716316
0.999999404 0.001079152 0.000087916 0.047999077 -0.001078895 0.999995232 -0.002875682 -0.037839241 -0.000091019 0.002875586 0.999995887 2.389417648
0.999999225 0.001249657 0.000238074 0.049600702 -0.001248974 0.999995172 -0.002845216 -0.042609010 -0.000241629 0.002844917 0.999995947 2.603904247
0.999999285 0.001214472 0.000185353 0.054305334 -0.001213965 0.999995649 -0.002715062 -0.052899364 -0.000188649 0.002714835 0.999996364 2.833847284
0.999999106 0.001281481 0.000372446 0.055942796 -0.001280448 0.999995351 -0.002761273 -0.056664851 -0.000375983 0.002760794 0.999996126 3.074438095
0.999999404 0.001078937 0.000255655 0.068589896 -0.001078209 0.999995410 -0.002828201 -0.061178278 -0.000258705 0.002827924 0.999996006 3.318731546
0.999999106 0.001286862 0.000351185 0.068794951 -0.001285936 0.999995649 -0.002624176 -0.075371206 -0.000354561 0.002623722 0.999996483 3.549214602
0.999999225 0.001255460 -0.000005460 0.075484805 -0.001255470 0.999994576 -0.003081032 -0.075607665 0.000001592 0.003081037 0.999995172 3.823026419
0.999998868 0.001480451 0.000280382 0.077266917 -0.001479579 0.999994099 -0.003086954 -0.082891516 -0.000284950 0.003086536 0.999995172 4.084554195
0.999998987 0.001340273 0.000407913 0.077730849 -0.001339233 0.999995828 -0.002539278 -0.093452573 -0.000411315 0.002538730 0.999996662 4.340063572
0.999998629 0.001581911 0.000495283 0.087652385 -0.001580582 0.999995112 -0.002673666 -0.101824082 -0.000499510 0.002672880 0.999996245 4.594662666
0.999999285 0.001063227 0.000499156 0.088938706 -0.001061727 0.999994934 -0.002994522 -0.102815606 -0.000502337 0.002993990 0.999995410 4.851874828
0.999999702 0.000810102 0.000178712 0.096805699 -0.000809552 0.999995053 -0.003056006 -0.108472288 -0.000181187 0.003055860 0.999995410 5.117681026
0.999999285 0.001115702 0.000313247 0.103185847 -0.001114849 0.999995649 -0.002712483 -0.123346530 -0.000316272 0.002712132 0.999996305 5.370394707
0.999998808 0.001377338 0.000599838 0.102378331 -0.001375433 0.999994040 -0.003163356 -0.123402968 -0.000604192 0.003162528 0.999994874 5.636556625
0.999998927 0.001218906 0.000848189 0.098267712 -0.001216566 0.999995470 -0.002753660 -0.137853324 -0.000851542 0.002752625 0.999995828 5.909740925
0.999998987 0.000973251 0.001039814 0.103792630 -0.000970588 0.999996305 -0.002557918 -0.147982523 -0.001042299 0.002556907 0.999996185 6.193961620
0.999998748 0.001356206 0.000875733 0.112288952 -0.001353691 0.999994993 -0.002865949 -0.156271368 -0.000879615 0.002864760 0.999995470 6.469663620
0.999999046 0.001009074 0.000926008 0.114885695 -0.001006842 0.999996603 -0.002406941 -0.168564826 -0.000928433 0.002406006 0.999996722 6.752912521
0.999998808 0.001174926 0.001024149 0.119955093 -0.001172692 0.999996960 -0.002179289 -0.188172415 -0.001026707 0.002178085 0.999997079 7.058619499
0.999998331 0.001136626 0.001439727 0.122680195 -0.001133065 0.999996305 -0.002471388 -0.191082582 -0.001442531 0.002469752 0.999995828 7.359073639
0.999998271 0.001532238 0.001132557 0.138055027 -0.001529969 0.999996901 -0.002001529 -0.211278737 -0.001135620 0.001999792 0.999997377 7.662874222
0.999998033 0.001397598 0.001446266 0.136001840 -0.001394651 0.999996960 -0.002036737 -0.218645483 -0.001449108 0.002034715 0.999996901 7.988235950
0.999997914 0.001423024 0.001465597 0.140357256 -0.001419538 0.999996126 -0.002376962 -0.221259713 -0.001468974 0.002374876 0.999996126 8.308515549
0.999997437 0.001494191 0.001683635 0.145341218 -0.001489633 0.999995291 -0.002704936 -0.230873376 -0.001687669 0.002702422 0.999994934 8.640338898
0.999998331 0.001004274 0.001525047 0.157189965 -0.001001055 0.999997258 -0.002110346 -0.246482462 -0.001527162 0.002108816 0.999996603 8.968446732
0.999998510 0.001138944 0.001282625 0.170372605 -0.001136403 0.999997437 -0.001980029 -0.263072610 -0.001284876 0.001978569 0.999997199 9.299829483
0.999998152 0.001120863 0.001522147 0.173995152 -0.001118866 0.999998510 -0.001312403 -0.277137339 -0.001523616 0.001310697 0.999997914 9.654141426
0.999998450 0.000977239 0.001426584 0.186429739 -0.000975452 0.999998748 -0.001253007 -0.286579937 -0.001427807 0.001251613 0.999998212 9.995987892
0.999998569 0.001109741 0.001254053 0.187330619 -0.001107466 0.999997675 -0.001813165 -0.293679893 -0.001256062 0.001811774 0.999997556 10.361502647
0.999997556 0.001430577 0.001639492 0.195422307 -0.001427594 0.999997258 -0.001819754 -0.303062886 -0.001642091 0.001817410 0.999997020 10.715381622
0.999997437 0.001352791 0.001777504 0.199783117 -0.001348848 0.999996662 -0.002217569 -0.306282640 -0.001780499 0.002215166 0.999996006 11.093473434
0.999998033 0.001365624 0.001436014 0.210370183 -0.001363197 0.999997616 -0.001689482 -0.329643905 -0.001438317 0.001687521 0.999997556 11.462691307
0.999998629 0.000745536 0.001471166 0.222798094 -0.000743124 0.999998271 -0.001639177 -0.339665532 -0.001472386 0.001638081 0.999997616 11.844993591
0.999998629 0.000603550 0.001556673 0.230775848 -0.000601174 0.999998629 -0.001526386 -0.355619550 -0.001557593 0.001525448 0.999997556 12.235372543
0.999998808 0.000506805 0.001479780 0.241112083 -0.000504319 0.999998391 -0.001679959 -0.366937280 -0.001480629 0.001679211 0.999997437 12.623655319
0.999998152 0.000490211 0.001851743 0.239910915 -0.000487645 0.999999046 -0.001386163 -0.375703633 -0.001852421 0.001385257 0.999997318 13.031063080
0.999998033 0.000269601 0.001986553 0.246924058 -0.000266076 0.999998391 -0.001774828 -0.384648114 -0.001987028 0.001774296 0.999996483 13.432711601
0.999997973 0.000004181 0.002012283 0.264545768 -0.000001648 0.999999166 -0.001258652 -0.404032022 -0.002012287 0.001258646 0.999997139 13.835532188
0.999996424 0.000758439 0.002566958 0.262844771 -0.000754791 0.999998689 -0.001421733 -0.414525062 -0.002568033 0.001419791 0.999995708 14.273368835
0.999995530 0.000866591 0.002902929 0.274369419 -0.000863133 0.999998927 -0.001192496 -0.432503045 -0.002903960 0.001189985 0.999995112 14.689250946
0.999994516 0.000794840 0.003231035 0.281867921 -0.000791385 0.999999106 -0.001070234 -0.441524446 -0.003231882 0.001067671 0.999994218 15.119233131
0.999995291 0.000794482 0.002938764 0.303912848 -0.000791964 0.999999285 -0.000857758 -0.457948208 -0.002939444 0.000855427 0.999995291 15.558197975
0.999993324 0.000603449 0.003611813 0.312740296 -0.000599520 0.999999225 -0.001088959 -0.470266700 -0.003612468 0.001086787 0.999992847 16.002283096
0.999993563 0.000562593 0.003550841 0.326737881 -0.000561438 0.999999702 -0.000326539 -0.490470469 -0.003551024 0.000324544 0.999993622 16.446769714
0.999991715 0.000698605 0.004007731 0.335330188 -0.000695114 0.999999344 -0.000872505 -0.501408398 -0.004008338 0.000869712 0.999991596 16.897363663
0.999989331 0.000516124 0.004595998 0.342903644 -0.000513464 0.999999702 -0.000580073 -0.514331758 -0.004596296 0.000577707 0.999989271 17.362958908
0.999986649 0.001207024 0.005014623 0.350877613 -0.001205136 0.999999166 -0.000379509 -0.527694702 -0.005015076 0.000373460 0.999987364 17.822010040
0.999987006 0.001038610 0.004974934 0.362875134 -0.001036312 0.999999285 -0.000464467 -0.538372338 -0.004975413 0.000459305 0.999987543 18.280134201
0.999983907 0.001641623 0.005429791 0.380789012 -0.001637418 0.999998331 -0.000778673 -0.548929751 -0.005431060 0.000769770 0.999985039 18.743293762
0.999980807 0.001535789 0.005990717 0.385662794 -0.001532538 0.999998689 -0.000547282 -0.576431096 -0.005991547 0.000538091 0.999981821 19.243169785
0.999980330 0.001372138 0.006107255 0.400740266 -0.001365628 0.999998510 -0.001069939 -0.584056795 -0.006108713 0.001061578 0.999980688 19.730508804
0.999977708 0.001290500 0.006558990 0.404223263 -0.001285608 0.999998868 -0.000749961 -0.593391418 -0.006559950 0.000741512 0.999978185 20.236980438
0.999980628 0.001786381 0.005951385 0.415960431 -0.001785628 0.999998391 -0.000131866 -0.619573593 -0.005951610 0.000121236 0.999982297 20.695604324
0.999979317 0.001462480 0.006264840 0.424690783 -0.001461929 0.999998927 -0.000092419 -0.628818810 -0.006264968 0.000083258 0.999980390 21.199100494
0.999983311 0.001008283 0.005682742 0.435224146 -0.001008000 0.999999523 -0.000052622 -0.636827230 -0.005682793 0.000046892 0.999983847 21.709205627
0.999987125 0.000961661 0.004982922 0.444550067 -0.000963071 0.999999464 0.000280635 -0.660794199 -0.004982650 -0.000285430 0.999987543 22.200773239
0.999989510 0.000972663 0.004483438 0.458351612 -0.000972802 0.999999583 0.000029017 -0.665537417 -0.004483407 -0.000033378 0.999989986 22.718292236
0.999992430 0.000797019 0.003814315 0.471116126 -0.000798890 0.999999523 0.000488934 -0.693752050 -0.003813924 -0.000491979 0.999992609 23.248035431
0.999991834 0.001118558 0.003888936 0.480706602 -0.001119877 0.999999344 0.000337003 -0.711473584 -0.003888556 -0.000341355 0.999992371 23.764562607
0.999996364 0.000038915 0.002686119 0.491829336 -0.000037788 0.999999940 -0.000419357 -0.716339648 -0.002686135 0.000419254 0.999996305 24.298007965
0.999996483 0.000913588 0.002454344 0.499931425 -0.000914081 0.999999523 0.000199838 -0.731721938 -0.002454160 -0.000202081 0.999996960 24.836734772
0.999998569 0.001328146 0.001060962 0.520386338 -0.001328311 0.999999106 0.000155362 -0.747311115 -0.001060755 -0.000156772 0.999999344 25.382347107
0.999998510 0.001347631 0.001121632 0.522577405 -0.001347990 0.999999106 0.000318840 -0.759251654 -0.001121202 -0.000320352 0.999999225 25.929180145
0.999998510 0.001588412 0.000628545 0.522890508 -0.001588165 0.999998689 -0.000391793 -0.770100892 -0.000629167 0.000390794 0.999999702 26.494213104
0.999999106 0.001256745 0.000507080 0.533294678 -0.001256687 0.999999225 -0.000116335 -0.783969104 -0.000507226 0.000115698 0.999999821 27.044965744
0.999999702 0.000765097 -0.000065180 0.557063282 -0.000765040 0.999999344 0.000870653 -0.812156439 0.000065845 -0.000870603 0.999999642 27.584224701
0.999998331 0.001778765 -0.000463711 0.556788683 -0.001778433 0.999998152 0.000714873 -0.826440096 0.000464982 -0.000714047 0.999999642 28.141347885
0.999997735 0.001836211 -0.001046495 0.565219104 -0.001834905 0.999997556 0.001248632 -0.842735291 0.001048785 -0.001246709 0.999998689 28.688385010
0.999997318 0.002205849 -0.000704657 0.575473428 -0.002205265 0.999997199 0.000828558 -0.855314374 0.000706483 -0.000827002 0.999999404 29.241077423
0.999996781 0.002083618 -0.001444104 0.590357840 -0.002082486 0.999997497 0.000784756 -0.870921373 0.001445735 -0.000781746 0.999998629 29.803726196
0.999995828 0.002434608 -0.001557475 0.596143663 -0.002433275 0.999996662 0.000856966 -0.885204315 0.001559555 -0.000853173 0.999998391 30.344875336
0.999995172 0.002331512 -0.002024180 0.610930920 -0.002329225 0.999996662 0.001131347 -0.905308425 0.002026811 -0.001126627 0.999997258 30.891126633
0.999994516 0.002707121 -0.001909587 0.616096973 -0.002704832 0.999995649 0.001200742 -0.918172061 0.001912830 -0.001195571 0.999997437 31.433162689
0.999994040 0.002190318 -0.002672488 0.630887628 -0.002187201 0.999996901 0.001168754 -0.932250381 0.002675039 -0.001162902 0.999995768 31.997804642
0.999994397 0.001912526 -0.002746320 0.640775621 -0.001909249 0.999997437 0.001195274 -0.948092103 0.002748599 -0.001190024 0.999995530 32.543972015
0.999992549 0.002918880 -0.002516254 0.642422974 -0.002916594 0.999995351 0.000911535 -0.958509326 0.002518904 -0.000904189 0.999996424 33.096740723
0.999992728 0.002660517 -0.002731231 0.651017964 -0.002658265 0.999996066 0.000827620 -0.975218832 0.002733422 -0.000820354 0.999995947 33.642604828
0.999991417 0.003115873 -0.002730850 0.656561553 -0.003113219 0.999994636 0.000975475 -0.987421155 0.002733876 -0.000966964 0.999995768 34.203125000
0.999992728 0.003014775 -0.002329837 0.656292260 -0.003012665 0.999994993 0.000908921 -1.001282573 0.002332566 -0.000901895 0.999996841 34.754737854
0.999993205 0.002243145 -0.002935061 0.672701240 -0.002240467 0.999997079 0.000915375 -1.015625119 0.002937106 -0.000908793 0.999995291 35.303478241
0.999992788 0.002371913 -0.002949017 0.685499966 -0.002369629 0.999996901 0.000777668 -1.031487346 0.002950852 -0.000770675 0.999995351 35.845302582
0.999990702 0.002339387 -0.003629353 0.695905149 -0.002336995 0.999996960 0.000662878 -1.045677304 0.003630893 -0.000654390 0.999993205 36.402156830
0.999989510 0.002536790 -0.003817055 0.708214343 -0.002535717 0.999996662 0.000285712 -1.056678534 0.003817768 -0.000276030 0.999992669 36.952178955
0.999990284 0.002698725 -0.003478538 0.702708721 -0.002696560 0.999996185 0.000626690 -1.077268481 0.003480216 -0.000617304 0.999993742 37.502975464
0.999990761 0.002876946 -0.003196252 0.710133016 -0.002874917 0.999995708 0.000639342 -1.092224121 0.003198078 -0.000630148 0.999994695 38.054443359
0.999991715 0.002813669 -0.002928602 0.714842021 -0.002812824 0.999995947 0.000292798 -1.105082154 0.002929414 -0.000284558 0.999995708 38.593402863
0.999988019 0.002794517 -0.004019234 0.735902488 -0.002791425 0.999995768 0.000774685 -1.124039173 0.004021383 -0.000763457 0.999991536 39.171478271
0.999987364 0.002768497 -0.004203795 0.746766984 -0.002766969 0.999996126 0.000369044 -1.140866756 0.004204801 -0.000357407 0.999991059 39.713073730
0.999985337 0.002716509 -0.004678392 0.758182168 -0.002712076 0.999995887 0.000953587 -1.150634408 0.004680963 -0.000940886 0.999988616 40.271335602
0.999987185 0.002653007 -0.004305797 0.763787389 -0.002650996 0.999996483 0.000472491 -1.161667705 0.004307035 -0.000461070 0.999990642 40.818908691
0.999986649 0.002877693 -0.004280753 0.775650859 -0.002878837 0.999995828 -0.000261133 -1.166198373 0.004279984 0.000273453 0.999990880 41.364040375
0.999981463 0.003297403 -0.005114293 0.789800704 -0.003298140 0.999994576 -0.000135419 -1.178493857 0.005113818 0.000152285 0.999986887 41.940284729
0.999978602 0.003311882 -0.005642533 0.807257414 -0.003312744 0.999994516 -0.000143421 -1.197253942 0.005642027 0.000162110 0.999984086 42.477542877
0.999975264 0.003885280 -0.005848162 0.815728545 -0.003888037 0.999992311 -0.000459970 -1.206278682 0.005846330 0.000482696 0.999982715 43.025436401
0.999981403 0.003465388 -0.005020680 0.806104541 -0.003463261 0.999993861 0.000431962 -1.230336308 0.005022147 -0.000414566 0.999987245 43.604766846
0.999983907 0.003032867 -0.004796665 0.812250018 -0.003032052 0.999995410 0.000176923 -1.245262027 0.004797180 -0.000162377 0.999988496 44.155628204
0.999982178 0.003227718 -0.005013828 0.818353772 -0.003225490 0.999994636 0.000452318 -1.259604692 0.005015261 -0.000436138 0.999987304 44.708545685
0.999980271 0.003480207 -0.005217712 0.827395320 -0.003480369 0.999993861 -0.000021962 -1.270585179 0.005217603 0.000040120 0.999986410 45.262912750
0.999982834 0.003860377 -0.004399211 0.832491636 -0.003863126 0.999992311 -0.000616547 -1.278510809 0.004396798 0.000633531 0.999990106 45.814315796
0.999983490 0.003462958 -0.004579380 0.838193059 -0.003463547 0.999993980 -0.000120654 -1.295350432 0.004578935 0.000136513 0.999989450 46.375423431
0.999981880 0.002967711 -0.005244502 0.855888247 -0.002966312 0.999995589 0.000274491 -1.312308073 0.005245293 -0.000258929 0.999986231 46.911495209
0.999981523 0.003338955 -0.005083220 0.859668493 -0.003343389 0.999994040 -0.000863897 -1.311089277 0.005080305 0.000880876 0.999986708 47.472671509
0.999981821 0.002714529 -0.005385892 0.868673086 -0.002716475 0.999996185 -0.000354087 -1.332576632 0.005384910 0.000368712 0.999985456 48.008613586
0.999982953 0.002645698 -0.005198688 0.874856830 -0.002649716 0.999996185 -0.000766431 -1.343876362 0.005196641 0.000780193 0.999986172 48.556335449
0.999984145 0.002775847 -0.004897646 0.874341667 -0.002777734 0.999996006 -0.000378422 -1.360291600 0.004896576 0.000392021 0.999987960 49.120929718
0.999983072 0.002442440 -0.005287594 0.887169719 -0.002443005 0.999997020 -0.000100517 -1.379432917 0.005287332 0.000113432 0.999986053 49.662700653
0.999986291 0.002935082 -0.004328373 0.883706570 -0.002938950 0.999995291 -0.000887559 -1.384102583 0.004325747 0.000900268 0.999990284 50.230655670
0.999985516 0.002660443 -0.004666413 0.891311824 -0.002661563 0.999996424 -0.000233845 -1.404436827 0.004665774 0.000246262 0.999989033 50.769538879
0.999986649 0.002998467 -0.004214314 0.894510150 -0.003001444 0.999995291 -0.000700465 -1.418309927 0.004212193 0.000713104 0.999990880 51.324756622
0.999984443 0.002940752 -0.004742781 0.909081399 -0.002944212 0.999995410 -0.000722577 -1.434509873 0.004740635 0.000736529 0.999988437 51.879482269
0.999982953 0.002917358 -0.005058291 0.919711113 -0.002920102 0.999995589 -0.000535253 -1.451494932 0.005056707 0.000550015 0.999987066 52.426475525
0.999984443 0.002745105 -0.004842053 0.925093949 -0.002749404 0.999995828 -0.000881735 -1.465575814 0.004839612 0.000895034 0.999987900 52.984184265
0.999985456 0.002254776 -0.004925399 0.933163643 -0.002258559 0.999997139 -0.000762384 -1.480829954 0.004923666 0.000773497 0.999987602 53.530414581
0.999986172 0.002393315 -0.004687421 0.938854575 -0.002397130 0.999996781 -0.000808398 -1.498625278 0.004685471 0.000819623 0.999988675 54.071235657
0.999988198 0.002268259 -0.004287860 0.946958959 -0.002271622 0.999997079 -0.000779672 -1.515776515 0.004286079 0.000789403 0.999990523 54.609443665
0.999986768 0.002250451 -0.004632294 0.952463865 -0.002254787 0.999997020 -0.000931042 -1.527428627 0.004630186 0.000941474 0.999988794 55.166198730
0.999986410 0.002178677 -0.004731494 0.958989739 -0.002183455 0.999997139 -0.001005114 -1.548201799 0.004729291 0.001015431 0.999988317 55.715290070
0.999988317 0.002518539 -0.004142152 0.960655332 -0.002521417 0.999996603 -0.000690053 -1.560416698 0.004140401 0.000700489 0.999991179 56.259735107
0.999984562 0.002522520 -0.004947153 0.978192091 -0.002527394 0.999996305 -0.000979116 -1.577875853 0.004944665 0.000991604 0.999987304 56.827724457
0.999985874 0.002247323 -0.004821667 0.997648716 -0.002250027 0.999997258 -0.000555489 -1.600340009 0.004820405 0.000566329 0.999988198 57.354515076
0.999984145 0.003034973 -0.004725176 0.997177601 -0.003040349 0.999994755 -0.001130894 -1.606237411 0.004721719 0.001145243 0.999988198 57.929565430
0.999983549 0.002748828 -0.005023563 1.009524107 -0.002755433 0.999995410 -0.001308349 -1.624428511 0.005019943 0.001322170 0.999986529 58.471920013
0.999985814 0.002554894 -0.004678690 1.017063379 -0.002562863 0.999995291 -0.001698003 -1.637189031 0.004674330 0.001709970 0.999987602 59.017314911
0.999985695 0.002424639 -0.004761767 1.023094416 -0.002433793 0.999995172 -0.001917471 -1.645476460 0.004757095 0.001929033 0.999986827 59.568229675
0.999987781 0.002456140 -0.004282721 1.030059576 -0.002465683 0.999994516 -0.002224231 -1.661761403 0.004277234 0.002234764 0.999988317 60.110469818
0.999986351 0.002501116 -0.004573222 1.034553170 -0.002510696 0.999994636 -0.002090277 -1.674250484 0.004567969 0.002101731 0.999987364 60.669471741
0.999985039 0.002601177 -0.004813447 1.045898795 -0.002610313 0.999994755 -0.001892708 -1.690264583 0.004808499 0.001905244 0.999986589 61.216743469
0.999985278 0.002714548 -0.004691887 1.049616575 -0.002723256 0.999994576 -0.001850670 -1.705743313 0.004686838 0.001863420 0.999987245 61.762424469
0.999985337 0.003279413 -0.004301645 1.059521794 -0.003286055 0.999993443 -0.001537907 -1.723937035 0.004296574 0.001552020 0.999989510 62.312637329
0.999984384 0.002762789 -0.004852352 1.061299324 -0.002774645 0.999993205 -0.002438141 -1.729812264 0.004845583 0.002451567 0.999985278 62.867111206
0.999986351 0.003110027 -0.004186644 1.063523650 -0.003119534 0.999992609 -0.002266207 -1.749129415 0.004179565 0.002279236 0.999988675 63.417537689
0.999986470 0.003362228 -0.003942221 1.063986778 -0.003371670 0.999991417 -0.002390726 -1.762364268 0.003934149 0.002403985 0.999989390 63.969799042
0.999985099 0.003223530 -0.004438083 1.078415871 -0.003232526 0.999992728 -0.002021509 -1.787164688 0.004431535 0.002035826 0.999988019 64.506645203
0.999988139 0.003510673 -0.003402810 1.075639486 -0.003516429 0.999992371 -0.001686746 -1.805423975 0.003396863 0.001698692 0.999992728 65.055458069
0.999982536 0.004250215 -0.004108672 1.093418837 -0.004257709 0.999989271 -0.001816910 -1.817391753 0.004100906 0.001834371 0.999989867 65.589469910
0.999985814 0.003836900 -0.003702315 1.089253426 -0.003844854 0.999990284 -0.002143947 -1.831059813 0.003694054 0.002158152 0.999990761 66.141822815
0.999988496 0.003290181 -0.003499050 1.100821972 -0.003300232 0.999990404 -0.002870537 -1.839536071 0.003489572 0.002882052 0.999989688 66.697418213
0.999989450 0.003727408 -0.002729869 1.101845860 -0.003736503 0.999987483 -0.003334050 -1.851082206 0.002717407 0.003344215 0.999990702 67.254837036
0.999986410 0.003969164 -0.003376486 1.115301371 -0.003978080 0.999988556 -0.002637811 -1.874158144 0.003365977 0.002651207 0.999990761 67.802635193
0.999988437 0.003073888 -0.003692006 1.115890741 -0.003082971 0.999992371 -0.002457178 -1.885126472 0.003684424 0.002468532 0.999990165 68.341613770
0.999987185 0.003492473 -0.003646383 1.131174564 -0.003500845 0.999991298 -0.002291865 -1.907921672 0.003638346 0.002304601 0.999990761 68.868041992
0.999987066 0.003932186 -0.003237683 1.133873940 -0.003939858 0.999989510 -0.002366533 -1.926403522 0.003228344 0.002379258 0.999992013 69.417152405
0.999989212 0.003818750 -0.002663516 1.137566209 -0.003823453 0.999991238 -0.001762831 -1.947199106 0.002656761 0.001772995 0.999994934 69.969367981
0.999985754 0.004228699 -0.003230028 1.136029720 -0.004237494 0.999987304 -0.002721056 -1.957534313 0.003218480 0.002734705 0.999991059 70.473617554
0.999986172 0.004267858 -0.003046340 1.144756675 -0.004275491 0.999987721 -0.002503129 -1.974744201 0.003035619 0.002516119 0.999992251 71.025955200
0.999988437 0.003865544 -0.002836820 1.151593089 -0.003873534 0.999988556 -0.002816025 -1.981091380 0.002825901 0.002826981 0.999992013 71.573715210
0.999985337 0.003950146 -0.003695107 1.167374372 -0.003956734 0.999990523 -0.001777361 -2.014496088 0.003688051 0.001791955 0.999991596 72.098648071
0.999986470 0.003984486 -0.003349112 1.176632762 -0.003989321 0.999991000 -0.001438326 -2.037606239 0.003343351 0.001451667 0.999993384 72.647819519
0.999983668 0.004257165 -0.003794162 1.185127616 -0.004265292 0.999988556 -0.002136432 -2.045159578 0.003785023 0.002152580 0.999990523 73.187042236
0.999984860 0.004277182 -0.003468343 1.191390038 -0.004284022 0.999988854 -0.001967115 -2.063160419 0.003459891 0.001981943 0.999992013 73.720436096
0.999986887 0.003928703 -0.003303235 1.202191472 -0.003934828 0.999990582 -0.001849756 -2.079900026 0.003295937 0.001862730 0.999992788 74.258766174
0.999985099 0.003846940 -0.003868446 1.209765911 -0.003854286 0.999990761 -0.001892987 -2.094726801 0.003861128 0.001907869 0.999990642 74.804611206
0.999985576 0.003481837 -0.004075079 1.225926399 -0.003486840 0.999993205 -0.001221156 -2.115393877 0.004070799 0.001235347 0.999990940 75.331947327
0.999988914 0.003437771 -0.003231112 1.227578044 -0.003441388 0.999993503 -0.001114220 -2.133353472 0.003227260 0.001125327 0.999994159 75.875976562
0.999985754 0.003439814 -0.004079565 1.241337299 -0.003445611 0.999993086 -0.001415040 -2.150188446 0.004074669 0.001429076 0.999990642 76.399589539
0.999980867 0.004247786 -0.004503250 1.249367952 -0.004255594 0.999989510 -0.001725935 -2.164101839 0.004495871 0.001745066 0.999988437 76.943145752
0.999986112 0.003447174 -0.003961361 1.258563280 -0.003454611 0.999992311 -0.001872167 -2.179755211 0.003954876 0.001885826 0.999990404 77.494644165
0.999986470 0.002761223 -0.004394885 1.268323302 -0.002768825 0.999994636 -0.001724458 -2.194601297 0.004390100 0.001736604 0.999988854 78.037452698
0.999987364 0.002575155 -0.004309069 1.282147884 -0.002582060 0.999995410 -0.001597540 -2.210951328 0.004304935 0.001608647 0.999989450 78.591133118
0.999985576 0.003156487 -0.004327214 1.280128598 -0.003163522 0.999993682 -0.001619649 -2.230183125 0.004322074 0.001633315 0.999989331 79.105422974
0.999986231 0.003133941 -0.004197966 1.293883801 -0.003140553 0.999993801 -0.001569025 -2.245051146 0.004193023 0.001582187 0.999989986 79.658798218
0.999986351 0.003040439 -0.004242824 1.301919580 -0.003050199 0.999992728 -0.002295758 -2.255039692 0.004235813 0.002308668 0.999988377 80.213111877
0.999984920 0.003389461 -0.004315637 1.307903051 -0.003398044 0.999992371 -0.001982839 -2.274348021 0.004308883 0.001997474 0.999988675 80.750495911
0.999987662 0.003366049 -0.003652127 1.331633925 -0.003373599 0.999992132 -0.002062984 -2.280758142 0.003645154 0.002075280 0.999991179 81.301574707
0.999991536 0.003145340 -0.002624363 1.346392155 -0.003151747 0.999992013 -0.002440781 -2.298212051 0.002616665 0.002449032 0.999993622 81.836875916
0.999991894 0.003827976 -0.001224975 1.340577364 -0.003830403 0.999990702 -0.001984527 -2.318932056 0.001217366 0.001989204 0.999997258 82.383087158
0.999993801 0.003514318 0.000001985 1.357081532 -0.003514308 0.999991775 -0.002031077 -2.335247040 -0.000009123 0.002031058 0.999997854 82.913757324
0.999986529 0.004122199 0.003162107 1.374279857 -0.004114274 0.999988377 -0.002508860 -2.347847223 -0.003172412 0.002495816 0.999991834 83.475028992
0.999962926 0.003940087 0.007645096 1.377531052 -0.003923937 0.999990046 -0.002126408 -2.358096838 -0.007653399 0.002096330 0.999968529 83.996467590
0.999929428 0.004531777 0.010977157 1.391628027 -0.004509436 0.999987721 -0.002059098 -2.380329847 -0.010986356 0.002009452 0.999937654 84.540740967
0.999867857 0.004368311 0.015654359 1.410847664 -0.004327945 0.999987245 -0.002611556 -2.391262293 -0.015665565 0.002543460 0.999874055 85.107254028
0.999757946 0.004261660 0.021583518 1.437951803 -0.004201253 0.999987185 -0.002843324 -2.403520823 -0.021595357 0.002751958 0.999762952 85.652412415
0.999641776 0.003526496 0.026534686 1.485812664 -0.003481101 0.999992371 -0.001756823 -2.443739176 -0.026540684 0.001663823 0.999646366 86.215744019
0.999481797 0.003138625 0.032036141 1.522699475 -0.003088095 0.999993861 -0.001626650 -2.462331533 -0.032041054 0.001526876 0.999485373 86.756195068
0.999189138 0.003691951 0.040089481 1.557013512 -0.003611250 0.999991298 -0.002085265 -2.473330975 -0.040096845 0.001938801 0.999193847 87.317153931
0.998804986 0.003778402 0.048727449 1.598080873 -0.003700005 0.999991715 -0.001698985 -2.498727560 -0.048733465 0.001516663 0.998810649 87.873863220
0.998429298 0.003371708 0.055926494 1.641492844 -0.003282827 0.999993265 -0.001681039 -2.511992455 -0.055931777 0.001494802 0.998433471 88.417991638
0.997899652 0.003194566 0.064700179 1.698297977 -0.003062764 0.999992967 -0.002136191 -2.522621155 -0.064706549 0.001933543 0.997902453 88.987930298
0.997146487 0.003331222 0.075418130 1.756943703 -0.003156850 0.999992073 -0.002431158 -2.537528992 -0.075425632 0.002186137 0.997149050 89.519355774
0.996502757 0.002878746 0.083510332 1.829254627 -0.002732862 0.999994516 -0.001861147 -2.561585903 -0.083515219 0.001626415 0.996505141 90.071624756
0.995764911 0.002803505 0.091893412 1.882085323 -0.002616000 0.999994218 -0.002160856 -2.583674669 -0.091898955 0.001911311 0.995766521 90.661254883
0.994714618 0.003047298 0.102633379 1.962598801 -0.002855325 0.999993861 -0.002017335 -2.595722675 -0.102638900 0.001713620 0.994717240 91.205841064
0.993558109 0.002968981 0.113284640 2.040490150 -0.002791301 0.999994636 -0.001727032 -2.617770672 -0.113289148 0.001399695 0.993561208 91.767448425
0.992489874 0.002259847 0.122305617 2.124758720 -0.002020863 0.999995768 -0.002078002 -2.631606102 -0.122309797 0.001815233 0.992490292 92.319770813
0.991031706 0.002158028 0.133608997 2.223385811 -0.001949510 0.999996603 -0.001691459 -2.647911787 -0.133612186 0.001415817 0.991032660 92.875572205
0.989327490 0.002149642 0.145693034 2.321922302 -0.001873514 0.999996126 -0.002032450 -2.658024788 -0.145696849 0.001737801 0.989327729 93.422508240
0.987652898 0.002005048 0.156645477 2.426019669 -0.001763045 0.999997020 -0.001683837 -2.683304310 -0.156648383 0.001386873 0.987653434 93.971626282
0.986037910 0.000647785 0.166519359 2.545313835 -0.000389279 0.999998629 -0.001585038 -2.695637465 -0.166520149 0.001498085 0.986036897 94.502716064
0.983733416 0.000024916 0.179634258 2.668355942 0.000318598 0.999998152 -0.001883444 -2.708411694 -0.179633990 0.001910038 0.983731687 95.029678345
0.981399119 0.000364366 0.191978082 2.787220955 -0.000050562 0.999998629 -0.001639478 -2.724481583 -0.191978410 0.001599275 0.981397927 95.568916321
0.979217708 0.001074455 0.202808425 2.906919479 -0.000670045 0.999997616 -0.002062696 -2.732587337 -0.202810124 0.001883938 0.979216278 96.131736755
0.976440668 0.001092817 0.215783432 3.051279068 -0.000776314 0.999998569 -0.001551510 -2.752887964 -0.215784773 0.001347441 0.976440072 96.663650513
0.973327994 0.001040200 0.229415327 3.196451187 -0.000642454 0.999998212 -0.001808418 -2.764597893 -0.229416803 0.001612795 0.973326921 97.202629089
0.970616877 0.000722889 0.240629017 3.343811035 -0.000373427 0.999998748 -0.001497878 -2.788392544 -0.240629822 0.001364008 0.970615983 97.772148132
0.967566967 -0.000108611 0.252614558 3.509895325 0.000483136 0.999998868 -0.001420565 -2.810940027 -0.252614111 0.001496539 0.967565954 98.296401978
0.963864088 -0.000242634 0.266394407 3.666381836 0.000621387 0.999998927 -0.001337484 -2.822920322 -0.266393811 0.001454687 0.963863194 98.824081421
0.960321665 -0.001015887 0.278893054 3.838102341 0.001664563 0.999996424 -0.002089088 -2.832524061 -0.278889894 0.002470431 0.960319877 99.352020264
0.957093179 -0.000701420 0.289779693 4.024248123 0.001162434 0.999998391 -0.001418798 -2.855725527 -0.289778233 0.001694772 0.957092345 99.879409790
0.952579856 -0.001723706 0.304283649 4.205892563 0.002186403 0.999996901 -0.001179895 -2.871068954 -0.304280609 0.001789231 0.952580690 100.435531616
0.948227882 -0.002142680 0.317583323 4.405256271 0.002607002 0.999996006 -0.001037083 -2.890749216 -0.317579836 0.001811332 0.948229790 100.934638977
0.944235563 -0.002515433 0.329261482 4.608135223 0.003088164 0.999994457 -0.001216463 -2.895341635 -0.329256654 0.002165440 0.944238007 101.474014282
0.939568758 -0.002334973 0.342352152 4.818843842 0.003126371 0.999993563 -0.001759833 -2.906492233 -0.342345864 0.002723804 0.939570010 101.996818542
0.934309661 -0.002033544 0.356456846 5.038013458 0.002611954 0.999996006 -0.001141340 -2.928749084 -0.356453061 0.001997414 0.934311092 102.505645752
0.929468453 -0.003492120 0.368885130 5.268527985 0.004049917 0.999991536 -0.000737844 -2.950020790 -0.368879408 0.002179757 0.929474711 103.039413452
0.924674571 -0.004201044 0.380735308 5.501649857 0.005066491 0.999986351 -0.001270878 -2.961008787 -0.380724698 0.003104140 0.924683273 103.549766541
0.918879032 -0.003893942 0.394520223 5.744846344 0.004567537 0.999989271 -0.000768310 -2.985226154 -0.394513011 0.002507970 0.918886960 104.055648804
0.913002610 -0.004204809 0.407932013 5.992874146 0.005057061 0.999986649 -0.001010847 -2.992216587 -0.407922387 0.002985844 0.913011670 104.563507080
0.907813847 -0.004028537 0.419353962 6.238788605 0.004806312 0.999988079 -0.000798247 -3.012593985 -0.419345766 0.002740205 0.907822490 105.060165405
0.901707351 -0.004725065 0.432321012 6.513980865 0.005730802 0.999983013 -0.001023595 -3.026106358 -0.432308853 0.003400530 0.901719213 105.549179077
0.895132959 -0.006283956 0.445755005 6.761745453 0.007359474 0.999972641 -0.000681816 -3.040768147 -0.445738524 0.003890838 0.895154774 106.022010803
0.889251113 -0.006947129 0.457366586 7.043682098 0.007854386 0.999969244 -0.000082228 -3.063377142 -0.457351893 0.003665456 0.889278233 106.496337891
0.883625269 -0.007832444 0.468129486 7.309890747 0.008888209 0.999960542 -0.000046376 -3.076599360 -0.468110621 0.004201811 0.883659959 106.962089539
0.876480997 -0.007994904 0.481370002 7.596744537 0.009319283 0.999956489 -0.000360676 -3.093222141 -0.481346190 0.004802149 0.876517355 107.462951660
