1.000000000 0.000000000 0.000000000 0.000000000 0.000000000 1.000000000 0.000000000 0.000000000 0.000000000 0.000000000 1.000000000 0.000000000
1.000000000 0.000026964 -0.000013182 0.000410156 -0.000026964 1.000000000 0.000029594 -0.000625779 0.000013183 -0.000029593 1.000000000 -0.001451861
1.000000000 -0.000012113 -0.000012967 0.001245435 0.000012113 1.000000000 -0.000002158 -0.000371546 0.000012967 0.000002157 1.000000000 -0.001718452
1.000000000 -0.000115207 -0.000122711 0.002134525 0.000115208 1.000000000 0.000013132 -0.001209764 0.000122709 -0.000013147 1.000000000 -0.004191693
1.000000000 -0.000160768 -0.000127215 0.000451040 0.000160770 1.000000000 0.000016784 0.000376508 0.000127212 -0.000016804 1.000000000 -0.002790965
1.000000000 -0.000156279 -0.000042951 0.001168182 0.000156280 1.000000000 0.000032105 -0.000391199 0.000042946 -0.000032112 1.000000000 -0.000562991
1.000000000 -0.000163055 -0.000019007 0.000552423 0.000163056 1.000000000 0.000042253 -0.000850142 0.000019000 -0.000042256 1.000000000 -0.003314574
1.000000000 -0.000021008 -0.000071250 0.001132613 0.000021010 1.000000000 0.000026782 -0.000089934 0.000071250 -0.000026784 1.000000000 -0.003149687
1.000000000 -0.000088275 -0.000028654 0.000381606 0.000088275 1.000000000 0.000010058 0.000526728 0.000028653 -0.000010060 1.000000000 -0.000350759
1.000000000 -0.000007498 -0.000034051 -0.000200581 0.000007499 1.000000000 0.000007563 0.000740528 0.000034051 -0.000007563 1.000000000 -0.000185925
1.000000000 -0.000081088 -0.000101098 0.001079306 0.000081092 1.000000000 0.000039413 -0.000852393 0.000101095 -0.000039421 1.000000000 -0.001471819
1.000000000 -0.000110939 -0.000069391 0.001024396 0.000110936 1.000000000 -0.000038952 0.000342441 0.000069395 0.000038944 1.000000000 -0.000084836
1.000000000 -0.000184504 -0.000070657 -0.000292611 0.000184505 1.000000000 0.000012041 0.000977809 0.000070654 -0.000012054 1.000000000 0.000264154
1.000000000 -0.000170913 -0.000047308 0.000598916 0.000170914 1.000000000 0.000020939 0.000259119 0.000047305 -0.000020947 1.000000000 -0.003305955
1.000000000 -0.000071206 -0.000071228 0.002410143 0.000071212 1.000000000 0.000077396 -0.000897860 0.000071223 -0.000077401 1.000000000 -0.002558203
1.000000000 -0.000075356 -0.000059767 0.002794627 0.000075362 1.000000000 0.000100469 -0.001030840 0.000059759 -0.000100473 1.000000000 -0.004585681
1.000000000 -0.000083765 -0.000063895 0.001958158 0.000083767 1.000000000 0.000021250 0.000458634 0.000063893 -0.000021256 1.000000000 -0.001986838
1.000000000 -0.000000054 -0.000071855 0.001794991 0.000000058 1.000000000 0.000058311 -0.000269235 0.000071855 -0.000058311 1.000000000 -0.003018238
1.000000000 -0.000142470 -0.000127168 0.002415088 0.000142473 1.000000000 0.000025069 -0.000969036 0.000127165 -0.000025087 1.000000000 -0.002261707
1.000000000 -0.000168159 -0.000093185 0.001526018 0.000168159 1.000000000 -0.000003797 0.000829392 0.000093185 0.000003781 1.000000000 0.000397747
1.000000000 -0.000180153 -0.000090356 0.001146097 0.000180159 1.000000000 0.000070345 -0.000893872 0.000090343 -0.000070361 1.000000000 -0.005691914
1.000000000 -0.000118589 -0.000108907 0.004191197 0.000118593 1.000000000 0.000037910 -0.000463843 0.000108902 -0.000037923 1.000000000 -0.002456297
1.000000000 -0.000130245 -0.000130071 0.002906557 0.000130253 1.000000000 0.000056380 -0.000790555 0.000130064 -0.000056397 1.000000000 -0.002354294
1.000000000 -0.000198392 -0.000125803 0.001612683 0.000198397 1.000000000 0.000039741 0.000035959 0.000125795 -0.000039766 1.000000000 -0.002624222
1.000000000 -0.000155865 -0.000152685 0.003706867 0.000155872 1.000000000 0.000046670 -0.000123258 0.000152678 -0.000046694 1.000000000 -0.001778641
1.000000000 -0.000212557 -0.000111523 0.002498111 0.000212560 1.000000000 0.000023675 0.000410488 0.000111518 -0.000023699 1.000000000 -0.001115576
0.999999940 -0.000257017 -0.000164795 0.002406026 0.000257033 0.999999940 0.000101603 -0.000773683 0.000164769 -0.000101645 1.000000000 -0.005449682
0.999999940 -0.000328901 -0.000090642 0.001912862 0.000328907 0.999999940 0.000065177 -0.000877300 0.000090620 -0.000065207 1.000000000 -0.002842339
1.000000000 -0.000105331 -0.000126937 0.002371055 0.000105341 1.000000000 0.000074537 -0.001071841 0.000126929 -0.000074551 1.000000000 -0.003857738
0.999999940 -0.000209983 -0.000136697 0.003011510 0.000209997 1.000000000 0.000103414 -0.001164105 0.000136675 -0.000103443 1.000000000 -0.003401135
0.999999940 -0.000241407 -0.000141567 0.001236154 0.000241411 1.000000000 0.000031316 -0.000021404 0.000141559 -0.000031350 1.000000000 -0.001473094
0.999999940 -0.000283571 -0.000133216 0.001265915 0.000283582 0.999999940 0.000078129 -0.000214700 0.000133194 -0.000078167 1.000000000 -0.002987231
0.999999940 -0.000219282 -0.000123302 0.001726192 0.000219283 1.000000000 0.000004036 0.000164579 0.000123301 -0.000004064 1.000000000 -0.001946593
1.000000000 -0.000182578 -0.000112287 0.001064414 0.000182581 1.000000000 0.000025405 -0.000097914 0.000112283 -0.000025425 1.000000000 -0.001879329
0.999999940 -0.000300207 -0.000128847 0.002056131 0.000300222 0.999999940 0.000113222 -0.001343692 0.000128813 -0.000113261 1.000000000 -0.004979089
0.999999940 -0.000211769 -0.000148672 0.002709933 0.000211769 1.000000000 0.000000636 -0.000246390 0.000148672 -0.000000667 1.000000000 -0.002883848
1.000000000 -0.000158675 -0.000133313 0.003752555 0.000158691 1.000000000 0.000122183 -0.001105646 0.000133293 -0.000122204 1.000000000 -0.005162968
0.999999940 -0.000273286 -0.000146942 0.001651179 0.000273294 0.999999940 0.000059614 -0.000510443 0.000146926 -0.000059654 1.000000000 -0.004046757
0.999999940 -0.000214574 -0.000138058 0.001681656 0.000214589 1.000000000 0.000106858 -0.000984606 0.000138035 -0.000106887 1.000000000 -0.002906261
0.999999940 -0.000186291 -0.000199305 0.003720100 0.000186293 1.000000000 0.000009939 -0.001168239 0.000199303 -0.000009976 1.000000000 -0.002058544
0.999999940 -0.000236143 -0.000095597 0.001828062 0.000236089 0.999999821 -0.000566960 -0.001012674 0.000095731 0.000566938 0.999999821 0.046083923
1.000000000 -0.000103521 -0.000208923 0.003737879 0.000103287 0.999999344 -0.001117203 -0.004625030 0.000209039 0.001117181 0.999999344 0.136668965
1.000000000 -0.000187026 -0.000106798 0.005404246 0.000186871 0.999998927 -0.001449753 -0.006691677 0.000107069 0.001449733 0.999998927 0.253265500
1.000000000 -0.000184303 -0.000056115 0.006538882 0.000184222 0.999998927 -0.001447881 -0.011539765 0.000056381 0.001447870 0.999998927 0.387328625
1.000000000 -0.000066284 -0.000117293 0.011509500 0.000066144 0.999999285 -0.001197027 -0.017327115 0.000117372 0.001197019 0.999999285 0.523393929
1.000000000 -0.000153506 0.000016595 0.014517793 0.000153523 0.999999464 -0.001037479 -0.022656413 -0.000016436 0.001037482 0.999999464 0.677345097
0.999999940 -0.000263641 -0.000119337 0.020300539 0.000263527 0.999999523 -0.000958040 -0.025442958 0.000119590 0.000958009 0.999999523 0.842269897
0.999999940 0.000347168 0.000158431 0.017734066 -0.000347034 0.999999583 -0.000846552 -0.023828167 -0.000158725 0.000846497 0.999999642 1.019835591
1.000000000 0.000112114 -0.000096145 0.027362648 -0.000112181 0.999999762 -0.000701286 -0.033414461 0.000096066 0.000701297 0.999999762 1.189191818
0.999999940 0.000184619 -0.000292695 0.035158705 -0.000184623 1.000000000 -0.000015049 -0.046290763 0.000292692 0.000015103 0.999999940 1.359234929
0.999999821 0.000517312 -0.000343326 0.038115039 -0.000517319 0.999999881 -0.000020129 -0.050206218 0.000343316 0.000020307 0.999999940 1.552013278
0.999999940 -0.000185358 -0.000081658 0.038682565 0.000185363 0.999999940 0.000053700 -0.057105727 0.000081648 -0.000053716 1.000000000 1.746996045
0.999999940 -0.000210870 -0.000211367 0.044182688 0.000210905 0.999999940 0.000162160 -0.060238786 0.000211333 -0.000162205 1.000000000 1.958201885
1.000000000 -0.000309327 -0.000078087 0.050503146 0.000309340 1.000000000 0.000162401 -0.067705072 0.000078037 -0.000162425 1.000000000 2.162217379
1.000000000 0.000395899 0.000081877 0.048563756 -0.000395926 0.999999881 0.000331132 -0.073121697 -0.000081745 -0.000331164 0.999999940 2.381119013
1.000000000 0.000074361 -0.000212495 0.059009660 -0.000074261 0.999999881 0.000470689 -0.083096847 0.000212530 -0.000470674 0.999999881 2.590418100
1.000000000 -0.000112312 -0.000214524 0.063479550 0.000112404 0.999999881 0.000428672 -0.090677053 0.000214475 -0.000428697 0.999999881 2.814709187
1.000000000 -0.000012358 -0.000197258 0.065998964 0.000012454 0.999999821 0.000488535 -0.093544900 0.000197252 -0.000488537 0.999999881 3.054875612
0.999999940 -0.000138855 -0.000185440 0.069104157 0.000138945 0.999999821 0.000485015 -0.101794660 0.000185373 -0.000485041 0.999999881 3.299728155
0.999999821 0.000460470 0.000352160 0.066603929 -0.000460780 0.999999523 0.000881676 -0.114062138 -0.000351754 -0.000881838 0.999999523 3.530505180
0.999999940 0.000309702 0.000263096 0.073195852 -0.000310004 0.999999285 0.001146875 -0.120627753 -0.000262741 -0.001146956 0.999999344 3.780845881
1.000000000 0.000010093 0.000239191 0.080369748 -0.000010397 0.999999225 0.001272294 -0.130247474 -0.000239178 -0.001272296 0.999999166 4.039944649
0.999999821 0.000200556 0.000576276 0.082833014 -0.000201542 0.999998510 0.001711392 -0.144816816 -0.000575932 -0.001711507 0.999998391 4.294403076
0.999999762 0.000088799 0.000596018 0.086954333 -0.000089812 0.999998510 0.001699958 -0.152522430 -0.000595866 -0.001700012 0.999998391 4.551434994
0.999999762 0.000113935 0.000703959 0.095619835 -0.000115314 0.999998093 0.001959338 -0.159173578 -0.000703734 -0.001959419 0.999997914 4.807369232
0.999999762 -0.000281681 0.000501339 0.099698879 0.000280648 0.999997854 0.002059447 -0.168971702 -0.000501918 -0.002059306 0.999997735 5.051358223
0.999999881 -0.000213807 0.000269459 0.106304489 0.000213296 0.999998212 0.001893494 -0.173289567 -0.000269863 -0.001893436 0.999998212 5.319767952
0.999999821 0.000078138 0.000618782 0.110068552 -0.000079431 0.999997795 0.002089674 -0.183690503 -0.000618617 -0.002089723 0.999997616 5.585757256
0.999999821 0.000161620 0.000473061 0.115527123 -0.000162622 0.999997795 0.002118804 -0.190462008 -0.000472717 -0.002118881 0.999997616 5.861742973
0.999999762 -0.000281029 0.000646226 0.114300698 0.000279505 0.999997318 0.002358360 -0.205147117 -0.000646887 -0.002358179 0.999997020 6.125333786
0.999999762 -0.000095388 0.000653671 0.121428557 0.000093770 0.999996960 0.002473977 -0.215171114 -0.000653905 -0.002473916 0.999996722 6.403714657
0.999999702 0.000059167 0.000710642 0.128819913 -0.000060988 0.999996781 0.002563060 -0.223221928 -0.000710488 -0.002563103 0.999996483 6.686775208
0.999999881 0.000390379 0.000375952 0.140165091 -0.000391148 0.999997854 0.002046559 -0.225886911 -0.000375152 -0.002046706 0.999997854 6.990402699
0.999999762 0.000681322 0.000308116 0.141031116 -0.000681858 0.999998271 0.001742089 -0.229446352 -0.000306928 -0.001742298 0.999998510 7.293848038
0.999999881 0.000374057 0.000299533 0.155492276 -0.000374637 0.999998093 0.001937083 -0.243048728 -0.000298808 -0.001937195 0.999998033 7.603339195
1.000000000 -0.000037902 0.000104897 0.166443333 0.000037682 0.999997795 0.002092310 -0.257257909 -0.000104976 -0.002092307 0.999997795 7.922022343
0.999999821 0.000329068 0.000467990 0.160695508 -0.000330068 0.999997616 0.002139819 -0.265992284 -0.000467284 -0.002139973 0.999997556 8.237496376
0.999999642 0.000617907 0.000477950 0.175307140 -0.000618995 0.999997199 0.002279343 -0.278558195 -0.000476541 -0.002279638 0.999997318 8.549376488
0.999999404 0.000878649 0.000708926 0.172167808 -0.000880243 0.999997139 0.002251341 -0.282793432 -0.000706946 -0.002251964 0.999997199 8.900508881
0.999999285 0.000795393 0.000807047 0.175829470 -0.000797214 0.999997199 0.002258704 -0.295306772 -0.000805248 -0.002259346 0.999997139 9.245124817
0.999998927 0.001231046 0.000747808 0.183169186 -0.001232846 0.999996305 0.002412417 -0.307955772 -0.000744835 -0.002413337 0.999996722 9.551812172
0.999998569 0.001426050 0.000897752 0.189991593 -0.001428092 0.999996305 0.002278402 -0.315616637 -0.000894500 -0.002279681 0.999996960 9.900144577
0.999998450 0.001405762 0.000996528 0.194539323 -0.001408087 0.999996245 0.002336394 -0.327190995 -0.000993239 -0.002337793 0.999996722 10.260072708
0.999998927 0.001070615 0.000988587 0.203573152 -0.001073103 0.999996245 0.002519912 -0.341165811 -0.000985885 -0.002520970 0.999996364 10.621701241
0.999999285 0.000682257 0.000987503 0.212559417 -0.000684755 0.999996543 0.002531837 -0.348958462 -0.000985772 -0.002532511 0.999996364 10.987883568
0.999998510 0.001194380 0.001246424 0.216761082 -0.001197875 0.999995351 0.002807443 -0.365519047 -0.001243065 -0.002808931 0.999995291 11.360742569
0.999997854 0.001556113 0.001346184 0.224593595 -0.001559897 0.999994874 0.002814277 -0.372776985 -0.001341798 -0.002816371 0.999995172 11.740362167
0.999998868 0.001004507 0.001173367 0.240104094 -0.001008093 0.999994814 0.003059303 -0.390933692 -0.001170288 -0.003060482 0.999994695 12.127676010
0.999997616 0.001280864 0.001722626 0.245575279 -0.001286881 0.999993086 0.003496456 -0.404245824 -0.001718135 -0.003498665 0.999992430 12.502163887
0.999998510 0.000653511 0.001555281 0.258634597 -0.000659020 0.999993503 0.003544699 -0.415711492 -0.001552955 -0.003545719 0.999992549 12.893333435
0.999997377 0.001415466 0.001748571 0.266512573 -0.001422138 0.999991715 0.003820356 -0.429372698 -0.001743149 -0.003822832 0.999991179 13.281661987
0.999996185 0.001676134 0.002192973 0.272910446 -0.001684581 0.999991179 0.003855498 -0.435223848 -0.002186491 -0.003859177 0.999990165 13.704731941
0.999996960 0.001070783 0.002188787 0.282852381 -0.001080042 0.999990463 0.004233439 -0.456294626 -0.002184233 -0.004235791 0.999988556 14.095677376
0.999997795 0.000416030 0.002033221 0.296517819 -0.000424119 0.999992013 0.003979850 -0.465216160 -0.002031549 -0.003980703 0.999989986 14.524402618
0.999996960 0.000348591 0.002454947 0.309458911 -0.000359352 0.999990284 0.004384465 -0.483316630 -0.002453396 -0.004385333 0.999987304 14.937256813
0.999997616 0.000836656 0.002026346 0.325064033 -0.000844698 0.999991775 0.003971011 -0.496104568 -0.002023006 -0.003972713 0.999990046 15.357918739
0.999995947 0.001298900 0.002559200 0.333104551 -0.001309028 0.999991298 0.003959873 -0.506759226 -0.002554035 -0.003963207 0.999988854 15.802453041
0.999992967 0.001977001 0.003207352 0.336726129 -0.001990814 0.999988735 0.004309405 -0.518123031 -0.003198795 -0.004315760 0.999985516 16.253221512
0.999995708 0.000905223 0.002763920 0.350058407 -0.000916342 0.999991477 0.004024199 -0.537889838 -0.002760254 -0.004026715 0.999988079 16.674905777
0.999995291 0.000855300 0.002930548 0.362566978 -0.000867519 0.999990940 0.004170936 -0.550515831 -0.002926954 -0.004173458 0.999987006 17.134178162
0.999992073 0.001664210 0.003599642 0.370702326 -0.001680445 0.999988377 0.004511777 -0.562529385 -0.003592092 -0.004517792 0.999983311 17.598821640
0.999991238 0.001172592 0.004002080 0.378877014 -0.001192490 0.999986947 0.004973297 -0.583742619 -0.003996196 -0.004978026 0.999979615 18.017206192
0.999988735 0.001527761 0.004474448 0.388030022 -0.001550160 0.999986291 0.005006596 -0.592602193 -0.004466737 -0.005013476 0.999977469 18.495040894
0.999991596 0.000988345 0.003967637 0.408820122 -0.001008167 0.999987066 0.004997165 -0.607285142 -0.003962646 -0.005001124 0.999979615 18.956466675
0.999990702 0.001242731 0.004137686 0.421242893 -0.001264118 0.999985933 0.005170010 -0.622643650 -0.004131201 -0.005175193 0.999978065 19.423288345
0.999991000 0.001516251 0.003995607 0.444510520 -0.001538742 0.999982953 0.005631957 -0.652395487 -0.003986999 -0.005638054 0.999976158 19.909749985
0.999992430 0.000777096 0.003830105 0.457770973 -0.000798284 0.999984384 0.005533738 -0.663651168 -0.003825745 -0.005536753 0.999977350 20.401964188
0.999992907 0.001032499 0.003617102 0.472171247 -0.001052964 0.999983430 0.005660477 -0.675631344 -0.003611197 -0.005664246 0.999977410 20.877592087
0.999994695 0.001154816 0.003048515 0.480782241 -0.001172422 0.999982655 0.005779637 -0.686954379 -0.003041787 -0.005783181 0.999978662 21.382347107
0.999996185 0.000972492 0.002579875 0.497407377 -0.000987246 0.999983132 0.005723462 -0.705005407 -0.002574265 -0.005725987 0.999980271 21.872117996
0.999996126 0.000893139 0.002605310 0.499010593 -0.000909047 0.999980927 0.006111409 -0.718186736 -0.002599802 -0.006113753 0.999977887 22.353115082
0.999996066 0.001325791 0.002490587 0.505475163 -0.001340604 0.999981344 0.005955592 -0.726169825 -0.002482645 -0.005958908 0.999979138 22.879346848
0.999998987 0.000484666 0.001318211 0.527208030 -0.000492641 0.999981523 0.006056360 -0.748025537 -0.001315252 -0.006057004 0.999980807 23.385292053
0.999999642 -0.000087161 0.000921152 0.534328818 0.000081390 0.999980390 0.006263759 -0.766970634 -0.000921680 -0.006263681 0.999980032 23.916158676
0.999999523 0.000848735 0.000485058 0.539592862 -0.000851497 0.999983251 0.005722079 -0.770628393 -0.000480193 -0.005722491 0.999983490 24.413713455
0.999999642 0.000693160 -0.000474535 0.556727946 -0.000690355 0.999982417 0.005885605 -0.785326302 0.000478606 -0.005885275 0.999982595 24.945243835
0.999998689 0.000751102 -0.001443729 0.560961783 -0.000741783 0.999978960 0.006444722 -0.799630344 0.001448539 -0.006443642 0.999978185 25.484596252
0.999998748 0.000428277 -0.001523690 0.571163535 -0.000418359 0.999978781 0.006504064 -0.812828124 0.001526443 -0.006503419 0.999977708 26.034751892
0.999998331 0.000323155 -0.001800370 0.566049576 -0.000311174 0.999977827 0.006651211 -0.820565701 0.001802479 -0.006650639 0.999976277 26.578784943
0.999997079 0.000210038 -0.002416780 0.584935129 -0.000193468 0.999976456 0.006854563 -0.841714919 0.002418163 -0.006854075 0.999973655 27.127479553
0.999995708 0.001097833 -0.002709422 0.582140207 -0.001079218 0.999975801 0.006862509 -0.852930665 0.002716891 -0.006859555 0.999972701 27.654834747
0.999994278 0.001177254 -0.003179820 0.593214393 -0.001155801 0.999976575 0.006740185 -0.863067031 0.003187681 -0.006736472 0.999972165 28.201330185
0.999992549 0.001454765 -0.003567568 0.607153058 -0.001428524 0.999971926 0.007346783 -0.887990296 0.003578155 -0.007341632 0.999966562 28.738382339
0.999992251 0.000807177 -0.003849308 0.618546844 -0.000779364 0.999973714 0.007221495 -0.893697798 0.003855035 -0.007218439 0.999966502 29.264179230
0.999989986 0.000135014 -0.004479313 0.631072760 -0.000101100 0.999971330 0.007570573 -0.909305573 0.004480207 -0.007570045 0.999961317 29.800821304
0.999988198 0.000278905 -0.004866366 0.644777179 -0.000242494 0.999971986 0.007481145 -0.922631025 0.004868316 -0.007479875 0.999960184 30.352525711
0.999988973 0.000566386 -0.004659793 0.645552218 -0.000531921 0.999972522 0.007394105 -0.933615088 0.004663853 -0.007391546 0.999961734 30.907611847
0.999986649 0.000699798 -0.005139325 0.664683938 -0.000662124 0.999972939 0.007328626 -0.954726219 0.005144315 -0.007325125 0.999959946 31.436185837
0.999984205 0.000622166 -0.005577913 0.671733201 -0.000580976 0.999972522 0.007383083 -0.972252846 0.005582355 -0.007379727 0.999957144 32.002449036
0.999981940 -0.000089139 -0.005995812 0.681702435 0.000134230 0.999971688 0.007520520 -0.975582659 0.005994972 -0.007521190 0.999953687 32.554409027
0.999980450 -0.000219891 -0.006253710 0.687883675 0.000270280 0.999967456 0.008057816 -0.991364956 0.006251735 -0.008059349 0.999947965 33.099514008
0.999977410 -0.000608812 -0.006686278 0.696796119 0.000663551 0.999966264 0.008187733 -1.004751921 0.006681067 -0.008191984 0.999944091 33.634109497
0.999975324 -0.000781254 -0.006977277 0.712615430 0.000837980 0.999966562 0.008130870 -1.016643882 0.006970691 -0.008136517 0.999942541 34.178966522
0.999976516 -0.000738578 -0.006812109 0.720255196 0.000795395 0.999964893 0.008341574 -1.031669736 0.006805709 -0.008346797 0.999941945 34.728462219
0.999978244 0.000133688 -0.006589929 0.713995755 -0.000080912 0.999967873 0.008008100 -1.036973596 0.006590789 -0.008007394 0.999946237 35.275993347
0.999978185 0.000072983 -0.006596067 0.714806437 -0.000018547 0.999965966 0.008252529 -1.086138725 0.006596445 -0.008252228 0.999944210 35.882122040
0.999976695 0.000405462 -0.006825629 0.724857450 -0.000349286 0.999966085 0.008229239 -1.100544453 0.006828733 -0.008226662 0.999942899 36.424942017
0.999974728 0.000325031 -0.007104057 0.740929961 -0.000269061 0.999968886 0.007878034 -1.106598973 0.007106397 -0.007875924 0.999943674 36.978965759
0.999972701 0.000488245 -0.007370375 0.743472219 -0.000427662 0.999966204 0.008219096 -1.118978500 0.007374139 -0.008215718 0.999939084 37.549167633
0.999972105 0.000055979 -0.007468754 0.761591792 0.000003795 0.999967873 0.008003012 -1.130535007 0.007468963 -0.008002818 0.999940097 38.078582764
0.999971151 -0.000105894 -0.007595975 0.755888402 0.000168565 0.999965966 0.008250306 -1.142717123 0.007594844 -0.008251349 0.999937057 38.623401642
0.999965966 -0.000792094 -0.008211710 0.788976490 0.000859247 0.999966204 0.008177416 -1.151952624 0.008204954 -0.008184194 0.999932766 39.148769379
0.999969661 0.000422056 -0.007778214 0.766902030 -0.000353841 0.999961495 0.008769298 -1.193985701 0.007781615 -0.008766278 0.999931276 39.696289062
0.999970436 0.000666886 -0.007661448 0.774449706 -0.000599739 0.999961495 0.008763152 -1.207278252 0.007666997 -0.008758299 0.999932170 40.231254578
0.999972224 0.000807660 -0.007403980 0.778761625 -0.000744649 0.999963522 0.008509289 -1.216774225 0.007410581 -0.008503539 0.999936342 40.798957825
0.999970734 0.000518614 -0.007628265 0.792064965 -0.000450857 0.999960482 0.008881330 -1.224593282 0.007632568 -0.008877631 0.999931455 41.343563080
0.999965250 0.000461326 -0.008333253 0.813804388 -0.000385111 0.999958158 0.009145155 -1.248377800 0.008337123 -0.009141625 0.999923408 41.860347748
0.999967396 -0.000038342 -0.008070199 0.803379416 0.000111422 0.999958992 0.009055331 -1.262409568 0.008069521 -0.009055937 0.999926388 42.415943146
0.999962449 -0.000879282 -0.008618406 0.820597172 0.000959548 0.999956131 0.009313555 -1.274503231 0.008609839 -0.009321476 0.999919474 42.955886841
0.999963999 -0.000619996 -0.008458471 0.820472717 0.000698355 0.999956846 0.009264165 -1.289912105 0.008452361 -0.009269738 0.999921322 43.510551453
0.999964595 -0.000440428 -0.008405745 0.824178994 0.000517280 0.999958098 0.009142842 -1.299006701 0.008401366 -0.009146865 0.999922872 44.059043884
0.999964476 -0.000162748 -0.008429259 0.830330670 0.000240014 0.999957919 0.009166203 -1.310129762 0.008427414 -0.009167898 0.999922395 44.593902588
0.999965072 0.000174117 -0.008358550 0.836148977 -0.000100820 0.999961555 0.008768751 -1.319834232 0.008359755 -0.008767601 0.999926567 45.143466949
0.999962747 -0.000669372 -0.008598996 0.845887244 0.000749283 0.999956489 0.009293139 -1.328268766 0.008592401 -0.009299237 0.999919832 45.672271729
0.999963224 -0.000291780 -0.008575405 0.855465174 0.000369522 0.999958813 0.009065431 -1.341794968 0.008572408 -0.009068266 0.999922097 46.205944061
0.999960184 -0.000160514 -0.008914377 0.871634960 0.000241369 0.999958873 0.009069807 -1.356492281 0.008912553 -0.009071598 0.999919116 46.763504028
0.999957263 -0.000948406 -0.009194180 0.877418041 0.001039762 0.999950051 0.009936548 -1.382880330 0.009184298 -0.009945682 0.999908388 47.272285461
0.999959886 -0.000628417 -0.008929174 0.875868082 0.000711892 0.999956071 0.009348385 -1.369108438 0.008922906 -0.009354368 0.999916375 47.848979950
0.999957860 -0.000932672 -0.009129812 0.885091603 0.001023215 0.999950290 0.009917662 -1.403120041 0.009120108 -0.009926585 0.999909103 48.350921631
0.999957740 -0.000832124 -0.009147325 0.892006338 0.000920456 0.999952912 0.009656693 -1.412872076 0.009138858 -0.009664704 0.999911547 48.903182983
0.999956012 -0.001068846 -0.009315142 0.902409792 0.001161466 0.999949813 0.009943265 -1.428366542 0.009304048 -0.009953648 0.999907136 49.428981781
0.999957979 -0.000702174 -0.009143825 0.911945224 0.000795087 0.999948025 0.010161679 -1.434967875 0.009136215 -0.010168523 0.999906540 49.979816437
0.999955058 -0.001476587 -0.009361078 0.910827041 0.001571980 0.999946833 0.010191226 -1.453266025 0.009345532 -0.010205485 0.999904215 50.492679596
0.999957204 -0.000898078 -0.009201002 0.914793849 0.000990567 0.999948978 0.010052481 -1.461544752 0.009191506 -0.010061166 0.999907136 51.041091919
0.999956310 -0.001048217 -0.009289903 0.920810342 0.001147458 0.999942243 0.010683754 -1.478948116 0.009278166 -0.010693950 0.999899685 51.581047058
0.999958456 -0.000786844 -0.009082949 0.926944137 0.000879721 0.999947309 0.010225939 -1.488028288 0.009074423 -0.010233502 0.999906480 52.127506256
0.999957263 -0.000964005 -0.009192307 0.937402368 0.001062073 0.999942541 0.010669587 -1.502137423 0.009181493 -0.010678896 0.999900818 52.662143707
0.999957621 -0.000847657 -0.009167640 0.942734063 0.000942774 0.999945760 0.010375927 -1.510710120 0.009158348 -0.010384128 0.999904156 53.213184357
0.999961317 -0.000408729 -0.008783720 0.943936706 0.000500361 0.999945402 0.010432334 -1.521104336 0.008778978 -0.010436325 0.999906957 53.739948273
0.999962330 0.000114289 -0.008669897 0.953214526 -0.000022559 0.999944031 0.010579735 -1.531142354 0.008670621 -0.010579141 0.999906480 54.330097198
0.999962509 -0.000332132 -0.008646748 0.947452903 0.000424275 0.999943137 0.010656646 -1.541640520 0.008642716 -0.010659915 0.999905765 54.827777863
0.999961615 -0.000282248 -0.008752284 0.958329260 0.000376505 0.999941945 0.010769642 -1.552628994 0.008748736 -0.010772525 0.999903619 55.356414795
0.999961972 -0.000161803 -0.008714886 0.963332772 0.000256032 0.999941528 0.010812460 -1.558041811 0.008712626 -0.010814281 0.999903500 55.911209106
0.999962389 -0.000681482 -0.008647278 0.973209381 0.000776705 0.999939024 0.011013405 -1.576707840 0.008639246 -0.011019710 0.999901891 56.455101013
0.999960899 -0.000653731 -0.008832155 0.984657288 0.000750278 0.999939919 0.010932428 -1.588200569 0.008824480 -0.010938624 0.999901175 56.973678589
0.999958098 -0.000645485 -0.009136073 0.999676168 0.000744508 0.999940991 0.010839524 -1.583536148 0.009128538 -0.010845872 0.999899447 57.610694885
0.999957561 -0.000801957 -0.009186136 0.999028683 0.000900217 0.999942362 0.010697368 -1.605956793 0.009177027 -0.010705182 0.999900579 58.081863403
0.999962866 -0.000509559 -0.008604743 0.996312916 0.000605199 0.999937952 0.011115826 -1.617606878 0.008598547 -0.011120622 0.999901116 58.594730377
0.999962330 -0.000518266 -0.008667038 1.017134666 0.000616995 0.999934912 0.011392553 -1.619673610 0.008660570 -0.011397471 0.999897540 59.198921204
0.999963522 -0.000529001 -0.008520559 1.007656217 0.000627377 0.999933064 0.011547215 -1.645435810 0.008513882 -0.011552138 0.999896944 59.693416595
0.999963820 -0.000580673 -0.008491354 1.015795946 0.000679186 0.999932408 0.011603283 -1.649460793 0.008484044 -0.011608630 0.999896526 60.258064270
0.999963343 -0.000852436 -0.008515343 1.024789453 0.000948695 0.999935627 0.011306522 -1.662304997 0.008505158 -0.011314186 0.999899745 60.809375763
0.999965668 -0.000506551 -0.008265494 1.035722256 0.000602088 0.999932945 0.011560118 -1.670623660 0.008259085 -0.011564698 0.999898970 61.347946167
0.999962091 -0.000660918 -0.008680782 1.036951542 0.000762899 0.999930680 0.011749880 -1.695590734 0.008672414 -0.011756058 0.999893308 61.869304657
0.999961495 -0.000464187 -0.008765994 1.041374445 0.000554104 0.999947309 0.010257852 -1.640401125 0.008760770 -0.010262314 0.999908984 62.494541168
0.999965489 0.000113551 -0.008319139 1.046918392 -0.000021480 0.999938786 0.011066697 -1.712612152 0.008319885 -0.011066134 0.999904156 62.984558105
0.999962568 -0.000293951 -0.008643177 1.053744078 0.000389252 0.999939203 0.011026515 -1.718052149 0.008639409 -0.011029466 0.999901891 63.520595551
0.999964833 0.000065867 -0.008384326 1.058025360 0.000023206 0.999943554 0.010623160 -1.721832991 0.008384553 -0.010622981 0.999908388 64.135032654
0.999966204 0.000697606 -0.008188127 1.050281048 -0.000609149 0.999941468 0.010800566 -1.735627532 0.008195182 -0.010795214 0.999908149 64.635162354
0.999966621 0.000237413 -0.008161853 1.049878597 -0.000140382 0.999929309 0.011887055 -1.785059810 0.008164098 -0.011885511 0.999896049 65.068313599
0.999968529 0.000763634 -0.007888221 1.038632512 -0.000683107 0.999947608 0.010206258 -1.697369337 0.007895601 -0.010200548 0.999916852 65.746124268
0.999955475 -0.001562751 -0.009297628 1.078911543 0.001672520 0.999928832 0.011810137 -1.798264027 0.009278511 -0.011825162 0.999887049 66.175643921
0.999966145 0.000584657 -0.008199556 1.064805746 -0.000491454 0.999935329 0.011364191 -1.806760311 0.008205669 -0.011359778 0.999901772 66.640083313
0.999958396 -0.001065508 -0.009061184 1.088515878 0.001175301 0.999925792 0.012120214 -1.819336653 0.009047600 -0.012130357 0.999885499 67.258552551
0.999963880 0.000340136 -0.008482814 1.076827884 -0.000245978 0.999938369 0.011098444 -1.819846630 0.008486065 -0.011095958 0.999902427 67.731704712
0.999964058 0.000425796 -0.008470761 1.085363269 -0.000331646 0.999938190 0.011112975 -1.835900426 0.008474968 -0.011109767 0.999902427 68.304985046
0.999964833 0.001030869 -0.008321437 1.103646755 -0.000932679 0.999929965 0.011794931 -1.851654291 0.008333013 -0.011786754 0.999895811 68.700202942
0.999963820 0.000279086 -0.008496767 1.102004528 -0.000189419 0.999944329 0.010552101 -1.821480513 0.008499238 -0.010550110 0.999908268 69.407501221
0.999957323 -0.000142132 -0.009229401 1.136216521 0.000249948 0.999931693 0.011681625 -1.873625517 0.009227111 -0.011683433 0.999889195 69.788269043
0.999964058 0.001019754 -0.008413863 1.122521162 -0.000921170 0.999930918 0.011712441 -1.881516099 0.008425226 -0.011704268 0.999895990 70.251464844
0.999959052 -0.000284766 -0.009054027 1.155380964 0.000391226 0.999930859 0.011758729 -1.884960532 0.009050053 -0.011761786 0.999889910 70.893615723
0.999960124 0.000339627 -0.008914323 1.149600506 -0.000236890 0.999933481 0.011523478 -1.894717932 0.008917643 -0.011520905 0.999893844 71.344772339
0.999963939 0.000986179 -0.008434449 1.144120216 -0.000888358 0.999932408 0.011593675 -1.910344958 0.008445312 -0.011585765 0.999897182 71.879165649
0.999967813 0.001368095 -0.007907590 1.136761904 -0.001273435 0.999927580 0.011963541 -1.931988358 0.007923384 -0.011953088 0.999897182 72.307739258
0.999969840 0.001730273 -0.007565388 1.145790100 -0.001646163 0.999936938 0.011109889 -1.900841236 0.007584134 -0.011097101 0.999909639 72.984596252
0.999965131 0.000884673 -0.008301674 1.149303198 -0.000784434 0.999926805 0.012070077 -1.953785419 0.008311745 -0.012063144 0.999892712 73.346733093
0.999965966 0.000824427 -0.008202787 1.153371334 -0.000725986 0.999927819 0.011996587 -1.961263418 0.008212083 -0.011990224 0.999894440 73.890113831
0.999967396 0.001461843 -0.007938665 1.150978208 -0.001368288 0.999929726 0.011777340 -1.969340324 0.007955324 -0.011766095 0.999899149 74.439002991
0.999966383 0.000623434 -0.008172594 1.164775133 -0.000527162 0.999930441 0.011776675 -1.977143407 0.008179368 -0.011771970 0.999897242 74.969001770
0.999967337 0.000811648 -0.008045860 1.176323056 -0.000716259 0.999929488 0.011851538 -1.993209481 0.008054911 -0.011845388 0.999897420 75.489372253
0.999965370 0.000822121 -0.008278002 1.174435973 -0.000729793 0.999937594 0.011150289 -1.993186593 0.008286650 -0.011143859 0.999903560 76.105377197
0.999964774 0.000759453 -0.008350886 1.187909126 -0.000665297 0.999936223 0.011271943 -1.998131275 0.008358914 -0.011265992 0.999901593 76.625564575
0.999966800 0.000818259 -0.008108239 1.176050186 -0.000725655 0.999934554 0.011417396 -2.022166252 0.008117053 -0.011411136 0.999901950 77.194892883
0.999970555 0.000893078 -0.007631971 1.180754662 -0.000806483 0.999935329 0.011341882 -2.029588223 0.007641607 -0.011335393 0.999906540 77.733757019
0.999966919 0.000700761 -0.008093466 1.181626797 -0.000611119 0.999938428 0.011073058 -2.032758951 0.008100729 -0.011067745 0.999905944 78.314758301
0.999967873 0.001323245 -0.007897862 1.187750340 -0.001237381 0.999940157 0.010866892 -2.041638851 0.007911768 -0.010856769 0.999909759 78.886642456
0.999970853 0.001690954 -0.007442580 1.189435005 -0.001609981 0.999939620 0.010872298 -2.053043842 0.007460515 -0.010860001 0.999913216 79.445327759
0.999973476 0.001531639 -0.007135766 1.200220108 -0.001454662 0.999940813 0.010780270 -2.057503939 0.007151857 -0.010769605 0.999916434 80.012954712
0.999981821 0.001520601 -0.005828080 1.204860568 -0.001460208 0.999945343 0.010352771 -2.067005873 0.005843503 -0.010344072 0.999929428 80.567451477
0.999988139 0.001535911 -0.004620723 1.216129541 -0.001487666 0.999944448 0.010426491 -2.074284315 0.004636481 -0.010419494 0.999934971 81.138206482
0.999993861 0.001547530 -0.003124263 1.230866671 -0.001515588 0.999946773 0.010200435 -2.081846237 0.003139882 -0.010195635 0.999943078 81.694252014
0.999998271 0.001793417 0.000572624 1.243722558 -0.001799102 0.999947488 0.010086733 -2.094151735 -0.000554504 -0.010087745 0.999948919 82.230270386
0.999991775 0.001261528 0.003859993 1.270171881 -0.001300784 0.999947309 0.010184210 -2.101129532 -0.003846943 -0.010189148 0.999940634 82.803535461
0.999979198 0.000749545 0.006404416 1.297474623 -0.000817811 0.999942839 0.010663280 -2.112832069 -0.006396057 -0.010668295 0.999922633 83.332466125
0.999930501 0.001304355 0.011712733 1.317177415 -0.001418309 0.999951661 0.009726006 -2.117992401 -0.011699484 -0.009741941 0.999884129 83.949737549
0.999842525 0.001328297 0.017692670 1.344672322 -0.001512189 0.999944925 0.010384394 -2.138652325 -0.017677899 -0.010409516 0.999789536 84.492828369
0.999721646 0.001166720 0.023565631 1.375688910 -0.001413231 0.999944389 0.010446682 -2.151636600 -0.023552133 -0.010477078 0.999667645 85.037178040
0.999561012 0.001985273 0.029560294 1.391601324 -0.002288989 0.999944925 0.010244203 -2.151058912 -0.029538332 -0.010307371 0.999510527 85.635147095
0.999293566 0.001693465 0.037541911 1.433991909 -0.002072420 0.999947250 0.010057555 -2.156364202 -0.037522890 -0.010128251 0.999244392 86.223823547
0.998964548 0.001678904 0.045464274 1.472613573 -0.002107087 0.999953866 0.009371709 -2.158733130 -0.045446441 -0.009457801 0.998921990 86.784706116
0.998643816 0.001245281 0.052047696 1.528451681 -0.001737516 0.999954164 0.009413218 -2.172346830 -0.052033588 -0.009490888 0.998600245 87.330200195
0.998155713 0.001308813 0.060691178 1.582338095 -0.001898339 0.999951541 0.009656890 -2.182538033 -0.060675606 -0.009754293 0.998109877 87.899780273
0.997478068 0.000608116 0.070972383 1.640446186 -0.001291081 0.999953330 0.009577496 -2.193662643 -0.070963256 -0.009644974 0.997432232 88.445549011
0.996836245 0.000185527 0.079484120 1.708685875 -0.000937443 0.999955177 0.009422744 -2.204070330 -0.079478800 -0.009467443 0.996791601 88.993316650
0.996156335 -0.000107669 0.087593131 1.770948887 -0.000682345 0.999959290 0.008989138 -2.205328941 -0.087590538 -0.009014354 0.996115804 89.599693298
0.995190859 0.000044556 0.097954601 1.856920719 -0.000958136 0.999956489 0.009279543 -2.215453148 -0.097949930 -0.009328770 0.995147645 90.107612610
0.994088590 -0.000025385 0.108572021 1.935102940 -0.000950074 0.999959648 0.008932699 -2.225191832 -0.108567849 -0.008983045 0.994048476 90.700378418
0.993063390 -0.001188730 0.117574081 2.026558876 0.000144835 0.999960482 0.008886757 -2.229115486 -0.117580004 -0.008808084 0.993024349 91.249809265
0.991648376 -0.000225820 0.128970116 2.119032860 -0.000945124 0.999958992 0.009017913 -2.243768454 -0.128966868 -0.009064493 0.991607487 91.818542480
0.990015745 -0.000455733 0.140956223 2.225522041 -0.000821049 0.999959171 0.008999715 -2.251763344 -0.140954599 -0.009025590 0.989974916 92.364700317
0.988400280 -0.001038234 0.151867434 2.340929985 -0.000322974 0.999960005 0.008938193 -2.263586760 -0.151870623 -0.008883563 0.988360465 92.927558899
0.986745000 -0.001596798 0.162270591 2.452461243 0.000175721 0.999961495 0.008771435 -2.268630743 -0.162278324 -0.008626655 0.986707330 93.461067200
0.984467924 -0.001180085 0.175561383 2.565075874 -0.000416204 0.999958932 0.009055386 -2.280400753 -0.175564855 -0.008987807 0.984426796 93.985198975
0.982269108 -0.001648865 0.187469110 2.688780785 0.000015547 0.999962032 0.008713602 -2.282766104 -0.187476337 -0.008556188 0.982231796 94.540946960
0.980297923 -0.002214901 0.197512344 2.828443527 0.000521017 0.999962628 0.008627647 -2.290411234 -0.197524041 -0.008354755 0.980262458 95.094131470
0.977553070 -0.002537945 0.210673898 2.975839615 0.000776762 0.999963999 0.008442082 -2.298964500 -0.210687786 -0.008088938 0.977519929 95.649772644
0.974581778 -0.002968277 0.224012032 3.132753372 0.001101082 0.999963582 0.008459701 -2.304971218 -0.224028975 -0.007998016 0.974549651 96.200485229
0.971975863 -0.003628421 0.235052630 3.293540955 0.001622678 0.999960601 0.008726019 -2.325211763 -0.235075027 -0.008100065 0.971943438 96.754631042
0.969066560 -0.003803838 0.246770173 3.460531235 0.001791187 0.999963284 0.008379937 -2.331659794 -0.246792972 -0.007678706 0.969037831 97.279266357
0.965321362 -0.003687241 0.261038482 3.636795044 0.001464471 0.999961019 0.008709107 -2.340457201 -0.261060417 -0.008024802 0.965289116 97.832794189
0.961972833 -0.004056893 0.273115039 3.823329926 0.001777665 0.999961495 0.008592247 -2.355608225 -0.273139328 -0.007780001 0.961943030 98.364921570
0.958789766 -0.004840198 0.284075320 4.014305115 0.002482323 0.999959528 0.008659585 -2.367801428 -0.284105688 -0.007597556 0.958762884 98.906089783
0.954548240 -0.004683458 0.298019707 4.203104019 0.002154625 0.999958813 0.008813419 -2.381227970 -0.298048675 -0.007770715 0.954519033 99.427223206
0.950088263 -0.005442890 0.311933696 4.404756546 0.002831379 0.999957025 0.008824302 -2.382114887 -0.311968327 -0.007500663 0.950062871 99.971611023
0.946229696 -0.005790756 0.323443711 4.601205826 0.003011679 0.999954045 0.009092000 -2.396033525 -0.323481560 -0.007629012 0.946203709 100.484252930
0.941974998 -0.005555394 0.335637033 4.804300308 0.002628828 0.999954522 0.009173156 -2.406000137 -0.335672647 -0.007758552 0.941946685 100.988014221
0.936715364 -0.005766674 0.350044399 5.032388687 0.002755552 0.999954820 0.009099546 -2.413354874 -0.350081086 -0.007559120 0.936688840 101.520065308
0.932021976 -0.006154855 0.362349421 5.257392883 0.003165877 0.999955833 0.008842067 -2.419758320 -0.362387925 -0.007093846 0.932000399 102.037002563
0.927918434 -0.006902602 0.372719318 5.485733032 0.003920668 0.999953985 0.008757859 -2.428856850 -0.372762680 -0.006665269 0.927902758 102.542510986
0.922406554 -0.006930953 0.386158139 5.724821091 0.003809272 0.999953508 0.008848537 -2.434523582 -0.386201620 -0.006690966 0.922390163 103.051292419
0.916814506 -0.007175942 0.399249107 5.963462830 0.003999135 0.999953330 0.008789358 -2.442165375 -0.399293631 -0.006461559 0.916800380 103.545783997
0.911988080 -0.007911738 0.410140485 6.212505341 0.004972755 0.999953747 0.008232004 -2.446932793 -0.410186619 -0.005467962 0.911985219 104.042999268
0.905256212 -0.007656380 0.424797058 6.475563049 0.004409050 0.999953091 0.008626944 -2.453037262 -0.424843162 -0.005936644 0.905247509 104.558174133
0.898736775 -0.008087359 0.438413918 6.744804382 0.004693774 0.999949992 0.008823826 -2.472355843 -0.438463390 -0.005872482 0.898729920 105.034225464
0.892701507 -0.008984585 0.450558841 7.029251099 0.005564712 0.999944925 0.008914398 -2.479074955 -0.450614035 -0.005450667 0.892702222 105.532775879
0.887208700 -0.009572813 0.461268872 7.304527283 0.006127573 0.999941051 0.008966166 -2.487024069 -0.461327463 -0.005128403 0.887215078 106.005561829
0.880010307 -0.010275993 0.474843472 7.594577789 0.006877812 0.999936819 0.008893038 -2.496707201 -0.474904776 -0.004560080 0.880025327 106.493339539
0.873087823 -0.010466715 0.487450510 7.881683350 0.007111523 0.999936521 0.008733331 -2.502220631 -0.487511039 -0.004158449 0.873106897 106.962905884
