1.000000000 0.000000000 0.000000000 0.000000000 0.000000000 1.000000000 0.000000000 0.000000000 0.000000000 0.000000000 1.000000000 0.000000000
1.000000000 0.000021178 0.000034217 0.000299701 -0.000021183 1.000000000 0.000120658 -0.000723963 -0.000034214 -0.000120659 1.000000000 -0.000336248
1.000000000 0.000047561 -0.000121983 0.001086582 -0.000047556 1.000000000 0.000036290 -0.000530194 0.000121985 -0.000036284 1.000000000 -0.000770803
1.000000000 0.000040216 -0.000029278 0.000036644 -0.000040215 1.000000000 0.000044736 -0.000538722 0.000029280 -0.000044734 1.000000000 0.000366786
1.000000000 0.000075780 -0.000026316 -0.000467563 -0.000075780 1.000000000 0.000016094 -0.000114688 0.000026317 -0.000016092 1.000000000 -0.000440462
1.000000000 0.000060055 -0.000069068 -0.000171202 -0.000060057 1.000000000 -0.000022797 -0.000123182 0.000069067 0.000022801 1.000000000 -0.000370899
1.000000000 0.000067997 -0.000094896 0.000753407 -0.000067999 1.000000000 -0.000023332 -0.000608600 0.000094894 0.000023339 1.000000000 -0.001391188
1.000000000 -0.000005170 -0.000077836 0.001023615 0.000005164 1.000000000 -0.000071311 0.000321840 0.000077836 0.000071311 1.000000000 -0.000351533
1.000000000 -0.000145935 -0.000003926 0.000759067 0.000145935 1.000000000 -0.000037489 -0.000236786 0.000003931 0.000037488 1.000000000 -0.001170676
1.000000000 -0.000189881 -0.000035045 0.000965472 0.000189877 1.000000000 -0.000103687 0.001670797 0.000035065 0.000103680 1.000000000 0.002345876
1.000000000 -0.000106744 -0.000045586 0.000343094 0.000106743 1.000000000 -0.000006379 0.000084995 0.000045587 0.000006374 1.000000000 0.002078358
1.000000000 0.000025778 0.000064802 -0.000633988 -0.000025767 1.000000000 -0.000161141 0.001916971 -0.000064806 0.000161139 1.000000000 0.002753139
1.000000000 -0.000131925 0.000021659 -0.000586396 0.000131924 1.000000000 0.000064797 0.000091844 -0.000021668 -0.000064794 1.000000000 0.001547850
1.000000000 -0.000020257 0.000010325 -0.000427435 0.000020256 1.000000000 0.000095900 -0.000059559 -0.000010326 -0.000095900 1.000000000 0.001376837
1.000000000 -0.000150714 -0.000150270 0.000992428 0.000150725 1.000000000 0.000074850 -0.000661469 0.000150259 -0.000074873 1.000000000 0.000273883
1.000000000 0.000011062 -0.000046252 -0.000287577 -0.000011062 1.000000000 -0.000009988 -0.000300976 0.000046252 0.000009989 1.000000000 -0.000453161
0.999999940 0.000231404 0.000172881 -0.001798069 -0.000231421 0.999999940 0.000094966 -0.000488747 -0.000172859 -0.000095006 1.000000000 0.000261404
1.000000000 -0.000073834 -0.000205212 0.000938095 0.000073816 1.000000000 -0.000087129 0.000714347 0.000205219 0.000087114 1.000000000 0.000681066
1.000000000 -0.000184982 -0.000014149 0.000305997 0.000184983 1.000000000 0.000014056 -0.000280757 0.000014146 -0.000014059 1.000000000 0.000633321
1.000000000 0.000001968 0.000121711 -0.000280501 -0.000001971 1.000000000 0.000024908 -0.000262365 -0.000121711 -0.000024908 1.000000000 0.000757884
1.000000000 -0.000012034 0.000007242 -0.000744363 0.000012034 1.000000000 -0.000103254 0.000854746 -0.000007241 0.000103254 1.000000000 0.001674429
1.000000000 -0.000090453 -0.000062618 0.000005351 0.000090451 1.000000000 -0.000036909 0.000839669 0.000062621 0.000036903 1.000000000 0.000618539
1.000000000 -0.000043207 -0.000046733 0.000984753 0.000043211 1.000000000 0.000066162 0.000026114 0.000046730 -0.000066164 1.000000000 0.001714208
1.000000000 0.000002400 0.000140858 -0.000472754 -0.000002403 1.000000000 0.000017127 0.000673011 -0.000140858 -0.000017127 1.000000000 -0.000027264
1.000000000 -0.000114446 -0.000064789 0.000765140 0.000114445 1.000000000 -0.000003288 0.000453713 0.000064789 0.000003280 1.000000000 0.001134750
1.000000000 -0.000004108 -0.000007937 -0.000288821 0.000004107 1.000000000 -0.000085457 0.000757770 0.000007937 0.000085457 1.000000000 0.000169197
1.000000000 0.000085126 0.000116706 -0.000671775 -0.000085120 1.000000000 -0.000053442 -0.000835263 -0.000116710 0.000053432 1.000000000 -0.002174857
1.000000000 0.000039369 -0.000043088 -0.000099241 -0.000039372 1.000000000 -0.000081123 0.000594353 0.000043085 0.000081125 1.000000000 0.000362942
1.000000000 -0.000028132 -0.000004034 -0.001300807 0.000028132 1.000000000 0.000006231 0.001271557 0.000004034 -0.000006232 1.000000000 0.002715762
1.000000000 0.000046426 0.000181715 -0.001752882 -0.000046419 1.000000000 -0.000038375 0.001212916 -0.000181716 0.000038367 1.000000000 0.001890979
1.000000000 -0.000105208 -0.000080950 0.000360833 0.000105203 1.000000000 -0.000054877 0.001194067 0.000080955 0.000054868 1.000000000 0.000549220
1.000000000 0.000049371 0.000067148 -0.001646097 -0.000049372 1.000000000 0.000009900 0.000687879 -0.000067147 -0.000009904 1.000000000 0.002047811
1.000000000 0.000034848 0.000139860 -0.001554048 -0.000034841 1.000000000 -0.000053077 0.000120442 -0.000139862 0.000053072 1.000000000 0.000971169
1.000000000 -0.000140270 0.000005984 -0.000469407 0.000140271 1.000000000 -0.000029445 0.001144492 -0.000005980 0.000029446 1.000000000 0.001774293
1.000000000 -0.000022472 0.000114791 -0.001434436 0.000022483 1.000000000 -0.000093727 0.002354895 -0.000114789 0.000093730 1.000000000 0.003834054
1.000000000 0.000093417 0.000167253 -0.002405767 -0.000093403 1.000000000 -0.000085381 0.002620238 -0.000167261 0.000085365 1.000000000 0.003529580
1.000000000 -0.000205026 0.000054753 -0.000750150 0.000205025 1.000000000 0.000019197 0.000801198 -0.000054757 -0.000019186 1.000000000 0.001802227
1.000000000 -0.000046606 0.000084982 -0.001205661 0.000046600 1.000000000 0.000063743 0.000860651 -0.000084985 -0.000063739 1.000000000 0.001540435
1.000000000 -0.000122178 0.000019612 -0.000577193 0.000122179 1.000000000 -0.000033765 0.001341092 -0.000019608 0.000033767 1.000000000 0.002055445
0.999999940 -0.000012790 0.000253626 -0.001851203 0.000012785 1.000000000 0.000021285 -0.000361019 -0.000253626 -0.000021282 0.999999940 0.002102695
0.999999940 -0.000097929 0.000324172 -0.001523745 0.000098153 0.999999762 -0.000689942 -0.001524005 -0.000324104 0.000689973 0.999999702 0.052784398
0.999999940 0.000185658 0.000227944 -0.000463829 -0.000185365 0.999999166 -0.001284173 -0.004204895 -0.000228182 0.001284131 0.999999166 0.134403199
0.999999881 0.000455487 0.000024538 0.002835291 -0.000455451 0.999998808 -0.001472431 -0.003961033 -0.000025209 0.001472420 0.999998927 0.254400522
0.999999940 0.000340412 0.000074216 0.003843802 -0.000340323 0.999999225 -0.001188766 -0.013557657 -0.000074621 0.001188740 0.999999285 0.382373452
0.999999940 0.000345996 0.000107113 0.007485364 -0.000345884 0.999999404 -0.001047434 -0.017121725 -0.000107476 0.001047397 0.999999464 0.526595771
1.000000000 0.000211898 0.000033143 0.013284577 -0.000211862 0.999999344 -0.001107603 -0.020124318 -0.000033377 0.001107596 0.999999404 0.680447638
1.000000000 0.000044209 0.000206506 0.016250696 -0.000043994 0.999999464 -0.001040319 -0.021116359 -0.000206552 0.001040310 0.999999464 0.851984501
0.999999881 0.000428097 0.000177357 0.015271520 -0.000427955 0.999999583 -0.000800718 -0.026476987 -0.000177700 0.000800642 0.999999642 1.017408252
0.999999940 0.000154091 0.000227443 0.017209850 -0.000154027 0.999999940 -0.000277840 -0.034793612 -0.000227486 0.000277805 0.999999940 1.191488624
0.999999940 0.000362994 0.000129234 0.020372802 -0.000362918 0.999999762 -0.000587642 -0.036317207 -0.000129447 0.000587595 0.999999821 1.377817988
0.999999940 0.000333693 0.000030224 0.030863877 -0.000333681 0.999999881 -0.000409997 -0.044716511 -0.000030361 0.000409986 0.999999940 1.571370006
0.999999225 0.000987815 0.000756149 0.023948435 -0.000987604 0.999999464 -0.000279735 -0.048711285 -0.000756425 0.000278988 0.999999702 1.765454531
0.999999881 0.000486022 0.000054977 0.040005986 -0.000485992 0.999999762 -0.000542458 -0.048603803 -0.000055241 0.000542431 0.999999881 1.961346388
0.999999464 0.000527510 0.000921649 0.029572686 -0.000526848 0.999999583 -0.000718583 -0.052275904 -0.000922028 0.000718097 0.999999344 2.186238527
0.999999166 0.000878661 0.000972366 0.030097779 -0.000878220 0.999999523 -0.000453351 -0.065638013 -0.000972764 0.000452497 0.999999404 2.387888432
0.999999523 0.000721710 -0.000696383 0.045632798 -0.000721776 0.999999762 -0.000095263 -0.062916473 0.000696314 0.000095766 0.999999702 2.618162632
1.000000000 -0.000034312 -0.000261961 0.051760972 0.000034385 0.999999940 0.000275728 -0.075006545 0.000261951 -0.000275737 0.999999940 2.836134911
0.999999464 0.000968446 -0.000387072 0.044762775 -0.000968508 0.999999642 -0.000161036 -0.069724478 0.000386916 0.000161410 0.999999940 3.071029663
0.999999344 0.000946220 -0.000496391 0.052865952 -0.000946386 0.999999523 -0.000334698 -0.074660450 0.000496074 0.000335167 0.999999821 3.313988209
0.999999821 0.000216172 -0.000509679 0.059774075 -0.000216150 0.999999940 0.000044388 -0.087086916 0.000509689 -0.000044277 0.999999881 3.542473316
0.999997616 0.001649406 0.001435293 0.017106945 -0.001647311 0.999997497 -0.001459791 -0.056986351 -0.001437697 0.001457423 0.999997854 3.794159174
0.999997139 0.001839872 0.001578206 0.020497214 -0.001837095 0.999996781 -0.001759312 -0.060999904 -0.001581438 0.001756408 0.999997139 4.053677082
0.999996722 0.001926517 0.001684854 0.024122924 -0.001924448 0.999997377 -0.001229130 -0.072506450 -0.001687218 0.001225883 0.999997854 4.305098534
0.999997020 0.001718616 0.001693200 0.030293804 -0.001716514 0.999997675 -0.001241848 -0.076222703 -0.001695331 0.001238938 0.999997795 4.553402424
0.999998093 0.001422517 0.001332945 0.033114750 -0.001420314 0.999997556 -0.001651573 -0.076572962 -0.001335291 0.001649677 0.999997735 4.839507103
0.999997914 0.001423442 0.001470321 0.035786778 -0.001420536 0.999997020 -0.001975157 -0.077659823 -0.001473128 0.001973064 0.999996960 5.102336407
0.999997318 0.001565177 0.001738283 0.040943049 -0.001561654 0.999996781 -0.002026461 -0.092082977 -0.001741449 0.002023741 0.999996424 5.362526417
0.999997914 0.001224644 0.001629028 0.043634161 -0.001221582 0.999997497 -0.001879642 -0.092088476 -0.001631326 0.001877648 0.999996901 5.638437271
0.999997139 0.001530632 0.001833516 0.045733526 -0.001526908 0.999996841 -0.002030934 -0.100000657 -0.001836618 0.002028128 0.999996305 5.904801369
0.999998152 0.001078855 0.001601818 0.056376971 -0.001075568 0.999997377 -0.002051418 -0.106917813 -0.001604027 0.002049692 0.999996603 6.182421684
0.999996543 0.001756070 0.001967338 0.057339109 -0.001752984 0.999997318 -0.001569098 -0.118691921 -0.001970088 0.001565644 0.999996841 6.454114914
0.999996185 0.001698201 0.002182853 0.047440484 -0.001692785 0.999995470 -0.002480556 -0.112106159 -0.002187056 0.002476851 0.999994457 6.769094944
0.999995530 0.001898057 0.002311185 0.051898364 -0.001891765 0.999994516 -0.002721556 -0.117637783 -0.002316338 0.002717172 0.999993563 7.071894169
0.999996185 0.001702313 0.002181064 0.063965566 -0.001697168 0.999995768 -0.002358777 -0.131044611 -0.002185071 0.002355067 0.999994814 7.357967377
0.999996006 0.001496044 0.002382782 0.069424510 -0.001488817 0.999994278 -0.003032065 -0.133060262 -0.002387304 0.003028505 0.999992549 7.674093246
0.999994814 0.001369433 0.002891281 0.055409916 -0.001362181 0.999995947 -0.002508787 -0.145946756 -0.002894705 0.002504836 0.999992609 7.988372326
0.999994695 0.001430751 0.002939676 0.063729838 -0.001423583 0.999996066 -0.002438865 -0.153926879 -0.002943154 0.002434667 0.999992669 8.308920860
0.999993145 0.001551273 0.003356986 0.064703718 -0.001542819 0.999995708 -0.002519396 -0.162917346 -0.003360879 0.002514200 0.999991119 8.637601852
0.999991655 0.001606270 0.003757021 0.067008071 -0.001595360 0.999994516 -0.002905220 -0.168825284 -0.003761667 0.002899202 0.999988675 8.983773232
0.999993086 0.001128004 0.003541467 0.064717770 -0.001114812 0.999992430 -0.003724678 -0.164373592 -0.003545642 0.003720705 0.999986708 9.328929901
0.999991000 0.001435529 0.003982174 0.073172703 -0.001423544 0.999994516 -0.003010841 -0.179448277 -0.003986475 0.003005146 0.999987483 9.667737961
0.999991596 0.001505939 0.003817925 0.078599423 -0.001492198 0.999992490 -0.003599280 -0.188064963 -0.003823316 0.003593553 0.999986112 10.019595146
0.999989271 0.001775996 0.004286143 0.079660676 -0.001760368 0.999991834 -0.003647111 -0.199771225 -0.004292585 0.003639527 0.999984145 10.382171631
0.999980390 0.002386917 0.005790068 0.052808948 -0.002353299 0.999980390 -0.005805931 -0.172905877 -0.005803813 0.005792191 0.999966383 10.761441231
0.999977648 0.002390944 0.006241225 0.060884856 -0.002354440 0.999980152 -0.005849697 -0.182553023 -0.006255087 0.005834872 0.999963403 11.133464813
0.999974847 0.002873652 0.006502165 0.068016879 -0.002834011 0.999977469 -0.006097578 -0.195806235 -0.006519541 0.006078998 0.999960244 11.505866051
0.999991596 0.001296403 0.003894150 0.117693350 -0.001285504 0.999995232 -0.002800032 -0.252930045 -0.003897761 0.002795003 0.999988496 11.867697716
0.999988019 0.001827138 0.004537880 0.124898843 -0.001814110 0.999994278 -0.002873472 -0.267325103 -0.004543105 0.002865206 0.999985516 12.251421928
0.999991238 0.001724609 0.003840871 0.142371207 -0.001714432 0.999994993 -0.002651254 -0.282903969 -0.003845425 0.002644646 0.999989092 12.645069122
0.999988794 0.002132586 0.004230862 0.148401380 -0.002121564 0.999994338 -0.002607930 -0.293768197 -0.004236399 0.002598925 0.999987662 13.043564796
0.999990702 0.002073965 0.003763414 0.160018831 -0.002064203 0.999994516 -0.002596084 -0.307463586 -0.003768778 0.002588292 0.999989510 13.445454597
0.999988735 0.001634646 0.004448670 0.168501213 -0.001622890 0.999995172 -0.002644714 -0.316816598 -0.004452972 0.002637465 0.999986589 13.860632896
0.999990165 0.001370558 0.004222206 0.179543763 -0.001360180 0.999996066 -0.002459821 -0.331509620 -0.004225560 0.002454054 0.999988079 14.272006989
0.999986708 0.002228892 0.004655314 0.188560754 -0.002216902 0.999994218 -0.002579068 -0.344312102 -0.004661035 0.002568714 0.999985874 14.695508957
0.999989092 0.001356025 0.004463320 0.204946607 -0.001347420 0.999997258 -0.001930510 -0.362134427 -0.004465926 0.001924476 0.999988139 15.117893219
0.999987721 0.001693057 0.004653262 0.216323167 -0.001682697 0.999996126 -0.002229478 -0.376962751 -0.004657018 0.002221621 0.999986649 15.564782143
0.999986589 0.001475773 0.004964067 0.227762356 -0.001464824 0.999996483 -0.002208562 -0.390891373 -0.004967310 0.002201261 0.999985218 16.003761292
0.999986112 0.001364737 0.005082731 0.240308076 -0.001353854 0.999996781 -0.002144042 -0.404316425 -0.005085641 0.002137131 0.999984801 16.447923660
0.999983668 0.001509860 0.005514588 0.248892665 -0.001497462 0.999996364 -0.002251605 -0.417800665 -0.005517968 0.002243311 0.999982238 16.897466660
0.999982238 0.001713522 0.005728109 0.260481864 -0.001701431 0.999996305 -0.002114938 -0.434108794 -0.005731713 0.002105155 0.999981284 17.349737167
0.999980569 0.001666216 0.006003371 0.270381659 -0.001654300 0.999996662 -0.001989343 -0.446062803 -0.006006665 0.001979373 0.999979973 17.816925049
0.999975801 0.002070260 0.006635834 0.278039932 -0.002053767 0.999994814 -0.002491469 -0.455529332 -0.006640957 0.002477781 0.999974847 18.288475037
0.999981046 0.001121136 0.006057069 0.309416860 -0.001109596 0.999997616 -0.001908347 -0.473428935 -0.006059194 0.001901590 0.999979794 18.739103317
0.999976456 0.001802083 0.006608330 0.310948402 -0.001788773 0.999996364 -0.002019345 -0.488511324 -0.006611945 0.002007477 0.999976099 19.220920563
0.999972939 0.001956558 0.007080654 0.323530734 -0.001939551 0.999995232 -0.002407987 -0.498254240 -0.007085331 0.002394189 0.999971986 19.708578110
0.999977171 0.001646802 0.006540167 0.339053959 -0.001633395 0.999996483 -0.002054667 -0.517834902 -0.006543528 0.002043937 0.999976516 20.183374405
0.999977469 0.001974739 0.006414616 0.352988482 -0.001960464 0.999995589 -0.002230975 -0.530546427 -0.006418994 0.002218349 0.999976993 20.679483414
0.999975264 0.002717309 0.006479394 0.367045909 -0.002701449 0.999993324 -0.002455412 -0.540458143 -0.006486022 0.002437847 0.999976039 21.175689697
0.999984086 0.002081487 0.005239662 0.388568699 -0.002072776 0.999996483 -0.001667454 -0.570087790 -0.005243115 0.001656567 0.999984860 21.685386658
0.999982238 0.002654276 0.005341620 0.394635260 -0.002647551 0.999995768 -0.001265767 -0.589765370 -0.005344957 0.001251603 0.999984860 22.197988510
0.999984205 0.002473495 0.005043400 0.409388542 -0.002468810 0.999996543 -0.000934982 -0.609308422 -0.005045694 0.000922516 0.999986827 22.693765640
0.999989569 0.002509259 0.003797268 0.427065641 -0.002504794 0.999996126 -0.001180195 -0.623494864 -0.003800215 0.001170671 0.999992013 23.217552185
0.999993324 0.002123395 0.002958861 0.441402972 -0.002118757 0.999996424 -0.001570022 -0.639164209 -0.002962185 0.001563742 0.999994338 23.735239029
0.999995351 0.001386242 0.002686437 0.447614670 -0.001381298 0.999997377 -0.001841523 -0.653256953 -0.002688983 0.001837804 0.999994695 24.268310547
0.999995232 0.001939498 0.002365254 0.453898072 -0.001936077 0.999997079 -0.001447938 -0.666785717 -0.002368056 0.001443352 0.999996185 24.809019089
0.999994993 0.002952991 0.001238261 0.473829597 -0.002951449 0.999994874 -0.001245660 -0.687585235 -0.001241933 0.001241999 0.999998391 25.335105896
0.999996305 0.002595041 0.000842178 0.484751284 -0.002593798 0.999995589 -0.001473882 -0.701012433 -0.000846000 0.001471692 0.999998510 25.892171860
0.999995530 0.002984439 0.000164332 0.495064378 -0.002984255 0.999994874 -0.001112684 -0.720995963 -0.000167652 0.001112188 0.999999344 26.427986145
0.999996662 0.002590144 -0.000022647 0.503514051 -0.002590156 0.999996543 -0.000539360 -0.734794319 0.000021250 0.000539416 0.999999821 26.980756760
0.999998212 0.001869274 -0.000233168 0.511390984 -0.001869392 0.999998093 -0.000507395 -0.750281274 0.000232219 0.000507830 0.999999821 27.534965515
0.999996006 0.002635158 -0.000965418 0.524951696 -0.002635675 0.999996364 -0.000535172 -0.770392478 0.000964004 0.000537715 0.999999404 28.078271866
0.999995410 0.002804400 -0.001184259 0.532411814 -0.002804261 0.999996126 0.000119025 -0.788702726 0.001184588 -0.000115703 0.999999285 28.619756699
0.999994338 0.002810338 -0.001853113 0.548138499 -0.002810935 0.999996006 -0.000318897 -0.801577866 0.001852209 0.000324104 0.999998271 29.158845901
0.999992073 0.003393070 -0.002090307 0.555943191 -0.003393570 0.999994218 -0.000235461 -0.822562516 0.002089496 0.000242552 0.999997795 29.722389221
0.999991715 0.003312471 -0.002378191 0.562451899 -0.003313045 0.999994457 -0.000237430 -0.835843086 0.002377391 0.000245308 0.999997139 30.268121719
0.999990463 0.003800679 -0.002163331 0.568926275 -0.003800464 0.999992788 0.000102863 -0.855936408 0.002163706 -0.000094641 0.999997675 30.812479019
0.999989808 0.003467521 -0.002899664 0.584542572 -0.003468062 0.999993980 -0.000181493 -0.872285664 0.002899017 0.000191547 0.999995768 31.361911774
0.999988019 0.003565188 -0.003356976 0.595495462 -0.003565036 0.999993622 0.000051363 -0.888053834 0.003357138 -0.000039395 0.999994338 31.910387039
0.999986529 0.003867399 -0.003464357 0.605937421 -0.003866915 0.999992549 0.000146114 -0.906672716 0.003464896 -0.000132715 0.999993980 32.457836151
0.999986291 0.003761956 -0.003636038 0.614993870 -0.003761336 0.999993026 0.000177064 -0.921352327 0.003636678 -0.000163386 0.999993384 33.003822327
0.999984026 0.003791820 -0.004190606 0.625551462 -0.003794670 0.999992609 -0.000672308 -0.935210347 0.004188025 0.000688199 0.999991000 33.538352966
0.999984026 0.004009861 -0.003973277 0.630280614 -0.004009154 0.999991894 0.000185775 -0.953114569 0.003973989 -0.000169843 0.999992073 34.101261139
0.999984980 0.003763183 -0.003995036 0.634015679 -0.003761231 0.999992788 0.000495874 -0.971204340 0.003996874 -0.000480840 0.999991953 34.648700714
0.999984324 0.003719482 -0.004179401 0.646823883 -0.003718832 0.999993086 0.000163491 -0.987258673 0.004179981 -0.000147946 0.999991179 35.177364349
0.999986291 0.003694707 -0.003706311 0.652114451 -0.003693650 0.999993205 0.000292400 -1.003654480 0.003707366 -0.000278706 0.999993086 35.727329254
0.999983370 0.004340898 -0.003775935 0.668139338 -0.004336561 0.999989927 0.001156147 -1.035754085 0.003780915 -0.001139753 0.999992192 36.255947113
0.999981701 0.004180115 -0.004366792 0.665732086 -0.004178940 0.999991238 0.000278074 -1.035939097 0.004367917 -0.000259821 0.999990344 36.810817719
0.999982297 0.004210983 -0.004199318 0.674200714 -0.004210315 0.999991179 0.000167873 -1.049519181 0.004199988 -0.000150190 0.999991179 37.353134155
0.999980688 0.004375847 -0.004394376 0.678528488 -0.004374492 0.999990404 0.000317692 -1.068713665 0.004395724 -0.000298463 0.999990225 37.910095215
0.999983311 0.004240100 -0.003910102 0.681397676 -0.004240831 0.999991000 -0.000178855 -1.081181049 0.003909308 0.000195434 0.999992311 38.461490631
0.999981165 0.004374457 -0.004299438 0.691651881 -0.004373269 0.999990344 0.000285796 -1.100305676 0.004300647 -0.000266988 0.999990702 39.008899689
0.999978721 0.004339358 -0.004867778 0.703160524 -0.004335910 0.999990344 0.000718397 -1.120599866 0.004870849 -0.000697276 0.999987841 39.546714783
0.999977648 0.004408334 -0.005029606 0.715355098 -0.004405264 0.999990106 0.000621274 -1.135607004 0.005032295 -0.000599104 0.999987185 40.092967987
0.999977529 0.004532297 -0.004933645 0.726394892 -0.004528725 0.999989510 0.000734724 -1.154389501 0.004936923 -0.000712364 0.999987543 40.640647888
0.999974430 0.004303908 -0.005711916 0.747108221 -0.004297584 0.999990165 0.001118870 -1.177095294 0.005716675 -0.001094294 0.999983072 41.207664490
0.999973536 0.004349300 -0.005837923 0.759123862 -0.004342468 0.999989927 0.001182392 -1.189487219 0.005843007 -0.001157009 0.999982297 41.753562927
0.999972403 0.004382004 -0.005984744 0.779019952 -0.004375100 0.999989748 0.001166111 -1.209349990 0.005989793 -0.001139895 0.999981403 42.297397614
0.999967754 0.005259165 -0.006070574 0.774214983 -0.005252443 0.999985576 0.001122901 -1.217133999 0.006076392 -0.001090980 0.999980927 42.860523224
0.999969423 0.004878860 -0.006106483 0.783382893 -0.004870761 0.999987245 0.001340657 -1.233681440 0.006112946 -0.001310873 0.999980450 43.395854950
0.999965429 0.005231988 -0.006469391 0.800466597 -0.005219793 0.999984562 0.001900539 -1.255854249 0.006479235 -0.001866704 0.999977291 43.946140289
0.999969363 0.004755082 -0.006216683 0.793480098 -0.004745988 0.999987662 0.001476527 -1.263063312 0.006223628 -0.001446978 0.999979615 44.498973846
0.999967337 0.005322319 -0.006071503 0.804428697 -0.005317259 0.999985576 0.000849292 -1.272024632 0.006075935 -0.000816981 0.999981225 45.050460815
0.999967754 0.005467370 -0.005883529 0.818518162 -0.005463674 0.999984920 0.000643980 -1.282624960 0.005886962 -0.000611814 0.999982476 45.596515656
0.999968708 0.005120338 -0.006024259 0.813716054 -0.005110600 0.999985635 0.001630645 -1.309790254 0.006032521 -0.001599806 0.999980450 46.143527985
0.999969184 0.004650022 -0.006318910 0.828066707 -0.004641960 0.999988377 0.001289972 -1.323080420 0.006324836 -0.001260600 0.999979138 46.685531616
0.999968112 0.005247332 -0.006031154 0.833368063 -0.005240705 0.999985695 0.001114047 -1.332148790 0.006036913 -0.001082404 0.999981165 47.217815399
0.999969363 0.004432580 -0.006438321 0.834874511 -0.004425883 0.999989629 0.001053951 -1.346322894 0.006442927 -0.001025424 0.999978662 47.781265259
0.999968529 0.004842459 -0.006279086 0.840842724 -0.004833854 0.999987364 0.001384952 -1.365284443 0.006285714 -0.001354556 0.999979258 48.335094452
0.999971986 0.004088898 -0.006266468 0.853665471 -0.004084603 0.999991298 0.000697970 -1.369398355 0.006269268 -0.000672354 0.999980152 48.881473541
0.999970913 0.004722315 -0.005986104 0.844173431 -0.004715646 0.999988258 0.001127754 -1.387301445 0.005991359 -0.001099493 0.999981463 49.418708801
0.999970019 0.004630292 -0.006211390 0.859614015 -0.004626131 0.999989033 0.000684098 -1.399008512 0.006214490 -0.000655343 0.999980509 49.962776184
0.999975562 0.004556700 -0.005306577 0.861292601 -0.004551183 0.999989092 0.001051220 -1.417520761 0.005311310 -0.001027043 0.999985397 50.510330200
0.999971390 0.004730369 -0.005906573 0.868541121 -0.004725249 0.999988556 0.000880285 -1.434692979 0.005910669 -0.000852349 0.999982178 51.063488007
0.999971509 0.004874779 -0.005775881 0.876993299 -0.004868085 0.999987483 0.001172572 -1.450551867 0.005781524 -0.001144421 0.999982655 51.616928101
0.999972045 0.004639461 -0.005868026 0.889661014 -0.004633000 0.999988675 0.001113992 -1.467246294 0.005873128 -0.001086775 0.999982119 52.159149170
0.999968767 0.004553942 -0.006461863 0.902037859 -0.004547217 0.999989092 0.001054964 -1.483638287 0.006466597 -0.001025547 0.999978542 52.703704834
0.999970734 0.004470344 -0.006202186 0.904862761 -0.004463863 0.999989450 0.001058316 -1.497755527 0.006206852 -0.001030600 0.999980211 53.241115570
0.999969363 0.004682568 -0.006265547 0.912279487 -0.004675145 0.999988377 0.001198799 -1.512941957 0.006271088 -0.001169470 0.999979615 53.809879303
0.999973357 0.004451835 -0.005782583 0.920253754 -0.004448554 0.999989986 0.000579977 -1.523366690 0.005785107 -0.000554237 0.999983072 54.360385895
0.999972880 0.004865833 -0.005526910 0.916620374 -0.004862563 0.999988019 0.000604991 -1.535008430 0.005529787 -0.000578100 0.999984622 54.924423218
0.999970019 0.004524486 -0.006280432 0.936002135 -0.004520366 0.999989569 0.000670130 -1.552633166 0.006283399 -0.000641720 0.999980032 55.460159302
0.999974370 0.004662947 -0.005436646 0.936786771 -0.004659190 0.999988973 0.000703676 -1.565793157 0.005439867 -0.000678327 0.999984980 56.011917114
0.999968350 0.004920188 -0.006244744 0.945641279 -0.004913462 0.999987304 0.001092028 -1.585458040 0.006250037 -0.001061310 0.999979854 56.551830292
0.999973416 0.004437048 -0.005792226 0.960271358 -0.004433234 0.999989986 0.000671149 -1.598613262 0.005795145 -0.000645453 0.999982953 57.091514587
0.999967873 0.005330952 -0.005981866 0.962234974 -0.005325208 0.999985337 0.000975787 -1.613545537 0.005986981 -0.000943901 0.999981642 57.645095825
0.999970019 0.005260714 -0.005675062 0.966722131 -0.005255529 0.999985754 0.000927905 -1.628891945 0.005679862 -0.000898052 0.999983549 58.193706512
0.999968112 0.004898337 -0.006303292 0.985048771 -0.004894947 0.999987781 0.000553404 -1.640180111 0.006305926 -0.000522532 0.999979973 58.727699280
0.999970376 0.005410407 -0.005463457 0.982364535 -0.005408693 0.999985278 0.000328539 -1.649219871 0.005465154 -0.000298980 0.999985039 59.278568268
0.999967039 0.005090740 -0.006327168 0.997059762 -0.005089856 0.999986947 0.000155886 -1.663370609 0.006327880 -0.000123676 0.999979973 59.809024811
0.999969065 0.005297364 -0.005823748 1.002004147 -0.005297528 0.999985933 -0.000012898 -1.676620960 0.005823597 0.000043749 0.999983072 60.352706909
0.999966979 0.005279623 -0.006187961 1.016804338 -0.005277098 0.999985874 0.000424319 -1.692213178 0.006190116 -0.000391651 0.999980688 60.897926331
0.999963224 0.005564163 -0.006518930 1.021747589 -0.005561142 0.999984443 0.000481431 -1.712927938 0.006521507 -0.000445161 0.999978662 61.432106018
0.999964654 0.005714679 -0.006161556 1.033490658 -0.005707969 0.999983072 0.001106013 -1.734238267 0.006167772 -0.001070804 0.999980450 61.973529816
0.999965012 0.005576210 -0.006228613 1.046945453 -0.005570163 0.999984026 0.000987564 -1.747185826 0.006234020 -0.000952835 0.999980152 62.522014618
0.999961913 0.005907330 -0.006421066 1.044159889 -0.005904010 0.999982417 0.000535952 -1.758800626 0.006424120 -0.000498021 0.999979198 63.064262390
0.999966204 0.005352531 -0.006239675 1.046715140 -0.005352187 0.999985695 0.000071800 -1.766713023 0.006239970 -0.000038401 0.999980569 63.615200043
0.999963224 0.005938556 -0.006187310 1.052083850 -0.005933387 0.999981999 0.000853439 -1.793345213 0.006192266 -0.000816696 0.999980509 64.163375854
0.999961674 0.005677321 -0.006658523 1.065204501 -0.005674214 0.999983788 0.000485374 -1.804166079 0.006661170 -0.000447574 0.999977708 64.702156067
0.999959946 0.005677508 -0.006916235 1.078554511 -0.005674511 0.999983788 0.000452763 -1.816655993 0.006918693 -0.000413499 0.999975920 65.245223999
0.999961793 0.005610163 -0.006703189 1.085318804 -0.005608231 0.999984145 0.000306892 -1.828800321 0.006704804 -0.000269287 0.999977469 65.798622131
0.999961019 0.005834084 -0.006618711 1.086532831 -0.005829182 0.999982715 0.000759536 -1.850962400 0.006623028 -0.000720925 0.999977767 66.334007263
0.999959230 0.006052485 -0.006693518 1.092324734 -0.006049851 0.999981523 0.000413625 -1.862737179 0.006695899 -0.000373114 0.999977529 66.878730774
0.999959886 0.005957608 -0.006684788 1.104514122 -0.005954123 0.999982119 0.000541059 -1.879909992 0.006687892 -0.000501235 0.999977469 67.436965942
0.999961257 0.005780152 -0.006653759 1.113411069 -0.005773815 0.999982834 0.000971241 -1.898885250 0.006659259 -0.000932786 0.999977350 67.959915161
0.999956310 0.006167737 -0.007019959 1.128721952 -0.006158427 0.999980152 0.001346916 -1.918499112 0.007028128 -0.001303626 0.999974430 68.489463806
0.999959052 0.006323983 -0.006464626 1.131044149 -0.006317123 0.999979436 0.001080948 -1.932566404 0.006471328 -0.001040066 0.999978542 69.047271729
0.999959230 0.006649920 -0.006107567 1.118085623 -0.006645212 0.999977589 0.000790797 -1.944607496 0.006112689 -0.000750178 0.999981046 69.592300415
0.999960124 0.006794332 -0.005791475 1.127676368 -0.006790097 0.999976695 0.000750426 -1.954959869 0.005796438 -0.000711071 0.999982953 70.142745972
0.999963701 0.006652156 -0.005325822 1.130884171 -0.006646647 0.999977350 0.001051359 -1.975169897 0.005332695 -0.001015922 0.999985278 70.688705444
0.999962926 0.006413742 -0.005741274 1.140341878 -0.006411585 0.999979317 0.000393933 -1.983123422 0.005743682 -0.000357107 0.999983430 71.231330872
0.999962091 0.006195539 -0.006119017 1.157406092 -0.006195040 0.999980807 0.000100449 -1.997622371 0.006119522 -0.000062537 0.999981284 71.775825500
0.999962211 0.006486506 -0.005785050 1.160967708 -0.006485529 0.999978960 0.000187551 -2.010987759 0.005786144 -0.000150024 0.999983251 72.327087402
0.999960303 0.006717061 -0.005851598 1.162997246 -0.006712060 0.999977112 0.000873857 -2.037335873 0.005857333 -0.000834546 0.999982417 72.864952087
0.999961197 0.006775077 -0.005621538 1.172976613 -0.006769352 0.999976635 0.001036766 -2.056276083 0.005628431 -0.000998672 0.999983609 73.409683228
0.999964118 0.006490475 -0.005446425 1.174667358 -0.006483926 0.999978185 0.001219179 -2.074656248 0.005454219 -0.001183821 0.999984384 73.957527161
0.999963582 0.006330882 -0.005724467 1.181190610 -0.006327624 0.999979794 0.000587009 -2.078712463 0.005728068 -0.000550765 0.999983430 74.487068176
0.999963880 0.005986833 -0.006055983 1.194222689 -0.005980812 0.999981523 0.001011826 -2.095495939 0.006061929 -0.000975570 0.999981165 75.018814087
0.999960959 0.006282166 -0.006229409 1.201339602 -0.006272578 0.999979138 0.001557260 -2.114979982 0.006239064 -0.001518125 0.999979436 75.556510925
0.999964952 0.005835879 -0.006001854 1.209691286 -0.005831119 0.999982655 0.000810141 -2.126707554 0.006006478 -0.000775115 0.999981642 76.104637146
0.999954343 0.006044452 -0.007405620 1.222570658 -0.006037991 0.999981403 0.000894459 -2.145261049 0.007410889 -0.000849703 0.999972165 76.647941589
0.999963403 0.005798841 -0.006293101 1.226498127 -0.005794222 0.999982893 0.000751998 -2.157049179 0.006297354 -0.000715506 0.999979913 77.189781189
0.999963582 0.005383469 -0.006621755 1.240464568 -0.005379386 0.999985397 0.000634316 -2.170085192 0.006625073 -0.000598672 0.999977887 77.735160828
0.999961734 0.005651312 -0.006679405 1.245255947 -0.005645322 0.999983609 0.000915303 -2.186698198 0.006684470 -0.000877561 0.999977291 78.265884399
0.999958396 0.005821972 -0.007026277 1.262031555 -0.005817462 0.999982893 0.000662076 -2.203451872 0.007030012 -0.000621174 0.999975145 78.806869507
0.999962687 0.005721197 -0.006472914 1.262647152 -0.005714695 0.999983132 0.001022499 -2.217470884 0.006478654 -0.000985470 0.999978542 79.356941223
0.999962747 0.006065988 -0.006142440 1.266653895 -0.006061141 0.999981344 0.000807533 -2.229300261 0.006147223 -0.000770272 0.999980867 79.906471252
0.999960124 0.005961518 -0.006646026 1.279707670 -0.005957158 0.999981999 0.000675626 -2.245264769 0.006649935 -0.000636008 0.999977648 80.443786621
0.999968231 0.006137954 -0.005109973 1.286191821 -0.006134111 0.999980867 0.000767645 -2.259688854 0.005114587 -0.000736275 0.999986589 80.995727539
0.999971747 0.006218958 -0.004236122 1.294116020 -0.006213885 0.999979913 0.001209654 -2.278495550 0.004243560 -0.001183297 0.999990284 81.541000366
0.999973476 0.006729081 -0.002780259 1.298435450 -0.006725722 0.999976635 0.001216301 -2.296849251 0.002788379 -0.001197569 0.999995351 82.057571411
0.999978065 0.006478282 -0.001324969 1.308986902 -0.006476918 0.999978483 0.001030371 -2.307751179 0.001331615 -0.001021767 0.999998510 82.596893311
0.999976754 0.006544024 0.001878181 1.326410174 -0.006544862 0.999978483 0.000439690 -2.319126368 -0.001875263 -0.000451973 0.999998093 83.151367188
0.999966860 0.006177888 0.005298873 1.347625017 -0.006183591 0.999980330 0.001060470 -2.340098143 -0.005292218 -0.001093201 0.999985397 83.680801392
0.999938130 0.006921212 0.008707924 1.358132601 -0.006931572 0.999975324 0.001160062 -2.355053902 -0.008699681 -0.001220350 0.999961376 84.222892761
0.999884665 0.006735431 0.013615273 1.384341478 -0.006751750 0.999976575 0.001152921 -2.375094652 -0.013607191 -0.001244715 0.999906659 84.767868042
0.999784291 0.007060640 0.019528445 1.412263870 -0.007089893 0.999973834 0.001429177 -2.392206907 -0.019517841 -0.001567323 0.999808252 85.314376831
0.999662697 0.006823215 0.025055870 1.435495615 -0.006851160 0.999975979 0.001029652 -2.404599905 -0.025048241 -0.001200967 0.999685526 85.860931396
0.999506295 0.006250867 0.030789938 1.472914696 -0.006292567 0.999979377 0.001257622 -2.420360804 -0.030781439 -0.001450749 0.999525070 86.406044006
0.999209702 0.006583148 0.039201684 1.504893184 -0.006651027 0.999976695 0.001601337 -2.437767267 -0.039190225 -0.001860803 0.999230087 86.958045959
0.998872280 0.006614405 0.047015555 1.550774813 -0.006685306 0.999976695 0.001350963 -2.453461647 -0.047005530 -0.001663753 0.998893201 87.492874146
0.998496652 0.006921499 0.054375209 1.589668512 -0.007002831 0.999974668 0.001305398 -2.466698170 -0.054364797 -0.001684216 0.998519719 88.041969299
0.997995317 0.006216177 0.062982596 1.646319866 -0.006315603 0.999979079 0.001379656 -2.478375435 -0.062972710 -0.001774663 0.998013675 88.585289001
0.997299194 0.006608725 0.073147714 1.699928761 -0.006707113 0.999976873 0.001099512 -2.491286039 -0.073138759 -0.001587152 0.997320533 89.132041931
0.996630251 0.005607177 0.081832796 1.757997990 -0.005652684 0.999983907 0.000324419 -2.493880987 -0.081829675 -0.000785901 0.996646047 89.682968140
0.995913804 0.006029671 0.090108715 1.820291042 -0.006090989 0.999981463 0.000405506 -2.515601873 -0.090104587 -0.000952700 0.995931804 90.224395752
0.994891882 0.005987081 0.100769103 1.900461197 -0.006041303 0.999981701 0.000232920 -2.527705431 -0.100765854 -0.000840506 0.994909763 90.763053894
0.993751347 0.006243892 0.111441515 1.974673271 -0.006386209 0.999979198 0.000920144 -2.548034191 -0.111433454 -0.001626084 0.993770599 91.304489136
0.992678344 0.005599445 0.120658107 2.055954933 -0.005738621 0.999983191 0.000806014 -2.566067457 -0.120651595 -0.001492524 0.992693722 91.862640381
0.991204381 0.005517726 0.132224545 2.139230728 -0.005669835 0.999983668 0.000773904 -2.574549437 -0.132218108 -0.001516788 0.991219461 92.387466431
0.989576340 0.005165092 0.143916711 2.243062019 -0.005276207 0.999985933 0.000390430 -2.588800669 -0.143912673 -0.001145695 0.989589751 92.946517944
0.988070130 0.004825314 0.153929204 2.354024887 -0.004993630 0.999987304 0.000706845 -2.608408689 -0.153923824 -0.001467078 0.988081634 93.489906311
0.986265838 0.004762407 0.165097028 2.453560829 -0.004949511 0.999987483 0.000721914 -2.624302864 -0.165091500 -0.001529148 0.986277044 94.011901855
0.984105408 0.004835329 0.177519247 2.579946518 -0.005039675 0.999987006 0.000700233 -2.641902924 -0.177513570 -0.001583743 0.984117091 94.528381348
0.981684685 0.004195386 0.190466717 2.698711395 -0.004411486 0.999990046 0.000710589 -2.658543587 -0.190461829 -0.001537815 0.981693506 95.057121277
0.979671597 0.004093351 0.200566098 2.825237274 -0.004284836 0.999990702 0.000520617 -2.667358875 -0.200562119 -0.001369426 0.979680002 95.593147278
0.976897061 0.004465410 0.213663459 2.970687866 -0.004751812 0.999988317 0.000826880 -2.690568209 -0.213657275 -0.001823065 0.976906955 96.130455017
0.973859727 0.003836624 0.227117583 3.104990005 -0.004192761 0.999990642 0.001085666 -2.709989786 -0.227111280 -0.002009536 0.973866761 96.632598877
0.971278906 0.004037748 0.237909511 3.257061005 -0.004465929 0.999989271 0.001260809 -2.727719069 -0.237901881 -0.002287084 0.971286476 97.161918640
0.968358397 0.004001545 0.249531567 3.412942886 -0.004347105 0.999990284 0.000833762 -2.737489462 -0.249525800 -0.001892121 0.968366265 97.694519043
0.964210808 0.003523334 0.265113384 3.549070358 -0.003948943 0.999991775 0.001072404 -2.757654905 -0.265107423 -0.002080941 0.964216650 98.235473633
0.960775971 0.002977740 0.277309775 3.725454330 -0.003352742 0.999994040 0.000878121 -2.772333622 -0.277305454 -0.001773425 0.960780203 98.760246277
0.957435131 0.002135498 0.288640678 3.891429901 -0.002447153 0.999996781 0.000718887 -2.781547546 -0.288638294 -0.001394636 0.957437158 99.265640259
0.953254104 0.002024812 0.302163005 4.088010788 -0.002522458 0.999996006 0.001256737 -2.802585363 -0.302159220 -0.001960183 0.953255475 99.790466309
0.948885560 0.001828489 0.315615058 4.285488129 -0.002330041 0.999996543 0.001211792 -2.814093113 -0.315611750 -0.001885248 0.948886633 100.298873901
0.944958389 0.001386159 0.327187330 4.480823517 -0.001782373 0.999997914 0.000911138 -2.824906111 -0.327185452 -0.001444157 0.944959044 100.809013367
0.940330863 0.000669265 0.340260535 4.689342499 -0.001097021 0.999998748 0.001064767 -2.842739344 -0.340259463 -0.001374507 0.940330565 101.328170776
0.935172558 0.000877751 0.354190975 4.906517029 -0.001347113 0.999998510 0.001078609 -2.860275984 -0.354189515 -0.001485821 0.935172439 101.817199707
0.930331886 0.000796879 0.366717875 5.120189667 -0.001142718 0.999999046 0.000725977 -2.871378422 -0.366716892 -0.001094455 0.930331945 102.348510742
0.925714433 0.000245687 0.378223300 5.353900909 -0.000264244 1.000000000 -0.000002836 -2.878983021 -0.378223300 -0.000097319 0.925714374 102.859130859
0.919734061 -0.000543058 0.392541707 5.577693939 0.000244664 0.999999583 0.000810187 -2.898294687 -0.392542064 -0.000649116 0.919733822 103.335144043
0.914122105 -0.001607786 0.405435771 5.820728302 0.001524212 0.999998748 0.000528983 -2.909067631 -0.405436069 0.000134415 0.914123416 103.822402954
0.909241855 -0.001605378 0.416265100 6.067405701 0.001519057 0.999998689 0.000538562 -2.924154282 -0.416265458 0.000142647 0.909243107 104.299865723
0.902733505 -0.001534117 0.430197537 6.318721771 0.001103025 0.999998569 0.001251465 -2.952234745 -0.430198848 -0.000655220 0.902733922 104.797821045
0.896420240 -0.002148191 0.443200022 6.591663361 0.001736042 0.999997616 0.001335656 -2.973412991 -0.443201751 -0.000427895 0.896421790 105.257263184
0.890421033 -0.002854635 0.455128878 6.864727020 0.002382472 0.999995887 0.001611016 -2.989729643 -0.455131561 -0.000350151 0.890424132 105.748809814
0.884632051 -0.003313478 0.466278076 7.112796783 0.002767798 0.999994516 0.001855067 -2.999269247 -0.466281593 -0.000350488 0.884636283 106.220916748
0.877161622 -0.003193132 0.480184525 7.398601532 0.002957393 0.999994874 0.001247446 -3.010505676 -0.480186075 0.000325883 0.877166569 106.707672119
0.870245993 -0.003860324 0.492602408 7.691616058 0.004287083 0.999990821 0.000262833 -3.009138107 -0.492598891 0.001883098 0.870254338 107.175247192
