1.000000000 0.000000000 0.000000000 0.000000000 0.000000000 1.000000000 0.000000000 0.000000000 0.000000000 0.000000000 1.000000000 0.000000000
1.000000000 0.000059982 0.000069122 -0.000852394 -0.000059992 1.000000000 0.000139858 -0.000396838 -0.000069114 -0.000139862 1.000000000 -0.000130832
1.000000000 0.000031259 0.000081312 -0.000783826 -0.000031259 1.000000000 0.000004168 0.000385521 -0.000081312 -0.000004171 1.000000000 -0.000194448
1.000000000 0.000061455 0.000042026 -0.000162064 -0.000061454 1.000000000 -0.000030620 -0.000089766 -0.000042028 0.000030618 1.000000000 0.000108515
1.000000000 0.000109655 0.000172422 -0.001230849 -0.000109673 1.000000000 0.000101349 -0.000521996 -0.000172411 -0.000101368 1.000000000 0.000295595
1.000000000 -0.000075737 0.000021258 -0.000238868 0.000075736 1.000000000 0.000050423 -0.000784507 -0.000021262 -0.000050421 1.000000000 -0.000354854
1.000000000 0.000058224 0.000118802 -0.001155194 -0.000058234 1.000000000 0.000082170 -0.000899744 -0.000118797 -0.000082177 1.000000000 -0.001108146
1.000000000 0.000076410 0.000046190 -0.000406442 -0.000076408 1.000000000 -0.000048970 -0.000032247 -0.000046194 0.000048966 1.000000000 0.000050260
1.000000000 0.000083296 0.000148590 -0.000687732 -0.000083301 1.000000000 0.000038662 -0.000863182 -0.000148587 -0.000038674 1.000000000 0.000012434
1.000000000 0.000180838 0.000115960 -0.001375450 -0.000180855 1.000000000 0.000148457 -0.000941718 -0.000115934 -0.000148478 1.000000000 0.000301495
1.000000000 0.000122430 0.000129662 -0.000459805 -0.000122440 1.000000000 0.000076370 -0.000482385 -0.000129653 -0.000076386 1.000000000 0.000878526
1.000000000 0.000106417 0.000109812 -0.000596297 -0.000106423 1.000000000 0.000058732 -0.000975315 -0.000109805 -0.000058744 1.000000000 0.000073846
1.000000000 0.000096237 0.000083371 -0.000577467 -0.000096240 1.000000000 0.000039676 -0.000182354 -0.000083367 -0.000039684 1.000000000 0.000350253
1.000000000 0.000148539 0.000133559 -0.001571020 -0.000148532 1.000000000 -0.000049866 0.000541454 -0.000133566 0.000049846 1.000000000 -0.000024044
1.000000000 0.000117530 0.000094241 -0.000128759 -0.000117534 1.000000000 0.000047524 0.000538019 -0.000094236 -0.000047535 1.000000000 0.001100893
0.999999940 0.000250380 0.000124051 -0.001340954 -0.000250377 0.999999940 -0.000024316 0.000575717 -0.000124057 0.000024285 1.000000000 0.000486602
0.999999940 0.000293875 0.000157721 -0.001594513 -0.000293874 0.999999940 -0.000009339 0.000310741 -0.000157724 0.000009293 1.000000000 0.001410719
0.999999940 0.000180582 0.000167473 -0.001705092 -0.000180582 1.000000000 0.000000918 0.000939355 -0.000167473 -0.000000948 1.000000000 0.001483925
0.999999940 0.000239407 0.000246454 -0.001901126 -0.000239388 0.999999940 -0.000076818 0.001341933 -0.000246472 0.000076759 0.999999940 0.001643872
0.999999940 0.000220869 0.000211010 -0.002154884 -0.000220866 1.000000000 -0.000018140 0.000604613 -0.000211014 0.000018094 1.000000000 0.001865498
0.999999940 0.000270715 0.000116865 -0.001660178 -0.000270708 0.999999940 -0.000057594 0.001138536 -0.000116881 0.000057563 1.000000000 0.001546909
0.999999940 0.000266998 0.000173015 -0.001822968 -0.000266990 0.999999940 -0.000048491 0.001347594 -0.000173028 0.000048445 1.000000000 0.002009156
0.999999940 0.000239609 0.000185695 -0.002090314 -0.000239606 1.000000000 -0.000018410 0.001329557 -0.000185699 0.000018365 1.000000000 0.001387479
0.999999881 0.000395235 0.000186210 -0.002355199 -0.000395232 0.999999940 -0.000016398 0.001482073 -0.000186216 0.000016324 1.000000000 0.002277832
0.999999940 0.000333655 0.000225750 -0.001881911 -0.000333659 0.999999940 0.000017883 0.000629156 -0.000225744 -0.000017958 1.000000000 0.001159190
0.999999940 0.000270223 0.000192624 -0.002045057 -0.000270215 0.999999940 -0.000038854 0.002167937 -0.000192634 0.000038802 1.000000000 0.002315805
0.999999940 0.000291113 0.000155467 -0.001522215 -0.000291123 0.999999940 0.000059448 0.001090915 -0.000155450 -0.000059494 1.000000000 0.001845525
0.999999940 0.000347045 0.000134192 -0.002161789 -0.000347033 0.999999940 -0.000085840 0.002051480 -0.000134222 0.000085794 1.000000000 0.001304284
0.999999940 0.000383491 0.000107109 -0.001695887 -0.000383478 0.999999940 -0.000117339 0.002600368 -0.000107154 0.000117298 1.000000000 0.001501967
0.999999881 0.000446176 0.000233399 -0.001737729 -0.000446170 0.999999881 -0.000024689 0.001458847 -0.000233409 0.000024585 1.000000000 0.002146093
0.999999881 0.000325561 0.000281354 -0.002157421 -0.000325550 0.999999940 -0.000039395 0.001804859 -0.000281366 0.000039303 0.999999940 0.002196777
0.999999940 0.000367287 0.000193803 -0.001592023 -0.000367275 0.999999940 -0.000064336 0.001780469 -0.000193827 0.000064265 1.000000000 0.002633926
0.999999940 0.000350342 0.000181247 -0.001674386 -0.000350339 0.999999940 -0.000017429 0.000519152 -0.000181253 0.000017365 1.000000000 0.000694724
0.999999881 0.000415982 0.000272068 -0.002738125 -0.000415974 0.999999940 -0.000030746 0.001166354 -0.000272081 0.000030633 0.999999940 0.001632280
0.999999881 0.000374632 0.000202634 -0.001398301 -0.000374610 0.999999940 -0.000109593 0.001689639 -0.000202675 0.000109517 1.000000000 0.001491107
0.999999940 0.000280107 0.000198267 -0.001750461 -0.000280094 0.999999940 -0.000065626 0.001461017 -0.000198286 0.000065570 1.000000000 0.002173886
0.999999940 0.000376336 0.000147952 -0.001627871 -0.000376321 0.999999940 -0.000097796 0.002593964 -0.000147989 0.000097741 1.000000000 0.002023038
0.999999881 0.000450879 0.000263236 -0.002526239 -0.000450861 0.999999881 -0.000066073 0.002063187 -0.000263266 0.000065954 0.999999940 0.001843479
0.999999881 0.000410695 0.000212400 -0.001216955 -0.000410685 0.999999940 -0.000049787 0.001897890 -0.000212421 0.000049700 1.000000000 0.001225328
0.999999940 0.000333217 0.000207961 -0.001270582 -0.000333196 0.999999940 -0.000101537 0.001164244 -0.000207995 0.000101468 1.000000000 0.001530231
0.999999821 0.000499359 0.000347035 -0.001743831 -0.000499152 0.999999702 -0.000595339 -0.002275395 -0.000347332 0.000595165 0.999999762 0.048496861
0.999999762 0.000500685 0.000284091 -0.001279122 -0.000500407 0.999999404 -0.000975559 -0.004608460 -0.000284579 0.000975417 0.999999404 0.138687074
0.999999702 0.000767072 -0.000090657 0.002550164 -0.000767180 0.999998987 -0.001197750 -0.010961886 0.000089739 0.001197819 0.999999285 0.243612483
0.999999404 0.001093640 0.000053628 0.005224441 -0.001093574 0.999998748 -0.001212380 -0.013478940 -0.000054954 0.001212321 0.999999285 0.374629080
0.999999583 0.000956750 -0.000107950 0.009310502 -0.000956857 0.999999106 -0.000999044 -0.018489942 0.000106994 0.000999147 0.999999523 0.514859676
0.999999881 0.000413448 0.000330501 0.009253522 -0.000413235 0.999999702 -0.000646419 -0.024554588 -0.000330768 0.000646283 0.999999762 0.667438090
0.999999940 0.000283402 0.000373422 0.014001117 -0.000283311 0.999999881 -0.000242887 -0.028391749 -0.000373490 0.000242781 0.999999940 0.831777334
0.999999881 0.000459928 0.000083644 0.019447036 -0.000459888 0.999999881 -0.000485301 -0.032461736 -0.000083868 0.000485262 0.999999821 1.000120521
0.999999881 0.000524421 0.000144170 0.022059688 -0.000524334 0.999999702 -0.000602732 -0.034359384 -0.000144486 0.000602656 0.999999821 1.178947210
0.999999762 0.000466424 0.000520799 0.025649987 -0.000466370 0.999999881 -0.000103354 -0.044792447 -0.000520848 0.000103111 0.999999821 1.363640428
0.999999702 0.000667629 0.000406571 0.029154891 -0.000667559 0.999999762 -0.000173185 -0.047503553 -0.000406687 0.000172913 0.999999940 1.555815935
0.999999940 0.000145521 0.000380594 0.031479195 -0.000145529 1.000000000 0.000020038 -0.055494357 -0.000380591 -0.000020093 0.999999881 1.750237703
0.999999642 0.000661501 0.000580566 0.034295794 -0.000661707 0.999999702 0.000353694 -0.062574118 -0.000580332 -0.000354078 0.999999762 1.946795106
0.999999940 0.000123032 0.000337971 0.042202894 -0.000123195 0.999999881 0.000482421 -0.071158916 -0.000337911 -0.000482463 0.999999821 2.151592493
0.999999821 0.000140085 0.000413457 0.047105394 -0.000140340 0.999999821 0.000616197 -0.075550422 -0.000413371 -0.000616255 0.999999642 2.374213219
0.999999821 0.000275813 0.000573083 0.050736964 -0.000276067 0.999999881 0.000443646 -0.081954680 -0.000572960 -0.000443804 0.999999762 2.592338562
0.999999583 0.000435945 0.000719966 0.054014981 -0.000436416 0.999999702 0.000653928 -0.090183176 -0.000719681 -0.000654242 0.999999523 2.819747210
0.999999523 0.000370687 0.000768032 0.056937903 -0.000371150 0.999999702 0.000602278 -0.094381504 -0.000767809 -0.000602563 0.999999523 3.057559729
0.999999523 0.000571284 0.000758457 0.062085260 -0.000572111 0.999999225 0.001090254 -0.108071715 -0.000757834 -0.001090687 0.999999106 3.286192656
0.999999225 0.000785079 0.000945220 0.065128990 -0.000786090 0.999999106 0.001070010 -0.115322106 -0.000944379 -0.001070752 0.999998987 3.537046671
0.999999404 0.000733992 0.000849016 0.071123920 -0.000734842 0.999999225 0.001001243 -0.121447556 -0.000848281 -0.001001867 0.999999166 3.790058136
0.999999523 0.000516111 0.000823425 0.079237990 -0.000517030 0.999999166 0.001115804 -0.130398661 -0.000822848 -0.001116229 0.999999046 4.038996220
0.999999344 0.000601305 0.000925019 0.085276097 -0.000602347 0.999999106 0.001127014 -0.135545373 -0.000924341 -0.001127570 0.999998927 4.296710491
0.999999225 0.000758859 0.001015449 0.087692007 -0.000760381 0.999998510 0.001498584 -0.146539524 -0.001014310 -0.001499355 0.999998331 4.552840710
0.999998868 0.000954217 0.001208248 0.092275254 -0.000956174 0.999998271 0.001620306 -0.154295176 -0.001206699 -0.001621460 0.999997973 4.811769962
0.999997556 0.001633880 0.001464667 0.096061192 -0.001636320 0.999997258 0.001666686 -0.159267992 -0.001461940 -0.001669078 0.999997556 5.080255508
0.999997556 0.001239649 0.001837155 0.097182661 -0.001241837 0.999998450 0.001190316 -0.161936879 -0.001835676 -0.001192595 0.999997616 5.326150417
0.999997914 0.001071693 0.001725622 0.103316501 -0.001073961 0.999998569 0.001313507 -0.168787599 -0.001724212 -0.001315357 0.999997675 5.592652798
0.999998093 0.000966217 0.001644351 0.107288659 -0.000968412 0.999998629 0.001334414 -0.177665949 -0.001643059 -0.001336004 0.999997675 5.859658241
0.999997914 0.001019401 0.001742504 0.113196373 -0.001021523 0.999998748 0.001217146 -0.183835059 -0.001741261 -0.001218923 0.999997675 6.134158134
0.999997795 0.001152862 0.001732883 0.119351506 -0.001154689 0.999998748 0.001053707 -0.190148517 -0.001731666 -0.001055706 0.999997914 6.418087006
0.999997377 0.001224591 0.001921185 0.123958893 -0.001227605 0.999998033 0.001568808 -0.205091655 -0.001919259 -0.001571162 0.999996901 6.704211235
0.999997020 0.001276579 0.002060064 0.129667804 -0.001279166 0.999998391 0.001255121 -0.211056262 -0.002058458 -0.001257753 0.999997079 7.006292343
0.999997795 0.000932070 0.001863288 0.136649683 -0.000935165 0.999998152 0.001660839 -0.223489955 -0.001861737 -0.001662578 0.999996841 7.303925991
0.999996185 0.001596505 0.002310121 0.139097735 -0.001600363 0.999997318 0.001668990 -0.237597480 -0.002307450 -0.001672680 0.999995947 7.603338718
0.999995947 0.001614837 0.002357346 0.148368105 -0.001619033 0.999997139 0.001778875 -0.245364189 -0.002354466 -0.001782684 0.999995649 7.908045769
0.999995947 0.001863948 0.002112236 0.161840767 -0.001867715 0.999996603 0.001782536 -0.253308117 -0.002108906 -0.001786474 0.999996185 8.228814125
0.999995410 0.002233527 0.002035635 0.169362426 -0.002236937 0.999996006 0.001674631 -0.260324866 -0.002031886 -0.001679177 0.999996543 8.547976494
0.999996483 0.001778521 0.002024806 0.178699747 -0.001781752 0.999997139 0.001594781 -0.269626409 -0.002021964 -0.001598383 0.999996662 8.885278702
0.999996781 0.001870634 0.001709319 0.188429072 -0.001873561 0.999996722 0.001712319 -0.282222778 -0.001706110 -0.001715516 0.999997079 9.222031593
0.999995410 0.002172079 0.002081878 0.192434669 -0.002176010 0.999995828 0.001887844 -0.297411054 -0.002077769 -0.001892366 0.999996066 9.560355186
0.999996424 0.001650086 0.002080740 0.202576324 -0.001654578 0.999996245 0.002159321 -0.305622965 -0.002077169 -0.002162756 0.999995530 9.902331352
0.999996841 0.001838750 0.001708674 0.205055758 -0.001842198 0.999996245 0.002018841 -0.315659642 -0.001704955 -0.002021982 0.999996424 10.292835236
0.999997318 0.001880420 0.001352819 0.219787329 -0.001883409 0.999995708 0.002211918 -0.326041460 -0.001348654 -0.002214460 0.999996662 10.649124146
0.999997377 0.001709054 0.001473502 0.226673558 -0.001712200 0.999996245 0.002136879 -0.333080530 -0.001469844 -0.002139396 0.999996662 11.019279480
0.999997914 0.001508546 0.001332799 0.238037914 -0.001511615 0.999996185 0.002305360 -0.348136038 -0.001329317 -0.002307370 0.999996424 11.419803619
0.999997139 0.001971115 0.001311945 0.244485468 -0.001974092 0.999995410 0.002271397 -0.355406314 -0.001307462 -0.002273980 0.999996543 11.807858467
0.999996901 0.001920826 0.001584672 0.246618584 -0.001924768 0.999995053 0.002490189 -0.370580792 -0.001579881 -0.002493232 0.999995649 12.200882912
0.999996066 0.002064161 0.001877084 0.257786006 -0.002068812 0.999994695 0.002478847 -0.381664693 -0.001871958 -0.002482720 0.999995172 12.590135574
0.999996603 0.001850478 0.001830244 0.264485806 -0.001855645 0.999994218 0.002825471 -0.393408954 -0.001825005 -0.002828857 0.999994338 12.996684074
0.999996305 0.001938223 0.001915917 0.273817360 -0.001943055 0.999994934 0.002523295 -0.404583424 -0.001911016 -0.002527008 0.999994934 13.403309822
0.999993563 0.002594488 0.002478926 0.281025797 -0.002600763 0.999993443 0.002531501 -0.411328763 -0.002472341 -0.002537932 0.999993742 13.820091248
0.999993801 0.002377326 0.002600758 0.291117042 -0.002384184 0.999993682 0.002636645 -0.421667665 -0.002594474 -0.002642829 0.999993145 14.231937408
0.999992847 0.002501200 0.002831520 0.301829755 -0.002508940 0.999993086 0.002733278 -0.437644273 -0.002824664 -0.002740362 0.999992251 14.650284767
0.999993443 0.002243470 0.002830433 0.312824100 -0.002250598 0.999994278 0.002517666 -0.444736570 -0.002824769 -0.002524020 0.999992847 15.090640068
0.999992371 0.002374528 0.003140582 0.321928680 -0.002384233 0.999992311 0.003090020 -0.462418407 -0.003133221 -0.003097484 0.999990284 15.516414642
0.999990821 0.002051309 0.003758227 0.327503592 -0.002062109 0.999993682 0.002871711 -0.473625153 -0.003752313 -0.002879434 0.999988794 15.952453613
0.999990463 0.002296079 0.003718751 0.342702866 -0.002305803 0.999993920 0.002612833 -0.481719673 -0.003712729 -0.002621382 0.999989688 16.399944305
0.999988854 0.002656173 0.003909840 0.350481302 -0.002664584 0.999994099 0.002147643 -0.489067495 -0.003904113 -0.002158037 0.999990046 16.852478027
0.999987721 0.002536009 0.004254964 0.364961505 -0.002548835 0.999992132 0.003011617 -0.512691140 -0.004247293 -0.003022425 0.999986410 17.284080505
0.999985754 0.002386418 0.004778566 0.373310149 -0.002401517 0.999992073 0.003156268 -0.525040627 -0.004770997 -0.003167698 0.999983609 17.743932724
0.999984860 0.002213414 0.005033661 0.387344122 -0.002226932 0.999993861 0.002681462 -0.534217179 -0.005027695 -0.002692631 0.999983788 18.211999893
0.999982238 0.002709283 0.005310810 0.399971336 -0.002726858 0.999990821 0.003304695 -0.548330307 -0.005301809 -0.003319118 0.999980450 18.683954239
0.999980330 0.002847139 0.005595259 0.414663434 -0.002866144 0.999990106 0.003391663 -0.552856863 -0.005585547 -0.003407632 0.999978662 19.172998428
0.999978065 0.002949999 0.005933149 0.424898267 -0.002965042 0.999992430 0.002528270 -0.569692194 -0.005925645 -0.002545806 0.999979198 19.646022797
0.999977350 0.003229491 0.005919434 0.436768055 -0.003249872 0.999988794 0.003436621 -0.580114603 -0.005908269 -0.003455780 0.999976575 20.139501572
0.999977946 0.003397973 0.005704576 0.453866214 -0.003417194 0.999988496 0.003362973 -0.601122499 -0.005693082 -0.003382393 0.999978006 20.614295959
0.999972880 0.003907477 0.006253259 0.460253507 -0.003922813 0.999989390 0.002442000 -0.608365774 -0.006243651 -0.002466464 0.999977529 21.116292953
0.999985039 0.002148920 0.005027589 0.483206570 -0.002161117 0.999994755 0.002421963 -0.613897085 -0.005022358 -0.002432792 0.999984443 21.615644455
0.999985397 0.002972084 0.004540286 0.493106902 -0.002984212 0.999992013 0.002666749 -0.629370153 -0.004532324 -0.002680259 0.999986112 22.127105713
0.999990106 0.002557785 0.003619732 0.511286497 -0.002567207 0.999993324 0.002600488 -0.644184113 -0.003613056 -0.002609756 0.999990046 22.624551773
0.999989569 0.003028575 0.003402909 0.514112353 -0.003037813 0.999991715 0.002712858 -0.658707559 -0.003394665 -0.002723167 0.999990523 23.139017105
0.999994338 0.002125023 0.002593094 0.526126921 -0.002133330 0.999992609 0.003204655 -0.682417154 -0.002586265 -0.003210169 0.999991417 23.648731232
0.999997795 0.001124445 0.001778910 0.536427736 -0.001129812 0.999994874 0.003019181 -0.697688818 -0.001775506 -0.003021184 0.999993801 24.177886963
0.999997616 0.001533656 0.001550911 0.545994818 -0.001538471 0.999993980 0.003108124 -0.714094162 -0.001546135 -0.003110503 0.999993980 24.699888229
0.999997139 0.002109374 0.001129912 0.553443968 -0.002113217 0.999991953 0.003410208 -0.731548011 -0.001122710 -0.003412585 0.999993563 25.242010117
0.999997675 0.002142497 0.000331867 0.563539803 -0.002143618 0.999991894 0.003413896 -0.742016494 -0.000324551 -0.003414599 0.999994040 25.780878067
0.999996841 0.002516301 0.000167638 0.571392238 -0.002516839 0.999991417 0.003292602 -0.756499052 -0.000159352 -0.003293014 0.999994576 26.336082458
0.999997675 0.002128941 -0.000359844 0.583703876 -0.002127710 0.999992132 0.003383256 -0.764073253 0.000367044 -0.003382483 0.999994218 26.891284943
0.999997199 0.002242298 -0.000750522 0.595629811 -0.002239689 0.999991536 0.003458477 -0.780728996 0.000758271 -0.003456787 0.999993742 27.428146362
0.999995232 0.002924115 -0.000987639 0.598879099 -0.002921005 0.999990821 0.003135338 -0.794703603 0.000996799 -0.003132439 0.999994576 27.972467422
0.999994755 0.002926244 -0.001394178 0.608839869 -0.002921620 0.999990284 0.003307708 -0.807245255 0.001403843 -0.003303617 0.999993563 28.517919540
0.999992728 0.003406758 -0.001714666 0.619277954 -0.003401665 0.999989808 0.002964317 -0.817646563 0.001724747 -0.002958463 0.999994099 29.072799683
0.999993443 0.002773069 -0.002323042 0.624697983 -0.002765697 0.999991179 0.003170424 -0.832595527 0.002331814 -0.003163978 0.999992192 29.619630814
0.999992967 0.002830738 -0.002464177 0.632686079 -0.002823032 0.999991059 0.003125324 -0.843114495 0.002473001 -0.003118346 0.999992073 30.163642883
0.999991298 0.003229750 -0.002646578 0.645542324 -0.003221306 0.999989748 0.003188421 -0.856865287 0.002656848 -0.003179868 0.999991417 30.717605591
0.999991059 0.003137004 -0.002844885 0.659340084 -0.003128027 0.999990106 0.003154504 -0.871343076 0.002854752 -0.003145576 0.999991000 31.267309189
0.999986649 0.004151059 -0.003091365 0.666757584 -0.004141870 0.999986947 0.002972892 -0.880702436 0.003103665 -0.002960047 0.999990821 31.822750092
0.999989331 0.003113807 -0.003409921 0.675438225 -0.003102968 0.999990106 0.003179665 -0.900900483 0.003419787 -0.003169050 0.999989152 32.363613129
0.999985218 0.003474708 -0.004193711 0.685866296 -0.003458890 0.999986827 0.003773038 -0.912341833 0.004206766 -0.003758476 0.999984086 32.943378448
0.999988198 0.002929520 -0.003881740 0.689597368 -0.002916697 0.999990284 0.003304871 -0.930986643 0.003891385 -0.003293510 0.999986947 33.458454132
0.999988079 0.002971005 -0.003873891 0.699805260 -0.002958251 0.999990225 0.003294140 -0.942731321 0.003883640 -0.003282641 0.999987006 34.014259338
0.999983847 0.003560818 -0.004436816 0.704881489 -0.003547615 0.999989212 0.002980173 -0.952757835 0.004447380 -0.002964385 0.999985695 34.556694031
0.999982119 0.003511318 -0.004836992 0.716152966 -0.003494953 0.999988139 0.003387605 -0.976293147 0.004848831 -0.003370639 0.999982536 35.079883575
0.999980271 0.002809902 -0.005616317 0.734852612 -0.002791558 0.999990821 0.003271367 -0.985712290 0.005625458 -0.003255623 0.999978900 35.633396149
0.999981940 0.002460807 -0.005474892 0.745789826 -0.002440042 0.999989808 0.003796180 -1.018429041 0.005484177 -0.003782752 0.999977827 36.210914612
0.999977231 0.003034069 -0.006032258 0.758476496 -0.003017141 0.999991536 0.002813367 -1.001775026 0.006040743 -0.002795103 0.999977827 36.822200775
0.999980211 0.002448110 -0.005799157 0.766345263 -0.002427029 0.999990404 0.003639383 -1.040800929 0.005808011 -0.003625237 0.999976575 37.314605713
0.999979734 0.001849478 -0.006103972 0.782001197 -0.001824647 0.999989986 0.004070918 -1.059024930 0.006111440 -0.004059697 0.999973118 37.850120544
0.999980390 0.002200506 -0.005863655 0.785509646 -0.002177154 0.999989688 0.003985734 -1.072813988 0.005872366 -0.003972890 0.999974847 38.398200989
0.999979377 0.002620007 -0.005858446 0.784947872 -0.002598650 0.999989927 0.003650163 -1.071399331 0.005867952 -0.003634864 0.999976218 38.987892151
0.999979019 0.002114238 -0.006127640 0.802791774 -0.002090241 0.999990106 0.003919767 -1.096885800 0.006135867 -0.003906876 0.999973536 39.499637604
0.999977946 0.002104345 -0.006301291 0.810183942 -0.002082382 0.999991715 0.003489998 -1.107450724 0.006308583 -0.003476799 0.999974072 40.052940369
0.999978602 0.002495617 -0.006049989 0.830101728 -0.002470494 0.999988317 0.004156520 -1.132599354 0.006060291 -0.004141484 0.999973059 40.589523315
0.999979496 0.002400881 -0.005937415 0.839353859 -0.002376259 0.999988556 0.004150530 -1.143290401 0.005947312 -0.004136336 0.999973774 41.144485474
0.999980092 0.002373456 -0.005845472 0.843338549 -0.002351781 0.999990344 0.003712028 -1.155073762 0.005854226 -0.003698207 0.999976039 41.689281464
0.999976814 0.003346945 -0.005944440 0.854598045 -0.003323442 0.999986649 0.003959310 -1.164595604 0.005957611 -0.003939461 0.999974489 42.244209290
0.999976993 0.002298931 -0.006389128 0.871589661 -0.002273051 0.999989212 0.004055109 -1.188540816 0.006398382 -0.004040492 0.999971390 42.766181946
0.999977350 0.002648194 -0.006183603 0.862516642 -0.002626164 0.999990106 0.003567993 -1.191790462 0.006192992 -0.003551673 0.999974430 43.339408875
0.999977469 0.002521413 -0.006217157 0.892390370 -0.002500312 0.999991119 0.003399521 -1.189430833 0.006225674 -0.003383900 0.999974906 43.893310547
0.999980628 0.002874182 -0.005515384 0.874820948 -0.002855845 0.999990404 0.003329775 -1.218186259 0.005524901 -0.003313960 0.999979258 44.428409576
0.999979258 0.003382650 -0.005470867 0.881458044 -0.003365899 0.999989688 0.003068278 -1.232250690 0.005481190 -0.003049800 0.999980390 44.973220825
0.999979198 0.003248687 -0.005567170 0.890478015 -0.003232300 0.999990404 0.002950184 -1.240350008 0.005576701 -0.002932128 0.999980152 45.532032013
0.999978542 0.003824855 -0.005326072 0.899409473 -0.003810829 0.999989271 0.002640896 -1.251662731 0.005336115 -0.002620543 0.999982357 46.066680908
0.999980927 0.003403582 -0.005153812 0.904544115 -0.003390583 0.999991059 0.002528669 -1.265730619 0.005162373 -0.002511146 0.999983549 46.598842621
0.999981284 0.003490353 -0.005025647 0.915377557 -0.003476371 0.999989986 0.002788157 -1.276365519 0.005035328 -0.002770634 0.999983490 47.148197174
0.999979556 0.003637268 -0.005252036 0.923645020 -0.003622491 0.999989450 0.002820217 -1.294234157 0.005262238 -0.002801134 0.999982238 47.682212830
0.999980509 0.003544783 -0.005134917 0.933713078 -0.003531511 0.999990404 0.002591527 -1.308626771 0.005144056 -0.002573344 0.999983430 48.226631165
0.999979496 0.003757987 -0.005184788 0.942935705 -0.003744356 0.999989510 0.002636287 -1.321203828 0.005194639 -0.002616819 0.999983013 48.761672974
0.999980569 0.003977939 -0.004793341 0.951333761 -0.003965005 0.999988496 0.002704800 -1.332719684 0.004804045 -0.002685742 0.999984860 49.312553406
0.999980211 0.004570344 -0.004318831 0.957983851 -0.004560376 0.999986947 0.002315606 -1.347973108 0.004329356 -0.002295865 0.999988019 49.852931976
0.999976575 0.004885981 -0.004778870 0.966302633 -0.004874614 0.999985218 0.002387441 -1.362038136 0.004790465 -0.002364090 0.999985754 50.385395050
0.999975264 0.004912226 -0.005036937 0.977475882 -0.004900126 0.999985099 0.002411359 -1.378652573 0.005048708 -0.002386618 0.999984324 50.924232483
0.999979198 0.004588378 -0.004535787 0.986586690 -0.004576290 0.999985874 0.002671679 -1.392831922 0.004547981 -0.002650866 0.999986172 51.474594116
0.999975145 0.005371264 -0.004570428 0.991322637 -0.005359014 0.999981999 0.002688482 -1.405828595 0.004584787 -0.002663922 0.999985874 52.013069153
0.999974787 0.005437044 -0.004563579 1.001833081 -0.005425525 0.999981999 0.002532759 -1.422296166 0.004577267 -0.002507936 0.999986351 52.540664673
0.999975443 0.005351988 -0.004526465 1.006469846 -0.005339856 0.999982059 0.002688036 -1.435704112 0.004540771 -0.002663799 0.999986172 53.097404480
0.999978185 0.005044190 -0.004290818 1.014230847 -0.005034220 0.999984622 0.002331286 -1.446936250 0.004302511 -0.002309634 0.999988079 53.650741577
0.999974847 0.005705377 -0.004213623 1.023336768 -0.005696519 0.999981523 0.002110692 -1.462253690 0.004225588 -0.002086637 0.999988854 54.201450348
0.999976516 0.005713942 -0.003786077 1.025054336 -0.005707340 0.999982178 0.001752885 -1.471950650 0.003796026 -0.001731235 0.999991298 54.750816345
0.999976158 0.005499972 -0.004164281 1.036385298 -0.005493461 0.999983668 0.001573406 -1.485812664 0.004172866 -0.001550492 0.999990046 55.300781250
0.999975264 0.005747594 -0.004051615 1.050785184 -0.005741136 0.999982178 0.001604090 -1.497455597 0.004060763 -0.001580790 0.999990523 55.853702545
0.999974370 0.006048656 -0.003860958 1.053968072 -0.006042477 0.999980450 0.001610237 -1.508911610 0.003870622 -0.001586865 0.999991238 56.400024414
0.999971271 0.006637207 -0.003658932 1.069269061 -0.006629726 0.999975860 0.002052810 -1.528034806 0.003672468 -0.002028493 0.999991179 56.928810120
0.999972939 0.006550857 -0.003337624 1.075926185 -0.006545134 0.999977112 0.001722602 -1.537823200 0.003348832 -0.001700710 0.999992967 57.480064392
0.999971032 0.006607460 -0.003782623 1.089737415 -0.006600538 0.999976575 0.001839711 -1.557153463 0.003794690 -0.001814690 0.999991179 58.026309967
0.999974549 0.006435353 -0.003112374 1.100966692 -0.006429395 0.999977469 0.001920450 -1.569368482 0.003124663 -0.001900391 0.999993324 58.570655823
0.999972701 0.006671055 -0.003180301 1.103852272 -0.006665417 0.999976218 0.001779653 -1.580326557 0.003192097 -0.001758406 0.999993324 59.128498077
0.999974489 0.006309564 -0.003325783 1.119213104 -0.006303578 0.999978423 0.001807050 -1.598802209 0.003337114 -0.001786040 0.999992788 59.662914276
0.999972224 0.006630769 -0.003403012 1.129227877 -0.006626374 0.999977171 0.001300720 -1.610219479 0.003411558 -0.001278134 0.999993324 60.205596924
0.999973178 0.006189425 -0.003926219 1.141978979 -0.006183209 0.999979556 0.001593846 -1.625323534 0.003936003 -0.001569527 0.999991000 60.757537842
0.999971092 0.006722417 -0.003582710 1.154067993 -0.006716386 0.999976039 0.001693174 -1.638788223 0.003594006 -0.001669062 0.999992132 61.302223206
0.999974191 0.006223124 -0.003580158 1.167833447 -0.006217558 0.999979436 0.001563445 -1.647251725 0.003589814 -0.001541144 0.999992371 61.841777802
0.999974310 0.006246635 -0.003511934 1.173833489 -0.006242452 0.999979794 0.001200509 -1.656706572 0.003519362 -0.001178555 0.999993086 62.376892090
0.999973059 0.006594863 -0.003226187 1.179346919 -0.006591283 0.999977648 0.001118834 -1.668555021 0.003233493 -0.001097540 0.999994159 62.905548096
0.999975502 0.006263150 -0.003128445 1.188174009 -0.006259248 0.999979556 0.001255927 -1.675156832 0.003136248 -0.001236314 0.999994338 63.441555023
0.999970675 0.007083268 -0.002917637 1.194180846 -0.007081223 0.999974668 0.000710970 -1.688544869 0.002922599 -0.000690289 0.999995470 63.967575073
0.999967158 0.007591834 -0.002836128 1.203420162 -0.007589108 0.999970734 0.000970353 -1.703005075 0.002843411 -0.000948797 0.999995470 64.497367859
0.999970198 0.007202606 -0.002771719 1.210340619 -0.007200679 0.999973834 0.000704785 -1.710150242 0.002776722 -0.000684806 0.999995887 65.039329529
0.999972343 0.006916031 -0.002770350 1.229822636 -0.006914313 0.999975920 0.000629740 -1.723767161 0.002774638 -0.000610568 0.999995887 65.567581177
0.999972880 0.006908563 -0.002541129 1.238753796 -0.006907003 0.999975979 0.000621846 -1.735806465 0.002545364 -0.000604278 0.999996603 66.107521057
0.999974012 0.006706141 -0.002641869 1.250081778 -0.006704691 0.999977350 0.000557728 -1.748896003 0.002645549 -0.000540000 0.999996364 66.644332886
0.999972343 0.007008702 -0.002491444 1.260222316 -0.007008358 0.999975443 0.000146234 -1.757704616 0.002492407 -0.000128769 0.999996901 67.185348511
0.999972522 0.006782130 -0.002970105 1.278883457 -0.006781377 0.999976933 0.000263704 -1.770618558 0.002971824 -0.000243555 0.999995530 67.728889465
0.999972224 0.006883379 -0.002856441 1.292773843 -0.006883920 0.999976218 -0.000180653 -1.783948898 0.002855129 0.000200311 0.999995887 68.266807556
0.999970615 0.006834054 -0.003481088 1.323093653 -0.006833504 0.999976635 0.000170416 -1.814212203 0.003482172 -0.000146623 0.999993861 68.799598694
0.999972343 0.006335208 -0.003894023 1.337815762 -0.006332778 0.999979734 0.000636684 -1.833815336 0.003897977 -0.000612007 0.999992132 69.323860168
0.999974489 0.005971589 -0.003933029 1.348164082 -0.005969779 0.999982119 0.000471759 -1.847437859 0.003935774 -0.000448267 0.999992132 69.877845764
0.999975801 0.004669552 -0.005148513 1.400886178 -0.004674597 0.999988556 -0.000968357 -1.834977269 0.005143932 0.000992401 0.999986291 70.411804199
0.999977589 0.004605115 -0.004846649 1.408779740 -0.004612502 0.999988258 -0.001514094 -1.848258018 0.004839620 0.001536415 0.999987125 70.966690063
0.999979436 0.004383912 -0.004707803 1.402718902 -0.004384122 0.999990404 -0.000034402 -1.896016359 0.004707608 0.000055041 0.999988914 71.440002441
0.999979019 0.004170849 -0.004942223 1.413520098 -0.004169609 0.999991298 0.000261417 -1.917273045 0.004943272 -0.000240804 0.999987781 71.973159790
0.999978602 0.004618655 -0.004613154 1.420121670 -0.004619042 0.999989331 -0.000073107 -1.929011583 0.004612767 0.000094414 0.999989390 72.538894653
0.999977112 0.004644724 -0.004917884 1.425041676 -0.004642425 0.999989033 0.000478961 -1.953121543 0.004920056 -0.000456119 0.999987781 73.017051697
0.999976635 0.004793090 -0.004894064 1.431479216 -0.004791693 0.999988437 0.000297085 -1.967422962 0.004895433 -0.000273627 0.999987900 73.542816162
0.999976814 0.004793818 -0.004840571 1.442230225 -0.004793652 0.999988496 0.000045677 -1.982782841 0.004840734 -0.000022472 0.999988258 74.063873291
0.999976277 0.005040839 -0.004687827 1.449369907 -0.005038765 0.999987125 0.000454152 -1.997675776 0.004690054 -0.000430521 0.999988914 74.594711304
0.999976635 0.004915058 -0.004749562 1.459343672 -0.004914484 0.999988019 0.000132675 -2.012755394 0.004750155 -0.000109330 0.999988735 75.128723145
0.999976873 0.004685330 -0.004928640 1.471013904 -0.004685090 0.999989033 0.000060251 -2.030976057 0.004928868 -0.000037159 0.999987841 75.653572083
0.999977052 0.004854417 -0.004718849 1.474252582 -0.004854621 0.999988139 -0.000032000 -2.046868563 0.004718639 0.000054907 0.999988854 76.177268982
0.999978125 0.004635036 -0.004724763 1.484785080 -0.004636753 0.999989212 -0.000352522 -2.061197519 0.004723080 0.000374422 0.999988794 76.727142334
0.999975622 0.005171122 -0.004691844 1.492098212 -0.005172346 0.999986589 -0.000248765 -2.079283476 0.004690496 0.000273027 0.999988973 77.261459351
0.999977827 0.004705061 -0.004711579 1.489771128 -0.004705348 0.999988914 -0.000050032 -2.094827175 0.004711291 0.000072201 0.999988914 77.791084290
0.999980748 0.003899482 -0.004829756 1.505381584 -0.003901160 0.999992311 -0.000338087 -2.110679865 0.004828401 0.000356922 0.999988258 78.329139709
0.999981105 0.004135662 -0.004547829 1.511021852 -0.004135271 0.999991417 0.000095163 -2.129364252 0.004548186 -0.000076355 0.999989629 78.865951538
0.999976695 0.005079366 -0.004547101 1.523609638 -0.005081076 0.999987006 -0.000364329 -2.146674871 0.004545193 0.000387424 0.999989569 79.402587891
0.999979496 0.004471459 -0.004579481 1.534893751 -0.004472923 0.999989927 -0.000309260 -2.168567181 0.004578054 0.000329738 0.999989450 79.940963745
0.999983191 0.004530402 -0.003616731 1.542074561 -0.004529981 0.999989748 0.000124460 -2.188189268 0.003617257 -0.000108074 0.999993443 80.486007690
0.999991119 0.003769649 -0.001880787 1.547661424 -0.003769303 0.999992907 0.000187912 -2.204931736 0.001881482 -0.000180821 0.999998212 81.038223267
0.999990344 0.004074049 -0.001640187 1.564572334 -0.004074816 0.999991596 -0.000464613 -2.216441154 0.001638281 0.000471292 0.999998569 81.608772278
0.999991894 0.004015951 -0.000159813 1.556671619 -0.004016068 0.999991655 -0.000737763 -2.225122452 0.000156849 0.000738399 0.999999702 82.157424927
0.999979436 0.005092793 0.003890370 1.561445951 -0.005089863 0.999986768 -0.000762430 -2.246635437 -0.003894201 0.000742613 0.999992132 82.698486328
0.999958336 0.005196448 0.007496333 1.577272892 -0.005191797 0.999986291 -0.000639727 -2.261734247 -0.007499556 0.000600781 0.999971688 83.248435974
0.999930739 0.004745177 0.010769871 1.599833012 -0.004736530 0.999988377 -0.000828433 -2.279787302 -0.010773677 0.000777364 0.999941647 83.781898499
0.999872267 0.005207897 0.015106545 1.616643429 -0.005196589 0.999986172 -0.000787727 -2.295393467 -0.015110441 0.000709124 0.999885499 84.339782715
0.999765098 0.005234181 0.021031769 1.643954992 -0.005219422 0.999986112 -0.000756595 -2.312696695 -0.021035435 0.000646644 0.999778450 84.883369446
0.999626517 0.005115251 0.026845125 1.674192429 -0.005090603 0.999986470 -0.000986402 -2.326598883 -0.026849806 0.000849376 0.999639094 85.426704407
0.999431551 0.005206490 0.033306677 1.704278708 -0.005163003 0.999985695 -0.001391542 -2.338929415 -0.033313442 0.001218788 0.999444187 85.972694397
0.999130011 0.005029001 0.041400317 1.742148638 -0.004986989 0.999986947 -0.001117957 -2.357640743 -0.041405398 0.000910521 0.999141991 86.529815674
0.998754442 0.005031506 0.049640741 1.789863110 -0.004975559 0.999986827 -0.001250547 -2.374974728 -0.049646381 0.001001998 0.998766303 87.071212769
0.998379052 0.004576555 0.056729782 1.834491968 -0.004509335 0.999988973 -0.001312855 -2.388581991 -0.056735169 0.001054913 0.998388708 87.627212524
0.997811675 0.004783492 0.065944694 1.887143135 -0.004682106 0.999987543 -0.001691913 -2.399970293 -0.065951981 0.001379451 0.997821867 88.186378479
0.997111440 0.004102293 0.075841255 1.952856064 -0.003964908 0.999990165 -0.001961965 -2.422902107 -0.075848565 0.001655595 0.997117996 88.709091187
0.996412337 0.004103037 0.084531218 2.019194603 -0.003971294 0.999990642 -0.001726593 -2.434048176 -0.084537484 0.001384700 0.996419311 89.244209290
0.995721281 0.004073668 0.092318602 2.077543259 -0.003857154 0.999989331 -0.002523601 -2.452735901 -0.092327900 0.002156715 0.995726287 89.788078308
0.994791567 0.003309818 0.101876050 2.157489300 -0.003029336 0.999991179 -0.002907759 -2.464965820 -0.101884760 0.002583998 0.994792819 90.324783325
0.993608534 0.003637992 0.112822309 2.232450962 -0.003413757 0.999991715 -0.002180636 -2.494135141 -0.112829328 0.001781551 0.993612707 90.868995667
0.992500603 0.002752821 0.122209512 2.322670937 -0.002425256 0.999993026 -0.002829026 -2.507772446 -0.122216471 0.002511420 0.992500305 91.435630798
0.990930617 0.003908644 0.134317622 2.410262108 -0.003593234 0.999990165 -0.002590575 -2.525448799 -0.134326398 0.002084445 0.990934968 92.012435913
0.989185333 0.003041943 0.146639407 2.512695312 -0.002723354 0.999993503 -0.002373307 -2.549849749 -0.146645680 0.001948290 0.989187121 92.547294617
0.987551868 0.002154269 0.157278925 2.622573853 -0.001699904 0.999993980 -0.003023375 -2.562347412 -0.157284498 0.002718381 0.987549603 93.092338562
0.985729992 0.003114559 0.168304935 2.731859207 -0.002699580 0.999992669 -0.002694386 -2.584369421 -0.168312088 0.002201584 0.985731304 93.674575806
0.983475506 0.002184385 0.181027561 2.850019455 -0.001615880 0.999993324 -0.003287847 -2.592737198 -0.181033552 0.002940998 0.983472466 94.161384583
0.981088758 0.002447524 0.193542734 2.983226776 -0.002050366 0.999995291 -0.002252333 -2.623791218 -0.193547323 0.001812905 0.981089234 94.773834229
0.978959918 0.002807566 0.204033017 3.109386444 -0.002464071 0.999995053 -0.001937557 -2.641875505 -0.204037413 0.001394039 0.978962064 95.311103821
0.976297081 0.002126939 0.216424242 3.260740280 -0.001656038 0.999995828 -0.002357157 -2.660649776 -0.216428339 0.001942879 0.976296544 95.847579956
0.973284841 0.001464648 0.229596630 3.405616760 -0.000972663 0.999996960 -0.002255983 -2.677107811 -0.229599237 0.001972394 0.973283291 96.358276367
0.970654607 0.000520556 0.240477204 3.564580917 0.000222561 0.999995291 -0.003063002 -2.684872150 -0.240477681 0.003026638 0.970649898 96.901847839
0.967719734 0.000563856 0.252028286 3.721277237 0.000057678 0.999996901 -0.002458730 -2.717288017 -0.252028912 0.002393898 0.967716753 97.459266663
0.964091063 0.001018725 0.265569717 3.887367249 -0.000482984 0.999997675 -0.002082623 -2.733211040 -0.265571147 0.001879573 0.964089394 97.985328674
0.960533917 0.000063202 0.278162986 4.060543060 0.000584871 0.999997258 -0.002246851 -2.755903721 -0.278162330 0.002320866 0.960531294 98.509887695
0.956995487 -0.000035155 0.290102810 4.241882324 0.000884748 0.999995708 -0.002797441 -2.765718937 -0.290101439 0.002933807 0.956991315 99.086578369
0.952551246 0.000485114 0.304377615 4.425672531 0.000267850 0.999997020 -0.002432023 -2.782187223 -0.304377884 0.002398154 0.952548265 99.640518188
0.948139310 -0.001859363 0.317849547 4.632318497 0.002890240 0.999991953 -0.002771757 -2.799073219 -0.317841917 0.003546674 0.948137105 100.159851074
0.944092512 -0.001772754 0.329676062 4.838026047 0.002935460 0.999991059 -0.003029058 -2.812003851 -0.329667747 0.003827462 0.944089293 100.678314209
0.939627409 -0.002596284 0.342189223 5.040771484 0.003899739 0.999987543 -0.003121228 -2.825885057 -0.342176855 0.004267240 0.939625800 101.164566040
0.934405208 -0.003101367 0.356198281 5.253692627 0.004443835 0.999985754 -0.002950662 -2.844515085 -0.356184095 0.004340001 0.934405744 101.666503906
0.929610670 -0.003765844 0.368523866 5.476654053 0.005240866 0.999981821 -0.003001678 -2.862419844 -0.368505836 0.004721776 0.929613411 102.147560120
0.925350428 -0.004561474 0.379085302 5.709379196 0.005839176 0.999980509 -0.002220870 -2.899330139 -0.379067808 0.004268629 0.925359070 102.602378845
0.918980837 -0.004088705 0.394281030 5.951087952 0.005505653 0.999981821 -0.002462604 -2.909622908 -0.394263774 0.004433861 0.918986559 103.140647888
0.912953436 -0.003861735 0.408045471 6.160797119 0.005505144 0.999980807 -0.002853307 -2.923344612 -0.408026516 0.004851286 0.912957191 103.716720581
0.908296108 -0.004862964 0.418299586 6.440883636 0.006482246 0.999975920 -0.002450280 -2.944725990 -0.418277681 0.004937100 0.908305824 104.103233337
0.902603507 -0.005610530 0.430436313 6.699958801 0.007334029 0.999970257 -0.002344962 -2.958408356 -0.430410415 0.005273404 0.902617872 104.588294983
0.896040559 -0.005785524 0.443934530 6.970443726 0.007527050 0.999969363 -0.002160668 -2.976791382 -0.443908423 0.005277563 0.896056592 105.085533142
0.890135169 -0.005932195 0.455658078 7.247673035 0.007909239 0.999965847 -0.002432306 -2.987423420 -0.455628067 0.005768989 0.890151620 105.568542480
0.884271026 -0.007001571 0.466921508 7.512832642 0.008730622 0.999960721 -0.001539746 -3.016185284 -0.466892451 0.005438068 0.884297431 106.014999390
0.876886904 -0.006991609 0.480645895 7.795078278 0.008712681 0.999961138 -0.001349640 -3.032815218 -0.480617762 0.005371195 0.876913726 106.483200073
0.869730175 -0.007347969 0.493472874 8.082649231 0.009222713 0.999956548 -0.001365065 -3.047720671 -0.493441343 0.005738398 0.869760275 106.946334839
