1.000000000 0.000000000 0.000000000 0.000000000 0.000000000 1.000000000 0.000000000 0.000000000 0.000000000 0.000000000 1.000000000 0.000000000
0.999999940 -0.000306021 0.000010293 0.000614450 0.000306021 0.999999940 0.000008921 0.000187185 -0.000010296 -0.000008918 1.000000000 0.000472401
1.000000000 -0.000069339 0.000208653 -0.001243007 0.000069313 1.000000000 0.000125729 -0.000138987 -0.000208662 -0.000125714 1.000000000 0.001121632
1.000000000 0.000063938 0.000013087 -0.000080420 -0.000063939 1.000000000 0.000133038 -0.000526169 -0.000013078 -0.000133039 1.000000000 0.000023241
1.000000000 0.000040466 0.000176033 -0.001312481 -0.000040474 1.000000000 0.000045266 0.000539615 -0.000176031 -0.000045273 1.000000000 0.000920088
1.000000000 -0.000176419 0.000070984 -0.000788314 0.000176414 1.000000000 0.000064597 0.000061790 -0.000070996 -0.000064584 1.000000000 -0.001393593
0.999999940 -0.000206420 0.000263093 -0.002326296 0.000206426 1.000000000 -0.000023957 0.000837027 -0.000263088 0.000024011 0.999999940 0.000286364
0.999999940 -0.000263615 0.000162238 0.000040120 0.000263609 0.999999940 0.000034473 0.000768265 -0.000162247 -0.000034431 1.000000000 0.001389088
0.999999940 -0.000175124 0.000203643 -0.000849161 0.000175123 1.000000000 0.000005450 0.000846939 -0.000203644 -0.000005414 1.000000000 0.001753638
0.999999940 0.000069480 0.000238437 -0.001221951 -0.000069471 1.000000000 -0.000037514 0.000417494 -0.000238440 0.000037498 1.000000000 -0.000443529
1.000000000 -0.000012922 0.000145614 -0.000405271 0.000012924 1.000000000 -0.000014968 0.001210998 -0.000145614 0.000014970 1.000000000 0.001588396
1.000000000 0.000061586 0.000019893 0.000267938 -0.000061587 1.000000000 0.000050856 0.000195278 -0.000019890 -0.000050857 1.000000000 0.000389415
1.000000000 -0.000025575 0.000086786 -0.000275158 0.000025580 1.000000000 -0.000057038 0.001911712 -0.000086784 0.000057040 1.000000000 0.002705669
1.000000000 -0.000101857 0.000104784 -0.001017410 0.000101860 1.000000000 -0.000027097 0.001359525 -0.000104782 0.000027108 1.000000000 0.000834762
1.000000000 0.000051235 0.000205896 -0.001164248 -0.000051236 1.000000000 0.000005024 0.000596324 -0.000205896 -0.000005035 1.000000000 0.000213313
1.000000000 -0.000099564 0.000003665 0.000757679 0.000099563 1.000000000 0.000200159 -0.000392315 -0.000003685 -0.000200159 1.000000000 0.000066889
0.999999940 -0.000370111 0.000013346 0.000016722 0.000370108 0.999999881 0.000237010 -0.000834259 -0.000013434 -0.000237005 1.000000000 -0.001180465
1.000000000 -0.000213677 0.000089354 -0.000255289 0.000213666 0.999999940 0.000126650 0.000710235 -0.000089381 -0.000126631 1.000000000 0.001748932
1.000000000 -0.000044782 0.000203489 -0.000997618 0.000044772 1.000000000 0.000045882 0.001044091 -0.000203491 -0.000045873 1.000000000 0.001213424
0.999999940 0.000337256 0.000105653 -0.001325793 -0.000337279 0.999999940 0.000215857 0.000035153 -0.000105580 -0.000215892 1.000000000 0.000640542
1.000000000 -0.000115342 0.000099979 -0.000292544 0.000115320 0.999999940 0.000221298 0.000415646 -0.000100005 -0.000221287 1.000000000 0.001235015
1.000000000 0.000036625 0.000149030 -0.001303621 -0.000036643 1.000000000 0.000116904 0.001454175 -0.000149026 -0.000116909 1.000000000 0.003705437
0.999999940 -0.000302164 0.000125991 -0.000173052 0.000302156 0.999999940 0.000064905 0.001289810 -0.000126011 -0.000064867 1.000000000 0.002511700
0.999999940 -0.000213188 0.000120774 0.000114829 0.000213199 1.000000000 -0.000088978 0.002042253 -0.000120755 0.000089004 1.000000000 0.002531347
1.000000000 0.000046878 0.000138373 -0.000746203 -0.000046869 1.000000000 -0.000070103 0.001857113 -0.000138376 0.000070096 1.000000000 0.001021323
0.999999940 -0.000320834 0.000102879 0.000769511 0.000320824 0.999999940 0.000096727 0.001702026 -0.000102910 -0.000096694 1.000000000 0.002682335
1.000000000 -0.000230477 0.000075251 -0.000697896 0.000230479 1.000000000 -0.000029195 0.000931999 -0.000075244 0.000029212 1.000000000 -0.001116394
1.000000000 -0.000205343 0.000122409 -0.000570160 0.000205340 1.000000000 0.000020312 0.001846959 -0.000122414 -0.000020286 1.000000000 0.002761151
0.999999940 0.000215239 0.000263370 -0.002473998 -0.000215272 0.999999940 0.000125767 0.001097212 -0.000263343 -0.000125824 0.999999940 0.002109573
1.000000000 0.000018001 0.000089179 -0.000930761 -0.000018019 1.000000000 0.000202642 0.000213523 -0.000089176 -0.000202643 1.000000000 0.000778415
1.000000000 -0.000094505 0.000103715 -0.000926277 0.000094491 1.000000000 0.000129873 0.000377119 -0.000103727 -0.000129863 1.000000000 0.000245996
1.000000000 -0.000242394 0.000002352 0.000758699 0.000242393 0.999999940 0.000131460 0.001010236 -0.000002384 -0.000131459 1.000000000 0.001447455
1.000000000 -0.000027846 0.000172726 -0.001715537 0.000027844 1.000000000 0.000007657 0.001216313 -0.000172727 -0.000007653 1.000000000 0.000699985
1.000000000 -0.000111388 0.000181877 -0.001346472 0.000111380 1.000000000 0.000045291 0.001344815 -0.000181882 -0.000045271 1.000000000 0.001098569
1.000000000 -0.000199155 0.000132245 -0.000396510 0.000199151 1.000000000 0.000031948 0.000664297 -0.000132252 -0.000031922 1.000000000 -0.000225383
1.000000000 0.000001993 0.000100640 -0.000398871 -0.000001985 1.000000000 -0.000079701 0.002789857 -0.000100640 0.000079701 1.000000000 0.003529417
0.999999940 -0.000277843 0.000148017 -0.000236368 0.000277846 0.999999940 -0.000020636 0.001976254 -0.000148011 0.000020677 1.000000000 0.000745336
1.000000000 -0.000073442 0.000115456 -0.001182244 0.000073421 1.000000000 0.000176855 0.000796783 -0.000115469 -0.000176846 1.000000000 0.002061430
1.000000000 -0.000030018 0.000117766 -0.000465525 0.000030002 1.000000000 0.000134370 0.000498537 -0.000117770 -0.000134367 1.000000000 0.000028148
1.000000000 -0.000092410 0.000112274 -0.000010601 0.000092405 1.000000000 0.000040996 0.001002459 -0.000112278 -0.000040986 1.000000000 0.000977371
0.999999940 -0.000075062 0.000250981 -0.001217817 0.000075101 1.000000000 -0.000153561 0.002223081 -0.000250969 0.000153580 0.999999940 0.003028055
1.000000000 0.000035327 0.000172783 0.000458800 -0.000035226 0.999999821 -0.000582327 -0.001490723 -0.000172804 0.000582321 0.999999821 0.052339215
1.000000000 -0.000198110 0.000069546 0.001642258 0.000198189 0.999999344 -0.001142620 -0.002657125 -0.000069320 0.001142634 0.999999344 0.141244143
0.999999940 0.000265159 -0.000054879 0.003579267 -0.000265240 0.999998868 -0.001479543 -0.004628314 0.000054486 0.001479557 0.999998927 0.259277761
0.999999702 -0.000699652 -0.000308653 0.009620355 0.000699354 0.999999285 -0.000965985 -0.013408527 0.000309329 0.000965769 0.999999464 0.385136783
0.999999940 -0.000339519 -0.000007276 0.008275408 0.000339510 0.999999285 -0.001132974 -0.016179733 0.000007660 0.001132971 0.999999344 0.526900172
0.999999940 -0.000094793 -0.000233861 0.012599271 0.000094509 0.999999285 -0.001214899 -0.018778268 0.000233976 0.001214877 0.999999225 0.680532277
0.999999762 -0.000727005 -0.000015786 0.020614149 0.000726994 0.999999464 -0.000729500 -0.024635101 0.000016316 0.000729488 0.999999762 0.839115977
0.999999821 -0.000566201 -0.000134800 0.022311687 0.000566086 0.999999464 -0.000852409 -0.026269717 0.000135283 0.000852332 0.999999642 1.012955427
1.000000000 0.000175137 -0.000068416 0.019382829 -0.000175186 0.999999762 -0.000706272 -0.031722900 0.000068292 0.000706284 0.999999762 1.185523391
0.999999762 0.000493158 0.000469273 0.018694209 -0.000492873 0.999999702 -0.000607551 -0.031995561 -0.000469572 0.000607320 0.999999702 1.375985742
0.999999821 0.000262287 0.000543940 0.022321358 -0.000261858 0.999999642 -0.000788064 -0.032413229 -0.000544147 0.000787922 0.999999523 1.562628031
0.999999940 0.000373127 0.000100434 0.035719816 -0.000373115 0.999999940 -0.000124305 -0.047896501 -0.000100480 0.000124267 1.000000000 1.780492544
0.999999702 -0.000444230 -0.000576660 0.050624218 0.000444499 0.999999821 0.000466198 -0.068839036 0.000576453 -0.000466454 0.999999702 1.889315367
0.999999821 -0.000622852 -0.000284966 0.050684098 0.000623068 0.999999642 0.000758473 -0.076909207 0.000284494 -0.000758651 0.999999642 2.094272614
1.000000000 0.000088308 0.000173453 0.051817149 -0.000088339 1.000000000 0.000180252 -0.076881520 -0.000173437 -0.000180267 0.999999940 2.324507236
0.999999762 -0.000650358 -0.000077830 0.060288422 0.000650378 0.999999702 0.000255101 -0.084644057 0.000077664 -0.000255152 0.999999940 2.546807051
0.999999762 -0.000668697 -0.000234622 0.065595664 0.000668828 0.999999702 0.000557116 -0.093184575 0.000234249 -0.000557273 0.999999762 2.774062634
0.999999940 -0.000370800 0.000017503 0.064969696 0.000370797 1.000000000 0.000132952 -0.096202135 -0.000017552 -0.000132945 0.999999940 3.005845070
0.999998868 -0.001449020 -0.000422243 0.080176897 0.001449092 0.999998868 0.000169588 -0.105210274 0.000421997 -0.000170199 0.999999821 3.244410515
0.999999940 -0.000307438 0.000159105 0.073230706 0.000307284 0.999999464 0.000964943 -0.120321073 -0.000159401 -0.000964894 0.999999523 3.469820976
0.999999762 -0.000651908 0.000203867 0.077536650 0.000651716 0.999999285 0.000940025 -0.121562652 -0.000204480 -0.000939892 0.999999523 3.728972912
0.999999464 -0.000931183 0.000416716 0.079639524 0.000930864 0.999999225 0.000762795 -0.130243436 -0.000417426 -0.000762407 0.999999642 3.983521938
0.999999821 -0.000385009 0.000412630 0.086660221 0.000384299 0.999998450 0.001720680 -0.144489110 -0.000413292 -0.001720522 0.999998391 4.232193947
0.999999642 -0.000867752 -0.000114585 0.098811336 0.000867870 0.999999106 0.001034542 -0.142090470 0.000113687 -0.001034641 0.999999464 4.449788570
0.999999285 -0.001153739 0.000022778 0.106826589 0.001153716 0.999998868 0.000999936 -0.148365423 -0.000023931 -0.000999909 0.999999523 4.705994129
0.999999821 -0.000694918 -0.000062066 0.114009008 0.000694986 0.999999225 0.001094080 -0.154256120 0.000061305 -0.001094123 0.999999404 4.961794376
0.999999821 -0.000687167 0.000152772 0.115867496 0.000687034 0.999999464 0.000865588 -0.161006361 -0.000153366 -0.000865483 0.999999642 5.222959995
0.999999821 -0.000608052 0.000102554 0.118955269 0.000607927 0.999999106 0.001215666 -0.177248657 -0.000103293 -0.001215603 0.999999285 5.491056442
0.999999046 -0.001345225 -0.000067702 0.125372648 0.001345334 0.999997735 0.001630985 -0.185788840 0.000065507 -0.001631075 0.999998748 5.760737896
0.999998868 -0.001474807 0.000074567 0.131300643 0.001474721 0.999998271 0.001135686 -0.189842030 -0.000076242 -0.001135575 0.999999404 6.047057152
0.999999940 -0.000378327 -0.000025573 0.132411048 0.000378368 0.999998569 0.001639017 -0.204569027 0.000024953 -0.001639027 0.999998629 6.323562622
0.999999702 -0.000703653 -0.000188077 0.141383424 0.000703971 0.999998271 0.001696327 -0.212393180 0.000186883 -0.001696459 0.999998510 6.612675667
0.999999821 -0.000537443 0.000304201 0.143085152 0.000536956 0.999998569 0.001597297 -0.219710261 -0.000305060 -0.001597134 0.999998629 6.911702633
0.999999762 -0.000745535 0.000183576 0.155766055 0.000745101 0.999996960 0.002354000 -0.236906052 -0.000185330 -0.002353863 0.999997139 7.201304913
0.999999583 -0.000787082 0.000272080 0.154472843 0.000786619 0.999998271 0.001697946 -0.243421629 -0.000273416 -0.001697732 0.999998510 7.506813049
0.999999344 -0.000960798 0.000612549 0.160185248 0.000959514 0.999997377 0.002092924 -0.252435029 -0.000614558 -0.002092335 0.999997616 7.827557564
0.999999583 -0.000378506 0.000715071 0.161746651 0.000377105 0.999998033 0.001958184 -0.258462876 -0.000715810 -0.001957914 0.999997795 8.140291214
0.999999702 -0.000752329 0.000265273 0.172232702 0.000751778 0.999997556 0.002070741 -0.272013992 -0.000266831 -0.002070541 0.999997795 8.451992035
0.999999404 -0.000577409 0.000909869 0.173829064 0.000575128 0.999996662 0.002504932 -0.279944122 -0.000911313 -0.002504407 0.999996424 8.795207024
0.999998808 -0.001267508 0.000899506 0.189126536 0.001265345 0.999996364 0.002401001 -0.293123871 -0.000902545 -0.002399859 0.999996662 9.115228653
0.999999166 -0.000879760 0.000876299 0.189269334 0.000877635 0.999996603 0.002422619 -0.296025187 -0.000878428 -0.002421848 0.999996603 9.490315437
0.999998927 -0.000160314 0.001486790 0.191468313 0.000157430 0.999998093 0.001939516 -0.300236702 -0.001487099 -0.001939280 0.999997020 9.833767891
0.999999344 -0.001212968 0.000277060 0.205802679 0.001212256 0.999996006 0.002555904 -0.324593186 -0.000280159 -0.002555567 0.999996662 10.134858131
0.999999344 -0.001179905 -0.000150022 0.216320649 0.001180340 0.999995053 0.002928775 -0.340001881 0.000146566 -0.002928950 0.999995708 10.488636017
0.999998868 -0.001294179 0.000650553 0.218311176 0.001292137 0.999994218 0.003128793 -0.346639305 -0.000654598 -0.003127949 0.999994934 10.851192474
0.999998629 -0.000502172 0.001522098 0.214025587 0.000498291 0.999996543 0.002548965 -0.350655943 -0.001523373 -0.002548203 0.999995649 11.253919601
0.999999344 -0.001011080 0.000530996 0.228926346 0.001009273 0.999993742 0.003392562 -0.375992239 -0.000534424 -0.003392024 0.999994099 11.605757713
0.999998510 -0.001519761 0.000766614 0.237766489 0.001517390 0.999994099 0.003083922 -0.383724034 -0.000771296 -0.003082754 0.999994874 11.990863800
0.999999404 -0.000542503 0.000902131 0.246185496 0.000539709 0.999995112 0.003094421 -0.394538939 -0.000903805 -0.003093933 0.999994755 12.398822784
0.999999464 -0.000872219 0.000434174 0.258228362 0.000870651 0.999993145 0.003597483 -0.408419639 -0.000437308 -0.003597104 0.999993384 12.748224258
0.999999106 -0.001044629 0.000746030 0.264329106 0.001041903 0.999992788 0.003644579 -0.419165224 -0.000749832 -0.003643798 0.999993086 13.153820992
0.999999344 -0.000965933 0.000639889 0.275468647 0.000963700 0.999993503 0.003480967 -0.428895652 -0.000643247 -0.003480348 0.999993742 13.559546471
0.999999046 -0.001015374 0.000938290 0.280673653 0.001012065 0.999993265 0.003519869 -0.438860387 -0.000941858 -0.003518916 0.999993384 13.976019859
0.999998987 -0.000476227 0.001407678 0.287655294 0.000471376 0.999993920 0.003444511 -0.451692045 -0.001409310 -0.003443844 0.999993145 14.398672104
0.999998689 -0.000914510 0.001316343 0.303202987 0.000908971 0.999990761 0.004202315 -0.467095584 -0.001320173 -0.004201114 0.999990225 14.817891121
0.999998629 -0.000101047 0.001635474 0.309673667 0.000093171 0.999988377 0.004815025 -0.479359090 -0.001635942 -0.004814866 0.999987066 15.254721642
0.999997497 -0.000838511 0.002074399 0.318322420 0.000829754 0.999990761 0.004218864 -0.491486490 -0.002077918 -0.004217132 0.999988973 15.695494652
0.999996006 -0.002105080 0.001886982 0.330502987 0.002097424 0.999989569 0.004049998 -0.497962594 -0.001895488 -0.004046024 0.999990046 16.148279190
0.999996722 -0.001255780 0.002226639 0.341011792 0.001246589 0.999990702 0.004124299 -0.512750149 -0.002231797 -0.004121510 0.999989033 16.568639755
0.999995232 -0.001133568 0.002872164 0.347730190 0.001121714 0.999990880 0.004125711 -0.522225857 -0.002876815 -0.004122469 0.999987364 17.014635086
0.999994457 -0.001064447 0.003172232 0.361540288 0.001050716 0.999990046 0.004327196 -0.533500969 -0.003176806 -0.004323838 0.999985635 17.471557617
0.999993443 -0.000728728 0.003548552 0.366290867 0.000711278 0.999987662 0.004916039 -0.558307886 -0.003552090 -0.004913483 0.999981642 17.922750473
0.999993205 -0.000748096 0.003622776 0.377146363 0.000727968 0.999984264 0.005554218 -0.573260784 -0.003626874 -0.005551543 0.999978065 18.397485733
0.999991894 -0.000410029 0.003997184 0.389309734 0.000386330 0.999982357 0.005927911 -0.590864539 -0.003999544 -0.005926319 0.999974489 18.843242645
0.999991477 -0.001164385 0.003941357 0.400735825 0.001144079 0.999986053 0.005150404 -0.597257078 -0.003947299 -0.005145852 0.999978960 19.342004776
0.999989510 -0.000254240 0.004567982 0.403709024 0.000231536 0.999987602 0.004970110 -0.603991568 -0.004569189 -0.004969001 0.999977231 19.845134735
0.999992549 -0.000795007 0.003764059 0.435673237 0.000774781 0.999985218 0.005371741 -0.619248271 -0.003768274 -0.005368786 0.999978542 20.319936752
0.999992430 -0.000957604 0.003773001 0.442773193 0.000936373 0.999983668 0.005624869 -0.633772016 -0.003778326 -0.005621293 0.999977052 20.787729263
0.999994814 -0.000983612 0.003085939 0.454475373 0.000967581 0.999986053 0.005192032 -0.635833263 -0.003091003 -0.005189018 0.999981701 21.295120239
0.999995291 -0.000681782 0.002996245 0.464878291 0.000665327 0.999984682 0.005489410 -0.653190672 -0.002999942 -0.005487390 0.999980450 21.794506073
0.999997079 -0.000961019 0.002227160 0.469259053 0.000947838 0.999982059 0.005912227 -0.670600653 -0.002232803 -0.005910099 0.999980032 22.312349319
0.999998808 -0.000341347 0.001566704 0.479104698 0.000332162 0.999982774 0.005859361 -0.683977485 -0.001568678 -0.005858834 0.999981582 22.836288452
0.999999166 -0.000638718 0.001117283 0.492613375 0.000632427 0.999984026 0.005621335 -0.695938289 -0.001120855 -0.005620624 0.999983549 23.364240646
0.999997556 -0.002149472 0.000550493 0.498365670 0.002146146 0.999979854 0.005972009 -0.721015930 -0.000563319 -0.005970813 0.999981999 23.866098404
0.999999166 -0.001288929 -0.000286248 0.509865940 0.001290607 0.999981523 0.005944456 -0.731481910 0.000278581 -0.005944821 0.999982238 24.397932053
0.999999702 -0.000537097 -0.000508834 0.509344041 0.000540525 0.999976993 0.006761272 -0.749274135 0.000505191 -0.006761545 0.999976993 24.932823181
0.999999464 -0.000769375 -0.000752400 0.519793808 0.000774766 0.999973834 0.007191246 -0.759831548 0.000746847 -0.007191825 0.999973834 25.480930328
0.999998569 -0.000990460 -0.001390570 0.523432851 0.000999368 0.999979019 0.006420293 -0.771852195 0.001384181 -0.006421674 0.999978423 26.037961960
0.999997020 -0.001353472 -0.002053270 0.539135873 0.001366774 0.999978006 0.006491323 -0.778751075 0.002044439 -0.006494110 0.999976873 26.584129333
0.999995768 -0.001761860 -0.002329507 0.557131112 0.001777719 0.999975145 0.006823099 -0.800299287 0.002317428 -0.006827211 0.999974072 27.131830215
0.999995708 -0.001147910 -0.002702336 0.555951834 0.001167289 0.999973476 0.007180841 -0.816396594 0.002694021 -0.007183964 0.999970496 27.677648544
0.999997020 -0.000296301 -0.002420520 0.557519794 0.000313375 0.999975085 0.007056515 -0.826436281 0.002418368 -0.007057253 0.999972165 28.230718613
0.999996722 -0.001440939 -0.002119066 0.556854486 0.001455017 0.999976754 0.006656873 -0.833788991 0.002109425 -0.006659935 0.999975562 28.765190125
0.999992073 -0.000618021 -0.003930181 0.587430120 0.000647203 0.999972165 0.007428315 -0.854134798 0.003925481 -0.007430801 0.999964714 29.310709000
0.999990642 -0.000651421 -0.004272228 0.590551257 0.000681280 0.999975324 0.006991201 -0.859394073 0.004267569 -0.006994046 0.999966443 29.863794327
0.999991000 -0.000494757 -0.004208352 0.599807501 0.000525280 0.999973476 0.007254986 -0.880197108 0.004204651 -0.007257130 0.999964833 30.412313461
0.999990642 -0.000775149 -0.004252609 0.607231557 0.000806661 0.999972224 0.007413294 -0.896603703 0.004246744 -0.007416655 0.999963522 30.940011978
0.999988735 -0.000541997 -0.004724761 0.609483182 0.000577341 0.999971747 0.007482428 -0.904887795 0.004720572 -0.007485071 0.999960840 31.473388672
0.999991059 -0.000805322 -0.004151848 0.617844999 0.000839576 0.999965549 0.008255278 -0.929424763 0.004145057 -0.008258690 0.999957323 32.053623199
0.999988437 -0.001041734 -0.004703163 0.627496898 0.001079092 0.999967813 0.007947616 -0.937240481 0.004694733 -0.007952600 0.999957383 32.601142883
0.999993920 0.000430333 -0.003457552 0.616694748 -0.000402503 0.999967515 0.008045505 -0.950495481 0.003460902 -0.008044065 0.999961674 33.150844574
0.999986231 -0.001082730 -0.005137614 0.629858613 0.001123069 0.999968529 0.007855431 -0.961017132 0.005128947 -0.007861094 0.999955893 33.673439026
0.999986708 -0.001066705 -0.005040356 0.626879811 0.001109691 0.999962986 0.008533425 -0.982784212 0.005031067 -0.008538905 0.999950886 34.206729889
0.999985933 -0.001531710 -0.005087746 0.649152100 0.001574123 0.999963939 0.008342688 -0.985657692 0.005074785 -0.008350578 0.999952257 34.785068512
0.999983132 -0.000978495 -0.005728423 0.657417715 0.001026160 0.999964774 0.008323661 -0.997409344 0.005720077 -0.008329398 0.999948978 35.298965454
0.999982059 -0.000872519 -0.005934216 0.665037394 0.000922465 0.999964118 0.008419042 -1.008225679 0.005926658 -0.008424363 0.999947011 35.860054016
0.999982834 -0.000517433 -0.005855992 0.672678888 0.000563455 0.999969006 0.007860071 -1.016989231 0.005851743 -0.007863235 0.999951959 36.422355652
0.999977291 -0.001574281 -0.006548992 0.686036587 0.001626490 0.999966860 0.007974375 -1.021538138 0.006536222 -0.007984846 0.999946773 36.927906036
0.999976516 -0.000946912 -0.006793533 0.694062233 0.000996171 0.999973178 0.007251158 -1.023946047 0.006786484 -0.007257756 0.999950647 37.485111237
0.999979794 -0.000951388 -0.006275439 0.695113480 0.001000551 0.999968767 0.007835792 -1.045202494 0.006267788 -0.007841914 0.999949634 38.032348633
0.999970019 -0.001488788 -0.007596531 0.710867167 0.001553514 0.999962449 0.008521627 -1.060190201 0.007583559 -0.008533171 0.999934852 38.573722839
0.999968231 -0.001275531 -0.007872615 0.716290057 0.001341649 0.999963880 0.008398843 -1.072195768 0.007861618 -0.008409137 0.999933720 39.116897583
0.999972045 -0.001287076 -0.007368989 0.720857620 0.001354195 0.999957621 0.009110563 -1.088029027 0.007356951 -0.009120286 0.999931335 39.652416229
0.999972641 -0.000784119 -0.007356193 0.727227807 0.000842171 0.999968529 0.007891844 -1.079435587 0.007349773 -0.007897823 0.999941826 40.205738068
0.999964356 -0.002121692 -0.008176633 0.749908805 0.002181849 0.999970615 0.007355393 -1.086105585 0.008160786 -0.007372970 0.999939620 40.738307953
0.999975026 -0.000723112 -0.007030602 0.732338846 0.000778280 0.999968946 0.007847209 -1.092864156 0.007024709 -0.007852485 0.999944508 41.291175842
0.999969959 -0.000520828 -0.007727440 0.745265484 0.000576366 0.999974012 0.007186748 -1.097083688 0.007723495 -0.007190986 0.999944329 41.826030731
0.999970078 0.000112014 -0.007734492 0.750235319 -0.000060237 0.999977589 0.006694135 -1.105202913 0.007735068 -0.006693468 0.999947667 42.376983643
0.999973416 -0.000367827 -0.007283081 0.750980020 0.000421182 0.999973059 0.007325780 -1.116496801 0.007280190 -0.007328653 0.999946713 42.925765991
0.999967515 -0.000268424 -0.008053373 0.760286570 0.000326748 0.999973655 0.007241659 -1.129270554 0.008051218 -0.007244056 0.999941289 43.469467163
0.999966562 -0.000393249 -0.008165292 0.765386105 0.000455799 0.999970496 0.007659966 -1.141188860 0.008162038 -0.007663431 0.999937296 44.011543274
0.999973834 0.000128353 -0.007236594 0.761770010 -0.000076281 0.999974132 0.007195523 -1.152241468 0.007237331 -0.007194783 0.999947906 44.551090240
0.999970734 -0.001033644 -0.007580667 0.773717880 0.001088763 0.999972939 0.007270513 -1.161045790 0.007572948 -0.007278553 0.999944746 45.095176697
0.999970913 -0.001200177 -0.007523545 0.784262300 0.001249624 0.999977589 0.006571027 -1.166538358 0.007515490 -0.006580238 0.999950111 45.640384674
0.999962091 -0.002091459 -0.008450115 0.810072124 0.002146933 0.999976218 0.006561073 -1.180637598 0.008436192 -0.006578966 0.999942720 46.183799744
0.999968350 -0.001036156 -0.007886406 0.798777938 0.001092079 0.999974251 0.007090041 -1.190955162 0.007878857 -0.007098429 0.999943793 46.714786530
0.999964595 -0.001147531 -0.008330248 0.803442955 0.001206260 0.999974430 0.007048554 -1.200269341 0.008321947 -0.007058353 0.999940515 47.252799988
0.999966919 -0.000718776 -0.008106369 0.805617988 0.000772917 0.999977410 0.006677670 -1.211412668 0.008101385 -0.006683714 0.999944866 47.804164886
0.999968052 -0.001423212 -0.007868393 0.813974261 0.001483839 0.999969244 0.007704671 -1.231179476 0.007857186 -0.007716100 0.999939382 48.337375641
0.999967277 -0.001463517 -0.007960198 0.814823687 0.001525140 0.999968886 0.007740788 -1.244822621 0.007948623 -0.007752676 0.999938369 48.886020660
0.999965966 -0.001787129 -0.008052225 0.833220482 0.001844061 0.999973357 0.007068537 -1.248796225 0.008039378 -0.007083146 0.999942601 49.436050415
0.999970376 -0.001790725 -0.007482234 0.826261401 0.001847489 0.999969482 0.007586497 -1.259345770 0.007468419 -0.007600096 0.999943197 49.970890045
0.999963760 -0.001714408 -0.008341709 0.842129707 0.001772727 0.999974132 0.006988977 -1.270732045 0.008329510 -0.007003512 0.999940813 50.519115448
0.999965966 -0.001508063 -0.008113982 0.851097822 0.001562387 0.999976456 0.006692973 -1.282112360 0.008103697 -0.006705422 0.999944746 51.071250916
0.999961019 -0.001512464 -0.008695726 0.860250473 0.001575914 0.999972165 0.007294490 -1.296674252 0.008684453 -0.007307909 0.999935508 51.613552094
0.999963880 -0.002035347 -0.008250942 0.871170163 0.002094940 0.999971747 0.007220393 -1.310484886 0.008236014 -0.007237419 0.999939859 52.156799316
0.999957502 -0.001862556 -0.009028871 0.880619407 0.001926141 0.999973357 0.007038956 -1.315747023 0.009015520 -0.007056047 0.999934435 52.719516754
0.999958456 -0.001727776 -0.008949040 0.883896470 0.001791319 0.999973118 0.007097414 -1.329094410 0.008936537 -0.007113150 0.999934673 53.266475677
0.999957919 -0.001877575 -0.008977519 0.887463450 0.001942601 0.999971867 0.007239929 -1.345914245 0.008963673 -0.007257066 0.999933481 53.785335541
0.999954343 -0.002592737 -0.009195698 0.897385597 0.002660158 0.999969602 0.007327057 -1.357380390 0.009176421 -0.007351185 0.999930918 54.328342438
0.999956250 -0.001983226 -0.009133792 0.896545649 0.002047199 0.999973416 0.006999978 -1.366096377 0.009119666 -0.007018372 0.999933779 54.864967346
0.999956250 -0.002353891 -0.009043456 0.906150401 0.002419071 0.999971151 0.007203230 -1.378144026 0.009026239 -0.007224794 0.999933183 55.412303925
0.999952137 -0.002815411 -0.009372076 0.910100698 0.002882330 0.999970317 0.007134432 -1.385321259 0.009351713 -0.007161104 0.999930620 55.953182220
0.999954462 -0.002639192 -0.009167857 0.919399917 0.002704487 0.999970973 0.007117185 -1.397341967 0.009148808 -0.007141655 0.999932587 56.503715515
0.999952197 -0.002162512 -0.009532667 0.928962827 0.002229714 0.999972701 0.007044616 -1.411440849 0.009517172 -0.007065536 0.999929726 57.036563873
0.999951839 -0.002143610 -0.009574448 0.934671760 0.002212662 0.999971628 0.007207367 -1.426816344 0.009558726 -0.007228205 0.999928176 57.584377289
0.999951422 -0.002005642 -0.009642254 0.936516643 0.002063650 0.999979794 0.006009927 -1.424277902 0.009630004 -0.006029535 0.999935448 58.136310577
0.999953747 -0.001865509 -0.009436105 0.944714308 0.001928426 0.999975860 0.006662998 -1.438608885 0.009423450 -0.006680887 0.999933243 58.659614563
0.999954939 -0.002017540 -0.009275454 0.950080752 0.002070885 0.999981284 0.005745172 -1.445757270 0.009263690 -0.005764121 0.999940455 59.201820374
0.999944985 -0.002819814 -0.010096463 0.969603121 0.002877865 0.999979377 0.005739790 -1.458956003 0.010080071 -0.005768531 0.999932587 59.752498627
0.999953210 -0.001674629 -0.009525003 0.950501621 0.001739809 0.999975085 0.006838905 -1.478548646 0.009513313 -0.006855156 0.999931216 60.275611877
0.999949634 -0.001468356 -0.009933210 0.968463242 0.001535300 0.999976158 0.006735100 -1.491102695 0.009923084 -0.006750010 0.999928057 60.822769165
0.999943376 -0.002140303 -0.010428406 0.980079174 0.002209419 0.999975622 0.006620599 -1.502403736 0.010413982 -0.006643264 0.999923766 61.362899780
0.999950826 -0.001726572 -0.009764287 0.975336790 0.001787417 0.999979019 0.006226113 -1.507011890 0.009753332 -0.006243260 0.999932945 61.886589050
0.999959826 -0.001090734 -0.008892407 0.971599519 0.001147100 0.999979317 0.006336088 -1.514871001 0.008885312 -0.006346034 0.999940395 62.434925079
0.999954402 -0.001585810 -0.009415105 0.980718076 0.001649786 0.999975502 0.006791106 -1.531919479 0.009404105 -0.006806329 0.999932587 62.972908020
0.999953747 -0.001135704 -0.009551900 0.985243022 0.001193458 0.999980986 0.006042799 -1.539568901 0.009544856 -0.006053919 0.999936104 63.522506714
0.999950230 -0.001240394 -0.009901749 0.991877794 0.001299402 0.999981463 0.005955192 -1.542430997 0.009894179 -0.005967762 0.999933243 64.085708618
0.999953210 -0.001233891 -0.009589830 0.992816389 0.001297364 0.999977231 0.006615349 -1.566831231 0.009581449 -0.006627480 0.999932110 64.591209412
0.999950886 -0.001883197 -0.009724486 1.004244566 0.001954042 0.999971569 0.007280922 -1.586343169 0.009710498 -0.007299568 0.999926150 65.144378662
0.999958336 -0.000930511 -0.009078017 0.996169508 0.000989352 0.999978483 0.006479463 -1.590517044 0.009071792 -0.006488174 0.999937773 65.679046631
0.999955177 -0.001430422 -0.009357605 1.000041485 0.001489988 0.999978662 0.006361658 -1.594043851 0.009348307 -0.006375315 0.999935925 66.231262207
0.999955297 -0.000714474 -0.009441446 1.010775328 0.000776724 0.999977946 0.006591270 -1.614180923 0.009436529 -0.006598308 0.999933720 66.748954773
0.999941885 -0.000980122 -0.010741700 1.022572517 0.001052874 0.999976516 0.006769334 -1.630311251 0.010734813 -0.006780251 0.999919355 67.293487549
0.999953508 -0.000762685 -0.009626867 1.019778490 0.000827658 0.999976814 0.006746898 -1.648621202 0.009621502 -0.006754551 0.999930918 67.819458008
0.999960482 -0.000149328 -0.008887357 1.013393879 0.000213330 0.999973953 0.007200963 -1.663710356 0.008886052 -0.007202574 0.999934614 68.375267029
0.999951541 -0.000884104 -0.009807056 1.035042405 0.000949229 0.999977469 0.006637967 -1.669672251 0.009800967 -0.006646954 0.999929905 68.903556824
0.999958515 0.000035999 -0.009115248 1.029595137 0.000026609 0.999976397 0.006868266 -1.681567907 0.009115282 -0.006868223 0.999934912 69.450904846
0.999959826 -0.000803976 -0.008929659 1.029869318 0.000860281 0.999979675 0.006303264 -1.686069250 0.008924412 -0.006310693 0.999940217 69.975456238
0.999949992 -0.001446281 -0.009893329 1.046245694 0.001504271 0.999981701 0.005856569 -1.687576056 0.009884678 -0.005871159 0.999933898 70.516693115
0.999954998 -0.000808816 -0.009450881 1.048764944 0.000869833 0.999978721 0.006453961 -1.713372827 0.009445461 -0.006461891 0.999934435 71.055809021
0.999960124 -0.000347894 -0.008918379 1.050342798 0.000406792 0.999978185 0.006603114 -1.727545977 0.008915888 -0.006606479 0.999938369 71.602783203
0.999955833 0.000006578 -0.009399450 1.054825306 0.000056064 0.999977708 0.006664161 -1.736637831 0.009399286 -0.006664393 0.999933600 72.131401062
0.999959290 0.000476363 -0.009010454 1.059969544 -0.000414700 0.999976397 0.006844220 -1.754151821 0.009013502 -0.006840205 0.999935925 72.660789490
0.999959528 -0.000705683 -0.008961297 1.064372301 0.000760533 0.999980986 0.006118863 -1.760127783 0.008956808 -0.006125432 0.999941111 73.223068237
0.999954939 -0.000471265 -0.009475856 1.069083214 0.000531452 0.999979675 0.006350149 -1.771482706 0.009472673 -0.006354899 0.999934912 73.751518250
0.999951005 -0.000894979 -0.009859766 1.081696749 0.000964862 0.999974430 0.007085161 -1.786852598 0.009853173 -0.007094327 0.999926269 74.275848389
0.999952376 -0.001072741 -0.009701706 1.083881259 0.001141448 0.999974310 0.007079261 -1.803118467 0.009693864 -0.007089998 0.999927878 74.806282043
0.999948263 -0.001019721 -0.010122953 1.096501112 0.001095533 0.999971390 0.007486410 -1.820547819 0.010115029 -0.007497111 0.999920726 75.344703674
0.999958277 -0.000558360 -0.009122008 1.094987869 0.000622970 0.999974847 0.007081475 -1.829013348 0.009117824 -0.007086863 0.999933302 75.889434814
0.999944210 -0.001085694 -0.010505318 1.110431194 0.001159284 0.999974787 0.007001417 -1.836998343 0.010497451 -0.007013205 0.999920309 76.438919067
0.999945641 -0.001202794 -0.010353612 1.122625113 0.001275332 0.999974668 0.007002313 -1.847802401 0.010344928 -0.007015137 0.999921858 76.987480164
0.999954343 -0.000719060 -0.009528043 1.121942759 0.000790307 0.999971688 0.007475905 -1.861429095 0.009522399 -0.007483094 0.999926686 77.526382446
0.999940634 -0.001862785 -0.010734474 1.137415171 0.001941063 0.999971569 0.007286320 -1.879949570 0.010720596 -0.007306723 0.999915838 78.065925598
0.999933422 -0.002693139 -0.011223685 1.150579691 0.002776206 0.999968886 0.007391983 -1.896201849 0.011203427 -0.007422651 0.999909699 78.600105286
0.999942243 -0.001828833 -0.010589004 1.148484468 0.001907554 0.999970615 0.007428905 -1.903591871 0.010575105 -0.007448674 0.999916375 79.163871765
0.999949872 -0.001289536 -0.009926980 1.147083998 0.001362802 0.999971807 0.007377194 -1.912872910 0.009917189 -0.007390352 0.999923527 79.678703308
0.999953270 -0.001507536 -0.009540593 1.162496805 0.001575961 0.999973059 0.007168650 -1.920876265 0.009529528 -0.007183352 0.999928772 80.222389221
0.999961078 -0.001128785 -0.008740982 1.170597672 0.001196035 0.999969721 0.007692264 -1.935953021 0.008732033 -0.007702420 0.999932230 80.774871826
0.999973834 -0.001315387 -0.007115758 1.169586062 0.001367755 0.999971986 0.007359537 -1.949115992 0.007105878 -0.007369076 0.999947548 81.294700623
0.999982536 -0.001133516 -0.005787513 1.178439021 0.001178587 0.999968946 0.007790107 -1.961837292 0.005778503 -0.007796792 0.999952912 81.828918457
0.999996901 -0.001135404 -0.002211092 1.190067410 0.001151823 0.999971628 0.007439037 -1.971514463 0.002202583 -0.007441560 0.999969900 82.371154785
0.999997854 -0.001020360 0.001813317 1.210449696 0.001006633 0.999970913 0.007555114 -1.979440689 -0.001820973 -0.007553272 0.999969840 82.895851135
0.999989748 -0.001615795 0.004236397 1.229937434 0.001584951 0.999972284 0.007274088 -1.991755247 -0.004248033 -0.007267300 0.999964535 83.453994751
0.999956429 -0.001219064 0.009257792 1.247978091 0.001149354 0.999970973 0.007531384 -2.006929874 -0.009266705 -0.007520416 0.999928832 84.001228333
0.999894738 -0.001266046 0.014450394 1.279386640 0.001156016 0.999970257 0.007620180 -2.016478539 -0.014459610 -0.007602674 0.999866486 84.523574829
0.999792516 -0.000522384 0.020362381 1.303170919 0.000358431 0.999967575 0.008054559 -2.035182238 -0.020365926 -0.008045590 0.999760151 85.072189331
0.999664724 -0.001674110 0.025837023 1.337749243 0.001478596 0.999970138 0.007584450 -2.039470911 -0.025848947 -0.007543704 0.999637365 85.626350403
0.999429762 -0.001892218 0.033712171 1.363095760 0.001631033 0.999968469 0.007773309 -2.052861452 -0.033725817 -0.007713891 0.999401331 86.152397156
0.999119520 -0.002126135 0.041899715 1.406072617 0.001825999 0.999972403 0.007200147 -2.059765100 -0.041913867 -0.007117298 0.999095798 86.705734253
0.998842716 -0.003175720 0.047988683 1.460563898 0.002829039 0.999969363 0.007290410 -2.073470116 -0.048010364 -0.007146211 0.998821199 87.238029480
0.998320282 -0.002492115 0.057882305 1.494094849 0.002088355 0.999973059 0.007034970 -2.072692871 -0.057898279 -0.006902275 0.998298645 87.788879395
0.997691333 -0.001836736 0.067885719 1.554162502 0.001341763 0.999972165 0.007336141 -2.084890842 -0.067897312 -0.007228118 0.997666180 88.319152832
0.997112870 -0.003813175 0.075838000 1.617976189 0.003312573 0.999971926 0.006725636 -2.089375734 -0.075861514 -0.006454999 0.997097492 88.862121582
0.996420145 -0.002949379 0.084487088 1.662420750 0.002338693 0.999970436 0.007326222 -2.115803719 -0.084506199 -0.007102406 0.996397555 89.401290894
0.995391607 -0.003054861 0.095844634 1.733114719 0.002331596 0.999967992 0.007657314 -2.125456810 -0.095864952 -0.007398555 0.995366812 89.943054199
0.994377613 -0.003217149 0.105843566 1.811665535 0.002439752 0.999969125 0.007473431 -2.134705067 -0.105864339 -0.007173179 0.994354725 90.483848572
0.993364930 -0.003655396 0.114947088 1.892765045 0.002825310 0.999968827 0.007383551 -2.143979073 -0.114970483 -0.007009800 0.993344188 91.023567200
0.991995454 -0.003517975 0.126224771 1.984246254 0.002578931 0.999967754 0.007602100 -2.154270172 -0.126247466 -0.007215722 0.991972446 91.585441589
0.990403473 -0.004180255 0.138143092 2.082346916 0.003162854 0.999966204 0.007583536 -2.168247223 -0.138170093 -0.007073834 0.990383208 92.105537415
0.988899887 -0.003939336 0.148530975 2.186087608 0.002815831 0.999965847 0.007773641 -2.176245689 -0.148556545 -0.007269114 0.988877118 92.660217285
0.987277448 -0.004214667 0.158951625 2.289184570 0.003084765 0.999968231 0.007354533 -2.185141802 -0.158977568 -0.006770635 0.987258971 93.194900513
0.985101879 -0.004754106 0.171905845 2.403242111 0.003520324 0.999965787 0.007481224 -2.192980766 -0.171935514 -0.006764604 0.985084951 93.731987000
0.982802153 -0.004645623 0.184603363 2.524957657 0.003247901 0.999963760 0.007873152 -2.206228256 -0.184633240 -0.007138178 0.982781589 94.268058777
0.980804563 -0.004975777 0.194929838 2.641924858 0.003554628 0.999964416 0.007639704 -2.208558083 -0.194960967 -0.006800152 0.980787456 94.803886414
0.978137553 -0.005158966 0.207894832 2.777778625 0.003591555 0.999962211 0.007916202 -2.223475218 -0.207927853 -0.006996469 0.978119195 95.335319519
0.975257397 -0.005287853 0.221008971 2.922887802 0.003595549 0.999961019 0.008058772 -2.232571840 -0.221042976 -0.007064729 0.975238562 95.846611023
0.972672880 -0.005605624 0.232112259 3.064682007 0.003770635 0.999958038 0.008348523 -2.245566607 -0.232149318 -0.007245171 0.972653151 96.371658325
0.969742358 -0.006475979 0.244044855 3.228155136 0.004599135 0.999955297 0.008259601 -2.257082224 -0.244087428 -0.006887291 0.969728768 96.901466370
0.966217220 -0.005597346 0.257668346 3.391658783 0.003486259 0.999956489 0.008649178 -2.270991564 -0.257705539 -0.007458686 0.966194689 97.425956726
0.962724686 -0.005283752 0.270431578 3.560325623 0.003123911 0.999959707 0.008416449 -2.273779392 -0.270465076 -0.007257917 0.962702394 97.952476501
0.959568977 -0.005792981 0.281414092 3.743654251 0.003535410 0.999957383 0.008529296 -2.280813694 -0.281451523 -0.007189533 0.959548533 98.478713989
0.955380321 -0.005813741 0.295320988 3.906166077 0.003500079 0.999958932 0.008362411 -2.287051678 -0.295357496 -0.006955636 0.955361485 98.983085632
0.951071560 -0.006654050 0.308898896 4.099367142 0.004286948 0.999955952 0.008341116 -2.298529387 -0.308940858 -0.006608765 0.951058209 99.520469666
0.947321296 -0.006855040 0.320211381 4.295507431 0.004404900 0.999955237 0.008375333 -2.306857347 -0.320254385 -0.006523632 0.947309017 100.035705566
0.942688644 -0.007251593 0.333594561 4.492889404 0.005032814 0.999959052 0.007514867 -2.313104153 -0.333635420 -0.005405261 0.942686617 100.559463501
0.937562585 -0.007886245 0.347727150 4.714267731 0.005282382 0.999950469 0.008435611 -2.333670616 -0.347776413 -0.006072084 0.937557817 101.060813904
0.933044374 -0.007106612 0.359690994 4.928817749 0.004262989 0.999953151 0.008698355 -2.343756914 -0.359735936 -0.006582593 0.933030903 101.566146851
0.928585529 -0.008909911 0.371011436 5.158479691 0.006253184 0.999945462 0.008363110 -2.350908518 -0.371065766 -0.005445860 0.928590655 102.076393127
0.922580004 -0.008239143 0.385717720 5.390102386 0.005243849 0.999947309 0.008816913 -2.359688759 -0.385770053 -0.006111662 0.922574699 102.581146240
0.917136252 -0.008943236 0.398473442 5.631011963 0.006116601 0.999946296 0.008364422 -2.366456985 -0.398526818 -0.005234012 0.917141736 103.066734314
0.912259698 -0.010280284 0.409483373 5.876590729 0.007272452 0.999933898 0.008902046 -2.381083012 -0.409547865 -0.005143030 0.912274063 103.541976929
0.906213641 -0.009597045 0.422711372 6.141330719 0.005840911 0.999931097 0.010180167 -2.417746544 -0.422779918 -0.006756385 0.906207204 104.021583557
0.899171948 -0.009421298 0.437494010 6.382514954 0.006103404 0.999940932 0.008989227 -2.395853043 -0.437552929 -0.005412657 0.899176359 104.563163757
0.893243194 -0.009980540 0.449462861 6.646862030 0.006417287 0.999934733 0.009450593 -2.412457466 -0.449527860 -0.005557347 0.893249035 105.042587280
0.887804449 -0.011200263 0.460084647 6.921623230 0.007689228 0.999925256 0.009504545 -2.417540550 -0.460156709 -0.004900482 0.887824178 105.506362915
0.880625784 -0.010512691 0.473695666 7.187721252 0.006877119 0.999932051 0.009406481 -2.424534559 -0.473762363 -0.005025928 0.880638361 106.005157471
