1.000000000 0.000000000 0.000000000 0.000000000 0.000000000 1.000000000 0.000000000 0.000000000 0.000000000 0.000000000 1.000000000 0.000000000
1.000000000 0.000026686 0.000145023 -0.000900329 -0.000026694 1.000000000 0.000053966 -0.000167696 -0.000145022 -0.000053970 1.000000000 0.000080173
1.000000000 0.000120563 0.000153973 -0.001504599 -0.000120581 1.000000000 0.000117833 0.000694826 -0.000153959 -0.000117851 1.000000000 0.002348956
1.000000000 0.000194503 -0.000006458 0.000226605 -0.000194502 0.999999940 0.000152306 -0.001032379 0.000006488 -0.000152305 1.000000000 -0.000269711
0.999999940 0.000231189 0.000127820 -0.001082232 -0.000231200 0.999999940 0.000084868 -0.000023951 -0.000127800 -0.000084897 1.000000000 0.000564685
1.000000000 -0.000025544 0.000037563 -0.000521768 0.000025542 1.000000000 0.000067707 -0.000291205 -0.000037565 -0.000067706 1.000000000 -0.000714605
1.000000000 -0.000081742 0.000125330 -0.001766442 0.000081752 1.000000000 -0.000084077 0.001769789 -0.000125323 0.000084087 1.000000000 0.003450123
1.000000000 -0.000125193 0.000167031 -0.001177715 0.000125190 1.000000000 0.000014720 0.001104434 -0.000167033 -0.000014700 1.000000000 0.002998440
1.000000000 0.000008640 0.000149646 -0.001243445 -0.000008642 1.000000000 0.000012796 0.000807109 -0.000149646 -0.000012797 1.000000000 0.002365616
1.000000000 -0.000021848 0.000197683 -0.001141119 0.000021844 1.000000000 0.000022423 0.000106130 -0.000197683 -0.000022418 1.000000000 0.000306738
0.999999940 -0.000081559 0.000234894 -0.001032581 0.000081560 1.000000000 -0.000002915 0.001370094 -0.000234894 0.000002934 1.000000000 0.002669711
1.000000000 0.000007456 0.000116973 -0.000486675 -0.000007467 1.000000000 0.000096252 -0.000243724 -0.000116973 -0.000096253 1.000000000 0.000543576
1.000000000 0.000029901 0.000184676 -0.001151311 -0.000029904 1.000000000 0.000016195 0.001216236 -0.000184676 -0.000016200 1.000000000 0.002934871
0.999999940 -0.000090444 0.000273791 -0.002294094 0.000090398 1.000000000 0.000167153 0.001081462 -0.000273806 -0.000167128 0.999999940 0.003895189
1.000000000 -0.000058353 0.000155291 -0.001689689 0.000058345 1.000000000 0.000054692 0.001161026 -0.000155295 -0.000054683 1.000000000 0.003417236
1.000000000 0.000087729 0.000106191 -0.001420154 -0.000087738 1.000000000 0.000089239 0.000114080 -0.000106183 -0.000089248 1.000000000 0.002093610
1.000000000 -0.000022159 0.000168592 -0.001137260 0.000022133 1.000000000 0.000153936 -0.000877395 -0.000168596 -0.000153932 1.000000000 0.000073605
0.999999940 0.000089203 0.000318971 -0.001548369 -0.000089237 1.000000000 0.000107252 0.000146698 -0.000318962 -0.000107280 0.999999940 0.001340173
0.999999940 0.000108713 0.000268962 -0.003023472 -0.000108744 1.000000000 0.000117501 0.000401033 -0.000268949 -0.000117530 0.999999940 0.003128044
1.000000000 0.000145456 0.000178202 -0.002082226 -0.000145478 1.000000000 0.000119509 0.000772281 -0.000178185 -0.000119535 1.000000000 0.003504383
0.999999881 0.000334060 0.000314760 -0.003127040 -0.000334120 0.999999940 0.000190347 0.000586316 -0.000314696 -0.000190452 0.999999940 0.004086020
0.999999881 0.000399175 0.000328012 -0.003428665 -0.000399198 0.999999940 0.000070127 0.000992403 -0.000327984 -0.000070258 0.999999940 0.003746746
1.000000000 -0.000005202 0.000188196 -0.002171051 0.000005185 1.000000000 0.000094398 0.000949227 -0.000188196 -0.000094397 1.000000000 0.003165093
0.999999940 0.000158059 0.000295118 -0.001674169 -0.000158099 1.000000000 0.000136746 -0.000253921 -0.000295097 -0.000136792 0.999999940 0.001907346
0.999999940 0.000132509 0.000318304 -0.002817660 -0.000132518 1.000000000 0.000029509 0.000881662 -0.000318300 -0.000029551 0.999999940 0.001538897
1.000000000 0.000027979 0.000163058 -0.000309297 -0.000027985 1.000000000 0.000033517 0.001044663 -0.000163057 -0.000033522 1.000000000 0.001664059
1.000000000 -0.000072935 0.000207087 -0.001940883 0.000072916 1.000000000 0.000094838 0.000855577 -0.000207094 -0.000094823 1.000000000 0.003239407
1.000000000 0.000042402 0.000222264 -0.000616947 -0.000042417 1.000000000 0.000066042 0.000325074 -0.000222262 -0.000066052 1.000000000 0.000513807
0.999999881 0.000298951 0.000372858 -0.003918377 -0.000298921 0.999999940 -0.000079770 0.002355802 -0.000372882 0.000079659 0.999999940 0.003926075
0.999999940 0.000056561 0.000277454 -0.003518376 -0.000056563 1.000000000 0.000007608 0.002327834 -0.000277453 -0.000007623 0.999999940 0.004878098
0.999999940 0.000148957 0.000350604 -0.003080047 -0.000148986 1.000000000 0.000082759 0.001126402 -0.000350591 -0.000082811 0.999999940 0.003335380
0.999999940 -0.000049393 0.000239651 -0.001730770 0.000049372 1.000000000 0.000087608 0.000515370 -0.000239656 -0.000087596 0.999999940 0.001323917
0.999999940 0.000067919 0.000311522 -0.003374699 -0.000067900 1.000000000 -0.000062341 0.002351095 -0.000311526 0.000062320 0.999999940 0.004208657
0.999999881 0.000149240 0.000428989 -0.002973121 -0.000149230 1.000000000 -0.000024926 0.001309036 -0.000428992 0.000024862 0.999999881 0.002433238
0.999999940 0.000163801 0.000251757 -0.000943688 -0.000163827 1.000000000 0.000099650 -0.000129414 -0.000251741 -0.000099692 0.999999940 0.000395901
0.999999940 0.000145740 0.000338610 -0.002731644 -0.000145720 1.000000000 -0.000057651 0.003187057 -0.000338619 0.000057602 0.999999940 0.005540210
0.999999940 0.000152567 0.000302516 -0.003310216 -0.000152535 1.000000000 -0.000105879 0.004657889 -0.000302532 0.000105833 0.999999940 0.007295778
0.999999940 -0.000054954 0.000284373 -0.001383184 0.000054942 1.000000000 0.000045155 0.001295040 -0.000284375 -0.000045140 0.999999940 0.002760680
0.999999940 0.000187893 0.000309683 -0.002081172 -0.000187939 1.000000000 0.000149931 0.000948760 -0.000309655 -0.000149990 0.999999940 0.002941494
0.999999940 -0.000093373 0.000249941 -0.001711187 0.000093362 1.000000000 0.000041987 0.001630882 -0.000249945 -0.000041963 0.999999940 0.003150602
0.999999881 0.000006482 0.000457984 -0.002929558 -0.000006490 1.000000000 0.000017594 0.001507155 -0.000457984 -0.000017597 0.999999881 0.004950933
0.999999940 -0.000247904 0.000232331 0.000262613 0.000248072 0.999999702 -0.000727487 0.000403281 -0.000232151 0.000727545 0.999999702 0.054867037
0.999999940 0.000194067 0.000358562 -0.001534321 -0.000193676 0.999999404 -0.001091868 -0.005913279 -0.000358774 0.001091799 0.999999344 0.133365810
1.000000000 0.000069623 0.000088019 0.003108810 -0.000069468 0.999998450 -0.001755013 -0.002210565 -0.000088141 0.001755007 0.999998450 0.256820232
1.000000000 0.000131558 0.000097725 0.004698071 -0.000131438 0.999999225 -0.001228456 -0.011393511 -0.000097886 0.001228443 0.999999225 0.387159497
1.000000000 0.000140312 0.000181888 0.008587618 -0.000140148 0.999999583 -0.000901976 -0.017568706 -0.000182015 0.000901950 0.999999583 0.525473177
0.999999940 0.000294244 0.000131994 0.013013362 -0.000294134 0.999999583 -0.000835974 -0.025294539 -0.000132240 0.000835935 0.999999642 0.669492424
0.999999762 0.000461595 0.000458705 0.015705384 -0.000461182 0.999999464 -0.000900043 -0.024288850 -0.000459120 0.000899832 0.999999464 0.841919243
0.999999940 0.000334700 0.000111399 0.017841047 -0.000334633 0.999999762 -0.000595175 -0.027759992 -0.000111598 0.000595138 0.999999821 1.017262459
1.000000000 0.000057288 -0.000097157 0.022436302 -0.000057307 1.000000000 -0.000195831 -0.034462828 0.000097146 0.000195836 1.000000000 1.193379521
0.999999881 0.000298576 0.000378952 0.017795021 -0.000298340 0.999999762 -0.000624290 -0.034917396 -0.000379138 0.000624177 0.999999762 1.372546554
1.000000000 -0.000148442 0.000003287 0.036137041 0.000148442 1.000000000 0.000147890 -0.051906798 -0.000003308 -0.000147890 1.000000000 1.566913962
0.999999821 0.000415513 0.000433637 0.036028028 -0.000415487 0.999999940 -0.000060995 -0.053145278 -0.000433663 0.000060815 0.999999881 1.759809256
0.999999881 0.000428591 0.000157591 0.037223775 -0.000428517 0.999999821 -0.000472805 -0.048725761 -0.000157793 0.000472737 0.999999881 1.952069044
0.999999762 0.000465532 0.000494447 0.038879156 -0.000465525 0.999999881 -0.000013867 -0.066900738 -0.000494454 0.000013637 0.999999881 2.160908699
0.999999821 0.000597180 0.000019188 0.048614312 -0.000597149 0.999998510 -0.001574447 -0.053537633 -0.000020128 0.001574435 0.999998748 2.399366617
0.999999642 0.000827579 -0.000193065 0.060756583 -0.000827813 0.999998927 -0.001214480 -0.064184614 0.000192059 0.001214639 0.999999225 2.612533569
0.999999464 0.000986811 -0.000012261 0.061442122 -0.000986824 0.999998748 -0.001182681 -0.071812436 0.000011093 0.001182693 0.999999285 2.841089964
0.999999642 0.000803917 -0.000357706 0.070956007 -0.000804211 0.999999344 -0.000824113 -0.080628850 0.000357044 0.000824401 0.999999583 3.076198578
0.999999762 0.000605323 -0.000263280 0.070087798 -0.000605703 0.999998748 -0.001445698 -0.080061711 0.000262404 0.001445857 0.999998927 3.318147182
0.999999821 0.000552940 -0.000107558 0.076294720 -0.000553089 0.999998868 -0.001392895 -0.087172844 0.000106788 0.001392955 0.999999046 3.556265831
0.999999881 0.000426477 -0.000187776 0.079055995 -0.000426803 0.999998391 -0.001741030 -0.087983824 0.000187033 0.001741110 0.999998510 3.822370291
0.999999881 0.000399709 -0.000046299 0.088249095 -0.000399791 0.999998331 -0.001784629 -0.097661369 0.000045586 0.001784647 0.999998391 4.073856354
0.999999881 0.000367701 -0.000224478 0.092318743 -0.000367961 0.999999285 -0.001160267 -0.108929090 0.000224052 0.001160350 0.999999285 4.330852032
0.999999881 0.000488770 -0.000121400 0.094264582 -0.000488933 0.999998987 -0.001348015 -0.113235921 0.000120741 0.001348074 0.999999106 4.581834793
0.999999523 0.000981218 0.000116665 0.099141866 -0.000981077 0.999998808 -0.001202806 -0.121671826 -0.000117845 0.001202691 0.999999344 4.840476990
0.999999821 0.000452868 -0.000082009 0.106736220 -0.000452959 0.999999285 -0.001110678 -0.129707277 0.000081506 0.001110715 0.999999404 5.102795601
0.999999821 0.000587674 0.000024510 0.108504653 -0.000587645 0.999999225 -0.001142294 -0.136378050 -0.000025181 0.001142279 0.999999344 5.359019279
0.999999464 0.001037843 0.000230335 0.111752279 -0.001037501 0.999998391 -0.001476547 -0.142151415 -0.000231867 0.001476307 0.999998868 5.637758732
0.999999702 0.000723472 0.000229122 0.115311906 -0.000723195 0.999998987 -0.001207226 -0.151533991 -0.000229995 0.001207060 0.999999225 5.904071808
0.999999642 0.000842151 0.000165658 0.124670267 -0.000841946 0.999998808 -0.001231825 -0.159810379 -0.000166696 0.001231685 0.999999225 6.185261250
0.999998629 0.001653411 0.000004674 0.128292590 -0.001653405 0.999997973 -0.001124629 -0.170469984 -0.000006533 0.001124620 0.999999344 6.458393574
0.999999583 0.000890946 0.000184476 0.133085370 -0.000890718 0.999998868 -0.001235748 -0.182218134 -0.000185577 0.001235583 0.999999166 6.745211124
0.999998987 0.001361635 0.000533753 0.134194389 -0.001360873 0.999998093 -0.001426282 -0.187693119 -0.000535695 0.001425554 0.999998808 7.047535896
0.999998569 0.001621694 0.000494239 0.142181188 -0.001621003 0.999997735 -0.001396373 -0.197229058 -0.000496502 0.001395570 0.999998927 7.341824532
0.999998927 0.001172422 0.000854653 0.142956570 -0.001170896 0.999997795 -0.001782808 -0.201388925 -0.000856741 0.001781805 0.999998093 7.655852795
0.999999464 0.000794200 0.000551541 0.150561884 -0.000793631 0.999999166 -0.001031103 -0.219378486 -0.000552360 0.001030665 0.999999344 7.965099335
0.999999166 0.001136357 0.000531972 0.156625926 -0.001135792 0.999998808 -0.001062134 -0.225939125 -0.000533178 0.001061529 0.999999285 8.288126945
0.999998569 0.001292898 0.001043711 0.156743392 -0.001291496 0.999998271 -0.001343551 -0.235024601 -0.001045446 0.001342201 0.999998569 8.619133949
0.999998093 0.001316255 0.001467087 0.156287104 -0.001313899 0.999997795 -0.001605819 -0.241653964 -0.001469198 0.001603888 0.999997675 8.965162277
0.999999166 0.000907445 0.000897345 0.172876164 -0.000906344 0.999998868 -0.001225920 -0.257622778 -0.000898456 0.001225105 0.999998868 9.293562889
0.999998629 0.001273550 0.001005281 0.180999324 -0.001272855 0.999998987 -0.000692197 -0.270511448 -0.001006161 0.000690916 0.999999225 9.632698059
0.999998927 0.000962368 0.001006305 0.185270369 -0.000961363 0.999999046 -0.000998986 -0.280338109 -0.001007266 0.000998018 0.999999046 9.982848167
0.999998271 0.001532229 0.000959011 0.194663152 -0.001531465 0.999998510 -0.000796906 -0.294026971 -0.000960231 0.000795436 0.999999285 10.337533951
0.999999106 0.000828031 0.000997323 0.202185839 -0.000827447 0.999999464 -0.000586261 -0.309328467 -0.000997807 0.000585435 0.999999344 10.688345909
0.999999404 0.000637356 0.000964374 0.210985139 -0.000636775 0.999999642 -0.000603349 -0.317506194 -0.000964758 0.000602735 0.999999344 11.062122345
0.999998689 0.000742547 0.001403202 0.213612169 -0.000741438 0.999999344 -0.000791007 -0.327087492 -0.001403789 0.000789965 0.999998689 11.438735962
0.999999106 0.000669158 0.001157049 0.221872523 -0.000668529 0.999999642 -0.000543738 -0.338767827 -0.001157412 0.000542964 0.999999166 11.820773125
0.999998987 0.000835342 0.001160416 0.232619330 -0.000834998 0.999999642 -0.000296863 -0.355533510 -0.001160663 0.000295893 0.999999285 12.202945709
0.999998808 0.000878216 0.001224141 0.242495313 -0.000877349 0.999999285 -0.000708097 -0.362191290 -0.001224763 0.000707022 0.999998987 12.592590332
0.999998212 0.000854560 0.001646671 0.245573699 -0.000853368 0.999999285 -0.000724280 -0.370875597 -0.001647290 0.000722873 0.999998391 12.994927406
0.999998391 0.001015893 0.001476775 0.254001737 -0.001014913 0.999999285 -0.000664143 -0.384683430 -0.001477448 0.000662643 0.999998689 13.390748978
0.999997497 0.000987776 0.002000320 0.260206342 -0.000986081 0.999999166 -0.000848554 -0.389934093 -0.002001155 0.000846579 0.999997616 13.809406281
0.999997377 0.000636042 0.002197357 0.266272277 -0.000634542 0.999999583 -0.000682862 -0.403915226 -0.002197790 0.000681466 0.999997377 14.219768524
0.999996483 0.001136095 0.002392202 0.277186215 -0.001134236 0.999999046 -0.000778155 -0.415922076 -0.002393085 0.000775439 0.999996901 14.643482208
0.999996901 0.000670404 0.002413661 0.289048195 -0.000670095 0.999999821 -0.000128791 -0.432662249 -0.002413746 0.000127173 0.999997020 15.071055412
0.999996245 0.000822483 0.002622597 0.299602419 -0.000821801 0.999999762 -0.000261071 -0.445435226 -0.002622810 0.000258914 0.999996543 15.501832962
0.999995172 0.000718501 0.003018883 0.308429420 -0.000716738 0.999999583 -0.000584857 -0.456102282 -0.003019302 0.000582691 0.999995291 15.943715096
0.999994576 0.000785009 0.003176306 0.319319189 -0.000783325 0.999999523 -0.000531356 -0.466811955 -0.003176721 0.000528865 0.999994814 16.391824722
0.999993145 0.000872612 0.003599999 0.328783333 -0.000870505 0.999999404 -0.000586681 -0.481158435 -0.003600507 0.000583543 0.999993324 16.837596893
0.999991953 0.001168923 0.003839819 0.339170218 -0.001167136 0.999999225 -0.000467837 -0.495284438 -0.003840363 0.000463351 0.999992430 17.296926498
0.999990761 0.001116925 0.004156685 0.347810745 -0.001115258 0.999999225 -0.000403275 -0.507101953 -0.004157132 0.000398635 0.999991298 17.762357712
0.999987006 0.001690975 0.004822039 0.354423225 -0.001687651 0.999998331 -0.000693489 -0.517144561 -0.004823202 0.000685342 0.999988198 18.234519958
0.999989152 0.001063111 0.004544010 0.375669837 -0.001060845 0.999999225 -0.000501263 -0.528243482 -0.004544540 0.000496437 0.999989569 18.707046509
0.999986291 0.001682946 0.004949007 0.383337766 -0.001678753 0.999998152 -0.000851090 -0.543099403 -0.004950430 0.000842770 0.999987364 19.178194046
0.999985099 0.001095470 0.005358083 0.398505121 -0.001089589 0.999998748 -0.001100341 -0.552983344 -0.005359281 0.001094486 0.999985039 19.660804749
0.999984801 0.001079658 0.005401280 0.401466757 -0.001072635 0.999998569 -0.001303030 -0.559856415 -0.005402681 0.001297217 0.999984503 20.164073944
0.999987304 0.001186280 0.004899333 0.415755808 -0.001184054 0.999999166 -0.000457014 -0.588583291 -0.004899872 0.000451207 0.999987841 20.646524429
0.999986053 0.001797866 0.004971947 0.423334271 -0.001793265 0.999997854 -0.000929566 -0.595753551 -0.004973607 0.000920637 0.999987185 21.148498535
0.999986887 0.001472574 0.004900278 0.431108743 -0.001468516 0.999998510 -0.000831589 -0.605440617 -0.004901495 0.000824382 0.999987662 21.657798767
0.999991298 0.000887184 0.004080542 0.435331762 -0.000886589 0.999999702 -0.000147736 -0.631075382 -0.004080672 0.000144117 0.999991596 22.153680801
0.999992728 0.001219465 0.003617655 0.451280564 -0.001216626 0.999998987 -0.000786974 -0.636161685 -0.003618611 0.000782567 0.999993145 22.665754318
0.999991298 0.001843985 0.003749797 0.448309481 -0.001841085 0.999998033 -0.000776461 -0.652685106 -0.003751224 0.000769550 0.999992669 23.195077896
0.999995470 0.001457131 0.002641804 0.466102511 -0.001454481 0.999998450 -0.001004780 -0.671114862 -0.002643263 0.001000933 0.999996066 23.715923309
0.999996662 0.000752230 0.002446419 0.471337825 -0.000749227 0.999998987 -0.001228189 -0.684389710 -0.002447340 0.001226352 0.999996185 24.240581512
0.999996305 0.001785233 0.002068173 0.475699246 -0.001783354 0.999998033 -0.000910037 -0.698608756 -0.002069792 0.000906345 0.999997437 24.781604767
0.999997318 0.002104997 0.001105135 0.496094704 -0.002104260 0.999997556 -0.000667781 -0.718659580 -0.001106538 0.000665454 0.999999166 25.314191818
0.999996960 0.002235537 0.001048802 0.502119243 -0.002234960 0.999997318 -0.000550727 -0.732571721 -0.001050030 0.000548381 0.999999285 25.867206573
0.999996185 0.002485705 0.001284067 0.507573307 -0.002484862 0.999996722 -0.000657978 -0.749242365 -0.001285699 0.000654785 0.999998987 26.413185120
0.999998271 0.001845878 -0.000139401 0.518733859 -0.001845923 0.999998271 -0.000322712 -0.763992906 0.000138805 0.000322969 0.999999940 26.976243973
0.999998271 0.001677947 -0.000757898 0.535099089 -0.001678242 0.999998510 -0.000388383 -0.788195610 0.000757245 0.000389655 0.999999642 27.512514114
0.999994576 0.003296897 -0.000090163 0.536165655 -0.003296953 0.999994338 -0.000628035 -0.803213060 0.000088092 0.000628328 0.999999762 28.074501038
0.999995649 0.002878479 -0.000520456 0.538227618 -0.002878612 0.999995828 -0.000254603 -0.813640177 0.000519721 0.000256100 0.999999821 28.612998962
0.999997437 0.002098617 -0.000905136 0.549841344 -0.002098911 0.999997795 -0.000324206 -0.826517045 0.000904454 0.000326105 0.999999523 29.152906418
0.999995887 0.002693004 -0.000908463 0.556586087 -0.002693109 0.999996364 -0.000115465 -0.846582890 0.000908148 0.000117912 0.999999583 29.707599640
0.999995530 0.002772397 -0.001119484 0.561869085 -0.002772466 0.999996126 -0.000060730 -0.859970927 0.001119311 0.000063833 0.999999344 30.254974365
0.999995470 0.002848382 -0.000965866 0.574166000 -0.002848597 0.999995828 -0.000220838 -0.878415585 0.000965234 0.000223588 0.999999464 30.795776367
0.999994516 0.002904963 -0.001563489 0.582972705 -0.002905206 0.999995768 -0.000152661 -0.893749893 0.001563039 0.000157203 0.999998748 31.357881546
0.999993205 0.003159762 -0.001898806 0.592458069 -0.003159968 0.999994934 -0.000105411 -0.906706870 0.001898463 0.000111410 0.999998212 31.909543991
0.999993086 0.003026990 -0.002153523 0.606468320 -0.003026774 0.999995291 0.000103535 -0.926483691 0.002153826 -0.000097016 0.999997735 32.453552246
0.999993145 0.003246894 -0.001789691 0.606410086 -0.003247170 0.999994636 -0.000150877 -0.932786345 0.001789192 0.000156687 0.999998391 33.002956390
0.999990761 0.003588205 -0.002370595 0.616899490 -0.003589638 0.999993324 -0.000600860 -0.950674534 0.002368423 0.000609364 0.999997020 33.539279938
0.999991894 0.003674259 -0.001731506 0.619788885 -0.003675160 0.999993026 -0.000517563 -0.959003091 0.001729594 0.000523923 0.999998331 34.115676880
0.999991596 0.003377094 -0.002311495 0.627872705 -0.003378884 0.999993920 -0.000771466 -0.975474358 0.002308876 0.000779270 0.999997079 34.660705566
0.999991298 0.003745058 -0.001802652 0.636171222 -0.003745931 0.999992847 -0.000480539 -0.991744816 0.001800840 0.000487287 0.999998271 35.206645966
0.999991834 0.003632642 -0.001782924 0.641528189 -0.003633749 0.999993145 -0.000617329 -1.005941868 0.001780670 0.000623803 0.999998152 35.756538391
0.999990702 0.004089060 -0.001349469 0.657654464 -0.004088603 0.999991536 0.000341816 -1.032897949 0.001350855 -0.000336295 0.999999046 36.295364380
0.999988437 0.004357037 -0.002017139 0.663221240 -0.004358294 0.999990284 -0.000619015 -1.041752458 0.002014422 0.000627800 0.999997795 36.866981506
0.999984264 0.005410721 -0.001458467 0.668789327 -0.005411694 0.999985158 -0.000665093 -1.055479765 0.001454847 0.000672975 0.999998748 37.411437988
0.999987185 0.004373268 -0.002518123 0.685141921 -0.004375191 0.999990165 -0.000758539 -1.074584961 0.002514781 0.000769547 0.999996483 37.977859497
0.999989867 0.003883298 -0.002224694 0.694955587 -0.003885780 0.999991894 -0.001112281 -1.086438298 0.002220355 0.001120914 0.999996901 38.527423859
0.999988675 0.004183901 -0.002285914 0.701714933 -0.004185757 0.999990940 -0.000807920 -1.105779409 0.002282513 0.000817479 0.999997079 39.079162598
0.999985218 0.004685032 -0.002729170 0.714517117 -0.004685899 0.999988973 -0.000311671 -1.126288295 0.002727680 0.000324455 0.999996185 39.620155334
0.999984682 0.005016774 -0.002325845 0.723416090 -0.005017869 0.999987304 -0.000464541 -1.139182329 0.002323485 0.000476205 0.999997199 40.170959473
0.999984920 0.004839072 -0.002603229 0.743328631 -0.004839758 0.999988258 -0.000256974 -1.163169980 0.002601956 0.000269569 0.999996603 40.714748383
0.999982178 0.004930163 -0.003373628 0.757002532 -0.004931107 0.999987781 -0.000271696 -1.176637053 0.003372248 0.000288327 0.999994278 41.286380768
0.999981284 0.004947017 -0.003626546 0.770849228 -0.004946556 0.999987721 0.000135981 -1.194117427 0.003627175 -0.000118040 0.999993443 41.833305359
0.999982178 0.004760373 -0.003602292 0.791176081 -0.004761057 0.999988556 -0.000181235 -1.210006595 0.003601389 0.000198382 0.999993443 42.376106262
0.999978423 0.005566557 -0.003491355 0.781964898 -0.005568882 0.999984264 -0.000656608 -1.214430690 0.003487645 0.000676036 0.999993682 42.948780060
0.999979496 0.005365846 -0.003506864 0.794876099 -0.005367071 0.999985456 -0.000340115 -1.232753873 0.003504988 0.000358930 0.999993801 43.482925415
0.999975979 0.006179825 -0.003134283 0.802703857 -0.006182998 0.999980330 -0.001004020 -1.244669437 0.003128017 0.001023375 0.999994576 44.036731720
0.999981761 0.005102627 -0.003226163 0.799041629 -0.005104207 0.999986827 -0.000482359 -1.261906028 0.003223660 0.000498818 0.999994695 44.596538544
0.999980628 0.005665222 -0.002590511 0.805007577 -0.005669113 0.999982834 -0.001497068 -1.268941522 0.002581985 0.001511725 0.999995530 45.148315430
0.999981046 0.005882819 -0.001770199 0.813830376 -0.005885180 0.999981761 -0.001331256 -1.279961348 0.001762334 0.001341648 0.999997616 45.682552338
0.999982178 0.005125598 -0.003060093 0.826659918 -0.005126775 0.999986768 -0.000376624 -1.311626554 0.003058122 0.000392305 0.999995172 46.250259399
0.999984145 0.004789752 -0.002970583 0.839677393 -0.004793253 0.999987841 -0.001172555 -1.322798133 0.002964931 0.001186776 0.999994874 46.793762207
0.999978125 0.005658061 -0.003430578 0.863161206 -0.005658696 0.999983907 -0.000175639 -1.354123950 0.003429530 0.000195049 0.999994040 47.320808411
0.999986172 0.004489587 -0.002738747 0.835624933 -0.004492635 0.999989271 -0.001108378 -1.346481323 0.002733742 0.001120667 0.999995589 47.888999939
0.999986112 0.005006119 -0.001642042 0.834841371 -0.005007356 0.999987125 -0.000750953 -1.363029122 0.001638263 0.000759165 0.999998331 48.442184448
0.999986470 0.004980900 -0.001508067 0.848308206 -0.004982957 0.999986589 -0.001363070 -1.367763519 0.001501257 0.001370566 0.999997973 48.992393494
0.999986768 0.004485712 -0.002520902 0.852682650 -0.004488894 0.999989152 -0.001257278 -1.386768103 0.002515235 0.001268578 0.999995947 49.524295807
0.999986649 0.004740611 -0.002049267 0.862962723 -0.004743895 0.999987543 -0.001599952 -1.401524782 0.002041657 0.001609652 0.999996543 50.073215485
0.999986172 0.004961755 -0.001721325 0.872607350 -0.004963645 0.999987066 -0.001095921 -1.422776818 0.001715865 0.001104450 0.999997854 50.628616333
0.999987423 0.004543506 -0.002109502 0.877205789 -0.004546621 0.999988556 -0.001474336 -1.437910199 0.002102779 0.001483909 0.999996662 51.172126770
0.999986589 0.004875649 -0.001703672 0.886555016 -0.004877233 0.999987662 -0.000927067 -1.456140161 0.001699131 0.000935363 0.999998093 51.728477478
0.999988079 0.004687357 -0.001305215 0.890687644 -0.004688860 0.999988258 -0.001151231 -1.472806096 0.001299803 0.001157338 0.999998391 52.278015137
0.999987602 0.004084348 -0.002839768 0.919480026 -0.004089255 0.999990106 -0.001724449 -1.484872460 0.002832698 0.001736041 0.999994457 52.814891815
0.999988675 0.004187432 -0.002274761 0.922830641 -0.004191082 0.999989986 -0.001601530 -1.500276208 0.002268032 0.001611046 0.999996066 53.353603363
0.999988496 0.003930326 -0.002748641 0.936386883 -0.003934477 0.999991119 -0.001506004 -1.516681433 0.002742700 0.001516802 0.999995053 53.907649994
0.999987364 0.004505709 -0.002199779 0.945428908 -0.004509917 0.999988019 -0.001912156 -1.532160640 0.002191138 0.001922053 0.999995708 54.452136993
0.999988973 0.004491620 -0.001393268 0.938233018 -0.004494411 0.999987900 -0.002005964 -1.538340807 0.001384241 0.002012204 0.999997079 55.025707245
0.999988735 0.003617695 -0.003052978 0.972687721 -0.003623059 0.999991834 -0.001753277 -1.566131353 0.003046610 0.001764318 0.999993801 55.550437927
0.999988258 0.004253190 -0.002286383 0.975606918 -0.004256752 0.999989629 -0.001555102 -1.583144903 0.002279746 0.001564817 0.999996185 56.103427887
0.999987125 0.004117960 -0.002962567 0.981467962 -0.004123570 0.999989688 -0.001890612 -1.593710423 0.002954751 0.001902804 0.999993742 56.650112152
0.999987662 0.003729616 -0.003264556 1.002353191 -0.003734792 0.999991834 -0.001580667 -1.614343643 0.003258634 0.001592840 0.999993384 57.191001892
0.999985099 0.004706413 -0.002760245 1.004877806 -0.004711444 0.999987245 -0.001819361 -1.627041340 0.002751648 0.001832339 0.999994457 57.729213715
0.999984980 0.004918351 -0.002408101 1.008486390 -0.004922242 0.999986529 -0.001611704 -1.645876646 0.002400142 0.001623533 0.999995768 58.280941010
0.999987841 0.004500682 -0.002002489 1.021568298 -0.004504722 0.999987841 -0.002018132 -1.657773137 0.001993382 0.002027128 0.999995887 58.820327759
0.999987006 0.004464709 -0.002456552 1.029712915 -0.004470827 0.999986887 -0.002490183 -1.666094661 0.002445402 0.002501134 0.999993801 59.367179871
0.999988019 0.004379240 -0.002170522 1.038160920 -0.004385281 0.999986470 -0.002786751 -1.682199836 0.002158289 0.002796236 0.999993682 59.911602020
0.999987066 0.004923362 -0.001269999 1.039886475 -0.004926947 0.999983847 -0.002834234 -1.695638776 0.001256023 0.002840455 0.999995172 60.469730377
0.999986529 0.004501857 -0.002572048 1.055555463 -0.004509429 0.999985516 -0.002945670 -1.709429026 0.002558748 0.002957229 0.999992371 60.994064331
0.999981225 0.005839037 -0.001848680 1.061606050 -0.005843459 0.999980032 -0.002395047 -1.733286023 0.001834658 0.002405805 0.999995410 61.545574188
0.999983847 0.005217064 -0.002253470 1.076647758 -0.005223250 0.999982595 -0.002747692 -1.743386626 0.002239095 0.002759418 0.999993801 62.092655182
0.999983907 0.004714264 -0.003154868 1.091436267 -0.004724107 0.999983907 -0.003119853 -1.759452343 0.003140110 0.003134707 0.999990106 62.617057800
0.999984205 0.004992608 -0.002563633 1.098372698 -0.005000138 0.999983132 -0.002939663 -1.780580282 0.002548913 0.002952435 0.999992371 63.163139343
0.999983430 0.005549690 -0.001535079 1.094509602 -0.005553268 0.999981761 -0.002336831 -1.798650265 0.001522083 0.002345317 0.999996126 63.713638306
0.999983311 0.005119110 -0.002665614 1.111217380 -0.005125786 0.999983728 -0.002503198 -1.814161181 0.002652755 0.002516820 0.999993324 64.246681213
0.999984205 0.005278805 -0.001909214 1.110023022 -0.005283811 0.999982595 -0.002626077 -1.829951644 0.001895317 0.002636123 0.999994814 64.794624329
0.999983191 0.005561801 -0.001608816 1.118179321 -0.005565725 0.999981523 -0.002444602 -1.838700533 0.001595188 0.002453516 0.999995768 65.321884155
0.999983311 0.005517231 -0.001759327 1.126801133 -0.005522348 0.999980509 -0.002916806 -1.852499604 0.001743201 0.002926473 0.999994218 65.854408264
0.999984622 0.004959025 -0.002457413 1.142014146 -0.004966129 0.999983430 -0.002893519 -1.873704910 0.002443022 0.002905678 0.999992788 66.416229248
0.999986053 0.004811277 -0.002142242 1.145041347 -0.004818269 0.999983013 -0.003270917 -1.884062529 0.002126468 0.003281194 0.999992371 66.972892761
0.999981999 0.005535619 -0.002313241 1.160646558 -0.005542357 0.999980330 -0.002917077 -1.910810471 0.002297047 0.002929845 0.999993086 67.518394470
0.999984026 0.004932058 -0.002752947 1.174492478 -0.004939169 0.999984443 -0.002581910 -1.926412225 0.002740170 0.002595466 0.999992847 68.052307129
0.999979436 0.005867125 -0.002610810 1.186494946 -0.005873248 0.999980032 -0.002343609 -1.948178887 0.002597007 0.002358894 0.999993920 68.585037231
0.999983788 0.005124623 -0.002491800 1.197459698 -0.005130821 0.999983668 -0.002487306 -1.965395927 0.002479014 0.002500050 0.999993801 69.133117676
0.999982536 0.005250738 -0.002723051 1.198321462 -0.005258280 0.999982297 -0.002770040 -1.975520968 0.002708459 0.002784311 0.999992371 69.674560547
0.999983966 0.005050386 -0.002593423 1.210596085 -0.005058463 0.999982357 -0.003117922 -1.985472798 0.002577631 0.003130991 0.999991775 70.225517273
0.999983311 0.005354539 -0.002181106 1.209590673 -0.005360306 0.999982119 -0.002646222 -2.011293411 0.002166897 0.002657870 0.999994099 70.766738892
0.999983132 0.005133566 -0.002718197 1.227965117 -0.005139820 0.999984086 -0.002299037 -2.029584169 0.002706351 0.002312969 0.999993622 71.311889648
0.999980927 0.005645565 -0.002515636 1.233842134 -0.005652141 0.999980569 -0.002615173 -2.047854185 0.002500824 0.002629342 0.999993384 71.858085632
0.999981046 0.005657963 -0.002438416 1.245891571 -0.005664191 0.999980688 -0.002554482 -2.066153049 0.002423916 0.002568246 0.999993742 72.403915405
0.999979734 0.005982756 -0.002141192 1.243739724 -0.005988861 0.999978006 -0.002856222 -2.078030586 0.002124056 0.002868987 0.999993622 72.944831848
0.999979615 0.006138719 -0.001682798 1.253205776 -0.006143527 0.999977052 -0.002867281 -2.097170115 0.001665158 0.002877562 0.999994457 73.494949341
0.999979019 0.006203609 -0.001862246 1.261003852 -0.006208236 0.999977648 -0.002489023 -2.119108200 0.001846763 0.002500532 0.999995172 74.038589478
0.999982119 0.005586907 -0.002131676 1.266936421 -0.005592493 0.999980927 -0.002624467 -2.131376266 0.002116972 0.002636341 0.999994278 74.568496704
0.999981642 0.005628456 -0.002213866 1.278674364 -0.005633666 0.999981344 -0.002354231 -2.148740053 0.002200575 0.002366660 0.999994755 75.101509094
0.999981523 0.005705844 -0.002077856 1.283874631 -0.005710589 0.999981105 -0.002285127 -2.165152788 0.002064777 0.002296951 0.999995232 75.647598267
0.999983311 0.005296922 -0.002355084 1.296595693 -0.005302748 0.999982893 -0.002475323 -2.181514978 0.002341933 0.002487770 0.999994159 76.188957214
0.999978602 0.005942083 -0.002746437 1.307145000 -0.005948704 0.999979436 -0.002408517 -2.202431440 0.002732069 0.002424803 0.999993324 76.731445312
0.999984741 0.005157053 -0.001939972 1.314505816 -0.005162555 0.999982655 -0.002841621 -2.213791370 0.001925284 0.002851593 0.999994040 77.282913208
0.999983668 0.005157681 -0.002470736 1.334256768 -0.005164627 0.999982715 -0.002812863 -2.227911472 0.002456185 0.002825577 0.999992967 77.838195801
0.999984205 0.005122234 -0.002325316 1.345560551 -0.005127698 0.999984145 -0.002349550 -2.250308037 0.002313245 0.002361436 0.999994516 78.384963989
0.999982953 0.005467652 -0.002056135 1.353166699 -0.005472977 0.999981642 -0.002593092 -2.268093586 0.002041919 0.002604301 0.999994576 78.938697815
0.999982536 0.005282342 -0.002642488 1.365599632 -0.005288448 0.999983370 -0.002309169 -2.286302805 0.002630245 0.002323104 0.999993861 79.458747864
0.999984324 0.005216550 -0.002008594 1.370032072 -0.005222502 0.999981999 -0.002969381 -2.297987700 0.001993068 0.002979825 0.999993622 80.009025574
0.999982715 0.005192617 -0.002737647 1.386693120 -0.005200289 0.999982536 -0.002803054 -2.315954924 0.002723043 0.002817242 0.999992311 80.548545837
0.999985754 0.005150067 -0.001377904 1.393868089 -0.005153609 0.999983370 -0.002578535 -2.332417965 0.001364603 0.002585600 0.999995649 81.104011536
0.999984920 0.005478800 -0.000470243 1.405264854 -0.005479937 0.999982059 -0.002448364 -2.349923372 0.000456821 0.002450904 0.999996901 81.648994446
0.999982178 0.005864106 0.001094345 1.416389465 -0.005861205 0.999979377 -0.002634709 -2.367720842 -0.001109775 0.002628248 0.999995947 82.203842163
0.999981463 0.005655271 0.002247701 1.430931330 -0.005649464 0.999980688 -0.002581873 -2.385337591 -0.002262261 0.002569127 0.999994159 82.746726990
0.999970138 0.005648690 0.005265359 1.450758219 -0.005632718 0.999979496 -0.003043148 -2.398095608 -0.005282440 0.003013400 0.999981523 83.302207947
0.999944985 0.005303431 0.009044122 1.471301317 -0.005281849 0.999983132 -0.002408596 -2.421150208 -0.009056744 0.002360694 0.999956191 83.837997437
0.999903917 0.006071107 0.012459890 1.483177423 -0.006038983 0.999978364 -0.002614425 -2.436976910 -0.012475490 0.002538929 0.999918878 84.390060425
0.999835968 0.005469207 0.017262626 1.518239498 -0.005425743 0.999982059 -0.002563687 -2.463881969 -0.017276339 0.002469604 0.999847710 84.925582886
0.999698102 0.006184537 0.023781404 1.537167192 -0.006120863 0.999977529 -0.002749318 -2.473236322 -0.023797873 0.002602926 0.999713302 85.490516663
0.999579012 0.005812440 0.028422926 1.575595140 -0.005735232 0.999979734 -0.002797144 -2.494620800 -0.028438613 0.002632954 0.999592006 86.030372620
0.999402702 0.004905184 0.034204878 1.614669681 -0.004821866 0.999985099 -0.002517912 -2.513043404 -0.034216732 0.002351477 0.999411643 86.573204041
0.999076724 0.004841973 0.042688951 1.650170565 -0.004754182 0.999986351 -0.002157803 -2.534786701 -0.042698815 0.001952860 0.999086082 87.116310120
0.998710692 0.005660796 0.050447073 1.694306135 -0.005535747 0.999981225 -0.002618166 -2.548072577 -0.050460953 0.002335528 0.998723269 87.673149109
0.998317719 0.005648109 0.057705428 1.736871004 -0.005511840 0.999981642 -0.002520323 -2.564910650 -0.057718605 0.002198020 0.998330474 88.217361450
0.997771442 0.004999557 0.066537939 1.792676926 -0.004822489 0.999984384 -0.002821473 -2.576417923 -0.066551007 0.002494307 0.997779906 88.760940552
0.997031569 0.005705554 0.076782480 1.851674557 -0.005505967 0.999980867 -0.002810812 -2.592665195 -0.076797046 0.002379706 0.997043908 89.318489075
0.996340454 0.004645198 0.085347481 1.912601948 -0.004368841 0.999984503 -0.003424503 -2.598392248 -0.085362077 0.003039101 0.996345341 89.870536804
0.995614529 0.004826054 0.093425959 1.985308170 -0.004529706 0.999984026 -0.003383828 -2.621695518 -0.093440793 0.002945797 0.995620489 90.417808533
0.994573474 0.004863630 0.103923284 2.070160866 -0.004586611 0.999985218 -0.002904428 -2.642585039 -0.103935875 0.002412011 0.994581103 90.953681946
0.993397713 0.004864864 0.114618316 2.146373749 -0.004544341 0.999984980 -0.003057567 -2.655616999 -0.114631481 0.002516516 0.993404865 91.515121460
0.992321253 0.004048756 0.123620838 2.238051414 -0.003712271 0.999988675 -0.002952135 -2.675826550 -0.123631403 0.002470552 0.992325187 92.054176331
0.990887940 0.004770834 0.134603962 2.329433441 -0.004425201 0.999986112 -0.002866850 -2.688558578 -0.134615779 0.002245077 0.990895391 92.583953857
0.989125013 0.004240789 0.147015482 2.427819252 -0.003852922 0.999988258 -0.002922948 -2.712426662 -0.147026166 0.002324722 0.989129841 93.147102356
0.987472534 0.003785716 0.157745093 2.535179138 -0.003458023 0.999991298 -0.002351772 -2.736890554 -0.157752588 0.001776824 0.987477064 93.685874939
0.985732198 0.004035532 0.168272600 2.642414093 -0.003623105 0.999989748 -0.002757897 -2.744321346 -0.168282002 0.002108879 0.985736668 94.232467651
0.983572483 0.003856598 0.180472046 2.769807816 -0.003348651 0.999989510 -0.003119138 -2.760623455 -0.180482164 0.002463560 0.983575165 94.757087708
0.981052577 0.003629050 0.193707511 2.890236855 -0.003143231 0.999991119 -0.002815289 -2.775841713 -0.193715990 0.002153079 0.981055260 95.311912537
0.979044020 0.003689133 0.203615144 3.025358200 -0.003259657 0.999991715 -0.002444591 -2.800304174 -0.203622460 0.001729647 0.979047954 95.819786072
0.976170599 0.003663586 0.216974020 3.161857605 -0.003140831 0.999991238 -0.002754095 -2.809085846 -0.216982231 0.002006987 0.976173520 96.366668701
0.973087907 0.003116709 0.230413005 3.312402725 -0.002601490 0.999993384 -0.002539831 -2.828575611 -0.230419382 0.001872061 0.973089635 96.909065247
0.970366657 0.002605296 0.241623253 3.462709427 -0.002051658 0.999994695 -0.002542894 -2.848043442 -0.241628632 0.001971812 0.970366836 97.439529419
0.967311502 0.002357901 0.253580570 3.621990204 -0.001781251 0.999995232 -0.002503609 -2.860602856 -0.253585309 0.001970079 0.967311025 97.962059021
0.963456869 0.002502176 0.267852336 3.775270462 -0.002007480 0.999995649 -0.002120741 -2.883291960 -0.267856508 0.001505533 0.963457763 98.505043030
0.959767163 0.002595123 0.280785382 3.943416595 -0.002024180 0.999995232 -0.002323373 -2.896686316 -0.280790120 0.001661537 0.959767759 99.041030884
0.956613362 0.001847894 0.291354269 4.120956421 -0.001207803 0.999996424 -0.002376785 -2.912579775 -0.291357636 0.001921766 0.956612289 99.535018921
0.952273607 0.001432492 0.305242836 4.308263779 -0.000799477 0.999997258 -0.002198795 -2.932076931 -0.305245131 0.001849820 0.952271998 100.061744690
0.948029816 0.001096012 0.318179637 4.512334824 -0.000408071 0.999997437 -0.002228759 -2.949796200 -0.318181276 0.001983090 0.948027730 100.558288574
0.943967164 0.000501405 0.330038995 4.706617355 0.000205610 0.999997675 -0.002107306 -2.960879564 -0.330039293 0.002057088 0.943964899 101.086196899
0.939349771 0.000478025 0.342960328 4.919353485 0.000378112 0.999996960 -0.002429446 -2.977572441 -0.342960447 0.002411777 0.939346790 101.607902527
0.934192598 0.000504105 0.356768817 5.143068314 0.000412402 0.999996781 -0.002492837 -2.993878126 -0.356768966 0.002475922 0.934189379 102.110649109
0.929282546 -0.000496965 0.369369298 5.358274460 0.001494961 0.999995947 -0.002415680 -3.008874416 -0.369366556 0.002797042 0.929279506 102.623832703
0.924698412 -0.001389609 0.380697936 5.592512131 0.002593723 0.999993086 -0.002649904 -3.023010492 -0.380691588 0.003437787 0.924695730 103.129043579
0.918529689 -0.001357877 0.395349503 5.819217682 0.002443705 0.999994516 -0.002242943 -3.043498993 -0.395344257 0.003026328 0.918528020 103.619743347
0.912838161 -0.002533829 0.408313602 6.063480377 0.003940102 0.999988794 -0.002603084 -3.053736448 -0.408302486 0.003984991 0.912838042 104.107696533
0.907928288 -0.002086008 0.419120461 6.311607361 0.003268280 0.999992430 -0.002102906 -3.075231552 -0.419112891 0.003279091 0.907928169 104.586952209
0.901298165 -0.002580469 0.433191568 6.570499420 0.003635414 0.999992013 -0.001607011 -3.103001356 -0.433183998 0.003023226 0.901300430 105.096252441
0.894850075 -0.002841425 0.446357787 6.840736389 0.003907904 0.999991238 -0.001468749 -3.125832796 -0.446349710 0.003058633 0.894853354 105.557373047
0.888629138 -0.003390538 0.458613843 7.118995667 0.004848951 0.999986231 -0.002002618 -3.130740166 -0.458600789 0.004003380 0.888633370 106.074058533
0.882978678 -0.004028760 0.469395936 7.360069275 0.005256297 0.999985337 -0.001304861 -3.152680874 -0.469383836 0.003619449 0.882986784 106.523651123
0.875775933 -0.004196689 0.482699633 7.671436310 0.005592616 0.999983311 -0.001452787 -3.171324253 -0.482685477 0.003971869 0.875784755 107.018791199
