1.000000000 0.000000000 0.000000000 0.000000000 0.000000000 1.000000000 0.000000000 0.000000000 0.000000000 0.000000000 1.000000000 0.000000000
1.000000000 0.000033246 -0.000053640 0.003688967 -0.000033243 1.000000000 0.000065388 -0.000174129 0.000053642 -0.000065387 1.000000000 -0.000701410
1.000000000 -0.000095086 -0.000089350 0.001448661 0.000095092 1.000000000 0.000069435 0.000251966 0.000089344 -0.000069444 1.000000000 -0.000462383
1.000000000 -0.000057179 -0.000167789 0.004958685 0.000057170 1.000000000 -0.000050820 0.001441954 0.000167792 0.000050811 1.000000000 0.005129175
1.000000000 0.000103020 -0.000044472 0.001168483 -0.000103019 1.000000000 0.000023094 0.001419155 0.000044475 -0.000023089 1.000000000 -0.004518251
1.000000000 -0.000097555 -0.000102784 -0.000825861 0.000097557 1.000000000 0.000023806 0.000643925 0.000102782 -0.000023816 1.000000000 -0.002496219
0.999999940 -0.000201501 -0.000185921 0.003269353 0.000201487 1.000000000 -0.000076644 0.000339213 0.000185937 0.000076606 1.000000000 0.000990939
1.000000000 0.000017469 -0.000053004 0.002275421 -0.000017468 1.000000000 0.000001746 -0.000196469 0.000053004 -0.000001745 1.000000000 0.001693169
1.000000000 0.000042451 0.000036275 0.000264793 -0.000042449 1.000000000 -0.000040274 0.001698707 -0.000036276 0.000040273 1.000000000 -0.004534777
1.000000000 -0.000141867 -0.000132586 0.003529366 0.000141871 1.000000000 0.000031535 -0.000544484 0.000132581 -0.000031554 1.000000000 -0.000645457
0.999999940 -0.000164191 -0.000265778 0.007120190 0.000164178 1.000000000 -0.000045597 0.000746826 0.000265785 0.000045553 0.999999940 0.001828266
1.000000000 -0.000019009 -0.000122500 0.004184979 0.000019001 1.000000000 -0.000065672 0.000097174 0.000122502 0.000065670 1.000000000 0.002577234
0.999999940 -0.000378486 -0.000148394 0.000663170 0.000378504 0.999999940 0.000121095 -0.002465153 0.000148348 -0.000121152 1.000000000 -0.006131687
0.999999881 -0.000431131 -0.000320690 0.006466164 0.000431121 0.999999881 -0.000033734 -0.000993239 0.000320704 0.000033596 0.999999940 -0.002205234
1.000000000 -0.000132624 -0.000074420 0.004215634 0.000132624 1.000000000 -0.000005854 0.000168981 0.000074420 0.000005844 1.000000000 -0.000175879
1.000000000 0.000068993 -0.000054909 0.001920296 -0.000068996 1.000000000 -0.000057769 0.001931020 0.000054906 0.000057773 1.000000000 -0.007294749
1.000000000 -0.000123699 -0.000070820 0.001881403 0.000123698 1.000000000 -0.000010730 0.001267858 0.000070821 0.000010721 1.000000000 -0.007184327
1.000000000 -0.000065006 -0.000129801 0.002739656 0.000065001 1.000000000 -0.000038867 0.000446304 0.000129803 0.000038858 1.000000000 -0.008286072
1.000000000 -0.000111060 -0.000080305 0.003175917 0.000111062 1.000000000 0.000035969 -0.000801810 0.000080301 -0.000035978 1.000000000 -0.005450751
1.000000000 -0.000052310 -0.000122385 0.007043730 0.000052314 1.000000000 0.000031110 -0.000353717 0.000122384 -0.000031116 1.000000000 -0.000892979
0.999999940 -0.000252919 -0.000209997 0.007852179 0.000252931 0.999999940 0.000056548 -0.000484901 0.000209983 -0.000056601 1.000000000 -0.002154476
1.000000000 -0.000202441 -0.000060063 0.000779596 0.000202444 1.000000000 0.000047907 0.001925927 0.000060053 -0.000047920 1.000000000 -0.005707200
0.999999940 -0.000176801 -0.000173238 0.008744727 0.000176792 1.000000000 -0.000054672 -0.000105301 0.000173247 0.000054641 1.000000000 -0.000022640
1.000000000 -0.000045713 0.000003328 0.001102430 0.000045713 1.000000000 -0.000014137 0.001170469 -0.000003328 0.000014137 1.000000000 -0.008211174
1.000000000 0.000091007 0.000068770 -0.002593753 -0.000091000 1.000000000 -0.000093397 0.001968502 -0.000068779 0.000093391 1.000000000 -0.001237812
1.000000000 -0.000172902 -0.000156081 0.003793920 0.000172914 1.000000000 0.000077868 0.000507161 0.000156067 -0.000077895 1.000000000 0.002159361
0.999999881 -0.000364089 -0.000249501 0.007206019 0.000364103 0.999999940 0.000055476 0.002054506 0.000249481 -0.000055567 0.999999940 0.001200759
0.999999940 -0.000131702 -0.000216910 0.005493643 0.000131712 1.000000000 0.000043209 0.000049647 0.000216904 -0.000043237 1.000000000 0.000021795
0.999999940 -0.000212196 -0.000148932 0.004233285 0.000212218 0.999999940 0.000146605 0.000077307 0.000148901 -0.000146637 1.000000000 0.004016184
0.999999940 -0.000283967 -0.000179233 0.002474412 0.000283991 0.999999940 0.000130744 0.000571927 0.000179196 -0.000130795 1.000000000 0.002701029
0.999999940 -0.000329130 -0.000242095 0.005968049 0.000329164 0.999999940 0.000138382 -0.002514287 0.000242049 -0.000138462 0.999999940 -0.004624593
1.000000000 -0.000068053 -0.000222421 0.004848403 0.000068037 1.000000000 -0.000071702 0.000849821 0.000222426 0.000071686 1.000000000 0.000188018
1.000000000 -0.000091143 -0.000056904 -0.000219149 0.000091141 1.000000000 -0.000044619 0.003201553 0.000056908 0.000044613 1.000000000 -0.002628309
0.999999940 -0.000172545 -0.000190653 0.003464743 0.000172541 1.000000000 -0.000018171 0.002230610 0.000190656 0.000018138 1.000000000 0.003223351
0.999999940 -0.000247801 -0.000234560 0.005523893 0.000247786 0.999999940 -0.000065451 0.001730576 0.000234576 0.000065393 1.000000000 0.001878033
0.999999940 -0.000229088 -0.000191123 0.007313218 0.000229101 1.000000000 0.000064528 -0.000495175 0.000191108 -0.000064571 1.000000000 0.001526025
1.000000000 -0.000026272 -0.000110133 0.001239749 0.000026287 1.000000000 0.000133802 0.001593062 0.000110129 -0.000133805 1.000000000 -0.009932615
0.999999940 -0.000267022 -0.000232443 0.002042375 0.000267028 0.999999940 0.000027214 -0.000144949 0.000232435 -0.000027276 1.000000000 -0.004097885
0.999999940 -0.000209394 -0.000242323 0.007832912 0.000209253 0.999999821 -0.000581862 -0.003906523 0.000242444 0.000581812 0.999999821 0.047801051
0.999999940 -0.000123595 -0.000254041 0.006975094 0.000123254 0.999999106 -0.001341573 -0.002419292 0.000254206 0.001341542 0.999999046 0.145342112
1.000000000 -0.000022105 -0.000193627 0.006321380 0.000021830 0.999998987 -0.001416535 -0.010309237 0.000193658 0.001416530 0.999998987 0.265049130
1.000000000 -0.000142342 -0.000035080 0.005172301 0.000142299 0.999999225 -0.001232701 -0.016174948 0.000035256 0.001232696 0.999999225 0.384399921
0.999999940 -0.000144777 -0.000344741 0.012266147 0.000144393 0.999999344 -0.001112896 -0.019927440 0.000344902 0.001112846 0.999999344 0.547253132
0.999999940 -0.000255701 -0.000155936 0.013443271 0.000255530 0.999999344 -0.001092191 -0.027452761 0.000156215 0.001092151 0.999999404 0.694584608
0.999999940 -0.000303675 0.000024522 0.024009526 0.000303697 0.999999583 -0.000877649 -0.026595535 -0.000024256 0.000877656 0.999999642 0.863453329
1.000000000 -0.000036974 -0.000022692 0.016839024 0.000036957 0.999999702 -0.000744176 -0.032811932 0.000022720 0.000744175 0.999999702 1.036006093
0.999999940 0.000028809 0.000323159 0.015120843 -0.000028549 0.999999702 -0.000802620 -0.031206971 -0.000323182 0.000802611 0.999999642 1.213950992
0.999999881 -0.000426929 -0.000017392 0.033743624 0.000426919 0.999999762 -0.000569784 -0.042794600 0.000017635 0.000569776 0.999999821 1.418350101
0.999999821 -0.000028856 -0.000555129 0.047916491 0.000028606 0.999999881 -0.000450266 -0.055397559 0.000555142 0.000450250 0.999999762 1.622766495
0.999999821 -0.000585572 -0.000190509 0.044513650 0.000585539 0.999999821 -0.000175572 -0.056534857 0.000190612 0.000175461 0.999999940 1.787355423
0.999998510 -0.001666746 -0.000384291 0.038046475 0.001666985 0.999998391 0.000624858 -0.073018797 0.000383249 -0.000625498 0.999999702 1.976218104
0.999998927 -0.001409013 -0.000185253 0.043176431 0.001409119 0.999998808 0.000578331 -0.079609782 0.000184438 -0.000578591 0.999999821 2.205614567
0.999999762 -0.000531297 0.000336408 0.041470971 0.000531033 0.999999583 0.000782140 -0.081821278 -0.000336824 -0.000781961 0.999999642 2.411739588
0.999998808 -0.001428110 -0.000581156 0.053424485 0.001428754 0.999998391 0.001109038 -0.101991311 0.000579572 -0.001109867 0.999999225 2.684073925
0.999999225 -0.001132719 -0.000327203 0.052852202 0.001133179 0.999998331 0.001409274 -0.108397551 0.000325606 -0.001409644 0.999998927 2.915937424
0.999998808 -0.001420614 -0.000561690 0.066536725 0.001421337 0.999998152 0.001289248 -0.112585410 0.000559858 -0.001290045 0.999999046 3.151434660
0.999998748 -0.001574177 -0.000318564 0.061507475 0.001574536 0.999998093 0.001131378 -0.116049923 0.000316782 -0.001131878 0.999999285 3.402310610
0.999998152 -0.001761869 -0.000777045 0.074426234 0.001762996 0.999997377 0.001452633 -0.133734077 0.000774484 -0.001454000 0.999998629 3.689168930
0.999998689 -0.001239246 -0.001000355 0.080782533 0.001240761 0.999998033 0.001515113 -0.139343426 0.000998476 -0.001516353 0.999998391 3.928850889
0.999996424 -0.002253419 -0.001422858 0.097514585 0.002255605 0.999996245 0.001536497 -0.148275569 0.001419391 -0.001539701 0.999997795 4.209087849
0.999997914 -0.001744391 -0.001094264 0.095963098 0.001746332 0.999996901 0.001775639 -0.153901711 0.001091163 -0.001777546 0.999997795 4.470425606
0.999997556 -0.001802073 -0.001283334 0.104868859 0.001804471 0.999996603 0.001869930 -0.162540540 0.001279960 -0.001872241 0.999997377 4.704397202
0.999994576 -0.003011718 -0.001437998 0.104552716 0.003014195 0.999994099 0.001723192 -0.180213615 0.001432799 -0.001727517 0.999997497 5.045051575
0.999994040 -0.003255197 -0.001181431 0.109323025 0.003257222 0.999993265 0.001716445 -0.190226942 0.001175835 -0.001720283 0.999997854 5.303290844
0.999994874 -0.002962537 -0.001209619 0.112915151 0.002964793 0.999993861 0.001867751 -0.197391897 0.001204079 -0.001871328 0.999997556 5.571514130
0.999994814 -0.003031760 -0.001104469 0.117072731 0.003033909 0.999993503 0.001949651 -0.203956902 0.001098551 -0.001952992 0.999997437 5.818658352
0.999996245 -0.002656983 -0.000689875 0.119555950 0.002658508 0.999994040 0.002219442 -0.218031839 0.000683974 -0.002221268 0.999997318 6.098453045
0.999997795 -0.002003659 -0.000702356 0.131370470 0.002005276 0.999995291 0.002308132 -0.231624305 0.000697728 -0.002309534 0.999997139 6.342659950
0.999995708 -0.002705842 -0.001051133 0.124606028 0.002707999 0.999994218 0.002055439 -0.235987648 0.001045565 -0.002058276 0.999997318 6.753535748
0.999997377 -0.002018990 -0.000976383 0.123729371 0.002020870 0.999996066 0.001928188 -0.245428205 0.000972486 -0.001930157 0.999997675 7.043459415
0.999996006 -0.002706976 -0.000739622 0.131720498 0.002708432 0.999994397 0.001975097 -0.250134468 0.000734271 -0.001977092 0.999997735 7.333014488
0.999996424 -0.002542634 -0.000811811 0.149848953 0.002544418 0.999994338 0.002203717 -0.265182674 0.000806203 -0.002205775 0.999997199 7.636431217
0.999996543 -0.002526777 -0.000573283 0.148027152 0.002528101 0.999994040 0.002320251 -0.277364105 0.000567417 -0.002321693 0.999997139 7.950844765
0.999997020 -0.002304913 -0.000750706 0.182213128 0.002306933 0.999993682 0.002700999 -0.293642163 0.000744476 -0.002702723 0.999996066 8.255333900
0.999994278 -0.003284981 -0.000784382 0.139410272 0.003286790 0.999991894 0.002316133 -0.306911945 0.000776768 -0.002318698 0.999997020 8.657137871
0.999993503 -0.003528253 -0.000768083 0.152300581 0.003529875 0.999991536 0.002119885 -0.312806398 0.000760597 -0.002122582 0.999997497 8.986412048
0.999994516 -0.003225704 -0.000706691 0.148485899 0.003227099 0.999992788 0.001981360 -0.320134878 0.000700295 -0.001983629 0.999997795 9.330538750
0.999996722 -0.002521857 -0.000351610 0.149087831 0.002522590 0.999994516 0.002099500 -0.334183931 0.000346313 -0.002100379 0.999997735 9.671665192
0.999993503 -0.003477201 -0.000959874 0.175426960 0.003479621 0.999990702 0.002530378 -0.345977277 0.000951066 -0.002533702 0.999996305 10.009902954
0.999997318 -0.002253632 -0.000585738 0.167719021 0.002255150 0.999993980 0.002603874 -0.351172894 0.000579867 -0.002605188 0.999996424 10.363216400
0.999991953 -0.003795928 -0.001304834 0.175406590 0.003799755 0.999988437 0.002943470 -0.388624877 0.001293645 -0.002948404 0.999994814 10.836062431
0.999991238 -0.003998333 -0.001270458 0.182437152 0.004002201 0.999987304 0.003056233 -0.398036480 0.001258222 -0.003061291 0.999994516 11.195303917
0.999992132 -0.003764308 -0.001282905 0.181226283 0.003768658 0.999987066 0.003405233 -0.408049017 0.001270070 -0.003410041 0.999993384 11.574564934
0.999991536 -0.003984909 -0.000982484 0.190445796 0.003988508 0.999985218 0.003688446 -0.422311485 0.000967772 -0.003692333 0.999992669 11.943271637
0.999990404 -0.004219871 -0.001163403 0.216486931 0.004223259 0.999986827 0.002924325 -0.415492713 0.001151047 -0.002929209 0.999995053 12.341597557
0.999993920 -0.003410407 -0.000709893 0.206776574 0.003413099 0.999986887 0.003825484 -0.439684689 0.000696837 -0.003827884 0.999992371 12.700501442
0.999994993 -0.003018558 -0.000843410 0.224041849 0.003022066 0.999986649 0.004190846 -0.460459530 0.000830748 -0.004193374 0.999990880 13.073501587
0.999994278 -0.003191988 -0.001078044 0.234708667 0.003195737 0.999988794 0.003493982 -0.454312861 0.001066879 -0.003497408 0.999993324 13.522973061
0.999993503 -0.003518327 -0.000820706 0.223052278 0.003522108 0.999983072 0.004652938 -0.531045496 0.000804322 -0.004655799 0.999988854 14.034738541
0.999996841 -0.002515077 -0.000156890 0.224117517 0.002515795 0.999985516 0.004759585 -0.543419838 0.000144916 -0.004759965 0.999988675 14.449087143
0.999997258 -0.002345038 -0.000171635 0.233368739 0.002345908 0.999983430 0.005258824 -0.549684584 0.000159301 -0.005259211 0.999986172 14.882684708
0.999991834 -0.004005628 -0.000474975 0.255117655 0.004008140 0.999977291 0.005412249 -0.580556929 0.000453285 -0.005414109 0.999985158 15.270429611
0.999992788 -0.003806101 -0.000200371 0.255773515 0.003807132 0.999978065 0.005423799 -0.580425143 0.000179723 -0.005424522 0.999985218 15.644404411
0.999990642 -0.004332589 0.000098765 0.259112954 0.004331945 0.999973893 0.005778582 -0.592624664 -0.000123799 -0.005778099 0.999983311 16.072576523
0.999993682 -0.003502245 0.000576997 0.300786197 0.003498921 0.999977767 0.005663750 -0.597564340 -0.000596820 -0.005661695 0.999983788 16.582042694
0.999994159 -0.003319672 0.000828731 0.272241145 0.003314621 0.999976337 0.006023468 -0.635171950 -0.000848706 -0.006020685 0.999981463 16.976797104
0.999992013 -0.003842391 0.001139926 0.285086095 0.003835841 0.999976337 0.005694013 -0.639289320 -0.001161778 -0.005689594 0.999983132 17.444128036
0.999992847 -0.003119110 0.002108110 0.290328145 0.003105908 0.999975681 0.006237243 -0.653188229 -0.002127513 -0.006230651 0.999978364 17.896295547
0.999993682 -0.002682901 0.002364170 0.296795368 0.002667587 0.999975622 0.006456647 -0.666460276 -0.002381435 -0.006450299 0.999976397 18.353368759
0.999990702 -0.003567133 0.002418422 0.316142529 0.003550734 0.999970853 0.006751564 -0.668317735 -0.002442435 -0.006742914 0.999974251 18.829393387
0.999989808 -0.003677854 0.002639333 0.330935955 0.003658682 0.999967039 0.007232381 -0.684847534 -0.002665845 -0.007222650 0.999970376 19.294786453
0.999993145 -0.002514899 0.002727586 0.343400180 0.002495590 0.999971986 0.007059521 -0.691874623 -0.002745264 -0.007052665 0.999971390 19.765356064
0.999989212 -0.004179047 0.002058672 0.359787405 0.004164976 0.999968231 0.006792580 -0.694791257 -0.002086993 -0.006783932 0.999974787 20.177463531
0.999990642 -0.003831236 0.002021785 0.358582377 0.003815965 0.999964714 0.007503150 -0.768276453 -0.002050459 -0.007495365 0.999969780 20.624750137
0.999992192 -0.003410657 0.002060713 0.359232008 0.003396780 0.999971867 0.006700188 -0.775154173 -0.002083506 -0.006693135 0.999975383 21.125217438
0.999992132 -0.003565643 0.001719548 0.369069755 0.003551668 0.999961138 0.008062854 -0.799297392 -0.001748231 -0.008056683 0.999965966 21.636178970
0.999989450 -0.004506880 0.000939721 0.391182274 0.004499731 0.999961972 0.007475973 -0.817556322 -0.000973378 -0.007471665 0.999971569 22.157575607
0.999992371 -0.003770413 0.001038953 0.377772063 0.003761492 0.999957144 0.008458149 -0.835584521 -0.001070801 -0.008454175 0.999963641 22.666303635
0.999986708 -0.005144151 0.000342477 0.408432782 0.005140816 0.999945402 0.009110027 -0.890207291 -0.000389321 -0.009108148 0.999958396 23.095588684
0.999983668 -0.005704505 -0.000359782 0.410177588 0.005707395 0.999946594 0.008622952 -0.898272514 0.000310573 -0.008624866 0.999962687 23.608884811
0.999986589 -0.005175205 -0.000355663 0.410256058 0.005178134 0.999947846 0.008796475 -0.909867287 0.000310121 -0.008798199 0.999961257 24.157430649
0.999973953 -0.007091253 -0.001294026 0.419408858 0.007101937 0.999939084 0.008448356 -0.925561965 0.001234038 -0.008457327 0.999963522 24.709362030
0.999980569 -0.005836687 -0.002201973 0.436855674 0.005856379 0.999941885 0.009045339 -0.933384180 0.002149050 -0.009058057 0.999956667 25.119340897
0.999983430 -0.005173877 -0.002537287 0.443798542 0.005197478 0.999942422 0.009385305 -0.937884688 0.002488582 -0.009398336 0.999952734 25.667224884
0.999986291 -0.004588991 -0.002530566 0.437069774 0.004611954 0.999947667 0.009144411 -0.940172672 0.002488469 -0.009155955 0.999954998 26.221357346
0.999979854 -0.005385611 -0.003364652 0.441950828 0.005416503 0.999942660 0.009240421 -0.964639485 0.003314694 -0.009258462 0.999951661 26.668478012
0.999977827 -0.005585899 -0.003633766 0.450028896 0.005621386 0.999935925 0.009830034 -0.972302318 0.003578624 -0.009850243 0.999945104 27.213037491
0.999973714 -0.005717881 -0.004460236 0.468266636 0.005762440 0.999933064 0.010042077 -1.000326633 0.004402518 -0.010067514 0.999939680 27.757253647
0.999980271 -0.004493494 -0.004391257 0.489670724 0.004537066 0.999940097 0.009963099 -1.005836606 0.004346224 -0.009982827 0.999940753 28.318136215
0.999983966 -0.003769536 -0.004230252 0.472171009 0.003814625 0.999935389 0.010701614 -1.028900862 0.004189639 -0.010717580 0.999933779 28.735876083
0.999984145 -0.003587886 -0.004342095 0.475682497 0.003634176 0.999936104 0.010700096 -1.044298053 0.004303427 -0.010715708 0.999933243 29.294969559
0.999981642 -0.004307381 -0.004274542 0.466500461 0.004358134 0.999919236 0.011935866 -1.080036402 0.004222785 -0.011954278 0.999919593 29.843864441
0.999976933 -0.004613916 -0.004996241 0.463719666 0.004670620 0.999924123 0.011397650 -1.077076077 0.004943274 -0.011420723 0.999922574 30.358121872
0.999971330 -0.004815999 -0.005838761 0.524113655 0.004881565 0.999924541 0.011267699 -1.090536833 0.005784056 -0.011295877 0.999919474 30.752391815
0.999971509 -0.004462548 -0.006098464 0.541402161 0.004531228 0.999925971 0.011294878 -1.098618388 0.006047609 -0.011322190 0.999917626 31.291088104
0.999961019 -0.005536908 -0.006868524 0.564407706 0.005615277 0.999918759 0.011443629 -1.098885655 0.006804605 -0.011481750 0.999910951 31.824430466
0.999958158 -0.006033778 -0.006874177 0.565975428 0.006114616 0.999911666 0.011799975 -1.144607663 0.006802372 -0.011841513 0.999906778 32.384391785
0.999973416 -0.003937129 -0.006142015 0.547165573 0.004008607 0.999923825 0.011668951 -1.145222187 0.006095607 -0.011693260 0.999912977 32.762233734
0.999966741 -0.004559764 -0.006770059 0.561681509 0.004642572 0.999913931 0.012266714 -1.164234281 0.006713544 -0.012297736 0.999901772 33.293495178
0.999970734 -0.004336297 -0.006308873 0.554651201 0.004413077 0.999915659 0.012207480 -1.178651571 0.006255406 -0.012234964 0.999905527 33.795303345
0.999973297 -0.003845514 -0.006210910 0.550623178 0.003927349 0.999904990 0.013218075 -1.196176767 0.006159489 -0.013242114 0.999893308 34.397487640
0.999961376 -0.005557598 -0.006803686 0.518767118 0.005648670 0.999893665 0.013440305 -1.213576794 0.006728266 -0.013478219 0.999886453 34.883193970
0.999949515 -0.006212971 -0.007897944 0.487386256 0.006320923 0.999885917 0.013717658 -1.262489915 0.007811816 -0.013766889 0.999874651 35.413558960
0.999951780 -0.005941092 -0.007818081 0.481124341 0.006046927 0.999889433 0.013583929 -1.271458864 0.007736514 -0.013630551 0.999877095 35.976459503
0.999958634 -0.005026833 -0.007587607 0.479419827 0.005127032 0.999899089 0.013244465 -1.274318099 0.007520265 -0.013282818 0.999883473 36.508090973
0.999955058 -0.005409202 -0.007782386 0.478246897 0.005518537 0.999885380 0.014096901 -1.301039577 0.007705241 -0.014139215 0.999870360 37.019065857
0.999944746 -0.006742841 -0.008066398 0.481603354 0.006856077 0.999877095 0.014093702 -1.317136765 0.007970376 -0.014148226 0.999868155 37.662765503
0.999931812 -0.007488384 -0.008962166 0.514354825 0.007623811 0.999855816 0.015173516 -1.352394938 0.008847249 -0.015240807 0.999844670 38.146778107
0.999918520 -0.008649201 -0.009384231 0.513056755 0.008789067 0.999849379 0.014967010 -1.356858730 0.009253364 -0.015048269 0.999843895 38.723957062
0.999929428 -0.007740216 -0.009001279 0.527447760 0.007877710 0.999851286 0.015341259 -1.359720469 0.008881196 -0.015411086 0.999841750 39.158599854
0.999910235 -0.009327902 -0.009611866 0.513320267 0.009481536 0.999826014 0.016064212 -1.393187642 0.009460348 -0.016153906 0.999824762 39.530937195
0.999920964 -0.008875074 -0.008900659 0.505908847 0.009020277 0.999824703 0.016408471 -1.413823366 0.008753471 -0.016487459 0.999825716 40.052806854
0.999909759 -0.009193369 -0.009789404 0.526265740 0.009350241 0.999826670 0.016101433 -1.410549402 0.009639679 -0.016191516 0.999822378 40.631214142
0.999916017 -0.008382876 -0.009886467 0.545507610 0.008535121 0.999844015 0.015458814 -1.408724189 0.009755336 -0.015541898 0.999831557 41.165023804
0.999908388 -0.009355379 -0.009779263 0.537586331 0.009513161 0.999823213 0.016214384 -1.432829618 0.009625845 -0.016305931 0.999820709 41.687450409
0.999889672 -0.010323571 -0.010686305 0.548520088 0.010501029 0.999805689 0.016685363 -1.449348688 0.010511977 -0.016795740 0.999803662 42.252696991
0.999884665 -0.011167393 -0.010288230 0.504775345 0.011355352 0.999766231 0.018395742 -1.461217165 0.010080394 -0.018510452 0.999777794 42.737037659
0.999903321 -0.009793897 -0.009878127 0.505274892 0.009961268 0.999805152 0.017038930 -1.462399244 0.009709326 -0.017135678 0.999805987 43.248390198
0.999890208 -0.010742220 -0.010206691 0.522473156 0.010923504 0.999780476 0.017874828 -1.503053188 0.010012438 -0.017984359 0.999788046 43.786922455
0.999882400 -0.011170131 -0.010505543 0.555163324 0.011364928 0.999761045 0.018669212 -1.509220123 0.010294498 -0.018786415 0.999770522 44.076740265
0.999881327 -0.011006615 -0.010774458 0.562360644 0.011202634 0.999769688 0.018304886 -1.513401508 0.010570501 -0.018423419 0.999774396 44.628810883
0.999867916 -0.011407739 -0.011573464 0.575739384 0.011635221 0.999736607 0.019782316 -1.525677443 0.011344741 -0.019914363 0.999737322 45.149814606
0.999874055 -0.011268375 -0.011173693 0.573814332 0.011483713 0.999745846 0.019398607 -1.531335354 0.010952261 -0.019524481 0.999749422 45.664569855
0.999879837 -0.011278248 -0.010627977 0.536705852 0.011476854 0.999756992 0.018815137 -1.525786638 0.010413193 -0.018934857 0.999766469 46.249835968
0.999848247 -0.013124587 -0.011457516 0.581240594 0.013353622 0.999707818 0.020147845 -1.553226233 0.011189735 -0.020297788 0.999731362 46.718738556
0.999882400 -0.010209288 -0.011439043 0.595923483 0.010446568 0.999727428 0.020878773 -1.578244448 0.011222770 -0.020995822 0.999716580 47.307922363
0.999879956 -0.011569734 -0.010305410 0.561139643 0.011778044 0.999722779 0.020387741 -1.588388920 0.010066675 -0.020506674 0.999739051 47.624912262
0.999873936 -0.011748398 -0.010677690 0.574639440 0.011970598 0.999707937 0.020989940 -1.601768613 0.010427974 -0.021115109 0.999722779 48.160499573
0.999856830 -0.012519513 -0.011387684 0.596825123 0.012753594 0.999704003 0.020720843 -1.603574514 0.011124899 -0.020863106 0.999720454 48.725440979
0.999845982 -0.013206942 -0.011565909 0.592878819 0.013452899 0.999679387 0.021452598 -1.616321564 0.011278877 -0.021604884 0.999703050 49.274307251
0.999879360 -0.011262515 -0.010697410 0.576363802 0.011490976 0.999701917 0.021540975 -1.620747685 0.010451616 -0.021661300 0.999710798 49.827644348
0.999876976 -0.011191722 -0.010991191 0.589406013 0.011420790 0.999714136 0.021004483 -1.612889290 0.010752972 -0.021127431 0.999718964 50.188774109
0.999873519 -0.010846964 -0.011633607 0.586184382 0.011085627 0.999725223 0.020650594 -1.614496827 0.011406417 -0.020776946 0.999719024 50.730438232
0.999864697 -0.011082004 -0.012151405 0.600126982 0.011331842 0.999721766 0.020688212 -1.616307735 0.011918756 -0.020823112 0.999712110 51.281539917
0.999863803 -0.011674467 -0.011660645 0.590269029 0.011924921 0.999694526 0.021645073 -1.636797190 0.011404389 -0.021781176 0.999697745 51.782588959
0.999879897 -0.010952742 -0.010962311 0.577670455 0.011182318 0.999714851 0.021104891 -1.648085117 0.010728027 -0.021224944 0.999717295 52.195014954
0.999886394 -0.010473806 -0.010839439 0.587882936 0.010706394 0.999708891 0.021626784 -1.651420236 0.010609766 -0.021740379 0.999707401 52.729499817
0.999877095 -0.011168306 -0.010995951 0.569572747 0.011409842 0.999689400 0.022154050 -1.671480298 0.010745114 -0.022276795 0.999694109 53.256484985
0.999872565 -0.010637562 -0.011906790 0.616898179 0.010888719 0.999715328 0.021231398 -1.665257215 0.011677550 -0.021358337 0.999703705 53.823162079
0.999882936 -0.010218156 -0.011387968 0.606884420 0.010451104 0.999733388 0.020587271 -1.643989563 0.011174569 -0.020703878 0.999723196 54.361610413
0.999883950 -0.010743190 -0.010802257 0.551255167 0.010989663 0.999674559 0.023022328 -1.728864431 0.010551410 -0.023138369 0.999676585 54.784805298
0.999890625 -0.010617685 -0.010292958 0.539946914 0.010851589 0.999677837 0.022941805 -1.739427805 0.010046056 -0.023050992 0.999683738 55.205047607
0.999886215 -0.010833971 -0.010490985 0.547892809 0.011074502 0.999670625 0.023147469 -1.740658045 0.010236750 -0.023261020 0.999677062 55.747547150
0.999887943 -0.010713903 -0.010454067 0.555047154 0.010946227 0.999688566 0.022425216 -1.744084954 0.010210550 -0.022537135 0.999693811 56.324268341
0.999895930 -0.010529154 -0.009865330 0.550397456 0.010752726 0.999680161 0.022890411 -1.749700069 0.009621158 -0.022994110 0.999689281 56.868236542
0.999882340 -0.010921708 -0.010766600 0.587193668 0.011164640 0.999678433 0.022767726 -1.741352201 0.010514475 -0.022885257 0.999682784 57.400852203
0.999879956 -0.011532995 -0.010353896 0.553583145 0.011764643 0.999675393 0.022598119 -1.760564446 0.010089913 -0.022717213 0.999691010 57.863384247
0.999878764 -0.011184379 -0.010832112 0.604094744 0.011441451 0.999647200 0.023968531 -1.789932489 0.010560217 -0.024089558 0.999654055 58.386295319
0.999880612 -0.011380589 -0.010464049 0.565585673 0.011623733 0.999656796 0.023476513 -1.771312475 0.010193281 -0.023595335 0.999669611 58.723628998
0.999886394 -0.011056848 -0.010251236 0.573235214 0.011289867 0.999672651 0.022958752 -1.777179122 0.009994028 -0.023071878 0.999683797 59.268688202
0.999868274 -0.011393052 -0.011560042 0.637555718 0.011668622 0.999642432 0.024057580 -1.805044413 0.011281818 -0.024189305 0.999643803 59.772937775
0.999874055 -0.011496717 -0.010941754 0.602446079 0.011750309 0.999656975 0.023401406 -1.782664061 0.010668961 -0.023527028 0.999666333 60.352027893
0.999868691 -0.012034209 -0.010853678 0.603321254 0.012287065 0.999647379 0.023539091 -1.792722106 0.010566578 -0.023669356 0.999664009 60.760795593
0.999869287 -0.012000636 -0.010840384 0.600325465 0.012258491 0.999635816 0.024041604 -1.799742818 0.010547922 -0.024171349 0.999652207 61.284168243
0.999866605 -0.012001774 -0.011075586 0.601630509 0.012257991 0.999651790 0.023363078 -1.800812483 0.010791330 -0.023495724 0.999665737 61.834568024
0.999871910 -0.011956966 -0.010640161 0.585848093 0.012207377 0.999642372 0.023789180 -1.816226840 0.010351908 -0.023916021 0.999660373 62.382583618
0.999870837 -0.012009285 -0.010682917 0.586540878 0.012259005 0.999645710 0.023625478 -1.821390390 0.010395408 -0.023753392 0.999663770 62.974330902
0.999858081 -0.012320205 -0.011492312 0.612260878 0.012597031 0.999624491 0.024334943 -1.831887960 0.011188186 -0.024476254 0.999637723 63.390933990
0.999860168 -0.012558269 -0.011048045 0.622994304 0.012819261 0.999632776 0.023878744 -1.829178929 0.010744112 -0.024017027 0.999653757 63.930271149
0.999847591 -0.012977980 -0.011681912 0.650725484 0.013245134 0.999645650 0.023089755 -1.775223374 0.011378114 -0.023240963 0.999665082 64.437606812
0.999846339 -0.013285458 -0.011437804 0.637861371 0.013550564 0.999633789 0.023421269 -1.808996916 0.011122454 -0.023572657 0.999660194 64.967559814
0.999844313 -0.013186070 -0.011727517 0.630862236 0.013469604 0.999610603 0.024435740 -1.842128158 0.011400740 -0.024589898 0.999632597 65.441810608
0.999835074 -0.013491801 -0.012160770 0.639472425 0.013786548 0.999605000 0.024488503 -1.845380902 0.011825573 -0.024652114 0.999626160 65.991050720
0.999823809 -0.014198079 -0.012278370 0.664761841 0.014489774 0.999606848 0.024003409 -1.827679634 0.011932740 -0.024177093 0.999636531 66.503898621
0.999843717 -0.013170119 -0.011797042 0.662633181 0.013451911 0.999618232 0.024134440 -1.844660521 0.011474685 -0.024289360 0.999639153 67.076576233
0.999860108 -0.012104147 -0.011539848 0.645149529 0.012387778 0.999614894 0.024832228 -1.859342813 0.011234830 -0.024971705 0.999625027 67.490547180
0.999849558 -0.012715803 -0.011790684 0.654683769 0.012998462 0.999622345 0.024214756 -1.859019518 0.011478320 -0.024364378 0.999637306 68.037300110
0.999864340 -0.011732440 -0.011571393 0.661370635 0.012011027 0.999632418 0.024307298 -1.863701701 0.011281957 -0.024442984 0.999637604 68.604492188
0.999842107 -0.012948942 -0.012169234 0.700711906 0.013243782 0.999612868 0.024468385 -1.864040375 0.011847684 -0.024625685 0.999626577 69.095985413
0.999863863 -0.012045663 -0.011274421 0.673294902 0.012323542 0.999613702 0.024910811 -1.882032752 0.010969996 -0.025046360 0.999626100 69.563560486
0.999862731 -0.012215646 -0.011190818 0.679944396 0.012488260 0.999618828 0.024623582 -1.887834668 0.010885757 -0.024759956 0.999634147 70.111358643
0.999868989 -0.011554398 -0.011336108 0.681711137 0.011827538 0.999633968 0.024331164 -1.889175892 0.011050826 -0.024462055 0.999639750 70.684234619
0.999878049 -0.011005157 -0.011068473 0.674614191 0.011270228 0.999644041 0.024178194 -1.887097120 0.010798449 -0.024299989 0.999646366 71.223052979
0.999841452 -0.013051781 -0.012114438 0.717597842 0.013340672 0.999620974 0.024080673 -1.878737926 0.011795552 -0.024238467 0.999636590 71.840995789
0.999849975 -0.013234460 -0.011174798 0.679555178 0.013512671 0.999591112 0.025199285 -1.902862072 0.010836730 -0.025346506 0.999619961 72.214408875
0.999854624 -0.012602559 -0.011480514 0.687869728 0.012884237 0.999609351 0.024800986 -1.903673410 0.011163472 -0.024945296 0.999626458 72.758682251
0.999857485 -0.012320834 -0.011541172 0.672584593 0.012606112 0.999608517 0.024980636 -1.905179501 0.011228872 -0.025122566 0.999621332 73.292381287
0.999851942 -0.012559745 -0.011767717 0.723288596 0.012849423 0.999608099 0.024872869 -1.919327617 0.011450707 -0.025020394 0.999621332 73.809333801
0.999864876 -0.012051079 -0.011176136 0.713787496 0.012328107 0.999609947 0.025059087 -1.908864498 0.010869784 -0.025193483 0.999623597 74.254341125
0.999858975 -0.012558111 -0.011147633 0.709166110 0.012835921 0.999599755 0.025209619 -1.923062325 0.010826586 -0.025349155 0.999620020 74.778160095
0.999834239 -0.013765140 -0.011923854 0.732380927 0.014059309 0.999589920 0.024948556 -1.905373335 0.011575543 -0.025112059 0.999617577 75.311546326
0.999853909 -0.012702716 -0.011441034 0.720859289 0.012978792 0.999618351 0.024388388 -1.903912783 0.011126867 -0.024533315 0.999637008 75.877609253
0.999835968 -0.013979441 -0.011511877 0.762181699 0.014258014 0.999598622 0.024483195 -1.891566277 0.011164992 -0.024643315 0.999633968 76.335754395
0.999868453 -0.011739580 -0.011188534 0.717683911 0.012021274 0.999603748 0.025451619 -1.916657925 0.010885308 -0.025582772 0.999613464 76.822120667
0.999871552 -0.011782267 -0.010864190 0.723566055 0.012048347 0.999620855 0.024760311 -1.908741474 0.010568338 -0.024888024 0.999634385 77.387748718
0.999880910 -0.011882305 -0.009845194 0.728444040 0.012120273 0.999626935 0.024474816 -1.910160899 0.009550704 -0.024591226 0.999652028 77.966438293
0.999913096 -0.010727430 -0.007666253 0.716380835 0.010920797 0.999611497 0.025643095 -1.931163549 0.007388191 -0.025724590 0.999641716 78.434791565
0.999920249 -0.010710982 -0.006695807 0.718170702 0.010880725 0.999606609 0.025850480 -1.926485062 0.006416289 -0.025921274 0.999643385 78.976097107
0.999934614 -0.010265165 -0.005039112 0.699372828 0.010392312 0.999610782 0.025890253 -1.912054539 0.004771382 -0.025940929 0.999652147 79.510116577
0.999939561 -0.010660295 -0.002693314 0.752959251 0.010725980 0.999612689 0.025680324 -1.934470415 0.002418511 -0.025707664 0.999666572 80.020828247
0.999945164 -0.010429087 0.000957246 0.767798543 0.010400913 0.999612868 0.025809309 -1.931412697 -0.001226043 -0.025797937 0.999666452 80.553123474
0.999934554 -0.010839177 0.003658987 0.798593879 0.010740109 0.999602020 0.026088469 -1.938543558 -0.003940308 -0.026047464 0.999652982 81.106872559
0.999903738 -0.011723851 0.007421494 0.822075248 0.011532696 0.999613464 0.025296042 -1.913012028 -0.007715194 -0.025208017 0.999652445 81.631248474
0.999849856 -0.009969786 0.014171569 0.811015248 0.009596254 0.999611020 0.026185885 -1.951308966 -0.014427122 -0.026045959 0.999556661 82.167724609
0.999744296 -0.010127123 0.020214982 0.835585535 0.009602611 0.999619007 0.025877271 -1.944063902 -0.020469341 -0.025676535 0.999460757 82.711715698
0.999616563 -0.009836256 0.025884528 0.879308343 0.009145611 0.999602556 0.026666261 -1.957269669 -0.026136534 -0.026419306 0.999309301 83.244071960
0.999367774 -0.009975720 0.034124464 0.896289587 0.009064223 0.999600708 0.026762189 -1.956926823 -0.034377821 -0.026435954 0.999059141 83.794036865
0.999017775 -0.009588249 0.043260977 0.940910101 0.008421232 0.999597788 0.027078299 -1.966633081 -0.043503206 -0.026687391 0.998696804 84.338439941
0.998728454 -0.011150132 0.049164899 0.995321512 0.009851575 0.999598205 0.026575973 -1.954064369 -0.049441468 -0.026057830 0.998436987 84.849845886
0.998240173 -0.011140569 0.058243319 1.044662714 0.009625559 0.999609590 0.026227901 -1.959322691 -0.058512777 -0.025621120 0.997957885 85.434257507
0.997575104 -0.011329243 0.068669066 1.074807167 0.009518199 0.999599576 0.026643580 -1.972381830 -0.068943411 -0.025925366 0.997283638 85.936508179
0.996938229 -0.010130581 0.077534020 1.150112152 0.007997743 0.999582291 0.027769672 -1.988190651 -0.077782944 -0.027064553 0.996602893 86.488311768
0.996259332 -0.010409159 0.085784666 1.219604969 0.008066005 0.999585986 0.027615856 -1.993687391 -0.086036623 -0.026820615 0.995930910 87.026466370
0.995317757 -0.009330153 0.096204840 1.311122894 0.006657900 0.999584019 0.028060386 -1.996335030 -0.096426636 -0.027288480 0.994965971 87.534446716
0.994263232 -0.010751995 0.106419198 1.396878719 0.007800045 0.999574125 0.028116364 -2.006137371 -0.106676199 -0.027124992 0.993923783 88.068305969
0.993236184 -0.011238255 0.115565941 1.431029320 0.008008433 0.999565244 0.028374286 -1.995876074 -0.115834594 -0.027256865 0.992894471 88.613182068
0.991881430 -0.011140183 0.126677930 1.522962570 0.007659097 0.999580383 0.027933767 -1.987590313 -0.126935989 -0.026736744 0.991550505 89.161163330
0.990272462 -0.011364948 0.138676554 1.612221718 0.007534422 0.999576271 0.028115781 -1.990351439 -0.138937339 -0.026797436 0.989938557 89.699737549
0.988741159 -0.012080776 0.149147555 1.723216057 0.008007032 0.999579132 0.027883852 -1.993575573 -0.149421647 -0.026375689 0.988421679 90.227104187
0.987168729 -0.011610261 0.159257933 1.805514336 0.007064782 0.999552190 0.029078167 -1.999247074 -0.159524232 -0.027579937 0.986808658 90.738769531
0.985019088 -0.012172787 0.172015622 1.898117065 0.007243194 0.999545693 0.029256489 -1.990147114 -0.172293633 -0.027572256 0.984659672 91.287071228
0.982825160 -0.011134067 0.184202850 2.079884529 0.005836777 0.999554336 0.029275188 -1.992249250 -0.184446707 -0.027697241 0.982452154 91.950103760
0.980721653 -0.011573475 0.195067063 2.207457542 0.006036051 0.999562442 0.028957862 -1.989781618 -0.195316851 -0.027222166 0.980362356 92.487411499
0.978182971 -0.011932558 0.207402378 2.351900101 0.005933962 0.999546409 0.029520627 -1.990424395 -0.207660571 -0.027645854 0.977810144 93.020278931
0.975035727 -0.011484862 0.221750841 2.482475281 0.004984714 0.999541938 0.029850293 -1.986575603 -0.221992061 -0.027999735 0.974646389 93.521301270
0.972487688 -0.011825803 0.232654080 2.635877609 0.004957566 0.999535024 0.030083859 -2.001201630 -0.232901692 -0.028102783 0.972094119 94.070060730
0.969136596 -0.010647973 0.246294260 2.770387650 0.003424170 0.999551833 0.029739672 -1.983473063 -0.246500537 -0.027978456 0.968738735 94.670547485
0.965413332 -0.010835085 0.260498911 2.935083389 0.003160867 0.999549091 0.029860608 -1.981119156 -0.260704935 -0.028004428 0.965012312 95.201759338
0.961876392 -0.010536255 0.273281366 3.102565765 0.002473008 0.999551892 0.029833008 -1.979152441 -0.273473203 -0.028019840 0.961471438 95.714241028
0.958755970 -0.012838553 0.283940226 3.274410248 0.004575929 0.999547064 0.029744074 -1.967376471 -0.284193456 -0.027218021 0.958380580 96.228614807
0.954454720 -0.011084316 0.298149258 3.474683762 0.002043772 0.999529123 0.030616904 -1.998172998 -0.298348218 -0.028613107 0.954028130 96.775695801
0.949877143 -0.010987849 0.312430292 3.636604309 0.001541101 0.999534607 0.030467195 -1.974906683 -0.312619627 -0.028458610 0.949451983 97.279541016
0.946088374 -0.011170511 0.323716044 3.850261688 0.001543511 0.999549270 0.029980535 -1.966805458 -0.323905021 -0.027864570 0.945679128 97.806991577
0.941587806 -0.010799120 0.336594194 4.041770935 0.000608757 0.999538720 0.030365765 -1.973514795 -0.336766839 -0.028387131 0.941160083 98.314971924
0.936571240 -0.011805968 0.350278586 4.256113052 0.001272562 0.999540508 0.030286465 -1.979974747 -0.350475192 -0.027919678 0.936155736 98.805549622
0.931763232 -0.012346401 0.362856627 4.471639633 0.001149563 0.999517024 0.031057218 -1.991592884 -0.363064796 -0.028520845 0.931327403 99.372634888
0.927321732 -0.012758699 0.374047667 4.713541031 0.001637523 0.999547601 0.030034717 -1.968585730 -0.374261618 -0.027239334 0.926923096 99.862869263
0.921285152 -0.012660811 0.388681531 4.924942017 0.000559670 0.999512017 0.031231264 -1.964126825 -0.388887316 -0.028555365 0.920842707 100.330558777
0.915584624 -0.012964623 0.401916146 5.168567657 0.000315019 0.999502957 0.031523369 -1.968425751 -0.402125061 -0.028735707 0.915133655 100.820564270
0.910910130 -0.014003006 0.412367046 5.414123535 0.001271384 0.999514461 0.031132679 -1.955706120 -0.412602663 -0.027834797 0.910485685 101.325256348
0.905243993 -0.014154571 0.424656272 5.674568176 0.000852661 0.999503434 0.031497650 -1.955946922 -0.424891233 -0.028150970 0.904806614 101.831626892
0.898911893 -0.014816063 0.437878966 5.924133301 0.001108379 0.999501765 0.031543758 -1.974293709 -0.438128084 -0.027869722 0.898480415 102.286834717
0.892834485 -0.014332466 0.450156868 6.177337646 0.000099257 0.999499738 0.031626027 -1.957085609 -0.450384974 -0.028192127 0.892389238 102.815696716
0.887013435 -0.014419000 0.461518496 6.448154449 -0.000537653 0.999479294 0.032259591 -1.956804752 -0.461743444 -0.028862825 0.886543930 103.302528381
0.880029500 -0.015454475 0.474667519 6.733848572 0.000172029 0.999480605 0.032222677 -1.960052013 -0.474919081 -0.028275255 0.879575074 103.765945435
0.872849107 -0.015191555 0.487753659 7.050548553 -0.000821041 0.999468088 0.032598674 -1.979552031 -0.487989485 -0.028854189 0.872372448 104.282333374
0.866742134 -0.016124295 0.498495847 7.312320709 -0.000114590 0.999470770 0.032528020 -1.964683771 -0.498756558 -0.028250525 0.866281629 104.719543457
0.859745264 -0.015928719 0.510474503 7.625522614 -0.000836408 0.999468148 0.032595847 -1.964735508 -0.510722220 -0.028451089 0.859274864 105.177566528
