1.000000000 0.000000000 0.000000000 0.000000000 0.000000000 1.000000000 0.000000000 0.000000000 0.000000000 0.000000000 1.000000000 0.000000000
1.000000000 0.000019100 -0.000074739 0.002962814 -0.000019099 1.000000000 0.000014858 -0.000435293 0.000074739 -0.000014857 1.000000000 -0.000408317
1.000000000 0.000050265 0.000047130 -0.000523738 -0.000050266 1.000000000 0.000017730 0.000515842 -0.000047129 -0.000017732 1.000000000 0.002998350
1.000000000 -0.000140604 -0.000063093 0.002440319 0.000140604 1.000000000 -0.000014247 0.000924116 0.000063095 0.000014238 1.000000000 0.002171640
1.000000000 -0.000033191 0.000015345 0.002132193 0.000033190 1.000000000 0.000034935 0.000726625 -0.000015346 -0.000034934 1.000000000 0.000031823
1.000000000 -0.000153949 0.000045292 -0.002477993 0.000153946 1.000000000 0.000070847 0.000805051 -0.000045303 -0.000070840 1.000000000 -0.001234838
1.000000000 -0.000073904 -0.000062874 0.002127933 0.000073905 1.000000000 0.000007447 -0.000360316 0.000062873 -0.000007451 1.000000000 -0.001299499
1.000000000 -0.000031994 -0.000014620 0.002380768 0.000031995 1.000000000 0.000041837 -0.000786300 0.000014618 -0.000041838 1.000000000 0.001559731
1.000000000 -0.000016464 -0.000066212 0.001244398 0.000016471 1.000000000 0.000104027 -0.000287134 0.000066210 -0.000104028 1.000000000 -0.004779390
1.000000000 -0.000088750 -0.000040990 0.002074229 0.000088752 1.000000000 0.000047119 -0.000529268 0.000040986 -0.000047123 1.000000000 0.001236840
0.999999940 -0.000232283 -0.000120170 0.005545760 0.000232295 0.999999940 0.000097464 -0.000515921 0.000120148 -0.000097492 1.000000000 0.001463587
1.000000000 0.000005637 -0.000016909 0.003009905 -0.000005636 1.000000000 0.000050925 -0.000312178 0.000016909 -0.000050925 1.000000000 0.002331447
0.999999940 -0.000265918 0.000028534 -0.000393206 0.000265915 0.999999940 0.000127505 -0.000657434 -0.000028568 -0.000127498 1.000000000 -0.002459632
0.999999940 -0.000273486 -0.000087330 0.002584623 0.000273494 0.999999940 0.000098571 -0.000951493 0.000087303 -0.000098595 1.000000000 0.001369686
1.000000000 -0.000162309 0.000006298 0.002467726 0.000162308 1.000000000 0.000108584 -0.000451057 -0.000006315 -0.000108583 1.000000000 0.000528870
1.000000000 0.000003736 0.000000129 0.000437111 -0.000003736 1.000000000 0.000068082 0.001356894 -0.000000129 -0.000068082 1.000000000 -0.001865281
1.000000000 -0.000156040 0.000022628 0.000351075 0.000156039 1.000000000 0.000058795 0.000902057 -0.000022637 -0.000058792 1.000000000 -0.002789652
1.000000000 -0.000116698 -0.000041536 0.001213445 0.000116703 1.000000000 0.000124406 -0.001104792 0.000041522 -0.000124411 1.000000000 -0.004717395
1.000000000 -0.000176250 -0.000004465 0.001996386 0.000176250 1.000000000 0.000088169 -0.000903277 0.000004449 -0.000088170 1.000000000 -0.002006242
1.000000000 -0.000181729 -0.000041821 0.004649605 0.000181734 1.000000000 0.000114254 -0.000828932 0.000041800 -0.000114262 1.000000000 0.001706157
1.000000000 -0.000090418 0.000051803 0.000655309 0.000090414 1.000000000 0.000080909 -0.000579533 -0.000051810 -0.000080905 1.000000000 -0.005247765
1.000000000 -0.000157385 0.000024136 0.000399812 0.000157383 1.000000000 0.000092217 0.000803412 -0.000024150 -0.000092213 1.000000000 -0.002850187
0.999999940 -0.000180116 -0.000170773 0.007571469 0.000180127 1.000000000 0.000065384 -0.000928950 0.000170761 -0.000065415 1.000000000 0.002103183
1.000000000 -0.000078894 0.000074313 -0.000004218 0.000078893 1.000000000 0.000013673 0.002548069 -0.000074314 -0.000013667 1.000000000 -0.004288950
1.000000000 -0.000090607 0.000037181 -0.000110429 0.000090607 1.000000000 -0.000001345 0.000769433 -0.000037180 0.000001348 1.000000000 -0.001635277
1.000000000 -0.000189474 -0.000028697 0.003283491 0.000189478 1.000000000 0.000126611 -0.000418507 0.000028673 -0.000126617 1.000000000 0.001045225
0.999999881 -0.000448838 -0.000159098 0.005581765 0.000448858 0.999999881 0.000128116 0.000376549 0.000159040 -0.000128188 1.000000000 0.001138222
0.999999940 -0.000250155 -0.000060092 0.003607460 0.000250163 0.999999940 0.000138586 -0.000902167 0.000060057 -0.000138601 1.000000000 0.000980464
1.000000000 -0.000167785 -0.000038386 0.002536726 0.000167790 1.000000000 0.000123120 0.000182430 0.000038365 -0.000123127 1.000000000 0.005457347
1.000000000 -0.000163511 -0.000026990 0.000821995 0.000163514 1.000000000 0.000104220 -0.000226811 0.000026973 -0.000104225 1.000000000 0.003530808
1.000000000 -0.000231863 -0.000053285 0.004487467 0.000231868 0.999999940 0.000098112 -0.001926844 0.000053263 -0.000098124 1.000000000 -0.001385742
1.000000000 0.000014861 -0.000004601 0.001610383 -0.000014861 1.000000000 0.000113960 -0.001145308 0.000004602 -0.000113960 1.000000000 0.001632789
1.000000000 -0.000000598 0.000040934 0.001184791 0.000000601 1.000000000 -0.000068626 0.002895053 -0.000040934 0.000068626 1.000000000 0.002324595
0.999999940 -0.000212149 -0.000128958 0.002652738 0.000212151 1.000000000 0.000014872 0.002211110 0.000128954 -0.000014899 1.000000000 0.003347494
1.000000000 -0.000139483 0.000030584 0.001901961 0.000139482 1.000000000 0.000021881 0.001683336 -0.000030587 -0.000021876 1.000000000 0.001479189
0.999999940 -0.000230493 -0.000096594 0.006059379 0.000230498 1.000000000 0.000047610 0.000731822 0.000096583 -0.000047632 1.000000000 0.004342394
1.000000000 -0.000188780 -0.000106043 0.005545794 0.000188800 0.999999940 0.000188076 -0.001801240 0.000106007 -0.000188096 1.000000000 0.002309120
0.999999940 -0.000252052 -0.000032503 0.001392233 0.000252057 0.999999940 0.000145383 -0.000890216 0.000032467 -0.000145391 1.000000000 -0.002940950
1.000000000 -0.000141319 0.000019658 0.003524401 0.000141328 0.999999881 -0.000465203 -0.005363972 -0.000019593 0.000465206 0.999999881 0.047549888
1.000000000 -0.000031255 0.000023999 0.006280343 0.000031283 0.999999285 -0.001175631 -0.003921799 -0.000023962 0.001175632 0.999999285 0.144493744
1.000000000 -0.000198162 0.000000238 0.005465479 0.000198162 0.999999166 -0.001298001 -0.010885320 0.000000020 0.001298001 0.999999166 0.262570769
1.000000000 -0.000201068 0.000062663 0.006164687 0.000201139 0.999999344 -0.001145166 -0.017545909 -0.000062432 0.001145178 0.999999344 0.388276368
1.000000000 -0.000017456 -0.000067323 0.012793210 0.000017389 0.999999523 -0.000998343 -0.021275885 0.000067340 0.000998342 0.999999523 0.540735245
1.000000000 -0.000035748 0.000046570 0.008195591 0.000035786 0.999999642 -0.000818047 -0.028705291 -0.000046540 0.000818048 0.999999642 0.695599437
1.000000000 -0.000341086 -0.000049941 0.019575717 0.000341046 0.999999642 -0.000799362 -0.027692107 0.000050213 0.000799345 0.999999642 0.864187181
1.000000000 -0.000050115 -0.000017219 0.016545238 0.000050107 0.999999881 -0.000479979 -0.034189057 0.000017243 0.000479979 0.999999881 1.027321815
1.000000000 0.000109329 0.000126889 0.021488754 -0.000109265 0.999999881 -0.000502704 -0.039071467 -0.000126944 0.000502690 0.999999881 1.199800253
0.999999940 0.000107654 -0.000087124 0.030975787 -0.000107672 1.000000000 -0.000196128 -0.046671238 0.000087103 0.000196137 1.000000000 1.390863895
0.999999881 0.000391078 -0.000129256 0.038798328 -0.000391099 0.999999940 -0.000162408 -0.050222777 0.000129192 0.000162458 1.000000000 1.588400006
0.999999881 0.000193215 0.000230645 0.030916119 -0.000193238 1.000000000 0.000095589 -0.057878938 -0.000230627 -0.000095633 0.999999940 1.779913306
0.999999940 0.000352009 0.000229944 0.030364001 -0.000352065 0.999999881 0.000243938 -0.071510240 -0.000229858 -0.000244019 0.999999940 1.981272936
0.999999642 0.000727359 0.000483310 0.031179333 -0.000727383 0.999999762 0.000048767 -0.075413562 -0.000483275 -0.000049119 0.999999940 2.207529306
0.999999940 0.000359682 0.000117683 0.042727839 -0.000359734 0.999999821 0.000446905 -0.082655661 -0.000117523 -0.000446947 0.999999821 2.410405159
0.999999940 0.000327366 0.000215665 0.046361446 -0.000327482 0.999999762 0.000534992 -0.090798706 -0.000215489 -0.000535063 0.999999821 2.641833782
0.999999881 0.000453925 0.000325316 0.046267219 -0.000454075 0.999999702 0.000460590 -0.094086260 -0.000325107 -0.000460737 0.999999762 2.879148722
0.999999881 0.000141663 0.000368726 0.051600304 -0.000141909 0.999999762 0.000667557 -0.102956198 -0.000368631 -0.000667609 0.999999642 3.095020771
0.999999940 -0.000130170 0.000266053 0.057431944 0.000130006 0.999999821 0.000614615 -0.112354949 -0.000266133 -0.000614581 0.999999762 3.341603279
0.999999881 0.000094567 0.000312714 0.066179469 -0.000094750 0.999999762 0.000584931 -0.118497588 -0.000312659 -0.000584961 0.999999762 3.587299585
1.000000000 0.000476814 0.000260705 0.072140425 -0.000476987 0.999999583 0.000661857 -0.124979541 -0.000260389 -0.000661982 0.999999702 3.836811304
0.999999762 0.000430734 0.000470314 0.074395575 -0.000431249 0.999999285 0.001095670 -0.136470243 -0.000469842 -0.001095873 0.999999225 4.097041130
0.999999642 0.000736901 0.000513817 0.080515258 -0.000737688 0.999998510 0.001532935 -0.147094861 -0.000512686 -0.001533314 0.999998689 4.345426083
0.999999762 0.000606243 0.000400698 0.082343213 -0.000606773 0.999998868 0.001324812 -0.153017044 -0.000399894 -0.001325054 0.999999046 4.605098724
0.999999583 0.000335433 0.000763624 0.087300740 -0.000336436 0.999999046 0.001313972 -0.162201539 -0.000763182 -0.001314229 0.999998868 4.861115456
0.999999404 0.000666772 0.000843405 0.091394477 -0.000667811 0.999999046 0.001232764 -0.167961612 -0.000842582 -0.001233327 0.999998868 5.117600918
0.999999642 0.000684227 0.000519785 0.103423968 -0.000684847 0.999998987 0.001192658 -0.174750239 -0.000518969 -0.001193013 0.999999166 5.387469292
0.999999523 0.000556376 0.000814436 0.103909783 -0.000557368 0.999999046 0.001218609 -0.184747532 -0.000813758 -0.001219062 0.999998927 5.643645287
0.999999464 0.000744960 0.000649799 0.107525170 -0.000745813 0.999998868 0.001313293 -0.193097606 -0.000648820 -0.001313777 0.999998927 5.916472912
0.999999821 0.000300471 0.000423426 0.113896370 -0.000301183 0.999998629 0.001683805 -0.207272872 -0.000422919 -0.001683932 0.999998450 6.164391518
0.999999523 0.000618352 0.000735851 0.113053627 -0.000619380 0.999998868 0.001397500 -0.204918817 -0.000734986 -0.001397955 0.999998748 6.466981888
0.999999821 0.000005190 0.000643450 0.121657237 -0.000006057 0.999999225 0.001347370 -0.220660508 -0.000643442 -0.001347374 0.999998808 6.773355961
1.000000000 -0.000307117 0.000312649 0.139139920 0.000306653 0.999998927 0.001481350 -0.235589027 -0.000313104 -0.001481254 0.999998868 7.054421425
0.999999642 0.000612092 0.000549196 0.142507151 -0.000612814 0.999998868 0.001316363 -0.243725315 -0.000548390 -0.001316699 0.999998927 7.361152172
0.999999821 0.000345151 0.000415904 0.156393960 -0.000345619 0.999999225 0.001127199 -0.254247636 -0.000415515 -0.001127343 0.999999225 7.666174412
0.999999642 0.000290717 0.000780882 0.149444982 -0.000291933 0.999998748 0.001557621 -0.262170970 -0.000780428 -0.001557848 0.999998510 7.981578827
0.999999285 0.000735728 0.000923461 0.156895116 -0.000737367 0.999998093 0.001775014 -0.276100069 -0.000922154 -0.001775694 0.999998033 8.292335510
0.999998927 0.000847920 0.001153289 0.167933300 -0.000849842 0.999998271 0.001666897 -0.282509983 -0.001151874 -0.001667875 0.999997973 8.641208649
0.999998808 0.000799221 0.001291308 0.169836760 -0.000801564 0.999998093 0.001815571 -0.291243792 -0.001289854 -0.001816604 0.999997556 8.973583221
0.999998510 0.000685141 0.001553496 0.175395548 -0.000687891 0.999998212 0.001770235 -0.298978329 -0.001552280 -0.001771302 0.999997199 9.318137169
0.999998808 0.000677899 0.001355827 0.181151152 -0.000680166 0.999998391 0.001672258 -0.307801843 -0.001354691 -0.001673178 0.999997735 9.649600983
0.999998927 0.000516825 0.001360961 0.192554191 -0.000520152 0.999996901 0.002445181 -0.338426143 -0.001359694 -0.002445886 0.999996066 9.983064651
0.999999046 0.000513904 0.001279041 0.203595772 -0.000516868 0.999997199 0.002317685 -0.350166768 -0.001277847 -0.002318344 0.999996483 10.340600967
0.999999166 0.000692236 0.001002880 0.217108488 -0.000695144 0.999995530 0.002902416 -0.363060802 -0.001000867 -0.002903111 0.999995232 10.697167397
0.999999523 -0.000128234 0.000981158 0.229161084 0.000126185 0.999997735 0.002088571 -0.362130016 -0.000981424 -0.002088446 0.999997318 11.074099541
0.999999583 0.000074674 0.000917044 0.235602632 -0.000076568 0.999997735 0.002065412 -0.374030292 -0.000916888 -0.002065481 0.999997437 11.456567764
0.999999523 -0.000293340 0.000853679 0.254870862 0.000290841 0.999995649 0.002926277 -0.393246055 -0.000854534 -0.002926027 0.999995291 11.808888435
0.999999464 -0.000400164 0.000939652 0.262524307 0.000397411 0.999995589 0.002928435 -0.402785033 -0.000940820 -0.002928060 0.999995291 12.193085670
0.999998808 0.000303190 0.001514422 0.270008385 -0.000307286 0.999996305 0.002705006 -0.416502476 -0.001513596 -0.002705468 0.999995112 12.591518402
0.999999106 0.000183217 0.001312503 0.278885961 -0.000187115 0.999995589 0.002970235 -0.418980241 -0.001311953 -0.002970478 0.999994755 12.987895966
0.999999642 0.000203356 0.000841221 0.295510828 -0.000206236 0.999994099 0.003425474 -0.455506086 -0.000840519 -0.003425646 0.999993801 13.377767563
0.999998212 0.001082427 0.001563945 0.295616746 -0.001088061 0.999992967 0.003606496 -0.467234701 -0.001560030 -0.003608191 0.999992311 13.800543785
0.999998808 0.000904266 0.001277446 0.308345854 -0.000909366 0.999991596 0.003996999 -0.480684459 -0.001273821 -0.003998155 0.999991238 14.211153984
0.999998868 0.000065482 0.001486441 0.314717084 -0.000071135 0.999992728 0.003803518 -0.501224518 -0.001486181 -0.003803620 0.999991596 14.602612495
0.999998808 -0.000037753 0.001596250 0.329706550 0.000031665 0.999992728 0.003813776 -0.513499856 -0.001596382 -0.003813721 0.999991477 15.016540527
0.999997854 0.000076306 0.002042499 0.335073411 -0.000084656 0.999991655 0.004088295 -0.523895264 -0.002042170 -0.004088459 0.999989569 15.449953079
0.999996960 0.000286799 0.002415546 0.353960931 -0.000297507 0.999990046 0.004433598 -0.554782927 -0.002414251 -0.004434303 0.999987185 15.883577347
0.999996603 -0.000585710 0.002506783 0.368291736 0.000575027 0.999990702 0.004260124 -0.564470530 -0.002509255 -0.004258669 0.999987721 16.326162338
0.999997079 -0.000427823 0.002360753 0.377883643 0.000417048 0.999989450 0.004562791 -0.583775997 -0.002362680 -0.004561793 0.999986768 16.754545212
0.999994278 0.000113578 0.003361725 0.382765979 -0.000129312 0.999989152 0.004680372 -0.595134139 -0.003361156 -0.004680781 0.999983370 17.219846725
0.999993145 0.000661909 0.003635708 0.387500703 -0.000679642 0.999987841 0.004878219 -0.604710519 -0.003632434 -0.004880657 0.999981463 17.673444748
0.999993503 0.000131607 0.003609997 0.403001070 -0.000150711 0.999986053 0.005292065 -0.623086929 -0.003609250 -0.005292575 0.999979496 18.136602402
0.999991298 0.000176608 0.004157815 0.410456657 -0.000198129 0.999986708 0.005176233 -0.630552411 -0.004156845 -0.005177012 0.999977946 18.607564926
0.999989510 0.000328278 0.004562061 0.421681821 -0.000350968 0.999987602 0.004973616 -0.638427436 -0.004560372 -0.004975164 0.999977231 19.076028824
0.999989629 0.000395269 0.004533547 0.441597044 -0.000418520 0.999986768 0.005128924 -0.663086474 -0.004531459 -0.005130768 0.999976575 19.530742645
0.999991894 -0.000402404 0.003996430 0.470857531 0.000379085 0.999982834 0.005834057 -0.690061331 -0.003998710 -0.005832495 0.999974966 19.983648300
0.999991536 -0.000318903 0.004103915 0.482514322 0.000295136 0.999983132 0.005790632 -0.700895607 -0.004105691 -0.005789371 0.999974787 20.471130371
0.999993145 0.000267323 0.003690016 0.492827058 -0.000291504 0.999978483 0.006553942 -0.729560792 -0.003688185 -0.006554974 0.999971628 20.987365723
0.999995351 0.000286251 0.003009910 0.501833439 -0.000306734 0.999976814 0.006806651 -0.741578639 -0.003007892 -0.006807543 0.999972224 21.502883911
0.999996066 -0.000165215 0.002787982 0.515631855 0.000146161 0.999976635 0.006833343 -0.753337622 -0.002789046 -0.006832909 0.999972701 21.989826202
0.999997020 -0.000389255 0.002381322 0.533462524 0.000372830 0.999976158 0.006894049 -0.773174465 -0.002383949 -0.006893142 0.999973416 22.497819901
0.999998331 -0.000315764 0.001789821 0.538070798 0.000302095 0.999970853 0.007631799 -0.796792150 -0.001792178 -0.007631246 0.999969304 23.017168045
0.999999046 -0.000595727 0.001226413 0.548416376 0.000587303 0.999976456 0.006857354 -0.800368309 -0.001230468 -0.006856629 0.999975681 23.532915115
0.999997914 -0.001896185 0.000695068 0.560963392 0.001891325 0.999974191 0.006927122 -0.817600131 -0.000708185 -0.006925794 0.999975681 24.060377121
0.999999821 -0.000503970 0.000165821 0.566626430 0.000502849 0.999977469 0.006690469 -0.820786536 -0.000169189 -0.006690385 0.999977589 24.581878662
0.999999762 -0.000377840 -0.000614785 0.578989446 0.000382096 0.999975860 0.006938010 -0.833791494 0.000612149 -0.006938243 0.999975681 25.124427795
0.999998450 -0.000901526 -0.001519721 0.590601325 0.000912232 0.999974668 0.007058687 -0.844032168 0.001513319 -0.007060062 0.999973893 25.654277802
0.999998271 -0.000573821 -0.001762173 0.596134663 0.000585498 0.999977946 0.006633310 -0.855458379 0.001758328 -0.006634332 0.999976456 26.186925888
0.999997377 -0.001035183 -0.002052093 0.612351596 0.001050519 0.999971449 0.007486136 -0.869658649 0.002044285 -0.007488272 0.999969900 26.743589401
0.999996483 -0.001008647 -0.002454505 0.622645497 0.001026919 0.999971628 0.007454306 -0.885764420 0.002446916 -0.007456799 0.999969184 27.283775330
0.999996483 -0.000328752 -0.002631051 0.632479846 0.000348683 0.999971211 0.007578483 -0.903465211 0.002628483 -0.007579374 0.999967813 27.823375702
0.999995351 -0.000465163 -0.003020252 0.639344633 0.000488510 0.999969959 0.007733954 -0.919714332 0.003016564 -0.007735394 0.999965549 28.367023468
0.999992669 -0.001086117 -0.003697729 0.660807014 0.001115054 0.999968708 0.007832356 -0.925720632 0.003689107 -0.007836421 0.999962509 28.903814316
0.999990642 -0.001196369 -0.004149696 0.670109212 0.001228828 0.999968588 0.007828110 -0.939844966 0.004140201 -0.007833137 0.999960780 29.440683365
0.999991477 -0.000357536 -0.004107072 0.666970909 0.000389687 0.999969244 0.007830194 -0.948416173 0.004104146 -0.007831728 0.999960899 29.995529175
0.999991000 -0.000546522 -0.004234401 0.672883272 0.000580030 0.999968469 0.007915975 -0.966775775 0.004229942 -0.007918358 0.999959648 30.530641556
0.999990702 -0.000417535 -0.004317684 0.681126952 0.000451998 0.999968052 0.007983745 -0.978772759 0.004314212 -0.007985623 0.999958754 31.053695679
0.999988198 -0.000413182 -0.004843542 0.694826841 0.000452105 0.999967575 0.008037694 -0.995085239 0.004840064 -0.008039788 0.999955952 31.579988480
0.999988079 -0.000517130 -0.004857050 0.700174868 0.000557203 0.999965787 0.008252678 -1.010896921 0.004852617 -0.008255286 0.999954164 32.114521027
0.999986053 -0.001003725 -0.005189560 0.712195396 0.001047272 0.999964178 0.008395345 -1.021703720 0.005180948 -0.008400661 0.999951303 32.662372589
0.999985397 -0.001250224 -0.005263500 0.711152792 0.001294110 0.999964416 0.008342710 -1.035243869 0.005252881 -0.008349400 0.999951363 33.200386047
0.999985039 0.000014935 -0.005464025 0.711716175 0.000030554 0.999965310 0.008324977 -1.054982781 0.005463961 -0.008325019 0.999950409 33.695632935
0.999986947 0.000570788 -0.005081731 0.712695837 -0.000529065 0.999966204 0.008208021 -1.055005670 0.005086244 -0.008205224 0.999953449 34.281600952
0.999983013 -0.000207748 -0.005821033 0.721263111 0.000258248 0.999962389 0.008675984 -1.088859916 0.005819011 -0.008677340 0.999945462 34.775573730
0.999980450 -0.000385433 -0.006242483 0.746721089 0.000440333 0.999961197 0.008795596 -1.100327373 0.006238851 -0.008798173 0.999941826 35.291088104
0.999981284 0.000206361 -0.006117341 0.735239983 -0.000157730 0.999968410 0.007949132 -1.106551409 0.006118787 -0.007948019 0.999949694 35.850746155
0.999982476 0.000251955 -0.005916185 0.747301579 -0.000198562 0.999959230 0.009023715 -1.127569795 0.005918218 -0.009022383 0.999941826 36.362541199
0.999984324 0.000455888 -0.005586055 0.727510631 -0.000407206 0.999961913 0.008712916 -1.128100753 0.005589814 -0.008710505 0.999946475 36.872634888
0.999973655 -0.000841110 -0.007208086 0.730394602 0.000900808 0.999965370 0.008282855 -1.128723621 0.007200868 -0.008289131 0.999939680 37.415470123
0.999978900 0.000051986 -0.006504823 0.761154473 0.000004456 0.999962389 0.008676664 -1.151484728 0.006505030 -0.008676508 0.999941170 37.907333374
0.999975920 0.000419539 -0.006936493 0.765822411 -0.000363493 0.999967277 0.008079124 -1.150725126 0.006939655 -0.008076407 0.999943256 38.373104095
0.999972522 -0.000886664 -0.007358492 0.715894520 0.000956695 0.999954283 0.009518966 -1.191381812 0.007349715 -0.009525743 0.999927640 38.792758942
0.999975324 -0.000898206 -0.006966915 0.781346679 0.000960742 0.999959171 0.008977868 -1.199269772 0.006958566 -0.008984339 0.999935389 39.510951996
0.999983668 0.001310124 -0.005577057 0.712730289 -0.001273955 0.999978185 0.006483840 -1.129012346 0.005585430 -0.006476629 0.999963462 40.058631897
0.999978006 0.000028079 -0.006635629 0.798187613 0.000030807 0.999960601 0.008873836 -1.219154358 0.006635618 -0.008873845 0.999938607 40.552906036
0.999975801 0.000606620 -0.006929509 0.809023261 -0.000547547 0.999963522 0.008523618 -1.219028115 0.006934427 -0.008519617 0.999939680 41.122497559
0.999973953 0.001102959 -0.007130896 0.820083976 -0.001046345 0.999967933 0.007938168 -1.219993234 0.007139424 -0.007930500 0.999943078 41.667392731
0.999974966 0.000623858 -0.007044459 0.835439920 -0.000565279 0.999965250 0.008314655 -1.243867874 0.007049401 -0.008310465 0.999940634 42.170314789
0.999975860 0.000565710 -0.006926687 0.833841205 -0.000506430 0.999963284 0.008556971 -1.263538837 0.006931273 -0.008553256 0.999939382 42.704387665
0.999977529 0.000963574 -0.006652365 0.835571170 -0.000908552 0.999965310 0.008269179 -1.268838525 0.006660104 -0.008262946 0.999943674 43.235710144
0.999975443 0.001114181 -0.006915599 0.848556161 -0.001057389 0.999965668 0.008210330 -1.277638316 0.006924511 -0.008202815 0.999942362 43.765995026
0.999975741 0.000997736 -0.006893774 0.858601153 -0.000940522 0.999965131 0.008297734 -1.293316960 0.006901811 -0.008291049 0.999941826 44.307773590
0.999975085 0.001083275 -0.006970777 0.874706388 -0.001024961 0.999964476 0.008363687 -1.306223392 0.006979589 -0.008356334 0.999940753 44.847713470
0.999975860 0.001161348 -0.006844313 0.880038261 -0.001103973 0.999964297 0.008380651 -1.320930600 0.006853802 -0.008372893 0.999941468 45.360557556
0.999974549 0.001251794 -0.007019868 0.891735673 -0.001193883 0.999965250 0.008247725 -1.333428979 0.007029949 -0.008239134 0.999941349 45.888717651
0.999974310 0.001306158 -0.007043560 0.895643830 -0.001245809 0.999962568 0.008565547 -1.348610401 0.007054484 -0.008556552 0.999938488 46.460308075
0.999972701 0.000887321 -0.007338345 0.902167201 -0.000824957 0.999963522 0.008497011 -1.349806190 0.007345615 -0.008490724 0.999936998 46.943992615
0.999972641 0.001466704 -0.007249392 0.906573772 -0.001405857 0.999963820 0.008391440 -1.360930562 0.007261437 -0.008381020 0.999938428 47.472763062
0.999973178 0.001456192 -0.007179912 0.915010571 -0.001396099 0.999963999 0.008367452 -1.373899460 0.007191839 -0.008357204 0.999939203 48.002979279
0.999971688 0.001426302 -0.007388245 0.924835324 -0.001364145 0.999963701 0.008411109 -1.387740254 0.007399975 -0.008400791 0.999937356 48.533046722
0.999972343 0.001507839 -0.007282244 0.936275363 -0.001445909 0.999962747 0.008502100 -1.398702145 0.007294793 -0.008491335 0.999937296 49.065372467
0.999972045 0.001595690 -0.007308892 0.938101530 -0.001532901 0.999961972 0.008588341 -1.407369614 0.007322318 -0.008576895 0.999936402 49.595882416
0.999972045 0.001434881 -0.007326870 0.945657849 -0.001371629 0.999961793 0.008630551 -1.424657583 0.007338974 -0.008620262 0.999935865 50.115158081
0.999971807 0.001692074 -0.007312530 0.947461247 -0.001628659 0.999961078 0.008669350 -1.433984756 0.007326915 -0.008657196 0.999935687 50.640048981
0.999971569 0.001549950 -0.007381354 0.952740967 -0.001484939 0.999960244 0.008804886 -1.443740129 0.007394706 -0.008793675 0.999934018 51.183208466
0.999973536 0.001962703 -0.006996958 0.949938536 -0.001901667 0.999960124 0.008719337 -1.460849524 0.007013793 -0.008705800 0.999937534 51.699153900
0.999973893 0.002015961 -0.006928025 0.956246018 -0.001954207 0.999958336 0.008908859 -1.474853277 0.006945696 -0.008895089 0.999936342 52.233291626
0.999976695 0.002550492 -0.006326535 0.932233334 -0.002495041 0.999958515 0.008757330 -1.497811079 0.006348609 -0.008741342 0.999941647 52.707218170
0.999978364 0.001730982 -0.006338735 0.917528629 -0.001669112 0.999951124 0.009752939 -1.520739079 0.006355307 -0.009742149 0.999932349 53.231407166
0.999975324 0.002561505 -0.006555513 0.938786447 -0.002503408 0.999957681 0.008855296 -1.528941274 0.006577918 -0.008838665 0.999939322 53.788753510
0.999977052 0.002434810 -0.006323788 0.955652237 -0.002374860 0.999952316 0.009470346 -1.559273243 0.006346545 -0.009455111 0.999935150 54.240615845
0.999974430 0.003342309 -0.006323331 0.926754415 -0.003283964 0.999952137 0.009214886 -1.567261934 0.006353827 -0.009193883 0.999937594 54.795871735
0.999972701 0.002529269 -0.006944858 0.968421578 -0.002463766 0.999952495 0.009424269 -1.577037096 0.006968366 -0.009406900 0.999931395 55.332191467
0.999970019 0.001084918 -0.007671314 1.001711845 -0.001008971 0.999950469 0.009897174 -1.594727755 0.007681672 -0.009889137 0.999921560 55.812984467
0.999975622 0.002089750 -0.006661729 0.993694305 -0.002023980 0.999949396 0.009864228 -1.607248664 0.006682003 -0.009850505 0.999929130 56.259761810
0.999969184 0.001789224 -0.007638855 0.993683100 -0.001715447 0.999951899 0.009653826 -1.585659385 0.007655761 -0.009640426 0.999924183 56.954998016
0.999974430 0.002163465 -0.006804924 1.015280604 -0.002097045 0.999950230 0.009752682 -1.635798693 0.006825685 -0.009738164 0.999929249 57.296714783
0.999973893 0.002139080 -0.006898320 1.027721643 -0.002070148 0.999947965 0.009984254 -1.647023320 0.006919321 -0.009969712 0.999926388 57.817935944
0.999974728 0.001886788 -0.006853174 1.034863114 -0.001819616 0.999950469 0.009794639 -1.655585170 0.006871317 -0.009781922 0.999928474 58.348884583
0.999973893 0.001963555 -0.006948649 1.047770739 -0.001892861 0.999946594 0.010165654 -1.673420668 0.006968239 -0.010152237 0.999924123 58.878890991
0.999972820 0.001230259 -0.007273403 1.057498693 -0.001157034 0.999948680 0.010063025 -1.681223392 0.007285410 -0.010054336 0.999922931 59.404575348
0.999972105 0.000709685 -0.007442585 1.074704409 -0.000635677 0.999950409 0.009941448 -1.697396994 0.007449270 -0.009936440 0.999922931 59.957897186
0.999971449 0.001394000 -0.007436477 1.117712617 -0.001316993 0.999945581 0.010350219 -1.724216938 0.007450501 -0.010340129 0.999918818 60.444580078
0.999961674 0.000449167 -0.008746828 1.157948256 -0.000356246 0.999943554 0.010622086 -1.749783754 0.008751106 -0.010618563 0.999905348 60.968757629
0.999969006 0.001875066 -0.007655818 1.174378395 -0.001793934 0.999942303 0.010590651 -1.732119799 0.007675233 -0.010576589 0.999914587 61.420803070
0.999965250 0.001947308 -0.008107481 1.149946451 -0.001862983 0.999944150 0.010395410 -1.725167513 0.008127271 -0.010379942 0.999913156 61.993030548
0.999968886 0.001594626 -0.007718356 1.119536161 -0.001514588 0.999945104 0.010364542 -1.773254633 0.007734461 -0.010352529 0.999916494 62.439617157
0.999969244 0.001830848 -0.007627154 1.123196125 -0.001747478 0.999938846 0.010923026 -1.788359046 0.007646685 -0.010909363 0.999911249 62.994415283
0.999969900 0.001659774 -0.007571145 1.104749918 -0.001574470 0.999935329 0.011259140 -1.812649012 0.007589344 -0.011246881 0.999907911 63.496887207
0.999974251 0.002036703 -0.006879307 1.114945054 -0.001965031 0.999943912 0.010409152 -1.815986991 0.006900122 -0.010395365 0.999922156 64.018798828
0.999971628 0.001423227 -0.007389143 1.150945425 -0.001346700 0.999945462 0.010351265 -1.811894178 0.007403472 -0.010341020 0.999919116 64.489067078
0.999964535 0.000104522 -0.008422403 1.184813619 -0.000016596 0.999945521 0.010438951 -1.833200455 0.008423034 -0.010438441 0.999910057 64.997146606
0.999971092 0.001127042 -0.007518065 1.177439332 -0.001047511 0.999943554 0.010574204 -1.843073606 0.007529558 -0.010566024 0.999915779 65.541877747
0.999972761 0.001736951 -0.007164740 1.176931024 -0.001666592 0.999950469 0.009814397 -1.836811304 0.007181432 -0.009802191 0.999926150 66.084747314
0.999974072 0.001805868 -0.006971669 1.170717239 -0.001732931 0.999943852 0.010453862 -1.870461702 0.006990158 -0.010441510 0.999920964 66.464927673
0.999972343 0.001194303 -0.007344483 1.185155630 -0.001116247 0.999942899 0.010622827 -1.885421276 0.007356752 -0.010614335 0.999916553 67.014381409
0.999971569 0.001965053 -0.007285481 1.179363489 -0.001889861 0.999944985 0.010313346 -1.894417048 0.007305347 -0.010299283 0.999920249 67.551170349
0.999972761 0.002356439 -0.006996595 1.186627507 -0.002282664 0.999941885 0.010533576 -1.900915861 0.007021011 -0.010517319 0.999920011 67.978485107
0.999972522 0.002146424 -0.007092305 1.206800461 -0.002070407 0.999940455 0.010708378 -1.919125080 0.007114868 -0.010693398 0.999917507 68.467231750
0.999969423 0.001458866 -0.007677114 1.215799928 -0.001378496 0.999944270 0.010463651 -1.928401828 0.007691952 -0.010452747 0.999915779 69.000846863
0.999969959 0.001897486 -0.007517856 1.235684872 -0.001816137 0.999939919 0.010812886 -1.954271793 0.007537921 -0.010798909 0.999913216 69.483222961
0.999971390 0.001592174 -0.007384056 1.242416382 -0.001511730 0.999939620 0.010887033 -1.961310625 0.007400943 -0.010875560 0.999913454 69.965499878
0.999971092 0.001662260 -0.007405235 1.249573231 -0.001579088 0.999935865 0.011223183 -1.978207350 0.007423415 -0.011211168 0.999909580 70.509902954
0.999971211 0.002462031 -0.007173396 1.257396936 -0.002383750 0.999937713 0.010900873 -1.993710876 0.007199788 -0.010883458 0.999914765 71.024475098
0.999970555 0.001815540 -0.007445668 1.275424957 -0.001734253 0.999938965 0.010909294 -2.003005743 0.007465020 -0.010896061 0.999912798 71.538833618
0.999971986 0.001885753 -0.007247567 1.280941486 -0.001806729 0.999939024 0.010894762 -2.012920856 0.007267670 -0.010881361 0.999914408 72.061325073
0.999973595 0.001992585 -0.006993418 1.289253473 -0.001916031 0.999938369 0.010936303 -2.024167299 0.007014778 -0.010922613 0.999915779 72.618133545
0.999972820 0.001747494 -0.007163531 1.302978039 -0.001670821 0.999941349 0.010695267 -2.029935837 0.007181800 -0.010683003 0.999917090 73.115409851
0.999971032 0.001275292 -0.007506324 1.320063114 -0.001193694 0.999940276 0.010865063 -2.043481350 0.007519731 -0.010855790 0.999912798 73.638359070
0.999970138 0.001125124 -0.007645679 1.337455750 -0.001043421 0.999942362 0.010681790 -2.048281670 0.007657256 -0.010673493 0.999913692 74.167358398
0.999968827 0.001184530 -0.007806318 1.354729533 -0.001099316 0.999939859 0.010911362 -2.065287590 0.007818772 -0.010902442 0.999909997 74.662788391
0.999968827 0.000878002 -0.007849993 1.357053399 -0.000795303 0.999944270 0.010531854 -2.076063633 0.007858803 -0.010525283 0.999913692 75.215644836
0.999967992 0.001847783 -0.007784132 1.376320839 -0.001760034 0.999935031 0.011264620 -2.084167004 0.007804441 -0.011250559 0.999906242 75.660331726
0.999970317 0.002395003 -0.007321832 1.378775477 -0.002316694 0.999940217 0.010685218 -2.091669798 0.007346984 -0.010667941 0.999916077 76.211753845
0.999969959 0.001551321 -0.007591745 1.394422054 -0.001469131 0.999940395 0.010819822 -2.100933313 0.007608078 -0.010808342 0.999912560 76.743782043
0.999968767 0.002114773 -0.007616236 1.396692514 -0.002033262 0.999940693 0.010694193 -2.112130880 0.007638400 -0.010678370 0.999913812 77.282287598
0.999970973 0.002312482 -0.007249084 1.407542706 -0.002236343 0.999942422 0.010493821 -2.126274586 0.007272932 -0.010477305 0.999918580 77.819099426
0.999978006 0.001770660 -0.006395456 1.431582451 -0.001701838 0.999940693 0.010750663 -2.145489454 0.006414113 -0.010739543 0.999921739 78.335716248
0.999985814 0.002169188 -0.004861214 1.445606470 -0.002117378 0.999941170 0.010637832 -2.161272764 0.004884004 -0.010627389 0.999931574 78.878875732
0.999989688 0.002568592 -0.003723415 1.459359527 -0.002529305 0.999941468 0.010517893 -2.172678709 0.003750214 -0.010508368 0.999937773 79.377777100
0.999993801 0.001830895 -0.002999477 1.468114138 -0.001798976 0.999942124 0.010609909 -2.183635712 0.003018729 -0.010604450 0.999939203 79.921211243
0.999995708 0.002831267 0.000729878 1.480244160 -0.002838990 0.999937594 0.010805462 -2.202852249 -0.000699238 -0.010807488 0.999941349 80.465698242
0.999991536 0.001945405 0.003619847 1.504460216 -0.001984882 0.999938250 0.010934252 -2.210237026 -0.003598352 -0.010941347 0.999933660 80.995956421
0.999981165 0.001681925 0.005895409 1.522073030 -0.001740909 0.999948382 0.010014316 -2.198212147 -0.005878260 -0.010024392 0.999932468 81.491302490
0.999945462 0.001433880 0.010344824 1.554637909 -0.001541879 0.999944270 0.010439413 -2.229998350 -0.010329278 -0.010454793 0.999891937 82.054244995
0.999863207 0.002014188 0.016419411 1.612699747 -0.002198745 0.999934554 0.011229866 -2.251784801 -0.016395718 -0.011264432 0.999802053 82.443450928
0.999766231 0.001524936 0.021562211 1.658038378 -0.001767304 0.999935448 0.011225808 -2.269278526 -0.021543698 -0.011261294 0.999704421 82.949363708
0.999577522 0.002974155 0.028913170 1.670113325 -0.003333715 0.999917626 0.012395592 -2.373015642 -0.028873919 -0.012486744 0.999505043 83.607826233
0.999306858 0.004086491 0.036999639 1.727588058 -0.004578662 0.999902070 0.013227107 -2.422004700 -0.036941964 -0.013387348 0.999227762 83.785842896
0.998978496 0.003363259 0.045060959 1.773630381 -0.003936560 0.999912381 0.012640106 -2.423939705 -0.045014497 -0.012804580 0.998904288 84.665634155
0.998622656 0.003444453 0.052352667 1.815356493 -0.004108266 0.999912441 0.012577319 -2.427637100 -0.052304767 -0.012775073 0.998549461 85.192962646
0.998137891 0.002836149 0.060931765 1.878922939 -0.003589543 0.999918401 0.012258654 -2.437607050 -0.060892034 -0.012454545 0.998066664 85.733009338
0.997472763 0.002939158 0.070989043 1.946707726 -0.003814100 0.999918401 0.012192625 -2.453701496 -0.070947394 -0.012432568 0.997402549 86.255325317
0.996826172 0.002671052 0.079564311 1.990433693 -0.003647719 0.999919713 0.012132364 -2.464524269 -0.079525508 -0.012384087 0.996755898 86.777580261
0.996156216 0.002171706 0.087566569 2.077857018 -0.003248649 0.999920726 0.012157932 -2.477617264 -0.087533228 -0.012395674 0.996084452 87.327331543
0.995210588 0.001781403 0.097737804 2.166213989 -0.002970525 0.999923289 0.012022281 -2.490791798 -0.097708896 -0.012255034 0.995139599 87.860969543
0.994110882 0.001579837 0.108356155 2.255162239 -0.002930649 0.999919891 0.012308293 -2.504907131 -0.108328037 -0.012553364 0.994035959 88.412193298
0.993078709 0.001122378 0.117445402 2.343027115 -0.002574126 0.999922097 0.012210086 -2.520689487 -0.117422536 -0.012427895 0.993004262 88.947868347
0.991731405 0.001271834 0.128324389 2.436476707 -0.002882396 0.999919355 0.012365785 -2.528777599 -0.128298327 -0.012633420 0.991655111 89.499862671
0.990084648 0.001058322 0.140467823 2.537653923 -0.002750628 0.999925911 0.011854034 -2.536301136 -0.140444890 -0.012122872 0.990014195 90.042938232
0.988491058 0.000894472 0.151276410 2.645623207 -0.002698671 0.999927640 0.011721624 -2.550845623 -0.151254997 -0.011994966 0.988421977 90.579528809
0.986930013 0.000612515 0.161147982 2.748734474 -0.002566019 0.999925733 0.011914592 -2.557000637 -0.161128700 -0.012172379 0.986858308 91.128723145
0.984892428 0.000093390 0.173166960 2.866108894 -0.002132305 0.999930561 0.011588281 -2.565501451 -0.173153847 -0.011782457 0.984824240 91.664230347
0.982630014 0.000036504 0.185575172 2.990823746 -0.002212392 0.999931216 0.011518037 -2.575829983 -0.185561970 -0.011728535 0.982562482 92.198333740
0.980496109 -0.000214979 0.196538270 3.117898941 -0.002097250 0.999931037 0.011556579 -2.584862471 -0.196527198 -0.011743370 0.980428040 92.734550476
0.977741301 -0.000289710 0.209813833 3.257614136 -0.002148562 0.999932706 0.011393087 -2.598908663 -0.209803045 -0.011590293 0.977674961 93.263847351
0.974779665 -0.000837471 0.223167941 3.404836655 -0.001788905 0.999931514 0.011566188 -2.606829405 -0.223162308 -0.011673711 0.974711418 93.801719666
0.972198606 -0.001481868 0.234153226 3.562755585 -0.001261498 0.999932349 0.011565909 -2.624303818 -0.234154478 -0.011539743 0.972130954 94.326782227
0.969128013 -0.001899287 0.246550828 3.726444244 -0.001026367 0.999930561 0.011737279 -2.639548779 -0.246555999 -0.011627977 0.969058812 94.843338013
0.965544045 -0.002229132 0.260230094 3.911296844 -0.000939552 0.999926865 0.012051444 -2.659963131 -0.260237962 -0.011880699 0.965471387 95.344787598
0.962065041 -0.002517738 0.272808671 4.089979172 -0.000740739 0.999929547 0.011840532 -2.674733400 -0.272819251 -0.011593441 0.961995542 95.863174438
0.958906591 -0.002898835 0.283706963 4.278148651 -0.000503748 0.999928772 0.011919613 -2.688243151 -0.283721298 -0.011572712 0.958836973 96.364830017
0.954665244 -0.002522119 0.297670871 4.466838837 -0.001045657 0.999929547 0.011825792 -2.694411039 -0.297679722 -0.011600934 0.954595327 96.884109497
0.950272381 -0.002986843 0.311405450 4.668827057 -0.000828372 0.999926209 0.012118613 -2.712811470 -0.311418623 -0.011773944 0.950199962 97.379768372
0.946383297 -0.003391660 0.323028058 4.868431091 -0.000641519 0.999923170 0.012378252 -2.723774672 -0.323045224 -0.011921802 0.946308434 97.902107239
0.941938639 -0.003136244 0.335770458 5.078166962 -0.001047915 0.999924064 0.012279455 -2.737305164 -0.335783511 -0.011918352 0.941863775 98.409957886
0.936820030 -0.003494709 0.349794209 5.301397324 -0.000904891 0.999922514 0.012413465 -2.748080730 -0.349810481 -0.011945709 0.936744332 98.926101685
0.932127953 -0.003867727 0.362108499 5.513244629 -0.000784237 0.999918997 0.012699019 -2.763159275 -0.362128258 -0.012121088 0.932049453 99.418952942
0.927501917 -0.003876540 0.373798341 5.734477997 -0.000862651 0.999921322 0.012510345 -2.774279594 -0.373817503 -0.011925826 0.927425623 99.924789429
0.921798348 -0.004393441 0.387644798 5.974306107 -0.000522420 0.999920785 0.012575063 -2.780669689 -0.387669414 -0.011794186 0.921723008 100.422958374
0.916299582 -0.005123073 0.400460839 6.219518661 0.000036678 0.999919236 0.012707989 -2.790921450 -0.400493592 -0.011629636 0.916225731 100.918159485
0.911634624 -0.005848933 0.410959899 6.464488983 0.000716916 0.999919832 0.012640888 -2.800279379 -0.411000878 -0.011229248 0.911565781 101.412185669
0.906056702 -0.006234440 0.423110604 6.724845886 0.001029445 0.999920964 0.012529138 -2.806971550 -0.423155367 -0.010916540 0.905991316 101.909347534
0.899604440 -0.006419924 0.436658442 6.984733582 0.001078842 0.999921679 0.012478610 -2.820537806 -0.436704308 -0.010754727 0.899540842 102.386352539
0.893776059 -0.006953403 0.448459536 7.256755829 0.001589221 0.999922633 0.012336580 -2.825903416 -0.448510587 -0.010313441 0.893718004 102.873886108
0.888084054 -0.007668156 0.459617138 7.525100708 0.002048767 0.999916971 0.012723726 -2.839479446 -0.459676504 -0.010358089 0.888025939 103.333442688
0.880874872 -0.007649333 0.473287344 7.808864594 0.002045895 0.999921560 0.012353082 -2.849508286 -0.473344803 -0.009913223 0.880821466 103.809425354
0.873819053 -0.008005145 0.486185372 8.101051331 0.002210993 0.999919534 0.012490080 -2.860516071 -0.486246258 -0.009839115 0.873766422 104.271812439
0.868106782 -0.009211672 0.496291876 8.402946472 0.003478734 0.999916077 0.012474488 -2.871621609 -0.496365130 -0.009102721 0.868066013 104.740417480
0.861025691 -0.009247002 0.508477390 8.703712463 0.003508273 0.999918878 0.012243492 -2.883865356 -0.508549333 -0.008758084 0.860988319 105.194976807
