1.000000000 0.000000000 0.000000000 0.000000000 0.000000000 1.000000000 0.000000000 0.000000000 0.000000000 0.000000000 1.000000000 0.000000000
1.000000000 0.000026217 -0.000023117 0.000382510 -0.000026216 1.000000000 0.000030357 -0.001012003 0.000023118 -0.000030356 1.000000000 -0.001611027
1.000000000 -0.000031771 -0.000009120 0.000918222 0.000031771 1.000000000 -0.000010568 -0.000438580 0.000009120 0.000010568 1.000000000 -0.002568370
1.000000000 -0.000153331 -0.000114822 0.001830832 0.000153339 1.000000000 0.000067452 -0.001941742 0.000114811 -0.000067470 1.000000000 -0.004418512
1.000000000 -0.000149486 -0.000081866 -0.000306417 0.000149485 1.000000000 -0.000006394 0.000099449 0.000081867 0.000006382 1.000000000 -0.003293593
1.000000000 -0.000157953 -0.000038499 0.000852636 0.000157955 1.000000000 0.000061744 -0.000727752 0.000038489 -0.000061750 1.000000000 -0.001548497
1.000000000 -0.000193553 -0.000009353 0.000135159 0.000193553 1.000000000 0.000041317 -0.000728229 0.000009345 -0.000041319 1.000000000 -0.003962706
1.000000000 -0.000085355 -0.000043547 0.000032088 0.000085357 1.000000000 0.000035130 0.000418170 0.000043544 -0.000035134 1.000000000 -0.003850533
1.000000000 -0.000055933 -0.000029400 0.000382447 0.000055932 1.000000000 -0.000015119 0.000431855 0.000029401 0.000015117 1.000000000 -0.000590071
1.000000000 -0.000090894 -0.000064914 -0.000327746 0.000090894 1.000000000 0.000005800 0.001300748 0.000064914 -0.000005806 1.000000000 -0.001600338
1.000000000 -0.000161710 -0.000132386 0.000838843 0.000161716 1.000000000 0.000045831 -0.000232324 0.000132379 -0.000045852 1.000000000 -0.002537932
1.000000000 -0.000209126 -0.000110674 0.000098614 0.000209126 1.000000000 0.000004853 0.000370107 0.000110673 -0.000004876 1.000000000 -0.000317434
1.000000000 -0.000222447 -0.000067103 -0.000776988 0.000222450 1.000000000 0.000042213 0.001027431 0.000067093 -0.000042228 1.000000000 -0.000606215
1.000000000 -0.000192395 -0.000066859 0.000404970 0.000192397 1.000000000 0.000036370 -0.000042595 0.000066852 -0.000036383 1.000000000 -0.003295581
1.000000000 -0.000142036 -0.000092689 0.001372667 0.000142047 1.000000000 0.000121601 -0.000540261 0.000092672 -0.000121615 1.000000000 -0.004038415
1.000000000 -0.000098944 -0.000038045 0.002070825 0.000098948 1.000000000 0.000110141 -0.001317056 0.000038034 -0.000110145 1.000000000 -0.007225584
1.000000000 -0.000144542 -0.000096963 0.001144210 0.000144544 1.000000000 0.000029150 0.000805272 0.000096959 -0.000029164 1.000000000 -0.002585229
1.000000000 -0.000083139 -0.000090146 0.000928180 0.000083145 1.000000000 0.000065023 -0.000072668 0.000090141 -0.000065031 1.000000000 -0.004154029
0.999999940 -0.000246956 -0.000107221 0.000649187 0.000246963 0.999999940 0.000057229 -0.000427290 0.000107207 -0.000057256 1.000000000 -0.003450595
0.999999940 -0.000245330 -0.000095911 0.000631473 0.000245334 0.999999940 0.000038021 0.000772696 0.000095902 -0.000038045 1.000000000 0.000055612
0.999999940 -0.000236992 -0.000098013 0.000079554 0.000236997 1.000000000 0.000057479 -0.000844531 0.000098000 -0.000057502 1.000000000 -0.003180942
1.000000000 -0.000133559 -0.000104468 0.002545604 0.000133565 1.000000000 0.000057575 0.000185097 0.000104461 -0.000057589 1.000000000 -0.001276052
1.000000000 -0.000145637 -0.000111401 0.002445953 0.000145646 1.000000000 0.000079393 -0.000958477 0.000111389 -0.000079409 1.000000000 -0.002343719
0.999999940 -0.000277175 -0.000149292 0.001552445 0.000277190 0.999999940 0.000098552 -0.000626816 0.000149265 -0.000098593 1.000000000 -0.004174578
0.999999940 -0.000245554 -0.000200496 0.002840014 0.000245572 0.999999940 0.000086914 -0.000693952 0.000200474 -0.000086963 1.000000000 -0.003931629
0.999999940 -0.000288980 -0.000142005 0.001791176 0.000288990 0.999999940 0.000073687 0.000344710 0.000141983 -0.000073728 1.000000000 -0.003189757
0.999999940 -0.000325457 -0.000194249 0.003039054 0.000325472 0.999999940 0.000080305 -0.000325943 0.000194223 -0.000080368 1.000000000 -0.004424977
0.999999881 -0.000399511 -0.000150241 0.001150755 0.000399521 0.999999940 0.000071350 -0.000655934 0.000150213 -0.000071410 1.000000000 -0.004712299
0.999999940 -0.000201754 -0.000162205 0.001727760 0.000201769 1.000000000 0.000089422 -0.000002936 0.000162187 -0.000089455 1.000000000 -0.001862659
1.000000000 -0.000163165 -0.000110552 0.002452461 0.000163177 1.000000000 0.000108880 -0.001113991 0.000110534 -0.000108898 1.000000000 -0.004031823
0.999999940 -0.000254532 -0.000158271 0.000744223 0.000254544 0.999999940 0.000075733 0.000507796 0.000158252 -0.000075773 1.000000000 -0.001569780
0.999999940 -0.000309803 -0.000174366 0.000776818 0.000309822 0.999999940 0.000108408 0.000059936 0.000174333 -0.000108462 1.000000000 -0.003813098
0.999999940 -0.000206715 -0.000162330 0.001525197 0.000206717 1.000000000 0.000014472 0.000262744 0.000162327 -0.000014506 1.000000000 -0.002035681
0.999999940 -0.000319691 -0.000161141 0.002049334 0.000319700 0.999999940 0.000056244 -0.000031651 0.000161123 -0.000056295 1.000000000 -0.001725471
0.999999940 -0.000281803 -0.000101051 0.000902382 0.000281812 0.999999940 0.000092431 -0.000868281 0.000101025 -0.000092459 1.000000000 -0.005766984
0.999999940 -0.000320462 -0.000200528 0.002994652 0.000320471 0.999999940 0.000041811 0.000215459 0.000200515 -0.000041875 1.000000000 -0.003090746
1.000000000 -0.000176653 -0.000158940 0.003053332 0.000176671 1.000000000 0.000114105 -0.000523931 0.000158920 -0.000114133 1.000000000 -0.007091323
0.999999940 -0.000299783 -0.000143396 0.000570132 0.000299793 0.999999940 0.000064855 0.000008397 0.000143377 -0.000064898 1.000000000 -0.004467347
0.999999940 -0.000266270 -0.000164622 0.001374710 0.000266291 0.999999940 0.000125939 -0.000492575 0.000164589 -0.000125982 1.000000000 -0.003706576
0.999999940 -0.000272458 -0.000185982 0.002734044 0.000272467 0.999999940 0.000047418 -0.001093721 0.000185969 -0.000047469 1.000000000 0.000078927
0.999999940 -0.000245962 -0.000106910 0.001658039 0.000245904 0.999999821 -0.000544693 -0.000826846 0.000107044 0.000544667 0.999999821 0.048688825
1.000000000 -0.000120463 -0.000140690 0.001811496 0.000120306 0.999999344 -0.001112928 -0.003222204 0.000140824 0.001112912 0.999999344 0.140692323
0.999999940 -0.000192620 -0.000163330 0.005242568 0.000192386 0.999998927 -0.001431557 -0.007442099 0.000163606 0.001431525 0.999998987 0.254114360
0.999999940 -0.000238075 -0.000080039 0.005843753 0.000237962 0.999998987 -0.001411466 -0.012438881 0.000080375 0.001411447 0.999998987 0.389454693
0.999999940 -0.000137943 -0.000217239 0.011266080 0.000137700 0.999999344 -0.001117051 -0.019287592 0.000217393 0.001117021 0.999999344 0.524194598
1.000000000 -0.000179528 -0.000111428 0.012609724 0.000179412 0.999999464 -0.001040041 -0.022324678 0.000111615 0.001040020 0.999999464 0.684979439
1.000000000 -0.000118867 -0.000119356 0.020056587 0.000118754 0.999999523 -0.000944385 -0.025501344 0.000119468 0.000944371 0.999999523 0.845162928
0.999999940 0.000314467 0.000078276 0.016374359 -0.000314403 0.999999642 -0.000818968 -0.025489241 -0.000078533 0.000818943 0.999999642 1.020975471
1.000000000 -0.000059340 -0.000183310 0.027608745 0.000059232 0.999999821 -0.000588148 -0.037479058 0.000183345 0.000588137 0.999999821 1.181291461
1.000000000 0.000178019 0.000054217 0.029477524 -0.000177999 0.999999940 -0.000367897 -0.040957026 -0.000054283 0.000367887 0.999999940 1.367977738
0.999999762 0.000275193 -0.000602358 0.026209546 -0.000275247 0.999999881 -0.000090263 -0.026656691 0.000602333 0.000090429 0.999999821 1.648695946
0.999999940 0.000006652 -0.000316706 0.026345260 -0.000006670 0.999999940 -0.000057354 -0.030915098 0.000316706 0.000057356 0.999999940 1.846269608
0.999999821 -0.000215314 -0.000508392 0.036596600 0.000215509 0.999999881 0.000384367 -0.039182860 0.000508309 -0.000384477 0.999999821 2.048199415
0.999999821 0.000482269 -0.000076987 0.030624561 -0.000482247 0.999999762 0.000287252 -0.043248255 0.000077126 -0.000287215 0.999999940 2.269832611
0.999999464 0.000935029 -0.000469231 0.043226216 -0.000935039 0.999999523 -0.000021536 -0.037286207 0.000469210 0.000021975 0.999999821 2.531521320
0.999999404 0.000917528 -0.000536051 0.048582003 -0.000917612 0.999999583 -0.000156802 -0.043190058 0.000535907 0.000157293 0.999999821 2.762197495
0.999999404 0.000978318 -0.000442255 0.053929187 -0.000978357 0.999999523 -0.000089526 -0.050849359 0.000442167 0.000089959 0.999999881 2.989000797
0.999999464 0.000978559 -0.000324149 0.060809623 -0.000978593 0.999999464 -0.000107701 -0.055660136 0.000324044 0.000108018 0.999999940 3.211361647
0.999999523 0.000997015 -0.000255648 0.060198605 -0.000997029 0.999999523 -0.000056767 -0.063124143 0.000255591 0.000057022 1.000000000 3.456155300
0.999999285 0.001282090 -0.000119672 0.063472226 -0.001282085 0.999999225 0.000038193 -0.073021248 0.000119721 -0.000038039 1.000000000 3.723153114
0.999999344 0.001036644 -0.000540884 0.087181464 -0.001036225 0.999999166 0.000775584 -0.088886946 0.000541687 -0.000775023 0.999999523 3.961037159
0.999999166 0.001251606 -0.000485089 0.093738034 -0.001251221 0.999998927 0.000792056 -0.095580272 0.000486080 -0.000791448 0.999999523 4.225492477
0.999999046 0.001382179 -0.000289297 0.094081528 -0.001381834 0.999998391 0.001188430 -0.100769497 0.000290939 -0.001188029 0.999999225 4.477832317
0.999999642 0.000764331 -0.000301706 0.096766442 -0.000763993 0.999999225 0.001116202 -0.108106993 0.000302559 -0.001115971 0.999999344 4.742163658
0.999999762 0.000720388 -0.000015828 0.102511637 -0.000720368 0.999998987 0.001269713 -0.116905324 0.000016743 -0.001269702 0.999999225 4.995167255
0.999999762 0.000533189 -0.000207931 0.109894343 -0.000532868 0.999998689 0.001541617 -0.127159819 0.000208753 -0.001541506 0.999998808 5.261369228
0.999999881 0.000516864 -0.000007991 0.109807804 -0.000516853 0.999998987 0.001391594 -0.128280610 0.000008710 -0.001391590 0.999999046 5.525240898
0.999999762 0.000655278 -0.000144317 0.117381938 -0.000655056 0.999998629 0.001529857 -0.138811707 0.000145319 -0.001529762 0.999998808 5.767325401
0.999999285 0.001146246 -0.000307665 0.123762831 -0.001145889 0.999998689 0.001157337 -0.156007051 0.000308991 -0.001156984 0.999999225 6.067306519
0.999999523 0.000953499 -0.000313656 0.131482303 -0.000953085 0.999998748 0.001317854 -0.167572945 0.000314912 -0.001317555 0.999999046 6.340342045
0.999999523 0.000963621 -0.000192138 0.132200107 -0.000963365 0.999998748 0.001325764 -0.171744585 0.000193415 -0.001325578 0.999999046 6.636100769
0.999999404 0.001111752 -0.000030505 0.138106704 -0.001111710 0.999998510 0.001366646 -0.182153970 0.000032024 -0.001366611 0.999999046 6.907124996
0.999999046 0.001337672 0.000071623 0.142513573 -0.001337761 0.999998331 0.001263448 -0.189819828 -0.000069933 -0.001263542 0.999999225 7.210500717
0.999999583 0.000902602 -0.000080003 0.156302497 -0.000902492 0.999998748 0.001359301 -0.200812519 0.000081229 -0.001359228 0.999999046 7.498638630
0.999999583 0.000901815 0.000021869 0.164416239 -0.000901851 0.999998093 0.001683872 -0.227127299 -0.000020351 -0.001683891 0.999998510 7.812020302
0.999999821 0.000615913 -0.000003328 0.173739552 -0.000615906 0.999998152 0.001790201 -0.236092091 0.000004431 -0.001790198 0.999998331 8.124203682
0.999999702 0.000653243 0.000097409 0.176104680 -0.000653415 0.999998152 0.001786197 -0.246230558 -0.000096241 -0.001786261 0.999998331 8.449089050
0.999999642 0.000777548 0.000377298 0.168421790 -0.000778303 0.999997616 0.002005366 -0.254712701 -0.000375738 -0.002005658 0.999997914 8.777023315
0.999999464 0.001011331 0.000394627 0.169121385 -0.001012073 0.999997675 0.001883034 -0.259307176 -0.000392722 -0.001883432 0.999998152 9.121271133
0.999999404 0.000993761 0.000523276 0.176897675 -0.000994794 0.999997497 0.001976422 -0.273735285 -0.000521311 -0.001976942 0.999997914 9.442781448
0.999999166 0.001148682 0.000560684 0.190333471 -0.001150039 0.999996424 0.002426618 -0.295557469 -0.000557894 -0.002427260 0.999996841 9.784996986
0.999999166 0.001122024 0.000540588 0.200349122 -0.001123432 0.999995947 0.002611421 -0.303234965 -0.000537656 -0.002612025 0.999996424 10.133502007
0.999999285 0.001058443 0.000528849 0.205789909 -0.001059835 0.999996006 0.002637965 -0.314308554 -0.000526054 -0.002638524 0.999996424 10.490724564
0.999999404 0.001036387 0.000401991 0.217150807 -0.001037493 0.999995768 0.002762759 -0.332533628 -0.000399126 -0.002763174 0.999996066 10.868935585
0.999999464 0.000918957 0.000456252 0.223078236 -0.000920322 0.999995112 0.003000942 -0.342210323 -0.000453492 -0.003001360 0.999995410 11.238520622
0.999998987 0.001239719 0.000694597 0.231068179 -0.001241778 0.999994755 0.002972554 -0.351916850 -0.000690908 -0.002973413 0.999995351 11.615489006
0.999999285 0.001097800 0.000500290 0.243767619 -0.001099288 0.999994934 0.002982717 -0.367900848 -0.000497013 -0.002983265 0.999995410 11.977803230
0.999999344 0.000964237 0.000471857 0.253176779 -0.000965654 0.999994993 0.003011381 -0.380080193 -0.000468951 -0.003011835 0.999995351 12.363442421
0.999998808 0.001362237 0.000791031 0.259840280 -0.001364746 0.999994040 0.003180267 -0.389523476 -0.000786694 -0.003181343 0.999994636 12.759575844
0.999999702 0.000475909 0.000553098 0.268097818 -0.000477665 0.999994755 0.003178751 -0.401140898 -0.000551582 -0.003179014 0.999994814 13.153710365
0.999999583 0.000892470 0.000309864 0.278147787 -0.000893513 0.999993920 0.003380266 -0.417351067 -0.000306845 -0.003380541 0.999994218 13.544398308
0.999999583 0.000488394 0.000758231 0.284807175 -0.000491178 0.999993145 0.003675973 -0.434771955 -0.000756430 -0.003676344 0.999992907 13.922840118
0.999998510 0.001017878 0.001395600 0.286436975 -0.001022931 0.999992907 0.003624867 -0.437406123 -0.001391900 -0.003626290 0.999992430 14.357153893
0.999998391 0.000955120 0.001534823 0.304087996 -0.000960794 0.999992669 0.003700485 -0.453470588 -0.001531277 -0.003701954 0.999991953 14.771872520
0.999997735 0.001020546 0.001847220 0.312292278 -0.001028253 0.999990821 0.004176271 -0.474393427 -0.001842940 -0.004178160 0.999989569 15.201372147
0.999998689 0.000491655 0.001525677 0.325166255 -0.000498552 0.999989569 0.004523562 -0.502098918 -0.001523437 -0.004524316 0.999988616 15.591053009
0.999997318 0.000763397 0.002171631 0.331528336 -0.000772927 0.999989986 0.004391085 -0.507744253 -0.002168258 -0.004392752 0.999988019 16.040710449
0.999997199 0.000931189 0.002137283 0.347752512 -0.000941399 0.999988258 0.004781044 -0.529782891 -0.002132805 -0.004783044 0.999986291 16.461656570
0.999997735 0.000277025 0.002078315 0.362244666 -0.000287224 0.999987960 0.004908374 -0.547732890 -0.002076930 -0.004908959 0.999985814 16.896228790
0.999997020 0.001064054 0.002197298 0.373065710 -0.001075004 0.999987006 0.004988194 -0.556556225 -0.002191961 -0.004990543 0.999985099 17.370033264
0.999995649 0.000727534 0.002868757 0.374895990 -0.000742339 0.999986351 0.005163404 -0.565097511 -0.002864961 -0.005165511 0.999982536 17.807472229
0.999996126 0.000146367 0.002802760 0.391686559 -0.000161041 0.999986231 0.005235898 -0.578015625 -0.002801956 -0.005236329 0.999982357 18.270236969
0.999994278 0.000372571 0.003392590 0.400627732 -0.000391130 0.999984920 0.005471549 -0.590564191 -0.003390501 -0.005472844 0.999979258 18.749340057
0.999994516 0.000423308 0.003285814 0.412995398 -0.000441723 0.999984145 0.005605563 -0.615322769 -0.003283388 -0.005606983 0.999978900 19.190128326
0.999994040 0.000998137 0.003318002 0.427029252 -0.001016972 0.999983370 0.005679864 -0.627465367 -0.003312279 -0.005683205 0.999978364 19.664617538
0.999992311 0.001285923 0.003704153 0.430874705 -0.001306666 0.999983490 0.005602820 -0.636187613 -0.003696887 -0.005607618 0.999977469 20.153783798
0.999993861 0.000738286 0.003436435 0.445832729 -0.000758379 0.999982655 0.005849540 -0.649751604 -0.003432056 -0.005852111 0.999976993 20.644613266
0.999997318 -0.000245060 0.002312362 0.480867237 0.000230144 0.999979317 0.006448232 -0.687527657 -0.002313895 -0.006447682 0.999976516 21.068119049
0.999998689 -0.000283748 0.001653800 0.489447147 0.000273033 0.999979019 0.006475369 -0.694348574 -0.001655603 -0.006474908 0.999977648 21.582235336
0.999998569 -0.000135236 0.001666177 0.484055459 0.000124066 0.999977589 0.006702341 -0.711468816 -0.001667047 -0.006702125 0.999976158 22.085836411
0.999998450 -0.000012505 0.001769100 0.487215906 0.000000552 0.999977231 0.006756175 -0.718044758 -0.001769144 -0.006756162 0.999975622 22.594266891
0.999999166 -0.000105918 0.001265419 0.501285672 0.000097312 0.999976814 0.006799188 -0.737896979 -0.001266110 -0.006799059 0.999976039 23.033554077
0.999999762 -0.000692756 0.000202101 0.517096162 0.000691423 0.999978483 0.006521058 -0.752941728 -0.000206614 -0.006520916 0.999978662 23.555276871
0.999999285 -0.001126487 -0.000017501 0.524383724 0.001126576 0.999978662 0.006437676 -0.765148878 0.000010249 -0.006437690 0.999979258 24.075147629
0.999999762 -0.000537271 -0.000293084 0.534094691 0.000539321 0.999975085 0.007042235 -0.783155084 0.000289294 -0.007042393 0.999975145 24.570304871
0.999998689 -0.000647289 -0.001441233 0.548775136 0.000657715 0.999973536 0.007245085 -0.794323564 0.001436505 -0.007246024 0.999972701 25.102661133
0.999998271 0.000217153 -0.001821356 0.552449763 -0.000203485 0.999971867 0.007501129 -0.803779185 0.001822934 -0.007500745 0.999970198 25.630189896
0.999997318 -0.000076915 -0.002323378 0.561355710 0.000094461 0.999971390 0.007553089 -0.826074362 0.002322731 -0.007553289 0.999968767 26.146085739
0.999995232 -0.000913466 -0.002962675 0.570828795 0.000938332 0.999964178 0.008402528 -0.840785027 0.002954894 -0.008405268 0.999960244 26.693737030
0.999991775 -0.000973075 -0.003965755 0.589364529 0.001006630 0.999963641 0.008468039 -0.855023205 0.003957371 -0.008471961 0.999956310 27.258855820
0.999992251 -0.000661548 -0.003873052 0.593471169 0.000693275 0.999966145 0.008196222 -0.868452609 0.003867499 -0.008198844 0.999958873 27.744562149
0.999992073 -0.000083324 -0.003976307 0.594858110 0.000116825 0.999964476 0.008425684 -0.878467560 0.003975464 -0.008426081 0.999956667 28.292388916
0.999990106 -0.000304053 -0.004437851 0.611408234 0.000343326 0.999960721 0.008851479 -0.902416587 0.004434986 -0.008852915 0.999950945 28.827659607
0.999987960 -0.000896670 -0.004828247 0.618042111 0.000939307 0.999960542 0.008835644 -0.910532832 0.004820134 -0.008840074 0.999949336 29.328718185
0.999985874 -0.000857080 -0.005249595 0.628870249 0.000902904 0.999961436 0.008732777 -0.922508001 0.005241909 -0.008737394 0.999948084 29.868438721
0.999983907 -0.000931461 -0.005592197 0.636035025 0.000979126 0.999963164 0.008526808 -0.931232512 0.005584049 -0.008532146 0.999948025 30.399488449
0.999985039 -0.000500363 -0.005441808 0.639287055 0.000546466 0.999963999 0.008473815 -0.941191733 0.005437372 -0.008476663 0.999949276 30.940439224
0.999982655 -0.001054415 -0.005777849 0.655549049 0.001104085 0.999962330 0.008600241 -0.961357176 0.005768563 -0.008606469 0.999946356 31.468168259
0.999979794 -0.000902019 -0.006272913 0.672962070 0.000957141 0.999960899 0.008789971 -0.982827425 0.006264740 -0.008795799 0.999941707 32.012416840
0.999977708 -0.001200134 -0.006561154 0.680921495 0.001261371 0.999955595 0.009337189 -1.007019877 0.006549656 -0.009345260 0.999934852 32.493991852
0.999976456 -0.001414264 -0.006719694 0.688400567 0.001478444 0.999953210 0.009555854 -1.018520594 0.006705865 -0.009565562 0.999931753 33.032932281
0.999975801 -0.001011502 -0.006875212 0.692893207 0.001074373 0.999957621 0.009147121 -1.026000738 0.006865669 -0.009154286 0.999934494 33.573654175
0.999976039 -0.000636639 -0.006886388 0.693356991 0.000700522 0.999956667 0.009278242 -1.033822417 0.006880183 -0.009282845 0.999933243 34.116584778
0.999974549 -0.000828008 -0.007078580 0.713045478 0.000894621 0.999955297 0.009412556 -1.055343390 0.007070470 -0.009418650 0.999930680 34.616737366
0.999975443 -0.001002542 -0.006924112 0.687400520 0.001074194 0.999945819 0.010352310 -1.100692987 0.006913357 -0.010359493 0.999922454 35.111503601
0.999972343 -0.001452862 -0.007283053 0.694463015 0.001526147 0.999948144 0.010066953 -1.104916692 0.007268049 -0.010077791 0.999922872 35.674205780
0.999975324 -0.000168220 -0.007009695 0.699885488 0.000236868 0.999951959 0.009793628 -1.118265390 0.007007711 -0.009795045 0.999927521 36.225551605
0.999972761 -0.000565216 -0.007352795 0.709863961 0.000637532 0.999951422 0.009836502 -1.121912837 0.007346878 -0.009840923 0.999924600 36.758922577
0.999970913 -0.000750165 -0.007573810 0.714504421 0.000825565 0.999950111 0.009957056 -1.134358764 0.007565963 -0.009963019 0.999921739 37.306995392
0.999964535 -0.002229467 -0.008113102 0.729448199 0.002319186 0.999936104 0.011066006 -1.173344612 0.008087912 -0.011084433 0.999905884 37.793216705
0.999965429 -0.001561475 -0.008165966 0.732513785 0.001651618 0.999937654 0.011043835 -1.179529905 0.008148211 -0.011056940 0.999905705 38.339210510
0.999961495 -0.001975405 -0.008553508 0.754572570 0.002068119 0.999939084 0.010844074 -1.186723471 0.008531564 -0.010861346 0.999904633 38.869583130
0.999955654 -0.002259510 -0.009142275 0.763211191 0.002360142 0.999936640 0.011011550 -1.195447087 0.009116814 -0.011032640 0.999897599 39.405109406
0.999963999 -0.001426281 -0.008362629 0.755461812 0.001526766 0.999926567 0.012021899 -1.263166904 0.008344868 -0.012034233 0.999892771 39.879566193
0.999963701 -0.001522368 -0.008385985 0.762208164 0.001623690 0.999925673 0.012088697 -1.276327133 0.008366958 -0.012101873 0.999891758 40.429767609
0.999962509 -0.001269837 -0.008570784 0.768158555 0.001374278 0.999924719 0.012190821 -1.281404138 0.008554660 -0.012202141 0.999888957 40.972419739
0.999959111 -0.001424570 -0.008927787 0.784038782 0.001528255 0.999931335 0.011617626 -1.285010338 0.008910624 -0.011630795 0.999892592 41.527042389
0.999958873 -0.001280137 -0.008981095 0.803199887 0.001379330 0.999938011 0.011047126 -1.286550045 0.008966397 -0.011059059 0.999898612 42.089069366
0.999956250 -0.001934279 -0.009154437 0.787286043 0.002044900 0.999924779 0.012089946 -1.310031652 0.009130363 -0.012108136 0.999885023 42.509613037
0.999953330 -0.002295658 -0.009390488 0.798214436 0.002409135 0.999924004 0.012090762 -1.322068691 0.009362018 -0.012112820 0.999882817 43.062885284
0.999957800 -0.001660595 -0.009036379 0.799107671 0.001768085 0.999927640 0.011900291 -1.330524921 0.009015963 -0.011915766 0.999888361 43.563449860
0.999958575 -0.001429323 -0.008981036 0.804567039 0.001535402 0.999929011 0.011815705 -1.339136600 0.008963509 -0.011829006 0.999889851 44.105796814
0.999959409 -0.001389396 -0.008905341 0.805960536 0.001495140 0.999928355 0.011878559 -1.351015687 0.008888200 -0.011891391 0.999889731 44.621055603
0.999958694 -0.001422868 -0.008977517 0.818141222 0.001528678 0.999929368 0.011790222 -1.359341621 0.008960105 -0.011803458 0.999890208 45.152946472
0.999961793 -0.000783262 -0.008711113 0.825039983 0.000885073 0.999931276 0.011689750 -1.368334174 0.008701359 -0.011697013 0.999893725 45.687709808
0.999962270 -0.000645641 -0.008656507 0.824401379 0.000747617 0.999930382 0.011782187 -1.380692720 0.008648299 -0.011788215 0.999893069 46.193412781
0.999958217 -0.001169004 -0.009058737 0.821560681 0.001280062 0.999924004 0.012263666 -1.398232937 0.009043712 -0.012274752 0.999883771 46.699874878
0.999959886 -0.001189659 -0.008884017 0.825288475 0.001297405 0.999925613 0.012132226 -1.404510021 0.008868922 -0.012143266 0.999886990 47.251323700
0.999959171 -0.001224424 -0.008956268 0.834112406 0.001335760 0.999921918 0.012435670 -1.420298815 0.008940342 -0.012447127 0.999882519 47.732830048
0.999957979 -0.002088504 -0.008928147 0.844306827 0.002205765 0.999911189 0.013144176 -1.436236501 0.008899902 -0.013163318 0.999873698 48.284931183
0.999958217 -0.001307621 -0.009044331 0.843462706 0.001419668 0.999922216 0.012393321 -1.440305591 0.009027421 -0.012405643 0.999882281 48.788944244
0.999958694 -0.000875492 -0.009038885 0.845943809 0.000988620 0.999921143 0.012518764 -1.447526217 0.009027212 -0.012527184 0.999880791 49.327419281
0.999960780 -0.000761104 -0.008838115 0.848544359 0.000870041 0.999923587 0.012328506 -1.458881140 0.008828058 -0.012335709 0.999884963 49.831043243
0.999963403 -0.000049103 -0.008553556 0.849364936 0.000154283 0.999924362 0.012296445 -1.464576960 0.008552304 -0.012297314 0.999887824 50.382190704
0.999960899 -0.000927112 -0.008810987 0.857043028 0.001038898 0.999918938 0.012691007 -1.475743771 0.008798507 -0.012699663 0.999880672 50.884407043
0.999960721 -0.000859532 -0.008837301 0.864696741 0.000971391 0.999919355 0.012661131 -1.485159874 0.008825706 -0.012669219 0.999880791 51.438037872
0.999960542 -0.000829260 -0.008837466 0.873105466 0.000939471 0.999921739 0.012474132 -1.493828773 0.008826431 -0.012481940 0.999883056 51.943893433
0.999957502 -0.001480288 -0.009094540 0.880829811 0.001593058 0.999921799 0.012405021 -1.504918098 0.009075467 -0.012418984 0.999881625 52.484031677
0.999956489 -0.001267214 -0.009240387 0.888194084 0.001379027 0.999925733 0.012104224 -1.516679764 0.009224364 -0.012116440 0.999884009 53.043422699
0.999960542 -0.000466746 -0.008871736 0.890662193 0.000577087 0.999922395 0.012438851 -1.522235990 0.008865243 -0.012443477 0.999883294 53.515777588
0.999959409 -0.000697048 -0.008980957 0.894302726 0.000806543 0.999925315 0.012194044 -1.534483075 0.008971785 -0.012200793 0.999885321 54.069179535
0.999962687 -0.000415172 -0.008628344 0.901357055 0.000521893 0.999923348 0.012370066 -1.537545085 0.008622549 -0.012374109 0.999886215 54.547904968
0.999964476 -0.000318016 -0.008429564 0.906147242 0.000423063 0.999922276 0.012462837 -1.543382645 0.008424946 -0.012465959 0.999886811 55.096050262
0.999967515 -0.000353884 -0.008045867 0.908061147 0.000457259 0.999917269 0.012849942 -1.561105013 0.008040654 -0.012853204 0.999885082 55.639633179
0.999968350 -0.000157050 -0.007954055 0.911609948 0.000258447 0.999918640 0.012748521 -1.565546513 0.007951407 -0.012750173 0.999887049 56.206695557
0.999966919 -0.000406071 -0.008126912 0.903236270 0.000504280 0.999926805 0.012086030 -1.565924406 0.008121411 -0.012089729 0.999893963 56.769077301
0.999963164 -0.000529377 -0.008558602 0.934016049 0.000635453 0.999922991 0.012396106 -1.587945461 0.008551381 -0.012401090 0.999886453 57.154495239
0.999960244 -0.000838069 -0.008878380 0.942554951 0.000950572 0.999919295 0.012674967 -1.597611189 0.008867041 -0.012682903 0.999880195 57.705581665
0.999960482 -0.000277201 -0.008887693 0.952170491 0.000387514 0.999922991 0.012412570 -1.605716467 0.008883568 -0.012415525 0.999883354 58.228763580
0.999962151 -0.000401517 -0.008681432 0.951859415 0.000509617 0.999922335 0.012453211 -1.613203883 0.008675758 -0.012457166 0.999884725 58.735397339
0.999963760 -0.000282082 -0.008512802 0.956509650 0.000386921 0.999924064 0.012316261 -1.616628170 0.008508683 -0.012319107 0.999887884 59.292324066
0.999960601 -0.000719325 -0.008838776 0.971888006 0.000829275 0.999922216 0.012442130 -1.632356405 0.008829139 -0.012448970 0.999883473 59.821975708
0.999963224 0.000228602 -0.008574415 0.976772964 -0.000119892 0.999919593 0.012676748 -1.634620309 0.008576624 -0.012675254 0.999882877 60.372619629
0.999961555 -0.000449428 -0.008750708 0.970750630 0.000558950 0.999921560 0.012517322 -1.646665573 0.008744395 -0.012521733 0.999883413 60.916915894
0.999963582 -0.000072801 -0.008531228 0.986210287 0.000181905 0.999918222 0.012788768 -1.674341917 0.008529599 -0.012789853 0.999881804 61.360454559
0.999963105 -0.000113853 -0.008588452 0.988254786 0.000221601 0.999921322 0.012545741 -1.674856424 0.008586349 -0.012547183 0.999884367 61.917995453
0.999961078 0.000636077 -0.008802153 0.995579481 -0.000524290 0.999919295 0.012696401 -1.685402632 0.008809519 -0.012691292 0.999880612 62.482761383
0.999958754 0.000334823 -0.009070638 0.996436059 -0.000219730 0.999919474 0.012686620 -1.689851046 0.009074157 -0.012684103 0.999878347 62.989414215
0.999965072 0.000960612 -0.008304512 0.991437435 -0.000853719 0.999916852 0.012865735 -1.711258411 0.008316180 -0.012858199 0.999882698 63.456050873
0.999967575 0.000949376 -0.007994306 0.995505631 -0.000847568 0.999918580 0.012728820 -1.720815659 0.008005739 -0.012721632 0.999887049 64.009361267
0.999965727 0.000607948 -0.008261706 1.006530643 -0.000499263 0.999913394 0.013150897 -1.732508183 0.008268985 -0.013146320 0.999879360 64.547615051
0.999965370 0.000458988 -0.008304163 1.020052671 -0.000349323 0.999912679 0.013202658 -1.744034052 0.008309498 -0.013199301 0.999878347 65.070083618
0.999967873 0.001189886 -0.007925407 1.013924837 -0.001089396 0.999919116 0.012671707 -1.751235485 0.007939843 -0.012662666 0.999888301 65.577270508
0.999968588 0.001005029 -0.007864793 1.006664276 -0.000902362 0.999914467 0.013046632 -1.773610115 0.007877231 -0.013039124 0.999883950 66.055648804
0.999966204 0.000419711 -0.008217592 1.027411699 -0.000314755 0.999918461 0.012769176 -1.791221261 0.008222280 -0.012766157 0.999884665 66.576637268
0.999970555 0.001399295 -0.007543493 1.024589300 -0.001300989 0.999914348 0.013021102 -1.794003725 0.007561070 -0.013010903 0.999886751 67.110702515
0.999967873 0.000866383 -0.007960911 1.025209188 -0.000763214 0.999915719 0.012953322 -1.793510437 0.007971461 -0.012946831 0.999884427 67.662170410
0.999967754 0.001361182 -0.007910681 1.034521341 -0.001259671 0.999917030 0.012822960 -1.808462501 0.007927478 -0.012812582 0.999886453 68.185310364
0.999970496 0.002221081 -0.007346683 1.030828714 -0.002126354 0.999914825 0.012876666 -1.812567592 0.007374656 -0.012860665 0.999890149 68.693801880
0.999971688 0.002824679 -0.006964420 1.014151335 -0.002729586 0.999903381 0.013626060 -1.866636992 0.007002237 -0.013606666 0.999882936 69.218864441
0.999967813 0.001971817 -0.007768818 1.029023886 -0.001872227 0.999916196 0.012805742 -1.871116877 0.007793418 -0.012790785 0.999887824 69.765655518
0.999968290 0.002116866 -0.007671097 1.038622379 -0.002011033 0.999903023 0.013777974 -1.882039547 0.007699519 -0.013762111 0.999875665 70.296157837
0.999971390 0.003106962 -0.006893780 1.031785488 -0.003013311 0.999903560 0.013554025 -1.899611712 0.006935227 -0.013532865 0.999884427 70.807197571
0.999973834 0.001938294 -0.006974112 1.046937585 -0.001844969 0.999908984 0.013363345 -1.904830813 0.006999381 -0.013350128 0.999886394 71.356948853
0.999971271 0.003156834 -0.006887343 1.046503425 -0.003061265 0.999899447 0.013842734 -1.919016361 0.006930348 -0.013821252 0.999880493 71.870979309
0.999969840 0.002946374 -0.007174764 1.058349848 -0.002845660 0.999897838 0.014007185 -1.930213809 0.007215301 -0.013986347 0.999876201 72.425018311
0.999971688 0.002542858 -0.007077193 1.065765619 -0.002445760 0.999903142 0.013694978 -1.941872358 0.007111332 -0.013677281 0.999881148 72.963676453
0.999970078 0.002082875 -0.007437701 1.092950225 -0.001979363 0.999901474 0.013897504 -1.959028602 0.007465914 -0.013882368 0.999875784 73.442413330
0.999973297 0.003212291 -0.006565998 1.059736490 -0.003120614 0.999898195 0.013925163 -1.966462374 0.006610061 -0.013904301 0.999881506 74.017875671
0.999973774 0.002661663 -0.006739772 1.069313645 -0.002568639 0.999901950 0.013773463 -1.970322609 0.006775771 -0.013755790 0.999882400 74.556404114
0.999974966 0.002817288 -0.006487920 1.074468851 -0.002728895 0.999903977 0.013592966 -1.976278424 0.006525591 -0.013574922 0.999886572 75.110061646
0.999974966 0.002338498 -0.006682314 1.075584650 -0.002247065 0.999904215 0.013657787 -1.996773481 0.006713613 -0.013642428 0.999884427 75.665840149
0.999971449 0.002177155 -0.007235041 1.101101398 -0.002071079 0.999890745 0.014636768 -2.011712074 0.007266117 -0.014621364 0.999866724 76.171920776
0.999973953 0.002774344 -0.006675041 1.099895000 -0.002682332 0.999901831 0.013754165 -2.012798548 0.006712545 -0.013735901 0.999883115 76.747108459
0.999974012 0.002573758 -0.006731221 1.107711673 -0.002477743 0.999895632 0.014233844 -2.019493103 0.006767152 -0.014216796 0.999875963 77.253631592
0.999973893 0.002798887 -0.006661118 1.114699364 -0.002705731 0.999898970 0.013953262 -2.030572176 0.006699499 -0.013934874 0.999880373 77.791320801
0.999973416 0.003027586 -0.006636697 1.122374296 -0.002934152 0.999897063 0.014043205 -2.040167809 0.006678530 -0.014023359 0.999879360 78.324523926
0.999975860 0.002617465 -0.006440458 1.132067680 -0.002528065 0.999900818 0.013850223 -2.044876575 0.006476073 -0.013833608 0.999883354 78.867927551
0.999983847 0.002637138 -0.005029832 1.137761593 -0.002568687 0.999904573 0.013567272 -2.053324938 0.005065131 -0.013554133 0.999895334 79.401588440
0.999988675 0.002583068 -0.003995646 1.150050879 -0.002528807 0.999905288 0.013525911 -2.062282085 0.004030207 -0.013515654 0.999900579 79.953201294
0.999993682 0.002746289 -0.002248417 1.154860735 -0.002715734 0.999905407 0.013481644 -2.063218117 0.002285229 -0.013475453 0.999906600 80.512596130
0.999993205 0.003306051 0.001579795 1.175109982 -0.003327071 0.999903381 0.013493198 -2.076131821 -0.001535034 -0.013498363 0.999907792 81.034278870
0.999980807 0.003135977 0.005342669 1.198240161 -0.003210420 0.999897063 0.013982573 -2.094552517 -0.005298270 -0.013999455 0.999888003 81.568695068
0.999966264 0.002492825 0.007825333 1.237427473 -0.002598258 0.999905586 0.013492116 -2.090695381 -0.007790962 -0.013511991 0.999878347 82.178451538
0.999903858 0.003649953 0.013377753 1.241876125 -0.003831019 0.999901116 0.013534331 -2.101600170 -0.013327030 -0.013584282 0.999818861 82.623863220
0.999818504 0.003080287 0.018806549 1.283374190 -0.003333614 0.999903917 0.013453715 -2.106757879 -0.018763306 -0.013513965 0.999732554 83.291328430
0.999695301 0.003139426 0.024482928 1.314999938 -0.003466472 0.999905109 0.013327145 -2.116130352 -0.024438770 -0.013407952 0.999611378 83.840805054
0.999539196 0.003379903 0.030161234 1.354659677 -0.003788201 0.999901831 0.013490343 -2.126824141 -0.030112676 -0.013598383 0.999454021 84.406074524
0.999276340 0.003270850 0.037893984 1.386610389 -0.003769132 0.999907255 0.013085383 -2.123108864 -0.037847672 -0.013218742 0.999196053 84.954383850
0.998942792 0.002545832 0.045899462 1.447749376 -0.003147342 0.999910057 0.013037429 -2.139556885 -0.045862135 -0.013168110 0.998860955 85.546905518
0.998623967 0.001482434 0.052420206 1.498214722 -0.002155301 0.999915957 0.012781831 -2.143296242 -0.052396853 -0.012877226 0.998543203 86.084419250
0.998112738 0.002122366 0.061371263 1.552688360 -0.002911101 0.999914289 0.012765315 -2.150894165 -0.061338909 -0.012919880 0.998033464 86.654937744
0.997410297 0.002487388 0.071878351 1.608537674 -0.003432912 0.999909163 0.013033958 -2.162787437 -0.071839400 -0.013246956 0.997328222 87.222053528
0.996767104 0.001932731 0.080321848 1.677430630 -0.002979604 0.999912143 0.012915659 -2.169459343 -0.080289826 -0.013113232 0.996685326 87.765106201
0.996098459 0.001957184 0.088226855 1.746096611 -0.003105430 0.999912262 0.012879320 -2.182100058 -0.088193923 -0.013103056 0.996017158 88.302589417
0.995045364 0.002683441 0.099385507 1.815725803 -0.003999997 0.999906898 0.013050065 -2.186342239 -0.099341258 -0.013382953 0.994963348 88.852424622
0.993979633 0.001706056 0.109551609 1.906433582 -0.003149793 0.999910474 0.013006898 -2.205257893 -0.109519608 -0.013273655 0.993896008 89.374412537
0.992938340 0.001441207 0.118622817 1.997129440 -0.002970190 0.999914765 0.012713667 -2.210871220 -0.118594378 -0.012976219 0.992857993 89.923088074
0.991569221 0.001391567 0.129570797 2.090141296 -0.003036650 0.999917269 0.012499699 -2.217460155 -0.129542664 -0.012787778 0.991491318 90.456871033
0.989891708 0.001346540 0.141818836 2.192296982 -0.003216939 0.999910772 0.012960197 -2.236442089 -0.141788766 -0.013285413 0.989807785 90.982337952
0.988325000 0.000467113 0.152359888 2.293358803 -0.002448065 0.999914885 0.012814467 -2.244807482 -0.152340934 -0.013037844 0.988241911 91.486595154
0.986678660 0.000427070 0.162680820 2.419545174 -0.002547899 0.999914467 0.012828334 -2.252229214 -0.162661433 -0.013071938 0.986595333 92.084167480
0.984532475 0.000235295 0.175202504 2.545744896 -0.002608788 0.999907911 0.013316954 -2.266887665 -0.175183252 -0.013568036 0.984442353 92.604209900
0.982150137 0.000066879 0.188098520 2.660687447 -0.002564660 0.999911726 0.013035759 -2.271830559 -0.188081071 -0.013285481 0.982063591 93.156242371
0.980144262 -0.000403270 0.198284984 2.790484428 -0.002203459 0.999914169 0.012925555 -2.277413845 -0.198273093 -0.013105825 0.980059206 93.681594849
0.977451682 -0.000711599 0.211157963 2.932426453 -0.002063849 0.999914348 0.012923266 -2.287470579 -0.211149082 -0.013067668 0.977366507 94.218124390
0.974468946 -0.000918248 0.224520415 3.084344864 -0.002022784 0.999915123 0.012868807 -2.295873880 -0.224513173 -0.012994411 0.974384367 94.753768921
0.971794963 -0.001345300 0.235823587 3.231685638 -0.001720301 0.999916673 0.012793318 -2.304470062 -0.235821143 -0.012838171 0.971711636 95.291641235
0.968834400 -0.001806414 0.247702718 3.394906998 -0.001326449 0.999921262 0.012480203 -2.314655781 -0.247705743 -0.012419818 0.968755662 95.812705994
0.965138137 -0.001646445 0.261735857 3.560384750 -0.001667732 0.999921203 0.012439670 -2.321544170 -0.261735678 -0.012442506 0.965059400 96.340896606
0.961686671 -0.001032865 0.274148703 3.730453491 -0.002562413 0.999915361 0.012755908 -2.337711811 -0.274138659 -0.012969671 0.961602747 96.860900879
0.958510756 -0.002291525 0.285047203 3.933439255 -0.001391074 0.999918163 0.012716127 -2.340851545 -0.285053074 -0.012585065 0.958429098 97.421493530
0.954156578 -0.001702989 0.299303174 4.115558624 -0.002243362 0.999915063 0.012841040 -2.333122730 -0.299299628 -0.012923805 0.954071701 97.954124451
0.949843824 -0.002726949 0.312712699 4.334194183 -0.001313183 0.999918401 0.012708292 -2.350035667 -0.312721819 -0.012481544 0.949762762 98.495811462
0.946102738 -0.003280432 0.323849887 4.536184311 -0.000894395 0.999918401 0.012741562 -2.357160091 -0.323865294 -0.012344477 0.946022689 99.005371094
0.941727817 -0.003832651 0.336353749 4.744066238 -0.000563053 0.999915719 0.012970187 -2.369230270 -0.336375177 -0.012403771 0.941646397 99.513191223
0.936475217 -0.003822233 0.350713193 4.970918655 -0.000732026 0.999917150 0.012852211 -2.376698017 -0.350733310 -0.012292507 0.936394691 100.035438538
0.931787133 -0.004015147 0.362982869 5.196498871 -0.000799102 0.999913633 0.013111894 -2.387548923 -0.363004208 -0.012507556 0.931703568 100.552024841
0.927580059 -0.004592243 0.373596251 5.422672272 -0.000322524 0.999914169 0.013091717 -2.394383430 -0.373624265 -0.012264108 0.927499056 101.064682007
0.922078311 -0.004574575 0.386976212 5.657432556 -0.000438448 0.999917150 0.012865082 -2.398889303 -0.387002975 -0.012032283 0.921999931 101.562477112
0.916382849 -0.004739437 0.400274843 5.900497437 -0.000441938 0.999917269 0.012851242 -2.405632973 -0.400302678 -0.011953555 0.916305006 102.065818787
0.911557198 -0.005585634 0.411135375 6.153648376 0.000529613 0.999922872 0.012410581 -2.414098501 -0.411173016 -0.011095211 0.911489785 102.557762146
0.905011415 -0.005499381 0.425351948 6.413051605 0.000100888 0.999919176 0.012713311 -2.418992043 -0.425387532 -0.011462775 0.904938698 103.070220947
0.898144066 -0.005397955 0.439668149 6.677978516 -0.000233142 0.999918640 0.012752598 -2.426816940 -0.439701229 -0.011556176 0.898069739 103.556198120
0.892414689 -0.006476435 0.451169670 6.954429626 0.000875419 0.999919951 0.012622034 -2.435441494 -0.451215297 -0.010869128 0.892348945 104.030746460
0.886711597 -0.007253582 0.462266207 7.230674744 0.001391372 0.999914229 0.013021096 -2.441879749 -0.462321132 -0.010902773 0.886645436 104.518661499
0.879495680 -0.007554636 0.475846946 7.513782501 0.001639236 0.999916077 0.012845098 -2.448409081 -0.475904077 -0.010517184 0.879434288 104.994094849
0.872803867 -0.008260824 0.488001198 7.806201935 0.002183456 0.999912858 0.013021228 -2.455032349 -0.488066226 -0.010299449 0.872745812 105.458023071
