1.000000000 0.000000000 0.000000000 0.000000000 0.000000000 1.000000000 0.000000000 0.000000000 0.000000000 0.000000000 1.000000000 0.000000000
1.000000000 0.000005853 -0.000031400 0.000271139 -0.000005855 1.000000000 -0.000073240 0.000566939 0.000031400 0.000073240 1.000000000 0.000347818
1.000000000 -0.000079898 -0.000041627 -0.000406920 0.000079897 1.000000000 -0.000024323 0.000612252 0.000041629 0.000024320 1.000000000 0.001521957
1.000000000 -0.000019920 -0.000093207 -0.001245248 0.000019916 1.000000000 -0.000041539 0.001605759 0.000093208 0.000041537 1.000000000 0.000825477
1.000000000 -0.000015594 -0.000012580 -0.000667354 0.000015594 1.000000000 0.000022370 0.000225806 0.000012579 -0.000022370 1.000000000 0.000298004
1.000000000 -0.000071781 0.000012954 -0.000841825 0.000071781 1.000000000 -0.000008058 0.000317466 -0.000012953 0.000008059 1.000000000 0.000364194
1.000000000 0.000085997 -0.000046049 -0.000191833 -0.000085998 1.000000000 -0.000020042 0.000736865 0.000046048 0.000020046 1.000000000 -0.002395720
1.000000000 -0.000001823 0.000001761 -0.000171005 0.000001824 1.000000000 -0.000035555 0.001200123 -0.000001761 0.000035555 1.000000000 0.002447007
1.000000000 0.000069198 0.000034542 -0.001551823 -0.000069196 1.000000000 -0.000047229 0.001461377 -0.000034545 0.000047227 1.000000000 0.001826900
1.000000000 -0.000015410 -0.000059259 -0.000392862 0.000015408 1.000000000 -0.000025210 0.001327819 0.000059260 0.000025209 1.000000000 0.001551865
1.000000000 -0.000051700 -0.000054233 -0.000386451 0.000051698 1.000000000 -0.000039106 0.001225970 0.000054235 0.000039103 1.000000000 0.000918459
1.000000000 -0.000060293 -0.000043518 -0.001803494 0.000060296 1.000000000 0.000058016 0.001281246 0.000043514 -0.000058019 1.000000000 0.001658253
1.000000000 -0.000033640 -0.000044823 -0.001577940 0.000033639 1.000000000 -0.000016147 0.000733649 0.000044824 0.000016145 1.000000000 0.000733352
1.000000000 -0.000006392 -0.000064864 0.000888227 0.000006396 1.000000000 0.000062267 -0.000160007 0.000064863 -0.000062267 1.000000000 -0.002860380
1.000000000 -0.000076618 -0.000073389 0.000753047 0.000076623 1.000000000 0.000075781 -0.000214763 0.000073383 -0.000075787 1.000000000 -0.002373333
1.000000000 0.000003526 -0.000028265 -0.000153864 -0.000003526 1.000000000 -0.000020416 0.001642594 0.000028265 0.000020416 1.000000000 0.000856086
1.000000000 -0.000035311 -0.000080671 0.000448163 0.000035314 1.000000000 0.000034873 0.000617365 0.000080670 -0.000034875 1.000000000 -0.001385839
1.000000000 -0.000077042 -0.000093081 0.000494072 0.000077041 1.000000000 -0.000009891 0.000226262 0.000093082 0.000009884 1.000000000 -0.002655793
1.000000000 -0.000050954 -0.000045258 -0.000617716 0.000050955 1.000000000 0.000025172 0.000898651 0.000045257 -0.000025174 1.000000000 0.001232274
1.000000000 -0.000147449 -0.000079658 -0.000708273 0.000147455 1.000000000 0.000085535 -0.000613606 0.000079646 -0.000085547 1.000000000 -0.003003765
1.000000000 -0.000066100 -0.000113070 0.002181247 0.000066108 1.000000000 0.000067985 -0.000245665 0.000113066 -0.000067992 1.000000000 -0.001591192
1.000000000 -0.000090767 -0.000095868 0.000699609 0.000090770 1.000000000 0.000026343 0.000418596 0.000095866 -0.000026352 1.000000000 -0.001468637
1.000000000 -0.000082589 -0.000079955 -0.000492895 0.000082590 1.000000000 0.000008253 0.000892186 0.000079955 -0.000008260 1.000000000 -0.000136816
1.000000000 -0.000070286 -0.000086262 0.000872062 0.000070290 1.000000000 0.000045038 0.000560830 0.000086259 -0.000045044 1.000000000 -0.001192870
1.000000000 -0.000107963 -0.000072779 0.001398783 0.000107966 1.000000000 0.000039216 0.000627396 0.000072775 -0.000039224 1.000000000 -0.000690164
1.000000000 -0.000155951 -0.000118643 0.001255758 0.000155958 1.000000000 0.000059815 0.000115079 0.000118633 -0.000059834 1.000000000 -0.002863007
0.999999940 -0.000235789 -0.000067085 -0.000232630 0.000235790 1.000000000 0.000015681 -0.000055143 0.000067081 -0.000015697 1.000000000 -0.002821196
1.000000000 -0.000072635 -0.000118570 0.001188666 0.000072644 1.000000000 0.000075189 0.000017739 0.000118565 -0.000075198 1.000000000 -0.002018059
1.000000000 -0.000106805 -0.000114970 0.002346868 0.000106813 1.000000000 0.000063517 -0.000155500 0.000114963 -0.000063530 1.000000000 -0.002420253
1.000000000 -0.000163641 -0.000152299 0.001269858 0.000163644 1.000000000 0.000018798 0.000592123 0.000152296 -0.000018823 1.000000000 -0.002372374
1.000000000 -0.000093049 -0.000066674 0.000692088 0.000093051 1.000000000 0.000037183 -0.000086750 0.000066670 -0.000037189 1.000000000 -0.002999058
1.000000000 -0.000161315 -0.000129888 0.001789986 0.000161317 1.000000000 0.000013923 0.000100399 0.000129886 -0.000013944 1.000000000 -0.004221637
1.000000000 -0.000090740 -0.000074944 0.000264648 0.000090744 1.000000000 0.000060251 0.000096085 0.000074939 -0.000060257 1.000000000 -0.001475472
1.000000000 -0.000217719 -0.000105488 0.000518085 0.000217725 1.000000000 0.000057387 0.000329307 0.000105475 -0.000057410 1.000000000 -0.001855135
1.000000000 -0.000171333 -0.000118580 0.001889925 0.000171339 1.000000000 0.000050508 -0.000331804 0.000118571 -0.000050529 1.000000000 -0.003335498
1.000000000 -0.000124207 -0.000136345 0.003191279 0.000124228 1.000000000 0.000156468 -0.000724307 0.000136326 -0.000156485 1.000000000 -0.005065314
1.000000000 -0.000083171 -0.000102256 0.000341250 0.000083174 1.000000000 0.000030863 0.000169371 0.000102253 -0.000030872 1.000000000 -0.003351628
1.000000000 -0.000184883 -0.000096604 0.000536188 0.000184886 1.000000000 0.000026214 0.000235198 0.000096599 -0.000026232 1.000000000 -0.001101893
0.999999940 -0.000170162 -0.000176854 0.001615445 0.000170154 1.000000000 -0.000044026 0.000533957 0.000176862 0.000043996 1.000000000 0.002470586
1.000000000 -0.000215559 -0.000047421 0.000324874 0.000215532 0.999999821 -0.000552436 -0.001946067 0.000047540 0.000552426 0.999999821 0.052792810
1.000000000 0.000057892 -0.000062699 0.001897751 -0.000057964 0.999999344 -0.001147551 -0.004514168 0.000062632 0.001147554 0.999999344 0.141443521
1.000000000 -0.000084872 0.000009448 0.002562137 0.000084886 0.999998868 -0.001498578 -0.007460744 -0.000009321 0.001498578 0.999998868 0.260342091
1.000000000 0.000035292 -0.000070027 0.005818312 -0.000035395 0.999998927 -0.001467072 -0.011442270 0.000069975 0.001467075 0.999998927 0.391241133
1.000000000 0.000104444 -0.000075741 0.009951369 -0.000104536 0.999999225 -0.001221269 -0.016701678 0.000075614 0.001221276 0.999999225 0.528818727
1.000000000 0.000078177 0.000006549 0.013398692 -0.000078170 0.999999523 -0.001002614 -0.022359181 -0.000006628 0.001002614 0.999999523 0.685151577
1.000000000 0.000031479 -0.000069208 0.019998508 -0.000031547 0.999999523 -0.000988012 -0.026312193 0.000069176 0.000988015 0.999999523 0.844526052
0.999999881 0.000506806 0.000142231 0.017256292 -0.000506688 0.999999523 -0.000827950 -0.025264394 -0.000142651 0.000827878 0.999999642 1.025226355
1.000000000 0.000042847 -0.000058957 0.027529415 -0.000042884 0.999999821 -0.000624849 -0.031708717 0.000058930 0.000624851 0.999999821 1.204333663
1.000000000 -0.000222697 0.000094086 0.024826836 0.000222660 0.999999821 0.000392371 -0.041061316 -0.000094173 -0.000392351 0.999999881 1.386596203
1.000000000 -0.000141509 0.000031155 0.027132548 0.000141496 0.999999821 0.000408257 -0.043805905 -0.000031212 -0.000408253 0.999999881 1.580658555
0.999999881 -0.000024253 0.000288242 0.027150186 0.000024192 0.999999940 0.000210880 -0.047147006 -0.000288247 -0.000210873 0.999999940 1.777515650
0.999999881 0.000292768 0.000281020 0.031480011 -0.000292833 0.999999940 0.000232065 -0.050025053 -0.000280952 -0.000232148 0.999999940 1.989342332
0.999999881 -0.000035360 0.000400162 0.037236892 0.000035226 1.000000000 0.000336653 -0.058640238 -0.000400174 -0.000336639 0.999999881 2.191324711
0.999999881 0.000340767 0.000358005 0.038669616 -0.000340965 0.999999881 0.000553339 -0.064353965 -0.000357816 -0.000553461 0.999999821 2.411469460
0.999999881 -0.000367622 0.000305237 0.048904773 0.000367365 0.999999583 0.000841724 -0.079420634 -0.000305546 -0.000841611 0.999999583 2.627536774
0.999999821 -0.000593836 0.000229693 0.051873147 0.000593646 0.999999464 0.000823942 -0.084912576 -0.000230183 -0.000823806 0.999999583 2.863174677
0.999999881 -0.000326626 0.000332698 0.054529838 0.000326333 0.999999523 0.000881337 -0.088751279 -0.000332986 -0.000881228 0.999999523 3.093991280
0.999999702 -0.000767325 0.000338033 0.059086327 0.000767043 0.999999404 0.000832884 -0.096682318 -0.000338672 -0.000832624 0.999999583 3.335477591
0.999999821 -0.000229456 0.000569627 0.059912752 0.000228684 0.999998987 0.001353767 -0.114617251 -0.000569937 -0.001353636 0.999998868 3.563669682
0.999999881 0.000080934 0.000584990 0.062709190 -0.000081844 0.999998748 0.001556202 -0.120156720 -0.000584864 -0.001556250 0.999998569 3.816198349
0.999999702 -0.000339962 0.000628623 0.071927972 0.000338989 0.999998808 0.001547000 -0.128631115 -0.000629148 -0.001546787 0.999998629 4.076640606
0.999999642 -0.000156368 0.000839959 0.071131237 0.000155002 0.999998689 0.001626558 -0.139370337 -0.000840213 -0.001626427 0.999998331 4.340036869
0.999999642 -0.000164458 0.000831726 0.075407825 0.000163097 0.999998689 0.001636469 -0.146167099 -0.000831994 -0.001636333 0.999998331 4.593577862
0.999999583 -0.000082965 0.000920701 0.085175827 0.000081229 0.999998212 0.001885569 -0.153009042 -0.000920856 -0.001885493 0.999997795 4.850090027
0.999999523 -0.000301514 0.000939964 0.084303595 0.000299586 0.999997854 0.002050682 -0.165183216 -0.000940580 -0.002050400 0.999997437 5.114749432
0.999999702 -0.000232689 0.000760915 0.089968018 0.000231223 0.999998033 0.001925688 -0.170136929 -0.000761361 -0.001925511 0.999997854 5.382589817
0.999999523 0.000097448 0.000933436 0.096633032 -0.000099424 0.999997735 0.002116987 -0.180659443 -0.000933228 -0.002117078 0.999997318 5.646167755
0.999999583 0.000247864 0.000938429 0.099105842 -0.000249779 0.999997854 0.002041360 -0.186352536 -0.000937921 -0.002041593 0.999997437 5.927765369
0.999999642 -0.000218538 0.000795117 0.103940658 0.000216880 0.999997735 0.002085144 -0.197669476 -0.000795571 -0.002084971 0.999997437 6.192327023
0.999999583 0.000155865 0.000861065 0.110543117 -0.000157742 0.999997556 0.002180299 -0.207970694 -0.000860723 -0.002180434 0.999997199 6.473118305
0.999999225 0.000466888 0.001135877 0.114004724 -0.000469497 0.999997199 0.002298214 -0.214119807 -0.001134801 -0.002298746 0.999996662 6.760296345
0.999999523 0.000254365 0.000921371 0.124527983 -0.000256385 0.999997497 0.002192764 -0.225192085 -0.000920811 -0.002192999 0.999997199 7.058216572
0.999999642 0.000185170 0.000786584 0.127661511 -0.000186752 0.999997973 0.002012202 -0.230043441 -0.000786210 -0.002012349 0.999997675 7.360483170
0.999999464 0.000147881 0.000958775 0.139913842 -0.000149899 0.999997735 0.002105276 -0.241632149 -0.000958462 -0.002105419 0.999997377 7.671141148
0.999999583 -0.000224047 0.000870082 0.150441378 0.000222017 0.999997258 0.002332856 -0.256617665 -0.000870603 -0.002332662 0.999996960 7.992558002
0.999999285 -0.000100070 0.001205318 0.146852046 0.000097098 0.999996960 0.002465112 -0.266601264 -0.001205561 -0.002464993 0.999996185 8.334598541
0.999999285 0.000087199 0.001201008 0.161943227 -0.000090319 0.999996543 0.002598389 -0.278711438 -0.001200778 -0.002598495 0.999995887 8.648755074
0.999998510 0.000739155 0.001540390 0.159899950 -0.000743148 0.999996424 0.002593561 -0.284362644 -0.001538468 -0.002594702 0.999995470 8.992988586
0.999998450 0.000636574 0.001631023 0.162722707 -0.000640817 0.999996424 0.002602056 -0.294876575 -0.001629361 -0.002603097 0.999995291 9.344343185
0.999998748 0.000661314 0.001411479 0.177371562 -0.000665596 0.999995112 0.003035650 -0.316106021 -0.001409465 -0.003036586 0.999994397 9.661367416
0.999998450 0.000901141 0.001509404 0.184144452 -0.000905629 0.999995112 0.002975313 -0.324838847 -0.001506716 -0.002976676 0.999994457 10.008959770
0.999998510 0.000807087 0.001496981 0.192747995 -0.000811708 0.999994814 0.003088848 -0.337367356 -0.001494480 -0.003090059 0.999994099 10.359840393
0.999998629 0.000625245 0.001538408 0.199354544 -0.000630392 0.999994218 0.003347224 -0.347042203 -0.001536306 -0.003348188 0.999993205 10.742447853
0.999998569 0.000411939 0.001603361 0.208369523 -0.000417300 0.999994338 0.003344820 -0.355394542 -0.001601974 -0.003345484 0.999993086 11.109583855
0.999997914 0.000792211 0.001947526 0.210998788 -0.000798487 0.999994457 0.003223909 -0.368146300 -0.001944961 -0.003225457 0.999992907 11.497523308
0.999997377 0.001088012 0.002013240 0.219363943 -0.001094522 0.999994099 0.003235414 -0.375821531 -0.002009708 -0.003237610 0.999992728 11.872278214
0.999997616 0.000901249 0.001992369 0.233415291 -0.000908699 0.999992549 0.003741392 -0.394931287 -0.001988983 -0.003743193 0.999991000 12.264227867
0.999996483 0.001458020 0.002199938 0.241837040 -0.001466322 0.999991775 0.003776627 -0.402437925 -0.002194413 -0.003779839 0.999990463 12.638485909
0.999998569 0.000160584 0.001678157 0.262133509 -0.000166654 0.999993384 0.003617771 -0.428867519 -0.001677566 -0.003618045 0.999992013 13.026277542
0.999998569 0.000421535 0.001598450 0.277089655 -0.000427182 0.999993622 0.003533947 -0.437311083 -0.001596951 -0.003534625 0.999992430 13.430235863
0.999997795 0.000447266 0.002027702 0.281696290 -0.000455021 0.999992549 0.003825676 -0.449785113 -0.002025976 -0.003826590 0.999990702 13.830291748
0.999997616 0.000593148 0.002101691 0.296217799 -0.000602464 0.999989986 0.004434602 -0.475353897 -0.002099039 -0.004435858 0.999987960 14.245068550
0.999997675 0.000459599 0.002113095 0.308832288 -0.000468576 0.999990821 0.004249849 -0.488496512 -0.002111122 -0.004250829 0.999988735 14.665320396
0.999996960 0.000262857 0.002438740 0.320016205 -0.000274013 0.999989450 0.004575144 -0.500234604 -0.002437512 -0.004575798 0.999986589 15.089388847
0.999996901 0.000321496 0.002461887 0.338737488 -0.000333366 0.999988317 0.004822786 -0.524967670 -0.002460308 -0.004823591 0.999985278 15.516069412
0.999995291 0.000678849 0.002997042 0.346735686 -0.000693078 0.999988496 0.004749039 -0.536114097 -0.002993783 -0.004751093 0.999984205 15.958227158
0.999993980 0.000900504 0.003347970 0.357429534 -0.000917201 0.999987185 0.004989138 -0.547513604 -0.003343434 -0.004992178 0.999981999 16.396135330
0.999994576 0.000170516 0.003270910 0.370438784 -0.000186561 0.999987960 0.004905919 -0.565411925 -0.003270033 -0.004906502 0.999982595 16.843824387
0.999995053 -0.000152145 0.003138538 0.386201799 0.000135640 0.999986172 0.005258229 -0.577298403 -0.003139294 -0.005257777 0.999981165 17.305744171
0.999992907 0.000313676 0.003759417 0.395164818 -0.000333653 0.999985814 0.005314528 -0.588442683 -0.003757696 -0.005315744 0.999978840 17.767110825
0.999992013 0.000277626 0.003991919 0.400583595 -0.000299302 0.999985218 0.005430402 -0.606002152 -0.003990352 -0.005431554 0.999977231 18.205184937
0.999990165 0.000847593 0.004355744 0.409615934 -0.000871921 0.999984026 0.005586409 -0.614262879 -0.004350939 -0.005590152 0.999974906 18.679769516
0.999991298 0.000423752 0.004154231 0.427553922 -0.000447034 0.999984205 0.005605125 -0.630206943 -0.004151790 -0.005606933 0.999975622 19.146701813
0.999990463 0.000443037 0.004333698 0.444129825 -0.000468648 0.999982357 0.005910626 -0.647059500 -0.004331003 -0.005912601 0.999973118 19.613946915
0.999992907 -0.000028213 0.003762794 0.461674511 0.000007607 0.999984980 0.005476300 -0.654708683 -0.003762893 -0.005476234 0.999977887 20.083120346
0.999993265 -0.000775208 0.003586444 0.477746695 0.000755664 0.999984860 0.005447520 -0.665154576 -0.003590613 -0.005444774 0.999978721 20.575893402
0.999993622 -0.000049119 0.003558705 0.485287845 0.000030097 0.999985695 0.005345156 -0.675799727 -0.003558917 -0.005345016 0.999979377 21.072847366
0.999995291 -0.000369804 0.003045607 0.490941048 0.000350461 0.999979794 0.006349407 -0.703861058 -0.003047895 -0.006348309 0.999975204 21.537317276
0.999996901 -0.000126885 0.002515670 0.498260081 0.000110844 0.999979615 0.006375552 -0.719396293 -0.002516428 -0.006375253 0.999976516 22.049245834
0.999997258 -0.000399286 0.002289706 0.521367073 0.000383992 0.999977648 0.006676145 -0.734134316 -0.002292320 -0.006675248 0.999975085 22.542783737
0.999997616 0.000245265 0.002157414 0.526742160 -0.000258856 0.999980092 0.006301386 -0.742204547 -0.002155825 -0.006301930 0.999977827 23.066852570
0.999998927 0.000020163 0.001480509 0.537579894 -0.000030084 0.999977469 0.006701571 -0.765122950 -0.001480341 -0.006701608 0.999976456 23.558952332
0.999999225 -0.000633365 0.001086398 0.547220111 0.000626574 0.999980271 0.006239931 -0.779019415 -0.001090328 -0.006239246 0.999979973 24.078121185
0.999999702 -0.000338705 0.000679957 0.559689581 0.000334264 0.999978781 0.006520452 -0.782244861 -0.000682151 -0.006520224 0.999978483 24.591279984
0.999999642 -0.000711185 0.000023294 0.574061394 0.000711006 0.999975801 0.006929386 -0.796389341 -0.000028222 -0.006929368 0.999975979 25.128446579
0.999999702 0.000366915 -0.000643130 0.572466850 -0.000362274 0.999974132 0.007201521 -0.809250951 0.000645756 -0.007201287 0.999973774 25.645801544
0.999999523 0.000381157 -0.000832463 0.581635237 -0.000375270 0.999974966 0.007060119 -0.819353819 0.000835133 -0.007059803 0.999974668 26.193979263
0.999998689 -0.000700618 -0.001476684 0.589007318 0.000711882 0.999970555 0.007641298 -0.837673664 0.001471287 -0.007642340 0.999969721 26.743246078
0.999997795 -0.000762421 -0.001980397 0.610482872 0.000777839 0.999969244 0.007796114 -0.857337594 0.001974392 -0.007797638 0.999967694 27.292324066
0.999997079 -0.000005768 -0.002405456 0.608403802 0.000024619 0.999969244 0.007836631 -0.873275459 0.002405337 -0.007836670 0.999966323 27.811889648
0.999996185 0.000403807 -0.002711994 0.617307186 -0.000382415 0.999968827 0.007883973 -0.884268284 0.002715092 -0.007882907 0.999965191 28.355337143
0.999994814 0.000063403 -0.003259412 0.621352911 -0.000037155 0.999967575 0.008052616 -0.902386844 0.003259817 -0.008052452 0.999962270 28.891592026
0.999993801 0.000073189 -0.003530933 0.628861189 -0.000044739 0.999967456 0.008056804 -0.915752232 0.003531408 -0.008056595 0.999961317 29.436063766
0.999993026 -0.000222862 -0.003721265 0.638095975 0.000253297 0.999966502 0.008180181 -0.933562636 0.003719317 -0.008181067 0.999959588 29.941047668
0.999992549 0.000086392 -0.003864654 0.648956358 -0.000054963 0.999966919 0.008131874 -0.948212802 0.003865229 -0.008131599 0.999959469 30.495092392
0.999991536 -0.000376088 -0.004086396 0.654034138 0.000409389 0.999966681 0.008151733 -0.955905676 0.004083194 -0.008153337 0.999958396 31.027599335
0.999989688 -0.000510914 -0.004511741 0.673612177 0.000547380 0.999967158 0.008085117 -0.972927928 0.004507463 -0.008087502 0.999957144 31.570987701
0.999988794 -0.000246497 -0.004729193 0.689097285 0.000285167 0.999966502 0.008178037 -0.991082788 0.004727019 -0.008179293 0.999955356 32.097434998
0.999987781 -0.000740809 -0.004891559 0.682550788 0.000785592 0.999957740 0.009159616 -1.024123669 0.004884567 -0.009163347 0.999946058 32.593692780
0.999983609 -0.001178543 -0.005610410 0.696264446 0.001229033 0.999958694 0.009004410 -1.039270878 0.005599566 -0.009011158 0.999943674 33.134021759
0.999985635 -0.000692023 -0.005320572 0.696967661 0.000741607 0.999956250 0.009323049 -1.050542235 0.005313887 -0.009326862 0.999942303 33.673969269
0.999986827 -0.000753634 -0.005072813 0.700397193 0.000800654 0.999956667 0.009273412 -1.057733417 0.005065605 -0.009277352 0.999944091 34.221797943
0.999982119 -0.000877049 -0.005927134 0.718057632 0.000933276 0.999954581 0.009490101 -1.073270321 0.005918541 -0.009495462 0.999937356 34.766426086
0.999985039 -0.000493234 -0.005452514 0.718946457 0.000544216 0.999956071 0.009352498 -1.078029156 0.005447662 -0.009355326 0.999941409 35.311157227
0.999986649 0.000545854 -0.005137088 0.707342625 -0.000497372 0.999955356 0.009434129 -1.107744932 0.005142008 -0.009431448 0.999942303 35.797374725
0.999986887 0.000901595 -0.005039059 0.715106249 -0.000853434 0.999953985 0.009551459 -1.124633312 0.005047440 -0.009547032 0.999941707 36.333740234
0.999985218 0.000402185 -0.005418754 0.723157883 -0.000350046 0.999953628 0.009619507 -1.132805347 0.005422373 -0.009617469 0.999939024 36.863399506
0.999984920 0.000454486 -0.005471416 0.733673990 -0.000402190 0.999954283 0.009555411 -1.145486593 0.005475509 -0.009553066 0.999939382 37.405418396
0.999984741 0.000519932 -0.005484132 0.742926717 -0.000467694 0.999954581 0.009522482 -1.153015852 0.005488833 -0.009519773 0.999939620 37.970230103
0.999982893 0.000883109 -0.005785854 0.746832967 -0.000826359 0.999951601 0.009803296 -1.175188303 0.005794232 -0.009798347 0.999935210 38.513607025
0.999979436 -0.000278899 -0.006418795 0.764392734 0.000342072 0.999951482 0.009842825 -1.190899849 0.006415739 -0.009844815 0.999931037 39.050495148
0.999978900 -0.000428713 -0.006486881 0.774425566 0.000495292 0.999947131 0.010265443 -1.216909170 0.006482138 -0.010268438 0.999926329 39.588405609
0.999981880 0.000762760 -0.005981395 0.784856915 -0.000702921 0.999949813 0.009999923 -1.222206354 0.005988722 -0.009995536 0.999932170 40.094894409
0.999981284 0.000080118 -0.006123804 0.775576293 -0.000018236 0.999948919 0.010104515 -1.234764934 0.006124302 -0.010104214 0.999930263 40.667598724
0.999980927 0.000548490 -0.006153895 0.795257866 -0.000483703 0.999944508 0.010524374 -1.256904960 0.006159326 -0.010521199 0.999925673 41.192745209
0.999979615 0.000937255 -0.006309376 0.807685375 -0.000871478 0.999945343 0.010419969 -1.268248439 0.006318796 -0.010414258 0.999925792 41.741325378
0.999980807 0.000745823 -0.006148966 0.819700718 -0.000680939 0.999944150 0.010547248 -1.280726552 0.006156488 -0.010542859 0.999925435 42.285369873
0.999979913 0.000560505 -0.006317802 0.821015239 -0.000493249 0.999943256 0.010641991 -1.290778995 0.006323409 -0.010638660 0.999923408 42.827621460
0.999976456 0.000248650 -0.006853488 0.835840940 -0.000176489 0.999944568 0.010527774 -1.302145362 0.006855727 -0.010526318 0.999921083 43.353157043
0.999977350 0.000762741 -0.006686672 0.844085574 -0.000693505 0.999946177 0.010350468 -1.311688066 0.006694207 -0.010345596 0.999924064 43.887077332
0.999978125 0.001002766 -0.006537442 0.851222634 -0.000935223 0.999946177 0.010326595 -1.321024895 0.006547447 -0.010320255 0.999925256 44.421726227
0.999978602 0.001446029 -0.006376110 0.854897380 -0.001382796 0.999949872 0.009910490 -1.329976797 0.006390122 -0.009901459 0.999930561 44.974193573
0.999975801 0.000635620 -0.006928049 0.876578212 -0.000564316 0.999946892 0.010289123 -1.341599107 0.006934221 -0.010284968 0.999922991 45.493854523
0.999976456 0.000781989 -0.006813866 0.883542955 -0.000711581 0.999946415 0.010329424 -1.355220199 0.006821578 -0.010324333 0.999923408 46.024421692
0.999974310 0.001212410 -0.007061331 0.911687613 -0.001136859 0.999942183 0.010693473 -1.381358743 0.007073887 -0.010685170 0.999917865 46.545757294
0.999976337 0.000824490 -0.006831034 0.886998057 -0.000748143 0.999937296 0.011171512 -1.385007143 0.006839817 -0.011166137 0.999914229 47.079421997
0.999973834 0.000671191 -0.007203804 0.901696324 -0.000594612 0.999943316 0.010627201 -1.369904399 0.007210529 -0.010622641 0.999917626 47.616180420
0.999977469 0.000911822 -0.006654468 0.890394747 -0.000838189 0.999938488 0.011059551 -1.402571201 0.006664144 -0.011053722 0.999916673 48.151023865
0.999978006 0.000737622 -0.006598197 0.901331961 -0.000663429 0.999936640 0.011239644 -1.415661335 0.006606070 -0.011235018 0.999915063 48.698307037
0.999977946 0.000827080 -0.006584232 0.903787494 -0.000754534 0.999939203 0.011012974 -1.424180388 0.006592940 -0.011007763 0.999917626 49.229301453
0.999977291 0.001316721 -0.006621965 0.913705707 -0.001244204 0.999939322 0.010943291 -1.424091816 0.006635974 -0.010934804 0.999918103 49.792205811
0.999976575 0.000823930 -0.006792829 0.913747430 -0.000747164 0.999935925 0.011295807 -1.448282719 0.006801700 -0.011290466 0.999913156 50.282257080
0.999977529 0.000790595 -0.006661267 0.918207645 -0.000713360 0.999932706 0.011589089 -1.461257458 0.006669980 -0.011584075 0.999910653 50.847141266
0.999976993 0.001092456 -0.006690664 0.931926489 -0.001014569 0.999931753 0.011633486 -1.470320702 0.006702917 -0.011626431 0.999909937 51.349941254
0.999976695 0.001015594 -0.006752542 0.940974951 -0.000937694 0.999933064 0.011529498 -1.480712891 0.006763800 -0.011522898 0.999910712 51.893455505
0.999976873 0.001048652 -0.006723503 0.948478818 -0.000970592 0.999932230 0.011602813 -1.489105463 0.006735214 -0.011596019 0.999910057 52.427909851
0.999975562 0.001181369 -0.006890232 0.956444025 -0.001099956 0.999929726 0.011807565 -1.501352072 0.006903696 -0.011799697 0.999906540 52.979564667
0.999976218 0.001438540 -0.006747117 0.961332202 -0.001360644 0.999932528 0.011535493 -1.510295630 0.006763256 -0.011526036 0.999910653 53.515602112
0.999974608 0.001335679 -0.006996672 0.973288476 -0.001254314 0.999931633 0.011620721 -1.501089096 0.007011715 -0.011611649 0.999908030 54.132556915
0.999977469 0.001413847 -0.006551479 0.968765914 -0.001336395 0.999929368 0.011811385 -1.532574654 0.006567717 -0.011802363 0.999908745 54.584045410
0.999977231 0.001292224 -0.006624822 0.979169786 -0.001211333 0.999924839 0.012199944 -1.545256734 0.006640088 -0.012191641 0.999903619 55.116352081
0.999977589 0.001033562 -0.006624472 0.987703681 -0.000952238 0.999924242 0.012267617 -1.550829887 0.006636651 -0.012261033 0.999902785 55.668659210
0.999978542 0.000904966 -0.006480483 0.998728335 -0.000824091 0.999921858 0.012471740 -1.569289446 0.006491264 -0.012466132 0.999901175 56.215736389
0.999978006 0.001169031 -0.006530387 0.998493552 -0.001087947 0.999922454 0.012406292 -1.576886654 0.006544385 -0.012398916 0.999901712 56.726211548
0.999976039 0.000988122 -0.006857246 1.006750345 -0.000905530 0.999927104 0.012037187 -1.548434734 0.006868640 -0.012030690 0.999903977 57.368366241
0.999978542 0.001240668 -0.006428800 1.010494590 -0.001160892 0.999922454 0.012398032 -1.595251799 0.006443684 -0.012390303 0.999902427 57.797462463
0.999979258 0.001428382 -0.006280247 1.016132712 -0.001348851 0.999919057 0.012649719 -1.604663968 0.006297808 -0.012640986 0.999900281 58.330875397
0.999979913 0.001523401 -0.006153233 1.028583050 -0.001445249 0.999918461 0.012685573 -1.616998434 0.006172055 -0.012676426 0.999900639 58.863513947
0.999979317 0.001156679 -0.006324003 1.031914830 -0.001076922 0.999920011 0.012600698 -1.626623511 0.006338072 -0.012593628 0.999900579 59.411750793
0.999982178 0.001295083 -0.005827601 1.039859891 -0.001218962 0.999914110 0.013046873 -1.625541449 0.005843997 -0.013039536 0.999897897 59.990116119
0.999982893 0.002009387 -0.005484278 1.046079636 -0.001939415 0.999917030 0.012734354 -1.650932431 0.005509411 -0.012723500 0.999903917 60.520927429
0.999979854 0.001546491 -0.006150705 1.081569552 -0.001462908 0.999906838 0.013570469 -1.671495676 0.006171119 -0.013561198 0.999888957 61.031913757
0.999975681 0.000421318 -0.006963206 1.081354499 -0.000328460 0.999911010 0.013331293 -1.688729286 0.006968203 -0.013328681 0.999886870 61.543750763
0.999982297 0.001669608 -0.005697689 1.071107864 -0.001594785 0.999912798 0.013111619 -1.645300269 0.005719082 -0.013102302 0.999897778 62.198162079
0.999975920 0.001000199 -0.006869168 1.098823309 -0.000909371 0.999912202 0.013212924 -1.704749823 0.006881781 -0.013206358 0.999889076 62.662570953
0.999978006 0.001471410 -0.006473090 1.090515375 -0.001385506 0.999911189 0.013255446 -1.711763501 0.006492020 -0.013246186 0.999891162 63.245258331
0.999978602 0.001426639 -0.006390056 1.100383520 -0.001338765 0.999904752 0.013734818 -1.738683462 0.006409042 -0.013725969 0.999885201 63.800395966
0.999982655 0.002512977 -0.005327791 1.091910958 -0.002439097 0.999901354 0.013828178 -1.741418481 0.005362015 -0.013814942 0.999890208 64.325660706
0.999979198 0.001854088 -0.006173368 1.098342299 -0.001767966 0.999901593 0.013926997 -1.768590569 0.006198582 -0.013915796 0.999883890 64.763183594
0.999981701 0.001993194 -0.005703926 1.127203584 -0.001914196 0.999902606 0.013821794 -1.733660460 0.005730920 -0.013810625 0.999888122 65.590011597
0.999972224 -0.000733786 -0.007419800 1.130453587 0.000841741 0.999893725 0.014556856 -1.784765959 0.007408329 -0.014562695 0.999866486 65.866989136
0.999979675 0.001624438 -0.006165515 1.119859457 -0.001535561 0.999895215 0.014392711 -1.802571535 0.006188250 -0.014382948 0.999877334 66.389144897
0.999972403 -0.000446761 -0.007406103 1.162650704 0.000553274 0.999896407 0.014385924 -1.774395943 0.007398908 -0.014389625 0.999869049 67.049858093
0.999979734 0.000959794 -0.006292628 1.134984255 -0.000868565 0.999894679 0.014484559 -1.820981026 0.006305868 -0.014478799 0.999875247 67.466743469
0.999979436 0.001825074 -0.006150179 1.152453423 -0.001735780 0.999893427 0.014493218 -1.837766886 0.006175975 -0.014482243 0.999875963 68.033050537
0.999979019 0.001518841 -0.006284066 1.146218300 -0.001424408 0.999886394 0.015004572 -1.848640442 0.006306141 -0.014995308 0.999867678 68.544487000
0.999975979 0.000941515 -0.006858813 1.164851427 -0.000838327 0.999886632 0.015032100 -1.861469269 0.006872190 -0.015025987 0.999863446 69.084724426
0.999978483 0.000668558 -0.006509698 1.177116871 -0.000569296 0.999883711 0.015238312 -1.864391088 0.006519129 -0.015234279 0.999862671 69.636566162
0.999979377 0.001595986 -0.006242996 1.171848059 -0.001500285 0.999881744 0.015304151 -1.880481243 0.006266683 -0.015294466 0.999863327 70.129158020
0.999977887 0.000144794 -0.006648960 1.194290638 -0.000041588 0.999879539 0.015519556 -1.871850610 0.006650407 -0.015518936 0.999857426 70.739997864
0.999978125 0.001391428 -0.006485912 1.189324021 -0.001291924 0.999881804 0.015320436 -1.900210381 0.006506464 -0.015311718 0.999861598 71.190124512
0.999979675 0.002428876 -0.005908037 1.188821197 -0.002337045 0.999877095 0.015500912 -1.908572912 0.005944961 -0.015486786 0.999862313 71.740287781
0.999977887 0.001644513 -0.006450193 1.206361651 -0.001544932 0.999880016 0.015413166 -1.924051404 0.006474766 -0.015402857 0.999860406 72.270545959
0.999977410 0.001139869 -0.006625223 1.218025327 -0.001035947 0.999876678 0.015668204 -1.928321123 0.006642266 -0.015660984 0.999855280 72.797378540
0.999980330 0.001918689 -0.005967662 1.223637342 -0.001827674 0.999882579 0.015219647 -1.917581797 0.005996162 -0.015208443 0.999866307 73.385040283
0.999977469 0.001092572 -0.006621406 1.231098771 -0.000987363 0.999873519 0.015871767 -1.946971774 0.006637909 -0.015864875 0.999852121 73.882270813
0.999975979 0.001007337 -0.006863024 1.236452579 -0.000901706 0.999881268 0.015377091 -1.952485561 0.006877699 -0.015370535 0.999858201 74.432319641
0.999975562 0.001195070 -0.006887661 1.254171371 -0.001087531 0.999877751 0.015595946 -1.964639306 0.006905458 -0.015588075 0.999854684 74.959579468
0.999976635 0.000980780 -0.006765069 1.255703330 -0.000873001 0.999872923 0.015916351 -1.970574617 0.006779821 -0.015910074 0.999850452 75.545082092
0.999973953 0.000566467 -0.007185772 1.271576643 -0.000455992 0.999881804 0.015366551 -1.959301710 0.007193626 -0.015362873 0.999856114 76.070854187
0.999976873 0.001471948 -0.006637618 1.275414586 -0.001369965 0.999881327 0.015342815 -1.988863111 0.006659415 -0.015333366 0.999860287 76.616645813
0.999977767 0.001228544 -0.006557444 1.273924589 -0.001124296 0.999873281 0.015877852 -1.991057396 0.006576120 -0.015870128 0.999852359 77.220344543
0.999978006 0.000878984 -0.006583001 1.289762497 -0.000779390 0.999885440 0.015116346 -1.982936740 0.006595535 -0.015110878 0.999864042 77.758453369
0.999980450 0.001335748 -0.006099090 1.292108774 -0.001239319 0.999874532 0.015786966 -2.002055168 0.006119413 -0.015779098 0.999856770 78.334991455
0.999981403 0.001783335 -0.005828077 1.297540188 -0.001691293 0.999874353 0.015759813 -2.009418726 0.005855451 -0.015749663 0.999858797 78.900100708
0.999981582 0.001627728 -0.005848652 1.310011864 -0.001534714 0.999872863 0.015872981 -2.019216776 0.005873744 -0.015863711 0.999856889 79.452949524
0.999984503 0.001739200 -0.005290106 1.318858385 -0.001655038 0.999872625 0.015872389 -2.021838188 0.005317037 -0.015863385 0.999860048 80.010803223
0.999990642 0.001780696 -0.003950185 1.325176358 -0.001719592 0.999879658 0.015418578 -2.027874947 0.003977165 -0.015411640 0.999873281 80.558723450
0.999994874 0.001708158 -0.002705844 1.335877657 -0.001666544 0.999881446 0.015307692 -2.033330441 0.002731671 -0.015303102 0.999879181 81.118934631
0.999997973 0.001458086 -0.001371568 1.353969097 -0.001437018 0.999882817 0.015238152 -2.040639400 0.001393626 -0.015236149 0.999882877 81.663101196
0.999996006 0.001530688 0.002361403 1.367378831 -0.001566692 0.999881387 0.015321100 -2.049431324 -0.002337671 -0.015324737 0.999879837 82.213882446
0.999983966 0.000885940 0.005599150 1.390530705 -0.000973069 0.999878168 0.015577467 -2.059839725 -0.005584667 -0.015582665 0.999863029 82.759376526
0.999958456 0.001053860 0.009053746 1.402650356 -0.001193326 0.999880433 0.015412698 -2.062784433 -0.009036422 -0.015422860 0.999840140 83.328681946
0.999901474 0.001995966 0.013898017 1.429499626 -0.002213844 0.999874651 0.015679259 -2.067506790 -0.013864979 -0.015708480 0.999780416 83.870712280
0.999798656 0.001230802 0.020028399 1.452778935 -0.001542368 0.999877870 0.015548190 -2.077612400 -0.020006819 -0.015575952 0.999678493 84.445854187
0.999679744 0.000724956 0.025293307 1.489758968 -0.001116294 0.999879837 0.015461303 -2.087587595 -0.025279062 -0.015484589 0.999560475 84.990280151
0.999529243 0.000732159 0.030672487 1.525628448 -0.001201564 0.999882400 0.015288132 -2.092168808 -0.030657690 -0.015317786 0.999412537 85.549430847
0.999264479 0.000738483 0.038339611 1.568225384 -0.001326234 0.999881983 0.015306954 -2.097523212 -0.038323782 -0.015346543 0.999147534 86.119911194
0.998923540 0.000442704 0.046383921 1.612335205 -0.001138298 0.999887228 0.014971119 -2.104925394 -0.046372063 -0.015007802 0.998811603 86.679016113
0.998604357 -0.000341061 0.052812088 1.661529779 -0.000462774 0.999884248 0.015207673 -2.110645294 -0.052811164 -0.015210889 0.998488665 87.229904175
0.998097241 -0.000203961 0.061658878 1.714794874 -0.000732723 0.999884605 0.015168394 -2.119165421 -0.061654855 -0.015184712 0.997982025 87.775260925
0.997408986 -0.000090644 0.071938932 1.773510933 -0.000991498 0.999886930 0.015006652 -2.125589371 -0.071932167 -0.015039098 0.997296154 88.330970764
0.996771038 -0.000658243 0.080293387 1.839600563 -0.000534464 0.999889791 0.014831959 -2.131472826 -0.080294318 -0.014826981 0.996660829 88.880493164
0.996087253 -0.000905961 0.088370867 1.904724121 -0.000398788 0.999891162 0.014745701 -2.138004780 -0.088374592 -0.014723241 0.995978475 89.435935974
0.995096445 -0.000935543 0.098905131 1.982194901 -0.000531900 0.999890149 0.014809467 -2.143965483 -0.098908126 -0.014789457 0.994986653 89.974380493
0.993993759 -0.001744030 0.109422989 2.064969540 0.000135280 0.999891758 0.014707827 -2.151911736 -0.109436788 -0.014604686 0.993886471 90.525489807
0.992940903 -0.002016641 0.118593007 2.155833244 0.000293357 0.999894142 0.014546737 -2.159670115 -0.118609786 -0.014409259 0.992836356 91.087402344
0.991507828 -0.001537530 0.130038187 2.250088692 -0.000397947 0.999889493 0.014856618 -2.166565180 -0.130046666 -0.014782199 0.991397679 91.632621765
0.989929140 -0.002466697 0.141542152 2.355627060 0.000372371 0.999890089 0.014821061 -2.177688599 -0.141563147 -0.014619092 0.989821255 92.179405212
0.988334596 -0.002780882 0.152272701 2.466176987 0.000553390 0.999892235 0.014668738 -2.183691978 -0.152297050 -0.014413353 0.988229632 92.740432739
0.986681759 -0.003232836 0.162629873 2.580621719 0.000869113 0.999892950 0.014603408 -2.189180374 -0.162659705 -0.014267576 0.986579061 93.289947510
0.984368145 -0.002470784 0.176105544 2.698945045 -0.000109212 0.999892831 0.014639081 -2.197756290 -0.176122829 -0.014429478 0.984262407 93.818511963
0.982152402 -0.003663325 0.188051224 2.825826645 0.000974629 0.999895990 0.014388157 -2.201524496 -0.188084379 -0.013948083 0.982053816 94.397361755
0.980106354 -0.003634335 0.198439598 2.951697350 0.000725370 0.999891162 0.014729924 -2.209537983 -0.198471546 -0.014292949 0.980002344 94.940673828
0.977298617 -0.003806910 0.211832941 3.090538025 0.000733974 0.999893308 0.014583153 -2.214487553 -0.211865917 -0.014096615 0.977196991 95.485404968
0.974367917 -0.004464821 0.224915966 3.250284195 0.001201416 0.999892056 0.014644212 -2.222733021 -0.224957123 -0.013998631 0.974268019 96.031845093
0.971778095 -0.005006299 0.235843703 3.403030396 0.001618265 0.999892831 0.014556956 -2.230990648 -0.235891283 -0.013764474 0.971681952 96.578247070
0.968728304 -0.005298224 0.248067334 3.566215515 0.001745548 0.999892771 0.014539174 -2.238193035 -0.248117760 -0.013651496 0.968633711 97.108215332
0.965053260 -0.005428435 0.261997253 3.736028671 0.001611329 0.999889553 0.014781899 -2.247743368 -0.262048483 -0.013843157 0.964955389 97.644882202
0.961701274 -0.005450117 0.274045497 3.910337448 0.001439405 0.999888957 0.014834163 -2.259307384 -0.274095863 -0.013871571 0.961602330 98.157859802
0.958429515 -0.005994992 0.285266876 4.099599838 0.001821814 0.999887586 0.014892155 -2.261256456 -0.285324007 -0.013753376 0.958332419 98.725975037
0.954200625 -0.005899469 0.299109340 4.295032501 0.001494772 0.999887049 0.014952695 -2.269960165 -0.299163759 -0.013820769 0.954101682 99.258338928
0.949758530 -0.006359486 0.312918693 4.493644714 0.001784312 0.999887347 0.014905168 -2.273670197 -0.312978238 -0.013597966 0.949662864 99.785461426
0.945899785 -0.006760284 0.324388564 4.692953110 0.001949124 0.999883294 0.015154107 -2.282498598 -0.324453086 -0.013701994 0.945802510 100.305557251
0.941422999 -0.007235286 0.337150276 4.910634995 0.002263760 0.999882877 0.015136524 -2.288591385 -0.337220341 -0.013486643 0.941329062 100.827735901
0.936242104 -0.007313986 0.351279229 5.128488541 0.002043339 0.999879777 0.015372517 -2.297855616 -0.351349413 -0.013674615 0.936144531 101.343589783
0.931606650 -0.008198606 0.363375604 5.355993271 0.002755799 0.999876082 0.015494357 -2.302626371 -0.363457590 -0.013433254 0.931513846 101.866180420
0.927455425 -0.008254024 0.373842508 5.586650848 0.002679055 0.999877274 0.015429778 -2.309821129 -0.373924106 -0.013308887 0.927363813 102.382621765
0.921833396 -0.008233514 0.387499213 5.821870804 0.002537641 0.999881268 0.015208426 -2.309992790 -0.387578368 -0.013036301 0.921744585 102.891967773
0.916236579 -0.008847880 0.400539875 6.066585541 0.002904743 0.999876559 0.015442545 -2.316837788 -0.400627077 -0.012985560 0.916149139 103.390060425
0.911402583 -0.009835904 0.411398411 6.324966431 0.003885357 0.999875426 0.015297955 -2.322893620 -0.411497563 -0.012344166 0.911327243 103.894416809
0.905063272 -0.009629286 0.425168067 6.581386566 0.003522382 0.999879062 0.015147289 -2.326279163 -0.425262451 -0.012211652 0.904987693 104.386077881
0.898303151 -0.010554965 0.439249367 6.861213684 0.004226298 0.999872684 0.015383348 -2.328307152 -0.439355820 -0.011962509 0.898233473 104.906181335
0.892879665 -0.011584744 0.450146556 7.133674622 0.004947390 0.999861002 0.015918620 -2.345602512 -0.450268447 -0.011986362 0.892812729 105.354637146
0.886891961 -0.011762542 0.461827070 7.416210175 0.005171741 0.999865890 0.015534366 -2.336404085 -0.461947888 -0.011388855 0.886833966 105.876396179
0.880079746 -0.012575859 0.474659324 7.685642242 0.005780969 0.999858916 0.015772091 -2.353028774 -0.474790752 -0.011136706 0.880028248 106.314353943
0.872644901 -0.012530548 0.488194406 8.005039215 0.005756531 0.999865174 0.015373898 -2.341263294 -0.488321215 -0.010605648 0.872599483 106.856887817
0.866765738 -0.013559599 0.498531133 8.303073883 0.006955410 0.999861777 0.015102394 -2.342344046 -0.498667061 -0.009622749 0.866740227 107.325904846
