1.000000000 0.000000000 0.000000000 0.000000000 0.000000000 1.000000000 0.000000000 0.000000000 0.000000000 0.000000000 1.000000000 0.000000000
1.000000000 0.000042814 0.000070106 -0.000233986 -0.000042822 1.000000000 0.000113371 -0.000321670 -0.000070101 -0.000113374 1.000000000 0.000493160
1.000000000 -0.000008096 -0.000084444 0.000713842 0.000008095 1.000000000 -0.000002726 0.000200121 0.000084444 0.000002725 1.000000000 -0.000042407
1.000000000 -0.000000087 0.000040441 -0.000453983 0.000000087 1.000000000 0.000004195 0.000615037 -0.000040441 -0.000004195 1.000000000 0.002303014
1.000000000 -0.000060924 -0.000079829 0.000397934 0.000060919 1.000000000 -0.000066765 0.001224227 0.000079833 0.000066760 1.000000000 0.001852414
1.000000000 0.000052527 -0.000021779 -0.000725670 -0.000052529 1.000000000 -0.000098628 0.001486046 0.000021773 0.000098629 1.000000000 0.002598300
1.000000000 -0.000062951 -0.000085826 0.001255351 0.000062946 1.000000000 -0.000054215 0.001154832 0.000085830 0.000054210 1.000000000 0.001041205
1.000000000 -0.000023316 -0.000030941 0.000720848 0.000023313 1.000000000 -0.000096030 0.001093830 0.000030943 0.000096029 1.000000000 0.000598666
1.000000000 -0.000174503 -0.000047140 0.001189483 0.000174499 1.000000000 -0.000084211 0.000518694 0.000047155 0.000084203 1.000000000 0.000019020
0.999995470 0.002018842 0.002235826 -0.016233250 -0.002022178 0.999996841 0.001490726 -0.003669825 -0.002232809 -0.001495241 0.999996364 0.019037340
0.999995232 0.002075000 0.002285152 -0.016379792 -0.002078715 0.999996543 0.001624461 -0.005083166 -0.002281774 -0.001629204 0.999996066 0.018797051
0.999994814 0.002168426 0.002389773 -0.017218374 -0.002172266 0.999996364 0.001605228 -0.004241882 -0.002386284 -0.001610411 0.999995828 0.019831860
0.999995589 0.001931972 0.002264748 -0.016677232 -0.001935645 0.999996841 0.001620598 -0.003974317 -0.002261610 -0.001624974 0.999996126 0.019565662
0.999994874 0.002170158 0.002363807 -0.017399544 -0.002174103 0.999996305 0.001667450 -0.004356996 -0.002360180 -0.001672581 0.999995828 0.020091616
0.999995708 0.001980848 0.002150289 -0.015666461 -0.001984378 0.999996662 0.001640554 -0.004730313 -0.002147032 -0.001644814 0.999996305 0.018953061
0.999995410 0.002040086 0.002240429 -0.016300714 -0.002043829 0.999996543 0.001669566 -0.004849315 -0.002237015 -0.001674138 0.999996066 0.018528929
0.999995768 0.001961041 0.002158765 -0.015577214 -0.001964545 0.999996781 0.001622101 -0.003820492 -0.002155577 -0.001626335 0.999996364 0.019655745
1.000000000 -0.000147887 -0.000143568 0.001536519 0.000147870 1.000000000 -0.000118684 0.002218324 0.000143586 0.000118663 1.000000000 0.002153856
1.000000000 -0.000210654 -0.000062874 0.001226274 0.000210648 1.000000000 -0.000095482 0.001349924 0.000062894 0.000095469 1.000000000 0.001170812
0.999995232 0.002053554 0.002321600 -0.016790830 -0.002057300 0.999996603 0.001612013 -0.004630222 -0.002318282 -0.001616781 0.999996006 0.018982673
0.999995172 0.002102224 0.002280385 -0.017246481 -0.002105754 0.999996603 0.001546696 -0.003977956 -0.002277126 -0.001551490 0.999996185 0.018614622
0.999995112 0.002050288 0.002381247 -0.017414043 -0.002054175 0.999996543 0.001630720 -0.004394453 -0.002377896 -0.001635603 0.999995828 0.019485505
1.000000000 -0.000137658 -0.000106163 0.001885486 0.000137660 1.000000000 0.000012742 0.001190060 0.000106161 -0.000012757 1.000000000 0.001910018
0.999996006 0.001764833 0.002219478 -0.015667684 -0.001768228 0.999997258 0.001528484 -0.003897781 -0.002216775 -0.001532402 0.999996364 0.018402152
1.000000000 -0.000140248 -0.000036672 0.001486621 0.000140245 1.000000000 -0.000075957 0.001053283 0.000036682 0.000075952 1.000000000 0.000616809
1.000000000 -0.000041301 0.000014467 0.001135329 0.000041300 1.000000000 0.000027424 0.000765933 -0.000014468 -0.000027423 1.000000000 0.000219150
1.000000000 0.000065819 0.000025850 0.000402142 -0.000065818 1.000000000 -0.000023941 0.001050446 -0.000025852 0.000023939 1.000000000 0.001238612
0.999995232 0.002142154 0.002244666 -0.016710896 -0.002145830 0.999996364 0.001636714 -0.004417618 -0.002241151 -0.001641522 0.999996126 0.018982168
1.000000000 -0.000060736 -0.000116464 0.000367998 0.000060750 1.000000000 0.000121359 0.000717088 0.000116457 -0.000121366 1.000000000 0.002510278
1.000000000 -0.000045698 -0.000025949 0.000151029 0.000045697 1.000000000 -0.000015381 0.001102469 0.000025949 0.000015380 1.000000000 0.002891026
1.000000000 0.000046076 -0.000055733 0.000732577 -0.000046066 1.000000000 0.000178129 0.000137270 0.000055742 -0.000178126 1.000000000 0.002561829
0.999995649 0.001941716 0.002227953 -0.015879089 -0.001945636 0.999996603 0.001758676 -0.005415360 -0.002224531 -0.001763004 0.999996006 0.019243816
1.000000000 -0.000152451 0.000049514 0.000002072 0.000152450 1.000000000 0.000026226 0.000350232 -0.000049518 -0.000026218 1.000000000 0.000662963
1.000000000 -0.000098381 0.000005133 0.000280443 0.000098381 1.000000000 0.000044230 0.001151653 -0.000005138 -0.000044230 1.000000000 0.003375423
1.000000000 0.000171891 0.000097047 -0.000414497 -0.000171889 1.000000000 -0.000028553 0.000925133 -0.000097052 0.000028536 1.000000000 0.001460134
1.000000000 0.000016078 -0.000043751 0.000225976 -0.000016078 1.000000000 0.000000313 0.001864679 0.000043751 -0.000000312 1.000000000 0.002390672
0.999995291 0.002049602 0.002297923 -0.017159699 -0.002053550 0.999996424 0.001716847 -0.004605093 -0.002294395 -0.001721558 0.999995887 0.019892346
0.999995172 0.002102623 0.002292915 -0.017010929 -0.002106641 0.999996245 0.001750982 -0.005022430 -0.002289225 -0.001755804 0.999995828 0.019360298
0.999995649 0.001930572 0.002247954 -0.015984125 -0.001934251 0.999996781 0.001635519 -0.004141951 -0.002244789 -0.001639860 0.999996126 0.019836005
1.000000000 0.000003936 0.000139901 -0.000327099 -0.000003929 1.000000000 -0.000056732 0.001372176 -0.000139901 0.000056731 1.000000000 0.003274248
0.999999940 -0.000287021 0.000189778 0.000777325 0.000287166 0.999999642 -0.000761925 -0.000219647 -0.000189559 0.000761979 0.999999702 0.054239761
0.999996305 0.001936714 0.001900753 -0.010565119 -0.001937044 0.999998093 0.000171625 -0.009183541 -0.001900417 -0.000175306 0.999998152 0.155717224
0.999996126 0.002079928 0.001815799 -0.008796275 -0.002080037 0.999997735 0.000058312 -0.012498783 -0.001815674 -0.000062088 0.999998331 0.270062536
0.999996483 0.001926830 0.001796660 -0.005254778 -0.001927082 0.999998093 0.000138450 -0.016155628 -0.001796390 -0.000141912 0.999998331 0.402059227
0.999996662 0.001870418 0.001785163 -0.003265110 -0.001870677 0.999998152 0.000143816 -0.019987924 -0.001784891 -0.000147155 0.999998391 0.541940153
0.999995530 0.001963725 0.002261425 -0.003988758 -0.001963942 0.999998033 0.000093531 -0.022563456 -0.002261237 -0.000097972 0.999997437 0.702155769
0.999995708 0.001800062 0.002307975 0.001204333 -0.001800356 0.999998331 0.000125107 -0.025477385 -0.002307746 -0.000129261 0.999997318 0.866096973
0.999995589 0.002008444 0.002196612 0.006062996 -0.002009172 0.999997973 0.000329224 -0.030025920 -0.002195945 -0.000333636 0.999997556 1.033203959
0.999996006 0.001968326 0.002051015 0.009352244 -0.001969206 0.999997973 0.000427085 -0.033185385 -0.002050170 -0.000431122 0.999997735 1.217131257
0.999993265 0.002340215 0.002832110 0.001079564 -0.002342155 0.999997020 0.000681811 -0.037037279 -0.002830506 -0.000688440 0.999995768 1.410069346
0.999994695 0.001962617 0.002593233 0.006423000 -0.001964603 0.999997795 0.000763164 -0.041138213 -0.002591729 -0.000768254 0.999996364 1.601140857
0.999992907 0.002252012 0.003015628 0.007768263 -0.002253793 0.999997258 0.000587205 -0.044260893 -0.003014297 -0.000593998 0.999995232 1.801161528
0.999993742 0.002301889 0.002707492 0.013780419 -0.002303812 0.999997139 0.000706995 -0.048332013 -0.002705857 -0.000713228 0.999996126 2.006032467
0.999991655 0.002877086 0.002912930 0.017467782 -0.002879510 0.999995530 0.000828439 -0.058096290 -0.002910534 -0.000836820 0.999995351 2.216630936
0.999989271 0.002975228 0.003557921 0.000735073 -0.002977357 0.999995410 0.000593060 -0.050365835 -0.003556140 -0.000603647 0.999993503 2.438966990
0.999990761 0.002681660 0.003378222 0.015468230 -0.002684399 0.999996126 0.000806274 -0.063201711 -0.003376047 -0.000815335 0.999994040 2.645435095
0.999991655 0.002481469 0.003249632 0.018781111 -0.002485522 0.999996245 0.001243875 -0.071236841 -0.003246533 -0.001251942 0.999993920 2.877109528
0.999990821 0.002551721 0.003450185 0.019354425 -0.002553940 0.999996543 0.000638578 -0.067770697 -0.003448544 -0.000647384 0.999993861 3.124197721
0.999993086 0.002045187 0.003102373 0.010538639 -0.002046079 0.999997973 0.000284540 -0.063854359 -0.003101784 -0.000290886 0.999995172 3.356579304
0.999992609 0.002296384 0.003085620 0.018655825 -0.002298035 0.999997199 0.000531564 -0.074219234 -0.003084391 -0.000538651 0.999995172 3.601241350
0.999989986 0.002293498 0.003847875 0.002209965 -0.002292325 0.999997258 -0.000309249 -0.062890038 -0.003848574 0.000300426 0.999992549 3.864928722
0.999988317 0.002433033 0.004188649 0.004267854 -0.002431356 0.999996960 -0.000405396 -0.066399552 -0.004189623 0.000395207 0.999991179 4.128319740
0.999988973 0.002254262 0.004130215 0.011379220 -0.002254629 0.999997377 0.000083999 -0.077050298 -0.004130016 -0.000093310 0.999991477 4.377917290
0.999985993 0.002393729 0.004722300 -0.011878993 -0.002390233 0.999996960 -0.000745720 -0.059306152 -0.004724070 0.000734422 0.999988556 4.636100292
0.999984980 0.002327996 0.004977093 -0.005440431 -0.002324986 0.999997139 -0.000610356 -0.067556188 -0.004978499 0.000598775 0.999987423 4.895813942
0.999986529 0.002133420 0.004718465 0.000447951 -0.002129069 0.999997258 -0.000926960 -0.070110351 -0.004720429 0.000916902 0.999988437 5.166097641
0.999983311 0.002209600 0.005341481 -0.022815341 -0.002203674 0.999996960 -0.001115024 -0.068891622 -0.005343929 0.001103235 0.999985039 5.421183109
0.999981642 0.002549913 0.005503868 -0.015766595 -0.002543442 0.999996066 -0.001182429 -0.073783129 -0.005506862 0.001168409 0.999984086 5.695323467
0.999981523 0.002529164 0.005536883 -0.008670587 -0.002522646 0.999996126 -0.001183831 -0.083215483 -0.005539856 0.001169842 0.999983907 5.966555119
0.999977648 0.002317749 0.006272192 -0.035711557 -0.002308159 0.999996185 -0.001535813 -0.071934193 -0.006275728 0.001521302 0.999979138 6.246731281
0.999977291 0.002365754 0.006307527 -0.029499643 -0.002357131 0.999996305 -0.001374094 -0.081518620 -0.006310755 0.001359195 0.999979079 6.533420563
0.999974489 0.002885282 0.006540756 -0.022236004 -0.002877455 0.999995232 -0.001205885 -0.091385819 -0.006544203 0.001187034 0.999977887 6.821549416
0.999965847 0.002436726 0.007899893 -0.077110082 -0.002410770 0.999991655 -0.003293534 -0.040153958 -0.007907852 0.003274377 0.999963343 7.126941681
0.999971092 0.002066999 0.007327165 -0.060909040 -0.002044397 0.999993145 -0.003090947 -0.051896490 -0.007333503 0.003075878 0.999968350 7.423010826
0.999967158 0.002216720 0.007793886 -0.052813631 -0.002193068 0.999992967 -0.003041879 -0.062008195 -0.007800573 0.003024686 0.999964952 7.732831478
0.999928355 0.003087261 0.011566630 -0.154624015 -0.003010668 0.999973416 -0.006633497 0.015203860 -0.011586803 0.006598199 0.999911070 8.061912537
0.999926746 0.003321979 0.011645331 -0.145813316 -0.003246573 0.999973655 -0.006488124 0.004333556 -0.011666579 0.006449841 0.999911129 8.383374214
0.999890924 0.003458623 0.014360834 -0.204730496 -0.003284806 0.999921262 -0.012109535 0.094047911 -0.014401586 0.012061041 0.999823570 8.800950050
0.999885559 0.003823308 0.014642749 -0.198026583 -0.003640083 0.999915004 -0.012519254 0.084580392 -0.014689370 0.012464520 0.999814451 9.138565063
0.999883175 0.003746171 0.014822814 -0.187425509 -0.003561742 0.999916136 -0.012449132 0.069353998 -0.014868207 0.012394882 0.999812722 9.476691246
0.999955416 0.001317310 0.009349839 -0.065537952 -0.001269240 0.999985874 -0.005145368 -0.068929300 -0.009356487 0.005133272 0.999943018 9.742878914
0.999961615 0.000852574 0.008719198 -0.046842262 -0.000810185 0.999987781 -0.004863982 -0.084166020 -0.008723240 0.004856731 0.999950111 10.084024429
0.999959469 0.001057638 0.008944013 -0.039391920 -0.001010615 0.999985635 -0.005260361 -0.093002424 -0.008949448 0.005251109 0.999946177 10.452326775
0.999964058 0.001361439 0.008366119 -0.016452365 -0.001326131 0.999990225 -0.004224497 -0.119758457 -0.008371789 0.004213251 0.999956071 10.784298897
0.999962032 0.001067989 0.008643466 -0.007901818 -0.001029531 0.999989629 -0.004452554 -0.126677483 -0.008648132 0.004443487 0.999952734 11.159184456
0.999968290 0.001091728 0.007901001 0.014290787 -0.001062127 0.999992430 -0.003749644 -0.155419946 -0.007905035 0.003741133 0.999961734 11.533002853
0.999969006 0.001006978 0.007800582 0.028524682 -0.000981500 0.999994099 -0.003269328 -0.173579425 -0.007803828 0.003261570 0.999964237 11.909938812
0.999969244 0.000944586 0.007788535 0.039470971 -0.000916046 0.999992847 -0.003667118 -0.184354350 -0.007791943 0.003659870 0.999962926 12.295004845
0.999965727 0.001277311 0.008177474 0.047783937 -0.001247069 0.999992311 -0.003702181 -0.196926743 -0.008182141 0.003691856 0.999959707 12.687537193
0.999966979 0.000915232 0.008074585 0.062716842 -0.000886916 0.999993503 -0.003509787 -0.210398138 -0.008077744 0.003502510 0.999961257 13.077193260
0.999964058 0.001663910 0.008311280 0.067570537 -0.001636986 0.999993384 -0.003245221 -0.228474617 -0.008316625 0.003231499 0.999960184 13.473316193
0.999960899 0.001575246 0.008707998 0.075136334 -0.001545332 0.999992847 -0.003440997 -0.237256676 -0.008713356 0.003427405 0.999956191 13.891409874
0.999965429 0.001695062 0.008143045 0.095426060 -0.001671759 0.999994636 -0.002867681 -0.257189333 -0.008147861 0.002853969 0.999962747 14.298556328
0.999960244 0.002073664 0.008672249 0.104990482 -0.002044323 0.999992251 -0.003390795 -0.265938610 -0.008679211 0.003372931 0.999956727 14.730566025
0.999962091 0.001464056 0.008585076 0.119182743 -0.001440425 0.999995112 -0.002758095 -0.285754561 -0.008589073 0.002745624 0.999959290 15.142211914
0.999956012 0.001772699 0.009203408 0.127902701 -0.001746338 0.999994278 -0.002871535 -0.298058420 -0.009208445 0.002855337 0.999953508 15.576924324
0.999952853 0.001811390 0.009542749 0.140456229 -0.001784284 0.999994338 -0.002848237 -0.313259721 -0.009547855 0.002831076 0.999950409 16.009860992
0.999950409 0.001989480 0.009770953 0.152627498 -0.001962264 0.999994159 -0.002794210 -0.324372351 -0.009776454 0.002774897 0.999948382 16.455877304
0.999939144 0.002669823 0.010704037 0.150990292 -0.002628819 0.999989152 -0.003842918 -0.324252814 -0.010714181 0.003814545 0.999935329 16.919136047
0.999948561 0.001824040 0.009977190 0.176399797 -0.001794839 0.999994040 -0.002934958 -0.349180281 -0.009982485 0.002916899 0.999945879 17.363550186
0.999943197 0.001835427 0.010502229 0.190000266 -0.001806053 0.999994397 -0.002805684 -0.365930915 -0.010507321 0.002786557 0.999940872 17.818332672
0.999939322 0.002060852 0.010823684 0.203670382 -0.002030561 0.999993980 -0.002808847 -0.380998105 -0.010829408 0.002786699 0.999937475 18.279165268
0.999938607 0.002165958 0.010858782 0.220555082 -0.002136064 0.999993920 -0.002763784 -0.390724838 -0.010864701 0.002740419 0.999937236 18.762987137
0.999942839 0.001696499 0.010554112 0.238732144 -0.001666547 0.999994516 -0.002846068 -0.411824703 -0.010558883 0.002828317 0.999940276 19.217092514
0.999940932 0.001684316 0.010729719 0.256282777 -0.001656306 0.999995172 -0.002618849 -0.427372456 -0.010734078 0.002600922 0.999939024 19.690187454
0.999939859 0.001222466 0.010892099 0.266589344 -0.001192498 0.999995470 -0.002757368 -0.437984735 -0.010895421 0.002744213 0.999936879 20.166234970
0.999948323 0.001535268 0.010051723 0.292892903 -0.001515502 0.999996841 -0.001973734 -0.471909225 -0.010054722 0.001958398 0.999947488 20.653722763
0.999947786 0.001204693 0.010147643 0.321658194 -0.001175711 0.999995232 -0.002861600 -0.465954900 -0.010151043 0.002849520 0.999944448 21.115444183
0.999960601 0.001052921 0.008821772 0.332263976 -0.001040131 0.999998331 -0.001454218 -0.504913568 -0.008823290 0.001444985 0.999960065 21.631526947
0.999955297 0.001671032 0.009307293 0.318379104 -0.001656526 0.999997377 -0.001565980 -0.517215550 -0.009309886 0.001550493 0.999955416 22.139526367
0.999966860 0.001524686 0.008010621 0.354239106 -0.001517304 0.999998391 -0.000927489 -0.550005734 -0.008012024 0.000915304 0.999967456 22.645017624
0.999967694 0.002369520 0.007689917 0.386449277 -0.002342455 0.999991000 -0.003526715 -0.521654725 -0.007698205 0.003508587 0.999964237 23.146833420
0.999976397 0.001817531 0.006622523 0.383878589 -0.001814250 0.999998212 -0.000501384 -0.588523924 -0.006623422 0.000489357 0.999977887 23.663728714
0.999981821 0.000776741 0.005976278 0.400004685 -0.000769660 0.999998987 -0.001187220 -0.602578402 -0.005977194 0.001182599 0.999981403 24.190284729
0.999983013 0.000922158 0.005749286 0.410368860 -0.000916716 0.999998987 -0.000949116 -0.610688806 -0.005750156 0.000943829 0.999983013 24.724472046
0.999989152 0.001365767 0.004458230 0.425866544 -0.001364073 0.999998987 -0.000382920 -0.639600337 -0.004458748 0.000376835 0.999989986 25.257966995
0.999989748 0.001610732 0.004255519 0.429651380 -0.001608999 0.999998629 -0.000410551 -0.650765240 -0.004256175 0.000403700 0.999990821 25.794933319
0.999991834 0.001540857 0.003730495 0.444473356 -0.001539273 0.999998748 -0.000427492 -0.667206883 -0.003731149 0.000421746 0.999992967 26.341342926
0.999993443 0.001177253 0.003417372 0.456376135 -0.001176754 0.999999285 -0.000147682 -0.679335654 -0.003417544 0.000143660 0.999994099 26.884750366
0.999994278 0.001300057 0.003132789 0.465498775 -0.001300473 0.999999166 0.000130720 -0.699435830 -0.003132617 -0.000134793 0.999995053 27.431715012
0.999994993 0.002016349 0.002447753 0.481755197 -0.002015697 0.999997854 -0.000268715 -0.717166424 -0.002448290 0.000263780 0.999996960 27.951229095
0.999994218 0.002359156 0.002464294 0.499782026 -0.002362214 0.999996424 0.001238328 -0.763934374 -0.002461364 -0.001244142 0.999996126 28.497411728
0.999992073 0.002749284 0.002877069 0.491767317 -0.002750453 0.999996126 0.000402433 -0.750817835 -0.002875952 -0.000410343 0.999995768 29.042167664
0.999990940 0.003373715 0.002594900 0.505859077 -0.003372615 0.999994218 -0.000428454 -0.746951222 -0.002596330 0.000419699 0.999996483 29.520011902
0.999995351 0.002820429 0.001116878 0.530979872 -0.002821726 0.999995291 0.001160297 -0.798869431 -0.001113600 -0.001163443 0.999998629 30.102340698
0.999994755 0.003160708 0.000736531 0.544126868 -0.003161585 0.999994278 0.001192645 -0.815625966 -0.000732758 -0.001194968 0.999998987 30.646808624
0.999994814 0.003194544 0.000316099 0.554657817 -0.003194973 0.999993980 0.001363567 -0.828945279 -0.000311741 -0.001364570 0.999999046 31.191347122
0.999995232 0.003071955 -0.000016551 0.563819766 -0.003071930 0.999994397 0.001273764 -0.841735363 0.000020464 -0.001273707 0.999999166 31.736961365
0.999995589 0.002963446 -0.000329059 0.576365829 -0.002962982 0.999994636 0.001398699 -0.854698956 0.000333202 -0.001397718 0.999998868 32.282253265
0.999994576 0.003272258 -0.000356908 0.579705715 -0.003271763 0.999993622 0.001378442 -0.870392799 0.000361417 -0.001377267 0.999998987 32.828041077
0.999995232 0.003017551 -0.000657635 0.598258734 -0.003016681 0.999994576 0.001319107 -0.884564459 0.000661612 -0.001317117 0.999998927 33.383777618
0.999994278 0.003290478 -0.000704676 0.594052315 -0.003289791 0.999994099 0.000974365 -0.894312561 0.000707879 -0.000972041 0.999999285 33.922954559
0.999994516 0.003096393 -0.001147514 0.613252401 -0.003094967 0.999994516 0.001241998 -0.921099544 0.001151353 -0.001238439 0.999998569 34.449771881
0.999994278 0.003037806 -0.001489928 0.616242349 -0.003036083 0.999994695 0.001156831 -0.926729262 0.001493434 -0.001152301 0.999998212 35.000492096
0.999995649 0.002704287 -0.001157513 0.634599626 -0.002703089 0.999995768 0.001035359 -0.936147809 0.001160308 -0.001032226 0.999998808 35.549686432
0.999994278 0.002880686 -0.001787612 0.626079321 -0.002878628 0.999995172 0.001153202 -0.955994844 0.001790926 -0.001148049 0.999997735 36.091976166
0.999993086 0.003156332 -0.001955838 0.635454118 -0.003153901 0.999994278 0.001245107 -0.972714186 0.001959758 -0.001238931 0.999997318 36.636932373
0.999992669 0.003306089 -0.001921501 0.639216840 -0.003303506 0.999993622 0.001345942 -0.984931231 0.001925940 -0.001339585 0.999997258 37.178947449
0.999991357 0.003838667 -0.001574438 0.646050990 -0.003837043 0.999992073 0.001033037 -0.999116361 0.001578390 -0.001026987 0.999998212 37.729255676
0.999992073 0.003362484 -0.002128871 0.651328504 -0.003360119 0.999993742 0.001113115 -1.011967301 0.002132601 -0.001105953 0.999997079 38.279003143
0.999991536 0.003401278 -0.002307444 0.655929625 -0.003399343 0.999993861 0.000841669 -1.022913456 0.002310294 -0.000833819 0.999996960 38.824962616
0.999991715 0.003389598 -0.002262348 0.669968426 -0.003387534 0.999993861 0.000915732 -1.042580128 0.002265438 -0.000908061 0.999997020 39.367019653
0.999993742 0.002705063 -0.002318731 0.681850553 -0.002702722 0.999995887 0.001012321 -1.056772709 0.002321460 -0.001006048 0.999996781 39.927371979
0.999992549 0.003330382 -0.001942839 0.691358685 -0.003329250 0.999994338 0.000585526 -1.071267366 0.001944778 -0.000579053 0.999997973 40.474029541
0.999993682 0.003255413 -0.001427918 0.672407866 -0.003253976 0.999994218 0.001007545 -1.076960564 0.001431191 -0.001002892 0.999998510 40.944038391
0.999992311 0.003560541 -0.001670179 0.680340767 -0.003559060 0.999993265 0.000888594 -1.070282459 0.001673332 -0.000882643 0.999998212 41.451755524
0.999987423 0.003391366 -0.003691553 0.743051171 -0.003386979 0.999993563 0.001194047 -1.123253226 0.003695579 -0.001181528 0.999992430 42.066017151
0.999992430 0.003114016 -0.002296671 0.663070738 -0.003110480 0.999993980 0.001541215 -1.131181240 0.002301456 -0.001534060 0.999996185 42.625316620
0.999991655 0.003237497 -0.002471162 0.669909716 -0.003233883 0.999993682 0.001465172 -1.142836809 0.002475890 -0.001457168 0.999995828 43.177803040
0.999989033 0.004171906 -0.002122653 0.678684711 -0.004167365 0.999989033 0.002138598 -1.163661718 0.002131552 -0.002129729 0.999995470 43.723388672
0.999991238 0.003440166 -0.002382545 0.693419635 -0.003437940 0.999993622 0.000937475 -1.168107629 0.002385756 -0.000929275 0.999996722 44.248882294
0.999984443 0.005340319 -0.001619074 0.674036741 -0.005338819 0.999985337 0.000928701 -1.183234096 0.001624009 -0.000920042 0.999998271 44.791343689
0.999992371 0.003898942 -0.000288460 0.607279599 -0.003898334 0.999990344 0.002079789 -1.191324234 0.000296566 -0.002078649 0.999997795 45.345256805
0.999994695 0.003173884 -0.000687499 0.624146223 -0.003172568 0.999993145 0.001907921 -1.204144716 0.000693549 -0.001905730 0.999997914 45.881565094
0.999996185 0.002564883 -0.001012943 0.639749169 -0.002563163 0.999995291 0.001695436 -1.217976093 0.001017286 -0.001692833 0.999998093 46.423290253
0.999993503 0.003385589 -0.001314017 0.683533609 -0.003381008 0.999988317 0.003473141 -1.270418167 0.001325760 -0.003468675 0.999993086 46.900756836
0.999994516 0.003240695 -0.000773338 0.687134743 -0.003237829 0.999988019 0.003678983 -1.297237992 0.000785252 -0.003676458 0.999992967 47.459510803
0.999992728 0.003663542 -0.001006808 0.672899783 -0.003660748 0.999989450 0.002762950 -1.280712128 0.001016920 -0.002759244 0.999995708 48.057727814
0.999997139 0.000612034 -0.002310649 0.633877933 -0.000606151 0.999996603 0.002545669 -1.286193728 0.002312202 -0.002544262 0.999994099 48.588172913
0.999996483 0.001314884 -0.002318013 0.650865853 -0.001308434 0.999995351 0.002782072 -1.312021613 0.002321661 -0.002779030 0.999993503 49.112209320
0.999996364 0.001596536 -0.002168746 0.661047339 -0.001590782 0.999995232 0.002652496 -1.321828008 0.002172972 -0.002649037 0.999994159 49.673980713
0.999997020 0.001301098 -0.002069518 0.670026064 -0.001294823 0.999994576 0.003030616 -1.339326024 0.002073451 -0.003027927 0.999993324 50.194515228
0.999958158 0.002549554 0.008787153 0.294479489 -0.002578014 0.999991596 0.003229025 -1.337865353 -0.008778845 -0.003251544 0.999956191 50.708072662
0.999941230 0.003674962 0.010198222 0.274474770 -0.003706462 0.999988437 0.003071591 -1.343325138 -0.010186817 -0.003109210 0.999943256 51.256179810
0.999940395 0.003562928 0.010320519 0.292754680 -0.003596765 0.999988198 0.003261901 -1.359958291 -0.010308775 -0.003298826 0.999941409 51.802104950
0.999945939 0.003216257 0.009886241 0.287550092 -0.003250213 0.999988973 0.003420476 -1.382811785 -0.009875129 -0.003452424 0.999945283 52.324180603
0.999940932 0.003448119 0.010314150 0.305324078 -0.003481888 0.999988616 0.003257852 -1.392889977 -0.010302799 -0.003293572 0.999941468 52.879222870
0.999922514 0.004820168 0.011487481 0.252278775 -0.004863120 0.999981284 0.003713888 -1.409443021 -0.011469366 -0.003769465 0.999927104 53.427272797
0.999918699 0.005056158 0.011710645 0.273367465 -0.005098457 0.999980628 0.003585062 -1.424595237 -0.011692291 -0.003644477 0.999925017 53.974262238
0.999915600 0.005096016 0.011947905 0.293078959 -0.005146713 0.999977887 0.004216257 -1.444195390 -0.011926155 -0.004277393 0.999919713 54.533390045
0.999866128 0.006920624 0.014826338 0.211181045 -0.006970602 0.999970198 0.003321812 -1.433022857 -0.014802907 -0.003424716 0.999884546 55.063671112
0.999858320 0.007104346 0.015266210 0.212855339 -0.007155580 0.999968886 0.003304034 -1.443566084 -0.015242266 -0.003412804 0.999877930 55.610767365
0.999853015 0.007378006 0.015470966 0.217314303 -0.007429041 0.999967158 0.003243856 -1.455844998 -0.015446524 -0.003358314 0.999875009 56.162437439
0.999859691 0.007130577 0.015157514 0.243577778 -0.007182906 0.999968350 0.003400735 -1.476254344 -0.015132787 -0.003509132 0.999879360 56.698547363
0.999861896 0.007154793 0.015000664 0.260897994 -0.007200804 0.999969542 0.003015576 -1.480347157 -0.014978631 -0.003123177 0.999882936 57.246982574
0.999863029 0.007493557 0.014756524 0.285793126 -0.007543817 0.999965906 0.003353249 -1.502608299 -0.014730893 -0.003464109 0.999885499 57.782241821
0.999876201 0.006999351 0.014090734 0.313593090 -0.007042724 0.999970555 0.003030908 -1.508789420 -0.014069105 -0.003129770 0.999896049 58.324356079
0.999888122 0.006214262 0.013607779 0.343452871 -0.006251787 0.999976754 0.002716898 -1.519644499 -0.013590580 -0.002801667 0.999903679 58.861221313
0.999881327 0.006625388 0.013905285 0.361112684 -0.006661840 0.999974430 0.002576765 -1.536475658 -0.013887857 -0.002669094 0.999899983 59.402107239
0.999897897 0.006234490 0.012855093 0.394487500 -0.006269558 0.999976754 0.002689478 -1.547509432 -0.012838026 -0.002769800 0.999913752 59.944004059
0.999892652 0.006343659 0.013205109 0.411423624 -0.006384780 0.999974966 0.003074245 -1.563546300 -0.013185275 -0.003158228 0.999908090 60.487228394
0.999889314 0.006402656 0.013428748 0.438402534 -0.006447715 0.999973714 0.003314851 -1.587369919 -0.013407170 -0.003401069 0.999904394 61.019168854
0.999881983 0.006379763 0.013977834 0.455339849 -0.006415989 0.999976218 0.002548394 -1.587778568 -0.013961242 -0.002637775 0.999899089 61.572338104
0.999918103 0.006658404 0.010924706 0.531194806 -0.006685225 0.999974728 0.002420413 -1.598486900 -0.010908313 -0.002493249 0.999937415 62.106327057
0.999920607 0.006882637 0.010559810 0.556335032 -0.006918835 0.999970376 0.003395169 -1.623616219 -0.010536129 -0.003467961 0.999938428 62.637580872
0.999924541 0.006765521 0.010256223 0.585411251 -0.006801453 0.999970853 0.003472601 -1.644749165 -0.010232429 -0.003542095 0.999941409 63.167179108
0.999932826 0.006605359 0.009516131 0.622668743 -0.006630658 0.999974549 0.002629469 -1.640754700 -0.009498519 -0.002692391 0.999951243 63.704174042
0.999925733 0.007135237 0.009883266 0.634322882 -0.007155744 0.999972343 0.002041175 -1.650542974 -0.009868427 -0.002111746 0.999949038 64.254875183
0.999932468 0.006904633 0.009349735 0.655744851 -0.006931870 0.999971807 0.002883971 -1.668162942 -0.009329559 -0.002948588 0.999952137 64.773124695
0.999921441 0.007295761 0.010193844 0.666771770 -0.007321994 0.999969959 0.002538437 -1.679358363 -0.010175020 -0.002612877 0.999944806 65.324806213
0.999919713 0.007255079 0.010389099 0.696500719 -0.007284892 0.999969423 0.002834743 -1.697619200 -0.010368215 -0.002910198 0.999942005 65.869598389
0.999911964 0.008078532 0.010529255 0.718105197 -0.008105768 0.999963939 0.002546529 -1.706196308 -0.010508304 -0.002631652 0.999941289 66.414741516
0.999935567 0.006856462 0.009048676 0.729980886 -0.006879076 0.999973297 0.002470345 -1.716662526 -0.009031497 -0.002532432 0.999955952 66.938926697
0.999935925 0.006630403 0.009181726 0.744358003 -0.006654147 0.999974549 0.002557802 -1.728773952 -0.009164535 -0.002618734 0.999954581 67.490821838
0.999934435 0.006884853 0.009142180 0.752520561 -0.006912953 0.999971449 0.003045585 -1.754775763 -0.009120948 -0.003108585 0.999953568 68.021186829
0.999928355 0.007133238 0.009604777 0.763185978 -0.007161791 0.999970019 0.002941656 -1.769451261 -0.009583505 -0.003010233 0.999949515 68.562103271
0.999923110 0.007181646 0.010109854 0.763912022 -0.007208569 0.999970555 0.002628929 -1.770540237 -0.010090677 -0.002701605 0.999945462 69.107162476
0.999930441 0.006914482 0.009568241 0.789957881 -0.006940140 0.999972403 0.002650958 -1.785454273 -0.009549646 -0.002717178 0.999950707 69.641487122
0.999923646 0.007302795 0.009972367 0.808502853 -0.007332258 0.999968827 0.002921171 -1.802796006 -0.009950723 -0.002994067 0.999946058 70.167846680
0.999922454 0.007396912 0.010022259 0.824165404 -0.007425948 0.999968290 0.002863030 -1.812159181 -0.010000763 -0.002937232 0.999945700 70.704818726
0.999915183 0.007055731 0.010955893 0.825227618 -0.007081448 0.999972284 0.002310253 -1.815350413 -0.010939287 -0.002387640 0.999937296 71.198638916
0.999922097 0.006541935 0.010624753 0.854691148 -0.006561366 0.999976814 0.001795027 -1.807598829 -0.010612762 -0.001864600 0.999941945 71.724617004
0.999933600 0.007257628 0.008943349 0.883695364 -0.007283478 0.999969363 0.002861284 -1.853624582 -0.008922308 -0.002926233 0.999955893 72.338722229
0.999935627 0.007167036 0.008792604 0.898989201 -0.007191020 0.999970496 0.002699111 -1.866483808 -0.008773001 -0.002762165 0.999957621 72.890174866
0.999932289 0.007021226 0.009281143 0.910543203 -0.007048610 0.999970853 0.002921116 -1.883595347 -0.009260362 -0.002986337 0.999952614 73.439643860
0.999937892 0.006317752 0.009181583 0.928175151 -0.006346757 0.999974966 0.003133290 -1.900816798 -0.009161557 -0.003191369 0.999952912 73.955215454
0.999945045 0.006671379 0.008079413 0.977860332 -0.006701536 0.999970675 0.003711258 -1.923997164 -0.008054416 -0.003765197 0.999960482 74.520401001
0.999940991 0.007092550 0.008239688 0.989440441 -0.007122354 0.999968171 0.003593308 -1.936759710 -0.008213942 -0.003651782 0.999959588 75.070175171
0.999932587 0.007382727 0.008955220 0.996607661 -0.007410864 0.999967813 0.003113072 -1.943132520 -0.008931946 -0.003179229 0.999955058 75.618484497
0.999934733 0.007130306 0.008924955 1.010716915 -0.007159370 0.999969184 0.003228856 -1.958027124 -0.008901655 -0.003292543 0.999954939 76.166732788
0.999930978 0.007319769 0.009191826 1.018843293 -0.007355712 0.999965429 0.003882462 -1.979044199 -0.009163090 -0.003949806 0.999950230 76.691017151
0.999930561 0.006780962 0.009641511 1.028165460 -0.006813711 0.999971092 0.003367772 -1.980544806 -0.009618397 -0.003433232 0.999947846 77.250801086
0.999935448 0.007224604 0.008769413 1.050538063 -0.007260419 0.999965370 0.004059277 -2.003288269 -0.008739783 -0.004122685 0.999953330 77.764411926
0.999932647 0.007315036 0.009012236 1.067315459 -0.007349113 0.999965966 0.003753964 -2.014870644 -0.008984469 -0.003819943 0.999952376 78.314605713
0.999932647 0.007566630 0.008799804 1.085050344 -0.007601254 0.999963403 0.003907827 -2.027835369 -0.008769914 -0.003974454 0.999953628 78.868904114
0.999931991 0.007708027 0.008753802 1.102594018 -0.007743395 0.999961972 0.004013507 -2.049117327 -0.008722533 -0.004081018 0.999953628 79.392272949
0.999942422 0.007086052 0.008059668 1.132714748 -0.007119806 0.999965966 0.004166904 -2.063584805 -0.008029866 -0.004224047 0.999958813 79.944671631
0.999932408 0.007497282 0.008876550 1.152138352 -0.007535420 0.999962449 0.004270885 -2.074710369 -0.008844196 -0.004337484 0.999951482 80.476264954
0.999922693 0.007370198 0.010014543 1.173309565 -0.007410572 0.999964654 0.004000608 -2.086213350 -0.009984704 -0.004074513 0.999941766 81.018699646
0.999909461 0.007654626 0.011060488 1.189669847 -0.007702436 0.999961138 0.004286524 -2.102180958 -0.011027246 -0.004371329 0.999929667 81.555709839
0.999875665 0.008196642 0.013472566 1.197574139 -0.008253414 0.999957263 0.004163792 -2.112002611 -0.013437863 -0.004274469 0.999900520 82.094184875
0.999835551 0.007785266 0.016378021 1.226456165 -0.007854608 0.999960423 0.004173797 -2.125893831 -0.016344879 -0.004301754 0.999857187 82.640068054
0.999769866 0.007855632 0.019963097 1.258735538 -0.007938856 0.999960124 0.004093026 -2.140558720 -0.019930148 -0.004250567 0.999792337 83.176689148
0.999698460 0.008148226 0.023166731 1.285115480 -0.008238750 0.999958754 0.003814752 -2.149248362 -0.023134692 -0.004004465 0.999724329 83.712081909
0.999575675 0.008337501 0.027908154 1.297132730 -0.008456289 0.999955595 0.004141121 -2.155454636 -0.027872389 -0.004375363 0.999601960 84.241355896
0.999385953 0.007209276 0.034287818 1.320137024 -0.007335261 0.999966800 0.003549983 -2.168314934 -0.034261085 -0.003799313 0.999405682 84.788726807
0.999143422 0.008101623 0.040581428 1.320906639 -0.008238811 0.999960899 0.003214478 -2.151997566 -0.040553801 -0.003546068 0.999171138 85.238922119
0.999105513 0.005691497 0.041902248 1.478514910 -0.005869351 0.999974251 0.004122707 -2.214725494 -0.041877698 -0.004364958 0.999113202 85.852325439
0.998720586 0.005953687 0.050218631 1.520857811 -0.006170551 0.999972284 0.004164454 -2.229903698 -0.050192438 -0.004469002 0.998729587 86.402641296
0.998176396 0.006670862 0.059995178 1.530257702 -0.006902447 0.999969482 0.003653616 -2.230692148 -0.059968978 -0.004061067 0.998191893 86.902648926
0.997867644 0.005417325 0.065045275 1.620882034 -0.005689043 0.999975860 0.003992886 -2.254777908 -0.065022081 -0.004354417 0.997874379 87.461822510
0.997106671 0.006238484 0.075758472 1.640903473 -0.006519632 0.999972761 0.003464355 -2.256649017 -0.075734787 -0.003948248 0.997120202 87.981628418
0.996186316 0.006151170 0.087034591 1.678676605 -0.006472123 0.999973238 0.003405942 -2.264050722 -0.087011307 -0.003956252 0.996199489 88.500358582
0.995640397 0.005651759 0.093102992 1.815318584 -0.006050286 0.999973595 0.003998784 -2.292280197 -0.093077935 -0.004544650 0.995648444 89.054618835
0.994609475 0.005875512 0.103526436 1.821872711 -0.006285457 0.999973595 0.003634014 -2.298457384 -0.103502370 -0.004265135 0.994620204 89.573776245
0.993429899 0.006054657 0.114281744 1.900805473 -0.006515481 0.999972105 0.003659243 -2.309865236 -0.114256419 -0.004379802 0.993441582 90.117988586
0.992189884 0.005667381 0.124607801 1.991216660 -0.006164070 0.999974430 0.003600828 -2.322272539 -0.124584220 -0.004340796 0.992199540 90.652641296
0.991028070 0.005154338 0.133554399 2.089128494 -0.005666538 0.999977946 0.003455323 -2.337771416 -0.133533671 -0.004181113 0.991035461 91.183273315
0.989540875 0.005017914 0.144165605 2.192277908 -0.005588920 0.999978065 0.003556059 -2.345519066 -0.144144610 -0.004324595 0.989547312 91.692481995
0.987716913 0.004581660 0.156186745 2.300852776 -0.005185435 0.999980569 0.003458494 -2.358288765 -0.156167835 -0.004225910 0.987721503 92.229660034
0.985956728 0.004178139 0.166948855 2.413817406 -0.004860615 0.999981344 0.003679534 -2.375242472 -0.166930348 -0.004439335 0.985958695 92.769760132
0.984112620 0.003884371 0.177503124 2.530277252 -0.004655025 0.999981463 0.003925392 -2.394689798 -0.177484572 -0.004689309 0.984112382 93.287811279
0.981687069 0.003285363 0.190472439 2.629026413 -0.004025786 0.999985695 0.003500485 -2.394440413 -0.190458238 -0.004203182 0.981686234 93.739753723
0.979255676 0.003402955 0.202599868 2.754659653 -0.004141905 0.999986231 0.003223475 -2.398753881 -0.202586114 -0.003995756 0.979256213 94.279891968
0.976950765 0.002324308 0.213452116 2.890707016 -0.003012525 0.999991238 0.002899014 -2.408921480 -0.213443503 -0.003475224 0.976949215 94.750160217
0.974224389 0.004184708 0.225542232 3.035865784 -0.005206665 0.999978781 0.003936476 -2.447719812 -0.225520954 -0.005009333 0.974225402 95.312667847
0.971032083 0.002926057 0.238931760 3.192882538 -0.003903223 0.999985814 0.003616675 -2.450407505 -0.238917828 -0.004444511 0.971029639 95.851112366
0.968122244 0.002527542 0.250465482 3.338705063 -0.003522137 0.999987602 0.003522838 -2.463435650 -0.250453472 -0.004292711 0.968119144 96.379371643
0.964838564 0.002220908 0.262833565 3.503479004 -0.003230862 0.999988973 0.003410438 -2.478382826 -0.262823075 -0.004139701 0.964835227 96.901374817
0.961018860 0.002273059 0.276473463 3.687181473 -0.003345253 0.999988675 0.003406540 -2.496749401 -0.276462555 -0.004198623 0.961015582 97.401412964
0.957342386 0.002389889 0.288946122 3.857931137 -0.003579836 0.999987185 0.003589841 -2.501510143 -0.288933814 -0.004471088 0.957338691 97.898200989
0.953811884 0.002390264 0.300395101 4.009187698 -0.003644964 0.999986827 0.003616494 -2.508909464 -0.300382525 -0.004544384 0.953808069 98.387924194
0.949390531 0.001591175 0.314094126 4.226079941 -0.002852529 0.999989629 0.003556276 -2.536879063 -0.314085186 -0.004272257 0.949385226 98.912673950
0.945247173 0.000889234 0.326354027 4.427284241 -0.002506015 0.999986529 0.004533667 -2.575345755 -0.326345652 -0.005103285 0.945236683 99.396392822
0.941670418 -0.000268098 0.336536288 4.685398102 -0.001267143 0.999989748 0.004342254 -2.590694666 -0.336533964 -0.004515412 0.941660523 99.867698669
0.937768340 0.000831223 0.347260386 4.852519989 -0.002199485 0.999991179 0.003546020 -2.594631672 -0.347254395 -0.004089139 0.937762082 100.422859192
0.932349980 0.001022626 0.361555487 5.058536530 -0.002665107 0.999988258 0.004044186 -2.608134508 -0.361547083 -0.004734181 0.932341874 100.904136658
0.926018178 -0.000114146 0.377478659 5.244575500 -0.001547856 0.999990404 0.004099538 -2.605406761 -0.377475441 -0.004380530 0.926009178 101.418640137
0.921336532 -0.001962084 0.388761222 5.405395508 0.000620776 0.999993384 0.003575787 -2.609986782 -0.388765633 -0.003053169 0.921331644 101.713218689
0.915194750 -0.000799678 0.403010875 5.700904846 -0.000878586 0.999991715 0.003979419 -2.631058455 -0.403010696 -0.003996024 0.915186465 102.366302490
0.909424722 -0.001332634 0.415866464 5.949874878 -0.000416756 0.999991536 0.004115818 -2.644192219 -0.415868402 -0.003916342 0.909416378 102.859252930
0.904320061 -0.001796259 0.426851392 6.200729370 0.000088956 0.999991953 0.004019664 -2.656489372 -0.426855177 -0.003597092 0.904312849 103.338928223
0.897759259 -0.002010486 0.440481871 6.459632874 0.000069974 0.999990165 0.004421626 -2.669100761 -0.440486431 -0.003938734 0.897750556 103.806884766
0.891008973 -0.002356183 0.453979641 6.666381836 0.000263186 0.999989033 0.004673461 -2.694063187 -0.453985691 -0.004044614 0.890999794 104.181587219
0.885230541 -0.002743825 0.465144515 6.922634125 0.000557660 0.999988139 0.004837496 -2.704281807 -0.465152353 -0.004022905 0.885221481 104.633255005
0.878942966 -0.003082744 0.476917028 7.157054901 0.001092184 0.999989450 0.004450972 -2.703995705 -0.476925701 -0.003391268 0.878937006 105.125015259
0.871418059 -0.003397470 0.490529358 7.482963562 0.001238095 0.999988019 0.004726592 -2.725340128 -0.490539581 -0.003511515 0.871411860 105.648735046
0.864577293 -0.003386079 0.502488554 7.786396027 0.001286254 0.999988973 0.004525428 -2.743343592 -0.502498329 -0.003266253 0.864572048 106.097938538
