1.000000000 0.000000000 0.000000000 0.000000000 0.000000000 1.000000000 0.000000000 0.000000000 0.000000000 0.000000000 1.000000000 0.000000000
1.000000000 0.000073079 -0.000026686 0.000186309 -0.000073075 1.000000000 0.000153398 -0.000637281 0.000026697 -0.000153396 1.000000000 0.000371064
1.000000000 0.000217938 -0.000084335 0.000818236 -0.000217922 0.999999940 0.000186157 -0.001079667 0.000084375 -0.000186138 1.000000000 -0.000796842
0.999999940 0.000268454 0.000023075 -0.000457492 -0.000268456 0.999999940 0.000066916 0.000081227 -0.000023057 -0.000066922 1.000000000 0.000561091
1.000000000 0.000061917 0.000048257 -0.001230248 -0.000061914 1.000000000 -0.000065051 0.001255698 -0.000048262 0.000065048 1.000000000 -0.000504122
1.000000000 0.000061882 0.000094949 -0.000887011 -0.000061888 1.000000000 0.000069324 -0.000616282 -0.000094945 -0.000069330 1.000000000 -0.000394721
1.000000000 -0.000011616 0.000023716 0.000823652 0.000011614 1.000000000 0.000093652 -0.000568744 -0.000023717 -0.000093652 1.000000000 -0.000569811
1.000000000 0.000047659 0.000067697 0.000296286 -0.000047668 1.000000000 0.000126124 -0.000210502 -0.000067691 -0.000126127 1.000000000 0.000686611
1.000000000 -0.000108161 0.000104322 0.000450306 0.000108155 1.000000000 0.000053446 -0.000408975 -0.000104328 -0.000053434 1.000000000 -0.001240525
1.000000000 -0.000065680 0.000006211 0.001109460 0.000065679 1.000000000 0.000084155 0.000286420 -0.000006216 -0.000084154 1.000000000 -0.000171335
1.000000000 0.000098726 -0.000017382 0.000384378 -0.000098725 1.000000000 0.000068946 -0.000257910 0.000017389 -0.000068944 1.000000000 -0.000851398
1.000000000 0.000136953 0.000009260 0.000352612 -0.000136953 1.000000000 -0.000044253 0.001470369 -0.000009266 0.000044252 1.000000000 0.001422703
1.000000000 -0.000177575 -0.000088540 0.000952292 0.000177582 1.000000000 0.000077439 0.000250825 0.000088526 -0.000077455 1.000000000 0.000602556
1.000000000 -0.000034898 -0.000002688 0.000826827 0.000034898 1.000000000 0.000113456 -0.000859736 0.000002684 -0.000113456 1.000000000 -0.000873366
1.000000000 -0.000071664 -0.000051403 0.001105184 0.000071667 1.000000000 0.000066085 0.000041989 0.000051398 -0.000066088 1.000000000 0.000290548
0.999999940 -0.000224557 -0.000150750 0.001341957 0.000224577 0.999999940 0.000129837 -0.000437980 0.000150721 -0.000129871 1.000000000 -0.000269206
1.000000000 0.000114837 0.000149950 -0.000866428 -0.000114858 1.000000000 0.000139035 -0.000500642 -0.000149934 -0.000139052 1.000000000 -0.000250961
1.000000000 -0.000054960 -0.000034444 0.000363850 0.000054961 1.000000000 0.000047293 0.000073556 0.000034441 -0.000047295 1.000000000 -0.000488332
1.000000000 -0.000083728 0.000052671 0.000540113 0.000083724 1.000000000 0.000081507 -0.000486307 -0.000052678 -0.000081503 1.000000000 0.000351968
1.000000000 -0.000020621 -0.000041699 0.000859718 0.000020626 1.000000000 0.000122240 -0.000664644 0.000041696 -0.000122241 1.000000000 -0.000846067
0.999999940 0.000260598 0.000073091 -0.000635712 -0.000260595 0.999999940 -0.000037231 -0.000022370 -0.000073100 0.000037212 1.000000000 -0.000836427
1.000000000 0.000133321 -0.000007090 0.000354969 -0.000133321 1.000000000 0.000117758 -0.000259163 0.000007106 -0.000117757 1.000000000 -0.000577418
1.000000000 -0.000150880 0.000037245 0.001136631 0.000150875 1.000000000 0.000127710 -0.000580931 -0.000037264 -0.000127704 1.000000000 0.000394167
0.999999940 0.000267567 0.000055222 -0.000073218 -0.000267580 0.999999940 0.000234573 -0.000522363 -0.000055159 -0.000234588 1.000000000 0.000524475
1.000000000 0.000153288 -0.000025167 0.000854026 -0.000153290 1.000000000 -0.000079043 0.000740679 0.000025155 0.000079047 1.000000000 -0.001050490
1.000000000 0.000166165 -0.000010677 0.000694650 -0.000166167 1.000000000 -0.000158607 0.001782026 0.000010651 0.000158609 1.000000000 -0.001295431
1.000000000 0.000176889 -0.000031561 0.000209399 -0.000176888 1.000000000 0.000027732 -0.000129630 0.000031566 -0.000027726 1.000000000 -0.000817145
1.000000000 0.000193122 0.000099656 -0.000335725 -0.000193145 0.999999940 0.000230053 -0.000146162 -0.000099612 -0.000230072 0.999999940 0.001550810
1.000000000 -0.000090227 -0.000064081 0.000425273 0.000090240 1.000000000 0.000202740 -0.000231256 0.000064063 -0.000202746 1.000000000 0.000721586
1.000000000 -0.000010739 -0.000018530 0.000464011 0.000010742 1.000000000 0.000125128 0.000157339 0.000018529 -0.000125128 1.000000000 0.001190212
1.000000000 0.000115415 0.000028330 -0.000165364 -0.000115422 0.999999940 0.000250321 -0.001315248 -0.000028301 -0.000250325 0.999999940 -0.000029963
1.000000000 -0.000055845 -0.000046556 0.000440789 0.000055847 1.000000000 0.000052995 0.000438741 0.000046553 -0.000052998 1.000000000 -0.000071252
1.000000000 -0.000093269 -0.000044633 0.000596961 0.000093272 1.000000000 0.000065776 -0.000182572 0.000044627 -0.000065780 1.000000000 -0.000198643
1.000000000 -0.000150905 -0.000101826 0.002025102 0.000150915 1.000000000 0.000101147 -0.000710804 0.000101811 -0.000101162 1.000000000 -0.000419379
1.000000000 0.000129404 0.000067038 -0.000715152 -0.000129413 1.000000000 0.000139784 -0.000596279 -0.000067020 -0.000139792 1.000000000 -0.000116459
1.000000000 0.000182763 0.000002931 -0.000677883 -0.000182763 1.000000000 0.000122678 -0.000007991 -0.000002909 -0.000122679 1.000000000 0.001911394
1.000000000 -0.000095019 -0.000081216 0.001205446 0.000095026 1.000000000 0.000081143 0.000454268 0.000081209 -0.000081151 1.000000000 0.002283007
1.000000000 0.000078845 0.000042229 -0.000255987 -0.000078855 0.999999940 0.000233568 -0.000640584 -0.000042211 -0.000233571 1.000000000 0.000379632
1.000000000 -0.000093323 0.000031471 0.000800700 0.000093321 1.000000000 0.000064019 0.000423339 -0.000031477 -0.000064016 1.000000000 -0.000606237
1.000000000 -0.000074959 0.000122376 0.000191016 0.000074961 1.000000000 -0.000018690 0.000428037 -0.000122375 0.000018699 1.000000000 0.001984525
1.000000000 -0.000114636 0.000105261 -0.000193066 0.000114688 0.999999881 -0.000496244 -0.001860483 -0.000105204 0.000496256 0.999999881 0.051716037
1.000000000 -0.000077845 -0.000075762 0.001547887 0.000077760 0.999999344 -0.001129996 -0.004297063 0.000075850 0.001129990 0.999999344 0.138652682
0.999999940 0.000324689 -0.000095339 0.002620985 -0.000324828 0.999998868 -0.001460438 -0.007367733 0.000094864 0.001460468 0.999998927 0.252567679
0.999999583 -0.000442519 0.000720083 -0.008188249 0.000443238 0.999999404 -0.000998938 -0.016952880 -0.000719640 0.000999256 0.999999225 0.381034106
0.999999642 -0.000310797 0.000712427 -0.005009017 0.000311617 0.999999225 -0.001151229 -0.021276036 -0.000712068 0.001151451 0.999999046 0.518704832
0.999999642 0.000001287 0.000913224 -0.004105822 -0.000000315 0.999999404 -0.001064874 -0.025546752 -0.000913225 0.001064873 0.999999046 0.673021317
0.999999464 -0.000176101 0.001089738 0.000159029 0.000176872 0.999999762 -0.000707472 -0.028875250 -0.001089613 0.000707664 0.999999106 0.839438260
0.999999762 0.000702789 -0.000142166 0.023875671 -0.000702922 0.999999285 -0.000940047 -0.026519585 0.000141505 0.000940146 0.999999523 1.000111222
0.999999285 0.000888176 0.000735692 0.010671884 -0.000887501 0.999999166 -0.000917325 -0.044288222 -0.000736506 0.000916671 0.999999225 1.204229355
0.999999344 0.000659673 0.000912910 0.013746416 -0.000658997 0.999999523 -0.000740089 -0.049132187 -0.000913398 0.000739487 0.999999344 1.392823219
0.999998868 0.001258234 0.000822743 0.016512940 -0.001257634 0.999998927 -0.000729134 -0.053633623 -0.000823659 0.000728098 0.999999404 1.580483913
0.999999523 0.000967727 0.000242439 0.037936576 -0.000967677 0.999999523 -0.000205522 -0.053267796 -0.000242637 0.000205287 0.999999940 1.784231305
0.999999642 -0.000747751 -0.000415464 0.044561401 0.000747748 0.999999642 -0.000008114 -0.064987265 0.000415470 0.000007803 0.999999881 1.986770988
0.999999821 0.000045734 0.000559792 0.037140559 -0.000045768 1.000000000 0.000061024 -0.076827712 -0.000559789 -0.000061049 0.999999821 2.181799889
0.999999523 0.000612220 0.000738571 0.041367210 -0.000612109 0.999999821 -0.000150938 -0.080212682 -0.000738664 0.000150486 0.999999702 2.397797823
0.999999523 -0.000980470 0.000004824 0.053673141 0.000980467 0.999999344 0.000456547 -0.097650491 -0.000005272 -0.000456542 0.999999881 2.624138832
0.999999881 -0.000616106 0.000028078 0.058086824 0.000616092 0.999999702 0.000481460 -0.102926396 -0.000028374 -0.000481442 0.999999881 2.856856823
0.999999702 0.000758771 0.000268922 0.064637519 -0.000758821 0.999999642 0.000184484 -0.097925432 -0.000268782 -0.000184688 0.999999940 3.095391035
0.999999821 0.000480690 0.000326109 0.066027187 -0.000480769 0.999999881 0.000243861 -0.103647076 -0.000325992 -0.000244018 0.999999940 3.341059446
0.999999881 -0.000464357 0.000150514 0.076029733 0.000464312 0.999999821 0.000295526 -0.107223652 -0.000150652 -0.000295456 0.999999940 3.568730354
0.999999762 -0.000723242 -0.000244159 0.081321999 0.000723350 0.999999642 0.000442187 -0.115022622 0.000243839 -0.000442363 0.999999881 3.818614721
0.999999702 -0.000229432 0.000608818 0.073343880 0.000229397 0.999999940 0.000057443 -0.113881618 -0.000608831 -0.000057303 0.999999821 4.111637115
0.999999583 0.000883250 0.000042737 0.081403367 -0.000883286 0.999999225 0.000846168 -0.137241155 -0.000041990 -0.000846206 0.999999583 4.356622219
0.999999762 0.000624073 0.000083512 0.088607013 -0.000624115 0.999999702 0.000504203 -0.142022148 -0.000083197 -0.000504255 0.999999881 4.613587856
0.999999583 0.000828672 0.000587599 0.094191067 -0.000829064 0.999999404 0.000668391 -0.154618189 -0.000587045 -0.000668878 0.999999583 4.879279613
0.999999404 0.000866601 0.000618115 0.103066362 -0.000867101 0.999999166 0.000808386 -0.162064016 -0.000617415 -0.000808921 0.999999464 5.138324738
0.999999881 0.000008666 0.000509922 0.105890229 -0.000009242 0.999999344 0.001130288 -0.177436441 -0.000509912 -0.001130293 0.999999225 5.392089367
0.999999285 0.000877493 0.000951296 0.110602342 -0.000879086 0.999998212 0.001675202 -0.187730506 -0.000949824 -0.001676037 0.999998152 5.634645939
0.999999404 0.000624529 0.000970244 0.114866138 -0.000626851 0.999996960 0.002394055 -0.199809149 -0.000968746 -0.002394662 0.999996662 5.900519848
0.999999523 0.000426040 0.000798422 0.120381378 -0.000427135 0.999998927 0.001371424 -0.198326975 -0.000797837 -0.001371764 0.999998748 6.210820198
0.999999642 0.000386673 0.000638269 0.125092447 -0.000387411 0.999999285 0.001156695 -0.202553272 -0.000637821 -0.001156942 0.999999166 6.495148182
0.999998271 0.001494725 0.001108144 0.125370443 -0.001496063 0.999998152 0.001206862 -0.211795062 -0.001106338 -0.001208517 0.999998629 6.768842220
0.999998033 0.001441166 0.001375021 0.131267205 -0.001443219 0.999997795 0.001493766 -0.220606267 -0.001372865 -0.001495747 0.999997854 7.067706585
0.999999523 0.000218532 0.000943525 0.145881668 -0.000219978 0.999998808 0.001532971 -0.228962958 -0.000943189 -0.001533178 0.999998391 7.376194477
0.999997795 0.001294890 0.001652265 0.145569235 -0.001297296 0.999998093 0.001455746 -0.239462733 -0.001650376 -0.001457886 0.999997556 7.668789387
0.999997973 0.001110500 0.001677008 0.155446887 -0.001114144 0.999996960 0.002173522 -0.262881935 -0.001674589 -0.002175386 0.999996185 7.980139256
0.999997377 0.001120999 0.001981853 0.158551753 -0.001124136 0.999998093 0.001582161 -0.254345417 -0.001980076 -0.001584385 0.999996781 8.309754372
0.999998033 0.000825500 0.001806162 0.166537240 -0.000827925 0.999998689 0.001342179 -0.264594227 -0.001805052 -0.001343672 0.999997437 8.623035431
0.999997139 0.000703122 0.002297986 0.167058408 -0.000707266 0.999998093 0.001803057 -0.277070224 -0.002296714 -0.001804677 0.999995649 8.957727432
0.999996424 0.001665598 0.002104000 0.180722952 -0.001668996 0.999997318 0.001614114 -0.285677373 -0.002101306 -0.001617619 0.999996483 9.304277420
0.999996662 0.001126548 0.002337965 0.183862954 -0.001129767 0.999998391 0.001375862 -0.290094703 -0.002336411 -0.001378499 0.999996305 9.652605057
0.999996185 0.001362439 0.002378479 0.191950172 -0.001366257 0.999997795 0.001604449 -0.301052660 -0.002376287 -0.001607692 0.999995887 9.998311996
0.999996245 0.001452063 0.002306372 0.204870716 -0.001456044 0.999997437 0.001725681 -0.314112037 -0.002303861 -0.001729032 0.999995828 10.354295731
0.999996603 0.001266838 0.002265523 0.210525259 -0.001271611 0.999996901 0.002106538 -0.328794032 -0.002262847 -0.002109412 0.999995172 10.719185829
0.999996841 0.001299945 0.002163568 0.220102623 -0.001303303 0.999998093 0.001551155 -0.330031335 -0.002161547 -0.001553970 0.999996483 11.093873024
0.999996364 0.001286011 0.002432148 0.230002135 -0.001289963 0.999997854 0.001623728 -0.346480221 -0.002430055 -0.001626859 0.999995708 11.462102890
0.999996901 0.001083370 0.002252698 0.240517795 -0.001087328 0.999997854 0.001756603 -0.349939644 -0.002250790 -0.001759047 0.999995947 11.838055611
0.999997318 0.000834426 0.002154302 0.249616385 -0.000838551 0.999997795 0.001914775 -0.363513768 -0.002152700 -0.001916576 0.999995828 12.227725029
0.999997854 0.000454287 0.002027091 0.260334581 -0.000457301 0.999998808 0.001486410 -0.372365803 -0.002026413 -0.001487334 0.999996841 12.616641998
0.999996603 0.000995694 0.002413255 0.263808429 -0.001001323 0.999996722 0.002332265 -0.392064333 -0.002410925 -0.002334673 0.999994397 12.998280525
0.999994218 0.001998775 0.002747110 0.268801570 -0.002004197 0.999996006 0.001972165 -0.397681326 -0.002743158 -0.001977660 0.999994278 13.401850700
0.999995828 0.001396791 0.002527273 0.279911101 -0.001401905 0.999996901 0.002023004 -0.406182110 -0.002524440 -0.002026539 0.999994755 13.813244820
0.999995947 0.000852143 0.002722701 0.289950490 -0.000857382 0.999997795 0.001923750 -0.413781136 -0.002721055 -0.001926076 0.999994457 14.238554001
0.999993980 0.001492381 0.003140277 0.296556711 -0.001497638 0.999997437 0.001672475 -0.423471689 -0.003137773 -0.001677168 0.999993682 14.653422356
0.999993324 0.001206912 0.003435272 0.308501780 -0.001214109 0.999997020 0.002093656 -0.439211339 -0.003432735 -0.002097813 0.999991894 15.086735725
0.999993742 0.001105529 0.003400303 0.323284715 -0.001112403 0.999997318 0.002020203 -0.447099477 -0.003398061 -0.002023972 0.999992192 15.512166977
0.999992549 0.001346032 0.003619992 0.337799191 -0.001352920 0.999997377 0.001901229 -0.458848566 -0.003617424 -0.001906113 0.999991655 15.956661224
0.999992967 0.000068922 0.003753000 0.347846270 -0.000078036 0.999997020 0.002428385 -0.474539727 -0.003752821 -0.002428661 0.999989986 16.393484116
0.999990821 0.000995950 0.004172169 0.352969617 -0.001003015 0.999998093 0.001691446 -0.481489003 -0.004170477 -0.001695615 0.999989867 16.838979721
0.999989092 0.001242373 0.004506513 0.371471733 -0.001249865 0.999997854 0.001659866 -0.491814554 -0.004504442 -0.001665481 0.999988496 17.282888412
0.999985814 0.001389988 0.005144428 0.375522316 -0.001400030 0.999997139 0.001948964 -0.506505430 -0.005141704 -0.001956138 0.999984860 17.749933243
0.999984503 0.001271366 0.005429748 0.389183968 -0.001285115 0.999996006 0.002529360 -0.524104178 -0.005426512 -0.002536298 0.999982059 18.221630096
0.999985337 0.000853493 0.005349579 0.401142478 -0.000867011 0.999996364 0.002525028 -0.540434897 -0.005347405 -0.002529629 0.999982476 18.677082062
0.999982417 0.001453503 0.005756011 0.413285911 -0.001469256 0.999995053 0.002733545 -0.555068433 -0.005752010 -0.002741953 0.999979675 19.149124146
0.999978602 0.001211953 0.006417368 0.410199761 -0.001226143 0.999996841 0.002207745 -0.567151487 -0.006414671 -0.002215566 0.999976933 19.634477615
0.999983728 0.001094422 0.005598197 0.431001902 -0.001109109 0.999995947 0.002621136 -0.581260800 -0.005595306 -0.002627302 0.999980807 20.117780685
0.999983490 0.001534670 0.005539300 0.448678732 -0.001547591 0.999996066 0.002329092 -0.592156589 -0.005535705 -0.002337626 0.999981940 20.608995438
0.999985814 0.001167849 0.005193493 0.470049739 -0.001181045 0.999996066 0.002538476 -0.608565688 -0.005190508 -0.002544574 0.999983311 21.093769073
0.999988019 0.000907832 0.004793454 0.473917723 -0.000921552 0.999995410 0.002860717 -0.618270040 -0.004790835 -0.002865100 0.999984443 21.616907120
0.999989331 0.001304171 0.004422660 0.482581824 -0.001315832 0.999995589 0.002634792 -0.632144332 -0.004419205 -0.002640583 0.999986768 22.125694275
0.999990821 0.001373821 0.004042246 0.498527259 -0.001384885 0.999995291 0.002735451 -0.642541766 -0.004038468 -0.002741024 0.999988079 22.646156311
0.999993205 0.001293059 0.003444104 0.509566545 -0.001301074 0.999996364 0.002325925 -0.659637511 -0.003441083 -0.002330390 0.999991357 23.158226013
0.999995172 0.001562496 0.002682147 0.523254871 -0.001568992 0.999995768 0.002421866 -0.671068013 -0.002678352 -0.002426062 0.999993443 23.674705505
0.999998271 0.000451455 0.001801240 0.540505886 -0.000455417 0.999997497 0.002199539 -0.688144922 -0.001800242 -0.002200355 0.999995947 24.201635361
0.999998093 0.001525999 0.001334219 0.549516261 -0.001529540 0.999995291 0.002656901 -0.703389347 -0.001330158 -0.002658937 0.999995589 24.724164963
0.999996245 0.002588872 0.000825197 0.560246706 -0.002591192 0.999992669 0.002821871 -0.716026962 -0.000817886 -0.002823999 0.999995589 25.277647018
0.999998093 0.001951733 0.000218554 0.570954263 -0.001952264 0.999995053 0.002454009 -0.724082589 -0.000213764 -0.002454431 0.999996960 25.827922821
0.999996483 0.002641026 0.000291532 0.574776530 -0.002641663 0.999994099 0.002206348 -0.736890316 -0.000285703 -0.002207111 0.999997497 26.364627838
0.999998212 0.001818522 -0.000487239 0.582907915 -0.001816837 0.999992430 0.003434960 -0.754428804 0.000493482 -0.003434068 0.999993920 26.913572311
0.999998689 0.001357462 -0.000939299 0.604532599 -0.001353395 0.999989867 0.004316021 -0.779247403 0.000945148 -0.004314743 0.999990225 27.440786362
0.999995589 0.002948581 0.000376732 0.597446144 -0.002949630 0.999991834 0.002815879 -0.788119555 -0.000368426 -0.002816978 0.999995947 27.975526810
0.999995828 0.002875904 -0.000195959 0.607054353 -0.002875275 0.999990940 0.003140534 -0.801116407 0.000204989 -0.003139957 0.999994993 28.523853302
0.999995232 0.003100515 -0.000362083 0.610754788 -0.003099438 0.999990821 0.002939513 -0.812592447 0.000371194 -0.002938377 0.999995530 29.074695587
0.999992430 0.003886946 -0.000168135 0.627317131 -0.003886422 0.999987900 0.003015922 -0.831248641 0.000179856 -0.003015246 0.999995410 29.609172821
0.999993682 0.003519233 -0.000681854 0.627877772 -0.003517276 0.999989748 0.002850847 -0.841315746 0.000691880 -0.002848430 0.999995708 30.168788910
0.999990702 0.004144686 -0.001174274 0.652227223 -0.004141425 0.999987602 0.002766498 -0.859558523 0.001185725 -0.002761609 0.999995470 30.706699371
0.999992013 0.003710458 -0.001481559 0.657777250 -0.003705632 0.999987841 0.003247160 -0.873642266 0.001493589 -0.003241644 0.999993622 31.234331131
0.999992192 0.003719884 -0.001343632 0.665144265 -0.003715391 0.999987543 0.003331040 -0.889957786 0.001356006 -0.003326022 0.999993503 31.771987915
0.999994993 0.002840092 -0.001380392 0.663959801 -0.002836879 0.999993265 0.002324101 -0.894414067 0.001386983 -0.002320173 0.999996364 32.336025238
0.999991834 0.003790610 -0.001392872 0.671861231 -0.003786728 0.999989092 0.002778760 -0.911867201 0.001403390 -0.002773463 0.999995172 32.865570068
0.999990046 0.004289569 -0.001152953 0.675494611 -0.004286848 0.999988019 0.002351867 -0.919149697 0.001163028 -0.002346902 0.999996543 33.423435211
0.999990523 0.003943797 -0.001855899 0.697642088 -0.003938975 0.999988854 0.002594692 -0.942576647 0.001866112 -0.002587358 0.999994934 33.956081390
0.999990404 0.004023241 -0.001697096 0.700045705 -0.004018758 0.999988437 0.002636006 -0.958114743 0.001707682 -0.002629161 0.999995053 34.475711823
0.999989390 0.003963154 -0.002350200 0.718190193 -0.003956500 0.999988198 0.002829622 -0.977224469 0.002361386 -0.002820294 0.999993205 35.018054962
0.999991179 0.003266378 -0.002633697 0.728873372 -0.003259894 0.999991655 0.002462192 -0.984380245 0.002641718 -0.002453585 0.999993503 35.563560486
0.999989510 0.003212278 -0.003274061 0.740607321 -0.003205239 0.999992669 0.002152954 -1.002196193 0.003280952 -0.002142438 0.999992251 36.119731903
0.999990582 0.003258501 -0.002856674 0.741328716 -0.003252403 0.999992430 0.002136642 -1.014371872 0.002863614 -0.002127331 0.999993622 36.672325134
0.999989986 0.002555174 -0.003667092 0.760286152 -0.002546041 0.999993622 0.002492795 -1.031115174 0.003673438 -0.002483434 0.999990106 37.215591431
0.999985754 0.003787241 -0.003748065 0.769586563 -0.003777482 0.999989390 0.002607540 -1.051736355 0.003757901 -0.002593345 0.999989510 37.760662079
0.999988914 0.002243174 -0.004164138 0.776681364 -0.002229663 0.999992192 0.003246492 -1.076185107 0.004171388 -0.003237171 0.999986053 38.280338287
0.999986947 0.002154041 -0.004617516 0.787483811 -0.002138342 0.999991894 0.003402150 -1.093311906 0.004624807 -0.003392232 0.999983549 38.833179474
0.999986768 0.003407603 -0.003859490 0.788441896 -0.003395841 0.999989569 0.003049978 -1.106400490 0.003869843 -0.003036831 0.999987900 39.376884460
0.999987781 0.002612127 -0.004184154 0.804368019 -0.002596982 0.999990046 0.003621225 -1.124621272 0.004193571 -0.003610316 0.999984682 39.912250519
0.999986768 0.003108381 -0.004079639 0.815612257 -0.003097528 0.999991655 0.002664054 -1.125973105 0.004087885 -0.002651383 0.999988079 40.472377777
0.999984503 0.002727202 -0.004855965 0.832493544 -0.002712296 0.999991715 0.003073575 -1.145094037 0.004864306 -0.003060356 0.999983490 41.008209229
0.999985814 0.002924878 -0.004440533 0.830496490 -0.002908494 0.999988973 0.003691592 -1.162784815 0.004451282 -0.003678624 0.999983311 41.544136047
0.999985158 0.002095060 -0.005032853 0.837846875 -0.002084836 0.999995768 0.002036003 -1.167205334 0.005037098 -0.002025481 0.999985278 42.093090057
0.999982238 0.002955548 -0.005173484 0.859264493 -0.002943513 0.999992907 0.002332480 -1.185734630 0.005180341 -0.002317210 0.999983907 42.603549957
0.999982059 0.003561590 -0.004810905 0.862132430 -0.003549520 0.999990523 0.002515179 -1.196819782 0.004819818 -0.002498058 0.999985278 43.159069061
0.999980807 0.003386354 -0.005190371 0.869090259 -0.003373001 0.999991119 0.002578985 -1.212417960 0.005199058 -0.002561429 0.999983191 43.695587158
0.999985278 0.003136834 -0.004429619 0.863603830 -0.003125641 0.999991894 0.002531545 -1.220920563 0.004437523 -0.002517662 0.999987006 44.216094971
0.999980271 0.003603102 -0.005144777 0.879979372 -0.003588586 0.999989569 0.002828064 -1.240828276 0.005154913 -0.002809546 0.999982715 44.763942719
0.999986112 0.003017742 -0.004304012 0.880584836 -0.003006267 0.999991894 0.002670074 -1.252392173 0.004312036 -0.002657098 0.999987185 45.314643860
0.999983490 0.003366291 -0.004651209 0.898109555 -0.003353610 0.999990642 0.002731336 -1.265706658 0.004660360 -0.002715693 0.999985456 45.873931885
0.999983728 0.003057412 -0.004807623 0.907596111 -0.003045311 0.999992132 0.002522348 -1.279993892 0.004815297 -0.002507667 0.999985218 46.415874481
0.999983072 0.003532062 -0.004621931 0.914605141 -0.003520416 0.999990642 0.002525516 -1.291101098 0.004630808 -0.002509202 0.999986053 46.982334137
0.999984920 0.003550796 -0.004180069 0.912272692 -0.003539304 0.999990046 0.002753387 -1.306950688 0.004189803 -0.002738551 0.999987483 47.534076691
0.999982715 0.003336323 -0.004823866 0.926280022 -0.003325184 0.999991775 0.002315411 -1.315436602 0.004831552 -0.002299331 0.999985635 48.084270477
0.999983311 0.003705290 -0.004453434 0.938089550 -0.003693438 0.999989629 0.002666622 -1.333830476 0.004463270 -0.002650128 0.999986470 48.622692108
0.999983728 0.003398910 -0.004576784 0.947290301 -0.003389937 0.999992311 0.001966891 -1.338175893 0.004583436 -0.001951344 0.999987602 49.184230804
0.999980986 0.003436941 -0.005114364 0.960973620 -0.003424872 0.999991357 0.002366860 -1.359349251 0.005122455 -0.002349299 0.999984145 49.725914001
0.999982297 0.003476860 -0.004823933 0.960284472 -0.003465804 0.999991298 0.002298407 -1.368893266 0.004831883 -0.002281648 0.999985695 50.282001495
0.999981165 0.003469254 -0.005046413 0.974865675 -0.003457801 0.999991417 0.002276503 -1.385550141 0.005054267 -0.002259011 0.999984682 50.819381714
0.999983847 0.003540671 -0.004440067 0.979045749 -0.003530003 0.999990880 0.002408304 -1.400009632 0.004448554 -0.002392591 0.999987185 51.365993500
0.999983013 0.003786882 -0.004427832 0.985572755 -0.003778763 0.999991119 0.001840568 -1.408352137 0.004434762 -0.001823805 0.999988496 51.916290283
0.999985397 0.003835670 -0.003814408 0.990620255 -0.003830584 0.999991775 0.001339934 -1.420761943 0.003819517 -0.001325303 0.999991775 52.469665527
0.999982774 0.004484354 -0.003781692 0.997394204 -0.004479385 0.999989092 0.001321018 -1.436257243 0.003787575 -0.001304056 0.999991953 53.007114410
0.999982536 0.005029838 -0.003111661 0.996824026 -0.005024502 0.999985874 0.001720286 -1.456789494 0.003120270 -0.001704621 0.999993682 53.556327820
0.999980211 0.005375811 -0.003268728 1.010706663 -0.005371797 0.999984741 0.001235702 -1.464822292 0.003275321 -0.001218118 0.999993920 54.099815369
0.999984801 0.004781855 -0.002744184 0.997325897 -0.004778901 0.999988139 0.001082108 -1.472756505 0.002749326 -0.001068978 0.999995649 54.599575043
0.999984920 0.004683754 -0.002872731 1.020921826 -0.004681429 0.999988735 0.000815708 -1.488674760 0.002876519 -0.000802247 0.999995530 55.191562653
0.999984145 0.004878749 -0.002794683 1.039522529 -0.004876269 0.999987721 0.000892677 -1.496946931 0.002799003 -0.000879035 0.999995708 55.741718292
0.999984860 0.004306899 -0.003399952 1.029952288 -0.004307154 0.999990702 -0.000067603 -1.492176771 0.003399629 0.000082246 0.999994218 56.240032196
0.999982834 0.005209159 -0.002660944 1.026426435 -0.005209195 0.999986410 -0.000007031 -1.508736849 0.002660871 0.000020892 0.999996483 56.783107758
0.999983490 0.004868781 -0.003048853 1.059658885 -0.004867042 0.999987960 0.000577454 -1.541254163 0.003051628 -0.000562606 0.999995112 57.382137299
0.999983788 0.004850901 -0.002984364 1.073293090 -0.004849304 0.999988079 0.000542499 -1.557246327 0.002986960 -0.000528018 0.999995410 57.927143097
0.999982953 0.005158253 -0.002725505 1.061509609 -0.005158611 0.999986708 -0.000123756 -1.561157227 0.002724830 0.000137814 0.999996305 58.419132233
0.999982595 0.005168423 -0.002838713 1.062365174 -0.005169019 0.999986649 -0.000202457 -1.570073605 0.002837628 0.000217127 0.999995947 58.961059570
0.999982953 0.004937608 -0.003115896 1.080903172 -0.004937849 0.999987721 -0.000069749 -1.594928503 0.003115513 0.000085134 0.999995172 59.504116058
0.999979973 0.005038952 -0.003826208 1.101809382 -0.005040737 0.999987185 -0.000456779 -1.601590395 0.003823857 0.000476057 0.999992549 60.046062469
0.999979675 0.004640392 -0.004373701 1.125205278 -0.004640910 0.999989152 -0.000108180 -1.618317246 0.004373152 0.000128476 0.999990344 60.581748962
0.999978125 0.004848482 -0.004502997 1.153677940 -0.004857292 0.999986291 -0.001947451 -1.598048449 0.004493494 0.001969281 0.999987900 61.194793701
0.999977529 0.006643882 -0.000904439 1.052906156 -0.006640470 0.999971032 0.003726369 -1.738590240 0.000929170 -0.003720279 0.999992669 61.675651550
0.999978542 0.006204541 -0.002063159 1.097218513 -0.006201947 0.999979913 0.001262259 -1.703606367 0.002070950 -0.001249436 0.999997079 62.250694275
0.999978840 0.005965896 -0.002597826 1.123399019 -0.005964099 0.999981999 0.000699266 -1.710214138 0.002601950 -0.000683757 0.999996305 62.788566589
0.999976933 0.006291790 -0.002568245 1.133356333 -0.006290376 0.999980032 0.000558262 -1.721568584 0.002571706 -0.000542094 0.999996483 63.334407806
0.999973357 0.006327774 -0.003638412 1.162864208 -0.006326997 0.999979973 0.000225198 -1.730798244 0.003639764 -0.000202172 0.999993384 63.908760071
0.999979854 0.005524656 -0.003124365 1.176439047 -0.005523197 0.999984562 0.000475476 -1.752650380 0.003126944 -0.000458210 0.999994993 64.454856873
0.999975920 0.005812837 -0.003794060 1.189317703 -0.005811401 0.999983013 0.000389283 -1.757953167 0.003796259 -0.000367225 0.999992728 64.987823486
0.999976635 0.005554970 -0.003989412 1.205426693 -0.005554123 0.999984562 0.000223334 -1.771199226 0.003990592 -0.000201171 0.999992013 65.538055420
0.999975741 0.005957808 -0.003612496 1.202570796 -0.005954325 0.999981821 0.000974435 -1.796688676 0.003618236 -0.000952901 0.999993026 66.068008423
0.999978483 0.005189617 -0.003994435 1.214586735 -0.005189704 0.999986470 -0.000011116 -1.803592086 0.003994323 0.000031845 0.999992013 66.636245728
0.999975979 0.005724131 -0.003913649 1.226459026 -0.005722079 0.999983490 0.000535299 -1.825731874 0.003916649 -0.000512892 0.999992192 67.176506042
0.999978125 0.005612841 -0.003499500 1.228361607 -0.005611439 0.999984086 0.000410220 -1.838814855 0.003501748 -0.000390574 0.999993742 67.727851868
0.999975443 0.006035198 -0.003555371 1.239395738 -0.006031559 0.999981403 0.001032992 -1.865849257 0.003561539 -0.001011523 0.999993145 68.277816772
0.999974012 0.006215747 -0.003638461 1.245230556 -0.006213673 0.999980450 0.000581559 -1.877260327 0.003642005 -0.000558935 0.999993145 68.832962036
0.999975026 0.006026392 -0.003680773 1.250258207 -0.006026046 0.999981821 0.000105004 -1.879532456 0.003681338 -0.000082821 0.999993205 69.386512756
0.999974012 0.006374072 -0.003349629 1.254516602 -0.006373120 0.999979675 0.000294896 -1.903120279 0.003351441 -0.000273540 0.999994278 69.938735962
0.999977350 0.005847734 -0.003336994 1.264795184 -0.005846153 0.999982774 0.000483417 -1.920733452 0.003339764 -0.000463898 0.999994338 70.482337952
0.999975979 0.006176481 -0.003144325 1.264920950 -0.006177302 0.999980867 -0.000251836 -1.922105670 0.003142710 0.000271254 0.999994993 71.041610718
0.999974847 0.006445739 -0.002965801 1.272810340 -0.006446468 0.999979198 -0.000236500 -1.941350460 0.002964215 0.000255613 0.999995589 71.580307007
0.999971569 0.007072950 -0.002616992 1.272672653 -0.007074415 0.999974847 -0.000550953 -1.950905561 0.002613029 0.000569451 0.999996424 72.137535095
0.999972165 0.006920010 -0.002767067 1.281460762 -0.006920898 0.999975979 -0.000311754 -1.969005942 0.002764844 0.000330896 0.999996066 72.689170837
0.999969304 0.007456363 -0.002417708 1.288459420 -0.007456355 0.999972224 0.000012532 -1.984820247 0.002417734 0.000005496 0.999997079 73.246131897
0.999968946 0.007417777 -0.002660412 1.296763420 -0.007418577 0.999972463 -0.000290329 -1.997629642 0.002658185 0.000310056 0.999996424 73.793289185
0.999972105 0.006955418 -0.002726684 1.306679845 -0.006956376 0.999975741 -0.000341766 -2.015030384 0.002724241 0.000360725 0.999996245 74.345512390
0.999971509 0.007029327 -0.002759979 1.317450285 -0.007029100 0.999975264 0.000091609 -2.032069445 0.002760554 -0.000072207 0.999996185 74.892028809
0.999971747 0.006883214 -0.003027050 1.324304223 -0.006884114 0.999976277 -0.000286818 -2.043717146 0.003025004 0.000307648 0.999995351 75.435699463
0.999974608 0.006347878 -0.003237276 1.342804909 -0.006349335 0.999979675 -0.000440299 -2.060253143 0.003234415 0.000460843 0.999994636 75.976203918
0.999971926 0.006728068 -0.003304383 1.349589944 -0.006730574 0.999977052 -0.000747816 -2.069069624 0.003299276 0.000770036 0.999994278 76.535522461
0.999970853 0.006923807 -0.003214034 1.357662320 -0.006926672 0.999975562 -0.000880921 -2.084466934 0.003207856 0.000903157 0.999994397 77.096214294
0.999971092 0.006844601 -0.003318449 1.368146896 -0.006847589 0.999976158 -0.000890399 -2.102035999 0.003312275 0.000913096 0.999994099 77.635780334
0.999967098 0.007525731 -0.003021250 1.355287433 -0.007527159 0.999971509 -0.000461382 -2.123578787 0.003017693 0.000484108 0.999995351 78.148887634
0.999961615 0.008430813 -0.002376407 1.354938030 -0.008433204 0.999963880 -0.000997526 -2.131237507 0.002367911 0.001017528 0.999996662 78.725616455
0.999967813 0.007562791 -0.002718034 1.373547554 -0.007565261 0.999970973 -0.000899808 -2.147203684 0.002711150 0.000920341 0.999995887 79.275848389
0.999966323 0.007792948 -0.002564716 1.379593730 -0.007795609 0.999969006 -0.001028577 -2.160008192 0.002556621 0.001048536 0.999996185 79.826499939
0.999970555 0.006982797 -0.003179371 1.398710966 -0.006985805 0.999975145 -0.000935694 -2.182101011 0.003172757 0.000957877 0.999994516 80.369888306
0.999968886 0.007578814 -0.002183100 1.409971714 -0.007580536 0.999970973 -0.000781593 -2.197589874 0.002177112 0.000798117 0.999997318 80.924201965
0.999973834 0.007163423 -0.001021095 1.430415988 -0.007164455 0.999973774 -0.001010783 -2.212674141 0.001013828 0.001018072 0.999998987 81.473793030
0.999972522 0.007413744 0.000039174 1.439672470 -0.007413691 0.999971807 -0.001210328 -2.228580236 -0.000048146 0.001210004 0.999999225 82.020797729
0.999974132 0.007108415 0.001046207 1.461565495 -0.007107265 0.999974132 -0.001099501 -2.241100311 -0.001053996 0.001092038 0.999998868 82.571273804
0.999958575 0.007629402 0.004958558 1.477755547 -0.007623250 0.999970138 -0.001258635 -2.256890774 -0.004968014 0.001220783 0.999986887 83.120147705
0.999942064 0.006444999 0.008620310 1.500111818 -0.006439875 0.999979079 -0.000622011 -2.279166937 -0.008624136 0.000566462 0.999962628 83.649200439
0.999924362 0.005195834 0.011145178 1.527567029 -0.005185863 0.999986053 -0.000923271 -2.296695232 -0.011149822 0.000865404 0.999937415 84.194839478
0.999860227 0.006101577 0.015564717 1.555555820 -0.006091679 0.999981225 -0.000683342 -2.312912226 -0.015568595 0.000588431 0.999878585 84.732711792
0.999719083 0.007658747 0.022427034 1.575708270 -0.007657790 0.999970615 -0.000128570 -2.335994005 -0.022427356 -0.000043207 0.999748468 85.265335083
0.999605358 0.006798973 0.027259886 1.615977764 -0.006794213 0.999976873 -0.000267273 -2.351549864 -0.027261076 0.000081958 0.999628365 85.810684204
0.999421179 0.006997883 0.033290587 1.646966577 -0.006972469 0.999975324 -0.000879440 -2.363883734 -0.033295915 0.000646813 0.999445319 86.376167297
0.999140203 0.006859852 0.040887639 1.692453146 -0.006810687 0.999975860 -0.001341615 -2.372349501 -0.040895864 0.001061988 0.999162853 86.925941467
0.998754799 0.007101410 0.049379140 1.737042904 -0.007112141 0.999974728 0.000041623 -2.399700642 -0.049377590 -0.000392762 0.998780251 87.476936340
0.998421967 0.005521435 0.055883758 1.792221785 -0.005497848 0.999984741 -0.000575808 -2.407307863 -0.055886090 0.000267659 0.998437047 88.016014099
0.997831821 0.005999035 0.065540507 1.841779947 -0.005908067 0.999981284 -0.001581673 -2.416529417 -0.065548763 0.001191026 0.997848630 88.557014465
0.997136295 0.005647598 0.075414553 1.905971050 -0.005603971 0.999983966 -0.000790103 -2.437461138 -0.075417817 0.000365219 0.997151911 89.056823730
0.996557772 0.004481706 0.082779661 1.973276615 -0.004424241 0.999989808 -0.000877614 -2.451228380 -0.082782760 0.000508356 0.996567428 89.615867615
0.995824277 0.004143310 0.091196194 2.043138504 -0.003997172 0.999990344 -0.001785030 -2.473659515 -0.091202691 0.001413049 0.995831370 90.139228821
0.994764566 0.004318621 0.102101557 2.116981983 -0.004200784 0.999990225 -0.001369102 -2.492237091 -0.102106467 0.000933027 0.994773030 90.669525146
0.993589461 0.004038715 0.112976201 2.195610046 -0.003866866 0.999991000 -0.001740195 -2.504265785 -0.112982228 0.001292175 0.993596196 91.222366333
0.992588937 0.003788494 0.121462487 2.284829140 -0.003583768 0.999991775 -0.001903925 -2.516883850 -0.121468700 0.001454521 0.992594182 91.767730713
0.991190434 0.003599375 0.132396296 2.387617111 -0.003393813 0.999992609 -0.001778253 -2.532926083 -0.132401764 0.001313259 0.991195261 92.311141968
0.989466727 0.003750376 0.144712731 2.488823891 -0.003479676 0.999991655 -0.002123665 -2.548430920 -0.144719496 0.001597742 0.989471436 92.888717651
0.987855256 0.002387350 0.155358493 2.592638016 -0.002087759 0.999995649 -0.002091513 -2.564078808 -0.155362770 0.001741761 0.987855971 93.416007996
0.986221552 0.001492217 0.165423080 2.699593544 -0.001095219 0.999996305 -0.002491086 -2.573204994 -0.165426195 0.002275589 0.986219525 93.934730530
0.983925760 0.002232697 0.178564027 2.819101334 -0.001814017 0.999995232 -0.002507940 -2.591113806 -0.178568736 0.002143708 0.983925045 94.478652954
0.981660962 0.002301258 0.190621391 2.946320534 -0.001979940 0.999996245 -0.001876070 -2.613506556 -0.190624982 0.001464246 0.981661797 95.008354187
0.979593754 0.001872193 0.200979158 3.073514938 -0.001503515 0.999996901 -0.001987042 -2.624541283 -0.200982213 0.001644319 0.979593515 95.553390503
0.976867914 0.000972782 0.213841155 3.213684082 -0.000551241 0.999997795 -0.002030899 -2.642089367 -0.213842645 0.001866042 0.976866364 96.066032410
0.973858714 0.001432390 0.227150172 3.364450455 -0.001032064 0.999997675 -0.001881144 -2.658785820 -0.227152333 0.001597536 0.973857939 96.581535339
0.971187949 0.001513582 0.238310248 3.508140564 -0.001262602 0.999998510 -0.001205808 -2.683696270 -0.238311693 0.000870175 0.971188426 97.100555420
0.968277216 0.000377224 0.249877930 3.680410385 0.000013873 0.999998689 -0.001563389 -2.699172497 -0.249878213 0.001517261 0.968276024 97.625724792
0.964562356 0.000599585 0.263854265 3.849958420 -0.000108700 0.999998212 -0.001875038 -2.707531691 -0.263854921 0.001779910 0.964560747 98.147941589
0.961010456 0.000442024 0.276511431 4.026872635 0.000099987 0.999998093 -0.001946074 -2.721134186 -0.276511729 0.001897845 0.961008668 98.673377991
0.957892179 -0.000084637 0.287128091 4.205104828 0.000547328 0.999998689 -0.001531181 -2.740173340 -0.287127584 0.001623860 0.957890987 99.178092957
0.953569412 -0.000720790 0.301172376 4.380960464 0.001217488 0.999998152 -0.001461526 -2.758182287 -0.301170766 0.001760341 0.953568578 99.699760437
0.949252307 -0.000383183 0.314515114 4.585329056 0.000954058 0.999998152 -0.001661158 -2.771348238 -0.314513922 0.001876924 0.949250937 100.210144043
0.945361853 -0.001587421 0.326019108 4.776300430 0.002351683 0.999995351 -0.001950123 -2.782227516 -0.326014489 0.002610265 0.945361137 100.704162598
0.940698504 -0.001360554 0.339240760 4.989019394 0.002293662 0.999994636 -0.002349653 -2.791796923 -0.339235723 0.002988419 0.940696597 101.235832214
0.935549200 -0.001584013 0.353192836 5.213239670 0.002271870 0.999996245 -0.001532985 -2.822257519 -0.353189081 0.002236591 0.935549259 101.766647339
0.930913031 -0.001595967 0.365237445 5.431026459 0.002020077 0.999997675 -0.000779092 -2.845798016 -0.365235299 0.001463074 0.930914223 102.261360168
0.926389992 -0.002967089 0.376553684 5.658054352 0.003780267 0.999991834 -0.001420611 -2.854938507 -0.376546353 0.002739513 0.926393867 102.758750916
0.920322895 -0.002588763 0.391150951 5.884078979 0.003241229 0.999994218 -0.001007870 -2.868232965 -0.391146094 0.002195376 0.920325935 103.246337891
0.914648354 -0.003096062 0.404238522 6.127632141 0.003757796 0.999992609 -0.000843619 -2.888179302 -0.404232919 0.002290661 0.914653182 103.719497681
0.909782052 -0.003860900 0.415068567 6.379558563 0.004792510 0.999987781 -0.001202900 -2.897724390 -0.415058911 0.003083597 0.909789324 104.205482483
0.903487980 -0.003882875 0.428595722 6.630569458 0.004919305 0.999986947 -0.001310580 -2.912968636 -0.428585112 0.003292486 0.903495371 104.685501099
0.897202253 -0.004123722 0.441600561 6.903003693 0.004782254 0.999988496 -0.000378113 -2.946456671 -0.441593945 0.002451091 0.897211671 105.164909363
0.891371369 -0.005216840 0.453243703 7.168811798 0.006084925 0.999981403 -0.000457115 -2.961982727 -0.453232884 0.003165414 0.891386509 105.641448975
0.885804951 -0.005302841 0.464027435 7.442295074 0.006169083 0.999980927 -0.000348824 -2.975938320 -0.464016765 0.003171614 0.885820746 106.117416382
0.878637791 -0.005975437 0.477451533 7.702098846 0.007022792 0.999975264 -0.000408841 -2.991662264 -0.477437288 0.003712267 0.878657997 106.575622559
0.871644258 -0.006210621 0.490099669 7.997081757 0.007312548 0.999973297 -0.000333577 -3.006428719 -0.490084469 0.003874639 0.871666372 107.039756775
