1.000000000 0.000000000 0.000000000 0.000000000 0.000000000 1.000000000 0.000000000 0.000000000 0.000000000 0.000000000 1.000000000 0.000000000
1.000000000 0.000072958 0.000040661 -0.000102361 -0.000072958 1.000000000 -0.000012035 0.000390984 -0.000040662 0.000012032 1.000000000 0.000312936
1.000000000 0.000059683 0.000098901 -0.000531479 -0.000059690 1.000000000 0.000068533 -0.000278875 -0.000098897 -0.000068538 1.000000000 0.000239097
1.000000000 -0.000001392 0.000056784 -0.000225266 0.000001393 1.000000000 -0.000020118 0.000489121 -0.000056784 0.000020118 1.000000000 0.000347131
1.000000000 0.000036159 0.000065535 -0.000271517 -0.000036157 1.000000000 -0.000024836 0.000416612 -0.000065536 0.000024834 1.000000000 0.000194589
1.000000000 0.000101438 0.000111765 -0.001220581 -0.000101442 1.000000000 0.000028100 0.000262365 -0.000111763 -0.000028111 1.000000000 -0.000133707
1.000000000 -0.000065102 0.000048297 -0.000386162 0.000065102 1.000000000 0.000001447 -0.000042470 -0.000048297 -0.000001443 1.000000000 0.000120640
1.000000000 0.000039687 0.000033972 -0.000210344 -0.000039689 1.000000000 0.000057089 -0.000177333 -0.000033970 -0.000057091 1.000000000 0.000193493
1.000000000 0.000068037 -0.000010067 -0.000081574 -0.000068038 1.000000000 -0.000097536 0.000143777 0.000010061 0.000097537 1.000000000 -0.000029116
1.000000000 0.000077696 0.000075676 -0.000202562 -0.000077696 1.000000000 0.000004234 -0.000246368 -0.000075676 -0.000004240 1.000000000 0.000468612
1.000000000 0.000094141 0.000082147 -0.000628202 -0.000094142 1.000000000 0.000013599 -0.000023694 -0.000082146 -0.000013607 1.000000000 0.000297591
1.000000000 0.000064204 0.000099186 -0.001006135 -0.000064218 1.000000000 0.000142783 -0.001290495 -0.000099177 -0.000142789 1.000000000 0.001940955
1.000000000 -0.000004860 0.000057701 -0.001160179 0.000004854 1.000000000 0.000098891 -0.001643856 -0.000057701 -0.000098891 1.000000000 0.001055081
1.000000000 0.000001036 0.000052665 -0.001227275 -0.000001041 1.000000000 0.000094078 -0.001093671 -0.000052665 -0.000094078 1.000000000 0.001869182
1.000000000 0.000025292 0.000095113 -0.001804396 -0.000025306 1.000000000 0.000147257 -0.001321222 -0.000095109 -0.000147259 1.000000000 0.001492052
1.000000000 -0.000030448 0.000038065 -0.000605618 0.000030442 1.000000000 0.000167316 -0.001279464 -0.000038070 -0.000167315 1.000000000 0.002135921
1.000000000 0.000070296 0.000131840 -0.001366808 -0.000070314 1.000000000 0.000135651 -0.000906440 -0.000131831 -0.000135660 1.000000000 0.001786117
1.000000000 0.000070525 0.000126491 -0.002030802 -0.000070534 1.000000000 0.000069336 -0.000958592 -0.000126486 -0.000069345 1.000000000 0.001442112
1.000000000 0.000101894 0.000137748 -0.002336522 -0.000101908 1.000000000 0.000101501 -0.000293171 -0.000137738 -0.000101515 1.000000000 0.002373838
1.000000000 0.000067987 0.000159027 -0.001958846 -0.000067999 1.000000000 0.000077489 -0.000363353 -0.000159021 -0.000077499 1.000000000 0.002722261
1.000000000 0.000023322 0.000167390 -0.002388126 -0.000023342 1.000000000 0.000119801 -0.000791925 -0.000167388 -0.000119805 1.000000000 0.002387278
1.000000000 0.000060445 0.000113541 -0.002183330 -0.000060459 1.000000000 0.000126998 -0.000583260 -0.000113533 -0.000127005 1.000000000 0.002486325
1.000000000 0.000053266 0.000088608 -0.001451023 -0.000053272 1.000000000 0.000063065 -0.000081179 -0.000088604 -0.000063070 1.000000000 0.003209388
1.000000000 0.000038998 0.000091291 -0.001974021 -0.000039007 1.000000000 0.000102608 -0.000046418 -0.000091287 -0.000102612 1.000000000 0.003440650
1.000000000 0.000167372 0.000094145 -0.001880670 -0.000167383 1.000000000 0.000122955 -0.000058196 -0.000094124 -0.000122971 1.000000000 0.003160540
1.000000000 0.000237728 0.000144604 -0.002290464 -0.000237752 1.000000000 0.000168941 -0.000925594 -0.000144563 -0.000168975 1.000000000 0.002071540
1.000000000 0.000080352 0.000189028 -0.002505961 -0.000080383 1.000000000 0.000163825 -0.000009738 -0.000189015 -0.000163840 1.000000000 0.002898809
0.999999940 0.000139628 0.000188648 -0.002215088 -0.000139672 1.000000000 0.000232672 -0.001092985 -0.000188615 -0.000232698 1.000000000 0.002160328
1.000000000 0.000100918 0.000134275 -0.002086837 -0.000100935 1.000000000 0.000123990 0.000149384 -0.000134263 -0.000124004 1.000000000 0.002870454
0.999999940 0.000172748 0.000167801 -0.002492081 -0.000172771 1.000000000 0.000135221 -0.000166277 -0.000167777 -0.000135250 1.000000000 0.003034297
0.999999940 0.000208307 0.000224247 -0.002615893 -0.000208349 0.999999940 0.000184773 -0.000908236 -0.000224209 -0.000184820 1.000000000 0.002442729
1.000000000 0.000027013 0.000172870 -0.002173371 -0.000027037 1.000000000 0.000137380 -0.000028765 -0.000172866 -0.000137385 1.000000000 0.003931383
1.000000000 0.000106193 0.000083834 -0.001850019 -0.000106198 1.000000000 0.000062660 0.000380680 -0.000083827 -0.000062669 1.000000000 0.003119956
1.000000000 0.000130980 0.000165394 -0.002187679 -0.000131006 1.000000000 0.000154244 -0.000966743 -0.000165374 -0.000154265 1.000000000 0.001674251
0.999999940 0.000192270 0.000210680 -0.002713052 -0.000192296 0.999999940 0.000125521 -0.000534873 -0.000210655 -0.000125562 1.000000000 0.001907216
0.999999940 0.000174832 0.000187527 -0.001923404 -0.000174860 1.000000000 0.000150962 -0.000993596 -0.000187500 -0.000150995 1.000000000 0.001875076
0.999999940 0.000148085 0.000187625 -0.002429583 -0.000148108 1.000000000 0.000119675 -0.000066304 -0.000187608 -0.000119703 1.000000000 0.003014305
1.000000000 0.000156036 0.000091012 -0.001999925 -0.000156048 1.000000000 0.000136846 -0.000167807 -0.000090991 -0.000136860 1.000000000 0.002896461
0.999999940 0.000203169 0.000195325 -0.002477519 -0.000203193 0.999999940 0.000119418 -0.000502645 -0.000195300 -0.000119457 1.000000000 0.002112987
0.999999940 0.000183080 0.000131238 -0.001330269 -0.000183099 1.000000000 0.000139625 -0.000141214 -0.000131213 -0.000139649 1.000000000 0.002784159
1.000000000 0.000067072 0.000075282 -0.000986375 -0.000067079 1.000000000 0.000103243 -0.000654043 -0.000075275 -0.000103248 1.000000000 0.002161630
1.000000000 0.000247659 0.000197217 -0.000741060 -0.000247570 0.999999940 -0.000454115 -0.003850189 -0.000197330 0.000454066 0.999999881 0.051256765
1.000000000 0.000168381 0.000081166 0.002175353 -0.000168277 0.999999166 -0.001286259 -0.002442047 -0.000081383 0.001286245 0.999999166 0.141028136
0.999999940 0.000271033 -0.000262663 0.001372670 -0.000271324 0.999999344 -0.001109940 -0.009632572 0.000262362 0.001110011 0.999999344 0.250300616
0.999999821 0.000482114 -0.000246242 0.005089806 -0.000482377 0.999999344 -0.001066274 -0.011564814 0.000245728 0.001066392 0.999999404 0.383010358
0.999999881 0.000265653 0.000385645 0.004350488 -0.000265319 0.999999523 -0.000864903 -0.018314699 -0.000385874 0.000864801 0.999999464 0.518253326
0.999999881 -0.000200843 0.000367469 0.008477964 0.000201119 0.999999702 -0.000751404 -0.023840921 -0.000367318 0.000751478 0.999999642 0.670694172
0.999999702 0.000683456 0.000083861 0.011212150 -0.000683416 0.999999642 -0.000477283 -0.025809743 -0.000084187 0.000477225 0.999999821 0.832969248
0.999999762 0.000712943 0.000006413 0.013748953 -0.000712941 0.999999762 -0.000288512 -0.031729810 -0.000006618 0.000288507 0.999999940 0.999195933
0.999999881 0.000514118 0.000111421 0.017417675 -0.000514095 0.999999821 -0.000211062 -0.037340209 -0.000111530 0.000211005 0.999999940 1.170904517
0.999999821 0.000312182 0.000549606 0.023312576 -0.000312161 0.999999881 -0.000038428 -0.041238941 -0.000549617 0.000038257 0.999999821 1.371005535
0.999999881 0.000349827 0.000456999 0.027989035 -0.000349711 0.999999881 -0.000254097 -0.042960409 -0.000457087 0.000253937 0.999999881 1.564402103
0.999999940 -0.000100127 0.000371324 0.031089785 0.000100094 0.999999940 0.000087720 -0.050620060 -0.000371333 -0.000087683 0.999999940 1.763639331
1.000000000 -0.000029666 -0.000004331 0.040425960 0.000029667 1.000000000 0.000103744 -0.060378432 0.000004328 -0.000103744 1.000000000 1.964466810
1.000000000 -0.000248202 -0.000013260 0.045260575 0.000248203 0.999999940 0.000075380 -0.067428447 0.000013241 -0.000075383 1.000000000 2.174664021
0.999999821 0.000176684 0.000555908 0.046157256 -0.000176918 0.999999881 0.000419368 -0.072394118 -0.000555834 -0.000419466 0.999999762 2.387129784
0.999999583 0.000353969 0.000751256 0.049450129 -0.000354146 0.999999821 0.000236189 -0.079456002 -0.000751172 -0.000236455 0.999999702 2.613064289
0.999999523 0.000374798 0.000928643 0.053653918 -0.000375206 0.999999762 0.000440061 -0.089028001 -0.000928478 -0.000440409 0.999999404 2.833171129
0.999999702 0.000213074 0.000814457 0.058737438 -0.000213507 0.999999762 0.000530999 -0.092544474 -0.000814344 -0.000531173 0.999999464 3.067659855
0.999999583 -0.000032093 0.000924526 0.064867079 0.000030999 0.999999285 0.001183533 -0.107297756 -0.000924563 -0.001183504 0.999998868 3.312491417
0.999999583 0.000407306 0.000840727 0.065563187 -0.000407962 0.999999583 0.000780416 -0.111317292 -0.000840409 -0.000780759 0.999999344 3.560765743
0.999999940 -0.000160642 0.000342312 0.077951208 0.000160335 0.999999583 0.000894730 -0.119164161 -0.000342456 -0.000894675 0.999999523 3.813497066
0.999999404 0.000884464 0.000664328 0.079941764 -0.000884876 0.999999404 0.000620045 -0.119957611 -0.000663779 -0.000620632 0.999999583 4.077918053
0.999999404 0.000705848 0.000860593 0.086313091 -0.000706332 0.999999583 0.000562879 -0.125293612 -0.000860195 -0.000563486 0.999999464 4.333205223
0.999999404 0.000609465 0.000808847 0.095365636 -0.000610282 0.999999285 0.001009491 -0.134733528 -0.000808231 -0.001009984 0.999999166 4.592326164
0.999999464 0.000356025 0.000958756 0.092320219 -0.000357025 0.999999404 0.001042484 -0.143855333 -0.000958384 -0.001042826 0.999998987 4.842889309
0.999999046 0.000707126 0.001152161 0.096711867 -0.000708384 0.999999106 0.001091769 -0.151099533 -0.001151388 -0.001092584 0.999998748 5.103154182
0.999999106 0.000671304 0.001095395 0.106343836 -0.000672563 0.999999106 0.001149394 -0.158509851 -0.001094623 -0.001150130 0.999998689 5.356725693
0.999999106 0.000625084 0.001148651 0.112503923 -0.000626647 0.999998868 0.001360821 -0.167915568 -0.001147799 -0.001361539 0.999998391 5.618416309
0.999998033 0.001275831 0.001510626 0.112798877 -0.001277271 0.999998748 0.000953264 -0.169954181 -0.001509408 -0.000955192 0.999998391 5.883787155
0.999997437 0.001450205 0.001752672 0.116671175 -0.001452136 0.999998391 0.001101063 -0.180173457 -0.001751072 -0.001103606 0.999997854 6.162496090
0.999997139 0.001269193 0.002013623 0.123172745 -0.001271302 0.999998629 0.001046508 -0.190300852 -0.002012292 -0.001049065 0.999997437 6.439688206
0.999997079 0.001592844 0.001825721 0.130173743 -0.001594780 0.999998093 0.001059470 -0.199631259 -0.001824030 -0.001062378 0.999997795 6.730240822
0.999995887 0.001830145 0.002197200 0.135116711 -0.001832266 0.999997795 0.000963328 -0.206692666 -0.002195432 -0.000967350 0.999997139 7.029181957
0.999996185 0.001632730 0.002198285 0.140743479 -0.001635943 0.999997616 0.001460472 -0.222312719 -0.002195894 -0.001464063 0.999996543 7.321423054
0.999996841 0.001381317 0.002068037 0.147701249 -0.001385133 0.999997318 0.001845441 -0.235533521 -0.002065482 -0.001848300 0.999996185 7.624619961
0.999997020 0.001354196 0.002000522 0.155070394 -0.001357022 0.999998093 0.001412083 -0.240047231 -0.001998605 -0.001414793 0.999997020 7.951375961
0.999997258 0.001495363 0.001781825 0.161687762 -0.001498305 0.999997497 0.001650612 -0.253548801 -0.001779352 -0.001653277 0.999997139 8.260176659
0.999996424 0.001565525 0.002159021 0.167154297 -0.001568327 0.999997854 0.001296433 -0.259814948 -0.002156986 -0.001299815 0.999996841 8.599725723
0.999996245 0.001358545 0.002351299 0.175254688 -0.001362113 0.999997854 0.001516421 -0.269353956 -0.002349234 -0.001519618 0.999996126 8.935576439
0.999996781 0.001414576 0.002067776 0.179543227 -0.001417732 0.999997795 0.001525873 -0.286982656 -0.002065613 -0.001528799 0.999996722 9.269557953
0.999996424 0.001666667 0.002056965 0.185507223 -0.001669939 0.999997318 0.001590296 -0.298350394 -0.002054309 -0.001593725 0.999996662 9.609914780
0.999995708 0.001729073 0.002355014 0.198167667 -0.001732745 0.999997199 0.001558016 -0.302926719 -0.002352314 -0.001562090 0.999996006 9.979835510
0.999994993 0.001933075 0.002516170 0.203294218 -0.001937816 0.999996364 0.001883234 -0.314055204 -0.002512521 -0.001888100 0.999995053 10.334597588
0.999994397 0.002155883 0.002586207 0.212347865 -0.002161071 0.999995649 0.002005164 -0.324775577 -0.002581873 -0.002010742 0.999994636 10.697639465
0.999995887 0.001703022 0.002307708 0.227408245 -0.001707448 0.999996722 0.001917250 -0.328765988 -0.002304435 -0.001921182 0.999995470 11.061723709
0.999995112 0.001388346 0.002792612 0.228469238 -0.001395051 0.999996185 0.002400427 -0.338235438 -0.002789269 -0.002404311 0.999993205 11.465678215
0.999995708 0.001605367 0.002436818 0.239544898 -0.001611116 0.999995887 0.002359429 -0.356912076 -0.002433019 -0.002363345 0.999994159 11.804951668
0.999994218 0.002168894 0.002629372 0.251205593 -0.002175520 0.999994457 0.002519928 -0.371517003 -0.002623892 -0.002525633 0.999993384 12.191542625
0.999992669 0.002475430 0.002916728 0.261461020 -0.002484351 0.999992251 0.003058837 -0.388534755 -0.002909133 -0.003066061 0.999991119 12.572314262
0.999994755 0.001913497 0.002617105 0.267176360 -0.001920387 0.999994695 0.002632773 -0.388726920 -0.002612053 -0.002637785 0.999993086 12.997532845
0.999995708 0.001216015 0.002638646 0.280460477 -0.001223947 0.999994755 0.003006585 -0.410653144 -0.002634976 -0.003009802 0.999992013 13.391625404
0.999994099 0.001670354 0.002977781 0.284365565 -0.001679037 0.999994338 0.002915790 -0.418630332 -0.002972893 -0.002920772 0.999991298 13.805544853
0.999995112 0.001077370 0.002928282 0.301321745 -0.001086258 0.999994814 0.003035458 -0.425836146 -0.002924997 -0.003038623 0.999991119 14.219185829
0.999993086 0.001813359 0.003253401 0.308727503 -0.001823460 0.999993563 0.003104610 -0.440370023 -0.003247750 -0.003110521 0.999989986 14.633380890
0.999992371 0.001643539 0.003528423 0.314806283 -0.001653960 0.999994278 0.002952679 -0.452644855 -0.003523549 -0.002958493 0.999989331 15.064404488
0.999993145 0.001560198 0.003354232 0.332833588 -0.001570543 0.999993980 0.003084019 -0.464132369 -0.003349400 -0.003089266 0.999989629 15.497042656
0.999990165 0.001773974 0.004093464 0.337295085 -0.001786485 0.999993682 0.003054667 -0.473944306 -0.004088020 -0.003061949 0.999986887 15.938224792
0.999991000 0.001860874 0.003811541 0.354165882 -0.001872538 0.999993563 0.003058782 -0.487020344 -0.003805825 -0.003065891 0.999988079 16.376657486
0.999989450 0.001893200 0.004186730 0.362952471 -0.001905406 0.999993861 0.002913307 -0.501647592 -0.004181189 -0.002921253 0.999987006 16.812904358
0.999988198 0.001847325 0.004492828 0.367369056 -0.001862004 0.999992907 0.003265339 -0.516646147 -0.004486764 -0.003273666 0.999984562 17.256422043
0.999990642 0.001055208 0.004193463 0.380486280 -0.001072098 0.999991298 0.004027505 -0.535294890 -0.004189177 -0.004031964 0.999983132 17.700515747
0.999985576 0.001476009 0.005160032 0.394848436 -0.001492544 0.999993742 0.003202141 -0.541857481 -0.005155274 -0.003209796 0.999981523 18.177665710
0.999985993 0.001331671 0.005110892 0.409323812 -0.001350369 0.999992490 0.003656781 -0.553944111 -0.005105983 -0.003663631 0.999980271 18.644384384
0.999983788 0.001984971 0.005325886 0.418881953 -0.002002362 0.999992788 0.003262120 -0.565061092 -0.005319371 -0.003272732 0.999980509 19.109926224
0.999977767 0.002180108 0.006292317 0.435439497 -0.002205109 0.999989629 0.003968954 -0.573599219 -0.006283598 -0.003982740 0.999972403 19.622117996
0.999979079 0.002268082 0.006050750 0.436368257 -0.002289493 0.999991179 0.003533940 -0.588492930 -0.006042680 -0.003547719 0.999975443 20.091897964
0.999981940 0.002261255 0.005573175 0.449330956 -0.002280778 0.999991298 0.003499141 -0.598679662 -0.005565214 -0.003511788 0.999978364 20.595573425
0.999983430 0.002181870 0.005325761 0.484345734 -0.002199985 0.999991834 0.003398001 -0.621408403 -0.005318302 -0.003409661 0.999980032 21.065860748
0.999990821 0.000938839 0.004167421 0.466381341 -0.000948507 0.999996841 0.002318519 -0.590408444 -0.004165230 -0.002322451 0.999988616 21.686206818
0.999980807 0.002743191 0.005540200 0.485963166 -0.002762099 0.999990344 0.003408193 -0.649886727 -0.005530797 -0.003423430 0.999978840 22.098411560
0.999987662 0.001928678 0.004579651 0.516637266 -0.001944183 0.999992430 0.003383598 -0.656519473 -0.004573090 -0.003392459 0.999983788 22.599180222
0.999979198 0.003659572 0.005309489 0.503467023 -0.003679142 0.999986410 0.003680655 -0.671357214 -0.005295947 -0.003700113 0.999979138 23.128931046
0.999989748 0.002334481 0.003882286 0.528950632 -0.002349294 0.999989986 0.003815498 -0.698473394 -0.003873340 -0.003824580 0.999985158 23.663393021
0.999991238 0.001693469 0.003803575 0.514783382 -0.001705637 0.999993443 0.003198209 -0.686001360 -0.003798133 -0.003204668 0.999987662 24.219263077
0.999992549 0.002245544 0.003184642 0.547041953 -0.002257868 0.999989986 0.003871414 -0.727059782 -0.003175917 -0.003878575 0.999987423 24.740447998
0.999994516 0.002325729 0.002357121 0.562780142 -0.002335236 0.999989092 0.004038918 -0.740652978 -0.002347702 -0.004044401 0.999989092 25.284650803
0.999996960 0.002042688 0.001367114 0.579257607 -0.002048286 0.999989450 0.004105370 -0.753785253 -0.001358713 -0.004108157 0.999990702 25.825773239
0.999996603 0.002233648 0.001291544 0.589819193 -0.002239356 0.999987662 0.004435424 -0.776663721 -0.001281620 -0.004438302 0.999989271 26.373033524
0.999996662 0.002148164 0.001399196 0.602075219 -0.002154657 0.999986827 0.004655235 -0.788469136 -0.001389178 -0.004658234 0.999988139 26.928659439
0.999997795 0.002085533 0.000272171 0.608659744 -0.002086777 0.999987006 0.004654194 -0.811032832 -0.000262462 -0.004654752 0.999989152 27.491182327
0.999996543 0.002649789 -0.000125799 0.619071841 -0.002649226 0.999987364 0.004279678 -0.823002338 0.000137137 -0.004279329 0.999990821 28.041637421
0.999997556 0.002190880 0.000002939 0.631969512 -0.002190867 0.999985397 0.004938293 -0.837591231 0.000007881 -0.004938287 0.999987781 28.585504532
0.999996245 0.002735490 -0.000274137 0.641848981 -0.002734040 0.999982953 0.005157220 -0.854071617 0.000288240 -0.005156451 0.999986649 29.138595581
0.999997675 0.002068321 -0.000614809 0.650927424 -0.002065247 0.999985576 0.004958789 -0.863992333 0.000625057 -0.004957508 0.999987543 29.681047440
0.999997020 0.002301719 -0.000710685 0.653455079 -0.002298230 0.999985516 0.004871613 -0.874248922 0.000721887 -0.004869965 0.999987900 30.228580475
0.999996722 0.002407363 -0.000992179 0.665625155 -0.002402415 0.999984801 0.004958039 -0.891370714 0.001004100 -0.004955639 0.999987245 30.772562027
0.999996126 0.002530259 -0.001182594 0.675692797 -0.002524296 0.999984205 0.005016846 -0.905714214 0.001195270 -0.005013841 0.999986708 31.324510574
0.999993503 0.003365227 -0.001325732 0.682178974 -0.003358851 0.999982953 0.004782317 -0.913568914 0.001341804 -0.004777833 0.999987662 31.879814148
0.999996245 0.001922680 -0.001923200 0.697666287 -0.001912986 0.999985516 0.005029810 -0.931421936 0.001932843 -0.005026112 0.999985516 32.420955658
0.999994993 0.002422520 -0.002025903 0.699200571 -0.002411810 0.999983251 0.005272251 -0.948413432 0.002038641 -0.005267338 0.999984086 32.965179443
0.999995172 0.002113505 -0.002287325 0.710265696 -0.002101570 0.999984205 0.005207946 -0.959204614 0.002298295 -0.005203114 0.999983788 33.507484436
0.999996305 0.002074823 -0.001745220 0.718760669 -0.002065562 0.999983788 0.005291434 -0.970831811 0.001756170 -0.005287809 0.999984503 34.064117432
0.999993086 0.002590374 -0.002670522 0.727237344 -0.002577240 0.999984622 0.004910054 -0.981846988 0.002683199 -0.004903138 0.999984324 34.591705322
0.999993742 0.002320001 -0.002682013 0.736742020 -0.002307149 0.999985874 0.004785127 -0.994341373 0.002693078 -0.004778910 0.999984980 35.129993439
0.999992788 0.002309379 -0.002994537 0.749607980 -0.002294793 0.999985516 0.004865143 -1.007651806 0.003005729 -0.004858237 0.999983788 35.675468445
0.999991715 0.002355419 -0.003326527 0.762436628 -0.002338665 0.999984622 0.005031654 -1.024365902 0.003338328 -0.005023833 0.999981821 36.220211029
0.999993384 0.002080056 -0.002990595 0.765025616 -0.002065613 0.999986231 0.004824609 -1.037595153 0.003000589 -0.004818400 0.999983847 36.781337738
0.999991536 0.002634701 -0.003166707 0.769238532 -0.002619840 0.999985635 0.004687943 -1.051289678 0.003179013 -0.004679607 0.999983966 37.328662872
0.999992132 0.002101450 -0.003350933 0.785580993 -0.002085197 0.999986053 0.004846385 -1.067371964 0.003361071 -0.004839360 0.999982655 37.873687744
0.999990046 0.001886756 -0.004060594 0.796440840 -0.001867904 0.999987543 0.004641347 -1.069381714 0.004069299 -0.004633716 0.999980986 38.437736511
0.999989927 0.002511631 -0.003722812 0.808134198 -0.002494049 0.999985814 0.004719979 -1.087775707 0.003734614 -0.004710646 0.999981940 38.965938568
0.999990940 0.001874190 -0.003825964 0.809500635 -0.001855466 0.999986291 0.004891811 -1.104512334 0.003835081 -0.004884668 0.999980688 39.511951447
0.999993265 0.001692132 -0.003265429 0.813831806 -0.001674832 0.999984622 0.005293461 -1.121372581 0.003274336 -0.005287956 0.999980688 40.065673828
0.999990642 0.001624092 -0.004009679 0.829617321 -0.001603420 0.999985456 0.005153281 -1.134685397 0.004017991 -0.005146804 0.999978662 40.588451385
0.999990404 0.001059630 -0.004231088 0.841250300 -0.001036542 0.999984562 0.005455335 -1.149701476 0.004236806 -0.005450898 0.999976158 41.145477295
0.999989629 0.003219010 -0.003229028 0.829847991 -0.003204714 0.999985218 0.004422730 -1.146752000 0.003243217 -0.004412337 0.999984980 41.688938141
0.999989510 0.003632463 -0.002787197 0.835269213 -0.003621762 0.999986172 0.003834724 -1.154552341 0.002801089 -0.003824589 0.999988794 42.241863251
0.999989212 0.002916900 -0.003619757 0.858394861 -0.002901103 0.999986351 0.004361641 -1.174126744 0.003632430 -0.004351093 0.999983907 42.784477234
0.999988556 0.003196282 -0.003554708 0.856449366 -0.003180932 0.999985576 0.004315361 -1.182635307 0.003568450 -0.004304004 0.999984384 43.310367584
0.999988556 0.003544845 -0.003223965 0.863256037 -0.003530341 0.999983609 0.004493547 -1.202185869 0.003239843 -0.004482114 0.999984741 43.853595734
0.999989152 0.002441045 -0.003973433 0.884018600 -0.002423797 0.999987602 0.004339761 -1.211112738 0.003983977 -0.004330083 0.999982715 44.379863739
0.999988258 0.003130909 -0.003712241 0.884028852 -0.003115110 0.999986053 0.004254073 -1.227855921 0.003725508 -0.004242459 0.999984086 44.922378540
0.999987483 0.003538241 -0.003545141 0.897321761 -0.003524568 0.999986291 0.003855769 -1.237497926 0.003558735 -0.003843225 0.999986291 45.476779938
0.999988556 0.003460912 -0.003315160 0.908876359 -0.003446970 0.999985278 0.004202207 -1.254285336 0.003329653 -0.004190732 0.999985695 45.986763000
0.999990344 0.002342302 -0.003721321 0.912057102 -0.002326648 0.999988437 0.004205183 -1.268480062 0.003731128 -0.004196484 0.999984205 46.536041260
0.999988079 0.003617583 -0.003294711 0.920010746 -0.003603742 0.999984682 0.004197158 -1.276664615 0.003309844 -0.004185235 0.999985695 47.085609436
0.999989331 0.003009040 -0.003499134 0.931539536 -0.002993403 0.999985635 0.004465597 -1.296591997 0.003512521 -0.004455075 0.999983847 47.629367828
0.999988675 0.002717949 -0.003902230 0.950842381 -0.002702521 0.999988556 0.003953511 -1.298729897 0.003912931 -0.003942921 0.999984562 48.097522736
0.999989331 0.002662710 -0.003772225 0.960637510 -0.002646839 0.999987662 0.004206270 -1.310717940 0.003783379 -0.004196241 0.999984026 48.617549896
0.999988854 0.002636736 -0.003916417 0.968894720 -0.002621476 0.999988914 0.003896519 -1.320839643 0.003926647 -0.003886209 0.999984741 49.168571472
0.999987125 0.002570885 -0.004361582 0.993521094 -0.002552355 0.999987662 0.004248899 -1.338217020 0.004372451 -0.004237712 0.999981403 49.660194397
0.999986112 0.003158552 -0.004209098 0.994127989 -0.003141966 0.999987304 0.003941285 -1.348527431 0.004221495 -0.003928006 0.999983311 50.204574585
0.999986827 0.003231632 -0.003970122 1.004965901 -0.003215806 0.999986947 0.003986225 -1.366160393 0.003982953 -0.003973405 0.999984145 50.734725952
0.999988437 0.002266149 -0.004247697 1.012841463 -0.002248145 0.999988496 0.004238445 -1.378354549 0.004257251 -0.004228847 0.999981999 51.212425232
0.999987841 0.002678786 -0.004125975 1.018332958 -0.002662194 0.999988496 0.004021769 -1.384572744 0.004136700 -0.004010737 0.999983430 51.733234406
0.999987781 0.002799811 -0.004052673 1.030099630 -0.002783796 0.999988317 0.003952157 -1.400710106 0.004063691 -0.003940828 0.999983966 52.259208679
0.999987423 0.002326577 -0.004434539 1.041441083 -0.002307991 0.999988556 0.004191767 -1.414514422 0.004444240 -0.004181480 0.999981403 52.785739899
0.999987245 0.002556640 -0.004346645 1.049602866 -0.002538701 0.999988258 0.004127595 -1.426673532 0.004357148 -0.004116507 0.999982059 53.328529358
0.999989390 0.002449083 -0.003895927 1.056074500 -0.002434047 0.999989569 0.003859413 -1.438986182 0.003905338 -0.003849889 0.999984980 53.865547180
0.999988794 0.002561674 -0.003974814 1.065418243 -0.002546144 0.999989152 0.003907064 -1.450825930 0.003984781 -0.003896900 0.999984443 54.385231018
0.999986768 0.003383533 -0.003874453 1.072053194 -0.003369616 0.999987960 0.003592786 -1.461693406 0.003886563 -0.003579682 0.999986053 54.936157227
0.999989629 0.001586225 -0.004302334 1.093977571 -0.001569102 0.999990761 0.003980366 -1.474615335 0.004308608 -0.003973573 0.999982834 55.464939117
0.999989629 0.002498562 -0.003831767 1.090304255 -0.002484236 0.999989927 0.003739229 -1.479822159 0.003841071 -0.003729671 0.999985635 56.061332703
0.999988854 0.001555630 -0.004453022 1.119616985 -0.001538008 0.999991000 0.003958178 -1.502028823 0.004459138 -0.003951286 0.999982178 56.497016907
0.999989569 0.002279816 -0.003950900 1.126153469 -0.002264536 0.999989927 0.003867297 -1.514533639 0.003959676 -0.003858309 0.999984741 57.034385681
0.999986470 0.001495660 -0.004982415 1.160044909 -0.001475717 0.999990821 0.004003949 -1.524663687 0.004988359 -0.003996542 0.999979556 57.556297302
0.999987185 0.000983061 -0.004963555 1.159711361 -0.000962750 0.999991179 0.004092759 -1.543891549 0.004967535 -0.004087929 0.999979317 58.189914703
0.999984980 0.000764871 -0.005422140 1.191038370 -0.000745181 0.999993145 0.003632567 -1.548761606 0.005424882 -0.003628472 0.999978662 58.611156464
0.999985576 0.000826928 -0.005305284 1.205772400 -0.000808161 0.999993384 0.003538525 -1.565371037 0.005308178 -0.003534186 0.999979615 59.139881134
0.999984741 0.000452288 -0.005490181 1.216288090 -0.000433277 0.999993861 0.003463466 -1.581580877 0.005491713 -0.003461034 0.999978960 59.665977478
0.999985456 0.000445412 -0.005370437 1.222055793 -0.000426349 0.999993622 0.003550095 -1.595787048 0.005371982 -0.003547753 0.999979317 60.211624146
0.999987304 0.001975713 -0.004638453 1.232288122 -0.001959737 0.999992073 0.003446398 -1.609434247 0.004645227 -0.003437265 0.999983251 60.739952087
0.999988616 0.001413915 -0.004543856 1.246840954 -0.001397425 0.999992430 0.003630227 -1.621133804 0.004548956 -0.003623835 0.999983072 61.282066345
0.999987304 0.001291486 -0.004864051 1.255495548 -0.001274738 0.999993205 0.003444489 -1.637843370 0.004868465 -0.003438245 0.999982238 61.806121826
0.999988556 0.001558747 -0.004518912 1.267046809 -0.001543580 0.999993086 0.003358027 -1.651345134 0.004524116 -0.003351013 0.999984145 62.328384399
0.999987662 0.001612968 -0.004700732 1.281331539 -0.001595799 0.999992073 0.003653751 -1.670395732 0.004706587 -0.003646204 0.999982297 62.875461578
0.999987721 0.001720200 -0.004650796 1.290080070 -0.001704710 0.999992967 0.003332811 -1.688417554 0.004656497 -0.003324842 0.999983609 63.407527924
0.999988616 0.001517203 -0.004529000 1.303312421 -0.001501216 0.999992549 0.003531361 -1.703650475 0.004534323 -0.003524523 0.999983490 63.942935944
0.999987662 0.001363749 -0.004773572 1.314732671 -0.001347091 0.999992967 0.003490975 -1.714590549 0.004778301 -0.003484501 0.999982536 64.484878540
0.999988377 0.001634956 -0.004557847 1.325990081 -0.001619009 0.999992490 0.003500327 -1.730194449 0.004563535 -0.003492907 0.999983430 65.016517639
0.999986649 0.001659922 -0.004882175 1.337338924 -0.001642555 0.999992251 0.003559233 -1.743037343 0.004888046 -0.003551167 0.999981701 65.559104919
0.999988616 0.000809818 -0.004708600 1.355233669 -0.000794750 0.999994576 0.003200964 -1.750429630 0.004711167 -0.003197185 0.999983788 66.117607117
0.999988437 0.001452782 -0.004569822 1.354865789 -0.001439789 0.999994814 0.002845171 -1.762012601 0.004573932 -0.002838559 0.999985576 66.691879272
0.999986351 0.000644463 -0.005173560 1.389408350 -0.000628493 0.999995053 0.003087858 -1.782517672 0.005175523 -0.003084564 0.999981821 67.179695129
0.999986708 0.000883562 -0.005072508 1.400977254 -0.000868099 0.999994993 0.003049785 -1.798582315 0.005075177 -0.003045342 0.999982417 67.703300476
0.999986947 0.000405375 -0.005078762 1.413386464 -0.000389091 0.999994755 0.003206940 -1.815196037 0.005080035 -0.003204922 0.999981940 68.237701416
0.999984503 0.000220101 -0.005561022 1.426931500 -0.000201429 0.999994338 0.003357986 -1.830866218 0.005561730 -0.003356813 0.999978900 68.752204895
0.999983847 0.000444816 -0.005671473 1.440162182 -0.000429146 0.999996066 0.002763911 -1.843750000 0.005672681 -0.002761432 0.999980032 69.294883728
0.999984801 -0.000077331 -0.005511696 1.454977512 0.000094469 0.999995112 0.003109191 -1.860699415 0.005511429 -0.003109664 0.999979973 69.814544678
0.999990284 0.000642508 -0.004359766 1.450807214 -0.000627110 0.999993563 0.003532297 -1.874224424 0.004362009 -0.003529529 0.999984264 70.364562988
0.999981821 -0.000760345 -0.005981193 1.482779026 0.000781216 0.999993622 0.003487873 -1.894457579 0.005978504 -0.003492482 0.999976039 70.870117188
0.999981761 -0.000741299 -0.005983096 1.490970850 0.000761533 0.999993980 0.003380413 -1.911673427 0.005980553 -0.003384908 0.999976397 71.397903442
0.999980390 -0.000736670 -0.006220421 1.500765324 0.000755793 0.999994993 0.003072468 -1.922252893 0.006218126 -0.003077110 0.999975920 71.921035767
0.999979794 -0.000978465 -0.006277730 1.510637522 0.000998941 0.999994159 0.003259253 -1.937300086 0.006274505 -0.003265458 0.999974966 72.449302673
0.999981999 -0.000342101 -0.005983610 1.510397434 0.000361965 0.999994338 0.003318898 -1.952192426 0.005982442 -0.003321003 0.999976575 72.983268738
0.999982774 -0.000433456 -0.005853899 1.518154263 0.000450569 0.999995589 0.002922395 -1.964372754 0.005852607 -0.002924982 0.999978602 73.515586853
0.999982715 -0.000612327 -0.005849448 1.526709557 0.000631679 0.999994338 0.003307117 -1.975811005 0.005847389 -0.003310755 0.999977350 74.044219971
0.999983490 -0.000569941 -0.005713926 1.533907533 0.000589219 0.999994159 0.003372781 -1.992697239 0.005711970 -0.003376092 0.999978006 74.581176758
0.999984384 -0.000448528 -0.005572431 1.541304111 0.000464157 0.999995887 0.002803635 -2.004148245 0.005571151 -0.002806178 0.999980569 75.106231689
0.999985754 -0.000165518 -0.005334997 1.544423103 0.000176994 0.999997616 0.002150587 -2.012860060 0.005334628 -0.002151500 0.999983490 75.648040771
0.999982357 -0.001214773 -0.005815555 1.555884242 0.001231568 0.999995053 0.002885299 -2.031065226 0.005812020 -0.002892410 0.999978900 76.166198730
0.999983132 -0.000752518 -0.005758585 1.564688683 0.000768990 0.999995708 0.002858826 -2.046058655 0.005756407 -0.002863206 0.999979317 76.690795898
0.999984086 -0.000142118 -0.005642288 1.560169816 0.000160046 0.999994934 0.003177158 -2.063730717 0.005641808 -0.003178010 0.999979019 77.227127075
0.999983609 -0.000601732 -0.005692637 1.570217729 0.000616598 0.999996424 0.002609958 -2.078083515 0.005691046 -0.002613426 0.999980330 77.746711731
0.999985576 -0.000479935 -0.005352590 1.566326380 0.000495343 0.999995708 0.002877815 -2.092935324 0.005351185 -0.002880424 0.999981523 78.288040161
0.999981880 -0.000967912 -0.005943375 1.577854156 0.000985701 0.999995053 0.002990867 -2.111070871 0.005940449 -0.002996671 0.999977827 78.836982727
0.999984622 -0.000724671 -0.005487917 1.581861973 0.000739602 0.999995947 0.002719136 -2.124030352 0.005485923 -0.002723153 0.999981225 79.340232849
0.999989569 -0.000485922 -0.004540097 1.586012483 0.000498717 0.999995828 0.002817329 -2.136651993 0.004538708 -0.002819564 0.999985754 79.868415833
0.999990582 -0.001378825 -0.004122280 1.606714964 0.001387328 0.999996901 0.002060786 -2.149572372 0.004119425 -0.002066485 0.999989390 80.440147400
0.999997497 -0.000700980 -0.002119116 1.595477343 0.000707046 0.999995649 0.002862802 -2.167422056 0.002117099 -0.002864293 0.999993682 80.893974304
0.999998569 -0.001362652 -0.001009006 1.601627946 0.001365486 0.999995112 0.002813828 -2.178873539 0.001005167 -0.002815201 0.999995530 81.434265137
0.999997318 -0.000993869 0.002145802 1.620135069 0.000988058 0.999995828 0.002707796 -2.192453861 -0.002148484 -0.002705669 0.999994040 81.986312866
0.999979496 -0.000769614 0.006369161 1.629325747 0.000755677 0.999997318 0.002190379 -2.195039988 -0.006370829 -0.002185521 0.999977350 82.542648315
0.999959826 -0.001373615 0.008849599 1.644957900 0.001349480 0.999995351 0.002732619 -2.215660810 -0.008853312 -0.002720568 0.999957085 83.060287476
0.999912381 -0.001161776 0.013188400 1.662985086 0.001127670 0.999996126 0.002593218 -2.225686550 -0.013191361 -0.002578118 0.999909580 83.604209900
0.999822497 -0.000694736 0.018828657 1.688030362 0.000644425 0.999996185 0.002677926 -2.240856647 -0.018830443 -0.002665317 0.999819100 84.148864746
0.999680161 -0.001336287 0.025254110 1.697056413 0.001270859 0.999995708 0.002606651 -2.244187593 -0.025257483 -0.002573722 0.999677658 84.668876648
0.999510109 -0.001170600 0.031273380 1.725704432 0.001088206 0.999995887 0.002651511 -2.258238792 -0.031276353 -0.002616181 0.999507308 85.199638367
0.999230266 -0.001146500 0.039212126 1.760874271 0.001028828 0.999994934 0.003020975 -2.274814844 -0.039215386 -0.002978306 0.999226272 85.739486694
0.998867631 -0.001628091 0.047546815 1.799271345 0.001511027 0.999995708 0.002497916 -2.286796808 -0.047550675 -0.002423243 0.998865902 86.273750305
0.998510063 -0.002010343 0.054531079 1.842910528 0.001868313 0.999994755 0.002655426 -2.300921440 -0.054536134 -0.002549588 0.998508453 86.811431885
0.997986436 -0.002020655 0.063395463 1.891447544 0.001847315 0.999994397 0.002792771 -2.315469265 -0.063400753 -0.002670036 0.997984588 87.340095520
0.997306824 -0.002373373 0.073302716 1.952393055 0.002171136 0.999993622 0.002838484 -2.334817171 -0.073308975 -0.002671690 0.997305691 87.846664429
0.996647239 -0.002935895 0.081765376 2.018033504 0.002750810 0.999993384 0.002376159 -2.340737581 -0.081771806 -0.002143272 0.996648788 88.402442932
0.995994866 -0.002941071 0.089361906 2.060633183 0.002699371 0.999992371 0.002825464 -2.360452890 -0.089369543 -0.002572927 0.995995343 88.938056946
0.995079517 -0.003049091 0.099032536 2.154593468 0.002785142 0.999992132 0.002803419 -2.376287460 -0.099040315 -0.002513805 0.995080233 89.457221985
0.993989050 -0.003661615 0.109417655 2.218981266 0.003356434 0.999989927 0.002973185 -2.389099121 -0.109427452 -0.002588060 0.993991435 90.016860962
0.992916048 -0.003814280 0.118756942 2.296547890 0.003479496 0.999989331 0.003026288 -2.409684896 -0.118767239 -0.002591635 0.992918730 90.541267395
0.991490304 -0.004226996 0.130112574 2.386204720 0.003858526 0.999987781 0.003083898 -2.424133301 -0.130124032 -0.002555612 0.991494477 91.074081421
0.989793599 -0.004272487 0.142444089 2.474059105 0.003845784 0.999987245 0.003270764 -2.444015503 -0.142456263 -0.002689573 0.989797413 91.596290588
0.988277972 -0.004815224 0.152588725 2.591936111 0.004340767 0.999984682 0.003442361 -2.447730064 -0.152602956 -0.002739658 0.988283753 92.145378113
0.986439347 -0.004502271 0.164064392 2.664380074 0.003906597 0.999984562 0.003953207 -2.474351406 -0.164079666 -0.003258666 0.986441731 92.693565369
0.984169543 -0.004226389 0.177179039 2.776897430 0.003550067 0.999985158 0.004134003 -2.488347292 -0.177193880 -0.003439562 0.984169960 93.232215881
0.981952608 -0.005091538 0.189058259 2.903855324 0.004383361 0.999981701 0.004163753 -2.511217117 -0.189076021 -0.003259898 0.981956959 93.726646423
0.979858398 -0.004553147 0.199641347 3.030981064 0.003636521 0.999981105 0.004957815 -2.516969919 -0.199660152 -0.004131957 0.979856491 94.312820435
0.977170646 -0.005039762 0.212396160 3.196504593 0.004226279 0.999981880 0.004283856 -2.536027193 -0.212413907 -0.003288413 0.977174222 94.948280334
0.974242866 -0.005624737 0.225430593 3.343505859 0.004803150 0.999979675 0.004192804 -2.543581724 -0.225449592 -0.003002033 0.974250138 95.479644775
0.971706092 -0.006972361 0.236090273 3.499101639 0.006151609 0.999972165 0.004212842 -2.558609009 -0.236113101 -0.002641310 0.971721947 96.001472473
0.968344092 -0.005085782 0.249567419 3.669979095 0.004339986 0.999984324 0.003538531 -2.554091930 -0.249581486 -0.002343396 0.968350887 96.875816345
0.965577722 -0.006948214 0.260021865 3.802431107 0.005746449 0.999968946 0.005381682 -2.603470087 -0.260051191 -0.003702230 0.965587676 96.895385742
0.961348593 -0.005846343 0.275272101 4.011566162 0.004983534 0.999980211 0.003833709 -2.584810495 -0.275289118 -0.002313703 0.961358607 97.924728394
0.957872152 -0.005732283 0.287137777 4.204183578 0.004620322 0.999978960 0.004550028 -2.617838144 -0.287157804 -0.003031676 0.957878470 98.490806580
0.953671098 -0.004795020 0.300812930 4.393758774 0.003594878 0.999983251 0.004543047 -2.614716530 -0.300829649 -0.003251187 0.953672290 99.003799438
0.949000478 -0.006182276 0.315214038 4.600948334 0.004984154 0.999976993 0.004606930 -2.645595789 -0.315235317 -0.002800903 0.949009418 99.560447693
0.945207953 -0.006711931 0.326399922 4.805248260 0.005451092 0.999973714 0.004777386 -2.656557798 -0.326423407 -0.002736388 0.945219755 100.073814392
0.940515637 -0.006984406 0.339678854 5.013473511 0.005589071 0.999971509 0.005085976 -2.676681757 -0.339704663 -0.002884951 0.940527678 100.562988281
0.935247123 -0.007007501 0.353926241 5.227670670 0.005223670 0.999968469 0.005995198 -2.695237875 -0.353957057 -0.003758199 0.935254157 101.050842285
0.930843413 -0.008725597 0.365314305 5.460384369 0.007153227 0.999958396 0.005657326 -2.697807074 -0.365348548 -0.002652909 0.930867076 101.557815552
0.926313639 -0.008607883 0.376654834 5.686342239 0.006760688 0.999957800 0.006225863 -2.728443146 -0.376692474 -0.003220656 0.926332772 102.040611267
0.919986248 -0.009111439 0.391844720 5.953619003 0.007222255 0.999954045 0.006294954 -2.750794888 -0.391884089 -0.002961269 0.920009792 102.658020020
0.914193451 -0.008553841 0.405187845 6.203281403 0.007074312 0.999961674 0.005148781 -2.719902039 -0.405216336 -0.001840557 0.914218962 103.273178101
0.909228683 -0.009864942 0.416179955 6.436790466 0.007559629 0.999945581 0.007186730 -2.780581951 -0.416228175 -0.003388215 0.909253895 103.617790222
0.903989732 -0.011174845 0.427408189 6.705421448 0.008452434 0.999930084 0.008266453 -2.823650599 -0.427470654 -0.003860149 0.904021025 104.020751953
0.897241056 -0.010047149 0.441426694 7.024127960 0.007912685 0.999946356 0.006676137 -2.826537132 -0.441470057 -0.002497233 0.897272468 104.688247681
0.890756488 -0.009883027 0.454373538 7.250629425 0.007308649 0.999945760 0.007421786 -2.824996471 -0.454422235 -0.003290147 0.890780449 105.199089050
0.885778785 -0.011174317 0.463973045 7.589546204 0.008793607 0.999934793 0.007294381 -2.848746300 -0.464024246 -0.002381211 0.885819197 105.658905029
0.878087580 -0.011381345 0.478364587 7.866683960 0.008979488 0.999933004 0.007307832 -2.870009661 -0.478415638 -0.002121448 0.878130913 106.165718079
