1.000000000 0.000000000 0.000000000 0.000000000 0.000000000 1.000000000 0.000000000 0.000000000 0.000000000 0.000000000 1.000000000 0.000000000
1.000000000 0.000003409 0.000040757 0.000240596 -0.000003413 1.000000000 0.000088464 -0.000424268 -0.000040757 -0.000088464 1.000000000 -0.000249563
1.000000000 0.000007589 -0.000145261 0.001281337 -0.000007580 1.000000000 0.000057793 -0.000681309 0.000145261 -0.000057792 1.000000000 -0.000883990
1.000000000 0.000096238 -0.000030227 0.000351311 -0.000096236 1.000000000 0.000052824 -0.000175155 0.000030232 -0.000052821 1.000000000 0.001177963
1.000000000 0.000057541 -0.000005042 -0.000094136 -0.000057541 1.000000000 0.000020494 -0.000004723 0.000005043 -0.000020494 1.000000000 -0.000347803
1.000000000 0.000052822 -0.000057493 -0.000077022 -0.000052822 1.000000000 0.000010644 -0.000234324 0.000057494 -0.000010641 1.000000000 -0.000420465
1.000000000 0.000099798 -0.000065071 0.000592454 -0.000099796 1.000000000 0.000020654 -0.000901829 0.000065074 -0.000020648 1.000000000 -0.001641545
1.000000000 0.000003385 -0.000031374 0.000682225 -0.000003387 1.000000000 -0.000065630 0.000344087 0.000031373 0.000065631 1.000000000 -0.000284279
1.000000000 -0.000043130 0.000096235 0.000571017 0.000043127 1.000000000 0.000036725 -0.000780244 -0.000096237 -0.000036721 1.000000000 -0.001640711
1.000000000 -0.000153735 -0.000011598 0.000707740 0.000153734 1.000000000 -0.000064648 0.000946038 0.000011608 0.000064646 1.000000000 0.001738948
1.000000000 -0.000105034 -0.000054715 0.000735676 0.000105034 1.000000000 0.000004209 0.000050963 0.000054715 -0.000004215 1.000000000 0.002145841
1.000000000 -0.000016436 0.000048889 0.000157225 0.000016444 1.000000000 -0.000170228 0.002158623 -0.000048887 0.000170229 1.000000000 0.003366304
1.000000000 -0.000120882 0.000015624 -0.000040867 0.000120882 1.000000000 0.000042188 0.000178790 -0.000015629 -0.000042186 1.000000000 0.001388875
1.000000000 -0.000076313 -0.000002935 0.000370377 0.000076313 1.000000000 0.000084331 0.000192160 0.000002929 -0.000084331 1.000000000 0.001035835
1.000000000 -0.000074478 -0.000102986 0.001555395 0.000074487 1.000000000 0.000084106 -0.000271672 0.000102980 -0.000084113 1.000000000 0.000222505
1.000000000 -0.000084556 -0.000048288 0.000078968 0.000084556 1.000000000 0.000000229 -0.000061164 0.000048288 -0.000000233 1.000000000 -0.000291541
0.999999940 0.000205198 0.000172512 -0.001460535 -0.000205206 1.000000000 0.000043663 -0.000241484 -0.000172503 -0.000043698 1.000000000 0.000386155
1.000000000 0.000031604 -0.000211161 0.001075536 -0.000031628 1.000000000 -0.000113526 0.000398420 0.000211158 0.000113533 1.000000000 -0.000025143
1.000000000 -0.000129028 -0.000008233 0.000778780 0.000129028 1.000000000 -0.000019562 -0.000081461 0.000008236 0.000019561 1.000000000 0.000402469
1.000000000 -0.000019596 0.000082841 0.000190278 0.000019594 1.000000000 0.000014356 -0.000059554 -0.000082841 -0.000014354 1.000000000 0.001107850
1.000000000 0.000135223 0.000056993 -0.000689588 -0.000135219 1.000000000 -0.000055566 0.000511252 -0.000057000 0.000055559 1.000000000 0.001592628
1.000000000 0.000015548 -0.000015106 0.000302326 -0.000015548 1.000000000 0.000016566 0.000596072 0.000015107 -0.000016565 1.000000000 0.000417041
1.000000000 -0.000070845 0.000018046 0.001646072 0.000070845 1.000000000 0.000010655 0.000271831 -0.000018047 -0.000010654 1.000000000 0.000793528
1.000000000 0.000031343 0.000145577 -0.000379431 -0.000031337 1.000000000 -0.000042365 0.001222118 -0.000145578 0.000042361 1.000000000 0.000580876
1.000000000 -0.000027770 -0.000033715 0.000786994 0.000027770 1.000000000 -0.000009289 0.000268121 0.000033715 0.000009288 1.000000000 0.000028359
1.000000000 0.000074968 0.000033206 -0.000326494 -0.000074965 1.000000000 -0.000110073 0.001420921 -0.000033214 0.000110070 1.000000000 0.000845987
1.000000000 0.000039363 0.000136366 -0.001155529 -0.000039340 1.000000000 -0.000168359 0.001251370 -0.000136372 0.000168354 1.000000000 0.001096129
1.000000000 -0.000018972 -0.000003066 -0.000340568 0.000018972 1.000000000 -0.000078107 0.000203370 0.000003068 0.000078107 1.000000000 0.000152025
1.000000000 -0.000027616 -0.000041500 -0.000914203 0.000027616 1.000000000 0.000005391 0.001390195 0.000041500 -0.000005392 1.000000000 0.002572764
1.000000000 0.000073318 0.000140889 -0.001323273 -0.000073312 1.000000000 -0.000045545 0.001350981 -0.000140892 0.000045535 1.000000000 0.001658357
1.000000000 0.000023023 -0.000051107 0.000960282 -0.000023020 1.000000000 0.000065269 0.000431052 0.000051108 -0.000065268 1.000000000 0.000121859
1.000000000 -0.000006916 0.000102490 -0.001297037 0.000006907 1.000000000 0.000085013 0.000319275 -0.000102491 -0.000085013 1.000000000 0.001726047
1.000000000 -0.000086831 0.000064691 -0.000825756 0.000086830 1.000000000 0.000006968 0.000048032 -0.000064692 -0.000006963 1.000000000 0.001368137
1.000000000 -0.000084708 0.000027145 -0.000537923 0.000084707 1.000000000 0.000017675 0.000984941 -0.000027147 -0.000017673 1.000000000 0.001765132
1.000000000 -0.000020213 0.000149207 -0.001235100 0.000020223 1.000000000 -0.000070206 0.001954543 -0.000149205 0.000070209 1.000000000 0.003104110
1.000000000 0.000135247 0.000168468 -0.001943608 -0.000135234 1.000000000 -0.000076972 0.002753402 -0.000168478 0.000076949 1.000000000 0.003612481
0.999999940 -0.000264677 0.000023042 0.000065945 0.000264676 0.999999940 0.000011898 0.000855138 -0.000023045 -0.000011892 1.000000000 0.001710098
1.000000000 -0.000000398 0.000092789 -0.001286671 0.000000388 1.000000000 0.000102211 0.000660616 -0.000092789 -0.000102211 1.000000000 0.001444467
1.000000000 -0.000125513 -0.000010466 -0.000183925 0.000125513 1.000000000 -0.000036475 0.001295832 0.000010471 0.000036474 1.000000000 0.001651751
0.999999940 0.000051257 0.000243164 -0.001844142 -0.000051269 1.000000000 0.000053096 -0.000668427 -0.000243161 -0.000053109 0.999999940 0.001918454
0.999999940 -0.000084480 0.000296093 -0.001062681 0.000084685 0.999999762 -0.000689506 -0.001754316 -0.000296034 0.000689531 0.999999702 0.052474607
0.999999940 0.000231517 0.000201251 -0.000204466 -0.000231257 0.999999166 -0.001288971 -0.004537639 -0.000201550 0.001288925 0.999999166 0.134370670
0.999999881 0.000525554 -0.000012826 0.003103237 -0.000525572 0.999998748 -0.001485218 -0.003849345 0.000012046 0.001485224 0.999998868 0.254057050
0.999999940 0.000322354 0.000017661 0.004692278 -0.000322332 0.999999166 -0.001234230 -0.013011673 -0.000018058 0.001234224 0.999999225 0.382471025
0.999999940 0.000400929 0.000124385 0.007309524 -0.000400786 0.999999285 -0.001148514 -0.015686726 -0.000124845 0.001148463 0.999999344 0.528155386
0.999999940 0.000292199 0.000065619 0.012979824 -0.000292121 0.999999285 -0.001176925 -0.018713653 -0.000065963 0.001176905 0.999999285 0.680926144
0.999999940 0.000160003 0.000201559 0.016037194 -0.000159767 0.999999285 -0.001168176 -0.019815130 -0.000201745 0.001168144 0.999999285 0.852668345
0.999999821 0.000509711 0.000278067 0.014294065 -0.000509451 0.999999404 -0.000937328 -0.025536263 -0.000278545 0.000937186 0.999999523 1.018315196
0.999999881 0.000226998 0.000427878 0.017080683 -0.000226872 0.999999940 -0.000294172 -0.034715936 -0.000427945 0.000294075 0.999999881 1.188259482
0.999999940 0.000233479 0.000290723 0.017897697 -0.000233297 0.999999762 -0.000626834 -0.034442019 -0.000290869 0.000626766 0.999999762 1.378310442
1.000000000 0.000095773 0.000196520 0.029609280 -0.000095664 0.999999821 -0.000558050 -0.041499034 -0.000196573 0.000558032 0.999999821 1.572600245
0.999999046 0.001107090 0.000802224 0.022833658 -0.001106759 0.999999285 -0.000413356 -0.047022577 -0.000802681 0.000412467 0.999999583 1.768809080
0.999999821 0.000537849 -0.000138271 0.043524172 -0.000537955 0.999999583 -0.000772410 -0.047056410 0.000137856 0.000772484 0.999999702 1.961921096
0.999999583 0.000670173 0.000630950 0.032326248 -0.000669778 0.999999583 -0.000624790 -0.055001814 -0.000631369 0.000624367 0.999999583 2.180382967
0.999999285 0.000789698 0.000891197 0.032157350 -0.000789423 0.999999642 -0.000308917 -0.069069177 -0.000891441 0.000308214 0.999999583 2.381217957
0.999999344 0.000930322 -0.000690726 0.061607778 -0.000930646 0.999999464 -0.000468310 -0.072967149 0.000690290 0.000468953 0.999999642 2.610460520
0.999999881 0.000299579 -0.000471303 0.069705322 -0.000299563 1.000000000 0.000033916 -0.086616680 0.000471313 -0.000033775 0.999999881 2.826525927
0.999999225 0.000997992 -0.000777246 0.073262118 -0.000998364 0.999999404 -0.000478747 -0.085517317 0.000776768 0.000479523 0.999999523 3.072576761
0.999999046 0.000746331 -0.001195010 0.082927763 -0.000747296 0.999999344 -0.000807601 -0.090461217 0.001194407 0.000808493 0.999998927 3.310066938
0.999999464 0.000219991 -0.001036702 0.087481432 -0.000220522 0.999999881 -0.000512141 -0.101184323 0.001036589 0.000512369 0.999999285 3.546583652
0.999999344 0.000516691 -0.001009224 0.093074389 -0.000517024 0.999999821 -0.000330276 -0.107596114 0.001009053 0.000330798 0.999999404 3.815510273
0.999999404 0.000488696 -0.000898705 0.095132045 -0.000489182 0.999999762 -0.000540398 -0.111760631 0.000898441 0.000540837 0.999999523 4.077466011
0.999999464 0.000741196 -0.000664957 0.098289385 -0.000741262 0.999999702 -0.000098487 -0.122326076 0.000664884 0.000098980 0.999999762 4.330090523
0.999999702 0.000522284 -0.000468126 0.098327123 -0.000522328 0.999999881 -0.000094681 -0.125611082 0.000468077 0.000094925 0.999999881 4.582783222
0.999999344 0.000846290 -0.000793593 0.110447377 -0.000846614 0.999999523 -0.000407844 -0.131933063 0.000793247 0.000408516 0.999999583 4.851191044
0.999999404 0.000687263 -0.000872042 0.116385281 -0.000687706 0.999999642 -0.000507141 -0.137546301 0.000871693 0.000507740 0.999999464 5.112563610
0.999999106 0.001234009 -0.000476250 0.117292352 -0.001234403 0.999998868 -0.000828051 -0.145602226 0.000475228 0.000828639 0.999999464 5.374751091
0.999998987 0.001384893 -0.000362638 0.123653002 -0.001385089 0.999998808 -0.000540696 -0.152716056 0.000361889 0.000541198 0.999999762 5.632627010
0.999999523 0.000572387 -0.000933198 0.131301492 -0.000572476 0.999999821 -0.000094835 -0.162323400 0.000933144 0.000095369 0.999999583 5.902187824
0.999999225 0.000533657 -0.001103232 0.138774753 -0.000533600 0.999999821 0.000051565 -0.172447696 0.001103260 -0.000050976 0.999999464 6.180258751
0.999999464 0.000992145 -0.000303930 0.133090913 -0.000992115 0.999999464 0.000100105 -0.178336322 0.000304029 -0.000099803 0.999999940 6.454236984
0.999999702 0.000806733 -0.000441968 0.146550402 -0.000806706 0.999999642 0.000059899 -0.191332772 0.000442017 -0.000059542 0.999999940 6.740593910
0.999999166 0.001084153 -0.000692475 0.149041474 -0.001084470 0.999999285 -0.000458109 -0.195072442 0.000691978 0.000458859 0.999999583 7.057281971
0.999999583 0.000630817 -0.000563000 0.153751254 -0.000631144 0.999999642 -0.000580858 -0.201041445 0.000562633 0.000581214 0.999999642 7.355130196
0.999999523 0.000729181 -0.000513745 0.160827622 -0.000729600 0.999999344 -0.000815753 -0.210623890 0.000513150 0.000816127 0.999999464 7.669709206
0.999999464 0.000813868 -0.000580626 0.173294052 -0.000813871 0.999999583 -0.000004781 -0.231592178 0.000580622 0.000005253 0.999999821 7.961533546
0.999999523 0.000631324 -0.000687168 0.173492610 -0.000631351 0.999999762 -0.000038808 -0.236732364 0.000687143 0.000039241 0.999999762 8.299591064
0.999999523 0.000610547 -0.000753186 0.183832556 -0.000610496 0.999999762 0.000067482 -0.250952303 0.000753228 -0.000067022 0.999999702 8.617542267
0.999999940 0.000265848 -0.000219112 0.196037084 -0.000265730 0.999999821 0.000537313 -0.266457856 0.000219255 -0.000537255 0.999999821 8.941804886
0.999999583 0.000695271 -0.000530135 0.195620596 -0.000695189 0.999999762 0.000154693 -0.272883832 0.000530242 -0.000154324 0.999999881 9.287998199
0.999999464 0.000828543 -0.000592756 0.197051197 -0.000828411 0.999999642 0.000222631 -0.279342711 0.000592940 -0.000222140 0.999999821 9.631990433
0.999999225 0.000676448 -0.001080448 0.212018460 -0.000676174 0.999999762 0.000254137 -0.288954109 0.001080619 -0.000253406 0.999999404 9.982604027
0.999999225 0.000669619 -0.000966458 0.224420115 -0.000669140 0.999999583 0.000495984 -0.303289682 0.000966790 -0.000495337 0.999999464 10.326505661
0.999999464 0.000897999 -0.000528174 0.215532780 -0.000897827 0.999999464 0.000325824 -0.312698185 0.000528466 -0.000325350 0.999999762 10.698036194
0.999999940 0.000194120 -0.000466636 0.224894673 -0.000193884 0.999999881 0.000506951 -0.321858615 0.000466734 -0.000506861 0.999999762 11.068268776
0.999999821 0.000401887 -0.000434365 0.230954885 -0.000401804 0.999999821 0.000191665 -0.332048029 0.000434441 -0.000191490 0.999999940 11.443631172
0.999999762 0.000492369 -0.000508298 0.236224279 -0.000492059 0.999999702 0.000609823 -0.343623430 0.000508598 -0.000609573 0.999999702 11.816972733
0.999999762 0.000671796 -0.000442512 0.246026382 -0.000671530 0.999999642 0.000601414 -0.356559277 0.000442916 -0.000601117 0.999999762 12.198627472
0.999999762 0.000594992 -0.000398345 0.254253805 -0.000594874 0.999999762 0.000295381 -0.364588022 0.000398520 -0.000295144 0.999999881 12.593719482
0.999999583 0.000786117 -0.000416193 0.261714190 -0.000786012 0.999999642 0.000252568 -0.375245512 0.000416392 -0.000252240 0.999999881 12.990967751
0.999999523 0.000946512 -0.000293592 0.267637849 -0.000946443 0.999999523 0.000234880 -0.384629399 0.000293814 -0.000234602 0.999999940 13.397796631
0.999999881 0.000486270 0.000162897 0.275310814 -0.000486302 0.999999881 0.000197154 -0.391889244 -0.000162801 -0.000197233 0.999999940 13.812867165
0.999999821 0.000552977 0.000132538 0.281557918 -0.000553032 0.999999762 0.000416568 -0.405192941 -0.000132308 -0.000416641 0.999999881 14.219460487
0.999999464 0.000996212 0.000335561 0.293018430 -0.000996315 0.999999464 0.000307683 -0.415887654 -0.000335254 -0.000308017 0.999999881 14.642433167
0.999999821 0.000494179 0.000210151 0.303000897 -0.000494294 0.999999762 0.000550544 -0.429794610 -0.000209879 -0.000550647 0.999999762 15.068323135
0.999999523 0.000799438 0.000442214 0.314482868 -0.000799594 0.999999642 0.000351198 -0.442276090 -0.000441932 -0.000351552 0.999999762 15.512915611
0.999999642 0.000491611 0.000688651 0.324472100 -0.000491770 0.999999881 0.000230273 -0.453391165 -0.000688537 -0.000230612 0.999999702 15.953689575
0.999999642 0.000385852 0.000703012 0.334575921 -0.000386049 0.999999881 0.000280789 -0.463964313 -0.000702904 -0.000281060 0.999999702 16.401981354
0.999999344 0.000444714 0.001056198 0.342217803 -0.000444811 0.999999881 0.000090845 -0.477318972 -0.001056157 -0.000091315 0.999999464 16.845605850
0.999998987 0.000495812 0.001347851 0.351409227 -0.000496546 0.999999702 0.000543894 -0.494652182 -0.001347581 -0.000544563 0.999998987 17.296125412
0.999998212 0.000693627 0.001771719 0.357547343 -0.000694004 0.999999702 0.000212009 -0.500759542 -0.001771571 -0.000213238 0.999998391 17.773630142
0.999997675 0.000827811 0.002002831 0.368321538 -0.000827679 0.999999583 -0.000066785 -0.513066649 -0.002002886 0.000065128 0.999997973 18.242588043
0.999998569 0.000588903 0.001593747 0.387419969 -0.000589365 0.999999821 0.000289693 -0.523854733 -0.001593576 -0.000290632 0.999998689 18.707212448
0.999997020 0.001192300 0.002120945 0.397876471 -0.001192936 0.999999166 0.000298555 -0.542742670 -0.002120588 -0.000301085 0.999997675 19.167741776
0.999995768 0.001786946 0.002280307 0.409919798 -0.001787188 0.999998331 0.000104053 -0.553254128 -0.002280117 -0.000108128 0.999997377 19.651458740
0.999997377 0.000764483 0.002173229 0.421015352 -0.000765168 0.999999642 0.000314371 -0.566617787 -0.002172987 -0.000316033 0.999997616 20.129461288
0.999997735 0.001165177 0.001836058 0.429920912 -0.001165734 0.999999404 0.000302509 -0.581876516 -0.001835704 -0.000304648 0.999998271 20.630119324
0.999997973 0.000971977 0.001781108 0.438645214 -0.000972097 0.999999523 0.000066377 -0.590803564 -0.001781042 -0.000068108 0.999998391 21.127412796
0.999998629 0.000909706 0.001389307 0.444358408 -0.000909016 0.999999464 -0.000497744 -0.595205843 -0.001389759 0.000496480 0.999998927 21.644159317
0.999998629 0.001215154 0.001126214 0.452503920 -0.001216060 0.999998927 0.000804254 -0.626817465 -0.001125236 -0.000805622 0.999999046 22.134410858
0.999999523 0.000898272 0.000339378 0.467805356 -0.000898466 0.999999404 0.000572172 -0.634101987 -0.000338864 -0.000572477 0.999999762 22.647676468
0.999998689 0.001567585 0.000359932 0.469084084 -0.001567633 0.999998748 0.000132581 -0.649104953 -0.000359723 -0.000133145 0.999999940 23.171146393
0.999999225 0.001082397 -0.000529569 0.483003020 -0.001082249 0.999999404 0.000279609 -0.668982327 0.000529872 -0.000279036 0.999999881 23.683835983
0.999999225 0.000552700 -0.001132830 0.492676288 -0.000552884 0.999999821 -0.000162681 -0.681367636 0.001132740 0.000163307 0.999999344 24.219594955
0.999997914 0.001217635 -0.001650848 0.498991340 -0.001216790 0.999999106 0.000512499 -0.697328031 0.001651471 -0.000510489 0.999998569 24.758758545
0.999995112 0.001794818 -0.002567187 0.513632715 -0.001793783 0.999998331 0.000405462 -0.713413239 0.002567910 -0.000400855 0.999996603 25.294120789
0.999993801 0.001680989 -0.003095435 0.522090077 -0.001679724 0.999998450 0.000411244 -0.727516115 0.003096121 -0.000406042 0.999995112 25.839494705
0.999992549 0.001817505 -0.003391159 0.523047268 -0.001816234 0.999998212 0.000377559 -0.740225971 0.003391840 -0.000371397 0.999994159 26.392786026
0.999991655 0.001116352 -0.003922750 0.531167924 -0.001113407 0.999999046 0.000752855 -0.754698694 0.003923587 -0.000748481 0.999991953 26.943828583
0.999990642 0.001274433 -0.004139129 0.543793559 -0.001269889 0.999998510 0.001100142 -0.777765334 0.004140525 -0.001094876 0.999990821 27.480209351
0.999987364 0.001684862 -0.004734849 0.545224905 -0.001680674 0.999998212 0.000888233 -0.789018154 0.004736337 -0.000880264 0.999988317 28.039224625
0.999985516 0.002084811 -0.004956881 0.549773574 -0.002077094 0.999996662 0.001561579 -0.805754244 0.004960120 -0.001551261 0.999986470 28.583869934
0.999983609 0.002222811 -0.005275664 0.559719741 -0.002215985 0.999996722 0.001299336 -0.819378436 0.005278535 -0.001287624 0.999985218 29.112115860
0.999982238 0.002056654 -0.005591827 0.568580627 -0.002048774 0.999996841 0.001414578 -0.836664915 0.005594719 -0.001403096 0.999983370 29.681396484
0.999981582 0.002288681 -0.005616276 0.569675148 -0.002281936 0.999996662 0.001207121 -0.846593559 0.005619020 -0.001194283 0.999983430 30.230314255
0.999979317 0.002402213 -0.005961519 0.577968299 -0.002396704 0.999996662 0.000930884 -0.861054480 0.005963735 -0.000916577 0.999981821 30.787040710
0.999978662 0.002306317 -0.006108342 0.587255478 -0.002301014 0.999996960 0.000875124 -0.875529289 0.006110342 -0.000861050 0.999980986 31.333671570
0.999974489 0.002599652 -0.006641334 0.595494926 -0.002593169 0.999996126 0.000984582 -0.890119672 0.006643868 -0.000967335 0.999977469 31.884185791
0.999975085 0.002250189 -0.006681190 0.603416324 -0.002242500 0.999996781 0.001158237 -0.904978216 0.006683774 -0.001143226 0.999977052 32.436538696
0.999974012 0.002524028 -0.006750862 0.607635140 -0.002518268 0.999996483 0.000861591 -0.916283309 0.006753014 -0.000844568 0.999976814 32.982379913
0.999971032 0.003387757 -0.006810477 0.613134861 -0.003384580 0.999994218 0.000478033 -0.932663083 0.006812057 -0.000454968 0.999976695 33.517200470
0.999970198 0.002940079 -0.007136635 0.624267459 -0.002933749 0.999995232 0.000897185 -0.948784828 0.007139239 -0.000876221 0.999974132 34.082096100
0.999970973 0.002117282 -0.007324384 0.632012725 -0.002107882 0.999996960 0.001290779 -0.970356107 0.007327095 -0.001275303 0.999972403 34.617141724
0.999968886 0.002657237 -0.007426151 0.634809911 -0.002648599 0.999995828 0.001172742 -0.981552243 0.007429236 -0.001153036 0.999971747 35.167930603
0.999973655 0.002498496 -0.006816324 0.634529591 -0.002491583 0.999996424 0.001022505 -0.993510127 0.006818854 -0.001005495 0.999976277 35.717296600
0.999971151 0.003661019 -0.006653308 0.638982952 -0.003654058 0.999992788 0.001058077 -1.014112949 0.006657133 -0.001033735 0.999977350 36.258327484
0.999965787 0.002944648 -0.007730092 0.655193627 -0.002939812 0.999995410 0.000636716 -1.020496249 0.007731932 -0.000613969 0.999969900 36.813503265
0.999967873 0.003261952 -0.007321159 0.659161448 -0.003260267 0.999994636 0.000241881 -1.033508420 0.007321908 -0.000218004 0.999973118 37.356590271
0.999963284 0.002873230 -0.008072899 0.664262295 -0.002870380 0.999995828 0.000364610 -1.048519611 0.008073913 -0.000341424 0.999967337 37.920886993
0.999963701 0.002406731 -0.008174610 0.670784712 -0.002403180 0.999997079 0.000444277 -1.062947392 0.008175655 -0.000424616 0.999966502 38.470336914
0.999966025 0.003077689 -0.007646823 0.669278026 -0.003077561 0.999995291 0.000028577 -1.075334191 0.007646876 -0.000005043 0.999970734 39.028270721
0.999959648 0.003449729 -0.008296125 0.682592750 -0.003446636 0.999993980 0.000387002 -1.092771411 0.008297411 -0.000358393 0.999965429 39.572853088
0.999961376 0.003495598 -0.008057648 0.691159487 -0.003491866 0.999993742 0.000477089 -1.107731700 0.008059266 -0.000448934 0.999967396 40.120834351
0.999957085 0.003298971 -0.008657024 0.713227749 -0.003290039 0.999994099 0.001045841 -1.135917068 0.008660424 -0.001017314 0.999961913 40.658691406
0.999949992 0.003140022 -0.009485709 0.722876370 -0.003133087 0.999994814 0.000745811 -1.145413876 0.009488001 -0.000716054 0.999954760 41.241691589
0.999947190 0.003417499 -0.009679871 0.733395219 -0.003409194 0.999993742 0.000874373 -1.159050822 0.009682798 -0.000841326 0.999952793 41.787673950
0.999944150 0.003406547 -0.010006282 0.752695918 -0.003398440 0.999993861 0.000827138 -1.177165508 0.010009040 -0.000793086 0.999949574 42.328727722
0.999943912 0.004055956 -0.009784341 0.740658998 -0.004048032 0.999991596 0.000829425 -1.187815785 0.009787622 -0.000789771 0.999951720 42.897903442
0.999944627 0.004033597 -0.009719105 0.745332360 -0.004022474 0.999991298 0.001163713 -1.204063535 0.009723715 -0.001124554 0.999952018 43.439968109
0.999945402 0.004341776 -0.009502747 0.755421281 -0.004337050 0.999990463 0.000517684 -1.215324044 0.009504903 -0.000476442 0.999954760 43.994678497
0.999944746 0.003735379 -0.009829035 0.754020095 -0.003725348 0.999992490 0.001038598 -1.234395504 0.009832842 -0.001001924 0.999951124 44.552841187
0.999943972 0.003877986 -0.009856893 0.764096498 -0.003872144 0.999992311 0.000611700 -1.246149659 0.009859189 -0.000573498 0.999951243 45.105491638
0.999948919 0.004685073 -0.008956996 0.764248490 -0.004680757 0.999988914 0.000502811 -1.254830003 0.008959253 -0.000460859 0.999959767 45.629119873
0.999946296 0.003820578 -0.009631094 0.769546330 -0.003809979 0.999992132 0.001118659 -1.280335426 0.009635292 -0.001081905 0.999952972 46.199031830
0.999945700 0.003426420 -0.009844834 0.779260993 -0.003418400 0.999993742 0.000831284 -1.297044992 0.009847621 -0.000797585 0.999951184 46.742321014
0.999946296 0.004238658 -0.009453345 0.783923388 -0.004231614 0.999990761 0.000765079 -1.306340933 0.009456502 -0.000725035 0.999954939 47.263179779
0.999947667 0.003275363 -0.009694912 0.774593353 -0.003269286 0.999994397 0.000642560 -1.316310048 0.009696963 -0.000610831 0.999952793 47.847190857
0.999953091 0.004133824 -0.008769623 0.771645069 -0.004129757 0.999991357 0.000481795 -1.330399156 0.008771539 -0.000445556 0.999961436 48.401058197
0.999952853 0.003382468 -0.009105306 0.781301379 -0.003378548 0.999994218 0.000445849 -1.344451785 0.009106761 -0.000415066 0.999958396 48.938030243
0.999951184 0.003504553 -0.009241474 0.778171420 -0.003498682 0.999993682 0.000651542 -1.357836723 0.009243699 -0.000619177 0.999957085 49.488842010
0.999952376 0.003780025 -0.009001776 0.784200728 -0.003777835 0.999992847 0.000260294 -1.371805906 0.009002694 -0.000226275 0.999959409 50.038013458
0.999953270 0.003763253 -0.008911461 0.789803863 -0.003756364 0.999992609 0.000789671 -1.391220689 0.008914366 -0.000756159 0.999960005 50.594440460
0.999953210 0.004006498 -0.008808015 0.795983553 -0.004003845 0.999991894 0.000318888 -1.404172897 0.008809221 -0.000283607 0.999961138 51.132869720
0.999956548 0.004230387 -0.008307008 0.799683988 -0.004227060 0.999990940 0.000417972 -1.420522690 0.008308700 -0.000382839 0.999965429 51.689071655
0.999951124 0.004308224 -0.008899628 0.809389949 -0.004304628 0.999990642 0.000423194 -1.437982917 0.008901368 -0.000384863 0.999960303 52.235668182
0.999953210 0.003972930 -0.008821039 0.814693928 -0.003968535 0.999992013 0.000515818 -1.453867674 0.008823017 -0.000480787 0.999960959 52.789463043
0.999955952 0.004365048 -0.008316009 0.814569831 -0.004358552 0.999990225 0.000799095 -1.467786074 0.008319416 -0.000762814 0.999965072 53.326370239
0.999953508 0.004244525 -0.008653446 0.822001457 -0.004238013 0.999990702 0.000770799 -1.487237692 0.008656638 -0.000734090 0.999962211 53.876056671
0.999955773 0.004641783 -0.008178354 0.828130186 -0.004636889 0.999989092 0.000617369 -1.500599861 0.008181130 -0.000579420 0.999966383 54.428596497
0.999960601 0.004374896 -0.007720931 0.822942615 -0.004369790 0.999990225 0.000678198 -1.514883161 0.007723823 -0.000644433 0.999970019 54.979183197
0.999953628 0.004475736 -0.008529129 0.838608265 -0.004472234 0.999989927 0.000429751 -1.529664636 0.008530967 -0.000391587 0.999963522 55.508384705
0.999956310 0.004690479 -0.008091828 0.842610419 -0.004687437 0.999988914 0.000394974 -1.545433283 0.008093591 -0.000357027 0.999967217 56.060314178
0.999951720 0.004550789 -0.008707264 0.845079660 -0.004547407 0.999989510 0.000408173 -1.556386709 0.008709030 -0.000368557 0.999962032 56.599971771
0.999958813 0.004360645 -0.007952985 0.855164886 -0.004358631 0.999990404 0.000270674 -1.573049068 0.007954089 -0.000235998 0.999968410 57.139240265
0.999952912 0.004918514 -0.008367727 0.855351090 -0.004914714 0.999987781 0.000474589 -1.585434318 0.008369959 -0.000433442 0.999964893 57.695110321
0.999947906 0.004905434 -0.008954640 0.863155782 -0.004892333 0.999986947 0.001484316 -1.610093355 0.008961803 -0.001440430 0.999958813 58.234382629
0.999958217 0.005533430 -0.007268162 0.865770102 -0.005530560 0.999984562 0.000414854 -1.618394256 0.007270345 -0.000374640 0.999973595 58.780071259
0.999955416 0.004763029 -0.008165000 0.871745706 -0.004763480 0.999988675 -0.000035917 -1.623632550 0.008164738 0.000074809 0.999966621 59.334499359
0.999955714 0.004824416 -0.008080771 0.879373491 -0.004827280 0.999988317 -0.000334983 -1.639794827 0.008079061 0.000373976 0.999967277 59.878444672
0.999955773 0.005376097 -0.007714345 0.880810618 -0.005377130 0.999985516 -0.000113185 -1.651282668 0.007713624 0.000154661 0.999970257 60.438453674
0.999951065 0.005672124 -0.008102705 0.884438992 -0.005673346 0.999983907 -0.000127842 -1.671122789 0.008101849 0.000173806 0.999967158 60.974319458
0.999952734 0.006557270 -0.007179147 0.886959016 -0.006558216 0.999978542 -0.000108421 -1.689303517 0.007178281 0.000155498 0.999974251 61.527835846
0.999956548 0.005732270 -0.007344273 0.895172954 -0.005736364 0.999983370 -0.000536497 -1.695809007 0.007341075 0.000578604 0.999972880 62.072326660
0.999954522 0.005477604 -0.007806603 0.912349463 -0.005478469 0.999984980 -0.000089391 -1.716037989 0.007805995 0.000132155 0.999969482 62.596618652
0.999945164 0.005961708 -0.008605374 0.923750520 -0.005961129 0.999982178 0.000092847 -1.734897137 0.008605774 -0.000041545 0.999962986 63.135253906
0.999949992 0.005805976 -0.008134023 0.920956433 -0.005808175 0.999983072 -0.000246692 -1.740587592 0.008132452 0.000293923 0.999966979 63.685100555
0.999944985 0.006634821 -0.008127519 0.924662292 -0.006633487 0.999977946 0.000191208 -1.767327189 0.008128609 -0.000137284 0.999966979 64.230476379
0.999947906 0.005707097 -0.008465664 0.939790428 -0.005707143 0.999983668 0.000018587 -1.779495478 0.008465631 0.000029728 0.999964178 64.768981934
0.999947488 0.006237951 -0.008135688 0.948086500 -0.006237598 0.999980569 0.000068907 -1.793667793 0.008135960 -0.000018157 0.999966919 65.312377930
0.999950528 0.005777910 -0.008092934 0.955878198 -0.005781672 0.999983191 -0.000441612 -1.803293347 0.008090246 0.000488381 0.999967158 65.867019653
0.999946594 0.006017078 -0.008400251 0.961218596 -0.006014388 0.999981880 0.000345259 -1.827014327 0.008402176 -0.000294719 0.999964654 66.387390137
0.999949932 0.006215935 -0.007850369 0.962114275 -0.006215854 0.999980748 0.000034593 -1.839294791 0.007850433 0.000014205 0.999969184 66.935760498
0.999948621 0.006379549 -0.007890621 0.975807428 -0.006375794 0.999979556 0.000500984 -1.858970284 0.007893655 -0.000450650 0.999968767 67.485755920
0.999943972 0.006378907 -0.008450397 0.983797014 -0.006369815 0.999979079 0.001102309 -1.887313485 0.008457254 -0.001048420 0.999963641 68.015113831
0.999939084 0.006697002 -0.008775183 0.996981204 -0.006683735 0.999976456 0.001540257 -1.909268022 0.008785293 -0.001481512 0.999960303 68.540840149
0.999939978 0.006961858 -0.008459856 1.000114918 -0.006955020 0.999975443 0.000837253 -1.919789314 0.008465477 -0.000778364 0.999963880 69.094520569
0.999942482 0.006757594 -0.008322150 0.992317379 -0.006752164 0.999976933 0.000680372 -1.926355004 0.008326557 -0.000624140 0.999965072 69.642486572
0.999948502 0.006261999 -0.007987366 1.001943588 -0.006259358 0.999980390 0.000355695 -1.936352372 0.007989436 -0.000305681 0.999967992 70.194557190
0.999948323 0.006524118 -0.007789485 1.004821539 -0.006521487 0.999978662 0.000363241 -1.955902815 0.007791689 -0.000312423 0.999969542 70.735107422
0.999943972 0.006925204 -0.008007902 1.009671807 -0.006925868 0.999976039 -0.000055273 -1.957663298 0.008007327 0.000110732 0.999967933 71.283988953
0.999939919 0.006849640 -0.008561658 1.028013825 -0.006853798 0.999976456 -0.000456465 -1.972231984 0.008558330 0.000515118 0.999963224 71.830230713
0.999942422 0.007085044 -0.008068029 1.025929928 -0.007084730 0.999974966 0.000067418 -1.989411116 0.008068305 -0.000010254 0.999967456 72.375694275
0.999942482 0.007172672 -0.007977483 1.022720575 -0.007166326 0.999973893 0.000823763 -2.021522045 0.007983183 -0.000766546 0.999967813 72.895149231
0.999947071 0.006705139 -0.007805741 1.033469915 -0.006694808 0.999976695 0.001348939 -2.044713974 0.007814603 -0.001296609 0.999968648 73.433517456
0.999949396 0.006156179 -0.007961779 1.035896063 -0.006144222 0.999979973 0.001525301 -2.060035944 0.007971009 -0.001476305 0.999967158 73.986671448
0.999943495 0.006957267 -0.008034543 1.042664528 -0.006950110 0.999975443 0.000918422 -2.068279743 0.008040735 -0.000862529 0.999967277 74.522300720
0.999943972 0.006795490 -0.008106352 1.053889275 -0.006787053 0.999976397 0.001068137 -2.082531214 0.008113419 -0.001013059 0.999966502 75.064811707
0.999940336 0.007231141 -0.008184517 1.057569504 -0.007219484 0.999972880 0.001452930 -2.101165771 0.008194802 -0.001393755 0.999965370 75.610626221
0.999943137 0.006870980 -0.008148183 1.067580938 -0.006864493 0.999976099 0.000823588 -2.110440016 0.008153648 -0.000767608 0.999966383 76.150688171
0.999928355 0.007672870 -0.009184626 1.078237176 -0.007660117 0.999969661 0.001422758 -2.130504370 0.009195263 -0.001352300 0.999956787 76.703819275
0.999944389 0.006725364 -0.008113025 1.077290535 -0.006721165 0.999977291 0.000544680 -2.140679359 0.008116503 -0.000490121 0.999966860 77.234870911
0.999941528 0.006621174 -0.008549212 1.085979223 -0.006616895 0.999978006 0.000528619 -2.153580427 0.008552523 -0.000472019 0.999963284 77.779785156
0.999941587 0.006334268 -0.008754181 1.089885831 -0.006328873 0.999979734 0.000643863 -2.172511339 0.008758082 -0.000588421 0.999961436 78.308792114
0.999942899 0.005994692 -0.008855993 1.103002429 -0.005994705 0.999982059 0.000025035 -2.184364557 0.008855984 0.000028056 0.999960840 78.854522705
0.999945104 0.006683389 -0.008064272 1.095546722 -0.006677512 0.999977410 0.000755516 -2.200820208 0.008069138 -0.000701626 0.999967217 79.408004761
0.999943435 0.007206237 -0.007820958 1.098277092 -0.007199516 0.999973714 0.000887221 -2.216550589 0.007827146 -0.000830864 0.999969065 79.954406738
0.999939919 0.007226771 -0.008242521 1.109154224 -0.007220324 0.999973536 0.000811829 -2.233714819 0.008248171 -0.000752267 0.999965668 80.484664917
0.999946594 0.007581020 -0.007023266 1.113982677 -0.007574545 0.999970853 0.000948090 -2.246523380 0.007030249 -0.000894842 0.999974906 81.036415100
0.999950171 0.007539796 -0.006555727 1.124123693 -0.007531442 0.999970794 0.001297883 -2.264885902 0.006565322 -0.001248444 0.999977708 81.578887939
0.999957323 0.007753113 -0.005019234 1.135818481 -0.007747592 0.999969304 0.001118991 -2.283114672 0.005027756 -0.001080057 0.999986708 82.113655090
0.999961853 0.007964742 -0.003577795 1.144369125 -0.007960560 0.999967635 0.001181825 -2.302680492 0.003587092 -0.001153299 0.999992907 82.650772095
0.999964833 0.008366391 -0.000526728 1.158400059 -0.008365845 0.999964476 0.001030491 -2.315990925 0.000535331 -0.001026048 0.999999344 83.202194214
0.999966145 0.007532403 0.003316891 1.175553083 -0.007536359 0.999970913 0.001181330 -2.321223497 -0.003307897 -0.001206287 0.999993801 83.703788757
0.999949574 0.007513557 0.006658207 1.188006163 -0.007521024 0.999971092 0.001096867 -2.348716974 -0.006649775 -0.001146889 0.999977171 84.282127380
0.999903977 0.007208804 0.011832198 1.208056450 -0.007222873 0.999973178 0.001146706 -2.365879059 -0.011823619 -0.001232058 0.999929309 84.837844849
0.999821365 0.007723359 0.017252252 1.240915060 -0.007745835 0.999969244 0.001236417 -2.381309748 -0.017242173 -0.001369829 0.999850392 85.356094360
0.999704421 0.007928774 0.022981780 1.270460725 -0.007967324 0.999967039 0.001586386 -2.402156830 -0.022968441 -0.001769020 0.999734640 85.901779175
0.999564588 0.007280276 0.028596314 1.304096937 -0.007329219 0.999971926 0.001607145 -2.418110371 -0.028583810 -0.001816034 0.999589682 86.435989380
0.999281824 0.007183364 0.037203245 1.318715811 -0.007229911 0.999973357 0.001116822 -2.426597118 -0.037194226 -0.001384996 0.999307096 87.027595520
0.998945713 0.007449295 0.045297947 1.363247871 -0.007512748 0.999971032 0.001230727 -2.442945957 -0.045287471 -0.001569741 0.998972714 87.579750061
0.998633087 0.007080871 0.051785003 1.413881540 -0.007146659 0.999973834 0.001085339 -2.456719160 -0.051775970 -0.001453946 0.998657644 88.105979919
0.998126090 0.006888448 0.060801052 1.465937614 -0.006941390 0.999975681 0.000659580 -2.467422485 -0.060795031 -0.001080388 0.998149693 88.658660889
0.997481644 0.007082383 0.070570670 1.532886505 -0.007153604 0.999974132 0.000756552 -2.485893488 -0.070563503 -0.001259481 0.997506499 89.179351807
0.996859312 0.006321451 0.078941591 1.590399265 -0.006363958 0.999979734 0.000286888 -2.490196228 -0.078938194 -0.000788368 0.996879160 89.736412048
0.996160090 0.006574328 0.087302931 1.654682636 -0.006679317 0.999977231 0.000910512 -2.517455101 -0.087294959 -0.001490140 0.996181369 90.277618408
0.995135188 0.006757481 0.098286122 1.728489876 -0.006884396 0.999975801 0.000952180 -2.529554367 -0.098277315 -0.001624188 0.995157778 90.827636719
0.994019151 0.007107174 0.108973466 1.805771828 -0.007310454 0.999972165 0.001466006 -2.550675869 -0.108960010 -0.002253884 0.994043589 91.371360779
0.993033946 0.006306972 0.117659256 1.891069412 -0.006418061 0.999979258 0.000565286 -2.561950445 -0.117653251 -0.001316492 0.993053794 91.911849976
0.991678059 0.006373449 0.128584787 1.977475166 -0.006471494 0.999979019 0.000344698 -2.572650194 -0.128579885 -0.001173965 0.991698444 92.435012817
0.990004122 0.006132202 0.140905142 2.072845459 -0.006272326 0.999980152 0.000550358 -2.587452173 -0.140898958 -0.001428660 0.990023077 93.013931274
0.988391161 0.006298279 0.151800290 2.176438332 -0.006515058 0.999978364 0.000930702 -2.608144522 -0.151791155 -0.001908885 0.988410711 93.560424805
0.986777425 0.005259322 0.161995560 2.287778854 -0.005412162 0.999985218 0.000502215 -2.618198156 -0.161990494 -0.001372320 0.986791313 94.104675293
0.984615386 0.005321161 0.174654648 2.409598351 -0.005529700 0.999984503 0.000707394 -2.637470007 -0.174648166 -0.001662299 0.984629452 94.623100281
0.982264578 0.004758420 0.187439680 2.530155182 -0.004932697 0.999987721 0.000463363 -2.651242256 -0.187435180 -0.001379729 0.982276022 95.189506531
0.980198324 0.004314511 0.197971478 2.653272629 -0.004442218 0.999990165 0.000200968 -2.662425995 -0.197968632 -0.001076421 0.980207801 95.724472046
0.977561712 0.004373472 0.210603744 2.800481796 -0.004511735 0.999989808 0.000176024 -2.679928780 -0.210600823 -0.001122263 0.977571547 96.245635986
0.974460125 0.004436931 0.224516705 2.921922684 -0.004704976 0.999988735 0.000658883 -2.698134899 -0.224511251 -0.001698401 0.974470139 96.780464172
0.971877158 0.003819481 0.235457525 3.069946289 -0.004086942 0.999991417 0.000647916 -2.714207888 -0.235453054 -0.001591996 0.971884429 97.313980103
0.968913376 0.003862633 0.247370243 3.223451614 -0.004171717 0.999991059 0.000725369 -2.728315592 -0.247365192 -0.001734779 0.968920767 97.830276489
0.965174735 0.003277044 0.261585444 3.389478683 -0.003516504 0.999993682 0.000447339 -2.738705873 -0.261582345 -0.001351626 0.965180218 98.387466431
0.961646259 0.003144891 0.274274796 3.557771683 -0.003331005 0.999994457 0.000212831 -2.749863625 -0.274272621 -0.001118278 0.961651325 98.918426514
0.958495140 0.002465609 0.285098284 3.740335464 -0.002703087 0.999996305 0.000439480 -2.760801554 -0.285096139 -0.001191885 0.958498180 99.422569275
0.954228282 0.002405210 0.299069494 3.918058395 -0.002582029 0.999996662 0.000196087 -2.781121731 -0.299068004 -0.000959318 0.954231322 99.955787659
0.949936032 0.001483987 0.312440813 4.114847183 -0.001615964 0.999998689 0.000163478 -2.795590401 -0.312440157 -0.000660186 0.949937224 100.459815979
0.946085572 0.001778293 0.323911726 4.312366486 -0.001927995 0.999998152 0.000141270 -2.808910131 -0.323910862 -0.000758154 0.946087301 100.975875854
0.941478372 0.001335298 0.337070525 4.520029068 -0.001393758 0.999998987 -0.000068541 -2.824240208 -0.337070316 -0.000405265 0.941479385 101.501457214
0.936428785 0.000985769 0.350856453 4.734148026 -0.001102705 0.999999404 0.000133493 -2.840927601 -0.350856066 -0.000511898 0.936429262 101.989173889
0.931602478 0.000926358 0.363477588 4.952726364 -0.000972362 0.999999523 -0.000056406 -2.855548382 -0.363477468 -0.000300884 0.931602955 102.519653320
0.927090287 0.000436106 0.374837786 5.185501099 -0.000112986 0.999999642 -0.000884003 -2.865081310 -0.374837995 0.000777199 0.927089989 103.031715393
0.921080291 -0.000107683 0.389372706 5.411388397 0.000103886 1.000000000 0.000030806 -2.886501551 -0.389372706 0.000012075 0.921080291 103.520973206
0.915627360 -0.001034099 0.402026772 5.655147552 0.001204376 0.999999166 -0.000170790 -2.898457289 -0.402026266 0.000640571 0.915627956 104.007957458
0.910776675 -0.000987437 0.412898034 5.896022797 0.001031529 0.999999464 0.000116114 -2.914577007 -0.412897944 0.000320163 0.910777271 104.471229553
0.904232502 -0.001251515 0.427038729 6.165081024 0.001215691 0.999999225 0.000356517 -2.939210653 -0.427038789 0.000196772 0.904233277 105.017921448
0.897653043 -0.001283049 0.440701067 6.428470612 0.001110030 0.999999106 0.000650387 -2.958262444 -0.440701514 -0.000094630 0.897653699 105.494453430
0.891697764 -0.001963011 0.452627212 6.707576752 0.001878079 0.999998033 0.000637012 -2.967430353 -0.452627629 0.000282048 0.891699612 106.004318237
0.886141181 -0.002633640 0.463407815 6.954078674 0.002689523 0.999996245 0.000540200 -2.982281685 -0.463407516 0.000767652 0.886144876 106.459838867
0.878941238 -0.002641252 0.476922572 7.240447998 0.002836559 0.999995947 0.000310474 -2.994236946 -0.476921469 0.001079930 0.878945172 106.943229675
0.872040451 -0.003010282 0.489424497 7.523475647 0.003086058 0.999994993 0.000651989 -3.012548923 -0.489424080 0.000941832 0.872045398 107.406295776
