1.000000000 0.000000000 0.000000000 0.000000000 0.000000000 1.000000000 0.000000000 0.000000000 0.000000000 0.000000000 1.000000000 0.000000000
1.000000000 -0.000082462 -0.000210421 0.003659138 0.000082492 1.000000000 0.000142360 -0.003420386 0.000210409 -0.000142378 0.999999940 -0.002261510
1.000000000 0.000008071 0.000012486 0.000632478 -0.000008072 1.000000000 0.000082417 -0.002826774 -0.000012486 -0.000082417 1.000000000 -0.003369873
1.000000000 -0.000118152 -0.000153708 0.006613172 0.000118181 1.000000000 0.000189313 -0.003242240 0.000153686 -0.000189331 1.000000000 -0.004415968
1.000000000 -0.000044304 -0.000054318 0.000911488 0.000044307 1.000000000 0.000042305 -0.000489186 0.000054316 -0.000042308 1.000000000 0.000137478
1.000000000 -0.000032100 0.000065524 -0.000690201 0.000032100 1.000000000 0.000008068 -0.001638484 -0.000065524 -0.000008066 1.000000000 -0.001531214
1.000000000 -0.000090366 -0.000133479 0.004893644 0.000090389 1.000000000 0.000175523 -0.003239296 0.000133463 -0.000175535 1.000000000 -0.007158739
1.000000000 -0.000131336 -0.000049393 -0.000533656 0.000131339 1.000000000 0.000055328 0.000051415 0.000049385 -0.000055334 1.000000000 0.000684580
1.000000000 0.000008284 -0.000085559 0.002556994 -0.000008276 1.000000000 0.000089714 -0.003423934 0.000085559 -0.000089713 1.000000000 -0.009073227
1.000000000 0.000027081 0.000038037 0.000630035 -0.000027085 1.000000000 0.000102945 -0.002678993 -0.000038034 -0.000102946 1.000000000 -0.005624862
1.000000000 0.000112709 0.000087165 -0.001095272 -0.000112713 1.000000000 0.000048337 -0.001197168 -0.000087160 -0.000048347 1.000000000 -0.005091432
1.000000000 -0.000106507 -0.000023419 -0.000491738 0.000106509 1.000000000 0.000090738 -0.003844810 0.000023410 -0.000090741 1.000000000 -0.008589355
1.000000000 -0.000066431 -0.000007226 0.000312352 0.000066432 1.000000000 0.000061183 -0.001839537 0.000007222 -0.000061184 1.000000000 -0.006270742
1.000000000 -0.000079859 -0.000019414 0.000588020 0.000079861 1.000000000 0.000105675 -0.002374343 0.000019405 -0.000105677 1.000000000 -0.006012216
0.999999940 -0.000235749 -0.000080874 0.001450930 0.000235764 0.999999940 0.000196487 -0.002583286 0.000080828 -0.000196506 1.000000000 -0.008153044
0.999999940 -0.000263320 -0.000108590 -0.000899842 0.000263335 0.999999940 0.000136811 -0.002822950 0.000108554 -0.000136840 1.000000000 -0.009410079
1.000000000 -0.000168465 0.000024921 0.000029985 0.000168464 1.000000000 0.000052326 -0.001147161 -0.000024930 -0.000052321 1.000000000 -0.008005294
1.000000000 0.000052195 0.000004118 0.002008925 -0.000052196 1.000000000 0.000183576 -0.003743479 -0.000004109 -0.000183576 1.000000000 -0.011638147
0.999999940 -0.000246921 -0.000073940 0.001446715 0.000246929 0.999999940 0.000110467 -0.003814664 0.000073912 -0.000110486 1.000000000 -0.008654833
0.999999940 -0.000336257 -0.000095016 0.005632288 0.000336278 0.999999940 0.000224038 -0.006332240 0.000094941 -0.000224070 1.000000000 -0.020059424
1.000000000 -0.000077117 -0.000038803 0.002831124 0.000077126 0.999999940 0.000238354 -0.005379822 0.000038784 -0.000238357 1.000000000 -0.013968279
1.000000000 0.000032636 0.000053460 -0.000554713 -0.000032642 1.000000000 0.000112933 -0.001102321 -0.000053457 -0.000112935 1.000000000 -0.006766616
0.999999940 -0.000219097 -0.000156843 0.004683429 0.000219124 0.999999940 0.000170936 -0.003511678 0.000156805 -0.000170970 1.000000000 -0.012795968
1.000000000 -0.000208349 -0.000103709 0.003097476 0.000208376 0.999999940 0.000263005 -0.004565259 0.000103654 -0.000263026 0.999999940 -0.010403995
1.000000000 -0.000079575 -0.000134441 0.006010868 0.000079603 1.000000000 0.000204335 -0.003667473 0.000134425 -0.000204346 0.999999940 -0.015909433
1.000000000 -0.000106429 -0.000039547 0.000765432 0.000106437 1.000000000 0.000211963 -0.003270328 0.000039525 -0.000211967 1.000000000 -0.013984249
1.000000000 -0.000084479 -0.000013417 -0.001585431 0.000084481 1.000000000 0.000200978 -0.004807455 0.000013400 -0.000200979 1.000000000 -0.015346847
1.000000000 -0.000117800 0.000007934 -0.001156755 0.000117799 1.000000000 0.000206086 -0.003331206 -0.000007959 -0.000206086 1.000000000 -0.009873147
0.999999940 -0.000254312 -0.000154492 -0.000129168 0.000254333 0.999999940 0.000136001 0.000315688 0.000154457 -0.000136041 1.000000000 -0.007369053
1.000000000 -0.000118696 -0.000121126 0.001745193 0.000118718 1.000000000 0.000181230 -0.002188870 0.000121104 -0.000181245 1.000000000 -0.009105247
1.000000000 -0.000131836 0.000023161 -0.001233827 0.000131833 1.000000000 0.000121191 -0.001602090 -0.000023177 -0.000121188 1.000000000 -0.003105004
0.999999940 -0.000253337 -0.000094734 -0.001767074 0.000253359 0.999999940 0.000234535 -0.002976551 0.000094675 -0.000234559 0.999999940 -0.009629528
0.999999940 -0.000195093 -0.000156971 0.002245490 0.000195133 0.999999940 0.000260437 -0.003602619 0.000156920 -0.000260468 0.999999940 -0.014238244
1.000000000 -0.000030005 -0.000130735 0.000014969 0.000030016 1.000000000 0.000089897 -0.001017965 0.000130732 -0.000089901 1.000000000 -0.005765584
1.000000000 -0.000095873 -0.000072338 -0.001039379 0.000095879 1.000000000 0.000072339 -0.000655203 0.000072331 -0.000072346 1.000000000 -0.007047021
1.000000000 -0.000223020 -0.000058048 -0.001717539 0.000223020 1.000000000 0.000001254 0.000305479 0.000058047 -0.000001267 1.000000000 -0.011175555
0.999999940 -0.000333997 -0.000219322 0.004713787 0.000334021 0.999999940 0.000109608 -0.001409061 0.000219285 -0.000109681 0.999999940 -0.012342010
1.000000000 -0.000195056 -0.000033102 0.000428918 0.000195057 1.000000000 0.000034236 0.000286802 0.000033096 -0.000034242 1.000000000 -0.007839970
1.000000000 -0.000050474 -0.000074952 -0.000319930 0.000050494 0.999999940 0.000268981 -0.002533229 0.000074938 -0.000268985 0.999999940 -0.012228957
0.999999940 -0.000260093 -0.000247719 0.004942637 0.000260136 0.999999940 0.000171368 -0.006058333 0.000247674 -0.000171432 0.999999940 -0.007055806
1.000000000 -0.000026029 -0.000168075 0.008314069 0.000025960 0.999999940 -0.000406168 -0.008817823 0.000168085 0.000406164 0.999999881 0.041917734
1.000000000 -0.000067931 -0.000186158 0.008181380 0.000067687 0.999999166 -0.001310503 -0.003232510 0.000186247 0.001310490 0.999999106 0.143925637
1.000000000 -0.000102093 -0.000052004 0.004754657 0.000102020 0.999998987 -0.001413580 -0.010196691 0.000052148 0.001413575 0.999998987 0.263772935
0.999999940 -0.000323692 0.000202160 0.001864479 0.000323940 0.999999166 -0.001227307 -0.016408257 -0.000201762 0.001227372 0.999999225 0.384591877
1.000000000 0.000104696 -0.000090488 0.006505660 -0.000104797 0.999999404 -0.001109388 -0.022147836 0.000090372 0.001109398 0.999999404 0.535971701
1.000000000 0.000031264 0.000009018 0.016594063 -0.000031254 0.999999344 -0.001139238 -0.026652528 -0.000009054 0.001139238 0.999999344 0.681551099
0.999999940 0.000121888 0.000262053 0.026869349 -0.000121696 0.999999702 -0.000731685 -0.036115490 -0.000262142 0.000731653 0.999999702 0.852127731
1.000000000 -0.000025276 0.000196974 0.022088006 0.000025399 0.999999821 -0.000621844 -0.037817918 -0.000196958 0.000621849 0.999999762 1.022887945
0.999999762 0.000266148 0.000661716 0.008574768 -0.000265687 0.999999702 -0.000696756 -0.039156392 -0.000661901 0.000696580 0.999999523 1.193493485
0.999999940 0.000140374 0.000349388 0.031554483 -0.000140236 0.999999940 -0.000394993 -0.054182682 -0.000349443 0.000394944 0.999999881 1.416978598
0.999999940 0.000081433 0.000278255 0.028348658 -0.000081256 0.999999821 -0.000635298 -0.055382852 -0.000278307 0.000635275 0.999999762 1.623750925
0.999999702 0.000358600 0.000652122 0.025096787 -0.000358576 0.999999940 -0.000037085 -0.068519600 -0.000652136 0.000036851 0.999999762 1.788068414
0.999998331 -0.001431671 0.001108559 0.023491954 0.001429228 0.999996483 0.002201627 -0.103020556 -0.001111707 -0.002200039 0.999996901 1.913646102
0.999998152 -0.001053681 0.001604075 0.026945228 0.001050539 0.999997497 0.001958737 -0.108896241 -0.001606135 -0.001957049 0.999996841 2.132924318
0.999998093 -0.000191987 0.001925594 0.023687439 0.000188257 0.999998093 0.001936948 -0.108869627 -0.001925962 -0.001936582 0.999996305 2.347058296
0.999998987 -0.000889777 0.001130706 0.032921646 0.000887272 0.999997139 0.002213871 -0.126025036 -0.001132673 -0.002212866 0.999996901 2.611892223
0.999998748 -0.000620351 0.001474894 0.034963384 0.000616678 0.999996662 0.002489235 -0.130955473 -0.001476433 -0.002488322 0.999995828 2.847702742
0.999998927 -0.000530143 0.001359889 0.045313768 0.000526833 0.999996841 0.002432649 -0.136209413 -0.001361175 -0.002431930 0.999996126 3.073559284
0.999998808 -0.000703258 0.001433939 0.041025534 0.000699922 0.999997079 0.002325256 -0.139578775 -0.001435570 -0.002324249 0.999996305 3.333699465
0.999998510 -0.001422372 0.000977062 0.058628514 0.001419812 0.999995589 0.002615136 -0.161072493 -0.000980777 -0.002613745 0.999996126 3.590872765
0.999998987 -0.001098569 0.000917325 0.059591923 0.001096111 0.999995828 0.002675434 -0.166581661 -0.000920261 -0.002674425 0.999996006 3.839033127
0.999998093 -0.001892529 0.000450537 0.077779360 0.001891265 0.999994338 0.002790132 -0.175408274 -0.000455815 -0.002789274 0.999996006 4.105266571
0.999999106 -0.000663491 0.001100572 0.065625444 0.000660134 0.999995112 0.003047838 -0.179971963 -0.001102589 -0.003047109 0.999994755 4.358479977
0.999999166 -0.001014279 0.000810775 0.086312801 0.001011797 0.999994874 0.003055547 -0.189071298 -0.000813870 -0.003054724 0.999994993 4.610741138
0.999997258 -0.002333577 0.000309162 0.089244932 0.002332545 0.999991834 0.003296809 -0.215952098 -0.000316853 -0.003296079 0.999994457 4.949828625
0.999996603 -0.002508729 0.000621400 0.092317045 0.002506747 0.999991775 0.003170762 -0.222873360 -0.000629349 -0.003169194 0.999994755 5.207213402
0.999997079 -0.002387241 0.000332998 0.102750376 0.002386138 0.999991775 0.003273807 -0.229347929 -0.000340810 -0.003273003 0.999994576 5.474111557
0.999996841 -0.002438350 0.000609272 0.103199050 0.002436336 0.999991655 0.003284452 -0.236511588 -0.000617275 -0.003282957 0.999994397 5.724746227
0.999996424 -0.002600960 0.000712705 0.112012140 0.002598515 0.999990821 0.003411933 -0.244695678 -0.000721573 -0.003410069 0.999993920 6.009241581
0.999996424 -0.002596890 0.000707350 0.117003411 0.002594275 0.999989867 0.003672654 -0.253063798 -0.000716880 -0.003670806 0.999992967 6.265496254
0.999997735 -0.001944903 0.000781636 0.110777922 0.001942287 0.999992490 0.003334570 -0.267870486 -0.000788116 -0.003333044 0.999994159 6.649321556
0.999998450 -0.001590583 0.000768137 0.111014269 0.001588048 0.999993324 0.003290088 -0.276524395 -0.000773365 -0.003288863 0.999994338 6.942441940
0.999997139 -0.002180163 0.000933249 0.120868966 0.002177039 0.999992013 0.003334948 -0.282065809 -0.000940512 -0.003332907 0.999993980 7.236017704
0.999997258 -0.002193068 0.000689220 0.137218803 0.002190755 0.999992013 0.003338348 -0.294472158 -0.000696536 -0.003336829 0.999994218 7.532618523
0.999997377 -0.001856032 0.001296731 0.133649275 0.001851646 0.999992609 0.003375349 -0.303949624 -0.001302986 -0.003372939 0.999993443 7.854947090
0.999998212 -0.001515821 0.001120232 0.158066690 0.001511440 0.999991238 0.003901476 -0.316630244 -0.001126136 -0.003899776 0.999991775 8.155489922
0.999995410 -0.002961480 0.000623318 0.132228404 0.002959011 0.999987841 0.003925963 -0.351815999 -0.000634937 -0.003924100 0.999992073 8.533166885
0.999995887 -0.002810046 0.000662713 0.144014716 0.002807521 0.999988973 0.003779892 -0.355225563 -0.000673327 -0.003778015 0.999992549 8.861636162
0.999994993 -0.003127868 0.000564388 0.143514484 0.003125765 0.999988377 0.003688403 -0.363298893 -0.000575918 -0.003686620 0.999992967 9.212009430
0.999996722 -0.002353825 0.000978126 0.143107146 0.002350292 0.999990821 0.003596661 -0.374271512 -0.000986583 -0.003594350 0.999993026 9.554286003
0.999993980 -0.003443780 0.000344103 0.170419708 0.003442315 0.999985397 0.004170888 -0.387043774 -0.000358462 -0.004169679 0.999991238 9.891747475
0.999997199 -0.002255612 0.000628308 0.164335743 0.002252877 0.999988139 0.004318772 -0.394185841 -0.000638042 -0.004317345 0.999990463 10.241583824
0.999993801 -0.003472381 0.000436343 0.167779788 0.003470598 0.999985874 0.004022363 -0.425214469 -0.000450304 -0.004020824 0.999991775 10.683773994
0.999993622 -0.003498290 0.000533425 0.173967630 0.003496095 0.999985576 0.004061326 -0.433748186 -0.000547625 -0.004059436 0.999991655 11.043615341
0.999994397 -0.003278110 0.000606196 0.174803972 0.003275606 0.999986231 0.004087223 -0.439220667 -0.000619586 -0.004085214 0.999991477 11.423041344
0.999990880 -0.004265356 0.000360671 0.193034962 0.004263804 0.999982059 0.004198826 -0.448201567 -0.000378574 -0.004197250 0.999991179 11.815977097
0.999990821 -0.004270676 0.000221678 0.220741287 0.004269772 0.999983191 0.003927493 -0.450593978 -0.000238447 -0.003926510 0.999992251 12.193986893
0.999993861 -0.003445357 0.000601559 0.223561183 0.003442779 0.999985158 0.004235021 -0.462152034 -0.000616141 -0.004232925 0.999990821 12.585037231
0.999995530 -0.002873747 0.000824865 0.214463234 0.002869918 0.999985337 0.004606020 -0.484481007 -0.000838089 -0.004603631 0.999989092 12.940810204
0.999991834 -0.004024668 0.000342678 0.216036826 0.004023133 0.999982357 0.004366243 -0.507882535 -0.000360245 -0.004364829 0.999990344 13.421963692
0.999991894 -0.004037923 0.000044889 0.229049981 0.004037700 0.999983132 0.004177277 -0.518622875 -0.000061756 -0.004177063 0.999991298 13.807178497
0.999993086 -0.003683232 0.000574245 0.241893768 0.003680700 0.999983728 0.004350434 -0.522319496 -0.000590259 -0.004348290 0.999990404 14.237272263
0.999996424 -0.002544909 0.000866395 0.236205444 0.002540401 0.999983490 0.005165335 -0.542057157 -0.000879526 -0.005163115 0.999986231 14.652660370
0.999991536 -0.004062144 0.000619739 0.240965739 0.004058914 0.999978483 0.005126855 -0.557943404 -0.000640552 -0.005124296 0.999986708 15.080105782
0.999984443 -0.005535543 0.000710899 0.264970362 0.005531450 0.999968946 0.005635414 -0.631423295 -0.000742072 -0.005631395 0.999983847 15.532802582
0.999980271 -0.006210878 0.000977069 0.277567834 0.006204877 0.999962568 0.006029917 -0.645547509 -0.001014484 -0.006023735 0.999981344 15.949740410
0.999985278 -0.005047897 0.001987607 0.280232430 0.005036318 0.999970555 0.005787979 -0.652607977 -0.002016766 -0.005777884 0.999981225 16.414657593
0.999984324 -0.005411163 0.001464709 0.298220932 0.005401790 0.999965429 0.006329523 -0.665612102 -0.001498909 -0.006321513 0.999978900 16.849617004
0.999984086 -0.005452918 0.001447346 0.302554756 0.005444463 0.999968469 0.005782226 -0.666749954 -0.001478830 -0.005774254 0.999982238 17.303041458
0.999976814 -0.006577098 0.001743125 0.327435374 0.006566865 0.999961555 0.005812241 -0.684082687 -0.001781285 -0.005800660 0.999981582 17.732080460
0.999985635 -0.004891766 0.002199025 0.333972871 0.004877699 0.999967873 0.006357225 -0.726239800 -0.002230052 -0.006346407 0.999977350 18.287382126
0.999985874 -0.004490738 0.002858649 0.339958549 0.004472681 0.999970198 0.006291978 -0.737031043 -0.002886819 -0.006279103 0.999976099 18.758514404
0.999981344 -0.005347111 0.002965052 0.359427929 0.005327168 0.999963403 0.006693498 -0.748275876 -0.003000734 -0.006677578 0.999973178 19.226121902
0.999983788 -0.005053808 0.002635019 0.380833268 0.005034727 0.999961376 0.007198329 -0.772910476 -0.002671296 -0.007184945 0.999970615 19.718383789
0.999985635 -0.004378113 0.003084006 0.381953329 0.004356080 0.999965191 0.007115004 -0.786175132 -0.003115049 -0.007101467 0.999969959 20.164163589
0.999984205 -0.004688647 0.003143593 0.402090281 0.004663721 0.999957979 0.007890148 -0.821722865 -0.003180455 -0.007875361 0.999963939 20.659961700
0.999983072 -0.005070453 0.002897761 0.405629635 0.005048680 0.999959350 0.007472589 -0.828256130 -0.002935532 -0.007457832 0.999967873 21.163629532
0.999985456 -0.004117298 0.003486222 0.405436695 0.004088446 0.999957621 0.008243226 -0.851517677 -0.003520015 -0.008228853 0.999959886 21.665811539
0.999980330 -0.005963762 0.001993264 0.431014121 0.005947614 0.999950111 0.008011744 -0.867395639 -0.002040944 -0.007999731 0.999965966 22.190406799
0.999982297 -0.005673057 0.001810807 0.432884812 0.005657301 0.999947071 0.008590227 -0.883054614 -0.001859444 -0.008579831 0.999961495 22.661560059
0.999977291 -0.006619561 0.001264942 0.454349637 0.006607223 0.999932766 0.009521259 -0.954140544 -0.001327883 -0.009512684 0.999953806 23.170207977
0.999972641 -0.007356635 0.000798610 0.454755187 0.007348578 0.999926269 0.009661791 -0.966138601 -0.000869630 -0.009655656 0.999952972 23.687841415
0.999976516 -0.006854896 -0.000041066 0.465289265 0.006854976 0.999931335 0.009505163 -0.974632859 -0.000024094 -0.009505220 0.999954820 24.223785400
0.999968588 -0.007869367 -0.000926005 0.482530534 0.007877543 0.999926805 0.009184876 -0.993984699 0.000853658 -0.009191882 0.999957383 24.765005112
0.999968767 -0.007662532 -0.001921371 0.492370874 0.007680464 0.999925315 0.009505875 -0.998599887 0.001848388 -0.009520334 0.999952972 25.298591614
0.999973238 -0.007026693 -0.002027695 0.520077825 0.007046557 0.999925554 0.009961081 -1.017183661 0.001957551 -0.009975102 0.999948263 25.818422318
0.999967217 -0.007754657 -0.002339049 0.489087582 0.007778613 0.999915540 0.010412350 -1.061913371 0.002258108 -0.010430204 0.999943018 26.393228531
0.999961555 -0.008244494 -0.002975086 0.500818193 0.008273693 0.999916434 0.009939727 -1.067098379 0.002892889 -0.009963960 0.999946177 26.945180893
0.999935687 -0.010392202 -0.004529171 0.529289842 0.010442387 0.999882758 0.011201304 -1.071582556 0.004412234 -0.011247881 0.999926984 27.509635925
0.999947250 -0.009278796 -0.004420470 0.539165378 0.009328336 0.999892414 0.011321464 -1.112415075 0.004314944 -0.011362099 0.999926150 28.049211502
0.999959350 -0.007930972 -0.004293215 0.538186729 0.007979495 0.999903083 0.011405611 -1.133410454 0.004202341 -0.011439404 0.999925733 28.607860565
0.999961615 -0.007416295 -0.004672749 0.541683614 0.007468442 0.999908924 0.011242788 -1.139385104 0.004588943 -0.011277255 0.999925852 29.163774490
0.999962389 -0.007432833 -0.004472313 0.543177962 0.007483781 0.999906123 0.011485109 -1.153945327 0.004386527 -0.011518147 0.999924004 29.704439163
0.999952137 -0.008248920 -0.005248500 0.561439335 0.008306297 0.999904931 0.011005890 -1.162517071 0.005157214 -0.011048959 0.999925673 30.266061783
0.999952495 -0.008124347 -0.005391194 0.565572560 0.008184902 0.999902487 0.011306950 -1.173731804 0.005298807 -0.011350539 0.999921560 30.805135727
0.999942183 -0.008733554 -0.006264813 0.596436143 0.008805726 0.999894083 0.011586539 -1.195787907 0.006162957 -0.011641034 0.999913216 31.333806992
0.999950349 -0.007848117 -0.006136655 0.597623527 0.007922973 0.999893248 0.012270429 -1.242396712 0.006039700 -0.012318442 0.999905884 31.836240768
0.999956667 -0.007123475 -0.005982892 0.606135726 0.007199724 0.999891877 0.012821032 -1.256760836 0.005890915 -0.012863550 0.999899864 32.377807617
0.999949038 -0.007980434 -0.006182306 0.621772349 0.008055539 0.999892831 0.012220197 -1.268025756 0.006084122 -0.012269377 0.999906182 32.947597504
0.999944270 -0.008332459 -0.006476224 0.614554405 0.008413042 0.999886274 0.012516925 -1.278600335 0.006371190 -0.012570713 0.999900699 33.422065735
0.999942541 -0.008246755 -0.006856376 0.624548316 0.008333488 0.999884427 0.012719153 -1.292795300 0.006750691 -0.012775560 0.999895632 33.976642609
0.999948144 -0.007764940 -0.006585100 0.607497036 0.007853994 0.999876559 0.013607329 -1.317457914 0.006478627 -0.013658343 0.999885738 34.506015778
0.999946415 -0.007566506 -0.007071107 0.635553002 0.007658593 0.999885023 0.013087949 -1.303876519 0.006971264 -0.013141403 0.999889314 35.062637329
0.999928713 -0.009020047 -0.007817114 0.635805547 0.009122268 0.999872029 0.013141214 -1.333471537 0.007697579 -0.013211589 0.999883115 35.641742706
0.999922514 -0.009320376 -0.008247487 0.647930264 0.009427347 0.999870658 0.013027573 -1.335180640 0.008124998 -0.013104315 0.999881208 36.189540863
0.999937415 -0.008253092 -0.007552853 0.638828635 0.008350699 0.999880850 0.012984216 -1.351638436 0.007444792 -0.013046475 0.999887228 36.725521088
0.999933541 -0.008525874 -0.007766346 0.638692379 0.008627937 0.999875605 0.013204452 -1.358780503 0.007652800 -0.013270581 0.999882698 37.254501343
0.999944806 -0.007233283 -0.007620277 0.664054751 0.007328150 0.999895096 0.012495853 -1.365273356 0.007529090 -0.012551007 0.999892890 37.805236816
0.999930263 -0.009165131 -0.007444721 0.656233907 0.009262797 0.999870121 0.013192102 -1.369889736 0.007322845 -0.013260140 0.999885321 38.388660431
0.999930978 -0.008860532 -0.007712744 0.642842948 0.008972689 0.999852717 0.014630700 -1.445495129 0.007581972 -0.014698895 0.999863207 38.926887512
0.999925137 -0.009513875 -0.007702528 0.642677784 0.009627351 0.999843657 0.014831987 -1.460903049 0.007560214 -0.014905031 0.999860346 39.470130920
0.999913752 -0.009718651 -0.008833343 0.660707951 0.009850136 0.999839485 0.014965492 -1.460013151 0.008686482 -0.015051210 0.999849021 39.981079102
0.999924421 -0.009224623 -0.008131746 0.648946702 0.009343144 0.999848843 0.014659579 -1.455009818 0.007995287 -0.014734446 0.999859452 40.543815613
0.999919713 -0.009608126 -0.008261359 0.664486408 0.009735513 0.999832094 0.015520105 -1.486822844 0.008110855 -0.015599286 0.999845445 41.118942261
0.999911427 -0.010123380 -0.008635132 0.684285522 0.010260937 0.999818623 0.016037505 -1.524615884 0.008471212 -0.016124690 0.999834061 41.621025085
0.999925673 -0.008929387 -0.008304459 0.691199362 0.009062231 0.999829292 0.016099328 -1.522585869 0.008159286 -0.016173389 0.999835849 42.168354034
0.999915898 -0.009499539 -0.008826602 0.704810500 0.009644084 0.999817669 0.016480377 -1.535873532 0.008668439 -0.016564116 0.999825180 42.706287384
0.999920666 -0.009109430 -0.008693432 0.719714105 0.009247292 0.999830008 0.015952030 -1.525352836 0.008546640 -0.016031157 0.999834955 43.273094177
0.999913573 -0.009519854 -0.009059351 0.727908075 0.009663057 0.999826968 0.015897097 -1.531101346 0.008906445 -0.015983267 0.999832511 43.828586578
0.999930620 -0.008468758 -0.008190002 0.720623493 0.008602172 0.999828577 0.016394012 -1.557773829 0.008049763 -0.016463326 0.999832094 44.353694916
0.999921501 -0.009425355 -0.008252181 0.723300695 0.009560971 0.999817252 0.016551625 -1.553898811 0.008094669 -0.016629221 0.999828935 44.912231445
0.999913037 -0.009969302 -0.008632163 0.720259428 0.010109303 0.999815404 0.016329797 -1.590528011 0.008467774 -0.016415641 0.999829412 45.445266724
0.999914408 -0.009643452 -0.008842232 0.728936076 0.009779953 0.999831617 0.015526423 -1.593092680 0.008691014 -0.015611570 0.999840379 45.998706818
0.999897957 -0.010921734 -0.009200851 0.740258336 0.011075605 0.999796748 0.016841952 -1.605030894 0.009015038 -0.016942140 0.999815822 46.522327423
0.999905109 -0.010574870 -0.008820553 0.737221897 0.010720271 0.999804616 0.016603382 -1.616861463 0.008643253 -0.016696366 0.999823213 47.034534454
0.999914706 -0.009688762 -0.008759428 0.730850399 0.009826893 0.999825716 0.015866395 -1.622406006 0.008604177 -0.015951118 0.999835730 47.631553650
0.999889851 -0.011409660 -0.009491423 0.745323956 0.011566687 0.999794245 0.016657181 -1.627991915 0.009299419 -0.016765131 0.999816179 48.116405487
0.999943793 -0.007165530 -0.007804724 0.744924366 0.007294243 0.999835730 0.016589839 -1.694446087 0.007684567 -0.016645836 0.999831915 48.665306091
0.999945700 -0.007507751 -0.007216709 0.747506261 0.007635022 0.999812901 0.017772995 -1.716115952 0.007081922 -0.017827131 0.999816000 49.206542969
0.999950826 -0.007090604 -0.006931915 0.750475287 0.007206365 0.999832630 0.016819809 -1.716329217 0.006811492 -0.016868934 0.999834478 49.755687714
0.999947727 -0.007034883 -0.007417557 0.767493665 0.007162960 0.999823272 0.017383641 -1.720187187 0.007293954 -0.017435862 0.999821424 50.319129944
0.999942183 -0.007503528 -0.007704068 0.758895636 0.007635867 0.999821305 0.017294308 -1.735956788 0.007572923 -0.017352134 0.999820769 50.884677887
0.999955535 -0.006668377 -0.006660542 0.736165285 0.006782429 0.999828160 0.017250177 -1.738163114 0.006544366 -0.017294586 0.999829054 51.429111481
0.999939382 -0.007579939 -0.007982763 0.770180404 0.007722444 0.999808729 0.017974857 -1.777101398 0.007844985 -0.018035416 0.999806702 51.911396027
0.999934733 -0.007925536 -0.008224647 0.769364595 0.008070548 0.999809921 0.017750634 -1.779432535 0.008082399 -0.017815856 0.999808669 52.451942444
0.999935627 -0.007893640 -0.008147590 0.779949188 0.008027679 0.999830782 0.016552029 -1.775431395 0.008015554 -0.016616374 0.999829829 53.008361816
0.999920964 -0.008948410 -0.008826562 0.800801992 0.009094372 0.999820173 0.016637627 -1.776098847 0.008676093 -0.016716583 0.999822617 53.570907593
0.999933660 -0.008223952 -0.008061200 0.767237902 0.008370985 0.999795973 0.018378792 -1.833416104 0.007908410 -0.018445052 0.999798596 54.058338165
0.999939740 -0.007828512 -0.007697895 0.778596520 0.007967953 0.999801636 0.018253420 -1.832484722 0.007553472 -0.018313657 0.999803841 54.607936859
0.999936581 -0.008222307 -0.007693448 0.764960110 0.008359504 0.999803424 0.017974149 -1.838371754 0.007544149 -0.018037323 0.999808967 55.131828308
0.999931097 -0.008048373 -0.008539714 0.813844442 0.008196743 0.999813497 0.017483747 -1.841304779 0.008397406 -0.017552538 0.999810696 55.693157196
0.999939680 -0.007152618 -0.008338580 0.810585380 0.007291395 0.999833345 0.016732743 -1.824762583 0.008217509 -0.016792534 0.999825239 56.213420868
0.999933422 -0.008773058 -0.007494529 0.769079924 0.008911772 0.999785781 0.018680334 -1.884626031 0.007329040 -0.018745875 0.999797404 56.625186920
0.999936700 -0.008553304 -0.007302934 0.780002058 0.008683776 0.999799788 0.018025057 -1.891935468 0.007147299 -0.018087327 0.999810874 57.178997040
0.999933243 -0.008934771 -0.007319892 0.788718462 0.009066006 0.999795079 0.018096205 -1.886800289 0.007156705 -0.018161360 0.999809384 57.731456757
0.999933779 -0.008796408 -0.007421157 0.788465023 0.008931596 0.999791026 0.018384442 -1.909587622 0.007257890 -0.018449504 0.999803483 58.303134918
0.999931335 -0.009219165 -0.007236195 0.790865660 0.009352623 0.999782681 0.018631231 -1.920081735 0.007062855 -0.018697627 0.999800205 58.721565247
0.999928653 -0.009510403 -0.007234318 0.797523499 0.009646730 0.999772072 0.019048661 -1.926497459 0.007051508 -0.019117087 0.999792337 59.256458282
0.999932408 -0.009330465 -0.006940988 0.801081061 0.009453812 0.999794006 0.017955368 -1.924116373 0.006772028 -0.018019769 0.999814749 59.804050446
0.999923646 -0.009715751 -0.007632743 0.815405846 0.009848738 0.999796867 0.017583430 -1.921178579 0.007460356 -0.017657258 0.999816298 60.333992004
0.999917924 -0.010249317 -0.007675766 0.800903201 0.010392793 0.999767542 0.018891253 -1.955338836 0.007480359 -0.018969472 0.999792099 60.808803558
0.999918580 -0.010189657 -0.007679419 0.812443733 0.010330336 0.999775350 0.018507475 -1.964356542 0.007489108 -0.018585296 0.999799252 61.353275299
0.999915719 -0.010177920 -0.008048510 0.849337220 0.010323250 0.999780655 0.018226208 -1.975089192 0.007861239 -0.018307758 0.999801517 61.885063171
0.999916613 -0.010247122 -0.007853840 0.850772738 0.010388671 0.999780416 0.018199027 -1.974238992 0.007665628 -0.018279104 0.999803543 62.403636932
0.999918282 -0.010220163 -0.007674299 0.840386391 0.010352416 0.999795079 0.017395869 -1.948977232 0.007494938 -0.017473895 0.999819279 62.948074341
0.999908745 -0.010955680 -0.007893356 0.823259413 0.011107378 0.999749362 0.019438090 -2.007650375 0.007678421 -0.019523988 0.999779880 63.414588928
0.999916077 -0.010582393 -0.007469112 0.826506257 0.010725638 0.999754190 0.019406069 -2.012882710 0.007261913 -0.019484550 0.999783814 63.963935852
0.999923587 -0.010093370 -0.007138866 0.823144317 0.010225068 0.999773622 0.018658843 -2.009707928 0.006948920 -0.018730411 0.999800384 64.497131348
0.999928713 -0.009636817 -0.007043429 0.836657524 0.009767423 0.999776483 0.018750269 -2.030685425 0.006861162 -0.018817727 0.999799430 65.081214905
0.999926627 -0.009823610 -0.007079928 0.848305345 0.009956134 0.999771178 0.018932668 -2.026162148 0.006892320 -0.019001769 0.999795675 65.558250427
0.999919891 -0.010519595 -0.007029411 0.811597943 0.010653867 0.999756098 0.019345338 -2.058541298 0.006824190 -0.019418683 0.999788284 66.002342224
0.999930978 -0.010069608 -0.006044802 0.806119084 0.010184655 0.999761581 0.019313375 -2.066273212 0.005848883 -0.019373611 0.999795258 66.556655884
0.999921560 -0.010515890 -0.006803816 0.828406215 0.010639418 0.999774516 0.018381514 -2.059959412 0.006608982 -0.018452462 0.999807894 67.089561462
0.999920845 -0.010720107 -0.006590505 0.830194175 0.010840956 0.999768615 0.018583028 -2.064047813 0.006389767 -0.018653005 0.999805629 67.601684570
0.999913573 -0.010896922 -0.007354608 0.863819420 0.011029036 0.999774218 0.018168565 -2.049899578 0.007154965 -0.018248109 0.999807954 68.122863770
0.999914348 -0.010927054 -0.007201855 0.836717010 0.011062467 0.999757528 0.019038755 -2.108536243 0.006992074 -0.019116798 0.999792814 68.596496582
0.999920845 -0.010692078 -0.006628885 0.822405696 0.010818795 0.999753594 0.019384386 -2.124016523 0.006419992 -0.019454567 0.999790192 69.162208557
0.999938726 -0.008896548 -0.006585267 0.852107108 0.009023083 0.999770224 0.019441430 -2.142238140 0.006410793 -0.019499660 0.999789357 69.657150269
0.999907732 -0.011432381 -0.007338908 0.861570179 0.011566093 0.999763012 0.018443171 -2.117470503 0.007126319 -0.018526349 0.999803066 70.217300415
0.999905467 -0.011753587 -0.007138917 0.865268707 0.011887443 0.999748707 0.019006528 -2.130916357 0.006913726 -0.019089594 0.999793887 70.659599304
0.999904692 -0.011589699 -0.007504205 0.887738347 0.011733615 0.999742448 0.019426800 -2.152321815 0.007277120 -0.019513002 0.999783158 71.201042175
0.999911785 -0.011213196 -0.007127177 0.883667707 0.011343529 0.999764085 0.018516941 -2.144933701 0.006917862 -0.018596154 0.999803185 71.742332458
0.999886811 -0.012706163 -0.008060636 0.941221178 0.012853120 0.999747157 0.018449260 -2.158569336 0.007824179 -0.018550772 0.999797344 72.249046326
0.999900997 -0.011492632 -0.008124516 0.966079414 0.011644657 0.999753118 0.018918784 -2.170529842 0.007905084 -0.019011516 0.999788105 72.661140442
0.999912560 -0.010979766 -0.007364767 0.921390593 0.011116414 0.999761820 0.018777492 -2.165854454 0.007156842 -0.018857723 0.999796569 73.227470398
0.999903977 -0.011593653 -0.007600013 0.926736891 0.011738578 0.999744594 0.019310262 -2.177769661 0.007374196 -0.019397620 0.999784708 73.779846191
0.999887884 -0.012682226 -0.007963859 0.936751127 0.012826836 0.999748826 0.018377742 -2.175508976 0.007728786 -0.018477829 0.999799430 74.363250732
0.999909282 -0.011196841 -0.007491719 0.948711991 0.011331221 0.999771178 0.018141819 -2.178959131 0.007286875 -0.018225063 0.999807477 74.818557739
0.999889314 -0.012334714 -0.008318216 1.012566090 0.012490754 0.999741971 0.018975416 -2.193779945 0.008082014 -0.019077219 0.999785364 75.228721619
0.999859929 -0.014181688 -0.008888370 1.032888174 0.014341255 0.999732435 0.018153582 -2.191184998 0.008628542 -0.018278508 0.999795735 75.718666077
0.999871731 -0.013422634 -0.008735909 1.035390615 0.013582758 0.999735951 0.018535823 -2.197446823 0.008484802 -0.018652102 0.999790132 76.245117188
0.999877870 -0.013229621 -0.008320639 1.032442808 0.013383940 0.999734282 0.018772904 -2.251842022 0.008070070 -0.018881971 0.999789178 76.586570740
0.999870420 -0.013560543 -0.008670484 1.037986040 0.013721860 0.999728680 0.018824670 -2.249236584 0.008412858 -0.018941205 0.999785304 77.149269104
0.999884605 -0.012729305 -0.008285662 1.014335871 0.012874190 0.999760807 0.017674137 -2.240247726 0.008058701 -0.017778764 0.999809504 77.740737915
0.999851525 -0.014789023 -0.008848432 1.063509226 0.014941149 0.999737322 0.017380772 -2.226861000 0.008589064 -0.017510397 0.999809921 78.204948425
0.999885619 -0.012820429 -0.008018748 0.996336818 0.012959530 0.999762058 0.017542360 -2.222692013 0.007791939 -0.017644273 0.999814034 78.858360291
0.999875844 -0.013794784 -0.007615543 1.015656352 0.013921123 0.999761999 0.016793806 -2.239954710 0.007382064 -0.016897732 0.999830067 79.317527771
0.999911845 -0.011836721 -0.006019365 1.034913778 0.011948052 0.999751627 0.018808967 -2.302802563 0.005795233 -0.018879233 0.999804914 79.624702454
0.999921679 -0.011760313 -0.004285309 1.033747911 0.011837766 0.999758422 0.018520458 -2.311786413 0.004066468 -0.018569736 0.999819279 80.175834656
0.999916494 -0.012534905 -0.003147138 1.048762202 0.012586676 0.999776125 0.017008241 -2.301889181 0.002933238 -0.017046435 0.999850392 80.748908997
0.999954641 -0.009461429 -0.001095237 1.020810604 0.009479637 0.999792576 0.018024689 -2.336641312 0.000924472 -0.018034255 0.999836922 81.290206909
0.999943316 -0.010605653 0.000977699 1.100774527 0.010586047 0.999777317 0.018252285 -2.354057074 -0.001171058 -0.018240903 0.999832869 81.722023010
0.999931276 -0.010628857 0.004952111 1.074762106 0.010538334 0.999783099 0.017960720 -2.287594318 -0.005141939 -0.017907297 0.999826431 82.318000793
0.999915302 -0.010202377 0.008093786 1.066988587 0.010037605 0.999746680 0.020143781 -2.411467314 -0.008297252 -0.020060828 0.999764323 82.705093384
0.999878526 -0.009750822 0.012158674 1.104955077 0.009511596 0.999763072 0.019580264 -2.410415649 -0.012346717 -0.019462237 0.999734342 83.255943298
0.999786437 -0.009588398 0.018305309 1.116750479 0.009228305 0.999764204 0.019655637 -2.421946049 -0.018489461 -0.019482510 0.999639213 83.804794312
0.999648392 -0.009614723 0.024711125 1.151785374 0.009140073 0.999772906 0.019249644 -2.416116714 -0.024890594 -0.019017011 0.999509275 84.314971924
0.999485195 -0.009705517 0.030579250 1.184612870 0.009111470 0.999768138 0.019506318 -2.432330847 -0.030761484 -0.019217653 0.999341965 84.813087463
0.999175906 -0.009338398 0.039498061 1.209877729 0.008590419 0.999781311 0.019064572 -2.424397469 -0.039667461 -0.018709559 0.999037743 85.374244690
0.998831391 -0.009015144 0.047481395 1.280040979 0.008058570 0.999761403 0.020299308 -2.442496061 -0.047653072 -0.019892951 0.998665869 85.893615723
0.998534083 -0.011902273 0.052801348 1.335047960 0.010820368 0.999726593 0.020728866 -2.504221916 -0.053033628 -0.020127149 0.998389840 86.282051086
0.998004973 -0.011950871 0.061994731 1.391052961 0.010716347 0.999738395 0.020207785 -2.502732754 -0.062220022 -0.019503115 0.997871757 86.829833984
0.997364283 -0.012212170 0.071521118 1.459853172 0.010801918 0.999740124 0.020071715 -2.506944656 -0.071747668 -0.019246245 0.997237146 87.399658203
0.996637583 -0.012290165 0.081008278 1.500076294 0.010654992 0.999731362 0.020586746 -2.518356323 -0.081239514 -0.019654386 0.996500850 87.967773438
0.995904088 -0.012249374 0.089581743 1.555965424 0.010515644 0.999748707 0.019800033 -2.502662897 -0.089801773 -0.018776927 0.995782614 88.546600342
0.994965911 -0.012031644 0.099488258 1.637988091 0.010127516 0.999756098 0.019622192 -2.529647827 -0.099700078 -0.018515844 0.994845271 89.048950195
0.993993700 -0.014911595 0.108416833 1.710759163 0.012724318 0.999701798 0.020838639 -2.499124527 -0.108695254 -0.019333942 0.993887186 89.364433289
0.992946506 -0.014499634 0.117673323 1.794458389 0.012067681 0.999699175 0.021353271 -2.514796734 -0.117947534 -0.019782614 0.992822826 89.897514343
0.991601586 -0.015263856 0.128426179 1.888372421 0.012662682 0.999698222 0.021046463 -2.499572277 -0.128708690 -0.019243484 0.991495788 90.458015442
0.989826918 -0.013834458 0.141602412 1.965330124 0.010924590 0.999713242 0.021306409 -2.512490749 -0.141856596 -0.019542709 0.989694238 91.036392212
0.988081992 -0.013320794 0.153351605 2.062687874 0.010180613 0.999722421 0.021244111 -2.513730526 -0.153592050 -0.019429704 0.987943292 91.584503174
0.986540377 -0.012354116 0.163050890 2.169908524 0.008910117 0.999721766 0.021836685 -2.516483307 -0.163275287 -0.020089969 0.986375928 92.147056580
0.984581709 -0.015441849 0.174242303 2.271631241 0.011904983 0.999701679 0.021325557 -2.505074501 -0.174519598 -0.018922403 0.984471917 92.638542175
0.982303560 -0.015765874 0.186631173 2.365853310 0.011974503 0.999698758 0.021424754 -2.477095366 -0.186912671 -0.018810797 0.982196510 93.156158447
0.980228603 -0.016046187 0.197216511 2.494277954 0.012104323 0.999702513 0.021176763 -2.475789547 -0.197497606 -0.018370898 0.980131149 93.697196960
0.977470040 -0.016405871 0.210435778 2.637737274 0.012277138 0.999705911 0.020911422 -2.474768162 -0.210716933 -0.017856739 0.977383912 94.235900879
0.974385679 -0.016025834 0.224311352 2.772125244 0.011447416 0.999698997 0.021696677 -2.484530210 -0.224591523 -0.018573146 0.974275947 94.728897095
0.971639454 -0.016880522 0.235863879 2.929821014 0.012138125 0.999694228 0.021544108 -2.497103453 -0.236155421 -0.018070161 0.971547186 95.285652161
0.968483925 -0.015082900 0.248619065 3.091112137 0.010240285 0.999731958 0.020759908 -2.410397530 -0.248865530 -0.017559705 0.968378842 95.949279785
0.964767694 -0.015345718 0.262655437 3.259712219 0.010258601 0.999732435 0.020728478 -2.411261559 -0.262903273 -0.017303687 0.964667022 96.479637146
0.961127996 -0.015269421 0.275680840 3.425186157 0.009931600 0.999735355 0.020748064 -2.406160116 -0.275924683 -0.017203592 0.961025357 97.017921448
0.958087862 -0.016034795 0.286025375 3.626926422 0.010374544 0.999719322 0.021293815 -2.423290491 -0.286286563 -0.017433962 0.957985461 97.523498535
0.953952670 -0.017211262 0.299463302 3.831100464 0.011269520 0.999704003 0.021557171 -2.436844826 -0.299745679 -0.017189711 0.953864276 98.050071716
0.949177742 -0.016623361 0.314301252 4.005762100 0.010131196 0.999700487 0.022278229 -2.439714670 -0.314577430 -0.017961752 0.949061871 98.593849182
0.945430756 -0.017059222 0.325376123 4.221843719 0.010438220 0.999701619 0.022083722 -2.436093330 -0.325655699 -0.017482283 0.945326746 99.115303040
0.940786839 -0.016674558 0.338588178 4.414970398 0.009745344 0.999706984 0.022154881 -2.441604853 -0.338858426 -0.017543364 0.940673828 99.633728027
0.935871720 -0.017736780 0.351894259 4.635299683 0.010547580 0.999694884 0.022336783 -2.453645945 -0.352183044 -0.017192731 0.935773253 100.135543823
0.931108177 -0.018351501 0.364281029 4.858261108 0.010621878 0.999674201 0.023211204 -2.467980862 -0.364588261 -0.017742794 0.930999756 100.702796936
0.926457524 -0.018280013 0.375955045 5.098653793 0.010699335 0.999695361 0.022241924 -2.446496725 -0.376247108 -0.016583730 0.926370919 101.195968628
0.920719922 -0.018948270 0.389763683 5.347129822 0.010694842 0.999670625 0.023334831 -2.450217485 -0.390077412 -0.017316386 0.920619249 101.695335388
0.915045738 -0.018952109 0.402904481 5.592731476 0.010520829 0.999677122 0.023129430 -2.452014923 -0.403212696 -0.016925599 0.914949775 102.193450928
0.910089910 -0.018971156 0.413976341 5.834743500 0.010246202 0.999676347 0.023286484 -2.450903654 -0.414284110 -0.016951108 0.909989834 102.695915222
0.904629111 -0.018764550 0.425786316 6.088970184 0.009832446 0.999683201 0.023166293 -2.451385975 -0.426086098 -0.016770381 0.904527187 103.184982300
0.898387194 -0.021141624 0.438695133 6.357547760 0.011963688 0.999648154 0.023675123 -2.472308636 -0.439041287 -0.016021017 0.898324132 103.653732300
0.891956091 -0.019348556 0.451707840 6.637298584 0.009627341 0.999670148 0.023809653 -2.447114468 -0.452019572 -0.016888419 0.891848147 104.217094421
0.886320591 -0.019832233 0.462647200 6.914516449 0.010011556 0.999669611 0.023672968 -2.444224358 -0.462963790 -0.016350025 0.886226296 104.694129944
0.879025936 -0.020038204 0.476352572 7.191974640 0.010003833 0.999671638 0.023591751 -2.442479849 -0.476668894 -0.015972411 0.878937781 105.176231384
0.871804953 -0.019245118 0.489475042 7.501396179 0.008728040 0.999679625 0.023759747 -2.443777323 -0.489775479 -0.016441707 0.871693552 105.671951294
