1.000000000 0.000000000 0.000000000 0.000000000 0.000000000 1.000000000 0.000000000 0.000000000 0.000000000 0.000000000 1.000000000 0.000000000
1.000000000 0.000032598 -0.000043676 0.000315781 -0.000032592 1.000000000 0.000124222 -0.000308209 0.000043680 -0.000124220 1.000000000 -0.000057812
1.000000000 0.000196848 -0.000123030 0.001006759 -0.000196833 1.000000000 0.000120617 -0.000430027 0.000123054 -0.000120593 1.000000000 -0.000989162
0.999999940 0.000317484 0.000033449 -0.000577945 -0.000317488 0.999999940 0.000113829 -0.000404882 -0.000033412 -0.000113839 1.000000000 0.000631387
1.000000000 0.000085996 0.000049178 -0.000761946 -0.000085993 1.000000000 -0.000052133 0.000695810 -0.000049183 0.000052129 1.000000000 -0.000405579
1.000000000 0.000051948 0.000007441 -0.000692006 -0.000051948 1.000000000 0.000054306 -0.000614030 -0.000007438 -0.000054306 1.000000000 -0.000821325
1.000000000 0.000064468 0.000005261 0.000560533 -0.000064468 1.000000000 0.000084635 -0.000645753 -0.000005255 -0.000084635 1.000000000 -0.000936423
1.000000000 0.000194800 0.000085515 -0.000201177 -0.000194811 1.000000000 0.000128448 -0.000309997 -0.000085490 -0.000128464 1.000000000 0.000643118
1.000000000 -0.000016669 0.000143661 -0.000252509 0.000016666 1.000000000 0.000018614 -0.000142906 -0.000143661 -0.000018611 1.000000000 -0.001148993
1.000000000 -0.000026247 0.000018848 0.000632289 0.000026246 1.000000000 0.000090439 0.000185227 -0.000018851 -0.000090438 1.000000000 0.000083651
1.000000000 0.000142900 -0.000015395 0.000197242 -0.000142899 1.000000000 0.000034948 -0.000290457 0.000015400 -0.000034946 1.000000000 -0.000724345
1.000000000 0.000215179 0.000023098 0.000160989 -0.000215177 1.000000000 -0.000083813 0.001718816 -0.000023116 0.000083808 1.000000000 0.001507283
1.000000000 -0.000106048 -0.000039647 0.000473987 0.000106050 1.000000000 0.000056819 0.000272149 0.000039640 -0.000056823 1.000000000 0.000683312
1.000000000 0.000026789 0.000015127 0.000435595 -0.000026790 1.000000000 0.000067454 -0.000310562 -0.000015125 -0.000067454 1.000000000 -0.001116031
1.000000000 0.000018852 -0.000020905 0.000522998 -0.000018851 1.000000000 0.000043264 0.000403104 0.000020906 -0.000043264 1.000000000 0.000408282
1.000000000 -0.000103543 -0.000100155 0.000793938 0.000103558 1.000000000 0.000153578 -0.000879176 0.000100139 -0.000153588 1.000000000 -0.000558110
0.999999940 0.000210107 0.000206255 -0.001395465 -0.000210135 0.999999940 0.000135699 -0.000378225 -0.000206226 -0.000135742 0.999999940 -0.000220858
1.000000000 0.000183575 -0.000004917 -0.000181176 -0.000183575 1.000000000 0.000064787 -0.000092369 0.000004928 -0.000064786 1.000000000 -0.000727701
1.000000000 0.000006582 0.000078880 -0.000038929 -0.000006589 1.000000000 0.000098986 -0.000445412 -0.000078879 -0.000098986 1.000000000 0.000187368
1.000000000 0.000084038 0.000023423 0.000168457 -0.000084040 1.000000000 0.000063092 -0.000422370 -0.000023417 -0.000063094 1.000000000 -0.000447221
0.999999940 0.000268561 0.000069236 -0.000495524 -0.000268562 0.999999940 0.000023769 -0.000440888 -0.000069230 -0.000023788 1.000000000 -0.001065040
1.000000000 0.000236826 -0.000025208 0.000208092 -0.000236824 0.999999940 0.000083492 -0.000144339 0.000025228 -0.000083486 1.000000000 -0.000529587
1.000000000 0.000029586 0.000113119 0.000447091 -0.000029594 1.000000000 0.000068777 -0.000320849 -0.000113117 -0.000068780 1.000000000 0.000458851
0.999999940 0.000366188 0.000050783 0.000219990 -0.000366195 0.999999940 0.000147094 -0.000001382 -0.000050730 -0.000147113 1.000000000 0.000802985
1.000000000 0.000188850 0.000003770 0.000538417 -0.000188850 1.000000000 -0.000076127 0.000992837 -0.000003784 0.000076126 1.000000000 -0.000504212
1.000000000 0.000202692 -0.000003002 0.000537841 -0.000202693 0.999999940 -0.000193941 0.001869563 0.000002962 0.000193942 1.000000000 -0.001337262
1.000000000 0.000134068 -0.000063283 0.000697729 -0.000134066 1.000000000 0.000034097 0.000144622 0.000063288 -0.000034088 1.000000000 -0.001296588
1.000000000 0.000075486 0.000016727 0.000687801 -0.000075490 0.999999940 0.000238531 -0.000279612 -0.000016709 -0.000238533 1.000000000 0.001388710
1.000000000 -0.000060934 -0.000048880 0.000538865 0.000060946 1.000000000 0.000236294 -0.000623198 0.000048865 -0.000236297 1.000000000 0.000576644
1.000000000 -0.000076965 -0.000045246 0.001000126 0.000076972 1.000000000 0.000152589 0.000121172 0.000045235 -0.000152593 1.000000000 0.001716395
1.000000000 0.000096507 0.000065199 -0.000422715 -0.000096521 1.000000000 0.000214753 -0.000806689 -0.000065178 -0.000214760 1.000000000 0.000118384
1.000000000 -0.000058774 -0.000046668 0.000544928 0.000058774 1.000000000 0.000008359 0.000396011 0.000046668 -0.000008362 1.000000000 -0.000630268
1.000000000 -0.000040344 -0.000021057 0.000379047 0.000040345 1.000000000 0.000022616 -0.000110450 0.000021056 -0.000022617 1.000000000 -0.000096479
1.000000000 -0.000014877 -0.000021844 0.000510903 0.000014880 1.000000000 0.000143912 -0.000543049 0.000021842 -0.000143913 1.000000000 -0.000313944
1.000000000 0.000140394 0.000076029 -0.000555279 -0.000140397 1.000000000 0.000039646 -0.000259800 -0.000076024 -0.000039657 1.000000000 -0.000795917
1.000000000 0.000146705 -0.000015730 -0.000284656 -0.000146704 1.000000000 0.000045635 0.000418035 0.000015737 -0.000045633 1.000000000 0.001570716
1.000000000 -0.000155445 -0.000065033 0.001047587 0.000155449 1.000000000 0.000060296 -0.000086656 0.000065024 -0.000060306 1.000000000 0.000248688
1.000000000 0.000102734 0.000038684 -0.000360461 -0.000102741 1.000000000 0.000169407 -0.000334881 -0.000038666 -0.000169411 1.000000000 0.000108503
1.000000000 -0.000090531 0.000023138 0.000910924 0.000090528 1.000000000 0.000097994 0.000169451 -0.000023147 -0.000097992 1.000000000 -0.000723804
1.000000000 -0.000034362 0.000158344 -0.000343579 0.000034359 1.000000000 0.000015429 0.000483010 -0.000158345 -0.000015424 1.000000000 0.002118831
1.000000000 0.000047463 0.000164351 -0.000627989 -0.000047375 0.999999881 -0.000538368 -0.002201293 -0.000164377 0.000538360 0.999999762 0.051140036
1.000000000 0.000234888 -0.000050061 0.001065442 -0.000234949 0.999999285 -0.001218545 -0.003874815 0.000049775 0.001218556 0.999999225 0.137549803
1.000000000 0.000387268 -0.000152984 0.003417006 -0.000387485 0.999998987 -0.001418106 -0.007815741 0.000152435 0.001418164 0.999998927 0.254377902
0.999999881 -0.000302086 -0.000183139 0.003716935 0.000301948 0.999999821 -0.000748774 -0.021033430 0.000183365 0.000748719 0.999999702 0.373611003
0.999999881 -0.000100768 -0.000217534 0.006901030 0.000100586 0.999999642 -0.000833957 -0.025605755 0.000217618 0.000833935 0.999999583 0.511607170
0.999999940 0.000113103 -0.000058286 0.008775514 -0.000113148 0.999999702 -0.000784122 -0.028221250 0.000058198 0.000784129 0.999999702 0.667757452
0.999999702 0.000613890 0.000427351 0.011535185 -0.000613577 0.999999523 -0.000731418 -0.027412450 -0.000427799 0.000731156 0.999999583 0.840916038
0.999999940 -0.000160979 0.000383561 0.010747598 0.000161209 0.999999940 -0.000601151 -0.035724271 -0.000383464 0.000601212 0.999999762 1.007533789
1.000000000 -0.000149051 -0.000125522 0.021158785 0.000149032 0.999999940 -0.000149592 -0.043048043 0.000125544 0.000149573 0.999999940 1.183279634
0.999999940 -0.000302099 -0.000200866 0.029266311 0.000302049 0.999999940 -0.000247922 -0.045947459 0.000200941 0.000247862 0.999999940 1.368176103
1.000000000 0.000141859 0.000000286 0.031293642 -0.000141859 1.000000000 -0.000240138 -0.050643772 -0.000000320 0.000240138 1.000000000 1.557246208
0.999999881 0.000515154 -0.000044517 0.034673698 -0.000515166 0.999999821 -0.000281091 -0.050804533 0.000044372 0.000281114 0.999999940 1.766667366
0.999999881 0.000355177 -0.000176917 0.038770612 -0.000355251 0.999999762 -0.000417785 -0.057344757 0.000176769 0.000417848 0.999999821 1.967385888
0.999999702 0.000666337 0.000373137 0.037754659 -0.000666350 0.999999762 0.000034638 -0.066692777 -0.000373114 -0.000034887 0.999999940 2.174842596
0.999999940 0.000103592 -0.000059556 0.045518711 -0.000103592 1.000000000 0.000000356 -0.071838759 0.000059556 -0.000000350 1.000000000 2.395004272
1.000000119 0.000173531 0.000112155 0.049835354 -0.000173549 1.000000000 0.000163405 -0.082053132 -0.000112127 -0.000163424 0.999999940 2.617696524
1.000000000 0.000234142 0.000048416 0.055168506 -0.000234163 0.999999940 0.000426355 -0.088837497 -0.000048316 -0.000426366 0.999999881 2.848834753
0.999999762 0.000677959 0.000376499 0.055448037 -0.000678040 0.999999762 0.000216075 -0.094338126 -0.000376353 -0.000216330 0.999999881 3.080486536
0.999999881 0.000529337 0.000374055 0.055770192 -0.000529416 0.999999762 0.000211118 -0.102193922 -0.000373943 -0.000211316 0.999999881 3.333434820
0.999999881 0.000070994 0.000236255 0.069623820 -0.000071140 0.999999821 0.000617833 -0.115361251 -0.000236211 -0.000617850 0.999999762 3.562892675
0.999999821 -0.000540435 0.000020385 0.075412340 0.000540422 0.999999702 0.000628447 -0.122701101 -0.000020725 -0.000628436 0.999999762 3.815654755
0.999999642 -0.000808951 -0.000036912 0.082716577 0.000808976 0.999999464 0.000685792 -0.128005430 0.000036357 -0.000685822 0.999999762 4.073415279
0.999999523 0.000900396 0.000304122 0.082783803 -0.000900815 0.999998629 0.001380581 -0.137778535 -0.000302878 -0.001380855 0.999998987 4.329076290
0.999999762 0.000578078 0.000297103 0.090667464 -0.000578304 0.999999464 0.000760959 -0.140116602 -0.000296663 -0.000761131 0.999999642 4.567251205
1.000000000 0.000110110 0.000083709 0.096397698 -0.000110199 0.999999404 0.001059184 -0.148808390 -0.000083592 -0.001059193 0.999999404 4.821520329
0.999999940 0.000005772 -0.000339284 0.103483602 -0.000005255 0.999998808 0.001526133 -0.168909386 0.000339292 -0.001526131 0.999998689 5.105501175
0.999999940 -0.000198732 -0.000336589 0.112198055 0.000199185 0.999999046 0.001347165 -0.173731327 0.000336321 -0.001347232 0.999999046 5.380609989
0.999999344 0.001028959 0.000487236 0.099357001 -0.001029273 0.999999285 0.000644213 -0.174191177 -0.000486573 -0.000644714 0.999999702 5.628853798
0.999999583 0.000839323 0.000061586 0.107355423 -0.000839403 0.999998808 0.001319713 -0.187874421 -0.000060478 -0.001319765 0.999999106 5.896566868
0.999999404 0.001103281 0.000274847 0.112954699 -0.001103610 0.999998689 0.001200437 -0.195800483 -0.000273522 -0.001200740 0.999999285 6.175258160
0.999999464 0.000926140 0.000192800 0.125673413 -0.000926443 0.999998331 0.001581519 -0.212601513 -0.000191335 -0.001581696 0.999998689 6.465219021
0.999999344 0.000832057 0.000793882 0.116324790 -0.000832866 0.999999106 0.001018402 -0.210818395 -0.000793034 -0.001019063 0.999999166 6.744890213
0.999998391 0.001365791 0.001153771 0.116230190 -0.001367018 0.999998510 0.001063528 -0.223426223 -0.001152317 -0.001065104 0.999998748 7.032976151
0.999999344 0.000849384 0.000715660 0.135399044 -0.000850667 0.999998152 0.001794534 -0.238574833 -0.000714134 -0.001795142 0.999998152 7.337075233
0.999999225 0.001126184 0.000583398 0.147810280 -0.001127002 0.999998391 0.001402952 -0.243196741 -0.000581817 -0.001403609 0.999998868 7.655360222
0.999998510 0.001326959 0.001098936 0.145097837 -0.001328732 0.999997795 0.001614289 -0.256090462 -0.001096791 -0.001615747 0.999998093 7.949045658
0.999999404 0.000622087 0.000883544 0.142245576 -0.000623674 0.999998152 0.001796665 -0.264333338 -0.000882424 -0.001797215 0.999997973 8.291112900
0.999998808 0.000580702 0.001425628 0.152027994 -0.000582683 0.999998868 0.001389194 -0.267172277 -0.001424820 -0.001390023 0.999998033 8.595182419
0.999997616 0.000205392 0.002222772 0.141561434 -0.000210621 0.999997139 0.002352797 -0.284825265 -0.002222282 -0.002353259 0.999994755 8.914506912
0.999997199 0.000719588 0.002242531 0.154210046 -0.000724850 0.999996960 0.002346206 -0.302282214 -0.002240836 -0.002347824 0.999994755 9.243649483
0.999998033 0.000885304 0.001759901 0.161354288 -0.000888498 0.999998093 0.001815450 -0.299646974 -0.001758290 -0.001817010 0.999996722 9.591590881
0.999998808 0.000261096 0.001480723 0.180506438 -0.000263954 0.999998093 0.001930611 -0.309936345 -0.001480216 -0.001930999 0.999997020 9.942047119
0.999997735 0.001188969 0.001781875 0.183743596 -0.001192565 0.999997258 0.002018583 -0.321847528 -0.001779470 -0.002020703 0.999996364 10.303282738
0.999997973 0.001071436 0.001664519 0.193126455 -0.001075555 0.999996364 0.002475496 -0.334183812 -0.001661861 -0.002477281 0.999995530 10.649571419
0.999998093 0.001122587 0.001586612 0.202715605 -0.001126247 0.999996722 0.002308181 -0.348621547 -0.001584015 -0.002309963 0.999996066 10.998470306
0.999997914 0.000685386 0.001933972 0.209136680 -0.000690248 0.999996603 0.002514804 -0.359690815 -0.001932242 -0.002516133 0.999994993 11.386262894
0.999998748 0.000587166 0.001539967 0.220629826 -0.000591357 0.999996066 0.002722753 -0.373136789 -0.001538362 -0.002723659 0.999995112 11.763734818
0.999997854 0.000687485 0.001967692 0.225157559 -0.000692873 0.999996006 0.002738973 -0.384744912 -0.001965801 -0.002740330 0.999994338 12.131163597
0.999996722 0.000963183 0.002376029 0.233537585 -0.000969561 0.999995947 0.002684713 -0.392571479 -0.002373433 -0.002687008 0.999993503 12.522265434
0.999997258 0.001207316 0.002015511 0.244211674 -0.001212915 0.999995351 0.002778822 -0.401966155 -0.002012147 -0.002781259 0.999994099 12.922450066
0.999994755 0.001443080 0.002895909 0.244649440 -0.001449805 0.999996185 0.002321680 -0.412650168 -0.002892548 -0.002325866 0.999993086 13.318572044
0.999995410 0.000900060 0.002899472 0.259615839 -0.000907152 0.999996603 0.002445366 -0.422804743 -0.002897260 -0.002447985 0.999992788 13.741106033
0.999993980 0.001284781 0.003205241 0.265164495 -0.001292612 0.999996185 0.002442410 -0.431131363 -0.003202091 -0.002446539 0.999991834 14.144664764
0.999993742 0.000958211 0.003402219 0.272716731 -0.000966477 0.999996722 0.002428988 -0.443570584 -0.003399881 -0.002432261 0.999991238 14.564664841
0.999992490 0.001252918 0.003650489 0.285275370 -0.001262720 0.999995589 0.002684035 -0.457480550 -0.003647110 -0.002688625 0.999989748 14.999199867
0.999992490 0.001514013 0.003567892 0.297064930 -0.001523162 0.999995530 0.002563044 -0.468369454 -0.003563996 -0.002568459 0.999990284 15.429751396
0.999989867 0.001732470 0.004154658 0.306873500 -0.001742570 0.999995530 0.002428629 -0.480650812 -0.004150432 -0.002435845 0.999988437 15.870353699
0.999990523 0.001343439 0.004136641 0.320119768 -0.001355575 0.999994755 0.002932173 -0.494647682 -0.004132680 -0.002937753 0.999987125 16.312810898
0.999989450 0.001100422 0.004488721 0.328765631 -0.001111194 0.999996483 0.002398000 -0.501906097 -0.004486067 -0.002402962 0.999987066 16.759069443
0.999987423 0.001265235 0.004855866 0.339264095 -0.001278803 0.999995291 0.002792059 -0.517780483 -0.004852313 -0.002798233 0.999984264 17.213003159
0.999986887 0.001135588 0.004997990 0.352561235 -0.001148724 0.999995828 0.002626076 -0.528489292 -0.004994988 -0.002631783 0.999984086 17.661781311
0.999985993 0.001214499 0.005147565 0.363225132 -0.001230292 0.999994516 0.003065969 -0.545100868 -0.005143813 -0.003072259 0.999982059 18.129701614
0.999986410 0.000868408 0.005141341 0.382498682 -0.000884716 0.999994516 0.003170545 -0.556024611 -0.005138560 -0.003175050 0.999981761 18.607702255
0.999988258 0.000988459 0.004733676 0.396416157 -0.001000646 0.999996185 0.002572955 -0.570839584 -0.004731114 -0.002577662 0.999985516 19.067277908
0.999985099 0.001005931 0.005369756 0.408071548 -0.001021306 0.999995410 0.002861427 -0.577257752 -0.005366854 -0.002866869 0.999981463 19.585962296
0.999987185 0.000739995 0.005002004 0.426501632 -0.000756492 0.999994278 0.003296830 -0.595166385 -0.004999535 -0.003300572 0.999982059 20.062952042
0.999986112 0.000815025 0.005195706 0.436389357 -0.000830167 0.999995410 0.002912907 -0.605390608 -0.005193306 -0.002917180 0.999982238 20.555322647
0.999987543 0.001000811 0.004871930 0.451808631 -0.001016358 0.999994397 0.003189687 -0.623961985 -0.004868709 -0.003194598 0.999983072 21.035945892
0.999989271 0.000873716 0.004554985 0.459052205 -0.000890601 0.999992728 0.003706188 -0.639320791 -0.004551713 -0.003710206 0.999982774 21.541919708
0.999991059 0.000942343 0.004109838 0.472788513 -0.000958139 0.999992132 0.003843067 -0.655999899 -0.004106183 -0.003846971 0.999984145 22.045318604
0.999994159 0.001219374 0.003188358 0.486498892 -0.001230191 0.999993503 0.003393070 -0.664468169 -0.003184200 -0.003396973 0.999989092 22.558048248
0.999994755 0.001076479 0.003046613 0.498800665 -0.001087458 0.999992907 0.003604322 -0.681494951 -0.003042712 -0.003607616 0.999988854 23.072107315
0.999996245 0.001190146 0.002471550 0.509373009 -0.001199508 0.999992073 0.003789666 -0.698437631 -0.002467020 -0.003792616 0.999989748 23.575366974
0.999998569 0.000160768 0.001682630 0.519280910 -0.000166295 0.999994576 0.003284833 -0.710271001 -0.001682093 -0.003285108 0.999993205 24.101476669
0.999998271 0.001203577 0.001418586 0.526281893 -0.001208526 0.999993145 0.003492669 -0.720560551 -0.001414372 -0.003494378 0.999992907 24.631458282
0.999997854 0.001891728 0.000813552 0.536028922 -0.001894644 0.999991655 0.003598168 -0.734913707 -0.000806739 -0.003599702 0.999993205 25.159587860
0.999998808 0.001419636 0.000651549 0.541169882 -0.001421695 0.999993980 0.003171290 -0.746529162 -0.000647043 -0.003172211 0.999994755 25.699182510
0.999997973 0.002011170 0.000253862 0.551154613 -0.002011959 0.999993086 0.003143119 -0.762307465 -0.000247539 -0.003143624 0.999995053 26.238233566
0.999999523 0.000737390 -0.000597436 0.561911225 -0.000734889 0.999991119 0.004175671 -0.786750197 0.000600510 -0.004175231 0.999991119 26.809444427
0.999999225 0.000506196 -0.001119935 0.575202346 -0.000501122 0.999989629 0.004526208 -0.801613510 0.001122215 -0.004525643 0.999989152 27.356338501
0.999998212 0.001628224 -0.000867454 0.576677263 -0.001624744 0.999990702 0.003997251 -0.812393069 0.000873955 -0.003995835 0.999991655 27.918540955
0.999996841 0.000847384 -0.002346063 0.610487461 -0.000836265 0.999988377 0.004736423 -0.830843091 0.002350049 -0.004734446 0.999986053 28.452205658
0.999994814 0.000574349 -0.003161466 0.618873835 -0.000561018 0.999990940 0.004216159 -0.840296686 0.003163859 -0.004214364 0.999986053 29.008008957
0.999993682 0.000690532 -0.003485837 0.632356763 -0.000676791 0.999991953 0.003941610 -0.852248013 0.003488531 -0.003939226 0.999986112 29.553306580
0.999990046 0.001127720 -0.004314517 0.635018349 -0.001106492 0.999987245 0.004919311 -0.873351812 0.004320009 -0.004914487 0.999978602 30.102724075
0.999990046 0.001495419 -0.004208936 0.636375785 -0.001474461 0.999986529 0.004978234 -0.890590250 0.004216325 -0.004971979 0.999978662 30.651809692
0.999989629 0.000794596 -0.004490022 0.647353411 -0.000775323 0.999990463 0.004292584 -0.895779729 0.004493391 -0.004289058 0.999980688 31.197309494
0.999988139 0.001356791 -0.004677068 0.654382288 -0.001331305 0.999984205 0.005447880 -0.924803972 0.004684386 -0.005441589 0.999974191 31.730792999
0.999988675 0.001242495 -0.004592103 0.655902743 -0.001218879 0.999986053 0.005141822 -0.936411977 0.004598428 -0.005136167 0.999976218 32.274597168
0.999984145 0.000526152 -0.005605062 0.666912794 -0.000498165 0.999987423 0.004993467 -0.948211193 0.005607619 -0.004990595 0.999971807 32.811931610
0.999983013 0.000639621 -0.005780055 0.672650516 -0.000611062 0.999987602 0.004941416 -0.959403098 0.005783144 -0.004937801 0.999971032 33.379627228
0.999981344 0.000542217 -0.006079876 0.679449439 -0.000511529 0.999987125 0.005047959 -0.976254463 0.006082536 -0.005044756 0.999968767 33.915721893
0.999981046 0.000491072 -0.006133202 0.682026982 -0.000458794 0.999985993 0.005263097 -0.991643608 0.006135700 -0.005260183 0.999967337 34.457199097
0.999978662 0.000346982 -0.006517648 0.695772588 -0.000311156 0.999984860 0.005496996 -1.008054495 0.006519457 -0.005494851 0.999963582 35.000278473
0.999974489 0.000092408 -0.007142491 0.705594659 -0.000053259 0.999984920 0.005481189 -1.019843578 0.007142891 -0.005480668 0.999959409 35.547206879
0.999973476 -0.000135080 -0.007280741 0.711155057 0.000171118 0.999987662 0.004949305 -1.028361559 0.007279984 -0.004950419 0.999961257 36.112911224
0.999973357 0.000216200 -0.007299994 0.716237426 -0.000181086 0.999988437 0.004810499 -1.042629004 0.007300950 -0.004809048 0.999961793 36.652637482
0.999971092 -0.000189106 -0.007596893 0.726047993 0.000225969 0.999988198 0.004851788 -1.052500010 0.007595885 -0.004853365 0.999959350 37.188869476
0.999967456 -0.000287038 -0.008064182 0.733609617 0.000329334 0.999986172 0.005244080 -1.078475475 0.008062565 -0.005246565 0.999953687 37.731185913
0.999970615 0.000327373 -0.007657565 0.743322968 -0.000288142 0.999986768 0.005123821 -1.077465773 0.007659141 -0.005121463 0.999957561 38.280429840
0.999965072 0.000437690 -0.008349233 0.748794913 -0.000397717 0.999988377 0.004788710 -1.088833570 0.008351234 -0.004785222 0.999953628 38.825798035
0.999966979 0.000255126 -0.008117134 0.751669168 -0.000218536 0.999989808 0.004508308 -1.098198891 0.008118200 -0.004506385 0.999956906 39.375514984
0.999971390 0.000008267 -0.007565656 0.754298329 0.000027990 0.999988496 0.004792227 -1.115283966 0.007565611 -0.004792301 0.999959886 39.904563904
0.999970734 0.001207680 -0.007552156 0.758792996 -0.001172104 0.999988198 0.004713402 -1.129071832 0.007557760 -0.004704413 0.999960303 40.447296143
0.999969959 0.000378868 -0.007734830 0.770739496 -0.000342431 0.999988854 0.004711532 -1.143901825 0.007736530 -0.004708742 0.999958992 41.001605988
0.999965072 0.000534861 -0.008343599 0.785171270 -0.000496910 0.999989510 0.004549973 -1.150040269 0.008345946 -0.004545668 0.999954820 41.543918610
0.999964178 0.000225761 -0.008462214 0.789313138 -0.000190901 0.999991417 0.004120029 -1.167027712 0.008463072 -0.004118266 0.999955714 42.091609955
0.999965847 0.001591618 -0.008113363 0.784032941 -0.001553726 0.999987841 0.004674390 -1.177979946 0.008120705 -0.004661625 0.999956071 42.642906189
0.999966621 0.001852134 -0.007954816 0.787004650 -0.001820169 0.999990344 0.004023768 -1.181350350 0.007962193 -0.004009155 0.999960244 43.198188782
0.999963403 0.001119558 -0.008475475 0.794969797 -0.001083584 0.999990404 0.004247814 -1.201219320 0.008480148 -0.004238475 0.999955058 43.738029480
0.999962270 0.000807653 -0.008646235 0.797357917 -0.000767878 0.999989092 0.004602640 -1.215505958 0.008649859 -0.004595828 0.999952018 44.264759064
0.999960005 0.000620211 -0.008938081 0.804363608 -0.000584342 0.999991775 0.004015114 -1.224045038 0.008940497 -0.004009730 0.999951959 44.801933289
0.999962926 0.000731918 -0.008576111 0.805812359 -0.000697763 0.999991834 0.003984909 -1.229023814 0.008578958 -0.003978777 0.999955297 45.364326477
0.999964356 0.000930329 -0.008404539 0.810312927 -0.000899501 0.999992847 0.003671091 -1.242887020 0.008407895 -0.003663399 0.999957919 45.910980225
0.999963999 0.001180329 -0.008404426 0.812763214 -0.001147196 0.999991536 0.003946112 -1.263544917 0.008409012 -0.003936328 0.999956846 46.445461273
0.999967098 0.002581958 -0.007689812 0.811236382 -0.002552256 0.999989212 0.003869832 -1.272493482 0.007699721 -0.003850078 0.999962926 47.000923157
0.999965608 0.001093396 -0.008218815 0.810899198 -0.001057629 0.999989986 0.004354830 -1.294385195 0.008223494 -0.004345988 0.999956727 47.546020508
0.999964058 0.000716975 -0.008439176 0.822140992 -0.000686815 0.999993324 0.003576183 -1.297729731 0.008441685 -0.003570259 0.999957979 48.099700928
0.999962330 0.000980899 -0.008624697 0.835416555 -0.000944883 0.999990821 0.004178971 -1.321614742 0.008628717 -0.004170664 0.999954045 48.623748779
0.999962926 0.000857056 -0.008571282 0.832669854 -0.000828182 0.999993920 0.003371632 -1.321277142 0.008574123 -0.003364408 0.999957561 49.166332245
0.999957919 0.000778031 -0.009132892 0.855086923 -0.000745797 0.999993443 0.003532283 -1.337330580 0.009135581 -0.003525324 0.999952018 49.691951752
0.999961913 0.001106072 -0.008659397 0.849605441 -0.001067301 0.999989331 0.004480693 -1.357329488 0.008664260 -0.004471280 0.999952495 50.221591949
0.999963403 0.000516738 -0.008541709 0.854965687 -0.000485684 0.999993205 0.003637200 -1.367042065 0.008543532 -0.003632917 0.999956846 50.760902405
0.999964237 0.000485352 -0.008434027 0.869161963 -0.000454780 0.999993324 0.003626311 -1.382388115 0.008435731 -0.003622347 0.999957800 51.313816071
0.999956429 -0.000583764 -0.009317313 0.883919239 0.000620273 0.999992073 0.003916004 -1.400121331 0.009314956 -0.003921612 0.999948919 51.838169098
0.999970436 0.001264941 -0.007580651 0.862784386 -0.001238506 0.999993086 0.003490838 -1.410138488 0.007585015 -0.003481346 0.999965131 52.390007019
0.999970496 0.000909485 -0.007624573 0.873816133 -0.000880097 0.999992192 0.003856846 -1.429629803 0.007628019 -0.003850022 0.999963522 52.915729523
0.999968052 0.000653380 -0.007979225 0.875895143 -0.000624150 0.999993086 0.003665264 -1.451521397 0.007981564 -0.003660166 0.999961436 53.429481506
0.999972582 0.001371394 -0.007277190 0.873769224 -0.001347185 0.999993563 0.003330552 -1.457608819 0.007281710 -0.003320657 0.999967992 53.986007690
0.999972999 0.000992373 -0.007285033 0.878906608 -0.000966663 0.999993324 0.003531797 -1.472350359 0.007288489 -0.003524659 0.999967217 54.512699127
0.999972045 0.000295598 -0.007474626 0.885018110 -0.000268430 0.999993324 0.003635400 -1.490672112 0.007475650 -0.003633292 0.999965429 55.058380127
0.999972939 0.000745611 -0.007309071 0.887414992 -0.000719272 0.999993265 0.003605491 -1.501662970 0.007311709 -0.003600137 0.999966800 55.594902039
0.999971211 -0.000951417 -0.007521393 0.897625148 0.000979417 0.999992549 0.003719858 -1.520988464 0.007517799 -0.003727117 0.999964714 56.143035889
0.999976933 0.001471784 -0.006629862 0.897167861 -0.001452434 0.999994695 0.002922582 -1.520653486 0.006634128 -0.002912886 0.999973774 56.710784912
0.999979973 0.001082086 -0.006236934 0.902483284 -0.001059102 0.999992669 0.003687254 -1.533226252 0.006240879 -0.003680575 0.999973774 57.261379242
0.999980092 0.000883515 -0.006247017 0.908596694 -0.000865203 0.999995351 0.002933498 -1.546195507 0.006249578 -0.002928035 0.999976158 57.810737610
0.999982417 0.001094544 -0.005851076 0.914712191 -0.001081666 0.999996960 0.002203734 -1.545096159 0.005853471 -0.002197366 0.999980450 58.363967896
0.999981284 0.001242644 -0.005994800 0.919726014 -0.001229211 0.999996722 0.002243815 -1.561313391 0.005997569 -0.002236404 0.999979436 58.906150818
0.999981463 0.001413846 -0.005926971 0.932048023 -0.001401026 0.999996662 0.002166463 -1.576395512 0.005930015 -0.002158119 0.999980092 59.448917389
0.999982178 0.001543664 -0.005770505 0.940650105 -0.001534284 0.999997497 0.001629628 -1.580722928 0.005773006 -0.001620745 0.999981940 60.011466980
0.999981821 0.001655424 -0.005789855 0.948101938 -0.001645075 0.999996960 0.001791736 -1.599241138 0.005792804 -0.001782179 0.999981582 60.538799286
0.999975860 0.001892550 -0.006688663 0.982667685 -0.001881411 0.999996781 0.001671234 -1.613777518 0.006691805 -0.001658610 0.999976158 61.087360382
0.999981821 0.001761443 -0.005768444 0.978668272 -0.001746883 0.999995291 0.002528175 -1.637895346 0.005772870 -0.002518052 0.999980152 61.628383636
0.999982536 0.001818257 -0.005623881 0.983084381 -0.001805819 0.999995887 0.002216008 -1.646680117 0.005627887 -0.002205814 0.999981642 62.188186646
0.999980927 0.001774875 -0.005917733 0.998194516 -0.001760758 0.999995589 0.002389919 -1.669579983 0.005921948 -0.002379454 0.999979615 62.723541260
0.999981582 0.001619973 -0.005845811 1.002787113 -0.001605870 0.999995768 0.002416169 -1.679610968 0.005849701 -0.002406737 0.999979973 63.273479462
0.999981999 0.002332981 -0.005528226 1.004907608 -0.002320430 0.999994695 0.002275739 -1.693866730 0.005533505 -0.002262869 0.999982119 63.823932648
0.999985158 0.001915610 -0.005102180 1.014769435 -0.001906582 0.999996603 0.001773650 -1.698450685 0.005105562 -0.001763897 0.999985397 64.386108398
0.999986410 0.002627501 -0.004527367 1.020964622 -0.002612498 0.999991059 0.003316481 -1.720563293 0.004536041 -0.003304607 0.999984264 64.907600403
0.999983907 0.002081689 -0.005281684 1.026548862 -0.002071659 0.999996066 0.001903836 -1.735065103 0.005285625 -0.001892863 0.999984205 65.461563110
0.999986708 0.002962620 -0.004220354 1.030529141 -0.002948752 0.999990165 0.003288324 -1.755717993 0.004230056 -0.003275835 0.999985695 65.999877930
0.999986112 0.001589943 -0.005029840 1.042118430 -0.001582670 0.999997675 0.001449515 -1.756510139 0.005032132 -0.001441534 0.999986231 66.571861267
0.999987245 0.002705105 -0.004270596 1.054974914 -0.002691599 0.999991357 0.003165374 -1.785906434 0.004279122 -0.003153839 0.999985874 67.099311829
0.999988198 0.002543154 -0.004146035 1.055185318 -0.002532212 0.999993324 0.002642156 -1.790349603 0.004152726 -0.002631626 0.999987900 67.659515381
0.999986053 0.003476674 -0.003976513 1.065307498 -0.003464391 0.999989212 0.003091669 -1.814001799 0.003987219 -0.003077849 0.999987304 68.200660706
0.999987960 0.003129607 -0.003768576 1.069743156 -0.003116866 0.999989450 0.003382034 -1.830266237 0.003779121 -0.003370247 0.999987125 68.763565063
0.999984562 0.004035164 -0.003805703 1.077415228 -0.004022513 0.999986351 0.003326141 -1.839018703 0.003819073 -0.003310782 0.999987245 69.303260803
0.999986112 0.003976956 -0.003466207 1.081635833 -0.003966848 0.999987900 0.002917956 -1.854431272 0.003477770 -0.002904166 0.999989748 69.858703613
0.999986470 0.004024686 -0.003328839 1.092804313 -0.004016562 0.999988914 0.002443469 -1.857345700 0.003338637 -0.002430065 0.999991477 70.404212952
0.999984324 0.004118011 -0.003795937 1.109076619 -0.004108710 0.999988556 0.002454873 -1.872465849 0.003806003 -0.002439238 0.999989748 70.953353882
0.999985933 0.004002335 -0.003476443 1.111397982 -0.003994927 0.999989748 0.002135413 -1.882911682 0.003484954 -0.002121495 0.999991655 71.515861511
0.999983191 0.004761050 -0.003317802 1.117614150 -0.004754364 0.999986589 0.002019940 -1.892179847 0.003327375 -0.002004131 0.999992430 72.072639465
0.999984324 0.004484062 -0.003357368 1.133372068 -0.004476819 0.999987781 0.002161725 -1.908171296 0.003367020 -0.002146661 0.999991953 72.617904663
0.999983549 0.004349869 -0.003726193 1.153619647 -0.004342069 0.999988377 0.002098707 -1.918465972 0.003735279 -0.002082494 0.999990880 73.180686951
0.999985695 0.004123674 -0.003411211 1.159909487 -0.004116820 0.999989510 0.002013859 -1.926776886 0.003419479 -0.001999787 0.999992132 73.717620850
0.999984324 0.004323313 -0.003557635 1.174097300 -0.004317312 0.999989271 0.001693189 -1.936423898 0.003564917 -0.001677803 0.999992251 74.275573730
0.999984682 0.004554585 -0.003146960 1.189951181 -0.004547425 0.999987006 0.002278678 -1.959906220 0.003157298 -0.002264332 0.999992430 74.815147400
0.999984443 0.004336400 -0.003546234 1.198517084 -0.004330102 0.999989033 0.001781818 -1.965077162 0.003553922 -0.001766435 0.999992132 75.384170532
0.999986827 0.003903327 -0.003326129 1.209015250 -0.003899256 0.999991596 0.001229458 -1.977232337 0.003330901 -0.001216472 0.999993682 75.948547363
0.999984324 0.004554839 -0.003245858 1.220661163 -0.004550373 0.999988675 0.001382229 -1.988052487 0.003252117 -0.001367438 0.999993801 76.488807678
0.999982297 0.005442015 -0.002465263 1.207607746 -0.005438569 0.999984205 0.001402626 -2.015175581 0.002472857 -0.001389194 0.999995947 77.043479919
0.999988675 0.004242144 -0.002136616 1.218561411 -0.004238732 0.999989748 0.001598583 -2.028669357 0.002143375 -0.001589509 0.999996424 77.618263245
0.999982297 0.005399586 -0.002488073 1.236021757 -0.005397459 0.999985039 0.000860555 -2.028253555 0.002492683 -0.000847111 0.999996543 78.148780823
0.999981403 0.005706152 -0.002164369 1.246856451 -0.005704248 0.999983311 0.000885069 -2.046031237 0.002169383 -0.000872707 0.999997258 78.703987122
0.999985456 0.004678088 -0.002686301 1.261394739 -0.004675596 0.999988616 0.000933879 -2.067063570 0.002690639 -0.000921306 0.999995947 79.247360229
0.999984145 0.005175270 -0.002224089 1.269882917 -0.005175003 0.999986589 0.000125771 -2.073137522 0.002224710 -0.000114259 0.999997497 79.821609497
0.999981523 0.005664557 -0.002208233 1.275311351 -0.005662858 0.999983668 0.000774882 -2.090384722 0.002212587 -0.000762363 0.999997258 80.352546692
0.999985099 0.005363424 -0.001013200 1.286217451 -0.005363133 0.999985576 0.000289318 -2.098676920 0.001014737 -0.000283880 0.999999404 80.890007019
0.999977827 0.006646083 -0.000002246 1.288576722 -0.006646083 0.999977887 0.000034922 -2.116274357 0.000002478 -0.000034906 1.000000000 81.379501343
0.999983668 0.005635653 0.000861846 1.320257545 -0.005636242 0.999983847 0.000682265 -2.138971090 -0.000857987 -0.000687112 0.999999404 81.893936157
0.999987006 0.004318947 0.002704888 1.326959968 -0.004319456 0.999990642 0.000182502 -2.151055336 -0.002704074 -0.000194183 0.999996305 82.461967468
0.999949753 0.007165812 0.006997886 1.333298087 -0.007164089 0.999974251 -0.000271100 -2.162030220 -0.006999649 0.000220953 0.999975502 83.000595093
0.999925077 0.006190177 0.010557534 1.361258268 -0.006190043 0.999980807 -0.000045300 -2.190725327 -0.010557610 -0.000020055 0.999944210 83.539093018
0.999871254 0.007170111 0.014356874 1.372671127 -0.007163683 0.999974191 -0.000499069 -2.200421095 -0.014360084 0.000396157 0.999896824 84.127815247
0.999773502 0.007904429 0.019759756 1.382683039 -0.007901628 0.999968767 -0.000219839 -2.218941927 -0.019760879 0.000063655 0.999804676 84.665992737
0.999659598 0.006968311 0.025139198 1.429319620 -0.006975665 0.999975741 0.000204907 -2.243974447 -0.025137158 -0.000380200 0.999683917 85.189659119
0.999561250 0.006074105 0.028989345 1.482020497 -0.006068515 0.999981463 -0.000280826 -2.260169983 -0.028990515 0.000104781 0.999579668 85.731277466
0.999361217 0.004995079 0.035386950 1.520953894 -0.004949075 0.999986768 -0.001387504 -2.278825998 -0.035393413 0.001211485 0.999372721 86.259597778
0.999035597 0.006481791 0.043426417 1.551773787 -0.006479487 0.999978900 -0.000193825 -2.290270329 -0.043426767 -0.000087742 0.999056578 86.844924927
0.998588562 0.006629108 0.052695394 1.589617968 -0.006597003 0.999977946 -0.000783165 -2.306250572 -0.052699424 0.000434428 0.998610318 87.397003174
0.998165369 0.006268955 0.060219862 1.627473116 -0.006255010 0.999980330 -0.000420075 -2.320622206 -0.060221307 0.000042628 0.998185039 87.959808350
0.997554541 0.005434977 0.069680393 1.684430599 -0.005336488 0.999984622 -0.001599529 -2.334749222 -0.069688007 0.001223768 0.997568190 88.492362976
0.996794820 0.006112567 0.079766661 1.752864361 -0.006033650 0.999981046 -0.001230329 -2.354946613 -0.079772651 0.000745101 0.996812820 89.003425598
0.996028066 0.005820272 0.088849567 1.813784122 -0.005702097 0.999982417 -0.001583826 -2.370149851 -0.088857226 0.001070907 0.996043801 89.552848816
0.995282412 0.005459477 0.096866243 1.881378651 -0.005289401 0.999983966 -0.002012490 -2.382071257 -0.096875675 0.001490632 0.995295346 90.103881836
0.994128942 0.005414560 0.108066559 1.954236507 -0.005211581 0.999984086 -0.002160613 -2.392799854 -0.108076543 0.001584730 0.994141340 90.656234741
0.992871225 0.005708324 0.119055308 2.031355858 -0.005500459 0.999982715 -0.002074484 -2.404343605 -0.119065091 0.001404836 0.992885470 91.197723389
0.991739154 0.004906594 0.128176451 2.115499496 -0.004638471 0.999986410 -0.002390245 -2.416063070 -0.128186435 0.001775957 0.991748393 91.726722717
0.990250170 0.004984403 0.139211163 2.206069946 -0.004703018 0.999986172 -0.002350161 -2.431831837 -0.139220953 0.001672535 0.990259945 92.245910645
0.988446832 0.004563134 0.151499152 2.303009033 -0.004184207 0.999987185 -0.002819881 -2.446167946 -0.151510075 0.002153398 0.988453507 92.786300659
0.986702085 0.004573076 0.162474915 2.413537979 -0.004148561 0.999987066 -0.002951981 -2.459601641 -0.162486315 0.002238689 0.986708224 93.308334351
0.984931707 0.004450639 0.172885999 2.527392387 -0.004010036 0.999987900 -0.002897706 -2.478659868 -0.172896758 0.002160764 0.984937608 93.844207764
0.982526779 0.004647498 0.186062962 2.643882751 -0.004286981 0.999988079 -0.002339897 -2.497179747 -0.186071590 0.001501363 0.982535183 94.363754272
0.980086029 0.003836894 0.198536426 2.769796371 -0.003402509 0.999991000 -0.002529051 -2.509098291 -0.198544338 0.001803166 0.980090261 94.894927979
0.977966011 0.003764931 0.208730087 2.902694702 -0.003292644 0.999991179 -0.002610086 -2.523661613 -0.208738089 0.001865302 0.977969766 95.415802002
0.974961340 0.004137643 0.222335920 3.043531418 -0.003583228 0.999989390 -0.002896922 -2.538018227 -0.222345561 0.002027707 0.974965751 95.955886841
0.971810043 0.004054490 0.235730052 3.190105438 -0.003595513 0.999990702 -0.002376856 -2.558880091 -0.235737473 0.001462282 0.971815646 96.477264404
0.969034135 0.003335070 0.246904299 3.341905594 -0.002772761 0.999992728 -0.002625092 -2.573019028 -0.246911243 0.001859197 0.969036341 97.006172180
0.966011286 0.002833026 0.258484274 3.514734268 -0.002159977 0.999993443 -0.002887778 -2.587224722 -0.258490771 0.002231305 0.966011167 97.518836975
0.962024868 0.003155883 0.272943288 3.675012589 -0.002570354 0.999993563 -0.002502782 -2.607208252 -0.272949427 0.001706178 0.962026775 98.044319153
0.958324015 0.003079627 0.285666883 3.850385666 -0.002278813 0.999992490 -0.003135687 -2.620664120 -0.285674393 0.002354024 0.958323777 98.563812256
0.954966784 0.002883616 0.296698660 4.032070160 -0.002178654 0.999993980 -0.002706635 -2.634778261 -0.296704680 0.001938343 0.954967320 99.083885193
0.950704753 0.002532199 0.310087115 4.224029541 -0.001641623 0.999993861 -0.003132943 -2.646118879 -0.310093194 0.002469458 0.950702965 99.587867737
0.946285367 0.002516677 0.323323220 4.418977737 -0.001637612 0.999994159 -0.002990862 -2.661595345 -0.323328882 0.002300730 0.946283877 100.080162048
0.942321897 0.001838338 0.334702611 4.618631363 -0.000721259 0.999993742 -0.003461783 -2.671252728 -0.334706903 0.003020706 0.942317426 100.581550598
0.937540174 0.002635713 0.347867072 4.828613281 -0.001368323 0.999991477 -0.003888937 -2.684425592 -0.347874343 0.003170040 0.937535763 101.109329224
0.932201087 0.001383504 0.361938000 5.045209885 0.000001710 0.999992669 -0.003826864 -2.701666594 -0.361940652 0.003568027 0.932194233 101.605072021
0.927273512 0.001440246 0.374381870 5.261537552 -0.000016298 0.999992728 -0.003806603 -2.718748569 -0.374384671 0.003523661 0.927266717 102.098609924
0.922588110 0.000343967 0.385786235 5.494901657 0.001240559 0.999991775 -0.003858323 -2.737293482 -0.385784417 0.004038233 0.922580063 102.596832275
0.916756511 0.000615493 0.399445981 5.732433319 0.001017795 0.999991894 -0.003876763 -2.749242306 -0.399445146 0.003960602 0.916748524 103.065383911
0.910898685 0.000150282 0.412629813 5.972682953 0.001516775 0.999991894 -0.003712548 -2.764769077 -0.412627131 0.004007622 0.910891175 103.543037415
0.905817926 -0.000444508 0.423666894 6.213768005 0.002363690 0.999989212 -0.004004488 -2.780024290 -0.423660547 0.004628755 0.905809224 104.012313843
0.899687231 -0.001163881 0.436533660 6.477439880 0.003154041 0.999987662 -0.003834262 -2.798636436 -0.436523855 0.004826481 0.899679780 104.490814209
0.893050432 -0.000705012 0.449955970 6.757663727 0.002484666 0.999991238 -0.003364608 -2.831077814 -0.449949801 0.004122755 0.893044353 104.945350647
0.886974335 -0.001157828 0.461817294 7.028152466 0.002954867 0.999990642 -0.003168082 -2.849270582 -0.461809307 0.004174616 0.886969447 105.427253723
0.881374300 -0.001448979 0.472416252 7.304149628 0.003312589 0.999989688 -0.003113074 -2.867217302 -0.472406924 0.004308706 0.881370008 105.893058777
0.874220252 -0.002117431 0.485524863 7.589412689 0.004297014 0.999985039 -0.003376012 -2.874150991 -0.485510528 0.005037686 0.874216318 106.367080688
0.867547333 -0.002911238 0.497346044 7.886013031 0.005198105 0.999981225 -0.003213894 -2.894515276 -0.497327417 0.005373462 0.867546260 106.816589355
