1.000000000 0.000000000 0.000000000 0.000000000 0.000000000 1.000000000 0.000000000 0.000000000 0.000000000 0.000000000 1.000000000 0.000000000
1.000000000 0.000027021 -0.000013985 0.000422154 -0.000027020 1.000000000 0.000029960 -0.000640043 0.000013986 -0.000029959 1.000000000 -0.001493541
1.000000000 -0.000016291 -0.000015803 0.001233385 0.000016291 1.000000000 -0.000002986 -0.000376730 0.000015803 0.000002986 1.000000000 -0.001752725
1.000000000 -0.000118447 -0.000121704 0.002091995 0.000118448 1.000000000 0.000013086 -0.001212709 0.000121703 -0.000013101 1.000000000 -0.004180506
1.000000000 -0.000155228 -0.000126262 0.000396161 0.000155232 1.000000000 0.000027849 0.000274299 0.000126258 -0.000027868 1.000000000 -0.002813647
1.000000000 -0.000155615 -0.000048153 0.001178408 0.000155616 1.000000000 0.000029043 -0.000367614 0.000048149 -0.000029050 1.000000000 -0.000545557
1.000000000 -0.000136032 -0.000007712 0.000426215 0.000136032 1.000000000 0.000037447 -0.000887876 0.000007707 -0.000037448 1.000000000 -0.003306449
1.000000000 -0.000050644 -0.000080279 0.001222985 0.000050646 1.000000000 0.000019987 0.000016512 0.000080278 -0.000019991 1.000000000 -0.003106742
1.000000000 -0.000087855 -0.000021609 0.000310980 0.000087855 1.000000000 0.000017505 0.000410775 0.000021608 -0.000017507 1.000000000 -0.000381800
1.000000000 0.000025039 -0.000009306 -0.000597224 -0.000025039 1.000000000 -0.000011844 0.001026756 0.000009306 0.000011844 1.000000000 0.000121557
1.000000000 -0.000100850 -0.000123895 0.001390680 0.000100855 1.000000000 0.000039289 -0.001014154 0.000123891 -0.000039302 1.000000000 -0.001999700
1.000000000 -0.000106993 -0.000067424 0.001007582 0.000106990 1.000000000 -0.000039326 0.000351340 0.000067428 0.000039319 1.000000000 -0.000052535
1.000000000 -0.000174042 -0.000057379 -0.000481247 0.000174043 1.000000000 0.000017033 0.000827243 0.000057376 -0.000017043 1.000000000 0.000570864
1.000000000 -0.000166382 -0.000029500 0.000435995 0.000166382 1.000000000 0.000017713 0.000250838 0.000029497 -0.000017717 1.000000000 -0.003284852
1.000000000 -0.000061115 -0.000061917 0.002383213 0.000061120 1.000000000 0.000067191 -0.000773901 0.000061913 -0.000067194 1.000000000 -0.002389009
1.000000000 -0.000069722 -0.000050476 0.002591623 0.000069727 1.000000000 0.000105990 -0.001198638 0.000050468 -0.000105994 1.000000000 -0.004270885
1.000000000 -0.000106211 -0.000071734 0.002093332 0.000106213 1.000000000 0.000029418 0.000467457 0.000071730 -0.000029426 1.000000000 -0.002095998
1.000000000 0.000011538 -0.000074251 0.001748402 -0.000011533 1.000000000 0.000069402 -0.000295336 0.000074252 -0.000069401 1.000000000 -0.002887476
1.000000000 -0.000147331 -0.000124694 0.002402296 0.000147334 1.000000000 0.000022620 -0.000514047 0.000124691 -0.000022638 1.000000000 -0.002409820
1.000000000 -0.000174309 -0.000091305 0.001583788 0.000174308 1.000000000 -0.000005923 0.000828472 0.000091306 0.000005907 1.000000000 0.000668893
1.000000000 -0.000199592 -0.000093328 0.001204001 0.000199599 1.000000000 0.000073512 -0.001185157 0.000093313 -0.000073531 1.000000000 -0.005715487
1.000000000 -0.000096021 -0.000085970 0.003968405 0.000096026 1.000000000 0.000052196 -0.000398334 0.000085965 -0.000052204 1.000000000 -0.002184635
1.000000000 -0.000127988 -0.000133333 0.003055065 0.000127999 1.000000000 0.000082748 -0.000870454 0.000133322 -0.000082765 1.000000000 -0.002622461
1.000000000 -0.000193384 -0.000124019 0.001593462 0.000193390 1.000000000 0.000047345 -0.000011654 0.000124010 -0.000047369 1.000000000 -0.002618510
1.000000000 -0.000149580 -0.000133574 0.003520075 0.000149585 1.000000000 0.000038151 0.000072873 0.000133569 -0.000038171 1.000000000 -0.001390569
1.000000000 -0.000199217 -0.000112294 0.002477479 0.000199220 1.000000000 0.000029366 0.000401148 0.000112288 -0.000029388 1.000000000 -0.001135931
0.999999940 -0.000253542 -0.000168314 0.002416052 0.000253560 0.999999940 0.000104084 -0.000770845 0.000168288 -0.000104126 1.000000000 -0.005469527
0.999999940 -0.000330290 -0.000093635 0.001928907 0.000330296 0.999999940 0.000068349 -0.001133017 0.000093613 -0.000068380 1.000000000 -0.002816065
1.000000000 -0.000089635 -0.000116849 0.001771824 0.000089642 1.000000000 0.000056287 -0.000625223 0.000116844 -0.000056298 1.000000000 -0.002480639
0.999999940 -0.000212022 -0.000138834 0.003133403 0.000212036 1.000000000 0.000106472 -0.001259228 0.000138812 -0.000106501 1.000000000 -0.003367408
0.999999940 -0.000239843 -0.000151985 0.001845917 0.000239854 0.999999940 0.000069685 -0.000689141 0.000151969 -0.000069721 1.000000000 -0.003064713
0.999999940 -0.000304931 -0.000149447 0.002099935 0.000304948 0.999999940 0.000110987 -0.001245225 0.000149413 -0.000111033 1.000000000 -0.004529639
0.999999940 -0.000224026 -0.000131253 0.002108888 0.000224029 1.000000000 0.000027566 -0.000321672 0.000131247 -0.000027595 1.000000000 -0.002742149
1.000000000 -0.000200199 -0.000118033 0.001407579 0.000200204 1.000000000 0.000043533 -0.000323567 0.000118024 -0.000043556 1.000000000 -0.002605461
0.999999940 -0.000314334 -0.000143205 0.002782661 0.000314353 0.999999940 0.000131250 -0.001863635 0.000143164 -0.000131295 1.000000000 -0.006727164
0.999999940 -0.000218037 -0.000138382 0.002546864 0.000218035 1.000000000 -0.000011966 0.000023755 0.000138384 0.000011936 1.000000000 -0.002446272
1.000000000 -0.000139937 -0.000148300 0.004588452 0.000139956 1.000000000 0.000128159 -0.001647213 0.000148282 -0.000128180 1.000000000 -0.007208158
0.999999940 -0.000286321 -0.000152968 0.002304940 0.000286332 0.999999940 0.000076831 -0.000914174 0.000152946 -0.000076875 1.000000000 -0.005608273
0.999999940 -0.000219123 -0.000145240 0.001818277 0.000219140 0.999999940 0.000113944 -0.001054268 0.000145215 -0.000113975 1.000000000 -0.003340750
1.000000000 -0.000130882 -0.000175453 0.003488036 0.000130879 1.000000000 -0.000017280 -0.001056358 0.000175455 0.000017257 1.000000000 -0.002115976
1.000000000 -0.000214370 -0.000083724 0.001899274 0.000214323 0.999999821 -0.000559210 -0.001136582 0.000083844 0.000559192 0.999999821 0.045562796
0.999999940 -0.000131259 -0.000222034 0.003975731 0.000131016 0.999999404 -0.001096258 -0.004844844 0.000222178 0.001096229 0.999999404 0.136394054
0.999999940 -0.000217104 -0.000125091 0.005842632 0.000216925 0.999998927 -0.001432729 -0.006732563 0.000125402 0.001432702 0.999998987 0.253193617
1.000000000 -0.000183715 -0.000049872 0.006626893 0.000183643 0.999998927 -0.001444842 -0.011586450 0.000050137 0.001444833 0.999998927 0.387426168
1.000000000 -0.000070697 -0.000121708 0.011952997 0.000070553 0.999999285 -0.001179906 -0.017765911 0.000121791 0.001179898 0.999999285 0.523803473
1.000000000 -0.000196541 0.000007231 0.014275881 0.000196548 0.999999464 -0.001013777 -0.022752255 -0.000007032 0.001013779 0.999999464 0.676905811
0.999999940 -0.000258196 -0.000121628 0.019778760 0.000258080 0.999999523 -0.000945321 -0.025372047 0.000121872 0.000945290 0.999999523 0.841005743
0.999999940 0.000337636 0.000138847 0.018039191 -0.000337521 0.999999583 -0.000825106 -0.024432441 -0.000139126 0.000825059 0.999999642 1.019310117
1.000000000 0.000091432 -0.000110701 0.027632518 -0.000091508 0.999999762 -0.000685244 -0.033673037 0.000110638 0.000685254 0.999999762 1.188717723
1.000000000 -0.000021868 -0.000034507 0.033472139 0.000021856 0.999999940 -0.000359260 -0.040680505 0.000034515 0.000359260 0.999999940 1.360727072
0.999999940 0.000246262 -0.000065961 0.036959969 -0.000246284 0.999999940 -0.000328161 -0.048844472 0.000065880 0.000328177 0.999999940 1.560194969
0.999999881 0.000278120 0.000316444 0.015284345 -0.000278110 0.999999940 -0.000030652 -0.064886898 -0.000316453 0.000030564 0.999999881 1.725771546
0.999999940 -0.000021682 0.000050768 0.023359973 0.000021671 0.999999940 0.000206557 -0.069757827 -0.000050772 -0.000206556 1.000000000 1.932213187
0.999999821 0.000481915 0.000352261 0.019834304 -0.000481925 0.999999881 0.000028918 -0.073807463 -0.000352247 -0.000029088 0.999999881 2.146337032
1.000000000 0.000373607 -0.000048170 0.027828833 -0.000373592 0.999999940 0.000312871 -0.080255985 0.000048287 -0.000312853 0.999999881 2.359358549
0.999999940 0.000057143 0.000352247 0.035440989 -0.000057334 0.999999881 0.000541418 -0.094673142 -0.000352216 -0.000541439 0.999999821 2.572268486
0.999999881 -0.000180454 0.000433961 0.039821427 0.000180211 0.999999821 0.000560466 -0.102168307 -0.000434062 -0.000560388 0.999999762 2.798836946
0.999999762 -0.000118150 0.000661245 0.041380990 0.000117775 0.999999881 0.000567327 -0.104998335 -0.000661312 -0.000567249 0.999999642 3.036212921
0.999999821 -0.000007227 0.000541609 0.043485310 0.000006882 0.999999821 0.000637395 -0.112757415 -0.000541614 -0.000637391 0.999999642 3.283785343
0.999999821 -0.000170831 0.000626137 0.047154710 0.000170336 0.999999702 0.000789506 -0.120961577 -0.000626272 -0.000789399 0.999999523 3.525629044
0.999999642 0.000323050 0.000733753 0.050254181 -0.000323688 0.999999523 0.000870548 -0.131789640 -0.000733471 -0.000870786 0.999999344 3.766461134
0.999999642 0.000190935 0.000809521 0.057305507 -0.000191778 0.999999464 0.001041514 -0.138070554 -0.000809321 -0.001041669 0.999999106 4.030157089
0.999999285 0.000487189 0.001059960 0.059131205 -0.000488467 0.999999166 0.001205694 -0.142786950 -0.001059371 -0.001206211 0.999998689 4.294690132
0.999999583 0.000239324 0.000816862 0.064970210 -0.000240363 0.999999166 0.001272258 -0.151864111 -0.000816557 -0.001272454 0.999998808 4.552958965
0.999999583 -0.000275607 0.000787439 0.082907557 0.000274370 0.999998748 0.001570765 -0.165828958 -0.000787871 -0.001570548 0.999998450 4.797787666
0.999999166 0.000307842 0.001249910 0.072618492 -0.000310449 0.999997795 0.002086364 -0.184214905 -0.001249265 -0.002086750 0.999997020 5.087095737
0.999999464 0.000323459 0.001027123 0.081435025 -0.000325559 0.999997854 0.002045641 -0.190007821 -0.001026459 -0.002045975 0.999997318 5.349978924
0.999999523 -0.000112996 0.000980981 0.087253854 0.000110944 0.999997854 0.002090979 -0.197603673 -0.000981215 -0.002090869 0.999997318 5.619463921
0.999998927 0.001140325 0.000935719 0.093566515 -0.001142272 0.999997199 0.002082856 -0.205611527 -0.000933341 -0.002083922 0.999997377 5.861526489
0.999999344 0.000757859 0.000826056 0.104522087 -0.000759720 0.999997199 0.002255026 -0.218239725 -0.000824345 -0.002255652 0.999997079 6.131170750
0.999998987 0.001055323 0.001031031 0.102436952 -0.001057682 0.999996901 0.002289541 -0.222011641 -0.001028611 -0.002290629 0.999996841 6.428389549
0.999998987 0.000966120 0.001027255 0.111515462 -0.000968541 0.999996722 0.002358553 -0.233920559 -0.001024973 -0.002359545 0.999996662 6.696985245
0.999998569 0.001233901 0.001165362 0.120378517 -0.001236628 0.999996483 0.002341932 -0.246284261 -0.001162468 -0.002343369 0.999996603 6.995254993
0.999998569 0.001235086 0.001141460 0.128252760 -0.001237851 0.999996305 0.002424452 -0.254682720 -0.001138461 -0.002425861 0.999996364 7.297862530
0.999998271 0.001288100 0.001351243 0.137474626 -0.001291414 0.999996185 0.002455297 -0.265683472 -0.001348076 -0.002457038 0.999996126 7.609797001
0.999999225 0.000604336 0.001083617 0.147701934 -0.000606987 0.999996781 0.002447268 -0.272944480 -0.001082134 -0.002447923 0.999996424 7.934312344
0.999998450 0.001052435 0.001414996 0.136181921 -0.001056021 0.999996245 0.002535703 -0.278184026 -0.001412322 -0.002537194 0.999995887 8.259020805
0.999999106 0.000813849 0.001080310 0.161291599 -0.000817033 0.999995291 0.002950401 -0.300633639 -0.001077904 -0.002951281 0.999995053 8.549713135
0.999998271 0.001241250 0.001377800 0.161214933 -0.001245411 0.999994576 0.003023889 -0.304768682 -0.001374039 -0.003025599 0.999994516 8.894622803
0.999997735 0.001378684 0.001604688 0.164906546 -0.001383672 0.999994159 0.003111764 -0.315768510 -0.001600388 -0.003113978 0.999993861 9.232418060
0.999998271 0.001348552 0.001252529 0.178959310 -0.001352377 0.999994397 0.003057892 -0.325709909 -0.001248398 -0.003059580 0.999994576 9.569458961
0.999998510 0.000969917 0.001419352 0.186805978 -0.000974386 0.999994576 0.003151616 -0.345123172 -0.001416288 -0.003152994 0.999994040 9.918973923
0.999998927 0.000543906 0.001333582 0.194646299 -0.000548203 0.999994636 0.003224024 -0.355328053 -0.001331821 -0.003224751 0.999993920 10.285622597
0.999998510 0.000826288 0.001458285 0.203016311 -0.000831335 0.999993682 0.003464127 -0.369295686 -0.001455414 -0.003465335 0.999992847 10.634711266
0.999998510 0.000740645 0.001485239 0.212125883 -0.000745926 0.999993384 0.003558627 -0.381271392 -0.001482593 -0.003559730 0.999992549 10.996302605
0.999997675 0.001049916 0.001886920 0.212616086 -0.001057217 0.999991953 0.003872423 -0.391949862 -0.001882839 -0.003874409 0.999990702 11.373031616
0.999996722 0.001474190 0.002117799 0.219770119 -0.001482260 0.999991596 0.003814067 -0.400542676 -0.002112158 -0.003817193 0.999990404 11.757640839
0.999997795 0.001092597 0.001807154 0.232858509 -0.001099768 0.999991536 0.003971700 -0.414336532 -0.001802799 -0.003973679 0.999990463 12.142786026
0.999996662 0.001566289 0.002063255 0.238959819 -0.001574808 0.999990165 0.004133991 -0.422841907 -0.002056760 -0.004137226 0.999989271 12.536646843
0.999997497 0.001106922 0.001898680 0.245138645 -0.001115109 0.999989986 0.004316387 -0.439138919 -0.001893883 -0.004318493 0.999988854 12.893769264
0.999997139 0.001319740 0.001958730 0.257209837 -0.001328156 0.999989867 0.004301768 -0.453509688 -0.001953032 -0.004304357 0.999988794 13.290474892
0.999996603 0.001323594 0.002210221 0.267666698 -0.001332977 0.999990106 0.004249522 -0.461397052 -0.002204575 -0.004252455 0.999988496 13.696399689
0.999996424 0.001434892 0.002234126 0.270544648 -0.001445634 0.999987304 0.004813835 -0.475890934 -0.002227190 -0.004817048 0.999985814 14.115801811
0.999995410 0.001580920 0.002556538 0.285301119 -0.001593372 0.999986708 0.004875959 -0.491831601 -0.002548796 -0.004880010 0.999984860 14.550631523
0.999996305 0.000874251 0.002559442 0.306460112 -0.000887348 0.999986470 0.005120561 -0.513121009 -0.002554931 -0.005122812 0.999983549 14.945518494
0.999995947 0.000754699 0.002756964 0.315489829 -0.000768789 0.999986649 0.005113215 -0.524901330 -0.002753068 -0.005115313 0.999983072 15.376811981
0.999995291 0.000754928 0.002971963 0.324533701 -0.000770005 0.999986947 0.005075406 -0.532153547 -0.002968092 -0.005077671 0.999982715 15.823822975
0.999994218 0.001019316 0.003235920 0.336470962 -0.001036312 0.999985695 0.005254926 -0.544627964 -0.003230516 -0.005258249 0.999980986 16.269765854
0.999991953 0.001328464 0.003790338 0.338446468 -0.001348861 0.999984622 0.005383851 -0.560832381 -0.003783128 -0.005388922 0.999978304 16.695209503
0.999990463 0.001560503 0.004071912 0.348007441 -0.001581687 0.999985218 0.005204474 -0.566988647 -0.004063730 -0.005210865 0.999978125 17.164628983
0.999990821 0.001083359 0.004134530 0.370671898 -0.001106600 0.999983609 0.005622843 -0.581111431 -0.004128370 -0.005627367 0.999975681 17.608428955
0.999989867 0.000854213 0.004419913 0.370380163 -0.000879568 0.999983132 0.005737734 -0.605127692 -0.004414937 -0.005741564 0.999973774 18.060661316
0.999986231 0.001380212 0.005063332 0.378839105 -0.001410420 0.999981225 0.005967350 -0.616022587 -0.005055001 -0.005974410 0.999969363 18.527576447
0.999988258 0.001353699 0.004665572 0.396178246 -0.001379984 0.999983191 0.005635333 -0.628494978 -0.004657866 -0.005641705 0.999973238 19.001289368
0.999986649 0.001305972 0.005012584 0.406282187 -0.001335375 0.999981880 0.005866879 -0.642340958 -0.005004832 -0.005873494 0.999970198 19.474763870
0.999988019 0.001069318 0.004781901 0.413641512 -0.001098826 0.999980330 0.006172352 -0.656750917 -0.004775206 -0.006177533 0.999969542 19.943637848
0.999988556 0.000410486 0.004778894 0.424397647 -0.000439854 0.999980986 0.006145863 -0.666722000 -0.004776279 -0.006147895 0.999969721 20.439859390
0.999989808 0.000292922 0.004502025 0.435954660 -0.000320388 0.999981284 0.006101212 -0.675707459 -0.004500153 -0.006102593 0.999971330 20.936347961
0.999995768 0.000233950 0.002904875 0.476220310 -0.000252834 0.999978840 0.006502340 -0.715065718 -0.002903292 -0.006503048 0.999974668 21.420274734
0.999997318 -0.000045445 0.002305531 0.485155523 0.000030452 0.999978900 0.006502753 -0.730649114 -0.002305778 -0.006502666 0.999976218 21.908502579
0.999997854 -0.000072084 0.002078450 0.496483684 0.000058674 0.999979258 0.006451337 -0.736671805 -0.002078872 -0.006451201 0.999977052 22.440979004
0.999997854 -0.000679876 0.001946686 0.497265577 0.000666614 0.999976575 0.006805225 -0.762759745 -0.001951268 -0.006803913 0.999974966 22.912719727
0.999998927 -0.000460102 0.001374395 0.508260846 0.000450849 0.999977231 0.006725044 -0.778284609 -0.001377458 -0.006724418 0.999976456 23.443429947
0.999997735 -0.002059021 0.000374914 0.526019454 0.002056571 0.999977291 0.006424066 -0.784499526 -0.000388133 -0.006423281 0.999979377 23.973012924
0.999999523 -0.000961345 -0.000241882 0.531384051 0.000962972 0.999976337 0.006815543 -0.799986243 0.000235324 -0.006815773 0.999976695 24.466106415
0.999999285 -0.000757803 -0.000920904 0.542698324 0.000764539 0.999972820 0.007337140 -0.814489245 0.000915319 -0.007337839 0.999972641 24.989761353
0.999997914 -0.001062826 -0.001739991 0.557843626 0.001075716 0.999971867 0.007423882 -0.827074468 0.001732052 -0.007425738 0.999970853 25.519519806
0.999995768 -0.001886966 -0.002199859 0.570650578 0.001903328 0.999970317 0.007459455 -0.835539460 0.002185718 -0.007463610 0.999969721 26.065956116
0.999995172 -0.001858948 -0.002498577 0.570987463 0.001878913 0.999966085 0.008012035 -0.849280596 0.002483599 -0.008016690 0.999964774 26.606681824
0.999993622 -0.001886999 -0.003020526 0.589454710 0.001912215 0.999963105 0.008367214 -0.869944572 0.003004626 -0.008372938 0.999960423 27.153205872
0.999992371 -0.001616782 -0.003565670 0.598317206 0.001646698 0.999963343 0.008403037 -0.889154196 0.003551954 -0.008408844 0.999958396 27.680801392
0.999991119 -0.001196931 -0.004046527 0.601394534 0.001230948 0.999963820 0.008414376 -0.898111045 0.004036310 -0.008419283 0.999956369 28.166837692
0.999987960 -0.001703622 -0.004608755 0.611720085 0.001743400 0.999961197 0.008640837 -0.912452459 0.004593855 -0.008648769 0.999952018 28.704605103
0.999990046 -0.001381365 -0.004271699 0.617503643 0.001419237 0.999959528 0.008875267 -0.928842068 0.004259267 -0.008881241 0.999951482 29.233242035
0.999985397 -0.001738048 -0.005119835 0.616915643 0.001783668 0.999958634 0.008919299 -0.937265515 0.005104121 -0.008928303 0.999947131 29.788290024
0.999980986 -0.002157921 -0.005779317 0.638126850 0.002208209 0.999959648 0.008709063 -0.949707270 0.005760291 -0.008721657 0.999945402 30.329498291
0.999976397 -0.003345994 -0.006002892 0.648677766 0.003399621 0.999954164 0.008945556 -0.963825703 0.005972685 -0.008965752 0.999941945 30.864114761
0.999973178 -0.003306336 -0.006542914 0.664601684 0.003364505 0.999954760 0.008899508 -0.981550574 0.006513193 -0.008921283 0.999939024 31.388195038
0.999972403 -0.002862877 -0.006854212 0.681099832 0.002922894 0.999957383 0.008762298 -0.998157382 0.006828835 -0.008782092 0.999938130 31.923812866
0.999969244 -0.003471214 -0.007030854 0.689940751 0.003532959 0.999955177 0.008788764 -1.001857996 0.007000030 -0.008813334 0.999936700 32.487297058
0.999969006 -0.003510329 -0.007048871 0.649314463 0.003576783 0.999949038 0.009437284 -1.045258045 0.007015384 -0.009462205 0.999930620 33.031852722
0.999970853 -0.003238224 -0.006901181 0.650013387 0.003302411 0.999951124 0.009309854 -1.051848650 0.006870697 -0.009332374 0.999932885 33.591335297
0.999964952 -0.003435395 -0.007636824 0.666999519 0.003509417 0.999946773 0.009700594 -1.070757389 0.007603092 -0.009727055 0.999923766 34.101356506
0.999966919 -0.003003091 -0.007564785 0.667749524 0.003075125 0.999949872 0.009528785 -1.074171782 0.007535790 -0.009551732 0.999925971 34.653491974
0.999970019 -0.002650519 -0.007275431 0.681795239 0.002719874 0.999950826 0.009539586 -1.083868623 0.007249788 -0.009559087 0.999927998 35.146560669
0.999961972 -0.003784341 -0.007848378 0.666851103 0.003859746 0.999946296 0.009614891 -1.107494354 0.007811572 -0.009644818 0.999922991 35.740009308
0.999964237 -0.002921037 -0.007940140 0.671923280 0.002996827 0.999949872 0.009550074 -1.118854761 0.007911846 -0.009573528 0.999922872 36.285495758
0.999964058 -0.003049006 -0.007911405 0.678383470 0.003125075 0.999948919 0.009620550 -1.129896641 0.007881667 -0.009644929 0.999922454 36.823375702
0.999958813 -0.003628916 -0.008311965 0.701902628 0.003707934 0.999947906 0.009510986 -1.145926356 0.008277016 -0.009541415 0.999920249 37.336238861
0.999960065 -0.003218048 -0.008332345 0.707696915 0.003297082 0.999949574 0.009488844 -1.155799150 0.008301388 -0.009515939 0.999920309 37.882690430
0.999957323 -0.003457392 -0.008559490 0.717013478 0.003540718 0.999946296 0.009738958 -1.171286702 0.008525359 -0.009768848 0.999915898 38.418128967
0.999955595 -0.003453420 -0.008767392 0.721488357 0.003540042 0.999944925 0.009883667 -1.178852797 0.008732776 -0.009914266 0.999912739 38.962703705
0.999958634 -0.003139702 -0.008536218 0.703519821 0.003224000 0.999945998 0.009879576 -1.195945621 0.008504737 -0.009906688 0.999914765 39.508739471
0.999955297 -0.003317113 -0.008859894 0.715273261 0.003406937 0.999942720 0.010142403 -1.210987687 0.008825743 -0.010172134 0.999909341 40.039184570
0.999958813 -0.002961968 -0.008569255 0.720909119 0.003047452 0.999945581 0.009979953 -1.223352194 0.008539227 -0.010005658 0.999913514 40.600296021
0.999960184 -0.002379533 -0.008604825 0.731454134 0.002465618 0.999946952 0.010007628 -1.228236079 0.008580554 -0.010028447 0.999912918 41.145542145
0.999962628 -0.002061929 -0.008402605 0.731372118 0.002141658 0.999952674 0.009490629 -1.233521223 0.008382638 -0.009508268 0.999919653 41.712371826
0.999952018 -0.003857151 -0.009005441 0.739258826 0.003959300 0.999927700 0.011352939 -1.308123946 0.008961001 -0.011388049 0.999894917 42.157066345
0.999954045 -0.003463421 -0.008941663 0.750489950 0.003563994 0.999930263 0.011256372 -1.318852901 0.008902054 -0.011287724 0.999896586 42.698921204
0.999949276 -0.004087196 -0.009205743 0.762912750 0.004191052 0.999927521 0.011290837 -1.328217387 0.009158926 -0.011328847 0.999893844 43.249073029
0.999946296 -0.004303135 -0.009429106 0.766797721 0.004409166 0.999926984 0.011253273 -1.350589156 0.009379992 -0.011294244 0.999892175 43.789325714
0.999947965 -0.004052775 -0.009361931 0.769671679 0.004156105 0.999930501 0.011044285 -1.357795715 0.009316518 -0.011082619 0.999895215 44.338626862
0.999947548 -0.004129575 -0.009366227 0.757951915 0.004238159 0.999923706 0.011603107 -1.366641760 0.009317596 -0.011642196 0.999888837 44.851287842
0.999942541 -0.004895669 -0.009533241 0.774420619 0.005010850 0.999914289 0.012095818 -1.380412102 0.009473206 -0.012142893 0.999881446 45.370304108
0.999939084 -0.004556620 -0.010054280 0.804148316 0.004675515 0.999919057 0.011833739 -1.401877522 0.009999545 -0.011880029 0.999879360 45.888755798
0.999938130 -0.004215560 -0.010299768 0.812455058 0.004336370 0.999921739 0.011735304 -1.412427187 0.010249492 -0.011779243 0.999878049 46.446044922
0.999933541 -0.004700953 -0.010522932 0.819432497 0.004824329 0.999919593 0.011729995 -1.420880556 0.010466942 -0.011779984 0.999875844 46.987167358
0.999940157 -0.004453143 -0.009992087 0.785600901 0.004569601 0.999921560 0.011662603 -1.426645994 0.009939368 -0.011707566 0.999882042 47.521945953
0.999940097 -0.004513506 -0.009973096 0.794964075 0.004627460 0.999924004 0.011432735 -1.437660217 0.009920736 -0.011478201 0.999884844 48.065250397
0.999941528 -0.004202831 -0.009966575 0.799656808 0.004317350 0.999924600 0.011496830 -1.445336580 0.009917503 -0.011539187 0.999884248 48.611343384
0.999942005 -0.004017242 -0.009992523 0.807995856 0.004135929 0.999920785 0.011885394 -1.463384867 0.009943984 -0.011926032 0.999879360 49.110359192
0.999946892 -0.003484725 -0.009708033 0.809950471 0.003604595 0.999917209 0.012357490 -1.477934361 0.009664168 -0.012391826 0.999876499 49.638118744
0.999939322 -0.004413095 -0.010092890 0.814489067 0.004534687 0.999917030 0.012056330 -1.486584663 0.010038848 -0.012101363 0.999876320 50.178710938
0.999948680 -0.003806036 -0.009399938 0.811192930 0.003921887 0.999916255 0.012337063 -1.497456551 0.009352194 -0.012373294 0.999879718 50.726482391
0.999939322 -0.004137277 -0.010209686 0.829225659 0.004265479 0.999911904 0.012567276 -1.513027906 0.010156794 -0.012610065 0.999868929 51.225910187
0.999939382 -0.003954109 -0.010275261 0.831553161 0.004081535 0.999914587 0.012409964 -1.526092768 0.010225315 -0.012451150 0.999870121 51.788887024
0.999939382 -0.004079910 -0.010231505 0.841204703 0.004206635 0.999914229 0.012394967 -1.533262253 0.010180058 -0.012437256 0.999870837 52.334655762
0.999941170 -0.003772017 -0.010169017 0.840604067 0.003899724 0.999913394 0.012567988 -1.546879292 0.010120733 -0.012606904 0.999869227 52.838199615
0.999941528 -0.004020266 -0.010043398 0.845721960 0.004150277 0.999907374 0.012957748 -1.562077045 0.009990375 -0.012998672 0.999865532 53.387836456
0.999941587 -0.003882762 -0.010084152 0.839605927 0.004009147 0.999913275 0.012543161 -1.559542418 0.010034574 -0.012582858 0.999870479 53.893527985
0.999941766 -0.003924204 -0.010044780 0.842119157 0.004047055 0.999916911 0.012239378 -1.567995071 0.009995916 -0.012279320 0.999874651 54.441001892
0.999943316 -0.003548034 -0.010039382 0.843954623 0.003673883 0.999914587 0.012544932 -1.573763847 0.009994014 -0.012581105 0.999870896 54.946792603
0.999945581 -0.003438181 -0.009853506 0.844491601 0.003560275 0.999916852 0.012400240 -1.577423215 0.009810054 -0.012434645 0.999874532 55.491630554
0.999946892 -0.003269154 -0.009776607 0.851063967 0.003391773 0.999915540 0.012551942 -1.592594862 0.009734746 -0.012584433 0.999873459 56.038841248
0.999940038 -0.004506544 -0.009982252 0.851479888 0.004636419 0.999904394 0.013025834 -1.611760855 0.009922595 -0.013071336 0.999865294 56.543621063
0.999937534 -0.004825645 -0.010084482 0.858588874 0.004957233 0.999902368 0.013064610 -1.625671864 0.010020453 -0.013113786 0.999863744 57.083129883
0.999938488 -0.005198950 -0.009799917 0.866852701 0.005334456 0.999889791 0.013852097 -1.637709618 0.009726822 -0.013903523 0.999855995 57.627471924
0.999944746 -0.004098178 -0.009675816 0.871079445 0.004224984 0.999904990 0.013121587 -1.631508589 0.009621122 -0.013161743 0.999867082 58.135036469
0.999947727 -0.003675424 -0.009537091 0.878510475 0.003799723 0.999907732 0.013048034 -1.642301798 0.009488254 -0.013083592 0.999869406 58.676559448
0.999946833 -0.003928241 -0.009533542 0.887252629 0.004048566 0.999911964 0.012634988 -1.648017406 0.009483068 -0.012672916 0.999874711 59.225284576
0.999946475 -0.004228223 -0.009441533 0.876646698 0.004353136 0.999902725 0.013249090 -1.661553383 0.009384595 -0.013289480 0.999867678 59.739509583
0.999953330 -0.002798948 -0.009251254 0.983854592 0.002913834 0.999918461 0.012428319 -1.637397766 0.009215713 -0.012454697 0.999879956 60.450004578
0.999948502 -0.003764261 -0.009424130 0.906520545 0.003894017 0.999897420 0.013788248 -1.685332417 0.009371259 -0.013824237 0.999860525 60.838531494
0.999943137 -0.004207163 -0.009798313 0.912083983 0.004339527 0.999899089 0.013527055 -1.696736336 0.009740412 -0.013568806 0.999860525 61.367778778
0.999938905 -0.004630885 -0.010031635 0.924824357 0.004768677 0.999894023 0.013755685 -1.718683958 0.009966871 -0.013802685 0.999855101 61.876758575
0.999952316 -0.002972967 -0.009302258 0.912039578 0.003099295 0.999902725 0.013595525 -1.708837628 0.009260935 -0.013623708 0.999864340 62.446781158
0.999945581 -0.003511895 -0.009823161 0.954795241 0.003642314 0.999904990 0.013290521 -1.725564599 0.009775552 -0.013325579 0.999863446 63.017078400
0.999949038 -0.003505259 -0.009468351 0.928877473 0.003640009 0.999891758 0.014252041 -1.789726973 0.009417369 -0.014285780 0.999853611 63.387493134
0.999939024 -0.004104158 -0.010249640 0.941647410 0.004250177 0.999889135 0.014265238 -1.793979168 0.010189957 -0.014307930 0.999845743 63.938285828
0.999942183 -0.004086609 -0.009942102 0.942328691 0.004223595 0.999895871 0.013796589 -1.795991302 0.009884685 -0.013837782 0.999855399 64.505752563
0.999953866 -0.003031320 -0.009115430 0.942202806 0.003161907 0.999892116 0.014345778 -1.806756020 0.009070959 -0.014373939 0.999855518 64.970306396
0.999944150 -0.003799582 -0.009865718 0.973513782 0.003933988 0.999899268 0.013640098 -1.804615378 0.009812896 -0.013678148 0.999858320 65.606704712
0.999954820 -0.002740180 -0.009112016 0.953852236 0.002871714 0.999891400 0.014453596 -1.824024200 0.009071423 -0.014479110 0.999853969 66.058769226
0.999952197 -0.003100772 -0.009265402 0.969612598 0.003235942 0.999888003 0.014609530 -1.831555963 0.009219063 -0.014638815 0.999850333 66.599441528
0.999943495 -0.003779949 -0.009940619 1.004267812 0.003915098 0.999899745 0.013611503 -1.829168081 0.009888172 -0.013649652 0.999857903 67.218528748
0.999941885 -0.003766179 -0.010110277 1.009199142 0.003902655 0.999900997 0.013513155 -1.842843294 0.010058384 -0.013551826 0.999857605 67.795005798
0.999951005 -0.003386214 -0.009295707 0.975516140 0.003525817 0.999880612 0.015042943 -1.872059822 0.009243658 -0.015074983 0.999843657 68.027435303
0.999953806 -0.002845534 -0.009177404 0.980173349 0.002982603 0.999883652 0.014956577 -1.880294919 0.009133777 -0.014983258 0.999846041 68.567398071
0.999949932 -0.003698329 -0.009292997 0.991192102 0.003838465 0.999878526 0.015107312 -1.883091569 0.009235997 -0.015142227 0.999842703 69.108390808
0.999956131 -0.002873319 -0.008918682 0.995160043 0.003005117 0.999885917 0.014799715 -1.887564421 0.008875141 -0.014825867 0.999850690 69.662361145
0.999957561 -0.002579257 -0.008842977 0.990198374 0.002712876 0.999881744 0.015131600 -1.934633851 0.008802905 -0.015154949 0.999846399 70.161628723
0.999954224 -0.002477315 -0.009230573 0.999386191 0.002616904 0.999881923 0.015141290 -1.942144752 0.009191972 -0.015164752 0.999842763 70.710205078
0.999957025 -0.002276000 -0.008982661 1.007578850 0.002409357 0.999886572 0.014863278 -1.946753979 0.008947814 -0.014884281 0.999849141 71.260955811
0.999959409 -0.002091279 -0.008760506 1.012068510 0.002222458 0.999885142 0.014991049 -1.957037091 0.008728150 -0.015009912 0.999849260 71.795539856
0.999953747 -0.003153025 -0.009083681 1.002518773 0.003291594 0.999877810 0.015280328 -1.961540818 0.009034392 -0.015309522 0.999841928 72.265769958
0.999955773 -0.003191290 -0.008847381 1.012441516 0.003327448 0.999875546 0.015417957 -1.968291640 0.008797077 -0.015446715 0.999841928 72.824378967
0.999953210 -0.003297103 -0.009096731 1.004309177 0.003438445 0.999873042 0.015566095 -1.986821532 0.009044251 -0.015596644 0.999837399 73.300010681
0.999954283 -0.003173565 -0.009024347 1.008889198 0.003315086 0.999871075 0.015710633 -1.997367501 0.008973324 -0.015739832 0.999835789 73.847702026
0.999945760 -0.004049556 -0.009601576 1.026844025 0.004197407 0.999872148 0.015428757 -2.009976387 0.009537868 -0.015468221 0.999834836 74.357223511
0.999944687 -0.004091779 -0.009692831 1.032742739 0.004240320 0.999873161 0.015354142 -2.010847569 0.009628774 -0.015394391 0.999835074 74.901695251
0.999957561 -0.002755136 -0.008790152 1.008644700 0.002890690 0.999876499 0.015445787 -2.019536972 0.008746510 -0.015470538 0.999842048 75.455894470
0.999957800 -0.002613154 -0.008807833 1.012847900 0.002749950 0.999875247 0.015555047 -2.026827335 0.008766087 -0.015578610 0.999840140 75.987281799
0.999958694 -0.002849219 -0.008635555 1.012384415 0.002981783 0.999877274 0.015377118 -2.035446167 0.008590683 -0.015402231 0.999844432 76.546783447
0.999959350 -0.002714290 -0.008597635 1.014785528 0.002846819 0.999876678 0.015440077 -2.050881386 0.008554666 -0.015463926 0.999843836 77.098976135
0.999959290 -0.002860791 -0.008560088 1.036213160 0.002985988 0.999888182 0.014648748 -2.025966167 0.008517225 -0.014673709 0.999856055 77.668060303
0.999955714 -0.003157786 -0.008867909 1.027535200 0.003296981 0.999870896 0.015726069 -2.066457272 0.008817103 -0.015754608 0.999837041 78.205764771
0.999959350 -0.003006345 -0.008497533 1.030481815 0.003138512 0.999873579 0.015583294 -2.073092937 0.008449610 -0.015609331 0.999842405 78.749694824
0.999960542 -0.003142554 -0.008305470 1.041882038 0.003270231 0.999875963 0.015403917 -2.074257135 0.008256033 -0.015430471 0.999846816 79.308578491
0.999971449 -0.003102702 -0.006887860 1.046203494 0.003208485 0.999876261 0.015400364 -2.081814051 0.006839226 -0.015422023 0.999857664 79.845100403
0.999979019 -0.003252594 -0.005622052 1.057809472 0.003337239 0.999880195 0.015112573 -2.087564945 0.005572225 -0.015131016 0.999870002 80.393806458
0.999984920 -0.003293717 -0.004399727 1.074116826 0.003360268 0.999878764 0.015205446 -2.097492695 0.004349111 -0.015220000 0.999874711 80.922798157
0.999995053 -0.003034366 -0.000869048 1.084447980 0.003047019 0.999883711 0.014947779 -2.103805542 0.000823589 -0.014950353 0.999887884 81.473236084
0.999990642 -0.003408005 0.002675599 1.103987694 0.003366550 0.999876678 0.015348201 -2.111819744 -0.002727576 -0.015339050 0.999878645 82.017478943
0.999975622 -0.003972325 0.005757499 1.143597484 0.003883187 0.999873757 0.015411185 -2.114652634 -0.005817988 -0.015388452 0.999864638 82.572013855
0.999940455 -0.003718498 0.010257602 1.152863145 0.003563095 0.999879241 0.015126971 -2.125041723 -0.010312611 -0.015089522 0.999832928 83.105407715
0.999858439 -0.003382721 0.016482677 1.174080729 0.003127399 0.999875069 0.015491579 -2.135088444 -0.016533025 -0.015437839 0.999744117 83.655319214
0.999747992 -0.003397672 0.022193512 1.200956106 0.003058607 0.999878347 0.015293770 -2.143719196 -0.022242781 -0.015222033 0.999636710 84.208168030
0.999609411 -0.003732525 0.027694590 1.236057043 0.003313948 0.999879777 0.015144569 -2.146569967 -0.027747788 -0.015046873 0.999501705 84.754974365
0.999359429 -0.003426747 0.035621092 1.273566484 0.002881527 0.999878168 0.015346199 -2.148228168 -0.035669331 -0.015233725 0.999247551 85.316986084
0.999035358 -0.003914785 0.043737598 1.316598415 0.003250730 0.999878526 0.015243495 -2.161396265 -0.043791972 -0.015086611 0.998926699 85.881210327
0.998739421 -0.004605973 0.049983218 1.360490084 0.003856059 0.999878764 0.015089371 -2.163037777 -0.050046660 -0.014877612 0.998636007 86.430839539
0.998232901 -0.003913755 0.059295725 1.417293072 0.003016809 0.999879777 0.015208622 -2.171848297 -0.059348121 -0.015002859 0.998124599 86.969856262
0.997603834 -0.004713376 0.069023736 1.481583595 0.003670574 0.999877334 0.015226929 -2.179038763 -0.069087036 -0.014937087 0.997498810 87.512664795
0.996972203 -0.004885683 0.077605180 1.545124531 0.003712600 0.999876797 0.015253131 -2.186458826 -0.077670142 -0.014918832 0.996867418 88.074195862
0.996339023 -0.005301887 0.085326239 1.615271091 0.004013155 0.999875426 0.015268029 -2.194902420 -0.085396558 -0.014869704 0.996236086 88.622573853
0.995334804 -0.004677356 0.096367419 1.695271015 0.003229881 0.999879718 0.015170899 -2.199238777 -0.096426792 -0.014788868 0.995230198 89.189109802
0.994353890 -0.005932417 0.105949238 1.788870335 0.004293312 0.999867678 0.015692037 -2.216063023 -0.106028304 -0.015148562 0.994247735 89.693138123
0.993213177 -0.005459190 0.116180032 1.857776642 0.003693275 0.999874413 0.015409669 -2.215915203 -0.116249576 -0.014876000 0.993108630 90.284011841
0.991863370 -0.005470562 0.127189934 1.955657005 0.003516392 0.999872386 0.015583660 -2.225418806 -0.127258942 -0.015009612 0.991755903 90.826469421
0.990267813 -0.005577252 0.139063254 2.059864044 0.003365278 0.999864161 0.016136300 -2.240847111 -0.139134377 -0.015511273 0.990151942 91.339103699
0.988731802 -0.005922412 0.149580240 2.169078827 0.003576941 0.999866426 0.015944539 -2.246595621 -0.149654657 -0.015229833 0.988620996 91.904289246
0.987096310 -0.006669685 0.159988210 2.278265953 0.004152507 0.999862313 0.016062688 -2.250913143 -0.160073340 -0.015191069 0.986988246 92.443687439
0.984906435 -0.006703602 0.172957212 2.393424034 0.004024998 0.999866545 0.015833169 -2.253473997 -0.173040286 -0.014898039 0.984802067 92.979866028
0.982676387 -0.007104000 0.185193613 2.516296387 0.004223818 0.999863982 0.015942173 -2.259871006 -0.185281679 -0.014883773 0.982572734 93.521858215
0.980667472 -0.007825526 0.195525602 2.641395569 0.004841051 0.999864459 0.015737103 -2.263795614 -0.195622250 -0.014486315 0.980572343 94.064056396
0.977760553 -0.006793999 0.209614262 2.766426086 0.003543351 0.999867558 0.015879422 -2.270621061 -0.209694400 -0.014783535 0.977655292 94.604118347
0.975005507 -0.007868672 0.222041234 2.934246063 0.004381941 0.999859333 0.016191356 -2.278764248 -0.222137406 -0.014813690 0.974902809 95.149551392
0.972517371 -0.009168872 0.232649446 3.075616837 0.005622582 0.999857724 0.015901642 -2.283989429 -0.232762143 -0.014156533 0.972430646 95.658294678
0.969463825 -0.008922235 0.245071679 3.244680405 0.005107436 0.999855697 0.016197193 -2.289313793 -0.245180830 -0.014450905 0.969369650 96.210563660
0.965865672 -0.008982762 0.258887351 3.410024643 0.004782306 0.999846518 0.016850257 -2.304655075 -0.258998960 -0.015037007 0.965760589 96.719924927
0.962487996 -0.009367025 0.271162540 3.577886581 0.005060086 0.999849737 0.016578047 -2.307629585 -0.271277100 -0.014584064 0.962390780 97.236061096
0.959127784 -0.009513743 0.282813430 3.752590179 0.004939429 0.999845266 0.016882967 -2.310138941 -0.282930285 -0.014795986 0.959026337 97.776252747
0.954852283 -0.009406081 0.296932161 3.939189911 0.004500352 0.999841869 0.017200645 -2.318822622 -0.297046959 -0.015087776 0.954743683 98.294746399
0.950395405 -0.009540427 0.310898006 4.137924194 0.004551075 0.999849021 0.016769696 -2.318421364 -0.311011136 -0.014522922 0.950295269 98.841201782
0.946142554 -0.008773945 0.323631227 4.312570572 0.003428359 0.999848127 0.017083939 -2.319724560 -0.323731989 -0.015054318 0.946029007 99.353843689
0.942196071 -0.010513145 0.334896982 4.544343948 0.005003186 0.999837637 0.017311160 -2.336725473 -0.335024595 -0.014634958 0.942095637 99.874076843
0.937049270 -0.010692812 0.349033386 4.762014389 0.005073967 0.999842405 0.017008603 -2.338141918 -0.349160314 -0.014166915 0.936955869 100.395988464
0.932397366 -0.010830874 0.361272693 4.978681564 0.005051341 0.999843717 0.016938249 -2.345475912 -0.361399710 -0.013968266 0.932306409 100.901741028
0.928159475 -0.011093749 0.372017354 5.206563950 0.005094617 0.999840677 0.017105019 -2.349436045 -0.372147918 -0.013980900 0.928068161 101.415832520
0.922587931 -0.010518695 0.385643303 5.436092377 0.004329646 0.999847531 0.016913593 -2.352210999 -0.385762423 -0.013934580 0.922492921 101.916816711
0.916981518 -0.011223876 0.398771703 5.679821014 0.004612369 0.999835551 0.017535275 -2.361762285 -0.398903012 -0.014240246 0.916882575 102.414154053
0.912031889 -0.011499074 0.409957975 5.925693512 0.004700655 0.999834239 0.017587218 -2.367177486 -0.410092264 -0.014113036 0.911934853 102.907760620
0.905615032 -0.012012534 0.423930317 6.183937073 0.004851663 0.999826729 0.017966902 -2.378974438 -0.424072742 -0.014214332 0.905516624 103.396987915
0.898949921 -0.012962495 0.437859595 6.476894379 0.005882844 0.999829173 0.017521372 -2.374522209 -0.438011855 -0.013174974 0.898872614 103.917144775
0.893133163 -0.012515185 0.449618250 6.745239258 0.005266275 0.999835253 0.017369492 -2.382328510 -0.449761510 -0.013145456 0.893051922 104.378631592
0.887506127 -0.013560502 0.460596353 7.028457642 0.005980961 0.999821544 0.017911443 -2.386783600 -0.460757136 -0.013141707 0.887428939 104.884628296
0.880369306 -0.013871809 0.474085957 7.309459686 0.006259981 0.999824882 0.017630316 -2.387410402 -0.474247485 -0.012553422 0.880302131 105.365493774
0.873412251 -0.014509365 0.486765444 7.614662170 0.006578698 0.999816358 0.017997954 -2.390500546 -0.486937135 -0.012517353 0.873347282 105.858108521
