1.000000000 0.000000000 0.000000000 0.000000000 0.000000000 1.000000000 0.000000000 0.000000000 0.000000000 0.000000000 1.000000000 0.000000000
1.000000000 0.000082228 -0.000012898 -0.000063338 -0.000082228 1.000000000 -0.000042989 0.000291627 0.000012895 0.000042990 1.000000000 -0.000571234
1.000000000 0.000075306 0.000043493 -0.000723017 -0.000075309 1.000000000 0.000065573 -0.000660817 -0.000043488 -0.000065577 1.000000000 -0.000881589
1.000000000 -0.000100175 0.000078679 -0.000208694 0.000100178 1.000000000 -0.000044881 0.000590137 -0.000078674 0.000044889 1.000000000 0.000360555
1.000000000 -0.000104856 0.000042884 -0.000297834 0.000104856 1.000000000 0.000018670 -0.000109417 -0.000042886 -0.000018665 1.000000000 -0.000565611
1.000000000 0.000036790 0.000158002 -0.001310098 -0.000036783 1.000000000 -0.000046754 0.000865164 -0.000158004 0.000046748 1.000000000 -0.000001426
1.000000000 -0.000088891 0.000105010 -0.000041365 0.000088895 1.000000000 -0.000031169 0.000296154 -0.000105008 0.000031178 1.000000000 -0.000116256
1.000000000 0.000042600 0.000074953 -0.000596966 -0.000042604 1.000000000 0.000051875 -0.000329245 -0.000074950 -0.000051878 1.000000000 -0.000617521
1.000000000 0.000032996 0.000039645 -0.000886357 -0.000032992 1.000000000 -0.000094009 0.000599303 -0.000039648 0.000094008 1.000000000 0.000207446
1.000000000 -0.000017018 0.000110770 -0.000404980 0.000017013 1.000000000 0.000048865 -0.001002421 -0.000110771 -0.000048863 1.000000000 -0.000271888
1.000000000 0.000085745 0.000098483 -0.001229604 -0.000085751 1.000000000 0.000058467 -0.000751381 -0.000098478 -0.000058476 1.000000000 -0.000319767
1.000000000 0.000054374 0.000096878 -0.001168511 -0.000054373 1.000000000 -0.000010292 -0.000081640 -0.000096878 0.000010287 1.000000000 -0.001385459
1.000000000 0.000097339 0.000051724 -0.000957328 -0.000097335 1.000000000 -0.000077656 -0.000458763 -0.000051731 0.000077651 1.000000000 -0.001418623
1.000000000 0.000051616 0.000101031 -0.001838157 -0.000051610 1.000000000 -0.000056610 0.001625943 -0.000101034 0.000056605 1.000000000 0.001017185
1.000000000 0.000006165 0.000085544 -0.001945584 -0.000006157 1.000000000 -0.000095833 0.001148978 -0.000085544 0.000095833 1.000000000 -0.000352783
1.000000000 0.000125752 0.000029865 -0.000387985 -0.000125749 1.000000000 -0.000111796 0.002415083 -0.000029879 0.000111792 1.000000000 0.001973543
1.000000000 0.000155004 0.000145174 -0.001322591 -0.000154981 1.000000000 -0.000159504 0.002441618 -0.000145198 0.000159482 1.000000000 0.002640098
1.000000000 0.000171184 0.000102899 -0.001313667 -0.000171170 1.000000000 -0.000133597 0.001268368 -0.000102922 0.000133580 1.000000000 0.001095963
0.999999940 0.000248088 0.000198719 -0.002586235 -0.000248065 0.999999940 -0.000117518 0.002601596 -0.000198748 0.000117468 1.000000000 0.002843635
0.999999940 0.000179453 0.000182183 -0.001808432 -0.000179428 1.000000000 -0.000133411 0.002230645 -0.000182207 0.000133379 1.000000000 0.002034504
1.000000000 0.000126013 0.000159015 -0.001948524 -0.000125997 1.000000000 -0.000104296 0.001996551 -0.000159028 0.000104276 1.000000000 0.002525149
1.000000000 0.000173706 0.000139520 -0.002209646 -0.000173694 1.000000000 -0.000080986 0.002595001 -0.000139534 0.000080962 1.000000000 0.002453244
1.000000000 0.000179448 0.000074963 -0.000984261 -0.000179440 1.000000000 -0.000099102 0.002592127 -0.000074980 0.000099089 1.000000000 0.003575833
1.000000000 0.000189231 0.000114904 -0.001772933 -0.000189219 1.000000000 -0.000099121 0.003167630 -0.000114922 0.000099100 1.000000000 0.003501551
0.999999940 0.000386131 0.000073949 -0.001863686 -0.000386125 0.999999940 -0.000077396 0.003164938 -0.000073979 0.000077368 1.000000000 0.004016261
0.999999940 0.000317193 0.000145483 -0.002006965 -0.000317186 0.999999940 -0.000050750 0.001966584 -0.000145499 0.000050704 1.000000000 0.001959942
1.000000000 0.000133409 0.000190760 -0.002011077 -0.000133396 1.000000000 -0.000068964 0.002815295 -0.000190770 0.000068938 1.000000000 0.003367010
0.999999940 0.000188579 0.000175944 -0.001937666 -0.000188577 1.000000000 -0.000011717 0.001467252 -0.000175946 0.000011683 1.000000000 0.002637341
1.000000000 0.000116261 0.000118640 -0.001868103 -0.000116247 1.000000000 -0.000112569 0.003126453 -0.000118653 0.000112556 1.000000000 0.003132102
1.000000000 0.000160429 0.000176339 -0.002347241 -0.000160408 1.000000000 -0.000119629 0.002797483 -0.000176358 0.000119601 1.000000000 0.003254435
1.000000000 0.000084648 0.000217319 -0.001594629 -0.000084638 1.000000000 -0.000045494 0.001962252 -0.000217323 0.000045476 1.000000000 0.003285012
0.999999940 0.000137408 0.000229969 -0.001490350 -0.000137389 1.000000000 -0.000082968 0.003309974 -0.000229980 0.000082937 0.999999940 0.004038286
1.000000000 0.000164104 0.000089759 -0.000520720 -0.000164085 0.999999940 -0.000210746 0.004254351 -0.000089794 0.000210731 1.000000000 0.004287832
1.000000000 0.000077153 0.000149344 -0.001179557 -0.000077140 1.000000000 -0.000092236 0.002138632 -0.000149351 0.000092224 1.000000000 0.002548290
0.999999940 0.000267024 0.000217950 -0.002829960 -0.000266995 0.999999940 -0.000130362 0.002124469 -0.000217985 0.000130303 0.999999940 0.001854816
0.999999940 0.000260349 0.000251299 -0.002160114 -0.000260315 0.999999940 -0.000133712 0.002424263 -0.000251333 0.000133647 0.999999940 0.002277715
1.000000000 0.000120742 0.000150633 -0.001677022 -0.000120730 1.000000000 -0.000078312 0.002538847 -0.000150643 0.000078293 1.000000000 0.002382887
0.999999940 0.000280301 0.000163037 -0.002245032 -0.000280285 0.999999940 -0.000094254 0.003248017 -0.000163063 0.000094208 1.000000000 0.003586871
0.999999940 0.000266416 0.000218990 -0.001779077 -0.000266384 0.999999940 -0.000144990 0.003264435 -0.000219028 0.000144931 0.999999940 0.002524210
0.999999940 0.000255745 0.000144240 -0.000828290 -0.000255723 0.999999940 -0.000152999 0.004145661 -0.000144279 0.000152962 1.000000000 0.003238776
1.000000000 0.000082812 0.000091065 -0.000134563 -0.000082798 1.000000000 -0.000159123 0.002073428 -0.000091078 0.000159115 1.000000000 0.004067285
0.999999881 0.000455198 0.000206956 0.000360700 -0.000455059 0.999999702 -0.000667696 -0.001458487 -0.000207260 0.000667602 0.999999762 0.051503967
0.999999881 0.000430625 0.000118690 0.001989727 -0.000430484 0.999999225 -0.001184361 -0.003888670 -0.000119200 0.001184310 0.999999285 0.139472976
0.999997616 0.001778521 -0.001248275 0.007367594 -0.001780233 0.999997497 -0.001371614 -0.011501041 0.001245832 0.001373833 0.999998271 0.243084803
0.999997377 0.001971005 -0.001142346 0.009765367 -0.001972386 0.999997377 -0.001208546 -0.015037620 0.001139961 0.001210796 0.999998569 0.374130696
0.999997437 0.001977280 -0.001096560 0.011323354 -0.001978398 0.999997556 -0.001018876 -0.018161122 0.001094543 0.001021042 0.999998868 0.520883858
0.999997675 0.001635530 -0.001409349 0.017898398 -0.001636490 0.999998450 -0.000680694 -0.029599061 0.001408233 0.000682999 0.999998748 0.669291914
0.999998093 0.001412160 -0.001316753 0.021273406 -0.001412650 0.999999046 -0.000371266 -0.033234704 0.001316227 0.000373126 0.999999046 0.831803977
0.999997914 0.001756221 -0.001122561 0.021955848 -0.001756538 0.999998510 -0.000281338 -0.037144575 0.001122065 0.000283309 0.999999285 1.007543445
0.999997318 0.001897161 -0.001268324 0.023110358 -0.001897651 0.999998093 -0.000384548 -0.041890088 0.001267592 0.000386954 0.999999106 1.177507639
0.999997497 0.001949849 -0.001090463 0.024898425 -0.001949709 0.999998033 0.000130061 -0.050598465 0.001090714 -0.000127935 0.999999344 1.358919263
0.999996841 0.002222592 -0.001198701 0.027262744 -0.002222847 0.999997616 -0.000211063 -0.049783152 0.001198229 0.000213727 0.999999285 1.562432289
0.999997735 0.001732572 -0.001206050 0.035781495 -0.001732522 0.999998510 0.000042614 -0.056404237 0.001206122 -0.000040524 0.999999225 1.765380740
0.999997795 0.001979423 -0.000722642 0.029197086 -0.001978979 0.999997854 0.000615350 -0.070677638 0.000723859 -0.000613919 0.999999523 1.960567594
0.999998748 0.001232638 -0.000989508 0.037652694 -0.001231966 0.999999046 0.000679115 -0.078205310 0.000990344 -0.000677895 0.999999225 2.172209024
0.999997973 0.001873063 -0.000723846 0.040275667 -0.001872492 0.999997854 0.000787832 -0.085277110 0.000725320 -0.000786475 0.999999404 2.390918016
0.999997556 0.002076160 -0.000736866 0.046812836 -0.002075686 0.999997616 0.000643262 -0.090576641 0.000738200 -0.000641731 0.999999523 2.613693237
0.999998331 0.001760504 -0.000528053 0.047615934 -0.001760079 0.999998152 0.000805454 -0.097563326 0.000529470 -0.000804523 0.999999523 2.847232103
0.999999285 0.001121676 -0.000456704 0.050669491 -0.001121307 0.999999046 0.000806757 -0.104187168 0.000457609 -0.000806244 0.999999583 3.094152689
0.999998569 0.001619061 -0.000568098 0.056137122 -0.001618469 0.999998152 0.001040592 -0.113006756 0.000569782 -0.001039671 0.999999344 3.335951805
0.999998212 0.001867038 -0.000326540 0.057905056 -0.001866763 0.999997854 0.000839214 -0.119739033 0.000328106 -0.000838603 0.999999523 3.585889816
0.999998033 0.001928599 -0.000425302 0.062980495 -0.001928212 0.999997735 0.000909876 -0.126801297 0.000427056 -0.000909054 0.999999464 3.839467287
0.999997795 0.002095409 -0.000157915 0.065093361 -0.002095253 0.999997318 0.000981299 -0.134747133 0.000159971 -0.000980966 0.999999523 4.103543758
0.999997199 0.002370909 0.000034401 0.071220979 -0.002370934 0.999996841 0.000757177 -0.136320934 -0.000032606 -0.000757256 0.999999702 4.365465641
0.999997616 0.002190552 0.000055490 0.073848709 -0.002190602 0.999997199 0.000925432 -0.145881847 -0.000053463 -0.000925551 0.999999523 4.624458313
0.999997377 0.002272427 0.000348891 0.079990990 -0.002272865 0.999996722 0.001261099 -0.156426132 -0.000346024 -0.001261889 0.999999166 4.890102386
0.999995172 0.003047027 0.000512976 0.081928849 -0.003047784 0.999994218 0.001482007 -0.164310843 -0.000508457 -0.001483563 0.999998808 5.148564339
0.999996245 0.002726365 0.000519376 0.090304047 -0.002726837 0.999995887 0.000911447 -0.168186203 -0.000516888 -0.000912860 0.999999404 5.413354874
0.999995887 0.002779389 0.000642739 0.089389354 -0.002780238 0.999995232 0.001324947 -0.181649148 -0.000639054 -0.001326728 0.999998927 5.699304104
0.999997139 0.002304616 0.000592161 0.093438804 -0.002305438 0.999996305 0.001392962 -0.189350337 -0.000588949 -0.001394324 0.999998868 5.971045494
0.999995112 0.002979286 0.000962434 0.098286614 -0.002980447 0.999994755 0.001206086 -0.194892049 -0.000958836 -0.001208949 0.999998808 6.256921768
0.999993384 0.003459694 0.001096135 0.103454418 -0.003460779 0.999993443 0.000989104 -0.198859990 -0.001092705 -0.000992891 0.999998927 6.549988270
0.999993443 0.003483256 0.001009454 0.106363669 -0.003484344 0.999993265 0.001077215 -0.209383741 -0.001005695 -0.001080725 0.999998927 6.849819660
0.999992430 0.003722581 0.001160603 0.113181397 -0.003723440 0.999992728 0.000738720 -0.214757830 -0.001157845 -0.000743036 0.999999106 7.154843807
0.999993742 0.003422057 0.000969041 0.121756695 -0.003423170 0.999993443 0.001149494 -0.222680166 -0.000965101 -0.001152804 0.999998868 7.455416679
0.999994695 0.003104810 0.000931194 0.125993341 -0.003105621 0.999994814 0.000870700 -0.234204724 -0.000928486 -0.000873588 0.999999166 7.773381710
0.999994397 0.003160193 0.001084671 0.135724321 -0.003161239 0.999994576 0.000964796 -0.238753527 -0.001081616 -0.000968219 0.999998868 8.097715378
0.999993443 0.003393753 0.001343327 0.136219695 -0.003395427 0.999993443 0.001245973 -0.250827730 -0.001339090 -0.001250526 0.999998331 8.413902283
0.999991119 0.004008526 0.001294771 0.141079217 -0.004009530 0.999991655 0.000774619 -0.262252152 -0.001291655 -0.000779803 0.999998868 8.733775139
0.999989033 0.004395918 0.001631871 0.148740560 -0.004397514 0.999989808 0.000975700 -0.271798909 -0.001627566 -0.000982865 0.999998212 9.072043419
0.999988675 0.004580033 0.001265290 0.151836798 -0.004581437 0.999988973 0.001109566 -0.282402217 -0.001260194 -0.001115351 0.999998569 9.403891563
0.999989033 0.004431705 0.001457089 0.155086920 -0.004433124 0.999989688 0.000972084 -0.291326970 -0.001452766 -0.000978532 0.999998391 9.748578072
0.999989748 0.004247065 0.001573444 0.162019655 -0.004249020 0.999990284 0.001241237 -0.300968945 -0.001568157 -0.001247910 0.999997973 10.103336334
0.999988735 0.004523636 0.001389519 0.172203928 -0.004525098 0.999989212 0.001051235 -0.316188574 -0.001384748 -0.001057511 0.999998450 10.470994949
0.999988735 0.004505316 0.001456233 0.180061504 -0.004506820 0.999989390 0.001030977 -0.327432185 -0.001451572 -0.001037529 0.999998391 10.833966255
0.999988794 0.004523927 0.001382795 0.187283188 -0.004525189 0.999989331 0.000910919 -0.334831417 -0.001378660 -0.000917166 0.999998689 11.202897072
0.999989629 0.004172753 0.001877061 0.194366083 -0.004175329 0.999990344 0.001370266 -0.344147444 -0.001871324 -0.001378089 0.999997318 11.579319000
0.999986410 0.004834273 0.001968459 0.202816397 -0.004836671 0.999987602 0.001215281 -0.350074917 -0.001962560 -0.001224785 0.999997318 11.959818840
0.999985039 0.004902887 0.002421037 0.205823481 -0.004906750 0.999986708 0.001592212 -0.370338231 -0.002413199 -0.001604068 0.999995828 12.338339806
0.999986053 0.004589921 0.002609403 0.216919169 -0.004595253 0.999987364 0.002040894 -0.384383410 -0.002600002 -0.002052857 0.999994576 12.727521896
0.999984443 0.004895114 0.002665137 0.222142905 -0.004900691 0.999985814 0.002090102 -0.393486023 -0.002654868 -0.002103130 0.999994278 13.131481171
0.999987245 0.004351322 0.002581293 0.235061944 -0.004355950 0.999988914 0.001789752 -0.404388338 -0.002573476 -0.001800973 0.999995053 13.521139145
0.999980569 0.005422015 0.003078355 0.230924368 -0.005428075 0.999983311 0.001963612 -0.417506695 -0.003067657 -0.001980283 0.999993265 13.948616982
0.999978542 0.005651007 0.003317826 0.237418979 -0.005658367 0.999981523 0.002212949 -0.428278834 -0.003305259 -0.002231674 0.999991953 14.372474670
0.999979377 0.005331906 0.003574844 0.251291811 -0.005339339 0.999983609 0.002072741 -0.444654465 -0.003563732 -0.002091786 0.999991477 14.795196533
0.999983728 0.004909722 0.002903730 0.263788909 -0.004914843 0.999986410 0.001758990 -0.453242153 -0.002895053 -0.001773232 0.999994278 15.224439621
0.999978900 0.005203401 0.003881835 0.271516263 -0.005212593 0.999983549 0.002361538 -0.468697369 -0.003869483 -0.002381723 0.999989688 15.655300140
0.999980807 0.004306647 0.004432346 0.282544106 -0.004315752 0.999988556 0.002046618 -0.476175964 -0.004423481 -0.002065708 0.999988139 16.107276917
0.999973238 0.005463831 0.004860038 0.289159596 -0.005474875 0.999982476 0.002262082 -0.491325438 -0.004847594 -0.002288630 0.999985635 16.535102844
0.999970973 0.005690564 0.005063691 0.298592567 -0.005700385 0.999981999 0.001927198 -0.501747072 -0.005052634 -0.001956007 0.999985278 16.984170914
0.999974012 0.005279265 0.004912870 0.312367141 -0.005290938 0.999983191 0.002365913 -0.521508932 -0.004900297 -0.002391845 0.999985158 17.437145233
0.999973178 0.005236743 0.005129526 0.325758696 -0.005250856 0.999982536 0.002741902 -0.532133758 -0.005115077 -0.002768763 0.999983132 17.903306961
0.999967575 0.005671951 0.005716453 0.333312005 -0.005685643 0.999981046 0.002381872 -0.541115344 -0.005702834 -0.002414296 0.999980867 18.372486115
0.999967992 0.005179942 0.006102152 0.346574068 -0.005197648 0.999982238 0.002889481 -0.565345943 -0.006087077 -0.002921106 0.999977171 18.842252731
0.999967039 0.005423981 0.006050971 0.362148643 -0.005441939 0.999980807 0.002955136 -0.575511992 -0.006034828 -0.002987968 0.999977291 19.320331573
0.999960423 0.006220170 0.006357113 0.377347320 -0.006238112 0.999976516 0.002806294 -0.595610976 -0.006339510 -0.002845840 0.999975801 19.793727875
0.999958158 0.006653021 0.006276919 0.385621250 -0.006673861 0.999972224 0.003304979 -0.611137211 -0.006254756 -0.003346732 0.999974847 20.277551651
0.999960423 0.006452245 0.006115321 0.403875947 -0.006472231 0.999973655 0.003254097 -0.621262908 -0.006094164 -0.003293548 0.999975979 20.771236420
0.999961257 0.006234189 0.006211961 0.407063544 -0.006252908 0.999975920 0.002998415 -0.639893770 -0.006193119 -0.003037142 0.999976218 21.277988434
0.999962032 0.006556566 0.005742167 0.419855505 -0.006574557 0.999973536 0.003119849 -0.652658701 -0.005721560 -0.003157483 0.999978602 21.778482437
0.999960184 0.006762275 0.005822092 0.426693231 -0.006776867 0.999973953 0.002489996 -0.659593225 -0.005805103 -0.002529352 0.999979913 22.295007706
0.999961734 0.006740172 0.005579516 0.436675191 -0.006759607 0.999971151 0.003471651 -0.680950344 -0.005555955 -0.003509233 0.999978423 22.778116226
0.999952674 0.008124627 0.005359531 0.443578392 -0.008140486 0.999962568 0.002943638 -0.692556143 -0.005335414 -0.002987127 0.999981344 23.303028107
0.999964118 0.007027915 0.004711850 0.449613631 -0.007045851 0.999967933 0.003800845 -0.716331184 -0.004684987 -0.003833908 0.999981701 23.785173416
0.999974787 0.005945460 0.003876027 0.463522047 -0.005958895 0.999976218 0.003463799 -0.730742872 -0.003855341 -0.003486808 0.999986589 24.318485260
0.999976516 0.005994828 0.003319438 0.476332843 -0.006007573 0.999974608 0.003843025 -0.743855953 -0.003296315 -0.003862876 0.999987125 24.853939056
0.999970913 0.007136902 0.002690167 0.497655749 -0.007146210 0.999968469 0.003466779 -0.756335199 -0.002665340 -0.003485903 0.999990284 25.388837814
0.999961436 0.008419730 0.002483720 0.504847288 -0.008428453 0.999958277 0.003522562 -0.767993689 -0.002453957 -0.003543360 0.999990642 25.933893204
0.999967337 0.007836890 0.001952002 0.511227548 -0.007843029 0.999964237 0.003156440 -0.776110590 -0.001927195 -0.003171647 0.999993026 26.492519379
0.999974132 0.006962252 0.001810549 0.524748862 -0.006969516 0.999967575 0.004037016 -0.797416568 -0.001782383 -0.004049529 0.999990225 27.018110275
0.999974489 0.007053134 0.001108675 0.541516900 -0.007057392 0.999967575 0.003885637 -0.809200525 -0.001081234 -0.003893362 0.999991894 27.574344635
0.999967694 0.007988546 0.000917654 0.546066165 -0.007991944 0.999961019 0.003760943 -0.824619830 -0.000887573 -0.003768155 0.999992549 28.118354797
0.999968708 0.007885191 0.000612773 0.565218329 -0.007887800 0.999959290 0.004379377 -0.846909165 -0.000578216 -0.004384073 0.999990225 28.644693375
0.999970853 0.007625168 0.000304741 0.579723418 -0.007626565 0.999958932 0.004879278 -0.861333489 -0.000267523 -0.004881460 0.999988019 29.201408386
0.999962687 0.008627323 0.000389633 0.581904948 -0.008629260 0.999948859 0.005277032 -0.876677215 -0.000344086 -0.005280198 0.999985993 29.738428116
0.999967992 0.007997987 0.000101139 0.585941792 -0.007998363 0.999957681 0.004541629 -0.888571382 -0.000064810 -0.004542293 0.999989688 30.264730453
0.999968588 0.007920647 -0.000180360 0.604169250 -0.007919759 0.999958575 0.004481924 -0.906626582 0.000215853 -0.004480355 0.999989986 30.794773102
0.999967933 0.007997986 -0.000179835 0.611047268 -0.007997168 0.999959350 0.004158115 -0.910668790 0.000213084 -0.004156545 0.999991298 31.355756760
0.999954641 0.009520026 -0.000111178 0.615591884 -0.009519508 0.999946773 0.003976726 -0.920335412 0.000149030 -0.003975487 0.999992073 31.907415390
0.999962509 0.008631611 -0.000655286 0.632087708 -0.008628702 0.999953449 0.004320143 -0.939024150 0.000692545 -0.004314327 0.999990463 32.434299469
0.999964535 0.008363809 -0.000885244 0.634584367 -0.008359334 0.999952793 0.004944621 -0.953243732 0.000926558 -0.004937046 0.999987423 32.982421875
0.999962628 0.008557024 -0.001213305 0.653581083 -0.008550992 0.999951541 0.004892395 -0.977746487 0.001255111 -0.004881836 0.999987304 33.532829285
0.999964237 0.008354644 -0.001305110 0.665537000 -0.008348532 0.999954402 0.004620822 -0.983138382 0.001343656 -0.004609762 0.999988496 34.046932220
0.999959111 0.008883534 -0.001701951 0.672939897 -0.008876601 0.999952376 0.004038281 -0.989265800 0.001737745 -0.004023008 0.999990404 34.595252991
0.999957085 0.009078548 -0.001863690 0.682050049 -0.009070851 0.999950469 0.004098152 -1.011268139 0.001900803 -0.004081071 0.999989927 35.108478546
0.999964535 0.007918024 -0.002870131 0.709323585 -0.007907306 0.999961734 0.003726840 -1.011620283 0.002899530 -0.003704013 0.999988973 35.669265747
0.999962211 0.008365088 -0.002370395 0.708495736 -0.008355199 0.999956489 0.004151235 -1.031167388 0.002405017 -0.004131273 0.999988556 36.182655334
0.999959707 0.008644870 -0.002423661 0.716415286 -0.008633751 0.999952435 0.004560403 -1.045277476 0.002462970 -0.004539294 0.999986649 36.739105225
0.999959111 0.008582658 -0.002847884 0.725489497 -0.008571863 0.999956071 0.003781430 -1.055210233 0.002880214 -0.003756863 0.999988854 37.271766663
0.999963284 0.008295900 -0.002160553 0.736901045 -0.008285997 0.999955297 0.004553027 -1.080957890 0.002198228 -0.004534957 0.999987304 37.783027649
0.999964237 0.008067033 -0.002556458 0.746942341 -0.008054581 0.999955833 0.004844232 -1.096609116 0.002595423 -0.004823467 0.999984980 38.327873230
0.999968410 0.007475672 -0.002705832 0.758581161 -0.007461865 0.999959230 0.005077302 -1.106269002 0.002743678 -0.005056951 0.999983430 38.888530731
0.999964952 0.007971390 -0.002525542 0.766177475 -0.007959922 0.999958098 0.004518755 -1.116245270 0.002561457 -0.004498494 0.999986589 39.408092499
0.999964297 0.008076037 -0.002489549 0.774544775 -0.008065219 0.999958158 0.004325489 -1.130470037 0.002524377 -0.004305255 0.999987543 39.957298279
0.999966264 0.007643553 -0.003001679 0.805000484 -0.007627578 0.999956846 0.005297938 -1.161416054 0.003042046 -0.005274864 0.999981463 40.470649719
0.999956191 0.009099668 -0.002163592 0.792209864 -0.009091007 0.999950767 0.003979816 -1.158946037 0.002199702 -0.003959971 0.999989748 41.065860748
0.999949992 0.009733953 -0.002275095 0.799088299 -0.009726031 0.999946713 0.003467809 -1.164200902 0.002308730 -0.003445507 0.999991417 41.607910156
0.999956369 0.009091737 -0.002201513 0.808029056 -0.009082904 0.999950707 0.003990024 -1.182316303 0.002237681 -0.003969853 0.999989629 42.132415771
0.999961972 0.008405230 -0.002346400 0.821737707 -0.008395985 0.999957025 0.003923262 -1.193436265 0.002379275 -0.003903411 0.999989569 42.681064606
0.999965608 0.007803543 -0.002809350 0.845983028 -0.007789535 0.999957263 0.004963105 -1.222371101 0.002847961 -0.004941050 0.999983728 43.187023163
0.999963522 0.008113485 -0.002670904 0.850840569 -0.008098837 0.999952376 0.005449821 -1.238932014 0.002714994 -0.005427991 0.999981582 43.705837250
0.999959111 0.008615628 -0.002722221 0.853323817 -0.008603833 0.999953687 0.004315108 -1.229090214 0.002759271 -0.004291510 0.999987006 44.236972809
0.999962151 0.008256142 -0.002749302 0.863432705 -0.008245098 0.999958038 0.004003876 -1.238949180 0.002782244 -0.003981057 0.999988198 44.798271179
0.999959767 0.008547120 -0.002708390 0.875480533 -0.008535590 0.999954522 0.004240601 -1.250148058 0.002744512 -0.004217313 0.999987364 45.347511292
0.999955714 0.009158178 -0.002137489 0.880814791 -0.009151020 0.999952495 0.003335090 -1.268980980 0.002167931 -0.003315383 0.999992132 45.865512848
0.999961376 0.008455905 -0.002393722 0.890139341 -0.008448514 0.999959528 0.003080823 -1.281071305 0.002419676 -0.003060480 0.999992430 46.411659241
0.999949455 0.009836248 -0.002072145 0.895759583 -0.009829556 0.999946535 0.003214987 -1.296873569 0.002103657 -0.003194456 0.999992669 46.959705353
0.999961197 0.008465977 -0.002431111 0.901194870 -0.008455613 0.999955177 0.004242087 -1.307943106 0.002466916 -0.004221366 0.999988019 47.492500305
0.999962389 0.008282500 -0.002565379 0.909169376 -0.008272370 0.999957979 0.003934452 -1.320505500 0.002597859 -0.003913083 0.999988914 48.031398773
0.999958515 0.009013106 -0.001330459 0.915266395 -0.009008056 0.999952376 0.003754350 -1.330440998 0.001364234 -0.003742210 0.999992073 48.571414948
0.999961257 0.008680341 -0.001480900 0.925418258 -0.008674053 0.999953568 0.004200158 -1.342605829 0.001517290 -0.004187150 0.999990106 49.119724274
0.999956191 0.009274827 -0.001334413 0.941361189 -0.009269152 0.999948263 0.004198371 -1.354526758 0.001373283 -0.004185817 0.999990284 49.670314789
0.999967813 0.007864513 -0.001583831 0.935472310 -0.007856760 0.999957323 0.004844469 -1.388788462 0.001621863 -0.004831869 0.999987006 50.158409119
0.999973416 0.007153078 -0.001397044 0.946561217 -0.007146290 0.999962866 0.004804166 -1.402497530 0.001431357 -0.004794054 0.999987483 50.696056366
0.999976099 0.006632472 -0.001998948 0.965680480 -0.006622249 0.999965131 0.005079024 -1.415553689 0.002032565 -0.005065666 0.999985158 51.244380951
0.999963462 0.008469869 -0.001162909 0.950793266 -0.008464495 0.999953806 0.004552852 -1.416908979 0.001201417 -0.004542842 0.999988973 51.724613190
0.999961495 0.008717328 -0.001065822 0.962457895 -0.008712514 0.999952137 0.004442529 -1.429472208 0.001104498 -0.004433072 0.999989569 52.281757355
0.999958754 0.009046463 -0.000704081 0.964389563 -0.009043301 0.999949515 0.004372011 -1.441250682 0.000743597 -0.004365464 0.999990165 52.785896301
0.999950588 0.009928328 -0.000445212 0.972718120 -0.009926446 0.999942482 0.004049776 -1.453070045 0.000485394 -0.004045156 0.999991715 53.334377289
0.999958396 0.009104575 -0.000452795 0.981221676 -0.009102586 0.999949694 0.004215869 -1.471628308 0.000491156 -0.004211572 0.999991000 53.851696014
0.999957204 0.009251626 -0.000117241 0.983903110 -0.009251050 0.999948323 0.004214681 -1.484385371 0.000156227 -0.004213416 0.999991119 54.382011414
0.999954104 0.009576811 0.000088547 0.993321896 -0.009577084 0.999946415 0.003943590 -1.496464252 -0.000050776 -0.003944259 0.999992251 54.932170868
0.999963403 0.008537698 -0.000362446 1.012112498 -0.008536176 0.999955416 0.004015311 -1.504998803 0.000396711 -0.004012070 0.999991894 55.459785461
0.999959946 0.008952120 -0.000146110 1.014342666 -0.008951435 0.999951243 0.004155354 -1.516455889 0.000183302 -0.004153879 0.999991357 56.004009247
0.999952853 0.009704668 0.000042913 1.019579887 -0.009704760 0.999944985 0.003971099 -1.529465914 -0.000004372 -0.003971328 0.999992132 56.525531769
0.999946117 0.010381334 0.000236636 1.029481173 -0.010382240 0.999937177 0.004218555 -1.545077443 -0.000192827 -0.004220784 0.999991059 57.064247131
0.999952495 0.009740346 0.000353688 1.044168115 -0.009741516 0.999946535 0.003474771 -1.555187225 -0.000319823 -0.003478051 0.999993980 57.616630554
0.999953866 0.009592309 0.000433609 1.048888087 -0.009593825 0.999947250 0.003644443 -1.566179276 -0.000398627 -0.003648434 0.999993265 58.121967316
0.999955595 0.009425225 -0.000060273 1.062080741 -0.009425000 0.999950945 0.003025581 -1.573795319 0.000088787 -0.003024879 0.999995351 58.663990021
0.999949634 0.009989308 0.001005058 1.066622138 -0.009991719 0.999947011 0.002420693 -1.586259007 -0.000980824 -0.002430614 0.999996543 59.214054108
0.999965668 0.008285522 0.000020752 1.079604268 -0.008285548 0.999960899 0.003093856 -1.596233726 0.000004883 -0.003093921 0.999995232 59.710971832
0.999967039 0.008119409 0.000226532 1.088357687 -0.008120080 0.999962091 0.003146353 -1.608688951 -0.000200977 -0.003148088 0.999994993 60.269096375
0.999958158 0.009137025 0.000471689 1.091019630 -0.009138613 0.999952197 0.003481946 -1.626109242 -0.000439852 -0.003486112 0.999993801 60.777996063
0.999954581 0.009516404 0.000579639 1.106732965 -0.009518260 0.999949276 0.003285270 -1.635886073 -0.000548346 -0.003290638 0.999994457 61.325351715
0.999955356 0.009400596 0.000952236 1.105793595 -0.009403815 0.999949872 0.003437175 -1.654798865 -0.000919877 -0.003445977 0.999993622 61.820587158
0.999948859 0.010005719 0.001489923 1.116304517 -0.010009828 0.999946058 0.002777482 -1.665277362 -0.001462052 -0.002792254 0.999994993 62.363834381
0.999951005 0.009854689 0.000870376 1.128564715 -0.009857339 0.999946594 0.003094220 -1.674610496 -0.000839836 -0.003102649 0.999994814 62.899265289
0.999955416 0.009381712 0.001004875 1.134108782 -0.009384344 0.999952376 0.002649671 -1.685341358 -0.000979969 -0.002658984 0.999995947 63.438636780
0.999951899 0.009721257 0.001296492 1.145564914 -0.009725063 0.999948323 0.002961300 -1.699638128 -0.001267637 -0.002973765 0.999994755 63.956531525
0.999950111 0.009871183 0.001543182 1.156237125 -0.009874949 0.999948323 0.002452161 -1.707621574 -0.001518897 -0.002467277 0.999995768 64.510505676
0.999958277 0.009032628 0.001353953 1.161165237 -0.009035907 0.999956131 0.002433038 -1.720423818 -0.001331917 -0.002445171 0.999996066 65.017127991
0.999951541 0.009648245 0.001978490 1.166325212 -0.009653252 0.999950230 0.002535394 -1.733440757 -0.001953930 -0.002554369 0.999994814 65.559196472
0.999955356 0.009288385 0.001687797 1.179126024 -0.009292258 0.999954104 0.002302732 -1.745307326 -0.001666331 -0.002318313 0.999995947 66.080879211
0.999953330 0.009416528 0.002149185 1.185584068 -0.009421302 0.999953091 0.002221984 -1.758448243 -0.002128161 -0.002242128 0.999995291 66.633094788
0.999957860 0.009037122 0.001624431 1.202899814 -0.009040670 0.999956727 0.002189887 -1.773220301 -0.001604571 -0.002204481 0.999996305 67.142768860
0.999942660 0.010459272 0.002301826 1.204918623 -0.010464244 0.999942899 0.002159000 -1.788020372 -0.002279113 -0.002182963 0.999995053 67.678413391
0.999948978 0.009916196 0.001914479 1.225824952 -0.009919887 0.999948919 0.001928641 -1.801325321 -0.001895256 -0.001947534 0.999996305 68.212959290
0.999953866 0.009537452 0.001180980 1.240345240 -0.009539716 0.999952614 0.001925318 -1.815096736 -0.001162561 -0.001936496 0.999997497 68.762405396
0.999950707 0.009771745 0.001749215 1.247742057 -0.009775269 0.999950111 0.002017310 -1.836719871 -0.001729415 -0.002034310 0.999996424 69.307838440
0.999943733 0.010202603 0.002915339 1.248429656 -0.010205626 0.999947369 0.001023498 -1.840612173 -0.002904743 -0.001053193 0.999995232 69.849624634
0.999957383 0.009001222 0.002066182 1.273616672 -0.009004837 0.999957860 0.001746388 -1.848309040 -0.002050376 -0.001764919 0.999996364 70.343200684
0.999961078 0.008665454 0.001665027 1.286910772 -0.008667863 0.999961376 0.001445562 -1.863689303 -0.001652436 -0.001459938 0.999997616 70.887237549
0.999959826 0.008716818 0.002110883 1.302044630 -0.008721818 0.999959171 0.002371448 -1.884968281 -0.002090126 -0.002389764 0.999994993 71.423469543
0.999957800 0.008960157 0.002033714 1.307241440 -0.008963575 0.999958396 0.001677017 -1.895669699 -0.002018603 -0.001695176 0.999996483 71.915611267
0.999963999 0.008351794 0.001486663 1.326388359 -0.008354465 0.999963522 0.001798154 -1.907534480 -0.001471591 -0.001810509 0.999997258 72.468940735
0.999959350 0.008808695 0.001915347 1.333154678 -0.008812414 0.999959290 0.001941985 -1.923273325 -0.001898163 -0.001958785 0.999996245 73.000068665
0.999959290 0.008754001 0.002155439 1.347798824 -0.008756296 0.999961078 0.001057971 -1.934297442 -0.002146093 -0.001076801 0.999997139 73.555915833
0.999956191 0.009037573 0.002405918 1.352458358 -0.009040506 0.999958396 0.001211118 -1.937542558 -0.002394872 -0.001232816 0.999996364 74.129386902
0.999954045 0.009260208 0.002451251 1.364635706 -0.009264502 0.999955535 0.001747319 -1.965646625 -0.002434961 -0.001769949 0.999995470 74.591827393
0.999953270 0.009371745 0.002354546 1.379033089 -0.009375121 0.999954998 0.001427475 -1.976414919 -0.002341061 -0.001449483 0.999996185 75.143875122
0.999947727 0.009873054 0.002645801 1.389852047 -0.009876911 0.999950171 0.001448917 -1.993075490 -0.002631364 -0.001474973 0.999995470 75.640296936
0.999945223 0.010040961 0.002964347 1.405010700 -0.010043456 0.999949157 0.000827634 -2.002853155 -0.002955886 -0.000857361 0.999995291 76.195075989
0.999940574 0.010544294 0.002768936 1.431646943 -0.010546511 0.999944031 0.000787686 -2.021175385 -0.002760475 -0.000816841 0.999995947 76.711791992
0.999952018 0.009488815 0.002436802 1.425744176 -0.009492526 0.999953806 0.001516894 -2.036244631 -0.002422296 -0.001539952 0.999995887 77.231155396
0.999948859 0.009808078 0.002466323 1.439820647 -0.009810878 0.999951243 0.001126377 -2.049965143 -0.002455155 -0.001150516 0.999996364 77.776588440
0.999949098 0.009738391 0.002631347 1.453912497 -0.009741080 0.999952018 0.001010557 -2.057673216 -0.002621380 -0.001036138 0.999995947 78.310211182
0.999950528 0.009594660 0.002623151 1.467060685 -0.009596902 0.999953628 0.000843508 -2.074520588 -0.002614937 -0.000868640 0.999996126 78.862083435
0.999949694 0.009663378 0.002688461 1.482428074 -0.009665939 0.999952853 0.000941459 -2.089766979 -0.002679237 -0.000967399 0.999995887 79.354095459
0.999929309 0.011199529 0.003989307 1.490166426 -0.011204178 0.999936640 0.001145038 -2.103737354 -0.003976230 -0.001189654 0.999991417 79.906578064
0.999927700 0.010810161 0.005266788 1.506306767 -0.010813700 0.999941349 0.000644214 -2.116397858 -0.005259515 -0.000701121 0.999985874 80.445411682
0.999928713 0.010164158 0.006260988 1.529461145 -0.010169224 0.999947965 0.000777803 -2.134095669 -0.006252758 -0.000841417 0.999980092 80.954833984
0.999917209 0.010476122 0.007452598 1.538162947 -0.010485448 0.999944210 0.001213693 -2.151930094 -0.007439468 -0.001291737 0.999971509 81.503646851
0.999887288 0.010581286 0.010648170 1.555193067 -0.010595392 0.999943078 0.001269018 -2.176143885 -0.010634137 -0.001381697 0.999942541 82.046897888
0.999843895 0.010095758 0.014499775 1.571257353 -0.010111434 0.999948323 0.001008317 -2.174930334 -0.014488847 -0.001154773 0.999894321 82.535003662
0.999778152 0.010228326 0.018411528 1.593985319 -0.010246121 0.999947190 0.000872514 -2.189724207 -0.018401630 -0.001060968 0.999830127 83.084686279
0.999731958 0.009464459 0.021124393 1.623754263 -0.009477895 0.999954939 0.000535949 -2.200597763 -0.021118367 -0.000736020 0.999776661 83.651184082
0.999574482 0.009704669 0.027508738 1.656800747 -0.009716195 0.999952734 0.000285424 -2.205180407 -0.027504670 -0.000552583 0.999621451 84.138946533
0.999384880 0.009648802 0.033717241 1.688609481 -0.009648588 0.999953449 -0.000169071 -2.218102694 -0.033717304 -0.000156357 0.999431252 84.684799194
0.999188423 0.009442171 0.039157934 1.733128190 -0.009460789 0.999955118 0.000290155 -2.232968569 -0.039153442 -0.000660385 0.999233007 85.222091675
0.998799741 0.009793679 0.047993176 1.771233082 -0.009808643 0.999951839 0.000076263 -2.244502306 -0.047990125 -0.000546919 0.998847723 85.778663635
0.998404503 0.008870342 0.055765290 1.820031166 -0.008860533 0.999960601 -0.000423153 -2.255082130 -0.055766862 -0.000071632 0.998443782 86.304748535
0.997982144 0.008007672 0.062987641 1.871946812 -0.007994119 0.999967933 -0.000467199 -2.265920162 -0.062989369 -0.000037274 0.998014271 86.856460571
0.997401059 0.008192188 0.071582124 1.925588131 -0.008176057 0.999966443 -0.000518366 -2.282564640 -0.071583964 -0.000068240 0.997434556 87.358100891
0.996626854 0.008363976 0.081639163 1.993235588 -0.008332237 0.999965012 -0.000729470 -2.304791927 -0.081642404 0.000046773 0.996661723 87.863655090
0.995905936 0.007597833 0.090075761 2.071117401 -0.007503399 0.999970913 -0.001386978 -2.305525541 -0.090083674 0.000705426 0.995933890 88.438789368
0.995231509 0.006681153 0.097311251 2.145636082 -0.006564504 0.999977291 -0.001518835 -2.324165106 -0.097319186 0.000872793 0.995252788 88.977165222
0.994168699 0.007439684 0.107578300 2.219454288 -0.007341929 0.999972224 -0.001304739 -2.335470676 -0.107585028 0.000507298 0.994195759 89.516273499
0.992961168 0.007863295 0.118178785 2.304171562 -0.007793458 0.999969065 -0.001053089 -2.348308563 -0.118183427 0.000124656 0.992991805 90.066757202
0.991860449 0.006583884 0.127159089 2.398846626 -0.006467973 0.999978244 -0.001324438 -2.365424871 -0.127165049 0.000491196 0.991881490 90.590454102
0.990318954 0.006333053 0.138666362 2.497930527 -0.006218562 0.999979794 -0.001258896 -2.381684780 -0.138671547 0.000384403 0.990338385 91.116714478
0.988505304 0.005694772 0.151078165 2.622992516 -0.005511500 0.999983490 -0.001631797 -2.389389753 -0.151084960 0.000780372 0.988520384 91.679283142
0.986812592 0.005610531 0.161769390 2.734807968 -0.005368490 0.999983668 -0.001933275 -2.402733564 -0.161777586 0.001039323 0.986826599 92.221443176
0.985087872 0.005159520 0.171974689 2.848361015 -0.004867008 0.999985933 -0.002122492 -2.410859585 -0.171983153 0.001253839 0.985099077 92.775749207
0.982692361 0.004895520 0.185180441 2.965479851 -0.004568878 0.999987245 -0.002190602 -2.426205158 -0.185188755 0.001306621 0.982702136 93.315895081
0.980385065 0.004137241 0.197048306 3.104754448 -0.003731440 0.999990046 -0.002430628 -2.442396879 -0.197056413 0.001647677 0.980390787 93.846321106
0.978338063 0.003143701 0.206989795 3.253635406 -0.002733287 0.999993682 -0.002268727 -2.461622953 -0.206995651 0.001653820 0.978340447 94.392326355
0.975546777 0.003350670 0.219766051 3.401416779 -0.002981238 0.999993503 -0.002012643 -2.481666803 -0.219771355 0.001308253 0.975550532 94.924926758
0.972478390 0.002487591 0.232979923 3.548425674 -0.002063700 0.999995708 -0.002063169 -2.499909163 -0.232984081 0.001525586 0.972479343 95.455574036
0.969522059 0.000492790 0.245003268 3.736825943 0.000257786 0.999995351 -0.003031459 -2.508010626 -0.245003626 0.003002225 0.969517529 96.119888306
0.966797471 -0.000042096 0.255543888 3.906951904 0.000962823 0.999993503 -0.003477912 -2.524271250 -0.255542070 0.003608481 0.966791272 96.649116516
0.963063002 0.000296518 0.269275427 4.069717407 0.000615966 0.999994278 -0.003304166 -2.534351587 -0.269274920 0.003347985 0.963057518 97.167678833
0.959738433 0.000051433 0.280895174 4.250753403 0.001103464 0.999991596 -0.003953325 -2.547953367 -0.280892938 0.004104116 0.959730446 97.640342712
0.956356168 -0.000243314 0.292203218 4.434326172 0.001420662 0.999991775 -0.003817026 -2.565390110 -0.292199850 0.004065558 0.956348658 98.157279968
0.952041388 0.000177103 0.305969417 4.622083664 0.000700410 0.999996006 -0.002758193 -2.595903635 -0.305968642 0.002840218 0.952037394 98.645851135
0.947294235 -0.000422897 0.320364535 4.809625626 0.001519408 0.999993801 -0.003172736 -2.600883007 -0.320361257 0.003492279 0.947288990 99.148292542
0.943299055 -0.000148909 0.331943840 5.012819290 0.001398340 0.999992788 -0.003525133 -2.613581419 -0.331940949 0.003789425 0.943292558 99.659675598
0.938597679 -0.000897256 0.345012456 5.226722717 0.002087061 0.999993086 -0.003077167 -2.633385658 -0.345007330 0.003608284 0.938593090 100.162582397
0.933191180 -0.002453648 0.359371930 5.441658020 0.003813813 0.999988019 -0.003075917 -2.646323204 -0.359360069 0.004240996 0.933189332 100.688446045
0.928510547 -0.002874865 0.371294856 5.672277451 0.004315125 0.999986053 -0.003048288 -2.663461924 -0.371280938 0.004432551 0.928509951 101.189094543
0.923733652 -0.003601873 0.383018345 5.903411865 0.005119260 0.999982536 -0.002942477 -2.677879095 -0.383001059 0.004678837 0.923736036 101.702857971
0.917985618 -0.003944787 0.396594226 6.160926819 0.005650649 0.999979138 -0.003132948 -2.683264732 -0.396573544 0.005117015 0.917988718 102.212249756
0.912096560 -0.004483487 0.409950942 6.374778748 0.006022268 0.999978960 -0.002462487 -2.702667713 -0.409931213 0.004714860 0.912104249 102.625205994
0.907115996 -0.004900497 0.420852304 6.624595642 0.006591643 0.999975085 -0.002563868 -2.721513271 -0.420829266 0.005099834 0.907125533 103.099746704
0.901442289 -0.005082158 0.432869524 6.887760162 0.006818640 0.999973714 -0.002459367 -2.734512329 -0.432845622 0.005168559 0.901453197 103.617202759
0.895037055 -0.005295191 0.445960313 7.152164459 0.006983369 0.999973416 -0.002142174 -2.754782200 -0.445937097 0.005031631 0.895050108 104.070549011
0.889070094 -0.005425519 0.457738906 7.428573608 0.007424925 0.999969065 -0.002568992 -2.764516354 -0.457710862 0.005682691 0.889082909 104.559509277
0.882975578 -0.005044215 0.469391853 7.692035675 0.006776021 0.999975085 -0.002000404 -2.786938906 -0.469370037 0.004946917 0.882987678 105.020225525
0.875585973 -0.005633831 0.483029515 7.975460052 0.007189615 0.999973238 -0.001369371 -2.813004255 -0.483008862 0.004671798 0.875603020 105.473114014
