1.000000000 0.000000000 0.000000000 0.000000000 0.000000000 1.000000000 0.000000000 0.000000000 0.000000000 0.000000000 1.000000000 0.000000000
1.000000000 -0.000089210 -0.000109065 0.000570136 0.000089222 1.000000000 0.000103356 -0.002419967 0.000109056 -0.000103366 1.000000000 0.000454593
1.000000000 0.000072345 0.000083474 -0.002164071 -0.000072355 1.000000000 0.000128977 -0.002568275 -0.000083465 -0.000128984 1.000000000 -0.000540183
1.000000000 0.000046059 -0.000098984 0.003580431 -0.000046041 1.000000000 0.000184440 -0.001913425 0.000098993 -0.000184435 1.000000000 -0.004032546
1.000000000 -0.000040374 -0.000133944 0.003979924 0.000040393 1.000000000 0.000143580 -0.001418327 0.000133938 -0.000143585 1.000000000 -0.001238284
1.000000000 0.000011843 0.000112247 -0.000902956 -0.000011852 1.000000000 0.000084405 -0.001948669 -0.000112246 -0.000084406 1.000000000 -0.001545404
1.000000000 -0.000035154 -0.000118119 0.004272609 0.000035183 0.999999940 0.000245569 -0.003157465 0.000118110 -0.000245573 0.999999940 -0.005460238
1.000000000 0.000001332 -0.000070828 -0.000093409 -0.000001324 1.000000000 0.000104661 -0.000270291 0.000070828 -0.000104661 1.000000000 -0.000336249
1.000000000 -0.000027893 -0.000122404 0.003729899 0.000027901 1.000000000 0.000062905 -0.001910143 0.000122402 -0.000062909 1.000000000 -0.006791603
1.000000000 -0.000157805 -0.000092081 0.004085102 0.000157815 1.000000000 0.000099814 -0.002685013 0.000092065 -0.000099829 1.000000000 -0.003559965
1.000000000 0.000007411 0.000077187 -0.002221531 -0.000007411 1.000000000 -0.000003965 -0.001155602 -0.000077187 0.000003964 1.000000000 -0.002622166
1.000000000 -0.000180176 -0.000133001 0.006408840 0.000180186 1.000000000 0.000079789 -0.001843338 0.000132987 -0.000079813 1.000000000 0.001113554
1.000000000 -0.000122586 -0.000004032 0.001216346 0.000122587 1.000000000 0.000116502 -0.002806955 0.000004018 -0.000116502 1.000000000 -0.004812809
1.000000000 -0.000226645 -0.000073531 0.002415393 0.000226651 1.000000000 0.000074297 -0.002412269 0.000073514 -0.000074314 1.000000000 -0.002867908
1.000000000 -0.000077356 -0.000102230 0.002858318 0.000077364 1.000000000 0.000081515 0.000511640 0.000102224 -0.000081523 1.000000000 -0.003727278
0.999999940 -0.000217860 -0.000197273 0.003008117 0.000217878 1.000000000 0.000088862 -0.001053180 0.000197254 -0.000088905 1.000000000 0.000794176
0.999999940 -0.000259981 -0.000058539 -0.000243845 0.000259985 0.999999940 0.000082159 -0.001606614 0.000058517 -0.000082175 1.000000000 -0.006308868
1.000000000 -0.000076465 -0.000065132 0.002089788 0.000076477 1.000000000 0.000180029 -0.003246197 0.000065118 -0.000180034 1.000000000 -0.008025004
0.999999940 -0.000319197 -0.000129012 0.003139641 0.000319228 0.999999940 0.000246399 -0.005009568 0.000128934 -0.000246440 0.999999940 -0.008398658
0.999999940 -0.000244376 -0.000084100 0.002706361 0.000244384 0.999999940 0.000089744 -0.003497896 0.000084078 -0.000089764 1.000000000 -0.009523752
1.000000000 -0.000049734 0.000002780 0.002677956 0.000049733 1.000000000 0.000185394 -0.004843707 -0.000002789 -0.000185394 1.000000000 -0.009236766
1.000000000 0.000092655 0.000097434 -0.000760969 -0.000092668 1.000000000 0.000128109 -0.001308127 -0.000097422 -0.000128118 1.000000000 -0.008100729
0.999999940 -0.000305737 -0.000202850 0.003820281 0.000305788 0.999999940 0.000250361 -0.004095630 0.000202774 -0.000250423 0.999999940 -0.010330789
0.999999881 -0.000382556 -0.000219830 0.002275431 0.000382617 0.999999881 0.000274283 -0.003464065 0.000219725 -0.000274367 0.999999940 -0.004617332
1.000000000 -0.000159296 -0.000164951 0.004263902 0.000159332 0.999999940 0.000216348 -0.002509763 0.000164916 -0.000216374 0.999999940 -0.013089133
1.000000000 -0.000193794 -0.000067508 0.002025673 0.000193810 0.999999940 0.000244397 -0.003418459 0.000067460 -0.000244410 0.999999940 -0.008394644
1.000000000 -0.000091213 -0.000017343 -0.000722000 0.000091216 1.000000000 0.000135307 -0.004359827 0.000017330 -0.000135308 1.000000000 -0.010451335
1.000000000 -0.000158234 -0.000034889 0.000900011 0.000158242 0.999999940 0.000215169 -0.003219222 0.000034855 -0.000215174 1.000000000 -0.007719376
0.999999940 -0.000237455 -0.000159459 0.001423356 0.000237480 0.999999940 0.000155470 -0.000792857 0.000159423 -0.000155508 1.000000000 -0.004579340
1.000000000 -0.000038823 -0.000007983 -0.002626899 0.000038824 1.000000000 0.000130650 -0.000135734 0.000007978 -0.000130651 1.000000000 0.000730897
1.000000000 -0.000157927 -0.000016713 -0.001486013 0.000157930 0.999999940 0.000189391 -0.001981830 0.000016683 -0.000189394 1.000000000 -0.002731938
1.000000000 -0.000078849 -0.000048056 -0.002891402 0.000078860 1.000000000 0.000230556 -0.002426044 0.000048037 -0.000230559 1.000000000 -0.009328295
1.000000000 -0.000205262 -0.000115452 0.000281013 0.000205297 0.999999940 0.000302231 -0.003301336 0.000115390 -0.000302254 0.999999940 -0.010776146
1.000000000 -0.000126654 -0.000131263 -0.000510451 0.000126677 1.000000000 0.000178499 -0.002303670 0.000131241 -0.000178516 1.000000000 -0.006650985
1.000000000 -0.000157485 -0.000093683 0.000037009 0.000157491 1.000000000 0.000064139 -0.000877702 0.000093673 -0.000064154 1.000000000 -0.005913151
1.000000000 -0.000206602 -0.000030957 -0.002285126 0.000206605 1.000000000 0.000099471 -0.001498146 0.000030937 -0.000099477 1.000000000 -0.009648795
0.999999940 -0.000198272 -0.000165824 0.003680461 0.000198279 1.000000000 0.000044510 0.000735286 0.000165815 -0.000044543 1.000000000 -0.006541544
0.999999940 -0.000288505 -0.000094391 0.000315553 0.000288520 0.999999940 0.000155339 -0.000407553 0.000094346 -0.000155366 1.000000000 -0.007496596
1.000000000 -0.000007570 -0.000019131 -0.002063028 0.000007578 0.999999940 0.000396034 -0.002096871 0.000019128 -0.000396034 0.999999940 -0.009333923
0.999999881 -0.000341552 -0.000270452 0.005758943 0.000341614 0.999999940 0.000227584 -0.005246276 0.000270374 -0.000227677 0.999999940 -0.005508623
0.999999940 -0.000358638 -0.000165959 0.007860360 0.000358558 0.999999821 -0.000481489 -0.006714583 0.000166131 0.000481430 0.999999881 0.055182260
0.999999940 -0.000125888 -0.000277974 0.012685956 0.000125587 0.999999404 -0.001080800 -0.009092854 0.000278110 0.001080765 0.999999404 0.147367567
1.000000000 -0.000127287 -0.000126814 0.008612276 0.000127137 0.999999285 -0.001176031 -0.014981087 0.000126963 0.001176015 0.999999285 0.265794098
0.999999881 -0.000506903 0.000047449 0.005750594 0.000506956 0.999999225 -0.001126729 -0.017623814 -0.000046878 0.001126753 0.999999344 0.390049607
1.000000000 0.000114105 -0.000066532 0.008148251 -0.000114180 0.999999344 -0.001120826 -0.022323934 0.000066404 0.001120834 0.999999344 0.531656444
0.999999940 0.000337830 0.000172691 0.012153048 -0.000337656 0.999999464 -0.001006623 -0.028265929 -0.000173031 0.001006564 0.999999464 0.685206950
0.999999940 -0.000289556 0.000131030 0.022211380 0.000289645 0.999999702 -0.000682236 -0.034720529 -0.000130833 0.000682274 0.999999762 0.868195951
1.000000000 -0.000078543 0.000013690 0.023410086 0.000078551 0.999999821 -0.000597917 -0.038199261 -0.000013643 0.000597918 0.999999821 1.025228620
0.999999940 0.000134589 0.000384873 0.010549527 -0.000134261 0.999999642 -0.000850545 -0.037781615 -0.000384987 0.000850493 0.999999583 1.212460041
1.000000000 -0.000002158 0.000236472 0.027107203 0.000002268 0.999999881 -0.000468019 -0.055661444 -0.000236471 0.000468019 0.999999881 1.423654675
1.000000000 0.000101684 -0.000069491 0.037260804 -0.000101708 0.999999940 -0.000347329 -0.063635089 0.000069456 0.000347336 0.999999940 1.605857253
1.000000000 0.000127112 0.000171097 0.041681342 -0.000127089 1.000000000 -0.000131530 -0.068760537 -0.000171113 0.000131508 1.000000000 1.815121651
0.999996841 -0.002500119 0.000259169 0.011564578 0.002499436 0.999993503 0.002603593 -0.112399690 -0.000265677 -0.002602937 0.999996603 1.997580051
0.999996424 -0.002627681 0.000584793 0.016308621 0.002626288 0.999993742 0.002369278 -0.119355537 -0.000591015 -0.002367733 0.999997020 2.220700502
0.999997616 -0.002226240 0.000287688 0.022134161 0.002225478 0.999994099 0.002623198 -0.125680685 -0.000293527 -0.002622551 0.999996543 2.439239502
0.999997377 -0.002292969 0.000264736 0.029320441 0.002292247 0.999993742 0.002697566 -0.134351015 -0.000270920 -0.002696952 0.999996364 2.674140930
0.999997318 -0.002124546 0.000941897 0.029050604 0.002121719 0.999993324 0.002993047 -0.138734356 -0.000948250 -0.002991041 0.999995172 2.901916265
0.999996066 -0.002696845 0.000789440 0.032781612 0.002694514 0.999992073 0.002938872 -0.148213953 -0.000797360 -0.002936733 0.999995351 3.135467291
0.999996901 -0.002408658 0.000608278 0.041702051 0.002407038 0.999993563 0.002650403 -0.149110883 -0.000614658 -0.002648931 0.999996305 3.379743576
0.999996603 -0.002476053 0.000753590 0.036357895 0.002473883 0.999992907 0.002867309 -0.162562191 -0.000760684 -0.002865435 0.999995589 3.628342390
0.999995530 -0.002961838 0.000440571 0.057288557 0.002960488 0.999991000 0.003035967 -0.171313539 -0.000449559 -0.003034650 0.999995291 3.896913528
0.999994934 -0.003136092 0.000461968 0.048411962 0.003134387 0.999988377 0.003646435 -0.194718540 -0.000473398 -0.003644969 0.999993265 4.125433445
0.999995172 -0.003085258 0.000370564 0.050867312 0.003083699 0.999986649 0.004136927 -0.203737810 -0.000383323 -0.004135764 0.999991357 4.377522469
0.999994695 -0.003258632 0.000260123 0.057844866 0.003257534 0.999986231 0.004112605 -0.210020244 -0.000273521 -0.004111736 0.999991536 4.639437675
0.999994993 -0.003088817 0.000553341 0.058184598 0.003086560 0.999987006 0.004034722 -0.219208226 -0.000565796 -0.004032994 0.999991715 4.906404018
0.999995589 -0.002802554 0.001035619 0.056236606 0.002798277 0.999987721 0.004108374 -0.227841139 -0.001047120 -0.004105458 0.999991000 5.153756618
0.999996364 -0.002389051 0.001255192 0.045214761 0.002383424 0.999987185 0.004466126 -0.247000515 -0.001265846 -0.004463118 0.999989212 5.418135643
0.999995530 -0.002253119 0.001954751 0.043600239 0.002244979 0.999988854 0.004156247 -0.256251127 -0.001964093 -0.004151841 0.999989450 5.641711235
0.999996305 -0.001877300 0.001962425 0.048219036 0.001868553 0.999988377 0.004449546 -0.268424481 -0.001970755 -0.004445863 0.999988198 5.901566505
0.999993801 -0.003053593 0.001736533 0.060325999 0.003045542 0.999984682 0.004620222 -0.273566693 -0.001750614 -0.004614906 0.999987841 6.188652039
0.999994636 -0.002731512 0.001785218 0.062532149 0.002723006 0.999984980 0.004750026 -0.285507470 -0.001798166 -0.004745140 0.999987125 6.465562344
0.999993742 -0.003136799 0.001622253 0.073898189 0.003128971 0.999983609 0.004806196 -0.295028031 -0.001637302 -0.004801091 0.999987185 6.737054825
0.999994755 -0.002905502 0.001385714 0.087209471 0.002899257 0.999985695 0.004488034 -0.298830390 -0.001398734 -0.004483993 0.999988973 7.052143574
0.999993861 -0.003373677 0.000893230 0.105156824 0.003369208 0.999982119 0.004957689 -0.315064639 -0.000909940 -0.004954650 0.999987304 7.341663837
0.999994636 -0.003009710 0.001268193 0.104159452 0.003003168 0.999982357 0.005129447 -0.329722285 -0.001283608 -0.005125611 0.999985993 7.661343098
0.999996662 -0.001997301 0.001589075 0.106139071 0.001988565 0.999983013 0.005480441 -0.336582989 -0.001599994 -0.005477263 0.999983728 7.978417397
0.999994636 -0.002609852 0.001950078 0.102545075 0.002599290 0.999982059 0.005398944 -0.348623037 -0.001964134 -0.005393847 0.999983490 8.294188499
0.999994099 -0.002918699 0.001799609 0.114766560 0.002909396 0.999982476 0.005150517 -0.354242623 -0.001814610 -0.005145250 0.999985099 8.624457359
0.999991536 -0.003733525 0.001696277 0.121235624 0.003724690 0.999979615 0.005182481 -0.363312423 -0.001715592 -0.005176120 0.999985158 8.960934639
0.999991655 -0.003650457 0.001820646 0.124400690 0.003640566 0.999978781 0.005406790 -0.372588307 -0.001840345 -0.005400117 0.999983788 9.299580574
0.999990344 -0.004183216 0.001346378 0.147504553 0.004175622 0.999975562 0.005594914 -0.379525334 -0.001369750 -0.005589238 0.999983430 9.632238388
0.999991179 -0.003780511 0.001822099 0.142873257 0.003769220 0.999973893 0.006161090 -0.395054638 -0.001845344 -0.006154167 0.999979377 9.976992607
0.999992251 -0.002933029 0.002653538 0.129962087 0.002915896 0.999975026 0.006437905 -0.412608206 -0.002672354 -0.006430118 0.999975741 10.328731537
0.999992132 -0.003335078 0.002204462 0.134241074 0.003319842 0.999970853 0.006879621 -0.442816913 -0.002227342 -0.006872247 0.999973893 10.680559158
0.999992013 -0.003420619 0.002066806 0.143270120 0.003407878 0.999975383 0.006137008 -0.442603409 -0.002087747 -0.006129916 0.999979019 11.060023308
0.999990404 -0.003769415 0.002248483 0.145636529 0.003753698 0.999968767 0.006953816 -0.461782962 -0.002274624 -0.006945309 0.999973297 11.438920975
0.999990404 -0.003677345 0.002393811 0.159771949 0.003660018 0.999967337 0.007203143 -0.467381775 -0.002420222 -0.007194310 0.999971271 11.791893005
0.999987006 -0.004473400 0.002431936 0.166541442 0.004455189 0.999962389 0.007443038 -0.474002600 -0.002465141 -0.007432107 0.999969363 12.189715385
0.999991536 -0.003506346 0.002184795 0.173237070 0.003489722 0.999965310 0.007567299 -0.483470917 -0.002211253 -0.007559610 0.999968946 12.565215111
0.999983966 -0.005235558 0.002117487 0.183809996 0.005218789 0.999955595 0.007848792 -0.518365085 -0.002158485 -0.007837616 0.999966979 12.957077980
0.999986291 -0.004727472 0.002236784 0.194266468 0.004710509 0.999960542 0.007528624 -0.529383838 -0.002272287 -0.007517985 0.999969184 13.332770348
0.999985278 -0.004406593 0.003156702 0.201713473 0.004382061 0.999960482 0.007736635 -0.534031272 -0.003190670 -0.007722690 0.999965131 13.761590004
0.999985754 -0.004552178 0.002764912 0.204937726 0.004527185 0.999949515 0.008979060 -0.551843107 -0.002805647 -0.008966416 0.999955833 14.170400620
0.999984443 -0.005292824 0.001745853 0.238549337 0.005278264 0.999952137 0.008241163 -0.577591181 -0.001789388 -0.008231820 0.999964535 14.589665413
0.999984145 -0.005300812 0.001874257 0.249003947 0.005284753 0.999950111 0.008471981 -0.581989348 -0.001919072 -0.008461941 0.999962389 15.023726463
0.999984026 -0.004807017 0.002950203 0.253401905 0.004781065 0.999950409 0.008741769 -0.598510921 -0.002992078 -0.008727525 0.999957442 15.431989670
0.999981523 -0.005413389 0.002724216 0.276940823 0.005388802 0.999945343 0.008952950 -0.619237065 -0.002772533 -0.008938105 0.999956250 15.922792435
0.999982953 -0.004561681 0.003617776 0.249011815 0.004528158 0.999947250 0.009220801 -0.634572864 -0.003659647 -0.009204263 0.999950945 16.309436798
0.999977946 -0.005481097 0.003737819 0.267703235 0.005449210 0.999949098 0.008488242 -0.632631242 -0.003784154 -0.008467686 0.999956965 16.824710846
0.999973357 -0.006155009 0.003927480 0.276126355 0.006119678 0.999941230 0.008945415 -0.659031928 -0.003982308 -0.008921141 0.999952257 17.230794907
0.999974966 -0.006243438 0.003351405 0.296425730 0.006214368 0.999943614 0.008615409 -0.667371273 -0.003405006 -0.008594366 0.999957204 17.682741165
0.999973953 -0.005867947 0.004214288 0.298691392 0.005829570 0.999942005 0.009061718 -0.678192496 -0.004267217 -0.009036914 0.999950051 18.167873383
0.999967992 -0.006752202 0.004297239 0.316711575 0.006715351 0.999941051 0.008532885 -0.678853393 -0.004354602 -0.008503754 0.999954343 18.634269714
0.999965966 -0.007202015 0.004040760 0.337543547 0.007166948 0.999937117 0.008626670 -0.696420550 -0.004102635 -0.008597417 0.999954581 19.097751617
0.999971330 -0.005985357 0.004644771 0.321617007 0.005938249 0.999931395 0.010090654 -0.722832561 -0.004704849 -0.010062781 0.999938309 19.540410995
0.999973476 -0.005735666 0.004494305 0.333907694 0.005688969 0.999930382 0.010335084 -0.736723185 -0.004553270 -0.010309243 0.999936461 20.019697189
0.999972999 -0.006012847 0.004213383 0.352363437 0.005969010 0.999928653 0.010340725 -0.740720332 -0.004275260 -0.010315297 0.999937654 20.491003036
0.999969006 -0.006696702 0.004140581 0.351333976 0.006654020 0.999925435 0.010237468 -0.747591317 -0.004208829 -0.010209600 0.999939024 21.020408630
0.999969006 -0.007258031 0.003052600 0.361686468 0.007226465 0.999921560 0.010227419 -0.769847155 -0.003126591 -0.010205043 0.999942958 21.464801788
0.999969959 -0.007123585 0.003063440 0.366713285 0.007093038 0.999926090 0.009869206 -0.774224758 -0.003133517 -0.009847179 0.999946594 21.988004684
0.999970853 -0.007387971 0.001912316 0.383522183 0.007367565 0.999917984 0.010466619 -0.796677351 -0.001989486 -0.010452225 0.999943316 22.508077621
0.999970317 -0.007528484 0.001671431 0.368554622 0.007510370 0.999915659 0.010592166 -0.812987089 -0.001751033 -0.010579298 0.999942422 23.018711090
0.999968112 -0.007871876 0.001334089 0.393839717 0.007857992 0.999917984 0.010111078 -0.815189600 -0.001413573 -0.010100272 0.999947965 23.498329163
0.999961495 -0.008764108 0.000132573 0.402749479 0.008762317 0.999910414 0.010116719 -0.825982571 -0.000221225 -0.010115170 0.999948800 24.040821075
0.999966085 -0.008227126 0.000027934 0.408540368 0.008226473 0.999919653 0.009643082 -0.833760500 -0.000107267 -0.009642526 0.999953508 24.522993088
0.999966145 -0.008180156 -0.000858706 0.425033212 0.008188112 0.999919295 0.009709068 -0.840705574 0.000779215 -0.009715770 0.999952495 25.052574158
0.999971986 -0.007395289 -0.001093667 0.419464529 0.007405917 0.999922037 0.010055430 -0.851438046 0.001019219 -0.010063249 0.999948859 25.562345505
0.999966979 -0.007981928 -0.001546595 0.433649927 0.007996114 0.999923885 0.009393697 -0.856626451 0.001471497 -0.009405751 0.999954700 26.122383118
0.999966502 -0.007949262 -0.001935621 0.448488563 0.007967727 0.999920905 0.009726588 -0.861634552 0.001858149 -0.009741683 0.999950826 26.665163040
0.999966383 -0.007963981 -0.001936549 0.443527073 0.007983583 0.999914706 0.010334183 -0.887143135 0.001854083 -0.010349298 0.999944687 27.150318146
0.999965072 -0.007917729 -0.002670995 0.459056079 0.007944872 0.999915242 0.010308923 -0.902087688 0.002589146 -0.010329783 0.999943376 27.697248459
0.999967217 -0.007602488 -0.002806660 0.470549166 0.007629638 0.999922931 0.009792809 -0.900819123 0.002731993 -0.009813902 0.999948144 28.258255005
0.999966025 -0.007551766 -0.003285955 0.484576523 0.007584664 0.999920011 0.010117284 -0.914986074 0.003209288 -0.010141864 0.999943495 28.786520004
0.999972105 -0.006810701 -0.003106878 0.462279290 0.006842281 0.999923885 0.010269415 -0.920515895 0.003036700 -0.010290388 0.999942362 29.262804031
0.999975264 -0.006197257 -0.003324706 0.471760511 0.006228621 0.999935448 0.009507591 -0.920022845 0.003265571 -0.009528065 0.999949217 29.812807083
0.999974430 -0.006297734 -0.003401972 0.472963661 0.006330671 0.999932408 0.009759476 -0.945465267 0.003340279 -0.009780766 0.999946475 30.355623245
0.999983728 -0.004799373 -0.003116427 0.449299186 0.004830954 0.999936223 0.010206421 -0.961253643 0.003067244 -0.010221309 0.999943078 30.813512802
0.999985456 -0.004331469 -0.003215157 0.460199744 0.004363779 0.999939322 0.010111358 -0.972540677 0.003171165 -0.010125241 0.999943733 31.355682373
0.999973178 -0.006118486 -0.004022159 0.485127926 0.006160692 0.999925137 0.010566387 -0.986014843 0.003957208 -0.010590882 0.999936104 31.915048599
0.999991596 -0.002913529 -0.002870101 0.444908202 0.002939129 0.999955535 0.008956378 -0.955760062 0.002843879 -0.008964738 0.999955833 32.421207428
0.999987006 -0.003533226 -0.003668147 0.454592854 0.003568791 0.999946177 0.009734650 -0.992542505 0.003633556 -0.009747614 0.999945879 32.890476227
0.999978423 -0.004724660 -0.004551103 0.467522502 0.004768779 0.999941289 0.009732355 -1.003809810 0.004504854 -0.009753849 0.999942303 33.461669922
0.999983311 -0.004019271 -0.004139858 0.481765002 0.004061040 0.999940455 0.010130855 -1.012405753 0.004098893 -0.010147500 0.999940097 34.004646301
0.999986529 -0.003281616 -0.004023520 0.469305277 0.003318188 0.999952912 0.009117004 -0.990917802 0.003993412 -0.009130232 0.999950409 34.519432068
0.999978244 -0.004504879 -0.004822802 0.477005213 0.004555155 0.999934852 0.010464906 -1.049055457 0.004775344 -0.010486647 0.999933600 34.988300323
0.999974370 -0.005134928 -0.004978306 0.474571764 0.005187436 0.999930382 0.010592609 -1.066715002 0.004923567 -0.010618162 0.999931514 35.536006927
0.999984086 -0.003013322 -0.004783120 0.496651381 0.003060253 0.999946952 0.009834900 -1.055185080 0.004753230 -0.009849381 0.999940217 36.127841949
0.999982238 -0.003318601 -0.004964702 0.517466903 0.003368409 0.999943733 0.010057927 -1.076327085 0.004931044 -0.010074469 0.999937057 36.684986115
0.999976695 -0.004300932 -0.005307682 0.511628211 0.004351173 0.999945521 0.009490658 -1.080479026 0.005266574 -0.009513532 0.999940872 37.283012390
0.999988914 -0.002082937 -0.004237215 0.521358490 0.002123127 0.999952555 0.009502829 -1.082008362 0.004217220 -0.009511719 0.999945879 37.752960205
0.999977589 -0.004388203 -0.005061750 0.501933277 0.004440719 0.999935925 0.010410900 -1.119704485 0.005015740 -0.010433144 0.999933004 38.125762939
0.999972403 -0.004772257 -0.005693021 0.514931798 0.004835079 0.999926984 0.011072673 -1.150235057 0.005639764 -0.011099894 0.999922514 38.645961761
0.999976099 -0.003608414 -0.005900805 0.559921980 0.003666308 0.999944985 0.009830102 -1.133946180 0.005865010 -0.009851502 0.999934256 39.204513550
0.999971151 -0.004179783 -0.006346225 0.586206913 0.004242067 0.999942660 0.009832927 -1.150616765 0.006304761 -0.009859563 0.999931574 39.772895813
0.999969423 -0.004246679 -0.006560422 0.591084719 0.004317644 0.999931931 0.010841201 -1.203444600 0.006513937 -0.010869196 0.999919772 40.313819885
0.999970257 -0.004186729 -0.006478316 0.588862300 0.004253754 0.999937236 0.010367044 -1.182265162 0.006434505 -0.010394294 0.999925315 40.898647308
0.999978602 -0.003098055 -0.005758583 0.584332943 0.003162619 0.999931812 0.011236850 -1.213508010 0.005723378 -0.011254819 0.999920368 41.445880890
0.999979198 -0.003520062 -0.005403252 0.551784277 0.003578546 0.999934733 0.010852540 -1.194394350 0.005364697 -0.010871653 0.999926448 41.776844025
0.999972403 -0.004509901 -0.005897875 0.567421734 0.004570128 0.999937236 0.010238560 -1.200150132 0.005851329 -0.010265234 0.999930143 42.347415924
0.999975801 -0.003070648 -0.006245346 0.571875453 0.003135881 0.999940455 0.010462281 -1.209681749 0.006212847 -0.010481614 0.999925792 42.866554260
0.999976337 -0.003946746 -0.005629463 0.560987353 0.004009431 0.999929607 0.011167738 -1.237289906 0.005584992 -0.011190047 0.999921799 43.328262329
0.999974608 -0.004314294 -0.005659486 0.574698448 0.004376234 0.999930084 0.010978293 -1.242319345 0.005611727 -0.011002783 0.999923766 43.891235352
0.999971688 -0.004131258 -0.006289459 0.599134803 0.004200199 0.999930859 0.010987757 -1.256677747 0.006243632 -0.011013863 0.999919832 44.453441620
0.999973536 -0.004257466 -0.005894527 0.581842840 0.004322823 0.999928772 0.011119748 -1.261759043 0.005846765 -0.011144933 0.999920726 44.911819458
0.999970019 -0.004707527 -0.006146146 0.594718397 0.004774279 0.999929249 0.010891617 -1.270133138 0.006094440 -0.010920635 0.999921739 45.454917908
0.999974787 -0.004024780 -0.005849558 0.586720228 0.004089235 0.999930620 0.011048952 -1.286428571 0.005804684 -0.011072595 0.999921799 46.017051697
0.999975264 -0.003810283 -0.005914717 0.593387008 0.003876581 0.999929368 0.011238280 -1.294103861 0.005871479 -0.011260932 0.999919295 46.557342529
0.999973297 -0.004175844 -0.006009264 0.622785687 0.004239777 0.999934196 0.010665958 -1.291795850 0.005964330 -0.010691150 0.999925017 47.049842834
0.999975979 -0.004032827 -0.005631557 0.619536996 0.004096348 0.999927580 0.011313936 -1.308281183 0.005585522 -0.011336732 0.999920070 47.468578339
0.999972820 -0.004176068 -0.006076119 0.639175177 0.004241758 0.999932230 0.010838881 -1.310579777 0.006030444 -0.010864361 0.999922752 48.012294769
0.999967217 -0.004632065 -0.006639278 0.671822786 0.004702461 0.999932468 0.010626735 -1.319854498 0.006589606 -0.010657608 0.999921501 48.587623596
0.999963105 -0.005269376 -0.006783579 0.683014512 0.005338202 0.999933958 0.010168228 -1.322195053 0.006729550 -0.010204065 0.999925375 49.157833099
0.999979019 -0.003184797 -0.005644468 0.665031791 0.003243331 0.999940693 0.010391498 -1.326881528 0.005611039 -0.010409587 0.999930084 49.713893890
0.999972224 -0.003837652 -0.006388842 0.648768306 0.003907241 0.999932766 0.010915639 -1.348139524 0.006346523 -0.010940301 0.999920011 50.048568726
0.999973059 -0.003537741 -0.006426869 0.644487143 0.003611418 0.999927461 0.011488708 -1.359355688 0.006385759 -0.011511610 0.999913335 50.590625763
0.999974251 -0.003963646 -0.005983609 0.653684974 0.004030725 0.999928772 0.011240542 -1.370439410 0.005938629 -0.011264372 0.999918938 51.132987976
0.999973595 -0.004045883 -0.006045780 0.660819650 0.004111878 0.999931633 0.010943733 -1.373192668 0.006001090 -0.010968304 0.999921858 51.672882080
0.999977648 -0.003327844 -0.005795615 0.646356463 0.003392957 0.999930859 0.011261593 -1.392374635 0.005757737 -0.011281008 0.999919772 52.212677002
0.999977469 -0.003309340 -0.005825291 0.629902899 0.003376047 0.999928415 0.011479010 -1.417248964 0.005786886 -0.011498419 0.999917150 52.543090820
0.999973595 -0.003847030 -0.006159842 0.634792924 0.003915971 0.999929428 0.011219338 -1.425818205 0.006116245 -0.011243164 0.999918044 53.085189819
0.999973059 -0.003553233 -0.006428737 0.652414143 0.003621246 0.999937236 0.010599067 -1.428008556 0.006390674 -0.010622061 0.999923170 53.640480042
0.999972522 -0.003756371 -0.006386558 0.659516454 0.003820564 0.999941945 0.010069073 -1.424332976 0.006348364 -0.010093197 0.999928892 54.212539673
0.999970675 -0.003639674 -0.006739624 0.669558883 0.003712497 0.999934494 0.010824383 -1.439880610 0.006699785 -0.010849085 0.999918759 54.725139618
0.999979913 -0.003241277 -0.005442184 0.623852789 0.003305975 0.999923408 0.011921534 -1.466053486 0.005403127 -0.011939288 0.999914110 55.051429749
0.999976873 -0.003167780 -0.006022644 0.645252109 0.003237323 0.999927700 0.011572322 -1.464805126 0.005985550 -0.011591551 0.999914885 55.578681946
0.999981821 -0.003234784 -0.005094998 0.643076003 0.003291025 0.999933362 0.011068868 -1.478718519 0.005058853 -0.011085432 0.999925733 56.159282684
0.999983132 -0.002767174 -0.005103596 0.651607692 0.002820090 0.999942005 0.010390487 -1.477750063 0.005074549 -0.010404703 0.999933004 56.736167908
0.999980807 -0.003095798 -0.005359699 0.643611670 0.003156570 0.999930441 0.011367514 -1.492686629 0.005324135 -0.011384215 0.999921024 57.233425140
0.999978423 -0.003336607 -0.005662104 0.643797398 0.003404482 0.999921918 0.012020383 -1.517356873 0.005621555 -0.012039400 0.999911726 57.556941986
0.999979019 -0.003660187 -0.005339534 0.657455444 0.003720418 0.999929130 0.011314173 -1.522948146 0.005297743 -0.011333804 0.999921679 58.106918335
0.999966562 -0.004889757 -0.006559953 0.676190257 0.004963504 0.999924183 0.011273205 -1.532877445 0.006504332 -0.011305388 0.999914944 58.639926910
0.999969184 -0.004530726 -0.006419781 0.703047514 0.004605216 0.999921739 0.011636305 -1.568195939 0.006366557 -0.011665511 0.999911666 59.129909515
0.999975681 -0.003951617 -0.005735883 0.681509554 0.004020125 0.999920070 0.011981701 -1.546983719 0.005688079 -0.012004469 0.999911785 59.528945923
0.999980211 -0.003228064 -0.005390800 0.683179021 0.003291386 0.999925137 0.011779170 -1.556596994 0.005352374 -0.011796679 0.999916136 60.064174652
0.999975741 -0.004017592 -0.005696279 0.695751727 0.004082570 0.999926269 0.011441674 -1.570583344 0.005649890 -0.011464652 0.999918282 60.609279633
0.999975324 -0.003997597 -0.005792898 0.701103628 0.004064167 0.999925375 0.011525710 -1.581906557 0.005746389 -0.011548969 0.999916792 61.078456879
0.999979556 -0.003521876 -0.005322096 0.672094107 0.003587445 0.999917150 0.012361381 -1.588769317 0.005278118 -0.012380223 0.999909461 61.548042297
0.999980032 -0.003191607 -0.005448028 0.671329975 0.003259512 0.999916553 0.012501198 -1.602138281 0.005407675 -0.012518707 0.999907076 62.079700470
0.999978304 -0.003430708 -0.005613455 0.689407349 0.003499011 0.999919474 0.012203536 -1.602426052 0.005571136 -0.012222914 0.999909878 62.653129578
0.999977589 -0.003368621 -0.005777909 0.701890111 0.003436983 0.999923706 0.011862766 -1.615276575 0.005737508 -0.011882359 0.999912977 63.182003021
0.999978781 -0.003773712 -0.005298067 0.701170921 0.003841004 0.999911368 0.012749066 -1.626727819 0.005249486 -0.012769146 0.999904692 63.572189331
0.999978602 -0.003891456 -0.005256436 0.706742883 0.003956456 0.999915242 0.012412488 -1.631216288 0.005207687 -0.012433019 0.999909222 64.144622803
0.999982893 -0.003215011 -0.004896262 0.708556056 0.003273847 0.999921918 0.012056240 -1.640963197 0.004857118 -0.012072063 0.999915302 64.647743225
0.999981701 -0.003398410 -0.005005809 0.712522686 0.003456843 0.999925494 0.011710901 -1.640501022 0.004965637 -0.011727991 0.999918878 65.182418823
0.999973953 -0.004804013 -0.005373187 0.715138376 0.004868384 0.999915779 0.012031872 -1.652058601 0.005314934 -0.012057718 0.999913096 65.564155579
0.999969423 -0.005497814 -0.005548461 0.727325082 0.005563113 0.999914646 0.011823025 -1.655694008 0.005482988 -0.011853532 0.999914646 66.106643677
0.999969482 -0.005008277 -0.006008917 0.739215255 0.005079432 0.999916494 0.011885305 -1.672967196 0.005948890 -0.011915462 0.999911249 66.666587830
0.999970973 -0.004173738 -0.006367214 0.753714025 0.004250334 0.999918222 0.012063867 -1.680911779 0.006316342 -0.012090582 0.999906898 67.210487366
0.999970913 -0.004787601 -0.005937586 0.764281511 0.004858568 0.999916255 0.011996062 -1.688991785 0.005879656 -0.012024561 0.999910414 67.586952209
0.999978602 -0.003859345 -0.005281496 0.754913926 0.003924482 0.999915600 0.012378759 -1.700442553 0.005233278 -0.012399220 0.999909461 68.148010254
0.999975324 -0.003710414 -0.005973279 0.783199906 0.003777999 0.999928534 0.011343414 -1.710607648 0.005930763 -0.011365702 0.999917805 68.686019897
0.999970436 -0.004252573 -0.006405387 0.834323168 0.004326971 0.999922812 0.011646209 -1.729968309 0.006355368 -0.011673579 0.999911666 69.139419556
0.999957442 -0.006135538 -0.006887834 0.844390273 0.006219748 0.999905467 0.012271954 -1.740114450 0.006811888 -0.012314274 0.999900997 69.564498901
0.999960661 -0.005561542 -0.006915804 0.860338986 0.005646100 0.999908864 0.012267911 -1.756542206 0.006846947 -0.012306474 0.999900877 70.100502014
0.999959946 -0.005748484 -0.006862412 0.861614943 0.005830560 0.999911010 0.012000651 -1.753536820 0.006792815 -0.012040182 0.999904513 70.661155701
0.999953568 -0.006398690 -0.007199503 0.882632852 0.006488742 0.999900043 0.012554959 -1.764214754 0.007118449 -0.012601093 0.999895275 71.193046570
0.999949157 -0.006471363 -0.007735623 0.884434342 0.006564770 0.999905109 0.012111167 -1.772508860 0.007656515 -0.012161335 0.999896765 71.812156677
0.999951601 -0.006832186 -0.007083321 0.891543686 0.006916284 0.999905050 0.011916935 -1.770930529 0.007001230 -0.011965347 0.999903858 72.146095276
0.999948919 -0.006776902 -0.007499443 0.892251909 0.006866577 0.999904394 0.011997071 -1.781511784 0.007417423 -0.012047954 0.999899924 72.668014526
0.999938548 -0.007542471 -0.008116332 0.955218017 0.007640308 0.999897718 0.012091591 -1.801775336 0.008024301 -0.012152860 0.999893963 73.118362427
0.999939382 -0.008047184 -0.007521244 0.951338232 0.008128786 0.999907672 0.010882773 -1.776827812 0.007432974 -0.010943250 0.999912500 73.722122192
0.999944806 -0.007340285 -0.007514389 0.917899132 0.007428439 0.999903083 0.011771425 -1.806293488 0.007427255 -0.011826595 0.999902487 74.269615173
0.999948919 -0.006697321 -0.007562578 0.918755114 0.006787008 0.999906182 0.011896543 -1.808863163 0.007482194 -0.011947264 0.999900639 74.836540222
0.999950707 -0.006941669 -0.007091773 0.892949998 0.007022210 0.999910474 0.011395952 -1.814794183 0.007012032 -0.011445191 0.999909878 75.420593262
0.999949634 -0.007344102 -0.006836409 0.910359323 0.007420785 0.999909163 0.011259945 -1.807403564 0.006753093 -0.011310111 0.999913275 75.910827637
0.999945521 -0.007440896 -0.007319946 0.917829394 0.007526778 0.999902308 0.011775680 -1.813284636 0.007231609 -0.011830133 0.999903858 76.360954285
0.999953091 -0.006620457 -0.007078769 0.926407099 0.006699889 0.999914229 0.011256846 -1.817824125 0.007003637 -0.011303745 0.999911547 76.924118042
0.999959707 -0.006848022 -0.005801409 0.927026033 0.006912419 0.999913871 0.011153599 -1.823603153 0.005724531 -0.011193250 0.999920905 77.503135681
0.999969959 -0.006603053 -0.004049804 0.920881450 0.006648162 0.999914825 0.011228086 -1.840680599 0.003975318 -0.011254673 0.999928772 77.947166443
0.999969840 -0.007273095 -0.002721034 0.922468603 0.007302633 0.999912679 0.011007508 -1.843764186 0.002640738 -0.011027047 0.999935746 78.480148315
0.999979436 -0.006329486 -0.001037717 0.920627058 0.006340870 0.999915302 0.011360427 -1.836125851 0.000965723 -0.011366773 0.999934971 79.037551880
0.999983490 -0.005610528 0.001248823 0.999534607 0.005596078 0.999920607 0.011288551 -1.874236584 -0.001312059 -0.011281378 0.999935508 79.526954651
0.999969423 -0.006244687 0.004707534 0.972106218 0.006186663 0.999905944 0.012241249 -1.881329060 -0.004783534 -0.012211750 0.999913990 80.015945435
0.999946713 -0.006272433 0.008198897 0.986887932 0.006173415 0.999908328 0.012047005 -1.883778811 -0.008273710 -0.011995747 0.999893844 80.577743530
0.999903500 -0.006341138 0.012361243 1.013741374 0.006201151 0.999916673 0.011330256 -1.874215126 -0.012432057 -0.011252510 0.999859333 81.124610901
0.999820292 -0.005638040 0.018095776 1.043853283 0.005412432 0.999907374 0.012492281 -1.920226455 -0.018164530 -0.012392096 0.999758184 81.651947021
0.999690354 -0.006247943 0.024085309 1.030473471 0.005977484 0.999918461 0.011284878 -1.892362237 -0.024153851 -0.011137415 0.999646187 82.153083801
0.999534786 -0.006173534 0.029867923 1.066491008 0.005829432 0.999915779 0.011594170 -1.903595805 -0.029936986 -0.011414662 0.999486566 82.685142517
0.999264240 -0.006260138 0.037839338 1.126511574 0.005826518 0.999916196 0.011558980 -1.908607006 -0.037908532 -0.011330004 0.999216974 83.293243408
0.998860240 -0.006467067 0.047289919 1.148971319 0.005951882 0.999921501 0.011026901 -1.897172689 -0.047357515 -0.010732871 0.998820305 83.832221985
0.998520851 -0.005827053 0.054056462 1.220892906 0.005223950 0.999922574 0.011291500 -1.918201327 -0.054118074 -0.010992410 0.998474061 84.382553101
0.998074293 -0.006529507 0.061687525 1.262368202 0.005815312 0.999913990 0.011750092 -1.945823789 -0.061758947 -0.011368730 0.998026371 84.794326782
0.997459054 -0.006749642 0.070922293 1.326933861 0.005947868 0.999916077 0.011510067 -1.948922634 -0.070994034 -0.011058984 0.997415423 85.362045288
0.996729136 -0.007121649 0.080500990 1.370404720 0.006202154 0.999912739 0.011666439 -1.959913731 -0.080577046 -0.011129000 0.996686339 85.849716187
0.995964885 -0.006402750 0.089515090 1.406372070 0.005343253 0.999912858 0.012070583 -1.981220841 -0.089584589 -0.011543578 0.995912313 86.414222717
0.995014668 -0.006644274 0.099506721 1.490888119 0.005486556 0.999914050 0.011903707 -1.989386797 -0.099577256 -0.011298414 0.994965672 86.948112488
0.993858457 -0.006477134 0.110469587 1.560725212 0.005190644 0.999915302 0.011929267 -1.998275876 -0.110537499 -0.011282596 0.993807912 87.509124756
0.992718756 -0.005427143 0.120333821 1.652628899 0.003937220 0.999912679 0.012615878 -2.009895325 -0.120391771 -0.012050238 0.992653310 88.100067139
0.991264820 -0.005442083 0.131773651 1.706486702 0.003865561 0.999917924 0.012216715 -1.974515915 -0.131829306 -0.011600620 0.991204560 88.698371887
0.989609659 -0.005891179 0.143659398 1.811538696 0.004222759 0.999920130 0.011915859 -1.981641293 -0.143718109 -0.011185412 0.989555538 89.238937378
0.987963796 -0.006009174 0.154568210 1.923851013 0.004283020 0.999924719 0.011498174 -1.984380722 -0.154625684 -0.010697762 0.987915277 89.791427612
0.986381590 -0.005918432 0.164366320 2.024837494 0.003997335 0.999919832 0.012016207 -2.000607967 -0.164424285 -0.011195539 0.986326218 90.327682495
0.984319150 -0.006844097 0.176263750 2.161705971 0.004823207 0.999917686 0.011891032 -2.011771917 -0.176330626 -0.010854414 0.984271228 90.859909058
0.981792390 -0.005481982 0.189877838 2.269273758 0.003194540 0.999918640 0.012350894 -2.033031464 -0.189930111 -0.011519440 0.981730103 91.367408752
0.979892135 -0.007658589 0.199380845 2.413222313 0.005277027 0.999908268 0.012473462 -2.023339272 -0.199458122 -0.011170509 0.979842663 91.982879639
0.976947665 -0.007246663 0.213355824 2.544561386 0.004699074 0.999911427 0.012445278 -2.031680107 -0.213427171 -0.011155811 0.976895273 92.551414490
0.973917842 -0.007119521 0.226788908 2.693490982 0.004314422 0.999907911 0.012862070 -2.043098450 -0.226859599 -0.011548135 0.973859072 93.074684143
0.971182108 -0.007211658 0.238229707 2.866157532 0.003954510 0.999891996 0.014147401 -2.103262424 -0.238306031 -0.012797619 0.971105754 93.532226562
0.967999935 -0.006886972 0.250856042 3.038372040 0.003687901 0.999905765 0.013220469 -2.050823212 -0.250923455 -0.011872283 0.967934072 94.120147705
0.963872313 -0.006425694 0.266287535 3.072269440 0.003075688 0.999910772 0.012995548 -2.049633026 -0.266347319 -0.011707027 0.963806033 94.653297424
0.960372388 -0.006931277 0.278634012 3.255163193 0.003545478 0.999913633 0.012653517 -2.060515642 -0.278697580 -0.011164196 0.960313976 95.175910950
0.957000375 -0.007569824 0.289987832 3.439254761 0.003846110 0.999902606 0.013408697 -2.074962139 -0.290061086 -0.011716803 0.956936419 95.699378967
0.952695966 -0.007194915 0.303839594 3.623525620 0.003016733 0.999894261 0.014218442 -2.094325066 -0.303909808 -0.012629250 0.952617168 96.224891663
0.948103070 -0.008327077 0.317854077 3.832006454 0.004042980 0.999891877 0.014135464 -2.098677158 -0.317937434 -0.012116798 0.948034286 96.772323608
0.944114983 -0.007876728 0.329522163 4.017370224 0.003531371 0.999898732 0.013783327 -2.103830814 -0.329597324 -0.011849379 0.944047332 97.252334595
0.939725459 -0.009261372 0.341804296 4.210252762 0.004698459 0.999888480 0.014175003 -2.114736080 -0.341897488 -0.011714658 0.939664185 97.742042542
0.934596717 -0.008975104 0.355595887 4.438228607 0.004096101 0.999886870 0.014471165 -2.118434668 -0.355685562 -0.012068145 0.934527755 98.267860413
0.929801285 -0.009368679 0.367942601 4.659824371 0.004539017 0.999891877 0.013989359 -2.127160072 -0.368033946 -0.011337226 0.929743230 98.768478394
0.924812019 -0.008720510 0.380324244 4.885179520 0.003726434 0.999896944 0.013865430 -2.136114120 -0.380405992 -0.011405665 0.924749315 99.297843933
0.919655800 -0.011516146 0.392556608 5.149185181 0.006345234 0.999875188 0.014467414 -2.173679352 -0.392674267 -0.010814177 0.919614017 99.697753906
0.914175153 -0.011502281 0.405156046 5.416942596 0.005961728 0.999870658 0.014934318 -2.201657534 -0.405275464 -0.011237152 0.914125562 100.261260986
0.909025848 -0.011116583 0.416591436 5.653072357 0.005208357 0.999869049 0.015316201 -2.214989185 -0.416707218 -0.011753065 0.908964813 100.740760803
0.903673053 -0.012556027 0.428038836 5.922050476 0.006493772 0.999856949 0.015620038 -2.228170872 -0.428173780 -0.011335823 0.903625309 101.226234436
0.897252262 -0.013217648 0.441320360 6.190174103 0.007074255 0.999853849 0.015563126 -2.250384808 -0.441461563 -0.010842037 0.897214651 101.677627563
0.891065478 -0.013139076 0.453684479 6.457065582 0.006595163 0.999850273 0.016003158 -2.269136190 -0.453826815 -0.011267739 0.891018748 102.176208496
0.884989619 -0.011775639 0.465461850 6.756187439 0.005489080 0.999874473 0.014859185 -2.236381292 -0.465578437 -0.010595267 0.884943247 102.762901306
0.876833737 -0.011042844 0.480666906 6.954170227 0.004169817 0.999873281 0.015364502 -2.198258162 -0.480775654 -0.011467820 0.876768649 103.268684387
0.869902670 -0.011723764 0.493084103 7.255767822 0.004758183 0.999870420 0.015378895 -2.210474968 -0.493200451 -0.011031958 0.869845748 103.732696533
