1.000000000 0.000000000 0.000000000 0.000000000 0.000000000 1.000000000 0.000000000 0.000000000 0.000000000 0.000000000 1.000000000 0.000000000
1.000000000 0.000162725 0.000124923 -0.003259495 -0.000162709 1.000000000 -0.000126538 0.002935326 -0.000124944 0.000126517 1.000000000 0.004470577
1.000000000 0.000113330 0.000048825 -0.000122099 -0.000113327 1.000000000 -0.000058921 0.001739094 -0.000048832 0.000058915 1.000000000 0.004471552
0.999999940 0.000281342 0.000093996 -0.000018724 -0.000281339 0.999999940 -0.000030149 0.001391441 -0.000094005 0.000030123 1.000000000 -0.001467869
1.000000000 0.000154054 0.000031857 0.001715107 -0.000154053 1.000000000 -0.000039387 0.001366321 -0.000031863 0.000039382 1.000000000 0.001279386
1.000000000 0.000044563 -0.000034579 0.000387250 -0.000044564 1.000000000 -0.000012906 0.000532799 0.000034579 0.000012908 1.000000000 0.000163911
1.000000000 0.000131931 0.000182125 -0.005658995 -0.000131907 1.000000000 -0.000128548 0.002456660 -0.000182142 0.000128524 1.000000000 0.002459725
1.000000000 0.000030873 0.000004313 -0.000100646 -0.000030873 1.000000000 0.000020064 0.000829749 -0.000004312 -0.000020064 1.000000000 -0.001010558
1.000000000 -0.000001081 0.000130999 -0.003928756 0.000001085 1.000000000 -0.000033221 0.001384410 -0.000130999 0.000033221 1.000000000 0.002220849
0.999999940 0.000254243 0.000220426 -0.004081821 -0.000254217 0.999999940 -0.000120692 0.001170688 -0.000220456 0.000120636 0.999999940 -0.000204427
1.000000000 0.000194388 0.000073037 0.001367887 -0.000194390 1.000000000 0.000029764 0.001016006 -0.000073032 -0.000029778 1.000000000 -0.003039838
1.000000000 0.000127340 0.000183499 -0.002850841 -0.000127330 1.000000000 -0.000052536 0.001358811 -0.000183506 0.000052512 1.000000000 -0.002235179
1.000000000 -0.000013561 0.000021836 -0.000818253 0.000013561 1.000000000 0.000005307 0.000260147 -0.000021836 -0.000005307 1.000000000 -0.007053795
1.000000000 -0.000090713 0.000104664 -0.001759004 0.000090712 1.000000000 0.000010692 -0.000706187 -0.000104665 -0.000010683 1.000000000 -0.000961501
1.000000000 0.000041921 0.000051660 0.000111812 -0.000041919 1.000000000 -0.000030692 0.000093512 -0.000051661 0.000030690 1.000000000 -0.003222521
1.000000000 -0.000164753 -0.000144340 0.003441402 0.000164751 1.000000000 -0.000018095 -0.000059470 0.000144343 0.000018071 1.000000000 -0.006635728
1.000000000 -0.000077263 -0.000063462 0.002035226 0.000077263 1.000000000 0.000002551 -0.001093928 0.000063462 -0.000002556 1.000000000 -0.006774717
1.000000000 0.000027985 0.000137979 -0.002199537 -0.000028005 1.000000000 0.000150613 -0.003787944 -0.000137975 -0.000150617 1.000000000 -0.006458697
1.000000000 0.000060998 -0.000001798 0.001249046 -0.000060998 1.000000000 0.000045140 0.000718757 0.000001801 -0.000045140 1.000000000 -0.006693316
1.000000000 -0.000139000 -0.000012483 0.000060313 0.000139000 1.000000000 0.000033797 -0.001133934 0.000012478 -0.000033799 1.000000000 -0.008036179
1.000000000 0.000011540 0.000060816 -0.000453175 -0.000011541 1.000000000 0.000005833 -0.000247598 -0.000060816 -0.000005834 1.000000000 -0.007073603
1.000000000 -0.000131154 0.000033412 0.000001454 0.000131152 1.000000000 0.000061608 -0.001777824 -0.000033421 -0.000061604 1.000000000 -0.004641398
1.000000000 0.000090519 0.000111524 -0.002927457 -0.000090516 1.000000000 -0.000030444 0.000356075 -0.000111527 0.000030434 1.000000000 0.000268998
1.000000000 -0.000040106 -0.000037178 0.001588355 0.000040105 1.000000000 -0.000020715 -0.000075467 0.000037178 0.000020714 1.000000000 -0.001552768
1.000000000 -0.000030543 0.000058522 -0.002673097 0.000030539 1.000000000 0.000071463 0.000317432 -0.000058524 -0.000071461 1.000000000 -0.000597908
1.000000000 -0.000095242 -0.000106389 0.004248704 0.000095233 1.000000000 -0.000091470 0.001868169 0.000106397 0.000091460 1.000000000 -0.007096686
1.000000000 -0.000094422 0.000066322 -0.002650815 0.000094429 1.000000000 -0.000104386 0.002510108 -0.000066312 0.000104392 1.000000000 -0.000094994
0.999999940 0.000255608 0.000162374 -0.004430191 -0.000255587 0.999999940 -0.000127496 0.002055930 -0.000162407 0.000127454 1.000000000 -0.000956727
1.000000000 -0.000019240 0.000034379 -0.000748219 0.000019239 1.000000000 0.000039740 0.000144294 -0.000034380 -0.000039739 1.000000000 -0.002146678
1.000000000 -0.000114261 -0.000100705 0.000666522 0.000114262 1.000000000 0.000007252 0.001898478 0.000100704 -0.000007263 1.000000000 -0.005927983
1.000000000 -0.000007912 0.000072378 -0.003684096 0.000007914 1.000000000 -0.000028612 0.001099919 -0.000072378 0.000028613 1.000000000 -0.000811335
1.000000000 -0.000075943 0.000083438 -0.003208293 0.000075933 1.000000000 0.000117296 0.000379497 -0.000083446 -0.000117290 1.000000000 0.002365527
1.000000000 -0.000175859 0.000033732 -0.003585990 0.000175858 1.000000000 0.000033191 0.000033954 -0.000033738 -0.000033185 1.000000000 -0.004608505
1.000000000 -0.000122062 -0.000005137 -0.001654992 0.000122062 1.000000000 0.000044990 0.000303379 0.000005132 -0.000044991 1.000000000 -0.006526621
0.999999940 0.000204594 0.000168472 -0.004198498 -0.000204592 1.000000000 -0.000015609 0.000945345 -0.000168475 0.000015574 1.000000000 -0.001771864
1.000000000 0.000016381 0.000120583 -0.003821685 -0.000016379 1.000000000 -0.000015648 0.001034397 -0.000120584 0.000015646 1.000000000 -0.000615173
1.000000000 0.000007931 0.000055883 -0.004932412 -0.000007927 1.000000000 -0.000071660 0.002164268 -0.000055884 0.000071660 1.000000000 -0.000733477
1.000000000 0.000069097 0.000076348 -0.004007275 -0.000069086 1.000000000 -0.000142639 0.002968433 -0.000076358 0.000142633 1.000000000 -0.001074186
1.000000000 -0.000149213 0.000021577 -0.002122395 0.000149212 1.000000000 0.000064564 0.000531854 -0.000021586 -0.000064561 1.000000000 -0.001067784
1.000000000 -0.000119102 -0.000022150 -0.000045106 0.000119105 1.000000000 0.000102664 -0.000476682 0.000022138 -0.000102666 1.000000000 -0.006324131
0.999999940 -0.000245474 -0.000046711 -0.001715485 0.000245476 0.999999940 0.000040319 -0.001086523 0.000046701 -0.000040330 1.000000000 -0.002841841
1.000000000 0.000115859 0.000077275 0.002303028 -0.000115820 0.999999881 -0.000500464 -0.005228419 -0.000077333 0.000500455 0.999999881 0.051197734
1.000000000 -0.000028132 0.000002305 0.003423888 0.000028135 0.999999166 -0.001284958 -0.003422895 -0.000002269 0.001284958 0.999999166 0.148149490
1.000000000 -0.000023777 -0.000066075 0.005039134 0.000023676 0.999998868 -0.001522820 -0.010279710 0.000066111 0.001522818 0.999998868 0.261193454
1.000000000 -0.000018485 0.000073246 0.002291155 0.000018587 0.999999046 -0.001390694 -0.016225401 -0.000073220 0.001390695 0.999999046 0.391801000
1.000000000 0.000018935 -0.000124408 0.005351556 -0.000019071 0.999999404 -0.001098645 -0.020561889 0.000124387 0.001098648 0.999999404 0.533537805
0.999999940 -0.000096910 -0.000234691 0.017438522 0.000096688 0.999999523 -0.000947354 -0.028467407 0.000234783 0.000947331 0.999999523 0.691554010
0.999999881 -0.000456880 -0.000182567 0.022179464 0.000456781 0.999999762 -0.000545313 -0.032597300 0.000182816 0.000545230 0.999999821 0.850020111
0.999999881 -0.000196986 -0.000422245 0.029331302 0.000196724 0.999999762 -0.000620311 -0.037988022 0.000422367 0.000620228 0.999999702 1.034990430
1.000000000 -0.000055912 -0.000005937 0.018033683 0.000055909 0.999999821 -0.000590604 -0.045118891 0.000005970 0.000590603 0.999999821 1.209124446
0.999999762 -0.000517008 -0.000390582 0.039068975 0.000516835 0.999999762 -0.000442656 -0.049513031 0.000390811 0.000442455 0.999999821 1.420469165
0.999999344 -0.000654539 -0.000907451 0.046050522 0.000654480 0.999999762 -0.000065382 -0.060894515 0.000907493 0.000064788 0.999999583 1.606169701
0.999998689 -0.001495121 0.000604849 0.012532368 0.001494534 0.999998391 0.000968669 -0.087810606 -0.000606296 -0.000967763 0.999999344 1.692220449
0.999998271 -0.001677730 0.000704891 0.023781316 0.001676841 0.999997735 0.001259389 -0.097765423 -0.000707003 -0.001258205 0.999998927 1.892814398
0.999999046 -0.001093263 0.000820088 0.014336295 0.001092367 0.999998808 0.001092333 -0.104409926 -0.000821282 -0.001091436 0.999999046 2.093847990
0.999998987 -0.001078819 0.000875750 0.022833597 0.001077789 0.999998689 0.001176301 -0.110184409 -0.000877018 -0.001175356 0.999998868 2.312686920
0.999999344 -0.000948513 0.000588273 0.035549961 0.000947768 0.999998808 0.001266353 -0.112756357 -0.000589474 -0.001265795 0.999998927 2.548817158
0.999998748 -0.001026829 0.001170222 0.036756344 0.001024985 0.999998212 0.001574662 -0.123687796 -0.001171837 -0.001573460 0.999997973 2.778881311
0.999998987 -0.000990138 0.001033893 0.033685524 0.000988066 0.999997497 0.002002752 -0.142806590 -0.001035874 -0.002001728 0.999997437 2.962962389
0.999999046 -0.000502633 0.001300453 0.032267362 0.000500121 0.999997973 0.001931053 -0.149286389 -0.001301421 -0.001930401 0.999997318 3.216339588
0.999998927 -0.000900673 0.001111862 0.041538604 0.000898303 0.999997258 0.002129686 -0.156713963 -0.001113777 -0.002128685 0.999997079 3.460654020
0.999999523 -0.000151107 0.000952533 0.051744059 0.000149204 0.999997973 0.001997029 -0.163614303 -0.000952833 -0.001996886 0.999997556 3.701188087
0.999998868 -0.001296351 0.000786678 0.056991838 0.001293842 0.999994040 0.003182589 -0.192736596 -0.000790799 -0.003181567 0.999994636 3.937729120
0.999998987 -0.001042406 0.000977374 0.057576116 0.001039039 0.999993503 0.003439747 -0.200803474 -0.000980953 -0.003438728 0.999993563 4.189277649
0.999999166 -0.000999813 0.000845038 0.070119880 0.000997054 0.999994159 0.003259860 -0.205361232 -0.000848292 -0.003259014 0.999994338 4.464083195
0.999998689 -0.001209826 0.001123660 0.072004199 0.001205792 0.999992907 0.003583863 -0.218310177 -0.001127988 -0.003582503 0.999992967 4.723412991
0.999998152 -0.001565386 0.001112638 0.073200248 0.001561682 0.999993384 0.003322021 -0.233857244 -0.001117830 -0.003320277 0.999993861 4.934236050
0.999998093 -0.001666689 0.001013442 0.075342536 0.001662870 0.999991596 0.003757363 -0.243849903 -0.001019695 -0.003755671 0.999992490 5.200195789
0.999997675 -0.001739639 0.001239830 0.077624731 0.001735330 0.999992490 0.003468091 -0.250734657 -0.001245854 -0.003465931 0.999993205 5.469669342
0.999998093 -0.001446386 0.001253431 0.089620627 0.001441814 0.999992371 0.003640650 -0.260453582 -0.001258687 -0.003638836 0.999992609 5.762445450
0.999998808 -0.000283616 0.001520122 0.080338806 0.000278688 0.999994814 0.003241035 -0.269682020 -0.001521033 -0.003240608 0.999993503 5.986440659
0.999998510 -0.000245718 0.001717072 0.083052866 0.000239659 0.999993682 0.003527984 -0.277545124 -0.001717928 -0.003527567 0.999992251 6.266008377
0.999998271 -0.000833801 0.001629310 0.086319216 0.000828286 0.999993801 0.003382187 -0.283108532 -0.001632120 -0.003380832 0.999992967 6.548700809
0.999998331 -0.000852101 0.001615305 0.099198647 0.000846729 0.999994099 0.003322925 -0.288429648 -0.001618127 -0.003321551 0.999993145 6.849248409
0.999998450 -0.000751833 0.001587305 0.110078447 0.000746492 0.999994040 0.003362542 -0.298880994 -0.001589823 -0.003361351 0.999993086 7.161292553
0.999997556 -0.000928583 0.001966940 0.079206832 0.000919956 0.999989927 0.004382468 -0.339583457 -0.001970989 -0.004380648 0.999988437 7.443044186
0.999997973 -0.001056688 0.001704413 0.095637649 0.001048000 0.999986529 0.005090688 -0.356409162 -0.001709769 -0.005088892 0.999985635 7.752145767
0.999997437 -0.001018554 0.002036832 0.088774472 0.001009114 0.999988854 0.004630683 -0.358844578 -0.002041526 -0.004628616 0.999987125 8.079666138
0.999997914 -0.000911925 0.001826197 0.101717137 0.000903934 0.999990046 0.004372254 -0.358958811 -0.001830166 -0.004370595 0.999988735 8.425604820
0.999997556 -0.000880867 0.002033872 0.101117462 0.000871560 0.999989212 0.004572206 -0.361946553 -0.002037878 -0.004570422 0.999987483 8.769791603
0.999996662 -0.001652594 0.001984322 0.103385046 0.001643967 0.999989212 0.004341112 -0.386930525 -0.001991474 -0.004337835 0.999988616 9.054260254
0.999996364 -0.001914954 0.001899274 0.114669040 0.001906963 0.999989331 0.004200443 -0.391839683 -0.001907297 -0.004196804 0.999989390 9.400178909
0.999996543 -0.001996316 0.001685356 0.123481415 0.001989106 0.999988914 0.004268690 -0.396662712 -0.001693859 -0.004265323 0.999989450 9.740850449
0.999996722 -0.001509493 0.002032591 0.123022564 0.001501069 0.999990284 0.004139239 -0.407322884 -0.002038820 -0.004136174 0.999989390 10.109025955
0.999996722 -0.001443183 0.002098188 0.134238631 0.001433745 0.999988914 0.004492552 -0.418688238 -0.002104648 -0.004489528 0.999987721 10.478580475
0.999995053 -0.001801923 0.002578382 0.132111087 0.001790902 0.999989271 0.004270336 -0.424993664 -0.002586049 -0.004265697 0.999987543 10.832959175
0.999995410 -0.002106143 0.002185956 0.135026783 0.002093482 0.999981046 0.005778606 -0.477848113 -0.002198085 -0.005774003 0.999980927 11.119624138
0.999995291 -0.002232787 0.002125586 0.146176815 0.002220187 0.999980032 0.005911601 -0.479787439 -0.002138743 -0.005906854 0.999980271 11.514207840
0.999994934 -0.002402703 0.002102219 0.165966555 0.002390462 0.999980330 0.005805912 -0.489907801 -0.002116127 -0.005800858 0.999980867 11.885930061
0.999994457 -0.001650963 0.002885667 0.159724981 0.001634847 0.999983132 0.005578246 -0.502191126 -0.002894827 -0.005573498 0.999980271 12.288931847
0.999994397 -0.002119618 0.002599122 0.174473867 0.002104401 0.999980688 0.005843497 -0.503868103 -0.002611458 -0.005837995 0.999979556 12.672430038
0.999994636 -0.002721282 0.001822579 0.177414417 0.002710194 0.999977946 0.006058850 -0.537580311 -0.001839027 -0.006053878 0.999979913 13.028748512
0.999994516 -0.001529980 0.002930104 0.178641617 0.001512696 0.999981463 0.005891821 -0.547058523 -0.002939064 -0.005887358 0.999978304 13.445321083
0.999994099 -0.001883255 0.002855732 0.193596929 0.001865237 0.999978364 0.006299171 -0.560056567 -0.002867533 -0.006293807 0.999976099 13.861386299
0.999989390 -0.004153821 0.001984601 0.211051404 0.004140002 0.999967515 0.006917560 -0.581077874 -0.002013271 -0.006909272 0.999974132 14.259505272
0.999990284 -0.003493169 0.002678032 0.212338448 0.003474078 0.999968708 0.007100347 -0.590188801 -0.002702750 -0.007090974 0.999971211 14.636564255
0.999990344 -0.003350648 0.002838687 0.224716976 0.003330664 0.999969780 0.007015465 -0.602464914 -0.002862107 -0.007005943 0.999971390 15.056197166
0.999988794 -0.002723662 0.003867019 0.231345922 0.002696709 0.999972165 0.006957997 -0.607239306 -0.003885863 -0.006947490 0.999968290 15.527583122
0.999987483 -0.002792693 0.004123376 0.243191481 0.002761921 0.999968469 0.007449550 -0.619028509 -0.004144050 -0.007438069 0.999963701 15.953656197
0.999986470 -0.002656354 0.004464894 0.254177928 0.002625355 0.999972582 0.006934271 -0.627844632 -0.004483191 -0.006922456 0.999965966 16.408111572
0.999984503 -0.004007186 0.003860541 0.268287599 0.003981894 0.999970734 0.006537146 -0.639338672 -0.003886624 -0.006521672 0.999971151 16.836545944
0.999984920 -0.003762590 0.003994883 0.281240851 0.003736636 0.999971986 0.006484745 -0.648154497 -0.004019171 -0.006469719 0.999970973 17.300134659
0.999982119 -0.004049133 0.004405657 0.288670838 0.004020037 0.999970198 0.006593044 -0.660876572 -0.004432221 -0.006575216 0.999968588 17.772668839
0.999977827 -0.004202971 0.005165020 0.304814696 0.004167942 0.999968410 0.006774239 -0.670857251 -0.005193328 -0.006752562 0.999963760 18.233064651
0.999976158 -0.005166220 0.004577309 0.327881366 0.005133181 0.999960959 0.007200829 -0.688763142 -0.004614332 -0.007177161 0.999963582 18.703199387
0.999980748 -0.004101596 0.004659513 0.341309607 0.004068476 0.999966562 0.007095585 -0.696239352 -0.004688460 -0.007076491 0.999963939 19.193471909
0.999984264 -0.004363632 0.003520712 0.341465890 0.004339109 0.999966502 0.006943328 -0.709494650 -0.003550892 -0.006927943 0.999969721 19.594562531
0.999983132 -0.004462617 0.003710838 0.350789756 0.004435326 0.999963284 0.007330282 -0.725049555 -0.003743412 -0.007313699 0.999966323 20.080198288
0.999983490 -0.004348111 0.003734478 0.348399699 0.004320353 0.999963284 0.007409186 -0.739460647 -0.003766556 -0.007392931 0.999965549 20.597892761
0.999987006 -0.004126057 0.003000691 0.350569606 0.004104638 0.999966323 0.007109665 -0.743493080 -0.003029925 -0.007097257 0.999970138 21.059907913
0.999989629 -0.003409934 0.003028524 0.355093330 0.003389369 0.999971390 0.006770008 -0.752522767 -0.003051523 -0.006759673 0.999972463 21.577108383
0.999988914 -0.003867974 0.002692802 0.365976602 0.003848224 0.999965966 0.007301205 -0.774848640 -0.002720951 -0.007290762 0.999969721 22.085523605
0.999990642 -0.003670339 0.002303025 0.359004319 0.003654222 0.999969125 0.006963754 -0.778672099 -0.002328512 -0.006955273 0.999973118 22.612190247
0.999993026 -0.003478386 0.001376780 0.389432311 0.003468999 0.999971211 0.006762508 -0.788339138 -0.001400262 -0.006757686 0.999976158 23.000638962
0.999992311 -0.003778447 0.001063011 0.392589927 0.003771169 0.999969959 0.006767646 -0.802616596 -0.001088550 -0.006763585 0.999976516 23.531259537
0.999991953 -0.003993398 0.000173892 0.408715427 0.003992176 0.999970615 0.006538230 -0.812120080 -0.000199997 -0.006537484 0.999978602 24.038545609
0.999992967 -0.003727779 -0.000443292 0.420553982 0.003730636 0.999971092 0.006627951 -0.819978595 0.000418572 -0.006629559 0.999977946 24.584148407
0.999991953 -0.003841214 -0.001090924 0.424867183 0.003848195 0.999971628 0.006471042 -0.825685978 0.001066036 -0.006475189 0.999978483 25.065404892
0.999988973 -0.004341301 -0.001775433 0.437162250 0.004352250 0.999971271 0.006209807 -0.834494948 0.001748424 -0.006217467 0.999979198 25.614515305
0.999989092 -0.004279170 -0.001881091 0.458845794 0.004291631 0.999968648 0.006671454 -0.842316866 0.001852484 -0.006679454 0.999976039 26.169422150
0.999988616 -0.004209635 -0.002245444 0.464193046 0.004225961 0.999964297 0.007315885 -0.864528656 0.002214567 -0.007325291 0.999970734 26.587755203
0.999990523 -0.003534833 -0.002545926 0.479322195 0.003553760 0.999965727 0.007468357 -0.883244395 0.002519439 -0.007477333 0.999968946 27.135395050
0.999990284 -0.003516762 -0.002668707 0.486429423 0.003536288 0.999966741 0.007347618 -0.883298278 0.002642779 -0.007356984 0.999969423 27.688709259
0.999987185 -0.003705097 -0.003451759 0.497075230 0.003731771 0.999962926 0.007753449 -0.908743143 0.003422905 -0.007766230 0.999963999 28.125349045
0.999988079 -0.003332918 -0.003578483 0.505036235 0.003359092 0.999967515 0.007333566 -0.920498848 0.003553924 -0.007345499 0.999966681 28.664020538
0.999987066 -0.003334208 -0.003840796 0.512927413 0.003363909 0.999964297 0.007752644 -0.932370901 0.003814810 -0.007765463 0.999962509 29.157243729
0.999986529 -0.003011376 -0.004242015 0.522638202 0.003044284 0.999965191 0.007772650 -0.944270134 0.004218461 -0.007785459 0.999960780 29.709033966
0.999985337 -0.003526955 -0.004103683 0.510766804 0.003562603 0.999955714 0.008712182 -0.974146187 0.004072774 -0.008726674 0.999953628 30.179370880
0.999986768 -0.002854000 -0.004271302 0.526478708 0.002891495 0.999957085 0.008798082 -0.993633866 0.004246010 -0.008810318 0.999952197 30.715244293
0.999983966 -0.003395663 -0.004538355 0.551910222 0.003436230 0.999953985 0.008961082 -1.012127280 0.004507717 -0.008976533 0.999949574 31.262613297
0.999982536 -0.003396960 -0.004833534 0.551205099 0.003436795 0.999960005 0.008257062 -0.995380640 0.004805292 -0.008273531 0.999954224 31.757526398
0.999984860 -0.003201772 -0.004472077 0.541241527 0.003238321 0.999961257 0.008189486 -1.009628773 0.004445682 -0.008203845 0.999956429 32.300151825
0.999983549 -0.003212020 -0.004765437 0.552388012 0.003251345 0.999960601 0.008267282 -1.026029348 0.004738695 -0.008282641 0.999954462 32.838993073
0.999978781 -0.003131698 -0.005714650 0.564764202 0.003179481 0.999959826 0.008371671 -1.037225723 0.005688204 -0.008389662 0.999948621 33.361965179
0.999974430 -0.003777728 -0.006076652 0.581732988 0.003825778 0.999961317 0.007915154 -1.042881608 0.006046516 -0.007938201 0.999950171 33.897361755
0.999971628 -0.004648259 -0.005930316 0.572498560 0.004704414 0.999943912 0.009490523 -1.082091570 0.005885868 -0.009518153 0.999937356 34.380474091
0.999970078 -0.004727894 -0.006131571 0.568750858 0.004787626 0.999940932 0.009763962 -1.099926233 0.006085044 -0.009793026 0.999933481 34.938571930
0.999974430 -0.003776579 -0.006077168 0.584384799 0.003836317 0.999944210 0.009848412 -1.111286163 0.006039634 -0.009871474 0.999932945 35.489330292
0.999977589 -0.003405612 -0.005755545 0.568509042 0.003458951 0.999950945 0.009283262 -1.130932331 0.005723647 -0.009302964 0.999940276 35.957664490
0.999975324 -0.003622610 -0.006016626 0.580293834 0.003676311 0.999953449 0.008938731 -1.138637424 0.005983962 -0.008960630 0.999941885 36.516174316
0.999976575 -0.003300747 -0.005993294 0.587969065 0.003355318 0.999952853 0.009118361 -1.156410098 0.005962913 -0.009138259 0.999940455 37.057369232
0.999972701 -0.003576783 -0.006455479 0.590142787 0.003634633 0.999953151 0.008971984 -1.165493965 0.006423086 -0.008995202 0.999938905 37.596351624
0.999966145 -0.003778899 -0.007308562 0.632026494 0.003843146 0.999953926 0.008796738 -1.173470020 0.007274983 -0.008824528 0.999934554 38.161106110
0.999966979 -0.004648542 -0.006668021 0.601824641 0.004718101 0.999934196 0.010454110 -1.211368561 0.006618985 -0.010485227 0.999923050 38.560062408
0.999962449 -0.005207621 -0.006925479 0.617635131 0.005278687 0.999933183 0.010283096 -1.219243646 0.006871464 -0.010319268 0.999923110 39.131336212
0.999972165 -0.003967223 -0.006319078 0.608609915 0.004032219 0.999938667 0.010306328 -1.229381323 0.006277803 -0.010331522 0.999926865 39.666534424
0.999968708 -0.003983787 -0.006830818 0.641284823 0.004048148 0.999947250 0.009434232 -1.230815053 0.006792875 -0.009461589 0.999932170 40.228820801
0.999966323 -0.004456767 -0.006895101 0.634730816 0.004528619 0.999935150 0.010440563 -1.256260514 0.006848124 -0.010471438 0.999921679 40.763023376
0.999967396 -0.004158113 -0.006922744 0.634737015 0.004230292 0.999936521 0.010444529 -1.258795977 0.006878873 -0.010473474 0.999921501 41.179584503
0.999968290 -0.004088743 -0.006836479 0.645108342 0.004161865 0.999933898 0.010716112 -1.266043901 0.006792213 -0.010744225 0.999919176 41.729698181
0.999966443 -0.004222271 -0.007010735 0.648097277 0.004296751 0.999934077 0.010642944 -1.287952781 0.006965335 -0.010672712 0.999918759 42.222347260
0.999967158 -0.004404231 -0.006806026 0.647751749 0.004479089 0.999929309 0.011023137 -1.301900625 0.006756996 -0.011053259 0.999916077 42.737339020
0.999966741 -0.004392082 -0.006868750 0.654299855 0.004464788 0.999933779 0.010605680 -1.306756973 0.006821715 -0.010635994 0.999920189 43.273811340
0.999967515 -0.004383430 -0.006762297 0.662595749 0.004454269 0.999934971 0.010496303 -1.319110274 0.006715849 -0.010526082 0.999922037 43.796916962
0.999969721 -0.004413689 -0.006413735 0.660292983 0.004481330 0.999934018 0.010570373 -1.329574823 0.006366658 -0.010598794 0.999923587 44.319561005
0.999967813 -0.004342020 -0.006750917 0.678062856 0.004410293 0.999938965 0.010131422 -1.336434126 0.006706513 -0.010160871 0.999925852 44.852802277
0.999962747 -0.004377702 -0.007445894 0.704147220 0.004457874 0.999931931 0.010784984 -1.368710518 0.007398174 -0.010817775 0.999914110 45.363117218
0.999967933 -0.003923283 -0.006984539 0.685240448 0.003995287 0.999938667 0.010324989 -1.355573297 0.006943603 -0.010352561 0.999922276 45.895053864
0.999970257 -0.003641083 -0.006798629 0.690870404 0.003706460 0.999946773 0.009628366 -1.360002756 0.006763210 -0.009653280 0.999930501 46.438392639
0.999970734 -0.003532244 -0.006784560 0.703016281 0.003600231 0.999943137 0.010034973 -1.379452229 0.006748729 -0.010059107 0.999926627 46.975116730
0.999965310 -0.004381611 -0.007081132 0.710114360 0.004456207 0.999934375 0.010553288 -1.391433239 0.007034428 -0.010584476 0.999919236 47.439357758
0.999969423 -0.003578284 -0.006956144 0.716858625 0.003657000 0.999929011 0.011336450 -1.406489611 0.006915085 -0.011361541 0.999911547 47.987922668
0.999963760 -0.003984947 -0.007514625 0.739160895 0.004063785 0.999936521 0.010505327 -1.407276154 0.007472284 -0.010535484 0.999916613 48.541069031
0.999973118 -0.003075509 -0.006658751 0.727083325 0.003147193 0.999936938 0.010781801 -1.419075727 0.006625172 -0.010802467 0.999919713 48.997612000
0.999972463 -0.002935955 -0.006822695 0.736348510 0.003015959 0.999926507 0.011745530 -1.434914112 0.006787709 -0.011765783 0.999907732 49.540351868
0.999970138 -0.003370706 -0.006964384 0.736665726 0.003447708 0.999932766 0.011074297 -1.437950134 0.006926587 -0.011097978 0.999914408 50.099006653
0.999973059 -0.002945707 -0.006729783 0.765243530 0.003018763 0.999936402 0.010871495 -1.451969028 0.006697332 -0.010891518 0.999918222 50.593875885
0.999969840 -0.003742593 -0.006809073 0.750310600 0.003817644 0.999931753 0.011042779 -1.462958336 0.006767279 -0.011068439 0.999915838 51.087642670
0.999971628 -0.003580760 -0.006631731 0.750992298 0.003654299 0.999931633 0.011110124 -1.472089052 0.006591494 -0.011134041 0.999916315 51.637531281
0.999972343 -0.003675888 -0.006460560 0.744663239 0.003746738 0.999932528 0.010988875 -1.491202354 0.006419730 -0.011012779 0.999918759 52.143512726
0.999975443 -0.002891006 -0.006392023 0.747186422 0.002960355 0.999936581 0.010866551 -1.492001534 0.006360203 -0.010885207 0.999920487 52.693874359
0.999971867 -0.003407319 -0.006682602 0.759643912 0.003478920 0.999936402 0.010732387 -1.516220927 0.006645609 -0.010755335 0.999920070 53.213897705
0.999969184 -0.003901422 -0.006812447 0.761611462 0.003976624 0.999930859 0.011060491 -1.507422924 0.006768825 -0.011087241 0.999915600 53.691143036
0.999970913 -0.003723318 -0.006665700 0.753740191 0.003796411 0.999932408 0.010986661 -1.519019723 0.006624342 -0.011011645 0.999917388 54.226253510
0.999970853 -0.003852247 -0.006589421 0.762681842 0.003923187 0.999934077 0.010786790 -1.527232766 0.006547433 -0.010812328 0.999920130 54.765441895
0.999968112 -0.003994177 -0.006919879 0.761635065 0.004071108 0.999929667 0.011139234 -1.546997905 0.006874900 -0.011167050 0.999913990 55.308658600
0.999963939 -0.004551278 -0.007177325 0.769694090 0.004634090 0.999922395 0.011563866 -1.570060253 0.007124139 -0.011596710 0.999907315 55.845314026
0.999968648 -0.004076818 -0.006777684 0.787489891 0.004157790 0.999919593 0.011976043 -1.580040455 0.006728316 -0.012003847 0.999905288 56.255977631
0.999966800 -0.004319913 -0.006897653 0.795387864 0.004404034 0.999915540 0.012227246 -1.590411901 0.006844250 -0.012257217 0.999901414 56.797523499
0.999967098 -0.004365643 -0.006837319 0.795526028 0.004444060 0.999924064 0.011496070 -1.590272069 0.006786616 -0.011526077 0.999910533 57.296504974
0.999966204 -0.004350576 -0.006979514 0.808911324 0.004432630 0.999920726 0.011784367 -1.607762575 0.006927692 -0.011814904 0.999906242 57.831912994
0.999966919 -0.004380241 -0.006853258 0.812376320 0.004460621 0.999920905 0.011757741 -1.607590914 0.006801215 -0.011787924 0.999907374 58.326137543
0.999965489 -0.005062108 -0.006580717 0.830137968 0.005134886 0.999925256 0.011089892 -1.617339373 0.006524088 -0.011123302 0.999916852 58.875854492
0.999966800 -0.003741692 -0.007227195 0.889691234 0.003834409 0.999909937 0.012857887 -1.669680595 0.007178432 -0.012885173 0.999891222 59.321033478
0.999958396 -0.005165424 -0.007515558 0.838971615 0.005253500 0.999917150 0.011746887 -1.648815632 0.007454258 -0.011785883 0.999902725 59.877891541
0.999958217 -0.005224979 -0.007497968 0.853427649 0.005313484 0.999915838 0.011832763 -1.654798508 0.007435511 -0.011872109 0.999901831 60.420429230
0.999964356 -0.004101871 -0.007383441 0.863099396 0.004195143 0.999911070 0.012661743 -1.664285660 0.007330847 -0.012692265 0.999892533 60.934665680
0.999957204 -0.005397527 -0.007512284 0.849237859 0.005486753 0.999914050 0.011907781 -1.682274699 0.007447365 -0.011948490 0.999900818 61.421791077
0.999958932 -0.005331033 -0.007327538 0.848944902 0.005420297 0.999910712 0.012216500 -1.696524858 0.007261758 -0.012255715 0.999898493 61.955722809
0.999955654 -0.005676881 -0.007516426 0.853144765 0.005765395 0.999913692 0.011807011 -1.703819036 0.007448751 -0.011849823 0.999902010 62.522865295
0.999956608 -0.005448629 -0.007553097 0.862700522 0.005542182 0.999907494 0.012420890 -1.718231916 0.007484722 -0.012462212 0.999894321 62.956878662
0.999951601 -0.006017853 -0.007768876 0.881458282 0.006112134 0.999907255 0.012169594 -1.720647097 0.007694921 -0.012216492 0.999895751 63.491043091
0.999947608 -0.006514558 -0.007886047 0.919117093 0.006604521 0.999912918 0.011436258 -1.685327291 0.007810856 -0.011487743 0.999903500 63.972167969
0.999955893 -0.005988723 -0.007233122 0.865446925 0.006076875 0.999906778 0.012227498 -1.734201789 0.007159221 -0.012270916 0.999899089 64.484886169
0.999965370 -0.005100416 -0.006577699 0.863565087 0.005181992 0.999909103 0.012445210 -1.748276234 0.006513625 -0.012478866 0.999900937 65.038375854
0.999956429 -0.005908122 -0.007223701 0.874743938 0.005996975 0.999905884 0.012341057 -1.761940956 0.007150108 -0.012383842 0.999897778 65.565429688
0.999955595 -0.006283784 -0.007018173 0.891925275 0.006368684 0.999906063 0.012141040 -1.765500546 0.006941220 -0.012185199 0.999901712 66.077140808
0.999955118 -0.006241879 -0.007119988 0.885490894 0.006326308 0.999909163 0.011898012 -1.771033049 0.007045075 -0.011942521 0.999903858 66.555015564
0.999953449 -0.006286795 -0.007311148 0.902023792 0.006374646 0.999907017 0.012055606 -1.780106306 0.007234678 -0.012101651 0.999900639 67.090148926
0.999951005 -0.006374547 -0.007585542 0.905263782 0.006465776 0.999906301 0.012063492 -1.785051584 0.007507931 -0.012111948 0.999898434 67.660026550
0.999953032 -0.006365597 -0.007316578 0.881129503 0.006452281 0.999908566 0.011885798 -1.798141718 0.007240249 -0.011932449 0.999902546 68.200241089
0.999952137 -0.006516138 -0.007297338 0.923300922 0.006599845 0.999912024 0.011506167 -1.794787407 0.007221721 -0.011553778 0.999907136 68.578941345
0.999943435 -0.007050274 -0.007954236 0.950106323 0.007146931 0.999900103 0.012189425 -1.817084789 0.007867504 -0.012245583 0.999894083 69.094268799
0.999944210 -0.006841684 -0.008047955 0.965773761 0.006937874 0.999904096 0.011985596 -1.827114820 0.007965183 -0.012040762 0.999895811 69.640007019
0.999957442 -0.005078128 -0.007697659 1.019621730 0.005172557 0.999911010 0.012297352 -1.852050543 0.007634526 -0.012336643 0.999894738 70.064025879
0.999934852 -0.007587430 -0.008521999 1.043468475 0.007691576 0.999895334 0.012255243 -1.857516766 0.008428121 -0.012319993 0.999888599 70.501754761
0.999941289 -0.006993039 -0.008273182 1.048256874 0.007092522 0.999902189 0.012057244 -1.870878100 0.008188056 -0.012115214 0.999893129 71.047615051
0.999907374 -0.009789736 -0.009453394 1.080766916 0.009902177 0.999879897 0.011921702 -1.881500602 0.009335549 -0.012014208 0.999884248 71.587371826
0.999941587 -0.007146786 -0.008111884 1.052953482 0.007248229 0.999894977 0.012545823 -1.884991169 0.008021369 -0.012603887 0.999888361 72.047737122
0.999935091 -0.007790827 -0.008306491 1.064910889 0.007892334 0.999893725 0.012258196 -1.892623782 0.008210106 -0.012322959 0.999890387 72.593162537
0.999934614 -0.007489366 -0.008640531 1.116015673 0.007601176 0.999886930 0.012980799 -1.927052975 0.008542334 -0.013045629 0.999878407 73.106002808
0.999947071 -0.006894123 -0.007633707 1.059223175 0.006990810 0.999894738 0.012712435 -1.913830042 0.007545261 -0.012765130 0.999890029 73.584289551
0.999948561 -0.006793755 -0.007533816 1.069206238 0.006888310 0.999896944 0.012596705 -1.922109842 0.007447463 -0.012647954 0.999892235 74.128952026
0.999955118 -0.006372905 -0.007013479 1.059916854 0.006463860 0.999894321 0.013023278 -1.932802200 0.006929740 -0.013068028 0.999890566 74.682533264
0.999954820 -0.006177135 -0.007228225 1.067805529 0.006269721 0.999897659 0.012857202 -1.946800470 0.007148066 -0.012901942 0.999891222 75.095603943
0.999951065 -0.006446983 -0.007504731 1.077013493 0.006542736 0.999896586 0.012805139 -1.950177670 0.007421401 -0.012853615 0.999889851 75.644531250
0.999951899 -0.006300079 -0.007509080 1.086186409 0.006397326 0.999894977 0.012997641 -1.964326859 0.007426407 -0.013045054 0.999887347 76.142318726
0.999953747 -0.006352021 -0.007221085 1.094522595 0.006444972 0.999895692 0.012922456 -1.969920039 0.007138248 -0.012968398 0.999890447 76.698837280
0.999963820 -0.006671411 -0.005268968 1.090695381 0.006739123 0.999893665 0.012939806 -1.980822802 0.005182080 -0.012974849 0.999902368 77.149581909
0.999972165 -0.006249809 -0.004077555 1.089030385 0.006302142 0.999896288 0.012950310 -1.993460536 0.003996193 -0.012975647 0.999907792 77.705085754
0.999985695 -0.004948116 -0.002032917 1.076910734 0.004974267 0.999902189 0.013066578 -2.013104439 0.001968063 -0.013076503 0.999912620 78.286834717
0.999983788 -0.005533928 -0.001342018 1.094107747 0.005550786 0.999901474 0.012902346 -1.995719790 0.001270484 -0.012909589 0.999915779 78.685264587
0.999984622 -0.005292713 0.001602079 1.110857487 0.005271772 0.999904156 0.012804204 -2.003018141 -0.001669694 -0.012795561 0.999916732 79.244483948
0.999976337 -0.004527452 0.005190106 1.126999021 0.004456731 0.999898136 0.013557761 -2.030557156 -0.005250960 -0.013534308 0.999894559 79.795143127
0.999952674 -0.004654330 0.008545014 1.132455349 0.004540423 0.999901175 0.013301654 -2.021774769 -0.008606079 -0.013262226 0.999874949 80.362236023
0.999910295 -0.005451727 0.012236311 1.163887024 0.005302244 0.999911308 0.012215578 -1.978995085 -0.012301820 -0.012149604 0.999850512 80.747047424
0.999813259 -0.004303516 0.018843697 1.187476158 0.004067145 0.999912739 0.012564136 -1.997700810 -0.018896123 -0.012485148 0.999743521 81.284805298
0.999675989 -0.004558300 0.025041986 1.211756468 0.004239020 0.999909222 0.012788111 -2.004363537 -0.025098003 -0.012677816 0.999604583 81.850181580
0.999515414 -0.006083815 0.030524954 1.243984818 0.005724436 0.999913394 0.011846886 -1.985490799 -0.030594386 -0.011666408 0.999463797 82.412574768
0.999248326 -0.006282513 0.038251698 1.302464843 0.005831709 0.999912381 0.011885417 -1.983578920 -0.038323015 -0.011653410 0.999197483 82.945556641
0.998962939 -0.007819884 0.044854674 1.379182100 0.007302537 0.999904990 0.011686141 -1.972096682 -0.044941802 -0.011346467 0.998925149 83.379714966
0.998616219 -0.008031188 0.051971972 1.429099321 0.007438176 0.999905109 0.011593605 -1.973858833 -0.052060153 -0.011190985 0.998581171 83.920692444
0.998097539 -0.008680283 0.061040740 1.475231409 0.008019152 0.999906480 0.011067661 -1.980854511 -0.061131116 -0.010557108 0.998073816 84.443756104
0.997448802 -0.008819424 0.070839882 1.541506767 0.008049130 0.999905467 0.011151860 -1.989082575 -0.070931539 -0.010553211 0.997425377 85.048629761
0.996760309 -0.008474511 0.079982862 1.587024689 0.007574539 0.999904573 0.011548783 -2.013321161 -0.080073096 -0.010905532 0.996729314 85.592208862
0.995890677 -0.008576763 0.090156406 1.204737186 0.007411392 0.999884725 0.013252947 -2.087275028 -0.090259679 -0.012530301 0.995839417 85.430839539
0.994895935 -0.009025562 0.100502007 1.292261600 0.007712202 0.999879777 0.013448875 -2.097145557 -0.100611307 -0.012605138 0.994845986 85.952598572
0.993782461 -0.008528853 0.111012101 1.369760513 0.007040772 0.999880135 0.013789805 -2.112833977 -0.111116409 -0.012922454 0.993723333 86.497489929
0.992629707 -0.006249285 0.121025860 1.378263474 0.004601548 0.999892950 0.013889450 -2.043284178 -0.121099696 -0.013230173 0.992552102 86.897262573
0.991277218 -0.005510718 0.131678104 1.477308273 0.003648121 0.999889910 0.014382132 -2.044282913 -0.131742865 -0.013776303 0.991188109 87.445373535
0.989463687 -0.005944342 0.144659251 1.505680084 0.003957015 0.999893844 0.014021846 -2.067993879 -0.144727245 -0.013301689 0.989382148 88.001670837
0.987857759 -0.007002658 0.155203000 1.622365952 0.004867103 0.999888241 0.014135495 -2.078914642 -0.155284628 -0.013208468 0.987781465 88.550682068
0.986328661 -0.008199917 0.164585873 1.730265617 0.006061434 0.999890625 0.013491152 -2.073366165 -0.164678499 -0.012309086 0.986270487 89.086425781
0.984182715 -0.008767548 0.176938802 1.856842995 0.006580229 0.999894619 0.012944999 -2.078974247 -0.177033648 -0.011575948 0.984136760 89.621887207
0.981939495 -0.008844035 0.188988492 1.981777191 0.006477220 0.999892712 0.013137553 -2.092047691 -0.189084366 -0.011676162 0.981891453 90.149932861
0.979928076 -0.009864536 0.199106872 2.122633934 0.007333192 0.999882698 0.013446937 -2.097141981 -0.199216172 -0.011716944 0.979885459 90.702117920
0.977141678 -0.009858239 0.212360725 2.258970261 0.007192479 0.999885380 0.013321850 -2.101610422 -0.212467715 -0.011489935 0.977100611 91.252494812
0.973881364 -0.008788637 0.226887405 2.396602631 0.005782953 0.999886572 0.013908793 -2.100062370 -0.226983905 -0.012233433 0.973821700 91.795356750
0.971203208 -0.009473986 0.238064438 2.549955368 0.006341819 0.999882996 0.013919273 -2.109678030 -0.238168448 -0.012008679 0.971149623 92.333488464
0.968276858 -0.010490827 0.249659628 2.732749939 0.007199841 0.999874830 0.014091484 -2.128388882 -0.249776214 -0.011846946 0.968231142 92.833312988
0.964406848 -0.010664250 0.264207751 2.837512970 0.007094216 0.999870241 0.014462696 -2.118928909 -0.264327645 -0.012073577 0.964357376 93.369865417
0.960946321 -0.011042779 0.276514888 3.021911621 0.007406364 0.999871850 0.014191814 -2.126029491 -0.276636124 -0.011589600 0.960904896 93.885002136
0.957606018 -0.011876523 0.287835956 3.210800171 0.008185487 0.999868155 0.014023565 -2.129760504 -0.287964553 -0.011072969 0.957577050 94.407135010
0.953232169 -0.011446069 0.302022308 3.393426895 0.007441748 0.999868512 0.014405723 -2.138250828 -0.302147508 -0.011484424 0.953191996 94.940330505
0.948461175 -0.010400444 0.316722691 3.578208923 0.006044359 0.999873221 0.014733032 -2.155300617 -0.316835761 -0.012059323 0.948403716 95.477272034
0.944998085 -0.011330999 0.326879412 3.808891296 0.006814198 0.999864876 0.014959837 -2.146735191 -0.327004820 -0.011909597 0.944947660 95.995231628
0.940425336 -0.010756321 0.339830071 4.019224167 0.006096374 0.999872208 0.014777275 -2.156390190 -0.339945614 -0.011825195 0.940370739 96.505905151
0.935343146 -0.012101501 0.353534400 4.233577728 0.007190948 0.999858618 0.015200172 -2.166545391 -0.353668332 -0.011675132 0.935298085 97.026527405
0.930447817 -0.011033126 0.366258323 4.447822571 0.005939612 0.999869406 0.015030886 -2.167443752 -0.366376311 -0.011810021 0.930391788 97.521369934
0.925722539 -0.010784702 0.378049672 4.674093246 0.005402038 0.999868453 0.015295597 -2.180038214 -0.378164887 -0.012117238 0.925659001 98.020149231
0.920210183 -0.012480741 0.391225606 4.918859482 0.006916278 0.999854028 0.015629061 -2.186680317 -0.391363472 -0.011676194 0.920162082 98.519630432
0.914616108 -0.012926094 0.404116631 5.167972565 0.007319532 0.999854386 0.015415473 -2.195134163 -0.404257059 -0.011141296 0.914577544 99.012344360
0.909728587 -0.013765888 0.414975256 5.410964966 0.008262166 0.999852479 0.015055185 -2.193712711 -0.415121287 -0.010267537 0.909708023 99.503028870
0.903867483 -0.013827720 0.427588880 5.615131378 0.007694081 0.999841273 0.016069399 -2.204991579 -0.427743167 -0.011234705 0.903830469 100.009323120
0.897356689 -0.014554258 0.441065788 5.883781433 0.008366945 0.999837399 0.015969859 -2.212489128 -0.441226482 -0.010640290 0.897332668 100.496551514
0.891468465 -0.015033208 0.452833265 6.166931152 0.008593217 0.999830544 0.016275484 -2.216413975 -0.453001171 -0.010617787 0.891446650 100.992126465
0.885391951 -0.014878085 0.464607149 6.434234619 0.008089289 0.999829412 0.016601890 -2.229620457 -0.464774936 -0.010940837 0.885361314 101.454635620
0.878057063 -0.014248290 0.478343964 6.694469452 0.007377150 0.999840915 0.016240330 -2.213252068 -0.478499353 -0.010731121 0.878022313 101.940017700
