1.000000000 0.000000000 0.000000000 0.000000000 0.000000000 1.000000000 0.000000000 0.000000000 0.000000000 0.000000000 1.000000000 0.000000000
1.000000000 0.000071499 -0.000030676 0.000298568 -0.000071498 1.000000000 0.000020721 0.000494070 0.000030678 -0.000020719 1.000000000 0.002213747
1.000000000 0.000013039 -0.000053660 0.001173280 -0.000013036 1.000000000 0.000058420 -0.000933305 0.000053661 -0.000058420 1.000000000 0.001034228
1.000000000 -0.000025125 -0.000027809 0.000564602 0.000025123 1.000000000 -0.000046130 0.000535374 0.000027810 0.000046130 1.000000000 -0.001637268
1.000000000 -0.000172979 -0.000114822 0.001148320 0.000172986 1.000000000 0.000059299 -0.000872193 0.000114812 -0.000059318 1.000000000 0.000248446
1.000000000 -0.000159082 -0.000118584 -0.000738963 0.000159088 1.000000000 0.000050630 -0.000145716 0.000118576 -0.000050649 1.000000000 -0.000619364
1.000000000 -0.000128749 -0.000058440 0.000777867 0.000128752 1.000000000 0.000065210 -0.000777263 0.000058432 -0.000065217 1.000000000 0.001268182
1.000000000 -0.000155374 -0.000060837 0.000063054 0.000155379 1.000000000 0.000081319 -0.000826031 0.000060825 -0.000081329 1.000000000 -0.000477164
1.000000000 -0.000038267 -0.000089591 0.000790356 0.000038272 1.000000000 0.000058434 0.000232696 0.000089589 -0.000058437 1.000000000 -0.001700685
1.000000000 -0.000014143 -0.000003117 -0.000465782 0.000014143 1.000000000 0.000048789 0.000671020 0.000003116 -0.000048789 1.000000000 0.002820522
1.000000000 -0.000060101 -0.000068773 0.000960914 0.000060101 1.000000000 -0.000000268 0.000637656 0.000068773 0.000000264 1.000000000 0.000172487
1.000000000 -0.000118902 -0.000132290 0.001077738 0.000118909 1.000000000 0.000051740 0.000191585 0.000132284 -0.000051756 1.000000000 -0.000296414
1.000000000 -0.000105312 -0.000049191 -0.000103485 0.000105311 1.000000000 -0.000020712 0.001696809 0.000049193 0.000020707 1.000000000 0.002508623
1.000000000 -0.000206811 -0.000128580 0.000987850 0.000206825 1.000000000 0.000107353 0.000125697 0.000128558 -0.000107380 1.000000000 -0.001498020
1.000000000 -0.000115658 -0.000145726 0.001047801 0.000115665 1.000000000 0.000049416 -0.000394120 0.000145720 -0.000049433 1.000000000 -0.002027049
1.000000000 -0.000146135 -0.000171450 0.003235191 0.000146158 1.000000000 0.000134562 -0.000964359 0.000171430 -0.000134587 1.000000000 -0.005144780
1.000000000 -0.000117085 -0.000054103 0.001269627 0.000117088 1.000000000 0.000069627 -0.000213731 0.000054095 -0.000069633 1.000000000 -0.002837667
1.000000000 -0.000038075 -0.000076530 0.001972521 0.000038078 1.000000000 0.000030518 -0.000081077 0.000076529 -0.000030520 1.000000000 -0.000289569
1.000000000 -0.000028853 -0.000123404 0.002040994 0.000028868 1.000000000 0.000122273 -0.000763574 0.000123401 -0.000122277 1.000000000 -0.003382341
0.999999940 -0.000224802 -0.000139539 0.001383077 0.000224813 1.000000000 0.000077728 -0.000351836 0.000139522 -0.000077760 1.000000000 -0.003413824
1.000000000 -0.000188344 -0.000112682 0.000971770 0.000188355 1.000000000 0.000095723 0.000236701 0.000112664 -0.000095744 1.000000000 0.001027470
1.000000000 -0.000197178 -0.000111441 0.000172876 0.000197190 1.000000000 0.000101556 -0.001469695 0.000111421 -0.000101578 1.000000000 -0.003121179
1.000000000 -0.000061080 -0.000156968 0.003257058 0.000061097 1.000000000 0.000107884 -0.000470869 0.000156961 -0.000107893 1.000000000 -0.001711720
1.000000000 -0.000108287 -0.000165569 0.003285226 0.000108299 1.000000000 0.000073686 -0.000860721 0.000165561 -0.000073704 1.000000000 -0.001389297
0.999999940 -0.000193260 -0.000183670 0.002809074 0.000193285 1.000000000 0.000131908 -0.001268403 0.000183644 -0.000131944 1.000000000 -0.005245461
1.000000000 -0.000155161 -0.000188235 0.002678472 0.000155176 1.000000000 0.000080766 0.000358623 0.000188222 -0.000080795 1.000000000 -0.001485475
1.000000000 -0.000144468 -0.000140742 0.002772352 0.000144476 1.000000000 0.000059035 0.000216386 0.000140734 -0.000059056 1.000000000 -0.003147243
0.999999940 -0.000229555 -0.000160328 0.003360006 0.000229571 0.999999940 0.000102197 -0.000661755 0.000160305 -0.000102234 1.000000000 -0.003834391
0.999999940 -0.000218224 -0.000109705 0.000290901 0.000218232 1.000000000 0.000073789 -0.000861825 0.000109689 -0.000073813 1.000000000 -0.002810384
1.000000000 -0.000058713 -0.000191033 0.002697791 0.000058741 1.000000000 0.000142645 -0.000919805 0.000191025 -0.000142657 1.000000000 -0.003340748
0.999999940 -0.000230215 -0.000199755 0.004245635 0.000230238 0.999999940 0.000113028 -0.000931431 0.000199729 -0.000113074 1.000000000 -0.003164458
0.999999940 -0.000173312 -0.000208955 0.003495584 0.000173338 1.000000000 0.000125063 -0.000694292 0.000208933 -0.000125099 1.000000000 -0.002703753
1.000000000 -0.000166255 -0.000147407 0.002417988 0.000166271 1.000000000 0.000104845 -0.000358771 0.000147390 -0.000104869 1.000000000 -0.004621272
1.000000000 -0.000095650 -0.000142592 0.002875407 0.000095660 1.000000000 0.000067346 -0.001147362 0.000142585 -0.000067360 1.000000000 -0.003194775
1.000000000 -0.000114299 -0.000129552 0.002481262 0.000114311 1.000000000 0.000092910 -0.000666297 0.000129541 -0.000092925 1.000000000 -0.001524222
0.999999940 -0.000195310 -0.000154430 0.002083858 0.000195333 0.999999940 0.000146970 -0.001604987 0.000154401 -0.000147000 1.000000000 -0.004952271
0.999999940 -0.000201123 -0.000217551 0.003205602 0.000201142 1.000000000 0.000089279 0.000228148 0.000217533 -0.000089323 1.000000000 -0.002534804
0.999999940 -0.000199338 -0.000198163 0.004070189 0.000199364 1.000000000 0.000132550 0.000327529 0.000198137 -0.000132589 1.000000000 -0.004541819
1.000000000 -0.000150269 -0.000114437 0.001117702 0.000150279 1.000000000 0.000083629 -0.000336385 0.000114425 -0.000083646 1.000000000 -0.003521050
1.000000000 -0.000156940 -0.000185217 0.002344269 0.000156968 1.000000000 0.000153467 -0.000733973 0.000185193 -0.000153496 1.000000000 -0.004515387
0.999999940 -0.000169841 -0.000208483 0.005024510 0.000169857 1.000000000 0.000080286 -0.001926241 0.000208470 -0.000080321 1.000000000 -0.001588705
1.000000000 -0.000213180 -0.000020453 0.001114102 0.000213169 0.999999821 -0.000528977 -0.002538160 0.000020566 0.000528973 0.999999881 0.051037099
1.000000000 -0.000023600 -0.000154148 0.003418238 0.000023430 0.999999404 -0.001107226 -0.004391631 0.000154174 0.001107223 0.999999404 0.141683832
1.000000000 -0.000136109 -0.000071256 0.004046120 0.000136005 0.999998927 -0.001466376 -0.007804561 0.000071455 0.001466366 0.999998927 0.258817762
1.000000000 -0.000119380 -0.000044377 0.006478221 0.000119319 0.999999046 -0.001374736 -0.011194656 0.000044541 0.001374730 0.999999046 0.393614173
1.000000000 -0.000004068 -0.000129445 0.009759040 0.000003919 0.999999344 -0.001148246 -0.018374695 0.000129450 0.001148246 0.999999344 0.529495537
1.000000000 0.000048447 -0.000067024 0.012167123 -0.000048522 0.999999344 -0.001121378 -0.020935470 0.000066969 0.001121381 0.999999344 0.686479867
1.000000000 -0.000039061 0.000095256 0.015176536 0.000039147 0.999999583 -0.000898501 -0.025310170 -0.000095221 0.000898505 0.999999583 0.846039832
0.999999940 0.000311093 0.000207354 0.011715278 -0.000310929 0.999999642 -0.000794488 -0.025324455 -0.000207601 0.000794424 0.999999642 1.028146863
1.000000000 0.000063913 -0.000210483 0.026645083 -0.000064032 0.999999821 -0.000563665 -0.038332362 0.000210447 0.000563679 0.999999821 1.188663363
1.000000000 0.000039225 -0.000024436 0.027832247 -0.000039231 0.999999940 -0.000276517 -0.040938050 0.000024426 0.000276518 0.999999940 1.365809441
0.999999821 -0.000286306 -0.000466991 0.017852111 0.000286327 0.999999940 0.000046242 -0.054492328 0.000466978 -0.000046376 0.999999881 1.530492902
0.999999940 -0.000364836 -0.000164738 0.017555881 0.000364851 0.999999940 0.000087813 -0.057963915 0.000164706 -0.000087873 0.999999940 1.727455735
0.999999702 -0.000616846 -0.000449614 0.027104240 0.000617054 0.999999762 0.000462559 -0.065580226 0.000449329 -0.000462836 0.999999821 1.931729555
0.999999940 -0.000354493 -0.000251877 0.026677506 0.000354631 0.999999821 0.000550130 -0.073110655 0.000251682 -0.000550220 0.999999821 2.142537832
0.999999940 0.000299058 -0.000057721 0.019307354 -0.000299042 0.999999881 0.000272368 -0.072019756 0.000057802 -0.000272351 0.999999881 2.359809160
0.999999940 0.000334247 -0.000249544 0.028354554 -0.000334211 0.999999940 0.000144848 -0.077278875 0.000249593 -0.000144765 0.999999940 2.580614805
1.000000000 0.000194931 0.000037872 0.029383335 -0.000194936 1.000000000 0.000135074 -0.084185749 -0.000037846 -0.000135082 1.000000000 2.817819595
1.000000000 0.000146627 0.000069638 0.036046889 -0.000146647 1.000000000 0.000293203 -0.091134198 -0.000069595 -0.000293213 0.999999940 3.039939642
1.000000000 0.000050821 0.000087930 0.037665837 -0.000050845 1.000000000 0.000271506 -0.096464127 -0.000087916 -0.000271510 0.999999940 3.290276289
0.999999940 0.000315299 0.000227077 0.039180893 -0.000315391 0.999999821 0.000405323 -0.117548697 -0.000226949 -0.000405394 0.999999821 3.521693707
0.999999821 0.000410892 0.000165977 0.045396924 -0.000411005 0.999999583 0.000682809 -0.125841573 -0.000165697 -0.000682877 0.999999702 3.769078970
0.999999762 0.000452333 0.000394745 0.045696385 -0.000452573 0.999999702 0.000608308 -0.132346869 -0.000394470 -0.000608486 0.999999762 4.038429260
0.999999225 0.000980762 0.000765430 0.043305140 -0.000981721 0.999998748 0.001253075 -0.137124315 -0.000764200 -0.001253826 0.999998868 4.297008514
0.999999881 0.000433679 0.000397840 0.052256729 -0.000434204 0.999999106 0.001321160 -0.146189198 -0.000397267 -0.001321332 0.999999046 4.552633286
0.999999464 0.000649355 0.000799560 0.055328302 -0.000650554 0.999998689 0.001500328 -0.152754113 -0.000798585 -0.001500847 0.999998510 4.807547569
0.999999523 0.000656659 0.000668313 0.062528461 -0.000657877 0.999998152 0.001823982 -0.162515879 -0.000667114 -0.001824420 0.999998093 5.071362019
0.999999404 0.000746519 0.000760358 0.065675460 -0.000747880 0.999998093 0.001791632 -0.171360925 -0.000759020 -0.001792200 0.999998093 5.349999428
0.999999106 0.000948804 0.000815842 0.071381688 -0.000950284 0.999997854 0.001815821 -0.180162013 -0.000814117 -0.001816595 0.999998033 5.621457100
0.999999285 0.001051338 0.000605656 0.076447412 -0.001052459 0.999997735 0.001853624 -0.185437769 -0.000603706 -0.001854260 0.999998093 5.895928383
0.999999344 0.000822669 0.000770859 0.078591108 -0.000824092 0.999997854 0.001847342 -0.198186532 -0.000769338 -0.001847976 0.999997973 6.175526619
0.999998868 0.001151422 0.001004670 0.084576435 -0.001153554 0.999997079 0.002123394 -0.208401322 -0.001002223 -0.002124551 0.999997258 6.448044777
0.999999642 0.000412514 0.000718760 0.099974297 -0.000414121 0.999997437 0.002237790 -0.228010565 -0.000717835 -0.002238087 0.999997199 6.708852291
0.999999702 0.000490808 0.000560097 0.109653808 -0.000492120 0.999997139 0.002344481 -0.237521291 -0.000558944 -0.002344756 0.999997079 7.005916595
0.999999821 0.000291443 0.000460751 0.118209451 -0.000292563 0.999997079 0.002431902 -0.249080092 -0.000460041 -0.002432036 0.999996960 7.292820454
0.999999642 0.000468311 0.000741804 0.127490476 -0.000470195 0.999996722 0.002542126 -0.259032995 -0.000740611 -0.002542474 0.999996483 7.594068527
0.999999583 0.000279853 0.000857720 0.132418245 -0.000282553 0.999995053 0.003149782 -0.276954472 -0.000856834 -0.003150024 0.999994695 7.925663948
0.999998510 0.001018101 0.001397922 0.122363575 -0.001021432 0.999996662 0.002383953 -0.286563605 -0.001395490 -0.002385376 0.999996185 8.242031097
0.999998629 0.000889803 0.001398323 0.135099873 -0.000893035 0.999996960 0.002312304 -0.297122687 -0.001396261 -0.002313550 0.999996364 8.561508179
0.999998331 0.001165412 0.001411888 0.139620826 -0.001168859 0.999996305 0.002443213 -0.302322537 -0.001409036 -0.002444859 0.999996006 8.898827553
0.999997914 0.001375045 0.001539054 0.143956229 -0.001378930 0.999995887 0.002525877 -0.313998818 -0.001535575 -0.002527994 0.999995649 9.239320755
0.999996722 0.001894259 0.001731421 0.151571557 -0.001899295 0.999993980 0.002911838 -0.340546101 -0.001725895 -0.002915117 0.999994278 9.569142342
0.999996245 0.002218567 0.001628658 0.164750308 -0.002223569 0.999992907 0.003075960 -0.351020992 -0.001621822 -0.003079569 0.999993980 9.908166885
0.999997497 0.001544570 0.001670271 0.169554204 -0.001549633 0.999994218 0.003033810 -0.359701306 -0.001665575 -0.003036390 0.999994040 10.277149200
0.999997020 0.001749560 0.001747127 0.179182589 -0.001755204 0.999993205 0.003233834 -0.369557232 -0.001741458 -0.003236891 0.999993265 10.640664101
0.999997675 0.001580658 0.001429958 0.191649228 -0.001585723 0.999992430 0.003548066 -0.382286221 -0.001424339 -0.003550326 0.999992669 11.013768196
0.999997675 0.001567386 0.001448933 0.202788606 -0.001572406 0.999992728 0.003469903 -0.393473655 -0.001443484 -0.003472174 0.999992847 11.386569977
0.999996126 0.002104183 0.001857053 0.207762048 -0.002111188 0.999990582 0.003778219 -0.401925802 -0.001849085 -0.003782124 0.999991179 11.782419205
0.999995947 0.002192219 0.001803338 0.217382774 -0.002199451 0.999989510 0.004017697 -0.417122662 -0.001794512 -0.004021647 0.999990284 12.147671700
0.999996901 0.001782406 0.001751130 0.232536212 -0.001788709 0.999991894 0.003604430 -0.428099573 -0.001744691 -0.003607551 0.999991953 12.562535286
0.999996483 0.001879922 0.001886029 0.237728581 -0.001886750 0.999991655 0.003624977 -0.437843174 -0.001879199 -0.003628523 0.999991655 12.968433380
0.999997556 0.001515781 0.001608780 0.258584589 -0.001522084 0.999991238 0.003923794 -0.454193443 -0.001602818 -0.003926233 0.999991059 13.342624664
0.999996066 0.001900147 0.002071389 0.258644491 -0.001908355 0.999990284 0.003967781 -0.462006390 -0.002063830 -0.003971718 0.999990046 13.774838448
0.999995649 0.002086311 0.002108074 0.280323058 -0.002095811 0.999987602 0.004514311 -0.481058002 -0.002098630 -0.004518710 0.999987543 14.160315514
0.999996185 0.001488581 0.002333838 0.277796775 -0.001498459 0.999989927 0.004236345 -0.520990014 -0.002327509 -0.004239826 0.999988317 14.552338600
0.999997079 0.000817622 0.002314180 0.291083872 -0.000827893 0.999989808 0.004441069 -0.532823443 -0.002310525 -0.004442972 0.999987483 14.966291428
0.999995291 0.001373869 0.002769468 0.296564162 -0.001386815 0.999988139 0.004677831 -0.546030402 -0.002763008 -0.004681649 0.999985218 15.413312912
0.999994695 0.001491969 0.002904401 0.311909616 -0.001506511 0.999986291 0.005011170 -0.570461154 -0.002896886 -0.005015519 0.999983251 15.807284355
0.999994934 0.001400118 0.002834580 0.325046450 -0.001414941 0.999985218 0.005234218 -0.583164454 -0.002827210 -0.005238202 0.999982357 16.251077652
0.999993742 0.001484359 0.003204622 0.338091612 -0.001501494 0.999984562 0.005351088 -0.597257495 -0.003196629 -0.005355867 0.999980569 16.690559387
0.999993145 0.001507327 0.003385990 0.347513914 -0.001526122 0.999983430 0.005555304 -0.619235158 -0.003377559 -0.005560432 0.999978840 17.146358490
0.999993026 0.001006262 0.003593686 0.359099746 -0.001026199 0.999984026 0.005550200 -0.628065586 -0.003588044 -0.005553850 0.999978185 17.613979340
0.999992251 0.001138467 0.003750975 0.376154035 -0.001160014 0.999982834 0.005747128 -0.642252266 -0.003744368 -0.005751434 0.999976456 18.072938919
0.999991417 0.000609696 0.004115585 0.387948304 -0.000633617 0.999982953 0.005813513 -0.653430700 -0.004111969 -0.005816071 0.999974608 18.543191910
0.999991655 0.000336647 0.004064783 0.385933101 -0.000363261 0.999978483 0.006548363 -0.692060471 -0.004062491 -0.006549785 0.999970317 18.939397812
0.999992490 0.000461151 0.003835867 0.403642386 -0.000487145 0.999976873 0.006778227 -0.703823924 -0.003832652 -0.006780045 0.999969661 19.420015335
0.999990284 0.001446403 0.004154868 0.411190927 -0.001475889 0.999973655 0.007102257 -0.718858659 -0.004144486 -0.007108320 0.999966204 19.908100128
0.999988854 0.001341139 0.004503555 0.422399640 -0.001372648 0.999974549 0.007000623 -0.722514272 -0.004494052 -0.007006727 0.999965370 20.399656296
0.999993801 0.000367753 0.003494473 0.442003399 -0.000391753 0.999976337 0.006869852 -0.751563191 -0.003491864 -0.006871178 0.999970317 20.838357925
0.999995768 0.000057202 0.002921611 0.450268775 -0.000077035 0.999976933 0.006788575 -0.757826090 -0.002921155 -0.006788770 0.999972701 21.350570679
0.999996841 -0.000126518 0.002528690 0.452839851 0.000108580 0.999974787 0.007092502 -0.775528967 -0.002529524 -0.007092205 0.999971688 21.844547272
0.999996543 0.000202129 0.002622947 0.463071167 -0.000221071 0.999973893 0.007223366 -0.780876875 -0.002621418 -0.007223922 0.999970436 22.357595444
0.999997735 0.000360309 0.002102942 0.480944753 -0.000375998 0.999972045 0.007464977 -0.810174823 -0.002100194 -0.007465751 0.999969900 22.812986374
0.999999225 0.000140897 0.001225864 0.493746758 -0.000150078 0.999971867 0.007492543 -0.825219750 -0.001224774 -0.007492721 0.999971092 23.337965012
0.999999464 -0.000822076 0.000675517 0.506084621 0.000816863 0.999970138 0.007681061 -0.842053771 -0.000681811 -0.007680506 0.999970257 23.831644058
0.999999583 0.000589131 0.000689322 0.510545790 -0.000594360 0.999970853 0.007610526 -0.848394752 -0.000684819 -0.007610933 0.999970734 24.356004715
0.999999881 0.000327322 -0.000352539 0.526191831 -0.000324510 0.999968350 0.007945983 -0.860680819 0.000355129 -0.007945867 0.999968290 24.884981155
0.999999106 0.000787530 -0.001068523 0.530557275 -0.000778940 0.999967515 0.008016577 -0.873798370 0.001074802 -0.008015737 0.999967217 25.382610321
0.999998808 0.000444722 -0.001478418 0.541112661 -0.000432548 0.999966085 0.008224716 -0.885609806 0.001482025 -0.008224066 0.999965072 25.937425613
0.999998629 -0.000187758 -0.001645774 0.541583061 0.000202254 0.999961138 0.008812518 -0.899264812 0.001644055 -0.008812838 0.999959826 26.449150085
0.999997199 0.000208173 -0.002368278 0.559911489 -0.000187359 0.999961376 0.008785429 -0.914249957 0.002370015 -0.008784959 0.999958634 27.004415512
0.999996483 0.000604120 -0.002592240 0.556193769 -0.000581964 0.999963284 0.008539421 -0.924755633 0.002597304 -0.008537881 0.999960184 27.521152496
0.999994993 0.000613386 -0.003110388 0.564323723 -0.000587297 0.999964654 0.008381635 -0.931838155 0.003115419 -0.008379767 0.999960065 28.068237305
0.999993324 0.000543753 -0.003636863 0.576725602 -0.000511525 0.999960661 0.008856719 -0.955686510 0.003641536 -0.008854800 0.999954164 28.628696442
0.999993205 0.000340438 -0.003674754 0.592286170 -0.000307938 0.999960840 0.008841168 -0.966911316 0.003677620 -0.008839975 0.999954164 29.114942551
0.999991059 0.000428857 -0.004231075 0.601013541 -0.000390477 0.999958813 0.009067611 -0.981760025 0.004234789 -0.009065876 0.999949932 29.642061234
0.999990702 0.000431178 -0.004295299 0.610013008 -0.000393507 0.999961615 0.008767445 -0.990839958 0.004298914 -0.008765673 0.999952316 30.179708481
0.999989748 0.000202711 -0.004522113 0.617116392 -0.000163375 0.999962211 0.008697431 -0.998831868 0.004523705 -0.008696603 0.999951899 30.724864960
0.999988139 -0.000121273 -0.004883322 0.631910682 0.000163331 0.999962986 0.008613041 -1.010274053 0.004882097 -0.008613735 0.999950945 31.268304825
0.999988079 0.000236398 -0.004876812 0.642968178 -0.000191067 0.999956787 0.009293486 -1.036757112 0.004878798 -0.009292442 0.999944925 31.832710266
0.999985516 -0.000116132 -0.005384701 0.651663363 0.000168901 0.999951959 0.009800284 -1.067166328 0.005383306 -0.009801052 0.999937475 32.304687500
0.999983191 -0.000162244 -0.005804785 0.658203185 0.000219850 0.999950707 0.009924700 -1.077481508 0.005802889 -0.009925809 0.999933898 32.852825165
0.999984264 0.000431777 -0.005607010 0.653106332 -0.000377127 0.999952435 0.009744117 -1.082439423 0.005610952 -0.009741847 0.999936819 33.401615143
0.999981880 0.000082350 -0.006027109 0.666408420 -0.000023336 0.999952078 0.009790729 -1.093480945 0.006027628 -0.009790409 0.999933958 33.931953430
0.999981761 -0.000467179 -0.006014341 0.679546356 0.000527981 0.999948800 0.010111981 -1.119613767 0.006009310 -0.010114974 0.999930799 34.431671143
0.999980390 -0.000003554 -0.006262871 0.676697731 0.000069288 0.999944925 0.010495592 -1.157768965 0.006262488 -0.010495821 0.999925256 34.947994232
0.999979496 -0.000238445 -0.006392900 0.683977425 0.000302330 0.999950051 0.009994032 -1.160956144 0.006390197 -0.009995759 0.999929667 35.506015778
0.999978483 0.000617310 -0.006531726 0.684978485 -0.000550267 0.999947250 0.010260956 -1.180628657 0.006537715 -0.010257143 0.999926031 36.022193909
0.999980628 0.000446848 -0.006219354 0.687161624 -0.000379634 0.999941587 0.010804253 -1.191557050 0.006223819 -0.010801681 0.999922276 36.563880920
0.999978423 0.000094806 -0.006565397 0.695781469 -0.000023185 0.999940515 0.010908036 -1.201827049 0.006566040 -0.010907649 0.999918997 37.134830475
0.999973178 -0.000850825 -0.007272903 0.710350156 0.000934283 0.999933660 0.011479626 -1.243586540 0.007262655 -0.011486113 0.999907672 37.648479462
0.999971628 -0.000440746 -0.007529745 0.716163456 0.000527016 0.999934196 0.011459178 -1.248424292 0.007524199 -0.011462818 0.999906063 38.201900482
0.999967515 -0.001105283 -0.007974764 0.735802889 0.001198301 0.999931157 0.011668633 -1.260771513 0.007961318 -0.011677808 0.999900103 38.726562500
0.999966085 -0.001238867 -0.008137669 0.742780805 0.001335007 0.999929249 0.011819453 -1.268499255 0.008122451 -0.011829917 0.999897003 39.261680603
0.999964893 -0.001304814 -0.008270035 0.778347969 0.001407750 0.999921501 0.012453238 -1.293459177 0.008253137 -0.012464441 0.999888301 39.834293365
0.999966204 -0.001841838 -0.008013727 0.754383147 0.001941667 0.999920368 0.012467319 -1.325504661 0.007990126 -0.012482457 0.999890149 40.333778381
0.999966085 -0.001163913 -0.008149200 0.763562441 0.001266000 0.999920666 0.012533376 -1.332388401 0.008133966 -0.012543269 0.999888182 40.884124756
0.999961734 -0.001481835 -0.008622456 0.780203342 0.001590661 0.999918997 0.012628119 -1.347888947 0.008603046 -0.012641350 0.999883115 41.426692963
0.999953389 -0.002853381 -0.009230141 0.798972249 0.002974171 0.999909759 0.013099329 -1.353983879 0.009191931 -0.013126169 0.999871492 41.961856842
0.999958158 -0.002516629 -0.008797384 0.799208164 0.002632748 0.999909222 0.013212668 -1.358215570 0.008763334 -0.013235277 0.999873996 42.468788147
0.999956429 -0.002409684 -0.009017028 0.788799763 0.002527302 0.999911547 0.013055366 -1.386403680 0.008984772 -0.013077588 0.999874115 43.006385803
0.999958158 -0.002218867 -0.008870701 0.794110656 0.002334942 0.999911427 0.013096293 -1.397202015 0.008840856 -0.013116457 0.999874890 43.535972595
0.999958098 -0.002106486 -0.008919043 0.796383619 0.002222305 0.999913096 0.012995663 -1.404944420 0.008890893 -0.013014939 0.999875784 44.075969696
0.999961078 -0.001394316 -0.008714355 0.802090287 0.001502745 0.999921441 0.012448486 -1.410859823 0.008696313 -0.012461097 0.999884546 44.626094818
0.999956131 -0.002170831 -0.009114434 0.819041908 0.002291885 0.999909043 0.013292111 -1.426995039 0.009084751 -0.013312419 0.999870062 45.139751434
0.999951005 -0.002568453 -0.009557645 0.818937898 0.002698860 0.999903083 0.013656412 -1.434922457 0.009521644 -0.013681538 0.999861062 45.706752777
0.999949932 -0.003003941 -0.009541784 0.835808754 0.003140610 0.999892175 0.014340674 -1.462724209 0.009497677 -0.014369924 0.999851644 46.232986450
0.999954283 -0.002541516 -0.009212507 0.818160772 0.002667161 0.999903202 0.013651925 -1.473297596 0.009176918 -0.013675874 0.999864340 46.731788635
0.999955058 -0.002242041 -0.009209178 0.824583709 0.002363879 0.999909580 0.013240612 -1.476149797 0.009178659 -0.013261787 0.999869943 47.282821655
0.999955177 -0.002726455 -0.009068742 0.828735709 0.002851790 0.999900162 0.013836395 -1.494645119 0.009030114 -0.013861638 0.999863148 47.772224426
0.999951601 -0.002960862 -0.009381251 0.840885580 0.003088678 0.999902248 0.013639572 -1.501781940 0.009339949 -0.013667889 0.999862909 48.321598053
0.999952912 -0.002701507 -0.009323358 0.843782365 0.002834055 0.999894679 0.014232899 -1.520283580 0.009283927 -0.014258651 0.999855220 48.833667755
0.999952674 -0.002598266 -0.009383160 0.844268322 0.002728341 0.999899983 0.013876447 -1.514754057 0.009346167 -0.013901390 0.999859691 49.407649994
0.999951303 -0.002778311 -0.009469482 0.853155255 0.002912176 0.999895573 0.014152124 -1.537290215 0.009429174 -0.014179010 0.999855042 49.883869171
0.999953389 -0.002586432 -0.009299466 0.853075624 0.002717750 0.999896348 0.014136272 -1.543305635 0.009261941 -0.014160885 0.999856889 50.429172516
0.999951720 -0.002757870 -0.009423786 0.860545754 0.002895178 0.999889374 0.014587848 -1.557310820 0.009382512 -0.014614427 0.999849141 50.936450958
0.999946773 -0.003158711 -0.009818070 0.888591707 0.003291739 0.999902666 0.013562815 -1.549524546 0.009774270 -0.013594411 0.999859869 51.514354706
0.999949872 -0.002933854 -0.009586439 0.877628207 0.003075261 0.999886215 0.014769389 -1.576219082 0.009542017 -0.014798128 0.999844968 52.005451202
0.999949038 -0.003094801 -0.009602779 0.879351795 0.003235541 0.999887049 0.014675459 -1.584683657 0.009556277 -0.014705783 0.999846220 52.543113708
0.999949813 -0.002817621 -0.009614488 0.884415984 0.002958653 0.999887824 0.014686147 -1.593747377 0.009572029 -0.014713856 0.999845862 53.104103088
0.999948800 -0.002945855 -0.009682580 0.897703409 0.003090041 0.999884069 0.014910233 -1.607086778 0.009637535 -0.014939387 0.999841928 53.584194183
0.999949574 -0.002889317 -0.009616145 0.909029901 0.003026732 0.999893129 0.014306262 -1.587606907 0.009573780 -0.014334646 0.999851406 54.198265076
0.999950945 -0.002647937 -0.009535477 0.908008218 0.002789214 0.999886096 0.014833223 -1.626779795 0.009495115 -0.014859092 0.999844432 54.640102386
0.999948561 -0.002818055 -0.009746661 0.902700782 0.002963864 0.999883413 0.014977986 -1.627543330 0.009703320 -0.015006101 0.999840319 55.245571136
0.999951601 -0.003223497 -0.009287888 0.914629519 0.003368435 0.999872148 0.015631922 -1.649909139 0.009236312 -0.015662452 0.999834597 55.736347198
0.999953210 -0.003027949 -0.009179280 0.913781822 0.003168775 0.999876916 0.015366147 -1.657076120 0.009131623 -0.015394515 0.999839664 56.303131104
0.999957681 -0.002905101 -0.008716663 0.910807669 0.003039733 0.999875724 0.015472093 -1.682478189 0.008670633 -0.015497935 0.999842227 56.824241638
0.999953866 -0.002537895 -0.009264995 0.939588010 0.002678955 0.999880195 0.015244568 -1.680986404 0.009225196 -0.015268684 0.999840856 57.293655396
0.999945760 -0.003547075 -0.009784139 0.941662490 0.003688074 0.999889016 0.014430762 -1.638411164 0.009731865 -0.014466065 0.999847949 57.945907593
0.999953687 -0.002389768 -0.009319059 0.951800108 0.002531359 0.999881029 0.015211622 -1.692633748 0.009281598 -0.015234509 0.999840856 58.349094391
0.999954104 -0.002576997 -0.009227080 0.960750580 0.002722147 0.999872208 0.015753103 -1.711246371 0.009185305 -0.015777498 0.999833345 58.910873413
0.999955952 -0.002495588 -0.009048263 0.959773004 0.002636530 0.999874771 0.015598346 -1.710046530 0.009008204 -0.015621516 0.999837399 59.441371918
0.999955177 -0.002443920 -0.009144120 0.973347008 0.002580823 0.999884307 0.014989955 -1.726495743 0.009106428 -0.015012883 0.999845803 59.914764404
0.999947667 -0.002580516 -0.009900089 1.010028839 0.002730857 0.999880672 0.015202527 -1.682078004 0.009859677 -0.015228766 0.999835312 60.552360535
0.999950171 -0.002483977 -0.009665915 0.996697247 0.002633187 0.999877036 0.015454731 -1.753806114 0.009626337 -0.015479412 0.999833822 60.982929230
0.999955833 -0.002236989 -0.009115341 0.998874843 0.002374054 0.999883890 0.015053742 -1.760152102 0.009080607 -0.015074719 0.999845088 61.542011261
0.999956191 -0.002215406 -0.009083466 1.003799915 0.002351578 0.999884605 0.015007929 -1.772834539 0.009049169 -0.015028633 0.999846101 62.050155640
0.999963164 -0.001293583 -0.008480086 0.961787641 0.001420520 0.999886811 0.014979813 -1.796329498 0.008459749 -0.014991309 0.999851763 62.549083710
0.999960303 -0.002013757 -0.008683227 0.957375944 0.002142764 0.999887049 0.014873407 -1.810991287 0.008652296 -0.014891420 0.999851584 63.204109192
0.999958932 -0.001292108 -0.008968476 0.988534331 0.001438346 0.999865830 0.016318526 -1.835045815 0.008946187 -0.016330754 0.999826550 63.631576538
0.999956250 -0.001699322 -0.009191918 0.998877227 0.001845412 0.999871790 0.015908258 -1.839601755 0.009163707 -0.015924528 0.999831140 64.181999207
0.999954581 -0.002068986 -0.009297620 1.010572672 0.002219151 0.999866843 0.016169779 -1.848400235 0.009262926 -0.016189678 0.999825954 64.728187561
0.999954164 -0.001962069 -0.009369977 1.019987345 0.002111142 0.999870896 0.015926290 -1.853844762 0.009337520 -0.015945341 0.999829233 65.251121521
0.999958396 -0.001647908 -0.008966330 1.013633251 0.001791326 0.999870121 0.016010761 -1.865500212 0.008938780 -0.016026156 0.999831557 65.756256104
0.999960363 -0.001155170 -0.008830926 1.030833960 0.001300859 0.999862790 0.016509738 -1.880815387 0.008810641 -0.016520569 0.999824703 66.258468628
0.999956787 -0.001492754 -0.009182244 1.048891187 0.001640213 0.999869466 0.016072636 -1.893486738 0.009157052 -0.016087003 0.999828637 66.787193298
0.999960124 -0.000887171 -0.008889791 1.051907539 0.001032803 0.999865115 0.016390765 -1.897967458 0.008874049 -0.016399289 0.999826133 67.317955017
0.999963939 -0.000715392 -0.008473361 1.041512012 0.000854049 0.999865532 0.016371509 -1.898566365 0.008460511 -0.016378153 0.999830067 67.890937805
0.999960959 -0.001018924 -0.008775037 1.042775393 0.001160266 0.999869406 0.016117306 -1.899278045 0.008757467 -0.016126858 0.999831617 68.436813354
0.999959409 -0.000629382 -0.008985098 1.070286274 0.000778441 0.999861956 0.016595675 -1.930838585 0.008973414 -0.016601995 0.999821901 68.886741638
0.999956489 -0.001175974 -0.009252002 1.074766040 0.001329943 0.999860466 0.016653147 -1.934763074 0.009231129 -0.016664727 0.999818504 69.450119019
0.999956727 -0.001581148 -0.009160544 1.072860718 0.001728918 0.999868155 0.016145628 -1.933519602 0.009133806 -0.016160768 0.999827683 70.005027771
0.999952793 -0.001335438 -0.009622674 1.085489988 0.001492869 0.999864876 0.016371794 -1.946493149 0.009599512 -0.016385384 0.999819636 70.579025269
0.999958754 -0.001223457 -0.008997494 1.089366436 0.001367707 0.999870300 0.016043624 -1.958256602 0.008976704 -0.016055269 0.999830782 71.102615356
0.999966323 -0.000070768 -0.008207455 1.077694654 0.000205857 0.999864519 0.016459564 -1.970673442 0.008205180 -0.016460698 0.999830842 71.580619812
0.999963760 -0.000013033 -0.008514266 1.084989548 0.000155407 0.999860168 0.016721398 -1.973682642 0.008512856 -0.016722109 0.999823868 72.132011414
0.999964654 -0.000274899 -0.008399897 1.093096733 0.000411765 0.999867141 0.016296418 -1.984451056 0.008394302 -0.016299300 0.999831855 72.644172668
0.999965608 -0.000883083 -0.008240676 1.091422081 0.001015140 0.999870956 0.016034618 -1.990339279 0.008225452 -0.016042434 0.999837458 73.177719116
0.999968290 -0.000124122 -0.007959072 1.082133532 0.000249943 0.999875009 0.015809415 -1.993674994 0.007956116 -0.015810903 0.999843299 73.709510803
0.999967396 -0.000397370 -0.008062642 1.100327492 0.000525772 0.999872923 0.015929649 -2.009612560 0.008055286 -0.015933370 0.999840558 74.183471680
0.999966502 -0.000441908 -0.008165042 1.100176811 0.000573574 0.999869704 0.016130311 -2.016682148 0.008156850 -0.016134456 0.999836504 74.732238770
0.999966681 -0.000056200 -0.008166558 1.116782427 0.000192586 0.999860525 0.016700773 -2.033032894 0.008164480 -0.016701793 0.999827147 75.254463196
0.999966800 -0.000270113 -0.008153122 1.124651551 0.000406974 0.999858856 0.016789345 -2.043282032 0.008147438 -0.016792104 0.999825835 75.775558472
0.999964476 -0.000155168 -0.008425530 1.132895470 0.000295548 0.999861121 0.016662521 -2.047881126 0.008421776 -0.016664419 0.999825656 76.309310913
0.999972105 0.000306291 -0.007463350 1.132305980 -0.000186511 0.999871254 0.016044514 -2.049069405 0.007467305 -0.016042674 0.999843419 76.869049072
0.999966502 -0.000552613 -0.008160874 1.146815181 0.000687821 0.999862313 0.016574284 -2.058456421 0.008150592 -0.016579343 0.999829292 77.358085632
0.999966681 -0.000119550 -0.008162502 1.153335333 0.000255457 0.999861240 0.016651228 -2.068628073 0.008159379 -0.016652759 0.999827981 77.886016846
0.999967575 -0.000071913 -0.008049848 1.164496183 0.000204561 0.999864221 0.016478756 -2.074126959 0.008047570 -0.016479868 0.999831796 78.416229248
0.999970615 -0.000079973 -0.007665491 1.170848250 0.000205526 0.999865830 0.016379643 -2.077172756 0.007663152 -0.016380737 0.999836445 78.956436157
0.999980509 -0.000021797 -0.006239210 1.173391461 0.000123119 0.999868035 0.016239740 -2.082915306 0.006238033 -0.016240193 0.999848604 79.497085571
0.999988616 0.000176546 -0.004753700 1.183270097 -0.000097705 0.999862432 0.016580347 -2.092362881 0.004755974 -0.016579695 0.999851227 80.051292419
0.999992490 -0.000655550 -0.003823904 1.205909252 0.000717362 0.999868751 0.016185710 -2.093094349 0.003812792 -0.016188331 0.999861717 80.570213318
0.999999881 -0.000315015 -0.000409128 1.222511530 0.000321476 0.999873757 0.015889086 -2.102472067 0.000404071 -0.015889216 0.999873757 81.112594604
0.999994040 -0.000499030 0.003436927 1.254916787 0.000441772 0.999861419 0.016640492 -2.124380350 -0.003444755 -0.016638873 0.999855638 81.625488281
0.999976754 0.000138887 0.006815141 1.247548819 -0.000250490 0.999865770 0.016377620 -2.125588179 -0.006811954 -0.016378945 0.999842644 82.219734192
0.999939144 -0.000650654 0.011012043 1.277725816 0.000473882 0.999871016 0.016047552 -2.133445740 -0.011021065 -0.016041355 0.999810576 82.770866394
0.999842882 -0.000098787 0.017725023 1.300255775 -0.000190246 0.999867082 0.016304091 -2.137416840 -0.017724281 -0.016304903 0.999709904 83.298912048
0.999735117 -0.000771716 0.023003113 1.336347938 0.000391379 0.999863207 0.016534111 -2.149244308 -0.023012729 -0.016520726 0.999598682 83.843620300
0.999581277 0.000143056 0.028932611 1.357340574 -0.000598740 0.999875844 0.015741779 -2.144107819 -0.028926767 -0.015752509 0.999457419 84.363380432
0.999328792 -0.000305481 0.036631688 1.402610540 -0.000280190 0.999872208 0.015981900 -2.149470806 -0.036631890 -0.015981436 0.999201000 84.953796387
0.999006808 -0.000751568 0.044551399 1.444393396 0.000048699 0.999875486 0.015775565 -2.163017273 -0.044557713 -0.015757727 0.998882473 85.436988831
0.998682737 -0.001086335 0.051300198 1.487733364 0.000291668 0.999879897 0.015495485 -2.164425373 -0.051310871 -0.015460107 0.998562992 85.978157043
0.998193264 -0.000909121 0.060077947 1.546838045 -0.000040316 0.999875188 0.015800307 -2.174341679 -0.060084809 -0.015774183 0.998068571 86.517219543
0.997545838 -0.001549466 0.069998898 1.609027386 0.000429701 0.999871671 0.016009122 -2.185335636 -0.070014730 -0.015939754 0.997418523 87.067192078
0.996897995 -0.001702908 0.078685857 1.672717094 0.000473882 0.999877632 0.015635438 -2.189380646 -0.078702852 -0.015549649 0.996776819 87.619697571
0.996251106 -0.002005683 0.086485416 1.737540722 0.000682517 0.999882340 0.015326156 -2.197462320 -0.086505987 -0.015209675 0.996135175 88.162475586
0.995289505 -0.001992700 0.096926875 1.829654694 0.000462366 0.999874890 0.015808441 -2.211388588 -0.096946254 -0.015689159 0.995165944 88.664077759
0.994221270 -0.002775740 0.107313156 1.914616108 0.001094626 0.999875784 0.015721224 -2.219049931 -0.107343465 -0.015512912 0.994100988 89.206146240
0.993173420 -0.002522796 0.116619281 2.000364304 0.000684938 0.999875009 0.015796861 -2.224666119 -0.116644546 -0.015609145 0.993051052 89.769081116
0.991803288 -0.002509282 0.127749205 2.091423035 0.000468340 0.999871790 0.016003691 -2.222516060 -0.127773002 -0.015812684 0.991677403 90.325256348
0.990176141 -0.002689880 0.139799178 2.187431335 0.000447404 0.999870718 0.016069653 -2.239072800 -0.139824331 -0.015849238 0.990049481 90.843307495
0.988641262 -0.003775122 0.150246531 2.298095703 0.001382687 0.999870598 0.016024675 -2.248654604 -0.150287598 -0.015634909 0.988518715 91.374153137
0.986997008 -0.003524296 0.160700142 2.413278580 0.001020444 0.999876857 0.015660768 -2.249528646 -0.160735548 -0.015293145 0.986879051 91.940132141
0.984824121 -0.003970564 0.173510000 2.537833214 0.001235915 0.999873400 0.015865959 -2.252566814 -0.173551008 -0.015410736 0.984704316 92.455528259
0.982598543 -0.004342423 0.185690925 2.654807091 0.001381129 0.999869883 0.016073821 -2.269641399 -0.185736522 -0.015537651 0.982476711 92.993980408
0.980645776 -0.004993515 0.195726469 2.783431053 0.001928222 0.999872565 0.015848525 -2.273825645 -0.195780665 -0.015164388 0.980530381 93.527191162
0.977951407 -0.005041286 0.208771765 2.923030853 0.001726730 0.999869585 0.016055675 -2.283624172 -0.208825484 -0.015341177 0.977832556 94.053627014
0.974920213 -0.005219398 0.222493529 3.063638687 0.001692702 0.999869943 0.016038533 -2.288950920 -0.222548306 -0.015259675 0.974802256 94.586593628
0.972299993 -0.005301340 0.233676180 3.211160660 0.001569393 0.999868274 0.016153641 -2.297555923 -0.233731031 -0.015339456 0.972180307 95.113838196
0.969298720 -0.006148515 0.245809317 3.380592346 0.002237281 0.999866486 0.016187757 -2.307401657 -0.245876014 -0.015140828 0.969183028 95.655746460
0.965830326 -0.006527991 0.259093285 3.551107407 0.002259625 0.999856889 0.016768640 -2.319635630 -0.259165645 -0.015610207 0.965706706 96.169128418
0.962495446 -0.007104801 0.271205187 3.728479385 0.002829589 0.999865651 0.016151534 -2.322874546 -0.271283478 -0.014778378 0.962386072 96.682197571
0.959133804 -0.006912823 0.282868534 3.925819397 0.002526160 0.999870837 0.015869582 -2.325325012 -0.282941729 -0.014506479 0.959027410 97.258392334
0.955018580 -0.007300814 0.296455979 4.102348328 0.002684969 0.999868751 0.015974250 -2.311145067 -0.296533674 -0.014459729 0.954912961 97.776458740
0.950696230 -0.007930034 0.310022563 4.326698303 0.003113719 0.999866664 0.016027141 -2.335648060 -0.310108334 -0.014271620 0.950594008 98.310783386
0.946855783 -0.008471083 0.321546823 4.523712158 0.003502783 0.999865353 0.016026637 -2.339129448 -0.321639329 -0.014048604 0.946758032 98.832389832
0.942500412 -0.008970660 0.334084392 4.734344482 0.003763923 0.999861121 0.016229177 -2.348714352 -0.334183663 -0.014038541 0.942403376 99.346992493
0.937445998 -0.008966605 0.348015249 4.950586319 0.003521097 0.999861300 0.016276661 -2.356954098 -0.348112881 -0.014033093 0.937347591 99.861526489
0.932883143 -0.009832806 0.360044926 5.176292419 0.004165930 0.999854922 0.016511979 -2.363621712 -0.360155135 -0.013903823 0.932788849 100.373039246
0.928784370 -0.010125749 0.370482117 5.401540756 0.004510171 0.999861479 0.016020661 -2.363198757 -0.370593041 -0.013208804 0.928701341 100.883079529
0.923255980 -0.009964766 0.384056151 5.631040573 0.004064835 0.999861002 0.016170805 -2.367079258 -0.384163916 -0.013368668 0.923168123 101.379615784
0.917596221 -0.010390547 0.397377819 5.860458374 0.004178494 0.999855220 0.016495315 -2.374182224 -0.397491634 -0.013475599 0.917506874 101.862785339
0.912703156 -0.010878910 0.408478677 6.115829468 0.004626774 0.999856532 0.016290894 -2.383003712 -0.408597350 -0.012978806 0.912622452 102.347618103
0.906469405 -0.011260519 0.422121525 6.372989655 0.004761933 0.999853373 0.016446266 -2.385599136 -0.422244936 -0.012897922 0.906390011 102.841392517
0.899771094 -0.011244432 0.436217368 6.639835358 0.004547554 0.999855280 0.016393306 -2.390830517 -0.436338544 -0.012766504 0.899691999 103.324905396
0.893933177 -0.011986404 0.448040187 6.910499573 0.005090690 0.999849379 0.016591953 -2.401467800 -0.448171556 -0.012551263 0.893859446 103.795005798
0.888217986 -0.012085915 0.459263206 7.187858582 0.004976967 0.999848366 0.016686400 -2.403158188 -0.459395260 -0.012535423 0.888143480 104.292808533
0.881059766 -0.012861341 0.472830087 7.465961456 0.005600855 0.999843836 0.016760027 -2.409581900 -0.472971767 -0.012118334 0.880994260 104.763626099
