1.000000000 0.000000000 0.000000000 0.000000000 0.000000000 1.000000000 0.000000000 0.000000000 0.000000000 0.000000000 1.000000000 0.000000000
1.000000000 0.000087453 0.000039148 -0.000122674 -0.000087453 1.000000000 -0.000001230 0.000358467 -0.000039148 0.000001227 1.000000000 0.000313062
1.000000000 0.000065946 0.000092236 -0.000499285 -0.000065952 1.000000000 0.000069236 -0.000281596 -0.000092231 -0.000069242 1.000000000 0.000244967
1.000000000 -0.000012951 0.000056474 -0.000201393 0.000012953 1.000000000 -0.000030381 0.000532879 -0.000056474 0.000030382 1.000000000 0.000348586
1.000000000 0.000027788 0.000074871 -0.000267449 -0.000027785 1.000000000 -0.000043284 0.000505122 -0.000074873 0.000043282 1.000000000 0.000253669
1.000000000 0.000088438 0.000103921 -0.001139649 -0.000088439 1.000000000 0.000007437 0.000363876 -0.000103920 -0.000007446 1.000000000 -0.000136177
1.000000000 -0.000061854 0.000045759 -0.000376790 0.000061854 1.000000000 0.000002133 -0.000043459 -0.000045759 -0.000002131 1.000000000 0.000118799
1.000000000 0.000046360 0.000035141 -0.000264464 -0.000046362 1.000000000 0.000068311 -0.000252514 -0.000035138 -0.000068313 1.000000000 0.000196865
1.000000000 0.000065583 -0.000013874 0.000056654 -0.000065585 1.000000000 -0.000091118 0.000168597 0.000013868 0.000091119 1.000000000 0.000151134
1.000000000 0.000077665 0.000075689 -0.000202605 -0.000077665 1.000000000 0.000004233 -0.000246381 -0.000075688 -0.000004239 1.000000000 0.000468625
1.000000000 0.000094336 0.000073201 -0.000635876 -0.000094338 1.000000000 0.000022107 -0.000068006 -0.000073199 -0.000022114 1.000000000 0.000217432
1.000000000 0.000131766 0.000070924 -0.000002113 -0.000131762 1.000000000 -0.000061461 0.001241919 -0.000070932 0.000061452 1.000000000 0.001639705
1.000000000 0.000052070 0.000020255 -0.000686934 -0.000052069 1.000000000 -0.000059486 -0.000330856 -0.000020258 0.000059485 1.000000000 -0.000832482
1.000000000 0.000074566 0.000057118 -0.000884064 -0.000074562 1.000000000 -0.000076847 0.000713656 -0.000057123 0.000076843 1.000000000 0.000267325
1.000000000 0.000069508 0.000092960 -0.001638458 -0.000069505 1.000000000 -0.000029653 0.000724335 -0.000092962 0.000029647 1.000000000 0.000027119
1.000000000 0.000099562 0.000036710 -0.000026775 -0.000099560 1.000000000 -0.000050163 0.001304361 -0.000036715 0.000050159 1.000000000 0.001661674
1.000000000 0.000144184 0.000115219 -0.000925417 -0.000144177 1.000000000 -0.000065476 0.001423830 -0.000115228 0.000065459 1.000000000 0.001716539
1.000000000 0.000136944 0.000110224 -0.001359133 -0.000136930 1.000000000 -0.000125328 0.001329940 -0.000110241 0.000125312 1.000000000 0.001167746
0.999999940 0.000198263 0.000153724 -0.002032592 -0.000198247 1.000000000 -0.000104607 0.002124325 -0.000153745 0.000104577 1.000000000 0.001783787
1.000000000 0.000167571 0.000164985 -0.001552590 -0.000167551 1.000000000 -0.000121770 0.001981732 -0.000165005 0.000121743 1.000000000 0.002006157
1.000000000 0.000105908 0.000180240 -0.002004797 -0.000105893 1.000000000 -0.000081731 0.001371968 -0.000180249 0.000081712 1.000000000 0.001883802
1.000000000 0.000153565 0.000124591 -0.001724865 -0.000153556 1.000000000 -0.000067537 0.001652204 -0.000124601 0.000067517 1.000000000 0.001357945
1.000000000 0.000167002 0.000116390 -0.001143332 -0.000166987 1.000000000 -0.000128587 0.002205248 -0.000116412 0.000128567 1.000000000 0.002618867
1.000000000 0.000146875 0.000108959 -0.001469055 -0.000146864 1.000000000 -0.000098344 0.002511261 -0.000108973 0.000098328 1.000000000 0.002864536
0.999999940 0.000306878 0.000119812 -0.001569938 -0.000306869 0.999999940 -0.000075440 0.002198370 -0.000119835 0.000075403 1.000000000 0.002510366
0.999999940 0.000356726 0.000142871 -0.001762116 -0.000356722 0.999999940 -0.000028980 0.001198791 -0.000142881 0.000028929 1.000000000 0.001330685
0.999999940 0.000167026 0.000192085 -0.001860658 -0.000167019 1.000000000 -0.000034288 0.002405769 -0.000192091 0.000034255 1.000000000 0.002286859
0.999999940 0.000200199 0.000188416 -0.001788942 -0.000200199 1.000000000 0.000002196 0.001389428 -0.000188416 -0.000002234 1.000000000 0.002065914
1.000000000 0.000205234 0.000129048 -0.001875682 -0.000205228 1.000000000 -0.000042963 0.002224524 -0.000129057 0.000042937 1.000000000 0.002476321
0.999999940 0.000219996 0.000149486 -0.001781913 -0.000219984 1.000000000 -0.000078446 0.002083409 -0.000149503 0.000078413 1.000000000 0.002165439
0.999999940 0.000264967 0.000179608 -0.001353065 -0.000264962 0.999999940 -0.000023283 0.001410414 -0.000179615 0.000023235 1.000000000 0.002322219
1.000000000 0.000076422 0.000162478 -0.000918950 -0.000076408 1.000000000 -0.000086312 0.002724583 -0.000162484 0.000086300 1.000000000 0.003392880
1.000000000 0.000190184 0.000066196 -0.000369330 -0.000190174 0.999999940 -0.000153642 0.002757449 -0.000066225 0.000153630 1.000000000 0.002873569
1.000000000 0.000182086 0.000145229 -0.001078823 -0.000182078 1.000000000 -0.000058758 0.001595331 -0.000145240 0.000058732 1.000000000 0.001818865
0.999999940 0.000291907 0.000211904 -0.002394506 -0.000291889 0.999999940 -0.000083688 0.001714048 -0.000211929 0.000083626 1.000000000 0.001259889
0.999999940 0.000296288 0.000207065 -0.001397752 -0.000296275 0.999999940 -0.000062771 0.001411617 -0.000207083 0.000062710 1.000000000 0.001509551
0.999999940 0.000239043 0.000167561 -0.001694782 -0.000239033 0.999999940 -0.000059349 0.002023029 -0.000167575 0.000059309 1.000000000 0.002078880
0.999999940 0.000265019 0.000117684 -0.001689772 -0.000265010 0.999999940 -0.000074527 0.002565900 -0.000117704 0.000074496 1.000000000 0.002756530
0.999999940 0.000306299 0.000184007 -0.001506561 -0.000306281 0.999999940 -0.000097178 0.002364297 -0.000184037 0.000097121 1.000000000 0.001429597
0.999999940 0.000257339 0.000131679 -0.000643435 -0.000257326 0.999999940 -0.000100855 0.003087831 -0.000131705 0.000100821 1.000000000 0.002809954
1.000000000 0.000079861 0.000082395 0.000109665 -0.000079851 1.000000000 -0.000115197 0.001658855 -0.000082405 0.000115190 1.000000000 0.003039279
0.999999046 -0.000622702 0.001236893 -0.007125455 0.000623205 0.999999702 -0.000405838 -0.004262684 -0.001236640 0.000406608 0.999999166 0.050373379
0.999999166 -0.000594615 0.001131711 -0.004570688 0.000595802 0.999999285 -0.001049503 -0.004099034 -0.001131086 0.001050176 0.999998808 0.140493363
0.999998927 -0.000660407 0.001287389 -0.004560939 0.000661747 0.999999166 -0.001040810 -0.010843137 -0.001286700 0.001041661 0.999998629 0.249970660
0.999998987 -0.000468186 0.001330747 -0.001413804 0.000469566 0.999999344 -0.001037611 -0.012805577 -0.001330260 0.001038234 0.999998569 0.382453084
0.999998868 -0.000627157 0.001338644 0.001377063 0.000628426 0.999999344 -0.000947353 -0.016340792 -0.001338049 0.000948193 0.999998689 0.524318218
0.999998748 -0.000634986 0.001463962 0.002396308 0.000635971 0.999999583 -0.000672061 -0.023512557 -0.001463535 0.000672992 0.999998689 0.667727470
0.999998510 -0.000596680 0.001574369 0.006646747 0.000597345 0.999999702 -0.000421785 -0.026729878 -0.001574117 0.000422724 0.999998689 0.832679749
0.999998569 -0.000684811 0.001535828 0.010623670 0.000685173 0.999999702 -0.000235359 -0.034164760 -0.001535667 0.000236411 0.999998748 0.996742427
0.999998450 -0.000789703 0.001564902 0.011717913 0.000790216 0.999999583 -0.000327570 -0.034726344 -0.001564642 0.000328806 0.999998748 1.172486067
0.999998212 -0.000297865 0.001880632 0.011748347 0.000298076 0.999999940 -0.000112124 -0.039258342 -0.001880599 0.000112684 0.999998271 1.355933070
0.999998450 -0.000379376 0.001708953 0.017885942 0.000379795 0.999999881 -0.000244501 -0.041875873 -0.001708860 0.000245150 0.999998569 1.555292130
0.999998629 -0.000729950 0.001503660 0.026582245 0.000730087 0.999999702 -0.000090547 -0.047242764 -0.001503593 0.000091645 0.999998868 1.763648152
0.999997854 -0.000658185 0.001969025 0.016918916 0.000657471 0.999999702 0.000363344 -0.060952891 -0.001969264 -0.000362049 0.999997914 1.944111705
0.999997675 -0.001206491 0.001795173 0.024055175 0.001205715 0.999999166 0.000433252 -0.069691226 -0.001795694 -0.000431087 0.999998271 2.149973869
0.999997795 -0.000788542 0.001936392 0.029578712 0.000787972 0.999999642 0.000294619 -0.071790583 -0.001936624 -0.000293092 0.999998033 2.378803968
0.999997616 -0.000258634 0.002153252 0.030372363 0.000257720 0.999999881 0.000424706 -0.081068113 -0.002153362 -0.000424150 0.999997616 2.599914312
0.999996901 -0.000867624 0.002315591 0.031605508 0.000865896 0.999999285 0.000747142 -0.089976355 -0.002316238 -0.000745134 0.999997020 2.816114664
0.999996841 -0.001070073 0.002259514 0.037195895 0.001068329 0.999999106 0.000773362 -0.093079835 -0.002260339 -0.000770946 0.999997139 3.053806782
0.999996781 -0.000582674 0.002464502 0.039173570 0.000580692 0.999999523 0.000804839 -0.102660969 -0.002464970 -0.000803406 0.999996603 3.292231798
0.999995768 -0.000298791 0.002897163 0.041363344 0.000296464 0.999999583 0.000803629 -0.108667910 -0.002897402 -0.000802766 0.999995470 3.545824766
0.999996662 -0.000341453 0.002567796 0.051606975 0.000339663 0.999999642 0.000697448 -0.113111936 -0.002568034 -0.000696574 0.999996424 3.810491562
0.999996722 -0.000244742 0.002569177 0.060582347 0.000242726 0.999999642 0.000784912 -0.120684303 -0.002569368 -0.000784286 0.999996424 4.062636852
0.999996364 -0.000458887 0.002656668 0.059620067 0.000456291 0.999999404 0.000977715 -0.132015705 -0.002657115 -0.000976499 0.999996006 4.305599689
0.999996126 -0.000780225 0.002673131 0.064976767 0.000776971 0.999998987 0.001217946 -0.139991611 -0.002674079 -0.001215864 0.999995649 4.566123009
0.999995828 -0.000957206 0.002725617 0.075832896 0.000954559 0.999999046 0.000972103 -0.145252779 -0.002726545 -0.000969497 0.999995828 4.828970432
0.999996126 -0.000643833 0.002724830 0.085475899 0.000641069 0.999999225 0.001015207 -0.147228912 -0.002725482 -0.001013456 0.999995768 5.085381031
0.999995649 -0.000086342 0.002940139 0.078741528 0.000083425 0.999999523 0.000992264 -0.160494253 -0.002940224 -0.000992014 0.999995172 5.334838867
0.999995828 -0.000194201 0.002870645 0.084346011 0.000190179 0.999998987 0.001401149 -0.170051619 -0.002870915 -0.001400597 0.999994934 5.606265545
0.999995589 -0.000165280 0.002973602 0.086451285 0.000161893 0.999999344 0.001139258 -0.175061196 -0.002973788 -0.001138772 0.999994934 5.870794296
0.999994397 0.000018100 0.003361177 0.089612193 -0.000021162 0.999999523 0.000911229 -0.183640495 -0.003361159 -0.000911295 0.999993920 6.148852825
0.999995589 0.000004797 0.002976637 0.103170186 -0.000007769 0.999999523 0.000998510 -0.185840011 -0.002976630 -0.000998529 0.999995112 6.443405628
0.999995232 -0.000249542 0.003070315 0.103892200 0.000246135 0.999999344 0.001110014 -0.193596572 -0.003070590 -0.001109253 0.999994695 6.725436687
0.999995112 -0.000143634 0.003116787 0.110467702 0.000140884 0.999999583 0.000882366 -0.200240791 -0.003116913 -0.000881922 0.999994755 7.026703358
0.999995768 -0.000119060 0.002918344 0.116629846 0.000115465 0.999999285 0.001232203 -0.212388411 -0.002918489 -0.001231861 0.999995053 7.321289539
0.999994636 -0.000032674 0.003267202 0.120582402 0.000028946 0.999999285 0.001141106 -0.223906487 -0.003267237 -0.001141005 0.999994040 7.620628834
0.999994636 -0.000121303 0.003266033 0.134835035 0.000118128 0.999999404 0.000972371 -0.225687861 -0.003266150 -0.000971980 0.999994218 7.949823856
0.999994814 0.000098166 0.003203563 0.135613710 -0.000102534 0.999999046 0.001363188 -0.237134352 -0.003203426 -0.001363509 0.999993920 8.264711380
0.999994099 0.000036413 0.003439609 0.137777388 -0.000040565 0.999999285 0.001207065 -0.246632159 -0.003439563 -0.001207197 0.999993384 8.592985153
0.999994695 0.000123240 0.003245240 0.146800086 -0.000126728 0.999999404 0.001074489 -0.254475504 -0.003245106 -0.001074894 0.999994099 8.919548988
0.999994755 0.000399598 0.003211489 0.155272946 -0.000403464 0.999999225 0.001203210 -0.266900688 -0.003211005 -0.001204500 0.999994159 9.262821198
0.999993622 0.000568732 0.003521714 0.164087400 -0.000572899 0.999999106 0.001182305 -0.279684603 -0.003521039 -0.001184315 0.999993086 9.592367172
0.999994159 0.000378546 0.003393385 0.174046531 -0.000382918 0.999999046 0.001287700 -0.288601995 -0.003392895 -0.001288992 0.999993384 9.948301315
0.999994278 0.000327858 0.003352567 0.171735644 -0.000332010 0.999999166 0.001237974 -0.300325215 -0.003352158 -0.001239081 0.999993622 10.287042618
0.999995291 0.000018509 0.003057006 0.184051231 -0.000022732 0.999998987 0.001381276 -0.312323183 -0.003056977 -0.001381339 0.999994457 10.648209572
0.999994934 0.000018060 0.003179930 0.191096216 -0.000023317 0.999998569 0.001653081 -0.321617365 -0.003179896 -0.001653147 0.999993622 11.019300461
0.999994993 -0.000080673 0.003182511 0.200773582 0.000076606 0.999999106 0.001278105 -0.326728553 -0.003182611 -0.001277854 0.999994159 11.408390999
0.999994218 0.000348345 0.003364755 0.203077003 -0.000354287 0.999998391 0.001765574 -0.341534019 -0.003364134 -0.001766756 0.999992788 11.731255531
0.999993324 0.000880816 0.003540822 0.210699663 -0.000887215 0.999998033 0.001806178 -0.351537883 -0.003539224 -0.001809307 0.999992073 12.123428345
0.999992967 0.000402265 0.003716768 0.219701156 -0.000410348 0.999997616 0.002174093 -0.364983290 -0.003715884 -0.002175604 0.999990702 12.504117012
0.999993563 -0.000072560 0.003603730 0.238270059 0.000065394 0.999998033 0.001988737 -0.376596034 -0.003603867 -0.001988488 0.999991536 12.895577431
0.999993920 -0.000198613 0.003457144 0.241324589 0.000192197 0.999998271 0.001855827 -0.389939636 -0.003457507 -0.001855151 0.999992311 13.267216682
0.999994159 0.000308664 0.003406398 0.251139224 -0.000314156 0.999998748 0.001611832 -0.398944110 -0.003405895 -0.001612892 0.999992967 13.686268806
0.999992728 0.001200237 0.003608006 0.251745820 -0.001207010 0.999997497 0.001875519 -0.408455372 -0.003605746 -0.001879860 0.999991775 14.125331879
0.999990642 0.001116951 0.004167945 0.258150935 -0.001122842 0.999998331 0.001411533 -0.416303843 -0.004166362 -0.001416200 0.999990284 14.538571358
0.999991655 0.001154962 0.003919121 0.277303696 -0.001162459 0.999997497 0.001911058 -0.433738083 -0.003916904 -0.001915597 0.999990523 14.927907944
0.999992311 0.000200911 0.003914653 0.289029449 -0.000207738 0.999998450 0.001743559 -0.444602668 -0.003914297 -0.001744359 0.999990880 15.365529060
0.999987185 0.001113836 0.004937587 0.289621592 -0.001124687 0.999996901 0.002195533 -0.457126826 -0.004935127 -0.002201058 0.999985397 15.804324150
0.999984920 0.001505909 0.005286639 0.296652138 -0.001516986 0.999996662 0.002091833 -0.466456562 -0.005283471 -0.002099821 0.999983847 16.240175247
0.999983251 0.001820583 0.005505724 0.307616234 -0.001830521 0.999996722 0.001800493 -0.477122575 -0.005502427 -0.001810541 0.999983251 16.691749573
0.999981999 0.001692006 0.005764538 0.317490160 -0.001705823 0.999995649 0.002392710 -0.495039374 -0.005760465 -0.002402500 0.999980509 17.130306244
0.999978602 0.001790964 0.006293531 0.325622797 -0.001809412 0.999993980 0.002926817 -0.517540693 -0.006288253 -0.002938142 0.999975920 17.599483490
0.999979973 0.000969344 0.006267455 0.336957663 -0.000984445 0.999996662 0.002406766 -0.525107265 -0.006265101 -0.002412888 0.999977469 18.088388443
0.999976158 0.001406728 0.006760977 0.346308827 -0.001423780 0.999995828 0.002517928 -0.532467484 -0.006757407 -0.002527494 0.999973953 18.493932724
0.999978602 0.001033782 0.006452792 0.363922060 -0.001050234 0.999996185 0.002546746 -0.542571306 -0.006450134 -0.002553469 0.999975920 18.978874207
0.999978900 0.001370503 0.006346624 0.385004908 -0.001383204 0.999997079 0.001997264 -0.550937772 -0.006343869 -0.002006001 0.999977887 19.458787918
0.999972343 0.001599111 0.007262908 0.375427485 -0.001620329 0.999994397 0.002916368 -0.570330739 -0.007258205 -0.002928056 0.999969304 19.899698257
0.999974132 0.001273969 0.007081106 0.392136604 -0.001294817 0.999994874 0.002940302 -0.583672464 -0.007077323 -0.002949395 0.999970615 20.388986588
0.999975622 0.001845544 0.006725159 0.401359260 -0.001865712 0.999993742 0.002993830 -0.591738939 -0.006719591 -0.003006305 0.999972939 20.908819199
0.999978483 0.001817025 0.006303061 0.400981724 -0.001833867 0.999994755 0.002667330 -0.602247059 -0.006298182 -0.002678832 0.999976516 21.371604919
0.999981761 0.001894482 0.005736733 0.415308148 -0.001909797 0.999994636 0.002665293 -0.614144564 -0.005731653 -0.002676201 0.999979973 21.890325546
0.999979615 0.002900647 0.005683795 0.418422371 -0.002916008 0.999992132 0.002696112 -0.623976469 -0.005675930 -0.002712631 0.999980211 22.401811600
0.999982655 0.002408838 0.005367006 0.421962947 -0.002421064 0.999994516 0.002272597 -0.636320353 -0.005361502 -0.002285551 0.999982953 22.882244110
0.999985039 0.002623273 0.004787199 0.435795963 -0.002632496 0.999994636 0.001921179 -0.647810340 -0.004782133 -0.001933753 0.999986649 23.407102585
0.999992251 0.000472159 0.003916052 0.445118159 -0.000481100 0.999997377 0.002282471 -0.667391300 -0.003914964 -0.002284337 0.999989688 23.937000275
0.999990463 0.001789457 0.003997641 0.441857070 -0.001798222 0.999996006 0.002189954 -0.680506468 -0.003993707 -0.002197122 0.999989569 24.481128693
0.999991000 0.002696170 0.003264877 0.447943509 -0.002703710 0.999993682 0.002307017 -0.689081788 -0.003258636 -0.002315823 0.999992013 24.933166504
0.999992609 0.002587392 0.002832715 0.457016766 -0.002595062 0.999993026 0.002707315 -0.701229453 -0.002825690 -0.002714646 0.999992311 25.479188919
0.999992788 0.003066204 0.002241607 0.466569781 -0.003072123 0.999991715 0.002641714 -0.716282904 -0.002233488 -0.002648581 0.999993980 26.028816223
0.999995947 0.002121575 0.001874741 0.476871192 -0.002127484 0.999992728 0.003155957 -0.733471632 -0.001868032 -0.003159933 0.999993265 26.570795059
0.999994457 0.002629764 0.002010513 0.471826822 -0.002635594 0.999992251 0.002902746 -0.745415568 -0.002002863 -0.002908029 0.999993742 27.079799652
0.999990761 0.003682136 0.002229975 0.480711401 -0.003688331 0.999989271 0.002780302 -0.759167492 -0.002219713 -0.002788502 0.999993682 27.637521744
0.999994695 0.002954046 0.001373573 0.492892981 -0.002958160 0.999991119 0.003003051 -0.772002578 -0.001364690 -0.003007098 0.999994516 28.190111160
0.999993682 0.003328887 0.001256692 0.498819351 -0.003332597 0.999989986 0.002963064 -0.783946693 -0.001246815 -0.002967233 0.999994814 28.695753098
0.999995053 0.003132151 -0.000066511 0.512692273 -0.003131936 0.999990463 0.003020090 -0.801067233 0.000075970 -0.003019867 0.999995410 29.240636826
0.999995053 0.003131520 0.000051459 0.524885237 -0.003131654 0.999991059 0.002832609 -0.811078191 -0.000042588 -0.002832756 0.999996006 29.793163300
0.999992490 0.003885932 0.000019654 0.528976500 -0.003885976 0.999986470 0.003453719 -0.840738535 -0.000006233 -0.003453769 0.999994040 30.325002670
0.999994874 0.003145889 0.000483786 0.524327278 -0.003147448 0.999989688 0.003256723 -0.842688382 -0.000473536 -0.003258228 0.999994576 30.785148621
0.999996424 0.002679682 0.000006067 0.537230730 -0.002679689 0.999993265 0.002505432 -0.847474098 0.000000647 -0.002505439 0.999996901 31.339675903
0.999993086 0.003689440 -0.000069964 0.544054329 -0.003689267 0.999990523 0.002310877 -0.852069318 0.000078489 -0.002310603 0.999997318 31.878345490
0.999993920 0.003435095 -0.000506222 0.560640216 -0.003433619 0.999989927 0.002888707 -0.882594883 0.000516140 -0.002886951 0.999995649 32.410057068
0.999990582 0.004328188 -0.000121932 0.566681445 -0.004327761 0.999985158 0.003305339 -0.896901250 0.000136236 -0.003304780 0.999994516 32.942722321
0.999994695 0.003173096 -0.000663987 0.591902435 -0.003170949 0.999989867 0.003209499 -0.909015000 0.000674165 -0.003207376 0.999994636 33.456821442
0.999985218 0.005413922 0.000313879 0.585120201 -0.005415102 0.999977767 0.003889741 -0.917050004 -0.000292813 -0.003891384 0.999992430 34.018497467
0.999992311 0.003841204 -0.000798636 0.558164895 -0.003838632 0.999987543 0.003196940 -0.941567481 0.000810906 -0.003193849 0.999994576 34.450099945
0.999992967 0.003687429 -0.000753661 0.571090817 -0.003685223 0.999989033 0.002906306 -0.953518629 0.000764370 -0.002903509 0.999995470 35.004154205
0.999993801 0.003395998 -0.001010920 0.581995547 -0.003393171 0.999990404 0.002784671 -0.971201241 0.001020367 -0.002781224 0.999995589 35.542560577
0.999994695 0.002976334 -0.001402994 0.607206166 -0.002972171 0.999991238 0.002960732 -0.995143771 0.001411794 -0.002956546 0.999994695 36.052036285
0.999993742 0.003252612 -0.001412653 0.586905479 -0.003247748 0.999988854 0.003432412 -0.998494327 0.001423801 -0.003427802 0.999993086 36.550010681
0.999991298 0.003893189 -0.001497243 0.597729504 -0.003888653 0.999987900 0.003021898 -1.010487199 0.001508990 -0.003016049 0.999994338 37.103370667
0.999990940 0.003806140 -0.001905750 0.610951304 -0.003799934 0.999987483 0.003249687 -1.021154404 0.001918095 -0.003242415 0.999992907 37.657321930
0.999993145 0.003319042 -0.001682072 0.603047848 -0.003313907 0.999989808 0.003046790 -1.041050434 0.001692168 -0.003041194 0.999993920 38.178409576
0.999993622 0.003363041 -0.001186352 0.597876549 -0.003359291 0.999989390 0.003148621 -1.046620131 0.001196927 -0.003144616 0.999994338 38.642185211
0.999994934 0.002828764 -0.001504493 0.609497309 -0.002823798 0.999990523 0.003293141 -1.062158585 0.001513794 -0.003288876 0.999993443 39.191043854
0.999995172 0.002683457 -0.001547029 0.629835248 -0.002678745 0.999991775 0.003040127 -1.073750377 0.001555174 -0.003035969 0.999994218 39.721504211
0.999995947 0.001967701 -0.002082283 0.661474824 -0.001960738 0.999992490 0.003340885 -1.100874543 0.002088841 -0.003336788 0.999992251 40.238666534
0.999992847 0.003596381 -0.001192333 0.611481071 -0.003592325 0.999987960 0.003385726 -1.099006057 0.001204495 -0.003381419 0.999993563 40.720046997
0.999991059 0.004173115 -0.000684952 0.616421103 -0.004171011 0.999986708 0.003045088 -1.109555960 0.000697651 -0.003042204 0.999995112 41.270000458
0.999992371 0.003480831 -0.001775512 0.643027961 -0.003475219 0.999989033 0.003153717 -1.124858379 0.001786470 -0.003147523 0.999993503 41.799018860
0.999993205 0.003369677 -0.001561707 0.645828187 -0.003364640 0.999989271 0.003217298 -1.134770393 0.001572531 -0.003212022 0.999993622 42.287551880
0.999991715 0.003840700 -0.001316567 0.646581173 -0.003836320 0.999987125 0.003313797 -1.151235223 0.001329278 -0.003308719 0.999993622 42.811946869
0.999992609 0.003634843 -0.001266680 0.655268192 -0.003630434 0.999987364 0.003465326 -1.165452242 0.001279260 -0.003460702 0.999993145 43.350757599
0.999994159 0.002937743 -0.001726486 0.671450019 -0.002932140 0.999990404 0.003238885 -1.173276067 0.001735986 -0.003233804 0.999993265 43.875579834
0.999990046 0.004333487 -0.000998374 0.680022597 -0.004330121 0.999984980 0.003348920 -1.188559532 0.001012872 -0.003344564 0.999993861 44.426597595
0.999988317 0.004788219 -0.000672859 0.667228997 -0.004786323 0.999984562 0.002792407 -1.195257783 0.000686219 -0.002789153 0.999995887 44.909065247
0.999990165 0.004405209 -0.000581067 0.675445378 -0.004403387 0.999985397 0.003102708 -1.213393092 0.000594728 -0.003100119 0.999994993 45.445629120
0.999986887 0.005087863 -0.000568065 0.688962102 -0.005085920 0.999981344 0.003368024 -1.235308528 0.000585190 -0.003365091 0.999994218 45.977375031
0.999991357 0.004020142 -0.001085671 0.703543723 -0.004015930 0.999984443 0.003855019 -1.243793249 0.001101153 -0.003850626 0.999992013 46.546279907
0.999991298 0.003969488 -0.001320142 0.713265479 -0.003964967 0.999986231 0.003409777 -1.258744240 0.001333659 -0.003404513 0.999993324 47.049995422
0.999991179 0.004180250 -0.000362816 0.684552193 -0.004179046 0.999985993 0.003253274 -1.259519219 0.000376410 -0.003251729 0.999994636 47.501667023
0.999989748 0.004506088 -0.000402121 0.695927620 -0.004504925 0.999985754 0.002846771 -1.270126700 0.000414942 -0.002844930 0.999995828 48.056972504
0.999990106 0.004359935 -0.000820471 0.716103733 -0.004357552 0.999986351 0.002885251 -1.284044147 0.000833039 -0.002881647 0.999995470 48.596527100
0.999988735 0.004661669 -0.000877871 0.717086673 -0.004658700 0.999983549 0.003351893 -1.301549196 0.000893482 -0.003347766 0.999993980 49.134803772
0.999990642 0.004105083 -0.001307721 0.736934543 -0.004100900 0.999986529 0.003185397 -1.324212193 0.001320780 -0.003180004 0.999994040 49.635448456
0.999991596 0.004099931 0.000046176 0.704989254 -0.004100061 0.999986053 0.003325336 -1.331094742 -0.000032540 -0.003325497 0.999994457 50.108013153
0.999990046 0.004469209 0.000216731 0.710058272 -0.004469865 0.999985158 0.003121130 -1.343160152 -0.000202778 -0.003122068 0.999995112 50.652221680
0.999990761 0.004292760 -0.000214646 0.726488292 -0.004292044 0.999985576 0.003235075 -1.360012054 0.000228530 -0.003234124 0.999994755 51.193923950
0.999989986 0.004461282 0.000334701 0.722731531 -0.004462319 0.999985039 0.003171266 -1.366148710 -0.000320549 -0.003172728 0.999994874 51.698596954
0.999989510 0.004568393 0.000321244 0.732828379 -0.004569285 0.999985576 0.002831373 -1.377825499 -0.000308304 -0.002832811 0.999995947 52.250747681
0.999990582 0.004323918 -0.000196253 0.760437429 -0.004323258 0.999985337 0.003247690 -1.399091244 0.000210294 -0.003246811 0.999994755 52.781990051
0.999986708 0.005111247 0.000649773 0.736171663 -0.005112926 0.999983549 0.002609053 -1.399845243 -0.000636426 -0.002612340 0.999996364 53.288967133
0.999986887 0.005077063 0.000646292 0.748082578 -0.005078646 0.999984086 0.002471518 -1.413397431 -0.000633734 -0.002474768 0.999996722 53.835559845
0.999988794 0.004715504 0.000481164 0.762118816 -0.004716637 0.999985993 0.002380719 -1.425197244 -0.000469931 -0.002382962 0.999997020 54.363037109
0.999987066 0.005063153 0.000169371 0.787356317 -0.005063485 0.999985158 0.002012721 -1.431858897 -0.000159178 -0.002013552 0.999997914 54.970115662
0.999989331 0.004580229 0.000589646 0.783599734 -0.004581709 0.999986291 0.002534250 -1.456586123 -0.000578030 -0.002536925 0.999996603 55.451053619
0.999983132 0.005671785 0.001282152 0.778265417 -0.005675713 0.999979138 0.003080404 -1.478879690 -0.001264654 -0.003087629 0.999994457 55.899944305
0.999981046 0.006117819 0.000760531 0.807187080 -0.006119592 0.999978542 0.002351483 -1.482912898 -0.000746129 -0.002356092 0.999996901 56.588718414
0.999989390 0.004476235 0.001081153 0.792634070 -0.004479032 0.999986589 0.002598137 -1.493205786 -0.001069508 -0.002602953 0.999996066 56.991603851
0.999987304 0.004959689 0.000928343 0.801908493 -0.004962009 0.999984562 0.002515183 -1.501682878 -0.000915854 -0.002519757 0.999996424 57.540580750
0.999991894 0.003946932 0.000788202 0.816591561 -0.003948437 0.999990344 0.001916660 -1.517589569 -0.000780629 -0.001919756 0.999997854 58.095367432
0.999994099 0.003426305 0.000196295 0.839589059 -0.003426774 0.999991179 0.002442168 -1.530593514 -0.000187925 -0.002442827 0.999997020 58.629734039
0.999989390 0.004513474 0.000910788 0.822671473 -0.004515693 0.999986827 0.002450487 -1.540884256 -0.000899715 -0.002454574 0.999996603 59.088985443
0.999989033 0.004587078 0.000897650 0.835496545 -0.004589278 0.999986410 0.002465487 -1.553011298 -0.000886329 -0.002469580 0.999996543 59.639083862
0.999987662 0.004806493 0.001253466 0.855551779 -0.004809489 0.999985635 0.002398246 -1.565144181 -0.001241921 -0.002404245 0.999996364 60.193782806
0.999988437 0.004690681 0.001030956 0.862227499 -0.004692861 0.999986768 0.002124291 -1.581805825 -0.001020978 -0.002129105 0.999997258 60.709403992
0.999993503 0.003469364 0.000911299 0.862352312 -0.003471325 0.999991655 0.002157050 -1.591042638 -0.000903808 -0.002160199 0.999997258 61.196258545
0.999990344 0.004310559 0.000786852 0.873279214 -0.004312410 0.999987960 0.002364464 -1.602265954 -0.000776650 -0.002367834 0.999996901 61.747329712
0.999990821 0.004142916 0.001084257 0.878375769 -0.004144994 0.999989688 0.001919504 -1.614429832 -0.001076294 -0.001923980 0.999997556 62.305217743
0.999988914 0.004447585 0.001553206 0.874672651 -0.004450957 0.999987662 0.002174036 -1.637040615 -0.001543518 -0.002180925 0.999996424 62.794918060
0.999984801 0.005265161 0.001651329 0.884215593 -0.005268052 0.999984562 0.001749934 -1.647075295 -0.001642089 -0.001758607 0.999997139 63.346843719
0.999988496 0.004407256 0.001885587 0.899012327 -0.004410061 0.999989152 0.001485819 -1.661341310 -0.001879019 -0.001494117 0.999997079 63.885650635
0.999989212 0.004270594 0.001798657 0.905947804 -0.004272612 0.999990225 0.001119372 -1.671166658 -0.001793859 -0.001127045 0.999997735 64.413093567
0.999988556 0.004404186 0.001852519 0.902925014 -0.004407717 0.999988496 0.001907164 -1.685319543 -0.001844099 -0.001915308 0.999996483 64.905563354
0.999986887 0.004741277 0.001922727 0.912665069 -0.004745008 0.999986887 0.001940937 -1.702377558 -0.001913500 -0.001950035 0.999996305 65.455986023
0.999990523 0.004017388 0.001647962 0.927837372 -0.004020058 0.999990523 0.001620753 -1.709898233 -0.001641436 -0.001627362 0.999997258 65.964515686
0.999988675 0.004303087 0.002036092 0.934659123 -0.004306735 0.999989092 0.001791834 -1.728391886 -0.002028359 -0.001800582 0.999996305 66.501411438
0.999986291 0.004756845 0.002181256 0.939944983 -0.004759540 0.999987841 0.001232796 -1.740130663 -0.002175366 -0.001243161 0.999996841 67.046028137
0.999986768 0.004792170 0.001873353 0.967647433 -0.004795766 0.999986649 0.001919604 -1.765349984 -0.001864129 -0.001928563 0.999996364 67.535179138
0.999974191 0.006681703 0.002618317 0.983428538 -0.006686986 0.999975502 0.002014409 -1.780644774 -0.002604793 -0.002031865 0.999994457 68.062210083
0.999986649 0.004457087 0.002595116 0.983706415 -0.004460652 0.999989092 0.001369100 -1.782759070 -0.002588984 -0.001380658 0.999995649 68.656768799
0.999989450 0.003738576 0.002663312 0.993898749 -0.003742319 0.999992013 0.001401558 -1.800675631 -0.002658050 -0.001411510 0.999995410 69.205184937
0.999990046 0.003676057 0.002500338 1.010515213 -0.003679815 0.999992013 0.001499359 -1.817067981 -0.002494806 -0.001508545 0.999995708 69.735946655
0.999992311 0.002960164 0.002543191 1.027711391 -0.002964992 0.999993742 0.001896927 -1.836590171 -0.002537559 -0.001904453 0.999994934 70.279891968
0.999985576 0.004591786 0.002776632 0.987418652 -0.004596435 0.999987960 0.001670014 -1.838299990 -0.002768930 -0.001682753 0.999994755 70.659194946
0.999985754 0.004594159 0.002709247 1.001594782 -0.004597896 0.999988377 0.001375025 -1.848002076 -0.002702899 -0.001387462 0.999995351 71.211357117
0.999985933 0.004494978 0.002807066 1.006798863 -0.004499432 0.999988496 0.001581845 -1.869934797 -0.002799924 -0.001594453 0.999994814 71.749130249
0.999984205 0.004951439 0.002649823 1.022049189 -0.004956681 0.999985754 0.001974373 -1.883289814 -0.002640009 -0.001987476 0.999994516 72.217315674
0.999982774 0.005186295 0.002734073 1.033897758 -0.005190914 0.999985158 0.001684476 -1.889964819 -0.002725295 -0.001698638 0.999994874 72.765235901
0.999983072 0.005169388 0.002677873 1.042419195 -0.005174942 0.999984443 0.002070420 -1.908317327 -0.002667129 -0.002084244 0.999994278 73.271041870
0.999985456 0.004689624 0.002678608 1.057049632 -0.004694422 0.999987423 0.001787951 -1.917889357 -0.002670190 -0.001800500 0.999994814 73.816886902
0.999982595 0.005233297 0.002739530 1.067503572 -0.005238413 0.999984503 0.001863195 -1.929234743 -0.002729737 -0.001877513 0.999994516 74.343917847
0.999984443 0.004824225 0.002803324 1.078515053 -0.004828359 0.999987245 0.001469630 -1.945005894 -0.002796198 -0.001483142 0.999994993 74.852355957
0.999986112 0.004750095 0.002273927 1.126024842 -0.004754200 0.999987066 0.001802869 -1.972795248 -0.002265334 -0.001813655 0.999995768 75.465682983
0.999989510 0.004047188 0.002131041 1.135135531 -0.004052405 0.999988794 0.002449275 -1.988940001 -0.002121104 -0.002457886 0.999994695 75.982864380
0.999985218 0.004764511 0.002615385 1.126929998 -0.004768280 0.999987602 0.001436871 -1.978965402 -0.002608506 -0.001449321 0.999995589 76.461242676
0.999987304 0.004155010 0.002858727 1.113564968 -0.004160874 0.999989271 0.002048565 -1.997096419 -0.002850184 -0.002060434 0.999993801 76.863121033
0.999985635 0.004562940 0.002804690 1.119146347 -0.004567452 0.999988198 0.001604039 -2.021035194 -0.002797337 -0.001616827 0.999994814 77.445228577
0.999980390 0.005251935 0.003405879 1.132034063 -0.005256467 0.999985158 0.001322996 -2.034672022 -0.003398881 -0.001340872 0.999993384 77.999649048
0.999982357 0.004600007 0.003767457 1.147780538 -0.004606010 0.999988079 0.001586476 -2.054449558 -0.003760114 -0.001603801 0.999991655 78.542564392
0.999980152 0.003908494 0.004960625 1.163719535 -0.003917164 0.999990761 0.001739289 -2.071809530 -0.004953781 -0.001758686 0.999986172 79.045516968
0.999969959 0.004864153 0.006024207 1.158413649 -0.004873933 0.999986768 0.001609955 -2.075791359 -0.006016296 -0.001639267 0.999980569 79.537361145
0.999954462 0.006186164 0.007261585 1.166754484 -0.006202843 0.999978125 0.002276569 -2.089880705 -0.007247344 -0.002321507 0.999971032 80.095062256
0.999935687 0.005227324 0.010059418 1.185844660 -0.005249567 0.999983847 0.002186084 -2.114914894 -0.010047829 -0.002238752 0.999947071 80.621582031
0.999879777 0.005971759 0.014306989 1.215190053 -0.006010165 0.999978483 0.002642937 -2.123487234 -0.014290898 -0.002728606 0.999894202 81.082023621
0.999837935 0.004962055 0.017301001 1.220154285 -0.004990677 0.999986172 0.001611541 -2.118603230 -0.017292764 -0.001697623 0.999849021 81.667655945
0.999755859 0.005307934 0.021448735 1.245440364 -0.005344355 0.999984384 0.001641153 -2.131365776 -0.021439690 -0.001755382 0.999768615 82.220321655
0.999604106 0.005406003 0.027611086 1.273462772 -0.005457557 0.999983490 0.001792127 -2.153968334 -0.027600942 -0.001942107 0.999617159 82.745857239
0.999437928 0.005014181 0.033147275 1.305336237 -0.005066455 0.999986053 0.001493192 -2.164420605 -0.033139329 -0.001660291 0.999449253 83.297378540
0.999232888 0.004622251 0.038886659 1.342992425 -0.004688228 0.999987662 0.001605653 -2.173105478 -0.038878765 -0.001786730 0.999242365 83.756759644
0.998876870 0.004892712 0.047125988 1.385423899 -0.004968379 0.999986529 0.001488645 -2.185801029 -0.047118068 -0.001721113 0.998887897 84.310119629
0.998413324 0.005025354 0.056085058 1.432413578 -0.005096546 0.999986410 0.001126411 -2.198277950 -0.056078639 -0.001410464 0.998425364 84.858558655
0.998031795 0.004081368 0.062575564 1.475964069 -0.004153933 0.999990821 0.001029595 -2.204185009 -0.062570781 -0.001287504 0.998039722 85.387672424
0.997406960 0.004411669 0.071831033 1.531061649 -0.004506024 0.999989152 0.001151569 -2.217512608 -0.071825176 -0.001472255 0.997416139 85.942512512
0.996665299 0.003513089 0.081521638 1.603430271 -0.003603846 0.999993086 0.000966175 -2.231741428 -0.081517667 -0.001256745 0.996671140 86.472106934
0.995952427 0.003537477 0.089811601 1.673468113 -0.003632671 0.999993026 0.000896475 -2.245497704 -0.089807808 -0.001219102 0.995958328 86.994659424
0.995161951 0.003962947 0.098167904 1.713717461 -0.004059338 0.999991477 0.000782159 -2.261029482 -0.098163977 -0.001176871 0.995169520 87.539474487
0.994155705 0.003717684 0.107891425 1.796995163 -0.003812826 0.999992549 0.000675551 -2.274722576 -0.107888110 -0.001082974 0.994162440 88.080825806
0.992938578 0.003896710 0.118565962 1.878811836 -0.004032463 0.999991477 0.000905074 -2.289178610 -0.118561424 -0.001376796 0.992945790 88.618545532
0.991811395 0.003164800 0.127671793 1.973850250 -0.003264786 0.999994516 0.000573893 -2.297024965 -0.127669290 -0.000986015 0.991816223 89.185630798
0.990272045 0.002836559 0.139115512 2.066778183 -0.002967182 0.999995291 0.000731553 -2.313360453 -0.139112785 -0.001137217 0.990275860 89.719573975
0.988417447 0.003199552 0.151725769 2.162438393 -0.003380778 0.999993861 0.000936478 -2.338846922 -0.151721820 -0.001438582 0.988422215 90.232505798
0.986707807 0.002801266 0.162481129 2.278392792 -0.002934701 0.999995530 0.000581221 -2.345760584 -0.162478790 -0.001050329 0.986711502 90.795181274
0.984940231 0.002622823 0.172875375 2.391952515 -0.002767736 0.999996066 0.000597201 -2.359784126 -0.172873110 -0.001066681 0.984943569 91.337265015
0.982549846 0.002875158 0.185976967 2.504753113 -0.003047081 0.999995112 0.000638600 -2.375856876 -0.185974211 -0.001194144 0.982553959 91.858001709
0.980131149 0.002729544 0.198331878 2.639375687 -0.002968176 0.999995172 0.000905912 -2.391420603 -0.198328450 -0.001476597 0.980134547 92.389717102
0.978036940 0.001526615 0.208425790 2.768642426 -0.001632905 0.999998629 0.000337907 -2.398249865 -0.208424956 -0.000670825 0.978038073 92.946083069
0.975145698 0.001577494 0.221558794 2.912448883 -0.001697779 0.999998510 0.000352462 -2.416128635 -0.221557900 -0.000719860 0.975146949 93.474143982
0.972149611 0.001147227 0.234358370 3.067193985 -0.001283893 0.999999046 0.000430581 -2.433673382 -0.234357640 -0.000719481 0.972150147 93.985481262
0.969331145 0.000260976 0.245758563 3.219923019 -0.000295663 0.999999940 0.000104247 -2.433153152 -0.245758578 -0.000173712 0.969331086 94.542068481
0.966533124 0.000165844 0.256541848 3.379856110 -0.000154437 1.000000000 -0.000064613 -2.447048426 -0.256541848 0.000022831 0.966533244 95.066131592
0.962859809 0.000395191 0.270001411 3.557460785 -0.000354140 0.999999940 -0.000200751 -2.456744671 -0.270001411 0.000097677 0.962859988 95.591926575
0.959158480 0.000603943 0.282868654 3.726099014 -0.000706101 0.999999702 0.000259201 -2.477133512 -0.282868385 -0.000448349 0.959158599 96.126884460
0.955694199 -0.000311202 0.294361055 3.905500412 0.000350784 0.999999940 -0.000081670 -2.478757620 -0.294360936 0.000181309 0.955694199 96.656311035
0.951207995 -0.000395692 0.308550358 4.097078323 0.000355096 0.999999940 0.000187723 -2.495565653 -0.308550358 -0.000068999 0.951207936 97.174713135
0.946671665 -0.000549501 0.322199374 4.300773621 0.000630491 0.999999821 -0.000147010 -2.504433155 -0.322199166 0.000342314 0.946671784 97.703552246
0.942659140 -0.000115353 0.333756864 4.512737274 -0.000009712 0.999999940 0.000373049 -2.529764175 -0.333756864 -0.000354899 0.942659080 98.226631165
0.937827349 -0.000425024 0.347101808 4.694313049 0.000371128 1.000000000 0.000221750 -2.531754494 -0.347101867 -0.000079144 0.937827408 98.759986877
0.932412922 -0.000929573 0.361393422 4.908777237 0.000772545 0.999999523 0.000578988 -2.548100233 -0.361393780 -0.000260663 0.932413220 99.263587952
0.927493274 -0.001005143 0.373838395 5.136823654 0.000730871 0.999999404 0.000875418 -2.561491728 -0.373839021 -0.000538717 0.927493453 99.787513733
0.922744751 -0.001880127 0.385407239 5.369047165 0.001918848 0.999998033 0.000284161 -2.570000410 -0.385407031 0.000477330 0.922746539 100.282470703
0.916639149 -0.001214666 0.399713874 5.588882446 0.001154631 0.999999285 0.000390992 -2.582700014 -0.399713993 0.000103123 0.916639864 100.760940552
0.910695314 -0.001470185 0.413076311 5.837432861 0.001355084 0.999998927 0.000571601 -2.595659494 -0.413076669 0.000039198 0.910696208 101.256759644
0.905921340 -0.002162351 0.423440397 6.084251404 0.002080097 0.999997675 0.000656388 -2.613531590 -0.423440784 0.000286161 0.905923724 101.727317810
0.900028169 -0.001866666 0.435827792 6.360466003 0.001645943 0.999998271 0.000883990 -2.634724855 -0.435828716 -0.000078268 0.900029600 102.238082886
0.893411815 -0.002190017 0.449233264 6.611473083 0.002183565 0.999997497 0.000532440 -2.638444662 -0.449233323 0.000505242 0.893414259 102.731735229
0.887457609 -0.003172625 0.460878372 6.889564514 0.003493046 0.999993920 0.000157690 -2.646790981 -0.460876107 0.001469926 0.887463272 103.213317871
0.881612122 -0.003311418 0.471963108 7.178241730 0.003558896 0.999993622 0.000368315 -2.667428493 -0.471961290 0.001354957 0.881618202 103.689666748
0.874066353 -0.003546813 0.485793531 7.446380615 0.003755799 0.999992788 0.000543380 -2.682733536 -0.485792011 0.001349593 0.874073386 104.114913940
