1.000000000 0.000000000 0.000000000 0.000000000 0.000000000 1.000000000 0.000000000 0.000000000 0.000000000 0.000000000 1.000000000 0.000000000
1.000000000 0.000090849 0.000095934 -0.000862612 -0.000090860 1.000000000 0.000111649 -0.000109025 -0.000095924 -0.000111658 1.000000000 0.000361956
1.000000000 0.000050409 0.000134163 -0.001570944 -0.000050410 1.000000000 0.000005749 0.000290831 -0.000134163 -0.000005756 1.000000000 0.000246405
1.000000000 0.000044515 0.000044952 -0.000702533 -0.000044517 1.000000000 0.000052311 -0.000753516 -0.000044949 -0.000052313 1.000000000 -0.000733852
1.000000000 0.000087585 0.000169858 -0.001974440 -0.000087600 1.000000000 0.000086235 -0.000586866 -0.000169850 -0.000086250 1.000000000 -0.000695089
1.000000000 -0.000114337 -0.000014097 0.000119282 0.000114337 1.000000000 -0.000030629 0.000382276 0.000014101 0.000030628 1.000000000 -0.000272895
1.000000000 0.000044866 0.000125065 -0.001798293 -0.000044875 1.000000000 0.000070504 -0.000388355 -0.000125062 -0.000070510 1.000000000 -0.000346189
1.000000000 0.000056698 0.000087385 -0.001554716 -0.000056695 1.000000000 -0.000033197 -0.000081302 -0.000087387 0.000033192 1.000000000 -0.000638189
1.000000000 0.000081273 0.000153053 -0.001395468 -0.000081275 1.000000000 0.000013315 -0.000855361 -0.000153051 -0.000013328 1.000000000 -0.000711235
1.000000000 0.000128383 0.000144431 -0.001884839 -0.000128401 1.000000000 0.000120207 -0.000701833 -0.000144416 -0.000120226 1.000000000 0.000582523
1.000000000 0.000100151 0.000161795 -0.001617769 -0.000100163 1.000000000 0.000075236 -0.000497016 -0.000161788 -0.000075253 1.000000000 0.000081415
1.000000000 0.000135781 0.000161976 -0.001609800 -0.000135786 1.000000000 0.000026422 -0.000972057 -0.000161972 -0.000026444 1.000000000 -0.000939990
1.000000000 0.000071363 0.000143130 -0.001092089 -0.000071369 1.000000000 0.000044521 0.000268471 -0.000143127 -0.000044531 1.000000000 0.000217705
1.000000000 0.000154289 0.000118241 -0.001607331 -0.000154277 1.000000000 -0.000097249 0.000865749 -0.000118256 0.000097230 1.000000000 0.000615888
1.000000000 0.000099584 0.000116506 -0.001564535 -0.000099589 1.000000000 0.000046139 -0.000190072 -0.000116502 -0.000046151 1.000000000 -0.000083900
0.999999940 0.000260001 0.000181475 -0.002144466 -0.000259990 0.999999940 -0.000061164 0.001482361 -0.000181491 0.000061117 1.000000000 0.001352855
0.999999940 0.000361410 0.000209978 -0.002756109 -0.000361401 0.999999940 -0.000043885 0.001053570 -0.000209994 0.000043809 1.000000000 0.001833614
0.999999940 0.000275890 0.000260886 -0.002440695 -0.000275886 0.999999940 -0.000015208 0.001500616 -0.000260890 0.000015136 0.999999940 0.002231272
0.999999940 0.000214383 0.000280964 -0.002580617 -0.000214362 1.000000000 -0.000075045 0.000509317 -0.000280980 0.000074984 0.999999940 0.000767639
0.999999940 0.000215208 0.000212003 -0.002502105 -0.000215223 1.000000000 0.000070999 -0.000121375 -0.000211987 -0.000071044 1.000000000 0.001660529
0.999999940 0.000302653 0.000170599 -0.001940194 -0.000302648 0.999999940 -0.000031846 0.001303937 -0.000170609 0.000031794 1.000000000 0.001595026
0.999999940 0.000270140 0.000185485 -0.002473878 -0.000270134 0.999999940 -0.000030234 0.000486818 -0.000185493 0.000030184 1.000000000 0.001732127
1.000000000 0.000165271 0.000178113 -0.002299251 -0.000165280 1.000000000 0.000052927 0.000161253 -0.000178104 -0.000052956 1.000000000 0.000922314
0.999999881 0.000394389 0.000196736 -0.002549089 -0.000394390 0.999999940 0.000004395 0.001394928 -0.000196734 -0.000004472 1.000000000 0.003047634
0.999999940 0.000296923 0.000243616 -0.002123360 -0.000296930 0.999999940 0.000027512 0.001327040 -0.000243608 -0.000027584 0.999999940 0.001976783
0.999999940 0.000217714 0.000209040 -0.001451738 -0.000217706 1.000000000 -0.000041887 0.002065670 -0.000209049 0.000041841 1.000000000 0.003089908
0.999999940 0.000340571 0.000238534 -0.002394087 -0.000340580 0.999999940 0.000035752 0.001246204 -0.000238522 -0.000035834 1.000000000 0.002282443
0.999999940 0.000334455 0.000113808 -0.002163142 -0.000334443 0.999999940 -0.000104865 0.001864947 -0.000113843 0.000104827 1.000000000 0.000996125
0.999999940 0.000300582 0.000125878 -0.001905251 -0.000300573 0.999999940 -0.000076954 0.001441578 -0.000125901 0.000076917 1.000000000 0.000836960
0.999999881 0.000356837 0.000266459 -0.002481156 -0.000356833 0.999999940 -0.000015269 0.000321355 -0.000266465 0.000015174 0.999999940 0.001128057
0.999999940 0.000238405 0.000309020 -0.003128697 -0.000238411 1.000000000 0.000018839 0.000181652 -0.000309015 -0.000018912 0.999999940 0.001771388
0.999999940 0.000312175 0.000187089 -0.001987515 -0.000312164 0.999999940 -0.000059177 0.001537743 -0.000187108 0.000059119 1.000000000 0.002437270
0.999999881 0.000414000 0.000244449 -0.002179608 -0.000414003 0.999999940 0.000009886 0.000014703 -0.000244445 -0.000009987 0.999999940 -0.000064245
0.999999881 0.000443787 0.000309146 -0.003488682 -0.000443785 0.999999881 -0.000006549 0.000705297 -0.000309149 0.000006412 0.999999940 0.002716222
0.999999881 0.000370567 0.000235304 -0.001967566 -0.000370546 0.999999940 -0.000089450 0.000594335 -0.000235337 0.000089363 0.999999940 0.001335320
0.999999881 0.000355341 0.000230023 -0.003621405 -0.000355344 0.999999940 0.000010579 0.000677331 -0.000230019 -0.000010661 1.000000000 0.001252615
0.999999881 0.000420949 0.000214603 -0.002764901 -0.000420929 0.999999881 -0.000091164 0.002342101 -0.000214641 0.000091074 1.000000000 0.001370781
0.999999881 0.000431871 0.000309718 -0.003486007 -0.000431870 0.999999881 -0.000001755 0.000951850 -0.000309719 0.000001621 0.999999940 0.001921454
0.999999881 0.000386225 0.000184241 -0.001109227 -0.000386229 0.999999940 0.000024229 0.000700606 -0.000184231 -0.000024300 1.000000000 -0.000143990
0.999999940 0.000252903 0.000194253 -0.001775073 -0.000252889 0.999999940 -0.000071237 0.000472524 -0.000194271 0.000071188 1.000000000 0.000037177
0.999999821 0.000497501 0.000250805 -0.001032847 -0.000497353 0.999999702 -0.000591849 -0.002225627 -0.000251100 0.000591724 0.999999821 0.049717102
0.999999881 0.000122806 0.000381432 0.001329419 -0.000122517 0.999999642 -0.000757825 -0.005699400 -0.000381525 0.000757779 0.999999642 0.138994202
0.999999940 0.000129072 0.000367344 0.002372925 -0.000128752 0.999999642 -0.000870335 -0.010187269 -0.000367456 0.000870288 0.999999583 0.252331048
0.999999762 0.000639519 0.000456463 0.004948523 -0.000639198 0.999999583 -0.000701585 -0.014002897 -0.000456911 0.000701293 0.999999642 0.385632575
0.999999762 0.000522623 0.000423188 0.001583385 -0.000522450 0.999999762 -0.000408503 -0.028301172 -0.000423401 0.000408281 0.999999821 0.535054922
0.999999940 0.000206515 0.000437545 0.004950024 -0.000206381 1.000000000 -0.000305864 -0.032944355 -0.000437608 0.000305774 0.999999881 0.686197460
0.999999940 0.000222079 0.000432726 0.009628253 -0.000222080 1.000000000 0.000001551 -0.034927599 -0.000432726 -0.000001647 0.999999940 0.850538135
0.999999702 0.000684019 0.000357372 0.013677921 -0.000683974 0.999999702 -0.000126984 -0.031736020 -0.000357458 0.000126739 0.999999940 1.029647231
0.999999762 0.000584676 0.000148186 0.018815778 -0.000584639 0.999999762 -0.000255737 -0.034519609 -0.000148336 0.000255650 1.000000000 1.206864119
0.999999523 0.000960373 0.000256138 0.019034717 -0.000960481 0.999999464 0.000421767 -0.048692204 -0.000255733 -0.000422013 0.999999881 1.384861112
0.999999225 0.001296381 -0.000059706 0.023487614 -0.001296371 0.999999225 0.000171097 -0.049810149 0.000059927 -0.000171019 0.999999940 1.576183081
0.999999762 0.000703756 0.000113758 0.026797175 -0.000703815 0.999999642 0.000524527 -0.058171038 -0.000113388 -0.000524607 0.999999821 1.776391506
0.999999762 0.000379953 0.000580108 0.028504454 -0.000380463 0.999999523 0.000880750 -0.068932630 -0.000579773 -0.000880970 0.999999464 1.950272441
0.999999940 -0.000180274 0.000341970 0.037008051 0.000179933 0.999999404 0.000994973 -0.076275781 -0.000342149 -0.000994912 0.999999464 2.160891533
0.999999940 0.000043225 0.000410826 0.041511606 -0.000043599 0.999999583 0.000909083 -0.080164962 -0.000410786 -0.000909101 0.999999523 2.379720688
0.999999762 0.000441650 0.000563152 0.044973519 -0.000442225 0.999999404 0.001022260 -0.087877192 -0.000562700 -0.001022509 0.999999344 2.594774961
0.999999762 0.000350509 0.000643294 0.050534699 -0.000351292 0.999999225 0.001216122 -0.094994798 -0.000642867 -0.001216347 0.999999106 2.823342085
0.999999821 0.000275174 0.000478089 0.057403378 -0.000275658 0.999999464 0.001012150 -0.100360259 -0.000477810 -0.001012282 0.999999344 3.062811375
0.999999821 0.000500180 0.000150472 0.064046212 -0.000500369 0.999999046 0.001259319 -0.106923394 -0.000149842 -0.001259394 0.999999225 3.306122303
0.999999940 0.000179561 0.000248035 0.065902539 -0.000179957 0.999998629 0.001597966 -0.113172263 -0.000247747 -0.001598010 0.999998689 3.553764820
0.999999762 0.000554430 0.000508626 0.066938616 -0.000555250 0.999998510 0.001613701 -0.118647769 -0.000507730 -0.001613983 0.999998510 3.811857462
0.999999583 0.000822077 0.000422000 0.071677752 -0.000822689 0.999998629 0.001452976 -0.123284779 -0.000420805 -0.001453322 0.999998808 4.061926365
0.999999404 0.000923022 0.000563408 0.076768115 -0.000923776 0.999998689 0.001339129 -0.126193419 -0.000562171 -0.001339649 0.999998987 4.329051971
0.999999762 0.000580584 0.000402826 0.081592605 -0.000581063 0.999999166 0.001190089 -0.133384362 -0.000402134 -0.001190323 0.999999285 4.580649376
0.999999702 0.000501799 0.000568367 0.083900228 -0.000502491 0.999999106 0.001218091 -0.141458750 -0.000567755 -0.001218376 0.999999106 4.832880974
0.999999404 0.000855659 0.000716233 0.088200949 -0.000856644 0.999998689 0.001376259 -0.148892850 -0.000715054 -0.001376872 0.999998808 5.091884613
0.999999106 0.001080890 0.000716749 0.094693013 -0.001081994 0.999998152 0.001540790 -0.161120355 -0.000715082 -0.001541564 0.999998569 5.351523399
0.999998391 0.001458381 0.001058065 0.098757938 -0.001460015 0.999997735 0.001545492 -0.163828582 -0.001055808 -0.001547034 0.999998271 5.622229099
0.999999642 0.000555433 0.000772381 0.104990907 -0.000556759 0.999998391 0.001718436 -0.173983827 -0.000771425 -0.001718866 0.999998152 5.891947269
0.999999225 0.000860387 0.000963883 0.106177144 -0.000861910 0.999998391 0.001580561 -0.182060659 -0.000962522 -0.001581390 0.999998271 6.166718006
0.999999285 0.000440476 0.001040051 0.116225980 -0.000442093 0.999998629 0.001554467 -0.186893538 -0.001039365 -0.001554926 0.999998271 6.454865932
0.999998927 0.000786730 0.001146176 0.117677733 -0.000788394 0.999998569 0.001451257 -0.193481207 -0.001145032 -0.001452159 0.999998331 6.744222164
0.999998331 0.001466112 0.001104395 0.126409858 -0.001467681 0.999997914 0.001421517 -0.207782537 -0.001102309 -0.001423136 0.999998331 7.041563034
0.999998987 0.001067500 0.000929373 0.134967044 -0.001069134 0.999997914 0.001759009 -0.218101710 -0.000927493 -0.001760001 0.999998033 7.344199181
0.999997914 0.001638807 0.001212722 0.137829125 -0.001641662 0.999995887 0.002356705 -0.236069307 -0.001208855 -0.002358691 0.999996483 7.642403603
0.999997973 0.001598218 0.001148666 0.147858486 -0.001600979 0.999995828 0.002406919 -0.240774482 -0.001144814 -0.002408753 0.999996424 7.967536926
0.999996841 0.001904423 0.001634151 0.149760202 -0.001908051 0.999995708 0.002221204 -0.248369262 -0.001629913 -0.002224315 0.999996185 8.266033173
0.999997497 0.001603978 0.001606477 0.157546863 -0.001607322 0.999996483 0.002082291 -0.255625367 -0.001603131 -0.002084868 0.999996543 8.588602066
0.999997377 0.001328345 0.001859488 0.159460023 -0.001332156 0.999997020 0.002049760 -0.263133377 -0.001856759 -0.002052232 0.999996126 8.935022354
0.999996781 0.001865467 0.001693503 0.166582912 -0.001869398 0.999995649 0.002323044 -0.277147472 -0.001689162 -0.002326203 0.999995887 9.274467468
0.999997497 0.001513780 0.001650783 0.176410571 -0.001518037 0.999995530 0.002580559 -0.290235430 -0.001646869 -0.002583059 0.999995232 9.607912064
0.999998212 0.000958132 0.001663935 0.184792697 -0.000962694 0.999995828 0.002742606 -0.299071431 -0.001661300 -0.002744203 0.999994814 9.961917877
0.999995708 0.002401816 0.001637322 0.189954504 -0.002407063 0.999992073 0.003210323 -0.318005204 -0.001629599 -0.003214251 0.999993503 10.311721802
0.999996901 0.002151585 0.001260874 0.203939244 -0.002155383 0.999993086 0.003018165 -0.326316327 -0.001254372 -0.003020874 0.999994636 10.664087296
0.999998271 0.001625089 0.000909379 0.213520229 -0.001627589 0.999994874 0.002755542 -0.331925273 -0.000904897 -0.002757017 0.999995828 11.033617973
0.999997139 0.001869053 0.001496818 0.218721047 -0.001873167 0.999994457 0.002751654 -0.339788198 -0.001491667 -0.002754450 0.999995112 11.431067467
0.999997854 0.001251020 0.001604403 0.230240762 -0.001254507 0.999996960 0.002174231 -0.338063657 -0.001601678 -0.002176239 0.999996364 11.815742493
0.999997020 0.001396427 0.001975329 0.233175829 -0.001401322 0.999995947 0.002479105 -0.352025181 -0.001971859 -0.002481865 0.999994993 12.200440407
0.999995589 0.002292907 0.001856812 0.238753170 -0.002298079 0.999993443 0.002788270 -0.370665222 -0.001850406 -0.002792525 0.999994397 12.578053474
0.999994338 0.002427826 0.002325621 0.241533905 -0.002434690 0.999992669 0.002953079 -0.381368756 -0.002318434 -0.002958724 0.999992907 12.980408669
0.999997675 0.001154518 0.001794049 0.259841233 -0.001160006 0.999994636 0.003060832 -0.398562938 -0.001790505 -0.003062906 0.999993682 13.396159172
0.999995232 0.002101975 0.002240505 0.261642516 -0.002109841 0.999991596 0.003514181 -0.412113249 -0.002233099 -0.003518891 0.999991298 13.788400650
0.999997079 0.001582747 0.001790083 0.276645064 -0.001588762 0.999993086 0.003363654 -0.422794849 -0.001784747 -0.003366488 0.999992728 14.204596519
0.999995172 0.002105040 0.002247251 0.282559365 -0.002111963 0.999993026 0.003082716 -0.435823143 -0.002240746 -0.003087447 0.999992728 14.620409012
0.999994040 0.002266036 0.002597198 0.287965000 -0.002274566 0.999992013 0.003285883 -0.436023265 -0.002589732 -0.003291771 0.999991179 15.062955856
0.999989092 0.003611371 0.002962147 0.299069613 -0.003620943 0.999988198 0.003232520 -0.447321564 -0.002950439 -0.003243210 0.999990404 15.500679970
0.999987483 0.003185444 0.003862677 0.310061604 -0.003197736 0.999989808 0.003180439 -0.462793887 -0.003852507 -0.003192751 0.999987423 15.928198814
0.999987721 0.002832158 0.004059777 0.312735796 -0.002847614 0.999988794 0.003806517 -0.491548687 -0.004048951 -0.003818031 0.999984443 16.347980499
0.999985754 0.003063778 0.004361934 0.321990192 -0.003078813 0.999989271 0.003444405 -0.502273560 -0.004351335 -0.003457786 0.999984503 16.794794083
0.999984920 0.003045487 0.004574364 0.331735641 -0.003062977 0.999988139 0.003821691 -0.519989610 -0.004562669 -0.003835645 0.999982238 17.238470078
0.999981344 0.003524987 0.004975294 0.338516474 -0.003545799 0.999984920 0.004180418 -0.532327652 -0.004960483 -0.004197982 0.999978900 17.701314926
0.999978721 0.003475919 0.005511614 0.348606676 -0.003498213 0.999985754 0.004040443 -0.541100264 -0.005497491 -0.004059638 0.999976695 18.173612595
0.999980032 0.003104616 0.005500298 0.367703438 -0.003125779 0.999987721 0.003843226 -0.550609052 -0.005488299 -0.003860341 0.999977529 18.644369125
0.999977946 0.003235492 0.005795894 0.380890429 -0.003257588 0.999987364 0.003806948 -0.567128122 -0.005783504 -0.003825746 0.999975920 19.121660233
0.999979317 0.003370966 0.005475862 0.395261794 -0.003392576 0.999986470 0.003941808 -0.591898084 -0.005462500 -0.003960304 0.999977231 19.603759766
0.999981463 0.003345394 0.005095598 0.404896557 -0.003366858 0.999985456 0.004209566 -0.604065239 -0.005081442 -0.004226645 0.999978185 20.093555450
0.999979854 0.003433448 0.005346852 0.425113291 -0.003453666 0.999986887 0.003776843 -0.615195811 -0.005333814 -0.003795233 0.999978602 20.584926605
0.999974430 0.004279092 0.005726254 0.418548942 -0.004302858 0.999982119 0.004144379 -0.633333087 -0.005708417 -0.004168912 0.999975026 21.055826187
0.999975443 0.004531480 0.005337305 0.414822727 -0.004552077 0.999982238 0.003853272 -0.629652560 -0.005319749 -0.003877473 0.999978304 21.584655762
0.999979436 0.004478265 0.004583542 0.428414851 -0.004494869 0.999983311 0.003618764 -0.640555203 -0.004567259 -0.003639293 0.999982953 22.096778870
0.999980032 0.004267264 0.004661485 0.445755213 -0.004287880 0.999981165 0.004421751 -0.664252102 -0.004642528 -0.004441651 0.999979377 22.575321198
0.999977231 0.005246090 0.004272839 0.454268306 -0.005266361 0.999974787 0.004746750 -0.690639198 -0.004247830 -0.004769143 0.999979615 23.077062607
0.999981582 0.004680383 0.003858450 0.454898804 -0.004698399 0.999978065 0.004673576 -0.700464129 -0.003836492 -0.004691619 0.999981642 23.630096436
0.999989748 0.003138421 0.003249185 0.469727486 -0.003153260 0.999984622 0.004571838 -0.716101646 -0.003234786 -0.004582038 0.999984264 24.159099579
0.999979436 0.005492990 0.003313233 0.469373047 -0.005508976 0.999973059 0.004834831 -0.740033031 -0.003286587 -0.004852983 0.999982834 24.669780731
0.999979258 0.005844095 0.002697181 0.482105970 -0.005857236 0.999970913 0.004890134 -0.747734904 -0.002668524 -0.004905831 0.999984324 25.218145370
0.999979675 0.005966885 0.002245421 0.488750756 -0.005978691 0.999968171 0.005288110 -0.767245770 -0.002213796 -0.005301428 0.999983490 25.758880615
0.999982178 0.005798747 0.001358348 0.504267216 -0.005805307 0.999971211 0.004875792 -0.776302457 -0.001330035 -0.004883591 0.999987185 26.321865082
0.999983728 0.005543321 0.001357673 0.514916658 -0.005550427 0.999970615 0.005286320 -0.787052870 -0.001328329 -0.005293770 0.999985099 26.876518250
0.999982476 0.005855089 0.000845268 0.525890231 -0.005859593 0.999968112 0.005428090 -0.804778755 -0.000813459 -0.005432948 0.999984920 27.427076340
0.999979019 0.006439333 0.000685790 0.530630112 -0.006442952 0.999964654 0.005411056 -0.818662286 -0.000650922 -0.005415362 0.999985158 27.976102829
0.999976754 0.006825065 0.000330191 0.549301624 -0.006826745 0.999962330 0.005386110 -0.828159571 -0.000293418 -0.005388238 0.999985456 28.519741058
0.999979973 0.006341888 0.000137336 0.558064103 -0.006342579 0.999963164 0.005806145 -0.849755049 -0.000100509 -0.005806901 0.999983132 29.072908401
0.999976873 0.006804044 -0.000005981 0.565035939 -0.006803906 0.999961317 0.005579031 -0.859959364 0.000043941 -0.005578861 0.999984384 29.607221603
0.999977469 0.006713913 -0.000099370 0.571573734 -0.006713274 0.999962687 0.005434003 -0.871262431 0.000135850 -0.005433214 0.999985158 30.167757034
0.999975026 0.007059218 -0.000370912 0.586256564 -0.007057147 0.999960959 0.005319621 -0.885746956 0.000408450 -0.005316870 0.999985695 30.701156616
0.999973118 0.007313849 -0.000385854 0.595591068 -0.007311575 0.999957621 0.005596553 -0.902804732 0.000426770 -0.005593583 0.999984264 31.248989105
0.999966025 0.008206493 -0.000631306 0.604251266 -0.008203081 0.999952734 0.005230314 -0.909146488 0.000674198 -0.005224959 0.999986112 31.798101425
0.999970078 0.007687218 -0.000819024 0.614592314 -0.007682739 0.999956191 0.005339928 -0.929105937 0.000860038 -0.005333475 0.999985337 32.356037140
0.999967217 0.007936239 -0.001629910 0.619534135 -0.007927403 0.999954224 0.005358374 -0.951056361 0.001672361 -0.005345277 0.999984264 32.892375946
0.999971092 0.007459420 -0.001491359 0.640237689 -0.007451129 0.999957144 0.005490645 -0.959008574 0.001532252 -0.005479374 0.999983788 33.425426483
0.999969304 0.007676910 -0.001577613 0.649838626 -0.007667364 0.999952912 0.005970148 -0.975506186 0.001623371 -0.005957870 0.999980927 33.981456757
0.999972284 0.007237212 -0.001739241 0.653640866 -0.007226439 0.999955118 0.006122478 -0.990872025 0.001783473 -0.006109740 0.999979734 34.515834808
0.999970436 0.007461582 -0.001862735 0.664418757 -0.007449797 0.999952614 0.006255100 -1.009424686 0.001909319 -0.006241038 0.999978721 35.044250488
0.999970555 0.007450082 -0.001852336 0.682319045 -0.007438821 0.999954224 0.006013042 -1.014850259 0.001897049 -0.005999085 0.999980211 35.594131470
0.999970198 0.007292193 -0.002538529 0.685115337 -0.007278132 0.999958336 0.005504829 -1.022771835 0.002578565 -0.005486190 0.999981642 36.165855408
0.999969244 0.007370090 -0.002678774 0.694295526 -0.007355678 0.999958575 0.005350257 -1.036186814 0.002718095 -0.005330388 0.999982059 36.709838867
0.999965250 0.008012894 -0.002303729 0.702079058 -0.007999120 0.999950469 0.005927160 -1.053667903 0.002351108 -0.005908527 0.999979794 37.233009338
0.999966264 0.007835132 -0.002489514 0.707486033 -0.007820929 0.999953389 0.005665222 -1.064926386 0.002533786 -0.005645559 0.999980867 37.777660370
0.999961436 0.008318538 -0.002823717 0.730730295 -0.008305291 0.999954522 0.004671528 -1.057634473 0.002862450 -0.004647896 0.999985099 38.396354675
0.999963284 0.008185012 -0.002575731 0.738731384 -0.008173647 0.999956906 0.004392239 -1.068108320 0.002611571 -0.004371025 0.999987066 38.947048187
0.999966800 0.007119641 -0.003970198 0.767957449 -0.007096831 0.999958396 0.005730412 -1.102626085 0.004010834 -0.005702046 0.999975681 39.453063965
0.999966204 0.007455575 -0.003471664 0.770641685 -0.007437164 0.999958336 0.005286505 -1.111171246 0.003510934 -0.005260507 0.999979973 40.003849030
0.999967277 0.006787118 -0.004386530 0.793670416 -0.006759639 0.999957621 0.006249337 -1.147366285 0.004428760 -0.006219481 0.999970853 40.529254913
0.999969244 0.006667158 -0.004124986 0.802732289 -0.006641704 0.999959052 0.006154212 -1.158872962 0.004165848 -0.006126625 0.999972522 41.081516266
0.999972701 0.006179072 -0.004038035 0.828034997 -0.006150323 0.999955952 0.007093905 -1.178616047 0.004081691 -0.007068876 0.999966681 41.630146027
0.999968827 0.006710435 -0.004165364 0.833676875 -0.006682823 0.999955893 0.006608003 -1.186629891 0.004209523 -0.006579961 0.999969423 42.178409576
0.999971926 0.006390414 -0.003885775 0.846769333 -0.006362461 0.999954104 0.007164130 -1.204070568 0.003931378 -0.007139206 0.999966800 42.704990387
0.999970734 0.006642276 -0.003780832 0.821326375 -0.006619705 0.999960303 0.005951404 -1.205823779 0.003820212 -0.005926202 0.999975145 43.261882782
0.999963999 0.007758108 -0.003422997 0.825170219 -0.007736727 0.999950707 0.006216045 -1.223435402 0.003471053 -0.006189339 0.999974847 43.822986603
0.999961674 0.008218931 -0.003015739 0.834424615 -0.008200092 0.999947071 0.006207103 -1.231936097 0.003066596 -0.006182136 0.999976218 44.371185303
0.999960721 0.008516653 -0.002447317 0.831472814 -0.008501917 0.999946058 0.005969112 -1.244305491 0.002498022 -0.005948070 0.999979198 44.904006958
0.999958396 0.008883723 -0.002037816 0.843605161 -0.008871764 0.999943793 0.005803254 -1.257715344 0.002089255 -0.005784935 0.999981105 45.454528809
0.999953389 0.009487653 -0.001768254 0.850774884 -0.009477569 0.999939263 0.005626363 -1.267352462 0.001821527 -0.005609342 0.999982655 45.999450684
0.999956012 0.009055044 -0.002442542 0.852685153 -0.009041062 0.999943018 0.005675085 -1.279640436 0.002493791 -0.005652752 0.999980927 46.540931702
0.999949753 0.009731629 -0.002368990 0.857974052 -0.009718153 0.999936879 0.005635668 -1.289443970 0.002423685 -0.005612363 0.999981225 47.075229645
0.999948978 0.009806822 -0.002432893 0.866382241 -0.009792414 0.999934852 0.005865621 -1.303717375 0.002490258 -0.005841498 0.999979854 47.613723755
0.999952376 0.009438977 -0.002483924 0.872872293 -0.009424300 0.999938428 0.005855447 -1.318813682 0.002539041 -0.005831759 0.999979794 48.162014008
0.999951243 0.009581845 -0.002364055 0.882111669 -0.009567549 0.999936223 0.005986292 -1.330295563 0.002421264 -0.005963382 0.999979317 48.681446075
0.999951422 0.009553499 -0.002418253 0.892406046 -0.009540366 0.999939919 0.005385122 -1.338685274 0.002469555 -0.005361790 0.999982655 49.230148315
0.999944746 0.010332437 -0.001926470 0.890319705 -0.010320850 0.999929130 0.005930845 -1.359614849 0.001987614 -0.005910635 0.999980569 49.769622803
0.999947131 0.010110122 -0.001836721 0.899921894 -0.010098948 0.999931037 0.005994743 -1.372175217 0.001897201 -0.005975877 0.999980330 50.304222107
0.999951839 0.009637775 -0.001835731 0.908442795 -0.009625943 0.999933422 0.006349251 -1.392634153 0.001896802 -0.006331275 0.999978125 50.823478699
0.999945641 0.010278520 -0.001759229 0.912107527 -0.010268042 0.999930084 0.005864731 -1.398557186 0.001819386 -0.005846348 0.999981284 51.372825623
0.999940515 0.010762605 -0.001746044 0.913561881 -0.010751970 0.999924183 0.005990127 -1.409708261 0.001810381 -0.005970997 0.999980509 51.901679993
0.999941468 0.010688202 -0.001682988 0.930806518 -0.010678268 0.999926150 0.005806200 -1.421646833 0.001744922 -0.005787888 0.999981642 52.446426392
0.999942124 0.010592316 -0.001839433 0.937847555 -0.010580928 0.999925375 0.006094323 -1.437077165 0.001903849 -0.006074509 0.999979734 52.970363617
0.999938786 0.010924057 -0.001751854 0.951447785 -0.010913941 0.999924302 0.005684662 -1.454043269 0.001813820 -0.005665195 0.999982297 53.496055603
0.999938965 0.010937313 -0.001533455 0.945541382 -0.010929033 0.999926150 0.005306209 -1.467578888 0.001591378 -0.005289126 0.999984741 54.041164398
0.999936163 0.011250307 -0.000984392 0.940154672 -0.011244541 0.999920666 0.005679355 -1.486163616 0.001048208 -0.005667923 0.999983370 54.564445496
0.999930203 0.011744092 -0.001271907 0.951321721 -0.011736791 0.999915540 0.005603233 -1.497843862 0.001337605 -0.005587914 0.999983490 55.114063263
0.999942303 0.010669073 -0.001246596 0.964342833 -0.010662045 0.999927938 0.005514329 -1.512699604 0.001305338 -0.005500719 0.999984026 55.618427277
0.999936938 0.011166202 -0.001176775 0.957435489 -0.011159464 0.999922156 0.005583916 -1.525634885 0.001239034 -0.005570433 0.999983668 56.145286560
0.999940038 0.010912517 -0.000944016 0.964745164 -0.010906801 0.999923348 0.005862401 -1.552337408 0.001007917 -0.005851754 0.999982357 56.664321899
0.999937177 0.011185125 -0.000749680 0.966301680 -0.011180676 0.999921203 0.005697074 -1.560758352 0.000813343 -0.005688333 0.999983490 57.215595245
0.999934018 0.011445806 -0.000929795 0.974243343 -0.011440391 0.999918640 0.005634947 -1.577266693 0.000994216 -0.005623938 0.999983609 57.746170044
0.999933422 0.011530137 -0.000238113 0.974483550 -0.011528593 0.999917328 0.005693905 -1.595253587 0.000303745 -0.005690780 0.999983788 58.272521973
0.999930680 0.011766197 -0.000456769 0.979744494 -0.011763325 0.999913633 0.005849410 -1.612854242 0.000525555 -0.005843631 0.999982774 58.795486450
0.999929190 0.011896003 0.000104064 0.971920192 -0.011896414 0.999910891 0.006055524 -1.637777328 -0.000032018 -0.006056333 0.999981582 59.318943024
0.999930024 0.011824234 -0.000234658 0.982978225 -0.011822513 0.999910057 0.006331650 -1.658345938 0.000309503 -0.006328432 0.999979913 59.840267181
0.999927104 0.012076145 0.000068864 0.984917879 -0.012076340 0.999906123 0.006475559 -1.673829675 0.000009343 -0.006475918 0.999979019 60.385757446
0.999922693 0.012431155 0.000153080 0.995997488 -0.012431861 0.999903679 0.006170338 -1.690430880 -0.000076361 -0.006171765 0.999980927 60.911754608
0.999917567 0.012836968 0.000314417 1.007913113 -0.012838822 0.999894023 0.006852336 -1.725325584 -0.000226420 -0.006855807 0.999976397 61.398532867
0.999920607 0.012590725 0.000522686 1.001099467 -0.012594125 0.999895334 0.007113486 -1.748293161 -0.000433068 -0.007119504 0.999974549 62.002742767
0.999905825 0.013667230 0.001320097 1.002210259 -0.013676194 0.999881685 0.007037674 -1.768967986 -0.001223755 -0.007055065 0.999974370 62.544322968
0.999901950 0.013954773 0.001153453 1.009358525 -0.013962890 0.999875546 0.007359040 -1.785036087 -0.001050616 -0.007374424 0.999972284 63.071002960
0.999895632 0.014372539 0.001428824 1.010158658 -0.014382238 0.999871850 0.007029525 -1.801368952 -0.001327609 -0.007049342 0.999974251 63.594646454
0.999897003 0.014291760 0.001315914 1.022058487 -0.014301104 0.999870420 0.007388216 -1.815774679 -0.001210153 -0.007406274 0.999971867 64.113586426
0.999898791 0.014138081 0.001580063 1.022080660 -0.014149260 0.999873221 0.007301321 -1.823832273 -0.001476636 -0.007322938 0.999972045 64.637336731
0.999902725 0.013875009 0.001415723 1.034657121 -0.013884473 0.999879658 0.006909097 -1.830274820 -0.001319689 -0.006928081 0.999975145 65.161514282
0.999899983 0.014062583 0.001500587 1.046325088 -0.014073193 0.999874175 0.007310734 -1.842653871 -0.001397591 -0.007331121 0.999972165 65.704292297
0.999912560 0.013151786 0.001385269 1.053668022 -0.013160507 0.999892354 0.006486304 -1.847656727 -0.001299814 -0.006503968 0.999978006 66.216835022
0.999902785 0.013869920 0.001438411 1.059469223 -0.013879593 0.999879539 0.006949937 -1.867437482 -0.001341843 -0.006969227 0.999974787 66.729728699
0.999903917 0.013810314 0.001198531 1.072787523 -0.013817963 0.999882519 0.006627696 -1.874883652 -0.001106860 -0.006643619 0.999977291 67.258895874
0.999896824 0.014227419 0.001980898 1.073644638 -0.014240393 0.999876082 0.006697831 -1.888235569 -0.001885360 -0.006725349 0.999975622 67.782623291
0.999888837 0.014800357 0.001802900 1.079883099 -0.014811215 0.999871254 0.006165625 -1.892809987 -0.001711415 -0.006191643 0.999979377 68.308807373
0.999895573 0.014375139 0.001482869 1.084651113 -0.014384819 0.999873757 0.006737306 -1.909036994 -0.001385832 -0.006757933 0.999976158 68.806266785
0.999889255 0.014770659 0.001838369 1.099537373 -0.014782523 0.999868810 0.006616250 -1.920352578 -0.001740401 -0.006642693 0.999976397 69.362266541
0.999893785 0.014450043 0.001902876 1.091763973 -0.014462294 0.999873638 0.006590032 -1.929921389 -0.001807409 -0.006616853 0.999976397 69.841156006
0.999900818 0.014002568 0.001532822 1.102983356 -0.014011883 0.999882340 0.006245492 -1.942062140 -0.001445189 -0.006266351 0.999979258 70.373535156
0.999896586 0.014261064 0.001820520 1.110079527 -0.014272732 0.999876559 0.006565731 -1.955638289 -0.001726661 -0.006591036 0.999976754 70.857437134
0.999897301 0.014209322 0.001876461 1.114191651 -0.014221496 0.999876738 0.006642781 -1.965245485 -0.001781840 -0.006668785 0.999976158 71.373847961
0.999884665 0.015037214 0.002106346 1.117722392 -0.015050563 0.999865770 0.006473055 -1.979418993 -0.002008726 -0.006504011 0.999976814 71.892669678
0.999888659 0.014811512 0.001828498 1.127522945 -0.014822645 0.999870718 0.006231567 -1.989064097 -0.001735963 -0.006257976 0.999978900 72.401168823
0.999879897 0.015316493 0.002368307 1.122952819 -0.015332229 0.999859512 0.006775836 -2.009200811 -0.002264193 -0.006811334 0.999974251 72.902328491
0.999879956 0.015291263 0.002536936 1.129398227 -0.015307822 0.999860764 0.006641381 -2.017520666 -0.002435028 -0.006679419 0.999974668 73.417190552
0.999878526 0.015326706 0.002835065 1.127293468 -0.015346091 0.999858081 0.006947639 -2.033628225 -0.002728179 -0.006990302 0.999971867 73.925476074
0.999874532 0.015625432 0.002585274 1.134454489 -0.015643409 0.999852538 0.007086267 -2.045063257 -0.002474167 -0.007125822 0.999971569 74.447975159
0.999869406 0.015876301 0.003011683 1.133130550 -0.015896671 0.999850035 0.006864961 -2.055800676 -0.002902242 -0.006911941 0.999971926 74.965133667
0.999863386 0.016193042 0.003305017 1.128699422 -0.016215097 0.999845624 0.006760571 -2.068577766 -0.003195032 -0.006813238 0.999971688 75.487022400
0.999859512 0.016376102 0.003554909 1.129335403 -0.016398691 0.999844849 0.006420685 -2.079178572 -0.003449212 -0.006478078 0.999973059 76.013717651
0.999849558 0.016872352 0.004019823 1.122558951 -0.016898347 0.999835849 0.006523785 -2.100170612 -0.003909092 -0.006590732 0.999970615 76.535484314
0.999845088 0.017080713 0.004236737 1.115786552 -0.017108874 0.999831140 0.006703032 -2.111640692 -0.004121528 -0.006774480 0.999968588 77.084220886
0.999844551 0.017086431 0.004352472 1.118644118 -0.017115550 0.999830902 0.006743861 -2.135960579 -0.004236507 -0.006817309 0.999967813 77.594757080
0.999839842 0.017351469 0.004365072 1.132723212 -0.017380612 0.999826372 0.006729468 -2.146910191 -0.004247547 -0.006804259 0.999967873 78.139289856
0.999839365 0.017365634 0.004430200 1.131439328 -0.017392142 0.999830663 0.006016804 -2.151818275 -0.004324964 -0.006092888 0.999972105 78.960151672
0.999832153 0.017721608 0.004648752 1.144458055 -0.017750189 0.999823272 0.006180033 -2.168974161 -0.004538411 -0.006261512 0.999970078 79.518218994
0.999818981 0.018097313 0.005877213 1.134980202 -0.018133946 0.999816120 0.006240095 -2.189024925 -0.005763203 -0.006345541 0.999963284 80.066345215
0.999816060 0.017689524 0.007404678 1.144196033 -0.017734814 0.999824166 0.006096324 -2.213366985 -0.007295534 -0.006226524 0.999953985 80.606628418
0.999791682 0.018171556 0.009288576 1.106181622 -0.018237583 0.999808609 0.007073941 -2.272858858 -0.009158254 -0.007241868 0.999931812 81.093505859
0.999774277 0.018344922 0.010717072 1.106799006 -0.018421646 0.999805093 0.007104391 -2.288949251 -0.010584652 -0.007300214 0.999917328 81.616577148
0.999725759 0.018802792 0.013961365 1.131432056 -0.018897608 0.999799013 0.006690491 -2.291614056 -0.013832757 -0.006952494 0.999880135 82.185035706
0.999677420 0.018462079 0.017442141 1.163396358 -0.018573035 0.999808133 0.006220879 -2.277650118 -0.017323941 -0.006542826 0.999828517 82.766105652
0.999625087 0.018021785 0.020613912 1.187727571 -0.018148949 0.999817312 0.005998546 -2.288856268 -0.020502042 -0.006370418 0.999769509 83.303153992
0.999516368 0.018595235 0.024924276 1.210580230 -0.018751675 0.999805808 0.006057452 -2.295777082 -0.024806798 -0.006521895 0.999670982 83.888130188
0.999352932 0.018417982 0.030895157 1.242644787 -0.018607656 0.999809802 0.005863104 -2.309582233 -0.030781291 -0.006434198 0.999505401 84.444633484
0.999154866 0.018267304 0.036820486 1.271816850 -0.018476553 0.999814987 0.005350646 -2.320507288 -0.036715921 -0.006026440 0.999307573 85.017326355
0.998892426 0.018912882 0.043083142 1.307408094 -0.019162910 0.999801934 0.005397778 -2.331819296 -0.042972513 -0.006217400 0.999056935 85.575759888
0.998439133 0.020219086 0.052062854 1.331804514 -0.020536022 0.999773681 0.005559802 -2.346392393 -0.051938646 -0.006620286 0.998628438 86.154922485
0.998046458 0.018299649 0.059735548 1.404335976 -0.018613730 0.999815702 0.004705643 -2.351770639 -0.059638433 -0.005808352 0.998203158 86.685523987
0.997608960 0.018318165 0.066638142 1.457825184 -0.018692598 0.999812782 0.004999592 -2.362168789 -0.066534095 -0.006233278 0.997764707 87.235954285
0.996943414 0.018770827 0.075838827 1.514176369 -0.019178683 0.999805272 0.004653206 -2.374842644 -0.075736701 -0.006093472 0.997109234 87.783668518
0.996191502 0.017958768 0.085322924 1.596492290 -0.018348258 0.999824524 0.003782838 -2.389141083 -0.085240021 -0.005333959 0.996346116 88.323806763
0.995350659 0.018372463 0.094548889 1.660963535 -0.018841365 0.999814212 0.004068970 -2.398823738 -0.094456568 -0.005831482 0.995511889 88.875213623
0.994666815 0.017430315 0.101656944 1.728412628 -0.017908279 0.999832392 0.003790933 -2.414967060 -0.101573832 -0.005591216 0.994812310 89.423233032
0.993583798 0.017880121 0.111675985 1.809699059 -0.018397156 0.999824166 0.003600875 -2.423213482 -0.111591980 -0.005632292 0.993738174 89.954879761
0.992366552 0.017921207 0.122014210 1.898708344 -0.018500812 0.999822319 0.003618926 -2.437692642 -0.121927671 -0.005848663 0.992521763 90.477119446
0.991225362 0.017081061 0.131074026 1.996954918 -0.017687544 0.999837577 0.003464106 -2.447978735 -0.130993575 -0.005752089 0.991366446 91.011215210
0.989627957 0.016819252 0.142666221 2.098906517 -0.017466575 0.999842048 0.003286099 -2.455690384 -0.142588392 -0.005743905 0.989765406 91.546653748
0.987786710 0.016448133 0.154941395 2.204555511 -0.017105363 0.999849379 0.002909452 -2.472107887 -0.154870212 -0.005524247 0.987919331 92.065193176
0.986115396 0.015522239 0.165334001 2.316195488 -0.016164811 0.999866068 0.002541563 -2.483191013 -0.165272415 -0.005178867 0.986234367 92.607009888
0.984213710 0.016329873 0.176229283 2.438251495 -0.017040715 0.999851644 0.002520885 -2.496816158 -0.176162004 -0.005484163 0.984345913 93.136970520
0.981838048 0.016070070 0.189039126 2.560136795 -0.016834620 0.999855340 0.002439317 -2.511515617 -0.188972563 -0.005577416 0.981966555 93.648551941
0.979464531 0.016028607 0.200978875 2.695590973 -0.016828377 0.999855816 0.002271394 -2.527284861 -0.200913504 -0.005606897 0.979592919 94.162353516
0.977417409 0.014440885 0.210823491 2.826498032 -0.015164921 0.999883354 0.001817906 -2.533435822 -0.210772634 -0.004973975 0.977522433 94.671989441
0.974480808 0.014884912 0.223976746 2.975818634 -0.015742425 0.999873996 0.002043315 -2.544107676 -0.223918125 -0.005517108 0.974592268 95.208053589
0.971402109 0.013529769 0.237054348 3.129367828 -0.014316285 0.999896228 0.001596702 -2.560896635 -0.237008139 -0.004944778 0.971495092 95.730712891
0.968746126 0.014095176 0.247653618 3.358053207 -0.014829054 0.999889374 0.001098195 -2.577557325 -0.247610733 -0.004736342 0.968847930 96.280258179
0.966017067 0.013782629 0.258110583 3.538755417 -0.014661073 0.999891400 0.001478877 -2.606849194 -0.258062124 -0.005212798 0.966114283 96.819213867
0.962370217 0.013441104 0.271409035 3.717102051 -0.014371224 0.999895692 0.001439645 -2.622274399 -0.271361351 -0.005285952 0.962462962 97.342338562
0.958854318 0.012612025 0.283618391 3.892507553 -0.013526882 0.999907732 0.001267355 -2.641225100 -0.283576220 -0.005051681 0.958936393 97.847671509
0.955481470 0.012060584 0.294804275 4.104421616 -0.012731199 0.999918818 0.000355558 -2.631357193 -0.294776112 -0.004092941 0.955557585 98.425666809
0.950764060 0.012737600 0.309653848 4.305757523 -0.013527464 0.999908447 0.000403653 -2.647998095 -0.309620291 -0.004572609 0.950849295 98.979804993
0.946008623 0.013157771 0.323874235 4.508993149 -0.014033615 0.999901414 0.000368802 -2.663002014 -0.323837519 -0.004894015 0.946100056 99.501083374
0.942013144 0.013467562 0.335305661 4.718538284 -0.014314520 0.999897540 0.000054530 -2.676995993 -0.335270524 -0.004851107 0.942109406 100.018875122
0.937157989 0.013914665 0.348627657 4.932825089 -0.014863129 0.999889553 0.000045809 -2.701700687 -0.348588467 -0.005224628 0.937261283 100.509140015
0.932122886 0.012184074 0.361937106 5.186317444 -0.012968931 0.999915838 -0.000260855 -2.702871084 -0.361909777 -0.004450788 0.932202458 101.038978577
0.927962780 0.010656261 0.372520477 5.427474976 -0.011569076 0.999933004 0.000215086 -2.719068050 -0.372493267 -0.004509310 0.928023934 101.545211792
0.923003495 0.010517254 0.384647846 5.654695511 -0.011592260 0.999932647 0.000476144 -2.732192039 -0.384616941 -0.004898420 0.923063219 102.060119629
0.916710317 0.011382990 0.399390310 5.936042786 -0.012046617 0.999927104 -0.000848545 -2.748482704 -0.399370849 -0.004033432 0.916780591 102.565345764
0.910770178 0.010852799 0.412770867 6.189620972 -0.011850550 0.999929845 -0.000142705 -2.763010740 -0.412743419 -0.004761592 0.910834908 103.069221497
0.906013668 0.009856662 0.423133612 6.469944000 -0.010363450 0.999945700 -0.001102959 -2.773334742 -0.423121482 -0.003385828 0.906066656 103.605056763
0.900105834 0.010050164 0.435555458 6.729877472 -0.010397012 0.999944746 -0.001586935 -2.779802084 -0.435547322 -0.003100066 0.900160491 104.090675354
0.893591821 0.009298477 0.448784053 7.018680573 -0.009772085 0.999951422 -0.001260681 -2.806610823 -0.448774070 -0.003259020 0.893639266 104.591613770
0.887637973 0.009247443 0.460448951 7.292743683 -0.009615115 0.999952674 -0.001546888 -2.812621355 -0.460441470 -0.003054193 0.887684822 105.072998047
0.881558239 0.008748611 0.471994251 7.587238312 -0.008991644 0.999958158 -0.001740670 -2.840686798 -0.471989691 -0.002709503 0.881599903 105.580123901
0.874212503 0.008415483 0.485470593 7.886230469 -0.008695899 0.999960899 -0.001674850 -2.864289045 -0.485465646 -0.002757428 0.874251425 106.059150696
0.867009103 0.007801383 0.498231143 8.177551270 -0.007899704 0.999966979 -0.001910780 -2.880683184 -0.498229593 -0.002279215 0.867042243 106.515487671
