1.000000000 0.000000000 0.000000000 0.000000000 0.000000000 1.000000000 0.000000000 0.000000000 0.000000000 0.000000000 1.000000000 0.000000000
1.000000000 0.000044500 0.000137276 -0.000877233 -0.000044503 1.000000000 0.000022008 -0.000132165 -0.000137275 -0.000022014 1.000000000 -0.000177761
1.000000000 0.000118150 0.000145619 -0.000404848 -0.000118170 1.000000000 0.000136036 -0.000502449 -0.000145603 -0.000136053 1.000000000 -0.000890152
1.000000000 0.000160311 -0.000012117 0.000082131 -0.000160309 1.000000000 0.000137452 -0.001040826 0.000012139 -0.000137450 1.000000000 -0.000442111
0.999999940 0.000252015 0.000147897 -0.001645142 -0.000252030 0.999999940 0.000099197 -0.000239038 -0.000147872 -0.000099234 1.000000000 0.000479919
1.000000000 0.000036412 0.000017189 -0.000638349 -0.000036413 1.000000000 0.000093399 -0.000340852 -0.000017186 -0.000093400 1.000000000 -0.000710958
1.000000000 0.000108197 0.000157231 -0.002376386 -0.000108191 1.000000000 -0.000035016 0.001481086 -0.000157234 0.000034999 1.000000000 0.003679908
1.000000000 -0.000061513 0.000166842 -0.001238571 0.000061497 1.000000000 0.000097027 0.000577824 -0.000166848 -0.000097017 1.000000000 0.003020104
1.000000000 0.000014484 0.000149455 -0.001287395 -0.000014476 1.000000000 -0.000054888 0.001432831 -0.000149456 0.000054886 1.000000000 0.002338147
1.000000000 0.000030200 0.000197633 -0.001008604 -0.000030206 1.000000000 0.000033488 0.000336153 -0.000197632 -0.000033494 1.000000000 0.000718061
1.000000000 -0.000072802 0.000194450 -0.001086106 0.000072807 1.000000000 -0.000024107 0.001636395 -0.000194448 0.000024121 1.000000000 0.002630849
1.000000000 0.000066979 0.000081887 -0.000582923 -0.000066982 1.000000000 0.000046121 0.000022860 -0.000081883 -0.000046126 1.000000000 0.000723928
1.000000000 0.000004062 0.000154701 -0.001434397 -0.000004058 1.000000000 -0.000025860 0.001819243 -0.000154701 0.000025859 1.000000000 0.004151080
0.999999940 -0.000044362 0.000253712 -0.002383139 0.000044326 1.000000000 0.000141326 0.000982915 -0.000253719 -0.000141314 0.999999940 0.003911306
1.000000000 0.000002720 0.000157826 -0.002089109 -0.000002730 1.000000000 0.000059471 0.001236001 -0.000157826 -0.000059472 1.000000000 0.003572564
1.000000000 0.000119502 0.000094733 -0.001227398 -0.000119510 1.000000000 0.000086619 0.000194065 -0.000094723 -0.000086630 1.000000000 0.001568928
1.000000000 -0.000071826 0.000081431 -0.001702473 0.000071821 1.000000000 0.000066801 0.000674865 -0.000081435 -0.000066795 1.000000000 0.003032911
0.999999940 0.000171260 0.000368847 -0.003175088 -0.000171284 1.000000000 0.000066482 0.000928826 -0.000368836 -0.000066545 0.999999940 0.003895208
0.999999940 0.000191651 0.000279341 -0.003152159 -0.000191671 1.000000000 0.000069760 0.000523990 -0.000279327 -0.000069813 0.999999940 0.002994326
0.999999940 0.000196708 0.000170416 -0.002029260 -0.000196725 1.000000000 0.000099546 0.000622442 -0.000170397 -0.000099580 1.000000000 0.003362025
0.999999881 0.000369724 0.000310367 -0.003192984 -0.000369780 0.999999940 0.000182061 0.000517827 -0.000310300 -0.000182175 0.999999940 0.003818911
0.999999821 0.000507303 0.000360873 -0.003223398 -0.000507346 0.999999881 0.000118575 -0.000103011 -0.000360812 -0.000118758 0.999999940 0.001491331
1.000000000 0.000077560 0.000220126 -0.002275785 -0.000077590 1.000000000 0.000135467 0.000299582 -0.000220115 -0.000135484 0.999999940 0.002430796
0.999999940 0.000088446 0.000301778 -0.001485967 -0.000088476 1.000000000 0.000100662 -0.000087361 -0.000301769 -0.000100689 0.999999940 0.001577824
0.999999940 0.000124380 0.000244609 -0.002296003 -0.000124381 1.000000000 0.000003128 0.000859366 -0.000244608 -0.000003158 0.999999940 0.001053312
1.000000000 0.000024488 0.000208536 -0.000219338 -0.000024485 1.000000000 -0.000012068 0.000987143 -0.000208536 0.000012063 1.000000000 0.001031726
0.999999940 0.000073493 0.000274750 -0.001890341 -0.000073529 1.000000000 0.000131492 -0.000307081 -0.000274740 -0.000131512 0.999999940 0.000568327
0.999999940 0.000079556 0.000258656 -0.001306377 -0.000079564 1.000000000 0.000031722 0.000659750 -0.000258653 -0.000031743 0.999999940 0.001599058
0.999999940 0.000195776 0.000338368 -0.003502982 -0.000195751 1.000000000 -0.000074564 0.002072603 -0.000338383 0.000074498 0.999999940 0.003369784
0.999999940 0.000151107 0.000327947 -0.003347431 -0.000151122 1.000000000 0.000044553 0.001239648 -0.000327940 -0.000044603 0.999999940 0.002542236
0.999999940 0.000200674 0.000343571 -0.003029275 -0.000200702 1.000000000 0.000082773 0.000841481 -0.000343555 -0.000082841 0.999999940 0.002759733
0.999999940 0.000095972 0.000295555 -0.002302937 -0.000096002 1.000000000 0.000104193 0.000489566 -0.000295545 -0.000104221 0.999999940 0.001678619
0.999999881 0.000256049 0.000376181 -0.003886326 -0.000256057 0.999999940 0.000020828 0.001691051 -0.000376175 -0.000020925 0.999999940 0.003718805
0.999999881 0.000235773 0.000438992 -0.003183388 -0.000235791 1.000000000 0.000040989 0.000982165 -0.000438982 -0.000041092 0.999999881 0.002513948
0.999999940 0.000142446 0.000254742 -0.000867171 -0.000142481 1.000000000 0.000136756 -0.000289044 -0.000254722 -0.000136792 0.999999940 0.000200713
0.999999940 0.000207279 0.000263438 -0.002771745 -0.000207266 1.000000000 -0.000049774 0.003403083 -0.000263448 0.000049720 0.999999940 0.006425005
0.999999940 0.000165377 0.000292788 -0.003294957 -0.000165364 1.000000000 -0.000044106 0.004270316 -0.000292796 0.000044057 0.999999940 0.007001860
0.999999940 -0.000129161 0.000244362 -0.000996532 0.000129149 1.000000000 0.000049512 0.001235903 -0.000244368 -0.000049481 0.999999940 0.002717655
0.999999940 0.000205558 0.000328258 -0.002546861 -0.000205601 0.999999940 0.000131747 0.000970258 -0.000328231 -0.000131814 0.999999940 0.002960484
1.000000000 -0.000029758 0.000234326 -0.001282670 0.000029744 1.000000000 0.000061362 0.001392171 -0.000234328 -0.000061355 1.000000000 0.002774894
0.999999881 0.000078690 0.000443451 -0.002972712 -0.000078686 1.000000000 -0.000009921 0.001613532 -0.000443452 0.000009887 0.999999881 0.004788662
0.999999940 -0.000218569 0.000230714 0.000460849 0.000218761 0.999999642 -0.000835754 0.000912903 -0.000230531 0.000835805 0.999999642 0.055142853
0.999999881 0.000259041 0.000353201 -0.001441080 -0.000258655 0.999999344 -0.001094107 -0.005846919 -0.000353484 0.001094015 0.999999344 0.133009940
0.999999940 0.000228576 0.000103244 0.002832883 -0.000228400 0.999998510 -0.001705269 -0.002942903 -0.000103634 0.001705246 0.999998569 0.255908161
0.999999940 0.000291802 0.000064600 0.004936355 -0.000291723 0.999999225 -0.001223424 -0.011952732 -0.000064957 0.001223405 0.999999225 0.386037260
1.000000000 0.000191408 0.000144996 0.008527776 -0.000191263 0.999999464 -0.000998475 -0.016861578 -0.000145187 0.000998447 0.999999464 0.524736404
0.999999940 0.000374957 0.000100441 0.012677412 -0.000374866 0.999999523 -0.000897610 -0.025000505 -0.000100778 0.000897573 0.999999583 0.666993141
0.999999881 0.000373851 0.000346603 0.016180312 -0.000373510 0.999999464 -0.000981319 -0.024572698 -0.000346969 0.000981190 0.999999464 0.839636207
0.999999940 0.000262405 0.000167373 0.017622102 -0.000262285 0.999999702 -0.000717651 -0.028232854 -0.000167561 0.000717607 0.999999702 1.013764739
1.000000000 0.000095653 0.000035178 0.022346037 -0.000095640 0.999999940 -0.000388685 -0.034316201 -0.000035215 0.000388681 0.999999940 1.189533114
0.999999762 0.000553486 0.000386401 0.016303429 -0.000553217 0.999999583 -0.000695749 -0.033706445 -0.000386786 0.000695535 0.999999702 1.370010495
0.999999940 0.000339833 0.000142332 0.036071468 -0.000339835 0.999999940 0.000014619 -0.053372163 -0.000142327 -0.000014667 1.000000000 1.564559460
0.999999762 0.000578952 0.000390419 0.036850352 -0.000578886 0.999999821 -0.000167847 -0.052318770 -0.000390516 0.000167621 0.999999881 1.758564949
1.000000000 0.000099853 -0.000073574 0.041860543 -0.000099881 0.999999940 -0.000379767 -0.054148111 0.000073536 0.000379774 0.999999940 1.955854297
0.999999523 0.000805294 0.000546301 0.039210036 -0.000805238 0.999999642 -0.000103538 -0.066926323 -0.000546384 0.000103098 0.999999821 2.157632113
0.999998450 0.001429222 0.000967217 0.033707283 -0.001428051 0.999998271 -0.001210623 -0.076711170 -0.000968946 0.001209240 0.999998748 2.405031919
0.999998629 0.001487208 0.000728050 0.045750838 -0.001486499 0.999998450 -0.000974174 -0.085900754 -0.000729497 0.000973090 0.999999285 2.619098425
0.999997854 0.001751563 0.001066195 0.045096394 -0.001750641 0.999998093 -0.000864972 -0.094147637 -0.001067708 0.000863103 0.999999046 2.849242926
0.999998271 0.001688247 0.000705109 0.054795776 -0.001687679 0.999998271 -0.000805594 -0.101306185 -0.000706468 0.000804403 0.999999404 3.089876890
0.999998868 0.001354239 0.000712269 0.056593668 -0.001353474 0.999998510 -0.001073483 -0.102964841 -0.000713722 0.001072518 0.999999166 3.322766304
0.999998450 0.001495755 0.000899138 0.063369520 -0.001494875 0.999998391 -0.000978073 -0.112151720 -0.000900600 0.000976728 0.999999106 3.563414335
0.999998868 0.001311978 0.000672374 0.070217609 -0.001311219 0.999998569 -0.001127934 -0.117368296 -0.000673852 0.001127051 0.999999106 3.821261644
0.999998748 0.001395349 0.000730887 0.076680660 -0.001394450 0.999998331 -0.001228550 -0.123659618 -0.000732600 0.001227529 0.999998927 4.081814766
0.999998927 0.001306689 0.000683386 0.077565089 -0.001306163 0.999998868 -0.000768404 -0.131705031 -0.000684389 0.000767511 0.999999464 4.343312263
0.999997914 0.001807336 0.000950901 0.080089681 -0.001806533 0.999997973 -0.000844881 -0.137905821 -0.000952426 0.000843162 0.999999106 4.592355251
0.999997139 0.002096490 0.001127036 0.086195424 -0.002095870 0.999997675 -0.000550831 -0.145863086 -0.001128188 0.000548468 0.999999166 4.849868774
0.999998331 0.001597438 0.000855025 0.091717690 -0.001596977 0.999998510 -0.000538830 -0.152164593 -0.000855885 0.000537463 0.999999464 5.121364117
0.999997854 0.001716732 0.001162188 0.093161009 -0.001715940 0.999998331 -0.000681968 -0.157783449 -0.001163356 0.000679973 0.999999046 5.376129150
0.999996543 0.001713337 0.002006134 0.080922477 -0.001711326 0.999998033 -0.001004092 -0.165835351 -0.002007851 0.001000655 0.999997497 5.652615547
0.999997735 0.001432294 0.001602341 0.088095233 -0.001431090 0.999998689 -0.000752023 -0.175265536 -0.001603416 0.000749728 0.999998510 5.919597626
0.999997616 0.001303316 0.001725445 0.096870109 -0.001302526 0.999998987 -0.000458511 -0.185872778 -0.001726041 0.000456263 0.999998391 6.195990562
0.999997199 0.001787974 0.001575206 0.101852395 -0.001786921 0.999998152 -0.000669782 -0.192650914 -0.001576401 0.000666966 0.999998569 6.474267483
0.999995708 0.002156864 0.001972024 0.106591448 -0.002155405 0.999997377 -0.000741431 -0.209452718 -0.001973619 0.000737177 0.999997795 6.770038605
0.999995351 0.002275276 0.002030215 0.110723950 -0.002273973 0.999997199 -0.000643567 -0.214935988 -0.002031674 0.000638948 0.999997735 7.071224213
0.999995708 0.002200893 0.001910726 0.117440909 -0.002198986 0.999997079 -0.000999131 -0.219858348 -0.001912919 0.000994925 0.999997735 7.376502991
0.999995410 0.001903143 0.002335202 0.122197211 -0.001900062 0.999997258 -0.001320822 -0.225458279 -0.002337709 0.001316379 0.999996424 7.683333397
0.999994516 0.002473103 0.002211968 0.135179803 -0.002471238 0.999996603 -0.000845148 -0.239488855 -0.002214050 0.000839677 0.999997258 7.983478069
0.999995708 0.001764076 0.002381425 0.130802974 -0.001763259 0.999998391 -0.000345363 -0.259310007 -0.002382030 0.000341162 0.999997079 8.312232971
0.999994755 0.002045349 0.002532694 0.138761356 -0.002043403 0.999997675 -0.000770931 -0.267533451 -0.002534265 0.000765752 0.999996483 8.639302254
0.999993384 0.001875607 0.003105035 0.138391227 -0.001873317 0.999997973 -0.000740263 -0.272863984 -0.003106417 0.000734441 0.999994934 8.983479500
0.999994159 0.001717414 0.002934286 0.147304103 -0.001715492 0.999998271 -0.000657165 -0.286597610 -0.002935409 0.000652128 0.999995470 9.310932159
0.999992669 0.001815486 0.003352868 0.142348781 -0.001813733 0.999998212 -0.000525731 -0.292119086 -0.003353817 0.000519646 0.999994218 9.663021088
0.999994755 0.001579470 0.002798068 0.158799946 -0.001580734 0.999998629 0.000449545 -0.321851373 -0.002797354 -0.000453966 0.999996006 9.988368034
0.999994934 0.001694773 0.002693963 0.170379564 -0.001696937 0.999998212 0.000801515 -0.334751904 -0.002692600 -0.000806083 0.999996066 10.342398643
0.999993920 0.001628420 0.003060794 0.173402533 -0.001630213 0.999998510 0.000583343 -0.343331695 -0.003059839 -0.000588330 0.999995172 10.704786301
0.999993086 0.001600716 0.003354293 0.180887565 -0.001601521 0.999998689 0.000237391 -0.348918438 -0.003353908 -0.000242761 0.999994338 11.074488640
0.999993622 0.001626607 0.003179206 0.189437300 -0.001627618 0.999998569 0.000315434 -0.360906780 -0.003178689 -0.000320606 0.999994814 11.458281517
0.999993145 0.001932070 0.003166944 0.200203076 -0.001934918 0.999997735 0.000896273 -0.372070134 -0.003165205 -0.000902395 0.999994576 11.836587906
0.999993265 0.001418928 0.003378524 0.202943832 -0.001419673 0.999998987 0.000218241 -0.378505200 -0.003378211 -0.000223036 0.999994278 12.220962524
0.999992788 0.001073981 0.003635929 0.210764915 -0.001073513 0.999999344 -0.000130760 -0.387368262 -0.003636067 0.000126855 0.999993324 12.620008469
0.999992192 0.001152465 0.003791653 0.216909751 -0.001152835 0.999999285 0.000095337 -0.398534685 -0.003791541 -0.000099708 0.999992728 13.015708923
0.999991953 0.001553625 0.003683520 0.228200376 -0.001554423 0.999998748 0.000213929 -0.411319613 -0.003683182 -0.000219653 0.999993205 13.413927078
0.999991298 0.001261446 0.003999334 0.245268941 -0.001264602 0.999998927 0.000786734 -0.428840548 -0.003998338 -0.000791784 0.999991715 13.805760384
0.999990284 0.001352961 0.004176457 0.248907000 -0.001355021 0.999998987 0.000490322 -0.435951173 -0.004175790 -0.000495976 0.999991179 14.238549232
0.999988854 0.001316837 0.004539073 0.262332499 -0.001320258 0.999998868 0.000750752 -0.450906396 -0.004538079 -0.000756737 0.999989390 14.659940720
0.999990165 0.000945030 0.004327471 0.271591306 -0.000949132 0.999999106 0.000945972 -0.466450214 -0.004326574 -0.000950070 0.999990106 15.093616486
0.999989033 0.001114259 0.004555460 0.282727450 -0.001117093 0.999999106 0.000619535 -0.476041555 -0.004554765 -0.000624617 0.999989450 15.531853676
0.999987662 0.000686065 0.004939734 0.295892000 -0.000688757 0.999999642 0.000543288 -0.487431973 -0.004939360 -0.000546684 0.999987662 15.971558571
0.999986172 0.000995348 0.005150463 0.305847704 -0.000999558 0.999999166 0.000814792 -0.502700269 -0.005149648 -0.000819930 0.999986410 16.412263870
0.999983847 0.001000502 0.005597129 0.314779311 -0.001003643 0.999999285 0.000558352 -0.514381409 -0.005596566 -0.000563960 0.999984145 16.859155655
0.999983191 0.001094467 0.005693591 0.327381551 -0.001098675 0.999999046 0.000736008 -0.529501796 -0.005692780 -0.000742251 0.999983490 17.317207336
0.999980867 0.001135984 0.006078893 0.334642380 -0.001139274 0.999999166 0.000537680 -0.538324118 -0.006078279 -0.000544595 0.999981403 17.788248062
0.999977410 0.001447641 0.006562621 0.343121350 -0.001451189 0.999998808 0.000535885 -0.549642026 -0.006561838 -0.000545396 0.999978364 18.259462357
0.999977052 0.001761740 0.006548240 0.363783181 -0.001763782 0.999998391 0.000306055 -0.560654581 -0.006547692 -0.000317598 0.999978542 18.727966309
0.999975681 0.001468495 0.006807104 0.377919227 -0.001473022 0.999998808 0.000660113 -0.578056633 -0.006806126 -0.000670124 0.999976635 19.187366486
0.999976397 0.001130554 0.006768841 0.397927046 -0.001133227 0.999999285 0.000391054 -0.588206232 -0.006768394 -0.000398715 0.999977052 19.664945602
0.999976814 0.000996958 0.006740629 0.407460809 -0.001001858 0.999999225 0.000723544 -0.603380203 -0.006739901 -0.000730281 0.999977052 20.157920837
0.999976993 0.001359237 0.006645238 0.416173220 -0.001363678 0.999998868 0.000663836 -0.616861701 -0.006644328 -0.000672883 0.999977708 20.660953522
0.999977112 0.001429955 0.006612609 0.426215291 -0.001435613 0.999998629 0.000850986 -0.628512442 -0.006611382 -0.000860459 0.999977827 21.164541245
0.999976993 0.001362283 0.006643088 0.430860877 -0.001365525 0.999998927 0.000483557 -0.634280026 -0.006642420 -0.000492617 0.999977827 21.675638199
0.999983311 0.001368626 0.005610422 0.448889792 -0.001372527 0.999998808 0.000691516 -0.655544400 -0.005609468 -0.000699205 0.999984026 22.175148010
0.999985933 0.001595221 0.005052949 0.465870112 -0.001599134 0.999998391 0.000770387 -0.664695561 -0.005051712 -0.000778457 0.999986947 22.687776566
0.999987483 0.001835795 0.004637505 0.471085727 -0.001838046 0.999998331 0.000481380 -0.680427790 -0.004636615 -0.000489898 0.999989152 23.213899612
0.999992251 0.001373837 0.003691681 0.488557339 -0.001375730 0.999998987 0.000510369 -0.699558496 -0.003690976 -0.000515444 0.999993086 23.727441788
0.999993086 0.001019263 0.003583618 0.492467165 -0.001018376 0.999999464 -0.000249574 -0.708234429 -0.003583871 0.000245923 0.999993563 24.264926910
0.999993920 0.001741164 0.003057466 0.501114488 -0.001741901 0.999998510 0.000238136 -0.723324180 -0.003057047 -0.000243460 0.999995351 24.798557281
0.999995351 0.002138216 0.002186542 0.523967922 -0.002139364 0.999997497 0.000522985 -0.744331658 -0.002185419 -0.000527661 0.999997497 25.322984695
0.999994576 0.002609335 0.002020541 0.529193997 -0.002610789 0.999996305 0.000717448 -0.757128239 -0.002018661 -0.000722719 0.999997735 25.867868423
0.999996185 0.002411817 0.001365875 0.546683311 -0.002413141 0.999996603 0.000968516 -0.777009428 -0.001363535 -0.000971809 0.999998629 26.424978256
0.999997079 0.001926633 0.001459699 0.544756472 -0.001927679 0.999998033 0.000715130 -0.784626842 -0.001458318 -0.000717941 0.999998689 26.959287643
0.999997616 0.001725873 0.001337878 0.553917050 -0.001727118 0.999998093 0.000930313 -0.805353642 -0.001336270 -0.000932621 0.999998629 27.508337021
0.999993682 0.003320943 0.001285480 0.566637874 -0.003321881 0.999994278 0.000728262 -0.824727952 -0.001283054 -0.000732528 0.999998927 28.052181244
0.999996424 0.002637198 0.000382679 0.575606942 -0.002637672 0.999995768 0.001241757 -0.837297916 -0.000379403 -0.001242762 0.999999166 28.597911835
0.999998212 0.001870594 0.000114952 0.587572932 -0.001870719 0.999997675 0.001102729 -0.849737525 -0.000112890 -0.001102942 0.999999464 29.139659882
0.999997020 0.002404258 -0.000417896 0.599821687 -0.002403590 0.999995768 0.001592851 -0.872312963 0.000421725 -0.001591841 0.999998629 29.697452545
0.999995887 0.002823421 -0.000486210 0.602653801 -0.002822765 0.999995232 0.001346390 -0.881036639 0.000490008 -0.001345011 0.999998987 30.243553162
0.999996841 0.002372219 -0.000721917 0.620181024 -0.002371246 0.999996305 0.001346027 -0.902147532 0.000725107 -0.001344311 0.999998868 30.784343719
0.999995768 0.002729809 -0.001028766 0.623870015 -0.002728265 0.999995172 0.001499225 -0.914089441 0.001032854 -0.001496412 0.999998331 31.341203690
0.999994695 0.002891589 -0.001454914 0.634801567 -0.002889112 0.999994397 0.001701834 -0.927730083 0.001459826 -0.001697621 0.999997497 31.892601013
0.999994278 0.002686425 -0.002057009 0.653784394 -0.002682564 0.999994695 0.001877555 -0.949175358 0.002062042 -0.001872026 0.999996126 32.427936554
0.999994040 0.003104491 -0.001457659 0.647443891 -0.003102094 0.999993861 0.001644582 -0.953799486 0.001462755 -0.001640051 0.999997497 32.986362457
0.999992371 0.003083644 -0.002398539 0.662917137 -0.003079710 0.999993920 0.001642908 -0.972859621 0.002403590 -0.001635508 0.999995708 33.518707275
0.999993443 0.003114676 -0.001838504 0.666870713 -0.003111861 0.999993980 0.001531362 -0.981420219 0.001843263 -0.001525630 0.999997139 34.079952240
0.999993861 0.003040790 -0.001704441 0.672926068 -0.003038060 0.999994040 0.001602325 -0.998283863 0.001709303 -0.001597137 0.999997258 34.627529144
0.999993980 0.002731507 -0.002129569 0.686923206 -0.002728023 0.999994874 0.001637018 -1.014093399 0.002134030 -0.001631198 0.999996364 35.167079926
0.999993265 0.002917839 -0.002208370 0.697186828 -0.002914630 0.999994636 0.001455456 -1.027569890 0.002212605 -0.001449009 0.999996424 35.711700439
0.999992132 0.003520114 -0.001821354 0.704634368 -0.003516931 0.999992251 0.001747850 -1.047077894 0.001827493 -0.001741430 0.999996781 36.243747711
0.999991059 0.003335754 -0.002605355 0.716050744 -0.003332049 0.999993563 0.001425628 -1.053539515 0.002610093 -0.001416934 0.999995589 36.813049316
0.999989688 0.003810185 -0.002473612 0.725000381 -0.003806735 0.999991834 0.001397977 -1.066764832 0.002478919 -0.001388547 0.999995947 37.360767365
0.999990225 0.003249777 -0.002992042 0.734990180 -0.003245935 0.999993920 0.001288045 -1.083265305 0.002996210 -0.001278320 0.999994695 37.920181274
0.999992490 0.002608059 -0.002867750 0.742301583 -0.002605168 0.999996126 0.001011296 -1.095155358 0.002870377 -0.001003818 0.999995351 38.471492767
0.999991834 0.002948315 -0.002734206 0.749392986 -0.002944553 0.999994695 0.001379224 -1.113441706 0.002738258 -0.001371162 0.999995291 39.020256042
0.999988198 0.003285172 -0.003573906 0.765847385 -0.003279680 0.999993443 0.001541507 -1.128586411 0.003578947 -0.001529767 0.999992430 39.563739777
0.999988616 0.003290191 -0.003440842 0.782949507 -0.003283631 0.999992788 0.001910776 -1.149085641 0.003447104 -0.001899456 0.999992251 40.099899292
0.999987423 0.003512739 -0.003584678 0.800883710 -0.003503177 0.999990344 0.002670223 -1.176738262 0.003594023 -0.002657632 0.999989986 40.634983063
0.999985397 0.003097826 -0.004460550 0.805213034 -0.003090663 0.999993920 0.001612033 -1.175636172 0.004465518 -0.001598223 0.999988675 41.217205048
0.999983072 0.003453892 -0.004706221 0.817021489 -0.003444779 0.999992192 0.001942916 -1.189291120 0.004712895 -0.001926671 0.999987006 41.768398285
0.999982834 0.003439365 -0.004745068 0.834965706 -0.003430585 0.999992371 0.001857014 -1.206503510 0.004751419 -0.001840704 0.999987006 42.310958862
0.999982655 0.003748895 -0.004545343 0.826847911 -0.003740402 0.999991238 0.001875698 -1.219978690 0.004552335 -0.001858664 0.999987900 42.866302490
0.999983251 0.003395432 -0.004687746 0.840048730 -0.003385650 0.999992013 0.002093103 -1.236169577 0.004694816 -0.002077197 0.999986827 43.400699615
0.999979675 0.003833138 -0.005098274 0.853151321 -0.003822151 0.999990344 0.002163247 -1.249060512 0.005106517 -0.002143716 0.999984622 43.958583832
0.999984562 0.003413518 -0.004380044 0.844240725 -0.003404612 0.999992073 0.002038826 -1.261790872 0.004386969 -0.002023882 0.999988317 44.515048981
0.999984741 0.003715370 -0.004071628 0.852927268 -0.003711330 0.999992609 0.000999074 -1.267131209 0.004075309 -0.000983948 0.999991179 45.068599701
0.999986053 0.003787886 -0.003676573 0.864830613 -0.003784665 0.999992311 0.000882418 -1.275010943 0.003679887 -0.000868491 0.999992847 45.611217499
0.999986410 0.003289489 -0.004047364 0.863923430 -0.003282783 0.999993324 0.001662108 -1.298539877 0.004052803 -0.001648799 0.999990404 46.167907715
0.999986708 0.002942424 -0.004232466 0.876469254 -0.002936145 0.999994636 0.001488964 -1.316175580 0.004236825 -0.001476517 0.999989867 46.710243225
0.999984682 0.003804785 -0.004018423 0.890999794 -0.003799111 0.999991775 0.001418512 -1.331292987 0.004023786 -0.001403224 0.999990940 47.244365692
0.999988079 0.002687785 -0.004069981 0.880486846 -0.002682183 0.999995470 0.001380932 -1.336761475 0.004073674 -0.001369999 0.999990761 47.808174133
0.999987066 0.003229883 -0.003917831 0.887265325 -0.003223482 0.999993503 0.001638981 -1.354059458 0.003923099 -0.001626331 0.999990940 48.356792450
0.999988198 0.003226668 -0.003633216 0.902665377 -0.003222005 0.999993980 0.001288362 -1.361783385 0.003637351 -0.001276641 0.999992609 48.893665314
0.999989152 0.002779702 -0.003745328 0.894580662 -0.002774380 0.999995112 0.001425326 -1.378342628 0.003749272 -0.001414920 0.999991953 49.447467804
0.999987781 0.003341016 -0.003673603 0.908403575 -0.003336025 0.999993443 0.001363648 -1.394364595 0.003678136 -0.001351376 0.999992311 49.992336273
0.999989629 0.003257606 -0.003189107 0.911767244 -0.003252805 0.999993563 0.001509452 -1.408319235 0.003194004 -0.001499063 0.999993801 50.545482635
0.999989986 0.002707115 -0.003569666 0.922618926 -0.002703748 0.999995828 0.000947575 -1.421347499 0.003572217 -0.000937914 0.999993145 51.094913483
0.999990582 0.003017672 -0.003138308 0.929269314 -0.003013132 0.999994338 0.001450347 -1.440147758 0.003142667 -0.001440877 0.999994040 51.651348114
0.999991000 0.002881136 -0.003109791 0.937234461 -0.002876913 0.999994874 0.001361295 -1.456770062 0.003113697 -0.001352336 0.999994278 52.202697754
0.999987781 0.002380138 -0.004336418 0.962340713 -0.002376677 0.999996781 0.000802931 -1.467954040 0.004338316 -0.000792614 0.999990284 52.739433289
0.999990106 0.002364367 -0.003792920 0.965009332 -0.002361281 0.999996901 0.000817671 -1.481583118 0.003794842 -0.000808707 0.999992490 53.279674530
0.999988616 0.002414226 -0.004105067 0.975781679 -0.002408953 0.999996185 0.001289320 -1.502581239 0.004108164 -0.001279416 0.999990761 53.831363678
0.999989688 0.002667173 -0.003682751 0.986832619 -0.002662727 0.999995708 0.001211491 -1.516265154 0.003685966 -0.001201673 0.999992490 54.379970551
0.999993026 0.002217920 -0.003032895 0.979582906 -0.002214882 0.999997079 0.001004840 -1.527283549 0.003035115 -0.000998115 0.999994934 54.944099426
0.999988019 0.002616667 -0.004127777 1.003819942 -0.002612288 0.999996006 0.001065656 -1.543038011 0.004130549 -0.001054860 0.999990940 55.469230652
0.999988914 0.002587304 -0.003936727 1.012413025 -0.002583756 0.999996245 0.000906043 -1.557292819 0.003939056 -0.000895861 0.999991894 56.015869141
0.999986947 0.003061024 -0.004098123 1.013442874 -0.003057196 0.999994874 0.000940046 -1.567776799 0.004100980 -0.000927505 0.999991119 56.571727753
0.999990404 0.002482457 -0.003612986 1.030695558 -0.002478847 0.999996483 0.001003470 -1.585161090 0.003615464 -0.000994505 0.999992967 57.104045868
0.999987602 0.003066077 -0.003928166 1.035887957 -0.003062430 0.999994814 0.000933992 -1.595932007 0.003931010 -0.000921951 0.999991834 57.662136078
0.999985933 0.002892408 -0.004465357 1.044992089 -0.002886708 0.999995053 0.001282539 -1.615538001 0.004469045 -0.001269630 0.999989212 58.208080292
0.999989152 0.003183482 -0.003404249 1.053066730 -0.003182225 0.999994874 0.000374651 -1.623938799 0.003405423 -0.000363814 0.999994159 58.752811432
0.999988317 0.003414446 -0.003428770 1.055126429 -0.003413222 0.999994040 0.000362893 -1.635305882 0.003429989 -0.000351186 0.999993980 59.302997589
0.999989569 0.003096047 -0.003355412 1.065860510 -0.003095712 0.999995172 0.000105201 -1.649897099 0.003355721 -0.000094812 0.999994338 59.847137451
0.999989152 0.003682437 -0.002866711 1.070468426 -0.003683319 0.999993205 -0.000302756 -1.658143044 0.002865577 0.000313312 0.999995768 60.406017303
0.999987543 0.003345469 -0.003697992 1.084996223 -0.003343231 0.999994218 0.000611044 -1.688415289 0.003700016 -0.000598673 0.999992967 60.925903320
0.999987543 0.003891487 -0.003109332 1.093047857 -0.003889633 0.999992192 0.000602202 -1.706740141 0.003111650 -0.000590100 0.999994993 61.476543427
0.999987483 0.003255867 -0.003794433 1.107393265 -0.003254703 0.999994695 0.000312900 -1.714813471 0.003795431 -0.000300547 0.999992728 62.025730133
0.999988675 0.003308143 -0.003403127 1.115257621 -0.003306986 0.999994516 0.000345408 -1.729880810 0.003404250 -0.000334150 0.999994159 62.566005707
0.999986947 0.003577018 -0.003626803 1.120939493 -0.003575074 0.999993384 0.000542100 -1.748952985 0.003628718 -0.000529127 0.999993265 63.104450226
0.999986768 0.004265562 -0.002894947 1.119039893 -0.004264690 0.999990880 0.000307147 -1.756183386 0.002896230 -0.000294797 0.999995768 63.654209137
0.999983430 0.005004939 -0.002835761 1.126033545 -0.005003157 0.999987185 0.000635366 -1.782166839 0.002838905 -0.000621168 0.999995768 64.202804565
0.999985814 0.004571439 -0.002741059 1.137461424 -0.004570544 0.999989450 0.000332516 -1.792693019 0.002742550 -0.000319983 0.999996185 64.743080139
0.999982357 0.004478626 -0.003890601 1.158308506 -0.004475227 0.999989688 0.000882231 -1.810804725 0.003894512 -0.000864804 0.999992013 65.262794495
0.999983847 0.004269935 -0.003739290 1.169385314 -0.004266678 0.999990523 0.000878314 -1.826466560 0.003743004 -0.000862345 0.999992609 65.816329956
0.999984324 0.004475015 -0.003373840 1.178349257 -0.004471576 0.999989390 0.001026063 -1.841125846 0.003378396 -0.001010961 0.999993742 66.357040405
0.999985039 0.004149742 -0.003553774 1.171866655 -0.004147597 0.999991238 0.000610967 -1.854245186 0.003556278 -0.000596218 0.999993503 66.900955200
0.999981523 0.004828156 -0.003699471 1.183039665 -0.004825918 0.999988198 0.000614034 -1.871067166 0.003702391 -0.000596169 0.999992967 67.452407837
0.999985576 0.004308018 -0.003222804 1.191434860 -0.004304096 0.999990046 0.001223014 -1.886522412 0.003228040 -0.001209125 0.999994040 67.986938477
0.999980807 0.005036389 -0.003612179 1.208406329 -0.005031851 0.999986649 0.001264340 -1.912255526 0.003618498 -0.001246140 0.999992669 68.534629822
0.999980271 0.005512264 -0.003037253 1.206135154 -0.005511116 0.999984860 0.000386570 -1.923551798 0.003039337 -0.000369824 0.999995351 69.083259583
0.999982417 0.005213658 -0.002843999 1.223300219 -0.005211248 0.999986053 0.000854260 -1.940711975 0.002848413 -0.000839424 0.999995589 69.633804321
0.999983013 0.004747167 -0.003414395 1.230811119 -0.004744589 0.999988377 0.000763142 -1.950487137 0.003417979 -0.000746929 0.999993801 70.155570984
0.999985278 0.004700683 -0.002731690 1.232893705 -0.004698406 0.999988616 0.000838888 -1.961307645 0.002735602 -0.000826041 0.999995887 70.715522766
0.999984145 0.004567656 -0.003276220 1.242980361 -0.004565649 0.999989390 0.000619902 -1.974107385 0.003279016 -0.000604934 0.999994397 71.251289368
0.999981344 0.005147871 -0.003279241 1.259251714 -0.005148183 0.999986768 -0.000086155 -1.981930852 0.003278754 0.000103035 0.999994576 71.798645020
0.999981880 0.004960786 -0.003405893 1.261764407 -0.004957984 0.999987364 0.000830651 -2.007032633 0.003409971 -0.000813749 0.999993861 72.340713501
0.999979556 0.005410433 -0.003429580 1.270247221 -0.005406981 0.999984920 0.001014320 -2.026117086 0.003435016 -0.000995756 0.999993563 72.888702393
0.999983847 0.004828102 -0.002998416 1.275933981 -0.004825548 0.999987900 0.000858020 -2.040087461 0.003002522 -0.000843537 0.999995112 73.424461365
0.999983072 0.005172402 -0.002681916 1.277815819 -0.005170430 0.999986291 0.000741738 -2.053249836 0.002685716 -0.000727859 0.999996126 73.971252441
0.999983311 0.004815719 -0.003182673 1.295176625 -0.004812811 0.999988019 0.000920994 -2.070650339 0.003187070 -0.000905661 0.999994516 74.506690979
0.999982715 0.004790584 -0.003391883 1.310446143 -0.004786477 0.999987781 0.001217783 -2.087179184 0.003397675 -0.001201527 0.999993443 75.045661926
0.999985218 0.004575793 -0.002921808 1.312125325 -0.004571948 0.999988675 0.001321328 -2.101092339 0.002927821 -0.001307950 0.999994814 75.594009399
0.999984264 0.004480696 -0.003371613 1.326913834 -0.004477201 0.999989450 0.001044156 -2.117738962 0.003376256 -0.001029044 0.999993742 76.138816833
0.999980628 0.004858889 -0.003900972 1.336538315 -0.004854839 0.999987662 0.001046782 -2.132865191 0.003906011 -0.001027823 0.999991775 76.682525635
0.999985397 0.004252446 -0.003311509 1.348524809 -0.004249733 0.999990642 0.000825677 -2.148769855 0.003314989 -0.000811592 0.999994099 77.226852417
0.999986351 0.003958778 -0.003410504 1.350078821 -0.003956135 0.999991834 0.000781744 -2.160008430 0.003413571 -0.000768241 0.999993861 77.778182983
0.999988258 0.003645956 -0.003220203 1.361177325 -0.003641944 0.999992609 0.001250892 -2.181455612 0.003224740 -0.001239150 0.999994040 78.320747375
0.999988556 0.004027981 -0.002572867 1.365425587 -0.004026541 0.999991775 0.000564760 -2.188342810 0.002575120 -0.000554394 0.999996543 78.883392334
0.999986410 0.004232159 -0.003020114 1.372092128 -0.004228968 0.999990523 0.001062185 -2.206812143 0.003024580 -0.001049398 0.999994874 79.401290894
0.999985278 0.004775391 -0.002557243 1.377139688 -0.004773375 0.999988317 0.000794005 -2.219077110 0.002561005 -0.000781787 0.999996424 79.953773499
0.999983490 0.004649788 -0.003370356 1.393191814 -0.004647534 0.999988973 0.000676100 -2.236040592 0.003373462 -0.000660425 0.999994099 80.481414795
0.999987543 0.004512516 -0.002178694 1.402171135 -0.004510308 0.999989271 0.001017511 -2.250986576 0.002183263 -0.001007672 0.999997020 81.034362793
0.999986947 0.004963459 -0.001203203 1.412000179 -0.004961944 0.999986887 0.001259391 -2.272361994 0.001209438 -0.001253404 0.999998450 81.570243835
0.999985814 0.005281935 0.000595594 1.416966915 -0.005282712 0.999985158 0.001310537 -2.287231207 -0.000588664 -0.001313664 0.999998927 82.106666565
0.999984980 0.005082135 0.002066579 1.428396702 -0.005083957 0.999986708 0.000877443 -2.296087742 -0.002062092 -0.000887936 0.999997497 82.648643494
0.999971032 0.005572568 0.005180255 1.445900440 -0.005577586 0.999984026 0.000954823 -2.311371326 -0.005174851 -0.000983688 0.999986112 83.200401306
0.999944627 0.005315333 0.009091496 1.465844870 -0.005329648 0.999984682 0.001550886 -2.328309774 -0.009083113 -0.001599254 0.999957502 83.737174988
0.999907553 0.005453409 0.012453567 1.478964686 -0.005466517 0.999984562 0.001018667 -2.344457150 -0.012447820 -0.001086650 0.999921918 84.278266907
0.999836802 0.004765524 0.017425112 1.507146716 -0.004786344 0.999987900 0.001153358 -2.366378784 -0.017419405 -0.001236573 0.999847472 84.826904297
0.999702811 0.005031541 0.023852628 1.531753302 -0.005059348 0.999986649 0.001105571 -2.378790617 -0.023846747 -0.001225921 0.999714911 85.373451233
0.999571800 0.005390019 0.028759737 1.560020924 -0.005426161 0.999984562 0.001178758 -2.393650293 -0.028752940 -0.001334308 0.999585629 85.924003601
0.999399185 0.004454905 0.034370556 1.601327181 -0.004499347 0.999989152 0.001215775 -2.408597469 -0.034364764 -0.001369689 0.999408424 86.464363098
0.999078393 0.004636691 0.042673144 1.635555267 -0.004716849 0.999987304 0.001777902 -2.429152966 -0.042664360 -0.001977546 0.999087572 87.014411926
0.998694003 0.005108281 0.050834883 1.681269407 -0.005179005 0.999985754 0.001259603 -2.442188740 -0.050827727 -0.001521232 0.998706281 87.575401306
0.998297632 0.005344937 0.058079571 1.723319769 -0.005422377 0.999984622 0.001175838 -2.454868078 -0.058072396 -0.001488766 0.998311281 88.125701904
0.997755826 0.004508230 0.066805363 1.780856609 -0.004589164 0.999989033 0.001058081 -2.465930939 -0.066799849 -0.001362287 0.997765422 88.665161133
0.997026324 0.005126943 0.076892748 1.838280201 -0.005227462 0.999985754 0.001106051 -2.478725195 -0.076885998 -0.001504716 0.997038901 89.213882446
0.996283293 0.004420031 0.086024821 1.895805359 -0.004491879 0.999989748 0.000641652 -2.483531237 -0.086021133 -0.001025680 0.996292889 89.766548157
0.995605469 0.004598268 0.093534179 1.970277786 -0.004695791 0.999988616 0.000822583 -2.506564617 -0.093529344 -0.001258185 0.995615661 90.307304382
0.994538963 0.004357447 0.104274899 2.052739143 -0.004441223 0.999989986 0.000571237 -2.517947435 -0.104271367 -0.001031226 0.994548321 90.847282410
0.993340731 0.004739300 0.115116395 2.128370285 -0.004906339 0.999987245 0.001167740 -2.539212227 -0.115109392 -0.001724764 0.993351281 91.388389587
0.992254376 0.003705158 0.124167174 2.220826149 -0.003836983 0.999992311 0.000822549 -2.550934792 -0.124163166 -0.001292606 0.992260993 91.960708618
0.990790784 0.003989677 0.135342866 2.308835030 -0.004151765 0.999990940 0.000915369 -2.562738419 -0.135337964 -0.001468851 0.990798473 92.491355896
0.989060223 0.003799433 0.147463113 2.408642769 -0.003928492 0.999992132 0.000583954 -2.577626705 -0.147459760 -0.001156873 0.989067316 93.067893982
0.987358212 0.003895534 0.158456385 2.512786865 -0.004101182 0.999991119 0.000970843 -2.597854853 -0.158451200 -0.001608428 0.987365484 93.617950439
0.985662758 0.002942016 0.168701679 2.628658295 -0.003104728 0.999994934 0.000700731 -2.610607624 -0.168698728 -0.001214457 0.985666931 94.154602051
0.983457565 0.002949547 0.181114510 2.757894516 -0.003195271 0.999994278 0.001064976 -2.631992102 -0.181110322 -0.001626068 0.983461499 94.665046692
0.981000781 0.002068876 0.193993092 2.882710457 -0.002280242 0.999996901 0.000866262 -2.639161587 -0.193990737 -0.001292155 0.981002510 95.220909119
0.978849053 0.002433186 0.204569221 3.000328064 -0.002691488 0.999995887 0.000984431 -2.654887199 -0.204565957 -0.001514205 0.978851616 95.758773804
0.975991189 0.002992666 0.217789128 3.140588760 -0.003329665 0.999993682 0.001180389 -2.672451496 -0.217784211 -0.001877214 0.975995123 96.289497375
0.972948313 0.002275587 0.231011510 3.292964935 -0.002610118 0.999995887 0.001142508 -2.680919409 -0.231007978 -0.001714568 0.972950339 96.827377319
0.970217645 0.001748562 0.242228538 3.433464050 -0.002085251 0.999997199 0.001133597 -2.699687719 -0.242225870 -0.001604943 0.970218539 97.345085144
0.967293143 0.001067757 0.253658682 3.602823257 -0.001402479 0.999998391 0.001138746 -2.720809937 -0.253657043 -0.001457252 0.967293084 97.863845825
0.963478148 0.001220779 0.267784238 3.770956039 -0.001597254 0.999997973 0.001188057 -2.734190702 -0.267782241 -0.001572386 0.963478148 98.386245728
0.959799409 0.001194376 0.280684680 3.933418274 -0.001711480 0.999997199 0.001597182 -2.762561321 -0.280681968 -0.002013360 0.959798694 98.915367126
0.956626773 0.000551071 0.291316181 4.115289688 -0.001154098 0.999997556 0.001898182 -2.778601408 -0.291314453 -0.002152059 0.956624985 99.423088074
0.952326000 0.000190872 0.305082113 4.302770615 -0.000674653 0.999998689 0.001480316 -2.789755821 -0.305081457 -0.001615568 0.952324867 99.927154541
0.947684765 0.000364172 0.319207579 4.481489182 -0.000896769 0.999998450 0.001521528 -2.796501398 -0.319206506 -0.001728184 0.947683513 100.480278015
0.943834722 0.000150874 0.330418050 4.683883667 -0.000506896 0.999999344 0.000991328 -2.803112030 -0.330417722 -0.001103137 0.943834126 100.996589661
0.938957632 -0.000601866 0.344032466 4.886556625 0.000162624 0.999999106 0.001305599 -2.824967384 -0.344032973 -0.001169954 0.938956797 101.507675171
0.933859646 -0.000590072 0.357639253 5.117670059 0.000075621 0.999998927 0.001452446 -2.842248678 -0.357639670 -0.001329335 0.933858693 102.017044067
0.929007828 -0.000878047 0.370058984 5.339790344 0.000224506 0.999998331 0.001809109 -2.857064724 -0.370059997 -0.001597596 0.929006457 102.522056580
0.924316645 -0.001475817 0.381623656 5.564504623 0.001219908 0.999998927 0.000912507 -2.861712694 -0.381624579 -0.000377900 0.924317300 103.026748657
0.918139577 -0.001593721 0.396254003 5.798946381 0.001265681 0.999998629 0.001089321 -2.874082327 -0.396255136 -0.000498618 0.918140292 103.536865234
0.912216485 -0.002146769 0.409702957 6.040370941 0.001726672 0.999997616 0.001395315 -2.887113094 -0.409704924 -0.000565407 0.912217915 104.026206970
0.907193720 -0.002556280 0.420705557 6.286422729 0.002311712 0.999996781 0.001091266 -2.904943705 -0.420706958 -0.000017439 0.907196581 104.504592896
0.900999904 -0.003067089 0.433808476 6.553577423 0.002507381 0.999995112 0.001862399 -2.924550056 -0.433812052 -0.000590298 0.901003182 105.025894165
0.894416153 -0.003249752 0.447223872 6.821136475 0.002618188 0.999994516 0.002030269 -2.944840193 -0.447228014 -0.000644989 0.894419730 105.488891602
0.888573647 -0.004069586 0.458715886 7.096618652 0.003620128 0.999991715 0.001859106 -2.959903717 -0.458719641 0.000008658 0.888580978 105.968719482
0.882564127 -0.004978486 0.470165640 7.360927582 0.004784072 0.999987185 0.001608309 -2.961324453 -0.470167577 0.000829871 0.882576764 106.470832825
0.875255764 -0.004985506 0.483634681 7.650276184 0.005101419 0.999986291 0.001076003 -2.966554165 -0.483633459 0.001525445 0.875269353 106.958969116
