1.000000000 0.000000000 0.000000000 0.000000000 0.000000000 1.000000000 0.000000000 0.000000000 0.000000000 0.000000000 1.000000000 0.000000000
1.000000000 -0.000072993 -0.000011024 0.000117912 0.000072992 1.000000000 -0.000042620 0.000099210 0.000011027 0.000042619 1.000000000 -0.000021534
1.000000000 -0.000072603 -0.000002075 -0.000339311 0.000072603 1.000000000 -0.000001299 -0.000121646 0.000002075 0.000001299 1.000000000 -0.000489858
1.000000000 -0.000027667 0.000088549 -0.000728068 0.000027671 1.000000000 -0.000048472 0.000454247 -0.000088548 0.000048475 1.000000000 -0.000075760
1.000000000 -0.000170162 0.000009240 0.000071376 0.000170163 1.000000000 -0.000010081 0.000012053 -0.000009239 0.000010083 1.000000000 -0.000111400
1.000000000 -0.000005008 0.000050508 -0.000625660 0.000005007 1.000000000 0.000006259 -0.000261584 -0.000050508 -0.000006259 1.000000000 -0.000686959
1.000000000 -0.000040160 0.000015221 -0.000287977 0.000040162 1.000000000 -0.000148590 0.000694380 -0.000015215 0.000148591 1.000000000 -0.000310577
1.000000000 -0.000004187 0.000113799 -0.000693469 0.000004183 1.000000000 0.000036606 -0.000660853 -0.000113800 -0.000036606 1.000000000 -0.000382761
1.000000000 0.000136839 0.000104484 -0.001321404 -0.000136846 1.000000000 0.000064109 -0.000276205 -0.000104475 -0.000064123 1.000000000 -0.000076304
1.000000000 0.000021757 0.000127268 -0.001292478 -0.000021743 1.000000000 -0.000109371 0.000584401 -0.000127270 0.000109368 1.000000000 -0.000611331
1.000000000 0.000181178 0.000071317 -0.001086731 -0.000181169 1.000000000 -0.000133492 0.000569149 -0.000071341 0.000133479 1.000000000 -0.000535419
1.000000000 -0.000027362 0.000022374 -0.000139764 0.000027362 1.000000000 -0.000000476 0.000145856 -0.000022374 0.000000477 1.000000000 0.000240549
1.000000000 0.000122335 0.000101239 -0.001213135 -0.000122323 1.000000000 -0.000127787 0.001222290 -0.000101255 0.000127775 1.000000000 0.000552824
1.000000000 0.000103580 0.000037524 -0.000677312 -0.000103579 1.000000000 -0.000045273 0.000749619 -0.000037529 0.000045269 1.000000000 0.000218853
1.000000000 0.000114504 0.000155235 -0.002006113 -0.000114488 1.000000000 -0.000103893 0.001337395 -0.000155247 0.000103875 1.000000000 0.001900462
0.999999940 0.000255671 0.000145150 -0.002318466 -0.000255657 0.999999940 -0.000095481 0.000826148 -0.000145174 0.000095444 1.000000000 0.000290747
0.999999940 0.000269605 0.000168811 -0.002258997 -0.000269586 0.999999940 -0.000108976 0.001578509 -0.000168840 0.000108931 1.000000000 0.001819681
0.999999940 0.000207442 0.000163970 -0.001972038 -0.000207422 1.000000000 -0.000121643 0.000954163 -0.000163995 0.000121609 1.000000000 0.000358452
0.999999940 0.000143403 0.000204264 -0.001983946 -0.000143402 1.000000000 -0.000004302 0.000445287 -0.000204265 0.000004272 1.000000000 0.001193379
1.000000000 0.000155260 0.000115142 -0.001843962 -0.000155261 1.000000000 0.000011529 0.000839456 -0.000115140 -0.000011547 1.000000000 0.001448027
1.000000000 0.000152016 0.000115501 -0.001215237 -0.000152011 1.000000000 -0.000046398 0.000354392 -0.000115508 0.000046381 1.000000000 0.000543407
1.000000000 0.000106941 0.000057326 -0.000734146 -0.000106940 1.000000000 -0.000022218 -0.000118782 -0.000057328 0.000022212 1.000000000 -0.000574312
0.999999940 0.000369265 0.000150754 -0.001712678 -0.000369252 0.999999940 -0.000085327 0.001631768 -0.000150785 0.000085271 1.000000000 0.001961828
0.999999940 0.000277155 0.000184079 -0.001461113 -0.000277137 0.999999940 -0.000099479 0.001289274 -0.000184107 0.000099428 1.000000000 0.001176576
0.999999940 0.000202605 0.000167245 -0.000976764 -0.000202588 1.000000000 -0.000097553 0.001866756 -0.000167264 0.000097519 1.000000000 0.002414201
0.999999940 0.000281255 0.000163783 -0.001575309 -0.000281249 0.999999940 -0.000041359 0.000988974 -0.000163794 0.000041313 1.000000000 0.001379402
1.000000000 0.000204228 0.000073876 -0.000798231 -0.000204222 1.000000000 -0.000077134 0.001281346 -0.000073892 0.000077119 1.000000000 0.000940223
1.000000000 0.000150624 0.000057079 -0.000534513 -0.000150622 1.000000000 -0.000028652 0.001645801 -0.000057083 0.000028644 1.000000000 0.002197985
1.000000000 0.000177704 0.000160502 -0.001193611 -0.000177692 1.000000000 -0.000077758 0.001732771 -0.000160516 0.000077729 1.000000000 0.002442027
0.999999940 0.000193607 0.000151966 -0.001476697 -0.000193594 1.000000000 -0.000087987 0.001148964 -0.000151983 0.000087958 1.000000000 0.001127903
0.999999940 0.000300749 0.000174175 -0.001284406 -0.000300721 0.999999940 -0.000158230 0.002121563 -0.000174223 0.000158177 1.000000000 0.002277450
0.999999940 0.000299519 0.000198665 -0.001359626 -0.000299507 0.999999940 -0.000064081 0.001455402 -0.000198684 0.000064022 1.000000000 0.001785408
0.999999940 0.000293288 0.000187986 -0.001841112 -0.000293267 0.999999940 -0.000111932 0.000937615 -0.000188019 0.000111877 1.000000000 0.000728643
0.999999940 0.000289608 0.000213054 -0.001513428 -0.000289576 0.999999940 -0.000154054 0.001418571 -0.000213099 0.000153992 0.999999940 0.001893113
1.000000000 0.000187969 0.000092516 -0.000572412 -0.000187966 1.000000000 -0.000027688 0.001231550 -0.000092521 0.000027670 1.000000000 0.001290558
1.000000000 0.000125631 0.000093537 -0.000824742 -0.000125627 1.000000000 -0.000045917 0.001450459 -0.000093543 0.000045905 1.000000000 0.001895221
0.999999940 0.000311649 0.000137920 -0.000815268 -0.000311647 0.999999940 -0.000009445 0.000752639 -0.000137923 0.000009402 1.000000000 0.001388223
0.999999940 0.000348952 0.000116117 -0.001383765 -0.000348943 0.999999940 -0.000074978 0.001737207 -0.000116143 0.000074937 1.000000000 0.001165179
1.000000000 0.000173333 0.000100870 -0.001159132 -0.000173321 1.000000000 -0.000122482 0.000515629 -0.000100891 0.000122464 1.000000000 0.002135688
0.999999881 0.000374404 0.000319717 -0.001220214 -0.000374168 0.999999642 -0.000738898 -0.002183230 -0.000319993 0.000738778 0.999999702 0.048547924
0.999999881 0.000400126 0.000151398 0.001277539 -0.000399959 0.999999285 -0.001103435 -0.005108201 -0.000151840 0.001103374 0.999999404 0.137750655
1.000000000 0.000213574 0.000104940 0.002919767 -0.000213425 0.999998987 -0.001418693 -0.008152888 -0.000105243 0.001418670 0.999998987 0.253009200
0.999999940 0.000274758 -0.000064584 0.008932757 -0.000274834 0.999999285 -0.001187733 -0.012747522 0.000064258 0.001187751 0.999999285 0.387202293
1.000000000 0.000096703 0.000049013 0.007134653 -0.000096655 0.999999523 -0.000981105 -0.017305518 -0.000049108 0.000981100 0.999999523 0.533662260
1.000000000 -0.000133589 0.000144577 0.011855373 0.000133734 0.999999464 -0.001002199 -0.019133298 -0.000144443 0.001002218 0.999999464 0.690032780
1.000000000 0.000106839 0.000094804 0.021625491 -0.000106787 0.999999821 -0.000549132 -0.027383445 -0.000094862 0.000549122 0.999999821 0.849391282
0.999999702 0.000559503 0.000551760 0.014642927 -0.000559099 0.999999583 -0.000732331 -0.024694016 -0.000552170 0.000732022 0.999999583 1.022931099
0.999999821 0.000578798 0.000124100 0.026505599 -0.000578696 0.999999523 -0.000818965 -0.026334554 -0.000124574 0.000818892 0.999999642 1.206891179
0.999999881 0.000369325 0.000251931 0.035652325 -0.000369259 0.999999881 -0.000263248 -0.041976500 -0.000252028 0.000263155 0.999999940 1.380064964
0.999999464 0.000908297 0.000471021 0.022604803 -0.000908252 0.999999583 -0.000096620 -0.046567071 -0.000471109 0.000096192 0.999999881 1.584015369
0.999999881 -0.000182620 0.000219401 0.026476618 0.000182575 0.999999940 0.000201470 -0.061299436 -0.000219438 -0.000201430 0.999999881 1.803875208
0.999999821 0.000325390 0.000440887 0.025903607 -0.000325568 0.999999881 0.000403474 -0.070213087 -0.000440756 -0.000403618 0.999999821 2.003864288
0.999999821 -0.000459912 -0.000049653 0.034306876 0.000459940 0.999999702 0.000571485 -0.078046560 0.000049390 -0.000571508 0.999999762 2.218424797
0.999999881 -0.000270434 0.000204522 0.038049228 0.000270314 0.999999762 0.000588113 -0.081682108 -0.000204681 -0.000588058 0.999999821 2.439557552
0.999999881 0.000223200 0.000272865 0.041000787 -0.000223339 0.999999821 0.000509389 -0.086508729 -0.000272751 -0.000509450 0.999999821 2.670407057
1.000000000 -0.000216760 0.000335357 0.049143467 0.000216501 0.999999702 0.000771053 -0.096888915 -0.000335524 -0.000770981 0.999999642 2.898384333
0.999999940 -0.000231735 0.000356140 0.052749641 0.000231423 0.999999642 0.000873216 -0.101599641 -0.000356343 -0.000873134 0.999999583 3.137991905
1.000000000 -0.000176616 0.000210199 0.067915753 0.000176395 0.999999464 0.001054764 -0.109991856 -0.000210385 -0.001054727 0.999999404 3.381736040
0.999999821 -0.000343388 0.000459758 0.064151645 0.000343027 0.999999583 0.000783941 -0.115493245 -0.000460027 -0.000783783 0.999999583 3.626186609
0.999999881 0.000133566 0.000477116 0.065838292 -0.000133978 0.999999642 0.000864638 -0.121740043 -0.000477001 -0.000864701 0.999999523 3.882947683
0.999999821 -0.000040326 0.000615099 0.070476778 0.000039679 0.999999404 0.001050945 -0.127143934 -0.000615141 -0.001050920 0.999999285 4.136818409
0.999999583 0.000110847 0.000803058 0.077374220 -0.000111627 0.999999523 0.000970823 -0.131995440 -0.000802950 -0.000970912 0.999999225 4.404478550
0.999999642 0.000100712 0.000827523 0.083233476 -0.000101318 0.999999702 0.000731595 -0.138989046 -0.000827450 -0.000731678 0.999999464 4.664172173
0.999999523 0.000343089 0.000874830 0.092187539 -0.000343817 0.999999642 0.000832697 -0.144249424 -0.000874544 -0.000832997 0.999999285 4.925407887
0.999999464 0.000514405 0.000866420 0.101911284 -0.000515348 0.999999344 0.001088101 -0.152021304 -0.000865860 -0.001088548 0.999999046 5.186969757
0.999999583 0.000490726 0.000803424 0.102347620 -0.000491352 0.999999583 0.000779106 -0.159773603 -0.000803042 -0.000779500 0.999999344 5.443144321
0.999999583 0.000372090 0.000790865 0.106051587 -0.000372862 0.999999404 0.000976404 -0.169023424 -0.000790502 -0.000976699 0.999999225 5.712675095
0.999999404 0.000425295 0.001003647 0.109007083 -0.000425996 0.999999702 0.000697895 -0.173648849 -0.001003350 -0.000698322 0.999999166 5.988474369
0.999999106 0.000569122 0.001159716 0.113771319 -0.000570271 0.999999285 0.000991293 -0.183446482 -0.001159151 -0.000991954 0.999998808 6.273861885
0.999999404 0.000513478 0.000976422 0.123508580 -0.000514512 0.999999225 0.001059156 -0.193840027 -0.000975878 -0.001059657 0.999998987 6.550262451
0.999999166 0.000816779 0.001004672 0.126051188 -0.000817650 0.999999225 0.000867279 -0.201594457 -0.001003963 -0.000868100 0.999999106 6.845337391
0.999999344 0.000829592 0.000818687 0.133890048 -0.000830511 0.999998987 0.001123579 -0.207571357 -0.000817754 -0.001124258 0.999999046 7.147964001
0.999999225 0.000918916 0.000929162 0.141934484 -0.000919742 0.999999106 0.000889486 -0.214108780 -0.000928344 -0.000890339 0.999999166 7.445067406
0.999999404 0.000314480 0.001059857 0.136828631 -0.000316005 0.999998868 0.001439220 -0.233759373 -0.001059404 -0.001439554 0.999998391 7.754243374
0.999999404 0.000281167 0.001043619 0.147825286 -0.000282557 0.999999046 0.001331917 -0.237139180 -0.001043243 -0.001332211 0.999998569 8.081015587
0.999999464 0.000481661 0.000918749 0.151306003 -0.000482921 0.999998927 0.001371838 -0.248326927 -0.000918087 -0.001372281 0.999998569 8.390355110
0.999999523 -0.000165578 0.000979843 0.161782295 0.000164245 0.999999106 0.001359945 -0.258553654 -0.000980068 -0.001359784 0.999998510 8.707418442
0.999998927 0.000635762 0.001394882 0.155831441 -0.000637384 0.999999106 0.001163002 -0.261308908 -0.001394141 -0.001163890 0.999998331 9.061475754
0.999998987 0.000873939 0.001094098 0.164231539 -0.000875450 0.999998629 0.001381589 -0.275769264 -0.001092889 -0.001382545 0.999998450 9.405285835
0.999997139 0.001795189 0.001591818 0.172009334 -0.001797091 0.999997675 0.001194367 -0.286215276 -0.001589670 -0.001197224 0.999998033 9.736617088
0.999998391 0.001024738 0.001451209 0.176191211 -0.001027175 0.999998093 0.001679342 -0.299938291 -0.001449486 -0.001680830 0.999997556 10.079288483
0.999998868 0.000979750 0.001158345 0.182765782 -0.000981124 0.999998808 0.001185553 -0.308744550 -0.001157182 -0.001186688 0.999998629 10.452108383
0.999998868 0.000961053 0.001155344 0.192258775 -0.000962338 0.999998868 0.001111892 -0.318175703 -0.001154274 -0.001113003 0.999998748 10.816118240
0.999998629 0.001229497 0.001097267 0.199935958 -0.001231003 0.999998331 0.001372719 -0.327803850 -0.001095578 -0.001374068 0.999998450 11.177158356
0.999999344 0.000405618 0.000999733 0.209542036 -0.000407101 0.999998808 0.001483744 -0.337894946 -0.000999130 -0.001484151 0.999998331 11.555620193
0.999999344 0.000686022 0.000858181 0.219836026 -0.000687104 0.999998987 0.001261294 -0.343050390 -0.000857315 -0.001261883 0.999998868 11.938153267
0.999999046 0.000636860 0.001231790 0.226320088 -0.000638847 0.999998450 0.001613143 -0.359024495 -0.001230760 -0.001613929 0.999997914 12.316793442
0.999999583 0.000054406 0.000908917 0.243642747 -0.000056111 0.999998212 0.001875532 -0.373549640 -0.000908813 -0.001875583 0.999997795 12.702027321
0.999998569 0.000712534 0.001544490 0.239094347 -0.000716228 0.999996901 0.002392216 -0.391107351 -0.001542780 -0.002393319 0.999995947 13.105751038
0.999998748 0.000472221 0.001548198 0.256666720 -0.000475817 0.999997199 0.002322844 -0.402722001 -0.001547097 -0.002323578 0.999996126 13.505281448
0.999997139 0.001587378 0.001825484 0.256064385 -0.001591721 0.999995768 0.002379721 -0.413581610 -0.001821699 -0.002382620 0.999995470 13.918238640
0.999998033 0.001176315 0.001595534 0.260626256 -0.001180160 0.999996364 0.002410739 -0.423434466 -0.001592692 -0.002412617 0.999995828 14.347516060
0.999997795 0.000688740 0.001995777 0.273118585 -0.000693287 0.999997139 0.002278691 -0.435104400 -0.001994202 -0.002280070 0.999995410 14.743046761
0.999998212 0.001042165 0.001608848 0.283898294 -0.001046432 0.999995947 0.002653842 -0.447609276 -0.001606075 -0.002655521 0.999995172 15.174231529
0.999997675 0.000676873 0.002061905 0.297332883 -0.000681738 0.999996960 0.002359997 -0.464762628 -0.002060302 -0.002361397 0.999995112 15.597251892
0.999995828 0.000841176 0.002771342 0.301403433 -0.000849084 0.999995589 0.002853445 -0.474392563 -0.002768930 -0.002855787 0.999992073 16.062656403
0.999995112 0.001224925 0.002908056 0.311275423 -0.001233929 0.999994397 0.003096235 -0.487653643 -0.002904247 -0.003099807 0.999990940 16.502685547
0.999994934 0.001222074 0.002955338 0.323318481 -0.001230544 0.999995112 0.002866090 -0.498075843 -0.002951821 -0.002869712 0.999991536 16.947559357
0.999993145 0.001239900 0.003478242 0.325931251 -0.001251330 0.999993801 0.003285866 -0.523718536 -0.003474146 -0.003290197 0.999988556 17.402610779
0.999991894 0.001158720 0.003865436 0.337127209 -0.001173399 0.999992192 0.003797461 -0.535607934 -0.003861006 -0.003801966 0.999985337 17.869520187
0.999989986 0.001264596 0.004278927 0.346287996 -0.001279055 0.999993443 0.003378219 -0.543032765 -0.004274627 -0.003383658 0.999985099 18.340467453
0.999990880 0.001074378 0.004112335 0.360766053 -0.001088225 0.999993742 0.003366274 -0.555157661 -0.004108692 -0.003370719 0.999985874 18.802206039
0.999991596 0.001057541 0.003940235 0.376079917 -0.001071123 0.999993384 0.003446332 -0.567117035 -0.003936564 -0.003450523 0.999986291 19.285312653
0.999989510 0.001632767 0.004284880 0.390781105 -0.001646226 0.999993742 0.003139456 -0.578605890 -0.004279727 -0.003146477 0.999985874 19.776086807
0.999987423 0.001770241 0.004693194 0.384424895 -0.001785508 0.999993145 0.003250707 -0.590127528 -0.004687408 -0.003259045 0.999983728 20.262470245
0.999988019 0.001623092 0.004599710 0.402115881 -0.001639356 0.999992430 0.003534374 -0.602837026 -0.004593939 -0.003541872 0.999983191 20.760116577
0.999992311 0.001238122 0.003726442 0.417236298 -0.001249481 0.999994636 0.003047497 -0.609248519 -0.003722650 -0.003052130 0.999988437 21.277778625
0.999992788 0.001728167 0.003389463 0.426329851 -0.001739626 0.999992728 0.003381061 -0.636210322 -0.003383596 -0.003386933 0.999988556 21.762733459
0.999995232 0.001480927 0.002705124 0.442546099 -0.001489499 0.999993861 0.003169630 -0.646388173 -0.002700413 -0.003173644 0.999991357 22.280395508
0.999992967 0.002442170 0.002853431 0.446945459 -0.002450442 0.999992847 0.002898764 -0.652740300 -0.002846332 -0.002905736 0.999991775 22.799535751
0.999995172 0.001738446 0.002565010 0.452810198 -0.001747539 0.999992192 0.003547539 -0.681724966 -0.002558823 -0.003552004 0.999990404 23.293634415
0.999998033 0.001263665 0.001518798 0.467530787 -0.001269361 0.999992192 0.003755562 -0.694831192 -0.001514041 -0.003757482 0.999991775 23.822654724
0.999997377 0.001558868 0.001679924 0.464232892 -0.001564228 0.999993682 0.003194456 -0.707566738 -0.001674934 -0.003197075 0.999993443 24.342374802
0.999994457 0.002845262 0.001760256 0.466977715 -0.002850631 0.999991298 0.003054884 -0.716638446 -0.001751548 -0.003059885 0.999993801 24.890165329
0.999997079 0.002349858 0.000467799 0.476261854 -0.002351595 0.999990225 0.003747256 -0.736590505 -0.000458989 -0.003748345 0.999992847 25.412721634
0.999994636 0.003231516 0.000428829 0.482989490 -0.003233395 0.999984920 0.004454849 -0.752812564 -0.000414427 -0.004456212 0.999989927 25.958948135
0.999994636 0.003250390 0.000172145 0.487129599 -0.003251042 0.999987066 0.003930334 -0.760038853 -0.000159368 -0.003930873 0.999992311 26.508476257
0.999996960 0.002358998 -0.000724281 0.501734018 -0.002355929 0.999988377 0.004210002 -0.777588367 0.000734204 -0.004208283 0.999990880 27.055402756
0.999996483 0.002516944 -0.000860142 0.509755075 -0.002513373 0.999988317 0.004128514 -0.792586803 0.000870523 -0.004126337 0.999991119 27.608737946
0.999993324 0.003558109 -0.000788313 0.515781581 -0.003554718 0.999984622 0.004260810 -0.810065925 0.000803461 -0.004257980 0.999990642 28.152399063
0.999994159 0.002909197 -0.001783677 0.527456403 -0.002901747 0.999987125 0.004164873 -0.820322692 0.001795771 -0.004159673 0.999989748 28.695308685
0.999994755 0.002574684 -0.001955507 0.538878322 -0.002566272 0.999987483 0.004291565 -0.833752036 0.001966532 -0.004286523 0.999988914 29.252941132
0.999993563 0.003129657 -0.001708837 0.543782055 -0.003122224 0.999985695 0.004335217 -0.845450044 0.001722381 -0.004329854 0.999989152 29.794324875
0.999993026 0.002802772 -0.002442118 0.534270465 -0.002792116 0.999986529 0.004355978 -0.864762545 0.002454294 -0.004349129 0.999987543 30.335876465
0.999991775 0.003060680 -0.002659997 0.550023198 -0.003049488 0.999986410 0.004201396 -0.883266687 0.002672820 -0.004193250 0.999987662 30.865139008
0.999990940 0.003220755 -0.002768625 0.555147469 -0.003208978 0.999985695 0.004247432 -0.890952826 0.002782265 -0.004238510 0.999987185 31.415704727
0.999989510 0.003695261 -0.002679947 0.554428160 -0.003682905 0.999982655 0.004600541 -0.911315739 0.002696901 -0.004590623 0.999985814 31.965194702
0.999988317 0.004192018 -0.002397110 0.561893880 -0.004181077 0.999980867 0.004551488 -0.923407435 0.002416144 -0.004541411 0.999986827 32.516735077
0.999986291 0.004010570 -0.003374429 0.575195670 -0.003994252 0.999980390 0.004828700 -0.935379744 0.003393729 -0.004815155 0.999982655 33.069625854
0.999988019 0.003606376 -0.003310991 0.571146369 -0.003589670 0.999980867 0.005037482 -0.957649589 0.003329095 -0.005025536 0.999981821 33.585468292
0.999988794 0.003399951 -0.003310994 0.581375897 -0.003382583 0.999980569 0.005237192 -0.969226480 0.003328736 -0.005225934 0.999980807 34.141365051
0.999983430 0.004426080 -0.003668487 0.589154124 -0.004407452 0.999977410 0.005070721 -0.975526571 0.003690847 -0.005054468 0.999980390 34.692546844
0.999986053 0.003862369 -0.003608677 0.586565435 -0.003844756 0.999980748 0.004874810 -0.994807005 0.003627436 -0.004860868 0.999981582 35.195831299
0.999984384 0.003656938 -0.004242385 0.599250734 -0.003636364 0.999981582 0.004847366 -1.004600644 0.004260034 -0.004831862 0.999979198 35.744415283
0.999986112 0.003259814 -0.004132068 0.611194968 -0.003239817 0.999983132 0.004836876 -1.022515297 0.004147765 -0.004823422 0.999979675 36.294521332
0.999984384 0.003541639 -0.004313916 0.609769821 -0.003520449 0.999981701 0.004909798 -1.030484915 0.004331226 -0.004894536 0.999978602 36.822578430
0.999983668 0.003528490 -0.004491508 0.615552425 -0.003505314 0.999980569 0.005157693 -1.042819262 0.004509620 -0.005141865 0.999976635 37.371463776
0.999981403 0.003889505 -0.004700174 0.626744151 -0.003866876 0.999980867 0.004813975 -1.054254770 0.004718809 -0.004795711 0.999977350 37.931232452
0.999982357 0.004130960 -0.004301203 0.616090536 -0.004110962 0.999980748 0.004648071 -1.068243980 0.004320322 -0.004630307 0.999979973 38.450519562
0.999979734 0.004697788 -0.004300501 0.624369860 -0.004680204 0.999980748 0.004089519 -1.075182557 0.004319630 -0.004069309 0.999982417 38.996917725
0.999983549 0.003926144 -0.004190688 0.634168148 -0.003906659 0.999981523 0.004648004 -1.089833617 0.004208859 -0.004631555 0.999980450 39.555332184
0.999981999 0.003960429 -0.004488469 0.626128733 -0.003938957 0.999980807 0.004782401 -1.106973410 0.004507323 -0.004764637 0.999978423 40.073425293
0.999981642 0.004092616 -0.004455267 0.634914160 -0.004072418 0.999981403 0.004532964 -1.120795488 0.004473736 -0.004514739 0.999979794 40.622177124
0.999982834 0.004152984 -0.004117520 0.640177608 -0.004134812 0.999981761 0.004412010 -1.129080772 0.004135767 -0.004394910 0.999981761 41.173477173
0.999981880 0.004367278 -0.004145671 0.638766944 -0.004349918 0.999981761 0.004187310 -1.137842774 0.004163882 -0.004169200 0.999982655 41.723213196
0.999981105 0.004833453 -0.003792977 0.634612322 -0.004815614 0.999977291 0.004697995 -1.163466454 0.003815599 -0.004679640 0.999981761 42.234123230
0.999978960 0.004248413 -0.004900861 0.651584387 -0.004226261 0.999980807 0.004521487 -1.172917128 0.004919976 -0.004500679 0.999977708 42.789882660
0.999982953 0.004222976 -0.004022816 0.658948541 -0.004201746 0.999977231 0.005271382 -1.194969535 0.004044985 -0.005254389 0.999978006 43.319629669
0.999979258 0.005335025 -0.003592401 0.662622333 -0.005315996 0.999971926 0.005285934 -1.217460394 0.003620500 -0.005266727 0.999979556 43.849006653
0.999980032 0.004971868 -0.003881356 0.653107405 -0.004953132 0.999976099 0.004822428 -1.209324479 0.003905240 -0.004803109 0.999980867 44.373783112
0.999980390 0.005101242 -0.003618601 0.657669961 -0.005082483 0.999973655 0.005174778 -1.224020362 0.003644904 -0.005156286 0.999980152 44.926921844
0.999980748 0.004562221 -0.004225013 0.675673366 -0.004542115 0.999978304 0.004756702 -1.231065273 0.004246622 -0.004737420 0.999979794 45.473175049
0.999979734 0.005274569 -0.003543094 0.666824520 -0.005256381 0.999973059 0.005123076 -1.252789974 0.003570021 -0.005104349 0.999980569 45.983989716
0.999981225 0.004780467 -0.003826105 0.673672915 -0.004761598 0.999976575 0.004925270 -1.266160011 0.003849560 -0.004906959 0.999980569 46.524044037
0.999976993 0.005570502 -0.003860758 0.685623646 -0.005553447 0.999974787 0.004414437 -1.272813916 0.003885252 -0.004392894 0.999982834 47.065647125
0.999979019 0.005146530 -0.003937822 0.683157206 -0.005125800 0.999973059 0.005256568 -1.284675121 0.003964769 -0.005236274 0.999978423 47.603580475
0.999979556 0.005121307 -0.003825448 0.689276576 -0.005101954 0.999974191 0.005051901 -1.296745062 0.003851222 -0.005032280 0.999979913 48.147121429
0.999978721 0.005405904 -0.003631206 0.701669812 -0.005388949 0.999974549 0.004662761 -1.305651188 0.003656321 -0.004643094 0.999982595 48.681877136
0.999981284 0.004582654 -0.004055810 0.712181687 -0.004562973 0.999977827 0.004848556 -1.322483897 0.004077939 -0.004829958 0.999979973 49.206089020
0.999980330 0.005388980 -0.003200340 0.680601299 -0.005371619 0.999970973 0.005408600 -1.330730915 0.003229394 -0.005391303 0.999980271 49.732212067
0.999980748 0.005505494 -0.002847021 0.681989908 -0.005490121 0.999970436 0.005379307 -1.339633465 0.002876552 -0.005363573 0.999981523 50.279903412
0.999982655 0.005080358 -0.002975650 0.690698266 -0.005063849 0.999971926 0.005529543 -1.356068969 0.003003658 -0.005514381 0.999980271 50.810150146
0.999983370 0.004762830 -0.003239202 0.705236912 -0.004746917 0.999976754 0.004902512 -1.360940218 0.003262477 -0.004887055 0.999982715 51.377849579
0.999980867 0.005445500 -0.002924272 0.683686972 -0.005430372 0.999971986 0.005156798 -1.370794177 0.002952270 -0.005140821 0.999982357 51.849918365
0.999979913 0.005693908 -0.002771667 0.691645205 -0.005680054 0.999971449 0.004980945 -1.381773472 0.002799949 -0.004965102 0.999983728 52.400627136
0.999987125 0.004164893 -0.002911723 0.701993406 -0.004150549 0.999979377 0.004915040 -1.389875174 0.002932133 -0.004902892 0.999983668 52.952991486
0.999980569 0.005619189 -0.002696375 0.701382101 -0.005605955 0.999972343 0.004890934 -1.399467587 0.002723783 -0.004875724 0.999984384 53.515674591
0.999979079 0.005947565 -0.002541242 0.695843816 -0.005936079 0.999972224 0.004503551 -1.409089208 0.002567957 -0.004488371 0.999986649 54.020149231
0.999976277 0.006645910 -0.001782853 0.696146369 -0.006637737 0.999967515 0.004551149 -1.417524815 0.001813041 -0.004539208 0.999988079 54.569427490
0.999977827 0.006215008 -0.002354491 0.710884809 -0.006204730 0.999971271 0.004347240 -1.427054286 0.002381441 -0.004332534 0.999987781 55.129619598
0.999978065 0.006173862 -0.002387760 0.722709477 -0.006163677 0.999971926 0.004249451 -1.441774011 0.002413929 -0.004234641 0.999988079 55.604701996
0.999979079 0.005992404 -0.002426199 0.727845490 -0.005980826 0.999970794 0.004751852 -1.455443621 0.002454603 -0.004737243 0.999985814 56.146514893
0.999980330 0.005650268 -0.002718932 0.744628668 -0.005638092 0.999974132 0.004465725 -1.468164802 0.002744094 -0.004450308 0.999986351 56.694248199
0.999974012 0.006996432 -0.001731088 0.731079280 -0.006989049 0.999966621 0.004235019 -1.480836034 0.001760661 -0.004222810 0.999989510 57.200954437
0.999972939 0.007093149 -0.001982184 0.740537763 -0.007085369 0.999967337 0.003904469 -1.493017673 0.002009814 -0.003890319 0.999990404 57.744197845
0.999970257 0.007508784 -0.001759847 0.752152383 -0.007502752 0.999966085 0.003408821 -1.492513895 0.001785383 -0.003395516 0.999992609 58.308753967
0.999975622 0.006776016 -0.001690564 0.757002354 -0.006769653 0.999970019 0.003741564 -1.507411003 0.001715866 -0.003730027 0.999991596 58.781570435
0.999978006 0.006421745 -0.001648164 0.770606041 -0.006415430 0.999972105 0.003808883 -1.524681568 0.001672578 -0.003798226 0.999991417 59.320827484
0.999977410 0.006433377 -0.001972082 0.786505044 -0.006426241 0.999972820 0.003603450 -1.537005544 0.001995210 -0.003590694 0.999991655 59.882968903
0.999977350 0.006553835 -0.001505424 0.770000100 -0.006548126 0.999971449 0.003766570 -1.544895172 0.001530067 -0.003756627 0.999991775 60.381416321
0.999975324 0.006840181 -0.001604906 0.786095560 -0.006833288 0.999967575 0.004262515 -1.559688210 0.001634010 -0.004251443 0.999989629 60.925148010
0.999980032 0.006055342 -0.001803291 0.802479625 -0.006047445 0.999972224 0.004353011 -1.574824333 0.001829601 -0.004342018 0.999988914 61.462070465
0.999977350 0.006668267 -0.000907397 0.779601991 -0.006665035 0.999971569 0.003520512 -1.593239307 0.000930847 -0.003514384 0.999993324 61.966949463
0.999974847 0.006983423 -0.001237895 0.793942332 -0.006979283 0.999970138 0.003318608 -1.605660439 0.001261033 -0.003309884 0.999993682 62.511394501
0.999977648 0.006604185 -0.000948462 0.809876561 -0.006600764 0.999971807 0.003564961 -1.615557432 0.000971979 -0.003558621 0.999993205 63.065254211
0.999975622 0.006927666 -0.000859023 0.806132257 -0.006924586 0.999969780 0.003536694 -1.637437582 0.000883498 -0.003530659 0.999993384 63.578899384
0.999969363 0.007772274 -0.001020308 0.809826374 -0.007769077 0.999965072 0.003100470 -1.646927357 0.001044370 -0.003092448 0.999994755 64.122871399
0.999975562 0.006927595 -0.000951930 0.816325366 -0.006925358 0.999973297 0.002333581 -1.651564837 0.000968071 -0.002326932 0.999996781 64.669113159
0.999973416 0.007282168 -0.000153052 0.813590467 -0.007281617 0.999967873 0.003337714 -1.672977328 0.000177353 -0.003336510 0.999994397 65.145980835
0.999970675 0.007642488 0.000385622 0.825714231 -0.007643659 0.999965966 0.003128141 -1.682165861 -0.000361702 -0.003130997 0.999995053 65.698730469
0.999975443 0.007004180 0.000139009 0.833860815 -0.007004489 0.999972701 0.002350538 -1.689278841 -0.000122541 -0.002351454 0.999997199 66.261993408
0.999971032 0.007602011 0.000430308 0.832055390 -0.007603240 0.999966800 0.002929209 -1.705808401 -0.000408026 -0.002932397 0.999995530 66.737899780
0.999969006 0.007866308 0.000442806 0.843639731 -0.007867525 0.999965072 0.002815860 -1.716821909 -0.000420640 -0.002819256 0.999995828 67.286788940
0.999974430 0.007134087 0.000600989 0.856781781 -0.007135611 0.999971271 0.002571154 -1.730125427 -0.000582628 -0.002575377 0.999996483 67.836585999
0.999971151 0.007573961 0.000620967 0.857034922 -0.007575643 0.999967515 0.002752463 -1.738783479 -0.000600100 -0.002757088 0.999996006 68.344123840
0.999972343 0.007432914 0.000439968 0.868857086 -0.007433610 0.999971092 0.001601456 -1.744299650 -0.000428051 -0.001604682 0.999998629 68.892036438
0.999965250 0.008246033 0.001248171 0.872174561 -0.008248707 0.999963701 0.002152360 -1.766070962 -0.001230377 -0.002162581 0.999996841 69.440238953
0.999965370 0.008235622 0.001201595 0.875218272 -0.008238962 0.999962270 0.002801232 -1.777540565 -0.001178480 -0.002811035 0.999995291 69.920066833
0.999969602 0.007716320 0.001136927 0.886217952 -0.007718884 0.999967694 0.002268363 -1.787226677 -0.001119387 -0.002277070 0.999996722 70.476966858
0.999962986 0.008425998 0.001776233 0.895574510 -0.008430541 0.999961257 0.002566406 -1.802119732 -0.001754540 -0.002581286 0.999995053 71.003211975
0.999970019 0.007646101 0.001213991 0.902084231 -0.007649208 0.999967456 0.002575598 -1.817638278 -0.001194258 -0.002584806 0.999995947 71.525489807
0.999972463 0.007339554 0.001129198 0.913389027 -0.007342188 0.999970257 0.002345044 -1.831838489 -0.001111953 -0.002353270 0.999996603 72.075599670
0.999968469 0.007819721 0.001392973 0.923143387 -0.007822989 0.999966621 0.002355291 -1.847820759 -0.001374509 -0.002366114 0.999996305 72.615890503
0.999970496 0.007585797 0.001195212 0.933267474 -0.007589089 0.999967277 0.002774184 -1.857559204 -0.001174128 -0.002783172 0.999995351 73.123130798
0.999971449 0.007475698 0.001114417 0.946859479 -0.007478640 0.999968469 0.002659425 -1.872730613 -0.001094501 -0.002667683 0.999995828 73.677368164
0.999969482 0.007726071 0.001153174 0.959447503 -0.007729085 0.999966681 0.002633232 -1.876523614 -0.001132791 -0.002642065 0.999995828 74.243980408
0.999968410 0.007841261 0.001286079 0.967480481 -0.007844617 0.999965787 0.002626293 -1.896232724 -0.001265442 -0.002636299 0.999995708 74.711112976
0.999961913 0.008614812 0.001380531 0.978790104 -0.008617886 0.999960363 0.002237444 -1.909119606 -0.001361201 -0.002249256 0.999996483 75.255378723
0.999965668 0.008140013 0.001506942 0.987476885 -0.008143597 0.999963999 0.002388877 -1.922944665 -0.001487442 -0.002401067 0.999996006 75.781867981
0.999969602 0.007574792 0.001844503 1.003558874 -0.007579015 0.999968648 0.002293909 -1.937348723 -0.001827069 -0.002307819 0.999995649 76.331039429
0.999961197 0.008591688 0.001942193 1.003697515 -0.008595588 0.999961019 0.002009416 -1.942622900 -0.001924854 -0.002026032 0.999996006 76.867607117
0.999963403 0.008366424 0.001763560 1.012771487 -0.008370451 0.999962330 0.002288835 -1.957145929 -0.001744344 -0.002303513 0.999995708 77.421928406
0.999967575 0.007823705 0.001957612 1.021414042 -0.007827964 0.999966979 0.002176844 -1.969642520 -0.001940516 -0.002192097 0.999995708 77.926116943
0.999963343 0.008290365 0.002139937 1.035700798 -0.008295338 0.999962866 0.002324586 -1.983437061 -0.002120586 -0.002342252 0.999995053 78.471366882
0.999963462 0.008288167 0.002055052 1.040922761 -0.008292147 0.999963880 0.001936468 -1.993839741 -0.002038928 -0.001953438 0.999995947 79.008453369
0.999959528 0.008723341 0.002165680 1.053097486 -0.008727440 0.999960184 0.001890380 -2.011655331 -0.002149103 -0.001909205 0.999995887 79.544540405
0.999957383 0.008597393 0.003353433 1.063031912 -0.008603544 0.999961257 0.001824231 -2.019419670 -0.003337620 -0.001853004 0.999992669 80.079307556
0.999949396 0.008901610 0.004683640 1.072518826 -0.008907823 0.999959409 0.001307460 -2.032352924 -0.004671812 -0.001349115 0.999988198 80.625900269
0.999953091 0.007942678 0.005551394 1.097887278 -0.007950095 0.999967515 0.001315539 -2.048113585 -0.005540765 -0.001359611 0.999983728 81.164192200
0.999933839 0.008981695 0.007175630 1.099413633 -0.008992863 0.999958396 0.001525943 -2.061879873 -0.007161625 -0.001590372 0.999973118 81.711830139
0.999904394 0.008822167 0.010644257 1.120510340 -0.008839305 0.999959707 0.001564144 -2.075110674 -0.010630028 -0.001658083 0.999942124 82.267059326
0.999863923 0.008697970 0.014018608 1.143568397 -0.008713092 0.999961436 0.001017977 -2.086748362 -0.014009215 -0.001139984 0.999901235 82.817359924
0.999810636 0.008829294 0.017342754 1.157719016 -0.008852046 0.999960005 0.001235617 -2.096093655 -0.017331153 -0.001388902 0.999848783 83.344436646
0.999745250 0.008246124 0.021012491 1.188373327 -0.008277008 0.999964714 0.001383182 -2.111952305 -0.021000344 -0.001556750 0.999778211 83.888404846
0.999591887 0.008821731 0.027170923 1.212864876 -0.008851417 0.999960423 0.000972518 -2.120211363 -0.027161259 -0.001212622 0.999630332 84.431335449
0.999405622 0.008694238 0.033359524 1.238134503 -0.008716192 0.999961793 0.000512711 -2.124467850 -0.033353802 -0.000803173 0.999443293 84.973892212
0.999182999 0.009180743 0.039359096 1.271845579 -0.009214569 0.999957263 0.000678059 -2.139279127 -0.039351188 -0.001040182 0.999224961 85.520950317
0.998802364 0.009672069 0.047961533 1.310514688 -0.009725534 0.999952257 0.000881543 -2.160290241 -0.047950722 -0.001346938 0.998848855 86.077262878
0.998368979 0.009342285 0.056321897 1.355419159 -0.009386304 0.999955773 0.000517056 -2.168241024 -0.056314576 -0.001044867 0.998412549 86.631179810
0.997941077 0.008883188 0.063519143 1.406391144 -0.008926078 0.999960124 0.000391495 -2.179068089 -0.063513137 -0.000957666 0.997980535 87.188629150
0.997322738 0.009039482 0.072566152 1.462831497 -0.009091932 0.999958694 0.000392505 -2.196170807 -0.072559595 -0.001051221 0.997363508 87.729179382
0.996566415 0.008452483 0.082364559 1.543913841 -0.008482211 0.999964058 0.000011044 -2.214684963 -0.082361504 -0.000709639 0.996602297 88.259445190
0.995813727 0.008202676 0.091036819 1.592903614 -0.008215772 0.999966204 -0.000230919 -2.213591099 -0.091035664 -0.000517986 0.995847464 88.796905518
0.995150328 0.007679982 0.098064676 1.666927338 -0.007667121 0.999970436 -0.000508005 -2.226995707 -0.098065689 -0.000246332 0.995179951 89.337036133
0.994091392 0.007448169 0.108290769 1.751469135 -0.007447050 0.999972165 -0.000414753 -2.245534897 -0.108290851 -0.000394144 0.994119167 89.881607056
0.992884815 0.007927267 0.118814453 1.819573402 -0.007950639 0.999968350 -0.000277316 -2.256351471 -0.118812904 -0.000669308 0.992916465 90.407989502
0.991743326 0.007014769 0.128046289 1.911411285 -0.006989660 0.999975383 -0.000645455 -2.266383886 -0.128047660 -0.000254874 0.991768062 90.963127136
0.990167201 0.007153719 0.139706150 2.005572319 -0.007144711 0.999974310 -0.000566045 -2.286246300 -0.139706627 -0.000437681 0.990192831 91.490646362
0.988235354 0.007653364 0.152749017 2.097265244 -0.007670227 0.999970436 -0.000478892 -2.311370373 -0.152748197 -0.000698362 0.988264978 92.011489868
0.986575961 0.007013286 0.163152084 2.206537247 -0.006956750 0.999975383 -0.000917850 -2.304535151 -0.163154542 -0.000229480 0.986600518 92.543281555
0.984758973 0.007248760 0.173773527 2.320466042 -0.007186739 0.999973655 -0.000986136 -2.317062140 -0.173776075 -0.000277758 0.984785199 93.089271545
0.982446969 0.006938062 0.186413273 2.444210052 -0.006859499 0.999975920 -0.001066455 -2.336184978 -0.186416224 -0.000230966 0.982470870 93.615242004
0.980097532 0.005952900 0.198427334 2.583310127 -0.005800750 0.999982238 -0.001348076 -2.341223478 -0.198431835 0.000170219 0.980114698 94.159660339
0.977947652 0.005628142 0.208774269 2.714324951 -0.005503298 0.999984145 -0.001178870 -2.357862949 -0.208777577 0.000003927 0.977963150 94.694938660
0.975049913 0.005946869 0.221906289 2.855333328 -0.005925885 0.999982178 -0.000760370 -2.383807421 -0.221906856 -0.000573592 0.975067675 95.206916809
0.971891046 0.005579227 0.235365003 2.991233826 -0.005423601 0.999984443 -0.001308566 -2.380510092 -0.235368609 -0.000004742 0.971906185 95.754051208
0.969135284 0.005406721 0.246470213 3.146081924 -0.005127039 0.999985278 -0.001776476 -2.392410040 -0.246476188 0.000457983 0.969148695 96.275344849
0.966364861 0.004553863 0.257134736 3.318458557 -0.004312775 0.999989569 -0.001501550 -2.416977882 -0.257138878 0.000342080 0.966374457 96.761947632
0.962667346 0.005112422 0.270638973 3.465930939 -0.004972320 0.999986887 -0.001203317 -2.428303719 -0.270641595 -0.000187309 0.962680161 97.258369446
0.959083617 0.004009220 0.283094615 3.646295547 -0.003599151 0.999991536 -0.001968593 -2.440004587 -0.283100188 0.000869144 0.959089935 97.788238525
0.955583334 0.004535999 0.294686168 3.831132889 -0.004270989 0.999989569 -0.001542881 -2.455730438 -0.294690162 0.000215749 0.955592811 98.320281982
0.951206148 0.004176921 0.308527797 4.015325546 -0.003869590 0.999991179 -0.001607984 -2.473309517 -0.308531731 0.000335649 0.951213956 98.826194763
0.946517289 0.003600433 0.322632819 4.220998764 -0.003199259 0.999993384 -0.001773706 -2.487031460 -0.322637022 0.000646657 0.946522474 99.353477478
0.942677617 0.003856426 0.333682537 4.428543091 -0.003399026 0.999992251 -0.001954584 -2.499075413 -0.333687544 0.000708347 0.942683458 99.858581543
0.937870800 0.002989279 0.346971601 4.630989075 -0.002361352 0.999994636 -0.002232519 -2.503746748 -0.346976489 0.001274492 0.937872946 100.373435974
0.932508588 0.002774409 0.361136943 4.848972321 -0.002337452 0.999995828 -0.001646751 -2.522803545 -0.361140043 0.000691468 0.932511330 100.880630493
0.927592337 0.002333134 0.373586684 5.074947357 -0.001532676 0.999995768 -0.002439665 -2.534910440 -0.373590857 0.001690428 0.927591980 101.388404846
0.922469199 0.003591696 0.386054009 5.301803589 -0.003154549 0.999993443 -0.001765811 -2.558226585 -0.386057854 0.000411080 0.922474504 101.918151855
0.916820228 0.001723327 0.399296284 5.524642944 -0.000939746 0.999997258 -0.002158155 -2.559941530 -0.399298877 0.001603404 0.916819334 102.336174011
0.910983801 0.001919254 0.412437648 5.775939941 -0.001046998 0.999996781 -0.002340835 -2.572403431 -0.412440777 0.001700641 0.910982728 102.835166931
0.905875921 0.001095494 0.423541725 6.019935608 -0.000168877 0.999997556 -0.002225303 -2.592391729 -0.423543096 0.001944323 0.905873895 103.303741455
0.900382400 0.000138385 0.435099155 6.295951843 0.001003069 0.999996662 -0.002393777 -2.606621265 -0.435097992 0.002591749 0.900379360 103.811363220
0.893693030 0.000180778 0.448678851 6.555259705 0.000836680 0.999997556 -0.002069435 -2.639938831 -0.448678136 0.002224840 0.893690705 104.251869202
0.888120115 -0.000738997 0.459610850 6.851367950 0.001904998 0.999996126 -0.002073219 -2.658290148 -0.459607512 0.002716825 0.888118029 104.713142395
0.881139874 0.001296849 0.472853869 7.040542603 -0.000301313 0.999997675 -0.002181109 -2.636540413 -0.472855628 0.001779385 0.881138146 105.233711243
0.873513699 0.001252356 0.486797929 7.331417084 -0.000118313 0.999997258 -0.002360331 -2.653576374 -0.486799508 0.002004187 0.873511434 105.708061218
0.866280556 0.000986889 0.499556869 7.616523743 0.000038049 0.999997914 -0.002041505 -2.670800924 -0.499557853 0.001787524 0.866278648 106.165756226
0.859940112 0.000635385 0.510394514 7.893188477 0.000679950 0.999996841 -0.002390502 -2.674784422 -0.510394394 0.002402732 0.859937072 106.623298645
