1.000000000 0.000000000 0.000000000 0.000000000 0.000000000 1.000000000 0.000000000 0.000000000 0.000000000 0.000000000 1.000000000 0.000000000
1.000000000 0.000075578 0.000034845 -0.000156762 -0.000075578 1.000000000 -0.000017411 0.000413267 -0.000034847 0.000017408 1.000000000 0.000268504
1.000000000 0.000094152 0.000084822 -0.000691552 -0.000094153 1.000000000 0.000001836 0.000056448 -0.000084822 -0.000001844 1.000000000 0.000190423
1.000000000 0.000079817 0.000061373 -0.000477989 -0.000079813 1.000000000 -0.000072569 0.000866470 -0.000061379 0.000072564 1.000000000 0.000441470
1.000000000 0.000057715 0.000091698 -0.000527090 -0.000057712 1.000000000 -0.000032258 0.000498512 -0.000091700 0.000032253 1.000000000 0.000317774
1.000000000 0.000161214 0.000110248 -0.001220803 -0.000161209 1.000000000 -0.000036544 0.000803431 -0.000110254 0.000036526 1.000000000 0.000097236
1.000000000 0.000040591 0.000027608 -0.000405068 -0.000040590 1.000000000 -0.000023156 0.000257487 -0.000027609 0.000023155 1.000000000 0.000023097
1.000000000 0.000113829 0.000034559 -0.000009861 -0.000113829 1.000000000 0.000011044 0.000374010 -0.000034557 -0.000011048 1.000000000 0.000808937
1.000000000 0.000132794 0.000010599 -0.000256351 -0.000132793 1.000000000 -0.000091001 0.000046456 -0.000010611 0.000091000 1.000000000 -0.000188014
1.000000000 0.000116786 0.000051964 -0.000576659 -0.000116783 1.000000000 -0.000058601 0.000200193 -0.000051971 0.000058595 1.000000000 0.001083049
0.999999940 0.000289416 0.000110493 -0.001150580 -0.000289417 0.999999940 0.000002687 0.000555996 -0.000110492 -0.000002719 1.000000000 0.000839824
0.999999762 0.000501331 0.000472667 -0.007800865 -0.000501445 0.999999821 0.000239328 -0.006464880 -0.000472547 -0.000239565 0.999999881 0.009753752
0.999999821 0.000422637 0.000451504 -0.008136126 -0.000422732 0.999999881 0.000211159 -0.006812605 -0.000451415 -0.000211350 0.999999881 0.008680867
0.999999762 0.000474958 0.000443822 -0.008024233 -0.000475053 0.999999821 0.000212447 -0.006621148 -0.000443721 -0.000212658 0.999999881 0.009072694
0.999999821 0.000413127 0.000468420 -0.008560835 -0.000413231 0.999999881 0.000222256 -0.006838169 -0.000468328 -0.000222450 0.999999881 0.009189049
0.999999821 0.000436273 0.000473544 -0.007888531 -0.000436409 0.999999881 0.000286602 -0.006675778 -0.000473419 -0.000286808 0.999999881 0.009786422
0.999999762 0.000511060 0.000521329 -0.008404119 -0.000511172 0.999999821 0.000214807 -0.006016482 -0.000521220 -0.000215073 0.999999881 0.009253007
0.999999762 0.000520810 0.000523909 -0.009129476 -0.000520926 0.999999821 0.000222666 -0.006762393 -0.000523793 -0.000222938 0.999999881 0.008815818
0.999999642 0.000574602 0.000555329 -0.009438799 -0.000574755 0.999999762 0.000274199 -0.006370941 -0.000555171 -0.000274518 0.999999821 0.009251203
0.999999702 0.000476263 0.000541853 -0.008837908 -0.000476376 0.999999821 0.000208118 -0.006139469 -0.000541754 -0.000208376 0.999999881 0.009839021
0.999999642 0.000590722 0.000548922 -0.009380305 -0.000590849 0.999999762 0.000231818 -0.006571360 -0.000548785 -0.000232142 0.999999821 0.009253925
0.999999762 0.000455327 0.000467907 -0.008919961 -0.000455431 0.999999821 0.000222430 -0.006013566 -0.000467806 -0.000222643 0.999999881 0.009858966
0.999999762 0.000516690 0.000485522 -0.008441854 -0.000516789 0.999999821 0.000202727 -0.006099266 -0.000485417 -0.000202977 0.999999881 0.010884673
0.999999762 0.000519206 0.000486996 -0.008986441 -0.000519321 0.999999821 0.000236124 -0.005630716 -0.000486874 -0.000236377 0.999999881 0.010804431
0.999999702 0.000638937 0.000512703 -0.009245767 -0.000639045 0.999999762 0.000210422 -0.005447722 -0.000512569 -0.000210750 0.999999881 0.010766885
0.999999642 0.000664566 0.000540852 -0.009315283 -0.000664725 0.999999762 0.000292261 -0.006330726 -0.000540657 -0.000292620 0.999999821 0.009682643
0.999999702 0.000485435 0.000561400 -0.009383648 -0.000485584 0.999999821 0.000265858 -0.005429808 -0.000561271 -0.000266130 0.999999821 0.010387002
0.999999702 0.000506768 0.000587249 -0.009102787 -0.000506965 0.999999821 0.000336398 -0.006471753 -0.000587078 -0.000336696 0.999999821 0.010183966
0.999999702 0.000521117 0.000546983 -0.009263258 -0.000521258 0.999999821 0.000257471 -0.005771358 -0.000546848 -0.000257756 0.999999821 0.010364138
0.999999642 0.000603620 0.000567008 -0.009188201 -0.000603779 0.999999762 0.000280607 -0.005897002 -0.000566839 -0.000280949 0.999999821 0.010024401
0.999999642 0.000566065 0.000601442 -0.009356841 -0.000566224 0.999999762 0.000265162 -0.006207273 -0.000601292 -0.000265502 0.999999821 0.010255197
0.999999702 0.000464255 0.000557103 -0.008855616 -0.000464398 0.999999821 0.000255295 -0.005610896 -0.000556984 -0.000255553 0.999999821 0.011466786
0.999999702 0.000568480 0.000514899 -0.008926400 -0.000568587 0.999999762 0.000206445 -0.005524849 -0.000514782 -0.000206738 0.999999881 0.010694314
0.999999702 0.000506414 0.000557537 -0.009053083 -0.000506553 0.999999821 0.000249493 -0.006471749 -0.000557410 -0.000249775 0.999999821 0.009493989
0.999999642 0.000595392 0.000599572 -0.009699905 -0.000595549 0.999999762 0.000261011 -0.005978204 -0.000599417 -0.000261368 0.999999821 0.010436011
0.999999642 0.000590807 0.000623105 -0.008987688 -0.000590986 0.999999762 0.000287709 -0.006707613 -0.000622935 -0.000288078 0.999999821 0.009966756
0.999999642 0.000614816 0.000588981 -0.009166440 -0.000615004 0.999999762 0.000319428 -0.006533422 -0.000588785 -0.000319790 0.999999821 0.009976976
0.999999762 0.000548050 0.000524036 -0.008776908 -0.000548203 0.999999821 0.000291772 -0.006167920 -0.000523876 -0.000292060 0.999999821 0.009955370
0.999999642 0.000640844 0.000587226 -0.009195897 -0.000640999 0.999999762 0.000264104 -0.006208629 -0.000587057 -0.000264480 0.999999821 0.009849585
0.999999702 0.000568980 0.000504922 -0.008030717 -0.000569111 0.999999762 0.000258037 -0.005878132 -0.000504775 -0.000258324 0.999999881 0.010179061
0.999999762 0.000453163 0.000506579 -0.008092012 -0.000453273 0.999999821 0.000217138 -0.006153549 -0.000506480 -0.000217367 0.999999881 0.010071564
0.999999702 0.000511679 0.000561357 -0.006650040 -0.000511436 0.999999821 -0.000431939 -0.009279924 -0.000561578 0.000431652 0.999999762 0.058105230
0.999999940 0.000220621 0.000212329 0.002832580 -0.000220426 0.999999583 -0.000916177 -0.006617776 -0.000212531 0.000916130 0.999999583 0.142770424
0.999999821 0.000456968 0.000216567 0.002106256 -0.000456743 0.999999344 -0.001040394 -0.011348194 -0.000217043 0.001040295 0.999999464 0.252612025
0.999999881 0.000475290 0.000177178 0.006008892 -0.000475106 0.999999285 -0.001040162 -0.013586627 -0.000177673 0.001040078 0.999999464 0.382791877
0.999999940 0.000276822 0.000263677 0.007066242 -0.000276628 0.999999702 -0.000735058 -0.021405723 -0.000263880 0.000734985 0.999999642 0.526564658
0.999999821 0.000443140 0.000121019 0.010342673 -0.000443053 0.999999642 -0.000717108 -0.024881663 -0.000121336 0.000717054 0.999999702 0.676709831
0.999999881 0.000466185 0.000019207 0.015269781 -0.000466173 0.999999702 -0.000620804 -0.028935986 -0.000019496 0.000620795 0.999999821 0.842409253
0.999999940 -0.000001621 0.000361347 0.021912923 0.000001530 0.999999881 0.000251320 -0.048986621 -0.000361347 -0.000251320 0.999999821 1.013760448
0.999999940 0.000026652 0.000374520 0.025381727 -0.000026763 0.999999881 0.000295469 -0.052920189 -0.000374512 -0.000295478 0.999999881 1.194238067
0.999999702 0.000551569 0.000560203 0.022094335 -0.000551624 0.999999821 0.000099346 -0.050064173 -0.000560148 -0.000099654 0.999999821 1.389806747
0.999999583 0.000636614 0.000625889 0.022864159 -0.000636632 0.999999762 0.000028884 -0.054874226 -0.000625871 -0.000029282 0.999999821 1.578219771
0.999999762 0.000317042 0.000496427 0.029934380 -0.000317230 0.999999821 0.000379089 -0.062121503 -0.000496306 -0.000379246 0.999999821 1.773970962
0.999999046 0.001122189 0.000689986 0.034525145 -0.001122460 0.999999225 0.000391737 -0.068398841 -0.000689546 -0.000392511 0.999999702 1.965061188
0.999999583 0.000712569 0.000620561 0.038601231 -0.000712894 0.999999583 0.000523154 -0.075779945 -0.000620188 -0.000523596 0.999999702 2.173842907
0.999999166 0.000789303 0.001002215 0.034132641 -0.000790324 0.999999166 0.001018800 -0.080794536 -0.001001410 -0.001019591 0.999998987 2.397678375
0.999998808 0.001346012 0.000773431 0.042222682 -0.001346628 0.999998748 0.000796656 -0.090344347 -0.000772358 -0.000797697 0.999999404 2.610129833
0.999999166 0.000918674 0.000891336 0.045995027 -0.000919531 0.999999106 0.000961134 -0.093693286 -0.000890452 -0.000961953 0.999999166 2.841278076
0.999998808 0.001190383 0.000931903 0.050461266 -0.001191322 0.999998808 0.001007931 -0.099194549 -0.000930702 -0.001009040 0.999999106 3.078068256
0.999998569 0.001296389 0.001011402 0.055907495 -0.001297281 0.999998748 0.000882200 -0.108736694 -0.001010256 -0.000883510 0.999999106 3.309938908
0.999998450 0.001364007 0.001105458 0.062588595 -0.001365278 0.999998391 0.001150078 -0.117926888 -0.001103887 -0.001151586 0.999998689 3.561089754
0.999999166 0.000958238 0.001017444 0.067751005 -0.000959383 0.999998927 0.001126020 -0.120531179 -0.001016364 -0.001126994 0.999998868 3.820120573
0.999998033 0.001390655 0.001381064 0.071156889 -0.001392133 0.999998450 0.001069783 -0.130343735 -0.001379574 -0.001071704 0.999998450 4.080516815
0.999997854 0.001408441 0.001508643 0.078002989 -0.001410479 0.999998033 0.001350067 -0.140544429 -0.001506739 -0.001352192 0.999997973 4.327377796
0.999998331 0.001454144 0.001098062 0.087707825 -0.001455587 0.999998093 0.001314690 -0.143362656 -0.001096148 -0.001316286 0.999998450 4.583653450
0.999997914 0.001385837 0.001480972 0.093194410 -0.001387647 0.999998331 0.001221512 -0.150659874 -0.001479277 -0.001223565 0.999998093 4.840626717
0.999996483 0.001934970 0.001802640 0.092634790 -0.001937722 0.999996960 0.001525835 -0.162242919 -0.001799681 -0.001529322 0.999997199 5.108232975
0.999995887 0.002164682 0.001925945 0.105826572 -0.002166887 0.999997079 0.001143393 -0.159768805 -0.001923464 -0.001147561 0.999997437 5.371231079
0.999996543 0.001962480 0.001765272 0.107037261 -0.001965332 0.999996722 0.001615225 -0.175903127 -0.001762096 -0.001618689 0.999997139 5.634474754
0.999996722 0.001930255 0.001692757 0.112134077 -0.001933611 0.999996185 0.001983157 -0.183951005 -0.001688923 -0.001986424 0.999996603 5.911522388
0.999997377 0.001539414 0.001696250 0.118174769 -0.001541779 0.999997854 0.001393434 -0.189249501 -0.001694101 -0.001396045 0.999997616 6.189399242
0.999996901 0.001823608 0.001700407 0.125887588 -0.001825898 0.999997437 0.001346239 -0.195163846 -0.001697947 -0.001349340 0.999997675 6.479080677
0.999995112 0.002392274 0.002012016 0.123202503 -0.002395545 0.999995828 0.001624775 -0.206485912 -0.002008121 -0.001629587 0.999996662 6.768092632
0.999995232 0.002283703 0.002041410 0.133363008 -0.002286795 0.999996245 0.001513880 -0.213476762 -0.002037945 -0.001518541 0.999996722 7.065182209
0.999994934 0.002489479 0.001985028 0.138224095 -0.002492458 0.999995708 0.001499634 -0.220484525 -0.001981287 -0.001504574 0.999996841 7.362280369
0.999995589 0.002358116 0.001808042 0.146027878 -0.002360728 0.999996126 0.001444010 -0.230287448 -0.001804630 -0.001448272 0.999997258 7.668273449
0.999994874 0.002463443 0.002051397 0.150483936 -0.002466038 0.999996185 0.001263839 -0.237347662 -0.002048276 -0.001268891 0.999997079 7.986594200
0.999994934 0.002529349 0.001892834 0.158924952 -0.002531738 0.999996006 0.001260507 -0.249504074 -0.001889638 -0.001265293 0.999997437 8.296082497
0.999994397 0.002653386 0.002056749 0.164091617 -0.002655506 0.999996006 0.001028444 -0.257996410 -0.002054012 -0.001033900 0.999997437 8.622574806
0.999993145 0.002774133 0.002419176 0.166092306 -0.002776319 0.999995768 0.000900461 -0.257195026 -0.002416668 -0.000907171 0.999996603 8.984597206
0.999993443 0.002820103 0.002265216 0.179553628 -0.002822824 0.999995232 0.001198280 -0.277307421 -0.002261826 -0.001204666 0.999996722 9.306197166
0.999994099 0.002540600 0.002299036 0.185887352 -0.002542882 0.999996364 0.000990308 -0.282647461 -0.002296512 -0.000996149 0.999996901 9.657413483
0.999991238 0.003450800 0.002424724 0.192063227 -0.003452838 0.999993801 0.000836913 -0.287283450 -0.002421821 -0.000845278 0.999996722 10.014953613
0.999992847 0.003051346 0.002219968 0.199877918 -0.003053559 0.999994755 0.000994311 -0.299141049 -0.002216922 -0.001001083 0.999997020 10.370751381
0.999993682 0.002774726 0.002236012 0.209145173 -0.002777103 0.999995530 0.001060981 -0.309090018 -0.002233059 -0.001067184 0.999996901 10.737272263
0.999993503 0.002717052 0.002337675 0.216914266 -0.002719623 0.999995708 0.001097289 -0.318301857 -0.002334683 -0.001103640 0.999996662 11.094025612
0.999995649 0.002319887 0.001814731 0.227587715 -0.002322404 0.999996305 0.001386281 -0.327289224 -0.001811508 -0.001390490 0.999997377 11.494132996
0.999992967 0.003130240 0.002036592 0.234541938 -0.003133050 0.999994159 0.001378047 -0.340653419 -0.002032266 -0.001384418 0.999996960 11.860556602
0.999994040 0.002804854 0.001972947 0.242453888 -0.002807924 0.999994874 0.001555132 -0.354739696 -0.001968575 -0.001560663 0.999996841 12.243051529
0.999994874 0.002569667 0.001886806 0.253773093 -0.002573437 0.999994695 0.001998592 -0.367427945 -0.001881660 -0.002003437 0.999996185 12.633350372
0.999989390 0.003827454 0.002563262 0.254483968 -0.003832260 0.999990821 0.001872329 -0.373312861 -0.002556073 -0.001882132 0.999994934 13.029655457
0.999993324 0.002630823 0.002515962 0.268343776 -0.002635872 0.999994516 0.002005553 -0.388157099 -0.002510672 -0.002012172 0.999994814 13.448089600
0.999993801 0.002746142 0.002261506 0.279763490 -0.002751214 0.999993682 0.002242595 -0.405369520 -0.002255333 -0.002248803 0.999994934 13.828070641
0.999993742 0.002696827 0.002296825 0.285417587 -0.002702145 0.999993682 0.002315496 -0.414030254 -0.002290566 -0.002321688 0.999994695 14.240751266
0.999991059 0.003331119 0.002607767 0.296515495 -0.003337470 0.999991477 0.002434985 -0.432928324 -0.002599634 -0.002443666 0.999993563 14.654659271
0.999992788 0.002790550 0.002543127 0.304375440 -0.002796645 0.999993324 0.002396359 -0.442999452 -0.002536422 -0.002403454 0.999993920 15.083558083
0.999991834 0.002964997 0.002748635 0.321093231 -0.002972218 0.999992132 0.002626763 -0.456332266 -0.002740825 -0.002634912 0.999992728 15.506359100
0.999990106 0.003177020 0.003091958 0.329992115 -0.003184457 0.999991953 0.002403229 -0.465267926 -0.003084298 -0.002413052 0.999992311 15.945821762
0.999988556 0.003257747 0.003492174 0.338764429 -0.003267362 0.999990880 0.002750962 -0.479330510 -0.003483180 -0.002762340 0.999990106 16.388322830
0.999984622 0.003741887 0.004092050 0.345371336 -0.003751632 0.999990225 0.002376654 -0.488037378 -0.004083117 -0.002391970 0.999988794 16.832374573
0.999985039 0.003416538 0.004278537 0.360412925 -0.003427514 0.999990821 0.002560589 -0.502107859 -0.004269749 -0.002575215 0.999987483 17.283058167
0.999987841 0.002888939 0.003998850 0.376090348 -0.002899808 0.999992013 0.002714816 -0.514098644 -0.003990976 -0.002726379 0.999988258 17.747148514
0.999981701 0.003604772 0.004851046 0.383819044 -0.003618725 0.999989331 0.002870499 -0.527854145 -0.004840647 -0.002888002 0.999984026 18.203899384
0.999981642 0.002938713 0.005296322 0.396262437 -0.002951696 0.999992669 0.002445144 -0.535587549 -0.005289097 -0.002460733 0.999982953 18.682899475
0.999982715 0.002958556 0.005085443 0.410952687 -0.002971590 0.999992311 0.002557402 -0.550594091 -0.005077837 -0.002572469 0.999983728 19.164363861
0.999980867 0.003413520 0.005153018 0.425475210 -0.003427139 0.999990642 0.002636414 -0.561920881 -0.005143971 -0.002654024 0.999983251 19.648862839
0.999981463 0.003317590 0.005096635 0.435137510 -0.003334463 0.999988914 0.003305661 -0.579852521 -0.005085613 -0.003322595 0.999981523 20.133754730
0.999979675 0.003669123 0.005215801 0.448420644 -0.003683898 0.999989212 0.002825911 -0.588308156 -0.005205378 -0.002845068 0.999982357 20.644067764
0.999979258 0.003742469 0.005237751 0.466387868 -0.003757678 0.999988675 0.002897067 -0.613606572 -0.005226850 -0.002916688 0.999982059 21.160612106
0.999983788 0.003845380 0.004195899 0.480952919 -0.003856839 0.999988854 0.002726264 -0.619722486 -0.004185369 -0.002742403 0.999987423 21.685709000
0.999983728 0.004414516 0.003625961 0.494094431 -0.004424280 0.999986589 0.002689474 -0.631255627 -0.003614040 -0.002705473 0.999989748 22.201057434
0.999984980 0.004278898 0.003430869 0.499250472 -0.004288722 0.999986768 0.002861034 -0.646400571 -0.003418581 -0.002875705 0.999989986 22.713438034
0.999980867 0.004925172 0.003736180 0.513099432 -0.004937382 0.999982476 0.003266250 -0.675208330 -0.003720028 -0.003284635 0.999987662 23.246074677
0.999990880 0.003932410 0.001658160 0.538763821 -0.003937751 0.999987006 0.003229696 -0.676897764 -0.001645439 -0.003236196 0.999993443 23.755455017
0.999991775 0.003572215 0.001894148 0.540029526 -0.003578057 0.999988794 0.003089850 -0.705572188 -0.001883089 -0.003096603 0.999993384 24.305116653
0.999985099 0.004910148 0.002393454 0.541075587 -0.004916460 0.999984443 0.002638373 -0.709537625 -0.002380462 -0.002650101 0.999993682 24.846002579
0.999982655 0.005715572 0.001407355 0.549100757 -0.005719852 0.999979019 0.003055779 -0.726737082 -0.001389860 -0.003063776 0.999994338 25.383535385
0.999986410 0.005039598 0.001348745 0.558066308 -0.005044543 0.999980450 0.003688338 -0.752456367 -0.001330131 -0.003695091 0.999992251 25.933958054
0.999988377 0.004756633 0.000839484 0.571753144 -0.004759523 0.999982595 0.003474181 -0.764286220 -0.000822943 -0.003478136 0.999993622 26.486991882
0.999990344 0.004342863 0.000641620 0.581814766 -0.004345391 0.999982595 0.003995295 -0.774421275 -0.000624258 -0.003998044 0.999991834 27.054357529
0.999991536 0.004051174 -0.000757755 0.604773045 -0.004048056 0.999983549 0.004072242 -0.793071151 0.000774240 -0.004069141 0.999991417 27.608736038
0.999989569 0.004566531 -0.000177329 0.602259099 -0.004565856 0.999983013 0.003630687 -0.809046209 0.000193905 -0.003629839 0.999993384 28.148778915
0.999987960 0.004885566 -0.000293395 0.607460380 -0.004884507 0.999981880 0.003509490 -0.812854052 0.000310536 -0.003508015 0.999993801 28.707944870
0.999983788 0.005636523 -0.000787716 0.628406942 -0.005633414 0.999976575 0.003894321 -0.833833218 0.000809648 -0.003889821 0.999992073 29.247503281
0.999985397 0.005327788 -0.000858122 0.636282623 -0.005324428 0.999978364 0.003869226 -0.843908429 0.000878718 -0.003864601 0.999992132 29.786479950
0.999982476 0.005846586 -0.001024356 0.643418849 -0.005842760 0.999976099 0.003699206 -0.854979634 0.001045959 -0.003693155 0.999992669 30.340202332
0.999984384 0.005494259 -0.001013106 0.642934203 -0.005490256 0.999977291 0.003912195 -0.874866962 0.001034577 -0.003906571 0.999991775 30.869070053
0.999985099 0.005271377 -0.001491813 0.655207813 -0.005265650 0.999978840 0.003817122 -0.885429084 0.001511903 -0.003809209 0.999991596 31.414140701
0.999981761 0.005725926 -0.001925295 0.662298858 -0.005718907 0.999976993 0.003631384 -0.893508732 0.001946044 -0.003620306 0.999991596 31.974994659
0.999979317 0.006183987 -0.001737622 0.671882629 -0.006177451 0.999973834 0.003742603 -0.915685833 0.001760720 -0.003731792 0.999991477 32.506229401
0.999982536 0.005577222 -0.001967857 0.680046320 -0.005569000 0.999975860 0.004160007 -0.932511151 0.001991011 -0.004148975 0.999989390 33.043888092
0.999979734 0.005932046 -0.002320067 0.689532399 -0.005922818 0.999974728 0.003964483 -0.949140429 0.002343526 -0.003950661 0.999989450 33.586322784
0.999982119 0.005338489 -0.002668220 0.702926159 -0.005327371 0.999977171 0.004155997 -0.961711705 0.002690346 -0.004141709 0.999987721 34.117565155
0.999981165 0.005149240 -0.003344681 0.712485433 -0.005135673 0.999978602 0.004052323 -0.971307635 0.003365476 -0.004035070 0.999986231 34.674823761
0.999979496 0.005666508 -0.002980478 0.716117680 -0.005653733 0.999974787 0.004277566 -0.985101163 0.003004641 -0.004260627 0.999986410 35.209560394
0.999981105 0.005483923 -0.002758365 0.724901617 -0.005471692 0.999975145 0.004422190 -0.997179031 0.002782548 -0.004407013 0.999986410 35.752220154
0.999979913 0.005428807 -0.003261478 0.733704984 -0.005414708 0.999976039 0.004316728 -1.006398916 0.003284833 -0.004298982 0.999985337 36.300586700
0.999981523 0.004875614 -0.003656702 0.745721757 -0.004859605 0.999978602 0.004374205 -1.030265808 0.003677952 -0.004356354 0.999983668 36.836093903
0.999977589 0.005359375 -0.004009509 0.764356554 -0.005343017 0.999977410 0.004079302 -1.035083532 0.004031280 -0.004057787 0.999983609 37.393623352
0.999970853 0.006206397 -0.004440397 0.762324393 -0.006189900 0.999973953 0.003719263 -1.048903465 0.004463366 -0.003691669 0.999983191 37.933166504
0.999968529 0.006307686 -0.004801109 0.768369794 -0.006289706 0.999973178 0.003750960 -1.064871192 0.004824641 -0.003720645 0.999981403 38.472084045
0.999968231 0.006351822 -0.004808754 0.777732015 -0.006333275 0.999972522 0.003862473 -1.071667671 0.004833156 -0.003831896 0.999980986 39.027294159
0.999976575 0.004871210 -0.004802267 0.786296844 -0.004851253 0.999979496 0.004158703 -1.092864037 0.004822427 -0.004135308 0.999979794 39.551582336
0.999974847 0.005099338 -0.004932765 0.794865966 -0.005079822 0.999979377 0.003960631 -1.102504969 0.004952860 -0.003935474 0.999979973 40.105110168
0.999968767 0.005877276 -0.005275928 0.808577955 -0.005857875 0.999976039 0.003684990 -1.121224999 0.005297459 -0.003653969 0.999979317 40.638637543
0.999969780 0.005825318 -0.005158467 0.816129327 -0.005808601 0.999977827 0.003249683 -1.125825644 0.005177284 -0.003219621 0.999981463 41.200267792
0.999973595 0.005267804 -0.005005369 0.821317434 -0.005248574 0.999978781 0.003847379 -1.142107964 0.005025530 -0.003821006 0.999980092 41.720596313
0.999966025 0.006313714 -0.005300468 0.828207135 -0.006299439 0.999976516 0.002705561 -1.145447612 0.005317426 -0.002672079 0.999982297 42.302314758
0.999971986 0.005555776 -0.005018175 0.831841350 -0.005541110 0.999980271 0.002931745 -1.156727076 0.005034363 -0.002903856 0.999983132 42.799201965
0.999972224 0.005508172 -0.005032038 0.840407312 -0.005492461 0.999979973 0.003130710 -1.174251199 0.005049182 -0.003102985 0.999982417 43.347576141
0.999972403 0.005730040 -0.004726387 0.832846045 -0.005713555 0.999977589 0.003494072 -1.213949680 0.004746302 -0.003466971 0.999982715 43.879043579
0.999973774 0.005402846 -0.004825892 0.855201542 -0.005388454 0.999980986 0.002990294 -1.204609275 0.004841958 -0.002964212 0.999983907 44.416961670
0.999973357 0.005941812 -0.004237143 0.837597728 -0.005926763 0.999976099 0.003555469 -1.225742579 0.004258168 -0.003530262 0.999984682 44.943485260
0.999976754 0.005593823 -0.003898302 0.846146822 -0.005579690 0.999977887 0.003626931 -1.240743160 0.003918504 -0.003605096 0.999985814 45.494270325
0.999971330 0.006553278 -0.003788475 0.857637405 -0.006540647 0.999973059 0.003336884 -1.250612140 0.003810242 -0.003312010 0.999987304 46.040550232
0.999972522 0.006040706 -0.004281437 0.865920961 -0.006026844 0.999976575 0.003243641 -1.281717420 0.004300931 -0.003217749 0.999985576 46.592597961
0.999966502 0.006998244 -0.004248037 0.878058374 -0.006984672 0.999970496 0.003201467 -1.270631671 0.004270316 -0.003171689 0.999985814 47.145721436
0.999972820 0.005538301 -0.004866393 0.882676184 -0.005518995 0.999976873 0.003971915 -1.314961553 0.004888278 -0.003944949 0.999980271 47.682689667
0.999966979 0.006832490 -0.004397750 0.892786562 -0.006817797 0.999971151 0.003347524 -1.314016104 0.004420497 -0.003317431 0.999984682 48.241214752
0.999967337 0.006538230 -0.004755178 0.915896356 -0.006519007 0.999970496 0.004046919 -1.341634274 0.004781498 -0.004015788 0.999980509 48.793323517
0.999966681 0.006542952 -0.004880780 0.922661185 -0.006524089 0.999971151 0.003870684 -1.354514360 0.004905966 -0.003838713 0.999980628 49.347064972
0.999964297 0.007373366 -0.004163718 0.934571981 -0.007357938 0.999966025 0.003709089 -1.363934159 0.004190925 -0.003678320 0.999984443 49.883785248
0.999959171 0.007681379 -0.004773639 0.933646262 -0.007663014 0.999963164 0.003853665 -1.376560211 0.004803064 -0.003816927 0.999981225 50.425136566
0.999964654 0.007281649 -0.004186638 0.943767071 -0.007267767 0.999967992 0.003321467 -1.380467653 0.004210690 -0.003290922 0.999985635 50.948219299
0.999965250 0.007361817 -0.003905524 0.958236754 -0.007349053 0.999967575 0.003272580 -1.395341158 0.003929489 -0.003243765 0.999987006 51.500865936
0.999963820 0.007374295 -0.004232897 0.965241134 -0.007358941 0.999966264 0.003631771 -1.414113641 0.004259535 -0.003600490 0.999984443 52.040802002
0.999959707 0.008241768 -0.003553384 0.970622063 -0.008230450 0.999961019 0.003188170 -1.421166778 0.003579520 -0.003158796 0.999988616 52.585704803
0.999958575 0.008472513 -0.003336706 0.978489399 -0.008462468 0.999959648 0.003013173 -1.429626703 0.003362101 -0.002984811 0.999989867 53.130111694
0.999963522 0.007878901 -0.003294818 0.988018274 -0.007868765 0.999964297 0.003078216 -1.445500135 0.003318952 -0.003052178 0.999989808 53.702217102
0.999963522 0.007953303 -0.003144900 1.003037572 -0.007943764 0.999963820 0.003034129 -1.462699056 0.003168919 -0.003009035 0.999990404 54.244396210
0.999954998 0.008780491 -0.003627187 1.014292717 -0.008769576 0.999957025 0.003013974 -1.471641660 0.003653495 -0.002982029 0.999988854 54.795089722
0.999953866 0.008789246 -0.003896380 1.024075508 -0.008778299 0.999957502 0.002817602 -1.482520342 0.003920980 -0.002783267 0.999988437 55.347942352
0.999962211 0.008157847 -0.002994534 1.038800836 -0.008148566 0.999961913 0.003098360 -1.499325395 0.003019697 -0.003073842 0.999990702 55.860599518
0.999959469 0.008569416 -0.002729286 1.027810097 -0.008559876 0.999957263 0.003488257 -1.519344449 0.002759063 -0.003464754 0.999990165 56.408950806
0.999956727 0.008389555 -0.004012316 1.086601734 -0.008379092 0.999961495 0.002617267 -1.506579161 0.004034118 -0.002583535 0.999988496 56.919101715
0.999956071 0.008462170 -0.004025170 1.101638198 -0.008450799 0.999960303 0.002833540 -1.525017500 0.004048987 -0.002799400 0.999987841 57.447425842
0.999950647 0.009100165 -0.003990135 1.115143657 -0.009088757 0.999954522 0.002868364 -1.529560208 0.004016057 -0.002831957 0.999987900 57.974323273
0.999957561 0.008524239 -0.003497900 1.122161388 -0.008515337 0.999960423 0.002551382 -1.545843840 0.003519512 -0.002521488 0.999990642 58.503582001
0.999954879 0.008882571 -0.003381089 1.130674005 -0.008874291 0.999957621 0.002455800 -1.559563160 0.003402761 -0.002425685 0.999991298 59.039585114
0.999958098 0.008467214 -0.003456627 1.136098027 -0.008459744 0.999961853 0.002170194 -1.567795753 0.003474871 -0.002140861 0.999991655 59.561622620
0.999952435 0.009252673 -0.003044821 1.152112722 -0.009246632 0.999955177 0.001991560 -1.572380900 0.003063112 -0.001963311 0.999993324 60.080646515
0.999952257 0.009366012 -0.002741995 1.156933308 -0.009360398 0.999953926 0.002052031 -1.585077643 0.002761088 -0.002026266 0.999994099 60.630817413
0.999944687 0.010161152 -0.002722691 1.160466552 -0.010155305 0.999946117 0.002152783 -1.620614886 0.002744419 -0.002125014 0.999993920 61.155941010
0.999949455 0.009497963 -0.003286408 1.179800272 -0.009490861 0.999952614 0.002169867 -1.625106096 0.003306861 -0.002138566 0.999992192 61.648380280
0.999949992 0.009408852 -0.003381583 1.204073906 -0.009402474 0.999953985 0.001896804 -1.634601951 0.003399274 -0.001864913 0.999992490 62.205204010
0.999949813 0.009485740 -0.003231956 1.210837603 -0.009479466 0.999953091 0.001951494 -1.655768871 0.003250316 -0.001920760 0.999992847 62.727138519
0.999947846 0.009756182 -0.003022511 1.208137751 -0.009749323 0.999949872 0.002276082 -1.678235292 0.003044565 -0.002246496 0.999992847 63.236564636
0.999942005 0.010385335 -0.002845973 1.212828875 -0.010379401 0.999943972 0.002092720 -1.693000197 0.002867547 -0.002063059 0.999993682 63.763946533
0.999944508 0.010186705 -0.002693040 1.224419117 -0.010181190 0.999946058 0.002053543 -1.712235570 0.002713813 -0.002026011 0.999994218 64.289093018
0.999943614 0.010296956 -0.002589225 1.231403589 -0.010291820 0.999945045 0.001988890 -1.720225215 0.002609562 -0.001962130 0.999994695 64.806510925
0.999950111 0.009626782 -0.002674367 1.248718739 -0.009621450 0.999951720 0.001999935 -1.734158874 0.002693491 -0.001974104 0.999994397 65.344871521
0.999945879 0.010069816 -0.002609460 1.256514668 -0.010064261 0.999947071 0.002132465 -1.750897884 0.002630795 -0.002106088 0.999994338 65.872314453
0.999952674 0.009295440 -0.002867922 1.268658042 -0.009290986 0.999955535 0.001562362 -1.757218003 0.002882318 -0.001535643 0.999994695 66.413284302
0.999944925 0.010182473 -0.002584059 1.283225060 -0.010177954 0.999946594 0.001756842 -1.779680014 0.002601810 -0.001730444 0.999995112 66.933235168
0.999948561 0.009792974 -0.002695119 1.290375113 -0.009788201 0.999950528 0.001778832 -1.790761232 0.002712406 -0.001752360 0.999994814 67.488441467
0.999942660 0.010408890 -0.002537782 1.294930816 -0.010404459 0.999944389 0.001752810 -1.809120178 0.002555885 -0.001726305 0.999995291 68.020957947
0.999950588 0.009614172 -0.002521398 1.306481123 -0.009609667 0.999952197 0.001793282 -1.826415658 0.002538518 -0.001768964 0.999995232 68.534591675
0.999947369 0.009952837 -0.002470348 1.311267495 -0.009948061 0.999948561 0.001938703 -1.836009264 0.002489517 -0.001914025 0.999995053 69.057228088
0.999947488 0.009951341 -0.002460071 1.326313019 -0.009947880 0.999949455 0.001415677 -1.848931313 0.002474035 -0.001391130 0.999995947 69.603012085
0.999949396 0.009817572 -0.002191252 1.335122824 -0.009812739 0.999949396 0.002205148 -1.871497393 0.002212791 -0.002183535 0.999995172 70.116859436
0.999951601 0.009520933 -0.002454611 1.345848322 -0.009515707 0.999952435 0.002131946 -1.887478948 0.002474793 -0.002108486 0.999994695 70.662635803
0.999950111 0.009761754 -0.002122374 1.351095080 -0.009757360 0.999950230 0.002069444 -1.905161500 0.002142470 -0.002048632 0.999995589 71.197830200
0.999953806 0.009378321 -0.002103755 1.362214804 -0.009373550 0.999953449 0.002267282 -1.921202183 0.002124921 -0.002247457 0.999995232 71.726478577
0.999947071 0.010062323 -0.002138437 1.367319703 -0.010057904 0.999947250 0.002067667 -1.936882615 0.002159130 -0.002046050 0.999995530 72.260108948
0.999948859 0.009885856 -0.002096170 1.377305984 -0.009880990 0.999948442 0.002319153 -1.953309178 0.002118989 -0.002298322 0.999995112 72.798301697
0.999949634 0.009753029 -0.002362284 1.386942983 -0.009748061 0.999950290 0.002105589 -1.965965986 0.002382702 -0.002082455 0.999994993 73.336456299
0.999947488 0.009993444 -0.002241494 1.397698164 -0.009988817 0.999947906 0.002065844 -1.983218193 0.002262023 -0.002043346 0.999995351 73.868171692
0.999947429 0.009988687 -0.002314604 1.408509493 -0.009983378 0.999947548 0.002293929 -1.994812012 0.002337395 -0.002270700 0.999994695 74.404830933
0.999950171 0.009683952 -0.002421378 1.421851754 -0.009678661 0.999950886 0.002186176 -2.009664536 0.002442430 -0.002162632 0.999994636 74.949005127
0.999947727 0.009944092 -0.002374454 1.431325078 -0.009939839 0.999948978 0.001795835 -2.023784876 0.002392191 -0.001772139 0.999995589 75.485397339
0.999945939 0.010061946 -0.002615976 1.439675093 -0.010057279 0.999947965 0.001790727 -2.037891865 0.002633858 -0.001764321 0.999994993 76.017150879
0.999946296 0.010091755 -0.002320537 1.447741747 -0.010087393 0.999947309 0.001884414 -2.057406425 0.002339432 -0.001860904 0.999995530 76.550605774
0.999941349 0.010652752 -0.001940414 1.454107285 -0.010649418 0.999941826 0.001721041 -2.067070961 0.001958635 -0.001700275 0.999996662 77.100250244
0.999949336 0.009749896 -0.002511518 1.467977285 -0.009744791 0.999950469 0.002036882 -2.084094048 0.002531253 -0.002012305 0.999994695 77.642036438
0.999948084 0.009963306 -0.002128164 1.476876736 -0.009959227 0.999948561 0.001917274 -2.101454496 0.002147157 -0.001895980 0.999995828 78.162307739
0.999944687 0.010344087 -0.001874429 1.482379913 -0.010340403 0.999944627 0.001964522 -2.115388870 0.001894647 -0.001945031 0.999996305 78.713211060
0.999945760 0.010243302 -0.001885861 1.484895825 -0.010239993 0.999946058 0.001755656 -2.130798578 0.001903744 -0.001736249 0.999996603 79.251182556
0.999942541 0.010575520 -0.001757928 1.498786926 -0.010572284 0.999942362 0.001840778 -2.150731802 0.001777294 -0.001822087 0.999996781 79.778450012
0.999941766 0.010761287 -0.000788066 1.510432839 -0.010759685 0.999940097 0.002009587 -2.166864395 0.000809645 -0.002000991 0.999997616 80.327354431
0.999945998 0.010392769 0.000143760 1.523611903 -0.010392992 0.999944627 0.001647634 -2.180257797 -0.000126628 -0.001649040 0.999998629 80.873954773
0.999944091 0.010490827 0.001342587 1.530411482 -0.010493286 0.999943256 0.001835697 -2.197703362 -0.001323253 -0.001849682 0.999997437 81.406341553
0.999943793 0.010333148 0.002408162 1.542012334 -0.010338670 0.999943912 0.002291682 -2.217613935 -0.002384346 -0.002316450 0.999994516 81.954093933
0.999936521 0.009961538 0.005283435 1.574445724 -0.009970560 0.999948859 0.001683889 -2.229714870 -0.005266390 -0.001736461 0.999984622 82.482688904
0.999912679 0.009928461 0.008733897 1.600168705 -0.009944082 0.999948978 0.001746770 -2.247845411 -0.008716108 -0.001833468 0.999960303 83.029724121
0.999882758 0.009797961 0.011766969 1.625385284 -0.009818750 0.999950290 0.001710290 -2.266509056 -0.011749628 -0.001825626 0.999929249 83.563186646
0.999827802 0.009578558 0.015895726 1.652312875 -0.009605920 0.999952435 0.001645851 -2.281439781 -0.015879204 -0.001798261 0.999872267 84.106445312
0.999699533 0.010520054 0.022142544 1.675123215 -0.010551902 0.999943435 0.001321943 -2.293282032 -0.022127382 -0.001555192 0.999754012 84.651916504
0.999581158 0.009211020 0.027433947 1.725714922 -0.009254066 0.999956071 0.001442589 -2.314343214 -0.027419453 -0.001695860 0.999622524 85.156166077
0.999403119 0.009137198 0.033315927 1.753896713 -0.009173617 0.999957502 0.000940462 -2.319879293 -0.033305921 -0.001245528 0.999444425 85.717468262
0.999101281 0.009277790 0.041357026 1.808828473 -0.009354050 0.999954879 0.001650812 -2.350960255 -0.041339841 -0.002036184 0.999143064 86.250450134
0.998723030 0.009202811 0.049673893 1.857525826 -0.009273956 0.999956191 0.001201940 -2.365652561 -0.049660660 -0.001661079 0.998764753 86.807518005
0.998352468 0.008705032 0.056713261 1.906763554 -0.008788256 0.999960661 0.001218229 -2.382013083 -0.056700420 -0.001714633 0.998389781 87.357276917
0.997805715 0.008661973 0.065640174 1.962110281 -0.008761023 0.999960899 0.001221290 -2.397498608 -0.065627038 -0.001793685 0.997842610 87.901481628
0.997126460 0.007716304 0.075360209 2.032169819 -0.007800783 0.999969184 0.000826739 -2.415893316 -0.075351506 -0.001412232 0.997156143 88.437217712
0.996428847 0.007445059 0.084108420 2.097352028 -0.007537897 0.999971271 0.000786270 -2.426733017 -0.084100150 -0.001417462 0.996456325 88.981231689
0.995789766 0.007053210 0.091394119 2.162043095 -0.007130728 0.999974430 0.000521655 -2.445217609 -0.091388114 -0.001171165 0.995814681 89.545669556
0.994774461 0.007478037 0.101822615 2.236581802 -0.007577193 0.999971092 0.000587069 -2.462386847 -0.101815291 -0.001355531 0.994802356 90.083099365
0.993733644 0.007027837 0.111552574 2.340125084 -0.007181461 0.999973714 0.000975408 -2.504329205 -0.111542799 -0.001770407 0.993758082 90.627265930
0.992668390 0.006345210 0.120702259 2.422377586 -0.006514848 0.999978244 0.001010858 -2.530393839 -0.120693237 -0.001789804 0.992688179 91.159767151
0.991229594 0.006190757 0.132005394 2.514008522 -0.006354683 0.999979377 0.000820571 -2.544216871 -0.131997630 -0.001652226 0.991248608 91.698524475
0.989484489 0.005975577 0.144515425 2.621223450 -0.006178085 0.999980450 0.000952562 -2.564646482 -0.144506872 -0.001835374 0.989502072 92.259315491
0.987902224 0.005521662 0.154979244 2.728949547 -0.005729743 0.999983132 0.000895970 -2.577503443 -0.154971674 -0.001773122 0.987917304 92.797248840
0.986124754 0.005736494 0.165906399 2.836898804 -0.005982765 0.999981642 0.000984677 -2.605488062 -0.165897682 -0.001963593 0.986141026 93.353576660
0.983859181 0.005672061 0.178854495 2.953463554 -0.005879573 0.999982595 0.000630168 -2.618749857 -0.178847775 -0.001671585 0.983875394 93.891624451
0.981581986 0.005028163 0.190974861 3.085785866 -0.005389981 0.999984443 0.001375172 -2.665371418 -0.190964982 -0.002379195 0.981593966 94.438354492
0.979501188 0.004860075 0.201379910 3.213520050 -0.005113730 0.999986649 0.000739369 -2.655042410 -0.201373622 -0.001754015 0.979512930 94.960510254
0.976736844 0.004620752 0.214391634 3.351928711 -0.005147561 0.999984860 0.001899001 -2.698743582 -0.214379653 -0.002958418 0.976745963 95.504562378
0.973767161 0.004283550 0.227506340 3.503328323 -0.004993467 0.999984264 0.002544941 -2.762428761 -0.227491885 -0.003614225 0.973773181 96.037933350
0.971257925 0.002904658 0.238011867 3.654785156 -0.003316649 0.999993622 0.001330533 -2.726766586 -0.238006502 -0.002081693 0.971261263 96.545524597
0.968555093 0.003132232 0.248779148 3.826494217 -0.003479325 0.999993563 0.000955489 -2.717132568 -0.248774543 -0.001791027 0.968559682 97.036750793
0.964542031 0.004097201 0.263897508 4.013933182 -0.004786016 0.999986589 0.001967306 -2.806614876 -0.263885915 -0.003160567 0.964548707 97.887611389
0.961058974 0.003366486 0.276323169 4.188789368 -0.004071402 0.999989748 0.001977413 -2.823448420 -0.276313722 -0.003025434 0.961062789 98.412788391
0.957626581 0.003350583 0.287993342 4.365964890 -0.004037486 0.999990225 0.001791200 -2.834290266 -0.287984550 -0.002878071 0.957630694 98.930633545
0.953524649 0.003030060 0.301299661 4.534978867 -0.003965793 0.999989033 0.002494043 -2.846315384 -0.301288813 -0.003573023 0.953526258 99.380996704
0.948734224 0.002406092 0.316065818 4.745731354 -0.003140749 0.999993443 0.001815000 -2.857484341 -0.316059411 -0.002714636 0.948735535 100.014221191
0.945617855 0.001792915 0.325274765 4.902435303 -0.002904602 0.999991477 0.002932116 -2.889046192 -0.325266719 -0.003717455 0.945614994 100.140457153
0.940162539 0.001469946 0.340723097 5.156206131 -0.002162622 0.999996364 0.001653177 -2.885430574 -0.340719342 -0.002291111 0.940162241 101.032569885
0.935137749 0.000843952 0.354283452 5.368663788 -0.001607908 0.999997020 0.001861970 -2.902300596 -0.354280770 -0.002310853 0.935136318 101.529151917
0.930577695 0.000999107 0.366093040 5.557556152 -0.002033190 0.999994934 0.002439105 -2.930091381 -0.366088808 -0.003014114 0.930574954 101.986221313
0.925836384 0.000369788 0.377924383 5.789228439 -0.001378866 0.999996185 0.002399468 -2.951431036 -0.377922058 -0.002742623 0.925833285 102.515029907
0.919462860 -0.000266429 0.393176705 5.984638214 -0.000467171 0.999998271 0.001770134 -2.934453964 -0.393176585 -0.001811254 0.919461191 102.981857300
0.914089918 -0.000088178 0.405511618 6.214530945 -0.001278974 0.999994338 0.003100466 -3.005645037 -0.405509621 -0.003352744 0.914084613 103.431518555
0.909044504 -0.002303102 0.416692674 6.478687286 0.001975848 0.999997258 0.001216634 -2.956974030 -0.416694313 -0.000282653 0.909046590 103.953933716
0.903426349 -0.002942604 0.428733200 6.749034882 0.002359265 0.999995410 0.001892011 -2.974797964 -0.428736866 -0.000697798 0.903429210 104.459869385
0.896837473 -0.002944247 0.442350328 7.005889893 0.002299416 0.999995351 0.001993963 -3.003109932 -0.442354143 -0.000771114 0.896840155 104.932052612
0.891134918 -0.002804729 0.453729600 7.303905487 0.002400157 0.999996006 0.001467513 -3.017137051 -0.453731894 -0.000218730 0.891138196 105.448944092
0.885444641 -0.003817944 0.464729190 7.582321167 0.003371583 0.999992669 0.001791509 -3.041050673 -0.464732647 -0.000019410 0.885451078 105.933197021
0.877608240 -0.003700167 0.479364276 7.826377869 0.003337619 0.999993145 0.001608421 -3.045475483 -0.479366988 0.000188372 0.877614558 106.367095947
