1.000000000 0.000000000 0.000000000 0.000000000 0.000000000 1.000000000 0.000000000 0.000000000 0.000000000 0.000000000 1.000000000 0.000000000
1.000000000 0.000016177 0.000130746 -0.003368340 -0.000016150 1.000000000 -0.000208460 0.004367668 -0.000130749 0.000208458 0.999999940 0.004213468
1.000000000 0.000030895 0.000061306 -0.002298530 -0.000030887 1.000000000 -0.000137260 0.002372563 -0.000061310 0.000137258 1.000000000 0.000594024
0.999999940 0.000302933 0.000106664 0.000107296 -0.000302916 0.999999940 -0.000155470 0.003700279 -0.000106711 0.000155438 1.000000000 -0.001921531
1.000000000 0.000219884 0.000047916 0.002730621 -0.000219880 1.000000000 -0.000085374 0.001975724 -0.000047935 0.000085364 1.000000000 -0.001330612
1.000000000 0.000170124 0.000063510 0.000309225 -0.000170120 1.000000000 -0.000052507 0.002050054 -0.000063519 0.000052496 1.000000000 -0.001458448
1.000000000 0.000128141 0.000128330 -0.001806736 -0.000128129 1.000000000 -0.000097870 0.001949405 -0.000128343 0.000097853 1.000000000 -0.000776520
1.000000000 0.000015905 -0.000009882 0.000970806 -0.000015905 1.000000000 -0.000023127 0.001735751 0.000009882 0.000023127 1.000000000 -0.002473092
1.000000000 0.000085927 0.000175878 -0.005692590 -0.000085896 1.000000000 -0.000178314 0.004022250 -0.000175894 0.000178299 0.999999940 0.004281671
0.999999940 0.000206146 0.000235654 -0.005247460 -0.000206117 1.000000000 -0.000122967 0.002030299 -0.000235679 0.000122919 0.999999940 -0.001630544
0.999999940 0.000230566 0.000208324 -0.003706231 -0.000230528 0.999999940 -0.000181175 0.003304088 -0.000208366 0.000181126 0.999999940 -0.000433833
1.000000000 0.000155203 0.000079875 0.000040070 -0.000155196 1.000000000 -0.000081605 0.002299896 -0.000079887 0.000081592 1.000000000 -0.004767589
1.000000000 0.000110488 0.000193774 -0.005261030 -0.000110480 1.000000000 -0.000043727 0.000524569 -0.000193779 0.000043705 1.000000000 -0.003623798
1.000000000 0.000013338 0.000105848 -0.002797728 -0.000013327 1.000000000 -0.000105805 0.000478850 -0.000105850 0.000105804 1.000000000 -0.002416991
1.000000000 0.000088758 0.000082751 -0.000326521 -0.000088748 1.000000000 -0.000122935 0.002504462 -0.000082761 0.000122927 1.000000000 -0.005054439
1.000000000 -0.000204393 -0.000123588 0.002353828 0.000204386 1.000000000 -0.000057961 0.001027166 0.000123600 0.000057936 1.000000000 -0.006604936
0.999999940 -0.000282511 -0.000114275 0.002272152 0.000282504 0.999999940 -0.000061261 -0.000564559 0.000114292 0.000061229 1.000000000 -0.009244270
1.000000000 -0.000085422 0.000039767 -0.000489623 0.000085422 1.000000000 -0.000016421 -0.000568404 -0.000039765 0.000016424 1.000000000 -0.006432204
1.000000000 0.000094724 -0.000009330 0.000196691 -0.000094724 1.000000000 0.000002771 0.002446077 0.000009330 -0.000002770 1.000000000 -0.007572459
1.000000000 -0.000119988 -0.000028472 -0.001273945 0.000119987 1.000000000 -0.000038367 -0.000419196 0.000028476 0.000038364 1.000000000 -0.007856780
1.000000000 -0.000013331 0.000060964 -0.001266242 0.000013337 1.000000000 -0.000102638 0.001177166 -0.000060963 0.000102639 1.000000000 -0.007137983
1.000000000 -0.000145419 0.000024792 -0.000471731 0.000145420 1.000000000 -0.000043704 0.000071415 -0.000024786 0.000043708 1.000000000 -0.002534676
1.000000000 0.000136962 0.000176473 -0.006322098 -0.000136924 0.999999940 -0.000212671 0.003799365 -0.000176502 0.000212647 0.999999940 0.004072840
1.000000000 -0.000083631 -0.000074009 0.000627389 0.000083623 1.000000000 -0.000111459 0.000834108 0.000074018 0.000111453 1.000000000 0.000789076
1.000000000 -0.000027371 0.000021907 -0.001087005 0.000027371 1.000000000 -0.000013291 0.002059440 -0.000021907 0.000013292 1.000000000 -0.000012668
1.000000000 0.000018069 -0.000043742 0.002546216 -0.000018075 1.000000000 -0.000137755 0.003189998 0.000043740 0.000137756 1.000000000 -0.006945325
1.000000000 -0.000022034 0.000095236 -0.002028898 0.000022046 1.000000000 -0.000126037 0.002462938 -0.000095233 0.000126039 1.000000000 -0.004364487
0.999999940 0.000256367 0.000203424 -0.005262705 -0.000256327 0.999999940 -0.000195650 0.003075923 -0.000203474 0.000195598 0.999999940 -0.000114755
1.000000000 0.000016166 0.000100484 -0.003101308 -0.000016163 1.000000000 -0.000034516 0.002003840 -0.000100485 0.000034514 1.000000000 -0.001148100
1.000000000 -0.000176841 0.000012901 -0.004681059 0.000176843 1.000000000 -0.000166930 0.005899659 -0.000012872 0.000166932 1.000000000 0.002989250
1.000000000 -0.000128699 0.000007378 -0.001946121 0.000128699 1.000000000 -0.000042415 0.001952891 -0.000007373 0.000042416 1.000000000 -0.002658152
1.000000000 -0.000160741 0.000107906 -0.004046155 0.000160739 1.000000000 0.000013076 0.001632063 -0.000107908 -0.000013059 1.000000000 0.001876077
1.000000000 -0.000191428 0.000049306 -0.003511838 0.000191427 1.000000000 0.000024548 0.000940230 -0.000049310 -0.000024539 1.000000000 -0.004921880
1.000000000 -0.000150218 -0.000018043 -0.001566817 0.000150218 1.000000000 0.000029862 0.001299412 0.000018039 -0.000029865 1.000000000 -0.005202656
1.000000000 0.000082343 0.000056871 -0.003496454 -0.000082335 1.000000000 -0.000146424 0.001547488 -0.000056883 0.000146420 1.000000000 -0.000973918
1.000000000 0.000046506 0.000108275 -0.004675650 -0.000046494 1.000000000 -0.000111455 0.002980232 -0.000108281 0.000111450 1.000000000 0.000434569
1.000000000 -0.000124718 -0.000170812 0.003259815 0.000124742 1.000000000 0.000139724 -0.000639546 0.000170794 -0.000139745 1.000000000 -0.013020040
1.000000000 0.000013534 0.000068206 -0.003675804 -0.000013517 0.999999940 -0.000252685 0.004339452 -0.000068209 0.000252684 0.999999940 0.001487511
1.000000000 -0.000180399 0.000065273 -0.002930080 0.000180401 1.000000000 -0.000030254 0.001925211 -0.000065268 0.000030266 1.000000000 -0.000556933
1.000000000 -0.000042898 -0.000053318 0.001233310 0.000042907 1.000000000 0.000167831 -0.000954197 0.000053311 -0.000167833 1.000000000 -0.008885557
0.999999940 -0.000263262 -0.000146439 0.000571930 0.000263264 0.999999940 0.000013162 -0.000995680 0.000146436 -0.000013200 1.000000000 -0.001132048
1.000000000 0.000058777 0.000081103 0.002082623 -0.000058726 0.999999821 -0.000633651 -0.003741133 -0.000081140 0.000633646 0.999999821 0.049112495
1.000000000 0.000038634 -0.000021032 -0.000142165 -0.000038667 0.999998748 -0.001564017 0.000898900 0.000020972 0.001564018 0.999998748 0.147594795
1.000000000 -0.000051967 -0.000088818 0.004570111 0.000051829 0.999998808 -0.001556249 -0.007689808 0.000088899 0.001556245 0.999998808 0.263082206
1.000000000 -0.000214322 0.000026384 0.002491654 0.000214359 0.999998987 -0.001405637 -0.012200820 -0.000026083 0.001405643 0.999998987 0.395869553
1.000000000 0.000039666 -0.000078615 0.004867251 -0.000039759 0.999999285 -0.001174880 -0.017559789 0.000078568 0.001174883 0.999999285 0.537701130
1.000000000 0.000003745 0.000157801 0.006267194 -0.000003593 0.999999523 -0.000963088 -0.031482507 -0.000157804 0.000963088 0.999999523 0.680328965
0.999999881 -0.000431215 -0.000005986 0.020271862 0.000431212 0.999999762 -0.000575434 -0.032340001 0.000006234 0.000575432 0.999999821 0.847322464
0.999999940 -0.000195547 -0.000183787 0.023501601 0.000195442 0.999999821 -0.000569437 -0.037177462 0.000183898 0.000569401 0.999999821 1.030747294
0.999999940 -0.000061639 0.000257166 0.013490446 0.000061825 0.999999762 -0.000724357 -0.038348883 -0.000257122 0.000724373 0.999999702 1.212146401
0.999999940 -0.000396601 -0.000113901 0.032062132 0.000396539 0.999999762 -0.000536075 -0.045176737 0.000114113 0.000536030 0.999999821 1.417885423
0.999999583 -0.000489938 -0.000775364 0.048963990 0.000489641 0.999999821 -0.000382446 -0.051426612 0.000775551 0.000382067 0.999999642 1.604329586
0.999997854 -0.000955037 0.001823454 -0.009792480 0.000954259 0.999999464 0.000427637 -0.072837718 -0.001823861 -0.000425896 0.999998271 1.703692913
0.999996960 -0.001106873 0.002231167 -0.005955447 0.001105498 0.999999285 0.000617443 -0.078597799 -0.002231849 -0.000614974 0.999997377 1.910930276
0.999998271 -0.000654248 0.001745000 -0.000940521 0.000653297 0.999999583 0.000545828 -0.087386847 -0.001745357 -0.000544688 0.999998271 2.099815130
0.999998510 -0.000420031 0.001673183 0.005650995 0.000418810 0.999999642 0.000730350 -0.093556501 -0.001673489 -0.000729648 0.999998331 2.319539070
0.999998093 -0.000082850 0.001941217 -0.002272028 0.000081278 0.999999702 0.000809818 -0.101178713 -0.001941283 -0.000809658 0.999997795 2.548175573
0.999996722 0.000379427 0.002542464 -0.000289045 -0.000382067 0.999999344 0.001037992 -0.109472059 -0.002542068 -0.001038960 0.999996245 2.784250259
0.999997139 -0.000103893 0.002350007 0.007710581 0.000101146 0.999999285 0.001169099 -0.123493515 -0.002350127 -0.001168858 0.999996603 3.019811630
0.999997735 -0.000728742 0.001979089 0.013594650 0.000726823 0.999999285 0.000970401 -0.122619867 -0.001979794 -0.000968960 0.999997556 3.223514795
0.999997675 -0.000620709 0.002029061 0.023609189 0.000618747 0.999999285 0.000967213 -0.128885970 -0.002029659 -0.000965956 0.999997437 3.486779451
0.999997377 -0.000084892 0.002298720 0.019366434 0.000082829 0.999999642 0.000897552 -0.134196699 -0.002298795 -0.000897359 0.999997020 3.734123945
0.999996781 -0.000197738 0.002561351 0.030669563 0.000194565 0.999999166 0.001238927 -0.143743262 -0.002561593 -0.001238425 0.999995887 4.022495270
0.999996483 0.000291119 0.002632062 0.021165077 -0.000295147 0.999998808 0.001530142 -0.144631997 -0.002631614 -0.001530913 0.999995351 4.231775284
0.999997675 -0.000574806 0.002079939 0.032176357 0.000570892 0.999998033 0.001882123 -0.172843069 -0.002081017 -0.001880931 0.999996006 4.463032246
0.999997377 -0.000511243 0.002234247 0.039401527 0.000506681 0.999997854 0.002041857 -0.182788461 -0.002235286 -0.002040719 0.999995470 4.717078209
0.999997556 -0.000623759 0.002143395 0.046164401 0.000619694 0.999998093 0.001896608 -0.184167936 -0.002144573 -0.001895275 0.999995887 4.973968506
0.999997497 -0.001420660 0.001699876 0.059304904 0.001417224 0.999997020 0.002020837 -0.192985117 -0.001702742 -0.002018423 0.999996483 5.238597870
0.999996006 -0.000442248 0.002766589 0.026555363 0.000435234 0.999996662 0.002535083 -0.231716067 -0.002767701 -0.002533869 0.999992967 5.483033657
0.999996483 -0.000343216 0.002610653 0.035525821 0.000336379 0.999996543 0.002618739 -0.238577306 -0.002611543 -0.002617852 0.999993205 5.749292850
0.999995112 0.000520397 0.003072534 0.036135595 -0.000528412 0.999996483 0.002608392 -0.246907651 -0.003071166 -0.002610003 0.999991953 6.031993866
0.999994338 -0.000098062 0.003371629 0.041683767 0.000088522 0.999996006 0.002829613 -0.256990582 -0.003371892 -0.002829298 0.999990344 6.308030128
0.999995232 -0.000169346 0.003078477 0.048765883 0.000160797 0.999996185 0.002776866 -0.274966210 -0.003078935 -0.002776358 0.999991417 6.594394684
0.999995768 -0.001012428 0.002705972 0.060170487 0.001005476 0.999996126 0.002569152 -0.266980171 -0.002708562 -0.002566420 0.999993026 6.857002258
0.999996006 -0.000760744 0.002735034 0.072801143 0.000752604 0.999995232 0.002976136 -0.284710974 -0.002737286 -0.002974065 0.999991834 7.155813694
0.999995768 -0.001499053 0.002480045 0.083929427 0.001491210 0.999993801 0.003161170 -0.297686011 -0.002484768 -0.003157458 0.999991953 7.470185757
0.999996066 -0.000844011 0.002693761 0.086230367 0.000835185 0.999994278 0.003275905 -0.298294604 -0.002696510 -0.003273642 0.999991000 7.792489529
0.999995232 -0.001201643 0.002855602 0.086390927 0.001192788 0.999994457 0.003100494 -0.296601713 -0.002859312 -0.003097073 0.999991119 8.103631973
0.999995112 -0.001337660 0.002819729 0.089134388 0.001328699 0.999993980 0.003177402 -0.321643323 -0.002823962 -0.003173640 0.999991000 8.361831665
0.999994159 -0.001634945 0.003018500 0.092120402 0.001625028 0.999993265 0.003285124 -0.328968376 -0.003023851 -0.003280199 0.999990106 8.697327614
0.999994338 -0.001247736 0.003110318 0.104924142 0.001237227 0.999993503 0.003378516 -0.342562944 -0.003114513 -0.003374649 0.999989510 9.026907921
0.999994218 -0.002193150 0.002606713 0.125442490 0.002184312 0.999991894 0.003388451 -0.348498106 -0.002614123 -0.003382738 0.999990880 9.375754356
0.999995708 -0.001224000 0.002672359 0.124678120 0.001214509 0.999992967 0.003550069 -0.352983177 -0.002676686 -0.003546808 0.999990165 9.722620010
0.999995530 -0.001174368 0.002751642 0.144550636 0.001164406 0.999992788 0.003619370 -0.364383698 -0.002755873 -0.003616149 0.999989748 10.040719032
0.999996364 -0.001367906 0.002288342 0.135099068 0.001358991 0.999991477 0.003892780 -0.389511794 -0.002293647 -0.003889656 0.999989808 10.385729790
0.999994934 -0.001986039 0.002507872 0.140426248 0.001976109 0.999990284 0.003955658 -0.397217304 -0.002515704 -0.003950682 0.999989033 10.763147354
0.999995291 -0.001854870 0.002451236 0.144763261 0.001844543 0.999989390 0.004208812 -0.408647478 -0.002459017 -0.004204271 0.999988079 11.150144577
0.999993026 -0.002619882 0.002624360 0.163923576 0.002609019 0.999987960 0.004134001 -0.411622345 -0.002635159 -0.004127125 0.999987960 11.534459114
0.999995351 -0.001984423 0.002303462 0.173073769 0.001974169 0.999988198 0.004445625 -0.422217041 -0.002312257 -0.004441057 0.999987423 11.901790619
0.999994099 -0.002639043 0.002166743 0.180531859 0.002629457 0.999986708 0.004415092 -0.451582819 -0.002178366 -0.004409368 0.999987900 12.212100983
0.999993384 -0.003092753 0.001885805 0.197944134 0.003085104 0.999987006 0.004045717 -0.452303022 -0.001898293 -0.004039872 0.999990046 12.612197876
0.999994457 -0.002876239 0.001646682 0.209090218 0.002869168 0.999986708 0.004280716 -0.468916744 -0.001658972 -0.004275967 0.999989510 13.009418488
0.999994993 -0.002044723 0.002402597 0.219637498 0.002034513 0.999988914 0.004244554 -0.472551972 -0.002411249 -0.004239646 0.999988079 13.445513725
0.999991894 -0.003718680 0.001524077 0.230645984 0.003710977 0.999980509 0.005026729 -0.498035967 -0.001542741 -0.005021033 0.999986172 13.841645241
0.999990284 -0.003995603 0.001854094 0.230716735 0.003986465 0.999980032 0.004906192 -0.532691419 -0.001873660 -0.004898753 0.999986231 14.302820206
0.999991596 -0.003473364 0.002160592 0.238798007 0.003461997 0.999980271 0.005242758 -0.545336545 -0.002178759 -0.005235235 0.999983966 14.718885422
0.999987423 -0.004736189 0.001631021 0.258731961 0.004727220 0.999973953 0.005459908 -0.559225082 -0.001656837 -0.005452130 0.999983788 15.129951477
0.999989271 -0.003935466 0.002444482 0.262977600 0.003922008 0.999977171 0.005485992 -0.579363823 -0.002466016 -0.005476346 0.999981999 15.560525894
0.999988914 -0.003239609 0.003422350 0.242768601 0.003218096 0.999975145 0.006273159 -0.596768498 -0.003442588 -0.006262077 0.999974489 16.067565918
0.999983132 -0.005182436 0.002632871 0.270970047 0.005166990 0.999969542 0.005840007 -0.608756483 -0.002663056 -0.005826305 0.999979496 16.520923615
0.999982774 -0.005137715 0.002881504 0.286817998 0.005120380 0.999968946 0.005991603 -0.631263554 -0.002912199 -0.005976743 0.999977887 16.932205200
0.999982417 -0.005348451 0.002574592 0.301818013 0.005331771 0.999965072 0.006442512 -0.646290183 -0.002608960 -0.006428670 0.999975979 17.386814117
0.999983728 -0.004485035 0.003515317 0.302688181 0.004462594 0.999969780 0.006365839 -0.652852774 -0.003543762 -0.006350048 0.999973595 17.872871399
0.999979854 -0.004858548 0.004076483 0.319492817 0.004831795 0.999966919 0.006547331 -0.662772417 -0.004108157 -0.006527502 0.999970198 18.331684113
0.999983668 -0.004238472 0.003831809 0.336121053 0.004212185 0.999967694 0.006842453 -0.680853069 -0.003860686 -0.006826200 0.999969244 18.795101166
0.999979794 -0.004665933 0.004326010 0.351059139 0.004634567 0.999963105 0.007232607 -0.694365561 -0.004359597 -0.007212412 0.999964416 19.283477783
0.999981940 -0.004754598 0.003701996 0.358227074 0.004725701 0.999958575 0.007775774 -0.714809656 -0.003738813 -0.007758138 0.999962926 19.760084152
0.999981463 -0.004592421 0.004003759 0.353929430 0.004562569 0.999961913 0.007433464 -0.739141405 -0.004037744 -0.007415058 0.999964356 20.325117111
0.999981463 -0.004939673 0.003561540 0.367993057 0.004912229 0.999958515 0.007673636 -0.756263733 -0.003599296 -0.007655998 0.999964237 20.821969986
0.999987006 -0.004183700 0.002936871 0.382365525 0.004161071 0.999961913 0.007669399 -0.775053442 -0.002968845 -0.007657079 0.999966264 21.343435287
0.999983311 -0.005222545 0.002484829 0.391273737 0.005203300 0.999956906 0.007689395 -0.773430884 -0.002524880 -0.007676336 0.999967337 21.855323792
0.999981165 -0.005846634 0.001880450 0.439480782 0.005829710 0.999943554 0.008882212 -0.808775306 -0.001932274 -0.008871080 0.999958813 22.338386536
0.999967694 -0.007948189 0.001197702 0.418945253 0.007936912 0.999926686 0.009144092 -0.842725456 -0.001270293 -0.009134291 0.999957502 22.872673035
0.999966085 -0.008224114 0.000345321 0.426705629 0.008220563 0.999923229 0.009265273 -0.858937323 -0.000421493 -0.009262120 0.999957085 23.397554398
0.999971986 -0.007461462 0.000656473 0.420807272 0.007454580 0.999922931 0.009928892 -0.877645850 -0.000730507 -0.009923719 0.999950528 23.949567795
0.999982834 -0.005853525 0.000193198 0.428807706 0.005851394 0.999936581 0.009626331 -0.883820236 -0.000249533 -0.009625036 0.999953687 24.525541306
0.999972105 -0.007403195 -0.001020049 0.418107986 0.007413252 0.999920130 0.010236604 -0.919917285 0.000944184 -0.010243882 0.999947071 25.065950394
0.999969423 -0.007665174 -0.001542232 0.424150646 0.007680863 0.999916017 0.010438481 -0.926089287 0.001462090 -0.010450007 0.999944270 25.608278275
0.999967456 -0.007806550 -0.002050340 0.432610035 0.007827504 0.999915063 0.010418511 -0.935437262 0.001968833 -0.010434221 0.999943614 26.150629044
0.999955237 -0.009022130 -0.002862647 0.469258457 0.009055792 0.999887288 0.011972487 -0.952980876 0.002754307 -0.011997873 0.999924183 26.696762085
0.999951005 -0.009380545 -0.003146779 0.442694664 0.009418381 0.999880791 0.012233198 -0.993591309 0.003031651 -0.012262234 0.999920249 27.304611206
0.999957919 -0.008541984 -0.003342519 0.455111533 0.008583778 0.999882519 0.012695513 -1.011204123 0.003233681 -0.012723669 0.999913871 27.854413986
0.999955416 -0.008633704 -0.003825138 0.466343880 0.008680370 0.999885976 0.012355978 -1.009612799 0.003718024 -0.012388629 0.999916375 28.411155701
0.999952495 -0.008842198 -0.004107097 0.470331013 0.008893175 0.999881506 0.012564003 -1.021442056 0.003995517 -0.012599931 0.999912620 28.954324722
0.999942124 -0.009501768 -0.005039993 0.491501302 0.009565329 0.999873042 0.012740617 -1.030251980 0.004918295 -0.012788090 0.999906123 29.488565445
0.999940395 -0.009780935 -0.004836475 0.478540719 0.009842968 0.999867320 0.012972952 -1.047571421 0.004708946 -0.013019785 0.999904156 30.015531540
0.999942780 -0.009460569 -0.004984024 0.489883065 0.009527102 0.999863386 0.013498756 -1.066677332 0.004855637 -0.013545468 0.999896526 30.554353714
0.999944210 -0.009315474 -0.004966045 0.496755600 0.009381662 0.999865174 0.013475845 -1.077963948 0.004839842 -0.013521683 0.999896884 31.113851547
0.999938250 -0.009572336 -0.005644334 0.523006797 0.009648622 0.999860287 0.013646862 -1.091893315 0.005512912 -0.013700480 0.999890924 31.674680710
0.999933064 -0.009914567 -0.005958333 0.534222007 0.009995627 0.999855757 0.013732192 -1.107902288 0.005821324 -0.013790832 0.999887943 32.195854187
0.999931633 -0.010099371 -0.005892340 0.537282109 0.010179491 0.999853969 0.013729467 -1.108241200 0.005752821 -0.013788509 0.999888420 32.723991394
0.999949276 -0.008480492 -0.005442809 0.512954772 0.008556195 0.999864817 0.014039595 -1.140971899 0.005323010 -0.014085453 0.999886572 33.219741821
0.999928594 -0.009953450 -0.006624839 0.540383935 0.010040932 0.999861181 0.013305306 -1.122867703 0.006491484 -0.013370874 0.999889493 33.877529144
0.999932945 -0.009537515 -0.006564385 0.536866784 0.009629695 0.999853432 0.014156911 -1.147216082 0.006428401 -0.014219174 0.999878228 34.437644958
0.999927819 -0.010150984 -0.006425881 0.531971395 0.010243973 0.999840796 0.014607340 -1.160795450 0.006276581 -0.014672110 0.999872625 34.942371368
0.999931157 -0.009582090 -0.006772999 0.541125894 0.009677181 0.999853075 0.014148868 -1.166800022 0.006636429 -0.014213436 0.999876976 35.488273621
0.999941349 -0.008818950 -0.006279113 0.539008677 0.008907184 0.999860048 0.014165547 -1.185117841 0.006153309 -0.014220647 0.999879897 36.045848846
0.999940276 -0.008645477 -0.006688697 0.540326536 0.008737125 0.999866664 0.013796243 -1.180472612 0.006568529 -0.013853859 0.999882460 36.643398285
0.999928057 -0.009368972 -0.007487794 0.549061596 0.009476907 0.999849796 0.014511728 -1.199434638 0.007350710 -0.014581647 0.999866724 37.195617676
0.999931395 -0.009239682 -0.007197360 0.555029511 0.009339568 0.999858856 0.013970612 -1.199378014 0.007067260 -0.014036874 0.999876499 37.737037659
0.999920130 -0.009926495 -0.007831951 0.566788375 0.010043159 0.999837101 0.014999829 -1.230620623 0.007681780 -0.015077288 0.999856770 38.274860382
0.999906957 -0.011083416 -0.007957313 0.574970424 0.011201613 0.999825239 0.014966175 -1.232005596 0.007790046 -0.015053917 0.999856353 38.826377869
0.999917507 -0.010028710 -0.008024895 0.603696406 0.010151860 0.999829054 0.015455406 -1.275126100 0.007868525 -0.015535600 0.999848306 39.403991699
0.999912262 -0.010427112 -0.008167343 0.587175846 0.010551220 0.999827206 0.015302830 -1.272195339 0.008006368 -0.015387665 0.999849558 39.950283051
0.999923587 -0.009971214 -0.007304830 0.582290530 0.010084120 0.999827623 0.015585876 -1.291112423 0.007148161 -0.015658349 0.999851882 40.476016998
0.999923348 -0.009881984 -0.007460307 0.607234716 0.010002921 0.999816239 0.016351420 -1.312092543 0.007297353 -0.016424792 0.999838471 41.011272430
0.999919415 -0.009676666 -0.008213480 0.631103277 0.009810158 0.999817848 0.016371265 -1.329806805 0.008053564 -0.016450521 0.999832213 41.589767456
0.999906719 -0.010956398 -0.008160338 0.615857005 0.011094496 0.999792635 0.017074428 -1.338651419 0.007971573 -0.017163370 0.999820888 42.105426788
0.999902070 -0.010876821 -0.008808590 0.650117040 0.011029018 0.999787390 0.017418005 -1.358569384 0.008617266 -0.017513448 0.999809444 42.687858582
0.999901474 -0.011225500 -0.008425019 0.658206463 0.011373520 0.999778092 0.017731741 -1.362030268 0.008224103 -0.017825818 0.999807239 43.235870361
0.999918103 -0.009836320 -0.008176771 0.644415617 0.009982474 0.999787629 0.018030003 -1.385579228 0.007997684 -0.018110154 0.999803901 43.711822510
0.999877572 -0.012760482 -0.009054650 0.611669540 0.012927102 0.999743581 0.018588008 -1.423730373 0.008815136 -0.018702777 0.999786198 44.326587677
0.999871910 -0.012973759 -0.009373171 0.623949051 0.013141503 0.999750495 0.018061876 -1.421561241 0.009136502 -0.018182740 0.999792933 44.878997803
0.999873996 -0.012687778 -0.009540685 0.634885907 0.012857713 0.999755919 0.017966513 -1.421173096 0.009310400 -0.018086920 0.999793053 45.429557800
0.999850154 -0.014280275 -0.009789204 0.660247803 0.014465289 0.999712944 0.019096857 -1.428269148 0.009513685 -0.019235598 0.999769688 45.961822510
0.999848366 -0.013725903 -0.010718497 0.676688910 0.013924951 0.999727726 0.018722089 -1.428012848 0.010458602 -0.018868504 0.999767184 46.493247986
0.999876559 -0.012600414 -0.009377299 0.638817012 0.012778178 0.999735057 0.019144800 -1.467379808 0.009133580 -0.019262260 0.999772847 47.042358398
0.999860883 -0.013023989 -0.010416716 0.658900917 0.013217650 0.999736965 0.018743783 -1.468910694 0.010169857 -0.018878862 0.999770105 47.590137482
0.999872565 -0.012548878 -0.009859933 0.650177598 0.012737970 0.999731541 0.019354930 -1.480394363 0.009614402 -0.019478058 0.999764085 48.141719818
0.999877274 -0.013021406 -0.008711049 0.628793001 0.013187567 0.999726772 0.019297192 -1.486162424 0.008457394 -0.019409696 0.999775827 48.669704437
0.999889612 -0.012050228 -0.008700253 0.631788135 0.012225999 0.999716222 0.020440318 -1.505951166 0.008451475 -0.020544430 0.999753177 49.227081299
0.999879062 -0.012385308 -0.009404100 0.658286810 0.012576615 0.999709427 0.020563932 -1.511422157 0.009146675 -0.020679720 0.999744236 49.682926178
0.999869347 -0.013065252 -0.009517087 0.662002206 0.013251442 0.999716759 0.019770743 -1.510601521 0.009256081 -0.019894278 0.999759257 50.227928162
0.999885738 -0.011997723 -0.009194981 0.653859198 0.012188130 0.999706388 0.020939397 -1.524713755 0.008941056 -0.021049075 0.999738455 50.773223877
0.999884784 -0.012487737 -0.008625678 0.662892222 0.012668381 0.999694645 0.021215694 -1.528907657 0.008358106 -0.021322524 0.999737680 51.316287994
0.999872029 -0.012937318 -0.009407045 0.659587920 0.013135288 0.999686897 0.021296905 -1.539030075 0.009128575 -0.021417748 0.999728918 51.776966095
0.999875605 -0.012712969 -0.009337168 0.668370724 0.012909125 0.999690711 0.021257216 -1.547679186 0.009064040 -0.021375105 0.999730408 52.324340820
0.999866068 -0.013338806 -0.009488044 0.697293341 0.013539962 0.999677896 0.021462463 -1.540464044 0.009198706 -0.021588055 0.999724567 52.848236084
0.999868512 -0.013495941 -0.008987531 0.660873413 0.013690079 0.999666393 0.021901585 -1.565771103 0.008688950 -0.022021744 0.999719679 53.385623932
0.999868512 -0.013596894 -0.008839542 0.632553101 0.013794442 0.999647439 0.022685051 -1.607622504 0.008527980 -0.022804001 0.999703586 53.854114532
0.999881327 -0.012786029 -0.008596443 0.629656374 0.012977597 0.999660134 0.022610972 -1.611194253 0.008304416 -0.022719851 0.999707341 54.405418396
0.999874532 -0.013032440 -0.009007833 0.652069628 0.013227906 0.999670684 0.021991994 -1.606962323 0.008718257 -0.022108391 0.999717593 54.974166870
0.999856055 -0.014184861 -0.009305343 0.686883926 0.014378048 0.999675453 0.021033306 -1.594515204 0.009003970 -0.021164071 0.999735475 55.543972015
0.999872267 -0.013011493 -0.009277627 0.686172068 0.013215077 0.999665558 0.022230998 -1.592747331 0.008985265 -0.022350762 0.999709845 56.021011353
0.999874234 -0.013191998 -0.008803012 0.649317384 0.013393525 0.999640167 0.023240797 -1.641409993 0.008493253 -0.023355776 0.999691069 56.436729431
0.999879658 -0.012876856 -0.008654040 0.656406105 0.013077579 0.999637008 0.023552017 -1.643835664 0.008347624 -0.023662357 0.999685168 56.969852448
0.999879658 -0.013014517 -0.008442446 0.659578204 0.013209511 0.999637306 0.023467716 -1.659260631 0.008133964 -0.023576414 0.999688923 57.532032013
0.999881744 -0.013235841 -0.007824818 0.667910576 0.013417573 0.999630213 0.023647677 -1.662646532 0.007508929 -0.023749871 0.999689698 58.098472595
0.999892533 -0.012547930 -0.007577787 0.662431479 0.012725341 0.999634922 0.023836423 -1.660649776 0.007275925 -0.023930294 0.999687076 58.622840881
0.999858916 -0.014067651 -0.009181093 0.667275727 0.014287563 0.999601483 0.024343809 -1.697931647 0.008834976 -0.024471549 0.999661446 58.987449646
0.999878049 -0.012960820 -0.008715373 0.678886294 0.013175099 0.999600708 0.024995452 -1.706166625 0.008387931 -0.025107229 0.999649584 59.538738251
0.999877870 -0.013169509 -0.008418542 0.665692568 0.013372311 0.999610245 0.024505761 -1.704591036 0.008092532 -0.024615340 0.999664247 60.038009644
0.999859631 -0.014199518 -0.008900332 0.695620477 0.014413602 0.999596596 0.024469540 -1.695285678 0.008549285 -0.024594387 0.999661028 60.626068115
0.999898553 -0.011690998 -0.008141677 0.763684392 0.011892802 0.999611795 0.025195707 -1.728337884 0.007843953 -0.025289971 0.999649465 61.080768585
0.999909103 -0.010792641 -0.008085392 0.793222606 0.011000728 0.999597490 0.026149884 -1.773956537 0.007799913 -0.026236450 0.999625385 61.585987091
0.999856472 -0.014125227 -0.009354750 0.722939372 0.014360941 0.999568403 0.025628628 -1.753102303 0.008988704 -0.025759289 0.999627769 62.010467529
0.999856055 -0.014222966 -0.009248443 0.725665629 0.014461407 0.999550879 0.026247513 -1.762997866 0.008870973 -0.026377480 0.999612689 62.526309967
0.999856710 -0.014127219 -0.009327312 0.725284696 0.014364762 0.999561071 0.025911735 -1.765550256 0.008957156 -0.026042005 0.999620795 63.078750610
0.999870479 -0.013263769 -0.009110954 0.706058681 0.013500525 0.999559402 0.026435437 -1.781243205 0.008756306 -0.026555018 0.999608994 63.617076874
0.999854922 -0.014516841 -0.008906899 0.708858073 0.014746235 0.999546587 0.026253587 -1.773833632 0.008521742 -0.026381122 0.999615610 64.154792786
0.999854088 -0.014299077 -0.009344659 0.682182074 0.014541912 0.999544203 0.026456987 -1.819999099 0.008962089 -0.026589017 0.999606252 64.683570862
0.999855697 -0.014457677 -0.008911710 0.683130085 0.014683229 0.999559700 0.025786372 -1.813332558 0.008534976 -0.025913507 0.999627769 65.245376587
0.999863565 -0.014035353 -0.008699490 0.696010768 0.014257955 0.999558270 0.026077397 -1.817927480 0.008329641 -0.026197877 0.999622047 65.772979736
0.999859095 -0.014425698 -0.008580915 0.697353184 0.014651962 0.999530256 0.026917553 -1.836269021 0.008188581 -0.027039487 0.999600768 66.298065186
0.999861717 -0.014157923 -0.008721878 0.684435904 0.014391334 0.999523520 0.027306886 -1.846009612 0.008331112 -0.027428636 0.999588966 66.738563538
0.999853492 -0.014418727 -0.009222120 0.695294261 0.014663912 0.999525249 0.027095865 -1.845597744 0.008827054 -0.027227132 0.999590218 67.286956787
0.999855578 -0.014422505 -0.008983588 0.725135267 0.014647309 0.999568045 0.025482234 -1.808593631 0.008612189 -0.025610143 0.999634862 67.828643799
0.999868155 -0.013795964 -0.008563421 0.723664463 0.014015139 0.999561489 0.026084911 -1.827926159 0.008199797 -0.026201490 0.999623001 68.385559082
0.999878705 -0.013056315 -0.008491152 0.719766736 0.013282980 0.999541521 0.027209520 -1.841799617 0.008132004 -0.027319008 0.999593675 68.746795654
0.999874413 -0.013286090 -0.008644103 0.726307213 0.013515600 0.999542534 0.027057795 -1.843955159 0.008280656 -0.027171228 0.999596417 69.310493469
0.999871552 -0.013433003 -0.008744730 0.742699444 0.013656739 0.999567389 0.026049353 -1.828520894 0.008391026 -0.026165433 0.999622405 69.874069214
0.999892473 -0.012047829 -0.008373776 0.743933320 0.012275424 0.999541402 0.027681140 -1.869854450 0.008036438 -0.027780952 0.999581754 70.284553528
0.999898493 -0.011640650 -0.008220015 0.761810839 0.011865830 0.999540329 0.027898401 -1.875568509 0.007891479 -0.027993109 0.999577045 70.810203552
0.999890208 -0.011961109 -0.008748327 0.779820025 0.012196930 0.999549568 0.027418539 -1.889039636 0.008416429 -0.027522231 0.999585807 71.357765198
0.999918461 -0.010052216 -0.007881687 0.790439546 0.010265908 0.999567509 0.027557613 -1.892659307 0.007601262 -0.027636280 0.999589205 71.827041626
0.999907494 -0.011164335 -0.007772402 0.742742777 0.011376885 0.999547064 0.027861914 -1.882371902 0.007457820 -0.027947763 0.999581516 72.369865417
0.999896765 -0.011808323 -0.008195506 0.751911402 0.012034307 0.999532878 0.028095586 -1.886945486 0.007859915 -0.028191315 0.999571621 72.921150208
0.999899328 -0.011988443 -0.007591301 0.750622869 0.012191944 0.999551535 0.027353650 -1.884679079 0.007259968 -0.027443450 0.999597013 73.498832703
0.999903858 -0.011676485 -0.007491473 0.767513514 0.011876260 0.999559522 0.027200935 -1.881761312 0.007170561 -0.027287288 0.999601960 73.958374023
0.999901175 -0.011543511 -0.008022053 0.762497544 0.011768498 0.999521971 0.028588945 -1.893911123 0.007688202 -0.028680524 0.999559045 74.360137939
0.999902010 -0.011560265 -0.007893261 0.775242150 0.011779463 0.999529719 0.028312791 -1.893372297 0.007562243 -0.028402993 0.999567986 74.898551941
0.999900699 -0.011879398 -0.007581872 0.792843759 0.012084186 0.999547005 0.027561637 -1.896368027 0.007251023 -0.027650520 0.999591351 75.478576660
0.999889314 -0.012640985 -0.007831914 0.790567815 0.012850348 0.999545097 0.027284842 -1.888327837 0.007483444 -0.027382469 0.999597013 76.044052124
0.999911368 -0.011261198 -0.007103406 0.742814064 0.011458631 0.999531209 0.028394630 -1.885690451 0.006780318 -0.028473517 0.999571562 76.420372009
0.999917269 -0.010676477 -0.007180701 0.754048407 0.010875091 0.999542773 0.028214002 -1.888549328 0.006876192 -0.028289761 0.999576092 76.971076965
0.999891698 -0.012769204 -0.007317296 0.771472752 0.012968733 0.999526501 0.027902741 -1.882098913 0.006957535 -0.027994618 0.999583840 77.497184753
0.999882698 -0.013010507 -0.008087995 0.797384560 0.013226893 0.999539614 0.027302269 -1.869946003 0.007729054 -0.027406041 0.999594510 78.045555115
0.999919951 -0.010741074 -0.006702843 0.739871502 0.010927413 0.999536574 0.028411873 -1.901530743 0.006394564 -0.028482841 0.999573946 78.472702026
0.999934793 -0.010254608 -0.005021736 0.742083430 0.010394153 0.999536872 0.028598811 -1.895037889 0.004726143 -0.028649142 0.999578416 79.016357422
0.999941349 -0.010098537 -0.003909960 0.760858774 0.010204365 0.999554038 0.028065007 -1.906922817 0.003624801 -0.028103262 0.999598503 79.568153381
0.999956131 -0.009156284 -0.001973436 0.749591589 0.009209002 0.999548376 0.028604627 -1.908102512 0.001710633 -0.028621545 0.999588847 80.094070435
0.999953568 -0.009553747 -0.001236115 0.755742073 0.009584814 0.999556303 0.028202618 -1.908279181 0.000966126 -0.028213153 0.999601483 80.646934509
0.999956071 -0.009178573 0.001898512 0.767164588 0.009120401 0.999547482 0.028664302 -1.910667896 -0.002160751 -0.028645724 0.999587297 81.207168579
0.999955773 -0.007147755 0.006111628 0.778559268 0.006966782 0.999551177 0.029136585 -1.941187143 -0.006317146 -0.029092716 0.999556780 81.745765686
0.999924541 -0.008521417 0.008846050 0.801263988 0.008261948 0.999546289 0.028965089 -1.910558462 -0.009088860 -0.028889820 0.999541283 82.209663391
0.999887228 -0.008237789 0.012553645 0.845385969 0.007875148 0.999557972 0.028668063 -1.909050465 -0.012784258 -0.028565969 0.999510169 82.760169983
0.999788046 -0.007765285 0.019064944 0.851162016 0.007214025 0.999558806 0.028815296 -1.911596537 -0.019280292 -0.028671656 0.999402940 83.306404114
0.999656677 -0.007412309 0.025132421 0.891588092 0.006680573 0.999554992 0.029075231 -1.919421911 -0.025336750 -0.028897351 0.999261260 83.823471069
0.999483705 -0.007638170 0.031209324 0.876269460 0.006732942 0.999556482 0.029007912 -1.906235695 -0.031417049 -0.028782804 0.999091864 84.381195068
0.999182165 -0.007410436 0.039748520 0.929495811 0.006255568 0.999556839 0.029100465 -1.900315762 -0.039946549 -0.028828016 0.998785913 84.929077148
0.998817027 -0.007809437 0.047996372 0.961283207 0.006432352 0.999565065 0.028779220 -1.894868851 -0.048200250 -0.028436445 0.998432815 85.500755310
0.998454928 -0.008017217 0.054984909 1.003259897 0.006440594 0.999564648 0.028791225 -1.883987427 -0.055191800 -0.028392604 0.998071969 86.078727722
0.997941732 -0.008352055 0.063582554 1.061447144 0.006541003 0.999568343 0.028638532 -1.890631914 -0.063794307 -0.028163690 0.997565627 86.624549866
0.997247636 -0.007841324 0.073726691 1.123987675 0.005678354 0.999548614 0.029501641 -1.911312103 -0.073924758 -0.029001797 0.996842027 87.086097717
0.996544659 -0.007702767 0.082700990 1.185194016 0.005279257 0.999551356 0.029483275 -1.905669451 -0.082890987 -0.028944802 0.996138155 87.644226074
0.995833993 -0.007981713 0.090835281 1.233940125 0.005408417 0.999578059 0.028540248 -1.885586977 -0.091024756 -0.027930070 0.995456934 88.278884888
0.994805992 -0.007837941 0.101486512 1.329289436 0.004944704 0.999575019 0.028728824 -1.901467323 -0.101668559 -0.028077785 0.994422019 88.830627441
0.993706644 -0.007760978 0.111745223 1.396753311 0.004452881 0.999545336 0.029823121 -1.918765783 -0.111925878 -0.029137842 0.993289292 89.289405823
0.992643416 -0.008773533 0.120756365 1.465196609 0.005204213 0.999541223 0.029841725 -1.917840242 -0.120962754 -0.028993752 0.992233515 89.755622864
0.991180301 -0.007994570 0.132279068 1.546810150 0.004120158 0.999555230 0.029537510 -1.909979105 -0.132456392 -0.028731987 0.990772307 90.312400818
0.989480078 -0.007562303 0.144471243 1.644498825 0.003290490 0.999550998 0.029784691 -1.913008213 -0.144631609 -0.028995980 0.989060640 90.841491699
0.987952232 -0.009153923 0.154488266 1.762751579 0.004680699 0.999559939 0.029294053 -1.910489082 -0.154688418 -0.028218007 0.987560272 91.366287231
0.986364782 -0.008600449 0.164349198 1.848824501 0.003723696 0.999544203 0.029958209 -1.915695429 -0.164531946 -0.028937731 0.985947192 91.881736755
0.984195173 -0.009358889 0.176839784 1.956243515 0.004046449 0.999530315 0.030377761 -1.909185886 -0.177041039 -0.029182073 0.983770788 92.430068970
0.981873333 -0.009249332 0.189312056 2.067690849 0.003536904 0.999528825 0.030490302 -1.898432255 -0.189504847 -0.029268038 0.981443465 92.965003967
0.979891717 -0.010759430 0.199239194 2.208892822 0.004977378 0.999552488 0.029498827 -1.893458605 -0.199467376 -0.027913969 0.979506791 93.485183716
0.977005243 -0.010267650 0.212967515 2.341609955 0.003924227 0.999536574 0.030187234 -1.894019604 -0.213178754 -0.028657358 0.976592839 94.033477783
0.973786592 -0.009871832 0.227249414 2.476070404 0.003112220 0.999542475 0.030084474 -1.885381699 -0.227442414 -0.028588608 0.973371804 94.542999268
0.971003473 -0.010525204 0.238833606 2.635732651 0.003478232 0.999546587 0.029908093 -1.897524595 -0.239040092 -0.028210144 0.970599830 95.092712402
0.967772603 -0.008850708 0.251670063 2.722841263 0.001147424 0.999526739 0.030738959 -1.879303217 -0.251823008 -0.029459549 0.967324793 95.566017151
0.964083672 -0.008879781 0.265450329 2.887020111 0.000691263 0.999521434 0.030925171 -1.878778696 -0.265597910 -0.029630955 0.963628411 96.089714050
0.960507512 -0.008616060 0.278120458 3.067226410 0.000023021 0.999522984 0.030885315 -1.876349449 -0.278253794 -0.029659178 0.960049510 96.619102478
0.957304895 -0.009693238 0.288917422 3.266002655 0.000870156 0.999529779 0.030651240 -1.873688459 -0.289078653 -0.029091178 0.956863225 97.132324219
0.952892959 -0.009962967 0.303142965 3.462459564 0.000528197 0.999513388 0.031189255 -1.874867678 -0.303306192 -0.029559901 0.952434540 97.699905396
0.948357642 -0.011007962 0.317011893 3.656185150 0.001115547 0.999507308 0.031369805 -1.867958546 -0.317200959 -0.029396152 0.947902620 98.177375793
0.944378316 -0.010464518 0.328694582 3.825056076 0.000197400 0.999511540 0.031253893 -1.882545710 -0.328861028 -0.029450616 0.943919003 98.667427063
0.939338565 -0.008483059 0.342886418 3.994859695 -0.002158454 0.999528050 0.030641560 -1.850067616 -0.342984527 -0.029522905 0.938876987 99.294548035
0.934160888 -0.008284215 0.356756151 4.221645355 -0.002835844 0.999526560 0.030635579 -1.843467474 -0.356841028 -0.029630259 0.933695138 99.815361023
0.929690301 -0.010100431 0.368203700 4.451059341 -0.001227642 0.999533474 0.030518558 -1.848303080 -0.368340135 -0.028824830 0.929244161 100.309295654
0.924784601 -0.009547143 0.380371273 4.685586929 -0.001905441 0.999556422 0.029721053 -1.842553377 -0.380486220 -0.028210346 0.924356222 100.852775574
0.919604421 -0.011181384 0.392686456 4.937892914 -0.000939571 0.999529421 0.030660992 -1.863844156 -0.392844468 -0.028564941 0.919161141 101.260818481
0.914043248 -0.012470773 0.405425102 5.180130005 -0.000093253 0.999520779 0.030955251 -1.875371456 -0.405616850 -0.028332245 0.913603961 101.731987000
0.908767343 -0.010544944 0.417169929 5.451519012 -0.002562470 0.999520779 0.030847339 -1.865505695 -0.417295277 -0.029102035 0.908304930 102.270965576
0.903233469 -0.010081020 0.429031134 5.743831635 -0.003516259 0.999516666 0.030888563 -1.887951136 -0.429135084 -0.029408166 0.902761519 102.746658325
0.896390915 -0.010373869 0.443142891 5.923896790 -0.003605298 0.999522388 0.030691393 -1.859490395 -0.443249613 -0.029109148 0.895925522 103.171493530
0.889545083 -0.008307742 0.456771940 6.262031555 -0.005614534 0.999560356 0.029114023 -1.736215115 -0.456812918 -0.028462801 0.889107287 103.967498779
0.883965313 -0.008961852 0.467466831 6.542259216 -0.005477526 0.999549210 0.029520288 -1.742342472 -0.467520624 -0.028655471 0.883517683 104.432853699
0.876690209 -0.009344298 0.480964661 6.824893951 -0.005082048 0.999575615 0.028683428 -1.730472088 -0.481028616 -0.027590770 0.876270592 104.921890259
