1.000000000 0.000000000 0.000000000 0.000000000 0.000000000 1.000000000 0.000000000 0.000000000 0.000000000 0.000000000 1.000000000 0.000000000
1.000000000 0.000086339 0.000018794 -0.001311533 -0.000086338 1.000000000 -0.000063679 0.001389043 -0.000018800 0.000063677 1.000000000 0.003056986
1.000000000 0.000087511 -0.000018898 0.000868200 -0.000087511 1.000000000 -0.000029431 0.000910460 0.000018896 0.000029432 1.000000000 0.003104700
1.000000000 0.000184370 0.000056245 0.000045709 -0.000184371 1.000000000 0.000015809 0.000485790 -0.000056242 -0.000015820 1.000000000 -0.002993396
1.000000000 0.000068734 -0.000032717 0.003302682 -0.000068736 1.000000000 -0.000083779 0.001931854 0.000032712 0.000083781 1.000000000 -0.001401605
1.000000000 0.000002350 -0.000012524 0.001199944 -0.000002350 1.000000000 0.000013811 0.000604517 0.000012524 -0.000013811 1.000000000 0.000409458
1.000000000 0.000034848 0.000016927 -0.000485897 -0.000034847 1.000000000 -0.000052638 0.001059626 -0.000016928 0.000052638 1.000000000 -0.001714812
1.000000000 0.000034092 0.000037891 0.000096093 -0.000034094 1.000000000 0.000031360 0.001006870 -0.000037889 -0.000031361 1.000000000 -0.000261665
1.000000000 0.000011943 0.000147732 -0.004492246 -0.000011931 1.000000000 -0.000082522 0.002985899 -0.000147733 0.000082521 1.000000000 0.004343100
1.000000000 0.000102515 0.000091486 -0.001547511 -0.000102512 1.000000000 -0.000034628 0.000621592 -0.000091490 0.000034618 1.000000000 -0.001128949
1.000000000 0.000179391 0.000068270 0.000377903 -0.000179393 1.000000000 0.000025654 0.001685170 -0.000068265 -0.000025666 1.000000000 -0.002250973
1.000000000 0.000095962 0.000020773 -0.000027926 -0.000095962 1.000000000 -0.000001459 0.000786205 -0.000020773 0.000001457 1.000000000 -0.006333153
1.000000000 0.000113808 0.000145151 -0.003632233 -0.000113806 1.000000000 -0.000017368 0.001835973 -0.000145153 0.000017352 1.000000000 -0.003646770
1.000000000 -0.000103465 0.000066241 -0.000821011 0.000103464 1.000000000 0.000013351 -0.000168912 -0.000066243 -0.000013344 1.000000000 -0.000283090
1.000000000 0.000065718 0.000054356 -0.000012343 -0.000065718 1.000000000 0.000003369 0.000691943 -0.000054355 -0.000003373 1.000000000 -0.002357068
1.000000000 -0.000006887 0.000002198 0.000758814 0.000006887 1.000000000 0.000022435 0.000656377 -0.000002198 -0.000022435 1.000000000 -0.003263789
1.000000000 -0.000032076 0.000026385 -0.001662092 0.000032076 1.000000000 0.000008874 0.000547797 -0.000026385 -0.000008873 1.000000000 -0.002778196
1.000000000 0.000073125 0.000085901 -0.000909630 -0.000073127 1.000000000 0.000022985 -0.000046200 -0.000085899 -0.000022991 1.000000000 -0.003914088
1.000000000 0.000070152 0.000017588 0.000170838 -0.000070153 1.000000000 0.000013999 0.001387410 -0.000017587 -0.000014000 1.000000000 -0.004942024
1.000000000 -0.000079511 0.000005424 -0.000931294 0.000079511 1.000000000 0.000029049 -0.000013520 -0.000005426 -0.000029049 1.000000000 -0.005857595
1.000000000 0.000044367 0.000048411 -0.000577795 -0.000044369 1.000000000 0.000038612 -0.000436593 -0.000048409 -0.000038614 1.000000000 -0.007025381
1.000000000 -0.000039598 0.000013505 -0.000142662 0.000039598 1.000000000 0.000021065 -0.001053273 -0.000013506 -0.000021064 1.000000000 -0.004396843
1.000000000 0.000096991 0.000146143 -0.004910774 -0.000096972 1.000000000 -0.000129107 0.002621356 -0.000146156 0.000129092 1.000000000 0.002243084
1.000000000 -0.000020803 -0.000000479 0.000984774 0.000020803 1.000000000 -0.000019265 -0.000077022 0.000000479 0.000019265 1.000000000 -0.002016500
1.000000000 -0.000073739 0.000044286 -0.001763461 0.000073739 1.000000000 0.000000174 0.001081002 -0.000044286 -0.000000170 1.000000000 0.000157346
1.000000000 -0.000017446 -0.000025770 0.001132780 0.000017445 1.000000000 -0.000024200 0.000952724 0.000025771 0.000024200 1.000000000 -0.005257514
1.000000000 -0.000121302 0.000031696 -0.001698022 0.000121303 1.000000000 -0.000031533 0.002456754 -0.000031692 0.000031537 1.000000000 -0.001444807
1.000000000 0.000096040 0.000049777 -0.000427094 -0.000096037 1.000000000 -0.000044476 0.000647354 -0.000049781 0.000044471 1.000000000 -0.005509039
1.000000000 -0.000094218 0.000054254 -0.002095415 0.000094213 1.000000000 0.000074887 -0.000022672 -0.000054261 -0.000074882 1.000000000 -0.002020297
1.000000000 -0.000065301 0.000080853 -0.004513494 0.000065308 1.000000000 -0.000094212 0.004059131 -0.000080846 0.000094218 1.000000000 0.001536689
1.000000000 -0.000034449 0.000023844 -0.000811957 0.000034449 1.000000000 -0.000031149 0.000934368 -0.000023843 0.000031150 1.000000000 -0.001668216
1.000000000 0.000034358 0.000107140 -0.003077047 -0.000034362 1.000000000 0.000040636 0.000167260 -0.000107138 -0.000040639 1.000000000 0.000834008
1.000000000 -0.000152952 0.000053089 -0.003338333 0.000152951 1.000000000 0.000031587 0.000902286 -0.000053094 -0.000031579 1.000000000 -0.000899119
1.000000000 -0.000029652 0.000030368 -0.000754057 0.000029650 1.000000000 0.000058349 -0.000825684 -0.000030370 -0.000058348 1.000000000 -0.003360214
0.999999940 0.000234017 0.000136966 -0.003090588 -0.000234014 1.000000000 -0.000022283 0.000730088 -0.000136971 0.000022251 1.000000000 -0.000556326
1.000000000 -0.000004177 0.000054685 -0.001076319 0.000004175 1.000000000 0.000034189 0.000414487 -0.000054685 -0.000034188 1.000000000 -0.001441380
1.000000000 -0.000021407 -0.000033049 0.000452648 0.000021410 1.000000000 0.000087702 -0.000141051 0.000033047 -0.000087703 1.000000000 -0.007789244
1.000000000 -0.000037113 -0.000011299 0.000527501 0.000037112 1.000000000 -0.000094217 0.001723440 0.000011302 0.000094217 1.000000000 -0.005155174
1.000000000 -0.000051473 0.000106805 -0.003728870 0.000051474 1.000000000 -0.000003727 0.000553140 -0.000106805 0.000003732 1.000000000 0.000547354
1.000000000 -0.000063881 -0.000007288 0.000251372 0.000063881 1.000000000 0.000078177 0.000114624 0.000007283 -0.000078177 1.000000000 -0.006089658
1.000000000 -0.000202947 -0.000004891 -0.000348798 0.000202947 1.000000000 0.000018202 -0.000288221 0.000004887 -0.000018203 1.000000000 0.001491779
1.000000000 -0.000082074 0.000049926 0.002030784 0.000082097 0.999999881 -0.000461269 -0.005412841 -0.000049888 0.000461274 0.999999881 0.049248882
1.000000000 -0.000022118 0.000058167 0.003965952 0.000022187 0.999999285 -0.001200932 -0.003341072 -0.000058141 0.001200934 0.999999285 0.144632533
1.000000000 -0.000082999 -0.000003903 0.006137634 0.000082993 0.999998987 -0.001406028 -0.011386315 0.000004019 0.001406027 0.999998987 0.258352250
1.000000000 -0.000056563 0.000125897 0.004703913 0.000056733 0.999999106 -0.001352320 -0.015567005 -0.000125821 0.001352328 0.999999106 0.386585385
1.000000000 0.000050671 -0.000019008 0.007543848 -0.000050690 0.999999523 -0.001005179 -0.023027023 0.000018957 0.001005180 0.999999523 0.531456828
1.000000000 0.000152395 0.000000643 0.013589542 -0.000152394 0.999999523 -0.000943461 -0.027383640 -0.000000786 0.000943461 0.999999583 0.689818680
1.000000000 -0.000087829 -0.000007401 0.014814990 0.000087824 0.999999821 -0.000619820 -0.034372088 0.000007456 0.000619819 0.999999821 0.854935110
1.000000000 -0.000004151 -0.000100260 0.023449445 0.000004093 0.999999821 -0.000577776 -0.036360826 0.000100263 0.000577775 0.999999821 1.024664998
0.999999940 0.000226760 0.000266278 0.012401626 -0.000226619 0.999999821 -0.000530023 -0.041505821 -0.000266398 0.000529962 0.999999821 1.196590304
1.000000000 -0.000052969 -0.000101605 0.035366267 0.000052942 0.999999940 -0.000265198 -0.052827109 0.000101619 0.000265193 0.999999940 1.410447359
0.999999881 0.000417049 0.000270025 0.022650713 -0.000417141 0.999999881 0.000342359 -0.058029879 -0.000269882 -0.000342472 0.999999881 1.612252355
0.999999821 0.000131190 0.000536826 0.026826322 -0.000131482 0.999999881 0.000544749 -0.059501719 -0.000536754 -0.000544819 0.999999702 1.807633162
0.999999881 0.000380795 0.000389685 0.026046935 -0.000380974 0.999999821 0.000459335 -0.070023030 -0.000389510 -0.000459483 0.999999821 2.006654501
0.999999821 0.000542287 0.000437555 0.031021081 -0.000542382 0.999999821 0.000215536 -0.072276548 -0.000437438 -0.000215774 0.999999940 2.232618809
0.999999940 0.000108796 0.000381724 0.040496133 -0.000109013 0.999999821 0.000566710 -0.081588894 -0.000381663 -0.000566751 0.999999762 2.443938017
1.000000000 0.000250291 0.000250056 0.047695313 -0.000250456 0.999999702 0.000659137 -0.089013159 -0.000249891 -0.000659200 0.999999762 2.676091194
1.000000000 0.000043994 0.000240069 0.052102119 -0.000044186 0.999999642 0.000801491 -0.099359155 -0.000240033 -0.000801501 0.999999642 2.910363197
1.000000000 -0.000057624 0.000176302 0.064750940 0.000057472 0.999999583 0.000861746 -0.101702683 -0.000176351 -0.000861735 0.999999702 3.142474890
1.000000000 0.000075803 0.000123775 0.066448137 -0.000075907 0.999999642 0.000845911 -0.115613639 -0.000123711 -0.000845920 0.999999642 3.392881393
1.000000000 0.000079046 0.000006385 0.075669184 -0.000079052 0.999999642 0.000839704 -0.120313361 -0.000006318 -0.000839704 0.999999583 3.639325142
0.999999881 -0.000301898 -0.000329611 0.086454757 0.000302240 0.999999404 0.001037679 -0.129775241 0.000329297 -0.001037779 0.999999404 3.901229858
0.999999821 0.000276323 0.000487905 0.075167485 -0.000276918 0.999999225 0.001220054 -0.143804878 -0.000487567 -0.001220189 0.999999166 4.160067081
0.999999583 0.000588318 0.000720992 0.078987062 -0.000589384 0.999998808 0.001479456 -0.153619334 -0.000720121 -0.001479881 0.999998689 4.410241604
0.999999881 0.000074754 0.000429470 0.087808140 -0.000075501 0.999998510 0.001739105 -0.162777051 -0.000429340 -0.001739137 0.999998391 4.674526691
0.999999702 0.000012176 0.000721185 0.093907438 -0.000013425 0.999998510 0.001731918 -0.167927012 -0.000721162 -0.001731927 0.999998212 4.936180592
0.999999464 0.000377466 0.000970904 0.094321489 -0.000379166 0.999998450 0.001751653 -0.177919641 -0.000970241 -0.001752020 0.999997973 5.196938992
0.999999583 0.000186339 0.000811512 0.095576085 -0.000187691 0.999998569 0.001666501 -0.187955081 -0.000811200 -0.001666653 0.999998212 5.472638607
0.999999642 -0.000056973 0.000841608 0.097672656 0.000055416 0.999998331 0.001850246 -0.199013621 -0.000841712 -0.001850199 0.999997854 5.730010986
0.999999642 0.000222756 0.000838016 0.105668813 -0.000224173 0.999998569 0.001691016 -0.203484550 -0.000837639 -0.001691203 0.999998212 5.989199162
0.999999702 0.000027651 0.000841002 0.112265348 -0.000029089 0.999998569 0.001710187 -0.215488255 -0.000840954 -0.001710211 0.999998152 6.264374733
0.999999046 0.000505690 0.001254995 0.113126986 -0.000508100 0.999998033 0.001920184 -0.224526852 -0.001254022 -0.001920820 0.999997437 6.548789501
0.999998629 0.001112563 0.001185657 0.120737240 -0.001114608 0.999997914 0.001725318 -0.230213061 -0.001183735 -0.001726637 0.999997735 6.843661308
0.999999046 0.000823244 0.001153781 0.135736674 -0.000825209 0.999998271 0.001703042 -0.243626222 -0.001152377 -0.001703993 0.999997795 7.128654957
0.999999225 0.000708845 0.001087248 0.146843597 -0.000711114 0.999997675 0.002087560 -0.256229371 -0.001085765 -0.002088332 0.999997139 7.416346550
0.999999762 0.000171475 0.000696839 0.161183253 -0.000173143 0.999997139 0.002393909 -0.276299894 -0.000696426 -0.002394029 0.999996901 7.738086700
0.999999642 0.000306877 0.000816764 0.170671433 -0.000308845 0.999997079 0.002409692 -0.286373496 -0.000816022 -0.002409943 0.999996781 8.060912132
0.999999642 0.000307656 0.000887126 0.171538144 -0.000309612 0.999997616 0.002205667 -0.290155858 -0.000886445 -0.002205940 0.999997139 8.376069069
0.999999583 0.000495186 0.000908724 0.177441493 -0.000497055 0.999997735 0.002057827 -0.296422660 -0.000907703 -0.002058278 0.999997437 8.700958252
0.999999881 -0.000051347 0.000665789 0.185593843 0.000049835 0.999997437 0.002271089 -0.308111787 -0.000665904 -0.002271055 0.999997139 9.030842781
0.999999702 -0.000154726 0.000863897 0.191510066 0.000152539 0.999996781 0.002530421 -0.316204637 -0.000864286 -0.002530289 0.999996483 9.378952980
0.999999642 -0.000331092 0.000804519 0.202557728 0.000328874 0.999996126 0.002755593 -0.325566202 -0.000805428 -0.002755328 0.999995887 9.722411156
0.999999404 -0.000684001 0.000838251 0.210370421 0.000681556 0.999995530 0.002913570 -0.343096048 -0.000840240 -0.002912997 0.999995410 10.084324837
0.999999464 -0.000787613 0.000712104 0.224258780 0.000785397 0.999994934 0.003107260 -0.359264433 -0.000714547 -0.003106699 0.999994874 10.433173180
0.999999404 -0.000177547 0.001056449 0.227319106 0.000174227 0.999995053 0.003141867 -0.364119709 -0.001057002 -0.003141681 0.999994516 10.810647964
0.999999583 0.000102550 0.000938005 0.235485300 -0.000105605 0.999994695 0.003257629 -0.380848706 -0.000937666 -0.003257727 0.999994218 11.173824310
0.999999762 0.000047166 0.000768854 0.242898524 -0.000049454 0.999995530 0.002976299 -0.390667051 -0.000768711 -0.002976337 0.999995232 11.557666779
0.999999285 -0.000241110 0.001113034 0.258773565 0.000237263 0.999993980 0.003455003 -0.404514432 -0.001113860 -0.003454736 0.999993324 11.935829163
0.999999225 0.000012823 0.001196580 0.264493257 -0.000016816 0.999994397 0.003337236 -0.411785811 -0.001196530 -0.003337254 0.999993622 12.315231323
0.999998927 -0.000708837 0.001299173 0.277218699 0.000704473 0.999994099 0.003356557 -0.428493768 -0.001301544 -0.003355639 0.999993503 12.707649231
0.999998987 -0.000404371 0.001364804 0.284184009 0.000399675 0.999993980 0.003439940 -0.432542980 -0.001366187 -0.003439391 0.999993145 13.094335556
0.999999106 -0.000993470 0.000925368 0.294575542 0.000990083 0.999992967 0.003652992 -0.451306522 -0.000928990 -0.003652073 0.999992847 13.479981422
0.999998868 -0.000786900 0.001310732 0.299256504 0.000781854 0.999992311 0.003845922 -0.462354839 -0.001313749 -0.003844892 0.999991715 13.896084785
0.999998927 0.000073150 0.001483269 0.307071149 -0.000079031 0.999992132 0.003964922 -0.472137868 -0.001482967 -0.003965036 0.999991000 14.315174103
0.999997914 0.000231590 0.002027454 0.306796849 -0.000239530 0.999992311 0.003916676 -0.494673789 -0.002026531 -0.003917153 0.999990225 14.724158287
0.999997556 0.000182636 0.002205164 0.320209235 -0.000191273 0.999992311 0.003917070 -0.508858621 -0.002204432 -0.003917481 0.999989927 15.128893852
0.999996722 -0.000074667 0.002543638 0.332778186 0.000063561 0.999990463 0.004366089 -0.523134649 -0.002543939 -0.004365913 0.999987245 15.549943924
0.999994993 0.000646846 0.003077410 0.343152910 -0.000660723 0.999989629 0.004510516 -0.535935223 -0.003074460 -0.004512526 0.999985099 15.996612549
0.999996126 -0.000478926 0.002748936 0.375757962 0.000465642 0.999988198 0.004831145 -0.569650233 -0.002751217 -0.004829846 0.999984562 16.447631836
0.999996245 -0.000394399 0.002724877 0.387434870 0.000381651 0.999988973 0.004677070 -0.576298714 -0.002726692 -0.004676012 0.999985397 16.901388168
0.999994516 -0.000584337 0.003271831 0.397965610 0.000568635 0.999988258 0.004798059 -0.595720828 -0.003274597 -0.004796172 0.999983132 17.356369019
0.999993742 -0.000704003 0.003475421 0.408229887 0.000685982 0.999986351 0.005183641 -0.612445116 -0.003479023 -0.005181225 0.999980509 17.801736832
0.999991119 -0.000671355 0.004156181 0.414147794 0.000650388 0.999987066 0.005043990 -0.620363951 -0.004159513 -0.005041242 0.999978602 18.278333664
0.999990225 -0.000504630 0.004397458 0.430172622 0.000480584 0.999984860 0.005467554 -0.633571327 -0.004400150 -0.005465388 0.999975443 18.733798981
0.999991775 -0.000909645 0.003950811 0.447011292 0.000889041 0.999986112 0.005213760 -0.653650224 -0.003955498 -0.005210204 0.999978602 19.211477280
0.999992251 -0.001754932 0.003531729 0.468726933 0.001737943 0.999986887 0.004807747 -0.663503826 -0.003540121 -0.004801572 0.999982178 19.682918549
0.999991536 -0.000986500 0.003998107 0.475170553 0.000966467 0.999986947 0.005009396 -0.670089424 -0.004002998 -0.005005489 0.999979496 20.175325394
0.999989808 -0.001483836 0.004268534 0.473313510 0.001457139 0.999979317 0.006250837 -0.712812781 -0.004277721 -0.006244553 0.999971330 20.646417618
0.999989927 -0.001667606 0.004176073 0.486087859 0.001642267 0.999980211 0.006063678 -0.722959280 -0.004186103 -0.006056758 0.999972820 21.138134003
0.999993145 -0.002006791 0.003091891 0.509122610 0.001986208 0.999975920 0.006645935 -0.746245503 -0.003105154 -0.006639749 0.999973178 21.655986786
0.999994159 -0.001488797 0.003076744 0.503180683 0.001468630 0.999977469 0.006546354 -0.755772471 -0.003086420 -0.006541797 0.999973834 22.137037277
0.999994695 -0.001211061 0.003028956 0.513777792 0.001190967 0.999977291 0.006627008 -0.768376946 -0.003036913 -0.006623365 0.999973476 22.675457001
0.999995887 -0.000647746 0.002801436 0.509250700 0.000628224 0.999975562 0.006964119 -0.781412125 -0.002805878 -0.006962331 0.999971867 23.189790726
0.999997318 -0.002068188 0.001059855 0.542479932 0.002060985 0.999975085 0.006752142 -0.796721518 -0.001073793 -0.006749941 0.999976635 23.669641495
0.999995649 -0.002869027 0.000611605 0.547813773 0.002865046 0.999975264 0.006413961 -0.805577040 -0.000629992 -0.006412180 0.999979258 24.190845490
0.999997616 -0.002179242 0.000030612 0.556634605 0.002178997 0.999976575 0.006488006 -0.814516544 -0.000044750 -0.006487924 0.999978960 24.717222214
0.999998331 -0.001755152 -0.000414720 0.570018649 0.001757884 0.999976099 0.006681350 -0.829258084 0.000402984 -0.006682068 0.999977589 25.241708755
0.999997795 -0.001767196 -0.001113533 0.569906950 0.001774778 0.999975085 0.006845279 -0.843794465 0.001101408 -0.006847240 0.999975979 25.764925003
0.999997020 -0.001905187 -0.001546052 0.584867895 0.001915668 0.999975026 0.006806142 -0.850887358 0.001533047 -0.006809083 0.999975622 26.305772781
0.999994993 -0.002574589 -0.001906679 0.600841224 0.002589115 0.999967337 0.007655823 -0.869840920 0.001886906 -0.007660720 0.999968886 26.835830688
0.999991298 -0.003291355 -0.002570063 0.612566471 0.003311244 0.999964237 0.007772772 -0.886097968 0.002544388 -0.007781214 0.999966502 27.363698959
0.999992251 -0.002880960 -0.002707659 0.626660824 0.002902179 0.999964893 0.007865641 -0.903958082 0.002684903 -0.007873438 0.999965429 27.908401489
0.999993920 -0.001885571 -0.002943376 0.623572230 0.001908454 0.999967813 0.007791005 -0.906611443 0.002928592 -0.007796575 0.999965310 28.420513153
0.999992669 -0.001992320 -0.003289598 0.631259680 0.002017803 0.999967873 0.007761322 -0.923914194 0.003274029 -0.007767902 0.999964476 28.962306976
0.999988675 -0.002735217 -0.003881472 0.640908420 0.002767012 0.999962389 0.008209935 -0.941518486 0.003858871 -0.008220582 0.999958754 29.485393524
0.999988437 -0.002658657 -0.003990959 0.645292521 0.002692144 0.999961019 0.008408811 -0.951879680 0.003968447 -0.008419458 0.999956667 30.008493423
0.999986947 -0.002655345 -0.004391413 0.659991503 0.002691993 0.999961376 0.008360478 -0.969924092 0.004369043 -0.008372190 0.999955356 30.537982941
0.999988854 -0.002052978 -0.004255097 0.664080620 0.002088968 0.999961913 0.008470859 -0.983874679 0.004237544 -0.008479655 0.999954998 31.071020126
0.999984086 -0.002440122 -0.005092589 0.680103540 0.002483748 0.999960065 0.008577846 -0.999269247 0.005071454 -0.008590357 0.999950230 31.607172012
0.999986291 -0.002136193 -0.004786630 0.675518513 0.002176509 0.999962211 0.008433426 -1.015761852 0.004768432 -0.008443729 0.999952972 32.134872437
0.999985754 -0.001798545 -0.005027445 0.674564838 0.001837404 0.999968410 0.007735662 -1.001972198 0.005013373 -0.007744791 0.999957442 32.703662872
0.999982297 -0.002944733 -0.005179105 0.666244209 0.002991157 0.999955297 0.008978928 -1.052015781 0.005152432 -0.008994258 0.999946237 33.156894684
0.999984324 -0.001814953 -0.005296141 0.687998533 0.001860985 0.999960542 0.008699739 -1.051718831 0.005280142 -0.008709460 0.999948144 33.715137482
0.999986112 -0.000549264 -0.005247178 0.675562263 0.000592700 0.999965608 0.008279971 -1.045109272 0.005242448 -0.008282966 0.999951959 34.253967285
0.999987721 -0.001384183 -0.004760493 0.687071145 0.001428603 0.999955356 0.009340150 -1.088027000 0.004747352 -0.009346836 0.999945104 34.793972015
0.999982655 -0.001624846 -0.005650035 0.711269438 0.001673462 0.999961674 0.008610463 -1.084456444 0.005635826 -0.008619770 0.999946952 35.314781189
0.999984264 -0.001784224 -0.005314686 0.688854218 0.001831950 0.999957919 0.008988693 -1.093780637 0.005298424 -0.008998287 0.999945521 35.907245636
0.999980807 -0.002180197 -0.005785165 0.725835085 0.002232219 0.999957025 0.009001202 -1.114341021 0.005765291 -0.009013945 0.999942780 36.412673950
0.999984026 -0.001815136 -0.005344578 0.687668324 0.001863983 0.999956429 0.009148836 -1.123291016 0.005327738 -0.009158653 0.999943852 36.882171631
0.999977291 -0.003046126 -0.006015311 0.706553698 0.003106636 0.999944389 0.010075716 -1.163575292 0.005984284 -0.010094174 0.999931157 37.425731659
0.999974191 -0.002796137 -0.006608635 0.737328768 0.002861822 0.999946415 0.009950898 -1.160175920 0.006580458 -0.009969555 0.999928594 38.001163483
0.999969661 -0.003117762 -0.007126262 0.740259886 0.003181989 0.999954224 0.009019278 -1.153723955 0.007097817 -0.009041680 0.999933958 38.637210846
0.999976873 -0.002614040 -0.006271440 0.760470271 0.002678590 0.999943316 0.010306573 -1.216444016 0.006244142 -0.010323133 0.999927223 39.006732941
0.999972343 -0.003582422 -0.006507313 0.764795125 0.003652885 0.999934494 0.010848989 -1.228691816 0.006468020 -0.010872460 0.999919951 39.502105713
0.999966860 -0.004142411 -0.007002776 0.784515142 0.004226954 0.999917865 0.012101510 -1.264354944 0.006952071 -0.012130709 0.999902308 40.044780731
0.999962926 -0.003414477 -0.007905910 0.817840517 0.003501190 0.999933660 0.010980325 -1.271985769 0.007867892 -0.011007598 0.999908447 40.676277161
0.999975085 -0.002379318 -0.006647478 0.809003949 0.002449025 0.999941885 0.010497876 -1.257044792 0.006622114 -0.010513891 0.999922812 41.099590302
0.999974966 -0.002300245 -0.006694057 0.815857530 0.002370375 0.999942183 0.010487464 -1.262736440 0.006669546 -0.010503069 0.999922633 41.655357361
0.999975383 -0.002280345 -0.006622452 0.823090971 0.002350599 0.999940813 0.010620022 -1.280920863 0.006597843 -0.010635329 0.999921679 42.165412903
0.999975085 -0.002280558 -0.006683757 0.823148489 0.002352958 0.999938428 0.010844387 -1.293979287 0.006658614 -0.010859843 0.999918878 42.688011169
0.999978364 -0.001947884 -0.006275366 0.834061623 0.002016481 0.999938071 0.010943426 -1.307568192 0.006253661 -0.010955843 0.999920428 43.209308624
0.999977767 -0.002217431 -0.006285256 0.836133778 0.002285892 0.999937832 0.010906168 -1.314892411 0.006260681 -0.010920293 0.999920726 43.727722168
0.999976277 -0.002381506 -0.006464415 0.845090866 0.002452213 0.999936938 0.010952109 -1.329081535 0.006437926 -0.010967703 0.999919116 44.262474060
0.999976635 -0.002262155 -0.006451712 0.850872397 0.002332555 0.999937594 0.010925244 -1.337743044 0.006426594 -0.010940039 0.999919534 44.793899536
0.999976277 -0.002395075 -0.006461452 0.859199345 0.002466011 0.999936521 0.010992826 -1.351338029 0.006434713 -0.011008497 0.999918699 45.322456360
0.999977827 -0.002025781 -0.006351193 0.874573469 0.002094144 0.999939680 0.010775621 -1.363914371 0.006328980 -0.010788683 0.999921799 45.860515594
0.999977827 -0.001839824 -0.006397231 0.882426143 0.001911395 0.999935448 0.011199778 -1.381258488 0.006376211 -0.011211758 0.999916792 46.415397644
0.999977231 -0.002199555 -0.006381535 0.886028171 0.002270409 0.999935627 0.011117176 -1.379413009 0.006356671 -0.011131411 0.999917865 46.858520508
0.999977529 -0.001742961 -0.006487672 0.916445613 0.001810182 0.999944568 0.010369909 -1.362836123 0.006469239 -0.010381416 0.999925256 47.477092743
0.999979258 -0.001866291 -0.006154458 0.911799431 0.001936539 0.999932826 0.011428046 -1.407927871 0.006132716 -0.011439728 0.999915779 47.899059296
0.999976277 -0.002056836 -0.006568709 0.928451896 0.002131514 0.999933004 0.011382090 -1.418932557 0.006544857 -0.011395820 0.999913692 48.443386078
0.999977887 -0.002184797 -0.006280734 0.922518611 0.002258123 0.999929070 0.011691391 -1.434472203 0.006254744 -0.011705313 0.999911904 48.917427063
0.999976158 -0.002336993 -0.006493854 0.929227054 0.002412505 0.999929249 0.011644834 -1.443765998 0.006466181 -0.011660223 0.999911070 49.433891296
0.999980450 -0.001794658 -0.005984304 0.924143076 0.001863486 0.999931991 0.011515701 -1.456102133 0.005963230 -0.011526631 0.999915779 49.975784302
0.999979079 -0.001848758 -0.006194355 0.941367745 0.001921834 0.999928355 0.011812073 -1.462560654 0.006172075 -0.011823730 0.999911070 50.470478058
0.999977410 -0.001836200 -0.006469571 0.946072817 0.001908771 0.999935091 0.011229048 -1.457458735 0.006448532 -0.011241144 0.999916077 51.060760498
0.999980628 -0.001559165 -0.006008597 0.960870624 0.001628765 0.999931455 0.011596078 -1.478109717 0.005990103 -0.011605641 0.999914706 51.529434204
0.999979198 -0.001396883 -0.006312502 0.974841356 0.001475692 0.999920845 0.012497153 -1.498307586 0.006294546 -0.012506207 0.999902010 52.003738403
0.999980986 -0.001482548 -0.005991094 0.984210610 0.001551692 0.999932110 0.011552998 -1.489562750 0.005973559 -0.011562074 0.999915302 52.573570251
0.999981821 -0.000874931 -0.005966097 0.992682576 0.000946576 0.999927402 0.012016508 -1.509151697 0.005955148 -0.012021937 0.999910057 53.089962006
0.999982774 -0.000576286 -0.005840963 0.974604249 0.000646718 0.999927044 0.012063497 -1.517414570 0.005833585 -0.012067067 0.999910235 53.620693207
0.999981523 -0.001423155 -0.005910843 0.992906988 0.001497129 0.999920368 0.012529533 -1.554177880 0.005892540 -0.012538150 0.999904037 53.996025085
0.999983728 -0.001100310 -0.005600679 0.988585532 0.001170289 0.999921083 0.012506853 -1.566873074 0.005586477 -0.012513204 0.999906063 54.515327454
0.999983191 -0.001033612 -0.005710730 0.999503613 0.001102677 0.999926150 0.012104121 -1.570434093 0.005697798 -0.012110217 0.999910414 55.064373016
0.999985337 -0.001064167 -0.005308148 0.997698665 0.001130483 0.999921262 0.012505936 -1.588105440 0.005294421 -0.012511755 0.999907672 55.555686951
0.999988258 -0.000701315 -0.004806928 1.007330418 0.000759222 0.999927044 0.012055395 -1.576625347 0.004798122 -0.012058903 0.999915779 56.014579773
0.999984384 -0.000793431 -0.005544602 1.023602366 0.000864377 0.999917626 0.012804723 -1.612141609 0.005533986 -0.012809315 0.999902666 56.553203583
0.999986708 -0.001664314 -0.004897834 1.025824428 0.001727755 0.999914289 0.012977439 -1.631203532 0.004875815 -0.012985726 0.999903798 57.073825836
0.999984026 -0.001400011 -0.005479800 1.050529361 0.001470765 0.999915361 0.012929092 -1.635402679 0.005461235 -0.012936945 0.999901354 57.537189484
0.999985456 -0.000788487 -0.005328713 1.064646006 0.000854543 0.999922693 0.012405352 -1.637670875 0.005318520 -0.012409725 0.999908864 58.063362122
0.999985278 -0.000834576 -0.005348040 1.074185848 0.000902290 0.999919355 0.012671635 -1.656232834 0.005337033 -0.012676275 0.999905407 58.598480225
0.999985158 -0.001300103 -0.005292637 1.072051525 0.001368201 0.999916077 0.012883343 -1.658285737 0.005275443 -0.012890394 0.999903023 59.083827972
0.999987721 -0.000776915 -0.004889128 1.098890781 0.000834851 0.999929309 0.011859133 -1.661536455 0.004879569 -0.011863070 0.999917686 59.679771423
0.999981463 -0.001292300 -0.005949033 1.139669180 0.001373369 0.999905944 0.013643381 -1.708712339 0.005930842 -0.013651297 0.999889195 60.091384888
0.999981523 -0.000967056 -0.006000436 1.172725439 0.001047531 0.999909341 0.013422923 -1.709895968 0.005986911 -0.013428962 0.999891937 60.523273468
0.999983907 -0.000422743 -0.005650350 1.172897696 0.000494809 0.999918461 0.012758878 -1.671657085 0.005644496 -0.012761469 0.999902666 60.991615295
0.999980628 -0.000735191 -0.006186306 1.245935202 0.000815202 0.999915957 0.012940851 -1.696252823 0.006176272 -0.012945643 0.999897122 61.401138306
0.999978721 -0.002073812 -0.006191285 1.211098075 0.002150605 0.999920487 0.012422654 -1.699439764 0.006165031 -0.012435704 0.999903738 61.737087250
0.999980509 -0.000248379 -0.006241192 1.236039639 0.000331288 0.999911666 0.013286754 -1.709979415 0.006237340 -0.013288561 0.999892294 62.767456055
0.999984860 -0.001085809 -0.005396240 1.197572351 0.001157314 0.999911368 0.013265561 -1.749893904 0.005381356 -0.013271607 0.999897361 63.049465179
0.999986529 -0.000345302 -0.005172655 1.211297154 0.000415269 0.999908388 0.013531257 -1.767020822 0.005167508 -0.013533225 0.999895036 63.582309723
0.999984264 -0.001625155 -0.005378522 1.218151450 0.001697088 0.999908864 0.013396675 -1.784270525 0.005356261 -0.013405591 0.999895692 64.100372314
0.999983847 -0.001459099 -0.005487050 1.238656282 0.001531027 0.999912679 0.013127332 -1.756701231 0.005467415 -0.013135523 0.999898732 64.621078491
0.999987841 -0.001007063 -0.004809726 1.245620251 0.001067750 0.999919653 0.012631644 -1.772467017 0.004796617 -0.012636627 0.999908626 65.108329773
0.999983728 -0.002215951 -0.005237982 1.214262486 0.002281805 0.999918044 0.012600150 -1.789394140 0.005209631 -0.012611898 0.999906838 65.760711670
0.999989152 0.001200075 -0.004500780 1.299056649 -0.001134765 0.999894440 0.014485440 -1.866109610 0.004517690 -0.014480175 0.999884903 66.015495300
0.999989629 0.001374033 -0.004313830 1.311545491 -0.001314012 0.999902725 0.013885844 -1.878198028 0.004332490 -0.013880031 0.999894261 66.552474976
0.999989212 0.001298617 -0.004446815 1.328804016 -0.001232782 0.999890089 0.014775794 -1.887711525 0.004465514 -0.014770152 0.999880970 67.097610474
0.999990344 0.001954423 -0.003934423 1.336852789 -0.001897607 0.999894619 0.014392856 -1.898374796 0.003962138 -0.014385250 0.999888659 67.659469604
0.999987543 0.001210708 -0.004846062 1.340595126 -0.001139621 0.999892056 0.014644869 -1.906663775 0.004863269 -0.014639162 0.999881029 68.025268555
0.999986827 -0.000205389 -0.005119237 1.354845166 0.000273012 0.999912679 0.013212421 -1.865939140 0.005116075 -0.013213645 0.999899685 68.696899414
0.999986410 0.001773545 -0.004902351 1.359333754 -0.001703646 0.999897361 0.014225660 -1.925818920 0.004927077 -0.014217116 0.999886751 69.100639343
0.999988854 0.001038574 -0.004608903 1.370356202 -0.000969974 0.999889076 0.014861492 -1.943146110 0.004623827 -0.014856855 0.999878943 69.545570374
0.999988675 0.001368516 -0.004575153 1.373277545 -0.001300462 0.999888957 0.014844880 -1.953149796 0.004594960 -0.014838760 0.999879360 70.102928162
0.999988019 0.001549024 -0.004638853 1.410746574 -0.001478292 0.999883235 0.015212519 -1.982247710 0.004661876 -0.015205481 0.999873579 70.587638855
0.999989092 0.001136806 -0.004516581 1.402814388 -0.001070018 0.999890447 0.014762355 -1.970561504 0.004532868 -0.014757365 0.999880791 71.124519348
0.999989569 0.001069916 -0.004441532 1.408782125 -0.001005027 0.999893129 0.014586207 -1.981372833 0.004456664 -0.014581590 0.999883771 71.648498535
0.999991119 0.001680690 -0.003844974 1.413248301 -0.001623149 0.999887407 0.014919726 -1.994639397 0.003869617 -0.014913353 0.999881327 72.194648743
0.999991119 0.001176173 -0.004046174 1.420832515 -0.001116433 0.999890804 0.014735255 -2.001354694 0.004063061 -0.014730608 0.999883175 72.701873779
0.999990940 0.001113818 -0.004116118 1.436313868 -0.001052690 0.999889553 0.014823277 -2.003537893 0.004132173 -0.014818809 0.999881625 73.255516052
0.999990642 0.001500849 -0.004074111 1.473382473 -0.001440187 0.999888659 0.014852061 -2.043255091 0.004095949 -0.014846054 0.999881327 73.734077454
0.999990642 0.001072671 -0.004178628 1.460071564 -0.001011128 0.999891400 0.014702186 -2.036103249 0.004193946 -0.014697827 0.999883115 74.220787048
0.999992132 0.001997043 -0.003439266 1.449207306 -0.001947320 0.999894440 0.014400689 -2.036911964 0.003467662 -0.014393878 0.999890387 74.889228821
0.999988914 0.000949484 -0.004613649 1.499009848 -0.000880593 0.999888539 0.014911206 -2.058651924 0.004627294 -0.014906981 0.999878109 75.266143799
0.999989271 0.000669501 -0.004566051 1.516896725 -0.000601578 0.999889374 0.014860702 -2.072658300 0.004575495 -0.014857797 0.999879122 75.780639648
0.999989152 0.000354524 -0.004646434 1.531073570 -0.000287082 0.999894679 0.014507345 -2.080004454 0.004651088 -0.014505854 0.999883950 76.313224792
0.999988854 0.001256311 -0.004550882 1.535937548 -0.001188273 0.999887884 0.014922648 -2.087301731 0.004569120 -0.014917071 0.999878287 76.796684265
0.999989510 0.001622071 -0.004266566 1.543873787 -0.001558484 0.999888241 0.014864957 -2.092603922 0.004290203 -0.014858154 0.999880433 77.322601318
0.999994159 0.001258417 -0.003174559 1.552773356 -0.001210396 0.999885499 0.015083721 -2.102847576 0.003193178 -0.015079793 0.999881208 77.802597046
0.999998212 0.000372219 -0.001861644 1.563686132 -0.000344479 0.999889255 0.014878945 -2.101503134 0.001866976 -0.014878278 0.999887586 78.327720642
0.999999702 0.000650322 -0.000638699 1.571988583 -0.000640529 0.999883950 0.015216041 -2.127096891 0.000648521 -0.015215625 0.999884009 78.837722778
0.999999344 0.000821428 0.000730862 1.572689533 -0.000832572 0.999881327 0.015379568 -2.120465040 -0.000718141 -0.015380166 0.999881446 79.347137451
0.999987602 0.001675814 0.004681723 1.588465810 -0.001747964 0.999879122 0.015449584 -2.137823820 -0.004655266 -0.015457578 0.999869585 79.887023926
0.999969602 0.001720070 0.007605183 1.611850619 -0.001838597 0.999876380 0.015605692 -2.142045736 -0.007577402 -0.015619201 0.999849260 80.421669006
0.999941111 0.001453701 0.010748188 1.628591657 -0.001618720 0.999880672 0.015360387 -2.145833969 -0.010724575 -0.015376883 0.999824226 80.859832764
0.999890387 0.001524603 0.014720455 1.655141473 -0.001755235 0.999875724 0.015667239 -2.149477005 -0.014694738 -0.015691362 0.999768853 81.391647339
0.999790847 0.001842532 0.020366227 1.718130112 -0.002163610 0.999873519 0.015754422 -2.177066565 -0.020334622 -0.015795194 0.999668360 81.909271240
0.999677241 0.000057829 0.025409527 1.708046317 -0.000437819 0.999888182 0.014949324 -2.167641163 -0.025405826 -0.014955620 0.999565303 82.481239319
0.999518991 -0.000129249 0.031012462 1.742846847 -0.000330773 0.999889970 0.014827856 -2.175733328 -0.031010965 -0.014830982 0.999409020 83.003608704
0.999192297 0.001261921 0.040163975 1.766363740 -0.001851746 0.999890983 0.014651615 -2.170308590 -0.040141106 -0.014714156 0.999085724 83.579421997
0.998818636 -0.000031484 0.048593808 1.800332785 -0.000707587 0.999884307 0.015191868 -2.193832874 -0.048588667 -0.015208304 0.998703063 84.098785400
0.998479187 -0.001034556 0.055119537 1.852557659 0.000239987 0.999895990 0.014420058 -2.197505951 -0.055128720 -0.014384900 0.998375654 84.625083923
0.997936547 -0.001425995 0.064192362 1.898196459 0.000523011 0.999900639 0.014081468 -2.198086262 -0.064206071 -0.014018837 0.997838199 85.173858643
0.997250795 -0.001303245 0.074088745 1.967684269 0.000242657 0.999897361 0.014322306 -2.217364550 -0.074099809 -0.014264952 0.997148812 85.702545166
0.996577203 -0.002306276 0.082634114 2.011045933 0.001150981 0.999900937 0.014025753 -2.215767622 -0.082658254 -0.013882638 0.996481240 86.224227905
0.995899975 -0.002920866 0.090413027 2.098461628 0.001684375 0.999904037 0.013749314 -2.224967957 -0.090444490 -0.013540654 0.995809436 86.740364075
0.994951904 -0.004015126 0.100272775 2.174946308 0.002628492 0.999899149 0.013956916 -2.250620365 -0.100318693 -0.013622892 0.994862020 87.271598816
0.993845582 -0.004575206 0.110679902 2.263196945 0.003033937 0.999896109 0.014089880 -2.259861469 -0.110732876 -0.013667367 0.993756235 87.798545837
0.992797673 -0.004831071 0.119705804 2.381183624 0.003141316 0.999892771 0.014300579 -2.295438290 -0.119762048 -0.013821550 0.992706358 88.340065002
0.991465986 -0.004878085 0.130274177 2.482365608 0.003086476 0.999897897 0.013950966 -2.294807434 -0.130328953 -0.013429821 0.991379797 88.883636475
0.989830256 -0.005355954 0.142152950 2.584954262 0.003410870 0.999897242 0.013923180 -2.304247379 -0.142212927 -0.013296722 0.989746749 89.415420532
0.988154531 -0.005720886 0.153355435 2.685133934 0.003644181 0.999897778 0.013819453 -2.310429811 -0.153418824 -0.013096900 0.988074481 89.992637634
0.986624300 -0.005961630 0.162901819 2.788972855 0.003745160 0.999896228 0.013909888 -2.316414833 -0.162967861 -0.013113740 0.986544251 90.536987305
0.984601200 -0.007106279 0.174671382 2.912146568 0.004843129 0.999898791 0.013379459 -2.322421789 -0.174748763 -0.012327474 0.984535873 91.054405212
0.982259393 -0.006684762 0.187408820 3.039933205 0.004101391 0.999891162 0.014169058 -2.345201731 -0.187483162 -0.013149053 0.982179821 91.585227966
0.980108857 -0.006389350 0.198357627 3.168461800 0.003686541 0.999895334 0.013992247 -2.357198238 -0.198426291 -0.012982674 0.980029821 92.109504700
0.977373421 -0.006974584 0.211405858 3.310620308 0.004154296 0.999896526 0.013781841 -2.366822720 -0.211480051 -0.012591764 0.977301180 92.643791199
0.974285245 -0.007268900 0.225200623 3.443088531 0.004175152 0.999890268 0.014210943 -2.371943474 -0.225279182 -0.012905268 0.974208713 93.163085938
0.971599042 -0.007934717 0.236499757 3.599340439 0.004802065 0.999893010 0.013818978 -2.383934498 -0.236584082 -0.012290820 0.971533239 93.697616577
0.968592525 -0.008344017 0.248513460 3.771923065 0.004906170 0.999883533 0.014449788 -2.389161587 -0.248605058 -0.012776706 0.968520761 94.260986328
0.965091527 -0.009071959 0.261755705 3.963645935 0.005403180 0.999876857 0.014732355 -2.414551973 -0.261857182 -0.012803757 0.965021670 94.757087708
0.961569607 -0.009517640 0.274396181 4.138109207 0.005722522 0.999876559 0.014627981 -2.429399967 -0.274501622 -0.012495585 0.961505473 95.268096924
0.958275974 -0.009755221 0.285678178 4.318069458 0.005643587 0.999868333 0.015212306 -2.442896366 -0.285788924 -0.012965336 0.958204806 95.796607971
0.954057395 -0.010191778 0.299450427 4.515928268 0.005862697 0.999864936 0.015351633 -2.452724457 -0.299566418 -0.012890751 0.953988373 96.320861816
0.949620843 -0.010262410 0.313233018 4.720296860 0.005749895 0.999865949 0.015326661 -2.457088709 -0.313348323 -0.012753461 0.949552596 96.859054565
0.945788860 -0.011248265 0.324587256 4.925197601 0.006553054 0.999857545 0.015554702 -2.464928627 -0.324715942 -0.012584426 0.945727885 97.378372192
0.941385329 -0.012110777 0.337115765 5.131830215 0.007275255 0.999851704 0.015603442 -2.483053446 -0.337254673 -0.012236248 0.941334009 97.880302429
0.936251760 -0.012544510 0.351105779 5.354633331 0.007360641 0.999843240 0.016095242 -2.489728212 -0.351252615 -0.012484836 0.936197460 98.406967163
0.931618154 -0.012595060 0.363220125 5.586450577 0.007197508 0.999842703 0.016209867 -2.499995708 -0.363367140 -0.012487127 0.931562304 98.928436279
0.926937819 -0.012594508 0.375003546 5.812301636 0.007021809 0.999843717 0.016223205 -2.505780220 -0.375149250 -0.012404700 0.926881433 99.440887451
0.921236575 -0.012850652 0.388790399 6.061929703 0.007202434 0.999846339 0.015981700 -2.509538412 -0.388936043 -0.011922690 0.921187580 99.955337524
0.915809214 -0.014324637 0.401357770 6.311975479 0.008646690 0.999835312 0.015954740 -2.511775970 -0.401520312 -0.011141082 0.915782392 100.449005127
0.911054075 -0.014777302 0.412021965 6.569133759 0.008743205 0.999825120 0.016526267 -2.542666435 -0.412194163 -0.011453927 0.911024034 100.940025330
0.905533910 -0.014990062 0.424009055 6.828227997 0.008670740 0.999820709 0.016829185 -2.558634758 -0.424185336 -0.011562923 0.905501544 101.404403687
0.899143636 -0.015886080 0.437365204 7.090530396 0.009365805 0.999810576 0.017060952 -2.564978123 -0.437553376 -0.011243968 0.899122059 101.915344238
0.893149257 -0.016157234 0.449470043 7.363296509 0.009521518 0.999809802 0.017020099 -2.571559668 -0.449659556 -0.010921852 0.893133223 102.407775879
0.887393236 -0.016958177 0.460701346 7.639831543 0.010133676 0.999799252 0.017282825 -2.582339764 -0.460901886 -0.010668064 0.887386978 102.879684448
0.880298674 -0.016527196 0.474131942 7.925128937 0.009497827 0.999806643 0.017216887 -2.591868877 -0.474324822 -0.010652783 0.880285442 103.353820801
