1.000000000 0.000000000 0.000000000 0.000000000 0.000000000 1.000000000 0.000000000 0.000000000 0.000000000 0.000000000 1.000000000 0.000000000
1.000000000 -0.000162210 -0.000013280 0.000480295 0.000162210 1.000000000 -0.000032064 0.000285758 0.000013285 0.000032062 1.000000000 0.000270998
1.000000000 -0.000039501 0.000010921 -0.000511789 0.000039501 1.000000000 0.000039561 -0.000225311 -0.000010923 -0.000039561 1.000000000 -0.000997428
1.000000000 -0.000092936 0.000063281 -0.000392142 0.000092937 1.000000000 -0.000018191 0.000238624 -0.000063279 0.000018197 1.000000000 0.000090293
1.000000000 -0.000169452 0.000007874 -0.000080544 0.000169452 1.000000000 0.000009775 0.000338421 -0.000007876 -0.000009774 1.000000000 0.000355208
1.000000000 -0.000007174 0.000044695 -0.001085089 0.000007174 1.000000000 0.000007084 -0.000072482 -0.000044695 -0.000007084 1.000000000 -0.000988736
1.000000000 -0.000017678 0.000026296 -0.001027688 0.000017683 1.000000000 -0.000174751 0.000893902 -0.000026293 0.000174752 1.000000000 0.000184577
1.000000000 0.000038301 0.000081607 -0.000637398 -0.000038300 1.000000000 -0.000005374 -0.000368099 -0.000081607 0.000005371 1.000000000 -0.000352290
1.000000000 0.000166289 0.000073337 -0.001690176 -0.000166290 1.000000000 0.000003648 -0.000256151 -0.000073337 -0.000003661 1.000000000 -0.000350416
1.000000000 0.000081654 0.000133005 -0.001511056 -0.000081643 1.000000000 -0.000084594 0.000504712 -0.000133012 0.000084584 1.000000000 0.000395179
1.000000000 0.000127517 0.000049761 -0.001234109 -0.000127512 1.000000000 -0.000101684 0.000527010 -0.000049774 0.000101677 1.000000000 -0.000366833
1.000000000 0.000008168 0.000083214 -0.001456990 -0.000008164 1.000000000 -0.000053740 0.001559689 -0.000083215 0.000053739 1.000000000 0.001293097
1.000000000 0.000159745 0.000116205 -0.001502548 -0.000159720 0.999999940 -0.000212952 0.002600637 -0.000116239 0.000212933 1.000000000 0.002375364
1.000000000 0.000020583 0.000053071 -0.000985406 -0.000020579 1.000000000 -0.000075432 0.000949432 -0.000053072 0.000075431 1.000000000 0.000698007
1.000000000 0.000104074 0.000193086 -0.002453392 -0.000104042 1.000000000 -0.000165393 0.001776946 -0.000193103 0.000165373 0.999999940 0.002633964
0.999999940 0.000300048 0.000144545 -0.002147515 -0.000300028 0.999999940 -0.000140104 0.001486080 -0.000144587 0.000140060 1.000000000 0.002113471
0.999999940 0.000266371 0.000190348 -0.001834365 -0.000266339 0.999999940 -0.000165263 0.002598237 -0.000190392 0.000165212 0.999999940 0.003798181
1.000000000 0.000063350 0.000168247 -0.001584319 -0.000063326 1.000000000 -0.000143450 0.001385518 -0.000168257 0.000143439 1.000000000 0.002428159
0.999999940 0.000106060 0.000255240 -0.003114792 -0.000106040 1.000000000 -0.000079559 0.001772118 -0.000255248 0.000079532 0.999999940 0.002823996
1.000000000 0.000126943 0.000138872 -0.001738016 -0.000126930 1.000000000 -0.000096964 0.002412148 -0.000138884 0.000096946 1.000000000 0.002223231
0.999999940 0.000225468 0.000144294 -0.002184649 -0.000225460 1.000000000 -0.000057574 0.000985362 -0.000144307 0.000057542 1.000000000 0.002183154
1.000000000 0.000215816 0.000077260 -0.001744643 -0.000215811 1.000000000 -0.000073010 0.001315728 -0.000077276 0.000072993 1.000000000 0.002019721
0.999999940 0.000348837 0.000188775 -0.002728148 -0.000348807 0.999999940 -0.000160169 0.002593924 -0.000188831 0.000160103 0.999999940 0.003797746
0.999999940 0.000261951 0.000189436 -0.002062736 -0.000261920 0.999999940 -0.000164851 0.002459618 -0.000189479 0.000164801 0.999999940 0.002663260
0.999999940 0.000131218 0.000207281 -0.002203856 -0.000131191 1.000000000 -0.000132312 0.003157512 -0.000207298 0.000132285 0.999999940 0.004193719
0.999999940 0.000211564 0.000207559 -0.002460667 -0.000211551 1.000000000 -0.000061613 0.001563165 -0.000207572 0.000061569 1.000000000 0.003195064
1.000000000 0.000106387 0.000071038 -0.001168387 -0.000106378 1.000000000 -0.000122781 0.002341792 -0.000071051 0.000122774 1.000000000 0.002339873
1.000000000 0.000106629 0.000173404 -0.002385627 -0.000106610 1.000000000 -0.000110449 0.002283219 -0.000173416 0.000110431 1.000000000 0.003035088
0.999999940 0.000177000 0.000193817 -0.001887268 -0.000176979 1.000000000 -0.000105887 0.001471891 -0.000193836 0.000105853 1.000000000 0.002795717
0.999999940 0.000150890 0.000194265 -0.002550855 -0.000150862 1.000000000 -0.000145704 0.001890090 -0.000194287 0.000145675 1.000000000 0.002269424
0.999999940 0.000241461 0.000190849 -0.002621727 -0.000241430 0.999999940 -0.000161845 0.002591332 -0.000190888 0.000161798 0.999999940 0.003437592
0.999999940 0.000221055 0.000194102 -0.001727427 -0.000221041 1.000000000 -0.000072761 0.001738025 -0.000194118 0.000072718 1.000000000 0.001729482
0.999999940 0.000299136 0.000201023 -0.002818267 -0.000299101 0.999999940 -0.000174811 0.002386630 -0.000201075 0.000174751 0.999999940 0.002766009
0.999999940 0.000227828 0.000208958 -0.002236558 -0.000227789 0.999999940 -0.000188252 0.002308591 -0.000209001 0.000188204 0.999999940 0.002262041
1.000000000 0.000145371 0.000121887 -0.002184261 -0.000145369 1.000000000 -0.000015990 0.001390803 -0.000121889 0.000015972 1.000000000 0.002455574
1.000000000 0.000080687 0.000128298 -0.001548394 -0.000080678 1.000000000 -0.000072194 0.001961149 -0.000128304 0.000072183 1.000000000 0.003626910
0.999999940 0.000254560 0.000194470 -0.002520875 -0.000254550 0.999999940 -0.000051972 0.001599955 -0.000194483 0.000051923 1.000000000 0.003025945
0.999999940 0.000289148 0.000142107 -0.001395118 -0.000289139 0.999999940 -0.000061056 0.001730827 -0.000142124 0.000061015 1.000000000 0.001906357
1.000000000 0.000097571 0.000116331 -0.001542831 -0.000097556 1.000000000 -0.000129099 0.001179313 -0.000116343 0.000129087 1.000000000 0.002685465
0.999999821 0.000557260 0.000011456 -0.005962935 -0.000557255 0.999999762 -0.000389757 0.001590359 -0.000011674 0.000389750 0.999999940 0.049948040
0.999999821 0.000560576 0.000028508 -0.004568296 -0.000560551 0.999999464 -0.000899652 -0.001120790 -0.000029013 0.000899636 0.999999642 0.138876215
0.999999583 0.000757652 0.000471345 -0.002665003 -0.000756955 0.999998569 -0.001476205 -0.005071562 -0.000472463 0.001475848 0.999998748 0.252717078
0.999999642 0.000636589 0.000410730 0.000848672 -0.000636017 0.999998868 -0.001390533 -0.007978817 -0.000411614 0.001390271 0.999998987 0.384683967
0.999999762 0.000548045 0.000321060 0.003340838 -0.000547667 0.999999166 -0.001174724 -0.012566262 -0.000321704 0.001174547 0.999999285 0.528308094
0.999999702 0.000751125 -0.000128144 0.006975315 -0.000751226 0.999999523 -0.000793365 -0.015765408 0.000127548 0.000793461 0.999999642 0.681586266
0.999999940 0.000350316 -0.000214340 0.012777190 -0.000350449 0.999999762 -0.000618462 -0.018574972 0.000214123 0.000618537 0.999999821 0.842322528
0.999999821 0.000589945 0.000008931 0.012058103 -0.000589938 0.999999523 -0.000755360 -0.020114975 -0.000009376 0.000755355 0.999999702 1.021226406
0.999999642 0.000795129 -0.000017414 0.016454272 -0.000795141 0.999999464 -0.000694381 -0.025433561 0.000016861 0.000694395 0.999999762 1.196459055
0.999999762 0.000687490 -0.000013117 0.019226136 -0.000687490 0.999999762 0.000034785 -0.035662498 0.000013141 -0.000034776 1.000000000 1.377602577
0.999999642 0.000739924 -0.000203862 0.023516094 -0.000739946 0.999999702 -0.000106571 -0.037782975 0.000203783 0.000106722 1.000000000 1.571292043
0.999999523 0.000968980 0.000225132 0.023873903 -0.000968961 0.999999523 -0.000083921 -0.047216192 -0.000225213 0.000083703 0.999999940 1.768234611
0.999999583 0.000868524 0.000281665 0.026328826 -0.000868597 0.999999583 0.000259166 -0.053474549 -0.000281440 -0.000259411 0.999999940 1.970477343
0.999999642 0.000722279 0.000397838 0.029464189 -0.000722490 0.999999523 0.000530210 -0.063855402 -0.000397455 -0.000530498 0.999999702 2.182892084
0.999999762 0.000602097 0.000183556 0.037517637 -0.000602245 0.999999404 0.000809072 -0.070912011 -0.000183069 -0.000809182 0.999999583 2.403261423
0.999999583 0.000911636 0.000219375 0.042141862 -0.000911795 0.999999225 0.000722321 -0.075605735 -0.000218716 -0.000722520 0.999999642 2.630561113
0.999999702 0.000604435 0.000250486 0.047940101 -0.000604562 0.999999642 0.000507956 -0.083255626 -0.000250179 -0.000508107 0.999999821 2.858838081
0.999999583 0.000683562 0.000387721 0.049608923 -0.000683840 0.999999523 0.000717140 -0.088348299 -0.000387230 -0.000717405 0.999999642 3.103547096
0.999999702 0.000780144 0.000119556 0.059833750 -0.000780191 0.999999642 0.000391821 -0.092286959 -0.000119250 -0.000391914 0.999999881 3.341685295
0.999999881 0.000370230 0.000228608 0.063497931 -0.000370379 0.999999702 0.000653531 -0.101355366 -0.000228366 -0.000653616 0.999999762 3.593327045
0.999999821 0.000584156 0.000249982 0.069200113 -0.000584343 0.999999583 0.000745863 -0.109096378 -0.000249546 -0.000746009 0.999999702 3.845978022
0.999999344 0.000964514 0.000589559 0.068657875 -0.000964860 0.999999285 0.000586690 -0.116871729 -0.000588993 -0.000587259 0.999999642 4.104639530
0.999999166 0.001126507 0.000597418 0.075604796 -0.001126864 0.999999106 0.000596946 -0.120993741 -0.000596745 -0.000597618 0.999999642 4.364473343
0.999999225 0.000981520 0.000806066 0.078484468 -0.000982024 0.999999344 0.000625018 -0.131204009 -0.000805452 -0.000625809 0.999999404 4.617793560
0.999999166 0.001243115 0.000394739 0.093653947 -0.001243404 0.999998987 0.000731373 -0.141059682 -0.000393830 -0.000731863 0.999999642 4.878316402
0.999999285 0.001133251 0.000044347 0.101931520 -0.001133298 0.999998808 0.001085056 -0.149591967 -0.000043117 -0.001085105 0.999999344 5.139611244
0.999999166 0.001046200 0.000868269 0.099083021 -0.001046991 0.999999046 0.000911747 -0.157293424 -0.000867314 -0.000912655 0.999999225 5.404456615
0.999998987 0.000989728 0.001031174 0.101670817 -0.000990820 0.999998927 0.001058407 -0.165689290 -0.001030125 -0.001059427 0.999998927 5.671961308
0.999997675 0.001570458 0.001438466 0.100387767 -0.001572371 0.999997854 0.001330271 -0.172602177 -0.001436374 -0.001332529 0.999998093 5.942873001
0.999997079 0.001881392 0.001536213 0.103700429 -0.001883535 0.999997258 0.001394567 -0.182335019 -0.001533585 -0.001397456 0.999997795 6.224166870
0.999998212 0.001452134 0.001210533 0.116742805 -0.001453979 0.999997795 0.001524589 -0.189967662 -0.001208316 -0.001526347 0.999998093 6.514638424
0.999998271 0.001569957 0.001031587 0.119807355 -0.001571441 0.999997675 0.001438641 -0.196911961 -0.001029326 -0.001440260 0.999998450 6.804017067
0.999998689 0.001288749 0.001009788 0.133540452 -0.001289785 0.999998569 0.001026607 -0.203839660 -0.001008464 -0.001027908 0.999998987 7.092774868
0.999998033 0.001658510 0.001039867 0.136742845 -0.001659998 0.999997616 0.001431646 -0.217330799 -0.001037490 -0.001433370 0.999998391 7.403420925
0.999998331 0.001366372 0.001202867 0.139370173 -0.001368178 0.999997914 0.001501562 -0.229022309 -0.001200813 -0.001503205 0.999998093 7.705171108
0.999998271 0.001413819 0.001230551 0.150930196 -0.001415674 0.999997854 0.001508587 -0.242154211 -0.001228416 -0.001510327 0.999998093 8.027368546
0.999997854 0.001658403 0.001237711 0.155237675 -0.001660328 0.999997437 0.001555505 -0.252248615 -0.001235128 -0.001557556 0.999998033 8.343780518
0.999998331 0.001451185 0.001148052 0.163159207 -0.001452953 0.999997795 0.001540260 -0.262201309 -0.001145815 -0.001541926 0.999998093 8.664497375
0.999997318 0.001643373 0.001639461 0.168494955 -0.001646539 0.999996722 0.001931455 -0.273168564 -0.001636282 -0.001934149 0.999996781 8.994986534
0.999997497 0.001657295 0.001543071 0.176156729 -0.001660930 0.999995887 0.002357070 -0.290618628 -0.001539158 -0.002359627 0.999996006 9.328348160
0.999994993 0.002595883 0.001810220 0.179403543 -0.002599111 0.999995053 0.001783133 -0.293953240 -0.001805582 -0.001787829 0.999996722 9.677302361
0.999995470 0.002332953 0.001884581 0.187921181 -0.002337153 0.999994814 0.002229372 -0.307268560 -0.001879370 -0.002233766 0.999995708 10.030218124
0.999995410 0.002528629 0.001627278 0.196872577 -0.002531462 0.999995232 0.001740910 -0.314442039 -0.001622868 -0.001745022 0.999997139 10.391890526
0.999995708 0.002443941 0.001572144 0.206142768 -0.002446247 0.999995947 0.001466373 -0.323712558 -0.001568553 -0.001470213 0.999997735 10.754572868
0.999996185 0.002251078 0.001597970 0.211634740 -0.002253965 0.999995828 0.001807057 -0.332111448 -0.001593896 -0.001810652 0.999997079 11.118580818
0.999996185 0.002131378 0.001772046 0.219784006 -0.002134487 0.999996126 0.001754649 -0.341315180 -0.001768299 -0.001758425 0.999996901 11.504265785
0.999995291 0.002479009 0.001828211 0.227457851 -0.002481848 0.999995708 0.001552085 -0.347743481 -0.001824355 -0.001556615 0.999997139 11.887839317
0.999993861 0.002816804 0.002148172 0.230765238 -0.002820833 0.999994218 0.001874493 -0.368078977 -0.002142880 -0.001880541 0.999995887 12.266660690
0.999993742 0.002600121 0.002388612 0.238371581 -0.002605666 0.999993920 0.002321384 -0.383432150 -0.002382562 -0.002327594 0.999994397 12.658816338
0.999993861 0.002513734 0.002445249 0.243705750 -0.002520147 0.999993384 0.002623102 -0.396327168 -0.002438639 -0.002629249 0.999993503 13.059549332
0.999993503 0.002409220 0.002681310 0.253639042 -0.002415610 0.999994159 0.002382713 -0.404396623 -0.002675555 -0.002389175 0.999993563 13.463905334
0.999993205 0.002348671 0.002813704 0.261029959 -0.002355966 0.999993801 0.002592412 -0.412792861 -0.002807598 -0.002599024 0.999992669 13.879220009
0.999992073 0.002740292 0.002887777 0.268322438 -0.002747344 0.999993265 0.002440954 -0.421944082 -0.002881069 -0.002448868 0.999992788 14.285571098
0.999992490 0.002659897 0.002814965 0.278402627 -0.002665554 0.999994457 0.002007936 -0.433722258 -0.002809607 -0.002015424 0.999993980 14.702956200
0.999992430 0.002026076 0.003298789 0.291761667 -0.002034634 0.999994695 0.002593000 -0.449876130 -0.003293516 -0.002599692 0.999991179 15.146072388
0.999988675 0.002793417 0.003851588 0.295536757 -0.002804674 0.999991775 0.002920425 -0.465225875 -0.003843399 -0.002931195 0.999988317 15.572259903
0.999990523 0.002003528 0.003866764 0.303512901 -0.002011876 0.999995649 0.002156276 -0.472979248 -0.003862427 -0.002164035 0.999990225 16.006771088
0.999985218 0.003074811 0.004488198 0.312397957 -0.003086946 0.999991596 0.002699377 -0.487269104 -0.004479860 -0.002713192 0.999986291 16.446384430
0.999986410 0.002880767 0.004360562 0.325315654 -0.002890676 0.999993265 0.002267999 -0.498292387 -0.004353999 -0.002280573 0.999987900 16.892156601
0.999981999 0.003198900 0.005079658 0.330689818 -0.003214966 0.999989808 0.003157498 -0.523033798 -0.005069506 -0.003173772 0.999982119 17.353755951
0.999983549 0.002716046 0.005048251 0.336279511 -0.002732198 0.999991119 0.003195263 -0.534265578 -0.005039528 -0.003209003 0.999982178 17.800634384
0.999984026 0.002399896 0.005124090 0.350167125 -0.002412911 0.999993861 0.002535156 -0.541094482 -0.005117975 -0.002547479 0.999983668 18.270463943
0.999980450 0.002737728 0.005626475 0.366739810 -0.002752996 0.999992549 0.002707674 -0.553681314 -0.005619020 -0.002723111 0.999980509 18.761314392
0.999976814 0.003641163 0.005755596 0.373105705 -0.003656414 0.999989867 0.002641490 -0.565460622 -0.005745918 -0.002662474 0.999979913 19.235387802
0.999975324 0.003638247 0.005997286 0.386207789 -0.003653270 0.999990344 0.002496132 -0.584119856 -0.005988146 -0.002517981 0.999978900 19.721282959
0.999975324 0.003872971 0.005858842 0.392374277 -0.003890066 0.999988198 0.002909264 -0.599962413 -0.005847506 -0.002931983 0.999978602 20.207502365
0.999972641 0.003774784 0.006358815 0.405986607 -0.003792083 0.999989152 0.002710610 -0.616626501 -0.006348514 -0.002734649 0.999976099 20.668214798
0.999975264 0.003696186 0.005989072 0.415913433 -0.003714545 0.999988437 0.003057259 -0.629923522 -0.005977701 -0.003079430 0.999977350 21.182096481
0.999979317 0.003513202 0.005380378 0.425980270 -0.003528351 0.999989808 0.002808782 -0.638439476 -0.005370455 -0.002827708 0.999981582 21.685766220
0.999981105 0.003705771 0.004893411 0.440830886 -0.003719242 0.999989271 0.002746482 -0.650732338 -0.004883181 -0.002764631 0.999984205 22.197288513
0.999985874 0.003446524 0.004027843 0.459943593 -0.003457008 0.999990642 0.002598851 -0.664434969 -0.004018849 -0.002612739 0.999988496 22.704673767
0.999981225 0.004228359 0.004441631 0.456496298 -0.004240647 0.999987304 0.002761029 -0.678286612 -0.004429899 -0.002779813 0.999986291 23.229257584
0.999980807 0.004642306 0.004104765 0.464397132 -0.004653357 0.999985516 0.002686718 -0.691082716 -0.004092233 -0.002705767 0.999987960 23.746332169
0.999988675 0.003214698 0.003492111 0.472114235 -0.003223403 0.999991715 0.002490001 -0.710202575 -0.003484077 -0.002501229 0.999990821 24.266035080
0.999986589 0.004323129 0.002820663 0.489392579 -0.004330994 0.999986649 0.002788326 -0.726823092 -0.002808571 -0.002800505 0.999992132 24.788164139
0.999988258 0.004304052 0.002229630 0.499967784 -0.004311496 0.999985218 0.003345513 -0.743973374 -0.002215198 -0.003355087 0.999991894 25.327119827
0.999988258 0.004522858 0.001717818 0.505983770 -0.004528518 0.999984264 0.003305703 -0.758909702 -0.001702840 -0.003313444 0.999993086 25.869394302
0.999989390 0.004434065 0.001248093 0.517522395 -0.004438184 0.999984562 0.003316996 -0.774439633 -0.001233366 -0.003322500 0.999993742 26.418016434
0.999992192 0.003857403 0.000880092 0.530478358 -0.003860543 0.999986112 0.003592940 -0.787844718 -0.000866220 -0.003596310 0.999993145 26.967576981
0.999990761 0.004280944 0.000439738 0.541896522 -0.004282550 0.999983847 0.003716324 -0.805857778 -0.000423822 -0.003718173 0.999993026 27.510210037
0.999987006 0.005089683 0.000285770 0.550236285 -0.005090555 0.999982059 0.003140374 -0.814470351 -0.000269782 -0.003141788 0.999995053 28.069339752
0.999987304 0.005027862 -0.000174474 0.563788176 -0.005027247 0.999981701 0.003369172 -0.826598287 0.000191410 -0.003368252 0.999994278 28.607200623
0.999987841 0.004929072 -0.000211489 0.568782151 -0.004928181 0.999979734 0.004027135 -0.853926063 0.000231335 -0.004026045 0.999991834 29.134071350
0.999988794 0.004729202 -0.000490679 0.573929608 -0.004727231 0.999981046 0.003943057 -0.868503511 0.000509317 -0.003940692 0.999992132 29.675136566
0.999986887 0.005010547 -0.001060292 0.584753096 -0.005006823 0.999981344 0.003486098 -0.872826934 0.001077740 -0.003480744 0.999993384 30.226984024
0.999983907 0.005540630 -0.001150748 0.594690323 -0.005536483 0.999978244 0.003575597 -0.887047708 0.001170534 -0.003569169 0.999992967 30.775619507
0.999983311 0.005605652 -0.001399705 0.607060909 -0.005600655 0.999977946 0.003549706 -0.901297271 0.001419573 -0.003541807 0.999992728 31.317724228
0.999974132 0.007101003 -0.001090644 0.609358013 -0.007097315 0.999969184 0.003348466 -0.910533190 0.001114388 -0.003340639 0.999993801 31.869623184
0.999982357 0.005622354 -0.001913531 0.628241003 -0.005616385 0.999979377 0.003110445 -0.925644279 0.001930980 -0.003099643 0.999993324 32.414527893
0.999982297 0.005521051 -0.002235073 0.627555668 -0.005514410 0.999980450 0.002966086 -0.937803268 0.002251405 -0.002953708 0.999993086 32.959560394
0.999983430 0.005141585 -0.002599473 0.648091674 -0.005133999 0.999982536 0.002916358 -0.949920118 0.002614423 -0.002902963 0.999992311 33.510044098
0.999981761 0.005370136 -0.002762607 0.656423151 -0.005361425 0.999980688 0.003151460 -0.967139304 0.002779477 -0.003136591 0.999991238 34.052650452
0.999980271 0.005470512 -0.003083320 0.664170384 -0.005461125 0.999980450 0.003045060 -0.981027544 0.003099918 -0.003028162 0.999990523 34.588260651
0.999978781 0.005353341 -0.003725116 0.677310765 -0.005341700 0.999980867 0.003128226 -1.002302766 0.003741791 -0.003108261 0.999988139 35.115444183
0.999977946 0.005207684 -0.004102706 0.691295087 -0.005196443 0.999982774 0.002745891 -1.008999348 0.004116935 -0.002724512 0.999987781 35.661926270
0.999976277 0.005376383 -0.004303713 0.700947702 -0.005363372 0.999981046 0.003029242 -1.022103429 0.004319918 -0.003006088 0.999986172 36.190795898
0.999976277 0.005345487 -0.004346997 0.709398508 -0.005333452 0.999981999 0.002775274 -1.033725977 0.004361753 -0.002752024 0.999986708 36.743865967
0.999976754 0.005162126 -0.004454684 0.721881032 -0.005150599 0.999983370 0.002595440 -1.046712756 0.004468009 -0.002572434 0.999986708 37.291091919
0.999973297 0.005447126 -0.004864221 0.733697295 -0.005436364 0.999982715 0.002222979 -1.059410810 0.004876244 -0.002196476 0.999985695 37.842891693
0.999971926 0.005131201 -0.005456498 0.746793449 -0.005112796 0.999981225 0.003381520 -1.080518007 0.005473747 -0.003353527 0.999979377 38.388942719
0.999971509 0.005653040 -0.004991534 0.747035265 -0.005640281 0.999980748 0.002566436 -1.085087180 0.005005946 -0.002538210 0.999984264 38.951740265
0.999974906 0.004928939 -0.005087063 0.761967719 -0.004920172 0.999986351 0.001734692 -1.091751575 0.005095544 -0.001709619 0.999985576 39.475395203
0.999975085 0.005178540 -0.004796298 0.765540719 -0.005168196 0.999984324 0.002166511 -1.112738729 0.004807442 -0.002141669 0.999986112 40.038982391
0.999972641 0.005233659 -0.005232280 0.781937897 -0.005221605 0.999983668 0.002314843 -1.132146239 0.005244309 -0.002287458 0.999983549 40.578422546
0.999972224 0.005656719 -0.004864949 0.784332991 -0.005647812 0.999982357 0.001842562 -1.141319633 0.004875286 -0.001815034 0.999986470 41.133857727
0.999973297 0.005108443 -0.005227793 0.794458032 -0.005097747 0.999984920 0.002057236 -1.158513665 0.005238221 -0.002030531 0.999984205 41.658882141
0.999972641 0.005906661 -0.004465371 0.797082186 -0.005897621 0.999980628 0.002034970 -1.171939373 0.004477303 -0.002008579 0.999988019 42.208713531
0.999973416 0.004795469 -0.005495993 0.811755836 -0.004782680 0.999985814 0.002337798 -1.194482088 0.005507125 -0.002311450 0.999982178 42.718452454
0.999973893 0.004922413 -0.005290471 0.817598224 -0.004910062 0.999985158 0.002345086 -1.202062130 0.005301937 -0.002319049 0.999983251 43.283660889
0.999974728 0.004962921 -0.005086498 0.813830018 -0.004949139 0.999984086 0.002718247 -1.222614050 0.005099908 -0.002693006 0.999983370 43.861049652
0.999973238 0.005132977 -0.005207124 0.824462652 -0.005118725 0.999983132 0.002746398 -1.235394716 0.005221133 -0.002719671 0.999982655 44.405269623
0.999969542 0.006248756 -0.004677574 0.823441982 -0.006234409 0.999975860 0.003075663 -1.260030389 0.004696678 -0.003046409 0.999984324 44.914665222
0.999971926 0.005295362 -0.005302463 0.845549285 -0.005285420 0.999984264 0.001887080 -1.260308385 0.005312372 -0.001859002 0.999984145 45.485671997
0.999970257 0.005600233 -0.005298324 0.854523301 -0.005590334 0.999982595 0.001881063 -1.274723887 0.005308766 -0.001851388 0.999984205 46.022777557
0.999971390 0.005527105 -0.005166419 0.861125231 -0.005513254 0.999981105 0.002691429 -1.302802682 0.005181197 -0.002662868 0.999983013 46.581508636
0.999966681 0.006337005 -0.005173684 0.874837577 -0.006325637 0.999977529 0.002210782 -1.310728073 0.005187578 -0.002177981 0.999984145 47.121601105
0.999971926 0.005617223 -0.004959050 0.880641103 -0.005600540 0.999978662 0.003371476 -1.333544135 0.004977883 -0.003343608 0.999981999 47.674999237
0.999967396 0.005608342 -0.005809763 0.897126436 -0.005590987 0.999979854 0.002999273 -1.347678661 0.005826467 -0.002966694 0.999978602 48.229148865
0.999968290 0.006044754 -0.005181115 0.898581564 -0.006031787 0.999978602 0.002514840 -1.355386615 0.005196206 -0.002483509 0.999983370 48.751285553
0.999970138 0.005979249 -0.004918077 0.903153777 -0.005969974 0.999980390 0.001898466 -1.362807035 0.004929333 -0.001869048 0.999986112 49.294303894
0.999965906 0.006781240 -0.004741348 0.909216285 -0.006771949 0.999975145 0.001973153 -1.380181074 0.004754611 -0.001940977 0.999986827 49.832256317
0.999967396 0.006715244 -0.004490276 0.914548755 -0.006706587 0.999975562 0.001940126 -1.392388344 0.004503195 -0.001909949 0.999988019 50.363388062
0.999971628 0.006315523 -0.004116531 0.915251017 -0.006305782 0.999977291 0.002374435 -1.411108255 0.004131434 -0.002348410 0.999988735 50.891479492
0.999965787 0.006933801 -0.004513874 0.929510415 -0.006924266 0.999973774 0.002124248 -1.423986673 0.004528484 -0.002092921 0.999987543 51.441810608
0.999963403 0.007159286 -0.004687716 0.935899734 -0.007149106 0.999972045 0.002184770 -1.436581850 0.004703227 -0.002151177 0.999986649 51.978355408
0.999971449 0.005816198 -0.004824196 0.951462746 -0.005804582 0.999980211 0.002418351 -1.458834291 0.004838167 -0.002390279 0.999985456 52.514484406
0.999964058 0.007111499 -0.004608917 0.952405870 -0.007100688 0.999971986 0.002357835 -1.468547583 0.004625555 -0.002325024 0.999986589 53.050373077
0.999961376 0.007502007 -0.004577128 0.960979581 -0.007492629 0.999969780 0.002062693 -1.482072592 0.004592464 -0.002028319 0.999987423 53.590755463
0.999962747 0.007475489 -0.004318133 0.960819125 -0.007467637 0.999970376 0.001832024 -1.499363303 0.004331701 -0.001799710 0.999988973 54.127120972
0.999959826 0.007923198 -0.004198452 0.965636909 -0.007914823 0.999966681 0.002007821 -1.515997887 0.004214219 -0.001974510 0.999989152 54.656700134
0.999957502 0.008051547 -0.004497859 0.975987852 -0.008041685 0.999965191 0.002206606 -1.530294299 0.004515470 -0.002170342 0.999987423 55.208843231
0.999961793 0.007755367 -0.004034069 0.985528290 -0.007748625 0.999968588 0.001684180 -1.539231420 0.004047004 -0.001652857 0.999990463 55.734874725
0.999961495 0.007578029 -0.004428060 0.999637008 -0.007568538 0.999968946 0.002156172 -1.558314085 0.004444262 -0.002122575 0.999987841 56.258449554
0.999959528 0.008061511 -0.003995427 1.006871700 -0.008054044 0.999965787 0.001881252 -1.573347807 0.004010456 -0.001848997 0.999990225 56.801994324
0.999959350 0.008154701 -0.003870659 1.011180043 -0.008147511 0.999965072 0.001870111 -1.584678411 0.003885775 -0.001838499 0.999990702 57.339935303
0.999958515 0.008241620 -0.003875786 1.021088481 -0.008234833 0.999964535 0.001763520 -1.602085471 0.003890183 -0.001731531 0.999990940 57.881736755
0.999959588 0.008149422 -0.003797752 1.032029629 -0.008143120 0.999965429 0.001671791 -1.614623904 0.003811245 -0.001640798 0.999991357 58.417911530
0.999957204 0.008455053 -0.003741695 1.036607623 -0.008448628 0.999962747 0.001729788 -1.626093745 0.003756182 -0.001698102 0.999991477 58.946693420
0.999957025 0.008446724 -0.003822842 1.050250292 -0.008440378 0.999962986 0.001673187 -1.642829895 0.003836834 -0.001640849 0.999991298 59.476459503
0.999957383 0.008387874 -0.003842762 1.056823254 -0.008382413 0.999963820 0.001434920 -1.659093142 0.003854659 -0.001402647 0.999991536 60.002010345
0.999953330 0.008899794 -0.003766427 1.064175367 -0.008895389 0.999959707 0.001184844 -1.668052673 0.003776820 -0.001151285 0.999992192 60.558937073
0.999955893 0.008598999 -0.003778652 1.078707218 -0.008592883 0.999961734 0.001631331 -1.690746546 0.003792535 -0.001598790 0.999991536 61.069023132
0.999956071 0.008562123 -0.003807629 1.090383887 -0.008555884 0.999961972 0.001651918 -1.701381445 0.003821628 -0.001619268 0.999991298 61.601215363
0.999953210 0.009088146 -0.003350580 1.089497328 -0.009082370 0.999957263 0.001735203 -1.718078494 0.003366207 -0.001704690 0.999992907 62.131759644
0.999949932 0.009435345 -0.003324099 1.100295663 -0.009430835 0.999954581 0.001369870 -1.734783530 0.003336872 -0.001338453 0.999993563 62.655780792
0.999948502 0.009663030 -0.003098465 1.107109785 -0.009659167 0.999952555 0.001258974 -1.747445226 0.003110484 -0.001228981 0.999994397 63.188560486
0.999944091 0.010166874 -0.002905007 1.110096216 -0.010162948 0.999947369 0.001363642 -1.766707778 0.002918718 -0.001334042 0.999994874 63.720691681
0.999944389 0.010117777 -0.002950916 1.121045709 -0.010113442 0.999947786 0.001479998 -1.782292366 0.002965736 -0.001450072 0.999994516 64.233078003
0.999950945 0.009470203 -0.002895292 1.131134272 -0.009466993 0.999954581 0.001120728 -1.791483402 0.002905773 -0.001093263 0.999995172 64.768089294
0.999953091 0.009048722 -0.003458184 1.145938754 -0.009043653 0.999958158 0.001478943 -1.809448481 0.003471421 -0.001447599 0.999992907 65.289520264
0.999958694 0.008558404 -0.003071234 1.153627276 -0.008554650 0.999962687 0.001233365 -1.822263718 0.003081675 -0.001207041 0.999994516 65.828330994
0.999953508 0.009044849 -0.003349190 1.161139369 -0.009041674 0.999958634 0.000962278 -1.833982944 0.003357756 -0.000931951 0.999993920 66.356224060
0.999951005 0.009360765 -0.003212646 1.168736458 -0.009357776 0.999955714 0.000943578 -1.850000978 0.003221336 -0.000913469 0.999994397 66.890396118
0.999952257 0.009170353 -0.003374211 1.181626678 -0.009167305 0.999957502 0.000917830 -1.863944292 0.003382485 -0.000886853 0.999993861 67.427665710
0.999951839 0.009312456 -0.003093987 1.187199354 -0.009309963 0.999956310 0.000818186 -1.881963134 0.003101471 -0.000789341 0.999994814 67.954803467
0.999950171 0.009524444 -0.002992465 1.194910645 -0.009522551 0.999954581 0.000646054 -1.895883322 0.002998481 -0.000617526 0.999995232 68.492340088
0.999944150 0.010022584 -0.003336929 1.206215858 -0.010020009 0.999949515 0.000787214 -1.911690593 0.003344651 -0.000753734 0.999994099 69.019981384
0.999946594 0.009795971 -0.003294751 1.217052698 -0.009794908 0.999951959 0.000339385 -1.928322911 0.003297918 -0.000307095 0.999994516 69.548179626
0.999948323 0.009589050 -0.003393208 1.226132274 -0.009588636 0.999954045 0.000138469 -1.945141673 0.003394380 -0.000105925 0.999994278 70.094909668
0.999950767 0.009396002 -0.003197061 1.232460737 -0.009394921 0.999955773 0.000353169 -1.957204461 0.003200237 -0.000323116 0.999994814 70.611648560
0.999951363 0.009277414 -0.003333095 1.240255237 -0.009276732 0.999956965 0.000219764 -1.971058846 0.003334991 -0.000188833 0.999994397 71.154205322
0.999955893 0.008817743 -0.003238995 1.251748681 -0.008816880 0.999961019 0.000280242 -1.983574510 0.003241340 -0.000251672 0.999994695 71.680915833
0.999946475 0.009936495 -0.002879382 1.250262380 -0.009937331 0.999950588 -0.000276481 -1.998373985 0.002876493 0.000305080 0.999995768 72.225593567
0.999948025 0.009687812 -0.003164227 1.267533541 -0.009687158 0.999953032 0.000221632 -2.020140409 0.003166225 -0.000190968 0.999994993 72.753959656
0.999947011 0.009748296 -0.003317070 1.280635834 -0.009746285 0.999952257 0.000621972 -2.034541845 0.003322975 -0.000589610 0.999994278 73.275978088
0.999946594 0.009875331 -0.003018355 1.286365151 -0.009874343 0.999951184 0.000342585 -2.051502705 0.003021591 -0.000312762 0.999995410 73.808013916
0.999948800 0.009741331 -0.002746381 1.292954683 -0.009739944 0.999952435 0.000517902 -2.065904379 0.002751296 -0.000491126 0.999996066 74.343292236
0.999951959 0.009230643 -0.003290531 1.309652209 -0.009228533 0.999957204 0.000656139 -2.082858324 0.003296446 -0.000625741 0.999994338 74.885200500
0.999946535 0.009829906 -0.003215046 1.320045114 -0.009829571 0.999951601 0.000119930 -2.095026731 0.003216070 -0.000088322 0.999994814 75.410156250
0.999939978 0.010586676 -0.002811226 1.322333574 -0.010586637 0.999944091 0.000029193 -2.111016035 0.002811377 0.000000570 0.999996066 75.931289673
0.999942660 0.010413319 -0.002490006 1.330089331 -0.010413685 0.999945700 -0.000133503 -2.125150681 0.002488481 0.000159425 0.999996901 76.465469360
0.999938548 0.010858675 -0.002215047 1.334832907 -0.010858849 0.999941051 -0.000066955 -2.141369104 0.002214189 0.000091004 0.999997556 76.997825623
0.999943972 0.010243542 -0.002647321 1.341944218 -0.010243555 0.999947488 0.000008432 -2.154445648 0.002647269 0.000018687 0.999996483 77.536415100
0.999946117 0.010025602 -0.002690139 1.358348846 -0.010026399 0.999949694 -0.000283669 -2.169415712 0.002687160 0.000310626 0.999996364 78.059600830
0.999941707 0.010608150 -0.002062878 1.363709331 -0.010608877 0.999943674 -0.000342525 -2.180646658 0.002059129 0.000364390 0.999997795 78.594383240
0.999941945 0.010561557 -0.002128040 1.371126056 -0.010562353 0.999944150 -0.000364261 -2.197431803 0.002124074 0.000386717 0.999997675 79.131713867
0.999942601 0.010516581 -0.002058276 1.383064508 -0.010517334 0.999944627 -0.000355081 -2.213927746 0.002054428 0.000376708 0.999997795 79.650550842
0.999944568 0.010480362 -0.000984188 1.387193322 -0.010480996 0.999944866 -0.000641478 -2.225313187 0.000977411 0.000651758 0.999999225 80.198837280
0.999935269 0.011349297 0.000729196 1.394690514 -0.011348421 0.999934852 -0.001197314 -2.239484549 -0.000742737 0.001188961 0.999999046 80.730300903
0.999941885 0.010713696 0.001177628 1.410364151 -0.010712082 0.999941647 -0.001373190 -2.252388000 -0.001192271 0.001360495 0.999998391 81.277503967
0.999935508 0.010986624 0.002860646 1.412178516 -0.010982277 0.999938488 -0.001531018 -2.267039537 -0.002877291 0.001499502 0.999994695 81.834945679
0.999914050 0.011627735 0.006034521 1.433748603 -0.011621864 0.999931872 -0.001007081 -2.289654255 -0.006045820 0.000936863 0.999981284 82.380226135
0.999889553 0.011279878 0.009673350 1.452004910 -0.011269464 0.999935806 -0.001130360 -2.300047874 -0.009685481 0.001021222 0.999952555 82.923774719
0.999856293 0.011321686 0.012618171 1.465647697 -0.011303274 0.999934912 -0.001529597 -2.305747271 -0.012634669 0.001386750 0.999919236 83.475395203
0.999796987 0.011104585 0.016814295 1.494948864 -0.011080647 0.999937475 -0.001516221 -2.325759888 -0.016830085 0.001329599 0.999857485 84.033226013
0.999681354 0.010973323 0.022730969 1.524009109 -0.010936623 0.999938667 -0.001738208 -2.333176374 -0.022748644 0.001489054 0.999740124 84.576164246
0.999527752 0.010403464 0.028914504 1.547107935 -0.010325668 0.999942601 -0.002838580 -2.329868078 -0.028942380 0.002538678 0.999577880 85.169364929
0.999328613 0.011099944 0.034915477 1.580295205 -0.011031651 0.999936819 -0.002147976 -2.358131647 -0.034937114 0.001761358 0.999388099 85.702545166
0.999018371 0.010717173 0.042982314 1.629607916 -0.010622876 0.999940634 -0.002421661 -2.368017197 -0.043005727 0.001962688 0.999072850 86.279350281
0.998610437 0.010751310 0.051590707 1.670054197 -0.010629894 0.999940157 -0.002627277 -2.387951851 -0.051615857 0.002075223 0.998664796 86.816406250
0.998239458 0.010507445 0.058374185 1.724078178 -0.010391465 0.999943376 -0.002290046 -2.408662081 -0.058394935 0.001679421 0.998292148 87.380111694
0.997659385 0.009752696 0.067680299 1.775480747 -0.009590035 0.999950290 -0.002727837 -2.426073313 -0.067703523 0.002072396 0.997703314 87.924835205
0.996953547 0.009485751 0.077418707 1.852661610 -0.009219726 0.999950290 -0.003792906 -2.438159466 -0.077450819 0.003067571 0.996991456 88.465324402
0.996246040 0.009238530 0.086072564 1.914788723 -0.008979998 0.999953926 -0.003390385 -2.453508854 -0.086099923 0.002604727 0.996283114 89.030494690
0.995579243 0.008743028 0.093517162 1.982161045 -0.008475960 0.999958813 -0.003252629 -2.476369143 -0.093541719 0.002445602 0.995612383 89.576850891
0.994580328 0.008500954 0.103622481 2.062666893 -0.008173898 0.999960184 -0.003580467 -2.488871574 -0.103648767 0.002714063 0.994610369 90.104949951
0.993481874 0.009049254 0.113629729 2.147889137 -0.008709485 0.999956012 -0.003486212 -2.505022287 -0.113656282 0.002473832 0.993517041 90.658966064
0.992370784 0.007480046 0.123062260 2.234197617 -0.007025623 0.999966919 -0.004126149 -2.525463820 -0.123089045 0.003230081 0.992390394 91.189102173
0.990839481 0.008412634 0.134782493 2.324917793 -0.007984717 0.999961197 -0.003715132 -2.541104555 -0.134808525 0.002604900 0.990868270 91.725868225
0.988993347 0.008147464 0.147735447 2.418587685 -0.007652709 0.999963045 -0.003917040 -2.569433689 -0.147761881 0.002743350 0.989019156 92.266777039
0.987388670 0.007590752 0.158132762 2.523292542 -0.007001979 0.999966323 -0.004280085 -2.584095955 -0.158159941 0.003118865 0.987408519 92.806282043
0.985626519 0.007976364 0.168750629 2.645523071 -0.007389529 0.999964237 -0.004105260 -2.608973026 -0.168777317 0.002799265 0.985650241 93.392448425
0.983377099 0.007444612 0.181422412 2.772306442 -0.006821482 0.999968469 -0.004058422 -2.628894806 -0.181446910 0.002753389 0.983396888 93.934028625
0.981009305 0.007787980 0.193804339 2.902259827 -0.007088503 0.999965608 -0.004302402 -2.644992590 -0.193831176 0.002846913 0.981030762 94.485572815
0.978966892 0.007071575 0.203896716 3.031873703 -0.006393243 0.999971569 -0.003985364 -2.667107344 -0.203919113 0.002597979 0.978984296 95.021690369
0.976100445 0.007387912 0.217194438 3.174728394 -0.006777692 0.999970675 -0.003554364 -2.690201998 -0.217214331 0.001997339 0.976121902 95.556259155
0.973150909 0.006320419 0.230081216 3.328033447 -0.005475861 0.999975741 -0.004309030 -2.707346201 -0.230102912 0.002933444 0.973161817 96.117164612
0.970350266 0.006008732 0.241628811 3.478862762 -0.005112844 0.999977589 -0.004334536 -2.716095686 -0.241649449 0.002970607 0.970359087 96.646125793
0.967675269 0.005238029 0.252145082 3.650270462 -0.004102689 0.999978900 -0.005028244 -2.746964693 -0.252166122 0.003831235 0.967676401 97.183609009
0.964120924 0.004980872 0.265416414 3.821228027 -0.003992863 0.999982953 -0.004261921 -2.772280216 -0.265433103 0.003049237 0.964124382 97.705863953
0.960678101 0.004126561 0.277633965 3.997716904 -0.003052684 0.999986053 -0.004300111 -2.795444727 -0.277647853 0.003283494 0.960677326 98.223480225
0.957178593 0.004396564 0.289464742 4.181415558 -0.003117874 0.999983251 -0.004878411 -2.809055328 -0.289481372 0.003766996 0.957176149 98.791450500
0.952790797 0.004976618 0.303586781 4.371786118 -0.003781697 0.999982595 -0.004523796 -2.827116489 -0.303604037 0.003162157 0.952793062 99.326980591
0.948322535 0.003437916 0.317289352 4.576385498 -0.002158570 0.999988079 -0.004383548 -2.852189779 -0.317300677 0.003472126 0.948318541 99.831352234
0.944425702 0.003181856 0.328709394 4.782602310 -0.001905049 0.999989331 -0.004206283 -2.869497061 -0.328719229 0.003346315 0.944421709 100.348747253
0.939531088 0.003721608 0.342443407 4.977939606 -0.002335726 0.999987304 -0.004459344 -2.895369530 -0.342455655 0.003389838 0.939527869 100.884124756
0.934207618 0.003111366 0.356716216 5.198379517 -0.001577478 0.999988198 -0.004590871 -2.908668280 -0.356726319 0.003726115 0.934201479 101.396789551
0.929534972 0.003217828 0.368720114 5.425447464 -0.001870987 0.999990225 -0.004010221 -2.928746700 -0.368729413 0.003037770 0.929531813 101.914291382
0.924743235 0.001654634 0.380587995 5.663454056 0.000112883 0.999989450 -0.004621806 -2.967734575 -0.380591571 0.004316946 0.924733162 102.462455750
0.918771148 0.001636902 0.394787312 5.903625488 -0.000152842 0.999992907 -0.003790556 -2.987417698 -0.394790649 0.003422313 0.918764710 102.961868286
0.913042188 0.000593500 0.407865018 6.173595428 0.000959627 0.999993026 -0.003603337 -3.020089626 -0.407864362 0.003681397 0.913035154 103.509185791
0.908272862 -0.000303059 0.418378264 6.427379608 0.002017041 0.999991357 -0.003654508 -3.033788443 -0.418373495 0.004163176 0.908265531 103.985794067
0.902275562 -0.001058161 0.431158781 6.697387695 0.002900025 0.999989271 -0.003614613 -3.063602448 -0.431150377 0.004511748 0.902268827 104.516098022
0.895567656 -0.000782204 0.444924772 6.963745117 0.002635821 0.999990344 -0.003547476 -3.074297667 -0.444917649 0.004349747 0.895560920 105.005256653
0.889788687 -0.001731651 0.456369460 7.254093170 0.004011285 0.999983847 -0.004026504 -3.097197771 -0.456355095 0.005413366 0.889781296 105.518455505
0.884006977 -0.002421744 0.467467487 7.531791687 0.004554849 0.999983728 -0.003432997 -3.116353750 -0.467451513 0.005164037 0.884003639 105.987350464
0.876400828 -0.001693298 0.481579453 7.810443878 0.003859338 0.999986410 -0.003507318 -3.138466358 -0.481566966 0.004932394 0.876395404 106.473800659
0.869345486 -0.001987570 0.494200945 8.099372864 0.004402698 0.999983370 -0.003723038 -3.156545162 -0.494185269 0.005412423 0.869339764 106.928390503
0.863110423 -0.002918661 0.505006731 8.410263062 0.005388045 0.999979615 -0.003429413 -3.172981024 -0.504986465 0.005680962 0.863108516 107.414535522
