1.000000000 0.000000000 0.000000000 0.000000000 0.000000000 1.000000000 0.000000000 0.000000000 0.000000000 0.000000000 1.000000000 0.000000000
1.000000000 0.000041866 0.000009042 0.000332881 -0.000041867 1.000000000 0.000129039 -0.000564638 -0.000009037 -0.000129040 1.000000000 0.000208866
1.000000000 0.000058787 -0.000180976 0.001589168 -0.000058780 1.000000000 0.000041811 0.000047497 0.000180978 -0.000041800 1.000000000 -0.000227308
1.000000000 0.000096135 -0.000034406 0.000414924 -0.000096133 1.000000000 0.000055340 -0.000718323 0.000034411 -0.000055337 1.000000000 0.000135799
1.000000000 0.000211059 -0.000049679 -0.000608317 -0.000211057 1.000000000 0.000044195 -0.000291885 0.000049688 -0.000044184 1.000000000 -0.000565379
1.000000000 0.000072169 -0.000025808 -0.000432969 -0.000072168 1.000000000 0.000041545 -0.000852550 0.000025811 -0.000041543 1.000000000 -0.000198591
1.000000000 -0.000078597 0.000011945 0.000420809 0.000078596 1.000000000 0.000023180 -0.000400095 -0.000011947 -0.000023179 1.000000000 -0.000261321
1.000000000 0.000018521 0.000018935 0.001141940 -0.000018523 1.000000000 0.000091680 -0.000865504 -0.000018934 -0.000091680 1.000000000 -0.000167356
1.000000000 -0.000125461 0.000100909 -0.000131618 0.000125459 1.000000000 0.000023410 -0.000189727 -0.000100912 -0.000023397 1.000000000 0.000002658
1.000000000 -0.000191326 -0.000029932 0.001462320 0.000191327 1.000000000 0.000045301 0.000080906 0.000029923 -0.000045307 1.000000000 0.000172062
1.000000000 -0.000053234 -0.000120104 0.000489089 0.000053240 1.000000000 0.000052323 -0.001007932 0.000120102 -0.000052329 1.000000000 -0.000918529
1.000000000 0.000106388 0.000128055 -0.001357208 -0.000106371 1.000000000 -0.000134340 0.001297194 -0.000128070 0.000134326 1.000000000 0.002058325
1.000000000 -0.000215619 0.000054587 -0.000257598 0.000215609 0.999999940 0.000184580 -0.000953683 -0.000054627 -0.000184569 1.000000000 0.000545104
1.000000000 0.000026746 0.000153230 -0.001427302 -0.000026759 1.000000000 0.000086190 -0.000505461 -0.000153228 -0.000086194 1.000000000 0.000824263
1.000000000 0.000191284 0.000047839 -0.000809966 -0.000191294 0.999999940 0.000206064 -0.001271375 -0.000047800 -0.000206073 1.000000000 -0.000047346
1.000000000 0.000099552 -0.000022448 -0.000307990 -0.000099553 1.000000000 -0.000028764 0.000270763 0.000022445 0.000028766 1.000000000 0.000748063
0.999999940 0.000296354 0.000266932 -0.002475881 -0.000296370 0.999999940 0.000061119 0.000340001 -0.000266914 -0.000061198 0.999999940 0.001740419
1.000000000 0.000071354 -0.000042402 -0.000233949 -0.000071354 1.000000000 -0.000001520 -0.000045111 0.000042402 0.000001523 1.000000000 0.001480350
1.000000000 -0.000054811 -0.000037790 0.000209195 0.000054818 1.000000000 0.000184558 -0.001506956 0.000037780 -0.000184560 1.000000000 0.000260193
1.000000000 0.000001022 -0.000018508 0.000223309 -0.000001023 1.000000000 -0.000026086 -0.000011524 0.000018508 0.000026087 1.000000000 0.000842848
1.000000000 0.000224336 0.000010549 -0.001000889 -0.000224336 1.000000000 0.000013162 -0.000195125 -0.000010546 -0.000013165 1.000000000 0.000944154
1.000000000 0.000020670 -0.000085785 0.000141701 -0.000020669 1.000000000 0.000012910 0.000275838 0.000085785 -0.000012909 1.000000000 0.000208610
1.000000000 0.000054946 0.000014863 -0.000372699 -0.000054948 1.000000000 0.000110618 -0.000326395 -0.000014857 -0.000110619 1.000000000 0.002714046
0.999999940 0.000238649 0.000181438 -0.001084641 -0.000238662 0.999999940 0.000068646 0.000227902 -0.000181422 -0.000068689 1.000000000 0.000174007
1.000000000 0.000027078 -0.000042707 0.000354015 -0.000027074 1.000000000 0.000080455 0.000218876 0.000042709 -0.000080454 1.000000000 0.000970365
1.000000000 0.000065491 0.000032739 -0.000653796 -0.000065486 1.000000000 -0.000143254 0.001499895 -0.000032748 0.000143252 1.000000000 0.000127687
1.000000000 0.000126058 0.000064047 -0.000728292 -0.000126050 1.000000000 -0.000121197 0.000304232 -0.000064062 0.000121189 1.000000000 -0.001462728
1.000000000 0.000195617 0.000114681 -0.001186031 -0.000195605 1.000000000 -0.000103540 0.000974488 -0.000114701 0.000103518 1.000000000 0.002485447
1.000000000 0.000018412 0.000030893 -0.001686999 -0.000018412 1.000000000 0.000015237 0.001485537 -0.000030893 -0.000015237 1.000000000 0.004299339
1.000000000 0.000085017 -0.000008633 -0.000685682 -0.000085018 1.000000000 -0.000173896 0.001870729 0.000008618 0.000173897 1.000000000 0.001758781
1.000000000 0.000150166 -0.000065115 0.000225283 -0.000150160 1.000000000 0.000095501 0.000343834 0.000065129 -0.000095491 1.000000000 0.000044425
1.000000000 0.000080233 0.000004380 -0.000464012 -0.000080233 1.000000000 0.000005416 0.000565095 -0.000004380 -0.000005416 1.000000000 0.000499239
1.000000000 -0.000005857 0.000016646 0.000121840 0.000005857 1.000000000 0.000044362 -0.000419397 -0.000016646 -0.000044362 1.000000000 0.000360915
1.000000000 0.000075295 -0.000038185 -0.000385364 -0.000075289 1.000000000 0.000160699 -0.000310937 0.000038197 -0.000160696 1.000000000 0.000986719
1.000000000 0.000116740 0.000024169 -0.000748716 -0.000116740 1.000000000 -0.000005565 0.000966094 -0.000024170 0.000005562 1.000000000 0.002796768
1.000000000 0.000194933 0.000124340 -0.001913285 -0.000194932 1.000000000 -0.000007978 0.002275042 -0.000124342 0.000007954 1.000000000 0.003314382
1.000000000 -0.000120342 0.000057135 -0.000572500 0.000120334 1.000000000 0.000138705 0.000122868 -0.000057152 -0.000138698 1.000000000 0.002099188
1.000000000 -0.000171870 0.000049657 -0.000453496 0.000171858 0.999999940 0.000236153 -0.000619213 -0.000049698 -0.000236145 1.000000000 0.000133044
1.000000000 -0.000081705 0.000125147 -0.001477307 0.000081705 1.000000000 0.000002785 0.001459530 -0.000125148 -0.000002775 1.000000000 0.002207092
1.000000000 -0.000026594 0.000190327 0.000000966 0.000026565 1.000000000 0.000155069 -0.002056927 -0.000190331 -0.000155064 0.999999940 -0.000420316
0.999999940 -0.000030227 0.000322284 -0.001753332 0.000030415 0.999999821 -0.000582595 -0.002361544 -0.000322266 0.000582605 0.999999762 0.052723832
0.999999940 0.000304244 0.000198395 -0.001167521 -0.000304004 0.999999225 -0.001209129 -0.005214099 -0.000198763 0.001209069 0.999999225 0.136303395
0.999999583 0.000910355 -0.000034001 0.001660312 -0.000910404 0.999998510 -0.001481481 -0.004884734 0.000032652 0.001481512 0.999998927 0.258354425
0.999999583 0.000920685 0.000113049 0.002622203 -0.000920579 0.999999166 -0.000930554 -0.014729600 -0.000113906 0.000930450 0.999999583 0.385585785
0.999999881 0.000491173 -0.000032591 0.007224838 -0.000491202 0.999999464 -0.000894048 -0.018823536 0.000032152 0.000894064 0.999999583 0.526431203
0.999999762 0.000719897 0.000064487 0.012762717 -0.000719846 0.999999404 -0.000785342 -0.023831995 -0.000065053 0.000785295 0.999999702 0.681149662
0.999999642 0.000804930 0.000297421 0.016392734 -0.000804686 0.999999344 -0.000820334 -0.022590799 -0.000298081 0.000820095 0.999999642 0.849899471
0.999999583 0.000722382 0.000524895 0.013416450 -0.000721992 0.999999464 -0.000742498 -0.027249247 -0.000525432 0.000742119 0.999999583 1.017224073
0.999999881 0.000349051 0.000311547 0.016373862 -0.000349042 0.999999940 -0.000029994 -0.036882117 -0.000311557 0.000029885 0.999999940 1.187593341
0.999999881 0.000304775 0.000370099 0.020656828 -0.000304839 0.999999940 0.000172340 -0.041747645 -0.000370047 -0.000172453 0.999999940 1.378480434
0.999999762 0.000549797 0.000416480 0.031458858 -0.000549556 0.999999702 -0.000579275 -0.044167899 -0.000416798 0.000579046 0.999999762 1.569117665
0.999999702 0.000630488 0.000484687 0.028286971 -0.000630454 0.999999821 -0.000070008 -0.054773845 -0.000484731 0.000069702 0.999999881 1.756881118
0.999999940 0.000012210 -0.000336255 0.042850528 -0.000012300 0.999999940 -0.000266224 -0.047729600 0.000336251 0.000266228 0.999999881 1.964958668
0.999998987 0.000801921 0.001183376 0.029355200 -0.000801088 0.999999404 -0.000704606 -0.049506292 -0.001183940 0.000703657 0.999999046 2.175309658
0.999996781 0.001772898 0.001830343 0.020643177 -0.001773346 0.999998391 0.000243447 -0.075271286 -0.001829908 -0.000246692 0.999998271 2.349957466
0.999997914 0.001366406 0.001549052 0.031290904 -0.001366830 0.999998987 0.000273013 -0.080731928 -0.001548677 -0.000275129 0.999998808 2.569028139
0.999997020 0.001648095 0.001815708 0.032546990 -0.001648495 0.999998748 0.000218500 -0.087469906 -0.001815345 -0.000221492 0.999998271 2.792654991
0.999997199 0.001789554 0.001558838 0.040132608 -0.001790215 0.999998271 0.000422458 -0.093712196 -0.001558079 -0.000425247 0.999998689 3.028773308
0.999997675 0.001394774 0.001670696 0.044739429 -0.001395222 0.999998987 0.000267174 -0.097744070 -0.001670321 -0.000269504 0.999998569 3.270832062
0.999998033 0.001204414 0.001540601 0.052481636 -0.001205123 0.999999166 0.000459139 -0.107534438 -0.001540046 -0.000460995 0.999998629 3.502764940
0.999997437 0.001413984 0.001735985 0.055045970 -0.001414246 0.999998987 0.000149435 -0.110142827 -0.001735772 -0.000151890 0.999998450 3.764288187
0.999997854 0.001423244 0.001559142 0.064606912 -0.001423803 0.999998927 0.000357014 -0.120434344 -0.001558632 -0.000359233 0.999998689 4.016840458
0.999997616 0.001393227 0.001661601 0.069037020 -0.001394153 0.999998808 0.000556518 -0.126360431 -0.001660824 -0.000558833 0.999998450 4.269490242
0.999997914 0.001428606 0.001414114 0.081659824 -0.001429740 0.999998629 0.000801204 -0.138373718 -0.001412967 -0.000803225 0.999998689 4.515366077
0.999995947 0.002004851 0.002013928 0.068799019 -0.002005051 0.999997973 0.000097271 -0.132739365 -0.002013729 -0.000101309 0.999997973 4.781810760
0.999997139 0.001300849 0.002006636 0.074502766 -0.001300509 0.999999106 -0.000170645 -0.134471014 -0.002006856 0.000168034 0.999997973 5.042816162
0.999996603 0.001657926 0.002024665 0.081771590 -0.001657904 0.999998629 -0.000012797 -0.147084579 -0.002024684 0.000009440 0.999997973 5.298569202
0.999996662 0.001983907 0.001661832 0.091507569 -0.001983776 0.999998033 -0.000080555 -0.148409307 -0.001661988 0.000077258 0.999998629 5.575103760
0.999995828 0.001856846 0.002190192 0.083011456 -0.001857552 0.999998152 0.000320126 -0.164032593 -0.002189594 -0.000324193 0.999997556 5.838062763
0.999995112 0.001930816 0.002451994 0.088021494 -0.001931827 0.999998093 0.000409877 -0.175568208 -0.002451198 -0.000414612 0.999996901 6.121094704
0.999996781 0.001637511 0.001976049 0.101683192 -0.001637798 0.999998689 0.000143717 -0.179760858 -0.001975811 -0.000146953 0.999998033 6.402849674
0.999995530 0.001776615 0.002371390 0.098489434 -0.001777019 0.999998391 0.000168368 -0.183760598 -0.002371087 -0.000172581 0.999997139 6.691717625
0.999996066 0.001857877 0.002063469 0.110344499 -0.001858708 0.999998212 0.000400910 -0.202368543 -0.002062720 -0.000404744 0.999997735 6.984030247
0.999995530 0.001860956 0.002317084 0.114785627 -0.001861042 0.999998271 0.000035036 -0.205536425 -0.002317014 -0.000039348 0.999997318 7.280438423
0.999996722 0.001285841 0.002198813 0.123851538 -0.001286492 0.999999225 0.000294721 -0.218627274 -0.002198432 -0.000297549 0.999997556 7.598310471
0.999995112 0.001748930 0.002577497 0.125526965 -0.001750407 0.999998331 0.000570701 -0.229550779 -0.002576495 -0.000575209 0.999996543 7.915376186
0.999995947 0.001788064 0.002205818 0.137464389 -0.001789936 0.999998033 0.000846867 -0.240717977 -0.002204299 -0.000850812 0.999997199 8.223722458
0.999994159 0.002117911 0.002665190 0.142870218 -0.002118833 0.999997675 0.000343070 -0.247243777 -0.002664457 -0.000348715 0.999996364 8.553557396
0.999995351 0.001418770 0.002700046 0.151648194 -0.001421420 0.999998510 0.000979741 -0.259947598 -0.002698652 -0.000983575 0.999995887 8.894227982
0.999995530 0.001506543 0.002579775 0.162867904 -0.001508877 0.999998391 0.000903099 -0.272326738 -0.002578410 -0.000906988 0.999996245 9.204739571
0.999994814 0.001720224 0.002725257 0.156395480 -0.001722369 0.999998212 0.000784954 -0.278835744 -0.002723902 -0.000789644 0.999996006 9.560068130
0.999995589 0.001540420 0.002556768 0.171798885 -0.001542671 0.999998450 0.000878984 -0.287691623 -0.002555410 -0.000882924 0.999996305 9.906617165
0.999994755 0.002007929 0.002547000 0.181873649 -0.002010057 0.999997616 0.000833228 -0.301450402 -0.002545320 -0.000838343 0.999996424 10.259983063
0.999991596 0.001685000 0.003742480 0.166011080 -0.001689592 0.999997795 0.001224351 -0.310656667 -0.003740408 -0.001230664 0.999992311 10.602362633
0.999993563 0.001820144 0.003093165 0.184189305 -0.001822360 0.999998093 0.000713741 -0.314770311 -0.003091860 -0.000719374 0.999994934 10.975984573
0.999993443 0.002095917 0.002962344 0.194724828 -0.002099857 0.999996901 0.001327523 -0.330083132 -0.002959552 -0.001333734 0.999994695 11.344536781
0.999994159 0.001801758 0.002896651 0.210367158 -0.001804938 0.999997735 0.001095326 -0.336761922 -0.002894671 -0.001100548 0.999995172 11.721017838
0.999992430 0.001648884 0.003553404 0.210275337 -0.001651346 0.999998391 0.000689880 -0.343932003 -0.003552262 -0.000695743 0.999993443 12.108737946
0.999994278 0.001303966 0.003132760 0.226020321 -0.001304940 0.999999046 0.000308597 -0.354236186 -0.003132355 -0.000312683 0.999995053 12.496969223
0.999993980 0.001303836 0.003230046 0.232959554 -0.001306462 0.999998868 0.000811095 -0.367770553 -0.003228985 -0.000815310 0.999994457 12.897951126
0.999992311 0.001764585 0.003484594 0.239039212 -0.001767523 0.999998033 0.000840239 -0.380323678 -0.003483105 -0.000846392 0.999993563 13.289106369
0.999990225 0.001725954 0.004072515 0.245386466 -0.001728108 0.999998271 0.000525552 -0.385782689 -0.004071602 -0.000532585 0.999991596 13.707985878
0.999986708 0.002568706 0.004451778 0.259790093 -0.002571807 0.999996424 0.000690809 -0.402385533 -0.004449989 -0.000702249 0.999989867 14.115627289
0.999989986 0.001628052 0.004148862 0.266944617 -0.001631481 0.999998271 0.000823243 -0.410140395 -0.004147514 -0.000830004 0.999991059 14.545994759
0.999986768 0.002082077 0.004708514 0.273898244 -0.002085806 0.999997497 0.000787264 -0.418272734 -0.004706863 -0.000797074 0.999988675 14.977336884
0.999985993 0.002194420 0.004822417 0.289751083 -0.002199003 0.999997020 0.000945194 -0.433958441 -0.004820328 -0.000955785 0.999987900 15.416116714
0.999984264 0.001905310 0.005299365 0.294384331 -0.001907642 0.999998033 0.000434892 -0.441110969 -0.005298525 -0.000444994 0.999985874 15.839666367
0.999984622 0.001345847 0.005379642 0.309652776 -0.001349449 0.999998868 0.000666018 -0.452183843 -0.005378738 -0.000673268 0.999985337 16.281494141
0.999980092 0.001493024 0.006126666 0.318176836 -0.001493285 0.999998927 0.000038044 -0.460769653 -0.006126601 -0.000047193 0.999981225 16.725736618
0.999981821 0.001648091 0.005803850 0.331555486 -0.001650886 0.999998510 0.000476812 -0.478311300 -0.005803055 -0.000486385 0.999983013 17.197961807
0.999977827 0.001809285 0.006408171 0.340905696 -0.001814125 0.999998093 0.000749545 -0.491565377 -0.006406803 -0.000761154 0.999979198 17.658943176
0.999973655 0.002352629 0.006884356 0.345986187 -0.002353914 0.999997199 0.000178563 -0.499895215 -0.006883916 -0.000194764 0.999976277 18.137905121
0.999974728 0.001752473 0.006878288 0.367367625 -0.001755154 0.999998391 0.000383820 -0.508687079 -0.006877603 -0.000395883 0.999976218 18.590173721
0.999973476 0.001926109 0.007024824 0.381723464 -0.001931757 0.999997795 0.000797282 -0.522782445 -0.007023273 -0.000810831 0.999974966 19.062191010
0.999980748 0.000656963 0.006161883 0.407964230 -0.000658517 0.999999762 0.000250211 -0.533193290 -0.006161717 -0.000254264 0.999980986 19.543592453
0.999973178 0.001557321 0.007166717 0.403379261 -0.001558681 0.999998748 0.000184268 -0.544203818 -0.007166422 -0.000195434 0.999974310 20.050365448
0.999977350 0.001865497 0.006455385 0.427152395 -0.001872892 0.999997556 0.001139720 -0.578160524 -0.006453241 -0.001151785 0.999978542 20.521867752
0.999979198 0.001862089 0.006169797 0.438925028 -0.001865778 0.999998033 0.000592349 -0.583057821 -0.006168681 -0.000603848 0.999980807 21.022272110
0.999977469 0.002256650 0.006313063 0.445735157 -0.002261703 0.999997139 0.000793366 -0.594156563 -0.006311254 -0.000807627 0.999979794 21.528041840
0.999981105 0.001640356 0.005918799 0.448039174 -0.001648296 0.999997735 0.001336794 -0.613169074 -0.005916593 -0.001346525 0.999981582 22.012655258
0.999982595 0.001789870 0.005623199 0.461474240 -0.001798259 0.999997318 0.001487066 -0.624829352 -0.005620521 -0.001497152 0.999983072 22.521715164
0.999985278 0.001424670 0.005240469 0.476112038 -0.001432701 0.999997795 0.001529047 -0.643777609 -0.005238279 -0.001536533 0.999985099 23.037769318
0.999986112 0.001424336 0.005087350 0.482303500 -0.001432254 0.999997795 0.001553045 -0.661335409 -0.005085127 -0.001560310 0.999985814 23.550682068
0.999992549 0.000842381 0.003770482 0.495693415 -0.000846083 0.999999166 0.000980337 -0.670858264 -0.003769652 -0.000983521 0.999992430 24.091308594
0.999992132 0.002200103 0.003315455 0.504424036 -0.002205099 0.999996483 0.001504152 -0.686308622 -0.003312134 -0.001511451 0.999993384 24.629541397
0.999993265 0.002356101 0.002824017 0.520223856 -0.002361919 0.999995053 0.002058621 -0.705746770 -0.002819153 -0.002065277 0.999993861 25.157339096
0.999995291 0.002019522 0.002285322 0.519747496 -0.002022264 0.999997258 0.001198231 -0.708377242 -0.002282896 -0.001202846 0.999996662 25.702083588
0.999993503 0.002645921 0.002448132 0.525772631 -0.002647994 0.999996185 0.000843971 -0.721813321 -0.002445889 -0.000850448 0.999996662 26.259826660
0.999995887 0.002066441 0.002005689 0.540198445 -0.002070101 0.999996185 0.001824107 -0.737700582 -0.002001912 -0.001828251 0.999996305 26.805919647
0.999998689 0.001337752 0.000941074 0.564698994 -0.001339792 0.999996781 0.002169710 -0.757544816 -0.000938168 -0.002170968 0.999997199 27.353673935
0.999997675 0.001977494 0.000842179 0.558734655 -0.001978806 0.999996841 0.001560497 -0.769064188 -0.000839090 -0.001562160 0.999998450 27.902423859
0.999996901 0.002251519 0.001084772 0.566029370 -0.002253824 0.999995232 0.002129188 -0.784262955 -0.001079973 -0.002131627 0.999997258 28.444953918
0.999998271 0.001726841 0.000644089 0.583323598 -0.001728212 0.999996185 0.002134382 -0.802914262 -0.000640401 -0.002135492 0.999997556 28.978349686
0.999997497 0.002233438 -0.000129543 0.592456639 -0.002233152 0.999995172 0.002163545 -0.817443848 0.000134375 -0.002163250 0.999997616 29.536701202
0.999998391 0.001721627 -0.000408754 0.602938354 -0.001720678 0.999995887 0.002310212 -0.829775631 0.000412730 -0.002309505 0.999997258 30.086645126
0.999998927 0.001468493 -0.000327805 0.617290676 -0.001467741 0.999996364 0.002284480 -0.847504020 0.000331159 -0.002283996 0.999997318 30.636615753
0.999996901 0.002430667 -0.000760341 0.616837323 -0.002429108 0.999994934 0.002044082 -0.861621022 0.000765306 -0.002042229 0.999997556 31.170900345
0.999997199 0.002333549 -0.000533538 0.626542628 -0.002332486 0.999995291 0.001982946 -0.872552574 0.000538163 -0.001981696 0.999997854 31.718597412
0.999997795 0.002040480 -0.000584592 0.639617145 -0.002039183 0.999995470 0.002210906 -0.891756773 0.000589100 -0.002209709 0.999997377 32.270141602
0.999995887 0.002622689 -0.001141897 0.645894706 -0.002620431 0.999994636 0.001974328 -0.902180791 0.001147069 -0.001971328 0.999997377 32.824317932
0.999996960 0.002162807 -0.001190651 0.653570652 -0.002160640 0.999996006 0.001817424 -0.913250983 0.001194578 -0.001814845 0.999997616 33.377819061
0.999996245 0.002589656 -0.000865427 0.660413206 -0.002588191 0.999995232 0.001689543 -0.921366394 0.000869798 -0.001687297 0.999998152 33.928188324
0.999996245 0.002294759 -0.001455354 0.673431635 -0.002291900 0.999995470 0.001963637 -0.941498458 0.001459854 -0.001960294 0.999997020 34.442844391
0.999992847 0.003612760 -0.001076491 0.670119286 -0.003610943 0.999992013 0.001685301 -0.953008354 0.001082571 -0.001681402 0.999997973 35.010116577
0.999994040 0.002971681 -0.001727648 0.690337121 -0.002969053 0.999994516 0.001521813 -0.962304533 0.001732161 -0.001516674 0.999997377 35.557220459
0.999994636 0.002313561 -0.002314792 0.706782758 -0.002309735 0.999995887 0.001654155 -0.982498944 0.002318610 -0.001648800 0.999995947 36.089542389
0.999994457 0.002297864 -0.002408424 0.719198525 -0.002294450 0.999996424 0.001419556 -0.994996071 0.002411678 -0.001414022 0.999996066 36.638290405
0.999993801 0.002362625 -0.002582335 0.730348885 -0.002358093 0.999995649 0.001756469 -1.012219667 0.002586473 -0.001750369 0.999995112 37.180854797
0.999992430 0.002940195 -0.002541619 0.740973711 -0.002936538 0.999994516 0.001441552 -1.027080655 0.002545844 -0.001434078 0.999995708 37.726215363
0.999992609 0.002196230 -0.003147740 0.758166075 -0.002194092 0.999997258 0.000682664 -1.029664636 0.003149232 -0.000675753 0.999994814 38.296413422
0.999992728 0.002435968 -0.002927463 0.754840732 -0.002429782 0.999994934 0.002114556 -1.060220361 0.002932599 -0.002107427 0.999993503 38.836391449
0.999991417 0.002857361 -0.003012890 0.763087511 -0.002852168 0.999994457 0.001726517 -1.074272871 0.003017807 -0.001717909 0.999994040 39.375553131
0.999992430 0.002499229 -0.002958997 0.774338484 -0.002494102 0.999995351 0.001734995 -1.083889842 0.002963319 -0.001727602 0.999994099 39.938205719
0.999992132 0.002856706 -0.002719761 0.776201427 -0.002853299 0.999995053 0.001255457 -1.089634061 0.002723334 -0.001247687 0.999995470 40.483348846
0.999992728 0.002801741 -0.002563792 0.789083958 -0.002797749 0.999994874 0.001559135 -1.106269956 0.002568147 -0.001551951 0.999995530 41.022533417
0.999990940 0.003406162 -0.002534250 0.790655255 -0.003402229 0.999992967 0.001554733 -1.115181923 0.002539528 -0.001546097 0.999995589 41.547191620
0.999991775 0.002417876 -0.003255752 0.807741404 -0.002413831 0.999996305 0.001245870 -1.137886763 0.003258753 -0.001238000 0.999993920 42.126747131
0.999991059 0.002743442 -0.003220506 0.817007244 -0.002739363 0.999995410 0.001270256 -1.148582220 0.003223976 -0.001261423 0.999993980 42.669639587
0.999990225 0.002934641 -0.003287491 0.831149876 -0.002928427 0.999993861 0.001893389 -1.171517611 0.003293027 -0.001883743 0.999992788 43.220001221
0.999988973 0.003052921 -0.003557776 0.848755598 -0.003045762 0.999993265 0.002015709 -1.190355062 0.003563906 -0.002004851 0.999991596 43.751392365
0.999994040 0.002336419 -0.002508732 0.818820953 -0.002330700 0.999994695 0.002280171 -1.201871634 0.002514046 -0.002274311 0.999994218 44.307373047
0.999992073 0.003298437 -0.002209846 0.827297091 -0.003292532 0.999991000 0.002670855 -1.213627100 0.002218636 -0.002663558 0.999994040 44.866996765
0.999993265 0.002835272 -0.002303166 0.841029525 -0.002830745 0.999994040 0.001966183 -1.219971895 0.002308727 -0.001959650 0.999995470 45.408908844
0.999994099 0.002468189 -0.002360845 0.844186544 -0.002463432 0.999994934 0.002015695 -1.234901071 0.002365808 -0.002009867 0.999995172 45.964237213
0.999995291 0.001413925 -0.002710737 0.861297309 -0.001409796 0.999997914 0.001524414 -1.246093988 0.002712886 -0.001520585 0.999995172 46.504890442
0.999994457 0.002424796 -0.002252576 0.865199149 -0.002420661 0.999995351 0.001836210 -1.261637807 0.002257018 -0.001830747 0.999995768 47.057987213
0.999994636 0.001965908 -0.002625745 0.874521732 -0.001961928 0.999996901 0.001517545 -1.268489599 0.002628721 -0.001512385 0.999995410 47.620849609
0.999993324 0.002201678 -0.002924920 0.889432311 -0.002197486 0.999996543 0.001435895 -1.284179091 0.002928072 -0.001429458 0.999994755 48.168720245
0.999994040 0.002331053 -0.002558222 0.899829566 -0.002326590 0.999995828 0.001745879 -1.294618487 0.002562281 -0.001739917 0.999995172 48.724662781
0.999995112 0.002105504 -0.002321019 0.892846107 -0.002102334 0.999996841 0.001367345 -1.305619955 0.002323891 -0.001362459 0.999996364 49.265933990
0.999995053 0.002195115 -0.002261629 0.905437589 -0.002191531 0.999996305 0.001585656 -1.321333647 0.002265102 -0.001580692 0.999996185 49.814727783
0.999996305 0.001930624 -0.001917965 0.914063752 -0.001927355 0.999996662 0.001704906 -1.337929726 0.001921250 -0.001701203 0.999996662 50.366092682
0.999993622 0.003092130 -0.001783141 0.921986103 -0.003089783 0.999994338 0.001317350 -1.346469760 0.001787205 -0.001311832 0.999997497 50.913562775
0.999996901 0.002086900 -0.001304834 0.907696009 -0.002084567 0.999996245 0.001787537 -1.374096632 0.001308559 -0.001784811 0.999997556 51.458396912
0.999995768 0.001827631 -0.002266428 0.921607971 -0.001824081 0.999997199 0.001567199 -1.386898398 0.002269286 -0.001563058 0.999996245 52.004173279
0.999995589 0.002922277 -0.000512702 0.916117251 -0.002921761 0.999995232 0.001003949 -1.398532391 0.000515634 -0.001002447 0.999999344 52.562957764
0.999998689 0.001203634 -0.001095867 0.925835550 -0.001202277 0.999998510 0.001238926 -1.412005186 0.001097357 -0.001237607 0.999998629 53.080696106
0.999998689 0.001528151 -0.000477456 0.932385206 -0.001527333 0.999997318 0.001708815 -1.428525567 0.000480067 -0.001708083 0.999998450 53.624065399
0.999998033 0.001969568 -0.000336233 0.940205276 -0.001969189 0.999997437 0.001123690 -1.444625378 0.000338445 -0.001123026 0.999999225 54.165641785
0.999997139 0.002378835 0.000038108 0.936230302 -0.002378889 0.999996066 0.001484344 -1.456488967 -0.000034577 -0.001484430 0.999998927 54.701427460
0.999997735 0.001879477 -0.000993567 0.960104525 -0.001878572 0.999997795 0.000910989 -1.466216683 0.000995277 -0.000909121 0.999999106 55.267993927
0.999997675 0.002175810 -0.000092888 0.963625848 -0.002175714 0.999997079 0.001018030 -1.480162978 0.000095103 -0.001017825 0.999999464 55.818344116
0.999998093 0.001926213 -0.000293431 0.973269165 -0.001925895 0.999997556 0.001078596 -1.495237589 0.000295507 -0.001078029 0.999999344 56.377124786
0.999994576 0.003023939 0.001323564 0.965865135 -0.003026450 0.999993563 0.001899787 -1.522990227 -0.001317811 -0.001903783 0.999997318 56.920154572
0.999997020 0.002429172 0.000192439 0.968170464 -0.002429450 0.999996006 0.001454569 -1.532259464 -0.000188906 -0.001455032 0.999998927 57.421638489
0.999997675 0.002114236 0.000594040 0.973254561 -0.002114982 0.999997020 0.001258775 -1.543777108 -0.000591377 -0.001260028 0.999999046 57.984127045
0.999998093 0.001794143 0.000785078 0.985088587 -0.001794648 0.999998212 0.000642057 -1.554436207 -0.000783925 -0.000643465 0.999999523 58.524158478
0.999993801 0.003086992 0.001665200 0.983119905 -0.003087668 0.999995112 0.000404117 -1.562081337 -0.001663944 -0.000409255 0.999998569 59.065700531
0.999992669 0.003012562 0.002368578 0.975657344 -0.003012281 0.999995410 -0.000122109 -1.572337151 -0.002368935 0.000114974 0.999997199 59.604583740
0.999995291 0.002978701 0.000767380 0.996250689 -0.002979057 0.999995470 0.000465437 -1.591390252 -0.000765990 -0.000467721 0.999999523 60.111522675
0.999991536 0.003723450 0.001802373 1.001961946 -0.003725374 0.999992490 0.001065185 -1.608124971 -0.001798393 -0.001071890 0.999997735 60.662647247
0.999996483 0.002440597 0.001082716 1.028140903 -0.002441564 0.999996722 0.000893026 -1.626934290 -0.001080533 -0.000895666 0.999998987 61.214252472
0.999993086 0.003626383 0.000832331 1.024666667 -0.003626337 0.999993443 -0.000056321 -1.623623252 -0.000832530 0.000053302 0.999999642 61.734497070
0.999994695 0.003109322 0.000949207 1.035273671 -0.003108846 0.999995053 -0.000503486 -1.636521816 -0.000950768 0.000500532 0.999999464 62.289726257
0.999993682 0.003250892 0.001465912 1.042781711 -0.003250440 0.999994695 -0.000311086 -1.651989937 -0.001466915 0.000306320 0.999998868 62.843196869
0.999993503 0.003323203 0.001420338 1.055026412 -0.003323276 0.999994516 0.000048872 -1.673123717 -0.001420167 -0.000053592 0.999998987 63.375495911
0.999993682 0.003213750 0.001493134 1.049032569 -0.003213539 0.999994755 -0.000143660 -1.685501456 -0.001493588 0.000138861 0.999998868 63.901298523
0.999991000 0.003454568 0.002473649 1.050454855 -0.003454752 0.999993980 0.000070204 -1.701187253 -0.002473392 -0.000078749 0.999996901 64.447334290
0.999990165 0.003677149 0.002488602 1.065906882 -0.003678946 0.999992967 0.000717713 -1.719693661 -0.002485944 -0.000726862 0.999996603 64.969306946
0.999985874 0.004153771 0.003324446 1.068141460 -0.004156366 0.999991000 0.000774112 -1.735484838 -0.003321200 -0.000787918 0.999994159 65.505317688
0.999993801 0.003012874 0.001806799 1.093526840 -0.003012222 0.999995410 -0.000363217 -1.741010189 -0.001807885 0.000357772 0.999998331 66.046661377
0.999992609 0.003085206 0.002280657 1.100342989 -0.003083767 0.999994993 -0.000633893 -1.751667738 -0.002282601 0.000626856 0.999997258 66.601600647
0.999992192 0.003480890 0.001856877 1.115644455 -0.003479544 0.999993682 -0.000727294 -1.769565225 -0.001859397 0.000720827 0.999998033 67.144538879
0.999990940 0.003799522 0.001920736 1.136959553 -0.003798402 0.999992669 -0.000586101 -1.785047650 -0.001922949 0.000578800 0.999997973 67.681495667
0.999991000 0.003900471 0.001674868 1.144153595 -0.003901599 0.999992132 0.000670428 -1.819204211 -0.001672240 -0.000676957 0.999998391 68.195106506
0.999991655 0.003748885 0.001648492 1.148175478 -0.003748262 0.999992907 -0.000381314 -1.826304078 -0.001649909 0.000375132 0.999998629 68.747268677
0.999992013 0.003572820 0.001857728 1.173328400 -0.003572767 0.999993622 -0.000032274 -1.842293382 -0.001857832 0.000025637 0.999998271 69.288398743
0.999989688 0.003532209 0.002836743 1.179777265 -0.003531201 0.999993742 -0.000360116 -1.849407434 -0.002837997 0.000350095 0.999995947 69.817352295
0.999990225 0.003834263 0.002199204 1.175076485 -0.003833891 0.999992549 -0.000172906 -1.859695792 -0.002199851 0.000164473 0.999997556 70.332679749
0.999988139 0.004456328 0.001976723 1.193814993 -0.004457160 0.999989927 0.000416734 -1.880869746 -0.001974845 -0.000425540 0.999997914 70.871528625
0.999985635 0.004679845 0.002642791 1.194057465 -0.004677711 0.999988735 -0.000813414 -1.882807255 -0.002646567 0.000801040 0.999996126 71.409568787
0.999987543 0.004294825 0.002545784 1.200324297 -0.004294385 0.999990761 -0.000177978 -1.905232191 -0.002546525 0.000167043 0.999996662 71.955070496
0.999991119 0.003445168 0.002432854 1.213772058 -0.003444022 0.999993980 -0.000475173 -1.920649648 -0.002434477 0.000466790 0.999996901 72.500244141
0.999982536 0.004905608 0.003302793 1.209255219 -0.004902722 0.999987543 -0.000880877 -1.936733842 -0.003307073 0.000864669 0.999994218 73.042030334
0.999979079 0.005601925 0.003255751 1.221317649 -0.005601118 0.999984324 -0.000256521 -1.956104279 -0.003257137 0.000238279 0.999994636 73.582183838
0.999989212 0.003907927 0.002555130 1.244742632 -0.003908286 0.999992371 0.000135720 -1.972422481 -0.002554579 -0.000145704 0.999996722 74.079093933
0.999990523 0.003097236 0.003078463 1.259747863 -0.003098039 0.999995232 0.000256145 -1.984920859 -0.003077655 -0.000265680 0.999995232 74.627792358
0.999989867 0.002632201 0.003653221 1.260584116 -0.002630900 0.999996483 -0.000360801 -1.991818905 -0.003654157 0.000351186 0.999993265 75.176101685
0.999992073 0.003276693 0.002261895 1.291178465 -0.003277857 0.999994516 0.000511033 -2.021781206 -0.002260208 -0.000518444 0.999997318 75.688285828
0.999990225 0.003463426 0.002742174 1.298122525 -0.003464686 0.999993920 0.000454842 -2.036869764 -0.002740582 -0.000464338 0.999996126 76.235671997
0.999990165 0.003371617 0.002888700 1.315471649 -0.003372845 0.999994278 0.000420167 -2.056092501 -0.002887266 -0.000429905 0.999995768 76.773437500
0.999991953 0.003167738 0.002465845 1.323409915 -0.003167733 0.999994934 -0.000005393 -2.058143377 -0.002465851 -0.000002419 0.999996960 77.311416626
0.999991477 0.003165944 0.002667123 1.336188436 -0.003167190 0.999994874 0.000463165 -2.079469204 -0.002665643 -0.000471608 0.999996364 77.853912354
0.999986827 0.003311821 0.003924101 1.339324594 -0.003313913 0.999994278 0.000526683 -2.096123695 -0.003922334 -0.000539681 0.999992192 78.418495178
0.999989867 0.002770295 0.003545321 1.361794710 -0.002769315 0.999996126 -0.000281426 -2.102353096 -0.003546087 0.000271605 0.999993622 78.945320129
0.999989450 0.003393628 0.003091084 1.353346586 -0.003394084 0.999994159 0.000142605 -2.122967720 -0.003090583 -0.000153095 0.999995232 79.471229553
0.999990225 0.002970234 0.003254824 1.369089007 -0.002969349 0.999995470 -0.000276681 -2.137893438 -0.003255632 0.000267013 0.999994695 80.021537781
0.999986529 0.003568407 0.003777041 1.384629965 -0.003569348 0.999993563 0.000242389 -2.152392626 -0.003776152 -0.000255868 0.999992788 80.558296204
0.999978781 0.003915798 0.005207641 1.398344636 -0.003917417 0.999992311 0.000300597 -2.170485497 -0.005206424 -0.000320991 0.999986351 81.096595764
0.999973118 0.004044269 0.006119793 1.409997344 -0.004048229 0.999991596 0.000634805 -2.189043760 -0.006117173 -0.000659562 0.999981046 81.616271973
0.999964297 0.004418831 0.007201740 1.429437995 -0.004426728 0.999989629 0.001080958 -2.213417530 -0.007196887 -0.001112800 0.999973476 82.153434753
0.999937654 0.003979116 0.010432135 1.453759313 -0.003984733 0.999992073 0.000517701 -2.220351696 -0.010429993 -0.000559238 0.999945462 82.711517334
0.999884903 0.004413209 0.014513630 1.473352432 -0.004415147 0.999990225 0.000101425 -2.227286339 -0.014513044 -0.000165493 0.999894679 83.255958557
0.999833345 0.004118911 0.017780952 1.482241035 -0.004122206 0.999991477 0.000148704 -2.242503881 -0.017780187 -0.000221976 0.999841869 83.799263000
0.999743760 0.004167946 0.022251215 1.515190005 -0.004178498 0.999991119 0.000427753 -2.262132168 -0.022249237 -0.000520620 0.999752223 84.338195801
0.999601781 0.004092166 0.027920268 1.547751069 -0.004105641 0.999991417 0.000425334 -2.278227806 -0.027918290 -0.000539795 0.999610007 84.895561218
0.999425352 0.004415073 0.033611808 1.583038926 -0.004434155 0.999990046 0.000493171 -2.292667627 -0.033609293 -0.000641928 0.999434829 85.445549011
0.999245524 0.003693187 0.038661942 1.626619697 -0.003696982 0.999993205 0.000026694 -2.306114197 -0.038661573 -0.000169607 0.999252319 85.980239868
0.998873472 0.004286674 0.047259327 1.657155514 -0.004301606 0.999990761 0.000214251 -2.320706367 -0.047257971 -0.000417301 0.998882592 86.536430359
0.998437285 0.004521536 0.055699032 1.700720787 -0.004553737 0.999989510 0.000451233 -2.338906050 -0.055696398 -0.000704166 0.998447478 87.060546875
0.998011231 0.003975137 0.062910505 1.747192621 -0.004010482 0.999991834 0.000435551 -2.353427172 -0.062908269 -0.000686986 0.998019040 87.600288391
0.997415900 0.004412735 0.071707234 1.804499149 -0.004455643 0.999989927 0.000438421 -2.365232944 -0.071704566 -0.000756790 0.997425556 88.150642395
0.996618748 0.004489297 0.082041934 1.864620209 -0.004531243 0.999989688 0.000325091 -2.381075859 -0.082039632 -0.000695744 0.996628821 88.687484741
0.995893300 0.004271061 0.090434663 1.929636478 -0.004266339 0.999990880 -0.000245532 -2.390818834 -0.090434887 -0.000141301 0.995902359 89.236274719
0.995144248 0.003505141 0.098365664 2.009239197 -0.003491045 0.999993861 -0.000315432 -2.401627541 -0.098366171 -0.000029499 0.995150387 89.800437927
0.993960083 0.003690686 0.109680288 2.069171906 -0.003720805 0.999993086 0.000069942 -2.420858145 -0.109679289 -0.000477619 0.993966937 90.290939331
0.992715240 0.003509155 0.120433293 2.149673462 -0.003486254 0.999993861 -0.000400851 -2.428364038 -0.120433956 -0.000021930 0.992721379 90.833320618
0.991547823 0.003598466 0.129691944 2.228957176 -0.003651019 0.999993324 0.000167462 -2.461596012 -0.129690483 -0.000639555 0.991554320 91.399627686
0.990050793 0.003655625 0.140663192 2.319543839 -0.003752663 0.999992788 0.000424618 -2.469945192 -0.140660673 -0.000948255 0.990057409 91.931991577
0.988280475 0.003102237 0.152617633 2.429286957 -0.003150154 0.999994993 0.000072166 -2.487462759 -0.152616680 -0.000552090 0.988285363 92.484512329
0.986622930 0.002534425 0.162999257 2.552362442 -0.002653528 0.999996364 0.000512986 -2.513221264 -0.162997365 -0.000938646 0.986626029 93.011375427
0.984748602 0.002410591 0.173966661 2.653057098 -0.002500637 0.999996841 0.000298422 -2.523377419 -0.173965365 -0.000728899 0.984751523 93.576873779
0.982385218 0.002262436 0.186853513 2.779419899 -0.002395034 0.999997079 0.000483886 -2.542160273 -0.186851874 -0.000922883 0.982387781 94.099418640
0.979944825 0.001764780 0.199261323 2.910151482 -0.001893887 0.999998152 0.000457330 -2.557078600 -0.199260116 -0.000825537 0.979946315 94.635673523
0.977679849 0.001893761 0.210091770 3.029819489 -0.002036161 0.999997735 0.000461498 -2.568160534 -0.210090429 -0.000878978 0.977681577 95.199317932
0.974759161 0.001828391 0.223250955 3.176870346 -0.001944945 0.999997973 0.000302195 -2.582928181 -0.223249987 -0.000728778 0.974761009 95.739578247
0.971601129 0.001503064 0.236619785 3.324106216 -0.001627879 0.999998629 0.000332125 -2.595820427 -0.236619011 -0.000707881 0.971602201 96.260261536
0.968851745 0.000848253 0.247639880 3.477085114 -0.000978786 0.999999464 0.000404000 -2.613508224 -0.247639418 -0.000633803 0.968852043 96.781059265
0.965692043 0.000955650 0.259688258 3.635551453 -0.001150397 0.999999166 0.000597952 -2.627949238 -0.259687424 -0.000876182 0.965692461 97.308364868
0.961895108 0.000977606 0.273416877 3.813686371 -0.001291540 0.999998748 0.000968196 -2.648682833 -0.273415565 -0.001284432 0.961895168 97.838676453
0.958274186 0.000389248 0.285850525 3.983320236 -0.000569523 0.999999762 0.000547526 -2.659783840 -0.285850286 -0.000687479 0.958274126 98.350204468
0.954706728 0.000021560 0.297548383 4.141838074 -0.000316793 0.999999523 0.000943995 -2.677819967 -0.297548234 -0.000995500 0.954706192 98.888076782
0.950336516 0.000366721 0.311223865 4.332723618 -0.000647089 0.999999523 0.000797597 -2.691199780 -0.311223358 -0.000959375 0.950336277 99.400047302
0.945826888 -0.000229968 0.324671239 4.537094116 -0.000120458 0.999999404 0.001059225 -2.710000753 -0.324671239 -0.001040952 0.945826352 99.904037476
0.941696167 -0.001035056 0.336462706 4.729116440 0.000694192 0.999999106 0.001133371 -2.720397234 -0.336463511 -0.000833722 0.941696107 100.422149658
0.936936796 -0.001344155 0.349496186 4.944393158 0.001085298 0.999998927 0.000936483 -2.733983517 -0.349497050 -0.000498118 0.936937273 100.942352295
0.931654990 -0.001421962 0.363341391 5.171138763 0.001193213 0.999998868 0.000854011 -2.748657942 -0.363342196 -0.000362100 0.931655705 101.443725586
0.926710010 -0.001010176 0.375776052 5.387447357 0.000550514 0.999998927 0.001330602 -2.769846678 -0.375776976 -0.001026212 0.926709652 101.939567566
0.921892524 -0.002059937 0.387440264 5.621295929 0.001808169 0.999997795 0.001014338 -2.783149958 -0.387441546 -0.000234553 0.921894252 102.465660095
0.915768564 -0.001520584 0.401703477 5.855796814 0.001125310 0.999998629 0.001219951 -2.796277285 -0.401704818 -0.000665152 0.915769041 102.962173462
0.910315216 -0.003349174 0.413902283 6.116321564 0.003021577 0.999994338 0.001446157 -2.814725399 -0.413904816 -0.000065820 0.910320222 103.422286987
0.904825270 -0.002443879 0.425776184 6.373016357 0.001899182 0.999996722 0.001703814 -2.837400436 -0.425778955 -0.000733028 0.904826880 103.934448242
0.898417413 -0.002842029 0.439133286 6.618587494 0.002355058 0.999995887 0.001653695 -2.848474503 -0.439136147 -0.000451524 0.898420393 104.421134949
0.891966939 -0.003132699 0.452089816 6.897029877 0.002563588 0.999994993 0.001871414 -2.868766785 -0.452093363 -0.000510267 0.891970456 104.884979248
0.885631800 -0.003457648 0.464375257 7.179531097 0.003345992 0.999993861 0.001064461 -2.869137526 -0.464376032 0.000611075 0.885637879 105.421730042
0.879515052 -0.004569051 0.475849181 7.424068451 0.004273681 0.999989331 0.001702716 -2.883851767 -0.475851923 0.000536064 0.879525244 105.867553711
0.872362196 -0.004757024 0.488837153 7.719165802 0.004592188 0.999988258 0.001536130 -2.897315741 -0.488838732 0.000904770 0.872373700 106.337882996
0.865017593 -0.005144970 0.501715243 8.008468628 0.004865081 0.999986410 0.001866635 -2.917848110 -0.501718044 0.000826213 0.865030885 106.796913147
