1.000000000 0.000000000 0.000000000 0.000000000 0.000000000 1.000000000 0.000000000 0.000000000 0.000000000 0.000000000 1.000000000 0.000000000
1.000000000 -0.000011436 -0.000014274 0.000483265 0.000011437 1.000000000 0.000104826 -0.000492499 0.000014272 -0.000104827 1.000000000 -0.000176744
1.000000000 0.000052577 -0.000164812 0.001029464 -0.000052585 1.000000000 -0.000050692 0.000150485 0.000164809 0.000050701 1.000000000 -0.000907490
1.000000000 0.000016708 0.000011415 -0.000253906 -0.000016708 1.000000000 -0.000016552 -0.000165706 -0.000011416 0.000016552 1.000000000 0.001045443
1.000000000 -0.000125928 -0.000061441 0.000018541 0.000125926 1.000000000 -0.000031357 -0.000241422 0.000061445 0.000031349 1.000000000 -0.000697736
1.000000000 -0.000003802 -0.000070708 0.000127027 0.000003799 1.000000000 -0.000037888 -0.000149262 0.000070708 0.000037888 1.000000000 -0.000705559
1.000000000 -0.000090675 -0.000081747 0.000802442 0.000090665 1.000000000 -0.000118823 -0.000026616 0.000081757 0.000118815 1.000000000 -0.000516444
1.000000000 -0.000095180 -0.000024217 0.001097386 0.000095178 1.000000000 -0.000087218 0.000799741 0.000024226 0.000087216 1.000000000 0.001052901
1.000000000 -0.000174372 0.000008211 0.000614969 0.000174373 1.000000000 -0.000081357 0.000172692 -0.000008197 0.000081358 1.000000000 -0.000636364
0.999999940 -0.000279478 -0.000019349 0.001414103 0.000279477 0.999999940 -0.000079093 0.001330445 0.000019371 0.000079087 1.000000000 0.002161636
1.000000000 -0.000119289 -0.000136050 0.001368147 0.000119300 1.000000000 0.000080728 -0.000980969 0.000136041 -0.000080745 1.000000000 0.000082923
1.000000000 -0.000008431 -0.000042490 0.000605761 0.000008423 1.000000000 -0.000174137 0.001527280 0.000042492 0.000174137 1.000000000 0.000724407
0.999999940 -0.000247185 -0.000105022 0.000786761 0.000247196 0.999999940 0.000100785 -0.000607201 0.000104997 -0.000100811 1.000000000 -0.000170003
1.000000000 0.000018434 -0.000039482 0.000120215 -0.000018430 1.000000000 0.000102521 -0.000617421 0.000039484 -0.000102520 1.000000000 0.000184780
0.999999940 -0.000300528 -0.000204693 0.002047547 0.000300538 0.999999940 0.000049206 -0.000612237 0.000204678 -0.000049268 1.000000000 -0.000162479
1.000000000 -0.000133347 -0.000072080 0.000136168 0.000133349 1.000000000 0.000029585 -0.000811444 0.000072076 -0.000029595 1.000000000 -0.001023546
1.000000000 0.000007463 0.000103543 -0.001212927 -0.000007468 1.000000000 0.000054535 -0.000683319 -0.000103542 -0.000054536 1.000000000 -0.000110696
0.999999940 -0.000114643 -0.000281350 0.001351294 0.000114644 1.000000000 0.000002752 -0.000427135 0.000281350 -0.000002784 0.999999940 -0.000279485
1.000000000 -0.000180748 -0.000048178 0.000399670 0.000180753 1.000000000 0.000100951 -0.001372056 0.000048160 -0.000100960 1.000000000 -0.000511919
0.999999940 -0.000272215 -0.000065390 0.001014007 0.000272215 0.999999940 0.000002434 -0.000456989 0.000065390 -0.000002452 1.000000000 -0.000518204
1.000000000 -0.000237260 -0.000025947 0.000040892 0.000237257 0.999999940 -0.000094247 0.000143284 0.000025970 0.000094241 1.000000000 0.000194937
1.000000000 -0.000183361 -0.000008925 -0.000005476 0.000183361 1.000000000 0.000006953 0.000296071 0.000008924 -0.000006955 1.000000000 0.000349546
0.999999940 -0.000281683 -0.000061626 0.001693611 0.000281683 0.999999940 0.000001836 0.000051855 0.000061626 -0.000001853 1.000000000 0.001161305
0.999999940 -0.000264983 0.000029054 0.000137258 0.000264984 0.999999940 -0.000038598 0.001346206 -0.000029044 0.000038605 1.000000000 0.001784009
1.000000000 -0.000089065 -0.000036750 0.000873133 0.000089064 1.000000000 -0.000017520 0.000179993 0.000036751 0.000017517 1.000000000 0.000674809
1.000000000 -0.000057734 -0.000067868 0.000890839 0.000057727 1.000000000 -0.000101215 0.000572565 0.000067873 0.000101211 1.000000000 -0.000890224
1.000000000 0.000080751 -0.000010902 0.000525283 -0.000080751 1.000000000 -0.000038454 -0.000415717 0.000010899 0.000038455 1.000000000 -0.002022626
1.000000000 -0.000113240 -0.000137958 0.000884453 0.000113235 1.000000000 -0.000035721 -0.000412310 0.000137962 0.000035706 1.000000000 -0.000627567
1.000000000 -0.000161348 -0.000150220 0.000092133 0.000161342 1.000000000 -0.000043563 0.001150272 0.000150227 0.000043538 1.000000000 0.001286015
1.000000000 -0.000158661 -0.000082221 0.000434972 0.000158653 1.000000000 -0.000103690 0.000785837 0.000082238 0.000103677 1.000000000 0.000369979
0.999999940 -0.000234502 -0.000077475 0.001224966 0.000234504 1.000000000 0.000022052 0.000430690 0.000077470 -0.000022070 1.000000000 -0.000619644
1.000000000 -0.000129065 -0.000014180 -0.000807949 0.000129065 1.000000000 -0.000007684 0.000547309 0.000014181 0.000007682 1.000000000 0.001373126
1.000000000 -0.000078617 -0.000001859 0.000201708 0.000078617 1.000000000 -0.000088275 0.000143932 0.000001866 0.000088275 1.000000000 -0.000006807
1.000000000 -0.000032936 0.000011218 -0.000595178 0.000032936 1.000000000 -0.000055997 0.000653887 -0.000011216 0.000055998 1.000000000 0.001054782
1.000000000 0.000057444 -0.000020260 -0.000000870 -0.000057446 1.000000000 -0.000099341 0.000418129 0.000020254 0.000099342 1.000000000 -0.000406217
1.000000000 -0.000138958 -0.000067264 0.000012260 0.000138946 1.000000000 -0.000171933 0.002257520 0.000067288 0.000171924 1.000000000 0.000673593
0.999999940 -0.000302193 0.000006563 -0.000335658 0.000302193 0.999999940 -0.000004304 0.000714230 -0.000006562 0.000004306 1.000000000 0.001200819
1.000000000 -0.000239230 -0.000032853 -0.000129705 0.000239230 1.000000000 0.000014857 0.000506749 0.000032850 -0.000014865 1.000000000 0.000798655
1.000000000 -0.000234899 -0.000059269 0.000987870 0.000234900 1.000000000 0.000016875 0.000051644 0.000059266 -0.000016889 1.000000000 -0.000722489
0.999999940 -0.000287918 0.000103554 0.000214213 0.000287926 0.999999940 -0.000081205 0.000005652 -0.000103531 0.000081234 1.000000000 0.000766849
0.999999940 -0.000185630 0.000212888 -0.000527649 0.000185774 0.999999762 -0.000673135 -0.001070941 -0.000212763 0.000673175 0.999999762 0.051944781
0.999999940 0.000325992 0.000123466 0.000483146 -0.000325849 0.999999285 -0.001156674 -0.006287270 -0.000123843 0.001156633 0.999999344 0.133386269
1.000000000 0.000191130 -0.000073759 0.004301512 -0.000191242 0.999998808 -0.001520245 -0.005104976 0.000073468 0.001520259 0.999998868 0.252210110
0.999999940 0.000401121 0.000095972 0.003835760 -0.000401017 0.999999344 -0.001081554 -0.015103112 -0.000096405 0.001081516 0.999999404 0.381402165
1.000000000 0.000154251 0.000095270 0.006912495 -0.000154161 0.999999523 -0.000943477 -0.018698810 -0.000095416 0.000943462 0.999999523 0.527549446
0.999999881 0.000408446 0.000184929 0.011350148 -0.000408252 0.999999344 -0.001047299 -0.020584749 -0.000185357 0.001047223 0.999999464 0.676775992
0.999999940 -0.000004153 0.000246206 0.015734958 0.000004395 0.999999523 -0.000980946 -0.022165200 -0.000246202 0.000980947 0.999999464 0.849732041
0.999999940 -0.000039489 0.000301886 0.016944418 0.000039711 0.999999702 -0.000736539 -0.028199833 -0.000301857 0.000736551 0.999999702 1.013104320
0.999999940 0.000142158 0.000305090 0.016234584 -0.000142065 0.999999940 -0.000304645 -0.035028718 -0.000305133 0.000304602 0.999999881 1.189649343
0.999999940 0.000274682 0.000285008 0.019222798 -0.000274608 0.999999940 -0.000258563 -0.037407223 -0.000285079 0.000258485 0.999999940 1.380799651
0.999999940 0.000148124 0.000213102 0.028961400 -0.000148040 0.999999940 -0.000393244 -0.042743929 -0.000213160 0.000393212 0.999999881 1.576521635
0.999999702 0.000595636 0.000515863 0.024899539 -0.000595581 0.999999821 -0.000106578 -0.049004223 -0.000515927 0.000106271 0.999999881 1.767173290
1.000000000 0.000042597 0.000023882 0.038431853 -0.000042588 0.999999940 -0.000362907 -0.049090784 -0.000023898 0.000362906 0.999999940 1.961401224
0.999999225 0.000554369 0.001112699 0.030153794 -0.000553875 0.999999762 -0.000443876 -0.054789539 -0.001112945 0.000443260 0.999999285 2.170352936
0.999999344 0.000674665 0.000952070 0.028236765 -0.000674170 0.999999642 -0.000520416 -0.062542915 -0.000952420 0.000519774 0.999999404 2.394572735
0.999999583 0.000302529 -0.000788458 0.068830222 -0.000302764 0.999999881 -0.000297880 -0.079556093 0.000788368 0.000298118 0.999999642 2.599961758
0.999999821 -0.000066411 -0.000515580 0.075575195 0.000066377 1.000000000 -0.000065328 -0.090854488 0.000515584 0.000065294 0.999999821 2.815824747
0.999999642 0.000217277 -0.000844361 0.079471983 -0.000217607 0.999999821 -0.000390822 -0.091710210 0.000844276 0.000391006 0.999999523 3.060326338
0.999999464 0.000104043 -0.001015737 0.088848419 -0.000104602 0.999999821 -0.000550317 -0.097051255 0.001015680 0.000550423 0.999999344 3.296982288
0.999999523 -0.000220406 -0.001019761 0.094665676 0.000220328 1.000000000 -0.000076751 -0.111096032 0.001019778 0.000076526 0.999999523 3.529955864
0.999999285 0.000063632 -0.001125918 0.100239307 -0.000063669 0.999999940 -0.000032646 -0.112757452 0.001125916 0.000032717 0.999999344 3.795821190
0.999999583 0.000223125 -0.000820043 0.101464674 -0.000223498 0.999999881 -0.000454592 -0.117023997 0.000819942 0.000454775 0.999999523 4.062840462
0.999999702 0.000375841 -0.000708381 0.105573118 -0.000375810 1.000000000 0.000044280 -0.126004919 0.000708398 -0.000044014 0.999999702 4.307554245
0.999999702 0.000227874 -0.000748778 0.113104634 -0.000227848 1.000000000 0.000034019 -0.132356375 0.000748785 -0.000033848 0.999999702 4.557431698
0.999999464 0.000289518 -0.000969746 0.118623681 -0.000290282 0.999999642 -0.000788091 -0.128945187 0.000969517 0.000788372 0.999999225 4.825074196
0.999999344 0.000205323 -0.001011468 0.123453207 -0.000206229 0.999999583 -0.000895348 -0.133814037 0.001011283 0.000895556 0.999999106 5.088743687
0.999999523 0.000535516 -0.000794156 0.126144737 -0.000536308 0.999999344 -0.000997357 -0.144927993 0.000793622 0.000997782 0.999999166 5.350831032
0.999999523 0.000646930 -0.000646374 0.132916570 -0.000647577 0.999999225 -0.001001532 -0.148172691 0.000645726 0.001001950 0.999999225 5.605488300
0.999999464 0.000291006 -0.001021656 0.133036464 -0.000291461 0.999999821 -0.000444938 -0.160504669 0.001021527 0.000445236 0.999999404 5.877152920
0.999999583 -0.000009783 -0.000886125 0.138038933 0.000009567 0.999999881 -0.000244362 -0.172614723 0.000886127 0.000244354 0.999999642 6.152257919
0.999999702 0.000367215 -0.000750128 0.142780215 -0.000367331 1.000000000 -0.000153738 -0.179228291 0.000750072 0.000154014 0.999999762 6.434759617
0.999999821 0.000449542 -0.000510825 0.144939646 -0.000449737 0.999999821 -0.000380464 -0.186648637 0.000510654 0.000380694 0.999999821 6.714341164
0.999999225 0.000374639 -0.001168042 0.161291540 -0.000375109 0.999999762 -0.000402031 -0.199112013 0.001167892 0.000402469 0.999999225 7.018556118
0.999999046 -0.000243039 -0.001321715 0.168697149 0.000242298 0.999999762 -0.000561021 -0.204576910 0.001321852 0.000560700 0.999998927 7.319885254
0.999999404 0.000008777 -0.001089744 0.176607698 -0.000009246 0.999999881 -0.000429878 -0.217466533 0.001089740 0.000429888 0.999999285 7.626003265
0.999999464 0.000392001 -0.000852033 0.183128014 -0.000392042 0.999999821 -0.000047065 -0.232305050 0.000852014 0.000047399 0.999999642 7.935985088
0.999999642 0.000528373 -0.000588980 0.182174549 -0.000528482 0.999999762 -0.000184155 -0.235743180 0.000588883 0.000184466 0.999999821 8.253225327
0.999999225 0.000124696 -0.001220630 0.188461795 -0.000124746 1.000000000 -0.000041125 -0.249849260 0.001220625 0.000041277 0.999999225 8.578868866
0.999999821 0.000179885 -0.000532562 0.188272908 -0.000179810 0.999999940 0.000141599 -0.256950527 0.000532588 -0.000141503 0.999999821 8.919431686
0.999999523 -0.000201411 -0.000858141 0.202347726 0.000202203 0.999999583 0.000922514 -0.276958972 0.000857955 -0.000922687 0.999999225 9.242307663
0.999999642 -0.000566845 -0.000627499 0.200143456 0.000567257 0.999999642 0.000657110 -0.279853374 0.000627127 -0.000657466 0.999999583 9.605621338
0.999999166 -0.000249746 -0.001278799 0.218508184 0.000250729 0.999999702 0.000768922 -0.295118302 0.001278607 -0.000769242 0.999998808 9.933506012
0.999999583 0.000388269 -0.000866507 0.223727673 -0.000387543 0.999999583 0.000837697 -0.306993276 0.000866832 -0.000837361 0.999999225 10.287399292
0.999999285 0.000567994 -0.001053021 0.233147338 -0.000566646 0.999999046 0.001279706 -0.320746541 0.001053747 -0.001279108 0.999998569 10.635705948
0.999999642 0.000498211 -0.000679615 0.238425851 -0.000497856 0.999999702 0.000522280 -0.323274761 0.000679875 -0.000521942 0.999999642 11.015491486
0.999999642 0.000316752 -0.000786961 0.239483207 -0.000316301 0.999999702 0.000573396 -0.335424155 0.000787143 -0.000573147 0.999999523 11.386930466
0.999999464 0.000433854 -0.000835281 0.248883978 -0.000433363 0.999999642 0.000587602 -0.343576640 0.000835535 -0.000587239 0.999999464 11.763441086
0.999999583 0.000164636 -0.000909992 0.258153230 -0.000163981 0.999999702 0.000719942 -0.357830584 0.000910110 -0.000719793 0.999999344 12.137765884
0.999999523 -0.000027645 -0.000888881 0.267727852 0.000028381 0.999999642 0.000827825 -0.370419145 0.000888858 -0.000827850 0.999999285 12.527153969
0.999999762 0.000401248 -0.000556219 0.266039878 -0.000400940 0.999999762 0.000554404 -0.378931403 0.000556442 -0.000554181 0.999999702 12.921420097
0.999999642 0.000252315 -0.000776264 0.281190515 -0.000251719 0.999999702 0.000767958 -0.390946776 0.000776458 -0.000767762 0.999999404 13.324503899
0.999999702 -0.000321539 -0.000595928 0.295073986 0.000322149 0.999999404 0.001023658 -0.403726131 0.000595598 -0.001023850 0.999999285 13.722799301
0.999999940 0.000206469 -0.000340073 0.296064526 -0.000206259 0.999999762 0.000616378 -0.409316033 0.000340200 -0.000616308 0.999999762 14.152863503
0.999999940 -0.000125837 -0.000031834 0.308240384 0.000125858 0.999999762 0.000655294 -0.421537280 0.000031752 -0.000655298 0.999999821 14.576441765
0.999999821 0.000304397 -0.000299325 0.317471713 -0.000304133 0.999999583 0.000883184 -0.434519440 0.000299593 -0.000883093 0.999999583 14.999438286
0.999999881 0.000296073 -0.000104181 0.328281552 -0.000296000 0.999999702 0.000702172 -0.445317119 0.000104388 -0.000702141 0.999999762 15.431964874
0.999999881 0.000142719 0.000388975 0.337280750 -0.000142942 0.999999881 0.000572984 -0.457146853 -0.000388894 -0.000573039 0.999999762 15.871396065
0.999999642 0.000377933 0.000709046 0.347484648 -0.000378434 0.999999702 0.000706787 -0.469976813 -0.000708778 -0.000707055 0.999999464 16.305234909
0.999999523 0.000237107 0.000974622 0.355177730 -0.000237835 0.999999702 0.000746844 -0.483612627 -0.000974444 -0.000747075 0.999999225 16.749994278
0.999999642 -0.000079078 0.000880259 0.367255062 0.000078329 0.999999702 0.000850987 -0.496148914 -0.000880326 -0.000850917 0.999999225 17.207181931
0.999998748 0.000493351 0.001489799 0.373557717 -0.000494332 0.999999583 0.000657806 -0.503485739 -0.001489474 -0.000658541 0.999998629 17.667795181
0.999997199 0.000637996 0.002270965 0.377851009 -0.000637559 0.999999702 -0.000193458 -0.509107053 -0.002271088 0.000192010 0.999997437 18.141216278
0.999997675 -0.000060957 0.002135141 0.396145523 0.000059886 0.999999821 0.000501657 -0.522380769 -0.002135171 -0.000501528 0.999997616 18.603715897
0.999997437 0.000742263 0.002104471 0.404840469 -0.000742997 0.999999642 0.000347897 -0.540855825 -0.002104212 -0.000349460 0.999997735 19.057367325
0.999997139 0.000944336 0.002162575 0.420309603 -0.000944812 0.999999523 0.000219488 -0.552099466 -0.002162367 -0.000221531 0.999997675 19.537540436
0.999997497 0.000337177 0.002226804 0.427399635 -0.000337473 0.999999881 0.000132671 -0.562918007 -0.002226759 -0.000133422 0.999997556 20.027162552
0.999997258 0.000671000 0.002244766 0.434057564 -0.000671366 0.999999702 0.000162262 -0.571314156 -0.002244657 -0.000163769 0.999997497 20.514678955
0.999996662 0.001320517 0.002215388 0.440291107 -0.001320064 0.999999106 -0.000205992 -0.579053879 -0.002215658 0.000203067 0.999997556 21.018306732
0.999997616 0.001117106 0.001862756 0.452474087 -0.001117918 0.999999285 0.000435195 -0.594719887 -0.001862268 -0.000437276 0.999998212 21.518625259
0.999998868 0.001180057 0.000959103 0.465629101 -0.001180543 0.999999166 0.000505740 -0.617894709 -0.000958506 -0.000506872 0.999999344 22.023414612
0.999998510 0.001455570 0.001020455 0.472251683 -0.001455619 0.999998987 0.000047015 -0.622513652 -0.001020385 -0.000048501 0.999999464 22.539964676
0.999998808 0.001540995 0.000024875 0.484547853 -0.001540995 0.999998808 0.000014047 -0.639177799 -0.000024852 -0.000014085 0.999999940 23.042835236
0.999997497 0.001663858 -0.001527127 0.497354507 -0.001663628 0.999998629 0.000151940 -0.658146799 0.001527378 -0.000149399 0.999998808 23.569303513
0.999999344 0.000688391 -0.000922707 0.496626079 -0.000688729 0.999999642 -0.000366545 -0.670028389 0.000922456 0.000367180 0.999999464 24.089771271
0.999998093 0.001358174 -0.001399439 0.503312111 -0.001358507 0.999998987 -0.000236624 -0.680658638 0.001399116 0.000238525 0.999998987 24.630193710
0.999994814 0.002351345 -0.002245188 0.515167415 -0.002351698 0.999997139 -0.000154874 -0.699128091 0.002244818 0.000160154 0.999997497 25.168046951
0.999993563 0.002329445 -0.002710941 0.520780861 -0.002330320 0.999997258 -0.000319938 -0.709809124 0.002710188 0.000326254 0.999996305 25.719217300
0.999993801 0.002029039 -0.002886957 0.530778944 -0.002028501 0.999997914 0.000189292 -0.730667710 0.002887335 -0.000183435 0.999995887 26.273809433
0.999991894 0.001744854 -0.003629011 0.535785973 -0.001742424 0.999998271 0.000672813 -0.744117737 0.003630179 -0.000666484 0.999993205 26.796848297
0.999990582 0.001717461 -0.004002544 0.550217271 -0.001713477 0.999998033 0.000998495 -0.768508434 0.004004251 -0.000991627 0.999991596 27.333477020
0.999988914 0.003471854 -0.003162478 0.547628820 -0.003470948 0.999993861 0.000292057 -0.778200030 0.003163473 -0.000281077 0.999994993 27.901996613
0.999986827 0.002437232 -0.004520412 0.551261306 -0.002435395 0.999996901 0.000411632 -0.786550224 0.004521401 -0.000400617 0.999989688 28.431270599
0.999986768 0.002237386 -0.004639513 0.560626507 -0.002235436 0.999997377 0.000425497 -0.802899301 0.004640454 -0.000415120 0.999989092 28.962734222
0.999985874 0.002451249 -0.004704802 0.562921643 -0.002448892 0.999996841 0.000506705 -0.816291630 0.004706029 -0.000495177 0.999988794 29.522659302
0.999981940 0.002354461 -0.005532229 0.577162623 -0.002351857 0.999997139 0.000477139 -0.830378830 0.005533336 -0.000464119 0.999984562 30.052257538
0.999980330 0.002642893 -0.005686781 0.586848974 -0.002640736 0.999996424 0.000386787 -0.846522450 0.005687783 -0.000371762 0.999983728 30.599367142
0.999977946 0.002851201 -0.005985739 0.595246255 -0.002848745 0.999995828 0.000418813 -0.861435294 0.005986908 -0.000401752 0.999981999 31.141832352
0.999977171 0.002607929 -0.006229538 0.603789270 -0.002605096 0.999996424 0.000462921 -0.876347661 0.006230723 -0.000446682 0.999980509 31.687356949
0.999978840 0.002100743 -0.006152524 0.610047877 -0.002099302 0.999997735 0.000240631 -0.889059424 0.006153016 -0.000227710 0.999981046 32.241867065
0.999975979 0.002362846 -0.006518028 0.614244699 -0.002360064 0.999997079 0.000434361 -0.902469218 0.006519036 -0.000418967 0.999978602 32.775428772
0.999974132 0.002960845 -0.006556779 0.621864736 -0.002957849 0.999995530 0.000466576 -0.922235250 0.006558132 -0.000447170 0.999978364 33.318660736
0.999972761 0.003017043 -0.006738701 0.624917626 -0.003018235 0.999995351 -0.000166774 -0.926279724 0.006738167 0.000187108 0.999977291 33.881752014
0.999971151 0.002507689 -0.007168073 0.636457503 -0.002504331 0.999996722 0.000477498 -0.949413717 0.007169247 -0.000459533 0.999974191 34.418697357
0.999968529 0.002198964 -0.007627014 0.646573901 -0.002196419 0.999997497 0.000342082 -0.965177536 0.007627747 -0.000325319 0.999970913 34.964550018
0.999969542 0.001754669 -0.007616334 0.658186316 -0.001753313 0.999998450 0.000184740 -0.977555096 0.007616647 -0.000171380 0.999970973 35.518291473
0.999968827 0.002586838 -0.007458610 0.654766202 -0.002589104 0.999996603 -0.000294202 -0.983875990 0.007457823 0.000313504 0.999972165 36.050491333
0.999967515 0.002707778 -0.007585957 0.661860943 -0.002707507 0.999996364 0.000046088 -1.000449061 0.007586053 -0.000025547 0.999971271 36.600040436
0.999970257 0.002929246 -0.007127163 0.667074561 -0.002930543 0.999995649 -0.000171392 -1.017411828 0.007126630 0.000192273 0.999974608 37.134670258
0.999962807 0.002809778 -0.008152966 0.678991079 -0.002812768 0.999996006 -0.000355203 -1.030075669 0.008151935 0.000378123 0.999966681 37.695880890
0.999962926 0.002079149 -0.008358154 0.686262488 -0.002085235 0.999997556 -0.000719560 -1.044371247 0.008356638 0.000736962 0.999964833 38.240585327
0.999963760 0.002845495 -0.008018929 0.689237714 -0.002847171 0.999995947 -0.000197638 -1.069482327 0.008018333 0.000220462 0.999967813 38.780178070
0.999959588 0.002875306 -0.008519737 0.692452908 -0.002877461 0.999995828 -0.000240695 -1.080538034 0.008519010 0.000265201 0.999963701 39.313980103
0.999959111 0.003117500 -0.008498544 0.702934563 -0.003111842 0.999994993 0.000678900 -1.103378296 0.008500616 -0.000652426 0.999963760 39.858665466
0.999954581 0.003040161 -0.009039314 0.722470284 -0.003030953 0.999994814 0.001032195 -1.130920053 0.009042406 -0.001004750 0.999958694 40.386013031
0.999949515 0.002922298 -0.009615240 0.727199674 -0.002923941 0.999995649 -0.000156862 -1.124566913 0.009614740 0.000184969 0.999953747 40.942298889
0.999949336 0.002951767 -0.009630828 0.735610604 -0.002953770 0.999995589 -0.000193732 -1.135483861 0.009630214 0.000222170 0.999953568 41.489398956
0.999945521 0.003134215 -0.009963366 0.750413895 -0.003130543 0.999994993 0.000384074 -1.161661983 0.009964520 -0.000352863 0.999950290 42.020092010
0.999944985 0.003029256 -0.010042328 0.743875384 -0.003032568 0.999995351 -0.000314662 -1.163764596 0.010041327 0.000345099 0.999949515 42.558582306
0.999941587 0.003151745 -0.010337709 0.753565431 -0.003146964 0.999994934 0.000478802 -1.186622143 0.010339166 -0.000446242 0.999946415 43.093101501
0.999945521 0.003485483 -0.009839287 0.758712530 -0.003489219 0.999993861 -0.000362469 -1.197223663 0.009837965 0.000396780 0.999951482 43.649253845
0.999947608 0.002810072 -0.009843733 0.754571438 -0.002807688 0.999996006 0.000256078 -1.215874434 0.009844414 -0.000228426 0.999951541 44.191787720
0.999949515 0.003526637 -0.009410699 0.760716140 -0.003525995 0.999993742 0.000084791 -1.229268432 0.009410939 -0.000051604 0.999955714 44.745948792
0.999951601 0.004227424 -0.008880766 0.766516089 -0.004228830 0.999991059 -0.000139659 -1.238205552 0.008880096 0.000177208 0.999960601 45.264595032
0.999947786 0.002543594 -0.009893212 0.772026956 -0.002542856 0.999996722 0.000087118 -1.257708669 0.009893402 -0.000061956 0.999951005 45.821853638
0.999949157 0.002291872 -0.009819189 0.782153487 -0.002292436 0.999997377 -0.000046254 -1.271908998 0.009819057 0.000068762 0.999951720 46.368453979
0.999946475 0.002742253 -0.009981814 0.789444745 -0.002740878 0.999996305 0.000151412 -1.291305661 0.009982192 -0.000124045 0.999950111 46.900238037
0.999948561 0.002580534 -0.009806556 0.775014520 -0.002582497 0.999996662 -0.000187528 -1.295287132 0.009806040 0.000212844 0.999951839 47.441192627
0.999949992 0.002677345 -0.009634431 0.775401533 -0.002682530 0.999996364 -0.000525280 -1.307804465 0.009632988 0.000551098 0.999953389 47.994434357
0.999949336 0.002255929 -0.009807405 0.794504762 -0.002258535 0.999997437 -0.000254566 -1.323246837 0.009806804 0.000276703 0.999951899 48.536235809
0.999952614 0.002354325 -0.009447193 0.778091550 -0.002357482 0.999997199 -0.000323034 -1.336285830 0.009446406 0.000345290 0.999955297 49.069164276
0.999953806 0.002806624 -0.009192993 0.786315262 -0.002812423 0.999995947 -0.000617892 -1.348923445 0.009191222 0.000643718 0.999957561 49.612159729
0.999956608 0.002756874 -0.008905145 0.787068248 -0.002761190 0.999996066 -0.000472434 -1.361360669 0.008903808 0.000497002 0.999960244 50.163623810
0.999953151 0.002535452 -0.009339702 0.797703445 -0.002541941 0.999996662 -0.000682983 -1.382906437 0.009337937 0.000706692 0.999956131 50.706104279
0.999958813 0.002314398 -0.008779963 0.803342819 -0.002316025 0.999997377 -0.000175168 -1.402558684 0.008779533 0.000195496 0.999961436 51.260700226
0.999954700 0.002347913 -0.009233984 0.805951893 -0.002352797 0.999997079 -0.000518131 -1.416176558 0.009232742 0.000539833 0.999957204 51.785430908
0.999958873 0.002128229 -0.008820806 0.807506800 -0.002134081 0.999997497 -0.000654107 -1.432462215 0.008819392 0.000672905 0.999960899 52.336807251
0.999951899 0.002420630 -0.009517631 0.820173800 -0.002427618 0.999996781 -0.000722680 -1.445086002 0.009515853 0.000745750 0.999954462 52.868255615
0.999953389 0.002797332 -0.009244087 0.822722554 -0.002801382 0.999996006 -0.000425104 -1.465506434 0.009242861 0.000450981 0.999957204 53.403491974
0.999955833 0.003113700 -0.008868907 0.824205220 -0.003121033 0.999994755 -0.000813135 -1.476054788 0.008866329 0.000840779 0.999960363 53.957538605
0.999958634 0.003749558 -0.008283075 0.820548296 -0.003755371 0.999992728 -0.000686347 -1.491451740 0.008280441 0.000717425 0.999965549 54.506755829
0.999952435 0.002687397 -0.009377233 0.836371422 -0.002696637 0.999995887 -0.000972876 -1.506075263 0.009374580 0.000998116 0.999955535 55.019332886
0.999955118 0.002812886 -0.009049274 0.839861691 -0.002819223 0.999995708 -0.000687480 -1.522257447 0.009047302 0.000712962 0.999958813 55.559669495
0.999953032 0.002647025 -0.009318079 0.842164099 -0.002655411 0.999996066 -0.000887702 -1.532023787 0.009315692 0.000912404 0.999956191 56.105388641
0.999952734 0.002764722 -0.009322945 0.859246433 -0.002770605 0.999995947 -0.000618337 -1.553875089 0.009321198 0.000644138 0.999956369 56.633789062
0.999955595 0.002606921 -0.009071747 0.859202147 -0.002615278 0.999996185 -0.000909517 -1.563153028 0.009069343 0.000933202 0.999958396 57.176292419
0.999946296 0.003517949 -0.009750173 0.858479917 -0.003521337 0.999993742 -0.000330335 -1.581979036 0.009748952 0.000364651 0.999952435 57.744308472
0.999958217 0.002908267 -0.008672905 0.868268311 -0.002918900 0.999994993 -0.001213688 -1.591530561 0.008669333 0.001238953 0.999961674 58.278610229
0.999957919 0.002876375 -0.008711758 0.870554090 -0.002887998 0.999994934 -0.001321866 -1.609878182 0.008707913 0.001346970 0.999961197 58.799831390
0.999959826 0.003075388 -0.008428770 0.878789544 -0.003091496 0.999993384 -0.001898646 -1.624922752 0.008422877 0.001924628 0.999962687 59.341190338
0.999962389 0.003411615 -0.007967620 0.884522498 -0.003421290 0.999993384 -0.001201077 -1.641445756 0.007963471 0.001228292 0.999967515 59.892425537
0.999954283 0.003346088 -0.008960260 0.888203204 -0.003354757 0.999993920 -0.000952593 -1.658794522 0.008957018 0.000982609 0.999959409 60.414394379
0.999956846 0.003525416 -0.008603297 0.899058819 -0.003534986 0.999993145 -0.001097326 -1.679690957 0.008599370 0.001127691 0.999962389 60.960433960
0.999957740 0.002915699 -0.008720988 0.912400842 -0.002924380 0.999995291 -0.000982827 -1.695099592 0.008718081 0.001008289 0.999961495 61.505947113
0.999950469 0.003262622 -0.009400425 0.906481385 -0.003276839 0.999993503 -0.001497488 -1.697217822 0.009395479 0.001528218 0.999954641 62.003578186
0.999950647 0.003231037 -0.009388832 0.914231777 -0.003250819 0.999992490 -0.002092464 -1.713258028 0.009382002 0.002122882 0.999953747 62.545486450
0.999950290 0.002733256 -0.009583076 0.927481174 -0.002742872 0.999995768 -0.000990520 -1.737339377 0.009580328 0.001016756 0.999953628 63.073013306
0.999948502 0.003304191 -0.009596453 0.924497068 -0.003316558 0.999993682 -0.001272953 -1.749131083 0.009592187 0.001304715 0.999953091 63.612819672
0.999950171 0.003454602 -0.009365473 0.926233470 -0.003470665 0.999992609 -0.001699465 -1.762770057 0.009359532 0.001731885 0.999954700 64.165306091
0.999947369 0.004144365 -0.009386710 0.933110416 -0.004151877 0.999991179 -0.000780915 -1.782587528 0.009383388 0.000819846 0.999955654 64.677627563
0.999952197 0.003560426 -0.009103146 0.935901940 -0.003574874 0.999992371 -0.001571256 -1.788365245 0.009097482 0.001603724 0.999957323 65.222541809
0.999950588 0.003426407 -0.009334491 0.945430160 -0.003443698 0.999992371 -0.001836943 -1.800974250 0.009328125 0.001868998 0.999954760 65.779571533
0.999958992 0.003859431 -0.008196120 0.943161845 -0.003882813 0.999988437 -0.002838708 -1.807350516 0.008185069 0.002870416 0.999962389 66.337821960
0.999955177 0.004154065 -0.008510934 0.933973372 -0.004168319 0.999989927 -0.001657608 -1.838138461 0.008503962 0.001693010 0.999962389 66.838005066
0.999957263 0.004343034 -0.008164210 0.935588002 -0.004357339 0.999989033 -0.001735045 -1.850898385 0.008156585 0.001770545 0.999965131 67.388381958
0.999953866 0.004250666 -0.008610362 0.943829954 -0.004265712 0.999989331 -0.001729927 -1.869695663 0.008602918 0.001766577 0.999961436 67.913528442
0.999957561 0.003991075 -0.008291197 0.940791786 -0.004009107 0.999989629 -0.002159446 -1.882900834 0.008282493 0.002192595 0.999963343 68.462020874
0.999950707 0.003906494 -0.009115607 0.969663203 -0.003925346 0.999990165 -0.002051178 -1.895986795 0.009107505 0.002086860 0.999956369 68.994728088
0.999951184 0.004122057 -0.008991159 0.967840850 -0.004135662 0.999990344 -0.001495037 -1.923408389 0.008984911 0.001532148 0.999958456 69.509986877
0.999953508 0.004288124 -0.008635184 0.970281363 -0.004296850 0.999990344 -0.000992378 -1.939265251 0.008630845 0.001029436 0.999962211 70.059379578
0.999955416 0.004327392 -0.008395857 0.960752010 -0.004344466 0.999988556 -0.002016267 -1.946725368 0.008387036 0.002052653 0.999962747 70.589073181
0.999954402 0.004217948 -0.008574634 0.970162988 -0.004235009 0.999989092 -0.001972532 -1.965530872 0.008566221 0.002008755 0.999961257 71.129325867
0.999953091 0.004192844 -0.008739964 0.973634243 -0.004205331 0.999990106 -0.001410860 -1.986711621 0.008733964 0.001447548 0.999960840 71.665420532
0.999956191 0.004168265 -0.008383267 0.977462113 -0.004185305 0.999989212 -0.002016059 -1.990927219 0.008374773 0.002051057 0.999962807 72.207878113
0.999957561 0.003285841 -0.008600374 0.990973651 -0.003298406 0.999993503 -0.001447211 -2.016802549 0.008595563 0.001475518 0.999961972 72.741607666
0.999956667 0.003482130 -0.008633679 0.988196313 -0.003494876 0.999992907 -0.001461656 -2.032243252 0.008628528 0.001491767 0.999961674 73.286819458
0.999958038 0.003803454 -0.008335954 0.994563103 -0.003820683 0.999990582 -0.002051749 -2.041554213 0.008328073 0.002083512 0.999963164 73.820884705
0.999957681 0.003182507 -0.008630771 1.008057356 -0.003195953 0.999993801 -0.001544368 -2.060705423 0.008625802 0.001571886 0.999961555 74.353889465
0.999953628 0.003649900 -0.008909097 1.013394713 -0.003658364 0.999992847 -0.000933839 -2.083000660 0.008905624 0.000966388 0.999959886 74.893188477
0.999956727 0.003510233 -0.008611117 1.015613079 -0.003524142 0.999992490 -0.001600601 -2.097942829 0.008605433 0.001630878 0.999961615 75.429885864
0.999953806 0.003512255 -0.008943004 1.024146676 -0.003523451 0.999993026 -0.001236500 -2.115217686 0.008938598 0.001267953 0.999959230 75.978141785
0.999958158 0.002902934 -0.008665392 1.032248974 -0.002919002 0.999994040 -0.001842156 -2.126443386 0.008659993 0.001867374 0.999960721 76.505531311
0.999959648 0.002679579 -0.008571018 1.040277243 -0.002697872 0.999994099 -0.002123429 -2.138428450 0.008565279 0.002146467 0.999961019 77.051933289
0.999955714 0.001804694 -0.009233401 1.058986902 -0.001820895 0.999996781 -0.001746387 -2.162632465 0.009230221 0.001763123 0.999955833 77.577491760
0.999960601 0.003257993 -0.008248603 1.046664238 -0.003274296 0.999992728 -0.001963610 -2.176194191 0.008242144 0.001990541 0.999964058 78.126846313
0.999956131 0.003160423 -0.008814462 1.064236641 -0.003175043 0.999993622 -0.001645081 -2.195920706 0.008809206 0.001672995 0.999959826 78.671684265
0.999958634 0.003482336 -0.008404567 1.057594776 -0.003499657 0.999991775 -0.002047056 -2.203489304 0.008397371 0.002076385 0.999962509 79.212059021
0.999958277 0.003683896 -0.008358271 1.059759021 -0.003699891 0.999991357 -0.001899047 -2.221528769 0.008351200 0.001929893 0.999963284 79.736488342
0.999966860 0.004225653 -0.006950891 1.066816092 -0.004237686 0.999989688 -0.001717545 -2.237410784 0.006943560 0.001746945 0.999974370 80.283134460
0.999971807 0.004200925 -0.006214029 1.078691483 -0.004213706 0.999989033 -0.002045201 -2.252276897 0.006205368 0.002071328 0.999978602 80.816299438
0.999979317 0.004354886 -0.004729426 1.084030628 -0.004363421 0.999988973 -0.001795953 -2.270270824 0.004721552 0.001816552 0.999987185 81.355644226
0.999985099 0.004331021 -0.003319268 1.089748621 -0.004336833 0.999989092 -0.001745819 -2.287044764 0.003311671 0.001760188 0.999992907 81.900909424
0.999989033 0.004691994 0.000068986 1.104811311 -0.004691858 0.999987304 -0.001860795 -2.303162575 -0.000077717 0.001860451 0.999998212 82.449851990
0.999985874 0.004171033 0.003284228 1.136351228 -0.004166971 0.999990642 -0.001242629 -2.329517841 -0.003289380 0.001228926 0.999993801 82.969924927
0.999969304 0.004457055 0.006434287 1.141733170 -0.004444622 0.999988258 -0.001945342 -2.335985422 -0.006442883 0.001916684 0.999977410 83.492073059
0.999921203 0.004887225 0.011555619 1.161521554 -0.004868571 0.999986887 -0.001641854 -2.358760834 -0.011563490 0.001585465 0.999931872 84.039916992
0.999841094 0.004092969 0.017349401 1.185612917 -0.004066786 0.999990463 -0.001544297 -2.375690222 -0.017355558 0.001473495 0.999848306 84.569419861
0.999734700 0.003642814 0.022744972 1.213598132 -0.003610265 0.999992311 -0.001471960 -2.394775629 -0.022750162 0.001389453 0.999740303 85.116020203
0.999605358 0.002696762 0.027958937 1.255088925 -0.002657550 0.999995410 -0.001439566 -2.412244797 -0.027962694 0.001364695 0.999608040 85.647583008
0.999329984 0.003589218 0.036422804 1.277758718 -0.003523495 0.999992192 -0.001868472 -2.421288490 -0.036429223 0.001738885 0.999334693 86.219360352
0.999004304 0.003520075 0.044475667 1.323889494 -0.003449562 0.999992728 -0.001662076 -2.441343069 -0.044481192 0.001506999 0.999009073 86.762702942
0.998648942 0.003458916 0.051849518 1.355544806 -0.003381419 0.999992967 -0.001582297 -2.454792261 -0.051854629 0.001404834 0.998653650 87.306701660
0.998125315 0.003680144 0.061093181 1.403817177 -0.003561625 0.999991536 -0.002048756 -2.465682983 -0.061100204 0.001827325 0.998130023 87.861801147
0.997461915 0.003455110 0.071117990 1.464877605 -0.003326220 0.999992609 -0.001930702 -2.487112045 -0.071124136 0.001689248 0.997466028 88.390663147
0.996843755 0.002841652 0.079337202 1.523384094 -0.002653933 0.999993384 -0.002471421 -2.492455721 -0.079343691 0.002253065 0.996844769 88.947082520
0.996149123 0.002681106 0.087633163 1.590726852 -0.002488479 0.999994218 -0.002307287 -2.510109663 -0.087638840 0.002080329 0.996150076 89.495994568
0.995192826 0.002768797 0.097895570 1.669691563 -0.002553048 0.999993980 -0.002329073 -2.525660038 -0.097901434 0.002067944 0.995193958 90.039680481
0.994024813 0.003203729 0.109106928 1.743558884 -0.003014808 0.999993563 -0.001896441 -2.545778990 -0.109112322 0.001556173 0.994028151 90.568252563
0.992981911 0.002721852 0.118235111 1.823925972 -0.002513659 0.999994934 -0.001909932 -2.563721180 -0.118239716 0.001599325 0.992983758 91.098762512
0.991601229 0.002317529 0.129312128 1.913562775 -0.002097046 0.999996126 -0.001841178 -2.576011658 -0.129315883 0.001554540 0.991602242 91.638015747
0.989987195 0.002144717 0.141141936 2.013815880 -0.001846541 0.999995768 -0.002243533 -2.592293501 -0.141146138 0.001960444 0.989986837 92.183471680
0.988359988 0.002103391 0.152118891 2.114069939 -0.001846788 0.999996603 -0.001828130 -2.614864588 -0.152122214 0.001525919 0.988360524 92.730857849
0.986719131 0.001744534 0.162426114 2.216629982 -0.001434524 0.999996841 -0.002025887 -2.624407053 -0.162429154 0.001765977 0.986718655 93.252960205
0.984446049 0.001765411 0.175678134 2.331851959 -0.001415589 0.999996781 -0.002116563 -2.637276888 -0.175681308 0.001834954 0.984445393 93.785614014
0.982152820 0.000962682 0.188082039 2.455653191 -0.000521074 0.999996960 -0.002397382 -2.649369955 -0.188083783 0.002256591 0.982150435 94.314826965
0.980130732 0.000718015 0.198351368 2.582568169 -0.000324838 0.999997914 -0.002014755 -2.670940876 -0.198352396 0.001910291 0.980128884 94.859062195
0.977534711 0.000948150 0.210772157 2.725049973 -0.000514959 0.999997616 -0.002110135 -2.691180706 -0.210773662 0.001954191 0.977532923 95.385078430
0.974489033 0.000246322 0.224435151 2.872381210 0.000138603 0.999998569 -0.001699327 -2.702985525 -0.224435240 0.001687083 0.974487543 95.912117004
0.971848726 0.000427843 0.235605225 3.012670517 0.000054549 0.999997914 -0.002040939 -2.715843439 -0.235605597 0.001996337 0.971846640 96.440391541
0.969002545 -0.000277767 0.247050509 3.179832458 0.000681085 0.999998569 -0.001547077 -2.745837450 -0.247049764 0.001667384 0.969001353 96.943824768
0.965327322 0.000618562 0.261041433 3.347356796 -0.000299549 0.999999166 -0.001261866 -2.762479305 -0.261041999 0.001139920 0.965326786 97.483596802
0.961632729 0.000492133 0.274339616 3.495220184 -0.000061017 0.999998748 -0.001580002 -2.764770746 -0.274340093 0.001502643 0.961631536 98.012145996
0.958576560 -0.000056935 0.284835041 3.674905777 0.000441844 0.999999106 -0.001287086 -2.782471657 -0.284834772 0.001359623 0.958575606 98.520324707
0.954278886 -0.000323453 0.298917592 3.855735779 0.000800102 0.999998569 -0.001472202 -2.799350500 -0.298916727 0.001644056 0.954277754 99.029342651
0.949990213 -0.000436470 0.312279433 4.052885056 0.001102514 0.999997497 -0.001956285 -2.803981543 -0.312277794 0.002202744 0.949988306 99.545059204
0.946235538 -0.001402636 0.323475510 4.252962112 0.002097934 0.999996185 -0.001800784 -2.820384741 -0.323471695 0.002382596 0.946234882 100.052574158
0.941483378 -0.001669254 0.337055385 4.447803497 0.002382833 0.999995708 -0.001703428 -2.842367172 -0.337051094 0.002406896 0.941483378 100.545196533
0.936436236 -0.002169600 0.350831062 4.668001175 0.003032176 0.999993503 -0.001909331 -2.854882479 -0.350824654 0.002851748 0.936436772 101.068740845
0.931814492 -0.002926453 0.362923086 4.891912460 0.003651613 0.999992430 -0.001312108 -2.873280287 -0.362916529 0.002547896 0.931818187 101.577812195
0.927438617 -0.003880672 0.373955339 5.117460251 0.004884388 0.999986470 -0.001736438 -2.885163307 -0.373943567 0.003436983 0.927445114 102.061523438
0.921272457 -0.003254127 0.388904035 5.343036652 0.004064362 0.999990880 -0.001260688 -2.904219151 -0.388896376 0.002742084 0.921277463 102.566879272
0.915471911 -0.002986213 0.402370811 5.586471558 0.003860672 0.999991596 -0.001362297 -2.919491291 -0.402363420 0.002800566 0.915475726 103.095420837
0.910699427 -0.003743410 0.413052678 5.836200714 0.004503568 0.999989450 -0.000866781 -2.941087961 -0.413045108 0.002649588 0.910706639 103.572402954
0.904399753 -0.004641960 0.426661044 6.096763611 0.005700509 0.999982953 -0.001203901 -2.950162888 -0.426648170 0.003520993 0.904410720 104.057174683
0.897615731 -0.004732903 0.440753430 6.355396271 0.005751536 0.999983013 -0.000975254 -2.964445114 -0.440741301 0.003410412 0.897627711 104.584869385
0.891953051 -0.005201045 0.452098161 6.627685547 0.006434942 0.999978602 -0.001191626 -2.981084585 -0.452082157 0.003972099 0.891967475 105.056465149
0.886539102 -0.005940800 0.462615579 6.897903442 0.007172415 0.999973893 -0.000903519 -2.998053074 -0.462598115 0.004119075 0.886558592 105.517715454
0.878871322 -0.005986517 0.477021366 7.164585114 0.007147757 0.999974251 -0.000619670 -3.009099007 -0.477005363 0.003954243 0.878891468 106.024276733
0.872093976 -0.005995628 0.489301711 7.459884644 0.007258778 0.999973416 -0.000684380 -3.022002220 -0.489284545 0.004148576 0.872114301 106.499412537
