1.000000000 0.000000000 0.000000000 0.000000000 0.000000000 1.000000000 0.000000000 0.000000000 0.000000000 0.000000000 1.000000000 0.000000000
1.000000000 -0.000092079 -0.000025247 0.000184425 0.000092078 1.000000000 -0.000024763 -0.000010481 0.000025250 0.000024761 1.000000000 -0.000184777
1.000000000 -0.000043541 0.000007887 -0.000688000 0.000043541 1.000000000 -0.000013148 0.000024471 -0.000007886 0.000013149 1.000000000 -0.000768472
1.000000000 -0.000097333 0.000104435 -0.000802688 0.000097338 1.000000000 -0.000050766 0.000702285 -0.000104430 0.000050776 1.000000000 0.000111141
1.000000000 -0.000167668 0.000011557 0.000123995 0.000167669 1.000000000 -0.000006963 0.000490263 -0.000011556 0.000006965 1.000000000 0.000518745
1.000000000 0.000017956 0.000042302 -0.001023867 -0.000017955 1.000000000 -0.000009148 -0.000098222 -0.000042302 0.000009147 1.000000000 -0.001228332
1.000000000 0.000010000 0.000028878 -0.001093583 -0.000009995 1.000000000 -0.000193968 0.001086876 -0.000028879 0.000193968 1.000000000 0.000165035
1.000000000 0.000046486 0.000101069 -0.000491343 -0.000046482 1.000000000 -0.000038039 0.000110415 -0.000101070 0.000038035 1.000000000 0.000323955
1.000000000 0.000205324 0.000121109 -0.002128995 -0.000205323 1.000000000 -0.000011221 0.000308627 -0.000121111 0.000011196 1.000000000 0.000027503
1.000000000 0.000135639 0.000129558 -0.001394989 -0.000135627 1.000000000 -0.000091288 0.001040717 -0.000129570 0.000091270 1.000000000 0.001004541
1.000000000 0.000115618 0.000080422 -0.001372559 -0.000115601 1.000000000 -0.000206058 0.001247080 -0.000080446 0.000206049 1.000000000 -0.000382860
1.000000000 -0.000054679 0.000064549 -0.001109728 0.000054686 1.000000000 -0.000110501 0.001748817 -0.000064542 0.000110505 1.000000000 0.001085550
1.000000000 0.000155091 0.000110891 -0.001263510 -0.000155070 0.999999940 -0.000189057 0.002436880 -0.000110921 0.000189040 1.000000000 0.002180375
1.000000000 0.000028873 0.000073702 -0.000802329 -0.000028867 1.000000000 -0.000086261 0.000836589 -0.000073704 0.000086259 1.000000000 0.000497132
1.000000000 0.000146399 0.000195325 -0.002222275 -0.000146374 1.000000000 -0.000128074 0.001342929 -0.000195343 0.000128045 1.000000000 0.002095409
0.999999940 0.000296270 0.000170590 -0.002522310 -0.000296246 0.999999940 -0.000138101 0.001599399 -0.000170631 0.000138051 1.000000000 0.002006041
0.999999940 0.000253903 0.000164487 -0.001616617 -0.000253878 0.999999940 -0.000149451 0.002268984 -0.000164525 0.000149409 1.000000000 0.003275341
1.000000000 0.000152960 0.000174698 -0.001862416 -0.000152933 1.000000000 -0.000154965 0.001521521 -0.000174722 0.000154938 1.000000000 0.002055701
0.999999940 0.000119720 0.000223680 -0.002833165 -0.000119712 1.000000000 -0.000039377 0.001178243 -0.000223685 0.000039350 1.000000000 0.002514554
1.000000000 0.000141914 0.000133511 -0.001468892 -0.000141913 1.000000000 -0.000003064 0.001312903 -0.000133511 0.000003045 1.000000000 0.001691122
1.000000000 0.000149656 0.000154229 -0.001746217 -0.000149643 1.000000000 -0.000083731 0.001013209 -0.000154242 0.000083708 1.000000000 0.002333981
1.000000000 0.000182079 0.000099306 -0.001728220 -0.000182071 1.000000000 -0.000077836 0.000946447 -0.000099320 0.000077818 1.000000000 0.001822819
0.999999940 0.000272012 0.000161432 -0.002293528 -0.000271986 0.999999940 -0.000162942 0.001808013 -0.000161476 0.000162898 1.000000000 0.003038357
0.999999940 0.000286165 0.000210834 -0.002097100 -0.000286137 0.999999940 -0.000133457 0.001696352 -0.000210873 0.000133396 0.999999940 0.002074902
1.000000000 0.000144313 0.000154261 -0.001156201 -0.000144295 1.000000000 -0.000118695 0.002856482 -0.000154278 0.000118673 1.000000000 0.003697297
0.999999940 0.000194510 0.000187153 -0.002189993 -0.000194502 1.000000000 -0.000040275 0.000863886 -0.000187161 0.000040238 1.000000000 0.002367572
1.000000000 0.000113413 0.000067836 -0.000975917 -0.000113406 1.000000000 -0.000095506 0.001851657 -0.000067846 0.000095498 1.000000000 0.001669910
1.000000000 0.000013370 0.000119366 -0.001231474 -0.000013357 1.000000000 -0.000110423 0.001276558 -0.000119367 0.000110421 1.000000000 0.002018829
1.000000000 0.000102016 0.000183222 -0.001748220 -0.000102000 1.000000000 -0.000089350 0.001055239 -0.000183232 0.000089331 1.000000000 0.002403477
1.000000000 0.000029125 0.000159456 -0.002020305 -0.000029109 1.000000000 -0.000096427 0.001412607 -0.000159458 0.000096423 1.000000000 0.002351833
1.000000000 0.000146110 0.000159207 -0.001911541 -0.000146086 1.000000000 -0.000150610 0.001742960 -0.000159229 0.000150587 1.000000000 0.002761408
0.999999940 0.000213360 0.000190752 -0.001641263 -0.000213352 1.000000000 -0.000040382 0.000942011 -0.000190761 0.000040341 1.000000000 0.001276662
0.999999940 0.000216071 0.000184659 -0.002360980 -0.000216037 0.999999940 -0.000183238 0.001615053 -0.000184698 0.000183198 0.999999940 0.002141489
0.999999940 0.000287154 0.000243472 -0.002226163 -0.000287115 0.999999940 -0.000159183 0.001552335 -0.000243517 0.000159113 0.999999940 0.001484926
1.000000000 0.000173556 0.000139229 -0.002058680 -0.000173553 1.000000000 -0.000022771 0.000790477 -0.000139233 0.000022746 1.000000000 0.001709086
1.000000000 0.000085016 0.000113151 -0.001356097 -0.000085009 1.000000000 -0.000063909 0.001404460 -0.000113156 0.000063900 1.000000000 0.002959465
0.999999940 0.000243688 0.000200073 -0.002314411 -0.000243676 0.999999940 -0.000059642 0.000983720 -0.000200088 0.000059594 1.000000000 0.002374193
1.000000000 0.000184230 0.000110676 -0.000985979 -0.000184218 1.000000000 -0.000110276 0.001334797 -0.000110696 0.000110255 1.000000000 0.001348735
1.000000000 0.000043447 0.000101607 -0.000943641 -0.000043429 1.000000000 -0.000175139 0.001099527 -0.000101614 0.000175135 1.000000000 0.001914091
0.999999821 0.000366649 0.000297295 -0.002240804 -0.000366420 0.999999642 -0.000770050 0.000031299 -0.000297577 0.000769941 0.999999583 0.051332500
0.999999940 0.000290443 0.000167336 0.000112989 -0.000290214 0.999999046 -0.001366806 -0.001728572 -0.000167733 0.001366757 0.999999046 0.141552582
0.999999881 0.000479623 0.000156129 0.001811136 -0.000479422 0.999999046 -0.001286375 -0.007253748 -0.000156746 0.001286300 0.999999166 0.253934324
0.999999940 0.000347907 0.000085870 0.005480981 -0.000347800 0.999999166 -0.001248606 -0.009954432 -0.000086305 0.001248576 0.999999225 0.385880619
0.999999821 0.000561165 0.000087482 0.007650146 -0.000561089 0.999999464 -0.000876109 -0.018196231 -0.000087973 0.000876060 0.999999583 0.523947179
0.999999821 0.000521032 0.000248882 0.009909172 -0.000520824 0.999999523 -0.000835127 -0.023178535 -0.000249317 0.000834997 0.999999583 0.674332500
0.999999821 0.000634822 0.000010419 0.019337712 -0.000634814 0.999999464 -0.000836440 -0.025639273 -0.000010950 0.000836433 0.999999642 0.839942098
0.999999821 0.000659350 0.000097638 0.019449756 -0.000659284 0.999999583 -0.000679364 -0.031780273 -0.000098086 0.000679300 0.999999762 1.008262992
0.999999881 0.000472233 -0.000204507 0.025911499 -0.000472365 0.999999702 -0.000647416 -0.035549484 0.000204201 0.000647512 0.999999762 1.179888487
0.999999940 0.000305321 -0.000264353 0.034244370 -0.000305328 0.999999940 -0.000028911 -0.045780271 0.000264344 0.000028991 0.999999940 1.368749380
0.999999642 0.000825017 -0.000285375 0.036283307 -0.000825045 0.999999642 -0.000098555 -0.049528662 0.000285293 0.000098791 0.999999940 1.558905602
1.000000000 0.000015277 -0.000131153 0.037613481 -0.000015204 0.999999821 0.000550457 -0.058425799 0.000131161 -0.000550455 0.999999821 1.747893929
0.999999940 -0.000280080 -0.000077786 0.042896144 0.000280124 0.999999821 0.000563478 -0.061420437 0.000077628 -0.000563500 0.999999821 1.952691555
1.000000000 -0.000158233 -0.000025543 0.044893198 0.000158247 0.999999821 0.000548347 -0.069203325 0.000025456 -0.000548351 0.999999821 2.163210154
0.999999940 0.000269756 0.000142220 0.048257254 -0.000269837 0.999999821 0.000567450 -0.074331902 -0.000142067 -0.000567488 0.999999821 2.380820036
1.000000000 0.000021910 0.000208650 0.052724563 -0.000022038 0.999999821 0.000612831 -0.078591332 -0.000208636 -0.000612836 0.999999762 2.593549252
0.999999881 0.000256074 0.000400609 0.057388898 -0.000256385 0.999999583 0.000777309 -0.089746661 -0.000400409 -0.000777412 0.999999583 2.821261883
0.999999940 0.000104128 0.000357422 0.062649176 -0.000104468 0.999999523 0.000951330 -0.094706640 -0.000357323 -0.000951367 0.999999464 3.058194876
0.999999940 0.000360647 0.000021572 0.069194175 -0.000360666 0.999999523 0.000889716 -0.101592988 -0.000021251 -0.000889724 0.999999583 3.299983978
0.999999881 -0.000421001 0.000091208 0.078679465 0.000420953 0.999999762 0.000528062 -0.104478940 -0.000091430 -0.000528024 0.999999881 3.551581621
0.999999940 -0.000175468 0.000196081 0.083470359 0.000175372 0.999999821 0.000485471 -0.110885710 -0.000196166 -0.000485437 0.999999881 3.809905291
0.999999940 0.000095897 0.000251567 0.083025135 -0.000096132 0.999999583 0.000934678 -0.116546243 -0.000251477 -0.000934702 0.999999523 4.064340591
0.999999940 0.000334195 0.000279916 0.088828243 -0.000334497 0.999999464 0.001078796 -0.121426530 -0.000279555 -0.001078890 0.999999404 4.324340343
0.999999881 0.000036899 0.000397193 0.093137302 -0.000037254 0.999999642 0.000892811 -0.130085886 -0.000397160 -0.000892825 0.999999523 4.577108860
0.999999940 0.000063856 0.000293253 0.104494072 -0.000064224 0.999999225 0.001257816 -0.139717311 -0.000293172 -0.001257835 0.999999166 4.825288773
0.999999940 0.000455446 0.000130892 0.112264507 -0.000455623 0.999999046 0.001354723 -0.146242395 -0.000130274 -0.001354782 0.999999106 5.084037304
0.999999762 0.000223737 0.000634132 0.108369194 -0.000224335 0.999999464 0.000942961 -0.156198665 -0.000633921 -0.000943103 0.999999344 5.348400116
0.999999702 0.000317445 0.000592605 0.117841929 -0.000317931 0.999999642 0.000819328 -0.160609186 -0.000592345 -0.000819516 0.999999464 5.602841854
0.999999344 0.000695642 0.000901573 0.115405045 -0.000696758 0.999998987 0.001238121 -0.171196505 -0.000900711 -0.001238748 0.999998748 5.870446205
0.999998927 0.000995951 0.001064457 0.117923848 -0.000997156 0.999998808 0.001131893 -0.180976883 -0.001063328 -0.001132953 0.999998748 6.148585796
0.999999762 0.000099914 0.000634325 0.135719150 -0.000100706 0.999999225 0.001249347 -0.184673041 -0.000634199 -0.001249410 0.999998987 6.439054489
0.999999642 0.000362473 0.000694596 0.139477551 -0.000363293 0.999999225 0.001180741 -0.196570441 -0.000694168 -0.001180993 0.999999046 6.722790718
0.999999642 0.000060714 0.000843036 0.145615995 -0.000061690 0.999999344 0.001157978 -0.202968433 -0.000842965 -0.001158030 0.999998927 7.021108627
0.999999404 0.000710247 0.000962303 0.146851718 -0.000711330 0.999999106 0.001126080 -0.212733671 -0.000961503 -0.001126764 0.999998868 7.319447041
0.999999285 0.000642208 0.000971267 0.147261754 -0.000642983 0.999999464 0.000797535 -0.220438555 -0.000970754 -0.000798159 0.999999225 7.630702019
0.999999166 0.000583019 0.001197933 0.153101265 -0.000584022 0.999999464 0.000836736 -0.230657518 -0.001197445 -0.000837435 0.999998987 7.938367844
0.999999225 0.000648807 0.001059882 0.161237225 -0.000649920 0.999999166 0.001049962 -0.240623236 -0.001059200 -0.001050650 0.999998868 8.238276482
0.999999106 0.000653644 0.001193164 0.166269690 -0.000655233 0.999998868 0.001331650 -0.252834737 -0.001192292 -0.001332430 0.999998450 8.553095818
0.999999285 0.000356219 0.001133897 0.167642266 -0.000357373 0.999999404 0.001017170 -0.256846488 -0.001133534 -0.001017575 0.999998868 8.912556648
0.999999404 0.000741982 0.000836644 0.175284207 -0.000742783 0.999999344 0.000958249 -0.267800242 -0.000835932 -0.000958870 0.999999225 9.246571541
0.999998808 0.001083432 0.001100899 0.178649664 -0.001084795 0.999998629 0.001238222 -0.286627650 -0.001099556 -0.001239415 0.999998629 9.582807541
0.999999583 0.000391841 0.000935695 0.187307179 -0.000393406 0.999998510 0.001672839 -0.296737820 -0.000935038 -0.001673206 0.999998152 9.934654236
0.999998271 0.001330629 0.001306477 0.189575687 -0.001332159 0.999998450 0.001170930 -0.305876404 -0.001304916 -0.001172668 0.999998450 10.284574509
0.999998629 0.001007709 0.001325602 0.198280856 -0.001009229 0.999998808 0.001146600 -0.316477537 -0.001324445 -0.001147936 0.999998450 10.653543472
0.999998927 0.000954072 0.001137694 0.205198467 -0.000955525 0.999998689 0.001277796 -0.327228814 -0.001136474 -0.001278882 0.999998569 11.020459175
0.999999225 0.000669233 0.001042189 0.213554680 -0.000670479 0.999999046 0.001195989 -0.336194694 -0.001041388 -0.001196687 0.999998689 11.404931068
0.999997735 0.001427479 0.001564594 0.218481988 -0.001429228 0.999998331 0.001117677 -0.341929615 -0.001562996 -0.001119911 0.999998152 11.783264160
0.999997914 0.001462749 0.001443781 0.226355046 -0.001464626 0.999998093 0.001299757 -0.355034411 -0.001441877 -0.001301869 0.999998093 12.154858589
0.999996901 0.001627595 0.001894012 0.236155406 -0.001630288 0.999997616 0.001420768 -0.368138611 -0.001891695 -0.001423851 0.999997139 12.543893814
0.999996245 0.001794298 0.002081753 0.232394829 -0.001798084 0.999996722 0.001818461 -0.375635862 -0.002078484 -0.001822197 0.999996185 12.950165749
0.999998629 0.000904168 0.001453561 0.250852138 -0.000905881 0.999998868 0.001178518 -0.389926255 -0.001452493 -0.001179832 0.999998271 13.351777077
0.999996603 0.001179439 0.002303231 0.256592274 -0.001183845 0.999997497 0.001912128 -0.408063054 -0.002300970 -0.001914848 0.999995470 13.739994049
0.999995947 0.001321243 0.002530033 0.263950646 -0.001325597 0.999997556 0.001720332 -0.411818892 -0.002527754 -0.001723679 0.999995232 14.172835350
0.999993980 0.001798411 0.002971807 0.270370781 -0.001803049 0.999997020 0.001558563 -0.424385935 -0.002968996 -0.001563912 0.999994278 14.588058472
0.999994338 0.001653710 0.002908876 0.287330598 -0.001656247 0.999998271 0.000869923 -0.435849011 -0.002907432 -0.000874736 0.999995410 15.008539200
0.999994040 0.002080243 0.002752690 0.312355697 -0.002082980 0.999997318 0.000991354 -0.450473666 -0.002750621 -0.000997081 0.999995708 15.455643654
0.999993503 0.001091936 0.003441524 0.310988933 -0.001096710 0.999998391 0.001385656 -0.459969342 -0.003440005 -0.001389421 0.999993145 15.886289597
0.999988377 0.002595536 0.004053954 0.324884176 -0.002602948 0.999994874 0.001824208 -0.480682284 -0.004049199 -0.001834739 0.999990046 16.303134918
0.999988317 0.002728356 0.003986465 0.336409509 -0.002733706 0.999995351 0.001337226 -0.492769241 -0.003982798 -0.001348108 0.999991119 16.747983932
0.999985874 0.001997103 0.004928701 0.337206781 -0.002006577 0.999996245 0.001918074 -0.502481699 -0.004924851 -0.001927937 0.999985933 17.242431641
0.999982476 0.002839468 0.005195280 0.353824854 -0.002846704 0.999994934 0.001385904 -0.521338880 -0.005191319 -0.001400669 0.999985456 17.672174454
0.999982536 0.002577735 0.005314067 0.368490189 -0.002581282 0.999996483 0.000660484 -0.530711114 -0.005312346 -0.000674190 0.999985695 18.141229630
0.999986291 0.002319285 0.004690120 0.394502819 -0.002325882 0.999996245 0.001401382 -0.546693206 -0.004686853 -0.001412272 0.999988019 18.645936966
0.999985814 0.002717145 0.004558084 0.406032741 -0.002724208 0.999995112 0.001543908 -0.557933211 -0.004553866 -0.001556303 0.999988437 19.114919662
0.999986470 0.000884790 0.005121243 0.412607372 -0.000896959 0.999996722 0.002374295 -0.580915451 -0.005119125 -0.002378857 0.999984086 19.566570282
0.999985397 0.001155318 0.005280549 0.417383820 -0.001169500 0.999995708 0.002683362 -0.595508754 -0.005277427 -0.002689498 0.999982476 20.051412582
0.999970734 0.004200416 0.006396350 0.414587975 -0.004214391 0.999988735 0.002172891 -0.605447352 -0.006387151 -0.002199784 0.999977171 20.579133987
0.999983847 0.002418512 0.005147057 0.438465834 -0.002431924 0.999993682 0.002601284 -0.625478089 -0.005140733 -0.002613759 0.999983370 21.107711792
0.999986172 0.002449227 0.004651088 0.452642232 -0.002457783 0.999995291 0.001834636 -0.629483938 -0.004646573 -0.001846042 0.999987483 21.598073959
0.999984503 0.002506074 0.004970045 0.452231497 -0.002517101 0.999994397 0.002213599 -0.649609745 -0.004964470 -0.002226075 0.999985158 22.119329453
0.999990702 0.001931459 0.003849926 0.476339787 -0.001940822 0.999995112 0.002429708 -0.659009576 -0.003845214 -0.002437157 0.999989569 22.592182159
0.999989688 0.002737916 0.003615553 0.475751996 -0.002746886 0.999993145 0.002478345 -0.683367848 -0.003608743 -0.002488251 0.999990344 23.113918304
0.999994218 0.001922023 0.002803674 0.490444422 -0.001929553 0.999994516 0.002685324 -0.700253248 -0.002798498 -0.002690719 0.999992490 23.615760803
0.999997675 0.000683928 0.002066700 0.499388903 -0.000689530 0.999996126 0.002710784 -0.718734205 -0.002064839 -0.002712203 0.999994278 24.139429092
0.999997020 0.001672458 0.001786146 0.505329490 -0.001677101 0.999995232 0.002600711 -0.725671709 -0.001781788 -0.002603699 0.999994934 24.680471420
0.999996960 0.002162186 0.001161754 0.524231851 -0.002165286 0.999994099 0.002673521 -0.737626135 -0.001155967 -0.002676029 0.999995768 25.216907501
0.999997616 0.002158694 0.000380393 0.532019675 -0.002159746 0.999993801 0.002786839 -0.755047798 -0.000374375 -0.002787654 0.999996066 25.744377136
0.999997795 0.002101686 0.000036268 0.543508172 -0.002101769 0.999994814 0.002435972 -0.768661320 -0.000031148 -0.002436043 0.999997020 26.302127838
0.999997556 0.002169452 -0.000066676 0.552627206 -0.002169225 0.999992371 0.003245671 -0.781579912 0.000073716 -0.003245519 0.999994695 26.850223541
0.999996901 0.002465288 -0.000222864 0.552917540 -0.002464577 0.999992073 0.003135750 -0.799487591 0.000230593 -0.003135191 0.999995053 27.401142120
0.999995649 0.002898824 -0.000546853 0.563992381 -0.002897145 0.999991179 0.003047606 -0.814248621 0.000555682 -0.003046009 0.999995172 27.952810287
0.999995172 0.003014741 -0.000767230 0.573252738 -0.003012527 0.999991357 0.002871050 -0.825200856 0.000775880 -0.002868725 0.999995589 28.515583038
0.999994338 0.003186647 -0.001067438 0.585818529 -0.003183489 0.999990582 0.002947554 -0.841323197 0.001076821 -0.002944139 0.999995053 29.051076889
0.999995112 0.002646427 -0.001631615 0.592985034 -0.002641957 0.999992788 0.002735803 -0.852990687 0.001638844 -0.002731479 0.999994934 29.600324631
0.999993801 0.002972296 -0.001882447 0.598801136 -0.002966814 0.999991357 0.002907790 -0.866293907 0.001891073 -0.002902188 0.999993920 30.149925232
0.999992847 0.003028656 -0.002275639 0.614629328 -0.003022107 0.999991298 0.002875836 -0.879805446 0.002284330 -0.002868938 0.999993265 30.693895340
0.999992669 0.003120248 -0.002226637 0.622938097 -0.003113587 0.999990702 0.002989169 -0.898121119 0.002235943 -0.002982214 0.999993026 31.240720749
0.999990880 0.003472977 -0.002490405 0.630053937 -0.003465702 0.999989748 0.002919697 -0.910890460 0.002500519 -0.002911040 0.999992609 31.793481827
0.999990225 0.003364736 -0.002876759 0.643052220 -0.003355983 0.999989748 0.003042393 -0.927399635 0.002886967 -0.003032708 0.999991179 32.336246490
0.999989569 0.003329267 -0.003119709 0.649610817 -0.003319365 0.999989390 0.003174142 -0.939316213 0.003130244 -0.003163753 0.999990046 32.876655579
0.999989748 0.003319787 -0.003060289 0.654795766 -0.003310520 0.999989927 0.003027979 -0.955334246 0.003070310 -0.003017817 0.999990761 33.419960022
0.999988973 0.003543136 -0.003089034 0.666922569 -0.003533156 0.999988556 0.003230606 -0.969481766 0.003100445 -0.003219656 0.999989927 33.968219757
0.999987185 0.004020855 -0.003080040 0.673755765 -0.004011436 0.999987304 0.003057914 -0.978052795 0.003092295 -0.003045520 0.999990523 34.510452271
0.999986172 0.003717735 -0.003727834 0.688959897 -0.003705042 0.999987364 0.003406093 -1.002270460 0.003740449 -0.003392234 0.999987245 35.027145386
0.999987304 0.003884811 -0.003204704 0.698746860 -0.003874008 0.999986827 0.003370170 -1.013186216 0.003217755 -0.003357712 0.999989152 35.564674377
0.999983907 0.004275374 -0.003726070 0.708645523 -0.004263097 0.999985516 0.003296603 -1.031972885 0.003740110 -0.003280666 0.999987602 36.109905243
0.999986112 0.003692340 -0.003745942 0.725341260 -0.003680414 0.999988079 0.003185551 -1.043298006 0.003757660 -0.003171720 0.999987900 36.688320160
0.999983668 0.004079161 -0.003983537 0.731374264 -0.004066957 0.999986947 0.003066516 -1.054644823 0.003995994 -0.003050266 0.999987364 37.240829468
0.999981761 0.004666867 -0.003832315 0.738267303 -0.004656726 0.999985576 0.002650829 -1.064136982 0.003844630 -0.002632934 0.999989152 37.797767639
0.999982357 0.004035233 -0.004352750 0.754974186 -0.004022218 0.999987423 0.002994384 -1.086736441 0.004364779 -0.002976824 0.999985993 38.359115601
0.999982536 0.003782277 -0.004536874 0.767864048 -0.003769549 0.999988973 0.002810756 -1.096275210 0.004547454 -0.002793605 0.999985754 38.904834747
0.999983311 0.003898358 -0.004264932 0.774901628 -0.003885866 0.999988079 0.002933316 -1.111063480 0.004276318 -0.002916694 0.999986589 39.450054169
0.999981761 0.004074349 -0.004459860 0.786419511 -0.004062836 0.999988377 0.002587439 -1.123760104 0.004470350 -0.002569272 0.999986708 40.000480652
0.999980748 0.004309397 -0.004468086 0.796708763 -0.004297204 0.999987006 0.002735215 -1.140935659 0.004479815 -0.002715962 0.999986291 40.543643951
0.999979794 0.004759671 -0.004215084 0.806085587 -0.004749368 0.999985695 0.002451088 -1.152127504 0.004226691 -0.002431019 0.999988139 41.100303650
0.999979794 0.004659852 -0.004322310 0.812597752 -0.004649060 0.999986053 0.002503764 -1.166925550 0.004333917 -0.002483619 0.999987543 41.642417908
0.999979138 0.004972727 -0.004116247 0.818311393 -0.004962441 0.999984622 0.002505452 -1.183238149 0.004128643 -0.002484973 0.999988437 42.193447113
0.999979019 0.005076675 -0.004058121 0.833551884 -0.005068067 0.999984920 0.002128741 -1.190556049 0.004068867 -0.002108129 0.999989510 42.757324219
0.999979436 0.005099552 -0.003899461 0.840229630 -0.005090241 0.999984205 0.002393843 -1.209136009 0.003911607 -0.002373944 0.999989569 43.292247772
0.999977648 0.005408228 -0.003908497 0.853245020 -0.005400097 0.999983191 0.002087946 -1.220059156 0.003919724 -0.002066793 0.999990106 43.843429565
0.999977052 0.005720584 -0.003623142 0.859071970 -0.005712897 0.999981463 0.002128487 -1.236941814 0.003635251 -0.002107739 0.999991119 44.384464264
0.999978185 0.005162358 -0.004118240 0.876075268 -0.005152605 0.999983907 0.002375207 -1.243624687 0.004130435 -0.002353936 0.999988616 44.922725677
0.999977589 0.005425603 -0.003915033 0.883782923 -0.005417734 0.999983251 0.002017724 -1.259219885 0.003925916 -0.001996468 0.999990284 45.473220825
0.999976814 0.005732965 -0.003674568 0.890565097 -0.005727328 0.999982417 0.001542606 -1.268188000 0.003683346 -0.001521525 0.999992073 46.023151398
0.999980867 0.005087430 -0.003521276 0.903654695 -0.005080366 0.999985039 0.002012274 -1.284936666 0.003531462 -0.001994345 0.999991775 46.585594177
0.999978006 0.005442149 -0.003796631 0.917414486 -0.005434368 0.999983132 0.002056159 -1.292811871 0.003807757 -0.002035481 0.999990702 47.140438080
0.999976397 0.005445933 -0.004173153 0.929296076 -0.005437072 0.999983072 0.002131685 -1.306168556 0.004184691 -0.002108946 0.999989033 47.704082489
0.999976993 0.005358899 -0.004156439 0.938063264 -0.005351470 0.999984026 0.001796514 -1.318257570 0.004166000 -0.001774230 0.999989748 48.253780365
0.999977231 0.005431723 -0.004010301 0.944818139 -0.005424234 0.999983549 0.001876281 -1.332319736 0.004020426 -0.001854485 0.999990225 48.796062469
0.999975979 0.005710680 -0.003923594 0.949761987 -0.005704732 0.999982476 0.001524965 -1.345390558 0.003932235 -0.001502545 0.999991119 49.342655182
0.999972761 0.006504095 -0.003490667 0.962807536 -0.006497380 0.999976993 0.001931402 -1.363951445 0.003503149 -0.001908669 0.999992013 49.882026672
0.999971628 0.006632905 -0.003564592 0.972794771 -0.006625941 0.999976099 0.001962063 -1.377485275 0.003577520 -0.001938389 0.999991655 50.409801483
0.999972939 0.006463834 -0.003510569 0.979498386 -0.006457226 0.999977291 0.001890195 -1.394328713 0.003522708 -0.001867476 0.999992073 50.937736511
0.999973238 0.006332404 -0.003659633 0.996897757 -0.006324217 0.999977469 0.002244629 -1.408929348 0.003673764 -0.002221424 0.999990761 51.487041473
0.999973476 0.006233253 -0.003762426 1.002132893 -0.006225283 0.999978364 0.002126353 -1.421924710 0.003775599 -0.002102875 0.999990582 52.038681030
0.999969423 0.007219134 -0.003004793 1.002284527 -0.007213996 0.999972463 0.001717673 -1.437076092 0.003017111 -0.001695943 0.999994040 52.583866119
0.999972582 0.006678770 -0.003180784 1.011814594 -0.006672677 0.999975860 0.001922267 -1.450131178 0.003193546 -0.001900990 0.999993086 53.130084991
0.999971867 0.007002344 -0.002672879 1.016442299 -0.006998156 0.999974191 0.001572433 -1.463761449 0.002683821 -0.001553684 0.999995172 53.678306580
0.999970496 0.007283609 -0.002420711 1.021822810 -0.007280244 0.999972463 0.001396660 -1.482482314 0.002430816 -0.001378995 0.999996066 54.232402802
0.999967754 0.007719601 -0.002200044 1.030197263 -0.007716951 0.999969482 0.001209732 -1.493555069 0.002209315 -0.001192715 0.999996841 54.786071777
0.999969363 0.007453041 -0.002365422 1.034541607 -0.007449878 0.999971330 0.001342683 -1.513654232 0.002375363 -0.001325020 0.999996245 55.330398560
0.999968529 0.007638757 -0.002199898 1.038601160 -0.007635645 0.999969840 0.001419224 -1.527829289 0.002210673 -0.001402381 0.999996603 55.875877380
0.999969602 0.007471649 -0.002203313 1.043486595 -0.007467512 0.999970376 0.001879855 -1.548570991 0.002217293 -0.001863344 0.999995828 56.411830902
0.999966383 0.008004854 -0.001767474 1.048501253 -0.008001858 0.999966562 0.001694488 -1.565949678 0.001780979 -0.001680288 0.999997020 56.952278137
0.999962568 0.008565146 -0.001185528 1.045814514 -0.008563224 0.999961972 0.001617977 -1.580612421 0.001199341 -0.001607764 0.999997973 57.489746094
0.999962687 0.008571591 -0.001041427 1.052662611 -0.008569938 0.999962032 0.001582283 -1.598132372 0.001054950 -0.001573299 0.999998152 58.025920868
0.999964774 0.008352003 -0.000850079 1.062885523 -0.008350470 0.999963522 0.001793623 -1.616902590 0.000865028 -0.001786461 0.999997973 58.561965942
0.999962509 0.008637319 -0.000632743 1.066970706 -0.008636098 0.999960899 0.001907025 -1.631577134 0.000649190 -0.001901489 0.999997914 59.102027893
0.999963403 0.008528448 -0.000541077 1.074839115 -0.008527345 0.999961615 0.002007488 -1.653744102 0.000558177 -0.002002801 0.999997795 59.631908417
0.999962330 0.008633865 -0.000890152 1.086654663 -0.008632173 0.999960959 0.001885657 -1.668433428 0.000906398 -0.001877902 0.999997854 60.173385620
0.999962151 0.008665981 -0.000770218 1.092965603 -0.008664600 0.999960899 0.001778802 -1.680225134 0.000785602 -0.001772061 0.999998033 60.727470398
0.999958515 0.009108769 -0.000171141 1.098007083 -0.009108461 0.999957025 0.001722415 -1.698100686 0.000186822 -0.001720784 0.999998510 61.267387390
0.999957681 0.009191430 0.000241632 1.108135939 -0.009191821 0.999956310 0.001677615 -1.710214019 -0.000226201 -0.001679765 0.999998510 61.814483643
0.999958873 0.009061986 0.000083227 1.117117286 -0.009062097 0.999957740 0.001494766 -1.728864908 -0.000069678 -0.001495458 0.999998808 62.355930328
0.999952734 0.009698616 0.000622333 1.122995615 -0.009699365 0.999952137 0.001212150 -1.744501829 -0.000610547 -0.001218128 0.999999046 62.903209686
0.999949634 0.010026528 0.000465437 1.131868958 -0.010027090 0.999948978 0.001218746 -1.757298708 -0.000453193 -0.001223352 0.999999166 63.445640564
0.999950469 0.009938330 0.000522820 1.140799165 -0.009938871 0.999949992 0.001039021 -1.775688171 -0.000512469 -0.001044166 0.999999344 63.988212585
0.999947488 0.010229683 0.000645696 1.149891615 -0.010230414 0.999947011 0.001139504 -1.793921471 -0.000634005 -0.001146050 0.999999166 64.516540527
0.999947906 0.010192219 0.000760493 1.158010960 -0.010193333 0.999946952 0.001474762 -1.811925054 -0.000745422 -0.001482437 0.999998569 65.055114746
0.999949336 0.010046892 0.000637917 1.170131087 -0.010047642 0.999948740 0.001182667 -1.826020598 -0.000626002 -0.001189017 0.999999106 65.578079224
0.999947369 0.010231644 0.000771369 1.177566171 -0.010232686 0.999946713 0.001358707 -1.843879700 -0.000757426 -0.001366529 0.999998808 66.109886169
0.999940515 0.010847728 0.001124754 1.180318356 -0.010848597 0.999940872 0.000768119 -1.854172826 -0.001116356 -0.000780276 0.999999046 66.653221130
0.999934852 0.011301724 0.001586511 1.189519405 -0.011302634 0.999935985 0.000565440 -1.869989753 -0.001580019 -0.000583335 0.999998569 67.216735840
0.999948204 0.010122034 0.000989505 1.207959533 -0.010123223 0.999947965 0.001202745 -1.896615863 -0.000977279 -0.001212699 0.999998808 67.690483093
0.999941051 0.010744601 0.001577363 1.211615443 -0.010746119 0.999941826 0.000956885 -1.914290547 -0.001566990 -0.000973779 0.999998271 68.209915161
0.999939799 0.010819918 0.001835253 1.215295553 -0.010821643 0.999940991 0.000933414 -1.933203340 -0.001825046 -0.000953218 0.999997854 68.738296509
0.999930024 0.011650912 0.002059534 1.211100340 -0.011653698 0.999931216 0.001345754 -1.954738140 -0.002043713 -0.001369661 0.999996960 69.263092041
0.999915481 0.012650399 0.003005488 1.208361268 -0.012653128 0.999919534 0.000890262 -1.964971900 -0.002993984 -0.000928216 0.999995112 69.826400757
0.999918878 0.012327462 0.003222903 1.218126297 -0.012330088 0.999923587 0.000795150 -1.978896737 -0.003212854 -0.000834824 0.999994516 70.384086609
0.999930501 0.011547567 0.002387981 1.244578481 -0.011550011 0.999932766 0.001013272 -1.999094009 -0.002376120 -0.001040782 0.999996662 70.905006409
0.999931335 0.011494998 0.002263751 1.258192182 -0.011496962 0.999933541 0.000857991 -2.015731335 -0.002253738 -0.000883958 0.999997079 71.448112488
0.999936819 0.011051792 0.002066075 1.273266196 -0.011054210 0.999938250 0.001162693 -2.031661987 -0.002053098 -0.001185459 0.999997199 71.977996826
0.999928057 0.011738102 0.002515697 1.277835369 -0.011740574 0.999930620 0.000969396 -2.047037601 -0.002504143 -0.000998862 0.999996364 72.517089844
0.999931633 0.011470315 0.002280144 1.294107318 -0.011472316 0.999933779 0.000866845 -2.059644461 -0.002270050 -0.000892944 0.999997020 73.047782898
0.999923110 0.012152282 0.002477569 1.301202774 -0.012154806 0.999925613 0.001007485 -2.075625658 -0.002465141 -0.001037522 0.999996424 73.585456848
0.999916494 0.012596124 0.002874880 1.312757254 -0.012598912 0.999920189 0.000954055 -2.092908382 -0.002862633 -0.000990196 0.999995410 74.116348267
0.999919116 0.012412470 0.002758023 1.327344656 -0.012416373 0.999921918 0.001402901 -2.107305765 -0.002740394 -0.001437033 0.999995172 74.644195557
0.999914527 0.012705221 0.003057359 1.339788079 -0.012709612 0.999918222 0.001421584 -2.124773979 -0.003039046 -0.001460321 0.999994338 75.179695129
0.999905765 0.013231820 0.003657239 1.351170063 -0.013237298 0.999911308 0.001478055 -2.143736362 -0.003637358 -0.001526328 0.999992192 75.703788757
0.999905169 0.013349895 0.003382634 1.363409638 -0.013354974 0.999909639 0.001483018 -2.158132076 -0.003362531 -0.001528052 0.999993205 76.249534607
0.999910414 0.013035620 0.003039919 1.382485390 -0.013039508 0.999914110 0.001263030 -2.176034212 -0.003023194 -0.001302556 0.999994516 76.792694092
0.999905944 0.013364767 0.003087365 1.393961191 -0.013368797 0.999909759 0.001287835 -2.186259270 -0.003069874 -0.001328988 0.999994397 77.343376160
0.999906600 0.013359256 0.002894121 1.403506517 -0.013363754 0.999909520 0.001540475 -2.206125021 -0.002873280 -0.001579008 0.999994576 77.873046875
0.999911487 0.012871814 0.003367316 1.418608785 -0.012876214 0.999916255 0.001289228 -2.220701456 -0.003350439 -0.001332472 0.999993503 78.413597107
0.999893486 0.014056614 0.003920779 1.427979231 -0.014061070 0.999900520 0.001111384 -2.233910799 -0.003904768 -0.001166397 0.999991655 78.963424683
0.999902427 0.013533889 0.003449267 1.442999482 -0.013537936 0.999907613 0.001152435 -2.250999928 -0.003433352 -0.001199018 0.999993384 79.507301331
0.999899209 0.013715315 0.003657282 1.460122347 -0.013719856 0.999905109 0.001219620 -2.272874832 -0.003640208 -0.001269675 0.999992490 80.028846741
0.999895930 0.013527289 0.005018358 1.467282295 -0.013532832 0.999907851 0.001072267 -2.284485340 -0.005003390 -0.001140068 0.999986827 80.584495544
0.999883115 0.013885080 0.006394987 1.481000423 -0.013892325 0.999902904 0.001090024 -2.302014828 -0.006379231 -0.001178739 0.999978900 81.135711670
0.999878824 0.013641993 0.007495381 1.499332428 -0.013651239 0.999906123 0.001183587 -2.314396620 -0.007478531 -0.001285764 0.999971211 81.686744690
0.999863863 0.013999433 0.008730253 1.512846231 -0.014010403 0.999901235 0.001196638 -2.328627110 -0.008712638 -0.001318789 0.999961197 82.242652893
0.999830127 0.014012216 0.011969154 1.540046692 -0.014023292 0.999901235 0.000841978 -2.341600418 -0.011956174 -0.001009682 0.999927998 82.798034668
0.999764860 0.014330827 0.016272807 1.557049870 -0.014350835 0.999896407 0.001113449 -2.358662844 -0.016255165 -0.001346716 0.999866962 83.343971252
0.999695480 0.014517399 0.019952849 1.576381445 -0.014542811 0.999893546 0.001129044 -2.376520157 -0.019934334 -0.001418870 0.999800265 83.911346436
0.999607980 0.014529406 0.023933841 1.604211926 -0.014568909 0.999892771 0.001476999 -2.395141125 -0.023909815 -0.001825110 0.999712467 84.488113403
0.999436319 0.014498126 0.030278847 1.635786891 -0.014546150 0.999893188 0.001366368 -2.410870314 -0.030255806 -0.001806039 0.999540508 85.045761108
0.999219954 0.014715923 0.036644038 1.675448060 -0.014771108 0.999890089 0.001235622 -2.428730488 -0.036621824 -0.001775931 0.999327600 85.582244873
0.998975515 0.014772485 0.042773869 1.703951120 -0.014821331 0.999889731 0.000825000 -2.435828447 -0.042756967 -0.001458120 0.999084413 86.178123474
0.998581946 0.014715067 0.051161163 1.750984192 -0.014765151 0.999890745 0.000601147 -2.449802160 -0.051146738 -0.001355698 0.998690188 86.738159180
0.998118103 0.014498865 0.059582442 1.807013273 -0.014530671 0.999894440 0.000100547 -2.462347031 -0.059574693 -0.000966130 0.998223364 87.326698303
0.997645915 0.014365361 0.067054100 1.855356693 -0.014391723 0.999896407 -0.000089919 -2.478182793 -0.067048453 -0.000875317 0.997749269 87.881401062
0.996996343 0.013909098 0.076189175 1.912295341 -0.013929435 0.999902904 -0.000264508 -2.493311882 -0.076185465 -0.000797559 0.997093320 88.444747925
0.996173859 0.013407036 0.086359270 1.988922596 -0.013383702 0.999910057 -0.000849193 -2.508366585 -0.086362898 -0.000309863 0.996263623 89.007888794
0.995391548 0.013018033 0.095006227 2.062664032 -0.012969103 0.999915242 -0.001132475 -2.517429590 -0.095012926 -0.000104891 0.995476007 89.581672668
0.994643569 0.012500595 0.102605745 2.139769554 -0.012403861 0.999921799 -0.001580782 -2.536612749 -0.102617480 0.000299607 0.994720757 90.157119751
0.993577361 0.012300665 0.112484433 2.237085342 -0.012180432 0.999924302 -0.001756094 -2.550083160 -0.112497523 0.000374706 0.993651867 90.738037109
0.992348671 0.011939061 0.122888379 2.327672958 -0.011736476 0.999928296 -0.002372290 -2.558922291 -0.122907877 0.000911863 0.992417693 91.320854187
0.991297901 0.009374523 0.131303608 2.460283279 -0.009038555 0.999954164 -0.003154469 -2.574133396 -0.131327122 0.001940223 0.991337299 91.946487427
0.989760458 0.009097817 0.142448097 2.562801361 -0.008797422 0.999957502 -0.002738461 -2.592297077 -0.142466947 0.001457244 0.989798486 92.484161377
0.987655997 0.011396550 0.156223074 2.637514114 -0.011112343 0.999934614 -0.002692500 -2.614317656 -0.156243533 0.000923259 0.987718105 92.966224670
0.985900819 0.011080494 0.166964009 2.747085571 -0.010792363 0.999938250 -0.002632978 -2.629486084 -0.166982904 0.000793919 0.985959470 93.488494873
0.984088898 0.010181509 0.177384704 2.868412018 -0.009754189 0.999947011 -0.003280887 -2.642188072 -0.177408740 0.001498441 0.984136045 94.019241333
0.981623054 0.010166318 0.190559000 2.987897873 -0.009688273 0.999947131 -0.003440126 -2.658864260 -0.190583915 0.001530720 0.981669664 94.559257507
0.979248285 0.010250371 0.202404574 3.132604599 -0.009743485 0.999946356 -0.003500565 -2.677345514 -0.202429593 0.001455797 0.979295731 95.103507996
0.977022290 0.009754889 0.212913692 3.263286591 -0.009208500 0.999951184 -0.003557789 -2.693348646 -0.212937996 0.001515423 0.977064550 95.635147095
0.974067152 0.009227312 0.226070613 3.413246155 -0.008619184 0.999956071 -0.003676915 -2.712069273 -0.226094633 0.001633017 0.974103987 96.168777466
0.970910192 0.008947783 0.239276573 3.561950684 -0.008313429 0.999958754 -0.003660289 -2.729320288 -0.239299476 0.001564603 0.970944464 96.710800171
0.968352675 0.008065227 0.249455720 3.731555939 -0.007325255 0.999965549 -0.003894561 -2.734961271 -0.249478549 0.001943981 0.968378365 97.260032654
0.965307951 0.008276270 0.260982960 3.897712708 -0.007630905 0.999964833 -0.003486074 -2.785295010 -0.261002690 0.001373598 0.965337098 97.732444763
0.961705625 0.006805076 0.273999780 4.081226349 -0.005993905 0.999974787 -0.003797571 -2.801470995 -0.274018675 0.002009816 0.961722255 98.256813049
0.957969308 0.007039029 0.286784112 4.253713608 -0.006197632 0.999973416 -0.003841569 -2.823019743 -0.286803514 0.001902723 0.957987547 98.770179749
0.954388738 0.007338964 0.298476517 4.434141159 -0.006614769 0.999972224 -0.003436447 -2.847010136 -0.298493445 0.001305354 0.954410791 99.280487061
0.949976623 0.007240312 0.312236816 4.633249283 -0.006414485 0.999972701 -0.003671903 -2.862267017 -0.312254846 0.001485383 0.949997187 99.793937683
0.945329666 0.006756463 0.326046050 4.837181091 -0.005851054 0.999975801 -0.003757518 -2.881189823 -0.326063514 0.001644381 0.945346415 100.301811218
0.941329718 0.006200848 0.337431073 5.048587799 -0.004938825 0.999977171 -0.004598401 -2.893278122 -0.337451965 0.002662099 0.941339016 100.816673279
0.936665118 0.005059968 0.350189596 5.262123108 -0.003652221 0.999982357 -0.004680240 -2.914858103 -0.350207150 0.003104848 0.936667144 101.326606750
0.931240499 0.005130956 0.364368975 5.478199005 -0.003805422 0.999983251 -0.004355773 -2.937628269 -0.364385277 0.002669695 0.931244493 101.806648254
0.926389873 0.004954457 0.376533061 5.707181931 -0.003653633 0.999984562 -0.004168804 -2.955251694 -0.376547933 0.002486224 0.926393807 102.306274414
0.921550632 0.003649504 0.388240963 5.942459106 -0.002214671 0.999988973 -0.004143131 -2.981003761 -0.388251841 0.002958280 0.921548486 102.815277100
0.915798426 0.002916851 0.401627570 6.186580658 -0.001151055 0.999988616 -0.004637838 -2.995977879 -0.401636541 0.003785030 0.915791273 103.298202515
0.909408331 0.003412349 0.415890396 6.428218842 -0.002004246 0.999990702 -0.003822257 -3.018948317 -0.415899575 0.002642445 0.909406722 103.797134399
0.904507041 0.003002087 0.426448256 6.683074951 -0.001665087 0.999992430 -0.003508003 -3.038315535 -0.426455587 0.002462939 0.904505134 104.273071289
0.898491859 0.002269845 0.438984305 6.936412811 -0.000751494 0.999993145 -0.003632517 -3.059896469 -0.438989580 0.002933892 0.898487389 104.756591797
0.891874969 0.001466671 0.452279657 7.206726074 0.000002212 0.999994814 -0.003247185 -3.081353426 -0.452282041 0.002897084 0.891870260 105.238174438
0.885747194 0.001887831 0.464164138 7.478412628 -0.000347165 0.999994099 -0.003404658 -3.103807926 -0.464167863 0.002854524 0.885742664 105.708625793
0.879681349 0.001794319 0.475560308 7.755584717 -0.000249501 0.999994457 -0.003311520 -3.123626471 -0.475563645 0.002794429 0.879676819 106.180557251
0.872068882 0.001101663 0.489381880 8.037460327 0.000573685 0.999994397 -0.003273413 -3.140650272 -0.489382803 0.003135392 0.872063458 106.633445740
0.864942253 0.000950767 0.501870573 8.328235626 0.000599325 0.999995530 -0.002927339 -3.162858963 -0.501871109 0.002832762 0.864937901 107.084564209
0.858404219 0.000473799 0.512973487 8.629573822 0.001337559 0.999994040 -0.003161883 -3.177792788 -0.512972057 0.003400306 0.858398676 107.550384521
