1.000000000 0.000000000 0.000000000 0.000000000 0.000000000 1.000000000 0.000000000 0.000000000 0.000000000 0.000000000 1.000000000 0.000000000
1.000000000 0.000094275 0.000019154 -0.000384732 -0.000094277 1.000000000 0.000125172 -0.000247163 -0.000019142 -0.000125174 1.000000000 -0.000065486
1.000000000 0.000094616 -0.000009137 -0.000583936 -0.000094616 1.000000000 0.000001610 0.000378442 0.000009138 -0.000001609 1.000000000 -0.000263752
1.000000000 0.000144572 0.000120652 -0.000997105 -0.000144577 1.000000000 0.000041071 -0.000407225 -0.000120646 -0.000041089 1.000000000 -0.000093654
0.999999940 0.000136636 0.000291193 -0.002027652 -0.000136642 1.000000000 0.000020089 0.000422901 -0.000291190 -0.000020129 0.999999940 0.000845123
1.000000000 -0.000103095 0.000057712 -0.000518579 0.000103093 1.000000000 0.000032385 0.000075646 -0.000057715 -0.000032379 1.000000000 0.000308713
0.999999940 0.000155967 0.000202121 -0.002141916 -0.000155985 1.000000000 0.000091603 -0.000227236 -0.000202107 -0.000091634 1.000000000 -0.000601687
1.000000000 0.000180196 0.000128393 -0.001542637 -0.000180192 1.000000000 -0.000029406 -0.000176415 -0.000128399 0.000029383 1.000000000 -0.001003539
1.000000000 0.000115204 0.000168283 -0.001835351 -0.000115208 1.000000000 0.000021373 -0.000939615 -0.000168280 -0.000021393 1.000000000 -0.001721671
1.000000000 0.000139661 0.000111915 -0.001894216 -0.000139675 1.000000000 0.000125743 -0.000948126 -0.000111898 -0.000125759 1.000000000 0.000116391
1.000000000 0.000051110 0.000140277 -0.001164010 -0.000051128 1.000000000 0.000123552 -0.001193974 -0.000140271 -0.000123559 1.000000000 -0.000860820
0.999999940 0.000206887 0.000165018 -0.001497199 -0.000206888 1.000000000 0.000010425 -0.000708408 -0.000165016 -0.000010459 1.000000000 -0.000166545
1.000000000 0.000058095 0.000143464 -0.001233861 -0.000058105 1.000000000 0.000069740 0.000576597 -0.000143460 -0.000069748 1.000000000 0.000304029
0.999999940 0.000237070 0.000251879 -0.002985837 -0.000237050 0.999999940 -0.000080622 0.000975631 -0.000251898 0.000080563 0.999999940 0.000036011
0.999999940 0.000248389 0.000123229 -0.001762427 -0.000248389 0.999999940 0.000005455 0.001075014 -0.000123227 -0.000005486 1.000000000 0.001460963
0.999999881 0.000383861 0.000235707 -0.002623146 -0.000383860 0.999999940 -0.000004671 0.000998265 -0.000235709 0.000004581 1.000000000 0.001854683
0.999999881 0.000419446 0.000290747 -0.002970782 -0.000419429 0.999999881 -0.000057813 0.001095114 -0.000290772 0.000057691 0.999999940 0.000619134
0.999999940 0.000240807 0.000242827 -0.002257213 -0.000240808 1.000000000 0.000002838 0.001527496 -0.000242826 -0.000002897 1.000000000 0.002193251
0.999999881 0.000279882 0.000325054 -0.002827874 -0.000279870 0.999999940 -0.000037771 0.001459386 -0.000325065 0.000037680 0.999999940 0.001647336
0.999999940 0.000328162 0.000238567 -0.002696836 -0.000328182 0.999999940 0.000084485 0.000915505 -0.000238539 -0.000084564 0.999999940 0.002389368
0.999999881 0.000408950 0.000219647 -0.003146555 -0.000408941 0.999999940 -0.000043041 0.002015171 -0.000219665 0.000042951 1.000000000 0.002738774
0.999999940 0.000273307 0.000177769 -0.002037489 -0.000273299 0.999999940 -0.000044504 0.001446193 -0.000177781 0.000044455 1.000000000 0.002230009
0.999999940 0.000271795 0.000162101 -0.002446089 -0.000271809 0.999999940 0.000084375 0.000991287 -0.000162078 -0.000084419 1.000000000 0.001637761
0.999999821 0.000552886 0.000200931 -0.003009362 -0.000552879 0.999999821 -0.000037438 0.001652817 -0.000200952 0.000037327 1.000000000 0.002646556
0.999999881 0.000353821 0.000236485 -0.002146566 -0.000353817 0.999999940 -0.000015302 0.001809637 -0.000236490 0.000015218 1.000000000 0.001633991
0.999999940 0.000318882 0.000204162 -0.002784259 -0.000318868 0.999999940 -0.000069054 0.002761099 -0.000204184 0.000068989 1.000000000 0.003889758
0.999999881 0.000383294 0.000268251 -0.002987259 -0.000383314 0.999999940 0.000071700 0.001083566 -0.000268224 -0.000071803 0.999999940 0.002333799
0.999999881 0.000391909 0.000177859 -0.002535141 -0.000391893 0.999999940 -0.000086873 0.001957163 -0.000177893 0.000086803 1.000000000 0.001625825
0.999999940 0.000346770 0.000185100 -0.002562639 -0.000346750 0.999999940 -0.000107282 0.002997359 -0.000185137 0.000107217 1.000000000 0.002791485
0.999999881 0.000400114 0.000304387 -0.002475512 -0.000400103 0.999999940 -0.000035103 0.001604843 -0.000304401 0.000034982 0.999999940 0.002747701
0.999999881 0.000405267 0.000291217 -0.002950122 -0.000405249 0.999999940 -0.000061079 0.002081753 -0.000291241 0.000060961 0.999999940 0.002486784
0.999999940 0.000297822 0.000173792 -0.001810670 -0.000297805 0.999999940 -0.000096611 0.001896070 -0.000173821 0.000096559 1.000000000 0.002603630
0.999999821 0.000526127 0.000327538 -0.002241154 -0.000526146 0.999999881 0.000056404 0.000419458 -0.000327508 -0.000056576 0.999999940 0.000912953
0.999999881 0.000459936 0.000269997 -0.003087706 -0.000459889 0.999999881 -0.000172538 0.001819480 -0.000270076 0.000172414 0.999999940 0.002034125
0.999999821 0.000546981 0.000280241 -0.002269109 -0.000546937 0.999999821 -0.000154339 0.001890217 -0.000280325 0.000154186 0.999999940 0.002391876
0.999999881 0.000379414 0.000277865 -0.003400914 -0.000379394 0.999999940 -0.000072563 0.002093010 -0.000277893 0.000072458 0.999999940 0.002365397
0.999999821 0.000508256 0.000278213 -0.003426391 -0.000508219 0.999999881 -0.000132197 0.003348954 -0.000278281 0.000132056 0.999999940 0.003045197
0.999999821 0.000538388 0.000321415 -0.003260228 -0.000538372 0.999999881 -0.000047906 0.001276343 -0.000321441 0.000047732 0.999999940 0.002631434
0.999999881 0.000410576 0.000221237 -0.001299493 -0.000410568 0.999999940 -0.000032531 0.001878822 -0.000221251 0.000032440 1.000000000 0.000843875
0.999999940 0.000277195 0.000198775 -0.002150998 -0.000277166 0.999999940 -0.000147128 0.001313853 -0.000198816 0.000147073 0.999999940 0.001566377
0.999999881 0.000386773 0.000328773 -0.002288895 -0.000386572 0.999999762 -0.000613564 0.000076439 -0.000329010 0.000613437 0.999999762 0.050152488
0.999999821 0.000440243 0.000425251 -0.003531907 -0.000439725 0.999999166 -0.001216657 -0.003824453 -0.000425786 0.001216470 0.999999166 0.137715608
0.999999821 0.000425939 0.000364978 0.001570465 -0.000425412 0.999998868 -0.001440441 -0.007053695 -0.000365592 0.001440285 0.999998868 0.251397341
0.999999523 0.000851247 0.000429578 0.001726309 -0.000850825 0.999999166 -0.000982819 -0.012830471 -0.000430414 0.000982453 0.999999404 0.382811040
0.999999285 0.000981593 0.000639662 0.001247711 -0.000981002 0.999999106 -0.000923633 -0.014339810 -0.000640568 0.000923005 0.999999344 0.530668795
0.999999940 0.000139515 0.000335181 0.010626182 -0.000139245 0.999999642 -0.000803301 -0.019055529 -0.000335293 0.000803254 0.999999642 0.694529951
0.999999285 0.000904304 0.000792516 0.005155256 -0.000903886 0.999999464 -0.000527065 -0.020872867 -0.000792992 0.000526349 0.999999523 0.847859800
0.999996603 0.002313928 0.001137480 0.003404386 -0.002313742 0.999997437 -0.000164137 -0.036756225 -0.001137857 0.000161505 0.999999344 1.014980078
0.999996006 0.002548423 0.001204827 0.006170790 -0.002548338 0.999996722 -0.000071747 -0.041925102 -0.001205006 0.000068676 0.999999225 1.191578627
0.999996006 0.002387759 0.001506167 0.008672387 -0.002388078 0.999997020 0.000210112 -0.048294790 -0.001505661 -0.000213708 0.999998868 1.371835232
0.999995112 0.002783414 0.001427500 0.013297984 -0.002783920 0.999996066 0.000353117 -0.052728154 -0.001426511 -0.000357089 0.999998927 1.573197246
0.999994934 0.002821700 0.001487238 0.019713968 -0.002822433 0.999995887 0.000491074 -0.057187483 -0.001485846 -0.000495269 0.999998808 1.774031997
0.999995291 0.002569694 0.001668811 0.022899171 -0.002570753 0.999996483 0.000632307 -0.064521424 -0.001667181 -0.000636594 0.999998450 1.975344539
0.999995351 0.002671723 0.001477912 0.024729427 -0.002673083 0.999996006 0.000918614 -0.075235024 -0.001475451 -0.000922561 0.999998510 2.180092573
0.999994993 0.002683112 0.001660638 0.032152280 -0.002684660 0.999995947 0.000930788 -0.078997366 -0.001658134 -0.000935241 0.999998212 2.398154497
0.999994814 0.002832170 0.001566323 0.037636723 -0.002832990 0.999995828 0.000521701 -0.081930384 -0.001564838 -0.000526136 0.999998689 2.630248547
0.999994099 0.003124282 0.001478941 0.042767994 -0.003125169 0.999994993 0.000597646 -0.090939999 -0.001477066 -0.000602264 0.999998748 2.860926390
0.999995530 0.002464226 0.001645864 0.044308953 -0.002465786 0.999996483 0.000946436 -0.098224074 -0.001643526 -0.000950491 0.999998212 3.092434883
0.999994934 0.002796081 0.001458498 0.049216256 -0.002797880 0.999995232 0.001232912 -0.107844189 -0.001455044 -0.001236987 0.999998152 3.326376677
0.999994636 0.002765073 0.001756872 0.050913595 -0.002767154 0.999995410 0.001183449 -0.113445967 -0.001753592 -0.001188304 0.999997735 3.578871727
0.999994576 0.002766412 0.001731933 0.059892245 -0.002768706 0.999995232 0.001323312 -0.120682769 -0.001728264 -0.001328100 0.999997616 3.839645863
0.999991596 0.003608399 0.001937646 0.059521083 -0.003610556 0.999992847 0.001110950 -0.123630911 -0.001933623 -0.001117937 0.999997437 4.081484318
0.999989748 0.003921660 0.002286548 0.063431732 -0.003923769 0.999991894 0.000918565 -0.126316041 -0.002282927 -0.000927527 0.999996960 4.342679024
0.999990106 0.003723530 0.002390863 0.067653812 -0.003725524 0.999992609 0.000830016 -0.132488087 -0.002387755 -0.000838915 0.999996841 4.601176262
0.999989212 0.003925513 0.002450033 0.077373967 -0.003927182 0.999992013 0.000677026 -0.138164639 -0.002447355 -0.000686640 0.999996722 4.870194912
0.999989629 0.003765026 0.002559181 0.078803286 -0.003768701 0.999991834 0.001432782 -0.151005849 -0.002553766 -0.001442412 0.999995649 5.124234676
0.999989867 0.003676965 0.002596665 0.084521994 -0.003679897 0.999992669 0.001125240 -0.156038567 -0.002592509 -0.001134784 0.999996006 5.389780045
0.999987602 0.004204332 0.002628187 0.089847982 -0.004207906 0.999990225 0.001356137 -0.166737169 -0.002622460 -0.001367180 0.999995649 5.661312580
0.999991298 0.003263107 0.002646820 0.091840535 -0.003267725 0.999993145 0.001742170 -0.182114914 -0.002641117 -0.001750804 0.999994993 5.918765545
0.999989450 0.003564669 0.002914722 0.095679939 -0.003568845 0.999992609 0.001428685 -0.188418239 -0.002909607 -0.001439071 0.999994695 6.201412201
0.999988556 0.003845641 0.002851678 0.108078085 -0.003849881 0.999991536 0.001483028 -0.190094292 -0.002845950 -0.001493989 0.999994814 6.494875908
0.999991238 0.003255156 0.002633061 0.108186260 -0.003259703 0.999993205 0.001724601 -0.198898181 -0.002627429 -0.001733169 0.999995053 6.784690857
0.999986529 0.004369655 0.002780184 0.118269533 -0.004374216 0.999989092 0.001636579 -0.206111237 -0.002773001 -0.001648718 0.999994814 7.075556755
0.999991000 0.003309350 0.002660842 0.129132092 -0.003314033 0.999992967 0.001757558 -0.216925994 -0.002655006 -0.001766360 0.999994874 7.379173756
0.999992311 0.002959469 0.002561660 0.140007257 -0.002964579 0.999993622 0.001993373 -0.229611740 -0.002555745 -0.002000952 0.999994755 7.665482044
0.999989867 0.003507642 0.002798783 0.136519000 -0.003513206 0.999991834 0.001985675 -0.239127696 -0.002791795 -0.001995488 0.999994218 7.994033813
0.999987841 0.004001307 0.002855237 0.147320926 -0.004008135 0.999989092 0.002389816 -0.252207667 -0.002845644 -0.002401232 0.999993086 8.297170639
0.999990523 0.003497222 0.002599323 0.157858729 -0.003502273 0.999992013 0.001941148 -0.257992566 -0.002592514 -0.001950233 0.999994755 8.619673729
0.999987423 0.004007547 0.003029437 0.156945318 -0.004013547 0.999990046 0.001976971 -0.262896180 -0.003021484 -0.001989105 0.999993443 8.958968163
0.999983251 0.004785191 0.003240746 0.159471467 -0.004793612 0.999985158 0.002595695 -0.283522069 -0.003228277 -0.002611187 0.999991417 9.284904480
0.999982238 0.004943007 0.003320574 0.167384177 -0.004950927 0.999984920 0.002381525 -0.293151349 -0.003308751 -0.002397923 0.999991655 9.616779327
0.999987781 0.004138745 0.002732075 0.183479503 -0.004144635 0.999989152 0.002153835 -0.304404348 -0.002723131 -0.002165132 0.999993980 9.963873863
0.999985695 0.004509305 0.002910233 0.190095544 -0.004516471 0.999986768 0.002460506 -0.312670380 -0.002899100 -0.002473615 0.999992728 10.327023506
0.999985516 0.004471730 0.002994061 0.202856183 -0.004478065 0.999987781 0.002112633 -0.318590373 -0.002984577 -0.002126011 0.999993265 10.687214851
0.999985158 0.004565502 0.002977638 0.213188201 -0.004571803 0.999987304 0.002112961 -0.322759241 -0.002967953 -0.002126543 0.999993324 11.050881386
0.999988377 0.003632200 0.003178948 0.210912347 -0.003640176 0.999990165 0.002506875 -0.340988278 -0.003169812 -0.002518418 0.999991775 11.444937706
0.999986589 0.004023844 0.003253252 0.219252869 -0.004032741 0.999988079 0.002732952 -0.350381911 -0.003242216 -0.002746035 0.999991059 11.823301315
0.999983370 0.004408649 0.003745861 0.227877930 -0.004419206 0.999986291 0.002814825 -0.363288283 -0.003733400 -0.002831332 0.999989092 12.204512596
0.999985337 0.003916208 0.003740557 0.241222918 -0.003927537 0.999987721 0.003026579 -0.380016655 -0.003728659 -0.003041225 0.999988496 12.582978249
0.999981046 0.004590093 0.004088493 0.239674315 -0.004602944 0.999984443 0.003139365 -0.390410990 -0.004074019 -0.003158125 0.999986649 12.991042137
0.999983191 0.004153037 0.004052770 0.256239325 -0.004165753 0.999986470 0.003134428 -0.402328610 -0.004039697 -0.003151258 0.999986887 13.391276360
0.999977887 0.004934131 0.004457575 0.259793103 -0.004948712 0.999982417 0.003266001 -0.415252537 -0.004441382 -0.003287989 0.999984741 13.792962074
0.999981344 0.004479341 0.004151879 0.273361653 -0.004492954 0.999984622 0.003275226 -0.416495353 -0.004137144 -0.003293819 0.999985993 14.228263855
0.999979436 0.004656706 0.004411756 0.280541301 -0.004670171 0.999984384 0.003046510 -0.432385325 -0.004397502 -0.003067051 0.999985635 14.645349503
0.999974370 0.005303077 0.004802754 0.288493007 -0.005317412 0.999981344 0.002977191 -0.442721367 -0.004786876 -0.003002653 0.999984086 15.073746681
0.999976218 0.004742151 0.005012111 0.299979329 -0.004758273 0.999983549 0.003209522 -0.455909938 -0.004996808 -0.003233295 0.999982297 15.520182610
0.999976695 0.004271141 0.005328683 0.319858670 -0.004289887 0.999984622 0.003511479 -0.471483976 -0.005313602 -0.003534256 0.999979615 15.958048820
0.999968052 0.005274764 0.006008571 0.313756675 -0.005297555 0.999978721 0.003783538 -0.491053194 -0.005988487 -0.003815248 0.999974728 16.400602341
0.999968052 0.005011213 0.006234169 0.322808802 -0.005032476 0.999981463 0.003399791 -0.501930416 -0.006217016 -0.003431055 0.999974787 16.847459793
0.999964714 0.004763037 0.006918121 0.336295843 -0.004787159 0.999982476 0.003474402 -0.510482669 -0.006901451 -0.003507397 0.999970019 17.304420471
0.999950051 0.005676462 0.008230115 0.337850511 -0.005707487 0.999976635 0.003751083 -0.527885735 -0.008208631 -0.003797868 0.999959111 17.766252518
0.999966800 0.004431979 0.006829681 0.362091482 -0.004455455 0.999984205 0.003426132 -0.535777450 -0.006814389 -0.003456448 0.999970794 18.250841141
0.999966800 0.004481553 0.006806484 0.374533951 -0.004506319 0.999983191 0.003627672 -0.543712437 -0.006790113 -0.003658223 0.999970257 18.725231171
0.999967933 0.004102155 0.006879284 0.390717924 -0.004123013 0.999986947 0.003020761 -0.554092467 -0.006866802 -0.003049027 0.999971807 19.210485458
0.999953747 0.005441736 0.007932812 0.394020408 -0.005467599 0.999979794 0.003242363 -0.572253704 -0.007915007 -0.003285586 0.999963284 19.667634964
0.999951959 0.005120373 0.008366624 0.402279735 -0.005150670 0.999980271 0.003603663 -0.587046385 -0.008348006 -0.003646584 0.999958515 20.153926849
0.999953151 0.005276856 0.008119126 0.423577845 -0.005302232 0.999981105 0.003107175 -0.595732927 -0.008102576 -0.003150078 0.999962270 20.643604279
0.999959230 0.005040628 0.007489646 0.439282894 -0.005066878 0.999981046 0.003489860 -0.608279467 -0.007471915 -0.003527667 0.999965847 21.129095078
0.999967694 0.004396431 0.006727473 0.456004918 -0.004421331 0.999983370 0.003690811 -0.619009495 -0.006711136 -0.003720436 0.999970555 21.635364532
0.999962449 0.005083780 0.007013779 0.457718670 -0.005113711 0.999977827 0.004256130 -0.637241840 -0.006991987 -0.004291837 0.999966383 22.128616333
0.999970675 0.004626149 0.006105125 0.477343678 -0.004649342 0.999982119 0.003790033 -0.650842607 -0.006087482 -0.003818307 0.999974191 22.650686264
0.999970913 0.004633664 0.006054292 0.484384418 -0.004655877 0.999982417 0.003659917 -0.661778331 -0.006037227 -0.003687999 0.999974966 23.179967880
0.999973238 0.005071008 0.005278944 0.484427512 -0.005091404 0.999979615 0.003857148 -0.677022934 -0.005259275 -0.003883922 0.999978662 23.704830170
0.999988317 0.002677661 0.004025823 0.513380766 -0.002692222 0.999989867 0.003615772 -0.697171092 -0.004016100 -0.003626568 0.999985337 24.252386093
0.999986172 0.003900790 0.003541339 0.523424327 -0.003914971 0.999984384 0.004006401 -0.710218906 -0.003525656 -0.004020210 0.999985635 24.792583466
0.999986231 0.004263424 0.003048525 0.529300153 -0.004274637 0.999984086 0.003681106 -0.718993187 -0.003032782 -0.003694087 0.999988556 25.325359344
0.999985993 0.004392943 0.002924769 0.521253705 -0.004404788 0.999981999 0.004055589 -0.743550181 -0.002906900 -0.004068414 0.999987483 25.869031906
0.999987423 0.004361269 0.002458341 0.535569370 -0.004371042 0.999982476 0.003984210 -0.754488230 -0.002440922 -0.003994906 0.999989033 26.429147720
0.999983490 0.005331635 0.002131537 0.542831838 -0.005340195 0.999977648 0.004030641 -0.762029707 -0.002109999 -0.004041957 0.999989629 26.987579346
0.999989390 0.004226637 0.001845515 0.556445956 -0.004235280 0.999979973 0.004705018 -0.789087892 -0.001825591 -0.004712783 0.999987245 27.541379929
0.999987543 0.004646660 0.001847977 0.568912566 -0.004654689 0.999979675 0.004364313 -0.800222099 -0.001827660 -0.004372860 0.999988794 28.085250854
0.999988139 0.004605241 0.001572852 0.577426970 -0.004611539 0.999981284 0.004024266 -0.809207201 -0.001554290 -0.004031471 0.999990642 28.645374298
0.999987245 0.004942203 0.001056197 0.590694487 -0.004946677 0.999978542 0.004276817 -0.822413802 -0.001035038 -0.004281987 0.999990284 29.185571671
0.999985218 0.005358665 0.000957977 0.597763956 -0.005362324 0.999978125 0.003859457 -0.833246827 -0.000937275 -0.003864537 0.999992073 29.738851547
0.999980509 0.006066477 0.001512795 0.600781262 -0.006073313 0.999971211 0.004556333 -0.845368385 -0.001485110 -0.004565432 0.999988496 30.291269302
0.999982238 0.005918472 0.000726917 0.617465198 -0.005921554 0.999973118 0.004313784 -0.861104190 -0.000701367 -0.004318010 0.999990344 30.823427200
0.999982238 0.005953626 0.000171912 0.629514217 -0.005954392 0.999970436 0.004869665 -0.874913931 -0.000142915 -0.004870603 0.999988139 31.370275497
0.999979436 0.006410297 0.000358673 0.638481557 -0.006411837 0.999969482 0.004471224 -0.882959843 -0.000330000 -0.004473431 0.999989927 31.942695618
0.999982715 0.005883005 -0.000083912 0.661662996 -0.005882681 0.999976754 0.003449795 -0.887532473 0.000104206 -0.003449241 0.999994040 32.465297699
0.999980271 0.006264817 -0.000449671 0.666333318 -0.006263060 0.999973118 0.003807352 -0.905537844 0.000473512 -0.003804460 0.999992669 33.009792328
0.999977291 0.006742272 -0.000149950 0.667337120 -0.006741605 0.999969006 0.004070769 -0.925232649 0.000177392 -0.004069665 0.999991655 33.542663574
0.999983370 0.005752638 -0.000288101 0.685188890 -0.005751385 0.999974787 0.004171844 -0.934224963 0.000312092 -0.004170118 0.999991179 34.108459473
0.999985337 0.005306045 -0.001043374 0.698090255 -0.005301520 0.999976754 0.004292337 -0.948519349 0.001066126 -0.004286743 0.999990165 34.649551392
0.999982595 0.005836777 -0.000931600 0.697564602 -0.005833195 0.999975860 0.003801837 -0.961892605 0.000953768 -0.003796337 0.999992311 35.186027527
0.999982655 0.005836519 -0.000753248 0.719224811 -0.005833483 0.999975145 0.003970287 -0.971783340 0.000776402 -0.003965823 0.999991775 35.743946075
0.999981821 0.005948886 -0.001011226 0.719664633 -0.005944329 0.999972343 0.004450029 -0.984821200 0.001037671 -0.004443935 0.999989569 36.268268585
0.999981284 0.006035697 -0.001028796 0.727459669 -0.006031553 0.999973834 0.003983981 -0.995092571 0.001052815 -0.003977701 0.999991477 36.823116302
0.999983668 0.005496765 -0.001561699 0.740739703 -0.005490938 0.999978006 0.003710914 -1.004378796 0.001582062 -0.003702278 0.999991894 37.377170563
0.999980152 0.006244159 -0.000833495 0.739386082 -0.006240794 0.999972582 0.003980105 -1.019165754 0.000858325 -0.003974824 0.999991715 37.888172150
0.999976933 0.006687312 -0.001203251 0.750946701 -0.006682560 0.999970078 0.003911009 -1.032185793 0.001229369 -0.003902879 0.999991596 38.434139252
0.999979913 0.006251257 -0.000989618 0.759091616 -0.006248205 0.999975801 0.003057331 -1.036862135 0.001008706 -0.003051087 0.999994814 38.996318817
0.999980271 0.006216320 -0.000905231 0.764675975 -0.006213185 0.999974847 0.003426072 -1.048109412 0.000926506 -0.003420379 0.999993742 39.523067474
0.999979436 0.006213455 -0.001541148 0.777381837 -0.006208688 0.999976039 0.003078914 -1.059005618 0.001560242 -0.003069283 0.999994099 40.078483582
0.999981344 0.005825726 -0.001831672 0.792712092 -0.005820676 0.999979317 0.002750157 -1.071652532 0.001847656 -0.002739443 0.999994636 40.622131348
0.999982119 0.005887859 -0.001073704 0.794628441 -0.005884543 0.999977946 0.003065275 -1.087589979 0.001091728 -0.003058901 0.999994755 41.161327362
0.999976695 0.006728189 -0.001177915 0.806932867 -0.006724363 0.999972224 0.003223109 -1.096567035 0.001199568 -0.003215113 0.999994159 41.703845978
0.999980211 0.006183953 -0.001186612 0.819897175 -0.006180290 0.999976277 0.003067695 -1.107583642 0.001205554 -0.003060300 0.999994636 42.237339020
0.999983728 0.005622348 -0.000970927 0.818383813 -0.005619102 0.999978721 0.003313552 -1.122853875 0.000989535 -0.003308042 0.999993980 42.738422394
0.999983788 0.005552202 -0.001256060 0.825479925 -0.005548019 0.999979138 0.003308795 -1.131010890 0.001274405 -0.003301773 0.999993742 43.301670074
0.999984562 0.005475285 -0.000958650 0.841312349 -0.005471798 0.999978542 0.003604517 -1.152550220 0.000978366 -0.003599215 0.999993026 43.829280853
0.999984980 0.005374826 -0.001072811 0.843677461 -0.005371522 0.999980807 0.003059337 -1.160319567 0.001089233 -0.003053528 0.999994755 44.353622437
0.999982715 0.005865012 -0.000519132 0.848458409 -0.005863511 0.999978781 0.002844343 -1.171750784 0.000535803 -0.002841251 0.999995828 44.903648376
0.999984205 0.005573390 -0.000707633 0.864476621 -0.005571755 0.999981821 0.002290811 -1.183126926 0.000720388 -0.002286832 0.999997139 45.452548981
0.999982059 0.005968037 -0.000371207 0.853694618 -0.005967060 0.999978840 0.002579902 -1.195407152 0.000386596 -0.002577639 0.999996603 45.952213287
0.999982774 0.005868822 -0.000135772 0.861343861 -0.005868437 0.999979198 0.002676470 -1.209833860 0.000151478 -0.002675627 0.999996364 46.498935699
0.999978006 0.006611103 0.000393863 0.859180450 -0.006612121 0.999974787 0.002646086 -1.217490435 -0.000376360 -0.002648633 0.999996424 47.001060486
0.999976635 0.006817703 0.000349319 0.863908410 -0.006818614 0.999973238 0.002680057 -1.229133606 -0.000331038 -0.002682377 0.999996364 47.553123474
0.999981344 0.006076721 -0.000588214 0.883570373 -0.006075299 0.999978721 0.002388701 -1.246500254 0.000602717 -0.002385084 0.999996960 48.104858398
0.999984920 0.005472548 0.000490475 0.882358551 -0.005473865 0.999981284 0.002724921 -1.256097078 -0.000475554 -0.002727563 0.999996185 48.592914581
0.999985933 0.005307531 0.000153378 0.893044829 -0.005307943 0.999981880 0.002827626 -1.268362761 -0.000138368 -0.002828399 0.999996006 49.139545441
0.999979794 0.006351900 0.000422036 0.904980242 -0.006352586 0.999978483 0.001640762 -1.271844983 -0.000411605 -0.001643409 0.999998629 49.694324493
0.999981284 0.006106351 0.000408097 0.901821792 -0.006107397 0.999977946 0.002612902 -1.293371558 -0.000392132 -0.002615344 0.999996483 50.183639526
0.999981880 0.005993568 0.000649043 0.913297117 -0.005995112 0.999979198 0.002404031 -1.309427738 -0.000634621 -0.002407878 0.999996960 50.717472076
0.999984443 0.005577432 -0.000313424 0.932848692 -0.005576967 0.999983370 0.001462999 -1.311010242 0.000321579 -0.001461229 0.999998808 51.268836975
0.999979794 0.006332589 0.000388382 0.932223380 -0.006333459 0.999977291 0.002275883 -1.325926423 -0.000373961 -0.002278297 0.999997318 51.763160706
0.999978483 0.006517415 0.000670039 0.941492736 -0.006518875 0.999976337 0.002199725 -1.341388226 -0.000655687 -0.002204045 0.999997377 52.314189911
0.999979496 0.006340143 0.000805246 0.945285022 -0.006342045 0.999977052 0.002382485 -1.353543997 -0.000790122 -0.002387543 0.999996841 52.830997467
0.999972403 0.007357598 0.000983870 0.950453818 -0.007359914 0.999970078 0.002372473 -1.368871689 -0.000966385 -0.002379649 0.999996722 53.381107330
0.999977946 0.006575190 0.000850675 0.965684175 -0.006576985 0.999976099 0.002123070 -1.384195089 -0.000836695 -0.002128618 0.999997377 53.887229919
0.999975860 0.006860158 0.001101453 0.970387101 -0.006862455 0.999974251 0.002093356 -1.396239042 -0.001087065 -0.002100864 0.999997199 54.428241730
0.999975502 0.006903886 0.001152213 0.985393047 -0.006906343 0.999973834 0.002141230 -1.409651756 -0.001137402 -0.002149135 0.999996960 54.971595764
0.999980330 0.006190327 0.001020943 0.989621282 -0.006192372 0.999978721 0.002011892 -1.423398972 -0.001008468 -0.002018174 0.999997437 55.476646423
0.999977708 0.006615534 0.000988477 1.003016114 -0.006617963 0.999974966 0.002474550 -1.443682909 -0.000972082 -0.002481036 0.999996424 56.005088806
0.999978602 0.006461510 0.000957518 1.009276748 -0.006463585 0.999976754 0.002179775 -1.450988054 -0.000943412 -0.002185917 0.999997139 56.549575806
0.999975860 0.006903384 0.000791994 1.021141648 -0.006905378 0.999972880 0.002544852 -1.467622399 -0.000774405 -0.002550260 0.999996364 57.080429077
0.999976277 0.006778311 0.001200642 1.024930239 -0.006780199 0.999975801 0.001574829 -1.472393274 -0.001189938 -0.001582932 0.999998033 57.597305298
0.999975264 0.006922233 0.001275164 1.042222381 -0.006924264 0.999974787 0.001595223 -1.485984802 -0.001264089 -0.001604013 0.999997914 58.134208679
0.999971926 0.007351642 0.001440851 1.042382121 -0.007353522 0.999972224 0.001304008 -1.492698312 -0.001431224 -0.001314567 0.999998093 58.655063629
0.999973834 0.007013807 0.001764404 1.042722940 -0.007016278 0.999974430 0.001398682 -1.509135604 -0.001754548 -0.001411025 0.999997437 59.142906189
0.999976695 0.006693624 0.001363207 1.056879401 -0.006694763 0.999977231 0.000832277 -1.517272472 -0.001357605 -0.000841384 0.999998689 59.699913025
0.999973416 0.007090078 0.001686885 1.070004702 -0.007092085 0.999974191 0.001187222 -1.536338449 -0.001678423 -0.001199155 0.999997854 60.224880219
0.999967873 0.007746586 0.002058424 1.072562933 -0.007748044 0.999969721 0.000701834 -1.541595459 -0.002052925 -0.000717761 0.999997616 60.735965729
0.999964178 0.008199600 0.002098226 1.089301109 -0.008201157 0.999966085 0.000735159 -1.557066679 -0.002092126 -0.000752341 0.999997497 61.281524658
0.999970734 0.007291019 0.002315194 1.094848394 -0.007292446 0.999973178 0.000607981 -1.573400021 -0.002310699 -0.000624847 0.999997079 61.820655823
0.999971211 0.007320370 0.001990090 1.106829286 -0.007321667 0.999972939 0.000645703 -1.582353234 -0.001985310 -0.000660255 0.999997795 62.324150085
0.999963582 0.008115619 0.002604047 1.111865044 -0.008117257 0.999966800 0.000618797 -1.594712615 -0.002598939 -0.000639912 0.999996424 62.870685577
0.999968767 0.007425298 0.002687191 1.129516125 -0.007425738 0.999972343 0.000153770 -1.610132098 -0.002685975 -0.000173720 0.999996364 63.423667908
0.999964178 0.008149064 0.002268859 1.131034613 -0.008149895 0.999966741 0.000356768 -1.626695395 -0.002265876 -0.000375246 0.999997377 63.873592377
0.999961615 0.008457367 0.002298848 1.145154238 -0.008457070 0.999964237 -0.000138945 -1.636443615 -0.002299941 0.000119498 0.999997377 64.421463013
0.999966502 0.007989634 0.001780962 1.157268047 -0.007989728 0.999968112 0.000045838 -1.652515769 -0.001780539 -0.000060066 0.999998391 64.961517334
0.999965966 0.007840237 0.002548160 1.162953734 -0.007840456 0.999969244 0.000075573 -1.667610884 -0.002547489 -0.000095549 0.999996662 65.440490723
0.999968052 0.007425436 0.002943160 1.166023970 -0.007426253 0.999972463 0.000265766 -1.679802537 -0.002941106 -0.000287614 0.999995530 65.991317749
0.999963880 0.007885154 0.003176875 1.182281137 -0.007884280 0.999968827 -0.000287420 -1.696990967 -0.003179043 0.000262362 0.999994874 66.533096313
0.999958277 0.008551016 0.003253184 1.191214442 -0.008550373 0.999963343 -0.000211790 -1.712731600 -0.003254877 0.000183965 0.999994695 67.015243530
0.999965489 0.007844868 0.002718818 1.208803892 -0.007844178 0.999969184 -0.000264094 -1.728227496 -0.002720807 0.000242758 0.999996305 67.559387207
0.999952078 0.009256225 0.003201018 1.214017630 -0.009255592 0.999957085 -0.000212323 -1.748652935 -0.003202847 0.000182685 0.999994874 68.092948914
0.999955595 0.008884639 0.003127427 1.220424652 -0.008884034 0.999960482 -0.000207120 -1.755672574 -0.003129143 0.000179327 0.999995112 68.586669922
0.999944925 0.009942872 0.003334693 1.226027131 -0.009941040 0.999950409 -0.000565920 -1.767863631 -0.003340155 0.000532738 0.999994338 69.122032166
0.999954164 0.009003884 0.003231541 1.243944049 -0.009002148 0.999959350 -0.000551442 -1.788192153 -0.003236374 0.000522326 0.999994636 69.681640625
0.999954879 0.008825311 0.003510860 1.253235459 -0.008823062 0.999960780 -0.000655753 -1.796959519 -0.003516510 0.000624747 0.999993622 70.186698914
0.999955952 0.008825707 0.003198672 1.266566992 -0.008823463 0.999960721 -0.000715278 -1.813451767 -0.003204860 0.000687023 0.999994695 70.732742310
0.999954104 0.008819334 0.003722802 1.272174358 -0.008816695 0.999960840 -0.000724690 -1.829282403 -0.003729046 0.000691834 0.999992788 71.223846436
0.999959171 0.008424032 0.003242349 1.291189194 -0.008423262 0.999964476 -0.000250700 -1.850885868 -0.003244346 0.000223379 0.999994695 71.777023315
0.999952734 0.008912953 0.003866299 1.297781944 -0.008910987 0.999960184 -0.000525442 -1.864228249 -0.003870828 0.000490964 0.999992311 72.313995361
0.999960005 0.008265122 0.003392226 1.312689066 -0.008263817 0.999965787 -0.000398089 -1.877405286 -0.003395400 0.000370041 0.999994159 72.794128418
0.999955714 0.008503964 0.004018879 1.323592663 -0.008500597 0.999963522 -0.000853661 -1.892415166 -0.004025992 0.000819460 0.999991536 73.358108521
0.999954462 0.008855449 0.003547744 1.347679615 -0.008855161 0.999960780 -0.000097070 -1.909908414 -0.003548465 0.000065650 0.999993682 73.887374878
0.999959528 0.008273759 0.003518254 1.353198171 -0.008270993 0.999965429 -0.000800130 -1.914470673 -0.003524752 0.000770998 0.999993503 74.372497559
0.999963045 0.008018646 0.003084437 1.372155547 -0.008015924 0.999967396 -0.000893929 -1.928188562 -0.003091505 0.000869172 0.999994874 74.917839050
0.999959350 0.008478854 0.003095511 1.378334165 -0.008475906 0.999963701 -0.000964649 -1.946744442 -0.003103578 0.000938373 0.999994755 75.445854187
0.999954522 0.008665948 0.003985004 1.391110778 -0.008661739 0.999961913 -0.001072604 -1.957749844 -0.003994148 0.001038038 0.999991477 75.945739746
0.999944925 0.009568037 0.004316565 1.398665667 -0.009561910 0.999953270 -0.001438158 -1.968600154 -0.004330124 0.001396805 0.999989629 76.492042542
0.999938309 0.010233090 0.004322657 1.404019833 -0.010225505 0.999946117 -0.001773380 -1.981663942 -0.004340571 0.001729070 0.999989152 77.019569397
0.999957800 0.008364264 0.003794007 1.425935388 -0.008360269 0.999964476 -0.001067917 -1.997852206 -0.003802805 0.001036154 0.999992192 77.461235046
0.999950290 0.009100380 0.004055478 1.439375520 -0.009093241 0.999957025 -0.001775659 -2.006809473 -0.004071463 0.001738693 0.999990225 78.010353088
0.999949634 0.009388555 0.003549239 1.450828433 -0.009381871 0.999954164 -0.001895586 -2.021455288 -0.003566874 0.001862192 0.999991894 78.566871643
0.999949872 0.009087203 0.004190897 1.454422116 -0.009081870 0.999957860 -0.001289862 -2.050203323 -0.004202441 0.001251736 0.999990404 79.043022156
0.999934316 0.009935326 0.005703307 1.459954500 -0.009926336 0.999949455 -0.001602467 -2.064676762 -0.005718939 0.001545749 0.999982476 79.594932556
0.999932587 0.009603406 0.006531124 1.483123064 -0.009595962 0.999953210 -0.001170481 -2.086012125 -0.006542060 0.001107729 0.999978006 80.135681152
0.999924362 0.009581251 0.007709517 1.494692087 -0.009572042 0.999953389 -0.001230614 -2.100595236 -0.007720949 0.001156725 0.999969542 80.682037354
0.999912024 0.009728082 0.009011196 1.506391287 -0.009720470 0.999952316 -0.000887810 -2.118910074 -0.009019403 0.000800138 0.999959052 81.230140686
0.999881804 0.009667689 0.011945259 1.533347368 -0.009653933 0.999952674 -0.001208732 -2.130585194 -0.011956379 0.001093271 0.999927938 81.812095642
0.999828160 0.009559534 0.015877414 1.547106385 -0.009543163 0.999953866 -0.001106422 -2.147997379 -0.015887257 0.000954711 0.999873340 82.286956787
0.999765277 0.009149261 0.019636361 1.573340416 -0.009123121 0.999957383 -0.001420273 -2.163304090 -0.019648517 0.001240794 0.999806225 82.832939148
0.999701440 0.008469938 0.022919619 1.610609651 -0.008434838 0.999963164 -0.001627755 -2.181998491 -0.022932563 0.001433946 0.999735951 83.340156555
0.999535739 0.008834296 0.029160421 1.639496803 -0.008775412 0.999959171 -0.002146696 -2.186011791 -0.029178195 0.001889804 0.999572456 83.884689331
0.999326229 0.009585556 0.035429329 1.654300094 -0.009536756 0.999953330 -0.001546081 -2.200386286 -0.035442490 0.001207158 0.999371111 84.386810303
0.999101222 0.009469751 0.041315790 1.695823789 -0.009426595 0.999954700 -0.001239240 -2.217879534 -0.041325659 0.000848659 0.999145389 84.932510376
0.998706698 0.009332239 0.049979556 1.737200022 -0.009277784 0.999956131 -0.001321475 -2.235067606 -0.049989697 0.000856066 0.998749316 85.468498230
0.998258650 0.009577035 0.058205299 1.781641245 -0.009496606 0.999953508 -0.001658261 -2.245797396 -0.058218472 0.001102621 0.998303235 85.994491577
0.997819602 0.009009639 0.065381967 1.835728168 -0.008888118 0.999958158 -0.002149273 -2.256821632 -0.065398604 0.001563464 0.997857988 86.538093567
0.997130811 0.009408922 0.075110503 1.891819954 -0.009256820 0.999954343 -0.002372935 -2.269677162 -0.075129405 0.001670842 0.997172415 87.092689514
0.996424019 0.008608281 0.084054008 1.967639446 -0.008423769 0.999961257 -0.002549548 -2.287005901 -0.084072687 0.001832379 0.996457934 87.616310120
0.995603502 0.008670934 0.093266182 2.030421257 -0.008480699 0.999961078 -0.002435858 -2.297667980 -0.093283676 0.001634187 0.995638251 88.166000366
0.994963825 0.007357500 0.099965289 2.107562542 -0.007060492 0.999969482 -0.003324604 -2.308868408 -0.099986702 0.002602056 0.994985402 88.709197998
0.993888199 0.007712841 0.110121369 2.188890457 -0.007396364 0.999967277 -0.003282100 -2.324212313 -0.110143080 0.002447543 0.993912756 89.253227234
0.992648959 0.007886368 0.120772332 2.278188705 -0.007579070 0.999966741 -0.003003584 -2.340201378 -0.120792009 0.002066162 0.992675722 89.799247742
0.991461277 0.007564826 0.130181745 2.368268967 -0.007228750 0.999969244 -0.003053952 -2.357961178 -0.130200833 0.002086825 0.991485536 90.359474182
0.989932477 0.006504876 0.141390309 2.475238800 -0.006050715 0.999975085 -0.003641797 -2.373038769 -0.141410440 0.002749621 0.989947319 90.856437683
0.988088012 0.006941511 0.153732732 2.585127831 -0.006447249 0.999972343 -0.003713396 -2.391322851 -0.153754264 0.002678009 0.988105416 91.424797058
0.986309469 0.006649667 0.164770484 2.692626953 -0.006173821 0.999975264 -0.003399901 -2.410123348 -0.164788991 0.002336092 0.986326039 91.966659546
0.984603882 0.006409816 0.174682602 2.816655159 -0.005809267 0.999975383 -0.003949064 -2.425673246 -0.174703643 0.002873487 0.984616816 92.518531799
0.982211173 0.005011462 0.187712684 2.944253922 -0.004308334 0.999982119 -0.004153566 -2.442900658 -0.187730134 0.003270951 0.982215166 93.022308350
0.979773045 0.004741805 0.200055584 3.078054428 -0.003986557 0.999983370 -0.004177865 -2.460704803 -0.200072080 0.003295827 0.979775608 93.556579590
0.977628231 0.004263708 0.210297242 3.202219009 -0.003441912 0.999985039 -0.004273635 -2.473655224 -0.210312337 0.003454202 0.977628112 94.079795837
0.974746823 0.004302190 0.223271295 3.343715668 -0.003457474 0.999985456 -0.004174136 -2.483810663 -0.223285973 0.003296771 0.974747419 94.623275757
0.971536815 0.004628495 0.236842901 3.492797852 -0.003753583 0.999984443 -0.004144848 -2.499786854 -0.236858383 0.003137863 0.971539080 95.154312134
0.968978286 0.003072265 0.247126281 3.653987885 -0.001962543 0.999986827 -0.004736697 -2.518132210 -0.247137591 0.004104762 0.968971729 95.665847778
0.966349483 0.001701954 0.257226825 3.837894440 -0.000438350 0.999987602 -0.004969672 -2.544461489 -0.257232100 0.004689684 0.966338217 96.149719238
0.962554157 0.002229365 0.271080256 3.995311737 -0.001168830 0.999991000 -0.004073637 -2.552625418 -0.271086961 0.003604250 0.962548137 96.614997864
0.958932161 0.001697663 0.283630818 4.173248291 -0.000442727 0.999989808 -0.004488581 -2.569926739 -0.283635557 0.004178673 0.958923161 97.143295288
0.955419958 0.001537496 0.295246392 4.359569550 -0.000382936 0.999992073 -0.003968276 -2.590504169 -0.295250177 0.003678309 0.955412924 97.675338745
0.951018512 0.001668659 0.309129655 4.557748795 -0.000403619 0.999991298 -0.004156169 -2.610392809 -0.309133917 0.003827823 0.951010883 98.189193726
0.946228087 0.001178863 0.323497981 4.719446182 0.000048166 0.999992847 -0.003784972 -2.629136562 -0.323500097 0.003597028 0.946221292 98.671005249
0.942209065 0.001955082 0.335019678 4.926450729 -0.000560081 0.999990821 -0.004260497 -2.640903711 -0.335024923 0.003826641 0.942201436 99.190795898
0.937368274 0.001745455 0.348335624 5.159688950 -0.000189386 0.999989867 -0.004501157 -2.646260738 -0.348339975 0.004153272 0.937359095 99.759613037
0.932284415 -0.000233564 0.361725986 5.357904434 0.001852166 0.999989748 -0.004127942 -2.678715944 -0.361721307 0.004518392 0.932275295 100.190017700
0.927320600 -0.000157701 0.374267757 5.586820602 0.001845452 0.999989688 -0.004151109 -2.694420576 -0.374263257 0.004540102 0.927311361 100.697807312
0.922404349 -0.000675118 0.386225134 5.812118530 0.002515668 0.999987781 -0.004260089 -2.708601952 -0.386217535 0.004901139 0.922394633 101.207794189
0.916745186 -0.002187037 0.399466544 6.027278900 0.004031066 0.999984741 -0.003776178 -2.730600357 -0.399452060 0.005072069 0.916740000 101.618408203
0.910762429 -0.002428540 0.412923753 6.277576447 0.004449917 0.999982357 -0.003933702 -2.745186329 -0.412906885 0.005420143 0.910757124 102.114227295
0.905870676 -0.002995904 0.423543721 6.522346497 0.005061721 0.999980152 -0.003752671 -2.759106636 -0.423524082 0.005543295 0.905867815 102.587120056
0.900098622 -0.003276982 0.435673892 6.769828796 0.005358813 0.999979377 -0.003549777 -2.782544613 -0.435653210 0.005529845 0.900097549 103.049896240
0.893330455 -0.003050330 0.449389964 7.071586609 0.005474879 0.999976635 -0.004095815 -2.789463997 -0.449366987 0.006119273 0.893326223 103.663711548
0.887136877 -0.003042504 0.461496323 7.346347809 0.005722628 0.999973893 -0.004408118 -2.799154043 -0.461470842 0.006551577 0.887131214 104.152091980
0.881389737 -0.002827638 0.472381324 7.635662079 0.005522103 0.999975383 -0.004317607 -2.815531731 -0.472357512 0.006414033 0.881383717 104.649902344
0.874523401 -0.005107210 0.484956354 7.924972534 0.007647738 0.999965429 -0.003260278 -2.845825195 -0.484923035 0.006560009 0.874532163 105.099548340
0.867503762 -0.005599596 0.497399002 8.217906952 0.008261813 0.999960899 -0.003151953 -2.859971285 -0.497361869 0.006843749 0.867516160 105.560974121
