1.000000000 0.000000000 0.000000000 0.000000000 0.000000000 1.000000000 0.000000000 0.000000000 0.000000000 0.000000000 1.000000000 0.000000000
1.000000000 -0.000000175 0.000127272 -0.000877275 0.000000174 1.000000000 0.000011083 0.000152364 -0.000127272 -0.000011083 1.000000000 0.000263630
1.000000000 0.000083710 0.000151211 -0.001346078 -0.000083719 1.000000000 0.000058733 0.000818323 -0.000151206 -0.000058745 1.000000000 0.001645097
1.000000000 0.000199049 -0.000006023 0.000077036 -0.000199048 0.999999940 0.000167687 -0.001204443 0.000006056 -0.000167686 1.000000000 -0.000372471
0.999999940 0.000255128 0.000149802 -0.001209270 -0.000255142 0.999999940 0.000097396 -0.000093141 -0.000149777 -0.000097434 1.000000000 0.000191813
1.000000000 -0.000034295 0.000022402 -0.000590312 0.000034293 1.000000000 0.000078268 -0.000123409 -0.000022405 -0.000078267 1.000000000 -0.000744741
1.000000000 0.000014769 0.000140262 -0.001650889 -0.000014765 1.000000000 -0.000034613 0.001102072 -0.000140262 0.000034611 1.000000000 0.002013020
1.000000000 -0.000037334 0.000175924 -0.001405666 0.000037322 1.000000000 0.000067300 0.000866263 -0.000175927 -0.000067293 1.000000000 0.003153455
1.000000000 -0.000037523 0.000154324 -0.001426596 0.000037524 1.000000000 -0.000009373 0.001040508 -0.000154324 0.000009379 1.000000000 0.002659738
1.000000000 -0.000054259 0.000200060 -0.001086010 0.000054247 1.000000000 0.000059281 0.000069913 -0.000200063 -0.000059270 1.000000000 0.000268980
1.000000000 -0.000141709 0.000195091 -0.000849708 0.000141713 1.000000000 -0.000021262 0.001569917 -0.000195088 0.000021289 1.000000000 0.002548024
1.000000000 0.000014337 0.000084960 -0.000461400 -0.000014342 1.000000000 0.000059266 -0.000114669 -0.000084959 -0.000059267 1.000000000 0.000495016
1.000000000 0.000042888 0.000172189 -0.001569138 -0.000042886 1.000000000 -0.000014650 0.001722368 -0.000172189 0.000014643 1.000000000 0.004135464
0.999999940 -0.000080330 0.000274622 -0.002285564 0.000080281 1.000000000 0.000178433 0.000765295 -0.000274636 -0.000178411 0.999999940 0.003586688
1.000000000 -0.000006775 0.000159373 -0.001973098 0.000006764 1.000000000 0.000069700 0.001036521 -0.000159373 -0.000069698 1.000000000 0.003439311
1.000000000 0.000123804 0.000101339 -0.001362526 -0.000123813 1.000000000 0.000088140 0.000122594 -0.000101328 -0.000088153 1.000000000 0.002207565
1.000000000 0.000047155 0.000152483 -0.001316592 -0.000047179 1.000000000 0.000162587 -0.001018131 -0.000152475 -0.000162595 1.000000000 0.000238831
0.999999940 0.000164059 0.000347302 -0.001957862 -0.000164106 1.000000000 0.000135015 -0.000072228 -0.000347280 -0.000135072 0.999999940 0.001220763
0.999999940 0.000225067 0.000271286 -0.003132348 -0.000225092 1.000000000 0.000093196 0.000346786 -0.000271265 -0.000093257 0.999999940 0.002793603
0.999999940 0.000178565 0.000179626 -0.002022046 -0.000178584 1.000000000 0.000103232 0.000569561 -0.000179608 -0.000103264 1.000000000 0.003254435
0.999999881 0.000394617 0.000323294 -0.002598879 -0.000394703 0.999999881 0.000266946 -0.000874568 -0.000323189 -0.000267073 0.999999940 0.001225835
0.999999821 0.000492234 0.000370283 -0.003220809 -0.000492276 0.999999881 0.000112837 -0.000030951 -0.000370228 -0.000113019 0.999999940 0.001451350
0.999999940 0.000166018 0.000269845 -0.002658297 -0.000166048 1.000000000 0.000111321 0.000613886 -0.000269826 -0.000111366 0.999999940 0.002626481
0.999999940 0.000085329 0.000310352 -0.001628134 -0.000085373 1.000000000 0.000140743 -0.000400864 -0.000310340 -0.000140769 0.999999940 0.001749003
0.999999940 0.000089217 0.000280230 -0.002434684 -0.000089234 1.000000000 0.000060808 0.000428267 -0.000280224 -0.000060833 0.999999940 0.000681735
1.000000000 0.000076665 0.000230582 -0.001152225 -0.000076661 1.000000000 -0.000017900 0.001316373 -0.000230583 0.000017882 1.000000000 0.002133405
0.999999940 0.000110319 0.000266734 -0.001521097 -0.000110354 1.000000000 0.000133258 -0.000586421 -0.000266719 -0.000133287 0.999999940 -0.000187418
1.000000000 0.000063089 0.000231371 -0.000872643 -0.000063095 1.000000000 0.000023126 0.000727418 -0.000231370 -0.000023141 1.000000000 0.001142606
0.999999881 0.000252860 0.000367288 -0.003042850 -0.000252857 0.999999940 -0.000008399 0.000801785 -0.000367290 0.000008306 0.999999940 0.000698463
0.999999940 0.000131623 0.000311646 -0.003586042 -0.000131633 1.000000000 0.000033535 0.001776218 -0.000311642 -0.000033576 0.999999940 0.003770423
0.999999940 0.000175186 0.000305376 -0.002830127 -0.000175222 1.000000000 0.000120038 0.000702878 -0.000305355 -0.000120091 0.999999940 0.002990677
0.999999940 0.000060507 0.000261078 -0.001512340 -0.000060546 1.000000000 0.000148141 0.000094904 -0.000261069 -0.000148157 0.999999940 0.001176646
0.999999881 0.000282300 0.000379473 -0.003885595 -0.000282309 0.999999940 0.000022418 0.001605378 -0.000379467 -0.000022525 0.999999940 0.003539123
0.999999881 0.000292226 0.000437699 -0.003099240 -0.000292236 0.999999940 0.000023068 0.001426732 -0.000437692 -0.000023196 0.999999881 0.003392242
0.999999940 0.000153970 0.000278950 -0.001043598 -0.000154010 1.000000000 0.000141939 -0.000425229 -0.000278928 -0.000141982 0.999999940 0.000213322
0.999999940 0.000229187 0.000316528 -0.003042403 -0.000229165 1.000000000 -0.000068619 0.003421272 -0.000316543 0.000068547 0.999999940 0.006179965
0.999999940 0.000212773 0.000321118 -0.003508163 -0.000212756 1.000000000 -0.000053486 0.004378123 -0.000321129 0.000053418 0.999999940 0.007078432
0.999999940 -0.000101463 0.000263287 -0.001264485 0.000101458 1.000000000 0.000016029 0.001540103 -0.000263289 -0.000016002 0.999999940 0.002799726
0.999999940 0.000195632 0.000331312 -0.002568919 -0.000195676 1.000000000 0.000133260 0.001110652 -0.000331286 -0.000133325 0.999999940 0.003093340
0.999999940 -0.000044235 0.000241626 -0.001267054 0.000044216 1.000000000 0.000078002 0.001304911 -0.000241630 -0.000077991 0.999999940 0.002889328
0.999999881 0.000068638 0.000435737 -0.002863118 -0.000068637 1.000000000 -0.000003897 0.001660021 -0.000435738 0.000003867 0.999999881 0.004794301
0.999999940 -0.000216976 0.000284829 -0.000466918 0.000217208 0.999999642 -0.000811737 0.001023482 -0.000284653 0.000811799 0.999999642 0.054907706
0.999999940 0.000187373 0.000371868 -0.001442647 -0.000186970 0.999999404 -0.001082919 -0.006006540 -0.000372071 0.001082849 0.999999344 0.132816255
1.000000000 0.000153542 0.000078877 0.003110425 -0.000153410 0.999998629 -0.001662521 -0.003169459 -0.000079132 0.001662509 0.999998629 0.255841255
0.999999940 0.000304895 0.000105939 0.004260069 -0.000304771 0.999999285 -0.001163785 -0.012502844 -0.000106294 0.001163752 0.999999344 0.386122286
1.000000000 0.000103298 0.000171704 0.008521285 -0.000103136 0.999999523 -0.000946675 -0.017692456 -0.000171801 0.000946657 0.999999523 0.524695873
0.999999940 0.000362230 0.000096195 0.012754994 -0.000362150 0.999999583 -0.000831512 -0.025567884 -0.000096497 0.000831477 0.999999642 0.667041481
0.999999881 0.000353636 0.000328325 0.016120773 -0.000353363 0.999999583 -0.000832406 -0.026133513 -0.000328620 0.000832290 0.999999583 0.839098632
1.000000000 0.000023273 -0.000029823 0.019051712 -0.000023291 0.999999821 -0.000617467 -0.028485376 0.000029809 0.000617468 0.999999821 1.015995145
1.000000000 -0.000076055 -0.000112926 0.022979891 0.000076018 0.999999940 -0.000329161 -0.033465132 0.000112951 0.000329153 0.999999940 1.193076611
0.999999881 0.000398515 0.000334497 0.016834470 -0.000398297 0.999999702 -0.000650992 -0.033792041 -0.000334757 0.000650858 0.999999762 1.370779634
1.000000000 0.000093482 0.000012402 0.037068918 -0.000093483 1.000000000 0.000095477 -0.052547168 -0.000012393 -0.000095478 1.000000000 1.566785932
0.999999881 0.000398832 0.000227885 0.037205499 -0.000398820 0.999999940 -0.000055636 -0.052907724 -0.000227908 0.000055545 1.000000000 1.759287238
0.999999940 -0.000030884 -0.000408650 0.043570738 0.000030741 0.999999940 -0.000348105 -0.052687630 0.000408661 0.000348092 0.999999881 1.962857485
0.999999940 0.000286116 0.000271411 0.040688705 -0.000286006 0.999999881 -0.000406061 -0.062138867 -0.000271527 0.000405983 0.999999881 2.165509224
0.999999642 0.000879900 0.000016073 0.047909778 -0.000879869 0.999997914 -0.001818440 -0.051575918 -0.000017673 0.001818425 0.999998331 2.372583151
0.999999583 0.000841026 -0.000512771 0.060548358 -0.000841668 0.999998868 -0.001251705 -0.061577447 0.000511718 0.001252136 0.999999046 2.589729071
0.999999285 0.001177464 0.000053961 0.058719363 -0.001177374 0.999997973 -0.001641185 -0.067258611 -0.000055894 0.001641121 0.999998629 2.812502384
0.999999404 0.000983749 -0.000307912 0.069412217 -0.000984121 0.999998808 -0.001211929 -0.076689243 0.000306720 0.001212232 0.999999225 3.047607183
0.999999583 0.000875848 -0.000210169 0.068061374 -0.000876243 0.999997854 -0.001886132 -0.074852996 0.000208517 0.001886315 0.999998152 3.288961411
0.999999642 0.000836696 -0.000140734 0.074428454 -0.000836917 0.999998391 -0.001578778 -0.086470790 0.000139413 0.001578896 0.999998748 3.526097536
0.999999762 0.000704647 -0.000245556 0.077262238 -0.000705114 0.999997914 -0.001904212 -0.088174142 0.000244214 0.001904384 0.999998152 3.791278839
0.999999702 0.000678786 -0.000266839 0.086754933 -0.000679260 0.999998152 -0.001781281 -0.098565236 0.000265630 0.001781462 0.999998391 4.046699047
0.999999464 0.001011718 -0.000141282 0.088660069 -0.001011943 0.999998212 -0.001599721 -0.104433082 0.000139663 0.001599864 0.999998629 4.303317547
0.999999464 0.001012402 -0.000094023 0.094761118 -0.001012571 0.999997854 -0.001817872 -0.108402207 0.000092183 0.001817966 0.999998271 4.563993454
0.999999523 0.000977484 0.000007173 0.100439049 -0.000977471 0.999998271 -0.001583413 -0.119050257 -0.000008721 0.001583406 0.999998689 4.818506718
0.999999344 0.001042525 -0.000346876 0.106519535 -0.001043060 0.999998212 -0.001545348 -0.124226958 0.000345264 0.001545709 0.999998689 5.082280159
0.999999344 0.001138933 -0.000214251 0.111464322 -0.001139312 0.999997795 -0.001775912 -0.135518894 0.000212228 0.001776155 0.999998391 5.340892315
0.999999523 0.000923806 -0.000134599 0.116628408 -0.000924069 0.999997616 -0.001968345 -0.140914932 0.000132780 0.001968468 0.999998033 5.612913132
0.999999344 0.001138844 -0.000202760 0.122524887 -0.001139146 0.999998212 -0.001497578 -0.151031628 0.000201054 0.001497808 0.999998808 5.882722855
0.999999404 0.001101472 -0.000261070 0.132853135 -0.001101856 0.999998331 -0.001471964 -0.161856040 0.000259448 0.001472251 0.999998868 6.158515453
0.999999106 0.001301927 -0.000225036 0.135759234 -0.001302237 0.999998212 -0.001382915 -0.173530996 0.000223235 0.001383207 0.999998987 6.427152634
0.999999344 0.001029403 -0.000120668 0.138406724 -0.001029587 0.999998331 -0.001533721 -0.181912094 0.000119089 0.001533845 0.999998868 6.717645168
0.999999106 0.001244508 0.000120326 0.140951306 -0.001244350 0.999998331 -0.001303086 -0.189611211 -0.000121947 0.001302935 0.999999106 7.026770115
0.999999166 0.001221358 -0.000169352 0.157554761 -0.001221544 0.999998689 -0.001105324 -0.203678563 0.000168002 0.001105531 0.999999404 7.303306580
0.999999046 0.001355144 0.000251580 0.158157468 -0.001354699 0.999997556 -0.001758671 -0.208011612 -0.000253962 0.001758328 0.999998391 7.627231121
0.999998868 0.001472515 -0.000102641 0.167041838 -0.001472658 0.999997914 -0.001404132 -0.224226281 0.000100573 0.001404282 0.999998987 7.931838989
0.999998868 0.001515381 -0.000181978 0.172522560 -0.001515664 0.999997616 -0.001565501 -0.228475809 0.000179605 0.001565775 0.999998748 8.258381844
0.999999344 0.001164291 0.000135223 0.179700017 -0.001164023 0.999997437 -0.001961475 -0.237965479 -0.000137506 0.001961316 0.999998093 8.583712578
0.999997735 0.002005464 0.000771893 0.175506443 -0.002004100 0.999996483 -0.001763743 -0.246812403 -0.000775428 0.001762192 0.999998152 8.926680565
0.999999166 0.001266115 0.000237633 0.186148897 -0.001265766 0.999998152 -0.001467056 -0.260656178 -0.000239490 0.001466754 0.999998868 9.252509117
0.999997556 0.002092957 0.000608852 0.188396752 -0.002091991 0.999996543 -0.001583080 -0.268067092 -0.000612164 0.001581802 0.999998510 9.604046822
0.999998391 0.001736609 0.000451538 0.196787477 -0.001735837 0.999997020 -0.001706478 -0.279936910 -0.000454501 0.001705692 0.999998331 9.942302704
0.999997973 0.001866273 0.000785839 0.198934585 -0.001864892 0.999996781 -0.001755076 -0.290405661 -0.000789112 0.001753607 0.999998093 10.305102348
0.999999046 0.001243006 0.000610868 0.207264438 -0.001242536 0.999998868 -0.000769329 -0.311458319 -0.000611824 0.000768569 0.999999523 10.644440651
0.999999046 0.001237392 0.000506800 0.218427896 -0.001237077 0.999998987 -0.000622161 -0.323618084 -0.000507569 0.000621534 0.999999702 11.011393547
0.999998510 0.001443028 0.000949821 0.217139915 -0.001442148 0.999998510 -0.000925649 -0.328998566 -0.000951155 0.000924278 0.999999106 11.401421547
0.999999166 0.001202104 0.000672664 0.232016072 -0.001201670 0.999999046 -0.000645325 -0.343327612 -0.000673439 0.000644516 0.999999583 11.765118599
0.999998450 0.001527012 0.000825988 0.241225109 -0.001526493 0.999998569 -0.000627848 -0.357487261 -0.000826946 0.000626586 0.999999464 12.150746346
0.999998450 0.001559649 0.000779476 0.250303686 -0.001558786 0.999998152 -0.001105145 -0.363262057 -0.000781199 0.001103928 0.999999106 12.542908669
0.999998271 0.001618079 0.000820702 0.257937282 -0.001617224 0.999998093 -0.001040642 -0.375753522 -0.000822384 0.001039313 0.999999166 12.939031601
0.999998331 0.001665918 0.000752429 0.265488714 -0.001665127 0.999998033 -0.001049727 -0.385477245 -0.000754176 0.001048472 0.999999166 13.339417458
0.999998331 0.001402745 0.001171393 0.271531671 -0.001401492 0.999998391 -0.001069556 -0.394308627 -0.001172891 0.001067912 0.999998748 13.757914543
0.999998689 0.001065707 0.001237191 0.280829847 -0.001064712 0.999999106 -0.000805245 -0.409585923 -0.001238047 0.000803927 0.999998927 14.162760735
0.999997020 0.001620546 0.001844191 0.288905472 -0.001618997 0.999998391 -0.000841056 -0.421440929 -0.001845551 0.000838068 0.999997973 14.583651543
0.999998271 0.001324282 0.001310069 0.303583115 -0.001323656 0.999998987 -0.000478185 -0.438857883 -0.001310701 0.000476450 0.999999046 15.016023636
0.999998450 0.001002768 0.001431976 0.316418707 -0.001001804 0.999999285 -0.000673473 -0.450400233 -0.001432651 0.000672037 0.999998748 15.450864792
0.999997199 0.001327386 0.001934785 0.324013650 -0.001325727 0.999998748 -0.000858324 -0.461015552 -0.001935923 0.000855756 0.999997735 15.894029617
0.999997437 0.001085833 0.001992906 0.336063355 -0.001084685 0.999999344 -0.000577271 -0.475179255 -0.001993531 0.000575108 0.999997854 16.335601807
0.999996006 0.001475236 0.002381271 0.341811240 -0.001472980 0.999998450 -0.000948829 -0.486772418 -0.002382666 0.000945317 0.999996662 16.783737183
0.999995589 0.001402214 0.002599791 0.351368964 -0.001400588 0.999998868 -0.000627493 -0.501899660 -0.002600668 0.000623849 0.999996424 17.241600037
0.999994278 0.001611150 0.002972310 0.359460175 -0.001609672 0.999998569 -0.000499567 -0.514454722 -0.002973111 0.000494780 0.999995470 17.703495026
0.999992669 0.001612943 0.003468107 0.367148429 -0.001611158 0.999998569 -0.000517460 -0.526823938 -0.003468938 0.000511868 0.999993861 18.171562195
0.999991298 0.001906071 0.003722675 0.384733796 -0.001902548 0.999997675 -0.000949732 -0.536951900 -0.003724477 0.000942641 0.999992609 18.641077042
0.999990523 0.002048846 0.003832991 0.391902804 -0.002044625 0.999997318 -0.001104621 -0.547797680 -0.003835244 0.001096774 0.999992073 19.111017227
0.999991357 0.001919880 0.003680715 0.411058843 -0.001917004 0.999997795 -0.000784757 -0.561898053 -0.003682214 0.000777695 0.999993026 19.586688995
0.999991834 0.001493108 0.003752146 0.416785657 -0.001491317 0.999998808 -0.000480035 -0.573337853 -0.003752858 0.000474436 0.999992907 20.079925537
0.999992609 0.001682144 0.003459780 0.430498391 -0.001679418 0.999998271 -0.000790493 -0.591370463 -0.003461103 0.000784677 0.999993682 20.568250656
0.999990284 0.002029716 0.003916262 0.435521692 -0.002024246 0.999996960 -0.001400128 -0.595313430 -0.003919092 0.001392187 0.999991298 21.076360703
0.999995410 0.001556090 0.002604329 0.453601658 -0.001552909 0.999998033 -0.001223450 -0.613868356 -0.002606229 0.001219400 0.999995887 21.576290131
0.999995470 0.001737516 0.002455835 0.464125156 -0.001736543 0.999998391 -0.000398385 -0.637748122 -0.002456524 0.000394118 0.999996960 22.084197998
0.999998569 0.001237726 0.001159140 0.481797546 -0.001237798 0.999999225 0.000060738 -0.652689159 -0.001159065 -0.000062172 0.999999404 22.571447372
0.999998033 0.001708156 0.001036121 0.487357587 -0.001706926 0.999997973 -0.001186525 -0.658917606 -0.001038146 0.001184754 0.999998748 23.105943680
0.999997795 0.002000123 0.000690183 0.491632193 -0.001998853 0.999996364 -0.001834988 -0.670832336 -0.000693851 0.001833604 0.999998093 23.635131836
0.999999881 0.000516818 -0.000417262 0.508805215 -0.000517624 0.999997973 -0.001933766 -0.688529849 0.000416262 0.001933982 0.999998033 24.148483276
0.999998569 0.001461760 -0.000866628 0.515177190 -0.001462943 0.999997973 -0.001366385 -0.702788949 0.000864629 0.001367651 0.999998689 24.693429947
0.999996126 0.002034076 -0.001865495 0.530193806 -0.002035521 0.999997616 -0.000773128 -0.726943970 0.001863918 0.000776923 0.999997973 25.204874039
0.999996305 0.001352686 -0.002315193 0.539946675 -0.001353559 0.999998927 -0.000375636 -0.741436481 0.002314683 0.000378768 0.999997258 25.754779816
0.999994397 0.001990042 -0.002681827 0.540790975 -0.001992257 0.999997795 -0.000823486 -0.756174684 0.002680182 0.000828825 0.999996066 26.290788651
0.999993861 0.002228853 -0.002707824 0.544947982 -0.002230399 0.999997437 -0.000568132 -0.769164860 0.002706550 0.000574169 0.999996126 26.841398239
0.999994636 0.001688562 -0.002824201 0.552940905 -0.001689001 0.999998569 -0.000153144 -0.786948204 0.002823938 0.000157914 0.999996006 27.388759613
0.999992371 0.002146032 -0.003250303 0.554216981 -0.002147337 0.999997616 -0.000397923 -0.805979431 0.003249441 0.000404900 0.999994636 27.934070587
0.999991059 0.002555163 -0.003359417 0.558867157 -0.002555290 0.999996722 -0.000033391 -0.820852101 0.003359320 0.000041975 0.999994338 28.478889465
0.999990106 0.002867105 -0.003420531 0.567532182 -0.002867158 0.999995947 -0.000010376 -0.839176834 0.003420487 0.000020183 0.999994159 29.005376816
0.999986887 0.002444950 -0.004503711 0.583835185 -0.002443835 0.999996960 0.000252935 -0.860054433 0.004504316 -0.000241925 0.999989808 29.556133270
0.999985516 0.002617333 -0.004692329 0.588420630 -0.002616238 0.999996543 0.000239461 -0.871519744 0.004692940 -0.000227181 0.999988914 30.099575043
0.999985993 0.002386627 -0.004722647 0.601227641 -0.002384989 0.999997139 0.000352461 -0.892548203 0.004723474 -0.000341192 0.999988794 30.646343231
0.999982357 0.002567613 -0.005341075 0.607270479 -0.002566315 0.999996662 0.000249756 -0.905289531 0.005341699 -0.000236045 0.999985635 31.190454483
0.999980509 0.002472898 -0.005735529 0.618833184 -0.002470662 0.999996841 0.000396869 -0.920702577 0.005736493 -0.000382691 0.999983430 31.739343643
0.999979138 0.002475319 -0.005976645 0.630551696 -0.002471976 0.999996781 0.000566771 -0.940434754 0.005978029 -0.000551985 0.999981999 32.281642914
0.999979436 0.002588308 -0.005862333 0.630436242 -0.002586463 0.999996603 0.000322275 -0.947000802 0.005863147 -0.000307106 0.999982715 32.821449280
0.999979258 0.002546236 -0.005919572 0.636384189 -0.002545920 0.999996781 0.000060972 -0.964523852 0.005919708 -0.000045900 0.999982476 33.361629486
0.999976993 0.002534433 -0.006291511 0.644272208 -0.002533692 0.999996781 0.000125929 -0.974526882 0.006291809 -0.000109985 0.999980211 33.922157288
0.999979258 0.002675246 -0.005857355 0.641284108 -0.002676214 0.999996483 -0.000157416 -0.988879085 0.005856913 0.000173088 0.999982834 34.470764160
0.999975085 0.002409593 -0.006652277 0.660143971 -0.002407669 0.999997079 0.000297232 -1.008426309 0.006652975 -0.000281208 0.999977827 35.005420685
0.999978364 0.002592206 -0.006049925 0.657536209 -0.002591936 0.999996662 0.000052533 -1.019035459 0.006050041 -0.000036851 0.999981642 35.561843872
0.999979079 0.003323276 -0.005552697 0.664009273 -0.003323570 0.999994457 -0.000043611 -1.041092992 0.005552521 0.000062064 0.999984562 36.082916260
0.999969840 0.003074364 -0.007133583 0.681913376 -0.003074387 0.999995291 0.000007825 -1.051174998 0.007133574 0.000014107 0.999974489 36.631122589
0.999970675 0.003730243 -0.006687816 0.685090184 -0.003732487 0.999992967 -0.000323146 -1.065375566 0.006686564 0.000348099 0.999977529 37.172821045
0.999969125 0.002825042 -0.007333709 0.693352222 -0.002827396 0.999995887 -0.000310668 -1.081983447 0.007332802 0.000331394 0.999972999 37.734127045
0.999971271 0.002485605 -0.007159511 0.696752667 -0.002488662 0.999996722 -0.000418205 -1.095476627 0.007158448 0.000436011 0.999974310 38.286403656
0.999971628 0.002650462 -0.007055122 0.703163624 -0.002656711 0.999996066 -0.000876558 -1.109032512 0.007052772 0.000895276 0.999974728 38.831340790
0.999965191 0.003200548 -0.007724461 0.711111903 -0.003201419 0.999994874 -0.000100401 -1.130336881 0.007724101 0.000125127 0.999970138 39.356021881
0.999964237 0.003322565 -0.007784272 0.724721551 -0.003320565 0.999994516 0.000269925 -1.149778128 0.007785127 -0.000244067 0.999969661 39.896575928
0.999965906 0.003459553 -0.007494768 0.735093117 -0.003455623 0.999993920 0.000537183 -1.169753194 0.007496580 -0.000511266 0.999971807 40.438869476
0.999960661 0.003346786 -0.008204471 0.743004441 -0.003344987 0.999994338 0.000233022 -1.183455229 0.008205205 -0.000205569 0.999966264 41.002487183
0.999959886 0.003288247 -0.008322479 0.753517151 -0.003286569 0.999994576 0.000215321 -1.195361137 0.008323141 -0.000187960 0.999965370 41.550174713
0.999958038 0.003351306 -0.008517214 0.773115277 -0.003345731 0.999994099 0.000668714 -1.222556472 0.008519405 -0.000640190 0.999963522 42.084831238
0.999955058 0.003783549 -0.008683358 0.766945124 -0.003781367 0.999992788 0.000267648 -1.225679278 0.008684309 -0.000234801 0.999962211 42.643657684
0.999955595 0.003472575 -0.008757713 0.776736736 -0.003467982 0.999993861 0.000539688 -1.244150639 0.008759534 -0.000509292 0.999961495 43.176784515
0.999954700 0.004429729 -0.008426268 0.784453511 -0.004428419 0.999990106 0.000174227 -1.255425334 0.008426958 -0.000136904 0.999964476 43.733722687
0.999957442 0.003451158 -0.008555253 0.776413560 -0.003446035 0.999993861 0.000613436 -1.275492311 0.008557318 -0.000583928 0.999963224 44.271835327
0.999956846 0.003929382 -0.008410400 0.784549594 -0.003926381 0.999992132 0.000373185 -1.288687587 0.008411800 -0.000340147 0.999964595 44.822124481
0.999962509 0.004456436 -0.007429031 0.788878858 -0.004456534 0.999990106 0.000003222 -1.293610334 0.007428971 0.000029885 0.999972463 45.360710144
0.999960124 0.003607186 -0.008167484 0.790642619 -0.003602063 0.999993324 0.000641786 -1.321207881 0.008169744 -0.000612341 0.999966443 45.921169281
0.999959767 0.003232399 -0.008367458 0.803022385 -0.003229792 0.999994755 0.000325145 -1.335955501 0.008368465 -0.000298106 0.999964952 46.462577820
0.999959826 0.004325248 -0.007847544 0.806844890 -0.004325423 0.999990702 -0.000005353 -1.344359875 0.007847446 0.000039297 0.999969244 46.987598419
0.999962866 0.003132687 -0.008040506 0.796214223 -0.003131130 0.999995053 0.000206383 -1.358637094 0.008041115 -0.000181199 0.999967635 47.547092438
0.999960840 0.003840385 -0.007976471 0.802159667 -0.003837714 0.999992609 0.000350124 -1.375417352 0.007977756 -0.000319498 0.999968112 48.100921631
0.999963462 0.003426298 -0.007839914 0.812406540 -0.003424534 0.999994159 0.000238457 -1.384748816 0.007840686 -0.000211601 0.999969244 48.640480042
0.999963701 0.003131376 -0.007922953 0.809921026 -0.003128156 0.999994934 0.000418818 -1.405390501 0.007924225 -0.000394018 0.999968529 49.185424805
0.999963820 0.003271248 -0.007850731 0.821128726 -0.003271635 0.999994576 -0.000036590 -1.416765809 0.007850570 0.000062273 0.999969184 49.732223511
0.999966383 0.003886657 -0.007224797 0.821388245 -0.003880463 0.999992013 0.000871202 -1.440887094 0.007228127 -0.000843137 0.999973536 50.269363403
0.999964714 0.003225808 -0.007770766 0.824093938 -0.003224935 0.999994814 0.000124902 -1.452485800 0.007771129 -0.000099837 0.999969780 50.824607849
0.999966085 0.003540265 -0.007436143 0.830447733 -0.003538579 0.999993801 0.000239883 -1.468482971 0.007436944 -0.000213562 0.999972343 51.380168915
0.999962986 0.003315715 -0.007938161 0.848807156 -0.003314696 0.999994516 0.000141653 -1.484536529 0.007938587 -0.000115335 0.999968469 51.915943146
0.999961257 0.002910064 -0.008307039 0.857361078 -0.002910309 0.999995768 -0.000017559 -1.498549819 0.008306954 0.000041734 0.999965429 52.460788727
0.999964118 0.003174879 -0.007849382 0.857496023 -0.003173204 0.999994874 0.000225703 -1.512169719 0.007850058 -0.000200787 0.999969184 53.001213074
0.999961317 0.002706324 -0.008368968 0.868804097 -0.002705307 0.999996305 0.000132812 -1.528322458 0.008369297 -0.000110166 0.999964952 53.550693512
0.999964833 0.003029256 -0.007813640 0.875070989 -0.003027603 0.999995351 0.000223483 -1.544860482 0.007814281 -0.000199819 0.999969482 54.098239899
0.999961793 0.003073016 -0.008180413 0.879420102 -0.003071352 0.999995232 0.000216007 -1.560864210 0.008181039 -0.000190873 0.999966502 54.634960175
0.999965072 0.003652668 -0.007520871 0.872859895 -0.003652286 0.999993324 0.000064375 -1.574936509 0.007521057 -0.000036905 0.999971747 55.192272186
0.999962211 0.003311306 -0.008041683 0.890679598 -0.003309138 0.999994457 0.000282739 -1.592181087 0.008042575 -0.000256117 0.999967635 55.731994629
0.999960721 0.003013762 -0.008333175 0.896140397 -0.003013828 0.999995470 0.000004594 -1.602525830 0.008333150 0.000020521 0.999965250 56.285125732
0.999965191 0.003064949 -0.007757215 0.911179662 -0.003065929 0.999995291 -0.000114439 -1.620047569 0.007756827 0.000138218 0.999969959 56.818847656
0.999960005 0.003409772 -0.008270806 0.924025774 -0.003409773 0.999994159 0.000013964 -1.633082390 0.008270805 0.000014238 0.999965787 57.366840363
0.999943852 0.003031150 -0.010154351 0.938972116 -0.003025039 0.999995232 0.000617083 -1.655571580 0.010156172 -0.000586331 0.999948204 57.907032013
0.999959946 0.002809062 -0.008498349 0.942109525 -0.002813035 0.999995887 -0.000455597 -1.662650585 0.008497034 0.000479485 0.999963820 58.456081390
0.999962151 0.003217152 -0.008086491 0.936335087 -0.003222815 0.999994516 -0.000687425 -1.670269728 0.008084237 0.000713460 0.999966979 58.996475220
0.999961793 0.003564590 -0.007978317 0.942658544 -0.003572620 0.999993086 -0.000992562 -1.687872887 0.007974725 0.001021028 0.999967635 59.538291931
0.999964476 0.003593042 -0.007630763 0.947981715 -0.003600093 0.999993086 -0.000910409 -1.700056314 0.007627439 0.000937849 0.999970436 60.092823029
0.999958873 0.003821142 -0.008221566 0.956631780 -0.003825475 0.999992549 -0.000511405 -1.719611049 0.008219551 0.000542836 0.999966025 60.625850677
0.999958336 0.004163312 -0.008118364 0.968814909 -0.004168169 0.999991179 -0.000581364 -1.739705920 0.008115872 0.000615178 0.999966860 61.168544769
0.999962986 0.003715413 -0.007758658 0.971171260 -0.003723275 0.999992609 -0.000999121 -1.743497491 0.007754887 0.001027972 0.999969423 61.728565216
0.999956787 0.003897100 -0.008436992 0.977858245 -0.003903700 0.999992013 -0.000765960 -1.761713386 0.008433940 0.000798862 0.999964118 62.254722595
0.999957025 0.003821980 -0.008446598 0.985504270 -0.003827409 0.999992430 -0.000626693 -1.781228900 0.008444139 0.000658994 0.999964118 62.797760010
0.999965131 0.004329828 -0.007145576 0.978146851 -0.004332574 0.999990582 -0.000368733 -1.794927001 0.007143913 0.000399679 0.999974370 63.348861694
0.999956250 0.004277761 -0.008318190 1.000456333 -0.004279681 0.999990821 -0.000213160 -1.815612435 0.008317202 0.000248750 0.999965370 63.887847900
0.999958098 0.004098263 -0.008191102 1.000521183 -0.004102321 0.999991417 -0.000478689 -1.828255296 0.008189071 0.000512272 0.999966323 64.437316895
0.999956846 0.004952319 -0.007854436 1.011150956 -0.004950061 0.999987662 0.000306846 -1.847888947 0.007855859 -0.000267953 0.999969125 64.971862793
0.999959171 0.004638621 -0.007750303 1.011242270 -0.004640875 0.999989212 -0.000273012 -1.855830312 0.007748952 0.000308969 0.999969959 65.504768372
0.999954820 0.004295866 -0.008478239 1.029531956 -0.004301877 0.999990523 -0.000690896 -1.864944816 0.008475190 0.000727338 0.999963820 66.050010681
0.999959946 0.004342163 -0.007832163 1.028691292 -0.004348969 0.999990225 -0.000852155 -1.876026034 0.007828386 0.000886183 0.999969006 66.605117798
0.999955714 0.004510500 -0.008250769 1.042835474 -0.004517403 0.999989510 -0.000818059 -1.898972750 0.008246991 0.000855295 0.999965668 67.147964478
0.999944866 0.004060667 -0.009685379 1.078953981 -0.004061807 0.999991715 -0.000098016 -1.928438663 0.009684899 0.000137351 0.999953091 67.676223755
0.999953330 0.004505122 -0.008548903 1.057482839 -0.004506694 0.999989808 -0.000164728 -1.939652562 0.008548074 0.000203247 0.999963462 68.230659485
0.999955535 0.004184359 -0.008461120 1.059212327 -0.004190734 0.999990940 -0.000735814 -1.952199101 0.008457964 0.000771240 0.999963999 68.777153015
0.999952435 0.004323365 -0.008739510 1.080771685 -0.004320906 0.999990582 0.000300323 -1.978367209 0.008740726 -0.000262546 0.999961793 69.306190491
0.999953628 0.004611139 -0.008457131 1.075181246 -0.004614656 0.999989271 -0.000396558 -1.979003668 0.008455211 0.000435566 0.999964178 69.846054077
0.999953389 0.005012612 -0.008250977 1.075694084 -0.005018349 0.999987185 -0.000674716 -1.991066337 0.008247489 0.000716091 0.999965727 70.403335571
0.999951243 0.004892082 -0.008578613 1.086337566 -0.004895651 0.999987900 -0.000395136 -2.006418228 0.008576577 0.000437114 0.999963164 70.936584473
0.999955237 0.004611963 -0.008264767 1.083896637 -0.004617606 0.999989092 -0.000664011 -2.024060249 0.008261614 0.000702144 0.999965608 71.479721069
0.999958336 0.004266757 -0.008068694 1.092673302 -0.004270228 0.999990761 -0.000413115 -2.042160034 0.008066857 0.000447554 0.999967337 72.025535583
0.999952614 0.004803790 -0.008465457 1.100937247 -0.004807100 0.999988377 -0.000370491 -2.057749033 0.008463580 0.000411168 0.999964058 72.569564819
0.999953628 0.004691585 -0.008407955 1.110518932 -0.004694726 0.999988914 -0.000353827 -2.075428963 0.008406202 0.000393283 0.999964595 73.112525940
0.999953210 0.003928957 -0.008834341 1.117621303 -0.003934758 0.999992013 -0.000639385 -2.087994814 0.008831759 0.000674116 0.999960780 73.654762268
0.999951541 0.004649402 -0.008680208 1.120148420 -0.004655768 0.999988914 -0.000713398 -2.100317240 0.008676795 0.000753776 0.999962032 74.188468933
0.999949574 0.004707408 -0.008870373 1.131639600 -0.004709017 0.999988854 -0.000160518 -2.119531631 0.008869520 0.000202281 0.999960601 74.726943970
0.999948919 0.004880470 -0.008844841 1.130606294 -0.004880722 0.999988019 -0.000006848 -2.137300730 0.008844703 0.000050016 0.999960840 75.269432068
0.999949634 0.004505530 -0.008971293 1.144059896 -0.004509050 0.999989748 -0.000372200 -2.153771639 0.008969525 0.000412633 0.999959648 75.806030273
0.999946594 0.004813879 -0.009155679 1.150624275 -0.004818808 0.999988258 -0.000516323 -2.169794559 0.009153087 0.000560415 0.999957919 76.351097107
0.999951661 0.004316891 -0.008830185 1.155678749 -0.004319400 0.999990642 -0.000265141 -2.187110662 0.008828956 0.000303269 0.999960959 76.907585144
0.999950409 0.003751714 -0.009224181 1.167893529 -0.003754116 0.999992967 -0.000243141 -2.204302073 0.009223202 0.000277758 0.999957383 77.442703247
0.999946833 0.003972352 -0.009513997 1.177445173 -0.003967567 0.999991953 0.000521736 -2.228119373 0.009515992 -0.000483961 0.999954581 77.979125977
0.999948800 0.004587700 -0.009019413 1.175911665 -0.004593112 0.999989271 -0.000579485 -2.229362011 0.009016658 0.000620883 0.999959171 78.532699585
0.999943376 0.004182568 -0.009781674 1.195861340 -0.004186236 0.999991119 -0.000354523 -2.248029470 0.009780105 0.000395451 0.999952137 79.073715210
0.999953866 0.004198782 -0.008644009 1.188088179 -0.004206212 0.999990821 -0.000841494 -2.259590626 0.008640396 0.000877814 0.999962270 79.623687744
0.999946594 0.005060692 -0.009013138 1.196692705 -0.005067135 0.999986947 -0.000692205 -2.271096706 0.009009517 0.000737839 0.999959171 80.175514221
0.999954581 0.004869417 -0.008191171 1.208916426 -0.004874043 0.999987900 -0.000544975 -2.288992882 0.008188419 0.000584874 0.999966323 80.721954346
0.999961317 0.005641655 -0.006752424 1.211882591 -0.005645346 0.999983907 -0.000527803 -2.305539608 0.006749338 0.000565902 0.999977112 81.267768860
0.999970257 0.005093314 -0.005782135 1.220453858 -0.005096911 0.999986768 -0.000607506 -2.322454214 0.005778964 0.000636959 0.999983072 81.800193787
0.999976993 0.005124680 -0.004450667 1.229438663 -0.005126825 0.999986708 -0.000470699 -2.337114096 0.004448196 0.000493506 0.999989986 82.344306946
0.999986708 0.005035076 -0.001200247 1.244722843 -0.005036000 0.999987066 -0.000767300 -2.352276802 0.001196368 0.000773334 0.999998927 82.893554688
0.999985814 0.004390912 0.003035165 1.256209016 -0.004389836 0.999990284 -0.000360910 -2.372518301 -0.003036721 0.000347581 0.999995351 83.431236267
0.999969304 0.005411865 0.005662472 1.273876667 -0.005410227 0.999985337 -0.000304643 -2.385505438 -0.005664039 0.000273998 0.999983907 83.983039856
0.999931574 0.005471711 0.010341806 1.298891306 -0.005471487 0.999985039 -0.000050079 -2.407639503 -0.010341926 -0.000006510 0.999946475 84.530441284
0.999858439 0.005811832 0.015785277 1.328492641 -0.005812179 0.999983191 -0.000023892 -2.423448324 -0.015785150 -0.000067858 0.999875426 85.080238342
0.999744475 0.005056357 0.022031704 1.344010353 -0.005051891 0.999987185 -0.000258393 -2.440659046 -0.022032728 0.000147026 0.999757230 85.637084961
0.999603629 0.005169385 0.027671877 1.379390955 -0.005176019 0.999986589 0.000168135 -2.457086563 -0.027670640 -0.000311298 0.999616981 86.182907104
0.999342263 0.005212401 0.035886757 1.408001184 -0.005224701 0.999986351 0.000248981 -2.477044344 -0.035884969 -0.000436315 0.999355853 86.739471436
0.999009430 0.005093589 0.044209648 1.451393127 -0.005091045 0.999987006 -0.000170156 -2.489232540 -0.044209953 -0.000055086 0.999022245 87.283111572
0.998671174 0.005201096 0.051273331 1.491132259 -0.005199383 0.999986470 -0.000166775 -2.504118204 -0.051273506 -0.000100036 0.998684645 87.832145691
0.998175919 0.005002257 0.060165361 1.543143749 -0.005003858 0.999987423 -0.000124044 -2.516895771 -0.060165234 -0.000177241 0.998188376 88.374610901
0.997509003 0.005087862 0.070355222 1.596954346 -0.005082269 0.999987066 -0.000258523 -2.529198647 -0.070355617 -0.000099686 0.997522116 88.931159973
0.996855319 0.004169813 0.079132870 1.652442932 -0.004115311 0.999991238 -0.000851816 -2.533313036 -0.079135723 0.000523481 0.996863842 89.487258911
0.996199548 0.004859285 0.086966246 1.722011566 -0.004815309 0.999988139 -0.000715453 -2.559211731 -0.086968705 0.000293965 0.996210933 90.035713196
0.995229781 0.005204637 0.097420476 1.798028469 -0.005139097 0.999986351 -0.000923674 -2.573590040 -0.097423963 0.000418615 0.995242894 90.582801819
0.994177520 0.005121658 0.107633531 1.883183002 -0.005099046 0.999986827 -0.000485288 -2.595268965 -0.107634604 -0.000066366 0.994190454 91.103080750
0.993062615 0.004281702 0.117508829 1.960569382 -0.004261946 0.999990821 -0.000419398 -2.609461308 -0.117509544 -0.000084327 0.993071675 91.684265137
0.991713822 0.004341573 0.128393069 2.048219681 -0.004334352 0.999990582 -0.000335650 -2.621463537 -0.128393322 -0.000223632 0.991723239 92.207839966
0.990065336 0.003808039 0.140557393 2.148783684 -0.003775953 0.999992669 -0.000494981 -2.637742758 -0.140558273 -0.000040674 0.990072429 92.787200928
0.988473475 0.003737373 0.151348338 2.252005577 -0.003750565 0.999992907 -0.000198305 -2.659070015 -0.151348025 -0.000371623 0.988480508 93.333068848
0.986774623 0.003365512 0.162062794 2.353467941 -0.003332185 0.999994338 -0.000477453 -2.666585445 -0.162063509 -0.000068884 0.986780345 93.886131287
0.984674633 0.003850244 0.174358934 2.481771469 -0.003924869 0.999992371 0.000083188 -2.694067001 -0.174357295 -0.000766249 0.984682202 94.399276733
0.982283235 0.002860008 0.187380478 2.594628334 -0.002816050 0.999995828 -0.000500790 -2.697162628 -0.187381133 -0.000035755 0.982287288 94.953903198
0.980240881 0.002663621 0.197789490 2.719010353 -0.002637480 0.999996364 -0.000395600 -2.712646246 -0.197789818 -0.000133883 0.980244458 95.487556458
0.977577806 0.002698316 0.210557416 2.862449646 -0.002656585 0.999996364 -0.000481046 -2.725216627 -0.210557953 -0.000089104 0.977581382 96.020439148
0.974586010 0.002120908 0.224003613 3.005296707 -0.002061533 0.999997735 -0.000498930 -2.737250805 -0.224004135 0.000024459 0.974588215 96.573150635
0.971974850 0.002033282 0.235076427 3.150360107 -0.001984680 0.999997914 -0.000443340 -2.754769564 -0.235076845 -0.000035636 0.971976817 97.108634949
0.968940675 0.001789395 0.247286871 3.308752060 -0.001687677 0.999998331 -0.000623297 -2.767191648 -0.247287542 0.000186597 0.968942046 97.650169373
0.965281606 0.002153174 0.261202723 3.471376419 -0.002148375 0.999997675 -0.000303907 -2.783426285 -0.261202753 -0.000267805 0.965283811 98.190391541
0.961683214 0.001868799 0.274156511 3.629695892 -0.001836139 0.999998271 -0.000375740 -2.798476219 -0.274156690 -0.000142046 0.961685002 98.718795776
0.958561003 0.001577398 0.284882993 3.808589935 -0.001519088 0.999998808 -0.000425639 -2.817591667 -0.284883291 -0.000024761 0.958562195 99.222602844
0.954427183 0.001357916 0.298440933 4.006965637 -0.001260238 0.999999106 -0.000519734 -2.828770399 -0.298441380 0.000119941 0.954427898 99.743041992
0.949909329 0.000696920 0.312524647 4.199579239 -0.000708515 0.999999762 -0.000076459 -2.848299503 -0.312524587 -0.000148799 0.949909627 100.285202026
0.946068764 -0.000040919 0.323966116 4.398223877 0.000213548 0.999999881 -0.000497312 -2.855018854 -0.323966026 0.000539673 0.946068466 100.802680969
0.941540420 -0.000319827 0.336899936 4.603227615 0.000502270 0.999999702 -0.000454379 -2.876831293 -0.336899668 0.000597031 0.941540301 101.324127197
0.936417878 -0.000511880 0.350886375 4.819164276 0.000727503 0.999999642 -0.000482683 -2.895320892 -0.350885987 0.000707264 0.936417937 101.824745178
0.931734562 -0.000577726 0.363139391 5.040082932 0.000568626 0.999999940 0.000131952 -2.913824081 -0.363139451 0.000083546 0.931734860 102.333442688
0.927037418 -0.001183550 0.374967098 5.253578186 0.001486818 0.999998748 -0.000519475 -2.924326897 -0.374966025 0.001039081 0.927038014 102.826942444
0.921080649 -0.001628470 0.389368385 5.500381470 0.001734711 0.999998510 0.000078740 -2.941876411 -0.389367968 0.000602915 0.921082079 103.357826233
0.915321827 -0.002324071 0.402716488 5.739044189 0.002589487 0.999996662 -0.000114600 -2.949466705 -0.402714849 0.001147725 0.915324688 103.857833862
0.910531223 -0.002554257 0.413432479 5.986171722 0.002751107 0.999996185 0.000119194 -2.972467422 -0.413431227 0.001028867 0.910534739 104.320533752
0.904205024 -0.002614668 0.427090645 6.241321564 0.002722934 0.999996245 0.000357226 -2.988208055 -0.427090049 0.000839935 0.904208720 104.845123291
0.897714555 -0.002279551 0.440571845 6.502773285 0.002313941 0.999997258 0.000459147 -3.010528326 -0.440571696 0.000607274 0.897717297 105.314002991
0.891908050 -0.003786617 0.452200919 6.779731750 0.004119087 0.999991477 0.000249309 -3.019923449 -0.452198058 0.001640294 0.891916037 105.812629700
0.886090755 -0.003985055 0.463494986 7.050075531 0.004244167 0.999990880 0.000483937 -3.036305904 -0.463492632 0.001538337 0.886099458 106.316658020
0.878905773 -0.004133469 0.476977617 7.337081909 0.004607200 0.999989390 0.000176381 -3.046661854 -0.476973236 0.002042508 0.878915489 106.796371460
