1.000000000 0.000000000 0.000000000 0.000000000 0.000000000 1.000000000 0.000000000 0.000000000 0.000000000 0.000000000 1.000000000 0.000000000
1.000000000 -0.000028370 -0.000134065 0.003919822 0.000028376 1.000000000 0.000047950 -0.000478019 0.000134064 -0.000047954 1.000000000 -0.000811613
1.000000000 0.000104268 -0.000022690 0.000677672 -0.000104267 1.000000000 0.000031614 -0.000504056 0.000022694 -0.000031612 1.000000000 -0.002626883
1.000000000 -0.000164975 -0.000155475 0.006271533 0.000164995 1.000000000 0.000127333 -0.001742481 0.000155454 -0.000127358 1.000000000 -0.002948155
1.000000000 -0.000141032 -0.000165247 0.003913750 0.000141045 1.000000000 0.000084646 -0.001537543 0.000165235 -0.000084669 1.000000000 -0.003116026
1.000000000 0.000048347 0.000019444 -0.000833078 -0.000048346 1.000000000 -0.000049649 -0.000647921 -0.000019447 0.000049648 1.000000000 -0.002352963
1.000000000 -0.000053388 -0.000101126 0.003174859 0.000053401 1.000000000 0.000132073 -0.002378930 0.000101119 -0.000132078 1.000000000 -0.005581669
1.000000000 -0.000084063 -0.000056534 -0.001057443 0.000084067 1.000000000 0.000067772 0.000037071 0.000056529 -0.000067777 1.000000000 0.002799158
1.000000000 0.000000844 -0.000074607 0.002238086 -0.000000841 1.000000000 0.000047588 -0.002906781 0.000074607 -0.000047588 1.000000000 -0.007077332
1.000000000 -0.000069596 -0.000034181 0.001625128 0.000069600 1.000000000 0.000113444 -0.000593391 0.000034173 -0.000113446 1.000000000 -0.005575839
1.000000000 0.000050771 0.000051441 -0.000319567 -0.000050773 1.000000000 0.000040301 -0.000945942 -0.000051439 -0.000040303 1.000000000 -0.002075209
0.999999940 -0.000243816 -0.000124880 0.001351606 0.000243829 0.999999940 0.000102305 -0.002929959 0.000124856 -0.000102336 1.000000000 -0.008257906
1.000000000 -0.000025982 0.000040154 0.000088277 0.000025979 1.000000000 0.000072939 -0.001714061 -0.000040156 -0.000072938 1.000000000 -0.004062981
1.000000000 -0.000130542 -0.000018365 0.001732349 0.000130545 1.000000000 0.000145624 -0.002245370 0.000018346 -0.000145627 1.000000000 -0.006613207
1.000000000 -0.000131195 -0.000069878 0.001566034 0.000131202 1.000000000 0.000105292 -0.001646454 0.000069864 -0.000105301 1.000000000 -0.006277421
1.000000000 -0.000132717 -0.000095402 0.000958758 0.000132727 1.000000000 0.000109983 -0.001535139 0.000095387 -0.000109996 1.000000000 -0.006078565
0.999999940 -0.000239573 -0.000047844 0.001082869 0.000239577 0.999999940 0.000082064 -0.001699133 0.000047824 -0.000082075 1.000000000 -0.007003154
1.000000000 -0.000030503 -0.000074558 0.002680055 0.000030515 1.000000000 0.000160144 -0.003244950 0.000074554 -0.000160147 1.000000000 -0.009934890
0.999999940 -0.000324644 -0.000065023 0.003359560 0.000324658 0.999999940 0.000202389 -0.004220576 0.000064958 -0.000202410 1.000000000 -0.009279124
1.000000000 -0.000126483 -0.000057864 0.001762638 0.000126488 1.000000000 0.000096167 -0.003453891 0.000057851 -0.000096175 1.000000000 -0.006301347
1.000000000 -0.000091511 -0.000061035 0.003290131 0.000091529 0.999999940 0.000291698 -0.006012936 0.000061008 -0.000291704 0.999999940 -0.008845541
1.000000000 -0.000000815 0.000017093 0.000026110 0.000000812 1.000000000 0.000132430 -0.001433071 -0.000017093 -0.000132430 1.000000000 -0.005421259
0.999999940 -0.000223565 -0.000195094 0.005687737 0.000223619 0.999999940 0.000276344 -0.003413506 0.000195032 -0.000276387 0.999999940 -0.013253273
0.999999940 -0.000368191 -0.000091089 0.000320264 0.000368220 0.999999881 0.000316154 -0.004186002 0.000090973 -0.000316188 0.999999940 -0.007746674
0.999999940 -0.000237953 -0.000185284 0.005582543 0.000237998 0.999999940 0.000244559 -0.003862100 0.000185225 -0.000244603 0.999999940 -0.011878361
0.999999940 -0.000258423 -0.000119366 0.002942815 0.000258459 0.999999940 0.000296409 -0.003666922 0.000119289 -0.000296440 0.999999940 -0.011172495
1.000000000 -0.000102628 -0.000105184 0.001809435 0.000102651 0.999999940 0.000222176 -0.005157048 0.000105161 -0.000222187 0.999999940 -0.011162439
1.000000000 -0.000222039 -0.000099651 0.002655815 0.000222066 0.999999940 0.000272354 -0.004347271 0.000099591 -0.000272377 0.999999940 -0.006484275
1.000000000 -0.000192527 -0.000099443 -0.000393597 0.000192542 1.000000000 0.000146629 0.000400930 0.000099415 -0.000146648 1.000000000 -0.006082344
1.000000000 -0.000086807 -0.000059546 -0.000810176 0.000086820 0.999999940 0.000231071 -0.001491340 0.000059526 -0.000231076 1.000000000 -0.002616894
1.000000000 -0.000127230 -0.000075271 -0.000774288 0.000127246 0.999999940 0.000215626 -0.001539553 0.000075244 -0.000215635 1.000000000 -0.001901280
0.999999940 -0.000317338 -0.000182371 -0.001469290 0.000317384 0.999999940 0.000250137 -0.003160991 0.000182291 -0.000250195 0.999999940 -0.009978564
0.999999940 -0.000352931 -0.000165877 0.002796850 0.000352973 0.999999881 0.000250843 -0.004001397 0.000165788 -0.000250901 0.999999940 -0.008568218
1.000000000 -0.000088432 -0.000139417 0.000602254 0.000088451 1.000000000 0.000134699 -0.001873874 0.000139405 -0.000134711 1.000000000 -0.003463266
1.000000000 -0.000198441 -0.000091182 0.000886886 0.000198453 1.000000000 0.000139133 -0.002648681 0.000091155 -0.000139151 1.000000000 -0.003422101
0.999999940 -0.000263849 -0.000082669 -0.000506436 0.000263847 0.999999940 -0.000031982 -0.000404675 0.000082678 0.000031960 1.000000000 -0.006284137
0.999999940 -0.000253639 -0.000113715 0.002600709 0.000253657 0.999999940 0.000162802 -0.001871371 0.000113673 -0.000162831 1.000000000 -0.008438856
0.999999940 -0.000246116 -0.000189404 0.001599527 0.000246148 0.999999940 0.000169875 -0.001459514 0.000189362 -0.000169922 0.999999940 -0.007629082
0.999999940 -0.000241241 -0.000125258 0.000401162 0.000241276 0.999999940 0.000280797 -0.002628187 0.000125190 -0.000280828 0.999999940 -0.009509886
0.999999940 -0.000318784 -0.000175136 0.003056592 0.000318831 0.999999940 0.000268109 -0.005129001 0.000175051 -0.000268164 0.999999940 -0.008236564
0.999999940 -0.000235599 -0.000159213 0.008136752 0.000235540 0.999999881 -0.000368125 -0.009602042 0.000159300 0.000368088 0.999999940 0.043031469
0.999999940 -0.000276820 -0.000203932 0.006528824 0.000276604 0.999999404 -0.001054563 -0.007428288 0.000204224 0.001054507 0.999999404 0.140109092
0.999999940 -0.000260287 -0.000125477 0.003349644 0.000260127 0.999999166 -0.001274253 -0.013574756 0.000125809 0.001274220 0.999999166 0.260933876
0.999999940 -0.000411683 0.000037058 0.001494243 0.000411729 0.999999106 -0.001259206 -0.018940704 -0.000036539 0.001259221 0.999999225 0.394677460
0.999999940 -0.000146238 -0.000230400 0.014129969 0.000146008 0.999999464 -0.000999367 -0.023616524 0.000230546 0.000999333 0.999999464 0.530623555
1.000000000 -0.000131611 -0.000118660 0.015796185 0.000131495 0.999999523 -0.000971186 -0.028915849 0.000118788 0.000971170 0.999999523 0.689832449
0.999999881 -0.000293233 0.000385501 0.010055114 0.000293574 0.999999583 -0.000885327 -0.031150861 -0.000385241 0.000885440 0.999999523 0.869189680
0.999999762 -0.000570515 -0.000432092 0.029083638 0.000570307 0.999999702 -0.000480837 -0.038856681 0.000432366 0.000480590 0.999999762 1.026194453
0.999999940 -0.000114768 0.000218075 0.024061488 0.000114902 0.999999821 -0.000612897 -0.040415362 -0.000218004 0.000612922 0.999999762 1.204395890
0.999999940 -0.000305208 -0.000036385 0.041628364 0.000305199 0.999999940 -0.000231021 -0.055900525 0.000036456 0.000231010 1.000000000 1.418279767
1.000000000 -0.000176926 0.000027643 0.040342294 0.000176933 0.999999940 -0.000261087 -0.063504472 -0.000027596 0.000261091 0.999999940 1.601802349
0.999994218 0.002421126 0.002386123 -0.004050662 -0.002420043 0.999996960 -0.000456390 -0.063981988 -0.002387221 0.000450613 0.999997020 1.858025789
0.999996066 0.001819825 0.002109689 0.009348406 -0.001819555 0.999998271 -0.000129791 -0.072861515 -0.002109922 0.000125951 0.999997795 2.060458422
0.999992669 0.002851784 0.002555426 0.001898632 -0.002850298 0.999995768 -0.000584915 -0.078453250 -0.002557083 0.000577627 0.999996543 2.283326626
0.999993086 0.002796435 0.002468773 0.012435208 -0.002795430 0.999996066 -0.000410210 -0.085659683 -0.002469910 0.000403306 0.999996841 2.507896423
0.999992073 0.003150635 0.002439345 0.020086011 -0.003149524 0.999994934 -0.000459401 -0.085849889 -0.002440780 0.000451714 0.999996841 2.752070189
0.999990642 0.003201669 0.002910682 0.019960959 -0.003201444 0.999994874 -0.000082000 -0.097451225 -0.002910930 0.000072681 0.999995708 2.975075722
0.999991715 0.003094473 0.002649146 0.025269264 -0.003094300 0.999995232 -0.000069391 -0.107233033 -0.002649348 0.000061193 0.999996483 3.196339369
0.999989331 0.003592132 0.002893847 0.025655560 -0.003591597 0.999993563 -0.000190058 -0.114115946 -0.002894511 0.000179662 0.999995768 3.442693472
0.999990165 0.003392986 0.002858589 0.033653881 -0.003392891 0.999994278 -0.000038149 -0.121851690 -0.002858702 0.000028449 0.999995947 3.703994989
0.999989212 0.003784734 0.002685262 0.043296114 -0.003784643 0.999992907 -0.000038854 -0.126038134 -0.002685389 0.000028690 0.999996364 3.939352989
0.999993920 0.002107303 0.002769289 0.041278981 -0.002107253 0.999997795 -0.000020937 -0.139721096 -0.002769327 0.000015101 0.999996185 4.216705799
0.999991059 0.002754139 0.003197785 0.040942781 -0.002755542 0.999996126 0.000434368 -0.150330469 -0.003196576 -0.000443176 0.999994814 4.465759277
0.999992251 0.002680292 0.002887805 0.053495917 -0.002680702 0.999996424 0.000137974 -0.156491920 -0.002887425 -0.000145714 0.999995887 4.737859249
0.999991298 0.002733536 0.003153848 0.050039597 -0.002736511 0.999995828 0.000939491 -0.183050156 -0.003151267 -0.000948114 0.999994576 5.001071453
0.999989331 0.003126923 0.003396176 0.050606720 -0.003130225 0.999994695 0.000967397 -0.194575325 -0.003393132 -0.000978017 0.999993801 5.251512527
0.999990523 0.003036779 0.003121549 0.062825806 -0.003040337 0.999994755 0.001135566 -0.201309085 -0.003118084 -0.001145046 0.999994457 5.533781052
0.999992728 0.002112904 0.003155677 0.064902499 -0.002116487 0.999997139 0.001132568 -0.212040439 -0.003153274 -0.001139239 0.999994397 5.809101105
0.999991119 0.002997742 0.002948158 0.072963260 -0.003000294 0.999995232 0.000861571 -0.218071178 -0.002945561 -0.000870409 0.999995291 6.077380180
0.999993622 0.002046159 0.002902646 0.086708494 -0.002049583 0.999997199 0.001177158 -0.227723628 -0.002900229 -0.001183100 0.999995112 6.354798794
0.999990642 0.002902301 0.003217318 0.086885698 -0.002905917 0.999995112 0.001119877 -0.241602078 -0.003214053 -0.001129216 0.999994218 6.643741131
0.999990225 0.003042294 0.003211283 0.092858471 -0.003045370 0.999994874 0.000953341 -0.249813810 -0.003208366 -0.000963111 0.999994397 6.929630756
0.999994278 0.002073729 0.002671473 0.106313437 -0.002076698 0.999997199 0.001108856 -0.256137460 -0.002669166 -0.001114397 0.999995887 7.227229118
0.999994457 0.002205365 0.002510909 0.120968997 -0.002209020 0.999996603 0.001453810 -0.270606369 -0.002507695 -0.001459348 0.999995768 7.522994995
0.999992132 0.002487582 0.003092854 0.118586205 -0.002490669 0.999996364 0.000994363 -0.279354692 -0.003090369 -0.001002058 0.999994695 7.847609997
0.999992788 0.002506579 0.002857665 0.136913300 -0.002511158 0.999995589 0.001599959 -0.296871185 -0.002853642 -0.001607123 0.999994576 8.164941788
0.999992549 0.002267883 0.003140040 0.129926458 -0.002270866 0.999997020 0.000946599 -0.294450611 -0.003137883 -0.000953723 0.999994576 8.492868423
0.999990344 0.003033876 0.003169497 0.140324697 -0.003036282 0.999995112 0.000754535 -0.296820164 -0.003167192 -0.000764151 0.999994636 8.833224297
0.999991059 0.002382984 0.003477687 0.133104801 -0.002386986 0.999996424 0.001147214 -0.332749188 -0.003474941 -0.001155505 0.999993324 9.172371864
0.999990404 0.002256697 0.003755403 0.141661644 -0.002260784 0.999996841 0.001084495 -0.340524018 -0.003752944 -0.001092975 0.999992430 9.512871742
0.999991894 0.001888212 0.003561235 0.157837659 -0.001892451 0.999997497 0.001187551 -0.356845319 -0.003558984 -0.001194281 0.999992967 9.859111786
0.999993026 0.001970570 0.003162059 0.172245875 -0.001972937 0.999997795 0.000745397 -0.356239587 -0.003160583 -0.000751630 0.999994755 10.200601578
0.999991775 0.001653546 0.003694011 0.169429004 -0.001657932 0.999997914 0.001184545 -0.375765085 -0.003692045 -0.001190659 0.999992430 10.551172256
0.999990165 0.002082848 0.003922494 0.179096475 -0.002088065 0.999996960 0.001326440 -0.383797288 -0.003919719 -0.001334618 0.999991417 10.914902687
0.999990463 0.002208363 0.003780847 0.181871712 -0.002213902 0.999996483 0.001461567 -0.395228505 -0.003777607 -0.001469924 0.999991775 11.300846100
0.999992013 0.001684339 0.003615195 0.192732096 -0.001688880 0.999997795 0.001253241 -0.397812545 -0.003613076 -0.001259337 0.999992728 11.703432083
0.999990344 0.001506250 0.004130464 0.195037842 -0.001514330 0.999996960 0.001953749 -0.430961490 -0.004127508 -0.001959985 0.999989569 12.065231323
0.999990761 0.001505321 0.004035701 0.203794837 -0.001512392 0.999997377 0.001749690 -0.439788699 -0.004033056 -0.001755777 0.999990344 12.453104973
0.999989629 0.001576226 0.004274581 0.213155940 -0.001583971 0.999997139 0.001809186 -0.453896999 -0.004271717 -0.001815938 0.999989212 12.845082283
0.999990523 0.001582639 0.004061624 0.234246418 -0.001591067 0.999996543 0.002072733 -0.461250186 -0.004058329 -0.002079175 0.999989629 13.242283821
0.999993145 0.000608352 0.003658145 0.258526027 -0.000616583 0.999997258 0.002249576 -0.473734677 -0.003656767 -0.002251816 0.999990821 13.620801926
0.999985814 0.002363840 0.004765418 0.261523843 -0.002373855 0.999994934 0.002096998 -0.477077693 -0.004760437 -0.002108280 0.999986410 14.032021523
0.999986291 0.001925169 0.004864889 0.258476973 -0.001937943 0.999994814 0.002622405 -0.512270212 -0.004859814 -0.002631797 0.999984741 14.482563019
0.999987900 0.001679930 0.004618062 0.274462700 -0.001693775 0.999994159 0.002995817 -0.535233438 -0.004613001 -0.003003603 0.999984860 14.887260437
0.999985158 0.001567232 0.005218572 0.282128215 -0.001583963 0.999993622 0.003203468 -0.539621472 -0.005213517 -0.003211686 0.999981284 15.341141701
0.999976933 0.003119513 0.006036858 0.276105404 -0.003142224 0.999988019 0.003756292 -0.557748318 -0.006025067 -0.003775175 0.999974668 15.710950851
0.999983251 0.001151524 0.005676123 0.306713343 -0.001169940 0.999994099 0.003242188 -0.568456829 -0.005672356 -0.003248775 0.999978662 16.171758652
0.999982417 0.000573670 0.005895335 0.305753797 -0.000598619 0.999990880 0.004231171 -0.638486207 -0.005892853 -0.004234625 0.999973655 16.581871033
0.999980152 0.000039190 0.006303970 0.320653528 -0.000061698 0.999993682 0.003570243 -0.643331289 -0.006303790 -0.003570562 0.999973774 17.037519455
0.999972641 0.001726333 0.007210960 0.322605729 -0.001755382 0.999990344 0.004024066 -0.653798163 -0.007203943 -0.004036612 0.999965966 17.507249832
0.999973238 0.001589738 0.007148959 0.336122006 -0.001621799 0.999988616 0.004481222 -0.667858064 -0.007141753 -0.004492695 0.999964416 17.964830399
0.999976575 0.000290679 0.006829080 0.358918220 -0.000324372 0.999987781 0.004933144 -0.696699917 -0.006827564 -0.004935245 0.999964535 18.396532059
0.999975264 -0.000393051 0.007008519 0.376128018 0.000362270 0.999990344 0.004392696 -0.700425982 -0.007010179 -0.004390049 0.999965787 18.870290756
0.999974251 -0.000770417 0.007125255 0.390503526 0.000732450 0.999985516 0.005329651 -0.723340690 -0.007129258 -0.005324296 0.999960423 19.326961517
0.999962449 0.001653133 0.008503083 0.389168024 -0.001696207 0.999985814 0.005060960 -0.733839750 -0.008494595 -0.005075193 0.999951065 19.822746277
0.999974191 0.000031270 0.007186870 0.424603581 -0.000069766 0.999985576 0.005356221 -0.765908062 -0.007186600 -0.005356583 0.999959826 20.278385162
0.999978065 -0.000578104 0.006596136 0.444440246 0.000541307 0.999984324 0.005579039 -0.781396508 -0.006599257 -0.005575347 0.999962687 20.761854172
0.999976397 -0.000085619 0.006873923 0.459044576 0.000045999 0.999983370 0.005763750 -0.804121494 -0.006874303 -0.005763297 0.999959767 21.259216309
0.999979138 0.000050264 0.006470616 0.466446340 -0.000087638 0.999983311 0.005775745 -0.812876225 -0.006470219 -0.005776191 0.999962389 21.790351868
0.999976754 0.001073341 0.006744868 0.484234154 -0.001111790 0.999983132 0.005699356 -0.832560718 -0.006738636 -0.005706722 0.999961019 22.269308090
0.999982476 0.000046498 0.005918632 0.501460850 -0.000084443 0.999979436 0.006410946 -0.849829912 -0.005918212 -0.006411334 0.999961913 22.747014999
0.999986053 -0.000367600 0.005260925 0.506077707 0.000333669 0.999979198 0.006448973 -0.863243580 -0.005263186 -0.006447128 0.999965370 23.258584976
0.999986887 -0.000131982 0.005123226 0.511244476 0.000097946 0.999977887 0.006643084 -0.878078699 -0.005123989 -0.006642495 0.999964833 23.808834076
0.999991953 -0.001523157 0.003690724 0.545868039 0.001500910 0.999980748 0.006023133 -0.883078218 -0.003699828 -0.006017546 0.999974966 24.274051666
0.999994636 -0.000867584 0.003159842 0.553772032 0.000848308 0.999981046 0.006096436 -0.891957819 -0.003165072 -0.006093724 0.999976397 24.797300339
0.999998212 -0.000750691 0.001726828 0.570926011 0.000740174 0.999981225 0.006083005 -0.899775505 -0.001731362 -0.006081716 0.999979973 25.342008591
0.999997199 -0.000453798 0.002295247 0.571709871 0.000440098 0.999982059 0.005965873 -0.909815609 -0.002297913 -0.005964847 0.999979556 25.859056473
0.999997258 -0.001370469 0.001875053 0.585268378 0.001360041 0.999983609 0.005551142 -0.920112371 -0.001882630 -0.005548577 0.999982834 26.404359818
0.999998331 -0.000726081 0.001680065 0.599396825 0.000715096 0.999978423 0.006530176 -0.930767655 -0.001684770 -0.006528965 0.999977291 26.929208755
0.999998927 -0.000776391 0.001219513 0.611710668 0.000768127 0.999976814 0.006762455 -0.951491356 -0.001224735 -0.006761510 0.999976456 27.457481384
0.999999166 0.000584341 0.001136114 0.630226731 -0.000591571 0.999979496 0.006373956 -0.967572212 -0.001132366 -0.006374622 0.999979019 28.002201080
0.999999702 -0.000067515 0.000776557 0.634895146 0.000062598 0.999979973 0.006331312 -0.967064917 -0.000776969 -0.006331261 0.999979675 28.544055939
0.999999344 0.000564482 0.001043153 0.642883539 -0.000571027 0.999980152 0.006284391 -0.982820749 -0.001039584 -0.006284981 0.999979734 29.102582932
0.999999762 0.000049101 0.000673452 0.629148662 -0.000053193 0.999981523 0.006077472 -1.007707000 -0.000673141 -0.006077506 0.999981344 29.660461426
0.999999881 -0.000042653 -0.000488138 0.669877648 0.000045768 0.999979615 0.006383208 -1.004796863 0.000487857 -0.006383230 0.999979496 30.182575226
0.999999821 0.000398550 -0.000203076 0.683179319 -0.000397306 0.999981403 0.006085686 -1.017495394 0.000205498 -0.006085605 0.999981463 30.723609924
0.999999583 -0.000304908 -0.000885188 0.688165545 0.000311168 0.999974906 0.007080717 -1.043344617 0.000883007 -0.007080988 0.999974549 31.272186279
0.999999285 -0.000188058 -0.001225133 0.703013480 0.000197428 0.999970734 0.007652886 -1.064519882 0.001223658 -0.007653122 0.999969959 31.809200287
0.999999166 -0.000125881 -0.001289191 0.730469942 0.000134138 0.999979496 0.006406639 -1.073227644 0.001288358 -0.006406806 0.999978662 32.357868195
0.999999106 0.000399419 -0.001293322 0.725629389 -0.000391320 0.999980330 0.006256931 -1.064148307 0.001295796 -0.006256418 0.999979615 32.867118835
0.999997914 0.001934857 -0.000636040 0.714617610 -0.001931507 0.999984443 0.005226737 -1.069079041 0.000646143 -0.005225497 0.999986112 33.416664124
0.999999464 0.000156682 -0.001062477 0.722704411 -0.000149552 0.999977469 0.006707358 -1.103457093 0.001063504 -0.006707195 0.999976993 33.940612793
0.999997675 0.001623142 -0.001449992 0.758178532 -0.001613894 0.999978423 0.006355715 -1.099199533 0.001460277 -0.006353361 0.999978781 34.509796143
0.999998510 -0.000058187 -0.001680515 0.771213174 0.000069942 0.999975502 0.006995964 -1.133062840 0.001680068 -0.006996071 0.999974132 35.021709442
0.999998093 0.000384712 -0.001885508 0.783244252 -0.000372605 0.999979317 0.006417443 -1.134747744 0.001887938 -0.006416728 0.999977648 35.566181183
0.999997020 -0.000475731 -0.002406246 0.796683252 0.000493635 0.999972224 0.007445537 -1.166064143 0.002402636 -0.007446702 0.999969423 36.091167450
0.999996662 0.001462688 -0.002120092 0.815004766 -0.001449183 0.999978662 0.006357714 -1.174614787 0.002129346 -0.006354620 0.999977529 36.692138672
0.999997675 0.000769320 -0.001974339 0.813033462 -0.000755628 0.999975741 0.006926530 -1.193822384 0.001979619 -0.006925022 0.999974072 37.139553070
0.999997795 0.000556680 -0.002011826 0.824427605 -0.000543215 0.999977529 0.006687794 -1.199553251 0.002015505 -0.006686685 0.999975622 37.698619843
0.999998152 0.000429325 -0.001818472 0.826245308 -0.000415630 0.999971628 0.007524475 -1.227782369 0.001821650 -0.007523706 0.999970078 38.229183197
0.999998152 0.000811929 -0.001690540 0.832487702 -0.000800190 0.999975622 0.006932763 -1.232156038 0.001696127 -0.006931399 0.999974549 38.775936127
0.999996483 0.000312087 -0.002624650 0.849844635 -0.000294459 0.999977469 0.006714067 -1.224722743 0.002626686 -0.006713270 0.999974012 39.323726654
0.999996901 -0.000175116 -0.002472452 0.868206680 0.000194610 0.999968886 0.007886671 -1.249682665 0.002470994 -0.007887128 0.999965847 39.830242157
0.999998450 0.000610008 -0.001666761 0.859398425 -0.000596183 0.999965549 0.008282488 -1.287631512 0.001671756 -0.008281481 0.999964297 40.354534149
0.999997437 0.000537882 -0.002209585 0.874284625 -0.000520661 0.999969602 0.007786770 -1.305029631 0.002213706 -0.007785599 0.999967277 40.921379089
0.999997497 0.000286567 -0.002218706 0.881467462 -0.000266643 0.999959767 0.008975217 -1.323350906 0.002221189 -0.008974603 0.999957204 41.470733643
0.999998033 0.000366646 -0.002005872 0.894619584 -0.000348714 0.999960065 0.008933040 -1.335071445 0.002009066 -0.008932323 0.999958038 42.008880615
0.999998689 0.000577563 -0.001458833 0.890766740 -0.000564583 0.999960363 0.008882517 -1.342709422 0.001463905 -0.008881683 0.999959469 42.504901886
0.999998391 0.000118069 -0.001738992 0.907781243 -0.000103522 0.999964952 0.008363453 -1.343199730 0.001739918 -0.008363259 0.999963522 43.065269470
0.999998629 0.000597361 -0.001545849 0.911207020 -0.000583765 0.999961257 0.008780366 -1.366709471 0.001551034 -0.008779453 0.999960244 43.587940216
0.999998927 0.000652613 -0.001294019 0.915458441 -0.000641059 0.999960124 0.008908761 -1.378898263 0.001299782 -0.008907923 0.999959409 44.126243591
0.999998808 0.000671493 -0.001395435 0.930612385 -0.000659469 0.999962807 0.008599059 -1.386297941 0.001401158 -0.008598128 0.999962032 44.675418854
0.999999046 0.000425354 -0.001307177 0.938219786 -0.000414194 0.999963522 0.008525666 -1.403253913 0.001310756 -0.008525116 0.999962747 45.210845947
0.999999106 0.000225204 -0.001326048 0.943824530 -0.000213812 0.999963105 0.008584844 -1.413336515 0.001327932 -0.008584552 0.999962270 45.738159180
0.999999106 0.000338679 -0.001280749 0.959834099 -0.000327331 0.999960780 0.008850340 -1.426870704 0.001283696 -0.008849912 0.999960005 46.287788391
0.999999046 0.000694216 -0.001166609 0.979253948 -0.000683224 0.999955654 0.009396081 -1.453994036 0.001173080 -0.009395276 0.999955118 46.822731018
0.999998271 0.000253641 -0.001790608 1.000241518 -0.000236990 0.999956787 0.009293370 -1.460998058 0.001792888 -0.009292929 0.999955177 47.392452240
0.999999404 0.000656742 -0.000806464 0.984005094 -0.000649364 0.999958217 0.009115441 -1.473637342 0.000812417 -0.009114912 0.999958158 47.909156799
0.999999285 0.000111045 -0.001206894 1.006100297 -0.000099766 0.999956310 0.009341283 -1.492372632 0.001207879 -0.009341155 0.999955654 48.444824219
0.999999762 0.000289507 -0.000653294 1.006644249 -0.000283071 0.999951601 0.009829825 -1.505400896 0.000656108 -0.009829637 0.999951482 48.996982574
0.999999464 0.000558743 -0.000897306 1.031218171 -0.000549871 0.999951243 0.009858325 -1.516888142 0.000902770 -0.009857828 0.999951005 49.544971466
0.999999285 0.000713600 -0.000973260 1.034945726 -0.000703953 0.999950945 0.009877544 -1.526915789 0.000980261 -0.009876851 0.999950767 50.072738647
0.999999225 0.001222003 -0.000389409 1.031991482 -0.001218178 0.999952435 0.009677017 -1.536786556 0.000401216 -0.009676536 0.999953151 50.638797760
0.999998748 0.001419337 -0.000697349 1.046342134 -0.001412190 0.999947548 0.010144514 -1.548540831 0.000711711 -0.010143518 0.999948263 51.140102386
0.999998808 0.001136247 -0.001062345 1.056846976 -0.001125719 0.999950767 0.009858774 -1.558412790 0.001073495 -0.009857565 0.999950826 51.685077667
0.999998450 0.001408928 -0.001001707 1.077906847 -0.001399254 0.999952972 0.009593628 -1.566175461 0.001015176 -0.009592213 0.999953449 52.199588776
0.999998927 0.001388309 -0.000207315 1.073870897 -0.001386111 0.999946535 0.010247537 -1.587221861 0.000221530 -0.010247243 0.999947429 52.760265350
0.999999106 0.001225745 -0.000408402 1.084598541 -0.001221699 0.999951601 0.009762253 -1.592175245 0.000420348 -0.009761747 0.999952257 53.311954498
0.999998450 0.001775561 -0.000017884 1.103696346 -0.001775303 0.999950886 0.009748937 -1.603464842 0.000035192 -0.009748888 0.999952435 53.867385864
0.999996722 0.002268566 0.001129385 1.076242805 -0.002280141 0.999943733 0.010355983 -1.618250847 -0.001105828 -0.010358525 0.999945700 54.355518341
0.999999285 0.001164017 0.000163321 1.111338496 -0.001165674 0.999943852 0.010541414 -1.649903059 -0.000151042 -0.010541598 0.999944448 54.884151459
0.999998927 0.001468296 -0.000042035 1.122699380 -0.001467777 0.999944508 0.010426703 -1.656029940 0.000057342 -0.010426630 0.999945641 55.426513672
0.999998748 0.001342225 0.000826519 1.113864064 -0.001350837 0.999943912 0.010508030 -1.671298623 -0.000812368 -0.010509133 0.999944448 55.970958710
0.999999702 0.000680701 0.000198169 1.163355947 -0.000682675 0.999948263 0.010137406 -1.669662237 -0.000191258 -0.010137539 0.999948561 56.501743317
0.999999285 0.001032279 0.000486173 1.167932034 -0.001037575 0.999938726 0.011022400 -1.695910573 -0.000474765 -0.011022897 0.999939084 57.003021240
0.999999404 0.000981965 0.000536865 1.176513195 -0.000987961 0.999935806 0.011284639 -1.716049433 -0.000525750 -0.011285161 0.999936104 57.580268860
0.999998212 0.001415110 0.001212137 1.192111254 -0.001428667 0.999935567 0.011257516 -1.722130537 -0.001196128 -0.011259228 0.999935865 58.102111816
0.999999106 0.001091863 0.000696974 1.201316833 -0.001099383 0.999940157 0.010882391 -1.727837324 -0.000685049 -0.010883149 0.999940515 58.620059967
0.999999762 0.000471936 0.000559763 1.211303830 -0.000477952 0.999941528 0.010796586 -1.736656666 -0.000554635 -0.010796848 0.999941528 59.163642883
0.999998689 0.001119864 0.001109548 1.224231362 -0.001131954 0.999939203 0.010956720 -1.756635427 -0.001097210 -0.010957960 0.999939322 59.695919037
0.999998748 0.001009464 0.001160089 1.226654649 -0.001022806 0.999932647 0.011558405 -1.762844324 -0.001148343 -0.011559577 0.999932468 60.220100403
0.999997258 0.001507030 0.001784226 1.236513376 -0.001526214 0.999940455 0.010799907 -1.772328854 -0.001767844 -0.010802600 0.999940038 60.771827698
0.999997318 0.001666590 0.001608586 1.254930615 -0.001684444 0.999936283 0.011162337 -1.780974746 -0.001589880 -0.011165014 0.999936402 61.311843872
0.999999166 0.000946186 0.000903470 1.303055763 -0.000955700 0.999943495 0.010588899 -1.809648156 -0.000893400 -0.010589753 0.999943495 61.834175110
0.999998510 0.000885247 0.001575169 1.282654166 -0.000903097 0.999934971 0.011368003 -1.807670712 -0.001565003 -0.011369408 0.999934137 62.342079163
0.999997973 0.001253929 0.001600786 1.293253779 -0.001273490 0.999923766 0.012278220 -1.826709032 -0.001585268 -0.012280233 0.999923348 62.861972809
0.999998271 0.001086611 0.001546367 1.306725383 -0.001104589 0.999931276 0.011673351 -1.827552557 -0.001533576 -0.011675037 0.999930739 63.412448883
0.999997318 0.001320379 0.001895163 1.309568763 -0.001342534 0.999930203 0.011737439 -1.848134756 -0.001879533 -0.011739954 0.999929309 63.922641754
0.999997497 0.001100180 0.001958984 1.307780743 -0.001123702 0.999926805 0.012047399 -1.860582352 -0.001945586 -0.012049570 0.999925554 64.456489563
0.999995291 0.002069495 0.002226477 1.332902670 -0.002095899 0.999926686 0.011922609 -1.871725321 -0.002201640 -0.011927221 0.999926448 65.012664795
0.999995947 0.001676735 0.002294753 1.369302511 -0.001703540 0.999929786 0.011729266 -1.866023064 -0.002274926 -0.011733128 0.999928594 65.525337219
0.999995053 0.002037384 0.002387317 1.392977715 -0.002065804 0.999926388 0.011963025 -1.891730070 -0.002362767 -0.011967897 0.999925613 66.045356750
0.999991596 0.002740916 0.003014348 1.384651303 -0.002776716 0.999924958 0.011937210 -1.887102604 -0.002981402 -0.011945480 0.999924183 66.621345520
0.999994576 0.002027344 0.002605775 1.412009954 -0.002057770 0.999929070 0.011727139 -1.898579121 -0.002581815 -0.011732436 0.999927759 67.107719421
0.999995708 0.001602812 0.002465504 1.427723885 -0.001630652 0.999934494 0.011331338 -1.904772401 -0.002447181 -0.011335311 0.999932706 67.665321350
0.999994397 0.001485396 0.003004570 1.443596244 -0.001517224 0.999942482 0.010618937 -1.894459248 -0.002988623 -0.010623435 0.999939084 68.178009033
0.999994576 0.002071363 0.002570218 1.468379617 -0.002098907 0.999939919 0.010760549 -1.910685301 -0.002547776 -0.010765884 0.999938726 68.722938538
0.999990761 0.002759628 0.003271148 1.481913328 -0.002797263 0.999929249 0.011556849 -1.931592703 -0.003239023 -0.011565895 0.999927878 69.187263489
0.999990702 0.002864751 0.003198851 1.502038956 -0.002900034 0.999934316 0.011080362 -1.940384030 -0.003166898 -0.011089537 0.999933541 69.727630615
0.999989927 0.003356597 0.002933983 1.522444248 -0.003389407 0.999930978 0.011250190 -1.958186626 -0.002896018 -0.011260024 0.999932468 70.289283752
0.999990821 0.002705674 0.003321174 1.536308289 -0.002742741 0.999933422 0.011207295 -1.963790894 -0.003290630 -0.011216303 0.999931633 70.749763489
0.999992192 0.002542467 0.003017454 1.569164872 -0.002577967 0.999926746 0.011820068 -1.988099813 -0.002987180 -0.011827755 0.999925554 71.258964539
0.999992371 0.002666995 0.002859325 1.591585398 -0.002698674 0.999934375 0.011133157 -1.995076537 -0.002829447 -0.011140788 0.999933898 71.813705444
0.999987781 0.003253059 0.003729463 1.581193089 -0.003294819 0.999931335 0.011246628 -2.009576797 -0.003692621 -0.011258778 0.999929786 72.296821594
0.999985874 0.003407063 0.004093247 1.590020895 -0.003453201 0.999929905 0.011317927 -2.014631987 -0.004054400 -0.011331903 0.999927580 72.857070923
0.999980927 0.004222306 0.004516060 1.601627707 -0.004271845 0.999930203 0.011016915 -2.028877258 -0.004469228 -0.011035996 0.999929070 73.419258118
0.999981940 0.003868392 0.004602686 1.616572261 -0.003921574 0.999924958 0.011602610 -2.049728632 -0.004557457 -0.011620450 0.999922097 73.838455200
0.999981463 0.003852307 0.004705919 1.633663654 -0.003903657 0.999932408 0.010951797 -2.056208611 -0.004663411 -0.010969965 0.999928951 74.379890442
0.999984622 0.003308533 0.004455197 1.647247195 -0.003356538 0.999935925 0.010811023 -2.070152521 -0.004419143 -0.010825811 0.999931574 74.961708069
0.999983490 0.003823361 0.004287276 1.669556379 -0.003872777 0.999925435 0.011577899 -2.084324598 -0.004242692 -0.011594311 0.999923706 75.387222290
0.999984443 0.003420935 0.004410976 1.680800080 -0.003469783 0.999932230 0.011114447 -2.089459181 -0.004372656 -0.011129581 0.999928474 75.942077637
0.999981582 0.004041141 0.004516007 1.692446709 -0.004090505 0.999931455 0.010975785 -2.094898224 -0.004471343 -0.010994055 0.999929607 76.486686707
0.999982774 0.003647641 0.004575853 1.701105595 -0.003697272 0.999933898 0.010885365 -2.102205276 -0.004535844 -0.010902098 0.999930322 76.999664307
0.999974012 0.004760377 0.005413783 1.701686382 -0.004822002 0.999923050 0.011427312 -2.122576714 -0.005358968 -0.011453120 0.999920011 77.450973511
0.999972761 0.004731579 0.005655670 1.712142229 -0.004793609 0.999927998 0.011004944 -2.124025822 -0.005603192 -0.011031756 0.999923408 77.997024536
0.999969482 0.005449882 0.005592563 1.724856973 -0.005513558 0.999919355 0.011434337 -2.138416290 -0.005529797 -0.011464822 0.999918997 78.495437622
0.999966145 0.005489831 0.006125097 1.738116622 -0.005558471 0.999921322 0.011246231 -2.144748688 -0.006062875 -0.011279896 0.999918044 79.049560547
0.999955118 0.005922827 0.007389366 1.749582410 -0.006008518 0.999914348 0.011628674 -2.157887459 -0.007319857 -0.011672548 0.999905109 79.551994324
0.999941170 0.006174254 0.008924618 1.750726104 -0.006271941 0.999920309 0.010959462 -2.163552284 -0.008856241 -0.011014790 0.999900103 80.116294861
0.999919236 0.007169182 0.010502954 1.764983773 -0.007286521 0.999911070 0.011176628 -2.188509941 -0.010421893 -0.011252252 0.999882340 80.640129089
0.999916971 0.005615264 0.011595607 1.784146547 -0.005749993 0.999915957 0.011618646 -2.182391882 -0.011529391 -0.011684357 0.999865234 81.125793457
0.999880075 0.005490067 0.014480889 1.809050798 -0.005657460 0.999917328 0.011544080 -2.195312500 -0.014416315 -0.011624620 0.999828458 81.680847168
0.999800920 0.007150426 0.018625969 1.827031136 -0.007367084 0.999905705 0.011589620 -2.212732077 -0.018541342 -0.011724534 0.999759316 82.235771179
0.999757826 0.006185182 0.021117244 1.849924088 -0.006436983 0.999908745 0.011876924 -2.215260506 -0.021041851 -0.012009978 0.999706566 82.709190369
0.999669969 0.005962326 0.024986345 1.894217968 -0.006254831 0.999912620 0.011644816 -2.229071856 -0.024914730 -0.011797258 0.999619961 83.242401123
0.999483049 0.006842529 0.031410292 1.914644957 -0.007209554 0.999906838 0.011586536 -2.230694294 -0.031328086 -0.011806999 0.999439418 83.772651672
0.999295235 0.006530093 0.036966585 1.968287110 -0.006932165 0.999917984 0.010758842 -2.217556238 -0.036893301 -0.011007517 0.999258637 84.333091736
0.998986065 0.007430582 0.044403039 1.933173895 -0.007947198 0.999902666 0.011469521 -2.249946356 -0.044313490 -0.011810770 0.998947859 84.769264221
0.998586774 0.007475813 0.052616037 1.990683794 -0.008058259 0.999908388 0.010866288 -2.253937006 -0.052529991 -0.011274923 0.998555660 85.311416626
0.998080790 0.008001318 0.061406173 2.036413908 -0.008737590 0.999893010 0.011731038 -2.283099174 -0.061305732 -0.012245062 0.998043954 85.824478149
0.997583926 0.009051303 0.068879999 2.088393450 -0.009878142 0.999883115 0.011672933 -2.290867805 -0.068766288 -0.012325137 0.997556627 86.402069092
0.997032583 0.006689945 0.076689109 2.140233994 -0.007537054 0.999913692 0.010761890 -2.292543411 -0.076610506 -0.011307962 0.996996939 86.947998047
0.996197701 0.006867603 0.086850733 2.207296371 -0.007855252 0.999908268 0.011035129 -2.307158232 -0.086767003 -0.011675404 0.996160269 87.488380432
0.995270193 0.007061701 0.096887335 2.243847847 -0.008125026 0.999911070 0.010584743 -2.310598850 -0.096803963 -0.011321891 0.995239019 88.016960144
0.994518578 0.006119453 0.104380660 2.303222179 -0.007240420 0.999920070 0.010363681 -2.316074133 -0.104308896 -0.011062633 0.994483411 88.483749390
0.993374348 0.005616912 0.114786506 2.391508579 -0.006795132 0.999928176 0.009875724 -2.318024397 -0.114722796 -0.010590283 0.993341029 89.035171509
0.992123902 0.005681892 0.125131562 2.480206490 -0.006988203 0.999925554 0.010003023 -2.334472895 -0.125065416 -0.010798684 0.992089748 89.571105957
0.990885377 0.006027350 0.134572640 2.553778648 -0.007500955 0.999917328 0.010445928 -2.374999046 -0.134498551 -0.011360137 0.990848660 89.970512390
0.989308178 0.006130140 0.145710379 2.653624535 -0.007672966 0.999920368 0.010028646 -2.371539831 -0.145637259 -0.011039451 0.989276469 90.525253296
0.987424254 0.005767423 0.157987759 2.744635582 -0.007436275 0.999922633 0.009974075 -2.375411510 -0.157917976 -0.011023483 0.987390697 91.107872009
0.985597014 0.005121078 0.169033661 2.861647606 -0.006806253 0.999932766 0.009391540 -2.385594130 -0.168974161 -0.010406757 0.985565543 91.649040222
0.983944058 0.005280594 0.178399041 2.986215591 -0.007186329 0.999923944 0.010037916 -2.400447130 -0.178332463 -0.011158780 0.983906984 92.192771912
0.981687963 0.004728759 0.190437302 3.116496086 -0.006707711 0.999930024 0.009748359 -2.410021782 -0.190377876 -0.010847246 0.981650949 92.723968506
0.979131341 0.005163067 0.203162983 3.245562553 -0.007280936 0.999926686 0.009678456 -2.426565170 -0.203098163 -0.010955696 0.979097068 93.253890991
0.976813793 0.004018654 0.214052930 3.373432159 -0.006119713 0.999939382 0.009153854 -2.425135612 -0.214003131 -0.010251557 0.976779163 93.783279419
0.973778665 0.004535629 0.227452382 3.517841339 -0.006683493 0.999940038 0.008673847 -2.430601358 -0.227399394 -0.009966584 0.973750591 94.337471008
0.970308363 0.005141454 0.241816297 3.659482956 -0.007580603 0.999929428 0.009157495 -2.443561316 -0.241752118 -0.010718713 0.970278859 94.853424072
0.967449188 0.004580761 0.253023505 3.821149826 -0.007199441 0.999929607 0.009424632 -2.459058523 -0.252962559 -0.010939482 0.967414200 95.393814087
0.964368761 0.003817780 0.264534175 4.009218216 -0.006368719 0.999941111 0.008786160 -2.476139545 -0.264485031 -0.010157841 0.964336336 95.886558533
0.960457921 0.002707150 0.278412074 4.182071686 -0.005402788 0.999945521 0.008915370 -2.494500637 -0.278372824 -0.010067042 0.960420370 96.445571899
0.956659973 0.003198952 0.291189641 4.368202209 -0.006061794 0.999941766 0.008929949 -2.506910801 -0.291144162 -0.010308058 0.956623733 96.965934753
0.953207195 0.002464849 0.302307814 4.538908005 -0.005495958 0.999942780 0.009176333 -2.522561312 -0.302267909 -0.010408418 0.953166187 97.477378845
0.948495924 0.002994109 0.316775411 4.725502014 -0.006192403 0.999939561 0.009090162 -2.532180786 -0.316729039 -0.010583581 0.948457003 98.010063171
0.943597794 0.003658778 0.331073940 4.924358368 -0.007226543 0.999928236 0.009546001 -2.559553623 -0.331015259 -0.011400104 0.943556547 98.514686584
0.939924300 0.001233778 0.341380626 5.150993347 -0.004581835 0.999948919 0.009001282 -2.551515102 -0.341352195 -0.010024675 0.939882040 99.039237976
0.935233712 0.001816335 0.354026347 5.369537354 -0.005417814 0.999943078 0.009182056 -2.568005323 -0.353989571 -0.010505420 0.935190439 99.556404114
0.929754615 0.001048037 0.368178248 5.585760117 -0.004984458 0.999940097 0.009740794 -2.585559845 -0.368146062 -0.010891717 0.929704189 100.059829712
0.924837232 0.000305779 0.380362928 5.791072845 -0.004037690 0.999951184 0.009013608 -2.597061634 -0.380341679 -0.009871909 0.924793363 100.540855408
0.919849813 0.001565196 0.392267317 6.017751694 -0.005546250 0.999943912 0.009015816 -2.617599964 -0.392231226 -0.010468811 0.919807017 101.028114319
0.913854659 0.000117631 0.406041414 6.267509460 -0.004192830 0.999949396 0.009146882 -2.618851185 -0.406019777 -0.010061383 0.913808882 101.550392151
0.908287168 -0.000450884 0.418346912 6.525920868 -0.003345017 0.999959588 0.008340213 -2.629240513 -0.418333769 -0.008974684 0.908249080 102.033096313
0.902995229 -0.000864987 0.429649681 6.771808624 -0.003280027 0.999954939 0.008906784 -2.645979881 -0.429638088 -0.009452046 0.902951598 102.514480591
0.897218645 -0.000212811 0.441586435 7.050960541 -0.003982296 0.999955297 0.008573162 -2.637405872 -0.441568553 -0.009450531 0.897177696 103.065887451
0.890714169 -0.002337473 0.454557836 7.284152985 -0.002270200 0.999951363 0.009590548 -2.685579777 -0.454558223 -0.009574374 0.890665591 103.463485718
0.884348571 -0.000924362 0.466826320 7.557033539 -0.003783076 0.999951005 0.009146602 -2.686827898 -0.466811955 -0.009854825 0.884301722 103.962402344
0.878034115 -0.001104558 0.478596777 7.826797485 -0.003519038 0.999955356 0.008763836 -2.689081669 -0.478585124 -0.009379146 0.877991080 104.468147278
0.870269060 -0.000511481 0.492576480 8.111232758 -0.004219419 0.999955058 0.008493072 -2.700424910 -0.492558688 -0.009469645 0.870227873 104.938026428
0.863115191 -0.003027881 0.504998028 8.420455933 -0.001737130 0.999958336 0.008964585 -2.716812849 -0.505004108 -0.008614719 0.863073945 105.422164917
