1.000000000 0.000000000 0.000000000 0.000000000 0.000000000 1.000000000 0.000000000 0.000000000 0.000000000 0.000000000 1.000000000 0.000000000
1.000000000 0.000012728 -0.000118991 0.001110170 -0.000012740 1.000000000 -0.000095838 0.000191809 0.000118990 0.000095839 1.000000000 -0.002150912
1.000000000 0.000118943 -0.000024216 0.000450553 -0.000118942 1.000000000 0.000037778 -0.000453524 0.000024221 -0.000037775 1.000000000 -0.001059590
1.000000000 0.000039134 -0.000059226 0.000667282 -0.000039128 1.000000000 0.000103962 -0.000927166 0.000059230 -0.000103960 1.000000000 -0.002116425
1.000000000 -0.000134401 -0.000053815 0.000700897 0.000134398 1.000000000 -0.000069545 0.000327371 0.000053824 0.000069538 1.000000000 -0.000305825
1.000000000 -0.000171950 0.000088116 0.000256716 0.000171947 1.000000000 0.000034569 -0.000392043 -0.000088122 -0.000034553 1.000000000 0.000101814
1.000000000 0.000027621 0.000058377 0.000658895 -0.000027617 1.000000000 -0.000063552 0.000577284 -0.000058379 0.000063550 1.000000000 -0.000170932
0.999999940 -0.000244722 0.000054114 0.000927851 0.000244717 0.999999940 0.000088547 -0.000749172 -0.000054135 -0.000088534 1.000000000 -0.001648857
1.000000000 -0.000142731 0.000007995 0.001066383 0.000142730 1.000000000 0.000023902 0.000693303 -0.000007998 -0.000023901 1.000000000 0.001103303
1.000000000 0.000002233 -0.000194564 0.001908085 -0.000002219 1.000000000 0.000073330 -0.000877165 0.000194565 -0.000073330 1.000000000 -0.001589282
1.000000000 0.000040215 0.000030602 -0.000487965 -0.000040213 1.000000000 -0.000067022 0.001317798 -0.000030605 0.000067021 1.000000000 0.001365335
1.000000000 0.000064607 0.000056702 -0.000704038 -0.000064613 1.000000000 0.000107763 -0.000279699 -0.000056695 -0.000107766 1.000000000 0.000325945
1.000000000 0.000002038 0.000168005 -0.001288101 -0.000002059 1.000000000 0.000123032 0.000071920 -0.000168005 -0.000123032 1.000000000 0.001627741
1.000000000 0.000064621 0.000074016 -0.000350273 -0.000064635 1.000000000 0.000190364 -0.001115597 -0.000074004 -0.000190369 1.000000000 -0.001586287
1.000000000 -0.000151280 0.000066742 0.000238570 0.000151269 1.000000000 0.000169102 -0.001500160 -0.000066767 -0.000169092 1.000000000 -0.001577043
0.999999940 0.000189018 0.000305103 -0.001115490 -0.000189053 1.000000000 0.000113224 0.000011338 -0.000305082 -0.000113282 0.999999940 0.000931322
1.000000000 0.000019266 0.000066622 -0.000110653 -0.000019282 1.000000000 0.000226142 -0.000855299 -0.000066618 -0.000226143 1.000000000 -0.000179529
1.000000000 0.000182440 0.000019513 -0.000226732 -0.000182443 0.999999940 0.000168606 -0.000904574 -0.000019482 -0.000168610 1.000000000 -0.001645305
1.000000000 0.000053205 0.000175044 -0.001054276 -0.000053212 1.000000000 0.000039129 0.000112096 -0.000175042 -0.000039138 1.000000000 0.000509769
1.000000000 0.000144035 0.000138133 -0.000759436 -0.000144027 1.000000000 -0.000059762 0.000886286 -0.000138141 0.000059742 1.000000000 0.000156925
1.000000000 -0.000047196 -0.000082463 0.000633380 0.000047202 1.000000000 0.000072728 0.000017263 0.000082459 -0.000072732 1.000000000 -0.000142051
1.000000000 -0.000015785 0.000060107 0.000132191 0.000015777 1.000000000 0.000140894 -0.000859600 -0.000060109 -0.000140893 1.000000000 -0.000603942
0.999999940 0.000195659 0.000248349 -0.001641396 -0.000195704 0.999999940 0.000182836 0.000326869 -0.000248314 -0.000182885 0.999999940 0.000310423
1.000000000 0.000136298 0.000099183 -0.000009557 -0.000136323 0.999999940 0.000243919 -0.001041495 -0.000099150 -0.000243933 0.999999940 -0.000867278
0.999999940 0.000260282 0.000082473 0.000260466 -0.000260296 0.999999940 0.000176048 -0.000941213 -0.000082427 -0.000176069 1.000000000 -0.002487607
0.999999940 0.000289711 0.000031026 -0.000340822 -0.000289709 0.999999940 -0.000050974 0.001095144 -0.000031041 0.000050965 1.000000000 0.000772720
0.999999881 0.000476774 0.000202510 -0.001946001 -0.000476774 0.999999881 -0.000003426 0.000974314 -0.000202511 0.000003330 1.000000000 0.001805339
1.000000000 0.000173474 0.000051098 -0.001250041 -0.000173482 1.000000000 0.000152946 0.000886447 -0.000051071 -0.000152955 1.000000000 0.002871472
1.000000000 0.000132480 -0.000080273 0.000957387 -0.000132477 1.000000000 0.000039018 0.000613569 0.000080278 -0.000039007 1.000000000 0.000345596
1.000000000 0.000194420 0.000020788 0.000172417 -0.000194424 0.999999940 0.000154272 -0.000656836 -0.000020758 -0.000154276 1.000000000 -0.002048380
1.000000000 -0.000009433 -0.000041989 0.000738430 0.000009435 1.000000000 0.000044701 0.000427724 0.000041988 -0.000044701 1.000000000 0.000412180
1.000000000 0.000122861 0.000035380 0.001373138 -0.000122862 1.000000000 0.000044289 -0.000263038 -0.000035375 -0.000044294 1.000000000 -0.001807440
1.000000000 0.000078789 -0.000125136 0.001221718 -0.000078771 1.000000000 0.000142484 -0.000271443 0.000125147 -0.000142475 1.000000000 0.000172910
1.000000000 0.000028257 -0.000055724 0.001039138 -0.000028249 1.000000000 0.000143758 -0.000248932 0.000055728 -0.000143757 1.000000000 -0.000427466
1.000000000 0.000223610 0.000045961 0.000537210 -0.000223613 1.000000000 0.000068058 0.000710946 -0.000045946 -0.000068068 1.000000000 -0.001261375
1.000000000 0.000055324 0.000085411 -0.001222517 -0.000055322 1.000000000 -0.000027184 0.002266360 -0.000085412 0.000027180 1.000000000 0.003374830
1.000000000 -0.000018390 0.000043158 0.000487115 0.000018383 1.000000000 0.000183282 -0.000605529 -0.000043161 -0.000183281 1.000000000 -0.001615708
1.000000000 -0.000115285 -0.000070264 0.000959417 0.000115284 1.000000000 -0.000008466 0.001267915 0.000070265 0.000008458 1.000000000 0.000604157
1.000000000 -0.000028770 0.000174290 0.000090571 0.000028755 1.000000000 0.000087057 -0.000113108 -0.000174292 -0.000087052 1.000000000 0.001481175
0.999999940 -0.000403133 0.000126436 0.001975064 0.000403212 0.999999702 -0.000619051 -0.002527731 -0.000126187 0.000619102 0.999999821 0.051700290
0.999999940 0.000296046 0.000257338 0.000675783 -0.000295765 0.999999344 -0.001093226 -0.007405500 -0.000257662 0.001093150 0.999999344 0.133916184
0.999999940 0.000359744 -0.000146938 0.005801579 -0.000359958 0.999998868 -0.001459856 -0.007482829 0.000146413 0.001459909 0.999998927 0.251663476
0.999999762 0.000693531 0.000098770 0.005161862 -0.000693420 0.999999106 -0.001119533 -0.013017657 -0.000099546 0.001119464 0.999999344 0.382705569
0.999999940 0.000357790 -0.000155134 0.009918222 -0.000357964 0.999999285 -0.001125333 -0.016182410 0.000154732 0.001125389 0.999999344 0.521646202
0.999999881 0.000468201 0.000017407 0.015240244 -0.000468185 0.999999464 -0.000907385 -0.024721226 -0.000017832 0.000907376 0.999999583 0.675179601
0.999999404 0.000902966 0.000638753 0.016020872 -0.000902371 0.999999166 -0.000931751 -0.026021589 -0.000639594 0.000931174 0.999999344 0.835650623
0.999999762 0.000427744 0.000506321 0.016778518 -0.000427181 0.999999285 -0.001111360 -0.026141163 -0.000506796 0.001111143 0.999999225 1.012839556
0.999999702 0.000671292 0.000416280 0.022378577 -0.000671221 0.999999762 -0.000169338 -0.039850127 -0.000416394 0.000169058 0.999999881 1.178323627
0.999999642 0.000756774 0.000403074 0.023208912 -0.000756604 0.999999642 -0.000420606 -0.041670095 -0.000403392 0.000420301 0.999999821 1.362939000
0.999999940 0.000256780 -0.000019713 0.038544428 -0.000256783 0.999999940 -0.000139972 -0.059092786 0.000019677 0.000139977 1.000000000 1.548063517
0.999997854 0.001757452 0.001073626 0.021537950 -0.001757622 0.999998450 0.000156982 -0.064177319 -0.001073348 -0.000158869 0.999999404 1.744712234
0.999998271 0.001651004 0.000853459 0.028518517 -0.001651381 0.999998510 0.000441403 -0.069974199 -0.000852729 -0.000442811 0.999999583 1.944113851
0.999998033 0.001648475 0.001035229 0.031617094 -0.001648318 0.999998629 -0.000152995 -0.071594730 -0.001035479 0.000151289 0.999999523 2.155509710
0.999996960 0.002256592 0.000990284 0.031863619 -0.002256857 0.999997437 0.000266411 -0.081036083 -0.000989680 -0.000268645 0.999999404 2.375971317
0.999997139 0.002309111 0.000668560 0.042134214 -0.002309370 0.999997258 0.000387333 -0.087711707 -0.000667664 -0.000388876 0.999999762 2.601362467
0.999997139 0.002306404 0.000710447 0.048168078 -0.002306833 0.999997139 0.000603409 -0.096657015 -0.000709054 -0.000605046 0.999999583 2.824131727
0.999997318 0.002163767 0.000821518 0.055233650 -0.002164379 0.999997377 0.000745254 -0.105778046 -0.000819903 -0.000747030 0.999999404 3.067340612
0.999998391 0.001703427 0.000498115 0.060381770 -0.001703764 0.999998331 0.000676206 -0.113610514 -0.000496962 -0.000677054 0.999999583 3.305881500
0.999999106 0.001317786 0.000272899 0.071051553 -0.001317987 0.999998868 0.000737100 -0.123204254 -0.000271927 -0.000737459 0.999999642 3.549166679
0.999998271 0.001787215 0.000471025 0.068443410 -0.001787582 0.999998152 0.000779630 -0.125793353 -0.000469631 -0.000780471 0.999999583 3.811611891
0.999998629 0.001569651 0.000381964 0.074783869 -0.001569877 0.999998629 0.000592111 -0.131505385 -0.000381034 -0.000592710 0.999999702 4.073385715
0.999997020 0.002212312 0.000961854 0.071632512 -0.002213279 0.999996960 0.001006276 -0.140971541 -0.000959625 -0.001008401 0.999999046 4.296792507
0.999997258 0.002172137 0.000858712 0.080412902 -0.002172553 0.999997497 0.000483499 -0.142814085 -0.000857660 -0.000485363 0.999999464 4.555271626
0.999997258 0.002097445 0.001031413 0.081378177 -0.002098410 0.999997377 0.000934800 -0.152365565 -0.001029449 -0.000936961 0.999999046 4.816851139
0.999997556 0.001917497 0.001044405 0.087773770 -0.001918522 0.999997675 0.000981752 -0.158284366 -0.001042519 -0.000983753 0.999998987 5.076645851
0.999998033 0.001844939 0.000763455 0.096821919 -0.001845585 0.999997973 0.000846144 -0.167581990 -0.000761893 -0.000847552 0.999999344 5.339760780
0.999997973 0.001609241 0.001166976 0.093331702 -0.001611186 0.999997318 0.001667495 -0.184076265 -0.001164289 -0.001669372 0.999997914 5.601118088
0.999997854 0.001756393 0.001124312 0.099011511 -0.001758377 0.999996841 0.001765941 -0.195421398 -0.001121207 -0.001767914 0.999997795 5.864795685
0.999998748 0.001233645 0.000976800 0.106368788 -0.001235747 0.999996841 0.002154326 -0.203067496 -0.000974140 -0.002155530 0.999997139 6.147137642
0.999998271 0.001507093 0.001139267 0.111142516 -0.001509348 0.999996901 0.001980382 -0.209079698 -0.001136279 -0.001982098 0.999997377 6.430699825
0.999996662 0.002309342 0.001179933 0.114841044 -0.002311232 0.999996006 0.001603058 -0.222219720 -0.001176227 -0.001605779 0.999997973 6.708224773
0.999996722 0.002233135 0.001259161 0.121313788 -0.002234913 0.999996483 0.001412654 -0.228163451 -0.001256002 -0.001415464 0.999998212 7.009631157
0.999996603 0.002211512 0.001367974 0.129287943 -0.002213391 0.999996603 0.001373339 -0.233030260 -0.001364932 -0.001376362 0.999998093 7.310392857
0.999998033 0.001651527 0.001148414 0.136751041 -0.001653013 0.999997854 0.001294527 -0.243773282 -0.001146274 -0.001296423 0.999998510 7.628327370
0.999997795 0.001896256 0.000856087 0.150428385 -0.001898225 0.999995530 0.002305252 -0.262417674 -0.000851712 -0.002306872 0.999997020 7.929576874
0.999996901 0.001953411 0.001486508 0.147858053 -0.001957048 0.999995112 0.002449650 -0.276875675 -0.001481715 -0.002452552 0.999995828 8.241452217
0.999996185 0.002139058 0.001734619 0.155303523 -0.002143523 0.999994457 0.002576604 -0.289039820 -0.001729097 -0.002580313 0.999995172 8.569109917
0.999995887 0.002141165 0.001905449 0.156381458 -0.002145657 0.999995053 0.002359043 -0.293558776 -0.001900389 -0.002363122 0.999995410 8.910924911
0.999995112 0.002637096 0.001698935 0.169195503 -0.002641188 0.999993622 0.002410792 -0.309364676 -0.001692566 -0.002415267 0.999995708 9.238753319
0.999996245 0.001963783 0.001918910 0.169393301 -0.001969089 0.999994159 0.002766868 -0.316292524 -0.001913466 -0.002770637 0.999994338 9.595695496
0.999997497 0.001621571 0.001537038 0.188403219 -0.001626204 0.999994040 0.003017834 -0.329813778 -0.001532135 -0.003020327 0.999994278 9.927230835
0.999995530 0.002290756 0.001915369 0.183531836 -0.002295433 0.999994397 0.002443115 -0.332444757 -0.001909761 -0.002447501 0.999995172 10.294662476
0.999994755 0.002511553 0.002005980 0.192038104 -0.002516804 0.999993324 0.002619336 -0.343857408 -0.001999388 -0.002624372 0.999994576 10.648628235
0.999994814 0.002317927 0.002200938 0.195588499 -0.002324123 0.999993265 0.002817021 -0.353815675 -0.002194394 -0.002822121 0.999993622 11.009539604
0.999991655 0.003233134 0.002485313 0.200452402 -0.003240902 0.999989808 0.003127948 -0.367871195 -0.002475175 -0.003135977 0.999992013 11.381434441
0.999994695 0.002393017 0.002211107 0.213707730 -0.002400298 0.999991715 0.003295890 -0.381798416 -0.002203202 -0.003301180 0.999992073 11.768735886
0.999994576 0.002284709 0.002354266 0.224643394 -0.002291900 0.999992728 0.003056501 -0.390957892 -0.002347265 -0.003061880 0.999992549 12.142157555
0.999994934 0.002122666 0.002343043 0.236202434 -0.002129538 0.999993384 0.002934601 -0.399256527 -0.002336798 -0.002939576 0.999992967 12.534560204
0.999994218 0.002315030 0.002461407 0.236501858 -0.002323699 0.999991059 0.003525382 -0.415689230 -0.002453224 -0.003531082 0.999990761 12.926896095
0.999993205 0.002436007 0.002751732 0.244247407 -0.002445228 0.999991298 0.003352736 -0.425506532 -0.002743541 -0.003359442 0.999990582 13.326362610
0.999995351 0.001429376 0.002690708 0.254086494 -0.001439256 0.999992192 0.003673457 -0.439608157 -0.002685437 -0.003677313 0.999989629 13.738119125
0.999992549 0.002093886 0.003230741 0.256742954 -0.002105009 0.999991834 0.003443509 -0.446696132 -0.003223504 -0.003450284 0.999988854 14.158079147
0.999991953 0.002165151 0.003368189 0.270071208 -0.002177594 0.999990761 0.003695160 -0.460630804 -0.003360158 -0.003702466 0.999987483 14.573519707
0.999991715 0.001766275 0.003665290 0.278086960 -0.001780271 0.999991119 0.003818884 -0.472956210 -0.003658513 -0.003825377 0.999985993 15.007148743
0.999992013 0.001740920 0.003604247 0.292249084 -0.001754616 0.999991238 0.003800177 -0.485022306 -0.003597599 -0.003806471 0.999986291 15.447347641
0.999988914 0.002178882 0.004164441 0.300071031 -0.002194051 0.999990940 0.003641567 -0.494767040 -0.004156469 -0.003650665 0.999984622 15.892450333
0.999990165 0.002097625 0.003908738 0.316268861 -0.002113051 0.999989986 0.003946553 -0.510262191 -0.003900420 -0.003954773 0.999984562 16.329250336
0.999987662 0.002199407 0.004458264 0.323777109 -0.002215050 0.999991417 0.003506743 -0.517204881 -0.004450513 -0.003516574 0.999983907 16.784154892
0.999985278 0.002242951 0.004942062 0.330598086 -0.002263620 0.999988616 0.004180638 -0.536197066 -0.004932630 -0.004191763 0.999979019 17.229133606
0.999982595 0.002715060 0.005242326 0.337031335 -0.002738330 0.999986351 0.004436768 -0.549278259 -0.005230210 -0.004451046 0.999976397 17.689447403
0.999980211 0.002619429 0.005732344 0.346011460 -0.002643781 0.999987423 0.004244789 -0.560035110 -0.005721152 -0.004259861 0.999974549 18.156244278
0.999983788 0.002006564 0.005335137 0.371033728 -0.002031397 0.999987066 0.004653459 -0.567965627 -0.005325730 -0.004664221 0.999974966 18.617801666
0.999978065 0.002830142 0.005978140 0.371693969 -0.002859004 0.999984264 0.004824983 -0.597860813 -0.005964390 -0.004841969 0.999970496 19.093563080
0.999979138 0.002620663 0.005901237 0.388964951 -0.002648233 0.999985635 0.004669077 -0.606999457 -0.005888916 -0.004684607 0.999971688 19.577348709
0.999975502 0.002050904 0.006689481 0.389700413 -0.002080062 0.999988377 0.004354655 -0.607317567 -0.006680474 -0.004368464 0.999968171 20.080963135
0.999977708 0.002707451 0.006103475 0.409584075 -0.002738009 0.999983728 0.005003832 -0.639850736 -0.006089828 -0.005020432 0.999968827 20.548351288
0.999974251 0.003160829 0.006448857 0.416544199 -0.003193544 0.999982059 0.005069037 -0.648027122 -0.006432720 -0.005089501 0.999966323 21.051324844
0.999983668 0.002395814 0.005193611 0.434297919 -0.002425652 0.999980569 0.005746370 -0.670309484 -0.005179741 -0.005758874 0.999969959 21.561792374
0.999982178 0.002668717 0.005346263 0.440436780 -0.002704109 0.999974370 0.006623613 -0.691879332 -0.005328450 -0.006637951 0.999963760 22.063323975
0.999987543 0.002783576 0.004146281 0.461721033 -0.002809228 0.999976993 0.006193677 -0.702500939 -0.004128944 -0.006205248 0.999972224 22.583282471
0.999988198 0.003101564 0.003746259 0.471784532 -0.003125289 0.999975026 0.006343883 -0.716487110 -0.003726489 -0.006355516 0.999972820 23.102575302
0.999993801 0.002079028 0.002811293 0.482873023 -0.002097548 0.999976039 0.006600816 -0.733970582 -0.002797501 -0.006606673 0.999974191 23.634811401
0.999994457 0.002012709 0.002623686 0.490812182 -0.002026378 0.999984324 0.005217798 -0.733586907 -0.002613143 -0.005223087 0.999982893 24.167715073
0.999993324 0.002797155 0.002316578 0.498908758 -0.002810305 0.999979734 0.005692889 -0.745049238 -0.002300607 -0.005699362 0.999981105 24.702022552
0.999994695 0.003032764 0.001196018 0.520566523 -0.003040446 0.999974549 0.006474101 -0.770871997 -0.001176353 -0.006477704 0.999978304 25.242948532
0.999995351 0.002930320 0.000883538 0.530320525 -0.002936020 0.999974430 0.006519998 -0.779600143 -0.000864410 -0.006522561 0.999978304 25.776336670
0.999995351 0.003038416 0.000421230 0.538484573 -0.003041035 0.999975204 0.006361169 -0.794222355 -0.000401892 -0.006362421 0.999979675 26.344602585
0.999997973 0.002043105 -0.000392293 0.548088610 -0.002040098 0.999969661 0.007520085 -0.821670592 0.000407645 -0.007519268 0.999971628 26.893865585
0.999997318 0.002296571 -0.000217294 0.552600086 -0.002294764 0.999965549 0.007979204 -0.835840404 0.000235611 -0.007978685 0.999968112 27.449024200
0.999993205 0.003659100 -0.000333456 0.558964252 -0.003656731 0.999969959 0.006847153 -0.841481805 0.000358500 -0.006845889 0.999976456 28.007244110
0.999992430 0.003796725 -0.000869944 0.563678086 -0.003789681 0.999961138 0.007960890 -0.872053146 0.000900135 -0.007957533 0.999967933 28.537542343
0.999993622 0.003443069 -0.001028824 0.576731265 -0.003434708 0.999961913 0.008020598 -0.884963274 0.001056401 -0.008017012 0.999967277 29.086242676
0.999992073 0.003721921 -0.001417806 0.585782290 -0.003709559 0.999956071 0.008624272 -0.899790883 0.001449843 -0.008618947 0.999961793 29.624164581
0.999992371 0.003473584 -0.001750627 0.592322826 -0.003458573 0.999957800 0.008506604 -0.907315195 0.001780102 -0.008500485 0.999962211 30.165342331
0.999991536 0.003538897 -0.002093417 0.606612325 -0.003521088 0.999958038 0.008451283 -0.922370553 0.002123238 -0.008443840 0.999962091 30.718461990
0.999989808 0.003873907 -0.002308470 0.614465117 -0.003853957 0.999955714 0.008584607 -0.932478666 0.002341624 -0.008575624 0.999960482 31.261407852
0.999989569 0.003712182 -0.002657996 0.625865281 -0.003689190 0.999956131 0.008603313 -0.943672121 0.002689817 -0.008593416 0.999959469 31.817031860
0.999989212 0.003599690 -0.002938209 0.636677742 -0.003573838 0.999955297 0.008756788 -0.956889629 0.002969600 -0.008746193 0.999957323 32.373790741
0.999988079 0.003757601 -0.003106278 0.645732999 -0.003729913 0.999953687 0.008871500 -0.968441725 0.003139470 -0.008859809 0.999955833 32.917922974
0.999988198 0.003641181 -0.003208519 0.654075146 -0.003613809 0.999957383 0.008495874 -0.976918101 0.003239317 -0.008484179 0.999958754 33.466442108
0.999986947 0.004156169 -0.002960449 0.656498253 -0.004130578 0.999954462 0.008598649 -0.983472407 0.002996051 -0.008586307 0.999958634 34.019069672
0.999988914 0.003187145 -0.003451603 0.668593824 -0.003155966 0.999954522 0.009001128 -0.998791814 0.003480133 -0.008990136 0.999953508 34.557464600
0.999987662 0.004338133 -0.002402927 0.661020041 -0.004317073 0.999952912 0.008701472 -1.006087422 0.002440562 -0.008690991 0.999959230 35.113513947
0.999988019 0.003263140 -0.003647520 0.682919085 -0.003231882 0.999958277 0.008542942 -1.014346361 0.003675244 -0.008531051 0.999956846 35.644397736
0.999985933 0.003604884 -0.003890009 0.692796588 -0.003570864 0.999955654 0.008717470 -1.025656700 0.003921262 -0.008703455 0.999954462 36.192451477
0.999986708 0.003757431 -0.003528729 0.699081242 -0.003728589 0.999959826 0.008144888 -1.034399271 0.003559191 -0.008131622 0.999960542 36.748802185
0.999986291 0.003614879 -0.003806461 0.708698034 -0.003583002 0.999958694 0.008348390 -1.042150617 0.003836483 -0.008334636 0.999957919 37.304069519
0.999984086 0.004828291 -0.002933416 0.709354401 -0.004803719 0.999953747 0.008326908 -1.055256844 0.002973485 -0.008312683 0.999961019 37.835159302
0.999985874 0.003692903 -0.003824893 0.717026591 -0.003660949 0.999958634 0.008327643 -1.067072153 0.003855488 -0.008313523 0.999958038 38.393814087
0.999987781 0.003473541 -0.003526241 0.720038533 -0.003442995 0.999956846 0.008632017 -1.080214739 0.003556072 -0.008619770 0.999956548 38.936840057
0.999984980 0.004255773 -0.003450498 0.728947401 -0.004227169 0.999956965 0.008255579 -1.089050889 0.003485483 -0.008240868 0.999960005 39.478832245
0.999983490 0.004185965 -0.003960659 0.738767862 -0.004150807 0.999952257 0.008843879 -1.104347467 0.003997491 -0.008827293 0.999952972 40.035045624
0.999981999 0.004485157 -0.003986284 0.753566563 -0.004446290 0.999942958 0.009706078 -1.125532389 0.004029591 -0.009688178 0.999944866 40.563583374
0.999979258 0.005037099 -0.004000678 0.769576252 -0.005001536 0.999948263 0.008850182 -1.125214338 0.004045050 -0.008829989 0.999952793 41.120101929
0.999980509 0.004454318 -0.004381719 0.767308176 -0.004414986 0.999950230 0.008945290 -1.141384602 0.004421346 -0.008925770 0.999950409 41.692928314
0.999978840 0.004275719 -0.004910818 0.783911765 -0.004233050 0.999953449 0.008666517 -1.152083516 0.004947646 -0.008645546 0.999950409 42.234367371
0.999979556 0.004401524 -0.004636517 0.788970947 -0.004361804 0.999953985 0.008542368 -1.162443161 0.004673903 -0.008521969 0.999952793 42.784210205
0.999977291 0.004495044 -0.005020118 0.790171564 -0.004447917 0.999946296 0.009359931 -1.177129388 0.005061922 -0.009337389 0.999943614 43.330715179
0.999979198 0.004715130 -0.004385083 0.792333126 -0.004673271 0.999943852 0.009507558 -1.188003421 0.004429666 -0.009486868 0.999945164 43.886363983
0.999980748 0.003996582 -0.004747444 0.799865425 -0.003952362 0.999948978 0.009287805 -1.197951078 0.004784322 -0.009268863 0.999945521 44.427238464
0.999978542 0.004399260 -0.004878373 0.804838479 -0.004355230 0.999949992 0.008999549 -1.204550505 0.004917721 -0.008978108 0.999947608 44.984169006
0.999977708 0.005231822 -0.004142686 0.809635341 -0.005195965 0.999949336 0.008619398 -1.209168673 0.004187572 -0.008597680 0.999954343 45.546817780
0.999980628 0.004263190 -0.004519461 0.821873665 -0.004222989 0.999951720 0.008867589 -1.224271655 0.004557048 -0.008848332 0.999950409 46.095020294
0.999981701 0.003665905 -0.004824108 0.836762786 -0.003623384 0.999954700 0.008793531 -1.233350992 0.004856127 -0.008775890 0.999949694 46.633483887
0.999980152 0.004368774 -0.004546135 0.830145717 -0.004329361 0.999953270 0.008643740 -1.238034010 0.004583685 -0.008623886 0.999952316 47.191947937
0.999979675 0.003992830 -0.004982027 0.841894329 -0.003947649 0.999951303 0.009045902 -1.254529953 0.005017903 -0.009026050 0.999946654 47.734817505
0.999981821 0.003866706 -0.004615845 0.841194034 -0.003825802 0.999953568 0.008837903 -1.261153579 0.004649803 -0.008820082 0.999950290 48.295104980
0.999980390 0.003724870 -0.005031539 0.860956728 -0.003678433 0.999950767 0.009207198 -1.271345377 0.005065587 -0.009188510 0.999944925 48.847141266
0.999982059 0.003777235 -0.004635702 0.863710642 -0.003733036 0.999947846 0.009506081 -1.285710216 0.004671368 -0.009488605 0.999944031 49.380676270
0.999982774 0.003917796 -0.004369752 0.860707521 -0.003877742 0.999950707 0.009137234 -1.296429634 0.004405335 -0.009120131 0.999948680 49.943210602
0.999984741 0.003902294 -0.003889950 0.860246658 -0.003865358 0.999947786 0.009457809 -1.305299997 0.003926654 -0.009442629 0.999947667 50.488746643
0.999982953 0.003969235 -0.004279269 0.866765559 -0.003932219 0.999955058 0.008624252 -1.311538815 0.004313309 -0.008607279 0.999953628 51.044517517
0.999985993 0.003733296 -0.003744140 0.871786535 -0.003700444 0.999954939 0.008743180 -1.326320887 0.003776612 -0.008729203 0.999954760 51.601066589
0.999982119 0.003736555 -0.004667648 0.891024888 -0.003695062 0.999953806 0.008866814 -1.333688974 0.004700565 -0.008849408 0.999949813 52.138118744
0.999983072 0.003952279 -0.004296307 0.897314250 -0.003914757 0.999954402 0.008707342 -1.347353220 0.004330525 -0.008690374 0.999952853 52.693565369
0.999984741 0.003461732 -0.004285111 0.903733015 -0.003425269 0.999958098 0.008487545 -1.353430748 0.004314313 -0.008472738 0.999954820 53.241397858
0.999983490 0.003849120 -0.004267699 0.909826279 -0.003812215 0.999955535 0.008622054 -1.367291093 0.004300697 -0.008605642 0.999953747 53.779346466
0.999983966 0.004314936 -0.003687183 0.914823830 -0.004283331 0.999954343 0.008536899 -1.378693104 0.003723851 -0.008520967 0.999956846 54.322753906
0.999985218 0.003330868 -0.004297191 0.927912295 -0.003295274 0.999960423 0.008263801 -1.383226633 0.004324547 -0.008249519 0.999956608 54.882278442
0.999983966 0.003587981 -0.004386317 0.932590485 -0.003552597 0.999961317 0.008048451 -1.395066500 0.004415025 -0.008032739 0.999957979 55.429306030
0.999986589 0.003410931 -0.003907091 0.937655568 -0.003378831 0.999960661 0.008193221 -1.403663278 0.003934884 -0.008179910 0.999958873 55.977737427
0.999983966 0.003429956 -0.004510252 0.951617301 -0.003393449 0.999961734 0.008076953 -1.413010001 0.004537781 -0.008061517 0.999957204 56.546669006
0.999985456 0.003316694 -0.004256992 0.966877341 -0.003281156 0.999959946 0.008328079 -1.427603722 0.004284442 -0.008313988 0.999956250 57.084835052
0.999982297 0.003896366 -0.004482632 0.978796840 -0.003859489 0.999958992 0.008206163 -1.436773419 0.004514422 -0.008188719 0.999956250 57.625308990
0.999982297 0.004063529 -0.004336125 0.984296858 -0.004029108 0.999960542 0.007917727 -1.448903441 0.004368128 -0.007900116 0.999959290 58.179775238
0.999984622 0.003514245 -0.004300703 0.996770620 -0.003480897 0.999963999 0.007737149 -1.456142187 0.004327738 -0.007722059 0.999960840 58.716987610
0.999982893 0.004055412 -0.004248817 0.994841218 -0.004025564 0.999967277 0.007010404 -1.453562617 0.004277107 -0.006993179 0.999966383 59.265766144
0.999981940 0.003662326 -0.004785549 1.010877132 -0.003629160 0.999969482 0.006920746 -1.465412617 0.004810749 -0.006903253 0.999964535 59.806705475
0.999982119 0.003910530 -0.004525710 1.014983296 -0.003879076 0.999968410 0.006938068 -1.472709775 0.004552700 -0.006920388 0.999965668 60.358676910
0.999979734 0.003659174 -0.005219320 1.030959725 -0.003621490 0.999967396 0.007211490 -1.485567212 0.005245538 -0.007192440 0.999960423 60.904430389
0.999980032 0.003939190 -0.004939985 1.032371759 -0.003905001 0.999968469 0.006911685 -1.494262457 0.004967056 -0.006892256 0.999963939 61.437393188
0.999979258 0.004026684 -0.005018367 1.046255350 -0.003989827 0.999965131 0.007332899 -1.509948969 0.005047720 -0.007312725 0.999960542 61.975463867
0.999981165 0.003970791 -0.004683168 1.042141080 -0.003939377 0.999969780 0.006698104 -1.512161851 0.004709623 -0.006679529 0.999966621 62.520004272
0.999980450 0.004749652 -0.004071527 1.046950936 -0.004720445 0.999963343 0.007153015 -1.528572083 0.004105352 -0.007133656 0.999966145 63.070327759
0.999980628 0.004770430 -0.004005480 1.053851128 -0.004742597 0.999964774 0.006929751 -1.537539244 0.004038396 -0.006910620 0.999967992 63.624828339
0.999979675 0.004671049 -0.004345385 1.056173205 -0.004641081 0.999965549 0.006881068 -1.551605344 0.004377376 -0.006860761 0.999966800 64.152427673
0.999982715 0.004561248 -0.003724584 1.056637287 -0.004536471 0.999967694 0.006633844 -1.560985088 0.003754722 -0.006616833 0.999971032 64.699752808
0.999980569 0.004679895 -0.004147176 1.071828365 -0.004649769 0.999962926 0.007244648 -1.572739363 0.004180926 -0.007225223 0.999965131 65.230682373
0.999979496 0.005259998 -0.003655122 1.078758955 -0.005233719 0.999960721 0.007162399 -1.584067583 0.003692653 -0.007143122 0.999967635 65.784263611
0.999978900 0.004981028 -0.004180205 1.090073586 -0.004949809 0.999960065 0.007445942 -1.596211672 0.004217126 -0.007425094 0.999963522 66.320518494
0.999981761 0.004444075 -0.004091039 1.090446949 -0.004415936 0.999966681 0.006861774 -1.603225827 0.004121398 -0.006843584 0.999968112 66.877120972
0.999980390 0.004900015 -0.003903179 1.104210973 -0.004874493 0.999966860 0.006521806 -1.612499475 0.003935007 -0.006502653 0.999971151 67.422851562
0.999981999 0.004360607 -0.004108981 1.109384179 -0.004332606 0.999967396 0.006799165 -1.625173092 0.004138495 -0.006781240 0.999968469 67.962036133
0.999979615 0.005021009 -0.003945787 1.119899154 -0.004991487 0.999959767 0.007456436 -1.648608565 0.003983067 -0.007436589 0.999964356 68.496414185
0.999978721 0.005385715 -0.003682819 1.118622184 -0.005361077 0.999963462 0.006667379 -1.655718803 0.003718593 -0.006647494 0.999970973 69.044403076
0.999982357 0.004835455 -0.003444671 1.133358240 -0.004811581 0.999964595 0.006905490 -1.665962696 0.003477940 -0.006888793 0.999970198 69.588539124
0.999981761 0.004939803 -0.003480028 1.138283968 -0.004916831 0.999966264 0.006579006 -1.670986652 0.003512409 -0.006561775 0.999972284 70.118263245
0.999982536 0.004714122 -0.003585546 1.147556901 -0.004689781 0.999966085 0.006767426 -1.683032274 0.003617327 -0.006750491 0.999970675 70.671073914
0.999981821 0.005026736 -0.003323319 1.148506403 -0.005004755 0.999965727 0.006589496 -1.692270637 0.003356329 -0.006572743 0.999972701 71.208213806
0.999978602 0.005247170 -0.003906890 1.169586897 -0.005220149 0.999962628 0.006894666 -1.705872536 0.003942921 -0.006874123 0.999968588 71.752578735
0.999980867 0.004983593 -0.003664244 1.167096376 -0.004958516 0.999964416 0.006821465 -1.715709090 0.003698109 -0.006803165 0.999970019 72.304466248
0.999980807 0.004904132 -0.003776591 1.174278617 -0.004881160 0.999969661 0.006068250 -1.724107862 0.003806235 -0.006049699 0.999974430 72.854858398
0.999982774 0.004974759 -0.003150457 1.177847266 -0.004953452 0.999965072 0.006735115 -1.741744041 0.003183852 -0.006719392 0.999972284 73.386688232
0.999981344 0.005341989 -0.002988131 1.180212259 -0.005321161 0.999961853 0.006934955 -1.754529595 0.003025064 -0.006918924 0.999971449 73.932495117
0.999983370 0.004737463 -0.003283444 1.192243934 -0.004715595 0.999966860 0.006636220 -1.763955355 0.003314774 -0.006620627 0.999972522 74.463493347
0.999983549 0.004517406 -0.003539589 1.207968116 -0.004492016 0.999964297 0.007148347 -1.777677774 0.003571754 -0.007132330 0.999968171 74.998268127
0.999983072 0.004679258 -0.003482880 1.213621378 -0.004657010 0.999968827 0.006368766 -1.778192639 0.003512573 -0.006352439 0.999973655 75.555236816
0.999983191 0.004702943 -0.003434613 1.220906734 -0.004678125 0.999963164 0.007198508 -1.803964257 0.003468340 -0.007182318 0.999968171 76.082527161
0.999983132 0.004765525 -0.003366648 1.230638623 -0.004741599 0.999963701 0.007079308 -1.814130783 0.003400263 -0.007063225 0.999969244 76.625854492
0.999985218 0.004684221 -0.002755911 1.230693102 -0.004664265 0.999963164 0.007203352 -1.830084205 0.002789551 -0.007190391 0.999970257 77.180114746
0.999985099 0.004257985 -0.003422392 1.247696877 -0.004232846 0.999964237 0.007319201 -1.841909170 0.003453434 -0.007304605 0.999967396 77.720359802
0.999982655 0.004472140 -0.003825700 1.255076051 -0.004444849 0.999964774 0.007112841 -1.850407243 0.003857377 -0.007095713 0.999967396 78.250083923
0.999978304 0.005252839 -0.003967718 1.269895792 -0.005225497 0.999962747 0.006870155 -1.862050772 0.004003658 -0.006849274 0.999968529 78.794807434
0.999980748 0.005193931 -0.003379872 1.272819996 -0.005170838 0.999963462 0.006805318 -1.868602991 0.003415094 -0.006787711 0.999971092 79.343856812
0.999982595 0.004955477 -0.003218123 1.280169487 -0.004933925 0.999965608 0.006670851 -1.879990101 0.003251070 -0.006654857 0.999972582 79.888359070
0.999980450 0.005134160 -0.003576857 1.298429847 -0.005111011 0.999966145 0.006451088 -1.890057325 0.003609857 -0.006432681 0.999972761 80.434646606
0.999983907 0.005086845 -0.002513772 1.305752039 -0.005069742 0.999964297 0.006763938 -1.902094841 0.002548090 -0.006751085 0.999973953 80.990173340
0.999985695 0.005297062 -0.000789098 1.313361883 -0.005291727 0.999964118 0.006616962 -1.912998676 0.000824120 -0.006612692 0.999977767 81.546981812
0.999986768 0.005150241 -0.000401875 1.325780988 -0.005147424 0.999964178 0.006723021 -1.929240346 0.000436485 -0.006720863 0.999977291 82.057502747
0.999985516 0.005281028 0.000992888 1.337945461 -0.005287545 0.999963641 0.006679640 -1.940131545 -0.000957576 -0.006684793 0.999977171 82.595176697
0.999978065 0.005181049 0.004135500 1.358283639 -0.005207780 0.999965489 0.006479355 -1.948306561 -0.004101787 -0.006500749 0.999970436 83.147941589
0.999949753 0.005695877 0.008251818 1.369957685 -0.005752122 0.999960303 0.006808324 -1.963910580 -0.008212711 -0.006855447 0.999942780 83.676788330
0.999917924 0.005779143 0.011435973 1.386019588 -0.005857409 0.999959528 0.006822214 -1.978153944 -0.011396086 -0.006888639 0.999911308 84.217948914
0.999850273 0.005738392 0.016321175 1.406717300 -0.005847431 0.999960840 0.006641053 -1.987794876 -0.016282424 -0.006735495 0.999844670 84.772117615
0.999739468 0.006170827 0.021979792 1.437385321 -0.006324044 0.999956071 0.006908129 -2.003964424 -0.021936202 -0.007045330 0.999734461 85.318725586
0.999601483 0.005827579 0.027620731 1.469460726 -0.006014818 0.999959469 0.006700678 -2.018526077 -0.027580557 -0.006864140 0.999596119 85.862350464
0.999429584 0.005191374 0.033369709 1.500876904 -0.005417759 0.999962926 0.006697295 -2.029134512 -0.033333700 -0.006874264 0.999420643 86.401863098
0.999117374 0.005777755 0.041609779 1.534142494 -0.006061652 0.999959171 0.006699898 -2.042006016 -0.041569375 -0.006946207 0.999111474 86.966026306
0.998739004 0.005380614 0.049912971 1.579865456 -0.005735263 0.999959290 0.006964867 -2.055735111 -0.049873464 -0.007242349 0.998729229 87.518486023
0.998357892 0.004667305 0.057093289 1.625803709 -0.005076176 0.999962449 0.007018519 -2.067450523 -0.057058394 -0.007296809 0.998344183 88.053169250
0.997823894 0.005351464 0.065717869 1.678312778 -0.005783089 0.999962926 0.006379354 -2.072896719 -0.065681309 -0.006745524 0.997817874 88.617904663
0.997083664 0.005430176 0.076122493 1.741474628 -0.005946791 0.999960780 0.006561585 -2.086333036 -0.076083876 -0.006995134 0.997076988 89.152473450
0.996394813 0.004791913 0.084702268 1.809180260 -0.005383288 0.999962687 0.006754766 -2.101980448 -0.084666736 -0.007186390 0.996383429 89.700225830
0.995688558 0.004885289 0.092630751 1.869698048 -0.005456433 0.999967575 0.005913544 -2.105027914 -0.092598863 -0.006393481 0.995682955 90.257080078
0.994651437 0.004989407 0.103167668 1.951756477 -0.005654159 0.999965012 0.006151986 -2.111303806 -0.103133366 -0.006702409 0.994644940 90.813484192
0.993422210 0.005063130 0.114396773 2.021884918 -0.005818466 0.999963403 0.006269845 -2.130939484 -0.114360869 -0.006894217 0.993415296 91.364486694
0.992319405 0.004141378 0.123632379 2.108956337 -0.004901947 0.999970913 0.005848312 -2.141261578 -0.123604566 -0.006409434 0.992310822 91.912300110
0.990921259 0.004737129 0.134359434 2.208691597 -0.005670404 0.999962389 0.006564288 -2.156072617 -0.134323239 -0.007266566 0.990910947 92.455718994
0.989190996 0.004234421 0.146572456 2.306811333 -0.005191210 0.999967575 0.006145851 -2.165164709 -0.146541730 -0.006840309 0.989180803 93.005271912
0.987517416 0.003803848 0.157463878 2.414884567 -0.004851816 0.999968529 0.006271436 -2.180941582 -0.157435104 -0.006957138 0.987504780 93.550773621
0.985873640 0.003414782 0.167455599 2.525233269 -0.004508174 0.999970913 0.006149733 -2.187678814 -0.167429686 -0.006817779 0.985860467 94.076309204
0.983502507 0.003337086 0.180863753 2.642963409 -0.004435867 0.999974012 0.005671045 -2.190194607 -0.180840120 -0.006379775 0.983491838 94.617965698
0.981149018 0.003371923 0.193223104 2.766248703 -0.004671095 0.999969423 0.006268508 -2.212804317 -0.193196103 -0.007052904 0.981134772 95.144721985
0.979085624 0.003234585 0.203422919 2.897460938 -0.004575391 0.999970794 0.006121283 -2.223333836 -0.203397200 -0.006924000 0.979071856 95.692672729
0.976284802 0.003311466 0.216464728 3.043922424 -0.004817144 0.999967694 0.006428509 -2.239502907 -0.216436476 -0.007318798 0.976269245 96.229446411
0.973056912 0.002823784 0.230547667 3.188791275 -0.004450211 0.999968767 0.006534933 -2.248163939 -0.230521962 -0.007384848 0.973039210 96.776184082
0.970576048 0.002686423 0.240779504 3.337099075 -0.004355934 0.999970138 0.006401811 -2.267719746 -0.240755081 -0.007262265 0.970558822 97.293464661
0.967509627 0.002514620 0.252821624 3.498954773 -0.004245504 0.999971151 0.006300962 -2.284944057 -0.252798468 -0.007169597 0.967492402 97.824272156
0.963775039 0.002368555 0.266705900 3.659105301 -0.004218726 0.999970853 0.006364377 -2.293028831 -0.266683072 -0.007258988 0.963756859 98.341392517
0.960242808 0.002223062 0.279157400 3.824254990 -0.003977572 0.999975741 0.005718732 -2.300604343 -0.279137909 -0.006601740 0.960228324 98.879417419
0.956946909 0.001817438 0.290257305 4.013212204 -0.003756098 0.999974191 0.006122140 -2.315813065 -0.290238619 -0.006948798 0.956929028 99.396537781
0.952513158 0.001447655 0.304494023 4.179910660 -0.003677843 0.999970376 0.006750809 -2.331825495 -0.304475248 -0.007550116 0.952490330 99.904640198
0.948230445 0.000956088 0.317581654 4.382043839 -0.003308370 0.999970973 0.006867643 -2.348964214 -0.317565858 -0.007562787 0.948206067 100.398178101
0.944147766 0.000292480 0.329522252 4.577642441 -0.002627524 0.999974430 0.006640819 -2.350576401 -0.329511940 -0.007135742 0.944124401 100.927764893
0.939429343 -0.000223462 0.342742354 4.787445068 -0.002035903 0.999978423 0.006232215 -2.357506752 -0.342736393 -0.006552516 0.939408779 101.449287415
0.934296429 -0.000076208 0.356497318 5.002790451 -0.002166431 0.999980330 0.005891473 -2.369503975 -0.356490761 -0.006276709 0.934277773 101.944511414
0.929404140 -0.000319258 0.369063318 5.223287582 -0.002190230 0.999977171 0.006380640 -2.386651039 -0.369056940 -0.006738527 0.929382324 102.458061218
0.924787700 -0.001474166 0.380480677 5.457572937 -0.000801119 0.999982774 0.005821600 -2.393707752 -0.380482703 -0.005688554 0.924770474 102.961952209
0.918644845 -0.001325464 0.395082206 5.683483124 -0.001247056 0.999979794 0.006254493 -2.405650854 -0.395082384 -0.006238348 0.918624520 103.463394165
0.912934601 -0.001574682 0.408102810 5.929519653 -0.001015651 0.999980688 0.006130502 -2.416446924 -0.408104539 -0.006011237 0.912915409 103.954826355
0.908087373 -0.001810907 0.418776780 6.180702209 -0.000910973 0.999979734 0.006299569 -2.434763193 -0.418779761 -0.006102054 0.908067286 104.432075500
0.902135134 -0.002200282 0.431447923 6.453113556 -0.000679907 0.999978483 0.006521302 -2.453412294 -0.431453019 -0.006176440 0.902114213 104.927459717
0.894996941 -0.002653641 0.446064383 6.704460144 -0.000162104 0.999980330 0.006274142 -2.458265781 -0.446072251 -0.005687647 0.894978881 105.409271240
0.889216065 -0.003499669 0.457474113 6.988479614 0.000707178 0.999980092 0.006275252 -2.470686913 -0.457486928 -0.005256539 0.889200807 105.896179199
0.883512557 -0.004169469 0.468389004 7.246494293 0.001133141 0.999976575 0.006764092 -2.486519814 -0.468406171 -0.005445409 0.883496404 106.349830627
0.875972390 -0.003971031 0.482344866 7.515987396 0.001081148 0.999979675 0.006269156 -2.494347572 -0.482360065 -0.004970121 0.875958979 106.832794189
0.869146049 -0.004359871 0.494536191 7.812377930 0.001485377 0.999979615 0.006205353 -2.506873369 -0.494553149 -0.004658786 0.869134903 107.290130615
0.863720655 -0.005042598 0.503945589 8.111953735 0.001896628 0.999975264 0.006755327 -2.524360418 -0.503967285 -0.004878919 0.863709092 107.735549927
