1.000000000 0.000000000 0.000000000 0.000000000 0.000000000 1.000000000 0.000000000 0.000000000 0.000000000 0.000000000 1.000000000 0.000000000
1.000000000 0.000050427 0.000133232 -0.003669477 -0.000050401 1.000000000 -0.000195889 0.004347733 -0.000133242 0.000195882 1.000000000 0.004878813
1.000000000 -0.000058816 0.000047683 -0.003128405 0.000058821 1.000000000 -0.000109534 0.000959230 -0.000047676 0.000109537 1.000000000 0.000782878
0.999999940 0.000301294 0.000098809 0.000807334 -0.000301286 0.999999940 -0.000074167 0.002341184 -0.000098831 0.000074137 1.000000000 -0.005188494
1.000000000 0.000129058 0.000016709 0.002242706 -0.000129057 1.000000000 -0.000051633 0.001514676 -0.000016716 0.000051631 1.000000000 -0.002473561
1.000000000 0.000024361 0.000004254 0.001393853 -0.000024361 1.000000000 -0.000023416 0.002021723 -0.000004255 0.000023416 1.000000000 -0.001766218
1.000000000 0.000026765 0.000092177 -0.001060438 -0.000026756 1.000000000 -0.000090439 0.001437319 -0.000092180 0.000090436 1.000000000 -0.003414857
1.000000000 -0.000038222 -0.000021978 0.000480032 0.000038221 1.000000000 -0.000047590 0.002206321 0.000021980 0.000047589 1.000000000 -0.000679072
1.000000000 -0.000046570 0.000146787 -0.006369845 0.000046603 1.000000000 -0.000224072 0.003605547 -0.000146777 0.000224078 0.999999940 0.005005418
1.000000000 0.000087698 0.000196167 -0.004636072 -0.000087676 1.000000000 -0.000107667 0.001256852 -0.000196176 0.000107650 1.000000000 -0.001081680
1.000000000 0.000137052 0.000152644 -0.003455237 -0.000137025 1.000000000 -0.000175693 0.002739461 -0.000152668 0.000175673 1.000000000 -0.002194404
1.000000000 0.000077104 0.000041395 0.000949347 -0.000077099 1.000000000 -0.000107730 0.001310298 -0.000041404 0.000107727 1.000000000 -0.007370732
1.000000000 0.000120817 0.000209031 -0.005823146 -0.000120795 1.000000000 -0.000108272 0.001219203 -0.000209044 0.000108247 1.000000000 -0.001461246
1.000000000 -0.000132892 0.000087933 -0.003011590 0.000132900 1.000000000 -0.000088703 -0.000150053 -0.000087921 0.000088715 1.000000000 -0.002961583
1.000000000 -0.000009757 0.000047395 -0.000014032 0.000009761 1.000000000 -0.000082885 0.001166497 -0.000047394 0.000082886 1.000000000 -0.004799547
1.000000000 -0.000101543 0.000062309 -0.003962603 0.000101551 1.000000000 -0.000125913 0.003246165 -0.000062296 0.000125919 1.000000000 0.001751421
1.000000000 -0.000192946 0.000034074 -0.003792887 0.000192949 1.000000000 -0.000100267 0.000747389 -0.000034055 0.000100273 1.000000000 -0.003257752
1.000000000 -0.000067203 0.000159927 -0.003790250 0.000067217 1.000000000 -0.000091121 0.000685223 -0.000159921 0.000091131 1.000000000 -0.001995243
1.000000000 0.000098154 0.000062593 -0.001155592 -0.000098152 1.000000000 -0.000041252 0.001188591 -0.000062597 0.000041245 1.000000000 -0.005653709
1.000000000 -0.000056619 -0.000000328 -0.002523067 0.000056619 1.000000000 -0.000091450 -0.000136847 0.000000333 0.000091450 1.000000000 -0.003844887
1.000000000 -0.000021891 0.000092814 -0.002659193 0.000021901 1.000000000 -0.000102202 0.000695508 -0.000092812 0.000102204 1.000000000 -0.006287372
1.000000000 -0.000104819 0.000072963 -0.001615608 0.000104822 1.000000000 -0.000039983 -0.000983546 -0.000072959 0.000039990 1.000000000 -0.002050378
1.000000000 0.000020917 0.000184599 -0.006779600 -0.000020878 1.000000000 -0.000212998 0.003376473 -0.000184603 0.000212994 0.999999940 0.003477343
0.999999940 -0.000220054 -0.000112518 0.001260181 0.000220044 1.000000000 -0.000095079 0.000374464 0.000112539 0.000095055 1.000000000 -0.000479092
1.000000000 -0.000073899 -0.000015288 -0.000480303 0.000073898 1.000000000 -0.000024435 0.001537374 0.000015290 0.000024434 1.000000000 -0.002090664
1.000000000 0.000056430 0.000000262 0.001298667 -0.000056430 1.000000000 -0.000132701 0.002629681 -0.000000270 0.000132701 1.000000000 -0.007241616
1.000000000 -0.000060625 0.000093464 -0.003126526 0.000060633 1.000000000 -0.000080126 0.002674535 -0.000093459 0.000080131 1.000000000 -0.001466186
0.999999940 0.000203416 0.000197776 -0.004923362 -0.000203385 0.999999940 -0.000155882 0.002353804 -0.000197808 0.000155842 0.999999940 -0.001269382
1.000000000 0.000033212 0.000108189 -0.003957647 -0.000033207 1.000000000 -0.000046258 0.001997442 -0.000108190 0.000046254 1.000000000 0.000411004
1.000000000 -0.000184513 0.000073230 -0.005202940 0.000184522 1.000000000 -0.000118164 0.005564306 -0.000073209 0.000118177 1.000000000 0.002488610
1.000000000 -0.000100426 0.000062696 -0.003447951 0.000100434 1.000000000 -0.000127575 0.001917409 -0.000062683 0.000127581 1.000000000 0.000392631
1.000000000 -0.000051542 0.000112100 -0.003602612 0.000051537 1.000000000 0.000038413 0.000449386 -0.000112102 -0.000038408 1.000000000 -0.000335366
1.000000000 -0.000067709 0.000127381 -0.005564503 0.000067703 1.000000000 0.000040532 0.001249044 -0.000127384 -0.000040523 1.000000000 -0.001465611
1.000000000 -0.000037425 0.000014666 -0.002923246 0.000037425 1.000000000 0.000034757 0.001465999 -0.000014667 -0.000034757 1.000000000 -0.003024176
1.000000000 0.000048110 0.000087081 -0.003330411 -0.000048103 1.000000000 -0.000081975 0.000349916 -0.000087085 0.000081970 1.000000000 -0.002432045
1.000000000 -0.000017677 0.000088074 -0.005154312 0.000017681 1.000000000 -0.000045831 0.002930529 -0.000088073 0.000045832 1.000000000 0.000952400
1.000000000 0.000015795 0.000072190 -0.005365845 -0.000015794 1.000000000 -0.000014596 0.002160703 -0.000072190 0.000014595 1.000000000 -0.002319646
1.000000000 -0.000081904 0.000111782 -0.003842332 0.000081926 1.000000000 -0.000195097 0.004408426 -0.000111766 0.000195106 1.000000000 -0.000200712
1.000000000 -0.000025465 0.000128364 -0.004984409 0.000025470 1.000000000 -0.000042197 0.002290377 -0.000128363 0.000042200 1.000000000 0.000956153
1.000000000 0.000004445 0.000053717 -0.003460722 -0.000004448 1.000000000 0.000055991 0.000488059 -0.000053717 -0.000055991 1.000000000 -0.002767879
1.000000000 -0.000237282 -0.000034643 -0.002265471 0.000237282 1.000000000 -0.000011848 -0.000019062 0.000034645 0.000011840 1.000000000 0.001538177
1.000000000 -0.000025049 -0.000004261 0.004764682 0.000025046 0.999999821 -0.000580877 -0.005699254 0.000004275 0.000580877 0.999999821 0.043397460
1.000000000 0.000095145 0.000005976 0.001751238 -0.000095136 0.999998927 -0.001479011 -0.001674784 -0.000006116 0.001479011 0.999998927 0.144659236
1.000000000 0.000137775 -0.000085345 0.007812642 -0.000137915 0.999998629 -0.001637910 -0.005320956 0.000085120 0.001637922 0.999998629 0.266433686
1.000000000 0.000024188 0.000056540 0.001686066 -0.000024106 0.999998927 -0.001462938 -0.011663863 -0.000056575 0.001462937 0.999998927 0.397830307
1.000000000 0.000232243 -0.000042915 0.004149689 -0.000232296 0.999999225 -0.001229153 -0.015312710 0.000042629 0.001229163 0.999999225 0.535627127
0.999999940 0.000259020 0.000112636 0.014420863 -0.000258865 0.999999046 -0.001374399 -0.023718847 -0.000112992 0.001374370 0.999999046 0.694119811
0.999999940 -0.000353379 -0.000039626 0.020091787 0.000353352 0.999999702 -0.000686276 -0.034227449 0.000039868 0.000686262 0.999999762 0.846591234
0.999999940 -0.000135597 -0.000257933 0.025985684 0.000135420 0.999999762 -0.000686378 -0.034784723 0.000258026 0.000686343 0.999999702 1.038505197
1.000000000 0.000145482 0.000185022 0.009497525 -0.000145342 0.999999702 -0.000756964 -0.043979876 -0.000185132 0.000756937 0.999999702 1.226161361
0.999999881 -0.000325069 -0.000278736 0.035549879 0.000324938 0.999999821 -0.000469945 -0.046985313 0.000278889 0.000469855 0.999999821 1.420057178
0.999999583 -0.000560488 -0.000737276 0.049795114 0.000560420 0.999999821 -0.000092267 -0.063134424 0.000737327 0.000091854 0.999999702 1.595214725
0.999999881 -0.000398976 -0.000304139 0.049038794 0.000398918 0.999999881 -0.000191093 -0.062161218 0.000304215 0.000190972 0.999999940 1.807031274
0.999999344 -0.000265520 0.001096197 0.016021525 0.000265061 0.999999881 0.000418982 -0.070126228 -0.001096308 -0.000418691 0.999999285 1.859670401
0.999999404 -0.000031187 0.001101028 0.023225198 0.000030873 0.999999940 0.000285854 -0.074658766 -0.001101037 -0.000285820 0.999999344 2.083463907
0.999998987 0.000376639 0.001369474 0.018835291 -0.000377107 0.999999881 0.000341841 -0.081412524 -0.001369345 -0.000342357 0.999998927 2.276635408
0.999999046 0.000384434 0.001310284 0.026488820 -0.000385019 0.999999821 0.000446268 -0.090569511 -0.001310112 -0.000446772 0.999999046 2.497278214
0.999997973 0.000744412 0.001878076 0.024716543 -0.000745330 0.999999583 0.000488088 -0.094967723 -0.001877712 -0.000489487 0.999998093 2.739060163
0.999999046 -0.000096158 0.001370235 0.033004459 0.000095003 0.999999583 0.000843118 -0.105354048 -0.001370316 -0.000842987 0.999998629 2.940619946
0.999998212 0.000392119 0.001852108 0.026863599 -0.000393247 0.999999762 0.000608429 -0.110729009 -0.001851869 -0.000609157 0.999998033 3.192304611
0.999998152 0.000745291 0.001763458 0.039800160 -0.000746461 0.999999523 0.000662711 -0.113546550 -0.001762963 -0.000664026 0.999998212 3.442449808
0.999998569 0.000655564 0.001511926 0.050187673 -0.000657057 0.999999225 0.000987759 -0.123422638 -0.001511277 -0.000988751 0.999998331 3.674826384
0.999998569 0.000097482 0.001621725 0.056602240 -0.000099386 0.999999166 0.001173733 -0.137101337 -0.001621610 -0.001173893 0.999997973 3.954896688
0.999998629 -0.000170551 0.001621276 0.047445152 0.000168613 0.999999225 0.001195675 -0.146781012 -0.001621479 -0.001195400 0.999997973 4.148077965
0.999999046 -0.000542099 0.001252964 0.063134536 0.000540825 0.999999344 0.001016699 -0.148363575 -0.001253515 -0.001016021 0.999998689 4.412165642
0.999999046 -0.000273954 0.001369684 0.073664315 0.000271975 0.999998987 0.001445100 -0.163814545 -0.001370079 -0.001444726 0.999997973 4.659225464
0.999998569 -0.000188570 0.001690779 0.082096741 0.000186518 0.999999285 0.001214066 -0.171041936 -0.001691006 -0.001213749 0.999997854 4.938422680
0.999998510 -0.000936316 0.001469199 0.065750383 0.000933468 0.999997735 0.001937771 -0.188795656 -0.001471010 -0.001936397 0.999997020 5.166634083
0.999998093 0.000094858 0.001959173 0.051055294 -0.000098399 0.999998331 0.001807620 -0.204141349 -0.001958999 -0.001807809 0.999996364 5.383481503
0.999998629 -0.000029057 0.001646538 0.063414738 0.000025744 0.999998033 0.002012484 -0.212701172 -0.001646594 -0.002012438 0.999996603 5.644266605
0.999997795 0.000451868 0.002042704 0.063582636 -0.000455574 0.999998331 0.001813980 -0.222497404 -0.002041881 -0.001814907 0.999996245 5.928846359
0.999998033 -0.000128966 0.001981075 0.070328951 0.000124848 0.999997854 0.002078668 -0.231295377 -0.001981339 -0.002078417 0.999995887 6.202076435
0.999998152 0.000441748 0.001872461 0.073937036 -0.000445242 0.999998152 0.001865766 -0.243723899 -0.001871634 -0.001866596 0.999996483 6.502041817
0.999997079 -0.000054535 0.002425703 0.084628940 0.000049682 0.999998033 0.002000849 -0.240782782 -0.002425807 -0.002000722 0.999995053 6.799619198
0.999997973 -0.000504168 0.002001212 0.084087275 0.000499827 0.999997437 0.002169001 -0.261688054 -0.002002301 -0.002167996 0.999995649 7.041409016
0.999998033 -0.000398944 0.001936788 0.092603453 0.000395156 0.999997914 0.001955598 -0.272479773 -0.001937564 -0.001954828 0.999996245 7.349462986
0.999998569 -0.000536057 0.001628403 0.109861396 0.000531946 0.999996603 0.002524332 -0.284526139 -0.001629751 -0.002523462 0.999995470 7.669696331
0.999998450 -0.000193191 0.001763074 0.109021366 0.000188835 0.999996901 0.002470562 -0.295119286 -0.001763546 -0.002470225 0.999995410 7.986104965
0.999998212 0.000254784 0.001844378 0.114679933 -0.000259382 0.999996781 0.002493128 -0.300302118 -0.001843737 -0.002493602 0.999995112 8.308032990
0.999998212 -0.000422919 0.001810218 0.103023164 0.000418863 0.999997377 0.002240316 -0.304541796 -0.001811160 -0.002239554 0.999995828 8.642663002
0.999998093 -0.000765036 0.001779312 0.118767262 0.000760200 0.999996006 0.002716853 -0.321595222 -0.001781383 -0.002715495 0.999994695 8.899806023
0.999998152 -0.001171214 0.001522677 0.133478865 0.001167149 0.999995768 0.002667856 -0.328192115 -0.001525795 -0.002666073 0.999995291 9.238971710
0.999998212 -0.001125256 0.001548489 0.136666521 0.001121103 0.999995828 0.002680182 -0.335373014 -0.001551498 -0.002678441 0.999995232 9.582531929
0.999997795 -0.001394153 0.001589149 0.146289021 0.001389586 0.999994874 0.002871132 -0.349122465 -0.001593143 -0.002868917 0.999994636 9.948933601
0.999998033 -0.001201152 0.001564950 0.154851347 0.001195705 0.999993205 0.003477045 -0.365200520 -0.001569116 -0.003475167 0.999992728 10.314559937
0.999997973 -0.001464898 0.001395059 0.179263413 0.001460660 0.999994338 0.003034074 -0.359133273 -0.001399496 -0.003032030 0.999994397 10.646872520
0.999997616 -0.001667409 0.001403661 0.167778373 0.001662366 0.999992132 0.003586441 -0.387318462 -0.001409630 -0.003584099 0.999992609 10.974015236
0.999997020 -0.002281866 0.000905025 0.179699406 0.002279294 0.999993384 0.002832178 -0.388220072 -0.000911482 -0.002830107 0.999995589 11.361668587
0.999997795 -0.001539152 0.001452158 0.183277562 0.001534054 0.999992669 0.003505420 -0.405950248 -0.001457542 -0.003503185 0.999992847 11.710342407
0.999997318 -0.001636002 0.001619659 0.189868987 0.001630288 0.999992430 0.003523470 -0.421033323 -0.001625411 -0.003520821 0.999992549 12.088767052
0.999997616 -0.001199043 0.001818902 0.202497974 0.001192753 0.999993324 0.003455028 -0.424581766 -0.001823033 -0.003452851 0.999992371 12.490717888
0.999995828 -0.002554423 0.001348107 0.219778538 0.002549237 0.999989331 0.003834756 -0.436508328 -0.001357889 -0.003831304 0.999991715 12.876142502
0.999997020 -0.000989952 0.002230552 0.211217925 0.000980870 0.999991179 0.004069334 -0.459069312 -0.002234562 -0.004067135 0.999989152 13.227569580
0.999996424 -0.001153868 0.002392661 0.220148355 0.001143503 0.999989867 0.004329001 -0.467932343 -0.002397632 -0.004326249 0.999987721 13.647020340
0.999995887 -0.001113083 0.002624964 0.233540803 0.001102056 0.999990582 0.004198408 -0.490439653 -0.002629612 -0.004195498 0.999987662 14.065738678
0.999994993 -0.001660115 0.002675363 0.236401051 0.001649123 0.999990284 0.004105520 -0.487906545 -0.002682152 -0.004101089 0.999987960 14.469141960
0.999994755 -0.001547405 0.002833964 0.250477791 0.001535337 0.999989808 0.004255622 -0.496421039 -0.002840521 -0.004251249 0.999986887 14.875736237
0.999993324 -0.000170750 0.003653041 0.269297510 0.000153151 0.999988437 0.004817464 -0.510128260 -0.003653821 -0.004816873 0.999981701 15.349760056
0.999993026 -0.002405435 0.002853044 0.257769644 0.002390672 0.999983788 0.005166694 -0.572295606 -0.002865426 -0.005159837 0.999982595 15.695446968
0.999992192 -0.002683228 0.002892801 0.274793267 0.002669586 0.999985397 0.004709259 -0.576654196 -0.002905394 -0.004701500 0.999984801 16.168954849
0.999991536 -0.002685791 0.003121343 0.292600065 0.002670103 0.999983847 0.005019412 -0.588078082 -0.003134773 -0.005011034 0.999982595 16.645694733
0.999990642 -0.002233209 0.003705215 0.294632971 0.002213858 0.999983907 0.005218528 -0.601642132 -0.003716810 -0.005210275 0.999979615 17.045316696
0.999990225 -0.002907001 0.003330361 0.319787443 0.002888835 0.999980927 0.005446834 -0.604821622 -0.003346131 -0.005437159 0.999979675 17.540483475
0.999987543 -0.002709439 0.004210465 0.330086827 0.002683474 0.999977410 0.006160298 -0.635427356 -0.004227061 -0.006148921 0.999972165 18.005304337
0.999987066 -0.003274867 0.003869273 0.324109375 0.003251110 0.999976039 0.006130218 -0.659071624 -0.003889256 -0.006117560 0.999973714 18.361822128
0.999984205 -0.004011474 0.003909825 0.337687850 0.003988152 0.999974310 0.005954586 -0.672878861 -0.003933610 -0.005938900 0.999974608 18.827377319
0.999989212 -0.002291583 0.004018274 0.354852647 0.002267293 0.999979198 0.006039078 -0.688906372 -0.004032030 -0.006029903 0.999973655 19.322492599
0.999982059 -0.004778846 0.003606882 0.357058346 0.004756890 0.999970317 0.006071669 -0.706612229 -0.003635791 -0.006054402 0.999975026 19.838489532
0.999986827 -0.003075826 0.004099369 0.382608771 0.003052037 0.999978542 0.005796487 -0.713751853 -0.004117111 -0.005783900 0.999974728 20.345415115
0.999990046 -0.003006931 0.003269458 0.367104828 0.002984723 0.999972582 0.006776568 -0.740011692 -0.003289745 -0.006766743 0.999971688 20.685695648
0.999990225 -0.003180064 0.003038565 0.375892371 0.003160660 0.999974728 0.006369562 -0.746570051 -0.003058744 -0.006359897 0.999975145 21.203317642
0.999989569 -0.004050285 0.002059397 0.389947355 0.004036141 0.999968588 0.006826397 -0.767270207 -0.002086981 -0.006818015 0.999974608 21.732637405
0.999991179 -0.003761322 0.001828781 0.379116535 0.003749151 0.999971092 0.006613299 -0.777905941 -0.001853603 -0.006606386 0.999976516 22.254880905
0.999987245 -0.004979741 0.000816790 0.385632843 0.004973856 0.999962747 0.007055741 -0.793026447 -0.000851896 -0.007051589 0.999974728 22.655553818
0.999981046 -0.006150279 0.000083641 0.389963806 0.006149603 0.999959886 0.006514562 -0.805228412 -0.000123704 -0.006513924 0.999978781 23.195457458
0.999986529 -0.005141481 -0.000635242 0.390748590 0.005145428 0.999966383 0.006376331 -0.813365877 0.000602436 -0.006379513 0.999979496 23.734745026
0.999988735 -0.004648331 -0.000914996 0.413087130 0.004655281 0.999959171 0.007746162 -0.835097909 0.000878952 -0.007750333 0.999969542 24.183830261
0.999986649 -0.004996590 -0.001312904 0.418681502 0.005005984 0.999961257 0.007252641 -0.838471949 0.001276614 -0.007259117 0.999972880 24.724538803
0.999988198 -0.004508139 -0.001817886 0.425895423 0.004519795 0.999968946 0.006459728 -0.843691468 0.001788708 -0.006467867 0.999977529 25.274473190
0.999987304 -0.004623923 -0.001988369 0.411731601 0.004638030 0.999963701 0.007149534 -0.854138851 0.001955238 -0.007158664 0.999972522 25.878576279
0.999983132 -0.005224716 -0.002507428 0.408867240 0.005245665 0.999950767 0.008422092 -0.892968357 0.002463301 -0.008435107 0.999961317 26.265150070
0.999976218 -0.006096455 -0.003223492 0.429745376 0.006122507 0.999948144 0.008134845 -0.909835339 0.003173731 -0.008154389 0.999961674 26.812789917
0.999976516 -0.005794150 -0.003671592 0.435275614 0.005822255 0.999953508 0.007690832 -0.914721847 0.003626859 -0.007712029 0.999963641 27.371593475
0.999976099 -0.005739743 -0.003844212 0.439866722 0.005771850 0.999948084 0.008393698 -0.927538335 0.003795835 -0.008415686 0.999957383 27.911762238
0.999971807 -0.005930109 -0.004611150 0.450706244 0.005972540 0.999939442 0.009243111 -0.957487941 0.004556058 -0.009270389 0.999946654 28.351322174
0.999975502 -0.005311453 -0.004552468 0.457692057 0.005353914 0.999941826 0.009366321 -0.963982701 0.004502455 -0.009390466 0.999945760 28.906522751
0.999968112 -0.006097855 -0.005179781 0.468876868 0.006143385 0.999942243 0.008820142 -0.973842978 0.005125699 -0.008851679 0.999947727 29.447225571
0.999975264 -0.005032510 -0.004908270 0.447877258 0.005077981 0.999943852 0.009295990 -1.007190824 0.004861212 -0.009320685 0.999944746 29.895435333
0.999971747 -0.005108146 -0.005519686 0.473196000 0.005160726 0.999941051 0.009554029 -1.022176981 0.005470558 -0.009582246 0.999939084 30.418512344
0.999968827 -0.005692723 -0.005474175 0.479029417 0.005745957 0.999935985 0.009758388 -1.040370584 0.005418272 -0.009789538 0.999937415 30.963369370
0.999967754 -0.005378145 -0.005948054 0.470473289 0.005433454 0.999941826 0.009321999 -1.026778698 0.005897573 -0.009354018 0.999938786 31.482854843
0.999970317 -0.005300628 -0.005578393 0.467279077 0.005351814 0.999943376 0.009201274 -1.039559960 0.005529305 -0.009230856 0.999942124 32.004203796
0.999974310 -0.004474109 -0.005599466 0.438845605 0.004529356 0.999940753 0.009893024 -1.089085937 0.005554872 -0.009918133 0.999935389 32.492183685
0.999978304 -0.004113690 -0.005137372 0.444476724 0.004165511 0.999940097 0.010117682 -1.103036404 0.005095443 -0.010138864 0.999935567 33.036422729
0.999968708 -0.005069677 -0.006071285 0.442650080 0.005130181 0.999936938 0.009991778 -1.103881955 0.006020248 -0.010022612 0.999931633 33.539978027
0.999975383 -0.004231210 -0.005596410 0.429501235 0.004285781 0.999943137 0.009775167 -1.099566579 0.005554731 -0.009798910 0.999936581 34.080867767
0.999975145 -0.004112767 -0.005724869 0.427587748 0.004169716 0.999941587 0.009971597 -1.148112178 0.005683524 -0.009995220 0.999933898 34.653625488
0.999966383 -0.004860385 -0.006600579 0.468531370 0.004932858 0.999927223 0.011008140 -1.178842545 0.006546595 -0.011040330 0.999917626 35.114234924
0.999966800 -0.004674087 -0.006664915 0.468231946 0.004747731 0.999927282 0.011076734 -1.191578627 0.006612657 -0.011108010 0.999916434 35.660774231
0.999963403 -0.005261485 -0.006745192 0.478551507 0.005332681 0.999929845 0.010580887 -1.190526724 0.006689047 -0.010616471 0.999921262 36.206783295
0.999949872 -0.006488787 -0.007621489 0.493755579 0.006575123 0.999913871 0.011358221 -1.213299155 0.007547131 -0.011407764 0.999906421 36.724178314
0.999952972 -0.006176147 -0.007476569 0.489165872 0.006260348 0.999916613 0.011291436 -1.222625852 0.007406208 -0.011337712 0.999908268 37.264053345
0.999964356 -0.004714832 -0.007008193 0.506576657 0.004787670 0.999934375 0.010413093 -1.216957808 0.006958636 -0.010446274 0.999921262 37.842170715
0.999961913 -0.005063565 -0.007097298 0.517948747 0.005141601 0.999926031 0.011020419 -1.219694018 0.007040971 -0.011056492 0.999914050 38.384399414
0.999961257 -0.005166231 -0.007125878 0.486208856 0.005245482 0.999924064 0.011148119 -1.243396163 0.007067743 -0.011185068 0.999912441 38.758159637
0.999965072 -0.005084406 -0.006633388 0.484158874 0.005157033 0.999926448 0.010977992 -1.266921520 0.006577084 -0.011011819 0.999917746 39.323513031
0.999969661 -0.003712262 -0.006853721 0.493409455 0.003780569 0.999943137 0.009980604 -1.246344686 0.006816280 -0.010006213 0.999926686 39.855144501
0.999970198 -0.003939384 -0.006633753 0.501103044 0.004004406 0.999943793 0.009817047 -1.254446745 0.006594707 -0.009843318 0.999929786 40.419769287
0.999970615 -0.003934702 -0.006574153 0.526426911 0.003996616 0.999947548 0.009431431 -1.262548089 0.006536700 -0.009457428 0.999933898 40.991447449
0.999972224 -0.003662379 -0.006484245 0.525695324 0.003728203 0.999941409 0.010168586 -1.281942606 0.006446622 -0.010192479 0.999927282 41.553157806
0.999967039 -0.004070808 -0.007019984 0.545662999 0.004144882 0.999935567 0.010569841 -1.309995294 0.006976504 -0.010598589 0.999919474 42.076568604
0.999956906 -0.005388695 -0.007559296 0.505094349 0.005479254 0.999912858 0.012010656 -1.345739245 0.007493915 -0.012051560 0.999899268 42.399753571
0.999953806 -0.005746882 -0.007704222 0.518620789 0.005835583 0.999916375 0.011540593 -1.344471574 0.007637255 -0.011585020 0.999903619 42.961650848
0.999955535 -0.005187314 -0.007874200 0.527761519 0.005272717 0.999927044 0.010864084 -1.344275475 0.007817270 -0.010905120 0.999909937 43.504974365
0.999944448 -0.005950880 -0.008697203 0.560866714 0.006042634 0.999925971 0.010561896 -1.340319514 0.008633707 -0.010613862 0.999906361 44.064521790
0.999960065 -0.005227239 -0.007251623 0.508869767 0.005317954 0.999907136 0.012547253 -1.409645915 0.007185362 -0.012585315 0.999894977 44.489505768
0.999965906 -0.004437648 -0.006954549 0.505024791 0.004526156 0.999908328 0.012763214 -1.422439456 0.006897273 -0.012794259 0.999894381 45.041839600
0.999970913 -0.003832800 -0.006593124 0.493253410 0.003914616 0.999914885 0.012441535 -1.428540468 0.006544878 -0.012466980 0.999900877 45.606292725
0.999969900 -0.004332051 -0.006434646 0.510921121 0.004411828 0.999912918 0.012436075 -1.436432123 0.006380212 -0.012464091 0.999901950 46.131763458
0.999969184 -0.004249941 -0.006603575 0.544243634 0.004328603 0.999919295 0.011943700 -1.426174402 0.006552282 -0.011971913 0.999906838 46.674182892
0.999958754 -0.005382593 -0.007318033 0.528097153 0.005479801 0.999896169 0.013328908 -1.468020797 0.007245529 -0.013368460 0.999884307 47.047348022
0.999962747 -0.004940767 -0.007082124 0.533712149 0.005030936 0.999905765 0.012771144 -1.470537186 0.007018358 -0.012806298 0.999893308 47.606388092
0.999948919 -0.006058011 -0.008097001 0.549070358 0.006156416 0.999906898 0.012184051 -1.476788282 0.008022435 -0.012233278 0.999892890 48.164436340
0.999955237 -0.005313052 -0.007823640 0.551524043 0.005414531 0.999900758 0.013007416 -1.493460417 0.007753754 -0.013049196 0.999884784 48.606773376
0.999955475 -0.005238552 -0.007850174 0.562873960 0.005335712 0.999908805 0.012407481 -1.496486425 0.007784460 -0.012448815 0.999892175 49.160270691
0.999960482 -0.004899309 -0.007419253 0.547815502 0.005000424 0.999894023 0.013672107 -1.515260577 0.007351484 -0.013708665 0.999878943 49.612747192
0.999953210 -0.005191937 -0.008167351 0.574891806 0.005301418 0.999895632 0.013440572 -1.524169207 0.008096715 -0.013483239 0.999876320 50.138416290
0.999955714 -0.005208601 -0.007840214 0.587175488 0.005311562 0.999899089 0.013169168 -1.512031794 0.007770831 -0.013210227 0.999882460 50.690189362
0.999956429 -0.005180174 -0.007763066 0.572391987 0.005283524 0.999896884 0.013352229 -1.535164475 0.007693099 -0.013392664 0.999880672 51.129333496
0.999964595 -0.004153784 -0.007312973 0.578530431 0.004252531 0.999899328 0.013539696 -1.541064382 0.007255997 -0.013570318 0.999881625 51.662559509
0.999965787 -0.004277546 -0.007084117 0.551082611 0.004368442 0.999907672 0.012865498 -1.548879623 0.007028430 -0.012896004 0.999892116 52.226478577
0.999965847 -0.004160568 -0.007139558 0.542999625 0.004250415 0.999911427 0.012615700 -1.546386003 0.007086437 -0.012645618 0.999894917 52.771408081
0.999962926 -0.004515840 -0.007332119 0.571238399 0.004615935 0.999895692 0.013692670 -1.573440790 0.007269520 -0.013726006 0.999879360 53.149032593
0.999966562 -0.004246349 -0.006981114 0.569829762 0.004341528 0.999897063 0.013675725 -1.574901342 0.006922324 -0.013705578 0.999882102 53.700965881
0.999961376 -0.004582075 -0.007496948 0.584474325 0.004682685 0.999898493 0.013458207 -1.586389780 0.007434520 -0.013492796 0.999881327 54.234321594
0.999960780 -0.004676945 -0.007528553 0.579776883 0.004777321 0.999899209 0.013370320 -1.583176255 0.007465262 -0.013405762 0.999882281 54.761241913
0.999966264 -0.004063468 -0.007129000 0.577311516 0.004158091 0.999902785 0.013308808 -1.598786116 0.007074226 -0.013338003 0.999886036 55.299003601
0.999957800 -0.005588373 -0.007287621 0.574348807 0.005689334 0.999887109 0.013907352 -1.624022961 0.007209081 -0.013948227 0.999876678 55.655487061
0.999956250 -0.005370817 -0.007665403 0.583646178 0.005474438 0.999893069 0.013561829 -1.624782562 0.007591746 -0.013603198 0.999878645 56.192909241
0.999957085 -0.005382062 -0.007541549 0.593867183 0.005480010 0.999900103 0.013027683 -1.630520225 0.007470679 -0.013068450 0.999886751 56.733627319
0.999944568 -0.006815006 -0.008022795 0.599992156 0.006928168 0.999875665 0.014162702 -1.652746320 0.007925279 -0.014217502 0.999867618 57.272399902
0.999952674 -0.005793429 -0.007808159 0.582392097 0.005904383 0.999880791 0.014262577 -1.659268618 0.007724599 -0.014308007 0.999867737 57.701911926
0.999950051 -0.006131816 -0.007887255 0.594487607 0.006240167 0.999885499 0.013787186 -1.672533035 0.007801812 -0.013835717 0.999873817 58.249549866
0.999946594 -0.006289516 -0.008197268 0.614401460 0.006400796 0.999886751 0.013620479 -1.675045013 0.008110672 -0.013672222 0.999873638 58.799507141
0.999944687 -0.006514424 -0.008255181 0.596470892 0.006628245 0.999882340 0.013836330 -1.681514025 0.008164073 -0.013890282 0.999870121 59.347755432
0.999947727 -0.006149560 -0.008169780 0.615971625 0.006263756 0.999881983 0.014026608 -1.685933352 0.008082557 -0.014077049 0.999868274 59.729572296
0.999942064 -0.006703236 -0.008426054 0.619610548 0.006818843 0.999881983 0.013767118 -1.696128845 0.008332776 -0.013823777 0.999869764 60.249202728
0.999950886 -0.006023563 -0.007866588 0.622299016 0.006132904 0.999883831 0.013950128 -1.707657576 0.007781645 -0.013997690 0.999871790 60.801437378
0.999949872 -0.005960298 -0.008038144 0.616372347 0.006073447 0.999881744 0.014126264 -1.721302509 0.007952998 -0.014174377 0.999867916 61.331153870
0.999939263 -0.006713293 -0.008743321 0.648158669 0.006835152 0.999878883 0.013982870 -1.707471132 0.008648390 -0.014041784 0.999864042 61.843296051
0.999943733 -0.006895061 -0.008062046 0.608353436 0.007009974 0.999872983 0.014313426 -1.748808026 0.007962329 -0.014369137 0.999864995 62.272087097
0.999942541 -0.006970717 -0.008145074 0.625113368 0.007086945 0.999872208 0.014329175 -1.762525558 0.008044149 -0.014386076 0.999864161 62.808563232
0.999941468 -0.007302473 -0.007984238 0.631419122 0.007417051 0.999868512 0.014416330 -1.771706581 0.007877914 -0.014474707 0.999864161 63.350486755
0.999941528 -0.007284883 -0.007993991 0.636412144 0.007394799 0.999877334 0.013807464 -1.765719533 0.007892424 -0.013865770 0.999872744 63.847351074
0.999941051 -0.007349414 -0.007992966 0.624883056 0.007466540 0.999863744 0.014723897 -1.788511038 0.007883665 -0.014782707 0.999859571 64.281784058
0.999944866 -0.007125221 -0.007720097 0.625927389 0.007237112 0.999867797 0.014563676 -1.792706132 0.007615307 -0.014618742 0.999864101 64.829238892
0.999944091 -0.007418569 -0.007522533 0.648695529 0.007522439 0.999875426 0.013874753 -1.789113045 0.007418665 -0.013930565 0.999875367 65.350303650
0.999936163 -0.007813341 -0.008155500 0.669236898 0.007924138 0.999875546 0.013642784 -1.785875797 0.008047887 -0.013706539 0.999873638 65.908653259
0.999942720 -0.007095560 -0.008028805 0.646205723 0.007209881 0.999871731 0.014300719 -1.805902243 0.007926303 -0.014357785 0.999865532 66.275703430
0.999937177 -0.007251533 -0.008551902 0.656483710 0.007369278 0.999877393 0.013818144 -1.810133934 0.008450650 -0.013880298 0.999867976 66.839073181
0.999943018 -0.006768087 -0.008263548 0.664569080 0.006880952 0.999882340 0.013706903 -1.818765879 0.008169806 -0.013762981 0.999871969 67.398078918
0.999946833 -0.006464532 -0.008038821 0.709394157 0.006574261 0.999884546 0.013699376 -1.827489376 0.007949333 -0.013751497 0.999873877 67.874221802
0.999955773 -0.005817644 -0.007394760 0.670059741 0.005925255 0.999875605 0.014614605 -1.874231577 0.007308819 -0.014657776 0.999865890 68.400428772
0.999933004 -0.007908147 -0.008453541 0.686893165 0.008034320 0.999855280 0.014997195 -1.846842647 0.008333717 -0.015064108 0.999851763 68.763504028
0.999940932 -0.007024969 -0.008298926 0.695820034 0.007146016 0.999867141 0.014647418 -1.852317095 0.008194925 -0.014705855 0.999858260 69.310798645
0.999954283 -0.006149741 -0.007311022 0.678881168 0.006252944 0.999879956 0.014178308 -1.852488279 0.007222950 -0.014223377 0.999872744 69.886169434
0.999938607 -0.007663044 -0.008009158 0.706706047 0.007772631 0.999875367 0.013742326 -1.848872185 0.007902851 -0.013803734 0.999873519 70.403900146
0.999941468 -0.007318273 -0.007974186 0.718767762 0.007426614 0.999879360 0.013642611 -1.874094963 0.007873382 -0.013701033 0.999875128 70.917869568
0.999924064 -0.008972622 -0.008446897 0.726343989 0.009083261 0.999872327 0.013152272 -1.857719779 0.008327805 -0.013228001 0.999877751 71.481437683
0.999935210 -0.008083949 -0.008017736 0.667864919 0.008200716 0.999859214 0.014639247 -1.860329747 0.007898263 -0.014704050 0.999860644 71.836280823
0.999937654 -0.007651580 -0.008131974 0.679092228 0.007771415 0.999860108 0.014808155 -1.872012973 0.008017530 -0.014870429 0.999857247 72.377532959
0.999929786 -0.008475807 -0.008283485 0.698824346 0.008586720 0.999872684 0.013447139 -1.874624729 0.008168455 -0.013517325 0.999875247 72.975852966
0.999923825 -0.009264380 -0.008160295 0.706936240 0.009371887 0.999868393 0.013236030 -1.868787766 0.008036595 -0.013311497 0.999879181 73.487693787
0.999925137 -0.008764942 -0.008538521 0.684317470 0.008887259 0.999856889 0.014394321 -1.878005981 0.008411132 -0.014469127 0.999859929 73.878120422
0.999926686 -0.008604464 -0.008519080 0.695289135 0.008725197 0.999860585 0.014237999 -1.883843541 0.008395381 -0.014311285 0.999862373 74.430908203
0.999903977 -0.010307617 -0.009260798 0.720131338 0.010438584 0.999844551 0.014206861 -1.890959501 0.009112921 -0.014302166 0.999856174 74.962432861
0.999898076 -0.010720576 -0.009428523 0.715138018 0.010852861 0.999841690 0.014092912 -1.895337701 0.009275949 -0.014193801 0.999856114 75.381965637
0.999918878 -0.009413674 -0.008580218 0.707345843 0.009538147 0.999848068 0.014583264 -1.914679170 0.008441634 -0.014663920 0.999856770 75.769554138
0.999940872 -0.008800028 -0.006380138 0.633188963 0.008888660 0.999862492 0.013999335 -1.882719994 0.006256067 -0.014055219 0.999881566 76.535957336
0.999947846 -0.008756800 -0.005241963 0.639953434 0.008826002 0.999872208 0.013327590 -1.892448068 0.005124587 -0.013373160 0.999897420 77.083763123
0.999948621 -0.009148262 -0.004374475 0.655492604 0.009204280 0.999873579 0.012961255 -1.898518562 0.004255351 -0.013000853 0.999906421 77.655906677
0.999951839 -0.009181616 -0.003468179 0.659849882 0.009227718 0.999866009 0.013519453 -1.896947622 0.003343584 -0.013550805 0.999902487 78.166999817
0.999961615 -0.008759646 0.000132058 0.643938243 0.008756918 0.999862492 0.014081718 -1.926994920 -0.000255391 -0.014080022 0.999900818 78.603340149
0.999950707 -0.009318473 0.003436065 0.671344936 0.009268070 0.999853313 0.014404416 -1.922044396 -0.003569788 -0.014371864 0.999890268 79.154548645
0.999940217 -0.008855073 0.006423879 0.688866913 0.008765521 0.999865830 0.013837205 -1.925474048 -0.006545547 -0.013780070 0.999883592 79.695907593
0.999906778 -0.009043723 0.010234497 0.727832019 0.008902334 0.999865413 0.013777227 -1.923265934 -0.010357717 -0.013684832 0.999852657 80.212989807
0.999825299 -0.009512733 0.016089534 0.726677537 0.009300392 0.999869347 0.013221129 -1.918395519 -0.016213203 -0.013069183 0.999783099 80.846412659
0.999720871 -0.010549502 0.021138486 0.793933392 0.010265047 0.999855876 0.013520396 -1.923758864 -0.021278072 -0.013299638 0.999685049 81.278511047
0.999561071 -0.008565072 0.028358707 0.787644267 0.008182704 0.999874353 0.013571998 -1.950536370 -0.028471392 -0.013333989 0.999505699 81.816894531
0.999296784 -0.008108983 0.036609076 0.809774637 0.007576616 0.999863803 0.014657340 -1.968094468 -0.036722947 -0.014369656 0.999222159 82.387268066
0.998974204 -0.008984667 0.044384252 0.869367838 0.008308721 0.999847054 0.015390499 -1.982294559 -0.044515740 -0.015005933 0.998896003 82.910102844
0.998611629 -0.008298549 0.052019067 0.914497614 0.007578166 0.999872804 0.014030425 -1.977374315 -0.052128881 -0.013616737 0.998547554 83.459014893
0.998105884 -0.008594012 0.060916372 0.955338955 0.007764285 0.999873996 0.013844390 -1.989817142 -0.061027668 -0.013345197 0.998046875 84.066040039
0.997441769 -0.007708407 0.071067922 1.043620110 0.006700456 0.999873757 0.014410427 -2.007115841 -0.071170017 -0.013897374 0.997367382 84.628349304
0.996764064 -0.008099874 0.079973496 1.108685970 0.006947544 0.999868214 0.014676633 -2.013377190 -0.080081835 -0.014073522 0.996688962 85.165618896
0.996080220 -0.008633028 0.088031985 1.154042721 0.007349167 0.999862015 0.014897725 -1.987968922 -0.088148460 -0.014192367 0.996006370 85.533912659
0.995072305 -0.008228318 0.098810092 1.227653980 0.006831675 0.999872088 0.014464649 -1.986890554 -0.098916471 -0.013718334 0.995001197 86.090934753
0.993945420 -0.008422338 0.109551482 1.301959038 0.006845380 0.999867618 0.014762838 -1.995191574 -0.109661311 -0.013923532 0.993871510 86.645507812
0.992933035 -0.008661785 0.118359253 1.383062363 0.006975784 0.999868214 0.014651648 -2.016277313 -0.118470579 -0.013722455 0.992862701 87.186843872
0.991615534 -0.008257268 0.128958389 1.497942924 0.006363587 0.999865949 0.015089579 -2.008365870 -0.129065692 -0.014142423 0.991535187 87.786254883
0.989939749 -0.008712045 0.141220689 1.591917992 0.006667403 0.999866128 0.014945054 -2.029261112 -0.141332015 -0.013853131 0.989865303 88.298286438
0.988188565 -0.008435266 0.153010577 1.621417046 0.006211861 0.999868095 0.015003311 -1.986165881 -0.153116956 -0.013875619 0.988110662 88.848709106
0.986717284 -0.008596394 0.162219629 1.737753868 0.006244121 0.999867857 0.015004832 -1.990777016 -0.162327200 -0.013792605 0.986640573 89.400115967
0.984644234 -0.009130306 0.174334094 1.844833374 0.006670057 0.999869764 0.014692966 -1.997822404 -0.174445510 -0.013304527 0.984577000 89.932792664
0.982287943 -0.008193263 0.187198266 1.967583656 0.005437585 0.999869227 0.015229412 -2.017198563 -0.187298566 -0.013941759 0.982204139 90.462173462
0.980071008 -0.008136649 0.198480994 2.090755463 0.005373173 0.999881029 0.014457762 -2.022621870 -0.198574990 -0.013103159 0.979998171 91.032516479
0.977362156 -0.009243038 0.211371198 2.209501266 0.006029374 0.999856234 0.015843354 -2.016705513 -0.211487278 -0.014210258 0.977277458 91.569869995
0.974336028 -0.009756860 0.224886909 2.356966019 0.006369130 0.999855042 0.015784709 -2.019101381 -0.225008368 -0.013947272 0.974257052 92.093215942
0.971707940 -0.011456180 0.235907674 2.503393173 0.008174498 0.999855757 0.014884229 -2.021462917 -0.236044183 -0.012534696 0.971661508 92.614486694
0.968706965 -0.011135167 0.247957230 2.658111572 0.007629578 0.999856889 0.015094330 -2.019064426 -0.248089880 -0.012730176 0.968653440 93.130043030
0.965061247 -0.012242139 0.261738092 2.836700439 0.008461735 0.999843001 0.015565652 -2.022845030 -0.261887610 -0.012807052 0.965013385 93.719917297
0.961156011 -0.010181648 0.275817752 2.978542328 0.005953210 0.999851644 0.016163476 -2.048127413 -0.275941402 -0.013893621 0.961074054 94.245071411
0.958178580 -0.011779894 0.285928547 3.177526474 0.007282081 0.999832571 0.016788770 -2.064542294 -0.286078393 -0.014004483 0.958103895 94.743728638
0.953603745 -0.010564394 0.300879389 3.354866028 0.005873807 0.999846816 0.016489970 -2.062508583 -0.301007509 -0.013957589 0.953519642 95.308258057
0.949314237 -0.011760975 0.314108491 3.577531815 0.006792893 0.999833941 0.016906368 -2.055682659 -0.314255238 -0.013915748 0.949236512 95.843307495
0.945129395 -0.010814627 0.326517135 3.755790710 0.005623678 0.999842465 0.016837765 -2.069345951 -0.326647788 -0.014077642 0.945041180 96.404441833
0.941207886 -0.012545044 0.337594867 3.962032318 0.007162309 0.999826670 0.017185234 -2.086163998 -0.337751985 -0.013756918 0.941134632 96.876258850
0.935953498 -0.011368260 0.351940095 4.252317429 0.005829792 0.999841988 0.016792767 -2.048772097 -0.352075428 -0.013665511 0.935871780 97.437362671
0.931029260 -0.010732461 0.364786714 4.477577209 0.005164673 0.999854863 0.016235359 -2.052403927 -0.364908010 -0.013231588 0.930949569 97.967025757
0.926795840 -0.011987266 0.375374258 4.719655991 0.006233655 0.999843836 0.016538342 -2.061231613 -0.375513822 -0.012987712 0.926725686 98.474899292
0.920779884 -0.012471839 0.389883071 4.924116135 0.006252881 0.999832213 0.017215982 -2.067067623 -0.390032381 -0.013414237 0.920703411 98.937042236
0.915089309 -0.012436287 0.403059483 5.172878265 0.006066697 0.999835789 0.017076075 -2.078941822 -0.403205663 -0.013180894 0.915014446 99.427902222
0.910071731 -0.013028460 0.414245963 5.376880646 0.006530561 0.999832511 0.017098533 -2.044966221 -0.414399326 -0.012855634 0.910004377 99.974174500
0.904609442 -0.012940887 0.426045120 5.638362885 0.006221459 0.999833405 0.017159546 -2.052772284 -0.426196218 -0.012872065 0.904539168 100.463829041
0.897771835 -0.012525769 0.440282732 5.898258209 0.005645481 0.999840736 0.016933253 -2.050713539 -0.440424740 -0.012716590 0.897699535 100.994956970
0.892043769 -0.013756297 0.451739550 6.170558929 0.006795129 0.999831915 0.017028468 -2.056823492 -0.451897830 -0.012120511 0.891987383 101.478668213
0.886426330 -0.013675717 0.462667614 6.459087372 0.006300286 0.999827385 0.017482564 -2.082632542 -0.462826788 -0.012582070 0.886359394 101.938949585
0.879320443 -0.014074586 0.476022542 6.767848969 0.006641448 0.999828398 0.017293746 -2.075349808 -0.476184249 -0.012045263 0.879263043 102.467979431
