1.000000000 0.000000000 0.000000000 0.000000000 0.000000000 1.000000000 0.000000000 0.000000000 0.000000000 0.000000000 1.000000000 0.000000000
1.000000000 0.000068402 0.000018968 -0.000321928 -0.000068405 1.000000000 0.000128855 -0.000275621 -0.000018959 -0.000128856 1.000000000 -0.000049837
1.000000000 0.000041468 -0.000008476 -0.000494571 -0.000041468 1.000000000 -0.000026414 0.000525403 0.000008475 0.000026414 1.000000000 -0.000060635
1.000000000 0.000069359 0.000042923 -0.000598909 -0.000069360 1.000000000 0.000034619 -0.000408952 -0.000042920 -0.000034622 1.000000000 -0.000277494
0.999999940 0.000101061 0.000253356 -0.001697845 -0.000101067 1.000000000 0.000024173 0.000308478 -0.000253353 -0.000024198 0.999999940 0.000721201
1.000000000 -0.000122487 0.000067471 -0.000461196 0.000122483 1.000000000 0.000047297 0.000004704 -0.000067477 -0.000047289 1.000000000 0.000424577
1.000000000 0.000111914 0.000171315 -0.002006477 -0.000111927 1.000000000 0.000073333 -0.000371365 -0.000171307 -0.000073353 1.000000000 -0.000817077
1.000000000 0.000155726 0.000114003 -0.001421761 -0.000155722 1.000000000 -0.000032870 -0.000167997 -0.000114009 0.000032853 1.000000000 -0.001007205
1.000000000 0.000105332 0.000162607 -0.001750534 -0.000105336 1.000000000 0.000023978 -0.000899919 -0.000162604 -0.000023995 1.000000000 -0.001590264
1.000000000 0.000114569 0.000105863 -0.001822785 -0.000114582 1.000000000 0.000124318 -0.000878392 -0.000105848 -0.000124330 1.000000000 0.000275753
1.000000000 0.000028684 0.000131800 -0.001074767 -0.000028702 1.000000000 0.000137827 -0.001239934 -0.000131796 -0.000137831 1.000000000 -0.000858328
1.000000000 0.000170428 0.000155214 -0.001462343 -0.000170438 1.000000000 0.000068867 -0.001167731 -0.000155202 -0.000068894 1.000000000 -0.000258257
1.000000000 -0.000018020 0.000173079 -0.001336649 0.000018006 1.000000000 0.000079294 0.000405674 -0.000173081 -0.000079291 1.000000000 0.000330098
0.999999940 0.000182110 0.000206279 -0.002517008 -0.000182093 1.000000000 -0.000085511 0.000721532 -0.000206295 0.000085474 1.000000000 -0.000219917
1.000000000 0.000173454 0.000097389 -0.000649655 -0.000173453 1.000000000 -0.000007800 0.001302096 -0.000097390 0.000007783 1.000000000 0.001266968
0.999999940 0.000220999 0.000174529 -0.001491538 -0.000220998 1.000000000 -0.000004734 0.000764311 -0.000174530 0.000004696 1.000000000 0.001334696
0.999999881 0.000360244 0.000244911 -0.002287088 -0.000360234 0.999999940 -0.000040473 0.000807488 -0.000244926 0.000040385 0.999999940 0.000915993
0.999999940 0.000270646 0.000265378 -0.002050354 -0.000270663 0.999999940 0.000064934 0.001044811 -0.000265361 -0.000065006 0.999999940 0.002605419
0.999999940 0.000232521 0.000322527 -0.002771005 -0.000232518 1.000000000 -0.000008254 0.001153033 -0.000322529 0.000008179 0.999999940 0.001637575
0.999999940 0.000305292 0.000249957 -0.002672876 -0.000305297 0.999999940 0.000019907 0.001181282 -0.000249950 -0.000019983 0.999999940 0.002332741
0.999999881 0.000376331 0.000264405 -0.003223043 -0.000376311 0.999999940 -0.000076764 0.002034389 -0.000264434 0.000076665 0.999999940 0.002543761
0.999999940 0.000239457 0.000160804 -0.001829809 -0.000239449 1.000000000 -0.000046373 0.001433391 -0.000160815 0.000046335 1.000000000 0.002282026
0.999999940 0.000295699 0.000278621 -0.003063304 -0.000295720 0.999999940 0.000073529 0.001038340 -0.000278599 -0.000073611 0.999999940 0.001742143
0.999999821 0.000520268 0.000259344 -0.003196770 -0.000520276 0.999999881 0.000029949 0.001347182 -0.000259328 -0.000030084 0.999999940 0.003044887
0.999999940 0.000333754 0.000253484 -0.002216033 -0.000333759 0.999999940 0.000019404 0.001522280 -0.000253477 -0.000019488 0.999999940 0.001709506
0.999999940 0.000302108 0.000194197 -0.002564245 -0.000302098 0.999999940 -0.000053814 0.002559060 -0.000194213 0.000053755 1.000000000 0.003735236
0.999999881 0.000399329 0.000256609 -0.002961389 -0.000399361 0.999999940 0.000124959 0.000688716 -0.000256559 -0.000125062 0.999999940 0.002407294
0.999999940 0.000368981 0.000151414 -0.002300668 -0.000368970 0.999999940 -0.000077602 0.001871791 -0.000151442 0.000077546 1.000000000 0.001590106
0.999999940 0.000356742 0.000195121 -0.002489874 -0.000356726 0.999999940 -0.000083195 0.002793830 -0.000195150 0.000083125 1.000000000 0.002815027
0.999999940 0.000350605 0.000235610 -0.001977211 -0.000350596 0.999999940 -0.000039039 0.001660866 -0.000235624 0.000038957 1.000000000 0.002823853
0.999999881 0.000357560 0.000345805 -0.003044896 -0.000357562 0.999999940 0.000004052 0.001651091 -0.000345804 -0.000004176 0.999999940 0.002693449
0.999999940 0.000344162 0.000206011 -0.001969985 -0.000344151 0.999999940 -0.000053482 0.001836991 -0.000206029 0.000053411 1.000000000 0.002895092
0.999999821 0.000471653 0.000291368 -0.001980122 -0.000471666 0.999999881 0.000043853 0.000589449 -0.000291347 -0.000043990 0.999999940 0.001324303
0.999999762 0.000568850 0.000368641 -0.003666027 -0.000568834 0.999999821 -0.000043291 0.001321887 -0.000368666 0.000043082 0.999999940 0.002543965
0.999999821 0.000518123 0.000287602 -0.002296315 -0.000518081 0.999999881 -0.000144347 0.001897030 -0.000287676 0.000144198 0.999999940 0.002575462
0.999999881 0.000350770 0.000243011 -0.002339655 -0.000350758 0.999999940 -0.000049653 0.001809062 -0.000243028 0.000049567 0.999999940 0.002869015
0.999999881 0.000473071 0.000253816 -0.003194612 -0.000473045 0.999999881 -0.000102522 0.003149625 -0.000253865 0.000102402 0.999999940 0.002952665
0.999999821 0.000525351 0.000319041 -0.003099812 -0.000525342 0.999999881 -0.000027894 0.001279907 -0.000319056 0.000027726 0.999999940 0.002717274
0.999999881 0.000398479 0.000210726 -0.001235942 -0.000398476 0.999999940 -0.000011781 0.001702964 -0.000210730 0.000011697 1.000000000 0.000974316
0.999999940 0.000285207 0.000240165 -0.002221379 -0.000285180 0.999999940 -0.000114077 0.001242778 -0.000240198 0.000114008 0.999999940 0.001753418
0.999999881 0.000362823 0.000332471 -0.002179540 -0.000362646 0.999999821 -0.000531867 -0.002011466 -0.000332664 0.000531746 0.999999821 0.048541646
0.999999881 0.000358271 0.000331227 -0.002645057 -0.000357883 0.999999225 -0.001169408 -0.004371017 -0.000331646 0.001169290 0.999999285 0.136296228
0.999999940 0.000216681 0.000274987 0.002344583 -0.000216289 0.999998987 -0.001426223 -0.007454887 -0.000275296 0.001426164 0.999998927 0.251681447
0.999999702 0.000687547 0.000348153 0.003307840 -0.000687187 0.999999225 -0.001033845 -0.012788799 -0.000348863 0.001033606 0.999999404 0.383166969
0.999999523 0.000809165 0.000584445 0.001835959 -0.000808678 0.999999344 -0.000833601 -0.014080821 -0.000585119 0.000833128 0.999999464 0.532534659
0.999999762 0.000399927 0.000518046 0.006519319 -0.000399490 0.999999583 -0.000844067 -0.017295590 -0.000518383 0.000843859 0.999999523 0.689512610
0.999999642 0.000627696 0.000548478 0.010189679 -0.000627393 0.999999642 -0.000552463 -0.021817114 -0.000548824 0.000552119 0.999999702 0.846460819
0.999999523 0.000515227 0.000797985 0.005542519 -0.000514575 0.999999523 -0.000817079 -0.023690384 -0.000798405 0.000816668 0.999999344 1.020100951
0.999999642 0.000021946 0.000859362 0.010633745 -0.000021553 0.999999881 -0.000457601 -0.034791891 -0.000859371 0.000457583 0.999999523 1.202082157
0.999999225 0.000486193 0.001130961 0.010058604 -0.000486219 0.999999940 0.000022302 -0.041151516 -0.001130950 -0.000022851 0.999999344 1.389004111
0.999999762 -0.000247372 0.000638270 0.022681911 0.000247448 0.999999940 -0.000119270 -0.044400536 -0.000638241 0.000119428 0.999999762 1.579383373
0.999999642 -0.000446134 0.000749289 0.029554214 0.000446155 0.999999821 -0.000026888 -0.047283098 -0.000749276 0.000027223 0.999999702 1.780326843
0.999999404 -0.000519154 0.000910708 0.028469499 0.000518787 0.999999702 0.000403397 -0.057967953 -0.000910918 -0.000402925 0.999999464 1.972665310
0.999999762 -0.000652765 0.000537904 0.032875851 0.000652549 0.999999702 0.000402802 -0.063475117 -0.000538166 -0.000402451 0.999999762 2.193149805
0.999999523 -0.000384183 0.000831977 0.036718149 0.000383738 0.999999762 0.000534319 -0.067612842 -0.000832183 -0.000533999 0.999999464 2.416850328
0.999999821 -0.000056619 0.000607214 0.043318097 0.000056520 1.000000000 0.000162783 -0.070652023 -0.000607223 -0.000162748 0.999999821 2.645973444
0.999999464 0.000432790 0.000955693 0.045131184 -0.000432906 0.999999881 0.000122236 -0.082430482 -0.000955640 -0.000122650 0.999999523 2.870700598
0.999999225 -0.000547595 0.001105993 0.046022914 0.000547193 0.999999762 0.000363026 -0.087435052 -0.001106192 -0.000362420 0.999999344 3.101166964
0.999999166 0.000021061 0.001231379 0.050473046 -0.000021519 0.999999940 0.000372126 -0.094110087 -0.001231371 -0.000372152 0.999999225 3.342351198
0.999998868 -0.000162669 0.001485352 0.053169586 0.000162243 0.999999940 0.000286348 -0.101734333 -0.001485399 -0.000286106 0.999998868 3.591098309
0.999998927 0.000084028 0.001429131 0.060309034 -0.000084782 0.999999881 0.000527868 -0.108419515 -0.001429086 -0.000527988 0.999998868 3.849121571
0.999999225 0.000105691 0.001196147 0.061490219 -0.000106238 0.999999821 0.000457651 -0.110792577 -0.001196098 -0.000457778 0.999999166 4.092797279
0.999998868 0.000200133 0.001518928 0.067129485 -0.000200340 1.000000000 0.000135625 -0.111964732 -0.001518901 -0.000135929 0.999998808 4.356543541
0.999998569 0.000418475 0.001599691 0.071178675 -0.000419043 0.999999881 0.000354406 -0.122174248 -0.001599542 -0.000355076 0.999998629 4.613987923
0.999998748 0.000090629 0.001562864 0.080925532 -0.000091777 0.999999702 0.000734472 -0.132260129 -0.001562797 -0.000734615 0.999998510 4.879520893
0.999998868 0.000175430 0.001569561 0.079697348 -0.000176276 0.999999821 0.000539197 -0.137179822 -0.001569466 -0.000539473 0.999998629 5.127899170
0.999998510 0.000174876 0.001702665 0.085544989 -0.000175023 0.999999940 0.000086008 -0.141640961 -0.001702649 -0.000086306 0.999998569 5.390519142
0.999997854 0.000665484 0.001992032 0.089034684 -0.000666534 0.999999702 0.000526228 -0.152579576 -0.001991681 -0.000527554 0.999997854 5.665787220
0.999998629 -0.000768060 0.001484092 0.101311773 0.000767379 0.999999642 0.000459029 -0.162374765 -0.001484443 -0.000457889 0.999998808 5.939616680
0.999998510 -0.000527369 0.001655246 0.095777288 0.000525992 0.999999464 0.000832497 -0.170628786 -0.001655685 -0.000831625 0.999998212 6.202915668
0.999997735 -0.000198198 0.002122450 0.099333435 0.000195825 0.999999344 0.001118177 -0.179650247 -0.002122669 -0.001117759 0.999997079 6.490271568
0.999998331 -0.000293654 0.001787360 0.103768542 0.000291416 0.999999166 0.001252146 -0.190687820 -0.001787726 -0.001251623 0.999997556 6.773272038
0.999998569 0.000360155 0.001655674 0.111724570 -0.000361600 0.999999523 0.000872718 -0.191711277 -0.001655359 -0.000873316 0.999998212 7.083143234
0.999998689 -0.000449285 0.001591327 0.124601081 0.000448543 0.999999821 0.000466477 -0.191210821 -0.001591536 -0.000465762 0.999998629 7.386979580
0.999998510 -0.000289185 0.001652641 0.116929427 0.000287085 0.999999166 0.001270693 -0.220466584 -0.001653007 -0.001270217 0.999997795 7.672567844
0.999998689 -0.000513655 0.001493681 0.126633435 0.000511797 0.999999166 0.001244216 -0.222967938 -0.001494319 -0.001243451 0.999998152 7.997493267
0.999997854 0.000329487 0.001995511 0.126419067 -0.000332146 0.999999106 0.001332515 -0.237357736 -0.001995071 -0.001333175 0.999997079 8.296989441
0.999998510 -0.000670117 0.001536365 0.137965187 0.000668189 0.999998987 0.001254871 -0.242116302 -0.001537204 -0.001253843 0.999998033 8.624285698
0.999996960 0.000127192 0.002449893 0.132162049 -0.000131098 0.999998689 0.001594147 -0.246210873 -0.002449688 -0.001594464 0.999995768 8.975960732
0.999998391 0.000180018 0.001756078 0.141357481 -0.000183123 0.999998331 0.001768624 -0.270855427 -0.001755756 -0.001768943 0.999996901 9.291676521
0.999997616 0.000697770 0.002055779 0.143994316 -0.000700838 0.999998629 0.001492441 -0.278308332 -0.002054735 -0.001493878 0.999996781 9.636174202
0.999997854 0.000788661 0.001935203 0.150623843 -0.000791872 0.999998271 0.001659025 -0.286625892 -0.001933892 -0.001660553 0.999996722 9.981169701
0.999998152 0.000448457 0.001862115 0.158538789 -0.000451341 0.999998689 0.001549024 -0.297250301 -0.001861419 -0.001549861 0.999997020 10.333889961
0.999998569 0.000154683 0.001674560 0.170892805 -0.000157436 0.999998569 0.001643838 -0.305508018 -0.001674303 -0.001644099 0.999997199 10.659944534
0.999998331 -0.000291364 0.001779427 0.180532634 0.000288722 0.999998808 0.001484614 -0.309432864 -0.001779857 -0.001484098 0.999997318 11.029369354
0.999998510 0.000022617 0.001660261 0.186451584 -0.000026259 0.999997616 0.002193769 -0.327368885 -0.001660208 -0.002193810 0.999996185 11.400432587
0.999998212 0.000370137 0.001813661 0.191617280 -0.000373656 0.999998033 0.001940139 -0.331151158 -0.001812939 -0.001940813 0.999996483 11.788995743
0.999998271 -0.000090691 0.001841644 0.203099772 0.000087065 0.999998033 0.001969011 -0.350071698 -0.001841819 -0.001968848 0.999996364 12.146074295
0.999998093 -0.000344780 0.001921527 0.213178903 0.000340201 0.999997079 0.002382861 -0.363619447 -0.001922343 -0.002382203 0.999995291 12.532605171
0.999998629 -0.000344105 0.001629350 0.222662523 0.000340853 0.999997973 0.001995926 -0.368842483 -0.001630033 -0.001995368 0.999996662 12.932837486
0.999998033 -0.000911834 0.001735144 0.236379310 0.000907907 0.999996960 0.002262661 -0.384014577 -0.001737202 -0.002261081 0.999995947 13.324780464
0.999998331 0.000235917 0.001792767 0.238398805 -0.000240612 0.999996483 0.002619023 -0.398540348 -0.001792143 -0.002619449 0.999994934 13.758408546
0.999998033 0.000233739 0.001974477 0.238019526 -0.000238564 0.999996901 0.002443899 -0.402356178 -0.001973900 -0.002444365 0.999995053 14.136225700
0.999996483 0.000173213 0.002671616 0.244846582 -0.000178700 0.999997795 0.002053745 -0.415085912 -0.002671255 -0.002054214 0.999994338 14.555074692
0.999995828 0.000279174 0.002884907 0.253605038 -0.000285498 0.999997556 0.002191826 -0.426521569 -0.002884288 -0.002192640 0.999993384 15.000087738
0.999995708 -0.000716744 0.002814331 0.263226479 0.000708820 0.999995768 0.002815632 -0.444810271 -0.002816336 -0.002813625 0.999992073 15.381331444
0.999994636 -0.000257230 0.003278802 0.269234568 0.000247706 0.999995708 0.002904851 -0.452963680 -0.003279535 -0.002904023 0.999990404 15.832308769
0.999991119 0.000899545 0.004098631 0.276256740 -0.000911280 0.999995470 0.002862108 -0.459982336 -0.004096039 -0.002865818 0.999987543 16.276523590
0.999992430 -0.000071867 0.003895704 0.291743577 0.000061555 0.999996424 0.002646927 -0.478535205 -0.003895880 -0.002646667 0.999988914 16.714181900
0.999990404 0.000226151 0.004364704 0.303223968 -0.000238280 0.999996066 0.002778474 -0.492823064 -0.004364058 -0.002779487 0.999986649 17.175069809
0.999990106 0.000799624 0.004381148 0.311020672 -0.000813495 0.999994636 0.003165337 -0.507036388 -0.004378593 -0.003168870 0.999985337 17.633193970
0.999990880 -0.000264730 0.004285008 0.337629378 0.000251900 0.999995530 0.002994356 -0.522597551 -0.004285782 -0.002993248 0.999986351 18.077369690
0.999988377 -0.000114863 0.004802346 0.323669553 0.000100763 0.999995708 0.002936109 -0.532704294 -0.004802663 -0.002935592 0.999984145 18.508909225
0.999989271 -0.000244113 0.004620546 0.339984059 0.000230616 0.999995768 0.002921469 -0.540767550 -0.004621238 -0.002920372 0.999985039 18.999076843
0.999988854 0.000066067 0.004702482 0.352986246 -0.000080119 0.999995530 0.002988083 -0.556099236 -0.004702264 -0.002988427 0.999984503 19.466287613
0.999988377 0.000470685 0.004785361 0.357997596 -0.000488084 0.999993265 0.003635316 -0.569532573 -0.004783618 -0.003637610 0.999981940 19.956933975
0.999989688 -0.000012112 0.004532310 0.379129529 -0.000002760 0.999994636 0.003281250 -0.585009396 -0.004532325 -0.003281229 0.999984384 20.445196152
0.999991596 -0.000813372 0.004011220 0.385669678 0.000801523 0.999995291 0.002954656 -0.587215483 -0.004013604 -0.002951417 0.999987602 20.883134842
0.999994397 -0.001073303 0.003165920 0.398616940 0.001065049 0.999995947 0.002607798 -0.594065845 -0.003168706 -0.002604411 0.999991596 21.395788193
0.999994874 0.000034166 0.003193853 0.396708906 -0.000041892 0.999997079 0.002419048 -0.610027611 -0.003193761 -0.002419169 0.999992013 21.887506485
0.999995112 -0.000058362 0.003131852 0.403685212 0.000048211 0.999994695 0.003241280 -0.623671055 -0.003132024 -0.003241113 0.999989867 22.350063324
0.999997079 -0.000595622 0.002324680 0.418122709 0.000588212 0.999994755 0.003187055 -0.639356494 -0.002326567 -0.003185679 0.999992192 22.868791580
0.999997735 -0.000224974 0.002139931 0.413851351 0.000218037 0.999994755 0.003241312 -0.657906234 -0.002140649 -0.003240837 0.999992490 23.367242813
0.999998212 -0.001625906 0.000979615 0.434965044 0.001623031 0.999994457 0.002927628 -0.665427566 -0.000984370 -0.002926033 0.999995232 23.908617020
0.999999344 -0.000538391 0.001034972 0.430698425 0.000535124 0.999994874 0.003154872 -0.678255558 -0.001036665 -0.003154316 0.999994516 24.379880905
0.999999940 0.000033300 0.000327542 0.445419312 -0.000034436 0.999993980 0.003470698 -0.687000155 -0.000327425 -0.003470709 0.999993920 24.935827255
0.999999821 0.000288970 -0.000385518 0.451188922 -0.000287681 0.999994338 0.003340898 -0.705054045 0.000386481 -0.003340787 0.999994397 25.467906952
0.999999821 -0.000193622 -0.000527139 0.460704088 0.000195306 0.999994874 0.003196752 -0.719745278 0.000526517 -0.003196854 0.999994755 25.973054886
0.999999940 0.000176263 -0.000206564 0.466277093 -0.000175540 0.999993861 0.003494653 -0.726726830 0.000207178 -0.003494616 0.999993861 26.537858963
0.999998808 -0.000413248 -0.001471597 0.479051888 0.000417980 0.999994695 0.003217349 -0.743748665 0.001470260 -0.003217961 0.999993742 27.093824387
0.999998927 0.000303697 -0.001418544 0.481109381 -0.000299030 0.999994576 0.003288904 -0.754302621 0.001419535 -0.003288476 0.999993563 27.583244324
0.999998689 0.000798519 -0.001383437 0.488499284 -0.000793962 0.999994338 0.003290460 -0.759963810 0.001386056 -0.003289357 0.999993622 28.144332886
0.999998450 0.001284237 -0.001177349 0.492129475 -0.001279664 0.999991715 0.003876567 -0.778340101 0.001182318 -0.003875055 0.999991775 28.691965103
0.999997854 0.001322954 -0.001589551 0.505202413 -0.001317483 0.999993265 0.003438201 -0.792404473 0.001594089 -0.003436099 0.999992788 29.242540359
0.999996841 0.001016317 -0.002287640 0.494743198 -0.001008371 0.999993443 0.003472075 -0.804379344 0.002291154 -0.003469757 0.999991298 29.691381454
0.999995947 0.001035874 -0.002661542 0.506271958 -0.001027264 0.999994278 0.003234440 -0.815417349 0.002664878 -0.003231693 0.999991119 30.248466492
0.999996781 0.001759758 -0.001786785 0.508068740 -0.001753754 0.999992788 0.003356520 -0.834401965 0.001792679 -0.003353376 0.999992788 30.767238617
0.999993324 0.002282764 -0.002838566 0.532585621 -0.002273402 0.999991953 0.003297262 -0.842294514 0.002846070 -0.003290787 0.999990523 31.334993362
0.999993980 0.001469719 -0.003124321 0.527295589 -0.001459523 0.999993622 0.003263598 -0.854680002 0.003129097 -0.003259019 0.999989808 31.817289352
0.999990404 0.002107012 -0.003831138 0.532067955 -0.002092359 0.999990463 0.003824633 -0.871013522 0.003839160 -0.003816580 0.999985337 32.368736267
0.999991119 0.002205390 -0.003620364 0.538895786 -0.002192936 0.999991715 0.003439992 -0.888090491 0.003627921 -0.003432022 0.999987543 32.906463623
0.999991775 0.002494655 -0.003222691 0.543946922 -0.002482899 0.999990284 0.003646592 -0.898355126 0.003231757 -0.003638559 0.999988198 33.468418121
0.999992609 0.001556578 -0.003522609 0.520900130 -0.001543076 0.999991417 0.003832475 -0.924258530 0.003528544 -0.003827011 0.999986470 33.925247192
0.999993265 0.001420294 -0.003397440 0.533046901 -0.001408197 0.999992609 0.003560261 -0.936950386 0.003402472 -0.003555453 0.999987900 34.466896057
0.999989748 0.001996127 -0.004061874 0.543943942 -0.001982615 0.999992549 0.003328050 -0.944037199 0.004068486 -0.003319962 0.999986231 35.009582520
0.999988973 0.002609333 -0.003920940 0.552283525 -0.002597053 0.999991715 0.003133569 -0.952321529 0.003929084 -0.003123352 0.999987364 35.540931702
0.999990821 0.001414915 -0.004040621 0.549654484 -0.001400453 0.999992609 0.003579921 -0.973672271 0.004045656 -0.003574229 0.999985456 36.020896912
0.999989510 0.001364835 -0.004365879 0.557497978 -0.001351549 0.999994457 0.003044724 -0.982837915 0.004370010 -0.003038791 0.999985814 36.572067261
0.999988139 0.001524199 -0.004597140 0.570385396 -0.001513916 0.999996364 0.002239642 -0.989473403 0.004600536 -0.002232656 0.999986947 37.121826172
0.999985933 0.002205123 -0.004827942 0.584535062 -0.002194820 0.999995291 0.002138197 -0.996141434 0.004832634 -0.002127570 0.999986053 37.644657135
0.999987423 0.002241225 -0.004490434 0.572917819 -0.002226526 0.999992132 0.003275737 -1.024619102 0.004497741 -0.003265698 0.999984503 38.116291046
0.999988377 0.002047550 -0.004360422 0.580181241 -0.002032954 0.999992251 0.003348944 -1.037515402 0.004367246 -0.003340041 0.999984860 38.669754028
0.999986947 0.001539704 -0.004865611 0.595986724 -0.001525181 0.999994338 0.002986799 -1.047555685 0.004870182 -0.002979339 0.999983728 39.207374573
0.999986231 0.002205090 -0.004754712 0.591299355 -0.002191675 0.999993563 0.002824570 -1.044086814 0.004760910 -0.002814110 0.999984682 39.740417480
0.999986947 0.002900230 -0.004206179 0.581669807 -0.002888324 0.999991834 0.002834020 -1.061766386 0.004214364 -0.002821835 0.999987125 40.216323853
0.999984801 0.003172790 -0.004522614 0.593928277 -0.003160725 0.999991477 0.002672655 -1.069352865 0.004531055 -0.002658319 0.999986112 40.760364532
0.999987006 0.002970085 -0.004143919 0.596276462 -0.002956986 0.999990642 0.003164090 -1.090940595 0.004153278 -0.003151796 0.999986410 41.305534363
0.999985337 0.003033364 -0.004488755 0.608134389 -0.003020671 0.999991417 0.002831748 -1.097065568 0.004497306 -0.002818148 0.999985874 41.761085510
0.999984801 0.003202074 -0.004488821 0.609905481 -0.003187837 0.999989927 0.003175171 -1.109791517 0.004498944 -0.003160813 0.999984920 42.315830231
0.999980509 0.003888896 -0.004873219 0.628685951 -0.003878036 0.999989986 0.002235943 -1.116382360 0.004881865 -0.002217002 0.999985635 42.861114502
0.999986172 0.003111433 -0.004219576 0.625365853 -0.003100232 0.999991655 0.002658653 -1.133355141 0.004227812 -0.002645534 0.999987483 43.354503632
0.999983549 0.003677557 -0.004381905 0.633744121 -0.003667440 0.999990582 0.002314433 -1.141714931 0.004390375 -0.002298325 0.999987721 43.911300659
0.999986470 0.002744626 -0.004400195 0.648083329 -0.002734489 0.999993622 0.002308093 -1.157585859 0.004406501 -0.002296030 0.999987602 44.453327179
0.999984860 0.004088876 -0.003666121 0.636758447 -0.004080753 0.999989212 0.002220189 -1.169284821 0.003675160 -0.002205195 0.999990821 44.907428741
0.999985576 0.004256850 -0.003275076 0.640426934 -0.004249174 0.999988258 0.002347078 -1.186695218 0.003285028 -0.002333128 0.999991894 45.448478699
0.999980688 0.004030791 -0.004715040 0.666690230 -0.004020650 0.999989569 0.002158299 -1.203740239 0.004723691 -0.002139300 0.999986589 45.979648590
0.999980748 0.004476644 -0.004280260 0.652887404 -0.004468111 0.999987960 0.002001086 -1.198887467 0.004289167 -0.001981923 0.999988854 46.463802338
0.999980569 0.003867350 -0.004874809 0.662988186 -0.003858079 0.999990761 0.001909732 -1.213840842 0.004882150 -0.001890887 0.999986291 47.003192902
0.999981046 0.004722950 -0.003943878 0.667500615 -0.004718611 0.999988317 0.001108675 -1.220237255 0.003949068 -0.001090044 0.999991655 47.564834595
0.999983490 0.003464489 -0.004589019 0.676985800 -0.003457082 0.999992788 0.001621085 -1.239292622 0.004594602 -0.001605194 0.999988139 48.103225708
0.999981701 0.004594455 -0.003915241 0.669463158 -0.004584653 0.999986351 0.002508875 -1.259056926 0.003926715 -0.002490879 0.999989212 48.547332764
0.999978840 0.005221476 -0.003877450 0.670084238 -0.005213374 0.999984205 0.002096724 -1.267080307 0.003888338 -0.002076465 0.999990344 49.093345642
0.999983966 0.004070946 -0.003917108 0.679516792 -0.004062873 0.999989629 0.002066126 -1.285583019 0.003925479 -0.002050178 0.999990225 49.615638733
0.999980688 0.005168651 -0.003448422 0.682296634 -0.005162674 0.999985158 0.001739944 -1.292800188 0.003457365 -0.001722107 0.999992549 50.177230835
0.999981880 0.004656968 -0.003810393 0.689995766 -0.004647470 0.999986053 0.002497678 -1.312711477 0.003821972 -0.002479924 0.999989629 50.648162842
0.999982417 0.004799187 -0.003471367 0.699006200 -0.004792701 0.999986708 0.001873958 -1.321731925 0.003480315 -0.001857287 0.999992192 51.203483582
0.999982893 0.004006915 -0.004248125 0.716339588 -0.003999191 0.999990284 0.001825184 -1.336477399 0.004255399 -0.001808164 0.999989331 51.736385345
0.999978900 0.005509790 -0.003435014 0.696462154 -0.005501614 0.999981940 0.002385523 -1.350806236 0.003448096 -0.002366575 0.999991238 52.252780914
0.999973655 0.006593967 -0.003019715 0.696057439 -0.006589912 0.999977350 0.001351044 -1.355679274 0.003028556 -0.001331109 0.999994516 52.798809052
0.999978602 0.005533440 -0.003486567 0.719450235 -0.005527754 0.999983370 0.001638180 -1.371207833 0.003495573 -0.001618872 0.999992549 53.357261658
0.999980867 0.005206057 -0.003317757 0.716059804 -0.005199299 0.999984503 0.002041924 -1.394805312 0.003328335 -0.002024635 0.999992430 53.829452515
0.999982595 0.004688594 -0.003570170 0.729527533 -0.004681763 0.999987185 0.001919268 -1.405128956 0.003579122 -0.001902520 0.999991775 54.373184204
0.999984562 0.004679306 -0.002988519 0.736404955 -0.004672560 0.999986470 0.002260248 -1.425946116 0.002999055 -0.002246249 0.999992967 54.898456573
0.999980032 0.005754143 -0.002621644 0.725554526 -0.005749329 0.999981701 0.001839814 -1.430415869 0.002632183 -0.001824705 0.999994814 55.412979126
0.999976099 0.006502144 -0.002380699 0.733400702 -0.006498591 0.999977767 0.001496718 -1.443776608 0.002390378 -0.001481211 0.999996006 55.945903778
0.999982834 0.005249999 -0.002612522 0.754062235 -0.005246887 0.999985456 0.001195959 -1.457879186 0.002618763 -0.001182230 0.999995828 56.510776520
0.999978065 0.006253637 -0.002145012 0.742546678 -0.006250413 0.999979258 0.001505565 -1.461327672 0.002154383 -0.001492125 0.999996543 56.989555359
0.999979377 0.006103216 -0.001980844 0.749740660 -0.006100142 0.999980152 0.001554157 -1.473651886 0.001990290 -0.001542042 0.999996781 57.533077240
0.999974251 0.006924955 -0.001829723 0.758577645 -0.006923322 0.999975562 0.000897033 -1.489500642 0.001835890 -0.000884343 0.999997914 58.078086853
0.999975920 0.006595524 -0.002140741 0.776193559 -0.006592958 0.999977469 0.001202971 -1.507369280 0.002148626 -0.001188828 0.999996960 58.609706879
0.999975264 0.006626015 -0.002348335 0.763116241 -0.006623155 0.999977231 0.001223423 -1.505270839 0.002356388 -0.001207840 0.999996483 59.077754974
0.999973416 0.007045833 -0.001838559 0.771541178 -0.007044320 0.999974787 0.000828962 -1.516656637 0.001844354 -0.000815988 0.999997973 59.638332367
0.999981105 0.005919324 -0.001619738 0.784357905 -0.005918166 0.999982178 0.000718821 -1.530121922 0.001623965 -0.000709221 0.999998391 60.173423767
0.999975443 0.006873729 -0.001333443 0.768718064 -0.006871736 0.999975204 0.001493449 -1.561369538 0.001343675 -0.001484249 0.999997973 60.632030487
0.999977469 0.006441635 -0.001855965 0.783545613 -0.006439528 0.999978602 0.001138910 -1.572250843 0.001863262 -0.001126933 0.999997616 61.180412292
0.999981046 0.006039969 -0.001212508 0.792828977 -0.006038483 0.999980986 0.001225723 -1.584817886 0.001219889 -0.001218378 0.999998450 61.727569580
0.999971926 0.007413765 -0.001193759 0.796791792 -0.007412357 0.999971807 0.001180299 -1.598409534 0.001202476 -0.001171417 0.999998569 62.227367401
0.999967933 0.007932980 -0.001113463 0.808535755 -0.007932307 0.999968290 0.000606017 -1.607161999 0.001118236 -0.000597166 0.999999166 62.785655975
0.999968588 0.007922312 -0.000432556 0.810694873 -0.007922055 0.999968410 0.000594197 -1.622975230 0.000437250 -0.000590752 0.999999762 63.303108215
0.999969006 0.007865795 -0.000359554 0.810845077 -0.007865556 0.999968767 0.000660409 -1.636518836 0.000364738 -0.000657560 0.999999702 63.782703400
0.999970794 0.007633775 -0.000305690 0.824156821 -0.007633677 0.999970794 0.000319684 -1.649237990 0.000308122 -0.000317341 0.999999881 64.331275940
0.999972939 0.007318365 -0.000753767 0.835344136 -0.007318893 0.999972939 -0.000700957 -1.656349897 0.000748617 0.000706454 0.999999464 64.882095337
0.999969244 0.007836410 -0.000308217 0.847535312 -0.007836649 0.999969006 -0.000782009 -1.676462889 0.000302080 0.000784401 0.999999642 65.407844543
0.999970615 0.007668727 -0.000010181 0.836521804 -0.007668725 0.999970496 0.000447185 -1.690730691 0.000013610 -0.000447094 0.999999821 65.867851257
0.999966145 0.008224113 0.000269931 0.845716059 -0.008224190 0.999966145 0.000282319 -1.704645634 -0.000267600 -0.000284530 0.999999821 66.410987854
0.999961436 0.008762988 0.000608601 0.849275112 -0.008762872 0.999961555 -0.000194252 -1.721204877 -0.000610279 0.000188912 0.999999762 66.959640503
0.999960244 0.008894761 0.000623875 0.847140193 -0.008894881 0.999960363 0.000189681 -1.729868293 -0.000622163 -0.000195222 0.999999762 67.457603455
0.999950051 0.009929745 0.001177618 0.853692830 -0.009929546 0.999950707 -0.000175426 -1.742266774 -0.001179302 0.000163724 0.999999225 68.002647400
0.999955535 0.009281304 0.001688718 0.867865980 -0.009281599 0.999956846 0.000167793 -1.760589361 -0.001687088 -0.000183459 0.999998510 68.560104370
0.999957979 0.009092739 0.001099647 0.870336115 -0.009092449 0.999958575 -0.000268448 -1.770220041 -0.001102042 0.000258438 0.999999344 69.061782837
0.999962807 0.008543463 0.001176496 0.881568611 -0.008542266 0.999962986 -0.001019466 -1.781422138 -0.001185162 0.001009378 0.999998808 69.611534119
0.999952435 0.009621626 0.001582998 0.886230707 -0.009621024 0.999953628 -0.000386440 -1.800167680 -0.001586642 0.000371191 0.999998629 70.116973877
0.999951243 0.009706695 0.001806365 0.899605930 -0.009706044 0.999952793 -0.000369329 -1.815261602 -0.001809865 0.000351778 0.999998331 70.670692444
0.999935210 0.011128465 0.002377665 0.908742845 -0.011127160 0.999937952 -0.000561348 -1.837900281 -0.002383764 0.000534855 0.999997020 71.180892944
0.999951482 0.009662839 0.001895205 0.913877368 -0.009662380 0.999953270 -0.000249977 -1.844628453 -0.001897532 0.000231652 0.999998152 71.708816528
0.999948621 0.009957223 0.001906617 0.928954065 -0.009956645 0.999950349 -0.000312691 -1.859571218 -0.001909636 0.000293691 0.999998093 72.271263123
0.999934256 0.011211921 0.002404325 0.939279020 -0.011210629 0.999936998 -0.000549703 -1.872003913 -0.002410337 0.000522713 0.999997020 72.810081482
0.999947727 0.010074222 0.001708787 0.949889421 -0.010073060 0.999948978 -0.000689157 -1.879560351 -0.001715643 0.000671908 0.999998271 73.298446655
0.999948740 0.009957533 0.001816613 0.964168429 -0.009957288 0.999950409 -0.000146133 -1.895603895 -0.001817978 0.000128037 0.999998331 73.848213196
0.999932647 0.011363761 0.002347929 0.970940113 -0.011362466 0.999935269 -0.000564303 -1.912604213 -0.002354190 0.000537587 0.999997139 74.378425598
0.999944508 0.010328795 0.002079054 0.987873912 -0.010326647 0.999946117 -0.001040747 -1.914987326 -0.002089691 0.001019219 0.999997318 74.858718872
0.999936700 0.011068929 0.002043834 0.996739089 -0.011066222 0.999937832 -0.001330914 -1.927243471 -0.002058439 0.001308212 0.999997079 75.410820007
0.999935806 0.010938418 0.002964862 0.999093354 -0.010935667 0.999939680 -0.000941632 -1.947532177 -0.002974983 0.000909149 0.999995172 75.935394287
0.999942720 0.010424886 0.002412603 1.004407048 -0.010422158 0.999945045 -0.001139693 -1.961499095 -0.002424352 0.001114483 0.999996364 76.403167725
0.999934077 0.011140944 0.002786668 1.015073895 -0.011135567 0.999936163 -0.001937752 -1.969333291 -0.002808078 0.001906593 0.999994218 76.955726624
0.999926686 0.011880113 0.002327557 1.030668736 -0.011876754 0.999928415 -0.001453518 -1.985242128 -0.002344658 0.001425767 0.999996185 77.520256042
0.999938548 0.010797092 0.002508277 1.027968645 -0.010793040 0.999940455 -0.001622752 -2.009131670 -0.002525649 0.001595580 0.999995470 78.026649475
0.999922276 0.011917023 0.003668028 1.034833550 -0.011911787 0.999927998 -0.001446024 -2.027153254 -0.003684995 0.001402219 0.999992192 78.579856873
0.999927580 0.011112857 0.004612715 1.049083948 -0.011105214 0.999937057 -0.001678988 -2.040466309 -0.004631083 0.001627641 0.999987960 79.108734131
0.999915659 0.011289880 0.006417861 1.054777980 -0.011278644 0.999934852 -0.001784050 -2.056382418 -0.006437584 0.001711514 0.999977827 79.669082642
0.999902725 0.011803239 0.007428043 1.060464382 -0.011792085 0.999929309 -0.001543172 -2.077987194 -0.007445732 0.001455430 0.999971211 80.207641602
0.999863446 0.012707338 0.010558384 1.088519692 -0.012692256 0.999918342 -0.001494118 -2.093418121 -0.010576507 0.001359904 0.999943137 80.732200623
0.999814808 0.012661356 0.014485512 1.106933475 -0.012646699 0.999919415 -0.001102972 -2.112033129 -0.014498310 0.000919574 0.999894440 81.271270752
0.999785841 0.011171859 0.017420409 1.134601593 -0.011148506 0.999936819 -0.001437131 -2.133523941 -0.017435361 0.001242612 0.999847174 81.795471191
0.999706089 0.011361698 0.021422969 1.149454236 -0.011325798 0.999934256 -0.001796393 -2.129983902 -0.021441976 0.001553232 0.999768853 82.342262268
0.999545753 0.011756063 0.027752731 1.175841212 -0.011708970 0.999929726 -0.001858710 -2.144769669 -0.027772631 0.001532910 0.999613047 82.889747620
0.999354839 0.011853522 0.033903774 1.208113074 -0.011776383 0.999927700 -0.002474053 -2.158761263 -0.033930644 0.002073192 0.999422014 83.429794312
0.999158204 0.011268989 0.039444555 1.248346806 -0.011189817 0.999935031 -0.002227360 -2.170325279 -0.039467081 0.001784108 0.999219239 83.963798523
0.998795748 0.011279986 0.047747932 1.291324377 -0.011176759 0.999934614 -0.002428383 -2.183153629 -0.047772203 0.001891791 0.998856425 84.512115479
0.998306334 0.011918514 0.056940638 1.337881565 -0.011774757 0.999926567 -0.002859534 -2.197427750 -0.056970540 0.002184229 0.998373508 85.075096130
0.997939289 0.010999903 0.063214891 1.385249615 -0.010846806 0.999937475 -0.002764559 -2.210560322 -0.063241325 0.002073182 0.997996092 85.617477417
0.997307360 0.011412060 0.072441407 1.442536831 -0.011242690 0.999933064 -0.002745375 -2.224425554 -0.072467878 0.001923546 0.997368813 86.167488098
0.996566951 0.010418585 0.082132623 1.514059544 -0.010133479 0.999941111 -0.003887411 -2.233064890 -0.082168296 0.003041776 0.996613860 86.726593018
0.995730340 0.011256942 0.091620632 1.576014042 -0.010995814 0.999933898 -0.003354413 -2.249653339 -0.091652349 0.002332648 0.995788276 87.247444153
0.995068312 0.010156298 0.098670825 1.651033401 -0.009828972 0.999944448 -0.003802910 -2.264149189 -0.098703958 0.002814323 0.995112896 87.790969849
0.993973553 0.009704942 0.109189555 1.729806423 -0.009294426 0.999947727 -0.004267968 -2.281187296 -0.109225266 0.003227393 0.994011819 88.330093384
0.992741287 0.011726338 0.119695783 1.787017822 -0.011399964 0.999929190 -0.003411090 -2.305263519 -0.119727306 0.002021803 0.992804766 88.827056885
0.991539478 0.010840209 0.129352212 1.877295494 -0.010458057 0.999938667 -0.003633259 -2.321496487 -0.129383668 0.002249746 0.991592109 89.382896423
0.989914715 0.011234430 0.141218454 1.970933914 -0.010904624 0.999935687 -0.003109099 -2.343637466 -0.141244322 0.001537808 0.989973605 89.913856506
0.988038123 0.011127623 0.153807625 2.073412895 -0.010582938 0.999934554 -0.004359646 -2.356280088 -0.153846055 0.002679761 0.988091230 90.467819214
0.986408770 0.010594502 0.163968712 2.169292450 -0.010137258 0.999942064 -0.003625139 -2.363951206 -0.163997635 0.001913675 0.986458898 90.947135925
0.984580517 0.010983576 0.174587190 2.282492638 -0.010524128 0.999938309 -0.003557237 -2.379052401 -0.174615487 0.001665008 0.984635353 91.493072510
0.982223034 0.010282408 0.187436074 2.403338432 -0.009653118 0.999944329 -0.004269836 -2.395861387 -0.187469557 0.002384589 0.982267559 92.008590698
0.979940236 0.009456819 0.199067757 2.533378601 -0.008756727 0.999952018 -0.004396957 -2.407499075 -0.199099824 0.002565572 0.979975879 92.529289246
0.977828085 0.008987860 0.209216312 2.666090012 -0.008271293 0.999956667 -0.004299700 -2.428048134 -0.209245861 0.002473879 0.977860034 93.062942505
0.974802971 0.009099943 0.222882137 2.803836823 -0.008287732 0.999955237 -0.004579231 -2.444773674 -0.222913861 0.002616660 0.974834740 93.590835571
0.971579194 0.008023878 0.236578703 2.948894501 -0.007012552 0.999962270 -0.005115950 -2.457262754 -0.236610845 0.003311530 0.971598864 94.144683838
0.969030857 0.007832403 0.246815339 3.097188950 -0.006814596 0.999964297 -0.004977687 -2.467538357 -0.246845543 0.003141585 0.969049752 94.593330383
0.966177464 0.007830307 0.257759094 3.265617371 -0.006993652 0.999966860 -0.004162563 -2.491985559 -0.257783175 0.002219098 0.966200233 95.135650635
0.962485671 0.007511427 0.271228343 3.432765961 -0.006458700 0.999967754 -0.004773747 -2.500557184 -0.271255463 0.002842880 0.962503254 95.642616272
0.958869696 0.007221834 0.283754647 3.581029892 -0.005889267 0.999967217 -0.005549024 -2.510744572 -0.283785492 0.003649685 0.958880842 96.133255005
0.955395937 0.006898311 0.295247287 3.765552521 -0.005568991 0.999970138 -0.005343026 -2.529351711 -0.295275331 0.003460475 0.955405951 96.657135010
0.951111913 0.006694816 0.308773935 3.951074600 -0.005388522 0.999972582 -0.005083151 -2.551338434 -0.308799446 0.003170810 0.951121926 97.131721497
0.946382999 0.006487357 0.322981447 4.138423920 -0.004999890 0.999972701 -0.005434887 -2.557729721 -0.323007882 0.003528612 0.946389675 97.651481628
0.942432165 0.006028005 0.334342837 4.342725754 -0.004356132 0.999973953 -0.005750052 -2.572591305 -0.334368855 0.003962592 0.942433953 98.163681030
0.937649310 0.005911598 0.347532570 4.551322937 -0.004216272 0.999975324 -0.005634197 -2.598021269 -0.347557306 0.003817609 0.937650979 98.652328491
0.932111859 0.005569831 0.362127662 4.744602203 -0.003887458 0.999977946 -0.005374246 -2.611220360 -0.362149566 0.003601643 0.932113051 99.127578735
0.927286625 0.004779150 0.374321699 4.974460602 -0.002866174 0.999979794 -0.005667023 -2.626673698 -0.374341190 0.004182084 0.927281618 99.633850098
0.922393799 0.005272799 0.386214614 5.203691483 -0.003335139 0.999978244 -0.005686923 -2.644824505 -0.386236191 0.003957503 0.922391474 100.145355225
0.916409671 0.004101734 0.400220454 5.431930542 -0.001813794 0.999979734 -0.006095323 -2.651714802 -0.400237322 0.004859896 0.916398585 100.630043030
0.910359323 0.004680667 0.413792044 5.679775238 -0.002661497 0.999981582 -0.005456035 -2.667140007 -0.413809925 0.003865645 0.910355091 101.142860413
0.905648470 0.003854024 0.424011618 5.935371399 -0.001406775 0.999980509 -0.006084515 -2.682015419 -0.424026787 0.004913943 0.905636311 101.619262695
0.899715483 0.004353513 0.436455041 6.192340851 -0.001963277 0.999980569 -0.005927383 -2.703688860 -0.436472327 0.004476076 0.899706602 102.113769531
0.893309116 0.003938332 0.449425638 6.467906952 -0.001672765 0.999983847 -0.005437990 -2.738277435 -0.449439734 0.004106023 0.893301189 102.555038452
0.887074053 0.003266106 0.461615682 6.694656372 -0.000628355 0.999982595 -0.005867765 -2.734916687 -0.461626738 0.004915083 0.887060642 102.996742249
0.881254375 0.002795040 0.472634017 6.974136353 -0.000144695 0.999984026 -0.005643865 -2.751583099 -0.472642213 0.004905292 0.881240785 103.485702515
0.873491585 0.003358920 0.486827731 7.268013000 -0.000724985 0.999984086 -0.005598692 -2.772702217 -0.486838818 0.004537467 0.873480082 103.970207214
0.866326511 0.002457210 0.499471933 7.543788910 0.000661865 0.999981284 -0.006067518 -2.778685331 -0.499477506 0.005587035 0.866308808 104.401687622
