1.000000000 0.000000000 0.000000000 0.000000000 0.000000000 1.000000000 0.000000000 0.000000000 0.000000000 0.000000000 1.000000000 0.000000000
1.000000000 0.000171724 0.000154542 -0.000786792 -0.000171722 1.000000000 -0.000009741 -0.000483210 -0.000154544 0.000009714 1.000000000 0.000627745
1.000000000 0.000047742 -0.000029880 0.007609635 -0.000047741 1.000000000 0.000043729 -0.000160522 0.000029882 -0.000043728 1.000000000 -0.004248003
1.000000000 -0.000047363 0.000010796 0.001439041 0.000047363 1.000000000 -0.000009041 0.000179359 -0.000010795 0.000009041 1.000000000 0.000238469
1.000000000 0.000117720 0.000178592 -0.002441018 -0.000117706 1.000000000 -0.000078440 0.002188487 -0.000178601 0.000078419 1.000000000 0.001757565
1.000000000 0.000035324 0.000013090 -0.000359813 -0.000035324 1.000000000 0.000040114 0.001500741 -0.000013089 -0.000040115 1.000000000 -0.002221502
1.000000000 0.000072710 0.000125816 -0.004471229 -0.000072707 1.000000000 -0.000025488 0.002700171 -0.000125817 0.000025479 1.000000000 0.000626182
1.000000000 0.000157005 0.000059324 0.000139727 -0.000157005 1.000000000 -0.000009102 -0.000812475 -0.000059326 0.000009093 1.000000000 -0.004435302
1.000000000 0.000092535 0.000087030 0.001169020 -0.000092531 1.000000000 -0.000037786 -0.000223800 -0.000087033 0.000037778 1.000000000 -0.002366953
1.000000000 0.000185770 0.000089633 0.000845902 -0.000185772 1.000000000 0.000021163 0.001676579 -0.000089629 -0.000021179 1.000000000 -0.009458916
1.000000000 -0.000047537 0.000055057 0.000252384 0.000047542 1.000000000 -0.000080033 -0.000682605 -0.000055053 0.000080035 1.000000000 0.001475229
1.000000000 0.000029268 0.000131976 -0.005679912 -0.000029250 1.000000000 -0.000137223 0.001700347 -0.000131980 0.000137219 1.000000000 0.002219714
0.999999940 0.000110738 0.000225040 -0.003859755 -0.000110728 1.000000000 -0.000042743 0.001558650 -0.000225045 0.000042718 1.000000000 0.002301038
1.000000000 -0.000218934 -0.000000390 -0.002125758 0.000218934 0.999999940 0.000128428 0.001065953 0.000000362 -0.000128428 1.000000000 -0.005790244
0.999999940 -0.000298741 -0.000001429 -0.001038284 0.000298741 0.999999940 0.000044443 -0.001177051 0.000001416 -0.000044443 1.000000000 -0.002751654
1.000000000 -0.000195696 0.000047441 -0.000461916 0.000195696 1.000000000 -0.000010790 -0.000903650 -0.000047439 0.000010800 1.000000000 -0.002837189
1.000000000 0.000162759 0.000109529 -0.000711028 -0.000162767 1.000000000 0.000073718 -0.001510454 -0.000109517 -0.000073736 1.000000000 -0.014897610
1.000000000 -0.000163533 0.000018479 -0.000167189 0.000163534 1.000000000 -0.000068237 0.000645306 -0.000018468 0.000068240 1.000000000 -0.003692798
1.000000000 -0.000025729 0.000029097 -0.000394762 0.000025730 1.000000000 -0.000045050 -0.000396095 -0.000029096 0.000045051 1.000000000 -0.010556209
1.000000000 -0.000086447 0.000023522 -0.000262217 0.000086448 1.000000000 -0.000033098 0.000100299 -0.000023519 0.000033100 1.000000000 -0.007312457
1.000000000 0.000055092 0.000195055 -0.003471400 -0.000055088 1.000000000 -0.000016441 -0.001375982 -0.000195056 0.000016430 1.000000000 -0.003586917
1.000000000 -0.000105990 0.000084989 0.000680262 0.000105991 1.000000000 -0.000015280 -0.000508378 -0.000084987 0.000015289 1.000000000 -0.006999011
1.000000000 -0.000158710 0.000075262 -0.000945076 0.000158702 1.000000000 0.000109100 -0.001332731 -0.000075279 -0.000109088 1.000000000 -0.008718042
1.000000000 0.000037487 -0.000048685 0.006068709 -0.000037484 1.000000000 0.000064368 -0.001593237 0.000048688 -0.000064367 1.000000000 -0.013504603
1.000000000 -0.000083075 0.000060173 0.000647558 0.000083073 1.000000000 0.000042605 -0.001388816 -0.000060176 -0.000042600 1.000000000 -0.007589874
1.000000000 0.000141749 0.000173775 -0.004978793 -0.000141739 1.000000000 -0.000057603 0.000069319 -0.000173783 0.000057579 1.000000000 -0.007060284
1.000000000 0.000025872 0.000144805 -0.005908284 -0.000025887 1.000000000 0.000105105 -0.000175814 -0.000144803 -0.000105109 1.000000000 -0.006232484
1.000000000 -0.000235698 0.000015118 -0.005342032 0.000235698 1.000000000 0.000019544 0.002435446 -0.000015123 -0.000019541 1.000000000 -0.008302182
1.000000000 -0.000201144 -0.000038736 -0.000020610 0.000201146 1.000000000 0.000040865 -0.001639928 0.000038728 -0.000040872 1.000000000 -0.002408446
1.000000000 -0.000075879 0.000116017 -0.002963900 0.000075880 1.000000000 -0.000013632 0.001742663 -0.000116016 0.000013641 1.000000000 -0.001837983
1.000000000 -0.000159761 0.000105724 -0.003621786 0.000159751 1.000000000 0.000100316 -0.000329611 -0.000105740 -0.000100299 1.000000000 -0.005408254
1.000000000 -0.000196164 -0.000026008 0.000769608 0.000196164 1.000000000 0.000013040 -0.000362491 0.000026006 -0.000013045 1.000000000 -0.006846052
1.000000000 -0.000013381 0.000023964 -0.003360891 0.000013383 1.000000000 -0.000065615 0.000668518 -0.000023964 0.000065615 1.000000000 -0.004250379
1.000000000 0.000028011 0.000001030 -0.000987204 -0.000028011 1.000000000 -0.000162536 0.005712127 -0.000001034 0.000162536 1.000000000 0.001048523
1.000000000 -0.000172340 -0.000024886 -0.003031383 0.000172337 1.000000000 -0.000143230 0.001999810 0.000024910 0.000143226 1.000000000 -0.006718744
0.999999940 -0.000280630 -0.000132231 -0.000492583 0.000280621 0.999999940 -0.000066947 -0.000648852 0.000132250 0.000066910 1.000000000 -0.005560347
1.000000000 -0.000173567 0.000067025 -0.001841948 0.000173562 1.000000000 0.000073694 -0.001193158 -0.000067038 -0.000073683 1.000000000 -0.002960581
1.000000000 0.000046651 0.000065823 -0.002917097 -0.000046659 1.000000000 0.000125645 -0.001853225 -0.000065817 -0.000125649 1.000000000 -0.008188584
0.999999940 -0.000279761 -0.000100353 0.000216405 0.000279768 0.999999940 0.000065942 -0.002887061 0.000100335 -0.000065970 1.000000000 -0.001531780
1.000000000 0.000065759 0.000067391 -0.000003107 -0.000065711 0.999999762 -0.000718788 -0.003708508 -0.000067438 0.000718784 0.999999762 0.049116123
1.000000000 0.000059681 -0.000078969 0.005217948 -0.000059788 0.999999106 -0.001349500 -0.002693284 0.000078889 0.001349505 0.999999106 0.143942043
1.000000000 -0.000035514 -0.000202705 0.008351975 0.000035231 0.999999046 -0.001394556 -0.011282948 0.000202754 0.001394549 0.999998987 0.260335773
1.000000000 -0.000052133 0.000028809 0.003645174 0.000052169 0.999999225 -0.001228507 -0.017495960 -0.000028745 0.001228508 0.999999225 0.384524792
1.000000000 0.000001009 -0.000199644 0.007525781 -0.000001264 0.999999166 -0.001272536 -0.017686704 0.000199642 0.001272536 0.999999166 0.530289114
0.999999940 0.000383976 0.000163113 0.007423752 -0.000383743 0.999998927 -0.001424543 -0.024004025 -0.000163659 0.001424480 0.999998987 0.681095779
1.000000000 -0.000179704 0.000071896 0.025567036 0.000179766 0.999999583 -0.000865441 -0.026987391 -0.000071740 0.000865454 0.999999642 0.864407241
0.999999940 0.000230766 0.000132404 0.017603708 -0.000230669 0.999999702 -0.000730592 -0.030535726 -0.000132573 0.000730562 0.999999702 1.036687970
1.000000000 -0.000063304 0.000232175 0.022242887 0.000063487 0.999999702 -0.000789901 -0.039627410 -0.000232125 0.000789916 0.999999642 1.227336526
0.999999940 -0.000201573 -0.000322542 0.049660567 0.000201371 0.999999762 -0.000627118 -0.045349814 0.000322668 0.000627053 0.999999762 1.444417000
0.999999881 -0.000046521 -0.000488707 0.043040700 0.000046212 0.999999821 -0.000632351 -0.047095526 0.000488737 0.000632328 0.999999702 1.647236586
0.999999702 -0.000771962 0.000117074 0.044309825 0.000771986 0.999999702 -0.000202305 -0.065935478 -0.000116918 0.000202395 1.000000000 1.840206742
0.999997318 -0.001199391 0.001944949 -0.007006904 0.001196477 0.999998152 0.001499080 -0.088082813 -0.001946743 -0.001496749 0.999996901 1.877812505
0.999997139 -0.001057960 0.002163779 -0.002537116 0.001054893 0.999998450 0.001417771 -0.094976321 -0.002165276 -0.001415485 0.999996603 2.103838205
0.999996543 -0.000409518 0.002588593 -0.003444434 0.000405892 0.999998927 0.001400962 -0.097469829 -0.002589164 -0.001399906 0.999995589 2.314265966
0.999996901 -0.001141253 0.002185997 0.003175685 0.001137263 0.999997675 0.001825528 -0.113641188 -0.002188075 -0.001823037 0.999995887 2.533150434
0.999997139 -0.000839984 0.002270595 0.009987318 0.000835195 0.999997437 0.002109214 -0.118802071 -0.002272361 -0.002107312 0.999995172 2.763277292
0.999997199 -0.000981734 0.002145638 0.016822554 0.000977546 0.999997556 0.001952246 -0.124772131 -0.002147549 -0.001950143 0.999995828 2.993963003
0.999996424 -0.001449657 0.002256605 0.017429626 0.001445426 0.999997139 0.001875592 -0.128618449 -0.002259317 -0.001872323 0.999995708 3.241083622
0.999996662 -0.000611561 0.002496556 0.019596722 0.000607923 0.999998748 0.001457581 -0.136462048 -0.002497445 -0.001456059 0.999995768 3.482555628
0.999997139 -0.000379053 0.002376963 0.022068515 0.000375292 0.999998689 0.001582642 -0.143754229 -0.002377560 -0.001581745 0.999995947 3.729588985
0.999997199 -0.001073453 0.002098779 0.038963310 0.001070288 0.999998271 0.001508207 -0.149773136 -0.002100395 -0.001505956 0.999996662 4.006049156
0.999997020 -0.000353512 0.002413324 0.036430527 0.000348953 0.999998152 0.001889212 -0.156097755 -0.002413987 -0.001888364 0.999995351 4.266668797
0.999997020 -0.000535116 0.002396307 0.040760484 0.000530368 0.999997914 0.001981555 -0.170031145 -0.002397363 -0.001980279 0.999995172 4.514208317
0.999995530 -0.001385316 0.002653931 0.030239129 0.001378039 0.999995291 0.002741640 -0.197111681 -0.002657717 -0.002737970 0.999992728 4.735992432
0.999994755 -0.001674326 0.002776514 0.036059111 0.001667101 0.999995232 0.002602390 -0.204172924 -0.002780858 -0.002597747 0.999992788 4.986707211
0.999995112 -0.001537866 0.002722789 0.043428916 0.001530095 0.999994755 0.002853879 -0.213499948 -0.002727163 -0.002849699 0.999992251 5.264401436
0.999994338 -0.001433823 0.003041183 0.043738447 0.001425782 0.999995470 0.002644658 -0.216998562 -0.003044961 -0.002640306 0.999991894 5.517374992
0.999994278 -0.001532552 0.003037177 0.057057463 0.001523375 0.999994278 0.003021657 -0.233132809 -0.003041790 -0.003017013 0.999990880 5.799343109
0.999995828 -0.001961905 0.002118248 0.057096366 0.001955938 0.999994040 0.002815343 -0.243087515 -0.002123760 -0.002811188 0.999993742 6.093564987
0.999995470 -0.002279250 0.001995201 0.060860645 0.002273688 0.999993503 0.002785766 -0.247840092 -0.002001537 -0.002781216 0.999994159 6.376321316
0.999994695 -0.002623915 0.001957072 0.080858767 0.002618373 0.999992490 0.002828897 -0.261581391 -0.001964481 -0.002823757 0.999994040 6.664514542
0.999993682 -0.002535617 0.002481034 0.082825236 0.002528485 0.999992609 0.002873238 -0.261137038 -0.002488301 -0.002866946 0.999992728 6.976714134
0.999994278 -0.002347000 0.002421530 0.094978854 0.002339961 0.999993026 0.002905868 -0.276263446 -0.002428333 -0.002900186 0.999992847 7.269598961
0.999994338 -0.002334793 0.002433348 0.080985077 0.002327149 0.999992371 0.003139171 -0.297891825 -0.002440659 -0.003133490 0.999992132 7.582731724
0.999995291 -0.001994044 0.002308513 0.097103529 0.001985768 0.999991655 0.003581646 -0.313093603 -0.002315636 -0.003577045 0.999990940 7.905780315
0.999993443 -0.002710426 0.002403498 0.089189425 0.002702303 0.999990642 0.003376662 -0.314744979 -0.002412627 -0.003370145 0.999991417 8.214568138
0.999994040 -0.002301405 0.002583866 0.107672028 0.002292299 0.999991238 0.003521740 -0.329562217 -0.002591948 -0.003515796 0.999990463 8.545540810
0.999994040 -0.002451585 0.002440268 0.108330317 0.002443285 0.999991179 0.003398563 -0.326885879 -0.002448579 -0.003392580 0.999991238 8.883500099
0.999993920 -0.002232680 0.002684892 0.119361162 0.002223810 0.999992073 0.003302273 -0.333163500 -0.002692244 -0.003296283 0.999990940 9.205805779
0.999992371 -0.003488566 0.001760608 0.128889933 0.003482863 0.999988735 0.003231874 -0.348306835 -0.001771863 -0.003225718 0.999993205 9.592827797
0.999992549 -0.003479625 0.001655233 0.140621424 0.003474232 0.999988735 0.003249892 -0.360096455 -0.001666522 -0.003244117 0.999993324 9.934432030
0.999993682 -0.002981159 0.001927066 0.136364937 0.002974516 0.999989748 0.003440723 -0.371893972 -0.001937303 -0.003434968 0.999992192 10.308052063
0.999993622 -0.002966072 0.002006239 0.139269486 0.002958560 0.999988735 0.003737080 -0.382893175 -0.002017300 -0.003731121 0.999990940 10.674579620
0.999993145 -0.003333297 0.001640045 0.160097361 0.003327430 0.999988198 0.003567123 -0.380817443 -0.001651916 -0.003561641 0.999992192 11.087700844
0.999993324 -0.003126286 0.001866563 0.159672156 0.003118911 0.999987483 0.003940886 -0.401603281 -0.001878860 -0.003935039 0.999990404 11.447789192
0.999989152 -0.004285923 0.001830284 0.144876227 0.004278128 0.999981880 0.004241625 -0.451978296 -0.001848430 -0.004233749 0.999989271 11.821917534
0.999988317 -0.004604929 0.001491348 0.158823401 0.004598361 0.999979854 0.004378180 -0.461695313 -0.001511479 -0.004371271 0.999989331 12.207530022
0.999989271 -0.004203353 0.001952388 0.165357932 0.004194388 0.999980748 0.004573291 -0.476395100 -0.001971573 -0.004565053 0.999987721 12.592644691
0.999986768 -0.004885186 0.001604456 0.185938314 0.004877563 0.999976993 0.004721746 -0.483866215 -0.001627485 -0.004713858 0.999987602 12.999970436
0.999985456 -0.005192552 0.001463817 0.199877322 0.005185177 0.999974072 0.004997836 -0.494870186 -0.001489730 -0.004990173 0.999986470 13.375919342
0.999991417 -0.003462532 0.002250152 0.201982826 0.003451589 0.999982357 0.004848725 -0.501017869 -0.002266901 -0.004840917 0.999985754 13.784698486
0.999990106 -0.003903436 0.002155963 0.209616408 0.003891486 0.999977231 0.005519647 -0.535987318 -0.002177459 -0.005511203 0.999982476 14.203676224
0.999982655 -0.005662637 0.001619664 0.225690678 0.005653955 0.999969900 0.005315939 -0.562066138 -0.001649717 -0.005306689 0.999984562 14.700510025
0.999981344 -0.005877048 0.001691912 0.240386024 0.005867339 0.999966681 0.005687521 -0.571760774 -0.001725281 -0.005677487 0.999982417 15.117444992
0.999979436 -0.006212470 0.001590096 0.252820224 0.006203217 0.999964118 0.005759722 -0.583415687 -0.001625822 -0.005749740 0.999982059 15.537817955
0.999982476 -0.005395016 0.002458683 0.263034821 0.005380120 0.999967337 0.006025765 -0.601929128 -0.002491112 -0.006012431 0.999978840 15.988962173
0.999984920 -0.004803448 0.002662352 0.276059091 0.004787814 0.999971449 0.005848040 -0.600623131 -0.002690367 -0.005835204 0.999979317 16.503787994
0.999981999 -0.005434996 0.002549333 0.279851437 0.005420766 0.999969900 0.005555613 -0.606390178 -0.002579451 -0.005541692 0.999981284 16.909585953
0.999972045 -0.006873005 0.002936373 0.265448153 0.006853491 0.999954820 0.006604518 -0.669414103 -0.002981633 -0.006584210 0.999973893 17.307615280
0.999970078 -0.007350868 0.002394709 0.282914639 0.007335577 0.999953091 0.006332932 -0.676810145 -0.002441149 -0.006315176 0.999977112 17.768543243
0.999972880 -0.006389822 0.003668446 0.282075524 0.006364834 0.999956727 0.006783473 -0.688466787 -0.003711632 -0.006759940 0.999970257 18.248088837
0.999966562 -0.007515456 0.003210130 0.305069089 0.007492121 0.999945819 0.007220350 -0.700618923 -0.003264221 -0.007196058 0.999968767 18.706094742
0.999972463 -0.006640516 0.003305511 0.321906805 0.006614381 0.999947309 0.007855679 -0.724393785 -0.003357502 -0.007833599 0.999963641 19.161121368
0.999969721 -0.006978429 0.003440748 0.338599592 0.006952649 0.999948084 0.007448577 -0.726530790 -0.003492548 -0.007424429 0.999966323 19.661308289
0.999973178 -0.006218784 0.003861700 0.324725151 0.006189680 0.999952614 0.007503580 -0.750968933 -0.003908179 -0.007479477 0.999964416 20.159627914
0.999972403 -0.006546278 0.003507417 0.329080820 0.006519961 0.999950826 0.007463060 -0.761322498 -0.003556100 -0.007439986 0.999966025 20.665439606
0.999977767 -0.004915104 0.004515775 0.324456185 0.004883022 0.999962926 0.007088210 -0.767303228 -0.004550447 -0.007066001 0.999964714 21.185506821
0.999976575 -0.006113589 0.003077302 0.353282243 0.006091326 0.999955654 0.007192873 -0.792480230 -0.003121139 -0.007173960 0.999969423 21.692108154
0.999977350 -0.005999535 0.003036125 0.344231546 0.005975423 0.999951065 0.007889364 -0.809693456 -0.003083309 -0.007871045 0.999964297 22.190044403
0.999966145 -0.007834679 0.002507651 0.313304633 0.007813771 0.999935508 0.008241816 -0.847205281 -0.002572061 -0.008221943 0.999962866 22.669816971
0.999961197 -0.008679856 0.001498820 0.319185495 0.008667729 0.999931097 0.007916424 -0.855392873 -0.001567430 -0.007903125 0.999967515 23.185358047
0.999970615 -0.007479904 0.001663703 0.317996353 0.007467248 0.999944091 0.007487281 -0.862501502 -0.001719613 -0.007474637 0.999970615 23.730104446
0.999963939 -0.008461124 0.000759828 0.331318736 0.008455279 0.999936938 0.007392356 -0.877239943 -0.000822328 -0.007385664 0.999972403 24.237199783
0.999969959 -0.007757694 0.000118350 0.342251509 0.007756617 0.999943018 0.007341023 -0.879655600 -0.000175293 -0.007339884 0.999973059 24.772609711
0.999966741 -0.008122553 -0.000788760 0.371763289 0.008128609 0.999934912 0.008001418 -0.896472752 0.000723717 -0.008007562 0.999967754 25.315114975
0.999979913 -0.006306238 -0.000722055 0.374401718 0.006311846 0.999947727 0.008046474 -0.910006702 0.000671275 -0.008050869 0.999967456 25.867382050
0.999969959 -0.007701384 -0.000886971 0.328773558 0.007708671 0.999933898 0.008528112 -0.954752862 0.000821234 -0.008534691 0.999963164 26.269979477
0.999977767 -0.006574608 -0.001153611 0.337728769 0.006584442 0.999940217 0.008737989 -0.955381691 0.001096093 -0.008745391 0.999961138 26.818161011
0.999973476 -0.007078242 -0.001695210 0.355313152 0.007092920 0.999935925 0.008814812 -0.980072796 0.001632708 -0.008826601 0.999959648 27.358758926
0.999974966 -0.006727694 -0.002200776 0.392069548 0.006747160 0.999937057 0.008960219 -0.992035925 0.002140356 -0.008974845 0.999957442 27.893011093
0.999971449 -0.007097160 -0.002565471 0.377330780 0.007121695 0.999927700 0.009684060 -1.011974573 0.002496556 -0.009702052 0.999949753 28.344711304
0.999967694 -0.007517905 -0.002816539 0.381356359 0.007544571 0.999925673 0.009580235 -1.029214978 0.002744307 -0.009601175 0.999950111 28.894710541
0.999979317 -0.006063242 -0.002114927 0.379090190 0.006082313 0.999939799 0.009130460 -1.031342149 0.002059439 -0.009143136 0.999956012 29.472860336
0.999962747 -0.007867729 -0.003545048 0.380125284 0.007901788 0.999921739 0.009698061 -1.046872139 0.003468469 -0.009725710 0.999946713 29.898370743
0.999964237 -0.007728289 -0.003436065 0.391148359 0.007761804 0.999921322 0.009850051 -1.063356400 0.003359671 -0.009876367 0.999945641 30.441905975
0.999962687 -0.007772230 -0.003778883 0.419363976 0.007812976 0.999910176 0.010890102 -1.091009498 0.003693904 -0.010919220 0.999933600 30.974195480
0.999962747 -0.007598913 -0.004098515 0.414130926 0.007642384 0.999913573 0.010697166 -1.094609141 0.004016874 -0.010728089 0.999934435 31.524288177
0.999960303 -0.007675319 -0.004555077 0.411960661 0.007722273 0.999916315 0.010381748 -1.113650322 0.004475014 -0.010416511 0.999935687 31.955627441
0.999960005 -0.007569132 -0.004782172 0.415740311 0.007617902 0.999918282 0.010263414 -1.114234328 0.004704097 -0.010299433 0.999935865 32.500949860
0.999965608 -0.007164806 -0.004183418 0.406871736 0.007207658 0.999920785 0.010319564 -1.129608989 0.004109148 -0.010349361 0.999938011 33.054401398
0.999968410 -0.006703960 -0.004273191 0.399135381 0.006748477 0.999922276 0.010489814 -1.133706093 0.004202535 -0.010518321 0.999935865 33.556247711
0.999968350 -0.006389446 -0.004736566 0.427816868 0.006437713 0.999926865 0.010246341 -1.136286259 0.004670750 -0.010276509 0.999936283 34.148002625
0.999952137 -0.008136524 -0.005432116 0.451181054 0.008198507 0.999900401 0.011487466 -1.213432908 0.005338105 -0.011531451 0.999919176 34.549919128
0.999948442 -0.008102976 -0.006124218 0.467168987 0.008170254 0.999905705 0.011041560 -1.211023688 0.006034170 -0.011091026 0.999920249 35.102420807
0.999954224 -0.007631277 -0.005761273 0.463379979 0.007696129 0.999906361 0.011319611 -1.231793404 0.005674351 -0.011363435 0.999919236 35.629230499
0.999962509 -0.006780286 -0.005381476 0.460841060 0.006840078 0.999914229 0.011171159 -1.235728621 0.005305270 -0.011207549 0.999923050 36.172668457
0.999957919 -0.006998722 -0.005921064 0.483568579 0.007066750 0.999908328 0.011547305 -1.250281692 0.005839706 -0.011588665 0.999915719 36.708305359
0.999951541 -0.007926539 -0.005834762 0.489365041 0.007989587 0.999909043 0.010862955 -1.246005177 0.005748127 -0.010909046 0.999923944 37.302577972
0.999958992 -0.007090740 -0.005650671 0.470439613 0.007158174 0.999902308 0.012004014 -1.285437226 0.005565002 -0.012043970 0.999911964 37.681735992
0.999960661 -0.006890700 -0.005578407 0.477681994 0.006953351 0.999912083 0.011290466 -1.287218332 0.005500117 -0.011328811 0.999920726 38.244316101
0.999952435 -0.007470955 -0.006274444 0.485270381 0.007547479 0.999896288 0.012262519 -1.302295208 0.006182180 -0.012309290 0.999905169 38.743656158
0.999956667 -0.007022556 -0.006107149 0.492315561 0.007100056 0.999893367 0.012762487 -1.310459375 0.006016872 -0.012805296 0.999899924 39.279335022
0.999955118 -0.007797198 -0.005367716 0.473063827 0.007865840 0.999885917 0.012887895 -1.330425501 0.005266616 -0.012929541 0.999902487 39.866302490
0.999948323 -0.008036979 -0.006232925 0.510126829 0.008118329 0.999880731 0.013138290 -1.335914612 0.006126589 -0.013188211 0.999894261 40.420402527
0.999961197 -0.006665042 -0.005756498 0.506205440 0.006737952 0.999896049 0.012740644 -1.342237353 0.005670984 -0.012778936 0.999902248 40.996730804
0.999947727 -0.008354147 -0.005888925 0.505296826 0.008431979 0.999875665 0.013318101 -1.374521971 0.005776932 -0.013367062 0.999893963 41.501430511
0.999955654 -0.007235230 -0.006024134 0.511602044 0.007308444 0.999898553 0.012221338 -1.346153378 0.005935099 -0.012264824 0.999907136 42.082366943
0.999937594 -0.008541764 -0.007203947 0.529797792 0.008640302 0.999867916 0.013759898 -1.396064281 0.007085463 -0.013821282 0.999879360 42.383754730
0.999943316 -0.007935286 -0.007097148 0.526573420 0.008033322 0.999871194 0.013893295 -1.403202891 0.006985987 -0.013949523 0.999878287 42.916984558
0.999938548 -0.008296791 -0.007349363 0.533638358 0.008395502 0.999873519 0.013503850 -1.411233902 0.007236396 -0.013564721 0.999881744 43.456520081
0.999935031 -0.008649915 -0.007427287 0.550551057 0.008750668 0.999868631 0.013641702 -1.415737629 0.007308312 -0.013705808 0.999879301 44.018276215
0.999928832 -0.009539873 -0.007161634 0.564993978 0.009634078 0.999866009 0.013236907 -1.410588026 0.007034398 -0.013304963 0.999886692 44.508724213
0.999947846 -0.007767391 -0.006633413 0.537063241 0.007861805 0.999866426 0.014327338 -1.462223291 0.006521242 -0.014378742 0.999875307 44.960693359
0.999939561 -0.008300169 -0.007216129 0.556417704 0.008398194 0.999871373 0.013661700 -1.462746859 0.007101806 -0.013721475 0.999880612 45.512351990
0.999953985 -0.007193861 -0.006343015 0.542147517 0.007282107 0.999875426 0.014000719 -1.478770971 0.006241506 -0.014046267 0.999881864 46.077697754
0.999949574 -0.007368171 -0.006821116 0.556506217 0.007460071 0.999880373 0.013546869 -1.470877647 0.006720485 -0.013597073 0.999884963 46.621036530
0.999952435 -0.006820429 -0.006968745 0.596303105 0.006915566 0.999881864 0.013720192 -1.484043598 0.006874344 -0.013767732 0.999881566 47.156089783
0.999953747 -0.007217677 -0.006357385 0.584872484 0.007306668 0.999873996 0.014087768 -1.504008293 0.006254904 -0.014133565 0.999880552 47.728050232
0.999948919 -0.007773707 -0.006452030 0.528773785 0.007867503 0.999861777 0.014641868 -1.524105906 0.006337318 -0.014691884 0.999871969 48.095340729
0.999940217 -0.008441555 -0.006953367 0.545891762 0.008543786 0.999853849 0.014806175 -1.532326818 0.006827363 -0.014864697 0.999866188 48.645938873
0.999934256 -0.008895978 -0.007231561 0.553882301 0.009000086 0.999854445 0.014493340 -1.538322210 0.007101578 -0.014557473 0.999868751 49.206691742
0.999938428 -0.008289859 -0.007369544 0.567402780 0.008394297 0.999863148 0.014255509 -1.534481883 0.007250359 -0.014316495 0.999871194 49.781921387
0.999943972 -0.008074044 -0.006844318 0.586790800 0.008175282 0.999855638 0.014894925 -1.541748285 0.006723070 -0.014950044 0.999865592 50.290653229
0.999928713 -0.009438115 -0.007308505 0.612680376 0.009547853 0.999839902 0.015128518 -1.544908047 0.007164551 -0.015197219 0.999858856 50.804779053
0.999959111 -0.006517440 -0.006260853 0.556503177 0.006611944 0.999862671 0.015194276 -1.590602756 0.006160968 -0.015235052 0.999864876 51.077781677
0.999951005 -0.007499752 -0.006467919 0.574621558 0.007596099 0.999858558 0.015002618 -1.590326309 0.006354491 -0.015051014 0.999866426 51.621875763
0.999960542 -0.006381125 -0.006180218 0.563545763 0.006472762 0.999867558 0.014922665 -1.601961374 0.006084177 -0.014962077 0.999869525 52.178150177
0.999951303 -0.007652671 -0.006234697 0.579732180 0.007739893 0.999870777 0.014087802 -1.609824896 0.006126082 -0.014135370 0.999881268 52.746376038
0.999974728 -0.005034868 -0.005025033 0.546908081 0.005108813 0.999877214 0.014812715 -1.618099809 0.004949836 -0.014838013 0.999877572 53.188682556
0.999952734 -0.007171738 -0.006565020 0.594697177 0.007265221 0.999870896 0.014328207 -1.601381540 0.006461414 -0.014375225 0.999875784 53.852527618
0.999933004 -0.008700463 -0.007633105 0.665310800 0.008811270 0.999854445 0.014605160 -1.610700369 0.007504924 -0.014671437 0.999864161 54.348716736
0.999963045 -0.006386716 -0.005758805 0.507707357 0.006474907 0.999859989 0.015427774 -1.637493372 0.005659465 -0.015464489 0.999864340 54.626953125
0.999960899 -0.006871408 -0.005575497 0.517153919 0.006958045 0.999852955 0.015671248 -1.650781631 0.005466993 -0.015709426 0.999861598 55.189033508
0.999963105 -0.006174183 -0.005989008 0.528952420 0.006266103 0.999860942 0.015452638 -1.649715781 0.005892769 -0.015489593 0.999862611 55.751152039
0.999965072 -0.006193058 -0.005610046 0.522656858 0.006279886 0.999858618 0.015594224 -1.671442509 0.005512677 -0.015628908 0.999862611 56.313346863
0.999970973 -0.005964315 -0.004749428 0.517140150 0.006037674 0.999860287 0.015584347 -1.675787210 0.004655815 -0.015612569 0.999867260 56.884727478
0.999964654 -0.006516089 -0.005331324 0.568040729 0.006600416 0.999850929 0.015955886 -1.683759689 0.005226560 -0.015990509 0.999858499 57.307426453
0.999960601 -0.006853919 -0.005643239 0.486517727 0.006947023 0.999837279 0.016647231 -1.717799902 0.005528223 -0.016685782 0.999845445 57.613262177
0.999972939 -0.005431402 -0.004980705 0.497578889 0.005512962 0.999848545 0.016510017 -1.728569031 0.004890278 -0.016537029 0.999851286 58.166931152
0.999961019 -0.006728742 -0.005722021 0.511248529 0.006822997 0.999838650 0.016615408 -1.717161179 0.005609298 -0.016653802 0.999845505 58.724418640
0.999956846 -0.006947565 -0.006160423 0.534592330 0.007042976 0.999853432 0.015603948 -1.715005159 0.006051110 -0.015646666 0.999859214 59.284729004
0.999960721 -0.006797604 -0.005673648 0.502885222 0.006895959 0.999822974 0.017499752 -1.757496357 0.005553689 -0.017538190 0.999830782 59.612991333
0.999963582 -0.006674952 -0.005296863 0.498730093 0.006763390 0.999835014 0.016857816 -1.757727981 0.005183462 -0.016893031 0.999843836 60.162971497
0.999962986 -0.006509573 -0.005619325 0.527576685 0.006604776 0.999832094 0.017093062 -1.769396305 0.005507113 -0.017129542 0.999838173 60.696971893
0.999965250 -0.006184398 -0.005578848 0.532134414 0.006277998 0.999837160 0.016919265 -1.752613544 0.005473303 -0.016953703 0.999841273 61.220497131
0.999956310 -0.007395974 -0.005708023 0.506337821 0.007495304 0.999817312 0.017581388 -1.796517491 0.005576950 -0.017623408 0.999829113 61.675720215
0.999961793 -0.006756780 -0.005546489 0.509962738 0.006855166 0.999815941 0.017915299 -1.803871274 0.005424419 -0.017952636 0.999824107 62.223781586
0.999948800 -0.007869496 -0.006364369 0.512635648 0.007979460 0.999816000 0.017441181 -1.804945707 0.006225945 -0.017491072 0.999827623 62.762802124
0.999953508 -0.007431622 -0.006158471 0.535760522 0.007536937 0.999822557 0.017257830 -1.813133836 0.006029125 -0.017303441 0.999832094 63.313766479
0.999943912 -0.008455420 -0.006382761 0.556478739 0.008563072 0.999818146 0.017031552 -1.785901070 0.006237592 -0.017085252 0.999834657 63.833438873
0.999950349 -0.008241910 -0.005586649 0.524393439 0.008339934 0.999807537 0.017755995 -1.822456717 0.005439232 -0.017801706 0.999826729 64.189613342
0.999951482 -0.008158095 -0.005524728 0.530135930 0.008254511 0.999809980 0.017659759 -1.831656694 0.005379608 -0.017704505 0.999828696 64.742370605
0.999956071 -0.007594251 -0.005502412 0.536432981 0.007689418 0.999817550 0.017485794 -1.832940578 0.005368616 -0.017527334 0.999831915 65.294906616
0.999954700 -0.007936616 -0.005240918 0.540912688 0.008028392 0.999810636 0.017728752 -1.855088115 0.005099219 -0.017770026 0.999829113 65.826622009
0.999955118 -0.008002827 -0.005065158 0.559584141 0.008090002 0.999815404 0.017430851 -1.849663496 0.004924727 -0.017471047 0.999835193 66.362495422
0.999961078 -0.007352216 -0.004875122 0.508672714 0.007440901 0.999802411 0.018429713 -1.879921675 0.004738661 -0.018465267 0.999818385 66.778701782
0.999971092 -0.006001994 -0.004669429 0.524867296 0.006085208 0.999819160 0.018015964 -1.888705254 0.004560451 -0.018043857 0.999826789 67.312919617
0.999963284 -0.006981599 -0.004968788 0.541956961 0.007071623 0.999806821 0.018337190 -1.894613266 0.004839805 -0.018371655 0.999819517 67.853950500
0.999961674 -0.007021415 -0.005226044 0.561881661 0.007116187 0.999806404 0.018342907 -1.904577494 0.005096238 -0.018379390 0.999818087 68.384826660
0.999964654 -0.006944336 -0.004729467 0.558981299 0.007026700 0.999819934 0.017627100 -1.894876838 0.004606206 -0.017659709 0.999833405 68.900444031
0.999966443 -0.006535572 -0.004929345 0.574177623 0.006627047 0.999801695 0.018775029 -1.923079848 0.004805662 -0.018807065 0.999811590 69.224502563
0.999966502 -0.006620449 -0.004807864 0.584697604 0.006709757 0.999800682 0.018803108 -1.930959463 0.004682421 -0.018834740 0.999811649 69.781448364
0.999966383 -0.006319372 -0.005231052 0.596897304 0.006413646 0.999813676 0.018205659 -1.936781287 0.005115029 -0.018238595 0.999820590 70.339279175
0.999958694 -0.007380907 -0.005303838 0.594380260 0.007473755 0.999815285 0.017704530 -1.935019851 0.005172183 -0.017743437 0.999829233 70.896110535
0.999968529 -0.006387373 -0.004699117 0.604792476 0.006473336 0.999807656 0.018511755 -1.949719071 0.004579972 -0.018541588 0.999817669 71.561004639
0.999956667 -0.008078523 -0.004614775 0.590571880 0.008159354 0.999808669 0.017773919 -1.944443345 0.004470306 -0.017810799 0.999831378 72.121170044
0.999967515 -0.006573406 -0.004669717 0.650434971 0.006660590 0.999799013 0.018906865 -1.969499707 0.004544496 -0.018937349 0.999810338 72.192573547
0.999959052 -0.007227734 -0.005453256 0.663659334 0.007329363 0.999795377 0.018852416 -1.974292755 0.005315882 -0.018891612 0.999807417 72.728591919
0.999955058 -0.007893653 -0.005263197 0.683871090 0.007992467 0.999787092 0.019025611 -1.987495184 0.005111895 -0.019066822 0.999805152 73.232170105
0.999961972 -0.007201909 -0.004928004 0.706972837 0.007290318 0.999808431 0.018163731 -1.951071143 0.004796249 -0.018198963 0.999822915 73.673324585
0.999958575 -0.007637038 -0.004965198 0.673906684 0.007727211 0.999800742 0.018402753 -1.980873823 0.004823668 -0.018440355 0.999818325 74.335090637
0.999962807 -0.007168204 -0.004810472 0.660665989 0.007255370 0.999805272 0.018354302 -1.967984796 0.004677967 -0.018388521 0.999819934 74.863800049
0.999962509 -0.006983606 -0.005123689 0.696686745 0.007078475 0.999799311 0.018737523 -1.992209196 0.004991803 -0.018773085 0.999811411 75.336402893
0.999958694 -0.007615839 -0.004977653 0.704156041 0.007709342 0.999788880 0.019043423 -1.992734909 0.004831569 -0.019081010 0.999806225 75.890464783
0.999956906 -0.007670057 -0.005242032 0.708360434 0.007770098 0.999782801 0.019338271 -2.004225254 0.005092568 -0.019378167 0.999799252 76.410331726
0.999949872 -0.008497407 -0.005299730 0.720760345 0.008592359 0.999798238 0.018158475 -2.002699852 0.005144360 -0.018203100 0.999821126 76.930229187
0.999965072 -0.007595646 -0.003493244 0.693505883 0.007658851 0.999800444 0.018450793 -1.982629299 0.003352402 -0.018476903 0.999823689 77.431732178
0.999972165 -0.007266996 -0.001693455 0.698610663 0.007296105 0.999813735 0.017867880 -1.992470264 0.001563294 -0.017879741 0.999838948 77.988876343
0.999972403 -0.007406616 -0.000579013 0.712051511 0.007415547 0.999822140 0.017346198 -1.992793560 0.000450434 -0.017350012 0.999849379 78.557624817
0.999985456 -0.005280138 0.001134696 0.697456896 0.005258704 0.999821782 0.018128539 -1.996719599 -0.001230213 -0.018122308 0.999834955 79.092300415
0.999972701 -0.007203266 0.001666315 0.848992467 0.007171222 0.999803185 0.018497437 -2.021992207 -0.001799228 -0.018484984 0.999827504 79.510574341
0.999949217 -0.007355571 0.006891314 0.710977614 0.007229790 0.999809921 0.018102778 -1.976694942 -0.007023161 -0.018052036 0.999812305 80.111953735
0.999924779 -0.006820133 0.010190370 0.744687915 0.006635585 0.999815285 0.018035462 -1.983019233 -0.010311492 -0.017966487 0.999785364 80.677886963
0.999873102 -0.006952886 0.014338574 0.767939448 0.006701538 0.999824345 0.017503701 -1.975474834 -0.014457759 -0.017405391 0.999743938 81.206878662
0.999775171 -0.006605838 0.020148646 0.778036654 0.006246983 0.999821723 0.017821569 -1.990916610 -0.020262778 -0.017691692 0.999638140 81.787322998
0.999633253 -0.006719126 0.026231680 0.834919214 0.006268598 0.999832034 0.017219560 -1.982686639 -0.026342973 -0.017048810 0.999507666 82.241165161
0.999474823 -0.007155963 0.031605382 0.860552669 0.006603985 0.999824464 0.017534671 -1.977378368 -0.031725310 -0.017316742 0.999346614 82.767753601
0.999164164 -0.006777126 0.040314309 0.855315924 0.006052819 0.999818563 0.018061532 -2.001481056 -0.040429410 -0.017802421 0.999023736 83.311965942
0.998792052 -0.006694337 0.048678823 0.911803722 0.005837280 0.999825835 0.017727269 -2.009512901 -0.048789024 -0.017421704 0.998657167 83.824752808
0.998401463 -0.006619031 0.056129724 0.946177483 0.005586961 0.999812841 0.018524261 -2.012128353 -0.056241825 -0.018181056 0.998251677 84.405921936
0.997860551 -0.007041056 0.064998180 1.004359722 0.005930253 0.999833286 0.017266905 -2.004494190 -0.065108933 -0.016844505 0.997735977 85.005805969
0.997168422 -0.007376247 0.074837081 1.064987659 0.006116311 0.999835849 0.017050965 -2.017462254 -0.074950583 -0.016544959 0.997049987 85.568267822
0.996481478 -0.008591864 0.083370715 1.098157406 0.007198824 0.999829590 0.016995244 -2.004719734 -0.083502546 -0.016335271 0.996373653 86.110939026
0.995841563 -0.008385856 0.090715185 1.216527939 0.006786271 0.999816239 0.017927144 -2.054425478 -0.090848856 -0.017236976 0.995715499 86.579559326
0.994833708 -0.007973451 0.101203829 1.302189827 0.006213341 0.999824107 0.017695058 -2.051361084 -0.101327121 -0.016974829 0.994708240 87.137657166
0.993650019 -0.007434121 0.112269521 1.372690201 0.005446693 0.999823093 0.017998649 -2.049587011 -0.112383492 -0.017272860 0.993514836 87.710311890
0.992494404 -0.006601969 0.122111417 1.447626114 0.004332957 0.999813139 0.018837715 -2.060668468 -0.122212984 -0.018167220 0.992337584 88.281997681
0.991156876 -0.007490134 0.132483572 1.557110786 0.005152372 0.999825001 0.017979702 -2.063922167 -0.132595062 -0.017138103 0.991022110 88.812675476
0.989545405 -0.007889898 0.144005984 1.674962044 0.005398360 0.999828994 0.017684188 -2.071308613 -0.144120902 -0.016721908 0.989418745 89.340065002
0.987571418 -0.006581682 0.157033056 1.609925270 0.003743868 0.999824405 0.018360393 -2.043529510 -0.157126293 -0.017544288 0.987422645 89.966117859
0.986056387 -0.006812733 0.166271895 1.726862907 0.003699123 0.999812067 0.019028528 -2.050265789 -0.166370243 -0.018148145 0.985896230 90.512168884
0.983854055 -0.006699758 0.178847238 1.834231377 0.003400580 0.999818504 0.018747099 -2.056772470 -0.178940386 -0.017836226 0.983698189 91.045112610
0.981531799 -0.006587451 0.191185594 1.961243629 0.003027175 0.999816656 0.018908199 -2.071696520 -0.191275090 -0.017980246 0.981371701 91.573020935
0.979233682 -0.005221347 0.202667728 2.092491150 0.001393568 0.999817967 0.019025078 -2.073326588 -0.202730209 -0.018347561 0.979062736 92.154739380
0.976232708 -0.006249784 0.216634512 2.181852341 0.002254189 0.999822974 0.018686138 -2.019625187 -0.216712907 -0.017753685 0.976074040 92.755722046
0.973191857 -0.006522844 0.229902506 2.331447601 0.002291592 0.999823153 0.018666741 -2.022904396 -0.229983628 -0.017639475 0.973034620 93.274848938
0.970235765 -0.006767604 0.242067426 2.474216461 0.002331296 0.999824166 0.018608488 -2.027185202 -0.242150784 -0.017490290 0.970080972 93.803611755
0.967050493 -0.006437798 0.254503369 2.621835709 0.001851468 0.999831617 0.018256150 -2.011961460 -0.254578024 -0.017183412 0.966899574 94.353820801
0.963373005 -0.006537849 0.268085212 2.824504852 0.001710023 0.999832213 0.018238092 -2.012195349 -0.268159419 -0.017111653 0.963222563 95.006614685
0.959603369 -0.006532716 0.281280398 2.997516632 0.001429210 0.999830723 0.018345166 -2.019049644 -0.281352609 -0.017202076 0.959450245 95.528556824
0.956403673 -0.007616658 0.291948318 3.188510895 0.002409636 0.999831617 0.018190861 -2.023903370 -0.292037666 -0.016694317 0.956261158 96.048301697
0.952153862 -0.007473186 0.305527687 3.368785858 0.001609472 0.999809742 0.019439481 -2.046276569 -0.305614829 -0.018017635 0.951984763 96.601852417
0.947413862 -0.007447225 0.319924027 3.581859589 0.001556412 0.999824584 0.018664910 -2.033544302 -0.320006877 -0.017185463 0.947259367 97.133079529
0.943443298 -0.008271616 0.331430614 3.764898300 0.002151142 0.999820411 0.018829433 -2.035204649 -0.331526846 -0.017051550 0.943291724 97.618110657
0.939013958 -0.009074191 0.343759239 4.015039444 0.002859879 0.999823272 0.018580209 -2.037984371 -0.343867064 -0.016463969 0.938873947 98.212455750
0.933769286 -0.007908904 0.357787967 4.238735199 0.001520820 0.999834478 0.018132245 -2.033762932 -0.357872099 -0.016387206 0.933626771 98.733940125
0.929049432 -0.010049357 0.369819015 4.468633652 0.003541625 0.999826789 0.018271837 -2.043254852 -0.369938552 -0.015665680 0.928924143 99.250289917
0.924372077 -0.009280713 0.381379396 4.711004257 0.002528741 0.999831200 0.018201429 -2.044828415 -0.381483942 -0.015860483 0.924239457 99.784629822
0.919089079 -0.010995260 0.393896610 4.964084625 0.003852282 0.999813557 0.018920247 -2.073160410 -0.394031227 -0.015871994 0.918960035 100.180450439
0.913464248 -0.013086074 0.406708598 5.204750061 0.005821579 0.999800801 0.019093923 -2.099383593 -0.406877458 -0.015073930 0.913358390 100.650123596
0.907889903 -0.009251961 0.419106632 5.487800598 0.001437996 0.999819279 0.018956384 -2.058250427 -0.419206232 -0.016607638 0.907739043 101.348770142
0.902480006 -0.009871347 0.430618733 5.752052307 0.001630821 0.999808490 0.019501412 -2.070320129 -0.430728763 -0.016897371 0.902323186 101.827262878
0.895815790 -0.009333774 0.444327652 6.014820099 0.001171779 0.999825597 0.018640410 -2.072195053 -0.444424063 -0.016177719 0.895670474 102.325424194
0.889752269 -0.010064848 0.456332892 6.286231995 0.001798954 0.999826431 0.018544523 -2.067998886 -0.456440210 -0.015679114 0.889615953 102.823699951
0.883491874 -0.008903775 0.468361914 6.563358307 0.000564560 0.999838829 0.017942442 -2.059826851 -0.468446165 -0.015587584 0.883354545 103.343727112
0.876631141 -0.009155123 0.481076002 6.890399933 0.000562279 0.999837816 0.018002827 -2.066765308 -0.481162727 -0.015511340 0.876493990 103.821533203
0.868782520 -0.010530519 0.495081723 7.126228333 0.001417335 0.999822676 0.018779309 -2.074351311 -0.495191723 -0.015613441 0.868643284 104.320137024
0.863053501 -0.010820609 0.504996479 7.426322937 0.001569244 0.999823153 0.018741421 -2.072597504 -0.505110025 -0.015382388 0.862917840 104.787857056
