1.000000000 0.000000000 0.000000000 0.000000000 0.000000000 1.000000000 0.000000000 0.000000000 0.000000000 0.000000000 1.000000000 0.000000000
1.000000000 0.000024480 0.000136406 -0.003392551 -0.000024452 1.000000000 -0.000208142 0.004372670 -0.000136411 0.000208138 0.999999940 0.004237237
1.000000000 0.000044913 0.000071370 -0.002289820 -0.000044903 1.000000000 -0.000137649 0.002408107 -0.000071376 0.000137646 1.000000000 0.000719100
0.999999940 0.000304392 0.000109180 0.000029265 -0.000304374 0.999999940 -0.000160859 0.003653428 -0.000109229 0.000160825 1.000000000 -0.001856430
1.000000000 0.000237995 0.000051979 0.002839186 -0.000237990 0.999999940 -0.000090191 0.002104458 -0.000052000 0.000090179 1.000000000 -0.001314219
1.000000000 0.000145856 0.000062033 0.000251172 -0.000145852 1.000000000 -0.000062682 0.002158450 -0.000062042 0.000062673 1.000000000 -0.001238443
1.000000000 0.000121154 0.000127786 -0.001932393 -0.000121141 1.000000000 -0.000097728 0.002118218 -0.000127798 0.000097713 1.000000000 -0.000632182
1.000000000 0.000028170 -0.000004219 0.001054616 -0.000028170 1.000000000 -0.000024244 0.001657563 0.000004219 0.000024244 1.000000000 -0.002541855
1.000000000 0.000067819 0.000169237 -0.005602459 -0.000067792 1.000000000 -0.000162168 0.003910427 -0.000169248 0.000162157 1.000000000 0.004174171
0.999999940 0.000196813 0.000225789 -0.004714984 -0.000196783 1.000000000 -0.000133086 0.002238432 -0.000225816 0.000133041 0.999999940 -0.001374926
0.999999940 0.000203858 0.000215150 -0.003986746 -0.000203823 0.999999940 -0.000163028 0.002311217 -0.000215183 0.000162984 0.999999940 -0.000628458
1.000000000 0.000155010 0.000080539 0.000033134 -0.000155003 1.000000000 -0.000081585 0.002297739 -0.000080552 0.000081573 1.000000000 -0.004764926
1.000000000 0.000116336 0.000197013 -0.005500050 -0.000116326 1.000000000 -0.000049844 0.000551902 -0.000197019 0.000049822 1.000000000 -0.003068808
1.000000000 -0.000001165 0.000108927 -0.003211321 0.000001178 1.000000000 -0.000116652 0.000704330 -0.000108927 0.000116652 1.000000000 -0.001750295
1.000000000 0.000087361 0.000090371 -0.000903493 -0.000087348 1.000000000 -0.000142266 0.002703178 -0.000090384 0.000142258 1.000000000 -0.003431999
1.000000000 -0.000195101 -0.000117655 0.002356938 0.000195097 1.000000000 -0.000032697 0.000784372 0.000117662 0.000032674 1.000000000 -0.006600230
1.000000000 -0.000233027 0.000006035 -0.002310744 0.000233028 0.999999940 -0.000120227 0.000851938 -0.000006007 0.000120228 1.000000000 -0.004924141
1.000000000 -0.000067921 0.000049990 0.000369470 0.000067923 1.000000000 -0.000034073 0.000422813 -0.000049988 0.000034076 1.000000000 -0.006857946
1.000000000 0.000094209 -0.000005881 -0.000006786 -0.000094209 1.000000000 -0.000001147 0.002339609 0.000005880 0.000001147 1.000000000 -0.007301611
1.000000000 -0.000099293 -0.000011727 -0.001489411 0.000099292 1.000000000 -0.000040474 -0.000362979 0.000011731 0.000040473 1.000000000 -0.007685602
1.000000000 -0.000020934 0.000063830 -0.001291528 0.000020940 1.000000000 -0.000094226 0.001139241 -0.000063828 0.000094227 1.000000000 -0.007148345
1.000000000 -0.000133142 0.000021541 0.000080220 0.000133143 1.000000000 -0.000027192 -0.000329140 -0.000021537 0.000027195 1.000000000 -0.003684294
1.000000000 0.000127776 0.000171288 -0.006560474 -0.000127739 0.999999940 -0.000216816 0.003724710 -0.000171315 0.000216794 0.999999940 0.004222619
1.000000000 -0.000070622 -0.000067729 0.000724704 0.000070615 1.000000000 -0.000109428 0.000702855 0.000067736 0.000109423 1.000000000 0.000638430
1.000000000 -0.000082001 0.000014093 -0.001043133 0.000082001 1.000000000 -0.000013667 0.002495725 -0.000014092 0.000013668 1.000000000 0.000622712
1.000000000 0.000005640 -0.000051192 0.002555856 -0.000005647 1.000000000 -0.000135949 0.003132188 0.000051191 0.000135950 1.000000000 -0.007048442
1.000000000 -0.000078954 0.000093068 -0.001682643 0.000078965 1.000000000 -0.000113450 0.002713780 -0.000093059 0.000113457 1.000000000 -0.004374555
0.999999940 0.000256612 0.000210196 -0.005306727 -0.000256570 0.999999940 -0.000198757 0.003284198 -0.000210247 0.000198703 0.999999940 0.000051867
1.000000000 0.000028675 0.000115207 -0.003193886 -0.000028672 1.000000000 -0.000026661 0.001965023 -0.000115208 0.000026657 1.000000000 -0.001051659
1.000000000 -0.000195908 0.000014227 -0.004711775 0.000195910 0.999999940 -0.000170109 0.006100622 -0.000014193 0.000170111 1.000000000 0.003092470
1.000000000 -0.000106455 0.000021057 -0.002596441 0.000106456 1.000000000 -0.000064191 0.002235161 -0.000021050 0.000064193 1.000000000 -0.001331021
1.000000000 -0.000119026 0.000120012 -0.003530759 0.000119023 1.000000000 0.000020504 0.001171481 -0.000120014 -0.000020490 1.000000000 0.000370539
1.000000000 -0.000192627 0.000057147 -0.003640133 0.000192625 1.000000000 0.000029153 0.001009668 -0.000057153 -0.000029142 1.000000000 -0.004568710
1.000000000 -0.000132578 0.000005488 -0.002914125 0.000132578 1.000000000 -0.000009217 0.001974610 -0.000005487 0.000009217 1.000000000 -0.002039475
1.000000000 0.000083040 0.000065555 -0.003910280 -0.000083030 1.000000000 -0.000156429 0.001813589 -0.000065568 0.000156424 1.000000000 -0.000060520
1.000000000 0.000060566 0.000110948 -0.004715055 -0.000060555 1.000000000 -0.000103905 0.002938977 -0.000110954 0.000103898 1.000000000 0.000449620
1.000000000 -0.000143817 -0.000172117 0.003105589 0.000143840 1.000000000 0.000131981 -0.000264267 0.000172098 -0.000132006 1.000000000 -0.012578552
1.000000000 -0.000007566 0.000068687 -0.003647489 0.000007585 0.999999940 -0.000267446 0.004596186 -0.000068685 0.000267447 0.999999940 0.001291378
1.000000000 -0.000176446 0.000067362 -0.003035472 0.000176448 1.000000000 -0.000023403 0.001806648 -0.000067358 0.000023415 1.000000000 -0.000571035
1.000000000 -0.000030807 -0.000043727 0.000885005 0.000030814 1.000000000 0.000163892 -0.000850206 0.000043722 -0.000163894 1.000000000 -0.008418197
0.999999940 -0.000278365 -0.000134962 0.000137227 0.000278364 0.999999940 -0.000009554 -0.000643626 0.000134965 0.000009516 1.000000000 -0.000239177
1.000000000 0.000053560 0.000084293 0.002073369 -0.000053509 0.999999821 -0.000611137 -0.004028005 -0.000084326 0.000611133 0.999999821 0.048954397
1.000000000 0.000038427 -0.000015915 -0.000085528 -0.000038452 0.999998808 -0.001551754 0.000957751 0.000015856 0.001551754 0.999998808 0.147437483
1.000000000 -0.000045464 -0.000077313 0.004883463 0.000045342 0.999998748 -0.001572892 -0.007561674 0.000077385 0.001572888 0.999998748 0.263988286
1.000000000 -0.000203817 0.000034138 0.002434725 0.000203865 0.999998987 -0.001399023 -0.012302114 -0.000033853 0.001399030 0.999999046 0.395892680
1.000000000 0.000015126 -0.000100268 0.004932107 -0.000015244 0.999999285 -0.001179596 -0.017599503 0.000100250 0.001179597 0.999999285 0.537616611
1.000000000 -0.000027864 0.000150469 0.006104100 0.000028007 0.999999523 -0.000951700 -0.031517588 -0.000150443 0.000951704 0.999999523 0.680257201
0.999999881 -0.000442133 -0.000046364 0.019318033 0.000442106 0.999999702 -0.000587099 -0.031278241 0.000046624 0.000587079 0.999999821 0.850161016
0.999999940 -0.000215842 -0.000179476 0.023589583 0.000215733 0.999999821 -0.000608631 -0.036777932 0.000179607 0.000608592 0.999999821 1.031002045
0.999999940 -0.000149835 0.000199935 0.015111069 0.000149999 0.999999642 -0.000821657 -0.036413707 -0.000199812 0.000821687 0.999999642 1.212015867
1.000000000 -0.000166963 -0.000033010 0.030272271 0.000166942 0.999999762 -0.000648997 -0.046604272 0.000033118 0.000648991 0.999999762 1.416023612
0.999999583 -0.000576831 -0.000735366 0.043280248 0.000576616 0.999999762 -0.000292202 -0.056964945 0.000735534 0.000291777 0.999999702 1.611322284
0.999997497 -0.002210293 -0.000260450 0.032824393 0.002210536 0.999997139 0.000935737 -0.077524945 0.000258381 -0.000936310 0.999999464 1.716452718
0.999996781 -0.002511934 -0.000190212 0.038451485 0.002512139 0.999996305 0.001086597 -0.082893305 0.000187482 -0.001087071 0.999999344 1.923558712
0.999998331 -0.001777409 -0.000392832 0.042349976 0.001777740 0.999998093 0.000843884 -0.091325469 0.000391332 -0.000844581 0.999999583 2.123288155
0.999998629 -0.001566480 -0.000530513 0.048695419 0.001567056 0.999998271 0.001086277 -0.097367197 0.000528811 -0.001087107 0.999999344 2.343039751
0.999999106 -0.001303090 -0.000213016 0.042440221 0.001303333 0.999998569 0.001145121 -0.104121901 0.000211524 -0.001145398 0.999999344 2.578608990
0.999999762 -0.000719342 0.000316390 0.043909747 0.000718911 0.999998927 0.001358119 -0.112292081 -0.000317366 -0.001357891 0.999999046 2.810559034
0.999999106 -0.001307250 0.000037244 0.052677419 0.001307200 0.999998271 0.001321408 -0.125112236 -0.000038971 -0.001321358 0.999999166 3.051088095
0.999996841 -0.002478709 -0.000473223 0.061141584 0.002479406 0.999995828 0.001476884 -0.130379707 0.000469561 -0.001478052 0.999998808 3.262897015
0.999996960 -0.002436410 -0.000428893 0.070641667 0.002437077 0.999995828 0.001559576 -0.137048721 0.000425092 -0.001560617 0.999998689 3.529446363
0.999998331 -0.001832588 -0.000185753 0.068061456 0.001832866 0.999997199 0.001507599 -0.143695369 0.000182990 -0.001507937 0.999998868 3.774106503
0.999997735 -0.002117495 -0.000090421 0.076349944 0.002117655 0.999996126 0.001802256 -0.152013764 0.000086604 -0.001802444 0.999998331 4.057148457
0.999998748 -0.001585920 -0.000124653 0.067185685 0.001586159 0.999996901 0.001937402 -0.150774762 0.000121580 -0.001937598 0.999998033 4.268190384
0.999996781 -0.002442780 -0.000727045 0.077355005 0.002444690 0.999993503 0.002638627 -0.185621142 0.000720595 -0.002640396 0.999996245 4.535257816
0.999997139 -0.002363142 -0.000509793 0.081386790 0.002364552 0.999993265 0.002781286 -0.194407955 0.000503217 -0.002782483 0.999996006 4.788836479
0.999996781 -0.002462491 -0.000662071 0.088711150 0.002464184 0.999993622 0.002567891 -0.195987731 0.000655743 -0.002569515 0.999996483 5.046475410
0.999993563 -0.003410110 -0.001100760 0.090393074 0.003412950 0.999990702 0.002589454 -0.202375531 0.001091920 -0.002593194 0.999996066 5.324705124
0.999994874 -0.002991938 -0.001141307 0.114252038 0.002994810 0.999992311 0.002523520 -0.210614204 0.001133749 -0.002526925 0.999996126 5.571610451
0.999996066 -0.002796409 -0.000241249 0.087302223 0.002797096 0.999991834 0.002894804 -0.235672235 0.000233152 -0.002895467 0.999995708 5.821764946
0.999997318 -0.002310878 0.000096529 0.085758954 0.002310562 0.999992311 0.003161089 -0.250370055 -0.000103833 -0.003160857 0.999994934 6.079195023
0.999996483 -0.002644121 0.000231242 0.090470195 0.002643443 0.999992251 0.002887551 -0.250256211 -0.000238876 -0.002886928 0.999995768 6.391209126
0.999997079 -0.002421446 -0.000021038 0.101734348 0.002421495 0.999993265 0.002747023 -0.257747471 0.000014386 -0.002747066 0.999996185 6.668386936
0.999995530 -0.002982547 0.000180787 0.109337151 0.002982026 0.999991596 0.002813024 -0.257589102 -0.000189176 -0.002812472 0.999996006 6.955172062
0.999996662 -0.002578351 0.000094667 0.115829967 0.002578069 0.999992490 0.002866094 -0.268897712 -0.000102056 -0.002865840 0.999995828 7.269469261
0.999993265 -0.003626101 -0.000411089 0.146644399 0.003627286 0.999989152 0.002919374 -0.283808231 0.000400499 -0.002920846 0.999995589 7.547412872
0.999994755 -0.003180616 -0.000587305 0.131671578 0.003182369 0.999990404 0.003007914 -0.289878547 0.000577733 -0.003009767 0.999995291 7.858377934
0.999994457 -0.003266079 -0.000596408 0.137437612 0.003267695 0.999990880 0.002728411 -0.296436399 0.000587491 -0.002730344 0.999996126 8.175629616
0.999993682 -0.003501086 -0.000620995 0.149498895 0.003502508 0.999991179 0.002302360 -0.295871913 0.000612929 -0.002304521 0.999997139 8.496546745
0.999993324 -0.003631159 -0.000350878 0.146059453 0.003632153 0.999989271 0.002875505 -0.309698939 0.000340433 -0.002876760 0.999995828 8.847881317
0.999993980 -0.003434579 -0.000240379 0.155113399 0.003435140 0.999991238 0.002375588 -0.308302611 0.000232218 -0.002376399 0.999997139 9.210800171
0.999992073 -0.003940876 -0.000491551 0.159472883 0.003942134 0.999988854 0.002584817 -0.326122493 0.000481359 -0.002586734 0.999996483 9.531509399
0.999994755 -0.003225219 -0.000343390 0.150655717 0.003226210 0.999990523 0.002924920 -0.341980129 0.000333954 -0.002926013 0.999995649 9.887819290
0.999993563 -0.003577904 -0.000305431 0.157828778 0.003578987 0.999987066 0.003620241 -0.383841902 0.000292474 -0.003621311 0.999993384 10.157681465
0.999992907 -0.003731631 -0.000554989 0.167361096 0.003733640 0.999986351 0.003665369 -0.392236531 0.000541303 -0.003667415 0.999993086 10.518054008
0.999991834 -0.004001555 -0.000716708 0.169399008 0.004004091 0.999985695 0.003571002 -0.396202266 0.000702408 -0.003573843 0.999993384 10.900335312
0.999990582 -0.004305535 -0.000451157 0.176142231 0.004307427 0.999981642 0.004282054 -0.414416552 0.000432712 -0.004283958 0.999990702 11.270293236
0.999989808 -0.004455555 -0.000720459 0.202792138 0.004457966 0.999984384 0.003380079 -0.414643109 0.000705388 -0.003383256 0.999993980 11.651519775
0.999992609 -0.003834637 -0.000299180 0.190558612 0.003835717 0.999985814 0.003695991 -0.424006104 0.000285003 -0.003697112 0.999993086 12.021792412
0.999991357 -0.004108999 -0.000558127 0.214900777 0.004111333 0.999982655 0.004247886 -0.444287449 0.000540663 -0.004250144 0.999990821 12.392939568
0.999990463 -0.004290903 -0.000824508 0.212544218 0.004294123 0.999983013 0.003942981 -0.443562061 0.000807575 -0.003946484 0.999991894 12.792914391
0.999989927 -0.004464699 -0.000413742 0.210055932 0.004466611 0.999978721 0.004741114 -0.500487328 0.000392566 -0.004742914 0.999988675 13.164052010
0.999993980 -0.003461174 0.000038682 0.212602764 0.003460941 0.999981821 0.004927948 -0.511587024 -0.000055738 -0.004927785 0.999987841 13.578851700
0.999995053 -0.003125768 0.000271881 0.220504105 0.003124250 0.999980509 0.005412585 -0.520696104 -0.000288794 -0.005411709 0.999985278 14.004155159
0.999985635 -0.005360743 -0.000192463 0.239413485 0.005361764 0.999969006 0.005771015 -0.549055040 0.000161520 -0.005771964 0.999983370 14.409573555
0.999988019 -0.004907651 0.000110508 0.238581568 0.004906964 0.999972641 0.005537789 -0.551449418 -0.000137683 -0.005537180 0.999984682 14.778964043
0.999987364 -0.004981642 0.000700869 0.241156816 0.004977311 0.999969304 0.006049600 -0.566562533 -0.000730984 -0.006046035 0.999981523 15.209559441
0.999986172 -0.005252496 0.000345831 0.283865750 0.005250500 0.999970913 0.005542015 -0.579068303 -0.000374930 -0.005540123 0.999984622 15.678085327
0.999989510 -0.004458145 0.001034585 0.269824684 0.004451281 0.999968648 0.006544801 -0.625073254 -0.001063730 -0.006540127 0.999978006 16.101182938
0.999989033 -0.004565384 0.001051842 0.282969087 0.004558915 0.999971211 0.006073827 -0.629427791 -0.001079541 -0.006068966 0.999980986 16.563148499
0.999987483 -0.004793216 0.001466908 0.300926745 0.004783757 0.999968231 0.006385330 -0.642389774 -0.001497468 -0.006378233 0.999978542 17.044170380
0.999991000 -0.003790587 0.001897988 0.298508555 0.003777655 0.999969840 0.006771536 -0.659435809 -0.001923599 -0.006764304 0.999975324 17.473600388
0.999982715 -0.005566273 0.001915407 0.322439313 0.005552235 0.999958217 0.007258625 -0.654460371 -0.001955731 -0.007247865 0.999971807 17.952507019
0.999983966 -0.005199163 0.002239459 0.331829041 0.005183161 0.999961376 0.007093278 -0.667005718 -0.002276252 -0.007081557 0.999972343 18.421537399
0.999987662 -0.004520263 0.002038648 0.342203945 0.004503832 0.999957800 0.007993827 -0.688377678 -0.002074696 -0.007984547 0.999966025 18.884449005
0.999985874 -0.004969955 0.001857761 0.345501393 0.004956550 0.999962151 0.007151807 -0.705145180 -0.001893235 -0.007142498 0.999972701 19.307271957
0.999988377 -0.004517214 0.001679935 0.357743770 0.004504419 0.999961495 0.007543267 -0.718820095 -0.001713945 -0.007535613 0.999970198 19.788749695
0.999991179 -0.003560281 0.002243372 0.357477009 0.003542391 0.999962270 0.007928405 -0.734376311 -0.002271516 -0.007920388 0.999966025 20.279247284
0.999990046 -0.003765763 0.002385109 0.368621230 0.003744866 0.999955118 0.008705876 -0.768603802 -0.002417786 -0.008696858 0.999959290 20.796873093
0.999988794 -0.004546717 0.001279182 0.395571172 0.004536192 0.999956787 0.008114047 -0.783994615 -0.001316020 -0.008108155 0.999966323 21.328512192
0.999987423 -0.004897442 0.001042617 0.378023386 0.004888874 0.999955535 0.008066621 -0.790520132 -0.001082076 -0.008061423 0.999966919 21.832239151
0.999975502 -0.007003191 0.000087314 0.386777639 0.007002159 0.999937117 0.008758249 -0.838715553 -0.000148644 -0.008757423 0.999961615 22.259925842
0.999976456 -0.006855785 -0.000319019 0.384795755 0.006858377 0.999935985 0.008991163 -0.851375878 0.000257357 -0.008993140 0.999959469 22.775024414
0.999972165 -0.007421288 -0.000740634 0.391306609 0.007427784 0.999930143 0.009192547 -0.865452945 0.000672361 -0.009197791 0.999957383 23.310350418
0.999970913 -0.007574161 -0.001018642 0.392764181 0.007583207 0.999928951 0.009190641 -0.875302613 0.000948959 -0.009198098 0.999957144 23.876592636
0.999985814 -0.005226195 -0.001101271 0.382879913 0.005236244 0.999942839 0.009329327 -0.871338964 0.001052452 -0.009334961 0.999955833 24.409282684
0.999968290 -0.007376873 -0.002981688 0.428481311 0.007406346 0.999922574 0.009997627 -0.924002409 0.002907706 -0.010019396 0.999945521 24.840801239
0.999962687 -0.007804647 -0.003685629 0.436555743 0.007840889 0.999919951 0.009923559 -0.930074215 0.003607884 -0.009952089 0.999943912 25.377044678
0.999968648 -0.007001834 -0.003693959 0.438794017 0.007037933 0.999926686 0.009851560 -0.939232230 0.003624710 -0.009877250 0.999944687 25.921739578
0.999941766 -0.009514114 -0.005099891 0.473678261 0.009570289 0.999892533 0.011106445 -0.946245551 0.004993674 -0.011154605 0.999925315 26.472539902
0.999955177 -0.008377041 -0.004393958 0.430359781 0.008425346 0.999902964 0.011092730 -0.986099005 0.004300606 -0.011129254 0.999928832 27.083669662
0.999943137 -0.009166627 -0.005437793 0.452363014 0.009228925 0.999890745 0.011544180 -1.008809805 0.005331378 -0.011593712 0.999918580 27.625629425
0.999953389 -0.008362900 -0.004838175 0.444355130 0.008418320 0.999897778 0.011549989 -1.011199713 0.004741090 -0.011590178 0.999921560 28.187973022
0.999941647 -0.009256748 -0.005569401 0.471556753 0.009322657 0.999885380 0.011926883 -1.025707364 0.005458359 -0.011978108 0.999913335 28.713888168
0.999955237 -0.007680267 -0.005533442 0.470717311 0.007749414 0.999890804 0.012585072 -1.035665035 0.005436180 -0.012627389 0.999905467 29.280056000
0.999939859 -0.008736937 -0.006631313 0.463810086 0.008820377 0.999880970 0.012659513 -1.056902170 0.006519920 -0.012717240 0.999897897 29.777219772
0.999937356 -0.008749261 -0.006980621 0.480747461 0.008838032 0.999879181 0.012789047 -1.074048758 0.006867883 -0.012849940 0.999893904 30.315891266
0.999941647 -0.008491114 -0.006669084 0.476893336 0.008579416 0.999874413 0.013325764 -1.089851975 0.006555095 -0.013382205 0.999888957 30.878097534
0.999931931 -0.009234072 -0.007128701 0.491182566 0.009336260 0.999852180 0.014437093 -1.124044418 0.006994334 -0.014502667 0.999870360 31.378812790
0.999943852 -0.008027263 -0.006939181 0.444920331 0.008116711 0.999882996 0.012959439 -1.136146665 0.006834341 -0.013015035 0.999891937 31.816656113
0.999943495 -0.007975848 -0.007027256 0.447064340 0.008063941 0.999888003 0.012597923 -1.131349564 0.006925991 -0.012653880 0.999895871 32.368148804
0.999945223 -0.007802447 -0.006984869 0.456858277 0.007893511 0.999882877 0.013106045 -1.147271395 0.006881792 -0.013160462 0.999889731 32.979045868
0.999941707 -0.008015850 -0.007242518 0.431897461 0.008110506 0.999880791 0.013136277 -1.155886292 0.007136357 -0.013194251 0.999887466 33.421039581
0.999932289 -0.008700901 -0.007732089 0.438837230 0.008812956 0.999854863 0.014578539 -1.185691833 0.007604120 -0.014645694 0.999863863 33.946186066
0.999921381 -0.009474381 -0.008208363 0.481900126 0.009595131 0.999844432 0.014798313 -1.224296927 0.008066881 -0.014875911 0.999856830 34.399875641
0.999918044 -0.009444282 -0.008644485 0.491781324 0.009568727 0.999849498 0.014469358 -1.222630620 0.008506532 -0.014550890 0.999857962 34.941978455
0.999921560 -0.009044958 -0.008669565 0.491373688 0.009174115 0.999845743 0.014975466 -1.244181633 0.008532776 -0.015053827 0.999850273 35.483974457
0.999926150 -0.008717476 -0.008470184 0.484464586 0.008846828 0.999842882 0.015355736 -1.251326084 0.008334990 -0.015429537 0.999846220 36.023025513
0.999933660 -0.008146208 -0.008141970 0.496946305 0.008271284 0.999846399 0.015448029 -1.264804840 0.008014877 -0.015514350 0.999847591 36.549579620
0.999914050 -0.009868154 -0.008636526 0.502502918 0.009999819 0.999832273 0.015336904 -1.266560316 0.008483730 -0.015421949 0.999845088 37.137435913
0.999916971 -0.009331734 -0.008880476 0.507950306 0.009470599 0.999831498 0.015725840 -1.306457996 0.008732229 -0.015808640 0.999836922 37.500133514
0.999909878 -0.010363804 -0.008533342 0.492816925 0.010510187 0.999795258 0.017291829 -1.339597225 0.008352386 -0.017379958 0.999814034 38.025085449
0.999902666 -0.011099191 -0.008451613 0.468820184 0.011250116 0.999774277 0.018024707 -1.370429993 0.008249646 -0.018118037 0.999801755 38.563491821
0.999913454 -0.009823400 -0.008745301 0.498539925 0.009973641 0.999800503 0.017305354 -1.349881887 0.008573557 -0.017391082 0.999812007 39.119781494
0.999895275 -0.011431923 -0.008873847 0.492923021 0.011595976 0.999758542 0.018661398 -1.386407852 0.008658371 -0.018762346 0.999786437 39.674537659
0.999906182 -0.010486332 -0.008811643 0.504113972 0.010639881 0.999789059 0.017563475 -1.360944033 0.008625608 -0.017655581 0.999806941 40.246948242
0.999905646 -0.010402199 -0.008967910 0.503833711 0.010556204 0.999794543 0.017300164 -1.376802921 0.008786109 -0.017393202 0.999810100 40.853549957
0.999901414 -0.010868377 -0.008897739 0.508250177 0.011025322 0.999781013 0.017784070 -1.400487900 0.008702508 -0.017880414 0.999802232 41.410648346
0.999905169 -0.009462679 -0.010007774 0.559365273 0.009619503 0.999829769 0.015739881 -1.360545635 0.009857130 -0.015834657 0.999825954 41.611404419
0.999897778 -0.009797963 -0.010416897 0.568440437 0.009960130 0.999828219 0.015631441 -1.361226559 0.010261952 -0.015733598 0.999823511 42.174510956
0.999904275 -0.009117013 -0.010406611 0.577949762 0.009275637 0.999840021 0.015297553 -1.360351443 0.010265477 -0.015392618 0.999828815 42.737167358
0.999920070 -0.007812618 -0.009942942 0.595422506 0.007949978 0.999872446 0.013851115 -1.337003112 0.009833461 -0.013929053 0.999854624 43.304306030
0.999896705 -0.010079096 -0.010245929 0.569095433 0.010241362 0.999820948 0.015910039 -1.389160395 0.010083737 -0.016013328 0.999820948 43.665206909
0.999904215 -0.009528811 -0.010043442 0.575637221 0.009679484 0.999839723 0.015061811 -1.390846968 0.009898311 -0.015157581 0.999836147 44.224079132
0.999894023 -0.010070366 -0.010507107 0.584456444 0.010232246 0.999827862 0.015468575 -1.397741556 0.010349522 -0.015574446 0.999825120 44.754669189
0.999896049 -0.010024095 -0.010362180 0.585034132 0.010193616 0.999812901 0.016438289 -1.426041842 0.010195462 -0.016542207 0.999811172 45.186370850
0.999906301 -0.009472731 -0.009890472 0.577212453 0.009627886 0.999829531 0.015759317 -1.422962666 0.009739500 -0.015853064 0.999826908 45.750442505
0.999901235 -0.009532893 -0.010329530 0.586769342 0.009695323 0.999828279 0.015790388 -1.432982683 0.010177230 -0.015888974 0.999821901 46.287033081
0.999894917 -0.009744356 -0.010729690 0.590189040 0.009908411 0.999833167 0.015344169 -1.432143927 0.010578379 -0.015448869 0.999824703 46.836475372
0.999894977 -0.010305312 -0.010192535 0.591033638 0.010473217 0.999808013 0.016559362 -1.457541943 0.010019929 -0.016664373 0.999810934 47.198055267
0.999900341 -0.009795805 -0.010169799 0.606700778 0.009970832 0.999800503 0.017304631 -1.472297192 0.009998258 -0.017404307 0.999798596 47.729331970
0.999889314 -0.010568209 -0.010479260 0.632999778 0.010733342 0.999817073 0.015829027 -1.462660551 0.010310060 -0.015939752 0.999819815 48.302379608
0.999883354 -0.010969991 -0.010625757 0.620675743 0.011130952 0.999822378 0.015209301 -1.467395067 0.010457023 -0.015325801 0.999827862 48.817382812
0.999893188 -0.010324320 -0.010342347 0.607929468 0.010491390 0.999813318 0.016232235 -1.481378675 0.010172827 -0.016339010 0.999814749 49.193271637
0.999891877 -0.010148638 -0.010638147 0.623805583 0.010316756 0.999820828 0.015869454 -1.484050274 0.010475187 -0.015977491 0.999817431 49.746070862
0.999895215 -0.010037987 -0.010425728 0.625758052 0.010198297 0.999828815 0.015438767 -1.485688448 0.010268970 -0.015543477 0.999826491 50.277446747
0.999894619 -0.009906095 -0.010608084 0.647280097 0.010061941 0.999840677 0.014740054 -1.480923891 0.010460378 -0.014845238 0.999835014 50.826740265
0.999887705 -0.010317375 -0.010861776 0.631361306 0.010495603 0.999809086 0.016481733 -1.507392883 0.010689654 -0.016593885 0.999805152 51.183170319
0.999891222 -0.009877030 -0.010951666 0.632331491 0.010051165 0.999822080 0.015960837 -1.513035774 0.010792071 -0.016069176 0.999812663 51.725009918
0.999887168 -0.010280165 -0.010954167 0.639856219 0.010452376 0.999820888 0.015781537 -1.516657591 0.010789966 -0.015894255 0.999815404 52.227458954
0.999902189 -0.009787926 -0.009992181 0.592582941 0.009941041 0.999832153 0.015390616 -1.524298906 0.009839862 -0.015488445 0.999831557 52.745601654
0.999890566 -0.010366797 -0.010547979 0.616593182 0.010522560 0.999834776 0.014820384 -1.535486937 0.010392594 -0.014929756 0.999834538 53.290431976
0.999891222 -0.010275560 -0.010580972 0.624715924 0.010444948 0.999816120 0.016079819 -1.538291216 0.010413798 -0.016188586 0.999814749 53.693531036
0.999888361 -0.010382172 -0.010746046 0.632510364 0.010551782 0.999818802 0.015849123 -1.541367054 0.010579550 -0.015960747 0.999816656 54.253650665
0.999888539 -0.010608569 -0.010505055 0.627166033 0.010767975 0.999825954 0.015235729 -1.543088675 0.010341598 -0.015347148 0.999828696 54.779380798
0.999891281 -0.010511190 -0.010339510 0.619219542 0.010667851 0.999827325 0.015215108 -1.543841600 0.010177793 -0.015323754 0.999830782 55.284420013
0.999889970 -0.010658721 -0.010323448 0.592305541 0.010813661 0.999827981 0.015070895 -1.560457349 0.010161035 -0.015180872 0.999833167 55.792808533
0.999891698 -0.010761146 -0.010047180 0.590809524 0.010906750 0.999834716 0.014551525 -1.553921700 0.009888927 -0.014659529 0.999843657 56.301170349
0.999883354 -0.011183091 -0.010401044 0.639861763 0.011353146 0.999800444 0.016437065 -1.593146563 0.010215149 -0.016553232 0.999810815 56.626716614
0.999882340 -0.011358464 -0.010309316 0.644754291 0.011523639 0.999803901 0.016106330 -1.597033978 0.010124351 -0.016223235 0.999817073 57.175170898
0.999875844 -0.011826372 -0.010409128 0.662367284 0.011985171 0.999810636 0.015327705 -1.602827430 0.010225887 -0.015450557 0.999828339 57.717945099
0.999880612 -0.011242666 -0.010602240 0.653198004 0.011403678 0.999818683 0.015250225 -1.597844601 0.010428865 -0.015369311 0.999827445 58.244487762
0.999870062 -0.011906313 -0.010867774 0.672801554 0.012066925 0.999817014 0.014834666 -1.604951262 0.010689161 -0.014963880 0.999830902 58.770408630
0.999860168 -0.012301505 -0.011327391 0.691838324 0.012480329 0.999796391 0.015854022 -1.607880116 0.011130056 -0.015993172 0.999810159 59.105194092
0.999873161 -0.011880097 -0.010608906 0.676430702 0.012043024 0.999808431 0.015428244 -1.608391404 0.010423587 -0.015554051 0.999824703 59.666278839
0.999865472 -0.012205313 -0.010955419 0.706084490 0.012366458 0.999814510 0.014764012 -1.605390310 0.010773188 -0.014897506 0.999831021 60.178256989
0.999869823 -0.012382177 -0.010346234 0.674529135 0.012530474 0.999817967 0.014393662 -1.594948292 0.010166124 -0.014521432 0.999842882 60.720031738
0.999872983 -0.011594110 -0.010939036 0.731648684 0.011748930 0.999830246 0.014196567 -1.608937383 0.010772581 -0.014323285 0.999839425 61.243820190
0.999854386 -0.012987252 -0.011068181 0.655774355 0.013156678 0.999795258 0.015374622 -1.620744228 0.010866239 -0.015518003 0.999820530 61.635875702
0.999860704 -0.012736791 -0.010793925 0.653777540 0.012900682 0.999800444 0.015252475 -1.629316211 0.010597504 -0.015389598 0.999825358 62.168254852
0.999856889 -0.012899096 -0.010943797 0.677379608 0.013061626 0.999803543 0.014912122 -1.624467850 0.010749294 -0.015052931 0.999828875 62.739803314
0.999862611 -0.012879084 -0.010436270 0.681225955 0.013038696 0.999796808 0.015372988 -1.639571190 0.010236162 -0.015506949 0.999827385 63.276447296
0.999831200 -0.014078681 -0.011800030 0.730517447 0.014240668 0.999803901 0.013757912 -1.588279486 0.011604025 -0.013923632 0.999835730 63.721759796
0.999844074 -0.013713964 -0.011121450 0.677848995 0.013878665 0.999793112 0.014870011 -1.631484509 0.010915221 -0.015022044 0.999827564 64.034233093
0.999852300 -0.013558718 -0.010563944 0.677956462 0.013718277 0.999790609 0.015181062 -1.642094851 0.010355896 -0.015323738 0.999828935 64.584266663
0.999840200 -0.014044315 -0.011060831 0.687136590 0.014214494 0.999779522 0.015460597 -1.656402230 0.010841256 -0.015615351 0.999819279 65.158630371
0.999823093 -0.015198642 -0.011083070 0.717672646 0.015361062 0.999773741 0.014720050 -1.635629177 0.010856837 -0.014887693 0.999830246 65.735145569
0.999845266 -0.013530104 -0.011234889 0.723316550 0.013696466 0.999795675 0.014865113 -1.654475093 0.011031468 -0.015016693 0.999826372 65.981147766
0.999852777 -0.013015115 -0.011180737 0.734280169 0.013170977 0.999815583 0.013981614 -1.656469822 0.010996702 -0.014126817 0.999839723 66.524650574
0.999848783 -0.013429672 -0.011048975 0.738058090 0.013578432 0.999816716 0.013500645 -1.658113003 0.010865641 -0.013648630 0.999847770 67.073638916
0.999847710 -0.013227494 -0.011381028 0.754922509 0.013386255 0.999812543 0.013988459 -1.674439907 0.011193862 -0.014138679 0.999837339 67.608100891
0.999840260 -0.013634663 -0.011555960 0.760216713 0.013784118 0.999821067 0.012953643 -1.663240194 0.011377273 -0.013110860 0.999849319 68.110313416
0.999837041 -0.013860247 -0.011564082 0.771937609 0.014022679 0.999802470 0.014085452 -1.667539597 0.011366571 -0.014245317 0.999833882 68.382957458
0.999834061 -0.014080217 -0.011556492 0.778543413 0.014239966 0.999802530 0.013859443 -1.678175211 0.011359067 -0.014021707 0.999837220 68.929344177
0.999834895 -0.013836470 -0.011773541 0.781391263 0.013996784 0.999808908 0.013644718 -1.688255906 0.011582497 -0.013807259 0.999837577 69.500167847
0.999828815 -0.014145896 -0.011917816 0.778684139 0.014296754 0.999817550 0.012669716 -1.686213970 0.011736415 -0.012837935 0.999848723 70.061180115
0.999809027 -0.015342155 -0.012104114 0.814072907 0.015494161 0.999800980 0.012566026 -1.680866003 0.011908915 -0.012751170 0.999847770 70.678161621
0.999806702 -0.015480297 -0.012122727 0.812548935 0.015650785 0.999778152 0.014097191 -1.703258991 0.011901806 -0.014284196 0.999827147 70.837585449
0.999808848 -0.015324770 -0.012145234 0.817188144 0.015486569 0.999791086 0.013341805 -1.702428341 0.011938238 -0.013527340 0.999837220 71.377349854
0.999812007 -0.015109983 -0.012151385 0.792778015 0.015272817 0.999793291 0.013421161 -1.706681848 0.011946079 -0.013604225 0.999836087 71.918296814
0.999788642 -0.016168602 -0.012695347 0.854048252 0.016341761 0.999773204 0.013656516 -1.730515718 0.012471660 -0.013861095 0.999826193 72.435783386
0.999798834 -0.015571536 -0.012641547 0.872481048 0.015736770 0.999790609 0.013078279 -1.719564438 0.012435250 -0.013274587 0.999834538 72.888679504
0.999787569 -0.016097309 -0.012873088 0.868213475 0.016269155 0.999778330 0.013358058 -1.732605457 0.012655207 -0.013564654 0.999827921 73.263893127
0.999791086 -0.015760859 -0.013012463 0.871700823 0.015939882 0.999778032 0.013770618 -1.739128470 0.012792540 -0.013975158 0.999820471 73.821617126
0.999793828 -0.015802165 -0.012751859 0.835466087 0.015962986 0.999792993 0.012610274 -1.723039389 0.012549950 -0.012811230 0.999839187 74.460418701
0.999759376 -0.017198047 -0.013617310 0.885472178 0.017368337 0.999771178 0.012487713 -1.719388843 0.013399430 -0.012721219 0.999829233 74.898033142
0.999774635 -0.016437991 -0.013438670 0.944894314 0.016611638 0.999778628 0.012914001 -1.793504119 0.013223414 -0.013134326 0.999826252 75.343154907
0.999789417 -0.016244382 -0.012540452 0.861135244 0.016405797 0.999782503 0.012877801 -1.746172547 0.012328531 -0.013080824 0.999838412 75.826187134
0.999808192 -0.015856665 -0.011493048 0.868481278 0.016007002 0.999785960 0.013108940 -1.753989220 0.011282722 -0.013290393 0.999847949 76.364212036
0.999819517 -0.016185727 -0.009955315 0.867569804 0.016304633 0.999795258 0.011980992 -1.756772995 0.009759356 -0.012141146 0.999878645 76.943969727
0.999835730 -0.016257515 -0.008003531 0.870246708 0.016353585 0.999793172 0.012087775 -1.768122911 0.007805358 -0.012216677 0.999894798 77.454338074
0.999843180 -0.016100282 -0.007371649 0.851589561 0.016191747 0.999790430 0.012520620 -1.761243343 0.007168518 -0.012638016 0.999894440 77.916427612
0.999855280 -0.016367029 -0.004645421 0.869653165 0.016423047 0.999789536 0.012288301 -1.774446249 0.004443320 -0.012362813 0.999913692 78.472442627
0.999884307 -0.015200035 -0.000458317 0.875005007 0.015204712 0.999799728 0.013012383 -1.798858285 0.000260436 -0.013017848 0.999915183 79.022476196
0.999875307 -0.015703514 0.001662180 0.904818296 0.015683241 0.999809921 0.011577763 -1.757194996 -0.001843676 -0.011550251 0.999931514 79.586250305
0.999847949 -0.016550621 0.005481135 0.938790381 0.016489012 0.999802411 0.011100834 -1.747288704 -0.005663779 -0.011008768 0.999923408 80.071113586
0.999815643 -0.014378066 0.012726880 0.925705492 0.014212186 0.999814093 0.013029768 -1.801819921 -0.012911857 -0.012846489 0.999834120 80.480148315
0.999711871 -0.014688636 0.018986017 0.943519533 0.014440192 0.999809206 0.013157136 -1.815543056 -0.019175656 -0.012879184 0.999733210 81.041801453
0.999592125 -0.014109325 0.024828494 0.981382132 0.013783665 0.999817371 0.013238954 -1.821408749 -0.025010752 -0.012891329 0.999604046 81.556884766
0.999339044 -0.014159810 0.033481576 1.008705616 0.013710983 0.999813616 0.013596985 -1.823535085 -0.033667859 -0.013128934 0.999346852 82.066726685
0.999035060 -0.013119679 0.041913506 1.066804171 0.012562413 0.999829531 0.013531474 -1.841580868 -0.042083889 -0.012991885 0.999029577 82.593132019
0.998722196 -0.013752869 0.048628364 1.120729685 0.013100411 0.999820232 0.013710585 -1.841268897 -0.048808184 -0.013056017 0.998722851 83.167991638
0.998273849 -0.014628743 0.056879092 1.144708633 0.013859788 0.999807477 0.013890183 -1.857427359 -0.057071347 -0.013077876 0.998284400 83.636894226
0.997666001 -0.015505351 0.066498868 1.209708214 0.014607490 0.999795794 0.013966971 -1.858161092 -0.066701852 -0.012962993 0.997688711 84.177284241
0.996956348 -0.014770115 0.076550163 1.245127201 0.013713242 0.999803483 0.014313631 -1.866537929 -0.076746546 -0.013220313 0.996963024 84.707633972
0.996288359 -0.014594742 0.084831558 1.304871082 0.013429086 0.999807656 0.014295275 -1.885968208 -0.085023895 -0.013103007 0.996292770 85.249862671
0.995379865 -0.013517221 0.095058158 1.405850887 0.012175192 0.999818027 0.014683834 -1.909320474 -0.095239356 -0.013458643 0.995363474 85.772293091
0.994334817 -0.014543848 0.105292924 1.451423645 0.013040785 0.999803126 0.014949524 -1.890246391 -0.105489619 -0.013491730 0.994328856 86.224479675
0.993262827 -0.013957472 0.115039535 1.527885437 0.012302463 0.999810517 0.015083919 -1.905055523 -0.115228266 -0.013567027 0.993246377 86.767227173
0.991915226 -0.013981331 0.126129672 1.618439674 0.012112111 0.999805331 0.015574621 -1.902046561 -0.126322851 -0.013921008 0.991891503 87.313217163
0.990137100 -0.012268335 0.139563799 1.694029808 0.010227469 0.999830186 0.015331015 -1.914737940 -0.139728218 -0.013752422 0.990094423 87.874198914
0.988636076 -0.013387252 0.149731249 1.804488182 0.011284227 0.999825478 0.014886151 -1.920017004 -0.149904400 -0.013027386 0.988614619 88.416114807
0.987159669 -0.013475576 0.159167260 1.877210617 0.011130585 0.999816120 0.015615235 -1.905034423 -0.159348413 -0.013643104 0.987128139 88.974517822
0.985022962 -0.013056117 0.171928018 1.990664482 0.010540082 0.999823749 0.015539007 -1.910319448 -0.172100574 -0.013494145 0.984986961 89.518310547
0.982851446 -0.013827563 0.183880091 2.129849434 0.011074941 0.999810815 0.015988279 -1.928029776 -0.184066370 -0.013677643 0.982818723 90.054931641
0.980689585 -0.012804314 0.195151106 2.258544922 0.009926856 0.999827266 0.015715705 -1.933618307 -0.195318609 -0.013474992 0.980647266 90.612251282
0.977980793 -0.012887995 0.208296582 2.419252396 0.009642715 0.999815881 0.016588042 -1.960776448 -0.208472043 -0.014214239 0.977925122 91.116859436
0.974880874 -0.012642466 0.222367823 2.473939896 0.009189412 0.999820709 0.016556427 -1.910874367 -0.222537234 -0.014097115 0.974822283 91.569458008
0.972234368 -0.014236716 0.233575761 2.626453400 0.010703227 0.999808371 0.016388437 -1.915070176 -0.233764321 -0.013433387 0.972200513 92.113204956
0.969308257 -0.013604843 0.245471701 2.807905197 0.009866567 0.999815941 0.016452380 -1.926451445 -0.245650321 -0.013525463 0.969264209 92.637672424
0.965538025 -0.012533872 0.259959936 2.964584351 0.008474217 0.999824047 0.016731381 -1.938511372 -0.260123938 -0.013951827 0.965474427 93.180335999
0.962159753 -0.012805050 0.272184759 3.162170410 0.008631742 0.999826252 0.016524471 -1.951434135 -0.272349089 -0.013549754 0.962103069 93.669601440
0.958965242 -0.014791368 0.283137679 3.282688141 0.010386996 0.999800622 0.017050551 -1.928475976 -0.283333391 -0.013409936 0.958927691 94.136459351
0.954657674 -0.014435394 0.297355562 3.464469910 0.009871243 0.999809265 0.016845101 -1.929103017 -0.297542006 -0.013146034 0.954618216 94.674583435
0.949961782 -0.014302741 0.312038869 3.646297455 0.009351186 0.999805629 0.017359026 -1.941175938 -0.312226534 -0.013572475 0.949910641 95.208900452
0.946003139 -0.014829775 0.323818296 3.827213287 0.009887600 0.999808252 0.016902171 -1.944954515 -0.324006885 -0.012787718 0.945968330 95.711395264
0.941536367 -0.014510529 0.336598873 4.027692795 0.009089634 0.999802411 0.017675165 -1.958679080 -0.336788893 -0.013582250 0.941482246 96.217666626
0.936853528 -0.014800914 0.349408627 4.282289505 0.009233787 0.999802589 0.017593401 -1.950709224 -0.349600047 -0.013256075 0.936805248 96.689720154
0.932410479 -0.015715804 0.361059427 4.495641708 0.010018302 0.999794126 0.017646406 -1.951620698 -0.361262381 -0.012836490 0.932375848 97.164581299
0.927974522 -0.015983719 0.372300625 4.726255417 0.010003515 0.999788165 0.017989028 -1.961750507 -0.372509301 -0.012969045 0.927937806 97.664810181
0.922301829 -0.016359270 0.386123896 4.972867966 0.010318519 0.999789953 0.017712051 -1.964537501 -0.386332482 -0.012351631 0.922276855 98.149871826
0.917029142 -0.016718369 0.398469448 5.256542206 0.010242577 0.999778748 0.018375129 -2.007291555 -0.398688436 -0.012769176 0.916997433 98.591957092
0.912056625 -0.017501034 0.409690797 5.470626831 0.010834602 0.999768555 0.018587712 -2.007295132 -0.409921229 -0.012514208 0.912035048 99.098876953
0.906365097 -0.017387506 0.422137380 5.660045624 0.010467185 0.999770224 0.018705806 -2.011174917 -0.422365695 -0.012535696 0.906338751 99.549026489
0.899627090 -0.018703943 0.436258137 5.848030090 0.011597445 0.999753177 0.018947383 -1.986491323 -0.436504960 -0.011986100 0.899621964 100.026039124
0.893675685 -0.019598957 0.448285192 6.115295410 0.012590754 0.999747515 0.018608604 -1.987231493 -0.448536754 -0.010985809 0.893696845 100.511634827
0.888208568 -0.020706374 0.458973616 6.389289856 0.013769963 0.999734938 0.018454839 -1.993052125 -0.459234029 -0.010071697 0.888258219 100.982231140
0.880944073 -0.019580103 0.472815126 6.655776978 0.012063118 0.999748051 0.018925454 -2.001583815 -0.473066658 -0.010968644 0.880958378 101.435447693
