1.000000000 0.000000000 0.000000000 0.000000000 0.000000000 1.000000000 0.000000000 0.000000000 0.000000000 0.000000000 1.000000000 0.000000000
1.000000000 -0.000003198 0.000123113 -0.000921244 0.000003196 1.000000000 0.000016113 -0.000046252 -0.000123113 -0.000016113 1.000000000 0.000300480
1.000000000 0.000125241 0.000153261 -0.001412858 -0.000125249 1.000000000 0.000053630 0.000793730 -0.000153254 -0.000053649 1.000000000 0.001508631
1.000000000 0.000163250 -0.000019366 0.000186953 -0.000163247 1.000000000 0.000147563 -0.001162963 0.000019390 -0.000147560 1.000000000 -0.000453492
0.999999940 0.000242963 0.000107549 -0.001175660 -0.000242974 0.999999940 0.000095295 -0.000160630 -0.000107526 -0.000095321 1.000000000 0.000537951
1.000000000 0.000069215 0.000002297 -0.000684150 -0.000069215 1.000000000 0.000060186 -0.000130044 -0.000002293 -0.000060186 1.000000000 -0.000774330
1.000000000 0.000110503 0.000145708 -0.002222780 -0.000110498 1.000000000 -0.000031423 0.001621625 -0.000145711 0.000031407 1.000000000 0.003641187
1.000000000 -0.000032652 0.000170484 -0.001426165 0.000032637 1.000000000 0.000085796 0.000828918 -0.000170487 -0.000085791 1.000000000 0.003134733
1.000000000 0.000031632 0.000148476 -0.001551532 -0.000031622 1.000000000 -0.000066868 0.001563889 -0.000148478 0.000066863 1.000000000 0.002651321
1.000000000 0.000036685 0.000184720 -0.000934881 -0.000036688 1.000000000 0.000016950 0.000437766 -0.000184720 -0.000016956 1.000000000 0.000710779
1.000000000 -0.000049421 0.000189165 -0.001118215 0.000049422 1.000000000 -0.000002807 0.001479414 -0.000189165 0.000002816 1.000000000 0.002548800
1.000000000 0.000064458 0.000089737 -0.000555897 -0.000064462 1.000000000 0.000046410 -0.000053861 -0.000089734 -0.000046416 1.000000000 0.000516863
1.000000000 0.000034981 0.000161358 -0.001573270 -0.000034980 1.000000000 -0.000005512 0.001502819 -0.000161358 0.000005506 1.000000000 0.004114389
0.999999940 -0.000033809 0.000262217 -0.002458259 0.000033773 1.000000000 0.000138414 0.001020377 -0.000262221 -0.000138405 0.999999940 0.003949692
1.000000000 0.000041458 0.000166809 -0.002224604 -0.000041470 1.000000000 0.000074097 0.001093469 -0.000166806 -0.000074104 1.000000000 0.003497578
1.000000000 0.000080270 0.000094828 -0.001265198 -0.000080275 1.000000000 0.000053816 0.000472664 -0.000094824 -0.000053824 1.000000000 0.001957447
1.000000000 -0.000000923 0.000139169 -0.001247293 0.000000906 1.000000000 0.000117416 -0.000640845 -0.000139169 -0.000117416 1.000000000 0.000031692
0.999999940 0.000124839 0.000311212 -0.001741949 -0.000124882 1.000000000 0.000136846 -0.000335218 -0.000311195 -0.000136885 0.999999940 0.000486186
0.999999940 0.000181718 0.000277664 -0.003033000 -0.000181738 1.000000000 0.000069437 0.000402879 -0.000277652 -0.000069487 0.999999940 0.002652053
0.999999940 0.000204577 0.000197923 -0.002221643 -0.000204593 1.000000000 0.000084016 0.000782901 -0.000197906 -0.000084057 1.000000000 0.003679537
0.999999881 0.000378963 0.000317897 -0.002567354 -0.000379044 0.999999881 0.000257158 -0.000771485 -0.000317799 -0.000257279 0.999999940 0.001230113
0.999999821 0.000477842 0.000361619 -0.003177664 -0.000477896 0.999999881 0.000151164 -0.000205581 -0.000361547 -0.000151336 0.999999940 0.001587244
0.999999940 0.000156526 0.000271115 -0.002759968 -0.000156565 1.000000000 0.000143139 0.000467959 -0.000271092 -0.000143181 0.999999940 0.002846473
0.999999940 0.000093661 0.000314436 -0.001699671 -0.000093698 1.000000000 0.000117791 -0.000248556 -0.000314425 -0.000117820 0.999999940 0.001799797
0.999999940 0.000113208 0.000260949 -0.002261345 -0.000113211 1.000000000 0.000011303 0.000417009 -0.000260948 -0.000011332 0.999999940 0.000308067
1.000000000 0.000017182 0.000240162 -0.001152672 -0.000017176 1.000000000 -0.000025230 0.001202257 -0.000240163 0.000025226 1.000000000 0.001910809
0.999999940 0.000110690 0.000266411 -0.001666113 -0.000110716 1.000000000 0.000098356 -0.000241287 -0.000266400 -0.000098385 0.999999940 0.000443204
1.000000000 0.000043450 0.000221543 -0.000785080 -0.000043458 1.000000000 0.000034929 0.000613343 -0.000221542 -0.000034939 1.000000000 0.001153940
0.999999940 0.000221227 0.000351413 -0.003005144 -0.000221217 1.000000000 -0.000027460 0.001040217 -0.000351419 0.000027382 0.999999940 0.001233293
0.999999940 0.000127492 0.000317417 -0.003589675 -0.000127499 1.000000000 0.000024479 0.001712164 -0.000317414 -0.000024520 0.999999940 0.003589476
0.999999940 0.000155181 0.000323856 -0.002951338 -0.000155208 1.000000000 0.000083935 0.000886838 -0.000323843 -0.000083985 0.999999940 0.002875476
0.999999940 0.000087605 0.000297468 -0.002222940 -0.000087647 1.000000000 0.000140878 0.000249894 -0.000297456 -0.000140904 0.999999940 0.001432271
0.999999881 0.000285294 0.000374603 -0.003866924 -0.000285302 0.999999940 0.000020214 0.001586101 -0.000374597 -0.000020321 0.999999940 0.003574676
0.999999881 0.000275035 0.000437105 -0.003252837 -0.000275050 0.999999940 0.000033024 0.000992090 -0.000437095 -0.000033144 0.999999881 0.002524558
0.999999940 0.000133826 0.000261839 -0.000861359 -0.000133859 1.000000000 0.000124051 -0.000253238 -0.000261822 -0.000124086 0.999999940 0.000089806
0.999999881 0.000279051 0.000337048 -0.003091905 -0.000279039 0.999999940 -0.000037663 0.003028491 -0.000337058 0.000037569 0.999999940 0.005767032
0.999999940 0.000162818 0.000291713 -0.003271242 -0.000162807 1.000000000 -0.000037539 0.004208044 -0.000291719 0.000037491 0.999999940 0.007035478
0.999999940 -0.000131386 0.000250672 -0.001136855 0.000131373 1.000000000 0.000051399 0.001246759 -0.000250678 -0.000051366 0.999999940 0.002773193
0.999999940 0.000217776 0.000325418 -0.002553661 -0.000217818 0.999999940 0.000129554 0.000981958 -0.000325390 -0.000129625 0.999999940 0.003013294
1.000000000 -0.000031546 0.000236387 -0.001261670 0.000031532 1.000000000 0.000061982 0.001404085 -0.000236389 -0.000061975 0.999999940 0.002897360
0.999999881 0.000126747 0.000463793 -0.003164944 -0.000126734 1.000000000 -0.000029637 0.001773960 -0.000463797 0.000029578 0.999999881 0.004903070
0.999999940 -0.000215769 0.000239378 0.000406109 0.000215967 0.999999642 -0.000825139 0.000675760 -0.000239200 0.000825191 0.999999642 0.055008087
0.999999881 0.000257117 0.000351267 -0.001376417 -0.000256732 0.999999344 -0.001094698 -0.005862619 -0.000351548 0.001094608 0.999999344 0.133089781
1.000000000 0.000220358 0.000099304 0.002857743 -0.000220188 0.999998510 -0.001708346 -0.002892398 -0.000099680 0.001708324 0.999998510 0.255971223
0.999999940 0.000264368 0.000065434 0.004977930 -0.000264290 0.999999225 -0.001196438 -0.012126269 -0.000065750 0.001196421 0.999999285 0.385964006
1.000000000 0.000186653 0.000151991 0.008554160 -0.000186505 0.999999523 -0.000971994 -0.017108168 -0.000152172 0.000971966 0.999999523 0.524495542
0.999999940 0.000386049 0.000092932 0.012680187 -0.000385968 0.999999523 -0.000876477 -0.025193047 -0.000093271 0.000876441 0.999999583 0.667062283
0.999999881 0.000382745 0.000342138 0.016176419 -0.000382406 0.999999464 -0.000989959 -0.024534272 -0.000342517 0.000989828 0.999999464 0.839646637
1.000000000 0.000113849 0.000091274 0.017614568 -0.000113777 0.999999702 -0.000790297 -0.027587546 -0.000091364 0.000790287 0.999999702 1.013363957
1.000000000 -0.000018011 -0.000002146 0.022340164 0.000018010 0.999999881 -0.000482036 -0.033190154 0.000002155 0.000482036 0.999999881 1.191772461
0.999999762 0.000598036 0.000422094 0.015870547 -0.000597727 0.999999583 -0.000731142 -0.033169277 -0.000422531 0.000730889 0.999999642 1.370710969
0.999999940 0.000324516 0.000245221 0.035806160 -0.000324470 0.999999940 -0.000186293 -0.050177585 -0.000245281 0.000186214 0.999999940 1.563613057
0.999999881 0.000403531 0.000282320 0.036387369 -0.000403530 0.999999940 -0.000002218 -0.052668955 -0.000282321 0.000002104 0.999999940 1.760170937
0.999999940 0.000240645 -0.000319472 0.041751415 -0.000240790 0.999999881 -0.000452380 -0.052415665 0.000319364 0.000452457 0.999999821 1.961064458
1.000000000 0.000503869 -0.000064074 0.050958011 -0.000503968 0.999998689 -0.001544709 -0.051548727 0.000063296 0.001544741 0.999998748 2.164580107
0.999999583 0.001018309 -0.000127794 0.053334251 -0.001018575 0.999997318 -0.002101194 -0.053399906 0.000125654 0.002101323 0.999997795 2.380990267
0.999999344 0.001069808 0.000038304 0.058968842 -0.001069751 0.999998391 -0.001448498 -0.064585663 -0.000039853 0.001448457 0.999998927 2.605426550
0.999999821 0.000488653 -0.000113392 0.064651422 -0.000488806 0.999998987 -0.001358522 -0.072200127 0.000112728 0.001358578 0.999999046 2.837156534
0.999999702 0.000738172 -0.000062503 0.070318252 -0.000738255 0.999998748 -0.001346307 -0.078370705 0.000061509 0.001346353 0.999999106 3.062740088
0.999999762 0.000476395 -0.000432852 0.077381901 -0.000477200 0.999998093 -0.001860219 -0.079920441 0.000431965 0.001860425 0.999998152 3.306403160
0.999999583 0.000896947 0.000023966 0.076862082 -0.000896909 0.999998391 -0.001548546 -0.090918288 -0.000025355 0.001548524 0.999998808 3.555808067
0.999999464 0.001056355 -0.000043725 0.083752327 -0.001056422 0.999998212 -0.001579330 -0.097047940 0.000042057 0.001579375 0.999998748 3.810952902
0.999999821 0.000559580 -0.000133270 0.087173864 -0.000559816 0.999998212 -0.001780497 -0.101290137 0.000132274 0.001780571 0.999998391 4.071554184
0.999999166 0.001216982 0.000224372 0.087106399 -0.001216621 0.999997914 -0.001602993 -0.106807709 -0.000226323 0.001602718 0.999998748 4.332389355
0.999999642 0.000810468 0.000175925 0.091909885 -0.000810230 0.999998748 -0.001345166 -0.115495309 -0.000177015 0.001345023 0.999999106 4.578109741
0.999999106 0.001297988 0.000236247 0.099058338 -0.001297722 0.999998510 -0.001123173 -0.126625538 -0.000237705 0.001122865 0.999999344 4.826250553
0.999999702 0.000633802 0.000081156 0.105330586 -0.000633704 0.999998987 -0.001191653 -0.131929755 -0.000081912 0.001191601 0.999999344 5.101599216
0.999999821 0.000495354 0.000048805 0.110113934 -0.000495293 0.999998987 -0.001245400 -0.141191393 -0.000049422 0.001245375 0.999999285 5.355472088
0.999999285 0.000956799 0.000650470 0.108389877 -0.000955744 0.999998212 -0.001620073 -0.142183796 -0.000652019 0.001619450 0.999998450 5.632223606
0.999999166 0.001123412 0.000579919 0.112105869 -0.001122484 0.999998093 -0.001597004 -0.150025800 -0.000581712 0.001596352 0.999998510 5.904917240
0.999999404 0.000967167 0.000483067 0.122080207 -0.000966597 0.999998808 -0.001178747 -0.162206829 -0.000484207 0.001178280 0.999999166 6.178147793
0.999999285 0.001123596 0.000330007 0.125783414 -0.001123114 0.999998212 -0.001455866 -0.167485133 -0.000331643 0.001455494 0.999998868 6.461738586
0.999999464 0.000838725 0.000481238 0.131399617 -0.000837978 0.999998450 -0.001550169 -0.181295604 -0.000482538 0.001549765 0.999998629 6.743670464
0.999998689 0.001408776 0.000752387 0.131895930 -0.001407398 0.999997377 -0.001828222 -0.184966236 -0.000754961 0.001827161 0.999998033 7.048846245
0.999999046 0.001235294 0.000563310 0.142529830 -0.001234407 0.999997973 -0.001572792 -0.197135121 -0.000565251 0.001572095 0.999998629 7.342649460
0.999998987 0.001069681 0.000933800 0.146162942 -0.001067877 0.999997556 -0.001930569 -0.203191802 -0.000935862 0.001929570 0.999997675 7.653209686
0.999999046 0.001184974 0.000699784 0.160814479 -0.001184102 0.999998569 -0.001246117 -0.218047410 -0.000701260 0.001245287 0.999998987 7.950003624
0.999999225 0.000974226 0.000694744 0.165052846 -0.000973508 0.999998987 -0.001032566 -0.237979516 -0.000695749 0.001031889 0.999999166 8.276182175
0.999999225 0.001054890 0.000680584 0.173177898 -0.001054126 0.999998808 -0.001122407 -0.246650696 -0.000681767 0.001121689 0.999999106 8.606664658
0.999999046 0.000741832 0.001101344 0.172185674 -0.000740028 0.999998391 -0.001637569 -0.248989657 -0.001102558 0.001636752 0.999998033 8.953161240
0.999998331 0.001305347 0.001295439 0.179045349 -0.001303798 0.999998510 -0.001195724 -0.267361075 -0.001296998 0.001194033 0.999998450 9.277309418
0.999997497 0.001549170 0.001605374 0.175570786 -0.001547022 0.999997973 -0.001338318 -0.271944821 -0.001607444 0.001335831 0.999997735 9.633392334
0.999998868 0.001060316 0.001071760 0.189371780 -0.001059358 0.999998987 -0.000893998 -0.288589269 -0.001072706 0.000892862 0.999999046 9.951296806
0.999997258 0.001816398 0.001498684 0.194457337 -0.001815678 0.999998212 -0.000482295 -0.303021699 -0.001499558 0.000479572 0.999998748 10.310761452
0.999998391 0.001065564 0.001461953 0.200192615 -0.001064574 0.999999225 -0.000677775 -0.317727149 -0.001462674 0.000676218 0.999998689 10.664162636
0.999997735 0.001168886 0.001769617 0.208095849 -0.001167473 0.999999046 -0.000799243 -0.326035321 -0.001770549 0.000797175 0.999998093 11.033708572
0.999996483 0.001240470 0.002359361 0.209364891 -0.001237689 0.999998569 -0.001179661 -0.333565414 -0.002360820 0.001176737 0.999996483 11.414021492
0.999998033 0.000987555 0.001678393 0.223231822 -0.000986600 0.999999344 -0.000569393 -0.347904533 -0.001678954 0.000567737 0.999998450 11.791307449
0.999996066 0.001955613 0.001995581 0.228749603 -0.001953831 0.999997735 -0.000894991 -0.358915329 -0.001997327 0.000891088 0.999997675 12.178961754
0.999997437 0.001378667 0.001810935 0.240407228 -0.001376935 0.999998569 -0.000957293 -0.370731711 -0.001812252 0.000954797 0.999997914 12.576886177
0.999996901 0.001457225 0.001996709 0.245958045 -0.001455407 0.999998510 -0.000911872 -0.381623238 -0.001998035 0.000908964 0.999997616 12.978374481
0.999996960 0.001393141 0.002036376 0.255623847 -0.001391472 0.999998689 -0.000820736 -0.393896163 -0.002037517 0.000817900 0.999997556 13.372804642
0.999995172 0.001660474 0.002614964 0.262666702 -0.001658766 0.999998391 -0.000655317 -0.403899044 -0.002616047 0.000650976 0.999996424 13.787014008
0.999995172 0.001490988 0.002709447 0.267762423 -0.001489174 0.999998629 -0.000671443 -0.416681677 -0.002710444 0.000667405 0.999996126 14.198056221
0.999993920 0.001777236 0.003011512 0.279414743 -0.001775011 0.999998152 -0.000741603 -0.428740978 -0.003012824 0.000736253 0.999995232 14.618670464
0.999995232 0.001502282 0.002739542 0.293225795 -0.001501686 0.999998868 -0.000219668 -0.446732074 -0.002739870 0.000215553 0.999996245 15.053411484
0.999994457 0.001426500 0.003009520 0.305429786 -0.001425066 0.999998868 -0.000478374 -0.460022032 -0.003010199 0.000474082 0.999995351 15.482567787
0.999992549 0.001649060 0.003485832 0.312704146 -0.001647258 0.999998510 -0.000519691 -0.471709698 -0.003486684 0.000513945 0.999993801 15.924024582
0.999991715 0.001762146 0.003667179 0.324987918 -0.001760907 0.999998331 -0.000341203 -0.485744268 -0.003667774 0.000334742 0.999993205 16.370023727
0.999990284 0.001632318 0.004088831 0.332225800 -0.001630352 0.999998569 -0.000484153 -0.498610616 -0.004089615 0.000477482 0.999991536 16.817276001
0.999987364 0.001712050 0.004720988 0.340841979 -0.001712017 0.999998629 -0.000010924 -0.514650762 -0.004721000 0.000002842 0.999988854 17.274894714
0.999985933 0.001963526 0.004924163 0.346500456 -0.001962540 0.999998033 -0.000205188 -0.526084900 -0.004924556 0.000195522 0.999987841 17.737659454
0.999983728 0.002327605 0.005197039 0.357446611 -0.002324571 0.999997079 -0.000589849 -0.538124144 -0.005198397 0.000577759 0.999986291 18.206293106
0.999984741 0.002050649 0.005132085 0.375384986 -0.002049237 0.999997854 -0.000280455 -0.550864458 -0.005132649 0.000269934 0.999986768 18.683050156
0.999983549 0.001946730 0.005404385 0.388143778 -0.001944220 0.999998033 -0.000469616 -0.561809897 -0.005405289 0.000459101 0.999985278 19.152070999
0.999982655 0.001860513 0.005598604 0.405480921 -0.001857917 0.999998212 -0.000468862 -0.574983001 -0.005599466 0.000458452 0.999984145 19.637193680
0.999982536 0.001509643 0.005705833 0.407052875 -0.001506639 0.999998868 -0.000530657 -0.586918712 -0.005706626 0.000522052 0.999983609 20.129264832
0.999982238 0.002395132 0.005455499 0.421360999 -0.002393047 0.999997079 -0.000388713 -0.601996899 -0.005456413 0.000375650 0.999985099 20.624521255
0.999982476 0.002169814 0.005503792 0.431119442 -0.002163325 0.999996901 -0.001184752 -0.603380144 -0.005506346 0.001172825 0.999984205 21.137828827
0.999988019 0.001908219 0.004503476 0.452033550 -0.001907873 0.999998152 -0.000081172 -0.636072576 -0.004503621 0.000072579 0.999989867 21.624891281
0.999987662 0.001977270 0.004551935 0.460833013 -0.001979593 0.999997914 0.000505942 -0.659265935 -0.004550925 -0.000514947 0.999989510 22.127090454
0.999988019 0.002163657 0.004385906 0.473617405 -0.002166600 0.999997377 0.000666313 -0.674484611 -0.004384454 -0.000675807 0.999990165 22.632787704
0.999992251 0.002321956 0.003166220 0.487284064 -0.002322277 0.999997318 0.000097625 -0.683872283 -0.003165983 -0.000104977 0.999994993 23.158861160
0.999995232 0.001830341 0.002514767 0.502066553 -0.001831052 0.999998331 0.000280305 -0.701895952 -0.002514250 -0.000284908 0.999996781 23.676664352
0.999997675 0.000887018 0.001952813 0.504606247 -0.000885886 0.999999464 -0.000580107 -0.711156666 -0.001953328 0.000578376 0.999997914 24.214458466
0.999996185 0.001907397 0.001988105 0.507892966 -0.001906786 0.999998212 -0.000309191 -0.722934842 -0.001988691 0.000305399 0.999997914 24.758438110
0.999996126 0.002621611 0.000881127 0.524303257 -0.002621509 0.999996543 -0.000115938 -0.740487933 -0.000881429 0.000113628 0.999999583 25.280029297
0.999997258 0.002250733 0.000444816 0.532242358 -0.002250671 0.999997437 -0.000139535 -0.752259970 -0.000445129 0.000138533 0.999999821 25.834722519
0.999996901 0.002477919 0.000122461 0.539423704 -0.002477934 0.999996901 0.000124368 -0.773173392 -0.000122152 -0.000124671 0.999999940 26.382368088
0.999998033 0.001931182 -0.000400299 0.552916944 -0.001930902 0.999997914 0.000696040 -0.788435400 0.000401642 -0.000695265 0.999999702 26.929813385
0.999997616 0.002167097 0.000073538 0.548926830 -0.002167161 0.999997199 0.000881025 -0.796941876 -0.000071628 -0.000881182 0.999999583 27.495052338
0.999996722 0.002474264 -0.000699352 0.555679917 -0.002473947 0.999996841 0.000454459 -0.814855635 0.000700474 -0.000452727 0.999999642 28.043901443
0.999996006 0.002753439 -0.000636442 0.562201560 -0.002752773 0.999995649 0.001046787 -0.831274867 0.000639321 -0.001045031 0.999999225 28.587900162
0.999995410 0.003003099 -0.000383572 0.568150103 -0.003002807 0.999995232 0.000758912 -0.842062771 0.000385849 -0.000757757 0.999999583 29.131328583
0.999994218 0.002919037 -0.001702562 0.584721267 -0.002917644 0.999995351 0.000820241 -0.862391412 0.001704949 -0.000815268 0.999998212 29.691766739
0.999993861 0.002942667 -0.001887277 0.590036929 -0.002941113 0.999995351 0.000825493 -0.874520302 0.001889697 -0.000819937 0.999997854 30.239982605
0.999992847 0.003196123 -0.002010779 0.597093642 -0.003194751 0.999994576 0.000685209 -0.890213311 0.002012958 -0.000678781 0.999997735 30.795434952
0.999993145 0.002900684 -0.002305127 0.609868705 -0.002898929 0.999995530 0.000763973 -0.906678319 0.002307333 -0.000757285 0.999997079 31.343877792
0.999991477 0.003138857 -0.002658301 0.618078172 -0.003136579 0.999994695 0.000860491 -0.921379447 0.002660987 -0.000852145 0.999996126 31.893539429
0.999992669 0.002772757 -0.002638822 0.624717653 -0.002771181 0.999996006 0.000600875 -0.932516217 0.002640477 -0.000593558 0.999996364 32.451641083
0.999991477 0.003210829 -0.002631413 0.630187154 -0.003208432 0.999994457 0.000914845 -0.948654175 0.002634336 -0.000906394 0.999996126 32.994148254
0.999986827 0.004146262 -0.003033988 0.640219688 -0.004142930 0.999990880 0.001103817 -0.969771802 0.003038537 -0.001091233 0.999994814 33.527347565
0.999988317 0.003625967 -0.003169993 0.649555683 -0.003623534 0.999993145 0.000773078 -0.977244318 0.003172774 -0.000761583 0.999994695 34.100910187
0.999989569 0.003420696 -0.003011702 0.650977135 -0.003416826 0.999993324 0.001289407 -0.995707512 0.003016093 -0.001279103 0.999994636 34.646881104
0.999988556 0.003335533 -0.003430546 0.669135928 -0.003332529 0.999994040 0.000880899 -1.010816216 0.003433464 -0.000869456 0.999993742 35.192939758
0.999989867 0.002794507 -0.003536780 0.677458227 -0.002791647 0.999995768 0.000813415 -1.024995208 0.003539038 -0.000803533 0.999993443 35.740196228
0.999986887 0.003516502 -0.003747037 0.688029647 -0.003511911 0.999993026 0.001231213 -1.049587846 0.003751341 -0.001218038 0.999992251 36.279754639
0.999987245 0.003456793 -0.003679651 0.692335188 -0.003454941 0.999994040 0.000509693 -1.052760482 0.003681391 -0.000496974 0.999993086 36.855766296
0.999988317 0.003381074 -0.003433205 0.700533211 -0.003379179 0.999994159 0.000557779 -1.066374779 0.003435071 -0.000546171 0.999993980 37.398605347
0.999985874 0.003350785 -0.004123600 0.706347585 -0.003349496 0.999994338 0.000319532 -1.080576777 0.004124647 -0.000305715 0.999991477 37.958969116
0.999989033 0.002723904 -0.003803070 0.712709367 -0.002723800 0.999996305 0.000032669 -1.092234731 0.003803145 -0.000022309 0.999992788 38.512504578
0.999987841 0.003220537 -0.003727499 0.717118621 -0.003220301 0.999994755 0.000069276 -1.108296752 0.003727703 -0.000057271 0.999993086 39.062690735
0.999986529 0.003520059 -0.003812090 0.721202374 -0.003516938 0.999993503 0.000825047 -1.132090569 0.003814970 -0.000811629 0.999992311 39.612575531
0.999985993 0.003742122 -0.003729942 0.730720758 -0.003740294 0.999992967 0.000496920 -1.143387675 0.003731775 -0.000482962 0.999992907 40.167293549
0.999984920 0.003859319 -0.003918923 0.748060524 -0.003855249 0.999992013 0.001045692 -1.166748881 0.003922928 -0.001030568 0.999991715 40.711349487
0.999987781 0.003220632 -0.003752417 0.762827694 -0.003219411 0.999994814 0.000331393 -1.169580460 0.003753464 -0.000319308 0.999992907 41.246097565
0.999985456 0.003142341 -0.004370413 0.758123875 -0.003138535 0.999994636 0.000877366 -1.189375758 0.004373146 -0.000863636 0.999990046 41.806793213
0.999982059 0.003810012 -0.004612643 0.766976714 -0.003807799 0.999992669 0.000488321 -1.203891277 0.004614469 -0.000470749 0.999989212 42.357379913
0.999982774 0.003434828 -0.004760459 0.787028551 -0.003429658 0.999993622 0.001093445 -1.220776081 0.004764184 -0.001077099 0.999988019 42.890350342
0.999983251 0.003498025 -0.004614533 0.795542181 -0.003495102 0.999993622 0.000641357 -1.229025841 0.004616748 -0.000625218 0.999989152 43.426158905
0.999984980 0.003760919 -0.003988077 0.770909667 -0.003757016 0.999992371 0.000985540 -1.247823000 0.003991753 -0.000970542 0.999991536 44.010601044
0.999987721 0.002717463 -0.004152779 0.781020164 -0.002710205 0.999994755 0.001752502 -1.267730713 0.004157519 -0.001741225 0.999989808 44.556018829
0.999989808 0.003495753 -0.002843326 0.774519801 -0.003489586 0.999991417 0.002170786 -1.285428405 0.002850891 -0.002160842 0.999993563 45.101676941
0.999985933 0.003863133 -0.003636831 0.789828062 -0.003859317 0.999992013 0.001055500 -1.287616134 0.003640879 -0.001041450 0.999992788 45.653404236
0.999987304 0.003553948 -0.003575404 0.802409530 -0.003549102 0.999992788 0.001360852 -1.303386211 0.003580215 -0.001348145 0.999992669 46.203937531
0.999986351 0.003215632 -0.004123885 0.811298430 -0.003211798 0.999994397 0.000935704 -1.314796329 0.004126870 -0.000922446 0.999991059 46.743179321
0.999985874 0.003776914 -0.003755568 0.821106493 -0.003771864 0.999991953 0.001350848 -1.330351114 0.003760640 -0.001336663 0.999992013 47.294780731
0.999989092 0.002883588 -0.003665213 0.818598390 -0.002880663 0.999995530 0.000803060 -1.338569522 0.003667513 -0.000792493 0.999992907 47.843936920
0.999988139 0.003597763 -0.003268609 0.825780034 -0.003595075 0.999993205 0.000827722 -1.353541136 0.003271565 -0.000815962 0.999994278 48.403526306
0.999990165 0.002373505 -0.003766708 0.841420889 -0.002368436 0.999996305 0.001349580 -1.369128942 0.003769897 -0.001340646 0.999991953 48.931873322
0.999987960 0.003220045 -0.003685696 0.839814842 -0.003216366 0.999994338 0.001003699 -1.384206772 0.003688906 -0.000991832 0.999992728 49.488109589
0.999989808 0.003127085 -0.003252321 0.851042330 -0.003125431 0.999994993 0.000513476 -1.395194769 0.003253910 -0.000503306 0.999994636 50.038616180
0.999989271 0.003576577 -0.002948866 0.860453010 -0.003575779 0.999993563 0.000275929 -1.410680771 0.002949834 -0.000265381 0.999995649 50.584903717
0.999986589 0.003671135 -0.003640970 0.863456368 -0.003669577 0.999993145 0.000434444 -1.424492717 0.003642540 -0.000421077 0.999993265 51.135021210
0.999989092 0.003663569 -0.002921468 0.871018469 -0.003661669 0.999993086 0.000655484 -1.440672159 0.002923849 -0.000644780 0.999995530 51.691970825
0.999988377 0.003610859 -0.003214744 0.881585479 -0.003608820 0.999993265 0.000639881 -1.457198381 0.003217033 -0.000628272 0.999994636 52.232997894
0.999987900 0.003078027 -0.003843974 0.896371841 -0.003077151 0.999995172 0.000233607 -1.471697688 0.003844675 -0.000221775 0.999992549 52.768115997
0.999988556 0.003456454 -0.003324890 0.899775624 -0.003453293 0.999993563 0.000955784 -1.486601830 0.003328172 -0.000944291 0.999994040 53.309360504
0.999987662 0.003142062 -0.003842203 0.908273041 -0.003139923 0.999994874 0.000562648 -1.503684640 0.003843952 -0.000550577 0.999992430 53.867233276
0.999987841 0.003541420 -0.003446437 0.920839906 -0.003539371 0.999993563 0.000600527 -1.519085884 0.003448541 -0.000588321 0.999993920 54.414840698
0.999988675 0.003297311 -0.003427290 0.920633614 -0.003295057 0.999994338 0.000663094 -1.532092810 0.003429457 -0.000651793 0.999993920 54.955848694
0.999988616 0.003500775 -0.003257096 0.922246993 -0.003499964 0.999993861 0.000254661 -1.546608210 0.003257968 -0.000243259 0.999994636 55.507385254
0.999988139 0.003447685 -0.003447306 0.935985684 -0.003445632 0.999993801 0.000601284 -1.561622262 0.003449358 -0.000589399 0.999993861 56.042549133
0.999988258 0.003470286 -0.003387274 0.941375852 -0.003468129 0.999993801 0.000642296 -1.574698925 0.003389482 -0.000630541 0.999993980 56.592937469
0.999988556 0.003730382 -0.003012608 0.956328630 -0.003728450 0.999992907 0.000646660 -1.593520999 0.003014999 -0.000635420 0.999995232 57.139614105
0.999987602 0.003803273 -0.003206486 0.966280699 -0.003800406 0.999992311 0.000899640 -1.610663891 0.003209883 -0.000887442 0.999994457 57.677803040
0.999984860 0.003934667 -0.003849823 0.976461053 -0.003930647 0.999991715 0.001051080 -1.630942106 0.003853926 -0.001035932 0.999992073 58.223041534
0.999988317 0.003866780 -0.002889282 0.988741219 -0.003864330 0.999992192 0.000853305 -1.643766642 0.002892558 -0.000842130 0.999995470 58.757720947
0.999989510 0.003270821 -0.003213038 0.987880886 -0.003270028 0.999994636 0.000252229 -1.647222400 0.003213845 -0.000241720 0.999994814 59.313568115
0.999988616 0.003029195 -0.003699326 1.002334118 -0.003029292 0.999995410 -0.000020630 -1.663251519 0.003699246 0.000031836 0.999993205 59.856914520
0.999989867 0.003521150 -0.002821023 1.006227732 -0.003520489 0.999993742 0.000239434 -1.677100658 0.002821850 -0.000229500 0.999995947 60.405990601
0.999987364 0.003951035 -0.003091410 1.006813645 -0.003949590 0.999992013 0.000473407 -1.697164655 0.003093256 -0.000461191 0.999995053 60.951320648
0.999987543 0.004585197 -0.001929326 1.011848927 -0.004584008 0.999989331 0.000619840 -1.716381788 0.001932148 -0.000610988 0.999997914 61.502342224
0.999989092 0.004056786 -0.002287749 1.025761843 -0.004056040 0.999991655 0.000330813 -1.725094438 0.002289071 -0.000321531 0.999997318 62.054729462
0.999986887 0.004233562 -0.002890244 1.032927394 -0.004233322 0.999991059 0.000089227 -1.738592982 0.002890596 -0.000076990 0.999995828 62.569377899
0.999986172 0.004524712 -0.002679620 1.042037487 -0.004524179 0.999989688 0.000204805 -1.758862615 0.002680519 -0.000192679 0.999996424 63.113811493
0.999986053 0.004854558 -0.002108359 1.042080164 -0.004852981 0.999987900 0.000752493 -1.776108503 0.002111987 -0.000742251 0.999997497 63.660358429
0.999985099 0.004639025 -0.002882384 1.061301351 -0.004637636 0.999989152 0.000488225 -1.791316152 0.002884617 -0.000474850 0.999995708 64.194786072
0.999987245 0.004585415 -0.002116507 1.059978247 -0.004584730 0.999989450 0.000328964 -1.806299806 0.002117994 -0.000319256 0.999997675 64.743919373
0.999984324 0.005246063 -0.001967059 1.071822405 -0.005245140 0.999986172 0.000474170 -1.814352512 0.001969519 -0.000463845 0.999997914 65.275878906
0.999985933 0.004747250 -0.002370958 1.076133490 -0.004746046 0.999988735 0.000513920 -1.836918592 0.002373369 -0.000502660 0.999997079 65.817817688
0.999986529 0.004898114 -0.001705484 1.084165931 -0.004897387 0.999987960 0.000430968 -1.848099470 0.001707574 -0.000422610 0.999998450 66.374862671
0.999985933 0.005010612 -0.001708455 1.092283845 -0.005010634 0.999987423 -0.000008737 -1.859193563 0.001708389 0.000017297 0.999998510 66.929649353
0.999986410 0.004900727 -0.001804881 1.102575302 -0.004899740 0.999987900 0.000550715 -1.882407188 0.001807558 -0.000541864 0.999998212 67.463890076
0.999986589 0.004775472 -0.002005080 1.106836200 -0.004771660 0.999986827 0.001901692 -1.919154406 0.002014134 -0.001892100 0.999996185 67.977600098
0.999984086 0.005304354 -0.001936854 1.118856788 -0.005301062 0.999984562 0.001701386 -1.936535239 0.001945849 -0.001691092 0.999996722 68.514045715
0.999981880 0.005710969 -0.001918163 1.127642870 -0.005707697 0.999982238 0.001707608 -1.953207731 0.001927880 -0.001696628 0.999996722 69.061645508
0.999984503 0.005254461 -0.001853463 1.120438576 -0.005250984 0.999984443 0.001875932 -1.968285561 0.001863291 -0.001866170 0.999996543 69.592742920
0.999983788 0.005538681 -0.001382912 1.130653024 -0.005536269 0.999983132 0.001742939 -1.978482127 0.001392543 -0.001735254 0.999997556 70.145057678
0.999982595 0.005884761 -0.000366615 1.131404042 -0.005884157 0.999981344 0.001624958 -1.996349931 0.000376170 -0.001622773 0.999998689 70.702835083
0.999984562 0.005494133 -0.000941708 1.127318859 -0.005492391 0.999983191 0.001845646 -2.013207197 0.000951834 -0.001840445 0.999997854 71.229843140
0.999983013 0.005800769 -0.000647446 1.141156673 -0.005799437 0.999981105 0.002042815 -2.030080795 0.000659284 -0.002039025 0.999997675 71.776161194
0.999979377 0.006430617 -0.000207912 1.148714304 -0.006430224 0.999977648 0.001839905 -2.039336205 0.000219740 -0.001838530 0.999998331 72.330665588
0.999979734 0.006349877 -0.000492626 1.148596525 -0.006348900 0.999977946 0.001957120 -2.063436508 0.000505043 -0.001953953 0.999997973 72.858016968
0.999983072 0.005811354 -0.000252998 1.162509680 -0.005810822 0.999981046 0.002055729 -2.081760168 0.000264941 -0.002054225 0.999997854 73.399490356
0.999984562 0.005557927 -0.000183972 1.167943954 -0.005557486 0.999981880 0.002316825 -2.098222256 0.000196844 -0.002315766 0.999997318 73.953132629
0.999982297 0.005909307 -0.000610088 1.179592252 -0.005908195 0.999980927 0.001811038 -2.103576422 0.000620779 -0.001807402 0.999998152 74.477661133
0.999982417 0.005896208 -0.000639548 1.192642093 -0.005894852 0.999980390 0.002100350 -2.118088722 0.000651922 -0.002096543 0.999997556 75.016281128
0.999979675 0.006367001 -0.000278864 1.198244095 -0.006366298 0.999976695 0.002451714 -2.136694908 0.000294468 -0.002449888 0.999996901 75.555305481
0.999983490 0.005721216 -0.000520540 1.211882234 -0.005720154 0.999981582 0.002019100 -2.148773193 0.000532082 -0.002016089 0.999997854 76.106163025
0.999978721 0.006184323 -0.002111975 1.222438097 -0.006179867 0.999978662 0.002109738 -2.165200949 0.002124977 -0.002096641 0.999995589 76.664749146
0.999979973 0.006326504 0.000274706 1.225144386 -0.006326960 0.999978542 0.001694544 -2.171623468 -0.000263980 -0.001696249 0.999998569 77.210067749
0.999984622 0.005536591 -0.000179699 1.237684369 -0.005536245 0.999982953 0.001868973 -2.188852072 0.000190042 -0.001867950 0.999998212 77.749420166
0.999982536 0.005905504 0.000137492 1.248573661 -0.005905821 0.999979615 0.002428704 -2.210583448 -0.000123145 -0.002429473 0.999996960 78.301567078
0.999979973 0.006334046 0.000069831 1.258181453 -0.006334183 0.999977648 0.002162381 -2.222978830 -0.000056132 -0.002162779 0.999997675 78.849815369
0.999984622 0.005495408 -0.000642070 1.278205276 -0.005494066 0.999982774 0.002071755 -2.235681772 0.000653444 -0.002068195 0.999997675 79.375274658
0.999981821 0.005989701 -0.000523794 1.284376502 -0.005988810 0.999980569 0.001686252 -2.248866796 0.000533885 -0.001683085 0.999998510 79.922195435
0.999985635 0.005329646 -0.000604191 1.298325777 -0.005328567 0.999984145 0.001773916 -2.261975288 0.000613639 -0.001770672 0.999998271 80.459457397
0.999985158 0.005416328 0.000554258 1.309875965 -0.005417349 0.999983609 0.001858157 -2.275648117 -0.000544185 -0.001861131 0.999998093 81.012374878
0.999979138 0.006073914 0.002177955 1.315529227 -0.006077923 0.999979854 0.001838490 -2.291354418 -0.002166743 -0.001851689 0.999995947 81.557800293
0.999978185 0.005811528 0.003126418 1.329373360 -0.005817824 0.999981046 0.002008894 -2.310244322 -0.003114684 -0.002027039 0.999993026 82.095291138
0.999973655 0.005771380 0.004405820 1.343245625 -0.005779671 0.999981523 0.001871605 -2.321189642 -0.004394937 -0.001897020 0.999988556 82.638656616
0.999949813 0.006129179 0.007930866 1.361167669 -0.006142035 0.999979854 0.001597630 -2.335521698 -0.007920914 -0.001646262 0.999967337 83.185104370
0.999915361 0.005959068 0.011566426 1.379364610 -0.005982137 0.999980330 0.001960806 -2.350817204 -0.011554510 -0.002029833 0.999931276 83.722991943
0.999867499 0.006294045 0.015011442 1.396014214 -0.006321783 0.999978483 0.001801027 -2.363941908 -0.014999780 -0.001895688 0.999885738 84.273712158
0.999786079 0.006349633 0.019682130 1.421209574 -0.006385592 0.999978065 0.001764841 -2.378339052 -0.019670490 -0.001890146 0.999804735 84.811943054
0.999649644 0.006111499 0.025752144 1.446057916 -0.006147728 0.999980211 0.001327861 -2.388039589 -0.025743522 -0.001485713 0.999667466 85.368103027
0.999504209 0.005792748 0.030948775 1.484053373 -0.005855765 0.999980986 0.001945922 -2.413207293 -0.030936912 -0.002126187 0.999519050 85.902328491
0.999320209 0.005356830 0.036477745 1.523188353 -0.005406558 0.999984622 0.001264719 -2.422355413 -0.036470398 -0.001461078 0.999333620 86.450622559
0.998967230 0.005896517 0.045054324 1.551287651 -0.005988634 0.999980211 0.001909818 -2.440320969 -0.045042176 -0.002177660 0.998982728 86.989639282
0.998551488 0.005885590 0.053480998 1.599838495 -0.005990228 0.999980390 0.001796446 -2.452607155 -0.053469375 -0.002114208 0.998567283 87.542137146
0.998166978 0.005719163 0.060248826 1.646042824 -0.005840534 0.999981225 0.001838614 -2.466693878 -0.060237195 -0.002187129 0.998181701 88.075981140
0.997559726 0.005552738 0.069596410 1.701756477 -0.005686733 0.999982357 0.001727346 -2.478712559 -0.069585599 -0.002118907 0.997573674 88.624847412
0.996824503 0.005279984 0.079454981 1.770793438 -0.005419956 0.999984145 0.001546099 -2.492284536 -0.079445556 -0.001971831 0.996837318 89.153381348
0.996116102 0.005225266 0.087894373 1.826107025 -0.005367063 0.999984622 0.001377000 -2.506259680 -0.087885827 -0.001843387 0.996128857 89.718215942
0.995337903 0.005356506 0.096300170 1.893781662 -0.005511394 0.999983907 0.001342470 -2.520490885 -0.096291423 -0.001866960 0.995351493 90.260597229
0.994246185 0.005415779 0.106981419 1.968552113 -0.005594986 0.999983549 0.001375061 -2.535361767 -0.106972210 -0.001965710 0.994260013 90.808868408
0.993007421 0.005425888 0.117927209 2.044722557 -0.005638954 0.999983013 0.001473179 -2.551112652 -0.117917217 -0.002127863 0.993021190 91.340682983
0.991951644 0.004746331 0.126528174 2.135536194 -0.004933127 0.999987185 0.001163019 -2.558007479 -0.126521006 -0.001777839 0.991962314 91.847518921
0.990384579 0.005440487 0.138234749 2.221751213 -0.005724709 0.999982178 0.001658570 -2.585306644 -0.138223261 -0.002433975 0.990398109 92.463714600
0.988638699 0.004690101 0.150238112 2.327506065 -0.004977867 0.999986470 0.001539399 -2.602443457 -0.150228828 -0.002269776 0.988648713 92.997100830
0.987047195 0.004135446 0.160376310 2.447801590 -0.004491599 0.999988198 0.001858270 -2.624383211 -0.160366714 -0.002554544 0.987054169 93.516769409
0.985246062 0.004042029 0.171095937 2.560572624 -0.004408529 0.999988735 0.001762178 -2.637372255 -0.171086863 -0.002490460 0.985252738 94.065940857
0.982950091 0.003953137 0.183830023 2.681161880 -0.004323542 0.999989390 0.001614163 -2.649312496 -0.183821678 -0.002381438 0.982956707 94.587959290
0.980520427 0.003646667 0.196383387 2.812519073 -0.004060819 0.999990284 0.001706277 -2.665039301 -0.196375236 -0.002470517 0.980525672 95.120048523
0.978298366 0.003719498 0.207167745 2.930498123 -0.004178999 0.999989688 0.001780432 -2.677192450 -0.207158983 -0.002607549 0.978303790 95.689666748
0.975414217 0.003833100 0.220345959 3.075700760 -0.004350627 0.999988854 0.001863464 -2.698066711 -0.220336378 -0.002776292 0.975419998 96.210517883
0.972457886 0.003530102 0.233052045 3.230506897 -0.004064763 0.999990106 0.001813949 -2.705607891 -0.233043343 -0.002711291 0.972462595 96.746017456
0.969624519 0.002908813 0.244580925 3.367284775 -0.003498524 0.999991953 0.001976706 -2.724719286 -0.244573191 -0.002772335 0.969626844 97.277496338
0.966545045 0.002479093 0.256484896 3.533145905 -0.003094196 0.999993265 0.001994671 -2.746299505 -0.256478250 -0.002721554 0.966546178 97.796707153
0.962838829 0.002396540 0.270065993 3.706455231 -0.002982434 0.999994099 0.001759122 -2.756847382 -0.270060211 -0.002499206 0.962840199 98.313980103
0.959139764 0.002529765 0.282921195 3.874622345 -0.003202852 0.999993026 0.001916559 -2.771247387 -0.282914370 -0.002744403 0.959141254 98.843521118
0.955894053 0.002214603 0.293703377 4.054178238 -0.002921390 0.999993742 0.001967798 -2.783517838 -0.293697238 -0.002739028 0.955894530 99.362197876
0.951526284 0.001703353 0.307562649 4.244867325 -0.002402398 0.999995410 0.001894249 -2.795322657 -0.307558000 -0.002541315 0.951525986 99.866096497
0.946998239 0.001607802 0.321234494 4.438732147 -0.002395032 0.999994934 0.002055494 -2.814287186 -0.321229666 -0.002715916 0.946997344 100.392395020
0.942972422 0.000997329 0.332869172 4.640228271 -0.001715903 0.999996781 0.001864765 -2.822069407 -0.332866311 -0.002329593 0.942971110 100.910263062
0.938015938 0.001131488 0.346590400 4.842023849 -0.001866387 0.999996603 0.001786595 -2.842621565 -0.346587211 -0.002322726 0.938014925 101.426719666
0.933111906 0.000288465 0.359585941 5.069906235 -0.001125981 0.999997139 0.002119667 -2.861341238 -0.359584242 -0.002382774 0.933109522 101.918487549
0.928190529 0.000208614 0.372105241 5.292165756 -0.001133480 0.999996781 0.002266759 -2.875111103 -0.372103542 -0.002525757 0.928187788 102.425544739
0.923591614 -0.000650652 0.383377105 5.520853043 0.000086893 0.999998927 0.001487825 -2.879766703 -0.383377612 -0.001340830 0.923590779 102.925170898
0.917404592 -0.000823687 0.397954881 5.753643036 -0.000052754 0.999997616 0.002191411 -2.900478125 -0.397955745 -0.002031405 0.917402387 103.432090759
0.911404490 -0.001515421 0.411508769 5.995895386 0.000655139 0.999997318 0.002231595 -2.911974192 -0.411511064 -0.001764290 0.911403120 103.918090820
0.906510890 -0.001938044 0.422177881 6.248065948 0.001015952 0.999996603 0.002409092 -2.929809809 -0.422181129 -0.001754955 0.906509817 104.385223389
0.900034904 -0.001482585 0.435815305 6.502922058 0.000514999 0.999997139 0.002338294 -2.938300371 -0.435817540 -0.001880102 0.900033057 104.907875061
0.893433809 -0.001732212 0.449191630 6.768947601 0.000451157 0.999995530 0.002958928 -2.965183735 -0.449194789 -0.002440951 0.893430531 105.362434387
0.887345731 -0.002655728 0.461097062 7.050010681 0.001956995 0.999996066 0.001993479 -2.963397503 -0.461100578 -0.000866540 0.887347460 105.873908997
0.881511092 -0.003160733 0.472152799 7.301952362 0.002296515 0.999994457 0.002406663 -2.977730989 -0.472157747 -0.001037194 0.881513476 106.340118408
0.874298155 -0.003427761 0.485377163 7.594886780 0.002736299 0.999993980 0.002133185 -2.990586281 -0.485381544 -0.000536902 0.874302328 106.810447693
