1.000000000 0.000000000 0.000000000 0.000000000 0.000000000 1.000000000 0.000000000 0.000000000 0.000000000 0.000000000 1.000000000 0.000000000
0.999999940 -0.000320331 0.000046087 0.000274661 0.000320330 0.999999940 0.000012947 0.000293695 -0.000046092 -0.000012933 1.000000000 -0.000109237
1.000000000 -0.000098528 0.000129057 -0.000624215 0.000098503 1.000000000 0.000195134 -0.000525437 -0.000129076 -0.000195122 1.000000000 0.000288407
1.000000000 -0.000110830 0.000034710 0.000223950 0.000110826 1.000000000 0.000110172 0.000087291 -0.000034722 -0.000110168 1.000000000 0.000079306
1.000000000 -0.000042586 0.000045336 0.000379072 0.000042583 1.000000000 0.000056924 -0.000764666 -0.000045338 -0.000056922 1.000000000 -0.000742537
0.999999940 -0.000303216 0.000074976 0.000088759 0.000303216 0.999999940 0.000004758 0.000127888 -0.000074977 -0.000004735 1.000000000 -0.000798385
0.999999881 -0.000404732 0.000122890 -0.000793443 0.000404729 0.999999940 0.000027028 0.000023015 -0.000122901 -0.000026979 1.000000000 0.000888226
0.999999940 -0.000316722 0.000090934 0.000530752 0.000316705 0.999999940 0.000177378 -0.000683589 -0.000090990 -0.000177349 1.000000000 0.001285149
1.000000000 -0.000130312 0.000153099 -0.000049722 0.000130314 1.000000000 -0.000010254 0.001273300 -0.000153097 0.000010274 1.000000000 0.001884260
0.999999940 -0.000088088 0.000119763 -0.000233779 0.000088090 1.000000000 -0.000021160 -0.000198457 -0.000119761 0.000021171 1.000000000 -0.000101425
0.999999940 -0.000095780 0.000134693 0.000166094 0.000095787 1.000000000 -0.000052834 0.000944356 -0.000134688 0.000052847 1.000000000 0.000963000
1.000000000 -0.000016721 0.000010708 0.000915520 0.000016721 1.000000000 -0.000006761 -0.000294866 -0.000010708 0.000006761 1.000000000 -0.000482762
1.000000000 -0.000027518 0.000079361 0.000681518 0.000027523 1.000000000 -0.000060334 0.000930782 -0.000079359 0.000060336 1.000000000 0.000108646
1.000000000 -0.000137336 0.000084602 -0.000064446 0.000137329 1.000000000 0.000083218 0.000300896 -0.000084613 -0.000083206 1.000000000 0.000073801
1.000000000 0.000004353 0.000140465 -0.000366686 -0.000004335 1.000000000 -0.000127431 0.001396777 -0.000140466 0.000127430 1.000000000 0.000902502
1.000000000 -0.000129827 -0.000003261 0.000599783 0.000129827 1.000000000 0.000132305 0.000225763 0.000003244 -0.000132305 1.000000000 0.001530174
0.999999940 -0.000386306 -0.000020000 0.000843874 0.000386309 0.999999940 0.000150165 -0.000433324 0.000019942 -0.000150173 1.000000000 0.000028550
0.999999940 -0.000328876 -0.000030783 0.000959938 0.000328879 0.999999940 0.000119147 -0.000677752 0.000030743 -0.000119157 1.000000000 -0.000938900
1.000000000 -0.000020717 0.000115691 -0.000299062 0.000020704 1.000000000 0.000108787 0.000064291 -0.000115693 -0.000108785 1.000000000 0.000564645
1.000000000 0.000220049 -0.000020177 0.000059169 -0.000220045 1.000000000 0.000186612 0.000284462 0.000020218 -0.000186608 1.000000000 0.000346065
1.000000000 -0.000185943 -0.000044051 0.001069113 0.000185951 1.000000000 0.000186026 -0.000333011 0.000044016 -0.000186034 1.000000000 0.000130167
1.000000000 -0.000137121 0.000022916 0.000388826 0.000137119 1.000000000 0.000114667 -0.000553529 -0.000022932 -0.000114664 1.000000000 -0.000624282
1.000000000 -0.000118637 0.000025266 0.000432323 0.000118634 1.000000000 0.000143524 -0.000212641 -0.000025283 -0.000143521 1.000000000 -0.000594195
1.000000000 -0.000188826 0.000043587 0.000768891 0.000188825 1.000000000 0.000008631 0.000982084 -0.000043588 -0.000008623 1.000000000 0.001151419
1.000000000 0.000019413 0.000112484 0.000252361 -0.000019422 1.000000000 0.000081844 0.000614091 -0.000112483 -0.000081846 1.000000000 0.001292201
1.000000000 -0.000175310 -0.000018315 0.001526778 0.000175312 1.000000000 0.000112740 0.000341851 0.000018296 -0.000112743 1.000000000 0.000176506
0.999999881 -0.000267388 0.000062117 0.000627432 0.000267386 0.999999881 0.000020738 0.000937721 -0.000062123 -0.000020722 1.000000000 -0.000757043
1.000000000 -0.000199289 0.000026487 0.000852378 0.000199291 1.000000000 -0.000076734 0.001507994 -0.000026472 0.000076739 1.000000000 0.000889552
0.999999940 0.000101391 0.000156702 -0.000623323 -0.000101412 0.999999940 0.000135548 0.000727440 -0.000156689 -0.000135564 1.000000000 0.001888002
0.999999940 -0.000070009 -0.000048228 0.000875071 0.000070015 0.999999940 0.000134791 0.000436738 0.000048219 -0.000134795 1.000000000 -0.000270699
0.999999881 -0.000275220 0.000183588 -0.000206218 0.000275216 0.999999881 0.000022081 0.001209418 -0.000183594 -0.000022031 1.000000000 0.001946947
0.999999881 -0.000235158 0.000086355 0.000596132 0.000235146 0.999999881 0.000136696 0.000132623 -0.000086387 -0.000136676 1.000000000 0.000492396
1.000000000 -0.000154093 0.000065902 0.000498005 0.000154085 1.000000000 0.000132565 -0.000629345 -0.000065923 -0.000132555 1.000000000 0.000165797
1.000000000 -0.000182330 0.000086375 0.000751244 0.000182334 1.000000000 -0.000046839 0.000566721 -0.000086366 0.000046855 1.000000000 -0.000497827
1.000000000 -0.000140552 0.000129042 -0.000501585 0.000140554 1.000000000 -0.000015651 0.000728492 -0.000129040 0.000015669 1.000000000 0.000502061
0.999999940 -0.000047414 0.000041822 0.000886122 0.000047407 1.000000000 0.000173042 -0.000092188 -0.000041830 -0.000173040 1.000000000 0.000677564
0.999999881 -0.000280513 0.000141638 0.000281951 0.000280508 0.999999881 0.000038413 0.001242768 -0.000141649 -0.000038374 1.000000000 0.000633444
1.000000000 -0.000155656 0.000078300 0.000207027 0.000155643 1.000000000 0.000175325 0.000377726 -0.000078327 -0.000175312 1.000000000 0.001289560
0.999999940 -0.000063403 0.000110184 -0.000035822 0.000063395 0.999999940 0.000077690 0.000739765 -0.000110189 -0.000077683 1.000000000 0.000540366
1.000000000 -0.000006904 0.000143258 -0.000288925 0.000006894 1.000000000 0.000068339 0.000751449 -0.000143259 -0.000068338 1.000000000 0.001312501
0.999999940 -0.000044653 0.000328300 -0.000747668 0.000044700 1.000000000 -0.000142170 0.001220694 -0.000328294 0.000142185 1.000000000 0.003317551
1.000000000 -0.000212636 0.000073416 0.002593715 0.000212681 0.999999762 -0.000613293 -0.001669290 -0.000073286 0.000613309 0.999999821 0.052857503
0.999999940 0.000178043 0.000376368 -0.001062042 -0.000177463 0.999998808 -0.001540702 -0.004700472 -0.000376642 0.001540635 0.999998748 0.138475955
0.999999940 0.000333963 0.000451357 -0.000320574 -0.000333163 0.999998450 -0.001771193 -0.008370167 -0.000451948 0.001771042 0.999998331 0.251521349
1.000000000 -0.000021305 0.000190664 0.006232949 0.000021528 0.999999344 -0.001167085 -0.014687930 -0.000190639 0.001167090 0.999999225 0.380745590
0.999999940 0.000259692 0.000193974 0.007313487 -0.000259452 0.999999225 -0.001234917 -0.017259341 -0.000194295 0.001234866 0.999999225 0.521162450
0.999999881 0.000368245 0.000094475 0.011488099 -0.000368113 0.999998927 -0.001401366 -0.020992087 -0.000094991 0.001401332 0.999999046 0.673430979
0.999999583 -0.000867303 0.000239497 0.018525593 0.000867479 0.999999285 -0.000738020 -0.027247127 -0.000238857 0.000738227 0.999999702 0.835380495
0.999999404 -0.001096717 0.000207335 0.021895515 0.001096894 0.999999106 -0.000853202 -0.029208425 -0.000206400 0.000853429 0.999999642 1.003609776
0.999999821 0.000408490 0.000128087 0.022689650 -0.000408363 0.999999404 -0.000990067 -0.034591056 -0.000128492 0.000990014 0.999999523 1.184526443
1.000000000 0.000021467 0.000179976 0.027443573 -0.000021340 0.999999821 -0.000705688 -0.040140156 -0.000179991 0.000705685 0.999999762 1.371789932
0.999999762 0.000621658 0.000267476 0.029325297 -0.000621503 0.999999583 -0.000580869 -0.046919201 -0.000267837 0.000580703 0.999999821 1.556595922
0.999999821 0.000475005 0.000345090 0.036537960 -0.000474728 0.999999523 -0.000802060 -0.046925452 -0.000345470 0.000801896 0.999999702 1.761110425
0.999999702 -0.000754146 0.000140488 0.034633830 0.000754191 0.999999642 -0.000322337 -0.056047156 -0.000140245 0.000322443 0.999999940 1.959724188
0.999999106 -0.001182823 0.000642558 0.035315670 0.001182908 0.999999344 -0.000132446 -0.064076029 -0.000642401 0.000133206 0.999999821 2.165889978
0.999999881 -0.000085712 0.000505675 0.036903832 0.000086129 0.999999642 -0.000824690 -0.064401992 -0.000505604 0.000824733 0.999999464 2.395237446
0.999999940 -0.000295164 0.000423861 0.045154463 0.000295578 0.999999464 -0.000975806 -0.071189888 -0.000423572 0.000975932 0.999999404 2.614939451
0.999999762 0.000200504 0.000701441 0.046633653 -0.000200098 0.999999762 -0.000579310 -0.080683701 -0.000701557 0.000579170 0.999999583 2.840755463
0.999999642 0.000535511 0.000635965 0.052945305 -0.000535212 0.999999762 -0.000470081 -0.090741374 -0.000636216 0.000469741 0.999999642 3.061948538
0.999999642 0.000713213 0.000507256 0.052989624 -0.000712791 0.999999404 -0.000831232 -0.096624449 -0.000507848 0.000830871 0.999999464 3.316886187
0.999999464 0.000723947 0.000810524 0.059065007 -0.000723500 0.999999642 -0.000551590 -0.104713649 -0.000810923 0.000551004 0.999999464 3.567075014
0.999999702 0.000525875 0.000493294 0.063754998 -0.000525512 0.999999523 -0.000736154 -0.108464830 -0.000493681 0.000735895 0.999999583 3.822574377
0.999999344 0.000342133 0.001069823 0.061290104 -0.000341644 0.999999821 -0.000456732 -0.122670725 -0.001069979 0.000456366 0.999999344 4.063001633
0.999999106 0.000605028 0.001143592 0.067083664 -0.000604654 0.999999702 -0.000327434 -0.129858494 -0.001143789 0.000326742 0.999999344 4.316055298
0.999998689 0.000062077 0.001602809 0.071414828 -0.000061547 1.000000000 -0.000330394 -0.139528140 -0.001602829 0.000330295 0.999998689 4.571445942
0.999998629 0.000303849 0.001625590 0.076115780 -0.000303027 0.999999821 -0.000506052 -0.141471311 -0.001625744 0.000505559 0.999998569 4.831150055
0.999999046 0.000273215 0.001287760 0.079577915 -0.000273704 0.999999881 0.000379437 -0.163322642 -0.001287656 -0.000379789 0.999999046 5.077671051
0.999998987 -0.000036633 0.001375747 0.086751446 0.000036320 1.000000000 0.000227586 -0.167765945 -0.001375756 -0.000227536 0.999998987 5.349929810
0.999999046 0.000139267 0.001372294 0.089990541 -0.000139833 0.999999881 0.000411892 -0.179504663 -0.001372237 -0.000412084 0.999998927 5.605665684
0.999999046 0.000127637 0.001352471 0.093786851 -0.000128352 0.999999821 0.000528721 -0.190666050 -0.001352403 -0.000528894 0.999998927 5.874442101
0.999999225 0.000156770 0.001244244 0.099340998 -0.000157478 0.999999821 0.000568931 -0.202947542 -0.001244155 -0.000569127 0.999999046 6.139072418
0.999999166 0.000251103 0.001274650 0.104789160 -0.000251720 0.999999821 0.000484037 -0.209297746 -0.001274529 -0.000484357 0.999999046 6.421762943
0.999999523 0.000472176 0.000826108 0.115718655 -0.000472867 0.999999464 0.000837358 -0.226710498 -0.000825712 -0.000837748 0.999999285 6.711629868
0.999999404 0.000097653 0.001090079 0.119279772 -0.000099104 0.999999106 0.001331064 -0.238754943 -0.001089948 -0.001331171 0.999998450 7.006775379
0.999999106 0.000546074 0.001200477 0.123851083 -0.000547313 0.999999344 0.001031769 -0.240967020 -0.001199912 -0.001032425 0.999998689 7.317719936
0.999998868 0.000570388 0.001393102 0.128095061 -0.000572006 0.999999106 0.001161295 -0.253927588 -0.001392439 -0.001162090 0.999998331 7.623132229
0.999999106 0.000461349 0.001235750 0.138566256 -0.000462739 0.999999285 0.001125292 -0.264504731 -0.001235230 -0.001125863 0.999998629 7.930483341
0.999998629 0.000366933 0.001559127 0.139281601 -0.000369422 0.999998569 0.001596359 -0.277668476 -0.001558539 -0.001596933 0.999997497 8.247043610
0.999998629 -0.000017420 0.001648478 0.147429436 0.000014983 0.999998927 0.001478061 -0.290358663 -0.001648502 -0.001478034 0.999997556 8.568207741
0.999997914 -0.000027843 0.002044175 0.152399063 0.000024804 0.999998868 0.001486636 -0.294883370 -0.002044214 -0.001486582 0.999996781 8.909091949
0.999997973 0.000294889 0.001978607 0.157711387 -0.000297796 0.999998868 0.001469395 -0.303861499 -0.001978171 -0.001469981 0.999996960 9.250813484
0.999997675 0.000346068 0.002117395 0.164241552 -0.000348408 0.999999344 0.001104726 -0.310299397 -0.002117011 -0.001105461 0.999997139 9.598179817
0.999997914 0.000419152 0.001988061 0.171833828 -0.000421650 0.999999046 0.001256233 -0.319275945 -0.001987533 -0.001257069 0.999997258 9.942271233
0.999997854 0.000120480 0.002060064 0.176615596 -0.000123568 0.999998868 0.001499069 -0.332875341 -0.002059881 -0.001499320 0.999996781 10.299821854
0.999997854 0.000104995 0.002054667 0.186071754 -0.000108154 0.999998748 0.001537436 -0.342862785 -0.002054502 -0.001537655 0.999996722 10.660892487
0.999997258 0.000258357 0.002288854 0.191788256 -0.000262411 0.999998391 0.001771034 -0.354389191 -0.002288393 -0.001771630 0.999995828 11.026011467
0.999997437 0.000213998 0.002250057 0.202099398 -0.000217509 0.999998748 0.001560225 -0.365584075 -0.002249721 -0.001560711 0.999996185 11.398478508
0.999997735 -0.000351301 0.002094884 0.211665377 0.000347700 0.999998450 0.001719113 -0.373332828 -0.002095484 -0.001718381 0.999996305 11.776880264
0.999997497 -0.000285759 0.002231055 0.217951298 0.000281736 0.999998331 0.001803018 -0.388247222 -0.002231566 -0.001802385 0.999995887 12.160417557
0.999996841 0.000034182 0.002504218 0.228315711 -0.000038721 0.999998271 0.001812395 -0.399613649 -0.002504153 -0.001812486 0.999995232 12.548713684
0.999997318 -0.000186087 0.002270628 0.236188665 0.000181983 0.999998331 0.001807531 -0.406977475 -0.002270961 -0.001807113 0.999995768 12.949961662
0.999997079 0.000055020 0.002395590 0.243597567 -0.000060554 0.999997318 0.002309934 -0.423261076 -0.002395456 -0.002310073 0.999994457 13.339350700
0.999996424 -0.000166423 0.002671267 0.250688642 0.000161780 0.999998391 0.001738282 -0.429480016 -0.002671552 -0.001737844 0.999994934 13.752311707
0.999994874 0.000850272 0.003094190 0.253128171 -0.000857250 0.999997020 0.002254406 -0.441864461 -0.003092264 -0.002257047 0.999992669 14.161971092
0.999994755 0.000255200 0.003225337 0.265641153 -0.000261810 0.999997854 0.002049192 -0.452029109 -0.003224807 -0.002050026 0.999992728 14.580081940
0.999993742 0.000003406 0.003517268 0.277504802 -0.000010344 0.999997973 0.001972584 -0.462490141 -0.003517254 -0.001972608 0.999991834 15.007468224
0.999992013 0.000643483 0.003944848 0.284655511 -0.000654012 0.999996245 0.002668298 -0.479552627 -0.003943116 -0.002670857 0.999988616 15.434779167
0.999991238 0.000362454 0.004163555 0.296405971 -0.000371378 0.999997616 0.002142928 -0.489091545 -0.004162769 -0.002144456 0.999989033 15.878064156
0.999990106 0.000048874 0.004450621 0.306686848 -0.000059167 0.999997258 0.002312572 -0.502694666 -0.004450497 -0.002312812 0.999987364 16.320926666
0.999987423 -0.000106629 0.005029931 0.316309124 0.000095416 0.999997497 0.002229469 -0.514498889 -0.005030157 -0.002228961 0.999984860 16.771003723
0.999985278 0.000575638 0.005390833 0.320351541 -0.000588143 0.999997139 0.002318451 -0.524104714 -0.005389483 -0.002321588 0.999982715 17.229463577
0.999986529 0.000314956 0.005166922 0.333843946 -0.000326623 0.999997377 0.002257308 -0.534960926 -0.005166198 -0.002258965 0.999984086 17.692987442
0.999983370 0.000741879 0.005707192 0.342922866 -0.000753710 0.999997556 0.002071194 -0.547125578 -0.005705642 -0.002075461 0.999981523 18.161231995
0.999982774 0.000162892 0.005871435 0.355091840 -0.000179972 0.999995768 0.002908545 -0.564540863 -0.005870936 -0.002909552 0.999978483 18.623491287
0.999973834 0.001532341 0.007065691 0.362051100 -0.001556957 0.999992728 0.003479728 -0.582179725 -0.007060307 -0.003490639 0.999968946 19.083679199
0.999977827 0.000693807 0.006621379 0.384621680 -0.000708884 0.999997139 0.002274914 -0.581525266 -0.006619782 -0.002279558 0.999975443 19.572017670
0.999981642 0.000813499 0.006000218 0.401113391 -0.000831238 0.999995291 0.002954502 -0.607270300 -0.005997785 -0.002959435 0.999977589 20.087186813
0.999978662 0.000329471 0.006524483 0.411544085 -0.000350410 0.999994755 0.003208370 -0.621256709 -0.006523391 -0.003210587 0.999973595 20.580715179
0.999985516 0.000819718 0.005308920 0.429509312 -0.000838519 0.999993384 0.003540268 -0.639971972 -0.005305981 -0.003544668 0.999979615 21.079885483
0.999989569 0.000773059 0.004492729 0.447933733 -0.000789872 0.999992669 0.003741818 -0.651397705 -0.004489802 -0.003745328 0.999982893 21.581857681
0.999990165 0.000833379 0.004340733 0.458341658 -0.000850402 0.999991953 0.003921487 -0.672358155 -0.004337430 -0.003925140 0.999982893 22.068866730
0.999993801 0.000574884 0.003462580 0.475705028 -0.000587849 0.999992788 0.003744299 -0.674035132 -0.003460402 -0.003746311 0.999987006 22.600362778
0.999996066 0.000340688 0.002796221 0.486313730 -0.000352125 0.999991536 0.004090844 -0.690563560 -0.002794803 -0.004091813 0.999987781 23.129095078
0.999997199 0.000394860 0.002319675 0.495891303 -0.000402535 0.999994397 0.003309129 -0.702866197 -0.002318356 -0.003310054 0.999991834 23.636171341
0.999998748 -0.000859685 0.001319569 0.514215708 0.000855424 0.999994397 0.003225940 -0.717266202 -0.001322335 -0.003224807 0.999993861 24.169780731
0.999999583 0.000087989 0.000867381 0.522024632 -0.000091862 0.999990046 0.004465765 -0.732762277 -0.000866980 -0.004465844 0.999989629 24.709075928
0.999999702 0.000787886 0.000071826 0.538672030 -0.000788120 0.999994159 0.003315742 -0.740727067 -0.000069213 -0.003315798 0.999994457 25.232416153
1.000000000 0.000185008 -0.000217119 0.544901013 -0.000184176 0.999992728 0.003823737 -0.759015322 0.000217824 -0.003823697 0.999992609 25.771659851
0.999998987 0.001246282 0.000688090 0.517408788 -0.001248566 0.999993682 0.003328923 -0.772532940 -0.000683937 -0.003329778 0.999994159 26.332256317
1.000000000 0.000148859 -0.000089612 0.530480385 -0.000148501 0.999992073 0.003981575 -0.786867797 0.000090204 -0.003981562 0.999992073 26.878593445
0.999999702 0.000325806 -0.000709196 0.553904057 -0.000323184 0.999993086 0.003694145 -0.793713152 0.000710395 -0.003693915 0.999992967 27.406417847
0.999999642 0.000577325 -0.000703615 0.553227544 -0.000575159 0.999995053 0.003074920 -0.805577815 0.000705387 -0.003074514 0.999994993 27.999786377
0.999997377 0.001095893 -0.001984408 0.594302893 -0.001087181 0.999989808 0.004385936 -0.844325662 0.001989194 -0.004383766 0.999988437 28.547763824
0.999997139 0.000697887 -0.002248870 0.609312415 -0.000687707 0.999989510 0.004524341 -0.854726970 0.002252003 -0.004522782 0.999987245 29.099634171
0.999995708 0.001060634 -0.002716994 0.621852160 -0.001049060 0.999990344 0.004257843 -0.866070569 0.002721485 -0.004254974 0.999987185 29.645021439
0.999994814 0.001223068 -0.002975026 0.623047411 -0.001209506 0.999988914 0.004556329 -0.879357994 0.002980566 -0.004552708 0.999985218 30.188947678
0.999994218 0.002167065 -0.002611000 0.627978921 -0.002155765 0.999988317 0.004322987 -0.890469372 0.002620338 -0.004317333 0.999987245 30.743810654
0.999993384 0.001711717 -0.003198706 0.641369939 -0.001697919 0.999989212 0.004311672 -0.903269172 0.003206052 -0.004306213 0.999985576 31.288576126
0.999992192 0.001226188 -0.003761100 0.649474621 -0.001208350 0.999988019 0.004741527 -0.919974327 0.003766869 -0.004736945 0.999981701 31.819110870
0.999990344 0.001084417 -0.004241824 0.678933382 -0.001063121 0.999986827 0.005019621 -0.940993190 0.004247210 -0.005015063 0.999978423 32.365406036
0.999988258 0.001147231 -0.004710516 0.688186169 -0.001122418 0.999985516 0.005266906 -0.956908047 0.004716491 -0.005261557 0.999974966 32.911849976
0.999989152 0.001548736 -0.004389733 0.689343393 -0.001526336 0.999985814 0.005101588 -0.964386404 0.004397572 -0.005094833 0.999977291 33.471305847
0.999987423 0.000526651 -0.004972460 0.707184970 -0.000500821 0.999986410 0.005194450 -0.979898393 0.004975127 -0.005191894 0.999974132 34.014244080
0.999986947 0.000595646 -0.005078272 0.712352991 -0.000568102 0.999985099 0.005423699 -0.994881988 0.005081427 -0.005420743 0.999972343 34.549190521
0.999988139 0.000310379 -0.004864610 0.718468308 -0.000282268 0.999983191 0.005778336 -1.013523102 0.004866322 -0.005776894 0.999971449 35.096500397
0.999987185 0.001078416 -0.004930816 0.725276470 -0.001050132 0.999982953 0.005735035 -1.026942968 0.004936916 -0.005729783 0.999971390 35.636985779
0.999985933 0.000717228 -0.005255581 0.735079825 -0.000689025 0.999985337 0.005366273 -1.036075950 0.005259352 -0.005362577 0.999971807 36.182006836
0.999985278 0.000461359 -0.005406212 0.747158885 -0.000428138 0.999981046 0.006144563 -1.057705164 0.005408945 -0.006142159 0.999966502 36.726535797
0.999986649 0.000595791 -0.005129980 0.745258927 -0.000565045 0.999981880 0.005992616 -1.067253590 0.005133458 -0.005989637 0.999968827 37.266094208
0.999985158 0.000674899 -0.005399607 0.754008055 -0.000642205 0.999981463 0.006054336 -1.082332253 0.005403592 -0.006050779 0.999967039 37.821830750
0.999985635 0.000715987 -0.005309476 0.756720424 -0.000685219 0.999982893 0.005794309 -1.093622327 0.005313535 -0.005790587 0.999969125 38.365142822
0.999986589 0.000668542 -0.005140895 0.770610809 -0.000634624 0.999978065 0.006596616 -1.111879706 0.005145193 -0.006593266 0.999964952 38.896587372
0.999985695 0.001209427 -0.005212261 0.771152437 -0.001176192 0.999979019 0.006374596 -1.124017239 0.005219861 -0.006368374 0.999966085 39.442905426
0.999984384 0.000911178 -0.005507096 0.788982511 -0.000873692 0.999976456 0.006805556 -1.142067432 0.005513167 -0.006800639 0.999961674 39.975704193
0.999985456 0.000581096 -0.005371392 0.799699068 -0.000544296 0.999976397 0.006850036 -1.160708427 0.005375246 -0.006847013 0.999962091 40.501438141
0.999982715 0.001209969 -0.005751214 0.806511164 -0.001173366 0.999979079 0.006363556 -1.166197419 0.005758793 -0.006356699 0.999963224 41.087219238
0.999980927 0.000931849 -0.006107781 0.816034555 -0.000890281 0.999976397 0.006804917 -1.177892327 0.006113977 -0.006799350 0.999958217 41.636398315
0.999976993 0.000605422 -0.006760351 0.834184051 -0.000559983 0.999977171 0.006721250 -1.197664142 0.006764266 -0.006717310 0.999954581 42.184143066
0.999971032 0.000562899 -0.007590045 0.846130013 -0.000506594 0.999972224 0.007418044 -1.214980602 0.007594010 -0.007413986 0.999943674 42.720760345
0.999976814 0.001155941 -0.006715186 0.839861333 -0.001114890 0.999980688 0.006113686 -1.203822732 0.006722124 -0.006106058 0.999958694 43.280616760
0.999975860 0.001397266 -0.006809406 0.849578321 -0.001352707 0.999977589 0.006543940 -1.228307247 0.006818399 -0.006534571 0.999955356 43.829036713
0.999973178 0.000755819 -0.007292622 0.863085389 -0.000704009 0.999974489 0.007104458 -1.243898630 0.007297807 -0.007099133 0.999948084 44.365764618
0.999976516 0.001238494 -0.006755638 0.866682470 -0.001191905 0.999975502 0.006895992 -1.250934243 0.006764014 -0.006887780 0.999953389 44.899944305
0.999976873 0.000904059 -0.006739628 0.873202205 -0.000858230 0.999976456 0.006799686 -1.262121201 0.006745617 -0.006793745 0.999954164 45.454864502
0.999977529 0.001178616 -0.006595003 0.881368756 -0.001133255 0.999975681 0.006877522 -1.272588730 0.006602949 -0.006869894 0.999954581 46.007324219
0.999971330 0.000793922 -0.007521552 0.898460925 -0.000741792 0.999975681 0.006930997 -1.289119244 0.007526871 -0.006925219 0.999947608 46.545047760
0.999972284 0.000739256 -0.007399310 0.905065536 -0.000690349 0.999977887 0.006609953 -1.294989467 0.007404032 -0.006604662 0.999950767 47.094539642
0.999968410 0.000668744 -0.007923189 0.909048557 -0.000615274 0.999977052 0.006749070 -1.307231188 0.007927521 -0.006743982 0.999945819 47.638927460
0.999975443 0.000554429 -0.006984743 0.906626463 -0.000507250 0.999977052 0.006754628 -1.323009610 0.006988327 -0.006750919 0.999952793 48.184360504
0.999968350 0.000325329 -0.007951920 0.932314813 -0.000268132 0.999974012 0.007192903 -1.337679625 0.007954055 -0.007190545 0.999942541 48.719741821
0.999967694 0.000058312 -0.008041695 0.939379752 -0.000001511 0.999974966 0.007063131 -1.351242661 0.008041906 -0.007062890 0.999942780 49.254447937
0.999974191 0.000347974 -0.007180365 0.939505339 -0.000297106 0.999974847 0.007084249 -1.360810757 0.007182650 -0.007081932 0.999949157 49.800552368
0.999971449 -0.000135519 -0.007552421 0.946759760 0.000188498 0.999975383 0.007014632 -1.361005425 0.007551285 -0.007015855 0.999946892 50.363037109
0.999972403 0.000926653 -0.007371546 0.945528984 -0.000874436 0.999974549 0.007083552 -1.385533929 0.007377922 -0.007076911 0.999947667 50.907608032
0.999973357 0.000465744 -0.007304283 0.950369835 -0.000417158 0.999977708 0.006651871 -1.394946933 0.007307220 -0.006648646 0.999951184 51.460414886
0.999967217 0.000091307 -0.008096352 0.959757864 -0.000038126 0.999978364 0.006568464 -1.402420044 0.008096777 -0.006567940 0.999945641 52.000591278
0.999969006 -0.000464780 -0.007860714 0.968319058 0.000516569 0.999978125 0.006587553 -1.414405107 0.007857479 -0.006591409 0.999947429 52.553443909
0.999976456 0.000725214 -0.006816477 0.961784244 -0.000677753 0.999975562 0.006962393 -1.431919813 0.006821359 -0.006957610 0.999952495 53.069862366
0.999973178 0.000472824 -0.007297486 0.971243620 -0.000425171 0.999978602 0.006530208 -1.438864470 0.007300418 -0.006526931 0.999952078 53.619430542
0.999975622 0.001650099 -0.006781001 0.970862687 -0.001604727 0.999976337 0.006690964 -1.455492258 0.006791882 -0.006679919 0.999954641 54.156337738
0.999976933 0.000624769 -0.006750844 0.979184508 -0.000578277 0.999976099 0.006886571 -1.467339873 0.006754986 -0.006882509 0.999953508 54.693828583
0.999976099 0.000660534 -0.006885993 0.987925649 -0.000612936 0.999975860 0.006912116 -1.485065937 0.006890393 -0.006907730 0.999952376 55.239738464
0.999975264 0.001106688 -0.006949379 0.995036840 -0.001062933 0.999979556 0.006296736 -1.489864469 0.006956207 -0.006289193 0.999956012 55.784038544
0.999983788 0.002068838 -0.005303560 0.973441720 -0.002033223 0.999975383 0.006712005 -1.499555469 0.005317315 -0.006701113 0.999963403 56.333156586
0.999969125 0.000091814 -0.007858535 1.035828233 -0.000045404 0.999982655 0.005905729 -1.505870342 0.007858940 -0.005905190 0.999951661 56.894783020
0.999975383 0.001005779 -0.006936976 1.009976029 -0.000958479 0.999976277 0.006818627 -1.515740633 0.006943669 -0.006811810 0.999952674 57.449699402
0.999980807 0.001001242 -0.006109607 1.000600100 -0.000960001 0.999976754 0.006749316 -1.531402826 0.006116223 -0.006743321 0.999958575 57.991729736
0.999982059 0.001878193 -0.005691298 1.027366400 -0.001845861 0.999982178 0.005680989 -1.541414976 0.005701867 -0.005670382 0.999967694 58.540496826
0.999983788 0.001926409 -0.005353902 1.018452287 -0.001895790 0.999981880 0.005718235 -1.553618670 0.005364821 -0.005707994 0.999969304 59.090484619
0.999984086 0.002250743 -0.005174870 1.027059317 -0.002222917 0.999983013 0.005376622 -1.567233801 0.005186884 -0.005365032 0.999972105 59.625839233
0.999983847 0.003471217 -0.004504621 1.029000044 -0.003449653 0.999982595 0.004786238 -1.573028207 0.004521157 -0.004770621 0.999978364 60.172573090
0.999983311 0.002859819 -0.005021858 1.043472290 -0.002830442 0.999978900 0.005847357 -1.595270395 0.005038475 -0.005833045 0.999970257 60.733608246
0.999983311 0.003070740 -0.004920305 1.052547216 -0.003042235 0.999978602 0.005790538 -1.608662367 0.004937982 -0.005775471 0.999971151 61.281101227
0.999982476 0.003606852 -0.004696207 1.065984845 -0.003577682 0.999974310 0.006204841 -1.626657963 0.004718466 -0.006187930 0.999969721 61.825515747
0.999982297 0.003471823 -0.004816178 1.070734620 -0.003441343 0.999974012 0.006322593 -1.643248200 0.004838004 -0.006305908 0.999968410 62.367160797
0.999983847 0.003515731 -0.004455003 1.081210017 -0.003488946 0.999975860 0.006006013 -1.655397773 0.004476011 -0.005990373 0.999972045 62.913925171
0.999983728 0.003561103 -0.004439982 1.087310433 -0.003534982 0.999976456 0.005877122 -1.664041519 0.004460807 -0.005861330 0.999972880 63.465644836
0.999981225 0.004240506 -0.004420591 1.091481447 -0.004215286 0.999974787 0.005699053 -1.680863142 0.004444646 -0.005680312 0.999973953 64.017578125
0.999982476 0.003555855 -0.004727567 1.106158972 -0.003529512 0.999978364 0.005568817 -1.691024303 0.004747267 -0.005552034 0.999973297 64.568473816
0.999980509 0.004209329 -0.004613483 1.112396479 -0.004183312 0.999975324 0.005634674 -1.701893091 0.004637086 -0.005615265 0.999973476 65.112731934
0.999982119 0.004206749 -0.004255875 1.123033524 -0.004181905 0.999974251 0.005829668 -1.719996333 0.004280291 -0.005811766 0.999973953 65.660385132
0.999983072 0.004060566 -0.004158170 1.129068732 -0.004035227 0.999973357 0.006083926 -1.734837413 0.004182763 -0.006067044 0.999972820 66.207626343
0.999983728 0.003982346 -0.004082079 1.136690617 -0.003957087 0.999973118 0.006177241 -1.750304699 0.004106569 -0.006160987 0.999972582 66.753662109
0.999983549 0.003768365 -0.004329126 1.151357412 -0.003741476 0.999973714 0.006202640 -1.765673876 0.004352386 -0.006186341 0.999971390 67.299003601
0.999984324 0.004122740 -0.003792058 1.154292703 -0.004098302 0.999970913 0.006429811 -1.779688835 0.003818455 -0.006414168 0.999972165 67.852882385
0.999984384 0.004355445 -0.003503113 1.165150166 -0.004333077 0.999970317 0.006367554 -1.796906471 0.003530743 -0.006352276 0.999973595 68.400627136
0.999980986 0.004938758 -0.003691175 1.175390959 -0.004916514 0.999969840 0.006011232 -1.804963708 0.003720751 -0.005992969 0.999975085 68.944602966
0.999979198 0.004981133 -0.004089675 1.188469172 -0.004956575 0.999969721 0.005993022 -1.819673777 0.004119403 -0.005972626 0.999973655 69.493331909
0.999980509 0.005026757 -0.003700172 1.195832968 -0.005004179 0.999968946 0.006086248 -1.838609457 0.003730651 -0.006067612 0.999974549 70.043617249
0.999980986 0.004826375 -0.003841919 1.207133293 -0.004802210 0.999968708 0.006274606 -1.852260947 0.003872083 -0.006256036 0.999972939 70.596199036
0.999978721 0.004754953 -0.004468214 1.227624536 -0.004726251 0.999968231 0.006412731 -1.871286392 0.004498565 -0.006391477 0.999969482 71.140754700
0.999979734 0.004829180 -0.004141701 1.231857538 -0.004803483 0.999969304 0.006191720 -1.883943915 0.004171475 -0.006171700 0.999972224 71.695915222
0.999976754 0.005406759 -0.004157760 1.242161751 -0.005380461 0.999965608 0.006310768 -1.899747610 0.004191738 -0.006288251 0.999971390 72.242866516
0.999977052 0.005363273 -0.004126045 1.250486851 -0.005336139 0.999964237 0.006559250 -1.914986849 0.004161077 -0.006537083 0.999969900 72.783142090
0.999979138 0.005304649 -0.003669636 1.260478377 -0.005280673 0.999964833 0.006513056 -1.930333257 0.003704057 -0.006493542 0.999972045 73.330635071
0.999977708 0.005290291 -0.004071517 1.270660162 -0.005262089 0.999962330 0.006906421 -1.944687247 0.004107900 -0.006884842 0.999967873 73.875366211
0.999976158 0.005556206 -0.004083756 1.281263113 -0.005528951 0.999962568 0.006655225 -1.958516359 0.004120580 -0.006632488 0.999969542 74.419448853
0.999976635 0.005448211 -0.004127937 1.295827031 -0.005417855 0.999958456 0.007329546 -1.975559950 0.004167698 -0.007307010 0.999964595 74.966789246
0.999978125 0.004951463 -0.004391390 1.308712482 -0.004920304 0.999962866 0.007078099 -1.986831665 0.004426274 -0.007056338 0.999965310 75.516937256
0.999979138 0.004889068 -0.004201981 1.321756482 -0.004861448 0.999966681 0.006557972 -1.998266459 0.004233904 -0.006537408 0.999969661 76.052276611
0.999978542 0.005177419 -0.004018542 1.330014706 -0.005150178 0.999963820 0.006759841 -2.012001276 0.004053396 -0.006738999 0.999969006 76.597610474
0.999977529 0.005387111 -0.003974842 1.339018345 -0.005359536 0.999961734 0.006916173 -2.025644779 0.004011948 -0.006894715 0.999968171 77.139869690
0.999982715 0.004248505 -0.004097431 1.355150700 -0.004219318 0.999965847 0.007105877 -2.041864634 0.004127480 -0.007088467 0.999966383 77.668296814
0.999980152 0.004886867 -0.003970794 1.357900739 -0.004859613 0.999964774 0.006844254 -2.050215244 0.004004102 -0.006824821 0.999968708 78.205650330
0.999979317 0.005402892 -0.003487628 1.362992167 -0.005378474 0.999961197 0.006973410 -2.061388493 0.003525170 -0.006954509 0.999969602 78.747184753
0.999982297 0.004872400 -0.003394981 1.374799490 -0.004849923 0.999966502 0.006597580 -2.069414616 0.003427013 -0.006580998 0.999972463 79.288917542
0.999983132 0.004881099 -0.003139260 1.381658673 -0.004860377 0.999966562 0.006575130 -2.081498146 0.003171249 -0.006559761 0.999973416 79.824409485
0.999981999 0.005141164 -0.003068177 1.391817689 -0.005120110 0.999963582 0.006830225 -2.104197025 0.003103181 -0.006814394 0.999971986 80.354537964
0.999986470 0.004680887 -0.002258990 1.411704540 -0.004666542 0.999969184 0.006314058 -2.108082294 0.002288476 -0.006303432 0.999977529 80.897163391
0.999987006 0.005018256 -0.000884876 1.419079781 -0.005012535 0.999967277 0.006354204 -2.118771553 0.000916735 -0.006349687 0.999979436 81.438591003
0.999986053 0.005270302 0.000161757 1.426247478 -0.005271361 0.999958336 0.007444168 -2.146856070 -0.000122518 -0.007444918 0.999972284 81.965309143
0.999984086 0.005329405 0.001843020 1.440899014 -0.005340473 0.999967396 0.006052924 -2.145229340 -0.001810701 -0.006062671 0.999979973 82.509063721
0.999971449 0.005339426 0.005334952 1.457394719 -0.005374621 0.999963880 0.006604374 -2.158088684 -0.005299495 -0.006632859 0.999963939 83.046386719
0.999949217 0.004897194 0.008810418 1.477570534 -0.004951048 0.999969244 0.006100990 -2.163554430 -0.008780268 -0.006144302 0.999942601 83.576141357
0.999903858 0.005914376 0.012537189 1.486495733 -0.005984299 0.999966681 0.005547157 -2.170689344 -0.012503963 -0.005621651 0.999906003 84.128868103
0.999823391 0.006421749 0.017661925 1.504163742 -0.006521019 0.999963224 0.005568696 -2.181457996 -0.017625518 -0.005682887 0.999828517 84.673866272
0.999709845 0.006619168 0.023160961 1.539292216 -0.006753418 0.999960840 0.005722898 -2.193332434 -0.023122167 -0.005877653 0.999715507 85.220382690
0.999578953 0.005444173 0.028498339 1.569643974 -0.005615673 0.999966562 0.005941296 -2.214281559 -0.028465042 -0.006098831 0.999576211 85.745750427
0.999393046 0.005535919 0.034392513 1.601377130 -0.005713954 0.999970794 0.005080439 -2.213842392 -0.034363385 -0.005273873 0.999395490 86.289871216
0.999075890 0.005975546 0.042562105 1.636282682 -0.006202503 0.999967217 0.005202311 -2.228111029 -0.042529617 -0.005461496 0.999080241 86.823104858
0.998703241 0.005751401 0.050584104 1.675286770 -0.006045590 0.999965668 0.005664774 -2.250449657 -0.050549794 -0.005963239 0.998703718 87.338966370
0.998310983 0.005184131 0.057864193 1.721617937 -0.005521668 0.999968767 0.005674930 -2.259539604 -0.057832960 -0.005984853 0.998308301 87.906852722
0.997738957 0.004978634 0.067023836 1.773004532 -0.005383944 0.999968231 0.005867969 -2.270876884 -0.066992491 -0.006215554 0.997734070 88.449142456
0.997008741 0.005385763 0.077100866 1.831239700 -0.005862623 0.999965012 0.005959883 -2.285491705 -0.077066094 -0.006394070 0.997005403 88.977737427
0.996325612 0.005388522 0.085476756 1.894021988 -0.005879916 0.999967575 0.005498139 -2.287880898 -0.085444361 -0.005980532 0.996325016 89.527366638
0.995612264 0.005232431 0.093428180 1.957275391 -0.005748690 0.999969661 0.005257451 -2.299666166 -0.093397833 -0.005771474 0.995612144 90.069923401
0.994533837 0.005180204 0.104286231 2.031614780 -0.005779078 0.999968469 0.005441254 -2.310479403 -0.104254767 -0.006014190 0.994532406 90.602508545
0.993307233 0.004452098 0.115416430 2.109600067 -0.005082262 0.999973655 0.005166213 -2.319036961 -0.115390413 -0.005718213 0.993303776 91.150772095
0.992164969 0.004228656 0.124863267 2.196187019 -0.004909324 0.999974728 0.005144109 -2.328704357 -0.124838367 -0.005716798 0.992160559 91.720367432
0.990741551 0.004349472 0.135691524 2.291248322 -0.005068400 0.999974906 0.004953238 -2.337083578 -0.135666564 -0.005595118 0.990738750 92.268577576
0.989011586 0.004271891 0.147775993 2.388202667 -0.004968072 0.999978244 0.004342268 -2.347235918 -0.147754252 -0.005028715 0.989011288 92.826110840
0.987264216 0.003740645 0.159045368 2.497670174 -0.004462898 0.999981225 0.004184247 -2.358042717 -0.159026727 -0.004840761 0.987262428 93.406188965
0.985505641 0.003448525 0.169607580 2.610442162 -0.004122715 0.999984860 0.003622982 -2.355689049 -0.169592544 -0.004269712 0.985505044 93.979141235
0.983149707 0.003906316 0.182760611 2.729382515 -0.004671201 0.999982059 0.003754881 -2.372020483 -0.182742685 -0.004545322 0.983150244 94.526031494
0.980785549 0.002919363 0.195067182 2.871235847 -0.003552338 0.999989629 0.002895153 -2.371425152 -0.195056677 -0.003532469 0.980785608 95.095405579
0.978778780 0.001897555 0.204910964 3.004667282 -0.002545897 0.999992669 0.002900428 -2.386811733 -0.204903916 -0.003360560 0.978776276 95.617141724
0.975784600 0.002701110 0.218716964 3.138744354 -0.003371007 0.999990702 0.002689741 -2.397321701 -0.218707696 -0.003361904 0.975784659 96.162940979
0.972736835 0.003562503 0.231884211 3.284881592 -0.004636986 0.999980867 0.004088821 -2.428695679 -0.231865227 -0.005052591 0.972734809 96.659866333
0.970105708 0.003277414 0.242660731 3.446365356 -0.004440002 0.999981105 0.004244276 -2.447021008 -0.242642269 -0.005194810 0.970101893 97.189636230
0.967029274 0.001340008 0.254661798 3.608406067 -0.002121608 0.999993801 0.002794519 -2.437139511 -0.254656464 -0.003242674 0.967026114 97.712318420
0.963292897 0.001750164 0.268447310 3.775325775 -0.002615623 0.999992430 0.002866337 -2.445390701 -0.268440247 -0.003463278 0.963290095 98.233734131
0.959587097 0.002019465 0.281404614 3.943567276 -0.002801668 0.999993265 0.002377340 -2.459955692 -0.281397879 -0.003069666 0.959586322 98.752029419
0.956301391 0.001099859 0.292380661 4.120229721 -0.002077835 0.999993265 0.003034349 -2.475526333 -0.292375326 -0.003509271 0.956297219 99.265380859
0.951960444 0.001026577 0.306219250 4.308362961 -0.002002793 0.999993861 0.002873787 -2.485966206 -0.306214482 -0.003349025 0.951956689 99.797340393
0.947611332 0.001067831 0.319423795 4.507482529 -0.001954765 0.999995053 0.002456083 -2.496675730 -0.319419652 -0.002951810 0.947608769 100.298706055
0.943619668 0.000057925 0.331031621 4.707115173 -0.000875348 0.999996901 0.002320234 -2.503262043 -0.331030518 -0.002479187 0.943616807 100.809906006
0.938818276 0.000671213 0.344412386 4.917541504 -0.001430061 0.999997020 0.001949281 -2.513061285 -0.344410062 -0.002322552 0.938816488 101.341567993
0.933566272 -0.000217564 0.358404696 5.130895615 -0.000671500 0.999997020 0.002356144 -2.531430960 -0.358404130 -0.002440286 0.933563352 101.834899902
0.929028690 -0.000745707 0.370006859 5.340217590 0.000165252 0.999998689 0.001600462 -2.543844461 -0.370007575 -0.001425731 0.929027617 102.303985596
0.924397409 -0.001211336 0.381428778 5.539167404 0.000665090 0.999998569 0.001563927 -2.553198576 -0.381430089 -0.001192006 0.924396932 102.736846924
0.918295741 -0.000303863 0.395894915 5.809009552 -0.000671506 0.999997079 0.002325120 -2.573390007 -0.395894527 -0.002400994 0.918292880 103.295082092
0.912425935 -0.000678294 0.409241229 6.053333282 -0.000306140 0.999997139 0.002339994 -2.583468437 -0.409241736 -0.002260356 0.912423193 103.782356262
0.907439470 -0.000903334 0.420181751 6.303398132 -0.000191136 0.999996722 0.002562643 -2.603744745 -0.420182735 -0.002405755 0.907436311 104.247795105
0.901060879 -0.001555530 0.433689833 6.553142548 0.000534586 0.999996722 0.002476034 -2.613201857 -0.433692306 -0.001999213 0.901058793 104.748916626
0.894182086 -0.001479052 0.447700888 6.821033478 0.000324602 0.999996483 0.002655330 -2.628503084 -0.447703302 -0.002229024 0.894179404 105.245895386
0.888506711 -0.002424836 0.458857179 7.074760437 0.001296496 0.999995232 0.002774020 -2.643050671 -0.458861768 -0.001869828 0.888505638 105.682502747
0.882827938 -0.002756754 0.469688326 7.348674774 0.001889626 0.999995410 0.002317552 -2.649484158 -0.469692588 -0.001158465 0.882829189 106.158493042
0.875669837 -0.003047210 0.482900679 7.632369995 0.001888466 0.999993980 0.002885727 -2.671411991 -0.482906580 -0.001615003 0.875670314 106.612609863
