1.000000000 0.000000000 0.000000000 0.000000000 0.000000000 1.000000000 0.000000000 0.000000000 0.000000000 0.000000000 1.000000000 0.000000000
1.000000000 -0.000060649 -0.000045771 0.000353410 0.000060645 1.000000000 -0.000079945 0.000242172 0.000045775 0.000079942 1.000000000 -0.000051776
1.000000000 -0.000017505 -0.000009888 -0.000593063 0.000017505 1.000000000 0.000031907 -0.000323370 0.000009888 -0.000031907 1.000000000 -0.000818235
1.000000000 0.000096265 0.000139328 -0.000953575 -0.000096256 1.000000000 -0.000068210 0.000777449 -0.000139334 0.000068196 1.000000000 0.000562608
1.000000000 -0.000079764 0.000012614 -0.000195014 0.000079764 1.000000000 0.000021340 0.000057648 -0.000012616 -0.000021339 1.000000000 -0.000400067
1.000000000 0.000046568 0.000044701 -0.001098835 -0.000046571 1.000000000 0.000060928 -0.000441044 -0.000044698 -0.000060930 1.000000000 -0.001379711
1.000000000 0.000105886 0.000033631 -0.001082231 -0.000105881 1.000000000 -0.000146033 0.000113201 -0.000033646 0.000146029 1.000000000 -0.000871003
1.000000000 0.000065635 0.000093252 -0.000755723 -0.000065634 1.000000000 -0.000002603 -0.000385898 -0.000093252 0.000002597 1.000000000 -0.000654344
1.000000000 0.000147103 0.000086431 -0.001534191 -0.000147107 1.000000000 0.000049599 -0.000437940 -0.000086424 -0.000049612 1.000000000 -0.001191364
1.000000000 0.000026764 0.000108837 -0.000945331 -0.000026757 1.000000000 -0.000063530 -0.000198575 -0.000108839 0.000063527 1.000000000 -0.000612710
1.000000000 0.000228956 0.000072015 -0.001079459 -0.000228944 0.999999940 -0.000156623 0.000430839 -0.000072051 0.000156607 1.000000000 -0.000668987
1.000000000 -0.000044749 0.000045755 0.000004229 0.000044750 1.000000000 -0.000032178 0.000901079 -0.000045753 0.000032180 1.000000000 0.000738815
0.999999940 0.000236298 0.000105902 -0.001647961 -0.000236276 0.999999940 -0.000208316 0.001765011 -0.000105951 0.000208291 1.000000000 0.000978501
1.000000000 0.000193189 0.000025391 -0.000178869 -0.000193186 1.000000000 -0.000128900 0.002094337 -0.000025416 0.000128895 1.000000000 0.001210646
0.999999940 0.000214446 0.000206272 -0.002159342 -0.000214418 0.999999940 -0.000138238 0.001964562 -0.000206302 0.000138194 0.999999940 0.001526848
0.999999881 0.000417063 0.000166853 -0.002115864 -0.000417029 0.999999881 -0.000206797 0.002021627 -0.000166939 0.000206728 0.999999940 0.000917583
0.999999940 0.000366311 0.000205001 -0.002223806 -0.000366291 0.999999940 -0.000099039 0.002376422 -0.000205037 0.000098964 1.000000000 0.003257867
0.999999940 0.000315736 0.000243364 -0.001841533 -0.000315706 0.999999940 -0.000121382 0.002033968 -0.000243403 0.000121305 0.999999940 0.002490412
0.999999940 0.000297758 0.000296550 -0.002720159 -0.000297735 0.999999940 -0.000077917 0.001854577 -0.000296574 0.000077829 0.999999940 0.002425500
0.999999940 0.000314995 0.000212726 -0.002687715 -0.000314973 0.999999940 -0.000106086 0.002276563 -0.000212759 0.000106019 1.000000000 0.002553292
0.999999940 0.000224019 0.000140786 -0.001586264 -0.000224013 1.000000000 -0.000046147 0.001639779 -0.000140797 0.000046116 1.000000000 0.002726102
0.999999940 0.000278703 0.000148306 -0.002049157 -0.000278689 0.999999940 -0.000088929 0.002306803 -0.000148331 0.000088887 1.000000000 0.002746938
0.999999821 0.000504855 0.000228795 -0.002745469 -0.000504823 0.999999881 -0.000138602 0.002633034 -0.000228865 0.000138487 0.999999940 0.003372618
0.999999881 0.000387340 0.000222920 -0.001544465 -0.000387310 0.999999940 -0.000133327 0.002409467 -0.000222972 0.000133240 0.999999940 0.002520635
0.999999940 0.000335547 0.000170545 -0.000892697 -0.000335515 0.999999940 -0.000185643 0.003679448 -0.000170608 0.000185586 0.999999940 0.005381700
0.999999881 0.000364291 0.000239485 -0.002533090 -0.000364285 0.999999940 -0.000028811 0.001719716 -0.000239496 0.000028724 1.000000000 0.002996616
0.999999940 0.000348080 0.000172850 -0.001522031 -0.000348045 0.999999940 -0.000204626 0.002788616 -0.000172921 0.000204566 0.999999940 0.002470104
0.999999940 0.000198217 0.000145149 -0.001896519 -0.000198201 1.000000000 -0.000112867 0.002468577 -0.000145171 0.000112838 1.000000000 0.003447964
0.999999940 0.000322665 0.000236240 -0.001352176 -0.000322632 0.999999940 -0.000136821 0.002548172 -0.000236284 0.000136745 0.999999940 0.004208558
0.999999940 0.000310147 0.000244357 -0.002969410 -0.000310108 0.999999940 -0.000158259 0.002426540 -0.000244406 0.000158183 0.999999940 0.001836390
0.999999940 0.000333400 0.000231875 -0.001911633 -0.000333358 0.999999940 -0.000180456 0.002771320 -0.000231936 0.000180379 0.999999940 0.003730101
0.999999821 0.000511984 0.000335544 -0.002290335 -0.000511951 0.999999881 -0.000096309 0.001736909 -0.000335593 0.000096138 0.999999940 0.001672638
0.999999881 0.000453114 0.000219738 -0.002619416 -0.000453073 0.999999881 -0.000188164 0.001974575 -0.000219823 0.000188065 0.999999940 0.001633200
0.999999881 0.000399451 0.000218001 -0.001289848 -0.000399403 0.999999881 -0.000220889 0.002231577 -0.000218089 0.000220802 0.999999940 0.002453544
0.999999940 0.000303283 0.000172994 -0.000882087 -0.000303259 0.999999940 -0.000136704 0.002714479 -0.000173035 0.000136652 1.000000000 0.002880392
0.999999940 0.000313705 0.000218968 -0.002039335 -0.000313676 0.999999940 -0.000133281 0.002988249 -0.000219010 0.000133212 0.999999940 0.004200958
0.999999881 0.000437551 0.000248184 -0.002287757 -0.000437527 0.999999881 -0.000096240 0.001684985 -0.000248227 0.000096131 0.999999940 0.002480818
0.999999940 0.000310417 0.000138919 -0.000314411 -0.000310410 0.999999940 -0.000055137 0.002067436 -0.000138936 0.000055094 1.000000000 0.002045851
0.999999940 0.000270691 0.000180203 -0.001416813 -0.000270648 0.999999940 -0.000237526 0.002380039 -0.000180267 0.000237478 0.999999940 0.003162971
0.999999881 0.000378843 0.000228132 -0.000100609 -0.000378665 0.999999642 -0.000781864 0.000466709 -0.000228428 0.000781778 0.999999642 0.052116301
0.999999821 0.000513930 0.000322159 -0.003043020 -0.000513536 0.999999106 -0.001220898 -0.003907076 -0.000322787 0.001220732 0.999999225 0.136420682
0.999999702 0.000599217 0.000494833 0.000658490 -0.000598401 0.999998450 -0.001646520 -0.005233321 -0.000495819 0.001646224 0.999998510 0.254606992
0.999999881 0.000366338 0.000327626 0.008983416 -0.000365882 0.999998987 -0.001392337 -0.007968553 -0.000328136 0.001392217 0.999998987 0.395105302
0.999999821 0.000415970 0.000465161 0.003771578 -0.000415507 0.999999404 -0.000996410 -0.015467374 -0.000465575 0.000996216 0.999999404 0.530595958
0.999999762 0.000340603 0.000587346 0.005714351 -0.000339977 0.999999344 -0.001066157 -0.019387387 -0.000587709 0.001065957 0.999999285 0.685418248
0.999999464 0.000756789 0.000725346 0.013499511 -0.000756288 0.999999464 -0.000690645 -0.023870053 -0.000725869 0.000690096 0.999999523 0.851155162
0.999999702 -0.000080909 0.000797825 0.008022239 0.000080891 1.000000000 0.000023069 -0.034035191 -0.000797827 -0.000023005 0.999999642 1.043247104
0.999999702 0.000270275 0.000721632 0.011728803 -0.000270186 0.999999940 -0.000122488 -0.036986593 -0.000721665 0.000122293 0.999999762 1.219876647
0.999999642 -0.000078307 0.000815945 0.017217245 0.000078041 0.999999940 0.000325360 -0.040661782 -0.000815970 -0.000325296 0.999999642 1.417747021
0.999999762 -0.000005611 0.000675002 0.020792754 0.000004988 0.999999583 0.000922799 -0.047420342 -0.000675007 -0.000922796 0.999999404 1.609768867
0.999999523 -0.000407560 0.000897736 0.024214176 0.000406768 0.999999523 0.000881582 -0.054115757 -0.000898095 -0.000881216 0.999999285 1.809800267
0.999999583 -0.000413947 0.000805421 0.023693614 0.000412853 0.999998987 0.001358961 -0.065123364 -0.000805983 -0.001358628 0.999998748 2.000199795
0.999999702 -0.000464663 0.000680435 0.030308988 0.000463712 0.999998927 0.001397414 -0.071913734 -0.000681084 -0.001397098 0.999998808 2.210313320
0.999999106 -0.001128401 0.000694080 0.042304676 0.001127242 0.999997973 0.001667437 -0.078046687 -0.000695961 -0.001666653 0.999998331 2.429075480
0.999999642 -0.000657033 0.000535655 0.045063365 0.000656096 0.999998212 0.001746394 -0.086113267 -0.000536802 -0.001746042 0.999998391 2.657686472
0.999999344 -0.000134577 0.001078538 0.037659924 0.000132900 0.999998808 0.001554624 -0.093656212 -0.001078746 -0.001554480 0.999998152 2.889633656
0.999998987 0.000111779 0.001485773 0.037949231 -0.000114128 0.999998808 0.001580934 -0.097978100 -0.001485595 -0.001581102 0.999997616 3.132785559
0.999999046 0.000462591 0.001308820 0.048786815 -0.000464704 0.999998569 0.001614616 -0.102762975 -0.001308071 -0.001615223 0.999997854 3.367459536
0.999998510 -0.000416939 0.001657510 0.047981720 0.000414520 0.999998868 0.001459124 -0.111680172 -0.001658117 -0.001458435 0.999997556 3.621865034
0.999998391 0.000092538 0.001777450 0.050219130 -0.000095370 0.999998808 0.001593130 -0.119800352 -0.001777300 -0.001593297 0.999997079 3.876861334
0.999997973 0.000060285 0.001990941 0.057381935 -0.000063067 0.999999046 0.001396794 -0.120979361 -0.001990855 -0.001396917 0.999997020 4.143609524
0.999997973 0.000130181 0.002077912 0.055567227 -0.000133586 0.999998629 0.001638285 -0.127949268 -0.002077697 -0.001638559 0.999996424 4.402974129
0.999997675 -0.000039568 0.002163425 0.061234593 0.000036812 0.999999166 0.001273895 -0.133245111 -0.002163473 -0.001273813 0.999996841 4.663465023
0.999997914 0.000136611 0.002016911 0.071986832 -0.000139361 0.999999106 0.001363460 -0.142279834 -0.002016723 -0.001363738 0.999997020 4.920842171
0.999997556 0.000700421 0.002108320 0.077294834 -0.000703504 0.999998689 0.001461940 -0.142952234 -0.002107294 -0.001463420 0.999996662 5.191012383
0.999997079 0.000290448 0.002392587 0.079084828 -0.000293975 0.999998868 0.001473888 -0.155105203 -0.002392156 -0.001474586 0.999996066 5.448120117
0.999997079 0.000274526 0.002399586 0.084359758 -0.000278371 0.999998689 0.001602232 -0.163432330 -0.002399143 -0.001602896 0.999995887 5.718978405
0.999996960 0.000106644 0.002457101 0.087316006 -0.000109868 0.999999166 0.001312174 -0.168149322 -0.002456959 -0.001312440 0.999996126 5.994401455
0.999997079 0.000081774 0.002414688 0.089988522 -0.000085595 0.999998748 0.001582185 -0.177418783 -0.002414555 -0.001582387 0.999995828 6.277419567
0.999997020 0.000267896 0.002392936 0.101077840 -0.000272974 0.999997735 0.002121962 -0.187561005 -0.002392362 -0.002122609 0.999994874 6.550206661
0.999996722 0.000709776 0.002433821 0.106093518 -0.000714836 0.999997616 0.002078631 -0.193511620 -0.002432340 -0.002080364 0.999994874 6.844594479
0.999996722 0.000865931 0.002403215 0.106391221 -0.000870724 0.999997735 0.001994271 -0.200936422 -0.002401482 -0.001996358 0.999995053 7.139317036
0.999997258 0.000508115 0.002271914 0.112796143 -0.000512882 0.999997675 0.002098065 -0.209269539 -0.002270842 -0.002099224 0.999995232 7.436581612
0.999997914 -0.000259187 0.001995086 0.127135083 0.000254948 0.999997675 0.002125056 -0.219208464 -0.001995632 -0.002124543 0.999995708 7.750528336
0.999995887 0.000780237 0.002767092 0.124013178 -0.000786719 0.999996841 0.002342307 -0.230776787 -0.002765256 -0.002344474 0.999993443 8.077245712
0.999995887 0.000797975 0.002758900 0.133508995 -0.000805653 0.999995828 0.002782771 -0.247023657 -0.002756668 -0.002784983 0.999992311 8.348176956
0.999996305 0.000839064 0.002570046 0.142130345 -0.000846488 0.999995470 0.002888934 -0.256443650 -0.002567610 -0.002891099 0.999992490 8.672963142
0.999995589 0.001047108 0.002789857 0.144745052 -0.001055294 0.999995232 0.002934146 -0.258348525 -0.002786771 -0.002937078 0.999991775 9.022594452
0.999995410 0.001390583 0.002686728 0.152385950 -0.001398981 0.999994218 0.003126424 -0.273082942 -0.002682365 -0.003130168 0.999991477 9.361951828
0.999993801 0.001682182 0.003102518 0.152211636 -0.001690289 0.999995112 0.002612635 -0.282285124 -0.003098108 -0.002617863 0.999991775 9.673524857
0.999994278 0.001415521 0.003108808 0.163270593 -0.001423131 0.999996006 0.002446646 -0.290861517 -0.003105334 -0.002451056 0.999992192 10.026520729
0.999996066 0.000957907 0.002649684 0.173624158 -0.000964661 0.999996305 0.002549022 -0.299207866 -0.002647233 -0.002551568 0.999993265 10.391043663
0.999995589 0.000984917 0.002825383 0.183738172 -0.000991361 0.999996960 0.002280107 -0.308021337 -0.002823129 -0.002282898 0.999993384 10.750311852
0.999996781 0.000328163 0.002521081 0.202029854 -0.000333207 0.999997973 0.002000684 -0.304909468 -0.002520420 -0.002001517 0.999994814 11.115655899
0.999996424 0.000287923 0.002651683 0.197684258 -0.000293976 0.999997377 0.002282216 -0.327580154 -0.002651019 -0.002282988 0.999993861 11.480028152
0.999997139 0.000299891 0.002349383 0.208886668 -0.000305384 0.999997258 0.002337595 -0.333354175 -0.002348675 -0.002338307 0.999994457 11.863663673
0.999995172 0.000711582 0.003000339 0.216922760 -0.000717559 0.999997795 0.001991464 -0.346132368 -0.002998915 -0.001993607 0.999993503 12.242103577
0.999995589 0.000167193 0.002946593 0.231513113 -0.000175200 0.999996305 0.002716887 -0.361963660 -0.002946127 -0.002717391 0.999991894 12.626789093
0.999994755 0.000802655 0.003139240 0.227817163 -0.000811821 0.999995410 0.002919793 -0.376752704 -0.003136882 -0.002922327 0.999990761 13.010757446
0.999995828 0.000251751 0.002864149 0.248981312 -0.000260014 0.999995828 0.002885152 -0.387245446 -0.002863410 -0.002885885 0.999991715 13.407184601
0.999994397 0.001169985 0.003135964 0.249236226 -0.001180617 0.999993563 0.003390562 -0.401752442 -0.003131977 -0.003394245 0.999989331 13.819410324
0.999995410 0.000531358 0.002983005 0.258918166 -0.000541931 0.999993563 0.003544707 -0.405745655 -0.002981102 -0.003546306 0.999989271 14.253718376
0.999993145 0.000753300 0.003608530 0.260821879 -0.000764439 0.999994874 0.003086328 -0.420361280 -0.003606187 -0.003089065 0.999988675 14.639093399
0.999992847 0.001077501 0.003637584 0.269465417 -0.001089527 0.999993980 0.003305380 -0.432717651 -0.003634000 -0.003309320 0.999987960 15.066379547
0.999991894 0.000616321 0.003982889 0.281416625 -0.000629016 0.999994695 0.003187082 -0.442695171 -0.003980903 -0.003189561 0.999987006 15.518222809
0.999989510 0.000219827 0.004589011 0.291707486 -0.000235050 0.999994516 0.003316997 -0.455660820 -0.004588257 -0.003318040 0.999984026 15.971167564
0.999988317 0.000720118 0.004762341 0.295451701 -0.000738809 0.999992013 0.003924195 -0.478791147 -0.004759478 -0.003927668 0.999980927 16.373222351
0.999986470 0.001253196 0.005052527 0.301940739 -0.001271531 0.999992549 0.003627327 -0.489346296 -0.005047944 -0.003633702 0.999980628 16.822547913
0.999986410 0.000398743 0.005197798 0.318473935 -0.000417917 0.999993086 0.003688224 -0.495821655 -0.005196291 -0.003690346 0.999979734 17.286872864
0.999983549 0.001269124 0.005576760 0.328993887 -0.001290170 0.999992013 0.003771861 -0.509202123 -0.005571928 -0.003778993 0.999977350 17.753120422
0.999985933 0.000511911 0.005269871 0.351827621 -0.000532683 0.999992073 0.003941049 -0.523490965 -0.005267811 -0.003943801 0.999978304 18.213329315
0.999986112 0.000264812 0.005257740 0.361542940 -0.000285565 0.999992132 0.003946871 -0.532424867 -0.005256653 -0.003948318 0.999978364 18.650297165
0.999988496 -0.000292141 0.004785352 0.379742652 0.000276524 0.999994636 0.003263897 -0.536867082 -0.004786281 -0.003262536 0.999983191 19.133190155
0.999986470 0.000445745 0.005179817 0.390630245 -0.000463838 0.999993801 0.003492307 -0.548347890 -0.005178228 -0.003494663 0.999980450 19.628276825
0.999986112 -0.000247523 0.005263504 0.398128271 0.000223915 0.999989867 0.004485443 -0.571156442 -0.005264561 -0.004484202 0.999976039 20.078496933
0.999986351 -0.000401316 0.005208652 0.413556933 0.000378732 0.999990463 0.004336202 -0.582547903 -0.005210343 -0.004334170 0.999976993 20.572212219
0.999987662 0.000189656 0.004976288 0.427961826 -0.000209366 0.999992192 0.003960620 -0.590782285 -0.004975498 -0.003961612 0.999979794 21.087213516
0.999988019 0.000240188 0.004899970 0.430064142 -0.000259397 0.999992371 0.003919823 -0.597562492 -0.004898991 -0.003921047 0.999980390 21.587026596
0.999991715 0.000131236 0.004062280 0.423022121 -0.000149542 0.999989808 0.004506495 -0.626219034 -0.004061648 -0.004507065 0.999981582 22.085908890
0.999994099 -0.000287662 0.003432035 0.442699283 0.000272259 0.999989867 0.004487428 -0.635181248 -0.003433292 -0.004486467 0.999984026 22.611656189
0.999994457 -0.000631815 0.003259150 0.447773576 0.000618433 0.999991357 0.004105660 -0.641399324 -0.003261715 -0.004103621 0.999986291 23.124711990
0.999996603 -0.000612057 0.002542959 0.451161623 0.000599767 0.999988139 0.004830946 -0.665129066 -0.002545886 -0.004829405 0.999985039 23.634973526
0.999996245 -0.001558590 0.002245386 0.464794844 0.001549299 0.999990225 0.004134047 -0.675895631 -0.002251807 -0.004130553 0.999988914 24.169116974
0.999998391 -0.000244200 0.001793499 0.470734715 0.000236934 0.999991715 0.004050525 -0.681468248 -0.001794474 -0.004050094 0.999990165 24.717899323
0.999999464 -0.000562500 0.000879549 0.480166495 0.000558694 0.999990463 0.004321220 -0.699147284 -0.000881972 -0.004320726 0.999990284 25.239135742
0.999999881 -0.000488294 0.000295681 0.490043253 0.000486987 0.999990225 0.004405640 -0.709871590 -0.000297829 -0.004405496 0.999990225 25.785610199
0.999999940 -0.000232951 0.000322382 0.499153435 0.000231541 0.999990404 0.004371214 -0.721507311 -0.000323398 -0.004371139 0.999990463 26.347524643
0.999999762 -0.000392978 -0.000595812 0.510119677 0.000396011 0.999986887 0.005100064 -0.739889503 0.000593800 -0.005100298 0.999986827 26.853590012
0.999999702 -0.000176386 -0.000834597 0.521487296 0.000180517 0.999987721 0.004951913 -0.751590908 0.000833713 -0.004952063 0.999987364 27.411191940
0.999998450 -0.000583709 -0.001675733 0.537147939 0.000592003 0.999987543 0.004953041 -0.767390013 0.001672821 -0.004954025 0.999986351 27.941038132
0.999999225 0.000549184 -0.001067965 0.534891963 -0.000543999 0.999988079 0.004848980 -0.770992935 0.001070615 -0.004848395 0.999987721 28.523319244
0.999999046 0.000137243 -0.001354550 0.527551055 -0.000130913 0.999989092 0.004671626 -0.786615372 0.001355176 -0.004671445 0.999988198 29.023689270
0.999998689 0.001002442 -0.001269018 0.530054510 -0.000996808 0.999989688 0.004432300 -0.795713902 0.001273448 -0.004431028 0.999989450 29.575260162
0.999997437 0.001188099 -0.001921275 0.543654680 -0.001179486 0.999989331 0.004477959 -0.808693886 0.001926574 -0.004475681 0.999988079 30.119169235
0.999997616 0.001409000 -0.001685067 0.537673950 -0.001401195 0.999988317 0.004624846 -0.819810092 0.001691564 -0.004622474 0.999987900 30.616264343
0.999998152 0.000695969 -0.001778382 0.542040527 -0.000687560 0.999988616 0.004725308 -0.836091042 0.001781650 -0.004724076 0.999987304 31.157892227
0.999995351 0.002621658 -0.001597313 0.550019741 -0.002614686 0.999987066 0.004351560 -0.843863368 0.001608701 -0.004347363 0.999989331 31.705509186
0.999995470 0.001666263 -0.002493832 0.570689797 -0.001655033 0.999988496 0.004498678 -0.848457515 0.002501298 -0.004494530 0.999986768 32.235046387
0.999993920 0.002431187 -0.002503538 0.569031179 -0.002418987 0.999985218 0.004864912 -0.865632534 0.002515327 -0.004858827 0.999985039 32.779445648
0.999993205 0.002636988 -0.002597474 0.578656197 -0.002623926 0.999983966 0.005019472 -0.882839382 0.002610668 -0.005012622 0.999983966 33.325824738
0.999992728 0.002735798 -0.002654202 0.591966510 -0.002722589 0.999983966 0.004967657 -0.892248929 0.002667750 -0.004960395 0.999984145 33.881317139
0.999992728 0.001290334 -0.003586222 0.596503556 -0.001271400 0.999985278 0.005277004 -0.915807307 0.003592979 -0.005272407 0.999979675 34.400543213
0.999992490 0.002036364 -0.003311538 0.601365983 -0.002018896 0.999984086 0.005269591 -0.928675115 0.003322216 -0.005262866 0.999980628 34.954284668
0.999993026 0.001637860 -0.003347841 0.609562814 -0.001620263 0.999984920 0.005252512 -0.939248323 0.003356394 -0.005247050 0.999980688 35.491485596
0.999990582 0.001607737 -0.004024250 0.624680102 -0.001586836 0.999985278 0.005191534 -0.947770238 0.004032537 -0.005185100 0.999978423 36.026771545
0.999992192 0.000671488 -0.003899370 0.627342582 -0.000649806 0.999984264 0.005558590 -0.971550345 0.003903043 -0.005556012 0.999976933 36.539196014
0.999990404 0.001147749 -0.004239051 0.633239985 -0.001128014 0.999988496 0.004654952 -0.977357388 0.004244346 -0.004650126 0.999980152 37.092655182
0.999991059 0.001349336 -0.004013096 0.640899897 -0.001330022 0.999987602 0.004811645 -0.987848759 0.004019539 -0.004806264 0.999980330 37.645107269
0.999986947 0.001199666 -0.004975815 0.662140429 -0.001178241 0.999990046 0.004306411 -0.993925989 0.004980932 -0.004300491 0.999978304 38.168407440
0.999989271 0.001445569 -0.004380655 0.646502137 -0.001424609 0.999987483 0.004784131 -1.013649702 0.004387516 -0.004777839 0.999978960 38.639545441
0.999988496 0.001351142 -0.004583776 0.656724751 -0.001327634 0.999985874 0.005127687 -1.029454947 0.004590639 -0.005121542 0.999976337 39.185012817
0.999988496 0.000829682 -0.004724098 0.657654226 -0.000808344 0.999989510 0.004516794 -1.036225915 0.004727796 -0.004512923 0.999978662 39.701000214
0.999988258 0.001475685 -0.004595182 0.659012020 -0.001456912 0.999990582 0.004086005 -1.030171275 0.004601168 -0.004079263 0.999981046 40.263080597
0.999988854 0.001888448 -0.004313312 0.656499863 -0.001867919 0.999986947 0.004758404 -1.056860924 0.004322242 -0.004750295 0.999979377 40.758682251
0.999988616 0.002489673 -0.004066986 0.662944615 -0.002469347 0.999984503 0.004995131 -1.066183448 0.004079359 -0.004985032 0.999979258 41.303485870
0.999989092 0.002348810 -0.004019584 0.665027261 -0.002330873 0.999987364 0.004461151 -1.079428196 0.004030011 -0.004451734 0.999981999 41.853794098
0.999987185 0.002056803 -0.004606640 0.680583179 -0.002035314 0.999987185 0.004664706 -1.087844729 0.004616173 -0.004655271 0.999978483 42.307708740
0.999986470 0.002467201 -0.004561563 0.683041155 -0.002444533 0.999984741 0.004968188 -1.100323081 0.004573750 -0.004956970 0.999977231 42.861175537
0.999985874 0.003323909 -0.004138955 0.698301196 -0.003306143 0.999985397 0.004292163 -1.110835791 0.004153162 -0.004278418 0.999982178 43.388484955
0.999987781 0.001615237 -0.004658606 0.712643802 -0.001596335 0.999990523 0.004058334 -1.114541292 0.004665118 -0.004050847 0.999980867 43.946125031
0.999987781 0.002585652 -0.004214063 0.694525957 -0.002568793 0.999988675 0.004000889 -1.119101167 0.004224360 -0.003990015 0.999983132 44.399375916
0.999987662 0.002491885 -0.004295947 0.704733253 -0.002474847 0.999989033 0.003966885 -1.131726027 0.004305784 -0.003956204 0.999982893 44.950305939
0.999989092 0.002784127 -0.003739868 0.707188725 -0.002773400 0.999992013 0.002870661 -1.137743354 0.003747830 -0.002860258 0.999988854 45.514083862
0.999989331 0.002769339 -0.003695119 0.700303674 -0.002754525 0.999988198 0.004008217 -1.157964230 0.003706176 -0.003997996 0.999985158 45.967197418
0.999986649 0.003357966 -0.003930775 0.713481307 -0.003343463 0.999987602 0.003690216 -1.163587928 0.003943118 -0.003677024 0.999985516 46.517669678
0.999987721 0.003416815 -0.003598264 0.710360765 -0.003404724 0.999988616 0.003360812 -1.176064849 0.003609706 -0.003348519 0.999987900 47.075435638
0.999989331 0.002449968 -0.003906459 0.721797168 -0.002435988 0.999990642 0.003579540 -1.185914755 0.003915193 -0.003569986 0.999985993 47.558757782
0.999987543 0.003454416 -0.003593346 0.722568870 -0.003440108 0.999986172 0.003980500 -1.202551484 0.003607047 -0.003968089 0.999985635 48.099365234
0.999988198 0.002015369 -0.004425514 0.738878429 -0.002000328 0.999992251 0.003400524 -1.210372567 0.004432334 -0.003391631 0.999984443 48.646976471
0.999986172 0.002912452 -0.004389451 0.755253315 -0.002896474 0.999989092 0.003642008 -1.227223516 0.004400010 -0.003629243 0.999983788 49.172809601
0.999986351 0.003914273 -0.003459071 0.738523185 -0.003900721 0.999984741 0.003915778 -1.231542945 0.003474346 -0.003902231 0.999986351 49.686038971
0.999988496 0.003786768 -0.002930505 0.744083703 -0.003776319 0.999986529 0.003563338 -1.241591334 0.002943960 -0.003552231 0.999989390 50.230308533
0.999987543 0.003418498 -0.003629821 0.760630429 -0.003404686 0.999986947 0.003804187 -1.254244089 0.003642778 -0.003791781 0.999986172 50.775001526
0.999985874 0.004053355 -0.003420541 0.760892987 -0.004040584 0.999984860 0.003731827 -1.266793728 0.003435615 -0.003717953 0.999987185 51.259643555
0.999989450 0.003874570 -0.002463120 0.765995443 -0.003867153 0.999987960 0.003008522 -1.276111722 0.002474747 -0.002998965 0.999992490 51.814399719
0.999987781 0.003897771 -0.003074782 0.767943144 -0.003886927 0.999986172 0.003525063 -1.286933899 0.003088480 -0.003513068 0.999988973 52.336223602
0.999984503 0.004844891 -0.002754629 0.771420598 -0.004835067 0.999981880 0.003561946 -1.301469803 0.002771837 -0.003548572 0.999989748 52.885005951
0.999986291 0.004457518 -0.002747548 0.774173737 -0.004450141 0.999986410 0.002685379 -1.308939099 0.002759482 -0.002673115 0.999992609 53.410068512
0.999985754 0.004564184 -0.002757314 0.781973958 -0.004557171 0.999986351 0.002544024 -1.321558475 0.002768888 -0.002531423 0.999992967 53.950572968
0.999986529 0.004562163 -0.002460217 0.792222798 -0.004554701 0.999984980 0.003030505 -1.337979913 0.002474005 -0.003019258 0.999992371 54.504177094
0.999987066 0.004391519 -0.002602566 0.793923974 -0.004384243 0.999986470 0.002794466 -1.348263741 0.002614802 -0.002783019 0.999992728 55.006378174
0.999982774 0.005055753 -0.002964290 0.797118306 -0.005047297 0.999983132 0.002853191 -1.360150695 0.002978666 -0.002838181 0.999991536 55.560462952
0.999985218 0.004562494 -0.002951000 0.817203283 -0.004553401 0.999984860 0.003080106 -1.379501104 0.002965008 -0.003066623 0.999990880 56.108383179
0.999985039 0.004799711 -0.002605817 0.816002667 -0.004792359 0.999984562 0.002820064 -1.385052919 0.002619313 -0.002807534 0.999992609 56.606899261
0.999986827 0.004500326 -0.002466613 0.820784330 -0.004493805 0.999986470 0.002643083 -1.398159027 0.002478474 -0.002631964 0.999993443 57.152294159
0.999982178 0.005444695 -0.002442152 0.833605170 -0.005438196 0.999981761 0.002659881 -1.406717420 0.002456589 -0.002646553 0.999993503 57.719581604
0.999986470 0.004394835 -0.002754582 0.844302297 -0.004387993 0.999987245 0.002484856 -1.417743683 0.002765467 -0.002472735 0.999993145 58.185970306
0.999986947 0.004626406 -0.002171489 0.851944089 -0.004620504 0.999985635 0.002715776 -1.438589096 0.002184022 -0.002705707 0.999993980 58.726043701
0.999987245 0.004253394 -0.002713087 0.862041891 -0.004247235 0.999988377 0.002271698 -1.452430248 0.002722719 -0.002260146 0.999993742 59.272109985
0.999983191 0.005222204 -0.002483964 0.861248970 -0.005216466 0.999983728 0.002310676 -1.460029483 0.002495991 -0.002297680 0.999994159 59.786766052
0.999980450 0.005581900 -0.002793529 0.875078857 -0.005576157 0.999982297 0.002058906 -1.472559571 0.002804972 -0.002043289 0.999993920 60.340248108
0.999986649 0.004478037 -0.002574813 0.889929533 -0.004472871 0.999987960 0.002008562 -1.484136701 0.002583776 -0.001997018 0.999994636 60.873710632
0.999986649 0.004532298 -0.002479507 0.883133888 -0.004526259 0.999986768 0.002435564 -1.508794308 0.002490512 -0.002424309 0.999993980 61.368774414
0.999984324 0.004428179 -0.003429248 0.901055574 -0.004419487 0.999987006 0.002538026 -1.521874905 0.003440442 -0.002522831 0.999990880 61.917045593
0.999987125 0.004155642 -0.002917195 0.912923038 -0.004148519 0.999988437 0.002444162 -1.528945684 0.002927318 -0.002432028 0.999992788 62.464820862
0.999986768 0.004339646 -0.002776318 0.921210647 -0.004334252 0.999988735 0.001945511 -1.555110216 0.002784729 -0.001933452 0.999994338 63.001525879
0.999985218 0.004710967 -0.002751696 0.914772809 -0.004704425 0.999986112 0.002379480 -1.564483404 0.002762867 -0.002366499 0.999993384 63.526008606
0.999982893 0.005328065 -0.002412987 0.922264934 -0.005324693 0.999984860 0.001401904 -1.570319295 0.002420420 -0.001389032 0.999996066 64.078262329
0.999984384 0.005100548 -0.002256102 0.933378816 -0.005097478 0.999985993 0.001364380 -1.585275531 0.002263029 -0.001352858 0.999996424 64.625770569
0.999985516 0.004761047 -0.002513908 0.937495112 -0.004756057 0.999986708 0.001987226 -1.600414395 0.002523336 -0.001975241 0.999994874 65.155769348
0.999988675 0.004463521 -0.001691438 0.939287543 -0.004461735 0.999989510 0.001057524 -1.607923746 0.001696140 -0.001049965 0.999998093 65.720291138
0.999986410 0.004839282 -0.001937189 0.948568523 -0.004836784 0.999987483 0.001290901 -1.631054640 0.001943412 -0.001281514 0.999997318 66.248573303
0.999983191 0.005443136 -0.001961287 0.959203124 -0.005440029 0.999983847 0.001585916 -1.643055677 0.001969888 -0.001575220 0.999996841 66.763679504
0.999985993 0.004768755 -0.002299310 0.963781834 -0.004764117 0.999986529 0.002018122 -1.659211993 0.002308904 -0.002007140 0.999995291 67.287719727
0.999984145 0.005470224 -0.001395960 0.964156389 -0.005467404 0.999982953 0.002016510 -1.670660734 0.001406967 -0.002008845 0.999997020 67.851112366
0.999984443 0.005224503 -0.001977526 0.969658375 -0.005221393 0.999985099 0.001574720 -1.688036799 0.001985724 -0.001564370 0.999996781 68.377197266
0.999983251 0.005496768 -0.001806848 0.978639901 -0.005493899 0.999983668 0.001589471 -1.693684936 0.001815554 -0.001579517 0.999997079 68.885307312
0.999982357 0.005853714 -0.001016077 0.981544375 -0.005852178 0.999981761 0.001510024 -1.705952525 0.001024897 -0.001504051 0.999998271 69.445579529
0.999984801 0.005222069 -0.001780357 0.994437933 -0.005219509 0.999985278 0.001438927 -1.722781301 0.001787845 -0.001429613 0.999997377 69.986122131
0.999988258 0.004393287 -0.002066428 1.014889121 -0.004390160 0.999989212 0.001515582 -1.741330266 0.002073063 -0.001506492 0.999996781 70.508338928
0.999988317 0.004481969 -0.001779662 1.018261313 -0.004479212 0.999988794 0.001549905 -1.754688978 0.001786588 -0.001541916 0.999997199 71.052055359
0.999985099 0.005076668 -0.002007571 1.026673555 -0.005073987 0.999986231 0.001338488 -1.768665552 0.002014338 -0.001328281 0.999997079 71.605476379
0.999986410 0.004832558 -0.001961799 1.043497920 -0.004830081 0.999987543 0.001264598 -1.781789303 0.001967886 -0.001255105 0.999997318 72.134536743
0.999988675 0.004226136 -0.002172050 1.048164487 -0.004222254 0.999989510 0.001788519 -1.792961836 0.002179587 -0.001779328 0.999996066 72.669532776
0.999990880 0.004021990 -0.001450212 1.054694891 -0.004018917 0.999989748 0.002115889 -1.809706211 0.001458707 -0.002110042 0.999996722 73.236526489
0.999988675 0.004443731 -0.001666862 1.068864822 -0.004441161 0.999988973 0.001542386 -1.814411283 0.001673698 -0.001534966 0.999997437 73.729522705
0.999988675 0.004620791 -0.001117168 1.076085567 -0.004620014 0.999989152 0.000696915 -1.821376085 0.001120376 -0.000691746 0.999999166 74.289237976
0.999986470 0.004911879 -0.001677786 1.089764595 -0.004909512 0.999986887 0.001411139 -1.843819261 0.001684696 -0.001402884 0.999997616 74.786827087
0.999982178 0.005701517 -0.001756844 1.097695827 -0.005700760 0.999983668 0.000435635 -1.850096464 0.001759299 -0.000425612 0.999998450 75.337783813
0.999985695 0.005161268 -0.001406143 1.108427882 -0.005159717 0.999986053 0.001103152 -1.869847417 0.001411816 -0.001095881 0.999998391 75.884216309
0.999980032 0.006166040 -0.001417911 1.114668250 -0.006164824 0.999980569 0.000860032 -1.882877111 0.001423187 -0.000851274 0.999998629 76.428688049
0.999986410 0.005062022 -0.001299097 1.118513107 -0.005060410 0.999986410 0.001240879 -1.898787856 0.001305360 -0.001234288 0.999998391 76.938781738
0.999988854 0.004460848 -0.001512274 1.127287865 -0.004459331 0.999989569 0.001006509 -1.912473321 0.001516748 -0.000999754 0.999998331 77.460670471
0.999985397 0.005158899 -0.001583243 1.139233947 -0.005157948 0.999986529 0.000603504 -1.920927763 0.001586335 -0.000595329 0.999998569 78.012176514
0.999981463 0.005899444 -0.001521780 1.151819587 -0.005898503 0.999982476 0.000621468 -1.934079409 0.001525420 -0.000612480 0.999998629 78.567703247
0.999984741 0.005413002 -0.001126975 1.147681475 -0.005412517 0.999985278 0.000433071 -1.958875656 0.001129302 -0.000426965 0.999999225 79.083770752
0.999984384 0.005589956 -0.000235093 1.155082345 -0.005589873 0.999984384 0.000355621 -1.973889232 0.000237077 -0.000354301 0.999999881 79.634902954
0.999982595 0.005772828 0.001230376 1.170257449 -0.005773730 0.999983072 0.000731050 -1.995876670 -0.001226135 -0.000738141 0.999998927 80.176589966
0.999978960 0.005959512 0.002569614 1.167247057 -0.005960512 0.999982119 0.000381377 -2.002588511 -0.002567296 -0.000396685 0.999996543 80.710098267
0.999977052 0.005847250 0.003426220 1.178275824 -0.005849327 0.999982715 0.000596226 -2.021846533 -0.003422675 -0.000616253 0.999993920 81.252967834
0.999956250 0.006249763 0.006963366 1.189595461 -0.006251999 0.999980330 0.000299276 -2.030964136 -0.006961359 -0.000342798 0.999975622 81.822097778
0.999928951 0.006129793 0.010230096 1.210762382 -0.006136659 0.999980867 0.000639846 -2.048271418 -0.010225979 -0.000702580 0.999947429 82.358291626
0.999904215 0.004719947 0.013012274 1.245361328 -0.004730442 0.999988437 0.000775869 -2.071299076 -0.013008462 -0.000837349 0.999915004 82.909866333
0.999821842 0.005731064 0.017986035 1.245716691 -0.005733360 0.999983549 0.000076091 -2.071674109 -0.017985305 -0.000179198 0.999838173 83.448837280
0.999692440 0.006150460 0.024026871 1.270393848 -0.006147298 0.999981046 -0.000205479 -2.082009554 -0.024027679 0.000057716 0.999711275 84.004653931
0.999524534 0.006073642 0.030230332 1.300329089 -0.006062930 0.999981523 -0.000446099 -2.096033096 -0.030232485 0.000262603 0.999542832 84.556861877
0.999318421 0.005724720 0.036468390 1.334185362 -0.005727870 0.999983609 -0.000018094 -2.114089489 -0.036467887 -0.000190804 0.999334812 85.104598999
0.998991668 0.005613445 0.044546708 1.375671148 -0.005606909 0.999984264 -0.000271668 -2.124386311 -0.044547528 0.000021625 0.999007225 85.652694702
0.998602688 0.005795631 0.052525871 1.428721428 -0.005770287 0.999983072 -0.000634127 -2.137402534 -0.052528657 0.000330151 0.998619378 86.218162537
0.998233855 0.005342226 0.059166558 1.483332396 -0.005293801 0.999985516 -0.000975179 -2.151649952 -0.059170913 0.000660241 0.998247623 86.752059937
0.997596920 0.005490406 0.069067910 1.530240059 -0.005420136 0.999984562 -0.001204797 -2.163330555 -0.069073468 0.000827545 0.997611225 87.316268921
0.996891022 0.005573025 0.078594632 1.600658894 -0.005506314 0.999984264 -0.001065472 -2.178874016 -0.078599341 0.000629393 0.996906102 87.860290527
0.996159732 0.005414397 0.087386265 1.662951946 -0.005375552 0.999985337 -0.000679834 -2.189168453 -0.087388664 0.000207474 0.996174276 88.411087036
0.995508671 0.004289784 0.094573900 1.732578754 -0.004152169 0.999990046 -0.001651861 -2.197787046 -0.094580062 0.001251756 0.995516479 88.952232361
0.994490862 0.004501442 0.104726702 1.808638096 -0.004384351 0.999989450 -0.001348237 -2.215261221 -0.104731657 0.000881650 0.994500101 89.510879517
0.993326008 0.004861292 0.115238108 1.894196510 -0.004829074 0.999988198 -0.000558758 -2.234665394 -0.115239449 -0.000001464 0.993337750 90.058776855
0.992154717 0.003978987 0.124952719 1.980561256 -0.003834819 0.999991715 -0.001394279 -2.244483948 -0.124957219 0.000904170 0.992161632 90.615844727
0.990710676 0.003263305 0.135947973 2.083946228 -0.003068989 0.999994040 -0.001638899 -2.257677794 -0.135952488 0.001206452 0.990714610 91.120681763
0.988889277 0.004353249 0.148590147 2.175650597 -0.004163997 0.999989986 -0.001584722 -2.272729635 -0.148595572 0.000948386 0.988897622 91.702308655
0.987071753 0.004062145 0.160227373 2.277684212 -0.003880312 0.999991417 -0.001447718 -2.289340734 -0.160231873 0.000807269 0.987079144 92.244331360
0.985429645 0.003448997 0.170048699 2.401127815 -0.003215977 0.999993443 -0.001645738 -2.305916309 -0.170053288 0.001074886 0.985434353 92.779312134
0.983211458 0.002834922 0.182447612 2.521060944 -0.002513604 0.999994755 -0.001992369 -2.322753191 -0.182452336 0.001500319 0.983213603 93.307830811
0.980735302 0.003607924 0.195307672 2.652449608 -0.003351608 0.999993026 -0.001642837 -2.336694002 -0.195312217 0.000956594 0.980740666 93.899444580
0.978620529 0.003740098 0.205640078 2.779212952 -0.003541526 0.999992847 -0.001333697 -2.354547501 -0.205643594 0.000576904 0.978626788 94.439247131
0.975838482 0.003008432 0.218472525 2.931072235 -0.002687238 0.999994814 -0.001767301 -2.368181705 -0.218476713 0.001137513 0.975841522 94.959129333
0.972748697 0.002098146 0.231852531 3.071836472 -0.001673945 0.999996543 -0.002026335 -2.384583950 -0.231855974 0.001583007 0.972748876 95.493041992
0.970071852 0.002482060 0.242805794 3.216356277 -0.002138823 0.999996305 -0.001677223 -2.391467571 -0.242809072 0.001107708 0.970073402 96.003898621
0.967245936 0.001762675 0.253835261 3.384899139 -0.001402399 0.999997795 -0.001600277 -2.406935692 -0.253837526 0.001191884 0.967246115 96.543907166
0.963626206 0.001771561 0.267248005 3.544939041 -0.001468636 0.999998093 -0.001333378 -2.423502445 -0.267249823 0.000892388 0.963626921 97.047233582
0.959987402 0.001582394 0.280038625 3.701614380 -0.001113343 0.999997675 -0.001834019 -2.431247950 -0.280040920 0.001448856 0.959987104 97.569648743
0.956667125 0.000851675 0.291182429 3.886722565 -0.000383232 0.999998450 -0.001665789 -2.446531534 -0.291183442 0.001482015 0.956666112 98.095352173
0.952064216 0.001214899 0.305895686 4.066781998 -0.000888330 0.999998868 -0.001206785 -2.466253042 -0.305896789 0.000877200 0.952064335 98.595832825
0.947832465 -0.000271796 0.318768859 4.307813644 0.000869338 0.999998093 -0.001732262 -2.474663258 -0.318767726 0.001919012 0.947830915 99.156112671
0.943787873 0.000231204 0.330551445 4.519662857 0.000407919 0.999998152 -0.001864136 -2.484371424 -0.330551296 0.001894187 0.943786204 99.664924622
0.938901722 0.000811594 0.344184369 4.687923431 -0.000265438 0.999998629 -0.001633930 -2.510580778 -0.344185233 0.001442740 0.938900590 100.156120300
0.933440328 0.000895451 0.358731657 4.902257919 -0.000486742 0.999999106 -0.001229624 -2.527645826 -0.358732402 0.000973170 0.933439970 100.665588379
0.928540826 0.000699875 0.371229678 5.132133484 -0.000300675 0.999999285 -0.001133221 -2.541774511 -0.371230245 0.000940623 0.928540349 101.188179016
0.923877239 0.000339367 0.382688850 5.363883972 0.000255351 0.999998808 -0.001503257 -2.561659336 -0.382688850 0.001486545 0.923876166 101.693794250
0.918115437 0.000389687 0.396312952 5.611934662 0.000356906 0.999998271 -0.001810103 -2.562700033 -0.396312952 0.001803330 0.918113768 102.222366333
0.912049949 -0.000059312 0.410079092 5.833442688 0.000606177 0.999999106 -0.001203554 -2.570003986 -0.410078675 0.001346282 0.912049115 102.700637817
0.907110751 -0.000731260 0.420891315 6.081073761 0.001528517 0.999997675 -0.001556877 -2.585426092 -0.420889139 0.002055600 0.907109737 103.174659729
0.901499867 -0.000982979 0.432778209 6.347309113 0.001840752 0.999997079 -0.001563068 -2.600524664 -0.432775378 0.002205742 0.901499033 103.677810669
0.895084441 -0.000600183 0.445896208 6.623989105 0.001317107 0.999998271 -0.001297925 -2.621494770 -0.445894688 0.001749045 0.895083666 104.176406860
0.888928473 -0.000799763 0.458045423 6.910640717 0.001654282 0.999997497 -0.001464434 -2.636345863 -0.458043158 0.002059513 0.888927579 104.698822021
0.882562757 -0.000945854 0.470193624 7.118923187 0.002095426 0.999995947 -0.001921538 -2.619657516 -0.470189959 0.002681134 0.882561207 105.130424500
0.874940693 -0.001170076 0.484228611 7.409946442 0.002362603 0.999995530 -0.001852568 -2.637036324 -0.484224319 0.002764927 0.874939561 105.610778809
0.867786407 -0.001631753 0.496934712 7.696655273 0.002919010 0.999994099 -0.001813788 -2.651614904 -0.496928811 0.003024537 0.867786109 106.065681458
0.861569583 -0.002053576 0.507635295 7.989521027 0.003457610 0.999992311 -0.001822985 -2.666041851 -0.507627726 0.003325833 0.861570179 106.535552979
