1.000000000 0.000000000 0.000000000 0.000000000 0.000000000 1.000000000 0.000000000 0.000000000 0.000000000 0.000000000 1.000000000 0.000000000
0.999999940 0.000185110 0.000228539 -0.001622635 -0.000185124 1.000000000 0.000062976 0.000044708 -0.000228527 -0.000063018 1.000000000 0.000820077
1.000000000 0.000076021 0.000097133 -0.000597953 -0.000076026 1.000000000 0.000055414 -0.000253227 -0.000097129 -0.000055421 1.000000000 -0.001490954
1.000000000 -0.000032928 0.000142378 -0.001295943 0.000032924 1.000000000 0.000028301 0.000411933 -0.000142379 -0.000028296 1.000000000 -0.000193421
1.000000000 -0.000140301 0.000144130 -0.000413019 0.000140295 1.000000000 0.000039932 0.000092409 -0.000144136 -0.000039912 1.000000000 0.000301997
1.000000000 0.000111612 0.000191322 -0.000733262 -0.000111629 1.000000000 0.000089677 0.000527832 -0.000191312 -0.000089698 1.000000000 0.001313974
0.999999940 -0.000161271 0.000231811 -0.000540989 0.000161294 1.000000000 -0.000101427 0.001191562 -0.000231795 0.000101464 0.999999940 -0.000313834
0.999999940 -0.000092874 0.000263141 -0.001164934 0.000092883 1.000000000 -0.000032797 0.001291538 -0.000263138 0.000032822 0.999999940 0.001614283
1.000000000 -0.000001080 0.000163774 -0.001239852 0.000001066 1.000000000 0.000084623 -0.000034967 -0.000163774 -0.000084623 1.000000000 -0.000134719
0.999999940 -0.000028861 0.000317466 -0.002079123 0.000028901 1.000000000 -0.000125969 0.001690152 -0.000317462 0.000125979 0.999999940 0.001417784
1.000000000 -0.000121172 0.000194853 -0.001692317 0.000121132 1.000000000 0.000205145 -0.000491646 -0.000194878 -0.000205121 0.999999940 -0.000339975
0.999999940 -0.000020404 0.000351206 -0.002778523 0.000020354 1.000000000 0.000142259 -0.000077627 -0.000351209 -0.000142252 0.999999940 0.001540311
0.999999940 -0.000025642 0.000247279 -0.001551241 0.000025609 1.000000000 0.000132535 0.000111042 -0.000247282 -0.000132529 0.999999940 0.000949362
1.000000000 -0.000156156 0.000160860 -0.001370344 0.000156162 1.000000000 -0.000031857 0.000695183 -0.000160855 0.000031882 1.000000000 -0.000985303
0.999999940 -0.000062689 0.000360509 -0.001847653 0.000062650 1.000000000 0.000108037 0.000571014 -0.000360516 -0.000108015 0.999999940 0.000861048
0.999999940 -0.000050773 0.000284184 -0.002566573 0.000050740 1.000000000 0.000118461 0.000820477 -0.000284190 -0.000118447 0.999999940 0.002940950
1.000000000 0.000008788 0.000155288 -0.001364495 -0.000008823 1.000000000 0.000224663 -0.001070861 -0.000155286 -0.000224664 0.999999940 -0.000046411
0.999999940 0.000103846 0.000252695 -0.002303766 -0.000103890 1.000000000 0.000175344 -0.000254756 -0.000252677 -0.000175370 0.999999940 0.000976949
0.999999940 0.000258717 0.000330448 -0.002736679 -0.000258744 0.999999940 0.000081292 0.000334491 -0.000330427 -0.000081378 0.999999940 0.000640226
0.999999881 0.000204056 0.000394028 -0.003202834 -0.000204091 1.000000000 0.000088131 0.000478828 -0.000394010 -0.000088211 0.999999940 0.000113242
0.999999940 0.000011705 0.000321374 -0.001973268 -0.000011738 1.000000000 0.000103261 0.000469887 -0.000321373 -0.000103265 0.999999940 0.001194297
0.999999940 0.000090111 0.000305815 -0.002208989 -0.000090147 1.000000000 0.000118035 0.000727282 -0.000305804 -0.000118062 0.999999940 0.001301067
1.000000000 0.000139128 0.000181545 -0.001075560 -0.000139161 1.000000000 0.000183407 -0.000162151 -0.000181519 -0.000183432 0.999999940 0.000515293
0.999999940 0.000255959 0.000265232 -0.001737663 -0.000255975 0.999999940 0.000062087 0.000186352 -0.000265217 -0.000062155 0.999999940 -0.001572662
0.999999940 0.000222298 0.000174841 -0.001480448 -0.000222280 0.999999940 -0.000101541 0.001920945 -0.000174864 0.000101502 1.000000000 0.000466653
0.999999821 0.000494406 0.000292389 -0.003299966 -0.000494394 0.999999881 -0.000039630 0.001225679 -0.000292409 0.000039485 0.999999940 0.000740292
1.000000000 -0.000021836 0.000242677 -0.002158302 0.000021785 1.000000000 0.000209380 0.000352699 -0.000242682 -0.000209375 0.999999940 0.001971895
0.999999940 -0.000014405 0.000278853 -0.002291158 0.000014438 1.000000000 -0.000118719 0.001421390 -0.000278852 0.000118723 0.999999940 0.001718433
1.000000000 -0.000029140 0.000236390 -0.001822970 0.000029141 1.000000000 -0.000005776 0.000463827 -0.000236390 0.000005783 1.000000000 -0.000362613
0.999999940 -0.000121965 0.000314026 -0.002085525 0.000121952 1.000000000 0.000042698 0.000617099 -0.000314031 -0.000042659 0.999999940 0.001679227
0.999999940 0.000002926 0.000356254 -0.002132836 -0.000002920 1.000000000 -0.000019205 0.000769594 -0.000356254 0.000019203 0.999999940 0.000060843
1.000000000 0.000040918 0.000174677 -0.001494213 -0.000040916 1.000000000 -0.000007503 0.001609480 -0.000174677 0.000007496 1.000000000 0.003966934
0.999999940 0.000180426 0.000307396 -0.001928643 -0.000180421 1.000000000 -0.000017816 0.000807779 -0.000307399 0.000017760 0.999999940 -0.000012622
0.999999940 -0.000023434 0.000296363 -0.001045862 0.000023413 1.000000000 0.000069427 0.000282064 -0.000296365 -0.000069420 0.999999940 -0.000259121
0.999999940 0.000053231 0.000280440 -0.002715231 -0.000053226 1.000000000 -0.000018824 0.002316233 -0.000280441 0.000018809 0.999999940 0.003760064
0.999999940 -0.000055796 0.000273737 -0.002044145 0.000055746 1.000000000 0.000184277 0.000112157 -0.000273747 -0.000184262 0.999999940 0.001341174
0.999999940 -0.000094258 0.000243606 -0.001079094 0.000094258 1.000000000 0.000000196 0.001098474 -0.000243606 -0.000000173 1.000000000 0.001446367
0.999999881 -0.000191863 0.000392995 -0.001640134 0.000191853 1.000000000 0.000024524 0.000575716 -0.000393000 -0.000024448 0.999999940 0.001787949
0.999999881 -0.000463758 0.000278706 0.000823203 0.000463935 0.999999702 -0.000634241 -0.001525742 -0.000278412 0.000634370 0.999999762 0.052349661
0.999999940 0.000092203 0.000278285 0.000133960 -0.000091920 0.999999464 -0.001016602 -0.005594728 -0.000278379 0.001016577 0.999999464 0.135859266
0.999999881 0.000458055 0.000231692 0.003636768 -0.000457801 0.999999285 -0.001093739 -0.008465065 -0.000232193 0.001093633 0.999999404 0.254484057
0.999999940 0.000279958 0.000001126 0.007081464 -0.000279957 0.999999344 -0.001134621 -0.014464744 -0.000001443 0.001134620 0.999999344 0.380664557
1.000000000 -0.000142050 -0.000011632 0.009812124 0.000142035 0.999999166 -0.001276224 -0.013407007 0.000011813 0.001276223 0.999999166 0.527937829
0.999999881 0.000457760 0.000090082 0.012720902 -0.000457694 0.999999642 -0.000729921 -0.025405847 -0.000090416 0.000729879 0.999999702 0.674279273
0.999999762 0.000517378 0.000428938 0.014393779 -0.000516938 0.999999344 -0.001026940 -0.024057500 -0.000429469 0.001026719 0.999999404 0.844393134
0.999999940 -0.000018355 0.000344182 0.016963907 0.000018595 0.999999762 -0.000696887 -0.026766077 -0.000344169 0.000696894 0.999999702 1.017394662
0.999999702 0.000502255 0.000576718 0.016877828 -0.000501950 0.999999762 -0.000529115 -0.033948112 -0.000576984 0.000528825 0.999999702 1.195604920
0.999999821 0.000476373 0.000310008 0.022648513 -0.000476191 0.999999702 -0.000588698 -0.036716465 -0.000310288 0.000588551 0.999999762 1.377034426
0.999999762 0.000445738 0.000471777 0.026671577 -0.000445431 0.999999702 -0.000648847 -0.045709468 -0.000472066 0.000648637 0.999999702 1.592336416
0.999999940 0.000289544 -0.000107605 0.035614166 -0.000289593 0.999999881 -0.000453393 -0.049014837 0.000107474 0.000453424 0.999999881 1.767723680
0.999999940 -0.000334756 -0.000001241 0.041764304 0.000334757 0.999999106 0.001272866 -0.079695545 0.000000814 -0.001272866 0.999999166 1.909987807
0.999999821 -0.000148652 0.000630652 0.038448580 0.000147974 0.999999344 0.001074628 -0.083039671 -0.000630811 -0.001074534 0.999999225 2.122513533
0.999999821 0.000120578 0.000713058 0.045510754 -0.000121047 0.999999762 0.000658166 -0.085769393 -0.000712979 -0.000658253 0.999999523 2.339843035
0.999999940 -0.000070825 0.000363602 0.052319326 0.000070311 0.999999106 0.001412793 -0.098558821 -0.000363702 -0.001412767 0.999998927 2.556511402
0.999999881 0.000419342 0.000435234 0.053718496 -0.000420032 0.999998689 0.001586767 -0.106718384 -0.000434568 -0.001586950 0.999998629 2.784379005
1.000000000 -0.000111108 0.000193854 0.062018890 0.000110821 0.999998868 0.001478504 -0.111611962 -0.000194019 -0.001478482 0.999998868 3.018202543
0.999999881 -0.000564149 0.000150930 0.070413202 0.000563955 0.999998987 0.001282604 -0.116514750 -0.000151653 -0.001282519 0.999999166 3.264751911
0.999999821 -0.000479334 0.000375338 0.070888162 0.000478740 0.999998629 0.001581618 -0.123741098 -0.000376095 -0.001581438 0.999998629 3.494805813
0.999999881 -0.000626982 0.000114654 0.079932474 0.000626810 0.999998689 0.001494422 -0.129923582 -0.000115591 -0.001494350 0.999998927 3.750445843
0.999999762 -0.000477534 0.000485077 0.080270074 0.000477018 0.999999344 0.001064792 -0.132107437 -0.000485586 -0.001064560 0.999999344 4.010334015
0.999999642 -0.000504199 0.000654911 0.085017450 0.000503054 0.999998331 0.001747077 -0.140787199 -0.000655791 -0.001746747 0.999998331 4.258112907
0.999999702 -0.000510520 0.000404711 0.084262222 0.000509844 0.999998450 0.001668547 -0.147309497 -0.000405563 -0.001668341 0.999998510 4.506204605
0.999999642 -0.000687819 0.000212606 0.096751764 0.000687386 0.999997616 0.002029220 -0.158722445 -0.000214001 -0.002029073 0.999997914 4.757832050
0.999999762 -0.000662808 0.000035027 0.106946267 0.000662733 0.999997556 0.002111301 -0.165398911 -0.000036426 -0.002111277 0.999997735 5.018665791
0.999999702 -0.000705555 -0.000032141 0.107136212 0.000705618 0.999997616 0.002008659 -0.173742458 0.000030724 -0.002008681 0.999997914 5.278345108
0.999999762 -0.000118565 0.000685875 0.106594391 0.000117541 0.999998868 0.001492253 -0.175191209 -0.000686051 -0.001492172 0.999998629 5.549979687
0.999999881 -0.000399911 0.000202740 0.114242651 0.000399535 0.999998212 0.001850908 -0.183925539 -0.000203480 -0.001850826 0.999998271 5.818982124
0.999999702 -0.000789721 0.000282034 0.122940511 0.000789156 0.999997675 0.001996586 -0.191819429 -0.000283610 -0.001996363 0.999997973 6.099572659
0.999999940 -0.000133957 0.000419416 0.123663649 0.000133106 0.999997973 0.002028692 -0.198532850 -0.000419686 -0.002028636 0.999997914 6.377408504
0.999999583 -0.000434746 0.000833103 0.126924083 0.000433272 0.999998331 0.001768973 -0.213205472 -0.000833870 -0.001768611 0.999998093 6.657977104
0.999999583 0.000074033 0.000960414 0.131575927 -0.000075883 0.999998093 0.001926212 -0.223126918 -0.000960270 -0.001926284 0.999997735 6.957567692
0.999999642 -0.000602899 0.000683647 0.147862494 0.000601445 0.999997616 0.002125003 -0.229571715 -0.000684926 -0.002124591 0.999997556 7.250552177
0.999999344 -0.000837851 0.000850809 0.151555032 0.000835813 0.999996781 0.002392186 -0.240914240 -0.000852810 -0.002391473 0.999996781 7.570165634
0.999999523 -0.000231507 0.000945654 0.160671920 0.000229513 0.999997795 0.002107829 -0.246935859 -0.000946140 -0.002107611 0.999997318 7.868341446
0.999999583 -0.000155532 0.000919665 0.159773797 0.000153353 0.999997199 0.002368188 -0.262643427 -0.000920031 -0.002368046 0.999996781 8.183822632
0.999999404 0.000177622 0.001145272 0.165961504 -0.000180423 0.999997079 0.002445993 -0.275287569 -0.001144834 -0.002446199 0.999996364 8.502511978
0.999999404 -0.000035640 0.001125245 0.172128916 0.000032993 0.999997258 0.002351560 -0.280149758 -0.001125326 -0.002351522 0.999996603 8.849911690
0.999999464 -0.000055786 0.001035954 0.177912980 0.000053133 0.999996662 0.002560706 -0.295088530 -0.001036094 -0.002560649 0.999996185 9.171712875
0.999999285 -0.000012553 0.001228634 0.181445286 0.000009439 0.999996722 0.002534481 -0.299645811 -0.001228662 -0.002534467 0.999996006 9.527127266
0.999998987 -0.000075015 0.001374018 0.186175868 0.000071625 0.999996960 0.002467084 -0.311523318 -0.001374199 -0.002466984 0.999996006 9.868486404
0.999999106 0.000328061 0.001280789 0.190003797 -0.000331453 0.999996364 0.002649487 -0.322512925 -0.001279916 -0.002649910 0.999995708 10.231966972
0.999999046 0.000052264 0.001359640 0.200332373 -0.000056664 0.999994755 0.003236976 -0.338372886 -0.001359464 -0.003237050 0.999993861 10.569017410
0.999999166 0.000039280 0.001283815 0.205112457 -0.000043194 0.999995291 0.003048392 -0.343917400 -0.001283690 -0.003048444 0.999994576 10.933126450
0.999997735 0.000179855 0.002106341 0.207032830 -0.000185993 0.999995768 0.002914310 -0.353656709 -0.002105807 -0.002914695 0.999993563 11.322536469
0.999998868 -0.000247683 0.001488234 0.224419296 0.000242496 0.999993920 0.003484324 -0.368101597 -0.001489088 -0.003483959 0.999992847 11.690556526
0.999999046 -0.000472542 0.001297686 0.234297246 0.000467941 0.999993682 0.003543710 -0.381010056 -0.001299352 -0.003543099 0.999992847 12.069047928
0.999999106 -0.000135704 0.001321213 0.244685933 0.000131559 0.999995053 0.003136822 -0.387024581 -0.001321632 -0.003136646 0.999994218 12.459899902
0.999998450 -0.000197427 0.001721722 0.248743236 0.000191386 0.999993801 0.003508463 -0.397559106 -0.001722404 -0.003508128 0.999992430 12.857235909
0.999998212 -0.000142490 0.001873606 0.255977631 0.000136228 0.999994397 0.003341757 -0.409477532 -0.001874072 -0.003341497 0.999992609 13.245331764
0.999997675 -0.000210078 0.002141279 0.264684021 0.000203119 0.999994695 0.003249356 -0.416301429 -0.002141950 -0.003248913 0.999992430 13.662532806
0.999997199 0.000012739 0.002362028 0.272953451 -0.000020426 0.999994636 0.003254232 -0.424092412 -0.002361974 -0.003254272 0.999991834 14.061152458
0.999997199 -0.000144235 0.002335711 0.284422696 0.000136413 0.999994338 0.003348844 -0.437370002 -0.002336180 -0.003348516 0.999991655 14.479194641
0.999996245 -0.000409262 0.002686426 0.295760691 0.000399444 0.999993145 0.003654413 -0.451660752 -0.002687903 -0.003653326 0.999989629 14.904730797
0.999996722 -0.000210991 0.002556285 0.309521943 0.000201649 0.999993324 0.003654338 -0.463165224 -0.002557039 -0.003653811 0.999990046 15.346587181
0.999995947 -0.000015726 0.002842876 0.321224868 0.000005675 0.999993682 0.003535515 -0.474631667 -0.002842913 -0.003535484 0.999989688 15.783977509
0.999994874 -0.000652188 0.003133060 0.333663404 0.000640995 0.999993384 0.003572198 -0.482356995 -0.003135369 -0.003570171 0.999988675 16.232076645
0.999993980 0.000009809 0.003448404 0.339404017 -0.000021231 0.999994457 0.003312153 -0.494618475 -0.003448352 -0.003312207 0.999988556 16.670259476
0.999993742 -0.000265506 0.003509892 0.351869673 0.000253905 0.999994457 0.003305221 -0.504529774 -0.003510751 -0.003304309 0.999988377 17.130540848
0.999991357 -0.000210479 0.004143946 0.357731700 0.000195062 0.999993026 0.003720553 -0.518661141 -0.004144701 -0.003719713 0.999984503 17.590711594
0.999990761 -0.000644481 0.004251525 0.373801380 0.000628964 0.999993145 0.003650196 -0.530052125 -0.004253849 -0.003647488 0.999984324 18.049758911
0.999989808 -0.001400456 0.004280059 0.388167322 0.001382785 0.999990523 0.004129007 -0.538536072 -0.004285801 -0.004123047 0.999982297 18.528089523
0.999990165 0.000308833 0.004419283 0.398984432 -0.000323170 0.999994636 0.003243690 -0.551334083 -0.004418258 -0.003245086 0.999984980 18.986774445
0.999989212 0.000321451 0.004631256 0.413470447 -0.000333714 0.999996424 0.002647217 -0.556747675 -0.004630389 -0.002648734 0.999985754 19.462343216
0.999989092 0.000167168 0.004676195 0.423575968 -0.000184034 0.999993503 0.003606628 -0.571899414 -0.004675562 -0.003607450 0.999982595 19.962472916
0.999990046 0.000385796 0.004449334 0.431764513 -0.000401396 0.999993801 0.003505646 -0.589631140 -0.004447954 -0.003507397 0.999983966 20.447525024
0.999990225 0.000797877 0.004356733 0.438683808 -0.000813479 0.999993265 0.003580424 -0.598677278 -0.004353846 -0.003583933 0.999984145 20.953010559
0.999992430 0.000511875 0.003839786 0.452332318 -0.000525159 0.999993861 0.003459436 -0.607067823 -0.003837992 -0.003461426 0.999986649 21.454095840
0.999992907 0.000332602 0.003733222 0.456334531 -0.000345442 0.999993980 0.003439274 -0.624691904 -0.003732056 -0.003440539 0.999987125 21.958749771
0.999994814 -0.000172224 0.003225929 0.469874710 0.000160723 0.999993682 0.003565049 -0.633277476 -0.003226523 -0.003564512 0.999988496 22.465623856
0.999993563 0.000780236 0.003499241 0.476530254 -0.000790100 0.999995708 0.002818207 -0.639999211 -0.003497027 -0.002820953 0.999989867 22.979824066
0.999995351 0.000496608 0.002986277 0.492932230 -0.000506345 0.999994516 0.003260302 -0.658427417 -0.002984641 -0.003261799 0.999990225 23.482398987
0.999998868 -0.000899628 0.001171371 0.503092825 0.000895618 0.999993742 0.003419415 -0.682736933 -0.001174440 -0.003418362 0.999993443 24.022281647
0.999999940 0.000265609 0.000198740 0.512065053 -0.000266391 0.999992192 0.003944959 -0.694171607 -0.000197690 -0.003945012 0.999992192 24.556400299
0.999999404 0.000560087 0.001032668 0.517679214 -0.000564374 0.999991179 0.004156088 -0.707162678 -0.001030331 -0.004156667 0.999990821 25.099466324
0.999999821 0.000391069 -0.000512468 0.522203982 -0.000388770 0.999989927 0.004478075 -0.728425920 0.000514214 -0.004477875 0.999989867 25.627563477
0.999999583 0.001025840 -0.000184959 0.525638819 -0.001025076 0.999991059 0.004086157 -0.740324736 0.000189150 -0.004085965 0.999991655 26.189874649
0.999999464 0.000757025 -0.000775532 0.537640452 -0.000753359 0.999988675 0.004715633 -0.752508938 0.000779094 -0.004715046 0.999988556 26.735406876
0.999997973 -0.000489183 -0.001966430 0.555587769 0.000498690 0.999988198 0.004837276 -0.767480910 0.001964041 -0.004838247 0.999986351 27.274015427
0.999999285 0.000193405 -0.001216555 0.553311408 -0.000187899 0.999989808 0.004524586 -0.774768353 0.001217417 -0.004524354 0.999989033 27.822492599
0.999998212 0.000552496 -0.001846982 0.563125968 -0.000544607 0.999990761 0.004269278 -0.786512971 0.001849323 -0.004268265 0.999989152 28.379899979
0.999996185 0.000645778 -0.002661508 0.573663533 -0.000632533 0.999987423 0.004974529 -0.810935616 0.002664687 -0.004972827 0.999984026 28.881986618
0.999996006 0.000724066 -0.002720293 0.578695476 -0.000711571 0.999989212 0.004591641 -0.813691318 0.002723588 -0.004589687 0.999985695 29.444145203
0.999995232 0.000151195 -0.003084450 0.588421762 -0.000136056 0.999987900 0.004907856 -0.830044389 0.003085155 -0.004907412 0.999983191 29.969295502
0.999994338 -0.000131535 -0.003368982 0.610612690 0.000147458 0.999988854 0.004726556 -0.846365631 0.003368323 -0.004727025 0.999983132 30.505186081
0.999993265 0.000679322 -0.003610857 0.611017466 -0.000660978 0.999986887 0.005079047 -0.861714602 0.003614260 -0.005076626 0.999980569 31.057287216
0.999992609 -0.000041231 -0.003851167 0.621975839 0.000060677 0.999987245 0.005049535 -0.870515585 0.003850910 -0.005049731 0.999979854 31.604501724
0.999992907 0.000418071 -0.003731619 0.625280142 -0.000398782 0.999986708 0.005168335 -0.887334764 0.003733730 -0.005166811 0.999979615 32.147899628
0.999992371 0.000182357 -0.003913791 0.631657302 -0.000162307 0.999986947 0.005122711 -0.894421637 0.003914674 -0.005122037 0.999979198 32.701828003
0.999992907 0.000705291 -0.003711627 0.632900476 -0.000687154 0.999987900 0.004885518 -0.907146394 0.003715027 -0.004882933 0.999981165 33.241619110
0.999988616 0.000460261 -0.004737494 0.654639781 -0.000434887 0.999985576 0.005355625 -0.925816536 0.004739891 -0.005353504 0.999974430 33.758174896
0.999987721 0.000087520 -0.004949957 0.663917840 -0.000059580 0.999984205 0.005644427 -0.943491817 0.004950372 -0.005644063 0.999971807 34.294544220
0.999989510 0.000520787 -0.004541676 0.663723350 -0.000498311 0.999987721 0.004948651 -0.945563972 0.004544196 -0.004946337 0.999977469 34.860668182
0.999987900 0.000670387 -0.004855766 0.673462510 -0.000643262 0.999984205 0.005585593 -0.963621974 0.004859434 -0.005582402 0.999972522 35.385959625
0.999987900 0.000988277 -0.004801593 0.677908778 -0.000961137 0.999983668 0.005651239 -0.974318206 0.004807100 -0.005646556 0.999972403 35.937168121
0.999986112 0.000739427 -0.005217975 0.694816053 -0.000711974 0.999985933 0.005261241 -0.988237023 0.005221791 -0.005257453 0.999972522 36.491561890
0.999988019 0.000568160 -0.004853028 0.697557807 -0.000543698 0.999987125 0.005040464 -0.997494340 0.004855829 -0.005037765 0.999975502 37.036933899
0.999984562 0.000778859 -0.005490738 0.710065186 -0.000749985 0.999985874 0.005258701 -1.013721466 0.005494757 -0.005254503 0.999971032 37.588710785
0.999985158 0.000681114 -0.005400985 0.715402424 -0.000653772 0.999986947 0.005062589 -1.022632241 0.005404363 -0.005058983 0.999972582 38.144660950
0.999984503 0.001210804 -0.005431794 0.722019374 -0.001180275 0.999983549 0.005620173 -1.042536497 0.005438510 -0.005613675 0.999969482 38.686916351
0.999982715 0.001574956 -0.005654773 0.725692570 -0.001545965 0.999985635 0.005127585 -1.053711057 0.005662767 -0.005118754 0.999970853 39.221096039
0.999981403 0.000770165 -0.006047042 0.744419456 -0.000733228 0.999981046 0.006108093 -1.075084209 0.006051632 -0.006103545 0.999963045 39.748958588
0.999981463 0.001042856 -0.006001280 0.757249475 -0.001004482 0.999979079 0.006393841 -1.093189836 0.006007823 -0.006387695 0.999961495 40.292282104
0.999982715 0.001637523 -0.005636861 0.746485412 -0.001607117 0.999984145 0.005394354 -1.093347669 0.005645604 -0.005385201 0.999969542 40.850933075
0.999981582 0.002065391 -0.005709087 0.756561160 -0.002034916 0.999983609 0.005338757 -1.099902868 0.005720020 -0.005327041 0.999969423 41.399665833
0.999978960 0.001868569 -0.006216470 0.771791577 -0.001834323 0.999983132 0.005510115 -1.120914578 0.006226660 -0.005498596 0.999965549 41.924091339
0.999979913 0.001840587 -0.006071480 0.775674224 -0.001808479 0.999984443 0.005289587 -1.121232033 0.006081121 -0.005278501 0.999967575 42.473911285
0.999980271 0.002097376 -0.005910256 0.765953958 -0.002062186 0.999980152 0.005953883 -1.145152569 0.005922627 -0.005941578 0.999964833 43.030147552
0.999981642 0.002620371 -0.005463280 0.768726528 -0.002586681 0.999977708 0.006164532 -1.157995701 0.005479312 -0.006150287 0.999966085 43.588230133
0.999982655 0.001730289 -0.005626156 0.774016976 -0.001693356 0.999977052 0.006562608 -1.175291777 0.005637381 -0.006552968 0.999962628 44.117393494
0.999982297 0.002099216 -0.005558447 0.774258614 -0.002065265 0.999979198 0.006106806 -1.187611699 0.005571151 -0.006095219 0.999965906 44.677223206
0.999985933 0.002359664 -0.004740953 0.776325226 -0.002331736 0.999979973 0.005887868 -1.198828459 0.004754751 -0.005876732 0.999971449 45.231586456
0.999984741 0.001738291 -0.005255143 0.788654506 -0.001709645 0.999983668 0.005450855 -1.211026192 0.005264532 -0.005441788 0.999971330 45.776638031
0.999983490 0.001301117 -0.005613591 0.803189397 -0.001263347 0.999976516 0.006726523 -1.234492660 0.005622212 -0.006719319 0.999961615 46.306068420
0.999982476 0.001936773 -0.005596478 0.814401388 -0.001896471 0.999972284 0.007197656 -1.252212763 0.005610263 -0.007186916 0.999958396 46.858436584
0.999982595 0.001355164 -0.005725889 0.815480709 -0.001318136 0.999978185 0.006465732 -1.250233650 0.005734526 -0.006458073 0.999962687 47.412975311
0.999984682 0.001281284 -0.005383772 0.808398008 -0.001244970 0.999976516 0.006742960 -1.267611027 0.005392286 -0.006736153 0.999962747 47.947246552
0.999985039 0.001465356 -0.005273757 0.824562371 -0.001428743 0.999974966 0.006939515 -1.279477954 0.005283794 -0.006931876 0.999962032 48.491283417
0.999982119 0.000904214 -0.005899156 0.837006807 -0.000861670 0.999973655 0.007210412 -1.297669888 0.005905521 -0.007205200 0.999956608 49.030624390
0.999986410 0.001622134 -0.004960081 0.836463094 -0.001584517 0.999970078 0.007578462 -1.308816910 0.004972226 -0.007570500 0.999958932 49.575065613
0.999985576 0.001320670 -0.005204098 0.839982510 -0.001286394 0.999977410 0.006584113 -1.309696674 0.005212675 -0.006577323 0.999964774 50.132900238
0.999983549 0.001301706 -0.005581838 0.848149359 -0.001266416 0.999979079 0.006321214 -1.322828293 0.005589949 -0.006314041 0.999964416 50.681289673
0.999983251 0.000946030 -0.005708126 0.860624969 -0.000910744 0.999980450 0.006181085 -1.328371286 0.005713861 -0.006175782 0.999964595 51.238891602
0.999982595 0.001419701 -0.005714249 0.866756678 -0.001383775 0.999979258 0.006286217 -1.341276288 0.005723056 -0.006278201 0.999963939 51.771755219
0.999982536 0.000429840 -0.005891735 0.880026817 -0.000400208 0.999987245 0.005029691 -1.344328880 0.005893822 -0.005027244 0.999970078 52.322326660
0.999985039 0.001671187 -0.005199083 0.873955250 -0.001639873 0.999980450 0.006021210 -1.363530636 0.005209044 -0.006012595 0.999968290 52.860424042
0.999984026 0.001287516 -0.005487444 0.882267118 -0.001254093 0.999980688 0.006090114 -1.376556993 0.005495178 -0.006083136 0.999966323 53.409381866
0.999984682 0.001184917 -0.005399752 0.897678614 -0.001150970 0.999979615 0.006285590 -1.393970847 0.005407091 -0.006279279 0.999965608 53.938892365
0.999987185 0.001267106 -0.004897711 0.890076876 -0.001237025 0.999980330 0.006139851 -1.401026607 0.004905396 -0.006133714 0.999969125 54.493110657
0.999985456 0.001072820 -0.005281931 0.901730061 -0.001042732 0.999983251 0.005695899 -1.411386251 0.005287953 -0.005690307 0.999969840 55.044853210
0.999986589 0.001811237 -0.004850142 0.902813256 -0.001783064 0.999981582 0.005806735 -1.415133476 0.004860570 -0.005798010 0.999971390 55.581165314
0.999983728 0.001211822 -0.005572095 0.917655826 -0.001181178 0.999984145 0.005499615 -1.421615362 0.005578672 -0.005492944 0.999969363 56.140522003
0.999985695 0.001334554 -0.005191637 0.931949615 -0.001304797 0.999982834 0.005730864 -1.439790249 0.005199196 -0.005724008 0.999970078 56.671382904
0.999983788 0.001613432 -0.005446861 0.941101551 -0.001581512 0.999981582 0.005859386 -1.450507641 0.005456215 -0.005850677 0.999967933 57.219238281
0.999983013 0.000986485 -0.005740222 0.951878309 -0.000952800 0.999982357 0.005868094 -1.465885520 0.005745910 -0.005862526 0.999966264 57.764953613
0.999982238 0.001336935 -0.005809218 0.961131454 -0.001307521 0.999986291 0.005064137 -1.469844103 0.005815910 -0.005056452 0.999970257 58.314655304
0.999984801 0.001631744 -0.005267259 0.956950247 -0.001607580 0.999988198 0.004588551 -1.472051144 0.005274685 -0.004580014 0.999975562 58.856868744
0.999983847 0.001025202 -0.005593717 0.970399261 -0.001000868 0.999989986 0.004351289 -1.485772848 0.005598122 -0.004345620 0.999974847 59.396659851
0.999983728 0.001620924 -0.005456302 0.975096464 -0.001596934 0.999988973 0.004398205 -1.495109200 0.005463371 -0.004389421 0.999975443 59.942890167
0.999983251 0.001348488 -0.005620696 0.986267328 -0.001322488 0.999988317 0.004626841 -1.508826017 0.005626870 -0.004619331 0.999973476 60.487178802
0.999982715 0.002312856 -0.005393826 0.986766219 -0.002287560 0.999986291 0.004691264 -1.521355510 0.005404604 -0.004678844 0.999974430 61.026653290
0.999981523 0.002098405 -0.005694026 1.001454830 -0.002071251 0.999986410 0.004770664 -1.538545132 0.005703961 -0.004758783 0.999972403 61.562690735
0.999981642 0.001747481 -0.005802710 1.016688466 -0.001721219 0.999988258 0.004527582 -1.548886895 0.005810554 -0.004517511 0.999972880 62.119098663
0.999982178 0.002583130 -0.005380285 1.012887239 -0.002555259 0.999983311 0.005180711 -1.572273731 0.005393578 -0.005166870 0.999972105 62.647266388
0.999982595 0.002656673 -0.005266794 1.017830849 -0.002629478 0.999983191 0.005163725 -1.581880450 0.005280424 -0.005149785 0.999972820 63.196796417
0.999979138 0.002890147 -0.005774909 1.027530551 -0.002858081 0.999980509 0.005553166 -1.602116942 0.005790846 -0.005536545 0.999967933 63.744991302
0.999980688 0.003116644 -0.005378279 1.032209039 -0.003087416 0.999980450 0.005434369 -1.614441514 0.005395111 -0.005417659 0.999970794 64.269508362
0.999979913 0.003319108 -0.005385259 1.042455196 -0.003289890 0.999979913 0.005425382 -1.623760104 0.005403158 -0.005407558 0.999970794 64.812225342
0.999978304 0.003152095 -0.005781133 1.054961920 -0.003125873 0.999984801 0.004539115 -1.629480600 0.005795354 -0.004520946 0.999972999 65.374259949
0.999976277 0.003700315 -0.005823286 1.067743301 -0.003669088 0.999978900 0.005364105 -1.640247822 0.005843012 -0.005342611 0.999968588 65.889923096
0.999978542 0.003077848 -0.005769011 1.068206429 -0.003049253 0.999983013 0.004958829 -1.654816389 0.005784175 -0.004941132 0.999971092 66.433494568
0.999976218 0.003128495 -0.006144207 1.084057450 -0.003101601 0.999985635 0.004381867 -1.661948323 0.006157828 -0.004362706 0.999971569 66.986679077
0.999973893 0.002576453 -0.006756024 1.092617631 -0.002547174 0.999987304 0.004338761 -1.673364520 0.006767117 -0.004321440 0.999967813 67.526954651
0.999973714 0.004100177 -0.005977374 1.100771904 -0.004065200 0.999974549 0.005851750 -1.710797548 0.006001215 -0.005827298 0.999965012 68.049163818
0.999972403 0.004580543 -0.005851727 1.100136280 -0.004547769 0.999973893 0.005601824 -1.724754453 0.005877233 -0.005575057 0.999967158 68.591651917
0.999970913 0.003838518 -0.006591863 1.125284672 -0.003801587 0.999976993 0.005606023 -1.733416319 0.006613230 -0.005580801 0.999962568 69.129158020
0.999971867 0.004614401 -0.005917721 1.120386243 -0.004582462 0.999974906 0.005399395 -1.738110662 0.005942490 -0.005372125 0.999967933 69.659217834
0.999973536 0.003962019 -0.006109127 1.127278686 -0.003928596 0.999977231 0.005473211 -1.746637106 0.006130673 -0.005449066 0.999966323 70.215065002
0.999972701 0.004218674 -0.006060163 1.134944320 -0.004189558 0.999979675 0.004809173 -1.755115628 0.006080328 -0.004783653 0.999970019 70.753334045
0.999970615 0.004895683 -0.005902574 1.141652346 -0.004863401 0.999973178 0.005471111 -1.779103875 0.005929200 -0.005442244 0.999967575 71.272163391
0.999967515 0.004785530 -0.006486471 1.155406475 -0.004750117 0.999973774 0.005463842 -1.792171717 0.006512448 -0.005432853 0.999964058 71.819282532
0.999969184 0.004972989 -0.006073285 1.153980970 -0.004937932 0.999971092 0.005773820 -1.806986332 0.006101823 -0.005743652 0.999964893 72.362968445
0.999968946 0.004636262 -0.006379538 1.167534232 -0.004599287 0.999972641 0.005798235 -1.823365688 0.006406245 -0.005768713 0.999962866 72.892761230
0.999969959 0.004234676 -0.006502197 1.175884366 -0.004197792 0.999975085 0.005675621 -1.835539579 0.006526070 -0.005648155 0.999962747 73.444343567
0.999969125 0.005423086 -0.005684161 1.167818785 -0.005389484 0.999967933 0.005910206 -1.840805292 0.005716030 -0.005879389 0.999966323 73.974266052
0.999966621 0.005460841 -0.006064969 1.180611491 -0.005422838 0.999965668 0.006264787 -1.854858756 0.006098969 -0.006231689 0.999961913 74.508064270
0.999965191 0.005396976 -0.006352648 1.188771605 -0.005352350 0.999961078 0.007020907 -1.874887466 0.006390291 -0.006986662 0.999955118 75.040908813
0.999967694 0.005233319 -0.006097368 1.196671963 -0.005194359 0.999966204 0.006388115 -1.883380175 0.006130593 -0.006356238 0.999961019 75.576721191
0.999966025 0.004777998 -0.006704463 1.205971479 -0.004736587 0.999969721 0.006178979 -1.895156503 0.006733782 -0.006147014 0.999958456 76.118240356
0.999964893 0.004975891 -0.006731635 1.215549469 -0.004936355 0.999970496 0.005877045 -1.899763942 0.006760681 -0.005843610 0.999960124 76.672866821
0.999969304 0.004811280 -0.006188372 1.220692515 -0.004774200 0.999970615 0.005992660 -1.916487217 0.006217023 -0.005962931 0.999962866 77.219757080
0.999964237 0.004804239 -0.006966781 1.239874601 -0.004760067 0.999968529 0.006343044 -1.931515694 0.006997036 -0.006309654 0.999955595 77.760696411
0.999968529 0.004770002 -0.006332937 1.236552358 -0.004730593 0.999969423 0.006223222 -1.948991776 0.006362429 -0.006193068 0.999960601 78.304481506
0.999972403 0.004806272 -0.005660119 1.245899320 -0.004771132 0.999969363 0.006205639 -1.961702824 0.005689770 -0.006178463 0.999964714 78.862297058
0.999964893 0.005598563 -0.006223681 1.248500705 -0.005557953 0.999963284 0.006523108 -1.972785234 0.006259971 -0.006488290 0.999959350 79.384826660
0.999969006 0.005026140 -0.006054085 1.258301735 -0.004992168 0.999971807 0.005613317 -1.974637389 0.006082127 -0.005582921 0.999965906 79.924835205
0.999975681 0.004700806 -0.005147382 1.269710541 -0.004669876 0.999971092 0.006004392 -1.990397453 0.005175459 -0.005980209 0.999968708 80.469902039
0.999975145 0.005699980 -0.004131122 1.275665522 -0.005673963 0.999964178 0.006282338 -2.004295111 0.004166783 -0.006258743 0.999971747 81.014854431
0.999978542 0.005735741 -0.003163282 1.285713673 -0.005716485 0.999965191 0.006063049 -2.015643358 0.003197949 -0.006044836 0.999976635 81.531814575
0.999984741 0.005328077 -0.001474929 1.294614315 -0.005319070 0.999967575 0.006045004 -2.026395321 0.001507090 -0.006037067 0.999980628 82.069610596
0.999983490 0.005479726 0.001723428 1.307993650 -0.005489128 0.999969840 0.005499294 -2.038089275 -0.001693241 -0.005508664 0.999983370 82.630050659
0.999971688 0.005171446 0.005470869 1.321841240 -0.005201894 0.999970973 0.005566030 -2.044655561 -0.005441926 -0.005594332 0.999969542 83.158409119
0.999951303 0.005142009 0.008423211 1.344715118 -0.005190246 0.999970198 0.005714818 -2.060913563 -0.008393575 -0.005758257 0.999948204 83.703727722
0.999897063 0.005189307 0.013371130 1.362284660 -0.005264388 0.999970496 0.005586106 -2.070553541 -0.013341749 -0.005655922 0.999894917 84.240837097
0.999807239 0.004790173 0.019041611 1.392146826 -0.004901218 0.999971151 0.005789358 -2.083276272 -0.019013332 -0.005881568 0.999801874 84.780799866
0.999676049 0.005029833 0.024949634 1.421761274 -0.005179759 0.999968886 0.005948184 -2.100248098 -0.024918942 -0.006075489 0.999671042 85.324508667
0.999521375 0.004146581 0.030657519 1.444015622 -0.004314577 0.999976039 0.005415626 -2.104698896 -0.030634331 -0.005545308 0.999515295 85.872695923
0.999244988 0.004640521 0.038575169 1.480315328 -0.004852722 0.999973536 0.005409158 -2.117686272 -0.038549051 -0.005592268 0.999241054 86.420341492
0.998907566 0.004065653 0.046551488 1.533206224 -0.004322270 0.999976039 0.005413207 -2.136165857 -0.046528362 -0.005608502 0.998901188 86.956085205
0.998535752 0.004401439 0.053916574 1.565956593 -0.004707621 0.999973476 0.005553134 -2.144635201 -0.053890690 -0.005798822 0.998529971 87.493682861
0.997979581 0.004624476 0.063366950 1.615619898 -0.004972992 0.999973297 0.005343336 -2.151907682 -0.063340552 -0.005647663 0.997975945 88.048782349
0.997308552 0.004497838 0.073180616 1.673119545 -0.004907780 0.999973238 0.005422921 -2.168628693 -0.073154271 -0.005767480 0.997303963 88.575225830
0.996668041 0.004562493 0.081437513 1.733021259 -0.004999570 0.999974132 0.005163898 -2.176678181 -0.081411853 -0.005553844 0.996665120 89.127037048
0.996014893 0.003974266 0.089098029 1.807862759 -0.004446213 0.999977112 0.005099095 -2.189738274 -0.089075729 -0.005474923 0.996009767 89.686462402
0.994940341 0.003284215 0.100413546 1.873346806 -0.003807544 0.999980152 0.005020536 -2.198167324 -0.100395046 -0.005377464 0.994933128 90.214599609
0.993797541 0.004015453 0.111130983 1.947216988 -0.004651316 0.999974310 0.005463080 -2.213428020 -0.111106180 -0.005946102 0.993790686 90.755546570
0.992797256 0.004172470 0.119733736 2.037125587 -0.004836693 0.999974489 0.005257437 -2.220693111 -0.119708732 -0.005798684 0.992792070 91.325683594
0.991332293 0.003487536 0.131332204 2.125082970 -0.004198469 0.999978006 0.005136722 -2.236404657 -0.131311432 -0.005643592 0.991325080 91.865135193
0.989725530 0.003015552 0.142947957 2.229181290 -0.003737466 0.999981582 0.004781942 -2.248544693 -0.142930865 -0.005267074 0.989718676 92.410354614
0.988123536 0.002850383 0.153635114 2.338652611 -0.003747487 0.999977529 0.005549907 -2.268936396 -0.153615862 -0.006059739 0.988112032 92.960449219
0.986392438 0.002204616 0.164393291 2.435698509 -0.003033567 0.999983907 0.004791605 -2.270192146 -0.164380074 -0.005225101 0.986383259 93.491516113
0.984198749 0.002119994 0.177055359 2.559606552 -0.003080457 0.999981999 0.005149947 -2.289331913 -0.177041247 -0.005613980 0.984187484 94.004432678
0.981877446 0.001921855 0.189507261 2.680706024 -0.002947812 0.999982476 0.005132094 -2.298573017 -0.189494073 -0.005597719 0.981865883 94.553581238
0.979718268 0.001379614 0.200375140 2.797395706 -0.002328803 0.999987185 0.004501427 -2.303144693 -0.200366393 -0.004876764 0.979708910 95.111877441
0.977057755 0.001422122 0.212969810 2.942913055 -0.002494181 0.999985576 0.004765263 -2.318994284 -0.212959975 -0.005187122 0.977047145 95.647689819
0.974119902 0.001207475 0.226028264 3.091306686 -0.002249227 0.999988019 0.004351473 -2.326723099 -0.226020306 -0.004747246 0.974111021 96.170936584
0.971271038 0.001182633 0.237973005 3.226316452 -0.002386574 0.999985695 0.004771105 -2.343383312 -0.237964004 -0.005201975 0.971260071 96.727081299
0.968293667 0.000653392 0.249814034 3.394187927 -0.001949115 0.999985874 0.004939405 -2.364912510 -0.249807283 -0.005269710 0.968281269 97.240470886
0.964596987 0.000983273 0.263726264 3.550361633 -0.002202766 0.999988198 0.004328429 -2.358051062 -0.263718873 -0.004756117 0.964587867 97.763412476
0.960897505 0.000696098 0.276903331 3.707588196 -0.002139905 0.999985576 0.004911972 -2.386058092 -0.276895970 -0.005312449 0.960885167 98.297538757
0.957746029 0.000387178 0.287615120 3.894067764 -0.001924191 0.999985337 0.005061325 -2.396544933 -0.287608951 -0.005400891 0.957732677 98.821205139
0.953445256 -0.000040598 0.301566213 4.074848175 -0.001529997 0.999986470 0.004971930 -2.408908129 -0.301562339 -0.005201858 0.953432262 99.357177734
0.949254036 -0.000446582 0.314510137 4.276819229 -0.001109006 0.999988019 0.004767109 -2.421758175 -0.314508498 -0.004873991 0.949242115 99.867416382
0.945032775 -0.001118332 0.326973677 4.462160110 -0.000597969 0.999986708 0.005148480 -2.434102058 -0.326975048 -0.005061003 0.945019424 100.386322021
0.940588355 -0.001926952 0.339543730 4.671428680 0.000329074 0.999988675 0.004763472 -2.444559574 -0.339548945 -0.004368731 0.940578282 100.892608643
0.935360491 -0.001664364 0.353691876 4.884372711 -0.000028410 0.999988616 0.004780768 -2.452986479 -0.353695780 -0.004481790 0.935349822 101.396759033
0.930470049 -0.002229036 0.366361171 5.110036850 0.000327516 0.999986172 0.005252361 -2.475682497 -0.366367877 -0.004767175 0.930457890 101.942184448
0.925986588 -0.003199614 0.377542853 5.344047546 0.001602165 0.999988437 0.004545163 -2.484463215 -0.377553016 -0.003603874 0.925980985 102.439018250
0.920053720 -0.002765625 0.391782671 5.579334259 0.000811333 0.999986470 0.005153670 -2.499317408 -0.391791642 -0.004423787 0.920043349 102.931777954
0.914261341 -0.004073145 0.405104369 5.820590973 0.002320368 0.999985695 0.004817680 -2.503705978 -0.405118287 -0.003464628 0.914257646 103.447677612
0.909276724 -0.003702093 0.416175574 6.070209503 0.001629214 0.999984384 0.005335800 -2.526902437 -0.416188836 -0.004173679 0.909268618 103.923004150
0.903100073 -0.004693684 0.429404616 6.332176208 0.002947192 0.999984503 0.004732138 -2.528431654 -0.429420114 -0.003008056 0.903099835 104.417129517
0.896307409 -0.005310026 0.443401366 6.588668823 0.003363217 0.999980927 0.005176909 -2.543451309 -0.443420410 -0.003148847 0.896308243 104.915580750
0.890383124 -0.005380319 0.455179960 6.864852905 0.003432338 0.999981046 0.005105937 -2.557674885 -0.455198765 -0.002983909 0.890384853 105.407600403
0.884805143 -0.006096320 0.465921253 7.132286072 0.003723509 0.999975026 0.006013007 -2.575026512 -0.465946257 -0.003585478 0.884805799 105.873977661
0.877465665 -0.006011427 0.479601741 7.398532867 0.003907921 0.999977827 0.005384108 -2.581476212 -0.479623526 -0.002850125 0.877469718 106.350463867
0.870382488 -0.007015904 0.492326260 7.695266724 0.004893626 0.999972343 0.005598696 -2.593491316 -0.492351949 -0.002463747 0.870392740 106.814506531
0.864672899 -0.006996643 0.502286553 7.983329773 0.004449518 0.999970436 0.006269447 -2.612597704 -0.502315521 -0.003186088 0.864678502 107.273834229
0.857614100 -0.006602867 0.514251411 8.278030396 0.004335464 0.999974847 0.005609213 -2.613678455 -0.514275491 -0.002581022 0.857621133 107.733184814
