1.000000000 0.000000000 0.000000000 0.000000000 0.000000000 1.000000000 0.000000000 0.000000000 0.000000000 0.000000000 1.000000000 0.000000000
1.000000000 0.000060723 0.000085995 -0.000578332 -0.000060735 1.000000000 0.000144733 -0.000476682 -0.000085986 -0.000144738 1.000000000 0.000429084
1.000000000 0.000031148 0.000143980 -0.001021635 -0.000031147 1.000000000 -0.000007267 0.000302983 -0.000143980 0.000007263 1.000000000 0.000188661
1.000000000 0.000060210 0.000056358 -0.000610007 -0.000060213 1.000000000 0.000041246 -0.000541522 -0.000056355 -0.000041249 1.000000000 -0.000455856
1.000000000 0.000043861 0.000171601 -0.001200736 -0.000043876 1.000000000 0.000085046 -0.000290226 -0.000171598 -0.000085053 1.000000000 0.000385617
1.000000000 -0.000089031 0.000043387 -0.000593252 0.000089028 1.000000000 0.000058628 -0.000772090 -0.000043392 -0.000058624 1.000000000 -0.000158002
1.000000000 0.000016478 0.000084120 -0.000835029 -0.000016486 1.000000000 0.000095261 -0.001042480 -0.000084118 -0.000095262 1.000000000 -0.001025106
1.000000000 0.000120793 0.000045059 -0.000672863 -0.000120791 1.000000000 -0.000047746 0.000163652 -0.000045065 0.000047741 1.000000000 -0.000338233
1.000000000 0.000145382 0.000156644 -0.000870739 -0.000145387 1.000000000 0.000031739 -0.000976265 -0.000156639 -0.000031762 1.000000000 -0.000376707
1.000000000 0.000142144 0.000121155 -0.001041801 -0.000142158 1.000000000 0.000119568 -0.001064291 -0.000121138 -0.000119586 1.000000000 0.000046257
1.000000000 0.000048583 0.000116644 -0.000670241 -0.000048590 1.000000000 0.000064595 -0.000740233 -0.000116640 -0.000064601 1.000000000 -0.000372458
1.000000000 0.000079464 0.000121479 -0.000941550 -0.000079471 1.000000000 0.000053547 -0.000762799 -0.000121474 -0.000053557 1.000000000 -0.000311440
1.000000000 0.000078423 0.000085889 -0.000381167 -0.000078428 1.000000000 0.000056502 0.000032257 -0.000085885 -0.000056509 1.000000000 0.000492073
1.000000000 0.000139529 0.000142570 -0.001418976 -0.000139518 1.000000000 -0.000073496 0.000844231 -0.000142581 0.000073476 1.000000000 0.000142868
1.000000000 0.000134044 0.000140492 -0.001249104 -0.000134046 1.000000000 0.000014925 0.000464795 -0.000140490 -0.000014944 1.000000000 0.000273295
0.999999940 0.000259962 0.000154276 -0.002111735 -0.000259961 0.999999940 -0.000009956 0.000622602 -0.000154279 0.000009915 1.000000000 0.001035371
0.999999940 0.000319991 0.000197857 -0.002597789 -0.000319990 0.999999940 -0.000003023 0.000187266 -0.000197858 0.000002960 1.000000000 0.000782225
0.999999940 0.000250832 0.000219109 -0.002388204 -0.000250830 0.999999940 -0.000005547 0.000511185 -0.000219110 0.000005492 1.000000000 0.000882707
0.999999940 0.000243100 0.000238352 0.001832265 -0.000243165 0.999999940 0.000273387 -0.000161562 -0.000238286 -0.000273445 0.999999881 0.017277194
0.999999940 0.000161522 0.000221904 0.001716718 -0.000161612 0.999999881 0.000406164 -0.001487934 -0.000221838 -0.000406200 0.999999881 0.017029254
0.999999940 0.000265490 0.000181872 0.001566606 -0.000265557 0.999999940 0.000369441 -0.000878862 -0.000181774 -0.000369489 0.999999940 0.017039249
0.999999940 0.000214798 0.000209053 0.002333296 -0.000214863 0.999999940 0.000312738 -0.000607119 -0.000208985 -0.000312783 0.999999940 0.017218165
0.999999940 0.000219957 0.000257295 0.001980303 -0.000220061 0.999999881 0.000406517 -0.000729551 -0.000257205 -0.000406573 0.999999821 0.017366387
0.999999881 0.000374586 0.000180599 0.001834641 -0.000374654 0.999999881 0.000377503 -0.000440703 -0.000180457 -0.000377571 0.999999940 0.017448090
0.999999821 0.000400411 0.000284165 0.001595378 -0.000400524 0.999999821 0.000398052 -0.001073026 -0.000284005 -0.000398166 0.999999821 0.017090397
0.999999940 0.000330158 0.000265942 0.002061866 -0.000330249 0.999999940 0.000345371 -0.000045237 -0.000265828 -0.000345459 0.999999881 0.017735310
0.999999940 0.000292088 0.000242140 0.002239650 -0.000292188 0.999999881 0.000412123 -0.000648996 -0.000242019 -0.000412193 0.999999821 0.017287910
0.999999940 0.000311555 0.000159432 0.002276001 -0.000311601 0.999999940 0.000286404 -0.000203310 -0.000159343 -0.000286453 0.999999940 0.016529646
0.999999940 0.000344595 0.000172334 0.002010938 -0.000344655 0.999999940 0.000344724 -0.000573542 -0.000172215 -0.000344783 0.999999940 0.016382752
0.999999821 0.000369135 0.000271859 0.001884501 -0.000369229 0.999999881 0.000346422 -0.000413402 -0.000271731 -0.000346523 0.999999881 0.017640667
0.999999940 0.000262245 0.000259485 0.002031306 -0.000262340 0.999999940 0.000365287 -0.000276318 -0.000259389 -0.000365355 0.999999821 0.018028744
0.999999940 0.000333000 0.000217125 0.002015364 -0.000333071 0.999999940 0.000328747 -0.000174459 -0.000217015 -0.000328819 0.999999940 0.017783837
0.999999821 0.000404712 0.000242643 0.001664204 -0.000404810 0.999999821 0.000405950 -0.001060900 -0.000242478 -0.000406048 0.999999821 0.017089630
0.999999821 0.000392220 0.000313287 0.000979379 -0.000392344 0.999999821 0.000396688 -0.001139633 -0.000313131 -0.000396811 0.999999821 0.017109204
0.999999940 0.000344457 0.000223585 0.001822512 -0.000344521 0.999999940 0.000288285 -0.000716152 -0.000223486 -0.000288362 0.999999940 0.016719436
0.999999940 0.000335880 0.000218186 0.002021457 -0.000335965 0.999999881 0.000387607 -0.001137781 -0.000218056 -0.000387680 0.999999940 0.016464356
0.999999881 0.000428196 0.000205839 0.001581784 -0.000428262 0.999999881 0.000320476 -0.000517044 -0.000205701 -0.000320565 0.999999940 0.016595582
0.999999821 0.000377689 0.000260049 0.001445859 -0.000377785 0.999999881 0.000366608 -0.000629819 -0.000259910 -0.000366706 0.999999821 0.016590634
0.999999821 0.000388006 0.000245163 0.002104651 -0.000388086 0.999999881 0.000327867 0.000414264 -0.000245036 -0.000327962 0.999999881 0.017817540
0.999999940 0.000283555 0.000230702 0.002270578 -0.000283617 0.999999940 0.000267916 -0.000323217 -0.000230626 -0.000267982 0.999999881 0.017431097
0.999999821 0.000484592 0.000303720 0.002502254 -0.000484527 0.999999881 -0.000215052 -0.003840881 -0.000303824 0.000214904 0.999999881 0.063843273
0.999999523 0.000693046 0.000573516 -0.003643593 -0.000692605 0.999999404 -0.000769835 -0.007548620 -0.000574049 0.000769437 0.999999523 0.134957165
0.999999642 0.000603721 0.000568247 -0.001873046 -0.000603101 0.999999225 -0.001091440 -0.010879486 -0.000568906 0.001091097 0.999999285 0.249722436
0.999999464 0.000930610 0.000517928 0.002422296 -0.000930056 0.999999046 -0.001070189 -0.013590267 -0.000518923 0.001069707 0.999999285 0.381025642
0.999999642 0.000751151 0.000395517 0.004285695 -0.000750828 0.999999344 -0.000817054 -0.020102911 -0.000396131 0.000816757 0.999999523 0.519334376
0.999999702 0.000564231 0.000325180 0.006756571 -0.000564161 0.999999762 -0.000216872 -0.027159160 -0.000325303 0.000216688 0.999999940 0.675268948
0.999999821 0.000463429 0.000354649 0.011142276 -0.000463482 0.999999881 0.000150917 -0.032634679 -0.000354579 -0.000151081 0.999999881 0.837666214
0.999999940 0.000166710 0.000319253 0.010069464 -0.000166756 1.000000000 0.000142691 -0.039759479 -0.000319229 -0.000142744 0.999999940 0.999661326
0.999999940 0.000120135 0.000244914 0.014439358 -0.000120174 1.000000000 0.000158848 -0.043223057 -0.000244895 -0.000158878 0.999999940 1.176505089
0.999999762 0.000422842 0.000564463 0.018605372 -0.000422985 0.999999881 0.000253683 -0.047354475 -0.000564355 -0.000253922 0.999999821 1.370104313
0.999999523 0.000806630 0.000586016 0.020560903 -0.000806702 0.999999642 0.000121961 -0.049996473 -0.000585918 -0.000122434 0.999999762 1.560736656
0.999999404 0.000916174 0.000597139 0.022439517 -0.000916410 0.999999523 0.000395180 -0.054207116 -0.000596777 -0.000395727 0.999999762 1.761953592
0.999999285 0.000993754 0.000658598 0.024126189 -0.000994119 0.999999344 0.000554493 -0.060464174 -0.000658046 -0.000555147 0.999999642 1.965862513
0.999999642 0.000508719 0.000673588 0.033227995 -0.000509159 0.999999642 0.000653146 -0.067415789 -0.000673256 -0.000653489 0.999999523 2.172343969
0.999999404 0.000585535 0.000807605 0.037551500 -0.000586056 0.999999523 0.000645071 -0.071251422 -0.000807227 -0.000645544 0.999999523 2.392371893
0.999999642 0.000607846 0.000505841 0.045922268 -0.000608254 0.999999464 0.000807460 -0.083302304 -0.000505350 -0.000807768 0.999999523 2.611327887
0.999999583 0.000613360 0.000672927 0.052359596 -0.000614118 0.999999166 0.001127170 -0.091478206 -0.000672235 -0.001127583 0.999999166 2.841371298
0.999999523 0.000655490 0.000730970 0.058879934 -0.000656294 0.999999225 0.001100233 -0.095659330 -0.000730248 -0.001100712 0.999999106 3.082683086
0.999999464 0.000840270 0.000609487 0.062295720 -0.000840906 0.999999046 0.001043750 -0.100677326 -0.000608610 -0.001044262 0.999999285 3.318659544
0.999999464 0.000677263 0.000660731 0.067379810 -0.000677881 0.999999344 0.000934798 -0.109366193 -0.000660098 -0.000935245 0.999999344 3.567748785
0.999999583 0.000609917 0.000709862 0.071304977 -0.000610722 0.999999166 0.001134272 -0.116603583 -0.000709170 -0.001134705 0.999999046 3.821201086
0.999999344 0.000373192 0.001015592 0.075052522 -0.000374636 0.999998927 0.001422782 -0.125182822 -0.001015060 -0.001423162 0.999998450 4.080548763
0.999998927 0.001028425 0.001034963 0.079369038 -0.001029735 0.999998629 0.001266616 -0.126665756 -0.001033659 -0.001267680 0.999998629 4.337332726
0.999998808 0.001123868 0.001035576 0.084472790 -0.001125224 0.999998510 0.001310076 -0.133660883 -0.001034102 -0.001311240 0.999998629 4.595755577
0.999998927 0.001067139 0.000950803 0.096062720 -0.001068218 0.999998808 0.001135270 -0.139488116 -0.000949590 -0.001136284 0.999998868 4.862146854
0.999999046 0.001135690 0.000844715 0.103530131 -0.001136758 0.999998629 0.001265144 -0.146364540 -0.000843277 -0.001266103 0.999998868 5.126820087
0.999997079 0.001826017 0.001595665 0.098987363 -0.001828437 0.999997199 0.001516437 -0.157112107 -0.001592891 -0.001519350 0.999997556 5.379705906
0.999997675 0.001332566 0.001676910 0.103338279 -0.001335316 0.999997675 0.001639892 -0.165979326 -0.001674721 -0.001642128 0.999997258 5.644191742
0.999997795 0.001519766 0.001467118 0.108761452 -0.001522066 0.999997616 0.001567878 -0.174229369 -0.001464732 -0.001570108 0.999997675 5.912777424
0.999997973 0.001417923 0.001479294 0.114505954 -0.001420076 0.999997973 0.001454898 -0.182193279 -0.001477228 -0.001456996 0.999997854 6.196349144
0.999997854 0.001269726 0.001650094 0.120841742 -0.001272224 0.999998033 0.001513692 -0.190358624 -0.001648169 -0.001515788 0.999997497 6.492412567
0.999997616 0.001486814 0.001595769 0.128057078 -0.001489016 0.999997914 0.001379482 -0.196665719 -0.001593715 -0.001381855 0.999997735 6.780422211
0.999997854 0.001225862 0.001622873 0.133891463 -0.001228138 0.999998271 0.001402678 -0.203434438 -0.001621151 -0.001404668 0.999997616 7.075690746
0.999998152 0.001243666 0.001459195 0.143248826 -0.001245981 0.999997973 0.001586399 -0.215290487 -0.001457218 -0.001588215 0.999997675 7.378097534
0.999997973 0.001334935 0.001487007 0.146422490 -0.001337642 0.999997497 0.001820949 -0.229195639 -0.001484572 -0.001822934 0.999997258 7.676097870
0.999996305 0.002090344 0.001745270 0.157536328 -0.002093546 0.999996126 0.001834965 -0.233902782 -0.001741428 -0.001838612 0.999996781 8.010055542
0.999995351 0.002443806 0.001804849 0.156226173 -0.002447455 0.999994993 0.002022703 -0.245195761 -0.001799897 -0.002027111 0.999996305 8.329698563
0.999995589 0.002206602 0.002001622 0.166509941 -0.002210836 0.999995351 0.002115650 -0.256708890 -0.001996944 -0.002120066 0.999995768 8.653394699
0.999996245 0.001953328 0.001914942 0.178232521 -0.001956335 0.999996841 0.001569636 -0.256188840 -0.001911870 -0.001573376 0.999996960 8.990390778
0.999995410 0.002342852 0.001905043 0.185333133 -0.002345751 0.999996066 0.001520657 -0.269393206 -0.001901473 -0.001525119 0.999997079 9.327364922
0.999994516 0.002597528 0.002051616 0.184738010 -0.002600779 0.999995351 0.001583493 -0.283338785 -0.002047495 -0.001588820 0.999996662 9.662396431
0.999994695 0.002478063 0.002108559 0.194175005 -0.002481927 0.999995232 0.001831992 -0.292090833 -0.002104010 -0.001837216 0.999996126 10.008876801
0.999995470 0.002396902 0.001828324 0.202996269 -0.002400814 0.999994755 0.002140029 -0.304441035 -0.001823185 -0.002144409 0.999996066 10.383929253
0.999995828 0.002292189 0.001760031 0.212106645 -0.002295716 0.999995291 0.002004803 -0.315627724 -0.001755427 -0.002008835 0.999996483 10.740826607
0.999996364 0.002196870 0.001556991 0.221962452 -0.002200107 0.999995351 0.002080132 -0.321460575 -0.001552414 -0.002083550 0.999996603 11.108294487
0.999996185 0.002245139 0.001601021 0.231048614 -0.002248378 0.999995351 0.002024253 -0.328618735 -0.001596469 -0.002027845 0.999996662 11.491950989
0.999993980 0.002784947 0.002050170 0.231404036 -0.002789224 0.999993920 0.002086381 -0.344345003 -0.002044347 -0.002092087 0.999995708 11.871976852
0.999993384 0.002821349 0.002278664 0.240217969 -0.002826696 0.999993205 0.002346811 -0.356182575 -0.002272027 -0.002353236 0.999994636 12.261376381
0.999992669 0.002808356 0.002581419 0.247347519 -0.002814431 0.999993265 0.002352633 -0.369625092 -0.002574795 -0.002359880 0.999993861 12.639008522
0.999993324 0.002656515 0.002485152 0.255224437 -0.002662417 0.999993622 0.002374540 -0.377402306 -0.002478828 -0.002381141 0.999994099 13.049090385
0.999995768 0.001871580 0.002233119 0.272294819 -0.001876588 0.999995708 0.002242573 -0.389321566 -0.002228912 -0.002246754 0.999994993 13.447095871
0.999994993 0.001956095 0.002498068 0.280469298 -0.001961226 0.999995947 0.002053274 -0.398412108 -0.002494042 -0.002058163 0.999994755 13.861358643
0.999994695 0.001954349 0.002628968 0.290446669 -0.001960470 0.999995351 0.002327378 -0.411806822 -0.002624407 -0.002332520 0.999993801 14.275820732
0.999994457 0.002146651 0.002554379 0.305668652 -0.002152700 0.999994874 0.002367907 -0.423016727 -0.002549283 -0.002373393 0.999993861 14.688054085
0.999994278 0.002194745 0.002572829 0.312411547 -0.002200433 0.999995112 0.002210107 -0.432063520 -0.002567966 -0.002215756 0.999994218 15.125327110
0.999990046 0.002795916 0.003473882 0.321323901 -0.002805427 0.999992311 0.002735966 -0.452886701 -0.003466207 -0.002745685 0.999990225 15.556082726
0.999988437 0.002744694 0.003973753 0.328026712 -0.002755597 0.999992371 0.002740673 -0.465586126 -0.003966201 -0.002751591 0.999988377 16.003166199
0.999984205 0.003486350 0.004401553 0.335201919 -0.003498050 0.999990344 0.002653322 -0.474881440 -0.004392261 -0.002668678 0.999986708 16.446044922
0.999982417 0.003667667 0.004659417 0.345380604 -0.003678807 0.999990344 0.002384599 -0.487564206 -0.004650626 -0.002401698 0.999986231 16.887182236
0.999983490 0.003289273 0.004695878 0.353449136 -0.003303017 0.999990284 0.002921941 -0.505788505 -0.004686221 -0.002937403 0.999984682 17.317665100
0.999977469 0.003999173 0.005397502 0.359480858 -0.004017381 0.999986291 0.003366786 -0.519655228 -0.005383965 -0.003388393 0.999979734 17.782279968
0.999983013 0.002874168 0.005069179 0.378570795 -0.002890019 0.999990940 0.003122561 -0.527935863 -0.005060157 -0.003137158 0.999982238 18.262529373
0.999980628 0.003212721 0.005326275 0.390579134 -0.003231412 0.999988616 0.003504389 -0.539181828 -0.005314955 -0.003521533 0.999979675 18.732330322
0.999980271 0.003247422 0.005378599 0.404301584 -0.003263143 0.999990463 0.002916857 -0.545886755 -0.005369075 -0.002934350 0.999981284 19.232465744
0.999983907 0.003020867 0.004803909 0.424661338 -0.003034683 0.999991298 0.002871421 -0.563918471 -0.004795193 -0.002885953 0.999984324 19.692419052
0.999985695 0.003160492 0.004315367 0.435225517 -0.003174834 0.999989510 0.003320796 -0.577179730 -0.004304826 -0.003334449 0.999985158 20.179882050
0.999982476 0.003283931 0.004926159 0.457798004 -0.003300116 0.999989092 0.003281076 -0.590809584 -0.004915330 -0.003297275 0.999982476 20.658477783
0.999985993 0.003139930 0.004264480 0.473613262 -0.003153717 0.999989748 0.003230195 -0.603307247 -0.004254293 -0.003243598 0.999985635 21.147895813
0.999986827 0.002979146 0.004186394 0.477299243 -0.002991756 0.999991000 0.003009194 -0.609633207 -0.004177391 -0.003021679 0.999986649 21.657356262
0.999990821 0.002410934 0.003540252 0.492631078 -0.002421605 0.999992549 0.003013213 -0.623144329 -0.003532961 -0.003021759 0.999989152 22.169965744
0.999988794 0.003245135 0.003430310 0.506250203 -0.003254980 0.999990523 0.002868129 -0.637258708 -0.003420969 -0.002879262 0.999989986 22.690498352
0.999989212 0.003426818 0.003165892 0.518617749 -0.003434816 0.999990940 0.002524295 -0.647556603 -0.003157213 -0.002535142 0.999991775 23.205787659
0.999992311 0.002946502 0.002592520 0.524204969 -0.002953630 0.999991834 0.002749819 -0.663999915 -0.002584397 -0.002757454 0.999992847 23.717966080
0.999992371 0.003085298 0.002394895 0.531923532 -0.003089762 0.999993443 0.001862510 -0.674272716 -0.002389133 -0.001869895 0.999995410 24.253967285
0.999995530 0.002837930 0.000962773 0.554150403 -0.002840747 0.999991655 0.002937811 -0.696214557 -0.000954428 -0.002940533 0.999995172 24.776531219
0.999996126 0.002679031 0.000687980 0.564200521 -0.002681152 0.999991596 0.003099632 -0.707183301 -0.000679670 -0.003101464 0.999994934 25.319143295
0.999996066 0.002799022 0.000160067 0.571798682 -0.002799554 0.999990225 0.003427311 -0.727700353 -0.000150473 -0.003427745 0.999994040 25.847951889
0.999993622 0.003559914 0.000076626 0.575449407 -0.003560125 0.999989271 0.002957688 -0.735598207 -0.000066096 -0.002957943 0.999995589 26.399724960
0.999996424 0.002604780 -0.000467472 0.594623983 -0.002603134 0.999990523 0.003486256 -0.751005471 0.000476549 -0.003485027 0.999993801 26.960004807
0.999995589 0.002417036 -0.001731360 0.620998740 -0.002411170 0.999991357 0.003381960 -0.761168420 0.001739519 -0.003377770 0.999992788 27.527935028
0.999994934 0.002861993 -0.001414630 0.615193784 -0.002856719 0.999989033 0.003715583 -0.788582742 0.001425249 -0.003711523 0.999992073 28.053377151
0.999992251 0.003733179 -0.001269201 0.622850120 -0.003728296 0.999985635 0.003827693 -0.802758336 0.001283473 -0.003822931 0.999991894 28.590091705
0.999993205 0.003315360 -0.001629529 0.635168493 -0.003309094 0.999987125 0.003833211 -0.817792773 0.001642218 -0.003827792 0.999991238 29.139854431
0.999992728 0.003221490 -0.002043205 0.639538467 -0.003213806 0.999987781 0.003752423 -0.829478085 0.002055268 -0.003745829 0.999990821 29.681348801
0.999992311 0.003509595 -0.001757057 0.643574834 -0.003503258 0.999987364 0.003597067 -0.839744925 0.001769659 -0.003590883 0.999992013 30.227458954
0.999991119 0.003654145 -0.002133806 0.657432795 -0.003645687 0.999985516 0.003954773 -0.858160555 0.002148227 -0.003946959 0.999989927 30.759933472
0.999989927 0.003881198 -0.002251166 0.667044401 -0.003873552 0.999986887 0.003390365 -0.867299199 0.002264295 -0.003381611 0.999991715 31.314035416
0.999989450 0.003932037 -0.002388897 0.673955679 -0.003923924 0.999986589 0.003391585 -0.882702589 0.002402200 -0.003382175 0.999991417 31.863315582
0.999986470 0.004362176 -0.002832742 0.681340754 -0.004352739 0.999984980 0.003329454 -0.894046366 0.002847223 -0.003317079 0.999990463 32.410984039
0.999988019 0.003843380 -0.003044445 0.691897571 -0.003831216 0.999984801 0.003990746 -0.908973217 0.003059737 -0.003979035 0.999987423 32.963359833
0.999987841 0.003868077 -0.003033136 0.698867679 -0.003856509 0.999985278 0.003810402 -0.925448895 0.003047830 -0.003798658 0.999988139 33.494091034
0.999987066 0.003866302 -0.003291341 0.704554081 -0.003855050 0.999986708 0.003418229 -0.938827932 0.003304513 -0.003405496 0.999988735 34.062133789
0.999985039 0.003959114 -0.003780784 0.713906467 -0.003942067 0.999982059 0.004505315 -0.967931151 0.003798552 -0.004490343 0.999982715 34.525959015
0.999984860 0.004006630 -0.003780400 0.723682284 -0.003988707 0.999980867 0.004736709 -0.984297633 0.003799305 -0.004721558 0.999981701 35.066841125
0.999983609 0.003860553 -0.004233007 0.739383936 -0.003841316 0.999982297 0.004543115 -0.997359931 0.004250471 -0.004526780 0.999980688 35.590240479
0.999980628 0.003796189 -0.004936903 0.754025161 -0.003775175 0.999983847 0.004258745 -1.004189253 0.004952990 -0.004240025 0.999978721 36.155109406
0.999981105 0.002915140 -0.005410420 0.767530560 -0.002894878 0.999988735 0.003749012 -1.012058735 0.005421288 -0.003733279 0.999978364 36.767280579
0.999978900 0.003597435 -0.005401858 0.768293142 -0.003580466 0.999988616 0.003147655 -1.019643307 0.005413120 -0.003128247 0.999980509 37.314262390
0.999978960 0.003273361 -0.005595569 0.777096748 -0.003254460 0.999988914 0.003383643 -1.035239458 0.005606582 -0.003365362 0.999978602 37.869400024
0.999976158 0.003358879 -0.006016842 0.783791184 -0.003336797 0.999987602 0.003676299 -1.048976898 0.006029116 -0.003656135 0.999975145 38.410762787
0.999976039 0.004095171 -0.005588551 0.792487860 -0.004076458 0.999986053 0.003355787 -1.052837253 0.005602216 -0.003332925 0.999978721 38.981201172
0.999975204 0.003315951 -0.006216702 0.813376784 -0.003294722 0.999988735 0.003421768 -1.073751450 0.006227978 -0.003401201 0.999974847 39.507148743
0.999976158 0.003673590 -0.005853352 0.818865716 -0.003652277 0.999986708 0.003647595 -1.089555264 0.005866673 -0.003626130 0.999976277 40.061080933
0.999974549 0.003274187 -0.006339723 0.844517589 -0.003253973 0.999989569 0.003196146 -1.102699161 0.006350122 -0.003175435 0.999974787 40.610954285
0.999975502 0.002947165 -0.006358968 0.848998070 -0.002926884 0.999990582 0.003196305 -1.120013714 0.006368328 -0.003177614 0.999974668 41.155807495
0.999974906 0.003505503 -0.006160565 0.851666212 -0.003486533 0.999989152 0.003087347 -1.130232930 0.006171319 -0.003065791 0.999976218 41.688068390
0.999975562 0.003631262 -0.005989747 0.858055711 -0.003613481 0.999989092 0.002976679 -1.142202020 0.006000489 -0.002954963 0.999977589 42.242916107
0.999971986 0.003426422 -0.006657645 0.877811849 -0.003406631 0.999989808 0.002981737 -1.157464743 0.006667793 -0.002958973 0.999973357 42.780334473
0.999968767 0.003727942 -0.006974718 0.892750740 -0.003705635 0.999987960 0.003208448 -1.174164772 0.006986595 -0.003182502 0.999970615 43.355323792
0.999970376 0.003371381 -0.006912686 0.884982347 -0.003351177 0.999990106 0.002932179 -1.192649961 0.006922505 -0.002908926 0.999971747 43.834152222
0.999969840 0.003283795 -0.007035469 0.889303565 -0.003259092 0.999988437 0.003519783 -1.209468126 0.007046948 -0.003496747 0.999969006 44.367294312
0.999970555 0.004348679 -0.006317625 0.890792251 -0.004327710 0.999985099 0.003329049 -1.219377756 0.006332007 -0.003301610 0.999974489 44.924438477
0.999972880 0.003732983 -0.006344059 0.897335887 -0.003713540 0.999988317 0.003073916 -1.230900764 0.006355461 -0.003050274 0.999975085 45.475086212
0.999974489 0.003717931 -0.006103168 0.902526736 -0.003699548 0.999988556 0.003020699 -1.241847277 0.006114328 -0.002998043 0.999976754 46.022197723
0.999973297 0.004474489 -0.005771537 0.904501081 -0.004456037 0.999984860 0.003206001 -1.265145659 0.005785796 -0.003180197 0.999978185 46.551048279
0.999972701 0.004282207 -0.006019271 0.916919589 -0.004260500 0.999984324 0.003614351 -1.279867053 0.006034654 -0.003588608 0.999975383 47.095619202
0.999970257 0.004569778 -0.006207894 0.917534590 -0.004548592 0.999983788 0.003422494 -1.292264819 0.006223434 -0.003394156 0.999974847 47.659893036
0.999971509 0.004513809 -0.006049024 0.940946460 -0.004495516 0.999985278 0.003034246 -1.320071459 0.006062631 -0.003006967 0.999977112 48.194808960
0.999973416 0.002841171 -0.006719422 0.947790325 -0.002820224 0.999991119 0.003124984 -1.316900015 0.006728243 -0.003105950 0.999972522 48.749279022
0.999973238 0.003614317 -0.006363281 0.954948306 -0.003596074 0.999989331 0.002875776 -1.326322913 0.006373608 -0.002852816 0.999975562 49.303035736
0.999969363 0.005045091 -0.005984556 0.978572249 -0.005026513 0.999982536 0.003115331 -1.368747711 0.006000167 -0.003085154 0.999977231 49.809417725
0.999968886 0.005236294 -0.005897680 0.969351172 -0.005220080 0.999982536 0.002761216 -1.375954628 0.005912034 -0.002730344 0.999978721 50.352226257
0.999969244 0.005419038 -0.005676500 0.971676826 -0.005402819 0.999981284 0.002868570 -1.391557097 0.005691939 -0.002837813 0.999979734 50.883918762
0.999972761 0.004935056 -0.005478244 0.993174314 -0.004918637 0.999983370 0.003006675 -1.416194797 0.005492992 -0.002979647 0.999980450 51.419166565
0.999968231 0.005584163 -0.005689350 0.996828258 -0.005564839 0.999978721 0.003406550 -1.429803133 0.005708252 -0.003374781 0.999978006 51.960964203
0.999967158 0.005829094 -0.005630409 1.008044720 -0.005814580 0.999979734 0.002590661 -1.444217324 0.005645396 -0.002557837 0.999980807 52.500362396
0.999965429 0.005913607 -0.005834286 1.013951182 -0.005895364 0.999977708 0.003139344 -1.464711308 0.005852723 -0.003104841 0.999978065 53.043991089
0.999963284 0.006030208 -0.006085143 1.026302576 -0.006013247 0.999978006 0.002801732 -1.483019114 0.006101904 -0.002765038 0.999977589 53.595726013
0.999960959 0.006919729 -0.005494298 1.024142623 -0.006905880 0.999972939 0.002535456 -1.494463682 0.005511694 -0.002497414 0.999981701 54.158565521
0.999963164 0.006794701 -0.005247760 1.028495431 -0.006782304 0.999974191 0.002376722 -1.512332201 0.005263775 -0.002341042 0.999983430 54.694721222
0.999962568 0.006706368 -0.005460720 1.037212133 -0.006694342 0.999975085 0.002217646 -1.524401188 0.005475456 -0.002181006 0.999982715 55.246025085
0.999962509 0.007253948 -0.004712623 1.048659086 -0.007240872 0.999969840 0.002785910 -1.553202629 0.004732689 -0.002751682 0.999985039 55.826736450
0.999964952 0.006418875 -0.005374587 1.062496424 -0.006404824 0.999975979 0.002627449 -1.565296769 0.005391322 -0.002592933 0.999982119 56.375896454
0.999964476 0.006526550 -0.005323182 1.072712302 -0.006510428 0.999974132 0.003040378 -1.591571212 0.005342886 -0.003005614 0.999981165 56.926944733
0.999965489 0.006681914 -0.004938735 1.068517804 -0.006669413 0.999974489 0.002543249 -1.598064423 0.004955603 -0.002510222 0.999984562 57.453464508
0.999964893 0.006628691 -0.005130698 1.078284144 -0.006614393 0.999974191 0.002798493 -1.616232276 0.005149117 -0.002764457 0.999982893 57.999401093
0.999968946 0.006037591 -0.005057452 1.092130423 -0.006024264 0.999978304 0.002646299 -1.626768827 0.005073317 -0.002615749 0.999983728 58.524204254
0.999966979 0.006330803 -0.005087523 1.107916594 -0.006317349 0.999976516 0.002656216 -1.624653459 0.005104220 -0.002623989 0.999983490 59.130989075
0.999967277 0.006095202 -0.005319667 1.101863384 -0.006081835 0.999978304 0.002525288 -1.654360771 0.005334944 -0.002492853 0.999982595 59.571247101
0.999966383 0.006416925 -0.005108878 1.099913716 -0.006406917 0.999977529 0.001972885 -1.662108898 0.005121422 -0.001940086 0.999984920 60.119331360
0.999968648 0.006144496 -0.005006420 1.108098626 -0.006133566 0.999978781 0.002195853 -1.671902418 0.005019806 -0.002165077 0.999984980 60.681442261
0.999968052 0.006642775 -0.004452300 1.115753055 -0.006632758 0.999975443 0.002260949 -1.696015358 0.004467210 -0.002231346 0.999987543 61.177333832
0.999971032 0.005888943 -0.004821782 1.131656051 -0.005877813 0.999980032 0.002319035 -1.710466981 0.004835343 -0.002290627 0.999985695 61.721950531
0.999965131 0.007002699 -0.004555482 1.128274202 -0.006990999 0.999972165 0.002579342 -1.730992317 0.004573417 -0.002547405 0.999986231 62.209403992
0.999965131 0.007564923 -0.003535341 1.117118120 -0.007557698 0.999969304 0.002052674 -1.732185721 0.003550760 -0.002025883 0.999991596 62.756912231
0.999965549 0.007469622 -0.003621892 1.125516772 -0.007462344 0.999970078 0.002018980 -1.744549394 0.003636866 -0.001991882 0.999991417 63.280681610
0.999963820 0.007548986 -0.003927670 1.139997959 -0.007540536 0.999969363 0.002161434 -1.761751533 0.003943866 -0.002131739 0.999989927 63.815650940
0.999962449 0.007760760 -0.003835376 1.147238612 -0.007752377 0.999967456 0.002195274 -1.772133231 0.003852288 -0.002165459 0.999990225 64.335365295
0.999966383 0.007200997 -0.003927824 1.154579997 -0.007192017 0.999971509 0.002295460 -1.784814835 0.003944241 -0.002267133 0.999989629 64.872840881
0.999966741 0.007447102 -0.003325743 1.160501003 -0.007439241 0.999969542 0.002369768 -1.799449682 0.003343289 -0.002344948 0.999991655 65.396385193
0.999965131 0.007545007 -0.003573308 1.172188640 -0.007537682 0.999969482 0.002059255 -1.810870290 0.003588735 -0.002032249 0.999991417 65.925804138
0.999964595 0.007836166 -0.003064226 1.175904036 -0.007830839 0.999967754 0.001746924 -1.823736548 0.003077818 -0.001722866 0.999993801 66.463562012
0.999960005 0.008365920 -0.003191351 1.189029574 -0.008361783 0.999964118 0.001307174 -1.837323308 0.003202174 -0.001280436 0.999994040 67.028274536
0.999964654 0.007740913 -0.003283702 1.205806613 -0.007734035 0.999967873 0.002101854 -1.860602856 0.003299866 -0.002076383 0.999992371 67.519653320
0.999961555 0.008269425 -0.002902938 1.208393574 -0.008263562 0.999963820 0.002025479 -1.880210280 0.002919582 -0.002001413 0.999993742 68.057777405
0.999968708 0.007054619 -0.003576956 1.236868858 -0.007047945 0.999973357 0.001875259 -1.893374443 0.003590090 -0.001849990 0.999991834 68.600028992
0.999965608 0.007399921 -0.003734549 1.242496967 -0.007392573 0.999970734 0.001977688 -1.904941797 0.003749074 -0.001950012 0.999991059 69.133460999
0.999961495 0.007961257 -0.003725107 1.253430605 -0.007953793 0.999966323 0.002014643 -1.921206713 0.003741022 -0.001984937 0.999991059 69.663169861
0.999959528 0.008409752 -0.003188003 1.256574869 -0.008402864 0.999962389 0.002167997 -1.936474562 0.003206116 -0.002141122 0.999992549 70.219421387
0.999963522 0.007712786 -0.003652760 1.278155088 -0.007706894 0.999968946 0.001624194 -1.951916575 0.003665175 -0.001595984 0.999991953 70.753967285
0.999968886 0.006847454 -0.003912828 1.299175739 -0.006841857 0.999975562 0.001441985 -1.964779496 0.003922607 -0.001415169 0.999991298 71.296310425
0.999970555 0.006793338 -0.003564737 1.296521902 -0.006786629 0.999975204 0.001891026 -1.983210325 0.003577494 -0.001866778 0.999991834 71.817359924
0.999970257 0.006839007 -0.003549474 1.298619509 -0.006834001 0.999975622 0.001420628 -1.997145772 0.003559103 -0.001396329 0.999992669 72.345329285
0.999969900 0.006691127 -0.003924892 1.314058185 -0.006684768 0.999976337 0.001630879 -2.011584997 0.003935711 -0.001604592 0.999990940 72.876693726
0.999965906 0.007231625 -0.003993278 1.320005655 -0.007224727 0.999972403 0.001739276 -2.026320696 0.004005745 -0.001710367 0.999990463 73.412521362
0.999965250 0.007532486 -0.003566435 1.323249578 -0.007526755 0.999970317 0.001617500 -2.041869164 0.003578512 -0.001590600 0.999992311 73.936462402
0.999966443 0.007354718 -0.003595049 1.328941584 -0.007348610 0.999971509 0.001709452 -2.047847986 0.003607518 -0.001682976 0.999992073 74.460823059
0.999963701 0.007696361 -0.003653318 1.339581490 -0.007691163 0.999969423 0.001434688 -2.063124180 0.003664249 -0.001406538 0.999992251 74.981544495
0.999961495 0.008143560 -0.003262583 1.340755701 -0.008139843 0.999966204 0.001151048 -2.076557636 0.003271847 -0.001124447 0.999994040 75.504295349
0.999962866 0.007930774 -0.003353301 1.345754981 -0.007927872 0.999968290 0.000877741 -2.087276697 0.003360154 -0.000851124 0.999993980 76.029853821
0.999962687 0.007920204 -0.003453139 1.355419517 -0.007916952 0.999968231 0.000954876 -2.104304314 0.003460593 -0.000927502 0.999993563 76.564323425
0.999962091 0.008034678 -0.003359607 1.362613797 -0.008031873 0.999967456 0.000847567 -2.119451284 0.003366307 -0.000820551 0.999993980 77.110847473
0.999963880 0.007902368 -0.003129269 1.357096553 -0.007898279 0.999967933 0.001316632 -2.140400171 0.003139574 -0.001291869 0.999994159 77.588546753
0.999964654 0.007861694 -0.002969168 1.365801215 -0.007858887 0.999968648 0.000956222 -2.155612946 0.002976593 -0.000932854 0.999995112 78.123703003
0.999956489 0.008782994 -0.003149937 1.376888037 -0.008780454 0.999961078 0.000819558 -2.170634508 0.003157013 -0.000791864 0.999994695 78.660392761
0.999961972 0.008088943 -0.003252457 1.377291322 -0.008085940 0.999966800 0.000935046 -2.187198877 0.003259913 -0.000908711 0.999994278 79.213912964
0.999953151 0.009464708 -0.002036022 1.392874599 -0.009462322 0.999954462 0.001178131 -2.198897600 0.002047079 -0.001158810 0.999997199 79.788192749
0.999965370 0.008097518 -0.001934899 1.389834046 -0.008095182 0.999966443 0.001212688 -2.221173763 0.001944654 -0.001196982 0.999997377 80.296463013
0.999964952 0.008378573 -0.000224092 1.392063975 -0.008378427 0.999964714 0.000645274 -2.234206915 0.000229491 -0.000643373 0.999999762 80.842506409
0.999969423 0.007816941 0.000161062 1.411419749 -0.007817146 0.999968588 0.001312145 -2.263516188 -0.000150800 -0.001313364 0.999999046 81.381019592
0.999959528 0.008740084 0.002130703 1.417127728 -0.008743541 0.999960482 0.001618798 -2.271267176 -0.002116470 -0.001637362 0.999996424 81.955429077
0.999954820 0.008285622 0.004642952 1.432048202 -0.008292277 0.999964595 0.001416206 -2.299933434 -0.004631053 -0.001454643 0.999988198 82.486785889
0.999929965 0.008544272 0.008185893 1.446475148 -0.008554613 0.999962628 0.001228946 -2.308199406 -0.008175087 -0.001298887 0.999965727 83.042343140
0.999899924 0.008650260 0.011191253 1.465605855 -0.008665564 0.999961495 0.001319964 -2.324774742 -0.011179406 -0.001416810 0.999936461 83.589576721
0.999845088 0.008413307 0.015461134 1.485725403 -0.008430886 0.999963880 0.001072155 -2.337166071 -0.015451557 -0.001202340 0.999879897 84.133232117
0.999727964 0.008662951 0.021652291 1.507189274 -0.008683044 0.999961972 0.000834132 -2.347794294 -0.021644242 -0.001021913 0.999765158 84.674987793
0.999580860 0.008563740 0.027651303 1.531622648 -0.008592357 0.999962687 0.000916228 -2.367662430 -0.027642427 -0.001153434 0.999617159 85.210968018
0.999389648 0.008676627 0.033839274 1.560822606 -0.008715605 0.999961436 0.001004466 -2.382531643 -0.033829264 -0.001298783 0.999426782 85.753631592
0.999075711 0.009072336 0.042019639 1.595110416 -0.009129331 0.999957621 0.001164672 -2.397912502 -0.042007297 -0.001547206 0.999116123 86.301536560
0.998681724 0.008893701 0.050553802 1.638463974 -0.008938062 0.999959826 0.000651460 -2.413902998 -0.050545972 -0.001102454 0.998721242 86.844146729
0.998341739 0.007659731 0.057052691 1.693466425 -0.007706367 0.999970078 0.000597487 -2.424746513 -0.057046406 -0.001036165 0.998371065 87.402656555
0.997730672 0.008668956 0.066770390 1.720997334 -0.008734303 0.999961615 0.000686824 -2.443837643 -0.066761866 -0.001268458 0.997768104 87.930908203
0.997017860 0.008446374 0.076707870 1.806714058 -0.008476497 0.999964058 0.000067105 -2.447396278 -0.076704547 -0.000717119 0.997053683 88.494529724
0.996290505 0.008160543 0.085664943 1.841622829 -0.008281985 0.999965131 0.001062353 -2.488138437 -0.085653268 -0.001767889 0.996323347 89.019157410
0.995675206 0.007713196 0.092583284 1.914256096 -0.007787645 0.999969602 0.000442855 -2.495483875 -0.092577055 -0.001161945 0.995704830 89.592132568
0.994658172 0.008346718 0.102885276 1.993104935 -0.008437485 0.999964356 0.000447039 -2.510853767 -0.102877863 -0.001312744 0.994693160 90.129158020
0.993498743 0.007875225 0.113570340 2.075769424 -0.007987383 0.999967933 0.000532545 -2.528781176 -0.113562502 -0.001436212 0.993529797 90.737953186
0.992394328 0.007362708 0.122879155 2.171491623 -0.007418452 0.999972403 -0.000003856 -2.535362244 -0.122875787 -0.000907746 0.992421627 91.317375183
0.990872562 0.007468984 0.134595335 2.265135765 -0.007574385 0.999971211 0.000271040 -2.552971125 -0.134589434 -0.001288043 0.990900576 91.850639343
0.989067793 0.007477092 0.147271693 2.364882469 -0.007570451 0.999971271 0.000073417 -2.572622299 -0.147266939 -0.001187528 0.989096165 92.471481323
0.987355471 0.007172463 0.158359498 2.475197792 -0.007228257 0.999973834 -0.000223643 -2.586973190 -0.158356935 -0.000923848 0.987381518 93.003860474
0.985678852 0.007226255 0.168478593 2.589994431 -0.007321499 0.999973178 -0.000055884 -2.604177475 -0.168474481 -0.001178432 0.985705316 93.555519104
0.983242214 0.007418182 0.182152629 2.700658798 -0.007446176 0.999972105 -0.000530210 -2.616856575 -0.182151482 -0.000835016 0.983270109 94.096153259
0.981025994 0.006811548 0.193756625 2.833477020 -0.006923228 0.999975979 -0.000100730 -2.634541988 -0.193752646 -0.001242603 0.981049538 94.631958008
0.978950858 0.006794669 0.203982845 2.960798264 -0.006958663 0.999975741 0.000086690 -2.651069880 -0.203977287 -0.001504313 0.978974402 95.166687012
0.976082742 0.007028447 0.217286110 3.103685379 -0.007204615 0.999974072 0.000018566 -2.669437170 -0.217280373 -0.001583585 0.976107895 95.689086914
0.973041832 0.006232045 0.230544388 3.250404358 -0.006242380 0.999980390 -0.000684569 -2.670956612 -0.230544105 -0.000773031 0.973061562 96.274803162
0.970400155 0.005831446 0.241432369 3.404609680 -0.005720952 0.999982953 -0.001158642 -2.677784920 -0.241435021 -0.000256877 0.970416903 96.793128967
0.967512488 0.006032785 0.252751082 3.566204071 -0.006136420 0.999981105 -0.000378272 -2.708714962 -0.252748579 -0.001185003 0.967531264 97.313110352
0.963839233 0.006629018 0.266402066 3.734476089 -0.006850840 0.999976516 -0.000096672 -2.727438927 -0.266396493 -0.001731901 0.963861942 97.831092834
0.960272014 0.005949258 0.279002339 3.909685135 -0.006060564 0.999981523 -0.000463643 -2.740598440 -0.278999954 -0.001245688 0.960290313 98.364402771
0.956913412 0.005638631 0.290318459 4.095272064 -0.005761146 0.999983311 -0.000432688 -2.754518032 -0.290316075 -0.001258523 0.956930041 98.894302368
0.952632368 0.004778510 0.304086745 4.288496017 -0.004778038 0.999988317 -0.000745642 -2.763286829 -0.304086775 -0.000742616 0.952644050 99.442398071
0.948265076 0.004378697 0.317449838 4.499895096 -0.004246748 0.999990344 -0.001107621 -2.775059938 -0.317451596 -0.000297811 0.948274434 99.968475342
0.944270194 0.004539880 0.329140097 4.712026596 -0.004344338 0.999989688 -0.001329541 -2.783037663 -0.329142720 -0.000174450 0.944280207 100.482330322
0.939494908 0.003834712 0.342541277 4.901309967 -0.003729052 0.999992549 -0.000967062 -2.809530258 -0.342542410 -0.000368804 0.939502180 100.958747864
0.934593141 0.003806130 0.355698228 5.105953217 -0.003801865 0.999992609 -0.000711005 -2.828464508 -0.355698287 -0.000687817 0.934600532 101.422782898
0.929794908 0.000527794 0.368077695 5.402248383 0.000265487 0.999997735 -0.002104562 -2.836840630 -0.368077934 0.002054530 0.929792643 102.022338867
0.925573826 -0.000981540 0.378565788 5.635604858 0.001441052 0.999998510 -0.000930517 -2.853741884 -0.378564328 0.001406795 0.925573945 102.520919800
0.919227779 0.000590605 0.393725604 5.867141724 0.000199030 0.999998033 -0.001964714 -2.861738682 -0.393726021 0.001884383 0.919225931 103.024925232
0.913460791 -0.000150518 0.406926870 6.124824524 0.000863050 0.999998450 -0.001567467 -2.878263474 -0.406925946 0.001783018 0.913459361 103.528770447
0.908468783 -0.000209586 0.417952716 6.360569000 0.001193236 0.999997079 -0.002092180 -2.891864300 -0.417951018 0.002399396 0.908466518 104.010467529
0.902672589 -0.000323852 0.430327892 6.612323761 0.000828666 0.999999166 -0.000985673 -2.923722267 -0.430327177 0.001246338 0.902672231 104.470054626
0.896181464 -0.000492681 0.443687499 6.878974915 0.001096715 0.999998808 -0.001104775 -2.930956841 -0.443686455 0.001476678 0.896180868 104.984703064
0.890212595 -0.000638325 0.455544949 7.152709961 0.001569593 0.999997318 -0.001666022 -2.953832626 -0.455542624 0.002198134 0.890211225 105.439476013
0.884311616 -0.000405872 0.466897070 7.442028046 0.000998561 0.999998987 -0.001021997 -3.005035639 -0.466896176 0.001369989 0.884311140 105.962211609
0.876948953 -0.000983534 0.480582684 7.709384918 0.001831512 0.999997497 -0.001295533 -2.992054462 -0.480580330 0.002016309 0.876948476 106.389526367
0.869735301 -0.001604516 0.493515939 7.992496490 0.002787371 0.999994755 -0.001661076 -3.005045891 -0.493510753 0.002820308 0.869735241 106.846160889
