1.000000000 0.000000000 0.000000000 0.000000000 0.000000000 1.000000000 0.000000000 0.000000000 0.000000000 0.000000000 1.000000000 0.000000000
1.000000000 0.000079102 0.000039496 -0.000080006 -0.000079102 1.000000000 -0.000007947 0.000398154 -0.000039497 0.000007944 1.000000000 0.000349069
1.000000000 0.000078824 0.000085175 -0.000476647 -0.000078830 1.000000000 0.000069381 -0.000252289 -0.000085169 -0.000069388 1.000000000 0.000298684
1.000000000 -0.000009425 0.000056706 -0.000195224 0.000009428 1.000000000 -0.000035953 0.000576498 -0.000056705 0.000035954 1.000000000 0.000360322
1.000000000 0.000035525 0.000066285 -0.000264812 -0.000035523 1.000000000 -0.000033726 0.000471894 -0.000066286 0.000033723 1.000000000 0.000213423
1.000000000 0.000090350 0.000106533 -0.001115427 -0.000090350 1.000000000 0.000002524 0.000381918 -0.000106533 -0.000002533 1.000000000 -0.000203055
1.000000000 -0.000059438 0.000046049 -0.000390664 0.000059438 1.000000000 -0.000002552 -0.000019247 -0.000046049 0.000002554 1.000000000 0.000118682
1.000000000 0.000045848 0.000040411 -0.000240102 -0.000045850 1.000000000 0.000057943 -0.000162194 -0.000040408 -0.000057945 1.000000000 0.000234725
1.000000000 0.000048925 -0.000022572 -0.000013775 -0.000048927 1.000000000 -0.000098386 0.000162715 0.000022568 0.000098387 1.000000000 -0.000101760
1.000000000 0.000067168 0.000083248 -0.000668617 -0.000067168 1.000000000 0.000002167 -0.000162742 -0.000083248 -0.000002172 1.000000000 0.000693380
1.000000000 0.000118959 0.000068293 -0.000869144 -0.000118961 1.000000000 0.000027693 -0.000116090 -0.000068289 -0.000027701 1.000000000 0.000124154
1.000000000 0.000142376 0.000073136 -0.000122681 -0.000142372 1.000000000 -0.000052950 0.001125891 -0.000073144 0.000052940 1.000000000 0.001506976
1.000000000 0.000079535 0.000039279 -0.000393248 -0.000079532 1.000000000 -0.000069004 0.000087254 -0.000039284 0.000069001 1.000000000 0.000177456
1.000000000 0.000073620 0.000062419 -0.000906776 -0.000073616 1.000000000 -0.000066572 0.000639801 -0.000062424 0.000066567 1.000000000 0.000240444
1.000000000 0.000059098 0.000063701 -0.001668475 -0.000059095 1.000000000 -0.000040366 0.000618805 -0.000063704 0.000040362 1.000000000 -0.000510593
1.000000000 0.000098426 0.000025040 -0.000000214 -0.000098425 1.000000000 -0.000039206 0.001239071 -0.000025044 0.000039204 1.000000000 0.001651125
1.000000000 0.000141197 0.000116365 -0.000981229 -0.000141190 1.000000000 -0.000063736 0.001364316 -0.000116374 0.000063720 1.000000000 0.001626930
1.000000000 0.000128729 0.000104329 -0.001408214 -0.000128718 1.000000000 -0.000108277 0.001220816 -0.000104343 0.000108263 1.000000000 0.001066861
0.999999940 0.000218363 0.000154155 -0.002109095 -0.000218351 1.000000000 -0.000074723 0.001986862 -0.000154172 0.000074689 1.000000000 0.001767509
1.000000000 0.000155600 0.000157717 -0.001507648 -0.000155580 1.000000000 -0.000125382 0.002002595 -0.000157736 0.000125358 1.000000000 0.002012440
1.000000000 0.000073252 0.000163567 -0.001908185 -0.000073237 1.000000000 -0.000089749 0.001356401 -0.000163574 0.000089737 1.000000000 0.001789135
1.000000000 0.000151374 0.000115973 -0.001716174 -0.000151366 1.000000000 -0.000063467 0.001648883 -0.000115982 0.000063450 1.000000000 0.001303656
1.000000000 0.000160707 0.000097893 -0.001080854 -0.000160695 1.000000000 -0.000130774 0.002220620 -0.000097914 0.000130758 1.000000000 0.002581450
1.000000000 0.000132044 0.000116017 -0.001557887 -0.000132034 1.000000000 -0.000084402 0.002431948 -0.000116028 0.000084386 1.000000000 0.002808608
0.999999940 0.000304026 0.000118298 -0.001620014 -0.000304016 0.999999940 -0.000079464 0.002214393 -0.000118322 0.000079428 1.000000000 0.002488122
0.999999940 0.000348615 0.000129526 -0.001755145 -0.000348612 0.999999940 -0.000026546 0.001168739 -0.000129535 0.000026501 1.000000000 0.001234719
1.000000000 0.000133307 0.000180834 -0.001777546 -0.000133298 1.000000000 -0.000048946 0.002447704 -0.000180840 0.000048922 1.000000000 0.002245557
0.999999940 0.000193451 0.000157754 -0.001619070 -0.000193453 1.000000000 0.000013585 0.001356525 -0.000157751 -0.000013616 1.000000000 0.001909527
1.000000000 0.000182908 0.000110508 -0.001778146 -0.000182903 1.000000000 -0.000047487 0.002243366 -0.000110517 0.000047467 1.000000000 0.002293729
0.999999940 0.000228510 0.000158660 -0.001907775 -0.000228500 1.000000000 -0.000064717 0.002024048 -0.000158675 0.000064681 1.000000000 0.002122839
0.999999940 0.000246308 0.000185213 -0.001415736 -0.000246307 0.999999940 -0.000004205 0.001271605 -0.000185214 0.000004160 1.000000000 0.002272294
1.000000000 0.000080996 0.000176211 -0.000999229 -0.000080983 1.000000000 -0.000070900 0.002656977 -0.000176217 0.000070886 1.000000000 0.003377744
1.000000000 0.000178401 0.000061507 -0.000333019 -0.000178393 1.000000000 -0.000131525 0.002671317 -0.000061531 0.000131514 1.000000000 0.002957568
1.000000000 0.000172099 0.000148520 -0.001092105 -0.000172089 1.000000000 -0.000061732 0.001619727 -0.000148531 0.000061707 1.000000000 0.001842830
0.999999940 0.000296472 0.000210282 -0.002460703 -0.000296455 0.999999940 -0.000079327 0.001702939 -0.000210305 0.000079265 1.000000000 0.001171950
0.999999940 0.000297341 0.000191031 -0.001351024 -0.000297330 0.999999940 -0.000056798 0.001413831 -0.000191048 0.000056742 1.000000000 0.001427029
0.999999940 0.000240392 0.000153715 -0.001669453 -0.000240385 0.999999940 -0.000048275 0.001972111 -0.000153727 0.000048238 1.000000000 0.002000363
0.999999940 0.000249504 0.000108312 -0.001617776 -0.000249495 0.999999940 -0.000085229 0.002596542 -0.000108333 0.000085202 1.000000000 0.002766039
0.999999940 0.000305222 0.000162216 -0.001421335 -0.000305206 0.999999940 -0.000100251 0.002405016 -0.000162247 0.000100202 1.000000000 0.001364346
0.999999940 0.000253155 0.000120271 -0.000651179 -0.000253145 0.999999940 -0.000091223 0.003015514 -0.000120294 0.000091193 1.000000000 0.002738919
1.000000000 0.000084371 0.000052099 0.000232247 -0.000084365 1.000000000 -0.000120864 0.001726474 -0.000052109 0.000120859 1.000000000 0.002989929
0.999999881 0.000414630 0.000215243 -0.000137948 -0.000414478 0.999999642 -0.000705057 -0.000898996 -0.000215535 0.000704968 0.999999702 0.052914500
0.999999940 0.000288819 0.000091895 0.002529552 -0.000288700 0.999999106 -0.001290300 -0.002756969 -0.000092267 0.001290273 0.999999166 0.140971854
0.999999881 0.000063916 0.000529222 0.000670496 -0.000063666 0.999999881 -0.000472629 -0.017818943 -0.000529252 0.000472595 0.999999762 0.256822497
0.999999762 0.000257957 0.000666615 0.003242095 -0.000257730 0.999999940 -0.000339842 -0.020823879 -0.000666703 0.000339670 0.999999762 0.388284087
0.999999940 -0.000084811 0.000357155 0.003663509 0.000085021 0.999999821 -0.000586592 -0.021065744 -0.000357105 0.000586623 0.999999762 0.551015139
0.999999762 -0.000570387 0.000272869 0.008944031 0.000570498 0.999999762 -0.000407050 -0.026984407 -0.000272636 0.000407206 0.999999821 0.702691436
0.999999940 -0.000142369 0.000440276 0.011403553 0.000142454 0.999999940 -0.000193729 -0.029785506 -0.000440248 0.000193792 0.999999881 0.867157757
0.999999881 -0.000309860 0.000434562 0.017398426 0.000309637 0.999999762 0.000514532 -0.041868046 -0.000434722 -0.000514397 0.999999702 1.016665936
0.999999881 -0.000555462 0.000355961 0.022172345 0.000555274 0.999999762 0.000530111 -0.045673758 -0.000356255 -0.000529913 0.999999762 1.192659020
0.999999821 -0.000137101 0.000509612 0.025962243 0.000136708 0.999999702 0.000771329 -0.050030056 -0.000509718 -0.000771259 0.999999523 1.378385067
0.999999881 -0.000105831 0.000509083 0.024462465 0.000105421 0.999999702 0.000806348 -0.054509502 -0.000509168 -0.000806294 0.999999523 1.565630317
0.999999702 -0.000388972 0.000572161 0.025427038 0.000388292 0.999999225 0.001186858 -0.065509364 -0.000572622 -0.001186636 0.999999106 1.772924304
0.999999821 -0.000278474 0.000605957 0.028890138 0.000277670 0.999999106 0.001325799 -0.073164202 -0.000606326 -0.001325631 0.999998927 1.975286245
0.999999642 -0.000703732 0.000565024 0.032899648 0.000702939 0.999998868 0.001402580 -0.079260051 -0.000566010 -0.001402182 0.999998868 2.189100027
0.999999702 -0.000329775 0.000672273 0.039310150 0.000328883 0.999999046 0.001325982 -0.078811936 -0.000672710 -0.001325760 0.999998868 2.408425570
0.999999702 -0.000361315 0.000646849 0.035843294 0.000360303 0.999998689 0.001564119 -0.093186073 -0.000647413 -0.001563885 0.999998569 2.621838808
0.999999583 -0.000176103 0.000843868 0.039116956 0.000174667 0.999998510 0.001702343 -0.100448512 -0.000844166 -0.001702195 0.999998152 2.852644920
0.999999642 -0.000337259 0.000774304 0.044512752 0.000336121 0.999998868 0.001468351 -0.103578985 -0.000774799 -0.001468090 0.999998629 3.090785503
0.999999702 -0.000161666 0.000603164 0.049831729 0.000160667 0.999998629 0.001655137 -0.112265229 -0.000603431 -0.001655040 0.999998450 3.329545259
0.999999106 -0.000686987 0.001139555 0.045369506 0.000684777 0.999997914 0.001938809 -0.120194688 -0.001140885 -0.001938027 0.999997497 3.576506376
0.999998868 -0.000611321 0.001333947 0.047894418 0.000608799 0.999998093 0.001890113 -0.125317812 -0.001335100 -0.001889299 0.999997318 3.832752228
0.999998868 -0.000109564 0.001527565 0.050433703 0.000106301 0.999997795 0.002135972 -0.132811606 -0.001527795 -0.002135807 0.999996543 4.090741634
0.999998569 -0.000434625 0.001608719 0.058090843 0.000431098 0.999997616 0.002192069 -0.137955517 -0.001609668 -0.002191373 0.999996305 4.345224380
0.999999046 -0.000606532 0.001317387 0.055091895 0.000603593 0.999997318 0.002230774 -0.146873906 -0.001318736 -0.002229976 0.999996603 4.592049122
0.999998987 -0.000449167 0.001367036 0.062272809 0.000446209 0.999997616 0.002163313 -0.151646823 -0.001368005 -0.002162701 0.999996662 4.852389336
0.999998569 -0.000105504 0.001630890 0.065085843 0.000102102 0.999997735 0.002085886 -0.157459214 -0.001631106 -0.002085717 0.999996483 5.117054462
0.999999046 -0.000256569 0.001366515 0.076327287 0.000253958 0.999998212 0.001911086 -0.161020368 -0.001367003 -0.001910738 0.999997258 5.378582478
0.999998748 -0.000002852 0.001578084 0.078217871 -0.000000589 0.999997675 0.002180542 -0.169786006 -0.001578087 -0.002180540 0.999996364 5.640695095
0.999998629 -0.000296787 0.001615418 0.066735752 0.000293137 0.999997318 0.002258741 -0.181685701 -0.001616084 -0.002258264 0.999996066 5.892822266
0.999998450 -0.000708134 0.001572588 0.072656661 0.000704412 0.999996901 0.002366085 -0.189554825 -0.001574259 -0.002364974 0.999995887 6.175720215
0.999998808 -0.000547142 0.001456934 0.082895473 0.000543753 0.999997079 0.002325409 -0.191276401 -0.001458202 -0.002324613 0.999996245 6.467569351
0.999998868 -0.000683304 0.001319040 0.085518986 0.000679930 0.999996483 0.002556622 -0.197239965 -0.001320782 -0.002555722 0.999995828 6.758081436
0.999998689 -0.000327793 0.001558624 0.077655278 0.000324544 0.999997795 0.002084302 -0.208711937 -0.001559304 -0.002083793 0.999996603 7.038593769
0.999999106 0.000046247 0.001340441 0.084561735 -0.000048911 0.999998033 0.001987831 -0.215924948 -0.001340346 -0.001987895 0.999997079 7.341884613
0.999998868 -0.000563105 0.001390895 0.091803409 0.000560249 0.999997795 0.002052725 -0.226778507 -0.001392048 -0.002051943 0.999996901 7.646888733
0.999998868 -0.000737792 0.001313059 0.103447869 0.000734935 0.999997377 0.002175414 -0.232836545 -0.001314661 -0.002174446 0.999996781 7.971599102
0.999998748 -0.000161287 0.001568627 0.086446881 0.000157341 0.999996841 0.002515547 -0.251726478 -0.001569027 -0.002515297 0.999995589 8.257562637
0.999998510 -0.000093058 0.001737697 0.091671608 0.000088604 0.999996722 0.002562984 -0.259031773 -0.001737930 -0.002562826 0.999995232 8.582676888
0.999998927 -0.000345554 0.001454731 0.105177589 0.000341733 0.999996543 0.002625976 -0.264420211 -0.001455633 -0.002625477 0.999995410 8.924973488
0.999999166 -0.000252294 0.001319163 0.111613855 0.000248473 0.999995887 0.002895991 -0.280401170 -0.001319888 -0.002895661 0.999994934 9.261374474
0.999998033 0.000107938 0.001981384 0.089720920 -0.000113026 0.999996722 0.002567987 -0.288988829 -0.001981100 -0.002568206 0.999994755 9.575265884
0.999998212 0.000086740 0.001850933 0.099197358 -0.000091717 0.999996364 0.002688705 -0.297503412 -0.001850693 -0.002688870 0.999994636 9.927025795
0.999998271 0.000328619 0.001844156 0.103579558 -0.000333108 0.999997020 0.002434334 -0.304150611 -0.001843350 -0.002434944 0.999995291 10.291992188
0.999998808 -0.000216863 0.001543063 0.122133747 0.000213338 0.999997377 0.002284411 -0.311834574 -0.001543555 -0.002284079 0.999996245 10.642513275
0.999998808 -0.000394297 0.001566633 0.113510743 0.000389519 0.999995291 0.003048970 -0.332903206 -0.001567829 -0.003048356 0.999994040 10.979785919
0.999998689 -0.000865810 0.001357522 0.124129429 0.000861079 0.999993622 0.003481950 -0.345091492 -0.001360528 -0.003480777 0.999992907 11.353882790
0.999998569 -0.000720814 0.001539284 0.133211389 0.000715682 0.999994278 0.003332073 -0.353111595 -0.001541677 -0.003330966 0.999993205 11.751855850
0.999998033 -0.000062298 0.001978692 0.137711152 0.000055940 0.999994934 0.003212767 -0.363177061 -0.001978883 -0.003212651 0.999992847 12.128420830
0.999998093 -0.000778733 0.001793194 0.130229294 0.000772786 0.999994218 0.003315113 -0.375980467 -0.001795765 -0.003313721 0.999992907 12.484974861
0.999997795 -0.000534557 0.002054321 0.132536873 0.000527405 0.999993801 0.003480435 -0.384845495 -0.002056169 -0.003479344 0.999991834 12.892094612
0.999997377 -0.000979894 0.002055727 0.144760206 0.000973155 0.999994159 0.003276858 -0.395962596 -0.002058926 -0.003274849 0.999992549 13.289331436
0.999997199 -0.000752010 0.002216134 0.148021087 0.000744225 0.999993563 0.003511746 -0.408864439 -0.002218760 -0.003510087 0.999991417 13.699129105
0.999996424 -0.001142703 0.002395285 0.128914952 0.001133190 0.999991477 0.003969005 -0.424086511 -0.002399800 -0.003966277 0.999989271 14.083517075
0.999995351 -0.001054488 0.002858387 0.137560427 0.001043442 0.999992013 0.003863230 -0.436601579 -0.002862438 -0.003860229 0.999988496 14.507237434
0.999995410 -0.001034390 0.002854850 0.142503843 0.001022675 0.999991000 0.004102261 -0.447803915 -0.002859068 -0.004099322 0.999987483 14.909313202
0.999994516 -0.001063522 0.003131556 0.153398722 0.001051261 0.999991775 0.003914210 -0.458625108 -0.003135693 -0.003910897 0.999987423 15.335516930
0.999992847 -0.001078908 0.003605813 0.147344828 0.001063846 0.999990642 0.004176488 -0.470212936 -0.003610286 -0.004172622 0.999984801 15.771213531
0.999990940 -0.001008354 0.004110687 0.158257440 0.000989516 0.999989033 0.004582234 -0.481164753 -0.004115263 -0.004578125 0.999981046 16.212350845
0.999991059 -0.001267986 0.004013333 0.158219695 0.001250480 0.999989688 0.004361422 -0.493978232 -0.004018823 -0.004356365 0.999982417 16.650226593
0.999990046 -0.001343294 0.004244515 0.170223713 0.001324342 0.999989092 0.004464617 -0.508224368 -0.004250467 -0.004458952 0.999981046 17.119226456
0.999989688 -0.000933206 0.004443833 0.176862866 0.000912908 0.999989152 0.004567553 -0.519809604 -0.004448048 -0.004563449 0.999979734 17.575887680
0.999987543 -0.001542246 0.004748515 0.158936977 0.001521132 0.999988973 0.004446730 -0.530400217 -0.004755320 -0.004439452 0.999978840 17.990966797
0.999985039 -0.000968376 0.005397614 0.164925486 0.000943600 0.999989033 0.004590812 -0.541805267 -0.005402000 -0.004585649 0.999974966 18.454229355
0.999987066 -0.001187202 0.004946609 0.181281611 0.001165466 0.999989629 0.004394592 -0.551424682 -0.004951775 -0.004388770 0.999978125 18.945287704
0.999985397 -0.001496012 0.005198249 0.166982561 0.001472183 0.999988377 0.004584807 -0.562071562 -0.005205048 -0.004577087 0.999975979 19.377428055
0.999987066 -0.001326296 0.004900393 0.178254813 0.001301338 0.999986172 0.005092597 -0.575325370 -0.004907080 -0.005086155 0.999975026 19.864824295
0.999987304 -0.001077654 0.004937246 0.192998976 0.001054261 0.999988139 0.004738187 -0.587487876 -0.004942295 -0.004732922 0.999976635 20.351377487
0.999986291 -0.002095061 0.004790237 0.172225565 0.002072162 0.999986410 0.004780235 -0.586185575 -0.004800186 -0.004770244 0.999977052 20.805313110
0.999987841 -0.002987731 0.003921406 0.187112361 0.002969201 0.999984384 0.004722489 -0.595615268 -0.003935454 -0.004710788 0.999981105 21.309482574
0.999989390 -0.002288116 0.004007760 0.192621887 0.002268923 0.999985933 0.004786937 -0.606059909 -0.004018657 -0.004777792 0.999980509 21.823102951
0.999990284 -0.002353095 0.003729422 0.163259804 0.002335674 0.999986351 0.004668533 -0.617070019 -0.003740357 -0.004659777 0.999982119 22.279199600
0.999992371 -0.001724814 0.003503791 0.170265615 0.001708371 0.999987543 0.004690707 -0.631482244 -0.003511838 -0.004684685 0.999982834 22.800069809
0.999993324 -0.001662971 0.003245027 0.170228928 0.001646431 0.999985695 0.005092957 -0.648136377 -0.003253450 -0.005087581 0.999981761 23.307306290
0.999991596 -0.003452804 0.002182745 0.155970052 0.003441923 0.999981701 0.004969190 -0.663004875 -0.002199862 -0.004961636 0.999985278 23.816152573
0.999994874 -0.002695940 0.001691283 0.165071249 0.002687463 0.999983907 0.004994099 -0.670740247 -0.001704719 -0.004989529 0.999986112 24.361259460
0.999997318 -0.002107364 0.000950236 0.174463645 0.002101968 0.999981821 0.005644322 -0.686162531 -0.000962113 -0.005642310 0.999983668 24.877326965
0.999997914 -0.001974209 0.000490446 0.182712972 0.001971334 0.999981225 0.005792135 -0.699084878 -0.000501872 -0.005791157 0.999983072 25.426948547
0.999996245 -0.001910182 0.001962127 0.073214240 0.001898976 0.999981999 0.005696828 -0.709383607 -0.001972974 -0.005693080 0.999981821 25.897193909
0.999995947 -0.002570906 0.001211824 0.089596614 0.002563930 0.999980330 0.005723836 -0.715048730 -0.001226515 -0.005720706 0.999982834 26.452985764
0.999996364 -0.002703961 0.000186683 0.105742402 0.002702895 0.999981284 0.005496235 -0.727110028 -0.000201541 -0.005495710 0.999984920 27.016878128
0.999997556 -0.002071475 0.000801707 0.072401464 0.002066999 0.999982476 0.005543427 -0.725909948 -0.000813176 -0.005541756 0.999984324 27.522640228
0.999998689 -0.000992262 0.001339953 0.079452544 0.000984581 0.999983132 0.005720994 -0.733089805 -0.001345607 -0.005719667 0.999982774 28.077388763
0.999998689 -0.001173679 0.001083125 0.091576546 0.001167233 0.999981701 0.005932859 -0.753567338 -0.001090069 -0.005931586 0.999981821 28.616487503
0.999997079 -0.002344754 0.000579498 0.027699005 0.002341092 0.999977767 0.006241392 -0.776630104 -0.000594119 -0.006240017 0.999980271 29.121606827
0.999996722 -0.002569637 -0.000109510 0.038864918 0.002570241 0.999979079 0.005929080 -0.786396742 0.000094272 -0.005929342 0.999982357 29.672290802
0.999999046 -0.001409183 -0.000214073 0.045137972 0.001410494 0.999979496 0.006254828 -0.803562105 0.000205254 -0.006255125 0.999980330 30.199947357
0.999997437 -0.002273861 -0.000078039 0.008757779 0.002274271 0.999981046 0.005740057 -0.804576337 0.000064986 -0.005740219 0.999983549 30.716369629
0.999997318 -0.002301664 -0.000339948 0.019527361 0.002303523 0.999981821 0.005576321 -0.811566234 0.000327107 -0.005577089 0.999984384 31.270494461
0.999998629 -0.001584486 -0.000540873 0.027939776 0.001587307 0.999984920 0.005255743 -0.814336777 0.000532537 -0.005256594 0.999986112 31.808979034
0.999998331 -0.001799954 -0.000214986 -0.018364444 0.001801030 0.999985278 0.005118470 -0.812847733 0.000205770 -0.005118848 0.999986827 32.346389771
0.999999583 -0.000733128 -0.000456762 -0.014086293 0.000735628 0.999984622 0.005496199 -0.830949485 0.000452725 -0.005496532 0.999984801 32.899093628
0.999999702 -0.000802129 -0.000216854 -0.004731129 0.000803252 0.999986053 0.005228916 -0.838246107 0.000212657 -0.005229088 0.999986291 33.436779022
0.999998987 -0.001434336 -0.000002469 -0.071858056 0.001434327 0.999983072 0.005629778 -0.862295866 -0.000005606 -0.005629776 0.999984145 33.960178375
0.999999404 -0.001080711 -0.000266631 -0.057848871 0.001082217 0.999983132 0.005712387 -0.878448546 0.000260453 -0.005712670 0.999983668 34.501770020
0.999997675 -0.002039538 -0.000621337 -0.043380477 0.002043012 0.999981999 0.005643805 -0.886652231 0.000609815 -0.005645062 0.999983847 35.047622681
0.999997973 -0.001964200 -0.000396744 -0.048626781 0.001966469 0.999981225 0.005802603 -0.906827867 0.000385339 -0.005803371 0.999983072 35.555862427
0.999997318 -0.002311717 0.000048195 -0.128131285 0.002311389 0.999979496 0.005969940 -0.933079362 -0.000061995 -0.005969813 0.999982178 36.114059448
0.999999106 -0.001354670 -0.000143617 -0.120562002 0.001355438 0.999984026 0.005493610 -0.942025185 0.000136173 -0.005493799 0.999984860 36.659683228
0.999997973 -0.002011089 -0.000111285 -0.103499874 0.002011703 0.999981046 0.005827473 -0.956744671 0.000099563 -0.005827686 0.999983013 37.202384949
0.999998271 -0.001750653 0.000474343 -0.198899508 0.001747957 0.999982655 0.005624675 -0.966142297 -0.000484181 -0.005623836 0.999984086 37.733161926
0.999999106 -0.001140076 0.000572902 -0.188808203 0.001137046 0.999985516 0.005260626 -0.974496603 -0.000578891 -0.005259970 0.999986053 38.277328491
0.999998689 -0.001557172 0.000314772 -0.167701259 0.001555432 0.999983966 0.005454157 -0.986297488 -0.000323260 -0.005453661 0.999985039 38.817432404
0.999997973 -0.001608468 0.001140074 -0.246262878 0.001602725 0.999986112 0.005019184 -0.974108934 -0.001148131 -0.005017348 0.999986708 39.321311951
0.999998510 -0.001400950 0.001007893 -0.232371196 0.001396164 0.999987781 0.004734364 -0.986472726 -0.001014512 -0.004732951 0.999988317 39.875217438
0.999998271 -0.001473129 0.001102328 -0.219255343 0.001468087 0.999988556 0.004561554 -0.995362639 -0.001109034 -0.004559928 0.999988973 40.421878815
0.999998987 -0.001036155 0.000957609 -0.210050285 0.001031929 0.999989748 0.004403604 -1.006074905 -0.000962162 -0.004402611 0.999989808 40.943717957
0.999994993 -0.000625035 0.003106392 -0.376501352 0.000610906 0.999989450 0.004547619 -1.032455802 -0.003109201 -0.004545698 0.999984860 41.448440552
0.999995708 -0.000084429 0.002929215 -0.362186521 0.000071064 0.999989629 0.004562569 -1.045246601 -0.002929569 -0.004562342 0.999985337 42.001853943
0.999996364 -0.000781498 0.002548839 -0.343013704 0.000768674 0.999986947 0.005028204 -1.064444304 -0.002552735 -0.005026225 0.999984145 42.540439606
0.999994397 0.000700276 0.003284539 -0.330350101 -0.000715816 0.999988496 0.004732837 -1.080061316 -0.003281187 -0.004735161 0.999983490 43.036598206
0.999994338 0.000268075 0.003347500 -0.326722026 -0.000283280 0.999989569 0.004542798 -1.087104559 -0.003346246 -0.004543721 0.999984086 43.569705963
0.999985337 0.000639377 0.005376936 -0.496190369 -0.000663249 0.999989927 0.004439016 -1.094852686 -0.005374043 -0.004442518 0.999975681 44.073619843
0.999985456 0.000509357 0.005353451 -0.478686512 -0.000531930 0.999991000 0.004215786 -1.104849219 -0.005351255 -0.004218573 0.999976814 44.629257202
0.999982953 0.001206787 0.005710114 -0.465374053 -0.001232656 0.999988973 0.004528986 -1.121978164 -0.005704585 -0.004535947 0.999973416 45.170406342
0.999982059 0.001817455 0.005713743 -0.461399615 -0.001840870 0.999989927 0.004095379 -1.130427599 -0.005706242 -0.004105824 0.999975264 45.718338013
0.999970436 0.001560156 0.007530667 -0.590846658 -0.001588909 0.999991477 0.003813822 -1.118106365 -0.007524652 -0.003825674 0.999964356 46.168655396
0.999975741 0.001466965 0.006812280 -0.571463585 -0.001495223 0.999990284 0.004144812 -1.132742405 -0.006806134 -0.004154897 0.999968231 46.724964142
0.999975622 0.001822678 0.006755972 -0.560897470 -0.001848766 0.999990821 0.003857115 -1.145214796 -0.006748881 -0.003869510 0.999969721 47.273960114
0.999966443 0.002204453 0.007889892 -0.554493308 -0.002234568 0.999990284 0.003810151 -1.159922004 -0.007881415 -0.003827654 0.999961615 47.787006378
0.999975204 0.000362640 0.007049967 -0.580246210 -0.000387160 0.999993801 0.003477152 -1.142112494 -0.007048663 -0.003479795 0.999969125 48.371295929
0.999973416 0.001411660 0.007161986 -0.566084146 -0.001434812 0.999993682 0.003228802 -1.154333115 -0.007157384 -0.003238992 0.999969125 48.916564941
0.999975502 0.000733839 0.006968736 -0.553529143 -0.000759334 0.999993026 0.003656548 -1.165474534 -0.006966005 -0.003661749 0.999969006 49.458618164
0.999976814 0.000483149 0.006785832 -0.535209894 -0.000512506 0.999990523 0.004325016 -1.186435103 -0.006783678 -0.004328393 0.999967635 49.984279633
0.999976754 0.000631496 0.006788275 -0.570049286 -0.000655391 0.999993563 0.003518631 -1.193123341 -0.006786010 -0.003522998 0.999970734 50.537689209
0.999978244 0.000768906 0.006553605 -0.554441810 -0.000791922 0.999993503 0.003510001 -1.207655311 -0.006550864 -0.003515114 0.999972403 51.080242157
0.999970973 0.001399418 0.007487850 -0.542426467 -0.001425170 0.999993145 0.003435040 -1.224909544 -0.007482991 -0.003445611 0.999966085 51.616748810
0.999969602 0.001374453 0.007678466 -0.531273246 -0.001401328 0.999992907 0.003495794 -1.236259341 -0.007673607 -0.003506447 0.999964416 52.162811279
0.999970078 0.001134356 0.007660448 -0.521663368 -0.001159097 0.999994040 0.003226124 -1.232105851 -0.007656744 -0.003234906 0.999965429 52.719669342
0.999952853 0.001647840 0.009568021 -0.660386741 -0.001686423 0.999990463 0.004025735 -1.273796678 -0.009561296 -0.004041681 0.999946117 53.180549622
0.999948800 0.001851228 0.009953371 -0.650862932 -0.001886495 0.999991953 0.003534919 -1.284307957 -0.009946747 -0.003553515 0.999944150 53.731517792
0.999949038 0.001772363 0.009931189 -0.632403612 -0.001804742 0.999993026 0.003252359 -1.292535424 -0.009925356 -0.003270117 0.999945402 54.290428162
0.999949992 0.001488253 0.009882937 -0.640575409 -0.001520950 0.999993324 0.003301709 -1.305540919 -0.009877956 -0.003316575 0.999945700 54.787574768
0.999944925 0.002001457 0.010302785 -0.632901013 -0.002042023 0.999990225 0.003928469 -1.317763805 -0.010294819 -0.003949291 0.999939203 55.341041565
0.999949753 0.001430431 0.009917304 -0.608158171 -0.001466236 0.999992371 0.003604010 -1.328497767 -0.009912074 -0.003618370 0.999944329 55.880535126
0.999928474 0.003015221 0.011572273 -0.631292820 -0.003055869 0.999989212 0.003496468 -1.343185186 -0.011561603 -0.003531582 0.999926925 56.379318237
0.999930024 0.002603019 0.011551213 -0.680770874 -0.002645762 0.999989688 0.003686607 -1.367128491 -0.011541498 -0.003716911 0.999926507 56.962844849
0.999929845 0.002445386 0.011594392 -0.658148944 -0.002491855 0.999988914 0.003995072 -1.377332926 -0.011584494 -0.004023682 0.999924839 57.515205383
0.999923885 0.003073578 0.011953062 -0.649203539 -0.003118538 0.999988139 0.003744592 -1.390573978 -0.011941412 -0.003781582 0.999921560 58.053707123
0.999913692 0.003038524 0.012782413 -0.696526289 -0.003079891 0.999990106 0.003217795 -1.406263351 -0.012772508 -0.003256886 0.999913096 58.535205841
0.999913990 0.003301038 0.012697390 -0.676416039 -0.003339332 0.999989986 0.002995917 -1.419945121 -0.012687372 -0.003038060 0.999914885 59.080486298
0.999908984 0.003039205 0.013150378 -0.657856345 -0.003076529 0.999991298 0.002818936 -1.429312348 -0.013141697 -0.002859136 0.999909520 59.634941101
0.999898732 0.004091579 0.013626541 -0.705710530 -0.004131729 0.999987185 0.002919660 -1.448416591 -0.013614421 -0.002975666 0.999902844 60.128887177
0.999893010 0.004134782 0.014037046 -0.684689999 -0.004181986 0.999985754 0.003335124 -1.464496255 -0.014023055 -0.003393469 0.999895930 60.672721863
0.999900877 0.003245597 0.013704174 -0.666083694 -0.003290526 0.999989212 0.003257234 -1.478063703 -0.013693457 -0.003302005 0.999900758 61.219306946
0.999866843 0.005644042 0.015309605 -0.721000671 -0.005684455 0.999980390 0.002597634 -1.479086637 -0.015294645 -0.002684315 0.999879420 61.759445190
0.999858975 0.006483756 0.015492135 -0.705028713 -0.006520484 0.999975920 0.002321465 -1.488195777 -0.015476713 -0.002422154 0.999877274 62.309047699
0.999857008 0.006713608 0.015523807 -0.683204532 -0.006753592 0.999973953 0.002524776 -1.506829023 -0.015506455 -0.002629256 0.999876261 62.852733612
0.999875665 0.004788682 0.015026012 -0.689699411 -0.004830913 0.999984443 0.002775424 -1.532873869 -0.015012489 -0.002847668 0.999883235 63.334022522
0.999880850 0.004734484 0.014691855 -0.669233739 -0.004770025 0.999985754 0.002385007 -1.543531656 -0.014680353 -0.002454804 0.999889195 63.884834290
0.999862015 0.005742361 0.015584967 -0.656292200 -0.005778980 0.999980688 0.002305542 -1.559938669 -0.015571425 -0.002395289 0.999875903 64.425170898
0.999856591 0.005488859 0.016022386 -0.648844600 -0.005529544 0.999981642 0.002496049 -1.577114820 -0.016008392 -0.002584287 0.999868512 64.948890686
0.999842584 0.005257369 0.016947050 -0.723646641 -0.005289888 0.999984264 0.001874619 -1.565379620 -0.016936926 -0.001963972 0.999854624 65.460678101
0.999832332 0.005813356 0.017363627 -0.705786109 -0.005841745 0.999981701 0.001584569 -1.578257203 -0.017354095 -0.001685737 0.999848008 66.016548157
0.999839485 0.005389238 0.017088570 -0.699631333 -0.005426784 0.999982893 0.002151434 -1.595604300 -0.017076684 -0.002243825 0.999851644 66.508049011
0.999836385 0.005791070 0.017140219 -0.681790233 -0.005822225 0.999981463 0.001768213 -1.609782934 -0.017129663 -0.001867717 0.999851525 67.045455933
0.999828398 0.005747842 0.017610876 -0.666739345 -0.005776173 0.999981999 0.001558266 -1.621843815 -0.017601604 -0.001659721 0.999843717 67.591461182
0.999835968 0.005321164 0.017313292 -0.628559232 -0.005357394 0.999983490 0.002046840 -1.642509222 -0.017302118 -0.002139258 0.999847949 68.092498779
0.999766767 0.008943401 0.019653670 -0.729583144 -0.008986038 0.999957442 0.002082235 -1.645524144 -0.019634210 -0.002258358 0.999804676 68.566253662
0.999764979 0.008798908 0.019808901 -0.710114837 -0.008837187 0.999959171 0.001845638 -1.658311367 -0.019791855 -0.002020259 0.999802053 69.119461060
0.999776423 0.008023378 0.019560486 -0.691120625 -0.008058772 0.999966025 0.001731353 -1.674820423 -0.019545928 -0.001888599 0.999807239 69.682159424
0.999767363 0.008516246 0.019816034 -0.660241365 -0.008541995 0.999962747 0.001215053 -1.680739880 -0.019804947 -0.001384039 0.999802947 70.240600586
0.999754786 0.009478882 0.020011451 -0.686562896 -0.009524221 0.999952257 0.002171607 -1.708011866 -0.019989911 -0.002361668 0.999797404 70.654983521
0.999741495 0.010131656 0.020356236 -0.668449283 -0.010175750 0.999945998 0.002063592 -1.722213268 -0.020334233 -0.002270199 0.999790668 71.205284119
0.999758005 0.009756455 0.019713765 -0.642942548 -0.009803573 0.999949276 0.002294835 -1.743582606 -0.019690376 -0.002487545 0.999803007 71.724517822
0.999752641 0.009478305 0.020117922 -0.635952950 -0.009515399 0.999953151 0.001748728 -1.753728986 -0.020100404 -0.001939726 0.999796093 72.298583984
0.999749124 0.009630349 0.020222681 -0.633029580 -0.009678247 0.999950588 0.002272127 -1.771361947 -0.020199802 -0.002467277 0.999792874 72.710784912
0.999730885 0.010432217 0.020718684 -0.613589525 -0.010475707 0.999943137 0.001991744 -1.778943062 -0.020696728 -0.002208251 0.999783337 73.262351990
0.999747872 0.009954022 0.020126270 -0.593752027 -0.010006202 0.999946833 0.002493713 -1.799903631 -0.020100378 -0.002694472 0.999794364 73.786865234
0.999741435 0.009927598 0.020457475 -0.578158379 -0.009969368 0.999948382 0.001940853 -1.808193922 -0.020437153 -0.002144299 0.999788880 74.330329895
0.999748111 0.009769224 0.020204624 -0.544981599 -0.009816981 0.999949217 0.002265908 -1.822299242 -0.020181462 -0.002463686 0.999793291 74.873291016
0.999742270 0.009844495 0.020455157 -0.541565418 -0.009888500 0.999948978 0.002051309 -1.840687275 -0.020433918 -0.002253051 0.999788642 75.370231628
0.999741495 0.010019372 0.020408900 -0.520506263 -0.010069578 0.999946475 0.002358718 -1.851683617 -0.020384174 -0.002563617 0.999788880 75.927375793
0.999747217 0.009630133 0.020316085 -0.497484565 -0.009687297 0.999949336 0.002717159 -1.864625573 -0.020288890 -0.002913280 0.999789894 76.480911255
0.999737740 0.010008764 0.020597965 -0.471906424 -0.010061163 0.999946356 0.002441769 -1.881896496 -0.020572418 -0.002648368 0.999784827 76.999305725
0.999749839 0.009549602 0.020224504 -0.465554833 -0.009599593 0.999951065 0.002376183 -1.889708519 -0.020200823 -0.002569736 0.999792635 77.418914795
0.999734700 0.010068237 0.020715157 -0.434710026 -0.010114938 0.999946535 0.002150900 -1.908332348 -0.020692395 -0.002359862 0.999783099 77.918159485
0.999714434 0.010353914 0.021537649 -0.412870288 -0.010403799 0.999943376 0.002205279 -1.923673511 -0.021513598 -0.002428723 0.999765635 78.473388672
0.999702871 0.010489215 0.022001237 -0.388969779 -0.010545252 0.999941409 0.002432398 -1.944469690 -0.021974435 -0.002663684 0.999754965 79.002136230
0.999626458 0.011535515 0.024776718 -0.496721268 -0.011609677 0.999928534 0.002851552 -1.992699504 -0.024742054 -0.003138136 0.999688923 79.516593933
0.999588668 0.011746173 0.026162930 -0.473491669 -0.011824269 0.999926090 0.002832345 -2.004241705 -0.026127728 -0.003140538 0.999653697 80.076637268
0.999550104 0.012043718 0.027468750 -0.449045897 -0.012138349 0.999920964 0.003280867 -2.024002075 -0.027427064 -0.003612816 0.999617279 80.596908569
0.999472022 0.011427534 0.030415045 -0.423229218 -0.011515192 0.999930024 0.002708457 -2.028490543 -0.030381966 -0.003057263 0.999533713 81.129463196
0.999333739 0.011990634 0.034470137 -0.393928051 -0.012104003 0.999922037 0.003082163 -2.046521664 -0.034430489 -0.003497337 0.999401033 81.670204163
0.999239385 0.011263175 0.037332155 -0.344345570 -0.011391480 0.999929905 0.003225936 -2.068605423 -0.037293203 -0.003648751 0.999297738 82.188934326
0.999072373 0.011046587 0.041621182 -0.352014065 -0.011150556 0.999935269 0.002266665 -2.058905125 -0.041593444 -0.002728661 0.999131024 82.742645264
0.998811245 0.010771952 0.047539998 -0.310855389 -0.010878013 0.999938905 0.001972781 -2.069837570 -0.047515843 -0.002487576 0.998867393 83.288978577
0.998501182 0.011000738 0.053612251 -0.266798019 -0.011107154 0.999936879 0.001687377 -2.081455946 -0.053590305 -0.002280328 0.998560429 83.832290649
0.998166382 0.010996949 0.059521232 -0.242166996 -0.011140444 0.999935746 0.002079514 -2.098132610 -0.059494548 -0.002738794 0.998224854 84.334663391
0.997663975 0.011059474 0.067410812 -0.185256958 -0.011237568 0.999934256 0.002263291 -2.113854647 -0.067381345 -0.003015537 0.997722745 84.886360168
0.997026205 0.011046224 0.076266907 -0.125044823 -0.011213067 0.999935567 0.001759730 -2.123625755 -0.076242559 -0.002609682 0.997085869 85.434158325
0.996438026 0.010957615 0.083613023 -0.104907990 -0.011145748 0.999936283 0.001783563 -2.145842075 -0.083588153 -0.002709139 0.996496677 85.973976135
0.995627463 0.011637817 0.092684172 -0.039515018 -0.011862056 0.999927819 0.001868827 -2.160475254 -0.092655741 -0.002960081 0.995693803 86.520477295
0.994630992 0.011752976 0.102814764 0.040137291 -0.011972499 0.999927163 0.001518270 -2.173401356 -0.102789424 -0.002741069 0.994699299 87.056968689
0.993583858 0.012021386 0.112457156 0.081488609 -0.012311702 0.999922454 0.001887422 -2.193693161 -0.112425745 -0.003259851 0.993654788 87.616462708
0.992763460 0.011192501 0.119563773 0.170663834 -0.011440627 0.999933600 0.001389050 -2.205254078 -0.119540304 -0.002746883 0.992825568 88.160957336
0.991510332 0.011142259 0.129549757 0.254957199 -0.011426107 0.999933720 0.001447942 -2.229013205 -0.129525036 -0.002915899 0.991571844 88.679450989
0.990056157 0.011336952 0.140215322 0.340879440 -0.011663173 0.999930859 0.001505030 -2.235592365 -0.140188575 -0.003125420 0.990119874 89.240158081
0.988759816 0.010262033 0.149160013 0.442217827 -0.010525368 0.999944150 0.000976140 -2.251306057 -0.149141684 -0.002535132 0.988812566 89.774673462
0.986934066 0.011044237 0.160745397 0.548734665 -0.011442673 0.999933362 0.001553174 -2.270519257 -0.160717517 -0.003372238 0.986994684 90.305007935
0.984784842 0.010990261 0.173429742 0.649014473 -0.011401714 0.999934077 0.001376344 -2.281929016 -0.173403159 -0.003332799 0.984845281 90.820922852
0.982789040 0.010561068 0.184429631 0.771928787 -0.010907916 0.999940157 0.000866153 -2.290301323 -0.184409425 -0.002862989 0.982845366 91.360908508
0.980919957 0.009544961 0.194177225 0.903728485 -0.009895760 0.999950767 0.000836647 -2.305754900 -0.194159672 -0.002742216 0.980966091 91.892074585
0.978360891 0.009331443 0.206694946 1.033327103 -0.009680099 0.999952912 0.000675524 -2.317385197 -0.206678927 -0.002661734 0.978405178 92.403427124
0.975722432 0.008560609 0.218843386 1.174850464 -0.008854511 0.999960721 0.000362228 -2.327345848 -0.218831703 -0.002291185 0.975759923 92.927627563
0.973396838 0.007973829 0.228986591 1.316034317 -0.008246803 0.999965966 0.000235180 -2.337224483 -0.228976890 -0.002117331 0.973429561 93.476470947
0.970295548 0.007822799 0.241796657 1.471561432 -0.008066243 0.999967456 0.000016922 -2.346247673 -0.241788656 -0.001966809 0.970326960 93.990173340
0.966897547 0.007670747 0.255049616 1.630304337 -0.007973035 0.999968231 0.000151360 -2.360912085 -0.255040318 -0.002179869 0.966927886 94.514556885
0.963848293 0.007433594 0.266348094 1.792287827 -0.007757059 0.999969900 0.000162413 -2.378596306 -0.266338885 -0.002222619 0.963876843 95.025474548
0.960945547 0.006643914 0.276657671 1.972599030 -0.006760480 0.999976993 -0.000532462 -2.380685806 -0.276654899 -0.001358672 0.960968316 95.518821716
0.957083821 0.006463019 0.289739013 2.157394409 -0.006698733 0.999977589 -0.000178180 -2.400103807 -0.289733708 -0.001770351 0.957105577 96.038429260
0.953173220 0.006287150 0.302359343 2.339042664 -0.006479112 0.999978900 -0.000368108 -2.413094521 -0.302355289 -0.001608150 0.953193903 96.569091797
0.949503541 0.005923910 0.313700497 2.538726807 -0.006066808 0.999981463 -0.000520703 -2.425626755 -0.313697696 -0.001408751 0.949521840 97.076370239
0.944648445 0.005869839 0.328031957 2.742286682 -0.006177798 0.999980867 -0.000103286 -2.442999125 -0.328026325 -0.001928946 0.944666624 97.593719482
0.939872503 0.005131244 0.341487318 2.955171585 -0.005205621 0.999986172 -0.000698575 -2.452370167 -0.341486186 -0.001121082 0.939886153 98.111640930
0.935847104 0.005225266 0.352367550 3.178552628 -0.005322767 0.999985516 -0.000692163 -2.470714808 -0.352366149 -0.001227811 0.935861409 98.620788574
0.930851936 0.004745699 0.365365803 3.401384354 -0.004627772 0.999988556 -0.001198456 -2.483094931 -0.365367383 -0.000575245 0.930863202 99.134071350
0.925210714 0.004693962 0.379424512 3.626703262 -0.004574754 0.999988735 -0.001215785 -2.499197245 -0.379426032 -0.000610916 0.925221920 99.632293701
0.920075774 0.004199778 0.391717643 3.867141724 -0.004261637 0.999990642 -0.000711504 -2.518079281 -0.391716987 -0.001014721 0.920085192 100.146530151
0.914998949 0.003729665 0.403439045 4.100917816 -0.003761047 0.999992669 -0.000714566 -2.533778429 -0.403438777 -0.000863526 0.915006280 100.637611389
0.908837974 0.003449120 0.417134970 4.344181061 -0.003314183 0.999993920 -0.001047724 -2.542766333 -0.417136073 -0.000430251 0.908843994 101.098419189
0.902472198 0.003478692 0.430734158 4.600955963 -0.003423758 0.999993622 -0.000902699 -2.555249214 -0.430734575 -0.000660069 0.902478456 101.595138550
0.897550941 0.003019647 0.440900445 4.870532990 -0.002963173 0.999995291 -0.000816587 -2.573551655 -0.440900832 -0.000573536 0.897555649 102.084320068
0.891597629 0.002690150 0.452820599 5.136196136 -0.002549005 0.999996364 -0.000921897 -2.589168549 -0.452821434 -0.000332281 0.891601264 102.556137085
0.884803891 0.002598353 0.465956330 5.418617249 -0.002526934 0.999996603 -0.000777976 -2.606927395 -0.465956718 -0.000489084 0.884807467 103.046936035
0.878345311 0.002985071 0.478017211 5.700954437 -0.002901200 0.999995351 -0.000913776 -2.624979496 -0.478017688 -0.000584213 0.878350019 103.517784119
0.872334361 0.001977579 0.488905817 5.974468231 -0.001768470 0.999998152 -0.000889492 -2.628387928 -0.488906622 -0.000088681 0.872336149 103.984680176
0.864546835 0.001609321 0.502549648 6.273178101 -0.001704625 0.999998629 -0.000269807 -2.649800062 -0.502549291 -0.000623398 0.864548385 104.448211670
