1.000000000 0.000000000 0.000000000 0.000000000 0.000000000 1.000000000 0.000000000 0.000000000 0.000000000 0.000000000 1.000000000 0.000000000
1.000000000 0.000162725 0.000124923 -0.003259495 -0.000162709 1.000000000 -0.000126538 0.002935326 -0.000124944 0.000126517 1.000000000 0.004470577
1.000000000 0.000109999 0.000039107 -0.000010555 -0.000109997 1.000000000 -0.000056898 0.001703387 -0.000039113 0.000056893 1.000000000 0.004440047
0.999999940 0.000278445 0.000091935 -0.000034477 -0.000278442 0.999999940 -0.000028528 0.001469471 -0.000091943 0.000028502 1.000000000 -0.001538281
1.000000000 0.000187130 0.000001214 0.003173829 -0.000187130 1.000000000 -0.000012786 0.000931150 -0.000001217 0.000012786 1.000000000 -0.000572894
1.000000000 0.000027415 -0.000092115 0.003202839 -0.000027415 1.000000000 0.000001627 0.000038935 0.000092115 -0.000001625 1.000000000 0.000239894
1.000000000 0.000149358 0.000100891 -0.002602910 -0.000149350 1.000000000 -0.000082901 0.001722001 -0.000100903 0.000082886 1.000000000 -0.000095337
1.000000000 0.000045874 -0.000013229 0.000549779 -0.000045874 1.000000000 0.000016202 0.000849536 0.000013230 -0.000016201 1.000000000 -0.001780147
1.000000000 0.000074677 0.000169642 -0.005331177 -0.000074666 1.000000000 -0.000059727 0.001932086 -0.000169647 0.000059714 1.000000000 0.005174293
0.999999940 0.000215096 0.000217673 -0.004267629 -0.000215065 0.999999940 -0.000144718 0.001072517 -0.000217705 0.000144671 0.999999940 0.000351138
1.000000000 0.000205068 0.000069136 0.000570777 -0.000205070 1.000000000 0.000024793 0.001057590 -0.000069131 -0.000024807 1.000000000 -0.002455994
1.000000000 0.000110562 0.000151867 -0.003007894 -0.000110553 1.000000000 -0.000059773 0.001167751 -0.000151874 0.000059756 1.000000000 -0.002719654
1.000000000 0.000036556 0.000096413 -0.003393907 -0.000036555 1.000000000 -0.000005964 0.000538230 -0.000096413 0.000005961 1.000000000 -0.004774642
1.000000000 -0.000025208 0.000118677 -0.002336101 0.000025208 1.000000000 0.000002895 -0.000664694 -0.000118678 -0.000002892 1.000000000 -0.000020491
1.000000000 0.000090048 0.000083346 -0.000285324 -0.000090045 1.000000000 -0.000037781 0.000426067 -0.000083350 0.000037773 1.000000000 -0.002760155
1.000000000 -0.000150532 -0.000101897 0.002066087 0.000150528 1.000000000 -0.000039793 0.000382499 0.000101903 0.000039777 1.000000000 -0.005374837
1.000000000 -0.000001352 0.000061359 -0.002631323 0.000001356 1.000000000 -0.000066117 0.000348779 -0.000061359 0.000066117 1.000000000 -0.002415896
1.000000000 0.000074954 0.000186503 -0.003992039 -0.000074973 1.000000000 0.000100998 -0.002168171 -0.000186495 -0.000101012 1.000000000 -0.003623762
1.000000000 0.000118256 0.000027129 0.000232770 -0.000118257 1.000000000 0.000043594 0.000836752 -0.000027124 -0.000043598 1.000000000 -0.005649670
1.000000000 -0.000069455 0.000012847 -0.001091731 0.000069454 1.000000000 0.000040856 -0.001163544 -0.000012850 -0.000040856 1.000000000 -0.007080075
1.000000000 0.000045921 0.000069861 -0.000854988 -0.000045921 1.000000000 0.000006829 -0.000368342 -0.000069861 -0.000006832 1.000000000 -0.006918033
1.000000000 -0.000078734 0.000046990 -0.000333461 0.000078731 1.000000000 0.000064540 -0.001745679 -0.000046995 -0.000064537 1.000000000 -0.004426595
1.000000000 0.000125764 0.000150232 -0.005688958 -0.000125744 1.000000000 -0.000134979 0.002088412 -0.000150249 0.000134961 1.000000000 0.003180926
1.000000000 -0.000013891 -0.000029090 0.000712753 0.000013890 1.000000000 -0.000030369 -0.000120075 0.000029091 0.000030369 1.000000000 -0.000967944
1.000000000 0.000011454 0.000063116 -0.002588831 -0.000011458 1.000000000 0.000069425 0.000729581 -0.000063115 -0.000069426 1.000000000 0.000439641
1.000000000 -0.000046228 -0.000099291 0.003836809 0.000046218 1.000000000 -0.000098472 0.001886522 0.000099295 0.000098468 1.000000000 -0.006778486
1.000000000 -0.000049930 0.000068307 -0.002919193 0.000049937 1.000000000 -0.000104095 0.002512982 -0.000068302 0.000104098 1.000000000 0.000072716
0.999999940 0.000290827 0.000175794 -0.004696175 -0.000290804 0.999999940 -0.000128139 0.002166675 -0.000175832 0.000128088 1.000000000 -0.000674159
1.000000000 0.000031540 0.000089316 -0.002981026 -0.000031540 1.000000000 -0.000000322 0.001182463 -0.000089316 0.000000319 1.000000000 0.000133878
1.000000000 -0.000049216 0.000030645 -0.003939902 0.000049218 1.000000000 -0.000054843 0.003082892 -0.000030643 0.000054844 1.000000000 -0.001263037
1.000000000 0.000042250 0.000081639 -0.003791787 -0.000042247 1.000000000 -0.000040841 0.000986104 -0.000081641 0.000040837 1.000000000 -0.000271495
1.000000000 -0.000034349 0.000091196 -0.003537432 0.000034339 1.000000000 0.000109641 0.000466472 -0.000091200 -0.000109638 1.000000000 0.002592231
1.000000000 -0.000151164 0.000043061 -0.003785121 0.000151163 1.000000000 0.000034023 0.000099068 -0.000043066 -0.000034017 1.000000000 -0.004538778
1.000000000 -0.000065825 0.000007392 -0.002015605 0.000065824 1.000000000 0.000059237 0.000220579 -0.000007396 -0.000059237 1.000000000 -0.006403843
0.999999940 0.000278796 0.000174359 -0.004586823 -0.000278792 0.999999940 -0.000019438 0.000967017 -0.000174365 0.000019390 1.000000000 -0.001541259
1.000000000 0.000058771 0.000163858 -0.004303031 -0.000058769 1.000000000 -0.000009396 0.001248310 -0.000163858 0.000009386 1.000000000 0.000275600
1.000000000 0.000077231 0.000097847 -0.006293854 -0.000077223 1.000000000 -0.000077376 0.002988623 -0.000097853 0.000077368 1.000000000 0.001561618
1.000000000 0.000108795 0.000077864 -0.004165129 -0.000108789 1.000000000 -0.000077537 0.002327757 -0.000077873 0.000077529 1.000000000 -0.001198990
1.000000000 -0.000106256 0.000053790 -0.003023873 0.000106255 1.000000000 0.000033924 0.001218501 -0.000053794 -0.000033918 1.000000000 0.000882331
1.000000000 -0.000072925 -0.000010693 -0.000158274 0.000072927 1.000000000 0.000099794 -0.000410691 0.000010685 -0.000099795 1.000000000 -0.006533530
1.000000000 -0.000198458 -0.000030589 -0.002768606 0.000198458 1.000000000 0.000014690 -0.000763678 0.000030586 -0.000014696 1.000000000 -0.000868349
1.000000000 0.000154998 0.000086104 0.001992224 -0.000154955 0.999999881 -0.000503490 -0.005239505 -0.000086182 0.000503476 0.999999881 0.051429294
1.000000000 0.000067842 0.000012168 0.003100456 -0.000067827 0.999999225 -0.001266536 -0.003478227 -0.000012254 0.001266535 0.999999225 0.148421988
1.000000000 0.000066178 -0.000054387 0.004685823 -0.000066259 0.999998868 -0.001486250 -0.010117437 0.000054289 0.001486253 0.999998868 0.261367291
1.000000000 0.000022782 0.000096891 0.002124476 -0.000022647 0.999999046 -0.001392689 -0.016060622 -0.000096923 0.001392687 0.999999046 0.392025590
1.000000000 0.000031248 -0.000089474 0.004836511 -0.000031347 0.999999404 -0.001103341 -0.020486103 0.000089439 0.001103344 0.999999404 0.533528566
0.999999940 -0.000130896 -0.000228344 0.017347155 0.000130681 0.999999523 -0.000943081 -0.028888073 0.000228467 0.000943051 0.999999523 0.691089869
0.999999881 -0.000452137 -0.000169100 0.022251042 0.000452047 0.999999762 -0.000527942 -0.032599803 0.000169339 0.000527865 0.999999821 0.850686073
0.999999881 -0.000195723 -0.000420989 0.029301278 0.000195471 0.999999821 -0.000597515 -0.038308628 0.000421106 0.000597433 0.999999762 1.035004735
1.000000000 -0.000020511 0.000051015 0.017607365 0.000020540 0.999999821 -0.000565143 -0.045517594 -0.000051003 0.000565144 0.999999821 1.210651755
0.999999762 -0.000529795 -0.000372882 0.038998656 0.000529636 0.999999762 -0.000427662 -0.050107107 0.000373108 0.000427464 0.999999821 1.421171308
0.999999464 -0.000631448 -0.000840029 0.045846086 0.000631422 0.999999821 -0.000032177 -0.061205044 0.000840049 0.000031647 0.999999642 1.607616544
0.999999225 0.000688426 0.001007364 0.005326307 -0.000688872 0.999999583 0.000441889 -0.095094010 -0.001007059 -0.000442583 0.999999404 1.747809172
0.999999762 0.000411727 0.000568885 0.017020188 -0.000412181 0.999999583 0.000799639 -0.105543196 -0.000568556 -0.000799874 0.999999523 1.947945714
0.999999762 0.000455655 0.000548272 0.027418707 -0.000456020 0.999999702 0.000667116 -0.112490423 -0.000547968 -0.000667366 0.999999583 2.170348167
0.999999285 0.000723578 0.000975283 0.026501566 -0.000724114 0.999999583 0.000548745 -0.107324220 -0.000974886 -0.000549451 0.999999344 2.376189709
0.999999106 0.000983692 0.000877023 0.029632311 -0.000984652 0.999998927 0.001094902 -0.127341598 -0.000875945 -0.001095765 0.999998987 2.598336220
0.999998987 0.000789166 0.001160854 0.034218371 -0.000790729 0.999998748 0.001346671 -0.136530578 -0.001159790 -0.001347587 0.999998331 2.835122824
0.999998510 0.001261360 0.001129275 0.043675724 -0.001262715 0.999998510 0.001199799 -0.141423002 -0.001127760 -0.001201223 0.999998569 3.075626612
0.999998808 0.000837686 0.001271621 0.045386005 -0.000839467 0.999998689 0.001401030 -0.144331872 -0.001270446 -0.001402096 0.999998212 3.308396101
0.999999166 0.000529517 0.001120843 0.051337663 -0.000530741 0.999999285 0.001092136 -0.159996003 -0.001120264 -0.001092730 0.999998748 3.564654350
0.999999225 0.000533007 0.001042870 0.061777811 -0.000534255 0.999999166 0.001197338 -0.166363791 -0.001042231 -0.001197894 0.999998748 3.811498880
0.999999225 0.000362900 0.001156061 0.066552974 -0.000364502 0.999998987 0.001385485 -0.170141056 -0.001155557 -0.001385905 0.999998331 4.090414524
0.999998927 0.000591828 0.001326954 0.055848703 -0.000593947 0.999998569 0.001597441 -0.184450224 -0.001326006 -0.001598227 0.999997854 4.333277225
0.999999583 0.000250091 0.000882516 0.071467444 -0.000251271 0.999999046 0.001337902 -0.191635489 -0.000882180 -0.001338123 0.999998748 4.595159531
0.999998569 0.000434062 0.001630474 0.065486498 -0.000436907 0.999998391 0.001745288 -0.204747483 -0.001629714 -0.001745998 0.999997139 4.855961800
0.999999225 0.000477213 0.001120458 0.091467276 -0.000478873 0.999998748 0.001481487 -0.207720831 -0.001119750 -0.001482022 0.999998331 5.128995419
0.999999285 -0.000136208 0.001172437 0.077191927 0.000134081 0.999998271 0.001814558 -0.219911367 -0.001172682 -0.001814399 0.999997675 5.392950058
0.999998927 -0.000166879 0.001497864 0.078756452 0.000164130 0.999998271 0.001835135 -0.228707522 -0.001498168 -0.001834887 0.999997199 5.645425320
0.999999106 -0.000284108 0.001315056 0.083777539 0.000281544 0.999998033 0.001949143 -0.235793710 -0.001315608 -0.001948771 0.999997258 5.923736572
0.999998271 0.000671633 0.001733128 0.090645850 -0.000674634 0.999998331 0.001731148 -0.244094759 -0.001731962 -0.001732314 0.999997020 6.196438313
0.999998808 0.000165918 0.001546162 0.102590814 -0.000168654 0.999998450 0.001769287 -0.256876141 -0.001545866 -0.001769545 0.999997258 6.490970135
0.999999404 -0.000123103 0.001169858 0.108865686 0.000121474 0.999999046 0.001392990 -0.262148142 -0.001170028 -0.001392846 0.999998391 6.783166409
0.999998927 -0.000467837 0.001385725 0.115818776 0.000465607 0.999998689 0.001609606 -0.272793263 -0.001386476 -0.001608959 0.999997735 7.079905033
0.999999285 -0.000636408 0.000956264 0.133649394 0.000634690 0.999998152 0.001795525 -0.281819850 -0.000957405 -0.001794916 0.999997973 7.381404400
0.999998987 -0.000160806 0.001436270 0.128772631 0.000158548 0.999998868 0.001572693 -0.292575628 -0.001436521 -0.001572464 0.999997795 7.701093197
0.999999583 -0.000175438 0.000816214 0.159221277 0.000173457 0.999997020 0.002426727 -0.325420678 -0.000816638 -0.002426584 0.999996662 8.008288383
0.999999523 0.000066911 0.000931356 0.164991602 -0.000069052 0.999997377 0.002298547 -0.330905586 -0.000931200 -0.002298611 0.999996960 8.327777863
0.999999583 -0.000107943 0.000894507 0.166598529 0.000106439 0.999998510 0.001680978 -0.327945828 -0.000894687 -0.001680882 0.999998152 8.668876648
0.999999523 -0.000366078 0.000882185 0.171748579 0.000364365 0.999998033 0.001940941 -0.341892421 -0.000882894 -0.001940619 0.999997735 8.999625206
0.999999762 -0.000023870 0.000682130 0.188979194 0.000022396 0.999997675 0.002161338 -0.351256490 -0.000682180 -0.002161323 0.999997437 9.354629517
0.999998212 -0.000431281 0.001832361 0.179067910 0.000426642 0.999996722 0.002531142 -0.369468570 -0.001833447 -0.002530356 0.999995112 9.666446686
0.999998569 -0.000230926 0.001641082 0.187426776 0.000226209 0.999995828 0.002874146 -0.383029372 -0.001641739 -0.002873770 0.999994516 10.011514664
0.999998212 -0.000111323 0.001864356 0.190485686 0.000106229 0.999996185 0.002732112 -0.393911123 -0.001864653 -0.002731909 0.999994457 10.376539230
0.999997199 -0.000148252 0.002359407 0.180261612 0.000140979 0.999995291 0.003082057 -0.404074639 -0.002359852 -0.003081716 0.999992430 10.743117332
0.999998271 -0.000468029 0.001785054 0.209281966 0.000462901 0.999995828 0.002871946 -0.406542093 -0.001786390 -0.002871115 0.999994278 11.138023376
0.999997854 -0.000476173 0.001988201 0.207922474 0.000469810 0.999994814 0.003199384 -0.424876660 -0.001989714 -0.003198443 0.999992907 11.514493942
0.999996364 -0.001436367 0.002277683 0.208816066 0.001429430 0.999994278 0.003044500 -0.442479432 -0.002282043 -0.003041233 0.999992788 11.859215736
0.999996424 -0.001325803 0.002301333 0.215943366 0.001318452 0.999993980 0.003192695 -0.452618510 -0.002305551 -0.003189650 0.999992311 12.244710922
0.999995530 -0.000714499 0.002872866 0.222222120 0.000705317 0.999994636 0.003195980 -0.467873693 -0.002875134 -0.003193940 0.999990821 12.634349823
0.999996424 -0.000846014 0.002510203 0.244747669 0.000837647 0.999994040 0.003332411 -0.472546726 -0.002513007 -0.003330298 0.999991238 13.013233185
0.999996006 -0.001059795 0.002621236 0.260041416 0.001050141 0.999992609 0.003681621 -0.487651080 -0.002625118 -0.003678854 0.999989748 13.403776169
0.999992847 0.000507880 0.003751466 0.263141692 -0.000521291 0.999993503 0.003574744 -0.493577033 -0.003749625 -0.003576674 0.999986649 13.819603920
0.999995410 -0.001274269 0.002757396 0.301393926 0.001263275 0.999991179 0.003985103 -0.544185042 -0.002762450 -0.003981602 0.999988198 14.205959320
0.999995530 -0.001682970 0.002478885 0.316134423 0.001672603 0.999989808 0.004178441 -0.562239707 -0.002485893 -0.004174276 0.999988139 14.620917320
0.999992669 -0.001406411 0.003567770 0.320676565 0.001390040 0.999988556 0.004586912 -0.567688227 -0.003574180 -0.004581918 0.999983072 15.075188637
0.999991536 -0.001969340 0.003617886 0.336425722 0.001952111 0.999986708 0.004759537 -0.578516185 -0.003627211 -0.004752434 0.999982059 15.533288956
0.999991655 -0.001632668 0.003760576 0.374500185 0.001614528 0.999987066 0.004821633 -0.595598996 -0.003768400 -0.004815521 0.999981284 15.971693993
0.999990046 -0.001930860 0.004028258 0.366804987 0.001909691 0.999984324 0.005252424 -0.646023333 -0.004038337 -0.005244678 0.999978065 16.372629166
0.999989271 -0.002648814 0.003802016 0.382899433 0.002630572 0.999984980 0.004795085 -0.652459741 -0.003814660 -0.004785031 0.999981284 16.824071884
0.999987602 -0.001209036 0.004833275 0.386021912 0.001182943 0.999984741 0.005397951 -0.662761867 -0.004839728 -0.005392166 0.999973774 17.300184250
0.999987423 -0.001869541 0.004649344 0.401214600 0.001845770 0.999985218 0.005111911 -0.670388222 -0.004658832 -0.005103265 0.999976039 17.753385544
0.999982476 -0.002056807 0.005551555 0.408579111 0.002024910 0.999981463 0.005745109 -0.687248230 -0.005563269 -0.005733767 0.999968052 18.224975586
0.999979973 -0.002549759 0.005785743 0.427412927 0.002519309 0.999982953 0.005264095 -0.694721222 -0.005799066 -0.005249415 0.999969363 18.695949554
0.999981463 -0.002152797 0.005698893 0.442270339 0.002115892 0.999976814 0.006473942 -0.744050682 -0.005712698 -0.006461764 0.999962807 19.175722122
0.999982655 -0.001657738 0.005658335 0.459165573 0.001624524 0.999981463 0.005869363 -0.751199067 -0.005667960 -0.005860068 0.999966800 19.653285980
0.999983370 -0.001321238 0.005608256 0.470803440 0.001286304 0.999979734 0.006228072 -0.756399393 -0.005616371 -0.006220755 0.999964893 20.128669739
0.999981344 -0.001329173 0.005964640 0.474284947 0.001289080 0.999976516 0.006720708 -0.780260026 -0.005973433 -0.006712893 0.999959648 20.643875122
0.999982238 -0.002915905 0.005185260 0.514711380 0.002877824 0.999968946 0.007336461 -0.818341851 -0.005206491 -0.007321409 0.999959588 21.128698349
0.999985695 -0.003309419 0.004191689 0.527403831 0.003279014 0.999968350 0.007239882 -0.825399160 -0.004215516 -0.007226034 0.999965012 21.622776031
0.999986112 -0.001883012 0.004922764 0.532782912 0.001844625 0.999967933 0.007790778 -0.847603619 -0.004937278 -0.007781590 0.999957502 22.157878876
0.999986231 -0.002941025 0.004326912 0.551438868 0.002905936 0.999963045 0.008093379 -0.855429292 -0.004350555 -0.008080695 0.999957860 22.646085739
0.999991238 -0.002817963 0.003078031 0.573078156 0.002795140 0.999968767 0.007394000 -0.870096445 -0.003098771 -0.007385332 0.999967873 23.162614822
0.999991894 -0.002999854 0.002665384 0.581578732 0.002978214 0.999962866 0.008086243 -0.896669865 -0.002689542 -0.008078239 0.999963701 23.700853348
0.999991596 -0.003598954 0.001963924 0.594504237 0.003584695 0.999967515 0.007216359 -0.898589373 -0.001989832 -0.007209257 0.999971986 24.214715958
0.999995053 -0.002719671 0.001596620 0.604523659 0.002707133 0.999965906 0.007803285 -0.911823332 -0.001617788 -0.007798924 0.999968290 24.751800537
0.999996543 -0.002557094 0.000580986 0.625438690 0.002552675 0.999968767 0.007483278 -0.921512127 -0.000600104 -0.007481770 0.999971807 25.286195755
0.999996126 -0.002721143 0.000559301 0.621921480 0.002716894 0.999968410 0.007461993 -0.929373741 -0.000579588 -0.007460446 0.999971926 25.848154068
0.999992847 -0.003803400 0.000133901 0.635134578 0.003802304 0.999965310 0.007411431 -0.941236854 -0.000162085 -0.007410868 0.999972463 26.393327713
0.999993980 -0.003477885 -0.000358597 0.650064886 0.003480735 0.999959707 0.008275026 -0.953813195 0.000329803 -0.008276224 0.999965668 26.961109161
0.999993622 -0.003521018 -0.000559032 0.659213901 0.003525550 0.999959111 0.008325044 -0.968850613 0.000529696 -0.008326963 0.999965131 27.504632950
0.999997795 -0.001998284 -0.000545380 0.665797472 0.002002642 0.999965072 0.008110693 -0.988184810 0.000529154 -0.008111768 0.999966919 28.043701172
0.999996781 -0.002339726 -0.000907480 0.666932344 0.002347069 0.999963820 0.008176503 -0.987737656 0.000888317 -0.008178608 0.999966145 28.625938416
0.999997020 -0.002271553 -0.000919502 0.681878269 0.002279202 0.999962032 0.008404637 -1.009509325 0.000900376 -0.008406707 0.999964178 29.127815247
0.999996066 -0.002526405 -0.001211550 0.695603430 0.002536292 0.999962926 0.008229865 -1.022858500 0.001190713 -0.008232905 0.999965310 29.674186707
0.999996483 -0.001981641 -0.001729383 0.703338802 0.001996040 0.999962986 0.008364562 -1.031805754 0.001712743 -0.008367985 0.999963462 30.235904694
0.999995351 -0.002212764 -0.002090173 0.716927350 0.002230300 0.999961913 0.008425095 -1.041859865 0.002071451 -0.008429718 0.999962270 30.792751312
0.999996424 -0.001986799 -0.001758689 0.717687130 0.002001982 0.999960363 0.008674136 -1.060864210 0.001741386 -0.008677628 0.999960780 31.336214066
0.999997079 -0.001371387 -0.002042547 0.730449319 0.001389155 0.999961019 0.008723252 -1.077700973 0.002030504 -0.008726064 0.999959826 31.881780624
0.999993026 -0.002565662 -0.002706653 0.765691936 0.002590269 0.999954998 0.009127299 -1.096726418 0.002683112 -0.009134247 0.999954700 32.424518585
0.999995768 -0.001821848 -0.002254687 0.761659026 0.001840976 0.999962091 0.008510805 -1.092491150 0.002239096 -0.008514919 0.999961197 32.961627960
0.999997377 -0.001564985 -0.001671950 0.751145780 0.001579206 0.999962270 0.008538933 -1.107390523 0.001658523 -0.008541550 0.999962151 33.511020660
0.999998748 -0.000546304 -0.001454969 0.760313213 0.000558781 0.999962926 0.008589250 -1.122923017 0.001450222 -0.008590052 0.999962032 34.050598145
0.999991655 -0.002358340 -0.003340202 0.794625401 0.002390822 0.999949574 0.009754469 -1.149287701 0.003317029 -0.009762375 0.999946833 34.619556427
0.999988675 -0.002682288 -0.003933833 0.815151632 0.002720004 0.999950171 0.009613956 -1.157081723 0.003907850 -0.009624548 0.999946058 35.154682159
0.999994278 -0.001502062 -0.003052141 0.801696897 0.001529476 0.999958396 0.008999697 -1.158388972 0.003038495 -0.009004314 0.999954820 35.709362030
0.999993205 -0.001699919 -0.003279259 0.814240158 0.001732414 0.999949217 0.009932068 -1.196647525 0.003262208 -0.009937682 0.999945283 36.214614868
0.999992728 -0.001965583 -0.003265927 0.825762868 0.001996968 0.999951601 0.009634721 -1.206262827 0.003246830 -0.009641171 0.999948263 36.783382416
0.999993980 -0.000936734 -0.003312077 0.825811863 0.000967341 0.999956787 0.009251463 -1.216539621 0.003303267 -0.009254613 0.999951720 37.328895569
0.999991953 -0.001249482 -0.003823141 0.844250381 0.001283987 0.999958396 0.009036299 -1.217867255 0.003811691 -0.009041133 0.999951839 37.873584747
0.999991596 -0.001596132 -0.003772623 0.864022076 0.001631326 0.999954998 0.009344093 -1.240910769 0.003757539 -0.009350169 0.999949157 38.449241638
0.999992073 -0.001953017 -0.003444675 0.837583363 0.001986516 0.999950528 0.009748488 -1.251230478 0.003425465 -0.009755255 0.999946535 38.912113190
0.999989569 -0.002332390 -0.003944077 0.876401544 0.002374668 0.999939501 0.010748864 -1.269603491 0.003918768 -0.010758118 0.999934435 39.506523132
0.999979794 -0.004822134 -0.004139707 0.875787854 0.004875684 0.999903381 0.013024787 -1.360669851 0.004076500 -0.013044710 0.999906600 39.997829437
0.999978006 -0.005204429 -0.004103383 0.884928703 0.005255672 0.999907076 0.012577614 -1.367556810 0.004037543 -0.012598901 0.999912500 40.544620514
0.999980032 -0.004691832 -0.004242229 0.900261641 0.004746665 0.999904096 0.013009089 -1.381111145 0.004180786 -0.013028964 0.999906361 41.081596375
0.999978840 -0.004792120 -0.004406834 0.918828547 0.004850120 0.999900460 0.013246146 -1.396219015 0.004342919 -0.013267241 0.999902487 41.664661407
0.999985099 -0.003943096 -0.003780896 0.913835406 0.003991063 0.999910474 0.012764030 -1.393214583 0.003730229 -0.012778929 0.999911368 42.224216461
0.999985158 -0.003672112 -0.004029038 0.937570333 0.003724083 0.999908924 0.012968455 -1.402427912 0.003981050 -0.012983269 0.999907732 42.729846954
0.999989271 -0.002826381 -0.003680752 0.949511170 0.002870936 0.999921978 0.012156495 -1.397918940 0.003646106 -0.012166932 0.999919295 43.287948608
0.999987543 -0.003299186 -0.003744850 0.949977636 0.003346908 0.999912381 0.012809342 -1.421925426 0.003702260 -0.012821714 0.999910891 43.827602386
0.999988377 -0.003335975 -0.003488054 0.953977048 0.003381016 0.999909937 0.012987775 -1.434056520 0.003444414 -0.012999415 0.999909580 44.354373932
0.999989092 -0.003201376 -0.003400704 0.967926562 0.003243843 0.999915838 0.012556220 -1.436267138 0.003360220 -0.012567114 0.999915361 44.910095215
0.999989092 -0.003516183 -0.003070164 0.978074908 0.003554739 0.999913752 0.012644431 -1.448599100 0.003025439 -0.012655208 0.999915361 45.452350616
0.999990046 -0.003281456 -0.003026495 0.977201819 0.003319769 0.999913216 0.012742106 -1.456845880 0.002984420 -0.012752025 0.999914289 45.989547729
0.999990582 -0.003238885 -0.002925109 1.000692606 0.003275265 0.999916255 0.012518849 -1.466179371 0.002884317 -0.012528313 0.999917269 46.533363342
0.999992609 -0.002444090 -0.002957332 1.026837349 0.002482154 0.999913216 0.012936528 -1.493398786 0.002925458 -0.012943774 0.999911904 47.062461853
0.999989510 -0.002910857 -0.003536405 1.035323143 0.002954704 0.999918044 0.012457447 -1.486876845 0.003499853 -0.012467765 0.999916136 47.647697449
0.999990463 -0.003409896 -0.002739584 1.024280190 0.003445069 0.999910295 0.012938171 -1.503914714 0.002695219 -0.012947487 0.999912560 48.163074493
0.999987960 -0.003736232 -0.003192874 1.046696305 0.003777109 0.999909699 0.012893735 -1.514856577 0.003144412 -0.012905640 0.999911785 48.705863953
0.999984205 -0.004510791 -0.003376976 1.054735184 0.004556953 0.999894500 0.013788820 -1.531787634 0.003314421 -0.013803990 0.999899268 49.246807098
0.999990225 -0.003395963 -0.002834275 1.063426971 0.003432566 0.999909461 0.013010914 -1.533643961 0.002789835 -0.013020515 0.999911308 49.798931122
0.999990165 -0.003142967 -0.003106177 1.070746303 0.003182883 0.999911368 0.012930172 -1.539387584 0.003065263 -0.012939935 0.999911547 50.345874786
0.999992192 -0.003216364 -0.002298989 1.068376780 0.003247668 0.999900281 0.013745206 -1.556558847 0.002254551 -0.013752565 0.999902904 50.879177094
0.999993443 -0.002892019 -0.002175311 1.071521759 0.002921318 0.999903500 0.013588559 -1.568160295 0.002135803 -0.013594828 0.999905229 51.407215118
0.999991596 -0.003130462 -0.002636687 1.076790333 0.003165049 0.999907553 0.013217035 -1.571955204 0.002595068 -0.013225270 0.999909103 51.949340820
0.999992847 -0.003016304 -0.002295323 1.079649329 0.003046234 0.999908864 0.013149835 -1.583027840 0.002255450 -0.013156733 0.999910891 52.487438202
0.999992609 -0.003183385 -0.002168225 1.080035925 0.003212583 0.999902368 0.013598661 -1.598976374 0.002124723 -0.013605526 0.999905169 53.013412476
0.999993742 -0.003088831 -0.001703718 1.116185427 0.003112446 0.999896646 0.014037003 -1.619715691 0.001660184 -0.014042216 0.999900043 53.565273285
0.999995053 -0.002474540 -0.001999552 1.141595364 0.002502377 0.999898314 0.014041087 -1.620990992 0.001964604 -0.014046019 0.999899447 54.122711182
0.999996483 -0.002263645 -0.001387407 1.110631466 0.002284436 0.999882281 0.015172032 -1.651564598 0.001352899 -0.015175145 0.999884009 54.599048615
0.999992788 -0.003107513 -0.002188641 1.174136996 0.003138362 0.999893725 0.014235483 -1.645123482 0.002144171 -0.014242249 0.999896288 55.188999176
0.999996483 -0.002421088 -0.001069849 1.128496766 0.002436688 0.999887049 0.014828925 -1.673198581 0.001033825 -0.014831482 0.999889493 55.682682037
0.999995172 -0.002813244 -0.001289592 1.128674030 0.002831697 0.999890268 0.014537942 -1.681085825 0.001248551 -0.014541524 0.999893486 56.218620300
0.999996185 -0.002675095 -0.000669931 1.132045627 0.002684676 0.999887824 0.014732725 -1.696112871 0.000630444 -0.014734467 0.999891281 56.763462067
0.999996483 -0.002429932 -0.001054320 1.169553995 0.002445394 0.999885678 0.014920192 -1.699059248 0.001017944 -0.014922717 0.999888182 57.336826324
0.999994576 -0.003151555 -0.000931228 1.179016709 0.003165405 0.999878585 0.015265556 -1.723175049 0.000883006 -0.015268421 0.999883056 57.793228149
0.999995112 -0.003093780 -0.000451336 1.185681343 0.003100419 0.999874532 0.015537330 -1.737379909 0.000403210 -0.015538654 0.999879181 58.321846008
0.999994934 -0.003072908 -0.000810685 1.207254410 0.003084901 0.999879241 0.015230929 -1.733814955 0.000763783 -0.015233353 0.999883652 58.848926544
0.999996543 -0.002587019 -0.000466259 1.214922667 0.002593665 0.999886096 0.014866818 -1.741823435 0.000427745 -0.014867974 0.999889314 59.387851715
0.999994278 -0.003283994 -0.000801121 1.233628631 0.003295878 0.999877274 0.015312969 -1.751899958 0.000750735 -0.015315521 0.999882400 59.928474426
0.999993920 -0.003354657 -0.000954294 1.243981957 0.003368960 0.999875665 0.015403600 -1.756285429 0.000902502 -0.015406721 0.999880910 60.444824219
0.999994278 -0.003299823 -0.000790271 1.258588076 0.003311245 0.999883235 0.014915809 -1.766242266 0.000740959 -0.014918339 0.999888420 60.993389130
0.999994338 -0.003283660 -0.000758768 1.276753902 0.003294482 0.999886036 0.014730322 -1.775477409 0.000710312 -0.014732739 0.999891222 61.535194397
0.999993622 -0.003250590 -0.001422124 1.321892262 0.003271475 0.999883056 0.014938357 -1.807823658 0.001373400 -0.014942915 0.999887407 62.067703247
0.999992907 -0.003774582 -0.000483312 1.305448294 0.003781588 0.999873877 0.015423968 -1.814436197 0.000425032 -0.015425683 0.999880910 62.534324646
0.999995291 -0.003095387 -0.000140300 1.303673983 0.003097217 0.999870479 0.015791861 -1.823071003 0.000091400 -0.015792221 0.999875307 63.069911957
0.999995530 -0.002999648 0.000128483 1.310263395 0.002997280 0.999873936 0.015593280 -1.831989884 -0.000175240 -0.015592826 0.999878407 63.616386414
0.999993742 -0.003539898 -0.000153978 1.320184708 0.003541907 0.999866009 0.015979066 -1.849425554 0.000097394 -0.015979515 0.999872267 64.116989136
0.999991953 -0.003990684 -0.000349131 1.317665815 0.003995655 0.999869823 0.015635496 -1.853366494 0.000286688 -0.015636770 0.999877691 64.660476685
0.999994040 -0.003448551 -0.000136548 1.342795730 0.003450231 0.999877930 0.015238664 -1.855334520 0.000083981 -0.015239043 0.999883950 65.210197449
0.999993622 -0.003593554 0.000062466 1.369929671 0.003592199 0.999879301 0.015117645 -1.857969999 -0.000116785 -0.015117325 0.999885738 65.778923035
0.999992251 -0.003918913 -0.000299574 1.391228914 0.003923142 0.999868512 0.015740436 -1.854036570 0.000237849 -0.015741492 0.999876082 66.177757263
0.999993265 -0.003677023 -0.000106844 1.399427533 0.003678225 0.999876916 0.015248070 -1.858578444 0.000050763 -0.015248361 0.999883711 66.726493835
0.999995291 -0.003046222 -0.000162584 1.410024524 0.003048389 0.999873519 0.015605292 -1.872442126 0.000115026 -0.015605716 0.999878168 67.276077271
0.999994576 -0.003250841 -0.000528014 1.449677944 0.003258634 0.999874532 0.015499011 -1.865687132 0.000477564 -0.015500650 0.999879777 67.713386536
0.999995708 -0.002694612 0.001102153 1.431533217 0.002676869 0.999871671 0.015794784 -1.914906502 -0.001144572 -0.015791763 0.999874651 68.232994080
0.999995947 -0.002529118 0.001237058 1.436997890 0.002508976 0.999868453 0.016021334 -1.922447681 -0.001277415 -0.016018163 0.999870837 68.772697449
0.999996603 -0.002047921 0.001614093 1.460454226 0.002021883 0.999870360 0.015971323 -1.942042112 -0.001646592 -0.015968004 0.999871135 69.252403259
0.999996066 -0.002534896 0.001191431 1.454730868 0.002515737 0.999871671 0.015815884 -1.928767920 -0.001231370 -0.015812824 0.999874175 69.793029785
0.999995172 -0.002744548 0.001424455 1.461862087 0.002722348 0.999878168 0.015360136 -1.931549907 -0.001466438 -0.015356186 0.999880970 70.347152710
0.999996901 -0.001561586 0.001931882 1.487620592 0.001531048 0.999875426 0.015709149 -1.961199284 -0.001956173 -0.015706141 0.999874711 70.840141296
0.999998391 -0.000718161 0.001618316 1.527279615 0.000692065 0.999870658 0.016068622 -1.984320045 -0.001629649 -0.016067477 0.999869525 71.361526489
0.999993801 -0.003380276 0.000941634 1.528532028 0.003365092 0.999871254 0.015684910 -1.970263839 -0.000994531 -0.015681643 0.999876559 71.859901428
0.999996066 -0.002323810 0.001570771 1.532953143 0.002299590 0.999881089 0.015249855 -1.978589296 -0.001606022 -0.015246183 0.999882519 72.412681580
0.999995768 -0.002632217 0.001217178 1.548234463 0.002613151 0.999877870 0.015409511 -1.987063766 -0.001257592 -0.015406266 0.999880493 72.919006348
0.999995887 -0.002690113 0.000987949 1.563574910 0.002674692 0.999879479 0.015291853 -1.996812820 -0.001028967 -0.015289148 0.999882579 73.457321167
0.999992967 -0.003505582 0.001349768 1.577090859 0.003483893 0.999869823 0.015748996 -2.014241219 -0.001404803 -0.015744183 0.999875009 73.936424255
0.999994457 -0.002695705 0.001953394 1.585154772 0.002666015 0.999883115 0.015045365 -2.016675949 -0.001993724 -0.015040074 0.999884844 74.494018555
0.999993861 -0.003220130 0.001399144 1.589555502 0.003198543 0.999879777 0.015166807 -2.022311687 -0.001447815 -0.015162241 0.999883950 74.978858948
0.999994278 -0.003007577 0.001584543 1.606792331 0.002983664 0.999884665 0.014883307 -2.025393963 -0.001629123 -0.014878495 0.999887943 75.523391724
0.999994218 -0.002872239 0.001823216 1.606840372 0.002845007 0.999886930 0.014766681 -2.039477825 -0.001865423 -0.014761410 0.999889255 76.020675659
0.999995470 -0.002426686 0.001771664 1.625551820 0.002399910 0.999885142 0.014962401 -2.050701857 -0.001807769 -0.014958083 0.999886453 76.556205750
0.999994993 -0.002314318 0.002147163 1.619687319 0.002282161 0.999886990 0.014859595 -2.054503441 -0.002181310 -0.014854622 0.999887228 77.121788025
0.999991775 -0.003052672 0.002665350 1.625161052 0.003012345 0.999882877 0.015005406 -2.060437679 -0.002710844 -0.014997255 0.999883831 77.575355530
0.999990642 -0.003554273 0.002445187 1.639212608 0.003517925 0.999885559 0.014712155 -2.061756372 -0.002497197 -0.014703413 0.999888778 78.117538452
0.999994397 -0.002083576 0.002610720 1.652315259 0.002044210 0.999885499 0.014991675 -2.075372219 -0.002641658 -0.014986253 0.999884129 78.608848572
0.999992847 -0.002686203 0.002650253 1.669005752 0.002647754 0.999892712 0.014405953 -2.077864170 -0.002688666 -0.014398835 0.999892652 79.158561707
0.999987662 -0.003467983 0.003552445 1.696144342 0.003413908 0.999879837 0.015116386 -2.102114677 -0.003604442 -0.015104072 0.999879360 79.675941467
0.999980509 -0.003259992 0.005337060 1.698685646 0.003181144 0.999886632 0.014716133 -2.109184265 -0.005384430 -0.014698867 0.999877393 80.232467651
0.999976218 -0.003014659 0.006197252 1.710914135 0.002921979 0.999884546 0.014910144 -2.143419743 -0.006241485 -0.014891681 0.999869704 80.764816284
0.999963105 -0.001912990 0.008374401 1.702030063 0.001784836 0.999881625 0.015283901 -2.131309509 -0.008402648 -0.015268391 0.999848127 81.271697998
0.999933660 -0.002797150 0.011171484 1.726632953 0.002633128 0.999888957 0.014669989 -2.136277199 -0.011211278 -0.014639600 0.999829948 81.827507019
0.999890506 -0.001434347 0.014726474 1.747033119 0.001210633 0.999883890 0.015188904 -2.153968334 -0.014746552 -0.015169416 0.999776185 82.381446838
0.999834120 -0.002099773 0.018090850 1.759606600 0.001835361 0.999891460 0.014620005 -2.144213676 -0.018119587 -0.014584378 0.999729395 82.884483337
0.999752522 -0.002603157 0.022093512 1.801191926 0.002277060 0.999888301 0.014772178 -2.162710667 -0.022129498 -0.014718212 0.999646783 83.422248840
0.999605119 -0.001394484 0.028060481 1.821226358 0.000995822 0.999898434 0.014216213 -2.149265528 -0.028077457 -0.014182652 0.999505162 83.977775574
0.999444246 -0.002566921 0.033231877 1.883794069 0.002119405 0.999906659 0.013494696 -2.133935928 -0.033263415 -0.013416768 0.999356568 84.504730225
0.999151409 -0.002940233 0.041083455 1.848223448 0.002346567 0.999892235 0.014490995 -2.182802916 -0.041121639 -0.014382291 0.999050617 84.961372375
0.998804748 -0.002969699 0.048787493 1.914723873 0.002264898 0.999892354 0.014495285 -2.190920830 -0.048825290 -0.014367462 0.998703957 85.509536743
0.998313785 -0.003081297 0.057965048 1.953826189 0.002216118 0.999885261 0.014984229 -2.215806007 -0.058004569 -0.014830506 0.998206139 86.009956360
0.997916043 -0.003639418 0.064423509 2.017030954 0.002729352 0.999895275 0.014208676 -2.202785492 -0.064468481 -0.014003231 0.997821450 86.595275879
0.997330010 -0.003538105 0.072940648 2.058385849 0.002475539 0.999889553 0.014652799 -2.227408171 -0.072984435 -0.014433108 0.997228622 87.090194702
0.996514380 -0.002463477 0.083384752 2.119507313 0.001230501 0.999889135 0.014834755 -2.237135887 -0.083412044 -0.014680441 0.996407092 87.628196716
0.995746434 -0.003584967 0.092065766 2.167201042 0.002272119 0.999894321 0.014360759 -2.238995314 -0.092107505 -0.014090491 0.995649397 88.148719788
0.995018065 -0.006543419 0.099479958 2.244714737 0.005185615 0.999889851 0.013901478 -2.230057716 -0.099559963 -0.013316357 0.994942367 88.692420959
0.993903935 -0.005640824 0.110105425 2.331486702 0.004135757 0.999894857 0.013892927 -2.239639282 -0.110172212 -0.013352864 0.993822753 89.224571228
0.992700279 -0.006068766 0.120454811 2.415355682 0.004419925 0.999892831 0.013950919 -2.249078751 -0.120526582 -0.013316679 0.992620766 89.766242981
0.991581202 -0.008980382 0.129174441 2.524095535 0.007210708 0.999873698 0.014161051 -2.297035694 -0.129285306 -0.013110394 0.991520703 90.239547729
0.990066111 -0.009147671 0.140304491 2.622344017 0.007234453 0.999873757 0.014140177 -2.291462898 -0.140416116 -0.012984682 0.990007460 90.796142578
0.988269150 -0.008485097 0.152486488 2.716650009 0.006322570 0.999872506 0.014661071 -2.314877033 -0.152591452 -0.013524974 0.988196790 91.315254211
0.986516237 -0.008985186 0.163417041 2.830621719 0.006773632 0.999877810 0.014085386 -2.320787907 -0.163523659 -0.012788534 0.986456513 91.862983704
0.984900415 -0.010279754 0.172816098 2.944029808 0.007904946 0.999864638 0.014424456 -2.323259354 -0.172940969 -0.012840550 0.984848499 92.381202698
0.982755065 -0.011262404 0.184568837 3.077947617 0.008757655 0.999858141 0.014380429 -2.329956532 -0.184704632 -0.012516048 0.982714355 92.915473938
0.980114341 -0.007472239 0.198292851 3.189254761 0.004607274 0.999878228 0.014905601 -2.351339817 -0.198380113 -0.013695604 0.980029404 93.409324646
0.977955163 -0.008688778 0.208633959 3.332010269 0.005810172 0.999879241 0.014406293 -2.351654053 -0.208733931 -0.012876509 0.977887690 93.942672729
0.975015461 -0.010509673 0.221887991 3.456830978 0.007463143 0.999866009 0.014564037 -2.347688913 -0.222011358 -0.012544184 0.974963367 94.484046936
0.971817136 -0.010386040 0.235507041 3.612621307 0.007063329 0.999863267 0.014947988 -2.352825403 -0.235630125 -0.012863250 0.971757650 95.006713867
0.968918860 -0.010637166 0.247149780 3.762937546 0.007200607 0.999864459 0.014804464 -2.363978386 -0.247273758 -0.012564693 0.968864202 95.531333923
0.965900004 -0.011495112 0.258660167 3.945997238 0.007950981 0.999859691 0.014743851 -2.382046938 -0.258793354 -0.012184481 0.965855956 96.016975403
0.961960614 -0.010441156 0.272989035 4.126184464 0.006524064 0.999862373 0.015252730 -2.400690317 -0.273110747 -0.012891524 0.961896241 96.514968872
0.958023429 -0.009906781 0.286518693 4.269844055 0.005828988 0.999869287 0.015081662 -2.392564774 -0.286630660 -0.012778475 0.957955956 97.065124512
0.954738438 -0.010474809 0.297262073 4.469726562 0.006151699 0.999861240 0.015474879 -2.405420780 -0.297382921 -0.012945795 0.954670548 97.583740234
0.950154305 -0.010578121 0.311600566 4.659803391 0.006150454 0.999865651 0.015188747 -2.402446747 -0.311719418 -0.012515166 0.950091898 98.148727417
0.945841968 -0.011224204 0.324433178 4.865238190 0.006411360 0.999852955 0.015899796 -2.409684181 -0.324563920 -0.012958637 0.945774972 98.608909607
0.942043960 -0.011349466 0.335297555 5.077844620 0.006544990 0.999859095 0.015455525 -2.408849239 -0.335425764 -0.012365268 0.941985488 99.143058777
0.937518656 -0.012138586 0.347723067 5.284683228 0.007075706 0.999849737 0.015826257 -2.419174433 -0.347862899 -0.012377029 0.937463760 99.623275757
0.932313085 -0.012558741 0.361434162 5.512273788 0.007256209 0.999845266 0.016024332 -2.436969519 -0.361579478 -0.012317052 0.932259917 100.138137817
0.927143455 -0.012573453 0.374495387 5.709606171 0.006962453 0.999842405 0.016332041 -2.437798023 -0.374641776 -0.012534743 0.927084863 100.611335754
0.922026396 -0.011547701 0.386954635 5.930953979 0.005603310 0.999848485 0.016486555 -2.448573589 -0.387086332 -0.013032813 0.921951354 101.106521606
0.916045606 -0.012971506 0.400864303 6.146423340 0.006930941 0.999839604 0.016515234 -2.445698261 -0.401014239 -0.012350339 0.915988684 101.601821899
0.910408139 -0.013495228 0.413491011 6.401981354 0.007316431 0.999836683 0.016522937 -2.453027725 -0.413646489 -0.012017338 0.910358310 102.091026306
0.905124485 -0.013323390 0.424937785 6.648696899 0.006971326 0.999839604 0.016499672 -2.451797485 -0.425089478 -0.011971880 0.905072093 102.592636108
0.899842560 -0.014612235 0.435969919 6.904693604 0.008038363 0.999824524 0.016919537 -2.469030142 -0.436140627 -0.011720435 0.899802148 103.045623779
0.892979205 -0.013850882 0.449884713 7.170978546 0.006937665 0.999831200 0.017011812 -2.477394581 -0.450044364 -0.012070045 0.892924547 103.534744263
0.886822462 -0.014632794 0.461878508 7.430191040 0.007614834 0.999825537 0.017054778 -2.485415936 -0.462047547 -0.011607432 0.886779189 103.987014771
0.880685925 -0.014886413 0.473466545 7.702732086 0.007553713 0.999820292 0.017385153 -2.490385532 -0.473640293 -0.011734431 0.880640209 104.468933105
0.873386741 -0.014959303 0.486797541 7.952377319 0.007485549 0.999822438 0.017294392 -2.495366096 -0.486969858 -0.011460742 0.873343587 104.878440857
