1.000000000 0.000000000 0.000000000 0.000000000 0.000000000 1.000000000 0.000000000 0.000000000 0.000000000 0.000000000 1.000000000 0.000000000
1.000000000 0.000061234 -0.000050279 0.000097910 -0.000061239 1.000000000 -0.000101365 0.000441330 0.000050273 0.000101368 1.000000000 -0.000826224
1.000000000 0.000115517 -0.000023701 0.000468371 -0.000115516 1.000000000 0.000040377 -0.000394129 0.000023706 -0.000040374 1.000000000 -0.001301066
1.000000000 0.000064178 -0.000061660 0.000521073 -0.000064175 1.000000000 0.000054288 -0.000265407 0.000061664 -0.000054284 1.000000000 -0.002292672
1.000000000 0.000033907 -0.000024722 0.000329878 -0.000033909 1.000000000 -0.000077810 0.000830671 0.000024719 0.000077811 1.000000000 0.000991362
1.000000000 0.000064798 -0.000044725 0.001223548 -0.000064800 1.000000000 -0.000044261 -0.000002216 0.000044722 0.000044264 1.000000000 -0.000322735
1.000000000 0.000112115 0.000015995 0.000643847 -0.000112113 1.000000000 -0.000120846 0.000538467 -0.000016009 0.000120844 1.000000000 -0.000998682
1.000000000 -0.000069032 0.000019688 0.000744918 0.000069033 1.000000000 -0.000029983 0.000227989 -0.000019686 0.000029984 1.000000000 -0.000657847
1.000000000 -0.000128271 -0.000001786 0.000795626 0.000128271 1.000000000 -0.000152348 0.001799827 0.000001806 0.000152348 1.000000000 0.001400876
1.000000000 0.000064029 -0.000053044 0.001388926 -0.000064027 1.000000000 0.000043573 -0.000162450 0.000053047 -0.000043570 1.000000000 -0.000044820
1.000000000 -0.000019192 -0.000049945 0.001760136 0.000019188 1.000000000 -0.000071056 0.000779799 0.000049946 0.000071055 1.000000000 -0.000363893
1.000000000 -0.000001170 -0.000028998 0.000171565 0.000001170 1.000000000 -0.000006470 0.000266059 0.000028998 0.000006470 1.000000000 0.000243113
1.000000000 -0.000116189 -0.000117978 0.001741831 0.000116205 1.000000000 0.000135514 -0.000817916 0.000117962 -0.000135528 1.000000000 -0.000509253
1.000000000 -0.000119188 -0.000113612 0.001700504 0.000119199 1.000000000 0.000097249 -0.000762959 0.000113601 -0.000097262 1.000000000 -0.000746698
0.999999940 -0.000231688 -0.000106319 0.000853392 0.000231696 0.999999940 0.000078441 -0.000766137 0.000106301 -0.000078465 1.000000000 -0.000733472
1.000000000 0.000175181 0.000110066 0.000423832 -0.000175186 1.000000000 0.000042344 0.000406743 -0.000110059 -0.000042364 1.000000000 0.000931676
1.000000000 0.000037576 -0.000066169 0.000711565 -0.000037578 1.000000000 -0.000028147 0.000800057 0.000066168 0.000028149 1.000000000 0.001228537
1.000000000 0.000005761 -0.000032953 0.000918592 -0.000005764 1.000000000 -0.000096404 0.001090668 0.000032952 0.000096404 1.000000000 0.000390093
1.000000000 0.000033419 0.000139015 -0.000361381 -0.000033418 1.000000000 -0.000007414 0.000379073 -0.000139015 0.000007409 1.000000000 0.000707897
1.000000000 0.000081623 0.000142244 -0.000645074 -0.000081599 1.000000000 -0.000172355 0.001619458 -0.000142258 0.000172344 1.000000000 0.001403647
1.000000000 -0.000115236 -0.000078714 0.001020888 0.000115236 1.000000000 0.000007773 0.000198442 0.000078713 -0.000007782 1.000000000 0.000439566
0.999999940 -0.000365758 0.000011614 0.002230391 0.000365757 0.999999940 0.000052327 -0.000518208 -0.000011634 -0.000052322 1.000000000 -0.000447260
1.000000000 -0.000078550 0.000112854 0.000192061 0.000078548 1.000000000 0.000017252 0.000731580 -0.000112855 -0.000017244 1.000000000 -0.000571108
1.000000000 -0.000027052 -0.000101226 0.002130524 0.000027058 1.000000000 0.000059822 -0.000470946 0.000101225 -0.000059825 1.000000000 -0.002487233
1.000000000 0.000156730 -0.000012390 0.000931934 -0.000156730 1.000000000 -0.000005905 0.000204960 0.000012390 0.000005907 1.000000000 -0.001304049
1.000000000 -0.000024331 -0.000104696 0.001458337 0.000024316 1.000000000 -0.000149119 0.000982327 0.000104700 0.000149117 1.000000000 -0.000991032
1.000000000 0.000134471 0.000063867 -0.000873838 -0.000134467 1.000000000 -0.000071118 0.000953530 -0.000063876 0.000071110 1.000000000 0.001169919
1.000000000 -0.000079235 0.000052159 -0.000677400 0.000079234 1.000000000 0.000015130 0.001381793 -0.000052160 -0.000015125 1.000000000 0.001838322
1.000000000 0.000089815 0.000042658 0.000276673 -0.000089813 1.000000000 -0.000047601 0.001620056 -0.000042662 0.000047597 1.000000000 0.001005962
1.000000000 0.000131536 0.000078549 0.000439492 -0.000131541 1.000000000 0.000066931 -0.000212934 -0.000078540 -0.000066942 1.000000000 -0.001698724
1.000000000 0.000174520 0.000087577 -0.000122740 -0.000174532 1.000000000 0.000142586 -0.000679536 -0.000087552 -0.000142601 1.000000000 -0.000887027
1.000000000 -0.000010290 0.000040703 0.001234335 0.000010291 1.000000000 -0.000013648 0.000303604 -0.000040703 0.000013648 1.000000000 -0.000613421
1.000000000 -0.000048787 0.000068290 0.000360131 0.000048787 1.000000000 0.000009229 0.000724065 -0.000068290 -0.000009225 1.000000000 0.000958207
1.000000000 0.000193863 0.000102186 0.000407894 -0.000193873 1.000000000 0.000090053 -0.000117650 -0.000102169 -0.000090073 1.000000000 -0.000287638
1.000000000 0.000197919 0.000033598 0.000331360 -0.000197917 1.000000000 -0.000062073 0.001381016 -0.000033610 0.000062067 1.000000000 -0.000815764
1.000000000 -0.000094359 0.000047765 -0.000376401 0.000094365 1.000000000 -0.000126439 0.002452492 -0.000047753 0.000126444 1.000000000 0.002775736
1.000000000 0.000063027 0.000050797 0.000358078 -0.000063033 1.000000000 0.000110824 -0.000033105 -0.000050790 -0.000110827 1.000000000 -0.000651937
1.000000000 -0.000062769 0.000000613 0.000702023 0.000062769 1.000000000 0.000082105 0.000437572 -0.000000618 -0.000082105 1.000000000 0.000127650
0.999999940 0.000094845 0.000269693 -0.000754331 -0.000094842 1.000000000 -0.000010541 0.000968515 -0.000269694 0.000010516 0.999999940 0.002365042
0.999999881 -0.000417859 0.000168867 0.001076174 0.000417973 0.999999702 -0.000674570 -0.001420824 -0.000168585 0.000674640 0.999999762 0.050822359
0.999999940 0.000098965 0.000224585 0.000154976 -0.000098701 0.999999285 -0.001172807 -0.006120911 -0.000224701 0.001172785 0.999999285 0.130852968
0.999999940 0.000327548 -0.000085817 0.005241294 -0.000327674 0.999998868 -0.001468322 -0.006317996 0.000085336 0.001468350 0.999998927 0.250846416
0.999999940 0.000323026 0.000078898 0.005669346 -0.000322942 0.999999404 -0.001065171 -0.014629907 -0.000079242 0.001065146 0.999999404 0.379787773
1.000000000 0.000138604 0.000092318 0.008522605 -0.000138502 0.999999404 -0.001108899 -0.016031582 -0.000092471 0.001108886 0.999999404 0.525302947
1.000000000 0.000235842 0.000057331 0.013294965 -0.000235763 0.999999046 -0.001368636 -0.019206120 -0.000057654 0.001368622 0.999999046 0.674510777
1.000000000 -0.000057881 0.000145310 0.018938292 0.000058051 0.999999285 -0.001170020 -0.023513239 -0.000145242 0.001170028 0.999999285 0.839305997
0.999999940 0.000200139 0.000311325 0.016730811 -0.000199827 0.999999464 -0.001004364 -0.025863649 -0.000311525 0.001004302 0.999999464 1.013881922
0.999999881 0.000187924 0.000427706 0.020087406 -0.000187672 0.999999821 -0.000587585 -0.035176881 -0.000427817 0.000587505 0.999999762 1.183460474
0.999999523 0.000725203 0.000642157 0.017556926 -0.000724744 0.999999464 -0.000715509 -0.038598619 -0.000642676 0.000715043 0.999999523 1.365378141
1.000000000 -0.000116208 0.000130232 0.035228487 0.000116257 0.999999940 -0.000372685 -0.051808409 -0.000130188 0.000372700 0.999999940 1.558938861
0.999999821 0.000522711 0.000314601 0.033545453 -0.000522527 0.999999702 -0.000583333 -0.048803631 -0.000314906 0.000583168 0.999999762 1.761544228
0.999999940 0.000088676 -0.000306405 0.044557013 -0.000088814 0.999999881 -0.000453085 -0.056101628 0.000306364 0.000453112 0.999999821 1.950660825
0.999999464 0.000571343 0.000873853 0.027770331 -0.000571003 0.999999762 -0.000389649 -0.059860263 -0.000874076 0.000389150 0.999999523 2.162358522
0.999998868 0.001083421 -0.001059568 0.069845289 -0.001082695 0.999999166 0.000685157 -0.093183488 0.001060310 -0.000684010 0.999999166 2.371962547
0.999998152 0.000719017 -0.001817515 0.084995553 -0.000717490 0.999999404 0.000840723 -0.100293204 0.001818119 -0.000839418 0.999997973 2.586760283
0.999998271 0.001626350 -0.000875148 0.078660294 -0.001625820 0.999998510 0.000606423 -0.104658976 0.000876133 -0.000604999 0.999999404 2.812654257
0.999998271 0.001343784 -0.001287442 0.090427078 -0.001342593 0.999998748 0.000925746 -0.113695577 0.001288684 -0.000924016 0.999998748 3.045184135
0.999998212 0.001399082 -0.001206368 0.089357011 -0.001398559 0.999998927 0.000434346 -0.112620674 0.001206974 -0.000432658 0.999999166 3.285197020
0.999998331 0.001376168 -0.001193642 0.095519558 -0.001375087 0.999998629 0.000906130 -0.126740426 0.001194887 -0.000904488 0.999998868 3.518126249
0.999998450 0.001125743 -0.001392517 0.100610524 -0.001125208 0.999999344 0.000384841 -0.127555549 0.001392949 -0.000383273 0.999998987 3.778928041
0.999998450 0.001101677 -0.001372657 0.108809449 -0.001100888 0.999999225 0.000575641 -0.135888010 0.001373290 -0.000574129 0.999998868 4.036355019
0.999998331 0.001258339 -0.001340350 0.110381357 -0.001257140 0.999998808 0.000894496 -0.144113749 0.001341474 -0.000892809 0.999998689 4.292326450
0.999998629 0.001214838 -0.001077371 0.109546140 -0.001214136 0.999998987 0.000652249 -0.150565371 0.001078162 -0.000650940 0.999999225 4.541326046
0.999998510 0.001444681 -0.000933855 0.115889281 -0.001443967 0.999998629 0.000764233 -0.157415435 0.000934958 -0.000762883 0.999999285 4.798687458
0.999998689 0.000993274 -0.001373855 0.126941562 -0.000991935 0.999999046 0.000975049 -0.167266294 0.001374823 -0.000973684 0.999998629 5.059074879
0.999998510 0.001017489 -0.001376587 0.131097153 -0.001016276 0.999999106 0.000881158 -0.173600122 0.001377483 -0.000879758 0.999998689 5.316781998
0.999998271 0.001536047 -0.000966158 0.132761568 -0.001535239 0.999998510 0.000836496 -0.180017591 0.000967441 -0.000835011 0.999999225 5.587605476
0.999998569 0.001269232 -0.001179736 0.140620500 -0.001267794 0.999998569 0.001218632 -0.190645650 0.001181281 -0.001217135 0.999998629 5.859104156
0.999998152 0.001240575 -0.001474695 0.146745622 -0.001238523 0.999998271 0.001391398 -0.199464247 0.001476419 -0.001389569 0.999997973 6.134966850
0.999998629 0.001245490 -0.001101860 0.149326190 -0.001244157 0.999998510 0.001209766 -0.211261496 0.001103365 -0.001208394 0.999998689 6.405958176
0.999999106 0.000865483 -0.000983112 0.153316155 -0.000864135 0.999998748 0.001371085 -0.219949663 0.000984298 -0.001370234 0.999998569 6.692585468
0.999998450 0.001478785 -0.000975254 0.158532277 -0.001477783 0.999998450 0.001026880 -0.226588771 0.000976771 -0.001025437 0.999999046 6.989730358
0.999998868 0.000785617 -0.001360163 0.168544307 -0.000783808 0.999998927 0.001330023 -0.238289878 0.001361206 -0.001328956 0.999998271 7.287817001
0.999998569 0.001076025 -0.001305458 0.174378455 -0.001074508 0.999998748 0.001161624 -0.246933445 0.001306706 -0.001160220 0.999998510 7.605928421
0.999998689 0.001418415 -0.000781046 0.169583112 -0.001417845 0.999998748 0.000729325 -0.249851048 0.000782079 -0.000728217 0.999999404 7.906625748
0.999998689 0.001363210 -0.000889923 0.177957281 -0.001362473 0.999998748 0.000828484 -0.257097661 0.000891051 -0.000827270 0.999999225 8.229793549
0.999998987 0.001365118 -0.000431806 0.179074228 -0.001364768 0.999998748 0.000808726 -0.268057525 0.000432909 -0.000808136 0.999999642 8.553528786
0.999999166 0.001345868 -0.000115525 0.181922898 -0.001345803 0.999998987 0.000568536 -0.271907061 0.000116290 -0.000568380 0.999999881 8.894579887
0.999998927 0.001191323 -0.000767163 0.195880935 -0.001190953 0.999999166 0.000482748 -0.281279355 0.000767737 -0.000481834 0.999999523 9.238642693
0.999997556 0.002200137 -0.000197411 0.192216873 -0.002199878 0.999996722 0.001304722 -0.309574366 0.000200281 -0.001304285 0.999999106 9.557797432
0.999997854 0.001928247 -0.000759595 0.205460727 -0.001927366 0.999997497 0.001158092 -0.318931311 0.000761826 -0.001156625 0.999999046 9.899166107
0.999997795 0.002011787 -0.000536212 0.209779114 -0.002011132 0.999997199 0.001218383 -0.329847872 0.000538661 -0.001217302 0.999999106 10.256645203
0.999997318 0.002261302 -0.000277343 0.214416280 -0.002260840 0.999996066 0.001655102 -0.343937963 0.000281084 -0.001654471 0.999998569 10.598724365
0.999997854 0.002048638 -0.000073068 0.220382899 -0.002048528 0.999996841 0.001475805 -0.350272775 0.000076091 -0.001475652 0.999998868 10.972933769
0.999997973 0.002019733 -0.000168947 0.230222166 -0.002019485 0.999996901 0.001457141 -0.362493962 0.000171889 -0.001456797 0.999998868 11.348218918
0.999998689 0.001649350 -0.000187360 0.239456668 -0.001649089 0.999997735 0.001383428 -0.369819343 0.000189642 -0.001383117 0.999998987 11.727560043
0.999997735 0.002136672 -0.000113168 0.245900065 -0.002136484 0.999996364 0.001636245 -0.384078294 0.000116664 -0.001636000 0.999998629 12.101881027
0.999997854 0.002031268 -0.000151331 0.256332844 -0.002030974 0.999996126 0.001910423 -0.398227364 0.000155211 -0.001910111 0.999998152 12.498894691
0.999998033 0.001956364 -0.000112562 0.260547251 -0.001956150 0.999996364 0.001868405 -0.405129313 0.000116217 -0.001868182 0.999998212 12.896931648
0.999996543 0.002613138 0.000145478 0.266039610 -0.002613406 0.999994814 0.001871725 -0.417264760 -0.000140587 -0.001872099 0.999998212 13.308990479
0.999997854 0.001973069 0.000721983 0.273513258 -0.001974350 0.999996483 0.001778064 -0.424789488 -0.000718472 -0.001779485 0.999998152 13.724077225
0.999997973 0.002024140 0.000377203 0.281574458 -0.002024876 0.999996006 0.001959338 -0.436410397 -0.000373236 -0.001960098 0.999998033 14.145060539
0.999997675 0.002028534 0.000770306 0.293178409 -0.002030234 0.999995530 0.002213145 -0.450329691 -0.000765813 -0.002214704 0.999997258 14.563488007
0.999997079 0.002264551 0.000832772 0.300236642 -0.002266500 0.999994576 0.002346415 -0.461600304 -0.000827454 -0.002348295 0.999996901 14.993468285
0.999997199 0.002201281 0.000849636 0.310048759 -0.002203377 0.999994516 0.002473812 -0.480594367 -0.000844186 -0.002475677 0.999996543 15.403552055
0.999996960 0.002020073 0.001401611 0.316115201 -0.002023257 0.999995470 0.002273675 -0.489884913 -0.001397012 -0.002276504 0.999996424 15.845882416
0.999996841 0.001991363 0.001549559 0.328489840 -0.001995262 0.999994814 0.002519232 -0.501515746 -0.001544534 -0.002522315 0.999995589 16.293481827
0.999995589 0.002295279 0.001896524 0.336698204 -0.002299525 0.999994874 0.002239668 -0.513032258 -0.001891373 -0.002244019 0.999995708 16.739515305
0.999994516 0.002426370 0.002242176 0.346539587 -0.002431769 0.999994099 0.002408304 -0.527678847 -0.002236319 -0.002413743 0.999994576 17.193128586
0.999993682 0.002494310 0.002528446 0.352449805 -0.002500582 0.999993801 0.002480497 -0.536706686 -0.002522243 -0.002486804 0.999993742 17.660505295
0.999992788 0.002395636 0.002924577 0.360763848 -0.002400915 0.999995410 0.001803131 -0.542126298 -0.002920243 -0.001810140 0.999994099 18.132112503
0.999993742 0.002240784 0.002730341 0.383950025 -0.002247647 0.999994338 0.002513408 -0.561009586 -0.002724693 -0.002519530 0.999993086 18.590848923
0.999992788 0.002639965 0.002726949 0.393776119 -0.002647009 0.999993205 0.002582482 -0.571665883 -0.002720113 -0.002589681 0.999992907 19.065151215
0.999991834 0.002331504 0.003277438 0.402147651 -0.002339194 0.999994516 0.002344422 -0.584427357 -0.003271954 -0.002352070 0.999991834 19.560934067
0.999993742 0.001893082 0.002963288 0.416472852 -0.001899386 0.999996006 0.002125877 -0.592305958 -0.002959251 -0.002131493 0.999993384 20.045108795
0.999992311 0.002378186 0.003089539 0.423552185 -0.002385913 0.999994040 0.002499894 -0.609100163 -0.003083575 -0.002507246 0.999992132 20.535467148
0.999992251 0.002446084 0.003085169 0.434635490 -0.002454313 0.999993443 0.002666308 -0.625957251 -0.003078626 -0.002673859 0.999991655 21.022596359
0.999993801 0.002475714 0.002499887 0.442610919 -0.002481635 0.999994099 0.002368183 -0.632293046 -0.002494009 -0.002374373 0.999994099 21.535324097
0.999992311 0.002651227 0.002898407 0.438030869 -0.002658482 0.999993324 0.002502072 -0.648868740 -0.002891754 -0.002509759 0.999992669 22.037714005
0.999995887 0.002279330 0.001742105 0.462109268 -0.002283978 0.999993742 0.002671125 -0.661729813 -0.001736006 -0.002675093 0.999994874 22.554388046
0.999996901 0.002424926 0.000588679 0.478066295 -0.002426608 0.999992907 0.002873084 -0.680463672 -0.000581708 -0.002874503 0.999995708 23.063146591
0.999996006 0.002769142 0.000647172 0.485139698 -0.002770733 0.999993086 0.002470840 -0.693629980 -0.000640325 -0.002472623 0.999996781 23.599397659
0.999999106 0.001339387 -0.000189362 0.488240212 -0.001338931 0.999996245 0.002389825 -0.712140679 0.000192562 -0.002389569 0.999997079 24.122926712
0.999998093 0.001852688 -0.000636830 0.495863169 -0.001850857 0.999994159 0.002863899 -0.724767387 0.000642132 -0.002862715 0.999995708 24.660770416
0.999994993 0.002925873 -0.001205033 0.502915978 -0.002922483 0.999991775 0.002805442 -0.737785637 0.001213232 -0.002801906 0.999995351 25.203664780
0.999995828 0.002533910 -0.001369784 0.515072167 -0.002529707 0.999992073 0.003062108 -0.752654612 0.001377532 -0.003058630 0.999994397 25.740421295
0.999995768 0.002394503 -0.001672699 0.521039248 -0.002389198 0.999992073 0.003166548 -0.769768178 0.001680268 -0.003162538 0.999993682 26.301504135
0.999993682 0.002205425 -0.002763159 0.531648695 -0.002196149 0.999992073 0.003355161 -0.782168090 0.002770536 -0.003349073 0.999990523 26.846805573
0.999994576 0.001774556 -0.002786477 0.541270852 -0.001764759 0.999992311 0.003514255 -0.801108599 0.002792692 -0.003509318 0.999989927 27.393127441
0.999989867 0.002751644 -0.003552997 0.548905671 -0.002741069 0.999991775 0.002978048 -0.811754465 0.003561163 -0.002968279 0.999989331 27.953819275
0.999988317 0.003113288 -0.003690092 0.556926906 -0.003098193 0.999986827 0.004089326 -0.834902585 0.003702775 -0.004077846 0.999984801 28.488376617
0.999988437 0.002959993 -0.003783067 0.564783216 -0.002944582 0.999987364 0.004072921 -0.847758293 0.003795075 -0.004061734 0.999984503 29.029638290
0.999985754 0.003220023 -0.004249866 0.572516084 -0.003201598 0.999985576 0.004334792 -0.865317523 0.004263761 -0.004321125 0.999981582 29.594184875
0.999984324 0.003123777 -0.004631210 0.576460361 -0.003104366 0.999986410 0.004192732 -0.872984350 0.004644244 -0.004178289 0.999980509 30.140594482
0.999982417 0.003408053 -0.004836141 0.584758401 -0.003388824 0.999986351 0.003978789 -0.886685491 0.004849635 -0.003962331 0.999980390 30.692316055
0.999981403 0.003371280 -0.005105861 0.595818460 -0.003350436 0.999986053 0.004085422 -0.901491404 0.005119564 -0.004068238 0.999978602 31.232051849
0.999978542 0.003766411 -0.005355845 0.601563513 -0.003743641 0.999983966 0.004255131 -0.914611280 0.005371786 -0.004234990 0.999976575 31.782428741
0.999978721 0.003275743 -0.005650098 0.615863025 -0.003250782 0.999984980 0.004421280 -0.932428598 0.005664496 -0.004402819 0.999974251 32.321430206
0.999978602 0.003543101 -0.005503430 0.611172199 -0.003519265 0.999984324 0.004334825 -0.939840078 0.005518704 -0.004315364 0.999975383 32.876853943
0.999974906 0.004214037 -0.005714876 0.619360864 -0.004189663 0.999982059 0.004270382 -0.952360809 0.005732770 -0.004246331 0.999974549 33.413307190
0.999975145 0.003993520 -0.005834558 0.625378132 -0.003970226 0.999984145 0.003998699 -0.964414060 0.005850434 -0.003975435 0.999974966 33.980209351
0.999973834 0.004033461 -0.006012673 0.629320264 -0.004005505 0.999981225 0.004654433 -0.982706189 0.006031333 -0.004630226 0.999971092 34.520225525
0.999974310 0.003690735 -0.006147287 0.638623953 -0.003665157 0.999984622 0.004166991 -0.995073438 0.006162572 -0.004144354 0.999972343 35.071315765
0.999976635 0.003850969 -0.005641567 0.638474584 -0.003827146 0.999983788 0.004227457 -1.007225275 0.005657755 -0.004205768 0.999975085 35.622631073
0.999973893 0.004090465 -0.005952575 0.653058052 -0.004063213 0.999981284 0.004583031 -1.031233668 0.005971210 -0.004558725 0.999971747 36.155220032
0.999969661 0.003979331 -0.006700694 0.665685773 -0.003949935 0.999982536 0.004394574 -1.039789081 0.006718065 -0.004367974 0.999967873 36.724552155
0.999969423 0.004556448 -0.006350863 0.671000242 -0.004530160 0.999981105 0.004147629 -1.050693512 0.006369642 -0.004118732 0.999971271 37.272430420
0.999968112 0.004208439 -0.006786778 0.675528526 -0.004180832 0.999982953 0.004076853 -1.065650821 0.006803820 -0.004048349 0.999968648 37.828380585
0.999971807 0.003768313 -0.006497299 0.680053115 -0.003744767 0.999986410 0.003632496 -1.076068163 0.006510899 -0.003608062 0.999972284 38.377250671
0.999968827 0.004024672 -0.006790992 0.692907989 -0.003996880 0.999983549 0.004100901 -1.092922688 0.006807385 -0.004073630 0.999968529 38.926212311
0.999967933 0.004322934 -0.006761171 0.688467741 -0.004292354 0.999980509 0.004530886 -1.113602042 0.006780627 -0.004501719 0.999966860 39.473731995
0.999966979 0.004445649 -0.006805676 0.701388836 -0.004416056 0.999980688 0.004357232 -1.126705408 0.006824915 -0.004327034 0.999967337 40.017532349
0.999965608 0.004263225 -0.007110824 0.705674887 -0.004230467 0.999980390 0.004615533 -1.140508890 0.007130362 -0.004585292 0.999964058 40.582530975
0.999964893 0.004535270 -0.007034076 0.715875626 -0.004504636 0.999980330 0.004364862 -1.151282787 0.007053733 -0.004333023 0.999965787 41.126575470
0.999962270 0.004506717 -0.007426765 0.721286476 -0.004472952 0.999979556 0.004556657 -1.162278056 0.007447150 -0.004523266 0.999961972 41.671642303
0.999957919 0.004725851 -0.007864061 0.732651532 -0.004688784 0.999977887 0.004725263 -1.177847028 0.007886218 -0.004688192 0.999957919 42.217800140
0.999957442 0.004669248 -0.007960460 0.745969534 -0.004632994 0.999978781 0.004566636 -1.188535810 0.007981615 -0.004529560 0.999957919 42.756313324
0.999955952 0.004716755 -0.008106419 0.744040608 -0.004678549 0.999977887 0.004725693 -1.197880983 0.008128528 -0.004687558 0.999955952 43.312511444
0.999959946 0.004651543 -0.007643628 0.747085571 -0.004621598 0.999981642 0.003930717 -1.207202077 0.007661772 -0.003895233 0.999963045 43.862590790
0.999955297 0.004641116 -0.008231523 0.757980108 -0.004592647 0.999972105 0.005897391 -1.236110687 0.008258662 -0.005859322 0.999948680 44.386062622
0.999959886 0.004850368 -0.007533803 0.752448320 -0.004813752 0.999976516 0.004870975 -1.238613009 0.007557251 -0.004834513 0.999959767 44.951095581
0.999963999 0.004846594 -0.006967909 0.757664680 -0.004818735 0.999980390 0.004009507 -1.242621422 0.006987204 -0.003975785 0.999967754 45.506328583
0.999964893 0.004774925 -0.006882440 0.771606088 -0.004742613 0.999977648 0.004703656 -1.262317300 0.006904746 -0.004670850 0.999965250 46.035011292
0.999962866 0.004115575 -0.007567049 0.773567438 -0.004076801 0.999978662 0.005132192 -1.281255960 0.007588009 -0.005101153 0.999958217 46.592136383
0.999960899 0.004926111 -0.007345125 0.783343017 -0.004886125 0.999973297 0.005451877 -1.297270060 0.007371785 -0.005415775 0.999958217 47.140140533
0.999964297 0.003912726 -0.007479469 0.777501643 -0.003876397 0.999980628 0.004865470 -1.296726108 0.007498362 -0.004836304 0.999960184 47.695964813
0.999960124 0.004443671 -0.007742724 0.790663362 -0.004405577 0.999978065 0.004930125 -1.314481497 0.007764462 -0.004895818 0.999957860 48.241996765
0.999967337 0.003476735 -0.007296714 0.800184369 -0.003442380 0.999982893 0.004715587 -1.316889286 0.007312985 -0.004690316 0.999962211 48.775207520
0.999964297 0.003829774 -0.007531072 0.801636219 -0.003791750 0.999980032 0.005056679 -1.335963488 0.007550289 -0.005027943 0.999958813 49.323085785
0.999965012 0.004359761 -0.007135886 0.811396003 -0.004323871 0.999977946 0.005037300 -1.350312233 0.007157690 -0.005006269 0.999961853 49.866344452
0.999963641 0.004408087 -0.007289430 0.827818573 -0.004367641 0.999975026 0.005555138 -1.370568991 0.007313736 -0.005523100 0.999957979 50.401203156
0.999964595 0.003769587 -0.007526387 0.815804839 -0.003735697 0.999982834 0.004511883 -1.367199063 0.007543266 -0.004483607 0.999961436 50.962741852
0.999965131 0.004023120 -0.007321209 0.823560894 -0.003988132 0.999980569 0.004787369 -1.381631374 0.007340327 -0.004758004 0.999961734 51.513862610
0.999965370 0.003903234 -0.007343840 0.827079356 -0.003873121 0.999984026 0.004110412 -1.387263417 0.007359767 -0.004081827 0.999964535 52.065700531
0.999968231 0.004263571 -0.006739837 0.830752254 -0.004244248 0.999986827 0.002878716 -1.395256639 0.006752022 -0.002850019 0.999973118 52.620647430
0.999970317 0.004020088 -0.006579394 0.828259587 -0.003998605 0.999986529 0.003275122 -1.409120560 0.006592472 -0.003248716 0.999972939 53.157127380
0.999968648 0.003629785 -0.007040230 0.843634963 -0.003601506 0.999985397 0.004025463 -1.426757812 0.007054738 -0.003999982 0.999967098 53.708045959
0.999971807 0.003726085 -0.006524214 0.854152918 -0.003697925 0.999983788 0.004323134 -1.441496253 0.006540217 -0.004298887 0.999969363 54.256370544
0.999971211 0.004616450 -0.006020797 0.853689551 -0.004589850 0.999979734 0.004424386 -1.455983162 0.006041100 -0.004396624 0.999972045 54.798233032
0.999968290 0.003750894 -0.007021192 0.863415241 -0.003727612 0.999987543 0.003326366 -1.459228754 0.007033580 -0.003300089 0.999969840 55.348972321
0.999971509 0.003501431 -0.006683033 0.870280266 -0.003479803 0.999988675 0.003245410 -1.472567797 0.006694321 -0.003222061 0.999972463 55.895526886
0.999967277 0.003921636 -0.007079730 0.867903352 -0.003896485 0.999986172 0.003562902 -1.488005638 0.007093603 -0.003535200 0.999968588 56.426727295
0.999969184 0.004468270 -0.006459331 0.878410935 -0.004446379 0.999984324 0.003399446 -1.503577948 0.006474419 -0.003370621 0.999973357 56.966434479
0.999967873 0.004349077 -0.006733857 0.882625759 -0.004324478 0.999983907 0.003663382 -1.509557843 0.006749682 -0.003634144 0.999970555 57.505733490
0.999967813 0.004289126 -0.006771981 0.887036324 -0.004262854 0.999983311 0.003889232 -1.527047873 0.006788550 -0.003860239 0.999969482 58.052375793
0.999973178 0.003845484 -0.006221710 0.880932212 -0.003824529 0.999987006 0.003376186 -1.537276745 0.006234611 -0.003352300 0.999974966 58.576751709
0.999976039 0.003918237 -0.005698383 0.881049991 -0.003901764 0.999988198 0.002899059 -1.542725682 0.005709674 -0.002876756 0.999979675 59.128929138
0.999976456 0.004270828 -0.005366876 0.882853687 -0.004253289 0.999985635 0.003275383 -1.560575604 0.005380787 -0.003252479 0.999980271 59.666568756
0.999969661 0.004595601 -0.006281559 0.891945481 -0.004576025 0.999984622 0.003127220 -1.571210265 0.006295834 -0.003098381 0.999975324 60.211257935
0.999969184 0.005101462 -0.005969496 0.894267797 -0.005081009 0.999981165 0.003436404 -1.583426595 0.005986915 -0.003405967 0.999976277 60.768875122
0.999970734 0.004877432 -0.005893599 0.899895072 -0.004858505 0.999983013 0.003221332 -1.599696279 0.005909211 -0.003192604 0.999977410 61.293605804
0.999974489 0.004399559 -0.005625321 0.906017125 -0.004381650 0.999985337 0.003192036 -1.611288071 0.005639282 -0.003167306 0.999979138 61.838874817
0.999970376 0.004591650 -0.006170688 0.923127353 -0.004574642 0.999985695 0.002767517 -1.619511127 0.006183307 -0.002739207 0.999977112 62.384696960
0.999971747 0.004806515 -0.005795477 0.929060221 -0.004787935 0.999983430 0.003215582 -1.638141513 0.005810837 -0.003187743 0.999978006 62.932025909
0.999972761 0.004829579 -0.005583385 0.922243893 -0.004812158 0.999983549 0.003129374 -1.651018858 0.005598406 -0.003102420 0.999979496 63.496116638
0.999968410 0.005157146 -0.006033685 0.946804345 -0.005138181 0.999981821 0.003154287 -1.668838620 0.006049843 -0.003123185 0.999976754 64.000450134
0.999970615 0.005109210 -0.005707775 0.948163688 -0.005089638 0.999981105 0.003438070 -1.684394836 0.005725233 -0.003408918 0.999977767 64.553634644
0.999969840 0.005391951 -0.005599712 0.960946798 -0.005372588 0.999979556 0.003467232 -1.696361661 0.005618293 -0.003437042 0.999978244 65.088027954
0.999969780 0.006063066 -0.004856172 0.950158000 -0.006046281 0.999975681 0.003463825 -1.705202699 0.004877056 -0.003434358 0.999982178 65.628234863
0.999969304 0.005002531 -0.006034323 0.972077727 -0.004988452 0.999984801 0.002346105 -1.702947855 0.006045967 -0.002315931 0.999979019 66.172874451
0.999969304 0.005095366 -0.005956027 0.976848722 -0.005084563 0.999985397 0.001827620 -1.710318089 0.005965252 -0.001797281 0.999980569 66.723442078
0.999970019 0.005761385 -0.005167169 0.984128594 -0.005750661 0.999981284 0.002088084 -1.731514454 0.005179102 -0.002058307 0.999984443 67.272636414
0.999970615 0.004878425 -0.005898752 0.988469183 -0.004864076 0.999985158 0.002444580 -1.746301055 0.005910590 -0.002415817 0.999979615 67.802917480
0.999968350 0.005371746 -0.005862779 0.997843027 -0.005355923 0.999981940 0.002711221 -1.766036510 0.005877237 -0.002679735 0.999979198 68.338066101
0.999969125 0.005616823 -0.005473704 1.005322218 -0.005604570 0.999981761 0.002251270 -1.777741075 0.005486249 -0.002220523 0.999982476 68.885650635
0.999970317 0.005520988 -0.005397807 1.000344992 -0.005510104 0.999982774 0.002029383 -1.783035040 0.005408919 -0.001999580 0.999983370 69.412055969
0.999971569 0.005520372 -0.005145365 1.009490848 -0.005511408 0.999983251 0.001754899 -1.792138696 0.005154967 -0.001726491 0.999985218 69.960014343
0.999971032 0.005727310 -0.005004373 1.019603372 -0.005713630 0.999979913 0.002743848 -1.821762085 0.005019987 -0.002715175 0.999983728 70.505905151
0.999973416 0.005201705 -0.005108492 1.011541486 -0.005189459 0.999983609 0.002407665 -1.830184698 0.005120933 -0.002381091 0.999983966 71.045074463
0.999972045 0.005273277 -0.005309157 1.029245615 -0.005259982 0.999983013 0.002515012 -1.847813129 0.005322330 -0.002487016 0.999982655 71.591857910
0.999973357 0.005303982 -0.005011333 1.034255743 -0.005291054 0.999982655 0.002589477 -1.860136867 0.005024981 -0.002562893 0.999984086 72.139205933
0.999970376 0.005429333 -0.005459050 1.040879488 -0.005414088 0.999981403 0.002803417 -1.880143881 0.005474169 -0.002773778 0.999981165 72.658386230
0.999972284 0.005142260 -0.005394143 1.051826239 -0.005127954 0.999983311 0.002662616 -1.896757245 0.005407744 -0.002634881 0.999981940 73.201583862
0.999977410 0.004560780 -0.004938175 1.053724885 -0.004545910 0.999985158 0.003018217 -1.912214994 0.004951867 -0.002995700 0.999983251 73.751464844
0.999977708 0.004565268 -0.004873404 1.055005670 -0.004552232 0.999985993 0.002682851 -1.918565392 0.004885585 -0.002660606 0.999984443 74.252037048
0.999975920 0.004713738 -0.005097502 1.067832112 -0.004698758 0.999984741 0.002946476 -1.933920383 0.005111313 -0.002922453 0.999982595 74.787567139
0.999975264 0.004937720 -0.005000591 1.070807099 -0.004922406 0.999983191 0.003070017 -1.947653174 0.005015665 -0.003045327 0.999982715 75.333015442
0.999976158 0.004650509 -0.005130462 1.078296065 -0.004636637 0.999985576 0.002712699 -1.960935831 0.005143004 -0.002688846 0.999983132 75.872360229
0.999968529 0.005516499 -0.005706577 1.087977767 -0.005497085 0.999979079 0.003412396 -1.982231021 0.005725283 -0.003380919 0.999977887 76.410873413
0.999976039 0.004844119 -0.004949453 1.096204281 -0.004830651 0.999984622 0.002729492 -1.990800142 0.004962599 -0.002705517 0.999984026 76.971519470
0.999978483 0.004323618 -0.004934708 1.104519129 -0.004310979 0.999987364 0.002569104 -2.000815392 0.004945754 -0.002547775 0.999984562 77.521759033
0.999979258 0.004108995 -0.004978354 1.122946978 -0.004095207 0.999987781 0.002776519 -2.019531012 0.004989701 -0.002756073 0.999983728 78.065383911
0.999975324 0.004834287 -0.005093795 1.117007732 -0.004820486 0.999984682 0.002718288 -2.030431509 0.005106859 -0.002693666 0.999983311 78.582595825
0.999976337 0.004859252 -0.004872947 1.129298687 -0.004846086 0.999984562 0.002709980 -2.043683529 0.004886041 -0.002686301 0.999984443 79.131568909
0.999979556 0.004548880 -0.004496945 1.130366564 -0.004538942 0.999987304 0.002217944 -2.054021358 0.004506976 -0.002197488 0.999987423 79.675811768
0.999975383 0.004791070 -0.005116057 1.145455122 -0.004777828 0.999985218 0.002597218 -2.070420027 0.005128425 -0.002572711 0.999983549 80.214096069
0.999977529 0.005300940 -0.004108927 1.153903484 -0.005289815 0.999982297 0.002713606 -2.081694365 0.004123239 -0.002691809 0.999987900 80.767677307
0.999981284 0.005206563 -0.003187336 1.166181326 -0.005198511 0.999983311 0.002529235 -2.096066236 0.003200451 -0.002512618 0.999991715 81.299568176
0.999984503 0.005307787 -0.001653963 1.173685312 -0.005303667 0.999982834 0.002483991 -2.109022141 0.001667119 -0.002475180 0.999995470 81.846321106
0.999984920 0.005483658 -0.000256673 1.186424136 -0.005482998 0.999981761 0.002500204 -2.123924017 0.000270378 -0.002498759 0.999996841 82.386604309
0.999980628 0.005526893 0.002853994 1.204475522 -0.005533289 0.999982119 0.002238411 -2.138830900 -0.002841572 -0.002254160 0.999993384 82.932830811
0.999963343 0.005358888 0.006694223 1.217959881 -0.005374713 0.999982893 0.002348237 -2.148328781 -0.006681525 -0.002384131 0.999974787 83.461944580
0.999936998 0.005495233 0.009793069 1.238620520 -0.005519840 0.999981701 0.002487353 -2.165675402 -0.009779220 -0.002541252 0.999948919 84.006027222
0.999875247 0.005669946 0.014741397 1.261130095 -0.005706540 0.999980867 0.002441558 -2.178574562 -0.014727267 -0.002525376 0.999888361 84.550033569
0.999771595 0.005571321 0.020634547 1.285032511 -0.005611417 0.999982476 0.001885805 -2.188649416 -0.020623680 -0.002001164 0.999785304 85.100929260
0.999644279 0.005592157 0.026077174 1.315662146 -0.005665347 0.999980152 0.002733632 -2.209939480 -0.026061371 -0.002880395 0.999656200 85.624389648
0.999481499 0.005086926 0.031793922 1.347467542 -0.005157596 0.999984384 0.002141140 -2.216035843 -0.031782527 -0.002304011 0.999492168 86.191398621
0.999191284 0.005138633 0.039878637 1.385130167 -0.005239329 0.999983370 0.002420958 -2.232442617 -0.039865531 -0.002627938 0.999201596 86.739776611
0.998831272 0.005615013 0.048004836 1.428682804 -0.005737585 0.999980628 0.002415916 -2.246676922 -0.047990337 -0.002688524 0.998844206 87.286643982
0.998468876 0.005105494 0.055079948 1.470984459 -0.005239500 0.999983668 0.002288824 -2.261298180 -0.055067368 -0.002573911 0.998479307 87.803001404
0.997933507 0.005468204 0.064021289 1.526021957 -0.005585606 0.999983013 0.001654965 -2.271229982 -0.064011157 -0.002009143 0.997947156 88.353385925
0.997232080 0.005264698 0.074164972 1.593241215 -0.005440774 0.999982834 0.002172275 -2.294427156 -0.074152261 -0.002569777 0.997243643 88.878990173
0.996589839 0.005028664 0.082360379 1.652925968 -0.005237833 0.999983609 0.002323809 -2.308898687 -0.082347319 -0.002747274 0.996599913 89.432716370
0.995914578 0.004707980 0.090177059 1.720688343 -0.004919492 0.999985635 0.002123399 -2.321881056 -0.090165772 -0.002558349 0.995923579 89.980369568
0.994893610 0.004617703 0.100823052 1.799139500 -0.004875598 0.999985516 0.002311637 -2.343113899 -0.100810915 -0.002791405 0.994901717 90.507392883
0.993684351 0.004919081 0.112103470 1.867828369 -0.005225716 0.999983311 0.002441604 -2.355883121 -0.112089597 -0.003012004 0.993693531 91.069450378
0.992681324 0.004043489 0.120695442 1.960157394 -0.004338578 0.999988139 0.002182225 -2.366738319 -0.120685197 -0.002689901 0.992687225 91.614448547
0.991209388 0.004376855 0.132230654 2.044944763 -0.004710292 0.999986470 0.002208936 -2.375811100 -0.132219210 -0.002812363 0.991216540 92.157554626
0.989509225 0.004052044 0.144412950 2.139017105 -0.004420513 0.999987721 0.002230715 -2.398036242 -0.144402161 -0.002845692 0.989514947 92.703117371
0.987827122 0.004134075 0.155500710 2.240840912 -0.004589883 0.999986112 0.002572291 -2.416675091 -0.155487925 -0.003254708 0.987832427 93.249107361
0.986114502 0.003510785 0.166029662 2.343886375 -0.003933251 0.999989808 0.002215793 -2.419089317 -0.166020215 -0.002838062 0.986118197 93.794479370
0.983917952 0.003488364 0.178586811 2.466315269 -0.004020644 0.999988437 0.002618672 -2.441277027 -0.178575635 -0.003294592 0.983920634 94.313659668
0.981511474 0.003068848 0.191378593 2.588624954 -0.003588768 0.999990761 0.002370161 -2.449848175 -0.191369548 -0.003013153 0.981513441 94.858695984
0.979473770 0.003074253 0.201547995 2.718189240 -0.003638266 0.999990404 0.002428023 -2.465582132 -0.201538593 -0.003111470 0.979475617 95.376907349
0.976737082 0.002690687 0.214423448 2.862565994 -0.003248606 0.999992251 0.002249601 -2.479413986 -0.214415714 -0.002893846 0.976738155 95.910278320
0.973715127 0.002282574 0.227757782 3.005203247 -0.002931937 0.999992549 0.002512825 -2.492349148 -0.227750316 -0.003114547 0.973714709 96.432762146
0.971050262 0.001514004 0.238870665 3.151315689 -0.002093851 0.999995410 0.002173721 -2.505623102 -0.238866255 -0.002610952 0.971049011 96.961090088
0.967944086 0.001909683 0.251158446 3.304737091 -0.002575859 0.999993920 0.002323697 -2.516637802 -0.251152486 -0.002896157 0.967943192 97.486175537
0.964304030 0.002361716 0.264787048 3.470859528 -0.003135380 0.999991894 0.002499222 -2.532836676 -0.264779091 -0.003240218 0.964303672 98.019714355
0.960585952 0.002317786 0.277973413 3.626655579 -0.003114785 0.999992192 0.002425591 -2.543544531 -0.277965635 -0.003195816 0.960585713 98.547737122
0.957391262 0.002170617 0.288785934 3.804656982 -0.003022199 0.999992251 0.002502981 -2.560721397 -0.288778275 -0.003269100 0.957390428 99.054672241
0.953202307 0.001724412 0.302327991 3.993175507 -0.002521151 0.999994338 0.002245128 -2.568882704 -0.302322358 -0.002902276 0.953201354 99.552474976
0.948745966 0.000962974 0.316038072 4.197488785 -0.001914401 0.999994516 0.002700030 -2.588577032 -0.316033721 -0.003166667 0.948742688 100.093536377
0.944814205 0.000249969 0.327606440 4.397089005 -0.001123179 0.999996305 0.002476225 -2.596179008 -0.327604651 -0.002707534 0.944810927 100.610588074
0.940125763 0.000061568 0.340828031 4.602460861 -0.000911922 0.999996841 0.002334764 -2.612458706 -0.340826839 -0.002505779 0.940122902 101.132011414
0.934816301 -0.000316636 0.355131567 4.822975159 -0.000458295 0.999997675 0.002097975 -2.625538826 -0.355131418 -0.002123976 0.934813976 101.633689880
0.930277109 -0.000211202 0.366857350 5.040554047 -0.000744180 0.999996722 0.002462799 -2.637603760 -0.366856694 -0.002564094 0.930273950 102.149887085
0.925511897 -0.000997918 0.378717184 5.262081146 0.000079011 0.999997020 0.002441900 -2.656165361 -0.378718495 -0.002230085 0.925509214 102.646743774
0.919582188 -0.001313420 0.392895430 5.499534607 0.000520959 0.999997556 0.002123599 -2.664826632 -0.392897218 -0.001748141 0.919580698 103.136039734
0.913683295 -0.001224533 0.406425059 5.736572266 0.000232498 0.999996901 0.002490249 -2.679717302 -0.406426847 -0.002180806 0.913680732 103.645256042
0.908834577 -0.002285493 0.417150557 5.988643646 0.001381785 0.999996066 0.002468341 -2.695930243 -0.417154580 -0.001666902 0.908834040 104.118751526
0.902411103 -0.001669421 0.430872828 6.245990753 0.000585064 0.999996305 0.002649150 -2.707473993 -0.430875748 -0.002138534 0.902408779 104.625671387
0.895812571 -0.001423385 0.444429517 6.510772705 0.000179596 0.999996006 0.002840706 -2.724909782 -0.444431841 -0.002464923 0.895809293 105.100036621
0.890121579 -0.002188246 0.455717623 6.790023804 0.001086163 0.999995768 0.002680212 -2.739035845 -0.455721617 -0.001890730 0.890120387 105.588195801
0.884145200 -0.003343888 0.467200071 7.036880493 0.002373447 0.999993622 0.002665656 -2.741462946 -0.467206061 -0.001247952 0.884147584 106.053573608
0.877007306 -0.003705099 0.480462611 7.325798035 0.002837288 0.999992728 0.002532455 -2.754488707 -0.480468541 -0.000857771 0.877011478 106.524215698
0.869836748 -0.003736101 0.493325502 7.607402802 0.002699414 0.999992371 0.002813606 -2.771747589 -0.493332237 -0.001115688 0.869840205 106.983482361
0.864003539 -0.004362571 0.503466845 7.893878937 0.003468988 0.999990225 0.002711820 -2.781179667 -0.503473759 -0.000596502 0.864010274 107.442962646
