1.000000000 0.000000000 0.000000000 0.000000000 0.000000000 1.000000000 0.000000000 0.000000000 0.000000000 0.000000000 1.000000000 0.000000000
1.000000000 -0.000038497 -0.000013384 0.000601680 0.000038499 1.000000000 0.000146467 -0.000745980 0.000013378 -0.000146467 1.000000000 -0.000071928
1.000000000 0.000000921 -0.000167124 0.001490898 -0.000000924 1.000000000 -0.000015163 0.000119071 0.000167124 0.000015163 1.000000000 -0.000927707
1.000000000 0.000137849 0.000046565 -0.000559655 -0.000137850 1.000000000 0.000026960 0.000038698 -0.000046561 -0.000026966 1.000000000 0.001709905
1.000000000 0.000088158 -0.000003480 -0.000452167 -0.000088158 1.000000000 0.000062346 -0.000520659 0.000003486 -0.000062346 1.000000000 -0.001103964
1.000000000 -0.000021109 -0.000163152 0.000922606 0.000021115 1.000000000 0.000038836 -0.000907977 0.000163151 -0.000038840 1.000000000 -0.001829847
1.000000000 0.000035715 -0.000033681 0.000739425 -0.000035712 1.000000000 0.000108358 -0.001221836 0.000033685 -0.000108357 1.000000000 -0.001465099
1.000000000 0.000168723 0.000099816 0.000143644 -0.000168732 1.000000000 0.000088104 -0.000427614 -0.000099801 -0.000088121 1.000000000 0.000532445
1.000000000 -0.000194586 0.000038485 0.000730666 0.000194585 1.000000000 0.000021738 -0.000241287 -0.000038489 -0.000021730 1.000000000 0.000130954
1.000000000 -0.000067322 0.000047918 0.000642205 0.000067319 1.000000000 0.000074422 0.000450897 -0.000047923 -0.000074419 1.000000000 0.001400489
1.000000000 -0.000110547 -0.000124305 0.001689768 0.000110556 1.000000000 0.000069488 -0.000933769 0.000124298 -0.000069502 1.000000000 -0.000230695
1.000000000 0.000034028 0.000060880 -0.000146879 -0.000034014 1.000000000 -0.000230965 0.001557970 -0.000060888 0.000230963 1.000000000 0.000880684
0.999999940 -0.000261587 -0.000069487 0.000732687 0.000261601 0.999999940 0.000195997 -0.001210782 0.000069436 -0.000196015 1.000000000 -0.000434539
1.000000000 -0.000080990 0.000046942 -0.000166941 0.000080986 1.000000000 0.000070774 -0.000676661 -0.000046948 -0.000070771 1.000000000 -0.000211490
1.000000000 -0.000082899 -0.000003182 0.000292645 0.000082899 1.000000000 0.000085660 -0.000770406 0.000003175 -0.000085660 1.000000000 -0.000681477
1.000000000 -0.000032942 -0.000050525 0.000610287 0.000032944 1.000000000 0.000030474 -0.000994039 0.000050524 -0.000030475 1.000000000 -0.001795296
0.999999940 0.000211508 0.000209982 -0.001975733 -0.000211523 1.000000000 0.000069571 -0.000647667 -0.000209967 -0.000069615 1.000000000 0.000104395
1.000000000 -0.000031513 -0.000130907 0.000710660 0.000031515 1.000000000 0.000015339 -0.000295584 0.000130907 -0.000015343 1.000000000 0.000314533
1.000000000 -0.000094793 -0.000100337 0.000913979 0.000094806 1.000000000 0.000126690 -0.001383027 0.000100325 -0.000126699 1.000000000 -0.001367111
1.000000000 0.000088413 0.000034098 0.000031178 -0.000088417 1.000000000 0.000096573 -0.000613074 -0.000034090 -0.000096576 1.000000000 0.000738794
1.000000000 -0.000009807 0.000027083 -0.000115058 0.000009810 1.000000000 -0.000089079 -0.000101094 -0.000027082 0.000089079 1.000000000 -0.000985083
1.000000000 0.000176417 0.000163373 -0.001117968 -0.000176435 1.000000000 0.000105757 -0.000464038 -0.000163354 -0.000105786 1.000000000 -0.000149997
1.000000000 0.000099216 0.000170027 -0.000289540 -0.000099240 1.000000000 0.000142505 -0.001003854 -0.000170013 -0.000142522 1.000000000 0.000485830
1.000000000 -0.000058374 -0.000022021 0.001007924 0.000058375 1.000000000 0.000055499 0.000543413 0.000022018 -0.000055500 1.000000000 0.000583890
1.000000000 -0.000042902 -0.000057789 0.000912776 0.000042901 1.000000000 -0.000011824 0.000064616 0.000057789 0.000011821 1.000000000 -0.000347933
1.000000000 -0.000052453 -0.000127388 0.001380829 0.000052440 1.000000000 -0.000095356 0.000123236 0.000127393 0.000095350 1.000000000 -0.002799708
1.000000000 0.000075048 -0.000047669 -0.000126951 -0.000075053 1.000000000 -0.000107147 0.000089671 0.000047661 0.000107151 1.000000000 -0.001614559
1.000000000 -0.000028377 -0.000130866 0.000836481 0.000028372 1.000000000 -0.000039182 -0.000391709 0.000130867 0.000039178 1.000000000 -0.001087526
1.000000000 -0.000173529 -0.000165179 0.000646311 0.000173530 1.000000000 0.000007677 0.001080007 0.000165177 -0.000007706 1.000000000 0.001581942
1.000000000 -0.000035657 -0.000100731 0.000435508 0.000035646 1.000000000 -0.000113795 0.000757256 0.000100735 0.000113791 1.000000000 -0.000790106
1.000000000 0.000033548 -0.000101507 0.000573725 -0.000033531 1.000000000 0.000169497 -0.000526504 0.000101513 -0.000169494 1.000000000 -0.000916195
1.000000000 -0.000093443 -0.000136553 0.000553850 0.000093449 1.000000000 0.000038049 0.000072730 0.000136550 -0.000038061 1.000000000 0.000356345
1.000000000 0.000003567 -0.000004722 0.000452421 -0.000003567 1.000000000 0.000077371 -0.001048779 0.000004722 -0.000077371 1.000000000 -0.000362056
1.000000000 -0.000045614 -0.000104911 0.000260719 0.000045616 1.000000000 0.000024187 0.000175098 0.000104910 -0.000024192 1.000000000 0.000172555
1.000000000 0.000017231 -0.000058414 -0.000345562 -0.000017232 1.000000000 -0.000019389 0.000820240 0.000058414 0.000019390 1.000000000 0.001346021
1.000000000 0.000012982 0.000006908 -0.000714910 -0.000012982 1.000000000 -0.000012996 0.001075623 -0.000006909 0.000012996 1.000000000 0.000732096
1.000000000 -0.000041281 0.000039834 -0.000587220 0.000041276 1.000000000 0.000120087 0.000272530 -0.000039838 -0.000120085 1.000000000 0.001804095
1.000000000 -0.000144485 0.000067587 -0.000421612 0.000144472 1.000000000 0.000187495 -0.000640916 -0.000067614 -0.000187486 1.000000000 -0.000275916
0.999999940 -0.000369649 -0.000025006 0.000744806 0.000369648 0.999999940 -0.000013270 0.000488116 0.000025011 0.000013261 1.000000000 -0.000316969
0.999999940 -0.000275258 0.000010312 0.001705614 0.000275258 0.999999940 0.000047665 -0.001401239 -0.000010325 -0.000047662 1.000000000 -0.001758136
0.999999940 -0.000120244 0.000239615 0.000058695 0.000120375 0.999999821 -0.000548675 -0.002902541 -0.000239549 0.000548704 0.999999821 0.051415414
0.999999940 0.000300140 0.000106341 0.001128268 -0.000300018 0.999999285 -0.001144533 -0.005611249 -0.000106684 0.001144501 0.999999344 0.135669082
0.999999940 0.000377840 -0.000032521 0.004785074 -0.000377885 0.999998927 -0.001409350 -0.006632550 0.000031988 0.001409362 0.999998987 0.252253622
0.999999762 0.000155722 -0.000676456 0.011564724 -0.000156437 0.999999344 -0.001058113 -0.015350890 0.000676291 0.001058218 0.999999166 0.379170090
0.999999881 0.000159772 -0.000496985 0.011937314 -0.000160211 0.999999583 -0.000882191 -0.019722814 0.000496843 0.000882271 0.999999464 0.521124184
0.999999762 0.000244592 -0.000545917 0.017308662 -0.000245033 0.999999523 -0.000808001 -0.025919784 0.000545719 0.000808135 0.999999523 0.673633039
0.999999821 0.000354316 -0.000480232 0.019835426 -0.000354581 0.999999762 -0.000550775 -0.030015932 0.000480036 0.000550946 0.999999762 0.829547942
0.999999881 -0.000008977 -0.000451927 0.023000469 0.000008713 0.999999881 -0.000584477 -0.032855939 0.000451932 0.000584473 0.999999762 0.995848596
0.999999821 0.000469515 -0.000388087 0.024715533 -0.000469499 0.999999821 0.000041298 -0.041822709 0.000388106 -0.000041116 0.999999940 1.175746918
0.999999762 -0.000038771 -0.000695994 0.033120152 0.000038741 1.000000000 -0.000043832 -0.046318851 0.000695995 0.000043805 0.999999762 1.357624054
0.999999881 0.000006445 -0.000496659 0.035661191 -0.000006452 1.000000000 -0.000013830 -0.051331192 0.000496659 0.000013834 0.999999881 1.541536093
0.999999702 -0.000067738 -0.000742366 0.040696744 0.000067782 1.000000000 0.000058539 -0.052867331 0.000742362 -0.000058590 0.999999762 1.749650717
0.999999523 0.000093842 -0.000965219 0.047117401 -0.000093846 1.000000000 -0.000003714 -0.061228521 0.000965219 0.000003804 0.999999523 1.939454079
0.999999821 0.000373185 -0.000488710 0.046092536 -0.000373195 1.000000000 -0.000018881 -0.063893497 0.000488703 0.000019063 0.999999881 2.151754618
0.999999762 0.000709223 -0.000242311 0.048634417 -0.000709328 0.999999642 -0.000431935 -0.066164292 0.000242004 0.000432107 0.999999881 2.372579575
0.999999762 0.000361511 -0.000593404 0.057066087 -0.000361529 0.999999940 -0.000031205 -0.076589592 0.000593393 0.000031420 0.999999821 2.592169285
0.999999702 0.000772830 -0.000171650 0.056769777 -0.000772810 0.999999642 0.000116518 -0.084697105 0.000171740 -0.000116385 1.000000000 2.821692467
0.999999821 0.000318943 -0.000372644 0.064479344 -0.000318829 0.999999881 0.000303833 -0.091363855 0.000372741 -0.000303714 0.999999821 3.049608231
0.999999702 0.000268656 -0.000665361 0.074351303 -0.000268628 0.999999940 0.000041650 -0.093051448 0.000665372 -0.000041471 0.999999821 3.292545557
0.999999583 0.000157184 -0.000908144 0.080294833 -0.000156845 0.999999881 0.000373515 -0.104886301 0.000908203 -0.000373373 0.999999464 3.526595354
0.999999583 0.000526781 -0.000690967 0.089164034 -0.000527051 0.999999821 -0.000390719 -0.105489217 0.000690761 0.000391083 0.999999702 3.793322086
0.999999702 0.000473429 -0.000589103 0.086405456 -0.000473883 0.999999583 -0.000770879 -0.106564194 0.000588738 0.000771158 0.999999523 4.053570271
0.999999702 0.000630990 -0.000425692 0.088582791 -0.000631169 0.999999762 -0.000419941 -0.113994040 0.000425427 0.000420210 0.999999821 4.306863785
0.999999464 0.000959976 -0.000061764 0.091619045 -0.000960014 0.999999285 -0.000624489 -0.119816668 0.000061164 0.000624548 0.999999821 4.567060471
0.999999762 0.000580813 -0.000311107 0.103183292 -0.000580863 0.999999821 -0.000162726 -0.132084712 0.000311012 0.000162907 1.000000000 4.817498684
0.999999940 0.000105778 -0.000424256 0.105673023 -0.000105806 1.000000000 -0.000066273 -0.136851072 0.000424249 0.000066318 1.000000000 5.064382553
0.999999881 0.000179408 -0.000371252 0.107843369 -0.000179277 0.999999940 0.000355058 -0.154320374 0.000371316 -0.000354991 0.999999821 5.331782341
0.999999702 0.000751056 -0.000250045 0.111971788 -0.000750977 0.999999642 0.000314960 -0.158186600 0.000250282 -0.000314773 0.999999940 5.604684830
1.000000000 -0.000066352 -0.000318477 0.119122140 0.000066498 0.999999881 0.000456155 -0.167326003 0.000318447 -0.000456176 0.999999881 5.874286652
0.999999642 0.000775800 -0.000318936 0.129137382 -0.000775527 0.999999344 0.000854890 -0.182875782 0.000319599 -0.000854643 0.999999583 6.141052246
0.999999940 0.000287658 -0.000175312 0.128058627 -0.000287532 0.999999702 0.000717484 -0.189281240 0.000175519 -0.000717434 0.999999702 6.441155434
0.999999821 -0.000419986 -0.000363570 0.134073868 0.000420238 0.999999583 0.000692824 -0.198444396 0.000363279 -0.000692977 0.999999702 6.735654354
0.999999940 0.000000211 -0.000262091 0.143536404 0.000000059 0.999999464 0.001031673 -0.210086286 0.000262091 -0.001031672 0.999999404 7.022905350
0.999999940 -0.000058248 -0.000342800 0.151831299 0.000058498 0.999999821 0.000729368 -0.214940041 0.000342757 -0.000729388 0.999999642 7.318335533
1.000000000 0.000235930 0.000367097 0.145991072 -0.000236358 0.999999285 0.001164953 -0.228311256 -0.000366822 -0.001165039 0.999999225 7.620293140
0.999999821 0.000579609 -0.000023834 0.158270493 -0.000579571 0.999998689 0.001548770 -0.243066832 0.000024732 -0.001548756 0.999998808 7.936090946
0.999999821 0.000317419 0.000510583 0.160429895 -0.000318117 0.999999046 0.001367206 -0.244907886 -0.000510148 -0.001367368 0.999998868 8.257800102
0.999999762 0.000197597 0.000703411 0.158338532 -0.000198461 0.999999225 0.001228901 -0.262344092 -0.000703168 -0.001229041 0.999998927 8.577605247
0.999999583 -0.000017064 0.000925109 0.164250985 0.000015647 0.999998868 0.001531811 -0.272019207 -0.000925135 -0.001531796 0.999998331 8.917054176
0.999999821 -0.000457771 0.000298661 0.176921368 0.000457175 0.999997854 0.001991999 -0.290223986 -0.000299572 -0.001991862 0.999997973 9.257403374
0.999999821 -0.000387957 0.000496035 0.184138343 0.000386895 0.999997675 0.002138578 -0.299218625 -0.000496864 -0.002138386 0.999997616 9.603384018
0.999999642 -0.000561790 0.000568020 0.188773513 0.000560732 0.999998093 0.001859980 -0.302770674 -0.000569064 -0.001859661 0.999998093 9.950962067
0.999999762 -0.000110612 0.000678540 0.189997420 0.000109412 0.999998450 0.001768340 -0.312611789 -0.000678735 -0.001768265 0.999998212 10.315959930
0.999999642 -0.000183924 0.000808575 0.198089153 0.000182303 0.999998033 0.002003981 -0.323237151 -0.000808941 -0.002003833 0.999997675 10.675578117
0.999999762 -0.000036998 0.000658390 0.204534531 0.000035726 0.999998152 0.001931235 -0.333117455 -0.000658461 -0.001931212 0.999997914 11.034237862
0.999999344 -0.000136690 0.001065004 0.209630877 0.000134597 0.999997973 0.001965009 -0.345812619 -0.001065270 -0.001964864 0.999997497 11.414490700
0.999999642 -0.000225752 0.000793426 0.222785309 0.000224217 0.999998033 0.001933967 -0.355244309 -0.000793861 -0.001933788 0.999997854 11.784101486
0.999998868 -0.001036334 0.001073132 0.225911409 0.001034265 0.999997556 0.001927089 -0.365847081 -0.001075127 -0.001925977 0.999997497 12.172977448
0.999998689 -0.000857638 0.001304618 0.235439688 0.000854762 0.999997139 0.002203000 -0.379318863 -0.001306503 -0.002201882 0.999996722 12.558161736
0.999998808 -0.000836885 0.001279779 0.239390761 0.000834131 0.999997318 0.002150850 -0.388864607 -0.001281576 -0.002149780 0.999996841 12.958199501
0.999998927 -0.000616191 0.001422083 0.246379510 0.000613034 0.999997377 0.002219546 -0.402743936 -0.001423446 -0.002218671 0.999996483 13.356822968
0.999998450 -0.000302855 0.001703416 0.254068583 0.000299224 0.999997675 0.002131164 -0.411620438 -0.001704057 -0.002130651 0.999996305 13.763908386
0.999997914 -0.000560908 0.001934427 0.261394769 0.000556865 0.999997675 0.002089861 -0.417751640 -0.001935595 -0.002088780 0.999995887 14.195723534
0.999997497 -0.001379066 0.001767009 0.278926611 0.001374723 0.999996185 0.002456776 -0.434297979 -0.001770390 -0.002454341 0.999995410 14.612512589
0.999996960 -0.001448898 0.001963466 0.286458641 0.001443649 0.999995410 0.002672284 -0.442752659 -0.001967329 -0.002669442 0.999994516 15.042271614
0.999996305 -0.000669142 0.002645826 0.293588102 0.000661476 0.999995589 0.002897167 -0.458851486 -0.002647752 -0.002895406 0.999992311 15.474777222
0.999995887 -0.000745395 0.002761325 0.305577993 0.000738366 0.999996424 0.002545672 -0.466230333 -0.002763213 -0.002543623 0.999992967 15.911953926
0.999995291 -0.001131222 0.002843840 0.318236649 0.001124656 0.999996662 0.002309430 -0.474603325 -0.002846444 -0.002306221 0.999993265 16.356609344
0.999992847 -0.000415408 0.003765338 0.315958560 0.000409093 0.999998510 0.001677877 -0.480918407 -0.003766030 -0.001676324 0.999991477 16.810348511
0.999993384 -0.000545103 0.003596005 0.332337737 0.000537218 0.999997556 0.002193339 -0.497615099 -0.003597192 -0.002191393 0.999991119 17.264192581
0.999990702 -0.000384586 0.004278769 0.342423230 0.000374266 0.999996960 0.002412605 -0.511882186 -0.004279684 -0.002410982 0.999987960 17.718875885
0.999988496 0.000100484 0.004782501 0.345485061 -0.000109149 0.999998331 0.001811595 -0.515579343 -0.004782311 -0.001812096 0.999986887 18.194505692
0.999986053 -0.000017797 0.005287102 0.354135543 0.000004277 0.999996603 0.002557013 -0.529847085 -0.005287131 -0.002556954 0.999982774 18.665391922
0.999988437 -0.000073252 0.004808368 0.372144431 0.000062756 0.999997616 0.002182906 -0.539147973 -0.004808516 -0.002182580 0.999986053 19.146591187
0.999986529 0.000334389 0.005172719 0.385817349 -0.000344408 0.999998093 0.001936200 -0.555340886 -0.005172062 -0.001937956 0.999984741 19.610752106
0.999984324 0.000127137 0.005602045 0.381180167 -0.000137105 0.999998391 0.001779005 -0.560750246 -0.005601810 -0.001779745 0.999982655 20.094757080
0.999986291 -0.000207071 0.005237348 0.396455735 0.000194864 0.999997258 0.002331263 -0.575946867 -0.005237816 -0.002330211 0.999983549 20.588521957
0.999983609 0.000549739 0.005711963 0.406170428 -0.000561785 0.999997616 0.002107507 -0.585620940 -0.005710791 -0.002110682 0.999981463 21.092134476
0.999987006 0.000572098 0.005048039 0.411808610 -0.000583242 0.999997377 0.002206412 -0.605067670 -0.005046764 -0.002209328 0.999984741 21.586637497
0.999987662 0.000717444 0.004905580 0.421321660 -0.000729693 0.999996603 0.002495634 -0.625167608 -0.004903773 -0.002499183 0.999984801 22.090885162
0.999986708 0.001175371 0.005008808 0.434257060 -0.001184694 0.999997616 0.001858813 -0.630286276 -0.005006611 -0.001864723 0.999985635 22.607519150
0.999995470 0.000518247 0.002963477 0.451830685 -0.000526149 0.999996305 0.002666231 -0.652325869 -0.002962084 -0.002667778 0.999992073 23.126024246
0.999997854 0.000402478 0.002031225 0.463431716 -0.000407145 0.999997318 0.002298089 -0.667779028 -0.002030294 -0.002298911 0.999995351 23.651208878
0.999997079 -0.000769703 0.002302879 0.462427020 0.000764922 0.999997556 0.002076560 -0.685265958 -0.002304472 -0.002074792 0.999995172 24.188911438
0.999998152 0.000261144 0.001887088 0.465667188 -0.000266382 0.999996185 0.002776008 -0.699272752 -0.001886356 -0.002776506 0.999994397 24.727630615
0.999998510 0.000953357 0.001405917 0.482582957 -0.000957324 0.999995530 0.002823370 -0.716781378 -0.001403219 -0.002824711 0.999995053 25.261852264
0.999998271 0.001508995 0.001066840 0.486132354 -0.001512615 0.999993086 0.003400264 -0.732150555 -0.001061701 -0.003401872 0.999993682 25.802116394
0.999999881 0.000329094 0.000042648 0.505566418 -0.000329223 0.999995232 0.003063448 -0.746843457 -0.000041640 -0.003063462 0.999995351 26.367252350
1.000000000 -0.000412801 0.000228287 0.507119656 0.000412040 0.999994338 0.003324543 -0.756008387 -0.000229658 -0.003324448 0.999994397 26.899431229
0.999999940 0.000118692 0.000422277 0.515760899 -0.000120201 0.999993563 0.003576756 -0.774846137 -0.000421850 -0.003576807 0.999993503 27.442611694
0.999999225 0.001204429 -0.000101589 0.522498012 -0.001204143 0.999995410 0.002764072 -0.785013199 0.000104917 -0.002763948 0.999996185 28.019447327
0.999999762 0.000553780 -0.000410383 0.523305058 -0.000552548 0.999995351 0.002996383 -0.791495204 0.000412040 -0.002996155 0.999995410 28.530136108
0.999999821 0.000297545 -0.000449116 0.532639384 -0.000296153 0.999995112 0.003096242 -0.807971597 0.000450034 -0.003096108 0.999995112 29.070529938
0.999999285 0.000770226 -0.001037361 0.548064172 -0.000767116 0.999995172 0.002995026 -0.822568178 0.001039663 -0.002994227 0.999994934 29.623523712
0.999998987 0.000610462 -0.001272681 0.553617775 -0.000606194 0.999994218 0.003350964 -0.837203741 0.001274719 -0.003350189 0.999993563 30.163591385
0.999998510 0.000581466 -0.001589244 0.562011719 -0.000576526 0.999994993 0.003107227 -0.849425316 0.001591042 -0.003106307 0.999993920 30.705970764
0.999998331 0.000242147 -0.001826148 0.574251890 -0.000236638 0.999995410 0.003016431 -0.862919092 0.001826871 -0.003015994 0.999993742 31.250305176
0.999997199 0.000507310 -0.002322270 0.582951784 -0.000500637 0.999995708 0.002873421 -0.876917183 0.002323718 -0.002872250 0.999993145 31.798448563
0.999997199 0.000068161 -0.002358456 0.592490852 -0.000061365 0.999995828 0.002881454 -0.889662027 0.002358642 -0.002881301 0.999993086 32.348167419
0.999997020 0.000751692 -0.002327986 0.593993425 -0.000744543 0.999994993 0.003070237 -0.898697913 0.002330282 -0.003068495 0.999992490 32.890110016
0.999997377 0.001019409 -0.002056039 0.592625976 -0.001013641 0.999995589 0.002804639 -0.911121726 0.002058889 -0.002802548 0.999993920 33.443065643
0.999996006 0.001018191 -0.002620185 0.611706674 -0.001010833 0.999995530 0.002807971 -0.924298704 0.002623032 -0.002805311 0.999992609 33.981124878
0.999995410 0.000759685 -0.002912212 0.622128427 -0.000749687 0.999993801 0.003432920 -0.944307923 0.002914802 -0.003430721 0.999989867 34.523605347
0.999997020 0.000883282 -0.002228243 0.621192634 -0.000876644 0.999995112 0.002977913 -0.949784338 0.002230863 -0.002975951 0.999993086 35.075359344
0.999995351 0.000708894 -0.002972313 0.636291385 -0.000700380 0.999995649 0.002864289 -0.965541482 0.002974330 -0.002862194 0.999991477 35.611675262
0.999995768 0.000997754 -0.002760708 0.643356085 -0.000989245 0.999994814 0.003081826 -0.979290128 0.002763768 -0.003079082 0.999991417 36.164108276
0.999994934 0.000872322 -0.003047939 0.654846370 -0.000863765 0.999995649 0.002807461 -0.995357037 0.003050375 -0.002804813 0.999991417 36.726268768
0.999994636 0.000216760 -0.003289424 0.663876951 -0.000207418 0.999995947 0.002839966 -1.004604101 0.003290026 -0.002839269 0.999990523 37.279617310
0.999993622 0.000763472 -0.003464272 0.672164321 -0.000753598 0.999995649 0.002850538 -1.024728775 0.003466433 -0.002847910 0.999989927 37.825954437
0.999992549 0.000226567 -0.003828525 0.685838997 -0.000215312 0.999995649 0.002939913 -1.036388636 0.003829174 -0.002939066 0.999988437 38.369209290
0.999993265 0.001242790 -0.003442126 0.690363407 -0.001231931 0.999994278 0.003155092 -1.055271745 0.003446027 -0.003150830 0.999989152 38.918567657
0.999992847 0.001308234 -0.003531870 0.694748938 -0.001299417 0.999996066 0.002497489 -1.052200556 0.003535123 -0.002492882 0.999990642 39.475025177
0.999993145 0.001325090 -0.003455922 0.707606077 -0.001316620 0.999996185 0.002452061 -1.064363599 0.003459157 -0.002447494 0.999991000 40.019428253
0.999994934 0.001494085 -0.002808140 0.715134561 -0.001487393 0.999996126 0.002383638 -1.077905416 0.002811690 -0.002379450 0.999993205 40.572364807
0.999993742 0.001608277 -0.003128065 0.697441876 -0.001600778 0.999995828 0.002398454 -1.084960103 0.003131909 -0.002393431 0.999992251 41.122238159
0.999992609 0.001796145 -0.003380439 0.711755693 -0.001789926 0.999996722 0.001841628 -1.089612007 0.003383736 -0.001835563 0.999992609 41.666004181
0.999991655 0.001594829 -0.003750602 0.724184215 -0.001583247 0.999993920 0.003089052 -1.119229317 0.003755507 -0.003083088 0.999988258 42.201786041
0.999992371 0.002129581 -0.003280813 0.720875740 -0.002121296 0.999994516 0.002526655 -1.126334786 0.003286176 -0.002519676 0.999991417 42.780326843
0.999991655 0.002105947 -0.003504138 0.732108235 -0.002096359 0.999994040 0.002737718 -1.141276956 0.003509882 -0.002730349 0.999990106 43.325397491
0.999992371 0.002444841 -0.003060997 0.740399480 -0.002438419 0.999994874 0.002100187 -1.149982333 0.003066116 -0.002092707 0.999993026 43.882690430
0.999991179 0.002314027 -0.003505155 0.751629531 -0.002303935 0.999993205 0.002880137 -1.175174952 0.003511796 -0.002872036 0.999989629 44.415565491
0.999990821 0.002524775 -0.003470115 0.762321591 -0.002516951 0.999994218 0.002256879 -1.179601908 0.003475793 -0.002248124 0.999991357 44.970092773
0.999992847 0.002230310 -0.003064741 0.772450268 -0.002223306 0.999994993 0.002286558 -1.189749837 0.003069826 -0.002279727 0.999992728 45.518463135
0.999991655 0.002216087 -0.003434011 0.772310197 -0.002205865 0.999993145 0.002977216 -1.217412949 0.003440585 -0.002969616 0.999989688 46.071022034
0.999991953 0.001947004 -0.003520068 0.786999464 -0.001938915 0.999995530 0.002299863 -1.224357247 0.003524530 -0.002293019 0.999991238 46.617660522
0.999990284 0.002581035 -0.003578014 0.787945271 -0.002570722 0.999992549 0.002883607 -1.242201447 0.003585430 -0.002874381 0.999989390 47.168525696
0.999992430 0.001814509 -0.003464157 0.790192246 -0.001804492 0.999994218 0.002892394 -1.253998995 0.003469385 -0.002886121 0.999989808 47.709033966
0.999991775 0.001886639 -0.003573462 0.794989586 -0.001875781 0.999993622 0.003039441 -1.271194816 0.003579173 -0.003032713 0.999988914 48.266727448
0.999993086 0.001721009 -0.003297314 0.811179399 -0.001711068 0.999993980 0.003015392 -1.283013821 0.003302484 -0.003009730 0.999989986 48.815483093
0.999992549 0.001865711 -0.003383974 0.815216303 -0.001854083 0.999992371 0.003436266 -1.301551461 0.003390360 -0.003429966 0.999988377 49.354221344
0.999992132 0.001919187 -0.003468873 0.824366033 -0.001908002 0.999992907 0.003224894 -1.313116670 0.003475038 -0.003218250 0.999988794 49.910781860
0.999992609 0.001919353 -0.003327996 0.826070368 -0.001909155 0.999993443 0.003064884 -1.321717143 0.003333857 -0.003058508 0.999989748 50.462848663
0.999991953 0.001711731 -0.003616463 0.835982502 -0.001702229 0.999995112 0.002628821 -1.332843304 0.003620945 -0.002622644 0.999989986 51.011871338
0.999992609 0.001670379 -0.003476084 0.846823096 -0.001661536 0.999995410 0.002545490 -1.348134279 0.003480319 -0.002539695 0.999990702 51.558830261
0.999991238 0.001957557 -0.003698093 0.856287122 -0.001946463 0.999993622 0.003000949 -1.362381220 0.003703944 -0.002993725 0.999988616 52.105827332
0.999991179 0.001700478 -0.003838565 0.869622588 -0.001689949 0.999994814 0.002744520 -1.378138065 0.003843213 -0.002738009 0.999988794 52.648563385
0.999992788 0.001725178 -0.003390088 0.871445894 -0.001716169 0.999994993 0.002658601 -1.386579156 0.003394658 -0.002652764 0.999990702 53.193622589
0.999991775 0.001177629 -0.003878279 0.884763658 -0.001166817 0.999995410 0.002788929 -1.406197906 0.003881546 -0.002784380 0.999988616 53.743465424
0.999991596 0.001700107 -0.003733239 0.896293521 -0.001691243 0.999995708 0.002376201 -1.417069674 0.003737262 -0.002369867 0.999990225 54.292636871
0.999992847 0.001204998 -0.003580410 0.902107239 -0.001195089 0.999995410 0.002768554 -1.430672407 0.003583730 -0.002764255 0.999989748 54.840232849
0.999991775 0.001316262 -0.003874230 0.912506998 -0.001308028 0.999996901 0.002126938 -1.442826152 0.003877018 -0.002121853 0.999990165 55.384395599
0.999994278 0.001408344 -0.003082557 0.918256998 -0.001402071 0.999996901 0.002035910 -1.457094312 0.003085415 -0.002031577 0.999993145 55.934051514
0.999991894 0.001424752 -0.003794116 0.923363745 -0.001416285 0.999996483 0.002233449 -1.468923450 0.003797285 -0.002228057 0.999990284 56.487224579
0.999991536 0.001421091 -0.003862927 0.938418806 -0.001412171 0.999996305 0.002310889 -1.488127351 0.003866198 -0.002305414 0.999989867 57.021316528
0.999991357 0.001406216 -0.003909332 0.945458472 -0.001396409 0.999996006 0.002510349 -1.500750065 0.003912846 -0.002504869 0.999989212 57.571846008
0.999993145 0.001370423 -0.003441988 0.949202299 -0.001361538 0.999995768 0.002582533 -1.517336369 0.003445513 -0.002577829 0.999990821 58.125743866
0.999991834 0.001118457 -0.003878501 0.963429332 -0.001111109 0.999997616 0.001896284 -1.524373651 0.003880612 -0.001891959 0.999990702 58.672939301
0.999993443 0.001332451 -0.003369767 0.960658848 -0.001327172 0.999997914 0.001568157 -1.528151274 0.003371849 -0.001563674 0.999993086 59.219009399
0.999994278 0.000635108 -0.003335510 0.973527074 -0.000632331 0.999999404 0.000833505 -1.540793180 0.003336038 -0.000831391 0.999994099 59.758640289
0.999991894 0.001723136 -0.003618403 0.982286334 -0.001718694 0.999997795 0.001230204 -1.555066347 0.003620515 -0.001223975 0.999992669 60.310268402
0.999992490 0.001236191 -0.003656425 0.993790746 -0.001231221 0.999998331 0.001361135 -1.568883300 0.003658101 -0.001356623 0.999992371 60.853385925
0.999991715 0.001933857 -0.003585432 0.999121249 -0.001929574 0.999997437 0.001197537 -1.581071019 0.003587739 -0.001190609 0.999992847 61.386795044
0.999992192 0.001914804 -0.003456717 1.013186574 -0.001909562 0.999997079 0.001519176 -1.598933697 0.003459616 -0.001512563 0.999992847 61.928024292
0.999989748 0.002093103 -0.004001308 1.018471956 -0.002087180 0.999996662 0.001483854 -1.611264229 0.004004402 -0.001475487 0.999990821 62.475387573
0.999989271 0.002293116 -0.004026481 1.034898758 -0.002288760 0.999996722 0.001086213 -1.626171112 0.004028959 -0.001076985 0.999991298 63.016368866
0.999991119 0.002438943 -0.003435173 1.035881042 -0.002435210 0.999996424 0.001090486 -1.635903239 0.003437820 -0.001082111 0.999993563 63.567710876
0.999988437 0.002017578 -0.004355774 1.056850076 -0.002011916 0.999997139 0.001303917 -1.656833172 0.004358392 -0.001295138 0.999989688 64.109786987
0.999987662 0.002332706 -0.004388612 1.062519908 -0.002330257 0.999997139 0.000562931 -1.666879296 0.004389912 -0.000552697 0.999990284 64.659156799
0.999986053 0.002215615 -0.004788071 1.081230760 -0.002210099 0.999996901 0.001157077 -1.680869699 0.004790620 -0.001146479 0.999987900 65.199539185
0.999987900 0.002450430 -0.004262728 1.079462528 -0.002445303 0.999996305 0.001207724 -1.700409770 0.004265671 -0.001197285 0.999990165 65.741714478
0.999987423 0.002861358 -0.004127797 1.087301135 -0.002856317 0.999995172 0.001226651 -1.710792542 0.004131286 -0.001214845 0.999990702 66.301605225
0.999988496 0.002555946 -0.004065348 1.094042301 -0.002554364 0.999996722 0.000394325 -1.716475606 0.004066343 -0.000383936 0.999991596 66.855888367
0.999987900 0.002582274 -0.004180760 1.103868604 -0.002577406 0.999996006 0.001169476 -1.740909815 0.004183763 -0.001158686 0.999990582 67.377288818
0.999988854 0.002685626 -0.003879840 1.108211756 -0.002680693 0.999995649 0.001276097 -1.752595782 0.003883250 -0.001265683 0.999991655 67.930114746
0.999988616 0.003370673 -0.003394016 1.109844089 -0.003365163 0.999993026 0.001627724 -1.782277942 0.003399479 -0.001616284 0.999992907 68.463272095
0.999987364 0.002640012 -0.004312284 1.130874991 -0.002636846 0.999996245 0.000739816 -1.781626344 0.004314221 -0.000728436 0.999990404 69.000694275
0.999987721 0.002232817 -0.004435391 1.143147826 -0.002231379 0.999997497 0.000329254 -1.785088778 0.004436115 -0.000319353 0.999990106 69.550735474
0.999985456 0.002308732 -0.004874379 1.157155037 -0.002306387 0.999997199 0.000486729 -1.806000948 0.004875490 -0.000475479 0.999988019 70.087959290
0.999986291 0.001805680 -0.004907424 1.164464474 -0.001804856 0.999998331 0.000172409 -1.816363931 0.004907727 -0.000163549 0.999987960 70.641456604
0.999984384 0.002752090 -0.004862402 1.167942166 -0.002752980 0.999996185 -0.000176336 -1.829235554 0.004861898 0.000189719 0.999988139 71.184547424
0.999987721 0.002703866 -0.004147773 1.166268945 -0.002702368 0.999996305 0.000366791 -1.841557264 0.004148750 -0.000355577 0.999991298 71.700996399
0.999986649 0.002798537 -0.004343966 1.178029299 -0.002795264 0.999995828 0.000759425 -1.861415386 0.004346073 -0.000747272 0.999990284 72.245475769
0.999987245 0.002993978 -0.004063398 1.179345012 -0.002991923 0.999995410 0.000511889 -1.874430299 0.004064912 -0.000499725 0.999991596 72.778396606
0.999986172 0.002503928 -0.004625105 1.195077300 -0.002498685 0.999996305 0.001138991 -1.897434354 0.004627940 -0.001127418 0.999988616 73.309989929
0.999986589 0.002056865 -0.004760406 1.204810023 -0.002056213 0.999997854 0.000142096 -1.904925227 0.004760688 -0.000132306 0.999988675 73.867553711
0.999987662 0.002862227 -0.004056818 1.205533743 -0.002860235 0.999995768 0.000496886 -1.920493960 0.004058224 -0.000485277 0.999991655 74.406227112
0.999988139 0.002482907 -0.004215514 1.217854738 -0.002480196 0.999996722 0.000648261 -1.934407949 0.004217110 -0.000637798 0.999990880 74.949295044
0.999987900 0.002838058 -0.004017159 1.221241593 -0.002835441 0.999995768 0.000657027 -1.951478601 0.004019007 -0.000645628 0.999991655 75.493766785
0.999988616 0.002343006 -0.004156813 1.235846400 -0.002340162 0.999997139 0.000688997 -1.967658758 0.004158414 -0.000679261 0.999991119 76.036781311
0.999985397 0.002196699 -0.004946935 1.246654987 -0.002193738 0.999997377 0.000604004 -1.978144526 0.004948248 -0.000593143 0.999987602 76.575439453
0.999991655 0.002412878 -0.003278010 1.246516824 -0.002410848 0.999996901 0.000623096 -1.992968559 0.003279503 -0.000615188 0.999994397 77.139961243
0.999988556 0.001482812 -0.004549350 1.269623041 -0.001480823 0.999998808 0.000440444 -2.011110783 0.004549998 -0.000433703 0.999989569 77.678123474
0.999986649 0.001356228 -0.004980665 1.282941103 -0.001354480 0.999999046 0.000354351 -2.025762081 0.004981141 -0.000347600 0.999987602 78.220176697
0.999988317 0.001743662 -0.004496881 1.280948043 -0.001741788 0.999998391 0.000420696 -2.038676977 0.004497607 -0.000412859 0.999989808 78.764572144
0.999988854 0.001569398 -0.004451257 1.295340896 -0.001567690 0.999998689 0.000387021 -2.051714897 0.004451859 -0.000380038 0.999989986 79.303977966
0.999988317 0.002415020 -0.004196732 1.299696684 -0.002412265 0.999996841 0.000661441 -2.066130877 0.004198316 -0.000651310 0.999991000 79.854537964
0.999988258 0.001732555 -0.004524626 1.313883781 -0.001732632 0.999998629 -0.000013012 -2.079488039 0.004524597 0.000020851 0.999989688 80.389663696
0.999992073 0.001642941 -0.003611286 1.324478626 -0.001642624 0.999998629 0.000090813 -2.092607021 0.003611430 -0.000084880 0.999993503 80.947402954
0.999994516 0.001747891 -0.002810172 1.335413694 -0.001749005 0.999998391 -0.000393833 -2.103171349 0.002809479 0.000398746 0.999995947 81.494384766
0.999997497 0.002001837 -0.000929479 1.336910248 -0.002001401 0.999997914 0.000469756 -2.131259441 0.000930417 -0.000467895 0.999999464 82.037658691
0.999998689 0.001553857 0.000208722 1.355545044 -0.001553873 0.999998927 0.000072538 -2.143653631 -0.000208609 -0.000072863 1.000000000 82.584373474
0.999993265 0.001825951 0.003178976 1.374296069 -0.001824514 0.999998271 -0.000454905 -2.154081821 -0.003179801 0.000449102 0.999994874 83.139808655
0.999970973 0.001447655 0.007479860 1.385424137 -0.001443166 0.999998808 -0.000605475 -2.162325859 -0.007480729 0.000594663 0.999971867 83.673294067
0.999944985 0.001460092 0.010386949 1.405836940 -0.001464644 0.999998808 0.000430616 -2.200519562 -0.010386310 -0.000445806 0.999945879 84.205772400
0.999877155 0.002518801 0.015469998 1.427555919 -0.002525041 0.999996662 0.000383885 -2.211840391 -0.015468981 -0.000422900 0.999880195 84.759719849
0.999766827 0.001976821 0.021501705 1.453978419 -0.001970536 0.999997914 -0.000313516 -2.221814394 -0.021502279 0.000271073 0.999768734 85.308486938
0.999635160 0.002225715 0.026919071 1.486383319 -0.002254720 0.999996901 0.001047221 -2.251630545 -0.026916659 -0.001107534 0.999637008 85.848747253
0.999477267 0.001269883 0.032304272 1.522171736 -0.001284485 0.999999106 0.000431267 -2.259443283 -0.032303695 -0.000472536 0.999477983 86.404685974
0.999148607 0.001814459 0.041213959 1.548394918 -0.001845405 0.999998093 0.000712832 -2.273758411 -0.041212589 -0.000788281 0.999150038 86.966964722
0.998798370 0.001919499 0.048970565 1.604916811 -0.001952201 0.999997914 0.000619956 -2.294824600 -0.048969273 -0.000714812 0.998800039 87.492027283
0.998403251 0.002105307 0.056449488 1.641847610 -0.002143136 0.999997556 0.000609615 -2.306854010 -0.056448068 -0.000729620 0.998405278 88.045448303
0.997876585 0.001207085 0.065120786 1.701356888 -0.001262336 0.999998868 0.000807308 -2.321734667 -0.065119736 -0.000887798 0.997877061 88.575050354
0.997152030 0.001278408 0.075405478 1.765211582 -0.001351084 0.999998629 0.000912808 -2.336459160 -0.075404219 -0.001012088 0.997152507 89.106468201
0.996521413 0.000657599 0.083334528 1.832479477 -0.000669277 0.999999762 0.000112200 -2.341874123 -0.083334446 -0.000167583 0.996521533 89.684394836
0.995831370 0.000070654 0.091213427 1.898762226 -0.000067937 1.000000000 -0.000032885 -2.352254391 -0.091213435 0.000026551 0.995831370 90.240905762
0.994733453 0.000672533 0.102493659 1.970266819 -0.000695802 0.999999702 0.000191279 -2.377074718 -0.102493510 -0.000261587 0.994733572 90.781593323
0.993603110 0.000577709 0.112927392 2.046092033 -0.000611606 0.999999821 0.000265518 -2.390975237 -0.112927213 -0.000332887 0.993603170 91.331809998
0.992486298 0.000282337 0.122355670 2.133509636 -0.000276309 0.999999881 -0.000066233 -2.398944616 -0.122355685 0.000031928 0.992486298 91.902923584
0.991048932 0.000342976 0.133498564 2.223133087 -0.000383136 0.999999881 0.000275140 -2.414814711 -0.133498460 -0.000323825 0.991048992 92.441062927
0.989374757 -0.000762374 0.145385280 2.326309204 0.000759668 0.999999821 0.000074121 -2.426459074 -0.145385265 0.000037112 0.989375055 92.957733154
0.987755299 -0.001223817 0.156006485 2.429948807 0.001162668 0.999999225 0.000483208 -2.447145224 -0.156006947 -0.000295908 0.987755895 93.504737854
0.986016273 -0.000711240 0.166647658 2.536826134 0.000578293 0.999999464 0.000846299 -2.462583303 -0.166648179 -0.000738093 0.986016214 94.054176331
0.983642638 -0.000943571 0.180128023 2.653554916 0.000856231 0.999999464 0.000562621 -2.478402138 -0.180128485 -0.000399187 0.983642995 94.607589722
0.981326401 -0.001884303 0.192340270 2.783112526 0.001914192 0.999998212 0.000030429 -2.487027884 -0.192339987 0.000338315 0.981328249 95.140632629
0.979180932 -0.002122246 0.202978224 2.909637451 0.002018254 0.999997735 0.000719317 -2.504433632 -0.202979267 -0.000294680 0.979182959 95.665031433
0.976491809 -0.001617346 0.215548396 3.046747208 0.001679426 0.999998569 -0.000104860 -2.496443272 -0.215547934 0.000464392 0.976493120 96.202995300
0.973396778 -0.002178022 0.229115620 3.199014664 0.002191979 0.999997556 0.000193577 -2.513803005 -0.229115486 0.000313790 0.973399162 96.722351074
0.970707715 -0.001901172 0.240255535 3.341596603 0.001777489 0.999998093 0.000731496 -2.536441565 -0.240256459 -0.000283017 0.970709443 97.244361877
0.967815638 -0.002481542 0.251648009 3.515777588 0.002448696 0.999996901 0.000443665 -2.548034430 -0.251648337 0.000186823 0.967818737 97.780029297
0.964122236 -0.001766793 0.265452832 3.687297821 0.001556681 0.999998271 0.001001906 -2.566592455 -0.265454143 -0.000552735 0.964123368 98.314804077
0.960291564 -0.002652696 0.278985798 3.825811386 0.002616295 0.999996424 0.000502823 -2.575299501 -0.278986126 0.000247053 0.960295081 98.846382141
0.957023859 -0.003070671 0.289993018 4.012365341 0.003011836 0.999995172 0.000649182 -2.590270042 -0.289993644 0.000252129 0.957028508 99.361724854
0.952778757 -0.002897528 0.303651422 4.191328049 0.002789517 0.999995708 0.000789468 -2.603841782 -0.303652406 0.000094853 0.952782869 99.876953125
0.948249876 -0.002736180 0.317513287 4.384395599 0.002730175 0.999996126 0.000463859 -2.613449097 -0.317513347 0.000427012 0.948253691 100.389228821
0.944389522 -0.004178634 0.328802258 4.590562820 0.004042219 0.999991238 0.001098435 -2.633960247 -0.328803986 0.000291740 0.944398105 100.906982422
0.939814031 -0.004783090 0.341652840 4.800987244 0.004893968 0.999987900 0.000537424 -2.643915892 -0.341651261 0.001166959 0.939826071 101.421630859
0.934539735 -0.005050028 0.355823070 5.018495560 0.005027792 0.999986827 0.000987262 -2.660083055 -0.355823338 0.000866368 0.934552848 101.924484253
0.929892302 -0.005021248 0.367797643 5.242500305 0.004692242 0.999987364 0.001788767 -2.686207533 -0.367801934 0.000062435 0.929904163 102.428833008
0.925191224 -0.005453241 0.379462123 5.476924896 0.005314701 0.999984860 0.001412640 -2.696495533 -0.379464090 0.000709766 0.925206184 102.930084229
0.919241488 -0.005833913 0.393651009 5.704780579 0.005724555 0.999982536 0.001451953 -2.712949276 -0.393652588 0.000918783 0.919258833 103.435035706
0.913582504 -0.006443647 0.406602621 5.950874329 0.006390602 0.999978423 0.001488350 -2.726794243 -0.406603456 0.001238705 0.913603842 103.911300659
0.908505201 -0.006676458 0.417820305 6.194526672 0.006789524 0.999976218 0.001215792 -2.740606070 -0.417818427 0.001732248 0.908528924 104.386856079
0.902197957 -0.006819939 0.431268334 6.450103760 0.006756766 0.999975741 0.001678384 -2.752232075 -0.431269288 0.001399744 0.902222157 104.890731812
0.895789146 -0.006833334 0.444426745 6.718959808 0.006678940 0.999975801 0.001913133 -2.769693851 -0.444429100 0.001254536 0.895813107 105.373115540
0.889844179 -0.007953460 0.456195325 6.985946655 0.007796296 0.999967098 0.002226482 -2.783554316 -0.456197977 0.001575412 0.889877021 105.851310730
0.883882642 -0.007803238 0.467643887 7.254592896 0.007860212 0.999967456 0.001829345 -2.787413359 -0.467642903 0.002058854 0.883915126 106.349617004
0.876889467 -0.008291490 0.480620533 7.541549683 0.008179825 0.999963820 0.002326967 -2.808187962 -0.480622411 0.001890899 0.876925588 106.802719116
0.869944215 -0.008942086 0.493068933 7.813823700 0.008908265 0.999957323 0.002417534 -2.819008589 -0.493069530 0.002289270 0.869986892 107.238006592
