1.000000000 0.000000000 0.000000000 0.000000000 0.000000000 1.000000000 0.000000000 0.000000000 0.000000000 0.000000000 1.000000000 0.000000000
1.000000000 -0.000023058 -0.000132306 0.003897727 0.000023063 1.000000000 0.000040387 -0.000386737 0.000132305 -0.000040391 1.000000000 -0.000801614
1.000000000 0.000098717 -0.000030876 0.000767518 -0.000098716 1.000000000 0.000031435 -0.000566286 0.000030879 -0.000031432 1.000000000 -0.002777548
1.000000000 -0.000160743 -0.000159102 0.006322445 0.000160762 1.000000000 0.000114986 -0.001618924 0.000159084 -0.000115012 1.000000000 -0.002976628
1.000000000 -0.000147706 -0.000169730 0.003942844 0.000147719 1.000000000 0.000079639 -0.001336857 0.000169718 -0.000079664 1.000000000 -0.002933980
1.000000000 0.000045227 0.000012682 -0.000778272 -0.000045226 1.000000000 -0.000060920 -0.000377130 -0.000012685 0.000060919 1.000000000 -0.002158606
1.000000000 -0.000084465 -0.000100201 0.003240575 0.000084479 1.000000000 0.000139733 -0.002069853 0.000100189 -0.000139742 1.000000000 -0.005488494
1.000000000 -0.000086328 -0.000051661 -0.001113510 0.000086331 1.000000000 0.000065226 0.000239568 0.000051656 -0.000065230 1.000000000 0.002987537
1.000000000 -0.000034453 -0.000082748 0.002345061 0.000034455 1.000000000 0.000025670 -0.002746989 0.000082747 -0.000025673 1.000000000 -0.007102404
1.000000000 -0.000086426 -0.000054007 0.001832670 0.000086431 1.000000000 0.000100598 -0.000610015 0.000053998 -0.000100602 1.000000000 -0.005846818
1.000000000 -0.000006785 0.000017231 0.000112240 0.000006784 1.000000000 0.000052289 -0.001198949 -0.000017231 -0.000052289 1.000000000 -0.002621362
0.999999940 -0.000241115 -0.000125612 0.001329297 0.000241128 0.999999940 0.000100599 -0.002909668 0.000125587 -0.000100629 1.000000000 -0.008255441
1.000000000 -0.000036649 0.000047497 0.000021938 0.000036646 1.000000000 0.000058182 -0.001581998 -0.000047499 -0.000058180 1.000000000 -0.004050743
1.000000000 -0.000103767 -0.000014059 0.001641719 0.000103769 1.000000000 0.000133853 -0.002640177 0.000014045 -0.000133855 1.000000000 -0.006731470
1.000000000 -0.000131448 -0.000072280 0.001584403 0.000131454 1.000000000 0.000092380 -0.001527354 0.000072268 -0.000092389 1.000000000 -0.006243544
1.000000000 -0.000136153 -0.000094102 0.000961133 0.000136163 1.000000000 0.000108700 -0.001513852 0.000094087 -0.000108713 1.000000000 -0.006038928
0.999999940 -0.000251106 -0.000057407 0.001212024 0.000251111 0.999999940 0.000082308 -0.001863875 0.000057386 -0.000082323 1.000000000 -0.007076140
1.000000000 -0.000039848 -0.000081722 0.002780251 0.000039861 1.000000000 0.000157845 -0.003277556 0.000081715 -0.000157848 1.000000000 -0.010024143
0.999999940 -0.000358525 -0.000100440 0.003531124 0.000358546 0.999999940 0.000206386 -0.004411656 0.000100366 -0.000206422 1.000000000 -0.009877613
1.000000000 -0.000136438 -0.000060096 0.001789755 0.000136443 1.000000000 0.000089557 -0.003417910 0.000060084 -0.000089565 1.000000000 -0.006322973
1.000000000 -0.000083216 -0.000060088 0.003291298 0.000083233 0.999999940 0.000289686 -0.005965595 0.000060064 -0.000289691 0.999999940 -0.008818713
1.000000000 0.000000371 0.000025275 -0.000017056 -0.000000374 1.000000000 0.000134525 -0.001437510 -0.000025275 -0.000134525 1.000000000 -0.005384112
0.999999940 -0.000215369 -0.000193069 0.005654241 0.000215421 0.999999940 0.000265916 -0.003315119 0.000193012 -0.000265958 0.999999940 -0.013268139
0.999999940 -0.000295192 -0.000075213 0.000038808 0.000295213 0.999999940 0.000275623 -0.004052700 0.000075131 -0.000275645 0.999999940 -0.007687259
0.999999940 -0.000266176 -0.000204826 0.005745901 0.000266227 0.999999940 0.000252570 -0.003781751 0.000204759 -0.000252625 0.999999940 -0.011662775
1.000000000 -0.000205920 -0.000117753 0.002851418 0.000205954 0.999999940 0.000291232 -0.003890062 0.000117693 -0.000291256 0.999999940 -0.011215780
1.000000000 -0.000109165 -0.000120624 0.001950864 0.000109192 0.999999940 0.000220223 -0.005148598 0.000120600 -0.000220236 0.999999940 -0.011381209
0.999999940 -0.000224099 -0.000111504 0.002787092 0.000224129 0.999999940 0.000266280 -0.004272118 0.000111444 -0.000266305 0.999999940 -0.006598654
1.000000000 -0.000183567 -0.000092385 -0.000442239 0.000183581 1.000000000 0.000144993 0.000437033 0.000092358 -0.000145010 1.000000000 -0.006133058
1.000000000 -0.000087548 -0.000056344 -0.000848236 0.000087561 1.000000000 0.000219106 -0.001363484 0.000056325 -0.000219111 1.000000000 -0.002601516
1.000000000 -0.000166175 -0.000081653 -0.000651634 0.000166195 0.999999940 0.000242721 -0.001867088 0.000081613 -0.000242735 0.999999940 -0.001956564
0.999999940 -0.000312312 -0.000198914 -0.001272454 0.000312361 0.999999940 0.000243323 -0.003051220 0.000198838 -0.000243385 0.999999940 -0.009860912
0.999999881 -0.000395355 -0.000183473 0.003002040 0.000395409 0.999999881 0.000290344 -0.004457056 0.000183358 -0.000290417 0.999999940 -0.008674690
1.000000000 -0.000090338 -0.000132743 0.000518616 0.000090356 1.000000000 0.000132788 -0.001810056 0.000132731 -0.000132799 1.000000000 -0.003405468
1.000000000 -0.000191162 -0.000091655 0.000866652 0.000191172 1.000000000 0.000116343 -0.002405717 0.000091633 -0.000116361 1.000000000 -0.003410299
0.999999940 -0.000269293 -0.000077851 -0.000453571 0.000269292 0.999999940 -0.000006387 -0.000603790 0.000077853 0.000006366 1.000000000 -0.006188035
0.999999940 -0.000256491 -0.000116301 0.002634891 0.000256509 0.999999940 0.000160017 -0.001823126 0.000116260 -0.000160047 1.000000000 -0.008434251
0.999999940 -0.000233190 -0.000195271 0.001709954 0.000233224 0.999999940 0.000173256 -0.001400488 0.000195230 -0.000173302 0.999999940 -0.007582347
0.999999940 -0.000226557 -0.000119840 0.000359515 0.000226592 0.999999940 0.000289978 -0.002584666 0.000119775 -0.000290005 0.999999940 -0.009417410
0.999999940 -0.000312907 -0.000175761 0.003085115 0.000312953 0.999999940 0.000264229 -0.005053565 0.000175678 -0.000264284 0.999999940 -0.008244429
0.999999940 -0.000214266 -0.000170612 0.007999421 0.000214209 0.999999940 -0.000335871 -0.009709951 0.000170684 0.000335834 0.999999940 0.043358240
0.999999940 -0.000221285 -0.000195661 0.006494491 0.000221084 0.999999464 -0.001028433 -0.007501104 0.000195889 0.001028389 0.999999464 0.140281975
0.999999940 -0.000223657 -0.000134456 0.003426342 0.000223487 0.999999166 -0.001263305 -0.013477183 0.000134739 0.001263275 0.999999166 0.261056066
0.999999881 -0.000436986 0.000001021 0.001915182 0.000436987 0.999999106 -0.001261183 -0.019045157 -0.000000470 0.001261183 0.999999225 0.394486964
0.999999940 -0.000144614 -0.000255716 0.014632744 0.000144354 0.999999464 -0.001015682 -0.023712795 0.000255863 0.001015645 0.999999464 0.530031323
1.000000000 -0.000135774 -0.000124318 0.015903618 0.000135651 0.999999523 -0.000988405 -0.028851818 0.000124452 0.000988388 0.999999523 0.690135539
0.999999881 -0.000367171 0.000366878 0.010357935 0.000367476 0.999999583 -0.000832805 -0.031625785 -0.000366572 0.000832940 0.999999583 0.869114101
0.999999821 -0.000456579 -0.000336549 0.028000254 0.000456422 0.999999762 -0.000466497 -0.039207939 0.000336762 0.000466344 0.999999821 1.026497960
1.000000000 -0.000136955 0.000199340 0.024517711 0.000137079 0.999999821 -0.000620135 -0.040442575 -0.000199255 0.000620162 0.999999762 1.203804970
0.999999940 -0.000399163 -0.000047166 0.043278694 0.000399155 0.999999881 -0.000172054 -0.056023914 0.000047235 0.000172035 1.000000000 1.412563443
1.000000000 0.000006226 0.000138986 0.039402358 -0.000006180 0.999999940 -0.000330154 -0.061972693 -0.000138988 0.000330153 0.999999940 1.605378389
0.999991775 0.003849004 0.001270231 0.020286167 -0.003848684 0.999992549 -0.000253801 -0.081548981 -0.001271198 0.000248911 0.999999166 1.773227453
0.999993861 0.003346968 0.000987046 0.033398911 -0.003347084 0.999994338 0.000116386 -0.090979263 -0.000986651 -0.000119689 0.999999583 1.976110935
0.999991834 0.003823194 0.001298829 0.030997969 -0.003823119 0.999992669 -0.000060421 -0.104097992 -0.001299050 0.000055455 0.999999166 2.209512949
0.999991655 0.003860265 0.001326529 0.039798688 -0.003860542 0.999992490 0.000205873 -0.111184835 -0.001325724 -0.000210993 0.999999166 2.426658630
0.999988794 0.004547156 0.001320563 0.039402504 -0.004547446 0.999989629 0.000216168 -0.112951092 -0.001319566 -0.000222171 0.999999106 2.669593096
0.999989569 0.004161579 0.001853092 0.041797869 -0.004162750 0.999991119 0.000629069 -0.126777872 -0.001850457 -0.000636776 0.999998093 2.897786617
0.999990344 0.003868425 0.002095825 0.031327143 -0.003869377 0.999992371 0.000450372 -0.142050043 -0.002094067 -0.000458477 0.999997675 3.115416288
0.999988437 0.004229645 0.002321610 0.033646934 -0.004230308 0.999991059 0.000280632 -0.146990582 -0.002320402 -0.000290450 0.999997199 3.368608713
0.999989510 0.004029983 0.002211000 0.041024834 -0.004030869 0.999991834 0.000396318 -0.154997259 -0.002209385 -0.000405226 0.999997377 3.622064829
0.999988556 0.004312607 0.002059937 0.049180314 -0.004313360 0.999990642 0.000361728 -0.160271436 -0.002058358 -0.000370609 0.999997795 3.854770184
0.999990642 0.003542062 0.002449986 0.047408488 -0.003544491 0.999993205 0.000987716 -0.185711876 -0.002446471 -0.000996390 0.999996483 4.117519855
0.999987900 0.004054024 0.002774011 0.047806829 -0.004058141 0.999990642 0.001480021 -0.196367577 -0.002767985 -0.001491260 0.999995053 4.370133400
0.999988437 0.004121921 0.002469489 0.053279813 -0.004124690 0.999990880 0.001117607 -0.204044759 -0.002464860 -0.001127780 0.999996245 4.635047913
0.999985695 0.004475316 0.002924862 0.057317056 -0.004478752 0.999989271 0.001169060 -0.209899545 -0.002919598 -0.001182143 0.999995053 4.896577835
0.999984920 0.004719574 0.002801634 0.066902690 -0.004722451 0.999988377 0.001020969 -0.211463317 -0.002796783 -0.001034185 0.999995530 5.162709713
0.999985874 0.004536984 0.002775718 0.063036956 -0.004540846 0.999988675 0.001386285 -0.228758156 -0.002769397 -0.001398869 0.999995172 5.428723812
0.999984801 0.004404060 0.003324138 0.062147476 -0.004408423 0.999989390 0.001306256 -0.236898795 -0.003318349 -0.001320890 0.999993622 5.689153671
0.999984980 0.004433451 0.003224303 0.067079991 -0.004437694 0.999989331 0.001310101 -0.242229983 -0.003218460 -0.001324390 0.999993980 5.976642609
0.999979615 0.005406694 0.003386435 0.076629877 -0.005410301 0.999984860 0.001057087 -0.246922597 -0.003380668 -0.001075387 0.999993742 6.237693310
0.999984384 0.004621986 0.003144732 0.076184466 -0.004625902 0.999988556 0.001239150 -0.267072201 -0.003138968 -0.001253678 0.999994278 6.553692818
0.999986768 0.004260239 0.002871020 0.082039915 -0.004263383 0.999990284 0.001089807 -0.273716897 -0.002866349 -0.001102033 0.999995291 6.846489429
0.999986231 0.004294236 0.003020397 0.089723013 -0.004297922 0.999990046 0.001215169 -0.284736961 -0.003015149 -0.001228133 0.999994695 7.149575710
0.999987543 0.004290107 0.002574851 0.104845390 -0.004293374 0.999990046 0.001264329 -0.292941839 -0.002569401 -0.001275368 0.999995947 7.444436073
0.999988258 0.003833105 0.002959081 0.107003197 -0.003837919 0.999991298 0.001623069 -0.315421104 -0.002952834 -0.001634406 0.999994278 7.753946781
0.999987960 0.004013075 0.002811061 0.122790955 -0.004019369 0.999989390 0.002237060 -0.330767155 -0.002802054 -0.002248332 0.999993563 8.072163582
0.999989688 0.003526283 0.002854763 0.118994229 -0.003530246 0.999992847 0.001384071 -0.327937901 -0.002849862 -0.001394134 0.999994993 8.394228935
0.999980927 0.005064475 0.003531999 0.123275638 -0.005070263 0.999985874 0.001631478 -0.331125975 -0.003523686 -0.001649355 0.999992430 8.733695030
0.999989688 0.003458366 0.002945721 0.139219865 -0.003463449 0.999992490 0.001722103 -0.351494700 -0.002939743 -0.001732287 0.999994159 9.052471161
0.999989629 0.003051552 0.003400804 0.144172430 -0.003057416 0.999993861 0.001720312 -0.357490510 -0.003395534 -0.001730691 0.999992728 9.397811890
0.999990404 0.002837405 0.003325593 0.159855962 -0.002843736 0.999994099 0.001900554 -0.373765171 -0.003320181 -0.001909993 0.999992669 9.730250359
0.999992669 0.002853636 0.002571051 0.183281258 -0.002858045 0.999994457 0.001712643 -0.375484645 -0.002566150 -0.001719979 0.999995232 10.094265938
0.999989212 0.003457292 0.003095603 0.176974684 -0.003463662 0.999991894 0.002054688 -0.398080498 -0.003088474 -0.002065388 0.999993086 10.436299324
0.999987543 0.003832940 0.003183949 0.186801374 -0.003840606 0.999989748 0.002404830 -0.408165962 -0.003174699 -0.002417028 0.999991953 10.802682877
0.999988437 0.003599322 0.003165760 0.190899536 -0.003605944 0.999991298 0.002088509 -0.414702594 -0.003158215 -0.002099901 0.999992788 11.185477257
0.999988794 0.003297107 0.003370238 0.193044975 -0.003305421 0.999991477 0.002464332 -0.428465039 -0.003362084 -0.002475445 0.999991298 11.556302071
0.999986410 0.003734939 0.003629996 0.202490106 -0.003743370 0.999990284 0.002318581 -0.448461771 -0.003621301 -0.002332138 0.999990642 11.900475502
0.999985278 0.003830197 0.003819184 0.209779367 -0.003837756 0.999990702 0.001973899 -0.456584483 -0.003811588 -0.001988527 0.999990702 12.286388397
0.999984503 0.004025726 0.003834623 0.219803080 -0.004033706 0.999989688 0.002075570 -0.470674127 -0.003826228 -0.002091006 0.999990404 12.679966927
0.999985218 0.003987083 0.003671031 0.242385834 -0.003995439 0.999989390 0.002271444 -0.475211322 -0.003661935 -0.002286078 0.999990642 13.082226753
0.999991417 0.002941868 0.002895987 0.263996005 -0.002948639 0.999992847 0.002336744 -0.487198174 -0.002889093 -0.002345263 0.999993026 13.462636948
0.999984562 0.003892656 0.003971753 0.257958859 -0.003903244 0.999988854 0.002661427 -0.513961971 -0.003961349 -0.002676889 0.999988556 13.816686630
0.999985158 0.003653978 0.004031667 0.270255834 -0.003666192 0.999988794 0.003026248 -0.524811029 -0.004020563 -0.003040984 0.999987304 14.235554695
0.999986649 0.003011887 0.004205387 0.282806605 -0.003024996 0.999990642 0.003114354 -0.541107774 -0.004195967 -0.003127034 0.999986231 14.665498734
0.999987483 0.003006210 0.004000041 0.293973863 -0.003020227 0.999989450 0.003502865 -0.571604967 -0.003989468 -0.003514902 0.999985874 15.051629066
0.999983728 0.003362351 0.004613172 0.300419241 -0.003377963 0.999988616 0.003380631 -0.582854688 -0.004601753 -0.003396160 0.999983668 15.484081268
0.999982119 0.003458569 0.004866790 0.321368068 -0.003473737 0.999989152 0.003111750 -0.590284705 -0.004855975 -0.003128601 0.999983370 15.963864326
0.999987006 0.002495710 0.004444677 0.338741153 -0.002510451 0.999991357 0.003314077 -0.596433640 -0.004436369 -0.003325192 0.999984622 16.391279221
0.999980688 0.003106430 0.005376454 0.340477020 -0.003122926 0.999990463 0.003062663 -0.610691249 -0.005366890 -0.003079394 0.999980867 16.809072495
0.999979556 0.002555270 0.005850803 0.340817451 -0.002579380 0.999988139 0.004116977 -0.659621596 -0.005840214 -0.004131985 0.999974370 17.223632812
0.999982953 0.002064339 0.005469191 0.359246433 -0.002088450 0.999988079 0.004406556 -0.672050416 -0.005460030 -0.004417903 0.999975264 17.685312271
0.999978781 0.002743309 0.005914785 0.367011398 -0.002769891 0.999986053 0.004490672 -0.688219309 -0.005902385 -0.004506961 0.999972463 18.157850266
0.999975681 0.002507267 0.006504477 0.381558090 -0.002537329 0.999986112 0.004617717 -0.694520772 -0.006492808 -0.004634109 0.999968231 18.623746872
0.999979973 0.001672383 0.006112872 0.404854238 -0.001701009 0.999987602 0.004680648 -0.708870828 -0.006104970 -0.004690952 0.999970317 19.104400635
0.999972522 0.003029356 0.006763986 0.399805069 -0.003059420 0.999985397 0.004438777 -0.724920094 -0.006750441 -0.004459349 0.999967277 19.548988342
0.999974489 0.003158558 0.006403654 0.412668526 -0.003186030 0.999985754 0.004284421 -0.736187577 -0.006390030 -0.004304715 0.999970317 20.034034729
0.999973655 0.003136496 0.006546196 0.425653696 -0.003168220 0.999983191 0.004841361 -0.757621527 -0.006530900 -0.004861974 0.999966919 20.533651352
0.999977767 0.002225516 0.006280352 0.443210870 -0.002260489 0.999981940 0.005567015 -0.786095679 -0.006267848 -0.005581087 0.999964774 21.026481628
0.999981284 0.001666077 0.005886627 0.440056413 -0.001700338 0.999981642 0.005819832 -0.818839788 -0.005876823 -0.005829733 0.999965727 21.470970154
0.999982536 0.001827561 0.005610514 0.452575058 -0.001859917 0.999981642 0.005767235 -0.834418178 -0.005599870 -0.005777570 0.999967575 21.980953217
0.999985695 0.001512548 0.005124762 0.470498621 -0.001544386 0.999979556 0.006214343 -0.854492307 -0.005115258 -0.006222168 0.999967575 22.482145309
0.999987304 0.001575361 0.004786179 0.473782361 -0.001601737 0.999983609 0.005512035 -0.854433775 -0.004777418 -0.005519632 0.999973357 22.995616913
0.999992847 0.001155874 0.003600327 0.487536490 -0.001176917 0.999982178 0.005848161 -0.871694326 -0.003593503 -0.005852357 0.999976397 23.445264816
0.999994993 0.000089452 0.003158933 0.494235337 -0.000107604 0.999983490 0.005746569 -0.887674510 -0.003158367 -0.005746879 0.999978483 23.955545425
0.999995947 0.000880408 0.002701453 0.503109038 -0.000896634 0.999981523 0.006011126 -0.899529040 -0.002696111 -0.006013524 0.999978304 24.477243423
0.999997616 0.001010902 0.001961275 0.519135177 -0.001022814 0.999980986 0.006082202 -0.908815503 -0.001955090 -0.006084193 0.999979556 25.018388748
0.999998689 0.000962076 0.001293764 0.525443256 -0.000969927 0.999980986 0.006081703 -0.918713689 -0.001287888 -0.006082949 0.999980628 25.532453537
0.999999404 0.000266177 0.001010644 0.538129508 -0.000272024 0.999983191 0.005790414 -0.929354191 -0.001009086 -0.005790686 0.999982715 26.079454422
0.999999702 0.000518687 0.000581491 0.550160885 -0.000522522 0.999978006 0.006614012 -0.940220952 -0.000578048 -0.006614313 0.999977946 26.598592758
0.999999285 0.001114922 0.000524262 0.560730278 -0.001118360 0.999977589 0.006602820 -0.956421316 -0.000516888 -0.006603402 0.999978065 27.128513336
0.999998510 0.001717779 0.000159034 0.572158873 -0.001718818 0.999975502 0.006783583 -0.976363659 -0.000147377 -0.006783847 0.999976933 27.677845001
0.999998927 0.001461967 -0.000094142 0.574040651 -0.001461302 0.999976397 0.006710399 -0.984964550 0.000103950 -0.006710254 0.999977469 28.170097351
0.999997973 0.001947495 -0.000457469 0.585927069 -0.001944512 0.999977350 0.006433610 -0.998896360 0.000469988 -0.006432707 0.999979198 28.718881607
0.999998093 0.001954551 -0.000285183 0.582974195 -0.001952723 0.999978364 0.006274411 -1.008839369 0.000297440 -0.006273841 0.999980271 29.270177841
0.999998212 0.001341680 -0.001296582 0.607836127 -0.001332410 0.999973714 0.007123722 -1.032154560 0.001306105 -0.007121982 0.999973714 29.778692245
0.999998331 0.001260679 -0.001294421 0.620750129 -0.001250985 0.999971390 0.007462311 -1.048999548 0.001303792 -0.007460678 0.999971330 30.325929642
0.999997318 0.001638172 -0.001616972 0.627935827 -0.001626385 0.999972403 0.007263544 -1.059439659 0.001628826 -0.007260896 0.999972224 30.828214645
0.999996543 0.001434494 -0.002200465 0.649434984 -0.001416489 0.999965787 0.008162262 -1.080986977 0.002212098 -0.008159118 0.999964237 31.361211777
0.999996543 0.001604014 -0.002112543 0.666827083 -0.001589111 0.999973953 0.007037479 -1.092480659 0.002123776 -0.007034098 0.999972939 31.908460617
0.999996424 0.001652317 -0.002116221 0.660845160 -0.001636650 0.999971390 0.007383458 -1.093845725 0.002128361 -0.007379968 0.999970496 32.422622681
0.999996901 0.001969192 -0.001503606 0.651253998 -0.001958553 0.999973238 0.007044600 -1.104477048 0.001517438 -0.007041633 0.999974072 32.973964691
0.999997318 0.001786914 -0.001505337 0.653992295 -0.001776046 0.999972522 0.007190168 -1.124430418 0.001518143 -0.007187474 0.999972999 33.498584747
0.999994874 0.001837825 -0.002629252 0.690203071 -0.001817186 0.999967694 0.007830568 -1.136034966 0.002643558 -0.007825750 0.999965906 34.000286102
0.999994040 0.001402731 -0.003156754 0.710846305 -0.001379207 0.999971390 0.007441862 -1.143049955 0.003167102 -0.007437465 0.999967396 34.532981873
0.999994457 0.001933152 -0.002725342 0.706145406 -0.001911963 0.999968052 0.007756035 -1.160005093 0.002740248 -0.007750781 0.999966264 35.066890717
0.999996066 0.001462134 -0.002384998 0.693779588 -0.001443060 0.999967098 0.007979779 -1.184362411 0.002396587 -0.007976306 0.999965310 35.566265106
0.999995887 0.001672976 -0.002309829 0.700899482 -0.001654350 0.999966323 0.008042172 -1.194494724 0.002323206 -0.008038319 0.999965012 36.106620789
0.999995232 0.002247928 -0.002118099 0.712908447 -0.002231765 0.999968588 0.007602627 -1.199216366 0.002135122 -0.007597863 0.999968827 36.643890381
0.999995410 0.002218141 -0.002018141 0.719904661 -0.002203192 0.999970317 0.007379591 -1.212367773 0.002034450 -0.007375113 0.999970675 37.218212128
0.999995112 0.001638786 -0.002665351 0.734824777 -0.001616614 0.999964237 0.008299598 -1.254214525 0.002678858 -0.008295249 0.999962032 37.725128174
0.999994755 0.001723822 -0.002753588 0.741319358 -0.001701551 0.999966025 0.008069973 -1.263614178 0.002767406 -0.008065246 0.999963641 38.280887604
0.999993861 0.001119675 -0.003328417 0.754255652 -0.001092396 0.999965906 0.008186328 -1.280585408 0.003337470 -0.008182642 0.999960959 38.854633331
0.999993861 0.001772609 -0.003021150 0.767560005 -0.001746337 0.999960840 0.008676387 -1.291301966 0.003036412 -0.008671060 0.999957800 39.317005157
0.999994397 0.002252516 -0.002484222 0.768762410 -0.002233983 0.999969780 0.007437807 -1.273939848 0.002500901 -0.007432217 0.999969244 39.804439545
0.999994576 0.001373310 -0.002994648 0.791576624 -0.001346465 0.999958992 0.008948267 -1.330253601 0.003006816 -0.008944186 0.999955416 40.353759766
0.999994218 0.001005530 -0.003247252 0.799371481 -0.000975021 0.999955475 0.009383111 -1.344941735 0.003256543 -0.009379891 0.999950707 40.890251160
0.999993324 0.001862148 -0.003150684 0.809661329 -0.001832733 0.999954939 0.009313365 -1.349782228 0.003167885 -0.009307527 0.999951601 41.432617188
0.999993205 0.001519574 -0.003365148 0.823690712 -0.001486990 0.999952197 0.009663967 -1.367523074 0.003379672 -0.009658900 0.999947667 41.943275452
0.999992132 0.001490165 -0.003691748 0.840576231 -0.001455327 0.999954522 0.009421423 -1.374278069 0.003705619 -0.009415978 0.999948859 42.491073608
0.999992967 0.001719045 -0.003324478 0.838366508 -0.001687190 0.999952793 0.009561045 -1.389106393 0.003340757 -0.009555369 0.999948680 43.019432068
0.999993682 0.001546217 -0.003206357 0.844901681 -0.001515623 0.999953508 0.009522230 -1.398420930 0.003220932 -0.009517308 0.999949515 43.544933319
0.999993324 0.001602248 -0.003289480 0.861062765 -0.001571998 0.999956667 0.009177880 -1.402198672 0.003304044 -0.009172650 0.999952495 44.086208344
0.999993920 0.001531571 -0.003125055 0.869060397 -0.001503423 0.999958456 0.008989600 -1.416249275 0.003138694 -0.008984846 0.999954700 44.619258881
0.999994516 0.001668843 -0.002859654 0.872023582 -0.001642999 0.999958038 0.009016144 -1.422015548 0.002874581 -0.009011396 0.999955297 45.125839233
0.999993443 0.001158177 -0.003423217 0.896990240 -0.001126398 0.999956489 0.009270695 -1.442454338 0.003433806 -0.009266777 0.999951184 45.682186127
0.999992847 0.001534982 -0.003462267 0.921192825 -0.001501556 0.999952376 0.009636510 -1.472831488 0.003476894 -0.009631241 0.999947548 46.206897736
0.999990821 0.001200908 -0.004104524 0.931420088 -0.001162955 0.999956608 0.009236540 -1.463642836 0.004115439 -0.009231682 0.999948919 46.785110474
0.999993086 0.001535921 -0.003378995 0.921052217 -0.001505020 0.999957204 0.009128693 -1.468667269 0.003392871 -0.009123545 0.999952555 47.278903961
0.999992371 0.001076129 -0.003744403 0.941305459 -0.001040680 0.999954700 0.009456472 -1.486778855 0.003754410 -0.009452504 0.999948204 47.815406799
0.999992371 0.000753918 -0.003822339 0.946819842 -0.000716641 0.999952257 0.009744343 -1.499388456 0.003829503 -0.009741530 0.999945223 48.364528656
0.999992609 0.001909977 -0.003339723 0.953519940 -0.001878470 0.999953926 0.009411672 -1.504083872 0.003357546 -0.009405327 0.999950111 48.891418457
0.999992549 0.001851379 -0.003399079 0.955777764 -0.001820369 0.999956965 0.009103284 -1.508271098 0.003415786 -0.009097029 0.999952734 49.444423676
0.999992788 0.001908139 -0.003321422 0.966314912 -0.001875908 0.999951303 0.009680511 -1.527142644 0.003339733 -0.009674208 0.999947548 49.950710297
0.999991477 0.001687242 -0.003782012 0.977335453 -0.001651951 0.999955177 0.009315074 -1.534936190 0.003797559 -0.009308748 0.999949455 50.493190765
0.999992788 0.001716026 -0.003362895 0.979476988 -0.001683211 0.999951124 0.009736348 -1.545564771 0.003379440 -0.009730618 0.999946952 51.034374237
0.999991357 0.001835708 -0.003724257 1.006914616 -0.001798974 0.999949992 0.009842673 -1.561761260 0.003742139 -0.009835890 0.999944568 51.564884186
0.999991953 0.001898092 -0.003525229 1.014552474 -0.001861940 0.999945879 0.010230256 -1.564880610 0.003544455 -0.010223610 0.999941468 52.104331970
0.999992788 0.001294644 -0.003563793 1.007306576 -0.001259447 0.999950588 0.009860917 -1.587182760 0.003576383 -0.009856358 0.999945045 52.651313782
0.999992788 0.001536434 -0.003471614 1.028570175 -0.001502065 0.999950111 0.009880828 -1.588260651 0.003486622 -0.009875543 0.999945164 53.195438385
0.999991477 0.001245759 -0.003939507 1.020739794 -0.001206321 0.999949217 0.009997699 -1.598818779 0.003951762 -0.009992863 0.999942303 53.712741852
0.999994159 0.001463724 -0.003095565 1.019144654 -0.001432777 0.999949217 0.009975914 -1.637350798 0.003110010 -0.009971422 0.999945462 54.254180908
0.999992788 0.001207236 -0.003595801 1.031162977 -0.001174161 0.999957085 0.009186345 -1.640395164 0.003606736 -0.009182057 0.999951303 54.798820496
0.999994218 0.001238267 -0.003201572 1.026697278 -0.001207032 0.999951839 0.009739609 -1.655509591 0.003213479 -0.009735687 0.999947429 55.332111359
0.999994457 0.001042657 -0.003157598 1.055528522 -0.001009835 0.999945641 0.010378440 -1.672906876 0.003168247 -0.010375194 0.999941111 55.837951660
0.999994397 0.000863679 -0.003231099 1.072442174 -0.000830251 0.999946237 0.010332603 -1.678438425 0.003239849 -0.010329862 0.999941409 56.376976013
0.999995768 0.001419245 -0.002537159 1.066291571 -0.001391927 0.999941409 0.010736786 -1.696514368 0.002552248 -0.010733207 0.999939084 56.939586639
0.999995172 0.000924313 -0.002959855 1.078994870 -0.000894349 0.999948561 0.010108588 -1.708306789 0.002969046 -0.010105893 0.999944508 57.506622314
0.999995470 0.000933258 -0.002869444 1.084876060 -0.000902474 0.999942243 0.010710654 -1.718602061 0.002879274 -0.010708016 0.999938488 57.983470917
0.999995351 0.000926419 -0.002893579 1.097466469 -0.000894283 0.999938071 0.011087629 -1.736130953 0.002903671 -0.011084990 0.999934316 58.513050079
0.999995291 0.000072846 -0.003061392 1.113511682 -0.000039427 0.999940455 0.010914835 -1.748612404 0.003062006 -0.010914665 0.999935687 59.053573608
0.999994636 0.000445293 -0.003249326 1.121457577 -0.000409242 0.999938488 0.011087125 -1.749215245 0.003254064 -0.011085736 0.999933243 59.605556488
0.999996483 0.000488229 -0.002616712 1.134182811 -0.000459328 0.999939024 0.011033807 -1.765225887 0.002621939 -0.011032566 0.999935627 60.096736908
0.999994338 0.001515802 -0.003032682 1.159860849 -0.001480870 0.999932885 0.011487771 -1.787157536 0.003049891 -0.011483215 0.999929368 60.625732422
0.999993205 0.000228996 -0.003694314 1.184671402 -0.000185749 0.999931455 0.011702500 -1.802860022 0.003696740 -0.011701734 0.999924660 61.150154114
0.999995172 0.000651786 -0.003059171 1.191010952 -0.000620863 0.999948800 0.010098167 -1.777062774 0.003065596 -0.010096217 0.999944329 61.659141541
0.999998033 0.000194840 -0.001934672 1.162330151 -0.000174765 0.999946177 0.010371526 -1.770087719 0.001936590 -0.010371168 0.999944329 62.215538025
0.999997437 0.000641264 -0.002169829 1.175359607 -0.000617778 0.999941409 0.010807606 -1.793223381 0.002176632 -0.010806238 0.999939203 62.756866455
0.999998271 0.000599575 -0.001744110 1.160335660 -0.000579395 0.999933124 0.011548053 -1.829764962 0.001750917 -0.011547022 0.999931753 63.301559448
0.999996543 -0.000249195 -0.002567264 1.192827702 0.000278450 0.999934971 0.011400929 -1.845010757 0.002564256 -0.011401605 0.999931633 63.844154358
0.999994993 -0.001371298 -0.002844958 1.219358444 0.001400998 0.999944210 0.010464041 -1.808069706 0.002830448 -0.010467974 0.999941230 64.346694946
0.999992728 -0.002121253 -0.003180944 1.238282204 0.002155113 0.999940574 0.010679374 -1.818256855 0.003158100 -0.010686152 0.999937952 64.887878418
0.999995410 -0.001438427 -0.002661008 1.237430573 0.001466903 0.999941289 0.010730251 -1.828456044 0.002645416 -0.010734105 0.999938905 65.440429688
0.999988258 -0.003192082 -0.003652328 1.264225364 0.003230242 0.999939740 0.010490355 -1.824388504 0.003618621 -0.010502030 0.999938369 65.944335938
0.999996960 -0.001122646 -0.002223182 1.252466440 0.001148444 0.999931633 0.011636867 -1.875121832 0.002209965 -0.011639385 0.999929845 66.488861084
0.999994934 -0.001947889 -0.002509458 1.275204301 0.001973251 0.999946594 0.010144074 -1.852406979 0.002489563 -0.010148976 0.999945343 67.039627075
0.999993742 -0.002320554 -0.002673397 1.292084455 0.002347623 0.999945581 0.010166898 -1.864961505 0.002649660 -0.010173112 0.999944687 67.567016602
0.999996901 -0.001526316 -0.001999231 1.289157510 0.001547992 0.999939501 0.010886351 -1.889907360 0.001982494 -0.010889409 0.999938667 68.114860535
0.999996066 -0.001571227 -0.002293802 1.311955571 0.001595154 0.999943912 0.010466892 -1.880361557 0.002277227 -0.010470511 0.999942601 68.637809753
0.999995530 -0.002197954 -0.002013333 1.301840305 0.002219245 0.999940932 0.010634338 -1.897420883 0.001989841 -0.010638759 0.999941409 69.207412720
0.999996424 -0.001792732 -0.001981063 1.305190921 0.001813681 0.999941885 0.010623813 -1.905555010 0.001961901 -0.010627369 0.999941587 69.757843018
0.999997795 -0.001389376 -0.001573285 1.319751978 0.001406110 0.999941945 0.010685784 -1.921062708 0.001558347 -0.010687974 0.999941647 70.296691895
0.999993265 -0.002758473 -0.002401677 1.357979536 0.002784444 0.999936938 0.010878486 -1.930728078 0.002371518 -0.010885102 0.999937892 70.838638306
0.999988556 -0.004092888 -0.002477571 1.358759403 0.004119221 0.999934077 0.010718142 -1.940113425 0.002433540 -0.010728224 0.999939501 71.369071960
0.999991179 -0.003518497 -0.002317290 1.363896847 0.003542744 0.999938130 0.010543927 -1.957148552 0.002280049 -0.010552042 0.999941766 71.919746399
0.999989510 -0.004000705 -0.002200026 1.379699230 0.004023071 0.999939322 0.010257696 -1.957986832 0.002158855 -0.010266439 0.999944925 72.472084045
0.999984622 -0.004895818 -0.002603047 1.394550204 0.004922313 0.999935150 0.010271463 -1.970668077 0.002552591 -0.010284118 0.999943852 73.014617920
0.999987125 -0.004492072 -0.002332769 1.407832384 0.004516855 0.999932230 0.010728889 -1.985413551 0.002284418 -0.010739290 0.999939740 73.529045105
0.999989927 -0.003975242 -0.002056851 1.416565180 0.003996202 0.999939084 0.010288093 -1.992746234 0.002015829 -0.010296211 0.999944925 74.072875977
0.999984801 -0.005044252 -0.002191215 1.421749592 0.005066854 0.999932706 0.010434525 -2.003138065 0.002138431 -0.010445471 0.999943078 74.596481323
0.999984622 -0.005104409 -0.002145698 1.440970659 0.005126635 0.999931872 0.010484070 -2.014082909 0.002092037 -0.010494908 0.999942720 75.145095825
0.999984980 -0.005027280 -0.002194450 1.443733811 0.005050174 0.999931514 0.010555123 -2.029485941 0.002141236 -0.010566047 0.999941826 75.671600342
0.999984026 -0.004988306 -0.002667826 1.463278770 0.005016618 0.999930024 0.010713098 -2.041288137 0.002614198 -0.010726310 0.999939024 76.206405640
0.999976754 -0.006051337 -0.003134662 1.489130974 0.006085689 0.999920249 0.011067552 -2.050812483 0.003067439 -0.011086371 0.999933839 76.719970703
0.999986529 -0.005000160 -0.001410722 1.456955433 0.005014756 0.999931812 0.010540109 -2.059314251 0.001357926 -0.010547044 0.999943435 77.282630920
0.999985635 -0.005121174 -0.001623582 1.467498302 0.005138157 0.999930263 0.010635111 -2.064445257 0.001569004 -0.010643303 0.999942064 77.826278687
0.999988973 -0.004414957 -0.001603600 1.484027147 0.004432003 0.999931991 0.010786462 -2.079344034 0.001555866 -0.010793447 0.999940455 78.342330933
0.999985993 -0.005007814 -0.001682269 1.499775887 0.005025159 0.999932528 0.010469956 -2.085911036 0.001629722 -0.010478265 0.999943733 78.895965576
0.999989688 -0.004566619 -0.000137767 1.514092445 0.004567826 0.999933064 0.010627990 -2.099158764 0.000089222 -0.010628507 0.999943495 79.455993652
0.999987602 -0.004738961 0.001521308 1.516411662 0.004722812 0.999934256 0.010448725 -2.108854532 -0.001570725 -0.010441409 0.999944270 80.015953064
0.999988139 -0.004113508 0.002623293 1.518107176 0.004084362 0.999930918 0.011020862 -2.140461683 -0.002668445 -0.011010017 0.999935806 80.571044922
0.999980867 -0.004822894 0.003873736 1.536885023 0.004781530 0.999932230 0.010617197 -2.124629021 -0.003924678 -0.010598468 0.999936104 81.090316772
0.999966025 -0.005293943 0.006320181 1.558804035 0.005227603 0.999931574 0.010467391 -2.137250900 -0.006375163 -0.010433996 0.999925196 81.638954163
0.999938190 -0.004557847 0.010142624 1.575321198 0.004448239 0.999931753 0.010803099 -2.157156944 -0.010191171 -0.010757314 0.999890149 82.191459656
0.999900043 -0.005368321 0.013080374 1.596736193 0.005226213 0.999927163 0.010874299 -2.150448799 -0.013137800 -0.010804851 0.999855280 82.753120422
0.999836683 -0.005717814 0.017138395 1.632630110 0.005533293 0.999926388 0.010794627 -2.169131279 -0.017198853 -0.010698033 0.999794841 83.292900085
0.999722898 -0.004547085 0.023094496 1.651494622 0.004296979 0.999931693 0.010867773 -2.164642811 -0.023142334 -0.010765525 0.999674201 83.842857361
0.999575138 -0.005021402 0.028708551 1.702082396 0.004720693 0.999933422 0.010532728 -2.164386749 -0.028759530 -0.010392729 0.999532342 84.357780457
0.999354899 -0.005100417 0.035549156 1.700046182 0.004724030 0.999932110 0.010663759 -2.184583187 -0.035601128 -0.010488945 0.999311030 84.920112610
0.999024987 -0.005326534 0.043825775 1.755410075 0.004847651 0.999927461 0.011026034 -2.197446346 -0.043881327 -0.010802830 0.998978376 85.460838318
0.998624802 -0.005843412 0.052098192 1.797406197 0.005265149 0.999923050 0.011229829 -2.213355541 -0.052159801 -0.010940081 0.998578906 85.975608826
0.998199463 -0.004699458 0.059796974 1.844223738 0.004023011 0.999926627 0.011427758 -2.218948603 -0.059846289 -0.011166619 0.998145044 86.558326721
0.997714400 -0.007449781 0.067159668 1.935954571 0.006723103 0.999916375 0.011039682 -2.235183239 -0.067236312 -0.010562928 0.997681081 87.137977600
0.996970892 -0.007281621 0.077433430 2.000368118 0.006392393 0.999910712 0.011725456 -2.251430273 -0.077511922 -0.011194954 0.996928513 87.681053162
0.996181726 -0.006565068 0.087056130 2.027945042 0.005533418 0.999911606 0.012086431 -2.257191181 -0.087127797 -0.011558564 0.996130109 88.201583862
0.995404601 -0.008142044 0.095413193 2.102671623 0.007096137 0.999910951 0.011296085 -2.256567478 -0.095496692 -0.010567107 0.995373666 88.721939087
0.994362473 -0.008399315 0.105702147 2.191267014 0.007257963 0.999911129 0.011177869 -2.263808489 -0.105786651 -0.010347669 0.994334996 89.256065369
0.993140757 -0.007747706 0.116668694 2.266307831 0.006464066 0.999914348 0.011376805 -2.277288437 -0.116746843 -0.010544611 0.993105769 89.802062988
0.992115080 -0.010269748 0.124908596 2.376263618 0.008848602 0.999889731 0.011926992 -2.353708506 -0.125017315 -0.010727681 0.992096484 90.287330627
0.990629792 -0.010230673 0.136190772 2.471142769 0.008682648 0.999890864 0.011955788 -2.351237297 -0.136298224 -0.010661263 0.990610421 90.835273743
0.988877356 -0.010123155 0.148388043 2.568178177 0.008404616 0.999890149 0.012203873 -2.367481709 -0.148495302 -0.010820987 0.988853812 91.383644104
0.987159431 -0.009840825 0.159434319 2.660957336 0.007920143 0.999888241 0.012677822 -2.387732506 -0.159541249 -0.011252290 0.987127125 91.923454285
0.985548794 -0.009787829 0.169108674 2.782361984 0.007673264 0.999884009 0.013153194 -2.403540611 -0.169217810 -0.011665497 0.985509634 92.443428040
0.983393788 -0.009919820 0.181212857 2.907574654 0.007651034 0.999883354 0.013214758 -2.418162823 -0.181322828 -0.011608846 0.983355105 92.970016479
0.980931878 -0.009408884 0.194124207 3.032108307 0.006830485 0.999879420 0.013947302 -2.431113243 -0.194232032 -0.012355390 0.980877876 93.509414673
0.978776157 -0.011243241 0.204623356 3.178807259 0.008673799 0.999871910 0.013449545 -2.445734978 -0.204748333 -0.011389231 0.978748322 94.049911499
0.975855947 -0.010638448 0.218155652 3.314907074 0.007889753 0.999878109 0.013466937 -2.452139854 -0.218272343 -0.011420597 0.975821018 94.600769043
0.972730994 -0.010300981 0.231707275 3.462669373 0.007280000 0.999876976 0.013889221 -2.462785006 -0.231821865 -0.011823642 0.972686410 95.113731384
0.969813585 -0.009926537 0.243645623 3.613517761 0.006637033 0.999875367 0.014318409 -2.473814487 -0.243757397 -0.012269103 0.969758749 95.656867981
0.966839731 -0.011402226 0.255129158 3.794576645 0.007953404 0.999862552 0.014545545 -2.490471840 -0.255259961 -0.012034064 0.966797590 96.161567688
0.962995768 -0.011239142 0.269281954 3.961200714 0.007498166 0.999860644 0.014916983 -2.501491070 -0.269412100 -0.012345869 0.962945879 96.672096252
0.959379971 -0.012195877 0.281853437 4.164159775 0.008242871 0.999850392 0.015206507 -2.526427269 -0.281996787 -0.012265537 0.959336936 97.253379822
0.956228554 -0.013162524 0.292324454 4.359413147 0.009105955 0.999842525 0.015233329 -2.535378695 -0.292478919 -0.011904654 0.956197858 97.772827148
0.951680601 -0.012980239 0.306815118 4.546646118 0.008750827 0.999846816 0.015156548 -2.540162802 -0.306964844 -0.011739305 0.951648474 98.316772461
0.946934760 -0.012950424 0.321164966 4.749870300 0.008431920 0.999845028 0.015456042 -2.552609682 -0.321315348 -0.011927826 0.946897149 98.842826843
0.943171859 -0.014120743 0.332004994 4.961618423 0.009574116 0.999836683 0.015326273 -2.556924105 -0.332167178 -0.011276654 0.943153203 99.349594116
0.938629270 -0.017096041 0.344503760 5.150333405 0.012463381 0.999799669 0.015657663 -2.561482191 -0.344702452 -0.010403062 0.938654363 99.894760132
0.933201611 -0.016752636 0.358962506 5.364065170 0.011650954 0.999798059 0.016370965 -2.568106174 -0.359164298 -0.011095155 0.933208406 100.419021606
0.928464711 -0.017301917 0.371017456 5.590938568 0.011709798 0.999781489 0.017319940 -2.589528561 -0.371236056 -0.011736413 0.928464353 100.903930664
0.923686445 -0.018295340 0.382712185 5.823209763 0.012900168 0.999778152 0.016658904 -2.585442066 -0.382932097 -0.010450549 0.923717320 101.405860901
0.917671442 -0.018254057 0.396920562 6.063058853 0.012459406 0.999774873 0.017172974 -2.599013805 -0.397144675 -0.010813752 0.917692304 101.902290344
0.912191510 -0.019271150 0.409310788 6.320045471 0.013479129 0.999764085 0.017031204 -2.604061127 -0.409542412 -0.010018565 0.912236035 102.391845703
0.907344759 -0.019644732 0.419928253 6.567295074 0.013602727 0.999756396 0.017378176 -2.607222319 -0.420167357 -0.010055825 0.907391012 102.876556396
0.901455939 -0.019060029 0.432451099 6.854640961 0.012551221 0.999761105 0.017900525 -2.635456562 -0.432688862 -0.010708743 0.901479721 103.472839355
0.894657373 -0.018970437 0.446350157 7.122856140 0.012391399 0.999767363 0.017654233 -2.640915871 -0.446581304 -0.010263584 0.894684196 103.961067200
0.888875723 -0.020198293 0.457702935 7.354377747 0.013313174 0.999744713 0.018263752 -2.648084164 -0.457954973 -0.010140726 0.888917565 104.336212158
0.882836819 -0.021294670 0.469196826 7.617992401 0.014130979 0.999723613 0.018784100 -2.648015976 -0.469467193 -0.009953084 0.882893801 104.823272705
0.875134468 -0.020365955 0.483450979 7.896842957 0.012815415 0.999738932 0.018916966 -2.660375595 -0.483710021 -0.010359265 0.875167012 105.287887573
0.867847800 -0.020953795 0.496388108 8.197967529 0.012843099 0.999722540 0.019746898 -2.679948807 -0.496664137 -0.010762140 0.867876112 105.742675781
