1.000000000 0.000000000 0.000000000 0.000000000 0.000000000 1.000000000 0.000000000 0.000000000 0.000000000 0.000000000 1.000000000 0.000000000
1.000000000 0.000102836 0.000017019 -0.001408884 -0.000102835 1.000000000 -0.000068465 0.001527969 -0.000017026 0.000068464 1.000000000 0.003503599
1.000000000 0.000116970 0.000002571 -0.000397161 -0.000116969 1.000000000 -0.000045425 0.000953880 -0.000002576 0.000045425 1.000000000 0.002622898
1.000000000 0.000237008 0.000048449 0.000255312 -0.000237007 1.000000000 -0.000033213 0.000811040 -0.000048457 0.000033201 1.000000000 -0.001379942
1.000000000 0.000096682 0.000018375 0.000919265 -0.000096680 1.000000000 -0.000076616 0.001536433 -0.000018382 0.000076614 1.000000000 -0.001298653
1.000000000 0.000046663 0.000007424 0.000140854 -0.000046663 1.000000000 -0.000010502 0.000448820 -0.000007425 0.000010501 1.000000000 -0.000637312
1.000000000 0.000026269 0.000041166 -0.001699228 -0.000026266 1.000000000 -0.000069504 0.000691309 -0.000041168 0.000069503 1.000000000 0.001377398
1.000000000 0.000055995 0.000026073 0.000003551 -0.000055996 1.000000000 0.000013470 0.000870047 -0.000026073 -0.000013472 1.000000000 -0.000289153
1.000000000 -0.000087203 0.000062401 -0.001794213 0.000087205 1.000000000 -0.000032558 0.001128127 -0.000062399 0.000032564 1.000000000 0.002332074
1.000000000 0.000107140 0.000055956 -0.001594136 -0.000107137 1.000000000 -0.000049611 0.000671151 -0.000055961 0.000049605 1.000000000 -0.000361435
1.000000000 0.000158710 0.000058559 0.000355048 -0.000158710 1.000000000 -0.000002864 0.001834900 -0.000058560 0.000002854 1.000000000 -0.002071193
1.000000000 0.000101603 -0.000006879 0.000038420 -0.000101603 1.000000000 -0.000017292 0.000570446 0.000006877 0.000017293 1.000000000 -0.005157364
1.000000000 0.000167999 0.000138545 -0.003711297 -0.000168000 1.000000000 0.000013699 0.001471457 -0.000138543 -0.000013723 1.000000000 -0.003436690
1.000000000 -0.000102611 0.000046781 -0.000586894 0.000102611 1.000000000 -0.000006887 0.000058883 -0.000046780 0.000006892 1.000000000 -0.000511998
1.000000000 0.000072248 0.000063325 -0.000157928 -0.000072247 1.000000000 -0.000012074 0.000368628 -0.000063326 0.000012069 1.000000000 -0.002037368
1.000000000 0.000017606 -0.000008404 0.000520365 -0.000017606 1.000000000 0.000015358 0.000256697 0.000008404 -0.000015358 1.000000000 -0.002664578
1.000000000 -0.000014299 0.000028171 -0.001333357 0.000014299 1.000000000 0.000005328 0.000273244 -0.000028171 -0.000005327 1.000000000 -0.003124501
1.000000000 0.000056928 0.000066325 -0.000614045 -0.000056929 1.000000000 0.000015761 -0.000122149 -0.000066324 -0.000015764 1.000000000 -0.004416926
1.000000000 0.000028538 -0.000017790 0.000672461 -0.000028538 1.000000000 -0.000005904 0.000782932 0.000017790 0.000005905 1.000000000 -0.005271846
1.000000000 -0.000125811 -0.000024809 -0.000425267 0.000125811 1.000000000 0.000020907 -0.000439470 0.000024806 -0.000020910 1.000000000 -0.005011380
1.000000000 0.000085582 0.000054784 -0.000506758 -0.000085584 1.000000000 0.000027891 -0.000052179 -0.000054782 -0.000027895 1.000000000 -0.006142141
1.000000000 -0.000098606 0.000007728 0.000486818 0.000098605 1.000000000 0.000019620 -0.001663278 -0.000007730 -0.000019620 1.000000000 -0.004023006
1.000000000 0.000088677 0.000142425 -0.004510297 -0.000088661 1.000000000 -0.000107669 0.001872691 -0.000142434 0.000107656 1.000000000 0.001902307
1.000000000 0.000026958 0.000013182 0.001175557 -0.000026957 1.000000000 -0.000010682 -0.000094658 -0.000013182 0.000010681 1.000000000 -0.001848593
1.000000000 -0.000031164 0.000066975 -0.001495280 0.000031163 1.000000000 0.000005051 0.001260930 -0.000066975 -0.000005048 1.000000000 0.000529643
1.000000000 0.000032242 -0.000028826 0.000990515 -0.000032242 1.000000000 -0.000014142 0.000961612 0.000028825 0.000014143 1.000000000 -0.004484292
1.000000000 -0.000118698 0.000039437 -0.002163460 0.000118699 1.000000000 -0.000017718 0.001206953 -0.000039435 0.000017723 1.000000000 -0.000948422
1.000000000 0.000130866 0.000113861 -0.003531333 -0.000130859 1.000000000 -0.000054847 0.001554817 -0.000113868 0.000054832 1.000000000 -0.000449074
1.000000000 -0.000105908 0.000049960 -0.002440805 0.000105905 1.000000000 0.000061789 0.000024162 -0.000049966 -0.000061783 1.000000000 -0.000486899
1.000000000 -0.000017959 0.000052432 -0.003594817 0.000017962 1.000000000 -0.000072265 0.003393867 -0.000052431 0.000072266 1.000000000 0.003599324
1.000000000 0.000018167 0.000050786 -0.001354001 -0.000018166 1.000000000 -0.000029290 0.000734459 -0.000050786 0.000029289 1.000000000 0.001287403
1.000000000 0.000034354 0.000059881 -0.002566458 -0.000034360 1.000000000 0.000090264 -0.000041799 -0.000059878 -0.000090266 1.000000000 0.001185977
1.000000000 -0.000104916 0.000010886 -0.003828984 0.000104916 1.000000000 -0.000037187 0.001618637 -0.000010882 0.000037188 1.000000000 0.000540966
1.000000000 -0.000101046 0.000003527 -0.000593040 0.000101045 1.000000000 0.000080460 -0.001536629 -0.000003535 -0.000080459 1.000000000 -0.002986857
1.000000000 0.000183590 0.000126090 -0.002981961 -0.000183586 1.000000000 -0.000030207 0.000652093 -0.000126096 0.000030184 1.000000000 -0.000153349
1.000000000 -0.000043714 0.000016496 -0.000942001 0.000043714 1.000000000 0.000010135 0.000518558 -0.000016497 -0.000010135 1.000000000 -0.001173971
1.000000000 0.000043473 -0.000030690 -0.000199800 -0.000043471 1.000000000 0.000062405 0.000088102 0.000030693 -0.000062404 1.000000000 -0.006594544
1.000000000 -0.000083630 -0.000020891 -0.000337157 0.000083629 1.000000000 -0.000062881 0.000466589 0.000020896 0.000062879 1.000000000 -0.003226305
1.000000000 -0.000055731 0.000100551 -0.002735395 0.000055733 1.000000000 -0.000019108 0.000407788 -0.000100550 0.000019113 1.000000000 0.001050937
1.000000000 -0.000004033 -0.000002862 0.000694944 0.000004033 1.000000000 0.000047614 0.000551415 0.000002862 -0.000047614 1.000000000 -0.005324121
1.000000000 -0.000148093 -0.000056388 -0.000012883 0.000148093 1.000000000 0.000000556 0.000072062 0.000056387 -0.000000565 1.000000000 -0.001363465
1.000000000 0.000003047 0.000027874 0.002083776 -0.000003033 0.999999881 -0.000475022 -0.005279110 -0.000027875 0.000475022 0.999999881 0.049755592
1.000000000 -0.000048616 0.000078640 0.003748104 0.000048710 0.999999285 -0.001190475 -0.003473032 -0.000078582 0.001190479 0.999999285 0.144930020
1.000000000 -0.000042226 0.000004457 0.005263302 0.000042232 0.999999046 -0.001384232 -0.011397738 -0.000004399 0.001384232 0.999999046 0.259136468
1.000000000 -0.000037744 0.000090481 0.005209593 0.000037859 0.999999166 -0.001277851 -0.015454780 -0.000090433 0.001277855 0.999999166 0.389683187
1.000000000 0.000105252 0.000003877 0.008052852 -0.000105248 0.999999464 -0.001007015 -0.022805542 -0.000003983 0.001007015 0.999999464 0.533097327
1.000000000 0.000043874 0.000082035 0.008202045 -0.000043808 0.999999702 -0.000802086 -0.033186521 -0.000082070 0.000802082 0.999999702 0.683802009
1.000000000 -0.000094031 -0.000075916 0.018901087 0.000093985 0.999999821 -0.000604899 -0.036376830 0.000075973 0.000604892 0.999999821 0.848901272
1.000000000 0.000056327 -0.000053268 0.021374317 -0.000056357 0.999999821 -0.000556540 -0.036769092 0.000053236 0.000556543 0.999999821 1.025907040
0.999999821 0.000435669 0.000170007 -0.015610987 -0.000435653 0.999999881 -0.000097807 -0.048500624 -0.000170050 0.000097733 1.000000000 1.183417797
1.000000000 0.000211086 -0.000131449 -0.000439959 -0.000211069 0.999999940 0.000128672 -0.054327436 0.000131476 -0.000128644 1.000000000 1.374679327
0.999999762 0.000536988 0.000445699 -0.015736017 -0.000537112 0.999999821 0.000277661 -0.065956295 -0.000445550 -0.000277901 0.999999881 1.551139832
0.999999642 0.000628085 0.000582176 -0.008902452 -0.000628319 0.999999702 0.000402041 -0.071313582 -0.000581923 -0.000402407 0.999999762 1.743933678
0.999999583 0.000693981 0.000565909 -0.014153707 -0.000694165 0.999999702 0.000324334 -0.067013867 -0.000565684 -0.000324727 0.999999762 1.963560104
0.999999523 0.000736512 0.000550145 -0.008551770 -0.000736606 0.999999762 0.000170846 -0.071380846 -0.000550019 -0.000171252 0.999999762 2.185495377
0.999999464 0.000666280 0.000711983 -0.005683908 -0.000666591 0.999999702 0.000436071 -0.075895116 -0.000711692 -0.000436546 0.999999642 2.383843184
0.999999464 0.000751373 0.000683262 -0.000581552 -0.000751810 0.999999523 0.000639190 -0.085882291 -0.000682782 -0.000639703 0.999999583 2.611668110
0.999999523 0.000657362 0.000717155 0.003945692 -0.000657825 0.999999583 0.000645168 -0.092104018 -0.000716731 -0.000645639 0.999999523 2.850376844
0.999999285 0.001006935 0.000610555 0.025577161 -0.001007385 0.999999225 0.000738303 -0.108553968 -0.000609811 -0.000738917 0.999999523 3.089409113
0.999999642 0.000714382 0.000411329 0.034440320 -0.000714675 0.999999464 0.000711638 -0.117412753 -0.000410821 -0.000711931 0.999999642 3.337545156
0.999999821 0.000351263 0.000452001 0.034190360 -0.000351744 0.999999344 0.001062587 -0.126645058 -0.000451628 -0.001062746 0.999999344 3.587405682
0.999999821 0.000504047 0.000335247 0.044182602 -0.000504430 0.999999166 0.001142773 -0.133794844 -0.000334671 -0.001142941 0.999999285 3.837849379
0.999999523 0.000689798 0.000578710 0.043980759 -0.000690458 0.999999106 0.001142203 -0.147777215 -0.000577921 -0.001142603 0.999999166 4.092958450
0.999999225 0.001031431 0.000541295 0.051943287 -0.001032248 0.999998271 0.001511087 -0.161504760 -0.000539735 -0.001511644 0.999998748 4.337691307
0.999999464 0.000594193 0.000797267 0.052385841 -0.000595365 0.999998748 0.001469385 -0.168543845 -0.000796393 -0.001469860 0.999998569 4.610902786
0.999999046 0.000946062 0.000944761 0.058675595 -0.000947558 0.999998271 0.001583898 -0.175243825 -0.000943261 -0.001584792 0.999998271 4.862558842
0.999998569 0.001182700 0.001166310 0.050402384 -0.001184616 0.999997914 0.001643140 -0.189138010 -0.001164364 -0.001644520 0.999997973 5.107295513
0.999999464 0.000568661 0.000863692 0.069345653 -0.000570041 0.999998569 0.001598089 -0.190622777 -0.000862782 -0.001598580 0.999998331 5.388257980
0.999999702 0.000309301 0.000642196 0.077403106 -0.000310395 0.999998510 0.001703211 -0.199536651 -0.000641669 -0.001703410 0.999998271 5.660804272
0.999999642 0.000176170 0.000758788 0.080377378 -0.000177326 0.999998748 0.001523569 -0.202963948 -0.000758519 -0.001523703 0.999998569 5.930238247
0.999999702 0.000049050 0.000681722 0.085397668 -0.000050148 0.999998689 0.001611159 -0.215416372 -0.000681642 -0.001611193 0.999998510 6.191161633
0.999999225 0.000475410 0.001121026 0.087133810 -0.000477142 0.999998689 0.001545542 -0.220280245 -0.001120290 -0.001546075 0.999998212 6.480713844
0.999999225 0.000665469 0.001027135 0.095436037 -0.000667192 0.999998331 0.001678021 -0.233325750 -0.001026017 -0.001678705 0.999998033 6.775463581
0.999999762 0.000073576 0.000715689 0.112722553 -0.000074890 0.999998391 0.001837129 -0.249361590 -0.000715553 -0.001837182 0.999998033 7.058496475
0.999999762 0.000226485 0.000662347 0.122507885 -0.000227828 0.999997854 0.002027491 -0.262225717 -0.000661887 -0.002027641 0.999997675 7.357445240
0.999999881 -0.000062164 0.000482314 0.128297716 0.000061297 0.999998391 0.001795939 -0.269844502 -0.000482425 -0.001795910 0.999998212 7.655869484
0.999999404 0.000295979 0.001039707 0.139413998 -0.000298240 0.999997616 0.002174417 -0.283423185 -0.001039061 -0.002174726 0.999997020 7.978516579
0.999999762 -0.000151879 0.000673409 0.148108616 0.000150456 0.999997735 0.002112092 -0.289778680 -0.000673728 -0.002111990 0.999997497 8.291452408
0.999999046 0.000716833 0.001140412 0.153249756 -0.000719384 0.999997318 0.002237477 -0.297501981 -0.001138805 -0.002238295 0.999996841 8.625651360
0.999999702 0.000125293 0.000707911 0.156614155 -0.000126933 0.999997377 0.002317739 -0.305365354 -0.000707618 -0.002317828 0.999997079 8.971651077
0.999999344 0.000549684 0.000942774 0.161722302 -0.000551836 0.999997258 0.002283023 -0.326504022 -0.000941516 -0.002283542 0.999996960 9.304061890
0.999999285 0.000645271 0.000934210 0.173848972 -0.000647596 0.999996662 0.002491680 -0.335540414 -0.000932599 -0.002492282 0.999996483 9.640480995
0.999999225 0.000442143 0.001167616 0.173293948 -0.000445021 0.999996841 0.002465124 -0.341053486 -0.001166523 -0.002465642 0.999996305 9.985560417
0.999999046 0.000601085 0.001236498 0.180229589 -0.000603780 0.999997377 0.002180245 -0.350015551 -0.001235184 -0.002180990 0.999996841 10.348054886
0.999999583 0.000224623 0.000888229 0.200459212 -0.000226870 0.999996781 0.002529874 -0.362129122 -0.000887658 -0.002530074 0.999996424 10.704035759
0.999999702 0.000153025 0.000813936 0.210534900 -0.000155170 0.999996483 0.002635387 -0.370778471 -0.000813530 -0.002635513 0.999996245 11.083161354
0.999999523 0.000435922 0.000785409 0.214448422 -0.000438013 0.999996364 0.002664372 -0.392105252 -0.000784245 -0.002664715 0.999996126 11.453291893
0.999999583 0.000354998 0.000803595 0.222198308 -0.000357129 0.999996483 0.002652898 -0.399053335 -0.000802650 -0.002653184 0.999996126 11.837082863
0.999999404 0.000225718 0.001086010 0.235959098 -0.000228941 0.999995649 0.002969424 -0.412955433 -0.001085335 -0.002969671 0.999994934 12.208062172
0.999999106 -0.000047511 0.001313725 0.239708945 0.000043603 0.999995649 0.002974489 -0.421875238 -0.001313861 -0.002974429 0.999994636 12.631072044
0.999998868 0.000558415 0.001410560 0.250015527 -0.000563658 0.999992907 0.003718938 -0.453024179 -0.001408473 -0.003719729 0.999992073 13.013072014
0.999999344 0.000370384 0.001107134 0.266599506 -0.000374609 0.999992669 0.003818690 -0.473938107 -0.001105711 -0.003819102 0.999992132 13.404200554
0.999997318 0.001494332 0.001732553 0.268976927 -0.001501536 0.999990165 0.004164495 -0.481332183 -0.001726313 -0.004167085 0.999989867 13.811942101
0.999997318 0.001394747 0.001819294 0.275335759 -0.001402245 0.999990523 0.004126462 -0.489695966 -0.001813522 -0.004129003 0.999989867 14.218254089
0.999998033 0.000475258 0.001881837 0.301920950 -0.000483030 0.999991477 0.004131547 -0.521850526 -0.001879857 -0.004132449 0.999989688 14.627123833
0.999998450 -0.000069693 0.001731072 0.318991959 0.000062077 0.999990284 0.004399450 -0.535880685 -0.001731362 -0.004399336 0.999988794 15.038225174
0.999998391 -0.000713399 0.001612355 0.330578864 0.000706330 0.999990225 0.004380943 -0.543981433 -0.001615465 -0.004379798 0.999989092 15.474260330
0.999996662 0.000631448 0.002496133 0.340797961 -0.000641725 0.999991298 0.004118468 -0.554562628 -0.002493511 -0.004120057 0.999988317 15.895858765
0.999997258 -0.000378759 0.002305023 0.357486367 0.000368437 0.999989867 0.004477049 -0.567977309 -0.002306696 -0.004476187 0.999987245 16.338092804
0.999996722 0.000044481 0.002560681 0.367115259 -0.000055564 0.999990523 0.004328476 -0.582157433 -0.002560465 -0.004328604 0.999987304 16.770883560
0.999995232 0.000311030 0.003068519 0.371430874 -0.000323403 0.999991834 0.004032726 -0.589259326 -0.003067240 -0.004033699 0.999987185 17.236642838
0.999996305 0.000188074 0.002743867 0.382798612 -0.000200087 0.999990523 0.004378627 -0.599532604 -0.002743017 -0.004379160 0.999986649 17.700012207
0.999994099 0.000080309 0.003431942 0.395102352 -0.000094806 0.999991059 0.004224268 -0.616743028 -0.003431572 -0.004224569 0.999985218 18.155141830
0.999991775 0.000529813 0.004013329 0.404870093 -0.000546432 0.999991298 0.004140919 -0.625282466 -0.004011100 -0.004143078 0.999983370 18.626766205
0.999991715 0.000041731 0.004074560 0.412492901 -0.000059924 0.999990046 0.004465003 -0.643063307 -0.004074332 -0.004465210 0.999981761 19.079269409
0.999993205 -0.000412190 0.003653600 0.428168863 0.000395546 0.999989569 0.004555122 -0.657788575 -0.003655440 -0.004553647 0.999983013 19.535999298
0.999992490 0.000220891 0.003874022 0.445716918 -0.000241077 0.999986410 0.005211093 -0.681036234 -0.003872818 -0.005211989 0.999978900 20.029394150
0.999992967 0.000359697 0.003726733 0.459945709 -0.000379054 0.999986351 0.005194690 -0.692430615 -0.003724814 -0.005196066 0.999979556 20.513164520
0.999991298 0.000958058 0.004055090 0.459676981 -0.000977790 0.999987662 0.004866916 -0.713469386 -0.004050378 -0.004870839 0.999979913 21.027959824
0.999996543 -0.000660165 0.002541428 0.473965347 0.000647383 0.999987066 0.005027091 -0.711843193 -0.002544714 -0.005025428 0.999984086 21.518388748
0.999996781 -0.000459277 0.002488140 0.474773616 0.000447561 0.999988735 0.004707128 -0.720065176 -0.002490274 -0.004705999 0.999985754 22.019887924
0.999997020 -0.000649326 0.002361412 0.481471688 0.000637606 0.999987483 0.004960550 -0.735494554 -0.002364604 -0.004959030 0.999984860 22.545364380
0.999998569 -0.000659641 0.001528778 0.501711130 0.000651698 0.999986231 0.005190377 -0.749350786 -0.001532180 -0.005189372 0.999985337 23.040763855
0.999999046 -0.001315494 0.000263694 0.523350120 0.001314019 0.999983907 0.005515018 -0.778662860 -0.000270945 -0.005514666 0.999984741 23.481716156
0.999997079 -0.002367449 -0.000343422 0.532799780 0.002369183 0.999983907 0.005141015 -0.791503549 0.000331245 -0.005141814 0.999986708 23.995914459
0.999997973 -0.001859994 -0.000764599 0.542410016 0.001863828 0.999985516 0.005044399 -0.800507128 0.000755205 -0.005045814 0.999987006 24.516368866
0.999998152 -0.001437005 -0.001294248 0.546966314 0.001444485 0.999982297 0.005796823 -0.820444942 0.001285895 -0.005798683 0.999982357 25.050794601
0.999996722 -0.001576333 -0.002029116 0.559266210 0.001588385 0.999981046 0.005951651 -0.831583261 0.002019695 -0.005954855 0.999980152 25.570531845
0.999996245 -0.001426122 -0.002349646 0.559043944 0.001438288 0.999985516 0.005184213 -0.838939905 0.002342218 -0.005187573 0.999983788 26.135137558
0.999995291 -0.001662363 -0.002570880 0.569129288 0.001678016 0.999979973 0.006098553 -0.849478722 0.002560691 -0.006102839 0.999978125 26.671289444
0.999995232 -0.001632051 -0.002621687 0.574172378 0.001648009 0.999980152 0.006096597 -0.865294039 0.002611684 -0.006100889 0.999978006 27.199407578
0.999996245 -0.000481345 -0.002695225 0.579596996 0.000497515 0.999981880 0.006001933 -0.882630169 0.002692287 -0.006003251 0.999978364 27.731573105
0.999993801 -0.000849404 -0.003394616 0.588059366 0.000871621 0.999978304 0.006548913 -0.897336364 0.003388979 -0.006551831 0.999972820 28.274013519
0.999991357 -0.001070000 -0.004043796 0.606423616 0.001095581 0.999979317 0.006328776 -0.918398082 0.004036942 -0.006333152 0.999971807 28.805934906
0.999989629 -0.001310092 -0.004368187 0.619570911 0.001339008 0.999977171 0.006623393 -0.937351942 0.004359410 -0.006629174 0.999968529 29.332553864
0.999987602 -0.000886338 -0.004898327 0.618265569 0.000917712 0.999979079 0.006406599 -0.939742804 0.004892547 -0.006411015 0.999967456 29.858264923
0.999988496 -0.001227586 -0.004620883 0.625943482 0.001257771 0.999977827 0.006535154 -0.956748486 0.004612758 -0.006540892 0.999967992 30.389982224
0.999986768 -0.001010745 -0.005026603 0.636979103 0.001044165 0.999977350 0.006650437 -0.964729905 0.005019766 -0.006655597 0.999965250 30.936408997
0.999985337 -0.001081619 -0.005310415 0.641283512 0.001117112 0.999977052 0.006685207 -0.982818007 0.005303063 -0.006691041 0.999963522 31.468008041
0.999984264 -0.001288297 -0.005458036 0.654569805 0.001324802 0.999976695 0.006689900 -0.996501863 0.005449290 -0.006697025 0.999962687 32.016834259
0.999981880 -0.000658138 -0.005988179 0.670737267 0.000697025 0.999978662 0.006494096 -1.002504945 0.005983778 -0.006498152 0.999960959 32.524234772
0.999982893 -0.000653615 -0.005812576 0.653761089 0.000690958 0.999979138 0.006424773 -1.014734149 0.005808256 -0.006428680 0.999962449 33.079360962
0.999983907 -0.000650704 -0.005636572 0.619836092 0.000685897 0.999980271 0.006244093 -1.019789100 0.005632397 -0.006247859 0.999964595 33.540309906
0.999984622 0.000163980 -0.005542786 0.622246027 -0.000128045 0.999979019 0.006482944 -1.038888574 0.005543732 -0.006482135 0.999963641 34.085582733
0.999983251 -0.000551945 -0.005753541 0.619390845 0.000587674 0.999980569 0.006210011 -1.043163896 0.005750002 -0.006213289 0.999964178 34.593273163
0.999979615 -0.000859746 -0.006322342 0.666132092 0.000908491 0.999969840 0.007711140 -1.100448966 0.006315521 -0.007716727 0.999950290 35.101314545
0.999982297 -0.000225869 -0.005958582 0.627898276 0.000263507 0.999979973 0.006316491 -1.086933136 0.005957036 -0.006317948 0.999962270 35.676868439
0.999982536 -0.000525908 -0.005880595 0.669940233 0.000569597 0.999972165 0.007430126 -1.125878811 0.005876523 -0.007433346 0.999955058 36.189491272
0.999984980 0.000057595 -0.005472968 0.638806343 -0.000015787 0.999970794 0.007638568 -1.139590502 0.005473249 -0.007638367 0.999955833 36.683120728
0.999979377 -0.001588225 -0.006227936 0.612536669 0.001636007 0.999969184 0.007674540 -1.133402705 0.006215555 -0.007684571 0.999951124 37.230541229
0.999981701 -0.000324465 -0.006043002 0.653203487 0.000364825 0.999977648 0.006678905 -1.114537477 0.006040698 -0.006680987 0.999959469 37.737796783
0.999980628 -0.000760017 -0.006178679 0.656238437 0.000808605 0.999968767 0.007865105 -1.152574182 0.006172508 -0.007869948 0.999949992 38.205436707
0.999982119 0.000122432 -0.005977386 0.644344330 -0.000080458 0.999975383 0.007021863 -1.140035629 0.005978099 -0.007021256 0.999957442 38.724300385
0.999967933 -0.001282768 -0.007904694 0.751482964 0.001347662 0.999965310 0.008209729 -1.213682771 0.007893889 -0.008220118 0.999935091 39.391517639
0.999974072 -0.000765973 -0.007163265 0.752028823 0.000828240 0.999961853 0.008693628 -1.222845197 0.007156331 -0.008699336 0.999936521 39.783161163
0.999980688 0.000293991 -0.006210954 0.735163808 -0.000241377 0.999964118 0.008470215 -1.252327323 0.006213222 -0.008468552 0.999944806 40.301685333
0.999972761 -0.000378291 -0.007365518 0.754287958 0.000437208 0.999967933 0.007999015 -1.231910110 0.007362257 -0.008002017 0.999940872 40.861690521
0.999979258 0.000617754 -0.006406534 0.766429901 -0.000568240 0.999969959 0.007727514 -1.243597507 0.006411115 -0.007723714 0.999949634 41.430606842
0.999973834 0.000260570 -0.007228106 0.781663775 -0.000199928 0.999964774 0.008389189 -1.274195194 0.007230036 -0.008387525 0.999938667 41.916023254
0.999973297 0.000271043 -0.007301389 0.774578571 -0.000209147 0.999964058 0.008476691 -1.285141110 0.007303425 -0.008474940 0.999937415 42.429592133
0.999974668 0.000441935 -0.007105131 0.781551123 -0.000381967 0.999964297 0.008439284 -1.295173764 0.007108607 -0.008436357 0.999939084 42.951972961
0.999974191 -0.000110254 -0.007172291 0.787720978 0.000170788 0.999964356 0.008439840 -1.307038903 0.007171105 -0.008440848 0.999938607 43.476577759
0.999974132 0.000097065 -0.007185281 0.798746228 -0.000035172 0.999962926 0.008613501 -1.323733926 0.007185850 -0.008613027 0.999937057 44.017887115
0.999971628 0.000013438 -0.007529762 0.817404509 0.000045908 0.999968946 0.007881264 -1.331937194 0.007529635 -0.007881387 0.999940574 44.552078247
0.999970078 0.000138647 -0.007739321 0.823182464 -0.000078010 0.999969304 0.007834718 -1.338513494 0.007740170 -0.007833881 0.999939322 45.086704254
0.999972403 0.000463199 -0.007416443 0.817278624 -0.000403163 0.999967158 0.008094455 -1.352312446 0.007419949 -0.008091242 0.999939740 45.619621277
0.999966800 0.000426209 -0.008139966 0.847891510 -0.000362773 0.999969542 0.007793107 -1.371198893 0.008143041 -0.007789895 0.999936521 46.167556763
0.999968588 0.000755580 -0.007898952 0.836039662 -0.000694335 0.999969721 0.007753477 -1.368319273 0.007904571 -0.007747750 0.999938726 46.725170135
0.999970853 0.001277106 -0.007524406 0.823824286 -0.001213928 0.999963939 0.008394908 -1.392210364 0.007534855 -0.008385529 0.999936461 47.105663300
0.999969065 0.000372937 -0.007857853 0.836355865 -0.000303597 0.999961019 0.008823534 -1.401360631 0.007860839 -0.008820876 0.999930203 47.624382019
0.999969304 0.000454855 -0.007823245 0.832172871 -0.000385678 0.999960840 0.008841652 -1.423097610 0.007826960 -0.008838364 0.999930263 48.125801086
0.999969482 0.000780602 -0.007770865 0.841817856 -0.000717085 0.999966323 0.008173107 -1.429815292 0.007776983 -0.008167285 0.999936402 48.674209595
0.999968410 0.000158254 -0.007940693 0.835058928 -0.000087234 0.999960005 0.008943401 -1.452927828 0.007941788 -0.008942426 0.999928415 49.119342804
0.999973178 0.000704675 -0.007291147 0.838972688 -0.000640043 0.999960482 0.008863005 -1.464176655 0.007297105 -0.008858100 0.999934137 49.661289215
0.999968588 0.000585571 -0.007900891 0.835506082 -0.000513419 0.999958158 0.009131190 -1.477316022 0.007905909 -0.009126849 0.999927044 50.164142609
0.999970973 0.000698460 -0.007582437 0.831887841 -0.000629102 0.999957919 0.009145712 -1.490119338 0.007588506 -0.009140676 0.999929428 50.672622681
0.999971747 0.001255040 -0.007418690 0.830508351 -0.001184226 0.999953747 0.009542088 -1.508780003 0.007430323 -0.009533033 0.999926984 51.199806213
0.999968648 0.000431157 -0.007899893 0.860758245 -0.000357871 0.999956906 0.009275922 -1.507899404 0.007903552 -0.009272804 0.999925792 51.690322876
0.999970734 0.001293075 -0.007544424 0.852126479 -0.001223847 0.999957204 0.009173496 -1.524106622 0.007555965 -0.009163993 0.999929488 52.236595154
0.999969959 -0.000281746 -0.007742940 0.869434834 0.000351240 0.999959648 0.008975122 -1.532283545 0.007740099 -0.008977572 0.999929786 52.750408173
0.999977171 0.001038418 -0.006671488 0.795893192 -0.000980351 0.999961615 0.008701162 -1.551093936 0.006680267 -0.008694423 0.999939919 53.273178101
0.999971509 0.000937957 -0.007486632 0.886042476 -0.000867683 0.999955595 0.009384304 -1.561458826 0.007495100 -0.009377542 0.999927878 53.665618896
0.999969780 0.000112327 -0.007764592 0.837383091 -0.000046192 0.999963760 0.008517087 -1.536783814 0.007765266 -0.008516473 0.999933600 54.368919373
0.999969184 0.000941913 -0.007793884 0.891765952 -0.000868574 0.999955356 0.009407855 -1.583869696 0.007802398 -0.009400795 0.999925315 54.735687256
0.999968410 0.000544804 -0.007926186 0.905613065 -0.000465928 0.999950409 0.009949652 -1.597041368 0.007931212 -0.009945645 0.999919057 55.219875336
0.999971330 0.001070088 -0.007514020 0.933910966 -0.000992326 0.999945998 0.010345066 -1.627227306 0.007524684 -0.010337310 0.999918282 55.579429626
0.999968946 0.000839680 -0.007828833 0.938239217 -0.000759929 0.999947846 0.010184173 -1.645355463 0.007836976 -0.010177910 0.999917448 56.103267670
0.999966741 -0.000147183 -0.008148245 0.956561446 0.000227701 0.999951243 0.009881652 -1.648748875 0.008146393 -0.009883180 0.999917984 56.579021454
0.999967813 0.000215313 -0.008020488 0.963197827 -0.000135178 0.999950051 0.009990450 -1.658380270 0.008022237 -0.009989043 0.999917924 57.088134766
0.999965191 -0.000140352 -0.008345040 0.977238536 0.000223678 0.999950230 0.009985028 -1.670221329 0.008343225 -0.009986547 0.999915302 57.603591919
0.999962866 -0.000373260 -0.008606640 0.987572908 0.000460921 0.999948025 0.010185582 -1.682228684 0.008602391 -0.010189173 0.999911070 58.081798553
0.999963641 0.000085549 -0.008520156 0.991647243 0.000003533 0.999945283 0.010454938 -1.691757679 0.008520583 -0.010454587 0.999909043 58.604404449
0.999963999 -0.000358865 -0.008477440 1.005264163 0.000446221 0.999946833 0.010304931 -1.706669569 0.008473295 -0.010308343 0.999910951 59.112121582
0.999958694 -0.000682971 -0.009058028 1.033723116 0.000782368 0.999939501 0.010974356 -1.732584953 0.009049986 -0.010980991 0.999898791 59.634021759
0.999960721 -0.000089236 -0.008858955 1.032072544 0.000183780 0.999943078 0.010671975 -1.738472939 0.008857498 -0.010673186 0.999903798 60.154319763
0.999961615 -0.000553159 -0.008741649 1.026601911 0.000647156 0.999942005 0.010753567 -1.737076521 0.008735194 -0.010758813 0.999904037 60.674606323
0.999958038 0.000092009 -0.009161690 1.072532892 0.000006039 0.999942720 0.010701452 -1.744897366 0.009162152 -0.010701058 0.999900758 61.163730621
0.999953866 -0.001424938 -0.009496627 1.022953987 0.001526644 0.999941528 0.010711048 -1.792200327 0.009480811 -0.010725051 0.999897540 61.691955566
0.999958575 -0.001207240 -0.009024707 1.026738405 0.001311027 0.999933064 0.011503306 -1.794589520 0.009010215 -0.011514661 0.999893069 62.251399994
0.999953389 -0.001857298 -0.009472626 1.069320679 0.001959674 0.999939680 0.010809844 -1.775070429 0.009451979 -0.010827904 0.999896705 62.553806305
0.999951184 -0.001503364 -0.009761071 1.083095789 0.001601252 0.999948502 0.010028353 -1.782549739 0.009745492 -0.010043493 0.999902129 63.091167450
0.999957681 -0.001149218 -0.009124614 1.081428766 0.001241273 0.999948382 0.010089353 -1.796522379 0.009112546 -0.010100251 0.999907494 63.617362976
0.999953389 -0.000877824 -0.009613576 1.091163158 0.000970751 0.999952793 0.009665844 -1.783999920 0.009604638 -0.009674727 0.999907076 64.110626221
0.999945402 -0.002626139 -0.010110565 1.104770660 0.002730349 0.999943256 0.010307165 -1.813225269 0.010082923 -0.010334209 0.999895751 64.650154114
0.999959230 -0.000767362 -0.008997574 1.112999678 0.000868091 0.999936938 0.011196570 -1.848067403 0.008988418 -0.011203925 0.999896765 64.950874329
0.999949872 -0.002007410 -0.009805437 1.125186205 0.002116468 0.999935925 0.011124515 -1.858996987 0.009782478 -0.011144709 0.999890029 65.489555359
0.999951839 -0.001731238 -0.009657075 1.147288799 0.001841291 0.999933362 0.011398927 -1.867115498 0.009636695 -0.011416159 0.999888361 65.965194702
0.999961734 -0.000255756 -0.008738649 1.131214380 0.000357667 0.999931872 0.011662516 -1.900499225 0.008735069 -0.011665196 0.999893785 66.404266357
0.999952435 -0.001385823 -0.009653815 1.154438972 0.001503796 0.999924123 0.012223833 -1.913076401 0.009636142 -0.012237768 0.999878705 67.029167175
0.999962032 0.000047452 -0.008714579 1.159089565 0.000053089 0.999933541 0.011536558 -1.920072556 0.008714546 -0.011536582 0.999895394 67.359436035
0.999944091 -0.002351754 -0.010308109 1.152922273 0.002469054 0.999932230 0.011381482 -1.899466753 0.010280643 -0.011406296 0.999882042 68.151008606
0.999951541 -0.001619728 -0.009711146 1.208773136 0.001732337 0.999931216 0.011598599 -1.939352632 0.009691690 -0.011614860 0.999885559 68.287216187
0.999949932 -0.001873232 -0.009831559 1.224764943 0.001994414 0.999921978 0.012330537 -1.962369204 0.009807693 -0.012349527 0.999875605 68.807884216
0.999952912 -0.001194174 -0.009621362 1.219706655 0.001310896 0.999925494 0.012134392 -1.974884748 0.009606156 -0.012146433 0.999880016 69.274406433
0.999962091 -0.000204702 -0.008707596 1.233925700 0.000309905 0.999926925 0.012082013 -1.986313820 0.008704487 -0.012084252 0.999889076 69.900672913
0.999957383 -0.000710456 -0.009206022 1.225446820 0.000820353 0.999928355 0.011939228 -1.996338606 0.009196881 -0.011946268 0.999886274 70.272453308
0.999952674 -0.001449033 -0.009613154 1.255567312 0.001565637 0.999925137 0.012133260 -2.013442039 0.009594854 -0.012147738 0.999880195 70.794593811
0.999955654 -0.001381347 -0.009317751 1.257628322 0.001495946 0.999923170 0.012303228 -2.025001526 0.009300041 -0.012316621 0.999880910 71.341468811
0.999956191 -0.000313091 -0.009349335 1.299692988 0.000431416 0.999919832 0.012656621 -2.083005905 0.009344622 -0.012660101 0.999876142 71.718391418
0.999952734 -0.000939904 -0.009674518 1.318736911 0.001063229 0.999918163 0.012750230 -2.099469185 0.009661743 -0.012759916 0.999871850 72.261863708
0.999950707 -0.001420811 -0.009819513 1.306254029 0.001544118 0.999919891 0.012561229 -2.098249912 0.009800876 -0.012575774 0.999872863 72.874320984
0.999951124 -0.001085794 -0.009824767 1.317040920 0.001206861 0.999923348 0.012325025 -2.112114429 0.009810630 -0.012336280 0.999875724 73.431587219
0.999955058 -0.000622987 -0.009458301 1.323781610 0.000741220 0.999921560 0.012502150 -2.121958971 0.009449770 -0.012508599 0.999877095 73.958557129
0.999950528 -0.001346768 -0.009854970 1.299968243 0.001469287 0.999921560 0.012435537 -2.150042295 0.009837450 -0.012449402 0.999874115 74.844970703
0.999953628 -0.001237901 -0.009552422 1.298598766 0.001352434 0.999927104 0.011992808 -2.156889915 0.009536881 -0.012005172 0.999882460 75.439254761
0.999952078 -0.001477610 -0.009677350 1.309758186 0.001587755 0.999933898 0.011383917 -2.159164190 0.009659888 -0.011398735 0.999888420 75.973648071
0.999954998 -0.001075702 -0.009422103 1.293610454 0.001187048 0.999929547 0.011820022 -2.168422461 0.009408724 -0.011830676 0.999885738 76.550369263
0.999954224 -0.001258312 -0.009482010 1.300516129 0.001368596 0.999931335 0.011633405 -2.173194408 0.009466722 -0.011645849 0.999887288 77.128532410
0.999968708 -0.001443116 -0.007767552 1.293528318 0.001534706 0.999929190 0.011798242 -2.184770584 0.007749977 -0.011809794 0.999900222 77.688758850
0.999979436 -0.001057231 -0.006325931 1.298103333 0.001132067 0.999929309 0.011838249 -2.193268538 0.006312969 -0.011845167 0.999909937 78.267959595
0.999985754 -0.000452614 -0.005318743 1.296844125 0.000512710 0.999935985 0.011303062 -2.198437929 0.005313287 -0.011305628 0.999921978 78.835052490
0.999990642 -0.001078380 -0.004188682 1.304253101 0.001125814 0.999935091 0.011338715 -2.197109222 0.004176183 -0.011343323 0.999926925 79.407531738
0.999999762 -0.000542229 -0.000497024 1.313953519 0.000547754 0.999937356 0.011185221 -2.208659172 0.000490929 -0.011185491 0.999937356 79.956504822
0.999995232 0.000740639 0.002997333 1.347230077 -0.000775939 0.999930143 0.011792948 -2.228838921 -0.002988390 -0.011795219 0.999925911 80.522285461
0.999984980 0.000122086 0.005464379 1.368713379 -0.000186235 0.999931037 0.011740650 -2.247744560 -0.005462569 -0.011741494 0.999916136 80.957450867
0.999949992 0.000736273 0.009970305 1.401360273 -0.000851400 0.999932885 0.011547714 -2.241436005 -0.009961135 -0.011555625 0.999883592 81.618408203
0.999872565 0.000904413 0.015935009 1.405384541 -0.001094374 0.999928355 0.011916306 -2.251042843 -0.015923090 -0.011932226 0.999801993 82.197273254
0.999776840 0.000552482 0.021117814 1.490943551 -0.000808905 0.999926031 0.012135897 -2.279677868 -0.021109546 -0.012150273 0.999703288 82.593452454
0.999643803 0.000127217 0.026688425 1.548677444 -0.000456359 0.999923885 0.012327052 -2.300519466 -0.026684826 -0.012334839 0.999567747 83.027595520
0.999380231 -0.000639950 0.035194874 1.566201329 0.000230407 0.999932230 0.011639239 -2.269753456 -0.035199933 -0.011623919 0.999312699 83.767982483
0.999049127 -0.001057088 0.043583833 1.603709459 0.000562956 0.999935389 0.011348231 -2.283433199 -0.043593016 -0.011312906 0.998985231 84.313880920
0.998704672 -0.000473405 0.050879601 1.641833544 -0.000118655 0.999932349 0.011632841 -2.297022581 -0.050881665 -0.011623810 0.998637021 84.872779846
0.998228610 -0.001089800 0.059484541 1.706249952 0.000443696 0.999940753 0.010873844 -2.301116705 -0.059492860 -0.010828190 0.998170018 85.469375610
0.997543931 -0.000261143 0.070043407 1.763376713 -0.000511979 0.999939144 0.011019584 -2.318916321 -0.070042036 -0.011028381 0.997483015 86.034004211
0.996871293 0.000114763 0.079042442 1.818311214 -0.000975538 0.999940693 0.010851506 -2.325399399 -0.079036504 -0.010894664 0.996812165 86.580940247
0.996236861 -0.000377834 0.086671971 1.913109303 -0.000598601 0.999936640 0.011239599 -2.355141878 -0.086670727 -0.011249184 0.996173501 87.171394348
0.995269775 -0.001118532 0.097142898 1.981370449 0.000042925 0.999938667 0.011073809 -2.360520840 -0.097149305 -0.011017256 0.995208859 87.709197998
0.994203985 -0.001383305 0.107501395 2.075179100 0.000178449 0.999936998 0.011216627 -2.376559496 -0.107510164 -0.011132430 0.994141638 88.294990540
0.993138373 -0.001213319 0.116938122 2.152044296 -0.000078863 0.999938965 0.011044880 -2.385853291 -0.116944380 -0.010978317 0.993077755 88.834541321
0.991776705 -0.000695742 0.127977878 2.255772591 -0.000733857 0.999938011 0.011123182 -2.389958620 -0.127977654 -0.011125630 0.991714656 89.410148621
0.990127146 -0.000873362 0.140168846 2.354313850 -0.000669428 0.999939740 0.010959127 -2.399692535 -0.140169963 -0.010944763 0.990067005 89.944282532
0.988550425 -0.002218444 0.150874406 2.463113785 0.000556874 0.999938726 0.011054289 -2.412686348 -0.150889695 -0.010843705 0.988491118 90.500656128
0.987022400 -0.002012990 0.160570145 2.567626953 0.000238317 0.999938607 0.011070822 -2.419790506 -0.160582572 -0.010888883 0.986962259 91.053573608
0.984993577 -0.002160832 0.172577351 2.684955597 0.000228548 0.999936998 0.011215713 -2.436206341 -0.172590703 -0.011007963 0.984932005 91.578544617
0.982698798 -0.002510034 0.185193583 2.807465553 0.000483118 0.999939501 0.010989168 -2.442814827 -0.185209945 -0.010709572 0.982640624 92.125511169
0.980601549 -0.002410300 0.195996538 2.936054230 0.000214697 0.999936998 0.011222722 -2.455012798 -0.196011260 -0.010962941 0.980540276 92.659675598
0.977829218 -0.002789927 0.209385306 3.076019287 0.000458605 0.999937356 0.011181848 -2.468949318 -0.209403381 -0.010837913 0.977769256 93.196159363
0.974756479 -0.002585053 0.223255575 3.217407227 0.000033965 0.999934673 0.011429846 -2.477505207 -0.223270521 -0.011133732 0.974692941 93.734443665
0.972171605 -0.003485638 0.234243661 3.372993469 0.000740092 0.999930084 0.011807779 -2.495772362 -0.234268397 -0.011305829 0.972106159 94.258544922
0.969220757 -0.004058039 0.246159896 3.545627594 0.001267726 0.999933124 0.011492781 -2.513222694 -0.246190116 -0.010826979 0.969161093 94.769645691
0.965546727 -0.004096709 0.260197461 3.717863083 0.001021989 0.999927998 0.011951061 -2.530480146 -0.260227710 -0.011273388 0.965481460 95.296714783
0.962082326 -0.004746485 0.272718281 3.893926620 0.001566964 0.999928236 0.011875238 -2.542546272 -0.272755176 -0.010997618 0.962020636 95.816833496
0.958930433 -0.005497688 0.283588111 4.082908630 0.002147574 0.999924183 0.012122850 -2.559901714 -0.283633322 -0.011015943 0.958869517 96.331848145
0.954603255 -0.004975793 0.297838569 4.273933411 0.001484559 0.999927521 0.011946964 -2.565060139 -0.297876447 -0.010962452 0.954541504 96.876327515
0.950181544 -0.005627476 0.311646283 4.475381851 0.001896762 0.999922872 0.012272803 -2.578222275 -0.311691314 -0.011070274 0.950118899 97.384414673
0.946422458 -0.006314542 0.322869211 4.675363541 0.002445548 0.999920309 0.012387416 -2.586118698 -0.322921693 -0.010934139 0.946362436 97.896621704
0.941965163 -0.006007924 0.335656881 4.884201050 0.001968921 0.999921501 0.012372152 -2.598981142 -0.335704893 -0.010993253 0.941903055 98.414947510
0.936728954 -0.006009828 0.350003898 5.104673386 0.001582576 0.999915123 0.012933780 -2.611657143 -0.350051939 -0.011561537 0.936659038 98.929031372
0.932253301 -0.006523814 0.361747384 5.328357697 0.002051943 0.999916673 0.012744642 -2.616760254 -0.361800402 -0.011138948 0.932189047 99.433372498
0.927606881 -0.006948730 0.373493165 5.550481796 0.002343009 0.999915540 0.012784045 -2.631013393 -0.373550534 -0.010983468 0.927544832 99.933471680
0.921814978 -0.006960349 0.387567550 5.789129257 0.002241283 0.999917746 0.012626775 -2.633849144 -0.387623489 -0.010770900 0.921754956 100.439559937
0.916397929 -0.007954392 0.400189340 6.030508041 0.003050474 0.999912202 0.012889513 -2.644778252 -0.400256664 -0.010591158 0.916341960 100.924369812
0.911724746 -0.008751005 0.410708338 6.273765564 0.003916245 0.999912739 0.012611640 -2.651900768 -0.410782844 -0.009889909 0.911679566 101.413505554
0.906220376 -0.008958385 0.422710925 6.533912659 0.003926609 0.999910653 0.012772826 -2.666332245 -0.422787666 -0.009915174 0.906174541 101.900688171
0.899599791 -0.008969240 0.436623007 6.802158356 0.003662935 0.999908805 0.012993469 -2.679083109 -0.436699748 -0.010089599 0.899550736 102.391601562
0.894103289 -0.010013408 0.447748572 7.074264526 0.004765940 0.999906242 0.012844762 -2.687752247 -0.447835118 -0.009350603 0.894067228 102.862579346
0.888692498 -0.011021490 0.458371282 7.347946167 0.005658656 0.999898553 0.013071430 -2.696982861 -0.458468765 -0.009022715 0.888664722 103.331542969
0.881814718 -0.011310637 0.471460342 7.637035370 0.005955128 0.999899685 0.012849822 -2.710395813 -0.471558481 -0.008523556 0.881793618 103.791000366
