1.000000000 0.000000000 0.000000000 0.000000000 0.000000000 1.000000000 0.000000000 0.000000000 0.000000000 0.000000000 1.000000000 0.000000000
1.000000000 0.000022688 -0.000021277 0.000444024 -0.000022689 1.000000000 -0.000038032 0.000772561 0.000021276 0.000038033 1.000000000 0.000389112
1.000000000 0.000027604 0.000033132 -0.000056429 -0.000027606 1.000000000 0.000036469 0.000067035 -0.000033131 -0.000036470 1.000000000 0.000086181
1.000000000 -0.000128981 0.000060229 -0.000078600 0.000128983 1.000000000 -0.000024216 0.000755872 -0.000060225 0.000024224 1.000000000 0.000120176
1.000000000 -0.000119241 0.000031690 -0.000100622 0.000119241 1.000000000 0.000020638 -0.000085886 -0.000031692 -0.000020634 1.000000000 -0.000564971
1.000000000 0.000034647 0.000116203 -0.000464246 -0.000034644 1.000000000 -0.000025584 0.000819638 -0.000116203 0.000025580 1.000000000 0.000058532
1.000000000 -0.000093727 0.000072152 0.000158396 0.000093727 1.000000000 -0.000000341 0.000468959 -0.000072152 0.000000348 1.000000000 0.000230155
1.000000000 0.000008461 0.000066715 -0.000541738 -0.000008467 1.000000000 0.000092043 -0.000106518 -0.000066714 -0.000092043 1.000000000 -0.000095876
1.000000000 -0.000013030 -0.000005468 -0.000736406 0.000013030 1.000000000 -0.000061880 -0.000165797 0.000005469 0.000061880 1.000000000 -0.001092803
1.000000000 -0.000046214 0.000080987 -0.000088754 0.000046211 1.000000000 0.000040928 -0.000724893 -0.000080989 -0.000040925 1.000000000 -0.000410948
1.000000000 0.000072025 0.000053061 -0.000834144 -0.000072028 1.000000000 0.000056691 -0.000900466 -0.000053057 -0.000056695 1.000000000 -0.000636322
1.000000000 -0.000032603 0.000069688 -0.000916746 0.000032600 1.000000000 0.000039496 -0.000330832 -0.000069690 -0.000039493 1.000000000 -0.000863216
1.000000000 0.000053409 0.000033275 -0.000812227 -0.000053406 1.000000000 -0.000075491 -0.000338751 -0.000033279 0.000075489 1.000000000 -0.001540915
1.000000000 0.000042956 0.000068127 -0.000994243 -0.000042954 1.000000000 -0.000025986 0.000493813 -0.000068128 0.000025983 1.000000000 0.000290917
1.000000000 0.000029348 0.000047617 -0.000965731 -0.000029343 1.000000000 -0.000116383 0.001253813 -0.000047621 0.000116381 1.000000000 0.000890204
1.000000000 -0.000010796 -0.000031565 0.000329657 0.000010794 1.000000000 -0.000073888 0.001262626 0.000031565 0.000073887 1.000000000 0.001313559
1.000000000 0.000080559 0.000102268 -0.000963299 -0.000080543 1.000000000 -0.000151871 0.002283522 -0.000102280 0.000151862 1.000000000 0.002560131
1.000000000 0.000162432 0.000085275 -0.001327184 -0.000162419 1.000000000 -0.000159447 0.001828282 -0.000085301 0.000159433 1.000000000 0.001574782
1.000000000 0.000174844 0.000154357 -0.001450766 -0.000174829 1.000000000 -0.000095130 0.002083065 -0.000154374 0.000095103 1.000000000 0.002467160
1.000000000 0.000091286 0.000150065 -0.001393766 -0.000091272 1.000000000 -0.000092084 0.000981664 -0.000150073 0.000092071 1.000000000 0.001279967
1.000000000 0.000032593 0.000089225 -0.001162445 -0.000032591 1.000000000 -0.000026735 0.000324774 -0.000089226 0.000026732 1.000000000 0.000638741
1.000000000 0.000157632 0.000052218 -0.000787570 -0.000157631 1.000000000 -0.000027693 0.001288376 -0.000052223 0.000027684 1.000000000 0.000941669
1.000000000 0.000119177 0.000017089 -0.000621010 -0.000119176 1.000000000 -0.000078772 0.001449072 -0.000017098 0.000078770 1.000000000 0.002234071
1.000000000 0.000099613 0.000078869 -0.001228898 -0.000099608 1.000000000 -0.000061220 0.001663000 -0.000078876 0.000061212 1.000000000 0.002433094
0.999999940 0.000358358 0.000051814 -0.001168667 -0.000358355 0.999999940 -0.000061123 0.002457453 -0.000051836 0.000061104 1.000000000 0.003728321
0.999999940 0.000252551 0.000110033 -0.001512328 -0.000252544 0.999999940 -0.000060485 0.002312851 -0.000110048 0.000060457 1.000000000 0.001974019
1.000000000 0.000066077 0.000109107 -0.000495692 -0.000066069 1.000000000 -0.000066339 0.002536932 -0.000109112 0.000066332 1.000000000 0.003043293
1.000000000 0.000156075 0.000177367 -0.001741178 -0.000156072 1.000000000 -0.000018713 0.001599016 -0.000177370 0.000018685 1.000000000 0.002420100
1.000000000 0.000164840 0.000081361 -0.001309667 -0.000164834 1.000000000 -0.000077371 0.002439501 -0.000081374 0.000077358 1.000000000 0.002265825
1.000000000 0.000059565 0.000093643 -0.001541088 -0.000059558 1.000000000 -0.000079312 0.001244317 -0.000093648 0.000079307 1.000000000 0.001748735
0.999999940 0.000143970 0.000201944 -0.001859187 -0.000143968 1.000000000 -0.000006922 0.001096822 -0.000201945 0.000006893 1.000000000 0.002046606
1.000000000 0.000120697 0.000190008 -0.001378869 -0.000120683 1.000000000 -0.000069451 0.002217624 -0.000190017 0.000069428 1.000000000 0.003802087
1.000000000 0.000221568 0.000102439 -0.000881858 -0.000221547 0.999999940 -0.000208347 0.003461296 -0.000102485 0.000208325 1.000000000 0.003896716
1.000000000 0.000119912 0.000138047 -0.000902741 -0.000119897 1.000000000 -0.000104683 0.001826508 -0.000138060 0.000104667 1.000000000 0.001950245
0.999999940 0.000244620 0.000190829 -0.002559993 -0.000244590 0.999999940 -0.000159867 0.002284574 -0.000190868 0.000159820 0.999999940 0.002650316
1.000000000 0.000141955 0.000179451 -0.001724207 -0.000141936 1.000000000 -0.000102422 0.001067914 -0.000179465 0.000102396 1.000000000 0.001452025
1.000000000 0.000091215 0.000044344 -0.002018505 -0.000091216 1.000000000 0.000020963 0.000460775 -0.000044342 -0.000020967 1.000000000 0.000264235
1.000000000 0.000137950 0.000083804 -0.001436989 -0.000137947 1.000000000 -0.000034618 0.001906039 -0.000083809 0.000034607 1.000000000 0.002280724
0.999999940 0.000181959 0.000186298 -0.001928104 -0.000181947 1.000000000 -0.000063627 0.001842805 -0.000186309 0.000063593 1.000000000 0.001821470
0.999999940 0.000219070 0.000128211 -0.000917307 -0.000219057 1.000000000 -0.000099535 0.003017259 -0.000128233 0.000099507 1.000000000 0.003280166
1.000000000 0.000007925 0.000064982 0.000282831 -0.000007919 1.000000000 -0.000096234 0.000891999 -0.000064983 0.000096233 1.000000000 0.002589693
0.999999881 -0.000332379 0.000066617 0.001921272 0.000332357 0.999999881 0.000322720 -0.019964702 -0.000066724 -0.000322698 0.999999940 0.040742323
0.999999821 -0.000464566 0.000094324 0.003492435 0.000464596 0.999999762 -0.000322546 -0.020825725 -0.000094174 0.000322590 0.999999940 0.130320355
0.999999940 0.000292548 -0.000152609 0.013842418 -0.000292617 0.999999881 -0.000448272 -0.030266119 0.000152478 0.000448316 0.999999821 0.188658163
0.999999940 0.000258020 -0.000131512 0.016975692 -0.000258077 0.999999881 -0.000431889 -0.032970671 0.000131401 0.000431923 0.999999881 0.321052909
0.999999940 0.000294529 -0.000154341 0.018141778 -0.000294561 1.000000000 -0.000203439 -0.036225878 0.000154281 0.000203484 1.000000000 0.465324581
0.999999940 0.000365529 -0.000130276 0.015843593 -0.000365469 0.999999821 0.000459556 -0.045138549 0.000130444 -0.000459509 0.999999881 0.662629962
1.000000000 0.000018268 -0.000161939 0.021731112 -0.000018167 0.999999762 0.000628263 -0.048858315 0.000161950 -0.000628260 0.999999762 0.823987782
0.999999940 0.000029093 -0.000130698 0.020404672 -0.000029091 0.999999940 0.000017851 -0.044027492 0.000130698 -0.000017847 1.000000000 1.001002431
0.999999940 0.000205112 -0.000196856 0.025299884 -0.000205098 1.000000000 0.000071568 -0.048373975 0.000196871 -0.000071528 1.000000000 1.177358866
0.999999464 0.001036059 -0.000002172 0.021379109 -0.001036060 0.999999464 -0.000182311 -0.049058463 0.000001983 0.000182313 1.000000000 1.353423238
0.999999285 0.001136370 -0.000189182 0.025863416 -0.001136428 0.999999344 -0.000307856 -0.051135633 0.000188832 0.000308071 1.000000000 1.547478199
0.999999940 0.000239162 0.000176677 0.027906351 -0.000239304 0.999999642 0.000807394 -0.068204999 -0.000176483 -0.000807437 0.999999642 1.751898885
0.999999702 0.000730335 0.000184317 0.038764253 -0.000730522 0.999999225 0.001018974 -0.074518070 -0.000183572 -0.001019108 0.999999464 1.936047912
1.000000000 0.000114077 0.000082641 0.036645453 -0.000114171 0.999999344 0.001147463 -0.081000924 -0.000082510 -0.001147473 0.999999285 2.144556522
0.999999940 0.000284052 0.000076717 0.039809950 -0.000284133 0.999999404 0.001050548 -0.083363667 -0.000076419 -0.001050570 0.999999464 2.380043507
0.999999762 0.000606189 0.000153302 0.042568684 -0.000606332 0.999999344 0.000935327 -0.088316604 -0.000152734 -0.000935420 0.999999583 2.603058577
0.999999881 0.000235469 0.000234330 0.054150574 -0.000235674 0.999999583 0.000874467 -0.094170190 -0.000234124 -0.000874522 0.999999583 2.819513798
0.999999821 0.000271443 0.000480411 0.056082163 -0.000271990 0.999999344 0.001137409 -0.100171313 -0.000480101 -0.001137539 0.999999225 3.063328505
0.999999702 0.000645647 0.000446224 0.053430662 -0.000646178 0.999999046 0.001191814 -0.111014090 -0.000445455 -0.001192102 0.999999106 3.287724972
0.999999762 0.000294940 0.000478643 0.059368901 -0.000295504 0.999999285 0.001178863 -0.112945914 -0.000478295 -0.001179005 0.999999106 3.555262327
0.999999702 0.000615240 0.000449871 0.065005012 -0.000615732 0.999999285 0.001093182 -0.117158070 -0.000449199 -0.001093459 0.999999225 3.812357903
0.999999642 0.000475400 0.000627409 0.064597465 -0.000476050 0.999999344 0.001036868 -0.127439961 -0.000626916 -0.001037167 0.999999225 4.067819595
0.999999344 0.000841889 0.000730286 0.070669115 -0.000842667 0.999999046 0.001065697 -0.130892947 -0.000729388 -0.001066312 0.999999106 4.330623627
0.999999583 0.000397861 0.000911575 0.072697610 -0.000398776 0.999999583 0.001003674 -0.138260588 -0.000911176 -0.001004037 0.999999166 4.586596012
0.999999225 0.000838537 0.000903798 0.080746412 -0.000839668 0.999998868 0.001251925 -0.150368467 -0.000902747 -0.001252683 0.999998748 4.850968361
0.999999166 0.000974650 0.000814768 0.086606920 -0.000975985 0.999998212 0.001639826 -0.159938693 -0.000813168 -0.001640620 0.999998271 5.110207558
0.999999106 0.000850607 0.000986713 0.089100845 -0.000851857 0.999998808 0.001267473 -0.164195299 -0.000985633 -0.001268312 0.999998689 5.375761509
0.999999106 0.000775171 0.001075534 0.090601124 -0.000776890 0.999998391 0.001599474 -0.174076334 -0.001074293 -0.001600309 0.999998152 5.645294666
0.999999344 0.000528229 0.001028172 0.093102388 -0.000529668 0.999998868 0.001400147 -0.179092020 -0.001027431 -0.001400690 0.999998510 5.914081573
0.999998152 0.001381333 0.001350114 0.097536266 -0.001383401 0.999997795 0.001532563 -0.189831421 -0.001347994 -0.001534428 0.999997914 6.189657211
0.999997318 0.001735685 0.001554708 0.104264043 -0.001738053 0.999997318 0.001523616 -0.194031194 -0.001552059 -0.001526314 0.999997675 6.483382702
0.999999046 0.000872787 0.001083771 0.113139436 -0.000874784 0.999997914 0.001843730 -0.208183393 -0.001082160 -0.001844676 0.999997735 6.769910812
0.999998152 0.001241958 0.001480139 0.114665061 -0.001244022 0.999998271 0.001394894 -0.212039247 -0.001478404 -0.001396733 0.999997914 7.083217621
0.999998927 0.000730309 0.001288098 0.122936085 -0.000732543 0.999998271 0.001735032 -0.222144410 -0.001286829 -0.001735974 0.999997675 7.385529041
0.999999583 0.000313913 0.000988080 0.133212656 -0.000315943 0.999997854 0.002054628 -0.238400012 -0.000987433 -0.002054939 0.999997377 7.676377296
0.999999523 0.000284342 0.000944490 0.140881583 -0.000285902 0.999998569 0.001651493 -0.240573004 -0.000944019 -0.001651763 0.999998152 8.002774239
0.999996901 0.001508465 0.001964014 0.129667565 -0.001511344 0.999997735 0.001465416 -0.246697068 -0.001961799 -0.001468380 0.999997020 8.326059341
0.999997497 0.001142094 0.001935137 0.138023823 -0.001144734 0.999998450 0.001363318 -0.253389686 -0.001933577 -0.001365530 0.999997199 8.651609421
0.999997854 0.001155811 0.001702219 0.148490503 -0.001158320 0.999998212 0.001473507 -0.268866301 -0.001700513 -0.001475475 0.999997437 8.989338875
0.999997795 0.001386005 0.001546829 0.156077549 -0.001388614 0.999997675 0.001687114 -0.281433076 -0.001544488 -0.001689258 0.999997318 9.330756187
0.999996662 0.002044198 0.001579375 0.155438498 -0.002046270 0.999996960 0.001311394 -0.283580244 -0.001576690 -0.001314621 0.999997854 9.660948753
0.999996662 0.001940391 0.001739230 0.161222756 -0.001943676 0.999996305 0.001889284 -0.296465635 -0.001735557 -0.001892658 0.999996722 10.011235237
0.999996364 0.001988455 0.001832366 0.171897322 -0.001991744 0.999996424 0.001795084 -0.316315204 -0.001828790 -0.001798727 0.999996722 10.365693092
0.999995768 0.002209172 0.001871439 0.179015860 -0.002213454 0.999994934 0.002289192 -0.328776687 -0.001866372 -0.002293325 0.999995649 10.728454590
0.999996662 0.001920654 0.001742470 0.184948355 -0.001924545 0.999995649 0.002233932 -0.337285697 -0.001738172 -0.002237278 0.999995947 11.096998215
0.999995053 0.002599809 0.001766828 0.194104463 -0.002603368 0.999994576 0.002014960 -0.343140811 -0.001761579 -0.002019549 0.999996424 11.478579521
0.999994993 0.002732843 0.001576918 0.209691092 -0.002735852 0.999994576 0.001909545 -0.345934451 -0.001571691 -0.001913850 0.999996960 11.865140915
0.999995351 0.002263870 0.002045388 0.210953116 -0.002268624 0.999994695 0.002325206 -0.365608066 -0.002040113 -0.002329835 0.999995232 12.246312141
0.999995053 0.002303105 0.002141111 0.222212523 -0.002308902 0.999993622 0.002709124 -0.379999965 -0.002134858 -0.002714053 0.999994099 12.631775856
0.999993086 0.002741585 0.002484095 0.216521382 -0.002748059 0.999992847 0.002606880 -0.390441924 -0.002476931 -0.002613689 0.999993503 13.052857399
0.999994457 0.002365599 0.002397512 0.234917685 -0.002371597 0.999993980 0.002501908 -0.398194611 -0.002391579 -0.002507580 0.999993980 13.448654175
0.999990940 0.003132474 0.002878737 0.235794276 -0.003139583 0.999992013 0.002468119 -0.410003245 -0.002870983 -0.002477135 0.999992788 13.860654831
0.999991357 0.003151726 0.002707842 0.247548029 -0.003159874 0.999990404 0.003009857 -0.423343748 -0.002698330 -0.003018387 0.999991775 14.272077560
0.999992251 0.002787407 0.002765669 0.256784856 -0.002795851 0.999991417 0.003053825 -0.437949151 -0.002757133 -0.003061534 0.999991477 14.685835838
0.999987185 0.003328428 0.003821624 0.260553241 -0.003338219 0.999991179 0.002558551 -0.444586247 -0.003813074 -0.002571275 0.999989390 15.117262840
0.999983609 0.004219309 0.003871036 0.279236048 -0.004231110 0.999986351 0.003045258 -0.458775938 -0.003858135 -0.003061587 0.999987900 15.559244156
0.999987423 0.003087409 0.003947977 0.293532223 -0.003100018 0.999990046 0.003191611 -0.474280506 -0.003938084 -0.003203809 0.999987125 16.000114441
0.999983013 0.003659959 0.004559364 0.300330043 -0.003675109 0.999987721 0.003318884 -0.479156792 -0.004547163 -0.003335583 0.999984086 16.449798584
0.999985397 0.003156197 0.004383217 0.311257899 -0.003167706 0.999991596 0.002621187 -0.488857269 -0.004374907 -0.002635034 0.999986887 16.896772385
0.999979258 0.003886832 0.005129333 0.317365527 -0.003904746 0.999986291 0.003487208 -0.513375461 -0.005115709 -0.003507165 0.999980748 17.342987061
0.999978542 0.004103782 0.005109740 0.330794811 -0.004121661 0.999985397 0.003493518 -0.522381485 -0.005095329 -0.003514503 0.999980867 17.799654007
0.999977112 0.004104341 0.005387829 0.344481856 -0.004120959 0.999986708 0.003076793 -0.531391323 -0.005375129 -0.003098925 0.999980807 18.269260406
0.999977946 0.003785560 0.005461412 0.359536380 -0.003802477 0.999988019 0.003090480 -0.541690826 -0.005449646 -0.003111179 0.999980330 18.741632462
0.999974966 0.004077312 0.005773883 0.370698452 -0.004095740 0.999986470 0.003183291 -0.552935183 -0.005760827 -0.003206859 0.999978244 19.211803436
0.999976397 0.004000504 0.005572847 0.378501594 -0.004020514 0.999985516 0.003584035 -0.567691207 -0.005558428 -0.003606357 0.999978006 19.678497314
0.999975324 0.004013215 0.005761443 0.384416342 -0.004036075 0.999983966 0.003961470 -0.580988944 -0.005745451 -0.003984626 0.999975562 20.167657852
0.999975324 0.004132210 0.005666713 0.397581279 -0.004151460 0.999985635 0.003389419 -0.588668227 -0.005652626 -0.003412861 0.999978185 20.656929016
0.999975562 0.004216652 0.005569015 0.406785727 -0.004239555 0.999982595 0.004107139 -0.599997699 -0.005551598 -0.004130649 0.999976039 21.123409271
0.999976337 0.004750669 0.004978930 0.426416546 -0.004770715 0.999980509 0.004022018 -0.614044964 -0.004959726 -0.004045676 0.999979436 21.607435226
0.999968171 0.005730882 0.005552308 0.407747775 -0.005754934 0.999974012 0.004325455 -0.638139725 -0.005527376 -0.004357270 0.999975204 22.104776382
0.999969482 0.005825038 0.005202793 0.422389805 -0.005848045 0.999973059 0.004417802 -0.648406506 -0.005176920 -0.004448093 0.999976695 22.612903595
0.999975264 0.005738644 0.004098474 0.463615298 -0.005757377 0.999972939 0.004573636 -0.646899998 -0.004072117 -0.004597119 0.999981165 23.116804123
0.999985099 0.003984642 0.003757242 0.439063877 -0.004002142 0.999981105 0.004661628 -0.661840916 -0.003738596 -0.004676594 0.999982059 23.650966644
0.999991894 0.002591170 0.003071890 0.448485911 -0.002605391 0.999985874 0.004634259 -0.679944277 -0.003059838 -0.004642224 0.999984503 24.172235489
0.999983788 0.004662414 0.003266077 0.471318275 -0.004677515 0.999978364 0.004631311 -0.684583843 -0.003244413 -0.004646513 0.999983966 24.667476654
0.999984741 0.005031866 0.002256003 0.497861981 -0.005042990 0.999975026 0.004953128 -0.703818262 -0.002231023 -0.004964429 0.999985218 25.206306458
0.999982715 0.005602120 0.001776674 0.492905647 -0.005610395 0.999973297 0.004686746 -0.712331653 -0.001750371 -0.004696633 0.999987423 25.778587341
0.999983788 0.005474262 0.001639168 0.506606281 -0.005481881 0.999973953 0.004678591 -0.726645172 -0.001613514 -0.004687500 0.999987721 26.316493988
0.999983907 0.005484951 0.001468227 0.518368006 -0.005492285 0.999972224 0.005039445 -0.740030646 -0.001440545 -0.005047427 0.999986231 26.852315903
0.999988556 0.004716818 0.000704112 0.524720907 -0.004720395 0.999975502 0.005168440 -0.760132015 -0.000679716 -0.005171706 0.999986410 27.410932541
0.999984205 0.005568339 0.000743507 0.533528447 -0.005571925 0.999972403 0.004911793 -0.769882560 -0.000716136 -0.004915859 0.999987721 27.973590851
0.999979556 0.006365443 0.000619411 0.561885297 -0.006368472 0.999967098 0.005020163 -0.775362790 -0.000587435 -0.005024005 0.999987185 28.508726120
0.999979734 0.006359813 0.000271381 0.558884621 -0.006361139 0.999966204 0.005201792 -0.796065331 -0.000238289 -0.005203413 0.999986410 29.077308655
0.999980211 0.006298263 0.000140270 0.563120902 -0.006298890 0.999967456 0.005042701 -0.809439182 -0.000108505 -0.005043484 0.999987245 29.621263504
0.999984145 0.005590488 -0.000642053 0.573938847 -0.005587329 0.999972761 0.004821128 -0.810760617 0.000668988 -0.004817464 0.999988198 30.165220261
0.999980807 0.006143561 -0.000708611 0.602910161 -0.006139804 0.999967635 0.005185196 -0.834332466 0.000740444 -0.005180747 0.999986291 30.684522629
0.999976337 0.006837323 -0.000744505 0.613214910 -0.006833020 0.999960780 0.005636381 -0.845660508 0.000783013 -0.005631160 0.999983847 31.207489014
0.999972701 0.007366634 -0.000600201 0.618185341 -0.007363275 0.999958158 0.005418646 -0.855525494 0.000640093 -0.005414079 0.999985099 31.756822586
0.999973118 0.007276069 -0.000923901 0.632376254 -0.007270664 0.999957144 0.005724655 -0.891747952 0.000965514 -0.005717783 0.999983191 32.328258514
0.999967337 0.007965344 -0.001395651 0.637220621 -0.007956776 0.999950111 0.006041267 -0.908658624 0.001443702 -0.006029963 0.999980807 32.868602753
0.999975622 0.006816140 -0.001497465 0.648658216 -0.006808428 0.999963760 0.005096897 -0.898745775 0.001532152 -0.005086578 0.999985874 33.462413788
0.999969423 0.007604510 -0.001780425 0.675997853 -0.007593635 0.999952853 0.006037493 -0.934575677 0.001826254 -0.006023789 0.999980152 33.974132538
0.999968350 0.007735376 -0.001871354 0.667567670 -0.007725618 0.999956787 0.005165907 -0.916588664 0.001911233 -0.005151285 0.999984920 34.534721375
0.999965012 0.007903446 -0.002744214 0.684982240 -0.007888317 0.999953866 0.005481085 -0.938549638 0.002787407 -0.005459246 0.999981225 35.060497284
0.999972463 0.007150998 -0.001984356 0.677315533 -0.007139741 0.999958634 0.005622838 -0.961357117 0.002024483 -0.005608514 0.999982238 35.579097748
0.999968231 0.007483320 -0.002741077 0.687356353 -0.007466866 0.999954283 0.005964575 -0.976196647 0.002785587 -0.005943919 0.999978483 36.125213623
0.999974251 0.006574220 -0.002928214 0.727392435 -0.006560243 0.999967158 0.004756936 -0.970769703 0.002959392 -0.004737603 0.999984384 36.676494598
0.999970138 0.006914987 -0.003452801 0.737786829 -0.006896698 0.999962270 0.005281137 -0.987676919 0.003489190 -0.005257166 0.999980092 37.223125458
0.999968469 0.007248810 -0.003249043 0.747963250 -0.007233277 0.999962449 0.004767178 -0.997712374 0.003283478 -0.004743526 0.999983370 37.749530792
0.999970019 0.006402234 -0.004369474 0.766387463 -0.006380965 0.999967754 0.004864579 -1.010665178 0.004400479 -0.004836552 0.999978602 38.294033051
0.999970078 0.006644690 -0.003963087 0.769630134 -0.006626898 0.999967933 0.004486246 -1.020158648 0.003992770 -0.004459848 0.999982119 38.843223572
0.999965310 0.007444465 -0.003740555 0.765312850 -0.007426908 0.999961436 0.004685326 -1.039419055 0.003775291 -0.004657383 0.999981999 39.394229889
0.999964654 0.007668870 -0.003443500 0.784891129 -0.007652535 0.999959469 0.004732523 -1.055548191 0.003479653 -0.004706004 0.999982834 39.939064026
0.999964058 0.007826124 -0.003263785 0.777019024 -0.007810371 0.999957860 0.004812565 -1.067417622 0.003301311 -0.004786901 0.999983072 40.491905212
0.999962986 0.007866698 -0.003492050 0.790518761 -0.007851463 0.999959588 0.004355314 -1.074355960 0.003526171 -0.004327735 0.999984384 41.054141998
0.999963939 0.007918303 -0.003078426 0.779442549 -0.007902588 0.999955833 0.005084108 -1.100256562 0.003118548 -0.005059597 0.999982357 41.562835693
0.999958992 0.008712405 -0.002460103 0.785518408 -0.008701710 0.999952734 0.004324660 -1.106831789 0.002497666 -0.004303076 0.999987662 42.111221313
0.999963999 0.007662536 -0.003661818 0.810743093 -0.007645016 0.999959409 0.004774854 -1.120272040 0.003698257 -0.004746686 0.999981940 42.645458221
0.999955475 0.008756952 -0.003519034 0.807479978 -0.008742850 0.999953747 0.004003426 -1.119872689 0.003553930 -0.003972481 0.999985814 43.215034485
0.999956012 0.008464786 -0.004040436 0.831255853 -0.008449498 0.999957263 0.003786450 -1.136277318 0.004072314 -0.003752144 0.999984682 43.766834259
0.999953270 0.008869057 -0.003839356 0.841507673 -0.008855688 0.999954820 0.003485140 -1.146599770 0.003870092 -0.003450977 0.999986589 44.312057495
0.999956727 0.008524302 -0.003730319 0.840387404 -0.008511048 0.999957442 0.003554274 -1.161489248 0.003760459 -0.003522371 0.999986708 44.863605499
0.999958277 0.008323985 -0.003762043 0.850451052 -0.008310597 0.999959111 0.003560380 -1.178331137 0.003791525 -0.003528966 0.999986589 45.429500580
0.999954879 0.008657203 -0.003905239 0.861667633 -0.008643994 0.999956846 0.003386550 -1.191538572 0.003934388 -0.003352640 0.999986649 45.973701477
0.999953926 0.008704553 -0.004052924 0.871426225 -0.008689391 0.999955177 0.003743377 -1.209996939 0.004085327 -0.003707987 0.999984801 46.502204895
0.999950111 0.009358666 -0.003487290 0.874308944 -0.009346451 0.999950171 0.003502396 -1.223526597 0.003519894 -0.003469627 0.999987721 47.039798737
0.999950349 0.009351104 -0.003447743 0.880318403 -0.009337621 0.999948800 0.003906450 -1.241195798 0.003484096 -0.003874062 0.999986410 47.581565857
0.999953508 0.008946171 -0.003610712 0.887928426 -0.008933659 0.999954164 0.003467103 -1.256315470 0.003641564 -0.003434685 0.999987423 48.144542694
0.999948919 0.009361602 -0.003796691 0.898055494 -0.009349409 0.999951124 0.003216485 -1.264171720 0.003826617 -0.003180824 0.999987602 48.686500549
0.999953270 0.009046084 -0.003418339 0.904577613 -0.009035149 0.999954045 0.003202356 -1.273725867 0.003447150 -0.003171321 0.999989033 49.249027252
0.999949157 0.009670763 -0.002833751 0.902040660 -0.009659983 0.999946117 0.003793186 -1.305213571 0.002870281 -0.003765619 0.999988794 49.802333832
0.999942124 0.010487080 -0.002395759 0.905040622 -0.010479038 0.999939501 0.003344422 -1.308539152 0.002430687 -0.003319123 0.999991536 50.340396881
0.999947190 0.010024577 -0.002272719 0.911901176 -0.010016013 0.999942780 0.003749244 -1.333600044 0.002310173 -0.003726282 0.999990404 50.886043549
0.999947608 0.009911573 -0.002596730 0.925947845 -0.009901178 0.999943018 0.003986001 -1.349097610 0.002636091 -0.003960081 0.999988675 51.425434113
0.999949157 0.009720496 -0.002671673 0.931747675 -0.009707703 0.999941528 0.004760147 -1.373207927 0.002717787 -0.004733969 0.999985099 51.968299866
0.999938667 0.010943323 -0.001720191 0.938119769 -0.010936323 0.999932110 0.004027877 -1.382344246 0.001764152 -0.004008818 0.999990404 52.524318695
0.999942064 0.010632829 -0.001688834 0.946135521 -0.010625788 0.999935031 0.004125104 -1.397640944 0.001732586 -0.004106920 0.999990046 53.065410614
0.999937952 0.010846185 -0.002536063 0.957377434 -0.010836963 0.999934733 0.003622235 -1.408582687 0.002575185 -0.003594527 0.999990165 53.632793427
0.999937952 0.010961193 -0.001956209 0.959286332 -0.010954591 0.999934375 0.003353565 -1.427921891 0.001992840 -0.003331927 0.999992490 54.200244904
0.999932766 0.011534058 -0.001159616 0.958667040 -0.011530026 0.999927640 0.003426992 -1.447561741 0.001199059 -0.003413392 0.999993443 54.750644684
0.999947011 0.010164625 -0.001586242 0.973233879 -0.010159564 0.999943316 0.003165669 -1.458423615 0.001618330 -0.003149386 0.999993742 55.304450989
0.999940991 0.010747011 -0.001556100 0.984755635 -0.010741786 0.999936759 0.003328299 -1.466892719 0.001591772 -0.003311387 0.999993265 55.840499878
0.999935567 0.011249819 -0.001498466 0.992125690 -0.011243987 0.999929309 0.003844504 -1.484052896 0.001541610 -0.003827407 0.999991477 56.375236511
0.999937057 0.011123493 -0.001461650 1.013705969 -0.011118338 0.999932110 0.003488152 -1.501264811 0.001500351 -0.003471682 0.999992847 56.910011292
0.999931633 0.011630413 -0.001310686 1.019993782 -0.011625668 0.999925971 0.003572853 -1.515806198 0.001352143 -0.003557371 0.999992788 57.457229614
0.999929965 0.011782615 -0.001102165 1.032488704 -0.011778728 0.999924600 0.003469063 -1.531945586 0.001142957 -0.003455839 0.999993324 57.985691071
0.999930620 0.011749644 -0.000862281 1.040820241 -0.011746332 0.999924123 0.003750384 -1.549478054 0.000906282 -0.003739995 0.999992609 58.523021698
0.999925792 0.012169220 -0.000548063 1.043188334 -0.012167150 0.999919295 0.003635500 -1.559527993 0.000592260 -0.003628562 0.999993205 59.061473846
0.999927282 0.012028567 -0.000844427 1.060073018 -0.012025316 0.999920666 0.003753399 -1.581462860 0.000889507 -0.003742971 0.999992549 59.607784271
0.999928296 0.011939391 -0.000920639 1.076144338 -0.011935919 0.999921978 0.003688699 -1.600991607 0.000964608 -0.003677446 0.999992728 60.131790161
0.999938190 0.010949829 -0.001926126 1.099758625 -0.010942256 0.999932468 0.003899413 -1.603476524 0.001968694 -0.003878096 0.999990523 60.705127716
0.999929845 0.011786772 -0.001110639 1.093729019 -0.011782235 0.999922574 0.004005642 -1.627308011 0.001157767 -0.003992276 0.999991298 61.214542389
0.999929845 0.011810362 -0.000885538 1.103767037 -0.011806733 0.999922335 0.003997110 -1.640059352 0.000932677 -0.003986374 0.999991596 61.745521545
0.999927700 0.011992120 -0.000798330 1.105201960 -0.011988560 0.999918699 0.004324291 -1.659376383 0.000850123 -0.004314408 0.999990284 62.266677856
0.999922097 0.012475161 -0.000359796 1.108019829 -0.012473582 0.999913812 0.004094337 -1.675526619 0.000410843 -0.004089531 0.999991477 62.789470673
0.999921083 0.012543484 -0.000619999 1.118918419 -0.012540850 0.999912977 0.004084621 -1.691330194 0.000671181 -0.004076523 0.999991477 63.307575226
0.999917507 0.012829973 -0.000566237 1.123780847 -0.012827653 0.999909937 0.003929832 -1.707054615 0.000616606 -0.003922245 0.999992073 63.828159332
0.999918759 0.012736022 -0.000391933 1.128766060 -0.012734233 0.999909818 0.004270226 -1.724242210 0.000446283 -0.004264889 0.999990821 64.335342407
0.999918103 0.012793093 -0.000284590 1.130993843 -0.012791757 0.999908924 0.004288412 -1.738243818 0.000339426 -0.004284420 0.999990761 64.868225098
0.999914289 0.013093784 -0.000068673 1.133435130 -0.013093419 0.999906838 0.003859570 -1.751447916 0.000119203 -0.003858340 0.999992490 65.384033203
0.999916732 0.012908788 -0.000322455 1.144980788 -0.012907235 0.999906957 0.004426431 -1.765537500 0.000379565 -0.004421900 0.999990106 65.922576904
0.999915004 0.013036558 -0.000163034 1.144504428 -0.013035857 0.999908030 0.003742507 -1.777546167 0.000211809 -0.003740064 0.999992967 66.448738098
0.999911368 0.013313201 0.000186679 1.147814512 -0.013313852 0.999903023 0.004068340 -1.804580450 -0.000132499 -0.004070465 0.999991655 66.961898804
0.999912024 0.013261557 0.000182649 1.151257753 -0.013262214 0.999902964 0.004253219 -1.820625067 -0.000126227 -0.004255268 0.999990880 67.492088318
0.999910355 0.013381612 0.000287700 1.156869054 -0.013382679 0.999902010 0.004095464 -1.837897301 -0.000232868 -0.004098947 0.999991596 68.019050598
0.999909997 0.013412964 0.000373829 1.158974767 -0.013414293 0.999902844 0.003818585 -1.853221416 -0.000322574 -0.003823256 0.999992669 68.549003601
0.999899268 0.014187981 0.000238754 1.159674764 -0.014188820 0.999891460 0.003975401 -1.872450352 -0.000182325 -0.003978388 0.999992073 69.065498352
0.999896288 0.014372657 0.000916919 1.156039476 -0.014376034 0.999889433 0.003790872 -1.895231605 -0.000862333 -0.003803661 0.999992371 69.586547852
0.999899745 0.014124412 0.000981539 1.165296316 -0.014128112 0.999892712 0.003872388 -1.908649802 -0.000926739 -0.003885867 0.999992013 70.142524719
0.999870658 0.015987983 0.001721020 1.136942506 -0.015996022 0.999860644 0.004763009 -1.960283995 -0.001644629 -0.004789921 0.999987185 70.660598755
0.999860466 0.016490890 0.002664187 1.120460749 -0.016505929 0.999847353 0.005724687 -2.006752968 -0.002569376 -0.005767863 0.999980092 71.183708191
0.999849200 0.017109055 0.002973908 1.117501378 -0.017127687 0.999833047 0.006356679 -2.036727905 -0.002864656 -0.006406656 0.999975383 71.711898804
0.999844253 0.017310528 0.003439594 1.117045045 -0.017329542 0.999834299 0.005577579 -2.043644905 -0.003342473 -0.005636317 0.999978483 72.253211975
0.999827385 0.018194823 0.003762968 1.115631700 -0.018216461 0.999817252 0.005798119 -2.067546129 -0.003656785 -0.005865666 0.999976099 72.777732849
0.999821186 0.018492252 0.003953058 1.111272335 -0.018516814 0.999808908 0.006269687 -2.088133812 -0.003836363 -0.006341765 0.999972463 73.337272644
0.999841273 0.017437441 0.003654073 1.129277706 -0.017457703 0.999831975 0.005588403 -2.089301109 -0.003556012 -0.005651309 0.999977648 73.859596252
0.999833763 0.017817639 0.003850791 1.133877754 -0.017841147 0.999821842 0.006160100 -2.114703178 -0.003740347 -0.006227779 0.999973536 74.392967224
0.999824345 0.018276764 0.004153205 1.139736176 -0.018300343 0.999816239 0.005712135 -2.123967171 -0.004048042 -0.005787136 0.999975085 74.934844971
0.999825418 0.018225286 0.004101972 1.151916504 -0.018247062 0.999819219 0.005335308 -2.133788824 -0.004003993 -0.005409226 0.999977291 75.485214233
0.999811590 0.018847194 0.004645394 1.153854847 -0.018872235 0.999807298 0.005406451 -2.145712852 -0.004542602 -0.005493102 0.999974608 76.043090820
0.999809444 0.018892458 0.004905384 1.159519196 -0.018917229 0.999808371 0.005054042 -2.158743143 -0.004808960 -0.005145876 0.999975204 76.606643677
0.999804080 0.019142563 0.005029620 1.172216296 -0.019167395 0.999804080 0.004937644 -2.169006824 -0.004934115 -0.005033081 0.999975145 77.162872314
0.999807119 0.019065790 0.004710141 1.190765500 -0.019088222 0.999806464 0.004764152 -2.181373119 -0.004618397 -0.004853141 0.999977529 77.703857422
0.999808908 0.018931711 0.004858631 1.204386115 -0.018956678 0.999807000 0.005144485 -2.205387592 -0.004760299 -0.005235606 0.999974906 78.255111694
0.999798834 0.019345881 0.005279072 1.217068434 -0.019370396 0.999801636 0.004633042 -2.208454847 -0.005188394 -0.004734368 0.999975324 78.826332092
0.999797881 0.019419536 0.005208429 1.226905346 -0.019443074 0.999800742 0.004506661 -2.223093033 -0.005119875 -0.004607018 0.999976218 79.385055542
0.999787509 0.019898312 0.005385056 1.246729136 -0.019922018 0.999791861 0.004384698 -2.240596056 -0.005296688 -0.004491047 0.999975860 79.927810669
0.999802589 0.018881479 0.006185613 1.267313004 -0.018907130 0.999812722 0.004114518 -2.239408731 -0.006106767 -0.004230659 0.999972403 80.516593933
0.999794364 0.018949537 0.007219571 1.292114735 -0.018978536 0.999812007 0.003969681 -2.243680239 -0.007142989 -0.004105882 0.999966085 81.117057800
0.999780476 0.019154968 0.008489790 1.307094336 -0.019191094 0.999807060 0.004194495 -2.266851425 -0.008407808 -0.004356503 0.999955118 81.711654663
0.999801517 0.017701712 0.009144280 1.326933026 -0.017729662 0.999838293 0.002984391 -2.252089977 -0.009089973 -0.003145923 0.999953747 82.313255310
0.999699295 0.020373095 0.013655256 1.343827009 -0.020405583 0.999789178 0.002243786 -2.221470356 -0.013606668 -0.002521754 0.999904215 83.039520264
0.999682367 0.018931435 0.016631067 1.374491930 -0.018991822 0.999813557 0.003480600 -2.266789675 -0.016562073 -0.003795349 0.999855638 83.413528442
0.999627352 0.018893892 0.019701224 1.434585810 -0.018957580 0.999815643 0.003050739 -2.292297840 -0.019639956 -0.003423090 0.999801219 83.933799744
0.999539375 0.018871076 0.023766628 1.447001576 -0.018939333 0.999817073 0.002650168 -2.295653820 -0.023712266 -0.003099071 0.999714017 84.527770996
0.999386549 0.018980851 0.029429726 1.487652421 -0.019058153 0.999815643 0.002348255 -2.292890549 -0.029379729 -0.002907691 0.999564052 85.105255127
0.999309123 0.014948201 0.034027759 1.639845848 -0.014968198 0.999887943 0.000333030 -2.252362490 -0.034018971 -0.000842135 0.999420941 85.548858643
0.999094307 0.015268862 0.039716102 1.685892344 -0.015300967 0.999882817 0.000504487 -2.271258116 -0.039703742 -0.001111725 0.999211013 86.060241699
0.998741686 0.014848291 0.047902286 1.731200695 -0.014880600 0.999889195 0.000317975 -2.282418728 -0.047892269 -0.001030390 0.998851955 86.614631653
0.998246253 0.016539786 0.056840666 1.765611172 -0.016601900 0.999862015 0.000620693 -2.301473141 -0.056822550 -0.001563268 0.998383045 87.132591248
0.997834086 0.016273500 0.063736163 1.817560434 -0.016304532 0.999867022 -0.000033210 -2.308717251 -0.063728236 -0.001006051 0.997966766 87.711639404
0.997266829 0.014583227 0.072430164 1.887225628 -0.014592147 0.999893427 -0.000406004 -2.324878931 -0.072428375 -0.000652018 0.997373402 88.217002869
0.996449232 0.016048318 0.082652427 1.959665775 -0.016110120 0.999870181 0.000080778 -2.351626635 -0.082640417 -0.001412031 0.996578455 88.722740173
0.995784044 0.012912530 0.090815008 2.028381348 -0.012844772 0.999916613 -0.001330519 -2.350030661 -0.090824597 0.000158411 0.995866895 89.264816284
0.995057583 0.014486083 0.098237306 2.087810993 -0.014443741 0.999895036 -0.001142215 -2.364907265 -0.098243542 -0.000282345 0.995162368 89.792800903
0.993952513 0.014450549 0.108855523 2.160140991 -0.014496633 0.999894857 -0.000368079 -2.397810698 -0.108849384 -0.001212186 0.994057536 90.337188721
0.992804706 0.013745710 0.118953146 2.253469467 -0.013698239 0.999905407 -0.001216732 -2.403024912 -0.118958630 -0.000421471 0.992899060 90.851943970
0.991626322 0.014585850 0.128313839 2.335663795 -0.014645876 0.999892771 -0.000475764 -2.430094957 -0.128307000 -0.001407488 0.991733491 91.364433289
0.990153670 0.013536138 0.139328703 2.431612968 -0.013498391 0.999908090 -0.001215935 -2.433530092 -0.139332339 -0.000676750 0.990245581 91.885292053
0.988236845 0.013586874 0.152326405 2.542206764 -0.013500384 0.999907553 -0.001602110 -2.458453417 -0.152334124 -0.000473201 0.988328934 92.446594238
0.986576021 0.012913227 0.162790775 2.655361176 -0.012772454 0.999916553 -0.001911366 -2.470532179 -0.162801877 -0.000193529 0.986658812 92.998344421
0.984718144 0.012194622 0.173727885 2.770730019 -0.012049488 0.999925613 -0.001890108 -2.490233660 -0.173738047 -0.000232108 0.984791815 93.563728333
0.982340455 0.012291330 0.186698139 2.884057999 -0.012112306 0.999924362 -0.002099616 -2.505031109 -0.186709806 -0.000198807 0.982415080 94.093666077
0.980014324 0.011797117 0.198576644 3.021650314 -0.011648678 0.999930322 -0.001915756 -2.534843922 -0.198585376 -0.000435687 0.980083406 94.615844727
0.977900565 0.010851936 0.208789185 3.152467728 -0.010592249 0.999941111 -0.002361870 -2.548485518 -0.208802551 0.000098126 0.977957845 95.152503967
0.975032926 0.011617141 0.221756205 3.301177979 -0.011427094 0.999932468 -0.002140010 -2.569045067 -0.221766099 -0.000447449 0.975099802 95.688423157
0.971860409 0.010948115 0.235302642 3.444374084 -0.010745780 0.999939978 -0.002142170 -2.590862751 -0.235311955 -0.000446620 0.971919775 96.203254700
0.968975663 0.010839353 0.246918663 3.594255447 -0.010786515 0.999940574 -0.001566672 -2.609761953 -0.246920988 -0.001145325 0.969034970 96.726913452
0.966291666 0.010381307 0.257240355 3.763933182 -0.010030522 0.999946117 -0.002675847 -2.615638733 -0.257254273 0.000005394 0.966343760 97.242004395
0.962562919 0.010148293 0.270868331 3.934059143 -0.009828042 0.999948442 -0.002538732 -2.635139227 -0.270880193 -0.000218416 0.962613046 97.763641357
0.959024251 0.009554487 0.283163071 4.111820221 -0.009226337 0.999954343 -0.002492453 -2.657021999 -0.283173949 -0.000222235 0.959068596 98.286216736
0.955573142 0.010207515 0.294577241 4.294628143 -0.009874234 0.999947786 -0.002618765 -2.675577879 -0.294588566 -0.000406303 0.955624044 98.793395996
0.951004863 0.010731626 0.308989674 4.497165680 -0.010292117 0.999942303 -0.003052386 -2.687013149 -0.309004605 -0.000277324 0.951060414 99.391906738
0.946519136 0.010107704 0.322489232 4.692440033 -0.009614691 0.999948859 -0.003121647 -2.702146053 -0.322504401 -0.000145937 0.946567893 99.841674805
0.942581892 0.009756212 0.333832711 4.902156830 -0.009215586 0.999952376 -0.003203105 -2.719213963 -0.333848089 -0.000057276 0.942626894 100.356597900
0.937754393 0.010612965 0.347136974 5.108116150 -0.010108948 0.999943614 -0.003262846 -2.740689039 -0.347152084 -0.000449442 0.937808752 100.891052246
0.932228565 0.009193634 0.361753166 5.347661972 -0.008651134 0.999957740 -0.003119285 -2.767436504 -0.361766458 -0.000221688 0.932268620 101.422019958
0.926767349 0.009891154 0.375505447 5.566904068 -0.009556847 0.999950588 -0.002752799 -2.785762310 -0.375514150 -0.001037444 0.926816046 101.934707642
0.922522128 0.008353559 0.385853857 5.839742661 -0.007706771 0.999965131 -0.003222982 -2.792016268 -0.385867298 -0.000000415 0.922554314 102.552963257
0.916593254 0.008675436 0.399727046 6.084281921 -0.008081368 0.999962330 -0.003171617 -2.807788610 -0.399739504 -0.000323260 0.916628718 103.052597046
0.910702765 0.007751045 0.412989587 6.349807739 -0.006600625 0.999969363 -0.004212212 -2.819811821 -0.413009584 0.001110084 0.910725951 103.583885193
0.905783832 0.007529130 0.423673093 6.605308533 -0.006373913 0.999971092 -0.004143580 -2.843298674 -0.423692107 0.001052732 0.905805647 104.060180664
0.899750412 0.007605624 0.436338544 6.866382599 -0.006598352 0.999970853 -0.003823943 -2.868887901 -0.436354995 0.000561480 0.899774432 104.549400330
0.892976105 0.007507676 0.450041473 7.133789062 -0.006338740 0.999971509 -0.004104333 -2.889060497 -0.450059444 0.000812376 0.892998278 105.023254395
0.886930823 0.007419564 0.461842686 7.402587891 -0.006274759 0.999972284 -0.004014528 -2.907654285 -0.461859703 0.000662657 0.886952758 105.498825073
0.881599903 0.006585081 0.471951455 7.689437866 -0.005520348 0.999978185 -0.003640625 -2.918609619 -0.471965104 0.000604239 0.881617010 105.966369629
0.873455167 0.007016251 0.486854047 7.976982117 -0.005764194 0.999975026 -0.004069621 -2.949378490 -0.486870438 0.000748310 0.873473883 106.487831116
