1.000000000 0.000000000 0.000000000 0.000000000 0.000000000 1.000000000 0.000000000 0.000000000 0.000000000 0.000000000 1.000000000 0.000000000
1.000000000 0.000192413 0.000130316 -0.003405479 -0.000192396 1.000000000 -0.000132595 0.002965370 -0.000130342 0.000132570 1.000000000 0.004564452
1.000000000 0.000130099 0.000039820 0.000220342 -0.000130096 1.000000000 -0.000068170 0.001752522 -0.000039829 0.000068165 1.000000000 0.004671582
0.999999940 0.000269926 0.000086121 -0.000029940 -0.000269922 0.999999940 -0.000040734 0.001502862 -0.000086132 0.000040711 1.000000000 -0.000972664
1.000000000 0.000142962 0.000052483 0.001782640 -0.000142960 1.000000000 -0.000045398 0.001727069 -0.000052490 0.000045391 1.000000000 0.001440975
1.000000000 0.000022900 -0.000052099 0.000598800 -0.000022901 1.000000000 -0.000032302 0.000773513 0.000052098 0.000032303 1.000000000 -0.000256030
1.000000000 0.000125632 0.000193953 -0.005687057 -0.000125606 1.000000000 -0.000133927 0.002753995 -0.000193970 0.000133902 1.000000000 0.002399996
1.000000000 0.000012359 -0.000006362 0.000051131 -0.000012359 1.000000000 0.000023773 0.000920688 0.000006363 -0.000023772 1.000000000 -0.001194889
1.000000000 0.000048800 0.000145361 -0.003982693 -0.000048795 1.000000000 -0.000035846 0.001838782 -0.000145363 0.000035839 1.000000000 0.002187540
0.999999940 0.000158592 0.000200311 -0.003799651 -0.000158565 1.000000000 -0.000133051 0.001425028 -0.000200332 0.000133019 1.000000000 -0.000075641
1.000000000 0.000188325 0.000081056 0.001340046 -0.000188327 1.000000000 0.000025263 0.001598997 -0.000081051 -0.000025278 1.000000000 -0.003100669
1.000000000 0.000056815 0.000099303 -0.000614385 -0.000056811 1.000000000 -0.000043722 0.001058329 -0.000099306 0.000043716 1.000000000 -0.004513794
1.000000000 0.000004292 0.000064854 -0.002848130 -0.000004291 1.000000000 -0.000012465 0.000805205 -0.000064854 0.000012465 1.000000000 -0.005094087
1.000000000 -0.000060784 0.000121559 -0.002185276 0.000060784 1.000000000 -0.000004058 -0.000361693 -0.000121559 0.000004066 1.000000000 0.000075788
1.000000000 0.000017173 0.000043087 0.000398231 -0.000017171 1.000000000 -0.000046076 0.000437463 -0.000043088 0.000046076 1.000000000 -0.003295153
1.000000000 -0.000204189 -0.000119771 0.002748800 0.000204185 1.000000000 -0.000039123 0.000412901 0.000119779 0.000039099 1.000000000 -0.005710484
1.000000000 -0.000102188 -0.000068573 0.001715072 0.000102189 1.000000000 0.000008782 -0.001008281 0.000068572 -0.000008789 1.000000000 -0.006334867
1.000000000 0.000015925 0.000211658 -0.004254829 -0.000015941 1.000000000 0.000074216 -0.001270311 -0.000211657 -0.000074219 1.000000000 -0.002934836
1.000000000 0.000018579 0.000010504 0.000671231 -0.000018580 1.000000000 0.000077266 0.000833920 -0.000010503 -0.000077266 1.000000000 -0.006075780
1.000000000 -0.000151333 -0.000010606 -0.000495304 0.000151333 1.000000000 0.000027244 -0.000906991 0.000010601 -0.000027246 1.000000000 -0.007543353
1.000000000 0.000019863 0.000058288 -0.000395299 -0.000019863 1.000000000 0.000005988 -0.000425177 -0.000058288 -0.000005989 1.000000000 -0.007177167
1.000000000 -0.000129166 0.000040456 -0.000004062 0.000129163 1.000000000 0.000058873 -0.001797859 -0.000040464 -0.000058867 1.000000000 -0.004607406
1.000000000 0.000136734 0.000122486 -0.003143718 -0.000136728 1.000000000 -0.000053020 0.000562394 -0.000122493 0.000053003 1.000000000 0.000612353
1.000000000 -0.000045911 -0.000053087 0.001765028 0.000045910 1.000000000 -0.000026228 -0.000101828 0.000053088 0.000026226 1.000000000 -0.001745819
1.000000000 -0.000055418 0.000049835 -0.002080313 0.000055415 1.000000000 0.000058895 0.000753888 -0.000049838 -0.000058892 1.000000000 0.000234080
1.000000000 -0.000112541 -0.000104369 0.004096136 0.000112529 1.000000000 -0.000112214 0.001967513 0.000104381 0.000112202 1.000000000 -0.006889904
1.000000000 -0.000078335 0.000064003 -0.002619970 0.000078342 1.000000000 -0.000108764 0.002526538 -0.000063995 0.000108769 1.000000000 -0.000157867
0.999999940 0.000245799 0.000151564 -0.004076181 -0.000245782 0.999999940 -0.000115891 0.001661317 -0.000151592 0.000115854 1.000000000 -0.000660936
1.000000000 -0.000050250 0.000017487 -0.000467621 0.000050249 1.000000000 0.000041387 0.000139604 -0.000017490 -0.000041386 1.000000000 -0.002157436
1.000000000 -0.000101266 -0.000110267 0.000813266 0.000101266 1.000000000 -0.000000067 0.001932065 0.000110267 0.000000055 1.000000000 -0.005969489
1.000000000 -0.000015523 0.000064415 -0.003626616 0.000015524 1.000000000 -0.000022076 0.001018246 -0.000064414 0.000022077 1.000000000 -0.000903224
1.000000000 -0.000082914 0.000061690 -0.003049890 0.000082906 1.000000000 0.000129231 0.000245712 -0.000061701 -0.000129226 1.000000000 0.002130506
1.000000000 -0.000230564 -0.000004034 -0.003168539 0.000230564 1.000000000 0.000023590 0.000105590 0.000004029 -0.000023591 1.000000000 -0.004936180
1.000000000 -0.000136083 -0.000028742 -0.001402206 0.000136085 1.000000000 0.000054151 0.000145654 0.000028734 -0.000054155 1.000000000 -0.006738065
1.000000000 0.000200547 0.000113070 -0.003726846 -0.000200549 1.000000000 0.000018991 0.000010030 -0.000113066 -0.000019014 1.000000000 -0.001828370
1.000000000 0.000033152 0.000152012 -0.004027076 -0.000033152 1.000000000 -0.000004085 0.001039995 -0.000152013 0.000004080 1.000000000 -0.000154263
1.000000000 0.000045817 0.000076371 -0.005337895 -0.000045817 1.000000000 0.000001638 0.001784229 -0.000076371 -0.000001641 1.000000000 -0.000315022
1.000000000 0.000063196 0.000081272 -0.004270009 -0.000063185 1.000000000 -0.000135407 0.003012668 -0.000081280 0.000135402 1.000000000 -0.001046578
1.000000000 -0.000153950 0.000021803 -0.001938056 0.000153948 1.000000000 0.000078796 0.000512322 -0.000021816 -0.000078793 1.000000000 -0.001325209
1.000000000 -0.000127784 -0.000036581 0.000099000 0.000127787 1.000000000 0.000105905 -0.000673647 0.000036568 -0.000105909 1.000000000 -0.006366274
0.999999940 -0.000293704 -0.000074948 -0.001283581 0.000293707 0.999999940 0.000045829 -0.001160996 0.000074935 -0.000045851 1.000000000 -0.003427428
1.000000000 0.000103687 0.000069786 0.002445117 -0.000103650 0.999999881 -0.000523570 -0.005151042 -0.000069840 0.000523563 0.999999881 0.051148884
1.000000000 0.000058343 0.000018002 0.002076515 -0.000058320 0.999999166 -0.001272542 -0.003164217 -0.000018077 0.001272541 0.999999166 0.147106677
1.000000000 0.000070576 -0.000093347 0.004957709 -0.000070712 0.999998927 -0.001458036 -0.010602462 0.000093244 0.001458043 0.999998927 0.261401087
1.000000000 -0.000019820 0.000041036 0.002540391 0.000019875 0.999999106 -0.001338996 -0.016338050 -0.000041010 0.001338996 0.999999106 0.392649233
1.000000000 -0.000000186 -0.000126987 0.005449433 0.000000044 0.999999404 -0.001118506 -0.020182882 0.000126988 0.001118506 0.999999344 0.533495009
0.999999940 -0.000122326 -0.000218338 0.016793549 0.000122116 0.999999523 -0.000964516 -0.028172771 0.000218456 0.000964489 0.999999523 0.691919386
0.999999881 -0.000474885 -0.000155543 0.021957999 0.000474794 0.999999702 -0.000582188 -0.032515027 0.000155820 0.000582114 0.999999821 0.849509776
0.999999940 -0.000100384 -0.000324538 0.027790817 0.000100192 0.999999821 -0.000591134 -0.037749536 0.000324597 0.000591101 0.999999762 1.035297275
1.000000000 0.000048289 0.000162687 0.013022075 -0.000048190 0.999999821 -0.000608404 -0.044545215 -0.000162716 0.000608396 0.999999821 1.215629935
0.999999881 -0.000461559 -0.000264187 0.034442592 0.000461464 0.999999821 -0.000359556 -0.049665652 0.000264353 0.000359434 0.999999881 1.415580988
0.999999464 -0.000564206 -0.000877887 0.046190485 0.000564143 0.999999821 -0.000071518 -0.060429715 0.000877927 0.000071023 0.999999583 1.607479930
0.999999046 -0.001190262 -0.000656553 0.043862280 0.001190420 0.999999285 0.000240538 -0.065187462 0.000656266 -0.000241319 0.999999762 1.806221485
0.999998391 -0.001616864 0.000773871 0.031663474 0.001616409 0.999998450 0.000588086 -0.082672596 -0.000774821 -0.000586834 0.999999523 1.947397590
0.999998271 -0.001666226 0.000882576 0.040045701 0.001666032 0.999998629 0.000220373 -0.086066648 -0.000882942 -0.000218902 0.999999583 2.168525219
0.999998152 -0.001482250 0.001232237 0.040984698 0.001481610 0.999998748 0.000520211 -0.092304923 -0.001233006 -0.000518384 0.999999046 2.369866371
0.999998569 -0.001237298 0.001167067 0.046960443 0.001236597 0.999999046 0.000601114 -0.101244323 -0.001167809 -0.000599670 0.999999166 2.602689505
0.999997914 -0.001331801 0.001554987 0.048842441 0.001330946 0.999998987 0.000550813 -0.104665913 -0.001555719 -0.000548743 0.999998629 2.835640430
0.999998510 -0.000978353 0.001410408 0.057790291 0.000977418 0.999999344 0.000663570 -0.112151101 -0.001411056 -0.000662190 0.999998748 3.073330402
0.999998093 -0.001258940 0.001470824 0.058865324 0.001257538 0.999998748 0.000953555 -0.125839040 -0.001472022 -0.000951704 0.999998450 3.281816006
0.999998331 -0.001254116 0.001342483 0.062660962 0.001252858 0.999998748 0.000938028 -0.131686270 -0.001343657 -0.000936344 0.999998629 3.532876968
0.999998868 -0.001037475 0.001200016 0.078765616 0.001036120 0.999998808 0.001128840 -0.140989393 -0.001201185 -0.001127596 0.999998629 3.788775444
0.999997675 -0.001644695 0.001372147 0.076849915 0.001642565 0.999997437 0.001552206 -0.152055636 -0.001374696 -0.001549949 0.999997854 4.045390129
0.999997377 -0.001409388 0.001818889 0.075387314 0.001406232 0.999997497 0.001735723 -0.162612021 -0.001821331 -0.001733161 0.999996781 4.286281586
0.999997795 -0.001391976 0.001565569 0.088044226 0.001389632 0.999997854 0.001497212 -0.169405267 -0.001567650 -0.001495033 0.999997675 4.547206402
0.999997377 -0.001492603 0.001719892 0.097496942 0.001489473 0.999997199 0.001820099 -0.178982228 -0.001722604 -0.001817533 0.999996901 4.805869579
0.999997497 -0.001277230 0.001821311 0.110654563 0.001274207 0.999997735 0.001660006 -0.187487885 -0.001823428 -0.001657681 0.999996960 5.077692509
0.999996006 -0.001817153 0.002152728 0.082148299 0.001812137 0.999995649 0.002329630 -0.205535412 -0.002156952 -0.002325719 0.999994993 5.313159466
0.999996662 -0.001726297 0.001912561 0.098553397 0.001722621 0.999996662 0.001921977 -0.218446374 -0.001915872 -0.001918676 0.999996305 5.566900253
0.999997497 -0.001069182 0.001981110 0.104764931 0.001065252 0.999997437 0.001984046 -0.224557951 -0.001983226 -0.001981930 0.999996066 5.837327480
0.999996901 -0.001181316 0.002221054 0.105394006 0.001177086 0.999997556 0.001905078 -0.230690688 -0.002223299 -0.001902458 0.999995708 6.135555267
0.999996662 -0.001305091 0.002196488 0.118206948 0.001299619 0.999996066 0.002491085 -0.248176679 -0.002199730 -0.002488222 0.999994516 6.391816139
0.999996901 -0.001734967 0.001788632 0.131087437 0.001730810 0.999995828 0.002323090 -0.265144497 -0.001792655 -0.002319987 0.999995708 6.664882660
0.999996901 -0.001712449 0.001824227 0.140884995 0.001708501 0.999996245 0.002163433 -0.271448821 -0.001827925 -0.002160309 0.999996006 6.962092400
0.999996305 -0.002094124 0.001772856 0.152041569 0.002089235 0.999994099 0.002755119 -0.283229828 -0.001778615 -0.002751405 0.999994695 7.258255959
0.999996245 -0.001854090 0.002069945 0.157119244 0.001848153 0.999994218 0.002866840 -0.296499759 -0.002075249 -0.002863003 0.999993742 7.558848381
0.999995947 -0.002162431 0.001844233 0.163131550 0.002157081 0.999993443 0.002898158 -0.301579505 -0.001850488 -0.002894168 0.999994099 7.892331600
0.999995828 -0.002199802 0.001864698 0.171567276 0.002195179 0.999994516 0.002477749 -0.306538790 -0.001870139 -0.002473645 0.999995172 8.212351799
0.999996245 -0.002449732 0.001251618 0.192336351 0.002446840 0.999994457 0.002306539 -0.308087111 -0.001257262 -0.002303468 0.999996543 8.523254395
0.999995291 -0.002280865 0.002037167 0.180630922 0.002275705 0.999994278 0.002531316 -0.317252696 -0.002042929 -0.002526668 0.999994755 8.875731468
0.999995947 -0.001950717 0.002067848 0.195657253 0.001945802 0.999995351 0.002375737 -0.324717641 -0.002072473 -0.002371704 0.999994993 9.229720116
0.999993920 -0.002877686 0.001952393 0.201309279 0.002871704 0.999991119 0.003059947 -0.355285227 -0.001961181 -0.003054322 0.999993384 9.549241066
0.999994874 -0.002516817 0.001988681 0.209453419 0.002510081 0.999991000 0.003382232 -0.367034346 -0.001997175 -0.003377223 0.999992251 9.894266129
0.999995291 -0.002182532 0.002184934 0.205718160 0.002175671 0.999992669 0.003137634 -0.379969865 -0.002191766 -0.003132866 0.999992609 10.261487007
0.999993920 -0.002684319 0.002231093 0.207828581 0.002675935 0.999989271 0.003752620 -0.392109185 -0.002241142 -0.003746627 0.999990404 10.624017715
0.999993920 -0.002880165 0.001970452 0.235769823 0.002872623 0.999988675 0.003819523 -0.407777339 -0.001981430 -0.003813840 0.999990761 10.959550858
0.999995291 -0.001799286 0.002482046 0.236826420 0.001790607 0.999992311 0.003494216 -0.415719777 -0.002488314 -0.003489755 0.999990821 11.350260735
0.999994397 -0.002448198 0.002290891 0.246513978 0.002439822 0.999990344 0.003651568 -0.424500823 -0.002299809 -0.003645958 0.999990702 11.736558914
0.999994457 -0.001910452 0.002768312 0.249696925 0.001898105 0.999988258 0.004456069 -0.442967117 -0.002776793 -0.004450789 0.999986231 12.079780579
0.999993384 -0.001887669 0.003124987 0.256513715 0.001874351 0.999989152 0.004259231 -0.451415181 -0.003132993 -0.004253346 0.999986053 12.470273972
0.999990702 -0.003493787 0.002502903 0.272081554 0.003481664 0.999982238 0.004831705 -0.478639603 -0.002519740 -0.004822947 0.999985218 12.844263077
0.999990642 -0.003534979 0.002493468 0.284702510 0.003521966 0.999980271 0.005204240 -0.499013990 -0.002511816 -0.005195410 0.999983370 13.230446815
0.999990046 -0.003539052 0.002694310 0.295644045 0.003525533 0.999981225 0.005005907 -0.498921931 -0.002711975 -0.004996359 0.999983847 13.640258789
0.999990761 -0.001929920 0.003829681 0.282190710 0.001907972 0.999981701 0.005726611 -0.515232265 -0.003840663 -0.005719252 0.999976277 14.048427582
0.999987245 -0.004293414 0.002661220 0.306844920 0.004278306 0.999974787 0.005657363 -0.546668053 -0.002685443 -0.005645905 0.999980450 14.463672638
0.999982834 -0.004961809 0.003128227 0.323870361 0.004943978 0.999971628 0.005682432 -0.555763125 -0.003156333 -0.005666868 0.999978960 14.882038116
0.999981761 -0.005052423 0.003311504 0.331554711 0.005032166 0.999968827 0.006097354 -0.565758467 -0.003342207 -0.006080579 0.999975920 15.309939384
0.999985516 -0.003619757 0.003969970 0.353739828 0.003594052 0.999972701 0.006462932 -0.584313571 -0.003993256 -0.006448570 0.999971211 15.740272522
0.999983728 -0.003314178 0.004645044 0.346193969 0.003283994 0.999973536 0.006490846 -0.597092450 -0.004666433 -0.006475486 0.999968112 16.213552475
0.999981582 -0.004019451 0.004540864 0.357520700 0.003989461 0.999970317 0.006594362 -0.636116803 -0.004567234 -0.006576126 0.999967873 16.600933075
0.999983728 -0.002645972 0.005061007 0.367669016 0.002613983 0.999976635 0.006317093 -0.640678108 -0.005077602 -0.006303760 0.999967217 17.063007355
0.999980748 -0.003405513 0.005178256 0.385644495 0.003371755 0.999973118 0.006514002 -0.650990844 -0.005200300 -0.006496417 0.999965310 17.523382187
0.999977231 -0.004171085 0.005306744 0.401595742 0.004130067 0.999961734 0.007716967 -0.676887155 -0.005338729 -0.007694874 0.999956131 17.971923828
0.999973476 -0.003254171 0.006524533 0.404107034 0.003204862 0.999966383 0.007553841 -0.677434862 -0.006548895 -0.007532731 0.999950171 18.468172073
0.999975860 -0.004139342 0.005573818 0.441453487 0.004097677 0.999963701 0.007466011 -0.692208767 -0.005604519 -0.007442991 0.999956608 18.924716949
0.999972999 -0.004754831 0.005602086 0.438713133 0.004709153 0.999955773 0.008138891 -0.721322775 -0.005640537 -0.008112291 0.999951124 19.391786575
0.999975026 -0.004912458 0.005092668 0.453635901 0.004871232 0.999955535 0.008076193 -0.731552839 -0.005132116 -0.008051183 0.999954343 19.868532181
0.999971509 -0.005296471 0.005373897 0.466244280 0.005252466 0.999952793 0.008169957 -0.743675172 -0.005416915 -0.008141499 0.999952197 20.368474960
0.999974310 -0.004557590 0.005529032 0.477813482 0.004508507 0.999950588 0.008857480 -0.773469567 -0.005569127 -0.008832324 0.999945521 20.871212006
0.999974549 -0.005217562 0.004869822 0.482924908 0.005173953 0.999946713 0.008925087 -0.801466584 -0.004916131 -0.008899664 0.999948323 21.363256454
0.999977648 -0.005215096 0.004195873 0.494732201 0.005176880 0.999945462 0.009067908 -0.815855861 -0.004242935 -0.009045983 0.999950111 21.871038437
0.999978244 -0.005131501 0.004164869 0.509625554 0.005093699 0.999946237 0.009036579 -0.829570532 -0.004211016 -0.009015167 0.999950528 22.383859634
0.999977648 -0.005756151 0.003385383 0.525809228 0.005724282 0.999939919 0.009349270 -0.846848190 -0.003438996 -0.009329683 0.999950528 22.849903107
0.999977648 -0.005956212 0.003044872 0.539317787 0.005928846 0.999942720 0.008919120 -0.859506726 -0.003097822 -0.008900869 0.999955595 23.393785477
0.999978065 -0.006055349 0.002691948 0.538316667 0.006031435 0.999943018 0.008804707 -0.866774082 -0.002745110 -0.008788277 0.999957621 23.923934937
0.999976516 -0.006618714 0.001735448 0.557223260 0.006601966 0.999933183 0.009485351 -0.883203745 -0.001798113 -0.009473670 0.999953508 24.404325485
0.999977410 -0.006650052 0.000988349 0.567506790 0.006640111 0.999930501 0.009742795 -0.891258359 -0.001053070 -0.009736013 0.999952018 24.943546295
0.999980867 -0.006186083 0.000336453 0.581374407 0.006182558 0.999934554 0.009628524 -0.891539395 -0.000395994 -0.009626259 0.999953568 25.490489960
0.999977112 -0.006757017 0.000317368 0.583826959 0.006753726 0.999932766 0.009425300 -0.908666253 -0.000381034 -0.009422941 0.999955535 25.997636795
0.999982238 -0.005927688 0.000654500 0.585637152 0.005920906 0.999933243 0.009918787 -0.916354537 -0.000713251 -0.009914733 0.999950528 26.534393311
0.999983013 -0.005815463 0.000161093 0.605708182 0.005813510 0.999930739 0.010230702 -0.937409639 -0.000220578 -0.010229591 0.999947667 27.105005264
0.999978662 -0.006514059 -0.000452207 0.614961088 0.006518399 0.999924958 0.010370846 -0.948545218 0.000384617 -0.010373575 0.999946117 27.625270844
0.999975085 -0.006951141 -0.001178654 0.627381563 0.006963151 0.999920428 0.010510775 -0.956606269 0.001105498 -0.010518723 0.999944031 28.180126190
0.999975741 -0.006873745 -0.001140298 0.634842038 0.006884641 0.999927819 0.009843713 -0.960631311 0.001072553 -0.009851323 0.999950886 28.732269287
0.999974072 -0.007077395 -0.001348674 0.642620265 0.007091349 0.999918222 0.010639179 -0.986030698 0.001273266 -0.010648464 0.999942482 29.222707748
0.999976516 -0.006667831 -0.001610450 0.650698662 0.006684244 0.999923527 0.010410518 -0.989167571 0.001540911 -0.010421039 0.999944508 29.766294479
0.999971449 -0.007258940 -0.002062279 0.677872658 0.007280180 0.999918461 0.010485493 -1.008819580 0.001985997 -0.010500210 0.999942899 30.255270004
0.999976754 -0.006394416 -0.002336694 0.694582820 0.006418362 0.999925435 0.010387872 -1.014681220 0.002270096 -0.010402627 0.999943376 30.793428421
0.999980032 -0.005666999 -0.002786149 0.705601394 0.005694724 0.999933362 0.010045831 -1.011618018 0.002729035 -0.010061498 0.999945641 31.357547760
0.999975622 -0.006503060 -0.002514544 0.706608355 0.006529455 0.999922097 0.010635395 -1.041583538 0.002445185 -0.010651555 0.999940276 31.836494446
0.999975264 -0.006588183 -0.002475997 0.711765826 0.006614288 0.999921024 0.010687343 -1.043208122 0.002405390 -0.010703456 0.999939799 32.381816864
0.999983430 -0.005417798 -0.001910940 0.704424262 0.005437209 0.999932110 0.010303437 -1.050106764 0.001854988 -0.010313656 0.999945104 32.924308777
0.999984741 -0.005154612 -0.001971488 0.700059772 0.005173851 0.999937713 0.009881183 -1.073245525 0.001920432 -0.009891234 0.999949217 33.377574921
0.999976039 -0.006299231 -0.002872173 0.716482818 0.006330301 0.999920070 0.010939830 -1.081310272 0.002803031 -0.010957749 0.999936044 33.901252747
0.999970555 -0.006995969 -0.003135881 0.735065103 0.007029778 0.999915838 0.010903251 -1.089119554 0.003059338 -0.010924976 0.999935627 34.429355621
0.999973178 -0.006459021 -0.003447864 0.740466893 0.006496925 0.999917328 0.011097918 -1.102542520 0.003375897 -0.011120021 0.999932468 34.960380554
0.999981701 -0.005304596 -0.002880852 0.730098724 0.005334741 0.999930084 0.010559479 -1.118731618 0.002824637 -0.010574656 0.999940038 35.518173218
0.999983609 -0.004970754 -0.002813579 0.743127763 0.005001250 0.999927700 0.010937797 -1.144839168 0.002759008 -0.010951691 0.999936163 35.948944092
0.999981642 -0.005290336 -0.002926116 0.748429477 0.005320387 0.999932170 0.010359475 -1.150073528 0.002871112 -0.010374856 0.999942064 36.501316071
0.999981642 -0.005085234 -0.003286891 0.768970966 0.005118275 0.999935687 0.010123421 -1.150530815 0.003235199 -0.010140060 0.999943376 37.064067841
0.999978900 -0.005344403 -0.003672813 0.777919173 0.005383719 0.999927402 0.010779314 -1.175256252 0.003614938 -0.010798863 0.999935150 37.580783844
0.999979675 -0.005300835 -0.003549630 0.780502439 0.005334776 0.999939561 0.009621516 -1.159527540 0.003498413 -0.009640259 0.999947429 38.136703491
0.999982774 -0.004794079 -0.003380146 0.780242205 0.004826087 0.999943018 0.009525754 -1.164867759 0.003334285 -0.009541906 0.999948859 38.660518646
0.999976754 -0.005984863 -0.003263666 0.784271657 0.006023074 0.999911904 0.011826339 -1.216599345 0.003192601 -0.011845724 0.999924719 39.025146484
0.999972343 -0.006785387 -0.003072154 0.787956357 0.006822194 0.999903083 0.012133019 -1.235822201 0.002989529 -0.012153642 0.999921679 39.544593811
0.999977231 -0.005990393 -0.003077098 0.808791339 0.006027341 0.999908149 0.012142112 -1.247832656 0.003004080 -0.012160385 0.999921560 40.084602356
0.999975264 -0.005923368 -0.003791870 0.834886432 0.005965054 0.999920845 0.011078170 -1.241728902 0.003725950 -0.011100515 0.999931455 40.670909882
0.999979079 -0.005570842 -0.003291883 0.827540100 0.005607801 0.999920070 0.011327032 -1.249143839 0.003228520 -0.011345256 0.999930441 41.203277588
0.999974966 -0.006287548 -0.003244241 0.835121334 0.006327145 0.999903798 0.012343191 -1.274795771 0.003166318 -0.012363411 0.999918580 41.618865967
0.999979317 -0.005660729 -0.003060979 0.842489362 0.005699417 0.999902010 0.012781673 -1.282792330 0.002988325 -0.012798854 0.999913633 42.168472290
0.999975920 -0.006172945 -0.003155953 0.850287557 0.006212339 0.999900937 0.012628919 -1.298307419 0.003077682 -0.012648221 0.999915242 42.664474487
0.999978960 -0.005854802 -0.002788913 0.853605688 0.005887269 0.999913275 0.011779015 -1.294474125 0.002719707 -0.011795189 0.999926746 43.203876495
0.999976218 -0.006209405 -0.002981109 0.867095113 0.006245218 0.999906600 0.012158386 -1.307090759 0.002905332 -0.012176718 0.999921620 43.715896606
0.999975860 -0.006211135 -0.003102167 0.886177540 0.006246467 0.999914289 0.011512559 -1.310355425 0.003030396 -0.011531658 0.999928951 44.283740997
0.999975324 -0.006324367 -0.003055423 0.895104706 0.006359191 0.999913335 0.011525192 -1.316070795 0.002982270 -0.011544337 0.999928832 44.787925720
0.999979556 -0.005832714 -0.002622519 0.904155016 0.005864120 0.999909222 0.012131056 -1.338351488 0.002551524 -0.012146187 0.999922991 45.256568909
0.999985754 -0.004861087 -0.002215071 0.915007234 0.004887077 0.999917507 0.011882921 -1.350630283 0.002157125 -0.011893578 0.999926925 45.795345306
0.999983370 -0.005186802 -0.002519969 0.924294829 0.005216208 0.999916732 0.011806075 -1.348044038 0.002458523 -0.011819025 0.999927163 46.361724854
0.999984622 -0.005004590 -0.002392275 0.933231175 0.005032013 0.999920070 0.011598098 -1.354830265 0.002334041 -0.011609958 0.999929845 46.799140930
0.999982595 -0.005238157 -0.002708511 0.952260792 0.005269090 0.999919534 0.011542322 -1.365213633 0.002647832 -0.011556393 0.999929667 47.347991943
0.999982655 -0.005385651 -0.002379596 0.955011368 0.005412741 0.999918878 0.011528521 -1.376258731 0.002317315 -0.011541203 0.999930739 47.892204285
0.999980867 -0.005342059 -0.003138558 0.984653533 0.005377752 0.999919713 0.011476073 -1.379761457 0.003077000 -0.011492731 0.999929249 48.442905426
0.999980986 -0.005389782 -0.002967559 0.991898417 0.005424408 0.999915838 0.011786829 -1.396216869 0.002903781 -0.011802703 0.999926150 48.879043579
0.999985516 -0.004819517 -0.002376667 0.993847549 0.004847366 0.999917924 0.011854568 -1.405420303 0.002319341 -0.011865918 0.999926925 49.424293518
0.999985099 -0.004772082 -0.002642226 1.004769921 0.004803454 0.999916494 0.011997152 -1.413699865 0.002584754 -0.012009665 0.999924541 49.911003113
0.999985516 -0.004670645 -0.002675933 1.004737616 0.004703002 0.999914348 0.012216001 -1.422105670 0.002618647 -0.012228408 0.999921799 50.451004028
0.999987543 -0.004360653 -0.002443878 1.020107985 0.004389156 0.999920905 0.011781975 -1.427528262 0.002392309 -0.011792554 0.999927640 50.981502533
0.999986529 -0.004682188 -0.002228433 1.027487040 0.004708324 0.999918461 0.011871341 -1.433258057 0.002172668 -0.011881673 0.999926984 51.469406128
0.999986529 -0.004764975 -0.002073103 1.036279678 0.004788563 0.999922156 0.011525823 -1.437962055 0.002018021 -0.011535596 0.999931395 52.018505096
0.999987662 -0.004471496 -0.002159319 1.056058049 0.004494903 0.999929905 0.010959513 -1.443370342 0.002110163 -0.010969085 0.999937534 52.576717377
0.999989450 -0.004170976 -0.001912352 1.067675710 0.004191807 0.999930561 0.011021513 -1.445701122 0.001866249 -0.011029414 0.999937415 53.134422302
0.999987721 -0.004540167 -0.001999421 1.068240643 0.004562940 0.999922991 0.011536342 -1.473397255 0.001946890 -0.011545325 0.999931455 53.478614807
0.999987841 -0.004515901 -0.002001552 1.078599572 0.004539312 0.999919474 0.011850362 -1.481713533 0.001947876 -0.011859302 0.999927759 54.020252228
0.999988616 -0.004318791 -0.002047775 1.083439946 0.004341659 0.999926746 0.011297310 -1.487271547 0.001998835 -0.011306072 0.999934077 54.577148438
0.999989510 -0.004311316 -0.001560476 1.106948376 0.004328647 0.999926984 0.011278626 -1.491509199 0.001511735 -0.011285263 0.999935210 55.074176788
0.999989808 -0.004153264 -0.001762145 1.113134265 0.004174026 0.999919951 0.011946847 -1.505191803 0.001712384 -0.011954080 0.999927104 55.518318176
0.999989092 -0.004214737 -0.002024719 1.123130679 0.004238660 0.999919534 0.011960329 -1.528751850 0.001974145 -0.011968781 0.999926448 56.068328857
0.999990225 -0.004068665 -0.001727356 1.144807816 0.004088967 0.999920666 0.011916841 -1.532982111 0.001678733 -0.011923787 0.999927521 56.586196899
0.999986529 -0.004859902 -0.001831469 1.146842599 0.004880618 0.999922156 0.011481924 -1.527106762 0.001775526 -0.011490707 0.999932408 57.070693970
0.999982059 -0.005700644 -0.001869731 1.155061126 0.005720880 0.999923050 0.011002487 -1.533878088 0.001806866 -0.011012985 0.999937654 57.610641479
0.999985874 -0.005123384 -0.001469533 1.168928742 0.005139923 0.999920785 0.011479892 -1.552552223 0.001410599 -0.011487282 0.999933064 58.155052185
0.999988198 -0.004651584 -0.001395058 1.167076349 0.004667950 0.999917507 0.011967399 -1.563323736 0.001339274 -0.011973769 0.999927402 58.634128571
0.999989688 -0.004398423 -0.001139051 1.179292202 0.004411648 0.999919772 0.011880317 -1.576748133 0.001086704 -0.011885220 0.999928713 59.185268402
0.999992847 -0.003694765 -0.000808371 1.192159295 0.003703911 0.999925613 0.011621747 -1.577930331 0.000765371 -0.011624658 0.999932110 59.725517273
0.999990940 -0.004148781 -0.000973086 1.213786840 0.004159723 0.999924898 0.011526367 -1.592525959 0.000925193 -0.011530310 0.999933004 60.238819122
0.999990880 -0.004182556 -0.000859882 1.216853261 0.004192558 0.999919474 0.011979405 -1.602618456 0.000809709 -0.011982902 0.999927819 60.690292358
0.999993622 -0.003575002 -0.000251456 1.217084169 0.003577803 0.999919295 0.012191592 -1.612798691 0.000207850 -0.012192413 0.999925613 61.224540710
0.999993324 -0.003614262 -0.000683406 1.235415578 0.003622219 0.999921143 0.012023347 -1.624609470 0.000639898 -0.012025742 0.999927521 61.763080597
0.999993086 -0.003640472 -0.000689726 1.253085494 0.003648300 0.999924779 0.011710348 -1.628953695 0.000647043 -0.011712784 0.999931216 62.254512787
0.999993920 -0.003427320 -0.000586251 1.247591257 0.003433795 0.999928832 0.011424895 -1.636905909 0.000547053 -0.011426841 0.999934554 62.791904449
0.999994874 -0.003163888 -0.000512047 1.269186378 0.003169616 0.999927700 0.011601611 -1.648639441 0.000475303 -0.011603177 0.999932528 63.334377289
0.999994099 -0.003382172 -0.000596617 1.296489835 0.003389010 0.999923885 0.011859759 -1.659639120 0.000556460 -0.011861709 0.999929428 63.796821594
0.999994576 -0.003270800 -0.000059365 1.311054111 0.003271273 0.999924302 0.011857918 -1.674239635 0.000020575 -0.011858048 0.999929667 64.329658508
0.999996662 -0.002511269 0.000444988 1.308794022 0.002505928 0.999929249 0.011624230 -1.672120094 -0.000474148 -0.011623077 0.999932289 64.903686523
0.999993980 -0.003406660 -0.000725546 1.349000216 0.003414706 0.999929309 0.011392617 -1.679969549 0.000686683 -0.011395024 0.999934793 65.430625916
0.999994516 -0.003242128 -0.000538989 1.363395929 0.003247933 0.999932587 0.011143105 -1.681245804 0.000502825 -0.011144795 0.999937773 65.857513428
0.999994874 -0.003200449 -0.000125947 1.369286776 0.003201625 0.999936283 0.010822827 -1.686148286 0.000091302 -0.010823175 0.999941409 66.395515442
0.999998212 -0.001900001 0.000088167 1.369179845 0.001898837 0.999929488 0.011723521 -1.712831020 -0.000110436 -0.011723334 0.999931216 66.945487976
0.999996662 -0.002592779 -0.000087542 1.390098095 0.002593575 0.999937952 0.010835389 -1.700394034 0.000059442 -0.010835577 0.999941289 67.398139954
0.999996006 -0.002839588 -0.000142411 1.409422159 0.002840962 0.999937534 0.010811150 -1.715956450 0.000111702 -0.010811510 0.999941528 67.934364319
0.999996364 -0.002686431 0.000128121 1.419805408 0.002684905 0.999939024 0.010708862 -1.715338111 -0.000156882 -0.010708481 0.999942660 68.431838989
0.999994934 -0.003140364 0.000555984 1.441639543 0.003134497 0.999942422 0.010257475 -1.724090815 -0.000588164 -0.010255680 0.999947250 68.958999634
0.999996722 -0.002440820 0.000744812 1.454209685 0.002432341 0.999934375 0.011180916 -1.743488312 -0.000772053 -0.011179065 0.999937236 69.506546021
0.999996543 -0.002598029 0.000305893 1.460095406 0.002594615 0.999939680 0.010674658 -1.737170935 -0.000333608 -0.010673826 0.999942958 69.988571167
0.999998271 -0.001814258 0.000221389 1.473402500 0.001811834 0.999943256 0.010495370 -1.755582333 -0.000240417 -0.010494950 0.999944925 70.521270752
0.999998391 -0.001124686 0.001406439 1.461364627 0.001110094 0.999945939 0.010332904 -1.753869295 -0.001417984 -0.010331325 0.999945641 71.104713440
0.999997914 -0.001746042 0.001079727 1.507497430 0.001734744 0.999944627 0.010377702 -1.769138813 -0.001097787 -0.010375808 0.999945521 71.500823975
0.999997079 -0.002202384 0.001020188 1.520851970 0.002191381 0.999940753 0.010664146 -1.783339381 -0.001043613 -0.010661881 0.999942601 72.044921875
0.999997616 -0.001169627 0.001860949 1.522524595 0.001150725 0.999948084 0.010125923 -1.784187078 -0.001872696 -0.010123758 0.999947011 72.572479248
0.999998629 -0.000617585 0.001528421 1.561074138 0.000601556 0.999945045 0.010465470 -1.820620060 -0.001534799 -0.010464537 0.999944091 73.056121826
0.999998033 -0.000273297 0.001953619 1.579798818 0.000253525 0.999948800 0.010113674 -1.829487920 -0.001956282 -0.010113161 0.999946952 73.583992004
0.999996424 0.000432457 0.002610290 1.591358185 -0.000458625 0.999949634 0.010032670 -1.840770841 -0.002605819 -0.010033831 0.999946296 74.153442383
0.999998033 -0.000722696 0.001832671 1.595084071 0.000704255 0.999949276 0.010043312 -1.843942165 -0.001839836 -0.010042002 0.999947906 74.678604126
0.999997616 -0.001117968 0.001872257 1.605657935 0.001099078 0.999948740 0.010060183 -1.851843834 -0.001883408 -0.010058100 0.999947667 75.239334106
0.999997795 -0.000148686 0.002082546 1.614304304 0.000128653 0.999953747 0.009616568 -1.870143652 -0.002083880 -0.009616277 0.999951661 75.775314331
0.999996364 -0.000288667 0.002687672 1.624421358 0.000261932 0.999950528 0.009942490 -1.866397619 -0.002690409 -0.009941750 0.999946892 76.241081238
0.999995172 0.000259850 0.003119893 1.630675673 -0.000290033 0.999953091 0.009677641 -1.872212172 -0.003117232 -0.009678499 0.999948323 76.795761108
0.999994278 0.000265323 0.003385428 1.660174847 -0.000297805 0.999953806 0.009597604 -1.897390723 -0.003382724 -0.009598558 0.999948204 77.340270996
0.999989152 -0.000065575 0.004660291 1.647557497 0.000021593 0.999955475 0.009437178 -1.893650413 -0.004660702 -0.009436978 0.999944568 77.903182983
0.999980152 -0.000030280 0.006310109 1.649872780 -0.000026122 0.999960065 0.008938060 -1.897841454 -0.006310129 -0.008938050 0.999940097 78.480361938
0.999967217 0.001504896 0.007963965 1.664335012 -0.001573185 0.999962032 0.008575371 -1.933722734 -0.007950756 -0.008587618 0.999931514 79.009109497
0.999960005 0.001351197 0.008845591 1.675808430 -0.001428804 0.999960542 0.008772992 -1.928858995 -0.008833386 -0.008785279 0.999922454 79.663520813
0.999921143 0.001268670 0.012493923 1.674976826 -0.001386945 0.999954283 0.009462504 -1.959488392 -0.012481349 -0.009479087 0.999877095 80.103820801
0.999864757 0.002391282 0.016274268 1.702372909 -0.002546319 0.999951601 0.009512509 -1.969271421 -0.016250733 -0.009552662 0.999822319 80.644599915
0.999800146 0.002473204 0.019841250 1.716943264 -0.002665470 0.999949753 0.009669603 -1.979848385 -0.019816339 -0.009720556 0.999756336 81.196266174
0.999701619 0.002597268 0.024289055 1.746470213 -0.002840659 0.999946058 0.009991479 -1.993432999 -0.024261791 -0.010057493 0.999655068 81.706001282
0.999523461 0.001199715 0.030845059 1.741219640 -0.001462030 0.999962926 0.008483115 -1.964017630 -0.030833738 -0.008524168 0.999488294 82.319862366
0.999321461 0.000970514 0.036817431 1.770606637 -0.001291152 0.999961376 0.008686087 -1.971312523 -0.036807582 -0.008727731 0.999284267 82.878669739
0.999095321 0.000659832 0.042523317 1.826799154 -0.001015608 0.999964595 0.008345546 -1.979490519 -0.042516313 -0.008381184 0.999060571 83.397659302
0.998684585 0.000661170 0.051269826 1.876733065 -0.001089321 0.999964774 0.008323442 -1.987334490 -0.051262513 -0.008368343 0.998650134 83.992485046
0.998187542 0.001587318 0.060159259 1.929722309 -0.002152002 0.999954224 0.009322856 -2.019189835 -0.060141705 -0.009435421 0.998145223 84.484695435
0.997734129 -0.000148293 0.067279793 1.923190832 -0.000359899 0.999971628 0.007541214 -1.991845012 -0.067278989 -0.007548341 0.997705638 85.206642151
0.997122109 -0.001000768 0.075805172 1.990864277 0.000478967 0.999976158 0.006901299 -1.998075366 -0.075810254 -0.006845130 0.997098744 85.751457214
0.996385634 -0.001818731 0.084926240 2.052860737 0.001204142 0.999972701 0.007287404 -2.010371447 -0.084937185 -0.007158801 0.996360660 86.345283508
0.995345294 0.001578287 0.096359111 2.100471020 -0.002357587 0.999965429 0.007974129 -2.032042027 -0.096343197 -0.008164188 0.995314658 86.926681519
0.994564235 -0.000224397 0.104125991 2.202537060 -0.000549757 0.999972403 0.007406008 -2.069610834 -0.104124807 -0.007422996 0.994536519 87.422630310
0.993412435 0.000230940 0.114594303 2.291290283 -0.001132076 0.999968946 0.007798695 -2.082547665 -0.114588946 -0.007877050 0.993381739 87.964759827
0.992041886 0.000523234 0.125907183 2.376200676 -0.001522859 0.999968112 0.007843259 -2.100676060 -0.125899047 -0.007972580 0.992011011 88.503150940
0.990965009 -0.001366757 0.134113729 2.515856743 0.000421052 0.999974787 0.007079633 -2.136096239 -0.134120032 -0.006959199 0.990940630 89.103469849
0.989405572 -0.001037664 0.145174131 2.616529465 0.000045956 0.999976516 0.006834361 -2.136005402 -0.145177841 -0.006755283 0.989382386 89.654869080
0.987486064 -0.000549988 0.157705247 2.721692085 -0.000511478 0.999977410 0.006690031 -2.150126696 -0.157705382 -0.006686976 0.987463474 90.212219238
0.985691845 -0.001852340 0.168547079 2.829390526 0.000769741 0.999978602 0.006488226 -2.159653902 -0.168555528 -0.006265654 0.985672235 90.793708801
0.984001935 -0.001350065 0.178152263 2.944241524 0.000120577 0.999976158 0.006911968 -2.171296120 -0.178157374 -0.006779911 0.983978629 91.335578918
0.981683075 -0.002099175 0.190509722 3.070711136 0.000766150 0.999974787 0.007070533 -2.189200640 -0.190519720 -0.006795063 0.981659830 91.866050720
0.979182363 -0.002265152 0.202970400 3.191894531 0.000888087 0.999975979 0.006875379 -2.201434374 -0.202981144 -0.006551994 0.979160666 92.355087280
0.976924598 -0.003049952 0.213562816 3.333574295 0.001675903 0.999976754 0.006614688 -2.209831953 -0.213578016 -0.006104140 0.976907015 92.887580872
0.973931968 -0.002951911 0.226820737 3.466064453 0.001491292 0.999977052 0.006610624 -2.217542648 -0.226835027 -0.006100042 0.973914087 93.412399292
0.970603406 -0.002613636 0.240669876 3.620370865 0.001013908 0.999976575 0.006770566 -2.227570534 -0.240681931 -0.006327517 0.970583379 93.932754517
0.967595875 -0.002959632 0.252486616 3.782554626 0.001251270 0.999975204 0.006926449 -2.239817619 -0.252500832 -0.006386076 0.967575610 94.473724365
0.964498281 -0.004249730 0.264054924 3.931547165 0.002441396 0.999971271 0.007176104 -2.272476673 -0.264077872 -0.006276677 0.964480877 94.929702759
0.960606754 -0.004241044 0.277878761 4.110643387 0.002253389 0.999969542 0.007471937 -2.289171219 -0.277901977 -0.006551424 0.960587084 95.435272217
0.956922472 -0.004708915 0.290305465 4.288625717 0.002738304 0.999970376 0.007193906 -2.285888195 -0.290330738 -0.006089065 0.956906974 95.949974060
0.953576624 -0.005308117 0.301103860 4.487701416 0.003216047 0.999967098 0.007443262 -2.305211544 -0.301133424 -0.006129357 0.953562319 96.458602905
0.949114740 -0.005881966 0.314875752 4.690969467 0.003888535 0.999968231 0.006958662 -2.300456524 -0.314906627 -0.005380165 0.949107349 97.021308899
0.944141567 -0.005457694 0.329495370 4.886987686 0.003276449 0.999968827 0.007174895 -2.311760426 -0.329524249 -0.005694543 0.944129944 97.509613037
0.940198421 -0.005998599 0.340574473 5.044303894 0.003736265 0.999966323 0.007298163 -2.326062679 -0.340606809 -0.005589244 0.940189242 97.940483093
0.935619116 -0.006134137 0.352957785 5.264766693 0.003832651 0.999966621 0.007219076 -2.339842081 -0.352990270 -0.005401541 0.935611427 98.442550659
0.930316091 -0.006127011 0.366707563 5.475385666 0.003459637 0.999962568 0.007930637 -2.358409405 -0.366742492 -0.006109325 0.930302501 98.951614380
0.925289214 -0.006950833 0.379198581 5.701202393 0.004340137 0.999960601 0.007739158 -2.379846811 -0.379237443 -0.005515184 0.925283015 99.454963684
0.920437038 -0.007481503 0.390819073 5.926952362 0.004833488 0.999958217 0.007758750 -2.384459496 -0.390860766 -0.005252421 0.920434833 99.959121704
0.914460182 -0.007447349 0.404607326 6.175201416 0.004793986 0.999959826 0.007570655 -2.392104149 -0.404647470 -0.004983380 0.914459288 100.462806702
0.908558547 -0.007441944 0.417691082 6.422866821 0.004608722 0.999959052 0.007791272 -2.416977882 -0.417731971 -0.005153805 0.908555746 100.917297363
0.903488338 -0.009469526 0.428508043 6.652782440 0.006673288 0.999945521 0.008027324 -2.412653446 -0.428560644 -0.004393035 0.903502345 101.417007446
0.897711337 -0.009447608 0.440482676 6.911247253 0.006364346 0.999943793 0.008476457 -2.431800365 -0.440538019 -0.004806026 0.897721112 101.884742737
0.890791118 -0.008532561 0.454332888 7.185150146 0.005246555 0.999950111 0.008492785 -2.456106186 -0.454382688 -0.005181615 0.890791535 102.370025635
0.884752214 -0.009930640 0.465955824 7.445991516 0.006863546 0.999942183 0.008278741 -2.445704699 -0.466011107 -0.004126525 0.884769201 102.861083984
0.878936589 -0.010577840 0.476821452 7.728561401 0.007350212 0.999935687 0.008633823 -2.460516930 -0.476882130 -0.004083844 0.878957808 103.319503784
0.870964289 -0.009818464 0.491248131 7.999633789 0.006549537 0.999943435 0.008373561 -2.462054968 -0.491302639 -0.004075625 0.870979428 103.804946899
