1.000000000 0.000000000 0.000000000 0.000000000 0.000000000 1.000000000 0.000000000 0.000000000 0.000000000 0.000000000 1.000000000 0.000000000
1.000000000 0.000109663 0.000099770 -0.000914111 -0.000109673 1.000000000 0.000102781 -0.000060816 -0.000099758 -0.000102792 1.000000000 0.000350766
1.000000000 0.000080059 0.000138556 -0.001643397 -0.000080057 1.000000000 -0.000008242 0.000366920 -0.000138556 0.000008231 1.000000000 0.000226221
1.000000000 0.000073941 0.000046320 -0.000757176 -0.000073942 1.000000000 0.000038773 -0.000667891 -0.000046317 -0.000038776 1.000000000 -0.000739698
1.000000000 0.000115478 0.000176170 -0.002062503 -0.000115487 1.000000000 0.000053062 -0.000388030 -0.000176164 -0.000053082 1.000000000 -0.000696107
1.000000000 -0.000112848 -0.000009145 0.000081752 0.000112847 1.000000000 -0.000035861 0.000403485 0.000009149 0.000035860 1.000000000 -0.000266040
1.000000000 0.000083955 0.000129391 -0.001896489 -0.000083962 1.000000000 0.000055428 -0.000312704 -0.000129386 -0.000055439 1.000000000 -0.000368254
1.000000000 0.000075736 0.000091188 -0.001606972 -0.000075732 1.000000000 -0.000042213 -0.000030253 -0.000091191 0.000042206 1.000000000 -0.000651477
1.000000000 0.000102133 0.000157594 -0.001456229 -0.000102134 1.000000000 0.000003518 -0.000800700 -0.000157594 -0.000003534 1.000000000 -0.000724079
1.000000000 0.000148337 0.000149074 -0.001943164 -0.000148354 1.000000000 0.000111875 -0.000655038 -0.000149057 -0.000111897 1.000000000 0.000567890
1.000000000 0.000104936 0.000158033 -0.001706602 -0.000104946 1.000000000 0.000066003 -0.000545099 -0.000158027 -0.000066020 1.000000000 -0.000063944
0.999999940 0.000160239 0.000185057 -0.001813043 -0.000160242 1.000000000 0.000016851 -0.000891759 -0.000185054 -0.000016881 1.000000000 -0.000888087
1.000000000 0.000095182 0.000149276 -0.001162565 -0.000095186 1.000000000 0.000028600 0.000313994 -0.000149273 -0.000028614 1.000000000 0.000208330
1.000000000 0.000173224 0.000135853 -0.001750327 -0.000173210 1.000000000 -0.000106482 0.000917278 -0.000135871 0.000106459 1.000000000 0.000614436
1.000000000 0.000129314 0.000117708 -0.001621024 -0.000129318 1.000000000 0.000031636 -0.000104186 -0.000117704 -0.000031651 1.000000000 -0.000079738
0.999999940 0.000284341 0.000196796 -0.002304069 -0.000284327 0.999999940 -0.000073629 0.001541259 -0.000196817 0.000073573 1.000000000 0.001334163
0.999999881 0.000377069 0.000210654 -0.002714643 -0.000377058 0.999999940 -0.000053150 0.001069048 -0.000210674 0.000053071 1.000000000 0.001826225
0.999999940 0.000281011 0.000259423 -0.002429199 -0.000281007 0.999999940 -0.000017293 0.001519177 -0.000259427 0.000017220 0.999999940 0.002235740
0.999999940 0.000219743 0.000273465 -0.002534419 -0.000219722 1.000000000 -0.000076019 0.000496750 -0.000273482 0.000075959 0.999999940 0.000731457
0.999999940 0.000233140 0.000213028 -0.002530777 -0.000233152 1.000000000 0.000054526 -0.000035649 -0.000213015 -0.000054576 1.000000000 0.001602666
0.999999940 0.000324262 0.000175642 -0.001998077 -0.000324255 0.999999940 -0.000041569 0.001351478 -0.000175656 0.000041512 1.000000000 0.001564192
0.999999940 0.000269687 0.000184992 -0.002456978 -0.000269681 0.999999940 -0.000029929 0.000446899 -0.000185000 0.000029879 1.000000000 0.001686413
1.000000000 0.000170522 0.000167879 -0.002265389 -0.000170531 1.000000000 0.000052365 0.000155446 -0.000167870 -0.000052394 1.000000000 0.000880582
0.999999881 0.000402064 0.000190404 -0.002507956 -0.000402064 0.999999940 0.000001206 0.001391563 -0.000190403 -0.000001283 1.000000000 0.002991375
0.999999881 0.000353002 0.000246807 -0.002131684 -0.000353005 0.999999940 0.000013264 0.001237110 -0.000246802 -0.000013351 0.999999940 0.001650269
0.999999940 0.000249109 0.000210567 -0.001511005 -0.000249097 0.999999940 -0.000056637 0.002149683 -0.000210581 0.000056585 1.000000000 0.003088188
0.999999940 0.000332604 0.000240707 -0.002388628 -0.000332614 0.999999940 0.000043236 0.001204636 -0.000240693 -0.000043316 0.999999940 0.002276920
0.999999940 0.000354731 0.000117937 -0.002224631 -0.000354718 0.999999940 -0.000113770 0.001880283 -0.000117978 0.000113728 1.000000000 0.000941272
0.999999940 0.000349682 0.000133715 -0.002014072 -0.000349669 0.999999940 -0.000095602 0.001458495 -0.000133748 0.000095555 1.000000000 0.000731691
0.999999881 0.000392745 0.000270417 -0.002665254 -0.000392734 0.999999940 -0.000039923 0.000341314 -0.000270433 0.000039817 0.999999940 0.000977635
0.999999940 0.000253975 0.000297124 -0.003090613 -0.000253979 0.999999940 0.000013970 0.000197414 -0.000297120 -0.000014046 0.999999940 0.001685504
0.999999940 0.000335147 0.000190994 -0.002045512 -0.000335133 0.999999940 -0.000072241 0.001567581 -0.000191018 0.000072177 1.000000000 0.002384472
0.999999881 0.000435140 0.000249094 -0.002243386 -0.000435140 0.999999881 -0.000001550 0.000087509 -0.000249095 0.000001442 0.999999940 -0.000063831
0.999999821 0.000464841 0.000313443 -0.003532766 -0.000464836 0.999999881 -0.000016927 0.000752814 -0.000313450 0.000016781 0.999999940 0.002654557
0.999999881 0.000399028 0.000248427 -0.002074027 -0.000399003 0.999999940 -0.000101336 0.000689347 -0.000248467 0.000101237 0.999999940 0.001373540
0.999999881 0.000390963 0.000225162 -0.003583995 -0.000390962 0.999999940 -0.000004013 0.000697807 -0.000225163 0.000003925 1.000000000 0.001082894
0.999999881 0.000432215 0.000212770 -0.002762240 -0.000432196 0.999999881 -0.000091483 0.002319559 -0.000212810 0.000091391 1.000000000 0.001329626
0.999999881 0.000429357 0.000315621 -0.003468447 -0.000429356 0.999999881 -0.000002956 0.000954564 -0.000315622 0.000002821 0.999999940 0.001912391
0.999999881 0.000418329 0.000192172 -0.001170877 -0.000418332 0.999999940 0.000015829 0.000861459 -0.000192165 -0.000015909 1.000000000 -0.000052173
0.999999940 0.000255959 0.000188203 -0.001514764 -0.000255946 0.999999940 -0.000071246 0.000256435 -0.000188221 0.000071198 1.000000000 0.000205265
0.999999881 0.000379211 0.000240059 -0.000790578 -0.000379083 0.999999762 -0.000532464 -0.002549592 -0.000240261 0.000532373 0.999999821 0.049739387
0.999999881 0.000450875 0.000280720 0.000427705 -0.000450551 0.999999225 -0.001151690 -0.004025104 -0.000281239 0.001151563 0.999999285 0.138780281
0.999999940 0.000295362 0.000239192 0.002327589 -0.000295021 0.999998927 -0.001426944 -0.006504424 -0.000239613 0.001426874 0.999998927 0.252929300
0.999999583 0.000818179 0.000398393 0.003360620 -0.000817748 0.999999106 -0.001078963 -0.012754692 -0.000399275 0.001078637 0.999999344 0.387027532
0.999999702 0.000667398 0.000374308 0.003523884 -0.000667090 0.999999464 -0.000822154 -0.016355103 -0.000374856 0.000821904 0.999999583 0.529027164
1.000000000 0.000021869 0.000141577 0.013145959 -0.000021770 0.999999762 -0.000703940 -0.020967802 -0.000141592 0.000703937 0.999999762 0.689568520
0.999999762 0.000597470 0.000418369 0.014167318 -0.000597188 0.999999583 -0.000673494 -0.021159878 -0.000418771 0.000673244 0.999999702 0.853959501
0.999999523 0.000663461 0.000678853 0.010822557 -0.000662938 0.999999464 -0.000770714 -0.026669672 -0.000679364 0.000770263 0.999999464 1.020782471
0.999999940 0.000343329 0.000222964 0.021263741 -0.000343135 0.999999583 -0.000868581 -0.028706523 -0.000223262 0.000868504 0.999999583 1.202078938
1.000000000 0.000035321 0.000072465 0.024214320 -0.000035332 1.000000000 0.000147516 -0.052790884 -0.000072460 -0.000147519 1.000000000 1.342558503
0.999998033 -0.001131701 0.001689973 -0.000312126 0.001130086 0.999998927 0.000956558 -0.066062011 -0.001691054 -0.000954647 0.999998093 1.581865907
0.999997497 -0.001373638 0.001773543 0.004535133 0.001371805 0.999998510 0.001033969 -0.070162378 -0.001774960 -0.001031533 0.999997854 1.778499722
0.999997139 -0.001347573 0.001967937 0.006466183 0.001344682 0.999997973 0.001469387 -0.080887184 -0.001969914 -0.001466737 0.999996960 1.974365115
0.999996960 -0.001696830 0.001790090 0.011805315 0.001694083 0.999997497 0.001534774 -0.085738696 -0.001792690 -0.001531737 0.999997199 2.182909727
0.999997079 -0.001380668 0.001993665 0.014546661 0.001377781 0.999998033 0.001448481 -0.089719333 -0.001995661 -0.001445730 0.999996960 2.401194096
0.999997258 -0.001071581 0.002093781 0.019947879 0.001069218 0.999998748 0.001129565 -0.091657840 -0.002094989 -0.001127323 0.999997199 2.631810665
0.999996662 -0.001061273 0.002362019 0.024898421 0.001058506 0.999998689 0.001172202 -0.098317891 -0.002363260 -0.001169698 0.999996483 2.857920647
0.999996185 -0.001820349 0.002128254 0.030230034 0.001816971 0.999997020 0.001588223 -0.105624311 -0.002131139 -0.001584349 0.999996483 3.080867767
0.999996722 -0.001318957 0.002192044 0.035447422 0.001315391 0.999997795 0.001627735 -0.113560818 -0.002194186 -0.001624847 0.999996305 3.318367004
0.999995887 -0.001256641 0.002566236 0.035253510 0.001252535 0.999997914 0.001601025 -0.121067360 -0.002568243 -0.001597804 0.999995410 3.563496828
0.999995768 -0.001489767 0.002471671 0.044414304 0.001484803 0.999996841 0.002008897 -0.126372337 -0.002474656 -0.002005219 0.999994934 3.826060772
0.999996185 -0.001664154 0.002210024 0.045517363 0.001660438 0.999997199 0.001681856 -0.127808288 -0.002212816 -0.001678180 0.999996126 4.062310219
0.999996126 -0.001186625 0.002494327 0.050618418 0.001182760 0.999998093 0.001550056 -0.130307913 -0.002496162 -0.001547100 0.999995708 4.322610855
0.999995351 -0.001274850 0.002785992 0.053002905 0.001270179 0.999997795 0.001677680 -0.140518636 -0.002788125 -0.001674134 0.999994695 4.579628944
0.999996066 -0.001219221 0.002523362 0.065816611 0.001215086 0.999997914 0.001639783 -0.145250082 -0.002525356 -0.001636711 0.999995470 4.840043068
0.999995828 -0.001632985 0.002372591 0.071612939 0.001628757 0.999997020 0.001782625 -0.148610413 -0.002375495 -0.001778753 0.999995589 5.074173927
0.999995232 -0.001548148 0.002669959 0.074439347 0.001543954 0.999997556 0.001572464 -0.155299664 -0.002672388 -0.001568334 0.999995172 5.335149288
0.999995351 -0.001363985 0.002721417 0.080032319 0.001358827 0.999997318 0.001896287 -0.164976284 -0.002723996 -0.001892581 0.999994516 5.606146812
0.999994993 -0.002175151 0.002275851 0.090232216 0.002171387 0.999996305 0.001654714 -0.171809509 -0.002279442 -0.001649764 0.999996066 5.877704144
0.999996066 -0.001957894 0.001969947 0.107999459 0.001954549 0.999996603 0.001698426 -0.180767357 -0.001973266 -0.001694569 0.999996662 6.161705494
0.999994636 -0.002134386 0.002483035 0.101128437 0.002129718 0.999995887 0.001880866 -0.191771626 -0.002487039 -0.001875567 0.999995172 6.407134056
0.999995708 -0.001767789 0.002335252 0.106688954 0.001763867 0.999997020 0.001680436 -0.197306827 -0.002338215 -0.001676310 0.999995887 6.700159073
0.999996305 -0.001500483 0.002273259 0.115191549 0.001496943 0.999997675 0.001558274 -0.202284336 -0.002275592 -0.001554866 0.999996245 6.998787880
0.999996364 -0.001450961 0.002286468 0.120201021 0.001447663 0.999997914 0.001443653 -0.210260049 -0.002288558 -0.001440338 0.999996364 7.297517300
0.999994278 -0.002243110 0.002529161 0.117138103 0.002237189 0.999994755 0.002341167 -0.232303232 -0.002534399 -0.002335495 0.999994040 7.576902866
0.999993682 -0.002768531 0.002192171 0.129736215 0.002763793 0.999993801 0.002161460 -0.234970272 -0.002198142 -0.002155388 0.999995232 7.902786732
0.999995112 -0.001774588 0.002580953 0.128966272 0.001768323 0.999995470 0.002427629 -0.248025492 -0.002585249 -0.002423052 0.999993622 8.209040642
0.999993086 -0.002645627 0.002626717 0.136712909 0.002640438 0.999994576 0.001976731 -0.254562438 -0.002631932 -0.001969782 0.999994576 8.519756317
0.999993503 -0.002467058 0.002636424 0.144273654 0.002461669 0.999994874 0.002045364 -0.259294778 -0.002641457 -0.002038861 0.999994397 8.844385147
0.999994695 -0.002475905 0.002125951 0.155201554 0.002471454 0.999994755 0.002093790 -0.272965223 -0.002131123 -0.002088525 0.999995589 9.183728218
0.999995291 -0.001485147 0.002697367 0.161178529 0.001478841 0.999996185 0.002338582 -0.283021092 -0.002700830 -0.002334581 0.999993622 9.520020485
0.999994934 -0.001641498 0.002708790 0.159730524 0.001634505 0.999995351 0.002581553 -0.295544893 -0.002713015 -0.002577113 0.999993026 9.848884583
0.999995291 -0.002068374 0.002261485 0.169226766 0.002062553 0.999994516 0.002573850 -0.306544662 -0.002266797 -0.002569173 0.999994099 10.189259529
0.999994695 -0.002164102 0.002432039 0.177639395 0.002158162 0.999994755 0.002442514 -0.313780099 -0.002437312 -0.002437253 0.999994040 10.553009987
0.999995232 -0.001910588 0.002424060 0.185624912 0.001904773 0.999995351 0.002398961 -0.321492881 -0.002428632 -0.002394333 0.999994159 10.912760735
0.999994397 -0.002273353 0.002471648 0.192484483 0.002265765 0.999992788 0.003068288 -0.336066633 -0.002478605 -0.003062671 0.999992251 11.295743942
0.999994695 -0.002136542 0.002458615 0.197200716 0.002129136 0.999993205 0.003010972 -0.345661968 -0.002465031 -0.003005721 0.999992430 11.614386559
0.999994695 -0.001824567 0.002697784 0.202899724 0.001816366 0.999993742 0.003039499 -0.357480317 -0.002703313 -0.003034583 0.999991715 11.998844147
0.999993145 -0.002770027 0.002475220 0.221471220 0.002761906 0.999990761 0.003278610 -0.370545477 -0.002484279 -0.003271751 0.999991536 12.380576134
0.999992907 -0.002311098 0.002986561 0.224995092 0.002300781 0.999991417 0.003452978 -0.379343033 -0.002994515 -0.003446081 0.999989569 12.783267975
0.999991655 -0.002920775 0.002834945 0.228896618 0.002911087 0.999989927 0.003415471 -0.395635992 -0.002844892 -0.003407190 0.999990165 13.136931419
0.999992907 -0.002454840 0.002852429 0.238258481 0.002445043 0.999991179 0.003432805 -0.405842960 -0.002860831 -0.003425807 0.999990046 13.553179741
0.999993443 -0.001788190 0.003175113 0.243090451 0.001777071 0.999992192 0.003501458 -0.414335459 -0.003181349 -0.003495792 0.999988914 13.983397484
0.999991596 -0.002092161 0.003526343 0.251140177 0.002080399 0.999992251 0.003335716 -0.421096325 -0.003533295 -0.003328351 0.999988198 14.358860970
0.999993086 -0.002039686 0.003143136 0.264192998 0.002028572 0.999991655 0.003535153 -0.431556821 -0.003150321 -0.003528752 0.999988854 14.787198067
0.999991894 -0.002239338 0.003347555 0.278825790 0.002226104 0.999989688 0.003952031 -0.451201349 -0.003356371 -0.003944546 0.999986589 15.211605072
0.999989450 -0.002095562 0.004095532 0.283424437 0.002079757 0.999990463 0.003859409 -0.456261605 -0.004103580 -0.003850851 0.999984145 15.664452553
0.999986529 -0.001922146 0.004819117 0.277864814 0.001904584 0.999991536 0.003646302 -0.467379212 -0.004826085 -0.003637074 0.999981761 16.041028976
0.999985635 -0.001733525 0.005060973 0.286742896 0.001716991 0.999993205 0.003269540 -0.478622943 -0.005066606 -0.003260803 0.999981821 16.491098404
0.999984920 -0.002748987 0.004759064 0.307236493 0.002729896 0.999988317 0.004013519 -0.495299250 -0.004770042 -0.004000467 0.999980628 16.949085236
0.999981821 -0.001869423 0.005736476 0.297413796 0.001844200 0.999988616 0.004399062 -0.515125692 -0.005744635 -0.004388403 0.999973893 17.349878311
0.999979615 -0.002452652 0.005896989 0.313715816 0.002428824 0.999988854 0.004044423 -0.525461853 -0.005906843 -0.004030017 0.999974430 17.819110870
0.999979675 -0.002061982 0.006035095 0.327354819 0.002037155 0.999989390 0.004117103 -0.532406092 -0.006043520 -0.004104724 0.999973357 18.292289734
0.999979794 -0.001619577 0.006147647 0.332100302 0.001594855 0.999990642 0.004024193 -0.545052111 -0.006154106 -0.004014307 0.999972939 18.715513229
0.999979019 -0.001868144 0.006198785 0.349793375 0.001844428 0.999990940 0.003829431 -0.554107785 -0.006205883 -0.003817917 0.999973476 19.204706192
0.999976277 -0.000798563 0.006839911 0.346217453 0.000773343 0.999992907 0.003689073 -0.561982810 -0.006842809 -0.003683695 0.999969780 19.690008163
0.999979496 -0.001842598 0.006137625 0.365596026 0.001817465 0.999989927 0.004097935 -0.575699925 -0.006145114 -0.004086696 0.999972761 20.116352081
0.999983966 -0.002028554 0.005289180 0.379748881 0.002006930 0.999989569 0.004090437 -0.583369434 -0.005297424 -0.004079756 0.999977648 20.630170822
0.999985158 -0.002171507 0.004993472 0.385758728 0.002153211 0.999990940 0.003666449 -0.586966932 -0.005001388 -0.003655643 0.999980807 21.139894485
0.999986351 -0.001356040 0.005045625 0.377528280 0.001334550 0.999990046 0.004260215 -0.607393384 -0.005051352 -0.004253423 0.999978125 21.588497162
0.999987423 -0.001569653 0.004752746 0.395895571 0.001548849 0.999989271 0.004377696 -0.619590640 -0.004759566 -0.004370280 0.999979079 22.101722717
0.999988019 -0.002163543 0.004385355 0.404510170 0.002143916 0.999987721 0.004475420 -0.629770339 -0.004394984 -0.004465965 0.999980390 22.614843369
0.999990404 -0.001781482 0.004001861 0.395446897 0.001763217 0.999988019 0.004562941 -0.650339186 -0.004009942 -0.004555841 0.999981582 23.078308105
0.999989867 -0.003487885 0.002845690 0.412785470 0.003475313 0.999984205 0.004411152 -0.665942311 -0.002861031 -0.004401216 0.999986231 23.610506058
0.999994397 -0.001818371 0.002803841 0.417796463 0.001806986 0.999990046 0.004057879 -0.669611275 -0.002811192 -0.004052789 0.999987841 24.147743225
0.999996364 -0.001705469 0.002095616 0.418593526 0.001696257 0.999988854 0.004389698 -0.683104992 -0.002103080 -0.004386127 0.999988198 24.631788254
0.999997556 -0.000962772 0.001976699 0.425543249 0.000954129 0.999989986 0.004368637 -0.692510366 -0.001980886 -0.004366741 0.999988556 25.179586411
0.999997914 -0.001385194 0.001451377 0.427114844 0.001378524 0.999988496 0.004586764 -0.709069490 -0.001457714 -0.004584754 0.999988377 25.699045181
0.999998331 -0.001550602 0.000931430 0.439575493 0.001546332 0.999988317 0.004568526 -0.716595829 -0.000938503 -0.004567079 0.999989092 26.251194000
0.999998152 -0.001612893 0.001031723 0.448450923 0.001607974 0.999987423 0.004751747 -0.726016521 -0.001039374 -0.004750079 0.999988139 26.830923080
0.999999106 -0.001336758 0.000522878 0.454378575 0.001334367 0.999988794 0.004547625 -0.741918027 -0.000528952 -0.004546923 0.999989510 27.298791885
0.999999404 -0.000116150 0.001081949 0.459915996 0.000111009 0.999988794 0.004750086 -0.750756919 -0.001082488 -0.004749964 0.999988139 27.853424072
0.999998152 0.000647120 0.001851790 0.467559159 -0.000657467 0.999984086 0.005592598 -0.774457574 -0.001848142 -0.005593804 0.999982715 28.391597748
0.999999642 -0.000632697 0.000509279 0.458080173 0.000630212 0.999987900 0.004865105 -0.785533428 -0.000512351 -0.004864782 0.999988019 28.880270004
0.999999821 -0.000536578 0.000318224 0.467181712 0.000535113 0.999989331 0.004585290 -0.795140684 -0.000320681 -0.004585118 0.999989390 29.434165955
0.999999940 0.000276445 0.000181133 0.473886132 -0.000277329 0.999988019 0.004896980 -0.814795494 -0.000179777 -0.004897031 0.999987960 29.968843460
0.999999702 -0.000700897 -0.000134028 0.477042258 0.000701547 0.999987662 0.004910156 -0.822254002 0.000130584 -0.004910248 0.999987960 30.442125320
0.999999881 -0.000209810 -0.000384397 0.485720664 0.000211545 0.999989748 0.004519258 -0.829626858 0.000383445 -0.004519337 0.999989748 30.990741730
0.999999702 -0.000019933 -0.000786136 0.505361676 0.000023163 0.999991536 0.004110368 -0.845585942 0.000786048 -0.004110386 0.999991238 31.511669159
0.999999344 -0.000430987 -0.001028235 0.496365100 0.000435632 0.999989629 0.004521796 -0.850888491 0.001026275 -0.004522241 0.999989271 32.033065796
0.999999166 -0.000042381 -0.001314541 0.501763701 0.000048521 0.999989092 0.004671622 -0.868383944 0.001314329 -0.004671683 0.999988258 32.573959351
0.999999225 0.000193261 -0.001240233 0.513732791 -0.000187265 0.999988317 0.004833793 -0.878698349 0.001241152 -0.004833557 0.999987662 33.120910645
0.999998868 -0.000440174 -0.001394404 0.512553930 0.000446795 0.999988616 0.004750984 -0.890611172 0.001392297 -0.004751602 0.999987721 33.605636597
0.999998331 -0.000467103 -0.001747349 0.527405024 0.000475928 0.999987125 0.005053368 -0.910201669 0.001744967 -0.005054191 0.999985695 34.140876770
0.999998093 -0.000712975 -0.001806383 0.528515399 0.000721583 0.999988377 0.004769267 -0.914098859 0.001802962 -0.004770561 0.999987006 34.632667542
0.999997795 -0.000505655 -0.002045898 0.540298462 0.000515684 0.999987900 0.004904478 -0.926624060 0.002043393 -0.004905522 0.999985933 35.183120728
0.999996781 -0.001402455 -0.002126656 0.545206308 0.001412338 0.999988139 0.004652348 -0.937936068 0.002120106 -0.004655336 0.999986887 35.700298309
0.999996841 -0.001135782 -0.002256322 0.552309334 0.001145556 0.999989927 0.004335079 -0.949710906 0.002251375 -0.004337650 0.999988019 36.248538971
0.999996722 -0.001029803 -0.002348581 0.557493269 0.001039491 0.999990940 0.004127711 -0.959516644 0.002344310 -0.004130139 0.999988735 36.734661102
0.999995887 -0.001012613 -0.002669831 0.569274127 0.001024878 0.999988914 0.004596729 -0.974873602 0.002665147 -0.004599447 0.999985874 37.284732819
0.999996722 -0.000949134 -0.002371962 0.572761238 0.000958652 0.999991477 0.004015537 -0.977633238 0.002368131 -0.004017798 0.999989092 37.797733307
0.999996364 -0.000853323 -0.002556064 0.587334991 0.000862967 0.999992549 0.003774102 -0.990193546 0.002552825 -0.003776295 0.999989629 38.345024109
0.999996424 -0.001082322 -0.002439877 0.583710015 0.001092084 0.999991417 0.004002822 -1.000203729 0.002435524 -0.004005472 0.999988973 38.856140137
0.999996126 -0.001106256 -0.002565298 0.594196618 0.001116783 0.999991000 0.004105566 -1.014202714 0.002560733 -0.004108415 0.999988258 39.405830383
0.999996126 -0.001019290 -0.002563195 0.600959003 0.001028890 0.999992430 0.003746781 -1.018792510 0.002559357 -0.003749403 0.999989688 39.958988190
0.999996781 -0.000644425 -0.002455016 0.594098628 0.000654574 0.999991238 0.004135787 -1.034423351 0.002452329 -0.004137380 0.999988437 40.435249329
0.999997735 -0.000214549 -0.002113291 0.600395679 0.000222776 0.999992430 0.003893966 -1.045974612 0.002112440 -0.003894427 0.999990165 40.989803314
0.999996841 -0.000645179 -0.002439142 0.612560391 0.000654379 0.999992609 0.003772905 -1.060010910 0.002436690 -0.003774489 0.999989927 41.540046692
0.999996781 -0.000577926 -0.002456725 0.606196523 0.000588015 0.999991417 0.004108218 -1.065007925 0.002454330 -0.004109650 0.999988496 42.027248383
0.999998152 -0.000243301 -0.001901218 0.614546895 0.000250536 0.999992728 0.003805974 -1.080893993 0.001900278 -0.003806443 0.999990940 42.578090668
0.999998152 0.000466870 -0.001882305 0.619354188 -0.000459392 0.999992013 0.003971551 -1.092812300 0.001884144 -0.003970678 0.999990344 43.138412476
0.999997258 -0.000670320 -0.002241730 0.616423368 0.000679414 0.999991477 0.004058456 -1.095530987 0.002238991 -0.004059967 0.999989271 43.593418121
0.999996901 -0.000503307 -0.002464155 0.628147542 0.000512556 0.999992847 0.003754301 -1.103852868 0.002462247 -0.003755552 0.999989927 44.152053833
0.999998271 0.000174117 -0.001846541 0.634564042 -0.000167843 0.999994278 0.003397727 -1.120023251 0.001847120 -0.003397411 0.999992490 44.695007324
0.999998212 -0.000946149 -0.001618553 0.621669948 0.000952443 0.999991953 0.003892797 -1.134536266 0.001614857 -0.003894331 0.999991119 45.178630829
0.999998450 -0.000520039 -0.001690311 0.634959877 0.000526215 0.999993205 0.003655732 -1.141151547 0.001688399 -0.003656616 0.999991953 45.726028442
0.999997675 -0.000873193 -0.001984738 0.645801365 0.000881040 0.999991715 0.003955612 -1.158055782 0.001981267 -0.003957351 0.999990225 46.276576996
0.999998212 -0.001001388 -0.001574726 0.639057100 0.001006134 0.999994934 0.003016327 -1.153634429 0.001571698 -0.003017907 0.999994218 46.789485931
0.999999404 -0.000177451 -0.001068903 0.644981265 0.000180919 0.999994695 0.003245006 -1.166177273 0.001068322 -0.003245197 0.999994218 47.341270447
0.999997616 -0.001473673 -0.001618705 0.655861139 0.001478855 0.999993742 0.003205038 -1.181504130 0.001613971 -0.003207423 0.999993563 47.875102997
0.999998212 -0.000871880 -0.001642817 0.666822135 0.000877909 0.999992847 0.003673690 -1.193678141 0.001639602 -0.003675126 0.999991894 48.355037689
0.999998629 -0.000658433 -0.001503677 0.669722259 0.000663835 0.999993324 0.003595201 -1.204081416 0.001501300 -0.003596194 0.999992430 48.905353546
0.999999285 -0.000654232 -0.001020122 0.674434543 0.000658483 0.999990940 0.004171206 -1.223915219 0.001017384 -0.004171874 0.999990702 49.442325592
0.999998212 -0.000926778 -0.001635361 0.690827429 0.000932549 0.999993443 0.003532019 -1.229272246 0.001632077 -0.003533537 0.999992430 49.949542999
0.999997735 -0.000395529 -0.002072210 0.697861075 0.000401620 0.999995589 0.002939853 -1.236549139 0.002071038 -0.002940679 0.999993563 50.497955322
0.999998808 0.000076678 -0.001577183 0.708639562 -0.000070763 0.999993026 0.003750853 -1.263740897 0.001577459 -0.003750737 0.999991715 51.031970978
0.999999344 -0.000558572 -0.000990801 0.703155994 0.000562554 0.999991775 0.004022675 -1.268363953 0.000988547 -0.004023229 0.999991417 51.524951935
0.999998748 -0.000735937 -0.001324542 0.718958855 0.000741192 0.999991834 0.003971586 -1.281046867 0.001321609 -0.003972564 0.999991238 52.072315216
0.999999523 -0.000171937 -0.000894752 0.717136085 0.000175000 0.999994040 0.003424205 -1.292942524 0.000894159 -0.003424359 0.999993742 52.602352142
0.999999523 0.000789612 -0.000499157 0.721921921 -0.000788084 0.999994934 0.003053121 -1.298756480 0.000501565 -0.003052726 0.999995232 53.155521393
0.999999702 0.000230465 -0.000610868 0.727093041 -0.000228443 0.999994457 0.003309424 -1.316339970 0.000611626 -0.003309283 0.999994338 53.655067444
0.999999881 0.000297608 -0.000341844 0.737038314 -0.000296434 0.999994099 0.003432900 -1.328520536 0.000342864 -0.003432798 0.999994040 54.201698303
0.999999821 0.000224711 -0.000447250 0.734912515 -0.000223177 0.999994040 0.003425322 -1.342079043 0.000448017 -0.003425223 0.999994040 54.698101044
0.999999702 0.000726810 0.000001677 0.742823780 -0.000726812 0.999994397 0.003245932 -1.355836511 0.000000682 -0.003245933 0.999994755 55.248012543
0.999999464 0.000950092 0.000055019 0.747664332 -0.000950254 0.999994934 0.003016300 -1.361766696 -0.000052153 -0.003016352 0.999995470 55.765033722
0.999999881 0.000340555 -0.000057136 0.761183023 -0.000340382 0.999995410 0.003016203 -1.376511455 0.000058164 -0.003016184 0.999995470 56.307285309
0.999999225 0.001109722 0.000491851 0.767662764 -0.001110894 0.999996483 0.002388424 -1.381907463 -0.000489199 -0.002388969 0.999997020 56.869232178
0.999999762 0.000562050 0.000203122 0.767042398 -0.000562663 0.999995291 0.003022703 -1.395225167 -0.000201422 -0.003022817 0.999995410 57.323402405
0.999999940 0.000391080 0.000108108 0.781064510 -0.000391387 0.999995947 0.002843908 -1.412027001 -0.000106995 -0.002843949 0.999995947 57.869781494
0.999999821 -0.000011976 -0.000484510 0.800411940 0.000013123 0.999997139 0.002366889 -1.425081968 0.000484481 -0.002366895 0.999997139 58.424064636
0.999999881 0.000277506 0.000021116 0.785137594 -0.000277567 0.999995410 0.003000541 -1.438265800 -0.000020283 -0.003000546 0.999995410 58.925662994
0.999999583 0.000883189 -0.000105041 0.797759175 -0.000882924 0.999996543 0.002488483 -1.448539138 0.000107238 -0.002488390 0.999996841 59.476871490
0.999999702 0.000464471 0.000501827 0.815263391 -0.000465648 0.999997199 0.002346592 -1.457818985 -0.000500736 -0.002346825 0.999997139 60.038192749
0.999999464 0.000516246 0.000859441 0.800633132 -0.000518650 0.999995947 0.002799761 -1.480039716 -0.000857992 -0.002800205 0.999995708 60.507099152
0.999998808 0.000979872 0.001113875 0.811645269 -0.000982663 0.999996364 0.002508437 -1.490164161 -0.001111412 -0.002509530 0.999996185 61.060344696
0.999998510 0.001245511 0.001182286 0.813568234 -0.001248677 0.999995649 0.002679346 -1.499680161 -0.001178944 -0.002680819 0.999995649 61.586788177
0.999998152 0.001366438 0.001301810 0.823693812 -0.001369121 0.999996960 0.002062161 -1.514001369 -0.001298988 -0.002063940 0.999997020 62.138557434
0.999998271 0.001410089 0.001198818 0.835136950 -0.001412585 0.999996781 0.002082659 -1.524895549 -0.001195877 -0.002084349 0.999997139 62.637767792
0.999998331 0.001022358 0.001487686 0.845853806 -0.001025014 0.999997854 0.001785993 -1.536043167 -0.001485857 -0.001787516 0.999997377 63.187240601
0.999997914 0.001029937 0.001723091 0.855815768 -0.001033047 0.999997795 0.001806170 -1.549850464 -0.001721227 -0.001807946 0.999996901 63.715953827
0.999997437 0.001362804 0.001776288 0.856896341 -0.001366246 0.999997199 0.001937523 -1.561321378 -0.001773642 -0.001939945 0.999996543 64.197731018
0.999997199 0.001335696 0.001949525 0.862984896 -0.001338795 0.999997854 0.001589671 -1.570972443 -0.001947397 -0.001592277 0.999996841 64.749298096
0.999994040 0.002222988 0.002623283 0.875354767 -0.002225713 0.999996960 0.001035969 -1.585446835 -0.002620972 -0.001041802 0.999996066 65.288360596
0.999996901 0.001395387 0.002042543 0.881462395 -0.001399329 0.999997139 0.001928894 -1.601976395 -0.002039845 -0.001931746 0.999996066 65.789779663
0.999996543 0.001474236 0.002202492 0.891874075 -0.001478360 0.999997139 0.001872146 -1.617620945 -0.002199726 -0.001875395 0.999995828 66.329978943
0.999990463 0.002405448 0.003633105 0.890824080 -0.002412293 0.999995232 0.001881004 -1.635432601 -0.003628562 -0.001889751 0.999991655 66.878036499
0.999994695 0.002114825 0.002446022 0.891629159 -0.002118679 0.999996543 0.001573566 -1.634831071 -0.002442685 -0.001578740 0.999995708 67.392555237
0.999991596 0.002977070 0.002796477 0.904589891 -0.002980639 0.999994755 0.001272678 -1.648523450 -0.002792674 -0.001281003 0.999995291 67.944648743
0.999987900 0.003077750 0.003837395 0.915089905 -0.003082699 0.999994457 0.001284619 -1.666216135 -0.003833420 -0.001296434 0.999991834 68.494232178
0.999996245 0.001390314 0.002356872 0.924269259 -0.001394262 0.999997556 0.001674301 -1.676152468 -0.002354538 -0.001677581 0.999995828 68.973793030
0.999995708 0.001630007 0.002402427 0.934887528 -0.001633600 0.999997497 0.001494042 -1.690477014 -0.002399986 -0.001497960 0.999996006 69.518760681
0.999994457 0.001464557 0.002977705 0.945228159 -0.001468938 0.999997854 0.001469580 -1.702143073 -0.002975546 -0.001473946 0.999994516 70.073921204
0.999991834 0.002854362 0.002868625 0.946146488 -0.002857950 0.999995112 0.001246382 -1.712922812 -0.002865053 -0.001254570 0.999995112 70.598114014
0.999988556 0.003380551 0.003385653 0.956375062 -0.003386247 0.999992907 0.001677779 -1.727165461 -0.003379957 -0.001689225 0.999992847 71.151260376
0.999987662 0.003613726 0.003403410 0.965274990 -0.003619590 0.999991953 0.001718555 -1.742349267 -0.003397172 -0.001730853 0.999992728 71.708206177
0.999992132 0.002720079 0.002871750 0.983165860 -0.002724171 0.999995291 0.001421945 -1.751220822 -0.002867869 -0.001429757 0.999994814 72.214714050
0.999990404 0.003354742 0.002819757 0.995149136 -0.003360114 0.999992609 0.001902579 -1.760974646 -0.002813353 -0.001912035 0.999994218 72.771232605
0.999985754 0.003981003 0.003537930 1.000850558 -0.003986716 0.999990761 0.001609217 -1.771908760 -0.003531491 -0.001623299 0.999992430 73.317916870
0.999991119 0.002724291 0.003203293 1.015703797 -0.002727996 0.999995589 0.001152622 -1.786237955 -0.003200138 -0.001161351 0.999994218 73.830589294
0.999988079 0.003664789 0.003233045 1.025035024 -0.003669290 0.999992251 0.001387346 -1.801452279 -0.003227936 -0.001399193 0.999993861 74.367897034
0.999989212 0.003270920 0.003305899 1.037140965 -0.003274693 0.999993980 0.001136246 -1.818931103 -0.003302162 -0.001147059 0.999993861 74.926689148
0.999986529 0.003647082 0.003687456 1.044925451 -0.003649233 0.999993205 0.000576892 -1.829038024 -0.003685326 -0.000590341 0.999993026 75.473381042
0.999989092 0.003167268 0.003424723 1.049591303 -0.003171174 0.999994278 0.001135947 -1.847378135 -0.003421106 -0.001146795 0.999993443 76.004035950
0.999990821 0.002751848 0.003271653 1.064529300 -0.002754889 0.999995768 0.000925260 -1.862399220 -0.003269093 -0.000934265 0.999994218 76.554763794
0.999988317 0.003309728 0.003494123 1.078482747 -0.003312436 0.999994159 0.000769504 -1.872109413 -0.003491556 -0.000781069 0.999993563 77.103828430
0.999989450 0.003000301 0.003481269 1.091446400 -0.003002927 0.999995172 0.000750196 -1.885865450 -0.003479002 -0.000760642 0.999993682 77.643722534
0.999989986 0.002984073 0.003351797 1.109742045 -0.002986433 0.999995291 0.000699655 -1.904070139 -0.003349694 -0.000709658 0.999994099 78.184951782
0.999982476 0.003417470 0.004833477 1.116408825 -0.003420763 0.999993920 0.000673153 -1.913114905 -0.004831147 -0.000689676 0.999988079 78.720817566
0.999967694 0.004309186 0.006784789 1.122333050 -0.004311366 0.999990642 0.000306515 -1.927714705 -0.006783404 -0.000335757 0.999976933 79.274757385
0.999969065 0.002905537 0.007310757 1.141268969 -0.002907701 0.999995708 0.000285629 -1.939721704 -0.007309896 -0.000306878 0.999973238 79.816299438
0.999952197 0.003484832 0.009138234 1.149427056 -0.003482178 0.999993920 -0.000306253 -1.951910973 -0.009139244 0.000274418 0.999958217 80.371208191
0.999921799 0.003895559 0.011884965 1.170040250 -0.003896702 0.999992430 0.000073104 -1.964599967 -0.011884592 -0.000119410 0.999929368 80.913925171
0.999873877 0.003168999 0.015561330 1.190977693 -0.003175230 0.999994934 0.000375865 -1.982371449 -0.015560060 -0.000425228 0.999878883 81.451744080
0.999816239 0.003478791 0.018850157 1.210751176 -0.003484401 0.999993861 0.000264672 -1.990119100 -0.018849123 -0.000330304 0.999822199 81.985961914
0.999722183 0.003955662 0.023235533 1.236969709 -0.003967782 0.999992013 0.000475515 -2.003710508 -0.023233466 -0.000567577 0.999729872 82.540397644
0.999560118 0.003676153 0.029428028 1.267550230 -0.003698896 0.999992967 0.000718467 -2.023629904 -0.029425178 -0.000827002 0.999566674 83.083206177
0.999372005 0.003625570 0.035246134 1.291254759 -0.003612069 0.999993384 -0.000446746 -2.022996902 -0.035247520 0.000319154 0.999378502 83.631942749
0.999123871 0.003680013 0.041687291 1.325937986 -0.003663891 0.999993205 -0.000463138 -2.038134336 -0.041688718 0.000309994 0.999130547 84.178703308
0.998742223 0.003919376 0.049986072 1.365849972 -0.003897084 0.999992251 -0.000543466 -2.056801796 -0.049987815 0.000347982 0.998749793 84.735466003
0.998318255 0.003410742 0.057872754 1.417801857 -0.003376432 0.999994040 -0.000690670 -2.059220791 -0.057874784 0.000494105 0.998323679 85.288673401
0.997865498 0.002891366 0.065239429 1.468582153 -0.002899569 0.999995828 0.000031052 -2.074047089 -0.065239064 -0.000220152 0.997869611 85.846626282
0.997179210 0.003403398 0.074980631 1.524557590 -0.003403401 0.999994099 -0.000127737 -2.090278149 -0.074980631 -0.000127813 0.997185051 86.378799438
0.996431172 0.002816373 0.084361628 1.598868370 -0.002721736 0.999995470 -0.001236778 -2.098706484 -0.084364727 0.001002754 0.996434450 86.929016113
0.995679498 0.002918347 0.092810735 1.657577991 -0.002847843 0.999995470 -0.000892088 -2.111773968 -0.092812926 0.000623924 0.995683372 87.475486755
0.994946361 0.003258754 0.100355461 1.729563713 -0.003151343 0.999994218 -0.001228821 -2.123820305 -0.100358911 0.000906356 0.994950891 88.022804260
0.993879974 0.002957251 0.110425800 1.806447983 -0.002815132 0.999994934 -0.001442885 -2.145431042 -0.110429533 0.001123191 0.993883312 88.541107178
0.992656589 0.003290816 0.120921113 1.888117790 -0.003175528 0.999994278 -0.001146084 -2.151524782 -0.120924190 0.000753679 0.992661476 89.143424988
0.991446316 0.001918985 0.130500823 1.979042053 -0.001739790 0.999997377 -0.001487113 -2.164457798 -0.130503327 0.001247348 0.991447151 89.693191528
0.989827931 0.002745063 0.142243385 2.072860718 -0.002636250 0.999996126 -0.000953432 -2.186105013 -0.142245471 0.000568745 0.989831209 90.216201782
0.987959206 0.003180399 0.154681802 2.163338661 -0.003112264 0.999994934 -0.000682649 -2.204997540 -0.154683188 0.000193019 0.987964094 90.745536804
0.986172080 0.002739677 0.165702134 2.273979187 -0.002682666 0.999996245 -0.000567868 -2.219874382 -0.165703058 0.000115492 0.986175656 91.283843994
0.984345078 0.002417528 0.176235333 2.390352249 -0.002288810 0.999997020 -0.000933642 -2.229371309 -0.176237062 0.000515657 0.984347582 91.820022583
0.981928170 0.002478064 0.189237580 2.500472069 -0.002321658 0.999996722 -0.001048181 -2.240460873 -0.189239547 0.000589894 0.981930792 92.348358154
0.979494929 0.002065850 0.201458305 2.633720398 -0.001821526 0.999997377 -0.001398154 -2.251610041 -0.201460630 0.001002524 0.979496181 92.873893738
0.977419853 0.001520005 0.211300954 2.766296387 -0.001345909 0.999998629 -0.000967746 -2.266607285 -0.211302146 0.000661503 0.977420568 93.422569275
0.974437892 0.001874379 0.224649072 2.912191391 -0.001743858 0.999998212 -0.000779418 -2.287320137 -0.224650115 0.000367739 0.974439442 93.953170776
0.971399367 0.000861368 0.237449825 3.067266464 -0.000572562 0.999999046 -0.001285244 -2.298052788 -0.237450719 0.001112530 0.971398890 94.466369629
0.968531191 0.001335241 0.248888731 3.211938858 -0.001044054 0.999998569 -0.001301943 -2.302109480 -0.248890132 0.001001119 0.968531191 95.010910034
0.965490162 0.001445917 0.260435849 3.373783112 -0.001148414 0.999998510 -0.001294486 -2.315887690 -0.260437340 0.000950725 0.965490282 95.544296265
0.961789966 0.001418052 0.273784637 3.540012360 -0.001261635 0.999998987 -0.000747384 -2.333945274 -0.273785442 0.000373410 0.961790681 96.054199219
0.958188295 0.000635516 0.286137462 3.695392609 -0.000242831 0.999998927 -0.001407841 -2.335722446 -0.286138058 0.001279494 0.958187461 96.568046570
0.954725564 0.000352951 0.297487795 3.881591797 0.000021467 0.999999225 -0.001255331 -2.352533817 -0.297487974 0.001204883 0.954724789 97.084648132
0.950044990 0.000872912 0.312111318 4.068883896 -0.000731029 0.999999583 -0.000571595 -2.374787569 -0.312111706 0.000314879 0.950045407 97.577484131
0.945494831 0.000097431 0.325637132 4.264038086 0.000176243 0.999999642 -0.000810930 -2.384082079 -0.325637102 0.000824122 0.945494413 98.098144531
0.941615403 0.000099394 0.336690605 4.471870422 0.000315997 0.999999285 -0.001178951 -2.396673203 -0.336690426 0.001216511 0.941614568 98.605850220
0.936718822 0.000526411 0.350082546 4.687162399 -0.000397213 0.999999821 -0.000440852 -2.419193983 -0.350082636 0.000273897 0.936718822 99.122833252
0.931207478 -0.000789505 0.364488751 4.881319046 0.001143675 0.999999046 -0.000755837 -2.426176310 -0.364487827 0.001120698 0.931207478 99.600578308
0.926402569 -0.001839765 0.376530349 5.114931107 0.002382217 0.999996722 -0.000975040 -2.439548016 -0.376527280 0.001800257 0.926403761 100.100837708
0.921287715 -0.001965788 0.388876736 5.343429565 0.002434073 0.999996781 -0.000711532 -2.456726551 -0.388874114 0.001602080 0.921289563 100.608398438
0.915474415 -0.001666536 0.402373016 5.569549561 0.002117377 0.999997556 -0.000675670 -2.461036444 -0.402370900 0.001470534 0.915475547 101.091354370
0.909571409 -0.001143954 0.415546179 5.819763184 0.001481979 0.999998808 -0.000490951 -2.478988886 -0.415545136 0.001062386 0.909571886 101.579582214
0.904614151 -0.001868305 0.426227301 6.065883636 0.002264550 0.999997377 -0.000422882 -2.494763851 -0.426225364 0.001347757 0.904616058 102.048583984
0.898789048 -0.002526406 0.438374013 6.343593597 0.003162094 0.999994755 -0.000720077 -2.506736517 -0.438369900 0.002033377 0.898792326 102.564086914
0.891745389 -0.002063152 0.452532649 6.581928253 0.002864448 0.999995291 -0.001085481 -2.503961086 -0.452528268 0.002264229 0.891747177 103.066734314
0.885697365 -0.002510662 0.464256287 6.858543396 0.003756167 0.999991417 -0.001758053 -2.514593840 -0.464247853 0.003300927 0.885699093 103.543205261
0.879920304 -0.002271568 0.475115925 7.153842926 0.003362305 0.999993265 -0.001445977 -2.530029535 -0.475109488 0.002869829 0.879922032 104.045829773
0.872061491 -0.002597236 0.489389449 7.401351929 0.003397440 0.999993920 -0.000746964 -2.546479702 -0.489384472 0.002314070 0.872065067 104.475669861
0.864731014 -0.003079545 0.502225935 7.693191528 0.003897080 0.999992132 -0.000578235 -2.562748671 -0.502220154 0.002457232 0.864736319 104.933593750
