1.000000000 0.000000000 0.000000000 0.000000000 0.000000000 1.000000000 0.000000000 0.000000000 0.000000000 0.000000000 1.000000000 0.000000000
1.000000000 -0.000060935 -0.000197772 0.003579126 0.000060958 1.000000000 0.000115463 -0.003035243 0.000197765 -0.000115475 1.000000000 -0.001694834
1.000000000 0.000063829 0.000080269 -0.001383368 -0.000063835 1.000000000 0.000069365 -0.002785731 -0.000080264 -0.000069370 1.000000000 -0.001233166
1.000000000 -0.000122865 -0.000178293 0.007079123 0.000122894 1.000000000 0.000157746 -0.003566399 0.000178274 -0.000157768 1.000000000 -0.003984004
1.000000000 -0.000045983 -0.000092786 0.002139527 0.000045986 1.000000000 0.000037854 -0.000088847 0.000092784 -0.000037858 1.000000000 0.001352565
1.000000000 -0.000069809 0.000053672 0.000045837 0.000069810 1.000000000 -0.000034189 -0.001163993 -0.000053670 0.000034193 1.000000000 -0.000792385
1.000000000 -0.000109245 -0.000121588 0.004538372 0.000109262 1.000000000 0.000140429 -0.002910325 0.000121573 -0.000140442 1.000000000 -0.006504509
1.000000000 -0.000137432 -0.000076582 -0.000924693 0.000137433 1.000000000 0.000017698 0.000565154 0.000076580 -0.000017709 1.000000000 0.001229904
1.000000000 0.000015526 -0.000094985 0.002554526 -0.000015517 1.000000000 0.000086749 -0.003143899 0.000094986 -0.000086748 1.000000000 -0.008793157
1.000000000 0.000006967 0.000013926 0.001125770 -0.000006968 1.000000000 0.000090926 -0.001890676 -0.000013926 -0.000090926 1.000000000 -0.006185340
1.000000000 0.000116249 0.000103898 -0.001621093 -0.000116250 1.000000000 0.000013866 -0.001274452 -0.000103897 -0.000013878 1.000000000 -0.004444406
1.000000000 -0.000144651 -0.000020352 -0.000188320 0.000144653 1.000000000 0.000091484 -0.003901354 0.000020338 -0.000091487 1.000000000 -0.009553120
1.000000000 -0.000080040 0.000030944 0.000067138 0.000080038 1.000000000 0.000054005 -0.001834069 -0.000030948 -0.000054003 1.000000000 -0.006683827
1.000000000 -0.000045788 -0.000010927 0.001150302 0.000045789 1.000000000 0.000089360 -0.001948282 0.000010923 -0.000089360 1.000000000 -0.007063860
1.000000000 -0.000189253 -0.000069498 0.000522051 0.000189265 0.999999940 0.000162340 -0.001426139 0.000069467 -0.000162353 1.000000000 -0.008375062
0.999999940 -0.000278663 -0.000075219 -0.001261205 0.000278670 0.999999940 0.000086021 -0.002330799 0.000075195 -0.000086042 1.000000000 -0.008722891
1.000000000 -0.000237513 0.000005976 0.000433815 0.000237512 0.999999940 0.000088345 -0.001520818 -0.000005997 -0.000088343 1.000000000 -0.009028065
1.000000000 0.000021523 0.000006943 0.002424848 -0.000021524 1.000000000 0.000186128 -0.004203076 -0.000006939 -0.000186129 1.000000000 -0.012845066
0.999999940 -0.000255562 -0.000074662 0.002269043 0.000255570 0.999999940 0.000098811 -0.003534357 0.000074637 -0.000098830 1.000000000 -0.008825061
0.999999940 -0.000310154 -0.000112584 0.005956430 0.000310174 0.999999940 0.000178918 -0.005579284 0.000112528 -0.000178953 1.000000000 -0.019924022
1.000000000 -0.000083790 -0.000059396 0.005533467 0.000083806 0.999999940 0.000277267 -0.006384934 0.000059373 -0.000277272 0.999999940 -0.018707016
1.000000000 0.000052262 0.000023960 -0.000085759 -0.000052265 1.000000000 0.000112083 -0.001524327 -0.000023954 -0.000112084 1.000000000 -0.007300365
0.999999940 -0.000249764 -0.000165475 0.004685634 0.000249784 0.999999940 0.000124347 -0.003419393 0.000165444 -0.000124388 1.000000000 -0.012217971
0.999999940 -0.000254818 -0.000101995 0.001552439 0.000254840 0.999999940 0.000220933 -0.003965967 0.000101939 -0.000220959 1.000000000 -0.007656601
1.000000000 -0.000021886 -0.000097380 0.005831314 0.000021908 1.000000000 0.000224765 -0.003619449 0.000097375 -0.000224767 0.999999940 -0.016286572
1.000000000 -0.000073754 -0.000043137 0.000799764 0.000073763 1.000000000 0.000210358 -0.003277897 0.000043121 -0.000210361 1.000000000 -0.013735482
1.000000000 -0.000141925 -0.000006328 -0.001566080 0.000141926 1.000000000 0.000164424 -0.004643054 0.000006304 -0.000164424 1.000000000 -0.012913639
1.000000000 -0.000050869 0.000000313 -0.001220337 0.000050869 1.000000000 0.000190782 -0.003217048 -0.000000323 -0.000190782 1.000000000 -0.009623189
0.999999940 -0.000228938 -0.000122862 -0.000424554 0.000228956 0.999999940 0.000146701 -0.000544282 0.000122828 -0.000146730 1.000000000 -0.007415215
1.000000000 -0.000128996 -0.000096861 0.001266634 0.000129014 1.000000000 0.000186957 -0.002268505 0.000096837 -0.000186970 1.000000000 -0.008150502
1.000000000 -0.000195913 -0.000020526 -0.001043755 0.000195916 1.000000000 0.000139752 -0.001145103 0.000020499 -0.000139756 1.000000000 -0.001986418
0.999999940 -0.000285154 -0.000114440 -0.002527049 0.000285183 0.999999940 0.000257088 -0.003582260 0.000114366 -0.000257121 0.999999940 -0.010963056
0.999999940 -0.000278401 -0.000149055 0.002379008 0.000278446 0.999999940 0.000304249 -0.003852946 0.000148970 -0.000304290 0.999999940 -0.014394864
1.000000000 -0.000020965 -0.000065821 -0.000572216 0.000020972 1.000000000 0.000096336 -0.001419532 0.000065819 -0.000096338 1.000000000 -0.006969442
1.000000000 -0.000176775 -0.000081420 -0.000882939 0.000176782 1.000000000 0.000091021 -0.001116143 0.000081404 -0.000091035 1.000000000 -0.007835064
0.999999940 -0.000240223 -0.000082414 -0.002630279 0.000240223 1.000000000 0.000010138 -0.000655429 0.000082411 -0.000010158 1.000000000 -0.011235542
0.999999940 -0.000275741 -0.000192202 0.004403267 0.000275764 0.999999940 0.000123286 -0.001756929 0.000192168 -0.000123339 1.000000000 -0.012900389
1.000000000 -0.000223883 -0.000037510 0.000105652 0.000223886 1.000000000 0.000079529 0.000011049 0.000037493 -0.000079537 1.000000000 -0.007423819
1.000000000 -0.000050538 -0.000067011 -0.000763266 0.000050559 0.999999940 0.000313786 -0.003237159 0.000066996 -0.000313789 0.999999940 -0.012132924
0.999999940 -0.000245208 -0.000228256 0.004918665 0.000245249 0.999999940 0.000179354 -0.005337541 0.000228212 -0.000179410 0.999999940 -0.006569275
1.000000000 -0.000092734 -0.000179057 0.008142126 0.000092657 0.999999881 -0.000430853 -0.008681421 0.000179097 0.000430836 0.999999881 0.041549865
1.000000000 -0.000067503 -0.000202526 0.008595915 0.000067259 0.999999285 -0.001204833 -0.004770225 0.000202607 0.001204819 0.999999225 0.144617096
1.000000000 -0.000094485 -0.000005225 0.003101650 0.000094478 0.999999166 -0.001304362 -0.011200809 0.000005348 0.001304361 0.999999166 0.263187349
0.999999940 -0.000367729 0.000087548 0.003860930 0.000367829 0.999999285 -0.001149097 -0.016110642 -0.000087126 0.001149129 0.999999344 0.384837419
1.000000000 0.000151302 -0.000052897 0.006625679 -0.000151357 0.999999464 -0.001045471 -0.021624504 0.000052739 0.001045479 0.999999464 0.530679345
1.000000000 0.000111806 0.000139818 0.011941335 -0.000111645 0.999999344 -0.001152719 -0.026529245 -0.000139947 0.001152703 0.999999344 0.687281251
1.000000000 -0.000035846 0.000145442 0.033020262 0.000035950 0.999999762 -0.000709184 -0.038133997 -0.000145416 0.000709190 0.999999762 0.854901493
0.999999940 -0.000110234 0.000324134 0.017812377 0.000110439 0.999999821 -0.000633095 -0.037654731 -0.000324064 0.000633131 0.999999762 1.022915840
0.999999881 0.000153841 0.000487243 0.015546377 -0.000153481 0.999999702 -0.000740418 -0.033963669 -0.000487356 0.000740343 0.999999583 1.190565348
0.999999940 -0.000293309 0.000017191 0.042508636 0.000293318 0.999999821 -0.000530452 -0.050690442 -0.000017035 0.000530457 0.999999881 1.413441062
0.999999881 0.000341268 0.000424727 0.030558910 -0.000341048 0.999999821 -0.000518270 -0.061530307 -0.000424904 0.000518125 0.999999762 1.604477048
0.999998569 -0.000387655 0.001611001 0.011133336 0.000383768 0.999997020 0.002412382 -0.108787894 -0.001611931 -0.002411761 0.999995768 1.695415378
0.999998212 -0.001134330 0.001484588 0.023367796 0.001130240 0.999995589 0.002753037 -0.116715863 -0.001487704 -0.002751355 0.999995112 1.894344091
0.999998093 -0.000511662 0.001874428 0.022264669 0.000506681 0.999996305 0.002656508 -0.122779846 -0.001875780 -0.002655553 0.999994636 2.115855932
0.999998450 -0.000611001 0.001629779 0.031591643 0.000606233 0.999995530 0.002924490 -0.128076091 -0.001631558 -0.002923498 0.999994338 2.332629919
0.999998271 -0.000033783 0.001855031 0.024760434 0.000028327 0.999995649 0.002941398 -0.134257600 -0.001855122 -0.002941340 0.999993980 2.563563585
0.999996722 0.000272347 0.002532502 0.024727268 -0.000280165 0.999995232 0.003087338 -0.143276110 -0.002531649 -0.003088038 0.999991953 2.796076059
0.999997437 -0.000041979 0.002228936 0.035556652 0.000034087 0.999993742 0.003540225 -0.158771783 -0.002229071 -0.003540141 0.999991238 3.031458616
0.999996543 0.000424272 0.002595655 0.032363061 -0.000432952 0.999994397 0.003344441 -0.160544410 -0.002594221 -0.003345553 0.999991059 3.294420481
0.999996126 0.000253718 0.002768985 0.036912177 -0.000263968 0.999993086 0.003702027 -0.170571834 -0.002768026 -0.003702744 0.999989271 3.521986246
0.999996901 0.000532838 0.002418017 0.055411439 -0.000541203 0.999993861 0.003460028 -0.171422616 -0.002416158 -0.003461326 0.999991119 3.778651476
0.999997377 -0.000386403 0.002249103 0.065728262 0.000378392 0.999993503 0.003561389 -0.191108629 -0.002250464 -0.003560528 0.999991119 4.062752247
0.999996781 0.000449600 0.002491931 0.065046184 -0.000459686 0.999991715 0.004048446 -0.200813904 -0.002490090 -0.004049579 0.999988735 4.315834999
0.999997139 0.000170095 0.002364828 0.070626050 -0.000180025 0.999991119 0.004199412 -0.211716309 -0.002364093 -0.004199825 0.999988437 4.569911957
0.999997735 -0.000141978 0.002149947 0.084719270 0.000133156 0.999991596 0.004103162 -0.214924619 -0.002150511 -0.004102867 0.999989212 4.840993881
0.999998391 -0.000822297 0.001608989 0.097970501 0.000815609 0.999991059 0.004153289 -0.226206675 -0.001612390 -0.004151970 0.999990106 5.119120121
0.999998450 -0.001160866 0.001301602 0.105993919 0.001155127 0.999989688 0.004400671 -0.239291117 -0.001306697 -0.004399161 0.999989510 5.384012699
0.999998271 -0.000637612 0.001746051 0.102727257 0.000630456 0.999991477 0.004095820 -0.241338462 -0.001748648 -0.004094713 0.999990046 5.652915955
0.999998212 -0.000239125 0.001914674 0.099750929 0.000230784 0.999990523 0.004355063 -0.255082518 -0.001915697 -0.004354613 0.999988735 5.921420097
0.999998450 -0.001067998 0.001414810 0.135111660 0.001061748 0.999989748 0.004410701 -0.257233083 -0.001419506 -0.004409192 0.999989271 6.191608429
0.999997258 -0.002203099 0.000830991 0.151093885 0.002199435 0.999988019 0.004385173 -0.259890050 -0.000840642 -0.004383333 0.999990046 6.503414631
0.999997616 -0.001442413 0.001612237 0.106029242 0.001434587 0.999987245 0.004844722 -0.300237000 -0.001619205 -0.004842398 0.999986947 6.958010674
0.999997199 -0.001819781 0.001552926 0.120700173 0.001812074 0.999986112 0.004950548 -0.304293066 -0.001561913 -0.004947720 0.999986529 7.257736683
0.999997139 -0.001633266 0.001755973 0.127470523 0.001624407 0.999985993 0.005034940 -0.316899985 -0.001764172 -0.005032073 0.999985814 7.540497780
0.999996305 -0.001806588 0.002060669 0.129694924 0.001795592 0.999984264 0.005325289 -0.328979194 -0.002070257 -0.005321569 0.999983728 7.864352226
0.999997437 -0.000780987 0.002127719 0.136842936 0.000769535 0.999985278 0.005378094 -0.332738400 -0.002131888 -0.005376443 0.999983251 8.185672760
0.999997199 -0.001330950 0.001958828 0.100630254 0.001320353 0.999984562 0.005401130 -0.360854954 -0.001965986 -0.005398528 0.999983490 8.720258713
0.999997139 -0.001405579 0.001918084 0.114101633 0.001395555 0.999985456 0.005217105 -0.366554499 -0.001925390 -0.005214414 0.999984503 9.050483704
0.999997139 -0.001417704 0.001890988 0.113063075 0.001408644 0.999987602 0.004783653 -0.371205091 -0.001897746 -0.004780976 0.999986768 9.387495995
0.999997377 -0.001632857 0.001587354 0.136771321 0.001624729 0.999985635 0.005108312 -0.382567376 -0.001595672 -0.005105720 0.999985695 9.738973618
0.999997020 -0.001802492 0.001656258 0.148650095 0.001793953 0.999985278 0.005142603 -0.386274755 -0.001665503 -0.005139617 0.999985397 10.069541931
0.999997079 -0.001242271 0.002073545 0.149019003 0.001230075 0.999982059 0.005872726 -0.399365693 -0.002080804 -0.005870158 0.999980569 10.406133652
0.999996603 -0.001801590 0.001837170 0.113919608 0.001790096 0.999978960 0.006238519 -0.448209047 -0.001848370 -0.006235210 0.999978781 11.000084877
0.999996483 -0.001988553 0.001751619 0.123040423 0.001977309 0.999977529 0.006397456 -0.455521405 -0.001764302 -0.006393970 0.999978006 11.362771034
0.999996424 -0.002068744 0.001722509 0.128305525 0.002058194 0.999979317 0.006104212 -0.460520059 -0.001735101 -0.006100645 0.999979913 11.741727829
0.999993920 -0.002992586 0.001783091 0.141963691 0.002980383 0.999972343 0.006807467 -0.471319199 -0.001803414 -0.006802112 0.999975264 12.137453079
0.999996066 -0.002176684 0.001765732 0.168276340 0.002165606 0.999978185 0.006251602 -0.472747743 -0.001779301 -0.006247754 0.999978900 12.515373230
0.999995589 -0.002575028 0.001492932 0.182891130 0.002565028 0.999974608 0.006661465 -0.479258657 -0.001510048 -0.006657607 0.999976695 12.912229538
0.999993742 -0.003382856 0.001005701 0.163791984 0.003376124 0.999972403 0.006621190 -0.529457986 -0.001028072 -0.006617754 0.999977589 13.546779633
0.999991834 -0.003923908 0.000856844 0.177155271 0.003917994 0.999969125 0.006798872 -0.534635067 -0.000883495 -0.006795460 0.999976516 13.957317352
0.999992788 -0.003773495 0.000450449 0.192108154 0.003770340 0.999969721 0.006812134 -0.547693491 -0.000476141 -0.006810387 0.999976695 14.348461151
0.999995172 -0.002909723 0.001190575 0.201734111 0.002901534 0.999972641 0.006823593 -0.550948739 -0.001210397 -0.006820105 0.999975979 14.786015511
0.999995589 -0.002621339 0.001411970 0.204273954 0.002610808 0.999969184 0.007409147 -0.568724096 -0.001431348 -0.007405428 0.999971628 15.219507217
0.999991000 -0.003958916 0.001514581 0.222211957 0.003947158 0.999962687 0.007688728 -0.604319572 -0.001544964 -0.007682680 0.999969363 15.691266060
0.999988914 -0.004569132 0.001141611 0.216175407 0.004559183 0.999952793 0.008570740 -0.664924264 -0.001180718 -0.008565439 0.999962628 16.260540009
0.999985456 -0.005231461 0.001296228 0.231308192 0.005219971 0.999948263 0.008714180 -0.674822688 -0.001341749 -0.008707289 0.999961138 16.700410843
0.999988735 -0.003995760 0.002567664 0.231614918 0.003972351 0.999951124 0.009057982 -0.688818812 -0.002603732 -0.009047681 0.999955714 17.148136139
0.999989986 -0.003962582 0.002109913 0.251836956 0.003943073 0.999950051 0.009171832 -0.695869446 -0.002146152 -0.009163419 0.999955773 17.588653564
0.999989510 -0.004059450 0.002127888 0.253353298 0.004040553 0.999952912 0.008811130 -0.698535264 -0.002163557 -0.008802440 0.999958932 18.032056808
0.999986231 -0.004643448 0.002426222 0.273327380 0.004622054 0.999951005 0.008750467 -0.717933357 -0.002466735 -0.008739132 0.999958813 18.452224731
0.999991655 -0.003491935 0.002106745 0.295624018 0.003471916 0.999949515 0.009432135 -0.715914905 -0.002139574 -0.009424742 0.999953330 18.918134689
0.999983013 -0.005417456 0.002162038 0.278921634 0.005396787 0.999940753 0.009454320 -0.769121110 -0.002213128 -0.009442491 0.999952972 19.606454849
0.999976277 -0.006463483 0.002376120 0.297478795 0.006439778 0.999930739 0.009851965 -0.777011216 -0.002439633 -0.009836430 0.999948621 20.078472137
0.999981284 -0.005786035 0.002000747 0.312471122 0.005766305 0.999936044 0.009730546 -0.786559820 -0.002056920 -0.009718828 0.999950647 20.547096252
0.999983788 -0.005249963 0.002193583 0.338137060 0.005228393 0.999939024 0.009726030 -0.789039552 -0.002244510 -0.009714403 0.999950290 21.032789230
0.999986589 -0.003980836 0.003321566 0.319385529 0.003948654 0.999945700 0.009639684 -0.815889776 -0.003359760 -0.009626438 0.999948025 21.533046722
0.999988139 -0.003282896 0.003583643 0.323201567 0.003244685 0.999938369 0.010616739 -0.836354673 -0.003618276 -0.010604987 0.999937177 22.010749817
0.999979973 -0.005165047 0.003660779 0.297286570 0.005128393 0.999937296 0.009952287 -0.838203192 -0.003711953 -0.009933313 0.999943793 22.582063675
0.999982059 -0.005071612 0.003196303 0.306730807 0.005040276 0.999939919 0.009736416 -0.841381907 -0.003245490 -0.009720129 0.999947548 23.084659576
0.999981105 -0.005248623 0.003205503 0.314629614 0.005218457 0.999942780 0.009347392 -0.848419368 -0.003254380 -0.009330488 0.999951243 23.613477707
0.999981225 -0.005394311 0.002920590 0.308004856 0.005363644 0.999931395 0.010408315 -0.880180717 -0.002976535 -0.010392454 0.999941587 24.125970840
0.999970436 -0.007572378 0.001335661 0.334183812 0.007558151 0.999917865 0.010352567 -0.882020950 -0.001413944 -0.010342166 0.999945521 24.627836227
0.999971032 -0.007604977 0.000403751 0.349079967 0.007600401 0.999917805 0.010329484 -0.890554011 -0.000482273 -0.010326115 0.999946594 25.167724609
0.999984086 -0.005532687 0.001119599 0.343590170 0.005521184 0.999934494 0.010028969 -0.897362530 -0.001175012 -0.010022627 0.999949098 25.720432281
0.999988377 -0.004798891 0.000422988 0.337656289 0.004794634 0.999942958 0.009545187 -0.910334110 -0.000468771 -0.009543048 0.999954402 26.247520447
0.999980450 -0.006140160 -0.001169743 0.350814462 0.006151716 0.999929607 0.010145829 -0.914897323 0.001107363 -0.010152828 0.999947786 26.740007401
0.999974728 -0.006871940 -0.001828367 0.357567519 0.006889591 0.999927998 0.009829407 -0.917805552 0.001760688 -0.009841755 0.999949992 27.282684326
0.999976337 -0.006515753 -0.002211452 0.362671673 0.006537591 0.999928474 0.010016144 -0.927837014 0.002146031 -0.010030364 0.999947429 27.813100815
0.999970078 -0.007338507 -0.002430849 0.386823386 0.007364810 0.999912441 0.010994392 -0.940524399 0.002349953 -0.011011967 0.999936581 28.363517761
0.999967217 -0.007590216 -0.002818485 0.394972861 0.007620371 0.999912143 0.010846986 -0.952290416 0.002735907 -0.010868108 0.999937177 28.906442642
0.999976218 -0.006225987 -0.002973120 0.399796218 0.006258626 0.999918759 0.011097652 -0.969756484 0.002903785 -0.011115994 0.999933958 29.474626541
0.999970138 -0.006888285 -0.003483834 0.404524267 0.006925766 0.999917030 0.010863541 -0.970832169 0.003408713 -0.010887344 0.999934912 30.011646271
0.999957502 -0.007835376 -0.004860713 0.472322255 0.007892347 0.999899030 0.011814187 -1.001848936 0.004767654 -0.011852046 0.999918461 30.600740433
0.999960542 -0.007374993 -0.004951117 0.470542490 0.007431523 0.999906301 0.011498375 -1.006658316 0.004865853 -0.011534717 0.999921560 30.986280441
0.999962389 -0.006957658 -0.005187936 0.481588274 0.007014384 0.999914885 0.010997326 -1.004719257 0.005110978 -0.011033304 0.999926031 31.540054321
0.999964178 -0.006558613 -0.005355759 0.500488341 0.006613945 0.999924242 0.010379690 -1.029308081 0.005287277 -0.010414740 0.999931812 32.078784943
0.999965549 -0.006368222 -0.005329120 0.487552524 0.006429270 0.999912977 0.011517942 -1.045715094 0.005255308 -0.011551807 0.999919474 32.500328064
0.999968410 -0.006007611 -0.005213086 0.497884691 0.006066858 0.999916375 0.011424700 -1.058027625 0.005144014 -0.011455964 0.999921143 33.037994385
0.999969661 -0.005812067 -0.005199124 0.509669363 0.005871518 0.999916732 0.011493756 -1.072307110 0.005131888 -0.011523933 0.999920428 33.607879639
0.999969542 -0.005627408 -0.005410231 0.509277821 0.005688288 0.999919951 0.011304160 -1.042057514 0.005346185 -0.011334588 0.999921501 34.139080048
0.999978602 -0.003807545 -0.005329513 0.518165350 0.003865853 0.999932349 0.010973377 -1.059925795 0.005287370 -0.010993743 0.999925613 34.718971252
0.999957025 -0.007005063 -0.006065552 0.491535306 0.007082806 0.999891758 0.012891798 -1.120126486 0.005974588 -0.012934207 0.999898493 35.127258301
0.999961317 -0.006426090 -0.006005641 0.504377067 0.006504380 0.999892890 0.013108646 -1.138445616 0.005920761 -0.013147203 0.999896049 35.664657593
0.999949813 -0.007632704 -0.006500895 0.497604191 0.007717757 0.999883592 0.013160266 -1.138855696 0.006399691 -0.013209776 0.999892294 36.170906067
0.999949038 -0.007673118 -0.006561796 0.504830658 0.007764279 0.999872088 0.013981956 -1.168395042 0.006453672 -0.014032193 0.999880672 36.705619812
0.999948740 -0.007649250 -0.006626633 0.497910917 0.007740585 0.999873817 0.013868740 -1.181760073 0.006519711 -0.013919322 0.999881864 37.263942719
0.999958873 -0.006242891 -0.006572335 0.505638480 0.006326233 0.999898851 0.012737300 -1.162240982 0.006492152 -0.012778357 0.999897301 37.834247589
0.999961078 -0.006358298 -0.006122907 0.493612349 0.006437086 0.999895573 0.012935063 -1.174234867 0.006040024 -0.012973974 0.999897599 38.288784027
0.999952734 -0.007433685 -0.006254551 0.499621928 0.007517713 0.999880314 0.013520185 -1.194074154 0.006153299 -0.013566567 0.999889016 38.913509369
0.999948978 -0.007446380 -0.006829126 0.513508439 0.007544187 0.999867678 0.014409920 -1.229843378 0.006720920 -0.014460704 0.999872863 39.362117767
0.999948919 -0.007280213 -0.007018918 0.515394688 0.007379294 0.999872029 0.014195292 -1.238103867 0.006914674 -0.014246361 0.999874651 39.913608551
0.999939084 -0.007649350 -0.007956051 0.542004347 0.007758487 0.999875009 0.013778261 -1.232753515 0.007849662 -0.013839148 0.999873459 40.446029663
0.999943912 -0.007315482 -0.007662681 0.540967643 0.007420158 0.999878347 0.013722350 -1.231187820 0.007561363 -0.013778439 0.999876499 41.046329498
0.999937475 -0.007798301 -0.008020082 0.556733370 0.007909287 0.999872208 0.013901263 -1.252304554 0.007910649 -0.013963829 0.999871194 41.603752136
0.999930918 -0.008431162 -0.008194195 0.562487483 0.008542744 0.999869943 0.013678877 -1.260955811 0.008077802 -0.013747932 0.999872863 42.133934021
0.999943018 -0.007417937 -0.007666117 0.554141760 0.007520870 0.999880791 0.013486598 -1.261189580 0.007565160 -0.013543488 0.999879658 42.727939606
0.999925256 -0.008899801 -0.008385841 0.577661812 0.009023390 0.999849558 0.014817026 -1.315649986 0.008252710 -0.014891587 0.999855042 43.279750824
0.999935567 -0.008033737 -0.008020789 0.575809479 0.008143791 0.999871850 0.013783975 -1.280373573 0.007909024 -0.013848405 0.999872863 43.894859314
0.999929845 -0.008369740 -0.008384898 0.560523331 0.008495104 0.999850988 0.015028737 -1.315404177 0.008257860 -0.015098912 0.999851882 44.152236938
0.999932528 -0.008077274 -0.008348010 0.559262156 0.008206591 0.999845028 0.015574360 -1.324767351 0.008220918 -0.015641818 0.999843895 44.686016083
0.999929190 -0.008262858 -0.008567097 0.573439121 0.008386678 0.999859452 0.014519358 -1.319682240 0.008445920 -0.014590179 0.999857843 45.254489899
0.999928474 -0.008483193 -0.008428427 0.578446388 0.008607305 0.999853492 0.014800027 -1.326237679 0.008301643 -0.014871514 0.999854922 45.791786194
0.999933720 -0.007759427 -0.008503643 0.614197016 0.007878246 0.999870598 0.014029448 -1.304639101 0.008393683 -0.014095511 0.999865353 46.364570618
0.999937534 -0.007494051 -0.008293561 0.586124182 0.007613831 0.999865770 0.014506523 -1.352708340 0.008183734 -0.014568766 0.999860406 46.800296783
0.999937236 -0.007501757 -0.008326090 0.597542763 0.007623903 0.999862373 0.014736753 -1.362760544 0.008214391 -0.014799306 0.999856770 47.343864441
0.999946177 -0.006308301 -0.008238409 0.594146609 0.006428679 0.999871671 0.014667883 -1.378618240 0.008144821 -0.014720054 0.999858499 47.895538330
0.999947846 -0.006863423 -0.007559708 0.566155672 0.006979765 0.999855936 0.015472481 -1.383196354 0.007452426 -0.015524440 0.999851704 48.409305573
0.999942064 -0.006440684 -0.008628935 0.624281347 0.006570226 0.999864876 0.015069093 -1.390515804 0.008530713 -0.015124913 0.999849200 48.962928772
0.999933839 -0.007210169 -0.008959243 0.652451873 0.007339471 0.999868095 0.014484170 -1.395237923 0.008853630 -0.014548970 0.999854982 49.591003418
0.999938130 -0.007413432 -0.008286431 0.576322615 0.007536534 0.999860227 0.014924687 -1.415457726 0.008174632 -0.014986215 0.999854207 49.931301117
0.999938250 -0.007497806 -0.008206266 0.585937738 0.007616889 0.999864757 0.014577487 -1.418861270 0.008095859 -0.014639092 0.999859989 50.485164642
0.999919057 -0.008968539 -0.009018276 0.599695563 0.009096462 0.999857128 0.014245288 -1.423591137 0.008889230 -0.014326172 0.999857783 51.042671204
0.999937892 -0.007274994 -0.008438212 0.606979966 0.007390208 0.999878824 0.013704173 -1.413266897 0.008337492 -0.013765683 0.999870420 51.623630524
0.999929667 -0.007581734 -0.009117502 0.642971516 0.007705719 0.999877274 0.013641238 -1.400526285 0.009012959 -0.013710539 0.999865353 52.131275177
0.999930322 -0.007451593 -0.009152989 0.616859078 0.007594999 0.999847353 0.015734306 -1.455035448 0.009034346 -0.015802726 0.999834299 52.509578705
0.999945045 -0.006027397 -0.008570480 0.619382262 0.006152516 0.999873757 0.014648207 -1.457450747 0.008481108 -0.014700135 0.999855936 53.056442261
0.999932051 -0.007283943 -0.009101703 0.654215872 0.007404268 0.999884665 0.013257030 -1.429974318 0.009004089 -0.013323522 0.999870658 53.588005066
0.999922931 -0.007949588 -0.009533612 0.644430757 0.008090557 0.999857128 0.014840124 -1.477109194 0.009414277 -0.014916112 0.999844432 54.094875336
0.999937594 -0.007274057 -0.008481835 0.585451901 0.007406939 0.999848783 0.015742049 -1.497582197 0.008366045 -0.015803892 0.999840081 54.515842438
0.999933541 -0.007693298 -0.008589618 0.586839080 0.007826972 0.999847114 0.015638679 -1.504476309 0.008467991 -0.015704870 0.999840796 55.068626404
0.999938130 -0.007065015 -0.008596976 0.599259615 0.007185729 0.999874890 0.014092458 -1.495108724 0.008496336 -0.014153361 0.999863684 55.621238708
0.999920845 -0.008529417 -0.009246222 0.629350543 0.008660809 0.999860764 0.014264770 -1.483774662 0.009123263 -0.014343722 0.999855459 56.164569855
0.999932647 -0.007546251 -0.008821599 0.628444910 0.007675159 0.999862909 0.014671562 -1.493317842 0.008709674 -0.014738281 0.999853373 56.684024811
0.999920249 -0.008340936 -0.009491079 0.683137119 0.008470918 0.999869764 0.013738356 -1.496619582 0.009375251 -0.013817655 0.999860525 57.269824982
0.999925733 -0.008207664 -0.009009588 0.619700015 0.008345071 0.999847770 0.015321182 -1.514338732 0.008882463 -0.015395230 0.999842048 57.491722107
0.999933362 -0.007863804 -0.008447620 0.624390483 0.007988162 0.999858677 0.014789626 -1.524877906 0.008330123 -0.014856121 0.999854982 58.053409576
0.999929190 -0.008323818 -0.008507185 0.641702473 0.008448450 0.999855816 0.014720630 -1.524177790 0.008383427 -0.014791460 0.999855459 58.613372803
0.999931455 -0.007867971 -0.008666243 0.640306830 0.007996121 0.999857664 0.014853431 -1.529305816 0.008548145 -0.014921711 0.999852121 59.191223145
0.999924123 -0.008563013 -0.008856016 0.623569310 0.008694887 0.999850273 0.014961338 -1.536859751 0.008726577 -0.015037204 0.999848843 59.600093842
0.999921620 -0.008736344 -0.008967154 0.624156475 0.008876305 0.999837518 0.015688736 -1.561170697 0.008828634 -0.015767103 0.999836743 59.993167877
0.999905050 -0.009776466 -0.009710307 0.642278790 0.009933524 0.999818444 0.016260032 -1.572839618 0.009549579 -0.016354948 0.999820709 60.567676544
0.999910295 -0.009848756 -0.009070349 0.635857046 0.009983618 0.999838412 0.014945403 -1.570168376 0.008921691 -0.015034619 0.999847233 61.078922272
0.999915123 -0.008872304 -0.009541307 0.687125742 0.009020710 0.999837220 0.015625186 -1.590735435 0.009401123 -0.015709931 0.999832392 61.556499481
0.999909520 -0.009078512 -0.009929229 0.691567361 0.009231931 0.999836922 0.015516059 -1.590319037 0.009786746 -0.015606320 0.999830365 62.116935730
0.999910712 -0.009261647 -0.009623648 0.677705467 0.009417149 0.999823689 0.016240597 -1.609362841 0.009471536 -0.016329775 0.999821782 62.499740601
0.999912798 -0.009429089 -0.009234521 0.678817153 0.009575482 0.999827087 0.015938811 -1.611485720 0.009082636 -0.016025851 0.999830246 63.027233124
0.999912381 -0.009523278 -0.009192559 0.673386991 0.009669458 0.999825358 0.015990617 -1.623431325 0.009038670 -0.016078101 0.999829888 63.580490112
0.999921024 -0.008836472 -0.008939416 0.674961984 0.008974918 0.999838531 0.015567246 -1.624157906 0.008800414 -0.015646247 0.999838829 64.166732788
0.999895155 -0.009961809 -0.010503542 0.748613894 0.010134704 0.999811947 0.016538048 -1.622299075 0.010336814 -0.016642768 0.999808073 64.609161377
0.999900818 -0.009831907 -0.010082643 0.729751170 0.009998034 0.999812841 0.016560486 -1.653020144 0.009917935 -0.016659649 0.999811947 65.069526672
0.999896765 -0.010445283 -0.009866678 0.741408169 0.010610970 0.999801040 0.016892111 -1.662481904 0.009688272 -0.016995063 0.999808550 65.610954285
0.999907434 -0.009857832 -0.009377765 0.749436557 0.010018120 0.999801874 0.017201563 -1.671110153 0.009206337 -0.017293917 0.999808013 66.156906128
0.999898553 -0.010344826 -0.009786333 0.753986478 0.010513393 0.999794543 0.017333169 -1.690892339 0.009605014 -0.017434301 0.999801755 66.668319702
0.999892592 -0.010111488 -0.010609258 0.795351326 0.010288193 0.999807000 0.016735459 -1.670008540 0.010437989 -0.016842814 0.999803662 67.071807861
0.999886572 -0.010156967 -0.011123369 0.806843758 0.010340197 0.999809682 0.016540812 -1.674326777 0.010953250 -0.016653955 0.999801278 67.621261597
0.999874473 -0.011292306 -0.011116281 0.829448700 0.011472471 0.999801576 0.016279181 -1.671470284 0.010930248 -0.016404668 0.999805689 68.153663635
0.999888957 -0.010411371 -0.010664792 0.828374684 0.010580739 0.999816775 0.015949702 -1.671866775 0.010496779 -0.016060773 0.999816000 68.729988098
0.999895096 -0.009889317 -0.010579042 0.810531557 0.010059819 0.999818385 0.016187090 -1.686613202 0.010417044 -0.016291816 0.999813020 69.146492004
0.999890506 -0.009732543 -0.011151824 0.821784258 0.009909078 0.999824703 0.015885716 -1.690246344 0.010995262 -0.015994480 0.999811590 69.709541321
0.999889076 -0.010278774 -0.010786768 0.837733150 0.010445002 0.999825835 0.015468827 -1.686350346 0.010625890 -0.015579776 0.999822199 70.268257141
0.999891102 -0.010226145 -0.010639392 0.870660067 0.010391241 0.999824643 0.015579602 -1.705192208 0.010478206 -0.015688462 0.999822021 70.763046265
0.999878705 -0.011300730 -0.010717330 0.840083480 0.011477165 0.999797165 0.016546488 -1.704861999 0.010528168 -0.016667482 0.999805748 71.210639954
0.999879658 -0.011438292 -0.010476735 0.841456652 0.011598845 0.999814212 0.015394356 -1.705658674 0.010298701 -0.015514024 0.999826550 71.768005371
0.999893785 -0.010087964 -0.010517413 0.849475980 0.010252145 0.999824524 0.015675277 -1.718523860 0.010357435 -0.015781438 0.999821782 72.324417114
0.999888301 -0.010342295 -0.010785732 0.849394798 0.010507249 0.999826968 0.015351029 -1.712475300 0.010625103 -0.015462643 0.999823987 72.880706787
0.999883056 -0.010960464 -0.010666446 0.865009725 0.011135799 0.999801517 0.016519804 -1.731093645 0.010483262 -0.016636651 0.999806643 73.358306885
0.999875963 -0.011412877 -0.010851240 0.874170125 0.011593348 0.999793053 0.016716661 -1.740056753 0.010658209 -0.016840393 0.999801338 73.913093567
0.999876499 -0.011486192 -0.010726992 0.885145485 0.011656577 0.999804676 0.015958561 -1.730446935 0.010541595 -0.016081631 0.999815106 74.431419373
0.999872148 -0.011450754 -0.011163414 0.886991024 0.011633774 0.999796569 0.016469913 -1.745109797 0.010972548 -0.016597677 0.999802053 74.883819580
0.999862969 -0.012360279 -0.011011060 0.893820941 0.012539093 0.999788165 0.016321190 -1.750768423 0.010806994 -0.016457021 0.999806166 75.415306091
0.999848187 -0.013143991 -0.011435279 0.902237535 0.013321827 0.999789298 0.015616809 -1.749934554 0.011227600 -0.015766777 0.999812663 75.963996887
0.999849081 -0.012915320 -0.011613188 0.921933472 0.013096500 0.999791563 0.015662983 -1.756790638 0.011408474 -0.015812710 0.999809921 76.480926514
0.999827325 -0.013990629 -0.012221487 0.936809421 0.014184288 0.999772847 0.015905390 -1.776137471 0.011996184 -0.016075995 0.999798834 76.987533569
0.999868095 -0.011990790 -0.010949777 0.877089620 0.012169347 0.999791622 0.016388701 -1.774151683 0.010750980 -0.016519791 0.999805748 77.537605286
0.999861598 -0.012461479 -0.011022406 0.881903112 0.012639488 0.999788344 0.016230389 -1.774029970 0.010817817 -0.016367458 0.999807537 78.083717346
0.999851763 -0.012919175 -0.011377114 0.887590706 0.013099965 0.999786735 0.015962206 -1.778404951 0.011168469 -0.016108878 0.999807894 78.609497070
0.999851227 -0.013066210 -0.011265852 0.896309674 0.013244740 0.999785423 0.015920877 -1.775955319 0.011055411 -0.016067719 0.999809861 79.146995544
0.999893010 -0.011498444 -0.009027205 0.873364806 0.011646269 0.999796093 0.016497500 -1.783396006 0.008835668 -0.016600871 0.999823153 79.664939880
0.999912560 -0.011140471 -0.007117984 0.870330334 0.011256512 0.999800920 0.016476030 -1.798802018 0.006933015 -0.016554711 0.999838948 80.212532043
0.999903798 -0.012109296 -0.006763707 0.890030146 0.012217207 0.999794960 0.016147375 -1.804831624 0.006566787 -0.016228454 0.999846756 80.792709351
0.999907851 -0.012146783 -0.006061237 0.897749305 0.012247662 0.999782264 0.016893227 -1.802130699 0.005854718 -0.016965905 0.999838948 81.293807983
0.999929547 -0.011491689 -0.002963607 0.914672554 0.011540866 0.999786317 0.017149275 -1.831396103 0.002765900 -0.017182270 0.999848545 81.788467407
0.999930263 -0.011789011 0.000720102 0.932046115 0.011774954 0.999783993 0.017124476 -1.829132199 -0.000921828 -0.017114803 0.999853075 82.334648132
0.999925137 -0.011751952 0.003382615 0.965401173 0.011692933 0.999787629 0.016968830 -1.831920862 -0.003581314 -0.016928010 0.999850273 82.878479004
0.999906838 -0.011720124 0.006990319 0.996936738 0.011604785 0.999799430 0.016318401 -1.821832657 -0.007180171 -0.016235759 0.999842405 83.408981323
0.999857187 -0.010587810 0.013166808 1.012835264 0.010367963 0.999807417 0.016654646 -1.847728133 -0.013340611 -0.016515754 0.999774575 83.947578430
0.999754488 -0.011272408 0.019072415 1.061143279 0.010953449 0.999799788 0.016746132 -1.883200765 -0.019257367 -0.016533114 0.999677956 84.351486206
0.999607503 -0.011679728 0.025461677 1.014789343 0.011269230 0.999805152 0.016206440 -1.823667288 -0.025645999 -0.015913146 0.999544382 84.956398010
0.999345183 -0.011973922 0.034143351 1.050571799 0.011414615 0.999798179 0.016529337 -1.825933099 -0.034334384 -0.016128775 0.999280155 85.514915466
0.999020517 -0.012249662 0.042518903 1.099344015 0.011539290 0.999790370 0.016912628 -1.841099501 -0.042717166 -0.016405426 0.998952508 86.053833008
0.998712480 -0.012859353 0.049071431 1.148984432 0.012054721 0.999788523 0.016658030 -1.836515784 -0.049275272 -0.016045038 0.998656392 86.610679626
0.998216748 -0.012743957 0.058318317 1.197830915 0.011768878 0.999785602 0.017033001 -1.860248566 -0.058522880 -0.016316285 0.998152733 87.224067688
0.997659922 -0.014186702 0.066883564 1.318295002 0.013105164 0.999776661 0.016581574 -1.852812290 -0.067103863 -0.015666250 0.997622967 87.756996155
0.996930003 -0.014216918 0.076996438 1.310114861 0.012945456 0.999771893 0.016987305 -1.884978056 -0.077220380 -0.015938399 0.996886671 88.372444153
0.996325612 -0.013308659 0.084606029 1.340527058 0.011908894 0.999784112 0.017027760 -1.882535934 -0.084814370 -0.015957627 0.996268928 88.758537292
0.995317459 -0.012449609 0.095855229 1.409267426 0.010875547 0.999797583 0.016926222 -1.880897164 -0.096046560 -0.015804486 0.995251358 89.316665649
0.994272649 -0.012091110 0.106187105 1.474239349 0.010323817 0.999799132 0.017177179 -1.879213333 -0.106373474 -0.015982540 0.994197845 89.886756897
0.993307054 -0.012599034 0.114814617 1.563732147 0.010665545 0.999791145 0.017438902 -1.888208270 -0.115010351 -0.016097622 0.993233919 90.444213867
0.991812170 -0.010358861 0.127283961 1.643410683 0.008175782 0.999810576 0.017661761 -1.904696345 -0.127442807 -0.016476503 0.991709054 91.026138306
0.990262270 -0.011704195 0.138722286 1.759568214 0.009192906 0.999782383 0.018729944 -1.922272801 -0.138911307 -0.017272294 0.990154266 91.496917725
0.988808274 -0.013989188 0.148533940 1.815407753 0.011480514 0.999776721 0.017733581 -1.894972086 -0.148748875 -0.015829867 0.988748252 91.970344543
0.987361908 -0.014848497 0.157784060 1.929508209 0.012215769 0.999769747 0.017642420 -1.895915508 -0.158009678 -0.015492002 0.987316012 92.516609192
0.985250175 -0.014954159 0.170465648 2.033341408 0.012119373 0.999770701 0.017658180 -1.904946327 -0.170690641 -0.015331787 0.985205472 93.053100586
0.982997715 -0.014547238 0.183040515 2.150692940 0.011438971 0.999772131 0.018025737 -1.918189049 -0.183261052 -0.015625466 0.982940137 93.575378418
0.981089592 -0.016159367 0.192878574 2.293518066 0.012808748 0.999744952 0.018606078 -1.921735287 -0.193130046 -0.015783697 0.981046200 94.163146973
0.978191853 -0.015772449 0.207103074 2.398693085 0.012231677 0.999756515 0.018366115 -1.905795574 -0.207342297 -0.015432364 0.978146732 94.722229004
0.975282788 -0.016104037 0.220372826 2.544116974 0.012212258 0.999744713 0.019011043 -1.911362886 -0.220622703 -0.015849890 0.975230515 95.243041992
0.972545624 -0.017843051 0.232027143 2.686010361 0.013838976 0.999726117 0.018873345 -1.913999438 -0.232300326 -0.015144170 0.972526193 95.769981384
0.969431400 -0.016640816 0.244797677 2.831138611 0.012355983 0.999742568 0.019028991 -1.914356232 -0.245051324 -0.015422585 0.969387412 96.284736633
0.966046929 -0.017514510 0.257772386 3.038778305 0.012856149 0.999722302 0.019746130 -1.945005536 -0.258046627 -0.015761727 0.966003954 96.805259705
0.962402880 -0.017740684 0.271046162 3.191129684 0.012910786 0.999724746 0.019592315 -1.923923850 -0.271319091 -0.015356278 0.962366879 97.375869751
0.959161699 -0.018215766 0.282270938 3.368633270 0.013309591 0.999725342 0.019288959 -1.925085545 -0.282544792 -0.014744321 0.959140778 98.012023926
0.954965174 -0.017672140 0.296191096 3.552017212 0.012258949 0.999722362 0.020123383 -1.936511397 -0.296464413 -0.015586138 0.954916775 98.548530579
0.950490594 -0.020108230 0.310102224 3.741237640 0.014571849 0.999690473 0.020159818 -1.925669789 -0.310411632 -0.014642953 0.950489402 99.068298340
0.946840465 -0.020354228 0.321059197 3.940292358 0.014716405 0.999692023 0.019977244 -1.939573884 -0.321366966 -0.014190424 0.946848392 99.588737488
0.942379057 -0.020101612 0.333942354 4.175851822 0.014619435 0.999714017 0.018921871 -1.925181389 -0.334227234 -0.012949527 0.942403495 100.157897949
0.937277377 -0.019492719 0.348038733 4.398035049 0.013446435 0.999713838 0.019779710 -1.933557391 -0.348324686 -0.013859197 0.937271476 100.684959412
0.932818234 -0.021292618 0.359717637 4.627477646 0.014955209 0.999680281 0.020391870 -1.942903757 -0.360036850 -0.013642256 0.932838321 101.182502747
0.928416967 -0.022022361 0.370886534 4.851642609 0.015689932 0.999675274 0.020082707 -1.948225021 -0.371208340 -0.012825942 0.928460956 101.681846619
0.922852635 -0.022614997 0.384488434 5.111389160 0.015854536 0.999659181 0.020744136 -1.961701274 -0.384826541 -0.013047896 0.922896743 102.185592651
0.917007625 -0.022326674 0.398244262 5.321136475 0.015297647 0.999666333 0.020819288 -1.955516338 -0.398576200 -0.012999246 0.917043090 102.703285217
0.911871612 -0.020844799 0.409945875 5.619140625 0.013056545 0.999677300 0.021788679 -1.974607944 -0.410267860 -0.014516002 0.911849558 103.318313599
0.906396329 -0.021615827 0.421874881 5.879058838 0.013628935 0.999666452 0.021938723 -1.979250431 -0.422208428 -0.014135474 0.906388521 103.807136536
0.899312258 -0.020481823 0.436827004 6.124729156 0.011977701 0.999681532 0.022213839 -1.976076365 -0.437142879 -0.014744997 0.899271190 104.350837708
0.893717945 -0.021071494 0.448134094 6.394504547 0.012465609 0.999677122 0.022145046 -1.976010323 -0.448456019 -0.014205161 0.893692017 104.825515747
0.888008952 -0.021052549 0.459344029 6.672134399 0.012174037 0.999677658 0.022282010 -1.984597921 -0.459665030 -0.014194553 0.887978971 105.315101624
0.881111920 -0.021179283 0.472433329 7.010383606 0.012046173 0.999677718 0.022349037 -1.993638515 -0.472754300 -0.014000987 0.881083071 105.845108032
0.873988450 -0.021447940 0.485473096 7.299015045 0.011706846 0.999664783 0.023089031 -2.015566587 -0.485805690 -0.014496188 0.873946667 106.345886230
