1.000000000 0.000000000 0.000000000 0.000000000 0.000000000 1.000000000 0.000000000 0.000000000 0.000000000 0.000000000 1.000000000 0.000000000
0.999999940 0.000182891 0.000166307 -0.001282022 -0.000182885 1.000000000 -0.000038067 -0.000504132 -0.000166314 0.000038037 1.000000000 0.000992221
1.000000000 0.000094407 -0.000015287 0.007518955 -0.000094406 1.000000000 0.000037200 -0.000136064 0.000015290 -0.000037198 1.000000000 -0.004347770
1.000000000 -0.000027966 0.000030467 0.001469073 0.000027966 1.000000000 -0.000020181 0.000202926 -0.000030466 0.000020181 1.000000000 0.000083017
1.000000000 0.000121487 0.000181078 -0.002375608 -0.000121471 1.000000000 -0.000089112 0.002214052 -0.000181088 0.000089090 1.000000000 0.001762094
1.000000000 -0.000015490 0.000001856 -0.000286434 0.000015490 1.000000000 0.000032691 0.001681622 -0.000001856 -0.000032691 1.000000000 -0.002080969
1.000000000 0.000058044 0.000119003 -0.004416408 -0.000058042 1.000000000 -0.000021783 0.002797177 -0.000119004 0.000021776 1.000000000 0.000642169
1.000000000 0.000141164 0.000047155 0.000245788 -0.000141163 1.000000000 -0.000021690 -0.000703139 -0.000047158 0.000021683 1.000000000 -0.004427494
1.000000000 0.000098655 0.000082583 0.001219882 -0.000098652 1.000000000 -0.000034947 -0.000236592 -0.000082587 0.000034939 1.000000000 -0.002396198
1.000000000 0.000190923 0.000088862 0.001095022 -0.000190924 1.000000000 0.000016808 0.001789396 -0.000088859 -0.000016825 1.000000000 -0.009307878
1.000000000 -0.000061490 0.000044335 0.000291691 0.000061493 1.000000000 -0.000075014 -0.000624362 -0.000044331 0.000075017 1.000000000 0.001454738
1.000000000 0.000024071 0.000130925 -0.005699572 -0.000024053 1.000000000 -0.000135554 0.001681890 -0.000130929 0.000135550 1.000000000 0.002123803
0.999999940 0.000119155 0.000217524 -0.003703541 -0.000119144 1.000000000 -0.000049742 0.001614413 -0.000217530 0.000049716 1.000000000 0.002285395
1.000000000 -0.000227680 -0.000002899 -0.002085793 0.000227680 0.999999940 0.000142321 0.001119645 0.000002867 -0.000142322 1.000000000 -0.005915492
0.999999940 -0.000309020 -0.000000766 -0.001099561 0.000309020 0.999999940 0.000056905 -0.001198013 0.000000748 -0.000056905 1.000000000 -0.002940428
1.000000000 -0.000122240 0.000090999 -0.000805045 0.000122243 1.000000000 -0.000034462 -0.000970292 -0.000090995 0.000034473 1.000000000 -0.002063051
1.000000000 0.000163760 0.000111174 -0.000798776 -0.000163769 1.000000000 0.000074687 -0.001453518 -0.000111162 -0.000074706 1.000000000 -0.014719083
1.000000000 -0.000169902 0.000017031 -0.000154045 0.000169903 1.000000000 -0.000061278 0.000701727 -0.000017021 0.000061281 1.000000000 -0.003684484
1.000000000 -0.000026343 0.000028873 -0.000392324 0.000026345 1.000000000 -0.000046740 -0.000376229 -0.000028872 0.000046740 1.000000000 -0.010548967
1.000000000 -0.000091047 0.000020759 -0.000257876 0.000091048 1.000000000 -0.000037103 0.000154744 -0.000020755 0.000037105 1.000000000 -0.007240262
1.000000000 0.000055308 0.000194576 -0.003471945 -0.000055305 1.000000000 -0.000015710 -0.001375404 -0.000194577 0.000015699 1.000000000 -0.003565852
1.000000000 -0.000097328 0.000087837 0.000495319 0.000097329 1.000000000 -0.000009313 -0.000621632 -0.000087836 0.000009322 1.000000000 -0.007415281
1.000000000 -0.000183186 0.000043638 -0.000722300 0.000183181 1.000000000 0.000113915 -0.001310679 -0.000043659 -0.000113907 1.000000000 -0.008928604
1.000000000 0.000037067 -0.000048314 0.006061576 -0.000037064 1.000000000 0.000064395 -0.001594354 0.000048317 -0.000064393 1.000000000 -0.013502887
1.000000000 -0.000092008 0.000056926 0.000732171 0.000092005 1.000000000 0.000050429 -0.001268485 -0.000056930 -0.000050424 1.000000000 -0.007498032
1.000000000 0.000151459 0.000181962 -0.005045678 -0.000151450 1.000000000 -0.000053849 0.000073739 -0.000181970 0.000053822 1.000000000 -0.007056400
1.000000000 0.000018539 0.000140311 -0.005868548 -0.000018555 1.000000000 0.000109569 -0.000207857 -0.000140309 -0.000109572 1.000000000 -0.006239203
1.000000000 -0.000235691 0.000015072 -0.005341863 0.000235691 1.000000000 0.000019408 0.002440187 -0.000015076 -0.000019404 1.000000000 -0.008306450
1.000000000 -0.000199663 -0.000040989 0.000081606 0.000199665 1.000000000 0.000053379 -0.001821424 0.000040978 -0.000053387 1.000000000 -0.002727655
1.000000000 -0.000048896 0.000125396 -0.003196258 0.000048898 1.000000000 -0.000018085 0.001562191 -0.000125395 0.000018091 1.000000000 -0.001454992
1.000000000 -0.000166524 0.000121746 -0.003816829 0.000166512 1.000000000 0.000096417 -0.000273647 -0.000121762 -0.000096396 1.000000000 -0.005350957
1.000000000 -0.000197580 -0.000013970 0.000645588 0.000197580 1.000000000 0.000011791 -0.000319414 0.000013968 -0.000011793 1.000000000 -0.006724312
1.000000000 -0.000027354 0.000023127 -0.003317396 0.000027356 1.000000000 -0.000075090 0.000709669 -0.000023125 0.000075090 1.000000000 -0.004283212
1.000000000 0.000028803 0.000000303 -0.000971560 -0.000028803 1.000000000 -0.000151160 0.005596548 -0.000000307 0.000151160 1.000000000 0.000980387
1.000000000 -0.000178373 -0.000024814 -0.003007900 0.000178370 1.000000000 -0.000128986 0.001863753 0.000024837 0.000128982 1.000000000 -0.006809559
0.999999940 -0.000260516 -0.000111318 -0.000769463 0.000260511 0.999999940 -0.000040200 -0.000854915 0.000111328 0.000040171 1.000000000 -0.005611402
1.000000000 -0.000178278 0.000052862 -0.001731033 0.000178275 1.000000000 0.000063536 -0.001121030 -0.000052874 -0.000063527 1.000000000 -0.003078798
1.000000000 0.000054408 0.000054424 -0.002842898 -0.000054414 1.000000000 0.000126166 -0.001846073 -0.000054417 -0.000126169 1.000000000 -0.008316716
0.999999940 -0.000283892 -0.000101905 0.000213130 0.000283898 0.999999940 0.000065514 -0.002939009 0.000101886 -0.000065543 1.000000000 -0.001556606
1.000000000 0.000068653 0.000067351 -0.000009185 -0.000068604 0.999999762 -0.000720171 -0.003689400 -0.000067400 0.000720166 0.999999762 0.049102459
1.000000000 0.000060525 -0.000079178 0.005188767 -0.000060632 0.999999106 -0.001350525 -0.002694774 0.000079096 0.001350530 0.999999106 0.143994004
1.000000000 -0.000048642 -0.000210856 0.008437415 0.000048352 0.999999046 -0.001375377 -0.011350559 0.000210922 0.001375367 0.999999046 0.260296643
1.000000000 -0.000062539 0.000017143 0.004045554 0.000062560 0.999999225 -0.001219335 -0.017535992 -0.000017066 0.001219336 0.999999285 0.383538038
1.000000000 0.000004819 -0.000201161 0.007608053 -0.000005075 0.999999166 -0.001271095 -0.017688323 0.000201155 0.001271096 0.999999166 0.530200660
0.999999940 0.000366085 0.000149629 0.007604990 -0.000365870 0.999998927 -0.001435832 -0.023783838 -0.000150154 0.001435778 0.999998987 0.681214213
1.000000000 -0.000187703 0.000090316 0.025030630 0.000187779 0.999999642 -0.000841565 -0.027336152 -0.000090158 0.000841582 0.999999642 0.864321530
1.000000000 0.000217550 0.000086315 0.017878229 -0.000217484 0.999999702 -0.000754729 -0.030194204 -0.000086479 0.000754710 0.999999702 1.036121011
1.000000000 -0.000111398 0.000209166 0.021573476 0.000111563 0.999999702 -0.000789119 -0.039778829 -0.000209078 0.000789142 0.999999642 1.226668000
0.999999821 -0.000283754 -0.000483980 0.051944599 0.000283415 0.999999702 -0.000699908 -0.045459930 0.000484178 0.000699770 0.999999642 1.443196177
0.999999821 -0.000033003 -0.000571060 0.046220485 0.000032668 0.999999821 -0.000586441 -0.049076855 0.000571079 0.000586422 0.999999642 1.649274349
0.999999702 -0.000803118 0.000100189 0.044205584 0.000803138 0.999999642 -0.000194006 -0.065994993 -0.000100033 0.000194086 1.000000000 1.839337587
0.999997616 -0.002181950 -0.000080235 0.031168574 0.002182045 0.999996841 0.001212662 -0.078628361 0.000077589 -0.001212834 0.999999285 1.881978750
0.999997199 -0.002373264 0.000066302 0.037045479 0.002373195 0.999996662 0.001036213 -0.084837884 -0.000068761 -0.001036053 0.999999523 2.106632710
0.999997437 -0.002247788 -0.000180190 0.047809590 0.002248057 0.999996305 0.001510643 -0.094855629 0.000176793 -0.001511045 0.999998808 2.308285713
0.999997616 -0.002174633 -0.000245070 0.055767663 0.002175018 0.999996364 0.001580280 -0.105644301 0.000241632 -0.001580809 0.999998748 2.530114889
0.999997854 -0.002027582 0.000258097 0.054287236 0.002027126 0.999996364 0.001756902 -0.107495703 -0.000261658 -0.001756375 0.999998450 2.773008347
0.999995708 -0.002774223 -0.000876294 0.073360637 0.002775847 0.999994397 0.001857355 -0.116074070 0.000871136 -0.001859780 0.999997914 2.977850437
0.999995708 -0.002802569 -0.000862210 0.077112176 0.002803991 0.999994695 0.001652227 -0.121986523 0.000857575 -0.001654638 0.999998331 3.224020720
0.999995470 -0.002900057 -0.000827429 0.082976848 0.002901575 0.999994099 0.001839153 -0.130019650 0.000822091 -0.001841545 0.999997973 3.483927011
0.999996305 -0.002501642 -0.001110707 0.102528811 0.002503669 0.999995172 0.001827418 -0.129482016 0.001106130 -0.001830192 0.999997735 3.741456032
0.999993742 -0.003431581 -0.000860413 0.100560442 0.003433326 0.999991953 0.002035254 -0.155978173 0.000853422 -0.002038195 0.999997556 3.944542170
0.999994576 -0.003164980 -0.000868093 0.105482422 0.003167227 0.999991536 0.002599482 -0.164087281 0.000859859 -0.002602217 0.999996245 4.204349995
0.999994278 -0.003279543 -0.000761320 0.111019239 0.003281387 0.999991655 0.002434436 -0.171643302 0.000753330 -0.002436921 0.999996722 4.457249165
0.999994218 -0.003253773 -0.000913205 0.122410238 0.003256092 0.999991357 0.002549315 -0.181202471 0.000904902 -0.002552274 0.999996364 4.718756676
0.999995053 -0.003079473 -0.000665763 0.116047785 0.003081123 0.999992132 0.002491984 -0.188217059 0.000658083 -0.002494023 0.999996662 4.949897289
0.999994218 -0.003358074 -0.000568638 0.112762310 0.003359642 0.999990523 0.002779918 -0.200018182 0.000559297 -0.002781812 0.999996006 5.211099625
0.999997079 -0.002417326 -0.000128235 0.106826417 0.002417643 0.999993801 0.002531653 -0.205488488 0.000122115 -0.002531956 0.999996722 5.451731205
0.999997914 -0.002012132 -0.000301201 0.117259637 0.002012945 0.999994218 0.002726017 -0.220954090 0.000295714 -0.002726618 0.999996245 5.740345955
0.999992907 -0.003706076 -0.000743944 0.141396374 0.003708260 0.999988794 0.002956159 -0.220182270 0.000732980 -0.002958897 0.999995410 6.011191845
0.999993503 -0.003532148 -0.000793651 0.142586142 0.003534595 0.999988854 0.003103640 -0.231427312 0.000782680 -0.003106425 0.999994814 6.302028656
0.999997854 -0.002084281 0.000031997 0.133072168 0.002084170 0.999992907 0.003146567 -0.258650005 -0.000038555 -0.003146494 0.999995053 6.564548969
0.999997854 -0.002083171 -0.000040059 0.146213591 0.002083285 0.999993086 0.003094395 -0.260907173 0.000033612 -0.003094471 0.999995232 6.865066528
0.999997795 -0.002124953 -0.000114354 0.150952682 0.002125293 0.999993086 0.003058184 -0.272642612 0.000107855 -0.003058420 0.999995351 7.158010006
0.999997556 -0.002222718 -0.000061940 0.160348162 0.002222902 0.999992609 0.003153677 -0.287183315 0.000054930 -0.003153807 0.999995053 7.468277454
0.999998093 -0.001975007 -0.000008337 0.175334498 0.001975024 0.999991894 0.003510172 -0.296664298 0.000001404 -0.003510181 0.999993861 7.770936012
0.999998152 -0.001899432 0.000424749 0.158777386 0.001898070 0.999993086 0.003185143 -0.295301318 -0.000430797 -0.003184330 0.999994874 8.093221664
0.999996245 -0.002688354 0.000333390 0.150845274 0.002687153 0.999990106 0.003549056 -0.316493213 -0.000342927 -0.003548147 0.999993622 8.376629829
0.999997437 -0.002066822 0.000823465 0.149848402 0.002063870 0.999991536 0.003568698 -0.324872553 -0.000830834 -0.003566990 0.999993265 8.714095116
0.999997079 -0.002250970 0.000921882 0.160362810 0.002247325 0.999989688 0.003936721 -0.338805497 -0.000930733 -0.003934637 0.999991775 9.043407440
0.999993324 -0.003590048 0.000646273 0.178849772 0.003587266 0.999984503 0.004255417 -0.345414847 -0.000661541 -0.004253071 0.999990702 9.392390251
0.999996722 -0.002343978 0.001104319 0.180350140 0.002339375 0.999988675 0.004151633 -0.348479331 -0.001114038 -0.004149035 0.999990761 9.739343643
0.999996424 -0.002371113 0.001256242 0.195805252 0.002365708 0.999987960 0.004286497 -0.358380079 -0.001266391 -0.004283511 0.999989927 10.066222191
0.999995291 -0.002952997 0.000833142 0.213494375 0.002949423 0.999986649 0.004258510 -0.358565807 -0.000845706 -0.004256032 0.999990582 10.495730400
0.999995887 -0.002739886 0.000839819 0.238327831 0.002736444 0.999987960 0.004073200 -0.356317908 -0.000850969 -0.004070885 0.999991357 10.863560677
0.999993980 -0.003462013 -0.000176359 0.203710079 0.003462828 0.999982238 0.004851627 -0.423192382 0.000159559 -0.004852208 0.999988198 11.156744003
0.999991179 -0.004161503 -0.000400713 0.217359245 0.004163323 0.999980509 0.004653069 -0.425497532 0.000381341 -0.004654697 0.999989033 11.549426079
0.999990046 -0.004442955 -0.000539976 0.225662783 0.004445632 0.999977350 0.005061136 -0.437110245 0.000517478 -0.005063486 0.999987066 11.921400070
0.999995649 -0.002936786 0.000326820 0.219566122 0.002935232 0.999984860 0.004657803 -0.445862621 -0.000340494 -0.004656823 0.999989092 12.301285744
0.999991834 -0.004031794 -0.000294033 0.248056039 0.004033283 0.999978125 0.005256999 -0.452961564 0.000272832 -0.005258142 0.999986172 12.713228226
0.999990702 -0.004303001 -0.000365466 0.249379486 0.004304887 0.999976516 0.005327816 -0.480234057 0.000342531 -0.005329340 0.999985695 13.074664116
0.999994397 -0.003261254 0.000671378 0.248259544 0.003257742 0.999981344 0.005165866 -0.491085112 -0.000688213 -0.005163650 0.999986470 13.488469124
0.999995053 -0.003081135 0.000519913 0.257374972 0.003077832 0.999975801 0.006238078 -0.499813139 -0.000539121 -0.006236447 0.999980390 13.918979645
0.999987364 -0.005036201 0.000089922 0.283697546 0.005035521 0.999966741 0.006413409 -0.528401971 -0.000122218 -0.006412874 0.999979496 14.335618019
0.999990880 -0.004197379 0.000867964 0.278937548 0.004191383 0.999968052 0.006798084 -0.545344114 -0.000896470 -0.006794384 0.999976516 14.705391884
0.999988258 -0.004673661 0.001253066 0.304053903 0.004665408 0.999967873 0.006509898 -0.552873075 -0.001283451 -0.006503975 0.999978006 15.219964027
0.999990463 -0.003979827 0.001845267 0.316658765 0.003965616 0.999962866 0.007641995 -0.611992300 -0.001875613 -0.007634605 0.999969125 15.640089989
0.999989510 -0.004440355 0.001143779 0.341183275 0.004431688 0.999962270 0.007471626 -0.617384136 -0.001176912 -0.007466479 0.999971449 16.056852341
0.999989688 -0.004330198 0.001404972 0.351770818 0.004320208 0.999965966 0.007037415 -0.622035742 -0.001435397 -0.007031273 0.999974251 16.514770508
0.999990642 -0.003766369 0.002141552 0.361780912 0.003750958 0.999967396 0.007155086 -0.628943682 -0.002168431 -0.007146988 0.999972105 16.983222961
0.999992371 -0.003013555 0.002475153 0.366699696 0.002995400 0.999968827 0.007306291 -0.643675864 -0.002497094 -0.007298823 0.999970198 17.431364059
0.999983251 -0.005432831 0.002001955 0.394110233 0.005416852 0.999954104 0.007902605 -0.640101910 -0.002044797 -0.007891628 0.999966800 17.914747238
0.999984145 -0.004913199 0.002783658 0.395798504 0.004891926 0.999959171 0.007597887 -0.655047238 -0.002820874 -0.007584149 0.999967277 18.407823563
0.999984801 -0.005053297 0.002185365 0.436538309 0.005034751 0.999951959 0.008409800 -0.669019043 -0.002227758 -0.008398670 0.999962211 18.831287384
0.999985635 -0.004649268 0.002678929 0.413269609 0.004626305 0.999953091 0.008514971 -0.678808331 -0.002718391 -0.008502454 0.999960184 19.280601501
0.999984801 -0.004961489 0.002386241 0.451131880 0.004938589 0.999942601 0.009508358 -0.785181403 -0.002433279 -0.009496433 0.999951899 19.677553177
0.999984264 -0.005260210 0.001957568 0.455399156 0.005242352 0.999945641 0.009017983 -0.792722702 -0.002004897 -0.009007579 0.999957442 20.178422928
0.999985337 -0.004907914 0.002299791 0.456951946 0.004885174 0.999940157 0.009791571 -0.808186710 -0.002347710 -0.009780193 0.999949396 20.693325043
0.999985397 -0.005189452 0.001556962 0.483172566 0.005174214 0.999940217 0.009636539 -0.831836164 -0.001606878 -0.009628342 0.999952376 21.212903976
0.999988019 -0.004455073 0.002048359 0.454656780 0.004435442 0.999945104 0.009491099 -0.834206223 -0.002090530 -0.009481899 0.999952793 21.702640533
0.999993265 -0.003193363 0.001800380 0.495316833 0.003174989 0.999943793 0.010117837 -0.860982060 -0.001832589 -0.010112051 0.999947131 22.206867218
0.999984741 -0.005332427 0.001434252 0.404129118 0.005317490 0.999933541 0.010224442 -0.903084338 -0.001488678 -0.010216659 0.999946713 22.898883820
0.999989212 -0.004542904 0.000960820 0.407075077 0.004532732 0.999936223 0.010336951 -0.919637918 -0.001007718 -0.010332485 0.999946117 23.430215836
0.999990702 -0.004098888 0.001331689 0.402915388 0.004086133 0.999947131 0.009442839 -0.923832119 -0.001370324 -0.009437310 0.999954581 23.982767105
0.999995470 -0.002976926 0.000538764 0.415422231 0.002971387 0.999945581 0.010004645 -0.932056904 -0.000568518 -0.010003000 0.999949813 24.552721024
0.999997973 -0.001966204 0.000284207 0.434660435 0.001963180 0.999945283 0.010274165 -0.936307430 -0.000304392 -0.010273588 0.999947131 25.160802841
0.999982476 -0.005558589 -0.002017387 0.396369755 0.005580419 0.999924064 0.010981834 -1.021016955 0.001956190 -0.010992899 0.999937654 25.776988983
0.999977767 -0.006132416 -0.002623446 0.407271475 0.006161252 0.999919057 0.011128422 -1.031254768 0.002554990 -0.011144338 0.999934673 26.330883026
0.999959707 -0.008075682 -0.003902051 0.428560257 0.008121165 0.999897599 0.011784469 -1.033411384 0.003806484 -0.011815685 0.999922931 26.899606705
0.999976039 -0.006145127 -0.003202751 0.399265736 0.006182661 0.999910772 0.011844096 -1.069731355 0.003129682 -0.011863614 0.999924719 27.477916718
0.999976039 -0.005824294 -0.003731681 0.404519916 0.005869079 0.999909461 0.012104976 -1.091682196 0.003660840 -0.012126587 0.999919832 28.090023041
0.999985158 -0.004689319 -0.002768782 0.370735794 0.004725148 0.999903321 0.013079048 -1.145915270 0.002707182 -0.013091936 0.999910593 28.617998123
0.999981761 -0.004811327 -0.003641006 0.380519897 0.004859170 0.999900401 0.013247305 -1.160829544 0.003576906 -0.013264753 0.999905646 29.173635483
0.999977708 -0.005430669 -0.003891937 0.383357614 0.005482879 0.999893308 0.013532174 -1.176300883 0.003818033 -0.013553210 0.999900818 29.752122879
0.999975860 -0.005092054 -0.004732854 0.410877764 0.005145809 0.999921560 0.011415837 -1.147989750 0.004674354 -0.011439915 0.999923646 30.305099487
0.999955297 -0.007564457 -0.005678152 0.467661798 0.007637777 0.999886334 0.013004088 -1.168395281 0.005579137 -0.013046874 0.999899328 30.888757706
0.999963939 -0.006470454 -0.005491826 0.429187119 0.006540730 0.999895692 0.012876746 -1.150619745 0.005407935 -0.012912204 0.999901950 31.369489670
0.999967873 -0.005743762 -0.005593649 0.438726038 0.005818178 0.999893546 0.013379758 -1.167923450 0.005516204 -0.013411872 0.999894798 31.908739090
0.999963343 -0.006315453 -0.005786186 0.462136447 0.006388898 0.999898136 0.012763957 -1.178269506 0.005704985 -0.012800455 0.999901772 32.480792999
0.999963820 -0.006433512 -0.005567006 0.442587137 0.006503464 0.999898970 0.012639961 -1.158837795 0.005485123 -0.012675708 0.999904633 33.035820007
0.999970913 -0.004879426 -0.005863530 0.459472597 0.004954704 0.999904573 0.012893117 -1.182919264 0.005800059 -0.012921793 0.999899685 33.623062134
0.999958158 -0.006447505 -0.006493126 0.488072634 0.006530596 0.999896049 0.012858020 -1.203619242 0.006409549 -0.012899887 0.999896288 34.159877777
0.999948204 -0.007661942 -0.006697783 0.457045227 0.007765490 0.999848545 0.015573381 -1.331293225 0.006577447 -0.015624584 0.999856293 34.718334198
0.999946475 -0.007869313 -0.006713833 0.455149859 0.007976785 0.999837935 0.016133662 -1.344826579 0.006585784 -0.016186353 0.999847353 35.225933075
0.999937892 -0.008139572 -0.007611969 0.473784357 0.008253904 0.999851763 0.015111118 -1.344393015 0.007487843 -0.015173008 0.999856770 35.762733459
0.999956906 -0.005941888 -0.007132310 0.466679186 0.006047728 0.999870479 0.014910803 -1.359893560 0.007042788 -0.014953295 0.999863327 36.331943512
0.999962628 -0.005857403 -0.006358763 0.429053247 0.005948485 0.999878645 0.014400516 -1.368034482 0.006273640 -0.014437805 0.999876022 36.944931030
0.999959409 -0.006091193 -0.006636035 0.448506415 0.006194717 0.999857664 0.015692985 -1.384094000 0.006539501 -0.015733456 0.999854803 37.464733124
0.999940574 -0.007875423 -0.007529179 0.450068951 0.007995767 0.999838591 0.016089626 -1.396139622 0.007401252 -0.016148871 0.999842167 37.995540619
0.999947250 -0.006940969 -0.007566302 0.460568100 0.007057834 0.999854505 0.015529895 -1.398429155 0.007457409 -0.015582479 0.999850690 38.536388397
0.999935687 -0.008619873 -0.007375217 0.448884547 0.008737903 0.999831796 0.016123893 -1.420783043 0.007234991 -0.016187299 0.999842763 39.063083649
0.999939978 -0.007701459 -0.007790414 0.462820023 0.007825269 0.999841511 0.015989063 -1.416978240 0.007666041 -0.016049065 0.999841750 39.594871521
0.999944508 -0.007120821 -0.007776081 0.455764621 0.007245325 0.999844015 0.016102152 -1.423650026 0.007660208 -0.016157599 0.999840081 40.112777710
0.999935925 -0.008442364 -0.007546708 0.458311468 0.008564853 0.999829710 0.016348608 -1.418285251 0.007407402 -0.016412199 0.999837875 40.668979645
0.999932110 -0.008658553 -0.007802954 0.475922763 0.008793547 0.999809384 0.017435299 -1.467156887 0.007650501 -0.017502729 0.999817491 41.220874786
0.999951720 -0.006663609 -0.007217108 0.485194117 0.006778575 0.999848604 0.016024217 -1.437333226 0.007109237 -0.016072365 0.999845505 41.754779816
0.999937654 -0.007968368 -0.007824306 0.498603880 0.008094859 0.999834836 0.016269969 -1.448089600 0.007693369 -0.016332291 0.999836981 42.308910370
0.999939084 -0.007200054 -0.008369826 0.513110995 0.007337476 0.999836802 0.016505638 -1.456997156 0.008249617 -0.016566044 0.999828756 42.845973969
0.999938369 -0.007122496 -0.008521653 0.504568756 0.007254398 0.999852717 0.015548964 -1.451729298 0.008409651 -0.015609828 0.999842763 43.411228180
0.999946952 -0.007013438 -0.007547039 0.492357612 0.007136685 0.999839485 0.016429406 -1.474715590 0.007430601 -0.016482398 0.999836504 43.964370728
0.999953806 -0.006107720 -0.007417853 0.515792727 0.006226548 0.999850869 0.016103061 -1.475469589 0.007318395 -0.016148504 0.999842763 44.551235199
0.999931633 -0.008563001 -0.007952710 0.481011808 0.008697513 0.999817014 0.017036432 -1.515326023 0.007805372 -0.017104439 0.999823153 45.042385101
0.999937356 -0.007845347 -0.007972422 0.487766564 0.007980098 0.999823451 0.017013431 -1.519369602 0.007837538 -0.017075991 0.999823391 45.598823547
0.999931514 -0.008565930 -0.007971302 0.489259213 0.008705681 0.999805987 0.017665576 -1.529755116 0.007818433 -0.017733760 0.999812126 46.111198425
0.999934554 -0.008189088 -0.007986882 0.494248271 0.008326039 0.999816179 0.017267233 -1.535721064 0.007844011 -0.017332600 0.999818921 46.635997772
0.999938667 -0.008083424 -0.007561405 0.474039912 0.008207285 0.999830186 0.016495692 -1.533579350 0.007426779 -0.016556736 0.999835312 47.242450714
0.999935985 -0.008160179 -0.007832462 0.505591750 0.008295925 0.999813139 0.017458146 -1.581081152 0.007688537 -0.017522005 0.999816775 47.788009644
0.999961078 -0.005320298 -0.007037928 0.512806058 0.005448946 0.999816000 0.018388065 -1.608166456 0.006938804 -0.018425701 0.999806166 48.192054749
0.999957919 -0.005757486 -0.007145819 0.525994420 0.005884971 0.999821484 0.017949685 -1.616632223 0.007041198 -0.017990984 0.999813437 48.724067688
0.999963880 -0.005386744 -0.006572598 0.522938490 0.005502781 0.999826968 0.017766234 -1.621125817 0.006475759 -0.017801760 0.999820650 49.276107788
0.999962687 -0.005193396 -0.006897163 0.537048817 0.005316516 0.999824643 0.017954266 -1.617958307 0.006802711 -0.017990263 0.999815047 49.840167999
0.999959409 -0.005875787 -0.006829641 0.531052589 0.005997016 0.999822378 0.017867677 -1.632058859 0.006723442 -0.017907908 0.999817014 50.410953522
0.999967813 -0.004762141 -0.006459853 0.514560282 0.004874052 0.999836326 0.017420433 -1.633592129 0.006375838 -0.017451357 0.999827445 50.949867249
0.999954700 -0.005659615 -0.007651715 0.551189065 0.005799516 0.999814093 0.018386833 -1.645135403 0.007546229 -0.018430375 0.999801815 51.354919434
0.999953687 -0.005438031 -0.007940825 0.555614591 0.005584873 0.999811590 0.018588362 -1.651043653 0.007838245 -0.018631849 0.999795794 51.907039642
0.999953449 -0.006068684 -0.007503610 0.557230830 0.006205341 0.999812782 0.018325012 -1.656141758 0.007390997 -0.018370723 0.999803960 52.446109772
0.999947727 -0.006504068 -0.007884121 0.576445103 0.006643815 0.999818981 0.017830513 -1.648730278 0.007766721 -0.017881965 0.999809980 53.013683319
0.999953032 -0.006120215 -0.007531313 0.546632051 0.006261400 0.999802351 0.018867847 -1.688272715 0.007414352 -0.018914115 0.999793649 53.426017761
0.999959886 -0.005750306 -0.006878471 0.558508635 0.005883505 0.999792397 0.019503685 -1.692805409 0.006764892 -0.019543368 0.999786139 53.968635559
0.999953508 -0.006001335 -0.007541956 0.548907995 0.006141161 0.999807060 0.018655377 -1.691942334 0.007428544 -0.018700829 0.999797523 54.497123718
0.999947309 -0.006305654 -0.008095512 0.593713880 0.006453196 0.999811113 0.018330351 -1.698657990 0.007978399 -0.018381625 0.999799192 55.058841705
0.999957204 -0.005269476 -0.007599757 0.585072875 0.005408272 0.999816775 0.018359784 -1.689901114 0.007501617 -0.018400103 0.999802530 55.576759338
0.999955297 -0.006162127 -0.007171533 0.540751994 0.006302037 0.999786913 0.019652769 -1.729453325 0.007048902 -0.019697087 0.999781251 55.956348419
0.999958158 -0.006004377 -0.006909357 0.549817264 0.006137076 0.999793947 0.019347521 -1.738667369 0.006791764 -0.019389115 0.999788940 56.510562897
0.999957681 -0.005987165 -0.006983409 0.554806948 0.006124240 0.999785602 0.019775350 -1.739218116 0.006863514 -0.019817283 0.999780059 57.049854279
0.999962449 -0.005747283 -0.006486246 0.549567699 0.005872298 0.999794126 0.019422293 -1.757327795 0.006373286 -0.019459656 0.999790311 57.604621887
0.999964654 -0.005369565 -0.006476496 0.569246054 0.005494208 0.999796987 0.019383479 -1.752784371 0.006371100 -0.019418379 0.999791145 58.146923065
0.999953330 -0.006478594 -0.007169483 0.555134237 0.006618917 0.999783456 0.019724691 -1.761380315 0.007040143 -0.019771228 0.999779701 58.501415253
0.999956548 -0.006200481 -0.006967841 0.561369300 0.006332740 0.999797046 0.019122275 -1.763899446 0.006847858 -0.019165564 0.999792933 59.047733307
0.999947965 -0.007361806 -0.007066064 0.581740618 0.007488995 0.999807239 0.018145509 -1.763798714 0.006931118 -0.018197479 0.999810338 59.597484589
0.999968886 -0.005096590 -0.006034638 0.559542060 0.005210931 0.999804258 0.019085754 -1.768126011 0.005936184 -0.019116601 0.999799669 60.118797302
0.999956608 -0.006266946 -0.006893926 0.572086334 0.006404569 0.999776900 0.020125272 -1.795905828 0.006766265 -0.020168554 0.999773622 60.535606384
0.999948204 -0.006679601 -0.007688322 0.591135144 0.006831941 0.999777317 0.019961743 -1.796083808 0.007553274 -0.020013236 0.999771178 61.079723358
0.999947608 -0.007046659 -0.007430079 0.589931667 0.007186258 0.999794960 0.018932082 -1.778787017 0.007295148 -0.018984485 0.999793172 61.601894379
0.999948442 -0.007000100 -0.007359172 0.602181137 0.007138073 0.999796093 0.018892381 -1.778399110 0.007225424 -0.018943941 0.999794424 62.130310059
0.999952376 -0.006423320 -0.007358918 0.614834785 0.006557900 0.999808908 0.018412173 -1.741677761 0.007239246 -0.018459551 0.999803364 62.602058411
0.999950647 -0.007031519 -0.007015937 0.569591880 0.007171733 0.999770939 0.020164225 -1.818138003 0.006872545 -0.020213546 0.999772072 63.095447540
0.999957800 -0.006208848 -0.006768857 0.576659203 0.006344871 0.999774575 0.020262582 -1.820666194 0.006641524 -0.020304674 0.999771833 63.654479980
0.999943256 -0.007322494 -0.007742817 0.588865757 0.007470333 0.999786973 0.019240381 -1.811880469 0.007600281 -0.019297127 0.999784946 64.211738586
0.999950290 -0.006901501 -0.007182840 0.599135816 0.007037286 0.999793708 0.019053763 -1.828248858 0.007049858 -0.019103367 0.999792755 64.737014771
0.999940336 -0.007717607 -0.007726881 0.619557440 0.007872850 0.999763548 0.020266568 -1.835096359 0.007568644 -0.020326192 0.999764740 65.126930237
0.999938726 -0.007959744 -0.007683115 0.638242424 0.008111305 0.999768972 0.019901218 -1.845257998 0.007522932 -0.019962322 0.999772429 65.646492004
0.999947846 -0.007317229 -0.007120693 0.626994729 0.007455093 0.999781489 0.019531295 -1.837182760 0.006976220 -0.019583359 0.999783874 66.210449219
0.999951720 -0.007236695 -0.006646137 0.640482426 0.007366564 0.999778271 0.019728489 -1.836425781 0.006501894 -0.019776493 0.999783278 66.746620178
0.999933898 -0.007767634 -0.008473013 0.714853942 0.007923861 0.999796331 0.018563371 -1.811736703 0.008327093 -0.018629285 0.999791741 67.287811279
0.999935210 -0.008360968 -0.007722646 0.655311644 0.008516654 0.999756575 0.020351872 -1.847910285 0.007550606 -0.020416325 0.999763072 67.591880798
0.999936521 -0.008429311 -0.007468396 0.649865806 0.008574553 0.999770403 0.019633794 -1.845012546 0.007301182 -0.019696588 0.999779403 68.165695190
0.999941289 -0.007497140 -0.007813963 0.674409509 0.007646830 0.999784291 0.019306311 -1.852363944 0.007667536 -0.019364929 0.999783158 68.659996033
0.999930620 -0.007982286 -0.008658904 0.704439640 0.008153097 0.999769270 0.019874137 -1.861986279 0.008498264 -0.019943355 0.999765038 69.176422119
0.999933243 -0.008278617 -0.008055988 0.695870161 0.008434536 0.999773920 0.019517023 -1.856741071 0.007892592 -0.019583670 0.999777138 69.703926086
0.999933362 -0.008355833 -0.007966678 0.715172946 0.008517032 0.999755204 0.020419544 -1.873981714 0.007794103 -0.020486038 0.999759734 70.048461914
0.999933720 -0.008284521 -0.007996931 0.735664606 0.008451138 0.999742985 0.021031203 -1.887072206 0.007820642 -0.021097388 0.999746859 70.576950073
0.999929547 -0.008488367 -0.008293598 0.750008285 0.008652035 0.999764502 0.019901799 -1.900756955 0.008122711 -0.019972149 0.999767601 71.121482849
0.999942720 -0.007047677 -0.008050337 0.775373697 0.007206794 0.999775767 0.019910205 -1.900068521 0.007908211 -0.019967081 0.999769390 71.586952209
0.999927700 -0.008072740 -0.008916597 0.818842590 0.008247129 0.999771953 0.019697072 -1.893652081 0.008755554 -0.019769182 0.999766290 72.104553223
0.999914050 -0.009752525 -0.008755576 0.792637825 0.009927803 0.999746561 0.020203874 -1.889011979 0.008556317 -0.020289063 0.999757648 72.568313599
0.999906659 -0.010426437 -0.008829615 0.801602185 0.010598046 0.999751449 0.019617075 -1.889969230 0.008622884 -0.019708818 0.999768555 73.123527527
0.999910235 -0.009906212 -0.009022863 0.800360441 0.010076444 0.999768257 0.019020697 -1.878603339 0.008832350 -0.019109907 0.999778390 73.605743408
0.999884486 -0.011619839 -0.009793671 0.798113763 0.011803369 0.999751806 0.018895008 -1.878469944 0.009571685 -0.019008424 0.999773502 74.115463257
0.999896407 -0.010651823 -0.009681888 0.882629991 0.010841328 0.999746382 0.019735880 -1.919590235 0.009469211 -0.019838803 0.999758363 74.496025085
0.999905288 -0.010597874 -0.008783487 0.812374294 0.010772665 0.999740005 0.020097731 -1.913465738 0.008568210 -0.020190449 0.999759436 75.041313171
0.999906719 -0.010342567 -0.008927976 0.814708114 0.010524218 0.999733567 0.020544961 -1.928697944 0.008713109 -0.020637006 0.999749124 75.569053650
0.999887228 -0.011715941 -0.009397005 0.829953432 0.011899879 0.999733865 0.019763142 -1.916562319 0.009162959 -0.019872736 0.999760509 76.085182190
0.999903858 -0.010993221 -0.008456293 0.810572922 0.011150301 0.999761999 0.018758219 -1.901350141 0.008248067 -0.018850707 0.999788284 76.666671753
0.999876142 -0.012214749 -0.009923698 0.878874838 0.012406964 0.999732077 0.019544268 -1.900552154 0.009682311 -0.019664969 0.999759734 77.077949524
0.999917567 -0.009400102 -0.008747207 0.830157459 0.009573998 0.999753058 0.020055277 -1.926501274 0.008556525 -0.020137370 0.999760628 77.504470825
0.999919713 -0.009484304 -0.008403269 0.837870121 0.009648008 0.999760151 0.019659590 -1.923851132 0.008214795 -0.019739086 0.999771476 78.066734314
0.999915183 -0.010257770 -0.008029219 0.849360704 0.010411967 0.999757588 0.019404106 -1.933889508 0.007828229 -0.019486060 0.999779522 78.624710083
0.999931753 -0.010003905 -0.006021029 0.858491898 0.010121118 0.999753475 0.019762544 -1.932729721 0.005821842 -0.019822139 0.999786556 79.032058716
0.999943674 -0.009709211 -0.004274883 0.851129651 0.009793353 0.999749541 0.020122953 -1.940546155 0.004078435 -0.020163685 0.999788404 79.590583801
0.999938369 -0.010351288 -0.004009231 0.876556933 0.010428240 0.999752045 0.019673619 -1.932049870 0.003804588 -0.019714216 0.999798417 80.147308350
0.999948144 -0.010086224 -0.001403756 0.913579524 0.010112038 0.999752998 0.019789858 -1.946542263 0.001203804 -0.019803021 0.999803305 80.543853760
0.999949753 -0.009744681 0.002341104 0.925105095 0.009696533 0.999757648 0.019765453 -1.942284584 -0.002533144 -0.019741759 0.999801874 81.075683594
0.999937117 -0.010083026 0.004906314 0.970345795 0.009985468 0.999759674 0.019518018 -1.948607802 -0.005101935 -0.019467803 0.999797523 81.645606995
0.999907792 -0.010556553 0.008537414 0.998261511 0.010391527 0.999762654 0.019148564 -1.926209807 -0.008737531 -0.019058082 0.999780238 82.133956909
0.999849737 -0.008218194 0.015263535 1.029891849 0.007906681 0.999761522 0.020358350 -1.987210631 -0.015427203 -0.020234607 0.999676228 82.618659973
0.999716580 -0.011051260 0.021086019 1.010279179 0.010634048 0.999747455 0.019796772 -1.953942895 -0.021299470 -0.019566929 0.999581754 83.149353027
0.999581993 -0.010875511 0.026786059 1.048671842 0.010322405 0.999732494 0.020701412 -1.966318846 -0.027004026 -0.020416265 0.999426842 83.672164917
0.999328971 -0.009524794 0.035367094 1.089379311 0.008792428 0.999744892 0.020805590 -1.974132895 -0.035556234 -0.020480666 0.999157786 84.272476196
0.998977542 -0.010094479 0.044067129 1.123551130 0.009199371 0.999748170 0.020468110 -1.970826983 -0.044262640 -0.020041794 0.998818874 84.794021606
0.998656690 -0.011682290 0.050481088 1.159897566 0.010683618 0.999742746 0.020007802 -1.960699081 -0.050701842 -0.019441605 0.998524606 85.294578552
0.998186767 -0.010964133 0.059185736 1.241683245 0.009805848 0.999755323 0.019825425 -1.988053441 -0.059388623 -0.019209109 0.998050034 85.819587708
0.997526050 -0.011387787 0.069371425 1.255967140 0.009991003 0.999740958 0.020448670 -1.977193594 -0.069586314 -0.019704988 0.997381330 86.278747559
0.996830821 -0.011043401 0.078780718 1.310661316 0.009477535 0.999750614 0.020222530 -1.974594474 -0.078984387 -0.019411793 0.996686816 86.834335327
0.996150196 -0.011260347 0.086936504 1.359994411 0.009613172 0.999766707 0.019342335 -1.968935847 -0.087134033 -0.018432135 0.996026099 87.444396973
0.995264709 -0.011366158 0.096534468 1.480720043 0.009535526 0.999766231 0.019403713 -1.979278088 -0.096732453 -0.018391322 0.995140493 87.979278564
0.994183481 -0.012634953 0.106956527 1.537209988 0.010662633 0.999762714 0.018992230 -1.972927928 -0.107171111 -0.017741321 0.994082272 88.510856628
0.993178844 -0.012550614 0.115923718 1.593280792 0.010206697 0.999731719 0.020791011 -2.000938892 -0.116153575 -0.019465992 0.993040502 88.851745605
0.991773248 -0.011783577 0.127463445 1.672509193 0.009199936 0.999740481 0.020839438 -2.000823736 -0.127675936 -0.019495342 0.991624355 89.406631470
0.990226924 -0.012383377 0.138915166 1.778393745 0.009572398 0.999736071 0.020885143 -2.007036209 -0.139137119 -0.019351274 0.990084052 89.926376343
0.988634586 -0.012954401 0.149779439 1.891823769 0.009958761 0.999735475 0.020733140 -2.013604879 -0.150008380 -0.019005883 0.988502026 90.475685120
0.987068415 -0.012125217 0.159840763 1.975962639 0.008857326 0.999737203 0.021141328 -2.015809774 -0.160055116 -0.019452173 0.986916423 90.985984802
0.984944880 -0.012759476 0.172397405 2.067499161 0.009309696 0.999740183 0.020804398 -2.009928703 -0.172618061 -0.018886214 0.984807730 91.522018433
0.982745528 -0.012896836 0.184512585 2.186126709 0.009080626 0.999727309 0.021512758 -1.991673231 -0.184739724 -0.019466078 0.982594669 91.995300293
0.980702519 -0.013405671 0.195046157 2.315432549 0.009428679 0.999728501 0.021304213 -1.993253589 -0.195278794 -0.019054070 0.980562687 92.538360596
0.977924585 -0.013035369 0.208551362 2.454366684 0.008671917 0.999724209 0.021823365 -1.997413754 -0.208778322 -0.019533066 0.977767885 93.067085266
0.974855542 -0.013245679 0.222443730 2.590406418 0.008611371 0.999725461 0.021790676 -1.996917844 -0.222671315 -0.019327214 0.974702001 93.574424744
0.972333968 -0.014372838 0.233152002 2.752237320 0.009550232 0.999716699 0.021800162 -2.014220238 -0.233399257 -0.018970385 0.972195923 94.122077942
0.969125330 -0.013105607 0.246219993 2.877311707 0.007992948 0.999731421 0.021752575 -1.957124710 -0.246438906 -0.019112946 0.968969762 94.636642456
0.965459704 -0.013358058 0.260209620 3.045673370 0.007984787 0.999732792 0.021695958 -1.957640886 -0.260429889 -0.018868854 0.965308368 95.164337158
0.961739659 -0.012555906 0.273676962 3.196895599 0.007001657 0.999749303 0.021262253 -1.951226234 -0.273875356 -0.018532561 0.961586595 95.695251465
0.958731115 -0.014470991 0.283945501 3.402700424 0.008573407 0.999721169 0.022001972 -1.971045256 -0.284184694 -0.018659595 0.958588004 96.215789795
0.954656303 -0.015545001 0.297304213 3.597259521 0.009444734 0.999714553 0.021944156 -1.980649710 -0.297560453 -0.018141165 0.954530656 96.733146667
0.950078011 -0.015730698 0.311615229 3.804433823 0.009316704 0.999713242 0.022061147 -1.982052803 -0.311872870 -0.018056586 0.949952245 97.247749329
0.946210384 -0.016044525 0.323153943 3.955673218 0.009338239 0.999707818 0.022292472 -1.965117931 -0.323417276 -0.018075677 0.946083784 97.712570190
0.941607416 -0.015176898 0.336370647 4.162752151 0.007981854 0.999709070 0.022762718 -1.977401733 -0.336618274 -0.018748680 0.941454530 98.235755920
0.936193287 -0.014686842 0.351178557 4.373888016 0.007153608 0.999715805 0.022739172 -1.973598719 -0.351412714 -0.018776067 0.936032355 98.752685547
0.931990027 -0.016932311 0.362088263 4.618227005 0.009133756 0.999688148 0.023238713 -1.986489058 -0.362368822 -0.018351018 0.931854129 99.291816711
0.927672863 -0.017744273 0.372971833 4.867290497 0.009999808 0.999692619 0.022688750 -1.976751089 -0.373259753 -0.017318094 0.927565157 99.807792664
0.921457529 -0.015181135 0.388182312 5.101570129 0.006339516 0.999690711 0.024047574 -2.005660295 -0.388427347 -0.019697934 0.921268821 100.337173462
0.915858507 -0.014204592 0.401249945 5.343921661 0.005177598 0.999708652 0.023572605 -2.008238077 -0.401468009 -0.019511659 0.915665269 100.833099365
0.911466777 -0.017417520 0.411004841 5.599361420 0.008376357 0.999681950 0.023788542 -2.007337093 -0.411288470 -0.018239744 0.911322713 101.308723450
0.905996084 -0.017367048 0.422929585 5.846462250 0.007946477 0.999679625 0.024027664 -2.015493870 -0.423211426 -0.018408170 0.905843914 101.787757874
0.899085522 -0.017351815 0.437429070 6.081306458 0.007407021 0.999674022 0.024430510 -2.056318283 -0.437710434 -0.018725073 0.898920953 102.208427429
0.893382072 -0.017965857 0.448938370 6.381195068 0.008085767 0.999681234 0.023915203 -2.006459951 -0.449225008 -0.017735405 0.893242598 102.840560913
0.887230158 -0.017580336 0.460991770 6.646049500 0.007211737 0.999679983 0.024243902 -2.003572941 -0.461270511 -0.018185373 0.887073100 103.340621948
0.880237341 -0.018477628 0.474173725 6.930912018 0.008053855 0.999679387 0.024004702 -2.005722284 -0.474465251 -0.017310912 0.880104005 103.811889648
0.873408139 -0.019275488 0.486607224 7.240016937 0.008698881 0.999674320 0.023985548 -2.013760328 -0.486911178 -0.016716236 0.873291433 104.305374146
0.867951691 -0.020933451 0.496207297 7.497283936 0.009754353 0.999637127 0.025109563 -2.032835245 -0.496552855 -0.016953705 0.867840886 104.700035095
