1.000000000 0.000000000 0.000000000 0.000000000 0.000000000 1.000000000 0.000000000 0.000000000 0.000000000 0.000000000 1.000000000 0.000000000
1.000000000 -0.000006720 -0.000023764 0.000309098 0.000006722 1.000000000 0.000082662 -0.000122108 0.000023764 -0.000082662 1.000000000 -0.001672458
1.000000000 0.000090841 0.000048949 -0.001539071 -0.000090841 1.000000000 0.000007904 -0.000733279 -0.000048948 -0.000007909 1.000000000 -0.002279293
1.000000000 -0.000017658 -0.000023458 0.001436308 0.000017659 1.000000000 0.000030184 -0.000185803 0.000023458 -0.000030184 1.000000000 -0.003683989
1.000000000 -0.000135128 -0.000055222 0.001905509 0.000135131 1.000000000 0.000064880 -0.000499106 0.000055214 -0.000064887 1.000000000 -0.001940930
1.000000000 -0.000000801 0.000035053 -0.000720267 0.000000800 1.000000000 0.000029782 -0.000178045 -0.000035054 -0.000029782 1.000000000 -0.001099988
1.000000000 -0.000019883 0.000017651 0.000996537 0.000019880 1.000000000 0.000144522 -0.000875209 -0.000017654 -0.000144522 1.000000000 -0.002937113
1.000000000 -0.000038539 0.000049677 -0.000685041 0.000038535 1.000000000 0.000065740 0.000060518 -0.000049679 -0.000065738 1.000000000 0.002920479
1.000000000 0.000011755 0.000014447 0.000448408 -0.000011756 1.000000000 0.000061081 -0.000793447 -0.000014446 -0.000061081 1.000000000 -0.004991934
1.000000000 -0.000164202 -0.000041761 0.002142712 0.000164207 1.000000000 0.000125909 -0.001293410 0.000041740 -0.000125916 1.000000000 -0.005072395
1.000000000 0.000012577 -0.000005789 -0.000018782 -0.000012577 1.000000000 0.000059024 -0.000523631 0.000005790 -0.000059024 1.000000000 -0.001643445
1.000000000 -0.000101850 -0.000035298 0.000409525 0.000101853 1.000000000 0.000091330 -0.001616140 0.000035289 -0.000091333 1.000000000 -0.006627710
1.000000000 -0.000117913 0.000088296 -0.000247302 0.000117904 1.000000000 0.000104398 -0.000854530 -0.000088308 -0.000104387 1.000000000 -0.002027393
1.000000000 -0.000069335 0.000061996 0.000159688 0.000069330 1.000000000 0.000081139 -0.000750432 -0.000062002 -0.000081135 1.000000000 -0.004472376
1.000000000 -0.000117868 0.000052139 -0.000080149 0.000117863 1.000000000 0.000093531 -0.000499151 -0.000052150 -0.000093525 1.000000000 -0.003334253
1.000000000 -0.000063014 0.000016258 -0.000454423 0.000063012 1.000000000 0.000101883 -0.000101382 -0.000016264 -0.000101882 1.000000000 -0.004083290
1.000000000 -0.000193541 -0.000003437 -0.000456853 0.000193541 1.000000000 0.000061981 -0.000653612 0.000003425 -0.000061982 1.000000000 -0.003598647
1.000000000 -0.000017939 -0.000032501 0.002444329 0.000017945 1.000000000 0.000185677 -0.002834100 0.000032498 -0.000185677 1.000000000 -0.008986560
0.999999940 -0.000293177 -0.000039675 0.002839456 0.000293184 0.999999940 0.000182666 -0.003399117 0.000039621 -0.000182677 1.000000000 -0.008945432
1.000000000 -0.000119911 -0.000008477 0.000428970 0.000119911 1.000000000 0.000056436 -0.000819168 0.000008470 -0.000056437 1.000000000 -0.005825900
1.000000000 -0.000134050 -0.000028050 0.002760094 0.000134055 1.000000000 0.000187591 -0.004200929 0.000028025 -0.000187595 1.000000000 -0.007330553
1.000000000 -0.000015338 0.000089540 -0.000857923 0.000015329 1.000000000 0.000105374 -0.000561144 -0.000089542 -0.000105373 1.000000000 -0.002970723
1.000000000 -0.000084627 -0.000062372 0.002825446 0.000084640 1.000000000 0.000205199 -0.002338990 0.000062354 -0.000205204 1.000000000 -0.009706767
1.000000000 -0.000241218 -0.000007841 0.000191998 0.000241220 0.999999940 0.000242064 -0.003346405 0.000007782 -0.000242066 1.000000000 -0.006336720
1.000000000 -0.000034587 -0.000019010 0.000997051 0.000034590 1.000000000 0.000156787 -0.000966405 0.000019004 -0.000156788 1.000000000 -0.006659978
0.999999940 -0.000259509 -0.000045829 0.002565915 0.000259521 0.999999940 0.000252424 -0.001700355 0.000045764 -0.000252436 0.999999940 -0.006423183
1.000000000 -0.000118981 -0.000042011 0.001653797 0.000118988 1.000000000 0.000159645 -0.003298077 0.000041992 -0.000159650 1.000000000 -0.005946649
1.000000000 -0.000138069 -0.000000701 0.000404150 0.000138069 1.000000000 0.000172549 -0.000760149 0.000000677 -0.000172549 1.000000000 -0.002463895
1.000000000 -0.000240592 -0.000027404 -0.000466027 0.000240596 0.999999940 0.000152772 -0.000075798 0.000027367 -0.000152779 1.000000000 -0.003909462
1.000000000 -0.000242078 -0.000028981 -0.000538038 0.000242082 0.999999940 0.000167601 -0.000798128 0.000028940 -0.000167608 1.000000000 -0.002300054
1.000000000 -0.000083945 0.000055857 -0.001789361 0.000083937 1.000000000 0.000140859 -0.000316244 -0.000055869 -0.000140854 1.000000000 -0.001057165
1.000000000 -0.000117736 -0.000033380 -0.001186435 0.000117740 1.000000000 0.000140119 -0.002008889 0.000033364 -0.000140123 1.000000000 -0.005646682
1.000000000 -0.000236924 -0.000027159 0.000183234 0.000236929 0.999999940 0.000184529 -0.002797964 0.000027115 -0.000184535 1.000000000 -0.006708965
1.000000000 0.000070237 0.000056938 -0.000949168 -0.000070244 1.000000000 0.000117572 -0.000106321 -0.000056929 -0.000117576 1.000000000 -0.001693006
1.000000000 -0.000127842 0.000009043 -0.000222260 0.000127841 1.000000000 0.000096423 -0.000679642 -0.000009055 -0.000096422 1.000000000 -0.002290213
1.000000000 -0.000187716 -0.000014360 -0.000499091 0.000187717 1.000000000 0.000087038 -0.001444498 0.000014344 -0.000087041 1.000000000 -0.004196857
1.000000000 -0.000187277 0.000009955 0.000935037 0.000187276 1.000000000 0.000113643 -0.000600220 -0.000009976 -0.000113641 1.000000000 -0.008832416
1.000000000 -0.000225433 -0.000050555 0.000587771 0.000225439 0.999999940 0.000123003 -0.000572535 0.000050528 -0.000123014 1.000000000 -0.006789143
1.000000000 -0.000150180 -0.000040833 -0.000089992 0.000150188 0.999999940 0.000214186 -0.000783450 0.000040801 -0.000214192 1.000000000 -0.006108528
0.999999940 -0.000298732 -0.000124013 0.003082945 0.000298762 0.999999940 0.000244286 -0.004368620 0.000123940 -0.000244323 0.999999940 -0.007208856
1.000000000 -0.000156540 -0.000092977 0.006105113 0.000156502 0.999999881 -0.000407679 -0.008269468 0.000093041 0.000407664 0.999999940 0.043197922
0.999999940 -0.000282526 -0.000100972 0.007286106 0.000282419 0.999999404 -0.001062591 -0.006452464 0.000101272 0.001062563 0.999999404 0.140973479
1.000000000 -0.000230516 -0.000011783 0.004313213 0.000230500 0.999999046 -0.001350294 -0.012662997 0.000012094 0.001350291 0.999999106 0.258696288
0.999999940 -0.000303461 0.000100075 0.004913487 0.000303572 0.999999344 -0.001112326 -0.019638631 -0.000099738 0.001112356 0.999999404 0.388766021
1.000000000 0.000165668 -0.000047085 0.012082011 -0.000165714 0.999999523 -0.000968426 -0.023882339 0.000046924 0.000968434 0.999999523 0.533608139
1.000000000 0.000063260 0.000087426 0.013462141 -0.000063182 0.999999583 -0.000888369 -0.029436935 -0.000087482 0.000888363 0.999999583 0.685543060
1.000000000 -0.000112412 0.000187111 0.007331126 0.000112527 0.999999821 -0.000611731 -0.034145445 -0.000187042 0.000611752 0.999999821 0.869649827
0.999999940 -0.000129436 -0.000285716 0.031950906 0.000129303 0.999999881 -0.000463524 -0.040305674 0.000285776 0.000463487 0.999999881 1.031529546
0.999999940 0.000240947 0.000205020 0.013162310 -0.000240897 0.999999940 -0.000244043 -0.039618470 -0.000205078 0.000243994 0.999999940 1.197739482
1.000000000 0.000014279 -0.000133811 0.028730758 -0.000014285 1.000000000 -0.000046244 -0.046364874 0.000133811 0.000046246 1.000000000 1.382904291
0.999999821 0.000595469 0.000094870 0.025605883 -0.000595464 0.999999821 -0.000048330 -0.051633477 -0.000094899 0.000048273 1.000000000 1.579378843
0.999999762 0.000589526 0.000324113 0.030238714 -0.000589538 0.999999821 0.000036419 -0.057278775 -0.000324091 -0.000036610 0.999999940 1.771264315
0.999999642 0.000691458 0.000430107 0.030323941 -0.000691675 0.999999642 0.000504719 -0.066496029 -0.000429757 -0.000505017 0.999999821 1.974566936
0.999999762 0.000332366 0.000563315 0.031150600 -0.000332588 0.999999881 0.000395013 -0.072789855 -0.000563183 -0.000395201 0.999999702 2.194394827
0.999999702 0.000635814 0.000466258 0.038536657 -0.000636094 0.999999642 0.000599750 -0.079314373 -0.000465876 -0.000600047 0.999999702 2.407188892
0.999999464 0.000934426 0.000468746 0.041775603 -0.000934766 0.999999344 0.000725833 -0.086303391 -0.000468068 -0.000726270 0.999999642 2.631657124
0.999999762 0.000420222 0.000548237 0.046612807 -0.000420692 0.999999523 0.000857181 -0.092046790 -0.000547877 -0.000857412 0.999999523 2.869173050
0.999999106 0.000895449 0.000923200 0.043295264 -0.000896391 0.999999106 0.001020327 -0.102504402 -0.000922285 -0.001021154 0.999999106 3.102481842
0.999999881 0.000020096 0.000503145 0.059184186 -0.000020351 0.999999821 0.000506194 -0.108575523 -0.000503135 -0.000506204 0.999999762 3.348602295
0.999999821 0.000189364 0.000579825 0.068992034 -0.000189804 0.999999702 0.000758295 -0.118272692 -0.000579681 -0.000758405 0.999999523 3.580199242
0.999999881 0.000056570 0.000472420 0.072563164 -0.000056988 0.999999583 0.000883924 -0.123517476 -0.000472370 -0.000883951 0.999999523 3.847525120
0.999999821 -0.000002847 0.000633274 0.075219095 0.000002132 0.999999344 0.001128077 -0.136410236 -0.000633277 -0.001128075 0.999999166 4.112871647
0.999999523 0.000546264 0.000853005 0.078109503 -0.000547472 0.999998868 0.001416781 -0.142954975 -0.000852230 -0.001417248 0.999998629 4.369707584
0.999999762 0.000299081 0.000573830 0.083439887 -0.000299781 0.999999225 0.001218900 -0.151117966 -0.000573465 -0.001219072 0.999999106 4.629951477
0.999998927 0.000805765 0.001146526 0.085220709 -0.000807203 0.999998927 0.001253974 -0.157483146 -0.001145514 -0.001254899 0.999998569 4.890243053
0.999999404 0.000260847 0.001020294 0.094719112 -0.000262221 0.999999046 0.001346700 -0.170777977 -0.001019942 -0.001346967 0.999998510 5.146915436
0.999999523 0.000128670 0.001000728 0.095336720 -0.000130090 0.999998987 0.001418970 -0.179486275 -0.001000544 -0.001419100 0.999998450 5.409796715
0.999999344 0.000010320 0.001122320 0.108216554 -0.000011825 0.999999046 0.001340232 -0.186848596 -0.001122305 -0.001340244 0.999998450 5.680021763
0.999999881 -0.000278378 0.000610579 0.113446496 0.000277557 0.999999166 0.001343713 -0.194565147 -0.000610952 -0.001343543 0.999998927 5.967765808
0.999999821 -0.000279773 0.000710255 0.118280977 0.000278652 0.999998748 0.001578374 -0.209285855 -0.000710695 -0.001578176 0.999998569 6.225979328
0.999999702 -0.000057514 0.000783365 0.126419544 0.000056485 0.999999166 0.001313493 -0.210868627 -0.000783440 -0.001313448 0.999998868 6.518827438
0.999999523 -0.000547938 0.000799323 0.126674235 0.000546760 0.999998748 0.001472428 -0.217251435 -0.000800128 -0.001471990 0.999998569 6.819202423
0.999999523 -0.000502465 0.000824325 0.138335705 0.000501300 0.999998808 0.001413208 -0.227684647 -0.000825034 -0.001412794 0.999998629 7.111538410
0.999999583 0.000031329 0.000847613 0.145059898 -0.000032670 0.999998868 0.001582731 -0.238515764 -0.000847563 -0.001582758 0.999998391 7.407639027
0.999999285 0.000018974 0.001207110 0.150193945 -0.000020829 0.999998808 0.001536591 -0.249300599 -0.001207079 -0.001536616 0.999998093 7.717148304
0.999999404 -0.000443894 0.000961327 0.162383735 0.000442243 0.999998450 0.001717169 -0.262786001 -0.000962088 -0.001716743 0.999998093 8.034851074
0.999999642 -0.000013247 0.000818090 0.173638314 0.000011646 0.999998093 0.001956465 -0.277730405 -0.000818114 -0.001956455 0.999997735 8.342988014
0.999999583 0.000088012 0.001028953 0.178463608 -0.000089909 0.999998271 0.001843772 -0.278174490 -0.001028789 -0.001843864 0.999997735 8.688175201
0.999999106 0.000054700 0.001344482 0.173844099 -0.000057532 0.999997735 0.002106352 -0.286515743 -0.001344363 -0.002106427 0.999996841 9.032566071
0.999999225 -0.000620302 0.001112229 0.193043217 0.000618007 0.999997675 0.002062851 -0.296898544 -0.001113506 -0.002062162 0.999997258 9.362563133
0.999999344 -0.000394871 0.001015148 0.201197490 0.000392716 0.999997675 0.002122249 -0.308868498 -0.001015984 -0.002121849 0.999997258 9.699001312
0.999998987 0.000253391 0.001393274 0.207147077 -0.000256344 0.999997675 0.002119082 -0.318189114 -0.001392734 -0.002119437 0.999996781 10.042546272
0.999999404 -0.000063970 0.001064915 0.219359964 0.000061639 0.999997616 0.002188518 -0.331529498 -0.001065053 -0.002188452 0.999997020 10.393719673
0.999999404 0.000092457 0.001066822 0.225789040 -0.000095317 0.999996364 0.002681780 -0.342758119 -0.001066570 -0.002681880 0.999995828 10.753181458
0.999999523 -0.000139220 0.000966981 0.237721935 0.000137074 0.999997675 0.002218374 -0.351913035 -0.000967287 -0.002218241 0.999997020 11.140796661
0.999999285 0.000086994 0.001190107 0.243933961 -0.000089550 0.999997795 0.002147891 -0.363025755 -0.001189917 -0.002147996 0.999996960 11.518572807
0.999999285 -0.000124786 0.001210291 0.250868320 0.000121728 0.999996781 0.002526622 -0.375900388 -0.001210602 -0.002526473 0.999996066 11.905634880
0.999999166 -0.000159688 0.001271030 0.257563055 0.000156369 0.999996543 0.002610639 -0.385110021 -0.001271443 -0.002610438 0.999995768 12.289566040
0.999999285 -0.000311816 0.001198027 0.270105600 0.000308848 0.999996901 0.002476834 -0.401993960 -0.001198796 -0.002476463 0.999996185 12.683197975
0.999999166 -0.000104484 0.001312770 0.275994182 0.000101134 0.999996722 0.002551652 -0.404927015 -0.001313033 -0.002551517 0.999995887 13.073690414
0.999999344 -0.000779997 0.000776826 0.294943362 0.000777780 0.999995649 0.002850479 -0.432749093 -0.000779046 -0.002849873 0.999995589 13.458118439
0.999999404 -0.000175284 0.001105812 0.300591439 0.000171759 0.999994934 0.003186862 -0.446866721 -0.001106365 -0.003186671 0.999994278 13.870640755
0.999998152 0.000366746 0.001849551 0.306092888 -0.000372885 0.999994457 0.003319658 -0.456715852 -0.001848324 -0.003320341 0.999992788 14.299464226
0.999998868 -0.000832263 0.001363594 0.328770638 0.000827699 0.999993980 0.003344342 -0.485381752 -0.001366369 -0.003343208 0.999993443 14.710878372
0.999998510 -0.000502773 0.001681354 0.343181491 0.000497166 0.999994338 0.003333369 -0.499722749 -0.001683020 -0.003332527 0.999993026 15.113159180
0.999997675 -0.000843092 0.001976616 0.349263936 0.000835667 0.999992549 0.003754398 -0.509050608 -0.001979767 -0.003752738 0.999991000 15.551790237
0.999997675 -0.000730216 0.002008170 0.380061656 0.000721829 0.999991000 0.004173902 -0.542811453 -0.002011199 -0.004172443 0.999989271 15.997604370
0.999996841 -0.001207777 0.002189666 0.393615186 0.001197902 0.999989092 0.004505284 -0.555706084 -0.002195084 -0.004502648 0.999987483 16.439397812
0.999996424 -0.000863336 0.002526028 0.399510175 0.000851630 0.999988854 0.004631575 -0.574065506 -0.002529999 -0.004629408 0.999986172 16.874095917
0.999995768 -0.000390204 0.002922344 0.416012883 0.000377921 0.999991119 0.004202604 -0.578251064 -0.002923958 -0.004201481 0.999986887 17.350601196
0.999995768 -0.000075751 0.002911215 0.426049918 0.000063815 0.999991596 0.004100028 -0.589806736 -0.002911501 -0.004099825 0.999987364 17.805919647
0.999994516 -0.000959449 0.003172495 0.444105893 0.000945488 0.999989867 0.004399539 -0.609454393 -0.003176684 -0.004396515 0.999985337 18.287143707
0.999993265 -0.000996635 0.003517688 0.448119462 0.000979929 0.999988258 0.004747699 -0.619421244 -0.003522379 -0.004744220 0.999982536 18.736293793
0.999992192 -0.000726007 0.003873315 0.461775094 0.000709762 0.999990940 0.004193794 -0.631103873 -0.003876324 -0.004191012 0.999983668 19.208179474
0.999994099 -0.001467147 0.003098361 0.487485886 0.001452802 0.999988258 0.004627055 -0.648176372 -0.003105113 -0.004622527 0.999984503 19.673757553
0.999993861 -0.000787703 0.003416501 0.495959520 0.000769474 0.999985456 0.005333512 -0.661868453 -0.003420652 -0.005330850 0.999979854 20.144287109
0.999993503 -0.001188448 0.003397329 0.511043072 0.001171378 0.999986708 0.005022199 -0.677499175 -0.003403252 -0.005018186 0.999981582 20.622900009
0.999994040 -0.001526084 0.003105538 0.520797670 0.001510567 0.999986410 0.004992688 -0.688211739 -0.003113116 -0.004987968 0.999982655 21.138994217
0.999996006 -0.001357856 0.002486830 0.529981792 0.001343826 0.999983251 0.005634649 -0.700667322 -0.002494440 -0.005631285 0.999980986 21.658685684
0.999996781 -0.001419753 0.002099955 0.531420410 0.001408469 0.999984682 0.005365177 -0.708855808 -0.002107540 -0.005362201 0.999983370 22.163820267
0.999997795 -0.001221603 0.001728772 0.554363370 0.001212367 0.999985099 0.005333823 -0.736909568 -0.001735263 -0.005331714 0.999984264 22.655477524
0.999997258 -0.001582870 0.001695642 0.561357081 0.001572785 0.999981165 0.005932265 -0.751426458 -0.001705000 -0.005929582 0.999980927 23.131471634
0.999998033 -0.001803246 0.000832329 0.569708705 0.001798155 0.999979913 0.006076699 -0.770041049 -0.000843270 -0.006075189 0.999981165 23.674625397
0.999997556 -0.002143701 0.000497583 0.574510992 0.002140913 0.999982297 0.005536176 -0.782198608 -0.000509442 -0.005535097 0.999984562 24.175382614
0.999998271 -0.001810027 -0.000253515 0.585588098 0.001811467 0.999981523 0.005803239 -0.797008216 0.000243006 -0.005803687 0.999983132 24.691709518
0.999998391 -0.001512046 -0.000977194 0.598727167 0.001517738 0.999981761 0.005850619 -0.807242274 0.000968329 -0.005852092 0.999982417 25.224021912
0.999997854 -0.001630772 -0.001291662 0.600792766 0.001638347 0.999981344 0.005885733 -0.817470014 0.001282040 -0.005887836 0.999981761 25.741598129
0.999997675 -0.001420787 -0.001589439 0.609697342 0.001430457 0.999980330 0.006099261 -0.834757924 0.001580742 -0.006101520 0.999980152 26.273511887
0.999996722 -0.001771224 -0.001816715 0.622869551 0.001783258 0.999976337 0.006643704 -0.844587743 0.001804904 -0.006646923 0.999976218 26.811666489
0.999994159 -0.002333523 -0.002508837 0.639251709 0.002350129 0.999975204 0.006636606 -0.859856546 0.002493289 -0.006642464 0.999974847 27.335588455
0.999994695 -0.001531999 -0.002864702 0.649595916 0.001550552 0.999977767 0.006485433 -0.875148237 0.002854703 -0.006489841 0.999974847 27.878896713
0.999994040 -0.001535457 -0.003078934 0.653850377 0.001556907 0.999974430 0.006976532 -0.890511394 0.003068143 -0.006981285 0.999970913 28.412597656
0.999992311 -0.001657335 -0.003561627 0.670383096 0.001682473 0.999973595 0.007066920 -0.905997932 0.003549821 -0.007072859 0.999968648 28.947843552
0.999989986 -0.001792534 -0.004111480 0.682735085 0.001821371 0.999973595 0.007020765 -0.918809831 0.004098787 -0.007028183 0.999966919 29.488557816
0.999989569 -0.001231177 -0.004399854 0.686166286 0.001261840 0.999974906 0.006973024 -0.927740693 0.004391158 -0.006978504 0.999965966 30.011810303
0.999989152 -0.001249704 -0.004485973 0.696388304 0.001280711 0.999975264 0.006915777 -0.940518439 0.004477218 -0.006921448 0.999966025 30.557096481
0.999988556 -0.001054610 -0.004663326 0.708219707 0.001087705 0.999974191 0.007100088 -0.955707312 0.004655718 -0.007105079 0.999963939 31.094360352
0.999987781 -0.000846639 -0.004855103 0.717903614 0.000882172 0.999972820 0.007321208 -0.977134526 0.004848773 -0.007325402 0.999961436 31.602832794
0.999984741 -0.001687965 -0.005252157 0.733085930 0.001727488 0.999970198 0.007529690 -0.993914962 0.005239291 -0.007538649 0.999957860 32.143238068
0.999985337 -0.001048255 -0.005311386 0.730895400 0.001088880 0.999970078 0.007651443 -1.001335382 0.005303207 -0.007657114 0.999956608 32.654903412
0.999985754 -0.000510002 -0.005309963 0.717760623 0.000544958 0.999978185 0.006583651 -1.005472660 0.005306489 -0.006586452 0.999964237 33.197021484
0.999981880 -0.000940688 -0.005935146 0.749697804 0.000983672 0.999973238 0.007243405 -1.023066044 0.005928174 -0.007249113 0.999956131 33.728183746
0.999983490 -0.000149667 -0.005732541 0.747710943 0.000192048 0.999972641 0.007393111 -1.038377762 0.005731279 -0.007394090 0.999956250 34.275936127
0.999983609 -0.000435906 -0.005701061 0.761492491 0.000478383 0.999972045 0.007451572 -1.051275015 0.005697655 -0.007454176 0.999956012 34.757591248
0.999980867 -0.001218436 -0.006067840 0.770003140 0.001267446 0.999966562 0.008079800 -1.075821638 0.006057793 -0.008087336 0.999948919 35.328628540
0.999980569 -0.001596670 -0.006034768 0.752883852 0.001641259 0.999971330 0.007391031 -1.063796997 0.006022794 -0.007400793 0.999954402 35.942695618
0.999980211 -0.001964778 -0.005970033 0.766071141 0.002019231 0.999956310 0.009128806 -1.123286486 0.005951836 -0.009140681 0.999940455 36.368961334
0.999976337 -0.002353373 -0.006473188 0.752372503 0.002412855 0.999954760 0.009196720 -1.125885487 0.006451253 -0.009212120 0.999936700 36.884124756
0.999975324 -0.002295258 -0.006638208 0.772426248 0.002357749 0.999952793 0.009421494 -1.153048038 0.006616271 -0.009436913 0.999933541 37.430862427
0.999975264 -0.002216833 -0.006683472 0.789246023 0.002279754 0.999953032 0.009421634 -1.140447378 0.006662272 -0.009436638 0.999933183 37.928592682
0.999967337 -0.003096400 -0.007466576 0.806105852 0.003172431 0.999943078 0.010192661 -1.190111876 0.007434591 -0.010216016 0.999920130 38.546497345
0.999969423 -0.002834662 -0.007290180 0.847414613 0.002906840 0.999946713 0.009909257 -1.174981356 0.007261702 -0.009930144 0.999924302 38.972537994
0.999970257 -0.001857840 -0.007498028 0.854625344 0.001925122 0.999957800 0.008975971 -1.189491630 0.007481036 -0.008990138 0.999931574 39.599258423
0.999972939 -0.001209374 -0.007259435 0.862505376 0.001270928 0.999963224 0.008480604 -1.200464964 0.007248912 -0.008489600 0.999937713 40.095439911
0.999970853 -0.001292362 -0.007522352 0.877316236 0.001359008 0.999959826 0.008861332 -1.227123380 0.007510595 -0.008871297 0.999932468 40.628578186
0.999969780 -0.001880314 -0.007541846 0.874415934 0.001949295 0.999956191 0.009149594 -1.237582684 0.007524312 -0.009164018 0.999929726 41.168872833
0.999970734 -0.001664629 -0.007472381 0.885720491 0.001733051 0.999956489 0.009159502 -1.249457002 0.007456808 -0.009172183 0.999930143 41.698017120
0.999968529 -0.001747291 -0.007742286 0.900380313 0.001820938 0.999953091 0.009515497 -1.266418695 0.007725298 -0.009529296 0.999924719 42.223045349
0.999966681 -0.002113782 -0.007886347 0.908038020 0.002192025 0.999948323 0.009925891 -1.282350898 0.007864959 -0.009942847 0.999919653 42.758522034
0.999970496 -0.001160467 -0.007594820 0.910628498 0.001230652 0.999956489 0.009242984 -1.286264181 0.007583763 -0.009252058 0.999928415 43.292579651
0.999969721 -0.001445737 -0.007639067 0.914276719 0.001515655 0.999956965 0.009154760 -1.295074821 0.007625503 -0.009166062 0.999928892 43.819881439
0.999968588 -0.001354326 -0.007811431 0.924087882 0.001425604 0.999957323 0.009126445 -1.305001616 0.007798737 -0.009137294 0.999927819 44.359375000
0.999968767 -0.001423171 -0.007776341 0.931368470 0.001494819 0.999956369 0.009215494 -1.319595218 0.007762886 -0.009226829 0.999927223 44.901195526
0.999967694 -0.001416055 -0.007901753 0.938766599 0.001488720 0.999956608 0.009197771 -1.328158140 0.007888387 -0.009209238 0.999926507 45.434955597
0.999968350 -0.001222256 -0.007856082 0.947387934 0.001293917 0.999957561 0.009123136 -1.340523005 0.007844597 -0.009133014 0.999927521 45.960750580
0.999969721 -0.001114913 -0.007694117 0.952008963 0.001185835 0.999956787 0.009219404 -1.353941321 0.007683505 -0.009228251 0.999927938 46.528614044
0.999968112 -0.001455944 -0.007864171 0.951732278 0.001527669 0.999957204 0.009122209 -1.362853527 0.007850552 -0.009133930 0.999927461 47.031978607
0.999968112 -0.001393443 -0.007864867 0.975158274 0.001465747 0.999956667 0.009195016 -1.366029739 0.007851714 -0.009206250 0.999926805 47.602233887
0.999967337 -0.001472203 -0.007949938 0.970542490 0.001548465 0.999952793 0.009595138 -1.394682407 0.007935439 -0.009607136 0.999922335 48.084697723
0.999963164 -0.001790303 -0.008391132 0.984692514 0.001869893 0.999953270 0.009486799 -1.406510472 0.008373753 -0.009502141 0.999919772 48.609813690
0.999965727 -0.001518527 -0.008129362 0.992956638 0.001596296 0.999952972 0.009568493 -1.419093490 0.008114451 -0.009581142 0.999921203 49.151714325
0.999967098 -0.001009794 -0.008047043 0.992595434 0.001087477 0.999952793 0.009655120 -1.427896261 0.008036913 -0.009663555 0.999921024 49.688362122
0.999966562 -0.001312810 -0.008061985 1.000868082 0.001392216 0.999950469 0.009851707 -1.445878148 0.008048654 -0.009862602 0.999918997 50.209686279
0.999966979 -0.001198693 -0.008031342 1.006525159 0.001276676 0.999951959 0.009711802 -1.454428315 0.008019315 -0.009721733 0.999920607 50.740711212
0.999969244 -0.001098812 -0.007754463 1.009379625 0.001177051 0.999948382 0.010092258 -1.465601206 0.007742973 -0.010101075 0.999918997 51.278396606
0.999972761 -0.000355548 -0.007372994 1.008281469 0.000430429 0.999948382 0.010157052 -1.478088617 0.007369002 -0.010159950 0.999921203 51.813564301
0.999969482 -0.001076284 -0.007736216 1.019837260 0.001154453 0.999948204 0.010106928 -1.490872860 0.007724939 -0.010115550 0.999918997 52.322879791
0.999973536 -0.000740679 -0.007232305 1.013435602 0.000811090 0.999952316 0.009737573 -1.497701406 0.007224747 -0.009743184 0.999926388 52.884498596
0.999968946 -0.001513866 -0.007732392 1.041288733 0.001590339 0.999949753 0.009893381 -1.509703994 0.007717026 -0.009905372 0.999921143 53.409053802
0.999972701 -0.000546119 -0.007356300 1.004317760 0.000625175 0.999941945 0.010748572 -1.544601917 0.007350003 -0.010752877 0.999915183 53.878376007
0.999971032 -0.000722461 -0.007576758 1.038752317 0.000801768 0.999944806 0.010469314 -1.563060164 0.007568777 -0.010475086 0.999916494 54.394771576
0.999976516 0.000227448 -0.006839881 1.035183311 -0.000160437 0.999952018 0.009796086 -1.560653090 0.006841781 -0.009794759 0.999928594 55.046264648
0.999976456 0.000230939 -0.006868436 1.039829850 -0.000158653 0.999944627 0.010523058 -1.581878662 0.006870484 -0.010521720 0.999921083 55.486869812
0.999974847 -0.000582648 -0.007071120 1.054045677 0.000657190 0.999944210 0.010543972 -1.588800907 0.007064582 -0.010548354 0.999919415 55.969638824
0.999973893 -0.000489085 -0.007205733 1.065351844 0.000568538 0.999939024 0.011028417 -1.614538431 0.007199898 -0.011032227 0.999913156 56.428962708
0.999974191 0.000678989 -0.007148598 1.081736326 -0.000609741 0.999952972 0.009684705 -1.594373345 0.007154839 -0.009680097 0.999927521 57.071601868
0.999974549 -0.000424655 -0.007114615 1.084098816 0.000502897 0.999939382 0.010999226 -1.640685558 0.007109513 -0.011002525 0.999914169 57.481666565
0.999972880 -0.000688366 -0.007325722 1.093258381 0.000769274 0.999938607 0.011047307 -1.650876403 0.007317667 -0.011052645 0.999912143 58.014881134
0.999974191 -0.000580047 -0.007163966 1.095113516 0.000657499 0.999941230 0.010813692 -1.656323195 0.007157274 -0.010818123 0.999915779 58.542964935
0.999976277 -0.000369068 -0.006881118 1.103485107 0.000443680 0.999940991 0.010844493 -1.669317722 0.006876711 -0.010847288 0.999917448 59.082023621
0.999973238 -0.000598705 -0.007287418 1.111770868 0.000680893 0.999936104 0.011280935 -1.678272247 0.007280199 -0.011285595 0.999909818 59.613666534
0.999974847 -0.000697876 -0.007060789 1.133391380 0.000772678 0.999943495 0.010596883 -1.682481766 0.007052996 -0.010602073 0.999918938 60.195911407
0.999973953 -0.000219180 -0.007202160 1.138329625 0.000301589 0.999934435 0.011443196 -1.700690031 0.007199180 -0.011445072 0.999908626 60.709922791
0.999967754 -0.001016644 -0.007960555 1.177063942 0.001112580 0.999926686 0.012056291 -1.734791636 0.007947714 -0.012064760 0.999895692 61.235145569
0.999971807 -0.000993808 -0.007431791 1.158021450 0.001074313 0.999940693 0.010836364 -1.705251455 0.007420580 -0.010844041 0.999913692 61.760803223
0.999966085 -0.001604203 -0.008083097 1.191408753 0.001686361 0.999946833 0.010167699 -1.703751087 0.008066356 -0.010180986 0.999915600 62.194522858
0.999964356 -0.000669537 -0.008406582 1.209298730 0.000766716 0.999932826 0.011561980 -1.766148090 0.008398276 -0.011568015 0.999897838 62.683162689
0.999967515 0.000263795 -0.008058145 1.249054909 -0.000165156 0.999925137 0.012239023 -1.772239923 0.008060770 -0.012237294 0.999892592 63.228248596
0.999969661 -0.000465467 -0.007766603 1.184208035 0.000557374 0.999929786 0.011835586 -1.768884063 0.007760549 -0.011839557 0.999899805 63.810604095
0.999974966 -0.000018114 -0.007078615 1.224780679 0.000099404 0.999934077 0.011483697 -1.765816331 0.007077938 -0.011484113 0.999908984 64.157234192
0.999974310 -0.000547748 -0.007154031 1.242789984 0.000629086 0.999935150 0.011372286 -1.773174286 0.007147337 -0.011376494 0.999909759 64.698318481
0.999976695 -0.000358865 -0.006833746 1.234617472 0.000437280 0.999934018 0.011476636 -1.787618876 0.006829177 -0.011479354 0.999910712 65.228767395
0.999975562 0.000016595 -0.006983319 1.242160082 0.000063688 0.999933898 0.011495919 -1.800652862 0.006983050 -0.011496084 0.999909461 65.712310791
0.999978244 0.000637370 -0.006565650 1.235294342 -0.000558646 0.999927998 0.011985105 -1.813062429 0.006572818 -0.011981176 0.999906540 66.309959412
0.999976218 0.000551804 -0.006876105 1.267628908 -0.000472148 0.999932945 0.011580652 -1.824776530 0.006882035 -0.011577130 0.999909282 66.732437134
0.999976039 0.000566991 -0.006899886 1.288472533 -0.000488045 0.999934494 0.011437971 -1.844097495 0.006905918 -0.011434330 0.999910772 67.252731323
0.999975145 0.000464981 -0.007027808 1.295568585 -0.000381374 0.999929190 0.011893225 -1.846281767 0.007032841 -0.011890250 0.999904513 67.814598083
0.999977946 0.000565939 -0.006611440 1.289468288 -0.000488197 0.999930918 0.011754376 -1.878536224 0.006617634 -0.011750893 0.999909043 68.277984619
0.999976397 0.000486744 -0.006844667 1.313806057 -0.000405744 0.999929905 0.011830320 -1.888907909 0.006849946 -0.011827265 0.999906600 68.791114807
0.999974668 0.000138861 -0.007110388 1.316012383 -0.000054777 0.999930143 0.011824329 -1.894276977 0.007111533 -0.011823643 0.999904811 69.330642700
0.999976099 0.000214763 -0.006906725 1.343199730 -0.000134394 0.999932230 0.011634779 -1.916927814 0.006908754 -0.011633572 0.999908447 69.839897156
0.999974310 -0.000009537 -0.007157569 1.365640402 0.000095384 0.999928057 0.011993584 -1.936687231 0.007156940 -0.011993963 0.999902368 70.337333679
0.999976218 0.000133521 -0.006893089 1.369680285 -0.000053132 0.999931991 0.011661037 -1.947101355 0.006894177 -0.011660394 0.999908209 70.878410339
0.999974847 0.000590739 -0.007070938 1.415462017 -0.000503754 0.999924242 0.012297187 -1.975169778 0.007077667 -0.012293315 0.999899387 71.302505493
0.999974191 0.000432403 -0.007169997 1.423809409 -0.000343303 0.999922693 0.012423393 -1.985336065 0.007174813 -0.012420611 0.999897122 71.840011597
0.999973178 -0.000283605 -0.007312693 1.416083932 0.000372281 0.999926388 0.012127809 -1.987663269 0.007308715 -0.012130206 0.999899745 72.403427124
0.999973774 -0.000018934 -0.007240930 1.421886563 0.000108243 0.999923944 0.012333789 -1.999788761 0.007240145 -0.012334250 0.999897718 72.955184937
0.999974310 0.000146951 -0.007170069 1.433538675 -0.000059258 0.999925196 0.012229091 -2.018220186 0.007171331 -0.012228352 0.999899507 73.504447937
0.999972284 -0.000617385 -0.007407981 1.450500369 0.000709858 0.999921799 0.012486776 -2.028920412 0.007399694 -0.012491691 0.999894559 74.040290833
0.999973536 -0.000423603 -0.007256807 1.467349291 0.000515191 0.999920130 0.012623671 -2.040372133 0.007250880 -0.012627076 0.999893963 74.562561035
0.999977648 0.000095317 -0.006676128 1.437288404 -0.000013202 0.999924302 0.012298851 -2.046039581 0.006676794 -0.012298488 0.999902070 75.058685303
0.999975920 -0.000106556 -0.006936033 1.447521329 0.000191878 0.999924242 0.012301787 -2.055424213 0.006934198 -0.012302823 0.999900281 75.587974548
0.999974966 -0.000069949 -0.007076897 1.457944393 0.000157270 0.999923825 0.012339050 -2.063437939 0.007075496 -0.012339855 0.999898791 76.139472961
0.999976516 0.000150576 -0.006852133 1.462197781 -0.000066800 0.999925196 0.012224810 -2.068788767 0.006853464 -0.012224065 0.999901712 76.633193970
0.999975204 -0.000244855 -0.007027870 1.481554747 0.000333054 0.999921143 0.012551449 -2.081937790 0.007024242 -0.012553480 0.999896526 77.147300720
0.999976754 0.000694431 -0.006770157 1.481107473 -0.000611214 0.999924302 0.012286050 -2.087695122 0.006778176 -0.012281627 0.999901533 77.684822083
0.999979317 0.000721074 -0.006393719 1.490498900 -0.000644150 0.999927402 0.012025038 -2.098444223 0.006401927 -0.012020668 0.999907196 78.236892700
0.999985576 0.000247311 -0.005353052 1.512056828 -0.000182862 0.999927521 0.012036868 -2.111327648 0.005355640 -0.012035715 0.999913216 78.763099670
0.999991655 0.001003852 -0.003954839 1.543459892 -0.000953925 0.999920070 0.012605980 -2.143854618 0.003967179 -0.012602103 0.999912739 79.240501404
0.999996185 0.001362725 -0.002388452 1.561151862 -0.001332927 0.999921739 0.012433322 -2.157356739 0.002405208 -0.012430092 0.999919832 79.763626099
0.999998331 0.001048225 -0.001516134 1.565642595 -0.001028997 0.999919713 0.012627686 -2.161588192 0.001529250 -0.012626103 0.999919116 80.284591675
0.999997258 0.001522859 0.001818571 1.579895973 -0.001545651 0.999919415 0.012598524 -2.175660133 -0.001799238 -0.012601299 0.999918997 80.832504272
0.999989092 0.000589499 0.004614484 1.625282884 -0.000646712 0.999922812 0.012406752 -2.179640770 -0.004606814 -0.012409604 0.999912381 81.327682495
0.999975085 0.000249864 0.007055965 1.629260898 -0.000335769 0.999925792 0.012176278 -2.182973623 -0.007052399 -0.012178343 0.999900997 81.865692139
0.999936521 0.000448395 0.011258299 1.671853662 -0.000577949 0.999933660 0.011506791 -2.190251112 -0.011252392 -0.011512566 0.999870420 82.386657715
0.999841690 0.001414888 0.017733380 1.698602438 -0.001625638 0.999928117 0.011875614 -2.208004475 -0.017715303 -0.011902562 0.999772251 82.878349304
0.999728858 0.000618965 0.023277851 1.741783738 -0.000880372 0.999936700 0.011221305 -2.208157539 -0.023269432 -0.011238757 0.999666035 83.421951294
0.999547601 0.000931123 0.030060196 1.741879106 -0.001294405 0.999926329 0.012067955 -2.222010612 -0.030046742 -0.012101406 0.999475241 84.103530884
0.999284029 0.000970986 0.037822604 1.768289089 -0.001402026 0.999934375 0.011371490 -2.214840889 -0.037809078 -0.011416376 0.999219775 84.640167236
0.998916864 0.000747103 0.046524800 1.830544472 -0.001312673 0.999925613 0.012126953 -2.251079559 -0.046512272 -0.012174891 0.998843491 85.176734924
0.998586535 0.000211489 0.053149279 1.887472153 -0.000852565 0.999927163 0.012039428 -2.261213779 -0.053142864 -0.012067724 0.998513997 85.701644897
0.998077989 -0.000071442 0.061969306 1.943208694 -0.000655540 0.999931216 0.011710910 -2.275227785 -0.061965879 -0.011729024 0.998009324 86.237312317
0.997409165 0.000108856 0.071937047 2.010321617 -0.000965606 0.999929011 0.011875048 -2.297406673 -0.071930639 -0.011913748 0.997338414 86.763450623
0.996736348 -0.000597539 0.080724880 2.069726467 -0.000351897 0.999930918 0.011746648 -2.306909084 -0.080726318 -0.011736717 0.996667206 87.326187134
0.996074200 -0.000699710 0.088519275 2.146636963 -0.000330052 0.999932408 0.011618027 -2.318098783 -0.088521443 -0.011601634 0.996006727 87.845855713
0.995054066 -0.001278369 0.099325821 2.225926876 0.000111813 0.999930978 0.011749419 -2.332038641 -0.099333979 -0.011680203 0.994985580 88.379623413
0.993983984 -0.001308519 0.109517060 2.313141346 0.000004906 0.999929190 0.011902700 -2.342615366 -0.109524883 -0.011830557 0.993913651 88.923446655
0.992939770 -0.001999321 0.118602827 2.403848648 0.000606512 0.999930561 0.011778401 -2.362447739 -0.118618123 -0.011623308 0.992871940 89.446716309
0.991559386 -0.001859599 0.129639775 2.502022743 0.000332272 0.999930322 0.011801953 -2.371324062 -0.129652649 -0.011659265 0.991490901 89.989807129
0.989853740 -0.001339158 0.142083630 2.600495338 -0.000263214 0.999936521 0.011258273 -2.380720377 -0.142089710 -0.011181442 0.989790559 90.544364929
0.988205016 -0.002106454 0.153122380 2.707196236 0.000350918 0.999933898 0.011491033 -2.393533230 -0.153136477 -0.011301766 0.988140345 91.097709656
0.986713886 -0.002891159 0.162441894 2.819234848 0.001067172 0.999935389 0.011314689 -2.398591518 -0.162464082 -0.010991007 0.986653268 91.644416809
0.984602571 -0.002604736 0.174788490 2.938485146 0.000670488 0.999937892 0.011124360 -2.410952330 -0.174806595 -0.010835879 0.984543145 92.189537048
0.982349217 -0.002798595 0.187035277 3.069856644 0.000768006 0.999940097 0.010928293 -2.419197559 -0.187054649 -0.010591757 0.982292354 92.730392456
0.980285525 -0.003468481 0.197555631 3.204401016 0.001350777 0.999940217 0.010853278 -2.426814795 -0.197581455 -0.010372457 0.980231583 93.263557434
0.977556348 -0.003769977 0.210640311 3.347669601 0.001557912 0.999941885 0.010666577 -2.438996315 -0.210668296 -0.010099023 0.977505386 93.802078247
0.974627614 -0.004587113 0.223785952 3.497316360 0.002235105 0.999939501 0.010762257 -2.446312428 -0.223821834 -0.009989006 0.974578917 94.327919006
0.972139060 -0.005953221 0.234328941 3.660177231 0.003472431 0.999933362 0.010997951 -2.462279320 -0.234378844 -0.009877848 0.972095132 94.848556519
0.969041944 -0.005766232 0.246828869 3.829944611 0.003145010 0.999934435 0.011012519 -2.474970818 -0.246876180 -0.009895312 0.968996525 95.405952454
0.965320766 -0.005974168 0.260998338 3.999029160 0.003155754 0.999932051 0.011216341 -2.485170364 -0.261047602 -0.010003720 0.965274096 95.935455322
0.961921036 -0.006799616 0.273242801 4.182418823 0.003879479 0.999929488 0.011225852 -2.500173092 -0.273299873 -0.009738344 0.961879611 96.457260132
0.958726227 -0.006896207 0.284247100 4.369516373 0.003782394 0.999926686 0.011502038 -2.515572071 -0.284305602 -0.009952172 0.958682060 96.961593628
0.954447269 -0.006569466 0.298307300 4.562845230 0.003299950 0.999928832 0.011462579 -2.522659779 -0.298361361 -0.009956026 0.954401076 97.486709595
0.949935079 -0.006958220 0.312369823 4.762350082 0.003429738 0.999924004 0.011843853 -2.536353588 -0.312428534 -0.010179542 0.949886739 98.005149841
0.946087122 -0.007644735 0.323821992 4.967302322 0.003971564 0.999920070 0.012002517 -2.547004461 -0.323887855 -0.010069346 0.946041822 98.528518677
0.941600919 -0.007187095 0.336654156 5.179262161 0.003278877 0.999920428 0.012176083 -2.562740803 -0.336715043 -0.010361163 0.941549599 99.044364929
0.936468899 -0.007777460 0.350664347 5.396198273 0.003703645 0.999917686 0.012286593 -2.570791483 -0.350731105 -0.010207275 0.936420500 99.551864624
0.931718528 -0.008357586 0.363084972 5.611928940 0.004047757 0.999912083 0.012629225 -2.585904121 -0.363158613 -0.010297203 0.931670368 100.050331116
0.927063406 -0.008376159 0.374810934 5.835815430 0.004069039 0.999916315 0.012281393 -2.594065666 -0.374882430 -0.009860510 0.927019894 100.553161621
0.921228349 -0.008563182 0.388928056 6.072729111 0.004084643 0.999915481 0.012340512 -2.598876476 -0.389000803 -0.009779798 0.921185493 101.063728333
0.915715456 -0.009057540 0.401725531 6.320289612 0.004397655 0.999911964 0.012520346 -2.610787868 -0.401803643 -0.009698424 0.915674508 101.560272217
0.911088884 -0.010080907 0.412086666 6.575168610 0.005414801 0.999907374 0.012489144 -2.621052265 -0.412174374 -0.009147352 0.911059082 102.066192627
0.905693769 -0.010666287 0.423798293 6.842025757 0.005943708 0.999904633 0.012463686 -2.628516674 -0.423890859 -0.008769350 0.905670762 102.558685303
0.899182856 -0.010663854 0.437443048 7.105056763 0.005765456 0.999904931 0.012524238 -2.641528845 -0.437534988 -0.008739522 0.899158895 103.042282104
0.893482208 -0.011742012 0.448945075 7.389205933 0.006772660 0.999896705 0.012673155 -2.651335239 -0.449047536 -0.008282684 0.893469453 103.530014038
0.887790501 -0.012273330 0.460084140 7.662952423 0.007261918 0.999893486 0.012660641 -2.660249472 -0.460190535 -0.007898904 0.887784958 104.003311157
0.880649865 -0.012162184 0.473611623 7.952709198 0.007103968 0.999897063 0.012467652 -2.670871258 -0.473714411 -0.007615112 0.880645573 104.484474182
0.873527706 -0.012590715 0.486611515 8.252998352 0.007408595 0.999893546 0.012572161 -2.681977034 -0.486718029 -0.007377022 0.873527944 104.958854675
