1.000000000 0.000000000 0.000000000 0.000000000 0.000000000 1.000000000 0.000000000 0.000000000 0.000000000 0.000000000 1.000000000 0.000000000
1.000000000 0.000057907 -0.000025651 0.000259645 -0.000057907 1.000000000 0.000018535 0.000521502 0.000025652 -0.000018533 1.000000000 0.002359204
1.000000000 0.000024317 -0.000039315 0.000953175 -0.000024315 1.000000000 0.000056958 -0.001091444 0.000039316 -0.000056957 1.000000000 0.001099915
1.000000000 -0.000027139 -0.000039483 0.000662051 0.000027137 1.000000000 -0.000035027 0.000464189 0.000039484 0.000035026 1.000000000 -0.001637745
1.000000000 -0.000156019 -0.000118836 0.001388419 0.000156026 1.000000000 0.000064692 -0.000678338 0.000118825 -0.000064710 1.000000000 0.000298387
1.000000000 -0.000152445 -0.000113725 -0.000611690 0.000152449 1.000000000 0.000038178 0.000010209 0.000113719 -0.000038196 1.000000000 -0.000544246
1.000000000 -0.000130965 -0.000061859 0.000858986 0.000130969 1.000000000 0.000060850 -0.000826091 0.000061851 -0.000060858 1.000000000 0.001111786
1.000000000 -0.000155856 -0.000061386 0.000074416 0.000155861 1.000000000 0.000082048 -0.000837177 0.000061373 -0.000082057 1.000000000 -0.000490038
1.000000000 -0.000041282 -0.000091607 0.000633382 0.000041288 1.000000000 0.000070831 -0.000134954 0.000091604 -0.000070835 1.000000000 -0.001878680
1.000000000 -0.000036416 -0.000010223 -0.000375119 0.000036416 1.000000000 0.000055907 0.000641945 0.000010221 -0.000055908 1.000000000 0.002789019
1.000000000 -0.000062643 -0.000073769 0.000961138 0.000062643 1.000000000 0.000003836 0.000530163 0.000073768 -0.000003840 1.000000000 0.000100511
1.000000000 -0.000109849 -0.000134787 0.001088572 0.000109857 1.000000000 0.000061990 0.000130109 0.000134780 -0.000062005 1.000000000 -0.000354889
1.000000000 -0.000100591 -0.000046747 -0.000087384 0.000100590 1.000000000 -0.000028736 0.001759144 0.000046750 0.000028731 1.000000000 0.002621737
0.999999940 -0.000223300 -0.000130379 0.001022425 0.000223313 0.999999940 0.000099296 0.000145126 0.000130357 -0.000099325 1.000000000 -0.001520405
1.000000000 -0.000122825 -0.000140974 0.001088523 0.000122832 1.000000000 0.000049946 -0.000515476 0.000140968 -0.000049964 1.000000000 -0.002181299
1.000000000 -0.000154413 -0.000174650 0.003246180 0.000154437 1.000000000 0.000140211 -0.000887669 0.000174628 -0.000140238 1.000000000 -0.005016599
1.000000000 -0.000134121 -0.000074967 0.001643654 0.000134126 1.000000000 0.000067210 -0.000447569 0.000074958 -0.000067220 1.000000000 -0.003592150
1.000000000 -0.000086001 -0.000083720 0.001536451 0.000086003 1.000000000 0.000033283 -0.000104414 0.000083718 -0.000033290 1.000000000 -0.000833302
1.000000000 -0.000007953 -0.000117577 0.001716338 0.000007969 1.000000000 0.000128501 -0.000898291 0.000117576 -0.000128502 1.000000000 -0.003595833
0.999999940 -0.000228099 -0.000143538 0.001570187 0.000228109 1.000000000 0.000069444 -0.000012713 0.000143522 -0.000069477 1.000000000 -0.003156668
1.000000000 -0.000191638 -0.000107174 0.000843941 0.000191648 1.000000000 0.000090648 0.000382084 0.000107156 -0.000090668 1.000000000 0.001290474
1.000000000 -0.000192044 -0.000110987 0.000407177 0.000192055 1.000000000 0.000105494 -0.001559908 0.000110967 -0.000105515 1.000000000 -0.003713419
1.000000000 -0.000064630 -0.000161175 0.003668343 0.000064648 1.000000000 0.000111684 -0.000698180 0.000161168 -0.000111695 1.000000000 -0.002584358
1.000000000 -0.000070834 -0.000138417 0.002790654 0.000070847 1.000000000 0.000090741 -0.001195780 0.000138411 -0.000090751 1.000000000 -0.001309443
0.999999940 -0.000193468 -0.000192756 0.002872161 0.000193492 1.000000000 0.000125293 -0.001251433 0.000192732 -0.000125331 1.000000000 -0.005291357
0.999999940 -0.000217003 -0.000197504 0.002837968 0.000217021 1.000000000 0.000091160 0.000511850 0.000197485 -0.000091203 1.000000000 -0.001355086
0.999999940 -0.000206030 -0.000160934 0.002959478 0.000206041 1.000000000 0.000068558 0.000255582 0.000160920 -0.000068591 1.000000000 -0.003090238
0.999999940 -0.000250215 -0.000168923 0.003413899 0.000250232 0.999999940 0.000100453 -0.000636267 0.000168898 -0.000100495 1.000000000 -0.003725066
0.999999940 -0.000229537 -0.000114266 0.000321861 0.000229545 1.000000000 0.000071159 -0.000898817 0.000114250 -0.000071185 1.000000000 -0.002802527
1.000000000 -0.000093587 -0.000193128 0.002603236 0.000093619 1.000000000 0.000163118 -0.001054363 0.000193113 -0.000163136 0.999999940 -0.002903591
0.999999940 -0.000236609 -0.000195826 0.003649769 0.000236630 0.999999940 0.000107556 -0.000735297 0.000195801 -0.000107602 1.000000000 -0.003441104
0.999999940 -0.000181335 -0.000209873 0.002849141 0.000181359 1.000000000 0.000117055 -0.000421063 0.000209852 -0.000117093 1.000000000 -0.002918049
1.000000000 -0.000176889 -0.000152104 0.002457370 0.000176905 1.000000000 0.000107202 -0.000519159 0.000152085 -0.000107229 1.000000000 -0.004778590
1.000000000 -0.000097949 -0.000145942 0.002731224 0.000097959 1.000000000 0.000066185 -0.000907621 0.000145936 -0.000066200 1.000000000 -0.002764485
1.000000000 -0.000121775 -0.000151491 0.002653672 0.000121788 1.000000000 0.000084957 -0.000565305 0.000151480 -0.000084976 1.000000000 -0.001587312
0.999999940 -0.000207544 -0.000163353 0.002189964 0.000207569 0.999999940 0.000153192 -0.001691313 0.000163321 -0.000153226 1.000000000 -0.005074779
0.999999940 -0.000220024 -0.000231871 0.003264653 0.000220046 1.000000000 0.000093259 0.000298172 0.000231851 -0.000093310 0.999999940 -0.002335523
0.999999940 -0.000212906 -0.000207024 0.004056430 0.000212932 0.999999940 0.000127398 0.000441685 0.000206997 -0.000127442 1.000000000 -0.004209247
1.000000000 -0.000161191 -0.000109749 0.000942936 0.000161203 1.000000000 0.000103816 -0.000304962 0.000109732 -0.000103834 1.000000000 -0.003034319
1.000000000 -0.000151967 -0.000187514 0.002318013 0.000151998 1.000000000 0.000162152 -0.000779433 0.000187489 -0.000162181 0.999999940 -0.004457795
0.999999940 -0.000170400 -0.000209763 0.005030744 0.000170417 1.000000000 0.000078355 -0.001941182 0.000209749 -0.000078391 1.000000000 -0.001651951
1.000000000 -0.000223104 -0.000023350 0.001373351 0.000223091 0.999999821 -0.000537391 -0.002649332 0.000023469 0.000537386 0.999999881 0.050524808
1.000000000 -0.000023464 -0.000153962 0.003449427 0.000023293 0.999999404 -0.001107240 -0.004423597 0.000153988 0.001107236 0.999999404 0.141686529
1.000000000 -0.000139768 -0.000070569 0.003848986 0.000139665 0.999998927 -0.001469712 -0.007791863 0.000070774 0.001469702 0.999998927 0.258650124
1.000000000 -0.000105605 -0.000026717 0.006148563 0.000105568 0.999999046 -0.001382096 -0.011351099 0.000026863 0.001382093 0.999999046 0.392878264
1.000000000 -0.000049792 -0.000146415 0.010273847 0.000049622 0.999999344 -0.001160367 -0.018471673 0.000146473 0.001160360 0.999999344 0.529208124
1.000000000 0.000065970 -0.000055008 0.011832453 -0.000066032 0.999999344 -0.001128322 -0.020686183 0.000054933 0.001128325 0.999999344 0.686311424
1.000000000 0.000004943 0.000088998 0.015187914 -0.000004863 0.999999583 -0.000896294 -0.025379747 -0.000089003 0.000896294 0.999999583 0.846058726
0.999999940 0.000311390 0.000201223 0.012076643 -0.000311229 0.999999642 -0.000798043 -0.025219748 -0.000201471 0.000797980 0.999999642 1.028913736
1.000000000 0.000058149 -0.000194098 0.026099492 -0.000058258 0.999999821 -0.000561939 -0.038352165 0.000194065 0.000561950 0.999999821 1.188380480
1.000000000 0.000014201 -0.000008588 0.027683256 -0.000014204 0.999999940 -0.000284187 -0.040897194 0.000008584 0.000284187 0.999999940 1.366123319
0.999999762 0.000648375 0.000079432 0.024785237 -0.000648360 0.999999762 -0.000193395 -0.050674625 -0.000079558 0.000193343 1.000000000 1.617233992
0.999999821 0.000520232 0.000383189 0.025678387 -0.000520177 0.999999762 -0.000142993 -0.054753706 -0.000383264 0.000142794 0.999999940 1.812690496
0.999999881 0.000238646 0.000052002 0.035814662 -0.000238657 0.999999881 0.000220951 -0.062038939 -0.000051949 -0.000220963 1.000000000 2.017307043
0.999999821 0.000592384 0.000288695 0.034380689 -0.000592466 0.999999821 0.000283378 -0.069207653 -0.000288527 -0.000283549 0.999999940 2.228328228
0.999999642 0.000893066 0.000385269 0.037840899 -0.000893195 0.999999523 0.000333471 -0.075978525 -0.000384972 -0.000333815 0.999999821 2.446437359
0.999999642 0.000876420 0.000411489 0.044156320 -0.000876535 0.999999523 0.000278033 -0.083684653 -0.000411245 -0.000278394 0.999999881 2.667118311
0.999999583 0.000780206 0.000519063 0.048781626 -0.000780350 0.999999583 0.000278080 -0.089632973 -0.000518846 -0.000278485 0.999999821 2.902574062
0.999999642 0.000765018 0.000438937 0.054237731 -0.000765165 0.999999583 0.000333505 -0.094164684 -0.000438681 -0.000333840 0.999999881 3.130967140
0.999999702 0.000663111 0.000423535 0.057072103 -0.000663256 0.999999642 0.000341793 -0.101750687 -0.000423308 -0.000342073 0.999999881 3.372914076
0.999999762 0.000507492 0.000427551 0.069127128 -0.000507661 0.999999821 0.000395598 -0.111770421 -0.000427350 -0.000395815 0.999999821 3.629658699
0.999999702 0.000608745 0.000397428 0.074765325 -0.000609004 0.999999583 0.000654036 -0.120076217 -0.000397030 -0.000654278 0.999999702 3.878096104
0.999999583 0.000634107 0.000532652 0.077374324 -0.000634383 0.999999642 0.000518661 -0.126631245 -0.000532323 -0.000518999 0.999999702 4.143093586
0.999999285 0.000975002 0.000668332 0.077370189 -0.000975773 0.999998868 0.001155537 -0.137927696 -0.000667205 -0.001156188 0.999999046 4.399344444
0.999999762 0.000523287 0.000310733 0.086355574 -0.000523659 0.999999106 0.001197860 -0.146847919 -0.000310106 -0.001198023 0.999999166 4.656068802
0.999999523 0.000648843 0.000707591 0.089057587 -0.000649941 0.999998569 0.001552056 -0.153197452 -0.000706583 -0.001552515 0.999998510 4.913704395
0.999999404 0.000797216 0.000625161 0.095214352 -0.000798284 0.999998212 0.001710507 -0.163646460 -0.000623796 -0.001711005 0.999998391 5.174515724
0.999999642 0.000621360 0.000578114 0.102739431 -0.000622264 0.999998629 0.001566130 -0.170071557 -0.000577141 -0.001566490 0.999998569 5.438828945
0.999999762 0.000010720 0.000640047 0.098650426 -0.000012037 0.999997854 0.002057537 -0.187714323 -0.000640023 -0.002057545 0.999997616 5.703487873
1.000000000 -0.000073404 0.000330549 0.104695335 0.000072669 0.999997497 0.002223079 -0.195974007 -0.000330711 -0.002223055 0.999997437 5.977830887
0.999999881 -0.000290900 0.000491802 0.109496482 0.000289792 0.999997377 0.002252357 -0.206043303 -0.000492456 -0.002252214 0.999997377 6.251899719
0.999999762 -0.000086013 0.000708394 0.115119584 0.000084377 0.999997258 0.002309858 -0.211770251 -0.000708591 -0.002309797 0.999997139 6.548547745
0.999999702 0.000143477 0.000864343 0.120047197 -0.000145325 0.999997675 0.002139125 -0.218943283 -0.000864034 -0.002139250 0.999997318 6.812558174
0.999999523 0.000304772 0.000950391 0.122355402 -0.000306972 0.999997199 0.002316183 -0.231984645 -0.000949682 -0.002316474 0.999996841 7.110692024
0.999999225 0.000824377 0.001051797 0.134287328 -0.000826785 0.999997020 0.002290852 -0.254107296 -0.001049905 -0.002291720 0.999996841 7.416275024
0.999998868 0.001104001 0.001024136 0.139046803 -0.001106481 0.999996424 0.002424185 -0.260779291 -0.001021456 -0.002425315 0.999996543 7.739126682
0.999999642 0.000411849 0.000758408 0.155947670 -0.000413788 0.999996662 0.002557238 -0.277102113 -0.000757352 -0.002557551 0.999996483 8.054234505
0.999999106 0.000780103 0.001065208 0.155868754 -0.000783165 0.999995470 0.002876996 -0.287157893 -0.001062959 -0.002877828 0.999995291 8.362390518
0.999999523 0.000557317 0.000810845 0.169582903 -0.000559749 0.999995291 0.003002708 -0.297331154 -0.000809168 -0.003003160 0.999995112 8.681488037
0.999998868 0.000928556 0.001190041 0.172944218 -0.000932172 0.999994934 0.003041369 -0.304566622 -0.001187210 -0.003042475 0.999994695 9.019382477
0.999998212 0.001390844 0.001220965 0.178089544 -0.001394677 0.999994040 0.003143566 -0.317159623 -0.001216586 -0.003145264 0.999994278 9.360097885
0.999997556 0.001476672 0.001629241 0.175911218 -0.001481317 0.999994814 0.002853375 -0.331927449 -0.001625019 -0.002855782 0.999994576 9.694239616
0.999997735 0.001512188 0.001454361 0.189786628 -0.001516650 0.999994099 0.003072190 -0.342987776 -0.001449706 -0.003074389 0.999994159 10.035775185
0.999998271 0.001160395 0.001392017 0.190569535 -0.001164500 0.999994934 0.002951862 -0.352929652 -0.001388585 -0.002953478 0.999994695 10.403584480
0.999997795 0.001372723 0.001583105 0.204745382 -0.001377755 0.999993920 0.003181612 -0.365277022 -0.001578729 -0.003183786 0.999993682 10.762638092
0.999998689 0.000928011 0.001266542 0.213326231 -0.000932712 0.999992669 0.003716393 -0.383384496 -0.001263084 -0.003717569 0.999992311 11.133701324
0.999999166 0.000738431 0.001077672 0.224179655 -0.000742357 0.999993026 0.003647039 -0.394861877 -0.001074972 -0.003647835 0.999992788 11.507017136
0.999998033 0.001360298 0.001419456 0.230319232 -0.001365721 0.999991715 0.003826496 -0.404162526 -0.001414239 -0.003828428 0.999991715 11.899335861
0.999998868 0.000793410 0.001263078 0.242113665 -0.000798562 0.999991298 0.004083321 -0.417498767 -0.001259828 -0.004084325 0.999990880 12.270677567
0.999997437 0.001563381 0.001619944 0.254956245 -0.001569840 0.999990821 0.003993339 -0.425639242 -0.001613686 -0.003995872 0.999990642 12.655899048
0.999996722 0.001859703 0.001775320 0.258923680 -0.001866927 0.999989986 0.004076177 -0.435094416 -0.001767722 -0.004079478 0.999990106 13.062201500
0.999997914 0.001481717 0.001365148 0.279979587 -0.001487473 0.999989986 0.004225554 -0.453379691 -0.001358873 -0.004227576 0.999990106 13.439390182
0.999997318 0.001582382 0.001673396 0.283523262 -0.001589600 0.999989450 0.004320614 -0.459940344 -0.001666542 -0.004323263 0.999989271 13.865751266
0.999995172 0.002222244 0.002178200 0.297300577 -0.002232692 0.999986053 0.004805520 -0.476998627 -0.002167491 -0.004810360 0.999986053 14.274348259
0.999996603 0.001577737 0.002083103 0.300073594 -0.001587573 0.999987483 0.004728351 -0.515121341 -0.002075616 -0.004731642 0.999986649 14.701712608
0.999998212 0.000447454 0.001876793 0.315301508 -0.000456477 0.999988258 0.004809276 -0.523419321 -0.001874619 -0.004810123 0.999986649 15.118391037
0.999997020 0.000968820 0.002260739 0.326020479 -0.000980610 0.999985814 0.005219680 -0.542107821 -0.002255650 -0.005221881 0.999983847 15.548911095
0.999996483 0.000778015 0.002508905 0.336099327 -0.000791443 0.999985337 0.005355513 -0.566264868 -0.002504701 -0.005357480 0.999982536 15.962365150
0.999997020 0.000567793 0.002361059 0.350054741 -0.000580746 0.999984741 0.005489079 -0.578558445 -0.002357906 -0.005490433 0.999982119 16.404804230
0.999996662 0.000407264 0.002521085 0.365218222 -0.000421267 0.999984503 0.005556449 -0.592771947 -0.002518783 -0.005557492 0.999981403 16.845506668
0.999995112 0.000968011 0.002944910 0.371926337 -0.000983848 0.999984980 0.005381438 -0.605103612 -0.002939656 -0.005384309 0.999981165 17.318340302
0.999994218 0.000752765 0.003290546 0.381095678 -0.000771406 0.999983668 0.005667431 -0.616375566 -0.003286226 -0.005669937 0.999978542 17.787057877
0.999994218 0.000488463 0.003372289 0.399861515 -0.000507567 0.999983847 0.005666374 -0.629979551 -0.003369467 -0.005668052 0.999978244 18.246421814
0.999993205 0.000074132 0.003663454 0.411294967 -0.000095073 0.999983668 0.005716256 -0.639371872 -0.003662971 -0.005716565 0.999976933 18.720182419
0.999993324 0.000401768 0.003639220 0.419701159 -0.000425720 0.999978244 0.006583342 -0.689751267 -0.003636495 -0.006584847 0.999971688 19.131690979
0.999993384 0.000461293 0.003626359 0.434752107 -0.000486966 0.999974847 0.007081860 -0.701360822 -0.003623001 -0.007083579 0.999968350 19.616876602
0.999994099 0.000460521 0.003425568 0.444713116 -0.000485086 0.999974251 0.007173526 -0.710800350 -0.003422176 -0.007175145 0.999968350 20.105390549
0.999993742 0.000608513 0.003503416 0.452738553 -0.000632185 0.999977052 0.006759534 -0.715017557 -0.003499222 -0.006761706 0.999970973 20.601446152
0.999996483 -0.000258605 0.002642756 0.491417289 0.000240107 0.999975502 0.006997524 -0.749888599 -0.002644502 -0.006996864 0.999972045 21.083303452
0.999997377 -0.000126557 0.002279484 0.498036623 0.000110576 0.999975502 0.007009496 -0.759716451 -0.002280315 -0.007009224 0.999972880 21.587568283
0.999997854 -0.000077756 0.002085828 0.497194529 0.000063235 0.999975801 0.006960995 -0.772179842 -0.002086318 -0.006960847 0.999973655 22.094177246
0.999998569 -0.000124660 0.001721347 0.505841911 0.000112052 0.999973238 0.007322547 -0.779514968 -0.001722214 -0.007322343 0.999971747 22.604320526
0.999999046 -0.000433561 0.001299008 0.520696163 0.000423937 0.999972463 0.007399677 -0.808106661 -0.001302180 -0.007399120 0.999971747 23.058036804
0.999999166 -0.001258378 0.000206188 0.535632551 0.001256849 0.999972820 0.007257737 -0.823672175 -0.000215315 -0.007257472 0.999973595 23.582033157
0.999998271 -0.001865842 -0.000125661 0.542347431 0.001866753 0.999968708 0.007688389 -0.840139866 0.000111311 -0.007688610 0.999970436 24.085662842
0.999999285 -0.001068124 -0.000359758 0.547866404 0.001070792 0.999971330 0.007497653 -0.845860422 0.000351739 -0.007498034 0.999971807 24.609258652
0.999998689 -0.001089897 -0.001225905 0.559659123 0.001099276 0.999969900 0.007675610 -0.856538355 0.001217502 -0.007676947 0.999969780 25.134634018
0.999996424 -0.001368608 -0.002289176 0.577041984 0.001386648 0.999967873 0.007897737 -0.865640879 0.002278294 -0.007900884 0.999966145 25.662721634
0.999997258 -0.000827013 -0.002202049 0.567331254 0.000845282 0.999965131 0.008308677 -0.888239264 0.002195101 -0.008310514 0.999963045 26.185010910
0.999997556 -0.000688898 -0.002121009 0.570467889 0.000708370 0.999957561 0.009193322 -0.903472900 0.002114585 -0.009194802 0.999955475 26.733335495
0.999993443 -0.001438117 -0.003331649 0.595885634 0.001467895 0.999958813 0.008952891 -0.910393238 0.003318637 -0.008957721 0.999954343 27.289741516
0.999993205 -0.000498299 -0.003648052 0.595896065 0.000530220 0.999961555 0.008754655 -0.931114793 0.003643550 -0.008756530 0.999954998 27.793188095
0.999993563 0.000055137 -0.003602385 0.596466720 -0.000023364 0.999961138 0.008819574 -0.939692140 0.003602731 -0.008819433 0.999954581 28.340093613
0.999990404 -0.000329156 -0.004358439 0.614924133 0.000368143 0.999959946 0.008947614 -0.958059847 0.004355319 -0.008949132 0.999950409 28.884801865
0.999988258 -0.000897855 -0.004760846 0.619096339 0.000941921 0.999956608 0.009261779 -0.972089767 0.004752324 -0.009266153 0.999945760 29.396503448
0.999986768 -0.001146415 -0.005014679 0.629635036 0.001193317 0.999955535 0.009360037 -0.983493567 0.005003726 -0.009365897 0.999943554 29.938648224
0.999984920 -0.001047858 -0.005386661 0.634209275 0.001097523 0.999956846 0.009225278 -0.994656920 0.005376762 -0.009231050 0.999942958 30.476379395
0.999983549 -0.001101660 -0.005622577 0.643817902 0.001153008 0.999957621 0.009137337 -1.002626777 0.005612273 -0.009143668 0.999942422 31.025407791
0.999980867 -0.001151231 -0.006071009 0.658374786 0.001205543 0.999959171 0.008950115 -1.014764309 0.006060458 -0.008957260 0.999941528 31.567264557
0.999977887 -0.001806508 -0.006402729 0.673774481 0.001868684 0.999951005 0.009718229 -1.038118720 0.006384860 -0.009729979 0.999932349 32.129665375
0.999979198 -0.001168214 -0.006340144 0.669279456 0.001231660 0.999949098 0.010012288 -1.069997549 0.006328125 -0.010019888 0.999929786 32.579681396
0.999978006 -0.000846482 -0.006574586 0.673000455 0.000912748 0.999948740 0.010082567 -1.079364538 0.006565715 -0.010088346 0.999927521 33.131237030
0.999977171 -0.000578792 -0.006724729 0.674900591 0.000646017 0.999949753 0.009998844 -1.083557606 0.006718604 -0.010002961 0.999927402 33.683971405
0.999974668 -0.000599751 -0.007079435 0.686116636 0.000671793 0.999947965 0.010178187 -1.094233513 0.007072963 -0.010182686 0.999923170 34.211883545
0.999972701 -0.001534474 -0.007244865 0.691067219 0.001609461 0.999945104 0.010355758 -1.135242820 0.007228577 -0.010367136 0.999920130 34.750221252
0.999971867 -0.001454870 -0.007357524 0.696483970 0.001532228 0.999943554 0.010519484 -1.145324826 0.007341804 -0.010530463 0.999917567 35.298770905
0.999968708 -0.002058687 -0.007636634 0.705297887 0.002138844 0.999942601 0.010503050 -1.153616905 0.007614573 -0.010519056 0.999915719 35.860141754
0.999970376 -0.000896796 -0.007641397 0.706963360 0.000973477 0.999949098 0.010037130 -1.169716954 0.007632007 -0.010044272 0.999920428 36.396690369
0.999968827 -0.000193784 -0.007897642 0.718206763 0.000274868 0.999947190 0.010267119 -1.179805279 0.007895235 -0.010268970 0.999916077 36.931148529
0.999966979 -0.001874674 -0.007903791 0.714225054 0.001963950 0.999934196 0.011302698 -1.218218684 0.007882082 -0.011317848 0.999904871 37.423919678
0.999964833 -0.002456530 -0.008015032 0.724590421 0.002550101 0.999928415 0.011685237 -1.229055643 0.007985754 -0.011705265 0.999899626 37.971473694
0.999965668 -0.002124745 -0.007999862 0.734511495 0.002219863 0.999926746 0.011899934 -1.238324761 0.007973992 -0.011917284 0.999897182 38.504802704
0.999963641 -0.002617657 -0.008111276 0.746303678 0.002713833 0.999925852 0.011868752 -1.255628824 0.008079606 -0.011890333 0.999896646 39.029212952
0.999961138 -0.002080139 -0.008567464 0.742700875 0.002185420 0.999921918 0.012297441 -1.300848722 0.008541215 -0.012315688 0.999887705 39.595252991
0.999959111 -0.002206448 -0.008763529 0.761078715 0.002316767 0.999917924 0.012598249 -1.317986369 0.008735013 -0.012618037 0.999882281 40.114238739
0.999962926 -0.002147715 -0.008342073 0.756788373 0.002250947 0.999920666 0.012385141 -1.323244572 0.008314813 -0.012403459 0.999888539 40.688213348
0.999959946 -0.002013879 -0.008715036 0.771386623 0.002122237 0.999920309 0.012442147 -1.334074974 0.008689286 -0.012460147 0.999884605 41.241744995
0.999957681 -0.001810117 -0.009014573 0.783109605 0.001919589 0.999924362 0.012150137 -1.338117003 0.008991898 -0.012166930 0.999885559 41.792797089
0.999956906 -0.002537874 -0.008931923 0.771195114 0.002653570 0.999912381 0.012965059 -1.369307399 0.008898238 -0.012988201 0.999876022 42.283767700
0.999956191 -0.002648707 -0.008979143 0.780610561 0.002766865 0.999909401 0.013172319 -1.377780437 0.008943440 -0.013196585 0.999872923 42.828704834
0.999951124 -0.002682659 -0.009516992 0.792492151 0.002808588 0.999908328 0.013243357 -1.392331362 0.009480593 -0.013269437 0.999867022 43.383686066
0.999955058 -0.002744349 -0.009072285 0.784978986 0.002862530 0.999910831 0.013039305 -1.399289012 0.009035693 -0.013064687 0.999873817 43.901569366
0.999954641 -0.002425101 -0.009210979 0.790145218 0.002545112 0.999911666 0.013039747 -1.410277605 0.009178544 -0.013062599 0.999872506 44.434757233
0.999957204 -0.002079604 -0.009016289 0.793304920 0.002195603 0.999914706 0.012874647 -1.419666648 0.008988749 -0.012893895 0.999876440 44.990695953
0.999954939 -0.002729306 -0.009094772 0.812003493 0.002847924 0.999910653 0.013055087 -1.429803371 0.009058327 -0.013080400 0.999873459 45.503299713
0.999951661 -0.002675842 -0.009461681 0.815459371 0.002800991 0.999908388 0.013238498 -1.439868927 0.009425392 -0.013264362 0.999867618 46.043621063
0.999952972 -0.002461295 -0.009377579 0.814635992 0.002590463 0.999901533 0.013786983 -1.453829050 0.009342723 -0.013810629 0.999860942 46.593601227
0.999948919 -0.002770809 -0.009715523 0.824051499 0.002906365 0.999898255 0.013966323 -1.476210117 0.009675837 -0.013993846 0.999855280 47.102893829
0.999946356 -0.002826381 -0.009959074 0.831095099 0.002964883 0.999898732 0.013919919 -1.482310772 0.009918722 -0.013948699 0.999853492 47.646518707
0.999949336 -0.002835058 -0.009657865 0.839180648 0.002969828 0.999897957 0.013968804 -1.496482134 0.009617278 -0.013996779 0.999855816 48.161270142
0.999950111 -0.003080587 -0.009501335 0.848490953 0.003214303 0.999895573 0.014090348 -1.510271549 0.009456936 -0.014120185 0.999855638 48.706920624
0.999948502 -0.002802247 -0.009756065 0.849816501 0.002937596 0.999899209 0.013886702 -1.515242457 0.009716168 -0.013914645 0.999855995 49.228370667
0.999952257 -0.002117495 -0.009541346 0.853506327 0.002249454 0.999901712 0.013840841 -1.517598391 0.009511101 -0.013861644 0.999858677 49.811824799
0.999949455 -0.002653691 -0.009696013 0.855159521 0.002790145 0.999896884 0.014086828 -1.535870671 0.009657632 -0.014113171 0.999853790 50.287460327
0.999951005 -0.002573532 -0.009561155 0.859694004 0.002708912 0.999895930 0.014173510 -1.540651321 0.009523684 -0.014198716 0.999853849 50.841346741
0.999948084 -0.002814947 -0.009785096 0.868447363 0.002955923 0.999891639 0.014422744 -1.554289699 0.009743436 -0.014450919 0.999848068 51.358493805
0.999945998 -0.002990926 -0.009954692 0.897222757 0.003130407 0.999896646 0.014025573 -1.549840093 0.009911714 -0.014055978 0.999852121 51.942272186
0.999949217 -0.002549577 -0.009750175 0.876976073 0.002691337 0.999890447 0.014553931 -1.571277618 0.009712001 -0.014579433 0.999846518 52.416755676
0.999947786 -0.002578984 -0.009893295 0.880480766 0.002721297 0.999892652 0.014398307 -1.579216003 0.009855102 -0.014424477 0.999847412 52.959960938
0.999947309 -0.002750751 -0.009888690 0.891336679 0.002892515 0.999892771 0.014350281 -1.589898825 0.009848155 -0.014378129 0.999848068 53.491184235
0.999949396 -0.002549108 -0.009731591 0.893514335 0.002689780 0.999891639 0.014469557 -1.596977234 0.009693653 -0.014495000 0.999847949 54.031620026
0.999948323 -0.002792065 -0.009771946 0.900362849 0.002932284 0.999892473 0.014364236 -1.607148409 0.009730790 -0.014392150 0.999849021 54.584098816
0.999950111 -0.002547344 -0.009659078 0.897638977 0.002687225 0.999891222 0.014496644 -1.615334272 0.009621101 -0.014521874 0.999848247 55.070785522
0.999953628 -0.001717542 -0.009475827 0.901812196 0.001854199 0.999894083 0.014431687 -1.624282598 0.009450037 -0.014448588 0.999850988 55.620433807
0.999953985 -0.002035764 -0.009378172 0.901760936 0.002172655 0.999890924 0.014609867 -1.639355063 0.009347407 -0.014629569 0.999849260 56.162658691
0.999955952 -0.001980067 -0.009176257 0.902743518 0.002112806 0.999892950 0.014478348 -1.647326112 0.009146609 -0.014497098 0.999853075 56.719627380
0.999958694 -0.001941945 -0.008888616 0.906363070 0.002076888 0.999882340 0.015197510 -1.667418242 0.008858057 -0.015215339 0.999845028 57.227802277
0.999948323 -0.002719019 -0.009793689 0.934838474 0.002861837 0.999889314 0.014598159 -1.659799457 0.009752914 -0.014625433 0.999845505 57.697315216
0.999952555 -0.002185335 -0.009487445 0.937522233 0.002326751 0.999885976 0.014920158 -1.668663502 0.009453757 -0.014941528 0.999843657 58.246288300
0.999950171 -0.001917054 -0.009795991 0.949488461 0.002060615 0.999890327 0.014666081 -1.675546408 0.009766803 -0.014685540 0.999844432 58.771598816
0.999947429 -0.002912140 -0.009825649 0.950627625 0.003055741 0.999888301 0.014631792 -1.676939368 0.009781941 -0.014661049 0.999844670 59.306861877
0.999947369 -0.002861350 -0.009847448 0.956772268 0.003005016 0.999888837 0.014605447 -1.678577781 0.009804563 -0.014634272 0.999844849 59.864715576
0.999944031 -0.003263029 -0.010059959 0.981072128 0.003410699 0.999886215 0.014696875 -1.701422691 0.010010859 -0.014730363 0.999841332 60.375606537
0.999946117 -0.002638215 -0.010039052 0.985503495 0.002790221 0.999881268 0.015157741 -1.704684973 0.009997871 -0.015184936 0.999834716 60.941951752
0.999931574 -0.004248034 -0.010899382 0.989345670 0.004410582 0.999878705 0.014932995 -1.721912742 0.010834623 -0.014980046 0.999829113 61.432601929
0.999946356 -0.002772879 -0.009979573 0.988418758 0.002918168 0.999889553 0.014573610 -1.725808144 0.009938060 -0.014601952 0.999844015 61.991252899
0.999948680 -0.002588201 -0.009781068 0.988490105 0.002733210 0.999886096 0.014841277 -1.728254080 0.009741542 -0.014867251 0.999842048 62.547641754
0.999948740 -0.002242443 -0.009876937 0.994201779 0.002389359 0.999886334 0.014887997 -1.741291642 0.009842429 -0.014910833 0.999840379 63.102138519
0.999945819 -0.002581706 -0.010082847 0.997541606 0.002732462 0.999884307 0.014966735 -1.749603033 0.010043041 -0.014993475 0.999837220 63.601802826
0.999942541 -0.002808518 -0.010345968 0.995708823 0.002959820 0.999888480 0.014638090 -1.757187366 0.010303706 -0.014667871 0.999839246 64.116508484
0.999939620 -0.003012408 -0.010564699 1.003726006 0.003167594 0.999886930 0.014703269 -1.767225385 0.010519211 -0.014735846 0.999836028 64.663665771
0.999947369 -0.002429794 -0.009970287 1.002556801 0.002576719 0.999887943 0.014750027 -1.773105145 0.009933330 -0.014774939 0.999841452 65.222915649
0.999943316 -0.002728900 -0.010292417 1.016394138 0.002881159 0.999886155 0.014807590 -1.782276630 0.010250838 -0.014836405 0.999837339 65.750938416
0.999952435 -0.001650551 -0.009613384 1.013804197 0.001789369 0.999894023 0.014449425 -1.787401557 0.009588515 -0.014465940 0.999849379 66.243583679
0.999942482 -0.002780718 -0.010359662 1.023939133 0.002931555 0.999889433 0.014573345 -1.805567741 0.010317991 -0.014602877 0.999840081 66.730606079
0.999933243 -0.003584750 -0.010991969 1.041739464 0.003743715 0.999888122 0.014475632 -1.817132950 0.010938848 -0.014515814 0.999834776 67.261795044
0.999944627 -0.002694158 -0.010167798 1.043048024 0.002844705 0.999886096 0.014820934 -1.827432513 0.010126707 -0.014849041 0.999838412 67.794517517
0.999942780 -0.002582239 -0.010382654 1.031780958 0.002738757 0.999882340 0.015089052 -1.832021117 0.010342469 -0.015116624 0.999832213 68.338325500
0.999940217 -0.003116485 -0.010482402 1.047424674 0.003261041 0.999899447 0.013801641 -1.828277588 0.010438335 -0.013834999 0.999849737 68.823829651
0.999944270 -0.002790776 -0.010175750 1.029829741 0.002939591 0.999888539 0.014638973 -1.848018527 0.010133765 -0.014668072 0.999841034 69.364295959
0.999945581 -0.002697888 -0.010067701 1.033551693 0.002842744 0.999892294 0.014401743 -1.852527022 0.010027763 -0.014429581 0.999845624 69.923309326
0.999941707 -0.003321090 -0.010265640 1.031263828 0.003465588 0.999894738 0.014090386 -1.854438305 0.010217764 -0.014125142 0.999848008 70.479049683
0.999937952 -0.003043743 -0.010710781 1.042871714 0.003201040 0.999886870 0.014699554 -1.876061916 0.010664827 -0.014732929 0.999834597 71.033607483
0.999938548 -0.003640947 -0.010471947 1.045358419 0.003793263 0.999886811 0.014562329 -1.883338332 0.010417741 -0.014601158 0.999839127 71.586845398
0.999947906 -0.002308300 -0.009943582 1.047643185 0.002455785 0.999886751 0.014845517 -1.902743697 0.009908192 -0.014869164 0.999840319 72.009445190
0.999946058 -0.002084809 -0.010176550 1.054181576 0.002242446 0.999877334 0.015503435 -1.909267783 0.010142981 -0.015525420 0.999827981 72.558227539
0.999947608 -0.002259052 -0.009986552 1.061991215 0.002409336 0.999883652 0.015062364 -1.920137525 0.009951366 -0.015085635 0.999836683 73.093070984
0.999947250 -0.002356588 -0.009992836 1.063200474 0.002497076 0.999897897 0.014069774 -1.911004066 0.009958659 -0.014093986 0.999851108 73.641807556
0.999953449 -0.001474196 -0.009536752 1.056613088 0.001615170 0.999889314 0.014791357 -1.934617400 0.009513891 -0.014806070 0.999845088 74.172088623
0.999950945 -0.001950045 -0.009712281 1.078405857 0.002096857 0.999883294 0.015128988 -1.951771975 0.009681646 -0.015148608 0.999838352 74.648437500
0.999949932 -0.002021580 -0.009794476 1.074057579 0.002165645 0.999889255 0.014720698 -1.954156280 0.009763634 -0.014741172 0.999843717 75.190551758
0.999951899 -0.002099210 -0.009577395 1.079160929 0.002242568 0.999885261 0.014982264 -1.969982028 0.009544843 -0.015003023 0.999841869 75.711204529
0.999946415 -0.002679985 -0.009995217 1.091782093 0.002833151 0.999878287 0.015341466 -1.983891010 0.009952884 -0.015368962 0.999832392 76.230926514
0.999948502 -0.002289195 -0.009883682 1.088321209 0.002439649 0.999880850 0.015237314 -1.986461759 0.009847625 -0.015260641 0.999835074 76.743995667
0.999951899 -0.002285417 -0.009539561 1.095568895 0.002431531 0.999879539 0.015333273 -1.995033383 0.009503369 -0.015355730 0.999836862 77.344467163
0.999950767 -0.002232733 -0.009659360 1.096076369 0.002379829 0.999880970 0.015243780 -1.999492407 0.009624176 -0.015266016 0.999837160 77.827194214
0.999951065 -0.002311949 -0.009619118 1.104223132 0.002458103 0.999881327 0.015210092 -2.010736942 0.009582814 -0.015232993 0.999837995 78.356094360
0.999954581 -0.001817600 -0.009347965 1.108367205 0.001957248 0.999886274 0.014951466 -2.016357660 0.009319728 -0.014969085 0.999844491 78.895317078
0.999956429 -0.002089451 -0.009097868 1.115945339 0.002226474 0.999883771 0.015076942 -2.022306204 0.009065310 -0.015096541 0.999844909 79.443313599
0.999968171 -0.001769921 -0.007780759 1.119219661 0.001884596 0.999889374 0.014755690 -2.026049614 0.007753782 -0.014769883 0.999860883 79.981979370
0.999976695 -0.001944768 -0.006533333 1.127983570 0.002041811 0.999887228 0.014879765 -2.038080692 0.006503657 -0.014892761 0.999867916 80.514274597
0.999987304 -0.001660664 -0.004749687 1.133829832 0.001730325 0.999890447 0.014700019 -2.039993763 0.004724754 -0.014708050 0.999880672 81.059562683
0.999998093 -0.001636028 -0.001084643 1.150874615 0.001651758 0.999891162 0.014662966 -2.050601721 0.001060536 -0.014664730 0.999891877 81.600418091
0.999995112 -0.001913150 0.002490678 1.171090484 0.001875298 0.999884129 0.015112160 -2.059200525 -0.002519302 -0.015107415 0.999882698 82.141807556
0.999982417 -0.001427342 0.005752594 1.179451466 0.001341261 0.999887466 0.014940145 -2.064643383 -0.005773272 -0.014932167 0.999871790 82.708732605
0.999948561 -0.001920726 0.009964215 1.219248891 0.001777994 0.999895990 0.014313594 -2.052464724 -0.009990670 -0.014295140 0.999847889 83.315277100
0.999863684 -0.001130287 0.016473122 1.227515459 0.000881210 0.999885321 0.015119622 -2.080302715 -0.016488317 -0.015103044 0.999749959 83.789932251
0.999750018 -0.001170961 0.022330508 1.257838130 0.000831829 0.999884188 0.015190194 -2.090144157 -0.022345707 -0.015167820 0.999635279 84.325134277
0.999616981 -0.001646040 0.027622804 1.291861653 0.001241545 0.999891818 0.014654307 -2.088072300 -0.027643936 -0.014614400 0.999511003 84.862854004
0.999373853 -0.001441883 0.035353184 1.326380372 0.000918923 0.999889970 0.014804233 -2.093685389 -0.035370637 -0.014762477 0.999265194 85.458061218
0.999067307 -0.002422225 0.043111369 1.380302191 0.001799585 0.999893606 0.014475550 -2.104019642 -0.043141842 -0.014384466 0.998965383 85.948951721
0.998768628 -0.002872010 0.049527209 1.425294638 0.002161195 0.999893963 0.014399597 -2.108699560 -0.049563315 -0.014274828 0.998668909 86.487121582
0.998295248 -0.003287373 0.058273140 1.467687607 0.002453941 0.999893785 0.014367941 -2.116246462 -0.058314182 -0.014200449 0.998197258 87.018600464
0.997663260 -0.003864318 0.068213373 1.525903225 0.002884746 0.999891341 0.014453099 -2.123848438 -0.068261825 -0.014222546 0.997565985 87.577667236
0.997053146 -0.004290483 0.076595239 1.592028141 0.003192549 0.999890506 0.014450930 -2.130841732 -0.076648861 -0.014163810 0.996957541 88.115722656
0.996404767 -0.004462554 0.084602915 1.657716274 0.003269506 0.999893188 0.014235064 -2.139227390 -0.084657401 -0.013907275 0.996312976 88.662216187
0.995458305 -0.004250758 0.095103338 1.730125904 0.002910914 0.999894500 0.014222610 -2.142630577 -0.095153764 -0.013881178 0.995365798 89.206161499
0.994420707 -0.005130820 0.105361566 1.817063808 0.003632465 0.999889612 0.014408059 -2.158044577 -0.105423853 -0.013944948 0.994329512 89.742965698
0.993415713 -0.005552823 0.114429995 1.907064438 0.003932947 0.999888897 0.014376947 -2.170730114 -0.114497125 -0.013832240 0.993327260 90.291397095
0.992052078 -0.004997124 0.125728518 1.992861748 0.003198400 0.999889672 0.014504215 -2.174728394 -0.125787124 -0.013986806 0.991958797 90.836952209
0.990441561 -0.005490291 0.137823492 2.092202187 0.003499504 0.999886096 0.014682638 -2.186959267 -0.137888402 -0.014059980 0.990347981 91.379974365
0.988915265 -0.005795230 0.148367837 2.200884819 0.003664412 0.999886274 0.014631056 -2.198048353 -0.148435742 -0.013925196 0.988824010 91.940841675
0.987299919 -0.006225487 0.158745483 2.314167976 0.003986120 0.999888062 0.014421163 -2.201853275 -0.158817500 -0.013605232 0.987214208 92.493026733
0.985152006 -0.006087476 0.171576545 2.436463356 0.003628485 0.999886155 0.014641718 -2.213728189 -0.171646148 -0.013801754 0.985062003 93.019195557
0.982879043 -0.006601475 0.184134245 2.549881935 0.003967670 0.999884486 0.014668508 -2.218079567 -0.184209824 -0.013686784 0.982791662 93.573913574
0.980909169 -0.007044436 0.194338813 2.673725128 0.004245416 0.999881148 0.014815527 -2.224290133 -0.194420129 -0.013707638 0.980822563 94.106552124
0.978234172 -0.007956894 0.207351118 2.813137054 0.004943355 0.999874532 0.015047592 -2.235435486 -0.207444832 -0.013695058 0.978150845 94.633026123
0.975310564 -0.007630021 0.220706001 2.955297470 0.004423907 0.999877453 0.015017270 -2.240718365 -0.220793515 -0.013670119 0.975224793 95.186355591
0.972639024 -0.007658498 0.232195944 3.100992203 0.004190851 0.999872148 0.015423761 -2.251720428 -0.232284397 -0.014028649 0.972546756 95.722946167
0.969716966 -0.008388082 0.244087219 3.266101837 0.004830856 0.999873281 0.015168573 -2.259403706 -0.244183525 -0.013530074 0.969634593 96.256645203
0.966171026 -0.008518925 0.257761747 3.435737610 0.004708372 0.999870300 0.015396888 -2.273059607 -0.257859498 -0.013662389 0.966085851 96.758537292
0.962698698 -0.008388890 0.270446122 3.607183456 0.004420078 0.999873400 0.015280775 -2.275779486 -0.270540118 -0.013515388 0.962613821 97.324317932
0.959522426 -0.009048933 0.281486869 3.780826569 0.004922414 0.999869883 0.015363376 -2.278084755 -0.281589240 -0.013355909 0.959442079 97.851402283
0.955171347 -0.008692491 0.295925736 3.965120316 0.004183267 0.999865353 0.015867440 -2.288829803 -0.296023816 -0.013918186 0.955079257 98.401382446
0.950868130 -0.008936930 0.309466958 4.162485123 0.004248098 0.999865830 0.015821878 -2.295954227 -0.309566826 -0.013729875 0.950778484 98.905265808
0.947009206 -0.009552256 0.321064293 4.357563019 0.004597718 0.999858379 0.016186235 -2.304934025 -0.321173489 -0.013852352 0.946919024 99.419830322
0.942497790 -0.009776675 0.334069371 4.562263489 0.004630589 0.999858022 0.016197139 -2.311202049 -0.334180355 -0.013718830 0.942409217 99.937637329
0.937531054 -0.009848848 0.347762167 4.778781891 0.004473397 0.999857783 0.016256804 -2.321053982 -0.347872794 -0.013685578 0.937441826 100.437713623
0.932847321 -0.010257996 0.360125989 4.998994827 0.004556783 0.999850512 0.016676614 -2.329506874 -0.360243171 -0.013915719 0.932754636 100.947105408
0.928645551 -0.010665912 0.370814830 5.220214844 0.004808587 0.999848723 0.016716767 -2.335470915 -0.370936930 -0.013740857 0.928556383 101.457519531
0.923025608 -0.010722918 0.384589344 5.449712753 0.004681892 0.999850571 0.016640637 -2.334789276 -0.384710312 -0.013559124 0.922937810 101.963859558
0.917539537 -0.011270141 0.397484839 5.689155579 0.005072943 0.999848664 0.016639151 -2.338674545 -0.397612214 -0.013250662 0.917457879 102.461517334
0.912504375 -0.011894397 0.408894002 5.939228058 0.005570282 0.999845743 0.016653847 -2.347359657 -0.409029096 -0.012919055 0.912429869 102.958984375
0.906178176 -0.012064274 0.422723949 6.197746277 0.005533146 0.999845684 0.016673759 -2.348772049 -0.422859848 -0.012770404 0.906105101 103.461242676
0.899685800 -0.012400833 0.436361670 6.475936890 0.005659283 0.999843776 0.016746012 -2.357487202 -0.436501175 -0.012596656 0.899615467 103.955879211
0.893715560 -0.013004089 0.448445380 6.744834900 0.005921634 0.999834597 0.017192021 -2.369544029 -0.448594779 -0.012709247 0.893644810 104.425018311
0.888182521 -0.012986446 0.459307283 7.020050049 0.005909040 0.999840677 0.016842904 -2.366688728 -0.459452838 -0.012245506 0.888117731 104.924331665
0.881136775 -0.013762170 0.472661108 7.300998688 0.006701947 0.999839425 0.016617883 -2.368765354 -0.472814053 -0.011474878 0.881087542 105.398544312
