1.000000000 0.000000000 0.000000000 0.000000000 0.000000000 1.000000000 0.000000000 0.000000000 0.000000000 0.000000000 1.000000000 0.000000000
1.000000000 -0.000052268 -0.000004465 0.000406471 0.000052269 1.000000000 0.000033588 -0.000170311 0.000004463 -0.000033588 1.000000000 -0.000611834
1.000000000 -0.000028324 0.000047876 -0.000061972 0.000028324 1.000000000 0.000014458 0.000294693 -0.000047876 -0.000014456 1.000000000 0.000299895
1.000000000 -0.000103720 0.000048405 -0.000259063 0.000103718 1.000000000 0.000038077 0.000345715 -0.000048409 -0.000038072 1.000000000 -0.000371276
1.000000000 -0.000117842 -0.000091962 0.001060627 0.000117839 1.000000000 -0.000036556 -0.000006740 0.000091966 0.000036546 1.000000000 -0.000504609
1.000000000 -0.000043739 0.000028724 0.000992796 0.000043736 1.000000000 0.000101474 -0.001065627 -0.000028729 -0.000101473 1.000000000 -0.000528673
1.000000000 0.000093280 0.000154964 -0.000562661 -0.000093270 1.000000000 -0.000062595 0.000711651 -0.000154970 0.000062581 1.000000000 0.000406429
1.000000000 -0.000017086 0.000129089 -0.000004954 0.000017078 1.000000000 0.000059418 -0.000511354 -0.000129090 -0.000059416 1.000000000 -0.000910452
1.000000000 -0.000178545 0.000081236 0.000712610 0.000178549 1.000000000 -0.000047056 0.000776756 -0.000081228 0.000047070 1.000000000 0.000351123
1.000000000 0.000017752 0.000007102 0.000923992 -0.000017751 1.000000000 -0.000117391 0.000043621 -0.000007105 0.000117391 1.000000000 -0.001415428
1.000000000 -0.000045839 -0.000020424 0.001212010 0.000045838 1.000000000 -0.000057574 0.000657694 0.000020426 0.000057573 1.000000000 0.000571478
1.000000000 -0.000054241 0.000101640 0.000004674 0.000054245 1.000000000 -0.000034358 0.000214781 -0.000101638 0.000034363 1.000000000 -0.000186578
1.000000000 -0.000010331 0.000064069 0.000194439 0.000010324 1.000000000 0.000111052 -0.000654001 -0.000064070 -0.000111051 1.000000000 0.000035919
1.000000000 0.000061865 -0.000028068 0.001366216 -0.000061865 1.000000000 0.000023680 -0.000133092 0.000028070 -0.000023678 1.000000000 -0.000495307
0.999999940 -0.000308441 -0.000085969 0.001295450 0.000308442 0.999999940 0.000014356 -0.000147566 0.000085965 -0.000014382 1.000000000 -0.001008419
1.000000000 -0.000022576 0.000077039 0.000450214 0.000022560 1.000000000 0.000208942 -0.001146003 -0.000077044 -0.000208940 1.000000000 -0.001033748
1.000000000 0.000114039 -0.000161708 0.001221952 -0.000114033 1.000000000 0.000035848 0.000047240 0.000161713 -0.000035829 1.000000000 -0.001080650
1.000000000 0.000026247 -0.000054267 0.000723758 -0.000026245 1.000000000 0.000034076 -0.000083278 0.000054268 -0.000034074 1.000000000 -0.000709341
1.000000000 -0.000017258 -0.000125985 0.001590908 0.000017255 1.000000000 -0.000020455 0.000968855 0.000125985 0.000020453 1.000000000 -0.000024440
1.000000000 0.000102798 -0.000075170 0.000881653 -0.000102798 1.000000000 -0.000000087 0.000509670 0.000075170 0.000000094 1.000000000 -0.000723663
1.000000000 -0.000005113 0.000030045 0.000190115 0.000005111 1.000000000 0.000080997 -0.000593747 -0.000030046 -0.000080997 1.000000000 -0.000857326
1.000000000 -0.000059129 -0.000108684 0.002335297 0.000059115 1.000000000 -0.000129399 0.000549170 0.000108692 0.000129393 1.000000000 -0.000334083
1.000000000 0.000061584 0.000000618 0.001264843 -0.000061584 1.000000000 0.000088610 0.000206788 -0.000000613 -0.000088610 1.000000000 0.000638959
1.000000000 0.000103610 -0.000127013 0.001763541 -0.000103615 1.000000000 -0.000042350 0.000599601 0.000127008 0.000042363 1.000000000 -0.001561876
1.000000000 -0.000099837 -0.000149390 0.001614067 0.000099841 1.000000000 0.000021806 -0.000303919 0.000149388 -0.000021821 1.000000000 -0.002073209
1.000000000 0.000029100 -0.000094166 0.000719133 -0.000029098 1.000000000 0.000030849 0.000087823 0.000094167 -0.000030846 1.000000000 -0.000262249
0.999999940 0.000243557 0.000058433 -0.000429315 -0.000243558 1.000000000 0.000009882 0.000397599 -0.000058430 -0.000009896 1.000000000 0.001014340
1.000000000 -0.000092875 -0.000013607 0.000206238 0.000092878 1.000000000 0.000186744 -0.000453211 0.000013589 -0.000186745 1.000000000 0.000374973
1.000000000 0.000038526 0.000024272 -0.000049103 -0.000038528 1.000000000 0.000086031 -0.000496060 -0.000024268 -0.000086032 1.000000000 -0.000799943
1.000000000 -0.000122485 0.000096059 0.000329186 0.000122472 1.000000000 0.000136979 -0.001378563 -0.000096075 -0.000136967 1.000000000 -0.001230093
1.000000000 -0.000174373 0.000135892 -0.000373258 0.000174357 1.000000000 0.000113467 -0.000871312 -0.000135911 -0.000113443 1.000000000 -0.001128557
1.000000000 -0.000015569 0.000049180 0.000590943 0.000015569 1.000000000 0.000009774 -0.000417639 -0.000049180 -0.000009773 1.000000000 -0.001054852
1.000000000 -0.000087129 -0.000112744 0.001542470 0.000087140 1.000000000 0.000092431 -0.000462937 0.000112736 -0.000092441 1.000000000 0.000227148
1.000000000 0.000108666 0.000066143 0.000145439 -0.000108662 1.000000000 -0.000059505 0.000633610 -0.000066150 0.000059498 1.000000000 0.000675365
1.000000000 -0.000019437 -0.000083110 0.001572224 0.000019437 1.000000000 0.000003183 0.000342615 0.000083110 -0.000003184 1.000000000 -0.000466485
1.000000000 -0.000048992 0.000066881 0.000002176 0.000048997 1.000000000 -0.000074208 0.000802994 -0.000066878 0.000074211 1.000000000 -0.000044970
0.999999940 -0.000211122 -0.000139077 0.001713026 0.000211116 1.000000000 -0.000039687 0.000400448 0.000139085 0.000039658 1.000000000 0.000251487
1.000000000 -0.000217092 -0.000081056 0.001822377 0.000217091 1.000000000 -0.000012530 0.000655954 0.000081059 0.000012512 1.000000000 -0.000093983
0.999999940 -0.000271025 0.000139458 0.000821471 0.000271042 0.999999940 -0.000125747 0.001314450 -0.000139424 0.000125785 1.000000000 0.002211645
0.999999940 -0.000267997 0.000019990 0.002460225 0.000268011 0.999999702 -0.000703417 -0.001820712 -0.000019802 0.000703422 0.999999762 0.050000582
1.000000000 0.000083744 0.000049818 0.001992750 -0.000083673 0.999998987 -0.001427952 -0.002399913 -0.000049937 0.001427948 0.999998987 0.140392125
0.999999881 0.000513090 -0.000031215 0.004674745 -0.000513141 0.999998450 -0.001668439 -0.006107883 0.000030359 0.001668455 0.999998629 0.255435497
0.999999881 0.000170144 0.000400929 -0.001486237 -0.000169747 0.999999523 -0.000991562 -0.018398492 -0.000401098 0.000991494 0.999999404 0.380950034
0.999999940 0.000126380 0.000295120 0.001840197 -0.000126115 0.999999642 -0.000896793 -0.022436878 -0.000295233 0.000896756 0.999999523 0.519794881
0.999999821 0.000476660 0.000318225 0.003591706 -0.000476331 0.999999344 -0.001033780 -0.025287325 -0.000318718 0.001033629 0.999999404 0.674764276
0.999999702 -0.000743069 -0.000039623 0.013725199 0.000743026 0.999999106 -0.001073876 -0.023160474 0.000040421 0.001073846 0.999999344 0.841234326
0.999999762 -0.000575034 -0.000396414 0.020042971 0.000574600 0.999999225 -0.001093989 -0.025353184 0.000397043 0.001093761 0.999999344 1.015185237
0.999999940 -0.000376581 0.000072508 0.021061322 0.000376607 0.999999821 -0.000361265 -0.038957741 -0.000072372 0.000361292 0.999999940 1.183892846
0.999999583 -0.000877834 -0.000024124 0.028019838 0.000877833 0.999999583 -0.000046806 -0.045353901 0.000024165 0.000046784 0.999999940 1.369393587
0.999999821 -0.000589389 0.000164866 0.029154235 0.000589493 0.999999583 -0.000633967 -0.040112924 -0.000164492 0.000634064 0.999999762 1.574754238
0.999999940 -0.000170511 0.000076832 0.032901585 0.000170563 0.999999702 -0.000676174 -0.040566534 -0.000076716 0.000676187 0.999999762 1.784008265
0.999999642 -0.000672613 -0.000555001 0.041762248 0.000672635 0.999999702 0.000039266 -0.058249805 0.000554975 -0.000039639 0.999999762 1.965444207
0.999999821 -0.000630386 0.000041186 0.042470191 0.000630374 0.999999762 0.000293356 -0.066404641 -0.000041371 -0.000293330 0.999999940 2.168782473
0.999999940 -0.000410456 0.000078539 0.045271680 0.000410444 0.999999881 0.000144554 -0.068905577 -0.000078598 -0.000144522 1.000000000 2.395003557
0.999999881 -0.000306555 0.000413770 0.048061617 0.000306316 0.999999762 0.000576027 -0.079968154 -0.000413947 -0.000575900 0.999999762 2.617242813
0.999999881 0.000128860 0.000310685 0.053391300 -0.000129091 0.999999583 0.000742744 -0.086627044 -0.000310589 -0.000742784 0.999999702 2.850530863
0.999999762 0.000251043 0.000604878 0.052199867 -0.000251308 0.999999881 0.000438918 -0.089091346 -0.000604768 -0.000439070 0.999999702 3.075513363
0.999999821 -0.000317767 0.000508495 0.059094917 0.000317568 0.999999821 0.000390208 -0.098110452 -0.000508619 -0.000390046 0.999999821 3.320219755
0.999999642 -0.000043051 0.000816873 0.063986845 0.000042993 0.999999940 0.000071652 -0.101011738 -0.000816876 -0.000071617 0.999999583 3.572235346
0.999999523 -0.000566056 0.000754453 0.067908138 0.000566159 0.999999762 -0.000137292 -0.105762810 -0.000754375 0.000137719 0.999999642 3.825218439
0.999999940 -0.000112112 0.000069471 0.081593476 0.000112106 1.000000000 0.000090930 -0.112775594 -0.000069481 -0.000090922 1.000000000 4.090156555
0.999999344 0.000785349 0.000818352 0.080641583 -0.000785820 0.999999523 0.000575694 -0.125421837 -0.000817900 -0.000576337 0.999999523 4.338271141
0.999999464 0.000249310 0.001040420 0.087754659 -0.000249785 0.999999881 0.000456646 -0.130162030 -0.001040306 -0.000456905 0.999999404 4.600064754
0.999999821 0.000193338 0.000523580 0.092238620 -0.000193602 0.999999881 0.000505601 -0.138767049 -0.000523482 -0.000505703 0.999999762 4.849626064
0.999999881 0.000097029 0.000704396 0.099483304 -0.000097384 0.999999881 0.000504031 -0.141943961 -0.000704347 -0.000504099 0.999999642 5.123593807
0.999999881 -0.000138574 0.000423666 0.106224380 0.000138469 0.999999940 0.000247793 -0.145732835 -0.000423700 -0.000247734 0.999999881 5.389423847
0.999999702 -0.000144100 0.000768501 0.109062545 0.000143611 0.999999762 0.000636001 -0.158339024 -0.000768593 -0.000635890 0.999999523 5.651976109
0.999999523 -0.000930626 0.000252395 0.117588356 0.000930253 0.999998450 0.001470994 -0.172363847 -0.000253764 -0.001470759 0.999998987 5.921559811
0.999999762 0.000609044 0.000406539 0.134629980 -0.000609126 0.999999821 0.000200532 -0.160316184 -0.000406417 -0.000200779 0.999999821 6.201806545
0.999999285 0.001023619 0.000756539 0.136940941 -0.001023761 0.999999523 0.000187193 -0.165865809 -0.000756347 -0.000187967 0.999999702 6.485024929
0.999999523 0.000508603 0.000848223 0.128223509 -0.000509381 0.999999404 0.000917207 -0.192291722 -0.000847756 -0.000917639 0.999999225 6.779785633
0.999998808 0.000662531 0.001404627 0.135701060 -0.000664289 0.999998987 0.001251542 -0.207800806 -0.001403796 -0.001252473 0.999998212 7.075577736
0.999999881 0.000321609 0.000592744 0.152232856 -0.000322348 0.999999166 0.001245642 -0.217225790 -0.000592343 -0.001245833 0.999999046 7.353755474
0.999999762 0.000245736 0.000631261 0.156590611 -0.000246455 0.999999344 0.001138501 -0.220634669 -0.000630980 -0.001138656 0.999999166 7.674272537
0.999999225 0.000574795 0.001121957 0.163601726 -0.000575888 0.999999285 0.000973837 -0.228714079 -0.001121396 -0.000974483 0.999998868 7.988332272
0.999998510 0.001038493 0.001391213 0.162996680 -0.001040215 0.999998689 0.001237682 -0.241542533 -0.001389926 -0.001239128 0.999998271 8.330923080
0.999999344 0.000321578 0.001086159 0.175756171 -0.000323186 0.999998868 0.001481096 -0.260017991 -0.001085681 -0.001481446 0.999998331 8.647531509
0.999997497 0.000808919 0.002063839 0.172707722 -0.000811512 0.999998808 0.001255473 -0.257810146 -0.002062821 -0.001257145 0.999997079 8.999646187
0.999999046 0.000492282 0.001293140 0.189597636 -0.000494342 0.999998629 0.001593159 -0.273823380 -0.001292354 -0.001593797 0.999997914 9.330492020
0.999998748 0.000118314 0.001571209 0.197703406 -0.000120977 0.999998510 0.001694594 -0.284168184 -0.001571006 -0.001694782 0.999997258 9.670613289
0.999998093 0.000443669 0.001890468 0.207656115 -0.000446866 0.999998450 0.001691020 -0.294991612 -0.001889715 -0.001691862 0.999996781 10.024953842
0.999998510 0.000473282 0.001643631 0.213541597 -0.000475903 0.999998569 0.001594689 -0.302487522 -0.001642874 -0.001595469 0.999997377 10.383668900
0.999999225 -0.000020236 0.001223658 0.221846655 0.000017392 0.999997318 0.002324128 -0.318843752 -0.001223702 -0.002324105 0.999996543 10.747267723
0.999998629 0.000944226 0.001324830 0.231117085 -0.000946919 0.999997497 0.002033460 -0.325991839 -0.001322907 -0.002034712 0.999997079 11.117428780
0.999998331 0.000348583 0.001780926 0.237077415 -0.000351826 0.999998212 0.001821307 -0.339040756 -0.001780288 -0.001821931 0.999996781 11.477195740
0.999997795 0.000799779 0.001954156 0.244498685 -0.000803818 0.999997556 0.002066728 -0.346786529 -0.001952499 -0.002068295 0.999995947 11.866630554
0.999998748 0.000212501 0.001518124 0.257564217 -0.000216241 0.999996960 0.002463765 -0.363749862 -0.001517595 -0.002464090 0.999995768 12.238322258
0.999996245 0.000342057 0.002708261 0.256980121 -0.000347336 0.999998033 0.001949269 -0.372006893 -0.002707590 -0.001950203 0.999994457 12.630198479
0.999996543 0.000524321 0.002573531 0.267633677 -0.000530391 0.999997020 0.002358526 -0.381022125 -0.002572287 -0.002359882 0.999993861 13.019102097
0.999996126 0.000831014 0.002647070 0.277354509 -0.000837326 0.999996901 0.002384321 -0.394057006 -0.002645081 -0.002386529 0.999993682 13.410594940
0.999995589 0.000430926 0.002932880 0.286142439 -0.000437034 0.999997675 0.002082155 -0.402068406 -0.002931977 -0.002083427 0.999993503 13.811129570
0.999994099 0.000802863 0.003341536 0.295554101 -0.000810105 0.999997318 0.002166610 -0.410440445 -0.003339787 -0.002169305 0.999992013 14.229346275
0.999993384 0.001016747 0.003493160 0.302006483 -0.001024683 0.999996841 0.002270886 -0.423773408 -0.003490841 -0.002274450 0.999991298 14.649870872
0.999991417 0.001388508 0.003901864 0.314732999 -0.001397641 0.999996305 0.002338734 -0.434137285 -0.003898602 -0.002344167 0.999989629 15.075869560
0.999991715 0.001432432 0.003841861 0.330035627 -0.001441617 0.999996126 0.002389093 -0.444853574 -0.003838424 -0.002394611 0.999989748 15.510266304
0.999988616 0.001597485 0.004498840 0.337107837 -0.001606786 0.999996603 0.002064544 -0.456816047 -0.004495527 -0.002071749 0.999987721 15.948601723
0.999990523 0.001147214 0.004183897 0.349201947 -0.001156133 0.999997199 0.002129987 -0.470329106 -0.004181442 -0.002134804 0.999988973 16.396715164
0.999985933 0.001520077 0.005076064 0.353838205 -0.001530814 0.999996543 0.002112156 -0.480414063 -0.005072836 -0.002119896 0.999984860 16.846208572
0.999987245 0.001059177 0.004934373 0.374624908 -0.001071778 0.999996185 0.002551762 -0.495417714 -0.004931651 -0.002557019 0.999984503 17.294975281
0.999985874 0.001113194 0.005187908 0.379496694 -0.001126418 0.999996126 0.002546902 -0.510634303 -0.005185052 -0.002552709 0.999983311 17.764455795
0.999986589 0.000780683 0.005122969 0.394843131 -0.000797243 0.999994457 0.003231277 -0.527141690 -0.005120418 -0.003235318 0.999981701 18.236442566
0.999986410 0.000661108 0.005176376 0.412782669 -0.000677594 0.999994695 0.003183728 -0.538805068 -0.005174243 -0.003187193 0.999981523 18.724296570
0.999989510 0.001284580 0.004407363 0.435129732 -0.001300555 0.999992669 0.003623603 -0.564072549 -0.004402676 -0.003629297 0.999983728 19.167459488
0.999986112 0.000598655 0.005229688 0.445143282 -0.000613852 0.999995530 0.002904780 -0.566128612 -0.005227924 -0.002907950 0.999982119 19.701078415
0.999985993 0.000620170 0.005253651 0.453782558 -0.000638197 0.999993861 0.003430332 -0.580057383 -0.005251492 -0.003433636 0.999980271 20.185920715
0.999986470 0.000645370 0.005161954 0.467150271 -0.000660669 0.999995410 0.002962612 -0.589477479 -0.005160017 -0.002965982 0.999982297 20.674867630
0.999986291 0.000737590 0.005185669 0.478238583 -0.000753693 0.999994874 0.003104105 -0.602702796 -0.005183354 -0.003107971 0.999981761 21.170499802
0.999988735 0.000375855 0.004729546 0.487035990 -0.000390155 0.999995470 0.003023025 -0.608191669 -0.004728387 -0.003024836 0.999984264 21.687025070
0.999991596 0.000655136 0.004045129 0.498963118 -0.000667924 0.999994755 0.003160715 -0.627160609 -0.004043038 -0.003163391 0.999986827 22.192441940
0.999992967 0.000886411 0.003678225 0.512343824 -0.000897787 0.999994755 0.003092287 -0.636046708 -0.003675465 -0.003095567 0.999988377 22.695030212
0.999994397 0.000952493 0.003194053 0.522609830 -0.000962275 0.999994874 0.003062314 -0.653193653 -0.003191120 -0.003065370 0.999990165 23.205450058
0.999996006 0.001015018 0.002646349 0.533272445 -0.001022360 0.999995649 0.002774602 -0.664233983 -0.002643521 -0.002777296 0.999992669 23.719030380
0.999997795 -0.000057712 0.002166793 0.544213355 0.000051998 0.999996662 0.002637199 -0.679407477 -0.002166939 -0.002637080 0.999994159 24.239860535
0.999998271 0.000849771 0.001663774 0.554952800 -0.000854832 0.999995112 0.003043630 -0.692111552 -0.001661179 -0.003045047 0.999993980 24.768474579
0.999999225 0.001024795 0.000746716 0.566649437 -0.001026968 0.999995232 0.002915721 -0.704750299 -0.000743725 -0.002916486 0.999995470 25.295743942
0.999999642 0.000922858 0.000234414 0.573965311 -0.000923544 0.999995232 0.002941212 -0.717187405 -0.000231699 -0.002941427 0.999995649 25.837364197
0.999998927 0.001413894 -0.000310841 0.582215011 -0.001412961 0.999994516 0.002983189 -0.730834067 0.000315057 -0.002982747 0.999995530 26.380922318
0.999999225 0.001220181 -0.000098397 0.594293773 -0.001219866 0.999994338 0.003132471 -0.742065728 0.000102219 -0.003132348 0.999995112 26.957830429
0.999999046 0.000022904 -0.001365694 0.614312470 -0.000018046 0.999993682 0.003556458 -0.762676835 0.001365766 -0.003556431 0.999992728 27.502271652
0.999998868 0.000690847 -0.001338574 0.627455890 -0.000686966 0.999995589 0.002897467 -0.775442719 0.001340570 -0.002896544 0.999994934 28.048095703
0.999998450 0.001358425 -0.001137057 0.631689608 -0.001354547 0.999993384 0.003404434 -0.791541338 0.001141674 -0.003402889 0.999993563 28.603912354
0.999998212 0.001387422 -0.001356552 0.637592494 -0.001383364 0.999994576 0.002987926 -0.803404331 0.001360690 -0.002986044 0.999994636 29.142946243
0.999996245 0.001503771 -0.002286734 0.648110807 -0.001497130 0.999994576 0.002903454 -0.814123213 0.002291088 -0.002900020 0.999993145 29.682905197
0.999996126 0.001518046 -0.002345034 0.652295649 -0.001510097 0.999993145 0.003387816 -0.831652880 0.002350161 -0.003384261 0.999991477 30.221595764
0.999996483 0.001449203 -0.002223353 0.664644957 -0.001442045 0.999993742 0.003217943 -0.851622581 0.002228003 -0.003214726 0.999992371 30.758836746
0.999994993 0.002008434 -0.002455316 0.675621688 -0.002000963 0.999993384 0.003041713 -0.855612814 0.002461409 -0.003036784 0.999992311 31.313940048
0.999995232 0.001945386 -0.002410127 0.677221298 -0.001938139 0.999993622 0.003005374 -0.866191745 0.002415958 -0.003000689 0.999992609 31.866939545
0.999996364 0.001119983 -0.002447596 0.690306664 -0.001115333 0.999997556 0.001900421 -0.877697527 0.002449719 -0.001897684 0.999995172 32.406612396
0.999994338 0.001809378 -0.002815121 0.697241664 -0.001803765 0.999996364 0.001995301 -0.888844967 0.002818721 -0.001990212 0.999994040 32.952751160
0.999992967 0.001305987 -0.003510364 0.703662634 -0.001297019 0.999995887 0.002555599 -0.906173468 0.003513687 -0.002551028 0.999990582 33.504322052
0.999991894 0.001307022 -0.003815040 0.711590111 -0.001299145 0.999997020 0.002066397 -0.921000242 0.003817730 -0.002061424 0.999990523 34.033878326
0.999992669 0.001093699 -0.003655467 0.715344548 -0.001085430 0.999996841 0.002263401 -0.937988222 0.003657930 -0.002259416 0.999990761 34.564815521
0.999991536 0.001430069 -0.003857365 0.731530428 -0.001418381 0.999994338 0.003031112 -0.958145201 0.003861678 -0.003025615 0.999987960 35.117622375
0.999991715 0.001257575 -0.003872242 0.738883317 -0.001246683 0.999995291 0.002813871 -0.970085382 0.003875762 -0.002809021 0.999988556 35.669628143
0.999992073 0.001521307 -0.003677648 0.742102623 -0.001512291 0.999995828 0.002453033 -0.983413100 0.003681364 -0.002447452 0.999990165 36.225727081
0.999991655 0.001632349 -0.003744830 0.747993171 -0.001623359 0.999995768 0.002402346 -0.994685948 0.003748736 -0.002396247 0.999990106 36.777084351
0.999991715 0.001699616 -0.003699947 0.755665839 -0.001689023 0.999994457 0.002864216 -1.009849548 0.003704795 -0.002857944 0.999988973 37.315994263
0.999988079 0.002018577 -0.004440900 0.764841795 -0.002007203 0.999994695 0.002564094 -1.021610141 0.004446054 -0.002555150 0.999986768 37.865608215
0.999988616 0.001733909 -0.004427030 0.773387551 -0.001719645 0.999993265 0.003223940 -1.040251374 0.004432590 -0.003216291 0.999984980 38.410606384
0.999992251 0.001455642 -0.003634519 0.777690470 -0.001443776 0.999993563 0.003265527 -1.055072427 0.003639249 -0.003260255 0.999988079 38.961734772
0.999989808 0.001395458 -0.004293370 0.790487289 -0.001381831 0.999993980 0.003175444 -1.070204139 0.004297775 -0.003169479 0.999985754 39.507820129
0.999991357 0.001739981 -0.003775167 0.797015071 -0.001727757 0.999993265 0.003239025 -1.085056067 0.003780777 -0.003232475 0.999987543 40.047767639
0.999991894 0.001761365 -0.003616242 0.799480081 -0.001750439 0.999994040 0.003022321 -1.097167015 0.003621544 -0.003015967 0.999988914 40.593078613
0.999988854 0.001629817 -0.004425325 0.812239289 -0.001616815 0.999994397 0.002940115 -1.109385371 0.004430092 -0.002932927 0.999985874 41.140605927
0.999984324 0.001305339 -0.005442711 0.825864494 -0.001287724 0.999993920 0.003238749 -1.123330832 0.005446906 -0.003231689 0.999979973 41.692481995
0.999985158 0.001135775 -0.005325775 0.819718063 -0.001116287 0.999992788 0.003660691 -1.159063220 0.005329894 -0.003654692 0.999979138 42.207138062
0.999976873 0.000934390 -0.006736971 0.845550418 -0.000909587 0.999992907 0.003683788 -1.163021564 0.006740366 -0.003677575 0.999970436 42.769699097
0.999977350 0.001209344 -0.006619282 0.852258921 -0.001184711 0.999992311 0.003723970 -1.171301007 0.006623734 -0.003716043 0.999971151 43.325572968
0.999976933 0.001271532 -0.006660212 0.859139323 -0.001247197 0.999992549 0.003656698 -1.187327504 0.006664813 -0.003648307 0.999971151 43.859275818
0.999977887 0.000633140 -0.006612330 0.866416335 -0.000609518 0.999993384 0.003573876 -1.199738741 0.006614549 -0.003569767 0.999971747 44.391864777
0.999977112 0.001071334 -0.006671502 0.873794436 -0.001047066 0.999992847 0.003640001 -1.206824303 0.006675354 -0.003632932 0.999971092 44.963527679
0.999982774 0.001469429 -0.005668933 0.876488805 -0.001453258 0.999994874 0.002855551 -1.218002319 0.005673100 -0.002847264 0.999979854 45.498714447
0.999980569 0.001814478 -0.005953302 0.893612146 -0.001795650 0.999993384 0.003166291 -1.231458187 0.005959007 -0.003155540 0.999977291 46.050842285
0.999985039 0.002003296 -0.005080603 0.892269969 -0.001988319 0.999993622 0.002951169 -1.244185925 0.005086483 -0.002941023 0.999982715 46.594131470
0.999986589 0.002794571 -0.004354669 0.889007509 -0.002785077 0.999993682 0.002184803 -1.248082161 0.004360748 -0.002172646 0.999988139 47.159980774
0.999984622 0.001937959 -0.005200234 0.905476570 -0.001925891 0.999995470 0.002324655 -1.259219885 0.005204716 -0.002314604 0.999983788 47.705879211
0.999984682 0.002907970 -0.004710043 0.908741891 -0.002897798 0.999993384 0.002165006 -1.268867135 0.004716308 -0.002151324 0.999986589 48.264533997
0.999984860 0.003061555 -0.004566899 0.924188077 -0.003055406 0.999994397 0.001352840 -1.275836825 0.004571015 -0.001338866 0.999988675 48.797183990
0.999985635 0.002934490 -0.004485730 0.928992152 -0.002927510 0.999994516 0.001561585 -1.289072037 0.004490287 -0.001548431 0.999988735 49.340831757
0.999985814 0.003463598 -0.004051459 0.940997601 -0.003457058 0.999992728 0.001620174 -1.307805419 0.004057041 -0.001606145 0.999990463 49.892356873
0.999983728 0.003535447 -0.004477953 0.951856732 -0.003527794 0.999992251 0.001715934 -1.325352550 0.004483985 -0.001700109 0.999988496 50.417736053
0.999986231 0.003304537 -0.004071379 0.956770301 -0.003297525 0.999993205 0.001727755 -1.337174773 0.004077060 -0.001714306 0.999990225 50.955818176
0.999985099 0.003224880 -0.004394615 0.982212067 -0.003217118 0.999993384 0.001772031 -1.353121877 0.004400300 -0.001757867 0.999988735 51.494915009
0.999986529 0.003978726 -0.003335129 0.961857498 -0.003973517 0.999990880 0.001567036 -1.368057251 0.003341333 -0.001553763 0.999993145 52.010238647
0.999989152 0.003255099 -0.003329926 0.977562547 -0.003251746 0.999994218 0.001012085 -1.375015378 0.003333201 -0.001001246 0.999993920 52.560092926
0.999988973 0.003230392 -0.003402479 0.988986552 -0.003224533 0.999993265 0.001726030 -1.397474885 0.003408032 -0.001715039 0.999992669 53.082050323
0.999988556 0.003619746 -0.003137252 0.996805847 -0.003614039 0.999991953 0.001822833 -1.417092562 0.003143824 -0.001811474 0.999993443 53.625221252
0.999988854 0.004090730 -0.002354530 0.998368502 -0.004087235 0.999990523 0.001487540 -1.434590459 0.002360593 -0.001477900 0.999996126 54.164169312
0.999988675 0.004279309 -0.002091262 1.007729650 -0.004275859 0.999989510 0.001651415 -1.445990682 0.002098307 -0.001642455 0.999996424 54.690860748
0.999988914 0.004188148 -0.002117787 1.014291167 -0.004185388 0.999990404 0.001305819 -1.456165195 0.002123236 -0.001296941 0.999996901 55.244041443
0.999989092 0.004222082 -0.002000585 1.028006673 -0.004220164 0.999990761 0.000960834 -1.461340189 0.002004623 -0.000952381 0.999997556 55.782428741
0.999990821 0.003592220 -0.002327319 1.033056140 -0.003590666 0.999993324 0.000671164 -1.470483184 0.002329715 -0.000662801 0.999997079 56.342876434
0.999987900 0.004432118 -0.002123477 1.045356631 -0.004431162 0.999990106 0.000454617 -1.486668706 0.002125471 -0.000445202 0.999997556 56.888378143
0.999988616 0.004102560 -0.002439043 1.063587666 -0.004101464 0.999991417 0.000454264 -1.497010827 0.002440886 -0.000444255 0.999996841 57.445590973
0.999986351 0.004911315 -0.001756369 1.071331859 -0.004910620 0.999987841 0.000399566 -1.517229676 0.001758310 -0.000390936 0.999998391 57.992443085
0.999985993 0.005077905 -0.001473490 1.081397772 -0.005077503 0.999987006 0.000276492 -1.526604176 0.001474875 -0.000269007 0.999998868 58.546821594
0.999985993 0.005076327 -0.001484477 1.088899612 -0.005075627 0.999987006 0.000475351 -1.544433475 0.001486871 -0.000467810 0.999998808 59.077320099
0.999987900 0.004634278 -0.001602553 1.102157593 -0.004634256 0.999989271 0.000017579 -1.559091687 0.001602617 -0.000010152 0.999998629 59.630134583
0.999986172 0.005031480 -0.001543759 1.114970326 -0.005030816 0.999987185 0.000434444 -1.572486877 0.001545926 -0.000426671 0.999998689 60.174514771
0.999984145 0.005506908 -0.001153964 1.116153002 -0.005506588 0.999984801 0.000279352 -1.580427408 0.001155485 -0.000272993 0.999999285 60.746986389
0.999985099 0.005270050 -0.001495235 1.141924858 -0.005270426 0.999986053 -0.000247262 -1.596705079 0.001493912 0.000255138 0.999998868 61.296512604
0.999980330 0.006250310 -0.000549007 1.147285461 -0.006250303 0.999980450 0.000015098 -1.613373399 0.000549091 -0.000011666 0.999999821 61.831531525
0.999980748 0.006155965 -0.000806922 1.155231357 -0.006155425 0.999980748 0.000670741 -1.637764096 0.000811035 -0.000665761 0.999999464 62.375118256
0.999979079 0.006437882 -0.000608404 1.169815302 -0.006437439 0.999979019 0.000725781 -1.657144070 0.000613064 -0.000721850 0.999999523 62.918880463
0.999980807 0.006188529 -0.000174888 1.176019907 -0.006188368 0.999980450 0.000902288 -1.671650171 0.000180469 -0.000901188 0.999999523 63.476360321
0.999977767 0.006666204 0.000261624 1.180378795 -0.006666431 0.999977410 0.000873681 -1.689209342 -0.000255794 -0.000875405 0.999999583 64.027229309
0.999980927 0.006173114 0.000135159 1.196313739 -0.006173223 0.999980569 0.000816909 -1.701321721 -0.000130113 -0.000817728 0.999999642 64.580963135
0.999975026 0.007057230 0.000396840 1.196358919 -0.007057484 0.999974906 0.000642608 -1.715264440 -0.000392294 -0.000645393 0.999999642 65.116958618
0.999974728 0.007103059 0.000189443 1.211431980 -0.007103289 0.999974012 0.001244564 -1.740916729 -0.000180598 -0.001245879 0.999999225 65.659301758
0.999973953 0.007165250 0.000845124 1.211796284 -0.007166992 0.999972165 0.002076922 -1.760345697 -0.000830219 -0.002082925 0.999997437 66.203453064
0.999976516 0.006795598 0.000918622 1.222084284 -0.006796776 0.999976099 0.001286411 -1.768443823 -0.000909858 -0.001292625 0.999998689 66.764587402
0.999974251 0.007068601 0.001225948 1.235321641 -0.007070502 0.999973774 0.001551858 -1.789030313 -0.001214947 -0.001560486 0.999998033 67.303405762
0.999974072 0.007093904 0.001167639 1.242808104 -0.007095780 0.999973536 0.001610979 -1.802701592 -0.001156180 -0.001619223 0.999998033 67.847839355
0.999972939 0.007289471 0.000996371 1.255536556 -0.007291339 0.999971628 0.001884240 -1.826465845 -0.000982608 -0.001891454 0.999997735 68.389518738
0.999975741 0.006874307 0.001148592 1.264223576 -0.006875874 0.999975383 0.001365848 -1.836702824 -0.001139174 -0.001373712 0.999998391 68.932304382
0.999974012 0.007176609 0.000724865 1.277750969 -0.007177519 0.999973476 0.001260430 -1.849326253 -0.000715800 -0.001265600 0.999998927 69.483764648
0.999972463 0.007311459 0.001236097 1.287292361 -0.007312995 0.999972463 0.001243878 -1.865662575 -0.001226968 -0.001252883 0.999998450 70.028762817
0.999978065 0.006612787 0.000394762 1.305865169 -0.006613384 0.999976933 0.001531873 -1.884365082 -0.000384623 -0.001534450 0.999998748 70.565704346
0.999975562 0.006974163 0.000476490 1.314157605 -0.006974845 0.999974549 0.001444920 -1.898030400 -0.000466401 -0.001448208 0.999998868 71.118026733
0.999975443 0.007011112 0.000030095 1.334362864 -0.007011143 0.999974668 0.001226105 -1.914794207 -0.000021498 -0.001226286 0.999999166 71.663757324
0.999975801 0.006914004 0.000806714 1.335196137 -0.006914670 0.999975741 0.000824185 -1.921521425 -0.000800997 -0.000829744 0.999999344 72.225280762
0.999976516 0.006799914 0.000851598 1.348565340 -0.006800624 0.999976516 0.000832630 -1.945494294 -0.000845916 -0.000838403 0.999999225 72.747497559
0.999975204 0.006966284 0.000986451 1.357996583 -0.006967548 0.999974847 0.001285406 -1.958258986 -0.000977471 -0.001292248 0.999998629 73.306816101
0.999971211 0.007424052 0.001568562 1.361587048 -0.007425861 0.999971747 0.001150850 -1.968942523 -0.001559974 -0.001162464 0.999998093 73.871482849
0.999970257 0.007571890 0.001430163 1.377526045 -0.007573055 0.999970913 0.000811217 -1.985095978 -0.001423980 -0.000822024 0.999998569 74.415771484
0.999971569 0.007424532 0.001386701 1.386958957 -0.007425361 0.999972284 0.000593500 -1.992137551 -0.001382256 -0.000603780 0.999998808 74.954147339
0.999971986 0.007347456 0.001438725 1.397273660 -0.007347821 0.999972999 0.000247506 -2.006570816 -0.001436868 -0.000258071 0.999998927 75.495124817
0.999969482 0.007731834 0.001122946 1.408503771 -0.007732719 0.999969721 0.000784616 -2.029129028 -0.001116846 -0.000793276 0.999999046 76.029670715
0.999970078 0.007630975 0.001282540 1.427252293 -0.007631420 0.999970794 0.000342746 -2.033927202 -0.001279887 -0.000352523 0.999999106 76.594306946
0.999969363 0.007616499 0.001798709 1.433865786 -0.007615779 0.999970913 -0.000407868 -2.044464827 -0.001801763 0.000394157 0.999998271 77.154159546
0.999974012 0.006919334 0.002021348 1.447861671 -0.006919259 0.999975979 -0.000043485 -2.064655542 -0.002021600 0.000029498 0.999997973 77.679573059
0.999973714 0.007093493 0.001586776 1.460893154 -0.007093559 0.999974847 0.000035878 -2.082550049 -0.001586482 -0.000047133 0.999998748 78.214797974
0.999968827 0.007645392 0.001977419 1.464989066 -0.007645390 0.999970734 -0.000008129 -2.092100382 -0.001977423 -0.000006989 0.999998033 78.757736206
0.999972045 0.007193926 0.002025265 1.477460980 -0.007194227 0.999974132 0.000140965 -2.108745575 -0.002024198 -0.000155532 0.999997854 79.303779602
0.999971092 0.007413569 0.001641426 1.498717666 -0.007412828 0.999972343 -0.000456340 -2.120328188 -0.001644764 0.000444160 0.999998569 79.860153198
0.999974132 0.006792692 0.002355579 1.500447273 -0.006792678 0.999977052 -0.000013756 -2.144237518 -0.002355618 -0.000002245 0.999997199 80.393402100
0.999962509 0.008004444 0.003297515 1.516865730 -0.008004683 0.999967933 0.000060116 -2.158065081 -0.003296928 -0.000086509 0.999994576 80.948402405
0.999957383 0.007935241 0.004711099 1.532016635 -0.007936417 0.999968469 0.000230868 -2.171925306 -0.004709119 -0.000268247 0.999988854 81.510139465
0.999951065 0.007891431 0.005966279 1.552349687 -0.007886997 0.999968708 -0.000765730 -2.180237770 -0.005972134 0.000718636 0.999981880 82.065155029
0.999936879 0.008094841 0.007792230 1.569988251 -0.008093585 0.999967217 -0.000192620 -2.195738077 -0.007793534 0.000129541 0.999969602 82.616615295
0.999905765 0.008463246 0.010807365 1.593882561 -0.008454478 0.999963880 -0.000856628 -2.210617542 -0.010814227 0.000765177 0.999941230 83.152862549
0.999880254 0.007494259 0.013536416 1.631707311 -0.007491476 0.999971867 -0.000256232 -2.236578465 -0.013537956 0.000154794 0.999908268 83.683204651
0.999814868 0.007722578 0.017619321 1.646354198 -0.007714490 0.999970078 -0.000526890 -2.248509884 -0.017622862 0.000390868 0.999844611 84.232749939
0.999699295 0.008496039 0.023001522 1.660909176 -0.008492596 0.999963880 -0.000247376 -2.260132551 -0.023002798 0.000051959 0.999735415 84.782333374
0.999533296 0.009173376 0.029143080 1.692310095 -0.009178947 0.999957800 0.000057330 -2.283721209 -0.029141331 -0.000324806 0.999575257 85.343582153
0.999331474 0.009075713 0.035414349 1.720003843 -0.009071061 0.999958813 -0.000292007 -2.297166109 -0.035415538 -0.000029434 0.999372602 85.891365051
0.999115109 0.009596502 0.040949207 1.755759597 -0.009598509 0.999953926 -0.000147620 -2.318098545 -0.040948734 -0.000245562 0.999161243 86.439102173
0.998678684 0.010424014 0.050321255 1.785889387 -0.010416567 0.999945581 -0.000410268 -2.331849575 -0.050322790 -0.000114448 0.998733103 86.993957520
0.998234272 0.010067386 0.058540486 1.838603973 -0.010052782 0.999949336 -0.000544015 -2.350233316 -0.058543004 -0.000045440 0.998284876 87.546104431
0.997760057 0.009866847 0.066162556 1.878827572 -0.009849733 0.999951303 -0.000584889 -2.362837791 -0.066165112 -0.000068105 0.997808695 88.106163025
0.997075856 0.010023473 0.075756781 1.934320450 -0.010016100 0.999949753 -0.000477244 -2.376323938 -0.075757749 -0.000282939 0.997126222 88.659111023
0.996200800 0.010636594 0.086433925 1.992431164 -0.010622337 0.999943316 -0.000624900 -2.390310526 -0.086435661 -0.000295604 0.996257365 89.197479248
0.995393693 0.010572570 0.095285997 2.055602551 -0.010532688 0.999944091 -0.000921494 -2.402416468 -0.095290415 -0.000086369 0.995449483 89.744720459
0.994570613 0.009861246 0.103595540 2.124311924 -0.009790404 0.999951303 -0.001192324 -2.421369553 -0.103602245 0.000171608 0.994618773 90.303474426
0.993391454 0.010393737 0.114303820 2.206736565 -0.010291604 0.999945939 -0.001483614 -2.434028149 -0.114313059 0.000297440 0.993444741 90.835601807
0.992072046 0.010020300 0.125270218 2.289901733 -0.009881631 0.999949634 -0.001728302 -2.444578886 -0.125281215 0.000476726 0.992121160 91.384323120
0.990937769 0.008833284 0.134030640 2.387698174 -0.008644119 0.999960780 -0.001993185 -2.462820530 -0.134042978 0.000816545 0.990975142 91.914596558
0.989303946 0.009708427 0.145545349 2.475824356 -0.009571351 0.999952853 -0.001642057 -2.478184700 -0.145554423 0.000231428 0.989350200 92.442306519
0.987475753 0.009095053 0.157508314 2.584018707 -0.008890437 0.999958456 -0.002003603 -2.493339062 -0.157520056 0.000578192 0.987515628 92.985977173
0.985639334 0.009187412 0.168614030 2.685319901 -0.008940346 0.999957561 -0.002224393 -2.507426977 -0.168627307 0.000684982 0.985679626 93.535934448
0.983889282 0.008669777 0.178568453 2.813405037 -0.008439754 0.999962270 -0.002047762 -2.529224157 -0.178579494 0.000507697 0.983925283 94.056846619
0.981357932 0.008690936 0.191992462 2.930806160 -0.008376373 0.999961913 -0.002450031 -2.544781923 -0.192006409 0.000796158 0.981393456 94.581359863
0.978912592 0.008620106 0.204097494 3.063657761 -0.008333022 0.999962628 -0.002265991 -2.558453798 -0.204109415 0.000517458 0.978947937 95.104499817
0.976719975 0.008197635 0.214361683 3.198488235 -0.007831284 0.999966085 -0.002558224 -2.567933083 -0.214375421 0.000819942 0.976751029 95.634071350
0.973729193 0.008415177 0.227553681 3.345228195 -0.007983699 0.999964118 -0.002816546 -2.588658094 -0.227569237 0.000925833 0.973761380 96.161445618
0.970458388 0.008015929 0.241134763 3.496183395 -0.007545646 0.999967396 -0.002873621 -2.603323221 -0.241149947 0.000969212 0.970487356 96.689704895
0.967766821 0.007807878 0.251727223 3.649139404 -0.007396251 0.999969304 -0.002581341 -2.624591827 -0.251739681 0.000636299 0.967794776 97.187355042
0.964747608 0.006955582 0.263084888 3.832143784 -0.006411821 0.999975145 -0.002925372 -2.637562513 -0.263098717 0.001135392 0.964768231 97.697341919
0.960733831 0.007605568 0.277367502 3.995681763 -0.007027610 0.999970555 -0.003077801 -2.652666330 -0.277382672 0.001007717 0.960758984 98.214324951
0.956984639 0.007516584 0.290041149 4.178026199 -0.006793012 0.999970794 -0.003501419 -2.664232016 -0.290059000 0.001380551 0.957007766 98.736633301
0.953500330 0.007343031 0.301302433 4.360059738 -0.006619146 0.999972165 -0.003423369 -2.679766655 -0.301319212 0.001269819 0.953522503 99.248245239
0.948917985 0.007202812 0.315440655 4.542423248 -0.006329336 0.999972761 -0.003793407 -2.691369057 -0.315459341 0.001603102 0.948937714 99.761062622
0.944289863 0.007027992 0.329039872 4.742435455 -0.006183392 0.999974370 -0.003613234 -2.707448483 -0.329056829 0.001377358 0.944309115 100.254592896
0.940498292 0.005847613 0.339748025 4.943893433 -0.004949411 0.999981582 -0.003510225 -2.729186535 -0.339762211 0.001619808 0.940509975 100.735275269
0.935722411 0.006749411 0.352672666 5.157196045 -0.005662793 0.999975443 -0.004112718 -2.745292187 -0.352691740 0.001851250 0.935737729 101.252708435
0.930494070 0.005599610 0.366264045 5.378280640 -0.004286639 0.999981284 -0.004397952 -2.753584623 -0.366281778 0.002522227 0.930500567 101.751770020
0.925323844 0.006146415 0.379127949 5.582567215 -0.004994517 0.999979377 -0.004021714 -2.770677567 -0.379144937 0.001827827 0.925335526 102.235847473
0.920817971 0.004417893 0.389967680 5.817327499 -0.002894253 0.999985695 -0.004494607 -2.785643816 -0.389981955 0.003010050 0.920817554 102.688598633
0.914463282 0.005633148 0.404629678 6.039165497 -0.004312425 0.999981940 -0.004175405 -2.800131083 -0.404645950 0.002073319 0.914471030 103.192504883
0.909064770 0.004147033 0.416634053 6.295543671 -0.003053216 0.999989927 -0.003291667 -2.834790230 -0.416643560 0.001720264 0.909068286 103.623870850
0.904074371 0.003255991 0.427362740 6.558753967 -0.001583537 0.999989629 -0.004268790 -2.845155478 -0.427372247 0.003182559 0.904070079 104.124847412
0.897906959 0.003144749 0.440174133 6.819221497 -0.001312436 0.999989152 -0.004467026 -2.863132715 -0.440183461 0.003433274 0.897901297 104.597259521
0.890577376 0.003039103 0.454821616 7.073230743 -0.000999121 0.999988317 -0.004725530 -2.871227264 -0.454830706 0.003754028 0.890569925 105.080284119
0.884866297 0.002674707 0.465837449 7.351531982 -0.000743150 0.999990344 -0.004330035 -2.894193888 -0.465844512 0.003485315 0.884859741 105.521293640
0.879155338 0.002545529 0.476528704 7.627979279 -0.000428594 0.999989450 -0.004551039 -2.905333996 -0.476535320 0.003796833 0.879147172 106.001525879
0.872170448 0.001776794 0.489198804 7.916538239 0.000574144 0.999988973 -0.004655623 -2.934063435 -0.489201665 0.004341367 0.872159898 106.453857422
0.865590632 0.001654413 0.500749409 8.216613770 0.000765360 0.999988914 -0.004626829 -2.953205585 -0.500751555 0.004388194 0.865579903 106.909866333
0.859175801 0.000685674 0.511680245 8.508831024 0.001583232 0.999990702 -0.003998478 -2.971590757 -0.511678100 0.004245504 0.859166622 107.356178284
