1.000000000 0.000000000 0.000000000 0.000000000 0.000000000 1.000000000 0.000000000 0.000000000 0.000000000 0.000000000 1.000000000 0.000000000
1.000000000 0.000004249 0.000147321 -0.000854454 -0.000004256 1.000000000 0.000047964 -0.000120449 -0.000147321 -0.000047965 1.000000000 0.000033727
0.999999940 0.000153230 0.000198791 -0.001719059 -0.000153247 1.000000000 0.000089342 0.000689320 -0.000198777 -0.000089373 1.000000000 0.001911313
1.000000000 0.000119910 0.000002188 0.000340918 -0.000119910 1.000000000 0.000161724 -0.001147806 -0.000002168 -0.000161724 1.000000000 -0.000449817
0.999999940 0.000231215 0.000132301 -0.001242000 -0.000231227 0.999999940 0.000090767 -0.000176020 -0.000132280 -0.000090798 1.000000000 0.000388570
1.000000000 -0.000088562 0.000025755 -0.000434565 0.000088560 1.000000000 0.000064960 -0.000048951 -0.000025760 -0.000064958 1.000000000 -0.000585457
1.000000000 -0.000082593 0.000137026 -0.001479394 0.000082605 1.000000000 -0.000083216 0.001847592 -0.000137019 0.000083227 1.000000000 0.003714118
1.000000000 -0.000063762 0.000195951 -0.000677862 0.000063747 1.000000000 0.000074215 0.000542632 -0.000195956 -0.000074202 1.000000000 0.002376309
1.000000000 0.000001686 0.000157212 -0.001241193 -0.000001687 1.000000000 0.000008552 0.000821082 -0.000157212 -0.000008552 1.000000000 0.002316345
1.000000000 -0.000011269 0.000199995 -0.001140089 0.000011266 1.000000000 0.000016137 0.000120461 -0.000199996 -0.000016134 1.000000000 0.000250129
0.999999940 -0.000055481 0.000239701 -0.001104957 0.000055480 1.000000000 0.000005478 0.001555768 -0.000239702 -0.000005464 1.000000000 0.002815134
1.000000000 0.000005831 0.000115006 -0.000421753 -0.000005842 1.000000000 0.000102262 -0.000306841 -0.000115005 -0.000102263 1.000000000 0.000543351
1.000000000 0.000014783 0.000177201 -0.000967319 -0.000014786 1.000000000 0.000016390 0.001219496 -0.000177201 -0.000016392 1.000000000 0.003008021
0.999999940 -0.000056401 0.000272769 -0.002273528 0.000056358 1.000000000 0.000157559 0.001018745 -0.000272778 -0.000157543 0.999999940 0.003893185
1.000000000 -0.000024907 0.000159172 -0.001774737 0.000024899 1.000000000 0.000052850 0.001197910 -0.000159174 -0.000052846 1.000000000 0.003476783
1.000000000 0.000041126 0.000115598 -0.001388202 -0.000041134 1.000000000 0.000067333 0.000214850 -0.000115595 -0.000067338 1.000000000 0.002030121
1.000000000 -0.000007967 0.000160981 -0.001094784 0.000007944 1.000000000 0.000139440 -0.000890982 -0.000160982 -0.000139438 1.000000000 0.000062040
0.999999940 0.000113865 0.000322328 -0.001565662 -0.000113900 1.000000000 0.000110339 0.000179590 -0.000322316 -0.000110375 0.999999940 0.001718317
0.999999940 0.000127744 0.000281512 -0.003001486 -0.000127778 1.000000000 0.000123350 0.000264476 -0.000281496 -0.000123386 0.999999940 0.002868022
0.999999940 0.000166501 0.000185021 -0.002053385 -0.000166525 1.000000000 0.000130987 0.000595192 -0.000184999 -0.000131017 1.000000000 0.003464994
0.999999881 0.000342781 0.000320040 -0.003200085 -0.000342843 0.999999940 0.000194213 0.000532519 -0.000319974 -0.000194323 0.999999940 0.003937146
0.999999821 0.000443891 0.000337491 -0.002949193 -0.000443928 0.999999881 0.000109965 -0.000023518 -0.000337442 -0.000110115 0.999999940 0.001558806
0.999999940 0.000130406 0.000262956 -0.002588656 -0.000130430 1.000000000 0.000087841 0.000616917 -0.000262945 -0.000087875 0.999999940 0.002614709
0.999999940 0.000170504 0.000327103 -0.001830425 -0.000170551 1.000000000 0.000141591 -0.000322408 -0.000327079 -0.000141647 0.999999940 0.001888368
0.999999940 0.000091034 0.000273070 -0.001869809 -0.000091049 1.000000000 0.000055968 0.000313733 -0.000273065 -0.000055993 0.999999940 -0.000019640
1.000000000 0.000023297 0.000179437 -0.000303751 -0.000023312 1.000000000 0.000083512 0.000508260 -0.000179435 -0.000083516 1.000000000 0.001069163
0.999999940 0.000013932 0.000277153 -0.001883169 -0.000013981 1.000000000 0.000174987 -0.000338200 -0.000277150 -0.000174991 0.999999940 0.001094055
1.000000000 0.000054818 0.000227496 -0.000667282 -0.000054833 1.000000000 0.000066788 0.000295723 -0.000227493 -0.000066800 1.000000000 0.000490234
0.999999881 0.000276490 0.000390264 -0.003958417 -0.000276478 0.999999940 -0.000031817 0.002114621 -0.000390273 0.000031709 0.999999940 0.003928052
0.999999940 0.000058984 0.000272209 -0.003516319 -0.000058986 1.000000000 0.000006472 0.002353651 -0.000272209 -0.000006488 0.999999940 0.004924872
0.999999940 0.000136696 0.000343610 -0.002910722 -0.000136728 1.000000000 0.000092738 0.000915658 -0.000343598 -0.000092785 0.999999940 0.003095267
1.000000000 -0.000034332 0.000239838 -0.001317665 0.000034303 1.000000000 0.000118500 0.000251464 -0.000239842 -0.000118492 0.999999940 0.001265844
0.999999940 0.000116065 0.000348114 -0.003455671 -0.000116060 1.000000000 -0.000014391 0.001840843 -0.000348115 0.000014350 0.999999940 0.003552668
0.999999881 0.000143067 0.000413420 -0.002691962 -0.000143046 1.000000000 -0.000051828 0.001845044 -0.000413428 0.000051769 0.999999940 0.003339111
0.999999940 0.000161471 0.000251172 -0.000942568 -0.000161496 1.000000000 0.000102181 -0.000136230 -0.000251155 -0.000102221 0.999999940 0.000404368
0.999999940 0.000137676 0.000256090 -0.002462485 -0.000137654 1.000000000 -0.000086061 0.003605896 -0.000256102 0.000086026 0.999999940 0.006332869
0.999999940 0.000137415 0.000301977 -0.003314266 -0.000137383 1.000000000 -0.000105402 0.004703908 -0.000301992 0.000105361 0.999999940 0.007368487
0.999999940 -0.000090355 0.000265853 -0.001259750 0.000090339 1.000000000 0.000062578 0.001274142 -0.000265859 -0.000062554 0.999999940 0.002912757
0.999999940 0.000204895 0.000316436 -0.002138272 -0.000204938 0.999999940 0.000136903 0.000984343 -0.000316408 -0.000136968 0.999999940 0.002869585
0.999999940 -0.000073790 0.000252116 -0.001767434 0.000073782 1.000000000 0.000029899 0.001687127 -0.000252118 -0.000029881 0.999999940 0.003196628
0.999999881 0.000033340 0.000461969 -0.002993119 -0.000033338 1.000000000 -0.000003842 0.001593663 -0.000461969 0.000003827 0.999999881 0.004888303
0.999999940 -0.000254020 0.000258293 -0.000265597 0.000254211 0.999999702 -0.000739593 0.000833182 -0.000258106 0.000739659 0.999999702 0.055050611
0.999999940 0.000210810 0.000347447 -0.001249854 -0.000210431 0.999999404 -0.001088950 -0.005912345 -0.000347677 0.001088877 0.999999344 0.133174837
1.000000000 0.000058216 0.000097834 0.003057566 -0.000058045 0.999998450 -0.001753347 -0.002149754 -0.000097936 0.001753341 0.999998450 0.256954432
1.000000000 0.000104026 0.000129109 0.004596968 -0.000103867 0.999999225 -0.001229802 -0.011556257 -0.000129237 0.001229789 0.999999225 0.386819631
1.000000000 0.000135802 0.000202348 0.008354603 -0.000135612 0.999999523 -0.000937178 -0.017336294 -0.000202475 0.000937151 0.999999523 0.525224566
0.999999940 0.000216542 0.000125220 0.013140290 -0.000216437 0.999999642 -0.000840340 -0.025629440 -0.000125402 0.000840313 0.999999642 0.669284642
0.999999821 0.000385573 0.000462479 0.015725337 -0.000385139 0.999999464 -0.000938183 -0.023905309 -0.000462840 0.000938005 0.999999464 0.842352450
0.999999940 0.000389146 0.000106160 0.017921999 -0.000389083 0.999999762 -0.000593048 -0.028008960 -0.000106391 0.000593007 0.999999821 1.016800165
1.000000000 -0.000052072 -0.000005218 0.022222009 0.000052071 0.999999940 -0.000298240 -0.034163669 0.000005234 0.000298240 0.999999940 1.192303896
0.999999881 0.000284298 0.000330307 0.017940897 -0.000284105 0.999999762 -0.000585408 -0.035371166 -0.000330474 0.000585314 0.999999762 1.372357011
1.000000000 -0.000065068 -0.000003280 0.036069799 0.000065067 1.000000000 -0.000020038 -0.050876189 0.000003281 0.000020038 1.000000000 1.566705823
0.999999762 0.000524071 0.000439277 0.035514049 -0.000524026 0.999999881 -0.000103782 -0.052867170 -0.000439331 0.000103552 0.999999881 1.760360599
0.999999940 0.000315169 -0.000065046 0.038165480 -0.000315203 0.999999821 -0.000533480 -0.048346616 0.000064878 0.000533501 0.999999881 1.955479741
0.999999702 0.000576723 0.000537171 0.037689969 -0.000576739 0.999999821 0.000028762 -0.067115538 -0.000537154 -0.000029071 0.999999881 2.162908316
0.999998748 0.001558318 0.000298339 0.044971023 -0.001557791 0.999997258 -0.001758393 -0.053973027 -0.000301079 0.001757926 0.999998391 2.396532297
0.999998212 0.001911462 0.000117947 0.056952171 -0.001911305 0.999997318 -0.001314331 -0.065207973 -0.000120459 0.001314103 0.999999106 2.609717846
0.999998152 0.001913110 0.000130160 0.059303664 -0.001912926 0.999997199 -0.001401706 -0.072181381 -0.000132841 0.001401455 0.999998987 2.839468241
0.999998510 0.001726769 -0.000156152 0.067204155 -0.001726939 0.999997914 -0.001093628 -0.080212258 0.000154263 0.001093896 0.999999344 3.076426744
0.999998450 0.001733633 0.000054589 0.066966906 -0.001733540 0.999997139 -0.001660219 -0.080149174 -0.000057467 0.001660122 0.999998569 3.318200111
0.999998450 0.001760160 0.000145341 0.073440574 -0.001759958 0.999997497 -0.001378932 -0.091454066 -0.000147767 0.001378674 0.999998987 3.552092552
0.999998808 0.001562636 0.000052903 0.078488767 -0.001562544 0.999997437 -0.001694822 -0.093350209 -0.000055551 0.001694737 0.999998510 3.813638687
0.999998450 0.001775971 0.000298980 0.081852190 -0.001775444 0.999996901 -0.001754419 -0.102435187 -0.000302095 0.001753886 0.999998450 4.070117950
0.999998152 0.001856608 0.000376243 0.086147569 -0.001856188 0.999997616 -0.001114105 -0.113527678 -0.000378310 0.001113404 0.999999344 4.326736927
0.999998331 0.001812628 0.000183199 0.091426462 -0.001812392 0.999997497 -0.001279593 -0.120599970 -0.000185518 0.001279259 0.999999106 4.580999374
0.999997735 0.002114213 0.000241908 0.098642319 -0.002113939 0.999997139 -0.001123662 -0.127979562 -0.000244283 0.001123148 0.999999285 4.834108829
0.999998689 0.001629687 0.000121028 0.101911210 -0.001629571 0.999998271 -0.000954232 -0.134713769 -0.000122583 0.000954034 0.999999523 5.110640526
0.999998510 0.001722192 0.000176849 0.105586350 -0.001721988 0.999997914 -0.001147875 -0.140477628 -0.000178826 0.001147568 0.999999344 5.362594128
0.999998212 0.001825008 0.000303614 0.112964094 -0.001824574 0.999997318 -0.001425657 -0.149096921 -0.000306215 0.001425101 0.999998868 5.642232895
0.999998033 0.001953627 0.000284415 0.116578184 -0.001953319 0.999997437 -0.001078156 -0.159322888 -0.000286520 0.001077598 0.999999344 5.911377907
0.999998510 0.001687114 0.000217263 0.126118019 -0.001686890 0.999998093 -0.001026940 -0.168116957 -0.000218995 0.001026572 0.999999464 6.189992905
0.999997437 0.002242806 0.000164268 0.130350694 -0.002242615 0.999996781 -0.001149917 -0.176594138 -0.000166847 0.001149546 0.999999285 6.467497826
0.999998093 0.001931913 0.000352744 0.134513348 -0.001931456 0.999997318 -0.001290184 -0.189502433 -0.000355236 0.001289500 0.999999106 6.750249386
0.999997497 0.002158284 0.000628928 0.136502698 -0.002157380 0.999996662 -0.001435072 -0.194671214 -0.000632024 0.001433712 0.999998808 7.052985668
0.999997258 0.002297341 0.000432590 0.146802023 -0.002296797 0.999996543 -0.001252484 -0.205770686 -0.000435466 0.001251487 0.999999106 7.345763683
0.999996424 0.002411243 0.001118113 0.143870771 -0.002409014 0.999995053 -0.001990313 -0.206462622 -0.001122907 0.001987612 0.999997437 7.660342693
0.999996245 0.002562767 0.001032186 0.154176697 -0.002561424 0.999995887 -0.001300833 -0.219976634 -0.001035515 0.001298185 0.999998629 7.960851669
0.999997675 0.002125155 0.000359414 0.168308631 -0.002124918 0.999997497 -0.000658313 -0.242917553 -0.000360813 0.000657548 0.999999702 8.286925316
0.999997377 0.002264492 0.000386348 0.178195402 -0.002264170 0.999997079 -0.000831919 -0.254773974 -0.000388231 0.000831042 0.999999583 8.609359741
0.999997020 0.002207433 0.001057041 0.176933959 -0.002206349 0.999997020 -0.001025926 -0.258122891 -0.001059302 0.001023590 0.999998868 8.954880714
0.999998033 0.001897129 0.000666996 0.185415283 -0.001896536 0.999997735 -0.000889676 -0.269346595 -0.000668682 0.000888409 0.999999404 9.290113449
0.999996483 0.002397595 0.001115233 0.180625871 -0.002396259 0.999996364 -0.001197682 -0.272208840 -0.001118100 0.001195005 0.999998569 9.643185616
0.999998629 0.001658840 0.000470134 0.197930589 -0.001658858 0.999998629 0.000037710 -0.302524060 -0.000470070 -0.000038490 0.999999881 9.962919235
0.999998569 0.001633883 0.000502047 0.206268281 -0.001633903 0.999998629 0.000038988 -0.312340766 -0.000501982 -0.000039808 0.999999881 10.321578026
0.999998510 0.001568237 0.000697932 0.216230780 -0.001568770 0.999998510 0.000764091 -0.328769565 -0.000696733 -0.000765185 0.999999464 10.665102005
0.999999106 0.001219440 0.000406915 0.227172121 -0.001219629 0.999999166 0.000465376 -0.336473048 -0.000406348 -0.000465872 0.999999762 11.038391113
0.999996305 0.002504531 0.001027827 0.221306548 -0.002504241 0.999996841 -0.000282380 -0.343324631 -0.001028531 0.000279805 0.999999404 11.417462349
0.999996841 0.002214569 0.001193537 0.232943222 -0.002214095 0.999997497 -0.000398322 -0.350889713 -0.001194416 0.000395678 0.999999225 11.795054436
0.999997735 0.001837810 0.001064457 0.240289330 -0.001837904 0.999998391 0.000087219 -0.367493004 -0.001064295 -0.000089175 0.999999464 12.181777000
0.999997914 0.001847253 0.000855539 0.251633048 -0.001846948 0.999998212 -0.000357079 -0.375614017 -0.000856197 0.000355498 0.999999583 12.565331459
0.999997854 0.001930101 0.000705511 0.260831475 -0.001929705 0.999997973 -0.000562235 -0.385182440 -0.000706595 0.000560872 0.999999642 12.963027954
0.999996722 0.002350002 0.000987322 0.265048772 -0.002349693 0.999997199 -0.000313468 -0.397701234 -0.000988055 0.000311147 0.999999464 13.366961479
0.999995232 0.002655064 0.001529636 0.271849930 -0.002654850 0.999996483 -0.000141923 -0.407028377 -0.001530008 0.000137861 0.999998808 13.777764320
0.999995768 0.002355088 0.001665018 0.277452230 -0.002354210 0.999997079 -0.000528847 -0.415900588 -0.001666260 0.000524925 0.999998391 14.192785263
0.999994576 0.002477378 0.002142646 0.285098135 -0.002476617 0.999996841 -0.000357691 -0.428926408 -0.002143526 0.000352382 0.999997616 14.615089417
0.999995708 0.002033572 0.002131204 0.298701823 -0.002033397 0.999997914 -0.000084278 -0.443162531 -0.002131371 0.000079944 0.999997735 15.037520409
0.999994636 0.002567190 0.002038854 0.309465736 -0.002566544 0.999996603 -0.000319343 -0.456217080 -0.002039667 0.000314109 0.999997795 15.473466873
0.999993861 0.002366820 0.002554932 0.317568719 -0.002365582 0.999997020 -0.000487335 -0.468208402 -0.002556077 0.000481288 0.999996603 15.913084984
0.999994159 0.002141145 0.002673623 0.328376949 -0.002140244 0.999997675 -0.000339784 -0.478846550 -0.002674345 0.000334059 0.999996364 16.361499786
0.999992549 0.002413921 0.003004000 0.336167961 -0.002412139 0.999996841 -0.000596707 -0.491215438 -0.003005431 0.000589456 0.999995232 16.805599213
0.999990106 0.002793846 0.003433358 0.345824182 -0.002793135 0.999996006 -0.000211814 -0.508580327 -0.003433936 0.000202222 0.999994040 17.254905701
0.999989212 0.002626110 0.003824538 0.351176769 -0.002624913 0.999996483 -0.000318133 -0.515658736 -0.003825360 0.000308090 0.999992609 17.726591110
0.999987066 0.002665973 0.004301542 0.364550054 -0.002664489 0.999996305 -0.000350764 -0.530041695 -0.004302461 0.000339298 0.999990642 18.187641144
0.999989390 0.002354594 0.003964801 0.381535709 -0.002352623 0.999997020 -0.000501841 -0.537057757 -0.003965971 0.000492508 0.999992013 18.662651062
0.999985814 0.002855640 0.004496450 0.389139712 -0.002851960 0.999995589 -0.000824732 -0.550844491 -0.004498786 0.000811897 0.999989569 19.143024445
0.999985397 0.003112321 0.004424402 0.406105280 -0.003108177 0.999994755 -0.000943306 -0.562311172 -0.004427316 0.000929540 0.999989808 19.621683121
0.999985576 0.002593842 0.004710982 0.412968695 -0.002591704 0.999996483 -0.000459871 -0.575214505 -0.004712158 0.000447655 0.999988794 20.100553513
0.999986887 0.002842584 0.004245338 0.426299959 -0.002839606 0.999995649 -0.000707277 -0.594887912 -0.004247331 0.000695212 0.999990761 20.594884872
0.999984801 0.003167045 0.004525500 0.433898687 -0.003162144 0.999994338 -0.001089642 -0.603025317 -0.004528925 0.001075315 0.999989212 21.094177246
0.999987066 0.002681204 0.004315593 0.441163301 -0.002676582 0.999995828 -0.001076482 -0.609156132 -0.004318461 0.001064917 0.999990165 21.607923508
0.999990106 0.002890522 0.003388359 0.454939902 -0.002888759 0.999995708 -0.000525072 -0.637499630 -0.003389861 0.000515279 0.999994040 22.104375839
0.999991775 0.002958986 0.002786425 0.469534695 -0.002956385 0.999995232 -0.000937232 -0.645013869 -0.002789185 0.000928986 0.999995708 22.618543625
0.999990404 0.003468755 0.002668703 0.470421284 -0.003466251 0.999993503 -0.000942517 -0.661698461 -0.002671955 0.000933258 0.999996006 23.142459869
0.999994576 0.002758967 0.001764952 0.480530828 -0.002756686 0.999995291 -0.001293323 -0.675915241 -0.001768511 0.001288450 0.999997616 23.673151016
0.999996662 0.002182520 0.001362419 0.492841601 -0.002180728 0.999996781 -0.001315423 -0.694243312 -0.001365286 0.001312448 0.999998212 24.189216614
0.999996126 0.002686618 0.000753548 0.503670156 -0.002686100 0.999996245 -0.000687488 -0.709825635 -0.000755393 0.000685461 0.999999464 24.725828171
0.999993443 0.003594674 0.000160680 0.511958897 -0.003594527 0.999993145 -0.000903068 -0.724069357 -0.000163926 0.000902484 0.999999523 25.263502121
0.999993622 0.003554725 0.000040571 0.520868301 -0.003554695 0.999993443 -0.000712123 -0.737878561 -0.000043103 0.000711974 0.999999702 25.804492950
0.999992728 0.003764412 -0.000619304 0.527207315 -0.003764905 0.999992549 -0.000797226 -0.756719649 0.000616299 0.000799552 0.999999404 26.355524063
0.999992967 0.003232745 -0.001938486 0.538087606 -0.003233905 0.999994636 -0.000595614 -0.769178271 0.001936550 0.000601878 0.999997914 26.905326843
0.999991119 0.003839354 -0.001763326 0.537711322 -0.003840574 0.999992311 -0.000688995 -0.785250962 0.001760667 0.000695761 0.999998212 27.461004257
0.999990940 0.003819943 -0.001876044 0.556060731 -0.003820298 0.999992669 -0.000186654 -0.808596551 0.001875318 0.000193820 0.999998212 27.993263245
0.999991596 0.003724752 -0.001710904 0.559514999 -0.003724777 0.999993026 -0.000011330 -0.820257187 0.001710850 0.000017703 0.999998510 28.536342621
0.999992609 0.003265182 -0.002043871 0.575379491 -0.003265442 0.999994636 -0.000124087 -0.831108272 0.002043456 0.000130761 0.999997854 29.067615509
0.999987483 0.004207517 -0.002715913 0.580282211 -0.004206491 0.999991000 0.000383273 -0.859155118 0.002717501 -0.000371844 0.999996245 29.634338379
0.999986887 0.004237332 -0.002872236 0.584494352 -0.004236393 0.999991000 0.000332986 -0.871516705 0.002873620 -0.000320814 0.999995828 30.182577133
0.999985218 0.004594164 -0.002903435 0.599598289 -0.004593004 0.999989390 0.000405748 -0.891178071 0.002905268 -0.000392407 0.999995708 30.729478836
0.999984920 0.004276367 -0.003443221 0.605466366 -0.004275505 0.999990821 0.000258042 -0.904763281 0.003444293 -0.000243316 0.999994040 31.280097961
0.999982893 0.004390455 -0.003856109 0.615356207 -0.004388939 0.999990284 0.000401516 -0.918809772 0.003857834 -0.000384585 0.999992490 31.826181412
0.999981701 0.004361820 -0.004175607 0.628191590 -0.004359749 0.999990284 0.000504984 -0.937362731 0.004177769 -0.000486770 0.999991179 32.373043060
0.999980807 0.004753637 -0.003966562 0.628533721 -0.004752406 0.999988675 0.000319339 -0.946422696 0.003968035 -0.000300483 0.999992073 32.911621094
0.999978900 0.005187990 -0.003906724 0.636623502 -0.005188785 0.999986589 -0.000193719 -0.963306546 0.003905667 0.000213986 0.999992371 33.454578400
0.999978304 0.005169848 -0.004088585 0.639404297 -0.005169958 0.999986589 -0.000016351 -0.972210824 0.004088446 0.000037488 0.999991655 34.014190674
0.999982357 0.004152048 -0.004262294 0.645713806 -0.004152873 0.999991298 -0.000184264 -0.987759471 0.004261493 0.000201962 0.999990880 34.557395935
0.999980688 0.004711287 -0.004035119 0.654905260 -0.004711802 0.999988914 -0.000118054 -1.003530741 0.004034518 0.000137064 0.999991834 35.094718933
0.999978185 0.005185821 -0.004094591 0.664100468 -0.005185007 0.999986649 0.000209401 -1.022649527 0.004095622 -0.000188166 0.999991596 35.635532379
0.999977648 0.005961457 -0.003015398 0.668054223 -0.005959844 0.999982059 0.000543461 -1.046814680 0.003018584 -0.000525478 0.999995291 36.170478821
0.999974549 0.005294013 -0.004778217 0.686444879 -0.005295887 0.999985933 -0.000379526 -1.046048403 0.004776141 0.000404822 0.999988437 36.734718323
0.999971390 0.006146220 -0.004417760 0.691801071 -0.006149639 0.999980867 -0.000760548 -1.059630156 0.004413002 0.000787694 0.999989867 37.282276154
0.999971926 0.005671728 -0.004893885 0.697391629 -0.005674915 0.999983609 -0.000637684 -1.074856877 0.004890190 0.000665438 0.999987781 37.838619232
0.999975145 0.005065641 -0.004904837 0.704770803 -0.005070481 0.999986649 -0.000974677 -1.087831974 0.004899836 0.000999523 0.999987423 38.388683319
0.999972403 0.005347871 -0.005151141 0.717276514 -0.005352251 0.999985337 -0.000836864 -1.104431629 0.005146590 0.000864411 0.999986410 38.928363800
0.999967039 0.005905022 -0.005577338 0.730142653 -0.005910410 0.999982059 -0.000950015 -1.113287210 0.005571629 0.000982948 0.999983907 39.482597351
0.999967337 0.006045808 -0.005375612 0.742385507 -0.006050711 0.999981284 -0.000896282 -1.131667495 0.005370093 0.000928779 0.999985158 40.024559021
0.999966502 0.006154021 -0.005404063 0.752522826 -0.006157284 0.999980927 -0.000587500 -1.152523279 0.005400344 0.000620755 0.999985158 40.572998047
0.999965131 0.005725247 -0.006077240 0.760671854 -0.005731123 0.999983132 -0.000950101 -1.160526633 0.006071698 0.000984897 0.999981105 41.129703522
0.999962509 0.006023801 -0.006228128 0.773972273 -0.006029115 0.999981523 -0.000834688 -1.175124168 0.006222985 0.000872207 0.999980271 41.674961090
0.999961436 0.005930566 -0.006466171 0.789530873 -0.005935486 0.999982059 -0.000741760 -1.197284222 0.006461656 0.000780111 0.999978900 42.210006714
0.999956906 0.006827253 -0.006287502 0.783816993 -0.006832572 0.999976337 -0.000824954 -1.205866218 0.006281721 0.000867878 0.999979913 42.779453278
0.999959767 0.006187466 -0.006494689 0.796242714 -0.006192458 0.999980569 -0.000749051 -1.222609401 0.006489929 0.000789239 0.999978602 43.319965363
0.999956667 0.007319989 -0.005746468 0.797860622 -0.007325365 0.999972761 -0.000915134 -1.238539100 0.005739612 0.000957189 0.999983072 43.869110107
0.999959290 0.006716271 -0.006030420 0.795081973 -0.006720344 0.999977231 -0.000655125 -1.253691792 0.006025883 0.000695625 0.999981582 44.411365509
0.999958098 0.006951772 -0.005961895 0.805668354 -0.006958873 0.999975085 -0.001170781 -1.265113235 0.005953608 0.001212220 0.999981523 44.962379456
0.999959409 0.007572659 -0.004900428 0.811533451 -0.007579344 0.999970436 -0.001347125 -1.273581624 0.004890083 0.001384212 0.999987066 45.495723724
0.999959826 0.006780833 -0.005866864 0.818903565 -0.006783914 0.999976873 -0.000505430 -1.304617047 0.005863301 0.000545210 0.999982595 46.054031372
0.999961734 0.006516598 -0.005852081 0.828846455 -0.006522432 0.999978304 -0.000978707 -1.320360661 0.005845577 0.001016839 0.999982357 46.596946716
0.999961495 0.007058708 -0.005226142 0.828132629 -0.007065750 0.999974191 -0.001330298 -1.327194452 0.005216618 0.001367174 0.999985397 47.128025055
0.999962270 0.006198897 -0.006081708 0.836515009 -0.006203309 0.999980509 -0.000706885 -1.349954128 0.006077208 0.000744585 0.999981284 47.699508667
0.999956608 0.006942289 -0.006207789 0.844706059 -0.006945090 0.999975741 -0.000429789 -1.368978024 0.006204655 0.000472884 0.999980688 48.245246887
0.999959528 0.006343862 -0.006365183 0.864287376 -0.006348467 0.999979615 -0.000703890 -1.380254745 0.006360586 0.000744271 0.999979556 48.781162262
0.999961674 0.006383506 -0.005993333 0.851741552 -0.006386592 0.999979496 -0.000495983 -1.397378564 0.005990044 0.000534241 0.999981880 49.332572937
0.999963760 0.006189683 -0.005858803 0.864495814 -0.006194753 0.999980509 -0.000847704 -1.409064174 0.005853442 0.000883967 0.999982536 49.885219574
0.999961793 0.006817924 -0.005487048 0.872075319 -0.006817646 0.999976754 0.000069484 -1.436458945 0.005487394 -0.000032073 0.999985039 50.413738251
0.999961734 0.006233485 -0.006136368 0.877995849 -0.006237130 0.999980390 -0.000575015 -1.447456956 0.006132663 0.000613266 0.999980986 50.972320557
0.999962211 0.006444712 -0.005826968 0.885821700 -0.006445072 0.999979198 -0.000043185 -1.464336395 0.005826568 0.000080739 0.999982953 51.525978088
0.999960721 0.006188367 -0.006349979 0.907493949 -0.006192601 0.999980628 -0.000647619 -1.474100113 0.006345848 0.000686917 0.999979615 52.059238434
0.999960124 0.006086824 -0.006535859 0.909155130 -0.006090908 0.999981284 -0.000604962 -1.497105360 0.006532054 0.000644748 0.999978483 52.623218536
0.999962807 0.006433239 -0.005750720 0.905431032 -0.006432996 0.999979317 0.000060768 -1.515004873 0.005750992 -0.000023771 0.999983549 53.159420013
0.999960005 0.005992827 -0.006638297 0.923127949 -0.005995723 0.999981940 -0.000416622 -1.528722644 0.006635681 0.000456407 0.999977827 53.715053558
0.999960542 0.006588053 -0.005957432 0.928268790 -0.006590690 0.999978185 -0.000423123 -1.543813229 0.005954515 0.000462369 0.999982119 54.264427185
0.999964178 0.006360096 -0.005575782 0.921826601 -0.006364028 0.999979556 -0.000687713 -1.553609848 0.005571293 0.000723173 0.999984205 54.832160950
0.999959230 0.006231458 -0.006529293 0.945494235 -0.006236560 0.999980271 -0.000761288 -1.573541760 0.006524420 0.000801977 0.999978423 55.360366821
0.999960244 0.006442303 -0.006164973 0.951289356 -0.006446872 0.999979019 -0.000721461 -1.590481400 0.006160195 0.000761177 0.999980748 55.910755157
0.999956489 0.006676926 -0.006515788 0.951336265 -0.006681939 0.999977410 -0.000747442 -1.600767732 0.006510650 0.000790948 0.999978483 56.453647614
0.999961078 0.006355367 -0.006116731 0.967549264 -0.006359812 0.999979556 -0.000707300 -1.619722486 0.006112110 0.000746174 0.999981046 56.988986969
0.999954402 0.006996779 -0.006494020 0.973402917 -0.007000298 0.999975383 -0.000519424 -1.635652304 0.006490225 0.000564860 0.999978781 57.538314819
0.999958277 0.006550835 -0.006367437 0.979106545 -0.006555682 0.999978244 -0.000740799 -1.653085828 0.006362445 0.000782510 0.999979496 58.081954956
0.999956548 0.006874707 -0.006290551 0.988068044 -0.006879961 0.999975979 -0.000814143 -1.667820573 0.006284802 0.000857386 0.999979854 58.621860504
0.999959707 0.006940615 -0.005688973 0.988648891 -0.006947522 0.999975145 -0.001195427 -1.676515818 0.005680534 0.001234903 0.999983072 59.170570374
0.999958515 0.006956069 -0.005872096 0.995551884 -0.006963260 0.999975026 -0.001205065 -1.692682266 0.005863566 0.001245904 0.999981999 59.710018158
0.999954164 0.007161973 -0.006343035 1.007016301 -0.007168470 0.999973834 -0.001002136 -1.709863901 0.006335692 0.001047560 0.999979317 60.266670227
0.999951720 0.007576615 -0.006242649 1.011828065 -0.007581510 0.999970973 -0.000760705 -1.724158168 0.006236704 0.000807997 0.999980211 60.823482513
0.999953628 0.007558194 -0.005975684 1.020874262 -0.007560976 0.999971330 -0.000443002 -1.744134307 0.005972165 0.000488164 0.999981940 61.363735199
0.999952435 0.007577031 -0.006129978 1.022046328 -0.007583701 0.999970615 -0.001065439 -1.750078082 0.006121725 0.001111877 0.999980628 61.906246185
0.999951482 0.007387396 -0.006520190 1.030554533 -0.007398771 0.999971092 -0.001722203 -1.762080789 0.006507279 0.001770361 0.999977231 62.460105896
0.999954820 0.007942573 -0.005218150 1.025728941 -0.007949284 0.999967635 -0.001266688 -1.780915499 0.005207920 0.001308111 0.999985576 63.013740540
0.999954522 0.007736900 -0.005578279 1.041764736 -0.007744011 0.999969304 -0.001254450 -1.797830105 0.005568402 0.001297591 0.999983609 63.554576874
0.999949276 0.007684051 -0.006507528 1.053651571 -0.007690330 0.999969959 -0.000940254 -1.824396968 0.006500107 0.000990251 0.999978364 64.084342957
0.999951482 0.007789721 -0.006011127 1.054111242 -0.007795519 0.999969065 -0.000941678 -1.839554787 0.006003606 0.000988492 0.999981463 64.633728027
0.999945939 0.008467363 -0.006024210 1.062674999 -0.008470444 0.999963939 -0.000486256 -1.854952097 0.006019875 0.000537258 0.999981761 65.158142090
0.999950886 0.007915382 -0.005956403 1.063499570 -0.007921818 0.999968052 -0.001057478 -1.863331914 0.005947843 0.001104612 0.999981642 65.699806213
0.999945521 0.008209822 -0.006445037 1.087883949 -0.008215968 0.999965847 -0.000928019 -1.885779262 0.006437198 0.000980921 0.999978781 66.255073547
0.999947906 0.008346371 -0.005886688 1.087818861 -0.008354092 0.999964297 -0.001288471 -1.896973133 0.005875724 0.001337582 0.999981821 66.807121277
0.999941766 0.008719656 -0.006352136 1.104448795 -0.008728059 0.999961019 -0.001296630 -1.917371631 0.006340583 0.001351996 0.999978960 67.364662170
0.999943674 0.008119106 -0.006833928 1.117912650 -0.008125133 0.999966562 -0.000854386 -1.932578206 0.006826763 0.000909865 0.999976277 67.891181946
0.999941051 0.008647189 -0.006575251 1.126983881 -0.008648639 0.999962628 -0.000192263 -1.956717610 0.006573342 0.000249118 0.999978423 68.421188354
0.999942064 0.008729409 -0.006294886 1.133873701 -0.008732315 0.999961734 -0.000434107 -1.972617149 0.006290856 0.000489051 0.999980152 68.974235535
0.999944270 0.008642165 -0.006062088 1.117708921 -0.008646202 0.999962330 -0.000639892 -1.986806273 0.006056330 0.000692271 0.999981403 69.525581360
0.999945939 0.008511986 -0.005961709 1.127722740 -0.008516575 0.999963403 -0.000744968 -2.000083685 0.005955149 0.000795701 0.999981940 70.075653076
0.999944210 0.009165679 -0.005231503 1.129718065 -0.009167668 0.999957860 -0.000356583 -2.021735191 0.005228015 0.000404524 0.999986231 70.619354248
0.999944806 0.008837327 -0.005678312 1.133713603 -0.008846302 0.999959648 -0.001556892 -2.021181345 0.005664325 0.001607039 0.999982595 71.170303345
0.999947608 0.008703360 -0.005375577 1.147529602 -0.008714376 0.999959946 -0.002029024 -2.035327435 0.005357702 0.002075763 0.999983490 71.720420837
0.999943256 0.009211014 -0.005352925 1.151200294 -0.009218153 0.999956727 -0.001310254 -2.056440592 0.005340624 0.001359524 0.999984801 72.270477295
0.999942720 0.009264937 -0.005342318 1.151179910 -0.009271041 0.999956369 -0.001119167 -2.077490330 0.005331715 0.001168632 0.999985099 72.794883728
0.999948204 0.008622939 -0.005382614 1.164249420 -0.008628682 0.999962151 -0.001044968 -2.098114014 0.005373399 0.001091359 0.999984980 73.338226318
0.999948144 0.008556378 -0.005507599 1.166838169 -0.008560736 0.999963105 -0.000768233 -2.116653442 0.005500822 0.000815342 0.999984562 73.888351440
0.999943614 0.009181664 -0.005331289 1.172364950 -0.009187505 0.999957204 -0.001071675 -2.126362562 0.005321221 0.001120596 0.999985218 74.419853210
0.999945521 0.008841095 -0.005545977 1.184972882 -0.008845583 0.999960542 -0.000785255 -2.142974377 0.005538815 0.000834269 0.999984324 74.953559875
0.999936283 0.009739569 -0.005698462 1.192734361 -0.009739295 0.999952495 0.000076127 -2.169301271 0.005698932 -0.000020623 0.999983788 75.489463806
0.999945700 0.008764253 -0.005632103 1.200972676 -0.008769774 0.999961078 -0.000956375 -2.176527977 0.005623502 0.001005715 0.999983668 76.032752991
0.999939203 0.009200995 -0.006079912 1.209336877 -0.009206566 0.999957204 -0.000889122 -2.194136858 0.006071472 0.000945044 0.999981105 76.579544067
0.999946058 0.008654087 -0.005747432 1.215830684 -0.008659489 0.999962091 -0.000915520 -2.208284140 0.005739291 0.000965240 0.999983072 77.125923157
0.999945283 0.008333241 -0.006323218 1.229078293 -0.008338538 0.999965012 -0.000811884 -2.223831654 0.006316231 0.000864566 0.999979675 77.671432495
0.999945462 0.008439654 -0.006156098 1.231772184 -0.008444634 0.999964058 -0.000783337 -2.239835978 0.006149265 0.000835280 0.999980748 78.204421997
0.999943197 0.008791454 -0.006038057 1.242191792 -0.008800035 0.999960363 -0.001396116 -2.252275944 0.006025543 0.001449171 0.999980807 78.753776550
0.999947488 0.008440373 -0.005819328 1.251196742 -0.008445886 0.999963939 -0.000923485 -2.269480944 0.005811324 0.000972586 0.999982655 79.295341492
0.999944031 0.008889915 -0.005722884 1.254276037 -0.008894356 0.999960184 -0.000750702 -2.291793346 0.005715982 0.000801562 0.999983311 79.839355469
0.999940395 0.009165760 -0.005929527 1.265149593 -0.009170142 0.999957621 -0.000712037 -2.306699514 0.005922751 0.000766370 0.999982119 80.382438660
0.999944568 0.009390791 -0.004754581 1.271657228 -0.009393884 0.999955654 -0.000628439 -2.320855618 0.004748468 0.000673068 0.999988437 80.927742004
0.999953508 0.009139029 -0.003058305 1.277281880 -0.009142647 0.999957442 -0.001171451 -2.334512949 0.003047469 0.001199357 0.999994695 81.474296570
0.999952972 0.009338994 -0.002602014 1.292320251 -0.009340949 0.999956071 -0.000741354 -2.356151819 0.002594976 0.000765624 0.999996364 81.996139526
0.999952674 0.009656498 -0.001151021 1.304021955 -0.009657299 0.999953151 -0.000693338 -2.371616125 0.001144273 0.000704421 0.999999106 82.542793274
0.999948978 0.009946623 0.001791513 1.322922587 -0.009945183 0.999950230 -0.000810932 -2.387251139 -0.001799489 0.000793074 0.999998093 83.093078613
0.999940991 0.009247186 0.005697405 1.340765953 -0.009244275 0.999957144 -0.000536913 -2.411683321 -0.005702126 0.000484213 0.999983609 83.628837585
0.999912739 0.009748847 0.008914299 1.356181979 -0.009745901 0.999952435 -0.000373879 -2.428836584 -0.008917520 0.000286969 0.999960184 84.181297302
0.999850214 0.009939699 0.014170522 1.380172491 -0.009939504 0.999950528 -0.000084204 -2.451041937 -0.014170658 -0.000056657 0.999899566 84.722824097
0.999748945 0.010631132 0.019721817 1.413014412 -0.010637594 0.999943376 0.000222771 -2.470634460 -0.019718328 -0.000432508 0.999805391 85.267654419
0.999635041 0.009823145 0.025164649 1.434933186 -0.009809640 0.999951661 -0.000660046 -2.478376150 -0.025169918 0.000412949 0.999683022 85.821960449
0.999482214 0.008937303 0.030909203 1.472727418 -0.008930608 0.999960065 -0.000354606 -2.494357109 -0.030911140 0.000078385 0.999522090 86.364952087
0.999182165 0.009464950 0.039310392 1.501664281 -0.009453678 0.999955237 -0.000472624 -2.512689114 -0.039313108 0.000100610 0.999226928 86.921089172
0.998843729 0.009694783 0.047086995 1.550557137 -0.009666486 0.999952853 -0.000828664 -2.526102066 -0.047092807 0.000372540 0.998890460 87.473190308
0.998471797 0.009975882 0.054356597 1.590818167 -0.009942290 0.999950051 -0.000888411 -2.540971518 -0.054362752 0.000346625 0.998521209 88.022766113
0.997947872 0.009820568 0.063275151 1.642723322 -0.009790041 0.999951720 -0.000792513 -2.553024769 -0.063279882 0.000171420 0.997995794 88.567344666
0.997273326 0.009924877 0.073125087 1.704240322 -0.009875006 0.999950707 -0.001043492 -2.569507837 -0.073131815 0.000318537 0.997322261 89.124420166
0.996617556 0.008971128 0.081688114 1.766617298 -0.008883850 0.999959528 -0.001431827 -2.579468489 -0.081697643 0.000701279 0.996656954 89.669105530
0.995926976 0.009410606 0.089670129 1.829849243 -0.009309758 0.999955416 -0.001542830 -2.599414825 -0.089680657 0.000701739 0.995970309 90.215270996
0.994928896 0.009420955 0.100138374 1.910867214 -0.009307148 0.999955416 -0.001603625 -2.612969637 -0.100149006 0.000663490 0.994972229 90.754058838
0.993740380 0.009785835 0.111283921 1.982727051 -0.009715931 0.999952197 -0.001170457 -2.633927822 -0.111290045 0.000081904 0.993787944 91.299415588
0.992691755 0.008868499 0.120351501 2.065772057 -0.008782017 0.999960661 -0.001248958 -2.657930613 -0.120357841 0.000182901 0.992730558 91.856559753
0.991208375 0.008301741 0.132049739 2.151223183 -0.008155337 0.999965429 -0.001649503 -2.665592670 -0.132058874 0.000558092 0.991241693 92.390373230
0.989638388 0.008101920 0.143353224 2.259361267 -0.007947905 0.999966979 -0.001646989 -2.687309504 -0.143361852 0.000490566 0.989670217 92.965835571
0.987937629 0.008162807 0.154636577 2.361487389 -0.008029617 0.999966621 -0.001485898 -2.707708120 -0.154643521 0.000226302 0.987970293 93.511253357
0.986337721 0.007432490 0.164567828 2.474756241 -0.007279914 0.999972343 -0.001530244 -2.720513105 -0.164574638 0.000311297 0.986364603 94.054786682
0.984182239 0.006967439 0.177021608 2.604278564 -0.006817405 0.999975681 -0.001455752 -2.742025614 -0.177027464 0.000225898 0.984205961 94.558990479
0.981878996 0.006420152 0.189400285 2.731101036 -0.006262265 0.999979377 -0.001432059 -2.759181261 -0.189405560 0.000220034 0.981898963 95.104934692
0.979701161 0.006943812 0.200343341 2.844072342 -0.006756402 0.999975860 -0.001619164 -2.768523693 -0.200349718 0.000232696 0.979724407 95.644500732
0.976880610 0.007479489 0.213654920 2.983200073 -0.007369716 0.999971986 -0.001310270 -2.788994789 -0.213658720 -0.000294599 0.976908326 96.175567627
0.973836243 0.007368338 0.227131784 3.130657196 -0.007235670 0.999972880 -0.001416710 -2.804866314 -0.227136046 -0.000263808 0.973862946 96.712654114
0.971242368 0.006219606 0.238011658 3.273458481 -0.006043851 0.999980628 -0.001468172 -2.821428299 -0.238016203 -0.000012556 0.971261144 97.249404907
0.968238771 0.006291701 0.249948293 3.434080124 -0.006142333 0.999980092 -0.001377609 -2.844713211 -0.249952033 -0.000201411 0.968258202 97.773200989
0.964684308 0.005715808 0.263346732 3.610015869 -0.005654280 0.999983490 -0.000991544 -2.864174128 -0.263348043 -0.000532509 0.964700758 98.293327332
0.960990727 0.006125932 0.276512682 3.770605087 -0.005888203 0.999981225 -0.001690006 -2.873325109 -0.276517868 -0.000004083 0.961008728 98.844764709
0.957783461 0.005402281 0.287439853 3.948678970 -0.005118168 0.999985337 -0.001739862 -2.890291214 -0.287445009 0.000195246 0.957797050 99.357238770
0.953632176 0.005025006 0.300932318 4.142292023 -0.004662762 0.999987245 -0.001921966 -2.904659748 -0.300938100 0.000429673 0.953643560 99.880867004
0.949115038 0.005195238 0.314887106 4.326244354 -0.004887006 0.999986470 -0.001768374 -2.920654535 -0.314892143 0.000139535 0.949127495 100.411315918
0.945254505 0.004474496 0.326303393 4.526361465 -0.004032122 0.999989808 -0.002032063 -2.930924892 -0.326309115 0.000605122 0.945262909 100.928215027
0.940468192 0.004028112 0.339857936 4.727842331 -0.003578240 0.999991655 -0.001950399 -2.956141710 -0.339862972 0.000618195 0.940474868 101.438285828
0.935391903 0.004042428 0.353589445 4.952327728 -0.003581705 0.999991655 -0.001957345 -2.974696159 -0.353594452 0.000564431 0.935398638 101.950111389
0.930599570 0.003732695 0.366019696 5.173826218 -0.003392863 0.999993026 -0.001571695 -2.991074324 -0.366023034 0.000220764 0.930605710 102.459335327
0.926153958 0.002684590 0.377135992 5.400211334 -0.001992516 0.999995530 -0.002225194 -2.998564243 -0.377140284 0.001309422 0.926155210 102.966156006
0.919994295 0.002956795 0.391920894 5.632377625 -0.002327883 0.999995053 -0.002079866 -3.018764496 -0.391925186 0.001001119 0.919996560 103.473594666
0.914142072 0.002744335 0.405384809 5.872322083 -0.002165081 0.999995828 -0.001887424 -3.034137011 -0.405388325 0.000847682 0.914144218 103.964286804
0.909275234 0.002094127 0.416189998 6.117225647 -0.001364128 0.999996960 -0.002051354 -3.055448532 -0.416193068 0.001297509 0.909275353 104.442985535
0.902806580 0.002320308 0.430040538 6.374874115 -0.001756622 0.999997020 -0.001707772 -3.071914673 -0.430043161 0.000786369 0.902807951 104.964263916
0.896282673 0.002490778 0.443476319 6.639530182 -0.002147670 0.999996841 -0.001275944 -3.098534822 -0.443478107 0.000191165 0.896285117 105.426170349
0.890470266 0.001369950 0.455039233 6.918720245 -0.000721050 0.999998510 -0.001599586 -3.112375736 -0.455040753 0.001096278 0.890469909 105.917694092
0.884607315 0.000922929 0.466335654 7.174137115 -0.000150176 0.999998569 -0.001694232 -3.116827488 -0.466336578 0.001428697 0.884606242 106.405075073
0.877277792 0.001003535 0.479981899 7.461261749 0.000056578 0.999997616 -0.002194181 -3.128129482 -0.479982913 0.001952063 0.877275705 106.889541626
