1.000000000 0.000000000 0.000000000 0.000000000 0.000000000 1.000000000 0.000000000 0.000000000 0.000000000 0.000000000 1.000000000 0.000000000
1.000000000 0.000011726 -0.000022898 0.000407894 -0.000011725 1.000000000 0.000035940 -0.001002910 0.000022898 -0.000035940 1.000000000 -0.001607042
1.000000000 -0.000030430 -0.000007556 0.000953808 0.000030430 1.000000000 -0.000009198 -0.000462129 0.000007556 0.000009197 1.000000000 -0.002508484
1.000000000 -0.000160243 -0.000116492 0.001932817 0.000160251 1.000000000 0.000073404 -0.001923820 0.000116480 -0.000073423 1.000000000 -0.004479682
1.000000000 -0.000128459 -0.000075106 -0.000258077 0.000128459 1.000000000 -0.000002767 0.000212383 0.000075107 0.000002757 1.000000000 -0.003228765
1.000000000 -0.000165209 -0.000043318 0.000786918 0.000165212 1.000000000 0.000058477 -0.000586010 0.000043308 -0.000058484 1.000000000 -0.001263703
1.000000000 -0.000200818 -0.000014835 0.000124179 0.000200818 1.000000000 0.000038391 -0.000647542 0.000014828 -0.000038394 1.000000000 -0.003817297
1.000000000 -0.000081210 -0.000045581 0.000063257 0.000081211 1.000000000 0.000042192 0.000385462 0.000045577 -0.000042196 1.000000000 -0.003888378
1.000000000 -0.000060434 -0.000024907 0.000334460 0.000060434 1.000000000 -0.000006821 0.000505013 0.000024907 0.000006819 1.000000000 -0.000457476
1.000000000 -0.000061821 -0.000062587 -0.000301712 0.000061821 1.000000000 -0.000000165 0.001150079 0.000062587 0.000000161 1.000000000 -0.001864998
1.000000000 -0.000160705 -0.000125014 0.000941662 0.000160711 1.000000000 0.000047538 -0.000410946 0.000125006 -0.000047558 1.000000000 -0.002890941
1.000000000 -0.000193799 -0.000105302 0.000188353 0.000193800 1.000000000 0.000006381 0.000414192 0.000105300 -0.000006402 1.000000000 -0.000444493
1.000000000 -0.000205815 -0.000052669 -0.000818200 0.000205817 1.000000000 0.000034399 0.000972142 0.000052662 -0.000034409 1.000000000 -0.000793671
1.000000000 -0.000170525 -0.000053171 0.000364184 0.000170526 1.000000000 0.000029465 -0.000130523 0.000053166 -0.000029474 1.000000000 -0.003525843
1.000000000 -0.000139690 -0.000077880 0.001249890 0.000139699 1.000000000 0.000116664 -0.000562043 0.000077864 -0.000116675 1.000000000 -0.003984137
1.000000000 -0.000085077 -0.000048991 0.002122619 0.000085083 1.000000000 0.000120432 -0.001496322 0.000048980 -0.000120436 1.000000000 -0.007325468
1.000000000 -0.000093482 -0.000080101 0.001053111 0.000093484 1.000000000 0.000023965 0.000625523 0.000080099 -0.000023973 1.000000000 -0.002747130
1.000000000 -0.000084053 -0.000098355 0.001041320 0.000084061 1.000000000 0.000078703 -0.000279508 0.000098348 -0.000078711 1.000000000 -0.004444252
0.999999940 -0.000253912 -0.000133581 0.000935683 0.000253922 0.999999940 0.000075042 -0.000819377 0.000133562 -0.000075076 1.000000000 -0.004060792
0.999999940 -0.000270522 -0.000129313 0.000891677 0.000270526 0.999999940 0.000031567 0.000738118 0.000129304 -0.000031602 1.000000000 -0.000850242
0.999999940 -0.000235023 -0.000096017 -0.000065045 0.000235028 1.000000000 0.000050087 -0.000730052 0.000096005 -0.000050109 1.000000000 -0.003596744
1.000000000 -0.000112371 -0.000095126 0.002282007 0.000112376 1.000000000 0.000052933 0.000430633 0.000095120 -0.000052943 1.000000000 -0.001446607
1.000000000 -0.000131293 -0.000115597 0.002367564 0.000131301 1.000000000 0.000065811 -0.000731329 0.000115588 -0.000065826 1.000000000 -0.002812163
0.999999940 -0.000258927 -0.000156096 0.001422436 0.000258941 0.999999940 0.000086449 -0.000469396 0.000156074 -0.000086489 1.000000000 -0.004717824
0.999999940 -0.000296031 -0.000207617 0.002699633 0.000296050 0.999999940 0.000095196 -0.000418876 0.000207588 -0.000095258 1.000000000 -0.004314631
0.999999940 -0.000258164 -0.000133315 0.001347062 0.000258173 0.999999940 0.000065599 0.000433604 0.000133298 -0.000065633 1.000000000 -0.003388038
0.999999940 -0.000301807 -0.000184155 0.002750151 0.000301820 0.999999940 0.000072032 -0.000184748 0.000184133 -0.000072087 1.000000000 -0.004583918
0.999999881 -0.000401213 -0.000152132 0.000969713 0.000401226 0.999999940 0.000082433 -0.000570555 0.000152099 -0.000082494 1.000000000 -0.004945492
0.999999940 -0.000204218 -0.000152759 0.001607035 0.000204233 1.000000000 0.000095049 0.000076709 0.000152740 -0.000095080 1.000000000 -0.002345722
1.000000000 -0.000180797 -0.000112372 0.002370830 0.000180809 1.000000000 0.000107513 -0.000923428 0.000112352 -0.000107534 1.000000000 -0.004340342
0.999999940 -0.000273443 -0.000170588 0.000610869 0.000273455 0.999999940 0.000070905 0.000809864 0.000170568 -0.000070951 1.000000000 -0.001655578
0.999999940 -0.000306344 -0.000163937 0.000656858 0.000306361 0.999999940 0.000103234 0.000131437 0.000163905 -0.000103284 1.000000000 -0.003618658
0.999999940 -0.000230294 -0.000140047 0.001362518 0.000230297 1.000000000 0.000018826 0.000285850 0.000140042 -0.000018858 1.000000000 -0.001702736
0.999999940 -0.000312107 -0.000155786 0.001996766 0.000312115 0.999999940 0.000048520 0.000027343 0.000155771 -0.000048568 1.000000000 -0.001659472
0.999999940 -0.000278448 -0.000117404 0.000993792 0.000278459 0.999999940 0.000095495 -0.000937910 0.000117377 -0.000095528 1.000000000 -0.005849007
0.999999940 -0.000313175 -0.000191939 0.002900524 0.000313183 0.999999940 0.000038771 0.000250121 0.000191927 -0.000038832 1.000000000 -0.003040808
1.000000000 -0.000179230 -0.000156335 0.002958811 0.000179248 1.000000000 0.000110601 -0.000526762 0.000156315 -0.000110629 1.000000000 -0.006975633
0.999999940 -0.000267892 -0.000132323 0.000507094 0.000267900 0.999999940 0.000058491 -0.000149922 0.000132307 -0.000058526 1.000000000 -0.004692235
0.999999940 -0.000253252 -0.000164519 0.001380601 0.000253275 0.999999940 0.000136981 -0.000532710 0.000164484 -0.000137023 1.000000000 -0.003760993
0.999999940 -0.000276441 -0.000185366 0.002594327 0.000276449 0.999999940 0.000042482 -0.001016183 0.000185354 -0.000042533 1.000000000 0.000127488
0.999999940 -0.000248187 -0.000096575 0.001291987 0.000248134 0.999999821 -0.000548945 -0.000564957 0.000096712 0.000548921 0.999999821 0.049056683
1.000000000 -0.000112241 -0.000154380 0.001969934 0.000112070 0.999999404 -0.001106382 -0.003203071 0.000154505 0.001106365 0.999999404 0.140568972
0.999999940 -0.000206875 -0.000154819 0.005203747 0.000206657 0.999998987 -0.001410268 -0.007584772 0.000155110 0.001410236 0.999998987 0.254253566
1.000000000 -0.000194498 -0.000080282 0.005678703 0.000194385 0.999998987 -0.001404274 -0.011873410 0.000080555 0.001404258 0.999998987 0.389203191
0.999999940 -0.000141629 -0.000218995 0.011316840 0.000141383 0.999999344 -0.001119761 -0.019266516 0.000219154 0.001119730 0.999999344 0.524212778
1.000000000 -0.000181209 -0.000118413 0.012725559 0.000181087 0.999999464 -0.001034850 -0.022314195 0.000118601 0.001034828 0.999999464 0.685046971
1.000000000 -0.000152930 -0.000136298 0.019890537 0.000152800 0.999999523 -0.000953748 -0.025640469 0.000136443 0.000953727 0.999999523 0.844500065
0.999999940 0.000324567 0.000068512 0.017479200 -0.000324512 0.999999642 -0.000810355 -0.025859591 -0.000068775 0.000810332 0.999999642 1.020728946
1.000000000 -0.000099791 -0.000183329 0.027873775 0.000099684 0.999999821 -0.000582508 -0.036557797 0.000183387 0.000582490 0.999999821 1.178193569
1.000000000 0.000091628 0.000033327 0.029415105 -0.000091616 0.999999940 -0.000340546 -0.040876355 -0.000033359 0.000340543 0.999999940 1.368062615
0.999999642 0.000718202 -0.000399697 0.027149569 -0.000717896 0.999999404 0.000765835 -0.077778339 0.000400247 -0.000765548 0.999999642 1.513821363
0.999999881 0.000483327 -0.000098653 0.026830692 -0.000483249 0.999999583 0.000784711 -0.081538767 0.000099032 -0.000784663 0.999999702 1.711858034
0.999999881 0.000255042 -0.000333987 0.037285388 -0.000254622 0.999999225 0.001257787 -0.089619078 0.000334308 -0.001257702 0.999999166 1.913767338
0.999999523 0.000972861 0.000127511 0.030673357 -0.000972999 0.999998987 0.001089348 -0.093098655 -0.000126451 -0.001089471 0.999999404 2.135205984
0.999998927 0.001535390 0.000163554 0.027214492 -0.001535617 0.999997795 0.001396790 -0.103136718 -0.000161409 -0.001397039 0.999998987 2.347225189
0.999998927 0.001531467 0.000194951 0.032564472 -0.001531714 0.999998033 0.001269753 -0.107378274 -0.000193006 -0.001270050 0.999999166 2.576031446
0.999998868 0.001490559 0.000200828 0.038734663 -0.001490825 0.999998033 0.001329735 -0.115933068 -0.000198846 -0.001330032 0.999999046 2.803414345
0.999998748 0.001585585 0.000303320 0.044230647 -0.001585986 0.999997914 0.001325516 -0.119472235 -0.000301218 -0.001325996 0.999999046 3.028776407
0.999999166 0.001317848 0.000140999 0.048665307 -0.001318037 0.999998271 0.001351183 -0.127355650 -0.000139218 -0.001351368 0.999999046 3.265993834
0.999999344 0.001135441 0.000137045 0.045669083 -0.001135659 0.999998093 0.001597366 -0.144498587 -0.000135231 -0.001597520 0.999998689 3.496904850
0.999999583 0.000879900 -0.000004946 0.054846928 -0.000879890 0.999997973 0.001837351 -0.152440324 0.000006563 -0.001837346 0.999998331 3.744271278
0.999999285 0.001192451 0.000237132 0.054058008 -0.001192878 0.999997616 0.001811493 -0.160038739 -0.000234971 -0.001811774 0.999998331 4.015231133
0.999998987 0.001348288 0.000338309 0.050806068 -0.001348995 0.999996901 0.002099090 -0.165667042 -0.000335478 -0.002099545 0.999997675 4.266228199
0.999999344 0.001071902 0.000158632 0.058992635 -0.001072228 0.999997318 0.002069624 -0.173759088 -0.000156413 -0.002069793 0.999997795 4.517731667
0.999999464 0.001057516 0.000273048 0.062657475 -0.001058150 0.999996722 0.002331027 -0.181124315 -0.000270582 -0.002331314 0.999997199 4.777864456
0.999999583 0.000852354 0.000323010 0.069655672 -0.000853193 0.999996185 0.002606836 -0.191519901 -0.000320787 -0.002607111 0.999996483 5.039449215
0.999999523 0.000832464 0.000455624 0.069895148 -0.000833660 0.999996126 0.002631115 -0.204534203 -0.000453432 -0.002631494 0.999996364 5.288704395
0.999999285 0.001124642 0.000415270 0.076276690 -0.001125751 0.999995768 0.002679642 -0.213448778 -0.000412255 -0.002680108 0.999996245 5.557351112
0.999999285 0.001134092 0.000328732 0.081073530 -0.001134964 0.999995828 0.002662658 -0.218259424 -0.000325711 -0.002663029 0.999996424 5.834318161
0.999999285 0.001048627 0.000421332 0.083410785 -0.001049707 0.999996126 0.002573070 -0.229580790 -0.000418632 -0.002573510 0.999996603 6.113213062
0.999998987 0.001233006 0.000558821 0.089494564 -0.001234627 0.999994934 0.002908581 -0.238812730 -0.000555232 -0.002909268 0.999995589 6.388545990
0.999997497 0.002020439 0.000968184 0.085615590 -0.002023234 0.999993742 0.002894970 -0.255807459 -0.000962329 -0.002896922 0.999995351 6.652980328
0.999998093 0.001885059 0.000675216 0.095203526 -0.001887020 0.999993980 0.002916088 -0.265383929 -0.000669715 -0.002917356 0.999995589 6.948925495
0.999998391 0.001629594 0.000693398 0.105299272 -0.001631610 0.999994338 0.002916645 -0.276077062 -0.000688641 -0.002917772 0.999995470 7.237573624
0.999997437 0.002035920 0.000992649 0.105435118 -0.002038783 0.999993622 0.002892052 -0.280975193 -0.000986754 -0.002894069 0.999995351 7.565360546
0.999996960 0.002149909 0.001232537 0.113716245 -0.002153987 0.999992132 0.003316850 -0.298414201 -0.001225397 -0.003319495 0.999993742 7.888270855
0.999998450 0.001311829 0.001115264 0.121236004 -0.001315717 0.999993026 0.003493106 -0.314659983 -0.001110674 -0.003494569 0.999993265 8.165237427
0.999999046 0.001087112 0.000835493 0.135127902 -0.001090073 0.999993145 0.003551510 -0.325158536 -0.000831627 -0.003552418 0.999993324 8.488341331
0.999997795 0.001763127 0.001111021 0.133792311 -0.001766957 0.999992490 0.003455793 -0.325703800 -0.001104920 -0.003457749 0.999993384 8.837051392
0.999997497 0.001780894 0.001331323 0.141276211 -0.001785637 0.999992013 0.003570314 -0.341154784 -0.001324954 -0.003572683 0.999992669 9.174218178
0.999996603 0.002070243 0.001530702 0.145280242 -0.002075159 0.999992669 0.003217300 -0.349350750 -0.001524030 -0.003220466 0.999993622 9.477448463
0.999996424 0.002177906 0.001476172 0.156844050 -0.002183012 0.999991596 0.003466498 -0.359082103 -0.001468610 -0.003469709 0.999992907 9.820834160
0.999997556 0.001708139 0.001425348 0.160114437 -0.001713096 0.999992490 0.003483784 -0.369943172 -0.001419387 -0.003486217 0.999992967 10.185893059
0.999997616 0.001723583 0.001348270 0.170186728 -0.001728601 0.999991536 0.003730026 -0.386281788 -0.001341830 -0.003732348 0.999992073 10.546298027
0.999997199 0.001706637 0.001607464 0.174008295 -0.001712877 0.999990880 0.003888794 -0.393791944 -0.001600813 -0.003891537 0.999991119 10.916079521
0.999997020 0.001866055 0.001555610 0.186060399 -0.001872211 0.999990344 0.003965391 -0.408921629 -0.001548195 -0.003968292 0.999990940 11.289388657
0.999997497 0.001808408 0.001331041 0.195997372 -0.001813750 0.999990284 0.004023315 -0.419064075 -0.001323752 -0.004025720 0.999991000 11.635032654
0.999997318 0.001819246 0.001464317 0.204682082 -0.001825226 0.999989986 0.004093154 -0.431223571 -0.001456856 -0.004095816 0.999990523 12.024127007
0.999996543 0.001959211 0.001728942 0.210634232 -0.001966337 0.999989569 0.004129509 -0.438809037 -0.001720833 -0.004132894 0.999989986 12.412503242
0.999996305 0.001937754 0.001909511 0.215822011 -0.001945898 0.999988973 0.004272655 -0.446988553 -0.001901211 -0.004276354 0.999988973 12.810547829
0.999998033 0.001538443 0.001242172 0.223472625 -0.001544083 0.999988437 0.004552263 -0.476228863 -0.001235154 -0.004554173 0.999988794 13.138893127
0.999997139 0.001741224 0.001616599 0.234951869 -0.001748735 0.999987602 0.004656121 -0.485236764 -0.001608472 -0.004658935 0.999987841 13.552264214
0.999995828 0.002109901 0.001973055 0.247515365 -0.002120103 0.999984324 0.005183025 -0.503367484 -0.001962088 -0.005187187 0.999984622 13.961551666
0.999996066 0.001991569 0.001975432 0.258961678 -0.002001526 0.999985218 0.005051390 -0.509993732 -0.001965342 -0.005055324 0.999985278 14.379624367
0.999996543 0.001501062 0.002153397 0.266436279 -0.001512308 0.999985158 0.005230141 -0.529867887 -0.002145515 -0.005233380 0.999984026 14.783095360
0.999997497 0.000956126 0.002051752 0.280337572 -0.000966835 0.999985874 0.005224773 -0.541704297 -0.002046728 -0.005226744 0.999984264 15.211847305
0.999995291 0.001547971 0.002629640 0.294832408 -0.001562199 0.999984026 0.005417146 -0.560418427 -0.002621213 -0.005421229 0.999981880 15.637530327
0.999994695 0.001636026 0.002842622 0.308776915 -0.001651763 0.999983251 0.005542633 -0.572056413 -0.002833506 -0.005547297 0.999980628 16.079891205
0.999994338 0.001717206 0.002890861 0.322025567 -0.001732755 0.999984026 0.005384761 -0.585314870 -0.002881568 -0.005389739 0.999981344 16.522880554
0.999994278 0.001292145 0.003124737 0.327162296 -0.001309569 0.999983549 0.005580356 -0.597669601 -0.003117475 -0.005584416 0.999979556 16.941295624
0.999994457 0.000897697 0.003242996 0.339817584 -0.000916139 0.999983370 0.005689828 -0.606167734 -0.003237835 -0.005692767 0.999978542 17.407733917
0.999994516 0.000658045 0.003253103 0.356037587 -0.000675158 0.999985933 0.005262059 -0.614417017 -0.003249594 -0.005264225 0.999980807 17.874198914
0.999993801 0.000365666 0.003515180 0.371490479 -0.000384626 0.999985278 0.005394299 -0.628348291 -0.003513156 -0.005395616 0.999979258 18.359367371
0.999992132 0.001320317 0.003743987 0.364511013 -0.001341596 0.999982893 0.005686753 -0.650843143 -0.003736415 -0.005691732 0.999976814 18.742870331
0.999990940 0.001643309 0.003925795 0.378225476 -0.001666148 0.999981701 0.005821602 -0.663885713 -0.003916156 -0.005828090 0.999975383 19.219118118
0.999992371 0.001432325 0.003650552 0.394475639 -0.001452944 0.999982953 0.005651724 -0.673012257 -0.003642395 -0.005656986 0.999977291 19.681808472
0.999991179 0.001604273 0.003887168 0.402319878 -0.001626081 0.999983013 0.005613559 -0.677464247 -0.003878096 -0.005619832 0.999976635 20.199954987
0.999994218 0.001496632 0.003025315 0.415289253 -0.001514828 0.999980748 0.006021257 -0.709715009 -0.003016245 -0.006025805 0.999977291 20.598506927
0.999994874 0.001658551 0.002701623 0.421703637 -0.001674167 0.999981880 0.005787986 -0.715576053 -0.002691974 -0.005792480 0.999979615 21.110151291
0.999995828 0.001755163 0.002290640 0.422337800 -0.001768610 0.999981105 0.005881957 -0.731593966 -0.002280273 -0.005885983 0.999980092 21.604490280
0.999995947 0.001623922 0.002328424 0.431066066 -0.001637443 0.999981821 0.005816659 -0.734654486 -0.002318936 -0.005820448 0.999980390 22.118736267
0.999997616 0.001515698 0.001570303 0.446487486 -0.001525490 0.999979198 0.006253142 -0.760885239 -0.001560792 -0.006255523 0.999979198 22.541627884
0.999998152 0.001528188 0.001199257 0.454229772 -0.001535775 0.999978662 0.006351221 -0.776395798 -0.001189525 -0.006353052 0.999979079 23.066499710
1.000000000 -0.000011450 0.000366284 0.473105192 0.000009166 0.999980509 0.006236433 -0.791561544 -0.000366348 -0.006236430 0.999980450 23.589262009
0.999999225 0.001267177 0.000006962 0.475425363 -0.001267195 0.999975502 0.006883608 -0.812193155 0.000001760 -0.006883611 0.999976337 24.026397705
0.999998152 0.001770129 -0.000751182 0.484370828 -0.001764939 0.999974966 0.006854604 -0.821355343 0.000763297 -0.006853265 0.999976218 24.557491302
0.999996722 0.001930024 -0.001695392 0.492910028 -0.001918363 0.999974728 0.006853192 -0.827549696 0.001708576 -0.006849918 0.999975145 25.091758728
0.999996483 0.002054372 -0.001685131 0.496094078 -0.002042587 0.999973655 0.006965878 -0.844122946 0.001699397 -0.006962413 0.999974251 25.602075577
0.999996841 0.001675864 -0.001843977 0.502483130 -0.001661850 0.999969959 0.007575502 -0.857340932 0.001856618 -0.007572413 0.999969602 26.149229050
0.999994457 0.001701356 -0.002835373 0.521795750 -0.001680426 0.999971390 0.007367839 -0.866183162 0.002847827 -0.007363033 0.999968886 26.718288422
0.999993920 0.001618433 -0.003086183 0.520936072 -0.001595190 0.999970436 0.007518925 -0.891644001 0.003098261 -0.007513957 0.999966979 27.154409409
0.999992967 0.002289197 -0.002995908 0.520905733 -0.002266630 0.999969125 0.007514410 -0.900032580 0.003013018 -0.007507565 0.999967277 27.706546783
0.999992192 0.001533076 -0.003624979 0.536599159 -0.001503319 0.999965250 0.008197401 -0.923784673 0.003637420 -0.008191887 0.999959886 28.247064590
0.999989808 0.001425254 -0.004276996 0.547299922 -0.001390181 0.999965489 0.008192140 -0.936604500 0.004288524 -0.008186110 0.999957323 28.709009171
0.999988854 0.001265539 -0.004542347 0.554407597 -0.001229629 0.999968052 0.007899648 -0.947262824 0.004552199 -0.007893974 0.999958456 29.242282867
0.999987066 0.001488521 -0.004847591 0.554287136 -0.001450008 0.999967456 0.007938472 -0.957466483 0.004859250 -0.007931340 0.999956727 29.739894867
0.999986887 0.001686857 -0.004833797 0.559574604 -0.001648294 0.999966860 0.007970791 -0.969160795 0.004847082 -0.007962720 0.999956548 30.284837723
0.999984384 0.001622559 -0.005339828 0.576233864 -0.001581770 0.999969661 0.007634023 -0.981057644 0.005352052 -0.007625459 0.999956608 30.820974350
0.999981940 0.001480713 -0.005813984 0.589339435 -0.001433752 0.999966383 0.008073072 -1.000544071 0.005825742 -0.008064592 0.999950469 31.365430832
0.999983370 0.001021691 -0.005668300 0.588137209 -0.000972257 0.999961555 0.008716977 -1.019091368 0.005676987 -0.008711321 0.999945939 31.806243896
0.999982536 0.001160806 -0.005803869 0.590788603 -0.001108921 0.999959469 0.008934901 -1.031172514 0.005814006 -0.008928309 0.999943197 32.354900360
0.999981940 0.001578895 -0.005795935 0.594881713 -0.001530341 0.999963760 0.008372153 -1.034519792 0.005808943 -0.008363133 0.999948144 32.890186310
0.999979138 0.002176095 -0.006083488 0.601600170 -0.002124466 0.999961793 0.008480239 -1.044617414 0.006101708 -0.008467137 0.999945521 33.432033539
0.999978423 0.001563942 -0.006379846 0.609649122 -0.001507494 0.999959767 0.008843085 -1.090940952 0.006393419 -0.008833277 0.999940574 33.917366028
0.999978423 0.001627012 -0.006362389 0.613855004 -0.001570818 0.999959707 0.008827191 -1.100356102 0.006376494 -0.008817006 0.999940813 34.465217590
0.999978125 0.001447458 -0.006457086 0.618589163 -0.001390978 0.999960840 0.008742927 -1.109698534 0.006469488 -0.008733754 0.999940991 35.022651672
0.999976814 0.002002776 -0.006498985 0.621706963 -0.001946861 0.999961138 0.008598567 -1.129780531 0.006515953 -0.008585718 0.999941945 35.563598633
0.999975264 0.003156191 -0.006296314 0.607529700 -0.003102127 0.999958396 0.008577931 -1.141882420 0.006323126 -0.008558188 0.999943376 36.072059631
0.999975562 0.001529439 -0.006823456 0.637012780 -0.001463273 0.999951959 0.009691291 -1.173176050 0.006837950 -0.009681070 0.999929786 36.502719879
0.999975145 0.001322976 -0.006927881 0.647310197 -0.001254791 0.999950826 0.009837306 -1.182693481 0.006940556 -0.009828368 0.999927640 37.053192139
0.999973655 0.001667919 -0.007063730 0.654401779 -0.001595580 0.999946356 0.010234254 -1.194973230 0.007080422 -0.010222713 0.999922693 37.587524414
0.999971271 0.001647647 -0.007389161 0.666107297 -0.001575958 0.999951720 0.009697339 -1.201916337 0.007404783 -0.009685416 0.999925673 38.124385834
0.999970675 0.001136278 -0.007573601 0.670539021 -0.001060831 0.999949872 0.009958375 -1.233573437 0.007584536 -0.009950048 0.999921679 38.591220856
0.999965966 0.000704395 -0.008219807 0.692150533 -0.000619369 0.999946415 0.010341984 -1.252823353 0.008226652 -0.010336540 0.999912739 39.107170105
0.999970078 0.000477038 -0.007721923 0.688064754 -0.000398551 0.999948382 0.010162487 -1.257493496 0.007726370 -0.010159104 0.999918520 39.681694031
0.999967813 0.001209759 -0.007937077 0.700793743 -0.001128543 0.999947131 0.010228936 -1.265289783 0.007949030 -0.010219648 0.999916196 40.223316193
0.999968231 0.001696033 -0.007784238 0.703370929 -0.001620448 0.999951661 0.009705978 -1.271120191 0.007800322 -0.009693055 0.999922574 40.792964935
0.999966443 0.000563980 -0.008174495 0.700721264 -0.000474822 0.999940455 0.010904720 -1.308528900 0.008180158 -0.010900472 0.999907136 41.188613892
0.999963939 0.000427693 -0.008478447 0.713237822 -0.000334608 0.999939740 0.010977359 -1.319449067 0.008482630 -0.010974128 0.999903798 41.734539032
0.999960303 0.000517349 -0.008906025 0.718302846 -0.000420001 0.999940217 0.010928978 -1.331203938 0.008911148 -0.010924803 0.999900579 42.295272827
0.999966562 0.000540279 -0.008151889 0.711757898 -0.000450074 0.999938726 0.011063371 -1.342112064 0.008157366 -0.011059331 0.999905586 42.753078461
0.999964416 0.000810400 -0.008395346 0.719995677 -0.000716346 0.999936998 0.011200069 -1.354882360 0.008403894 -0.011193655 0.999902010 43.278282166
0.999965072 0.001028063 -0.008294567 0.726521373 -0.000936403 0.999938548 0.011046919 -1.364259839 0.008305414 -0.011038765 0.999904573 43.833560944
0.999964774 0.000894552 -0.008343269 0.741476119 -0.000800092 0.999935627 0.011318194 -1.378547430 0.008352857 -0.011311120 0.999901116 44.343086243
0.999961197 0.000785342 -0.008769104 0.746899843 -0.000684384 0.999933541 0.011510011 -1.392159700 0.008777562 -0.011503562 0.999895275 44.875164032
0.999963284 0.000663346 -0.008537668 0.753148437 -0.000564105 0.999932289 0.011621033 -1.413807631 0.008544797 -0.011615792 0.999896049 45.333812714
0.999963224 0.000391746 -0.008566417 0.759614348 -0.000293512 0.999934196 0.011465544 -1.419752955 0.008570345 -0.011462609 0.999897599 45.889354706
0.999964297 0.000855933 -0.008407222 0.755907416 -0.000760976 0.999935925 0.011291373 -1.427871943 0.008416349 -0.011284572 0.999900937 46.436145782
0.999964356 0.000537634 -0.008417258 0.762599647 -0.000437847 0.999929786 0.011852458 -1.442738771 0.008423038 -0.011848353 0.999894321 46.875911713
0.999961674 0.000336274 -0.008748606 0.770921111 -0.000232544 0.999929667 0.011855070 -1.453738093 0.008751976 -0.011852581 0.999891520 47.428077698
0.999963462 0.000412121 -0.008539204 0.775146723 -0.000311725 0.999930859 0.011755091 -1.461042404 0.008543459 -0.011751999 0.999894440 47.920375824
0.999962926 0.000700226 -0.008589544 0.776702762 -0.000598905 0.999930263 0.011792734 -1.471319556 0.008597204 -0.011787151 0.999893546 48.456707001
0.999964058 0.000500852 -0.008464362 0.776766181 -0.000399465 0.999928236 0.011975549 -1.484138727 0.008469752 -0.011971737 0.999892473 48.942031860
0.999964774 0.000564012 -0.008376266 0.784443378 -0.000465128 0.999930322 0.011802554 -1.490156889 0.008382339 -0.011798243 0.999895275 49.485404968
0.999962747 0.000493309 -0.008614423 0.789307952 -0.000389365 0.999927282 0.012063771 -1.500489473 0.008619747 -0.012059971 0.999890089 49.987068176
0.999961972 0.000690674 -0.008683904 0.797311008 -0.000590218 0.999932945 0.011565251 -1.506867528 0.008691308 -0.011559688 0.999895453 50.542285919
0.999963522 0.000613191 -0.008512890 0.804728866 -0.000509491 0.999925852 0.012178264 -1.522474766 0.008519725 -0.012173485 0.999889612 51.029529572
0.999961138 0.000817730 -0.008776363 0.807748556 -0.000716925 0.999933839 0.011482958 -1.521803617 0.008785172 -0.011476221 0.999895573 51.619335175
0.999962151 0.000453386 -0.008688830 0.818231463 -0.000347282 0.999925435 0.012209153 -1.545372486 0.008693716 -0.012205672 0.999887764 52.130142212
0.999962568 0.001063324 -0.008586809 0.818244100 -0.000959372 0.999926329 0.012101076 -1.549561143 0.008599046 -0.012092385 0.999889910 52.583011627
0.999962449 0.000703823 -0.008642611 0.823681474 -0.000602633 0.999931335 0.011705381 -1.563654423 0.008650255 -0.011699734 0.999894142 53.135467529
0.999962866 0.000833476 -0.008589019 0.834757745 -0.000727069 0.999922991 0.012384386 -1.571295261 0.008598680 -0.012377679 0.999886394 53.610828400
0.999962330 0.001067822 -0.008614302 0.840263128 -0.000958990 0.999919832 0.012628191 -1.580237269 0.008627098 -0.012619457 0.999883115 54.154331207
0.999964058 0.000757594 -0.008443075 0.848193705 -0.000651597 0.999921024 0.012550026 -1.591698408 0.008451917 -0.012544075 0.999885619 54.702625275
0.999969542 0.001244751 -0.007705035 0.839659214 -0.001147634 0.999920011 0.012596007 -1.605093002 0.007720098 -0.012586782 0.999890924 55.263870239
0.999969006 0.001294485 -0.007761780 0.840240359 -0.001194868 0.999917030 0.012825232 -1.606737137 0.007777739 -0.012815560 0.999887586 55.797283173
0.999966919 0.000609504 -0.008124711 0.850374460 -0.000506719 0.999919891 0.012646972 -1.627021790 0.008131769 -0.012642437 0.999886930 56.147994995
0.999966562 0.000682939 -0.008144020 0.858807445 -0.000579651 0.999919415 0.012678370 -1.632821560 0.008152022 -0.012673226 0.999886453 56.688594818
0.999966502 0.001044363 -0.008131191 0.866041362 -0.000941138 0.999918997 0.012688346 -1.643941522 0.008143785 -0.012680269 0.999886334 57.223781586
0.999964952 0.000401524 -0.008363080 0.875527143 -0.000294783 0.999918520 0.012760784 -1.656308174 0.008367523 -0.012757870 0.999883592 57.714504242
0.999962389 -0.000042001 -0.008677461 0.883186519 0.000150662 0.999921501 0.012521965 -1.656811476 0.008676255 -0.012522801 0.999883950 58.272243500
0.999962687 0.000094702 -0.008638786 0.904662848 0.000014353 0.999920368 0.012622874 -1.676932096 0.008639293 -0.012622528 0.999882996 58.781436920
0.999963403 0.000590062 -0.008536602 0.909269750 -0.000475983 0.999910653 0.013359365 -1.687776327 0.008543721 -0.013354813 0.999874234 59.351879120
0.999961853 0.000225587 -0.008727283 0.908201754 -0.000108676 0.999910235 0.013394186 -1.709228754 0.008729521 -0.013392727 0.999872208 59.841632843
0.999962211 0.000324250 -0.008689011 0.914079487 -0.000209843 0.999913275 0.013164557 -1.712382317 0.008692526 -0.013162237 0.999875605 60.274833679
0.999960482 0.000158643 -0.008890505 0.917216718 -0.000041144 0.999912679 0.013214877 -1.714736462 0.008891825 -0.013213988 0.999873221 60.829452515
0.999959469 0.000776220 -0.008974507 0.921643674 -0.000658307 0.999913454 0.013134073 -1.724647999 0.008983926 -0.013127632 0.999873459 61.386093140
0.999960840 0.000737353 -0.008822034 0.921447039 -0.000618827 0.999909639 0.013430437 -1.734059334 0.008831141 -0.013424452 0.999870956 61.885173798
0.999961793 0.000276350 -0.008751923 0.921138644 -0.000159358 0.999910593 0.013365484 -1.752542734 0.008754834 -0.013363577 0.999872386 62.326866150
0.999963164 0.000509153 -0.008572847 0.926977873 -0.000395108 0.999911427 0.013299394 -1.762948036 0.008578860 -0.013295516 0.999874771 62.874595642
0.999961317 0.000157660 -0.008802323 0.938652754 -0.000041800 0.999913394 0.013161100 -1.768367290 0.008803635 -0.013160222 0.999874651 63.435432434
0.999961197 0.000363889 -0.008804230 0.943574667 -0.000247021 0.999911904 0.013271471 -1.777804017 0.008808283 -0.013268782 0.999873161 63.959262848
0.999965310 0.000546634 -0.008306142 0.936830163 -0.000432455 0.999905407 0.013741945 -1.799921274 0.008312866 -0.013737876 0.999871075 64.384887695
0.999965668 0.000766005 -0.008249194 0.944943309 -0.000650761 0.999902248 0.013964009 -1.807093978 0.008259084 -0.013958161 0.999868453 64.918792725
0.999965549 0.000844486 -0.008252693 0.945464075 -0.000729545 0.999902844 0.013920764 -1.816480875 0.008263646 -0.013914263 0.999869049 65.450202942
0.999965727 0.000688528 -0.008251364 0.959614933 -0.000576947 0.999908447 0.013517422 -1.820837259 0.008259916 -0.013512196 0.999874592 65.969131470
0.999964833 0.000229616 -0.008386638 0.938359439 -0.000115965 0.999908149 0.013549451 -1.815641761 0.008388979 -0.013548001 0.999873042 66.559898376
0.999966145 0.000639058 -0.008207276 0.924899459 -0.000527158 0.999906898 0.013629131 -1.838975668 0.008215223 -0.013624341 0.999873459 66.972267151
0.999964654 0.001269266 -0.008312494 0.962112427 -0.001152055 0.999900043 0.014090299 -1.876987100 0.008329549 -0.014080225 0.999866128 67.473304749
0.999963105 0.000816210 -0.008552087 0.964771688 -0.000696280 0.999901474 0.014016995 -1.883701324 0.008562688 -0.014010524 0.999865174 68.035682678
0.999963999 0.000367239 -0.008475255 0.972984374 -0.000250197 0.999904633 0.013806839 -1.893146276 0.008479519 -0.013804221 0.999868751 68.567550659
0.999957979 0.000112445 -0.009167504 1.002315044 0.000013996 0.999904871 0.013791081 -1.905981898 0.009168183 -0.013790630 0.999862850 69.103668213
0.999953926 -0.001272940 -0.009519720 1.015942335 0.001403970 0.999904156 0.013770076 -1.900047064 0.009501280 -0.013782808 0.999859810 69.733695984
0.999965072 0.001075114 -0.008290544 0.981668055 -0.000957426 0.999898911 0.014186363 -1.929438353 0.008304957 -0.014177931 0.999864936 70.114654541
0.999962389 0.001226882 -0.008591869 0.990147352 -0.001104975 0.999898911 0.014179074 -1.932735205 0.008608397 -0.014169047 0.999862492 70.663047791
0.999962986 0.000713929 -0.008575798 1.001869440 -0.000591809 0.999898493 0.014234255 -1.944234967 0.008585088 -0.014228653 0.999861896 71.191818237
0.999964416 0.001650002 -0.008270009 0.997894883 -0.001540220 0.999910891 0.013263696 -1.940222025 0.008291155 -0.013250486 0.999877810 71.771018982
0.999964178 0.000586752 -0.008438077 0.993523121 -0.000474092 0.999910772 0.013347193 -1.950211763 0.008445153 -0.013342715 0.999875307 72.254776001
0.999966502 0.000616019 -0.008168044 1.009359479 -0.000502442 0.999903202 0.013899774 -1.971329808 0.008175816 -0.013895203 0.999870002 72.735061646
0.999963820 -0.000128267 -0.008506035 1.013404250 0.000247366 0.999901891 0.014002113 -1.979431629 0.008503404 -0.014003710 0.999865770 73.274452209
0.999964774 0.000864016 -0.008357265 1.003494263 -0.000749573 0.999906003 0.013687288 -1.976137280 0.008368304 -0.013680541 0.999871433 73.780059814
0.999966800 0.001243710 -0.008055066 1.031714678 -0.001126957 0.999894619 0.014482721 -1.997229934 0.008072229 -0.014473167 0.999862611 74.355422974
0.999965906 0.001260775 -0.008163313 1.040181160 -0.001140584 0.999891162 0.014711259 -2.007800579 0.008180974 -0.014701447 0.999858439 74.906898499
0.999965668 0.000874245 -0.008243270 1.052185893 -0.000761242 0.999905884 0.013701710 -2.005238533 0.008254471 -0.013694964 0.999872088 75.431945801
0.999964654 0.000360530 -0.008398968 1.054656386 -0.000239359 0.999895930 0.014423317 -2.017117023 0.008403294 -0.014420797 0.999860704 75.932952881
0.999965549 0.000491119 -0.008276835 1.057852268 -0.000373955 0.999899745 0.014151264 -2.023593903 0.008282958 -0.014147682 0.999865532 76.475448608
0.999966383 0.000794665 -0.008164334 1.064502835 -0.000678776 0.999899149 0.014187467 -2.035936832 0.008174787 -0.014181450 0.999866009 77.007476807
0.999968886 0.000250161 -0.007884615 1.070652127 -0.000139969 0.999902368 0.013973108 -2.038642406 0.007887340 -0.013971570 0.999871314 77.558639526
0.999978006 0.000470726 -0.006619310 1.076915264 -0.000377602 0.999901056 0.014062846 -2.049649715 0.006625274 -0.014060035 0.999879181 78.085563660
0.999984562 0.000486942 -0.005538625 1.087034702 -0.000409853 0.999903142 0.013911053 -2.057042599 0.005544863 -0.013908568 0.999887884 78.632995605
0.999991834 -0.000099317 -0.004047343 1.110853553 0.000155092 0.999904931 0.013782656 -2.065760136 0.004045590 -0.013783171 0.999896765 79.154983521
1.000000000 0.000271750 -0.000313525 1.123881102 -0.000267422 0.999905765 0.013721086 -2.072551012 0.000317225 -0.013721001 0.999905825 79.703804016
0.999994695 -0.000212833 0.003282536 1.149009347 0.000167113 0.999903083 0.013922222 -2.083507776 -0.003285180 -0.013921601 0.999897599 80.239624023
0.999979675 0.000433302 0.006357207 1.149855137 -0.000521384 0.999903738 0.013860383 -2.077352047 -0.006350591 -0.013863416 0.999883652 80.785057068
0.999941707 0.000036996 0.010799965 1.209725857 -0.000184125 0.999907136 0.013622444 -2.059489965 -0.010798456 -0.013623638 0.999848843 81.440292358
0.999855936 0.000338731 0.016965408 1.208633661 -0.000574329 0.999903440 0.013884014 -2.096851349 -0.016959066 -0.013891758 0.999759674 81.856117249
0.999741316 0.000281666 0.022743806 1.238689423 -0.000593912 0.999905705 0.013723261 -2.105027676 -0.022737795 -0.013733219 0.999647141 82.404037476
0.999608397 -0.000078248 0.027983246 1.279279470 -0.000310613 0.999903440 0.013891625 -2.118613243 -0.027981631 -0.013894879 0.999511838 82.922256470
0.999375641 -0.000836709 0.035321239 1.316850066 0.000376221 0.999914765 0.013041775 -2.114315987 -0.035329148 -0.013020343 0.999290943 83.493766785
0.999063194 -0.001083086 0.043259684 1.368487835 0.000494705 0.999907255 0.013609519 -2.128394604 -0.043270413 -0.013575369 0.998971105 84.001701355
0.998760521 -0.001734210 0.049742807 1.412844181 0.001062290 0.999907970 0.013531137 -2.131255388 -0.049761686 -0.013461524 0.998670399 84.552589417
0.998260617 -0.001155394 0.058944467 1.468175650 0.000359384 0.999908626 0.013513232 -2.141260147 -0.058954693 -0.013468541 0.998169780 85.065177917
0.997614443 -0.001041573 0.069024555 1.524607182 0.000084311 0.999903798 0.013869885 -2.155042410 -0.069032378 -0.013830978 0.997518539 85.607398987
0.996997118 -0.001520959 0.077423401 1.591328621 0.000446958 0.999903381 0.013887228 -2.163571835 -0.077437043 -0.013810922 0.996901512 86.142036438
0.996336341 -0.001761473 0.085503116 1.658401489 0.000599961 0.999907196 0.013608243 -2.170737267 -0.085519157 -0.013507089 0.996244967 86.691429138
0.995377183 -0.001277321 0.096034892 1.734113693 -0.000043213 0.999905407 0.013747232 -2.177265167 -0.096043393 -0.013687830 0.995283067 87.237457275
0.994310498 -0.001983027 0.106501535 1.827694893 0.000474623 0.999899268 0.014186696 -2.202023029 -0.106518932 -0.014055434 0.994211316 87.763061523
0.993275940 -0.001858361 0.115755737 1.916006088 0.000238009 0.999901831 0.014010276 -2.211513519 -0.115770400 -0.013888517 0.993178904 88.323272705
0.991912305 -0.001544396 0.126915768 2.003600121 -0.000252461 0.999899983 0.014140564 -2.216674805 -0.126924887 -0.014058240 0.991812646 88.867271423
0.990366578 -0.002569619 0.138446718 2.119915962 0.000596731 0.999897718 0.014289789 -2.243582726 -0.138469279 -0.014069514 0.990266800 89.390327454
0.988702536 -0.002364059 0.149873346 2.200726509 0.000186211 0.999894202 0.014543626 -2.239856243 -0.149891868 -0.014351409 0.988598228 89.916404724
0.987208188 -0.003491340 0.159397975 2.334782600 0.001255732 0.999899387 0.014123894 -2.254107952 -0.159431249 -0.013743064 0.987113357 90.504463196
0.985067308 -0.003762041 0.172128588 2.457971573 0.001305209 0.999895692 0.014384189 -2.264975071 -0.172164738 -0.013944731 0.984969437 91.029632568
0.982680261 -0.003439477 0.185277134 2.575129509 0.000729766 0.999891818 0.014691386 -2.275047302 -0.185307622 -0.014301728 0.982576489 91.605422974
0.980756402 -0.003878784 0.195197463 2.701947212 0.001112476 0.999897420 0.014279476 -2.276564598 -0.195232853 -0.013787534 0.980660021 92.140846252
0.978123963 -0.004377542 0.207976997 2.837915421 0.001424785 0.999896109 0.014345191 -2.286420822 -0.208018169 -0.013735053 0.978028595 92.655746460
0.975105226 -0.004844153 0.221689463 2.979154587 0.001608515 0.999889493 0.014773580 -2.300460339 -0.221736535 -0.014049204 0.975005388 93.186203003
0.972534180 -0.004652594 0.232713521 3.134668350 0.001283151 0.999892175 0.014628218 -2.310723782 -0.232756510 -0.013927835 0.972435296 93.710968018
0.969429553 -0.005161514 0.245315462 3.294002533 0.001584056 0.999889553 0.014778170 -2.325653553 -0.245364666 -0.013937799 0.969330609 94.280036926
0.965917468 -0.005257349 0.258796841 3.463483810 0.001457709 0.999888361 0.014871649 -2.339233875 -0.258846164 -0.013987536 0.965817332 94.786781311
0.962512732 -0.005353899 0.271183997 3.634077072 0.001375233 0.999888659 0.014859371 -2.340946436 -0.271233350 -0.013929391 0.962412834 95.339004517
0.959299982 -0.005792200 0.282329679 3.887937546 0.001675948 0.999888778 0.014818916 -2.354657173 -0.282384098 -0.013742614 0.959203005 95.979423523
0.954930484 -0.005017084 0.296787083 4.001300812 0.000666643 0.999890864 0.014757846 -2.326061249 -0.296828747 -0.013894868 0.954829633 96.409820557
0.950620830 -0.005653195 0.310303003 4.255622864 0.001099203 0.999889076 0.014848852 -2.364896297 -0.310352594 -0.013774542 0.950521648 97.034523010
0.946912050 -0.006066955 0.321435481 4.462860107 0.001130272 0.999878585 0.015542614 -2.383549690 -0.321490794 -0.014354179 0.946803927 97.548614502
0.942352414 -0.006091582 0.334566534 4.661441803 0.000960015 0.999879360 0.015501183 -2.389087200 -0.334620595 -0.014286386 0.942244768 98.072471619
0.937187195 -0.006247580 0.348770976 4.880304337 0.000848340 0.999877393 0.015631353 -2.401119709 -0.348825872 -0.014353625 0.937077641 98.582092285
0.932591796 -0.006946594 0.360866010 5.101287842 0.001371770 0.999875724 0.015702309 -2.401068687 -0.360930234 -0.014148822 0.932485461 99.096786499
0.928366005 -0.007242678 0.371596724 5.327840805 0.001579575 0.999877989 0.015542041 -2.407894611 -0.371663988 -0.013841735 0.928264141 99.601448059
0.922857583 -0.007573421 0.385066748 5.563873291 0.001639938 0.999874830 0.015735051 -2.414155006 -0.385137707 -0.013889726 0.922754586 100.110443115
0.917292058 -0.007902768 0.398136497 5.803722382 0.001711214 0.999872029 0.015904272 -2.420464516 -0.398211241 -0.013907569 0.917188227 100.602607727
0.912267148 -0.008525584 0.409506947 6.049907684 0.002243762 0.999872386 0.015818013 -2.431032181 -0.409589529 -0.013511419 0.912169874 101.091972351
0.906023741 -0.008538881 0.423140526 6.309906006 0.002116386 0.999875367 0.015645677 -2.434161663 -0.423221409 -0.013279826 0.905928969 101.574249268
0.899328411 -0.009121679 0.437178731 6.582275391 0.002464263 0.999872267 0.015792927 -2.441761017 -0.437266886 -0.013125704 0.899235904 102.060211182
0.893334925 -0.009450125 0.449292183 6.852157593 0.002643454 0.999872208 0.015774645 -2.448947191 -0.449383736 -0.012904359 0.893245578 102.538757324
0.887904525 -0.009915977 0.459920883 7.147247314 0.002911450 0.999868751 0.015936619 -2.456085920 -0.460018545 -0.012811159 0.887816906 103.054916382
0.880824387 -0.010446174 0.473327845 7.434539795 0.003305558 0.999867857 0.015915345 -2.460785866 -0.473431587 -0.012454014 0.880742490 103.532402039
0.874055088 -0.010927972 0.485703915 7.726081848 0.003650664 0.999866486 0.015926646 -2.467085600 -0.485813081 -0.012147626 0.873978317 104.008544922
