1.000000000 0.000000000 0.000000000 0.000000000 0.000000000 1.000000000 0.000000000 0.000000000 0.000000000 0.000000000 1.000000000 0.000000000
1.000000000 0.000109444 0.000099762 -0.000912883 -0.000109455 1.000000000 0.000102825 -0.000061673 -0.000099750 -0.000102835 1.000000000 0.000349871
1.000000000 0.000079797 0.000137793 -0.001637888 -0.000079796 1.000000000 -0.000008260 0.000366904 -0.000137794 0.000008249 1.000000000 0.000225626
1.000000000 0.000073928 0.000046316 -0.000757113 -0.000073930 1.000000000 0.000038785 -0.000668083 -0.000046313 -0.000038789 1.000000000 -0.000739750
1.000000000 0.000115684 0.000171263 -0.002030311 -0.000115697 1.000000000 0.000072510 -0.000504075 -0.000171255 -0.000072530 1.000000000 -0.000695634
1.000000000 -0.000112932 -0.000009165 0.000082061 0.000112932 1.000000000 -0.000035799 0.000403014 0.000009169 0.000035798 1.000000000 -0.000266097
1.000000000 0.000065442 0.000129332 -0.001855943 -0.000065450 1.000000000 0.000061022 -0.000334817 -0.000129329 -0.000061030 1.000000000 -0.000358255
1.000000000 0.000075894 0.000091298 -0.001607856 -0.000075890 1.000000000 -0.000042387 -0.000029465 -0.000091301 0.000042381 1.000000000 -0.000651876
1.000000000 0.000099821 0.000155347 -0.001452529 -0.000099821 1.000000000 0.000003617 -0.000807649 -0.000155347 -0.000003633 1.000000000 -0.000739548
1.000000000 0.000148310 0.000149104 -0.001943334 -0.000148327 1.000000000 0.000111863 -0.000654990 -0.000149087 -0.000111886 1.000000000 0.000567935
1.000000000 0.000099638 0.000142278 -0.001611120 -0.000099647 1.000000000 0.000062456 -0.000531217 -0.000142272 -0.000062470 1.000000000 -0.000065153
1.000000000 0.000159704 0.000184374 -0.001889287 -0.000159708 1.000000000 0.000022650 -0.000999895 -0.000184371 -0.000022679 1.000000000 -0.001103127
1.000000000 0.000092929 0.000147691 -0.001154782 -0.000092934 1.000000000 0.000034492 0.000324877 -0.000147688 -0.000034505 1.000000000 0.000214021
1.000000000 0.000173903 0.000137020 -0.001774588 -0.000173889 1.000000000 -0.000106606 0.000922085 -0.000137039 0.000106582 1.000000000 0.000627956
1.000000000 0.000129332 0.000117793 -0.001621027 -0.000129335 1.000000000 0.000031597 -0.000102741 -0.000117789 -0.000031613 1.000000000 -0.000076701
0.999999940 0.000281554 0.000186765 -0.002211445 -0.000281541 0.999999940 -0.000071573 0.001538627 -0.000186785 0.000071521 1.000000000 0.001342315
0.999999881 0.000381987 0.000213864 -0.002801411 -0.000381975 0.999999940 -0.000053769 0.001099741 -0.000213885 0.000053687 1.000000000 0.001781048
0.999999940 0.000303589 0.000263068 -0.002490614 -0.000303582 0.999999940 -0.000026200 0.001600724 -0.000263076 0.000026120 0.999999940 0.002239166
0.999999940 0.000235088 0.000282867 -0.002619729 -0.000235064 0.999999940 -0.000084177 0.000559692 -0.000282886 0.000084111 0.999999940 0.000743269
0.999999940 0.000241533 0.000224919 -0.002593809 -0.000241546 0.999999940 0.000056271 -0.000069738 -0.000224905 -0.000056325 1.000000000 0.001516055
0.999999940 0.000324260 0.000175640 -0.001997985 -0.000324253 0.999999940 -0.000041588 0.001351849 -0.000175653 0.000041531 1.000000000 0.001564631
0.999999940 0.000267827 0.000185333 -0.002449730 -0.000267822 0.999999940 -0.000027120 0.000471204 -0.000185341 0.000027070 1.000000000 0.001700684
1.000000000 0.000171308 0.000168729 -0.002272484 -0.000171317 1.000000000 0.000052483 0.000156174 -0.000168720 -0.000052512 1.000000000 0.000884518
0.999999881 0.000435056 0.000201130 -0.002653698 -0.000435054 0.999999881 -0.000011451 0.001463520 -0.000201135 0.000011364 1.000000000 0.002993753
0.999999881 0.000353095 0.000246874 -0.002132458 -0.000353099 0.999999940 0.000013256 0.001237603 -0.000246869 -0.000013343 0.999999940 0.001651128
0.999999940 0.000249108 0.000210567 -0.001510985 -0.000249096 0.999999940 -0.000056637 0.002149681 -0.000210581 0.000056585 1.000000000 0.003088190
0.999999881 0.000360296 0.000245869 -0.002478753 -0.000360302 0.999999940 0.000025293 0.001304843 -0.000245860 -0.000025381 0.999999940 0.002265075
0.999999940 0.000362169 0.000127815 -0.002302211 -0.000362153 0.999999940 -0.000122711 0.001943814 -0.000127860 0.000122665 1.000000000 0.000953883
0.999999940 0.000349517 0.000133234 -0.002001661 -0.000349504 0.999999940 -0.000095199 0.001448760 -0.000133267 0.000095153 1.000000000 0.000711709
0.999999881 0.000391664 0.000269847 -0.002625360 -0.000391653 0.999999940 -0.000038534 0.000353041 -0.000269863 0.000038429 0.999999940 0.000974817
0.999999940 0.000255798 0.000301236 -0.003119929 -0.000255803 0.999999940 0.000014620 0.000195743 -0.000301232 -0.000014697 0.999999940 0.001692418
0.999999940 0.000333119 0.000191025 -0.002035892 -0.000333106 0.999999940 -0.000069141 0.001584730 -0.000191048 0.000069078 1.000000000 0.002393903
0.999999881 0.000408643 0.000246756 -0.002177126 -0.000408645 0.999999940 0.000010879 0.000022078 -0.000246752 -0.000010980 0.999999940 -0.000056991
0.999999821 0.000464705 0.000313589 -0.003533496 -0.000464699 0.999999881 -0.000016992 0.000753102 -0.000313597 0.000016846 0.999999940 0.002654455
0.999999881 0.000411465 0.000252825 -0.002059230 -0.000411440 0.999999881 -0.000097931 0.000762269 -0.000252866 0.000097827 0.999999940 0.001429294
0.999999881 0.000388521 0.000237290 -0.003613003 -0.000388521 0.999999940 0.000002743 0.000825324 -0.000237289 -0.000002835 1.000000000 0.001299131
0.999999881 0.000445897 0.000219471 -0.002826000 -0.000445874 0.999999881 -0.000102797 0.002395684 -0.000219517 0.000102699 1.000000000 0.001328805
0.999999821 0.000457541 0.000318853 -0.003529127 -0.000457536 0.999999881 -0.000015105 0.001000137 -0.000318860 0.000014959 0.999999940 0.001850420
0.999999881 0.000399932 0.000178185 -0.001128467 -0.000399934 0.999999940 0.000015506 0.000757775 -0.000178178 -0.000015578 1.000000000 -0.000159262
0.999999940 0.000282542 0.000200121 -0.001790008 -0.000282526 0.999999940 -0.000079391 0.000625418 -0.000200143 0.000079335 1.000000000 0.000113255
0.999999821 0.000476917 0.000265266 -0.001054470 -0.000476760 0.999999702 -0.000594203 -0.002064619 -0.000265550 0.000594076 0.999999702 0.049699299
0.999999940 0.000321330 0.000239413 0.000451641 -0.000321069 0.999999344 -0.001085943 -0.004305726 -0.000239762 0.001085866 0.999999344 0.140472159
0.999999583 0.000769815 0.000487193 -0.001513121 -0.000769245 0.999999046 -0.001167487 -0.012082146 -0.000488091 0.001167112 0.999999225 0.246185794
0.999999464 0.000856249 0.000555366 0.001315434 -0.000855615 0.999998987 -0.001140760 -0.015025675 -0.000556342 0.001140284 0.999999225 0.378156990
0.999999344 0.000985773 0.000452049 0.004483780 -0.000985473 0.999999225 -0.000662612 -0.020356018 -0.000452702 0.000662166 0.999999702 0.522555411
0.999999523 0.000806126 0.000518697 0.007290564 -0.000805788 0.999999464 -0.000650259 -0.024649518 -0.000519221 0.000649841 0.999999702 0.672495961
0.999999762 0.000478428 0.000368465 0.013177336 -0.000478257 0.999999702 -0.000463230 -0.028774953 -0.000368687 0.000463054 0.999999881 0.834598958
0.999999702 0.000716547 0.000313733 0.012974732 -0.000716407 0.999999642 -0.000446809 -0.029838206 -0.000314053 0.000446584 0.999999762 1.017894149
0.999999762 0.000660016 0.000316984 0.016233878 -0.000659849 0.999999642 -0.000527917 -0.033404347 -0.000317333 0.000527707 0.999999702 1.196188450
0.999999344 0.001105783 0.000216200 0.024080766 -0.001105726 0.999999344 -0.000261289 -0.040074833 -0.000216489 0.000261050 0.999999940 1.382640839
0.999999166 0.001281881 -0.000070751 0.028433491 -0.001281912 0.999999046 -0.000443653 -0.041862480 0.000070182 0.000443744 0.999999881 1.575759292
0.999999523 0.000857966 0.000493599 0.031428434 -0.000858043 0.999999642 0.000157554 -0.052762818 -0.000493464 -0.000157978 0.999999881 1.765879035
0.999999404 0.001024441 0.000427605 0.034140602 -0.001024543 0.999999464 0.000238726 -0.057412233 -0.000427360 -0.000239164 0.999999821 1.963522553
0.999999762 0.000489497 0.000485845 0.037264079 -0.000489712 0.999999762 0.000442739 -0.066478439 -0.000485628 -0.000442977 0.999999762 2.172946215
0.999999523 0.000678275 0.000583331 0.041178271 -0.000678488 0.999999642 0.000363860 -0.070209861 -0.000583084 -0.000364256 0.999999702 2.392728567
0.999999285 0.001014568 0.000588065 0.046187166 -0.001014542 0.999999464 -0.000045627 -0.073594563 -0.000588111 0.000045030 0.999999821 2.612855196
0.999999344 0.000938133 0.000662312 0.050505798 -0.000938315 0.999999523 0.000273410 -0.082903817 -0.000662055 -0.000274031 0.999999762 2.835910797
0.999999225 0.000993905 0.000738428 0.054214671 -0.000994215 0.999999404 0.000418598 -0.087314300 -0.000738011 -0.000419332 0.999999642 3.069970608
0.999999344 0.001021141 0.000491830 0.062669776 -0.001021303 0.999999404 0.000330537 -0.093934685 -0.000491492 -0.000331039 0.999999821 3.312930346
0.999999523 0.000728840 0.000641718 0.065841883 -0.000729203 0.999999583 0.000564684 -0.101617828 -0.000641306 -0.000565152 0.999999642 3.555936098
0.999999106 0.001102471 0.000735898 0.068925835 -0.001102833 0.999999285 0.000490947 -0.107738383 -0.000735356 -0.000491758 0.999999642 3.803577662
0.999999225 0.000938066 0.000825497 0.073232695 -0.000938526 0.999999404 0.000557867 -0.117998585 -0.000824973 -0.000558642 0.999999523 4.065193653
0.999999046 0.001106041 0.000839761 0.080389716 -0.001106587 0.999999166 0.000649621 -0.122737482 -0.000839042 -0.000650550 0.999999464 4.325085163
0.999998271 0.001256731 0.001365638 0.079286218 -0.001257752 0.999998927 0.000747079 -0.131056845 -0.001364697 -0.000748795 0.999998868 4.583303928
0.999998808 0.001012296 0.001140306 0.084917560 -0.001012721 0.999999344 0.000372254 -0.135217488 -0.001139929 -0.000373408 0.999999285 4.825225830
0.999998450 0.001394000 0.001029563 0.090303697 -0.001394580 0.999998868 0.000562540 -0.144103467 -0.001028778 -0.000563975 0.999999285 5.082886219
0.999998927 0.001112073 0.000933092 0.098733291 -0.001112857 0.999999046 0.000839867 -0.156289816 -0.000932157 -0.000840904 0.999999225 5.349242687
0.999999225 0.000971712 0.000715804 0.106526025 -0.000972373 0.999999106 0.000923478 -0.163954139 -0.000714906 -0.000924173 0.999999285 5.608661175
0.999999106 0.000756208 0.001108742 0.107980773 -0.000757185 0.999999344 0.000880750 -0.167956188 -0.001108076 -0.000881589 0.999998987 5.879186630
0.999998987 0.001095269 0.000936888 0.114285707 -0.001096438 0.999998629 0.001247780 -0.184900552 -0.000935520 -0.001248806 0.999998808 6.158569813
0.999998748 0.001236228 0.000994539 0.121952496 -0.001237684 0.999998093 0.001464690 -0.190823942 -0.000992727 -0.001465919 0.999998510 6.444482327
0.999998689 0.000759769 0.001442159 0.121682920 -0.000761581 0.999998927 0.001256345 -0.197639778 -0.001441202 -0.001257442 0.999998152 6.729513645
0.999998987 0.000912957 0.001076598 0.129194200 -0.000914226 0.999998868 0.001178309 -0.209941059 -0.001075521 -0.001179292 0.999998748 7.029509544
0.999999523 0.000402073 0.000851252 0.137329966 -0.000403300 0.999998868 0.001441621 -0.220492125 -0.000850671 -0.001441963 0.999998629 7.332150936
0.999999285 0.000611576 0.001047201 0.139901489 -0.000612973 0.999998868 0.001333587 -0.231077448 -0.001046384 -0.001334227 0.999998569 7.621509552
0.999999225 0.000697549 0.001056147 0.147511616 -0.000699090 0.999998629 0.001458928 -0.239950657 -0.001055128 -0.001459665 0.999998331 7.938271046
0.999998033 0.001566642 0.001200998 0.147803009 -0.001568048 0.999998093 0.001170726 -0.240866050 -0.001199162 -0.001172607 0.999998510 8.256510735
0.999998450 0.001337530 0.001150270 0.155469716 -0.001339074 0.999998271 0.001342063 -0.251140088 -0.001148474 -0.001343601 0.999998391 8.577100754
0.999997616 0.001230993 0.001792833 0.160475761 -0.001233789 0.999997973 0.001558572 -0.260656565 -0.001790911 -0.001560780 0.999997199 8.901459694
0.999997556 0.001515899 0.001641604 0.167708591 -0.001518927 0.999997139 0.001845099 -0.274291605 -0.001638803 -0.001847588 0.999996960 9.239955902
0.999996841 0.001692878 0.001853176 0.161882803 -0.001696295 0.999996960 0.001844259 -0.298030138 -0.001850048 -0.001847397 0.999996603 9.536367416
0.999996305 0.001830978 0.002024135 0.165480226 -0.001835106 0.999996245 0.002039187 -0.308166087 -0.002020393 -0.002042894 0.999995947 9.883925438
0.999998391 0.001068726 0.001444918 0.185836479 -0.001070879 0.999998331 0.001489651 -0.303668737 -0.001443324 -0.001491196 0.999997854 10.252819061
0.999996126 0.002082834 0.001808232 0.184823781 -0.002086230 0.999996185 0.001878287 -0.316210449 -0.001804312 -0.001882052 0.999996603 10.619466782
0.999996603 0.001863048 0.001816694 0.191894695 -0.001866387 0.999996603 0.001837963 -0.323658526 -0.001813263 -0.001841348 0.999996662 10.989970207
0.999997854 0.001416730 0.001604618 0.204811111 -0.001419540 0.999997377 0.001751163 -0.330082893 -0.001602133 -0.001753437 0.999997199 11.361838341
0.999995768 0.002072577 0.002025527 0.208428264 -0.002076257 0.999996185 0.001816558 -0.342724502 -0.002021755 -0.001820756 0.999996245 11.726759911
0.999996245 0.001867463 0.002015171 0.215823203 -0.001871847 0.999995887 0.002175531 -0.355026662 -0.002011100 -0.002179295 0.999995589 12.107424736
0.999996305 0.001653085 0.002155121 0.228283644 -0.001658709 0.999995232 0.002610564 -0.371432066 -0.002150795 -0.002614129 0.999994218 12.492545128
0.999995053 0.002113388 0.002333796 0.232140467 -0.002119693 0.999994218 0.002702362 -0.378483087 -0.002328071 -0.002707296 0.999993622 12.900379181
0.999994755 0.002223720 0.002412403 0.239438072 -0.002228791 0.999995291 0.002101072 -0.387306124 -0.002407719 -0.002106437 0.999994874 13.303061485
0.999994457 0.002090379 0.002570678 0.249952078 -0.002095469 0.999995828 0.001978949 -0.397070587 -0.002566531 -0.001984325 0.999994755 13.702507973
0.999993801 0.002277027 0.002675435 0.259442866 -0.002283353 0.999994576 0.002363826 -0.409359157 -0.002670037 -0.002369920 0.999993622 14.111754417
0.999993205 0.002395809 0.002771966 0.269117653 -0.002402546 0.999994099 0.002430024 -0.423861057 -0.002766127 -0.002436667 0.999993205 14.528804779
0.999991477 0.002735357 0.003074108 0.276093721 -0.002743413 0.999992788 0.002619632 -0.434163630 -0.003066920 -0.002628043 0.999991834 14.948391914
0.999989808 0.002764722 0.003575637 0.282838047 -0.002773424 0.999993205 0.002431045 -0.442544818 -0.003568891 -0.002440937 0.999990642 15.390597343
0.999988019 0.002879059 0.003954642 0.295188546 -0.002887656 0.999993503 0.002169796 -0.453284979 -0.003948369 -0.002181190 0.999989808 15.817938805
0.999985516 0.003323239 0.004226895 0.298771709 -0.003333621 0.999991417 0.002451466 -0.474415243 -0.004218711 -0.002465522 0.999988019 16.246118546
0.999984503 0.003362184 0.004430333 0.309650600 -0.003371551 0.999992073 0.002108575 -0.484974802 -0.004423209 -0.002123479 0.999987960 16.690475464
0.999978900 0.004134233 0.005009192 0.310515344 -0.004146365 0.999988496 0.002413755 -0.492068231 -0.004999155 -0.002434474 0.999984562 17.175588608
0.999983132 0.003528335 0.004613691 0.323587567 -0.003540473 0.999990284 0.002625389 -0.515533030 -0.004604383 -0.002641680 0.999985933 17.604337692
0.999981642 0.003377045 0.005040740 0.337534547 -0.003387359 0.999992132 0.002038811 -0.523338974 -0.005033815 -0.002055848 0.999985218 18.073823929
0.999983847 0.003065622 0.004801584 0.354865611 -0.003073905 0.999993801 0.001718566 -0.531334937 -0.004796286 -0.001733298 0.999987006 18.548542023
0.999984622 0.002719293 0.004836979 0.360420048 -0.002733203 0.999992132 0.002871419 -0.565070450 -0.004829132 -0.002884595 0.999984145 18.980005264
0.999981344 0.002676473 0.005490002 0.368378073 -0.002691665 0.999992490 0.002761582 -0.581109464 -0.005482571 -0.002776308 0.999981105 19.464782715
0.999980092 0.003031484 0.005533452 0.373059213 -0.003048109 0.999990821 0.002998448 -0.593875885 -0.005524313 -0.003015255 0.999980152 19.951868057
0.999986112 0.002154841 0.004808598 0.396934152 -0.002168444 0.999993682 0.002825607 -0.602861941 -0.004802479 -0.002835995 0.999984443 20.418914795
0.999988258 0.002192640 0.004336042 0.411784500 -0.002207568 0.999991715 0.003440903 -0.620501280 -0.004328461 -0.003450434 0.999984682 20.917270660
0.999988914 0.002122275 0.004201281 0.401716828 -0.002134907 0.999993205 0.003004580 -0.634288251 -0.004194876 -0.003013516 0.999986649 21.451231003
0.999989808 0.002254675 0.003890274 0.415734023 -0.002265783 0.999993324 0.002853453 -0.642982900 -0.003883815 -0.002862238 0.999988317 21.955480576
0.999991417 0.002266134 0.003456428 0.432089299 -0.002274819 0.999994218 0.002510898 -0.654570639 -0.003450718 -0.002518739 0.999990880 22.467128754
0.999989212 0.003280893 0.003293461 0.413201720 -0.003288905 0.999991596 0.002430369 -0.659618795 -0.003285460 -0.002441175 0.999991596 22.899618149
0.999992847 0.002873497 0.002463818 0.468518972 -0.002880207 0.999992132 0.002724238 -0.686467588 -0.002455970 -0.002731314 0.999993265 23.445020676
0.999996841 0.001815149 0.001761498 0.476844072 -0.001819320 0.999995530 0.002369350 -0.702865899 -0.001757189 -0.002372547 0.999995649 23.971937180
0.999995232 0.002674126 0.001494212 0.492811620 -0.002677368 0.999993980 0.002172257 -0.691567063 -0.001488394 -0.002176247 0.999996543 24.489023209
0.999997318 0.002253692 0.000487846 0.494991809 -0.002255197 0.999992609 0.003106765 -0.719200015 -0.000480840 -0.003107857 0.999995053 25.028421402
0.999996960 0.002496018 -0.000186240 0.509039462 -0.002495457 0.999992549 0.002954776 -0.736782432 0.000193614 -0.002954302 0.999995589 25.554491043
0.999996305 0.002728832 -0.000001329 0.514452934 -0.002728820 0.999993026 0.002556814 -0.741209507 0.000008306 -0.002556801 0.999996722 26.120021820
0.999997199 0.002173360 -0.000950863 0.524614930 -0.002170131 0.999991834 0.003383801 -0.767620385 0.000958209 -0.003381728 0.999993742 26.680339813
0.999996126 0.002507891 -0.001209007 0.534072578 -0.002504173 0.999992132 0.003067198 -0.782792032 0.001216690 -0.003064159 0.999994576 27.224821091
0.999994993 0.002984195 -0.001050231 0.540835619 -0.002980327 0.999988854 0.003666059 -0.805810809 0.001061160 -0.003662910 0.999992728 27.790086746
0.999993563 0.003094013 -0.001780803 0.557343662 -0.003088426 0.999990344 0.003131182 -0.817588806 0.001790473 -0.003125662 0.999993503 28.352979660
0.999993205 0.003395153 -0.001448293 0.561465323 -0.003389910 0.999987721 0.003607413 -0.838631451 0.001460523 -0.003602479 0.999992430 28.902732849
0.999994516 0.002369327 -0.002323310 0.573872685 -0.002361489 0.999991477 0.003370897 -0.847566724 0.002331277 -0.003365391 0.999991596 29.463788986
0.999992132 0.003311525 -0.002182382 0.575374365 -0.003303898 0.999988437 0.003489251 -0.866401434 0.002193911 -0.003482014 0.999991536 30.034706116
0.999991179 0.002705509 -0.003192628 0.594618857 -0.002695866 0.999991775 0.003020640 -0.863106847 0.003200775 -0.003012007 0.999990284 30.571367264
0.999987125 0.003880631 -0.003277449 0.610718071 -0.003869870 0.999987125 0.003283503 -0.888744950 0.003290149 -0.003270776 0.999989212 31.090677261
0.999983370 0.004761873 -0.003280437 0.616274774 -0.004751464 0.999983728 0.003173574 -0.898756087 0.003295496 -0.003157934 0.999989569 31.637897491
0.999987721 0.003336499 -0.003667948 0.624652207 -0.003324957 0.999989510 0.003148548 -0.924095273 0.003678414 -0.003136313 0.999988317 32.210029602
0.999987066 0.003201614 -0.003957433 0.624723256 -0.003187922 0.999988973 0.003461150 -0.940748751 0.003968471 -0.003448489 0.999986172 32.757511139
0.999984503 0.001693216 -0.005307700 0.656270683 -0.001674282 0.999992251 0.003569558 -0.959605753 0.005313703 -0.003560616 0.999979496 33.308456421
0.999982119 0.002223750 -0.005548140 0.659302533 -0.002206543 0.999992728 0.003105297 -0.957413435 0.005555004 -0.003092999 0.999979794 33.835094452
0.999982297 0.002001656 -0.005606107 0.675012052 -0.001979124 0.999989927 0.004022033 -0.992326140 0.005614100 -0.004010866 0.999976218 34.391090393
0.999978364 0.001983717 -0.006280979 0.688079655 -0.001958333 0.999989927 0.004044904 -1.012371063 0.006288939 -0.004032516 0.999972105 34.918186188
0.999976456 0.002300874 -0.006469072 0.701848745 -0.002278262 0.999991298 0.003500741 -1.016550422 0.006477072 -0.003485921 0.999972939 35.442474365
0.999973416 0.001360261 -0.007157341 0.719130814 -0.001334680 0.999992609 0.003577586 -1.026178241 0.007162155 -0.003567938 0.999968052 36.016407013
0.999975801 0.001791145 -0.006720316 0.721844018 -0.001771093 0.999993920 0.002988533 -1.040013552 0.006725628 -0.002976558 0.999972880 36.541603088
0.999972284 0.001626402 -0.007265182 0.728736222 -0.001603373 0.999993622 0.003174356 -1.053775787 0.007270299 -0.003162619 0.999968588 37.094459534
0.999971747 0.001755140 -0.007309275 0.740071654 -0.001733907 0.999994278 0.002910409 -1.068931580 0.007314341 -0.002897654 0.999969006 37.640754700
0.999969900 0.001440146 -0.007629455 0.749985278 -0.001421029 0.999995887 0.002510535 -1.078343987 0.007633039 -0.002499618 0.999967754 38.191143036
0.999966562 0.001683738 -0.008003885 0.755515337 -0.001663025 0.999995291 0.002593841 -1.089272857 0.008008215 -0.002580443 0.999964595 38.750495911
0.999965250 0.001736490 -0.008148967 0.781898141 -0.001713004 0.999994338 0.002888032 -1.113326907 0.008153937 -0.002873973 0.999962568 39.275852203
0.999968767 0.002835797 -0.007373248 0.776245236 -0.002816803 0.999992609 0.002585124 -1.124409914 0.007380527 -0.002564275 0.999969482 39.825801849
0.999966979 0.002839990 -0.007611697 0.780415595 -0.002818068 0.999991834 0.002889184 -1.145895123 0.007619842 -0.002867638 0.999966800 40.363262177
0.999969423 0.002676369 -0.007345495 0.785851240 -0.002659815 0.999993920 0.002262439 -1.154377341 0.007351505 -0.002242832 0.999970376 40.920860291
0.999967635 0.003288298 -0.007339944 0.787161052 -0.003263070 0.999988675 0.003446401 -1.195749760 0.007351194 -0.003422339 0.999967098 41.448654175
0.999969661 0.003702889 -0.006849077 0.785531938 -0.003681516 0.999988317 0.003130423 -1.207880378 0.006860588 -0.003105113 0.999971688 41.996295929
0.999967456 0.002968968 -0.007507465 0.807616889 -0.002944133 0.999990106 0.003317070 -1.224558830 0.007517240 -0.003294859 0.999966323 42.545974731
0.999963641 0.002480873 -0.008161073 0.820010900 -0.002461359 0.999994099 0.002400417 -1.211805820 0.008166978 -0.002380243 0.999963760 43.073535919
0.999962032 0.001737525 -0.008537145 0.829338253 -0.001715770 0.999995291 0.002554909 -1.228194714 0.008541543 -0.002540164 0.999960244 43.621345520
0.999962270 0.001771148 -0.008519363 0.846372426 -0.001743841 0.999993324 0.003211662 -1.255455017 0.008524993 -0.003196684 0.999958575 44.161026001
0.999955475 0.001245825 -0.009347246 0.855144501 -0.001219556 0.999995291 0.002815580 -1.269711375 0.009350711 -0.002804055 0.999952376 44.713085175
0.999960899 0.002834667 -0.008375545 0.858775496 -0.002811790 0.999992311 0.002741983 -1.273963213 0.008383255 -0.002718325 0.999961138 45.255634308
0.999959826 0.003025935 -0.008433677 0.864298999 -0.003005262 0.999992490 0.002462738 -1.282512069 0.008441067 -0.002437294 0.999961376 45.798011780
0.999960124 0.001872718 -0.008733585 0.880577683 -0.001854695 0.999996245 0.002071199 -1.298379898 0.008737433 -0.002054918 0.999959707 46.384311676
0.999960124 0.003793124 -0.008080485 0.871365190 -0.003770882 0.999989092 0.002766035 -1.323185921 0.008090889 -0.002735454 0.999963462 46.948413849
0.999961972 0.003341944 -0.008057361 0.879271984 -0.003323716 0.999991894 0.002274566 -1.333929181 0.008064899 -0.002247699 0.999964952 47.507995605
0.999963284 0.003207250 -0.007946283 0.882109046 -0.003192886 0.999993205 0.001819697 -1.349343181 0.007952065 -0.001794258 0.999966800 48.061298370
0.999960721 0.002883141 -0.008383197 0.901557684 -0.002866526 0.999993920 0.001993309 -1.362245798 0.008388894 -0.001969200 0.999962807 48.597026825
0.999962449 0.003007115 -0.008129797 0.902375281 -0.002994412 0.999994338 0.001574334 -1.375196576 0.008134482 -0.001549931 0.999965727 49.141357422
0.999960184 0.003364641 -0.008262089 0.915886521 -0.003344211 0.999991238 0.002485228 -1.403428435 0.008270376 -0.002457500 0.999962807 49.711421967
0.999958754 0.003617375 -0.008325717 0.918531418 -0.003599102 0.999991179 0.002208646 -1.413309693 0.008333634 -0.002178590 0.999962926 50.244995117
0.999961197 0.003319467 -0.008155951 0.927545428 -0.003302157 0.999992192 0.002135021 -1.429119706 0.008162975 -0.002108006 0.999964416 50.794952393
0.999959052 0.002916783 -0.008568954 0.942157447 -0.002896915 0.999993086 0.002329975 -1.448308706 0.008575690 -0.002305056 0.999960542 51.321048737
0.999958575 0.003016426 -0.008588891 0.942560852 -0.002994022 0.999992073 0.002620182 -1.463218212 0.008596724 -0.002594358 0.999959648 51.876594543
0.999958158 0.003099419 -0.008602925 0.956427097 -0.003078105 0.999992132 0.002489713 -1.473463655 0.008610574 -0.002463128 0.999959886 52.423439026
0.999955297 0.002989617 -0.008968921 0.961245060 -0.002967934 0.999992609 0.002429942 -1.483988166 0.008976121 -0.002403214 0.999956846 52.970367432
0.999957144 0.003778016 -0.008451984 0.960143447 -0.003758018 0.999990106 0.002380634 -1.503718257 0.008460896 -0.002348769 0.999961436 53.513214111
0.999960303 0.004638610 -0.007603146 0.950834215 -0.004625702 0.999987841 0.001714478 -1.515525341 0.007611007 -0.001679240 0.999969602 54.056320190
0.999958754 0.004409262 -0.007942390 0.961255848 -0.004393681 0.999988317 0.001978133 -1.529659510 0.007951020 -0.001943156 0.999966443 54.610916138
0.999960065 0.003412395 -0.008253742 0.973024011 -0.003397932 0.999992609 0.001765767 -1.544234872 0.008259708 -0.001737651 0.999964356 55.154140472
0.999957681 0.004076004 -0.008250182 0.965910554 -0.004064696 0.999990761 0.001386860 -1.558202028 0.008255759 -0.001353266 0.999965012 55.731235504
0.999956429 0.004770718 -0.008018408 0.976472020 -0.004759886 0.999987721 0.001369293 -1.555867672 0.008024842 -0.001331067 0.999966919 56.251125336
0.999963284 0.004221290 -0.007458145 0.939243734 -0.004214293 0.999990642 0.000953495 -1.573996305 0.007462100 -0.000922029 0.999971747 56.856231689
0.999957025 0.005243317 -0.007641570 0.988710165 -0.005232826 0.999985337 0.001392190 -1.586946845 0.007648757 -0.001352144 0.999969840 57.338386536
0.999955714 0.004372053 -0.008325817 1.009397745 -0.004361297 0.999989629 0.001309525 -1.603307724 0.008331455 -0.001273155 0.999964476 57.891994476
0.999957681 0.005048676 -0.007687083 1.016067743 -0.005040807 0.999986708 0.001042870 -1.608384490 0.007692245 -0.001004077 0.999969900 58.426506042
0.999962211 0.003915722 -0.007758673 1.018850088 -0.003906509 0.999991596 0.001202341 -1.632643700 0.007763316 -0.001171986 0.999969184 58.953880310
0.999956489 0.003819864 -0.008512923 1.042707920 -0.003807883 0.999991715 0.001423133 -1.644475579 0.008518292 -0.001390655 0.999962747 59.491790771
0.999954522 0.002742722 -0.009128383 1.055438757 -0.002734552 0.999995768 0.000907391 -1.665405035 0.009130834 -0.000882388 0.999957919 60.015834808
0.999952197 0.002734886 -0.009387371 1.064563513 -0.002732340 0.999996185 0.000283995 -1.670703411 0.009388111 -0.000258331 0.999955893 60.570823669
0.999955297 0.004698860 -0.008201621 1.058766603 -0.004688960 0.999988258 0.001225812 -1.704178810 0.008207288 -0.001187301 0.999965608 61.136592865
0.999957621 0.004531407 -0.008010613 1.055833936 -0.004518282 0.999988437 0.001655795 -1.721284866 0.008018025 -0.001619530 0.999966562 61.712257385
0.999956608 0.004828264 -0.007967663 1.074152946 -0.004820091 0.999987841 0.001044645 -1.732824802 0.007972608 -0.001006195 0.999967635 62.230876923
0.999956906 0.004711792 -0.007997930 1.082809925 -0.004704325 0.999988496 0.000952115 -1.749061704 0.008002326 -0.000914449 0.999967575 62.792678833
0.999956727 0.004827554 -0.007949690 1.084092617 -0.004819460 0.999987841 0.001036794 -1.764309168 0.007954598 -0.000998436 0.999967873 63.335697174
0.999952435 0.005587820 -0.007996805 1.099663973 -0.005577649 0.999983609 0.001293761 -1.782360196 0.008003904 -0.001249096 0.999967217 63.855804443
0.999957979 0.004106484 -0.008191823 1.105833769 -0.004102239 0.999991417 0.000534769 -1.778686404 0.008193946 -0.000501142 0.999966323 64.388931274
0.999957740 0.005052250 -0.007670608 1.110346317 -0.005047068 0.999987006 0.000694883 -1.805172324 0.007674017 -0.000656139 0.999970317 64.929916382
0.999952674 0.004800811 -0.008457023 1.126594543 -0.004795018 0.999988258 0.000705112 -1.820519328 0.008460307 -0.000664527 0.999963999 65.467002869
0.999956131 0.004846803 -0.008014387 1.129676223 -0.004840048 0.999987900 0.000862090 -1.832569122 0.008018466 -0.000823263 0.999967515 66.007583618
0.999957204 0.004578738 -0.008041599 1.138782382 -0.004574304 0.999989390 0.000569757 -1.844179869 0.008044124 -0.000532948 0.999967456 66.559791565
0.999960005 0.004363811 -0.007799074 1.145410419 -0.004359398 0.999990344 0.000582809 -1.862108946 0.007801541 -0.000548786 0.999969423 67.095420837
0.999963045 0.003994776 -0.007613664 1.157906413 -0.003988383 0.999991655 0.000854427 -1.880434752 0.007617015 -0.000824029 0.999970675 67.640922546
0.999960959 0.004722434 -0.007460779 1.163059950 -0.004719419 0.999988794 0.000421493 -1.894557834 0.007462685 -0.000386266 0.999972105 68.179161072
0.999961317 0.004537513 -0.007547089 1.170060635 -0.004533009 0.999989510 0.000613844 -1.914734125 0.007549795 -0.000579609 0.999971271 68.719444275
0.999961138 0.004324571 -0.007686199 1.178829193 -0.004315897 0.999990046 0.001144758 -1.933220983 0.007691073 -0.001111540 0.999969780 69.247421265
0.999957919 0.005405375 -0.007403216 1.179245472 -0.005402241 0.999985337 0.000443303 -1.948776722 0.007405505 -0.000403291 0.999972522 69.785179138
0.999962747 0.005046692 -0.007015610 1.189613223 -0.005042412 0.999987066 0.000627693 -1.965237617 0.007018688 -0.000592294 0.999975145 70.326332092
0.999960244 0.005714471 -0.006844452 1.194561839 -0.005711774 0.999983549 0.000413371 -1.982786417 0.006846701 -0.000374261 0.999976456 70.876350403
0.999965489 0.004299765 -0.007105024 1.205315828 -0.004298414 0.999990761 0.000205558 -1.992304921 0.007105842 -0.000175010 0.999974728 71.443763733
0.999963820 0.005018895 -0.006872184 1.210885406 -0.005016323 0.999987483 0.000391417 -2.007287025 0.006874063 -0.000356929 0.999976337 71.992401123
0.999962568 0.005460275 -0.006709933 1.208821535 -0.005464236 0.999984920 -0.000572183 -2.015692234 0.006706708 0.000608826 0.999977291 72.543464661
0.999966443 0.005465683 -0.006100273 1.208696604 -0.005468073 0.999984980 -0.000375269 -2.021857500 0.006098130 0.000408613 0.999981284 73.097633362
0.999961078 0.005908167 -0.006552754 1.218561769 -0.005908019 0.999982476 0.000041931 -2.062417984 0.006552887 -0.000003216 0.999978542 73.631248474
0.999961019 0.005615170 -0.006812423 1.233689547 -0.005615786 0.999984205 -0.000071250 -2.082044601 0.006811917 0.000109504 0.999976754 74.199737549
0.999970436 0.003749686 -0.006717464 1.253728509 -0.003745248 0.999992728 0.000673022 -2.100960732 0.006719937 -0.000647843 0.999977231 74.730590820
0.999957979 0.006425403 -0.006539030 1.246033192 -0.006424482 0.999979377 0.000161724 -2.109926939 0.006539932 -0.000119708 0.999978602 75.330932617
0.999959052 0.005744128 -0.006986178 1.259698629 -0.005745551 0.999983490 -0.000183563 -2.123688459 0.006985010 0.000223695 0.999975562 75.870216370
0.999959826 0.005991932 -0.006663405 1.255362272 -0.005994137 0.999981940 -0.000310973 -2.142253160 0.006661421 0.000350902 0.999977708 76.410743713
0.999960363 0.006022339 -0.006556280 1.265734315 -0.006026688 0.999981582 -0.000643691 -2.147601843 0.006552285 0.000683178 0.999978304 76.967544556
0.999956667 0.006369598 -0.006790332 1.264151573 -0.006377445 0.999979019 -0.001134752 -2.164025068 0.006782960 0.001178008 0.999976277 77.463592529
0.999964774 0.005122526 -0.006645683 1.247295618 -0.005129999 0.999986172 -0.001108022 -2.158247232 0.006639915 0.001142075 0.999977291 78.043357849
0.999964118 0.005454833 -0.006480468 1.271277308 -0.005456507 0.999985099 -0.000240638 -2.200425625 0.006479059 0.000275990 0.999978960 78.517662048
0.999962926 0.006063295 -0.006108522 1.276456118 -0.006064644 0.999981582 -0.000202136 -2.212632418 0.006107186 0.000239174 0.999981344 79.071357727
0.999951243 0.007874868 -0.005955924 1.284762025 -0.007882491 0.999968112 -0.001257593 -2.230439663 0.005945830 0.001304480 0.999981463 79.645957947
0.999964356 0.005533569 -0.006378999 1.295995235 -0.005541683 0.999983847 -0.001255046 -2.237364054 0.006371951 0.001290351 0.999978840 80.213958740
0.999966145 0.006411057 -0.005162197 1.288009644 -0.006417478 0.999978662 -0.001228140 -2.254151106 0.005154213 0.001261226 0.999985933 80.755157471
0.999974251 0.006215879 -0.003585314 1.292451978 -0.006220464 0.999979854 -0.001268990 -2.269718170 0.003577353 0.001291260 0.999992788 81.268508911
0.999979436 0.005432274 -0.003388481 1.318900943 -0.005433674 0.999985099 -0.000404374 -2.290831566 0.003386233 0.000422777 0.999994159 81.810562134
0.999976873 0.006592775 -0.001621172 1.311980367 -0.006594756 0.999977529 -0.001219306 -2.301866531 0.001613097 0.001229969 0.999997914 82.339477539
0.999983609 0.005472194 0.001699783 1.331386447 -0.005469089 0.999983490 -0.001826220 -2.306806803 -0.001709749 0.001816894 0.999996841 82.895545959
0.999970555 0.005617484 0.005224362 1.346894979 -0.005611580 0.999983609 -0.001143782 -2.331532717 -0.005230702 0.001114431 0.999985695 83.426017761
0.999952972 0.005380371 0.008061577 1.370439053 -0.005372250 0.999985039 -0.001028556 -2.352479458 -0.008066989 0.000985200 0.999966979 83.979797363
0.999910235 0.005463106 0.012236586 1.393128037 -0.005451271 0.999984622 -0.001000370 -2.366381884 -0.012241864 0.000933576 0.999924600 84.506614685
0.999819577 0.005419018 0.018205157 1.424058318 -0.005386455 0.999983788 -0.001837224 -2.372691393 -0.018214814 0.001738831 0.999832571 85.045745850
0.999677837 0.006020643 0.024655662 1.446586251 -0.005982929 0.999980807 -0.001603105 -2.391998053 -0.024664842 0.001455075 0.999694645 85.580856323
0.999520302 0.005391748 0.030497413 1.487176061 -0.005359377 0.999984980 -0.001143110 -2.409611464 -0.030503118 0.000979115 0.999534190 86.116058350
0.999242485 0.005732311 0.038491134 1.524109960 -0.005674854 0.999982595 -0.001601856 -2.418664217 -0.038499661 0.001382211 0.999257624 86.683937073
0.998898208 0.005076317 0.046654671 1.575839043 -0.004979685 0.999985218 -0.002187192 -2.432490110 -0.046665084 0.001952456 0.998908699 87.219329834
0.998553872 0.004374587 0.053582016 1.618575811 -0.004274746 0.999988914 -0.001977776 -2.453210831 -0.053590074 0.001745866 0.998561502 87.769859314
0.998043239 0.004328436 0.062377531 1.675310373 -0.004186110 0.999988317 -0.002412210 -2.462610245 -0.062387250 0.002146370 0.998049736 88.309326172
0.997366488 0.004237891 0.072402172 1.738678932 -0.004115165 0.999989808 -0.001844142 -2.488540173 -0.072409250 0.001541338 0.997373819 88.843177795
0.996662915 0.004597159 0.081497930 1.796774864 -0.004513324 0.999989092 -0.001212877 -2.506953716 -0.081502616 0.000841003 0.996672750 89.392074585
0.996074438 0.003726761 0.088440761 1.862980366 -0.003558760 0.999991536 -0.002057192 -2.518140078 -0.088447690 0.001734377 0.996079266 89.924949646
0.995119572 0.004347167 0.098580368 1.942573071 -0.004174755 0.999989510 -0.001955149 -2.524937868 -0.098587818 0.001534058 0.995127201 90.440734863
0.994095027 0.003062886 0.108469062 2.032715321 -0.002799379 0.999992669 -0.002581513 -2.537179947 -0.108476177 0.002262623 0.994096577 90.976486206
0.993072987 0.002088361 0.117481589 2.123105049 -0.001773359 0.999994576 -0.002785756 -2.564282894 -0.117486782 0.002558122 0.993071139 91.517845154
0.991649866 0.002155119 0.128941625 2.212606430 -0.001844255 0.999995053 -0.002530233 -2.586924076 -0.128946468 0.002271305 0.991648912 92.033256531
0.989934981 0.002133745 0.141506851 2.316176414 -0.001814967 0.999995530 -0.002381766 -2.611094952 -0.141511336 0.002100963 0.989934325 92.581657410
0.988370121 0.001174559 0.152062625 2.422645569 -0.000836098 0.999997020 -0.002289717 -2.626724720 -0.152064860 0.002135949 0.988368154 93.131896973
0.986689091 0.001626651 0.162610039 2.537359238 -0.001293495 0.999996841 -0.002154650 -2.641175270 -0.162613019 0.001915635 0.986688077 93.695930481
0.984454930 0.001333961 0.175632343 2.652810097 -0.001022096 0.999997735 -0.001866122 -2.666348219 -0.175634429 0.001657600 0.984454155 94.220802307
0.982229769 0.000960573 0.187680662 2.785511971 -0.000511036 0.999996841 -0.002443596 -2.678425312 -0.187682435 0.002304261 0.982227087 94.765769958
0.980210960 0.000480732 0.197955161 2.908150673 -0.000002842 0.999997020 -0.002414411 -2.696748495 -0.197955772 0.002366069 0.980208099 95.294898987
0.977373660 0.001240973 0.211516455 3.046091080 -0.000808969 0.999997377 -0.002128936 -2.714316845 -0.211518556 0.001909656 0.977372110 95.839706421
0.974619985 -0.000472174 0.223865271 3.206562042 0.001064334 0.999996245 -0.002524502 -2.727348804 -0.223863244 0.002698698 0.974616766 96.369667053
0.971947908 -0.000641910 0.235195383 3.352882385 0.001273282 0.999996126 -0.002532604 -2.737262249 -0.235192776 0.002761030 0.971944809 96.895088196
0.969125330 -0.000761967 0.246567503 3.516695023 0.001482118 0.999995172 -0.002735131 -2.761525869 -0.246564224 0.003016127 0.969121754 97.456604004
0.965685666 -0.001149020 0.259711206 3.688146591 0.001786175 0.999995947 -0.002217340 -2.780782461 -0.259707600 0.002605143 0.965683758 97.962989807
0.962301850 -0.001815219 0.271977633 3.858800888 0.002570509 0.999993742 -0.002420781 -2.800123692 -0.271971464 0.003028643 0.962300539 98.487823486
0.958978176 -0.002573970 0.283468097 4.046091080 0.003318545 0.999992192 -0.002146491 -2.816505432 -0.283460379 0.002999140 0.958979189 99.026649475
0.954744220 -0.003120343 0.297411680 4.235668182 0.003819443 0.999991059 -0.001769516 -2.832050800 -0.297403604 0.002825382 0.954747677 99.552566528
0.950350046 -0.002891793 0.311169833 4.444227219 0.003841980 0.999989748 -0.002440669 -2.846003771 -0.311159551 0.003514998 0.950351298 100.080337524
0.946472704 -0.003157584 0.322768509 4.647779465 0.004192494 0.999988019 -0.002511193 -2.862284660 -0.322756767 0.003729980 0.946474612 100.588462830
0.941918135 -0.003356420 0.335825801 4.840932846 0.004389837 0.999987662 -0.002318131 -2.874012947 -0.335813880 0.003657710 0.941921234 101.090332031
0.936764598 -0.003527949 0.349942327 5.054296494 0.004387205 0.999988973 -0.001662754 -2.891779184 -0.349932581 0.003092877 0.936769724 101.599349976
0.932251275 -0.005226375 0.361773819 5.284322739 0.006354830 0.999977946 -0.001929488 -2.904869556 -0.361755729 0.004097778 0.932263851 102.104804993
0.927093029 -0.004113553 0.374808520 5.492654800 0.004689223 0.999988794 -0.000623891 -2.947254896 -0.374801815 0.002335966 0.927102029 102.601104736
0.921104968 -0.003453097 0.389298946 5.725101471 0.003793421 0.999992788 -0.000105489 -2.962634325 -0.389295787 0.001573942 0.921111465 103.099807739
0.915790915 -0.004449016 0.401630610 5.988555908 0.004815906 0.999988377 0.000096112 -2.989513159 -0.401626438 0.001846197 0.915801764 103.598754883
0.911119401 -0.005502007 0.412105531 6.235054016 0.006027089 0.999981761 0.000025501 -3.003283024 -0.412098229 0.002460563 0.911136091 104.069229126
0.905488610 -0.006376974 0.424322546 6.494235992 0.007247475 0.999973595 -0.000437640 -3.018764973 -0.424308509 0.003471545 0.905510962 104.565093994
0.898779154 -0.005528921 0.438366771 6.748317719 0.006221632 0.999980628 -0.000143852 -3.034260035 -0.438357502 0.002856648 0.898796141 105.051261902
0.893009365 -0.006756818 0.449987292 7.030815125 0.007622020 0.999970973 -0.000110923 -3.048795462 -0.449973494 0.003528867 0.893034875 105.537414551
0.887347102 -0.006816292 0.461051762 7.298400879 0.007605960 0.999971092 0.000145253 -3.069267273 -0.461039394 0.003377851 0.887373269 106.000793457
0.880003691 -0.007405516 0.474908948 7.605255127 0.007759428 0.999969184 0.001214889 -3.113420010 -0.474903315 0.002615914 0.880034089 106.485992432
0.873116970 -0.007184057 0.487457842 7.892803192 0.007556586 0.999970734 0.001202288 -3.128489256 -0.487452179 0.002633778 0.873145700 106.941680908
