1.000000000 0.000000000 0.000000000 0.000000000 0.000000000 1.000000000 0.000000000 0.000000000 0.000000000 0.000000000 1.000000000 0.000000000
1.000000000 -0.000005427 0.000024650 0.000052754 0.000005426 1.000000000 0.000049050 0.000383468 -0.000024650 -0.000049050 1.000000000 0.001078399
1.000000000 0.000004115 0.000174144 -0.000987434 -0.000004164 0.999999940 0.000281174 -0.000731179 -0.000174143 -0.000281174 0.999999940 0.000428609
1.000000000 -0.000064776 -0.000030066 0.000598137 0.000064782 1.000000000 0.000202111 -0.000802659 0.000030053 -0.000202113 1.000000000 -0.000131037
1.000000000 -0.000066456 0.000063433 -0.000176525 0.000066451 1.000000000 0.000086229 -0.000097632 -0.000063439 -0.000086224 1.000000000 0.000781049
1.000000000 -0.000106060 0.000088309 -0.000212660 0.000106043 1.000000000 0.000182844 -0.000913129 -0.000088328 -0.000182835 1.000000000 -0.000540117
0.999999940 -0.000233179 0.000189851 -0.001228416 0.000233181 1.000000000 -0.000011198 0.000652901 -0.000189849 0.000011242 1.000000000 0.001537500
0.999999940 -0.000173403 0.000205473 -0.000632365 0.000173376 1.000000000 0.000131343 -0.000087626 -0.000205496 -0.000131308 1.000000000 0.001599312
1.000000000 -0.000122297 0.000185855 -0.000819020 0.000122276 1.000000000 0.000109200 0.000529066 -0.000185869 -0.000109177 1.000000000 0.001504700
1.000000000 0.000083280 0.000186432 -0.000555004 -0.000083298 1.000000000 0.000097556 -0.000822477 -0.000186424 -0.000097572 1.000000000 -0.000463751
1.000000000 0.000025204 0.000123725 0.000303233 -0.000025214 1.000000000 0.000072803 0.000259797 -0.000123723 -0.000072806 1.000000000 0.001548630
1.000000000 0.000068061 0.000023266 0.000469861 -0.000068064 1.000000000 0.000108484 -0.000224717 -0.000023259 -0.000108486 1.000000000 0.000513784
1.000000000 -0.000078208 0.000111761 0.000261087 0.000078198 1.000000000 0.000089043 0.000486178 -0.000111768 -0.000089035 1.000000000 0.001646274
1.000000000 0.000024417 0.000118262 -0.000828029 -0.000024426 1.000000000 0.000072062 0.000746705 -0.000118260 -0.000072065 1.000000000 -0.000018382
1.000000000 0.000077516 0.000208620 -0.000729389 -0.000077516 1.000000000 0.000000769 0.000766606 -0.000208620 -0.000000785 1.000000000 0.001084706
1.000000000 -0.000131855 0.000011868 0.000786913 0.000131853 1.000000000 0.000113495 0.000663387 -0.000011883 -0.000113493 1.000000000 0.000933802
1.000000000 -0.000226626 0.000058325 -0.000337279 0.000226618 0.999999940 0.000134665 -0.000076031 -0.000058356 -0.000134652 1.000000000 -0.000950446
1.000000000 -0.000043917 0.000165612 -0.000433512 0.000043882 1.000000000 0.000207575 -0.000270503 -0.000165621 -0.000207568 0.999999940 0.001557869
1.000000000 0.000060956 0.000209498 -0.000976512 -0.000060985 1.000000000 0.000135035 -0.000426658 -0.000209490 -0.000135048 0.999999940 0.000711208
1.000000000 0.000187931 0.000030284 -0.000201542 -0.000187938 0.999999940 0.000241312 -0.000316623 -0.000030239 -0.000241317 1.000000000 0.000147711
1.000000000 -0.000016105 0.000076920 0.000369234 0.000016085 0.999999940 0.000256357 -0.000969310 -0.000076924 -0.000256356 0.999999940 0.000810152
1.000000000 0.000083466 0.000149887 -0.000649271 -0.000083477 1.000000000 0.000078716 0.000181423 -0.000149881 -0.000078728 1.000000000 0.001591038
1.000000000 -0.000177750 0.000102421 0.000407159 0.000177739 1.000000000 0.000110060 0.000481942 -0.000102441 -0.000110042 1.000000000 0.000737294
1.000000000 -0.000045933 0.000109518 0.000740433 0.000045928 1.000000000 0.000048282 0.000870663 -0.000109521 -0.000048277 1.000000000 0.001873423
1.000000000 0.000093737 0.000188986 -0.000480643 -0.000093727 1.000000000 -0.000053662 0.001021245 -0.000188991 0.000053645 1.000000000 0.000643422
1.000000000 -0.000191191 0.000144166 0.000386899 0.000191160 0.999999940 0.000211352 -0.000206358 -0.000144206 -0.000211325 0.999999940 0.001373790
1.000000000 -0.000193410 -0.000016245 0.000820846 0.000193410 1.000000000 -0.000042717 -0.000056485 0.000016253 0.000042714 1.000000000 -0.001373144
0.999999940 -0.000260876 0.000070368 0.000225539 0.000260868 0.999999940 0.000112828 -0.000721663 -0.000070397 -0.000112809 1.000000000 -0.000001125
0.999999940 0.000191957 0.000175187 -0.001070465 -0.000191995 0.999999940 0.000214342 -0.000453117 -0.000175146 -0.000214376 0.999999940 0.001681641
1.000000000 0.000005484 0.000093480 -0.000577366 -0.000005498 1.000000000 0.000152942 -0.000181728 -0.000093480 -0.000152942 1.000000000 0.000804165
1.000000000 -0.000127265 0.000049315 0.000173650 0.000127262 1.000000000 0.000077401 -0.000243192 -0.000049325 -0.000077395 1.000000000 0.000292800
1.000000000 -0.000072327 -0.000028725 0.000556680 0.000072333 1.000000000 0.000192844 -0.000147900 0.000028711 -0.000192846 1.000000000 0.002038976
1.000000000 0.000021207 0.000078742 -0.000174956 -0.000021224 1.000000000 0.000223687 -0.000333770 -0.000078737 -0.000223688 1.000000000 0.000286003
1.000000000 0.000013571 0.000214072 -0.001268333 -0.000013628 0.999999940 0.000266232 -0.000839360 -0.000214069 -0.000266235 0.999999940 0.000663631
1.000000000 0.000028550 0.000055903 -0.000051393 -0.000028552 1.000000000 0.000035213 -0.000011695 -0.000055902 -0.000035215 1.000000000 -0.000209507
1.000000000 0.000091037 -0.000014290 0.000498708 -0.000091038 1.000000000 -0.000072720 0.001914793 0.000014284 0.000072721 1.000000000 0.000904103
1.000000000 -0.000211524 0.000032421 0.000457778 0.000211524 1.000000000 0.000010658 0.001345483 -0.000032423 -0.000010651 1.000000000 0.000617104
1.000000000 -0.000047989 0.000025421 -0.000436960 0.000047986 1.000000000 0.000144985 0.000158733 -0.000025428 -0.000144984 1.000000000 0.001099541
1.000000000 -0.000046090 0.000096190 -0.000129959 0.000046078 1.000000000 0.000129589 -0.000111427 -0.000096196 -0.000129584 1.000000000 0.000209597
1.000000000 -0.000118934 0.000103270 0.000126787 0.000118928 1.000000000 0.000059974 0.000540329 -0.000103277 -0.000059962 1.000000000 0.001024733
0.999999940 -0.000029960 0.000250558 -0.001092500 0.000029961 1.000000000 -0.000002738 0.000959610 -0.000250558 0.000002746 0.999999940 0.002246700
0.999999940 0.000102895 0.000309374 -0.000055798 -0.000102727 0.999999821 -0.000543775 -0.001933297 -0.000309429 0.000543743 0.999999821 0.050775241
1.000000000 0.000039321 0.000143050 0.000438536 -0.000039160 0.999999344 -0.001125432 -0.002564823 -0.000143094 0.001125426 0.999999344 0.141397625
1.000000000 0.000008348 -0.000027359 0.003095166 -0.000008390 0.999998808 -0.001540673 -0.003453743 0.000027346 0.001540674 0.999998808 0.259134918
0.999999821 -0.000496315 -0.000229532 0.007820102 0.000496066 0.999999285 -0.001082458 -0.011925097 0.000230069 0.001082344 0.999999404 0.384879589
0.999999940 -0.000257722 0.000149790 0.006739722 0.000257891 0.999999344 -0.001126243 -0.016144091 -0.000149499 0.001126281 0.999999344 0.528206289
1.000000000 0.000068661 -0.000146995 0.009972777 -0.000068854 0.999999166 -0.001312755 -0.017191708 0.000146905 0.001312765 0.999999106 0.684130132
0.999999940 -0.000270609 -0.000046286 0.017953530 0.000270566 0.999999523 -0.000934670 -0.022555888 0.000046539 0.000934658 0.999999583 0.843157768
0.999999881 -0.000461488 -0.000108072 0.021154171 0.000461406 0.999999583 -0.000757453 -0.026900794 0.000108421 0.000757403 0.999999702 1.014487386
0.999999940 -0.000173368 -0.000183537 0.021327715 0.000173206 0.999999583 -0.000879285 -0.028983088 0.000183689 0.000879253 0.999999583 1.186560392
0.999999940 -0.000076360 0.000360058 0.020269040 0.000076547 0.999999881 -0.000518131 -0.033634081 -0.000360018 0.000518158 0.999999821 1.375859976
1.000000000 -0.000011586 0.000030485 0.031288903 0.000011599 0.999999940 -0.000421513 -0.040835723 -0.000030480 0.000421513 0.999999940 1.576587081
0.999999940 0.000046538 0.000248865 0.032732036 -0.000046518 1.000000000 -0.000080136 -0.050512202 -0.000248869 0.000080125 0.999999940 1.776157141
0.999997020 -0.001773705 -0.001674114 0.064480402 0.001771233 0.999997318 -0.001477124 -0.040734947 0.001676730 0.001474154 0.999997497 1.952660203
0.999997437 -0.001943544 -0.001172658 0.062917136 0.001941746 0.999996960 -0.001532300 -0.046361271 0.001175632 0.001530019 0.999998212 2.158680677
0.999997973 -0.001507008 -0.001353929 0.070022225 0.001504785 0.999997437 -0.001641287 -0.051221065 0.001356399 0.001639246 0.999997675 2.391095161
0.999998152 -0.001617270 -0.001032730 0.075644568 0.001615394 0.999996960 -0.001814868 -0.054674841 0.001035662 0.001813197 0.999997795 2.613443136
0.999999344 -0.000931624 -0.000798072 0.075537406 0.000930352 0.999998212 -0.001593237 -0.066557162 0.000799555 0.001592493 0.999998391 2.835739374
0.999998152 -0.001387721 -0.001312715 0.080406256 0.001385638 0.999997735 -0.001585947 -0.070522740 0.001314913 0.001584125 0.999997854 3.071220160
0.999997377 -0.001821591 -0.001386610 0.090812713 0.001818912 0.999996483 -0.001931070 -0.074854277 0.001390122 0.001928543 0.999997139 3.318726540
0.999998093 -0.001515572 -0.001215311 0.095976427 0.001513463 0.999997377 -0.001735045 -0.086539105 0.001217938 0.001733202 0.999997735 3.547274351
0.999996424 -0.002080113 -0.001643919 0.097618528 0.002077420 0.999996424 -0.001638063 -0.093311362 0.001647320 0.001634642 0.999997318 3.802899361
0.999995708 -0.002499519 -0.001488936 0.101772554 0.002496758 0.999995112 -0.001853112 -0.097921394 0.001493560 0.001849386 0.999997139 4.066531658
0.999996901 -0.002008691 -0.001464678 0.106470101 0.002007554 0.999997735 -0.000777317 -0.109043941 0.001466236 0.000774375 0.999998629 4.324114323
0.999997735 -0.001558119 -0.001442899 0.112194277 0.001556250 0.999997914 -0.001295437 -0.113869488 0.001444915 0.001293188 0.999998093 4.562879562
0.999998152 -0.001582139 -0.001060033 0.116800770 0.001580726 0.999997795 -0.001332822 -0.124128610 0.001062139 0.001331144 0.999998510 4.816206932
0.999997377 -0.001792025 -0.001382468 0.123688981 0.001790616 0.999997914 -0.001019784 -0.129369050 0.001384292 0.001017306 0.999998450 5.086575031
0.999997020 -0.001958077 -0.001449327 0.122371167 0.001956213 0.999997258 -0.001286614 -0.135891736 0.001451842 0.001283775 0.999998093 5.334935188
0.999997616 -0.001779977 -0.001285962 0.124892563 0.001777496 0.999996543 -0.001927390 -0.136323720 0.001289388 0.001925099 0.999997258 5.613656998
0.999995947 -0.002327761 -0.001630886 0.131978557 0.002326181 0.999996901 -0.000970175 -0.154129446 0.001633139 0.000966377 0.999998093 5.877635956
0.999996960 -0.001942550 -0.001516735 0.142761409 0.001940671 0.999997377 -0.001239834 -0.160350844 0.001519139 0.001236886 0.999998093 6.143702507
0.999997139 -0.001974938 -0.001331916 0.147436991 0.001973295 0.999997318 -0.001233425 -0.168442205 0.001334349 0.001230793 0.999998391 6.424316406
0.999997556 -0.001806346 -0.001194965 0.150586531 0.001804554 0.999997258 -0.001498708 -0.176813424 0.001197669 0.001496548 0.999998152 6.712219715
0.999996841 -0.002270103 -0.001165102 0.155183807 0.002268672 0.999996662 -0.001227845 -0.184279665 0.001167886 0.001225198 0.999998569 6.998719692
0.999998391 -0.001491970 -0.000996289 0.157988563 0.001490888 0.999998331 -0.001086245 -0.193764240 0.000997908 0.001084758 0.999998927 7.298993587
0.999997318 -0.002161219 -0.000832127 0.166183412 0.002160427 0.999997199 -0.000951577 -0.204233319 0.000834181 0.000949777 0.999999225 7.611906528
0.999996722 -0.002231461 -0.001223637 0.168738678 0.002230277 0.999996960 -0.000968695 -0.218300432 0.001225795 0.000965963 0.999998808 7.913187981
0.999997318 -0.001993380 -0.001217271 0.171236575 0.001992173 0.999997556 -0.000991957 -0.225424066 0.001219245 0.000989529 0.999998808 8.239394188
0.999997020 -0.002152693 -0.001185347 0.179700613 0.002151846 0.999997437 -0.000715633 -0.241866559 0.001186885 0.000713080 0.999999046 8.560513496
0.999997437 -0.002061810 -0.000890559 0.189259842 0.002061932 0.999997854 0.000135628 -0.256254643 0.000890277 -0.000137464 0.999999642 8.886534691
0.999997020 -0.002246760 -0.000954234 0.195284620 0.002246290 0.999997377 -0.000493958 -0.265438706 0.000955342 0.000491813 0.999999404 9.207073212
0.999997497 -0.002113766 -0.000740301 0.201451898 0.002113294 0.999997616 -0.000637628 -0.273358166 0.000741647 0.000636062 0.999999523 9.553994179
0.999997377 -0.002095939 -0.000895669 0.206144124 0.002095683 0.999997735 -0.000287412 -0.285691798 0.000896270 0.000285535 0.999999583 9.900715828
0.999996185 -0.002571499 -0.001026527 0.212563276 0.002570934 0.999996483 -0.000551210 -0.294417113 0.001027941 0.000548569 0.999999344 10.253898621
0.999997854 -0.001956818 -0.000773630 0.214957327 0.001956641 0.999997973 -0.000229591 -0.309279710 0.000774078 0.000228077 0.999999702 10.609295845
0.999996543 -0.002454000 -0.000946568 0.225389794 0.002453787 0.999996960 -0.000226852 -0.318202585 0.000947121 0.000224529 0.999999583 10.974152565
0.999995649 -0.002714581 -0.001135832 0.232717022 0.002714265 0.999996305 -0.000279769 -0.329806298 0.001136588 0.000276685 0.999999285 11.350635529
0.999994695 -0.002876345 -0.001539348 0.247415170 0.002876404 0.999995887 0.000035833 -0.340857744 0.001539238 -0.000040261 0.999998808 11.728143692
0.999993920 -0.003136140 -0.001483643 0.254948169 0.003136013 0.999995112 -0.000087501 -0.353062540 0.001483910 0.000082848 0.999998868 12.113817215
0.999992490 -0.003440027 -0.001801256 0.267038077 0.003439694 0.999994040 -0.000187756 -0.365700394 0.001801891 0.000181559 0.999998331 12.493366241
0.999992609 -0.003378579 -0.001873834 0.272321850 0.003377860 0.999994218 -0.000386842 -0.373045206 0.001875131 0.000380509 0.999998152 12.894750595
0.999995708 -0.002607101 -0.001322267 0.275802940 0.002606661 0.999996543 -0.000334061 -0.385257989 0.001323134 0.000330613 0.999998987 13.291412354
0.999992192 -0.003554538 -0.001709906 0.291022211 0.003554437 0.999993682 -0.000062197 -0.398932695 0.001710116 0.000056119 0.999998510 13.680386543
0.999994636 -0.003101071 -0.001043556 0.291948497 0.003101207 0.999995172 0.000129333 -0.410506338 0.001043150 -0.000132569 0.999999404 14.096377373
0.999995232 -0.003028975 -0.000521663 0.297503114 0.003028628 0.999995172 -0.000665937 -0.417607844 0.000523677 0.000664354 0.999999583 14.521627426
0.999991715 -0.003904476 -0.001088527 0.314376593 0.003904708 0.999992371 0.000211487 -0.437090546 0.001087693 -0.000215736 0.999999404 14.941914558
0.999995947 -0.002704818 -0.000822671 0.319678456 0.002704793 0.999996364 -0.000030464 -0.447674006 0.000822751 0.000028239 0.999999702 15.375099182
0.999996305 -0.002728099 -0.000127194 0.325485289 0.002728041 0.999996185 -0.000455309 -0.454645306 0.000128435 0.000454961 0.999999881 15.821841240
0.999992788 -0.003783649 -0.000146066 0.339413434 0.003783639 0.999992788 -0.000070094 -0.468845427 0.000146330 0.000069541 1.000000000 16.260992050
0.999991357 -0.004095228 0.000710629 0.340423197 0.004095643 0.999991417 -0.000583417 -0.478698105 -0.000708234 0.000586322 0.999999583 16.708269119
0.999991417 -0.003986364 0.001109229 0.350584716 0.003986240 0.999992013 0.000113180 -0.497781903 -0.001109672 -0.000108757 0.999999344 17.159774780
0.999992967 -0.003603494 0.001008677 0.357941449 0.003603387 0.999993503 0.000107444 -0.506208897 -0.001009057 -0.000103808 0.999999464 17.615739822
0.999992192 -0.003600514 0.001610516 0.360593051 0.003600572 0.999993503 -0.000033017 -0.518942058 -0.001610386 0.000038815 0.999998689 18.083225250
0.999990582 -0.004201647 0.001061453 0.382784188 0.004201689 0.999991119 -0.000037517 -0.528722823 -0.001061286 0.000041976 0.999999404 18.564123154
0.999991596 -0.003816350 0.001485244 0.396670997 0.003816649 0.999992728 -0.000198258 -0.545739532 -0.001484476 0.000203925 0.999998808 19.007867813
0.999991000 -0.003819721 0.001858899 0.397365600 0.003820759 0.999992490 -0.000554925 -0.554221451 -0.001856765 0.000562022 0.999998033 19.495580673
0.999990106 -0.004235541 0.001374851 0.406365395 0.004235496 0.999991000 0.000034981 -0.572598875 -0.001374986 -0.000029158 0.999999046 19.993143082
0.999992073 -0.003937128 0.000531353 0.428979486 0.003937290 0.999992192 -0.000305214 -0.583469927 -0.000530147 0.000307304 0.999999762 20.487152100
0.999992669 -0.003661109 0.001121263 0.436527818 0.003660977 0.999993265 0.000119762 -0.599129915 -0.001121693 -0.000115656 0.999999285 20.962331772
0.999993026 -0.003696227 0.000598246 0.445799947 0.003696369 0.999993145 -0.000235999 -0.606238127 -0.000597369 0.000238208 0.999999762 21.466411591
0.999994874 -0.003102870 0.000676835 0.455660373 0.003102712 0.999995112 0.000234582 -0.627472937 -0.000677559 -0.000232481 0.999999642 21.963809967
0.999992728 -0.003817206 -0.000165330 0.461131752 0.003817210 0.999992669 0.000021187 -0.635424256 0.000165249 -0.000021818 1.000000000 22.496494293
0.999990821 -0.004199083 -0.000920226 0.470366746 0.004198852 0.999991179 -0.000253078 -0.649351597 0.000921281 0.000249212 0.999999523 23.023387909
0.999990821 -0.003958468 -0.001710820 0.485682219 0.003958804 0.999992192 0.000192492 -0.670496345 0.001710045 -0.000199263 0.999998569 23.540834427
0.999987006 -0.004730586 -0.001898346 0.488209695 0.004730096 0.999988794 -0.000263078 -0.686733902 0.001899570 0.000254095 0.999998093 24.054952621
0.999988675 -0.003792694 -0.002884588 0.500293612 0.003793202 0.999992788 0.000170860 -0.700760424 0.002883920 -0.000181800 0.999995828 24.588661194
0.999989390 -0.003246374 -0.003284851 0.505383015 0.003248121 0.999994695 0.000526480 -0.714271784 0.003283123 -0.000537144 0.999994397 25.135564804
0.999988854 -0.003030763 -0.003618568 0.495680034 0.003033194 0.999995291 0.000666850 -0.738676131 0.003616530 -0.000677818 0.999993205 25.651905060
0.999989748 -0.002901902 -0.003489257 0.499315441 0.002903411 0.999995768 0.000427516 -0.754356563 0.003488002 -0.000437643 0.999993861 26.212057114
0.999986649 -0.003088957 -0.004143644 0.508061349 0.003094754 0.999994218 0.001393358 -0.767453074 0.004139317 -0.001406163 0.999990463 26.764312744
0.999980628 -0.003957788 -0.004790490 0.521192729 0.003962636 0.999991655 0.001003106 -0.788152635 0.004786479 -0.001022069 0.999988019 27.310544968
0.999980271 -0.003866783 -0.004934874 0.528576732 0.003871260 0.999992073 0.000898016 -0.802783072 0.004931362 -0.000917103 0.999987423 27.850067139
0.999976993 -0.003578469 -0.005748161 0.536977053 0.003583595 0.999993145 0.000881738 -0.818148434 0.005744966 -0.000902316 0.999983072 28.420978546
0.999977171 -0.003718872 -0.005641667 0.537092865 0.003724901 0.999992490 0.001058446 -0.834029317 0.005637689 -0.001079436 0.999983490 28.929794312
0.999975622 -0.003640033 -0.005970830 0.545101643 0.003646474 0.999992788 0.001068091 -0.846487224 0.005966899 -0.001089837 0.999981642 29.481071472
0.999980628 -0.002451208 -0.005722498 0.542594433 0.002461683 0.999995351 0.001824191 -0.867487073 0.005717999 -0.001838243 0.999981999 30.033542633
0.999978662 -0.002647184 -0.005972034 0.550779402 0.002655636 0.999995410 0.001407840 -0.884608090 0.005968279 -0.001423670 0.999981165 30.553476334
0.999979317 -0.001707256 -0.006212760 0.557594538 0.001717263 0.999997199 0.001605658 -0.901898384 0.006210002 -0.001616294 0.999979377 31.084344864
0.999970436 -0.002973685 -0.007090310 0.569630086 0.002985714 0.999994040 0.001686453 -0.912545800 0.007085253 -0.001707574 0.999973416 31.639188766
0.999966860 -0.003811118 -0.007189689 0.580836773 0.003818981 0.999992073 0.001080179 -0.925825238 0.007185515 -0.001107601 0.999973536 32.188995361
0.999962568 -0.003775445 -0.007776502 0.588993311 0.003786492 0.999991834 0.001406343 -0.937295437 0.007771128 -0.001435736 0.999968767 32.747047424
0.999966025 -0.003423337 -0.007509361 0.590303242 0.003430128 0.999993801 0.000891562 -0.948891342 0.007506262 -0.000917290 0.999971449 33.303539276
0.999956131 -0.004034722 -0.008457619 0.604538262 0.004045233 0.999991119 0.001226091 -0.966161013 0.008452596 -0.001260250 0.999963462 33.830211639
0.999957263 -0.003632794 -0.008498491 0.613795638 0.003648271 0.999991655 0.001806310 -0.985347390 0.008491860 -0.001837239 0.999962211 34.352806091
0.999957204 -0.003741526 -0.008460417 0.626157105 0.003759788 0.999990582 0.002143606 -1.001621962 0.008452319 -0.002175324 0.999961853 34.903072357
0.999961674 -0.003099760 -0.008186423 0.623810828 0.003110575 0.999994278 0.001308609 -1.001386762 0.008182321 -0.001334023 0.999965668 35.458385468
0.999952435 -0.003901450 -0.008938621 0.627929866 0.003911655 0.999991715 0.001124487 -1.016875982 0.008934159 -0.001159399 0.999959409 35.986316681
0.999958277 -0.003655335 -0.008368294 0.630536318 0.003664197 0.999992788 0.001043924 -1.030393243 0.008364417 -0.001074544 0.999964416 36.541511536
0.999951780 -0.003976334 -0.008976039 0.634942889 0.003987852 0.999991179 0.001265508 -1.047705412 0.008970929 -0.001301242 0.999958873 37.077018738
0.999948442 -0.003770359 -0.009429419 0.648693264 0.003780491 0.999992251 0.001056882 -1.064254403 0.009425364 -0.001092476 0.999954998 37.618347168
0.999952734 -0.003452098 -0.009088019 0.645810127 0.003462793 0.999993324 0.001161403 -1.076201677 0.009083950 -0.001192818 0.999957979 38.160011292
0.999953806 -0.003893819 -0.008785307 0.653099239 0.003905579 0.999991477 0.001321873 -1.089081049 0.008780086 -0.001356124 0.999960542 38.712951660
0.999950290 -0.003471226 -0.009345754 0.654165387 0.003482943 0.999993145 0.001237689 -1.105996013 0.009341395 -0.001270178 0.999955475 39.246135712
0.999951482 -0.003266412 -0.009291998 0.669003725 0.003284261 0.999992788 0.001906260 -1.130930543 0.009285704 -0.001936685 0.999954998 39.773002625
0.999946296 -0.003316961 -0.009809466 0.669868588 0.003331579 0.999993384 0.001474274 -1.135841608 0.009804510 -0.001506876 0.999950826 40.330883026
0.999945700 -0.004058835 -0.009591824 0.678946495 0.004068609 0.999991298 0.000999796 -1.148186445 0.009587681 -0.001038767 0.999953568 40.876075745
0.999940157 -0.003681659 -0.010299220 0.686537504 0.003696170 0.999992192 0.001390343 -1.158749104 0.010294020 -0.001428327 0.999945998 41.413066864
0.999937236 -0.003777180 -0.010544950 0.693906307 0.003786867 0.999992430 0.000898867 -1.171364546 0.010541474 -0.000938743 0.999944031 41.963428497
0.999936879 -0.003586827 -0.010642579 0.697103977 0.003596609 0.999993086 0.000900177 -1.187190890 0.010639275 -0.000938397 0.999942958 42.513114929
0.999940634 -0.003264767 -0.010391920 0.689047217 0.003279038 0.999993682 0.001356505 -1.197124720 0.010387425 -0.001390500 0.999945104 43.045574188
0.999936342 -0.003492346 -0.010725640 0.700570226 0.003508394 0.999992728 0.001477757 -1.214531183 0.010720402 -0.001515292 0.999941409 43.581829071
0.999931097 -0.004943069 -0.010652204 0.702834785 0.004957314 0.999986768 0.001311244 -1.231108665 0.010645583 -0.001363960 0.999942422 44.115543365
0.999937296 -0.003646499 -0.010585470 0.701320529 0.003658179 0.999992669 0.001084205 -1.236485481 0.010581439 -0.001122861 0.999943376 44.665805817
0.999948263 -0.002994169 -0.009716813 0.702822268 0.002999074 0.999995351 0.000490251 -1.246378899 0.009715300 -0.000519367 0.999952674 45.214321136
0.999936700 -0.004185764 -0.010437958 0.717224538 0.004197959 0.999990523 0.001146826 -1.268711090 0.010433059 -0.001190572 0.999944866 45.758361816
0.999934196 -0.004399748 -0.010588805 0.722584724 0.004417356 0.999988914 0.001640140 -1.290372968 0.010581472 -0.001686807 0.999942601 46.288021088
0.999936700 -0.004101084 -0.010477594 0.725936174 0.004109400 0.999991238 0.000772272 -1.284394383 0.010474335 -0.000815280 0.999944806 46.824344635
0.999938190 -0.003730250 -0.010484911 0.728202820 0.003737481 0.999992728 0.000670108 -1.292979956 0.010482336 -0.000709254 0.999944806 47.356781006
0.999934077 -0.003881524 -0.010806296 0.742533207 0.003891913 0.999991953 0.000940461 -1.317243099 0.010802560 -0.000982456 0.999941170 47.908401489
0.999936521 -0.004106922 -0.010483745 0.732709408 0.004118592 0.999990940 0.001091902 -1.328515887 0.010479163 -0.001135012 0.999944448 48.445713043
0.999941230 -0.004071400 -0.010041402 0.731307864 0.004082175 0.999991119 0.001052811 -1.346224785 0.010037025 -0.001093740 0.999949038 48.992504120
0.999936938 -0.004349976 -0.010357735 0.751834214 0.004366953 0.999989152 0.001616954 -1.366855621 0.010350589 -0.001662083 0.999945045 49.521686554
0.999937475 -0.004348448 -0.010304500 0.744816363 0.004359476 0.999989927 0.001047970 -1.372337461 0.010299840 -0.001092827 0.999946356 50.077404022
0.999932110 -0.004511198 -0.010746129 0.750802994 0.004524618 0.999989033 0.001224895 -1.389157176 0.010740486 -0.001273434 0.999941587 50.626464844
0.999936700 -0.004069272 -0.010487078 0.753749311 0.004077797 0.999991357 0.000791617 -1.403845906 0.010483766 -0.000834331 0.999944687 51.168022156
0.999936223 -0.004028341 -0.010548493 0.758187592 0.004036540 0.999991536 0.000756048 -1.417866588 0.010545358 -0.000798579 0.999944091 51.709106445
0.999931693 -0.004906107 -0.010602623 0.762975395 0.004912601 0.999987721 0.000586586 -1.434181690 0.010599615 -0.000638632 0.999943614 52.242923737
0.999937057 -0.003980187 -0.010485919 0.762377441 0.003991161 0.999991536 0.001025789 -1.448641777 0.010481748 -0.001067576 0.999944448 52.793407440
0.999941111 -0.004373000 -0.009928045 0.760429740 0.004379913 0.999990165 0.000674739 -1.462866187 0.009924999 -0.000718184 0.999950409 53.334709167
0.999937117 -0.004119906 -0.010429571 0.770724237 0.004126379 0.999991298 0.000599256 -1.475195289 0.010427014 -0.000642255 0.999945343 53.879745483
0.999941051 -0.004687399 -0.009801980 0.778294921 0.004695335 0.999988735 0.000786823 -1.495075583 0.009798183 -0.000832800 0.999951601 54.412204742
0.999931633 -0.005144872 -0.010492156 0.792553306 0.005152217 0.999986470 0.000673135 -1.512589097 0.010488550 -0.000727147 0.999944746 54.934947968
0.999926865 -0.004975247 -0.011016674 0.803658783 0.004987402 0.999986887 0.001076145 -1.528822303 0.011011176 -0.001131010 0.999938786 55.483139038
0.999934554 -0.004894856 -0.010341850 0.788298607 0.004899611 0.999987841 0.000434495 -1.529906392 0.010339598 -0.000485137 0.999946415 56.017421722
0.999944627 -0.003890246 -0.009780635 0.790701509 0.003898635 0.999992013 0.000838853 -1.553018212 0.009777294 -0.000876938 0.999951839 56.558101654
0.999931037 -0.004814534 -0.010706760 0.828421891 0.004821616 0.999988198 0.000635712 -1.569469452 0.010703573 -0.000687292 0.999942482 57.071231842
0.999940574 -0.004034138 -0.010127352 0.793708444 0.004038571 0.999991775 0.000417321 -1.584192514 0.010125585 -0.000458196 0.999948621 57.648143768
0.999939919 -0.003948168 -0.010227039 0.801320434 0.003948221 0.999992192 -0.000015091 -1.596110106 0.010227020 -0.000025289 0.999947727 58.199047089
0.999943256 -0.004089429 -0.009831860 0.801901639 0.004092055 0.999991596 0.000247017 -1.608772278 0.009830767 -0.000287236 0.999951601 58.736396790
0.999947906 -0.003710962 -0.009509490 0.797820270 0.003714524 0.999992967 0.000356893 -1.632634878 0.009508100 -0.000392198 0.999954641 59.282108307
0.999953210 -0.003337779 -0.009075066 0.805140376 0.003343821 0.999994159 0.000650611 -1.645103574 0.009072842 -0.000680925 0.999958634 59.842906952
0.999947011 -0.003548804 -0.009662831 0.807931781 0.003552033 0.999993563 0.000317067 -1.658991098 0.009661645 -0.000351373 0.999953270 60.368183136
0.999949992 -0.003060553 -0.009523213 0.818697572 0.003063636 0.999995232 0.000309181 -1.678662539 0.009522222 -0.000338341 0.999954641 60.915428162
0.999946713 -0.003235222 -0.009801815 0.825896025 0.003238610 0.999994695 0.000329818 -1.687568426 0.009800697 -0.000361545 0.999951899 61.451297760
0.999944806 -0.003362152 -0.009949872 0.834396780 0.003360681 0.999994397 -0.000164596 -1.698062420 0.009950370 0.000131149 0.999950469 62.001506805
0.999950886 -0.002913012 -0.009476243 0.831594706 0.002914220 0.999995708 0.000113688 -1.716573715 0.009475872 -0.000141298 0.999955058 62.533794403
0.999950469 -0.003188616 -0.009430978 0.835440218 0.003188040 0.999994934 -0.000076144 -1.728247046 0.009431172 0.000046074 0.999955595 63.079524994
0.999954879 -0.002881920 -0.009062389 0.827758372 0.002882835 0.999995887 0.000087922 -1.752382278 0.009062097 -0.000114044 0.999958932 63.621540070
0.999947786 -0.003233328 -0.009692455 0.849506319 0.003232344 0.999994755 -0.000117223 -1.762660503 0.009692783 0.000085887 0.999953032 64.147811890
0.999948740 -0.003393735 -0.009531802 0.856174350 0.003398014 0.999994099 0.000432769 -1.779628277 0.009530276 -0.000465136 0.999954522 64.682777405
0.999951124 -0.003333000 -0.009303267 0.861366808 0.003337191 0.999994218 0.000434945 -1.798994541 0.009301764 -0.000465971 0.999956608 65.237617493
0.999951959 -0.002970737 -0.009340315 0.861890435 0.002970488 0.999995589 -0.000040545 -1.804646611 0.009340395 0.000012797 0.999956310 65.766685486
0.999947846 -0.003390846 -0.009634633 0.865987062 0.003383784 0.999994040 -0.000749104 -1.811001778 0.009637116 0.000716463 0.999953270 66.329971313
0.999948502 -0.003571917 -0.009504023 0.877000332 0.003562202 0.999993145 -0.001038947 -1.823570967 0.009507667 0.001005039 0.999954283 66.873008728
0.999952853 -0.003110880 -0.009189857 0.876450241 0.003110907 0.999995172 -0.000011277 -1.847350121 0.009189848 -0.000017312 0.999957740 67.397102356
0.999955893 -0.002681537 -0.008994299 0.882343113 0.002682499 0.999996424 0.000094949 -1.868526340 0.008994011 -0.000119072 0.999959588 67.935508728
0.999955177 -0.002510370 -0.009128331 0.886440933 0.002513146 0.999996781 0.000292685 -1.884732246 0.009127567 -0.000315613 0.999958336 68.492271423
0.999953032 -0.002304141 -0.009415078 0.892643988 0.002299710 0.999997258 -0.000481491 -1.891337156 0.009416160 0.000459817 0.999955535 69.012130737
0.999954998 -0.002023272 -0.009273779 0.896574378 0.002023343 0.999997973 -0.000001876 -1.910226941 0.009273764 -0.000016888 0.999956965 69.562644958
0.999956906 -0.002750464 -0.008863837 0.894759059 0.002747931 0.999996126 -0.000298010 -1.927214265 0.008864623 0.000273640 0.999960661 70.111587524
0.999949396 -0.002972097 -0.009607345 0.908942342 0.002967794 0.999995470 -0.000462191 -1.941830397 0.009608675 0.000433655 0.999953747 70.653472900
0.999955475 -0.002746042 -0.009028741 0.898595154 0.002744429 0.999996245 -0.000190970 -1.962902188 0.009029233 0.000166182 0.999959171 71.206794739
0.999961197 -0.002263670 -0.008516113 0.893618345 0.002265217 0.999997556 0.000172039 -1.980323195 0.008515703 -0.000191323 0.999963641 71.740043640
0.999959171 -0.002453448 -0.008697203 0.906426251 0.002455854 0.999997020 0.000266014 -2.001568079 0.008696525 -0.000287362 0.999962091 72.285301208
0.999966383 -0.001963500 -0.007974135 0.898028672 0.001967644 0.999997914 0.000511708 -2.019923925 0.007973115 -0.000527381 0.999967992 72.822021484
0.999959171 -0.003110191 -0.008475426 0.911284685 0.003112670 0.999995053 0.000279276 -2.026272774 0.008474514 -0.000305646 0.999964058 73.363037109
0.999958992 -0.003475710 -0.008356450 0.918897510 0.003475492 0.999993980 -0.000040621 -2.043173075 0.008356540 0.000011576 0.999965072 73.915771484
0.999956727 -0.004082416 -0.008359033 0.926999807 0.004077524 0.999991477 -0.000602157 -2.045285702 0.008361420 0.000568047 0.999964893 74.465316772
0.999959886 -0.003066590 -0.008410434 0.932828069 0.003065020 0.999995232 -0.000199509 -2.066446066 0.008411005 0.000173723 0.999964595 75.014427185
0.999952257 -0.004036705 -0.008899190 0.946205497 0.004033081 0.999991715 -0.000425135 -2.078954697 0.008900833 0.000389223 0.999960303 75.559631348
0.999951065 -0.003961120 -0.009063286 0.957927167 0.003959692 0.999992132 -0.000175470 -2.096770763 0.009063910 0.000139573 0.999958932 76.066352844
0.999958217 -0.003355702 -0.008513990 0.959563136 0.003351842 0.999994218 -0.000467773 -2.113555908 0.008515512 0.000439216 0.999963641 76.674911499
0.999956727 -0.003229744 -0.008714901 0.968185723 0.003220330 0.999994218 -0.001094026 -2.122312546 0.008718384 0.001065913 0.999961436 77.231956482
0.999957144 -0.003035294 -0.008748561 0.974519074 0.003034319 0.999995410 -0.000124768 -2.146184683 0.008748899 0.000098216 0.999961734 77.753387451
0.999967635 -0.002353255 -0.007690598 0.969304144 0.002350220 0.999997139 -0.000403511 -2.159146070 0.007691524 0.000385424 0.999970317 78.296760559
0.999959826 -0.003289173 -0.008335259 0.972820222 0.003284013 0.999994516 -0.000632612 -2.174756050 0.008337294 0.000605213 0.999965072 78.815078735
0.999966264 -0.002896507 -0.007684393 0.968314052 0.002892118 0.999995768 -0.000582135 -2.191613436 0.007686045 0.000559892 0.999970317 79.370574951
0.999966383 -0.003329775 -0.007495408 0.977923512 0.003327065 0.999994457 -0.000374087 -2.208339691 0.007496612 0.000349137 0.999971867 79.912696838
0.999970555 -0.003442564 -0.006857452 0.989096999 0.003436250 0.999993622 -0.000932452 -2.217063189 0.006860619 0.000908860 0.999975979 80.435852051
0.999977291 -0.002453601 -0.006268536 0.999819696 0.002451847 0.999996960 -0.000287474 -2.235218525 0.006269223 0.000272098 0.999980271 80.986122131
0.999985814 -0.002957273 -0.004429074 1.004001021 0.002959206 0.999995530 0.000429931 -2.264612675 0.004427783 -0.000443031 0.999990106 81.506362915
0.999987185 -0.003714242 -0.003432559 1.018346786 0.003711981 0.999992907 -0.000664857 -2.265918016 0.003435004 0.000652107 0.999993801 82.057670593
0.999992311 -0.003918793 -0.000043852 1.034864306 0.003918754 0.999991953 -0.000843796 -2.281205893 0.000047159 0.000843617 0.999999583 82.612251282
0.999982595 -0.003581307 0.004694940 1.053480744 0.003583264 0.999993503 -0.000408298 -2.299022198 -0.004693446 0.000425114 0.999988794 83.136817932
0.999969304 -0.003185821 0.007150293 1.059908748 0.003188344 0.999994874 -0.000341616 -2.318420887 -0.007149167 0.000364403 0.999974370 83.656494141
0.999910831 -0.002404470 0.013135964 1.073130608 0.002407661 0.999997199 -0.000227155 -2.335149050 -0.013135377 0.000258761 0.999913692 84.208518982
0.999842346 -0.003806346 0.017343782 1.117256641 0.003802029 0.999992788 0.000281866 -2.355392694 -0.017344732 -0.000215880 0.999849558 84.749343872
0.999732852 -0.002336414 0.022991337 1.140416145 0.002335386 0.999997258 0.000071519 -2.374611855 -0.022991441 -0.000017806 0.999735594 85.311805725
0.999578178 -0.002947924 0.028891502 1.172996163 0.002959159 0.999995589 -0.000346106 -2.387466669 -0.028890349 0.000431455 0.999582469 85.862518311
0.999311209 -0.002830761 0.037000012 1.207474828 0.002830441 0.999996006 0.000061026 -2.400605202 -0.037000034 0.000043742 0.999315202 86.410133362
0.998949885 -0.001140444 0.045801133 1.241941690 0.001125713 0.999999285 0.000347427 -2.424836874 -0.045801498 -0.000295503 0.998950541 86.962982178
0.998635054 -0.002423887 0.052173652 1.283476353 0.002381770 0.999996722 0.000869397 -2.446661472 -0.052175593 -0.000743944 0.998637676 87.484619141
0.998126507 -0.003643025 0.061075225 1.338161469 0.003623002 0.999993384 0.000438584 -2.455815077 -0.061076418 -0.000216487 0.998133123 88.037658691
0.997465074 -0.002871069 0.071099840 1.400348186 0.002850956 0.999995828 0.000384348 -2.472001553 -0.071100645 -0.000180671 0.997469187 88.573699951
0.996756792 -0.002162496 0.080443576 1.451814175 0.002085801 0.999997258 0.001037422 -2.495059252 -0.080445588 -0.000866268 0.996758640 89.112899780
0.996143222 -0.003357205 0.087678134 1.518679142 0.003341363 0.999994278 0.000327449 -2.504956484 -0.087678730 -0.000033222 0.996148765 89.676452637
0.995095432 -0.003981845 0.098839939 1.589794159 0.003949147 0.999992013 0.000526464 -2.517282724 -0.098841265 -0.000133549 0.995103121 90.217269897
0.994050443 -0.004811840 0.108815178 1.674835205 0.004789867 0.999988377 0.000463308 -2.542247057 -0.108816139 0.000060658 0.994061947 90.759704590
0.992986619 -0.003857381 0.118163578 1.745227814 0.003807295 0.999992549 0.000649597 -2.547980070 -0.118165217 -0.000195157 0.992993891 91.268234253
0.991612017 -0.003868768 0.129192159 1.835868835 0.003853965 0.999992609 0.000364580 -2.554271460 -0.129192606 0.000136381 0.991619527 91.819305420
0.989996910 -0.004354061 0.141021416 1.929957390 0.004251810 0.999990463 0.001026365 -2.576987982 -0.141024545 -0.000416502 0.990006089 92.343849182
0.988333046 -0.004008468 0.152255207 2.030352592 0.003923052 0.999991894 0.000861409 -2.585134268 -0.152257413 -0.000254054 0.988340855 92.916130066
0.986589611 -0.003446326 0.163184479 2.131040573 0.003351451 0.999994040 0.000856698 -2.600865841 -0.163186431 -0.000298305 0.986595333 93.459877014
0.984525025 -0.004762085 0.175179422 2.262939453 0.004633772 0.999988675 0.001141497 -2.614909172 -0.175182834 -0.000312091 0.984535933 93.991294861
0.982138872 -0.004718124 0.188098446 2.383572578 0.004585586 0.999988794 0.001139773 -2.627676249 -0.188101739 -0.000256874 0.982149482 94.553970337
0.980102479 -0.004954404 0.198430583 2.508899689 0.004815473 0.999987662 0.001182718 -2.639077425 -0.198434010 -0.000203648 0.980114281 95.088111877
0.977397084 -0.004809494 0.211357072 2.653413773 0.004623991 0.999988377 0.001371914 -2.653833151 -0.211361200 -0.000363591 0.977407873 95.616744995
0.974446595 -0.004424862 0.224576026 2.804069519 0.004080640 0.999989688 0.001996883 -2.672185659 -0.224582553 -0.001029441 0.974454463 96.143478394
0.971737206 -0.005372162 0.236004040 2.936231613 0.005097938 0.999985456 0.001772123 -2.682436466 -0.236010119 -0.000518904 0.971750438 96.679954529
0.968877137 -0.006187963 0.247464925 3.102542877 0.005896802 0.999980867 0.001917717 -2.706138134 -0.247472048 -0.000398780 0.968894899 97.182952881
0.965128601 -0.005651021 0.261715084 3.259027481 0.005357473 0.999983966 0.001835125 -2.705197096 -0.261721313 -0.000369000 0.965143383 97.730598450
0.961677730 -0.005793390 0.274120897 3.430932999 0.005606183 0.999983251 0.001466327 -2.715644121 -0.274124771 0.000126639 0.961694181 98.258560181
0.958372235 -0.006787292 0.285441548 3.607448578 0.006651961 0.999976814 0.001443664 -2.723998785 -0.285444736 0.000515178 0.958395064 98.786590576
0.953924358 -0.006404220 0.299979120 3.785732269 0.006046630 0.999979496 0.002120352 -2.742625952 -0.299986541 -0.000208793 0.953943491 99.322074890
0.949790180 -0.006704336 0.312815785 3.975313187 0.006369036 0.999977589 0.002093686 -2.755645037 -0.312822729 0.000003773 0.949811578 99.806388855
0.945853174 -0.007517450 0.324507624 4.179155350 0.007259388 0.999971628 0.002005873 -2.764040232 -0.324513465 0.000458464 0.945880949 100.349540710
0.941291988 -0.007775593 0.337503940 4.388444901 0.007855086 0.999968469 0.001130120 -2.773055553 -0.337502003 0.001587349 0.941323519 100.874847412
0.936281860 -0.007916944 0.351160437 4.612932205 0.007820226 0.999967992 0.001693684 -2.788653612 -0.351162612 0.001160389 0.936313748 101.384246826
0.931400895 -0.007971262 0.363907665 4.829816818 0.007668994 0.999967992 0.002275572 -2.807015181 -0.363914192 0.000671336 0.931432188 101.908851624
0.926754057 -0.009187151 0.375556111 5.055721283 0.009198908 0.999956131 0.001761714 -2.814861059 -0.375555813 0.001822030 0.926798046 102.415695190
0.920944452 -0.008969628 0.389590532 5.277400970 0.008767881 0.999958932 0.002296069 -2.828856230 -0.389595091 0.001301331 0.920985281 102.889366150
0.915344119 -0.009413351 0.402562529 5.517658234 0.009505457 0.999953210 0.001769032 -2.836688280 -0.402560413 0.002207268 0.915390730 103.380371094
0.910672128 -0.010185895 0.413004309 5.769554138 0.010097370 0.999946117 0.002396960 -2.853749514 -0.413006485 0.001987413 0.910725892 103.849151611
0.904017568 -0.009951461 0.427379310 6.034465790 0.009668563 0.999949276 0.002832156 -2.870906353 -0.427385777 0.001571825 0.904067993 104.392272949
0.897373974 -0.009851077 0.441160977 6.297767639 0.009329496 0.999950945 0.003351493 -2.887171984 -0.441172302 0.001108267 0.897421777 104.878746033
0.891775072 -0.011077614 0.452343225 6.563594818 0.010655443 0.999937177 0.003481114 -2.902585745 -0.452353328 0.001715547 0.891837239 105.341323853
0.886074305 -0.010561236 0.463422924 6.829689026 0.010213773 0.999942541 0.003259375 -2.905592680 -0.463430732 0.001845249 0.886131227 105.825180054
0.878811836 -0.011451764 0.477031082 7.102764130 0.011336424 0.999930859 0.003120109 -2.913341045 -0.477033824 0.002665839 0.878880858 106.319129944
