1.000000000 0.000000000 0.000000000 0.000000000 0.000000000 1.000000000 0.000000000 0.000000000 0.000000000 0.000000000 1.000000000 0.000000000
1.000000000 0.000096913 0.000173910 -0.001230707 -0.000096927 1.000000000 0.000079332 -0.000453193 -0.000173903 -0.000079349 1.000000000 -0.000003892
1.000000000 0.000138779 0.000138058 -0.001448149 -0.000138790 1.000000000 0.000081971 0.000690439 -0.000138047 -0.000081990 1.000000000 0.001848370
1.000000000 0.000165763 -0.000034330 0.000286287 -0.000165757 1.000000000 0.000173217 -0.001207709 0.000034359 -0.000173211 1.000000000 -0.000439091
1.000000000 0.000220246 0.000103579 -0.001105721 -0.000220255 1.000000000 0.000089035 0.000123306 -0.000103559 -0.000089057 1.000000000 0.000677547
1.000000000 -0.000037911 0.000021852 -0.000568062 0.000037909 1.000000000 0.000096209 -0.000254855 -0.000021856 -0.000096208 1.000000000 -0.000670106
1.000000000 0.000084047 0.000187374 -0.002653749 -0.000084051 1.000000000 0.000016139 0.001324440 -0.000187373 -0.000016155 1.000000000 0.003850294
1.000000000 -0.000013627 0.000209772 -0.001733055 0.000013611 1.000000000 0.000077934 0.001140370 -0.000209773 -0.000077931 1.000000000 0.003238806
1.000000000 0.000043488 0.000152594 -0.001523377 -0.000043482 1.000000000 -0.000044459 0.001435633 -0.000152596 0.000044453 1.000000000 0.002580900
1.000000000 -0.000139915 0.000155130 -0.000801243 0.000139917 1.000000000 -0.000014283 0.000628660 -0.000155128 0.000014305 1.000000000 0.000300575
1.000000000 -0.000050627 0.000227080 -0.001392660 0.000050624 1.000000000 0.000012574 0.001736627 -0.000227080 -0.000012562 1.000000000 0.002723373
1.000000000 0.000011987 0.000103043 -0.000534101 -0.000011998 1.000000000 0.000103209 -0.000189823 -0.000103042 -0.000103210 1.000000000 0.000852886
1.000000000 0.000021038 0.000168824 -0.001536132 -0.000021050 1.000000000 0.000071530 0.001192979 -0.000168823 -0.000071533 1.000000000 0.004481782
0.999999940 -0.000069121 0.000245414 -0.002243948 0.000069084 1.000000000 0.000153195 0.001088704 -0.000245425 -0.000153178 0.999999940 0.004010757
1.000000000 -0.000070666 0.000123475 -0.001817176 0.000070656 1.000000000 0.000081478 0.001174203 -0.000123481 -0.000081469 1.000000000 0.003435961
1.000000000 0.000052463 0.000025160 -0.000145992 -0.000052465 1.000000000 0.000097498 -0.000238480 -0.000025155 -0.000097499 1.000000000 0.000413840
1.000000000 -0.000080696 0.000072946 -0.001769705 0.000080696 1.000000000 0.000005405 0.001141813 -0.000072946 -0.000005399 1.000000000 0.003219761
0.999999940 0.000132264 0.000330311 -0.002212681 -0.000132304 1.000000000 0.000121887 0.000180714 -0.000330294 -0.000121930 0.999999940 0.002285488
0.999999940 0.000182626 0.000232599 -0.002613381 -0.000182647 1.000000000 0.000089154 0.000342710 -0.000232583 -0.000089196 0.999999940 0.002697205
0.999999940 0.000221567 0.000164090 -0.001930554 -0.000221583 1.000000000 0.000098177 0.000603605 -0.000164068 -0.000098213 1.000000000 0.003370664
0.999999881 0.000354410 0.000323221 -0.003181187 -0.000354487 0.999999881 0.000237564 0.000494319 -0.000323137 -0.000237678 0.999999940 0.004522256
0.999999821 0.000452205 0.000323259 -0.002920389 -0.000452245 0.999999881 0.000121883 0.000056094 -0.000323204 -0.000122029 0.999999940 0.001480899
0.999999940 0.000134034 0.000279188 -0.002814224 -0.000134062 1.000000000 0.000101362 0.001082925 -0.000279175 -0.000101399 0.999999940 0.003197973
0.999999940 0.000216555 0.000304565 -0.001542641 -0.000216606 0.999999940 0.000165812 -0.000435156 -0.000304529 -0.000165878 0.999999940 0.001646006
0.999999940 0.000159343 0.000282839 -0.002431325 -0.000159345 1.000000000 0.000009995 0.000795935 -0.000282838 -0.000010040 0.999999940 0.000887090
1.000000000 -0.000073170 0.000114473 -0.000145318 0.000073172 1.000000000 -0.000018140 0.001589336 -0.000114472 0.000018148 1.000000000 0.002645242
1.000000000 0.000027181 0.000236177 -0.001832281 -0.000027200 1.000000000 0.000081618 0.000194211 -0.000236175 -0.000081624 0.999999940 0.001297824
0.999999940 0.000053282 0.000250067 -0.001463349 -0.000053284 1.000000000 0.000005754 0.001230870 -0.000250067 -0.000005767 0.999999940 0.002435152
0.999999881 0.000362173 0.000384799 -0.003502401 -0.000362163 0.999999940 -0.000027210 0.001428965 -0.000384809 0.000027070 0.999999940 0.001763597
0.999999940 0.000172567 0.000286648 -0.003046380 -0.000172584 1.000000000 0.000061983 0.000909097 -0.000286638 -0.000062032 0.999999940 0.002225650
0.999999940 0.000166526 0.000282916 -0.002705628 -0.000166561 1.000000000 0.000121598 -0.000260505 -0.000282896 -0.000121645 0.999999940 0.002056919
0.999999940 0.000159365 0.000268095 -0.001418396 -0.000159412 1.000000000 0.000177963 -0.000002951 -0.000268067 -0.000178006 0.999999940 0.001631883
0.999999881 0.000249905 0.000359356 -0.003691991 -0.000249909 0.999999940 0.000011316 0.001721617 -0.000359353 -0.000011406 0.999999940 0.003864716
0.999999881 0.000185171 0.000382656 -0.002780123 -0.000185162 1.000000000 -0.000023878 0.001238547 -0.000382661 0.000023807 0.999999940 0.002232217
0.999999940 0.000191654 0.000224672 -0.000738097 -0.000191675 1.000000000 0.000090030 -0.000022139 -0.000224655 -0.000090073 1.000000000 0.000503775
0.999999881 0.000305788 0.000310439 -0.002863389 -0.000305788 0.999999940 -0.000001321 0.002666498 -0.000310439 0.000001226 0.999999940 0.005016907
0.999999940 0.000158102 0.000292235 -0.003162832 -0.000158074 1.000000000 -0.000093582 0.004379410 -0.000292250 0.000093535 0.999999940 0.007078036
0.999999940 -0.000186358 0.000244383 -0.000958544 0.000186343 1.000000000 0.000059862 0.001115790 -0.000244394 -0.000059817 0.999999940 0.002712504
0.999999940 0.000189326 0.000336540 -0.002541715 -0.000189377 1.000000000 0.000152067 0.001099030 -0.000336511 -0.000152130 0.999999940 0.003387884
1.000000000 -0.000018580 0.000219059 -0.001157072 0.000018558 1.000000000 0.000103920 0.001246595 -0.000219061 -0.000103916 1.000000000 0.002877163
0.999999881 -0.000015235 0.000442279 -0.002830636 0.000015260 1.000000000 -0.000055907 0.002227239 -0.000442279 0.000055914 0.999999881 0.005818718
0.999999940 -0.000233462 0.000224929 0.000832770 0.000233630 0.999999702 -0.000746351 -0.000186870 -0.000224754 0.000746403 0.999999702 0.052296016
0.999999940 0.000157091 0.000355344 -0.000661523 -0.000156700 0.999999404 -0.001100666 -0.005603601 -0.000355517 0.001100610 0.999999344 0.133135125
0.999999940 0.000262349 0.000140287 0.002216256 -0.000262114 0.999998569 -0.001672104 -0.002969842 -0.000140725 0.001672067 0.999998569 0.256079048
0.999999940 0.000246978 0.000129487 0.005220945 -0.000246832 0.999999344 -0.001131732 -0.012973885 -0.000129766 0.001131700 0.999999344 0.384578675
1.000000000 0.000060915 0.000163462 0.008553245 -0.000060751 0.999999523 -0.001003646 -0.017752195 -0.000163523 0.001003636 0.999999464 0.523277223
0.999999881 0.000444983 0.000156357 0.012509288 -0.000444853 0.999999583 -0.000829394 -0.025447970 -0.000156726 0.000829324 0.999999642 0.668315768
0.999999881 0.000259629 0.000386793 0.016027192 -0.000259263 0.999999523 -0.000946144 -0.025621410 -0.000387039 0.000946044 0.999999464 0.838205636
1.000000000 0.000142972 0.000147360 0.018382501 -0.000142875 0.999999762 -0.000659308 -0.028528787 -0.000147454 0.000659287 0.999999762 1.010686517
1.000000000 -0.000030503 0.000166704 0.022477450 0.000030538 1.000000000 -0.000210103 -0.037050497 -0.000166698 0.000210108 0.999999940 1.185004115
0.999999702 0.000630745 0.000468204 0.017297186 -0.000630446 0.999999583 -0.000639502 -0.036050018 -0.000468607 0.000639206 0.999999702 1.368698239
0.999999940 0.000400908 0.000062215 0.035530057 -0.000400905 0.999999940 -0.000045066 -0.052736342 -0.000062233 0.000045041 1.000000000 1.565029979
0.999999881 0.000437688 0.000245321 0.038247447 -0.000437656 0.999999881 -0.000130454 -0.053204767 -0.000245378 0.000130346 0.999999940 1.757915378
0.999999940 0.000215989 -0.000197765 0.042507112 -0.000216114 0.999999762 -0.000633017 -0.052159362 0.000197628 0.000633060 0.999999762 1.955862999
0.999999583 0.000716252 0.000514711 0.039514989 -0.000716169 0.999999702 -0.000162389 -0.065711759 -0.000514828 0.000162020 0.999999881 2.160571814
0.999998093 0.000571395 -0.001836317 0.081715122 -0.000575855 0.999996841 -0.002429500 -0.049493231 0.001834923 0.002430553 0.999995351 2.361359835
0.999997139 0.000724808 -0.002290134 0.093120553 -0.000729297 0.999997854 -0.001959973 -0.059382860 0.002288708 0.001961637 0.999995470 2.579775095
0.999997973 0.001298648 -0.001533015 0.089891970 -0.001301543 0.999997377 -0.001888453 -0.069379747 0.001530558 0.001890445 0.999997020 2.805450201
0.999997497 0.000978415 -0.001981321 0.098748505 -0.000981405 0.999998391 -0.001508582 -0.078614108 0.001979841 0.001510523 0.999996901 3.039435387
0.999997973 0.000925122 -0.001775230 0.098049447 -0.000928973 0.999997139 -0.002169788 -0.078762934 0.001773218 0.002171433 0.999996066 3.281337738
0.999997854 0.001257098 -0.001641374 0.103557885 -0.001259603 0.999998033 -0.001525606 -0.092362203 0.001639453 0.001527670 0.999997497 3.526236296
0.999998212 0.000853016 -0.001685768 0.107525274 -0.000856605 0.999997318 -0.002129418 -0.093207054 0.001683947 0.002130858 0.999996245 3.768332958
0.999998391 0.000917845 -0.001537682 0.108850718 -0.000921487 0.999996722 -0.002369218 -0.098379962 0.001535503 0.002370632 0.999996006 4.040874004
0.999998093 0.000927303 -0.001735922 0.117215224 -0.000930052 0.999998331 -0.001583356 -0.111197330 0.001734451 0.001584967 0.999997199 4.282668114
0.999998331 0.000964503 -0.001535765 0.119173594 -0.000967553 0.999997556 -0.001986906 -0.115352355 0.001533845 0.001988389 0.999996781 4.540950298
0.999997616 0.001602859 -0.001492186 0.126756787 -0.001606072 0.999996364 -0.002154196 -0.114865161 0.001488728 0.002156587 0.999996543 4.793112755
0.999997497 0.001392174 -0.001729665 0.132134274 -0.001395426 0.999997258 -0.001880439 -0.122966155 0.001727042 0.001882848 0.999996722 5.055055618
0.999997795 0.001378676 -0.001576667 0.135290578 -0.001382366 0.999996305 -0.002341832 -0.129496574 0.001573432 0.002344006 0.999995947 5.315728188
0.999997497 0.001864474 -0.001228677 0.138509467 -0.001867503 0.999995232 -0.002468774 -0.136496902 0.001224069 0.002471062 0.999996126 5.583922386
0.999998689 0.001197199 -0.001086550 0.142195374 -0.001199181 0.999997616 -0.001825704 -0.152342707 0.001084362 0.001827005 0.999997735 5.846395016
0.999998748 0.000837798 -0.001321610 0.149832487 -0.000839897 0.999998391 -0.001587989 -0.164059788 0.001320278 0.001589097 0.999997854 6.122611523
0.999998510 0.001252067 -0.001141739 0.156341150 -0.001254089 0.999997675 -0.001772013 -0.170743778 0.001139518 0.001773442 0.999997795 6.406233311
0.999998748 0.001382115 -0.000762017 0.159275830 -0.001383208 0.999998033 -0.001436249 -0.184376031 0.000760030 0.001437301 0.999998689 6.685212135
0.999998331 0.001585394 -0.000923977 0.161874369 -0.001587154 0.999996901 -0.001907649 -0.189311802 0.000920950 0.001909113 0.999997735 6.989276409
0.999998629 0.001320938 -0.001063307 0.170079038 -0.001323057 0.999997079 -0.001994677 -0.198170945 0.001060670 0.001996081 0.999997437 7.285196304
0.999998629 0.001296611 -0.001108535 0.180290565 -0.001298895 0.999997079 -0.002061924 -0.209627524 0.001105858 0.002063361 0.999997258 7.596867561
0.999998391 0.001445685 -0.001128671 0.191925317 -0.001446986 0.999998331 -0.001152080 -0.230809525 0.001127003 0.001153711 0.999998748 7.889761925
0.999998391 0.001659807 -0.000654360 0.190268919 -0.001660577 0.999997914 -0.001178084 -0.240661740 0.000652403 0.001179168 0.999999106 8.226623535
0.999998271 0.001846913 -0.000317811 0.196855396 -0.001847291 0.999997616 -0.001190401 -0.255928367 0.000315611 0.001190986 0.999999285 8.541669846
0.999999344 0.001117251 -0.000324277 0.208969459 -0.001117565 0.999998927 -0.000970851 -0.265482962 0.000323192 0.000971213 0.999999523 8.878946304
0.999999106 0.001280269 -0.000277229 0.211842820 -0.001280528 0.999998808 -0.000939774 -0.276181370 0.000276026 0.000940128 0.999999523 9.216018677
0.999998927 0.001405262 -0.000011398 0.214086518 -0.001405272 0.999998569 -0.000934127 -0.282118648 0.000010085 0.000934142 0.999999583 9.564401627
0.999999225 0.001191538 -0.000266177 0.221871436 -0.001191715 0.999999046 -0.000666496 -0.308029592 0.000265383 0.000666813 0.999999702 9.923607826
0.999998808 0.001525723 -0.000142215 0.228822812 -0.001525809 0.999998629 -0.000610696 -0.319019109 0.000141283 0.000610912 0.999999821 10.283618927
0.999999046 0.001224399 -0.000442363 0.243662626 -0.001224376 0.999999225 0.000051523 -0.336964160 0.000442425 -0.000050981 0.999999881 10.625117302
0.999999821 0.000648062 -0.000132167 0.245227203 -0.000648118 0.999999762 -0.000429388 -0.340145141 0.000131889 0.000429474 0.999999940 11.003100395
0.999999762 0.000579440 0.000236519 0.233629674 -0.000579247 0.999999464 -0.000814582 -0.350251347 -0.000236991 0.000814445 0.999999642 11.442069054
0.999999881 0.000545750 -0.000064467 0.251170427 -0.000545765 0.999999821 -0.000233612 -0.364919394 0.000064340 0.000233647 1.000000000 11.810022354
0.999999821 0.000494477 -0.000267022 0.256492585 -0.000494675 0.999999583 -0.000743415 -0.370456785 0.000266655 0.000743547 0.999999702 12.221998215
0.999999583 0.000880441 0.000117661 0.260884106 -0.000880401 0.999999583 -0.000333846 -0.388816535 -0.000117955 0.000333743 0.999999940 12.610219002
0.999999285 0.000996824 0.000553814 0.263617814 -0.000996666 0.999999464 -0.000285611 -0.398210555 -0.000554098 0.000285059 0.999999762 13.008488655
0.999999404 0.001009588 0.000309496 0.272516549 -0.001009394 0.999999285 -0.000624533 -0.405834347 -0.000310126 0.000624220 0.999999702 13.422721863
0.999999881 0.000365498 0.000361928 0.286035269 -0.000365451 0.999999940 -0.000131000 -0.420156389 -0.000361976 0.000130868 0.999999940 13.828166962
0.999998689 0.001351562 0.000887767 0.285773665 -0.001350864 0.999998808 -0.000786466 -0.424167871 -0.000888829 0.000785266 0.999999285 14.258404732
0.999998808 0.001128940 0.001031354 0.300375283 -0.001128275 0.999999166 -0.000645047 -0.439539194 -0.001032081 0.000643883 0.999999285 14.674488068
0.999998510 0.000919528 0.001420844 0.304993272 -0.000919092 0.999999464 -0.000307387 -0.454614311 -0.001421126 0.000306081 0.999998927 15.113974571
0.999998569 0.000788345 0.001505057 0.315310806 -0.000786731 0.999999106 -0.001072911 -0.458620429 -0.001505901 0.001071725 0.999998271 15.557831764
0.999997795 0.000877675 0.001898469 0.327894807 -0.000875635 0.999999046 -0.001075246 -0.474315614 -0.001899412 0.001073581 0.999997616 15.997563362
0.999997556 0.000868792 0.002023530 0.336982518 -0.000866912 0.999999166 -0.000930223 -0.486688107 -0.002024336 0.000928466 0.999997497 16.446157455
0.999995947 0.001157792 0.002571097 0.341657341 -0.001155457 0.999998927 -0.000909586 -0.499136001 -0.002572148 0.000906612 0.999996305 16.902391434
0.999995708 0.000852088 0.002798275 0.354610920 -0.000850041 0.999999344 -0.000732592 -0.514796436 -0.002798898 0.000730210 0.999995828 17.358776093
0.999994278 0.001186015 0.003165274 0.359082013 -0.001184232 0.999999106 -0.000565072 -0.525923729 -0.003165942 0.000561321 0.999994814 17.829881668
0.999993026 0.001021600 0.003602216 0.368998349 -0.001017625 0.999998868 -0.001105221 -0.536017478 -0.003603341 0.001101547 0.999992967 18.291912079
0.999992847 0.001167795 0.003601734 0.386672735 -0.001165000 0.999999046 -0.000778123 -0.550795853 -0.003602640 0.000773921 0.999993205 18.770769119
0.999991119 0.001800611 0.003817379 0.397478759 -0.001796408 0.999997854 -0.001104404 -0.562503517 -0.003819359 0.001097537 0.999992132 19.243856430
0.999989331 0.001416866 0.004415632 0.406099081 -0.001410627 0.999998033 -0.001415744 -0.570478141 -0.004417630 0.001409500 0.999989212 19.738039017
0.999989390 0.001098452 0.004473549 0.407204032 -0.001093558 0.999998808 -0.001096246 -0.587331295 -0.004474747 0.001091342 0.999989331 20.235189438
0.999990761 0.001569496 0.003999660 0.422415018 -0.001565761 0.999998331 -0.000936864 -0.603251755 -0.004001124 0.000930593 0.999991477 20.728128433
0.999991238 0.001874468 0.003753064 0.432879508 -0.001868094 0.999996841 -0.001700952 -0.603326678 -0.003756240 0.001693926 0.999991477 21.241016388
0.999993145 0.001533281 0.003365998 0.445430130 -0.001530302 0.999998450 -0.000887595 -0.628461063 -0.003367354 0.000882438 0.999993920 21.753244400
0.999992013 0.002059971 0.003439522 0.451280147 -0.002057303 0.999997616 -0.000779425 -0.647369862 -0.003441119 0.000772343 0.999993742 22.260002136
0.999991655 0.003182381 0.002547265 0.468293905 -0.003181702 0.999994934 -0.000270779 -0.664494932 -0.002548113 0.000262672 0.999996722 22.764276505
0.999993861 0.002687809 0.002259724 0.474086672 -0.002685562 0.999996006 -0.000996849 -0.674823761 -0.002262395 0.000990774 0.999996901 23.314460754
0.999996185 0.002240818 0.001606933 0.490555793 -0.002239568 0.999997258 -0.000779090 -0.696268618 -0.001608675 0.000775488 0.999998391 23.828754425
0.999997795 0.001688272 0.001195637 0.494465590 -0.001686157 0.999996960 -0.001768203 -0.705592334 -0.001198618 0.001766183 0.999997735 24.387458801
0.999997139 0.002063543 0.001157814 0.498966455 -0.002061917 0.999996841 -0.001403424 -0.717676938 -0.001160706 0.001401032 0.999998391 24.930339813
0.999995470 0.003011787 -0.000088602 0.517851114 -0.003011906 0.999994636 -0.001385343 -0.738666296 0.000084429 0.001385604 0.999998987 25.472814560
0.999994576 0.003313488 -0.000255820 0.523457527 -0.003313785 0.999993861 -0.001168834 -0.753015399 0.000251946 0.001169676 0.999999285 26.026361465
0.999996424 0.002548751 -0.000832672 0.529663026 -0.002550034 0.999995530 -0.001543838 -0.764331639 0.000828733 0.001545956 0.999998450 26.587703705
0.999994338 0.002960856 -0.001629215 0.540802598 -0.002963220 0.999994457 -0.001450531 -0.780408859 0.001624911 0.001455351 0.999997616 27.133531570
0.999995947 0.002504258 -0.001368931 0.543881953 -0.002506388 0.999995649 -0.001556739 -0.797987223 0.001365026 0.001560164 0.999997854 27.694650650
0.999994874 0.002793340 -0.001556487 0.549995363 -0.002794685 0.999995708 -0.000862195 -0.818269908 0.001554072 0.000866541 0.999998391 28.248870850
0.999993861 0.003189272 -0.001449969 0.553706348 -0.003190428 0.999994576 -0.000795276 -0.829512239 0.001447425 0.000799897 0.999998629 28.794250488
0.999993145 0.003216001 -0.001824646 0.563749790 -0.003218218 0.999994099 -0.001213114 -0.841244280 0.001820734 0.001218978 0.999997556 29.334751129
0.999991417 0.003226974 -0.002592283 0.579765439 -0.003228223 0.999994695 -0.000478039 -0.871484458 0.002590727 0.000486403 0.999996483 29.911365509
0.999990880 0.003130538 -0.002906821 0.585732341 -0.003131606 0.999995053 -0.000362773 -0.884312153 0.002905671 0.000371872 0.999995708 30.463855743
0.999989331 0.003306153 -0.003226787 0.597220361 -0.003308012 0.999994338 -0.000570965 -0.900263786 0.003224881 0.000581633 0.999994636 31.027170181
0.999989569 0.003175012 -0.003312351 0.605623364 -0.003176491 0.999994874 -0.000441206 -0.916550398 0.003310934 0.000451723 0.999994338 31.585409164
0.999988258 0.003290514 -0.003544987 0.613507867 -0.003292257 0.999994457 -0.000486029 -0.930582643 0.003543368 0.000497694 0.999993622 32.142974854
0.999988139 0.003095881 -0.003742849 0.620317817 -0.003098309 0.999994993 -0.000642967 -0.944341719 0.003740839 0.000654556 0.999992788 32.706115723
0.999987662 0.003467522 -0.003569265 0.624469161 -0.003469917 0.999993801 -0.000665038 -0.958355427 0.003566937 0.000677415 0.999993443 33.254844666
0.999986053 0.003541816 -0.003918211 0.634649336 -0.003544173 0.999993563 -0.000594881 -0.977048159 0.003916079 0.000608760 0.999992132 33.805877686
0.999986351 0.003724613 -0.003656550 0.636366546 -0.003727413 0.999992788 -0.000759316 -0.988040507 0.003653696 0.000772936 0.999993026 34.376899719
0.999988735 0.003345754 -0.003355754 0.639875650 -0.003348514 0.999994040 -0.000817158 -1.003837943 0.003353000 0.000828385 0.999994099 34.920391083
0.999985397 0.003610484 -0.004017088 0.653681874 -0.003613909 0.999993086 -0.000845718 -1.019832373 0.004014007 0.000860223 0.999991596 35.477684021
0.999982893 0.003459763 -0.004715841 0.660625756 -0.003465009 0.999993324 -0.001104444 -1.033181548 0.004711988 0.001120766 0.999988258 36.023475647
0.999983728 0.003684456 -0.004367448 0.661962390 -0.003688052 0.999992847 -0.000815548 -1.048168540 0.004364413 0.000831642 0.999990165 36.579544067
0.999984205 0.003836919 -0.004088671 0.673920512 -0.003840194 0.999992311 -0.000793613 -1.069925427 0.004085594 0.000809302 0.999991298 37.138786316
0.999981463 0.004609642 -0.003953625 0.680432796 -0.004613303 0.999988973 -0.000917285 -1.083645105 0.003949352 0.000935508 0.999991775 37.681491852
0.999983907 0.003985592 -0.004038270 0.681194365 -0.003990431 0.999991357 -0.001190795 -1.096171618 0.004033489 0.001206890 0.999991119 38.259284973
0.999985337 0.003719407 -0.003950234 0.688305616 -0.003724949 0.999992132 -0.001396346 -1.109499097 0.003945010 0.001411039 0.999991238 38.809860229
0.999983490 0.004204966 -0.003916836 0.695779681 -0.004209328 0.999990523 -0.001106007 -1.126542211 0.003912148 0.001122476 0.999991715 39.360645294
0.999981582 0.004069068 -0.004503844 0.709743798 -0.004074989 0.999990821 -0.001306150 -1.140666246 0.004498488 0.001324479 0.999989033 39.916835785
0.999981761 0.004184890 -0.004364140 0.721240580 -0.004191309 0.999990106 -0.001462834 -1.155487776 0.004357975 0.001481099 0.999989450 40.465301514
0.999982119 0.004087445 -0.004375475 0.733296156 -0.004091121 0.999991238 -0.000831549 -1.177791715 0.004372038 0.000849435 0.999990106 41.012184143
0.999980271 0.003921056 -0.004896159 0.743271053 -0.003925412 0.999991894 -0.000880515 -1.195046425 0.004892666 0.000899717 0.999987543 41.588710785
0.999976218 0.004782496 -0.004971684 0.754452288 -0.004786684 0.999988198 -0.000830852 -1.207580805 0.004967652 0.000854630 0.999987304 42.140350342
0.999976158 0.004607828 -0.005142733 0.772988439 -0.004610466 0.999989271 -0.000501150 -1.232581139 0.005140369 0.000524849 0.999986529 42.683200836
0.999975562 0.004698220 -0.005181673 0.767430544 -0.004703063 0.999988437 -0.000922731 -1.237985969 0.005177278 0.000947078 0.999986172 43.258808136
0.999975085 0.004731411 -0.005237328 0.777502537 -0.004735568 0.999988437 -0.000781552 -1.254595876 0.005233570 0.000806334 0.999985993 43.798812866
0.999972224 0.005010818 -0.005514420 0.789542794 -0.005017539 0.999986708 -0.001205591 -1.268039942 0.005508306 0.001233226 0.999984145 44.347309113
0.999975860 0.004269126 -0.005477565 0.790381014 -0.004273710 0.999990523 -0.000825344 -1.289952517 0.005473990 0.000848734 0.999984682 44.912639618
0.999973178 0.004884359 -0.005465316 0.799967349 -0.004891075 0.999987304 -0.001215914 -1.299980760 0.005459309 0.001242612 0.999984384 45.464939117
0.999974012 0.005355174 -0.004812305 0.805521727 -0.005362233 0.999984503 -0.001455107 -1.307536364 0.004804438 0.001480874 0.999987364 46.010162354
0.999975681 0.004341537 -0.005456712 0.815832257 -0.004344652 0.999990404 -0.000559103 -1.342018127 0.005454232 0.000582797 0.999984980 46.581470490
0.999975681 0.003989056 -0.005720844 0.830215454 -0.003992957 0.999991834 -0.000670670 -1.361881495 0.005718122 0.000693497 0.999983430 47.118556976
0.999976814 0.004567223 -0.005058883 0.827174842 -0.004572610 0.999988973 -0.001053852 -1.368776798 0.005054014 0.001076960 0.999986649 47.651664734
0.999976575 0.003879418 -0.005636805 0.828992546 -0.003884067 0.999992132 -0.000814087 -1.383804917 0.005633602 0.000835962 0.999983788 48.226264954
0.999972999 0.004659081 -0.005694126 0.833262205 -0.004664697 0.999988616 -0.000973455 -1.395916581 0.005689526 0.000999990 0.999983311 48.781429291
0.999974906 0.003544176 -0.006130944 0.854347944 -0.003549183 0.999993384 -0.000805936 -1.413053989 0.006128046 0.000827676 0.999980807 49.322895050
0.999974966 0.003622488 -0.006078211 0.855169475 -0.003627237 0.999993086 -0.000770633 -1.433119535 0.006075377 0.000792660 0.999981225 49.876789093
0.999974787 0.003613283 -0.006111754 0.867275119 -0.003622042 0.999992430 -0.001422713 -1.441609740 0.006106567 0.001444815 0.999980271 50.433940887
0.999970257 0.003772059 -0.006734371 0.881431341 -0.003780017 0.999992192 -0.001169445 -1.461796403 0.006729907 0.001194867 0.999976635 50.973625183
0.999972761 0.003497138 -0.006498720 0.887267351 -0.003504971 0.999993145 -0.001194353 -1.479069591 0.006494499 0.001217098 0.999978185 51.528163910
0.999970794 0.004098623 -0.006443356 0.897405624 -0.004100180 0.999991536 -0.000228637 -1.501314402 0.006442365 0.000255049 0.999979258 52.079139709
0.999970496 0.003739142 -0.006705375 0.909928560 -0.003743017 0.999992788 -0.000565520 -1.518178463 0.006703213 0.000590601 0.999977350 52.621192932
0.999969721 0.003076794 -0.007145148 0.923841834 -0.003086312 0.999994338 -0.001321373 -1.528354049 0.007141043 0.001343385 0.999973536 53.176288605
0.999970734 0.002985205 -0.007038262 0.929179788 -0.002995529 0.999994457 -0.001456868 -1.542531371 0.007033873 0.001477909 0.999974191 53.715641022
0.999968827 0.002814820 -0.007373902 0.938305974 -0.002824103 0.999995172 -0.001248925 -1.558441162 0.007370353 0.001269711 0.999972045 54.270858765
0.999969959 0.003303723 -0.007011687 0.948408484 -0.003313461 0.999993563 -0.001377722 -1.574359655 0.007007090 0.001400913 0.999974489 54.818080902
0.999970138 0.003066665 -0.007090485 0.948369265 -0.003076272 0.999994338 -0.001344451 -1.589030266 0.007086322 0.001366223 0.999973953 55.360569000
0.999971390 0.003119868 -0.006890625 0.947682083 -0.003131091 0.999993742 -0.001618435 -1.603939772 0.006885533 0.001639963 0.999974966 55.914379120
0.999969304 0.002913562 -0.007277182 0.963438869 -0.002923881 0.999994755 -0.001407921 -1.619841456 0.007273041 0.001429155 0.999972522 56.453098297
0.999967396 0.002897199 -0.007534035 0.968436003 -0.002909386 0.999994397 -0.001607145 -1.632477522 0.007529336 0.001629012 0.999970317 57.006275177
0.999968410 0.002922267 -0.007390305 0.988258839 -0.002930548 0.999995053 -0.001109921 -1.656994462 0.007387026 0.001131544 0.999972105 57.536441803
0.999967754 0.003050016 -0.007432444 0.989387155 -0.003060512 0.999994278 -0.001401200 -1.667818069 0.007428128 0.001423902 0.999971390 58.103126526
0.999954879 0.002515763 -0.009162861 1.002944708 -0.002527635 0.999996006 -0.001284281 -1.688707352 0.009159593 0.001307383 0.999957204 58.652614594
0.999968410 0.002520490 -0.007538102 1.009125233 -0.002531977 0.999995649 -0.001514678 -1.701173186 0.007534252 0.001533716 0.999970436 59.187294006
0.999968350 0.002767660 -0.007454860 1.008746862 -0.002784099 0.999993742 -0.002195711 -1.705514669 0.007448737 0.002216397 0.999969780 59.731674194
0.999965966 0.002439836 -0.007890431 1.022642255 -0.002462816 0.999992728 -0.002903985 -1.720349789 0.007883288 0.002923319 0.999964654 60.273792267
0.999964118 0.002556575 -0.008088665 1.034821749 -0.002573978 0.999994397 -0.002141806 -1.742848635 0.008083143 0.002162548 0.999965012 60.819736481
0.999965072 0.002981936 -0.007805532 1.029853821 -0.002997058 0.999993622 -0.001926431 -1.757947922 0.007799738 0.001949757 0.999967635 61.356971741
0.999963880 0.003488339 -0.007751290 1.040742517 -0.003501850 0.999992371 -0.001730185 -1.781015873 0.007745196 0.001757266 0.999968410 61.903274536
0.999962509 0.003394793 -0.007961044 1.046036482 -0.003408741 0.999992669 -0.001739183 -1.792172551 0.007955082 0.001766255 0.999966800 62.461612701
0.999959707 0.003279026 -0.008357813 1.057935357 -0.003299366 0.999991655 -0.002420964 -1.801476240 0.008349804 0.002448442 0.999962211 62.993293762
0.999958754 0.003619538 -0.008327167 1.062592149 -0.003637919 0.999991000 -0.002193151 -1.821000814 0.008319153 0.002223354 0.999962926 63.514476776
0.999961019 0.003431967 -0.008127440 1.064090133 -0.003448276 0.999992132 -0.001993558 -1.832180500 0.008120532 0.002021506 0.999965012 64.067131042
0.999954224 0.003762269 -0.008796481 1.071310759 -0.003778771 0.999991119 -0.001860087 -1.855154514 0.008789405 0.001893241 0.999959588 64.611030579
0.999955475 0.003989093 -0.008556890 1.077700973 -0.004006430 0.999990046 -0.002009883 -1.871525288 0.008548785 0.002044076 0.999961376 65.147987366
0.999953568 0.003696290 -0.008900622 1.093489408 -0.003714201 0.999991059 -0.001996515 -1.885837317 0.008893163 0.002029481 0.999958396 65.676818848
0.999951482 0.003092883 -0.009350797 1.105269194 -0.003115425 0.999992311 -0.002397150 -1.899388552 0.009343310 0.002426166 0.999953389 66.232513428
0.999954224 0.003344531 -0.008970864 1.113118887 -0.003362898 0.999992251 -0.002033079 -1.917811990 0.008963995 0.002063154 0.999957681 66.770484924
0.999954462 0.002757170 -0.009138160 1.113593817 -0.002778921 0.999993324 -0.002368334 -1.930606246 0.009131569 0.002393620 0.999955416 67.302856445
0.999952018 0.003601647 -0.009123172 1.118003964 -0.003617225 0.999991953 -0.001691564 -1.958513260 0.009117009 0.001724483 0.999956906 67.837165833
0.999949276 0.003548790 -0.009427682 1.123677254 -0.003566284 0.999991894 -0.001839331 -1.972127795 0.009421079 0.001872860 0.999953866 68.381584167
0.999947369 0.004125015 -0.009400525 1.129860401 -0.004140997 0.999989927 -0.001681205 -1.993872881 0.009393497 0.001720044 0.999954402 68.929748535
0.999951124 0.003674052 -0.009176408 1.133793116 -0.003691541 0.999991417 -0.001889611 -2.004395962 0.009169386 0.001923394 0.999956131 69.463783264
0.999951363 0.003538662 -0.009204082 1.138325453 -0.003559983 0.999991000 -0.002301136 -2.011698961 0.009195858 0.002333790 0.999955058 70.021095276
0.999950647 0.003728198 -0.009211380 1.147624731 -0.003745297 0.999991357 -0.001839635 -2.035548925 0.009204440 0.001874044 0.999955893 70.560325623
0.999957383 0.003591890 -0.008505037 1.136523724 -0.003607507 0.999991834 -0.001821650 -2.054791212 0.008498425 0.001852254 0.999962151 71.091819763
0.999952435 0.004023318 -0.008881626 1.146564722 -0.004041228 0.999989867 -0.001999619 -2.068954706 0.008873491 0.002035417 0.999958575 71.637779236
0.999956310 0.003936730 -0.008478487 1.146795154 -0.003953251 0.999990284 -0.001932710 -2.087033272 0.008470795 0.001966144 0.999962151 72.189727783
0.999950469 0.003782851 -0.009204679 1.163286924 -0.003798196 0.999991417 -0.001650144 -2.104692221 0.009198358 0.001685023 0.999956250 72.711555481
0.999944568 0.003796131 -0.009816602 1.173353672 -0.003814409 0.999991059 -0.001843855 -2.123103619 0.009809513 0.001881198 0.999950051 73.257469177
0.999950230 0.003691896 -0.009266446 1.174253225 -0.003709343 0.999991357 -0.001866388 -2.139933109 0.009259478 0.001900668 0.999955297 73.803077698
0.999951124 0.003958225 -0.009064378 1.174298286 -0.003974623 0.999990404 -0.001791867 -2.153341770 0.009057201 0.001827807 0.999957323 74.350311279
0.999950469 0.003490990 -0.009311447 1.182842135 -0.003506045 0.999992549 -0.001600970 -2.175762892 0.009305788 0.001633538 0.999955356 74.878166199
0.999946237 0.003372479 -0.009806305 1.195960522 -0.003385107 0.999993443 -0.001271464 -2.192770958 0.009801951 0.001304591 0.999951124 75.413261414
0.999945641 0.002775017 -0.010054540 1.201447845 -0.002787638 0.999995410 -0.001241368 -2.207766056 0.010051048 0.001269329 0.999948680 75.954383850
0.999946952 0.003091508 -0.009827171 1.208583593 -0.003106585 0.999994040 -0.001519389 -2.226407051 0.009822415 0.001549838 0.999950469 76.499229431
0.999940753 0.004174829 -0.010064982 1.213038445 -0.004186124 0.999990642 -0.001101382 -2.245030642 0.010060289 0.001143450 0.999948621 77.046516418
0.999949932 0.003189059 -0.009476234 1.215126276 -0.003205490 0.999993324 -0.001719302 -2.258574724 0.009470687 0.001749592 0.999953568 77.603958130
0.999949276 0.003010651 -0.009605424 1.220909238 -0.003025309 0.999994278 -0.001511860 -2.274229050 0.009600819 0.001540843 0.999952674 78.152488708
0.999939740 0.002658307 -0.010650260 1.245085955 -0.002670387 0.999995828 -0.001120212 -2.299030781 0.010647236 0.001148585 0.999942601 78.690071106
0.999946117 0.003730078 -0.009686993 1.234540939 -0.003743770 0.999992013 -0.001395740 -2.308659792 0.009681708 0.001431931 0.999952018 79.234596252
0.999947906 0.003362804 -0.009637478 1.246024609 -0.003377177 0.999993205 -0.001475441 -2.325100899 0.009632451 0.001507911 0.999952376 79.781890869
0.999944925 0.003454746 -0.009908593 1.244911909 -0.003471730 0.999992549 -0.001697384 -2.337480545 0.009902655 0.001731690 0.999949396 80.335693359
0.999945283 0.003616229 -0.009813182 1.252694368 -0.003633243 0.999991894 -0.001716553 -2.352832317 0.009806894 0.001752113 0.999950349 80.860412598
0.999951780 0.003695249 -0.009100292 1.261305571 -0.003709716 0.999991894 -0.001573357 -2.368509293 0.009094405 0.001607040 0.999957323 81.415138245
0.999960363 0.003683041 -0.008105152 1.271891594 -0.003698763 0.999991298 -0.001925671 -2.382656097 0.008097990 0.001955574 0.999965250 81.958877563
0.999970257 0.003969702 -0.006602955 1.276970387 -0.003980841 0.999990702 -0.001674745 -2.399849892 0.006596243 0.001700981 0.999976814 82.496368408
0.999977887 0.004063828 -0.005263303 1.284222722 -0.004072440 0.999990404 -0.001626677 -2.416543961 0.005256640 0.001648076 0.999984801 83.042999268
0.999988556 0.004023126 -0.002588603 1.299524426 -0.004028253 0.999989986 -0.001977712 -2.428452253 0.002580621 0.001988117 0.999994695 83.600006104
0.999992371 0.003598338 0.001508119 1.310380816 -0.003595581 0.999991894 -0.001826298 -2.447478294 -0.001514679 0.001820862 0.999997139 84.142913818
0.999978125 0.004547697 0.004787179 1.322687507 -0.004540020 0.999988377 -0.001613252 -2.465807676 -0.004794459 0.001591482 0.999987245 84.670852661
0.999947071 0.003817852 0.009560425 1.347919106 -0.003801233 0.999991238 -0.001755860 -2.484557152 -0.009567045 0.001719426 0.999952793 85.226570129
0.999875069 0.004116656 0.015255775 1.375298619 -0.004090740 0.999990165 -0.001729528 -2.500048161 -0.015262745 0.001666905 0.999882042 85.769111633
0.999783337 0.003981106 0.020428415 1.408376694 -0.003959110 0.999991536 -0.001117050 -2.523400784 -0.020432694 0.001035930 0.999790609 86.311378479
0.999661505 0.003769971 0.025739240 1.442103505 -0.003741773 0.999992311 -0.001143599 -2.538702250 -0.025743354 0.001046902 0.999668002 86.847312927
0.999392331 0.003460500 0.034684766 1.463294506 -0.003394223 0.999992311 -0.001969562 -2.544336796 -0.034691315 0.001850637 0.999396324 87.429450989
0.999059796 0.003354891 0.043223247 1.502556801 -0.003262497 0.999992251 -0.002207962 -2.558343649 -0.043230310 0.002064870 0.999062955 87.984756470
0.998755097 0.003063186 0.049787279 1.545109034 -0.002978448 0.999994099 -0.001776085 -2.578442574 -0.049792416 0.001625585 0.998758256 88.530464172
0.998253167 0.002908262 0.059008449 1.601016998 -0.002802376 0.999994338 -0.001877083 -2.594616890 -0.059013572 0.001708441 0.998255730 89.070304871
0.997630179 0.002848919 0.068745054 1.660313606 -0.002706183 0.999993920 -0.002169355 -2.607571840 -0.068750806 0.001978177 0.997631907 89.612510681
0.997016609 0.001949924 0.077162594 1.716808319 -0.001762569 0.999995291 -0.002496087 -2.615496159 -0.077167094 0.002352636 0.997015417 90.170242310
0.996361077 0.002451947 0.085197590 1.788780212 -0.002231367 0.999993861 -0.002684176 -2.634346724 -0.085203670 0.002484302 0.996360481 90.736221313
0.995410204 0.002371297 0.095670745 1.866243362 -0.002114081 0.999993861 -0.002789828 -2.646994352 -0.095676765 0.002574768 0.995409131 91.280296326
0.994273245 0.002985812 0.106825933 1.937397003 -0.002740433 0.999993265 -0.002443715 -2.667694569 -0.106832527 0.002136971 0.994274735 91.834121704
0.993287504 0.002021819 0.115653858 2.023136139 -0.001771992 0.999995887 -0.002262903 -2.690795422 -0.115657941 0.002042775 0.993287027 92.386207581
0.991929591 0.002733903 0.126760885 2.106289864 -0.002517025 0.999995112 -0.001871065 -2.705763578 -0.126765370 0.001536904 0.991931558 92.917427063
0.990286052 0.001396350 0.139038086 2.206969261 -0.001080656 0.999996662 -0.002346019 -2.719430685 -0.139040902 0.002172978 0.990284264 93.505462646
0.988702774 0.001383854 0.149882838 2.307160378 -0.001079873 0.999997258 -0.002109487 -2.737589359 -0.149885327 0.001923801 0.988701522 94.057205200
0.987110853 0.000859852 0.160035849 2.420993805 -0.000513328 0.999997437 -0.002206619 -2.752874136 -0.160037324 0.002096027 0.987108648 94.603996277
0.984909713 0.000934644 0.173067093 2.535428047 -0.000577474 0.999997616 -0.002114105 -2.768982172 -0.173068643 0.001982260 0.984907746 95.131515503
0.982670903 0.000466786 0.185358360 2.662718773 -0.000060297 0.999997556 -0.002198624 -2.786585093 -0.185358912 0.002149347 0.982668519 95.692916870
0.980677664 0.000125771 0.195630699 2.788504601 0.000352792 0.999996960 -0.002411409 -2.801158428 -0.195630416 0.002433832 0.980674684 96.223098755
0.978017747 0.001030127 0.208518788 2.928457260 -0.000601318 0.999997497 -0.002119832 -2.824763298 -0.208520457 0.001947847 0.978016019 96.767280579
0.974965692 0.000343247 0.222355053 3.054361343 0.000082682 0.999998093 -0.001906225 -2.832861900 -0.222355321 0.001876889 0.974963844 97.313598633
0.972419083 0.000057512 0.233240411 3.202524185 0.000446905 0.999997675 -0.002109800 -2.850428104 -0.233240008 0.002155847 0.972416818 97.847679138
0.969366908 -0.000203353 0.245617092 3.348779678 0.000699630 0.999997854 -0.001933277 -2.862349749 -0.245616198 0.002045896 0.969364941 98.370887756
0.965682685 -0.000273401 0.259724617 3.521129608 0.000725019 0.999998391 -0.001643037 -2.886133671 -0.259723723 0.001774957 0.965681434 98.928627014
0.962296069 -0.000185418 0.272004128 3.689373016 0.000763969 0.999997675 -0.002021098 -2.895241976 -0.272003114 0.002152697 0.962293983 99.459419250
0.959004581 -0.000666016 0.283389539 3.864604950 0.001180190 0.999997914 -0.001643650 -2.913604259 -0.283387870 0.001910722 0.959003448 99.967361450
0.954827070 -0.001418698 0.297158450 4.063392639 0.001908921 0.999997258 -0.001359532 -2.936944723 -0.297155648 0.001865370 0.954827189 100.534942627
0.950636804 -0.002068218 0.310298741 4.262306213 0.002609021 0.999995708 -0.001327825 -2.951823235 -0.310294569 0.002071855 0.950638175 101.040664673
0.946699739 -0.002407381 0.322108448 4.455619812 0.002982899 0.999994695 -0.001293169 -2.964849234 -0.322103620 0.002185059 0.946701884 101.567207336
0.942032754 -0.002814907 0.335509151 4.665304184 0.003582561 0.999992192 -0.001669120 -2.976373672 -0.335501820 0.002774348 0.942035437 102.090591431
0.936929405 -0.002699419 0.349508047 4.880722046 0.003358831 0.999993503 -0.001280620 -2.995428562 -0.349502265 0.002373789 0.936932445 102.593223572
0.932292998 -0.003130100 0.361690402 5.102958679 0.003838487 0.999991894 -0.001240066 -3.014734030 -0.361683518 0.002544449 0.932297468 103.136138916
0.927653670 -0.003647485 0.373423815 5.333953857 0.004599399 0.999988079 -0.001658192 -3.026209354 -0.373413265 0.003255753 0.927659392 103.650886536
0.921930015 -0.004079388 0.387335300 5.565532684 0.004933906 0.999987006 -0.001211822 -3.047158718 -0.387325406 0.003028291 0.921938121 104.139793396
0.916413903 -0.005615236 0.400192648 5.807723999 0.006738852 0.999976218 -0.001400512 -3.055412054 -0.400175303 0.003980287 0.916429996 104.632934570
0.911487639 -0.004966139 0.411297649 6.049571991 0.005978614 0.999981403 -0.001175272 -3.074847937 -0.411284089 0.003530236 0.911500335 105.116516113
0.905096769 -0.005239947 0.425173402 6.318897247 0.006112449 0.999981225 -0.000687976 -3.103193760 -0.425161690 0.003221535 0.905111670 105.648696899
0.898720145 -0.005382928 0.438489646 6.587982178 0.006124402 0.999981225 -0.000276626 -3.122695446 -0.438479871 0.002934097 0.898736238 106.129409790
0.892851532 -0.005926335 0.450312287 6.865165710 0.006829800 0.999976695 -0.000381512 -3.134414196 -0.450299472 0.003416176 0.892870963 106.636932373
0.887140155 -0.006358546 0.461456299 7.098983765 0.007108675 0.999974787 0.000112673 -3.147846699 -0.461445421 0.003180386 0.887162864 107.094963074
0.879924893 -0.006648941 0.475066245 7.407161713 0.007669589 0.999970496 -0.000210322 -3.171100616 -0.475050867 0.003828630 0.879949987 107.601402283
