1.000000000 0.000000000 0.000000000 0.000000000 0.000000000 1.000000000 0.000000000 0.000000000 0.000000000 0.000000000 1.000000000 0.000000000
1.000000000 0.000045796 0.000016563 0.000167952 -0.000045796 1.000000000 -0.000032969 0.000704477 -0.000016565 0.000032968 1.000000000 0.000403641
1.000000000 0.000047326 0.000032646 -0.000063858 -0.000047328 1.000000000 0.000043150 -0.000004998 -0.000032644 -0.000043152 1.000000000 0.000132095
1.000000000 -0.000166123 0.000045127 0.000081256 0.000166124 1.000000000 -0.000013785 0.000557564 -0.000045125 0.000013792 1.000000000 0.000320935
1.000000000 -0.000075848 0.000039065 -0.000114819 0.000075846 1.000000000 0.000048748 -0.000211235 -0.000039069 -0.000048745 1.000000000 -0.000322910
1.000000000 0.000006545 0.000140941 -0.000725066 -0.000006545 1.000000000 -0.000003258 0.000624225 -0.000140941 0.000003257 1.000000000 0.000067838
1.000000000 -0.000154452 0.000061931 0.000240392 0.000154452 1.000000000 0.000001888 0.000156322 -0.000061931 -0.000001878 1.000000000 -0.000057987
1.000000000 -0.000019624 0.000065644 -0.000181574 0.000019617 1.000000000 0.000101827 -0.000545463 -0.000065646 -0.000101826 1.000000000 -0.000016994
1.000000000 -0.000083793 -0.000038443 -0.000081126 0.000083791 1.000000000 -0.000047413 -0.000386537 0.000038447 0.000047410 1.000000000 -0.000957015
1.000000000 -0.000144680 0.000040636 -0.000185455 0.000144676 1.000000000 0.000077359 -0.001578913 -0.000040647 -0.000077353 1.000000000 -0.001019663
1.000000000 0.000024638 0.000059372 -0.000845681 -0.000024643 1.000000000 0.000092833 -0.001317790 -0.000059370 -0.000092834 1.000000000 -0.000580675
1.000000000 -0.000059374 0.000076476 -0.001111456 0.000059369 1.000000000 0.000060428 -0.000421657 -0.000076480 -0.000060423 1.000000000 -0.001542939
1.000000000 0.000004664 -0.000017854 -0.000606690 -0.000004665 1.000000000 -0.000034346 -0.000266666 0.000017854 0.000034346 1.000000000 -0.001123643
1.000000000 -0.000018168 0.000054234 -0.001095312 0.000018168 1.000000000 -0.000005512 0.000995601 -0.000054234 0.000005513 1.000000000 0.000941633
1.000000000 0.000061261 0.000087405 -0.000636336 -0.000061253 1.000000000 -0.000085542 0.001475037 -0.000087411 0.000085536 1.000000000 0.000559906
1.000000000 -0.000082657 -0.000063157 0.000882306 0.000082652 1.000000000 -0.000073908 0.001574080 0.000063163 0.000073903 1.000000000 0.001444167
1.000000000 0.000025202 0.000085343 -0.000718617 -0.000025189 1.000000000 -0.000152982 0.002643836 -0.000085347 0.000152980 1.000000000 0.003115229
1.000000000 0.000119481 0.000094482 -0.001629555 -0.000119468 1.000000000 -0.000136230 0.001686070 -0.000094498 0.000136218 1.000000000 0.001638163
1.000000000 0.000100027 0.000127852 -0.001458714 -0.000100016 1.000000000 -0.000083406 0.002197770 -0.000127860 0.000083393 1.000000000 0.002720318
1.000000000 0.000052501 0.000122553 -0.001094848 -0.000052491 1.000000000 -0.000081349 0.001167203 -0.000122557 0.000081343 1.000000000 0.001517193
1.000000000 0.000051274 0.000117929 -0.001457198 -0.000051264 1.000000000 -0.000079085 0.001256076 -0.000117933 0.000079079 1.000000000 0.001788508
1.000000000 0.000152540 0.000072070 -0.001121028 -0.000152535 1.000000000 -0.000066763 0.001836366 -0.000072080 0.000066752 1.000000000 0.001242651
1.000000000 0.000072173 -0.000003707 -0.000302555 -0.000072173 1.000000000 -0.000088823 0.001891213 0.000003700 0.000088823 1.000000000 0.002782387
1.000000000 0.000001198 0.000016761 -0.000646734 -0.000001197 1.000000000 -0.000070003 0.002000968 -0.000016762 0.000070003 1.000000000 0.002694771
0.999999940 0.000274992 0.000011513 -0.000524119 -0.000274991 0.999999940 -0.000049899 0.002313951 -0.000011527 0.000049896 1.000000000 0.003559514
0.999999940 0.000282188 0.000087453 -0.001230646 -0.000282184 0.999999940 -0.000046448 0.001392534 -0.000087466 0.000046423 1.000000000 0.001812138
1.000000000 0.000092196 0.000156876 -0.001517545 -0.000092186 1.000000000 -0.000062700 0.002706801 -0.000156881 0.000062686 1.000000000 0.003549470
1.000000000 0.000169658 0.000170606 -0.001688498 -0.000169654 1.000000000 -0.000022835 0.001676955 -0.000170610 0.000022806 1.000000000 0.002595814
1.000000000 0.000093972 0.000060477 -0.001016503 -0.000093965 1.000000000 -0.000117740 0.002904103 -0.000060488 0.000117734 1.000000000 0.002920408
1.000000000 0.000083311 0.000123607 -0.001581959 -0.000083301 1.000000000 -0.000085812 0.001649610 -0.000123615 0.000085802 1.000000000 0.002428574
1.000000000 0.000070771 0.000164793 -0.001760421 -0.000070768 1.000000000 -0.000019743 0.001444766 -0.000164795 0.000019731 1.000000000 0.003050818
1.000000000 0.000092887 0.000147617 -0.000747563 -0.000092876 1.000000000 -0.000076968 0.002818502 -0.000147624 0.000076954 1.000000000 0.004282913
1.000000000 0.000149262 0.000060934 -0.000210148 -0.000149249 0.999999940 -0.000212424 0.003868252 -0.000060965 0.000212415 1.000000000 0.004497072
1.000000000 0.000123516 0.000153715 -0.001240940 -0.000123503 1.000000000 -0.000087002 0.001925532 -0.000153726 0.000086983 1.000000000 0.002842029
0.999999940 0.000199915 0.000173958 -0.002486670 -0.000199887 0.999999940 -0.000161632 0.002559023 -0.000173990 0.000161597 1.000000000 0.002960697
0.999999940 0.000169989 0.000184269 -0.001602400 -0.000169968 1.000000000 -0.000112875 0.001999965 -0.000184288 0.000112844 1.000000000 0.002857988
1.000000000 0.000131615 0.000098919 -0.001279699 -0.000131607 1.000000000 -0.000076999 0.002248589 -0.000098929 0.000076986 1.000000000 0.002519365
1.000000000 0.000179891 0.000114128 -0.001611764 -0.000179886 1.000000000 -0.000048850 0.002946427 -0.000114137 0.000048829 1.000000000 0.003757615
0.999999940 0.000244994 0.000182391 -0.001835515 -0.000244981 0.999999940 -0.000074702 0.002866390 -0.000182409 0.000074657 1.000000000 0.003196313
1.000000000 0.000188797 0.000091603 -0.000384899 -0.000188789 1.000000000 -0.000092748 0.003311276 -0.000091621 0.000092731 1.000000000 0.003836474
1.000000000 0.000067281 0.000103652 -0.000727973 -0.000067268 1.000000000 -0.000129746 0.002376056 -0.000103661 0.000129739 1.000000000 0.004631646
0.999999821 0.000442156 0.000158608 -0.000392331 -0.000442062 0.999999642 -0.000590126 -0.001434002 -0.000158869 0.000590056 0.999999821 0.053430539
0.999999881 0.000297634 0.000124107 0.002190945 -0.000297481 0.999999166 -0.001233818 -0.002168520 -0.000124475 0.001233780 0.999999225 0.143696025
0.999999404 0.001092510 0.000071591 -0.000982672 -0.001092431 0.999998808 -0.001090016 -0.010983110 -0.000072782 0.001089937 0.999999404 0.253045678
0.999999404 0.001043897 0.000067008 0.002551625 -0.001043825 0.999998868 -0.001065538 -0.014018483 -0.000068120 0.001065467 0.999999404 0.385507226
0.999999404 0.001072806 0.000035141 0.003770452 -0.001072777 0.999999106 -0.000799055 -0.017704198 -0.000035998 0.000799016 0.999999642 0.528063118
0.999999940 0.000221168 0.000109686 0.012864758 -0.000221167 1.000000000 -0.000008520 -0.029591057 -0.000109688 0.000008496 1.000000000 0.678973734
1.000000000 0.000008944 0.000110308 0.018340658 -0.000008966 1.000000000 0.000193725 -0.033096828 -0.000110306 -0.000193726 1.000000000 0.840308428
0.999999940 -0.000083153 0.000270939 0.016883003 0.000083100 1.000000000 0.000196961 -0.038496934 -0.000270956 -0.000196938 0.999999940 1.009710670
0.999999940 -0.000033702 0.000244975 0.021543264 0.000033635 1.000000000 0.000274233 -0.043449916 -0.000244984 -0.000274225 0.999999940 1.185255408
0.999999702 0.000586055 0.000296871 0.023843069 -0.000586203 0.999999702 0.000497501 -0.049758073 -0.000296579 -0.000497675 0.999999762 1.370529890
0.999999583 0.000762372 0.000054188 0.029003315 -0.000762394 0.999999583 0.000400335 -0.051992673 -0.000053883 -0.000400376 0.999999881 1.564317346
0.999999881 0.000287285 0.000299194 0.028653633 -0.000287487 0.999999702 0.000676840 -0.058160793 -0.000299000 -0.000676926 0.999999642 1.775143504
0.999999940 0.000165957 0.000297049 0.033377174 -0.000166272 0.999999404 0.001060060 -0.069902547 -0.000296872 -0.001060109 0.999999404 1.966505170
0.999999702 0.000724754 -0.000290360 0.045500934 -0.000724592 0.999999583 0.000557546 -0.069241628 0.000290764 -0.000557335 0.999999821 2.183604956
1.000000000 0.000108258 0.000203716 0.044788942 -0.000108464 0.999999464 0.001012595 -0.078400321 -0.000203607 -0.001012617 0.999999464 2.402372122
0.999999881 0.000343892 0.000389685 0.047455709 -0.000344205 0.999999702 0.000805147 -0.083747037 -0.000389408 -0.000805282 0.999999583 2.623076916
1.000000000 0.000057166 0.000208641 0.055916447 -0.000057354 0.999999583 0.000901242 -0.091208756 -0.000208590 -0.000901254 0.999999583 2.849716902
1.000000000 0.000061815 0.000196069 0.061706036 -0.000062013 0.999999464 0.001009786 -0.095075890 -0.000196007 -0.001009798 0.999999464 3.093754053
0.999999821 0.000570710 0.000296414 0.064119376 -0.000571077 0.999999046 0.001238889 -0.105367936 -0.000295707 -0.001239058 0.999999166 3.324735641
0.999999940 0.000242414 0.000288806 0.071063682 -0.000242775 0.999999166 0.001249193 -0.110773548 -0.000288503 -0.001249263 0.999999166 3.581546307
0.999999762 0.000496205 0.000445949 0.074065156 -0.000496741 0.999999166 0.001203158 -0.117150456 -0.000445352 -0.001203379 0.999999106 3.838572025
0.999999881 0.000368194 0.000243014 0.078220829 -0.000368483 0.999999225 0.001186694 -0.125639334 -0.000242577 -0.001186783 0.999999285 4.083433628
0.999999702 0.000734892 0.000199951 0.083816953 -0.000735137 0.999998987 0.001227955 -0.129604280 -0.000199049 -0.001228102 0.999999225 4.342068672
0.999999523 0.000771939 0.000574960 0.083910309 -0.000772783 0.999998629 0.001467568 -0.142735824 -0.000573826 -0.001468011 0.999998689 4.593035221
0.999999642 0.000570197 0.000542094 0.089305453 -0.000571051 0.999998569 0.001577558 -0.149715379 -0.000541194 -0.001577867 0.999998629 4.854058743
0.999999344 0.000941450 0.000547894 0.093847267 -0.000942416 0.999998033 0.001764393 -0.156609625 -0.000546232 -0.001764909 0.999998331 5.114436626
0.999999404 0.000834181 0.000712372 0.099349655 -0.000835342 0.999998271 0.001632167 -0.163756073 -0.000711009 -0.001632761 0.999998391 5.371256351
0.999999285 0.000787090 0.000886573 0.099128790 -0.000788373 0.999998569 0.001447637 -0.168912619 -0.000885433 -0.001448335 0.999998510 5.636362553
0.999999464 0.000573312 0.000758971 0.102050677 -0.000574682 0.999998212 0.001806873 -0.179848865 -0.000757934 -0.001807309 0.999998093 5.904855251
0.999999166 0.000841213 0.000982231 0.104279220 -0.000842537 0.999998748 0.001348590 -0.180544630 -0.000981095 -0.001349416 0.999998629 6.195446014
0.999999106 0.000899636 0.000996302 0.109682888 -0.000900889 0.999998808 0.001257877 -0.185516179 -0.000995169 -0.001258773 0.999998748 6.486525059
0.999998391 0.001350387 0.001186891 0.117997602 -0.001351941 0.999998152 0.001309359 -0.190418214 -0.001185121 -0.001310961 0.999998450 6.756402493
0.999998569 0.000964881 0.001467309 0.118742965 -0.000966779 0.999998689 0.001293545 -0.202657267 -0.001466059 -0.001294962 0.999998093 7.061773777
0.999998331 0.001359411 0.001181859 0.130422235 -0.001361607 0.999997318 0.001859869 -0.216920078 -0.001179327 -0.001861475 0.999997556 7.357267380
0.999998569 0.001183200 0.001197867 0.135525614 -0.001185099 0.999998033 0.001585724 -0.225873113 -0.001195989 -0.001587141 0.999997973 7.664085388
0.999998212 0.001257547 0.001419840 0.137902349 -0.001259541 0.999998331 0.001404409 -0.228727013 -0.001418071 -0.001406195 0.999997973 7.975687504
0.999996901 0.001836734 0.001725668 0.139518932 -0.001839715 0.999996841 0.001727628 -0.239492357 -0.001722490 -0.001730798 0.999997020 8.295390129
0.999997675 0.001540508 0.001497926 0.151621103 -0.001542706 0.999997735 0.001467247 -0.246677935 -0.001495662 -0.001469554 0.999997854 8.617704391
0.999998152 0.001429555 0.001360212 0.159237996 -0.001431391 0.999998093 0.001350125 -0.253602713 -0.001358279 -0.001352069 0.999998093 8.952754974
0.999998033 0.001679967 0.001099049 0.167738825 -0.001681548 0.999997616 0.001438647 -0.265669793 -0.001096629 -0.001440492 0.999998271 9.292391777
0.999997735 0.001598154 0.001423643 0.168277919 -0.001600494 0.999997318 0.001643703 -0.282643884 -0.001421012 -0.001645978 0.999997556 9.632758141
0.999997258 0.001803198 0.001504607 0.173458695 -0.001806012 0.999996603 0.001870915 -0.294442862 -0.001501229 -0.001873627 0.999997079 9.984232903
0.999996603 0.002179886 0.001420354 0.171695262 -0.002182724 0.999995708 0.002000063 -0.302408934 -0.001415988 -0.002003156 0.999997020 10.346240044
0.999996662 0.002153971 0.001398686 0.186320528 -0.002156590 0.999995947 0.001873843 -0.313135743 -0.001394644 -0.001876853 0.999997258 10.697828293
0.999997497 0.001893556 0.001092512 0.194930106 -0.001895386 0.999996722 0.001676288 -0.319226563 -0.001089334 -0.001678355 0.999997973 11.068951607
0.999997318 0.001962139 0.001251808 0.202728286 -0.001964411 0.999996424 0.001816732 -0.330240726 -0.001248239 -0.001819186 0.999997497 11.452553749
0.999996841 0.002129838 0.001345836 0.212202191 -0.002132128 0.999996305 0.001702961 -0.338090420 -0.001342204 -0.001705825 0.999997556 11.833498001
0.999996245 0.002179265 0.001666322 0.216118410 -0.002182644 0.999995530 0.002028232 -0.354106635 -0.001661895 -0.002031861 0.999996543 12.208878517
0.999996245 0.001943071 0.001963970 0.226790816 -0.001948302 0.999994576 0.002665532 -0.372491866 -0.001958780 -0.002669348 0.999994516 12.592878342
0.999996841 0.001984697 0.001529371 0.239172831 -0.001987734 0.999996066 0.001987052 -0.369559318 -0.001525421 -0.001990085 0.999996841 13.005658150
0.999996603 0.002093259 0.001568777 0.247283831 -0.002096541 0.999995530 0.002092841 -0.385867774 -0.001564390 -0.002096122 0.999996543 13.402094841
0.999994934 0.002340021 0.002164717 0.247908622 -0.002345522 0.999994040 0.002542179 -0.398247898 -0.002158755 -0.002547243 0.999994397 13.801896095
0.999994278 0.002586788 0.002187594 0.261589766 -0.002591972 0.999993861 0.002370522 -0.405423164 -0.002181448 -0.002376179 0.999994814 14.223883629
0.999993265 0.002949487 0.002149945 0.272825390 -0.002954586 0.999992847 0.002371994 -0.418712288 -0.002142933 -0.002378330 0.999994874 14.637261391
0.999994338 0.002468725 0.002297019 0.286322802 -0.002473091 0.999995112 0.001900173 -0.420125663 -0.002292317 -0.001905843 0.999995530 15.069121361
0.999989867 0.003307332 0.003027742 0.288201094 -0.003313554 0.999992430 0.002052347 -0.435689926 -0.003020930 -0.002062359 0.999993324 15.506623268
0.999989331 0.003101266 0.003422124 0.298840165 -0.003106828 0.999993920 0.001621183 -0.445321381 -0.003417075 -0.001631797 0.999992907 15.944185257
0.999987304 0.003348058 0.003762688 0.306529850 -0.003356176 0.999992073 0.002153467 -0.460121125 -0.003755448 -0.002166068 0.999990582 16.364400864
0.999985278 0.003793588 0.003894764 0.312118739 -0.003803337 0.999989688 0.002499003 -0.475706249 -0.003885243 -0.002513780 0.999989271 16.803791046
0.999980986 0.004062563 0.004641118 0.318211675 -0.004072748 0.999989450 0.002187201 -0.504549980 -0.004632184 -0.002206062 0.999986768 17.254013062
0.999981403 0.003725283 0.004837146 0.331559598 -0.003739305 0.999988854 0.002892787 -0.518847287 -0.004826315 -0.002910820 0.999984086 17.719860077
0.999984503 0.002900814 0.004751628 0.345756888 -0.002911054 0.999993443 0.002149595 -0.521699727 -0.004745361 -0.002163394 0.999986410 18.183652878
0.999985158 0.002503320 0.004835658 0.357190698 -0.002514045 0.999994397 0.002213093 -0.531982780 -0.004830092 -0.002225218 0.999985814 18.646154404
0.999982834 0.003243670 0.004875147 0.385435641 -0.003254008 0.999992490 0.002114122 -0.543103695 -0.004868254 -0.002129950 0.999985814 19.105894089
0.999979377 0.003697600 0.005243814 0.392148316 -0.003707401 0.999991417 0.001860539 -0.566186666 -0.005236888 -0.001879942 0.999984443 19.585775375
0.999978483 0.003965134 0.005220598 0.399390191 -0.003977283 0.999989450 0.002318833 -0.578868270 -0.005211347 -0.002339548 0.999983668 20.073907852
0.999980628 0.003661179 0.005020465 0.412809461 -0.003673495 0.999990284 0.002446197 -0.595490158 -0.005011461 -0.002464592 0.999984384 20.528245926
0.999985397 0.003590332 0.004020749 0.425437242 -0.003598639 0.999991357 0.002060683 -0.603897393 -0.004013315 -0.002075123 0.999989808 21.032669067
0.999981880 0.004186936 0.004305455 0.431682736 -0.004195469 0.999989271 0.001975016 -0.610547304 -0.004297140 -0.001993044 0.999988735 21.553054810
0.999981284 0.004683403 0.003930842 0.446265578 -0.004692685 0.999986172 0.002355437 -0.635878026 -0.003919756 -0.002373839 0.999989450 22.064710617
0.999982178 0.004794635 0.003548671 0.458537310 -0.004803258 0.999985516 0.002425507 -0.649197519 -0.003536990 -0.002442509 0.999990761 22.584423065
0.999989569 0.003847748 0.002426879 0.475994587 -0.003853354 0.999989927 0.002309473 -0.662261188 -0.002417968 -0.002318801 0.999994338 23.074872971
0.999990642 0.003907389 0.001818541 0.488244474 -0.003912507 0.999988377 0.002819530 -0.679605365 -0.001807503 -0.002826619 0.999994338 23.604181290
0.999993563 0.003224088 0.001536159 0.489924073 -0.003227439 0.999992430 0.002184216 -0.698847890 -0.001529105 -0.002189160 0.999996424 24.132146835
0.999992669 0.003602515 0.001283333 0.497785687 -0.003605639 0.999990463 0.002440765 -0.715730429 -0.001274528 -0.002445374 0.999996185 24.672101974
0.999990523 0.004184818 0.001282663 0.500865042 -0.004188739 0.999986529 0.003069141 -0.721754551 -0.001269802 -0.003074484 0.999994457 25.221412659
0.999991238 0.004156328 0.000280832 0.507776558 -0.004157225 0.999985993 0.003274388 -0.749547184 -0.000267218 -0.003275527 0.999994576 25.749698639
0.999992967 0.003678550 -0.000703955 0.523159504 -0.003676398 0.999988556 0.003033921 -0.764892638 0.000715108 -0.003031311 0.999995112 26.312076569
0.999994636 0.003177665 -0.000770796 0.537128210 -0.003174643 0.999987364 0.003891744 -0.778928280 0.000783153 -0.003889276 0.999992132 26.872272491
0.999994278 0.003232028 -0.000967438 0.534910321 -0.003228335 0.999987602 0.003794524 -0.800473213 0.000979690 -0.003791379 0.999992311 27.414661407
0.999991655 0.003941705 -0.001090960 0.541292906 -0.003937913 0.999986351 0.003456070 -0.812015891 0.001104568 -0.003451745 0.999993503 27.972057343
0.999989867 0.003895722 -0.002266638 0.587326169 -0.003887628 0.999986053 0.003564508 -0.830116868 0.002280493 -0.003555660 0.999991059 28.491811752
0.999990880 0.003545261 -0.002371688 0.601691306 -0.003535726 0.999985695 0.004012660 -0.844207764 0.002385880 -0.004004238 0.999989152 29.049697876
0.999990344 0.003269890 -0.002929414 0.609413445 -0.003259016 0.999987781 0.003709471 -0.856714189 0.002941507 -0.003699889 0.999988854 29.595319748
0.999988258 0.003102557 -0.003725831 0.632085323 -0.003087989 0.999987602 0.003909415 -0.861710787 0.003737914 -0.003897864 0.999985397 30.175714493
0.999986410 0.003056812 -0.004222775 0.664430380 -0.003040350 0.999987781 0.003899171 -0.856177568 0.004234643 -0.003886279 0.999983430 30.646715164
0.999987543 0.003631533 -0.003425514 0.626252055 -0.003617459 0.999985039 0.004106125 -0.905989349 0.003440374 -0.004093682 0.999985695 31.265933990
0.999984086 0.004701929 -0.003127860 0.628124714 -0.004690360 0.999982119 0.003695827 -0.914948046 0.003145183 -0.003681098 0.999988258 31.822240829
0.999985516 0.003502316 -0.004089082 0.657904863 -0.003486481 0.999986410 0.003873063 -0.931442797 0.004102591 -0.003858750 0.999984145 32.396869659
0.999980688 0.003449015 -0.005180281 0.666017771 -0.003428204 0.999986053 0.004020895 -0.949061096 0.005194076 -0.004003058 0.999978542 32.942012787
0.999984860 0.003853437 -0.003933485 0.660407245 -0.003838922 0.999985814 0.003691181 -0.947824657 0.003947652 -0.003676025 0.999985456 33.501605988
0.999984384 0.004351812 -0.003512389 0.664835930 -0.004338443 0.999983311 0.003804808 -0.964852452 0.003528888 -0.003789511 0.999986529 34.055820465
0.999981225 0.004350810 -0.004312925 0.674938500 -0.004334364 0.999983311 0.003815321 -0.977614880 0.004329452 -0.003796555 0.999983430 34.602245331
0.999977112 0.004351742 -0.005189056 0.690799594 -0.004332966 0.999983966 0.003624250 -0.996517897 0.005204746 -0.003601682 0.999979973 35.128940582
0.999980330 0.004772064 -0.004066667 0.683678925 -0.004754825 0.999979734 0.004238197 -1.010901928 0.004086810 -0.004218778 0.999982774 35.697563171
0.999978900 0.004526698 -0.004657748 0.694475412 -0.004505854 0.999979854 0.004475787 -1.027115464 0.004677915 -0.004454706 0.999979198 36.242263794
0.999980569 0.003538659 -0.005126770 0.722554266 -0.003518956 0.999986410 0.003847149 -1.034125447 0.005140313 -0.003829034 0.999979436 36.811046600
0.999977052 0.004113521 -0.005378699 0.728136480 -0.004095024 0.999985695 0.003445409 -1.037256837 0.005392793 -0.003423304 0.999979615 37.364662170
0.999976516 0.004092032 -0.005490574 0.738557339 -0.004073550 0.999985993 0.003372879 -1.048636556 0.005504298 -0.003350433 0.999979258 37.917282104
0.999973416 0.005053852 -0.005252765 0.738796294 -0.005039287 0.999983370 0.002782439 -1.057576299 0.005266739 -0.002755895 0.999982357 38.443885803
0.999976933 0.004714645 -0.004886586 0.742399156 -0.004699567 0.999984145 0.003092589 -1.072310567 0.004901088 -0.003069553 0.999983311 38.996559143
0.999974370 0.004170872 -0.005817588 0.765288532 -0.004152403 0.999986291 0.003183325 -1.097070694 0.005830785 -0.003159086 0.999978006 39.561115265
0.999970973 0.004390806 -0.006230180 0.776396871 -0.004372610 0.999986172 0.002931452 -1.110103607 0.006242964 -0.002904124 0.999976277 40.117790222
0.999967992 0.004481038 -0.006629569 0.787689090 -0.004460118 0.999985039 0.003167057 -1.126953006 0.006643660 -0.003137387 0.999972939 40.666316986
0.999968588 0.005368280 -0.005827961 0.777568698 -0.005354960 0.999982953 0.002298624 -1.130101442 0.005840201 -0.002267344 0.999980330 41.231861115
0.999967217 0.006047856 -0.005387305 0.778336644 -0.006033727 0.999978304 0.002634913 -1.143996358 0.005403123 -0.002602322 0.999981999 41.773521423
0.999966085 0.005759245 -0.005911933 0.803716719 -0.005746515 0.999981105 0.002168097 -1.168357372 0.005924309 -0.002134050 0.999980152 42.318210602
0.999965787 0.005580315 -0.006112993 0.813772559 -0.005566477 0.999981880 0.002278405 -1.180641055 0.006125597 -0.002244300 0.999978662 42.875648499
0.999968350 0.005383120 -0.005874206 0.819893479 -0.005369472 0.999982834 0.002336657 -1.194209576 0.005886684 -0.002305041 0.999980032 43.417766571
0.999962389 0.005269892 -0.006882512 0.838507414 -0.005258045 0.999984682 0.001738269 -1.203022361 0.006891567 -0.001702015 0.999974787 43.972503662
0.999967217 0.005562373 -0.005886042 0.838644087 -0.005550296 0.999982357 0.002066282 -1.218760490 0.005897433 -0.002033545 0.999980509 44.520160675
0.999963343 0.005581043 -0.006497116 0.851050317 -0.005567004 0.999982059 0.002176717 -1.236893535 0.006509148 -0.002140467 0.999976516 45.082149506
0.999969006 0.004929499 -0.006132573 0.854602575 -0.004917888 0.999986112 0.001907084 -1.242227197 0.006141889 -0.001876866 0.999979317 45.628299713
0.999966025 0.005807333 -0.005835984 0.857772589 -0.005801154 0.999982595 0.001074894 -1.247665882 0.005842124 -0.001041002 0.999982417 46.163814545
0.999964714 0.005764028 -0.006109952 0.869532824 -0.005755765 0.999982476 0.001369051 -1.272192478 0.006117736 -0.001333836 0.999980390 46.714813232
0.999964297 0.005882455 -0.006052072 0.878292561 -0.005868211 0.999979973 0.002368405 -1.297952652 0.006065883 -0.002332805 0.999978900 47.232978821
0.999963045 0.005879544 -0.006270620 0.885288715 -0.005866768 0.999980628 0.002054150 -1.299509168 0.006282577 -0.002017286 0.999978244 47.782917023
0.999964118 0.006324193 -0.005633519 0.879759669 -0.006316249 0.999979138 0.001426964 -1.314320445 0.005642427 -0.001391331 0.999983132 48.323013306
0.999963880 0.006180745 -0.005829852 0.891123414 -0.006170033 0.999979258 0.001853738 -1.328799486 0.005841189 -0.001817700 0.999981284 48.871940613
0.999960661 0.006191517 -0.006351441 0.904869795 -0.006181583 0.999979615 0.001582394 -1.351193547 0.006361110 -0.001543070 0.999978542 49.416481018
0.999962986 0.005695511 -0.006453238 0.915055454 -0.005684165 0.999982297 0.001775090 -1.360072970 0.006463233 -0.001738343 0.999977529 49.940814972
0.999962151 0.006057919 -0.006230740 0.916366398 -0.006046321 0.999979973 0.001878776 -1.377708912 0.006241996 -0.001841032 0.999978840 50.473289490
0.999963403 0.005679223 -0.006381944 0.920086682 -0.005669762 0.999982834 0.001499537 -1.393887162 0.006390350 -0.001463298 0.999978483 50.997371674
0.999959588 0.005805139 -0.006865886 0.943260193 -0.005791294 0.999981165 0.002034643 -1.403257012 0.006877569 -0.001994798 0.999974310 51.564079285
0.999959290 0.005446498 -0.007193816 0.945504844 -0.005432265 0.999983251 0.001996486 -1.419292808 0.007204571 -0.001957326 0.999972105 52.076148987
0.999954104 0.006798625 -0.006744155 0.953937113 -0.006789438 0.999975979 0.001383983 -1.429435015 0.006753402 -0.001338130 0.999976277 52.622158051
0.999958217 0.005702501 -0.007143610 0.965267539 -0.005687061 0.999981463 0.002179596 -1.453835726 0.007155907 -0.002138878 0.999972105 53.164718628
0.999959230 0.005491023 -0.007172141 0.964292049 -0.005477604 0.999983311 0.001889332 -1.466380358 0.007182393 -0.001849969 0.999972463 53.706562042
0.999962091 0.005168778 -0.007002735 0.963493049 -0.005159439 0.999985754 0.001351350 -1.484997034 0.007009620 -0.001315169 0.999974489 54.251003265
0.999958992 0.005629241 -0.007096927 0.977457762 -0.005621009 0.999983490 0.001179489 -1.496133685 0.007103449 -0.001139548 0.999974132 54.793865204
0.999956369 0.005998448 -0.007160447 0.983824134 -0.005990193 0.999981284 0.001173781 -1.509960890 0.007167354 -0.001130837 0.999973714 55.344604492
0.999955475 0.004839038 -0.008094580 1.004189491 -0.004830745 0.999987781 0.001043780 -1.522398472 0.008099531 -0.001004630 0.999966681 55.891975403
0.999954462 0.005486001 -0.007807404 1.000693560 -0.005472170 0.999983430 0.001791918 -1.538330793 0.007817105 -0.001749113 0.999967933 56.432048798
0.999954820 0.005236438 -0.007933649 1.018882751 -0.005221047 0.999984384 0.001959343 -1.560325861 0.007943787 -0.001917832 0.999966621 56.985176086
0.999953687 0.005087560 -0.008166561 1.022526979 -0.005075767 0.999986053 0.001464145 -1.563344955 0.008173894 -0.001422626 0.999965608 57.533420563
0.999954462 0.005622917 -0.007708746 1.024276137 -0.005611706 0.999983132 0.001475274 -1.581412315 0.007716913 -0.001431947 0.999969184 58.069107056
0.999955356 0.005266110 -0.007841672 1.031369805 -0.005256986 0.999985456 0.001183662 -1.592008114 0.007847789 -0.001142386 0.999968529 58.603870392
0.999955535 0.005218786 -0.007856889 1.037339211 -0.005207877 0.999985456 0.001408465 -1.608802676 0.007864123 -0.001367485 0.999968171 59.131401062
0.999954998 0.005550170 -0.007691446 1.048136353 -0.005538960 0.999983490 0.001478089 -1.629304051 0.007699522 -0.001435420 0.999969304 59.658847809
0.999954343 0.006056413 -0.007381086 1.048503876 -0.006046805 0.999980867 0.001323441 -1.639471173 0.007388960 -0.001278749 0.999971867 60.215629578
0.999953985 0.006387467 -0.007158372 1.053979039 -0.006378357 0.999978840 0.001294907 -1.648315191 0.007166491 -0.001249189 0.999973536 60.772991180
0.999953151 0.005670324 -0.007846333 1.070559740 -0.005663087 0.999983430 0.000944322 -1.672290683 0.007851559 -0.000899843 0.999968767 61.312168121
0.999956548 0.005716966 -0.007365492 1.077358127 -0.005705367 0.999982595 0.001594611 -1.687211037 0.007374479 -0.001552519 0.999971628 61.866382599
0.999953866 0.005948790 -0.007532110 1.085845232 -0.005939834 0.999981761 0.001210749 -1.704980135 0.007539174 -0.001165954 0.999970853 62.408893585
0.999956489 0.005967836 -0.007166184 1.089835048 -0.005957689 0.999981165 0.001436127 -1.721861005 0.007174621 -0.001393370 0.999973297 62.953247070
0.999952734 0.006347873 -0.007363814 1.107749224 -0.006338958 0.999979079 0.001233571 -1.736304402 0.007371492 -0.001186833 0.999972105 63.473411560
0.999953628 0.006742647 -0.006871679 1.106121540 -0.006735684 0.999976695 0.001036056 -1.750713110 0.006878506 -0.000989722 0.999975801 64.030700684
0.999957800 0.006036989 -0.006928391 1.105461597 -0.006029799 0.999981225 0.001058072 -1.768380046 0.006934649 -0.001016250 0.999975443 64.560913086
0.999954760 0.006917315 -0.006528876 1.109160304 -0.006912595 0.999975741 0.000745205 -1.782202363 0.006533873 -0.000700040 0.999978364 65.099853516
0.999955475 0.006626434 -0.006715569 1.117778182 -0.006620859 0.999977708 0.000851951 -1.797153950 0.006721066 -0.000807450 0.999977112 65.632751465
0.999956727 0.006325976 -0.006822051 1.129328251 -0.006321479 0.999979734 0.000680708 -1.809803843 0.006826220 -0.000637553 0.999976516 66.176872253
0.999958158 0.006188323 -0.006733205 1.146639466 -0.006184908 0.999980748 0.000527804 -1.832379937 0.006736341 -0.000486138 0.999977171 66.726951599
0.999957502 0.006510752 -0.006528188 1.153269172 -0.006508423 0.999978721 0.000377842 -1.842149019 0.006530509 -0.000335338 0.999978602 67.289001465
0.999956727 0.006978476 -0.006154483 1.165562749 -0.006977337 0.999975562 0.000206535 -1.860506058 0.006155776 -0.000163584 0.999981046 67.826103210
0.999956012 0.007020958 -0.006238714 1.160916090 -0.007020359 0.999975324 0.000117931 -1.876224875 0.006239389 -0.000074128 0.999980509 68.365089417
0.999947011 0.007568166 -0.006978753 1.174186587 -0.007571927 0.999971151 -0.000512627 -1.891414881 0.006974672 0.000565442 0.999975502 68.907585144
0.999958932 0.006579427 -0.006226515 1.172362328 -0.006580356 0.999978364 -0.000128632 -1.907444954 0.006225533 0.000169599 0.999980569 69.440910339
0.999953270 0.007115235 -0.006531185 1.182971716 -0.007119753 0.999974370 -0.000668719 -1.919728279 0.006526260 0.000715188 0.999978423 69.992034912
0.999956548 0.006526659 -0.006658656 1.190452933 -0.006528207 0.999978662 -0.000210684 -1.938234448 0.006657140 0.000254144 0.999977767 70.541122437
0.999959707 0.006641563 -0.006062045 1.188393712 -0.006644049 0.999977827 -0.000389918 -1.945489645 0.006059323 0.000430179 0.999981463 71.111206055
0.999961317 0.006556557 -0.005859954 1.208224654 -0.006562548 0.999977887 -0.001003572 -1.961509466 0.005853244 0.001041990 0.999982238 71.658912659
0.999961078 0.005494297 -0.006897090 1.219951868 -0.005499419 0.999984562 -0.000723857 -1.986497760 0.006893007 0.000761758 0.999975979 72.225494385
0.999962568 0.006296695 -0.005937491 1.205016017 -0.006303561 0.999979496 -0.001138381 -2.007269859 0.005930201 0.001175766 0.999981701 72.808799744
0.999960363 0.006378613 -0.006202040 1.232476592 -0.006383335 0.999979377 -0.000741853 -2.023238182 0.006197180 0.000781413 0.999980450 73.326927185
0.999958873 0.006558446 -0.006265058 1.243960142 -0.006562763 0.999978244 -0.000668773 -2.040204763 0.006260536 0.000709861 0.999980152 73.873489380
0.999961972 0.006553705 -0.005749586 1.251779795 -0.006560389 0.999977827 -0.001144463 -2.051928759 0.005741958 0.001182139 0.999982834 74.432853699
0.999959469 0.006601299 -0.006109264 1.266599417 -0.006606518 0.999977946 -0.000834350 -2.067485094 0.006103621 0.000874677 0.999980927 74.960266113
0.999960005 0.006384573 -0.006250245 1.283984184 -0.006391513 0.999978960 -0.001090910 -2.089912653 0.006243148 0.001130815 0.999979794 75.526672363
0.999954939 0.007472396 -0.005846344 1.267958879 -0.007481304 0.999970913 -0.001502933 -2.093752623 0.005834945 0.001546603 0.999981701 76.057777405
0.999961019 0.006978357 -0.005411754 1.267527223 -0.006984583 0.999974966 -0.001132499 -2.115481615 0.005403716 0.001170253 0.999984682 76.639518738
0.999949336 0.008450891 -0.005469572 1.281122208 -0.008452970 0.999964237 -0.000357063 -2.150433302 0.005466359 0.000403279 0.999984980 77.214981079
0.999948442 0.008846638 -0.004982428 1.271789789 -0.008855674 0.999959171 -0.001794617 -2.139718294 0.004966349 0.001838647 0.999985933 77.718025208
0.999953508 0.006986011 -0.006645194 1.303184509 -0.006994414 0.999974787 -0.001242077 -2.164999485 0.006636349 0.001288498 0.999977171 78.275650024
0.999957860 0.008546451 -0.003335483 1.246891022 -0.008550276 0.999962807 -0.001134408 -2.183851242 0.003325665 0.001162879 0.999993801 78.729202271
0.999951005 0.009353875 -0.003212512 1.241226792 -0.009354575 0.999956250 -0.000203716 -2.209937572 0.003210467 0.000233758 0.999994814 79.215492249
0.999957919 0.008350162 -0.003834713 1.261054516 -0.008355282 0.999964237 -0.001321060 -2.210006714 0.003823545 0.001353044 0.999991775 79.791618347
0.999957025 0.008261980 -0.004211904 1.282618999 -0.008262469 0.999965847 -0.000098834 -2.245214939 0.004210944 0.000133630 0.999991059 80.263229370
0.999956071 0.008849941 -0.003082731 1.276907206 -0.008852756 0.999960363 -0.000900971 -2.235886812 0.003074636 0.000928223 0.999994814 80.789146423
0.999958515 0.008920797 -0.001840530 1.287959337 -0.008922101 0.999959946 -0.000701292 -2.260937929 0.001834201 0.000717684 0.999998033 81.333358765
0.999959052 0.008994998 -0.000964438 1.294740438 -0.008995918 0.999959111 -0.000950846 -2.268930435 0.000955847 0.000959483 0.999999106 81.832672119
0.999957085 0.009243698 0.000595271 1.301279664 -0.009242949 0.999956489 -0.001247832 -2.280812979 -0.000606780 0.001242276 0.999998987 82.367904663
0.999953926 0.009046428 0.003211277 1.327797294 -0.009041244 0.999957740 -0.001624870 -2.292400122 -0.003225841 0.001595761 0.999993443 82.901496887
0.999936581 0.008837483 0.006980090 1.348368764 -0.008830894 0.999960542 -0.000974223 -2.311531067 -0.006988424 0.000912521 0.999975145 83.433441162
0.999916315 0.008215196 0.009990857 1.367024064 -0.008202689 0.999965549 -0.001292480 -2.321296453 -0.010001131 0.001210421 0.999949217 83.948478699
0.999859929 0.008670987 0.014309485 1.384250402 -0.008657915 0.999962032 -0.000975175 -2.329757452 -0.014317400 0.000851148 0.999897122 84.489356995
0.999761164 0.008259690 0.020232789 1.414587498 -0.008232332 0.999965012 -0.001435149 -2.338669538 -0.020243941 0.001268243 0.999794245 85.018470764
0.999612868 0.009030807 0.026315851 1.442005157 -0.008985758 0.999957979 -0.001829625 -2.353544235 -0.026331268 0.001592449 0.999652028 85.564575195
0.999434948 0.009254951 0.032312874 1.472190261 -0.009207438 0.999956310 -0.001618821 -2.368713617 -0.032326438 0.001320387 0.999476492 86.066421509
0.999128103 0.009686045 0.040611032 1.504996538 -0.009622928 0.999952197 -0.001749435 -2.373546124 -0.040626034 0.001357112 0.999173522 86.642776489
0.998784721 0.008794476 0.048494961 1.551904440 -0.008683453 0.999959171 -0.002499555 -2.384413004 -0.048514958 0.002075413 0.998820245 87.177917480
0.998409092 0.009091390 0.055646922 1.601029634 -0.008948001 0.999955952 -0.002825363 -2.395603895 -0.055670146 0.002322939 0.998446465 87.723205566
0.997819185 0.010000126 0.065244876 1.638983727 -0.009867660 0.999948561 -0.002352244 -2.415741205 -0.065265059 0.001703300 0.997866511 88.270393372
0.997138917 0.008860564 0.075069658 1.714488506 -0.008671948 0.999958336 -0.002838132 -2.430147409 -0.075091660 0.002179013 0.997174382 88.798171997
0.996463954 0.008323858 0.083606966 1.778038502 -0.008111198 0.999962926 -0.002882920 -2.441333771 -0.083627880 0.002194574 0.996494770 89.355461121
0.995851636 0.007887051 0.090649605 1.841536522 -0.007612488 0.999965310 -0.003374199 -2.460347652 -0.090673074 0.002670132 0.995877147 89.882682800
0.994871974 0.007899970 0.100833371 1.925556183 -0.007578981 0.999964893 -0.003566055 -2.470123529 -0.100858025 0.002783554 0.994896948 90.424621582
0.993731260 0.008286065 0.111487694 2.009598732 -0.007923519 0.999961793 -0.003694579 -2.489365816 -0.111514062 0.002788043 0.993758917 90.967620850
0.992655039 0.007291874 0.120759189 2.093760490 -0.006872654 0.999968827 -0.003887659 -2.507677555 -0.120783791 0.003029168 0.992674232 91.496353149
0.991171420 0.007572258 0.132370055 2.185786247 -0.007174208 0.999968290 -0.003483756 -2.526607990 -0.132392183 0.002503348 0.991194248 92.017631531
0.989394784 0.006639438 0.145099089 2.287846565 -0.006124424 0.999973178 -0.003995800 -2.543774366 -0.145121694 0.003064776 0.989409089 92.576553345
0.987829208 0.005676621 0.155439094 2.400393486 -0.005078083 0.999978065 -0.004247434 -2.557013273 -0.155459762 0.003406406 0.987836361 93.121604919
0.986064553 0.006744938 0.166226447 2.511659622 -0.006126104 0.999972224 -0.004235290 -2.578899622 -0.166250408 0.003157949 0.986078501 93.702857971
0.983784914 0.006744166 0.179225281 2.630143166 -0.006077166 0.999972522 -0.004270347 -2.600391150 -0.179249093 0.003111922 0.983798802 94.234695435
0.981467724 0.006344473 0.191522390 2.761407852 -0.005574127 0.999974072 -0.004560743 -2.616995811 -0.191546351 0.003408652 0.981477678 94.774719238
0.979402483 0.005997821 0.201828688 2.886308670 -0.005200949 0.999976397 -0.004478342 -2.636123896 -0.201850772 0.003336399 0.979410589 95.305175781
0.976592243 0.006715592 0.214994416 3.030004501 -0.005998280 0.999974072 -0.003988682 -2.658238888 -0.215015635 0.002605719 0.976607025 95.843414307
0.973600388 0.006086743 0.228177786 3.181301117 -0.005184962 0.999976218 -0.004551352 -2.669315338 -0.228200033 0.003248104 0.973608851 96.392227173
0.970864654 0.005283379 0.239570037 3.330202103 -0.004524601 0.999982953 -0.003717131 -2.691338062 -0.239585593 0.002524872 0.970871985 96.914024353
0.968188643 0.005463357 0.250161678 3.501964569 -0.004384990 0.999978542 -0.004867818 -2.712560654 -0.250182927 0.003616010 0.968191803 97.449752808
0.964711249 0.004964712 0.263263226 3.669275284 -0.004000522 0.999983191 -0.004198381 -2.735202312 -0.263279676 0.002997035 0.964714825 97.955596924
0.961278021 0.003999357 0.275551140 3.849494934 -0.002922129 0.999986529 -0.004319789 -2.757623196 -0.275564730 0.003347323 0.961276650 98.483055115
0.958073795 0.003624398 0.286498815 4.034887314 -0.002489225 0.999987602 -0.004326341 -2.772933960 -0.286510944 0.003431794 0.958070815 98.998451233
0.953652263 0.003972482 0.300884664 4.217941284 -0.002779497 0.999986470 -0.004392896 -2.790848017 -0.300898045 0.003352987 0.953650415 99.518188477
0.949065387 0.003428025 0.315060526 4.413896561 -0.002149791 0.999988079 -0.004404525 -2.809180737 -0.315071851 0.003502869 0.949061334 100.045730591
0.945315897 0.003301782 0.326139450 4.621841431 -0.001886968 0.999987423 -0.004654329 -2.823524237 -0.326150686 0.003784396 0.945310175 100.563461304
0.940694034 0.003893544 0.339233786 4.833955765 -0.002606257 0.999987543 -0.004250181 -2.838841915 -0.339246184 0.003113990 0.940692544 101.115928650
0.935223520 0.002044317 0.354051888 5.047142029 -0.000383705 0.999988616 -0.004760441 -2.869978428 -0.354057550 0.004316226 0.935213685 101.599945068
0.930474997 0.001682085 0.366351694 5.274793625 -0.000119716 0.999990821 -0.004287347 -2.886059761 -0.366355509 0.003945412 0.930466652 102.112213135
0.926078439 -0.000196868 0.377330959 5.530799866 0.001990930 0.999988496 -0.004364579 -2.916739941 -0.377325773 0.004793182 0.926068187 102.655677795
0.920386791 -0.000251185 0.391009152 5.775009155 0.001962888 0.999990165 -0.003977998 -2.931302071 -0.391004324 0.004428803 0.920378208 103.158874512
0.914385200 -0.000122376 0.404845208 6.027667999 0.001993255 0.999989212 -0.004199699 -2.956175566 -0.404840320 0.004647103 0.914375603 103.684944153
0.909494519 -0.000656334 0.415715277 6.276187897 0.002596648 0.999988139 -0.004102111 -2.968483686 -0.415707678 0.004810314 0.909485579 104.162811279
0.903814316 -0.001120032 0.427923054 6.540107727 0.003102281 0.999987423 -0.003934981 -2.992233276 -0.427913278 0.004884030 0.903806567 104.686126709
0.897314906 -0.001087938 0.441389382 6.807521820 0.003100317 0.999987781 -0.003837963 -3.001347780 -0.441379815 0.004812309 0.897307456 105.176055908
0.891245604 -0.001131206 0.453519434 7.072669983 0.003332043 0.999986231 -0.004053806 -3.027023315 -0.453508496 0.005124083 0.891237199 105.659255981
0.885502696 -0.002265327 0.464628667 7.352703094 0.004108677 0.999987245 -0.002954934 -3.043426037 -0.464616001 0.004525611 0.885500669 106.136550903
0.878043592 -0.001990034 0.478576720 7.619594574 0.004253610 0.999984264 -0.003645918 -3.067303896 -0.478561997 0.005236953 0.878038168 106.589202881
