1.000000000 0.000000000 0.000000000 0.000000000 0.000000000 1.000000000 0.000000000 0.000000000 0.000000000 0.000000000 1.000000000 0.000000000
1.000000000 -0.000166633 0.000001278 0.000070298 0.000166633 1.000000000 -0.000049636 0.000582970 -0.000001269 0.000049636 1.000000000 0.000483324
1.000000000 -0.000094014 0.000005894 -0.000104834 0.000094014 1.000000000 -0.000033012 0.000313227 -0.000005891 0.000033013 1.000000000 0.000035479
1.000000000 -0.000103670 0.000081445 -0.000008796 0.000103679 1.000000000 -0.000109348 0.001022297 -0.000081434 0.000109356 1.000000000 0.000777878
1.000000000 -0.000137251 -0.000013075 0.000812824 0.000137250 1.000000000 -0.000055747 0.001259639 0.000013082 0.000055745 1.000000000 0.000813063
1.000000000 0.000016346 0.000077447 -0.001229254 -0.000016345 1.000000000 -0.000002901 0.000028956 -0.000077447 0.000002900 1.000000000 -0.000767086
1.000000000 -0.000003431 0.000038325 -0.000935494 0.000003438 1.000000000 -0.000165147 0.000518679 -0.000038325 0.000165147 1.000000000 -0.000529139
1.000000000 0.000082717 0.000114350 -0.001254085 -0.000082716 1.000000000 -0.000007958 -0.000388653 -0.000114350 0.000007949 1.000000000 -0.000183047
1.000000000 0.000176769 0.000093343 -0.001885832 -0.000176772 1.000000000 0.000025109 -0.000497936 -0.000093339 -0.000025125 1.000000000 -0.000424600
1.000000000 0.000028644 0.000114901 -0.001011602 -0.000028627 1.000000000 -0.000152642 0.001088296 -0.000114905 0.000152639 1.000000000 0.000727133
1.000000000 0.000191334 0.000047275 -0.001130973 -0.000191329 1.000000000 -0.000124396 0.000635441 -0.000047298 0.000124387 1.000000000 -0.000611999
1.000000000 0.000036753 0.000081170 -0.000979680 -0.000036750 1.000000000 -0.000039862 0.000790707 -0.000081172 0.000039859 1.000000000 0.000248476
1.000000000 0.000186899 0.000103547 -0.000916401 -0.000186879 0.999999940 -0.000191676 0.002129307 -0.000103583 0.000191656 1.000000000 0.001601472
1.000000000 0.000117949 0.000061098 -0.000697534 -0.000117943 1.000000000 -0.000102653 0.000961353 -0.000061110 0.000102646 1.000000000 -0.000182932
0.999999940 0.000146940 0.000202161 -0.002058414 -0.000146901 1.000000000 -0.000190496 0.002221418 -0.000202189 0.000190466 0.999999940 0.001917343
0.999999940 0.000352297 0.000177363 -0.002609082 -0.000352265 0.999999940 -0.000182947 0.002322018 -0.000177427 0.000182885 0.999999940 0.002343203
0.999999940 0.000301126 0.000235998 -0.002538786 -0.000301090 0.999999940 -0.000153005 0.003001499 -0.000236044 0.000152934 0.999999940 0.003620401
0.999999940 0.000153143 0.000193337 -0.001582131 -0.000153120 1.000000000 -0.000120861 0.001524877 -0.000193355 0.000120832 1.000000000 0.002364511
0.999999940 0.000144370 0.000225577 -0.002232861 -0.000144368 1.000000000 -0.000004583 0.001143437 -0.000225577 0.000004551 1.000000000 0.001707408
0.999999940 0.000203400 0.000157830 -0.002005549 -0.000203396 1.000000000 -0.000024294 0.001776468 -0.000157835 0.000024262 1.000000000 0.001854372
0.999999940 0.000201190 0.000145563 -0.001744754 -0.000201182 1.000000000 -0.000054567 0.001493111 -0.000145574 0.000054538 1.000000000 0.002023590
1.000000000 0.000175436 0.000089201 -0.001902661 -0.000175430 1.000000000 -0.000069343 0.001513160 -0.000089213 0.000069328 1.000000000 0.001868779
0.999999940 0.000344900 0.000206930 -0.002765680 -0.000344876 0.999999940 -0.000114507 0.002133540 -0.000206969 0.000114436 1.000000000 0.002464725
0.999999940 0.000333682 0.000228950 -0.002306281 -0.000333654 0.999999940 -0.000124866 0.001705692 -0.000228992 0.000124790 0.999999940 0.002048912
0.999999940 0.000172733 0.000213726 -0.001354713 -0.000172709 1.000000000 -0.000111683 0.002789143 -0.000213746 0.000111646 1.000000000 0.003910735
0.999999940 0.000243888 0.000234539 -0.002484435 -0.000243880 0.999999940 -0.000030628 0.001543233 -0.000234546 0.000030570 1.000000000 0.002191193
1.000000000 0.000162931 0.000134017 -0.001442430 -0.000162918 1.000000000 -0.000093635 0.002299630 -0.000134033 0.000093613 1.000000000 0.002177180
1.000000000 0.000072938 0.000154740 -0.001770061 -0.000072929 1.000000000 -0.000057731 0.001549576 -0.000154744 0.000057720 1.000000000 0.001928243
0.999999940 0.000155183 0.000199577 -0.001603276 -0.000155169 1.000000000 -0.000069877 0.001247654 -0.000199588 0.000069846 1.000000000 0.001869082
0.999999940 0.000166952 0.000183800 -0.001388569 -0.000166926 1.000000000 -0.000143159 0.002131552 -0.000183824 0.000143129 1.000000000 0.002804402
0.999999940 0.000253209 0.000206038 -0.001628704 -0.000253184 0.999999940 -0.000122388 0.002322329 -0.000206069 0.000122336 1.000000000 0.002602955
0.999999940 0.000301559 0.000261918 -0.002275139 -0.000301555 0.999999940 -0.000013899 0.000926898 -0.000261922 0.000013820 0.999999940 0.001360201
0.999999940 0.000320642 0.000222580 -0.002693925 -0.000320613 0.999999940 -0.000131736 0.001449330 -0.000222622 0.000131665 0.999999940 0.002053620
0.999999940 0.000255515 0.000215230 -0.001619185 -0.000255474 0.999999940 -0.000191188 0.001970646 -0.000215279 0.000191133 0.999999940 0.001616476
1.000000000 0.000120338 0.000190574 -0.001748920 -0.000120314 1.000000000 -0.000128028 0.001610341 -0.000190590 0.000128005 1.000000000 0.002181873
1.000000000 0.000146862 0.000161763 -0.001822258 -0.000146847 1.000000000 -0.000091419 0.002939920 -0.000161776 0.000091395 1.000000000 0.003265066
0.999999940 0.000247626 0.000228054 -0.002106103 -0.000247601 0.999999940 -0.000108208 0.002314716 -0.000228081 0.000108151 0.999999940 0.002513356
0.999999940 0.000332915 0.000165929 -0.001136546 -0.000332903 0.999999940 -0.000071278 0.002773087 -0.000165953 0.000071223 1.000000000 0.002541503
0.999999940 0.000258746 0.000186831 -0.001562032 -0.000258724 0.999999940 -0.000115566 0.001480259 -0.000186861 0.000115518 1.000000000 0.003144297
0.999999583 0.000635083 -0.000657407 0.000755373 -0.000635547 0.999999642 -0.000707070 0.000674520 0.000656957 0.000707488 0.999999523 0.058151718
0.999999523 0.000572555 -0.000713096 0.003105370 -0.000573410 0.999999106 -0.001200063 -0.001497916 0.000712408 0.001200472 0.999999106 0.148512974
0.999999762 0.000434148 0.000438242 -0.000394095 -0.000433562 0.999998987 -0.001337071 -0.006483359 -0.000438822 0.001336881 0.999998987 0.252949476
0.999999821 0.000360002 0.000402436 0.003146573 -0.000359514 0.999999166 -0.001212240 -0.009653832 -0.000402872 0.001212095 0.999999166 0.385007411
0.999999940 0.000338819 0.000323843 0.005478350 -0.000338489 0.999999404 -0.001018736 -0.013679879 -0.000324188 0.001018626 0.999999464 0.527577877
0.999999464 0.000917433 -0.000510199 0.006493626 -0.000917953 0.999999046 -0.001020634 -0.019609783 0.000509262 0.001021101 0.999999344 0.684648335
0.999999642 0.000652925 -0.000562649 0.011553603 -0.000653420 0.999999344 -0.000879927 -0.021920165 0.000562074 0.000880294 0.999999464 0.845174968
0.999999881 0.000199197 -0.000263446 0.010953474 -0.000199314 0.999999821 -0.000446295 -0.028984286 0.000263357 0.000446347 0.999999881 1.021582007
0.999999881 0.000433649 -0.000299280 0.015644269 -0.000433757 0.999999881 -0.000361093 -0.033798300 0.000299124 0.000361223 0.999999821 1.198215723
0.999999762 0.000540896 -0.000368617 0.018969020 -0.000540850 0.999999821 0.000125183 -0.042451769 0.000368684 -0.000124984 0.999999940 1.372904181
0.999999464 0.000891058 -0.000550981 0.022346914 -0.000891057 0.999999523 0.000001265 -0.044830229 0.000550982 -0.000000774 0.999999821 1.566290021
0.999999821 0.000439289 -0.000041698 0.022816926 -0.000439291 0.999999821 -0.000051138 -0.048618972 0.000041676 0.000051157 1.000000000 1.769229889
0.999999821 0.000625754 -0.000045236 0.025835646 -0.000625738 0.999999762 0.000367005 -0.058515016 0.000045466 -0.000366977 0.999999881 1.966253519
0.999999940 0.000120209 -0.000135562 0.033504289 -0.000120194 1.000000000 0.000115489 -0.062463522 0.000135576 -0.000115472 1.000000000 2.180182457
1.000000000 0.000133875 0.000120594 0.035960831 -0.000133921 0.999999881 0.000381639 -0.069802314 -0.000120543 -0.000381656 0.999999881 2.391657352
0.999999762 0.000479002 0.000262825 0.039894618 -0.000479019 0.999999881 0.000064995 -0.074891016 -0.000262794 -0.000065121 0.999999940 2.614135981
0.999999821 0.000482414 0.000398878 0.041944176 -0.000482526 0.999999821 0.000280117 -0.081522942 -0.000398743 -0.000280310 0.999999821 2.842548370
0.999999702 0.000537515 0.000714112 0.041998245 -0.000537683 0.999999821 0.000235594 -0.085942529 -0.000713985 -0.000235978 0.999999702 3.079769850
0.999999762 0.000305438 0.000615078 0.053383958 -0.000305839 0.999999762 0.000651944 -0.096360743 -0.000614878 -0.000652132 0.999999523 3.317996264
0.999999821 0.000057116 0.000623872 0.056557778 -0.000057522 0.999999762 0.000649593 -0.105017781 -0.000623835 -0.000649629 0.999999583 3.564620256
0.999999702 0.000423231 0.000720904 0.060322799 -0.000423521 0.999999821 0.000402351 -0.109886549 -0.000720734 -0.000402656 0.999999642 3.825006485
0.999999583 0.000351235 0.000861801 0.065797612 -0.000351715 0.999999702 0.000557270 -0.114271447 -0.000861605 -0.000557573 0.999999464 4.081836224
0.999999642 0.000076998 0.000934354 0.073046230 -0.000077539 0.999999762 0.000578620 -0.118496187 -0.000934310 -0.000578693 0.999999404 4.340298653
0.999999166 0.000421708 0.001271099 0.073317155 -0.000422423 0.999999762 0.000562257 -0.126045749 -0.001270861 -0.000562793 0.999998987 4.602098465
0.999998808 0.000993724 0.001165579 0.083670080 -0.000994709 0.999999166 0.000845205 -0.136534855 -0.001164738 -0.000846364 0.999998987 4.852793217
0.999998391 0.001384692 0.001103214 0.088952422 -0.001385749 0.999998569 0.000958365 -0.143872365 -0.001101885 -0.000959892 0.999998987 5.114814281
0.999998748 0.001040343 0.001130977 0.091180854 -0.001041331 0.999998987 0.000874279 -0.151099175 -0.001130067 -0.000875456 0.999998987 5.369297028
0.999999285 0.000744427 0.001039822 0.097046666 -0.000745376 0.999999285 0.000913174 -0.159224823 -0.001039141 -0.000913948 0.999999046 5.633848190
0.999998987 0.000520792 0.001256995 0.096800677 -0.000521785 0.999999523 0.000789536 -0.164724782 -0.001256583 -0.000790192 0.999998927 5.901953697
0.999998450 0.000891736 0.001506922 0.098300397 -0.000892877 0.999999285 0.000756822 -0.173545972 -0.001506246 -0.000758167 0.999998569 6.188167095
0.999998569 0.000818992 0.001441755 0.114759877 -0.000820061 0.999999404 0.000741401 -0.177205414 -0.001441147 -0.000742582 0.999998629 6.469400406
0.999998391 0.000930180 0.001478965 0.116084605 -0.000931577 0.999999046 0.000944101 -0.187942773 -0.001478085 -0.000945477 0.999998450 6.756631374
0.999998093 0.001134878 0.001592475 0.121344455 -0.001136057 0.999999106 0.000739513 -0.194928452 -0.001591634 -0.000741321 0.999998450 7.046124935
0.999997556 0.001409783 0.001664574 0.126324609 -0.001410989 0.999998689 0.000723583 -0.205467552 -0.001663552 -0.000725930 0.999998331 7.349410534
0.999997318 0.001456892 0.001761850 0.130571827 -0.001458117 0.999998689 0.000693852 -0.216003492 -0.001760837 -0.000696419 0.999998212 7.655181408
0.999998093 0.001021906 0.001653233 0.143756256 -0.001022961 0.999999285 0.000637466 -0.222451419 -0.001652580 -0.000639156 0.999998450 7.978462219
0.999997616 0.001098027 0.001872208 0.146734744 -0.001099209 0.999999344 0.000630625 -0.233688831 -0.001871513 -0.000632682 0.999997973 8.291890144
0.999998271 0.000990837 0.001567544 0.155090988 -0.000991775 0.999999344 0.000597144 -0.243637100 -0.001566951 -0.000598698 0.999998510 8.612448692
0.999996543 0.001677835 0.002031077 0.159626126 -0.001679224 0.999998331 0.000682097 -0.252110571 -0.002029930 -0.000685505 0.999997675 8.951761246
0.999997139 0.001475741 0.001888909 0.170688152 -0.001477111 0.999998689 0.000724196 -0.265834183 -0.001887838 -0.000726984 0.999997854 9.287342072
0.999995589 0.002084007 0.002125575 0.168529093 -0.002085565 0.999997556 0.000731418 -0.276869148 -0.002124045 -0.000735848 0.999997497 9.619874954
0.999997854 0.001248251 0.001649305 0.184151754 -0.001249972 0.999998629 0.001042681 -0.288466007 -0.001648001 -0.001044740 0.999998152 9.960402489
0.999995828 0.002051822 0.002036929 0.191646993 -0.002053289 0.999997556 0.000718495 -0.289722174 -0.002035451 -0.000722675 0.999997616 10.336745262
0.999994576 0.002210565 0.002438948 0.193300337 -0.002212564 0.999997199 0.000817167 -0.302583188 -0.002437134 -0.000822558 0.999996662 10.687867165
0.999996006 0.001847114 0.002110086 0.204263359 -0.001848472 0.999998033 0.000641337 -0.311536312 -0.002108898 -0.000645235 0.999997556 11.051868439
0.999996483 0.001866973 0.001896794 0.223089740 -0.001868242 0.999998152 0.000667359 -0.318888456 -0.001895545 -0.000670901 0.999997973 11.445044518
0.999993920 0.002371481 0.002603154 0.214953333 -0.002374017 0.999996662 0.000971092 -0.336193144 -0.002600843 -0.000977265 0.999996126 11.821997643
0.999994516 0.002332511 0.002342376 0.227999017 -0.002335085 0.999996603 0.001097014 -0.343569309 -0.002339810 -0.001102477 0.999996603 12.195881844
0.999994695 0.002117235 0.002480716 0.240088955 -0.002120890 0.999996603 0.001471649 -0.359002620 -0.002477592 -0.001476903 0.999995887 12.585990906
0.999994159 0.002073162 0.002719459 0.247460842 -0.002076520 0.999997079 0.001232662 -0.365823328 -0.002716895 -0.001238302 0.999995530 12.983485222
0.999994516 0.001998550 0.002616603 0.254000306 -0.002001661 0.999997318 0.001187043 -0.380688369 -0.002614223 -0.001192275 0.999995887 13.383979797
0.999992907 0.002134418 0.003098016 0.264417320 -0.002139886 0.999996185 0.001762714 -0.397474676 -0.003094242 -0.001769331 0.999993622 13.797878265
0.999993861 0.001999963 0.002924570 0.279323101 -0.002004843 0.999996603 0.001666473 -0.405000031 -0.002921227 -0.001672326 0.999994338 14.208158493
0.999992371 0.002154382 0.003260207 0.287721634 -0.002158438 0.999996960 0.001240974 -0.416715980 -0.003257523 -0.001248001 0.999993920 14.625245094
0.999991119 0.002490476 0.003402248 0.297661006 -0.002496402 0.999995291 0.001738279 -0.432728589 -0.003397904 -0.001746757 0.999992728 15.053167343
0.999990702 0.002085261 0.003768205 0.309852540 -0.002092548 0.999995947 0.001930887 -0.446194768 -0.003764163 -0.001938754 0.999991059 15.496007919
0.999989510 0.002167751 0.004021992 0.318523258 -0.002173366 0.999996603 0.001392159 -0.453761071 -0.004018961 -0.001400886 0.999990940 15.941363335
0.999986053 0.002625696 0.004581219 0.326829374 -0.002633100 0.999995172 0.001610946 -0.463397026 -0.004576968 -0.001622987 0.999988198 16.378816605
0.999984264 0.002776850 0.004860780 0.330694616 -0.002782475 0.999995410 0.001150845 -0.475401014 -0.004857562 -0.001164352 0.999987543 16.821371078
0.999982595 0.002611262 0.005290401 0.345523268 -0.002620104 0.999995172 0.001664980 -0.492849946 -0.005286028 -0.001678812 0.999984562 17.284246445
0.999978542 0.003131608 0.005747634 0.357578576 -0.003142556 0.999993265 0.001896866 -0.502099514 -0.005741654 -0.001914888 0.999981701 17.742877960
0.999980330 0.002549786 0.005738948 0.373412430 -0.002556002 0.999996185 0.001076087 -0.510481596 -0.005736182 -0.001090734 0.999983013 18.207891464
0.999974430 0.003261270 0.006382931 0.377447009 -0.003270048 0.999993742 0.001365155 -0.525459528 -0.006378439 -0.001385992 0.999978721 18.684129715
0.999973178 0.003772740 0.006284884 0.387375146 -0.003781905 0.999991834 0.001447054 -0.535690725 -0.006279373 -0.001470785 0.999979258 19.163518906
0.999972761 0.003606707 0.006435127 0.413263321 -0.003612599 0.999993026 0.000904241 -0.550131917 -0.006431821 -0.000927463 0.999978900 19.642086029
0.999970973 0.003611820 0.006701034 0.416177511 -0.003618181 0.999993026 0.000937360 -0.565073371 -0.006697601 -0.000961579 0.999977112 20.127391815
0.999972463 0.003329124 0.006633320 0.449555516 -0.003340295 0.999993026 0.001673685 -0.589718163 -0.006627703 -0.001695796 0.999976575 20.604288101
0.999981463 0.002783182 0.005423723 0.465182126 -0.002791407 0.999994993 0.001509483 -0.604453921 -0.005419495 -0.001524594 0.999984145 21.101566315
0.999982476 0.003064184 0.005069722 0.476402342 -0.003072131 0.999994040 0.001560486 -0.607465029 -0.005064910 -0.001576033 0.999985933 21.625228882
0.999983668 0.003125935 0.004774006 0.491641402 -0.003132280 0.999994218 0.001322282 -0.622246802 -0.004769845 -0.001337214 0.999987721 22.133701324
0.999985397 0.002997655 0.004496549 0.504917741 -0.003002622 0.999994874 0.001098249 -0.633688748 -0.004493234 -0.001111734 0.999989331 22.656356812
0.999984443 0.003200999 0.004567571 0.509381652 -0.003206984 0.999993980 0.001303698 -0.652365267 -0.004563371 -0.001318326 0.999988735 23.172292709
0.999989152 0.002728995 0.003760041 0.524630368 -0.002733835 0.999995470 0.001282687 -0.667804420 -0.003756523 -0.001292953 0.999992132 23.701925278
0.999991953 0.001978651 0.003480573 0.527666092 -0.001982006 0.999997556 0.000960614 -0.686607182 -0.003478664 -0.000967505 0.999993503 24.218761444
0.999991894 0.002743941 0.002943974 0.541098237 -0.002747091 0.999995649 0.001066228 -0.696494937 -0.002941036 -0.001074306 0.999995112 24.756877899
0.999992907 0.002902692 0.002397985 0.555959404 -0.002906353 0.999994636 0.001524688 -0.716888607 -0.002393546 -0.001531646 0.999995947 25.290845871
0.999993920 0.003083321 0.001626308 0.561568201 -0.003085756 0.999994099 0.001496743 -0.728729248 -0.001621683 -0.001501752 0.999997556 25.835668564
0.999993861 0.003188543 0.001469628 0.571665406 -0.003190523 0.999993920 0.001347121 -0.743470550 -0.001465324 -0.001351801 0.999998033 26.384172440
0.999995828 0.002661156 0.001104316 0.584950507 -0.002663027 0.999994934 0.001696197 -0.754329085 -0.001099797 -0.001699131 0.999997973 26.944290161
0.999995470 0.002953838 0.000591502 0.590479970 -0.002954873 0.999994040 0.001758474 -0.775058329 -0.000586305 -0.001760214 0.999998212 27.490663528
0.999994338 0.003361929 0.000187570 0.607103109 -0.003362250 0.999992788 0.001730187 -0.792068005 -0.000181752 -0.001730808 0.999998510 28.047449112
0.999992430 0.003888827 0.000133771 0.614278436 -0.003889054 0.999990880 0.001748610 -0.801991343 -0.000126969 -0.001749117 0.999998450 28.600116730
0.999992371 0.003899435 0.000064031 0.624907315 -0.003899547 0.999990582 0.001859169 -0.820884943 -0.000056781 -0.001859404 0.999998271 29.150669098
0.999992669 0.003773465 -0.000618917 0.637734473 -0.003772495 0.999991655 0.001562251 -0.830826044 0.000624807 -0.001559905 0.999998510 29.699747086
0.999993265 0.003535202 -0.001000472 0.645277381 -0.003533505 0.999992311 0.001693742 -0.845671177 0.001006452 -0.001690196 0.999998033 30.252300262
0.999993861 0.003229268 -0.001350056 0.658234119 -0.003226703 0.999992967 0.001898061 -0.863029659 0.001356175 -0.001893693 0.999997258 30.802528381
0.999992251 0.003600343 -0.001598109 0.669584453 -0.003597120 0.999991477 0.002015457 -0.881194532 0.001605351 -0.002009692 0.999996722 31.341911316
0.999988854 0.004634925 -0.000961403 0.671137989 -0.004632663 0.999986529 0.002341042 -0.894125104 0.000972240 -0.002336561 0.999996841 31.891260147
0.999991596 0.003704568 -0.001768671 0.688316166 -0.003701788 0.999991834 0.001572304 -0.906980872 0.001774481 -0.001565744 0.999997139 32.459346771
0.999990344 0.003959351 -0.001940222 0.689376771 -0.003955272 0.999989927 0.002101639 -0.934727788 0.001948523 -0.002093944 0.999995887 32.987552643
0.999990582 0.003654385 -0.002325921 0.716056943 -0.003650241 0.999991775 0.001783122 -0.942370534 0.002332417 -0.001774615 0.999995649 33.556510925
0.999988854 0.003665673 -0.002973768 0.728181243 -0.003660166 0.999991596 0.001855506 -0.965749741 0.002980545 -0.001844601 0.999993801 34.091926575
0.999988556 0.003904674 -0.002763370 0.724534392 -0.003898686 0.999989986 0.002169188 -0.988370657 0.002771813 -0.002158389 0.999993801 34.627014160
0.999987960 0.004003637 -0.002850268 0.734782100 -0.003997564 0.999989748 0.002133001 -1.008391023 0.002858780 -0.002121581 0.999993622 35.150405884
0.999987066 0.004475345 -0.002401201 0.749720216 -0.004471278 0.999988556 0.001696425 -1.008900166 0.002408766 -0.001685667 0.999995649 35.702995300
0.999985695 0.004850588 -0.002253296 0.756307364 -0.004846109 0.999986231 0.001989215 -1.025817156 0.002262914 -0.001978267 0.999995470 36.253196716
0.999984801 0.004893829 -0.002535535 0.744827330 -0.004889270 0.999986351 0.001800868 -1.042071342 0.002544313 -0.001788443 0.999995172 36.828971863
0.999984503 0.004816576 -0.002761149 0.752724946 -0.004813158 0.999987662 0.001243268 -1.056792498 0.002767102 -0.001229959 0.999995351 37.360382080
0.999981940 0.005572333 -0.002253680 0.758336186 -0.005568009 0.999982655 0.001920833 -1.080448627 0.002264345 -0.001908250 0.999995589 37.942577362
0.999981284 0.005532356 -0.002610205 0.767883658 -0.005526464 0.999982178 0.002259128 -1.095586658 0.002622657 -0.002244661 0.999994040 38.498672485
0.999983728 0.004995210 -0.002760695 0.777573466 -0.004989192 0.999985218 0.002182698 -1.104821563 0.002771558 -0.002168889 0.999993742 39.050922394
0.999990582 0.001930323 -0.003871347 0.794015169 -0.001925974 0.999997497 0.001126713 -1.105777264 0.003873513 -0.001119247 0.999991894 39.631008148
0.999990463 0.003386850 -0.002747829 0.782378137 -0.003384287 0.999993861 0.000936654 -1.144863844 0.002750985 -0.000927346 0.999995768 40.158954620
0.999989271 0.002329115 -0.003989186 0.817272961 -0.002326172 0.999997020 0.000741951 -1.164564133 0.003990903 -0.000732663 0.999991775 40.734409332
0.999989927 0.002681202 -0.003592638 0.822859704 -0.002680423 0.999996305 0.000221356 -1.173858285 0.003593219 -0.000211723 0.999993563 41.293357849
0.999989092 0.001792809 -0.004314098 0.818395913 -0.001786299 0.999997199 0.001512418 -1.195936918 0.004316797 -0.001504695 0.999989569 41.810062408
0.999990225 0.002310964 -0.003764790 0.844756901 -0.002307444 0.999996960 0.000938914 -1.203878999 0.003766947 -0.000930218 0.999992490 42.395214081
0.999988794 0.001395315 -0.004516273 0.834102929 -0.001388802 0.999998033 0.001444917 -1.229888439 0.004518280 -0.001438629 0.999988735 42.902427673
0.999990106 0.002651994 -0.003579719 0.846176744 -0.002647319 0.999995649 0.001309971 -1.225896597 0.003583177 -0.001300481 0.999992728 43.424217224
0.999989510 0.003313660 -0.003128794 0.854701757 -0.003310931 0.999994159 0.000876893 -1.252064228 0.003131681 -0.000866524 0.999994636 43.994029999
0.999988914 0.003684842 -0.002918704 0.862188458 -0.003681098 0.999992371 0.001286949 -1.265641570 0.002923427 -0.001276191 0.999994934 44.493343353
0.999991477 0.003264817 -0.002527195 0.865672886 -0.003260854 0.999993384 0.001570850 -1.282620907 0.002532307 -0.001562595 0.999995589 45.004772186
0.999987602 0.004216731 -0.002658916 0.889653802 -0.004212305 0.999989867 0.001667425 -1.325798631 0.002665918 -0.001656205 0.999995053 45.561668396
0.999988317 0.004036443 -0.002646845 0.896714330 -0.004033706 0.999991298 0.001038647 -1.313832641 0.002651015 -0.001027959 0.999995887 46.113155365
0.999992609 0.003247858 -0.002044708 0.892929673 -0.003245204 0.999993861 0.001299627 -1.343048573 0.002048916 -0.001292982 0.999997079 46.645778656
0.999987602 0.004475589 -0.002182770 0.908751011 -0.004473108 0.999989331 0.001139694 -1.353637576 0.002187848 -0.001129916 0.999996901 47.186672211
0.999988198 0.004002175 -0.002734339 0.934412003 -0.003998580 0.999991119 0.001318509 -1.371431112 0.002739593 -0.001307560 0.999995410 47.720836639
0.999988794 0.003908966 -0.002637912 0.939749599 -0.003905415 0.999991477 0.001349868 -1.386287332 0.002643166 -0.001339551 0.999995589 48.258598328
0.999988616 0.003964228 -0.002660456 0.951243937 -0.003960332 0.999991059 0.001467232 -1.400246739 0.002666249 -0.001456679 0.999995410 48.791915894
0.999990165 0.003719591 -0.002409969 0.948679268 -0.003716627 0.999992311 0.001233154 -1.412356734 0.002414539 -0.001224185 0.999996305 49.328712463
0.999985635 0.004846855 -0.002298860 0.969705284 -0.004843461 0.999987125 0.001479252 -1.433642507 0.002306000 -0.001468097 0.999996245 49.854564667
0.999984086 0.005242160 -0.002047844 0.974719763 -0.005239134 0.999985158 0.001480618 -1.451201916 0.002055574 -0.001469865 0.999996781 50.387588501
0.999982178 0.005632758 -0.001987953 0.984352350 -0.005629877 0.999983013 0.001451517 -1.467999339 0.001996096 -0.001440299 0.999996960 50.907936096
0.999982297 0.005721074 -0.001622854 0.998670816 -0.005717504 0.999981225 0.002195701 -1.493033290 0.001635385 -0.002186383 0.999996245 51.436145782
0.999982595 0.005616949 -0.001790437 0.990625203 -0.005612600 0.999981284 0.002425516 -1.516353846 0.001804028 -0.002415425 0.999995410 51.929271698
0.999981821 0.005885927 -0.001291209 1.008776903 -0.005883909 0.999981463 0.001561873 -1.516646743 0.001300377 -0.001554247 0.999997914 52.473201752
0.999980271 0.006168555 -0.001192798 1.035989046 -0.006165931 0.999978602 0.002190686 -1.547258854 0.001206286 -0.002183288 0.999996901 52.985717773
0.999981880 0.005932434 -0.000934014 1.007916570 -0.005930673 0.999980569 0.001877556 -1.545690060 0.000945134 -0.001871983 0.999997795 53.518142700
0.999980927 0.006006427 -0.001429739 1.036470890 -0.006004923 0.999981403 0.001053196 -1.554801464 0.001436039 -0.001044590 0.999998450 54.072231293
0.999980330 0.006249581 -0.000528058 1.031373382 -0.006248991 0.999979854 0.001111638 -1.570735693 0.000534995 -0.001108316 0.999999225 54.617557526
0.999980569 0.006166557 -0.000959639 1.044477344 -0.006165310 0.999980211 0.001297137 -1.583966255 0.000967620 -0.001291195 0.999998748 55.172672272
0.999981046 0.006001504 -0.001383513 1.067812085 -0.006000511 0.999981761 0.000720627 -1.593865871 0.001387813 -0.000712312 0.999998808 55.694839478
0.999981344 0.005890132 -0.001570485 1.071204901 -0.005888911 0.999982297 0.000781862 -1.604917765 0.001575064 -0.000772599 0.999998450 56.216777802
0.999980807 0.006051384 -0.001310360 1.081483245 -0.006050596 0.999981523 0.000603903 -1.621683955 0.001313990 -0.000595963 0.999998987 56.744361877
0.999979436 0.006299725 -0.001146887 1.078450561 -0.006298131 0.999979317 0.001388314 -1.644932389 0.001155608 -0.001381062 0.999998391 57.248085022
0.999978185 0.006541852 -0.000888510 1.091847301 -0.006540968 0.999978065 0.000994725 -1.653447747 0.000894999 -0.000988892 0.999999106 57.771888733
0.999978781 0.006471594 -0.000745599 1.104760528 -0.006471131 0.999978840 0.000621757 -1.663261890 0.000749606 -0.000616919 0.999999523 58.300380707
0.999977767 0.006611481 -0.000856733 1.114122033 -0.006610999 0.999978006 0.000564319 -1.676445484 0.000860445 -0.000558643 0.999999404 58.817440033
0.999979556 0.006374501 -0.000454577 1.118882298 -0.006374360 0.999979675 0.000309902 -1.695526242 0.000456543 -0.000306998 0.999999821 59.359680176
0.999980092 0.006210485 -0.001083664 1.132720232 -0.006209956 0.999980569 0.000492467 -1.710459948 0.001086701 -0.000485728 0.999999285 59.887653351
0.999979019 0.006423323 -0.000805635 1.138651490 -0.006423055 0.999979317 0.000335261 -1.715379953 0.000807772 -0.000330079 0.999999583 60.422813416
0.999979258 0.006354553 -0.001070116 1.155182123 -0.006354504 0.999979734 0.000048790 -1.731827378 0.001070404 -0.000041989 0.999999404 60.943981171
0.999976695 0.006822115 -0.000301201 1.151098251 -0.006822104 0.999976695 0.000040174 -1.744515657 0.000301468 -0.000038118 0.999999940 61.505512238
0.999979794 0.006302055 -0.000862488 1.169463992 -0.006301666 0.999979973 0.000454005 -1.766319752 0.000865331 -0.000448561 0.999999523 62.029136658
0.999977469 0.006701799 -0.000441276 1.174769044 -0.006701571 0.999977350 0.000515699 -1.790829897 0.000444722 -0.000512730 0.999999762 62.550651550
0.999979675 0.006317178 -0.000845708 1.191850901 -0.006317096 0.999980032 0.000097984 -1.797920585 0.000846311 -0.000092640 0.999999642 63.100154877
0.999980152 0.006196767 -0.001077548 1.203919768 -0.006196382 0.999980748 0.000361121 -1.820442200 0.001079765 -0.000354437 0.999999285 63.623519897
0.999978840 0.006455625 -0.000813103 1.208273411 -0.006455282 0.999979079 0.000427068 -1.834810019 0.000815843 -0.000421810 0.999999583 64.145721436
0.999978006 0.006604207 -0.000656404 1.213772535 -0.006604026 0.999978185 0.000275828 -1.847020626 0.000658210 -0.000271487 0.999999762 64.679824829
0.999980509 0.006178392 -0.000805725 1.224621177 -0.006178204 0.999980867 0.000236027 -1.862640262 0.000807169 -0.000231045 0.999999642 65.202514648
0.999978304 0.006580778 -0.000291985 1.232277989 -0.006580672 0.999978304 0.000355333 -1.878124475 0.000294316 -0.000353403 0.999999881 65.721870422
0.999980271 0.006245942 -0.000685383 1.244267821 -0.006246018 0.999980509 -0.000108587 -1.889389396 0.000684693 0.000112866 0.999999762 66.256767273
0.999979079 0.006419971 -0.000751381 1.255055547 -0.006420090 0.999979377 -0.000155895 -1.908208847 0.000750364 0.000160716 0.999999702 66.780242920
0.999979019 0.006412866 -0.000905269 1.267336607 -0.006412707 0.999979436 0.000176624 -1.923678398 0.000906382 -0.000170815 0.999999583 67.317764282
0.999980271 0.006245621 -0.000701133 1.274602890 -0.006245650 0.999980509 -0.000039722 -1.939847827 0.000700871 0.000044100 0.999999762 67.852577209
0.999981821 0.005957235 -0.000844977 1.284991622 -0.005957197 0.999982178 0.000048976 -1.956928134 0.000845253 -0.000043941 0.999999642 68.388465881
0.999978244 0.006497382 -0.001118030 1.291069508 -0.006497130 0.999978840 0.000229387 -1.971034527 0.001119496 -0.000222118 0.999999285 68.912117004
0.999979079 0.006388175 -0.000994122 1.308369160 -0.006388426 0.999979496 -0.000249949 -1.988988042 0.000992504 0.000256295 0.999999404 69.432533264
0.999979734 0.006337313 -0.000648098 1.313661575 -0.006337076 0.999979854 0.000367215 -2.008543015 0.000650411 -0.000363100 0.999999642 69.984886169
0.999979854 0.006288697 -0.000831610 1.325348496 -0.006288915 0.999980211 -0.000260739 -2.022873878 0.000829954 0.000265963 0.999999642 70.488281250
0.999981165 0.006089758 -0.000661347 1.336087108 -0.006090008 0.999981403 -0.000372929 -2.035200357 0.000659064 0.000376950 0.999999702 71.018928528
0.999979556 0.006377300 -0.000494308 1.339378595 -0.006377649 0.999979436 -0.000704952 -2.048303127 0.000489803 0.000708090 0.999999642 71.556892395
0.999978304 0.006562260 -0.000584612 1.345896006 -0.006562788 0.999978006 -0.000905440 -2.063303947 0.000578657 0.000909258 0.999999404 72.085960388
0.999978483 0.006510988 -0.000835617 1.359074235 -0.006511598 0.999978542 -0.000728630 -2.079243660 0.000830853 0.000734056 0.999999404 72.619270325
0.999972761 0.007342971 -0.000756329 1.361437917 -0.007343101 0.999973059 -0.000170500 -2.099366426 0.000755057 0.000176049 0.999999702 73.170578003
0.999978840 0.006503857 -0.000143532 1.375923634 -0.006503948 0.999978662 -0.000633134 -2.113071203 0.000139410 0.000634054 0.999999762 73.666336060
0.999976277 0.006889559 -0.000095952 1.383709550 -0.006889618 0.999976039 -0.000632802 -2.126986504 0.000091591 0.000633448 0.999999821 74.194686890
0.999978006 0.006629062 -0.000305594 1.396659017 -0.006629291 0.999977708 -0.000760973 -2.143892527 0.000300543 0.000762982 0.999999642 74.737129211
0.999976575 0.006833095 -0.000251082 1.409544826 -0.006833345 0.999976099 -0.001010735 -2.159967422 0.000244171 0.001012427 0.999999464 75.259407043
0.999975085 0.007046359 -0.000225777 1.414873242 -0.007046592 0.999974608 -0.001054264 -2.179135561 0.000218343 0.001055828 0.999999404 75.780372620
0.999979794 0.006347142 -0.000257748 1.427203059 -0.006347341 0.999979496 -0.000785602 -2.198268652 0.000252757 0.000787223 0.999999583 76.313873291
0.999977708 0.006671112 -0.000297667 1.436250567 -0.006671375 0.999977291 -0.000896426 -2.215106249 0.000291680 0.000898392 0.999999583 76.841903687
0.999976039 0.006908461 -0.000413837 1.435031652 -0.006908718 0.999975920 -0.000624304 -2.230555058 0.000409513 0.000627148 0.999999702 77.372901917
0.999975979 0.006946208 -0.000279147 1.451487422 -0.006946511 0.999975264 -0.001101418 -2.247379541 0.000271489 0.001103331 0.999999344 77.888168335
0.999973536 0.007278476 0.000038182 1.456759453 -0.007278407 0.999972343 -0.001537739 -2.256902695 -0.000049375 0.001537421 0.999998808 78.429946899
0.999971867 0.007499035 0.000060880 1.466249585 -0.007498963 0.999971390 -0.001087831 -2.279752731 -0.000069035 0.001087344 0.999999404 78.946281433
0.999974668 0.007113790 -0.000201895 1.480446577 -0.007114083 0.999973595 -0.001482928 -2.290034771 0.000191340 0.001484326 0.999998808 79.460235596
0.999974310 0.007129817 0.000728271 1.492649555 -0.007128840 0.999973655 -0.001332631 -2.305418730 -0.000737753 0.001327406 0.999998868 79.991638184
0.999973297 0.007032821 0.001993107 1.498169422 -0.007029806 0.999974132 -0.001516562 -2.324994326 -0.002003721 0.001502510 0.999996841 80.535675049
0.999975026 0.006515192 0.002742645 1.524780631 -0.006511044 0.999977589 -0.001517668 -2.335797787 -0.002752472 0.001499773 0.999995053 81.060829163
0.999970317 0.006711612 0.003777680 1.532978892 -0.006704698 0.999975860 -0.001840030 -2.351456165 -0.003789938 0.001814647 0.999991119 81.598091125
0.999951601 0.006953873 0.006956378 1.551925421 -0.006943857 0.999974847 -0.001463309 -2.374104738 -0.006966379 0.001414934 0.999974668 82.114974976
0.999920845 0.006339137 0.010865715 1.570905209 -0.006322469 0.999978721 -0.001567603 -2.383837938 -0.010875423 0.001498780 0.999939740 82.625221252
0.999880672 0.006770416 0.013881144 1.596375108 -0.006749464 0.999975979 -0.001555745 -2.399817467 -0.013891343 0.001461869 0.999902427 83.161239624
0.999812603 0.006989767 0.018053636 1.620963693 -0.006966535 0.999974787 -0.001349490 -2.420619488 -0.018062614 0.001223466 0.999836087 83.691604614
0.999686956 0.007117443 0.023990506 1.651664734 -0.007093367 0.999974251 -0.001088509 -2.440748692 -0.023997640 0.000917995 0.999711573 84.209472656
0.999526441 0.007218282 0.029913021 1.682819009 -0.007178234 0.999973178 -0.001445953 -2.454731464 -0.029922660 0.001230546 0.999551475 84.744812012
0.999317229 0.007373121 0.036202889 1.712837696 -0.007330498 0.999972224 -0.001309951 -2.471767187 -0.036211532 0.001043672 0.999343574 85.265960693
0.998983204 0.007409831 0.044470176 1.754972696 -0.007360028 0.999972105 -0.001283530 -2.487915516 -0.044478439 0.000954923 0.999009907 85.799995422
0.998602033 0.006886768 0.052407615 1.803458929 -0.006790793 0.999974906 -0.002009154 -2.498887539 -0.052420139 0.001650456 0.998623848 86.339935303
0.998176754 0.007260485 0.059920214 1.843157291 -0.007184440 0.999973059 -0.001484456 -2.520723581 -0.059929375 0.001051256 0.998202026 86.861610413
0.997607648 0.007265284 0.068747289 1.896363258 -0.007173260 0.999972939 -0.001585364 -2.536466599 -0.068756938 0.001088429 0.997632861 87.400497437
0.996892691 0.006959714 0.078463547 1.964801788 -0.006855158 0.999975324 -0.001601809 -2.557528496 -0.078472763 0.001058951 0.996915698 87.912200928
0.996154070 0.006784021 0.087354854 2.021561623 -0.006644782 0.999976158 -0.001884648 -2.571514130 -0.087365553 0.001296946 0.996175468 88.436889648
0.995513439 0.006311287 0.094409294 2.090640068 -0.006166132 0.999979258 -0.001829148 -2.588889837 -0.094418891 0.001238801 0.995531797 88.964431763
0.994514883 0.006015163 0.104421318 2.168400764 -0.005851910 0.999981105 -0.001869733 -2.608353138 -0.104430601 0.001248414 0.994531393 89.473899841
0.993395090 0.005838660 0.114595249 2.254280090 -0.005687673 0.999982476 -0.001644491 -2.626691103 -0.114602849 0.000981849 0.993410826 89.991539001
0.992257178 0.005423093 0.124081880 2.336894035 -0.005249417 0.999984682 -0.001726575 -2.647944927 -0.124089338 0.001061849 0.992270410 90.504989624
0.990746200 0.005341272 0.135622352 2.432065010 -0.005117249 0.999984920 -0.002000377 -2.660339832 -0.135630965 0.001287853 0.990758598 91.028831482
0.988827944 0.005649977 0.148953781 2.518704414 -0.005349861 0.999982774 -0.002415432 -2.684099913 -0.148964807 0.001591565 0.988841236 91.506034851
0.987231255 0.004823057 0.159220397 2.630991936 -0.004483182 0.999986827 -0.002493751 -2.698162317 -0.159230307 0.001748095 0.987239897 92.060020447
0.985488594 0.004993728 0.169667736 2.762078285 -0.004615992 0.999985933 -0.002620696 -2.706796169 -0.169678420 0.001799481 0.985497832 92.752288818
0.983208716 0.004300708 0.182433799 2.898810387 -0.003894010 0.999989092 -0.002587442 -2.729279041 -0.182442889 0.001833595 0.983214736 93.345962524
0.980900645 0.004085229 0.194466472 3.044443130 -0.003602109 0.999989510 -0.002837892 -2.747082233 -0.194476023 0.002083201 0.980904996 93.952049255
0.978709817 0.003612553 0.205217123 3.171385765 -0.003036106 0.999990582 -0.003123775 -2.765472651 -0.205226451 0.002434208 0.978711426 94.483543396
0.976088881 0.003177610 0.217348322 3.366502762 -0.002556257 0.999991775 -0.003139886 -2.784972191 -0.217356503 0.002509209 0.976089060 95.186820984
0.972951353 0.003114317 0.230988994 3.514171600 -0.002544104 0.999992907 -0.002766388 -2.800306797 -0.230995983 0.002103901 0.972952366 95.719863892
0.970371068 0.002355429 0.241608292 3.666826248 -0.001713663 0.999994397 -0.002866324 -2.814175606 -0.241613671 0.002367363 0.970369637 96.227561951
0.967315674 0.002141557 0.253566235 3.928852081 -0.001348685 0.999993622 -0.003300677 -2.856129408 -0.253571719 0.002850815 0.967312336 97.237525940
0.963698983 0.001872783 0.266984463 4.124725342 -0.000954112 0.999993145 -0.003570593 -2.873945236 -0.266989410 0.003186244 0.963694155 97.847213745
0.960062027 0.001035328 0.279785156 4.298055649 0.000081124 0.999992132 -0.003978780 -2.895159006 -0.279787034 0.003842572 0.960054338 98.366577148
0.956447482 0.002851993 0.291890502 4.539028168 -0.001708734 0.999989867 -0.004171600 -2.904065609 -0.291899383 0.003491152 0.956442654 99.231178284
0.952658594 -0.000260402 0.304041803 4.791412354 0.001207994 0.999994993 -0.002928563 -2.934933662 -0.304039478 0.003157202 0.952654183 99.841476440
0.947496831 0.001012388 0.319763958 4.962644577 0.000385411 0.999990642 -0.004308035 -2.947674036 -0.319765359 0.004205089 0.947487414 100.345977783
0.943553805 0.000983880 0.331217825 5.168947220 0.000647472 0.999988258 -0.004814940 -2.960985184 -0.331218630 0.004757609 0.943542004 100.862564087
0.938302755 -0.001121787 0.345813125 5.218660355 0.002494891 0.999990702 -0.003525566 -3.003969908 -0.345805913 0.004170814 0.938296914 101.194320679
0.933046997 -0.001103182 0.359752774 5.446832657 0.002579544 0.999990165 -0.003623779 -3.015068531 -0.359745204 0.004309155 0.933040619 101.703460693
0.927986681 -0.001926907 0.372608334 5.661327362 0.003501151 0.999987602 -0.003548331 -3.033218861 -0.372596920 0.004597362 0.927981973 102.204376221
0.923223257 -0.002034687 0.384258628 5.906175613 0.003592201 0.999987960 -0.003335621 -3.056381226 -0.384247303 0.004459857 0.923219442 102.717338562
0.917109787 -0.001638299 0.398631305 6.140480042 0.003040364 0.999991238 -0.002885029 -3.074851990 -0.398623139 0.003857873 0.917106807 103.212425232
0.911290228 0.000143603 0.411764622 6.406707764 0.001384943 0.999993205 -0.003413812 -3.087990761 -0.411762387 0.003681243 0.911283851 103.727355957
0.906409144 -0.001034281 0.422399461 6.660045624 0.002851745 0.999989152 -0.003670880 -3.108155251 -0.422391117 0.004531894 0.906402409 104.183982849
0.900466144 -0.003468652 0.434912205 6.915431976 0.005321634 0.999981165 -0.003042830 -3.127918243 -0.434893399 0.005054409 0.900467753 104.686408997
0.893778026 -0.003523561 0.448495775 7.184318542 0.005384104 0.999981403 -0.002873379 -3.143203259 -0.448477298 0.004982911 0.893780351 105.176055908
0.887879252 -0.004140479 0.460057825 7.455631256 0.006049367 0.999978125 -0.002675140 -3.165972233 -0.460036755 0.005158259 0.887884915 105.648406982
0.881779194 -0.003716642 0.471647531 7.733066559 0.005359645 0.999983370 -0.002140251 -3.182495117 -0.471631736 0.004415093 0.881784618 106.128814697
0.874340832 -0.004745251 0.485289007 8.010562897 0.006546966 0.999976516 -0.002017645 -3.207691193 -0.485267997 0.004941281 0.874351442 106.586235046
0.867290616 -0.005154689 0.497775435 8.301746368 0.006989966 0.999973893 -0.001823670 -3.227155447 -0.497753024 0.005061084 0.867304087 107.040756226
0.860827446 -0.005523241 0.508866966 8.607200623 0.007584677 0.999969304 -0.001976995 -3.237222910 -0.508840442 0.005561444 0.860842884 107.510345459
