1.000000000 0.000000000 0.000000000 0.000000000 0.000000000 1.000000000 0.000000000 0.000000000 0.000000000 0.000000000 1.000000000 0.000000000
1.000000000 0.000008936 0.000159135 -0.000941373 -0.000008941 1.000000000 0.000027635 0.000193713 -0.000159134 -0.000027637 1.000000000 -0.000183517
0.999999940 0.000195433 0.000148173 -0.001545559 -0.000195443 1.000000000 0.000068705 0.000837088 -0.000148159 -0.000068734 1.000000000 0.001666641
1.000000000 0.000195573 -0.000005378 0.000081256 -0.000195573 0.999999940 0.000156155 -0.001120503 0.000005409 -0.000156154 1.000000000 -0.000295699
0.999999940 0.000284755 0.000140712 -0.001193906 -0.000284770 0.999999940 0.000106987 -0.000145899 -0.000140681 -0.000107027 1.000000000 0.000358419
1.000000000 0.000023929 0.000025127 -0.000736209 -0.000023931 1.000000000 0.000080055 -0.000087011 -0.000025125 -0.000080055 1.000000000 -0.000633074
1.000000000 0.000047574 0.000138793 -0.002114000 -0.000047562 1.000000000 -0.000084648 0.001852044 -0.000138797 0.000084642 1.000000000 0.003279626
1.000000000 -0.000071647 0.000178923 -0.001415962 0.000071630 1.000000000 0.000095533 0.000767359 -0.000178930 -0.000095520 1.000000000 0.003093326
1.000000000 0.000005934 0.000167589 -0.001556676 -0.000005925 1.000000000 -0.000053783 0.001262715 -0.000167589 0.000053782 1.000000000 0.002435079
1.000000000 0.000024753 0.000204145 -0.001223967 -0.000024760 1.000000000 0.000035376 0.000137936 -0.000204144 -0.000035381 1.000000000 0.000329784
1.000000000 -0.000090175 0.000197223 -0.001023025 0.000090180 1.000000000 -0.000025398 0.001616736 -0.000197221 0.000025416 1.000000000 0.002619772
1.000000000 0.000048302 0.000095631 -0.000558577 -0.000048306 1.000000000 0.000038460 -0.000026641 -0.000095629 -0.000038465 1.000000000 0.000396637
1.000000000 0.000005251 0.000161611 -0.001460140 -0.000005246 1.000000000 -0.000029854 0.001788027 -0.000161611 0.000029853 1.000000000 0.004164567
0.999999940 -0.000031788 0.000260650 -0.002361443 0.000031753 1.000000000 0.000134876 0.001070085 -0.000260654 -0.000134868 0.999999940 0.003958937
1.000000000 0.000010237 0.000164559 -0.002052162 -0.000010252 1.000000000 0.000091466 0.000897863 -0.000164558 -0.000091468 1.000000000 0.003500940
1.000000000 0.000046734 0.000113997 -0.001379392 -0.000046740 1.000000000 0.000054777 0.000519705 -0.000113994 -0.000054782 1.000000000 0.001842077
1.000000000 0.000016713 0.000134302 -0.001157532 -0.000016730 1.000000000 0.000130272 -0.000751664 -0.000134299 -0.000130274 1.000000000 -0.000041417
0.999999940 0.000141137 0.000325107 -0.001557602 -0.000141179 1.000000000 0.000129869 -0.000223476 -0.000325088 -0.000129915 0.999999940 0.000907561
0.999999940 0.000198424 0.000292130 -0.003211142 -0.000198444 1.000000000 0.000067820 0.000601655 -0.000292117 -0.000067878 0.999999940 0.002663425
0.999999940 0.000175517 0.000177627 -0.002067503 -0.000175529 1.000000000 0.000066015 0.000787555 -0.000177616 -0.000066047 1.000000000 0.003348387
0.999999881 0.000368916 0.000321083 -0.003262471 -0.000368976 0.999999940 0.000187585 0.000557017 -0.000321014 -0.000187704 0.999999940 0.003645741
0.999999821 0.000484774 0.000365123 -0.003209930 -0.000484823 0.999999881 0.000133705 -0.000042194 -0.000365058 -0.000133882 0.999999940 0.001556249
1.000000000 0.000011022 0.000148796 -0.002073511 -0.000011037 1.000000000 0.000105487 0.000829090 -0.000148795 -0.000105489 1.000000000 0.003169243
0.999999940 0.000120281 0.000301392 -0.001635579 -0.000120312 1.000000000 0.000102619 -0.000148974 -0.000301380 -0.000102655 0.999999940 0.001722262
0.999999940 0.000098804 0.000248658 -0.002102866 -0.000098806 1.000000000 0.000008005 0.000519774 -0.000248657 -0.000008030 0.999999940 0.000171226
1.000000000 0.000006938 0.000214937 -0.001071559 -0.000006929 1.000000000 -0.000040384 0.001521195 -0.000214938 0.000040382 1.000000000 0.002482939
0.999999940 0.000084069 0.000283728 -0.001909834 -0.000084100 1.000000000 0.000110072 -0.000104066 -0.000283719 -0.000110096 0.999999940 0.001053984
0.999999940 0.000040697 0.000254123 -0.001428191 -0.000040701 1.000000000 0.000015292 0.001075185 -0.000254122 -0.000015302 0.999999940 0.002296842
0.999999940 0.000235887 0.000348714 -0.002992294 -0.000235877 1.000000000 -0.000029871 0.001021043 -0.000348721 0.000029789 0.999999940 0.001175676
0.999999940 0.000127361 0.000331559 -0.003675897 -0.000127363 1.000000000 0.000007616 0.001832940 -0.000331558 -0.000007659 0.999999940 0.003686120
0.999999940 0.000199164 0.000310367 -0.002982026 -0.000199192 1.000000000 0.000089514 0.000950837 -0.000310349 -0.000089576 0.999999940 0.003145196
0.999999940 0.000139248 0.000307483 -0.002368988 -0.000139286 1.000000000 0.000124007 0.000451721 -0.000307466 -0.000124049 0.999999940 0.001676762
0.999999881 0.000258645 0.000394105 -0.004045357 -0.000258640 0.999999940 -0.000011839 0.002028805 -0.000394108 0.000011737 0.999999940 0.003890568
0.999999881 0.000232011 0.000436575 -0.002970041 -0.000232014 1.000000000 0.000006799 0.001503432 -0.000436573 -0.000006900 0.999999881 0.003340296
0.999999940 0.000174540 0.000262492 -0.000979357 -0.000174580 1.000000000 0.000151976 -0.000404352 -0.000262466 -0.000152021 0.999999940 0.000206323
0.999999881 0.000301085 0.000320743 -0.003191530 -0.000301067 0.999999940 -0.000056181 0.003369948 -0.000320760 0.000056084 0.999999940 0.006169475
0.999999940 0.000187603 0.000311002 -0.003469988 -0.000187584 1.000000000 -0.000059517 0.004362662 -0.000311014 0.000059458 0.999999940 0.006964419
0.999999940 -0.000083359 0.000256807 -0.001152885 0.000083345 1.000000000 0.000053714 0.001260297 -0.000256812 -0.000053693 0.999999940 0.002702789
0.999999940 0.000206148 0.000300166 -0.002973738 -0.000206179 1.000000000 0.000104051 0.001965824 -0.000300145 -0.000104113 0.999999940 0.005047353
0.999999940 0.000004616 0.000245575 -0.001272161 -0.000004631 1.000000000 0.000064203 0.001426156 -0.000245575 -0.000064204 0.999999940 0.002775433
0.999999881 0.000101344 0.000477253 -0.003217772 -0.000101335 1.000000000 -0.000018555 0.001725402 -0.000477255 0.000018507 0.999999881 0.004881560
0.999999940 -0.000213726 0.000234256 0.000598158 0.000213923 0.999999642 -0.000837982 0.001133791 -0.000234077 0.000838032 0.999999642 0.055322148
0.999999881 0.000261312 0.000382002 -0.002076729 -0.000260914 0.999999404 -0.001040977 -0.006808771 -0.000382274 0.001040877 0.999999404 0.131688640
1.000000000 0.000221775 0.000087742 0.002960791 -0.000221626 0.999998510 -0.001695025 -0.002798839 -0.000088118 0.001695005 0.999998569 0.256052703
1.000000000 0.000189669 0.000082038 0.004851924 -0.000189570 0.999999225 -0.001208962 -0.012021497 -0.000082267 0.001208946 0.999999285 0.386233330
0.999999940 0.000170777 0.000190598 0.008185863 -0.000170593 0.999999523 -0.000963014 -0.017261771 -0.000190762 0.000962981 0.999999523 0.525099993
0.999999940 0.000349696 0.000082983 0.012854838 -0.000349627 0.999999583 -0.000829577 -0.025609624 -0.000083273 0.000829548 0.999999642 0.666969180
0.999999881 0.000286136 0.000346985 0.015850350 -0.000285827 0.999999583 -0.000888957 -0.025597710 -0.000347239 0.000888857 0.999999523 0.839280963
0.999999881 0.000415967 0.000177286 0.016773144 -0.000415847 0.999999702 -0.000677789 -0.028576391 -0.000177568 0.000677715 0.999999762 1.013146877
1.000000000 0.000143296 0.000023336 0.021928066 -0.000143286 0.999999940 -0.000390253 -0.033517111 -0.000023392 0.000390250 0.999999940 1.191985011
0.999999702 0.000621751 0.000389308 0.017718289 -0.000621481 0.999999583 -0.000693510 -0.035913285 -0.000389739 0.000693268 0.999999702 1.368744254
0.999999702 0.000732559 0.000214779 0.034132052 -0.000732574 0.999999702 0.000067912 -0.054704666 -0.000214730 -0.000068069 1.000000000 1.564975023
0.999999702 0.000630677 0.000396609 0.035921395 -0.000630649 0.999999821 -0.000071093 -0.052428249 -0.000396654 0.000070843 0.999999940 1.759764552
0.999999881 0.000515776 -0.000116273 0.039450109 -0.000515835 0.999999762 -0.000500447 -0.052615356 0.000116015 0.000500507 0.999999881 1.962551713
0.999999583 0.000909895 0.000193652 0.044010673 -0.000909601 0.999998450 -0.001512767 -0.049974971 -0.000195028 0.001512590 0.999998748 2.159091711
0.999999225 0.001262312 0.000117431 0.047840167 -0.001262097 0.999997556 -0.001808885 -0.053997077 -0.000119714 0.001808735 0.999998331 2.373365402
0.999998629 0.001609879 0.000134585 0.055186324 -0.001609662 0.999997377 -0.001593132 -0.065815680 -0.000137150 0.001592913 0.999998689 2.592065573
0.999998927 0.001404415 0.000211866 0.060306672 -0.001404196 0.999998510 -0.001026349 -0.075157873 -0.000213307 0.001026051 0.999999404 2.822397470
0.999999583 0.000877811 -0.000079876 0.069638155 -0.000877873 0.999999285 -0.000784869 -0.081288926 0.000079187 0.000784939 0.999999702 3.052883387
0.999999285 0.001151980 -0.000166796 0.073840439 -0.001152178 0.999998569 -0.001190270 -0.083344191 0.000165425 0.001190461 0.999999344 3.292359829
0.999999166 0.001268663 0.000085503 0.074519590 -0.001268571 0.999998569 -0.001068530 -0.092467025 -0.000086859 0.001068421 0.999999464 3.538149118
0.999999583 0.000892406 -0.000280027 0.086585268 -0.000892776 0.999998748 -0.001327065 -0.097789273 0.000278843 0.001327315 0.999999046 3.801177979
0.999999583 0.000904307 -0.000233120 0.091523528 -0.000904635 0.999998629 -0.001409037 -0.104890689 0.000231846 0.001409248 0.999998987 4.060909748
0.999999046 0.001349081 -0.000035799 0.092207938 -0.001349120 0.999998510 -0.001124715 -0.113166273 0.000034282 0.001124762 0.999999404 4.311198235
0.999999523 0.000968499 -0.000336421 0.102935962 -0.000968803 0.999999166 -0.000904090 -0.120665319 0.000335545 0.000904415 0.999999583 4.565197468
0.999999285 0.001161973 -0.000235313 0.105634853 -0.001162243 0.999998629 -0.001155125 -0.124636382 0.000233971 0.001155398 0.999999285 4.826056957
0.999999583 0.000808946 -0.000363500 0.112043314 -0.000809333 0.999999106 -0.001065775 -0.132545903 0.000362638 0.001066069 0.999999344 5.088490009
0.999999344 0.001104547 -0.000264763 0.114155345 -0.001104919 0.999998391 -0.001407337 -0.139106423 0.000263208 0.001407629 0.999998987 5.350102901
0.999999344 0.001113722 -0.000356522 0.127490819 -0.001114257 0.999998212 -0.001504532 -0.144707128 0.000354846 0.001504929 0.999998808 5.625628948
0.999999702 0.000625621 -0.000261791 0.126730263 -0.000625792 0.999999583 -0.000653086 -0.163720787 0.000261382 0.000653249 0.999999762 5.881536007
0.999999642 0.000804157 -0.000273514 0.132884651 -0.000804277 0.999999583 -0.000441428 -0.175103009 0.000273159 0.000441648 0.999999881 6.159482479
0.999999583 0.000878872 0.000021335 0.138356045 -0.000878858 0.999999344 -0.000612949 -0.180493519 -0.000021874 0.000612930 0.999999881 6.443158627
0.999999642 0.000676970 0.000230945 0.141233787 -0.000676869 0.999999642 -0.000434383 -0.192240283 -0.000231239 0.000434227 0.999999881 6.717559814
0.999999344 0.001154249 0.000098975 0.149866626 -0.001154171 0.999999046 -0.000782403 -0.199177772 -0.000099878 0.000782288 0.999999642 7.032360554
0.999999821 0.000599529 0.000032551 0.154931307 -0.000599504 0.999999583 -0.000753457 -0.203939065 -0.000033003 0.000753437 0.999999702 7.333365440
0.999999821 0.000694584 0.000201689 0.165425539 -0.000694386 0.999999285 -0.000976886 -0.217154056 -0.000202367 0.000976746 0.999999523 7.640160561
0.999999583 0.000953572 0.000110304 0.177296728 -0.000953540 0.999999464 -0.000287667 -0.235179961 -0.000110579 0.000287562 0.999999940 7.936538696
0.999999225 0.001229669 0.000001948 0.180388913 -0.001229668 0.999999166 -0.000313318 -0.240632370 -0.000002333 0.000313315 0.999999940 8.268866539
0.999999166 0.001293289 0.000090061 0.189782351 -0.001293258 0.999999106 -0.000350527 -0.252529800 -0.000090514 0.000350411 0.999999940 8.587833405
0.999999344 0.001017470 0.000374789 0.199139506 -0.001017426 0.999999404 -0.000118630 -0.262650281 -0.000374910 0.000118249 0.999999881 8.920452118
0.999998868 0.001306719 0.000664184 0.197202846 -0.001306670 0.999999106 -0.000073726 -0.275109649 -0.000664280 0.000072858 0.999999762 9.265729904
0.999998391 0.001490649 0.000979413 0.193350181 -0.001490907 0.999998868 0.000261969 -0.285036862 -0.000979021 -0.000263428 0.999999464 9.597715378
0.999999642 0.000714371 0.000417723 0.206183314 -0.000714444 0.999999702 0.000174964 -0.296936542 -0.000417598 -0.000175262 0.999999881 9.950483322
0.999999225 0.000855651 0.000815966 0.211462006 -0.000855785 0.999999583 0.000164089 -0.306820601 -0.000815825 -0.000164787 0.999999583 10.309513092
0.999999464 0.000817616 0.000620621 0.223494291 -0.000817917 0.999999523 0.000484367 -0.321280330 -0.000620225 -0.000484875 0.999999702 10.658288956
0.999999881 -0.000047879 0.000537581 0.232277185 0.000047762 0.999999940 0.000218609 -0.327855587 -0.000537592 -0.000218584 0.999999821 11.026898384
0.999999046 0.000904249 0.001019433 0.230738580 -0.000904129 0.999999583 -0.000117929 -0.336085171 -0.001019540 0.000117008 0.999999404 11.421647072
0.999999166 0.000968339 0.000822971 0.244429320 -0.000968596 0.999999523 0.000311422 -0.348038405 -0.000822669 -0.000312219 0.999999523 11.795167923
0.999999702 0.000162792 0.000738082 0.254073620 -0.000162892 1.000000000 0.000135379 -0.359510899 -0.000738060 -0.000135499 0.999999642 12.184345245
0.999999106 0.000742991 0.001125104 0.255459338 -0.000743478 0.999999642 0.000432178 -0.377325535 -0.001124782 -0.000433014 0.999999285 12.575907707
0.999998808 0.001284803 0.000745392 0.262787312 -0.001284893 0.999999106 0.000119811 -0.385343641 -0.000745237 -0.000120769 0.999999702 12.976858139
0.999998271 0.001369867 0.001280326 0.269967020 -0.001370369 0.999998987 0.000390712 -0.400264025 -0.001279790 -0.000392466 0.999999106 13.372785568
0.999997139 0.001299698 0.002009080 0.275593102 -0.001300562 0.999999046 0.000428729 -0.407792479 -0.002008521 -0.000431341 0.999997854 13.786027908
0.999997437 0.001322160 0.001847555 0.283894420 -0.001322927 0.999999166 0.000414047 -0.419925570 -0.001847006 -0.000416490 0.999998212 14.196651459
0.999998212 0.001127813 0.001571369 0.300494075 -0.001128918 0.999999106 0.000702070 -0.434322119 -0.001570576 -0.000703842 0.999998510 14.613638878
0.999998033 0.000672472 0.001820612 0.307165027 -0.000674004 0.999999344 0.000840587 -0.447637588 -0.001820046 -0.000841812 0.999997973 15.055229187
0.999997556 0.000549784 0.002154468 0.318541378 -0.000551624 0.999999464 0.000853470 -0.460305423 -0.002153998 -0.000854656 0.999997258 15.483019829
0.999996543 0.000841804 0.002490097 0.327559173 -0.000843373 0.999999583 0.000629504 -0.471370101 -0.002489565 -0.000631602 0.999996722 15.920103073
0.999995947 0.000929091 0.002675020 0.337472796 -0.000931123 0.999999225 0.000758818 -0.482662439 -0.002674313 -0.000761306 0.999996126 16.365085602
0.999994397 0.001092631 0.003156029 0.346717328 -0.001094049 0.999999285 0.000447456 -0.493336678 -0.003155538 -0.000450907 0.999994934 16.808134079
0.999993622 0.000977227 0.003439518 0.357291996 -0.000979777 0.999999225 0.000739817 -0.506927311 -0.003438792 -0.000743182 0.999993801 17.273269653
0.999992847 0.001235456 0.003580642 0.363964260 -0.001238650 0.999998748 0.000889878 -0.519171894 -0.003579541 -0.000894307 0.999993205 17.740694046
0.999989688 0.001327246 0.004347115 0.371768951 -0.001331223 0.999998629 0.000912049 -0.531638205 -0.004345899 -0.000917827 0.999990165 18.206695557
0.999992251 0.001066718 0.003767267 0.395236135 -0.001071015 0.999998689 0.001138905 -0.548660398 -0.003766048 -0.001142931 0.999992251 18.666896820
0.999990702 0.001605831 0.003968488 0.406100631 -0.001610236 0.999998093 0.001107100 -0.560624659 -0.003966703 -0.001113480 0.999991536 19.139907837
0.999986768 0.001308140 0.004965783 0.413136721 -0.001312649 0.999998689 0.000904747 -0.568228185 -0.004964594 -0.000911253 0.999987245 19.633201599
0.999991179 0.000190785 0.004223555 0.425978959 -0.000192192 0.999999940 0.000332815 -0.568339586 -0.004223492 -0.000333624 0.999991000 20.119659424
0.999992073 0.000755701 0.003916211 0.441472828 -0.000757092 0.999999642 0.000353607 -0.583708286 -0.003915942 -0.000356569 0.999992251 20.608818054
0.999990404 0.001121812 0.004231194 0.451603025 -0.001123083 0.999999285 0.000298012 -0.593232870 -0.004230857 -0.000302761 0.999991000 21.103256226
0.999991238 0.000401332 0.004160168 0.457772911 -0.000401824 0.999999881 0.000117566 -0.596862495 -0.004160121 -0.000119236 0.999991298 21.615278244
0.999992788 0.001007388 0.003700061 0.454012901 -0.001011029 0.999998927 0.000982241 -0.637260854 -0.003699067 -0.000985975 0.999992609 22.141296387
0.999993145 0.001740874 0.003278061 0.468227774 -0.001746938 0.999996781 0.001847969 -0.658313096 -0.003274833 -0.001853683 0.999992847 22.655401230
0.999994814 0.001401780 0.002890829 0.473904818 -0.001404510 0.999998689 0.000942370 -0.663096011 -0.002889504 -0.000946425 0.999995351 23.171749115
0.999997735 0.001322366 0.001647395 0.486845523 -0.001322193 0.999999225 -0.000106137 -0.674373209 -0.001647534 0.000103959 0.999998629 23.702480316
0.999997616 0.000676530 0.002075392 0.489608556 -0.000676918 0.999999702 0.000186512 -0.688918710 -0.002075266 -0.000187916 0.999997854 24.227960587
0.999997735 0.001241271 0.001724514 0.498328477 -0.001242293 0.999999106 0.000591883 -0.702437520 -0.001723778 -0.000594024 0.999998391 24.763500214
0.999997556 0.002127645 0.000475962 0.515002966 -0.002127985 0.999997497 0.000716484 -0.719995022 -0.000474435 -0.000717496 0.999999583 25.303819656
0.999998569 0.001433459 -0.000982846 0.530416965 -0.001432580 0.999998629 0.000894922 -0.736772299 0.000984128 -0.000893512 0.999999166 25.864538193
0.999997854 0.002034731 0.000184071 0.538357377 -0.002034932 0.999997258 0.001099282 -0.759362042 -0.000181833 -0.001099655 0.999999404 26.388059616
0.999998212 0.001598948 -0.000983977 0.544773579 -0.001597555 0.999997735 0.001415537 -0.765083075 0.000986239 -0.001413962 0.999998510 26.937213898
0.999998689 0.000866192 -0.001388380 0.561512649 -0.000863058 0.999997139 0.002256118 -0.790771544 0.001390331 -0.002254917 0.999996483 27.479019165
0.999996841 0.002339733 -0.000866876 0.564871848 -0.002338587 0.999996364 0.001320322 -0.801813722 0.000869961 -0.001318291 0.999998748 28.032077789
0.999996066 0.002420942 -0.001423711 0.561342299 -0.002418644 0.999995768 0.001613481 -0.811973393 0.001427611 -0.001610031 0.999997675 28.574075699
0.999995947 0.002679969 -0.000903088 0.566623330 -0.002678623 0.999995291 0.001487523 -0.824608386 0.000907070 -0.001485098 0.999998450 29.116191864
0.999995470 0.002387403 -0.001845544 0.580009162 -0.002384072 0.999995649 0.001804590 -0.843547940 0.001849844 -0.001800182 0.999996662 29.661039352
0.999994397 0.002583796 -0.002121043 0.584112406 -0.002580205 0.999995232 0.001694154 -0.855268359 0.002125410 -0.001688672 0.999996305 30.207170486
0.999993265 0.002701113 -0.002451843 0.596602738 -0.002697532 0.999995291 0.001462771 -0.868648589 0.002455783 -0.001456148 0.999995947 30.762893677
0.999993742 0.002195757 -0.002814315 0.608992100 -0.002191303 0.999996364 0.001584750 -0.884234488 0.002817785 -0.001578573 0.999994755 31.304307938
0.999992251 0.002628804 -0.002935229 0.614365399 -0.002624208 0.999995291 0.001568159 -0.896974623 0.002939338 -0.001560444 0.999994397 31.856964111
0.999991775 0.002198318 -0.003423951 0.628524423 -0.002192420 0.999996126 0.001725526 -0.915730596 0.003427732 -0.001718005 0.999992669 32.398468018
0.999992013 0.002704234 -0.002946520 0.627113879 -0.002699550 0.999995112 0.001592890 -0.922077894 0.002950813 -0.001584923 0.999994397 32.949020386
0.999990284 0.003150872 -0.003094747 0.632252872 -0.003147246 0.999994397 0.001175998 -0.934533715 0.003098435 -0.001166247 0.999994516 33.495513916
0.999989390 0.003094858 -0.003404044 0.652921379 -0.003089935 0.999994278 0.001450209 -0.952308238 0.003408513 -0.001439675 0.999993145 34.048450470
0.999983609 0.002063039 -0.005339026 0.665433526 -0.002053644 0.999996305 0.001764734 -0.967588246 0.005342647 -0.001753740 0.999984145 34.599391937
0.999990106 0.002503224 -0.003655968 0.670152307 -0.002497228 0.999995470 0.001643603 -0.983750820 0.003660066 -0.001634457 0.999991953 35.152584076
0.999990165 0.002767862 -0.003466261 0.673530340 -0.002763801 0.999995470 0.001175961 -0.998378515 0.003469501 -0.001166369 0.999993324 35.700607300
0.999988317 0.002597983 -0.004082551 0.684234023 -0.002592687 0.999995768 0.001301895 -1.007647395 0.004085916 -0.001291294 0.999990821 36.236328125
0.999990046 0.002532363 -0.003700986 0.692114830 -0.002528948 0.999996305 0.000926838 -1.018452644 0.003703320 -0.000917469 0.999992728 36.785617828
0.999987304 0.002393731 -0.004432710 0.704617441 -0.002389305 0.999996603 0.001003607 -1.032480121 0.004435097 -0.000993003 0.999989688 37.348907471
0.999987304 0.003185389 -0.003898534 0.709094286 -0.003183116 0.999994814 0.000589071 -1.046732783 0.003900390 -0.000576655 0.999992311 37.899066925
0.999988854 0.003065768 -0.003607423 0.716416240 -0.003064747 0.999995232 0.000288299 -1.058776736 0.003608291 -0.000277239 0.999993443 38.449447632
0.999984443 0.002902203 -0.004755587 0.729169250 -0.002894638 0.999994516 0.001596874 -1.087822080 0.004760196 -0.001583083 0.999987364 38.997207642
0.999984741 0.002932976 -0.004695342 0.736463428 -0.002925366 0.999994397 0.001626922 -1.104519963 0.004700088 -0.001613162 0.999987662 39.539878845
0.999985039 0.002956610 -0.004601022 0.757422805 -0.002948373 0.999993980 0.001795903 -1.126340866 0.004606304 -0.001782310 0.999987841 40.083614349
0.999981761 0.002779713 -0.005352423 0.759832740 -0.002770421 0.999994576 0.001742714 -1.136343598 0.005357238 -0.001727854 0.999984145 40.639568329
0.999983907 0.002441172 -0.005124618 0.771677017 -0.002433572 0.999995887 0.001488733 -1.147555828 0.005128232 -0.001476238 0.999985754 41.180290222
0.999984443 0.002695189 -0.004869862 0.777830958 -0.002688075 0.999995291 0.001466891 -1.154177070 0.004873793 -0.001453778 0.999987006 41.720127106
0.999980450 0.002866583 -0.005560296 0.773500681 -0.002856744 0.999994338 0.001776620 -1.177713871 0.005565357 -0.001760700 0.999982953 42.279121399
0.999981403 0.003208850 -0.005178429 0.780931830 -0.003201036 0.999993742 0.001516392 -1.190110683 0.005183262 -0.001499788 0.999985456 42.826450348
0.999980509 0.003121201 -0.005414758 0.797304332 -0.003109653 0.999992907 0.002139987 -1.209141731 0.005421399 -0.002123107 0.999983072 43.357494354
0.999981165 0.003392003 -0.005118258 0.789608717 -0.003380863 0.999991894 0.002183738 -1.219909072 0.005125624 -0.002166392 0.999984503 43.937316895
0.999981999 0.002722302 -0.005347006 0.798162460 -0.002709513 0.999993384 0.002397544 -1.234421015 0.005353497 -0.002383013 0.999982893 44.481769562
0.999982357 0.004036428 -0.004342991 0.793394923 -0.004025225 0.999988556 0.002585239 -1.250201702 0.004353376 -0.002567712 0.999987245 45.024719238
0.999978483 0.003946422 -0.005224769 0.810473740 -0.003937299 0.999990702 0.001755217 -1.255541205 0.005231647 -0.001734608 0.999984801 45.590789795
0.999980986 0.003349417 -0.005162762 0.822023511 -0.003342126 0.999993384 0.001420172 -1.268344998 0.005167484 -0.001402891 0.999985695 46.142093658
0.999981821 0.002934674 -0.005251768 0.833185077 -0.002929637 0.999995232 0.000966732 -1.276954412 0.005254579 -0.000951329 0.999985754 46.674633026
0.999979317 0.003267899 -0.005523854 0.838893771 -0.003257459 0.999992907 0.001897721 -1.298562884 0.005530016 -0.001879687 0.999982953 47.227188110
0.999980032 0.002692748 -0.005721962 0.852278948 -0.002682542 0.999994814 0.001790547 -1.312730432 0.005726753 -0.001775162 0.999982059 47.762283325
0.999979675 0.003358260 -0.005417141 0.846814990 -0.003348423 0.999992728 0.001823966 -1.324173808 0.005423227 -0.001805790 0.999983609 48.329513550
0.999979854 0.003405778 -0.005348376 0.859867930 -0.003396734 0.999992728 0.001699185 -1.333590746 0.005354124 -0.001680984 0.999984205 48.877517700
0.999980152 0.003261352 -0.005385636 0.862256467 -0.003251739 0.999993026 0.001792915 -1.349386215 0.005391446 -0.001775367 0.999983907 49.425319672
0.999981046 0.003589766 -0.004994645 0.872631431 -0.003581534 0.999992132 0.001656036 -1.364359379 0.005000551 -0.001638116 0.999986172 49.977329254
0.999981999 0.003472022 -0.004892038 0.882358193 -0.003463146 0.999992371 0.001821706 -1.379155874 0.004898326 -0.001804731 0.999986410 50.523159027
0.999979138 0.003040140 -0.005686119 0.889365256 -0.003031263 0.999994099 0.001569391 -1.391543508 0.005690857 -0.001552122 0.999982595 51.074096680
0.999980211 0.003122392 -0.005462985 0.898699522 -0.003112369 0.999993443 0.001842482 -1.407162189 0.005468702 -0.001825442 0.999983430 51.627906799
0.999977410 0.003060023 -0.005983599 0.917388260 -0.003047321 0.999993026 0.002130851 -1.427381039 0.005990078 -0.002112569 0.999979854 52.160228729
0.999978006 0.003329112 -0.005721278 0.912759066 -0.003317545 0.999992430 0.002030129 -1.437929869 0.005727993 -0.002011104 0.999981523 52.699462891
0.999982297 0.002370521 -0.005441036 0.918437898 -0.002362236 0.999996006 0.001528758 -1.443382621 0.005444638 -0.001515878 0.999983966 53.248584747
0.999977648 0.003642163 -0.005609737 0.924541950 -0.003630512 0.999991238 0.002085566 -1.466028214 0.005617284 -0.002065153 0.999982119 53.792221069
0.999977648 0.003614839 -0.005632606 0.938754559 -0.003601405 0.999990642 0.002393331 -1.480665922 0.005641205 -0.002372992 0.999981284 54.342994690
0.999978185 0.003493631 -0.005610188 0.939921618 -0.003483285 0.999992132 0.001853001 -1.491765738 0.005616618 -0.001833419 0.999982536 54.888816833
0.999979079 0.003731691 -0.005282514 0.940506279 -0.003722884 0.999991596 0.001676183 -1.507441401 0.005288725 -0.001656482 0.999984622 55.436119080
0.999978662 0.003935166 -0.005201863 0.944987893 -0.003925723 0.999990761 0.001824214 -1.519137740 0.005208992 -0.001803754 0.999984801 55.985969543
0.999976933 0.003565830 -0.005770585 0.956303954 -0.003554774 0.999991834 0.001925096 -1.532260180 0.005777402 -0.001904539 0.999981523 56.524662018
0.999977648 0.003389458 -0.005763097 0.980552912 -0.003377055 0.999991953 0.002160497 -1.555114985 0.005770373 -0.002140987 0.999981046 57.050476074
0.999977052 0.003699614 -0.005664262 0.979096174 -0.003688994 0.999991417 0.001884363 -1.563740253 0.005671185 -0.001863425 0.999982178 57.616485596
0.999954045 0.002454964 -0.009267326 1.003626943 -0.002436723 0.999995053 0.001979130 -1.583630800 0.009272140 -0.001956457 0.999955118 58.165897369
0.999954998 0.001954756 -0.009271656 1.015084505 -0.001940253 0.999996841 0.001573020 -1.592402458 0.009274701 -0.001554960 0.999955773 58.715297699
0.999978542 0.003492559 -0.005538038 0.998229623 -0.003485615 0.999993145 0.001262952 -1.596662402 0.005542411 -0.001243621 0.999983788 59.248088837
0.999978900 0.003290299 -0.005604578 1.008169413 -0.003284249 0.999994040 0.001088296 -1.613503337 0.005608124 -0.001069866 0.999983728 59.790534973
0.999979913 0.003487229 -0.005279999 1.014132738 -0.003482206 0.999993443 0.000960138 -1.625562906 0.005283313 -0.000941733 0.999985576 60.342445374
0.999976575 0.003474139 -0.005894387 1.020609736 -0.003467123 0.999993265 0.001200104 -1.640813708 0.005898518 -0.001179639 0.999981821 60.881282806
0.999979436 0.003737580 -0.005220026 1.028046370 -0.003729639 0.999991894 0.001530050 -1.660891175 0.005225703 -0.001510549 0.999985158 61.431011200
0.999976933 0.003635258 -0.005742340 1.038714528 -0.003627297 0.999992430 0.001396022 -1.670254230 0.005747371 -0.001375161 0.999982536 61.980255127
0.999974668 0.004416377 -0.005574197 1.039019346 -0.004410956 0.999989748 0.000984503 -1.683057904 0.005578488 -0.000959890 0.999983907 62.519424438
0.999975443 0.004619110 -0.005264891 1.044730306 -0.004614418 0.999988973 0.000902791 -1.700047612 0.005269003 -0.000878475 0.999985695 63.068328857
0.999976754 0.005001232 -0.004636928 1.042874575 -0.004994613 0.999986470 0.001437780 -1.716659546 0.004644056 -0.001414588 0.999988198 63.614921570
0.999976695 0.003868348 -0.005622560 1.061048508 -0.003863595 0.999992132 0.000855830 -1.727958560 0.005625827 -0.000834087 0.999983788 64.150779724
0.999980092 0.003779752 -0.005054465 1.059750438 -0.003775574 0.999992549 0.000835697 -1.742664814 0.005057585 -0.000816597 0.999986887 64.699645996
0.999976099 0.004034222 -0.005599572 1.074331999 -0.004029176 0.999991477 0.000912000 -1.754230022 0.005603204 -0.000889417 0.999983847 65.222152710
0.999975979 0.004177037 -0.005525844 1.086462140 -0.004170543 0.999990582 0.001186187 -1.775053859 0.005530747 -0.001163113 0.999984026 65.774826050
0.999976158 0.004276095 -0.005411306 1.095847130 -0.004269906 0.999990165 0.001154659 -1.788329601 0.005416190 -0.001131526 0.999984682 66.330368042
0.999977291 0.004176813 -0.005273957 1.099553823 -0.004172298 0.999990880 0.000866660 -1.799523830 0.005277529 -0.000844636 0.999985695 66.882720947
0.999974072 0.004634086 -0.005504686 1.115490556 -0.004625291 0.999987960 0.001609387 -1.826424718 0.005512078 -0.001583884 0.999983549 67.413742065
0.999975324 0.004478076 -0.005416917 1.118017316 -0.004468439 0.999988437 0.001789686 -1.840964198 0.005424869 -0.001765437 0.999983668 67.951995850
0.999974430 0.004740304 -0.005367404 1.131898165 -0.004725980 0.999985218 0.002678343 -1.864837646 0.005380021 -0.002652908 0.999981999 68.483253479
0.999970913 0.005165983 -0.005626806 1.141286135 -0.005153481 0.999984264 0.002234114 -1.882110476 0.005638259 -0.002205051 0.999981701 69.024307251
0.999972284 0.004922315 -0.005587569 1.133677483 -0.004914752 0.999987006 0.001366540 -1.881195664 0.005594223 -0.001339041 0.999983430 69.587181091
0.999972820 0.004547390 -0.005817329 1.148164988 -0.004541710 0.999989271 0.000989155 -1.892036557 0.005821764 -0.000962708 0.999982595 70.132987976
0.999974787 0.005159667 -0.004861943 1.145836115 -0.005152728 0.999985635 0.001438648 -1.913927078 0.004869296 -0.001413560 0.999987125 70.688529968
0.999973953 0.004784551 -0.005399095 1.148762941 -0.004778289 0.999987900 0.001172028 -1.922152996 0.005404638 -0.001146199 0.999984682 71.225593567
0.999973595 0.005033006 -0.005248201 1.160652399 -0.005031769 0.999987364 0.000248710 -1.931473851 0.005249386 -0.000222296 0.999986172 71.773666382
0.999972582 0.005405064 -0.005043420 1.165451288 -0.005401023 0.999985039 0.000814800 -1.949500442 0.005047749 -0.000787538 0.999986947 72.320037842
0.999974668 0.005200383 -0.004882073 1.167898417 -0.005192650 0.999985218 0.001595367 -1.974952936 0.004890298 -0.001569976 0.999986827 72.856925964
0.999976873 0.004625415 -0.004987095 1.181300640 -0.004615898 0.999987483 0.001918024 -1.994958043 0.004995904 -0.001894960 0.999985814 73.396865845
0.999976933 0.004299710 -0.005242515 1.186241865 -0.004290794 0.999989331 0.001710577 -2.005770922 0.005249814 -0.001688043 0.999984801 73.952957153
0.999975026 0.004972321 -0.005018858 1.190030098 -0.004963927 0.999986291 0.001683656 -2.019593954 0.005027161 -0.001658701 0.999985993 74.485374451
0.999977112 0.004619091 -0.004947580 1.199665546 -0.004610022 0.999987662 0.001843153 -2.031702757 0.004956033 -0.001820302 0.999986053 75.029792786
0.999973893 0.005359638 -0.004845660 1.205219507 -0.005349220 0.999983370 0.002160474 -2.050248861 0.004857158 -0.002134497 0.999985933 75.570098877
0.999977529 0.004486774 -0.004983573 1.213533401 -0.004478501 0.999988496 0.001670122 -2.061392069 0.004991010 -0.001647765 0.999986112 76.114479065
0.999967754 0.005321300 -0.006011341 1.221145153 -0.005308908 0.999983728 0.002075457 -2.080910921 0.006022288 -0.002043477 0.999979794 76.662055969
0.999975920 0.004399413 -0.005356408 1.232462883 -0.004389900 0.999988794 0.001786243 -2.095568419 0.005364205 -0.001762686 0.999984086 77.208366394
0.999977171 0.003880384 -0.005526472 1.242670417 -0.003871165 0.999991119 0.001677848 -2.107595205 0.005532933 -0.001656415 0.999983370 77.754440308
0.999976337 0.004287103 -0.005372983 1.244618654 -0.004276241 0.999988794 0.002031389 -2.122661114 0.005381631 -0.002008365 0.999983490 78.306427002
0.999973834 0.004473052 -0.005672585 1.258560181 -0.004464529 0.999988854 0.001514325 -2.133870840 0.005679295 -0.001488959 0.999982834 78.849227905
0.999972224 0.005477998 -0.005047142 1.261876702 -0.005468258 0.999983191 0.001941596 -2.146421432 0.005057693 -0.001913943 0.999985397 79.387947083
0.999976397 0.004652493 -0.005052180 1.269821286 -0.004643675 0.999987662 0.001755874 -2.169330835 0.005060288 -0.001732372 0.999985695 79.946189880
0.999976754 0.004604929 -0.005028279 1.279083014 -0.004595935 0.999987841 0.001798449 -2.184553146 0.005036500 -0.001775297 0.999985695 80.486984253
0.999980509 0.004999752 -0.003745053 1.285322189 -0.004993015 0.999985933 0.001805673 -2.194985628 0.003754029 -0.001786940 0.999991298 81.041908264
0.999982953 0.005159901 -0.002733121 1.296142817 -0.005154977 0.999985099 0.001805687 -2.212993622 0.002742397 -0.001791568 0.999994636 81.574844360
0.999984562 0.005352358 -0.001506198 1.306722879 -0.005349680 0.999984086 0.001777496 -2.225965738 0.001515688 -0.001769411 0.999997258 82.129531860
0.999985695 0.005340356 -0.000346807 1.321653485 -0.005339709 0.999984026 0.001841269 -2.240488291 0.000356635 -0.001839391 0.999998212 82.678581238
0.999982297 0.005193294 0.002907503 1.338938713 -0.005197505 0.999985456 0.001442015 -2.253746748 -0.002899972 -0.001457101 0.999994755 83.228149414
0.999965012 0.005336352 0.006445908 1.361953020 -0.005350467 0.999983251 0.002174583 -2.280296803 -0.006434196 -0.002208995 0.999976814 83.749580383
0.999936700 0.005554527 0.009798972 1.374334574 -0.005572597 0.999982834 0.001817743 -2.287491083 -0.009788707 -0.001872232 0.999950290 84.312553406
0.999864638 0.005788811 0.015404374 1.393292427 -0.005822897 0.999980688 0.002168872 -2.306510925 -0.015391519 -0.002258276 0.999878943 84.867340088
0.999765337 0.005335871 0.020999674 1.424053550 -0.005370675 0.999984324 0.001601299 -2.315719128 -0.020990800 -0.001713706 0.999778152 85.415939331
0.999645710 0.005740468 0.025991295 1.458899975 -0.005796677 0.999981046 0.002087843 -2.335966349 -0.025978815 -0.002237765 0.999660015 85.973999023
0.999485373 0.004731835 0.031727463 1.497098923 -0.004793761 0.999986768 0.001876031 -2.348408461 -0.031718157 -0.002027159 0.999494791 86.519294739
0.999183834 0.005646075 0.039996110 1.525966763 -0.005732926 0.999981403 0.002057134 -2.364952564 -0.039983757 -0.002284749 0.999197721 87.072532654
0.998810232 0.005980568 0.048396952 1.570303440 -0.006096818 0.999978900 0.002254778 -2.380010366 -0.048382442 -0.002547163 0.998825610 87.629745483
0.998449266 0.005622349 0.055384535 1.614816666 -0.005750347 0.999981165 0.002151990 -2.394396305 -0.055371393 -0.002467134 0.998462737 88.173248291
0.997927010 0.005244763 0.064143009 1.674180984 -0.005362068 0.999984264 0.001656794 -2.404393435 -0.064133316 -0.001997298 0.997939408 88.716789246
0.997207165 0.005616921 0.074473865 1.731735229 -0.005790712 0.999980986 0.002117862 -2.425413132 -0.074460573 -0.002543203 0.997220695 89.266830444
0.996521831 0.004738286 0.083197102 1.788877010 -0.004894839 0.999986589 0.001677839 -2.430331230 -0.083188049 -0.002079239 0.996531665 89.823928833
0.995832562 0.004747636 0.091076285 1.858670712 -0.004919377 0.999986470 0.001661285 -2.450582266 -0.091067143 -0.002102401 0.995842516 90.373199463
0.994797945 0.004581559 0.101764381 1.938362122 -0.004763951 0.999987423 0.001549339 -2.461397886 -0.101756006 -0.002026081 0.994807303 90.916809082
0.993628442 0.005047278 0.112592004 2.008671761 -0.005315072 0.999983728 0.002078398 -2.483301640 -0.112579666 -0.002663590 0.993639052 91.460990906
0.992595077 0.003865445 0.121408850 2.101620674 -0.004119003 0.999989808 0.001837563 -2.495578766 -0.121400513 -0.002324040 0.992600799 92.000846863
0.991070151 0.004788200 0.133255333 2.183309555 -0.005117166 0.999984682 0.002126321 -2.513335228 -0.133243099 -0.002789224 0.991079390 92.530883789
0.989393353 0.004385435 0.145195648 2.288041115 -0.004688086 0.999987483 0.001742344 -2.525306702 -0.145186231 -0.002404552 0.989401400 93.118164062
0.987764359 0.004051288 0.155901045 2.393259048 -0.004432418 0.999987900 0.002097134 -2.544308662 -0.155890658 -0.002762494 0.987770438 93.660057068
0.986037135 0.003667013 0.166485965 2.501394272 -0.004057974 0.999989748 0.002008196 -2.555008173 -0.166476920 -0.002655750 0.986041784 94.210060120
0.983842552 0.003348045 0.179005161 2.626805305 -0.003779325 0.999990761 0.002068356 -2.575001717 -0.178996593 -0.002711455 0.983846009 94.738189697
0.981394827 0.003662206 0.191966087 2.747497559 -0.004089623 0.999989986 0.001830350 -2.580585957 -0.191957474 -0.002581365 0.981399775 95.303550720
0.979362547 0.003525618 0.202080920 2.877756119 -0.003973244 0.999990463 0.001809481 -2.596901894 -0.202072591 -0.002575055 0.979367137 95.820915222
0.976652563 0.003248297 0.214800239 3.020784378 -0.003718566 0.999991477 0.001785280 -2.609120846 -0.214792594 -0.002542347 0.976656318 96.351509094
0.973625898 0.002659504 0.228134885 3.177268982 -0.003168271 0.999993265 0.001863916 -2.625900507 -0.228128418 -0.002537551 0.973627746 96.905441284
0.970988452 0.002327411 0.239115238 3.327709198 -0.002968508 0.999992967 0.002321026 -2.646158218 -0.239108160 -0.002963505 0.970988452 97.436889648
0.967929125 0.001941670 0.251215875 3.475830078 -0.002496372 0.999995112 0.001889414 -2.654464006 -0.251210928 -0.002455948 0.967929244 97.962081909
0.964039147 0.002074101 0.265752107 3.635803223 -0.002730944 0.999993980 0.002102141 -2.672110796 -0.265746146 -0.002752300 0.964039028 98.505455017
0.960519791 0.001587118 0.278207153 3.807533264 -0.002186121 0.999995887 0.001842874 -2.680664539 -0.278203100 -0.002378312 0.960519254 99.034408569
0.957292736 0.000750538 0.289119273 3.996315002 -0.001190117 0.999998391 0.001344618 -2.686939955 -0.289117754 -0.001631280 0.957292140 99.576332092
0.952909887 0.000972321 0.303252071 4.165704727 -0.001874870 0.999994636 0.002685112 -2.725173235 -0.303247899 -0.003127229 0.952906609 100.079185486
0.948639035 0.000702430 0.316359401 4.364288330 -0.001645948 0.999994993 0.002715215 -2.740141630 -0.316355914 -0.003096470 0.948635519 100.579193115
0.944751024 -0.000456318 0.327788383 4.565143585 -0.000339861 0.999997139 0.002371655 -2.742149353 -0.327788532 -0.002352025 0.944748163 101.089439392
0.940101147 -0.000450626 0.340895355 4.773071289 -0.000345821 0.999997318 0.002275569 -2.766002893 -0.340895534 -0.002257154 0.940098584 101.598541260
0.934904575 -0.000301819 0.354898930 5.005756378 -0.000445612 0.999997795 0.002024304 -2.779981613 -0.354898751 -0.002050679 0.934902489 102.142227173
0.930230021 -0.000496938 0.366976738 5.228824615 -0.000535951 0.999996185 0.002712690 -2.797754526 -0.366976708 -0.002720108 0.930226207 102.642105103
0.925784528 -0.001498121 0.378048778 5.459032059 0.000757281 0.999997437 0.002108297 -2.801944494 -0.378051043 -0.001665540 0.925783217 103.141075134
0.919599533 -0.001729928 0.392853051 5.695423126 0.000955716 0.999997199 0.002166326 -2.822376966 -0.392855734 -0.001616697 0.919598699 103.651473999
0.913838565 -0.002155374 0.406071842 5.936119080 0.001366634 0.999996603 0.002232321 -2.833799601 -0.406075239 -0.001485030 0.913838446 104.145339966
0.909054279 -0.002070803 0.416672438 6.183464050 0.001022519 0.999995708 0.002739006 -2.859070301 -0.416676342 -0.002063850 0.909052491 104.606933594
0.902608633 -0.002360089 0.430455536 6.447719574 0.001537985 0.999996245 0.002257799 -2.866122246 -0.430459142 -0.001375874 0.902608991 105.145072937
0.896032989 -0.002854285 0.443978280 6.714870453 0.001965788 0.999994993 0.002461518 -2.887045860 -0.443983018 -0.001332834 0.896034181 105.610496521
0.890365958 -0.003646930 0.455230892 6.989131927 0.002929575 0.999993026 0.002281286 -2.901001215 -0.455236018 -0.000697546 0.890370548 106.089538574
0.884418368 -0.004458206 0.466673672 7.260318756 0.003762114 0.999989986 0.002423276 -2.907150984 -0.466679782 -0.000387509 0.884426296 106.602233887
0.877212346 -0.004063997 0.480085313 7.548130035 0.003512791 0.999991775 0.002046510 -2.917382956 -0.480089575 -0.000108784 0.877219498 107.082977295
