1.000000000 0.000000000 0.000000000 0.000000000 0.000000000 1.000000000 0.000000000 0.000000000 0.000000000 0.000000000 1.000000000 0.000000000
1.000000000 0.000058893 -0.000055141 0.000131399 -0.000058898 1.000000000 -0.000100792 0.000421077 0.000055135 0.000100796 1.000000000 -0.000876115
1.000000000 0.000132449 -0.000023898 0.000418538 -0.000132448 1.000000000 0.000040637 -0.000387730 0.000023904 -0.000040634 1.000000000 -0.001311419
1.000000000 0.000060213 -0.000061827 0.000526705 -0.000060210 1.000000000 0.000061473 -0.000353122 0.000061831 -0.000061469 1.000000000 -0.002282416
1.000000000 0.000028307 -0.000032061 0.000343435 -0.000028310 1.000000000 -0.000080535 0.000896025 0.000032059 0.000080536 1.000000000 0.001109565
1.000000000 0.000079241 -0.000045996 0.001214859 -0.000079244 1.000000000 -0.000045101 0.000007869 0.000045992 0.000045105 1.000000000 -0.000295074
1.000000000 0.000118204 0.000011594 0.000648596 -0.000118202 1.000000000 -0.000115278 0.000527957 -0.000011607 0.000115277 1.000000000 -0.000945165
1.000000000 -0.000059398 0.000017706 0.000716180 0.000059399 1.000000000 -0.000025025 0.000198138 -0.000017704 0.000025026 1.000000000 -0.000621205
1.000000000 -0.000129218 -0.000003986 0.000820742 0.000129217 1.000000000 -0.000139603 0.001749338 0.000004004 0.000139602 1.000000000 0.001492651
1.000000000 0.000083597 -0.000056176 0.001381621 -0.000083593 1.000000000 0.000058657 -0.000229215 0.000056181 -0.000058652 1.000000000 -0.000034498
1.000000000 -0.000039751 -0.000055164 0.001836452 0.000039747 1.000000000 -0.000071561 0.000817620 0.000055167 0.000071559 1.000000000 -0.000374138
1.000000000 -0.000025113 -0.000026989 0.000234124 0.000025113 1.000000000 0.000018164 0.000071120 0.000026989 -0.000018164 1.000000000 0.000027411
1.000000000 -0.000144912 -0.000132110 0.001911847 0.000144933 1.000000000 0.000154495 -0.000991990 0.000132087 -0.000154514 1.000000000 -0.000791616
1.000000000 -0.000092573 -0.000129744 0.001851196 0.000092582 1.000000000 0.000073172 -0.000671368 0.000129737 -0.000073184 1.000000000 -0.000719819
1.000000000 -0.000130646 -0.000124249 0.000836756 0.000130655 1.000000000 0.000071753 -0.000804565 0.000124240 -0.000071770 1.000000000 -0.000839983
1.000000000 0.000142023 0.000109242 0.000525552 -0.000142028 1.000000000 0.000040519 0.000392999 -0.000109236 -0.000040535 1.000000000 0.001092244
1.000000000 0.000011513 -0.000061480 0.000748078 -0.000011515 1.000000000 -0.000027795 0.000757211 0.000061480 0.000027796 1.000000000 0.001048230
1.000000000 0.000012191 -0.000028441 0.000899208 -0.000012194 1.000000000 -0.000089906 0.001038770 0.000028440 0.000089906 1.000000000 0.000326820
1.000000000 0.000040852 0.000124515 -0.000144707 -0.000040850 1.000000000 -0.000009793 0.000329729 -0.000124515 0.000009788 1.000000000 0.000422984
1.000000000 0.000128118 0.000087195 0.000281482 -0.000128113 1.000000000 -0.000062483 0.000353660 -0.000087203 0.000062471 1.000000000 -0.000236739
1.000000000 0.000055947 -0.000049989 0.000599838 -0.000055941 1.000000000 0.000109310 -0.000171315 0.000049995 -0.000109307 1.000000000 0.000476177
0.999999940 -0.000311812 0.000026619 0.001320499 0.000311810 0.999999940 0.000064943 -0.000639313 -0.000026639 -0.000064935 1.000000000 -0.000471015
1.000000000 -0.000022427 0.000148498 0.000019139 0.000022428 1.000000000 -0.000006534 0.001545186 -0.000148498 0.000006538 1.000000000 -0.000315491
1.000000000 0.000049076 0.000042183 0.001140636 -0.000049078 1.000000000 0.000060848 0.000062673 -0.000042180 -0.000060851 1.000000000 -0.000839674
1.000000000 0.000188916 0.000066937 0.000633696 -0.000188915 1.000000000 -0.000012171 0.000132985 -0.000066940 0.000012159 1.000000000 -0.001682616
1.000000000 -0.000031161 -0.000080866 0.001685489 0.000031150 1.000000000 -0.000133489 0.001105957 0.000080870 0.000133487 1.000000000 -0.000874225
1.000000000 0.000093535 0.000037778 -0.000303856 -0.000093531 1.000000000 -0.000111188 0.001059892 -0.000037789 0.000111185 1.000000000 0.000826342
1.000000000 -0.000067962 0.000066883 -0.000755917 0.000067962 1.000000000 0.000004969 0.001408951 -0.000066883 -0.000004964 1.000000000 0.001842539
1.000000000 0.000142883 0.000093767 -0.000046905 -0.000142879 1.000000000 -0.000041947 0.001529859 -0.000093773 0.000041933 1.000000000 0.000943368
1.000000000 0.000078717 0.000114194 0.000289138 -0.000078723 1.000000000 0.000047546 -0.000091954 -0.000114190 -0.000047555 1.000000000 -0.001673149
1.000000000 0.000154460 0.000085072 -0.000057351 -0.000154473 1.000000000 0.000147367 -0.000800952 -0.000085050 -0.000147380 1.000000000 -0.001061874
1.000000000 -0.000021213 0.000065938 0.001120258 0.000021215 1.000000000 -0.000021796 0.000320919 -0.000065937 0.000021798 1.000000000 -0.000637384
1.000000000 -0.000035672 0.000086823 0.000207921 0.000035673 1.000000000 -0.000001251 0.000788259 -0.000086823 0.000001255 1.000000000 0.000893561
1.000000000 0.000101433 0.000129041 0.000388837 -0.000101439 1.000000000 0.000048947 0.000151683 -0.000129036 -0.000048960 1.000000000 -0.000310424
1.000000000 0.000196654 0.000028795 0.000341022 -0.000196653 1.000000000 -0.000058286 0.001413295 -0.000028807 0.000058280 1.000000000 -0.000738182
1.000000000 -0.000091837 0.000044249 -0.000374993 0.000091843 1.000000000 -0.000134036 0.002515570 -0.000044237 0.000134040 1.000000000 0.002742549
1.000000000 0.000054572 0.000026843 0.000641235 -0.000054574 1.000000000 0.000090404 0.000244372 -0.000026838 -0.000090406 1.000000000 -0.000596945
1.000000000 -0.000055822 0.000011644 0.000596293 0.000055821 1.000000000 0.000077571 0.000554986 -0.000011648 -0.000077571 1.000000000 0.000319145
0.999999940 0.000073280 0.000274787 -0.000787561 -0.000073285 1.000000000 0.000019552 0.000763244 -0.000274785 -0.000019572 0.999999940 0.002304184
0.999999881 -0.000462091 0.000146985 0.001627451 0.000462186 0.999999702 -0.000643022 -0.002410242 -0.000146688 0.000643089 0.999999762 0.051189713
1.000000000 0.000048848 0.000196595 0.000996317 -0.000048616 0.999999285 -0.001179250 -0.006212015 -0.000196652 0.001179241 0.999999285 0.132226422
0.999999940 0.000309098 -0.000096927 0.005278964 -0.000309239 0.999998868 -0.001454038 -0.006455700 0.000096477 0.001454068 0.999998927 0.250754118
0.999999940 0.000265543 0.000063652 0.005818752 -0.000265475 0.999999404 -0.001063416 -0.014656831 -0.000063935 0.001063399 0.999999404 0.379701257
1.000000000 0.000126253 0.000097704 0.008472904 -0.000126146 0.999999404 -0.001091569 -0.016282739 -0.000097842 0.001091557 0.999999404 0.525181353
1.000000000 0.000198783 0.000135186 0.012759860 -0.000198609 0.999999166 -0.001289919 -0.019719820 -0.000135442 0.001289892 0.999999166 0.675030828
1.000000000 -0.000062468 0.000142905 0.018923726 0.000062633 0.999999344 -0.001155891 -0.023911998 -0.000142833 0.001155900 0.999999344 0.838341415
0.999999940 0.000179246 0.000298968 0.016113503 -0.000178937 0.999999464 -0.001031964 -0.025726428 -0.000299153 0.001031910 0.999999404 1.014343262
0.999999940 0.000074840 0.000309570 0.020520004 -0.000074651 0.999999821 -0.000611267 -0.035192620 -0.000309615 0.000611243 0.999999762 1.182739854
0.999999523 0.000718235 0.000616594 0.017603736 -0.000717735 0.999999404 -0.000810767 -0.037662197 -0.000617176 0.000810325 0.999999464 1.366554856
1.000000000 -0.000095982 0.000101413 0.034401167 0.000096013 0.999999940 -0.000299164 -0.052279703 -0.000101384 0.000299173 0.999999940 1.556854606
0.999999702 0.000639623 0.000398028 0.030693814 -0.000639415 0.999999642 -0.000522477 -0.049791522 -0.000398362 0.000522222 0.999999762 1.757845998
0.999999940 0.000248632 -0.000245444 0.043067280 -0.000248737 0.999999881 -0.000428456 -0.055796865 0.000245338 0.000428517 0.999999881 1.951022744
0.999999344 0.000577417 0.000980736 0.025724236 -0.000577075 0.999999762 -0.000349023 -0.059790920 -0.000980938 0.000348457 0.999999464 2.164606333
0.999999285 0.001182703 -0.000240550 0.052911565 -0.001182607 0.999999225 0.000395894 -0.081062414 0.000241018 -0.000395609 0.999999881 2.359330177
0.999999166 0.000836902 -0.001011148 0.068385944 -0.000836458 0.999999583 0.000439053 -0.088462204 0.001011515 -0.000438207 0.999999404 2.574545145
0.999998808 0.001509595 -0.000396633 0.067373112 -0.001509459 0.999998808 0.000342470 -0.095486812 0.000397150 -0.000341871 0.999999821 2.805376053
0.999999106 0.001147452 -0.000788633 0.079048969 -0.001146985 0.999999225 0.000592899 -0.104083568 0.000789313 -0.000591994 0.999999523 3.038661480
0.999998987 0.001259065 -0.000700515 0.077922121 -0.001258935 0.999999166 0.000186971 -0.103905782 0.000700750 -0.000186089 0.999999702 3.278789759
0.999999046 0.001096573 -0.000799592 0.085653603 -0.001096155 0.999999225 0.000522327 -0.115414806 0.000800164 -0.000521450 0.999999523 3.522394419
0.999999166 0.000943917 -0.000847662 0.088716701 -0.000943839 0.999999523 0.000092298 -0.116242804 0.000847749 -0.000091498 0.999999642 3.786796093
0.999999225 0.000951147 -0.000848427 0.097700939 -0.000950888 0.999999523 0.000305699 -0.126445264 0.000848718 -0.000304892 0.999999583 4.040343285
0.999999046 0.001095080 -0.000870436 0.100000173 -0.001094571 0.999999166 0.000585555 -0.135586247 0.000871076 -0.000584601 0.999999404 4.295057297
0.999999046 0.001184226 -0.000606760 0.100863814 -0.001183890 0.999999166 0.000554646 -0.139394850 0.000607416 -0.000553927 0.999999642 4.548589230
0.999998748 0.001381136 -0.000669300 0.108692087 -0.001380747 0.999998868 0.000581006 -0.145328403 0.000670102 -0.000580081 0.999999583 4.804584026
0.999999285 0.000961587 -0.000696021 0.117544599 -0.000961057 0.999999285 0.000760204 -0.154112637 0.000696752 -0.000759535 0.999999464 5.066164494
0.999999106 0.000966305 -0.000876989 0.119574539 -0.000965492 0.999999166 0.000926632 -0.163006186 0.000877884 -0.000925784 0.999999166 5.328899860
0.999998331 0.001774570 -0.000145631 0.111390993 -0.001774486 0.999998271 0.000575323 -0.171852633 0.000146651 -0.000575063 0.999999821 5.600162506
0.999999046 0.001300107 -0.000280378 0.116755970 -0.001299913 0.999998927 0.000693062 -0.178546429 0.000281278 -0.000692697 0.999999702 5.869543552
0.999999046 0.001225478 -0.000427759 0.127026096 -0.001225071 0.999998748 0.000949409 -0.190884173 0.000428922 -0.000948884 0.999999464 6.143599510
0.999998152 0.001769141 -0.000649223 0.131999329 -0.001768576 0.999997973 0.000869314 -0.198755845 0.000650760 -0.000868164 0.999999404 6.427250862
0.999998510 0.001686978 -0.000335043 0.137306765 -0.001686662 0.999998152 0.000940768 -0.213624164 0.000336629 -0.000940201 0.999999523 6.699644566
0.999998331 0.001845088 -0.000215337 0.139607415 -0.001844959 0.999998152 0.000598017 -0.215661660 0.000216440 -0.000597619 0.999999821 7.001840115
0.999998093 0.001906868 -0.000251262 0.147818223 -0.001906660 0.999997854 0.000826090 -0.226423994 0.000252837 -0.000825609 0.999999642 7.300808430
0.999998808 0.001504553 -0.000118623 0.151612714 -0.001504509 0.999998808 0.000374095 -0.231235519 0.000119186 -0.000373916 0.999999940 7.610079765
0.999998331 0.001704785 -0.000621645 0.171603426 -0.001704174 0.999998033 0.000983519 -0.247174159 0.000623321 -0.000982458 0.999999344 7.911087990
0.999998748 0.001537890 -0.000344199 0.169175670 -0.001537489 0.999998152 0.001160394 -0.259352475 0.000345983 -0.001159863 0.999999285 8.241203308
0.999998927 0.001434783 -0.000114660 0.176276982 -0.001434675 0.999998510 0.000941686 -0.268127978 0.000116011 -0.000941520 0.999999583 8.569198608
0.999998927 0.001445928 0.000324051 0.173571736 -0.001446198 0.999998569 0.000834208 -0.270789623 -0.000322844 -0.000834676 0.999999583 8.917196274
0.999998748 0.001592773 0.000221171 0.182019085 -0.001592997 0.999998271 0.001015691 -0.286927611 -0.000219552 -0.001016041 0.999999464 9.243453979
0.999997675 0.002014200 0.000786519 0.176328376 -0.002015165 0.999997199 0.001228643 -0.294170558 -0.000784042 -0.001230225 0.999998927 9.591283798
0.999999285 0.001214828 0.000027431 0.193393990 -0.001214873 0.999997795 0.001715422 -0.312593609 -0.000025347 -0.001715454 0.999998510 9.908703804
0.999998748 0.001610343 0.000080383 0.202961534 -0.001610500 0.999996781 0.001998827 -0.325937808 -0.000077164 -0.001998954 0.999997973 10.260004044
0.999998689 0.001610292 0.000049326 0.208933026 -0.001610398 0.999996185 0.002214409 -0.337480873 -0.000045760 -0.002214485 0.999997556 10.624326706
0.999998748 0.001556100 0.000113628 0.216261268 -0.001556337 0.999996483 0.002120188 -0.343907446 -0.000110328 -0.002120363 0.999997735 10.995039940
0.999998569 0.001666221 0.000266281 0.220532998 -0.001666648 0.999997318 0.001613063 -0.351110756 -0.000263593 -0.001613504 0.999998689 11.375979424
0.999998748 0.001642571 -0.000069357 0.233342364 -0.001642431 0.999996722 0.001969730 -0.362070769 0.000072592 -0.001969614 0.999998093 11.752940178
0.999998868 0.001436478 0.000253719 0.234940797 -0.001436886 0.999997616 0.001614286 -0.372046173 -0.000251400 -0.001614648 0.999998689 12.141364098
0.999999225 0.001110705 0.000405733 0.244365826 -0.001111286 0.999998331 0.001435396 -0.381806463 -0.000404138 -0.001435846 0.999998868 12.536677361
0.999998808 0.001468039 0.000526865 0.248219088 -0.001468945 0.999997437 0.001721837 -0.393022716 -0.000524335 -0.001722609 0.999998391 12.926090240
0.999998629 0.001539893 0.000584715 0.255764127 -0.001540805 0.999997616 0.001563474 -0.404336512 -0.000582306 -0.001564373 0.999998629 13.318734169
0.999996960 0.002148514 0.001146038 0.259494752 -0.002150294 0.999996483 0.001554276 -0.415150404 -0.001142694 -0.001556735 0.999998152 13.725143433
0.999998927 0.001189744 0.000873747 0.272099793 -0.001191363 0.999997497 0.001853863 -0.429130524 -0.000871540 -0.001854901 0.999997914 14.147058487
0.999998629 0.001311662 0.001025665 0.284903467 -0.001313689 0.999997199 0.001978032 -0.440353215 -0.001023068 -0.001979376 0.999997556 14.567233086
0.999998689 0.001063887 0.001227662 0.291860223 -0.001066749 0.999996722 0.002332423 -0.456098229 -0.001225177 -0.002333730 0.999996543 14.996909142
0.999998331 0.001202931 0.001392667 0.301775634 -0.001206252 0.999996424 0.002386268 -0.467214942 -0.001389792 -0.002387944 0.999996185 15.430504799
0.999997497 0.001264906 0.001812842 0.310296059 -0.001268571 0.999997079 0.002021978 -0.476072550 -0.001810279 -0.002024273 0.999996305 15.870730400
0.999997437 0.001134668 0.001962636 0.320549667 -0.001138639 0.999997318 0.002023654 -0.487175792 -0.001960335 -0.002025884 0.999996006 16.311397552
0.999996245 0.001481080 0.002304349 0.328236610 -0.001485545 0.999997020 0.001937043 -0.498169780 -0.002301473 -0.001940459 0.999995470 16.755149841
0.999994516 0.001706060 0.002837631 0.335754037 -0.001711837 0.999996603 0.002034680 -0.510694504 -0.002834149 -0.002039527 0.999993861 17.211530685
0.999993682 0.001759590 0.003082701 0.343737155 -0.001766498 0.999995887 0.002239365 -0.521973729 -0.003078748 -0.002244797 0.999992728 17.672895432
0.999991536 0.001951041 0.003603350 0.350898385 -0.001956999 0.999996662 0.001650566 -0.525869966 -0.003600118 -0.001657603 0.999992132 18.139913559
0.999994755 0.000790654 0.003145698 0.382253796 -0.000796145 0.999998212 0.001744897 -0.539952338 -0.003144312 -0.001747392 0.999993503 18.587762833
0.999989986 0.002135006 0.003926619 0.375083625 -0.002143630 0.999995291 0.002193575 -0.558082819 -0.003921917 -0.002201971 0.999989808 19.076307297
0.999991119 0.001749642 0.003835265 0.393424541 -0.001757168 0.999996603 0.001959933 -0.567222059 -0.003831822 -0.001966655 0.999990702 19.558414459
0.999990880 0.001588065 0.003964692 0.402530253 -0.001596966 0.999996185 0.002242772 -0.579492629 -0.003961115 -0.002249083 0.999989629 20.037607193
0.999991596 0.001941034 0.003599195 0.414253414 -0.001949479 0.999995351 0.002344221 -0.600666106 -0.003594628 -0.002351218 0.999990702 20.533124924
0.999990821 0.002275566 0.003629362 0.423452854 -0.002282883 0.999995410 0.002013072 -0.608174860 -0.003624764 -0.002021339 0.999991357 21.029254913
0.999993265 0.001876502 0.003147708 0.431047112 -0.001882211 0.999996603 0.001811977 -0.611791432 -0.003144297 -0.001817890 0.999993384 21.546171188
0.999994934 0.002022650 0.002449659 0.444543511 -0.002028620 0.999994934 0.002437031 -0.638497591 -0.002444719 -0.002441987 0.999994040 22.029331207
0.999995112 0.002491793 0.001898944 0.460321903 -0.002496257 0.999994218 0.002351998 -0.645926714 -0.001893073 -0.002356727 0.999995410 22.540876389
0.999996185 0.002253541 0.001602203 0.463653713 -0.002257208 0.999994814 0.002290548 -0.661137164 -0.001597033 -0.002294156 0.999996066 23.070655823
0.999998391 0.001546599 0.000859281 0.474977732 -0.001547997 0.999997437 0.001628504 -0.673328221 -0.000856760 -0.001629831 0.999998271 23.591543198
0.999999464 0.001124897 0.000205708 0.484674215 -0.001125219 0.999998152 0.001568111 -0.688523591 -0.000203945 -0.001568342 0.999998748 24.119190216
0.999998808 0.001450951 -0.000494753 0.493878722 -0.001449813 0.999996364 0.002293635 -0.703370452 0.000498079 -0.002292915 0.999997258 24.652383804
0.999995589 0.002763007 -0.001083586 0.505662918 -0.002760689 0.999993920 0.002134455 -0.719094574 0.001089477 -0.002131454 0.999997139 25.182195663
0.999994814 0.002923607 -0.001343266 0.512161911 -0.002920766 0.999993563 0.002111855 -0.730334342 0.001349431 -0.002107921 0.999996901 25.735635757
0.999994993 0.002528766 -0.001896533 0.526262879 -0.002524171 0.999993920 0.002421865 -0.750202417 0.001902646 -0.002417066 0.999995291 26.280719757
0.999994814 0.002205546 -0.002356755 0.528162718 -0.002198108 0.999992609 0.003153878 -0.768810630 0.002363694 -0.003148681 0.999992251 26.818334579
0.999994993 0.001923624 -0.002512427 0.535473466 -0.001916133 0.999993682 0.002980609 -0.784108698 0.002518144 -0.002975780 0.999992430 27.373493195
0.999990225 0.003450255 -0.002795822 0.537287414 -0.003445658 0.999992728 0.001647276 -0.787990272 0.002801485 -0.001637626 0.999994755 27.958061218
0.999991894 0.002687922 -0.003007690 0.548355997 -0.002677785 0.999990761 0.003369134 -0.815344751 0.003016718 -0.003361053 0.999989808 28.454126358
0.999989092 0.003020320 -0.003569196 0.558360875 -0.003008672 0.999990165 0.003264276 -0.828940272 0.003579020 -0.003253502 0.999988317 28.991788864
0.999988794 0.002979947 -0.003657899 0.565035999 -0.002966848 0.999989212 0.003581157 -0.845683515 0.003668531 -0.003570265 0.999986887 29.540052414
0.999987662 0.002970198 -0.003988053 0.569582283 -0.002956169 0.999989450 0.003519224 -0.856140912 0.003998464 -0.003507391 0.999985814 30.087654114
0.999986649 0.002891399 -0.004286564 0.579860151 -0.002877403 0.999990523 0.003267854 -0.870627642 0.004295972 -0.003255477 0.999985456 30.635437012
0.999985516 0.002615657 -0.004701884 0.591138601 -0.002599196 0.999990582 0.003503852 -0.884804249 0.004711004 -0.003491580 0.999982834 31.176445007
0.999983191 0.003129125 -0.004876303 0.596200347 -0.003111441 0.999988556 0.003629758 -0.898906589 0.004887606 -0.003614525 0.999981463 31.723817825
0.999982536 0.002378183 -0.005406671 0.612354875 -0.002355312 0.999988198 0.004232573 -0.918674469 0.005416675 -0.004219765 0.999976397 32.261730194
0.999982178 0.002990866 -0.005163946 0.610084713 -0.002970792 0.999988019 0.003890805 -0.927269816 0.005175522 -0.003875395 0.999979019 32.814060211
0.999979079 0.003359559 -0.005533341 0.620108366 -0.003336414 0.999985754 0.004186713 -0.944252729 0.005547328 -0.004168164 0.999975860 33.354202271
0.999980211 0.003172447 -0.005416306 0.625671089 -0.003151308 0.999987364 0.003906929 -0.956397414 0.005428631 -0.003889783 0.999977708 33.918739319
0.999981105 0.002306012 -0.005679891 0.633737504 -0.002283116 0.999989331 0.004034204 -0.972098112 0.005689132 -0.004021161 0.999975741 34.456897736
0.999979973 0.003156853 -0.005490500 0.635379672 -0.003135113 0.999987245 0.003963697 -0.983773708 0.005502943 -0.003946404 0.999977052 35.010486603
0.999985337 0.002485046 -0.004824539 0.637700140 -0.002467193 0.999990106 0.003702838 -0.993735075 0.004833693 -0.003690880 0.999981463 35.560771942
0.999982774 0.003235616 -0.004901170 0.641554892 -0.003217740 0.999988258 0.003650873 -1.009788632 0.004912924 -0.003635040 0.999981284 36.101982117
0.999976456 0.003624914 -0.005815038 0.653409362 -0.003600917 0.999984980 0.004131820 -1.031116009 0.005829928 -0.004110784 0.999974549 36.656394958
0.999977171 0.003820403 -0.005571057 0.658416390 -0.003799043 0.999985337 0.003839670 -1.042688966 0.005585645 -0.003818418 0.999977112 37.201911926
0.999974966 0.003230873 -0.006293173 0.669237256 -0.003204436 0.999985993 0.004206487 -1.062862396 0.006306676 -0.004186216 0.999971271 37.759220123
0.999974310 0.003025464 -0.006489804 0.676421404 -0.003000301 0.999987960 0.003883628 -1.074471712 0.006501475 -0.003864057 0.999971390 38.308654785
0.999973953 0.003233025 -0.006456728 0.682240844 -0.003206438 0.999986351 0.004123900 -1.086736202 0.006469973 -0.004103090 0.999970675 38.865322113
0.999972701 0.003609360 -0.006462559 0.689199209 -0.003578936 0.999982476 0.004713073 -1.107804537 0.006479458 -0.004689815 0.999967992 39.406864166
0.999974430 0.003504652 -0.006237267 0.695334196 -0.003479571 0.999985814 0.004027428 -1.113268733 0.006251293 -0.004005622 0.999972463 39.964420319
0.999972343 0.003715806 -0.006438764 0.710402727 -0.003686832 0.999983072 0.004505959 -1.134657860 0.006455398 -0.004482097 0.999969125 40.514747620
0.999966562 0.003174962 -0.007532196 0.729387045 -0.003138314 0.999983191 0.004872322 -1.157878160 0.007547539 -0.004848520 0.999959767 41.056823730
0.999963939 0.003135935 -0.007895294 0.742095530 -0.003093260 0.999980509 0.005411598 -1.171329737 0.007912111 -0.005386980 0.999954224 41.607383728
0.999958932 0.003395763 -0.008404234 0.763392806 -0.003347760 0.999978065 0.005719330 -1.193902493 0.008423472 -0.005690959 0.999948323 42.140850067
0.999961495 0.003984560 -0.007816824 0.749175191 -0.003944673 0.999979138 0.005111507 -1.193217516 0.007837028 -0.005080475 0.999956369 42.703350067
0.999958217 0.003871697 -0.008283586 0.761361480 -0.003825830 0.999977231 0.005545869 -1.210074186 0.008304871 -0.005513945 0.999950349 43.237125397
0.999954700 0.004546698 -0.008355818 0.772584975 -0.004504278 0.999976873 0.005088499 -1.216837168 0.008378761 -0.005050632 0.999952137 43.802478790
0.999964178 0.003580220 -0.007670661 0.761644006 -0.003534094 0.999975622 0.006018426 -1.240103245 0.007692021 -0.005991101 0.999952495 44.335433960
0.999963403 0.003565308 -0.007783852 0.771734834 -0.003522638 0.999978721 0.005488733 -1.247205138 0.007803255 -0.005461112 0.999954700 44.886737823
0.999965191 0.003916651 -0.007365413 0.779487967 -0.003875356 0.999976754 0.005612542 -1.258229375 0.007387224 -0.005583803 0.999957204 45.412174225
0.999963045 0.003519387 -0.007844022 0.788410485 -0.003472226 0.999975801 0.006017873 -1.278546572 0.007865011 -0.005990413 0.999951124 45.974483490
0.999961615 0.003199529 -0.008153885 0.798863351 -0.003152827 0.999978602 0.005733932 -1.291740179 0.008172055 -0.005708004 0.999950349 46.516826630
0.999956548 0.004080984 -0.008384580 0.813420415 -0.004031113 0.999974132 0.005956219 -1.306757569 0.008408669 -0.005922162 0.999947131 47.037593842
0.999961793 0.003078420 -0.008176321 0.804188430 -0.003030346 0.999978065 0.005885499 -1.312949061 0.008194259 -0.005860497 0.999949276 47.604034424
0.999962389 0.003713431 -0.007842326 0.806009889 -0.003665443 0.999974489 0.006124780 -1.328485727 0.007864870 -0.006095804 0.999950528 48.154651642
0.999963343 0.002809320 -0.008093286 0.822264135 -0.002766997 0.999982417 0.005235820 -1.327109456 0.008107853 -0.005213234 0.999953568 48.694816589
0.999964297 0.003164106 -0.007838794 0.812538028 -0.003119204 0.999978721 0.005733727 -1.343466997 0.007856769 -0.005709072 0.999952853 49.240978241
0.999962032 0.003547660 -0.007957674 0.825882912 -0.003502752 0.999977946 0.005650268 -1.359034061 0.007977542 -0.005622179 0.999952376 49.780563354
0.999965191 0.003353692 -0.007650238 0.829932213 -0.003308829 0.999977291 0.005869503 -1.372678518 0.007669749 -0.005843984 0.999953568 50.325870514
0.999965250 0.003127658 -0.007727285 0.831724286 -0.003084537 0.999979556 0.005586002 -1.383297920 0.007744599 -0.005561973 0.999954522 50.878307343
0.999967694 0.003353274 -0.007303540 0.836238503 -0.003308120 0.999975443 0.006185890 -1.400084138 0.007324103 -0.006161530 0.999954164 51.432952881
0.999963462 0.002891986 -0.008053553 0.854693174 -0.002844020 0.999978185 0.005960849 -1.409115553 0.008070616 -0.005937725 0.999949813 51.971073151
0.999963403 0.002637472 -0.008136701 0.860008240 -0.002593495 0.999981999 0.005410543 -1.421633482 0.008150826 -0.005389243 0.999952257 52.508815765
0.999966025 0.002896854 -0.007722910 0.860861540 -0.002854638 0.999980927 0.005471767 -1.432355642 0.007738615 -0.005449535 0.999955237 53.051330566
0.999963999 0.002711535 -0.008044016 0.871709943 -0.002665126 0.999979794 0.005774564 -1.447840810 0.008059511 -0.005752918 0.999950945 53.610744476
0.999967456 0.002898842 -0.007535222 0.879952312 -0.002858685 0.999981642 0.005334628 -1.456315279 0.007550548 -0.005312914 0.999957323 54.161487579
0.999967873 0.002379474 -0.007656235 0.879551649 -0.002337696 0.999982357 0.005461033 -1.462523937 0.007669095 -0.005442960 0.999955773 54.719142914
0.999963462 0.002569058 -0.008156381 0.894079924 -0.002524411 0.999981940 0.005479448 -1.484854579 0.008170309 -0.005458658 0.999951720 55.255977631
0.999964774 0.002838179 -0.007901962 0.898506820 -0.002797147 0.999982655 0.005198844 -1.494752407 0.007916578 -0.005176558 0.999955297 55.805282593
0.999962687 0.003016397 -0.008097366 0.897806227 -0.002972761 0.999981046 0.005395515 -1.505081654 0.008113488 -0.005371242 0.999952674 56.339927673
0.999965966 0.002805362 -0.007770794 0.913510323 -0.002761632 0.999980330 0.005632565 -1.521853805 0.007786443 -0.005610912 0.999953985 56.874198914
0.999965191 0.003205581 -0.007706732 0.913563251 -0.003164186 0.999980628 0.005377397 -1.529061913 0.007723820 -0.005352824 0.999955773 57.438110352
0.999966145 0.003364700 -0.007517927 0.917964160 -0.003322965 0.999979079 0.005557075 -1.545505404 0.007536468 -0.005531906 0.999956250 57.981658936
0.999968112 0.003213896 -0.007318157 0.927091479 -0.003177261 0.999982357 0.005012312 -1.553075910 0.007334137 -0.004988901 0.999960661 58.527202606
0.999965787 0.003461631 -0.007515564 0.929913640 -0.003425052 0.999982238 0.004874652 -1.561181545 0.007532305 -0.004848744 0.999959886 59.081020355
0.999965727 0.003028658 -0.007710052 0.940863371 -0.002993870 0.999985337 0.004519694 -1.573598027 0.007723627 -0.004496457 0.999960065 59.622573853
0.999967158 0.003777561 -0.007173072 0.939705968 -0.003743747 0.999981880 0.004721505 -1.584068179 0.007190778 -0.004694496 0.999963164 60.178104401
0.999965429 0.003582128 -0.007500932 0.943633556 -0.003545987 0.999982178 0.004825951 -1.597213030 0.007518085 -0.004799187 0.999960244 60.712333679
0.999967694 0.004366361 -0.006750530 0.946653843 -0.004332658 0.999978125 0.004999320 -1.613370419 0.006772211 -0.004969910 0.999964714 61.267635345
0.999966264 0.003651429 -0.007356172 0.958058059 -0.003617180 0.999982595 0.004663874 -1.618021846 0.007373074 -0.004637109 0.999962091 61.814079285
0.999962866 0.003538019 -0.007861421 0.973247349 -0.003500327 0.999982297 0.004803074 -1.638526440 0.007878277 -0.004775378 0.999957561 62.339504242
0.999962568 0.004304568 -0.007505709 0.977276146 -0.004265170 0.999977052 0.005257132 -1.657523632 0.007528167 -0.005224923 0.999957979 62.886085510
0.999966025 0.004462400 -0.006933620 0.972281694 -0.004423878 0.999974787 0.005561254 -1.669406891 0.006958262 -0.005530392 0.999960482 63.438125610
0.999960899 0.004259331 -0.007748461 0.985031605 -0.004217359 0.999976397 0.005425257 -1.679030657 0.007771386 -0.005392367 0.999955177 63.970718384
0.999965250 0.003495784 -0.007568174 0.985591412 -0.003458022 0.999981523 0.004997008 -1.688945889 0.007585503 -0.004970663 0.999958813 64.520027161
0.999962866 0.003971781 -0.007640080 0.998185158 -0.003933164 0.999979496 0.005062997 -1.695736885 0.007660032 -0.005032760 0.999957919 65.046447754
0.999963224 0.004564234 -0.007267167 0.992927551 -0.004527367 0.999976814 0.005081619 -1.706245422 0.007290193 -0.005048531 0.999960661 65.590316772
0.999963760 0.003833537 -0.007598008 1.008545995 -0.003796185 0.999980688 0.004924386 -1.719685435 0.007616740 -0.004895363 0.999958992 66.138336182
0.999964893 0.003385928 -0.007667942 1.011667609 -0.003350485 0.999983728 0.004630413 -1.725611567 0.007683495 -0.004604559 0.999959826 66.693435669
0.999963820 0.003881386 -0.007570218 1.023475409 -0.003846073 0.999981701 0.004673790 -1.744971991 0.007588220 -0.004644505 0.999960423 67.239707947
0.999958575 0.004079405 -0.008139095 1.038848877 -0.004036654 0.999978006 0.005262116 -1.766199231 0.008160383 -0.005229045 0.999953032 67.770111084
0.999956310 0.004778887 -0.008030025 1.048043013 -0.004732318 0.999971926 0.005808448 -1.785256386 0.008057557 -0.005770194 0.999950945 68.302330017
0.999957681 0.004582954 -0.007970425 1.056123137 -0.004541682 0.999976218 0.005188515 -1.795304537 0.007994014 -0.005152096 0.999954820 68.852745056
0.999958694 0.004503054 -0.007884205 1.046013594 -0.004464451 0.999978006 0.004906942 -1.799611568 0.007906128 -0.004871541 0.999956846 69.400512695
0.999961376 0.004196130 -0.007718414 1.056247711 -0.004163376 0.999982357 0.004254640 -1.806384325 0.007736130 -0.004222341 0.999961197 69.947685242
0.999963224 0.004471685 -0.007309945 1.063050866 -0.004434683 0.999977291 0.005070319 -1.832033634 0.007332452 -0.005037716 0.999960482 70.492362976
0.999964714 0.004471899 -0.007111188 1.050404549 -0.004438460 0.999979019 0.004711212 -1.833852291 0.007132108 -0.004679482 0.999963582 71.045310974
0.999963105 0.004481662 -0.007332713 1.065557361 -0.004443444 0.999976516 0.005220046 -1.853150845 0.007355936 -0.005187270 0.999959469 71.590179443
0.999965966 0.005023093 -0.006551198 1.063160777 -0.004992809 0.999976814 0.004630868 -1.859239101 0.006574308 -0.004598001 0.999967813 72.137992859
0.999963880 0.005131242 -0.006773498 1.065928936 -0.005097666 0.999974608 0.004964913 -1.880336046 0.006798803 -0.004930204 0.999964714 72.671592712
0.999966204 0.004674084 -0.006757071 1.076738358 -0.004639752 0.999976277 0.005087637 -1.896511078 0.006780691 -0.005056113 0.999964237 73.215721130
0.999969780 0.004238520 -0.006517025 1.078764439 -0.004205339 0.999978125 0.005096721 -1.907953024 0.006538485 -0.005069161 0.999965727 73.770858765
0.999967754 0.004636389 -0.006558019 1.084221840 -0.004600028 0.999974012 0.005548568 -1.923358202 0.006583574 -0.005518222 0.999963105 74.296943665
0.999965906 0.004630869 -0.006828798 1.096666098 -0.004590780 0.999972224 0.005874603 -1.937881827 0.006855812 -0.005843053 0.999959409 74.832962036
0.999964833 0.004703795 -0.006949994 1.101711988 -0.004660298 0.999969542 0.006261417 -1.952255964 0.006979235 -0.006228808 0.999956250 75.375762939
0.999966919 0.004262857 -0.006927270 1.112222910 -0.004223392 0.999974787 0.005701760 -1.964476943 0.006951402 -0.005672313 0.999959767 75.923896790
0.999961913 0.005121682 -0.007069306 1.118185163 -0.005079609 0.999969363 0.005956769 -1.979383230 0.007099599 -0.005920633 0.999957263 76.471748352
0.999967277 0.004345600 -0.006827474 1.125369072 -0.004307080 0.999974787 0.005646455 -1.990795612 0.006851838 -0.005616864 0.999960780 77.024185181
0.999965549 0.004102561 -0.007218980 1.135833025 -0.004060492 0.999974787 0.005832506 -2.004945755 0.007242726 -0.005802992 0.999956965 77.566268921
0.999971986 0.003375250 -0.006683718 1.147537589 -0.003336131 0.999977291 0.005855350 -2.018471479 0.006703329 -0.005832889 0.999960601 78.118125916
0.999964833 0.004248400 -0.007229929 1.153290272 -0.004208817 0.999976099 0.005481225 -2.024896860 0.007253044 -0.005450603 0.999958754 78.656875610
0.999964654 0.004713469 -0.006953186 1.163250208 -0.004673459 0.999972403 0.005759290 -2.037682056 0.006980141 -0.005726591 0.999959230 79.206138611
0.999969244 0.004540291 -0.006395880 1.162386656 -0.004509035 0.999977887 0.004892911 -2.045644283 0.006417954 -0.004863921 0.999967515 79.752998352
0.999962866 0.004892881 -0.007091889 1.174912333 -0.004854101 0.999973357 0.005475002 -2.063097477 0.007118487 -0.005440374 0.999959886 80.289192200
0.999968112 0.005089425 -0.006154485 1.187492609 -0.005054606 0.999971211 0.005659901 -2.076787710 0.006183113 -0.005628612 0.999965072 80.840576172
0.999973178 0.005338616 -0.005022489 1.191232204 -0.005311357 0.999971271 0.005425160 -2.085705280 0.005051308 -0.005398338 0.999972701 81.387519836
0.999978840 0.005169988 -0.003955414 1.203124285 -0.005147144 0.999970138 0.005764132 -2.104075670 0.003985096 -0.005743651 0.999975562 81.919296265
0.999983072 0.005231315 -0.002547660 1.210068703 -0.005216775 0.999970257 0.005680500 -2.114720345 0.002577300 -0.005667114 0.999980628 82.465660095
0.999985695 0.005256233 0.000970984 1.224625945 -0.005261723 0.999969721 0.005740599 -2.127025843 -0.000940781 -0.005745627 0.999983072 83.015419006
0.999974728 0.005090886 0.004947186 1.239126444 -0.005122925 0.999965847 0.006485355 -2.147859573 -0.004914000 -0.006510535 0.999966741 83.548492432
0.999957204 0.005195618 0.007649432 1.257743835 -0.005239861 0.999969602 0.005775207 -2.158403397 -0.007619195 -0.005815041 0.999954045 84.101585388
0.999907970 0.004588136 0.012767384 1.281406045 -0.004662432 0.999972343 0.005795525 -2.173338413 -0.012740439 -0.005854520 0.999901652 84.652320862
0.999821186 0.005361344 0.018134708 1.310094476 -0.005465175 0.999968946 0.005680751 -2.183591127 -0.018103685 -0.005778845 0.999819398 85.209030151
0.999706924 0.005072650 0.023672635 1.342323303 -0.005221209 0.999967098 0.006217963 -2.202599764 -0.023640316 -0.006339740 0.999700367 85.754493713
0.999562919 0.004649741 0.029192867 1.376150131 -0.004823609 0.999971032 0.005888269 -2.208122969 -0.029164646 -0.006026511 0.999556422 86.286499023
0.999281943 0.004566547 0.037617024 1.404952884 -0.004781280 0.999972761 0.005620409 -2.220191479 -0.037590340 -0.005796231 0.999276400 86.869293213
0.998941004 0.004406726 0.045799099 1.451626062 -0.004675353 0.999972403 0.005759866 -2.234732628 -0.045772456 -0.005967894 0.998934090 87.414489746
0.998587370 0.004292706 0.052960057 1.488285065 -0.004618276 0.999971151 0.006026618 -2.248651743 -0.052932661 -0.006262689 0.998578370 87.966598511
0.998067677 0.004130913 0.061999701 1.547005892 -0.004507299 0.999972165 0.005932123 -2.259987116 -0.061973479 -0.006200111 0.998058438 88.504562378
0.997400880 0.004320036 0.071923763 1.605671883 -0.004749371 0.999971926 0.005799364 -2.274257183 -0.071896695 -0.006125884 0.997393250 89.046653748
0.996765673 0.003763861 0.080274791 1.666378021 -0.004232352 0.999975026 0.005666738 -2.282800198 -0.080251463 -0.005988161 0.996756673 89.599922180
0.996078134 0.003901194 0.088391900 1.735452652 -0.004393008 0.999975920 0.005370161 -2.293337584 -0.088368841 -0.005737408 0.996071279 90.152877808
0.995032191 0.003831657 0.099479698 1.811686039 -0.004428015 0.999973536 0.005774670 -2.305697680 -0.099454932 -0.006186481 0.995022774 90.697082520
0.993896365 0.004236912 0.110237360 1.888179779 -0.004952292 0.999968410 0.006216452 -2.325054884 -0.110207558 -0.006724436 0.993885934 91.239524841
0.992914677 0.003203865 0.118787475 1.972581863 -0.003890945 0.999976993 0.005552637 -2.334674597 -0.118766941 -0.005975489 0.992904186 91.785850525
0.991495371 0.003466250 0.130096301 2.057331085 -0.004184182 0.999977469 0.005245537 -2.340825558 -0.130075157 -0.005745271 0.991487443 92.318489075
0.989836335 0.002868593 0.142182067 2.152021408 -0.003658241 0.999979436 0.005292701 -2.353564739 -0.142163962 -0.005759044 0.989826322 92.898338318
0.988179326 0.002736397 0.153277814 2.252987862 -0.003618691 0.999978483 0.005477494 -2.368400812 -0.153259531 -0.005967412 0.988167942 93.444900513
0.986558855 0.002583217 0.163385794 2.363210678 -0.003568760 0.999977171 0.005738772 -2.381860495 -0.163367257 -0.006244723 0.986545503 93.981185913
0.984355330 0.002559636 0.176175594 2.486740112 -0.003666137 0.999975562 0.005955472 -2.397680759 -0.176156059 -0.006508186 0.984340727 94.500541687
0.982045889 0.002044722 0.188630700 2.609994888 -0.003193815 0.999978125 0.005788010 -2.408002377 -0.188614726 -0.006286544 0.982031047 95.051483154
0.979934752 0.002205123 0.199306563 2.731462479 -0.003364953 0.999979317 0.005480792 -2.415972710 -0.199290350 -0.006041476 0.979921877 95.584289551
0.977286398 0.002237300 0.211910769 2.883119583 -0.003557856 0.999976516 0.005850563 -2.433207035 -0.211892709 -0.006471624 0.977271557 96.118698120
0.974271655 0.001871106 0.225368977 3.015756607 -0.003371464 0.999974608 0.006272661 -2.449717999 -0.225351498 -0.006871099 0.974253297 96.630981445
0.971650898 0.001496603 0.236415669 3.162733078 -0.003123994 0.999973893 0.006509162 -2.466326237 -0.236399770 -0.007063193 0.971630275 97.158699036
0.968612790 0.001388033 0.248570561 3.316461563 -0.003042912 0.999975681 0.006273486 -2.472280025 -0.248555824 -0.006832956 0.968593478 97.679756165
0.964805186 0.001203456 0.262962848 3.468965530 -0.002954416 0.999975979 0.006263272 -2.487754822 -0.262949079 -0.006819739 0.964785635 98.251243591
0.961328864 0.001151602 0.275400490 3.638465881 -0.002879610 0.999978542 0.005870269 -2.495978832 -0.275387883 -0.006436305 0.961311698 98.781982422
0.958144963 0.000273661 0.286283046 3.813425064 -0.002049499 0.999980509 0.005903464 -2.511213303 -0.286275864 -0.006243112 0.958126962 99.292572021
0.953841925 0.000028136 0.300309032 4.007579803 -0.001982410 0.999978781 0.006202842 -2.523919582 -0.300302535 -0.006511868 0.953821778 99.824523926
0.949645162 -0.000220194 0.313327163 4.207118988 -0.001777719 0.999979913 0.006090732 -2.535185337 -0.313322216 -0.006341042 0.949625731 100.327774048
0.945580006 -0.000783075 0.325388700 4.400537491 -0.001312047 0.999979794 0.006219346 -2.541085243 -0.325387031 -0.006307815 0.945559800 100.860023499
0.941036522 -0.001440705 0.338301867 4.613708496 -0.000525949 0.999983490 0.005721574 -2.548111200 -0.338304490 -0.005562140 0.941020250 101.373222351
0.935966909 -0.001560642 0.352084368 4.835449219 -0.000517919 0.999982893 0.005809322 -2.563405752 -0.352087438 -0.005619685 0.935950160 101.871826172
0.931082845 -0.001526208 0.364804685 5.044551849 -0.000712118 0.999981761 0.006001076 -2.578172684 -0.364807129 -0.005847284 0.931064665 102.401336670
0.926635921 -0.002178760 0.375953645 5.279460907 0.000209536 0.999986053 0.005278752 -2.584877491 -0.375959873 -0.004812706 0.926623404 102.912048340
0.920735359 -0.002480057 0.390179783 5.506187439 0.000269754 0.999983728 0.005719528 -2.599509001 -0.390187591 -0.005160919 0.920720935 103.394500732
0.915172160 -0.003437800 0.403048605 5.748718262 0.001304235 0.999983609 0.005567923 -2.607795000 -0.403061211 -0.004569938 0.915161610 103.882026672
0.910148680 -0.003243027 0.414269328 5.991352081 0.001084686 0.999984622 0.005445132 -2.617242813 -0.414280623 -0.004506527 0.910138130 104.361709595
0.903845847 -0.003970083 0.427839816 6.256862640 0.001672235 0.999982119 0.005746471 -2.637763023 -0.427854955 -0.004478476 0.903836310 104.883659363
0.897405922 -0.004256599 0.441185355 6.524806976 0.001816166 0.999980628 0.005953686 -2.656202793 -0.441202104 -0.004541608 0.897396266 105.352455139
0.891432226 -0.004906538 0.453127414 6.802745819 0.002641434 0.999980628 0.005631491 -2.661322117 -0.453146279 -0.003823187 0.891428053 105.865898132
0.885589063 -0.005427002 0.464437872 7.057842255 0.002827485 0.999976218 0.006293376 -2.672957420 -0.464460969 -0.004260155 0.885583341 106.337890625
0.878597021 -0.005245940 0.477535069 7.318977356 0.002602669 0.999977469 0.006196664 -2.683130741 -0.477556795 -0.004201505 0.878590822 106.776924133
0.871482015 -0.005932054 0.490391374 7.616088867 0.003303179 0.999975264 0.006226138 -2.699311972 -0.490416139 -0.003806117 0.871480048 107.267654419
0.865590990 -0.006482567 0.500709713 7.906024933 0.003900890 0.999973178 0.006202828 -2.710905075 -0.500736475 -0.003415898 0.865593016 107.734329224
