1.000000000 0.000000000 0.000000000 0.000000000 0.000000000 1.000000000 0.000000000 0.000000000 0.000000000 0.000000000 1.000000000 0.000000000
1.000000000 0.000026490 0.000057244 -0.000694134 -0.000026495 1.000000000 0.000079575 -0.000348020 -0.000057242 -0.000079576 1.000000000 -0.000173052
1.000000000 -0.000056956 0.000062153 -0.000576612 0.000056955 1.000000000 0.000023026 0.000036788 -0.000062154 -0.000023022 1.000000000 -0.000062327
1.000000000 0.000075014 0.000054293 -0.000552699 -0.000075010 1.000000000 -0.000059393 0.000010782 -0.000054297 0.000059389 1.000000000 -0.000403111
1.000000000 0.000109402 0.000134960 -0.001516927 -0.000109408 1.000000000 0.000043549 -0.000138315 -0.000134955 -0.000043564 1.000000000 0.000420405
1.000000000 -0.000007040 0.000000569 -0.000163656 0.000007040 1.000000000 -0.000017504 -0.000459273 -0.000000569 0.000017504 1.000000000 -0.000365469
1.000000000 0.000089094 0.000080539 -0.000101868 -0.000089093 1.000000000 -0.000015514 0.000293730 -0.000080540 0.000015507 1.000000000 0.001201767
1.000000000 0.000129452 -0.000015839 -0.000254708 -0.000129454 1.000000000 -0.000073167 0.000325060 0.000015829 0.000073169 1.000000000 0.000033379
1.000000000 0.000153966 0.000072693 -0.000062008 -0.000153962 1.000000000 -0.000056670 0.000165777 -0.000072702 0.000056658 1.000000000 0.000936693
1.000000000 0.000158824 0.000037495 -0.000511078 -0.000158826 1.000000000 0.000065266 -0.000230857 -0.000037485 -0.000065272 1.000000000 0.000767555
1.000000000 0.000171729 0.000060737 -0.000321572 -0.000171729 1.000000000 -0.000013522 0.000295644 -0.000060739 0.000013511 1.000000000 0.001194734
1.000000000 0.000082431 0.000078082 -0.000811826 -0.000082431 1.000000000 -0.000001004 -0.000700159 -0.000078082 0.000000998 1.000000000 0.000071928
1.000000000 0.000170490 0.000061459 -0.000912536 -0.000170487 1.000000000 -0.000048621 0.000305263 -0.000061467 0.000048611 1.000000000 0.000822047
1.000000000 0.000180338 0.000113269 -0.001937981 -0.000180334 1.000000000 -0.000031590 0.000489578 -0.000113275 0.000031569 1.000000000 0.000280817
1.000000000 0.000180877 0.000101403 -0.000439400 -0.000180873 1.000000000 -0.000037628 0.000981153 -0.000101410 0.000037610 1.000000000 0.002153625
0.999999940 0.000224068 0.000116212 -0.001101972 -0.000224067 1.000000000 -0.000006198 0.000793031 -0.000116213 0.000006172 1.000000000 0.001541846
0.999999940 0.000232335 0.000114755 -0.001341014 -0.000232329 1.000000000 -0.000052676 0.000847222 -0.000114767 0.000052650 1.000000000 0.002133436
0.999999940 0.000192615 0.000152954 -0.001880960 -0.000192616 1.000000000 0.000007270 0.001067275 -0.000152952 -0.000007300 1.000000000 0.001835891
0.999999940 0.000273396 0.000223150 -0.002148472 -0.000273376 0.999999940 -0.000091811 0.001324881 -0.000223175 0.000091750 1.000000000 0.001214226
0.999999940 0.000223967 0.000208300 -0.002314771 -0.000223964 1.000000000 -0.000011314 0.000648944 -0.000208302 0.000011267 1.000000000 0.001604508
0.999999940 0.000311067 0.000134345 -0.001972986 -0.000311059 0.999999940 -0.000063050 0.001203662 -0.000134365 0.000063008 1.000000000 0.001271647
0.999999940 0.000270948 0.000147315 -0.001932056 -0.000270931 0.999999940 -0.000111141 0.001395681 -0.000147345 0.000111101 1.000000000 0.001759609
0.999999940 0.000273430 0.000178278 -0.002290416 -0.000273421 0.999999940 -0.000049757 0.001455612 -0.000178291 0.000049708 1.000000000 0.002458364
0.999999940 0.000379492 0.000139183 -0.002294432 -0.000379485 0.999999940 -0.000047893 0.001563772 -0.000139201 0.000047841 1.000000000 0.001993939
0.999999940 0.000280166 0.000183037 -0.001486583 -0.000280164 0.999999940 -0.000007475 0.000803193 -0.000183039 0.000007424 1.000000000 0.001674436
0.999999940 0.000282465 0.000222353 -0.002475490 -0.000282452 0.999999940 -0.000058136 0.002340096 -0.000222369 0.000058073 1.000000000 0.002563704
0.999999940 0.000332511 0.000227090 -0.002365207 -0.000332512 0.999999940 0.000000590 0.001031589 -0.000227090 -0.000000665 1.000000000 0.001645384
0.999999940 0.000358347 0.000153022 -0.002489907 -0.000358328 0.999999940 -0.000119298 0.001993049 -0.000153064 0.000119243 1.000000000 0.001228232
0.999999881 0.000419059 0.000163041 -0.002266833 -0.000419038 0.999999881 -0.000129421 0.002542916 -0.000163095 0.000129352 1.000000000 0.001320662
0.999999881 0.000409081 0.000258040 -0.002039129 -0.000409066 0.999999940 -0.000057121 0.000934238 -0.000258063 0.000057016 0.999999940 0.001576034
0.999999881 0.000341242 0.000308915 -0.002524800 -0.000341217 0.999999940 -0.000082619 0.002027429 -0.000308943 0.000082514 0.999999940 0.002701171
0.999999940 0.000275601 0.000188828 -0.001641995 -0.000275591 0.999999940 -0.000054846 0.001377852 -0.000188843 0.000054794 1.000000000 0.002564688
0.999999940 0.000262793 0.000175101 -0.001622950 -0.000262789 0.999999940 -0.000019049 0.000651438 -0.000175106 0.000019003 1.000000000 0.001337477
0.999999881 0.000407348 0.000286947 -0.002926273 -0.000407334 0.999999940 -0.000047826 0.001292351 -0.000286967 0.000047709 0.999999940 0.001804261
0.999999881 0.000394646 0.000218250 -0.001700138 -0.000394634 0.999999940 -0.000056392 0.001027275 -0.000218273 0.000056306 1.000000000 0.001419770
0.999999940 0.000261397 0.000198251 -0.002284346 -0.000261383 0.999999940 -0.000067646 0.001491423 -0.000198269 0.000067594 1.000000000 0.001291454
0.999999881 0.000389136 0.000186893 -0.002172993 -0.000389120 0.999999940 -0.000089730 0.002201247 -0.000186928 0.000089657 1.000000000 0.002023563
0.999999881 0.000401619 0.000257939 -0.002615599 -0.000401601 0.999999940 -0.000073484 0.001716453 -0.000257969 0.000073380 0.999999940 0.001784294
0.999999940 0.000290992 0.000185884 -0.000943144 -0.000290980 0.999999940 -0.000062736 0.001990901 -0.000185902 0.000062682 1.000000000 0.002022126
0.999999940 0.000208858 0.000183209 -0.000731642 -0.000208826 0.999999940 -0.000175000 0.001287534 -0.000183246 0.000174962 0.999999940 0.001795579
0.999999881 0.000390252 0.000272316 -0.002162801 -0.000390059 0.999999642 -0.000709895 -0.002067182 -0.000272593 0.000709789 0.999999702 0.048929378
0.999999821 0.000501625 0.000282122 0.000038628 -0.000501253 0.999998987 -0.001318568 -0.003994556 -0.000282783 0.001318426 0.999999106 0.138784856
0.999999940 0.000247895 0.000190984 0.002390065 -0.000247618 0.999998927 -0.001449503 -0.007864726 -0.000191343 0.001449456 0.999998927 0.253101766
0.999999821 0.000434027 0.000365125 0.003773283 -0.000433603 0.999999225 -0.001160166 -0.012490899 -0.000365629 0.001160007 0.999999285 0.384950131
0.999999881 0.000339764 0.000410538 0.004337742 -0.000339290 0.999999285 -0.001152725 -0.015432746 -0.000410929 0.001152586 0.999999225 0.526293874
0.999999940 -0.000201239 0.000339613 0.010649802 0.000201565 0.999999523 -0.000959726 -0.019928567 -0.000339420 0.000959794 0.999999464 0.689622760
0.999999702 0.000632457 0.000470433 0.013282683 -0.000632123 0.999999523 -0.000709452 -0.024243802 -0.000470881 0.000709154 0.999999642 0.847234547
0.999999464 0.000681027 0.000764142 0.008990387 -0.000680333 0.999999344 -0.000908280 -0.028429914 -0.000764760 0.000907760 0.999999285 1.022323847
0.999999821 0.000388047 0.000445404 0.018305443 -0.000387593 0.999999404 -0.001020144 -0.027101366 -0.000445799 0.001019971 0.999999404 1.208083510
0.999999642 0.000473979 0.000718657 0.016665684 -0.000473634 0.999999762 -0.000480816 -0.042414218 -0.000718884 0.000480475 0.999999642 1.386989594
0.999999523 0.000721379 0.000676436 0.022677161 -0.000721392 0.999999762 0.000020032 -0.054653775 -0.000676422 -0.000020520 0.999999762 1.587399364
0.999996722 -0.002518220 -0.000503611 0.036937937 0.002518466 0.999996662 0.000486800 -0.065011546 0.000502384 -0.000488066 0.999999762 1.737897515
0.999997973 -0.002035167 -0.000197311 0.037624899 0.002035302 0.999997616 0.000686775 -0.071860231 0.000195913 -0.000687175 0.999999821 1.943395495
0.999996841 -0.002438817 -0.000567431 0.043549631 0.002439154 0.999996841 0.000594922 -0.077913955 0.000565978 -0.000596304 0.999999642 2.144241571
0.999997675 -0.002142428 -0.000270552 0.046467472 0.002142615 0.999997377 0.000692712 -0.081440523 0.000269067 -0.000693290 0.999999702 2.365991354
0.999998093 -0.001957049 -0.000198245 0.050220910 0.001957160 0.999997914 0.000561266 -0.086651169 0.000197147 -0.000561653 0.999999821 2.591979980
0.999997199 -0.002345918 0.000092336 0.053202968 0.002345869 0.999997079 0.000531544 -0.093176670 -0.000093582 -0.000531326 0.999999762 2.825273275
0.999995887 -0.002843709 -0.000383161 0.059720527 0.002844062 0.999995649 0.000925508 -0.102171272 0.000380528 -0.000926594 0.999999523 3.038101912
0.999996662 -0.002579235 -0.000207443 0.064195141 0.002579416 0.999996305 0.000875121 -0.108844995 0.000205185 -0.000875654 0.999999583 3.281857014
0.999997258 -0.002351790 -0.000113188 0.065551654 0.002351893 0.999996781 0.000925151 -0.116272107 0.000111011 -0.000925415 0.999999583 3.531263828
0.999997616 -0.002181535 -0.000039367 0.070007354 0.002181575 0.999997020 0.001050161 -0.123012148 0.000037076 -0.001050244 0.999999464 3.782302618
0.999996781 -0.002491074 -0.000321005 0.076134905 0.002491433 0.999996185 0.001123153 -0.130547374 0.000318205 -0.001123949 0.999999344 4.030514240
0.999996960 -0.002412857 -0.000342973 0.083773971 0.002413249 0.999996424 0.001146233 -0.133327171 0.000340206 -0.001147057 0.999999285 4.293988228
0.999997735 -0.002099564 -0.000215273 0.085584171 0.002099788 0.999997139 0.001044795 -0.139232889 0.000213079 -0.001045245 0.999999404 4.554384232
0.999996901 -0.002476353 -0.000060572 0.094203129 0.002476414 0.999996364 0.001025642 -0.147762179 0.000058032 -0.001025788 0.999999464 4.814338207
0.999997258 -0.002349446 -0.000107600 0.094342194 0.002349579 0.999996483 0.001248928 -0.152866527 0.000104665 -0.001249177 0.999999225 5.028556824
0.999997377 -0.002269343 0.000026238 0.098213457 0.002269315 0.999996960 0.000995725 -0.158140957 -0.000028497 -0.000995663 0.999999523 5.295000076
0.999997377 -0.002303822 0.000354596 0.104935937 0.002303374 0.999996722 0.001257129 -0.168363109 -0.000357491 -0.001256309 0.999999225 5.561891556
0.999995589 -0.002969265 -0.000154455 0.116095163 0.002969433 0.999995053 0.001094137 -0.174486816 0.000151206 -0.001094590 0.999999404 5.835411549
0.999997318 -0.002305960 0.000342968 0.116622128 0.002305494 0.999996424 0.001355893 -0.185192674 -0.000346093 -0.001355098 0.999999106 6.111814976
0.999996424 -0.002663764 -0.000110121 0.124712020 0.002663919 0.999995351 0.001433807 -0.195440501 0.000106301 -0.001434096 0.999998927 6.361139774
0.999997854 -0.002053218 -0.000115475 0.128913835 0.002053346 0.999997199 0.001120874 -0.200799063 0.000113173 -0.001121109 0.999999404 6.658380032
0.999997437 -0.002238095 -0.000266294 0.133685440 0.002238368 0.999996960 0.001031782 -0.207302600 0.000263984 -0.001032376 0.999999464 6.959518909
0.999997735 -0.002137385 -0.000230192 0.139938742 0.002137636 0.999997139 0.001094371 -0.214105174 0.000227852 -0.001094860 0.999999404 7.256836414
0.999996126 -0.002763456 0.000038093 0.137031555 0.002763390 0.999994814 0.001634747 -0.232538730 -0.000042611 -0.001634635 0.999998689 7.533201694
0.999995351 -0.003042534 -0.000255512 0.149237469 0.003042926 0.999994159 0.001550838 -0.236536011 0.000250792 -0.001551608 0.999998748 7.854431629
0.999997616 -0.002195813 0.000041152 0.151658729 0.002195745 0.999996424 0.001577957 -0.246715739 -0.000044617 -0.001577863 0.999998808 8.175793648
0.999997199 -0.002368003 0.000070516 0.158790141 0.002367909 0.999996424 0.001298189 -0.254411250 -0.000073590 -0.001298019 0.999999166 8.496644020
0.999996841 -0.002519518 0.000051384 0.157580793 0.002519440 0.999995768 0.001465166 -0.259011209 -0.000055075 -0.001465031 0.999998927 8.816617012
0.999996901 -0.002503458 -0.000058023 0.165077642 0.002503561 0.999995232 0.001823032 -0.273250431 0.000053459 -0.001823172 0.999998331 9.154500008
0.999998689 -0.001625747 0.000195401 0.172119379 0.001625453 0.999997556 0.001495790 -0.283075362 -0.000197832 -0.001495470 0.999998868 9.491346359
0.999997914 -0.002034859 0.000078521 0.179071903 0.002034731 0.999996662 0.001603229 -0.290723175 -0.000081783 -0.001603066 0.999998689 9.847512245
0.999997258 -0.002343182 0.000104444 0.179034963 0.002343022 0.999996245 0.001503326 -0.300349504 -0.000107966 -0.001503077 0.999998808 10.158311844
0.999997437 -0.002236023 0.000423931 0.185785368 0.002235366 0.999996305 0.001543825 -0.311340094 -0.000427381 -0.001542874 0.999998629 10.521296501
0.999997735 -0.002095345 0.000325415 0.194334686 0.002094883 0.999996841 0.001415029 -0.318337917 -0.000328379 -0.001414344 0.999998927 10.891452789
0.999996185 -0.002780522 0.000300189 0.198208332 0.002780022 0.999994695 0.001656085 -0.329713523 -0.000304792 -0.001655244 0.999998569 11.232122421
0.999996543 -0.002586387 0.000477284 0.206552193 0.002585491 0.999994874 0.001868996 -0.339910239 -0.000482115 -0.001867755 0.999998093 11.611391068
0.999996424 -0.002592748 0.000599596 0.216624990 0.002591572 0.999994814 0.001954675 -0.353160352 -0.000604661 -0.001953114 0.999997854 11.994654655
0.999996364 -0.002627784 0.000550397 0.223637208 0.002626577 0.999994159 0.002181433 -0.366417199 -0.000556126 -0.002179980 0.999997437 12.366783142
0.999996901 -0.002380434 0.000740280 0.221212447 0.002378732 0.999994516 0.002292597 -0.373930246 -0.000745733 -0.002290829 0.999997079 12.732518196
0.999997199 -0.002312857 0.000609749 0.235770464 0.002311482 0.999994755 0.002246678 -0.386080861 -0.000614942 -0.002245262 0.999997258 13.134252548
0.999997795 -0.001859317 0.000953232 0.236339018 0.001857141 0.999995708 0.002278966 -0.397776902 -0.000957465 -0.002277191 0.999996901 13.541941643
0.999997973 -0.001809623 0.000884806 0.240770966 0.001807283 0.999994874 0.002637794 -0.406894803 -0.000889575 -0.002636189 0.999996066 13.979133606
0.999996305 -0.002281114 0.001429659 0.247453868 0.002277919 0.999994934 0.002232103 -0.416625738 -0.001434744 -0.002228838 0.999996483 14.353143692
0.999996722 -0.002106946 0.001412161 0.256141037 0.002104074 0.999995828 0.002031654 -0.424363136 -0.001416435 -0.002028676 0.999996960 14.785449982
0.999996483 -0.001928160 0.001776358 0.266808778 0.001924418 0.999995947 0.002105630 -0.440203100 -0.001780411 -0.002102205 0.999996185 15.210464478
0.999995589 -0.002089101 0.002094051 0.278335512 0.002083712 0.999994516 0.002572178 -0.451831371 -0.002099413 -0.002567803 0.999994516 15.668455124
0.999994278 -0.001972583 0.002754365 0.268768728 0.001965472 0.999994755 0.002582463 -0.468313515 -0.002759445 -0.002577035 0.999992847 16.057870865
0.999992132 -0.002309451 0.003237302 0.275344282 0.002300508 0.999993503 0.002763662 -0.482276410 -0.003243663 -0.002756192 0.999990940 16.510889053
0.999991238 -0.002416537 0.003429165 0.285995841 0.002406512 0.999992788 0.002924609 -0.497327238 -0.003436207 -0.002916330 0.999989808 16.961763382
0.999991536 -0.002090651 0.003539010 0.287885129 0.002079142 0.999992549 0.003252927 -0.511672616 -0.003545784 -0.003245542 0.999988377 17.381334305
0.999990702 -0.002135921 0.003745453 0.299405277 0.002124814 0.999993324 0.002967006 -0.521765709 -0.003751766 -0.002959020 0.999988556 17.853961945
0.999990821 -0.001869128 0.003855303 0.313892126 0.001858994 0.999994814 0.002630292 -0.526078224 -0.003860199 -0.002623101 0.999989092 18.330760956
0.999990284 -0.002071363 0.003883934 0.323565155 0.002059155 0.999992907 0.003144470 -0.545287609 -0.003890420 -0.003136443 0.999987543 18.757879257
0.999991119 -0.002190706 0.003600036 0.342114002 0.002180087 0.999993205 0.002951136 -0.554366231 -0.003606477 -0.002943262 0.999989212 19.242134094
0.999989808 -0.001906480 0.004080541 0.341797411 0.001892370 0.999992251 0.003458893 -0.568893850 -0.004087104 -0.003451137 0.999985695 19.693183899
0.999988258 -0.002842095 0.003923661 0.358857751 0.002828963 0.999990344 0.003348449 -0.582792699 -0.003933141 -0.003337310 0.999986708 20.182577133
0.999990284 -0.002074154 0.003894248 0.360012412 0.002061666 0.999992669 0.003208183 -0.589137912 -0.003900874 -0.003200124 0.999987245 20.656370163
0.999991477 -0.002239687 0.003459541 0.371514440 0.002229362 0.999993086 0.002985571 -0.598083079 -0.003466204 -0.002977833 0.999989510 21.163972855
0.999993384 -0.001694428 0.003204873 0.370660871 0.001683648 0.999992907 0.003363517 -0.615966856 -0.003210549 -0.003358099 0.999989212 21.646081924
0.999993563 -0.001969391 0.002974752 0.382522225 0.001958935 0.999991834 0.003513715 -0.627638519 -0.002981648 -0.003507866 0.999989390 22.168508530
0.999995112 -0.001149567 0.002903109 0.383662224 0.001140210 0.999994099 0.003222636 -0.633184016 -0.002906797 -0.003219311 0.999990582 22.688743591
0.999996185 -0.001399782 0.002381371 0.383086115 0.001391892 0.999993563 0.003312039 -0.653923571 -0.002385991 -0.003308713 0.999991655 23.153358459
0.999994397 -0.002893334 0.001709028 0.395163447 0.002888956 0.999992549 0.002558740 -0.664590120 -0.001716418 -0.002553788 0.999995232 23.687150955
0.999996722 -0.002347874 0.001054408 0.410240293 0.002345106 0.999993801 0.002619436 -0.676652074 -0.001060551 -0.002616955 0.999996066 24.219285965
0.999998689 -0.001586196 0.000478966 0.424355954 0.001584597 0.999993265 0.003320253 -0.692471147 -0.000484230 -0.003319489 0.999994397 24.777271271
0.999999344 -0.001028964 0.000474533 0.403456807 0.001027159 0.999992311 0.003788139 -0.709864497 -0.000478428 -0.003787649 0.999992728 25.216859818
0.999999583 -0.000830132 0.000194975 0.415390581 0.000829365 0.999992073 0.003899153 -0.718842030 -0.000198210 -0.003898991 0.999992371 25.780033112
0.999999642 -0.000046522 0.000813075 0.412360847 0.000043048 0.999990940 0.004272078 -0.735050797 -0.000813266 -0.004272042 0.999990582 26.336429596
0.999999702 -0.000650967 -0.000454544 0.425697416 0.000652843 0.999991238 0.004140160 -0.755180538 0.000451845 -0.004140455 0.999991298 26.796548843
0.999999940 0.000322323 -0.000402491 0.434725821 -0.000320779 0.999992669 0.003827899 -0.767250240 0.000403722 -0.003827769 0.999992549 27.351350784
0.999999881 0.000392404 -0.000213691 0.439858526 -0.000391560 0.999992192 0.003938551 -0.781479836 0.000215235 -0.003938465 0.999992192 27.904388428
0.999999344 -0.000334064 -0.001044513 0.441390783 0.000338596 0.999990523 0.004342337 -0.792682469 0.001043052 -0.004342686 0.999990046 28.397947311
0.999999106 -0.000618833 -0.001178317 0.446353555 0.000624246 0.999989212 0.004599896 -0.811370254 0.001175458 -0.004600626 0.999988735 28.950338364
0.999999106 -0.000140260 -0.001342191 0.459530085 0.000146412 0.999989450 0.004584753 -0.822010279 0.001341533 -0.004584944 0.999988616 29.491340637
0.999998629 -0.000530807 -0.001574287 0.453807026 0.000537517 0.999990880 0.004266142 -0.835461855 0.001572008 -0.004266982 0.999989629 29.971582413
0.999998868 -0.000295887 -0.001449836 0.464624256 0.000301626 0.999992132 0.003960324 -0.844867289 0.001448653 -0.003960757 0.999991059 30.522085190
0.999997854 -0.001472923 -0.001509380 0.473643303 0.001478428 0.999992251 0.003652759 -0.853650987 0.001503988 -0.003654982 0.999992192 31.077907562
0.999998927 -0.000039492 -0.001444576 0.468142658 0.000046003 0.999989867 0.004507759 -0.882303655 0.001444383 -0.004507821 0.999988794 31.589210510
0.999997318 -0.000640016 -0.002222675 0.470427930 0.000649535 0.999990582 0.004285038 -0.879713655 0.002219912 -0.004286470 0.999988317 32.085170746
0.999996305 -0.000459940 -0.002668852 0.484265208 0.000472149 0.999989450 0.004576010 -0.901946247 0.002666719 -0.004577254 0.999985933 32.617038727
0.999997795 0.000132374 -0.002106340 0.494401127 -0.000122719 0.999989450 0.004583850 -0.913721979 0.002106925 -0.004583582 0.999987304 33.161186218
0.999995887 -0.000346306 -0.002841327 0.489136696 0.000358945 0.999989986 0.004448932 -0.921926200 0.002839758 -0.004449934 0.999986053 33.644302368
0.999995887 -0.000421968 -0.002840431 0.498412728 0.000434943 0.999989450 0.004568797 -0.936843157 0.002838473 -0.004570013 0.999985516 34.194797516
0.999994814 -0.001167930 -0.002979537 0.511687636 0.001180990 0.999989688 0.004384915 -0.942485213 0.002974386 -0.004388412 0.999985874 34.744533539
0.999994159 -0.000943460 -0.003294640 0.524058044 0.000958507 0.999989092 0.004568687 -0.961863816 0.003290294 -0.004571818 0.999984086 35.287723541
0.999993920 -0.001242343 -0.003249779 0.514512658 0.001256394 0.999989867 0.004325586 -0.970163345 0.003244373 -0.004329643 0.999985278 35.740051270
0.999993384 -0.000536359 -0.003589139 0.521540046 0.000551156 0.999991357 0.004122976 -0.981945634 0.003586897 -0.004124927 0.999984980 36.290592194
0.999992847 -0.000332462 -0.003761203 0.533232689 0.000347682 0.999991775 0.004046567 -0.996102929 0.003759827 -0.004047846 0.999984682 36.838626862
0.999991536 -0.000953293 -0.004009397 0.547236860 0.000970453 0.999990344 0.004280168 -1.006260276 0.004005278 -0.004284022 0.999982774 37.342273712
0.999994576 -0.000857670 -0.003184601 0.518958807 0.000871503 0.999990106 0.004344900 -1.023893952 0.003180843 -0.004347652 0.999985516 37.822738647
0.999994040 -0.000060619 -0.003442807 0.528846860 0.000075801 0.999990225 0.004409816 -1.036259413 0.003442506 -0.004410052 0.999984384 38.373424530
0.999993801 -0.001059417 -0.003344693 0.546315849 0.001073944 0.999989927 0.004344705 -1.045378566 0.003340056 -0.004348271 0.999984920 38.938579559
0.999994397 -0.000750590 -0.003271333 0.533737481 0.000765308 0.999989569 0.004500243 -1.061383963 0.003267921 -0.004502721 0.999984503 39.393222809
0.999992371 -0.000841077 -0.003826742 0.547704875 0.000858612 0.999989152 0.004582729 -1.073024273 0.003822845 -0.004585979 0.999982178 39.943214417
0.999993443 -0.000402007 -0.003603375 0.553381562 0.000419532 0.999988019 0.004863989 -1.087121248 0.003601377 -0.004865468 0.999981701 40.494857788
0.999992669 -0.000966806 -0.003714057 0.566344142 0.000983665 0.999989152 0.004540229 -1.094729066 0.003709628 -0.004543849 0.999982834 41.041648865
0.999994576 -0.000369413 -0.003271060 0.547744572 0.000384241 0.999989629 0.004533424 -1.109919667 0.003269352 -0.004534656 0.999984384 41.467418671
0.999994397 -0.000175252 -0.003322207 0.556571424 0.000188578 0.999991953 0.004011298 -1.120529890 0.003321477 -0.004011902 0.999986470 42.016914368
0.999994099 -0.000368664 -0.003416335 0.573161900 0.000384653 0.999988914 0.004680387 -1.136480093 0.003414572 -0.004681673 0.999983251 42.552169800
0.999995410 0.000178058 -0.002996027 0.585579336 -0.000165490 0.999991238 0.004194888 -1.137762070 0.002996747 -0.004194373 0.999986768 43.073371887
0.999995947 0.000154151 -0.002842928 0.553089321 -0.000141375 0.999989867 0.004493841 -1.157811165 0.002843592 -0.004493420 0.999985814 43.514232635
0.999996305 0.000434545 -0.002668289 0.563433230 -0.000423288 0.999990940 0.004218055 -1.166982532 0.002670098 -0.004216910 0.999987483 44.066772461
0.999996364 0.001014953 -0.002483131 0.572923243 -0.001004316 0.999990344 0.004281765 -1.178573132 0.002487453 -0.004279255 0.999987721 44.618942261
0.999997318 0.001054285 -0.002073898 0.578247070 -0.001045731 0.999990940 0.004121486 -1.198699236 0.002078224 -0.004119305 0.999989331 45.162303925
0.999997437 0.001138443 -0.002003100 0.558561206 -0.001129853 0.999990106 0.004284636 -1.200239420 0.002007959 -0.004282362 0.999988735 45.576992035
0.999996662 0.000397667 -0.002544086 0.571016669 -0.000386367 0.999990046 0.004440527 -1.214767575 0.002545827 -0.004439529 0.999986887 46.131042480
0.999997258 0.000709244 -0.002238315 0.576861024 -0.000699356 0.999990046 0.004414752 -1.228033900 0.002241424 -0.004413174 0.999987781 46.684280396
0.999997735 0.001635284 -0.001388708 0.575210690 -0.001629099 0.999988854 0.004441770 -1.241076827 0.001395956 -0.004439498 0.999989152 47.211845398
0.999998271 0.000659766 -0.001730337 0.567785919 -0.000652923 0.999992073 0.003953498 -1.234553933 0.001732931 -0.003952362 0.999990702 47.638385773
0.999997497 0.001243263 -0.001852306 0.579848647 -0.001236172 0.999992013 0.003824467 -1.246855736 0.001857046 -0.003822168 0.999990940 48.183727264
0.999998450 0.000974296 -0.001450831 0.584959745 -0.000968013 0.999990165 0.004325610 -1.258237123 0.001455031 -0.004324199 0.999989569 48.734310150
0.999998450 0.001066776 -0.001402253 0.596800923 -0.001061071 0.999991238 0.004063333 -1.270868659 0.001406575 -0.004061839 0.999990702 49.257850647
0.999998689 0.000516182 -0.001513286 0.588024914 -0.000510284 0.999992311 0.003895625 -1.280785322 0.001515286 -0.003894848 0.999991238 49.712837219
0.999998331 0.001534348 -0.000910041 0.592331231 -0.001530529 0.999990106 0.004184058 -1.296018958 0.000916452 -0.004182658 0.999990821 50.264102936
0.999998152 0.001459825 -0.001218901 0.601652265 -0.001455074 0.999991417 0.003889797 -1.307381749 0.001224569 -0.003888016 0.999991715 50.813732147
0.999998689 0.001467886 -0.000675467 0.615465403 -0.001465412 0.999992311 0.003649594 -1.319562078 0.000680819 -0.003648600 0.999993086 51.332530975
0.999996006 0.002790934 -0.000416526 0.607990980 -0.002789419 0.999989748 0.003594884 -1.337207079 0.000426555 -0.003593708 0.999993443 51.896724701
0.999998033 0.001979993 0.000169275 0.577283919 -0.001980674 0.999989688 0.004120138 -1.346120596 -0.000161115 -0.004120464 0.999991477 52.268638611
0.999998927 0.001470718 -0.000127432 0.589295089 -0.001470252 0.999992490 0.003600649 -1.354578257 0.000132727 -0.003600457 0.999993503 52.814331055
0.999999344 0.001128864 -0.000211926 0.601277113 -0.001128047 0.999992073 0.003814513 -1.366157293 0.000216230 -0.003814270 0.999992669 53.376438141
0.999998927 0.001426993 0.000210086 0.629162252 -0.001427873 0.999989927 0.004256558 -1.380824208 -0.000204010 -0.004256853 0.999990821 53.890903473
0.999997079 0.002186701 0.001030547 0.593269229 -0.002190861 0.999989390 0.004052430 -1.391300797 -0.001021675 -0.004054675 0.999991179 54.292423248
0.999995530 0.002659640 0.001395524 0.600331008 -0.002665476 0.999987662 0.004196000 -1.404694438 -0.001384347 -0.004199701 0.999990225 54.845241547
0.999993503 0.003250136 0.001547110 0.613019824 -0.003256493 0.999986231 0.004124037 -1.413909793 -0.001533685 -0.004129048 0.999990225 55.390277863
0.999994814 0.002895171 0.001347090 0.617231607 -0.002899599 0.999990284 0.003295641 -1.410520196 -0.001337535 -0.003299530 0.999993622 55.949901581
0.999995589 0.002298450 0.001838407 0.597929835 -0.002305443 0.999990106 0.003810444 -1.439389348 -0.001829631 -0.003814666 0.999991059 56.377193451
0.999994099 0.002606676 0.002209444 0.606649876 -0.002613816 0.999991357 0.003235694 -1.446321011 -0.002200990 -0.003241450 0.999992311 56.919303894
0.999993443 0.002677023 0.002427429 0.622709990 -0.002684698 0.999991357 0.003163598 -1.464743137 -0.002418939 -0.003170095 0.999992073 57.455265045
0.999991179 0.003381445 0.002482260 0.639353454 -0.003388800 0.999989867 0.002965602 -1.470673323 -0.002472207 -0.002973988 0.999992490 58.009399414
0.999990761 0.003461521 0.002548277 0.616459608 -0.003469740 0.999988735 0.003227786 -1.484765172 -0.002537076 -0.003236598 0.999991536 58.412780762
0.999986649 0.004070883 0.003208653 0.625418067 -0.004080136 0.999987543 0.002882660 -1.494331956 -0.003196878 -0.002895713 0.999990702 58.961673737
0.999982536 0.004982721 0.003179909 0.638126075 -0.004992557 0.999982715 0.003092901 -1.503893733 -0.003164444 -0.003108723 0.999990106 59.505954742
0.999981165 0.004938520 0.003627731 0.651535034 -0.004951093 0.999981761 0.003465059 -1.526464105 -0.003610553 -0.003482954 0.999987423 60.026008606
0.999988079 0.003395509 0.003515776 0.636694372 -0.003405609 0.999990106 0.002870604 -1.527887225 -0.003505994 -0.002882543 0.999989688 60.445644379
0.999987781 0.003383677 0.003610430 0.648512542 -0.003393869 0.999990284 0.002820745 -1.535431981 -0.003600850 -0.002832964 0.999989510 60.995605469
0.999981403 0.004382089 0.004236893 0.658851326 -0.004392781 0.999987185 0.002517655 -1.548933864 -0.004225806 -0.002536220 0.999987841 61.537021637
0.999984264 0.004142191 0.003765691 0.680359900 -0.004152372 0.999987721 0.002699363 -1.559121490 -0.003754463 -0.002714957 0.999989331 62.054634094
0.999979973 0.004615131 0.004319160 0.633095682 -0.004626968 0.999985576 0.002734546 -1.585914373 -0.004306477 -0.002754476 0.999986947 62.517852783
0.999976158 0.004631877 0.005114228 0.645231366 -0.004646450 0.999985218 0.002841357 -1.600476623 -0.005100991 -0.002865052 0.999982834 63.062488556
0.999971807 0.005048194 0.005560898 0.660100043 -0.005062370 0.999983966 0.002537775 -1.612689137 -0.005547998 -0.002565854 0.999981344 63.608989716
0.999976039 0.005146152 0.004627191 0.697205007 -0.005159911 0.999982238 0.002966713 -1.632510900 -0.004611842 -0.002990518 0.999984920 64.124137878
0.999974728 0.004964998 0.005096691 0.698630929 -0.004978833 0.999983966 0.002705193 -1.655230641 -0.005083178 -0.002730500 0.999983311 64.689300537
0.999974906 0.004586542 0.005403630 0.668271065 -0.004601083 0.999985754 0.002681468 -1.651281357 -0.005391255 -0.002706263 0.999981821 65.095352173
0.999964714 0.005991388 0.005889549 0.675623477 -0.006002256 0.999980271 0.001829016 -1.663134217 -0.005878475 -0.001864302 0.999980986 65.633155823
0.999969780 0.005497131 0.005505856 0.692846298 -0.005510947 0.999981642 0.002497330 -1.681371331 -0.005492027 -0.002527597 0.999981761 66.183944702
0.999958158 0.006972171 0.005925720 0.704379320 -0.006992797 0.999969482 0.003467301 -1.714380145 -0.005901365 -0.003508593 0.999976397 66.651443481
0.999964714 0.006403540 0.005450045 0.760212302 -0.006416350 0.999976754 0.002336399 -1.681950688 -0.005434956 -0.002371286 0.999982417 67.080543518
0.999965966 0.005563335 0.006091795 0.695201039 -0.005577500 0.999981761 0.002311131 -1.711211920 -0.006078827 -0.002345030 0.999978781 67.539581299
0.999971926 0.004471561 0.006005270 0.710242629 -0.004488130 0.999986112 0.002748087 -1.730062246 -0.005992898 -0.002774962 0.999978244 68.087150574
0.999970734 0.004219342 0.006374562 0.725305915 -0.004235945 0.999987662 0.002593704 -1.742060065 -0.006363539 -0.002620631 0.999976337 68.616432190
0.999966323 0.005040545 0.006464319 0.741855502 -0.005059443 0.999982953 0.002910601 -1.767886043 -0.006449538 -0.002943209 0.999974906 69.142158508
0.999963105 0.005695137 0.006417039 0.724281609 -0.005707791 0.999981821 0.001955357 -1.764191031 -0.006405786 -0.001991912 0.999977469 69.590438843
0.999962866 0.005617671 0.006522018 0.740274429 -0.005633156 0.999981403 0.002358140 -1.780247092 -0.006508649 -0.002394793 0.999975920 70.143692017
0.999958277 0.006242150 0.006657087 0.751212835 -0.006256912 0.999978006 0.002199059 -1.794099927 -0.006643214 -0.002240621 0.999975383 70.695976257
0.999959588 0.006232268 0.006480172 0.759449244 -0.006246674 0.999978006 0.002205163 -1.808405161 -0.006466287 -0.002245554 0.999976575 71.108299255
0.999952018 0.006977208 0.006869315 0.772872448 -0.006993166 0.999972880 0.002301671 -1.816832542 -0.006853069 -0.002349599 0.999973774 71.656364441
0.999949753 0.007243425 0.006934455 0.785411954 -0.007255801 0.999972105 0.001760954 -1.832412481 -0.006921506 -0.001811180 0.999974489 72.192062378
0.999963045 0.005799878 0.006338207 0.825849891 -0.005814928 0.999980271 0.002358501 -1.873665094 -0.006324404 -0.002395270 0.999977112 72.684700012
0.999953985 0.006513551 0.007039339 0.791045904 -0.006528467 0.999976516 0.002098348 -1.859761715 -0.007025506 -0.002144208 0.999972939 73.154563904
0.999948204 0.006995336 0.007391403 0.806465864 -0.007004405 0.999974728 0.001201885 -1.869976282 -0.007382810 -0.001253595 0.999971926 73.694427490
0.999953151 0.006437534 0.007218497 0.833010018 -0.006448007 0.999978244 0.001428560 -1.888513565 -0.007209144 -0.001475038 0.999972820 74.238487244
0.999954700 0.006242594 0.007179611 0.819324970 -0.006259865 0.999977589 0.002385313 -1.903107643 -0.007164558 -0.002430148 0.999971390 74.697708130
0.999948382 0.006697649 0.007648665 0.834472001 -0.006712449 0.999975741 0.001910938 -1.915616274 -0.007635680 -0.001962181 0.999968886 75.258079529
0.999950528 0.006538276 0.007497074 0.847629189 -0.006554706 0.999976218 0.002169351 -1.927219629 -0.007482711 -0.002218385 0.999969482 75.786827087
0.999950111 0.006613489 0.007489690 0.854405165 -0.006627997 0.999976218 0.001914132 -1.940541267 -0.007476853 -0.001963678 0.999970138 76.268943787
0.999952972 0.006029301 0.007602750 0.873184800 -0.006041958 0.999980390 0.001642971 -1.955191970 -0.007592695 -0.001688829 0.999969840 76.815391541
0.999939859 0.006546713 0.008799992 0.891831160 -0.006565701 0.999976158 0.002130461 -1.974749565 -0.008785835 -0.002188111 0.999958992 77.341186523
0.999930084 0.006580549 0.009809843 0.898971617 -0.006598050 0.999976695 0.001752505 -1.980408311 -0.009798082 -0.001817109 0.999950349 77.805130005
0.999910116 0.007165217 0.011330028 0.913089454 -0.007184656 0.999972701 0.001675735 -1.993611217 -0.011317713 -0.001756986 0.999934375 78.360870361
0.999893904 0.007048949 0.012751102 0.930755198 -0.007077135 0.999972582 0.002166310 -2.013614655 -0.012735482 -0.002256321 0.999916375 78.887657166
0.999851704 0.006999188 0.015733328 0.955027699 -0.007024024 0.999974132 0.001523856 -2.016067505 -0.015722254 -0.001634141 0.999875069 79.378746033
0.999771535 0.007757358 0.019913994 0.975364625 -0.007794490 0.999967992 0.001787650 -2.036816597 -0.019899491 -0.001942461 0.999800146 79.907325745
0.999712586 0.007469370 0.022773925 1.020365953 -0.007524959 0.999968827 0.002356222 -2.063467503 -0.022755614 -0.002526918 0.999737859 80.410469055
0.999614835 0.006959177 0.026862642 1.024527669 -0.007000406 0.999974370 0.001441172 -2.050226688 -0.026851922 -0.001628667 0.999638021 80.922317505
0.999427855 0.007035336 0.033082228 1.055249691 -0.007078436 0.999974191 0.001185824 -2.063263178 -0.033073030 -0.001419316 0.999451935 81.461288452
0.999214530 0.006959244 0.039009783 1.092113972 -0.007016637 0.999974430 0.001334567 -2.077366829 -0.038999502 -0.001607236 0.999237895 82.006340027
0.998960137 0.006798207 0.045081981 1.115164280 -0.006858061 0.999975801 0.001173172 -2.079689264 -0.045072909 -0.001481127 0.998982549 82.492752075
0.998568594 0.006461644 0.053094160 1.165302277 -0.006527972 0.999978125 0.001075899 -2.094261646 -0.053086039 -0.001420956 0.998588920 83.033317566
0.998049557 0.007111328 0.062021479 1.212708473 -0.007149170 0.999974310 0.000388250 -2.105058193 -0.062017124 -0.000830895 0.998074651 83.582061768
0.997596622 0.006763855 0.068958454 1.249566555 -0.006836767 0.999976277 0.000821397 -2.116079092 -0.068951249 -0.001290876 0.997619212 84.056900024
0.996901810 0.006920405 0.078352049 1.309029102 -0.006987309 0.999975383 0.000579728 -2.129657507 -0.078346111 -0.001125402 0.996925652 84.606414795
0.996066093 0.007189622 0.088320985 1.379171848 -0.007274663 0.999973297 0.000640985 -2.145530224 -0.088314027 -0.001280968 0.996091902 85.090614319
0.995283306 0.006658491 0.096781425 1.438162804 -0.006723644 0.999977291 0.000347031 -2.145699739 -0.096776895 -0.000996117 0.995305598 85.628875732
0.994577587 0.006000580 0.103823967 1.518009186 -0.006049542 0.999981701 0.000156676 -2.160835028 -0.103821114 -0.000783914 0.994595647 86.169105530
0.993463278 0.006001647 0.113994375 1.593834877 -0.006069569 0.999981463 0.000248767 -2.183417559 -0.113990761 -0.000939037 0.993481338 86.678840637
0.992208540 0.006069178 0.124440446 1.682478905 -0.006130277 0.999981225 0.000108062 -2.183596611 -0.124437444 -0.000870074 0.992227018 87.196022034
0.991002440 0.005463248 0.133732140 1.773511887 -0.005504493 0.999984801 -0.000061321 -2.200708866 -0.133730441 -0.000675359 0.991017520 87.738265991
0.989352643 0.005652437 0.145428240 1.870494843 -0.005754848 0.999983370 0.000283529 -2.219022989 -0.145424232 -0.001117428 0.989368796 88.255233765
0.987412632 0.005927889 0.158054158 1.950033188 -0.006028487 0.999981821 0.000157056 -2.229173183 -0.158050343 -0.001107906 0.987430453 88.738754272
0.985637963 0.005746209 0.168774098 2.064908981 -0.005815327 0.999983072 -0.000084755 -2.241105795 -0.168771729 -0.000897938 0.985654771 89.277931213
0.983860075 0.004859687 0.178873524 2.190814018 -0.004929317 0.999987841 -0.000055161 -2.260600090 -0.178871602 -0.000827454 0.983872056 89.784698486
0.981363356 0.005320051 0.192087770 2.277444839 -0.005420641 0.999985337 -0.000001845 -2.267268181 -0.192084923 -0.001039428 0.981377780 90.280021667
0.979001582 0.004231469 0.203808948 2.414656639 -0.004209029 0.999991000 -0.000543562 -2.275955915 -0.203809425 -0.000325690 0.979010522 90.803504944
0.976886153 0.002789242 0.213742092 2.551380157 -0.002669384 0.999996066 -0.000849377 -2.290423155 -0.213743582 0.000259186 0.976889849 91.322296143
0.973771095 0.004281264 0.227489606 2.675558090 -0.004290489 0.999990702 -0.000453961 -2.300395727 -0.227489442 -0.000533987 0.973780394 91.832687378
0.970601320 0.004049351 0.240658611 2.827606201 -0.003962234 0.999991775 -0.000845884 -2.309672117 -0.240660086 -0.000132529 0.970609367 92.362167358
0.967850268 0.003548417 0.251501948 2.986469269 -0.003524550 0.999993622 -0.000545365 -2.333961487 -0.251502275 -0.000358599 0.967856586 92.856460571
0.964860380 0.003394735 0.262741178 3.131927490 -0.003317520 0.999994159 -0.000737495 -2.336059093 -0.262742162 -0.000160070 0.964866042 93.326583862
0.961113274 0.003937140 0.276126355 3.304962158 -0.004026303 0.999991834 -0.000244003 -2.354948282 -0.276125073 -0.000877253 0.961121321 93.842140198
0.957483828 0.003529676 0.288465410 3.483072281 -0.003525524 0.999993682 -0.000533933 -2.370099306 -0.288465470 -0.000505759 0.957490146 94.377136230
0.953858972 0.002922953 0.300240815 3.643808365 -0.002837179 0.999995708 -0.000721657 -2.374924183 -0.300241619 -0.000163478 0.953863144 94.849601746
0.949221969 0.003066683 0.314592391 3.837327957 -0.003048441 0.999995232 -0.000549983 -2.389055014 -0.314592570 -0.000436961 0.949226677 95.377838135
0.944693863 0.002454380 0.327944607 4.044715881 -0.002332191 0.999996960 -0.000765876 -2.399140596 -0.327945471 -0.000041312 0.944696665 95.884277344
0.940646052 0.002398049 0.339380622 4.229249954 -0.002404327 0.999997020 -0.000401975 -2.423135281 -0.339380562 -0.000437865 0.940649033 96.337257385
0.935779214 0.002431111 0.352578104 4.446107864 -0.002545799 0.999996722 -0.000138403 -2.441749573 -0.352577269 -0.000768078 0.935782433 96.852371216
0.930299461 0.002096698 0.366794884 4.665710449 -0.002060946 0.999997735 -0.000489091 -2.461257935 -0.366795003 -0.000300943 0.930301726 97.333610535
0.925520837 0.001506371 0.378693908 4.899211884 -0.001365409 0.999998868 -0.000640766 -2.467970610 -0.378694415 0.000075970 0.925521731 97.877700806
0.920511603 0.001675219 0.390711665 5.094602585 -0.001783351 0.999998331 -0.000086052 -2.482102871 -0.390711218 -0.000617564 0.920513034 98.299919128
0.914384782 0.001415113 0.404843837 5.339416504 -0.001478650 0.999998808 -0.000155755 -2.496346235 -0.404843658 -0.000456203 0.914385676 98.790657043
0.908362091 0.001184140 0.418182939 5.577968597 -0.001277926 0.999999166 -0.000055764 -2.505779982 -0.418182701 -0.000483753 0.908362806 99.273239136
0.903504848 0.000726403 0.428577393 5.837757111 -0.000681892 0.999999821 -0.000257385 -2.528497696 -0.428577483 -0.000059695 0.903505087 99.741607666
0.897724748 0.000313806 0.440556616 6.089744568 -0.000335464 0.999999940 -0.000028718 -2.538269997 -0.440556586 -0.000122010 0.897724807 100.196083069
0.890840471 0.000021075 0.454316258 6.269794464 0.000075454 0.999999940 -0.000194340 -2.545399189 -0.454316288 0.000207406 0.890840352 100.594947815
0.884721756 -0.000521322 0.466119140 6.546848297 0.001024904 0.999999166 -0.000826900 -2.554688931 -0.466118246 0.001209304 0.884721518 101.070037842
0.878911853 -0.000363193 0.476984024 6.830139160 0.000606223 0.999999642 -0.000355616 -2.585148096 -0.476983726 0.000601713 0.878911912 101.527824402
0.871271372 -0.000139054 0.490801603 7.112155914 0.000069328 1.000000000 0.000160250 -2.604942799 -0.490801543 -0.000105595 0.871271372 101.992218018
0.863864958 -0.000969242 0.503722489 7.351692200 0.001134479 0.999999285 -0.000021431 -2.596993923 -0.503722191 0.000589975 0.863865495 102.397254944
