1.000000000 0.000000000 0.000000000 0.000000000 0.000000000 1.000000000 0.000000000 0.000000000 0.000000000 0.000000000 1.000000000 0.000000000
1.000000000 0.000074490 0.000048650 -0.000548277 -0.000074498 1.000000000 0.000147603 -0.000360115 -0.000048639 -0.000147607 1.000000000 0.000295426
1.000000000 0.000053164 0.000104527 -0.001204162 -0.000053164 1.000000000 -0.000001595 0.000418196 -0.000104527 0.000001589 1.000000000 0.000153500
1.000000000 0.000062424 0.000017376 -0.000502756 -0.000062425 1.000000000 0.000043445 -0.000615423 -0.000017373 -0.000043447 1.000000000 -0.000537612
1.000000000 0.000108762 0.000195990 -0.001456780 -0.000108775 1.000000000 0.000064810 -0.000208738 -0.000195982 -0.000064831 1.000000000 0.000557116
1.000000000 -0.000170859 -0.000029871 0.000012690 0.000170860 1.000000000 0.000031153 -0.000219133 0.000029865 -0.000031158 1.000000000 -0.000225690
1.000000000 0.000094800 0.000120993 -0.001854305 -0.000094811 1.000000000 0.000090860 -0.000544292 -0.000120984 -0.000090871 1.000000000 -0.000883017
1.000000000 0.000021554 0.000092995 -0.001280601 -0.000021554 1.000000000 0.000000825 -0.000399436 -0.000092995 -0.000000827 1.000000000 -0.000826330
1.000000000 0.000074121 0.000177547 -0.001714251 -0.000074129 1.000000000 0.000042339 -0.000911544 -0.000177544 -0.000042352 1.000000000 -0.001506450
1.000000000 0.000125415 0.000162657 -0.002104608 -0.000125448 1.000000000 0.000203121 -0.001159208 -0.000162631 -0.000203141 0.999999940 0.000594529
1.000000000 0.000081869 0.000158689 -0.001282199 -0.000081890 1.000000000 0.000128474 -0.001050210 -0.000158679 -0.000128487 1.000000000 -0.000704207
1.000000000 0.000101969 0.000172249 -0.001605823 -0.000101983 1.000000000 0.000080407 -0.001024020 -0.000172241 -0.000080424 1.000000000 -0.000362813
1.000000000 0.000013321 0.000151182 -0.001160159 -0.000013332 1.000000000 0.000071211 0.000351441 -0.000151181 -0.000071213 1.000000000 0.000355615
1.000000000 0.000129203 0.000149139 -0.002035167 -0.000129190 1.000000000 -0.000090478 0.000867435 -0.000149150 0.000090459 1.000000000 -0.000167998
0.999999940 0.000267702 0.000145923 -0.001781777 -0.000267698 0.999999940 -0.000026999 0.001033511 -0.000145930 0.000026960 1.000000000 0.001366407
0.999999940 0.000222719 0.000185936 -0.001909004 -0.000222720 1.000000000 0.000005772 0.000702641 -0.000185935 -0.000005813 1.000000000 0.001523874
0.999999940 0.000308626 0.000220422 -0.002295375 -0.000308629 0.999999940 0.000011003 0.000736422 -0.000220419 -0.000011071 1.000000000 0.000865810
0.999999940 0.000183047 0.000224879 -0.001922867 -0.000183062 1.000000000 0.000064162 0.001042778 -0.000224867 -0.000064203 1.000000000 0.002166182
0.999999940 0.000186157 0.000268202 -0.002516810 -0.000186145 1.000000000 -0.000043774 0.001163942 -0.000268210 0.000043724 0.999999940 0.001497201
0.999999940 0.000208682 0.000237334 -0.002339872 -0.000208695 1.000000000 0.000053063 0.000825994 -0.000237322 -0.000053113 1.000000000 0.002185613
0.999999940 0.000233342 0.000191760 -0.002729424 -0.000233332 1.000000000 -0.000052751 0.001881581 -0.000191772 0.000052707 1.000000000 0.002546972
0.999999940 0.000302153 0.000196600 -0.002072941 -0.000302146 0.999999940 -0.000034557 0.001301671 -0.000196610 0.000034498 1.000000000 0.002247048
0.999999940 0.000309011 0.000197391 -0.002518161 -0.000309012 0.999999940 0.000004443 0.001355615 -0.000197390 -0.000004504 1.000000000 0.001592925
0.999999881 0.000401043 0.000198095 -0.002745710 -0.000401053 0.999999940 0.000050429 0.001215246 -0.000198075 -0.000050509 1.000000000 0.003018617
0.999999940 0.000285109 0.000243322 -0.001935059 -0.000285110 0.999999940 0.000002539 0.001496047 -0.000243322 -0.000002608 1.000000000 0.001616474
0.999999940 0.000230279 0.000212925 -0.002401499 -0.000230276 1.000000000 -0.000011958 0.002220597 -0.000212928 0.000011909 1.000000000 0.003579070
0.999999881 0.000364028 0.000258422 -0.002773972 -0.000364061 0.999999940 0.000127743 0.000539121 -0.000258375 -0.000127838 0.999999940 0.002199751
0.999999940 0.000342914 0.000149148 -0.002113655 -0.000342903 0.999999940 -0.000076721 0.001704873 -0.000149174 0.000076670 1.000000000 0.001333214
0.999999881 0.000418625 0.000204857 -0.002541613 -0.000418606 0.999999881 -0.000095944 0.002509885 -0.000204897 0.000095858 1.000000000 0.002439485
0.999999881 0.000372573 0.000227493 -0.001934020 -0.000372570 0.999999940 -0.000013990 0.001272464 -0.000227498 0.000013905 1.000000000 0.002384597
0.999999881 0.000297210 0.000365839 -0.003134263 -0.000297213 0.999999940 0.000007960 0.001067658 -0.000365836 -0.000008068 0.999999940 0.002347139
0.999999940 0.000354843 0.000215594 -0.001951817 -0.000354830 0.999999940 -0.000059926 0.001677765 -0.000215615 0.000059850 1.000000000 0.002660355
0.999999881 0.000422066 0.000298274 -0.001874759 -0.000422082 0.999999881 0.000052358 0.000242564 -0.000298252 -0.000052484 0.999999940 0.000791259
0.999999821 0.000525148 0.000369783 -0.003529858 -0.000525145 0.999999881 -0.000007773 0.000917347 -0.000369787 0.000007579 0.999999940 0.002207251
0.999999881 0.000420636 0.000221195 -0.001694070 -0.000420613 0.999999881 -0.000104128 0.001478568 -0.000221239 0.000104035 0.999999940 0.002345556
0.999999940 0.000306336 0.000210250 -0.001980734 -0.000306332 0.999999940 -0.000017243 0.001358479 -0.000210255 0.000017178 1.000000000 0.002558285
0.999999881 0.000428486 0.000236045 -0.003062274 -0.000428462 0.999999881 -0.000100282 0.003007347 -0.000236088 0.000100181 0.999999940 0.002910526
0.999999881 0.000422063 0.000310282 -0.002825868 -0.000422069 0.999999940 0.000021094 0.000869540 -0.000310273 -0.000021225 0.999999940 0.002507174
0.999999881 0.000382622 0.000203388 -0.001087036 -0.000382623 0.999999940 0.000003602 0.001578733 -0.000203386 -0.000003680 1.000000000 0.000636765
0.999999940 0.000206494 0.000188654 -0.001866860 -0.000206471 1.000000000 -0.000119721 0.001240321 -0.000188679 0.000119682 1.000000000 0.001791202
0.999999821 0.000473678 0.000400762 -0.002766401 -0.000473455 0.999999762 -0.000556952 -0.002690517 -0.000401025 0.000556763 0.999999762 0.048458602
0.999999821 0.000510134 0.000332508 -0.000898785 -0.000509703 0.999999046 -0.001295835 -0.002533934 -0.000333169 0.001295665 0.999999106 0.138101354
0.999999881 0.000445503 0.000259282 0.001930567 -0.000445118 0.999998808 -0.001483466 -0.006857456 -0.000259943 0.001483350 0.999998868 0.253099412
0.999999702 0.000715541 0.000290151 0.003937114 -0.000715181 0.999998987 -0.001238023 -0.011808729 -0.000291037 0.001237815 0.999999166 0.384615034
0.999999702 0.000662556 0.000457505 0.003035556 -0.000662148 0.999999404 -0.000891539 -0.014282472 -0.000458096 0.000891235 0.999999523 0.532985091
0.999999940 0.000263437 0.000270221 0.010771165 -0.000263205 0.999999583 -0.000857096 -0.018145207 -0.000270446 0.000857025 0.999999583 0.691092610
0.999999821 0.000447575 0.000355113 0.015880739 -0.000447328 0.999999642 -0.000696019 -0.021782070 -0.000355424 0.000695860 0.999999702 0.848465860
0.999999642 0.000530792 0.000638333 0.008923702 -0.000530260 0.999999523 -0.000833416 -0.024658658 -0.000638776 0.000833077 0.999999464 1.022608638
0.999999821 0.000432259 0.000368678 0.013272445 -0.000431894 0.999999404 -0.000989533 -0.025055287 -0.000369105 0.000989373 0.999999464 1.199204206
0.999999702 0.000608582 0.000516243 0.008163134 -0.000608484 0.999999821 -0.000191124 -0.044755094 -0.000516359 0.000190810 0.999999821 1.376396179
0.999999881 -0.000250985 0.000001239 0.026680050 0.000250983 0.999999285 0.001187465 -0.064683340 -0.000001537 -0.001187465 0.999999285 1.541266322
0.999999762 -0.000594868 0.000239594 0.029335856 0.000594586 0.999999166 0.001177919 -0.070069835 -0.000240294 -0.001177776 0.999999285 1.739465714
0.999999762 -0.000693144 -0.000165320 0.035956476 0.000693394 0.999998569 0.001513725 -0.075245865 0.000164270 -0.001513839 0.999998868 1.938942552
0.999999046 -0.001297557 -0.000361685 0.043735374 0.001297959 0.999998569 0.001114011 -0.078063861 0.000360238 -0.001114479 0.999999404 2.152002573
0.999999762 -0.000677357 0.000106677 0.041241426 0.000677165 0.999998212 0.001788082 -0.087635614 -0.000107888 -0.001788009 0.999998391 2.369344234
0.999998927 -0.001359228 -0.000499669 0.051935703 0.001360046 0.999997675 0.001639298 -0.092757978 0.000497440 -0.001639976 0.999998450 2.589977503
0.999998569 -0.001666949 -0.000321205 0.055380162 0.001667466 0.999997377 0.001616480 -0.099960670 0.000318509 -0.001617013 0.999998629 2.820073605
0.999998868 -0.001497130 -0.000057180 0.058267433 0.001497216 0.999997735 0.001538792 -0.103099272 0.000054876 -0.001538876 0.999998748 3.060652494
0.999999523 -0.000955586 0.000005379 0.058688231 0.000955576 0.999998212 0.001651132 -0.113339894 -0.000006957 -0.001651126 0.999998629 3.312402248
0.999999583 -0.000927760 0.000174517 0.062209785 0.000927423 0.999997735 0.001918990 -0.120164596 -0.000176297 -0.001918827 0.999998093 3.527134895
0.999999940 -0.000344323 0.000319078 0.063067451 0.000343668 0.999997854 0.002052167 -0.128756002 -0.000319784 -0.002052057 0.999997854 3.783987761
0.999999881 -0.000256745 0.000346710 0.070951395 0.000255966 0.999997377 0.002246517 -0.130784661 -0.000347286 -0.002246428 0.999997437 4.046937466
0.999999762 -0.000532298 0.000372118 0.080985807 0.000531420 0.999997020 0.002356902 -0.137804672 -0.000373372 -0.002356703 0.999997139 4.301882267
0.999999702 -0.000713075 0.000214893 0.081345536 0.000712660 0.999997914 0.001921327 -0.146462217 -0.000216263 -0.001921173 0.999998152 4.546711922
0.999999762 -0.000654793 0.000310696 0.088261344 0.000654149 0.999997675 0.002069380 -0.152050719 -0.000312050 -0.002069176 0.999997854 4.806787968
0.999999881 -0.000388555 0.000377585 0.098126963 0.000387796 0.999997914 0.002009770 -0.154408753 -0.000378365 -0.002009623 0.999997973 5.062755108
0.999999762 -0.000527352 0.000395070 0.099959306 0.000526531 0.999997675 0.002074743 -0.162942618 -0.000396164 -0.002074534 0.999997795 5.323694706
0.999999464 -0.000815451 0.000633578 0.107061110 0.000813963 0.999996901 0.002346462 -0.172480106 -0.000635489 -0.002345945 0.999997079 5.598413944
0.999999642 -0.000736978 0.000319986 0.104124710 0.000736258 0.999997199 0.002243658 -0.183153942 -0.000321638 -0.002243422 0.999997377 5.847530842
0.999999642 -0.000572711 0.000745615 0.106272124 0.000570913 0.999996960 0.002409197 -0.190851420 -0.000746992 -0.002408770 0.999996781 6.128726482
0.999999583 0.000188054 0.000908918 0.116870970 -0.000189976 0.999997735 0.002115015 -0.188940287 -0.000908518 -0.002115187 0.999997377 6.431820869
0.999999523 -0.000586405 0.000873252 0.117206849 0.000584332 0.999996960 0.002371633 -0.198957548 -0.000874640 -0.002371122 0.999996781 6.718648434
0.999999583 -0.000036301 0.000991786 0.125012577 0.000034032 0.999997318 0.002288491 -0.207406446 -0.000991866 -0.002288456 0.999996901 7.006985664
0.999999762 -0.000472861 0.000538413 0.124767251 0.000471727 0.999997675 0.002103930 -0.217575297 -0.000539406 -0.002103676 0.999997616 7.298031330
0.999999583 -0.000813686 0.000464834 0.132072374 0.000812619 0.999996960 0.002290957 -0.229077965 -0.000466697 -0.002290579 0.999997258 7.605929852
0.999999762 -0.000388424 0.000625019 0.135811120 0.000386801 0.999996603 0.002594173 -0.235651925 -0.000626024 -0.002593931 0.999996424 7.926841736
0.999999523 -0.000438570 0.000961266 0.139203981 0.000436372 0.999997258 0.002286280 -0.245127171 -0.000962266 -0.002285859 0.999996960 8.244454384
0.999999642 -0.000451062 0.000791112 0.150918126 0.000449243 0.999997258 0.002297798 -0.253956586 -0.000792145 -0.002297442 0.999997020 8.568604469
0.999999166 0.000082000 0.001341652 0.151551381 -0.000085642 0.999996245 0.002714858 -0.262582779 -0.001341424 -0.002714970 0.999995351 8.904333115
0.999999642 -0.000025063 0.000833753 0.149664015 0.000022722 0.999996066 0.002807382 -0.279780388 -0.000833820 -0.002807362 0.999995708 9.193566322
0.999998689 0.000630425 0.001492293 0.151180536 -0.000634086 0.999996781 0.002454284 -0.286307126 -0.001490740 -0.002455226 0.999995828 9.536857605
0.999998450 0.000908561 0.001476652 0.157123476 -0.000912173 0.999996603 0.002446774 -0.293847799 -0.001474424 -0.002448118 0.999995887 9.884817123
0.999998212 0.001221543 0.001451655 0.163216487 -0.001224730 0.999996841 0.002196510 -0.304306030 -0.001448967 -0.002198284 0.999996483 10.232883453
0.999998868 0.000810209 0.001237914 0.187632382 -0.000812067 0.999998569 0.001501122 -0.299981654 -0.001236696 -0.001502125 0.999998093 10.619283676
0.999999762 -0.000450630 0.000507414 0.198618308 0.000449347 0.999996722 0.002526063 -0.320106924 -0.000508551 -0.002525834 0.999996662 10.946465492
0.999999702 -0.000538586 0.000556943 0.206120759 0.000537157 0.999996543 0.002562298 -0.329563320 -0.000558321 -0.002561998 0.999996543 11.325979233
0.999999881 -0.000257012 0.000199804 0.216715038 0.000256526 0.999997020 0.002428480 -0.336616576 -0.000200427 -0.002428429 0.999997020 11.721967697
0.999999642 0.000181685 0.000841292 0.216139942 -0.000184193 0.999995589 0.002981438 -0.353547156 -0.000840747 -0.002981592 0.999995172 12.081578255
0.999999404 -0.000676364 0.000751665 0.230347991 0.000673749 0.999993742 0.003473106 -0.372556418 -0.000754010 -0.003472598 0.999993682 12.446411133
0.999999523 -0.000419462 0.000856881 0.235122323 0.000416645 0.999994516 0.003284771 -0.381148160 -0.000858254 -0.003284413 0.999994218 12.828217506
0.999999285 -0.000613371 0.000948850 0.250380903 0.000610371 0.999994874 0.003158851 -0.391817003 -0.000950783 -0.003158270 0.999994576 13.230522156
0.999999344 0.000065022 0.001080991 0.251034617 -0.000068615 0.999994457 0.003323657 -0.403016210 -0.001080769 -0.003323729 0.999993861 13.633603096
0.999997854 0.001022969 0.001764006 0.250776112 -0.001029524 0.999992549 0.003718749 -0.411303908 -0.001760188 -0.003720558 0.999991536 14.064637184
0.999999046 0.000081532 0.001396412 0.264784336 -0.000086369 0.999993980 0.003463821 -0.424252033 -0.001396122 -0.003463938 0.999992967 14.443655014
0.999999225 -0.000224801 0.001272324 0.274531662 0.000220381 0.999993861 0.003472988 -0.434736073 -0.001273097 -0.003472705 0.999993145 14.868846893
0.999998569 -0.000326289 0.001689371 0.285915464 0.000320815 0.999994695 0.003239583 -0.446875840 -0.001690419 -0.003239037 0.999993324 15.300557137
0.999997854 -0.000328023 0.002078139 0.296867281 0.000319921 0.999992311 0.003897652 -0.458769619 -0.002079401 -0.003896978 0.999990225 15.753572464
0.999996483 -0.000121350 0.002648374 0.292143375 0.000110725 0.999991953 0.004011714 -0.478022158 -0.002648839 -0.004011407 0.999988437 16.167364120
0.999996245 -0.000161615 0.002704728 0.301655501 0.000150523 0.999991596 0.004100478 -0.489390314 -0.002705368 -0.004100056 0.999987900 16.619262695
0.999995053 -0.000619471 0.003071639 0.311492234 0.000607260 0.999991953 0.003974573 -0.502183199 -0.003074076 -0.003972688 0.999987364 17.066284180
0.999994040 -0.000293121 0.003440679 0.310068280 0.000278439 0.999990880 0.004266769 -0.518743992 -0.003441899 -0.004265785 0.999984980 17.501998901
0.999993384 -0.000385182 0.003631100 0.324154139 0.000370102 0.999991357 0.004152781 -0.529593706 -0.003632668 -0.004151409 0.999984801 17.970417023
0.999994159 -0.000736297 0.003329372 0.342418462 0.000724056 0.999993026 0.003676466 -0.535172343 -0.003332055 -0.003674034 0.999987721 18.443489075
0.999989986 0.000569099 0.004424883 0.333730340 -0.000586885 0.999991775 0.004019243 -0.550154030 -0.004422558 -0.004021800 0.999982119 18.916406631
0.999991477 -0.000106189 0.004130308 0.353428632 0.000089060 0.999991417 0.004147157 -0.564657211 -0.004130713 -0.004146753 0.999982893 19.353214264
0.999990106 0.000213224 0.004448317 0.358816952 -0.000230999 0.999992013 0.003995853 -0.574654520 -0.004447431 -0.003996842 0.999982119 19.841747284
0.999991119 -0.000018659 0.004210991 0.377514064 0.000001932 0.999992132 0.003972305 -0.587432444 -0.004211032 -0.003972262 0.999983311 20.332839966
0.999994516 -0.001047904 0.003143664 0.391472101 0.001034514 0.999990344 0.004258059 -0.597031713 -0.003148096 -0.004254784 0.999985933 20.787567139
0.999996603 -0.001114652 0.002368683 0.404846579 0.001104726 0.999990642 0.004187498 -0.606106579 -0.002373329 -0.004184867 0.999988437 21.289064407
0.999996841 -0.001178638 0.002213883 0.413097560 0.001169449 0.999990761 0.004147265 -0.617525697 -0.002218750 -0.004144663 0.999988973 21.800354004
0.999997377 -0.001109665 0.001997320 0.411680281 0.001101683 0.999991417 0.003992836 -0.625502229 -0.002001733 -0.003990625 0.999990046 22.292951584
0.999997973 -0.000605691 0.001874921 0.415709704 0.000598742 0.999992967 0.003704544 -0.638632476 -0.001877151 -0.003703414 0.999991357 22.817565918
0.999997795 -0.000051675 0.002076329 0.407397211 0.000042944 0.999991238 0.004204773 -0.660519063 -0.002076529 -0.004204675 0.999988973 23.322715759
0.999998033 -0.001950657 0.000360494 0.433766305 0.001949320 0.999991357 0.003674054 -0.669923842 -0.000367658 -0.003673344 0.999993205 23.855724335
0.999999642 -0.000848331 -0.000056347 0.445855916 0.000848548 0.999991775 0.003988327 -0.676247418 0.000052963 -0.003988373 0.999992073 24.408569336
0.999999881 -0.000245644 -0.000438446 0.445313305 0.000247360 0.999992311 0.003918054 -0.689534843 0.000437480 -0.003918161 0.999992251 24.930730820
0.999999762 0.000125677 -0.000630538 0.435236007 -0.000123179 0.999992132 0.003960147 -0.710856497 0.000631031 -0.003960068 0.999991953 25.447965622
0.999999523 0.000062268 -0.001004950 0.446011215 -0.000058509 0.999992967 0.003739777 -0.719354391 0.001005175 -0.003739716 0.999992490 26.009609222
0.999997020 -0.001031102 -0.002234000 0.461147696 0.001039734 0.999991953 0.003865795 -0.729446471 0.002229996 -0.003868106 0.999990046 26.555860519
0.999996424 -0.000993433 -0.002493501 0.469778925 0.001003985 0.999990523 0.004234126 -0.748050988 0.002489271 -0.004236614 0.999987960 27.103662491
0.999996364 0.000419424 -0.002659953 0.473414451 -0.000408140 0.999990940 0.004241427 -0.764030397 0.002661708 -0.004240326 0.999987483 27.630569458
0.999996543 0.001051290 -0.002446234 0.478925854 -0.001041634 0.999991775 0.003945069 -0.769356847 0.002450362 -0.003942506 0.999989271 28.189702988
0.999996066 0.001207759 -0.002526750 0.487154573 -0.001196323 0.999989092 0.004523167 -0.791652262 0.002532186 -0.004520127 0.999986649 28.728473663
0.999993980 0.001354085 -0.003182105 0.486917466 -0.001340406 0.999989867 0.004297199 -0.802339375 0.003187892 -0.004292909 0.999985635 29.250911713
0.999991059 0.000961810 -0.004125114 0.498331279 -0.000945052 0.999991298 0.004062427 -0.811951339 0.004128985 -0.004058492 0.999983191 29.803100586
0.999992251 0.001795870 -0.003508573 0.499520659 -0.001780325 0.999988675 0.004428833 -0.830687702 0.003516487 -0.004422552 0.999984026 30.343635559
0.999991417 0.001375226 -0.003889527 0.495536983 -0.001358727 0.999990046 0.004241595 -0.842763841 0.003895322 -0.004236273 0.999983430 30.857877731
0.999989927 0.001938130 -0.004044981 0.501711369 -0.001919835 0.999987900 0.004522004 -0.858066261 0.004053697 -0.004514194 0.999981582 31.397586823
0.999986589 0.001714192 -0.004883932 0.523403883 -0.001694194 0.999990165 0.004095686 -0.869409442 0.004890905 -0.004087357 0.999979675 31.935852051
0.999988794 0.001918213 -0.004333835 0.510116160 -0.001899635 0.999989033 0.004286941 -0.882223010 0.004342011 -0.004278661 0.999981403 32.486309052
0.999985218 0.001501416 -0.005230060 0.525914848 -0.001479712 0.999990284 0.004151111 -0.903935432 0.005236242 -0.004143311 0.999977708 33.009811401
0.999988794 0.001892113 -0.004353006 0.527488470 -0.001874366 0.999989986 0.004077540 -0.906756520 0.004360678 -0.004069335 0.999982178 33.569480896
0.999987900 0.001209930 -0.004773638 0.519198418 -0.001188440 0.999989152 0.004502222 -0.921226144 0.004779034 -0.004496494 0.999978483 34.075016022
0.999989629 0.001671144 -0.004249468 0.526228786 -0.001652301 0.999988794 0.004434121 -0.935477912 0.004256830 -0.004427053 0.999981165 34.619392395
0.999987721 0.001271466 -0.004805215 0.536264181 -0.001251206 0.999990344 0.004216764 -0.942846060 0.004810529 -0.004210699 0.999979556 35.151607513
0.999986947 0.001536568 -0.004878141 0.529408336 -0.001514005 0.999988258 0.004625743 -0.962593257 0.004885192 -0.004618297 0.999977410 35.664779663
0.999985039 0.001535109 -0.005260420 0.541316092 -0.001512390 0.999989569 0.004320255 -0.972126603 0.005266997 -0.004312234 0.999976814 36.216697693
0.999986708 0.000893491 -0.005095521 0.551624417 -0.000869358 0.999988377 0.004736316 -0.988111556 0.005099693 -0.004731823 0.999975860 36.748027802
0.999985516 0.001780389 -0.005078464 0.544644654 -0.001758850 0.999989569 0.004242378 -0.997576475 0.005085964 -0.004233385 0.999978125 37.271194458
0.999984026 0.001998361 -0.005287156 0.552579999 -0.001975795 0.999988973 0.004269873 -1.011523366 0.005295630 -0.004259359 0.999976933 37.818767548
0.999984980 0.002375649 -0.004940100 0.559228659 -0.002358464 0.999991119 0.003481786 -1.015047193 0.004948328 -0.003470082 0.999981761 38.378047943
0.999983311 0.002324324 -0.005316657 0.566124082 -0.002303010 0.999989271 0.004011403 -1.026122689 0.005325924 -0.003999092 0.999977767 38.884960175
0.999983072 0.001817218 -0.005539293 0.575324595 -0.001795553 0.999990761 0.003913382 -1.041073322 0.005546354 -0.003903370 0.999976993 39.429767609
0.999982595 0.002463959 -0.005364351 0.589724779 -0.002444537 0.999990582 0.003624029 -1.055852413 0.005373230 -0.003610853 0.999979079 39.966800690
0.999983788 0.002552943 -0.005089126 0.578089714 -0.002534284 0.999990046 0.003669418 -1.064127088 0.005098443 -0.003656460 0.999980330 40.506412506
0.999981105 0.003490405 -0.005059764 0.586542606 -0.003471399 0.999986827 0.003760342 -1.073434353 0.005072823 -0.003742707 0.999980152 41.047473907
0.999980509 0.003124593 -0.005419430 0.602108598 -0.003104269 0.999988198 0.003754590 -1.093208075 0.005431097 -0.003737692 0.999978244 41.582015991
0.999984086 0.002933092 -0.004806230 0.588279903 -0.002916082 0.999989450 0.003542205 -1.098289013 0.004816569 -0.003528135 0.999982119 42.060073853
0.999984324 0.002898301 -0.004792695 0.593979955 -0.002879577 0.999988198 0.003909037 -1.110784054 0.004803968 -0.003895174 0.999980867 42.609485626
0.999983966 0.002775140 -0.004924573 0.610071361 -0.002756493 0.999988973 0.003789266 -1.127852440 0.004935034 -0.003775631 0.999980688 43.156860352
0.999984145 0.003002761 -0.004764898 0.607918859 -0.002987136 0.999990106 0.003282894 -1.131050229 0.004774709 -0.003268608 0.999983251 43.662670135
0.999981999 0.003691589 -0.004727506 0.614039779 -0.003676076 0.999987841 0.003285993 -1.143477201 0.004739579 -0.003268556 0.999983430 44.219318390
0.999983668 0.003575861 -0.004448570 0.623505890 -0.003561820 0.999988735 0.003160077 -1.158389807 0.004459820 -0.003144181 0.999985099 44.760433197
0.999981582 0.004125586 -0.004454482 0.616846800 -0.004112117 0.999986947 0.003028584 -1.167905807 0.004466919 -0.003010212 0.999985516 45.252468109
0.999983668 0.003913063 -0.004179570 0.622459114 -0.003902263 0.999989033 0.002588909 -1.179907322 0.004189654 -0.002572556 0.999987960 45.797668457
0.999980807 0.004151844 -0.004606755 0.641767740 -0.004139207 0.999987662 0.002749476 -1.198140621 0.004618113 -0.002730355 0.999985635 46.330451965
0.999982655 0.003522083 -0.004716966 0.630880594 -0.003506937 0.999988675 0.003215575 -1.203138113 0.004728238 -0.003198978 0.999983728 46.838081360
0.999985337 0.003119652 -0.004417335 0.637616515 -0.003107171 0.999991238 0.002829620 -1.214860678 0.004426123 -0.002815854 0.999986291 47.383216858
0.999986470 0.003813145 -0.003547328 0.642860770 -0.003803545 0.999989152 0.002709196 -1.227378845 0.003557620 -0.002695667 0.999990046 47.925056458
0.999984622 0.002962920 -0.004689702 0.645010114 -0.002946167 0.999989271 0.003575065 -1.245650053 0.004700245 -0.003561194 0.999982595 48.419250488
0.999982655 0.004135048 -0.004210670 0.650265574 -0.004119896 0.999984980 0.003600728 -1.257404566 0.004225496 -0.003583318 0.999984622 48.970470428
0.999981284 0.004020815 -0.004601703 0.655341864 -0.004004424 0.999985695 0.003565928 -1.268684149 0.004615976 -0.003547434 0.999982953 49.502021790
0.999985814 0.003360825 -0.004135867 0.656213522 -0.003343560 0.999985635 0.004174449 -1.290999889 0.004149838 -0.004160561 0.999982655 50.007030487
0.999985695 0.003367357 -0.004157947 0.664289594 -0.003350058 0.999985754 0.004160643 -1.302026153 0.004171898 -0.004146654 0.999982655 50.555370331
0.999984086 0.003688190 -0.004274290 0.677855372 -0.003672215 0.999986351 0.003739476 -1.309385061 0.004288022 -0.003723720 0.999983847 51.074851990
0.999982536 0.004386826 -0.003961037 0.676618338 -0.004371564 0.999983013 0.003854253 -1.321961880 0.003977878 -0.003836870 0.999984682 51.600833893
0.999983370 0.003998082 -0.004143845 0.685992062 -0.003984514 0.999986708 0.003277763 -1.326605678 0.004156895 -0.003261197 0.999986053 52.151161194
0.999982536 0.004502815 -0.003828022 0.691072464 -0.004488535 0.999982953 0.003730610 -1.348588109 0.003844755 -0.003713362 0.999985754 52.701244354
0.999983430 0.003973678 -0.004164057 0.702856660 -0.003957557 0.999984622 0.003872292 -1.359056711 0.004179380 -0.003855749 0.999983847 53.219444275
0.999984682 0.004106332 -0.003702292 0.705046415 -0.004091424 0.999983430 0.004024930 -1.371776342 0.003718760 -0.004009720 0.999985039 53.758289337
0.999983370 0.003906661 -0.004241489 0.719362319 -0.003890848 0.999985456 0.003729788 -1.383723736 0.004255998 -0.003713224 0.999984086 54.309043884
0.999985814 0.003227768 -0.004237705 0.731918454 -0.003211100 0.999987125 0.003934463 -1.395023584 0.004250350 -0.003920800 0.999983311 54.858528137
0.999983907 0.003979705 -0.004024330 0.716413617 -0.003963304 0.999983847 0.004075567 -1.414492369 0.004040483 -0.004059553 0.999983609 55.364776611
0.999982655 0.004759977 -0.003466307 0.721373260 -0.004745820 0.999980390 0.004081724 -1.428471565 0.003485668 -0.004065203 0.999985635 55.916996002
0.999979734 0.005333641 -0.003491380 0.731246173 -0.005319419 0.999977529 0.004069966 -1.439666748 0.003513009 -0.004051311 0.999985635 56.463867188
0.999984443 0.003558069 -0.004293518 0.737197876 -0.003542109 0.999986768 0.003719025 -1.451511145 0.004306694 -0.003703758 0.999983847 56.994209290
0.999985814 0.003736280 -0.003789257 0.746422052 -0.003723005 0.999986887 0.003504712 -1.460705876 0.003802302 -0.003490556 0.999986649 57.545703888
0.999985099 0.004249625 -0.003437755 0.742944062 -0.004238063 0.999985397 0.003363997 -1.472345710 0.003452000 -0.003349378 0.999988377 58.086887360
0.999984801 0.004013288 -0.003782327 0.747393012 -0.004000221 0.999985993 0.003455871 -1.485780597 0.003796143 -0.003440688 0.999986887 58.581737518
0.999983907 0.004257208 -0.003754342 0.756368160 -0.004244967 0.999985635 0.003262497 -1.497935891 0.003768177 -0.003246508 0.999987662 59.132831573
0.999983311 0.004467743 -0.003643104 0.762739122 -0.004455882 0.999984682 0.003257610 -1.505587339 0.003657602 -0.003241323 0.999988079 59.687091827
0.999982297 0.004318154 -0.004086847 0.772416472 -0.004305426 0.999985874 0.003118110 -1.517799854 0.004100254 -0.003100459 0.999986768 60.201499939
0.999982059 0.004957736 -0.003380585 0.780778289 -0.004948048 0.999983728 0.002867690 -1.528830886 0.003394747 -0.002850912 0.999990165 60.749938965
0.999985337 0.003878811 -0.003778687 0.787467480 -0.003869167 0.999989212 0.002556020 -1.544170260 0.003788560 -0.002541362 0.999989569 61.283412933
0.999984801 0.004163643 -0.003618583 0.793876529 -0.004154114 0.999987900 0.002637188 -1.548786163 0.003629519 -0.002622116 0.999989986 61.806755066
0.999980032 0.005750972 -0.002653596 0.791605473 -0.005743602 0.999979675 0.002776751 -1.561411500 0.002669511 -0.002761453 0.999992669 62.351200104
0.999981940 0.005253112 -0.002901895 0.807070792 -0.005245024 0.999982297 0.002788007 -1.584405661 0.002916489 -0.002772736 0.999991953 62.904216766
0.999982119 0.005045336 -0.003207950 0.804340601 -0.005036076 0.999983132 0.002887667 -1.595177412 0.003222465 -0.002871460 0.999990702 63.404373169
0.999985397 0.004516392 -0.002949890 0.813080788 -0.004508425 0.999986172 0.002701592 -1.606449008 0.002962050 -0.002688253 0.999992073 63.957992554
0.999984980 0.004834975 -0.002577191 0.815629423 -0.004827869 0.999984503 0.002756082 -1.620296955 0.002590477 -0.002743598 0.999992847 64.488166809
0.999985039 0.004524277 -0.003054213 0.816103160 -0.004515269 0.999985456 0.002950146 -1.634146333 0.003067516 -0.002936312 0.999990940 65.015617371
0.999986351 0.004328480 -0.002900417 0.818511605 -0.004321093 0.999987423 0.002548358 -1.644420862 0.002911411 -0.002535790 0.999992549 65.572769165
0.999985576 0.004646001 -0.002686457 0.828610957 -0.004640325 0.999987006 0.002115582 -1.660070896 0.002696251 -0.002103085 0.999994159 66.101333618
0.999982893 0.005307215 -0.002441663 0.833766639 -0.005301234 0.999983013 0.002450019 -1.674415588 0.002454625 -0.002437034 0.999993980 66.625930786
0.999983728 0.004991690 -0.002761842 0.847530782 -0.004984852 0.999984503 0.002477210 -1.692401648 0.002774165 -0.002463403 0.999993145 67.172698975
0.999979913 0.005860373 -0.002395629 0.850507617 -0.005855869 0.999981105 0.001882741 -1.701636434 0.002406617 -0.001868675 0.999995410 67.734649658
0.999982774 0.005175971 -0.002806990 0.858172834 -0.005168694 0.999983251 0.002593687 -1.718631029 0.002820368 -0.002579132 0.999992669 68.247528076
0.999980509 0.005815565 -0.002251347 0.867505193 -0.005810540 0.999980628 0.002231940 -1.727982163 0.002264283 -0.002218814 0.999994934 68.793014526
0.999984324 0.004979584 -0.002531253 0.879513502 -0.004973355 0.999984622 0.002461301 -1.747321010 0.002543471 -0.002448674 0.999993742 69.322914124
0.999976873 0.006193750 -0.002812068 0.883721352 -0.006186964 0.999978006 0.002415197 -1.762360096 0.002826965 -0.002397742 0.999993145 69.868034363
0.999985218 0.004735291 -0.002664082 0.895460904 -0.004729848 0.999986708 0.002045575 -1.772239685 0.002673733 -0.002032944 0.999994338 70.402450562
0.999987721 0.004157553 -0.002675044 0.905545354 -0.004151189 0.999988556 0.002380230 -1.790274739 0.002684909 -0.002369096 0.999993622 70.949676514
0.999983907 0.005223850 -0.002213489 0.910139322 -0.005220167 0.999984920 0.001666055 -1.795748830 0.002222159 -0.001654473 0.999996185 71.521293640
0.999983847 0.005013142 -0.002688285 0.919682801 -0.005008015 0.999985635 0.001909138 -1.814917445 0.002697817 -0.001895644 0.999994576 72.005126953
0.999982595 0.005266672 -0.002654640 0.925442398 -0.005260400 0.999983370 0.002363802 -1.830623031 0.002667044 -0.002349796 0.999993682 72.557647705
0.999978185 0.006149759 -0.002445581 0.927987039 -0.006144660 0.999978960 0.002086426 -1.842981458 0.002458361 -0.002071353 0.999994874 73.117698669
0.999983132 0.005297078 -0.002374322 0.946221530 -0.005292391 0.999984026 0.001975581 -1.846764207 0.002384749 -0.001962981 0.999995232 73.621322632
0.999978602 0.006117033 -0.002273555 0.952496409 -0.006111460 0.999978244 0.002449895 -1.864182115 0.002288492 -0.002435948 0.999994397 74.182685852
0.999981225 0.005587395 -0.002512658 0.965660930 -0.005583106 0.999982953 0.001711572 -1.873688102 0.002522178 -0.001697511 0.999995351 74.707534790
0.999971986 0.007279790 -0.001701774 0.963953793 -0.007277951 0.999972939 0.001084752 -1.883939266 0.001709624 -0.001072336 0.999997973 75.251831055
0.999980867 0.005690703 -0.002434740 0.979709685 -0.005686435 0.999982297 0.001756437 -1.903800964 0.002444692 -0.001742559 0.999995470 75.822471619
0.999975562 0.006558954 -0.002438512 0.986538768 -0.006555303 0.999977350 0.001502317 -1.917446375 0.002448311 -0.001486295 0.999995887 76.368774414
0.999977648 0.006324824 -0.002188166 0.989244521 -0.006320349 0.999977946 0.002046270 -1.936598063 0.002201060 -0.002032394 0.999995530 76.916419983
0.999982774 0.005485977 -0.002089797 0.995473921 -0.005482598 0.999983668 0.001618632 -1.951588392 0.002098643 -0.001607146 0.999996424 77.393302917
0.999977112 0.006383582 -0.002243883 1.007341146 -0.006380322 0.999978483 0.001456814 -1.960564613 0.002253135 -0.001442464 0.999996364 77.944541931
0.999974370 0.006971233 -0.001603498 1.014385223 -0.006969196 0.999974847 0.001272134 -1.971290946 0.001612326 -0.001260926 0.999997854 78.503700256
0.999980450 0.006039972 -0.001620003 1.020304322 -0.006037716 0.999980807 0.001394273 -1.991809487 0.001628394 -0.001384464 0.999997735 79.005638123
0.999979913 0.006272810 -0.000870012 1.031037092 -0.006271541 0.999979258 0.001453370 -2.006161451 0.000879110 -0.001447884 0.999998569 79.553771973
0.999978304 0.006489654 0.001126474 1.036870599 -0.006490928 0.999978304 0.001131306 -2.025932789 -0.001119108 -0.001138593 0.999998748 80.097122192
0.999978781 0.006299764 0.001669791 1.046721816 -0.006301442 0.999979615 0.001001379 -2.030458927 -0.001663448 -0.001011879 0.999998093 80.664627075
0.999968648 0.007261225 0.003174430 1.054116964 -0.007264861 0.999972880 0.001135181 -2.047431946 -0.003166102 -0.001158207 0.999994338 81.211624146
0.999945223 0.007972058 0.006787285 1.066447735 -0.007984640 0.999966443 0.001828632 -2.073657751 -0.006772479 -0.001882726 0.999975264 81.759613037
0.999931574 0.006190209 0.009928700 1.069430113 -0.006199228 0.999980390 0.000877903 -2.062442541 -0.009923069 -0.000939394 0.999950349 82.309295654
0.999893188 0.006231131 0.013231422 1.094629526 -0.006244469 0.999980032 0.000966868 -2.079831123 -0.013225132 -0.001049388 0.999911964 82.856208801
0.999831140 0.006598355 0.017149953 1.120291352 -0.006618934 0.999977469 0.001143403 -2.096617222 -0.017142024 -0.001256724 0.999852419 83.390304565
0.999697328 0.007405340 0.023461554 1.142874718 -0.007431307 0.999971926 0.001019854 -2.108414888 -0.023453344 -0.001193895 0.999724269 83.938209534
0.999550402 0.006640977 0.029237695 1.170940518 -0.006660326 0.999977648 0.000564438 -2.118609905 -0.029233295 -0.000758917 0.999572277 84.479469299
0.999332845 0.007054139 0.035833187 1.200095773 -0.007093896 0.999974310 0.000982492 -2.136703968 -0.035825338 -0.001236034 0.999357283 85.026161194
0.999027193 0.006393677 0.043631494 1.249345541 -0.006433850 0.999979019 0.000780388 -2.156467915 -0.043625582 -0.001060348 0.999047458 85.565391541
0.998641133 0.006708231 0.051681176 1.297349215 -0.006749684 0.999977052 0.000627638 -2.159386635 -0.051675782 -0.000975617 0.998663366 86.157165527
0.998270154 0.005924508 0.058495447 1.350827456 -0.005954201 0.999982238 0.000333348 -2.170800447 -0.058492430 -0.000681065 0.998287618 86.702720642
0.997650743 0.006329469 0.068211697 1.401781082 -0.006375969 0.999979556 0.000463996 -2.187018633 -0.068207361 -0.000897822 0.997670770 87.253967285
0.996926963 0.007026709 0.078020982 1.464576721 -0.007065912 0.999974966 0.000226418 -2.200505018 -0.078017451 -0.000777011 0.996951640 87.791526794
0.996193111 0.007269704 0.086869709 1.525481224 -0.007343652 0.999972880 0.000531698 -2.210414410 -0.086863481 -0.001167615 0.996219575 88.344039917
0.995535672 0.006524500 0.094160035 1.591024876 -0.006547535 0.999978542 -0.000064328 -2.228187561 -0.094158441 -0.000552475 0.995557010 88.881553650
0.994543672 0.005999529 0.104148559 1.673768520 -0.006000627 0.999981940 -0.000302784 -2.225148439 -0.104148492 -0.000323825 0.994561732 89.390235901
0.993419409 0.005748742 0.114389271 1.764043808 -0.005728637 0.999983430 -0.000504474 -2.238147020 -0.114390284 -0.000154140 0.993435919 89.930686951
0.992224693 0.005422429 0.124341190 1.849955559 -0.005381110 0.999985278 -0.000668163 -2.250612497 -0.124342993 -0.000006125 0.992239296 90.470626831
0.990732789 0.005331010 0.135720819 1.945680618 -0.005307045 0.999985695 -0.000538388 -2.271050692 -0.135721773 -0.000186878 0.990746975 90.991539001
0.989038825 0.005699887 0.147545114 2.055167198 -0.005712015 0.999983609 -0.000341516 -2.286953211 -0.147544667 -0.000505007 0.989055276 91.583908081
0.987316549 0.005221392 0.158678040 2.162132263 -0.005251558 0.999986172 -0.000229203 -2.300746679 -0.158677056 -0.000607011 0.987330437 92.131126404
0.985619247 0.005049668 0.168905631 2.280879974 -0.004989091 0.999987185 -0.000783042 -2.314553738 -0.168907434 -0.000070904 0.985632002 92.670822144
0.983332992 0.004498265 0.181757465 2.400514603 -0.004440211 0.999989867 -0.000726310 -2.329602718 -0.181758910 -0.000092837 0.983343124 93.218101501
0.980969310 0.004014786 0.194121405 2.530463219 -0.003887276 0.999991953 -0.001037770 -2.343100786 -0.194124043 0.000263417 0.980976880 93.747817993
0.978884637 0.004181801 0.204370484 2.648439407 -0.004138701 0.999991179 -0.000638318 -2.359924793 -0.204371393 -0.000220988 0.978893399 94.276023865
0.976060271 0.003659779 0.217469454 2.784017563 -0.003578970 0.999993324 -0.000765464 -2.364307880 -0.217470795 -0.000031177 0.976066828 94.822013855
0.972944260 0.003341859 0.231015906 2.930959702 -0.003160919 0.999994397 -0.001153346 -2.374658108 -0.231018454 0.000391919 0.972949326 95.357627869
0.970423281 0.002499874 0.241396636 3.085630417 -0.002217132 0.999996483 -0.001442883 -2.389664173 -0.241399392 0.000864999 0.970425487 95.873489380
0.967494786 0.002748037 0.252876103 3.237640381 -0.002566131 0.999996185 -0.001049165 -2.403904676 -0.252878040 0.000366148 0.967498243 96.389862061
0.963853896 0.003308095 0.266411126 3.406951904 -0.003360298 0.999994457 -0.000259903 -2.427879095 -0.266410530 -0.000644712 0.963859439 96.908332825
0.960249424 0.003220887 0.279124916 3.576250076 -0.003148941 0.999994814 -0.000706144 -2.438697338 -0.279125750 -0.000200874 0.960254550 97.447555542
0.956914425 0.002308694 0.290360838 3.761436462 -0.002107355 0.999997258 -0.001006090 -2.448067427 -0.290362388 0.000350849 0.956916690 97.963424683
0.952480495 0.002311991 0.304590493 3.954158783 -0.002240054 0.999997318 -0.000585628 -2.467533827 -0.304591060 -0.000124500 0.952483177 98.479370117
0.947865188 0.002181259 0.318663895 4.154775620 -0.002142868 0.999997556 -0.000471044 -2.478809357 -0.318664223 -0.000236368 0.947867632 99.011550903
0.944002628 0.001934273 0.329932332 4.360700607 -0.001755947 0.999998093 -0.000838507 -2.498356342 -0.329933316 0.000212209 0.944004238 99.524375916
0.939320683 0.001930415 0.343035012 4.570051193 -0.001742020 0.999998033 -0.000857336 -2.514337540 -0.343035996 0.000207740 0.939322233 100.033523560
0.934002936 0.001540029 0.357261956 4.781278610 -0.001272209 0.999998629 -0.000984656 -2.530012608 -0.357262969 0.000465160 0.934003711 100.545852661
0.929152668 0.000344532 0.369696140 5.007762909 -0.000151820 0.999999821 -0.000550367 -2.552042246 -0.369696259 0.000455248 0.929152548 101.076011658
0.924230993 0.000645159 0.381833464 5.230602264 -0.000573162 0.999999762 -0.000302293 -2.570105791 -0.381833583 0.000060536 0.924231052 101.577865601
0.918409586 -0.000208067 0.395630896 5.472148895 0.000462944 0.999999702 -0.000548757 -2.577541113 -0.395630658 0.000687138 0.918409467 102.057350159
0.912698448 -0.000077563 0.408633560 5.724193573 0.000299957 0.999999881 -0.000480154 -2.585332632 -0.408633411 0.000560809 0.912698507 102.569854736
0.907584250 0.000099366 0.419870049 5.959594727 0.000173958 0.999999821 -0.000612684 -2.600760698 -0.419869959 0.000629103 0.907584012 103.060844421
0.901665449 0.000604742 0.432433933 6.212825775 -0.000406408 0.999999881 -0.000551062 -2.616072416 -0.432434201 0.000321130 0.901665390 103.546112061
0.895227432 0.000556646 0.445609182 6.480400085 -0.000540571 0.999999881 -0.000163174 -2.637335062 -0.445609212 -0.000094806 0.895227551 104.031478882
0.889238477 -0.000535772 0.457443595 6.736267090 0.001071694 0.999998927 -0.000912069 -2.635592699 -0.457442641 0.001301287 0.889238179 104.502990723
0.883463740 -0.001098369 0.468498141 7.010723114 0.001491296 0.999998808 -0.000467747 -2.654960871 -0.468497038 0.001111907 0.883464396 104.977348328
0.875750899 -0.000720483 0.482762605 7.294391632 0.001053902 0.999999404 -0.000419405 -2.670891523 -0.482762009 0.000876078 0.875751138 105.457298279
0.868788838 -0.001431754 0.495180726 7.585483551 0.002033720 0.999997616 -0.000676769 -2.680134773 -0.495178640 0.001595028 0.868789673 105.913864136
