1.000000000 0.000000000 0.000000000 0.000000000 0.000000000 1.000000000 0.000000000 0.000000000 0.000000000 0.000000000 1.000000000 0.000000000
1.000000000 0.000019951 0.000101054 -0.000551460 -0.000019953 1.000000000 0.000022456 0.000398147 -0.000101053 -0.000022458 1.000000000 0.000492659
0.999999940 0.000252230 0.000201739 -0.002191152 -0.000252244 0.999999940 0.000071071 0.000612887 -0.000201721 -0.000071122 1.000000000 0.001801208
1.000000000 0.000180064 -0.000011399 0.000233860 -0.000180062 1.000000000 0.000124666 -0.000873098 0.000011422 -0.000124664 1.000000000 -0.000283483
0.999999940 0.000275699 0.000160152 -0.001253505 -0.000275710 0.999999940 0.000070907 0.000429588 -0.000160132 -0.000070951 1.000000000 0.000638520
1.000000000 0.000081092 0.000059518 -0.000687756 -0.000081097 1.000000000 0.000083210 -0.000407025 -0.000059511 -0.000083214 1.000000000 -0.000787544
1.000000000 -0.000005553 0.000129875 -0.001547038 0.000005566 1.000000000 -0.000105273 0.001822690 -0.000129875 0.000105273 1.000000000 0.003628049
1.000000000 -0.000004740 0.000159996 -0.000495428 0.000004719 1.000000000 0.000128636 0.000687802 -0.000159997 -0.000128635 1.000000000 0.001933461
1.000000000 0.000098264 0.000146113 -0.001320589 -0.000098259 1.000000000 -0.000031639 0.001324163 -0.000146116 0.000031624 1.000000000 0.002371469
1.000000000 -0.000059242 0.000180942 -0.000802822 0.000059254 1.000000000 -0.000064579 0.001234169 -0.000180939 0.000064589 1.000000000 0.001297041
1.000000000 0.000008701 0.000238719 -0.001500686 -0.000008686 1.000000000 -0.000064255 0.001918897 -0.000238720 0.000064253 0.999999940 0.002559350
1.000000000 0.000018096 0.000114401 -0.000536669 -0.000018097 1.000000000 0.000009580 0.000452738 -0.000114401 -0.000009582 1.000000000 0.001041611
1.000000000 0.000037988 0.000177991 -0.001021047 -0.000037994 1.000000000 0.000038376 0.000820021 -0.000177989 -0.000038383 1.000000000 0.002788489
0.999999940 0.000057621 0.000287386 -0.002861816 -0.000057641 1.000000000 0.000069062 0.001409843 -0.000287382 -0.000069079 0.999999940 0.004133579
1.000000000 0.000030660 0.000150360 -0.002102711 -0.000030656 1.000000000 -0.000021957 0.001575943 -0.000150361 0.000021952 1.000000000 0.003509518
1.000000000 0.000140995 0.000068650 -0.001408284 -0.000140999 1.000000000 0.000070205 0.000267710 -0.000068640 -0.000070215 1.000000000 0.002390225
0.999999940 0.000105605 0.000220642 -0.001687974 -0.000105634 1.000000000 0.000128946 -0.000407312 -0.000220629 -0.000128970 0.999999940 0.000497789
0.999999881 0.000159221 0.000411754 -0.003326847 -0.000159223 1.000000000 0.000004740 0.001712714 -0.000411753 -0.000004805 0.999999940 0.004642684
0.999999940 0.000144319 0.000275019 -0.002961622 -0.000144327 1.000000000 0.000028821 0.001136357 -0.000275015 -0.000028861 0.999999940 0.003700608
0.999999940 0.000207352 0.000206790 -0.002447159 -0.000207361 1.000000000 0.000041676 0.001169233 -0.000206781 -0.000041719 1.000000000 0.004303993
0.999999881 0.000422755 0.000302596 -0.002314842 -0.000422806 0.999999881 0.000168013 -0.000238846 -0.000302524 -0.000168141 0.999999940 0.001583588
0.999999881 0.000376425 0.000308065 -0.003190514 -0.000376428 0.999999940 0.000012404 0.001087255 -0.000308060 -0.000012520 0.999999940 0.003674899
1.000000000 0.000060540 0.000169553 -0.001921520 -0.000060538 1.000000000 -0.000015175 0.001847692 -0.000169554 0.000015165 1.000000000 0.003120826
0.999999940 0.000132884 0.000306443 -0.001522247 -0.000132904 1.000000000 0.000065945 0.001062908 -0.000306434 -0.000065985 0.999999940 0.002238994
0.999999940 0.000033606 0.000243043 -0.002998684 -0.000033566 1.000000000 -0.000165334 0.002878590 -0.000243049 0.000165326 0.999999940 0.004274998
0.999999940 0.000123415 0.000245028 -0.001775349 -0.000123413 1.000000000 -0.000011438 0.001882196 -0.000245030 0.000011408 0.999999940 0.003787396
0.999999940 -0.000077441 0.000272331 -0.001875927 0.000077445 1.000000000 -0.000014302 0.001035196 -0.000272330 0.000014324 0.999999940 0.001901341
0.999999940 0.000163691 0.000282010 -0.002057676 -0.000163680 1.000000000 -0.000040772 0.001246140 -0.000282017 0.000040726 0.999999940 0.002239170
0.999999881 0.000269967 0.000354930 -0.004223589 -0.000269913 0.999999940 -0.000152000 0.003169615 -0.000354971 0.000151904 0.999999940 0.004605410
0.999999940 0.000123016 0.000343684 -0.003883621 -0.000123042 1.000000000 0.000074874 0.001895034 -0.000343675 -0.000074917 0.999999940 0.004229817
0.999999940 0.000146626 0.000287235 -0.003396948 -0.000146681 1.000000000 0.000189244 0.000602849 -0.000287207 -0.000189286 0.999999940 0.004152958
1.000000000 0.000011151 0.000165542 -0.000895838 -0.000011180 1.000000000 0.000176559 -0.000152705 -0.000165540 -0.000176560 1.000000000 0.001434199
0.999999940 0.000193445 0.000271185 -0.003328261 -0.000193457 1.000000000 0.000041445 0.002172486 -0.000271177 -0.000041497 0.999999940 0.005131435
0.999999881 0.000210791 0.000418659 -0.002973936 -0.000210808 1.000000000 0.000041237 0.001250388 -0.000418650 -0.000041326 0.999999940 0.002796964
0.999999940 0.000157479 0.000207048 -0.000602917 -0.000157509 1.000000000 0.000147740 -0.000184212 -0.000207025 -0.000147773 0.999999940 0.000479141
0.999999940 0.000249159 0.000246166 -0.002966986 -0.000249143 0.999999940 -0.000064479 0.003561014 -0.000246182 0.000064417 0.999999940 0.006008156
0.999999940 0.000196771 0.000292863 -0.003469869 -0.000196767 1.000000000 -0.000012198 0.003948683 -0.000292866 0.000012140 0.999999940 0.007075520
1.000000000 -0.000089351 0.000223846 -0.001750968 0.000089321 1.000000000 0.000133126 0.000835228 -0.000223858 -0.000133106 0.999999940 0.002636961
0.999999940 0.000058629 0.000319153 -0.003394716 -0.000058666 1.000000000 0.000113461 0.002066859 -0.000319146 -0.000113479 0.999999940 0.005928977
0.999999940 0.000113039 0.000254085 -0.001739700 -0.000113041 1.000000000 0.000006059 0.001884752 -0.000254085 -0.000006088 0.999999940 0.002873369
0.999999881 0.000108092 0.000439324 -0.003024465 -0.000108091 1.000000000 -0.000001800 0.001909578 -0.000439325 0.000001753 0.999999881 0.005533012
0.999999940 -0.000182294 0.000207482 0.000866961 0.000182467 0.999999642 -0.000833450 0.000659843 -0.000207330 0.000833488 0.999999642 0.053690467
0.999999881 0.000365391 0.000383229 -0.000979364 -0.000364987 0.999999404 -0.001055836 -0.006823844 -0.000383615 0.001055696 0.999999344 0.131744489
0.999999940 0.000284300 0.000180289 0.001551565 -0.000283979 0.999998391 -0.001780046 -0.002038874 -0.000180795 0.001779995 0.999998391 0.257281959
0.999999940 0.000380902 0.000121565 0.005238753 -0.000380732 0.999998927 -0.001398346 -0.009966784 -0.000122097 0.001398300 0.999998987 0.386502206
0.999999940 0.000192366 0.000215588 0.008086818 -0.000192123 0.999999344 -0.001124525 -0.016543837 -0.000215805 0.001124483 0.999999344 0.525142968
0.999999940 0.000319574 0.000133598 0.013974770 -0.000319443 0.999999464 -0.000978436 -0.024787687 -0.000133911 0.000978393 0.999999523 0.669000924
0.999999881 0.000360737 0.000405662 0.016187411 -0.000360322 0.999999404 -0.001021902 -0.024156405 -0.000406030 0.001021756 0.999999404 0.841245472
0.999997735 0.001961116 0.000720513 0.011301314 -0.001960969 0.999998033 -0.000203771 -0.034409299 -0.000720912 0.000202358 0.999999642 0.995296597
0.999997556 0.002040963 0.000712798 0.015867960 -0.002040986 0.999997914 0.000032238 -0.040275283 -0.000712730 -0.000033693 0.999999702 1.174433470
0.999998271 0.001727562 0.000703711 0.020561485 -0.001727486 0.999998450 -0.000109304 -0.044090562 -0.000703899 0.000108089 0.999999702 1.354382515
0.999998510 0.001583535 0.000741413 0.025620731 -0.001583407 0.999998748 -0.000173635 -0.049391594 -0.000741687 0.000172460 0.999999702 1.542680740
0.999997199 0.002175048 0.000953065 0.026023215 -0.002174893 0.999997616 -0.000164243 -0.050876673 -0.000953420 0.000162169 0.999999523 1.742890716
0.999998271 0.001768956 0.000614755 0.034250356 -0.001768959 0.999998450 0.000003497 -0.058925305 -0.000614748 -0.000004584 0.999999762 1.944261193
0.999999106 0.001138946 0.000616728 0.033176977 -0.001139149 0.999999285 0.000328980 -0.070234813 -0.000616353 -0.000329682 0.999999702 2.151677608
0.999998629 0.001463189 0.000811037 0.037016861 -0.001463394 0.999998927 0.000251824 -0.076103240 -0.000810668 -0.000253010 0.999999583 2.366479635
0.999998391 0.001643274 0.000728251 0.040269028 -0.001643490 0.999998569 0.000297144 -0.082327612 -0.000727762 -0.000298341 0.999999702 2.594589472
0.999998510 0.001556769 0.000742721 0.046433892 -0.001557110 0.999998629 0.000457925 -0.088131264 -0.000742007 -0.000459080 0.999999642 2.822565079
0.999997675 0.002047885 0.000651334 0.051017731 -0.002048327 0.999997675 0.000678157 -0.095974736 -0.000649944 -0.000679489 0.999999583 3.035115957
0.999997497 0.002194757 0.000295385 0.062593706 -0.002194989 0.999997258 0.000788952 -0.103110485 -0.000293653 -0.000789598 0.999999702 3.272316217
0.999997199 0.002284387 0.000519846 0.063737094 -0.002285039 0.999996603 0.001255932 -0.114689656 -0.000516975 -0.001257116 0.999999106 3.512442589
0.999997914 0.001994012 0.000452510 0.072069377 -0.001994292 0.999997854 0.000619377 -0.115845606 -0.000451274 -0.000620278 0.999999762 3.778130531
0.999997556 0.002064535 0.000805286 0.062452137 -0.002064686 0.999997854 0.000185902 -0.118265949 -0.000804901 -0.000187564 0.999999583 4.037725925
0.999997139 0.002234716 0.000862531 0.068131477 -0.002235167 0.999997377 0.000522956 -0.125176996 -0.000861360 -0.000524883 0.999999464 4.295578480
0.999997973 0.001943253 0.000616096 0.076826200 -0.001943527 0.999998033 0.000443661 -0.132699415 -0.000615232 -0.000444858 0.999999642 4.550285816
0.999997437 0.002159943 0.000713520 0.085904904 -0.002160220 0.999997616 0.000386768 -0.137564883 -0.000712682 -0.000388309 0.999999642 4.808637619
0.999995232 0.002677113 0.001514129 0.075084843 -0.002677623 0.999996364 0.000335427 -0.139989853 -0.001513226 -0.000339479 0.999998748 5.068644047
0.999995470 0.002630794 0.001416725 0.082308732 -0.002631077 0.999996483 0.000197845 -0.147302583 -0.001416200 -0.000201572 0.999998927 5.333454132
0.999993086 0.003353959 0.001618236 0.085631453 -0.003354160 0.999994397 0.000121464 -0.154474378 -0.001617820 -0.000126891 0.999998689 5.608890533
0.999994516 0.002999036 0.001423333 0.099816181 -0.003000064 0.999995232 0.000720095 -0.173181415 -0.001421167 -0.000724362 0.999998748 5.856392384
0.999995232 0.002891883 0.001098112 0.109432146 -0.002892612 0.999995589 0.000663712 -0.182166755 -0.001096188 -0.000666885 0.999999225 6.135166645
0.999996066 0.002645786 0.001017130 0.119863100 -0.002646478 0.999996305 0.000679487 -0.187206939 -0.001015328 -0.000682176 0.999999225 6.421206474
0.999995410 0.002760966 0.001261528 0.123602472 -0.002761801 0.999995947 0.000660685 -0.202057451 -0.001259698 -0.000664166 0.999998987 6.700857639
0.999996603 0.002254011 0.001318793 0.129879192 -0.002254819 0.999997258 0.000611329 -0.209516108 -0.001317411 -0.000614301 0.999998927 6.999956608
0.999996603 0.002238242 0.001373605 0.141881630 -0.002239346 0.999997079 0.000802293 -0.219617352 -0.001371805 -0.000805366 0.999998748 7.289744854
0.999992490 0.003448130 0.001719288 0.138864890 -0.003449348 0.999993920 0.000706288 -0.231015444 -0.001716841 -0.000712213 0.999998271 7.597346783
0.999992788 0.003548742 0.001300804 0.153823987 -0.003550745 0.999992549 0.001541133 -0.251831621 -0.001295325 -0.001545740 0.999997973 7.902704239
0.999993682 0.003294549 0.001304979 0.159532875 -0.003296285 0.999993682 0.001330567 -0.255069733 -0.001300587 -0.001334860 0.999998331 8.224735260
0.999993384 0.003275554 0.001537043 0.165175423 -0.003277303 0.999993980 0.001136732 -0.272410005 -0.001533310 -0.001141762 0.999998093 8.544157982
0.999993086 0.003321345 0.001672735 0.169962481 -0.003324127 0.999993086 0.001663037 -0.280678064 -0.001667200 -0.001668586 0.999997139 8.883014679
0.999994159 0.003014657 0.001608132 0.182023421 -0.003017244 0.999994099 0.001608300 -0.294294983 -0.001603274 -0.001613143 0.999997377 9.203709602
0.999993205 0.003183906 0.001852460 0.187371120 -0.003186790 0.999993682 0.001556172 -0.303850681 -0.001847494 -0.001562065 0.999997020 9.552708626
0.999994755 0.002746229 0.001710776 0.190564960 -0.002749225 0.999994695 0.001751326 -0.315257579 -0.001705957 -0.001756020 0.999997020 9.904543877
0.999993742 0.003122695 0.001665951 0.201591522 -0.003125616 0.999993622 0.001753666 -0.326587141 -0.001660464 -0.001758862 0.999997079 10.259441376
0.999993145 0.003281387 0.001704151 0.205079138 -0.003284590 0.999992847 0.001880071 -0.338077664 -0.001697970 -0.001885656 0.999996722 10.621083260
0.999992669 0.003229133 0.002051459 0.208308235 -0.003232032 0.999993801 0.001411292 -0.340683877 -0.002046889 -0.001417912 0.999996841 11.003123283
0.999992073 0.003302706 0.002228824 0.210966945 -0.003306572 0.999993026 0.001733337 -0.355123162 -0.002223084 -0.001740693 0.999996006 11.378927231
0.999993682 0.002881529 0.002073662 0.223092899 -0.002884868 0.999994516 0.001609327 -0.363097072 -0.002069013 -0.001615299 0.999996543 11.757833481
0.999992132 0.003224816 0.002311222 0.228373393 -0.003227968 0.999993861 0.001361127 -0.374037772 -0.002306818 -0.001368576 0.999996364 12.143438339
0.999993920 0.002851942 0.001972334 0.243981257 -0.002855266 0.999994516 0.001684360 -0.383405387 -0.001967519 -0.001689981 0.999996603 12.526614189
0.999993563 0.002912799 0.002090372 0.249028012 -0.002916058 0.999994516 0.001557630 -0.393178880 -0.002085824 -0.001563715 0.999996603 12.925868034
0.999992251 0.003363787 0.002054880 0.256573647 -0.003367073 0.999993026 0.001597832 -0.405650675 -0.002049491 -0.001604739 0.999996603 13.329824448
0.999992490 0.003106148 0.002314440 0.266262382 -0.003110793 0.999993145 0.002005839 -0.417464703 -0.002308194 -0.002013023 0.999995291 13.740151405
0.999990642 0.003435859 0.002621484 0.272449136 -0.003440677 0.999992371 0.001835534 -0.428007245 -0.002615158 -0.001844537 0.999994874 14.164068222
0.999992609 0.002861604 0.002577462 0.284649700 -0.002866601 0.999994040 0.001937280 -0.440180480 -0.002571903 -0.001944654 0.999994814 14.584499359
0.999991596 0.002986444 0.002831483 0.293976814 -0.002991995 0.999993563 0.001958216 -0.449614376 -0.002825618 -0.001966671 0.999994040 15.016806602
0.999988079 0.003580359 0.003294487 0.300536633 -0.003587327 0.999991298 0.002111792 -0.463564247 -0.003286897 -0.002123585 0.999992371 15.436732292
0.999988675 0.003270230 0.003492004 0.312543690 -0.003276847 0.999992847 0.001890843 -0.475545794 -0.003485796 -0.001902264 0.999992073 15.875956535
0.999987960 0.003255000 0.003651315 0.325709999 -0.003263282 0.999992132 0.002264524 -0.489542484 -0.003643915 -0.002276412 0.999990761 16.318931580
0.999987304 0.003148835 0.003926670 0.334655821 -0.003155758 0.999993503 0.001758189 -0.497194946 -0.003921110 -0.001770559 0.999990702 16.774005890
0.999984145 0.003506751 0.004385851 0.344408512 -0.003515855 0.999991775 0.002069880 -0.513552248 -0.004378555 -0.002085268 0.999988258 17.230463028
0.999983847 0.003403776 0.004558198 0.353674650 -0.003413183 0.999992073 0.002057642 -0.526551723 -0.004551158 -0.002073166 0.999987483 17.698930740
0.999982774 0.003120858 0.004973657 0.363539219 -0.003130526 0.999993145 0.001937170 -0.534616828 -0.004967577 -0.001952706 0.999985754 18.169153214
0.999985158 0.002746688 0.004714508 0.380649626 -0.002757299 0.999993682 0.002245712 -0.547201931 -0.004708310 -0.002258678 0.999986410 18.642866135
0.999980688 0.003565636 0.005087588 0.390230417 -0.003574972 0.999991894 0.001826997 -0.555620015 -0.005081032 -0.001845150 0.999985397 19.108762741
0.999980688 0.003515668 0.005125895 0.404308230 -0.003525825 0.999991834 0.001973778 -0.567160666 -0.005118913 -0.001991814 0.999984920 19.587377548
0.999981701 0.003673842 0.004792389 0.419052243 -0.003685450 0.999990225 0.002415503 -0.590994298 -0.004783466 -0.002433121 0.999985576 20.036664963
0.999977052 0.003895708 0.005543623 0.423985898 -0.003903139 0.999991417 0.001330186 -0.590610683 -0.005538395 -0.001351793 0.999983728 20.587360382
0.999976873 0.003649737 0.005735759 0.415564775 -0.003666233 0.999989092 0.002868121 -0.620627761 -0.005725229 -0.002889083 0.999979436 21.081830978
0.999976754 0.003646140 0.005753687 0.423866808 -0.003663077 0.999988914 0.002936070 -0.632867217 -0.005742919 -0.002957078 0.999979079 21.583194733
0.999979138 0.003486225 0.005447166 0.427752286 -0.003501852 0.999989688 0.002861772 -0.640927136 -0.005437134 -0.002880787 0.999981046 22.095754623
0.999983788 0.003951894 0.004100929 0.452161610 -0.003961653 0.999989331 0.002374248 -0.650286078 -0.004091503 -0.002390456 0.999988735 22.609781265
0.999987483 0.003718955 0.003343376 0.466712832 -0.003727449 0.999989748 0.002537926 -0.669152737 -0.003333904 -0.002550356 0.999991179 23.120552063
0.999989688 0.003684842 0.002647397 0.480753154 -0.003692264 0.999989212 0.002804423 -0.689685941 -0.002637035 -0.002814168 0.999992549 23.635587692
0.999993861 0.002789283 0.002123733 0.489183486 -0.002793486 0.999994278 0.001978552 -0.696682513 -0.002118201 -0.001984472 0.999995768 24.169811249
0.999990582 0.004053325 0.001611308 0.496930599 -0.004057777 0.999988079 0.002768818 -0.715200961 -0.001600065 -0.002775330 0.999994814 24.703474045
0.999991238 0.004139590 0.000592140 0.515616715 -0.004141125 0.999988019 0.002615190 -0.727559090 -0.000581307 -0.002617620 0.999996364 25.236644745
0.999989569 0.004563389 0.000003713 0.520184696 -0.004563387 0.999986947 0.002296738 -0.734948993 0.000006768 -0.002296731 0.999997377 25.789756775
0.999989867 0.004474793 0.000407752 0.523825586 -0.004475868 0.999986410 0.002672963 -0.751935363 -0.000395785 -0.002674761 0.999996305 26.321409225
0.999992251 0.003944337 -0.000257874 0.536186516 -0.003943613 0.999988496 0.002751891 -0.762652159 0.000268725 -0.002750853 0.999996185 26.869981766
0.999990523 0.004305928 -0.000645263 0.541421473 -0.004303903 0.999985993 0.003108824 -0.777988136 0.000658640 -0.003106017 0.999994993 27.407918930
0.999987423 0.004989984 -0.000580209 0.544678569 -0.004988377 0.999983728 0.002741366 -0.788290024 0.000593878 -0.002738437 0.999996066 27.945749283
0.999988317 0.004765996 -0.000752010 0.556001425 -0.004763083 0.999981344 0.003828649 -0.822786868 0.000770243 -0.003825023 0.999992371 28.511777878
0.999987483 0.004854225 -0.001224629 0.566475570 -0.004849923 0.999982119 0.003491253 -0.833214939 0.001241555 -0.003485269 0.999993145 29.053924561
0.999986351 0.005041604 -0.001353787 0.573394775 -0.005036548 0.999980450 0.003712506 -0.849606693 0.001372478 -0.003705637 0.999992192 29.610784531
0.999985754 0.005124656 -0.001502725 0.578121841 -0.005118860 0.999979556 0.003836990 -0.862033427 0.001522358 -0.003829243 0.999991536 30.153860092
0.999984264 0.005353346 -0.001736740 0.590003848 -0.005346984 0.999979079 0.003647539 -0.875439584 0.001756230 -0.003638195 0.999991834 30.704547882
0.999984503 0.005160559 -0.002088083 0.600889027 -0.005152641 0.999979556 0.003779791 -0.890270710 0.002107546 -0.003768973 0.999990642 31.252693176
0.999983251 0.005314699 -0.002283086 0.611093104 -0.005306378 0.999979258 0.003635611 -0.901012778 0.002302362 -0.003623435 0.999990702 31.797107697
0.999985337 0.004721464 -0.002662479 0.635359406 -0.004710496 0.999980450 0.004110266 -0.925927043 0.002681833 -0.004097664 0.999987960 32.323982239
0.999983370 0.004973305 -0.002919230 0.631413698 -0.004961518 0.999979675 0.004031327 -0.931039691 0.002939219 -0.004016777 0.999987602 32.883209229
0.999981284 0.005200484 -0.003220920 0.641821742 -0.005187873 0.999978900 0.003911206 -0.946426511 0.003241193 -0.003894424 0.999987185 33.429367065
0.999980330 0.005417661 -0.003162394 0.649114132 -0.005404944 0.999977350 0.004016183 -0.958926022 0.003184081 -0.003999012 0.999986947 33.978485107
0.999984145 0.004677356 -0.003122326 0.658632398 -0.004663883 0.999979854 0.004308416 -0.976649761 0.003142416 -0.004293785 0.999985814 34.507148743
0.999983072 0.004704993 -0.003419659 0.665214956 -0.004690622 0.999980211 0.004198157 -0.986125588 0.003439344 -0.004182046 0.999985337 35.060073853
0.999983847 0.004636991 -0.003279563 0.678341329 -0.004622886 0.999980092 0.004295500 -1.003783226 0.003299416 -0.004280269 0.999985397 35.594760895
0.999980807 0.004917636 -0.003759195 0.680978775 -0.004903955 0.999981284 0.003639780 -1.005567908 0.003777023 -0.003621276 0.999986291 36.155307770
0.999978244 0.005122657 -0.004155630 0.690968692 -0.005105380 0.999978244 0.004157740 -1.021412373 0.004176838 -0.004136433 0.999982655 36.702720642
0.999981344 0.004764191 -0.003816199 0.693254709 -0.004748218 0.999979913 0.004183922 -1.040013433 0.003836056 -0.004165723 0.999983966 37.238159180
0.999981523 0.004602231 -0.003982699 0.702593923 -0.004588825 0.999983788 0.003368668 -1.045819521 0.003998138 -0.003350329 0.999986410 37.789550781
0.999979913 0.005084662 -0.003763483 0.703518867 -0.005069643 0.999979198 0.003989567 -1.068753123 0.003783690 -0.003970407 0.999984980 38.338031769
0.999980807 0.005147092 -0.003431594 0.706060290 -0.005131325 0.999976397 0.004587431 -1.085076809 0.003455124 -0.004569734 0.999983609 38.879714966
0.999981225 0.005450062 -0.002803429 0.719771385 -0.005437922 0.999975920 0.004320413 -1.096851230 0.002826907 -0.004305087 0.999986708 39.424404144
0.999978840 0.005383442 -0.003643748 0.740440726 -0.005366647 0.999975085 0.004603613 -1.117759585 0.003668440 -0.004583961 0.999982774 39.952026367
0.999974906 0.005663496 -0.004253127 0.739605665 -0.005649379 0.999978542 0.003323914 -1.110635281 0.004271861 -0.003299803 0.999985397 40.541458130
0.999978483 0.005401093 -0.003727562 0.745006919 -0.005389755 0.999980867 0.003045171 -1.116732478 0.003743937 -0.003025014 0.999988437 41.098754883
0.999977052 0.005477231 -0.003993802 0.760638952 -0.005463919 0.999979556 0.003336528 -1.131896257 0.004011996 -0.003314630 0.999986470 41.643470764
0.999975860 0.005629289 -0.004071089 0.776913106 -0.005617585 0.999980092 0.002880515 -1.144862890 0.004087223 -0.002857576 0.999987602 42.160602570
0.999974012 0.005743460 -0.004341965 0.762666821 -0.005726269 0.999975741 0.003961135 -1.165845513 0.004364610 -0.003936169 0.999982715 42.723300934
0.999971211 0.006269096 -0.004253823 0.772358894 -0.006252354 0.999972701 0.003937530 -1.179481506 0.004278392 -0.003910821 0.999983191 43.271129608
0.999969125 0.006970279 -0.003620486 0.779989600 -0.006955297 0.999967217 0.004134174 -1.195297003 0.003649184 -0.004108865 0.999984920 43.814567566
0.999975264 0.005379639 -0.004526533 0.798606038 -0.005360850 0.999976993 0.004152626 -1.205145478 0.004548769 -0.004128257 0.999981105 44.365531921
0.999968171 0.006541041 -0.004571229 0.792018712 -0.006525391 0.999972820 0.003430366 -1.207056403 0.004593543 -0.003400428 0.999983609 44.903972626
0.999970734 0.006605932 -0.003874669 0.798385382 -0.006594372 0.999973774 0.002989312 -1.217498183 0.003894315 -0.002963673 0.999988019 45.458202362
0.999971628 0.006791054 -0.003252385 0.810082436 -0.006781213 0.999972403 0.003027381 -1.233847976 0.003272855 -0.003005240 0.999990106 45.993740082
0.999968231 0.006338456 -0.004836936 0.824270129 -0.006318863 0.999971807 0.004055350 -1.254785061 0.004862505 -0.004024656 0.999980092 46.547145844
0.999964118 0.007214112 -0.004454174 0.834697008 -0.007196596 0.999966323 0.003936050 -1.270279050 0.004482420 -0.003903853 0.999982357 47.095321655
0.999972522 0.006233309 -0.004030025 0.830246449 -0.006218893 0.999974251 0.003580023 -1.273174167 0.004052237 -0.003554862 0.999985456 47.636287689
0.999970675 0.006034593 -0.004721371 0.835407436 -0.006017012 0.999974966 0.003728734 -1.287425995 0.004743754 -0.003700216 0.999981880 48.182804108
0.999976575 0.005090924 -0.004587191 0.848923385 -0.005073819 0.999980152 0.003732716 -1.298581600 0.004606103 -0.003709354 0.999982417 48.731945038
0.999977529 0.005169498 -0.004280876 0.859351516 -0.005151936 0.999978304 0.004103455 -1.318390369 0.004301996 -0.004081308 0.999982357 49.260482788
0.999971449 0.005920298 -0.004682225 0.859514236 -0.005903522 0.999976099 0.003588545 -1.323704362 0.004703358 -0.003560801 0.999982536 49.815193176
0.999967098 0.006554111 -0.004763992 0.868882179 -0.006532869 0.999968708 0.004460811 -1.343576670 0.004793080 -0.004429542 0.999978662 50.347610474
0.999968469 0.006777922 -0.004140413 0.867455482 -0.006762928 0.999970555 0.003624667 -1.348707914 0.004164859 -0.003596551 0.999984860 50.897495270
0.999968350 0.006190809 -0.004991952 0.886203647 -0.006172084 0.999973893 0.003757991 -1.363135457 0.005015087 -0.003727061 0.999980450 51.454822540
0.999967873 0.006182393 -0.005105723 0.894956112 -0.006164358 0.999974787 0.003540716 -1.374246597 0.005127484 -0.003509128 0.999980688 51.997097015
0.999967575 0.005967840 -0.005408874 0.905942976 -0.005951158 0.999977529 0.003095453 -1.384461761 0.005427225 -0.003063163 0.999980569 52.542377472
0.999972999 0.005676493 -0.004655113 0.905997753 -0.005661274 0.999978602 0.003276029 -1.396997571 0.004673610 -0.003249587 0.999983788 53.093452454
0.999969423 0.006036427 -0.004976181 0.915448904 -0.006019554 0.999976099 0.003398605 -1.412988663 0.004996578 -0.003368546 0.999981821 53.640819550
0.999968946 0.006053006 -0.005050829 0.924551964 -0.006035914 0.999976039 0.003392117 -1.426765084 0.005071239 -0.003361525 0.999981463 54.197612762
0.999966502 0.006772741 -0.004608442 0.926479459 -0.006757346 0.999971569 0.003347778 -1.439491630 0.004630984 -0.003316525 0.999983788 54.749610901
0.999970198 0.005850907 -0.005027572 0.936138690 -0.005835295 0.999978065 0.003114648 -1.451836228 0.005045684 -0.003085217 0.999982536 55.286823273
0.999967992 0.006578798 -0.004552789 0.937735379 -0.006564677 0.999973536 0.003109655 -1.462516546 0.004573125 -0.003079667 0.999984801 55.834556580
0.999968052 0.006370982 -0.004822908 0.944158196 -0.006356589 0.999975324 0.002993712 -1.476147652 0.004841861 -0.002962959 0.999983907 56.385864258
0.999969244 0.006161388 -0.004837626 0.958868861 -0.006146295 0.999976218 0.003128777 -1.491227627 0.004856788 -0.003098947 0.999983370 56.926177979
0.999966860 0.006520014 -0.004872198 0.967029452 -0.006505650 0.999974489 0.002958319 -1.501194954 0.004891361 -0.002926524 0.999983728 57.475490570
0.999965489 0.006571159 -0.005066956 0.977269650 -0.006555764 0.999973893 0.003048935 -1.520973802 0.005086859 -0.003015612 0.999982476 58.016262054
0.999966919 0.006812483 -0.004444082 0.985108733 -0.006800229 0.999973118 0.002766687 -1.529424667 0.004462810 -0.002736375 0.999986351 58.560913086
0.999966025 0.006434010 -0.005144180 0.994578302 -0.006420715 0.999975979 0.002596767 -1.535676956 0.005160764 -0.002563650 0.999983311 59.126304626
0.999967277 0.007059239 -0.003959744 0.992296934 -0.007048836 0.999971747 0.002635204 -1.549304008 0.003978235 -0.002607206 0.999988616 59.679595947
0.999966800 0.006091518 -0.005407474 1.018201590 -0.006078463 0.999978542 0.002427768 -1.558961034 0.005422148 -0.002394818 0.999982357 60.210582733
0.999965489 0.006830546 -0.004728760 1.020963073 -0.006817195 0.999972701 0.002833870 -1.574452639 0.004747988 -0.002801536 0.999984801 60.763881683
0.999965847 0.006773740 -0.004721896 1.024892926 -0.006761723 0.999973834 0.002556383 -1.588885903 0.004739089 -0.002524368 0.999985576 61.278968811
0.999953270 0.005294652 -0.008079089 1.039064407 -0.005280125 0.999984384 0.001818454 -1.590010405 0.008088592 -0.001775711 0.999965727 61.862380981
0.999962628 0.007064950 -0.004974520 1.040140390 -0.007053798 0.999972582 0.002255521 -1.610287666 0.004990318 -0.002220347 0.999985099 62.386867523
0.999962687 0.007525372 -0.004233696 1.045636773 -0.007512396 0.999967098 0.003072309 -1.634921312 0.004256677 -0.003040390 0.999986351 62.932613373
0.999962330 0.007128484 -0.004952389 1.053737283 -0.007115040 0.999970973 0.002726427 -1.647096992 0.004971681 -0.002691088 0.999984026 63.486434937
0.999963045 0.007039676 -0.004940336 1.055727959 -0.007026529 0.999971747 0.002673425 -1.664061189 0.004959016 -0.002638613 0.999984205 64.040626526
0.999962807 0.007278421 -0.004631500 1.067500353 -0.007267008 0.999970496 0.002476417 -1.672379732 0.004649387 -0.002442667 0.999986231 64.588973999
0.999962628 0.006894701 -0.005217602 1.087122202 -0.006878477 0.999971449 0.003121242 -1.692189217 0.005238974 -0.003085236 0.999981523 65.119567871
0.999964356 0.007011681 -0.004707963 1.081408858 -0.006996952 0.999970615 0.003137900 -1.710527182 0.004729827 -0.003104846 0.999983966 65.683578491
0.999962032 0.007688040 -0.004110984 1.085677266 -0.007674885 0.999965489 0.003206563 -1.722716212 0.004135495 -0.003174890 0.999986410 66.237564087
0.999962568 0.007978836 -0.003361118 1.086301804 -0.007969976 0.999964833 0.002640991 -1.731755018 0.003382073 -0.002614105 0.999990821 66.785339355
0.999962986 0.007128383 -0.004819189 1.107635260 -0.007112911 0.999969661 0.003220334 -1.749177694 0.004841998 -0.003185937 0.999983191 67.335243225
0.999962687 0.007443612 -0.004389289 1.110765338 -0.007430078 0.999967694 0.003091827 -1.760820031 0.004412162 -0.003059098 0.999985635 67.881469727
0.999961317 0.007649433 -0.004349214 1.118500590 -0.007633171 0.999963939 0.003743303 -1.783341408 0.004377691 -0.003709960 0.999983549 68.417732239
0.999958277 0.008253328 -0.003910766 1.116137385 -0.008239609 0.999959886 0.003510181 -1.795184374 0.003939580 -0.003477812 0.999986172 68.967544556
0.999964178 0.007660769 -0.003612044 1.120352507 -0.007650364 0.999966621 0.002885615 -1.797641993 0.003634029 -0.002857878 0.999989331 69.519851685
0.999966085 0.007534985 -0.003321143 1.139710784 -0.007523962 0.999966204 0.003318959 -1.813072443 0.003346039 -0.003293858 0.999988914 70.060661316
0.999963105 0.007603302 -0.003993767 1.144127131 -0.007590631 0.999966145 0.003178559 -1.828966856 0.004017799 -0.003148126 0.999986947 70.559242249
0.999960065 0.007808484 -0.004358795 1.158810616 -0.007795247 0.999964952 0.003045881 -1.842833281 0.004382427 -0.003011781 0.999985814 71.108108521
0.999966681 0.007642639 -0.002880266 1.137524128 -0.007636013 0.999968171 0.002304690 -1.847518802 0.002897789 -0.002282620 0.999993145 71.644104004
0.999957919 0.008118566 -0.004266133 1.161812305 -0.008104609 0.999961734 0.003278930 -1.872988701 0.004292589 -0.003244217 0.999985516 72.186943054
0.999959648 0.007958024 -0.004148772 1.173233390 -0.007942791 0.999961734 0.003675260 -1.892366886 0.004177860 -0.003642159 0.999984682 72.729957581
0.999962091 0.007609744 -0.004224046 1.178188682 -0.007595421 0.999965370 0.003396176 -1.907540441 0.004249743 -0.003363964 0.999985337 73.271446228
0.999958456 0.008093270 -0.004191195 1.179937124 -0.008078533 0.999961197 0.003521124 -1.921095252 0.004219528 -0.003487119 0.999985039 73.821556091
0.999960721 0.007797676 -0.004210933 1.192408562 -0.007783578 0.999963999 0.003354056 -1.934786797 0.004236937 -0.003321148 0.999985456 74.353820801
0.999961376 0.007688255 -0.004248805 1.203208685 -0.007672774 0.999963939 0.003647924 -1.949916005 0.004276697 -0.003615184 0.999984324 74.891021729
0.999960244 0.007980803 -0.003970884 1.209852576 -0.007966311 0.999961615 0.003652269 -1.964383721 0.003999878 -0.003620491 0.999985516 75.427680969
0.999965250 0.006999812 -0.004533038 1.219523549 -0.006987527 0.999971807 0.002720182 -1.955305576 0.004551951 -0.002688413 0.999985993 75.988098145
0.999962986 0.007643902 -0.003957584 1.224055171 -0.007632504 0.999966741 0.002887496 -1.971690774 0.003979524 -0.002857183 0.999987960 76.538978577
0.999966025 0.007256555 -0.003924748 1.240134239 -0.007244963 0.999969363 0.002959683 -1.993873835 0.003946105 -0.002931148 0.999987900 77.068153381
0.999964535 0.007386488 -0.004054060 1.247058630 -0.007375585 0.999969184 0.002698159 -1.999674797 0.004073864 -0.002668162 0.999988139 77.581634521
0.999963105 0.007310835 -0.004513025 1.243166924 -0.007298573 0.999969661 0.002727669 -2.012596130 0.004532829 -0.002694630 0.999986112 78.139816284
0.999961257 0.007884088 -0.003924801 1.251088858 -0.007874413 0.999965906 0.002474573 -2.024583817 0.003944178 -0.002443571 0.999989271 78.698371887
0.999966502 0.006893045 -0.004398665 1.260480523 -0.006880898 0.999972403 0.002770355 -2.043151617 0.004417640 -0.002739996 0.999986410 79.222396851
0.999965012 0.007200307 -0.004260567 1.267419815 -0.007187848 0.999969840 0.002932242 -2.059093714 0.004281553 -0.002901515 0.999986589 79.767318726
0.999965787 0.006768620 -0.004749173 1.280158043 -0.006755589 0.999973416 0.002754607 -2.070058823 0.004767693 -0.002722430 0.999984860 80.307594299
0.999968886 0.007051380 -0.003543472 1.288118958 -0.007041997 0.999971628 0.002653762 -2.080282688 0.003562085 -0.002628726 0.999990225 80.867309570
0.999975502 0.006494727 -0.002588239 1.302949905 -0.006488838 0.999976337 0.002277402 -2.094074726 0.002602968 -0.002260551 0.999994040 81.407478333
0.999973178 0.007199296 -0.001329987 1.311161399 -0.007196136 0.999971330 0.002365974 -2.107225657 0.001346983 -0.002356340 0.999996305 81.945693970
0.999971032 0.007610307 -0.000025278 1.325720310 -0.007610205 0.999966979 0.002826450 -2.127113819 0.000046787 -0.002826176 0.999996006 82.495307922
0.999969602 0.006965822 0.003464197 1.342635512 -0.006974014 0.999972820 0.002358181 -2.137437820 -0.003447677 -0.002382270 0.999991238 83.045326233
0.999946654 0.008338765 0.006092056 1.372157335 -0.008359449 0.999959290 0.003377608 -2.165851593 -0.006063643 -0.003428355 0.999975741 83.567230225
0.999915183 0.007631778 0.010551563 1.378530383 -0.007663984 0.999966085 0.003015212 -2.170258522 -0.010528197 -0.003095823 0.999939799 84.110000610
0.999860764 0.007895660 0.014701401 1.413550973 -0.007940560 0.999964118 0.002998178 -2.187399864 -0.014677199 -0.003114498 0.999887407 84.681640625
0.999766052 0.007782542 0.020177923 1.437844038 -0.007843128 0.999965012 0.002925286 -2.198167086 -0.020154448 -0.003082860 0.999792159 85.239608765
0.999635756 0.007388258 0.025958184 1.472140789 -0.007476998 0.999966502 0.003323149 -2.221791506 -0.025932759 -0.003516028 0.999657512 85.758140564
0.999471068 0.007738654 0.031590033 1.515095234 -0.007820196 0.999966383 0.002458509 -2.225852489 -0.031569950 -0.002704249 0.999497890 86.308403015
0.999183595 0.007988094 0.039602429 1.550704122 -0.008095372 0.999963999 0.002549278 -2.240022421 -0.039580636 -0.002867793 0.999212265 86.861297607
0.998816788 0.008249961 0.047927581 1.595900297 -0.008384991 0.999961436 0.002617008 -2.258471251 -0.047904141 -0.003015784 0.998847365 87.407150269
0.998448133 0.007545592 0.055176310 1.626880169 -0.007714052 0.999966204 0.002840767 -2.272789001 -0.055153012 -0.003261992 0.998472512 87.962211609
0.997926056 0.006711947 0.064020798 1.686733007 -0.006879055 0.999973536 0.002390129 -2.282812119 -0.064003058 -0.002825574 0.997945666 88.509887695
0.997205317 0.007332419 0.074349269 1.745565891 -0.007560936 0.999967396 0.002792552 -2.300048828 -0.074326381 -0.003346898 0.997228324 89.047492981
0.996530831 0.007374458 0.082897075 1.799955845 -0.007581729 0.999968886 0.002185844 -2.306359768 -0.082878374 -0.002806764 0.996555746 89.632362366
0.995831549 0.006938386 0.090947375 1.865869045 -0.007145613 0.999972582 0.001953112 -2.317650318 -0.090931341 -0.002594844 0.995853782 90.180984497
0.994763315 0.007037247 0.101962492 1.941333771 -0.007276562 0.999971628 0.001975335 -2.331570625 -0.101945706 -0.002706927 0.994786203 90.710517883
0.993646502 0.006922995 0.112333931 2.023011208 -0.007214264 0.999971569 0.002186593 -2.351619720 -0.112315603 -0.002983107 0.993668079 91.269203186
0.992580831 0.006596536 0.121407837 2.111989021 -0.006916746 0.999973595 0.002216229 -2.368356466 -0.121390015 -0.003039532 0.992600262 91.812263489
0.991165698 0.006843651 0.132452428 2.205034256 -0.007193903 0.999971807 0.002166005 -2.378139973 -0.132433861 -0.003099720 0.991186976 92.371498108
0.989516675 0.005840673 0.144300058 2.313518524 -0.006214660 0.999978423 0.002141119 -2.394853830 -0.144284442 -0.003015449 0.989531636 92.913139343
0.987922311 0.005515474 0.154851884 2.421082497 -0.005938239 0.999979734 0.002267688 -2.413067341 -0.154836282 -0.003159847 0.987935007 93.453880310
0.986234665 0.005380100 0.165263772 2.530427933 -0.005846547 0.999980152 0.002336107 -2.426224232 -0.165247947 -0.003270172 0.986246645 94.004463196
0.983955920 0.005429389 0.178329170 2.646743774 -0.005914042 0.999980152 0.002186268 -2.441696644 -0.178313777 -0.003205838 0.983968377 94.539321899
0.981647849 0.005513094 0.190623164 2.772615433 -0.006080432 0.999978721 0.002391453 -2.457406521 -0.190605938 -0.003506636 0.981660366 95.068183899
0.979546428 0.005014913 0.201155379 2.899761200 -0.005607763 0.999981403 0.002377491 -2.471598387 -0.201139733 -0.003456894 0.979556441 95.609916687
0.976853907 0.005132891 0.213846028 3.043891907 -0.005696092 0.999981701 0.002017583 -2.487643242 -0.213831767 -0.003188970 0.976865292 96.132492065
0.973771334 0.005507777 0.227462023 3.191028595 -0.006160030 0.999978721 0.002157735 -2.504447937 -0.227445275 -0.003502314 0.973784506 96.667190552
0.971199334 0.004159676 0.238232404 3.342617035 -0.004875937 0.999985278 0.002417353 -2.511651993 -0.238218829 -0.003509337 0.971205175 97.172592163
0.968067467 0.003750358 0.250661701 3.496927261 -0.004446220 0.999987781 0.002209869 -2.532869577 -0.250650346 -0.003253800 0.968072236 97.754714966
0.964379489 0.003612385 0.264497787 3.666051865 -0.004265537 0.999989092 0.001895105 -2.548359632 -0.264488101 -0.002955826 0.964384437 98.271011353
0.960761070 0.004249188 0.277344763 3.828235626 -0.005008150 0.999985397 0.002028194 -2.558827162 -0.277332127 -0.003337595 0.960768282 98.806396484
0.957494080 0.003268351 0.288434237 4.004396439 -0.004198802 0.999987781 0.002607239 -2.585060120 -0.288422227 -0.003707495 0.957496166 99.333305359
0.953222632 0.002960132 0.302254856 4.186445236 -0.003882952 0.999989510 0.002452292 -2.596984625 -0.302244365 -0.003511222 0.953224063 99.846549988
0.948903263 0.003000117 0.315552831 4.385929108 -0.003977195 0.999989033 0.002452489 -2.608241796 -0.315542012 -0.003582190 0.948904872 100.365653992
0.944931924 0.002067510 0.327260435 4.583721161 -0.002980033 0.999992907 0.002286966 -2.615142345 -0.327253371 -0.003136274 0.944931507 100.880683899
0.940361857 0.001885790 0.340170622 4.790239334 -0.002805923 0.999993622 0.002213019 -2.634695530 -0.340164274 -0.003035532 0.940361142 101.411560059
0.934979141 0.002320111 0.354695052 5.007728577 -0.003301538 0.999992192 0.002161789 -2.648399591 -0.354687333 -0.003192267 0.934979498 101.924697876
0.930390179 0.001681019 0.366566867 5.232292175 -0.002797726 0.999992907 0.002515148 -2.666458607 -0.366560042 -0.003365622 0.930388331 102.438850403
0.925720632 0.001009940 0.378206640 5.463798523 -0.001930704 0.999996006 0.002055376 -2.677698851 -0.378203005 -0.002632909 0.925718904 102.948089600
0.919724941 0.000973643 0.392562121 5.702892303 -0.002036932 0.999995291 0.002292069 -2.691322088 -0.392558098 -0.002907695 0.919722617 103.450317383
0.914033830 0.000109238 0.405637920 5.946235657 -0.001143560 0.999996662 0.002307512 -2.704653025 -0.405636370 -0.002573015 0.914030910 103.944282532
0.908935368 0.000214501 0.416937053 6.191604614 -0.001372551 0.999995947 0.002477737 -2.723887682 -0.416934848 -0.002824370 0.908931911 104.431716919
0.903013706 -0.000754328 0.429611027 6.476161957 -0.000407398 0.999996483 0.002612158 -2.744821310 -0.429611415 -0.002533837 0.903010309 104.910469055
0.895915329 -0.001398182 0.444222599 6.718193054 0.000050960 0.999995351 0.003044689 -2.761361361 -0.444224775 -0.002705146 0.895911276 105.396690369
0.890160024 -0.002028774 0.455643475 6.990482330 0.000772997 0.999995351 0.002942374 -2.775398254 -0.455647349 -0.002266973 0.890157461 105.897842407
0.884581387 -0.001548619 0.466383249 7.264083862 0.000074381 0.999994934 0.003179392 -2.791538477 -0.466385871 -0.002777741 0.884577036 106.378196716
0.877231598 -0.002354953 0.480061620 7.543567657 0.001164622 0.999995470 0.002777351 -2.796418667 -0.480065972 -0.001877290 0.877230287 106.861114502
