1.000000000 0.000000000 0.000000000 0.000000000 0.000000000 1.000000000 0.000000000 0.000000000 0.000000000 0.000000000 1.000000000 0.000000000
1.000000000 -0.000089329 -0.000067906 0.001024151 0.000089337 1.000000000 0.000117629 -0.000707806 0.000067895 -0.000117635 1.000000000 -0.000403447
1.000000000 0.000033406 -0.000196026 0.001683206 -0.000033412 1.000000000 -0.000031213 0.000323889 0.000196024 0.000031220 1.000000000 -0.001127810
1.000000000 0.000012103 -0.000070142 0.000300203 -0.000012107 1.000000000 -0.000058872 -0.000046423 0.000070142 0.000058873 1.000000000 0.001336231
1.000000000 0.000009059 -0.000129692 0.000458198 -0.000009061 1.000000000 -0.000015087 -0.000618784 0.000129692 0.000015089 1.000000000 -0.001521168
1.000000000 -0.000094792 -0.000203314 0.001218425 0.000094788 1.000000000 -0.000019526 -0.000665811 0.000203316 0.000019507 1.000000000 -0.002018953
1.000000000 -0.000078445 -0.000038414 0.001097711 0.000078448 1.000000000 0.000069412 -0.001262811 0.000038409 -0.000069415 1.000000000 -0.001185521
1.000000000 -0.000058256 -0.000032146 0.001548888 0.000058257 1.000000000 0.000037411 -0.000460282 0.000032144 -0.000037412 1.000000000 0.000194707
1.000000000 -0.000191031 0.000006623 0.000703754 0.000191032 1.000000000 -0.000022214 0.000039953 -0.000006618 0.000022215 1.000000000 -0.000353427
1.000000000 -0.000131501 -0.000012091 0.001219262 0.000131501 1.000000000 0.000023568 0.000526703 0.000012088 -0.000023570 1.000000000 0.001222445
1.000000000 -0.000139379 -0.000112365 0.001476686 0.000139383 1.000000000 0.000035728 -0.000659293 0.000112360 -0.000035744 1.000000000 -0.000537208
1.000000000 0.000005265 -0.000011202 0.000438841 -0.000005267 1.000000000 -0.000202047 0.001448304 0.000011201 0.000202047 1.000000000 0.000445176
0.999999881 -0.000424557 -0.000157061 0.001738624 0.000424590 0.999999881 0.000212501 -0.001793788 0.000156971 -0.000212567 0.999999940 -0.001857621
1.000000000 -0.000109575 -0.000021088 0.000089846 0.000109577 1.000000000 0.000089421 -0.000528563 0.000021078 -0.000089423 1.000000000 0.000004061
1.000000000 -0.000151456 -0.000026867 0.000639550 0.000151458 1.000000000 0.000102716 -0.000627223 0.000026852 -0.000102720 1.000000000 -0.000823219
1.000000000 -0.000029881 -0.000081489 0.000586539 0.000029881 1.000000000 0.000009162 -0.000678957 0.000081489 -0.000009164 1.000000000 -0.001742905
1.000000000 0.000139786 0.000171990 -0.001293534 -0.000139781 1.000000000 -0.000031741 0.000084269 -0.000171995 0.000031717 1.000000000 0.000117206
1.000000000 0.000047066 -0.000223725 0.001186285 -0.000047074 1.000000000 -0.000035011 -0.000014641 0.000223723 0.000035022 1.000000000 -0.000376935
1.000000000 -0.000180282 -0.000152175 0.001628813 0.000180284 1.000000000 0.000013618 -0.000405707 0.000152172 -0.000013646 1.000000000 -0.001070194
1.000000000 -0.000177197 -0.000084303 0.001036584 0.000177192 1.000000000 -0.000059024 -0.000100340 0.000084313 0.000059009 1.000000000 -0.000684469
1.000000000 -0.000015272 -0.000030361 0.000358536 0.000015267 1.000000000 -0.000176416 0.000433360 0.000030364 0.000176416 1.000000000 -0.000897559
1.000000000 0.000000622 -0.000081890 0.000687924 -0.000000619 1.000000000 0.000037343 0.000215749 0.000081890 -0.000037343 1.000000000 -0.000441637
1.000000000 -0.000155694 -0.000038797 0.001015301 0.000155697 1.000000000 0.000062595 -0.000603135 0.000038788 -0.000062601 1.000000000 0.000859223
0.999999940 -0.000149918 -0.000216628 0.001916229 0.000149922 1.000000000 0.000018158 0.000594874 0.000216626 -0.000018190 1.000000000 -0.000322695
1.000000000 -0.000069491 -0.000103950 0.001100523 0.000069491 1.000000000 0.000001907 0.000146081 0.000103950 -0.000001914 1.000000000 -0.000101682
1.000000000 -0.000036296 -0.000108353 0.000781884 0.000036278 1.000000000 -0.000161136 0.000908414 0.000108359 0.000161132 1.000000000 -0.002166787
1.000000000 0.000041959 -0.000089760 0.000084178 -0.000041972 1.000000000 -0.000148376 0.000457582 0.000089754 0.000148380 1.000000000 -0.001885780
1.000000000 -0.000007696 -0.000141959 0.000871976 0.000007691 1.000000000 -0.000036736 -0.000446731 0.000141959 0.000036734 1.000000000 -0.000969364
0.999999940 -0.000236862 -0.000194250 0.000986222 0.000236873 1.000000000 0.000058135 0.000268927 0.000194236 -0.000058181 1.000000000 0.000532908
1.000000000 0.000052438 -0.000092603 0.000191079 -0.000052446 1.000000000 -0.000084692 0.000643127 0.000092598 0.000084697 1.000000000 -0.001459624
1.000000000 -0.000018166 -0.000182576 0.001050988 0.000018191 1.000000000 0.000135360 -0.000730288 0.000182573 -0.000135363 1.000000000 -0.002284298
1.000000000 -0.000031769 -0.000212473 0.000863491 0.000031784 1.000000000 0.000068055 -0.000368626 0.000212471 -0.000068061 1.000000000 0.000003474
0.999999940 -0.000244855 -0.000145004 0.000411519 0.000244850 0.999999940 -0.000037134 0.000490092 0.000145014 0.000037098 1.000000000 0.001343022
1.000000000 -0.000121945 -0.000178355 0.001147517 0.000121949 1.000000000 0.000020547 0.000265071 0.000178353 -0.000020569 1.000000000 0.000035729
1.000000000 -0.000059194 -0.000087315 0.001501530 0.000059190 1.000000000 -0.000044006 -0.000004439 0.000087318 0.000044001 1.000000000 -0.000363857
1.000000000 -0.000122418 -0.000039114 -0.000091392 0.000122414 1.000000000 -0.000107268 0.002208637 0.000039127 0.000107263 1.000000000 0.002032093
1.000000000 -0.000222341 -0.000045685 0.000466223 0.000222341 1.000000000 -0.000002619 0.000835835 0.000045686 0.000002608 1.000000000 0.001340092
0.999999940 -0.000294689 -0.000054959 0.000824690 0.000294698 0.999999940 0.000154000 -0.000614595 0.000054914 -0.000154016 1.000000000 -0.000235448
0.999999881 -0.000453541 -0.000161476 0.001712643 0.000453525 0.999999881 -0.000095725 0.000967977 0.000161520 0.000095652 1.000000000 0.000271790
0.999999940 -0.000358414 -0.000021645 0.002031775 0.000358413 0.999999940 -0.000050201 -0.001088301 0.000021663 0.000050194 1.000000000 -0.001323007
0.999999940 -0.000296757 0.000075582 0.001118469 0.000296803 0.999999762 -0.000601959 -0.002639274 -0.000075404 0.000601981 0.999999821 0.051693074
0.999999940 0.000279431 0.000033876 0.001170727 -0.000279390 0.999999225 -0.001214413 -0.005298552 -0.000034216 0.001214404 0.999999285 0.136168554
0.999999940 0.000225638 -0.000111203 0.005237022 -0.000225788 0.999999046 -0.001347543 -0.007501968 0.000110899 0.001347568 0.999999106 0.251036376
0.999999940 0.000148243 -0.000317277 0.007032720 -0.000148582 0.999999404 -0.001068310 -0.015858445 0.000317118 0.001068357 0.999999404 0.380680591
1.000000000 0.000014891 -0.000208002 0.009927927 -0.000015102 0.999999464 -0.001014340 -0.019546656 0.000207986 0.001014343 0.999999464 0.530097663
0.999999940 0.000258824 -0.000273007 0.013512581 -0.000259076 0.999999523 -0.000920288 -0.025394211 0.000272769 0.000920359 0.999999523 0.678979695
0.999999881 0.000476659 -0.000068863 0.017294113 -0.000476728 0.999999404 -0.001011730 -0.022893852 0.000068381 0.001011763 0.999999464 0.849744499
0.999999940 0.000152185 0.000357785 0.014497046 -0.000151862 0.999999583 -0.000903434 -0.027120100 -0.000357923 0.000903380 0.999999523 1.014185667
0.999999940 0.000330775 0.000204837 0.016058829 -0.000330747 0.999999940 -0.000135392 -0.037215494 -0.000204882 0.000135324 0.999999940 1.186360240
0.999999940 0.000341497 0.000140143 0.022720162 -0.000341523 0.999999940 0.000188758 -0.042977553 -0.000140079 -0.000188806 1.000000000 1.371149063
1.000000000 -0.000021229 -0.000036907 0.033816494 0.000021207 0.999999821 -0.000572051 -0.044958886 0.000036919 0.000572050 0.999999821 1.574844360
0.999999523 0.000766310 0.000579434 0.023511015 -0.000766373 0.999999702 0.000107970 -0.052375641 -0.000579351 -0.000108414 0.999999821 1.772798419
0.999999642 0.000864725 -0.000057585 0.034514561 -0.000864752 0.999999523 -0.000467097 -0.044895571 0.000057181 0.000467147 0.999999881 1.971854925
0.999998748 0.001273462 0.000973533 0.030726610 -0.001272673 0.999998868 -0.000810912 -0.048455384 -0.000974564 0.000809672 0.999999166 2.178846359
0.999998868 0.001397541 0.000640264 0.037616208 -0.001396806 0.999998391 -0.001147268 -0.050345108 -0.000641866 0.001146372 0.999999106 2.402327299
0.999999702 0.000727429 0.000088865 0.049968109 -0.000727384 0.999999583 -0.000507862 -0.063488334 -0.000089235 0.000507797 0.999999881 2.624947548
0.999998927 0.001472029 0.000167806 0.051432177 -0.001471967 0.999998808 -0.000370264 -0.072878338 -0.000168351 0.000370016 0.999999881 2.853289366
0.999999583 0.000917294 -0.000100069 0.055715684 -0.000917310 0.999999583 -0.000163594 -0.079754740 0.000099919 0.000163686 0.999999940 3.085127115
0.999999881 0.000486265 0.000275009 0.065373681 -0.000486119 0.999999702 -0.000528841 -0.084523886 -0.000275266 0.000528707 0.999999821 3.334117413
0.999999821 0.000496336 0.000243526 0.065591358 -0.000496273 0.999999821 -0.000262584 -0.094341926 -0.000243657 0.000262463 0.999999940 3.577334404
0.999999881 0.000406695 0.000162444 0.073995531 -0.000406662 0.999999881 -0.000199007 -0.101114675 -0.000162525 0.000198941 1.000000000 3.831797838
0.999999702 0.000462130 0.000547453 0.074457973 -0.000461581 0.999999404 -0.001003873 -0.101777904 -0.000547917 0.001003620 0.999999344 4.091993809
0.999999523 0.000827934 0.000476045 0.077668086 -0.000827922 0.999999642 -0.000024291 -0.114022203 -0.000476065 0.000023897 0.999999881 4.338649273
0.999999583 0.000634907 0.000694538 0.080096126 -0.000634859 0.999999821 -0.000069958 -0.121276252 -0.000694583 0.000069517 0.999999762 4.614986897
0.999999821 0.000386046 0.000635606 0.090736926 -0.000386192 0.999999940 0.000229149 -0.130760431 -0.000635517 -0.000229394 0.999999762 4.871243477
0.999999642 0.000597498 0.000621507 0.098864190 -0.000597612 0.999999762 0.000183106 -0.137513667 -0.000621397 -0.000183477 0.999999821 5.131534576
0.999999464 0.000790286 0.000694373 0.098794423 -0.000790481 0.999999702 0.000280583 -0.146209180 -0.000694151 -0.000281132 0.999999762 5.391240120
0.999998808 0.001010217 0.001169389 0.096802868 -0.001009856 0.999999464 -0.000309284 -0.148084626 -0.001169701 0.000308102 0.999999225 5.659806728
0.999999702 0.000376498 0.000758070 0.105163328 -0.000376662 1.000000000 0.000215073 -0.158378705 -0.000757989 -0.000215358 0.999999702 5.925655842
0.999999583 0.000234113 0.000867035 0.114251226 -0.000234369 0.999999940 0.000295801 -0.167435408 -0.000866966 -0.000296004 0.999999583 6.206178188
0.999999166 0.000843188 0.000967102 0.115697265 -0.000843422 0.999999642 0.000241954 -0.172073156 -0.000966897 -0.000242770 0.999999523 6.485036373
0.999999166 0.000597342 0.001166202 0.120836586 -0.000597196 0.999999821 -0.000125875 -0.181238160 -0.001166277 0.000125178 0.999999285 6.781812191
0.999998569 0.001091633 0.001342882 0.124211639 -0.001091240 0.999999344 -0.000293569 -0.189376235 -0.001343202 0.000292104 0.999998987 7.083334923
0.999999106 0.000356568 0.001263370 0.139953166 -0.000356922 0.999999821 0.000279422 -0.200183317 -0.001263270 -0.000279873 0.999999106 7.370602608
0.999998331 0.000482856 0.001799501 0.136203304 -0.000483106 0.999999881 0.000138366 -0.206687450 -0.001799434 -0.000139235 0.999998331 7.692008018
0.999998212 0.000943050 0.001702854 0.149508238 -0.000943279 0.999999642 0.000133961 -0.217531770 -0.001702727 -0.000135567 0.999998510 7.997524738
0.999998331 0.000600670 0.001718403 0.150188848 -0.000600520 0.999999821 -0.000087980 -0.225962535 -0.001718456 0.000086948 0.999998450 8.327931404
0.999998093 0.000804357 0.001795927 0.157140896 -0.000804622 0.999999642 0.000146604 -0.239342883 -0.001795808 -0.000148048 0.999998331 8.647926331
0.999997914 0.000654335 0.001937927 0.162410706 -0.000655007 0.999999702 0.000346392 -0.249383181 -0.001937701 -0.000347661 0.999998033 9.000039101
0.999998271 0.000677040 0.001752703 0.173026502 -0.000678466 0.999999404 0.000813335 -0.268137157 -0.001752152 -0.000814523 0.999998093 9.329982758
0.999997675 0.001131023 0.001846568 0.179186612 -0.001133119 0.999998629 0.001134590 -0.278509200 -0.001845283 -0.001136680 0.999997616 9.681863785
0.999997914 0.000620847 0.001927696 0.185369790 -0.000621898 0.999999642 0.000545022 -0.282229453 -0.001927357 -0.000546220 0.999997973 10.031673431
0.999998212 0.000423965 0.001816675 0.193832546 -0.000424632 0.999999821 0.000367031 -0.292715102 -0.001816519 -0.000367801 0.999998271 10.397525787
0.999997497 0.000752354 0.002108559 0.201910183 -0.000754154 0.999999344 0.000853000 -0.306669444 -0.002107916 -0.000854588 0.999997437 10.746692657
0.999996960 0.000721577 0.002339322 0.206502676 -0.000722937 0.999999523 0.000580636 -0.313045055 -0.002338902 -0.000582325 0.999997139 11.111968994
0.999996722 0.000865909 0.002417920 0.213984445 -0.000867714 0.999999285 0.000745540 -0.326233685 -0.002417272 -0.000747636 0.999996781 11.499029160
0.999997437 0.000607966 0.002210399 0.228261024 -0.000609292 0.999999702 0.000599439 -0.332667530 -0.002210033 -0.000600784 0.999997377 11.879545212
0.999996483 0.000519482 0.002584951 0.230355814 -0.000521073 0.999999642 0.000615159 -0.346851617 -0.002584631 -0.000616504 0.999996483 12.264992714
0.999996006 0.000820853 0.002680853 0.241464332 -0.000822742 0.999999404 0.000703616 -0.358641118 -0.002680274 -0.000705819 0.999996185 12.648733139
0.999996006 0.000040872 0.002838023 0.249640763 -0.000043140 0.999999642 0.000799095 -0.367967725 -0.002837989 -0.000799214 0.999995649 13.057750702
0.999996066 0.000622765 0.002739246 0.256033748 -0.000624777 0.999999464 0.000733421 -0.381186098 -0.002738787 -0.000735130 0.999995947 13.455632210
0.999995649 0.000536124 0.002910584 0.263011873 -0.000539390 0.999999225 0.001121587 -0.395472318 -0.002909980 -0.001123152 0.999995112 13.870318413
0.999994040 0.000507636 0.003407859 0.272032529 -0.000509608 0.999999642 0.000577752 -0.397270173 -0.003407563 -0.000579486 0.999993980 14.297767639
0.999992132 0.001012768 0.003825341 0.280087620 -0.001015042 0.999999285 0.000592581 -0.411939532 -0.003824739 -0.000596459 0.999992490 14.719855309
0.999993205 0.000228894 0.003663112 0.295685887 -0.000232790 0.999999404 0.001063142 -0.427945346 -0.003662867 -0.001063988 0.999992728 15.139688492
0.999992967 0.000448833 0.003701285 0.306760192 -0.000452718 0.999999464 0.001048794 -0.440860569 -0.003700810 -0.001050463 0.999992609 15.577215195
0.999991298 0.000243993 0.004162954 0.318910211 -0.000247935 0.999999642 0.000946356 -0.453128278 -0.004162721 -0.000947380 0.999990821 16.014120102
0.999990702 -0.000213695 0.004326535 0.333768457 0.000210512 0.999999702 0.000736064 -0.461905986 -0.004326691 -0.000735146 0.999990344 16.467491150
0.999988794 0.000438686 0.004704420 0.337486535 -0.000442330 0.999999583 0.000773512 -0.473906100 -0.004704078 -0.000775585 0.999988616 16.920003891
0.999986291 0.000503983 0.005212262 0.347921401 -0.000508452 0.999999523 0.000856163 -0.487342924 -0.005211828 -0.000858802 0.999986053 17.378969193
0.999983668 0.000444264 0.005695484 0.355048060 -0.000449255 0.999999523 0.000875039 -0.499346763 -0.005695093 -0.000877583 0.999983311 17.839296341
0.999982834 -0.000099156 0.005849008 0.370440245 0.000094780 0.999999702 0.000748419 -0.511666477 -0.005849082 -0.000747852 0.999982536 18.303236008
0.999981046 0.000293807 0.006149646 0.382986963 -0.000299892 0.999999464 0.000988553 -0.523473859 -0.006149352 -0.000990379 0.999980569 18.774101257
0.999977410 0.001294067 0.006588777 0.392256021 -0.001297169 0.999999046 0.000466493 -0.533548713 -0.006588167 -0.000475030 0.999978185 19.244251251
0.999973178 0.001103506 0.007239087 0.405964851 -0.001106141 0.999999344 0.000360005 -0.545877218 -0.007238686 -0.000368003 0.999973714 19.722877502
0.999975741 0.000838057 0.006911652 0.415971130 -0.000838763 0.999999583 0.000099154 -0.551816583 -0.006911566 -0.000104949 0.999976099 20.224960327
0.999976218 0.001325579 0.006764599 0.429514825 -0.001328498 0.999999046 0.000427011 -0.574347675 -0.006764025 -0.000435988 0.999976993 20.713064194
0.999972701 0.002052183 0.007091692 0.436016679 -0.002053704 0.999997914 0.000207195 -0.581280410 -0.007091251 -0.000221753 0.999974787 21.223527908
0.999976158 0.002025154 0.006597168 0.448382258 -0.002026096 0.999997914 0.000136110 -0.591971576 -0.006596879 -0.000149473 0.999978244 21.722131729
0.999983490 0.001512530 0.005540468 0.471277446 -0.001518277 0.999998331 0.001033305 -0.624560714 -0.005538896 -0.001041700 0.999984086 22.223028183
0.999985099 0.001220998 0.005305688 0.483384311 -0.001228739 0.999998271 0.001455885 -0.636296213 -0.005303899 -0.001462383 0.999984860 22.732534409
0.999982178 0.001769265 0.005709255 0.487770379 -0.001769208 0.999998510 -0.000014999 -0.640175462 -0.005709273 0.000004898 0.999983668 23.251327515
0.999990821 0.001258203 0.004117877 0.508739054 -0.001262735 0.999998629 0.001098267 -0.668603480 -0.004116489 -0.001103457 0.999990940 23.774354935
0.999993443 -0.000009304 0.003621502 0.521613717 0.000006913 0.999999821 0.000660226 -0.679683745 -0.003621507 -0.000660197 0.999993205 24.299459457
0.999993682 0.001163508 0.003366573 0.525480330 -0.001166220 0.999998927 0.000803623 -0.691378891 -0.003365635 -0.000807544 0.999993980 24.833623886
0.999995112 0.001957252 0.002441212 0.545649111 -0.001960350 0.999997199 0.001267369 -0.715048313 -0.002438725 -0.001272149 0.999996245 25.368865967
0.999995708 0.001858026 0.002274271 0.553618908 -0.001861176 0.999997318 0.001383879 -0.729888141 -0.002271694 -0.001388106 0.999996483 25.909498215
0.999995708 0.001679063 0.002403665 0.559285581 -0.001681465 0.999998033 0.000997627 -0.741856575 -0.002401985 -0.001001664 0.999996603 26.478298187
0.999998569 0.001186554 0.001181790 0.579197049 -0.001188550 0.999997973 0.001689791 -0.757629275 -0.001179783 -0.001691194 0.999997854 26.996795654
0.999998629 0.001105249 0.001224509 0.583880007 -0.001107864 0.999997079 0.002138002 -0.775052071 -0.001222142 -0.002139355 0.999996960 27.549757004
0.999996185 0.002237128 0.001530507 0.590799153 -0.002238709 0.999997020 0.001032360 -0.785857439 -0.001528193 -0.001035783 0.999998271 28.115894318
0.999997973 0.001945000 0.000349713 0.601313531 -0.001945594 0.999996662 0.001702796 -0.801214278 -0.000346400 -0.001703473 0.999998450 28.641963959
0.999998093 0.001856077 0.000580823 0.611513317 -0.001857271 0.999996185 0.002059441 -0.820039690 -0.000576998 -0.002060516 0.999997675 29.178318024
0.999997973 0.002008518 -0.000267739 0.620795488 -0.002008022 0.999996305 0.001841973 -0.832373023 0.000271438 -0.001841432 0.999998212 29.744966507
0.999996424 0.002698168 -0.000144730 0.625938356 -0.002697829 0.999993742 0.002291396 -0.848691165 0.000150911 -0.002290997 0.999997377 30.294462204
0.999997854 0.001979981 -0.000532145 0.638893127 -0.001979064 0.999996483 0.001716988 -0.860054493 0.000535543 -0.001715932 0.999998391 30.842906952
0.999997199 0.002289309 -0.000746509 0.649986148 -0.002287749 0.999995232 0.002085189 -0.879296780 0.000751279 -0.002083475 0.999997556 31.372875214
0.999996960 0.002190266 -0.001173605 0.659908950 -0.002187913 0.999995649 0.002002063 -0.891145945 0.001177985 -0.001999489 0.999997377 31.925104141
0.999997973 0.001769833 -0.000947338 0.669307590 -0.001768006 0.999996543 0.001924901 -0.905250251 0.000950742 -0.001923222 0.999997616 32.484653473
0.999997139 0.002071967 -0.001131602 0.676296711 -0.002069815 0.999996066 0.001900098 -0.914930820 0.001135534 -0.001897750 0.999997556 33.027732849
0.999994159 0.003265770 -0.000964689 0.677821398 -0.003263961 0.999992967 0.001871082 -0.927798629 0.000970793 -0.001867923 0.999997735 33.590496063
0.999996006 0.002420336 -0.001397175 0.697046399 -0.002417988 0.999995649 0.001679751 -0.942878425 0.001401235 -0.001676366 0.999997616 34.115924835
0.999996066 0.002060080 -0.001866186 0.707971096 -0.002056159 0.999995708 0.002100119 -0.960630715 0.001870504 -0.002096273 0.999996066 34.654937744
0.999996305 0.002431237 -0.001160726 0.703946173 -0.002429250 0.999995649 0.001710254 -0.966418266 0.001164879 -0.001707428 0.999997914 35.216678619
0.999995470 0.002000134 -0.002242392 0.730352163 -0.001995844 0.999996305 0.001913976 -0.984142840 0.002246212 -0.001909492 0.999995649 35.741077423
0.999995112 0.002380300 -0.002018991 0.736274004 -0.002376993 0.999995828 0.001638734 -0.995651841 0.002022883 -0.001633927 0.999996603 36.293552399
0.999994934 0.002117107 -0.002348393 0.753242373 -0.002113719 0.999996841 0.001443932 -1.009171486 0.002351442 -0.001438961 0.999996185 36.840221405
0.999995649 0.002125145 -0.002045868 0.757425129 -0.002123021 0.999997258 0.001039687 -1.018170953 0.002048071 -0.001035339 0.999997377 37.390102386
0.999993920 0.003081066 -0.001630126 0.764915466 -0.003078953 0.999994457 0.001296723 -1.035356045 0.001634112 -0.001291696 0.999997795 37.931919098
0.999993742 0.002647345 -0.002358318 0.776899517 -0.002644053 0.999995530 0.001397448 -1.051278114 0.002362007 -0.001391203 0.999996245 38.481136322
0.999994278 0.002261665 -0.002531253 0.787041187 -0.002256963 0.999995708 0.001858984 -1.069228172 0.002535446 -0.001853260 0.999995053 39.020103455
0.999992788 0.002728685 -0.002656289 0.798753440 -0.002724243 0.999994934 0.001674244 -1.086748004 0.002660844 -0.001666995 0.999995112 39.568428040
0.999993324 0.002385159 -0.002781410 0.826618314 -0.002376606 0.999992490 0.003074398 -1.118468881 0.002788722 -0.003067767 0.999991417 40.095371246
0.999989033 0.003124739 -0.003463266 0.843108714 -0.003118726 0.999993742 0.001740100 -1.111275911 0.003468682 -0.001729281 0.999992490 40.668968201
0.999988973 0.003319648 -0.003328301 0.851600409 -0.003315287 0.999993622 0.001314994 -1.120088816 0.003332645 -0.001303945 0.999993563 41.218563080
0.999986649 0.004215219 -0.002993450 0.851649463 -0.004215332 0.999991179 -0.000031274 -1.111113071 0.002993291 0.000043892 0.999995530 41.768825531
0.999990404 0.002871645 -0.003288081 0.854333222 -0.002868226 0.999995351 0.001044156 -1.141402006 0.003291063 -0.001034715 0.999994040 42.311294556
0.999989629 0.002449487 -0.003827341 0.873139381 -0.002448224 0.999996960 0.000334506 -1.147256732 0.003828149 -0.000325133 0.999992669 42.857498169
0.999991477 0.002451882 -0.003311171 0.880106032 -0.002449868 0.999996901 0.000612282 -1.162793040 0.003312662 -0.000604165 0.999994278 43.401210785
0.999990463 0.002311358 -0.003711641 0.893582344 -0.002305485 0.999996066 0.001585638 -1.191203713 0.003715292 -0.001577066 0.999991834 43.960430145
0.999990821 0.002692926 -0.003348007 0.896786690 -0.002687416 0.999994993 0.001649301 -1.205718875 0.003352431 -0.001640288 0.999993086 44.501468658
0.999989688 0.003109418 -0.003304287 0.903554082 -0.003103952 0.999993801 0.001657991 -1.219154239 0.003309421 -0.001647718 0.999993086 45.043266296
0.999991655 0.002254721 -0.003405906 0.918146908 -0.002249142 0.999996126 0.001640955 -1.232983112 0.003409593 -0.001633281 0.999992847 45.606094360
0.999991834 0.001933438 -0.003529997 0.932739019 -0.001929061 0.999997377 0.001242801 -1.241717458 0.003532391 -0.001235981 0.999993026 46.153606415
0.999991357 0.001922802 -0.003693289 0.946224034 -0.001916542 0.999996722 0.001697919 -1.263859749 0.003696542 -0.001690826 0.999991715 46.693080902
0.999989748 0.002143561 -0.004005503 0.964394927 -0.002135537 0.999995708 0.002006437 -1.283184886 0.004009787 -0.001997862 0.999989986 47.238243103
0.999990344 0.001793770 -0.004009146 0.966724157 -0.001787496 0.999997139 0.001567929 -1.287918329 0.004011948 -0.001560748 0.999990761 47.797611237
0.999989152 0.002457790 -0.003946449 0.979710817 -0.002451624 0.999995768 0.001566522 -1.304428816 0.003950282 -0.001556830 0.999991000 48.343177795
0.999988019 0.002091425 -0.004413176 0.999106944 -0.002086094 0.999997079 0.001212438 -1.305780172 0.004415698 -0.001203217 0.999989569 48.899284363
0.999991298 0.001705009 -0.003808133 0.992959738 -0.001699609 0.999997556 0.001420891 -1.324775934 0.003810546 -0.001414406 0.999991655 49.437965393
0.999991894 0.001736648 -0.003628139 1.001161098 -0.001734315 0.999998271 0.000646091 -1.330533266 0.003629255 -0.000639794 0.999993205 49.997547150
0.999993324 0.001180368 -0.003466251 1.013695836 -0.001177823 0.999999106 0.000736198 -1.344136477 0.003467116 -0.000732110 0.999993742 50.544399261
0.999991417 0.001145043 -0.003985384 1.025795937 -0.001141132 0.999998987 0.000983241 -1.364071369 0.003986506 -0.000978685 0.999991536 51.079669952
0.999990344 0.001223646 -0.004239881 1.041842699 -0.001217053 0.999998152 0.001557341 -1.382966757 0.004241779 -0.001552166 0.999989867 51.620567322
0.999989450 0.001352086 -0.004394728 1.053458095 -0.001347215 0.999998391 0.001111010 -1.394721031 0.004396223 -0.001105078 0.999989748 52.173309326
0.999992311 0.000755231 -0.003868189 1.061650872 -0.000751476 0.999999225 0.000972155 -1.407454133 0.003868921 -0.000969241 0.999992073 52.717220306
0.999991894 0.001140592 -0.003868292 1.067310691 -0.001136890 0.999998868 0.000959340 -1.424023032 0.003869382 -0.000954935 0.999992013 53.270320892
0.999991775 0.000666499 -0.003991487 1.077567577 -0.000662501 0.999999404 0.001003143 -1.440399289 0.003992153 -0.001000491 0.999991477 53.807117462
0.999993324 0.001402791 -0.003362146 1.083591223 -0.001400094 0.999998748 0.000804298 -1.452282906 0.003363269 -0.000799585 0.999993980 54.361080170
0.999992847 0.001029040 -0.003634108 1.090503573 -0.001025730 0.999999046 0.000912629 -1.468747854 0.003635044 -0.000908895 0.999992967 54.904663086
0.999990880 0.000841386 -0.004175111 1.102666378 -0.000839250 0.999999523 0.000513416 -1.481755376 0.004175541 -0.000509907 0.999991179 55.457187653
0.999992132 0.001254053 -0.003759098 1.111962199 -0.001251284 0.999998927 0.000739139 -1.496918201 0.003760021 -0.000734430 0.999992669 56.004905701
0.999990046 0.001147778 -0.004315712 1.122500777 -0.001144326 0.999999046 0.000802288 -1.508384228 0.004316628 -0.000797341 0.999990344 56.553443909
0.999989748 0.000905457 -0.004440972 1.143653870 -0.000903202 0.999999523 0.000509827 -1.530998945 0.004441431 -0.000505811 0.999989986 57.083084106
0.999990821 0.001487980 -0.004042402 1.147950768 -0.001484135 0.999998450 0.000954026 -1.540979862 0.004043815 -0.000948018 0.999991357 57.648284912
0.999991119 0.001179679 -0.004045548 1.147799373 -0.001176798 0.999999106 0.000714339 -1.552608728 0.004046387 -0.000709572 0.999991596 58.214832306
0.999992371 0.001232321 -0.003689681 1.159087777 -0.001231681 0.999999166 0.000175564 -1.567124486 0.003689893 -0.000171018 0.999993145 58.756603241
0.999990523 0.001241646 -0.004166201 1.174361110 -0.001242389 0.999999225 -0.000175868 -1.570146441 0.004165980 0.000181042 0.999991298 59.291355133
0.999989867 0.000991940 -0.004369137 1.186618090 -0.000993185 0.999999464 -0.000282603 -1.587134719 0.004368854 0.000286939 0.999990463 59.835330963
0.999991834 0.001232423 -0.003851706 1.184368134 -0.001234357 0.999999106 -0.000499684 -1.594337702 0.003851086 0.000504434 0.999992430 60.390090942
0.999989986 0.001356599 -0.004248611 1.197632074 -0.001357165 0.999999046 -0.000130197 -1.613042355 0.004248430 0.000135961 0.999990940 60.935985565
0.999991417 0.001181029 -0.003958396 1.203234076 -0.001183567 0.999999106 -0.000638940 -1.620892525 0.003957638 0.000643620 0.999991894 61.475368500
0.999989629 0.001383322 -0.004321192 1.217555285 -0.001385761 0.999998927 -0.000561332 -1.640138745 0.004320411 0.000567314 0.999990463 62.010505676
0.999991238 0.001209577 -0.004011559 1.220506907 -0.001212333 0.999999046 -0.000684675 -1.654168606 0.004010728 0.000689532 0.999991715 62.562904358
0.999992192 0.001715091 -0.003568287 1.225585699 -0.001716454 0.999998510 -0.000379087 -1.674672961 0.003567631 0.000385209 0.999993563 63.110393524
0.999992728 0.001443551 -0.003529387 1.229423285 -0.001445290 0.999998808 -0.000490182 -1.684667110 0.003528676 0.000495279 0.999993622 63.668769836
0.999990702 0.001856065 -0.003889000 1.248034835 -0.001856437 0.999998212 -0.000092076 -1.711965084 0.003888821 0.000099295 0.999992430 64.182044983
0.999992371 0.001820922 -0.003457732 1.250461340 -0.001819745 0.999998271 0.000343484 -1.729296565 0.003458350 -0.000337189 0.999993980 64.727828979
0.999988973 0.002564566 -0.003915485 1.262798548 -0.002564635 0.999996722 -0.000012786 -1.736551404 0.003915438 0.000022828 0.999992311 65.249435425
0.999990106 0.002880160 -0.003374836 1.261807203 -0.002880758 0.999995828 -0.000172453 -1.751396060 0.003374325 0.000182173 0.999994278 65.787567139
0.999992132 0.002117996 -0.003357490 1.279340029 -0.002117549 0.999997735 0.000136495 -1.776027203 0.003357771 -0.000129385 0.999994278 66.346305847
0.999992669 0.002019107 -0.003274970 1.286617041 -0.002018233 0.999997973 0.000270284 -1.788020015 0.003275508 -0.000263672 0.999994576 66.904655457
0.999990642 0.001609722 -0.004029962 1.307040215 -0.001610265 0.999998689 -0.000131401 -1.806437612 0.004029745 0.000137890 0.999991894 67.442535400
0.999975383 -0.005723617 0.004063737 1.307084322 0.005767322 0.999924779 -0.010826141 -1.822226286 -0.004001467 0.010849312 0.999933064 67.984260559
0.999974787 -0.006041293 0.003712518 1.329849482 0.006081228 0.999922752 -0.010841728 -1.848003030 -0.003646733 0.010864032 0.999934316 68.512245178
0.999978840 -0.005467221 0.003532225 1.343040824 0.005508304 0.999916077 -0.011727939 -1.864618063 -0.003467809 0.011747147 0.999924958 69.063858032
0.999952972 -0.007047440 0.006657481 1.322282791 0.007146717 0.999861836 -0.015007993 -1.861378074 -0.006550792 0.015054868 0.999865234 69.597190857
0.999950647 -0.007059820 0.006994960 1.338335514 0.007166110 0.999857485 -0.015288699 -1.881733537 -0.006886029 0.015338073 0.999858677 70.139350891
0.999955416 -0.006479765 0.006863508 1.349117279 0.006581974 0.999866247 -0.014975307 -1.907038450 -0.006765552 0.015019816 0.999864280 70.672782898
0.999745250 -0.015758596 0.016160160 1.329820514 0.016209710 0.999471545 -0.028174885 -1.889019728 -0.015707625 0.028429657 0.999472380 71.213081360
0.999728680 -0.016609710 0.016332792 1.354325175 0.017078748 0.999433219 -0.029010182 -1.917246342 -0.015841685 0.029281253 0.999445677 71.759864807
0.999212563 -0.026310019 0.029696155 1.331510901 0.027652998 0.998569667 -0.045757961 -1.902175784 -0.028449787 0.046543118 0.998511076 72.257446289
0.999215484 -0.026511563 0.029418960 1.363791943 0.027852489 0.998546243 -0.046147585 -1.942337871 -0.028152751 0.046930779 0.998501301 72.800262451
0.998014271 -0.042439997 0.046543196 1.315189600 0.045647003 0.996491015 -0.070155896 -1.904645205 -0.043402463 0.072141148 0.996449590 73.284172058
0.998035669 -0.042550430 0.045982003 1.353564739 0.045743428 0.996442616 -0.070777699 -1.951575041 -0.042806812 0.072742045 0.996431708 73.821098328
0.997675836 -0.031771224 0.060278233 1.288537979 0.036882408 0.995640695 -0.085668691 -1.892889500 -0.057293672 0.087692790 0.994498491 74.288452148
0.996030331 -0.051830534 0.072367772 1.280219555 0.059417088 0.992486894 -0.106955096 -1.881693840 -0.066280514 0.110830411 0.991626680 74.787239075
0.996002138 -0.052119233 0.072548240 1.329112053 0.059717156 0.992481351 -0.106840156 -1.954822063 -0.066434339 0.110745415 0.991625845 75.334480286
0.999996126 0.001684749 -0.002225368 1.453691483 -0.001684335 0.999998510 0.000187521 -2.063279152 0.002225681 -0.000183772 0.999997497 76.163719177
0.999996543 0.002009902 -0.001677320 1.457709908 -0.002009777 0.999997973 0.000076872 -2.075663805 0.001677472 -0.000073501 0.999998629 76.710990906
0.999996901 0.001602313 -0.001902996 1.468061447 -0.001602508 0.999998629 -0.000101402 -2.088937521 0.001902831 0.000104451 0.999998212 77.258361816
0.999996543 0.001377462 -0.002234847 1.482088208 -0.001377910 0.999998927 -0.000199138 -2.101889372 0.002234570 0.000202216 0.999997556 77.804153442
0.999996066 0.001774895 -0.002235261 1.487727046 -0.001774444 0.999998391 0.000204513 -2.122922182 0.002235621 -0.000200546 0.999997497 78.333854675
0.999997497 0.001475632 -0.001740768 1.496461868 -0.001476009 0.999998868 -0.000215069 -2.137497187 0.001740448 0.000217638 0.999998450 78.885742188
0.999996483 0.001990944 -0.001751823 1.508039355 -0.001990845 0.999997973 0.000058380 -2.150399685 0.001751934 -0.000054892 0.999998450 79.428497314
0.999995530 0.002652754 -0.001386083 1.514043331 -0.002653462 0.999996364 -0.000509547 -2.160033464 0.001384725 0.000513222 0.999998868 79.985862732
0.999996006 0.001748285 -0.002209802 1.536389589 -0.001749372 0.999998271 -0.000489839 -2.177421570 0.002208942 0.000493703 0.999997437 80.524055481
0.999997556 0.001834921 -0.001236633 1.548975825 -0.001835058 0.999998271 -0.000110172 -2.193011284 0.001236429 0.000112442 0.999999225 81.075454712
0.999997437 0.002184995 0.000552197 1.554633975 -0.002184760 0.999997437 -0.000427137 -2.204625368 -0.000553129 0.000425930 0.999999821 81.626342773
0.999997318 0.002017764 0.001108285 1.570005774 -0.002017542 0.999997914 -0.000200772 -2.229463816 -0.001108687 0.000198535 0.999999344 82.162818909
0.999994040 0.001797145 0.002941646 1.580072403 -0.001796321 0.999998331 -0.000283226 -2.240910053 -0.002942150 0.000277940 0.999995589 82.700325012
0.999978960 0.001578172 0.006294173 1.601637602 -0.001575014 0.999998629 -0.000506652 -2.255502462 -0.006294964 0.000496728 0.999980032 83.253250122
0.999948561 0.002403760 0.009851524 1.615586519 -0.002403099 0.999997139 -0.000078939 -2.273578644 -0.009851685 0.000055261 0.999951482 83.790191650
0.999907076 0.001570190 0.013540837 1.636761189 -0.001569858 0.999998868 -0.000035102 -2.292074442 -0.013540875 0.000013842 0.999908328 84.336708069
0.999833405 0.002473571 0.018084118 1.656881571 -0.002472653 0.999997079 -0.000073120 -2.303962946 -0.018084243 0.000028392 0.999836445 84.875167847
0.999709785 0.002352068 0.023973227 1.687774181 -0.002360004 0.999997199 0.000302766 -2.325427294 -0.023972446 -0.000359255 0.999712467 85.427375793
0.999559164 0.002293949 0.029604686 1.723181486 -0.002299925 0.999997318 0.000167755 -2.342195034 -0.029604226 -0.000235770 0.999561667 85.968307495
0.999382436 0.002032451 0.035081662 1.762439489 -0.002026166 0.999997973 -0.000214715 -2.354683638 -0.035082027 0.000143501 0.999384403 86.511619568
0.999045491 0.002297954 0.043620743 1.797334909 -0.002316441 0.999997199 0.000373252 -2.374256611 -0.043619767 -0.000473941 0.999048114 87.068824768
0.998663962 0.001324167 0.051659465 1.852353334 -0.001360297 0.999998868 0.000664207 -2.391679049 -0.051658530 -0.000733591 0.998664618 87.615905762
0.998278439 0.002583068 0.058598459 1.891235352 -0.002616660 0.999996424 0.000496532 -2.407374859 -0.058596976 -0.000649009 0.998281538 88.153961182
0.997730553 0.002410883 0.067290664 1.955602169 -0.002437720 0.999996960 0.000316721 -2.423937321 -0.067289695 -0.000480038 0.997733355 88.701118469
0.996981263 0.002187269 0.077612072 2.007577419 -0.002227829 0.999997437 0.000436020 -2.435106754 -0.077610910 -0.000607610 0.996983528 89.235214233
0.996294081 0.002326242 0.085981742 2.069730759 -0.002337449 0.999997258 0.000029670 -2.443945646 -0.085981444 -0.000230538 0.996296704 89.787315369
0.995646179 0.001555461 0.093200557 2.149558544 -0.001575176 0.999998808 0.000137962 -2.464946032 -0.093200222 -0.000284169 0.995647311 90.349060059
0.994484842 0.001783559 0.104865156 2.216373920 -0.001831791 0.999998271 0.000363640 -2.479892492 -0.104864322 -0.000553725 0.994486392 90.883926392
0.993293822 0.001957926 0.115599975 2.293017387 -0.002000283 0.999997973 0.000250413 -2.493102312 -0.115599230 -0.000479966 0.993295848 91.425628662
0.992214799 0.001455564 0.124530092 2.383044243 -0.001518263 0.999998808 0.000408583 -2.507717848 -0.124529332 -0.000594471 0.992215753 91.990592957
0.990734935 0.001511774 0.135801315 2.483603477 -0.001601728 0.999998569 0.000553134 -2.525121212 -0.135800272 -0.000765526 0.990735888 92.542945862
0.989004076 0.001191640 0.147883266 2.592071533 -0.001245191 0.999999166 0.000269533 -2.540327311 -0.147882834 -0.000450712 0.989004791 93.096801758
0.987376273 0.000570481 0.158391118 2.701293945 -0.000715469 0.999999344 0.000858363 -2.561987400 -0.158390552 -0.000960851 0.987376034 93.644432068
0.985557020 0.000712209 0.169343084 2.807056427 -0.000809230 0.999999523 0.000503910 -2.564534903 -0.169342667 -0.000633669 0.985557020 94.178398132
0.983224154 0.000588849 0.182400361 2.934428215 -0.000733457 0.999999404 0.000725350 -2.585154772 -0.182399809 -0.000846965 0.983223975 94.696907043
0.980800569 0.000022941 0.195013106 3.053920746 -0.000116947 0.999999881 0.000470538 -2.595275164 -0.195013046 -0.000484310 0.980800569 95.243003845
0.978720784 -0.000132680 0.205196530 3.179645538 0.000049692 0.999999940 0.000409584 -2.604644299 -0.205196545 -0.000390672 0.978720725 95.777847290
0.975959599 -0.000002021 0.217951193 3.327909470 -0.000154985 0.999999762 0.000703276 -2.623260498 -0.217951149 -0.000720148 0.975959361 96.300010681
0.972835004 -0.000449746 0.231499106 3.477432251 0.000247398 0.999999642 0.000903108 -2.633329868 -0.231499434 -0.000821302 0.972834766 96.835655212
0.969994307 -0.000085766 0.243127555 3.622093201 -0.000118002 0.999999762 0.000823546 -2.647531509 -0.243127570 -0.000827524 0.969993949 97.404762268
0.966938257 -0.000337509 0.255010515 3.788883209 0.000131612 0.999999642 0.000824470 -2.670085192 -0.255010724 -0.000763649 0.966937900 97.927886963
0.963117242 0.000321050 0.269082099 3.951271057 -0.000640997 0.999999225 0.001101173 -2.679084539 -0.269081533 -0.001233040 0.963116586 98.452842712
0.959515154 0.000154743 0.281656802 4.113962173 -0.000494017 0.999999166 0.001133555 -2.690296173 -0.281656444 -0.001226806 0.959514499 98.952552795
0.956170917 -0.001243931 0.292806536 4.312580109 0.000780314 0.999998212 0.001700150 -2.722890854 -0.292808145 -0.001397153 0.956170201 99.516029358
0.951846540 -0.001094949 0.306573033 4.502815247 0.000617292 0.999998510 0.001655008 -2.732927322 -0.306574374 -0.001386068 0.951845765 100.043769836
0.947478116 -0.001281291 0.319818467 4.704774857 0.000904243 0.999998629 0.001327438 -2.749158621 -0.319819778 -0.000968525 0.947477937 100.547714233
0.943584025 -0.001903136 0.331127822 4.907575607 0.001598491 0.999997914 0.001192354 -2.759910345 -0.331129432 -0.000595782 0.943585157 101.065795898
0.938875496 -0.002649164 0.344246536 5.127937317 0.002238045 0.999996245 0.001591615 -2.782013416 -0.344249517 -0.000723889 0.938877881 101.584953308
0.933585763 -0.002261901 0.358346879 5.346536636 0.001852920 0.999997258 0.001484694 -2.798436642 -0.358349234 -0.000722101 0.933587372 102.076309204
0.928607047 -0.002963697 0.371052980 5.564847946 0.002481610 0.999995351 0.001776683 -2.807269096 -0.371056557 -0.000729031 0.928610027 102.596260071
0.923870862 -0.004019933 0.382683307 5.806594849 0.003708885 0.999991894 0.001550551 -2.829363823 -0.382686436 -0.000013181 0.923878312 103.110794067
0.918092489 -0.004395035 0.396341980 6.049453735 0.004039683 0.999990404 0.001731306 -2.847280502 -0.396345705 0.000011596 0.918101370 103.587348938
0.911895216 -0.004742104 0.410395712 6.289417267 0.004537366 0.999988616 0.001472841 -2.851253033 -0.410398036 0.000519039 0.911906362 104.115913391
0.906948030 -0.005484111 0.421206772 6.543243408 0.005298341 0.999984682 0.001611337 -2.870208502 -0.421209097 0.000770298 0.906963170 104.586654663
0.900491357 -0.005131444 0.434843600 6.804294586 0.004799592 0.999986768 0.001861325 -2.880886078 -0.434847444 0.000410965 0.900504053 105.089233398
0.893754959 -0.005639898 0.448519945 7.064960480 0.005428734 0.999983668 0.001756550 -2.895742655 -0.448522598 0.000864970 0.893771052 105.573181152
0.887831807 -0.005921856 0.460130006 7.339359283 0.005582543 0.999982297 0.002098084 -2.913637161 -0.460134298 0.000705950 0.887848973 106.053230286
0.882040679 -0.006668933 0.471126109 7.607822418 0.006516314 0.999976933 0.001955154 -2.922444344 -0.471128255 0.001345480 0.882063746 106.526161194
0.874687374 -0.007113995 0.484635323 7.893798828 0.007131734 0.999972939 0.001807059 -2.934640169 -0.484635025 0.001875679 0.874714375 107.009460449
0.867809713 -0.007847145 0.496834904 8.192001343 0.008025842 0.999966145 0.001775194 -2.946796417 -0.496832073 0.002446987 0.867843211 107.466110229
