1.000000000 0.000000000 0.000000000 0.000000000 0.000000000 1.000000000 0.000000000 0.000000000 0.000000000 0.000000000 1.000000000 0.000000000
1.000000000 0.000030240 0.000136604 -0.003409314 -0.000030212 1.000000000 -0.000206512 0.004508641 -0.000136610 0.000206508 0.999999940 0.004256548
1.000000000 0.000036361 0.000066247 -0.002256485 -0.000036352 1.000000000 -0.000137571 0.002391564 -0.000066252 0.000137568 1.000000000 0.000705713
0.999999940 0.000324246 0.000111504 -0.000130158 -0.000324231 0.999999940 -0.000134262 0.003511704 -0.000111548 0.000134226 1.000000000 -0.001984101
0.999999940 0.000246232 0.000053357 0.002764163 -0.000246227 0.999999940 -0.000080876 0.002069080 -0.000053377 0.000080863 1.000000000 -0.001372020
1.000000000 0.000152332 0.000060060 0.000226033 -0.000152329 1.000000000 -0.000062574 0.002160165 -0.000060070 0.000062565 1.000000000 -0.001279421
1.000000000 0.000131411 0.000133502 -0.002303025 -0.000131398 1.000000000 -0.000100811 0.002198484 -0.000133516 0.000100794 1.000000000 -0.000851193
1.000000000 0.000023238 -0.000003910 0.000797710 -0.000023238 1.000000000 -0.000022937 0.001785887 0.000003909 0.000022937 1.000000000 -0.002409901
1.000000000 0.000067885 0.000168130 -0.005590945 -0.000067858 1.000000000 -0.000160648 0.003897843 -0.000168141 0.000160637 1.000000000 0.004166117
0.999999940 0.000198832 0.000225897 -0.004718906 -0.000198802 1.000000000 -0.000134664 0.002235935 -0.000225923 0.000134619 0.999999940 -0.001378129
0.999999940 0.000213224 0.000213461 -0.003956931 -0.000213190 0.999999940 -0.000159297 0.002105035 -0.000213495 0.000159252 0.999999940 -0.000672149
1.000000000 0.000162060 0.000083392 0.000164154 -0.000162054 1.000000000 -0.000079335 0.002339837 -0.000083405 0.000079322 1.000000000 -0.004796636
1.000000000 0.000116963 0.000203460 -0.005578510 -0.000116953 1.000000000 -0.000050013 0.000560322 -0.000203466 0.000049989 1.000000000 -0.003049577
1.000000000 0.000005892 0.000112878 -0.003117631 -0.000005879 1.000000000 -0.000113507 0.000724258 -0.000112878 0.000113507 1.000000000 -0.001806636
1.000000000 0.000086305 0.000101797 -0.001045103 -0.000086291 1.000000000 -0.000132962 0.002611923 -0.000101809 0.000132953 1.000000000 -0.003417893
1.000000000 -0.000182180 -0.000125707 0.002453766 0.000182176 1.000000000 -0.000031383 0.001065307 0.000125713 0.000031360 1.000000000 -0.006617093
1.000000000 -0.000239696 0.000007027 -0.002198848 0.000239697 0.999999940 -0.000122177 0.000752034 -0.000006997 0.000122178 1.000000000 -0.004675962
1.000000000 -0.000103874 0.000025728 0.000341466 0.000103875 1.000000000 -0.000031588 0.000133896 -0.000025725 0.000031591 1.000000000 -0.007274282
1.000000000 0.000115801 0.000007230 0.000153752 -0.000115801 1.000000000 0.000003253 0.002377255 -0.000007230 -0.000003254 1.000000000 -0.007837305
1.000000000 -0.000081390 -0.000002780 -0.001775865 0.000081390 1.000000000 -0.000033408 -0.000340249 0.000002783 0.000033408 1.000000000 -0.007369836
1.000000000 0.000002864 0.000070287 -0.001045047 -0.000002858 1.000000000 -0.000080282 0.001087668 -0.000070287 0.000080282 1.000000000 -0.007608026
1.000000000 -0.000138371 0.000015317 0.000220414 0.000138371 1.000000000 -0.000022632 -0.000486669 -0.000015314 0.000022635 1.000000000 -0.004051032
1.000000000 0.000132580 0.000169631 -0.006349346 -0.000132544 0.999999940 -0.000207335 0.003506499 -0.000169658 0.000207313 0.999999940 0.003703654
1.000000000 -0.000086648 -0.000079586 0.000704177 0.000086640 1.000000000 -0.000108558 0.000659191 0.000079596 0.000108551 1.000000000 0.000373329
1.000000000 -0.000062925 0.000018823 -0.000920464 0.000062925 1.000000000 -0.000010430 0.002057733 -0.000018822 0.000010431 1.000000000 0.000062772
1.000000000 0.000003190 -0.000044274 0.002300687 -0.000003196 1.000000000 -0.000144217 0.003488963 0.000044273 0.000144217 1.000000000 -0.006802281
1.000000000 -0.000064074 0.000112235 -0.003140593 0.000064092 1.000000000 -0.000161676 0.003469823 -0.000112224 0.000161683 1.000000000 -0.001107919
0.999999940 0.000257384 0.000217261 -0.005438699 -0.000257341 0.999999940 -0.000200695 0.003344313 -0.000217312 0.000200639 0.999999940 0.000228705
1.000000000 0.000030634 0.000120052 -0.003659410 -0.000030630 1.000000000 -0.000031961 0.002293553 -0.000120053 0.000031957 1.000000000 -0.000798481
1.000000000 -0.000191587 0.000015003 -0.004622493 0.000191589 0.999999940 -0.000154774 0.006001029 -0.000014974 0.000154777 1.000000000 0.002530387
1.000000000 -0.000072286 0.000040523 -0.003653500 0.000072290 1.000000000 -0.000092002 0.002533037 -0.000040516 0.000092005 1.000000000 0.000899479
1.000000000 -0.000122920 0.000123718 -0.003895215 0.000122918 1.000000000 0.000018799 0.001357678 -0.000123720 -0.000018784 1.000000000 0.000980509
1.000000000 -0.000185317 0.000081705 -0.005058751 0.000185319 1.000000000 -0.000020389 0.001977716 -0.000081701 0.000020405 1.000000000 -0.001320641
1.000000000 -0.000115916 0.000003025 -0.002683931 0.000115916 1.000000000 0.000000235 0.001812816 -0.000003025 -0.000000235 1.000000000 -0.002897861
1.000000000 0.000083561 0.000058976 -0.003770291 -0.000083553 1.000000000 -0.000142241 0.001459281 -0.000058988 0.000142236 1.000000000 -0.000289221
1.000000000 0.000058565 0.000101007 -0.004570653 -0.000058556 1.000000000 -0.000093375 0.002662262 -0.000101012 0.000093369 1.000000000 0.000077546
1.000000000 -0.000156002 -0.000176975 0.003260285 0.000156026 1.000000000 0.000132773 -0.000524149 0.000176955 -0.000132801 1.000000000 -0.012979010
1.000000000 0.000006838 0.000071019 -0.003819423 -0.000006819 0.999999940 -0.000260730 0.004542365 -0.000071021 0.000260729 0.999999940 0.000854490
1.000000000 -0.000182301 0.000063593 -0.002944856 0.000182303 1.000000000 -0.000025291 0.001857218 -0.000063589 0.000025303 1.000000000 -0.000700475
1.000000000 -0.000048319 -0.000051823 0.001037995 0.000048327 1.000000000 0.000157995 -0.001046024 0.000051815 -0.000157998 1.000000000 -0.008709541
0.999999940 -0.000271699 -0.000135132 0.000171804 0.000271698 0.999999940 -0.000003412 -0.000897421 0.000135133 0.000003376 1.000000000 -0.000580043
1.000000000 0.000052435 0.000087781 0.001970548 -0.000052381 0.999999821 -0.000614092 -0.003925009 -0.000087814 0.000614088 0.999999821 0.049046807
1.000000000 0.000052189 -0.000017069 0.000261752 -0.000052216 0.999998808 -0.001545981 0.001058387 0.000016988 0.001545982 0.999998808 0.148346707
1.000000000 -0.000073519 -0.000089637 0.004996881 0.000073381 0.999998808 -0.001537455 -0.007978691 0.000089750 0.001537449 0.999998808 0.263871461
1.000000000 -0.000196038 0.000030098 0.002327191 0.000196080 0.999998987 -0.001396232 -0.012287769 -0.000029824 0.001396238 0.999999046 0.395787388
1.000000000 0.000014843 -0.000103163 0.004649524 -0.000014965 0.999999285 -0.001187766 -0.017569942 0.000103145 0.001187767 0.999999285 0.537626028
1.000000000 -0.000023733 0.000151119 0.006150415 0.000023878 0.999999523 -0.000957886 -0.031399839 -0.000151097 0.000957889 0.999999523 0.680406809
0.999999881 -0.000436272 -0.000036233 0.019244675 0.000436250 0.999999702 -0.000594960 -0.031170227 0.000036493 0.000594944 0.999999821 0.850319743
0.999999940 -0.000219702 -0.000196147 0.023781868 0.000219584 0.999999821 -0.000602490 -0.036797740 0.000196280 0.000602447 0.999999821 1.030911684
0.999999940 -0.000142279 0.000238662 0.014490243 0.000142472 0.999999642 -0.000807456 -0.036613837 -0.000238547 0.000807490 0.999999642 1.212273479
1.000000000 -0.000105937 -0.000014480 0.030000841 0.000105928 0.999999821 -0.000600812 -0.047121685 0.000014543 0.000600810 0.999999821 1.415909648
0.999999583 -0.000546184 -0.000731882 0.043321561 0.000545980 0.999999821 -0.000279605 -0.057158839 0.000732034 0.000279205 0.999999702 1.611431599
0.999992132 0.001004916 0.003844119 -0.051210210 -0.001004876 0.999999523 -0.000012386 -0.070999824 -0.003844130 0.000008524 0.999992549 1.808932900
0.999992013 0.000739494 0.003925180 -0.045014858 -0.000740048 0.999999702 0.000139814 -0.076255426 -0.003925076 -0.000142718 0.999992251 2.015941620
0.999995530 0.000636356 0.002929276 -0.025050377 -0.000636564 0.999999762 0.000070141 -0.085981876 -0.002929231 -0.000072005 0.999995708 2.250422478
0.999995768 0.000776364 0.002797631 -0.018138593 -0.000777209 0.999999702 0.000301311 -0.092041351 -0.002797396 -0.000303484 0.999996066 2.470370770
0.999994814 0.001035281 0.003068473 -0.023278188 -0.001036326 0.999999523 0.000339248 -0.098407730 -0.003068120 -0.000342426 0.999995291 2.705921888
0.999992192 0.001597018 0.003622675 -0.021075308 -0.001599102 0.999998569 0.000572463 -0.107292019 -0.003621755 -0.000578251 0.999993265 2.937861681
0.999993622 0.001097972 0.003391515 -0.011076263 -0.001100102 0.999999166 0.000626329 -0.120581679 -0.003390825 -0.000630056 0.999994040 3.174565554
0.999998450 -0.001109449 0.001356287 0.015314737 0.001107317 0.999998152 0.001571800 -0.138535917 -0.001358028 -0.001570296 0.999997854 3.522986412
0.999998450 -0.001018810 0.001423902 0.024864059 0.001016601 0.999998331 0.001551139 -0.144166172 -0.001425480 -0.001549689 0.999997795 3.793781519
0.999998629 -0.000614864 0.001551445 0.023672586 0.000612375 0.999998510 0.001604049 -0.150095418 -0.001552429 -0.001603097 0.999997556 4.034197330
0.999998868 -0.000678542 0.001310536 0.043739591 0.000676194 0.999998152 0.001791123 -0.157063112 -0.001311749 -0.001790234 0.999997556 4.306173325
0.999998093 -0.000043436 0.001931020 0.021094784 0.000039351 0.999997735 0.002115452 -0.164439410 -0.001931108 -0.002115372 0.999995947 4.525037289
0.999996483 -0.002620216 -0.000466464 0.063026629 0.002621613 0.999992013 0.003021947 -0.195024490 0.000458542 -0.003023159 0.999995351 4.932818890
0.999996603 -0.002591151 -0.000277454 0.069642030 0.002592055 0.999991119 0.003311110 -0.204916731 0.000268871 -0.003311818 0.999994516 5.187018871
0.999997258 -0.002352740 -0.000198130 0.073948532 0.002353340 0.999992549 0.003088303 -0.203595951 0.000190863 -0.003088761 0.999995232 5.444164276
0.999994159 -0.003336974 -0.000728128 0.086859904 0.003339269 0.999989331 0.003174155 -0.214666516 0.000717528 -0.003176568 0.999994695 5.706493855
0.999994218 -0.003393131 -0.000318323 0.077446796 0.003394068 0.999989748 0.002992855 -0.248958439 0.000308165 -0.002993918 0.999995410 6.052576065
0.999993861 -0.003479612 -0.000465448 0.085907258 0.003480976 0.999989569 0.002961866 -0.254990876 0.000455137 -0.002963468 0.999995530 6.317467213
0.999996662 -0.002574497 -0.000048140 0.086608730 0.002574629 0.999992132 0.002985649 -0.263432771 0.000040453 -0.002985763 0.999995589 6.599196434
0.999994576 -0.003304720 0.000020158 0.090449780 0.003304638 0.999989390 0.003212404 -0.275724351 -0.000030774 -0.003212321 0.999994874 6.874878407
0.999993205 -0.003666157 -0.000384027 0.098369882 0.003667424 0.999987543 0.003350744 -0.294857085 0.000371738 -0.003352130 0.999994338 7.166772366
0.999995530 -0.002975704 0.000324178 0.097711615 0.002974698 0.999990940 0.003061248 -0.282586575 -0.000333284 -0.003060270 0.999995291 7.479870796
0.999996901 -0.001674219 0.001814688 0.080159783 0.001669277 0.999994814 0.002721405 -0.299681664 -0.001819235 -0.002718368 0.999994636 7.837697029
0.999996305 -0.002305567 0.001441388 0.097185150 0.002301614 0.999993563 0.002738075 -0.313656479 -0.001447692 -0.002734748 0.999995232 8.142387390
0.999996722 -0.002122886 0.001428011 0.109058797 0.002118398 0.999992728 0.003137368 -0.323013574 -0.001434661 -0.003134332 0.999994099 8.465586662
0.999997258 -0.001852946 0.001434839 0.103264421 0.001848625 0.999993742 0.003006550 -0.324983358 -0.001440401 -0.003003890 0.999994457 8.782491684
0.999996781 -0.001976322 0.001574974 0.110023744 0.001971525 0.999993384 0.003041533 -0.332042456 -0.001580975 -0.003038418 0.999994159 9.108035088
0.999995410 -0.002148794 0.002128101 0.082334489 0.002141655 0.999992192 0.003351047 -0.365322381 -0.002135284 -0.003346474 0.999992132 9.513721466
0.999995410 -0.002066217 0.002209015 0.092749201 0.002059085 0.999992669 0.003225739 -0.373779863 -0.002215664 -0.003221176 0.999992371 9.855035782
0.999993682 -0.003041639 0.001828661 0.112135723 0.003035274 0.999989390 0.003473127 -0.387109011 -0.001839206 -0.003467555 0.999992311 10.206790924
0.999995053 -0.002432768 0.001990730 0.115096428 0.002425772 0.999990880 0.003509213 -0.390865624 -0.001999249 -0.003504367 0.999991834 10.538608551
0.999995351 -0.002657090 0.001518569 0.136505827 0.002651914 0.999990702 0.003400105 -0.394470006 -0.001527589 -0.003396061 0.999993086 10.894229889
0.999994278 -0.003044209 0.001486038 0.140461832 0.003038443 0.999987960 0.003866840 -0.406649441 -0.001497791 -0.003862303 0.999991417 11.266780853
0.999992013 -0.003631277 0.001608237 0.140348554 0.003624729 0.999985158 0.004056217 -0.411537498 -0.001622942 -0.004050355 0.999990523 11.570305824
0.999994159 -0.002625627 0.002247255 0.132837817 0.002616167 0.999987721 0.004202114 -0.456134856 -0.002258261 -0.004196210 0.999988675 12.140562057
0.999993384 -0.003146203 0.001845598 0.148876593 0.003139144 0.999987781 0.003814892 -0.458071649 -0.001857578 -0.003809073 0.999991000 12.531723976
0.999993026 -0.003349461 0.001701675 0.162841871 0.003342159 0.999985278 0.004275791 -0.473322868 -0.001715972 -0.004270074 0.999989390 12.920498848
0.999995410 -0.001585276 0.002583925 0.154473796 0.001574058 0.999989331 0.004337754 -0.480177909 -0.002590774 -0.004333667 0.999987304 13.281782150
0.999993861 -0.002870869 0.002026812 0.176071614 0.002861891 0.999986172 0.004418714 -0.491538107 -0.002039469 -0.004412887 0.999988198 13.669239044
0.999991775 -0.003658673 0.001776181 0.194265902 0.003650118 0.999981880 0.004795710 -0.509996176 -0.001793694 -0.004789188 0.999986887 14.065109253
0.999994695 -0.001597135 0.002828840 0.194430441 0.001584199 0.999988258 0.004569052 -0.524820447 -0.002836105 -0.004564547 0.999985516 14.481478691
0.999993861 -0.001542636 0.003131548 0.189863652 0.001526038 0.999984801 0.005295878 -0.551613390 -0.003139670 -0.005291067 0.999981046 15.006749153
0.999990821 -0.002880738 0.003168329 0.202357069 0.002864140 0.999982238 0.005230771 -0.568369031 -0.003183341 -0.005221650 0.999981284 15.433964729
0.999990284 -0.003199442 0.003046032 0.214691833 0.003182746 0.999979973 0.005470303 -0.575215101 -0.003063473 -0.005460556 0.999980330 15.846707344
0.999990046 -0.002957118 0.003336478 0.225886136 0.002939370 0.999981582 0.005311897 -0.582966089 -0.003352124 -0.005302036 0.999980271 16.265357971
0.999988377 -0.002821602 0.003916871 0.244748890 0.002799657 0.999980330 0.005596852 -0.603444219 -0.003932586 -0.005585821 0.999976635 16.680021286
0.999988675 -0.000918308 0.004667999 0.228323668 0.000892126 0.999983788 0.005607949 -0.602417946 -0.004673074 -0.005603722 0.999973357 17.187282562
0.999986827 -0.001390949 0.004950892 0.229102969 0.001361415 0.999981225 0.005963935 -0.615717113 -0.004959095 -0.005957116 0.999969900 17.557029724
0.999985397 -0.003761684 0.003870785 0.264283419 0.003740665 0.999978244 0.005423056 -0.658268511 -0.003891100 -0.005408499 0.999977827 18.073104858
0.999986887 -0.003131657 0.004055948 0.275794268 0.003109237 0.999979913 0.005522285 -0.668801308 -0.004073160 -0.005509601 0.999976575 18.531791687
0.999984503 -0.003628327 0.004222867 0.285569102 0.003605383 0.999978781 0.005428317 -0.678355277 -0.004242473 -0.005413008 0.999976397 19.014600754
0.999980748 -0.004058765 0.004707259 0.301806867 0.004032741 0.999976635 0.005524945 -0.688467324 -0.004729572 -0.005505855 0.999973655 19.471183777
0.999983072 -0.003913905 0.004317013 0.326421618 0.003886982 0.999973059 0.006227413 -0.710396409 -0.004341270 -0.006210527 0.999971330 19.941745758
0.999980748 -0.004351973 0.004416351 0.339359522 0.004323073 0.999969304 0.006532379 -0.721670270 -0.004444645 -0.006513162 0.999968946 20.431838989
0.999985635 -0.003068706 0.004397012 0.334809273 0.003039186 0.999972880 0.006704647 -0.744470000 -0.004417467 -0.006691188 0.999967873 20.923870087
0.999986291 -0.002502273 0.004598793 0.333719075 0.002472085 0.999975443 0.006558327 -0.752249241 -0.004615090 -0.006546868 0.999967992 21.435356140
0.999984980 -0.002023651 0.005091660 0.331962645 0.001987880 0.999973357 0.007020723 -0.769090056 -0.005105732 -0.007010496 0.999962389 21.944013596
0.999987245 -0.002323968 0.004458247 0.352225631 0.002294411 0.999975443 0.006623386 -0.795656383 -0.004473531 -0.006613074 0.999968171 22.461572647
0.999986589 -0.003529503 0.003772148 0.332579523 0.003502180 0.999967754 0.007225391 -0.811702430 -0.003797529 -0.007212084 0.999966741 22.888961792
0.999987185 -0.003442161 0.003695092 0.336618870 0.003414751 0.999966800 0.007398760 -0.826269865 -0.003720437 -0.007386048 0.999965787 23.423410416
0.999987841 -0.003593754 0.003389486 0.336223215 0.003568059 0.999965072 0.007556715 -0.840201497 -0.003416524 -0.007544528 0.999965727 23.953096390
0.999990582 -0.001741115 0.003981468 0.314518511 0.001709356 0.999966800 0.007966138 -0.866017044 -0.003995206 -0.007959258 0.999960363 24.448625565
0.999985099 -0.005210444 0.001629666 0.344217181 0.005197198 0.999954164 0.008030122 -0.889040291 -0.001671432 -0.008021532 0.999966443 24.893590927
0.999989808 -0.004407607 0.000969448 0.353863895 0.004399853 0.999959350 0.007859924 -0.892632365 -0.001004051 -0.007855577 0.999968648 25.430643082
0.999988973 -0.004621611 0.000791143 0.375211000 0.004615038 0.999956310 0.008119202 -0.903751194 -0.000828632 -0.008115462 0.999966741 25.968961716
0.999995828 -0.002873607 0.000335326 0.350412905 0.002870656 0.999959767 0.008494193 -0.929276466 -0.000359722 -0.008493194 0.999963880 26.464498520
0.999986768 -0.005089283 -0.000624320 0.366130531 0.005094513 0.999949276 0.008681606 -0.942927480 0.000580106 -0.008684671 0.999962091 26.902128220
0.999988496 -0.004699959 -0.000926051 0.375021458 0.004708264 0.999946773 0.009178473 -0.947912991 0.000882863 -0.009182726 0.999957442 27.444688797
0.999985993 -0.005087027 -0.001402475 0.393400878 0.005099564 0.999945760 0.009086078 -0.973591447 0.001356178 -0.009093103 0.999957681 27.988010406
0.999988675 -0.004330642 -0.001957734 0.429915816 0.004349305 0.999944210 0.009631185 -0.992029011 0.001915915 -0.009639590 0.999951661 28.523193359
0.999987364 -0.004350301 -0.002501093 0.438642740 0.004373706 0.999945939 0.009429817 -0.984607518 0.002459935 -0.009440636 0.999952376 29.057090759
0.999989688 -0.003928612 -0.002280521 0.423716366 0.003948758 0.999952674 0.008897678 -0.997383833 0.002245457 -0.008906590 0.999957740 29.581182480
0.999984205 -0.004891143 -0.002774778 0.415927917 0.004919589 0.999934435 0.010339155 -1.044813991 0.002724026 -0.010352642 0.999942720 29.980289459
0.999983907 -0.004949074 -0.002766997 0.423464656 0.004978152 0.999931395 0.010602632 -1.054372549 0.002714335 -0.010616237 0.999940038 30.523822784
0.999984562 -0.004417918 -0.003377707 0.447103977 0.004451049 0.999941349 0.009865112 -1.076061964 0.003333926 -0.009879993 0.999945700 31.060668945
0.999982536 -0.004860569 -0.003357165 0.471768141 0.004897464 0.999926746 0.011070414 -1.097570181 0.003303111 -0.011086662 0.999933124 31.604124069
0.999983609 -0.004217793 -0.003871413 0.459519535 0.004263283 0.999921024 0.011818089 -1.157455444 0.003821261 -0.011834397 0.999922693 32.040840149
0.999979138 -0.004598571 -0.004540554 0.474068463 0.004652489 0.999917924 0.011936586 -1.174041033 0.004485290 -0.011957462 0.999918461 32.573871613
0.999980927 -0.004493051 -0.004241111 0.474498093 0.004540717 0.999925911 0.011297151 -1.165136456 0.004190038 -0.011316190 0.999927223 33.091140747
0.999988079 -0.003010258 -0.003860279 0.448206067 0.003054437 0.999929249 0.011490279 -1.192812204 0.003825417 -0.011501932 0.999926507 33.583671570
0.999987304 -0.003419687 -0.003687564 0.443239450 0.003462887 0.999924719 0.011773029 -1.182791948 0.003647027 -0.011785649 0.999923944 34.187156677
0.999972939 -0.005517270 -0.004848046 0.454392672 0.005579005 0.999902248 0.012814037 -1.236349821 0.004776875 -0.012840739 0.999906063 34.595642090
0.999976635 -0.005175948 -0.004462337 0.448291391 0.005234092 0.999900222 0.013118397 -1.241987467 0.004393992 -0.013141448 0.999903977 35.112598419
0.999970734 -0.005280487 -0.005539105 0.467376590 0.005348769 0.999908924 0.012385518 -1.250401735 0.005473199 -0.012414783 0.999907911 35.651321411
0.999986470 -0.002895218 -0.004316588 0.439520597 0.002948844 0.999917924 0.012469160 -1.272058368 0.004280134 -0.012481720 0.999912918 36.237079620
0.999984562 -0.003411063 -0.004386603 0.423707962 0.003465651 0.999915898 0.012497396 -1.279544234 0.004343604 -0.012512408 0.999912322 36.852859497
0.999983013 -0.003616535 -0.004560220 0.450205922 0.003675457 0.999908984 0.012979278 -1.290030837 0.004512865 -0.012995819 0.999905348 37.171730042
0.999978662 -0.004446482 -0.004794465 0.461870372 0.004507241 0.999908686 0.012737393 -1.296864152 0.004737391 -0.012758730 0.999907374 37.723224640
0.999983847 -0.003704296 -0.004316546 0.460581750 0.003761875 0.999903023 0.013408205 -1.319196224 0.004266459 -0.013424223 0.999900699 38.245090485
0.999982893 -0.003840202 -0.004411222 0.461648107 0.003898446 0.999904275 0.013271702 -1.330398798 0.004359834 -0.013288670 0.999902129 38.788925171
0.999982595 -0.003744351 -0.004564705 0.467871249 0.003805366 0.999902487 0.013432018 -1.332654953 0.004513966 -0.013449154 0.999899328 39.336189270
0.999984324 -0.004017629 -0.003902624 0.442674279 0.004069700 0.999901533 0.013427305 -1.339773893 0.003848295 -0.013442977 0.999902189 39.885505676
0.999973595 -0.005625181 -0.004605466 0.457391560 0.005694158 0.999869764 0.015103601 -1.370640755 0.004519904 -0.015129426 0.999875307 40.411304474
0.999962449 -0.006331029 -0.005914388 0.508664370 0.006418387 0.999868810 0.014869941 -1.402398348 0.005819470 -0.014907343 0.999871910 40.818527222
0.999971926 -0.004858916 -0.005708486 0.517958760 0.004940897 0.999883592 0.014435989 -1.396181345 0.005637679 -0.014463789 0.999879539 41.360401154
0.999967813 -0.005589126 -0.005751456 0.528373599 0.005676035 0.999868274 0.015207095 -1.416609526 0.005665704 -0.015239251 0.999867857 41.906833649
0.999972701 -0.004700139 -0.005700770 0.544369578 0.004781796 0.999884903 0.014395826 -1.406115532 0.005632453 -0.014422693 0.999880075 42.461158752
0.999955118 -0.006521782 -0.006869077 0.565296173 0.006625998 0.999861479 0.015260024 -1.417406201 0.006768604 -0.015304854 0.999859989 43.030693054
0.999970436 -0.004521220 -0.006211266 0.565258622 0.004610667 0.999884725 0.014462556 -1.429644823 0.006145162 -0.014490767 0.999876082 43.579128265
0.999970198 -0.004107979 -0.006535728 0.587143123 0.004199381 0.999892652 0.014033231 -1.395373106 0.006477378 -0.014060260 0.999880135 44.083801270
0.999952555 -0.006846706 -0.006929173 0.557788730 0.006956587 0.999848425 0.015959840 -1.465135813 0.006818849 -0.016007287 0.999848545 44.480167389
0.999955237 -0.006718786 -0.006671005 0.559587121 0.006825462 0.999847054 0.016098937 -1.477852821 0.006561821 -0.016143743 0.999848068 45.024250031
0.999947250 -0.007250844 -0.007274391 0.574533224 0.007368451 0.999840438 0.016272957 -1.479514837 0.007155237 -0.016325699 0.999841094 45.551143646
0.999950469 -0.007013987 -0.007060415 0.580204487 0.007130825 0.999835730 0.016661596 -1.492156506 0.006942390 -0.016711114 0.999836206 46.060569763
0.999964714 -0.006091401 -0.005798129 0.540706873 0.006184116 0.999851048 0.016109193 -1.501767159 0.005699139 -0.016144479 0.999853432 46.657402039
0.999959588 -0.006424649 -0.006288212 0.581760883 0.006530754 0.999834001 0.017001020 -1.525915384 0.006177943 -0.017041398 0.999835670 47.135059357
0.999954104 -0.006648652 -0.006885392 0.534328699 0.006769820 0.999819934 0.017726632 -1.564694643 0.006766294 -0.017772434 0.999819100 47.645141602
0.999951482 -0.007136491 -0.006779902 0.542337894 0.007258358 0.999809384 0.018123636 -1.579423904 0.006649270 -0.018171970 0.999812722 48.183853149
0.999957740 -0.006542770 -0.006451943 0.543291330 0.006659106 0.999812603 0.018177651 -1.586960554 0.006331803 -0.018219847 0.999813914 48.731510162
0.999960184 -0.006167295 -0.006448493 0.556217909 0.006283949 0.999814034 0.018229162 -1.583375812 0.006334869 -0.018268958 0.999813020 49.297370911
0.999957681 -0.006278252 -0.006715951 0.547632456 0.006404112 0.999801040 0.018886063 -1.606818318 0.006596043 -0.018928276 0.999799073 49.857948303
0.999966562 -0.005411823 -0.006131893 0.531321645 0.005526816 0.999806225 0.018894119 -1.609173059 0.006028452 -0.018927373 0.999802649 50.409702301
0.999954224 -0.006760363 -0.006765767 0.557541370 0.006888231 0.999794662 0.019058052 -1.620788336 0.006635537 -0.019103786 0.999795616 50.775051117
0.999950409 -0.007240484 -0.006844865 0.557021320 0.007374062 0.999778867 0.019695692 -1.632180810 0.006700745 -0.019745186 0.999782681 51.317958832
0.999955595 -0.006623615 -0.006708947 0.574994564 0.006750067 0.999796629 0.019004313 -1.627813578 0.006581705 -0.019048756 0.999796927 51.859004974
0.999953866 -0.006875866 -0.006710261 0.586604834 0.007001191 0.999798059 0.018835358 -1.626046181 0.006579397 -0.018881466 0.999800146 52.418079376
0.999959350 -0.006449545 -0.006305933 0.565889597 0.006570971 0.999789715 0.019428499 -1.651047230 0.006179301 -0.019469144 0.999791443 52.933593750
0.999956906 -0.007014466 -0.006084126 0.533643723 0.007134862 0.999774516 0.019997807 -1.689039588 0.005942480 -0.020040350 0.999781609 53.382942200
0.999960721 -0.006484351 -0.006055963 0.533638120 0.006601852 0.999786258 0.019588424 -1.689707160 0.005927649 -0.019627633 0.999789834 53.933574677
0.999959826 -0.006337655 -0.006346225 0.549120307 0.006463495 0.999778986 0.020009018 -1.701182961 0.006218011 -0.020049227 0.999779642 54.489730835
0.999956012 -0.006573900 -0.006696573 0.557042003 0.006700719 0.999795258 0.019095019 -1.685650229 0.006569671 -0.019139046 0.999795198 55.039497375
0.999954462 -0.006820462 -0.006686495 0.573601604 0.006954557 0.999770939 0.020240968 -1.697569132 0.006546910 -0.020286543 0.999772787 55.553024292
0.999962211 -0.006305652 -0.005985464 0.535986483 0.006428800 0.999763310 0.020783281 -1.727524877 0.005852995 -0.020820975 0.999766111 55.960891724
0.999961376 -0.006237503 -0.006202232 0.546559691 0.006367953 0.999754071 0.021240337 -1.734123349 0.006068220 -0.021279007 0.999755204 56.485206604
0.999964535 -0.006000455 -0.005893927 0.554294229 0.006120482 0.999769688 0.020561982 -1.740098238 0.005769191 -0.020597328 0.999771237 57.060420990
0.999964476 -0.006244706 -0.005656804 0.565845788 0.006363183 0.999755502 0.021174040 -1.751134515 0.005523197 -0.021209287 0.999759853 57.629482269
0.999972701 -0.005227640 -0.005221691 0.564522624 0.005337819 0.999758601 0.021313936 -1.741655350 0.005109009 -0.021341225 0.999759316 58.172004700
0.999959409 -0.006622850 -0.006132969 0.548394680 0.006755227 0.999739051 0.021821236 -1.784027100 0.005986850 -0.021861779 0.999743223 58.489913940
0.999969423 -0.005715314 -0.005353915 0.559317350 0.005831305 0.999743104 0.021905776 -1.792043209 0.005227339 -0.021936325 0.999745727 59.038291931
0.999960959 -0.006578447 -0.005904336 0.554958463 0.006703247 0.999749124 0.021372128 -1.784306169 0.005762259 -0.021410871 0.999754250 59.559520721
0.999960721 -0.006783457 -0.005708124 0.578032196 0.006905239 0.999743044 0.021592729 -1.785350204 0.005560185 -0.021631297 0.999750555 60.131706238
0.999962807 -0.005962971 -0.006229830 0.664435983 0.006097162 0.999744952 0.021747865 -1.799106479 0.006098559 -0.021785041 0.999744117 60.616275787
0.999969006 -0.005756246 -0.005367122 0.565448880 0.005876119 0.999727488 0.022592939 -1.818884730 0.005235609 -0.022623777 0.999730349 61.039756775
0.999970376 -0.005850209 -0.004987855 0.575395465 0.005962121 0.999724030 0.022725467 -1.825569510 0.004853530 -0.022754531 0.999729335 61.567291260
0.999975324 -0.005082874 -0.004861501 0.571392655 0.005192877 0.999724567 0.022889020 -1.829870343 0.004743820 -0.022913702 0.999726117 62.084831238
0.999973595 -0.005333652 -0.004930017 0.579155982 0.005442045 0.999737799 0.022240935 -1.829293013 0.004810099 -0.022267178 0.999740481 62.655761719
0.999975622 -0.005350013 -0.004493645 0.568385243 0.005450710 0.999727428 0.022703502 -1.850384116 0.004370957 -0.022727441 0.999732137 63.209144592
0.999962568 -0.006665952 -0.005518846 0.579291463 0.006792329 0.999707639 0.023206109 -1.864442825 0.005362542 -0.023242727 0.999715447 63.630134583
0.999962151 -0.006270943 -0.006035030 0.599590063 0.006405850 0.999724090 0.022600597 -1.866348624 0.005891638 -0.022638401 0.999726355 64.178192139
0.999962270 -0.006766090 -0.005457673 0.618000269 0.006883573 0.999738634 0.021802671 -1.856541157 0.005308726 -0.021839418 0.999747336 64.747467041
0.999964297 -0.006365608 -0.005562822 0.668392777 0.006486751 0.999736130 0.022037396 -1.817246437 0.005421072 -0.022072695 0.999741673 65.197410583
0.999958277 -0.006932470 -0.005939352 0.632694006 0.007070961 0.999695957 0.023622848 -1.881600261 0.005773781 -0.023663864 0.999703228 65.686882019
0.999964893 -0.006402847 -0.005414783 0.628116131 0.006527071 0.999708593 0.023243843 -1.881999493 0.005264378 -0.023278367 0.999715149 66.252288818
0.999960780 -0.007069954 -0.005327048 0.620633066 0.007191413 0.999706447 0.023137074 -1.877315998 0.005161907 -0.023174476 0.999718130 66.798370361
0.999954283 -0.007524919 -0.005900202 0.658750415 0.007659422 0.999703467 0.023115115 -1.881969452 0.005724514 -0.023159252 0.999715388 67.365272522
0.999967873 -0.006172339 -0.005140041 0.629422009 0.006293161 0.999696136 0.023831306 -1.900418997 0.004991383 -0.023862882 0.999702752 67.805931091
0.999973059 -0.005488351 -0.004888221 0.650749803 0.005604616 0.999693871 0.024097366 -1.916041851 0.004754470 -0.024124112 0.999697566 68.330543518
0.999965072 -0.006553278 -0.005188345 0.658855855 0.006676949 0.999685168 0.024188913 -1.913000822 0.005028194 -0.024222711 0.999693930 68.889961243
0.999962986 -0.006589795 -0.005524351 0.682145834 0.006724275 0.999672532 0.024688549 -1.927062392 0.005359849 -0.024724783 0.999679923 69.423637390
0.999963999 -0.006595031 -0.005339013 0.679986596 0.006720767 0.999692082 0.023885194 -1.916338801 0.005179846 -0.023920214 0.999700427 69.931114197
0.999965072 -0.006561592 -0.005182586 0.672442913 0.006685373 0.999683857 0.024239432 -1.923718095 0.005021897 -0.024273232 0.999692857 70.387336731
0.999966979 -0.006326136 -0.005102861 0.682015240 0.006448605 0.999682665 0.024351839 -1.932265282 0.004947188 -0.024383942 0.999690413 70.937286377
0.999967635 -0.005856273 -0.005520500 0.695542336 0.005986867 0.999695361 0.023944411 -1.932859063 0.005378593 -0.023976684 0.999698043 71.501495361
0.999956012 -0.007220381 -0.005991004 0.696424961 0.007361066 0.999689579 0.023802685 -1.928110003 0.005817281 -0.023845734 0.999698699 72.063987732
0.999958634 -0.006929605 -0.005901526 0.718265057 0.007069713 0.999685585 0.024060538 -1.929691076 0.005732939 -0.024101263 0.999693036 72.693443298
0.999960840 -0.007171853 -0.005174397 0.712828994 0.007297829 0.999666989 0.024752393 -1.944656134 0.004995150 -0.024789190 0.999680221 72.978752136
0.999963343 -0.006638714 -0.005408326 0.723329067 0.006769291 0.999677062 0.024494199 -1.946790576 0.005243969 -0.024529913 0.999685347 73.521018982
0.999960601 -0.006817175 -0.005692142 0.710784554 0.006956513 0.999667466 0.024828993 -1.948618770 0.005520987 -0.024867609 0.999675512 74.056884766
0.999955237 -0.007354481 -0.005964922 0.759492755 0.007501585 0.999658644 0.025025930 -1.961249590 0.005778833 -0.025069552 0.999669015 74.578407288
0.999965012 -0.006390715 -0.005383032 0.759162903 0.006526234 0.999652267 0.025545439 -1.982787848 0.005217908 -0.025579676 0.999659121 75.058631897
0.999954462 -0.007374056 -0.006058919 0.792585850 0.007526436 0.999645889 0.025524298 -1.994707346 0.005868556 -0.025568737 0.999655843 75.517631531
0.999952555 -0.007496041 -0.006225976 0.796792150 0.007653574 0.999640942 0.025676465 -1.988132000 0.006031267 -0.025722895 0.999650955 76.085876465
0.999956250 -0.007217721 -0.005955252 0.777186632 0.007364870 0.999658585 0.025068725 -1.983403921 0.005772282 -0.025111485 0.999668002 76.688102722
0.999945283 -0.008232580 -0.006448404 0.820202053 0.008392752 0.999646723 0.025218945 -1.972192287 0.006238509 -0.025271682 0.999661148 77.164932251
0.999955237 -0.007454297 -0.005818812 0.768703282 0.007598421 0.999654710 0.025152672 -1.960008621 0.005629307 -0.025195759 0.999666691 77.802764893
0.999954104 -0.007730486 -0.005652892 0.802519083 0.007872463 0.999642789 0.025540812 -2.003256798 0.005453431 -0.025584143 0.999657810 78.363700867
0.999976456 -0.005783959 -0.003671475 0.783271015 0.005876791 0.999649823 0.025798663 -2.017659187 0.003520973 -0.025819633 0.999660432 78.674087524
0.999983311 -0.005562571 -0.001598959 0.783196867 0.005601328 0.999662876 0.025353026 -2.022021294 0.001457392 -0.025361557 0.999677360 79.244155884
0.999985039 -0.005352689 -0.001156200 0.804235578 0.005380857 0.999649644 0.025914550 -2.028901577 0.001017082 -0.025920380 0.999663532 79.815093994
0.999981642 -0.006048849 0.000131018 0.795704067 0.006043349 0.999639392 0.026164096 -2.018264532 -0.000289234 -0.026162827 0.999657691 80.334434509
0.999985993 -0.004871774 0.002056253 0.875920177 0.004817356 0.999658346 0.025688510 -2.063574791 -0.002180699 -0.025678243 0.999667883 80.783004761
0.999973059 -0.005199768 0.005194704 0.893229127 0.005062874 0.999648392 0.026027108 -2.023315430 -0.005328215 -0.026000101 0.999647796 81.408401489
0.999932110 -0.004707425 0.010657148 0.785235703 0.004419498 0.999628961 0.026881499 -2.042428255 -0.010779735 -0.026832575 0.999581814 81.841857910
0.999892294 -0.004288229 0.014038922 0.836479902 0.003917811 0.999646246 0.026307050 -2.044352770 -0.014146768 -0.026249213 0.999555349 82.393424988
0.999782264 -0.004440563 0.020391170 0.847690165 0.003908848 0.999653220 0.026042044 -2.040175438 -0.020499738 -0.025956664 0.999452829 82.949348450
0.999629676 -0.004278740 0.026872924 0.886456490 0.003588370 0.999663591 0.025686104 -2.033722162 -0.026973788 -0.025580160 0.999308825 83.456108093
0.999438465 -0.004517569 0.033198915 0.903077006 0.003667246 0.999664783 0.025629371 -2.033838511 -0.033303570 -0.025493231 0.999120116 83.973236084
0.999142885 -0.004667227 0.041131265 0.961696625 0.003608463 0.999661148 0.025777861 -2.022734642 -0.041237645 -0.025607344 0.998821139 84.536262512
0.998811722 -0.004730850 0.048504610 1.051927805 0.003491123 0.999665916 0.025611900 -2.004636765 -0.048609570 -0.025412131 0.998494506 85.031211853
0.998390138 -0.004237898 0.056560855 1.003404379 0.002698239 0.999624491 0.027269956 -2.041767359 -0.056655183 -0.027073441 0.998026669 85.584609985
0.997811913 -0.004085476 0.065990247 1.059241295 0.002363017 0.999655008 0.026158696 -2.033546209 -0.066074364 -0.025945524 0.997477233 86.131942749
0.997082233 -0.004196580 0.076219521 1.118661404 0.002204920 0.999654472 0.026195953 -2.033155680 -0.076303124 -0.025951462 0.996746898 86.714576721
0.996301830 -0.004235011 0.085818306 1.163838863 0.001993647 0.999655187 0.026186444 -2.036470652 -0.085899614 -0.025918512 0.995966613 87.297973633
0.995599031 -0.004463952 0.093608715 1.226137638 0.002039490 0.999660432 0.025979647 -2.026499748 -0.093692899 -0.025674399 0.995270073 87.854171753
0.994699478 -0.005197293 0.102693290 1.309280396 0.002481134 0.999644101 0.026559304 -2.036749125 -0.102794759 -0.026163727 0.994358361 88.250671387
0.993566632 -0.006305021 0.113073781 1.401876450 0.003354209 0.999649286 0.026267631 -2.037391186 -0.113199741 -0.025719367 0.993239284 88.776893616
0.992447734 -0.005462171 0.122545987 1.480750084 0.002208093 0.999641716 0.026674036 -2.041879654 -0.122647777 -0.026201997 0.992104232 89.327796936
0.991026759 -0.005730768 0.133540526 1.582515717 0.002173386 0.999639213 0.026769528 -2.037724495 -0.133645743 -0.026239084 0.990681767 89.883193970
0.989293098 -0.005283263 0.145847619 1.649629593 0.001439886 0.999649167 0.026445011 -2.023670435 -0.145936161 -0.025951857 0.988953531 90.438415527
0.987555206 -0.005867315 0.157163531 1.757184982 0.001741835 0.999650538 0.026374485 -2.024468184 -0.157263383 -0.025772508 0.987220287 90.988662720
0.986188352 -0.006681992 0.165493071 1.880988121 0.002432640 0.999662519 0.025866307 -2.022034407 -0.165610030 -0.025106467 0.985871732 91.522903442
0.983951390 -0.007122097 0.178294837 1.994530678 0.002544194 0.999661565 0.025891507 -2.018607378 -0.178418890 -0.025022369 0.983636379 92.070365906
0.981508255 -0.006322243 0.191315129 2.116823196 0.001379548 0.999662101 0.025957527 -2.020623922 -0.191414595 -0.025213597 0.981185317 92.651855469
0.979544759 -0.007349836 0.201091975 2.312261581 0.002347999 0.999682188 0.025100604 -2.013785601 -0.201212540 -0.024115002 0.979250669 93.195915222
0.976429343 -0.005569507 0.215765506 2.353757858 -0.000132719 0.999651253 0.026404390 -2.002622366 -0.215837345 -0.025810657 0.976088047 93.710639954
0.973231375 -0.005201858 0.229768723 2.500982285 -0.000872966 0.999652922 0.026329301 -1.998232365 -0.229825944 -0.025825083 0.972888947 94.238288879
0.970491171 -0.006980154 0.241035655 2.655900955 0.000694746 0.999657691 0.026151821 -2.000437498 -0.241135657 -0.025212649 0.970163882 94.771644592
0.967596889 -0.006834412 0.252407461 2.845838547 0.000406324 0.999674439 0.025510453 -1.982438326 -0.252499610 -0.024581278 0.967284739 95.317459106
0.963811874 -0.007070825 0.266489625 3.007240295 -0.000082442 0.999640167 0.026821835 -2.021983624 -0.266583323 -0.025873171 0.963464499 95.819496155
0.959865093 -0.006629447 0.280383706 3.136724472 -0.000687407 0.999661982 0.025989473 -1.981490612 -0.280461162 -0.025139127 0.959536135 96.432800293
0.956707537 -0.008048881 0.290939718 3.328540802 0.000629943 0.999672413 0.025584592 -1.978805304 -0.291050315 -0.024293695 0.956399262 96.956077576
0.952476919 -0.008778001 0.304484278 3.527254105 0.001088078 0.999676347 0.025416067 -1.970401525 -0.304608822 -0.023876915 0.952178299 97.511085510
0.948017657 -0.008787458 0.318096131 3.742818832 0.000564722 0.999663532 0.025932839 -1.976534367 -0.318217009 -0.024405157 0.947703660 98.026420593
0.943977237 -0.009430883 0.329875857 3.929655075 0.001058511 0.999672949 0.025550785 -1.974578619 -0.330008924 -0.023770185 0.943678498 98.566917419
0.939248979 -0.008565057 0.343129605 4.117153168 -0.000326062 0.999665856 0.025845760 -1.974289179 -0.343236357 -0.024387490 0.938932359 98.987457275
0.933874071 -0.008232174 0.357507378 4.337053299 -0.001083159 0.999665320 0.025848283 -1.969436407 -0.357600540 -0.024526278 0.933552563 99.504165649
0.929462254 -0.010423381 0.368769675 4.572549820 0.000965259 0.999666095 0.025822969 -1.979148865 -0.368915647 -0.023645520 0.929162025 100.006752014
0.924760640 -0.010015669 0.380417347 4.816642761 0.000365625 0.999676466 0.025430791 -1.975309372 -0.380548984 -0.023378305 0.924465239 100.521240234
0.919362545 -0.012154184 0.393223643 5.075130463 0.002422926 0.999678671 0.025234314 -1.979897022 -0.393403947 -0.022246733 0.919096470 100.991050720
0.913813293 -0.012243261 0.405949920 5.309642792 0.001864115 0.999661446 0.025953107 -2.015633106 -0.406130195 -0.022959558 0.913526773 101.417137146
0.908326864 -0.010200128 0.418136686 5.570442200 -0.000645177 0.999667227 0.025787655 -1.978156567 -0.418260604 -0.023693392 0.908017993 102.069030762
0.902846217 -0.010282511 0.429840714 5.832466125 -0.000773801 0.999673545 0.025539167 -1.977900982 -0.429963112 -0.023390552 0.902543485 102.552047729
0.896404028 -0.010484889 0.443113834 6.103519440 -0.000845560 0.999677896 0.025364760 -1.982429504 -0.443237066 -0.023111753 0.896106362 103.050605774
0.890262306 -0.010886434 0.455318123 6.366844177 -0.000866585 0.999672055 0.025596065 -1.983192921 -0.455447346 -0.023181783 0.889960825 103.540321350
0.884446979 -0.011150852 0.466507494 6.654430389 -0.000252934 0.999702871 0.024375265 -1.974065065 -0.466640681 -0.021676626 0.884181261 104.026092529
0.877055168 -0.010101071 0.480283529 6.948539734 -0.002112092 0.999688208 0.024881853 -1.973011494 -0.480385125 -0.022837158 0.876760364 104.534088135
