1.000000000 0.000000000 0.000000000 0.000000000 0.000000000 1.000000000 0.000000000 0.000000000 0.000000000 0.000000000 1.000000000 0.000000000
1.000000000 0.000185977 0.000103243 -0.000375908 -0.000185981 1.000000000 0.000038825 -0.000253951 -0.000103235 -0.000038845 1.000000000 -0.000115192
1.000000000 0.000112978 0.000028762 0.004806848 -0.000112978 1.000000000 0.000029613 0.000830041 -0.000028759 -0.000029616 1.000000000 -0.001382245
1.000000000 0.000035803 -0.000035284 0.002281755 -0.000035803 1.000000000 0.000022395 -0.000333267 0.000035284 -0.000022393 1.000000000 -0.001750001
1.000000000 0.000101895 0.000091316 -0.001411758 -0.000101892 1.000000000 -0.000034204 0.001610247 -0.000091319 0.000034195 1.000000000 0.001866284
1.000000000 0.000033586 0.000000793 0.000443773 -0.000033586 1.000000000 0.000042645 0.002539334 -0.000000791 -0.000042645 1.000000000 -0.006828644
1.000000000 -0.000028179 0.000122590 -0.002429013 0.000028172 1.000000000 0.000063680 0.001987146 -0.000122592 -0.000063677 1.000000000 -0.000939950
1.000000000 0.000141606 0.000063066 0.000649673 -0.000141604 1.000000000 -0.000036072 -0.000520575 -0.000063071 0.000036063 1.000000000 -0.003219093
1.000000000 0.000041615 0.000047693 0.000533278 -0.000041617 1.000000000 0.000031819 0.000221637 -0.000047692 -0.000031821 1.000000000 -0.001872566
1.000000000 0.000040046 0.000002794 -0.000274531 -0.000040046 1.000000000 0.000041386 0.001697352 -0.000002793 -0.000041386 1.000000000 -0.006420120
1.000000000 -0.000157567 -0.000022547 0.001192377 0.000157568 1.000000000 0.000020525 -0.000397123 0.000022543 -0.000020529 1.000000000 -0.002029746
1.000000000 -0.000089174 0.000002413 -0.000308634 0.000089174 1.000000000 0.000025234 -0.001614657 -0.000002416 -0.000025234 1.000000000 -0.002322779
1.000000000 -0.000033970 0.000054886 0.001746451 0.000033968 1.000000000 0.000020996 0.000084409 -0.000054887 -0.000020994 1.000000000 -0.002043057
0.999999940 -0.000294756 -0.000050324 0.001076058 0.000294761 0.999999940 0.000104508 0.000684351 0.000050293 -0.000104523 1.000000000 -0.003764843
1.000000000 -0.000229330 -0.000022067 0.000121114 0.000229330 1.000000000 -0.000000412 0.000208734 0.000022067 0.000000407 1.000000000 -0.001177951
1.000000000 -0.000163354 0.000095432 -0.002439548 0.000163352 1.000000000 0.000020740 -0.001618389 -0.000095436 -0.000020725 1.000000000 -0.003020557
1.000000000 0.000040198 0.000049809 -0.002318237 -0.000040201 1.000000000 0.000051785 0.000517916 -0.000049807 -0.000051787 1.000000000 -0.004579347
1.000000000 -0.000223049 -0.000010862 0.000432395 0.000223050 1.000000000 0.000068978 -0.000613078 0.000010847 -0.000068980 1.000000000 -0.004638526
1.000000000 -0.000030298 -0.000018419 0.001374198 0.000030298 1.000000000 -0.000046340 -0.000769570 0.000018420 0.000046339 1.000000000 -0.009664893
1.000000000 -0.000225625 -0.000051965 0.002741487 0.000225630 0.999999940 0.000104779 -0.003300688 0.000051942 -0.000104790 1.000000000 -0.007563575
1.000000000 -0.000013236 0.000080689 -0.000590576 0.000013231 1.000000000 0.000058117 -0.001521722 -0.000080690 -0.000058116 1.000000000 -0.003949830
1.000000000 -0.000068343 -0.000002968 0.001748991 0.000068343 1.000000000 0.000092546 -0.001124328 0.000002962 -0.000092546 1.000000000 -0.006387805
1.000000000 -0.000180472 0.000026297 0.000546012 0.000180469 1.000000000 0.000111856 0.001292126 -0.000026317 -0.000111851 1.000000000 -0.009453090
1.000000000 -0.000146346 -0.000116601 0.005963665 0.000146360 1.000000000 0.000113174 -0.001448528 0.000116585 -0.000113191 1.000000000 -0.010535236
1.000000000 -0.000058985 -0.000000692 0.000274342 0.000058985 1.000000000 0.000033605 -0.000633393 0.000000690 -0.000033605 1.000000000 -0.005564356
1.000000000 -0.000008257 0.000109702 -0.004164765 0.000008261 1.000000000 -0.000033395 0.000273162 -0.000109702 0.000033396 1.000000000 -0.003257330
1.000000000 -0.000073752 0.000086092 -0.004240896 0.000073746 1.000000000 0.000073726 -0.000508470 -0.000086097 -0.000073720 1.000000000 -0.004508571
0.999999940 -0.000276460 -0.000074198 -0.002305619 0.000276465 0.999999940 0.000079313 0.001786234 0.000074176 -0.000079333 1.000000000 -0.003064961
1.000000000 -0.000077676 -0.000018748 -0.000160028 0.000077678 1.000000000 0.000062338 -0.001356909 0.000018744 -0.000062339 1.000000000 0.000663120
1.000000000 -0.000152105 -0.000003839 -0.003023186 0.000152105 1.000000000 0.000140624 -0.000703726 0.000003818 -0.000140624 1.000000000 0.000280773
1.000000000 -0.000201805 0.000028674 -0.003447860 0.000201799 0.999999940 0.000195869 -0.001359189 -0.000028714 -0.000195863 1.000000000 -0.004956116
1.000000000 -0.000171203 -0.000021030 0.000865782 0.000171206 1.000000000 0.000157905 -0.002353166 0.000021003 -0.000157909 1.000000000 -0.005387104
1.000000000 -0.000020302 0.000037672 -0.003819023 0.000020300 1.000000000 0.000046580 0.000180349 -0.000037673 -0.000046579 1.000000000 -0.003965468
1.000000000 -0.000044507 0.000031380 -0.003125770 0.000044511 1.000000000 -0.000107747 0.006719478 -0.000031375 0.000107749 1.000000000 -0.005703404
1.000000000 -0.000199399 -0.000034801 -0.001987876 0.000199395 1.000000000 -0.000094959 0.001688129 0.000034820 0.000094952 1.000000000 -0.003363986
1.000000000 -0.000145021 -0.000033176 -0.001400405 0.000145020 1.000000000 -0.000014389 0.000844264 0.000033178 0.000014384 1.000000000 -0.004119280
0.999999940 -0.000328476 -0.000030999 -0.003063100 0.000328481 0.999999940 0.000166229 -0.002464547 0.000030944 -0.000166239 1.000000000 -0.004808022
1.000000000 -0.000114385 -0.000009093 -0.001424630 0.000114386 1.000000000 0.000112741 -0.000788456 0.000009080 -0.000112742 1.000000000 -0.002769543
0.999999881 -0.000452106 -0.000153405 0.003810949 0.000452125 0.999999881 0.000120121 -0.001136300 0.000153351 -0.000120190 1.000000000 -0.003329395
1.000000000 -0.000070775 -0.000002385 0.004800347 0.000070774 0.999999821 -0.000550767 -0.007060408 0.000002423 0.000550767 0.999999821 0.043498091
1.000000000 -0.000175993 -0.000029554 0.002600653 0.000175960 0.999999344 -0.001109970 -0.004902906 0.000029749 0.001109965 0.999999404 0.138494939
0.999999940 -0.000337811 -0.000216026 0.007644098 0.000337510 0.999998987 -0.001395236 -0.010896662 0.000216497 0.001395163 0.999998987 0.256915540
1.000000000 -0.000121221 0.000003109 0.001972161 0.000121225 0.999999106 -0.001341973 -0.015204575 -0.000002946 0.001341973 0.999999106 0.385457575
1.000000000 -0.000175853 -0.000168038 0.007785614 0.000175654 0.999999285 -0.001184094 -0.018046349 0.000168246 0.001184065 0.999999285 0.533345520
1.000000000 0.000187068 0.000015042 0.008657633 -0.000187049 0.999999225 -0.001223610 -0.020165360 -0.000015271 0.001223607 0.999999225 0.699679255
0.999999940 -0.000351782 0.000056036 0.023912087 0.000351829 0.999999583 -0.000837237 -0.024168056 -0.000055742 0.000837257 0.999999642 0.874393642
1.000000000 -0.000100023 -0.000164453 0.022254398 0.000099920 0.999999821 -0.000623160 -0.032006279 0.000164515 0.000623144 0.999999821 1.024012208
0.999999881 0.000220581 0.000402147 0.015439700 -0.000220244 0.999999642 -0.000838138 -0.040018845 -0.000402331 0.000838050 0.999999583 1.211834431
0.999999940 -0.000329998 -0.000016093 0.033515744 0.000329994 0.999999881 -0.000278255 -0.050115407 0.000016185 0.000278250 0.999999940 1.411998868
0.999999881 -0.000240249 0.000483027 0.019647196 0.000239645 0.999999166 0.001248832 -0.093430392 -0.000483327 -0.001248716 0.999999106 1.606746674
0.999999642 -0.000492365 0.000672896 0.025736323 0.000491448 0.999998987 0.001361984 -0.099780604 -0.000673566 -0.001361653 0.999998868 1.808960080
0.999999106 -0.000270236 0.001318925 0.021371083 0.000267855 0.999998271 0.001805056 -0.108897530 -0.001319411 -0.001804701 0.999997497 2.003691912
0.999999702 -0.000256604 0.000722184 0.024927612 0.000255611 0.999999046 0.001375693 -0.111196697 -0.000722536 -0.001375508 0.999998808 2.217841864
0.999999642 -0.000377731 0.000607402 0.033577278 0.000376768 0.999998689 0.001584369 -0.117197849 -0.000608000 -0.001584140 0.999998629 2.435307741
0.999999464 0.000517416 0.000774098 0.038283158 -0.000518737 0.999998450 0.001707929 -0.118483789 -0.000773213 -0.001708329 0.999998331 2.681787252
0.999999106 -0.000418887 0.001219704 0.036663964 0.000416313 0.999997675 0.002109905 -0.136197090 -0.001220585 -0.002109395 0.999997079 2.905104876
0.999999344 -0.000953372 0.000667990 0.042722724 0.000952071 0.999997675 0.001945922 -0.141977638 -0.000669843 -0.001945284 0.999997854 3.114379168
0.999999225 -0.000444683 0.001145715 0.038813408 0.000442849 0.999998629 0.001599967 -0.145446271 -0.001146425 -0.001599459 0.999998033 3.374617338
0.999999285 -0.000830424 0.000869907 0.053297810 0.000828743 0.999997795 0.001931004 -0.153028309 -0.000871509 -0.001930281 0.999997735 3.614161015
0.999999166 0.000482183 0.001160180 0.057240732 -0.000484392 0.999998033 0.001904896 -0.157688037 -0.001159259 -0.001905457 0.999997497 3.855667114
0.999998987 -0.000975710 0.000964381 0.057042923 0.000973652 0.999997258 0.002131953 -0.174842581 -0.000966459 -0.002131012 0.999997258 4.100663662
0.999999225 -0.000238028 0.001167292 0.057403728 0.000235132 0.999996901 0.002480702 -0.182483315 -0.001167879 -0.002480426 0.999996245 4.350848675
0.999999225 -0.000321618 0.001252598 0.069889739 0.000318441 0.999996841 0.002535354 -0.190620333 -0.001253410 -0.002534953 0.999996006 4.626093864
0.999998868 -0.000967901 0.001167243 0.071321979 0.000964927 0.999996305 0.002545385 -0.203116715 -0.001169702 -0.002544256 0.999996066 4.861792088
0.999998748 -0.000928408 0.001326546 0.072549455 0.000925047 0.999996543 0.002531373 -0.212097138 -0.001328892 -0.002530143 0.999995887 5.120748043
0.999999046 -0.000800099 0.001133092 0.083524555 0.000796671 0.999995232 0.003022032 -0.222305298 -0.001135504 -0.003021126 0.999994755 5.390917778
0.999998927 -0.000554870 0.001298656 0.077468798 0.000551353 0.999996185 0.002706833 -0.235502064 -0.001300153 -0.002706114 0.999995470 5.643082619
0.999999344 -0.000382195 0.001134824 0.087883532 0.000379033 0.999996066 0.002785827 -0.239859432 -0.001135884 -0.002785396 0.999995410 5.913360596
0.999999225 -0.000338231 0.001188949 0.098567046 0.000334824 0.999995887 0.002864559 -0.253436595 -0.001189913 -0.002864158 0.999995112 6.184077740
0.999998927 -0.000793347 0.001235323 0.097134419 0.000789581 0.999995112 0.003046340 -0.263225198 -0.001237734 -0.003045361 0.999994516 6.473553658
0.999998987 -0.000661725 0.001238890 0.098715477 0.000657836 0.999994874 0.003137374 -0.273712695 -0.001240959 -0.003136556 0.999994338 6.743996143
0.999998391 -0.001401443 0.001080353 0.110950008 0.001397576 0.999992609 0.003571242 -0.285422713 -0.001085349 -0.003569726 0.999993086 7.038749695
0.999998868 -0.000963000 0.001204123 0.116872951 0.000958929 0.999993861 0.003377168 -0.292728722 -0.001207368 -0.003376009 0.999993563 7.338377953
0.999998510 -0.000692510 0.001568023 0.122830197 0.000686910 0.999993324 0.003569317 -0.305078208 -0.001570485 -0.003568234 0.999992430 7.642735004
0.999998868 -0.000492076 0.001422180 0.125541806 0.000486542 0.999992311 0.003888770 -0.326897293 -0.001424082 -0.003888074 0.999991417 7.964002609
0.999998868 -0.000266392 0.001447347 0.131206542 0.000261330 0.999993861 0.003496786 -0.330656528 -0.001448269 -0.003496404 0.999992847 8.286314011
0.999998510 -0.000305069 0.001720078 0.141176268 0.000299165 0.999994099 0.003431908 -0.332219601 -0.001721114 -0.003431389 0.999992669 8.614131927
0.999998569 -0.000842474 0.001450936 0.143255875 0.000836765 0.999991834 0.003931041 -0.356947362 -0.001454236 -0.003929821 0.999991238 8.934946060
0.999998629 -0.001144777 0.001244565 0.155349031 0.001139890 0.999991655 0.003920526 -0.366666824 -0.001249043 -0.003919102 0.999991536 9.279747009
0.999997854 -0.001395483 0.001530778 0.163356751 0.001389479 0.999991357 0.003916109 -0.375239432 -0.001536230 -0.003913973 0.999991179 9.636465073
0.999998331 -0.000852261 0.001622680 0.162454948 0.000845564 0.999991119 0.004123437 -0.382110298 -0.001626179 -0.004122057 0.999990225 9.983520508
0.999997795 -0.000250514 0.002053743 0.166695952 0.000241704 0.999990880 0.004288711 -0.407537609 -0.002054799 -0.004288206 0.999988675 10.291317940
0.999998033 -0.000809547 0.001814976 0.179185331 0.000800838 0.999988317 0.004794129 -0.417416543 -0.001818836 -0.004792666 0.999986887 10.653234482
0.999998271 -0.000658719 0.001734224 0.181486607 0.000650655 0.999988973 0.004646590 -0.423647404 -0.001737265 -0.004645453 0.999987662 11.037606239
0.999998271 -0.000128698 0.001849394 0.185772523 0.000120114 0.999989212 0.004640772 -0.435293943 -0.001849971 -0.004640542 0.999987543 11.413864136
0.999997497 -0.001481110 0.001683045 0.205055222 0.001472675 0.999986351 0.005001951 -0.459344566 -0.001690430 -0.004999461 0.999986053 11.767084122
0.999997199 -0.001679825 0.001691098 0.213470444 0.001671553 0.999986649 0.004881037 -0.466938853 -0.001699275 -0.004878197 0.999986649 12.152275085
0.999995947 -0.002161700 0.001871225 0.222685382 0.002153123 0.999987185 0.004573759 -0.480158895 -0.001881088 -0.004569712 0.999987841 12.542158127
0.999996960 -0.001707983 0.001760960 0.240597904 0.001699222 0.999986172 0.004964315 -0.477366269 -0.001769415 -0.004961308 0.999986053 12.955383301
0.999996901 -0.001806105 0.001715336 0.236541539 0.001795706 0.999980032 0.006044932 -0.521517992 -0.001726220 -0.006041833 0.999980211 13.308478355
0.999996305 -0.000806744 0.002567967 0.240620196 0.000791792 0.999982655 0.005818139 -0.528480411 -0.002572616 -0.005816083 0.999979734 13.725104332
0.999995589 -0.000347553 0.002927627 0.250012398 0.000329639 0.999981225 0.006117391 -0.540326357 -0.002929698 -0.006116400 0.999976993 14.145141602
0.999994099 -0.001178244 0.003194025 0.257831812 0.001156981 0.999977231 0.006650742 -0.556944132 -0.003201789 -0.006647007 0.999972761 14.590451241
0.999993920 -0.002491149 0.002405270 0.284308195 0.002474063 0.999971807 0.007080590 -0.605335176 -0.002422841 -0.007074598 0.999972045 14.958862305
0.999992490 -0.002716410 0.002764776 0.293693393 0.002696116 0.999969602 0.007317960 -0.620371103 -0.002784571 -0.007310451 0.999969363 15.380878448
0.999991417 -0.001766931 0.003736258 0.304364085 0.001740130 0.999972820 0.007164260 -0.619398594 -0.003748816 -0.007157698 0.999967277 15.858295441
0.999993205 -0.001602751 0.003324091 0.319461256 0.001581004 0.999977410 0.006534939 -0.620507777 -0.003334490 -0.006529639 0.999973118 16.297309875
0.999989331 -0.002769606 0.003695700 0.323409259 0.002741780 0.999967933 0.007513177 -0.672595799 -0.003716390 -0.007502963 0.999964952 16.706361771
0.999989092 -0.001961400 0.004263759 0.339431942 0.001926778 0.999965191 0.008109045 -0.684985161 -0.004279517 -0.008100742 0.999958038 17.173139572
0.999988198 -0.002714665 0.004037524 0.353835970 0.002683067 0.999965966 0.007810834 -0.688241959 -0.004058590 -0.007799909 0.999961376 17.626026154
0.999985933 -0.002889054 0.004453307 0.367982864 0.002851322 0.999960065 0.008456009 -0.712574363 -0.004477559 -0.008443192 0.999954283 18.071409225
0.999983072 -0.002666344 0.005169280 0.367064744 0.002625021 0.999964595 0.007984462 -0.720355749 -0.005190388 -0.007970758 0.999954700 18.528520584
0.999982476 -0.002532474 0.005350436 0.381715477 0.002491676 0.999967873 0.007617980 -0.732097745 -0.005369556 -0.007604515 0.999956667 18.995634079
0.999983907 -0.002663870 0.005004248 0.405970424 0.002624449 0.999965549 0.007867774 -0.735693216 -0.005025034 -0.007854514 0.999956489 19.480644226
0.999983847 -0.001503826 0.005476008 0.410587192 0.001461759 0.999969423 0.007677876 -0.749561429 -0.005487387 -0.007669748 0.999955475 19.956481934
0.999982774 -0.002242672 0.005423261 0.404761463 0.002196644 0.999961674 0.008478295 -0.771897078 -0.005442068 -0.008466236 0.999949276 20.397142410
0.999984801 -0.002336774 0.004984030 0.422411978 0.002293607 0.999960065 0.008649305 -0.785038650 -0.005004041 -0.008637743 0.999950171 20.900512695
0.999985695 -0.002761453 0.004564707 0.429764688 0.002722498 0.999960005 0.008518236 -0.792902112 -0.004588047 -0.008505687 0.999953210 21.426408768
0.999988019 -0.002398494 0.004259967 0.440727353 0.002360980 0.999958575 0.008789488 -0.809233546 -0.004280872 -0.008779325 0.999952316 21.920110703
0.999985516 -0.003666493 0.003930892 0.456695110 0.003625622 0.999939799 0.010354507 -0.852952540 -0.003968620 -0.010340107 0.999938667 22.303970337
0.999987245 -0.003822553 0.003297359 0.460663050 0.003788481 0.999939919 0.010278300 -0.865118027 -0.003336450 -0.010265678 0.999941766 22.816505432
0.999987781 -0.003524928 0.003466156 0.462639332 0.003489409 0.999941826 0.010200602 -0.873611689 -0.003501911 -0.010188382 0.999941945 23.364459991
0.999987721 -0.004524807 0.001978320 0.483612031 0.004505298 0.999942243 0.009756397 -0.879328847 -0.002022351 -0.009747365 0.999950469 23.836442947
0.999992073 -0.003673137 0.001521208 0.493659467 0.003657906 0.999944270 0.009897194 -0.887774169 -0.001557477 -0.009891552 0.999949872 24.365558624
0.999993920 -0.003448935 0.000393679 0.510889471 0.003444888 0.999945521 0.009854374 -0.901296735 -0.000427645 -0.009852958 0.999951422 24.904870987
0.999993443 -0.003572493 0.000484037 0.508437395 0.003567597 0.999945939 0.009763725 -0.903461456 -0.000518892 -0.009761933 0.999952197 25.424972534
0.999991059 -0.004201266 0.000310418 0.519490242 0.004198097 0.999945283 0.009587475 -0.911758542 -0.000350680 -0.009586087 0.999953985 25.973482132
0.999991000 -0.004227027 -0.000349555 0.534235120 0.004230389 0.999938488 0.010253256 -0.920945048 0.000306192 -0.010254645 0.999947369 26.508882523
0.999991179 -0.004172351 -0.000386096 0.542711139 0.004176104 0.999938309 0.010292690 -0.936186194 0.000343127 -0.010294214 0.999946952 27.043182373
0.999993742 -0.003465573 -0.000668657 0.558932304 0.003471865 0.999947309 0.009650533 -0.947665215 0.000635177 -0.009652795 0.999953210 27.579259872
0.999993682 -0.003450837 -0.000861795 0.559596479 0.003459041 0.999946952 0.009706810 -0.952592731 0.000828253 -0.009709732 0.999952495 28.107545853
0.999994934 -0.003091663 -0.000723504 0.553780556 0.003098850 0.999943674 0.010152985 -0.965602338 0.000692073 -0.010155178 0.999948204 28.610937119
0.999993682 -0.003465557 -0.000706511 0.566567421 0.003472066 0.999949574 0.009430558 -0.973721266 0.000673793 -0.009432952 0.999955297 29.158729553
0.999995053 -0.002653758 -0.001680054 0.573928773 0.002670679 0.999945045 0.010151074 -0.985808015 0.001653023 -0.010155513 0.999947071 29.700214386
0.999994695 -0.002674035 -0.001844649 0.586880326 0.002693586 0.999939442 0.010678844 -1.001874804 0.001815981 -0.010683757 0.999941230 30.251642227
0.999994278 -0.002581862 -0.002197863 0.605511785 0.002605441 0.999938369 0.010793599 -1.026873708 0.002169860 -0.010799265 0.999939322 30.764585495
0.999994397 -0.002262765 -0.002492699 0.618156970 0.002290557 0.999934673 0.011203683 -1.045196295 0.002467184 -0.011209331 0.999934196 31.306749344
0.999992609 -0.002776720 -0.002674766 0.648782253 0.002806107 0.999935031 0.011046302 -1.059625387 0.002643920 -0.011053723 0.999935448 31.840171814
0.999994814 -0.002019188 -0.002505037 0.630437493 0.002044063 0.999948263 0.009967404 -1.035800457 0.002484780 -0.009972474 0.999947190 32.326538086
0.999998212 -0.000393124 -0.001830273 0.619606316 0.000409487 0.999959886 0.008948400 -1.040622473 0.001826682 -0.008949134 0.999958277 32.870555878
0.999998450 -0.000513883 -0.001727069 0.618636370 0.000530305 0.999954581 0.009521490 -1.060606718 0.001722098 -0.009522391 0.999953151 33.395660400
0.999994338 -0.001728946 -0.002876912 0.637022913 0.001758028 0.999947071 0.010136998 -1.066727877 0.002859234 -0.010141998 0.999944448 33.902099609
0.999992192 -0.002276830 -0.003220219 0.655105948 0.002309060 0.999946952 0.010040407 -1.073230386 0.003197187 -0.010047765 0.999944389 34.440380096
0.999996603 -0.001368121 -0.002173407 0.638875902 0.001390169 0.999947309 0.010175586 -1.084617257 0.002159371 -0.010178574 0.999945879 34.997051239
0.999993801 -0.002048798 -0.002901610 0.654985189 0.002077679 0.999947965 0.009985643 -1.094915628 0.002881000 -0.009991609 0.999945939 35.477722168
0.999994934 -0.001269038 -0.002913125 0.663160741 0.001295993 0.999956250 0.009269914 -1.097377777 0.002901234 -0.009273643 0.999952793 36.035461426
0.999995470 -0.001437422 -0.002650781 0.654844105 0.001463566 0.999950051 0.009887112 -1.127083659 0.002636436 -0.009890946 0.999947548 36.506763458
0.999996483 -0.001115888 -0.002427057 0.663958848 0.001139394 0.999952257 0.009705529 -1.132161975 0.002416111 -0.009708259 0.999949932 37.062847137
0.999996364 -0.001303104 -0.002385016 0.661367595 0.001328113 0.999943852 0.010514692 -1.160196900 0.002371180 -0.010517821 0.999941885 37.573684692
0.999996424 -0.001051255 -0.002468284 0.656844258 0.001075355 0.999951482 0.009782668 -1.160706758 0.002457881 -0.009785288 0.999949038 38.116394043
0.999994040 -0.001259753 -0.003192923 0.704655290 0.001290934 0.999951243 0.009782454 -1.175269127 0.003180444 -0.009786515 0.999947071 38.648933411
0.999994338 -0.001227842 -0.003136771 0.731181979 0.001260697 0.999944150 0.010493593 -1.200038910 0.003123712 -0.010497487 0.999939978 39.179016113
0.999995947 -0.000673439 -0.002767815 0.743267179 0.000701644 0.999947667 0.010202139 -1.207774639 0.002760800 -0.010204039 0.999944091 39.731517792
0.999993145 -0.001167924 -0.003508493 0.748418570 0.001202630 0.999950230 0.009905873 -1.211444736 0.003496749 -0.009910025 0.999944806 40.235382080
0.999993682 -0.001231547 -0.003345228 0.751979172 0.001264164 0.999951541 0.009765663 -1.217455745 0.003333039 -0.009769829 0.999946773 40.769069672
0.999995172 0.000194906 -0.003104627 0.761602640 -0.000165572 0.999955356 0.009445764 -1.217311382 0.003106330 -0.009445205 0.999950588 41.319435120
0.999993980 0.000536564 -0.003410606 0.781523585 -0.000505638 0.999958813 0.009061896 -1.220749378 0.003415327 -0.009060119 0.999953210 41.882137299
0.999993205 0.000687786 -0.003589743 0.806316137 -0.000657142 0.999963462 0.008530986 -1.222476125 0.003595478 -0.008528570 0.999957263 42.456409454
0.999994516 -0.000668006 -0.003249771 0.775978446 0.000700629 0.999949276 0.010047945 -1.255793095 0.003242894 -0.010050167 0.999944210 42.830898285
0.999994278 -0.001166731 -0.003152947 0.782418132 0.001199596 0.999944746 0.010441768 -1.272416830 0.003140590 -0.010445490 0.999940515 43.348121643
0.999993622 -0.001139143 -0.003376363 0.796925783 0.001172866 0.999949276 0.010002546 -1.273515701 0.003364797 -0.010006443 0.999944270 43.881072998
0.999994457 -0.000845781 -0.003218258 0.807162642 0.000877098 0.999952137 0.009742082 -1.284478664 0.003209864 -0.009744852 0.999947309 44.404792786
0.999994636 -0.001017353 -0.003117906 0.816848040 0.001048477 0.999949396 0.009997346 -1.296932459 0.003107578 -0.010000560 0.999945164 44.923645020
0.999994755 -0.000722342 -0.003153251 0.826640010 0.000753878 0.999949694 0.010011640 -1.310159802 0.003145861 -0.010013967 0.999944925 45.439716339
0.999994457 -0.000681365 -0.003223220 0.848844707 0.000715807 0.999942482 0.010696763 -1.334913731 0.003215745 -0.010699013 0.999937594 45.974338531
0.999993265 -0.000888278 -0.003546532 0.859680295 0.000924876 0.999946177 0.010330972 -1.330904961 0.003537165 -0.010334184 0.999940395 46.543117523
0.999995530 -0.000404292 -0.002964866 0.852170825 0.000433541 0.999951184 0.009871392 -1.336364031 0.002960729 -0.009872633 0.999946892 47.005836487
0.999995053 -0.000326973 -0.003126584 0.868201911 0.000357642 0.999951839 0.009813919 -1.347980022 0.003123223 -0.009814988 0.999946952 47.552375793
0.999993861 -0.000766279 -0.003434999 0.876676619 0.000799120 0.999953866 0.009569502 -1.355515838 0.003427507 -0.009572189 0.999948323 48.104370117
0.999995708 0.000058780 -0.002920905 0.883171976 -0.000029982 0.999951363 0.009858725 -1.366669893 0.002921343 -0.009858594 0.999947131 48.594360352
0.999994755 0.000195734 -0.003242498 0.886985004 -0.000164368 0.999953210 0.009670872 -1.372577190 0.003244239 -0.009670289 0.999947965 49.147396088
0.999996066 0.000084530 -0.002797225 0.894327044 -0.000056517 0.999949872 0.010013635 -1.390368462 0.002797932 -0.010013438 0.999945939 49.632404327
0.999996483 0.000324720 -0.002630512 0.899111331 -0.000297882 0.999947965 0.010196839 -1.402243137 0.002633686 -0.010196018 0.999944568 50.178142548
0.999995053 0.000071967 -0.003139723 0.915103674 -0.000041424 0.999952674 0.009726792 -1.401795864 0.003140276 -0.009726613 0.999947786 50.687194824
0.999993861 0.000299728 -0.003476998 0.932807624 -0.000267684 0.999957561 0.009212763 -1.412562728 0.003479611 -0.009211776 0.999951482 51.212841034
0.999994278 0.000403116 -0.003364319 0.935754120 -0.000370409 0.999952734 0.009716555 -1.419797182 0.003368078 -0.009715252 0.999947131 51.758666992
0.999994874 0.000294058 -0.003193625 0.942076802 -0.000264038 0.999955833 0.009396249 -1.431291938 0.003196248 -0.009395359 0.999950707 52.252483368
0.999993980 0.000008747 -0.003472266 0.966445446 0.000023485 0.999956906 0.009282750 -1.434306264 0.003472197 -0.009282775 0.999950886 52.792594910
0.999994338 0.000155940 -0.003355676 0.957298279 -0.000124491 0.999956071 0.009370145 -1.440610886 0.003356990 -0.009369675 0.999950409 53.327804565
0.999996066 0.000835359 -0.002686594 0.958948612 -0.000810401 0.999956548 0.009277473 -1.456077337 0.002694227 -0.009275259 0.999953330 53.778266907
0.999994695 0.000208088 -0.003254635 0.971010208 -0.000178031 0.999957263 0.009232368 -1.464357853 0.003256417 -0.009231739 0.999952078 54.321548462
0.999996603 0.000414695 -0.002556285 0.962984979 -0.000390602 0.999955535 0.009418090 -1.479956627 0.002560077 -0.009417059 0.999952376 54.854648590
0.999996483 0.000772854 -0.002503858 0.973375022 -0.000749966 0.999958038 0.009128890 -1.487462759 0.002510809 -0.009126982 0.999955177 55.293003082
0.999996185 0.000895137 -0.002567998 0.990573525 -0.000871645 0.999957860 0.009134718 -1.490878344 0.002576066 -0.009132447 0.999954939 55.820644379
0.999997437 0.001217369 -0.001869316 0.984274566 -0.001201300 0.999962449 0.008573428 -1.503772259 0.001879683 -0.008571161 0.999961495 56.388408661
0.999996662 0.001035835 -0.002372192 1.007334471 -0.001017317 0.999969125 0.007793906 -1.500130534 0.002380192 -0.007791467 0.999966800 56.952869415
0.999996603 0.001077431 -0.002381034 1.011945367 -0.001055809 0.999958336 0.009063641 -1.522018671 0.002390700 -0.009061096 0.999956012 57.343727112
0.999996066 0.001198368 -0.002515081 1.025300026 -0.001175055 0.999956489 0.009250300 -1.539039850 0.002526058 -0.009247308 0.999954045 57.869602203
0.999996245 0.001511007 -0.002275070 1.037968874 -0.001488976 0.999952257 0.009654329 -1.558200121 0.002289550 -0.009650906 0.999950767 58.414592743
0.999995708 0.000377447 -0.002915757 1.050539494 -0.000348691 0.999951363 0.009856466 -1.565777302 0.002919337 -0.009855408 0.999947131 58.945598602
0.999996483 0.000492315 -0.002584106 1.059764862 -0.000469540 0.999961138 0.008806894 -1.559917450 0.002588341 -0.008805650 0.999957860 59.422470093
0.999994814 0.000973069 -0.003073861 1.093289852 -0.000944745 0.999957204 0.009202490 -1.583872318 0.003082684 -0.009199538 0.999952853 59.939216614
0.999994338 -0.000022526 -0.003361084 1.082845569 0.000052199 0.999961019 0.008828755 -1.588684916 0.003360754 -0.008828881 0.999955356 60.521724701
0.999995589 0.001029660 -0.002791977 1.107892275 -0.001006068 0.999963880 0.008438264 -1.574620485 0.002800565 -0.008435418 0.999960482 60.953277588
0.999995947 0.001112133 -0.002650627 1.110087872 -0.001088652 0.999960363 0.008843555 -1.587440610 0.002660356 -0.008840632 0.999957383 61.482105255
0.999995351 0.000716848 -0.002938729 1.118223667 -0.000692941 0.999966741 0.008128091 -1.591211796 0.002944456 -0.008126018 0.999962568 62.006072998
0.999994695 0.001493092 -0.002892223 1.120836973 -0.001468111 0.999961734 0.008620344 -1.603155375 0.002904984 -0.008616053 0.999958634 62.568439484
0.999995768 0.000953124 -0.002723757 1.112975478 -0.000930315 0.999964595 0.008363091 -1.625308394 0.002731631 -0.008360523 0.999961317 63.088466644
0.999995053 0.000246699 -0.003140353 1.150851965 -0.000220659 0.999965608 0.008289590 -1.633095622 0.003142290 -0.008288857 0.999960661 63.502277374
0.999994516 -0.000046536 -0.003318149 1.171111941 0.000074640 0.999964118 0.008470335 -1.640902281 0.003317636 -0.008470537 0.999958575 64.050399780
0.999996066 -0.000120566 -0.002833509 1.169771075 0.000144831 0.999963284 0.008565120 -1.651837230 0.002832373 -0.008565497 0.999959350 64.600158691
0.999991953 -0.000757855 -0.003927865 1.207331896 0.000789303 0.999967635 0.008011028 -1.638752937 0.003921667 -0.008014064 0.999960244 65.096572876
0.999996006 0.000909842 -0.002667241 1.198141336 -0.000888151 0.999966621 0.008122418 -1.663572431 0.002674544 -0.008120017 0.999963403 65.611343384
0.999995828 0.000245917 -0.002868978 1.210662603 -0.000223418 0.999969304 0.007839830 -1.675750256 0.002870818 -0.007839155 0.999965131 66.152038574
0.999996245 -0.000019607 -0.002727379 1.223951936 0.000042814 0.999963760 0.008509103 -1.689749122 0.002727113 -0.008509188 0.999960124 66.668663025
0.999995053 0.000101196 -0.003133602 1.229368806 -0.000074432 0.999963522 0.008539839 -1.705144882 0.003134352 -0.008539563 0.999958634 67.193069458
0.999995708 -0.000247863 -0.002893728 1.249458551 0.000269080 0.999972999 0.007334114 -1.685967922 0.002891832 -0.007334861 0.999968946 67.559326172
0.999995351 -0.000430478 -0.002989167 1.260117173 0.000452270 0.999973297 0.007293675 -1.701520205 0.002985948 -0.007294994 0.999968946 68.108566284
0.999995172 0.000170869 -0.003100194 1.279458284 -0.000148917 0.999974906 0.007079554 -1.711139441 0.003101326 -0.007079057 0.999970138 68.654685974
0.999995589 -0.000186790 -0.002972926 1.285073876 0.000207125 0.999976575 0.006841070 -1.716291785 0.002971578 -0.006841655 0.999972165 69.098731995
0.999993622 -0.000969116 -0.003463985 1.320095181 0.000995037 0.999971449 0.007488964 -1.745189428 0.003456629 -0.007492363 0.999965966 69.600357056
0.999994457 -0.000574360 -0.003302264 1.340890646 0.000598709 0.999972641 0.007377381 -1.760797977 0.003297936 -0.007379317 0.999967337 70.159408569
0.999996364 0.000250497 -0.002736975 1.336534858 -0.000231593 0.999976099 0.006905108 -1.758831859 0.002738640 -0.006904447 0.999972403 70.585693359
0.999996901 0.000174362 -0.002503469 1.346226931 -0.000156914 0.999975681 0.006968182 -1.768383861 0.002504623 -0.006967766 0.999972582 71.134483337
0.999996185 0.000220954 -0.002786015 1.350855708 -0.000200530 0.999973118 0.007328947 -1.790936232 0.002787560 -0.007328359 0.999969244 71.605979919
0.999997139 -0.000299953 -0.002377137 1.359891176 0.000316909 0.999974489 0.007135520 -1.806761503 0.002374937 -0.007136252 0.999971688 72.155822754
0.999997258 0.000177297 -0.002337395 1.374922156 -0.000161301 0.999976516 0.006842132 -1.809215546 0.002338554 -0.006841737 0.999973834 72.673294067
0.999994576 -0.000349085 -0.003273679 1.400420070 0.000371873 0.999975681 0.006962962 -1.827664614 0.003271170 -0.006964142 0.999970376 73.218086243
0.999996066 0.000122078 -0.002800238 1.422834516 -0.000102443 0.999975443 0.007010553 -1.840200663 0.002801025 -0.007010238 0.999971509 73.671173096
0.999996781 0.000275192 -0.002494603 1.430336118 -0.000257874 0.999975860 0.006939644 -1.851871252 0.002496452 -0.006938979 0.999972880 74.213584900
0.999997199 0.001103734 -0.002139852 1.417158246 -0.001088962 0.999975681 0.006892410 -1.863522410 0.002147407 -0.006890059 0.999973953 74.689338684
0.999997318 0.000808309 -0.002144692 1.436723590 -0.000793303 0.999975264 0.006988509 -1.877513289 0.002150287 -0.006986789 0.999973238 75.232078552
0.999996781 0.001841626 -0.001683456 1.445909023 -0.001829964 0.999974608 0.006903173 -1.900709629 0.001696127 -0.006900071 0.999974787 75.731521606
0.999997973 0.000731700 -0.001855523 1.418830037 -0.000719445 0.999978006 0.006597221 -1.886423349 0.001860310 -0.006595872 0.999976516 76.210243225
0.999997854 0.000508008 -0.002006836 1.421676040 -0.000494717 0.999978006 0.006617228 -1.896021605 0.002010152 -0.006616221 0.999976099 76.707954407
0.999998629 0.000217755 -0.001690161 1.432381630 -0.000207499 0.999981582 0.006065760 -1.905881882 0.001691451 -0.006065400 0.999980211 77.263603210
0.999999404 -0.000739439 -0.000836510 1.441427112 0.000744607 0.999980509 0.006195467 -1.899980664 0.000831912 -0.006196086 0.999980390 77.780937195
0.999998927 0.000847242 0.001180407 1.438308001 -0.000854789 0.999979138 0.006407333 -1.915736198 -0.001174954 -0.006408334 0.999978721 78.347549438
0.999997079 0.000637349 0.002313583 1.448958993 -0.000650881 0.999982595 0.005853470 -1.927353621 -0.002309812 -0.005854960 0.999980211 78.824935913
0.999996245 -0.000450063 0.002730675 1.460965753 0.000434147 0.999982953 0.005826605 -1.935659051 -0.002733251 -0.005825398 0.999979317 79.381546021
0.999978483 0.001262749 0.006443432 1.473519802 -0.001298758 0.999983609 0.005587400 -1.955812335 -0.006436270 -0.005595649 0.999963641 79.947883606
0.999949515 0.001741444 0.009897002 1.500337243 -0.001806963 0.999976516 0.006615007 -1.976265430 -0.009885250 -0.006632557 0.999929130 80.385330200
0.999909520 0.002422182 0.013229482 1.531101465 -0.002508314 0.999975741 0.006497873 -1.989859104 -0.013213421 -0.006530469 0.999891400 80.955047607
0.999842882 0.002556196 0.017539792 1.541980386 -0.002657778 0.999979854 0.005770653 -1.984071374 -0.017524688 -0.005816364 0.999829531 81.450897217
0.999742210 0.001046081 0.022679947 1.557805061 -0.001183910 0.999980927 0.006064464 -2.005922556 -0.022673167 -0.006089753 0.999724388 81.935302734
0.999587178 0.000956279 0.028713353 1.584868550 -0.001106051 0.999985874 0.005200692 -2.002722740 -0.028707976 -0.005230302 0.999574184 82.497741699
0.999367118 0.001780328 0.035525229 1.612623930 -0.001999464 0.999979198 0.006133862 -2.033838749 -0.035513576 -0.006201013 0.999349892 83.006996155
0.999011874 0.002005719 0.044398766 1.640659809 -0.002267278 0.999980390 0.005841571 -2.031513691 -0.044386178 -0.005936464 0.998996854 83.569007874
0.998617530 0.002801098 0.052490279 1.636734962 -0.003145234 0.999974072 0.006474743 -2.084808111 -0.052470781 -0.006630884 0.998600423 84.101776123
0.998248398 0.002203969 0.059121624 1.695687294 -0.002562366 0.999978781 0.005986921 -2.086141825 -0.059107170 -0.006127925 0.998232841 84.636634827
0.997661293 0.002526273 0.068305559 1.747208595 -0.002909665 0.999980509 0.005513977 -2.108190536 -0.068290293 -0.005699827 0.997649133 85.156509399
0.996881783 0.002763887 0.078861102 1.797270298 -0.003228713 0.999978185 0.005767336 -2.132615328 -0.078843437 -0.006003971 0.996868968 85.700729370
0.996125400 0.002086408 0.087919742 1.854345322 -0.002598803 0.999980271 0.005713920 -2.137388706 -0.087906085 -0.005920264 0.996111214 86.217437744
0.995461166 -0.000058448 0.095168218 1.912912846 -0.000465871 0.999984860 0.005487166 -2.152445078 -0.095167093 -0.005506597 0.995446086 86.744071960
0.994373500 0.000884722 0.105926469 1.992088795 -0.001460982 0.999984562 0.005362709 -2.164483786 -0.105920084 -0.005487292 0.994359493 87.282035828
0.993206382 0.001137470 0.116360389 2.073550224 -0.001821731 0.999981642 0.005774366 -2.186223269 -0.116351679 -0.005947115 0.993190229 87.812347412
0.992238283 -0.002305955 0.124329604 2.175062180 0.001728930 0.999987245 0.004748777 -2.193491936 -0.124338970 -0.004496961 0.992229581 88.347778320
0.990811288 -0.002711866 0.135224700 2.273532867 0.002147448 0.999988317 0.004319604 -2.191799641 -0.135234863 -0.003989524 0.990805447 88.891777039
0.988987207 -0.001983588 0.147988126 2.365561485 0.001360016 0.999989808 0.004314723 -2.213863134 -0.147995189 -0.004065940 0.988979697 89.448585510
0.987299442 -0.001873282 0.158860177 2.445460320 0.001135942 0.999988079 0.004732120 -2.231964827 -0.158867195 -0.004491563 0.987289667 89.956542969
0.985730827 -0.002781569 0.168306217 2.563448906 0.002063529 0.999988019 0.004441016 -2.234137058 -0.168316513 -0.004030341 0.985724747 90.494544983
0.983540297 -0.003047762 0.180663601 2.682370186 0.002315322 0.999988258 0.004264905 -2.248100996 -0.180674449 -0.003776410 0.983535647 91.034492493
0.981137455 -0.002719650 0.193292156 2.808881760 0.001962499 0.999989688 0.004108498 -2.261870623 -0.193301305 -0.003651667 0.981132627 91.551208496
0.978779197 -0.003491488 0.204887941 2.911296844 0.002656690 0.999987006 0.004349350 -2.286591768 -0.204900473 -0.003712731 0.978775799 92.131660461
0.975858152 -0.003044566 0.218384027 3.048137665 0.002166370 0.999988616 0.004260667 -2.297568321 -0.218394488 -0.003684706 0.975853682 92.679832458
0.972935498 -0.002566143 0.231062621 3.220636368 0.001691679 0.999990642 0.003982579 -2.267079830 -0.231070712 -0.003483908 0.972930729 93.237907410
0.970090151 -0.002770618 0.242729306 3.374441147 0.001841054 0.999990046 0.004056381 -2.284228086 -0.242738158 -0.003488178 0.970085561 93.780227661
0.967094362 -0.003306601 0.254396349 3.554098129 0.002439229 0.999989986 0.003724915 -2.303351164 -0.254406095 -0.002981813 0.967092872 94.276161194
0.963130593 -0.008773759 0.268891245 3.727926254 0.008083791 0.999960542 0.003673108 -2.361572981 -0.268912882 -0.001364023 0.963163555 94.906250000
0.959486485 -0.009163499 0.281605601 3.910982132 0.008526709 0.999957561 0.003486608 -2.371250153 -0.281625599 -0.000944185 0.959523976 95.431472778
0.956403375 -0.010089670 0.291874558 4.104745865 0.009347370 0.999948680 0.003937631 -2.394521236 -0.291899234 -0.001037703 0.956448495 95.914855957
0.951812625 -0.008889628 0.306551427 4.281169891 0.007917369 0.999959052 0.004414960 -2.411225796 -0.306578100 -0.001775134 0.951843858 96.445396423
0.947173953 -0.008263772 0.320613623 4.478080750 0.007108118 0.999963403 0.004774728 -2.436886787 -0.320641279 -0.002243537 0.947198093 96.961730957
0.943429947 -0.008935108 0.331451446 4.666757584 0.007979750 0.999959171 0.004243177 -2.411552906 -0.331475735 -0.001358240 0.943462729 97.403465271
0.938744783 -0.008724851 0.344502628 4.879558563 0.007829267 0.999961376 0.003990770 -2.425332546 -0.344524115 -0.001049113 0.938776851 97.917350769
0.933560669 -0.008981258 0.358307123 5.091203690 0.007783792 0.999958217 0.004784281 -2.443108082 -0.358335078 -0.001677427 0.933591485 98.431274414
0.928865194 -0.009866456 0.370286465 5.323818207 0.008700804 0.999950528 0.004818143 -2.466244698 -0.370315731 -0.001253615 0.928905070 98.944404602
0.924432695 -0.010575906 0.381198645 5.558696747 0.009296865 0.999943316 0.005196714 -2.484944105 -0.381231964 -0.001260060 0.924478590 99.437225342
0.918071091 -0.010282120 0.396282673 5.736721039 0.009231431 0.999947011 0.004558529 -2.468109608 -0.396308601 -0.000526796 0.918117225 99.899452209
0.912372947 -0.010640623 0.409221679 5.987327576 0.009648809 0.999943376 0.004488298 -2.483684063 -0.409246355 -0.000146500 0.912423790 100.388442993
0.907525182 -0.011074621 0.419851661 6.235057831 0.010096843 0.999938667 0.004551135 -2.497667789 -0.419876248 0.000108907 0.907581329 100.864524841
0.902105629 -0.011586335 0.431359768 6.497520447 0.010221685 0.999932766 0.005481539 -2.510727167 -0.431394279 -0.000535703 0.902163327 101.336456299
0.895018458 -0.011029000 0.445892721 6.699092865 0.009832724 0.999939203 0.004996404 -2.496200562 -0.445920646 -0.000087533 0.895072460 101.789878845
0.889195144 -0.011388199 0.457386374 6.977512360 0.010093553 0.999935210 0.005274145 -2.509799719 -0.457416832 -0.000073091 0.889252305 102.267730713
0.883218765 -0.012007307 0.468807489 7.247409821 0.010634465 0.999927878 0.005575600 -2.517328262 -0.468840599 0.000061044 0.883282781 102.716773987
0.875840187 -0.011890436 0.482454717 7.530696869 0.010608546 0.999929249 0.005385383 -2.525722265 -0.482484609 0.000401407 0.875904381 103.189704895
0.868933201 -0.011311200 0.494800061 7.817306519 0.009748480 0.999935985 0.005739082 -2.544711590 -0.494833320 -0.000163331 0.868987918 103.628463745
0.863069057 -0.012988779 0.504918694 8.115909576 0.011354770 0.999915600 0.006313352 -2.562181473 -0.504958034 0.000284376 0.863143802 104.079551697
