1.000000000 0.000000000 0.000000000 0.000000000 0.000000000 1.000000000 0.000000000 0.000000000 0.000000000 0.000000000 1.000000000 0.000000000
1.000000000 -0.000021330 -0.000129580 0.004431095 0.000021336 1.000000000 0.000049719 -0.000977306 0.000129579 -0.000049721 1.000000000 -0.002299422
1.000000000 -0.000113535 -0.000086767 0.002162683 0.000113534 1.000000000 -0.000013210 -0.000333713 0.000086768 0.000013200 1.000000000 0.000035806
1.000000000 -0.000134017 -0.000097333 0.004401058 0.000134012 1.000000000 -0.000051631 0.000558991 0.000097340 0.000051618 1.000000000 0.000046917
1.000000000 -0.000057213 -0.000071669 0.004220980 0.000057211 1.000000000 -0.000035559 0.000124030 0.000071671 0.000035555 1.000000000 -0.004376983
1.000000000 -0.000139879 0.000012515 -0.002238473 0.000139879 1.000000000 0.000013048 0.000915183 -0.000012517 -0.000013046 1.000000000 -0.003443236
1.000000000 -0.000125864 -0.000131671 0.003827583 0.000125859 1.000000000 -0.000036608 -0.001119333 0.000131676 0.000036592 1.000000000 -0.003582665
1.000000000 -0.000129397 -0.000074869 0.003360861 0.000129396 1.000000000 -0.000002291 -0.000990545 0.000074869 0.000002281 1.000000000 0.000606885
1.000000000 -0.000080564 -0.000026757 0.001304937 0.000080565 1.000000000 0.000033759 -0.000057076 0.000026754 -0.000033761 1.000000000 -0.005690447
1.000000000 -0.000166748 -0.000094234 0.003593752 0.000166750 1.000000000 0.000019555 -0.001076756 0.000094231 -0.000019571 1.000000000 -0.001004467
0.999999940 -0.000257921 -0.000240955 0.007821109 0.000257923 0.999999940 0.000007516 -0.001095463 0.000240953 -0.000007578 1.000000000 -0.000086426
1.000000000 -0.000110469 -0.000116521 0.004386574 0.000110466 1.000000000 -0.000022269 -0.000563886 0.000116523 0.000022256 1.000000000 0.001218866
0.999999881 -0.000401975 -0.000146388 0.003812829 0.000401984 0.999999940 0.000062778 -0.000760036 0.000146363 -0.000062837 1.000000000 0.000838783
0.999999881 -0.000426905 -0.000199956 0.003893930 0.000426880 0.999999881 -0.000126061 -0.000365242 0.000200010 0.000125976 1.000000000 0.001226823
1.000000000 -0.000112283 0.000021830 -0.000435880 0.000112283 1.000000000 0.000029515 -0.000714454 -0.000021833 -0.000029512 1.000000000 -0.003546347
1.000000000 0.000023006 -0.000121344 0.001365521 -0.000023007 1.000000000 -0.000001748 0.002129642 0.000121344 0.000001751 1.000000000 -0.003194219
1.000000000 -0.000214822 -0.000042369 0.000982275 0.000214822 1.000000000 -0.000006190 0.001474719 0.000042370 0.000006181 1.000000000 -0.003734688
1.000000000 -0.000181777 -0.000135802 0.002018778 0.000181770 1.000000000 -0.000053505 -0.000332360 0.000135811 0.000053480 1.000000000 -0.005776145
1.000000000 -0.000217185 -0.000078548 0.002833190 0.000217188 1.000000000 0.000038635 -0.001197927 0.000078539 -0.000038652 1.000000000 -0.002711247
0.999999940 -0.000280128 -0.000166838 0.005097835 0.000280129 0.999999940 0.000007773 -0.000382614 0.000166836 -0.000007820 1.000000000 0.002430206
0.999999940 -0.000318103 -0.000137215 0.005325870 0.000318109 0.999999940 0.000040192 -0.002317178 0.000137203 -0.000040235 1.000000000 -0.002545316
1.000000000 -0.000223831 0.000006105 0.000158288 0.000223830 1.000000000 0.000042166 0.001367372 -0.000006114 -0.000042164 1.000000000 -0.004133835
0.999999940 -0.000214688 -0.000133682 0.008294404 0.000214686 1.000000000 -0.000015438 -0.001584566 0.000133686 0.000015410 1.000000000 0.001240468
1.000000000 -0.000189295 -0.000050537 0.001955780 0.000189294 1.000000000 -0.000011839 0.000694910 0.000050540 0.000011830 1.000000000 -0.008595616
1.000000000 -0.000140598 -0.000022777 -0.000150792 0.000140597 1.000000000 -0.000073416 0.000570674 0.000022787 0.000073412 1.000000000 -0.002439030
0.999999940 -0.000303231 -0.000103584 0.004452325 0.000303242 0.999999940 0.000097184 -0.000736769 0.000103555 -0.000097215 1.000000000 -0.000218763
0.999999881 -0.000449352 -0.000251199 0.006612449 0.000449356 0.999999881 0.000015855 0.000565009 0.000251192 -0.000015968 0.999999940 -0.000310782
0.999999940 -0.000178907 -0.000166882 0.004502699 0.000178915 1.000000000 0.000045107 -0.000569310 0.000166873 -0.000045137 1.000000000 0.000670190
0.999999940 -0.000218976 -0.000108498 0.003689145 0.000218993 0.999999940 0.000155176 -0.001268603 0.000108464 -0.000155200 1.000000000 0.004314968
0.999999940 -0.000314278 -0.000139925 0.002510199 0.000314297 0.999999940 0.000131611 -0.001485061 0.000139884 -0.000131655 1.000000000 0.002133539
0.999999881 -0.000418795 -0.000128881 0.002761025 0.000418813 0.999999881 0.000146899 -0.003145220 0.000128820 -0.000146953 1.000000000 -0.007848537
1.000000000 -0.000043266 -0.000031812 0.000050152 0.000043267 1.000000000 0.000019070 0.000424810 0.000031812 -0.000019071 1.000000000 -0.001482405
1.000000000 -0.000130960 0.000037856 -0.000044805 0.000130960 1.000000000 -0.000022715 0.001505655 -0.000037853 0.000022720 1.000000000 -0.003972941
0.999999940 -0.000294276 -0.000177999 0.003779243 0.000294270 0.999999940 -0.000033266 0.001214806 0.000178008 0.000033214 1.000000000 0.002371970
0.999999940 -0.000276169 -0.000122209 0.004017856 0.000276174 0.999999940 0.000047274 0.000286611 0.000122196 -0.000047308 1.000000000 0.001477557
0.999999940 -0.000268910 -0.000174711 0.007520824 0.000268918 0.999999940 0.000043556 0.000260126 0.000174700 -0.000043603 1.000000000 0.004093023
0.999999881 -0.000323866 -0.000278317 0.008029789 0.000323919 0.999999940 0.000188718 -0.002489198 0.000278256 -0.000188808 0.999999940 -0.000662243
0.999999881 -0.000422624 -0.000185342 0.002463317 0.000422624 0.999999940 0.000002668 -0.000326642 0.000185340 -0.000002747 1.000000000 -0.004289831
0.999999940 -0.000225343 -0.000213623 0.010501127 0.000225215 0.999999821 -0.000598660 -0.004445430 0.000213758 0.000598612 0.999999821 0.054222386
1.000000000 -0.000173929 -0.000154514 0.007007593 0.000173741 0.999999225 -0.001213560 -0.004348857 0.000154725 0.001213533 0.999999225 0.144897252
1.000000000 -0.000207883 -0.000051478 0.005438741 0.000207816 0.999999166 -0.001293455 -0.011625152 0.000051747 0.001293444 0.999999166 0.264642417
1.000000000 -0.000087597 0.000145589 0.001874373 0.000087770 0.999999285 -0.001189849 -0.017741824 -0.000145485 0.001189862 0.999999285 0.388913661
0.999999940 -0.000283605 -0.000271932 0.012022464 0.000283303 0.999999344 -0.001110301 -0.021032615 0.000272247 0.001110223 0.999999344 0.541991234
1.000000000 -0.000219408 -0.000100040 0.011680046 0.000219311 0.999999523 -0.000963976 -0.029990593 0.000100252 0.000963954 0.999999523 0.696026385
0.999999881 -0.000421502 0.000106673 0.018731225 0.000421613 0.999999344 -0.001042449 -0.025408857 -0.000106233 0.001042494 0.999999464 0.871089756
1.000000000 -0.000112148 -0.000061753 0.018239636 0.000112106 0.999999762 -0.000682885 -0.034451265 0.000061830 0.000682878 0.999999762 1.035010695
1.000000000 -0.000032437 0.000154640 0.021328416 0.000032567 0.999999642 -0.000838281 -0.030788496 -0.000154613 0.000838286 0.999999642 1.213435292
0.999999940 -0.000201707 0.000139674 0.032022692 0.000201788 0.999999821 -0.000579328 -0.044279825 -0.000139557 0.000579356 0.999999821 1.414375186
0.999999940 -0.000020823 -0.000380366 0.036508564 0.000020694 0.999999940 -0.000337794 -0.051779784 0.000380373 0.000337786 0.999999881 1.601670027
0.999999940 -0.000408716 0.000043219 0.039440218 0.000408716 0.999999940 -0.000005453 -0.058979034 -0.000043217 0.000005471 1.000000000 1.787813067
0.999996185 0.002691684 -0.000507974 0.062587097 -0.002692221 0.999995828 -0.001059437 -0.079506606 0.000505120 0.001060800 0.999999285 1.961049199
0.999996722 0.002481132 -0.000651405 0.068152562 -0.002481867 0.999996364 -0.001130587 -0.085476317 0.000648598 0.001132200 0.999999166 2.190141439
0.999995589 0.002952923 -0.000175768 0.067125402 -0.002953114 0.999995053 -0.001095703 -0.085746802 0.000172532 0.001096217 0.999999344 2.394783258
0.999995470 0.002966903 -0.000448863 0.078344129 -0.002967355 0.999995112 -0.001011202 -0.102247730 0.000445861 0.001012530 0.999999404 2.615350246
0.999996603 0.002589773 -0.000352651 0.085462876 -0.002590145 0.999996066 -0.001056754 -0.109452300 0.000349913 0.001057664 0.999999344 2.849849463
0.999996305 0.002639652 -0.000523329 0.093534090 -0.002640245 0.999995887 -0.001134799 -0.112507425 0.000520331 0.001136177 0.999999225 3.101863146
0.999995947 0.002820348 -0.000151472 0.089326978 -0.002820488 0.999995589 -0.000931895 -0.118678510 0.000148844 0.000932318 0.999999583 3.326344728
0.999995649 0.002936788 -0.000163842 0.099751987 -0.002936896 0.999995410 -0.000663876 -0.140892312 0.000161891 0.000664355 0.999999762 3.565559626
0.999995291 0.003055878 -0.000082688 0.103730127 -0.003055924 0.999995172 -0.000563278 -0.150530040 0.000080967 0.000563528 0.999999821 3.815422058
0.999995947 0.002839030 -0.000088837 0.112382948 -0.002839070 0.999995887 -0.000450890 -0.153977931 0.000087556 0.000451141 0.999999940 4.086902618
0.999995112 0.003092007 0.000202805 0.106495462 -0.003091986 0.999995172 -0.000101380 -0.163837150 -0.000203118 0.000100752 1.000000000 4.331736565
0.999995232 0.003096665 -0.000002728 0.119656324 -0.003096666 0.999995172 -0.000209654 -0.171744540 0.000002078 0.000209662 1.000000000 4.592682362
0.999995112 0.003066939 0.000566028 0.116344765 -0.003066856 0.999995232 -0.000146041 -0.180268094 -0.000566473 0.000144304 0.999999940 4.854766369
0.999994755 0.003215230 0.000360902 0.136220843 -0.003215130 0.999994814 -0.000275829 -0.190360501 -0.000361787 0.000274667 0.999999940 5.129654408
0.999996483 0.002646474 0.000008529 0.128509536 -0.002646478 0.999996364 0.000421258 -0.207421944 -0.000007414 -0.000421279 0.999999881 5.384708881
0.999996722 0.002561762 0.000243620 0.129802987 -0.002561843 0.999996662 0.000329882 -0.214861736 -0.000242774 -0.000330505 0.999999940 5.642473221
0.999997854 0.002053737 -0.000005387 0.139858440 -0.002053732 0.999997675 0.000771613 -0.225402996 0.000006972 -0.000771600 0.999999762 5.908981323
0.999996006 0.002819647 0.000135783 0.147595719 -0.002819702 0.999995947 0.000404052 -0.231193259 -0.000134643 -0.000404433 0.999999940 6.186806202
0.999995708 0.002906077 0.000403378 0.148315713 -0.002906365 0.999995530 0.000714981 -0.248393744 -0.000401299 -0.000716151 0.999999642 6.485484123
0.999996066 0.002799048 0.000173434 0.151962325 -0.002799105 0.999996066 0.000329992 -0.254109353 -0.000172510 -0.000330476 0.999999940 6.778899193
0.999996901 0.002387857 0.000651335 0.157590330 -0.002388117 0.999997020 0.000399257 -0.262757272 -0.000650379 -0.000400811 0.999999642 7.076553345
0.999997497 0.002203272 0.000036851 0.176194787 -0.002203298 0.999997318 0.000727827 -0.275137156 -0.000035248 -0.000727906 0.999999702 7.370257854
0.999996662 0.002538415 0.000551899 0.171798363 -0.002538707 0.999996662 0.000529829 -0.285602927 -0.000550552 -0.000531228 0.999999642 7.694446087
0.999996722 0.002519713 0.000265444 0.194129065 -0.002520092 0.999995768 0.001440010 -0.311632842 -0.000261814 -0.001440673 0.999998927 7.992249489
0.999996424 0.002630315 0.000452836 0.199625969 -0.002630923 0.999995530 0.001346529 -0.318433642 -0.000449292 -0.001347716 0.999998927 8.313899040
0.999995589 0.002912058 0.000491423 0.203477979 -0.002912540 0.999995291 0.000982564 -0.320983618 -0.000488559 -0.000983991 0.999999344 8.634514809
0.999996662 0.002493577 0.000661819 0.204919234 -0.002494261 0.999996364 0.001036137 -0.328489900 -0.000659233 -0.001037784 0.999999225 8.982145309
0.999997020 0.002406503 0.000412315 0.220903844 -0.002407111 0.999996006 0.001480334 -0.346475989 -0.000408751 -0.001481322 0.999998808 9.303483009
0.999997973 0.001975400 0.000151439 0.236682296 -0.001975583 0.999997318 0.001217996 -0.351766795 -0.000149033 -0.001218293 0.999999285 9.646030426
0.999997973 0.002039797 0.000168861 0.233424217 -0.002040021 0.999997079 0.001338124 -0.358279377 -0.000166131 -0.001338466 0.999999046 10.002702713
0.999997854 0.002051026 0.000113519 0.246582031 -0.002051201 0.999996603 0.001564221 -0.374794930 -0.000110310 -0.001564451 0.999998808 10.354845047
0.999996781 0.002479526 0.000491536 0.248758584 -0.002480370 0.999995410 0.001722745 -0.387150913 -0.000487262 -0.001723958 0.999998331 10.725881577
0.999996126 0.002759424 0.000226323 0.269019067 -0.002759859 0.999994278 0.001950223 -0.411989927 -0.000220940 -0.001950840 0.999998093 11.071450233
0.999994814 0.003162580 0.000566942 0.271267027 -0.003163559 0.999993503 0.001735438 -0.423065841 -0.000561450 -0.001737223 0.999998391 11.457417488
0.999996901 0.002482713 0.000334362 0.288040608 -0.002483319 0.999995232 0.001826483 -0.429162174 -0.000329826 -0.001827308 0.999998331 11.832444191
0.999994159 0.003351749 0.000776854 0.287313104 -0.003353498 0.999991894 0.002260928 -0.444277555 -0.000769270 -0.002263520 0.999997199 12.193883896
0.999994457 0.003224997 0.000812388 0.291234463 -0.003226874 0.999992073 0.002320590 -0.455305308 -0.000804898 -0.002323199 0.999997079 12.578170776
0.999997139 0.002329542 0.000500215 0.310710162 -0.002330859 0.999993801 0.002649566 -0.481746376 -0.000494039 -0.002650725 0.999996305 12.986290932
0.999994934 0.003114066 0.000681664 0.320308983 -0.003115888 0.999991596 0.002687333 -0.498960316 -0.000673289 -0.002689443 0.999996126 13.369656563
0.999994218 0.003168943 0.001222495 0.331410170 -0.003172163 0.999991477 0.002641272 -0.500502646 -0.001214115 -0.002645135 0.999995768 13.789414406
0.999992430 0.003606219 0.001455336 0.326953322 -0.003610964 0.999988198 0.003271541 -0.517821550 -0.001443521 -0.003276771 0.999993563 14.200606346
0.999998093 0.001757207 0.000852752 0.352159381 -0.001759722 0.999994099 0.002958228 -0.547450662 -0.000847548 -0.002959724 0.999995172 14.606044769
0.999998391 0.001169988 0.001355461 0.363380283 -0.001174761 0.999993086 0.003525281 -0.555255830 -0.001351327 -0.003526868 0.999992847 15.044360161
0.999997556 0.001469484 0.001653058 0.373871833 -0.001475464 0.999992430 0.003622214 -0.567815661 -0.001647722 -0.003624644 0.999992073 15.470829010
0.999996305 0.001797973 0.002064571 0.388743132 -0.001805675 0.999991477 0.003735033 -0.579057932 -0.002057838 -0.003738747 0.999990880 15.917145729
0.999994457 0.002211300 0.002470457 0.390957206 -0.002220116 0.999991179 0.003571320 -0.601615369 -0.002462538 -0.003576785 0.999990523 16.385347366
0.999995470 0.001775136 0.002436332 0.403599024 -0.001785542 0.999989271 0.004275693 -0.644112229 -0.002428716 -0.004280024 0.999987900 16.755403519
0.999993205 0.002407291 0.002814582 0.417165190 -0.002420806 0.999985516 0.004808415 -0.658832967 -0.002802966 -0.004815196 0.999984503 17.225107193
0.999992311 0.002553916 0.003000770 0.429066390 -0.002568784 0.999984384 0.004961677 -0.666225314 -0.002988051 -0.004969348 0.999983191 17.678268433
0.999993682 0.001680974 0.003148694 0.447170943 -0.001698517 0.999983013 0.005577188 -0.687291026 -0.003139266 -0.005582502 0.999979496 18.134016037
0.999991179 0.001561398 0.003907666 0.451590776 -0.001583075 0.999983251 0.005550337 -0.689537227 -0.003898935 -0.005556474 0.999976933 18.630868912
0.999993026 0.001406523 0.003467210 0.474503696 -0.001423011 0.999987662 0.004757583 -0.719237864 -0.003460477 -0.004762483 0.999982655 19.095233917
0.999993443 0.001241238 0.003423516 0.492216498 -0.001256708 0.999989033 0.004520116 -0.731345773 -0.003417869 -0.004524388 0.999983907 19.573102951
0.999991655 0.002085809 0.003511977 0.501302183 -0.002103905 0.999984503 0.005156712 -0.742051661 -0.003501166 -0.005164058 0.999980509 20.052877426
0.999992490 0.001585143 0.003528665 0.503028274 -0.001602683 0.999986410 0.004973496 -0.761651218 -0.003520733 -0.004979115 0.999981344 20.574758530
0.999994874 0.001149604 0.002993318 0.551033914 -0.001165918 0.999984443 0.005454128 -0.786854446 -0.002987003 -0.005457590 0.999980628 21.021100998
0.999996841 0.001180103 0.002189456 0.561833382 -0.001192423 0.999983430 0.005634096 -0.801538467 -0.002182770 -0.005636690 0.999981761 21.533815384
0.999993563 0.002218336 0.002787363 0.553298533 -0.002234138 0.999981284 0.005678921 -0.816769719 -0.002774714 -0.005685112 0.999980032 21.998363495
0.999994576 0.001717417 0.002796082 0.573077142 -0.001734191 0.999980450 0.006007935 -0.834142804 -0.002785710 -0.006012751 0.999978006 22.523130417
0.999998868 0.001155072 0.001056078 0.606583118 -0.001161710 0.999979377 0.006307066 -0.851508856 -0.001048771 -0.006308286 0.999979556 23.035385132
0.999998748 0.001438374 0.000637729 0.610803306 -0.001442658 0.999975979 0.006768607 -0.876164556 -0.000627978 -0.006769519 0.999976933 23.569803238
0.999999762 0.000480804 -0.000309872 0.628139138 -0.000478944 0.999981940 0.005976869 -0.878078043 0.000312739 -0.005976721 0.999982119 24.078889847
0.999998927 0.001258116 -0.000677914 0.634759486 -0.001253763 0.999978840 0.006384767 -0.890836120 0.000685932 -0.006383910 0.999979377 24.602905273
0.999997735 0.001543097 -0.001467444 0.646255314 -0.001533704 0.999978483 0.006380210 -0.900655568 0.001477257 -0.006377944 0.999978602 25.139585495
0.999996901 0.001631598 -0.001853680 0.651725411 -0.001619807 0.999978542 0.006344477 -0.910181999 0.001863991 -0.006341455 0.999978125 25.686059952
0.999997675 0.000747769 -0.002024236 0.663211524 -0.000735080 0.999980092 0.006262341 -0.921262622 0.002028878 -0.006260838 0.999978304 26.235221863
0.999996364 0.001385081 -0.002310363 0.672927976 -0.001368117 0.999972224 0.007328073 -0.938077509 0.002320448 -0.007324885 0.999970496 26.779079437
0.999995232 0.001447540 -0.002745336 0.685639679 -0.001427412 0.999972224 0.007319447 -0.955283523 0.002755855 -0.007315494 0.999969423 27.314813614
0.999992609 0.002681618 -0.002778181 0.694017112 -0.002662098 0.999971926 0.007006124 -0.972760439 0.002796891 -0.006998676 0.999971569 27.866855621
0.999991715 0.002478493 -0.003250929 0.700155973 -0.002456052 0.999973297 0.006888816 -0.969721794 0.003267916 -0.006880774 0.999971032 28.415365219
0.999992371 0.002081143 -0.003305372 0.702946186 -0.002054363 0.999965191 0.008084634 -1.012700558 0.003322082 -0.008077784 0.999961793 28.946281433
0.999992609 0.001834937 -0.003390569 0.712167501 -0.001809102 0.999969423 0.007607144 -1.023970127 0.003404424 -0.007600954 0.999965250 29.488861084
0.999988616 0.002298912 -0.004181441 0.723367989 -0.002265122 0.999964833 0.008067871 -1.038466454 0.004199842 -0.008058307 0.999958694 30.038991928
0.999988377 0.002356284 -0.004202968 0.734462738 -0.002322077 0.999964237 0.008125167 -1.052804351 0.004221963 -0.008115311 0.999958158 30.583646774
0.999988258 0.002185129 -0.004316980 0.738253951 -0.002148249 0.999961317 0.008529249 -1.071210504 0.004335450 -0.008519875 0.999954283 31.125305176
0.999986351 0.002720586 -0.004446871 0.754271507 -0.002681326 0.999957621 0.008810766 -1.089116812 0.004470652 -0.008798723 0.999951243 31.671846390
0.999986589 0.001863297 -0.004836243 0.781464338 -0.001820122 0.999958634 0.008916413 -1.105391145 0.004852656 -0.008907490 0.999948502 32.205024719
0.999984920 0.002321717 -0.004959674 0.777738452 -0.002280516 0.999962926 0.008296723 -1.097494841 0.004978751 -0.008285287 0.999953270 32.734786987
0.999987900 0.002216838 -0.004374374 0.766122282 -0.002177902 0.999958158 0.008885703 -1.116370082 0.004393888 -0.008876068 0.999950945 33.272487640
0.999985933 0.003264594 -0.004157134 0.771272779 -0.003228118 0.999956489 0.008750796 -1.129937649 0.004185521 -0.008737254 0.999953091 33.815464020
0.999981284 0.002487050 -0.005587997 0.797944248 -0.002436074 0.999955535 0.009110830 -1.145679593 0.005610408 -0.009097048 0.999942899 34.391330719
0.999980688 0.002023718 -0.005874721 0.815852284 -0.001969476 0.999955475 0.009224188 -1.155560970 0.005893127 -0.009212439 0.999940217 34.926044464
0.999981940 0.002808661 -0.005314147 0.810230076 -0.002758391 0.999951661 0.009443440 -1.171995878 0.005340411 -0.009428610 0.999941289 35.451740265
0.999980271 0.001731344 -0.006038977 0.822622895 -0.001672609 0.999951363 0.009717514 -1.205203772 0.006055508 -0.009707221 0.999934554 36.044372559
0.999978900 0.002112604 -0.006145256 0.828583837 -0.002053066 0.999951005 0.009678664 -1.215187550 0.006165402 -0.009665843 0.999934316 36.605461121
0.999977887 0.000743116 -0.006596706 0.844980061 -0.000670588 0.999939382 0.010989882 -1.242364526 0.006604473 -0.010985215 0.999917865 37.130626678
0.999979913 0.001842144 -0.006070669 0.842699528 -0.001784087 0.999952674 0.009555170 -1.232686996 0.006087985 -0.009544144 0.999935925 37.656566620
0.999978185 0.000820747 -0.006558026 0.853827596 -0.000750911 0.999943078 0.010644432 -1.282031417 0.006566390 -0.010639274 0.999921799 38.277824402
0.999978781 0.000963213 -0.006451405 0.858089149 -0.000895812 0.999945045 0.010442261 -1.290619493 0.006461109 -0.010436258 0.999924660 38.835136414
0.999980390 0.000875774 -0.006189830 0.838632941 -0.000808015 0.999939859 0.010940833 -1.296968460 0.006199040 -0.010935618 0.999921024 39.294918060
0.999980628 0.001196201 -0.006108806 0.850268841 -0.001127532 0.999936283 0.011232021 -1.301900864 0.006121853 -0.011224913 0.999918222 39.840858459
0.999977469 0.000823054 -0.006660859 0.894401193 -0.000749998 0.999939620 0.010963082 -1.318856478 0.006669480 -0.010957839 0.999917746 40.443489075
0.999978125 0.000721768 -0.006573882 0.899968326 -0.000649311 0.999939024 0.011017499 -1.339789391 0.006581434 -0.011012989 0.999917746 40.993572235
0.999973059 0.001039190 -0.007258119 0.915970325 -0.000952887 0.999928951 0.011883789 -1.378184557 0.007269952 -0.011876551 0.999903023 41.591495514
0.999974728 0.001194090 -0.007004804 0.920350194 -0.001111234 0.999929547 0.011820367 -1.384412766 0.007018425 -0.011812283 0.999905586 42.145095825
0.999972522 0.000597227 -0.007385303 0.924276114 -0.000507150 0.999925494 0.012192719 -1.404803634 0.007392035 -0.012188639 0.999898314 42.685314178
0.999970734 -0.000104764 -0.007644992 0.916751802 0.000199565 0.999923050 0.012400754 -1.424760103 0.007643105 -0.012401916 0.999893844 43.202537537
0.999971926 0.000630941 -0.007455739 0.937972188 -0.000538474 0.999922931 0.012397637 -1.429435492 0.007462987 -0.012393276 0.999895334 43.787017822
0.999974370 0.000880913 -0.007098621 0.939407706 -0.000791803 0.999920964 0.012546047 -1.441063404 0.007109113 -0.012540103 0.999896109 44.336814880
0.999973953 0.000709949 -0.007184489 0.950330257 -0.000622214 0.999925315 0.012206599 -1.444962263 0.007192619 -0.012201810 0.999899685 44.895252228
0.999975026 0.000746479 -0.007018188 0.957630336 -0.000660521 0.999924839 0.012242244 -1.456683159 0.007026798 -0.012237303 0.999900460 45.445983887
0.999974906 0.000566784 -0.007061481 0.958450139 -0.000479662 0.999923825 0.012333177 -1.463944674 0.007067933 -0.012329481 0.999899030 45.971256256
0.999974370 0.000675310 -0.007130910 0.984735131 -0.000588969 0.999926567 0.012103302 -1.477412343 0.007138559 -0.012098793 0.999901295 46.548843384
0.999974310 0.001040761 -0.007106152 1.006569624 -0.000950256 0.999918520 0.012727643 -1.502873421 0.007118820 -0.012720563 0.999893725 47.081573486
0.999971867 0.000966162 -0.007452222 1.011161327 -0.000875736 0.999926031 0.012127723 -1.495686769 0.007463388 -0.012120853 0.999898732 47.656391144
0.999971509 0.001235071 -0.007460649 1.006009936 -0.001143387 0.999923885 0.012280779 -1.510282040 0.007475249 -0.012271896 0.999896824 48.214607239
0.999976337 0.000718609 -0.006837861 1.001238346 -0.000629261 0.999914527 0.013059709 -1.535605431 0.006846662 -0.013055099 0.999891341 48.736228943
0.999974787 0.000790864 -0.007046649 1.015395164 -0.000697274 0.999911666 0.013273983 -1.547339439 0.007056523 -0.013268737 0.999887049 49.285709381
0.999975145 0.000915141 -0.006984485 1.021189451 -0.000820656 0.999908328 0.013518712 -1.557791471 0.006996217 -0.013512648 0.999884248 49.833759308
0.999975681 0.000487836 -0.006952823 1.029734492 -0.000398031 0.999916553 0.012911802 -1.562431097 0.006958543 -0.012908720 0.999892414 50.368694305
0.999976635 0.001064907 -0.006753101 1.027146816 -0.000972881 0.999906838 0.013615922 -1.580193758 0.006766971 -0.013609036 0.999884486 50.933986664
0.999978065 0.001734151 -0.006388334 1.031016350 -0.001646119 0.999903977 0.013759654 -1.589082956 0.006411581 -0.013748839 0.999884903 51.480281830
0.999976575 0.000615721 -0.006817056 1.040410399 -0.000525839 0.999912977 0.013178864 -1.586173773 0.006824575 -0.013174971 0.999889910 52.005138397
0.999977648 0.001094537 -0.006593848 1.053776145 -0.001004141 0.999905646 0.013696939 -1.610601664 0.006608217 -0.013690013 0.999884427 52.524818420
0.999977291 0.001241825 -0.006628517 1.030839801 -0.001145591 0.999894142 0.014502268 -1.628310919 0.006645825 -0.014494345 0.999872863 53.043197632
0.999976933 0.001624531 -0.006591253 1.063974380 -0.001531453 0.999899387 0.014101933 -1.645291090 0.006613500 -0.014091513 0.999878824 53.655830383
0.999977112 0.001584403 -0.006578078 1.086599708 -0.001494605 0.999905884 0.013633645 -1.643362284 0.006599062 -0.013623499 0.999885380 54.200698853
0.999979615 0.002045516 -0.006060307 1.061224341 -0.001955997 0.999889374 0.014740611 -1.663799763 0.006089791 -0.014728453 0.999872983 54.737068176
0.999982536 0.001717366 -0.005659586 1.074315071 -0.001635643 0.999894738 0.014412944 -1.678731084 0.005683744 -0.014403433 0.999880075 55.287277222
0.999978900 0.001982736 -0.006183644 1.083840370 -0.001892603 0.999892294 0.014548049 -1.691516876 0.006211823 -0.014536041 0.999875069 55.789459229
0.999977291 0.002222377 -0.006353960 1.088602781 -0.002130018 0.999892473 0.014505642 -1.694604039 0.006385514 -0.014491782 0.999874651 56.347904205
0.999979079 0.002798422 -0.005828370 1.094515324 -0.002714228 0.999892533 0.014403513 -1.696754217 0.005868051 -0.014387392 0.999879301 56.888423920
0.999977708 0.002231741 -0.006287488 1.124126434 -0.002141001 0.999894023 0.014401756 -1.708472490 0.006318963 -0.014387976 0.999876499 57.460941315
0.999982357 0.002328523 -0.005464368 1.105464697 -0.002244535 0.999880016 0.015326245 -1.732437611 0.005499400 -0.015313710 0.999867558 57.919570923
0.999983668 0.001916302 -0.005387443 1.114007473 -0.001837415 0.999891520 0.014609762 -1.738193989 0.005414855 -0.014599625 0.999878705 58.451351166
0.999982178 0.002142579 -0.005557393 1.130096436 -0.002058584 0.999884248 0.015076079 -1.739706993 0.005589051 -0.015064373 0.999870896 58.995429993
0.999976575 0.001230472 -0.006728669 1.136656880 -0.001130051 0.999888241 0.014907783 -1.741885900 0.006746261 -0.014899833 0.999866188 59.540241241
0.999976277 0.000996101 -0.006805486 1.156025648 -0.000895317 0.999890208 0.014796139 -1.755070925 0.006819475 -0.014789695 0.999867380 60.068687439
0.999983072 0.002922866 -0.005030117 1.138141394 -0.002846249 0.999880850 0.015172203 -1.760574222 0.005073865 -0.015157632 0.999872267 60.596359253
0.999983966 0.002488034 -0.005087401 1.153741360 -0.002414101 0.999892116 0.014487494 -1.767333388 0.005122898 -0.014474979 0.999882102 61.148040771
0.999979138 0.002740996 -0.005851171 1.203455329 -0.002650532 0.999877691 0.015413266 -1.795908928 0.005892702 -0.015397434 0.999864101 61.629104614
0.999981403 0.001954456 -0.005777262 1.194712877 -0.001871350 0.999895155 0.014355381 -1.783264399 0.005804714 -0.014344303 0.999880254 62.214660645
0.999984324 0.003013851 -0.004717742 1.182503700 -0.002942821 0.999883294 0.014990876 -1.801519036 0.004762374 -0.014976757 0.999876440 62.743717194
0.999982774 0.003328773 -0.004841265 1.187960863 -0.003253700 0.999875665 0.015432928 -1.812420845 0.004892037 -0.015416908 0.999869168 63.279315948
0.999982357 0.003058631 -0.005081782 1.197161674 -0.002982073 0.999882996 0.015004722 -1.820729256 0.005127083 -0.014989302 0.999874532 63.818031311
0.999983311 0.003491700 -0.004610148 1.195003390 -0.003424123 0.999887764 0.014585461 -1.826178312 0.004660557 -0.014569432 0.999882936 64.364685059
0.999985278 0.003062984 -0.004481352 1.187987685 -0.002994319 0.999879181 0.015249748 -1.855235696 0.004527519 -0.015236105 0.999873698 64.924034119
0.999982476 0.002540129 -0.005346402 1.216479540 -0.002458798 0.999881923 0.015164271 -1.861702442 0.005384293 -0.015150858 0.999870718 65.483131409
0.999986529 0.002904008 -0.004305475 1.213433981 -0.002836629 0.999874651 0.015574242 -1.879247785 0.004350164 -0.015561817 0.999869466 66.004463196
0.999983490 0.004116558 -0.004004887 1.241961002 -0.004055406 0.999876857 0.015159500 -1.861278415 0.004066799 -0.015143005 0.999877036 66.486976624
0.999982893 0.004000927 -0.004261702 1.250385761 -0.003938150 0.999885142 0.014638173 -1.865869999 0.004319779 -0.014621140 0.999883771 67.034126282
0.999982774 0.004011629 -0.004269156 1.268593907 -0.003948351 0.999883711 0.014728734 -1.881492734 0.004327748 -0.014711625 0.999882460 67.577201843
0.999982536 0.004518133 -0.003814518 1.270195365 -0.004460508 0.999877810 0.014982590 -1.894070387 0.003881745 -0.014965314 0.999880433 68.070533752
0.999983788 0.004303415 -0.003741307 1.279120922 -0.004249304 0.999888003 0.014352926 -1.895115852 0.003802654 -0.014336796 0.999889970 68.612731934
0.999982715 0.004724616 -0.003483100 1.278962374 -0.004673283 0.999882400 0.014601336 -1.912693858 0.003551678 -0.014584809 0.999887347 69.147994995
0.999982178 0.004803960 -0.003542835 1.296702981 -0.004750834 0.999878287 0.014854739 -1.912866235 0.003613766 -0.014837641 0.999883354 69.642852783
0.999981225 0.004851179 -0.003744156 1.314476252 -0.004794138 0.999874532 0.015096026 -1.930880785 0.003816919 -0.015077793 0.999879062 70.178596497
0.999980390 0.005126332 -0.003571172 1.337188601 -0.005074044 0.999881864 0.014500302 -1.933218002 0.003645085 -0.014481898 0.999888480 70.692092896
0.999976456 0.006157128 -0.003020275 1.351806521 -0.006112994 0.999877393 0.014410454 -1.942025065 0.003108632 -0.014391652 0.999891639 71.198966980
0.999981284 0.005069140 -0.003423007 1.344599009 -0.005017783 0.999877095 0.014849133 -1.948112249 0.003497859 -0.014831678 0.999883890 71.697196960
0.999980867 0.004785018 -0.003906295 1.353277922 -0.004727227 0.999881148 0.014671666 -1.957151890 0.003976035 -0.014652919 0.999884725 72.251930237
0.999977708 0.005602508 -0.003658065 1.368774772 -0.005547884 0.999875426 0.014775906 -1.970991731 0.003740392 -0.014755281 0.999884129 72.778060913
0.999977469 0.006103054 -0.002775617 1.365091920 -0.006062380 0.999877453 0.014433350 -1.967183113 0.002863364 -0.014416200 0.999891937 73.290107727
0.999977648 0.005863155 -0.003211554 1.378332734 -0.005816916 0.999881923 0.014222594 -1.980525494 0.003294564 -0.014203595 0.999893725 73.827896118
0.999981821 0.005234978 -0.002984973 1.406544328 -0.005191950 0.999885023 0.014245152 -1.997511387 0.003059203 -0.014229396 0.999894083 74.361610413
0.999978423 0.006086720 -0.002467793 1.396744967 -0.006049519 0.999872029 0.014811558 -2.001385212 0.002557632 -0.014796310 0.999887168 74.827095032
0.999980927 0.005409126 -0.002967030 1.418360710 -0.005365507 0.999880254 0.014517138 -2.008955002 0.003045199 -0.014500941 0.999890149 75.375503540
0.999973476 0.006505493 -0.003266057 1.494252324 -0.006454961 0.999862909 0.015251081 -2.065579414 0.003364825 -0.015229594 0.999878347 75.819625854
0.999977052 0.006319458 -0.002449220 1.442747831 -0.006282785 0.999872148 0.014702430 -2.034308434 0.002541821 -0.014686705 0.999888897 76.333427429
0.999980211 0.005673186 -0.002729020 1.459500909 -0.005632838 0.999877989 0.014572057 -2.040941477 0.002811357 -0.014556397 0.999890149 76.873207092
0.999979258 0.006077181 -0.002141401 1.438506365 -0.006045292 0.999875247 0.014595675 -2.040476322 0.002229834 -0.014582430 0.999891162 77.419876099
0.999975622 0.006535575 -0.002430208 1.476297140 -0.006499466 0.999872565 0.014580688 -2.051060200 0.002525191 -0.014564537 0.999890745 77.849899292
0.999971449 0.007358748 -0.001700450 1.476054549 -0.007333111 0.999866247 0.014619765 -2.049100399 0.001807807 -0.014606878 0.999891639 78.411865234
0.999973118 0.006969196 -0.002289098 1.506011605 -0.006935721 0.999873340 0.014319779 -2.067285538 0.002388605 -0.014303520 0.999894857 78.861167908
0.999977767 0.006292902 -0.002224638 1.521121502 -0.006260987 0.999881327 0.014073214 -2.072095871 0.002312935 -0.014058971 0.999898553 79.416198730
0.999975443 0.006941193 -0.000934389 1.526864529 -0.006927510 0.999879003 0.013926721 -2.081909180 0.001030944 -0.013919907 0.999902546 79.996002197
0.999965549 0.008199255 0.001234434 1.559870601 -0.008216382 0.999859929 0.014575199 -2.097588778 -0.001114754 -0.014584844 0.999893010 80.396705627
0.999963939 0.008077448 0.002612175 1.561679363 -0.008114173 0.999863744 0.014367553 -2.104629755 -0.002495766 -0.014388232 0.999893308 80.945785522
0.999960840 0.008085457 0.003586790 1.572022557 -0.008138661 0.999853194 0.015074885 -2.104923010 -0.003464376 -0.015103488 0.999879956 81.467926025
0.999926329 0.009722661 0.007268105 1.594500422 -0.009828876 0.999843240 0.014723699 -2.145322561 -0.007123812 -0.014794052 0.999865174 81.949661255
0.999908209 0.008661967 0.010416991 1.692148447 -0.008792887 0.999882102 0.012588431 -2.067014933 -0.010306723 -0.012678872 0.999866426 82.422721863
0.999893248 0.007299625 0.012652006 1.736057997 -0.007448584 0.999902964 0.011766624 -2.072323322 -0.012564887 -0.011859607 0.999850690 82.982124329
0.999815106 0.007751574 0.017593989 1.745211005 -0.007959832 0.999898672 0.011797828 -2.069389820 -0.017500754 -0.011935690 0.999775529 83.491325378
0.999663472 0.009512535 0.024132306 1.774859071 -0.009815347 0.999874175 0.012460664 -2.109746695 -0.024010738 -0.012693337 0.999631047 84.012924194
0.999486625 0.002815775 0.031912476 1.839337111 -0.003244780 0.999904931 0.013399352 -2.122739315 -0.031871710 -0.013496024 0.999400854 84.328895569
0.999269724 0.003626793 0.038036332 1.872554421 -0.004152359 0.999896824 0.013747594 -2.137103081 -0.037982553 -0.013895497 0.999181807 84.866477966
0.998881757 0.004188901 0.047092404 1.908023834 -0.004813112 0.999901950 0.013149459 -2.132881641 -0.047032706 -0.013361415 0.998804033 85.413574219
0.998489976 0.003256080 0.054837592 1.955608368 -0.003978975 0.999906421 0.013078464 -2.143305063 -0.054789893 -0.013276912 0.998409629 85.946640015
0.997978032 -0.005569372 0.063314699 1.967796087 0.004864515 0.999924541 0.011281298 -2.081880808 -0.063372746 -0.010950495 0.997929811 86.516349792
0.997362971 -0.006218720 0.072308064 2.032567501 0.005476385 0.999930263 0.010460009 -2.084117413 -0.072368070 -0.010036439 0.997327447 87.065551758
0.996625960 -0.006387520 0.081828386 2.094929695 0.005553646 0.999930382 0.010414080 -2.106280804 -0.081889197 -0.009924496 0.996592045 87.616012573
0.995741785 -0.004512669 0.092075929 2.157728672 0.003470188 0.999928057 0.011478927 -2.150453329 -0.092121109 -0.011110527 0.995685816 88.062011719
0.994910002 -0.009012524 0.100363813 2.136842251 0.007997095 0.999912739 0.010515226 -2.238206863 -0.100449808 -0.009659081 0.994895220 88.932922363
0.993781984 -0.008422645 0.111024514 2.222980022 0.007287595 0.999916971 0.010625269 -2.248293877 -0.111104771 -0.009750098 0.993760884 89.467453003
0.992472589 -0.009388834 0.122106574 2.301031113 0.008202521 0.999914169 0.010214449 -2.251420736 -0.122191988 -0.009135979 0.992464423 90.015357971
0.991421640 -0.010249470 0.130299866 2.403584480 0.008896441 0.999900341 0.010961820 -2.280977964 -0.130399242 -0.009708580 0.991413951 90.482757568
0.989919305 -0.010420848 0.141248748 2.503538132 0.009020415 0.999903619 0.010551312 -2.277461529 -0.141345114 -0.009170824 0.989917874 91.034301758
0.987992883 -0.008568521 0.154261425 2.592035294 0.006901430 0.999911904 0.011339205 -2.298375368 -0.154345021 -0.010138430 0.987964988 91.558952332
0.986188293 -0.009246678 0.165369704 2.707263947 0.007498442 0.999909222 0.011192887 -2.307582140 -0.165458173 -0.009798277 0.986168146 92.104293823
0.984720170 -0.011230317 0.173781410 2.843465805 0.009467272 0.999894977 0.010970805 -2.300198793 -0.173886374 -0.009157934 0.984723091 92.641769409
0.982447147 -0.011302584 0.186198547 2.966381073 0.009448028 0.999896467 0.010844478 -2.308405638 -0.186301872 -0.008894917 0.982452273 93.171096802
0.979983032 -0.011241054 0.198763296 3.103737831 0.009200949 0.999895036 0.011184656 -2.325714588 -0.198868170 -0.009131962 0.979983747 93.707008362
0.977835596 -0.010101447 0.209130466 3.240407944 0.007973375 0.999907494 0.011016395 -2.326822758 -0.209222421 -0.009104747 0.977825642 94.201850891
0.974934995 -0.010268188 0.222253263 3.384805679 0.008015096 0.999906898 0.011037125 -2.334033966 -0.222345918 -0.008979097 0.974926472 94.752441406
0.971314371 -0.008628358 0.237642735 3.533267975 0.006036699 0.999914169 0.011631265 -2.347735405 -0.237722680 -0.009863037 0.971283019 95.272216797
0.968774855 -0.012294143 0.247637123 3.681489944 0.009653370 0.999882817 0.011875284 -2.367728233 -0.247754082 -0.009113946 0.968780100 95.732032776
0.965778232 -0.012829418 0.259052038 3.868436813 0.010023303 0.999875903 0.012150221 -2.393103361 -0.259175718 -0.009137862 0.965786934 96.197570801
0.962076843 -0.014592785 0.272388130 4.064401627 0.011661379 0.999855280 0.012377686 -2.409476757 -0.272529334 -0.008731863 0.962107897 96.666625977
0.958265722 -0.012699030 0.285596758 4.222030640 0.009685162 0.999881566 0.011962903 -2.395501375 -0.285714895 -0.008697591 0.958275139 97.249244690
0.955191731 -0.013964686 0.295658112 4.421821594 0.010746477 0.999863982 0.012507152 -2.409728050 -0.295792669 -0.008769447 0.955211937 97.767013550
0.950453162 -0.013346929 0.310581118 4.607542038 0.009882540 0.999870181 0.012725515 -2.419981956 -0.310710669 -0.009025674 0.950461686 98.326705933
0.945248365 -0.010924781 0.326168716 4.726434708 0.007061482 0.999890208 0.013026164 -2.385010481 -0.326275140 -0.010009724 0.945221782 98.853729248
0.941187441 -0.010160318 0.337731987 4.933977127 0.006196658 0.999898732 0.012812145 -2.390268803 -0.337827891 -0.009965819 0.941155136 99.391601562
0.936784506 -0.011502377 0.349717677 5.145355225 0.007453849 0.999888659 0.012920272 -2.396869183 -0.349827349 -0.009496769 0.936766148 99.870895386
0.931817889 -0.013536027 0.362673670 5.385154724 0.009400068 0.999869049 0.013166395 -2.415457487 -0.362804383 -0.008859525 0.931823254 100.329368591
0.926879764 -0.012874873 0.375137508 5.588544846 0.008320305 0.999870718 0.013758387 -2.439432621 -0.375266105 -0.009631113 0.926867068 100.755859375
0.921958268 -0.011545166 0.387116998 5.815504074 0.006719587 0.999881983 0.013816560 -2.446681499 -0.387230814 -0.010137028 0.921927035 101.263999939
0.916237652 -0.015021008 0.400353849 6.004188538 0.010280175 0.999849260 0.013986793 -2.470092535 -0.400503546 -0.008699517 0.916253924 101.615570068
0.910430253 -0.015165504 0.413384587 6.256397247 0.009898874 0.999840260 0.014879243 -2.484075069 -0.413544148 -0.009454469 0.910435021 102.103118896
0.905683994 -0.016198678 0.423643947 6.502853394 0.011226508 0.999835670 0.014229754 -2.491096020 -0.423804879 -0.008131618 0.905717075 102.566123962
0.899952114 -0.016737435 0.435667217 6.737846375 0.011532538 0.999827087 0.014588678 -2.498728752 -0.435836017 -0.008104762 0.899989665 103.024703979
0.893438756 -0.016425129 0.448884577 7.038860321 0.010691904 0.999825716 0.015303945 -2.515948296 -0.449057698 -0.008873706 0.893458843 103.502761841
0.887638748 -0.016590333 0.460241258 7.314659119 0.010857318 0.999827027 0.015100957 -2.523439646 -0.460412204 -0.008407210 0.887665451 103.970573425
0.881240070 -0.016077271 0.472395420 7.550849915 0.010275082 0.999836743 0.014860081 -2.507242203 -0.472557247 -0.008241397 0.881261468 104.456985474
0.873688757 -0.015946256 0.486223817 7.837581635 0.009876930 0.999838054 0.015043099 -2.516427517 -0.486384958 -0.008340588 0.873704851 104.929351807
0.866391659 -0.015685592 0.499118686 8.128383636 0.009460093 0.999842703 0.015000404 -2.508178473 -0.499275476 -0.008274513 0.866403759 105.375549316
0.860765874 -0.017878085 0.508687019 8.440792084 0.011636945 0.999812901 0.015447728 -2.517850399 -0.508868039 -0.007377313 0.860812902 105.833198547
0.853458285 -0.017854685 0.520855188 8.732818604 0.011351527 0.999812722 0.015672857 -2.530026436 -0.521037459 -0.007463626 0.853501141 106.266586304
