1.000000000 0.000000000 0.000000000 0.000000000 0.000000000 1.000000000 0.000000000 0.000000000 0.000000000 0.000000000 1.000000000 0.000000000
1.000000000 0.000030240 0.000136604 -0.003409314 -0.000030212 1.000000000 -0.000206512 0.004508641 -0.000136610 0.000206508 0.999999940 0.004256548
1.000000000 0.000038305 0.000067845 -0.002288378 -0.000038295 1.000000000 -0.000134286 0.002356716 -0.000067850 0.000134283 1.000000000 0.000688858
0.999999940 0.000304806 0.000110854 -0.000084164 -0.000304788 0.999999940 -0.000160197 0.003640654 -0.000110903 0.000160164 1.000000000 -0.001946868
0.999999940 0.000246005 0.000053153 0.002772483 -0.000246001 0.999999940 -0.000080634 0.002063199 -0.000053173 0.000080621 1.000000000 -0.001360422
1.000000000 0.000146244 0.000063404 0.000193596 -0.000146240 1.000000000 -0.000063494 0.002168716 -0.000063413 0.000063484 1.000000000 -0.001266805
1.000000000 0.000126180 0.000132379 -0.002316789 -0.000126167 1.000000000 -0.000097249 0.002325136 -0.000132392 0.000097233 1.000000000 -0.000814755
1.000000000 0.000031960 0.000001167 0.000995733 -0.000031960 1.000000000 -0.000024033 0.001659009 -0.000001168 0.000024033 1.000000000 -0.002567249
1.000000000 0.000060114 0.000148521 -0.005257196 -0.000060088 1.000000000 -0.000175281 0.003899945 -0.000148532 0.000175272 1.000000000 0.004306039
0.999999940 0.000195555 0.000224311 -0.004715425 -0.000195527 1.000000000 -0.000123032 0.002094817 -0.000224335 0.000122988 0.999999940 -0.001425908
0.999999940 0.000188518 0.000202170 -0.003831332 -0.000188485 0.999999940 -0.000161196 0.002055935 -0.000202200 0.000161158 0.999999940 -0.000805638
1.000000000 0.000162038 0.000083404 0.000164060 -0.000162031 1.000000000 -0.000079337 0.002339839 -0.000083417 0.000079324 1.000000000 -0.004796696
1.000000000 0.000116757 0.000203534 -0.005577756 -0.000116747 1.000000000 -0.000050010 0.000559725 -0.000203540 0.000049986 1.000000000 -0.003056020
1.000000000 -0.000001157 0.000108570 -0.003208440 0.000001170 1.000000000 -0.000116397 0.000700325 -0.000108570 0.000116397 1.000000000 -0.001754487
1.000000000 0.000088535 0.000097346 -0.000991212 -0.000088521 1.000000000 -0.000142569 0.002715495 -0.000097359 0.000142560 1.000000000 -0.003406012
1.000000000 -0.000184841 -0.000114993 0.002317029 0.000184837 1.000000000 -0.000035547 0.001128136 0.000114999 0.000035526 1.000000000 -0.006537442
1.000000000 -0.000233951 0.000006009 -0.002358060 0.000233951 0.999999940 -0.000117791 0.000802532 -0.000005981 0.000117793 1.000000000 -0.004977067
1.000000000 -0.000104076 0.000025555 0.000344875 0.000104077 1.000000000 -0.000031102 0.000119414 -0.000025551 0.000031104 1.000000000 -0.007286259
1.000000000 0.000115788 0.000007165 0.000154466 -0.000115788 1.000000000 0.000003274 0.002376957 -0.000007165 -0.000003275 1.000000000 -0.007837578
1.000000000 -0.000078265 -0.000001124 -0.001759933 0.000078265 1.000000000 -0.000033147 -0.000342147 0.000001126 0.000033147 1.000000000 -0.007382173
1.000000000 0.000002864 0.000070287 -0.001045047 -0.000002858 1.000000000 -0.000080282 0.001087668 -0.000070287 0.000080282 1.000000000 -0.007608026
1.000000000 -0.000130860 0.000020420 0.000204418 0.000130860 1.000000000 -0.000022212 -0.000497112 -0.000020417 0.000022214 1.000000000 -0.004077612
1.000000000 0.000140935 0.000173217 -0.006063524 -0.000140901 0.999999940 -0.000200655 0.003585751 -0.000173245 0.000200631 0.999999940 0.003520673
1.000000000 -0.000087680 -0.000080719 0.000783451 0.000087671 1.000000000 -0.000107855 0.000703679 0.000080729 0.000107848 1.000000000 0.000394448
1.000000000 -0.000076790 0.000017282 -0.000874954 0.000076790 1.000000000 -0.000009096 0.002330343 -0.000017281 0.000009097 1.000000000 0.000131620
1.000000000 0.000010566 -0.000047475 0.002329196 -0.000010573 1.000000000 -0.000143294 0.003480500 0.000047474 0.000143294 1.000000000 -0.006808500
1.000000000 -0.000065606 0.000112379 -0.003217889 0.000065624 1.000000000 -0.000161260 0.003454890 -0.000112369 0.000161267 1.000000000 -0.001150392
0.999999940 0.000268039 0.000215234 -0.005391823 -0.000267997 0.999999940 -0.000196871 0.003143874 -0.000215287 0.000196813 0.999999940 0.000110752
1.000000000 0.000030687 0.000119771 -0.003656606 -0.000030683 1.000000000 -0.000031969 0.002293271 -0.000119772 0.000031965 1.000000000 -0.000799979
1.000000000 -0.000191444 0.000014812 -0.004620950 0.000191447 0.999999940 -0.000154579 0.005998282 -0.000014782 0.000154582 1.000000000 0.002530213
1.000000000 -0.000072286 0.000040523 -0.003653495 0.000072290 1.000000000 -0.000092002 0.002533036 -0.000040516 0.000092005 1.000000000 0.000899478
1.000000000 -0.000120605 0.000124975 -0.003874653 0.000120602 1.000000000 0.000019204 0.001349567 -0.000124978 -0.000019189 1.000000000 0.000958217
1.000000000 -0.000182084 0.000083582 -0.005027772 0.000182086 1.000000000 -0.000020349 0.001979776 -0.000083578 0.000020364 1.000000000 -0.001309560
1.000000000 -0.000110588 0.000013839 -0.002770867 0.000110588 1.000000000 -0.000003280 0.001859842 -0.000013839 0.000003281 1.000000000 -0.002816837
1.000000000 0.000055964 0.000046929 -0.003629622 -0.000055956 1.000000000 -0.000160183 0.001563201 -0.000046938 0.000160180 1.000000000 -0.000335680
1.000000000 0.000059083 0.000101698 -0.004577799 -0.000059073 1.000000000 -0.000093275 0.002662608 -0.000101703 0.000093269 1.000000000 0.000081009
1.000000000 -0.000155243 -0.000177516 0.003264642 0.000155267 1.000000000 0.000132497 -0.000522525 0.000177496 -0.000132525 1.000000000 -0.012985824
1.000000000 -0.000012939 0.000065610 -0.003750432 0.000012957 0.999999940 -0.000272347 0.004620139 -0.000065607 0.000272348 0.999999940 0.000849572
1.000000000 -0.000169427 0.000068637 -0.003074745 0.000169429 1.000000000 -0.000022508 0.001705043 -0.000068633 0.000022519 1.000000000 -0.000523667
1.000000000 -0.000020739 -0.000035775 0.000863859 0.000020745 1.000000000 0.000165961 -0.001035692 0.000035771 -0.000165962 1.000000000 -0.008533986
0.999999940 -0.000252748 -0.000130954 0.000115210 0.000252749 0.999999940 0.000007159 -0.000960321 0.000130952 -0.000007192 1.000000000 -0.000581228
1.000000000 0.000056770 0.000087116 0.001972425 -0.000056716 0.999999821 -0.000611658 -0.003939315 -0.000087150 0.000611653 0.999999821 0.049031157
1.000000000 0.000051184 -0.000015693 0.000283887 -0.000051209 0.999998808 -0.001547949 0.001068817 0.000015613 0.001547950 0.999998808 0.148315564
1.000000000 -0.000059762 -0.000084684 0.005103403 0.000059630 0.999998808 -0.001558389 -0.007655113 0.000084777 0.001558384 0.999998808 0.264255285
1.000000000 -0.000192787 0.000031688 0.002315003 0.000192831 0.999998987 -0.001398505 -0.012283916 -0.000031418 0.001398511 0.999999046 0.395779967
1.000000000 0.000015712 -0.000101881 0.004632317 -0.000015832 0.999999285 -0.001180788 -0.017651133 0.000101862 0.001180789 0.999999285 0.537609875
1.000000000 -0.000023732 0.000151120 0.006150424 0.000023877 0.999999523 -0.000957886 -0.031399835 -0.000151097 0.000957890 0.999999523 0.680406809
0.999999940 -0.000374459 -0.000011566 0.020242203 0.000374451 0.999999702 -0.000645732 -0.031783536 0.000011808 0.000645728 0.999999821 0.847276449
0.999999940 -0.000264947 -0.000136315 0.023153380 0.000264867 0.999999821 -0.000585972 -0.036924258 0.000136470 0.000585936 0.999999821 1.030625463
0.999999940 -0.000126895 0.000265035 0.013537256 0.000127110 0.999999642 -0.000812455 -0.037097767 -0.000264932 0.000812489 0.999999642 1.213522553
1.000000000 -0.000076979 -0.000016008 0.029706569 0.000076969 0.999999821 -0.000608478 -0.047218099 0.000016055 0.000608477 0.999999821 1.416619539
0.999999583 -0.000562969 -0.000749004 0.043524001 0.000562764 0.999999821 -0.000274272 -0.057233274 0.000749158 0.000273851 0.999999702 1.611374736
0.999999225 -0.000940462 0.000841435 0.013313131 0.000939526 0.999998927 0.001112185 -0.079728715 -0.000842480 -0.001111393 0.999998987 1.738506556
0.999998868 -0.001207628 0.000946543 0.018868707 0.001206443 0.999998450 0.001251462 -0.084807813 -0.000948053 -0.001250319 0.999998748 1.945970654
0.999999464 -0.000626706 0.000844979 0.023756688 0.000625569 0.999998868 0.001345136 -0.095814183 -0.000845821 -0.001344607 0.999998748 2.142514467
0.999999702 -0.000474157 0.000719929 0.030113677 0.000473010 0.999998689 0.001593411 -0.101652950 -0.000720684 -0.001593070 0.999998510 2.362625360
0.999999404 -0.000153726 0.001027599 0.022934837 0.000152051 0.999998748 0.001629791 -0.107467689 -0.001027848 -0.001629634 0.999998152 2.595968962
0.999998748 0.000371976 0.001565638 0.024795145 -0.000374894 0.999998152 0.001863973 -0.116244890 -0.001564942 -0.001864557 0.999997079 2.827249765
0.999999106 -0.000157813 0.001303812 0.035305776 0.000155402 0.999998331 0.001849285 -0.128817990 -0.001304102 -0.001849081 0.999997497 3.071503639
0.999999166 -0.000115457 0.001234391 0.037827980 0.000113667 0.999998927 0.001450636 -0.128256753 -0.001234557 -0.001450494 0.999998212 3.298778772
0.999999166 -0.000013911 0.001296990 0.047187708 0.000012004 0.999998927 0.001470367 -0.134027541 -0.001297009 -0.001470350 0.999998093 3.564554214
0.999998569 0.000620817 0.001570522 0.043672066 -0.000623081 0.999998689 0.001441505 -0.140382931 -0.001569625 -0.001442481 0.999997675 3.809529305
0.999998629 0.000200182 0.001653240 0.053372685 -0.000203250 0.999998271 0.001855663 -0.151210651 -0.001652866 -0.001855996 0.999996901 4.092558384
0.999998212 0.001061983 0.001508101 0.054899402 -0.001064786 0.999997675 0.001859329 -0.143975541 -0.001506123 -0.001860931 0.999997139 4.322901249
0.999999225 -0.000175364 0.001228387 0.059276726 0.000172623 0.999997497 0.002231482 -0.179279223 -0.001228776 -0.002231268 0.999996781 4.597524166
0.999999344 -0.000209918 0.001133360 0.067479447 0.000207117 0.999996960 0.002470808 -0.187665448 -0.001133875 -0.002470572 0.999996364 4.856082916
0.999998569 0.000100236 0.001709293 0.061611116 -0.000103813 0.999997795 0.002092837 -0.186453909 -0.001709079 -0.002093012 0.999996364 5.108940125
0.999998927 -0.000956766 0.001064237 0.072552107 0.000954391 0.999997020 0.002229708 -0.198113784 -0.001066367 -0.002228690 0.999996960 5.385378361
0.999997973 0.000175500 0.002013089 0.062384315 -0.000180853 0.999996424 0.002659319 -0.227873966 -0.002012616 -0.002659678 0.999994457 5.648859024
0.999997556 0.000385792 0.002201451 0.064214177 -0.000391736 0.999996245 0.002700108 -0.234394878 -0.002200401 -0.002700964 0.999993980 5.923899651
0.999996960 0.000799278 0.002345779 0.072925597 -0.000805690 0.999995947 0.002733621 -0.244041607 -0.002343585 -0.002735503 0.999993503 6.194863319
0.999996841 0.000052197 0.002526081 0.074293241 -0.000059378 0.999995947 0.002842417 -0.252681851 -0.002525922 -0.002842558 0.999992847 6.479566097
0.999997556 -0.000071639 0.002230914 0.079668686 0.000064896 0.999995470 0.003022187 -0.270831794 -0.002231120 -0.003022034 0.999992967 6.774084568
0.999998450 -0.000342568 0.001718710 0.098501146 0.000338083 0.999996543 0.002609479 -0.271309018 -0.001719598 -0.002608894 0.999995053 7.114387989
0.999998510 0.000197113 0.001708225 0.112335116 -0.000201689 0.999996424 0.002678887 -0.288779318 -0.001707690 -0.002679228 0.999994934 7.404170990
0.999998689 -0.000718614 0.001461518 0.125488371 0.000714197 0.999995172 0.003019953 -0.303975075 -0.001463682 -0.003018905 0.999994278 7.720515728
0.999998450 -0.000152027 0.001753322 0.122716814 0.000146880 0.999995649 0.002935265 -0.299187601 -0.001753760 -0.002935003 0.999994159 8.051953316
0.999998510 -0.000287471 0.001687240 0.128848612 0.000282492 0.999995530 0.002950797 -0.300139815 -0.001688080 -0.002950316 0.999994218 8.346224785
0.999998331 -0.000520291 0.001747282 0.123151891 0.000514774 0.999994814 0.003156717 -0.325906605 -0.001748915 -0.003155813 0.999993443 8.693075180
0.999998152 -0.000942732 0.001676290 0.129645661 0.000937424 0.999994576 0.003164329 -0.333414912 -0.001679264 -0.003162753 0.999993563 9.027182579
0.999997556 0.000275529 0.002193428 0.136654347 -0.000282450 0.999994934 0.003155781 -0.348352134 -0.002192548 -0.003156393 0.999992609 9.353139877
0.999997795 -0.001213520 0.001700771 0.155957073 0.001207835 0.999993682 0.003339762 -0.355555624 -0.001704813 -0.003337700 0.999992967 9.703951836
0.999998212 -0.000488163 0.001815962 0.166462407 0.000481656 0.999993384 0.003582029 -0.359226704 -0.001817698 -0.003581148 0.999991894 10.035512924
0.999997795 -0.000201122 0.002101466 0.173669159 0.000194072 0.999994397 0.003354639 -0.362716228 -0.002102129 -0.003354224 0.999992132 10.362906456
0.999997914 -0.000737438 0.001881537 0.163874924 0.000730807 0.999993503 0.003522775 -0.389208406 -0.001884123 -0.003521392 0.999991953 10.793351173
0.999997258 -0.001348356 0.001874192 0.168429419 0.001341867 0.999993145 0.003459485 -0.395454198 -0.001878844 -0.003456961 0.999992251 11.177756310
0.999997854 -0.001063769 0.001810245 0.173585266 0.001056503 0.999991417 0.004009920 -0.409991860 -0.001814495 -0.004007999 0.999990225 11.558152199
0.999996781 -0.001710054 0.001905180 0.190671414 0.001703215 0.999992073 0.003585200 -0.415015757 -0.001911296 -0.003581943 0.999991715 11.931074142
0.999998152 -0.000602084 0.001856019 0.197423756 0.000594134 0.999990642 0.004281200 -0.429723263 -0.001858580 -0.004280090 0.999989033 12.295722961
0.999998093 -0.000586454 0.001894480 0.205066815 0.000578040 0.999989986 0.004438632 -0.437674016 -0.001897064 -0.004437529 0.999988317 12.676922798
0.999997377 -0.001815086 0.001392705 0.224482849 0.001809238 0.999989569 0.004188933 -0.443887681 -0.001400294 -0.004186403 0.999990225 13.088603973
0.999997199 -0.002111644 0.001043871 0.240424126 0.002107518 0.999990046 0.003937842 -0.471309513 -0.001052175 -0.003935631 0.999991715 13.491291046
0.999998152 -0.000849727 0.001723370 0.241868287 0.000842496 0.999990880 0.004192505 -0.484678656 -0.001726917 -0.004191045 0.999989748 13.905605316
0.999997914 -0.001487367 0.001393770 0.255919367 0.001481034 0.999988675 0.004533783 -0.490777284 -0.001400497 -0.004531709 0.999988794 14.333566666
0.999996066 -0.002477328 0.001326398 0.268586665 0.002470493 0.999983788 0.005130331 -0.523197472 -0.001339086 -0.005127034 0.999985933 14.731731415
0.999996245 -0.001968172 0.001882137 0.275549829 0.001957016 0.999980688 0.005911008 -0.539934754 -0.001893734 -0.005907304 0.999980748 15.100305557
0.999993324 -0.003424172 0.001330041 0.305284441 0.003416215 0.999976575 0.005939252 -0.551831543 -0.001350347 -0.005934668 0.999981463 15.629315376
0.999993265 -0.003058673 0.002015682 0.310545772 0.003047188 0.999979258 0.005676322 -0.603939712 -0.002033002 -0.005670142 0.999981880 16.063060760
0.999990582 -0.003909088 0.001877979 0.327610791 0.003897107 0.999972284 0.006341834 -0.617305934 -0.001902718 -0.006334456 0.999978125 16.509294510
0.999988317 -0.004507003 0.001727845 0.340079486 0.004496718 0.999972343 0.005911475 -0.624736786 -0.001754441 -0.005903637 0.999981046 16.964511871
0.999991238 -0.003525125 0.002238814 0.343811721 0.003512824 0.999978781 0.005474998 -0.630646110 -0.002258068 -0.005467087 0.999982536 17.427553177
0.999992430 -0.002785222 0.002720555 0.340741992 0.002767818 0.999975801 0.006380402 -0.650095522 -0.002738261 -0.006372824 0.999975920 17.897338867
0.999991000 -0.002306125 0.003560885 0.354330093 0.002282345 0.999975145 0.006667724 -0.656044900 -0.003576173 -0.006659537 0.999971449 18.333620071
0.999990404 -0.002154215 0.003844492 0.357262969 0.002128576 0.999975562 0.006660831 -0.675624967 -0.003858747 -0.006652582 0.999970436 18.816551208
0.999990106 -0.002893635 0.003383863 0.380464762 0.002870129 0.999971926 0.006930927 -0.685542524 -0.003403823 -0.006921146 0.999970317 19.288019180
0.999988258 -0.003277763 0.003558644 0.399228185 0.003252337 0.999969363 0.007127523 -0.694714069 -0.003581898 -0.007115866 0.999968290 19.760759354
0.999991179 -0.001801569 0.003793962 0.391891807 0.001774354 0.999972761 0.007164459 -0.705655098 -0.003806766 -0.007157663 0.999967158 20.246616364
0.999991238 -0.001652318 0.003841728 0.394081175 0.001625172 0.999973714 0.007058502 -0.709357202 -0.003853290 -0.007052197 0.999967754 20.723918915
0.999990642 -0.001799467 0.003938961 0.397641808 0.001768507 0.999967635 0.007849397 -0.750442624 -0.003952959 -0.007842358 0.999961376 21.243099213
0.999992549 -0.001320390 0.003626884 0.405721962 0.001291788 0.999968112 0.007877206 -0.752073348 -0.003637169 -0.007872462 0.999962389 21.752191544
0.999993980 -0.001688006 0.003031175 0.417642653 0.001663555 0.999966204 0.008051022 -0.775888562 -0.003044663 -0.008045931 0.999962926 22.284265518
0.999992549 -0.002141877 0.003208633 0.408957481 0.002113737 0.999959528 0.008748008 -0.798004985 -0.003227240 -0.008741161 0.999956548 22.804660797
0.999993145 -0.002670731 0.002585869 0.392296702 0.002648272 0.999959052 0.008650241 -0.804025292 -0.002608865 -0.008643332 0.999959290 23.282371521
0.999982655 -0.005860518 0.000509402 0.418691099 0.005855495 0.999939084 0.009358114 -0.856282830 -0.000564215 -0.009354967 0.999956071 23.781612396
0.999981284 -0.006112596 0.000162955 0.422226697 0.006110910 0.999941945 0.008874197 -0.865250111 -0.000217190 -0.008873034 0.999960601 24.320405960
0.999986470 -0.005205331 -0.000390726 0.420080453 0.005208688 0.999944568 0.009147233 -0.879313469 0.000343090 -0.009149143 0.999958098 24.856288910
0.999986053 -0.005232005 -0.000718017 0.449516028 0.005238935 0.999936104 0.010015399 -0.892196774 0.000665570 -0.010019019 0.999949574 25.387016296
0.999988973 -0.004468004 -0.001441304 0.401380569 0.004481897 0.999942064 0.009784427 -0.932953775 0.001397504 -0.009790781 0.999951005 25.939609528
0.999978721 -0.006062658 -0.002393009 0.415902376 0.006085673 0.999934077 0.009730452 -0.941718817 0.002333859 -0.009744810 0.999949753 26.492507935
0.999973893 -0.006672854 -0.002784044 0.432744682 0.006701007 0.999925196 0.010228511 -0.942340672 0.002715582 -0.010246900 0.999943793 27.048400879
0.999978721 -0.005970689 -0.002583961 0.405862719 0.005997729 0.999925971 0.010586288 -0.983556569 0.002520562 -0.010601563 0.999940634 27.633642197
0.999990523 -0.003601160 -0.002427108 0.403628469 0.003627324 0.999934316 0.010863003 -1.003618360 0.002387829 -0.010871704 0.999938011 28.193323135
0.999980867 -0.005254219 -0.003252123 0.403511047 0.005288794 0.999928594 0.010715914 -1.015904546 0.003195587 -0.010732910 0.999937236 28.763385773
0.999982595 -0.004704464 -0.003563341 0.416410744 0.004745448 0.999921560 0.011581369 -1.036149502 0.003508579 -0.011598077 0.999926567 29.336671829
0.999962926 -0.007491508 -0.004249986 0.392212331 0.007538926 0.999908268 0.011253241 -1.074934006 0.004165293 -0.011284865 0.999927640 29.843173981
0.999964714 -0.007063125 -0.004559151 0.401006907 0.007114061 0.999911308 0.011254353 -1.081910610 0.004479256 -0.011286392 0.999926329 30.388069153
0.999949157 -0.008262629 -0.005779820 0.475833923 0.008330814 0.999894798 0.011873925 -1.110301137 0.005681102 -0.011921473 0.999912798 30.895540237
0.999962926 -0.006711436 -0.005400941 0.428664863 0.006773728 0.999909699 0.011598755 -1.116011262 0.005322609 -0.011634910 0.999918103 31.506860733
0.999943495 -0.008202112 -0.006764540 0.516342044 0.008284140 0.999891400 0.012188719 -1.152975082 0.006663831 -0.012244069 0.999902785 32.137798309
0.999967515 -0.006171158 -0.005178228 0.196684405 0.006234871 0.999903917 0.012379524 -1.303108215 0.005101333 -0.012411410 0.999909937 33.155612946
0.999965906 -0.006206580 -0.005449314 0.202196717 0.006270937 0.999909818 0.011873554 -1.301403761 0.005375128 -0.011907321 0.999914646 33.710014343
0.999972761 -0.005555586 -0.004864154 0.208542496 0.005614231 0.999910712 0.012127005 -1.305967450 0.004796348 -0.012153985 0.999914587 34.297386169
0.999969602 -0.005506719 -0.005531332 0.215171099 0.005574753 0.999908090 0.012360190 -1.295129538 0.005462761 -0.012390649 0.999908268 34.867095947
0.999970555 -0.005284390 -0.005570108 0.217614084 0.005354520 0.999905586 0.012651501 -1.310637832 0.005502727 -0.012680953 0.999904394 35.415634155
0.999952316 -0.007072662 -0.006745622 0.304963946 0.007154800 0.999899626 0.012230969 -1.292894959 0.006658440 -0.012278647 0.999902368 36.106475830
0.999964118 -0.005990598 -0.005985310 0.196090624 0.006064729 0.999904096 0.012445177 -1.360182285 0.005910184 -0.012481031 0.999904633 36.430667877
0.999966502 -0.005724872 -0.005837620 0.192509815 0.005799237 0.999901235 0.012802755 -1.380018830 0.005763749 -0.012836181 0.999900997 36.998184204
0.999972105 -0.004739316 -0.005766747 0.199631333 0.004807559 0.999917865 0.011878095 -1.365467787 0.005709979 -0.011905487 0.999912739 37.565788269
0.999970257 -0.005277699 -0.005618978 0.178339064 0.005350284 0.999901354 0.012982160 -1.406135559 0.005549909 -0.013011836 0.999899924 38.021209717
0.999966979 -0.005783622 -0.005716911 0.191795856 0.005859928 0.999892652 0.013421990 -1.421251059 0.005638671 -0.013455048 0.999893546 38.674625397
0.999973059 -0.004191678 -0.006020715 0.232408985 0.004264490 0.999917269 0.012132105 -1.394708157 0.005969363 -0.012157456 0.999908209 39.243007660
0.999961197 -0.006063013 -0.006391706 0.212518185 0.006147548 0.999892712 0.013290024 -1.431369305 0.006310443 -0.013328803 0.999891222 39.764942169
0.999973595 -0.003910243 -0.006121221 0.277634680 0.003993590 0.999898612 0.013663575 -1.468616724 0.006067174 -0.013687660 0.999887884 40.338550568
0.999954581 -0.006646198 -0.006825245 0.227073073 0.006746995 0.999866903 0.014853118 -1.483333111 0.006725620 -0.014898496 0.999866366 40.630817413
0.999966502 -0.005849923 -0.005727995 0.217487156 0.005936835 0.999865711 0.015275617 -1.507100701 0.005637865 -0.015309111 0.999866903 41.144466400
0.999958932 -0.006554222 -0.006259711 0.224435538 0.006645080 0.999871314 0.014606030 -1.502718091 0.006163174 -0.014647027 0.999873698 41.734329224
0.999957979 -0.006409521 -0.006562055 0.234455138 0.006504123 0.999873757 0.014498029 -1.505778551 0.006468302 -0.014540099 0.999873400 42.311477661
0.999958456 -0.006577228 -0.006316269 0.222721308 0.006666462 0.999876738 0.014212110 -1.505983710 0.006222016 -0.014253626 0.999879062 42.864120483
0.999957502 -0.006279439 -0.006756667 0.219259650 0.006371400 0.999886096 0.013676042 -1.510320663 0.006670020 -0.013718509 0.999883592 43.482284546
0.999961913 -0.006015294 -0.006324990 0.232643515 0.006102417 0.999885559 0.013846582 -1.481844664 0.006240976 -0.013884654 0.999884129 44.046703339
0.999948323 -0.006913973 -0.007452722 0.235745043 0.007024045 0.999865115 0.014845646 -1.549664736 0.007349075 -0.014897224 0.999862015 44.405124664
0.999953210 -0.006329929 -0.007325756 0.235620409 0.006437804 0.999869764 0.014796657 -1.556290507 0.007231142 -0.014843124 0.999863684 44.940856934
0.999950886 -0.006753846 -0.007247993 0.247886807 0.006858539 0.999871075 0.014518060 -1.557312250 0.007149008 -0.014567058 0.999868333 45.495487213
0.999953568 -0.006096184 -0.007455803 0.262219101 0.006204210 0.999874890 0.014552736 -1.553689837 0.007366157 -0.014598317 0.999866307 46.031883240
0.999963880 -0.005058634 -0.006823416 0.266396552 0.005158002 0.999879777 0.014624556 -1.584658742 0.006748615 -0.014659222 0.999869764 46.502815247
0.999958813 -0.005762493 -0.007004898 0.246721089 0.005871233 0.999861002 0.015603247 -1.614151835 0.006914011 -0.015643734 0.999853730 46.898986816
0.999959886 -0.005950867 -0.006689308 0.244199544 0.006055048 0.999858916 0.015663557 -1.622791767 0.006595154 -0.015703432 0.999854922 47.448150635
0.999962687 -0.005185523 -0.006919835 0.246686995 0.005291139 0.999868393 0.015332676 -1.628426313 0.006839415 -0.015368718 0.999858499 47.999107361
0.999964714 -0.005304435 -0.006512196 0.247644246 0.005407182 0.999859571 0.015862839 -1.643137097 0.006427137 -0.015897492 0.999852955 48.546150208
0.999967694 -0.005244643 -0.006091211 0.263210863 0.005335486 0.999873281 0.014994430 -1.631527662 0.006011800 -0.015026447 0.999869049 49.025753021
0.999964416 -0.005174654 -0.006657902 0.300430149 0.005273181 0.999875486 0.014867067 -1.639648676 0.006580142 -0.014901647 0.999867320 49.582263947
0.999965906 -0.005047417 -0.006533083 0.278206050 0.005147634 0.999867916 0.015415087 -1.649318218 0.006454413 -0.015448194 0.999859810 49.879505157
0.999958098 -0.005795144 -0.007086613 0.286869347 0.005901063 0.999869823 0.015018000 -1.653104663 0.006998658 -0.015059191 0.999862075 50.428958893
0.999973893 -0.004174403 -0.005885991 0.271483392 0.004258936 0.999886870 0.014423060 -1.655666947 0.005825119 -0.014447753 0.999878645 50.975440979
0.999973655 -0.004301633 -0.005825637 0.287041366 0.004387191 0.999881506 0.014754144 -1.663296461 0.005761479 -0.014779315 0.999874175 51.524833679
0.999972224 -0.004452490 -0.005967712 0.294789553 0.004536323 0.999890149 0.014108673 -1.658077002 0.005904238 -0.014135355 0.999882579 52.051265717
0.999960423 -0.005664398 -0.006864000 0.292664796 0.005771407 0.999860466 0.015671590 -1.694497705 0.006774272 -0.015710583 0.999853611 52.313728333
0.999956429 -0.006246950 -0.006949608 0.305464536 0.006354809 0.999857962 0.015607613 -1.695880890 0.006851120 -0.015651094 0.999854028 52.855041504
0.999963939 -0.005716817 -0.006279576 0.286606580 0.005806596 0.999879777 0.014372962 -1.695657492 0.006196653 -0.014408906 0.999876916 53.415733337
0.999950290 -0.006794004 -0.007305894 0.324834406 0.006895203 0.999879360 0.013916889 -1.701154947 0.007210462 -0.013966572 0.999876440 53.943439484
0.999962747 -0.005329697 -0.006787028 0.276393503 0.005436798 0.999859452 0.015860733 -1.716636658 0.006701539 -0.015897041 0.999851167 54.290374756
0.999968112 -0.004564300 -0.006557888 0.271169573 0.004665189 0.999869704 0.015452303 -1.720976710 0.006486505 -0.015482401 0.999859035 54.839054108
0.999962389 -0.005194265 -0.006937455 0.283157110 0.005293518 0.999882817 0.014366095 -1.716209650 0.006862021 -0.014402278 0.999872744 55.384235382
0.999953806 -0.005834610 -0.007636438 0.309951931 0.005941621 0.999883413 0.014066389 -1.712711573 0.007553477 -0.014111109 0.999871850 55.956115723
0.999962866 -0.005504335 -0.006624715 0.312366456 0.005596194 0.999887347 0.013928568 -1.724364042 0.006547303 -0.013965122 0.999881029 56.529396057
0.999965549 -0.005032966 -0.006602847 0.297260612 0.005139853 0.999854326 0.016272319 -1.752719879 0.006519986 -0.016305698 0.999845803 56.700107574
0.999970913 -0.004065524 -0.006452496 0.300444156 0.004167797 0.999864578 0.015916558 -1.763277531 0.006386913 -0.015942991 0.999852538 57.260017395
0.999966681 -0.005033209 -0.006432473 0.315889865 0.005128135 0.999876916 0.014826823 -1.756734371 0.006357053 -0.014859317 0.999869406 57.804386139
0.999961734 -0.005512107 -0.006796625 0.298347175 0.005614343 0.999869883 0.015116002 -1.764463186 0.006712419 -0.015153586 0.999862611 58.260334015
0.999972224 -0.004253348 -0.006106977 0.284964830 0.004345015 0.999876916 0.015076131 -1.778480768 0.006042102 -0.015102249 0.999867737 58.805625916
0.999964416 -0.005597231 -0.006310878 0.282515734 0.005699031 0.999852002 0.016230116 -1.799658775 0.006219101 -0.016265504 0.999848306 59.099170685
0.999958038 -0.006258926 -0.006689457 0.290822238 0.006361388 0.999861121 0.015406952 -1.789704204 0.006592099 -0.015448859 0.999858856 59.669372559
0.999956667 -0.006485802 -0.006673628 0.312320650 0.006584333 0.999868035 0.014849789 -1.797489166 0.006576435 -0.014893087 0.999867380 60.206439972
0.999952674 -0.006402121 -0.007324841 0.352671027 0.006516186 0.999856174 0.015655767 -1.808684349 0.007223560 -0.015702754 0.999850571 60.652145386
0.999947011 -0.007060838 -0.007486358 0.330355853 0.007171399 0.999864101 0.014845937 -1.806870341 0.007380515 -0.014898838 0.999861717 61.265594482
0.999942899 -0.007177189 -0.007916139 0.371610314 0.007289972 0.999871016 0.014311526 -1.785007715 0.007812405 -0.014368415 0.999866188 61.738769531
0.999958456 -0.006298584 -0.006591302 0.296128333 0.006401497 0.999856114 0.015710663 -1.808944702 0.006491399 -0.015752204 0.999854863 62.028095245
0.999953210 -0.007036845 -0.006635624 0.302110642 0.007136222 0.999860942 0.015073510 -1.816990495 0.006528633 -0.015120157 0.999864399 62.570388794
0.999957919 -0.006647596 -0.006324146 0.292886019 0.006743944 0.999859631 0.015337629 -1.842133284 0.006221301 -0.015379632 0.999862373 63.108749390
0.999957800 -0.006402764 -0.006583054 0.307223707 0.006498855 0.999871194 0.014680574 -1.835854173 0.006488209 -0.014722738 0.999870539 63.645133972
0.999957860 -0.006316024 -0.006667815 0.320608824 0.006413168 0.999872208 0.014649767 -1.834316492 0.006574434 -0.014691910 0.999870420 64.137733459
0.999953032 -0.007294622 -0.006371317 0.274796844 0.007394278 0.999848485 0.015760385 -1.858948708 0.006255384 -0.015806757 0.999855518 64.436050415
0.999959528 -0.006659127 -0.006041648 0.288565218 0.006755075 0.999849200 0.016002161 -1.880616307 0.005934177 -0.016042328 0.999853730 64.952384949
0.999957263 -0.007219037 -0.005771534 0.289278477 0.007304366 0.999862254 0.014902457 -1.866371751 0.005663157 -0.014943980 0.999872327 65.509620667
0.999959588 -0.007311159 -0.005235763 0.285804152 0.007389229 0.999859452 0.015049892 -1.868142724 0.005124994 -0.015087971 0.999873042 66.052635193
0.999955177 -0.006501513 -0.006885369 0.351678103 0.006601983 0.999870598 0.014671101 -1.866802454 0.006789092 -0.014715901 0.999868631 66.580177307
0.999954641 -0.006969269 -0.006495303 0.310067564 0.007069600 0.999854028 0.015554013 -1.891733289 0.006385954 -0.015599228 0.999857843 66.879531860
0.999962389 -0.006640875 -0.005574722 0.288582146 0.006724179 0.999863982 0.015059983 -1.896961093 0.005473951 -0.015096902 0.999871016 67.449699402
0.999971747 -0.004945355 -0.005659601 0.323586434 0.005026832 0.999882638 0.014473943 -1.906977534 0.005587358 -0.014501983 0.999879181 67.933128357
0.999956548 -0.006773530 -0.006411108 0.334388375 0.006862807 0.999878347 0.014007384 -1.900618076 0.006315448 -0.014050772 0.999881268 68.456420898
0.999964058 -0.006114518 -0.005867429 0.335679322 0.006204930 0.999860346 0.015516846 -1.933111429 0.005771733 -0.015552696 0.999862373 68.806831360
0.999958873 -0.006204904 -0.006618929 0.366327405 0.006306830 0.999860108 0.015491128 -1.944521189 0.006521881 -0.015532237 0.999858141 69.355812073
0.999965072 -0.005871151 -0.005942689 0.353665709 0.005958870 0.999871910 0.014852391 -1.940165877 0.005854727 -0.014887286 0.999872029 69.914115906
0.999947727 -0.007596435 -0.006849044 0.418555856 0.007697204 0.999860704 0.014808620 -1.951086044 0.006735598 -0.014860569 0.999866843 70.409049988
0.999954820 -0.007113055 -0.006302477 0.377622455 0.007212126 0.999848485 0.015838627 -1.969469547 0.006188862 -0.015883364 0.999854684 70.738975525
0.999958158 -0.007007801 -0.005880832 0.382471055 0.007097467 0.999856651 0.015367555 -1.969218850 0.005772296 -0.015408649 0.999864578 71.298263550
0.999949157 -0.007468600 -0.006773116 0.403497010 0.007572066 0.999853015 0.015381154 -1.978526473 0.006657246 -0.015431658 0.999858677 71.859687805
0.999952137 -0.007548657 -0.006217692 0.416256487 0.007641384 0.999857903 0.015027422 -1.982272267 0.006103373 -0.015074214 0.999867737 72.389335632
0.999949992 -0.007489661 -0.006619045 0.439693809 0.007586339 0.999863088 0.014703678 -1.987040758 0.006508014 -0.014753158 0.999869943 72.848655701
0.999954998 -0.007113322 -0.006278769 0.378356069 0.007211049 0.999850988 0.015681712 -1.974413037 0.006166283 -0.015726283 0.999857247 73.231292725
0.999953270 -0.007335044 -0.006291175 0.390303046 0.007428861 0.999859631 0.015021092 -1.977451086 0.006180111 -0.015067128 0.999867380 73.766853333
0.999938846 -0.008638779 -0.006903808 0.420744419 0.008739447 0.999853849 0.014686978 -1.986930609 0.006775922 -0.014746416 0.999868274 74.337829590
0.999933302 -0.009191245 -0.006994093 0.414257288 0.009287780 0.999860287 0.013897464 -1.972962976 0.006865382 -0.013961497 0.999878943 74.849624634
0.999941945 -0.008508158 -0.006616541 0.410866827 0.008601882 0.999861181 0.014268016 -1.983618021 0.006494228 -0.014324103 0.999876261 75.415458679
0.999960303 -0.007161774 -0.005300075 0.340914071 0.007237467 0.999870002 0.014402651 -1.955938101 0.005196238 -0.014440437 0.999882162 75.730491638
0.999953806 -0.007912171 -0.005464595 0.349917352 0.007989091 0.999867260 0.014200421 -1.956164479 0.005351513 -0.014243422 0.999884129 76.271354675
0.999949396 -0.008237258 -0.005781157 0.360783368 0.008315739 0.999871731 0.013685057 -1.960189223 0.005667690 -0.013732438 0.999889672 76.804046631
0.999949992 -0.008261915 -0.005642178 0.369554728 0.008336525 0.999876320 0.013330852 -1.970269680 0.005531343 -0.013377220 0.999895215 77.313064575
0.999958217 -0.007906071 -0.004583360 0.405461222 0.007966431 0.999879777 0.013304204 -1.978438616 0.004477625 -0.013340162 0.999900937 77.826667786
0.999975383 -0.006657232 -0.002200638 0.359175682 0.006687303 0.999880314 0.013952267 -1.979446769 0.002107491 -0.013966639 0.999900222 78.242935181
0.999971688 -0.007374929 -0.001512599 0.367009759 0.007395393 0.999874592 0.014001103 -1.985831976 0.001409152 -0.014011891 0.999900818 78.779563904
0.999978006 -0.006625855 0.000280169 0.346157908 0.006621654 0.999893606 0.012999460 -1.959205270 -0.000366272 -0.012997318 0.999915481 79.312957764
0.999971926 -0.006941760 0.002822632 0.370411873 0.006903779 0.999888361 0.013250381 -1.999629140 -0.002914298 -0.013230522 0.999908268 79.906936646
0.999958515 -0.006609894 0.006269814 0.386841357 0.006520517 0.999878347 0.014170036 -1.983059764 -0.006362713 -0.014128565 0.999879956 80.400886536
0.999936998 -0.006829346 0.008904605 0.452364773 0.006698823 0.999870837 0.014606250 -1.999454618 -0.009003205 -0.014545680 0.999853671 80.679214478
0.999890208 -0.006685165 0.013224581 0.477189660 0.006499153 0.999880016 0.014058908 -1.997913480 -0.013316982 -0.013971413 0.999813735 81.218055725
0.999793053 -0.005766543 0.019513898 0.500846267 0.005498269 0.999890089 0.013773656 -2.005825520 -0.019591179 -0.013663513 0.999714673 81.746620178
0.999659121 -0.005765602 0.025465153 0.542830110 0.005421154 0.999893129 0.013574644 -2.015282631 -0.025540698 -0.013431963 0.999583542 82.270240784
0.999497950 -0.006968583 0.030908022 0.574833035 0.006517839 0.999871314 0.014660254 -2.035794258 -0.031006206 -0.014451439 0.999414802 82.776870728
0.999198556 -0.007565831 0.039307643 0.610434532 0.007030193 0.999880731 0.013747231 -2.016435385 -0.039406963 -0.013459873 0.999132574 83.340034485
0.998855352 -0.008185461 0.047127608 0.687081337 0.007524226 0.999871016 0.014191066 -2.027644873 -0.047237687 -0.013820223 0.998788059 83.828681946
0.998497486 -0.006414049 0.054422930 0.662031889 0.005642161 0.999881446 0.014324942 -2.024995089 -0.054508369 -0.013996354 0.998415232 84.272941589
0.997949362 -0.005937871 0.063732855 0.717065811 0.005081098 0.999894679 0.013596860 -2.026219368 -0.063806877 -0.013245146 0.997874439 84.819442749
0.997290552 -0.006770754 0.073250309 0.788627148 0.005740955 0.999881744 0.014260059 -2.040601730 -0.073338196 -0.013800898 0.997211635 85.394760132
0.996623635 -0.007564738 0.081756338 0.838524818 0.006505000 0.999891341 0.013220759 -2.046816826 -0.081847474 -0.012644297 0.996564686 85.956405640
0.995799661 -0.006528732 0.091325432 0.883471012 0.005355349 0.999899983 0.013087534 -2.037406445 -0.091401741 -0.012543485 0.995735109 86.534347534
0.994891405 -0.006481113 0.100742519 0.968876362 0.005064930 0.999884784 0.014306883 -2.068786621 -0.100823618 -0.013723542 0.994809628 86.812835693
0.993818879 -0.008028231 0.110722788 1.063358307 0.006528203 0.999882042 0.013903473 -2.075323582 -0.110821329 -0.013094712 0.993754029 87.340621948
0.992591918 -0.006519302 0.121319763 1.131403923 0.004847308 0.999889255 0.014071741 -2.079107523 -0.121398091 -0.013379423 0.992513716 87.915649414
0.991231918 -0.006709667 0.131962866 1.230201721 0.004916528 0.999891222 0.013909343 -2.077889919 -0.132041842 -0.013138587 0.991156995 88.478813171
0.989443362 -0.005667392 0.144809097 1.320549965 0.003712469 0.999898255 0.013766661 -2.095789909 -0.144872412 -0.013083732 0.989363849 89.076057434
0.987930834 -0.007359494 0.154721022 1.411170959 0.005315067 0.999893069 0.013623153 -2.090430260 -0.154804736 -0.012636381 0.987864316 89.573982239
0.986346662 -0.007584352 0.164508268 1.440912247 0.005252557 0.999879479 0.014604731 -2.081738949 -0.164599255 -0.013541238 0.986267507 89.922080994
0.984127939 -0.007210063 0.177313834 1.557547569 0.004670757 0.999880493 0.014734217 -2.089279652 -0.177398860 -0.013672166 0.984044015 90.463317871
0.981874645 -0.008157921 0.189356118 1.696089745 0.005604140 0.999885976 0.014018189 -2.098985195 -0.189448908 -0.012702925 0.981808364 91.011650085
0.979593158 -0.007259083 0.200859547 1.828964233 0.004415450 0.999883592 0.014601711 -2.112539291 -0.200942174 -0.013416851 0.979511201 91.565216064
0.977004647 -0.008428934 0.213051617 2.001869202 0.005353372 0.999872983 0.015008545 -2.141708851 -0.213151067 -0.013522874 0.976925671 92.057495117
0.973797917 -0.007317226 0.227296993 2.038219452 0.004030889 0.999880552 0.014919162 -2.092360973 -0.227379024 -0.013612040 0.973711193 92.514656067
0.971043527 -0.007665703 0.238779575 2.189340591 0.004173146 0.999876857 0.015128810 -2.100713253 -0.238866165 -0.013694271 0.970955968 93.062614441
0.968174160 -0.009544170 0.250094891 2.387760162 0.006016716 0.999871373 0.014865203 -2.112966537 -0.250204593 -0.012887355 0.968107224 93.559425354
0.964517534 -0.009257125 0.263856351 2.563022614 0.005404434 0.999867976 0.015323602 -2.131488085 -0.263963401 -0.013353887 0.964440227 94.018447876
0.960555851 -0.008177763 0.277966797 2.672924042 0.004329169 0.999886096 0.014456484 -2.097541332 -0.278053373 -0.012682894 0.960481882 94.588020325
0.957400799 -0.008498210 0.288637251 2.861513138 0.004320316 0.999876499 0.015108541 -2.112652302 -0.288729995 -0.013217926 0.957319319 95.107437134
0.952929556 -0.009041700 0.303056836 3.053812027 0.004682843 0.999874890 0.015106567 -2.112368584 -0.303155541 -0.012976327 0.952852726 95.659362793
0.948492408 -0.008859388 0.316675663 3.269758224 0.004285126 0.999876261 0.015138145 -2.118716955 -0.316770583 -0.013001421 0.948413074 96.190345764
0.944426835 -0.008799015 0.328603834 3.398241043 0.003968433 0.999874055 0.015368086 -2.122796059 -0.328697652 -0.013209991 0.944342792 96.578903198
0.939893305 -0.008798103 0.341354877 3.613983154 0.003822350 0.999876499 0.015246350 -2.133918047 -0.341446787 -0.013025165 0.939810812 97.098564148
0.934351385 -0.007542798 0.356272995 3.822391510 0.002096765 0.999875069 0.015669836 -2.138837337 -0.356346697 -0.013894117 0.934250474 97.615478516
0.930070281 -0.009996628 0.367245585 4.054100037 0.004565841 0.999867141 0.015653688 -2.151030779 -0.367353231 -0.012882246 0.929992259 98.115959167
0.925346613 -0.009874654 0.378993213 4.299997330 0.004597477 0.999879479 0.014826663 -2.143992662 -0.379093915 -0.011977391 0.925280631 98.656486511
0.919365108 -0.008542220 0.393312365 4.466285706 0.002730506 0.999878705 0.015333492 -2.153519154 -0.393395633 -0.013023138 0.919276953 99.055427551
0.913723826 -0.008891314 0.406238705 4.683017731 0.002800546 0.999874592 0.015585111 -2.135117531 -0.406326413 -0.013102795 0.913634062 99.553710938
0.908921182 -0.009777814 0.416853219 4.931053162 0.003641368 0.999873042 0.015513511 -2.139233112 -0.416952074 -0.012582639 0.908841431 100.038650513
0.903477013 -0.010265805 0.428513646 5.201587677 0.004175614 0.999876499 0.015149968 -2.138191700 -0.428616285 -0.011898340 0.903408229 100.566253662
0.896781087 -0.009998905 0.442361355 5.476963043 0.003800421 0.999881864 0.014896369 -2.152633667 -0.442458004 -0.011677623 0.896713138 101.077690125
0.890619397 -0.010036491 0.454638660 5.735313416 0.003774996 0.999885201 0.014678150 -2.162111282 -0.454733789 -0.011356385 0.890555084 101.545974731
0.884521008 -0.008881338 0.466415703 6.034290314 0.002420933 0.999892771 0.014448527 -2.153326273 -0.466493964 -0.011650865 0.884447634 102.088783264
0.877385497 -0.010593878 0.479668975 6.210697174 0.003644573 0.999874532 0.015416574 -2.155595779 -0.479772151 -0.011778090 0.877314091 102.374893188
