1.000000000 0.000000000 0.000000000 0.000000000 0.000000000 1.000000000 0.000000000 0.000000000 0.000000000 0.000000000 1.000000000 0.000000000
0.999999940 -0.000320331 0.000046087 0.000274661 0.000320330 0.999999940 0.000012947 0.000293695 -0.000046092 -0.000012933 1.000000000 -0.000109237
1.000000000 -0.000118755 0.000135226 -0.000634799 0.000118731 1.000000000 0.000177080 -0.000419007 -0.000135247 -0.000177064 1.000000000 0.000298816
1.000000000 -0.000094869 0.000018309 0.000264524 0.000094867 1.000000000 0.000094374 0.000135634 -0.000018317 -0.000094372 1.000000000 0.000042416
1.000000000 -0.000044677 0.000054535 0.000294791 0.000044674 1.000000000 0.000061212 -0.000760513 -0.000054538 -0.000061210 1.000000000 -0.000696387
0.999999940 -0.000300397 0.000077956 0.000065019 0.000300397 0.999999940 -0.000006237 0.000184091 -0.000077954 0.000006260 1.000000000 -0.000807282
0.999999940 -0.000392659 0.000149111 -0.000850239 0.000392656 0.999999940 0.000020933 -0.000044435 -0.000149119 -0.000020875 1.000000000 0.000532219
0.999999940 -0.000321663 0.000096441 0.000511945 0.000321646 0.999999940 0.000174412 -0.000665805 -0.000096497 -0.000174381 1.000000000 0.001300778
1.000000000 -0.000122591 0.000118685 -0.000020088 0.000122592 1.000000000 -0.000008144 0.000819233 -0.000118684 0.000008158 1.000000000 0.000944764
1.000000000 -0.000006609 0.000150145 -0.000786489 0.000006607 1.000000000 0.000012813 -0.000128676 -0.000150145 -0.000012812 1.000000000 -0.000534325
1.000000000 -0.000167920 0.000051329 0.001149238 0.000167918 1.000000000 0.000043265 0.000416801 -0.000051336 -0.000043256 1.000000000 -0.000736297
1.000000000 -0.000040117 -0.000031348 0.001111546 0.000040116 1.000000000 -0.000022813 -0.000231401 0.000031349 0.000022812 1.000000000 -0.002202383
1.000000000 0.000016921 0.000058838 0.000604510 -0.000016914 1.000000000 -0.000119175 0.001922756 -0.000058840 0.000119174 1.000000000 0.000761460
1.000000000 -0.000071109 0.000072419 -0.000532102 0.000071107 1.000000000 0.000035796 0.000576923 -0.000072422 -0.000035791 1.000000000 -0.000054448
1.000000000 0.000119466 0.000124792 -0.000649339 -0.000119450 1.000000000 -0.000125563 0.001150842 -0.000124807 0.000125548 1.000000000 -0.000125017
1.000000000 -0.000128129 0.000009295 0.000659300 0.000128128 1.000000000 0.000117700 0.000131723 -0.000009310 -0.000117698 1.000000000 -0.000090961
0.999999940 -0.000399677 0.000008698 0.000128014 0.000399676 0.999999881 0.000157472 -0.000384846 -0.000008761 -0.000157469 1.000000000 -0.000718038
0.999999940 -0.000301609 0.000035057 0.000176505 0.000301606 0.999999940 0.000107561 -0.001042021 -0.000035089 -0.000107551 1.000000000 -0.001681234
1.000000000 0.000064899 0.000111170 -0.000251414 -0.000064907 1.000000000 0.000074097 -0.000215686 -0.000111165 -0.000074104 1.000000000 -0.001197543
1.000000000 0.000235664 -0.000001123 -0.000189156 -0.000235664 0.999999940 0.000118738 -0.000087709 0.000001151 -0.000118738 1.000000000 -0.000334942
1.000000000 -0.000133670 -0.000037145 0.000683479 0.000133674 1.000000000 0.000126562 0.000163824 0.000037128 -0.000126567 1.000000000 -0.000620663
1.000000000 -0.000022881 0.000075272 -0.000332082 0.000022872 1.000000000 0.000110565 -0.000254989 -0.000075275 -0.000110563 1.000000000 -0.000687031
1.000000000 -0.000146449 0.000030672 0.000437022 0.000146444 1.000000000 0.000159582 -0.000573375 -0.000030695 -0.000159577 1.000000000 -0.001499712
1.000000000 -0.000221231 0.000098107 0.000798347 0.000221232 1.000000000 -0.000004242 0.000908893 -0.000098106 0.000004264 1.000000000 0.000775806
1.000000000 0.000118028 0.000126720 0.000050897 -0.000118041 1.000000000 0.000100923 0.000302366 -0.000126708 -0.000100937 1.000000000 0.000573633
1.000000000 -0.000105737 0.000003172 0.001814778 0.000105737 1.000000000 0.000098803 0.000555735 -0.000003183 -0.000098802 1.000000000 -0.001287862
0.999999940 -0.000240479 0.000074492 0.000420739 0.000240477 1.000000000 0.000026702 0.000131440 -0.000074498 -0.000026684 1.000000000 -0.001936905
1.000000000 -0.000219789 0.000009081 -0.000159123 0.000219789 1.000000000 0.000028064 -0.000191077 -0.000009087 -0.000028062 1.000000000 -0.002015585
0.999999940 0.000214674 0.000173824 -0.001230890 -0.000214706 0.999999940 0.000186325 0.000138670 -0.000173784 -0.000186362 0.999999940 0.001116042
1.000000000 -0.000026847 -0.000013833 0.000496175 0.000026849 1.000000000 0.000174659 -0.000305780 0.000013828 -0.000174659 1.000000000 -0.000977487
0.999999940 -0.000221693 0.000207557 -0.000827363 0.000221688 1.000000000 0.000022946 0.000467853 -0.000207562 -0.000022900 1.000000000 -0.000146286
1.000000000 -0.000147666 0.000177755 -0.000941879 0.000147642 1.000000000 0.000136885 -0.000439854 -0.000177775 -0.000136859 1.000000000 -0.001064968
1.000000000 -0.000002332 0.000091150 -0.000403345 0.000002315 1.000000000 0.000185374 -0.001384109 -0.000091151 -0.000185374 1.000000000 -0.002119661
1.000000000 -0.000085170 0.000135390 -0.000270179 0.000085177 1.000000000 -0.000048109 0.000703397 -0.000135386 0.000048120 1.000000000 -0.001008723
1.000000000 -0.000094146 0.000120368 -0.000339554 0.000094147 1.000000000 -0.000006921 0.000429079 -0.000120368 0.000006933 1.000000000 -0.000760550
1.000000000 0.000084527 0.000084588 0.000104548 -0.000084541 1.000000000 0.000166418 -0.000149927 -0.000084574 -0.000166425 1.000000000 -0.001451551
0.999999940 -0.000222912 0.000158268 0.000135326 0.000222918 1.000000000 -0.000040666 0.001899232 -0.000158259 0.000040701 1.000000000 0.000434675
1.000000000 -0.000106318 0.000097337 -0.000455557 0.000106306 1.000000000 0.000117482 0.000919555 -0.000097349 -0.000117472 1.000000000 0.001033235
1.000000000 -0.000036110 0.000143630 -0.000503838 0.000036105 1.000000000 0.000033771 0.000814236 -0.000143631 -0.000033765 1.000000000 -0.000485186
1.000000000 0.000046918 0.000180274 -0.000980485 -0.000046926 1.000000000 0.000043448 0.000549189 -0.000180272 -0.000043456 1.000000000 -0.000266614
0.999999940 -0.000000574 0.000315558 -0.000901525 0.000000626 1.000000000 -0.000162846 0.001508319 -0.000315558 0.000162846 0.999999940 0.002337955
1.000000000 0.000029130 0.000238880 0.001025309 -0.000028969 0.999999762 -0.000673774 -0.001253830 -0.000238899 0.000673767 0.999999762 0.051463868
1.000000000 0.000023812 0.000011060 0.003254241 -0.000023798 0.999999166 -0.001257129 -0.003321735 -0.000011090 0.001257129 0.999999225 0.139466301
1.000000000 0.000402805 -0.000037916 0.003174882 -0.000402862 0.999998808 -0.001506563 -0.005545772 0.000037310 0.001506578 0.999998927 0.257339150
0.999999881 -0.000451320 -0.000193616 0.005304530 0.000451162 0.999999702 -0.000814726 -0.016754588 0.000193984 0.000814638 0.999999642 0.382868469
1.000000000 0.000165075 -0.000177081 0.006742228 -0.000165256 0.999999523 -0.001019449 -0.019897848 0.000176913 0.001019478 0.999999464 0.522277951
1.000000000 -0.000175024 -0.000250951 0.010981181 0.000174796 0.999999642 -0.000907603 -0.024140976 0.000251110 0.000907559 0.999999583 0.675351083
0.999999940 -0.000130094 -0.000320666 0.015746137 0.000129972 0.999999881 -0.000382159 -0.030740049 0.000320716 0.000382117 0.999999881 0.834197938
0.999999940 0.000329165 -0.000260550 0.018253887 -0.000329320 0.999999702 -0.000594670 -0.030630641 0.000260354 0.000594756 0.999999702 1.015852571
0.999999940 0.000269884 -0.000283721 0.023646796 -0.000270041 0.999999762 -0.000553966 -0.036756951 0.000283571 0.000554043 0.999999762 1.189617991
0.999999762 -0.000520586 -0.000490175 0.028960481 0.000520534 0.999999881 -0.000104732 -0.046801627 0.000490230 0.000104477 0.999999881 1.375363827
0.999999940 -0.000163967 -0.000412387 0.031127337 0.000163832 1.000000000 -0.000327010 -0.049138345 0.000412441 0.000326942 0.999999881 1.570068240
0.999999881 0.000423620 -0.000053958 0.028999267 -0.000423635 0.999999881 -0.000261719 -0.052062742 0.000053847 0.000261742 0.999999940 1.771712065
0.999999821 0.000355337 -0.000439747 0.035494149 -0.000355339 0.999999881 -0.000003301 -0.059889060 0.000439746 0.000003458 0.999999821 1.971817970
1.000000000 -0.000179622 0.000046335 0.038694199 0.000179615 1.000000000 0.000163799 -0.066939078 -0.000046365 -0.000163791 0.999999940 2.181342125
0.999999940 -0.000395790 -0.000131783 0.044039190 0.000395838 1.000000000 0.000364223 -0.072671957 0.000131639 -0.000364275 0.999999940 2.397143126
0.999999881 -0.000447039 0.000038148 0.048447832 0.000447030 0.999999881 0.000246460 -0.080209896 -0.000038258 -0.000246443 0.999999940 2.613910198
1.000000000 -0.000246284 0.000024275 0.053741138 0.000246272 0.999999881 0.000485918 -0.087797478 -0.000024395 -0.000485912 0.999999881 2.847042084
0.999999940 0.000200558 0.000338900 0.053901952 -0.000200698 0.999999821 0.000413593 -0.092471242 -0.000338817 -0.000413661 0.999999821 3.080511570
0.999999940 -0.000001968 -0.000014640 0.063741729 0.000001972 0.999999940 0.000246162 -0.099183597 0.000014639 -0.000246162 0.999999940 3.328100681
0.999999940 -0.000096126 0.000195257 0.066397600 0.000096019 0.999999821 0.000544320 -0.107715145 -0.000195309 -0.000544301 0.999999821 3.571118116
0.999999821 -0.000447271 -0.000262024 0.073235720 0.000447345 0.999999821 0.000281149 -0.112926498 0.000261898 -0.000281266 0.999999940 3.822681427
0.999999940 0.000271214 0.000240186 0.074725620 -0.000271275 0.999999940 0.000254231 -0.115521006 -0.000240117 -0.000254296 0.999999940 4.093439579
0.999999881 0.000392696 0.000336309 0.078463532 -0.000392949 0.999999642 0.000753057 -0.127822801 -0.000336013 -0.000753189 0.999999642 4.342289448
0.999999821 0.000316487 0.000499040 0.084868990 -0.000316529 0.999999881 0.000083672 -0.129896089 -0.000499014 -0.000083830 0.999999940 4.600239754
0.999999881 0.000139198 0.000515741 0.092877090 -0.000139582 0.999999702 0.000743366 -0.139919400 -0.000515637 -0.000743438 0.999999583 4.860515594
0.999999821 0.000265476 0.000427345 0.097590178 -0.000265877 0.999999523 0.000938629 -0.150983259 -0.000427095 -0.000938743 0.999999464 5.117358685
0.999999881 0.000001881 0.000357017 0.101398461 -0.000002204 0.999999642 0.000904818 -0.156835899 -0.000357016 -0.000904819 0.999999523 5.379612446
0.999999642 0.000660529 0.000492117 0.107822917 -0.000660858 0.999999583 0.000668818 -0.162121251 -0.000491675 -0.000669143 0.999999642 5.648479462
0.999999940 0.000005717 0.000175933 0.111941680 -0.000005948 0.999999166 0.001311225 -0.173559204 -0.000175925 -0.001311226 0.999999106 5.930751324
0.999999881 0.000218551 0.000415290 0.122269511 -0.000218959 0.999999523 0.000981951 -0.183405370 -0.000415076 -0.000982041 0.999999404 6.192949295
0.999999702 0.000382503 0.000650590 0.124337099 -0.000383197 0.999999404 0.001067293 -0.190029144 -0.000650181 -0.001067542 0.999999166 6.470319748
0.999999940 0.000250376 0.000186221 0.133170232 -0.000250611 0.999999166 0.001259870 -0.202394754 -0.000185906 -0.001259917 0.999999166 6.770789146
0.999999762 0.000301221 0.000601282 0.137188628 -0.000301973 0.999999166 0.001251514 -0.212671801 -0.000600905 -0.001251695 0.999999046 7.061162949
0.999999940 0.000208636 0.000137432 0.147533253 -0.000208817 0.999999046 0.001321767 -0.221420139 -0.000137156 -0.001321795 0.999999046 7.362710476
0.999999821 0.000411697 0.000469957 0.153698236 -0.000412204 0.999999285 0.001077954 -0.228300661 -0.000469513 -0.001078148 0.999999225 7.674695015
0.999999762 0.000286335 0.000528153 0.159898162 -0.000286993 0.999999166 0.001245745 -0.238276333 -0.000527795 -0.001245896 0.999999106 7.986968040
0.999999464 0.000332958 0.000993450 0.162242219 -0.000334369 0.999998927 0.001420039 -0.248295128 -0.000992976 -0.001420371 0.999998510 8.310248375
0.999998927 0.000730484 0.001247766 0.167606339 -0.000732181 0.999998808 0.001360040 -0.258600920 -0.001246772 -0.001360952 0.999998271 8.634453773
0.999998868 0.000566222 0.001487966 0.172897711 -0.000568705 0.999998450 0.001668764 -0.268686771 -0.001487019 -0.001669608 0.999997497 8.974813461
0.999998331 0.000750041 0.001640433 0.179604292 -0.000752626 0.999998450 0.001575715 -0.276745349 -0.001639249 -0.001576947 0.999997437 9.313661575
0.999997556 0.001067079 0.001988145 0.184830889 -0.001069779 0.999998510 0.001357220 -0.284694970 -0.001986694 -0.001359343 0.999997079 9.661458969
0.999997616 0.001331515 0.001728178 0.194223776 -0.001333605 0.999998331 0.001208305 -0.295874685 -0.001726566 -0.001210606 0.999997795 10.003140450
0.999998510 0.000892666 0.001430469 0.205945000 -0.000894665 0.999998629 0.001398118 -0.307325363 -0.001429219 -0.001399395 0.999997973 10.363078117
0.999998927 0.000670744 0.001300164 0.211652324 -0.000672734 0.999998629 0.001530869 -0.316873431 -0.001299135 -0.001531742 0.999997973 10.726889610
0.999998987 0.000824577 0.001168438 0.221848950 -0.000826352 0.999998510 0.001519110 -0.324345440 -0.001167184 -0.001520074 0.999998152 11.091820717
0.999998093 0.001248848 0.001510566 0.226121694 -0.001250610 0.999998510 0.001166347 -0.334649295 -0.001509107 -0.001168234 0.999998152 11.466518402
0.999997854 0.001056993 0.001789426 0.233908087 -0.001059912 0.999998033 0.001631460 -0.345263809 -0.001787698 -0.001633353 0.999997079 11.846081734
0.999998093 0.000857988 0.001762896 0.243768245 -0.000861290 0.999997795 0.001872599 -0.361359626 -0.001761286 -0.001874113 0.999996662 12.222373009
0.999997795 0.000988659 0.001818968 0.254407048 -0.000991916 0.999997854 0.001790602 -0.371869147 -0.001817194 -0.001792402 0.999996722 12.613245010
0.999998450 0.000531013 0.001687855 0.262440950 -0.000534152 0.999998152 0.001859904 -0.380806774 -0.001686864 -0.001860803 0.999996781 13.005212784
0.999996960 0.001203151 0.002152950 0.269001991 -0.001206825 0.999997914 0.001705599 -0.392241031 -0.002150893 -0.001708192 0.999996245 13.401752472
0.999996126 0.000970330 0.002619882 0.277133733 -0.000973895 0.999998569 0.001359627 -0.400364131 -0.002618559 -0.001362173 0.999995649 13.809074402
0.999994099 0.001751439 0.002964458 0.281607866 -0.001755654 0.999997377 0.001419893 -0.412211299 -0.002961964 -0.001425089 0.999994576 14.225527763
0.999995828 0.001201265 0.002620398 0.294959873 -0.001204660 0.999998391 0.001294184 -0.425155699 -0.002618840 -0.001297335 0.999995708 14.638595581
0.999994695 0.001135111 0.003035312 0.302291811 -0.001140303 0.999997914 0.001709632 -0.442051381 -0.003033365 -0.001713084 0.999993920 15.071817398
0.999994993 0.001276933 0.002885676 0.313646436 -0.001281170 0.999998093 0.001466956 -0.451095819 -0.002883798 -0.001470646 0.999994755 15.508100510
0.999993443 0.001335846 0.003361250 0.322059989 -0.001341398 0.999997735 0.001649944 -0.464886159 -0.003359038 -0.001654443 0.999992967 15.953066826
0.999993980 0.001110752 0.003294777 0.332246304 -0.001116293 0.999997973 0.001680164 -0.477430284 -0.003292904 -0.001683832 0.999993145 16.397056580
0.999994516 0.000875681 0.003200167 0.342185318 -0.000880897 0.999998271 0.001628762 -0.490426987 -0.003198736 -0.001631572 0.999993563 16.849700928
0.999993980 0.000689632 0.003395204 0.353973061 -0.000696675 0.999997616 0.002073585 -0.504714310 -0.003393766 -0.002075938 0.999992073 17.315553665
0.999993265 0.000432253 0.003648276 0.363729417 -0.000439304 0.999997973 0.001932224 -0.517672420 -0.003647434 -0.001933814 0.999991477 17.774766922
0.999990642 0.001202090 0.004144101 0.372048736 -0.001209513 0.999997616 0.001789293 -0.529448271 -0.004141941 -0.001794289 0.999989808 18.247776031
0.999990880 0.000478898 0.004229499 0.388916731 -0.000488726 0.999997199 0.002322986 -0.541962624 -0.004228374 -0.002325032 0.999988317 18.740844727
0.999988675 0.000230493 0.004747988 0.401906282 -0.000241432 0.999997377 0.002303529 -0.563624501 -0.004747444 -0.002304650 0.999986112 19.194591522
0.999993265 0.000215856 0.003666255 0.417195946 -0.000221303 0.999998868 0.001485455 -0.557299793 -0.003665929 -0.001486256 0.999992192 19.713726044
0.999994993 0.000026081 0.003159497 0.432927638 -0.000032532 0.999997854 0.002041761 -0.574012995 -0.003159437 -0.002041853 0.999992847 20.210563660
0.999995470 -0.000007033 0.003018123 0.447186828 0.000000812 0.999997854 0.002061132 -0.586617708 -0.003018131 -0.002061120 0.999993324 20.711717606
0.999994695 0.000294953 0.003244131 0.458905637 -0.000302020 0.999997556 0.002178023 -0.601237237 -0.003243481 -0.002178991 0.999992371 21.205440521
0.999996483 -0.000117204 0.002638719 0.470331728 0.000111642 0.999997914 0.002107632 -0.610607445 -0.002638960 -0.002107330 0.999994218 21.705404282
0.999997675 -0.000028410 0.002123998 0.481688499 0.000023942 0.999997795 0.002103695 -0.626082182 -0.002124053 -0.002103639 0.999995470 22.215051651
0.999998987 -0.000043623 0.001433248 0.496221989 0.000040978 0.999998271 0.001845777 -0.632749081 -0.001433326 -0.001845717 0.999997258 22.736371994
0.999999404 0.000198368 0.001064279 0.507083416 -0.000200365 0.999998152 0.001876425 -0.650046051 -0.001063904 -0.001876637 0.999997675 23.247392654
0.999999642 0.000163310 0.000753931 0.519351900 -0.000164611 0.999998450 0.001725336 -0.663397372 -0.000753648 -0.001725459 0.999998212 23.760057449
0.999999464 -0.000936053 0.000248563 0.531125665 0.000935689 0.999998450 0.001463431 -0.678562522 -0.000249932 -0.001463198 0.999998927 24.282018661
1.000000000 0.000010966 -0.000136720 0.540215313 -0.000010719 0.999998391 0.001801670 -0.690504253 0.000136740 -0.001801669 0.999998391 24.815399170
0.999999702 0.000406086 -0.000679818 0.555280685 -0.000404983 0.999998748 0.001622012 -0.702516377 0.000680476 -0.001621737 0.999998391 25.353649139
0.999999702 0.000237064 -0.000724605 0.559569418 -0.000235946 0.999998808 0.001542601 -0.718665421 0.000724970 -0.001542430 0.999998569 25.890245438
0.999998808 0.001454860 -0.000460187 0.561752021 -0.001453981 0.999997139 0.001903344 -0.734346569 0.000462955 -0.001902673 0.999998093 26.438236237
0.999998212 0.000036468 -0.001875136 0.592875063 -0.000031716 0.999996722 0.002534426 -0.753399551 0.001875222 -0.002534362 0.999995053 26.978399277
0.999998450 0.001238078 -0.001191658 0.585434437 -0.001235060 0.999996066 0.002530064 -0.770021081 0.001194786 -0.002528589 0.999996006 27.548803329
0.999998450 0.001616175 -0.000677742 0.583846688 -0.001614806 0.999996662 0.002016104 -0.783277571 0.000680998 -0.002015006 0.999997735 28.092870712
0.999996603 0.002362405 -0.001070013 0.598487556 -0.002360010 0.999994636 0.002234020 -0.796756387 0.001075285 -0.002231487 0.999996960 28.644777298
0.999996960 0.002100792 -0.001310299 0.607357681 -0.002097856 0.999995232 0.002237975 -0.815244019 0.001314995 -0.002235219 0.999996603 29.182489395
0.999994755 0.003098903 -0.001068881 0.615073383 -0.003096957 0.999993563 0.001817337 -0.819907248 0.001074506 -0.001814017 0.999997735 29.731481552
0.999996006 0.002430153 -0.001437842 0.619894981 -0.002427492 0.999995351 0.001849412 -0.832384944 0.001442330 -0.001845915 0.999997258 30.278400421
0.999996543 0.001898985 -0.001788379 0.637953103 -0.001895732 0.999996483 0.001818422 -0.855912507 0.001791826 -0.001815025 0.999996722 30.815639496
0.999993324 0.002946091 -0.002141871 0.635632575 -0.002941110 0.999992907 0.002324990 -0.868803501 0.002148706 -0.002318675 0.999994993 31.368736267
0.999993563 0.002926380 -0.002077251 0.638509333 -0.002920456 0.999991715 0.002849102 -0.882815719 0.002085572 -0.002843017 0.999993801 31.921607971
0.999994040 0.002792737 -0.002034573 0.641975522 -0.002789973 0.999995112 0.001360139 -0.894914746 0.002038361 -0.001354454 0.999997020 32.481594086
0.999993205 0.002118777 -0.003010052 0.647370577 -0.002114054 0.999996483 0.001571500 -0.919588566 0.003013371 -0.001565126 0.999994159 33.002544403
0.999993980 0.002150231 -0.002732480 0.650850296 -0.002147790 0.999997437 0.000895879 -0.928340733 0.002734399 -0.000890005 0.999995887 33.550262451
0.999991119 0.001881201 -0.003749179 0.678396523 -0.001876120 0.999997437 0.001358486 -0.960062325 0.003751724 -0.001351441 0.999992013 34.077301025
0.999991715 0.001646779 -0.003722081 0.668584764 -0.001640628 0.999997258 0.001655048 -0.965345800 0.003724797 -0.001648928 0.999991715 34.614154816
0.999989510 0.002026689 -0.004107061 0.686739445 -0.002022865 0.999997497 0.000934680 -0.976021230 0.004108945 -0.000926362 0.999991119 35.167980194
0.999988139 0.002508824 -0.004174481 0.699767947 -0.002505214 0.999996483 0.000869612 -0.985528171 0.004176648 -0.000859144 0.999990880 35.723300934
0.999985337 0.000801089 -0.005343123 0.720531225 -0.000796347 0.999999404 0.000889544 -1.006384969 0.005343833 -0.000885276 0.999985337 36.250999451
0.999987483 0.001604980 -0.004720831 0.722626626 -0.001602876 0.999998629 0.000449286 -1.009511352 0.004721546 -0.000441714 0.999988735 36.813930511
0.999989390 0.001405496 -0.004392541 0.717767417 -0.001399747 0.999998152 0.001311520 -1.039168358 0.004394376 -0.001305357 0.999989510 37.325286865
0.999984860 0.002119208 -0.005073707 0.741875827 -0.002113165 0.999997020 0.001196079 -1.055853844 0.005076225 -0.001185339 0.999986410 37.889911652
0.999986589 0.002223439 -0.004675020 0.741513252 -0.002218974 0.999997079 0.000960091 -1.060799241 0.004677142 -0.000949704 0.999988556 38.441619873
0.999984145 0.002488887 -0.005047974 0.747705042 -0.002485677 0.999996662 0.000642056 -1.077525616 0.005049556 -0.000629498 0.999987006 38.983970642
0.999983251 0.002537539 -0.005190137 0.760134339 -0.002533722 0.999996543 0.000741872 -1.097135544 0.005192001 -0.000728709 0.999986231 39.515846252
0.999984443 0.002206997 -0.005121047 0.761336327 -0.002199080 0.999996305 0.001551275 -1.121132135 0.005124451 -0.001539990 0.999985695 40.050273895
0.999982595 0.001959241 -0.005567057 0.772158802 -0.001954092 0.999997675 0.000930115 -1.125404119 0.005568868 -0.000919221 0.999984086 40.595458984
0.999981463 0.001763951 -0.005824408 0.779536605 -0.001759890 0.999998212 0.000702373 -1.137048006 0.005825636 -0.000692109 0.999982774 41.161682129
0.999978364 0.001500136 -0.006394886 0.792729497 -0.001494504 0.999998450 0.000885298 -1.158901930 0.006396205 -0.000875722 0.999979138 41.703289032
0.999975502 0.001002013 -0.006925739 0.796551585 -0.000997933 0.999999464 0.000592487 -1.169304609 0.006926328 -0.000585561 0.999975860 42.266071320
0.999974132 0.000633832 -0.007165479 0.801184058 -0.000629071 0.999999523 0.000666722 -1.183387756 0.007165899 -0.000662197 0.999974132 42.800533295
0.999972284 0.001086494 -0.007381666 0.810672045 -0.001081753 0.999999225 0.000646116 -1.195175767 0.007382364 -0.000638112 0.999972522 43.363227844
0.999973059 0.001134583 -0.007252253 0.814834595 -0.001130103 0.999999106 0.000621753 -1.210123062 0.007252952 -0.000613540 0.999973536 43.903152466
0.999972820 0.000436879 -0.007359601 0.814716816 -0.000431533 0.999999642 0.000727967 -1.226319194 0.007359917 -0.000724771 0.999972641 44.437305450
0.999973714 0.000830510 -0.007203967 0.819516122 -0.000825324 0.999999404 0.000722865 -1.245816946 0.007204564 -0.000716901 0.999973774 44.985145569
0.999976635 0.002106384 -0.006507144 0.824090660 -0.002107721 0.999997735 -0.000198702 -1.248038888 0.006506712 0.000212413 0.999978781 45.544586182
0.999978721 0.001530703 -0.006344265 0.826593399 -0.001529766 0.999998748 0.000152635 -1.265938997 0.006344492 -0.000142927 0.999979794 46.077896118
0.999979794 0.001533285 -0.006171588 0.833665669 -0.001535036 0.999998808 -0.000278954 -1.280242443 0.006171154 0.000288422 0.999980867 46.616573334
0.999982536 0.002154788 -0.005508099 0.835209370 -0.002156232 0.999997616 -0.000256223 -1.290852070 0.005507534 0.000268095 0.999984741 47.167270660
0.999979198 0.001537103 -0.006262799 0.850719571 -0.001536583 0.999998748 0.000087873 -1.315119863 0.006262928 -0.000078248 0.999980390 47.704135895
0.999979317 0.001936344 -0.006136896 0.853923917 -0.001933379 0.999997973 0.000488960 -1.333828330 0.006137831 -0.000477085 0.999980986 48.240634918
0.999978602 0.002378553 -0.006080404 0.863720238 -0.002380218 0.999997139 -0.000266594 -1.338793516 0.006079752 0.000281061 0.999981463 48.785736084
0.999978364 0.002509785 -0.006084756 0.871129155 -0.002511772 0.999996781 -0.000318877 -1.352471232 0.006083935 0.000334154 0.999981463 49.316936493
0.999977946 0.002398984 -0.006185811 0.884609222 -0.002397542 0.999997079 0.000240588 -1.377588034 0.006186370 -0.000225752 0.999980807 49.849193573
0.999977887 0.002357664 -0.006204604 0.892031193 -0.002358478 0.999997199 -0.000123819 -1.382039905 0.006204294 0.000138449 0.999980688 50.404205322
0.999980628 0.002356370 -0.005760380 0.899627447 -0.002356811 0.999997199 -0.000069910 -1.404450774 0.005760199 0.000083484 0.999983430 50.936599731
0.999980152 0.002920458 -0.005580993 0.913108349 -0.002922253 0.999995649 -0.000313291 -1.415211439 0.005580055 0.000329594 0.999984384 51.478294373
0.999977946 0.002510626 -0.006144541 0.921494246 -0.002513818 0.999996722 -0.000511767 -1.435579300 0.006143236 0.000527202 0.999980986 52.007976532
0.999980867 0.002023032 -0.005837844 0.929413915 -0.002027850 0.999997616 -0.000819690 -1.449137807 0.005836172 0.000831512 0.999982536 52.557830811
0.999979496 0.002727140 -0.005788861 0.928220749 -0.002727093 0.999996245 0.000015974 -1.480132103 0.005788884 -0.000000187 0.999983191 53.087146759
0.999979734 0.002546444 -0.005839516 0.933595061 -0.002546585 0.999996781 -0.000016674 -1.498345613 0.005839454 0.000031544 0.999982953 53.618034363
0.999980211 0.003167916 -0.005440571 0.941744685 -0.003167402 0.999994993 0.000103167 -1.511862874 0.005440871 -0.000085933 0.999985218 54.163330078
0.999980748 0.002336646 -0.005744982 0.954375863 -0.002338602 0.999997199 -0.000333747 -1.522316933 0.005744185 0.000347176 0.999983370 54.714340210
0.999982238 0.002301215 -0.005497580 0.958201408 -0.002300319 0.999997318 0.000169399 -1.547701955 0.005497954 -0.000156750 0.999984860 55.266254425
0.999982893 0.002863084 -0.005103608 0.961356640 -0.002865648 0.999995768 -0.000495325 -1.554258227 0.005102169 0.000509941 0.999986827 55.811149597
0.999982417 0.002084774 -0.005547434 0.975007534 -0.002088220 0.999997616 -0.000615657 -1.569706559 0.005546136 0.000627231 0.999984443 56.350654602
0.999981821 0.002582514 -0.005451066 0.985917330 -0.002586462 0.999996364 -0.000717349 -1.585075021 0.005449194 0.000731435 0.999984860 56.895954132
0.999982119 0.002549218 -0.005407918 0.998563766 -0.002551094 0.999996662 -0.000339978 -1.595474005 0.005407033 0.000353768 0.999985337 57.461441040
0.999981046 0.002977105 -0.005393188 1.003224969 -0.002984114 0.999994695 -0.001292119 -1.608165145 0.005389313 0.001308188 0.999984562 58.011348724
0.999982178 0.002598923 -0.005359641 1.008527875 -0.002606539 0.999995530 -0.001414489 -1.618084192 0.005355942 0.001428434 0.999984622 58.568191528
0.999981344 0.002900166 -0.005381193 1.017381668 -0.002910192 0.999993980 -0.001856345 -1.631773949 0.005375778 0.001871971 0.999983788 59.100563049
0.999980867 0.002675947 -0.005578482 1.024619341 -0.002682568 0.999995649 -0.001179778 -1.652825713 0.005575301 0.001194720 0.999983728 59.641269684
0.999979377 0.003536584 -0.005364460 1.039793015 -0.003542121 0.999993205 -0.001023029 -1.669535875 0.005360806 0.001042010 0.999985099 60.208026886
0.999979913 0.003504804 -0.005280980 1.047251940 -0.003512118 0.999992907 -0.001376374 -1.681347609 0.005276118 0.001394894 0.999985099 60.762641907
0.999976099 0.004265958 -0.005431964 1.054994106 -0.004271551 0.999990344 -0.001018412 -1.695540071 0.005427567 0.001041590 0.999984741 61.317134857
0.999980032 0.004224155 -0.004698912 1.068954468 -0.004229613 0.999990404 -0.001152197 -1.713105321 0.004694000 0.001172049 0.999988258 61.857288361
0.999981761 0.003566228 -0.004857533 1.076019287 -0.003573899 0.999992490 -0.001571529 -1.715206861 0.004851891 0.001588861 0.999986947 62.403430939
0.999980092 0.004240153 -0.004662212 1.083420038 -0.004246916 0.999989927 -0.001441804 -1.746701121 0.004656052 0.001461576 0.999988019 62.956848145
0.999982655 0.003571288 -0.004679210 1.085249186 -0.003578336 0.999992430 -0.001498823 -1.763092875 0.004673822 0.001515541 0.999987841 63.502964020
0.999975264 0.004137328 -0.005691525 1.099457741 -0.004146616 0.999990106 -0.001621023 -1.775225997 0.005684762 0.001644583 0.999982417 64.069847107
0.999979794 0.002973352 -0.005616839 1.112774611 -0.002983304 0.999994099 -0.001764317 -1.790711641 0.005611559 0.001781038 0.999982655 64.617652893
0.999973357 0.003362716 -0.006476382 1.124443412 -0.003369041 0.999993801 -0.000966183 -1.811596394 0.006473094 0.000987976 0.999978542 65.149719238
0.999976814 0.003817496 -0.005635281 1.125262737 -0.003824926 0.999991834 -0.001308173 -1.828544378 0.005630242 0.001329697 0.999983191 65.690902710
0.999981582 0.002793575 -0.005383951 1.126711845 -0.002800451 0.999995291 -0.001269904 -1.844403505 0.005380378 0.001284958 0.999984682 66.248039246
0.999978185 0.002891840 -0.005937126 1.138696671 -0.002903478 0.999993980 -0.001952506 -1.850676894 0.005931444 0.001969702 0.999980450 66.786376953
0.999978840 0.003460817 -0.005507424 1.147297621 -0.003468870 0.999992847 -0.001453363 -1.873230815 0.005502356 0.001472437 0.999983728 67.344459534
0.999977708 0.003257575 -0.005825054 1.156601071 -0.003264978 0.999993861 -0.001261715 -1.889668941 0.005820908 0.001280706 0.999982178 67.874862671
0.999979317 0.003408908 -0.005455944 1.157568932 -0.003416601 0.999993205 -0.001401544 -1.913877964 0.005451129 0.001420156 0.999984145 68.428108215
0.999977589 0.004286778 -0.005125480 1.163982749 -0.004294758 0.999989569 -0.001546807 -1.930643082 0.005118796 0.001568785 0.999985695 68.964324951
0.999977410 0.003490950 -0.005742786 1.173731923 -0.003501311 0.999992251 -0.001795401 -1.943003297 0.005736474 0.001815467 0.999981821 69.513771057
0.999975801 0.004460516 -0.005333534 1.183055401 -0.004471927 0.999987721 -0.002129268 -1.949699879 0.005323971 0.002153068 0.999983490 70.060668945
0.999980509 0.004134488 -0.004682230 1.176612973 -0.004144074 0.999989331 -0.002039293 -1.971790791 0.004673748 0.002058657 0.999986947 70.591499329
0.999978244 0.003580855 -0.005542410 1.194450498 -0.003594637 0.999990404 -0.002478628 -1.986117125 0.005533481 0.002498497 0.999981523 71.139488220
0.999980867 0.003503357 -0.005086785 1.202305794 -0.003514921 0.999991238 -0.002266218 -2.003584862 0.005078801 0.002284054 0.999984503 71.687339783
0.999976814 0.004262910 -0.005297674 1.213010788 -0.004273914 0.999988675 -0.002067395 -2.019458771 0.005288801 0.002089989 0.999983847 72.241790771
0.999977291 0.003786367 -0.005592091 1.226637363 -0.003798920 0.999990284 -0.002235830 -2.043287992 0.005583571 0.002257023 0.999981880 72.777580261
0.999979913 0.003614282 -0.005200311 1.228893280 -0.003624215 0.999991596 -0.001901841 -2.064388037 0.005193394 0.001920650 0.999984682 73.312957764
0.999980748 0.003309025 -0.005243452 1.231833816 -0.003321661 0.999991596 -0.002402940 -2.069136858 0.005235456 0.002420310 0.999983370 73.868759155
0.999981165 0.003815973 -0.004801670 1.243922949 -0.003828283 0.999989390 -0.002557033 -2.085508108 0.004791861 0.002575367 0.999985158 74.437789917
0.999978662 0.003735612 -0.005363575 1.266980886 -0.003747951 0.999990344 -0.002292199 -2.106283903 0.005354960 0.002312253 0.999983013 74.954475403
0.999976575 0.003760524 -0.005717625 1.277860284 -0.003779751 0.999987245 -0.003355470 -2.110240936 0.005704934 0.003377004 0.999977946 75.530609131
0.999976993 0.003780629 -0.005633341 1.288928866 -0.003797816 0.999988139 -0.003043453 -2.130656719 0.005621769 0.003064778 0.999979496 76.086944580
0.999975324 0.003050715 -0.006329658 1.305859208 -0.003069493 0.999990880 -0.002959002 -2.154986620 0.006320574 0.002978357 0.999975562 76.623886108
0.999977171 0.003628614 -0.005703606 1.313922763 -0.003643858 0.999989808 -0.002664567 -2.177843809 0.005693879 0.002685290 0.999980152 77.183578491
0.999976695 0.003279235 -0.005986003 1.324847579 -0.003295831 0.999990880 -0.002764944 -2.197264910 0.005976881 0.002784608 0.999978244 77.728195190
0.999973297 0.003782057 -0.006247361 1.332281351 -0.003801314 0.999988079 -0.003073504 -2.208555698 0.006235662 0.003097170 0.999975681 78.274353027
0.999974728 0.003516909 -0.006173640 1.339901686 -0.003534414 0.999989748 -0.002826787 -2.228050470 0.006163636 0.002848536 0.999976873 78.808242798
0.999968350 0.004702867 -0.006410556 1.354345798 -0.004721754 0.999984682 -0.002934290 -2.239925623 0.006396658 0.002964467 0.999975085 79.364036560
0.999973178 0.004208666 -0.005990944 1.358894706 -0.004226412 0.999986649 -0.002952378 -2.265706062 0.005978440 0.002977618 0.999977708 79.926757812
0.999973297 0.004012072 -0.006122770 1.367086172 -0.004031162 0.999987066 -0.003108604 -2.276521444 0.006110219 0.003133203 0.999976397 80.450355530
0.999977529 0.004792930 -0.004675474 1.373831034 -0.004803593 0.999985814 -0.002272043 -2.302357435 0.004664518 0.002294451 0.999986470 80.992851257
0.999983788 0.003842146 -0.004187153 1.392414927 -0.003855232 0.999987721 -0.003121512 -2.317069769 0.004175107 0.003137604 0.999986351 81.534172058
0.999987185 0.004456233 -0.002410659 1.398365498 -0.004462932 0.999986112 -0.002780387 -2.335705519 0.002398236 0.002791111 0.999993145 82.086463928
0.999988616 0.004502820 -0.001581287 1.413154364 -0.004507659 0.999985039 -0.003070890 -2.346745014 0.001567436 0.003077983 0.999994040 82.643302917
0.999989152 0.004588206 0.000968417 1.435826063 -0.004585526 0.999985695 -0.002751849 -2.369017601 -0.000981028 0.002747378 0.999995708 83.184600830
0.999977469 0.004399736 0.005065267 1.453581452 -0.004386451 0.999986887 -0.002630953 -2.386776209 -0.005076776 0.002608675 0.999983728 83.720939636
0.999954283 0.004335455 0.008521703 1.468221426 -0.004309129 0.999985814 -0.003105235 -2.402972937 -0.008535046 0.003068371 0.999958813 84.269554138
0.999897599 0.004922278 0.013432543 1.484661341 -0.004882969 0.999983728 -0.002957569 -2.418715477 -0.013446881 0.002891675 0.999905348 84.815032959
0.999793112 0.005176746 0.019666497 1.511194706 -0.005123668 0.999983072 -0.002748315 -2.437928915 -0.019680392 0.002646982 0.999802768 85.352348328
0.999666452 0.004765945 0.025382543 1.535008669 -0.004689465 0.999984264 -0.003071785 -2.456688881 -0.025396787 0.002951730 0.999673069 85.889533997
0.999502599 0.004911010 0.031149391 1.564824224 -0.004820646 0.999983907 -0.002975442 -2.472938776 -0.031163502 0.002823802 0.999510288 86.428825378
0.999238014 0.004139856 0.038810953 1.602185845 -0.004017772 0.999986708 -0.003223066 -2.488026619 -0.038823787 0.003064677 0.999241292 86.986694336
0.998871803 0.004815639 0.047246147 1.645382166 -0.004681193 0.999984682 -0.002955896 -2.512458801 -0.047259666 0.002731392 0.998878896 87.533302307
0.998493850 0.004657071 0.054665972 1.682001114 -0.004486287 0.999984622 -0.003246434 -2.524493694 -0.054680265 0.002996298 0.998499393 88.083511353
0.997963548 0.004846626 0.063602693 1.734854460 -0.004666248 0.999984801 -0.002984247 -2.541639805 -0.063616201 0.002681384 0.997970819 88.654731750
0.997287214 0.004391988 0.073476598 1.795277119 -0.004154781 0.999985635 -0.003380856 -2.555817127 -0.073490381 0.003066405 0.997291207 89.176811218
0.996618748 0.003797669 0.082077138 1.854936123 -0.003532667 0.999988079 -0.003373675 -2.571610212 -0.082088955 0.003072316 0.996620297 89.727310181
0.995929956 0.002857555 0.090084389 1.911598206 -0.002456327 0.999986589 -0.004564463 -2.583255053 -0.090096220 0.004324610 0.995923698 90.279579163
0.994947255 0.002941813 0.100356109 1.992896080 -0.002557181 0.999988914 -0.003961099 -2.604498625 -0.100366637 0.003684456 0.994943619 90.812309265
0.993808568 0.002544607 0.111076988 2.073270798 -0.002055800 0.999987721 -0.004514925 -2.609137774 -0.111087129 0.004258619 0.993801534 91.369224548
0.992662311 0.002900324 0.120885529 2.144342422 -0.002369137 0.999986827 -0.004537630 -2.629408836 -0.120897107 0.004217939 0.992656052 91.914833069
0.991343081 0.002121913 0.131279722 2.240621567 -0.001517596 0.999987781 -0.004703156 -2.642601013 -0.131288067 0.004463211 0.991334200 92.453926086
0.989726663 0.001590698 0.142963767 2.345104218 -0.000879614 0.999986887 -0.005036943 -2.660022020 -0.142969906 0.004859443 0.989715099 93.000679016
0.988068223 0.001009089 0.154013500 2.448740959 -0.000266845 0.999988258 -0.004839936 -2.678123236 -0.154016584 0.004741090 0.988056839 93.543022156
0.986476839 0.001140894 0.163896650 2.558273315 -0.000338825 0.999987781 -0.004921626 -2.694164991 -0.163900226 0.004799538 0.986465156 94.071052551
0.984220743 0.000532804 0.176944166 2.677079201 0.000356777 0.999987483 -0.004995616 -2.711194038 -0.176944584 0.004979919 0.984208167 94.604583740
0.982067943 0.000158400 0.188526854 2.807503700 0.000764552 0.999988079 -0.004822865 -2.726670742 -0.188525334 0.004880520 0.982056141 95.130439758
0.979973435 0.000043914 0.199128121 2.933382988 0.000960470 0.999987304 -0.004947308 -2.741135120 -0.199125811 0.005039487 0.979960978 95.665542603
0.977199614 -0.000093792 0.212322712 3.068965912 0.001257060 0.999984920 -0.005343793 -2.758033991 -0.212319031 0.005488855 0.977184951 96.206947327
0.974183321 -0.000123232 0.225758374 3.221195221 0.001317262 0.999985933 -0.005138342 -2.775180817 -0.225754574 0.005303070 0.974169791 96.752082825
0.971628010 -0.000947573 0.236512318 3.372180939 0.002184650 0.999985278 -0.004968485 -2.796440601 -0.236504123 0.005344216 0.971615791 97.277748108
0.968739748 -0.001128338 0.248076767 3.534069061 0.002479858 0.999983728 -0.005135577 -2.811566830 -0.248066947 0.005590234 0.968726754 97.792587280
0.965157211 -0.001249593 0.261667609 3.709209442 0.002658188 0.999983847 -0.005029269 -2.823031425 -0.261657119 0.005549597 0.965144873 98.330009460
0.961682856 -0.001547011 0.274159998 3.879241943 0.003023109 0.999983132 -0.004961655 -2.846104145 -0.274147719 0.005600355 0.961671233 98.846580505
0.958454192 -0.001735137 0.285241127 4.057485580 0.003249402 0.999982953 -0.004835545 -2.861643076 -0.285227895 0.005561511 0.958443582 99.365242004
0.954405785 -0.002765332 0.298499227 4.247612000 0.004483658 0.999977112 -0.005071910 -2.874086142 -0.298478335 0.006179030 0.954396307 99.876937866
0.950105250 -0.002737110 0.311917454 4.439664841 0.004489499 0.999977827 -0.004900166 -2.893648624 -0.311897129 0.006056026 0.950096548 100.383262634
0.946222246 -0.002909033 0.323504120 4.632099152 0.004712854 0.999977410 -0.004792647 -2.908489466 -0.323482841 0.006059537 0.946214616 100.889717102
0.941530526 -0.002423068 0.336919010 4.833995819 0.004453592 0.999976277 -0.005254031 -2.921590328 -0.336898297 0.006447330 0.941518903 101.423461914
0.936610341 -0.003961604 0.350350380 5.064197540 0.006023373 0.999970376 -0.004795390 -2.946148872 -0.350320995 0.006601702 0.936606407 101.922775269
0.932160497 -0.004439261 0.362018049 5.288431168 0.006621267 0.999966562 -0.004786971 -2.963283777 -0.361984730 0.006859243 0.932158709 102.432479858
0.927453279 -0.005028917 0.373905122 5.512212753 0.007363237 0.999961317 -0.004814956 -2.978187561 -0.373866469 0.007218800 0.927454472 102.941390991
0.921504140 -0.004699218 0.388340116 5.744567871 0.007052252 0.999964416 -0.004634160 -2.995250702 -0.388304472 0.007009069 0.921504617 103.438018799
0.915938675 -0.005431495 0.401281327 5.989601135 0.007870790 0.999959171 -0.004430527 -3.010720968 -0.401240885 0.007216492 0.915944159 103.928314209
0.910950005 -0.006172279 0.412470460 6.230014801 0.008744487 0.999952316 -0.004348935 -3.029766798 -0.412423879 0.007568506 0.910960615 104.412406921
0.904850066 -0.006430528 0.425681710 6.485565186 0.008968641 0.999951959 -0.003958491 -3.049150705 -0.425635785 0.007399628 0.904864311 104.894607544
0.898509026 -0.006884181 0.438901067 6.748100281 0.009340952 0.999950469 -0.003438337 -3.077481508 -0.438855648 0.007189130 0.898528814 105.367469788
0.892544746 -0.007155899 0.450901926 7.006423950 0.009741146 0.999946713 -0.003412921 -3.091754436 -0.450853437 0.007438488 0.892566979 105.837524414
0.886943161 -0.006921907 0.461826622 7.275585175 0.009299306 0.999952555 -0.002872025 -3.111471891 -0.461784869 0.006841991 0.886965573 106.313888550
0.879965961 -0.007388992 0.474979281 7.550830841 0.009929820 0.999946654 -0.002840767 -3.134402514 -0.474933028 0.007216237 0.879992366 106.773674011
