1.000000000 0.000000000 0.000000000 0.000000000 0.000000000 1.000000000 0.000000000 0.000000000 0.000000000 0.000000000 1.000000000 0.000000000
1.000000000 0.000008601 0.000028931 -0.000042915 -0.000008602 1.000000000 0.000041101 0.000247567 -0.000028930 -0.000041102 1.000000000 0.000562335
1.000000000 0.000007643 0.000064872 0.000591409 -0.000007646 1.000000000 0.000044790 0.000194225 -0.000064872 -0.000044791 1.000000000 0.000480922
1.000000000 -0.000198455 -0.000060367 0.001733608 0.000198452 1.000000000 -0.000040577 0.000898486 0.000060375 0.000040565 1.000000000 0.000281276
1.000000000 0.000047858 0.000083680 -0.000147824 -0.000047863 1.000000000 0.000054353 0.000473753 -0.000083677 -0.000054357 1.000000000 0.000723448
1.000000000 0.000109356 -0.000022095 0.000385487 -0.000109356 1.000000000 0.000003011 -0.000236542 0.000022095 -0.000003009 1.000000000 -0.001331181
1.000000000 -0.000073605 0.000033967 0.000790870 0.000073606 1.000000000 -0.000023987 -0.000013801 -0.000033965 0.000023990 1.000000000 -0.000311957
1.000000000 0.000018169 -0.000005321 0.000325745 -0.000018169 1.000000000 0.000018622 0.000221368 0.000005322 -0.000018622 1.000000000 0.000218046
1.000000000 0.000159226 0.000053974 -0.000300575 -0.000159230 1.000000000 0.000084654 -0.000316894 -0.000053961 -0.000084663 1.000000000 -0.000534075
0.999999940 0.000252698 0.000021912 -0.000292735 -0.000252699 0.999999940 0.000006207 0.000228316 -0.000021911 -0.000006213 1.000000000 -0.000691969
1.000000000 -0.000030882 -0.000000909 0.000505879 0.000030882 1.000000000 0.000016312 -0.000233271 0.000000908 -0.000016312 1.000000000 -0.000624072
1.000000000 0.000165201 -0.000009756 -0.000242908 -0.000165202 1.000000000 -0.000118904 0.001310331 0.000009737 0.000118906 1.000000000 -0.000074880
1.000000000 0.000059797 0.000029606 0.000124547 -0.000059795 1.000000000 -0.000066232 0.001373005 -0.000029610 0.000066230 1.000000000 0.000796861
1.000000000 0.000157612 0.000106279 -0.001228019 -0.000157596 1.000000000 -0.000156534 0.002735991 -0.000106304 0.000156517 1.000000000 0.001898989
0.999999940 0.000234822 0.000093131 -0.002106405 -0.000234811 0.999999940 -0.000124186 0.001919189 -0.000093160 0.000124164 1.000000000 0.001334729
0.999999940 0.000271670 0.000116833 -0.001202795 -0.000271664 0.999999940 -0.000051659 0.002145860 -0.000116847 0.000051627 1.000000000 0.001069498
0.999999940 0.000203260 0.000142989 -0.001718595 -0.000203247 1.000000000 -0.000092609 0.001793077 -0.000143008 0.000092580 1.000000000 0.001427091
0.999999940 0.000245071 0.000152036 -0.002235158 -0.000245083 0.999999940 0.000079584 0.000482610 -0.000152016 -0.000079622 1.000000000 0.001437370
0.999999940 0.000263478 0.000053656 -0.001727378 -0.000263480 0.999999940 0.000045009 0.001045561 -0.000053644 -0.000045023 1.000000000 0.000056358
1.000000000 0.000166804 0.000090688 -0.001145767 -0.000166799 1.000000000 -0.000053883 0.001627304 -0.000090697 0.000053868 1.000000000 0.001748999
1.000000000 0.000169682 0.000094030 -0.001364648 -0.000169687 1.000000000 0.000056812 0.001280004 -0.000094021 -0.000056828 1.000000000 0.001824106
0.999999940 0.000374301 0.000094621 -0.001531177 -0.000374295 0.999999940 -0.000058665 0.002280283 -0.000094643 0.000058630 1.000000000 0.001609463
0.999999940 0.000251375 0.000181607 -0.001413182 -0.000251366 0.999999940 -0.000048549 0.001832310 -0.000181619 0.000048503 1.000000000 0.001630167
1.000000000 0.000167694 0.000153460 -0.001785926 -0.000167690 1.000000000 -0.000028723 0.002334335 -0.000153465 0.000028697 1.000000000 0.001524468
1.000000000 0.000149559 0.000146001 -0.001739810 -0.000149550 1.000000000 -0.000063918 0.002167274 -0.000146010 0.000063896 1.000000000 0.002490996
1.000000000 0.000236165 0.000050286 -0.002283082 -0.000236166 1.000000000 0.000014607 0.001433922 -0.000050283 -0.000014618 1.000000000 -0.000245755
1.000000000 0.000159955 0.000065617 -0.001332922 -0.000159960 1.000000000 0.000072600 0.000726057 -0.000065606 -0.000072611 1.000000000 0.000354063
1.000000000 0.000057754 0.000127226 -0.001059994 -0.000057750 1.000000000 -0.000034159 0.001865342 -0.000127228 0.000034152 1.000000000 0.002610520
1.000000000 0.000157672 0.000114062 -0.001029116 -0.000157673 1.000000000 0.000008720 0.001737327 -0.000114061 -0.000008738 1.000000000 0.002160324
0.999999940 0.000293884 0.000171471 -0.002061851 -0.000293871 0.999999940 -0.000074858 0.002654619 -0.000171493 0.000074807 1.000000000 0.002435300
0.999999881 0.000388727 0.000227881 -0.001749537 -0.000388742 0.999999940 0.000066787 0.000883711 -0.000227855 -0.000066876 1.000000000 -0.000038816
0.999999940 0.000276553 0.000132001 -0.002042819 -0.000276554 0.999999940 0.000005085 0.000935627 -0.000132000 -0.000005122 1.000000000 0.000884832
0.999999940 0.000230291 0.000128122 -0.001039922 -0.000230284 1.000000000 -0.000049581 0.000923483 -0.000128133 0.000049551 1.000000000 0.001315802
0.999999940 0.000290223 0.000111099 -0.002735446 -0.000290232 0.999999940 0.000087134 0.000849267 -0.000111074 -0.000087166 1.000000000 0.000937964
1.000000000 0.000094487 0.000075985 -0.001566719 -0.000094489 1.000000000 0.000025049 0.001556927 -0.000075983 -0.000025056 1.000000000 0.001093854
0.999999940 0.000263332 0.000142874 -0.002185781 -0.000263335 0.999999940 0.000021498 0.001024508 -0.000142868 -0.000021535 1.000000000 0.000494080
1.000000000 0.000187783 0.000083731 0.000001807 -0.000187783 1.000000000 -0.000001207 0.001661683 -0.000083732 0.000001191 1.000000000 0.001282746
1.000000000 0.000178871 0.000121846 -0.001244174 -0.000178858 1.000000000 -0.000104081 0.001754931 -0.000121864 0.000104059 1.000000000 0.001737927
0.999999940 0.000127555 -0.000009916 0.000129676 -0.000127554 1.000000000 0.000102386 -0.007338027 0.000009929 -0.000102385 0.999999940 0.046225138
1.000000000 0.000003583 -0.000057966 0.002287170 -0.000003611 0.999999940 -0.000492202 -0.008491862 0.000057964 0.000492202 0.999999881 0.137301102
0.999999940 0.000257300 -0.000037045 0.003714804 -0.000257330 0.999999583 -0.000814997 -0.011872447 0.000036836 0.000815007 0.999999583 0.254245877
1.000000000 0.000129849 -0.000043316 0.007324523 -0.000129885 0.999999642 -0.000817305 -0.014951393 0.000043210 0.000817311 0.999999583 0.385642081
0.999999940 0.000230001 -0.000054069 0.009068869 -0.000230032 0.999999821 -0.000577808 -0.018327838 0.000053936 0.000577820 0.999999762 0.529070139
0.999999404 0.001054097 -0.000252875 0.012529473 -0.001054190 0.999999404 -0.000369468 -0.024498960 0.000252485 0.000369734 0.999999881 0.673171103
0.999999702 0.000799586 -0.000303135 0.018705063 -0.000799624 0.999999762 -0.000126050 -0.028455580 0.000303034 0.000126292 0.999999881 0.835124016
0.999999762 0.000497828 0.000506106 0.017508417 -0.000497856 0.999999881 0.000055337 -0.032116681 -0.000506078 -0.000055589 0.999999881 1.009474874
0.999999762 0.000527914 0.000481968 0.022533461 -0.000528030 0.999999821 0.000240904 -0.037323385 -0.000481840 -0.000241158 0.999999881 1.184590816
0.999999106 0.001246126 -0.000301528 0.028512696 -0.001245950 0.999999046 0.000584406 -0.046133172 0.000302255 -0.000584030 0.999999762 1.370382786
0.999998569 0.001587179 -0.000473808 0.031677485 -0.001586926 0.999998569 0.000532895 -0.048531927 0.000474653 -0.000532142 0.999999762 1.563163757
0.999999583 0.000897208 0.000109544 0.030562706 -0.000897266 0.999999404 0.000524520 -0.053848315 -0.000109073 -0.000524618 0.999999881 1.765166283
0.999999523 0.000873182 0.000191353 0.035644256 -0.000873435 0.999998689 0.001324483 -0.066678494 -0.000190197 -0.001324649 0.999999106 1.955296040
0.999999940 0.000150731 0.000276217 0.043672021 -0.000151148 0.999998868 0.001509772 -0.075776301 -0.000275990 -0.001509813 0.999998808 2.164264679
0.999999881 0.000499615 0.000143199 0.047520336 -0.000499789 0.999999106 0.001219667 -0.075421512 -0.000142589 -0.001219739 0.999999225 2.390426874
0.999999702 0.000816619 0.000262293 0.051298846 -0.000816910 0.999999046 0.001112557 -0.080419779 -0.000261384 -0.001112771 0.999999344 2.615430355
0.999999702 0.000666584 0.000324210 0.055213485 -0.000666966 0.999999046 0.001179753 -0.089147188 -0.000323424 -0.001179968 0.999999225 2.833365202
0.999999642 0.000724287 0.000313691 0.060633473 -0.000724627 0.999999166 0.001084983 -0.091558680 -0.000312905 -0.001085210 0.999999344 3.076042652
0.999999404 0.000980929 0.000387239 0.065565243 -0.000981357 0.999998927 0.001106698 -0.098033614 -0.000386153 -0.001107078 0.999999285 3.298369169
0.999999702 0.000236973 0.000703699 0.067897618 -0.000237885 0.999999106 0.001295169 -0.108310550 -0.000703391 -0.001295336 0.999998868 3.553781033
0.999999523 0.000529236 0.000772759 0.072348401 -0.000530099 0.999999225 0.001117382 -0.114629626 -0.000772167 -0.001117792 0.999999046 3.811680794
0.999998808 0.001354086 0.000736803 0.075832084 -0.001355021 0.999998271 0.001270084 -0.116694763 -0.000735081 -0.001271081 0.999998927 4.066030025
0.999998331 0.001657944 0.000758336 0.081187457 -0.001658852 0.999997854 0.001198563 -0.119933195 -0.000756347 -0.001199819 0.999998987 4.325480938
0.999998689 0.001224949 0.001027983 0.085107408 -0.001226317 0.999998331 0.001331964 -0.131639138 -0.001026350 -0.001333223 0.999998510 4.576292515
0.999997258 0.001888532 0.001337359 0.087818161 -0.001890458 0.999997199 0.001440453 -0.136673316 -0.001334634 -0.001442977 0.999998033 4.838274479
0.999996245 0.002370723 0.001375120 0.093565084 -0.002372782 0.999996126 0.001497868 -0.141985789 -0.001371564 -0.001501125 0.999997973 5.098582745
0.999995470 0.002544228 0.001597127 0.092454255 -0.002545859 0.999996245 0.001019910 -0.144370347 -0.001594526 -0.001023971 0.999998212 5.355308056
0.999997973 0.001223930 0.001556491 0.103027642 -0.001225715 0.999998569 0.001146338 -0.150247037 -0.001555085 -0.001148243 0.999998152 5.626497269
0.999997258 0.001739473 0.001533282 0.097845420 -0.001741697 0.999997377 0.001450171 -0.163490608 -0.001530756 -0.001452837 0.999997795 5.882243633
0.999996901 0.001892207 0.001615977 0.106801108 -0.001894155 0.999997497 0.001204936 -0.167014107 -0.001613692 -0.001207993 0.999997973 6.165863514
0.999997318 0.001784516 0.001468898 0.114916295 -0.001785834 0.999997973 0.000896600 -0.170157567 -0.001467295 -0.000899221 0.999998569 6.456377029
0.999996960 0.002048221 0.001356605 0.128262579 -0.002050258 0.999996781 0.001501908 -0.183086380 -0.001353524 -0.001504685 0.999997914 6.730145454
0.999995708 0.002339214 0.001758507 0.126904011 -0.002340773 0.999996960 0.000885433 -0.184078693 -0.001756430 -0.000889546 0.999997973 7.030888081
0.999997616 0.001654012 0.001399453 0.141259924 -0.001655777 0.999997854 0.001261213 -0.200825199 -0.001397364 -0.001263528 0.999998152 7.322040558
0.999997497 0.001699744 0.001438464 0.144725114 -0.001701503 0.999997854 0.001222471 -0.211436093 -0.001436383 -0.001224915 0.999998212 7.623994350
0.999997854 0.001536018 0.001397592 0.148229077 -0.001537706 0.999998093 0.001207816 -0.215372726 -0.001395735 -0.001209962 0.999998271 7.944375038
0.999996305 0.002022054 0.001798279 0.150362387 -0.002024772 0.999996722 0.001511023 -0.229972258 -0.001795218 -0.001514659 0.999997258 8.248335838
0.999996185 0.001950293 0.001914724 0.159706160 -0.001952839 0.999997139 0.001328718 -0.237234354 -0.001912127 -0.001332452 0.999997318 8.572808266
0.999994755 0.002503727 0.002063399 0.164278969 -0.002505587 0.999996483 0.000899457 -0.236663431 -0.002061139 -0.000904622 0.999997437 8.921044350
0.999995410 0.002399080 0.001838711 0.175625458 -0.002400670 0.999996722 0.000863000 -0.247909680 -0.001836634 -0.000867410 0.999997914 9.253432274
0.999992967 0.003028253 0.002187307 0.180346012 -0.003030376 0.999994934 0.000967631 -0.260582715 -0.002184366 -0.000974252 0.999997199 9.592726707
0.999995053 0.002330109 0.002120806 0.188043103 -0.002332849 0.999996364 0.001290556 -0.270631045 -0.002117791 -0.001295497 0.999996841 9.946048737
0.999995828 0.002460360 0.001519793 0.197096035 -0.002462448 0.999995947 0.001373193 -0.284198791 -0.001516408 -0.001376930 0.999997914 10.306137085
0.999995530 0.002504934 0.001626471 0.205873936 -0.002507162 0.999995947 0.001369411 -0.293493181 -0.001623034 -0.001373483 0.999997675 10.654721260
0.999996245 0.002422170 0.001245162 0.215278804 -0.002423922 0.999996066 0.001407374 -0.302892238 -0.001241749 -0.001410387 0.999998271 11.019828796
0.999995112 0.002391011 0.002005197 0.216426194 -0.002393730 0.999996245 0.001354712 -0.313513815 -0.002001951 -0.001359506 0.999997079 11.396139145
0.999993742 0.002983842 0.001863448 0.227000177 -0.002986152 0.999994874 0.001238620 -0.321028411 -0.001859742 -0.001244177 0.999997497 11.768596649
0.999993980 0.002829319 0.002055706 0.235581487 -0.002832241 0.999994934 0.001419917 -0.336202085 -0.002051679 -0.001425730 0.999996841 12.145189285
0.999995410 0.002262383 0.001988621 0.248744786 -0.002265532 0.999996126 0.001582557 -0.351902723 -0.001985033 -0.001587055 0.999996722 12.531840324
0.999993503 0.002638106 0.002422095 0.249827951 -0.002642678 0.999994755 0.001886401 -0.361912876 -0.002417106 -0.001892789 0.999995291 12.933036804
0.999994695 0.002246661 0.002359456 0.262902796 -0.002250256 0.999996305 0.001521998 -0.370409876 -0.002356029 -0.001527299 0.999996066 13.336874962
0.999992609 0.002770301 0.002667588 0.273871541 -0.002775212 0.999994457 0.001838663 -0.383524656 -0.002662480 -0.001846053 0.999994755 13.732798576
0.999991477 0.002886958 0.002940751 0.281228006 -0.002893655 0.999993145 0.002275793 -0.397987187 -0.002934162 -0.002284283 0.999993086 14.148371696
0.999989688 0.003240150 0.003174703 0.288858265 -0.003248131 0.999991536 0.002512033 -0.414051533 -0.003166537 -0.002522319 0.999991834 14.565168381
0.999990106 0.002953138 0.003357652 0.303157985 -0.002959455 0.999993801 0.001877807 -0.415046334 -0.003352086 -0.001887725 0.999992609 14.999429703
0.999991059 0.002751837 0.003206954 0.317117989 -0.002757790 0.999994457 0.001853444 -0.430418611 -0.003201836 -0.001862271 0.999993145 15.438151360
0.999990702 0.002496681 0.003513775 0.327877074 -0.002501933 0.999995768 0.001491136 -0.439796507 -0.003510037 -0.001499913 0.999992788 15.882686615
0.999986112 0.003414224 0.003996924 0.331941694 -0.003421666 0.999992430 0.001856465 -0.450978309 -0.003990554 -0.001870115 0.999990284 16.309934616
0.999984026 0.003697694 0.004276343 0.336428016 -0.003705231 0.999991655 0.001755820 -0.466422498 -0.004269814 -0.001771637 0.999989271 16.747325897
0.999986410 0.002729531 0.004440450 0.354135334 -0.002739411 0.999993742 0.002220377 -0.484651268 -0.004434362 -0.002232511 0.999987662 17.195423126
0.999980927 0.003546137 0.005058101 0.354521722 -0.003558679 0.999990523 0.002472638 -0.499064982 -0.005049285 -0.002490591 0.999984145 17.662034988
0.999979794 0.003289676 0.005436356 0.367739677 -0.003302365 0.999991775 0.002326765 -0.510751426 -0.005428658 -0.002344671 0.999982476 18.129606247
0.999980330 0.003062859 0.005467115 0.384359151 -0.003074446 0.999992967 0.002112255 -0.518676221 -0.005460606 -0.002129022 0.999982774 18.601890564
0.999981046 0.003071554 0.005339555 0.391578197 -0.003084456 0.999992311 0.002409680 -0.535091579 -0.005332112 -0.002426103 0.999982834 19.054164886
0.999977767 0.003844855 0.005443061 0.407460541 -0.003857398 0.999989927 0.002295631 -0.545327067 -0.005434180 -0.002316577 0.999982476 19.547227859
0.999978006 0.003769245 0.005449465 0.415765673 -0.003780608 0.999990702 0.002076278 -0.555513561 -0.005441589 -0.002096835 0.999982953 20.033805847
0.999978185 0.003455673 0.005630511 0.425445467 -0.003470722 0.999990404 0.002665128 -0.582479596 -0.005621249 -0.002684612 0.999980509 20.517488480
0.999982297 0.003522428 0.004802972 0.437635481 -0.003537029 0.999989152 0.003034852 -0.594862759 -0.004792230 -0.003051786 0.999983847 21.024028778
0.999985456 0.003262204 0.004301228 0.452614069 -0.003272941 0.999991536 0.002491516 -0.604845464 -0.004293064 -0.002505558 0.999987662 21.548854828
0.999982417 0.003590930 0.004722080 0.456360489 -0.003605618 0.999988675 0.003105717 -0.621707439 -0.004710874 -0.003122689 0.999984026 22.053152084
0.999986172 0.003533867 0.003921072 0.474466532 -0.003544981 0.999989688 0.002830952 -0.634572983 -0.003911027 -0.002844812 0.999988317 22.561349869
0.999983490 0.004210807 0.003913526 0.477435946 -0.004220020 0.999988317 0.002349050 -0.646185756 -0.003903589 -0.002365527 0.999989569 23.080183029
0.999989271 0.003426801 0.003098457 0.492850035 -0.003435766 0.999989927 0.002892882 -0.664796829 -0.003088512 -0.002903497 0.999990940 23.604026794
0.999994099 0.002387964 0.002486262 0.497714400 -0.002394477 0.999993682 0.002619733 -0.682605505 -0.002479991 -0.002625671 0.999993443 24.123090744
0.999988139 0.004062397 0.002688063 0.511348426 -0.004071000 0.999986529 0.003202678 -0.703867614 -0.002675017 -0.003213583 0.999991179 24.666833878
0.999988377 0.004365731 0.002026477 0.520135283 -0.004372729 0.999984443 0.003462442 -0.718282044 -0.002011330 -0.003471263 0.999991894 25.216825485
0.999990880 0.003867926 0.001772796 0.516810298 -0.003874339 0.999985933 0.003628966 -0.731070876 -0.001758734 -0.003635802 0.999991834 25.767429352
0.999991179 0.003884471 0.001543536 0.526565611 -0.003889645 0.999986708 0.003363247 -0.745623946 -0.001530451 -0.003369222 0.999993145 26.328479767
0.999992371 0.003861153 0.000631645 0.544122279 -0.003863521 0.999985337 0.003790407 -0.753443778 -0.000617001 -0.003792819 0.999992549 26.902036667
0.999995172 0.003049893 -0.000462195 0.564364851 -0.003048023 0.999987364 0.003993850 -0.777015924 0.000474370 -0.003992422 0.999991894 27.452499390
0.999994278 0.003277577 -0.000837455 0.578505456 -0.003274197 0.999986529 0.004006396 -0.797063231 0.000850575 -0.004003631 0.999991596 27.992769241
0.999991119 0.004160949 -0.000566361 0.587781370 -0.004158749 0.999984026 0.003830275 -0.797780335 0.000582290 -0.003827887 0.999992430 28.553743362
0.999988556 0.004767424 -0.000454172 0.589697540 -0.004765471 0.999979913 0.004209952 -0.821102202 0.000474234 -0.004207741 0.999991059 29.108158112
0.999992907 0.003417917 -0.001592671 0.605048180 -0.003411526 0.999986172 0.003998226 -0.833255470 0.001606315 -0.003992764 0.999990761 29.660594940
0.999990284 0.003963502 -0.001916723 0.609221995 -0.003955629 0.999983907 0.004093980 -0.847987354 0.001932918 -0.004086359 0.999989808 30.203208923
0.999990284 0.003790535 -0.002244046 0.629547119 -0.003780836 0.999983549 0.004310573 -0.865709901 0.002260349 -0.004302046 0.999988198 30.736034393
0.999991000 0.003680129 -0.002096591 0.631599009 -0.003671336 0.999984503 0.004182491 -0.880632758 0.002111950 -0.004174756 0.999989033 31.282394409
0.999985456 0.004740152 -0.002587856 0.638723791 -0.004728166 0.999978185 0.004618199 -0.893455207 0.002609691 -0.004605895 0.999985993 31.833255768
0.999987423 0.003628696 -0.003438748 0.654802382 -0.003613410 0.999983609 0.004441182 -0.910676241 0.003454808 -0.004428701 0.999984205 32.401679993
0.999985695 0.003567409 -0.003997419 0.669968963 -0.003549518 0.999983668 0.004473651 -0.904664576 0.004013313 -0.004459398 0.999982059 32.955097198
0.999987185 0.003820372 -0.003302955 0.670579016 -0.003807950 0.999985695 0.003758968 -0.926729858 0.003317268 -0.003746342 0.999987483 33.516853333
0.999985814 0.003374374 -0.004120808 0.691632509 -0.003356946 0.999985397 0.004228528 -0.948439360 0.004135016 -0.004214635 0.999982536 34.050277710
0.999985695 0.003583084 -0.003978359 0.690542519 -0.003565286 0.999983668 0.004471669 -0.960160971 0.003994316 -0.004457422 0.999981999 34.596424103
0.999986053 0.003334274 -0.004105767 0.700710535 -0.003316010 0.999984622 0.004447306 -0.979674101 0.004120531 -0.004433629 0.999981642 35.119335175
0.999985993 0.003317504 -0.004121981 0.700782716 -0.003300396 0.999985933 0.004150482 -0.993298948 0.004135692 -0.004136820 0.999982834 35.681941986
0.999983668 0.003629312 -0.004412164 0.732100010 -0.003611221 0.999985039 0.004101261 -0.990090728 0.004426983 -0.004085260 0.999981821 36.264255524
0.999986887 0.003163733 -0.004032762 0.714746475 -0.003147859 0.999987304 0.003936504 -1.025909185 0.004045165 -0.003923758 0.999984086 36.808109283
0.999985278 0.003611434 -0.004075374 0.716691077 -0.003595061 0.999985576 0.004017563 -1.037472010 0.004089823 -0.004002852 0.999983609 37.355545044
0.999983311 0.003988292 -0.004186921 0.726316154 -0.003973790 0.999986112 0.003466358 -1.047668695 0.004200688 -0.003449663 0.999985218 37.907657623
0.999982536 0.004132460 -0.004229587 0.733280361 -0.004118443 0.999985993 0.003317574 -1.066285372 0.004243237 -0.003300096 0.999985516 38.462924957
0.999983370 0.003321199 -0.004692530 0.759727240 -0.003304139 0.999987900 0.003638574 -1.065420628 0.004704557 -0.003623009 0.999982297 39.030353546
0.999983430 0.003569044 -0.004510425 0.750130534 -0.003552297 0.999986768 0.003715675 -1.095280766 0.004523627 -0.003699591 0.999982953 39.560058594
0.999983191 0.003601909 -0.004530166 0.757219315 -0.003586215 0.999987543 0.003467829 -1.110339165 0.004542600 -0.003451525 0.999983728 40.103408813
0.999983013 0.003595178 -0.004593691 0.766016066 -0.003577884 0.999986529 0.003767355 -1.126139998 0.004607174 -0.003750856 0.999982357 40.642730713
0.999981701 0.003790441 -0.004719482 0.774960279 -0.003774572 0.999987185 0.003366862 -1.134016633 0.004732184 -0.003348986 0.999983251 41.199272156
0.999982238 0.003892844 -0.004515606 0.781945884 -0.003876845 0.999986112 0.003546291 -1.149983764 0.004529349 -0.003528721 0.999983490 41.726257324
0.999980569 0.004245118 -0.004553899 0.802999973 -0.004232840 0.999987423 0.002702128 -1.149319410 0.004565312 -0.002682800 0.999985993 42.342918396
0.999981344 0.004888359 -0.003657242 0.778322756 -0.004877522 0.999983609 0.002966024 -1.180680871 0.003671681 -0.002948131 0.999988914 42.786567688
0.999979377 0.004601280 -0.004483349 0.809026241 -0.004587498 0.999984741 0.003079682 -1.188449979 0.004497451 -0.003059051 0.999985158 43.342468262
0.999978960 0.004729547 -0.004463488 0.819031358 -0.004717140 0.999984980 0.002786192 -1.203350425 0.004476598 -0.002765078 0.999986172 43.881885529
0.999979556 0.005200476 -0.003724838 0.824060082 -0.005188624 0.999981463 0.003184301 -1.218194842 0.003741330 -0.003164910 0.999988019 44.430572510
0.999979854 0.004406703 -0.004572921 0.832449079 -0.004394393 0.999986708 0.002698312 -1.231690288 0.004584751 -0.002678163 0.999985874 44.946212769
0.999978840 0.004344401 -0.004839377 0.842137635 -0.004333677 0.999988139 0.002224334 -1.241981268 0.004848981 -0.002203315 0.999985814 45.506919861
0.999978125 0.004859065 -0.004477609 0.848480105 -0.004849602 0.999985993 0.002121816 -1.255998373 0.004487857 -0.002100055 0.999987721 46.047927856
0.999979377 0.005055963 -0.003965435 0.852202177 -0.005045911 0.999984026 0.002540566 -1.275982738 0.003978216 -0.002520505 0.999988914 46.577117920
0.999977171 0.004881539 -0.004665154 0.869577169 -0.004868434 0.999984145 0.002816383 -1.286880970 0.004678828 -0.002793607 0.999985158 47.126781464
0.999976218 0.005062190 -0.004677034 0.873438597 -0.005051989 0.999984801 0.002190426 -1.306879878 0.004688051 -0.002166745 0.999986649 47.650836945
0.999975801 0.005127531 -0.004697304 0.882429898 -0.005116862 0.999984264 0.002280404 -1.324041128 0.004708922 -0.002256313 0.999986351 48.201053619
0.999977708 0.005328970 -0.004010289 0.882732987 -0.005320862 0.999983788 0.002029731 -1.330514312 0.004021040 -0.002008348 0.999989927 48.745491028
0.999978900 0.005185413 -0.003943052 0.886749864 -0.005176594 0.999984086 0.002243717 -1.343504667 0.003954624 -0.002223257 0.999989688 49.297710419
0.999977469 0.005559573 -0.003744279 0.891031981 -0.005551598 0.999982297 0.002136930 -1.365898490 0.003756093 -0.002116095 0.999990702 49.813259125
0.999972641 0.006547759 -0.003421505 0.894261420 -0.006539109 0.999975383 0.002533251 -1.367562890 0.003438008 -0.002510809 0.999990940 50.277256012
0.999979615 0.005260195 -0.003623257 0.916348040 -0.005253103 0.999984264 0.001963717 -1.389772296 0.003633528 -0.001944644 0.999991536 50.900852203
0.999971569 0.006529280 -0.003759071 0.910692334 -0.006520392 0.999975920 0.002372054 -1.403244257 0.003774469 -0.002347477 0.999990106 51.377140045
0.999973595 0.006161756 -0.003848554 0.923238635 -0.006152595 0.999978244 0.002388064 -1.416353226 0.003863186 -0.002364321 0.999989748 51.971275330
0.999970317 0.006934698 -0.003347067 0.927162468 -0.006929668 0.999974847 0.001512326 -1.424851775 0.003357470 -0.001489087 0.999993265 52.521099091
0.999973059 0.006284086 -0.003800485 0.943429649 -0.006277249 0.999978662 0.001808128 -1.435902715 0.003811766 -0.001784222 0.999991119 53.039253235
0.999973357 0.006067211 -0.004047630 0.954151869 -0.006058563 0.999979317 0.002145371 -1.457775950 0.004060563 -0.002120791 0.999989510 53.629093170
0.999975383 0.005828641 -0.003907328 0.969716549 -0.005822007 0.999981582 0.001707307 -1.467188954 0.003917207 -0.001684516 0.999990880 54.194278717
0.999973953 0.006196638 -0.003682519 0.971921325 -0.006192172 0.999980092 0.001223323 -1.480901599 0.003690026 -0.001200489 0.999992490 54.718509674
0.999972403 0.006276344 -0.003976184 0.980893910 -0.006272126 0.999979794 0.001072838 -1.494000673 0.003982837 -0.001047869 0.999991536 55.270698547
0.999965191 0.007228716 -0.004157443 1.014411807 -0.007221101 0.999972224 0.001843914 -1.497387648 0.004170658 -0.001813829 0.999989569 55.734691620
0.999973059 0.006109029 -0.004066779 1.001058340 -0.006103816 0.999980450 0.001293080 -1.520222545 0.004074600 -0.001268222 0.999990821 56.390522003
0.999964178 0.007923581 -0.002986240 0.957637966 -0.007921609 0.999968410 0.000671685 -1.456015587 0.002991467 -0.000648005 0.999995232 56.807857513
0.999968529 0.007178613 -0.003371606 0.996950209 -0.007176190 0.999974012 0.000730090 -1.473621845 0.003376759 -0.000705872 0.999994040 57.359474182
0.999967217 0.007118166 -0.003864920 1.036302686 -0.007116641 0.999974608 0.000408272 -1.484701633 0.003867728 -0.000380754 0.999992371 57.932281494
0.999965072 0.007495001 -0.003699418 1.046079993 -0.007492369 0.999971688 0.000724599 -1.500904679 0.003704744 -0.000696856 0.999992907 58.421581268
0.999966204 0.007404096 -0.003571112 1.050570488 -0.007401725 0.999972343 0.000676802 -1.511889696 0.003576026 -0.000650347 0.999993384 58.982803345
0.999963999 0.007683809 -0.003593743 1.055526972 -0.007680760 0.999970257 0.000861110 -1.529694200 0.003600252 -0.000833477 0.999993145 59.502532959
0.999966860 0.007381883 -0.003427295 1.051113009 -0.007380776 0.999972701 0.000335256 -1.540244579 0.003429676 -0.000309949 0.999994099 60.058143616
0.999962509 0.007886509 -0.003553637 1.081681490 -0.007885387 0.999968827 0.000329483 -1.555343628 0.003556125 -0.000301449 0.999993622 60.577030182
0.999957502 0.008564801 -0.003413111 1.103196383 -0.008564794 0.999963284 0.000016228 -1.554480314 0.003413125 0.000013005 0.999994159 61.128749847
0.999960124 0.008478966 -0.002805474 1.094220757 -0.008478168 0.999963939 0.000295684 -1.577437878 0.002807880 -0.000271887 0.999996006 61.617870331
0.999963164 0.007994398 -0.003117925 1.110640049 -0.007994018 0.999967992 0.000134675 -1.574126244 0.003118902 -0.000109745 0.999995112 62.171718597
0.999958873 0.008624854 -0.002809229 1.133824944 -0.008624639 0.999962807 0.000088752 -1.582588077 0.002809890 -0.000064520 0.999996006 62.686462402
0.999955535 0.009004967 -0.002798033 1.132810950 -0.009005305 0.999959469 -0.000109608 -1.588204980 0.002796932 0.000134800 0.999996006 63.233348846
0.999959767 0.008445788 -0.003030481 1.150227308 -0.008447805 0.999964118 -0.000652753 -1.594033718 0.003024859 0.000678328 0.999995112 63.772533417
0.999959290 0.008485120 -0.003069410 1.170094609 -0.008486342 0.999963939 -0.000385945 -1.609763145 0.003066025 0.000411978 0.999995172 64.297142029
0.999959171 0.008478215 -0.003113057 1.200243592 -0.008479387 0.999963999 -0.000363902 -1.626279593 0.003109859 0.000390284 0.999995112 64.811721802
0.999962866 0.008003528 -0.003174295 1.232314110 -0.008005251 0.999967813 -0.000530789 -1.641682148 0.003169944 0.000556180 0.999994814 65.359313965
0.999963105 0.008084579 -0.002881436 1.241971850 -0.008085533 0.999967277 -0.000319328 -1.658318996 0.002878760 0.000342614 0.999995768 65.899574280
0.999965131 0.007729631 -0.003166681 1.260980844 -0.007733365 0.999969423 -0.001168708 -1.646521330 0.003157550 0.001193157 0.999994278 66.521720886
0.999964297 0.007546806 -0.003789619 1.300975561 -0.007550890 0.999970913 -0.001064465 -1.674791694 0.003781475 0.001093043 0.999992251 67.104568481
0.999960244 0.008435376 -0.002886882 1.302530885 -0.008436812 0.999964416 -0.000485978 -1.714102149 0.002882679 0.000510315 0.999995708 67.625404358
0.999961495 0.008254000 -0.002981392 1.322584629 -0.008255511 0.999965787 -0.000495446 -1.753383160 0.002977200 0.000520040 0.999995410 68.133270264
0.999957561 0.008298522 -0.004006579 1.371420026 -0.008301452 0.999965310 -0.000715336 -1.788316846 0.004000504 0.000748566 0.999991715 68.628890991
0.999957204 0.008419923 -0.003834835 1.369645476 -0.008420998 0.999964535 -0.000264315 -1.815599084 0.003832474 0.000296597 0.999992609 69.148765564
0.999957204 0.008038048 -0.004561005 1.437444448 -0.008043480 0.999966919 -0.001174401 -1.800869823 0.004551414 0.001211037 0.999988914 69.714241028
0.999960661 0.007393912 -0.004886328 1.447955370 -0.007396776 0.999972522 -0.000568431 -1.821312428 0.004881990 0.000604552 0.999987900 70.259918213
0.999960840 0.007421347 -0.004820606 1.477254510 -0.007422556 0.999972403 -0.000232558 -1.905978322 0.004818746 0.000268330 0.999988377 70.834159851
0.999957204 0.008155548 -0.004365824 1.453423619 -0.008158525 0.999966502 -0.000663893 -1.907324433 0.004360263 0.000699483 0.999990225 71.210449219
0.999959052 0.007816860 -0.004558698 1.479096055 -0.007819309 0.999969244 -0.000519224 -1.892635822 0.004554499 0.000554849 0.999989450 71.776397705
0.999958396 0.007866706 -0.004621773 1.468505144 -0.007866612 0.999969065 0.000038857 -1.945112705 0.004621936 -0.000002498 0.999989331 72.188072205
0.999961853 0.007148604 -0.005012804 1.511895895 -0.007148744 0.999974370 -0.000010330 -1.971435189 0.005012602 0.000046164 0.999987364 72.767288208
0.999959111 0.007597338 -0.004901298 1.508872986 -0.007596101 0.999971092 0.000270833 -1.992588878 0.004903215 -0.000233591 0.999987900 73.301773071
0.999954283 0.008323099 -0.004713366 1.517891884 -0.008324955 0.999965191 -0.000373901 -1.988196492 0.004710091 0.000413123 0.999988794 73.877922058
0.999954224 0.008568052 -0.004263625 1.525165319 -0.008569728 0.999963164 -0.000375042 -2.010609865 0.004260255 0.000411562 0.999990821 74.424133301
0.999955118 0.008368461 -0.004467980 1.534589767 -0.008370325 0.999964833 -0.000398045 -2.022921324 0.004464492 0.000435426 0.999989927 74.978660583
0.999952793 0.008642973 -0.004419837 1.549974442 -0.008644861 0.999962687 -0.000408699 -2.046755314 0.004416139 0.000446889 0.999990106 75.512420654
0.999955118 0.008352147 -0.004477779 1.558164477 -0.008353459 0.999965072 -0.000274126 -2.064734221 0.004475333 0.000311519 0.999989927 76.081016541
0.999948084 0.009411730 -0.003905492 1.550733805 -0.009413115 0.999955595 -0.000336305 -2.079320669 0.003902153 0.000373051 0.999992311 76.616813660
0.999951422 0.009081345 -0.003828763 1.551249623 -0.009083218 0.999958754 -0.000472281 -2.100677252 0.003824316 0.000507035 0.999992549 77.158561707
0.999954283 0.008469382 -0.004436672 1.559863806 -0.008471113 0.999963999 -0.000371431 -2.122998476 0.004433366 0.000408997 0.999990106 77.687164307
0.999950826 0.009148725 -0.003830137 1.564445257 -0.009150258 0.999957979 -0.000382245 -2.139604092 0.003826479 0.000417273 0.999992549 78.222259521
0.999949634 0.009244669 -0.003893334 1.573926926 -0.009245936 0.999957144 -0.000308067 -2.156537056 0.003890319 0.000344049 0.999992371 78.777259827
0.999949574 0.009286899 -0.003799334 1.573040605 -0.009288541 0.999956727 -0.000414764 -2.173958778 0.003795318 0.000450033 0.999992669 79.339492798
0.999947548 0.009658245 -0.003400041 1.582190037 -0.009659745 0.999953270 -0.000424692 -2.192043543 0.003395781 0.000457513 0.999994159 79.896087646
0.999956191 0.009050934 -0.002391876 1.591872454 -0.009052636 0.999958754 -0.000702104 -2.202391148 0.002385423 0.000723726 0.999996901 80.436080933
0.999956191 0.009208331 -0.001680557 1.612258554 -0.009209780 0.999957323 -0.000856110 -2.217724800 0.001672602 0.000871550 0.999998212 81.003829956
0.999964058 0.008444969 -0.000722586 1.622147083 -0.008445561 0.999963999 -0.000820234 -2.238253117 0.000715633 0.000826308 0.999999404 81.561164856
0.999962449 0.008639553 0.000555087 1.630341768 -0.008639076 0.999962270 -0.000852580 -2.255192041 -0.000562432 0.000847753 0.999999404 82.119804382
0.999943852 0.009783046 0.004059413 1.640206575 -0.009781443 0.999952018 -0.000414320 -2.278504372 -0.004063271 0.000374589 0.999991655 82.680145264
0.999924719 0.009675067 0.007534854 1.666350484 -0.009671179 0.999953032 -0.000552584 -2.287195683 -0.007539846 0.000479672 0.999971449 83.227882385
0.999901056 0.009152464 0.010683161 1.685677528 -0.009146491 0.999957919 -0.000607888 -2.312434673 -0.010688274 0.000510115 0.999942720 83.775863647
0.999856472 0.009115609 0.014281028 1.713253498 -0.009109868 0.999958396 -0.000466907 -2.328841209 -0.014284688 0.000336742 0.999897897 84.330009460
0.999752343 0.009082546 0.020317463 1.742948055 -0.009070832 0.999958575 -0.000668669 -2.345076799 -0.020322699 0.000484207 0.999793351 84.869903564
0.999613762 0.009243837 0.026207302 1.772184610 -0.009230851 0.999957323 -0.000616472 -2.362861156 -0.026211880 0.000374318 0.999656320 85.431114197
0.999420702 0.009373010 0.032720290 1.800762653 -0.009357941 0.999956012 -0.000613613 -2.379379034 -0.032724608 0.000307063 0.999464333 85.980834961
0.999146581 0.009066846 0.040300511 1.849880099 -0.009056344 0.999958873 -0.000443150 -2.399013042 -0.040302869 0.000077797 0.999187529 86.538406372
0.998760402 0.009085256 0.048939571 1.889986277 -0.009048357 0.999958575 -0.000975517 -2.413445711 -0.048946407 0.000531486 0.998801291 87.091552734
0.998415828 0.008407712 0.055634093 1.939559460 -0.008364572 0.999964476 -0.001008215 -2.429479599 -0.055640593 0.000541263 0.998450696 87.638565063
0.997829139 0.008770811 0.065268785 1.985617161 -0.008695538 0.999961078 -0.001437300 -2.446050644 -0.065278843 0.000866633 0.997866690 88.218345642
0.997132778 0.008457525 0.075196609 2.056852341 -0.008350938 0.999963582 -0.001731764 -2.465621471 -0.075208515 0.001098837 0.997167230 88.764465332
0.996430814 0.008249830 0.084009431 2.113077641 -0.008123341 0.999965310 -0.001847374 -2.483146191 -0.084021747 0.001158343 0.996463180 89.340492249
0.995771170 0.008012274 0.091518328 2.180946350 -0.007883926 0.999967337 -0.001763895 -2.502492905 -0.091529474 0.001034912 0.995801806 89.891143799
0.994806767 0.008246535 0.101448402 2.262843132 -0.008092310 0.999965310 -0.001931697 -2.521324396 -0.101460837 0.001100713 0.994838953 90.438072205
0.993717611 0.007561979 0.111660279 2.351204872 -0.007371198 0.999970555 -0.002121321 -2.538681507 -0.111673042 0.001284925 0.993744195 90.987121582
0.992661774 0.006690561 0.120738924 2.437648773 -0.006432366 0.999976039 -0.002528077 -2.554024458 -0.120752968 0.001732889 0.992681086 91.532394409
0.991154909 0.007211389 0.132514134 2.532492638 -0.006936622 0.999972701 -0.002535005 -2.569646597 -0.132528797 0.001593382 0.991177857 92.075416565
0.989382863 0.006968814 0.145165026 2.632956505 -0.006656302 0.999974370 -0.002638415 -2.589167833 -0.145179734 0.001644140 0.989403903 92.638023376
0.987799227 0.006369163 0.155602753 2.738769531 -0.005990104 0.999977827 -0.002904846 -2.605506897 -0.155617833 0.001937328 0.987815499 93.182304382
0.985971987 0.006797701 0.166772202 2.849033356 -0.006422215 0.999975502 -0.002790707 -2.625337362 -0.166787058 0.001680512 0.985991418 93.791458130
0.983711600 0.006226970 0.179646105 2.972325325 -0.005840968 0.999979377 -0.002677562 -2.648355722 -0.179659039 0.001584641 0.983727634 94.338470459
0.981445372 0.005810035 0.191653877 3.105780602 -0.005288613 0.999980807 -0.003232070 -2.658232927 -0.191668972 0.002158516 0.981457233 94.889114380
0.979388773 0.005444445 0.201910898 3.232775688 -0.004888744 0.999982774 -0.003250792 -2.679693937 -0.201925099 0.002196698 0.979398429 95.435478210
0.976493716 0.006207872 0.215456560 3.372835159 -0.005577018 0.999978244 -0.003535813 -2.696949482 -0.215473801 0.002251094 0.976507008 95.975997925
0.973549426 0.004673255 0.228429347 3.530250549 -0.003973048 0.999985874 -0.003525073 -2.717865229 -0.228442609 0.002524272 0.973554075 96.544052124
0.970821083 0.005017152 0.239752680 3.677019119 -0.004378320 0.999985278 -0.003197101 -2.734415054 -0.239765182 0.002054099 0.970828712 97.064598083
0.968147755 0.003897472 0.250349313 3.854309082 -0.003230439 0.999990046 -0.003075270 -2.772300005 -0.250358820 0.002168578 0.968150675 97.629936218
0.964413166 0.004440772 0.264362603 4.018913269 -0.003753922 0.999988139 -0.003103266 -2.786510944 -0.264373183 0.002000434 0.964418352 98.175994873
0.960936487 0.003886516 0.276741594 4.196695328 -0.003059920 0.999989450 -0.003418662 -2.804452419 -0.276752025 0.002438310 0.960938215 98.717971802
0.957538128 0.003410738 0.288286358 4.372413635 -0.002536127 0.999991000 -0.003407266 -2.825070381 -0.288295478 0.002531455 0.957538128 99.249626160
0.953191996 0.002915264 0.302351475 4.560647964 -0.002006718 0.999992490 -0.003315525 -2.843323469 -0.302358896 0.002553598 0.953190744 99.762832642
0.948709607 0.002858696 0.316135973 4.757089615 -0.001861329 0.999992311 -0.003456781 -2.862946987 -0.316143364 0.002691048 0.948707581 100.273948669
0.944979429 0.002505612 0.327120155 4.967708588 -0.001192663 0.999990463 -0.004214189 -2.873454571 -0.327127516 0.003592178 0.944973409 100.793655396
0.940044224 0.002970537 0.341039509 5.168661118 -0.001863418 0.999991894 -0.003573831 -2.893137932 -0.341047317 0.002724059 0.940042198 101.327026367
0.934867382 0.002036706 0.354990989 5.341588974 -0.001070643 0.999995172 -0.002917784 -2.935991049 -0.354995191 0.002347673 0.934865177 101.815032959
0.929918647 0.001334093 0.367762834 5.567243576 -0.000404393 0.999996543 -0.002605037 -2.954029083 -0.367765009 0.002273752 0.929916024 102.321197510
0.925063968 -0.000176939 0.379811257 5.766376495 0.001693330 0.999991894 -0.003658398 -2.965817213 -0.379807621 0.004027398 0.925056756 102.828079224
0.919359446 0.000182820 0.393418610 6.010250092 0.001405763 0.999992013 -0.003749745 -2.979171753 -0.393416166 0.004000416 0.919351816 103.325233459
0.913335979 -0.000137075 0.407206595 6.248615265 0.001726614 0.999992251 -0.003536055 -2.993985415 -0.407202989 0.003932695 0.913329244 103.816665649
0.908653498 -0.000914356 0.417549908 6.504402161 0.002606290 0.999990523 -0.003481902 -3.015215874 -0.417542785 0.004252099 0.908647418 104.283515930
0.902789891 -0.002043482 0.430076867 6.743385315 0.004058952 0.999984801 -0.003768933 -3.026661873 -0.430062562 0.005148217 0.902784407 104.770469666
0.896098077 -0.001860328 0.443852037 7.012264252 0.003900097 0.999985695 -0.003682688 -3.042151213 -0.443838805 0.005031116 0.896092474 105.262420654
0.890214920 -0.002034344 0.455536276 7.275192261 0.004310991 0.999982893 -0.003958851 -3.064175606 -0.455520302 0.005488040 0.890208602 105.728866577
0.884559393 -0.002378929 0.466421276 7.556137085 0.004558099 0.999983311 -0.003544051 -3.083299637 -0.466405034 0.005260919 0.884555697 106.203849792
0.877146542 -0.002675078 0.480215371 7.830730438 0.004912594 0.999982119 -0.003402712 -3.105471611 -0.480197638 0.005343781 0.877144039 106.661842346
0.869959116 -0.003129645 0.493113846 8.118492126 0.005593269 0.999978125 -0.003521171 -3.123509884 -0.493092120 0.005821393 0.869957626 107.118103027
0.864104509 -0.003916987 0.503297091 8.433776855 0.006668778 0.999971032 -0.003667114 -3.133739710 -0.503268242 0.006525146 0.864105523 107.590850830
0.856473446 -0.003436366 0.516179562 8.740791321 0.006165831 0.999974608 -0.003573546 -3.148394585 -0.516154230 0.006243323 0.856472909 108.047668457
