1.000000000 0.000000000 0.000000000 0.000000000 0.000000000 1.000000000 0.000000000 0.000000000 0.000000000 0.000000000 1.000000000 0.000000000
1.000000000 0.000081687 -0.000012675 -0.000064381 -0.000081687 1.000000000 -0.000042429 0.000288692 0.000012672 0.000042430 1.000000000 -0.000564114
1.000000000 0.000051485 0.000050914 -0.000728403 -0.000051487 1.000000000 0.000041800 -0.000554578 -0.000050912 -0.000041803 1.000000000 -0.000881283
1.000000000 -0.000089732 0.000077936 -0.000226250 0.000089735 1.000000000 -0.000036199 0.000550238 -0.000077933 0.000036206 1.000000000 0.000349836
1.000000000 -0.000102384 0.000047558 -0.000312720 0.000102383 1.000000000 0.000019700 -0.000088629 -0.000047560 -0.000019695 1.000000000 -0.000535931
1.000000000 0.000032761 0.000154887 -0.001243528 -0.000032757 1.000000000 -0.000031723 0.000752003 -0.000154888 0.000031718 1.000000000 -0.000047869
1.000000000 -0.000087467 0.000091596 0.000518693 0.000087468 1.000000000 -0.000014076 0.000145887 -0.000091595 0.000014084 1.000000000 0.000056159
1.000000000 0.000025393 0.000100109 -0.000909311 -0.000025398 1.000000000 0.000051285 -0.000275842 -0.000100107 -0.000051287 1.000000000 -0.000674272
1.000000000 0.000035337 0.000047139 -0.001083731 -0.000035333 1.000000000 -0.000095735 0.000679631 -0.000047143 0.000095734 1.000000000 0.000158983
1.000000000 0.000014555 0.000100136 -0.000538312 -0.000014559 1.000000000 0.000037200 -0.000929193 -0.000100136 -0.000037201 1.000000000 -0.000278145
1.000000000 0.000095058 0.000108158 -0.001370810 -0.000095065 1.000000000 0.000063044 -0.000678992 -0.000108152 -0.000063055 1.000000000 -0.000338519
1.000000000 0.000085270 0.000117767 -0.000894022 -0.000085266 1.000000000 -0.000033146 0.000583177 -0.000117770 0.000033135 1.000000000 -0.000155408
1.000000000 0.000092117 0.000048169 -0.001009246 -0.000092112 1.000000000 -0.000090257 -0.000304626 -0.000048177 0.000090252 1.000000000 -0.001486506
1.000000000 0.000054448 0.000099046 -0.001773738 -0.000054443 1.000000000 -0.000050427 0.001698686 -0.000099048 0.000050422 1.000000000 0.000867064
1.000000000 0.000028782 0.000096099 -0.002169843 -0.000028773 1.000000000 -0.000095777 0.001247101 -0.000096102 0.000095774 1.000000000 -0.000203052
1.000000000 0.000103111 0.000031211 -0.000353383 -0.000103108 1.000000000 -0.000099479 0.002384750 -0.000031221 0.000099476 1.000000000 0.001988637
1.000000000 0.000132326 0.000140609 -0.001255753 -0.000132307 1.000000000 -0.000136704 0.002300433 -0.000140627 0.000136685 1.000000000 0.002624183
1.000000000 0.000144681 0.000099650 -0.001299441 -0.000144669 1.000000000 -0.000122553 0.001128011 -0.000099668 0.000122539 1.000000000 0.001023815
0.999999940 0.000184894 0.000171219 -0.002259858 -0.000184872 1.000000000 -0.000128324 0.002807755 -0.000171243 0.000128293 1.000000000 0.002958242
1.000000000 0.000177974 0.000157141 -0.001646970 -0.000177952 1.000000000 -0.000137778 0.002230296 -0.000157165 0.000137750 1.000000000 0.001952445
1.000000000 0.000135638 0.000182848 -0.001907586 -0.000135623 1.000000000 -0.000082154 0.001607857 -0.000182859 0.000082129 1.000000000 0.002319437
0.999999940 0.000224136 0.000145452 -0.002191080 -0.000224125 1.000000000 -0.000077515 0.002310336 -0.000145469 0.000077483 1.000000000 0.001971031
1.000000000 0.000218314 0.000084903 -0.000976334 -0.000218306 1.000000000 -0.000095534 0.002346206 -0.000084924 0.000095515 1.000000000 0.003129001
1.000000000 0.000189351 0.000114462 -0.001770807 -0.000189340 1.000000000 -0.000099660 0.003170291 -0.000114481 0.000099638 1.000000000 0.003500792
0.999999940 0.000342354 0.000084503 -0.001962846 -0.000342348 0.999999940 -0.000076594 0.003395406 -0.000084529 0.000076565 1.000000000 0.004462853
0.999999940 0.000351173 0.000143231 -0.002044253 -0.000351164 0.999999940 -0.000064364 0.002050670 -0.000143254 0.000064314 1.000000000 0.001958375
1.000000000 0.000151108 0.000183748 -0.001797902 -0.000151093 1.000000000 -0.000076391 0.002804497 -0.000183760 0.000076363 1.000000000 0.003075683
0.999999940 0.000213713 0.000196532 -0.001982462 -0.000213705 1.000000000 -0.000041692 0.001580107 -0.000196541 0.000041650 1.000000000 0.002459835
1.000000000 0.000128744 0.000099647 -0.001761997 -0.000128736 1.000000000 -0.000077889 0.002929022 -0.000099657 0.000077876 1.000000000 0.003158134
0.999999940 0.000188585 0.000184506 -0.002419769 -0.000188560 1.000000000 -0.000132387 0.002867851 -0.000184531 0.000132352 1.000000000 0.003281347
0.999999940 0.000185850 0.000234369 -0.001771362 -0.000185840 1.000000000 -0.000040810 0.001654342 -0.000234377 0.000040767 1.000000000 0.002959295
1.000000000 0.000095200 0.000207534 -0.001425662 -0.000095180 1.000000000 -0.000098649 0.003647159 -0.000207544 0.000098630 1.000000000 0.004477714
0.999999940 0.000237647 0.000095286 -0.000580556 -0.000237626 0.999999940 -0.000220539 0.004032194 -0.000095339 0.000220517 1.000000000 0.003910588
1.000000000 0.000143497 0.000159813 -0.001407704 -0.000143480 1.000000000 -0.000106558 0.002194947 -0.000159829 0.000106535 1.000000000 0.002673268
0.999999940 0.000307597 0.000230604 -0.002963939 -0.000307559 0.999999940 -0.000167204 0.002334190 -0.000230655 0.000167133 0.999999940 0.001797687
0.999999940 0.000271150 0.000239598 -0.001707154 -0.000271124 0.999999940 -0.000109776 0.001910213 -0.000239628 0.000109711 0.999999940 0.001890367
1.000000000 0.000127512 0.000157954 -0.001733869 -0.000127501 1.000000000 -0.000074486 0.002510702 -0.000157964 0.000074466 1.000000000 0.002375263
0.999999940 0.000215752 0.000144230 -0.002231411 -0.000215737 1.000000000 -0.000104048 0.003486669 -0.000144252 0.000104017 1.000000000 0.004125719
0.999999940 0.000267699 0.000217200 -0.001771881 -0.000267670 0.999999940 -0.000135732 0.003200411 -0.000217237 0.000135674 0.999999940 0.002508772
0.999999940 0.000245121 0.000119571 -0.000644638 -0.000245102 0.999999940 -0.000155711 0.004130069 -0.000119609 0.000155682 1.000000000 0.003177356
1.000000000 0.000076322 0.000080041 -0.000050021 -0.000076309 1.000000000 -0.000159250 0.002058148 -0.000080053 0.000159244 1.000000000 0.004032605
0.999999881 0.000490346 0.000234113 -0.000064106 -0.000490195 0.999999642 -0.000644606 -0.001443839 -0.000234429 0.000644491 0.999999762 0.051852137
0.999999940 0.000363736 0.000106059 0.002166228 -0.000363615 0.999999285 -0.001136809 -0.004057363 -0.000106473 0.001136770 0.999999344 0.139662102
1.000000000 0.000097656 0.000000508 0.004893443 -0.000097655 0.999998987 -0.001414029 -0.008263476 -0.000000647 0.001414029 0.999998987 0.254263759
0.999999940 0.000283388 0.000141149 0.006730866 -0.000283201 0.999999106 -0.001319719 -0.008818206 -0.000141523 0.001319679 0.999999106 0.388059735
1.000000000 0.000101415 0.000126273 0.009130797 -0.000101280 0.999999404 -0.001067980 -0.014009580 -0.000126381 0.001067967 0.999999404 0.536831617
0.999999940 -0.000372473 -0.000081010 0.015222127 0.000372395 0.999999464 -0.000957527 -0.021941958 0.000081367 0.000957496 0.999999523 0.685234785
0.999999940 0.000219291 0.000146782 0.019253520 -0.000219193 0.999999762 -0.000667107 -0.025031609 -0.000146928 0.000667074 0.999999762 0.843870580
0.999999821 0.000305444 0.000553272 0.011327997 -0.000305042 0.999999702 -0.000726940 -0.027257627 -0.000553494 0.000726771 0.999999583 1.023051500
0.999999940 0.000225651 0.000196759 0.022698760 -0.000225481 0.999999583 -0.000862686 -0.027778897 -0.000196953 0.000862641 0.999999583 1.209516764
0.999999762 0.000167230 0.000639991 0.020469178 -0.000167019 0.999999940 -0.000330085 -0.042355105 -0.000640047 0.000329978 0.999999762 1.377982616
0.999999940 0.000211334 0.000259973 0.024566296 -0.000211311 1.000000000 -0.000090831 -0.049674001 -0.000259993 0.000090776 0.999999940 1.575793862
0.999997020 -0.000258490 0.002410652 -0.002693443 0.000257922 0.999999881 0.000235812 -0.059439629 -0.002410712 -0.000235190 0.999997079 1.690611124
0.999996722 0.000042127 0.002534032 -0.000686588 -0.000043489 0.999999821 0.000537317 -0.067051083 -0.002534010 -0.000537425 0.999996662 1.894468427
0.999995649 -0.000161838 0.002941269 -0.004284975 0.000160790 0.999999940 0.000356512 -0.072671130 -0.002941327 -0.000356037 0.999995589 2.072606564
0.999995232 0.000088425 0.003098534 0.000120134 -0.000090013 0.999999940 0.000512369 -0.077302545 -0.003098488 -0.000512645 0.999995053 2.294716835
0.999994516 0.000577646 0.003256223 0.004459105 -0.000578540 0.999999762 0.000273764 -0.080496125 -0.003256064 -0.000275646 0.999994636 2.521829367
0.999992371 0.000765876 0.003841741 0.007677172 -0.000766692 0.999999762 0.000211104 -0.087796979 -0.003841578 -0.000214048 0.999992549 2.745891571
0.999993980 0.000001888 0.003465046 0.010648881 -0.000004375 0.999999762 0.000717554 -0.098412357 -0.003465043 -0.000717565 0.999993742 2.926811695
0.999994040 0.000220308 0.003422404 0.016312562 -0.000222915 0.999999642 0.000761442 -0.105409123 -0.003422235 -0.000762200 0.999993861 3.167971849
0.999991715 0.000799638 0.003998917 0.013827963 -0.000802894 0.999999344 0.000812555 -0.113922030 -0.003998265 -0.000815759 0.999991715 3.417739630
0.999993145 0.000089597 0.003686361 0.026141770 -0.000094162 0.999999225 0.001238019 -0.121972777 -0.003686248 -0.001238358 0.999992430 3.677968264
0.999992669 0.000147296 0.003812802 0.028677370 -0.000151191 0.999999464 0.001021394 -0.124497339 -0.003812650 -0.001021963 0.999992192 3.941701889
0.999991715 0.000865995 0.003977305 0.031540953 -0.000869690 0.999999166 0.000927214 -0.124751464 -0.003976499 -0.000930665 0.999991596 4.084810257
0.999990642 0.000530925 0.004297438 0.036060251 -0.000534790 0.999999404 0.000898226 -0.133007750 -0.004296959 -0.000900515 0.999990344 4.345185280
0.999991000 0.000770857 0.004158970 0.046600729 -0.000774830 0.999999225 0.000953637 -0.138664842 -0.004158232 -0.000956851 0.999990880 4.603614807
0.999988675 0.001428167 0.004552876 0.051236358 -0.001431871 0.999998629 0.000810365 -0.143227831 -0.004551712 -0.000816875 0.999989331 4.863976955
0.999989748 0.000834457 0.004446817 0.068671033 -0.000837764 0.999999285 0.000741783 -0.151931688 -0.004446195 -0.000745501 0.999989867 5.110358715
0.999989688 0.001049359 0.004425554 0.059369855 -0.001054535 0.999998868 0.001167238 -0.166293800 -0.004424323 -0.001171893 0.999989510 5.385029793
0.999991000 0.000748106 0.004186520 0.066514350 -0.000752844 0.999999046 0.001130357 -0.173697576 -0.004185671 -0.001133498 0.999990582 5.653031826
0.999989212 0.001284173 0.004480828 0.069535807 -0.001288974 0.999998629 0.001068550 -0.180770725 -0.004479449 -0.001074314 0.999989390 5.935400963
0.999988139 0.001552242 0.004617224 0.083039269 -0.001557839 0.999998033 0.001208959 -0.182776496 -0.004615339 -0.001216137 0.999988616 6.238038540
0.999989510 0.001164536 0.004435959 0.092532545 -0.001170134 0.999998510 0.001259541 -0.194837660 -0.004434485 -0.001264719 0.999989390 6.252702713
0.999988914 0.001308505 0.004525479 0.100403979 -0.001313316 0.999998569 0.001060183 -0.200200155 -0.004524086 -0.001066114 0.999989271 6.557172298
0.999990106 0.001077539 0.004326780 0.108012594 -0.001083334 0.999998510 0.001337344 -0.213649511 -0.004325333 -0.001342018 0.999989748 6.847908974
0.999988973 0.000869259 0.004621853 0.113581374 -0.000875553 0.999998748 0.001359980 -0.221654743 -0.004620665 -0.001364012 0.999988437 7.161889076
0.999983191 0.001689093 0.005539632 0.108304709 -0.001696653 0.999997616 0.001360280 -0.234025270 -0.005537321 -0.001369657 0.999983668 7.380437851
0.999977529 0.003041643 0.005970135 0.107147567 -0.003050654 0.999994159 0.001500914 -0.242863804 -0.005965535 -0.001519094 0.999981046 7.699569702
0.999980450 0.002390422 0.005774167 0.116597965 -0.002396635 0.999996543 0.001069437 -0.251132458 -0.005771591 -0.001083255 0.999982774 8.020792961
0.999974310 0.003055134 0.006474663 0.117136993 -0.003061815 0.999994814 0.001022258 -0.255476296 -0.006471505 -0.001042056 0.999978542 8.362262726
0.999985456 0.001940006 0.005029632 0.139122233 -0.001947803 0.999996901 0.001545722 -0.272089630 -0.005026618 -0.001555496 0.999986172 8.611498833
0.999982417 0.002611941 0.005316717 0.143918142 -0.002620486 0.999995351 0.001600833 -0.281788796 -0.005312510 -0.001614737 0.999984562 8.956250191
0.999982357 0.002463062 0.005410739 0.150068238 -0.002472527 0.999995470 0.001743222 -0.289925694 -0.005406421 -0.001756569 0.999983907 9.300028801
0.999986708 0.001765738 0.004832434 0.165817618 -0.001772942 0.999997258 0.001486904 -0.296162874 -0.004829796 -0.001495452 0.999987245 9.589356422
0.999985635 0.002178858 0.004908740 0.174367145 -0.002184696 0.999996960 0.001184105 -0.304597646 -0.004906145 -0.001194812 0.999987245 9.950045586
0.999985278 0.001855854 0.005088963 0.182376906 -0.001863575 0.999997079 0.001512909 -0.313290417 -0.005086140 -0.001522371 0.999985933 10.315581322
0.999985933 0.001612572 0.005047300 0.189625084 -0.001620813 0.999997318 0.001628923 -0.322271526 -0.005044660 -0.001637081 0.999985874 10.623941422
0.999984801 0.002057407 0.005109382 0.201952681 -0.002065022 0.999996781 0.001485499 -0.328321934 -0.005106309 -0.001496027 0.999985874 11.004191399
0.999983788 0.001639228 0.005453388 0.208894655 -0.001649178 0.999997020 0.001820594 -0.343648791 -0.005450387 -0.001829558 0.999983490 11.383726120
0.999984205 0.001484369 0.005418954 0.219333187 -0.001494907 0.999996960 0.001941192 -0.355873555 -0.005416056 -0.001949263 0.999983490 11.772295952
0.999983668 0.001687862 0.005449972 0.222241521 -0.001701097 0.999995589 0.002424798 -0.369850516 -0.005445855 -0.002434030 0.999982178 12.052252769
0.999982715 0.002132566 0.005467337 0.236543179 -0.002144395 0.999995351 0.002158562 -0.380333036 -0.005462709 -0.002170249 0.999982715 12.443855286
0.999980569 0.002023188 0.005902722 0.238821045 -0.002036182 0.999995470 0.002196238 -0.392509192 -0.005898252 -0.002208214 0.999980152 12.857200623
0.999976993 0.002909137 0.006113881 0.244997531 -0.002922555 0.999993384 0.002186904 -0.397791535 -0.006107479 -0.002204722 0.999978900 13.301876068
0.999978244 0.001955292 0.006303341 0.256197840 -0.001972188 0.999994576 0.002675439 -0.412208259 -0.006298076 -0.002687813 0.999976516 13.584655762
0.999981821 0.002023616 0.005675218 0.270428419 -0.002040599 0.999993503 0.002988181 -0.423515230 -0.005669135 -0.002999707 0.999979377 14.015619278
0.999973178 0.002914920 0.006722242 0.279099226 -0.002935285 0.999991059 0.003021575 -0.442274094 -0.006713375 -0.003041226 0.999972820 14.425255775
0.999970794 0.001758201 0.007436015 0.285636425 -0.001779903 0.999994159 0.002912842 -0.446161300 -0.007430851 -0.002925992 0.999968052 14.808517456
0.999967158 0.002472106 0.007720056 0.296670318 -0.002496714 0.999991775 0.003179627 -0.459396958 -0.007712132 -0.003198798 0.999965191 15.249785423
0.999967992 0.002248926 0.007675688 0.309826314 -0.002272896 0.999992490 0.003115469 -0.472089946 -0.007668625 -0.003132815 0.999965727 15.690335274
0.999954581 0.002733990 0.009130570 0.302832961 -0.002763232 0.999991119 0.003191480 -0.488360286 -0.009121764 -0.003216564 0.999953151 16.052188873
0.999951661 0.002530377 0.009498580 0.316986114 -0.002563057 0.999990821 0.003429962 -0.500835299 -0.009489814 -0.003454141 0.999948978 16.518772125
0.999947548 0.002701467 0.009872815 0.328514218 -0.002733445 0.999991059 0.003226927 -0.507616460 -0.009864009 -0.003253745 0.999945998 16.987787247
0.999956369 0.002197040 0.009076733 0.344247907 -0.002232764 0.999989748 0.003927658 -0.525525570 -0.009068012 -0.003947753 0.999951005 17.379808426
0.999956727 0.002089999 0.009056105 0.362232894 -0.002123976 0.999990761 0.003743972 -0.536090374 -0.009048196 -0.003763046 0.999951899 17.860055923
0.999951124 0.003122674 0.009374736 0.371436596 -0.003156518 0.999988496 0.003597501 -0.543732643 -0.009363395 -0.003626917 0.999949515 18.339321136
0.999953926 0.002666629 0.009218139 0.374680758 -0.002703178 0.999988556 0.003954672 -0.559405446 -0.009207487 -0.003979408 0.999949634 18.765596390
0.999958098 0.002036801 0.008919434 0.394778430 -0.002072500 0.999989927 0.003995045 -0.574007750 -0.008911207 -0.004013363 0.999952257 19.254257202
0.999960423 0.002414282 0.008560242 0.403629363 -0.002448987 0.999988794 0.004046025 -0.583917499 -0.008550378 -0.004066829 0.999955177 19.718427658
0.999965012 0.002152629 0.008085267 0.419267297 -0.002181264 0.999991357 0.003534395 -0.590110421 -0.008077590 -0.003551907 0.999961019 20.221511841
0.999968171 0.002412709 0.007605352 0.424644649 -0.002442471 0.999989331 0.003906358 -0.605981231 -0.007595846 -0.003924809 0.999963462 20.712602615
0.999967456 0.002905797 0.007526238 0.439525008 -0.002935892 0.999987721 0.003990677 -0.618302703 -0.007514550 -0.004012643 0.999963760 21.226928711
0.999972701 0.002383248 0.006993651 0.450125426 -0.002410204 0.999989688 0.003848391 -0.626870275 -0.006984407 -0.003865142 0.999968171 21.737312317
0.999973893 0.002738241 0.006684049 0.448999107 -0.002765716 0.999987721 0.004104675 -0.648120880 -0.006672729 -0.004123054 0.999969184 22.209421158
0.999981701 0.001434380 0.005870383 0.464690208 -0.001454193 0.999993205 0.003372100 -0.661266446 -0.005865507 -0.003380574 0.999977052 22.738191605
0.999981523 0.001971547 0.005759361 0.477555066 -0.001993619 0.999990642 0.003829213 -0.669141054 -0.005751759 -0.003840623 0.999976099 23.283363342
0.999983728 0.002713061 0.005016223 0.481156737 -0.002731781 0.999989331 0.003728721 -0.683000505 -0.005006053 -0.003742363 0.999980390 23.816099167
0.999980211 0.004122177 0.004740320 0.490976095 -0.004140081 0.999984264 0.003773531 -0.694767773 -0.004724690 -0.003793082 0.999981582 24.359170914
0.999981999 0.003872272 0.004580517 0.494834334 -0.003888330 0.999986231 0.003502097 -0.705870628 -0.004566893 -0.003519845 0.999983370 24.913679123
0.999987066 0.003201323 0.003935801 0.509481847 -0.003218552 0.999985218 0.004379055 -0.725009203 -0.003921724 -0.004391668 0.999982655 25.455839157
0.999990761 0.002848373 0.003212658 0.527345419 -0.002861242 0.999987781 0.004008357 -0.736029804 -0.003201203 -0.004017513 0.999986827 26.007369995
0.999985397 0.004200893 0.003377471 0.529778719 -0.004214435 0.999983072 0.004012542 -0.751038849 -0.003360558 -0.004026718 0.999986231 26.546037674
0.999986053 0.004225091 0.003154516 0.537813187 -0.004238599 0.999981821 0.004287876 -0.762689948 -0.003136341 -0.004301186 0.999985814 27.106500626
0.999987841 0.003824554 0.003096448 0.552308202 -0.003838765 0.999982059 0.004596727 -0.775942326 -0.003078812 -0.004608559 0.999984622 27.663837433
0.999982476 0.004990391 0.003215659 0.554921389 -0.005005625 0.999976218 0.004747187 -0.787562430 -0.003191893 -0.004763200 0.999983549 28.201868057
0.999985516 0.004710174 0.002594654 0.549946785 -0.004721205 0.999979794 0.004261440 -0.801656485 -0.002574529 -0.004273628 0.999987543 28.734622955
0.999984622 0.004835823 0.002684496 0.560672939 -0.004846665 0.999980092 0.004047195 -0.814913869 -0.002664871 -0.004060144 0.999988198 29.283855438
0.999986470 0.004609664 0.002396188 0.580762506 -0.004619339 0.999981165 0.004048392 -0.823518336 -0.002377481 -0.004059406 0.999988973 29.833589554
0.999982297 0.005489528 0.002300512 0.579627156 -0.005500032 0.999974370 0.004584888 -0.846834123 -0.002275284 -0.004597460 0.999986827 30.353521347
0.999979377 0.006079547 0.002065916 0.592298687 -0.006088758 0.999971390 0.004482316 -0.859262943 -0.002038606 -0.004494803 0.999987841 30.898454666
0.999978900 0.006311005 0.001512062 0.604043603 -0.006317733 0.999970019 0.004487352 -0.867759585 -0.001483697 -0.004496811 0.999988794 31.459581375
0.999984622 0.005318135 0.001571417 0.600004196 -0.005324813 0.999976695 0.004278078 -0.881795347 -0.001548629 -0.004286380 0.999989629 31.993457794
0.999990225 0.004259442 0.001210278 0.616889656 -0.004265310 0.999978960 0.004888606 -0.895793796 -0.001189429 -0.004893720 0.999987364 32.548034668
0.999983370 0.005633135 0.001265133 0.626269579 -0.005638672 0.999974430 0.004416566 -0.904851973 -0.001240221 -0.004423627 0.999989450 33.083549500
0.999977350 0.006495988 0.001775422 0.620756447 -0.006503494 0.999969840 0.004254944 -0.922352016 -0.001747728 -0.004266393 0.999989390 33.618217468
0.999987364 0.004932780 0.000976611 0.636311769 -0.004937067 0.999977946 0.004436292 -0.926640868 -0.000954706 -0.004441056 0.999989688 34.155639648
0.999987245 0.004998878 0.000782516 0.647905469 -0.005002133 0.999978662 0.004214059 -0.935504615 -0.000761434 -0.004217918 0.999990821 34.709110260
0.999985576 0.005323167 0.000754823 0.657916248 -0.005326077 0.999978125 0.003907157 -0.950707972 -0.000734007 -0.003911120 0.999992132 35.279315948
0.999985576 0.005342601 0.000704954 0.663225949 -0.005345426 0.999977410 0.004068682 -0.962423444 -0.000683201 -0.004072392 0.999991417 35.807537079
0.999984801 0.005509308 0.000399309 0.675877750 -0.005510819 0.999977171 0.003888977 -0.974084854 -0.000377875 -0.003891117 0.999992311 36.362533569
0.999983847 0.005653996 0.000573432 0.686570704 -0.005656093 0.999977112 0.003724636 -0.987293899 -0.000552359 -0.003727819 0.999992907 36.914043427
0.999985635 0.005326537 0.000589020 0.685752988 -0.005328780 0.999978304 0.003873010 -1.005484700 -0.000568377 -0.003876093 0.999992311 37.424976349
0.999984205 0.005569852 0.000717340 0.696490765 -0.005572683 0.999976397 0.004007386 -1.018985271 -0.000695003 -0.004011320 0.999991715 37.974685669
0.999988854 0.004705090 0.000362107 0.714774787 -0.004706315 0.999983013 0.003462707 -1.028308153 -0.000345809 -0.003464373 0.999993920 38.552017212
0.999986172 0.005231212 0.000540669 0.712253988 -0.005233157 0.999979615 0.003660433 -1.036848903 -0.000521509 -0.003663211 0.999993145 39.078765869
0.999986589 0.005161226 0.000381592 0.725161195 -0.005162447 0.999981344 0.003273528 -1.045112848 -0.000364689 -0.003275454 0.999994516 39.635105133
0.999986947 0.005109454 0.000201045 0.738114655 -0.005110119 0.999980986 0.003463646 -1.058474422 -0.000183344 -0.003464628 0.999993980 40.187801361
0.999982595 0.005858344 0.000587572 0.734714150 -0.005860225 0.999977648 0.003249879 -1.071941376 -0.000568520 -0.003253266 0.999994576 40.746776581
0.999982417 0.005900694 0.000557011 0.748815656 -0.005902469 0.999977350 0.003240523 -1.083816767 -0.000537877 -0.003243754 0.999994636 41.298755646
0.999984503 0.005567909 -0.000140701 0.768537223 -0.005567321 0.999976993 0.003883729 -1.105534792 0.000162322 -0.003882885 0.999992490 41.832729340
0.999981642 0.006045463 0.000379418 0.758143783 -0.006046734 0.999975801 0.003440005 -1.111423969 -0.000358612 -0.003442236 0.999994040 42.370941162
0.999980986 0.006133869 0.000529683 0.765243053 -0.006135760 0.999974489 0.003646203 -1.125331044 -0.000507304 -0.003649384 0.999993265 42.908184052
0.999982893 0.005834857 0.000190882 0.772023320 -0.005835476 0.999977112 0.003430432 -1.129124045 -0.000170861 -0.003431488 0.999994099 43.476875305
0.999981642 0.006053159 0.000235174 0.782612741 -0.006053909 0.999976218 0.003330100 -1.138957858 -0.000215011 -0.003331463 0.999994457 44.029701233
0.999978185 0.006581970 0.000565506 0.794392526 -0.006583911 0.999972224 0.003500561 -1.158136129 -0.000542450 -0.003504208 0.999993742 44.584846497
0.999980271 0.006254337 0.000582982 0.791738391 -0.006256070 0.999975801 0.003019500 -1.168740630 -0.000564083 -0.003023088 0.999995291 45.112434387
0.999981642 0.006067208 -0.000107003 0.810607255 -0.006066908 0.999978185 0.002611496 -1.175747752 0.000122846 -0.002610799 0.999996603 45.660705566
0.999981880 0.006026920 0.000087420 0.818414152 -0.006027153 0.999977469 0.002963429 -1.194376945 -0.000069558 -0.002963902 0.999995649 46.209968567
0.999982536 0.005866887 0.000592038 0.813561916 -0.005868384 0.999979496 0.002561973 -1.196696281 -0.000576995 -0.002565403 0.999996543 46.767238617
0.999979854 0.006308325 0.000667733 0.819464207 -0.006310045 0.999976754 0.002606073 -1.209701061 -0.000651278 -0.002610234 0.999996364 47.311985016
0.999982655 0.005887340 0.000015671 0.833239734 -0.005887361 0.999979794 0.002397479 -1.220388889 -0.000001557 -0.002397529 0.999997139 47.859428406
0.999974072 0.007079155 0.001325471 0.831619799 -0.007082830 0.999971032 0.002788495 -1.236001849 -0.001305693 -0.002797811 0.999995172 48.395156860
0.999961793 0.008447622 0.002220729 0.829957843 -0.008454121 0.999959946 0.002934020 -1.248120666 -0.002195854 -0.002952682 0.999993205 48.941421509
0.999968290 0.007779360 0.001719020 0.846660018 -0.007784746 0.999964774 0.003148665 -1.267059326 -0.001694464 -0.003161947 0.999993563 49.474826813
0.999976337 0.006797320 0.001071971 0.863671422 -0.006800479 0.999972403 0.002970070 -1.277911544 -0.001051753 -0.002977289 0.999994993 50.025279999
0.999970257 0.007615770 0.001258922 0.867235005 -0.007619487 0.999966562 0.002974091 -1.290833950 -0.001236229 -0.002983595 0.999994755 50.572433472
0.999972343 0.007252968 0.001639229 0.882755220 -0.007258147 0.999968648 0.003175321 -1.311318398 -0.001616148 -0.003187131 0.999993622 51.108566284
0.999969125 0.007655509 0.001738827 0.883878171 -0.007660229 0.999966979 0.002723438 -1.314218283 -0.001717920 -0.002736673 0.999994755 51.659851074
0.999967635 0.007768577 0.002092198 0.892747462 -0.007775180 0.999964774 0.003165910 -1.327906370 -0.002067529 -0.003182074 0.999992788 52.213020325
0.999967635 0.007910099 0.001484856 0.911902726 -0.007915384 0.999962270 0.003588183 -1.352413058 -0.001456416 -0.003599820 0.999992490 52.765266418
0.999964356 0.008129170 0.002245134 0.903845906 -0.008135140 0.999963343 0.002662946 -1.360085607 -0.002223404 -0.002681116 0.999993920 53.301868439
0.999962628 0.008334322 0.002277096 0.916114807 -0.008340679 0.999961317 0.002796604 -1.376125813 -0.002253700 -0.002815492 0.999993503 53.850124359
0.999960482 0.008528455 0.002514678 0.931987703 -0.008534376 0.999960840 0.002352624 -1.374144197 -0.002494515 -0.002373991 0.999994040 54.412887573
0.999963760 0.008227470 0.002151146 0.930833101 -0.008232481 0.999963343 0.002330747 -1.392566681 -0.002131891 -0.002348372 0.999994934 54.944171906
0.999959528 0.008749571 0.002065947 0.944194555 -0.008754850 0.999958396 0.002559910 -1.410739422 -0.002043463 -0.002577893 0.999994576 55.492374420
0.999960363 0.008648943 0.002100483 0.955626667 -0.008654647 0.999958813 0.002721109 -1.422025323 -0.002076862 -0.002739180 0.999994159 56.045665741
0.999961853 0.008379383 0.002520013 0.951441765 -0.008384234 0.999962986 0.001920368 -1.433067203 -0.002503828 -0.001941422 0.999994993 56.610618591
0.999959588 0.008532368 0.002879705 0.964076698 -0.008537391 0.999962091 0.001737384 -1.443136573 -0.002864772 -0.001761899 0.999994397 57.161334991
0.999963582 0.008056140 0.002838940 0.975213289 -0.008061192 0.999965966 0.001772280 -1.454993963 -0.002824566 -0.001795101 0.999994397 57.696872711
0.999960542 0.008373061 0.002943376 0.971120954 -0.008378390 0.999963224 0.001803443 -1.471139193 -0.002928167 -0.001828033 0.999993980 58.228065491
0.999952912 0.009126193 0.003301191 0.981104612 -0.009131728 0.999956906 0.001665560 -1.484803438 -0.003285849 -0.001695627 0.999993145 58.777938843
0.999960482 0.008217401 0.003389383 0.993951082 -0.008222532 0.999965012 0.001502690 -1.493365765 -0.003376916 -0.001530499 0.999993145 59.334854126
0.999955714 0.008812557 0.003305784 1.000136614 -0.008816742 0.999960363 0.001252959 -1.502840757 -0.003294611 -0.001282050 0.999993742 59.861312866
0.999954283 0.008927819 0.003418395 1.017730832 -0.008932937 0.999958992 0.001484806 -1.518562555 -0.003404999 -0.001515274 0.999993086 60.412361145
0.999962568 0.008164647 0.002853507 1.028364301 -0.008168880 0.999965549 0.001474529 -1.531895876 -0.002841370 -0.001497783 0.999994814 60.964633942
0.999956131 0.008639975 0.003653780 1.030166626 -0.008643540 0.999962151 0.000961163 -1.540102124 -0.003645338 -0.000992703 0.999992788 61.489048004
0.999952376 0.009119461 0.003471965 1.041704297 -0.009124687 0.999957263 0.001492198 -1.553463817 -0.003458209 -0.001523808 0.999992847 62.040409088
0.999951959 0.009151396 0.003531069 1.059561729 -0.009155498 0.999957442 0.001146948 -1.574668050 -0.003520423 -0.001179222 0.999993145 62.589084625
0.999950945 0.009091115 0.003911867 1.057142854 -0.009096867 0.999957561 0.001455339 -1.588972330 -0.003898471 -0.001490854 0.999991238 63.103313446
0.999949634 0.009392043 0.003533644 1.071946979 -0.009398371 0.999954283 0.001778433 -1.602477431 -0.003516779 -0.001811554 0.999992132 63.651805878
0.999952912 0.008764850 0.004156825 1.079298258 -0.008771907 0.999960124 0.001682259 -1.617395878 -0.004141914 -0.001718643 0.999989986 64.189285278
0.999941587 0.009699494 0.004762314 1.077177286 -0.009705061 0.999952257 0.001146981 -1.627748132 -0.004750961 -0.001193132 0.999987960 64.736808777
0.999945641 0.009300895 0.004709803 1.090009332 -0.009304863 0.999956369 0.000821469 -1.638432026 -0.004701957 -0.000865248 0.999988556 65.298683167
0.999939859 0.009744471 0.005029682 1.098258495 -0.009748533 0.999952197 0.000783615 -1.657866120 -0.005021805 -0.000832601 0.999987125 65.824279785
0.999944985 0.009325330 0.004786180 1.110278130 -0.009329265 0.999956191 0.000800230 -1.671835780 -0.004778508 -0.000844837 0.999988198 66.364974976
0.999949455 0.008919850 0.004637880 1.126360893 -0.008921549 0.999960184 0.000345460 -1.684358001 -0.004634614 -0.000386819 0.999989212 66.909439087
0.999949336 0.009053634 0.004399929 1.136293054 -0.009054467 0.999959052 0.000169429 -1.701456308 -0.004398214 -0.000209259 0.999990284 67.453903198
0.999941647 0.009578199 0.004990268 1.126104593 -0.009581161 0.999953926 0.000569865 -1.706433773 -0.004984580 -0.000617644 0.999987364 68.015663147
0.999930441 0.010502416 0.005367874 1.138104677 -0.010501559 0.999944806 -0.000187576 -1.719732642 -0.005369548 0.000131191 0.999985576 68.564544678
0.999922752 0.011029359 0.005720496 1.152409911 -0.011029990 0.999939203 0.000078757 -1.742214441 -0.005719279 -0.000141848 0.999983668 69.105842590
0.999940753 0.009576146 0.005171178 1.155902147 -0.009578393 0.999954045 0.000410211 -1.752257586 -0.005167012 -0.000459718 0.999986529 69.654983521
0.999938011 0.009743090 0.005371628 1.165131450 -0.009744672 0.999952495 0.000268530 -1.767198324 -0.005368756 -0.000320858 0.999985576 70.201133728
0.999942958 0.009127086 0.005532802 1.179875374 -0.009127377 0.999958336 0.000027325 -1.778457880 -0.005532322 -0.000077823 0.999984682 70.756591797
0.999932528 0.009953522 0.005981686 1.189966083 -0.009955553 0.999950409 0.000309876 -1.792654634 -0.005978305 -0.000369406 0.999982059 71.318305969
0.999936879 0.009899399 0.005297383 1.200220942 -0.009901379 0.999950945 0.000347822 -1.818070769 -0.005293679 -0.000400252 0.999985933 71.828887939
0.999927700 0.010726316 0.005410240 1.210872889 -0.010729703 0.999942303 0.000596910 -1.833709359 -0.005403524 -0.000654917 0.999985278 72.379058838
0.999933362 0.010181073 0.005427194 1.226964951 -0.010179770 0.999948204 -0.000267588 -1.839650273 -0.005429636 0.000212323 0.999985278 72.954017639
0.999935865 0.009937976 0.005428458 1.233788013 -0.009940864 0.999950469 0.000504901 -1.853104234 -0.005423171 -0.000558832 0.999985158 73.464591980
0.999935567 0.009976539 0.005410428 1.248241186 -0.009978174 0.999950230 0.000275027 -1.865752816 -0.005407414 -0.000328996 0.999985337 74.029136658
0.999948025 0.008691582 0.005321429 1.270657301 -0.008689108 0.999962151 -0.000488153 -1.876444101 -0.005325470 0.000441889 0.999985695 74.556762695
0.999920428 0.011019468 0.006143202 1.270292282 -0.011015096 0.999939084 -0.000745051 -1.888347030 -0.006151038 0.000677324 0.999980807 75.075256348
0.999932885 0.010128617 0.005613801 1.289333582 -0.010127303 0.999948680 -0.000263564 -1.905424118 -0.005616182 0.000206693 0.999984205 75.653533936
0.999928653 0.010262024 0.006105204 1.297817349 -0.010258432 0.999947190 -0.000619727 -1.917302012 -0.006111240 0.000557053 0.999981225 76.204635620
0.999935508 0.009665066 0.005949786 1.309474468 -0.009663572 0.999953270 -0.000279538 -1.932237625 -0.005952210 0.000222023 0.999982238 76.764915466
0.999929190 0.010280456 0.005990964 1.308331013 -0.010276998 0.999946952 -0.000607219 -1.949349761 -0.005996889 0.000545607 0.999981880 77.272201538
0.999919236 0.011007537 0.006350581 1.320989847 -0.011003126 0.999939263 -0.000728648 -1.961273789 -0.006358216 0.000658713 0.999979615 77.823707581
0.999925911 0.010571777 0.006023816 1.330395579 -0.010566547 0.999943674 -0.000899911 -1.977668524 -0.006032990 0.000836193 0.999981523 78.389831543
0.999928236 0.010197968 0.006273917 1.345674038 -0.010192286 0.999947548 -0.000936602 -1.992504239 -0.006283139 0.000872589 0.999979854 78.934638977
0.999912262 0.010893733 0.007531760 1.356983185 -0.010887623 0.999940336 -0.000851573 -2.009272337 -0.007540587 0.000769495 0.999971271 79.483428955
0.999914050 0.010067142 0.008392372 1.379953146 -0.010060795 0.999949038 -0.000798214 -2.028703690 -0.008399980 0.000713711 0.999964416 80.028099060
0.999903142 0.009902947 0.009773995 1.386314631 -0.009892904 0.999950469 -0.001075329 -2.034481525 -0.009784158 0.000978532 0.999951661 80.587646484
0.999883354 0.010472631 0.011114443 1.399990320 -0.010462196 0.999944746 -0.000996761 -2.048966408 -0.011124269 0.000880363 0.999937713 81.142158508
0.999846697 0.010482410 0.014029597 1.418387890 -0.010470236 0.999944746 -0.000941040 -2.070119381 -0.014038688 0.000794002 0.999901175 81.689666748
0.999781668 0.010137739 0.018271834 1.416818142 -0.010120284 0.999948263 -0.001047414 -2.072170496 -0.018281506 0.000862269 0.999832511 82.208488464
0.999711573 0.010270965 0.021707980 1.446746707 -0.010246659 0.999946713 -0.001230647 -2.090498924 -0.021719465 0.001007858 0.999763608 82.754081726
0.999629617 0.009518154 0.025494039 1.475393295 -0.009498178 0.999954522 -0.000904612 -2.109700203 -0.025501490 0.000662130 0.999674499 83.290702820
0.999459922 0.010173257 0.031246576 1.503721595 -0.010139676 0.999947846 -0.001233036 -2.114145041 -0.031257492 0.000915540 0.999510944 83.835968018
0.999248624 0.010074564 0.037425630 1.536333084 -0.010011445 0.999948144 -0.001873529 -2.125481129 -0.037442565 0.001497436 0.999297678 84.384460449
0.999008119 0.010165652 0.043352678 1.575113058 -0.010122256 0.999948084 -0.001220362 -2.145031691 -0.043362834 0.000780324 0.999059081 84.940536499
0.998627663 0.010031403 0.051402114 1.612175226 -0.009968188 0.999949157 -0.001486085 -2.155004740 -0.051414423 0.000971660 0.998676896 85.474479675
0.998175144 0.010000426 0.059551384 1.667865753 -0.009898114 0.999948978 -0.002012784 -2.166319132 -0.059568472 0.001419665 0.998223245 86.032905579
0.997741222 0.009441840 0.066508263 1.728388786 -0.009304844 0.999953806 -0.002369307 -2.179046392 -0.066527583 0.001745106 0.997783065 86.602684021
0.997055829 0.009342225 0.076108120 1.763589382 -0.009218615 0.999955535 -0.001975285 -2.200891733 -0.076123178 0.001267858 0.997097611 87.131134033
0.996257365 0.009350874 0.085929327 1.835830212 -0.009190933 0.999955177 -0.002256727 -2.221386909 -0.085946590 0.001458509 0.996298730 87.660163879
0.995521486 0.008120587 0.094186299 1.917024136 -0.007931603 0.999965668 -0.002380677 -2.228373528 -0.094202399 0.001622966 0.995551765 88.218803406
0.994766951 0.008315251 0.101831362 1.974308491 -0.008069833 0.999963403 -0.002821778 -2.241131544 -0.101851091 0.001985249 0.994797587 88.785743713
0.993674934 0.008754030 0.111954257 2.058207512 -0.008505491 0.999960065 -0.002697443 -2.258603096 -0.111973420 0.001728155 0.993709683 89.324546814
0.992458582 0.008391813 0.122292630 2.146984100 -0.008090475 0.999962807 -0.002960439 -2.273897648 -0.122312941 0.001948708 0.992489576 89.863693237
0.991308987 0.006982462 0.131368443 2.243304253 -0.006591855 0.999972403 -0.003407995 -2.280076504 -0.131388605 0.002512415 0.991327763 90.402793884
0.989698827 0.007495452 0.142968610 2.336680412 -0.007120303 0.999969721 -0.003135430 -2.297817945 -0.142987788 0.002085151 0.989722252 90.938484192
0.987857521 0.007187932 0.155195907 2.435570717 -0.006751496 0.999971569 -0.003339071 -2.312391758 -0.155215502 0.002250722 0.987878084 91.490768433
0.986149907 0.006165586 0.165742114 2.542623520 -0.005701363 0.999978364 -0.003276505 -2.332908869 -0.165758699 0.002286169 0.986163735 92.005165100
0.984273970 0.006213921 0.176539198 2.673282623 -0.005643216 0.999977112 -0.003734632 -2.341855288 -0.176558390 0.002679653 0.984286547 92.589164734
0.981889248 0.005741782 0.189368591 2.793905258 -0.005071586 0.999978960 -0.004023508 -2.358679295 -0.189387739 0.002990240 0.981897831 93.124694824
0.979418695 0.005463457 0.201765075 2.936000824 -0.004786371 0.999981105 -0.003843540 -2.377441406 -0.201782286 0.002798712 0.979426444 93.654251099
0.977342248 0.005159407 0.211602271 3.064401627 -0.004470326 0.999982953 -0.003734748 -2.394461632 -0.211617947 0.002704195 0.977348745 94.159820557
0.974415839 0.004911517 0.224698737 3.213180542 -0.004072353 0.999982834 -0.004197922 -2.409734726 -0.224715486 0.003175469 0.974419296 94.695396423
0.971404195 0.003688297 0.237403288 3.368816376 -0.002762584 0.999987245 -0.004231891 -2.428433895 -0.237415835 0.003455030 0.971402049 95.211746216
0.968656778 0.003520168 0.248377979 3.525594711 -0.002565793 0.999987960 -0.004166046 -2.438404083 -0.248389691 0.003398183 0.968654215 95.743911743
0.965517461 0.004153220 0.260305017 3.671398163 -0.003213978 0.999986708 -0.004033782 -2.454159737 -0.260318279 0.003058072 0.965517998 96.284339905
0.961847007 0.003843199 0.273560971 3.845575333 -0.002954253 0.999988973 -0.003661405 -2.475702286 -0.273572028 0.002713543 0.961847723 96.796890259
0.958226800 0.003345004 0.285990030 4.022346497 -0.002220606 0.999988496 -0.004255818 -2.487940550 -0.286000997 0.003442967 0.958223104 97.335998535
0.954648495 0.003372907 0.297716051 4.196769714 -0.002269440 0.999989212 -0.004052027 -2.494820356 -0.297726452 0.003192613 0.954645872 97.856544495
0.950092018 0.003708682 0.311947614 4.388263702 -0.002590419 0.999988675 -0.003999083 -2.509594679 -0.311958879 0.002991423 0.950090945 98.389144897
0.945602715 0.002759354 0.325311899 4.598493576 -0.001471870 0.999990106 -0.004203725 -2.525145769 -0.325320303 0.003496238 0.945597410 98.895210266
0.941510856 0.002946583 0.336969852 4.798301697 -0.001565514 0.999989212 -0.004370132 -2.542101383 -0.336979121 0.003586996 0.941505313 99.411430359
0.936766982 0.002954357 0.349941224 5.033338547 -0.001576394 0.999989808 -0.004222464 -2.558948994 -0.349950135 0.003403819 0.936762154 99.962280273
0.931354165 0.002909106 0.364102989 5.250518799 -0.001473888 0.999989986 -0.004219592 -2.576883316 -0.364111602 0.003393287 0.931349158 100.465637207
0.926517844 0.002311435 0.376243740 5.479299545 -0.000817332 0.999991119 -0.004130678 -2.592058182 -0.376249969 0.003519631 0.926511586 100.982315063
0.921661258 0.001622014 0.387991965 5.724449158 -0.000018838 0.999991477 -0.004135750 -2.607930183 -0.387995362 0.003804452 0.921653390 101.491676331
0.915481150 0.001775212 0.402356893 5.967357635 -0.000147915 0.999991715 -0.004075445 -2.625961304 -0.402360827 0.003671479 0.915473759 101.989715576
0.909586966 0.001030416 0.415512323 6.212013245 0.000521070 0.999993384 -0.003620510 -2.641463995 -0.415513277 0.003509680 0.909580350 102.472251892
0.904656947 0.000341625 0.426140547 6.469112396 0.001387900 0.999992073 -0.003748048 -2.660322189 -0.426138431 0.003982138 0.904649198 102.953567505
0.898573279 0.001453796 0.438821018 6.723785400 0.000508220 0.999990404 -0.004353607 -2.666014433 -0.438823164 0.004135053 0.898563862 103.488136292
0.891975105 0.001085231 0.452083021 6.996345520 0.000992220 0.999990046 -0.004358174 -2.683912992 -0.452083200 0.004335949 0.891965151 103.972854614
0.886056781 0.000350272 0.463576436 7.274200439 0.001985694 0.999987721 -0.004550934 -2.701824903 -0.463572323 0.004952908 0.886045218 104.447250366
0.880058527 0.000794609 0.474864364 7.542797089 0.001184202 0.999991894 -0.003867988 -2.733432293 -0.474863589 0.003966391 0.880050421 104.884033203
0.872331321 -0.000035397 0.488915205 7.820423126 0.002370896 0.999988496 -0.004157797 -2.731272221 -0.488909453 0.004786143 0.872321427 105.371673584
