1.000000000 0.000000000 0.000000000 0.000000000 0.000000000 1.000000000 0.000000000 0.000000000 0.000000000 0.000000000 1.000000000 0.000000000
1.000000000 0.000022760 -0.000021412 0.000444616 -0.000022761 1.000000000 -0.000037959 0.000772172 0.000021411 0.000037959 1.000000000 0.000388876
1.000000000 0.000000141 0.000044036 -0.000084825 -0.000000143 1.000000000 0.000042906 0.000027871 -0.000044036 -0.000042906 1.000000000 0.000099739
1.000000000 -0.000081531 0.000022904 0.000111573 0.000081531 1.000000000 -0.000026953 0.000740349 -0.000022902 0.000026955 1.000000000 0.000022696
1.000000000 -0.000119285 0.000040317 -0.000138060 0.000119284 1.000000000 0.000015043 -0.000104288 -0.000040319 -0.000015039 1.000000000 -0.000614442
1.000000000 0.000027331 0.000119914 -0.000473785 -0.000027328 1.000000000 -0.000028204 0.000829774 -0.000119915 0.000028201 1.000000000 0.000066283
1.000000000 -0.000101284 0.000075878 0.000149570 0.000101285 1.000000000 -0.000002802 0.000476058 -0.000075878 0.000002810 1.000000000 0.000235248
1.000000000 -0.000022086 0.000074631 -0.000522664 0.000022079 1.000000000 0.000094494 -0.000123463 -0.000074633 -0.000094493 1.000000000 -0.000085336
1.000000000 -0.000034908 -0.000001727 -0.000721985 0.000034908 1.000000000 -0.000083428 -0.000086014 0.000001730 0.000083428 1.000000000 -0.001089633
1.000000000 -0.000046213 0.000080969 -0.000089062 0.000046210 1.000000000 0.000040908 -0.000724642 -0.000080971 -0.000040904 1.000000000 -0.000410607
1.000000000 0.000072026 0.000053060 -0.000834150 -0.000072029 1.000000000 0.000056692 -0.000900462 -0.000053056 -0.000056696 1.000000000 -0.000636300
1.000000000 -0.000030096 0.000077046 -0.001057576 0.000030093 1.000000000 0.000039412 -0.000378268 -0.000077047 -0.000039409 1.000000000 -0.000966750
1.000000000 0.000053407 0.000033274 -0.000812214 -0.000053405 1.000000000 -0.000075491 -0.000338751 -0.000033278 0.000075489 1.000000000 -0.001540909
1.000000000 0.000042949 0.000069554 -0.000992766 -0.000042947 1.000000000 -0.000028479 0.000497355 -0.000069556 0.000028476 1.000000000 0.000294792
1.000000000 0.000034229 0.000050879 -0.001010950 -0.000034223 1.000000000 -0.000121593 0.001335359 -0.000050883 0.000121591 1.000000000 0.000958722
1.000000000 0.000001812 -0.000034058 0.000324734 -0.000001815 1.000000000 -0.000082401 0.001313015 0.000034058 0.000082401 1.000000000 0.001323561
1.000000000 0.000101925 0.000110053 -0.001039849 -0.000101908 1.000000000 -0.000158016 0.002313596 -0.000110070 0.000158005 1.000000000 0.002540905
1.000000000 0.000169533 0.000089414 -0.001389665 -0.000169519 1.000000000 -0.000165575 0.001917769 -0.000089442 0.000165560 1.000000000 0.001651430
0.999999940 0.000199288 0.000161793 -0.001510191 -0.000199272 1.000000000 -0.000098258 0.002045915 -0.000161812 0.000098225 1.000000000 0.002378325
1.000000000 0.000091419 0.000150081 -0.001394049 -0.000091405 1.000000000 -0.000092046 0.000981232 -0.000150090 0.000092032 1.000000000 0.001279623
1.000000000 0.000024418 0.000071826 -0.001058116 -0.000024416 1.000000000 -0.000023688 0.000299645 -0.000071826 0.000023686 1.000000000 0.000682002
1.000000000 0.000139968 0.000052709 -0.000772594 -0.000139967 1.000000000 -0.000016277 0.001259963 -0.000052712 0.000016270 1.000000000 0.000842604
1.000000000 0.000086355 0.000013081 -0.000592412 -0.000086354 1.000000000 -0.000071091 0.001301149 -0.000013087 0.000071090 1.000000000 0.002161050
1.000000000 0.000097201 0.000078974 -0.001193467 -0.000097196 1.000000000 -0.000062915 0.001646630 -0.000078981 0.000062907 1.000000000 0.002454792
0.999999940 0.000328384 0.000034971 -0.001074371 -0.000328382 0.999999940 -0.000060653 0.002323506 -0.000034991 0.000060641 1.000000000 0.003684862
0.999999940 0.000228569 0.000098706 -0.001403565 -0.000228562 1.000000000 -0.000064838 0.002148797 -0.000098721 0.000064816 1.000000000 0.001756076
1.000000000 0.000052237 0.000105309 -0.000500712 -0.000052229 1.000000000 -0.000071060 0.002436547 -0.000105313 0.000071055 1.000000000 0.002969571
1.000000000 0.000140616 0.000172992 -0.001786389 -0.000140612 1.000000000 -0.000022339 0.001466873 -0.000172996 0.000022315 1.000000000 0.002298240
1.000000000 0.000119886 0.000050798 -0.001149485 -0.000119883 1.000000000 -0.000070268 0.002277114 -0.000050806 0.000070262 1.000000000 0.002220867
1.000000000 0.000047075 0.000109192 -0.001702471 -0.000047067 1.000000000 -0.000069249 0.001062169 -0.000109195 0.000069244 1.000000000 0.001601720
0.999999940 0.000152281 0.000199342 -0.001964583 -0.000152277 1.000000000 -0.000021483 0.001018210 -0.000199345 0.000021453 1.000000000 0.001913768
1.000000000 0.000087972 0.000192623 -0.001367025 -0.000087960 1.000000000 -0.000061814 0.002136071 -0.000192628 0.000061797 1.000000000 0.003770271
1.000000000 0.000206756 0.000098584 -0.000893248 -0.000206735 0.999999940 -0.000211718 0.003331121 -0.000098628 0.000211697 1.000000000 0.003801474
1.000000000 0.000109171 0.000132399 -0.000902558 -0.000109157 1.000000000 -0.000105820 0.001699252 -0.000132410 0.000105806 1.000000000 0.001871274
0.999999940 0.000204140 0.000184860 -0.002502240 -0.000204111 0.999999940 -0.000152406 0.002099608 -0.000184891 0.000152368 1.000000000 0.002563832
1.000000000 0.000161754 0.000182338 -0.001687514 -0.000161740 1.000000000 -0.000080467 0.001064934 -0.000182351 0.000080438 1.000000000 0.001570506
1.000000000 0.000108809 0.000044202 -0.002058535 -0.000108810 1.000000000 0.000015810 0.000478206 -0.000044201 -0.000015815 1.000000000 0.000261816
1.000000000 0.000127298 0.000081102 -0.001452669 -0.000127295 1.000000000 -0.000036862 0.001810222 -0.000081107 0.000036852 1.000000000 0.002210529
1.000000000 0.000154495 0.000157065 -0.002018922 -0.000154487 1.000000000 -0.000050338 0.001591302 -0.000157073 0.000050313 1.000000000 0.001323801
1.000000000 0.000182845 0.000119176 -0.000871814 -0.000182834 1.000000000 -0.000093432 0.002890315 -0.000119193 0.000093410 1.000000000 0.003202380
1.000000000 -0.000002594 0.000059541 0.000283004 0.000002599 1.000000000 -0.000099501 0.000796363 -0.000059541 0.000099501 1.000000000 0.002529054
0.999999762 0.000542140 0.000149785 -0.000076870 -0.000542046 0.999999642 -0.000629722 -0.001358277 -0.000150126 0.000629641 0.999999702 0.052688301
0.999999821 0.000467829 0.000189124 0.001485695 -0.000467591 0.999999046 -0.001256285 -0.002209387 -0.000189711 0.001256196 0.999999106 0.142459631
0.999999702 0.000547992 0.000446394 0.000371428 -0.000547692 0.999999642 -0.000670717 -0.018739931 -0.000446761 0.000670473 0.999999702 0.247465566
0.999999762 0.000545635 0.000478907 0.003484132 -0.000545323 0.999999642 -0.000652963 -0.021456981 -0.000479263 0.000652702 0.999999702 0.380143672
0.999999940 0.000290306 -0.000045245 0.011487893 -0.000290304 0.999999940 0.000029191 -0.029581109 0.000045254 -0.000029178 1.000000000 0.532643676
0.999999940 0.000079858 -0.000049998 0.014920286 -0.000079848 0.999999881 0.000207304 -0.035105068 0.000050014 -0.000207300 1.000000000 0.682718694
0.999999881 0.000146217 0.000310614 0.014423689 -0.000146207 0.999999940 -0.000031944 -0.038005631 -0.000310619 0.000031898 0.999999881 0.841196954
0.999999881 0.000013818 0.000287663 0.015194632 -0.000013854 1.000000000 0.000122102 -0.042700235 -0.000287661 -0.000122106 0.999999940 1.011265874
1.000000000 0.000229702 0.000206573 0.020891542 -0.000229717 1.000000000 0.000071475 -0.045674063 -0.000206556 -0.000071523 1.000000000 1.184361935
0.999999881 0.000472068 0.000167474 0.027882285 -0.000472015 0.999999821 -0.000320202 -0.039589588 -0.000167625 0.000320123 0.999999940 1.376913309
0.999999702 0.000747050 0.000221294 0.031389605 -0.000747089 0.999999702 0.000174947 -0.050453223 -0.000221163 -0.000175113 0.999999940 1.573818445
0.999999642 0.000511781 0.000553397 0.032907959 -0.000512249 0.999999464 0.000845973 -0.055830579 -0.000552963 -0.000846256 0.999999464 1.765990257
0.999999046 0.001108770 0.000849671 0.031572841 -0.001109370 0.999999046 0.000705999 -0.059903488 -0.000848888 -0.000706940 0.999999344 1.958466411
0.999999762 0.000025364 0.000702603 0.040678512 -0.000025964 0.999999642 0.000854950 -0.066131137 -0.000702581 -0.000854968 0.999999404 2.166349173
0.999999642 0.000691973 0.000492299 0.047405329 -0.000692387 0.999999404 0.000840564 -0.074759752 -0.000491717 -0.000840905 0.999999523 2.385690928
0.999999404 0.000673443 0.000835697 0.048238002 -0.000674158 0.999999404 0.000855519 -0.085993744 -0.000835120 -0.000856082 0.999999285 2.605966091
0.999999285 0.000750059 0.000915898 0.047438771 -0.000750752 0.999999404 0.000756311 -0.086425543 -0.000915331 -0.000756998 0.999999285 2.838186741
0.999999046 0.000835015 0.001090585 0.050308086 -0.000835990 0.999999225 0.000893764 -0.091707803 -0.001089837 -0.000894675 0.999999046 3.071727991
0.999999285 0.000950015 0.000697653 0.060723491 -0.000950448 0.999999344 0.000620824 -0.097539783 -0.000697062 -0.000621487 0.999999583 3.319782495
0.999999404 0.000650878 0.001011095 0.056686312 -0.000651603 0.999999523 0.000716538 -0.107354134 -0.001010629 -0.000717196 0.999999225 3.549002886
0.999998927 0.000916069 0.001176093 0.060620658 -0.000917148 0.999999166 0.000917021 -0.115382224 -0.001175252 -0.000918098 0.999998927 3.795796156
0.999998808 0.001036938 0.001156439 0.067558818 -0.001038190 0.999998868 0.001082877 -0.123504892 -0.001155315 -0.001084076 0.999998748 4.087664127
0.999998212 0.001183607 0.001439911 0.074258558 -0.001185068 0.999998808 0.001013815 -0.126294911 -0.001438709 -0.001015519 0.999998450 4.328863144
0.999997735 0.001022365 0.001853198 0.074186094 -0.001024813 0.999998629 0.001320703 -0.135446340 -0.001851845 -0.001322599 0.999997437 4.582777500
0.999998808 0.000794709 0.001342799 0.086259432 -0.000795972 0.999999225 0.000940570 -0.138195783 -0.001342050 -0.000941637 0.999998569 4.838652611
0.999998093 0.001231768 0.001462520 0.092850752 -0.001232841 0.999998868 0.000733223 -0.141059309 -0.001461615 -0.000735025 0.999998689 5.104691029
0.999998629 0.000973043 0.001346646 0.099196769 -0.000973827 0.999999464 0.000581748 -0.154693708 -0.001346079 -0.000583059 0.999998927 5.361908436
0.999997973 0.001374832 0.001449387 0.105200537 -0.001376536 0.999998391 0.001175296 -0.169563010 -0.001447769 -0.001177289 0.999998212 5.620640755
0.999998629 0.000986667 0.001301600 0.099389181 -0.000987780 0.999999106 0.000854416 -0.170489430 -0.001300756 -0.000855701 0.999998808 5.883681297
0.999997318 0.001540504 0.001745455 0.105639488 -0.001541970 0.999998450 0.000839079 -0.180698231 -0.001744159 -0.000841768 0.999998152 6.162075996
0.999996006 0.001748491 0.002212730 0.109778807 -0.001750888 0.999997914 0.001082059 -0.187989905 -0.002210834 -0.001085929 0.999997020 6.453051567
0.999995768 0.002061409 0.002051162 0.109769151 -0.002063358 0.999997437 0.000948571 -0.195924997 -0.002049202 -0.000952799 0.999997437 6.737126827
0.999996662 0.001676439 0.001969379 0.117789418 -0.001678737 0.999997914 0.001165672 -0.208503187 -0.001967421 -0.001168974 0.999997377 7.037553310
0.999996841 0.001634245 0.001921259 0.126212597 -0.001636453 0.999998093 0.001148297 -0.216714934 -0.001919378 -0.001151438 0.999997497 7.319283962
0.999996722 0.001448129 0.002116559 0.131118506 -0.001450431 0.999998271 0.001086661 -0.226481423 -0.002114982 -0.001089727 0.999997199 7.629601479
0.999996126 0.001618090 0.002269415 0.134017706 -0.001620746 0.999997973 0.001168899 -0.233419359 -0.002267519 -0.001172573 0.999996662 7.942247391
0.999995172 0.002059947 0.002303266 0.142222643 -0.002062721 0.999997139 0.001202526 -0.246661037 -0.002300782 -0.001207272 0.999996603 8.248773575
0.999995470 0.002044731 0.002200704 0.151847288 -0.002047359 0.999997199 0.001192546 -0.255624920 -0.002198259 -0.001197046 0.999996841 8.571382523
0.999995887 0.001586115 0.002398781 0.157229900 -0.001589156 0.999997914 0.001266628 -0.261032522 -0.002396767 -0.001270435 0.999996245 8.897771835
0.999996006 0.001849186 0.002147679 0.168921009 -0.001851554 0.999997616 0.001101067 -0.270416588 -0.002145638 -0.001105039 0.999997020 9.244251251
0.999994636 0.002216436 0.002419444 0.174720839 -0.002219466 0.999996722 0.001250339 -0.282418460 -0.002416665 -0.001255702 0.999996245 9.587575912
0.999996364 0.001875791 0.001999990 0.187324628 -0.001879258 0.999996722 0.001733235 -0.299344420 -0.001996732 -0.001736987 0.999996483 9.922760010
0.999996066 0.001893618 0.002047993 0.189302191 -0.001897072 0.999996781 0.001686134 -0.305372775 -0.002044794 -0.001690013 0.999996483 10.288079262
0.999992847 0.002778682 0.002576200 0.192887738 -0.002783216 0.999994516 0.001758411 -0.315237671 -0.002571299 -0.001765568 0.999995112 10.642307281
0.999994755 0.002361109 0.002183913 0.204809397 -0.002363980 0.999996364 0.001313083 -0.320396751 -0.002180805 -0.001318239 0.999996781 11.005088806
0.999994755 0.002367369 0.002204742 0.215877995 -0.002371282 0.999995589 0.001773866 -0.335993648 -0.002200532 -0.001779085 0.999996006 11.367237091
0.999994397 0.002362448 0.002383953 0.217290178 -0.002366599 0.999995708 0.001740064 -0.344250351 -0.002379832 -0.001745696 0.999995649 11.756772041
0.999992967 0.002862094 0.002393875 0.230712444 -0.002865840 0.999994695 0.001562996 -0.354390770 -0.002389388 -0.001569845 0.999995887 12.126860619
0.999993622 0.002476444 0.002546650 0.243269026 -0.002481065 0.999995291 0.001813090 -0.370743126 -0.002542147 -0.001819397 0.999995053 12.509281158
0.999990523 0.003239154 0.002883673 0.241985083 -0.003245112 0.999992609 0.002064087 -0.374785125 -0.002876966 -0.002073426 0.999993682 12.908560753
0.999991298 0.002924869 0.002957862 0.250164479 -0.002929417 0.999994516 0.001534434 -0.386574447 -0.002953358 -0.001543085 0.999994457 13.306851387
0.999989152 0.003081029 0.003486251 0.252538621 -0.003087429 0.999993563 0.001831845 -0.398242056 -0.003480585 -0.001842589 0.999992192 13.713476181
0.999992251 0.002728663 0.002829814 0.274595350 -0.002734684 0.999993920 0.002125589 -0.408314109 -0.002823997 -0.002133311 0.999993682 14.120834351
0.999990761 0.002884320 0.003181478 0.281111509 -0.002890868 0.999993682 0.002055646 -0.423014045 -0.003175528 -0.002064824 0.999992788 14.536801338
0.999985695 0.003241857 0.004250421 0.284620076 -0.003248884 0.999993384 0.001647474 -0.433498859 -0.004245053 -0.001661259 0.999989569 14.975495338
0.999985635 0.003450786 0.004095439 0.298069954 -0.003458381 0.999992251 0.001848800 -0.449208170 -0.004089028 -0.001862938 0.999989927 15.413477898
0.999982119 0.003393701 0.004907090 0.303801119 -0.003403479 0.999992192 0.001985848 -0.460989445 -0.004900312 -0.002002513 0.999985993 15.845392227
0.999978244 0.003826486 0.005361610 0.313222498 -0.003836984 0.999990702 0.001948969 -0.472386450 -0.005354102 -0.001969499 0.999983668 16.277259827
0.999975801 0.004047085 0.005664490 0.322885960 -0.004054593 0.999990880 0.001314598 -0.482378930 -0.005659118 -0.001337533 0.999983013 16.720224380
0.999977410 0.003547373 0.005709711 0.335960239 -0.003560511 0.999991179 0.002292496 -0.503779888 -0.005701527 -0.002312774 0.999981046 17.179079056
0.999976516 0.003737267 0.005746508 0.348147035 -0.003750523 0.999990344 0.002297757 -0.519735873 -0.005737866 -0.002319255 0.999980867 17.631696701
0.999973774 0.003846431 0.006128837 0.362206936 -0.003857986 0.999990821 0.001874545 -0.529004931 -0.006121570 -0.001898141 0.999979496 18.100767136
0.999978781 0.003085412 0.005736531 0.380047441 -0.003097523 0.999992967 0.002103344 -0.539208949 -0.005730001 -0.002121068 0.999981284 18.582427979
0.999978125 0.003363732 0.005692328 0.397232115 -0.003375134 0.999992311 0.001994627 -0.557407081 -0.005685576 -0.002013796 0.999981821 19.053323746
0.999976158 0.003578661 0.005907091 0.411335647 -0.003590527 0.999991536 0.001999319 -0.567665458 -0.005899887 -0.002020481 0.999980569 19.535949707
0.999976397 0.003655548 0.005815477 0.417092562 -0.003669208 0.999990523 0.002339949 -0.584182680 -0.005806868 -0.002361232 0.999980390 20.022632599
0.999971688 0.003910583 0.006421284 0.430718124 -0.003925234 0.999989748 0.002270636 -0.595611751 -0.006412338 -0.002295777 0.999976814 20.518480301
0.999974787 0.003892623 0.005941454 0.450340450 -0.003908432 0.999988794 0.002651635 -0.612649322 -0.005931067 -0.002674789 0.999978840 21.022029877
0.999975741 0.004271725 0.005501199 0.459269524 -0.004284386 0.999988139 0.002291669 -0.618033648 -0.005491344 -0.002315182 0.999982238 21.534934998
0.999976099 0.004376229 0.005350776 0.467914730 -0.004387179 0.999988258 0.002036131 -0.630812049 -0.005341803 -0.002059557 0.999983609 22.045694351
0.999976397 0.004489494 0.005206566 0.480855942 -0.004501386 0.999987304 0.002274595 -0.645674109 -0.005196288 -0.002297978 0.999983847 22.549167633
0.999974608 0.005266897 0.004798146 0.491986901 -0.005278589 0.999983132 0.002427338 -0.663044751 -0.004785280 -0.002452604 0.999985516 23.067441940
0.999978423 0.005132429 0.004106305 0.505617797 -0.005142031 0.999984086 0.002330955 -0.679314554 -0.004094276 -0.002352019 0.999988854 23.590177536
0.999984980 0.004060726 0.003665420 0.515216351 -0.004069236 0.999988973 0.002317197 -0.698225439 -0.003655970 -0.002332078 0.999990582 24.114278793
0.999983668 0.004796119 0.003108840 0.527863801 -0.004803488 0.999985635 0.002367345 -0.709091067 -0.003097441 -0.002382240 0.999992371 24.649991989
0.999984920 0.004952811 0.002344674 0.545779049 -0.004959516 0.999983609 0.002863276 -0.726875067 -0.002330454 -0.002874862 0.999993145 25.190954208
0.999984264 0.005215868 0.002066083 0.551202297 -0.005221864 0.999982119 0.002907560 -0.741971314 -0.002050881 -0.002918303 0.999993622 25.727588654
0.999984562 0.005233856 0.001866310 0.561216474 -0.005238838 0.999982834 0.002675544 -0.757067144 -0.001852274 -0.002685281 0.999994636 26.279958725
0.999986172 0.004985252 0.001680892 0.571941316 -0.004990520 0.999982595 0.003144334 -0.765890419 -0.001665188 -0.003152678 0.999993622 26.839117050
0.999985218 0.005321458 0.001098135 0.583478928 -0.005324789 0.999981165 0.003052854 -0.786405861 -0.001081869 -0.003058657 0.999994755 27.384452820
0.999982536 0.005784106 0.001201867 0.592809260 -0.005787515 0.999979198 0.002851831 -0.801357627 -0.001185347 -0.002858738 0.999995172 27.933542252
0.999980628 0.006144103 0.001002593 0.603421330 -0.006147168 0.999976337 0.003083264 -0.813646197 -0.000983625 -0.003089368 0.999994755 28.478277206
0.999979675 0.006303687 0.000967301 0.614114940 -0.006306514 0.999975741 0.002949103 -0.827432096 -0.000948688 -0.002955144 0.999995172 29.024553299
0.999980927 0.006139357 0.000693069 0.621706188 -0.006141003 0.999978185 0.002401162 -0.835262716 -0.000678313 -0.002405372 0.999996901 29.566370010
0.999980927 0.006163538 0.000364471 0.630909383 -0.006164446 0.999977708 0.002543848 -0.848072886 -0.000348783 -0.002546046 0.999996662 30.111139297
0.999980807 0.006183502 0.000196633 0.646914959 -0.006183981 0.999977648 0.002543346 -0.864000201 -0.000180902 -0.002544514 0.999996722 30.649496078
0.999980867 0.006174835 0.000076187 0.659173131 -0.006175015 0.999977469 0.002630583 -0.879102647 -0.000059942 -0.002631004 0.999996483 31.195087433
0.999978304 0.006574878 -0.000466627 0.668598115 -0.006573692 0.999975264 0.002498477 -0.889340043 0.000483043 -0.002495355 0.999996722 31.748216629
0.999979496 0.006399010 -0.000562204 0.682773471 -0.006397600 0.999976456 0.002476091 -0.904798627 0.000578036 -0.002472444 0.999996722 32.297195435
0.999977648 0.006607506 -0.001080442 0.689788342 -0.006604372 0.999974012 0.002878367 -0.917062044 0.001099433 -0.002871168 0.999995232 32.845741272
0.999980450 0.006213422 -0.000706576 0.695358932 -0.006211455 0.999976933 0.002752473 -0.935029626 0.000723662 -0.002748031 0.999995947 33.392608643
0.999978542 0.006481826 -0.000964028 0.708961785 -0.006479172 0.999975204 0.002729289 -0.948303342 0.000981695 -0.002722984 0.999995828 33.942844391
0.999978483 0.006443443 -0.001160095 0.715951979 -0.006440420 0.999975860 0.002591525 -0.960852742 0.001176766 -0.002583998 0.999995947 34.488430023
0.999977529 0.006524914 -0.001529095 0.727669537 -0.006521128 0.999975681 0.002468542 -0.978705645 0.001545165 -0.002458515 0.999995768 35.018455505
0.999978065 0.006423743 -0.001618625 0.740759015 -0.006420085 0.999976873 0.002255462 -0.987383842 0.001633077 -0.002245021 0.999996126 35.568279266
0.999976337 0.006640617 -0.001785379 0.742498398 -0.006636629 0.999975502 0.002230684 -1.003944993 0.001800149 -0.002218782 0.999995947 36.099105835
0.999978304 0.006386332 -0.001628964 0.751805127 -0.006382810 0.999977231 0.002157785 -1.017969728 0.001642708 -0.002147340 0.999996364 36.649169922
0.999979019 0.006188161 -0.001902847 0.765879631 -0.006183465 0.999977827 0.002464042 -1.033346891 0.001918053 -0.002452224 0.999995172 37.187141418
0.999978960 0.006034538 -0.002367338 0.784569860 -0.006030454 0.999980330 0.001728500 -1.042635918 0.002377722 -0.001714188 0.999995768 37.729873657
0.999976456 0.006479575 -0.002231648 0.787761092 -0.006474652 0.999976575 0.002206432 -1.066499352 0.002245893 -0.002191931 0.999995053 38.260070801
0.999973238 0.006903702 -0.002426562 0.796592474 -0.006899429 0.999974608 0.001765428 -1.077590466 0.002438689 -0.001748639 0.999995530 38.806850433
0.999974728 0.006781180 -0.002127191 0.809084654 -0.006776967 0.999975085 0.001981390 -1.096451759 0.002140575 -0.001966924 0.999995708 39.354503632
0.999972820 0.007064273 -0.002111432 0.817893624 -0.007060210 0.999973238 0.001925783 -1.111010432 0.002124981 -0.001910824 0.999995887 39.905254364
0.999972939 0.006967463 -0.002357569 0.830712497 -0.006962977 0.999973953 0.001905564 -1.126656175 0.002370785 -0.001889097 0.999995410 40.457031250
0.999971569 0.007254826 -0.002041085 0.839554667 -0.007251939 0.999972641 0.001419074 -1.136173129 0.002051325 -0.001404231 0.999996960 41.010570526
0.999974787 0.006817412 -0.001999147 0.844253063 -0.006813283 0.999974608 0.002064659 -1.156802893 0.002013172 -0.002050986 0.999995887 41.569431305
0.999971390 0.007310726 -0.001901648 0.851232290 -0.007307846 0.999972105 0.001517423 -1.166128755 0.001912689 -0.001503483 0.999996960 42.124134064
0.999972403 0.007108473 -0.002158208 0.867760241 -0.007104447 0.999972999 0.001867922 -1.180916786 0.002171427 -0.001852538 0.999995887 42.675209045
0.999970376 0.007495676 -0.001714391 0.874929070 -0.007492889 0.999970555 0.001627327 -1.196915984 0.001726538 -0.001614434 0.999997199 43.227764130
0.999970913 0.007448775 -0.001653313 0.885855198 -0.007446232 0.999971032 0.001539734 -1.212064028 0.001664735 -0.001527378 0.999997437 43.773620605
0.999967635 0.007912263 -0.001477415 0.894104123 -0.007909727 0.999967158 0.001715334 -1.225932598 0.001490939 -0.001703593 0.999997377 44.317272186
0.999967575 0.007930284 -0.001413425 0.904435813 -0.007927748 0.999966979 0.001791200 -1.241585970 0.001427583 -0.001779937 0.999997377 44.860355377
0.999966919 0.008026244 -0.001275384 0.916447997 -0.008024351 0.999966621 0.001482524 -1.254652619 0.001287241 -0.001472241 0.999998093 45.407814026
0.999963164 0.008529559 -0.000927304 0.925152302 -0.008528618 0.999963105 0.001015448 -1.262929082 0.000935931 -0.001007502 0.999999046 45.963020325
0.999961615 0.008758167 -0.000273364 0.929066181 -0.008757900 0.999961138 0.000957612 -1.278843045 0.000281741 -0.000955182 0.999999523 46.508556366
0.999957919 0.009168622 -0.000367778 0.942743123 -0.009168211 0.999957502 0.001098963 -1.292278051 0.000377838 -0.001095545 0.999999344 47.053470612
0.999960303 0.008900445 -0.000659287 0.955384970 -0.008899676 0.999959707 0.001158256 -1.305820704 0.000669569 -0.001152342 0.999999106 47.614147186
0.999962032 0.008698800 -0.000556292 0.965053856 -0.008698156 0.999961495 0.001149478 -1.321799278 0.000566270 -0.001144596 0.999999166 48.165241241
0.999961138 0.008791337 -0.000614233 0.976100147 -0.008790581 0.999960601 0.001225085 -1.335986018 0.000624979 -0.001219638 0.999999046 48.706943512
0.999956727 0.009294671 -0.000202860 0.979923129 -0.009294538 0.999956727 0.000638585 -1.345008731 0.000208787 -0.000636672 0.999999702 49.254768372
0.999950826 0.009915256 0.000002392 0.996683776 -0.009915255 0.999950588 0.000864159 -1.361048222 0.000006177 -0.000864140 0.999999642 49.789627075
0.999951720 0.009823307 -0.000328116 1.007298827 -0.009823121 0.999951541 0.000571712 -1.372379899 0.000333716 -0.000568461 0.999999762 50.327407837
0.999948978 0.010090400 0.000307265 1.011611700 -0.010090578 0.999948859 0.000582816 -1.392876148 -0.000301368 -0.000585887 0.999999702 50.852401733
0.999948323 0.010162284 0.000197889 1.028610349 -0.010162527 0.999947548 0.001277603 -1.413428187 -0.000184895 -0.001279549 0.999999166 51.384616852
0.999947131 0.010275205 -0.000080115 1.035554767 -0.010275121 0.999946713 0.000968972 -1.423682690 0.000090068 -0.000968098 0.999999523 51.928737640
0.999940038 0.010921039 0.000792686 1.039200783 -0.010921660 0.999939978 0.000784630 -1.441213131 -0.000784070 -0.000793240 0.999999404 52.463912964
0.999947369 0.010241469 0.000608178 1.050544143 -0.010242038 0.999947131 0.000937992 -1.457213044 -0.000598540 -0.000944171 0.999999344 53.005004883
0.999942064 0.010739069 0.000742341 1.063184381 -0.010739670 0.999942005 0.000810329 -1.473152757 -0.000733596 -0.000818254 0.999999404 53.539813995
0.999938011 0.011086135 0.001026702 1.059285641 -0.011086589 0.999938428 0.000439051 -1.495053887 -0.001021771 -0.000450406 0.999999404 54.060348511
0.999936044 0.011227616 0.001339634 1.064747691 -0.011228060 0.999936879 0.000325267 -1.509444237 -0.001335898 -0.000340288 0.999999046 54.593585968
0.999937415 0.011127934 0.001124890 1.080153823 -0.011127973 0.999938071 0.000030692 -1.520612717 -0.001124478 -0.000043208 0.999999344 55.130584717
0.999931335 0.011644051 0.001278622 1.091394901 -0.011643821 0.999932170 -0.000186319 -1.530328989 -0.001280704 0.000171419 0.999999166 55.668251038
0.999937415 0.011130983 0.001082930 1.103958964 -0.011131059 0.999938071 0.000065038 -1.547152638 -0.001082139 -0.000077088 0.999999404 56.197582245
0.999928594 0.011872281 0.001382088 1.114596128 -0.011872434 0.999929488 0.000101792 -1.563923120 -0.001380782 -0.000118193 0.999998987 56.738212585
0.999923289 0.012250532 0.001832067 1.119389296 -0.012250396 0.999924898 -0.000085753 -1.576013803 -0.001832980 0.000063303 0.999998271 57.273052216
0.999924719 0.012130153 0.001856510 1.131725788 -0.012130223 0.999926448 0.000026612 -1.593433738 -0.001856050 -0.000049130 0.999998271 57.799194336
0.999922633 0.012247171 0.002152910 1.144860506 -0.012247337 0.999925017 0.000063339 -1.610471129 -0.002151972 -0.000089701 0.999997616 58.329528809
0.999919534 0.012444352 0.002472760 1.152316213 -0.012444338 0.999922514 -0.000019770 -1.623421669 -0.002472815 -0.000011004 0.999996960 58.852367401
0.999923289 0.012147527 0.002423677 1.167669773 -0.012147595 0.999926209 0.000013181 -1.644051671 -0.002423338 -0.000042622 0.999997079 59.384708405
0.999927044 0.011915389 0.001978503 1.181742787 -0.011915176 0.999928951 -0.000118564 -1.658827305 -0.001979775 0.000094981 0.999998033 59.913978577
0.999928415 0.011853059 0.001659359 1.195459127 -0.011852159 0.999929607 -0.000551763 -1.666046381 -0.001665782 0.000532057 0.999998510 60.471828461
0.999924242 0.012127731 0.002090868 1.213629961 -0.012128090 0.999926448 0.000159740 -1.692837596 -0.002088777 -0.000185086 0.999997795 60.998680115
0.999921322 0.012344357 0.002219268 1.226160884 -0.012345557 0.999923646 0.000527010 -1.708873034 -0.002212593 -0.000554367 0.999997318 61.532550812
0.999921620 0.012335718 0.002104760 1.235595107 -0.012336648 0.999923825 0.000429961 -1.724627256 -0.002099296 -0.000455893 0.999997675 62.065700531
0.999920726 0.012336165 0.002497773 1.245084643 -0.012336858 0.999923885 0.000262665 -1.740192294 -0.002494342 -0.000293459 0.999996841 62.590667725
0.999914229 0.012857503 0.002487961 1.254378796 -0.012858865 0.999917150 0.000532415 -1.753964305 -0.002480909 -0.000564362 0.999996781 63.119029999
0.999911487 0.013035211 0.002662396 1.259573817 -0.013036151 0.999914885 0.000335762 -1.771748066 -0.002657793 -0.000370440 0.999996364 63.644477844
0.999904692 0.013483036 0.002924366 1.267598987 -0.013483995 0.999908984 0.000308345 -1.786760449 -0.002919943 -0.000347748 0.999995589 64.158576965
0.999901891 0.013648602 0.003129819 1.274329305 -0.013649582 0.999906719 0.000291805 -1.799518466 -0.003125544 -0.000334498 0.999994993 64.685401917
0.999909282 0.013116293 0.003041907 1.289784074 -0.013117475 0.999913812 0.000368749 -1.815518260 -0.003036808 -0.000408618 0.999995291 65.203498840
0.999909699 0.013110850 0.002929769 1.302459955 -0.013112754 0.999913752 0.000631247 -1.833101749 -0.002921240 -0.000669608 0.999995470 65.730499268
0.999902964 0.013406720 0.003768802 1.305972457 -0.013407051 0.999910116 0.000062041 -1.842978597 -0.003767631 -0.000112563 0.999992907 66.271690369
0.999901354 0.013488827 0.003905984 1.319761276 -0.013488938 0.999909043 0.000001737 -1.863124967 -0.003905606 -0.000054425 0.999992371 66.793464661
0.999898672 0.013652167 0.004059513 1.331073284 -0.013652403 0.999906778 0.000030237 -1.877704859 -0.004058722 -0.000085656 0.999991715 67.321868896
0.999899328 0.013594383 0.004063284 1.344537973 -0.013594324 0.999907553 -0.000041642 -1.896844387 -0.004063474 -0.000013600 0.999991715 67.846893311
0.999890506 0.014105476 0.004463804 1.351867437 -0.014104979 0.999900520 -0.000142503 -1.912484765 -0.004465370 0.000079526 0.999990046 68.372642517
0.999885440 0.014494531 0.004350154 1.360321522 -0.014495031 0.999894857 0.000083937 -1.929196000 -0.004348481 -0.000146983 0.999990463 68.906257629
0.999881208 0.014797909 0.004312295 1.377410889 -0.014796459 0.999890447 -0.000367390 -1.945930839 -0.004317259 0.000303540 0.999990642 69.444198608
0.999884963 0.014497428 0.004447525 1.390681148 -0.014498037 0.999894917 0.000104839 -1.965937018 -0.004445537 -0.000169307 0.999990106 69.985755920
0.999891996 0.014046747 0.004307777 1.403579354 -0.014045506 0.999901354 -0.000317692 -1.979452014 -0.004311814 0.000257153 0.999990642 70.539283752
0.999900699 0.013488525 0.004064212 1.422349095 -0.013488453 0.999908924 -0.000045278 -1.998631954 -0.004064453 -0.000009547 0.999991715 71.067878723
0.999905288 0.013282428 0.003610237 1.438945651 -0.013283483 0.999911666 0.000267772 -2.015317917 -0.003606362 -0.000315703 0.999993443 71.602577209
0.999900281 0.013608078 0.003768883 1.447891951 -0.013607760 0.999907374 -0.000110045 -2.028166294 -0.003770032 0.000058748 0.999992907 72.155250549
0.999902964 0.013454266 0.003597773 1.464764118 -0.013454018 0.999909401 -0.000093562 -2.045513153 -0.003598706 0.000045148 0.999993503 72.680740356
0.999903262 0.013489733 0.003383240 1.475475550 -0.013490175 0.999908984 0.000107224 -2.061047792 -0.003381486 -0.000152854 0.999994278 73.216438293
0.999898851 0.013727468 0.003708993 1.487550139 -0.013728039 0.999905705 0.000129005 -2.077850342 -0.003706872 -0.000179909 0.999993086 73.741920471
0.999896824 0.013915333 0.003559659 1.502587557 -0.013916980 0.999903083 0.000438535 -2.091953993 -0.003553212 -0.000488029 0.999993563 74.269279480
0.999890924 0.014245636 0.003896123 1.512913227 -0.014246034 0.999898434 0.000075394 -2.106571674 -0.003894653 -0.000130890 0.999992371 74.802993774
0.999888718 0.014329588 0.004127430 1.527335048 -0.014329285 0.999897242 -0.000103418 -2.121307373 -0.004128488 0.000044263 0.999991477 75.330749512
0.999887645 0.014431715 0.004038031 1.538708329 -0.014430453 0.999895751 -0.000342011 -2.134649992 -0.004042545 0.000283702 0.999991775 75.864166260
0.999889612 0.014347417 0.003857813 1.552096605 -0.014346150 0.999897003 -0.000356013 -2.152682066 -0.003862523 0.000300629 0.999992490 76.401618958
0.999884963 0.014675758 0.003837030 1.558022141 -0.014673626 0.999892175 -0.000583088 -2.165903091 -0.003845173 0.000526718 0.999992490 76.925720215
0.999883592 0.014751216 0.003882346 1.559804678 -0.014750493 0.999891162 -0.000214068 -2.182700157 -0.003885081 0.000156776 0.999992430 77.454666138
0.999900162 0.013585032 0.003889029 1.579769135 -0.013583946 0.999907613 -0.000304751 -2.200046062 -0.003892810 0.000251893 0.999992311 77.972099304
0.999883950 0.014573790 0.004418581 1.586878777 -0.014571968 0.999893606 -0.000444781 -2.213140488 -0.004424593 0.000380342 0.999990165 78.517440796
0.999884069 0.014623008 0.004248992 1.598218441 -0.014621496 0.999893010 -0.000387061 -2.227870464 -0.004254197 0.000324890 0.999990880 79.052604675
0.999883473 0.014571615 0.004532794 1.611308813 -0.014569364 0.999893665 -0.000529267 -2.245965242 -0.004540023 0.000463166 0.999989569 79.577102661
0.999880314 0.014591970 0.005136612 1.627100706 -0.014589182 0.999893427 -0.000580815 -2.260157347 -0.005144540 0.000505807 0.999986649 80.117866516
0.999876082 0.014402483 0.006353577 1.642859221 -0.014397811 0.999896049 -0.000781358 -2.275120020 -0.006364170 0.000689784 0.999979436 80.660438538
0.999875963 0.013925080 0.007350472 1.659176588 -0.013920007 0.999902785 -0.000741039 -2.289178133 -0.007360077 0.000638629 0.999972701 81.204536438
0.999868989 0.013790010 0.008470804 1.672863722 -0.013784232 0.999904633 -0.000740334 -2.306524992 -0.008480205 0.000623474 0.999963820 81.744590759
0.999823034 0.014366254 0.012142992 1.691802382 -0.014353732 0.999896288 -0.001117599 -2.318413019 -0.012157791 0.000943104 0.999925673 82.288757324
0.999769628 0.014162171 0.016128497 1.711296678 -0.014154570 0.999899566 -0.000585247 -2.337842226 -0.016135169 0.000356820 0.999869764 82.821479797
0.999725223 0.013517452 0.019151775 1.735258222 -0.013501550 0.999908388 -0.000959699 -2.354124546 -0.019162992 0.000700857 0.999816120 83.368354797
0.999630809 0.013936421 0.023323342 1.758903503 -0.013913909 0.999902546 -0.001127410 -2.369244337 -0.023336781 0.000802475 0.999727309 83.928092957
0.999460042 0.014169014 0.029649425 1.788968205 -0.014149725 0.999899447 -0.000860426 -2.387609482 -0.029658642 0.000440430 0.999559999 84.469406128
0.999248683 0.014480783 0.035948977 1.816077828 -0.014446934 0.999894917 -0.001201229 -2.401846647 -0.035962589 0.000680974 0.999352872 85.019088745
0.999008179 0.014280050 0.042175632 1.851392865 -0.014243412 0.999897897 -0.001169044 -2.418505669 -0.042188022 0.000567160 0.999109447 85.568595886
0.998641253 0.014141145 0.050157111 1.899736404 -0.014089274 0.999899805 -0.001387624 -2.435903072 -0.050171707 0.000679061 0.998740375 86.109703064
0.998203516 0.013597476 0.058350161 1.952296257 -0.013495005 0.999906600 -0.002149911 -2.447248459 -0.058373943 0.001358613 0.998293996 86.672348022
0.997753382 0.013582733 0.065602951 1.998940945 -0.013480525 0.999907136 -0.002000436 -2.464820385 -0.065624036 0.001111580 0.997843742 87.231605530
0.997103930 0.013505946 0.074843682 2.055930138 -0.013392830 0.999908268 -0.002013105 -2.483191490 -0.074864015 0.001004906 0.997193217 87.771133423
0.996308327 0.013261111 0.084816962 2.124077797 -0.013094703 0.999911070 -0.002518004 -2.501382589 -0.084842794 0.001398055 0.996393383 88.322334290
0.995528698 0.013246734 0.093526006 2.191990376 -0.013054298 0.999911249 -0.002669086 -2.514159441 -0.093553066 0.001436236 0.995613277 88.871101379
0.994887054 0.011990898 0.100279078 2.271717072 -0.011716675 0.999925792 -0.003323148 -2.527887344 -0.100311488 0.002131220 0.994953752 89.427474976
0.993754685 0.012339140 0.110902697 2.350093365 -0.012014146 0.999921381 -0.003598294 -2.544024706 -0.110938378 0.002243421 0.993824780 89.976791382
0.992529154 0.012033634 0.121414028 2.439612389 -0.011692476 0.999925435 -0.003521961 -2.565449953 -0.121447355 0.002076018 0.992595732 90.515502930
0.991355240 0.011558621 0.130694970 2.536045074 -0.011147562 0.999930322 -0.003876321 -2.581744432 -0.130730644 0.002385879 0.991415024 91.084877014
0.989757180 0.011870859 0.142266557 2.639171600 -0.011476285 0.999927700 -0.003593688 -2.602071285 -0.142298877 0.001924188 0.989821792 91.646614075
0.987830043 0.011920797 0.155079752 2.745340347 -0.011445771 0.999926686 -0.003955705 -2.621711254 -0.155115515 0.002132557 0.987894058 92.209251404
0.986166954 0.011282900 0.165370703 2.864248276 -0.010691295 0.999932826 -0.004467174 -2.633855343 -0.165409997 0.002637351 0.986221373 92.763229370
0.984244645 0.011223657 0.176454902 2.982650757 -0.010700977 0.999935091 -0.003913452 -2.661583900 -0.176487401 0.001963555 0.984300852 93.349723816
0.981912315 0.011022224 0.189015076 3.090286255 -0.010411839 0.999936879 -0.004221962 -2.666497707 -0.189049661 0.002177601 0.981965065 93.830703735
0.979341984 0.010727331 0.201925978 3.255808830 -0.010069171 0.999940097 -0.004286360 -2.701617479 -0.201959848 0.002164586 0.979391396 94.519462585
0.977151811 0.010373485 0.212289140 3.391351700 -0.009659858 0.999943674 -0.004398494 -2.718050480 -0.212322801 0.002247314 0.977196991 95.087417603
0.974255264 0.010205563 0.225216657 3.549123764 -0.009456807 0.999945581 -0.004403158 -2.743270397 -0.225249395 0.002159968 0.974298716 95.646820068
0.971226394 0.009692426 0.237960994 3.703842163 -0.008853878 0.999950290 -0.004592450 -2.758302450 -0.237993702 0.002353430 0.971263885 96.178207397
0.968300164 0.009311476 0.249615788 3.878883362 -0.008368758 0.999953270 -0.004837715 -2.781915188 -0.249649167 0.002595387 0.968332887 96.780952454
0.965355814 0.008992353 0.260782063 4.050449371 -0.007973249 0.999955833 -0.004965583 -2.804711342 -0.260815203 0.002714274 0.965384901 97.348464966
0.961637020 0.009087237 0.274174303 4.235506058 -0.008148977 0.999956369 -0.004560901 -2.825145960 -0.274203807 0.002151691 0.961669207 97.903503418
0.957890213 0.008594992 0.287005991 4.412061691 -0.007493553 0.999959707 -0.004935945 -2.848324060 -0.287036836 0.002577399 0.957916081 98.437927246
0.954328120 0.008315776 0.298644692 4.599449158 -0.007196496 0.999962270 -0.004847381 -2.868839264 -0.298673809 0.002476798 0.954351962 98.980964661
0.949778795 0.008702337 0.312800974 4.793909073 -0.007592232 0.999959826 -0.004766759 -2.885394096 -0.312829942 0.002152509 0.949806750 99.521003723
0.945114732 0.007660865 0.326648682 5.007036209 -0.006388822 0.999967217 -0.004966938 -2.906852007 -0.326676011 0.002607425 0.945132792 100.065856934
0.941140294 0.007120858 0.337941080 5.219381332 -0.005757429 0.999970734 -0.005036683 -2.922091484 -0.337967008 0.002794553 0.941153824 100.583137512
0.936308563 0.006029556 0.351126730 5.448192596 -0.004441421 0.999975920 -0.005328186 -2.938292027 -0.351150393 0.003429324 0.936312795 101.163505554
0.931165099 0.005892395 0.364550143 5.668443680 -0.003984455 0.999974132 -0.005985613 -2.946725368 -0.364576012 0.004121059 0.931164503 101.634712219
0.926078379 0.004671589 0.377302229 5.902883530 -0.002788772 0.999980807 -0.005536351 -2.979274988 -0.377320856 0.004074884 0.926073611 102.164344788
0.921446323 0.005813952 0.388462096 6.135917664 -0.004240157 0.999978960 -0.004908465 -2.984521627 -0.388482481 0.002875747 0.921451628 102.596687317
0.915146232 0.004100786 0.403101146 6.372642517 -0.002110950 0.999983430 -0.005380505 -3.020330906 -0.403116465 0.004073022 0.915139556 103.151504517
0.909230947 0.003864500 0.416273952 6.628047943 -0.001712351 0.999983132 -0.005543256 -3.038999319 -0.416288376 0.004327294 0.909222364 103.652320862
0.904124200 0.003753997 0.427253067 6.875152588 -0.001593188 0.999984086 -0.005414819 -3.061088800 -0.427266538 0.004214974 0.904115856 104.124084473
0.898148417 0.003371317 0.439679533 7.149074554 -0.000945101 0.999983072 -0.005736947 -3.075303555 -0.439691454 0.004737088 0.898136377 104.652008057
0.891646385 0.003081037 0.452722102 7.415943146 -0.000688656 0.999984920 -0.005449153 -3.093324423 -0.452732086 0.004546947 0.891635060 105.123306274
0.885405540 0.002645584 0.464811832 7.700450897 0.000167154 0.999981940 -0.006010033 -3.113555193 -0.464819282 0.005399012 0.885389090 105.620811462
0.879620612 0.001930157 0.475671947 7.986331940 0.000950328 0.999982715 -0.005815039 -3.132831097 -0.475674957 0.005567072 0.879603565 106.092849731
0.871937335 0.001839515 0.489614099 8.270542145 0.000869984 0.999985516 -0.005306341 -3.159494400 -0.489616722 0.005052754 0.871923089 106.568542480
