1.000000000 0.000000000 0.000000000 0.000000000 0.000000000 1.000000000 0.000000000 0.000000000 0.000000000 0.000000000 1.000000000 0.000000000
1.000000000 0.000054479 0.000034628 -0.000370987 -0.000054484 1.000000000 0.000138021 -0.000368082 -0.000034621 -0.000138023 1.000000000 0.000100476
1.000000000 -0.000002149 0.000074041 -0.000899432 0.000002148 1.000000000 0.000009526 0.000515886 -0.000074041 -0.000009526 1.000000000 0.000013966
1.000000000 0.000005140 -0.000010416 -0.000144465 -0.000005140 1.000000000 0.000056069 -0.000750140 0.000010416 -0.000056069 1.000000000 -0.000316069
1.000000000 0.000085518 0.000158794 -0.001233018 -0.000085531 1.000000000 0.000080029 -0.000366701 -0.000158787 -0.000080043 1.000000000 0.000332474
1.000000000 -0.000160014 -0.000030401 0.000069433 0.000160015 1.000000000 0.000020140 -0.000196655 0.000030398 -0.000020145 1.000000000 -0.000065165
1.000000000 0.000006574 0.000086320 -0.001258018 -0.000006584 1.000000000 0.000118665 -0.000979357 -0.000086319 -0.000118666 1.000000000 -0.000940473
1.000000000 0.000047998 0.000034772 -0.000689185 -0.000047998 1.000000000 -0.000007093 -0.000298871 -0.000034772 0.000007091 1.000000000 -0.000514025
1.000000000 0.000036952 0.000162130 -0.001313177 -0.000036961 1.000000000 0.000052304 -0.001233575 -0.000162128 -0.000052310 1.000000000 -0.000363605
1.000000000 0.000091772 0.000189657 -0.002010579 -0.000091805 1.000000000 0.000172820 -0.001102088 -0.000189641 -0.000172838 0.999999940 0.000611234
1.000000000 0.000097573 0.000165237 -0.001296023 -0.000097589 1.000000000 0.000102260 -0.000784868 -0.000165227 -0.000102276 1.000000000 -0.000190771
1.000000000 0.000109427 0.000147485 -0.001245082 -0.000109438 1.000000000 0.000074504 -0.001344713 -0.000147477 -0.000074520 1.000000000 -0.000306255
1.000000000 0.000063119 0.000103265 -0.000895165 -0.000063123 1.000000000 0.000043557 -0.000132733 -0.000103262 -0.000043564 1.000000000 0.000234104
1.000000000 0.000134913 0.000138726 -0.001813079 -0.000134904 1.000000000 -0.000063032 0.000540167 -0.000138735 0.000063014 1.000000000 -0.000158775
1.000000000 0.000118189 0.000080049 -0.000487135 -0.000118190 1.000000000 0.000001798 0.001101747 -0.000080049 -0.000001807 1.000000000 0.001184052
0.999999940 0.000199543 0.000172481 -0.001456664 -0.000199541 1.000000000 -0.000016482 0.000721660 -0.000172485 0.000016448 1.000000000 0.001582261
0.999999940 0.000307341 0.000165571 -0.001899811 -0.000307346 0.999999940 0.000026519 0.000300235 -0.000165563 -0.000026569 1.000000000 0.001780908
0.999999940 0.000214281 0.000246771 -0.001946106 -0.000214283 1.000000000 0.000008321 0.001393975 -0.000246769 -0.000008374 0.999999940 0.002699890
0.999999940 0.000243960 0.000265532 -0.002097496 -0.000243939 0.999999940 -0.000080800 0.001394557 -0.000265552 0.000080736 0.999999940 0.001494286
0.999999940 0.000262229 0.000277288 -0.002735991 -0.000262236 0.999999940 0.000025420 0.000648950 -0.000277281 -0.000025493 0.999999940 0.002514854
0.999999940 0.000252677 0.000195065 -0.002236411 -0.000252668 0.999999940 -0.000047650 0.001742187 -0.000195077 0.000047600 1.000000000 0.002432862
0.999999940 0.000316539 0.000187272 -0.002094691 -0.000316531 0.999999940 -0.000041867 0.001598686 -0.000187285 0.000041808 1.000000000 0.002988669
0.999999940 0.000243396 0.000201526 -0.002548608 -0.000243397 1.000000000 0.000004308 0.001180965 -0.000201525 -0.000004357 1.000000000 0.002228538
0.999999881 0.000389632 0.000194437 -0.002788877 -0.000389632 0.999999940 0.000001381 0.001648312 -0.000194436 -0.000001457 1.000000000 0.003293060
0.999999940 0.000326808 0.000242885 -0.002261552 -0.000326814 0.999999940 0.000025736 0.000976746 -0.000242877 -0.000025816 0.999999940 0.002440067
0.999999940 0.000306158 0.000261560 -0.002745181 -0.000306142 0.999999940 -0.000061230 0.002806229 -0.000261578 0.000061150 0.999999940 0.003724106
0.999999881 0.000381205 0.000258413 -0.002689184 -0.000381222 0.999999940 0.000066463 0.001054482 -0.000258387 -0.000066562 0.999999940 0.002843737
0.999999940 0.000302347 0.000144568 -0.002171744 -0.000302340 0.999999940 -0.000045057 0.001800497 -0.000144582 0.000045013 1.000000000 0.001892840
0.999999940 0.000358522 0.000185544 -0.002338576 -0.000358496 0.999999940 -0.000137244 0.003187577 -0.000185593 0.000137178 1.000000000 0.002862142
0.999999881 0.000394601 0.000260845 -0.001903028 -0.000394579 0.999999940 -0.000083369 0.001691529 -0.000260878 0.000083266 0.999999940 0.002678881
0.999999881 0.000320540 0.000356579 -0.002980469 -0.000320521 0.999999940 -0.000051818 0.002443408 -0.000356595 0.000051703 0.999999940 0.002819272
0.999999881 0.000393679 0.000226443 -0.002121057 -0.000393664 0.999999940 -0.000068568 0.002172874 -0.000226470 0.000068479 1.000000000 0.002917021
0.999999881 0.000385857 0.000208505 -0.001734640 -0.000385866 0.999999940 0.000042417 0.000078372 -0.000208489 -0.000042497 1.000000000 0.001536210
0.999999821 0.000484010 0.000330064 -0.003532904 -0.000484016 0.999999881 0.000017410 0.000736919 -0.000330056 -0.000017570 0.999999940 0.002601958
0.999999881 0.000444480 0.000265862 -0.002311645 -0.000444453 0.999999881 -0.000102285 0.001741682 -0.000265907 0.000102167 0.999999940 0.002699287
0.999999881 0.000362905 0.000275186 -0.003452475 -0.000362892 0.999999940 -0.000048398 0.001556629 -0.000275203 0.000048298 0.999999940 0.002721429
0.999999881 0.000436109 0.000250774 -0.003023302 -0.000436087 0.999999881 -0.000085388 0.002891553 -0.000250812 0.000085279 0.999999940 0.003454551
0.999999821 0.000468676 0.000325587 -0.003004543 -0.000468664 0.999999881 -0.000034365 0.002029086 -0.000325603 0.000034213 0.999999940 0.002931637
0.999999881 0.000439325 0.000245933 -0.001622655 -0.000439324 0.999999881 -0.000005114 0.001742185 -0.000245935 0.000005006 0.999999940 0.001493771
0.999999940 0.000260416 0.000222631 -0.001230798 -0.000260395 0.999999940 -0.000097047 0.001088244 -0.000222656 0.000096989 1.000000000 0.001777654
0.999999821 0.000339266 0.000310530 -0.000614361 -0.000339111 0.999999821 -0.000500562 -0.003104621 -0.000310700 0.000500456 0.999999821 0.048137061
0.999999881 0.000376458 0.000278707 0.000845150 -0.000376172 0.999999523 -0.001026344 -0.004783294 -0.000279094 0.001026239 0.999999464 0.139335975
0.999999464 0.000923406 -0.000211780 0.002970842 -0.000923518 0.999999404 -0.000532530 -0.015439659 0.000211289 0.000532725 0.999999762 0.250006974
0.999999464 0.000959527 -0.000111054 0.005762685 -0.000959582 0.999999285 -0.000495429 -0.017954787 0.000110579 0.000495535 0.999999881 0.382551759
0.999999881 0.000359511 0.000350598 0.007518068 -0.000359406 0.999999881 -0.000299665 -0.021679310 -0.000350705 0.000299539 0.999999881 0.521701396
0.999999940 0.000221040 0.000381402 0.010411878 -0.000220974 1.000000000 -0.000173430 -0.026350180 -0.000381441 0.000173346 0.999999881 0.672101200
1.000000000 -0.000219883 0.000042659 0.019614866 0.000219882 1.000000000 0.000018546 -0.029914113 -0.000042663 -0.000018536 1.000000000 0.839274108
1.000000000 -0.000314077 0.000036572 0.019892709 0.000314072 1.000000000 0.000134957 -0.034782644 -0.000036614 -0.000134946 0.999999940 1.008253336
1.000000000 -0.000201483 -0.000058291 0.024559777 0.000201482 1.000000000 -0.000011872 -0.035750393 0.000058293 0.000011860 1.000000000 1.184473753
0.999999762 0.000584491 0.000331700 0.022664543 -0.000584591 0.999999762 0.000298830 -0.046218242 -0.000331525 -0.000299024 0.999999881 1.363005519
0.999999702 0.000846266 0.000035417 0.028417086 -0.000846274 0.999999523 0.000222770 -0.047827110 -0.000035229 -0.000222799 0.999999940 1.557609081
0.999999642 0.000735004 0.000371653 0.024000345 -0.000735270 0.999999464 0.000715038 -0.060614653 -0.000371127 -0.000715311 0.999999702 1.751143336
0.999999702 0.000505227 0.000417246 0.030411053 -0.000505539 0.999999523 0.000748115 -0.058707576 -0.000416868 -0.000748326 0.999999642 1.952213287
0.999999940 0.000026418 0.000345837 0.038175356 -0.000026666 0.999999762 0.000714717 -0.067831770 -0.000345818 -0.000714726 0.999999702 2.157306671
0.999999702 0.000507936 0.000510721 0.039579775 -0.000508411 0.999999404 0.000929084 -0.074984506 -0.000510249 -0.000929343 0.999999464 2.373688698
0.999999642 0.000556188 0.000663119 0.045564067 -0.000556662 0.999999583 0.000714910 -0.077165939 -0.000662721 -0.000715279 0.999999523 2.598962545
0.999999642 0.000372717 0.000885151 0.051224869 -0.000373659 0.999999404 0.001063376 -0.086507782 -0.000884754 -0.001063706 0.999998987 2.824263573
0.999999881 0.000314256 0.000408452 0.056532331 -0.000314717 0.999999285 0.001130039 -0.095577620 -0.000408096 -0.001130168 0.999999285 3.056776524
0.999999583 0.000703093 0.000595776 0.057923999 -0.000703695 0.999999225 0.001010975 -0.102177098 -0.000595064 -0.001011394 0.999999285 3.296216011
0.999999642 0.000146014 0.000764320 0.059615053 -0.000146860 0.999999344 0.001107355 -0.107311949 -0.000764157 -0.001107466 0.999999106 3.546130180
0.999999762 0.000240378 0.000707908 0.063293405 -0.000241166 0.999999404 0.001113137 -0.113139115 -0.000707640 -0.001113307 0.999999106 3.799656391
0.999999285 0.000548590 0.001046009 0.068469509 -0.000549881 0.999999106 0.001233716 -0.121187501 -0.001045331 -0.001234291 0.999998629 4.053085327
0.999999106 0.000660967 0.001185948 0.076668315 -0.000662327 0.999999106 0.001147072 -0.124315739 -0.001185189 -0.001147856 0.999998569 4.310261250
0.999999344 0.000635533 0.000904672 0.081717707 -0.000636840 0.999998748 0.001444719 -0.135055110 -0.000903752 -0.001445294 0.999998510 4.568974018
0.999999046 0.001149575 0.000748740 0.087323613 -0.001150506 0.999998569 0.001244528 -0.138839394 -0.000747308 -0.001245388 0.999998927 4.820182800
0.999998927 0.001286027 0.000617622 0.094461396 -0.001286896 0.999998152 0.001408262 -0.145878047 -0.000615810 -0.001409056 0.999998748 5.079842567
0.999999285 0.000867343 0.000771058 0.095467187 -0.000868198 0.999998927 0.001108646 -0.150943756 -0.000770096 -0.001109315 0.999999046 5.344086170
0.999998271 0.001448359 0.001094421 0.097661234 -0.001449706 0.999998212 0.001231036 -0.162175715 -0.001092636 -0.001232621 0.999998629 5.593337059
0.999998510 0.001179337 0.001220732 0.095603392 -0.001181061 0.999998271 0.001412737 -0.167235091 -0.001219063 -0.001414177 0.999998271 5.860141754
0.999998391 0.001151924 0.001370179 0.099080354 -0.001154104 0.999998093 0.001591582 -0.177924484 -0.001368343 -0.001593161 0.999997795 6.140095711
0.999998987 0.000498995 0.001323354 0.115355350 -0.000501049 0.999998689 0.001552111 -0.184611663 -0.001322577 -0.001552773 0.999997854 6.411303520
0.999998987 0.001077180 0.001030830 0.121604837 -0.001078426 0.999998689 0.001209130 -0.189480424 -0.001029526 -0.001210240 0.999998748 6.711686611
0.999998569 0.001289199 0.001073907 0.123271771 -0.001290703 0.999998152 0.001401049 -0.198717192 -0.001072099 -0.001402433 0.999998450 6.996516228
0.999999285 0.000582081 0.000984640 0.130755112 -0.000583914 0.999998093 0.001862861 -0.218400121 -0.000983554 -0.001863435 0.999997795 7.293844700
0.999999285 0.000605496 0.000990252 0.134246007 -0.000607228 0.999998331 0.001749617 -0.227258667 -0.000989190 -0.001750217 0.999997973 7.598684788
0.999998868 0.000942001 0.001113179 0.142226204 -0.000943812 0.999998212 0.001627215 -0.231715530 -0.001111645 -0.001628264 0.999997973 7.919783592
0.999998689 0.000999829 0.001266575 0.143425852 -0.001001710 0.999998391 0.001485010 -0.239206925 -0.001265088 -0.001486277 0.999998033 8.223817825
0.999998808 0.001193936 0.001112383 0.154184714 -0.001195987 0.999997556 0.001844918 -0.256279200 -0.001110177 -0.001846246 0.999997616 8.555336952
0.999998033 0.001299129 0.001497337 0.153978705 -0.001301294 0.999998212 0.001446302 -0.260559887 -0.001495455 -0.001448248 0.999997854 8.896232605
0.999998391 0.001160172 0.001377876 0.160388455 -0.001162362 0.999998093 0.001590121 -0.271336496 -0.001376029 -0.001591720 0.999997854 9.239420891
0.999998331 0.001335961 0.001268531 0.165918276 -0.001338435 0.999997199 0.001951721 -0.290635854 -0.001265920 -0.001953415 0.999997318 9.568193436
0.999998987 0.001054227 0.000970952 0.182600290 -0.001056064 0.999997675 0.001892851 -0.297737002 -0.000968954 -0.001893874 0.999997735 9.897798538
0.999997497 0.001734184 0.001401224 0.182942718 -0.001737036 0.999996424 0.002036436 -0.310806692 -0.001397688 -0.002038865 0.999996960 10.296421051
0.999998152 0.001504533 0.001121576 0.196159720 -0.001506953 0.999996543 0.002160057 -0.318092883 -0.001118322 -0.002161744 0.999997020 10.649548531
0.999998391 0.001322746 0.001150656 0.202492028 -0.001324757 0.999997616 0.001748219 -0.322834730 -0.001148341 -0.001749741 0.999997795 11.018735886
0.999998510 0.001390517 0.000939838 0.208570406 -0.001392813 0.999996006 0.002446809 -0.339960754 -0.000936432 -0.002448114 0.999996543 11.383726120
0.999998510 0.001489312 0.000873800 0.222077683 -0.001491212 0.999996543 0.002178088 -0.345550448 -0.000870553 -0.002179388 0.999997258 11.762294769
0.999998510 0.001323450 0.001025780 0.226433247 -0.001325936 0.999996126 0.002426227 -0.361309141 -0.001022565 -0.002427584 0.999996543 12.139095306
0.999998927 0.001000121 0.000997369 0.238852978 -0.001002845 0.999995708 0.002735073 -0.375920624 -0.000994629 -0.002736070 0.999995828 12.526027679
0.999997675 0.001578711 0.001455593 0.234994456 -0.001582869 0.999994636 0.002859943 -0.386666030 -0.001451070 -0.002862240 0.999994874 12.938256264
0.999997556 0.001429190 0.001703518 0.245100304 -0.001433474 0.999995828 0.002516439 -0.397019982 -0.001699914 -0.002518875 0.999995410 13.339248657
0.999996603 0.001285040 0.002252909 0.248054966 -0.001291507 0.999994993 0.002871231 -0.414488494 -0.002249208 -0.002874131 0.999993324 13.734786034
0.999995708 0.001560747 0.002482946 0.254416376 -0.001568639 0.999993682 0.003179934 -0.428328276 -0.002477967 -0.003183815 0.999991834 14.146395683
0.999994755 0.002181155 0.002393289 0.271107078 -0.002188426 0.999992967 0.003039827 -0.433591247 -0.002386642 -0.003045048 0.999992430 14.560832024
0.999994934 0.001997905 0.002463593 0.276974678 -0.002004613 0.999994338 0.002723397 -0.442551911 -0.002458138 -0.002728321 0.999993205 14.993761063
0.999994636 0.002019203 0.002616705 0.290942967 -0.002027379 0.999993086 0.003125535 -0.463989705 -0.002610376 -0.003130823 0.999991715 15.414142609
0.999993980 0.001797589 0.002989697 0.297636598 -0.001807153 0.999993324 0.003199487 -0.475069642 -0.002983925 -0.003204871 0.999990523 15.856749535
0.999990225 0.002207028 0.003834034 0.298501194 -0.002219955 0.999991775 0.003370606 -0.494665205 -0.003826564 -0.003379084 0.999986887 16.295854568
0.999988973 0.002271203 0.004123918 0.307930857 -0.002283593 0.999992907 0.003002324 -0.506879032 -0.004117070 -0.003011708 0.999986947 16.736322403
0.999989450 0.002199556 0.004031082 0.330057204 -0.002214068 0.999991000 0.003599165 -0.526887059 -0.004023130 -0.003608051 0.999985397 17.183567047
0.999990761 0.001966602 0.003822013 0.343934387 -0.001980577 0.999991417 0.003656221 -0.536375582 -0.003814789 -0.003663757 0.999986053 17.647623062
0.999987125 0.002090154 0.004616849 0.356507093 -0.002107460 0.999990702 0.003746715 -0.552777350 -0.004608976 -0.003756397 0.999982297 18.121427536
0.999989510 0.001569840 0.004294629 0.369677842 -0.001585822 0.999991775 0.003720390 -0.559097350 -0.004288753 -0.003727162 0.999983847 18.582658768
0.999984622 0.001925226 0.005204745 0.374426603 -0.001948523 0.999988079 0.004474807 -0.595526755 -0.005196069 -0.004484880 0.999976456 19.040904999
0.999987125 0.001749939 0.004764340 0.392999291 -0.001769565 0.999989927 0.004118390 -0.603000402 -0.004757084 -0.004126768 0.999980152 19.512090683
0.999988198 0.001776463 0.004530831 0.401670605 -0.001797806 0.999987245 0.004710653 -0.617489338 -0.004522404 -0.004718742 0.999978662 20.000659943
0.999984205 0.002056654 0.005223440 0.406371802 -0.002080555 0.999987304 0.004574466 -0.634716749 -0.005213967 -0.004585261 0.999975860 20.476413727
0.999987662 0.002651779 0.004202876 0.420703173 -0.002673584 0.999982953 0.005191011 -0.650423884 -0.004189039 -0.005202183 0.999977708 20.967603683
0.999986768 0.002160813 0.004656238 0.424678802 -0.002179919 0.999989152 0.004102072 -0.654633939 -0.004647323 -0.004112167 0.999980748 21.496889114
0.999989271 0.002226866 0.004070093 0.440154970 -0.002242909 0.999989688 0.003941262 -0.664471984 -0.004061275 -0.003950348 0.999983966 22.012718201
0.999991596 0.001703031 0.003732773 0.455714911 -0.001719182 0.999989152 0.004327819 -0.681161642 -0.003725362 -0.004334201 0.999983609 22.510814667
0.999993622 0.001716267 0.003128548 0.463897109 -0.001729292 0.999989748 0.004165716 -0.693406582 -0.003121366 -0.004171099 0.999986410 23.022939682
0.999995649 0.001517906 0.002525077 0.471834004 -0.001529084 0.999988973 0.004430726 -0.710796952 -0.002518323 -0.004434567 0.999987006 23.539396286
0.999996483 0.000975642 0.002483168 0.476769745 -0.000985464 0.999991655 0.003957361 -0.724386871 -0.002479286 -0.003959793 0.999989092 24.067602158
0.999997139 0.001160666 0.002049385 0.481679142 -0.001168194 0.999992490 0.003675796 -0.733284533 -0.002045103 -0.003678180 0.999991119 24.592418671
0.999998927 0.000934212 0.001093452 0.494543195 -0.000938545 0.999991655 0.003968928 -0.747142315 -0.001089735 -0.003969950 0.999991477 25.142387390
0.999998391 0.001623895 0.000685299 0.496953875 -0.001626662 0.999990463 0.004055255 -0.762555003 -0.000678707 -0.004056363 0.999991477 25.688652039
0.999998689 0.001509810 0.000560717 0.507646561 -0.001512054 0.999990761 0.004021841 -0.780421793 -0.000554639 -0.004022683 0.999991775 26.242130280
0.999999285 0.001198932 0.000092265 0.522279441 -0.001199328 0.999989510 0.004411238 -0.790433586 -0.000086975 -0.004411345 0.999990225 26.794141769
0.999998510 0.001693406 -0.000233708 0.532424808 -0.001692327 0.999988258 0.004544338 -0.809301257 0.000241401 -0.004543936 0.999989629 27.338947296
0.999998271 0.001846363 -0.000190293 0.537945271 -0.001845541 0.999989331 0.004233186 -0.820927799 0.000198107 -0.004232827 0.999991000 27.887578964
0.999997556 0.002113458 -0.000553692 0.549809813 -0.002110927 0.999987483 0.004532273 -0.834740937 0.000563263 -0.004531093 0.999989569 28.437707901
0.999997556 0.002051549 -0.000848817 0.562890947 -0.002047922 0.999988854 0.004252820 -0.845647752 0.000857533 -0.004251071 0.999990582 28.991073608
0.999997199 0.001995386 -0.001223676 0.569768369 -0.001989892 0.999988019 0.004474962 -0.858303547 0.001232591 -0.004472515 0.999989212 29.533000946
0.999994576 0.002863657 -0.001618031 0.581828952 -0.002856587 0.999986410 0.004355243 -0.868150830 0.001630481 -0.004350598 0.999989212 30.089618683
0.999996126 0.001875056 -0.002026972 0.589802146 -0.001865888 0.999988079 0.004515685 -0.883192956 0.002035415 -0.004511886 0.999987721 30.612159729
0.999995708 0.002093646 -0.002048113 0.600995243 -0.002083688 0.999986053 0.004852548 -0.900328517 0.002058244 -0.004848260 0.999986112 31.158151627
0.999992847 0.003119466 -0.002118372 0.604166269 -0.003109571 0.999984324 0.004658211 -0.908964932 0.002132869 -0.004651590 0.999986887 31.711439133
0.999994278 0.002263369 -0.002512051 0.617843688 -0.002251871 0.999987006 0.004570212 -0.926185369 0.002522363 -0.004564529 0.999986410 32.262760162
0.999992728 0.002440169 -0.002942764 0.617587447 -0.002426835 0.999986708 0.004526429 -0.937248409 0.002953771 -0.004519255 0.999985456 32.808036804
0.999993742 0.001720236 -0.003098213 0.628677666 -0.001705123 0.999986589 0.004874143 -0.957335949 0.003106556 -0.004868830 0.999983251 33.349498749
0.999993861 0.001898001 -0.002926380 0.636764467 -0.001883069 0.999985218 0.005097205 -0.972157955 0.002936012 -0.005091663 0.999982715 33.880867004
0.999992549 0.001595120 -0.003518106 0.644479811 -0.001577334 0.999985993 0.005052771 -0.984197617 0.003526116 -0.005047183 0.999981046 34.423164368
0.999992251 0.001539872 -0.003619222 0.659079731 -0.001521815 0.999986410 0.004986761 -1.000000238 0.003626852 -0.004981215 0.999981046 34.951072693
0.999992430 0.001531539 -0.003548229 0.667641521 -0.001515128 0.999988139 0.004623277 -1.008628726 0.003555268 -0.004617867 0.999983072 35.497966766
0.999990106 0.002010741 -0.003969355 0.671098292 -0.001991833 0.999986649 0.004761627 -1.027447939 0.003978877 -0.004753673 0.999980807 36.068515778
0.999988377 0.001475801 -0.004589968 0.682580709 -0.001452807 0.999986410 0.005008965 -1.043987751 0.004597298 -0.005002239 0.999976933 36.612670898
0.999990582 0.001960802 -0.003873955 0.695635259 -0.001942060 0.999986410 0.004835897 -1.055249095 0.003883385 -0.004828329 0.999980748 37.182743073
0.999988079 0.001963190 -0.004480797 0.710947394 -0.001942295 0.999987245 0.004662863 -1.065160394 0.004489894 -0.004654103 0.999979138 37.733383179
0.999989331 0.002001638 -0.004180677 0.713833392 -0.001982644 0.999987721 0.004542561 -1.076998591 0.004189719 -0.004534224 0.999980927 38.289443970
0.999989748 0.001986993 -0.004096847 0.721464992 -0.001968666 0.999988079 0.004472642 -1.096799493 0.004105686 -0.004464530 0.999981582 38.861473083
0.999989808 0.001578605 -0.004214898 0.732298255 -0.001558840 0.999987781 0.004688388 -1.112311125 0.004222246 -0.004681770 0.999980092 39.401363373
0.999990225 0.001622977 -0.004114444 0.740383446 -0.001602836 0.999986708 0.004893676 -1.127069950 0.004122332 -0.004887034 0.999979556 39.953117371
0.999988854 0.001450188 -0.004497313 0.758469820 -0.001428313 0.999987125 0.004863807 -1.145716667 0.004504308 -0.004857328 0.999978065 40.510128021
0.999989450 0.002255781 -0.003997047 0.762228966 -0.002238238 0.999987841 0.004388008 -1.154314160 0.004006897 -0.004379014 0.999982476 41.059570312
0.999988317 0.001308382 -0.004655704 0.779801726 -0.001285389 0.999986947 0.004938133 -1.174700141 0.004662103 -0.004932090 0.999976993 41.616836548
0.999987483 0.001856513 -0.004653315 0.788056731 -0.001834783 0.999987423 0.004669563 -1.185350060 0.004661925 -0.004660967 0.999978244 42.167900085
0.999989390 0.001230197 -0.004450769 0.794718862 -0.001206519 0.999985099 0.005318684 -1.204071999 0.004457246 -0.005313258 0.999975920 42.699954987
0.999986172 0.001237577 -0.005100648 0.826389551 -0.001211542 0.999986172 0.005104292 -1.217912316 0.005106895 -0.005098043 0.999973953 43.331726074
0.999986887 0.001485291 -0.004904633 0.837961435 -0.001461365 0.999986947 0.004878456 -1.230208755 0.004911816 -0.004871225 0.999976099 43.881015778
0.999986529 0.001559458 -0.004948094 0.847435594 -0.001535197 0.999986827 0.004903145 -1.240911603 0.004955675 -0.004895482 0.999975681 44.423748016
0.999985695 0.001373672 -0.005168470 0.856255889 -0.001348735 0.999987423 0.004825244 -1.254091859 0.005175033 -0.004818204 0.999975026 44.972164154
0.999986947 0.001238775 -0.004955140 0.862247467 -0.001214830 0.999987602 0.004832306 -1.267532706 0.004961065 -0.004826224 0.999975979 45.526153564
0.999987006 0.001503773 -0.004852638 0.872821987 -0.001482396 0.999989212 0.004405825 -1.277729630 0.004859210 -0.004398576 0.999978483 46.071853638
0.999987960 0.001804894 -0.004549956 0.873330116 -0.001785267 0.999989092 0.004314156 -1.288823366 0.004557692 -0.004305981 0.999980330 46.616603851
0.999988258 0.002078083 -0.004370472 0.886444092 -0.002058556 0.999987900 0.004467830 -1.300270557 0.004379705 -0.004458780 0.999980450 47.161323547
0.999988258 0.002134482 -0.004344812 0.888084590 -0.002114589 0.999987304 0.004577965 -1.315989852 0.004354529 -0.004568723 0.999980092 47.717704773
0.999989808 0.001777528 -0.004148454 0.895269811 -0.001760112 0.999989629 0.004197987 -1.325616241 0.004155873 -0.004190643 0.999982536 48.274837494
0.999989033 0.001469184 -0.004427431 0.908672452 -0.001449711 0.999989212 0.004398196 -1.338126540 0.004433846 -0.004391731 0.999980509 48.819759369
0.999989510 0.001952698 -0.004168660 0.913954973 -0.001934910 0.999989033 0.004266506 -1.351905346 0.004176947 -0.004258395 0.999982238 49.366043091
0.999988496 0.002566950 -0.004037544 0.924603045 -0.002549347 0.999987245 0.004359073 -1.365285754 0.004048682 -0.004348731 0.999982297 49.908992767
0.999990582 0.002519400 -0.003510520 0.930543125 -0.002503810 0.999987006 0.004438335 -1.378398418 0.003521657 -0.004429504 0.999983966 50.444801331
0.999990940 0.002119194 -0.003670196 0.939502120 -0.002102765 0.999987781 0.004474475 -1.395857573 0.003679635 -0.004466717 0.999983251 50.967910767
0.999990523 0.002490154 -0.003575297 0.952605963 -0.002473474 0.999986053 0.004662195 -1.409198761 0.003586858 -0.004653307 0.999982715 51.509731293
0.999989390 0.002925257 -0.003565429 0.956170082 -0.002909058 0.999985456 0.004539970 -1.419407129 0.003578659 -0.004529550 0.999983311 52.043300629
0.999990344 0.002966261 -0.003233446 0.963442743 -0.002952161 0.999986172 0.004356653 -1.433979988 0.003246326 -0.004347064 0.999985278 52.581390381
0.999990582 0.002673638 -0.003410189 0.972738326 -0.002659579 0.999987960 0.004120264 -1.444441080 0.003421165 -0.004111157 0.999985695 53.113788605
0.999989808 0.003267158 -0.003120999 0.977240980 -0.003254585 0.999986589 0.004025634 -1.458515167 0.003134110 -0.004015436 0.999987006 53.653442383
0.999989390 0.003505601 -0.002966836 0.982067287 -0.003495286 0.999987841 0.003474534 -1.470918536 0.002978980 -0.003464128 0.999989510 54.187908173
0.999989688 0.003480028 -0.002913899 0.988788724 -0.003469770 0.999987781 0.003518433 -1.486479878 0.002926109 -0.003508286 0.999989569 54.724121094
0.999989510 0.003223748 -0.003251306 1.000148535 -0.003211623 0.999987900 0.003727760 -1.500274420 0.003263284 -0.003717280 0.999987721 55.276889801
0.999988258 0.003486561 -0.003365012 1.012643933 -0.003475084 0.999988139 0.003410799 -1.511570573 0.003376865 -0.003399065 0.999988496 55.819023132
0.999987125 0.003698611 -0.003457388 1.019138813 -0.003684930 0.999985337 0.003955217 -1.525853992 0.003471967 -0.003942425 0.999986172 56.337333679
0.999987125 0.003889428 -0.003257613 1.030566931 -0.003876229 0.999984264 0.004048296 -1.540066361 0.003273306 -0.004035617 0.999986410 56.865417480
0.999985754 0.004213369 -0.003253401 1.036989927 -0.004199465 0.999981999 0.004268892 -1.550801277 0.003271328 -0.004255167 0.999985576 57.395709991
0.999985099 0.004327891 -0.003335916 1.044015646 -0.004314585 0.999982774 0.003985794 -1.561809063 0.003353109 -0.003971342 0.999986470 57.917152405
0.999985158 0.004351063 -0.003268312 1.050968647 -0.004337758 0.999982297 0.004066936 -1.573291540 0.003285950 -0.004052698 0.999986410 58.447734833
0.999984801 0.004463702 -0.003239874 1.056553006 -0.004450507 0.999981821 0.004068615 -1.585783839 0.003257976 -0.004054134 0.999986470 58.967842102
0.999986112 0.004359584 -0.002952297 1.064269185 -0.004347666 0.999982417 0.004031172 -1.602823377 0.002969820 -0.004018281 0.999987543 59.497127533
0.999985933 0.004362918 -0.003016426 1.071163416 -0.004351480 0.999983370 0.003787461 -1.613875151 0.003032899 -0.003774283 0.999988258 60.028171539
0.999984920 0.004533526 -0.003101892 1.079251409 -0.004521931 0.999982774 0.003735077 -1.621159911 0.003118772 -0.003720994 0.999988198 60.586994171
0.999984562 0.004930913 -0.002531715 1.087462664 -0.004921037 0.999980330 0.003891793 -1.639047623 0.002550855 -0.003879275 0.999989212 61.106685638
0.999985158 0.004934155 -0.002309520 1.097322345 -0.004924695 0.999979496 0.004083543 -1.651082516 0.002329622 -0.004072109 0.999988973 61.643306732
0.999984562 0.005026823 -0.002373917 1.103806138 -0.005017777 0.999980330 0.003802208 -1.664543986 0.002392983 -0.003790239 0.999989927 62.179584503
0.999983132 0.005353550 -0.002243949 1.113721132 -0.005345502 0.999979317 0.003576876 -1.678920269 0.002263051 -0.003564822 0.999991059 62.711357117
0.999981761 0.005573572 -0.002381150 1.123813987 -0.005565105 0.999978244 0.003547691 -1.688255310 0.002400872 -0.003534374 0.999990880 63.249378204
0.999982595 0.005446955 -0.002277058 1.132324934 -0.005439367 0.999979615 0.003325186 -1.703616381 0.002295124 -0.003312742 0.999991894 63.781715393
0.999982357 0.005425724 -0.002420767 1.144736528 -0.005417825 0.999980032 0.003257547 -1.714426994 0.002438393 -0.003244373 0.999991775 64.300971985
0.999981582 0.005671404 -0.002127659 1.147716880 -0.005664479 0.999978662 0.003247878 -1.725584388 0.002146033 -0.003235766 0.999992430 64.830444336
0.999984801 0.005053310 -0.002196728 1.163565516 -0.005046114 0.999981940 0.003268903 -1.739824414 0.002213207 -0.003257768 0.999992251 65.351867676
0.999983609 0.005383890 -0.001960703 1.169863343 -0.005377280 0.999979854 0.003361139 -1.754087090 0.001978761 -0.003350541 0.999992371 65.872970581
0.999981940 0.005725221 -0.001806959 1.170893312 -0.005719790 0.999979079 0.002998065 -1.764488578 0.001824085 -0.002987676 0.999993801 66.409576416
0.999980569 0.006056514 -0.001479627 1.180078506 -0.006052254 0.999977708 0.002867397 -1.782030344 0.001496961 -0.002858387 0.999994814 66.930290222
0.999981165 0.005901874 -0.001668885 1.192464948 -0.005896582 0.999977767 0.003158126 -1.796183348 0.001687487 -0.003148227 0.999993622 67.457527161
0.999983311 0.005564956 -0.001543122 1.200342536 -0.005560247 0.999979913 0.003038563 -1.811638832 0.001560000 -0.003029933 0.999994218 67.976325989
0.999979615 0.006141392 -0.001749259 1.207938313 -0.006136634 0.999977469 0.002712561 -1.824084044 0.001765878 -0.002701771 0.999994814 68.500236511
0.999976337 0.006626708 -0.001831778 1.213452816 -0.006621124 0.999973476 0.003037011 -1.840100408 0.001851854 -0.003024810 0.999993682 69.026649475
0.999976099 0.006663914 -0.001843665 1.223281026 -0.006658526 0.999973595 0.002914157 -1.855835915 0.001863037 -0.002901811 0.999993980 69.549911499
0.999976814 0.006655873 -0.001430180 1.229706645 -0.006651629 0.999973655 0.002951297 -1.871384859 0.001449785 -0.002941716 0.999994636 70.079826355
0.999980211 0.006139748 -0.001360306 1.241503000 -0.006135652 0.999976695 0.002993536 -1.889950275 0.001378654 -0.002985131 0.999994576 70.600700378
0.999978900 0.006340638 -0.001370744 1.249266744 -0.006336594 0.999975622 0.002935406 -1.905850410 0.001389322 -0.002926658 0.999994755 71.116775513
0.999982119 0.005834483 -0.001297815 1.259448647 -0.005830724 0.999978781 0.002880109 -1.919073462 0.001314592 -0.002872491 0.999994993 71.645545959
0.999975562 0.006886850 -0.001191668 1.263053417 -0.006884065 0.999973595 0.002325178 -1.930184245 0.001207650 -0.002316918 0.999996603 72.175048828
0.999977529 0.006565421 -0.001294598 1.274542093 -0.006562097 0.999975204 0.002557131 -1.947628260 0.001311354 -0.002548579 0.999995887 72.691406250
0.999975681 0.006793047 -0.001566098 1.282447338 -0.006788264 0.999972284 0.003039867 -1.965270281 0.001586705 -0.003029162 0.999994159 73.216491699
0.999974728 0.007023037 -0.001113543 1.289659739 -0.007019754 0.999971032 0.002925199 -1.981245637 0.001134054 -0.002917308 0.999995112 73.737236023
0.999972761 0.007288340 -0.001154713 1.298778534 -0.007284681 0.999968469 0.003143084 -1.992425323 0.001177584 -0.003134587 0.999994397 74.266082764
0.999970496 0.007630022 -0.000848162 1.305242538 -0.007627677 0.999967158 0.002732841 -2.006362677 0.000868985 -0.002726291 0.999995887 74.796340942
0.999968290 0.007918705 -0.000796264 1.315951705 -0.007916634 0.999965370 0.002571152 -2.022062063 0.000816596 -0.002564767 0.999996305 75.315963745
0.999966681 0.008148705 -0.000502598 1.321370482 -0.008147437 0.999963760 0.002473440 -2.033772469 0.000522735 -0.002469262 0.999996841 75.842636108
0.999967575 0.008047832 -0.000281913 1.332512259 -0.008047110 0.999964535 0.002474550 -2.049695969 0.000301818 -0.002472201 0.999996901 76.374267578
0.999964058 0.008479908 -0.000088945 1.341248512 -0.008479681 0.999961436 0.002287475 -2.063193321 0.000108340 -0.002286638 0.999997377 76.888153076
0.999966323 0.008198749 -0.000435277 1.348691583 -0.008197589 0.999962986 0.002603513 -2.076701164 0.000456606 -0.002599857 0.999996543 77.416275024
0.999969482 0.007806380 -0.000383824 1.360335827 -0.007805421 0.999966502 0.002437987 -2.093348980 0.000402843 -0.002434916 0.999996960 77.945182800
0.999970138 0.007720301 -0.000375639 1.374721289 -0.007719295 0.999966741 0.002607866 -2.106314898 0.000395760 -0.002604889 0.999996543 78.493225098
0.999965370 0.008325339 0.000058906 1.370156169 -0.008325469 0.999961674 0.002680690 -2.123938799 -0.000036585 -0.002681087 0.999996424 79.024673462
0.999968231 0.007959078 -0.000219626 1.386391163 -0.007958472 0.999964952 0.002634516 -2.142857313 0.000240587 -0.002632685 0.999996483 79.553863525
0.999964535 0.008367551 0.000863770 1.391334534 -0.008369640 0.999961972 0.002445300 -2.155097961 -0.000843276 -0.002452443 0.999996662 80.078804016
0.999959648 0.008646558 0.002420065 1.400234699 -0.008652425 0.999959588 0.002423448 -2.170728445 -0.002399012 -0.002444290 0.999994159 80.605384827
0.999960363 0.008257208 0.003333577 1.411017418 -0.008263214 0.999964178 0.001791656 -2.179775238 -0.003318664 -0.001819131 0.999992847 81.141975403
0.999955177 0.008388819 0.004387530 1.421012163 -0.008396835 0.999963105 0.001812073 -2.196920633 -0.004372167 -0.001848833 0.999988735 81.669509888
0.999932051 0.008681758 0.007781689 1.436488152 -0.008695127 0.999960780 0.001686069 -2.213316202 -0.007766745 -0.001753618 0.999968231 82.210266113
0.999887049 0.009023266 0.012018010 1.451719046 -0.009045254 0.999957621 0.001776538 -2.226958036 -0.012001470 -0.001885044 0.999926209 82.757820129
0.999838173 0.009434083 0.015312932 1.470770001 -0.009461071 0.999953747 0.001690803 -2.244951725 -0.015296275 -0.001835407 0.999881327 83.281829834
0.999781668 0.008636453 0.019027069 1.500608802 -0.008669880 0.999961019 0.001675036 -2.261831999 -0.019011861 -0.001839632 0.999817550 83.814895630
0.999656975 0.008540247 0.024755882 1.542890549 -0.008588030 0.999961436 0.001824553 -2.279352427 -0.024739346 -0.002036531 0.999691784 84.331314087
0.999453127 0.009401029 0.031701121 1.547609568 -0.009450997 0.999954343 0.001426718 -2.295607090 -0.031686258 -0.001725546 0.999496400 84.882003784
0.999217212 0.009934788 0.038292222 1.570237994 -0.010005829 0.999948502 0.001664049 -2.309837580 -0.038273722 -0.002045892 0.999265194 85.421798706
0.998850524 0.009929317 0.046893481 1.599099159 -0.009994993 0.999949396 0.001166204 -2.318208218 -0.046879523 -0.001633564 0.998899162 85.984230042
0.998390317 0.011264955 0.055587087 1.631928682 -0.011342362 0.999935091 0.001077230 -2.343859196 -0.055571344 -0.001705984 0.998453259 86.468963623
0.998010814 0.009689159 0.062295478 1.691662788 -0.009782624 0.999951422 0.001195540 -2.357691288 -0.062280867 -0.001802575 0.998057008 87.035522461
0.997406602 0.009847636 0.071295559 1.752488136 -0.009909557 0.999950707 0.000514870 -2.367247105 -0.071286984 -0.001220042 0.997455120 87.564208984
0.996612191 0.009730423 0.081665598 1.817984104 -0.009796460 0.999951899 0.000407997 -2.385348320 -0.081657685 -0.001206649 0.996659756 88.093620300
0.995869100 0.009917072 0.090257123 1.883777618 -0.010041268 0.999949157 0.000922038 -2.406575441 -0.090243392 -0.001824525 0.995918095 88.613380432
0.995061457 0.010083660 0.098746821 1.959827900 -0.010180754 0.999948084 0.000479405 -2.389855385 -0.098736867 -0.001482355 0.995112479 89.259063721
0.994168580 0.009634607 0.107405543 2.035903931 -0.009731112 0.999952495 0.000374427 -2.433718443 -0.107396841 -0.001417419 0.994215250 89.638359070
0.993022621 0.009492282 0.117541566 2.127617836 -0.009606820 0.999953747 0.000407899 -2.448839188 -0.117532253 -0.001534253 0.993067861 90.177055359
0.991825819 0.009439953 0.127249718 2.214167595 -0.009619863 0.999953389 0.000799333 -2.479169369 -0.127236232 -0.002016924 0.991870403 90.686889648
0.990230918 0.009737960 0.139096439 2.304701805 -0.009896765 0.999950826 0.000450052 -2.475923300 -0.139085248 -0.001822260 0.990278721 91.265815735
0.988517463 0.009478147 0.150809243 2.413524628 -0.009757684 0.999951780 0.001113674 -2.524188519 -0.150791422 -0.002572436 0.988562226 91.715095520
0.986760259 0.009322766 0.161917582 2.519558907 -0.009554449 0.999954224 0.000652261 -2.533466578 -0.161904067 -0.002190659 0.986804008 92.259330750
0.985078514 0.007995325 0.171919510 2.646994591 -0.008104335 0.999967158 -0.000067793 -2.542200565 -0.171914384 -0.001326511 0.985110998 92.840728760
0.982697010 0.008692496 0.185016334 2.766058922 -0.008964781 0.999959588 0.000635169 -2.564871311 -0.185003370 -0.002282810 0.982735217 93.344223022
0.980409384 0.007153404 0.196840554 2.910453796 -0.007360091 0.999972880 0.000318497 -2.578836203 -0.196832970 -0.001761022 0.980435431 93.921432495
0.978286743 0.006499617 0.207154021 3.039655685 -0.006724415 0.999977350 0.000381049 -2.595150948 -0.207146853 -0.001765765 0.978308260 94.452545166
0.975582421 0.006155207 0.219547272 3.188337326 -0.006200494 0.999980688 -0.000482790 -2.606927395 -0.219546005 -0.000890300 0.975601733 94.990562439
0.972370744 0.005819613 0.233368844 3.335376740 -0.005994386 0.999981999 0.000039666 -2.623515129 -0.233364403 -0.001437472 0.972388327 95.516059875
0.969691157 0.005018839 0.244282171 3.485828400 -0.004861875 0.999987423 -0.001245519 -2.643788338 -0.244285315 0.000020099 0.969703317 96.019668579
0.966918051 0.004654205 0.255044729 3.707113266 -0.004310043 0.999989033 -0.001908270 -2.643601656 -0.255050749 0.000745887 0.966927350 96.739372253
0.963139474 0.004653077 0.268962413 3.875572205 -0.004401934 0.999989212 -0.001536828 -2.661372185 -0.268966645 0.000296225 0.963149428 97.255653381
0.959559739 0.004539922 0.281468421 4.112684250 -0.004063840 0.999989152 -0.002275126 -2.676959991 -0.281475723 0.001039276 0.959567726 98.018302917
0.956176937 0.003722443 0.292765617 4.325185776 -0.002977269 0.999991059 -0.002990837 -2.688762665 -0.292774171 0.001988128 0.956179559 98.589103699
0.951646984 0.003924903 0.307168752 4.537549973 -0.003248102 0.999991059 -0.002714540 -2.710485697 -0.307176590 0.001585569 0.951651216 99.207107544
0.947076619 0.003551346 0.320987761 4.742235184 -0.002858519 0.999992430 -0.002629640 -2.726103783 -0.320994616 0.001572920 0.947079718 99.725189209
0.943105876 0.003703587 0.332471967 4.964450836 -0.002857673 0.999991357 -0.003033236 -2.732071161 -0.332480311 0.001910567 0.943108320 100.255050659
0.938688874 0.001881757 0.344760209 5.389081955 -0.000007137 0.999985158 -0.005438650 -2.736535549 -0.344765365 0.005102739 0.938675046 101.459533691
0.932577789 0.004200035 0.360944629 5.548204422 -0.002789862 0.999986231 -0.004427865 -2.772613525 -0.360958278 0.003122343 0.932576716 101.857345581
0.927898526 0.002747094 0.372822821 5.780828476 -0.001199216 0.999989569 -0.004383621 -2.789917946 -0.372831017 0.003620460 0.927892148 102.363952637
0.922762215 0.002879172 0.385359138 6.005998611 -0.001412421 0.999990582 -0.004089214 -2.810189247 -0.385367304 0.003229083 0.922757626 102.878601074
0.917068958 0.000618084 0.398728162 6.116897583 0.000742116 0.999994397 -0.003256987 -2.860440731 -0.398728013 0.003282784 0.917063355 103.099273682
0.911183655 0.000965361 0.411999315 6.366046906 0.000474075 0.999994159 -0.003391570 -2.872664452 -0.412000239 0.003285662 0.911177814 103.600662231
0.906246305 -0.000135676 0.422750443 6.614036560 0.001860588 0.999991536 -0.003667591 -2.888609171 -0.422746390 0.004110305 0.906238735 104.076667786
0.900454640 0.000358074 0.434949815 6.869194031 0.001286716 0.999993026 -0.003487072 -2.907859325 -0.434948087 0.003699607 0.900447965 104.554687500
0.893286347 0.000720368 0.449487418 7.126781464 0.000997525 0.999993026 -0.003585058 -2.921965599 -0.449486941 0.003650858 0.893279493 105.031631470
0.887568355 0.000192734 0.460676014 7.409786224 0.001959977 0.999989212 -0.004194589 -2.929089546 -0.460671902 0.004625900 0.887558460 105.516265869
0.882074714 -0.001614116 0.471106797 7.695514679 0.003634614 0.999987662 -0.003379075 -2.960705757 -0.471095592 0.004692887 0.882069707 105.984191895
0.874485850 -0.000820945 0.485050261 7.996448517 0.002141622 0.999995232 -0.002168594 -3.008465052 -0.485046238 0.002935199 0.874483705 106.502288818
0.867274046 -0.001780314 0.497827828 8.261569977 0.003824944 0.999987900 -0.003087375 -2.998742342 -0.497816384 0.004581764 0.867270350 106.894737244
