1.000000000 0.000000000 0.000000000 0.000000000 0.000000000 1.000000000 0.000000000 0.000000000 0.000000000 0.000000000 1.000000000 0.000000000
1.000000000 -0.000079302 0.000052550 -0.000166186 0.000079300 1.000000000 0.000032781 0.000212148 -0.000052552 -0.000032777 1.000000000 0.000710199
0.999999940 0.000129092 0.000276992 -0.001814761 -0.000129140 1.000000000 0.000175812 -0.000495840 -0.000276969 -0.000175848 0.999999940 0.000389157
1.000000000 0.000074954 -0.000049105 0.000520382 -0.000074948 1.000000000 0.000117077 -0.000594122 0.000049114 -0.000117073 1.000000000 -0.000395244
1.000000000 0.000171833 0.000134639 -0.000765244 -0.000171838 1.000000000 0.000030682 -0.000767846 -0.000134634 -0.000030705 1.000000000 -0.000154586
1.000000000 0.000057139 0.000001531 -0.000296430 -0.000057139 1.000000000 0.000035858 -0.000531009 -0.000001529 -0.000035858 1.000000000 -0.000770576
0.999999940 0.000068121 0.000254158 -0.002007335 -0.000068089 1.000000000 -0.000123474 0.000980948 -0.000254166 0.000123456 0.999999940 0.002019634
1.000000000 -0.000045372 0.000193361 -0.000752141 0.000045363 1.000000000 0.000050244 0.000230748 -0.000193363 -0.000050235 1.000000000 0.001926285
1.000000000 0.000020916 0.000215793 -0.001146856 -0.000020939 1.000000000 0.000110245 0.000463554 -0.000215790 -0.000110250 1.000000000 0.001876145
1.000000000 0.000086771 0.000198659 -0.000637587 -0.000086766 1.000000000 -0.000021372 -0.000431919 -0.000198661 0.000021354 1.000000000 -0.000833712
1.000000000 0.000000464 0.000135363 -0.000187638 -0.000000476 1.000000000 0.000089166 0.000012898 -0.000135363 -0.000089166 1.000000000 0.001223522
1.000000000 0.000065466 0.000074246 0.000156574 -0.000065470 1.000000000 0.000049414 -0.000350332 -0.000074243 -0.000049419 1.000000000 0.000174376
1.000000000 0.000035450 0.000155752 -0.000548457 -0.000035444 1.000000000 -0.000033969 0.000923462 -0.000155753 0.000033963 1.000000000 0.001867430
1.000000000 0.000000321 0.000090464 -0.000809347 -0.000000317 1.000000000 -0.000046480 0.001263086 -0.000090464 0.000046480 1.000000000 0.000442360
0.999999940 0.000143835 0.000256029 -0.001366035 -0.000143849 1.000000000 0.000054520 0.000247050 -0.000256021 -0.000054557 0.999999940 0.000478398
1.000000000 -0.000033125 0.000089636 0.000217284 0.000033110 1.000000000 0.000170247 0.000081226 -0.000089642 -0.000170244 1.000000000 0.000539421
1.000000000 -0.000165373 0.000023368 -0.000645840 0.000165371 1.000000000 0.000086083 0.000217695 -0.000023382 -0.000086079 1.000000000 -0.000182488
1.000000000 -0.000014279 0.000176211 -0.000700270 0.000014253 1.000000000 0.000144435 -0.000119135 -0.000176213 -0.000144433 1.000000000 0.001363802
1.000000000 0.000055576 0.000235952 -0.001049906 -0.000055596 1.000000000 0.000083333 0.000122874 -0.000235948 -0.000083347 0.999999940 0.000989019
0.999999940 0.000293684 0.000084072 -0.000896912 -0.000293699 0.999999940 0.000184620 0.000193315 -0.000084018 -0.000184644 1.000000000 0.000738985
0.999999940 0.000272595 0.000083241 -0.000643148 -0.000272609 0.999999940 0.000161171 -0.000060976 -0.000083197 -0.000161194 1.000000000 0.001285793
1.000000000 0.000154800 0.000161292 -0.001419537 -0.000154793 1.000000000 -0.000044208 0.001325990 -0.000161299 0.000044184 1.000000000 0.003168994
1.000000000 -0.000038254 0.000172328 -0.000749115 0.000038256 1.000000000 -0.000010490 0.001248597 -0.000172327 0.000010497 1.000000000 0.001956308
1.000000000 0.000010305 0.000119645 0.000091042 -0.000010295 1.000000000 -0.000082515 0.001698822 -0.000119646 0.000082514 1.000000000 0.001932232
1.000000000 0.000124479 0.000177391 -0.000863983 -0.000124457 1.000000000 -0.000123216 0.001477227 -0.000177406 0.000123194 1.000000000 0.001016953
1.000000000 -0.000158016 0.000052084 0.001189050 0.000158012 1.000000000 0.000079626 0.000682536 -0.000052097 -0.000079618 1.000000000 0.001853559
1.000000000 0.000031894 0.000048064 -0.000440274 -0.000031894 1.000000000 0.000004162 -0.000154264 -0.000048064 -0.000004164 1.000000000 -0.000935359
1.000000000 0.000006545 0.000062704 -0.000364322 -0.000006549 1.000000000 0.000052770 0.000201600 -0.000062704 -0.000052770 1.000000000 0.001460976
0.999999881 0.000414301 0.000176501 -0.001898783 -0.000414314 0.999999940 0.000071898 0.000358398 -0.000176471 -0.000071972 1.000000000 0.000953561
1.000000000 -0.000091012 0.000076538 -0.000418724 0.000091004 1.000000000 0.000106618 0.000005739 -0.000076547 -0.000106611 1.000000000 0.000273385
1.000000000 0.000036804 0.000119061 -0.000591887 -0.000036804 1.000000000 -0.000000164 -0.000063558 -0.000119062 0.000000160 1.000000000 -0.000225944
1.000000000 -0.000038168 0.000003329 0.000763364 0.000038168 1.000000000 0.000125747 -0.000002225 -0.000003334 -0.000125747 1.000000000 0.001360485
1.000000000 0.000215484 0.000091567 -0.000723555 -0.000215491 1.000000000 0.000077595 0.000126709 -0.000091550 -0.000077615 1.000000000 -0.000730434
1.000000000 0.000064499 0.000185510 -0.001400600 -0.000064501 1.000000000 0.000012153 0.000471156 -0.000185509 -0.000012165 1.000000000 0.000643293
1.000000000 0.000004316 0.000100363 -0.000452935 -0.000004328 1.000000000 0.000122250 -0.000683075 -0.000100362 -0.000122250 1.000000000 -0.000075031
1.000000000 0.000079115 0.000075721 -0.000506648 -0.000079109 1.000000000 -0.000077228 0.001934077 -0.000075728 0.000077222 1.000000000 0.001688681
1.000000000 -0.000136122 0.000175564 -0.000882306 0.000136131 1.000000000 -0.000050233 0.002115643 -0.000175557 0.000050257 1.000000000 0.001678297
1.000000000 0.000057566 0.000125448 -0.001051348 -0.000057576 1.000000000 0.000081894 0.000448705 -0.000125444 -0.000081901 1.000000000 0.001660899
1.000000000 0.000051414 0.000143433 -0.000387703 -0.000051431 1.000000000 0.000117048 0.000024078 -0.000143426 -0.000117055 1.000000000 0.000416111
1.000000000 -0.000145445 0.000063229 0.000314542 0.000145447 1.000000000 -0.000037628 0.001040094 -0.000063223 0.000037637 1.000000000 0.001544640
0.999999940 -0.000025652 0.000246961 -0.001164269 0.000025699 1.000000000 -0.000191774 0.002441906 -0.000246956 0.000191781 0.999999940 0.003052320
0.999995291 0.003025067 0.000347188 -0.007699776 -0.003024502 0.999994099 -0.001613489 0.007689676 -0.000352067 0.001612431 0.999998629 0.056986444
0.999995351 0.003019413 0.000171763 -0.006278119 -0.003019017 0.999992847 -0.002259982 0.005824334 -0.000178586 0.002259454 0.999997437 0.145742103
0.999994218 0.003375470 0.000098814 -0.005310652 -0.003375208 0.999991059 -0.002538034 0.003180383 -0.000107381 0.002537686 0.999996722 0.261285305
0.999995887 0.002848149 0.000095594 -0.001504476 -0.002847894 0.999992609 -0.002573299 0.002503857 -0.000102923 0.002573017 0.999996662 0.389574140
0.999995530 0.002984418 0.000057593 0.000501602 -0.002984263 0.999992311 -0.002522299 -0.002351539 -0.000065120 0.002522116 0.999996781 0.526562214
0.999994755 0.003180855 -0.000538033 0.007235403 -0.003181926 0.999992907 -0.002000703 -0.014715274 0.000531666 0.002002404 0.999997854 0.676378191
0.999993443 0.003604644 -0.000270484 0.008254138 -0.003605172 0.999991477 -0.001974792 -0.015248509 0.000263363 0.001975754 0.999998033 0.844376922
0.999994993 0.003187719 -0.000078025 0.011667512 -0.003187863 0.999993086 -0.001910588 -0.020224769 0.000071934 0.001910827 0.999998152 1.007343769
0.999990642 0.004307027 0.000430734 0.006287393 -0.004306323 0.999989331 -0.001623483 -0.029896712 -0.000437722 0.001621613 0.999998569 1.183452010
0.999991059 0.004196534 0.000608189 0.008833568 -0.004195519 0.999989808 -0.001660891 -0.030478902 -0.000615153 0.001658325 0.999998391 1.380167603
0.999989092 0.004618876 0.000519106 0.011240819 -0.004618198 0.999988437 -0.001297294 -0.041871917 -0.000525092 0.001294883 0.999998987 1.560878396
0.999995470 0.002984621 -0.000141507 0.030433422 -0.002984866 0.999993920 -0.001763720 -0.038613118 0.000136242 0.001764134 0.999998450 1.760077834
0.999994516 0.003257424 -0.000429131 0.036041487 -0.003258049 0.999993622 -0.001463956 -0.046457186 0.000424360 0.001465346 0.999998868 1.959514856
0.999995530 0.002976063 -0.000168777 0.034674495 -0.002976324 0.999994338 -0.001567060 -0.051022138 0.000164112 0.001567555 0.999998808 2.177586794
0.999992490 0.003767391 0.000868595 0.022565631 -0.003765765 0.999991179 -0.001866786 -0.051826503 -0.000875620 0.001863501 0.999997854 2.379518509
0.999993443 0.003545986 0.000742015 0.031233832 -0.003544498 0.999991715 -0.001996773 -0.056662321 -0.000749090 0.001994130 0.999997675 2.601675272
0.999995530 0.002960410 -0.000117645 0.059091743 -0.002960590 0.999994397 -0.001560913 -0.074407294 0.000113023 0.001561255 0.999998689 2.829393387
0.999995351 0.003030684 -0.000337555 0.066495024 -0.003031219 0.999994159 -0.001597558 -0.079966351 0.000332711 0.001598573 0.999998689 3.062373161
0.999995828 0.002857361 -0.000422841 0.075308777 -0.002858034 0.999994636 -0.001598927 -0.087907843 0.000418270 0.001600128 0.999998629 3.306015491
0.999993980 0.003436174 0.000531883 0.053648710 -0.003435274 0.999992669 -0.001684855 -0.097476393 -0.000537668 0.001683017 0.999998391 3.558187962
0.999994338 0.003340759 0.000509936 0.057090987 -0.003339722 0.999992371 -0.002021485 -0.101838090 -0.000516685 0.002019770 0.999997795 3.808789492
0.999993861 0.003473857 0.000369883 0.062094890 -0.003473028 0.999991536 -0.002217477 -0.107670695 -0.000377583 0.002216178 0.999997497 4.075638294
0.999991298 0.004151477 0.000371792 0.072753951 -0.004151093 0.999990880 -0.001027485 -0.115276136 -0.000376055 0.001025933 0.999999404 4.299369812
0.999992013 0.003963437 0.000546953 0.079040706 -0.003963047 0.999991894 -0.000711086 -0.123396009 -0.000549767 0.000708912 0.999999583 4.553913593
0.999990702 0.004174733 0.001092438 0.073588029 -0.004173186 0.999990225 -0.001415272 -0.130852252 -0.001098336 0.001410700 0.999998331 4.803097725
0.999991357 0.004104532 0.000776531 0.079743452 -0.004103370 0.999990463 -0.001491479 -0.133898616 -0.000782646 0.001488279 0.999998569 5.071558475
0.999991417 0.003979799 0.001177742 0.084398694 -0.003978212 0.999991238 -0.001346441 -0.147658736 -0.001183090 0.001341744 0.999998391 5.328798771
0.999992967 0.003694141 0.000672702 0.087213926 -0.003693882 0.999993086 -0.000385548 -0.179511800 -0.000674122 0.000383060 0.999999642 5.590981483
0.999993205 0.003601123 0.000789608 0.090209067 -0.003601233 0.999993443 0.000136974 -0.192788973 -0.000789110 -0.000139817 0.999999642 5.854009151
0.999991834 0.003962134 0.000793729 0.103366844 -0.003961953 0.999992132 -0.000228917 -0.190668926 -0.000794630 0.000225771 0.999999642 6.126618862
0.999988854 0.004604990 0.000994204 0.103004239 -0.004604877 0.999989390 -0.000116043 -0.198846564 -0.000994727 0.000111464 0.999999523 6.409769058
0.999993384 0.003585596 0.000506296 0.117530242 -0.003585420 0.999993503 -0.000347361 -0.214590281 -0.000507538 0.000345544 0.999999821 6.695909500
0.999994457 0.003275523 0.000645881 0.122678138 -0.003275540 0.999994695 0.000024751 -0.225900203 -0.000645796 -0.000026867 0.999999821 6.996359825
0.999992251 0.003848153 0.000852252 0.120034367 -0.003847943 0.999992490 -0.000248550 -0.232022569 -0.000853202 0.000245269 0.999999583 7.303026199
0.999992251 0.003759628 0.001162452 0.123495109 -0.003759122 0.999992847 -0.000436614 -0.243699655 -0.001164085 0.000432241 0.999999166 7.613408566
0.999990404 0.004168893 0.001391049 0.124834463 -0.004168395 0.999991298 -0.000360126 -0.251866788 -0.001392539 0.000354324 0.999998927 7.921263218
0.999992311 0.003835972 0.000819770 0.133639514 -0.003836102 0.999992609 0.000156280 -0.266231865 -0.000819165 -0.000159424 0.999999642 8.235503197
0.999992311 0.003762663 0.001091394 0.137300819 -0.003762906 0.999992847 0.000219934 -0.278746843 -0.001090559 -0.000224039 0.999999344 8.552561760
0.999991119 0.003914593 0.001550489 0.137908801 -0.003915107 0.999992311 0.000328987 -0.290366113 -0.001549190 -0.000335055 0.999998689 8.896821976
0.999990344 0.004143712 0.001429257 0.145587891 -0.004144059 0.999991298 0.000240199 -0.296051651 -0.001428249 -0.000246120 0.999998927 9.226518631
0.999988317 0.004468071 0.001820031 0.147032768 -0.004468375 0.999989927 0.000163042 -0.305609494 -0.001819285 -0.000171173 0.999998271 9.573026657
0.999987781 0.004575001 0.001855232 0.155040041 -0.004575212 0.999989450 0.000109426 -0.314154565 -0.001854712 -0.000117913 0.999998271 9.923685074
0.999993920 0.003256648 0.001258941 0.170647413 -0.003257727 0.999994338 0.000855518 -0.334991395 -0.001256148 -0.000859614 0.999998808 10.249344826
0.999994159 0.003179987 0.001242887 0.184027374 -0.003181141 0.999994457 0.000927247 -0.342082411 -0.001239931 -0.000931195 0.999998808 10.610501289
0.999992430 0.003519690 0.001626235 0.186082289 -0.003520994 0.999993443 0.000800279 -0.346938103 -0.001623408 -0.000805999 0.999998331 10.983047485
0.999993861 0.003215135 0.001411048 0.189549774 -0.003216269 0.999994636 0.000802532 -0.363766551 -0.001408460 -0.000807066 0.999998689 11.356944084
0.999996185 0.002550546 0.001086768 0.208084509 -0.002551641 0.999996245 0.001007935 -0.375003129 -0.001084193 -0.001010705 0.999998927 11.727289200
0.999996901 0.002344497 0.000845475 0.221019641 -0.002345247 0.999996901 0.000886709 -0.386768699 -0.000843393 -0.000888689 0.999999285 12.109193802
0.999991179 0.003816834 0.001739002 0.221285030 -0.003816759 0.999992728 -0.000046935 -0.384366661 -0.001739169 0.000040297 0.999998510 12.508298874
0.999994099 0.003326284 0.000887460 0.246708870 -0.003326881 0.999994159 0.000673591 -0.401252121 -0.000885214 -0.000676539 0.999999404 12.905852318
0.999992728 0.003650140 0.001115457 0.246786669 -0.003651494 0.999992609 0.001213909 -0.423619539 -0.001111018 -0.001217973 0.999998629 13.301952362
0.999995470 0.002733110 0.001274869 0.260229707 -0.002735466 0.999994576 0.001850118 -0.439406395 -0.001269806 -0.001853597 0.999997497 13.712307930
0.999992132 0.003757718 0.001279740 0.271002084 -0.003758666 0.999992669 0.000738484 -0.434403926 -0.001276955 -0.000743288 0.999998868 14.151910782
0.999994874 0.002787251 0.001573793 0.279829234 -0.002788061 0.999996006 0.000513100 -0.446845412 -0.001572356 -0.000517485 0.999998629 14.561733246
0.999989271 0.004308734 0.001764523 0.280934244 -0.004310109 0.999990344 0.000775931 -0.457559705 -0.001761163 -0.000783528 0.999998093 14.977725983
0.999990523 0.003796602 0.002129177 0.296853065 -0.003797791 0.999992609 0.000554590 -0.465394020 -0.002127055 -0.000562671 0.999997556 15.414501190
0.999986708 0.004426191 0.002654739 0.305311918 -0.004427756 0.999990046 0.000584068 -0.478984624 -0.002652129 -0.000595815 0.999996305 15.845452309
0.999989092 0.003941550 0.002519986 0.314344764 -0.003942661 0.999992192 0.000435970 -0.486635685 -0.002518249 -0.000445901 0.999996722 16.291549683
0.999990344 0.003433924 0.002737577 0.324374706 -0.003436326 0.999993742 0.000873152 -0.507423997 -0.002734561 -0.000882551 0.999995887 16.736040115
0.999987304 0.003802376 0.003300950 0.342945486 -0.003804716 0.999992430 0.000703146 -0.510224581 -0.003298252 -0.000715696 0.999994278 17.190114975
0.999981105 0.004697465 0.003968664 0.349269599 -0.004699841 0.999988735 0.000589614 -0.521236897 -0.003965850 -0.000608255 0.999991894 17.655574799
0.999989986 0.003045710 0.003271442 0.361282736 -0.003048985 0.999994874 0.000996698 -0.548209012 -0.003268390 -0.001006662 0.999994159 18.107162476
0.999986053 0.003184652 0.004198361 0.365841895 -0.003188928 0.999994457 0.001012119 -0.559290588 -0.004195115 -0.001025493 0.999990642 18.571102142
0.999980271 0.004149627 0.004705568 0.374059319 -0.004153912 0.999991000 0.000901298 -0.574111044 -0.004701785 -0.000920827 0.999988496 19.030870438
0.999983013 0.004310090 0.003920208 0.399388075 -0.004313587 0.999990225 0.000884134 -0.578952551 -0.003916360 -0.000901029 0.999991953 19.549726486
0.999974072 0.005097922 0.005072691 0.398726612 -0.005105521 0.999985874 0.001485873 -0.591239214 -0.005065045 -0.001511734 0.999986053 20.012859344
0.999981165 0.004624256 0.004032550 0.415922642 -0.004628371 0.999988735 0.001011358 -0.599715292 -0.004027828 -0.001030003 0.999991298 20.522237778
0.999979734 0.004964467 0.003987975 0.437090993 -0.004968082 0.999987245 0.000897142 -0.609212458 -0.003983470 -0.000916936 0.999991655 21.016302109
0.999981642 0.004887814 0.003573565 0.443476230 -0.004893087 0.999986947 0.001468434 -0.630260706 -0.003566341 -0.001485892 0.999992490 21.503911972
0.999980927 0.005164505 0.003374754 0.453990281 -0.005168532 0.999985933 0.001185876 -0.644003153 -0.003368582 -0.001203295 0.999993622 22.006208420
0.999986529 0.004558078 0.002484434 0.469001800 -0.004560059 0.999989271 0.000792566 -0.652698576 -0.002480795 -0.000803884 0.999996603 22.522687912
0.999985993 0.004984045 0.001757389 0.479320973 -0.004984918 0.999987364 0.000492807 -0.664792657 -0.001754910 -0.000501561 0.999998331 23.050058365
0.999991059 0.004159968 0.000743832 0.493104547 -0.004160566 0.999991000 0.000803392 -0.683483958 -0.000740484 -0.000806479 0.999999344 23.577459335
0.999994874 0.003201096 0.000008629 0.521121264 -0.003201106 0.999993086 0.001897143 -0.718637288 -0.000002556 -0.001897161 0.999998212 24.065780640
0.999986172 0.005241442 -0.000142438 0.512429297 -0.005241296 0.999985754 0.000995940 -0.712531388 0.000147656 -0.000995180 0.999999523 24.627950668
0.999987364 0.004996923 -0.000521289 0.519688427 -0.004996737 0.999987423 0.000357007 -0.721158803 0.000523066 -0.000354398 0.999999762 25.150957108
0.999984801 0.005436518 -0.000838187 0.524814546 -0.005436173 0.999985099 0.000412924 -0.733484030 0.000840419 -0.000408361 0.999999583 25.692571640
0.999984622 0.005482387 -0.000800594 0.534540296 -0.005480868 0.999983311 0.001885941 -0.770028353 0.000810920 -0.001881525 0.999997914 26.255931854
0.999984920 0.005198495 -0.001755394 0.545644522 -0.005193676 0.999982715 0.002738298 -0.784664512 0.001769599 -0.002729141 0.999994755 26.799951553
0.999985576 0.005064454 -0.001800771 0.552883148 -0.005060720 0.999984980 0.002072041 -0.789849699 0.001811238 -0.002062898 0.999996245 27.308355331
0.999978423 0.006381265 -0.001609955 0.551890075 -0.006378713 0.999978304 0.001585893 -0.798105180 0.001620040 -0.001575589 0.999997497 27.865600586
0.999982655 0.005287891 -0.002588815 0.567644715 -0.005283035 0.999984264 0.001878833 -0.822257161 0.002598709 -0.001865123 0.999994874 28.414388657
0.999980748 0.005430347 -0.003003633 0.583788574 -0.005423831 0.999982893 0.002173648 -0.840667486 0.003015386 -0.002157314 0.999993145 28.956233978
0.999969721 0.007255108 -0.002818690 0.595558524 -0.007247586 0.999970198 0.002669653 -0.864242733 0.002837975 -0.002649144 0.999992430 29.475751877
0.999980986 0.005018162 -0.003582622 0.599249005 -0.005008013 0.999983430 0.002836381 -0.876542330 0.003596797 -0.002818385 0.999989510 30.072309494
0.999968410 0.007229259 -0.003310418 0.604663312 -0.007221126 0.999970913 0.002462296 -0.892174363 0.003328123 -0.002438313 0.999991477 30.585456848
0.999966025 0.007533222 -0.003351476 0.613721907 -0.007524036 0.999968052 0.002744563 -0.904350758 0.003372044 -0.002719254 0.999990642 31.129951477
0.999961078 0.008200378 -0.003267206 0.613318264 -0.008191644 0.999962866 0.002677369 -0.916699409 0.003289040 -0.002650501 0.999991119 31.684354782
0.999975681 0.005830387 -0.003821967 0.626587272 -0.005826433 0.999982476 0.001044865 -0.908093691 0.003827992 -0.001022571 0.999992132 32.140125275
0.999967754 0.006272935 -0.005011608 0.672031403 -0.006262607 0.999978364 0.002073840 -0.929798543 0.005024508 -0.002042387 0.999985278 32.781040192
0.999963164 0.006748356 -0.005303614 0.680658102 -0.006735079 0.999974132 0.002517289 -0.949285209 0.005320465 -0.002481476 0.999982715 33.278724670
0.999962389 0.007233896 -0.004789270 0.668738425 -0.007222989 0.999971211 0.002290826 -0.969433784 0.004805704 -0.002256146 0.999985874 33.832790375
0.999955654 0.008035912 -0.004916306 0.686823666 -0.008021958 0.999963760 0.002851320 -0.987337232 0.004939040 -0.002811755 0.999983847 34.356040955
0.999962628 0.007339500 -0.004550796 0.681420684 -0.007326808 0.999969184 0.002799044 -1.010363698 0.004571200 -0.002765597 0.999985754 34.936264038
0.999962926 0.007680245 -0.003885790 0.683033466 -0.007670291 0.999967217 0.002570143 -1.021193266 0.003905403 -0.002540243 0.999989212 35.494857788
0.999969900 0.005798135 -0.005152008 0.719005942 -0.005783042 0.999978960 0.002939838 -1.042838097 0.005168946 -0.002909956 0.999982417 35.992431641
0.999961615 0.007207598 -0.004977420 0.724271297 -0.007191534 0.999968886 0.003237752 -1.059033036 0.005000602 -0.003201833 0.999982357 36.525371552
0.999960482 0.007723543 -0.004401689 0.728887022 -0.007709133 0.999964893 0.003281363 -1.071125627 0.004426878 -0.003247300 0.999984920 37.051418304
0.999964774 0.007100456 -0.004458514 0.734579325 -0.007086389 0.999969900 0.003163330 -1.081096649 0.004480840 -0.003131625 0.999985039 37.615730286
0.999962211 0.007070514 -0.005055456 0.750332952 -0.007059064 0.999972463 0.002279460 -1.086490870 0.005071435 -0.002243688 0.999984562 38.155281067
0.999959469 0.007539279 -0.004904670 0.762640536 -0.007521648 0.999965250 0.003603076 -1.111769080 0.004931663 -0.003566039 0.999981463 38.680999756
0.999956965 0.008066097 -0.004588265 0.761246741 -0.008055135 0.999964654 0.002402805 -1.110959530 0.004607484 -0.002365743 0.999986589 39.220108032
0.999954939 0.008504935 -0.004233422 0.765075028 -0.008492792 0.999959826 0.002878183 -1.125747085 0.004257731 -0.002842099 0.999986947 39.769512177
0.999956012 0.008326913 -0.004315291 0.783688068 -0.008311307 0.999958873 0.003622420 -1.162398100 0.004345277 -0.003586394 0.999984086 40.306056976
0.999949396 0.009168421 -0.004134574 0.783938587 -0.009153766 0.999951780 0.003549624 -1.173147202 0.004166918 -0.003511598 0.999985158 40.857715607
0.999955416 0.008672031 -0.003731598 0.785754561 -0.008657539 0.999954939 0.003882402 -1.187702894 0.003765099 -0.003849922 0.999985516 41.385898590
0.999958694 0.008568083 -0.003029930 0.787817180 -0.008557268 0.999957025 0.003564654 -1.201736569 0.003060342 -0.003538579 0.999989092 41.931976318
0.999947548 0.009577592 -0.003630247 0.806977630 -0.009565773 0.999948859 0.003258804 -1.208446145 0.003661273 -0.003223906 0.999988079 42.477149963
0.999943972 0.009750617 -0.004117420 0.813116193 -0.009736928 0.999947071 0.003332071 -1.222119570 0.004149692 -0.003291795 0.999985933 43.020797729
0.999946475 0.009686561 -0.003635279 0.814143360 -0.009674237 0.999947429 0.003392599 -1.232001781 0.003667950 -0.003357249 0.999987662 43.556777954
0.999944031 0.009795524 -0.003984652 0.822737277 -0.009782461 0.999946773 0.003284450 -1.245828152 0.004016613 -0.003245286 0.999986589 44.098365784
0.999937594 0.010639143 -0.003382105 0.822594762 -0.010629110 0.999939084 0.002969873 -1.257399559 0.003413496 -0.002933739 0.999989867 44.632854462
0.999939561 0.010432635 -0.003449057 0.830522835 -0.010423867 0.999942422 0.002550232 -1.269268632 0.003475464 -0.002514126 0.999990821 45.174991608
0.999934554 0.011080709 -0.002851036 0.841082394 -0.011071183 0.999933124 0.003335586 -1.288373828 0.002887806 -0.003303804 0.999990344 45.718486786
0.999942005 0.010250781 -0.003302417 0.861234963 -0.010240045 0.999942303 0.003252015 -1.303478718 0.003335563 -0.003218009 0.999989271 46.262580872
0.999932349 0.011385800 -0.002376888 0.859399915 -0.011377770 0.999929607 0.003365559 -1.313329339 0.002415040 -0.003338288 0.999991536 46.823154449
0.999939859 0.010419068 -0.003423547 0.864924550 -0.010405674 0.999938190 0.003907309 -1.338480473 0.003464046 -0.003871450 0.999986470 47.364711761
0.999940217 0.010477431 -0.003119948 0.876761615 -0.010462656 0.999934077 0.004715410 -1.352303863 0.003169148 -0.004682484 0.999984026 47.893466949
0.999938428 0.010805046 -0.002504264 0.882946134 -0.010795273 0.999934137 0.003883155 -1.358552694 0.002546056 -0.003855882 0.999989331 48.439689636
0.999941528 0.010402570 -0.002945107 0.907778859 -0.010391622 0.999939084 0.003709068 -1.365149617 0.002983511 -0.003678246 0.999988794 49.002639771
0.999937534 0.010798137 -0.002892012 0.917941391 -0.010784497 0.999930799 0.004691699 -1.395423770 0.002942474 -0.004660216 0.999984801 49.538803101
0.999940276 0.010072799 -0.004264312 0.945903420 -0.010055872 0.999941468 0.003972706 -1.394667745 0.004304080 -0.003929588 0.999982953 50.063640594
0.999937296 0.010806677 -0.002944845 0.932009578 -0.010796260 0.999935508 0.003530357 -1.403287768 0.002982808 -0.003498343 0.999989390 50.597080231
0.999942958 0.010324977 -0.002711328 0.938089550 -0.010314994 0.999939978 0.003670905 -1.415986776 0.002749067 -0.003642729 0.999989569 51.135585785
0.999940455 0.010579064 -0.002732407 0.943241775 -0.010569001 0.999937356 0.003672297 -1.430922031 0.002771086 -0.003643198 0.999989510 51.663761139
0.999942124 0.010357657 -0.002901100 0.960753441 -0.010348071 0.999940932 0.003299523 -1.438736916 0.002935106 -0.003269310 0.999990284 52.192363739
0.999943614 0.010166987 -0.003074832 0.972169399 -0.010157816 0.999943972 0.002983773 -1.450716853 0.003104996 -0.002952370 0.999990821 52.730606079
0.999934077 0.010975752 -0.003364847 0.977080107 -0.010962002 0.999931574 0.004078066 -1.473081708 0.003409377 -0.004040912 0.999985993 53.235267639
0.999940455 0.010365565 -0.003407688 0.994236767 -0.010354008 0.999940634 0.003392072 -1.478283763 0.003442646 -0.003356588 0.999988437 53.799079895
0.999934316 0.011131936 -0.002726279 0.978879750 -0.011120801 0.999929905 0.004065310 -1.510149956 0.002771343 -0.004034724 0.999988019 54.279178619
0.999921501 0.012185373 -0.002909540 1.015833259 -0.012176421 0.999921143 0.003075306 -1.494653463 0.002946784 -0.003039636 0.999991000 54.818885803
0.999920130 0.012210204 -0.003255665 1.012325287 -0.012198159 0.999918699 0.003694003 -1.514073372 0.003300505 -0.003653994 0.999987900 55.355400085
0.999932468 0.011141547 -0.003284871 1.022602916 -0.011132618 0.999934256 0.002723905 -1.515470266 0.003315004 -0.002687152 0.999990880 55.909423828
0.999932349 0.011177619 -0.003212668 1.041796446 -0.011166888 0.999932051 0.003338254 -1.539341688 0.003249763 -0.003302153 0.999989212 56.473258972
0.999928951 0.011483924 -0.003197916 1.038141727 -0.011475821 0.999930918 0.002540536 -1.539068341 0.003226870 -0.002503657 0.999991655 57.019397736
0.999917567 0.012586605 -0.002513619 1.043366671 -0.012580370 0.999917805 0.002479958 -1.553774834 0.002544626 -0.002448132 0.999993742 57.560073853
0.999919891 0.012435700 -0.002337847 1.055379033 -0.012428355 0.999917984 0.003128268 -1.571855307 0.002376556 -0.003098963 0.999992371 58.087062836
0.999931455 0.011301783 -0.003065478 1.077256083 -0.011294544 0.999933422 0.002368862 -1.567422867 0.003092046 -0.002334076 0.999992430 58.668357849
0.999910653 0.013148218 -0.002410645 1.064265966 -0.013142611 0.999910891 0.002327221 -1.599533319 0.002441029 -0.002295331 0.999994397 59.208911896
0.999916971 0.012771925 -0.001723776 1.071180701 -0.012767958 0.999915838 0.002291983 -1.608603954 0.001752903 -0.002269784 0.999995887 59.785537720
0.999955356 0.009228900 -0.002041233 1.079067230 -0.009225802 0.999956310 0.001521938 -1.604601860 0.002055189 -0.001503038 0.999996781 60.365570068
0.999897063 0.014347954 -0.000055014 1.050117970 -0.014347864 0.999896109 0.001376610 -1.633757830 0.000074760 -0.001375679 0.999999046 60.849128723
0.999914229 0.013063605 -0.000893089 1.081188321 -0.013061279 0.999911427 0.002560194 -1.657327414 0.000926454 -0.002548310 0.999996245 61.441680908
0.999899447 0.014176438 -0.000415377 1.082634449 -0.014175556 0.999897420 0.002051100 -1.653726220 0.000444411 -0.002045006 0.999997795 61.939296722
0.999897838 0.014150771 0.001986121 1.034891367 -0.014154676 0.999897838 0.001965873 -1.683775783 -0.001958100 -0.001993785 0.999996066 62.470855713
0.999896824 0.014187950 0.002220995 1.045146823 -0.014192248 0.999897420 0.001932819 -1.684581280 -0.002193343 -0.001964141 0.999995649 63.043384552
0.999887049 0.014721977 0.003022518 1.027490735 -0.014726114 0.999890625 0.001351288 -1.687674880 -0.003002294 -0.001395644 0.999994516 63.595901489
0.999889672 0.014833565 0.000914811 1.105093837 -0.014835295 0.999888122 0.001912367 -1.718338013 -0.000886342 -0.001925726 0.999997735 64.118911743
0.999905884 0.013683266 0.000971127 1.106409907 -0.013684726 0.999905169 0.001512813 -1.720118284 -0.000950335 -0.001525959 0.999998391 64.651206970
0.999921083 0.012442658 0.001685342 1.103730559 -0.012443819 0.999922335 0.000682579 -1.724885583 -0.001676718 -0.000703497 0.999998331 65.253402710
0.999903500 0.013802509 0.001569367 1.115709066 -0.013802519 0.999904692 -0.000004650 -1.714580059 -0.001569281 -0.000017012 0.999998689 65.784179688
0.999880314 0.015312634 0.002199179 1.123372912 -0.015318444 0.999879181 0.002649551 -1.790587664 -0.002158342 -0.002682922 0.999994099 66.318717957
0.999888122 0.014803150 0.002140853 1.137204170 -0.014807987 0.999887824 0.002261729 -1.791942596 -0.002107132 -0.002293177 0.999995112 66.859687805
0.999905646 0.013663106 0.001434351 1.149641871 -0.013665194 0.999905586 0.001454787 -1.786094785 -0.001414339 -0.001474251 0.999997854 67.391822815
0.999883115 0.015266860 0.000811386 1.177706480 -0.015268750 0.999880612 0.002376604 -1.824466348 -0.000775006 -0.002388715 0.999996841 67.941505432
0.999894977 0.014280923 0.002468016 1.169874310 -0.014283606 0.999897420 0.001073071 -1.817960262 -0.002452437 -0.001108210 0.999996305 68.490623474
0.999889195 0.014606435 0.002867889 1.160035729 -0.014607823 0.999893188 0.000464268 -1.819021583 -0.002860801 -0.000506110 0.999995768 69.021614075
0.999886453 0.014583238 0.003793415 1.169800043 -0.014586253 0.999893308 0.000768197 -1.839173198 -0.003781810 -0.000823441 0.999992490 69.588905334
0.999895573 0.014192170 0.002715612 1.200240850 -0.014195556 0.999898434 0.001231308 -1.863718033 -0.002697860 -0.001269728 0.999995530 70.138259888
0.999893665 0.014129276 0.003599534 1.198985934 -0.014132877 0.999899626 0.000976557 -1.872692347 -0.003585373 -0.001027324 0.999993026 70.672470093
0.999883413 0.014672620 0.004233792 1.203615427 -0.014677444 0.999891639 0.001110070 -1.889201760 -0.004217048 -0.001172081 0.999990404 71.207923889
0.999882758 0.014812820 0.003902600 1.215122700 -0.014818792 0.999889076 0.001505334 -1.904635549 -0.003879869 -0.001562988 0.999991179 71.746627808
0.999890447 0.014465343 0.003138512 1.241331220 -0.014472513 0.999892712 0.002273186 -1.934916258 -0.003105293 -0.002318359 0.999992490 72.298400879
0.999879777 0.014965707 0.004059275 1.252179265 -0.014973116 0.999886274 0.001801562 -1.939072371 -0.004031852 -0.001862125 0.999990106 72.858993530
0.999880552 0.014933647 0.004007258 1.257354975 -0.014940664 0.999886870 0.001727024 -1.952906132 -0.003981017 -0.001786689 0.999990463 73.396293640
0.999880493 0.014888762 0.004157024 1.257649422 -0.014891749 0.999888837 0.000688398 -1.945439100 -0.004146312 -0.000750221 0.999991119 73.949134827
0.999893486 0.014022374 0.004035908 1.274343848 -0.014029418 0.999900043 0.001722593 -1.977461934 -0.004011351 -0.001779031 0.999990344 74.472267151
0.999884188 0.014682665 0.003992133 1.282259226 -0.014691201 0.999889851 0.002117220 -2.002828360 -0.003960609 -0.002175624 0.999989808 75.029777527
0.999891579 0.014106540 0.004202078 1.289633393 -0.014115290 0.999898255 0.002060099 -2.020571709 -0.004172591 -0.002119190 0.999989033 75.576255798
0.999893725 0.013927241 0.004306979 1.291365385 -0.013933816 0.999901772 0.001499550 -2.016103745 -0.004285669 -0.001559403 0.999989629 76.086730957
0.999894261 0.013903774 0.004240698 1.306365013 -0.013908715 0.999902606 0.001137667 -2.030592680 -0.004224467 -0.001196529 0.999990284 76.652366638
0.999880016 0.014726649 0.004805426 1.305797100 -0.014733023 0.999890625 0.001293434 -2.048655987 -0.004785855 -0.001364078 0.999987543 77.196006775
0.999884605 0.014547425 0.004374814 1.319437504 -0.014552115 0.999893546 0.001042007 -2.053777695 -0.004359191 -0.001105549 0.999989808 77.735122681
0.999887943 0.014401000 0.004076881 1.333195567 -0.014405582 0.999895632 0.001098121 -2.073272467 -0.004060643 -0.001156728 0.999991000 78.280944824
0.999879539 0.014844597 0.004519390 1.343086958 -0.014848155 0.999889433 0.000754288 -2.082891941 -0.004507696 -0.000821302 0.999989450 78.817367554
0.999874771 0.015209322 0.004359162 1.354854107 -0.015209965 0.999884307 0.000114828 -2.090663195 -0.004356913 -0.000181117 0.999990463 79.365478516
0.999881029 0.014691675 0.004705043 1.369468927 -0.014696309 0.999891579 0.000952045 -2.115915537 -0.004690546 -0.001021078 0.999988437 79.899574280
0.999864101 0.015336106 0.006037312 1.380231857 -0.015341166 0.999881983 0.000792743 -2.131053448 -0.006024441 -0.000885255 0.999981463 80.455627441
0.999848247 0.016052991 0.006769157 1.406525850 -0.016063662 0.999869764 0.001524530 -2.155150414 -0.006743802 -0.001633037 0.999975920 81.022468567
0.999863148 0.014764462 0.007464049 1.430398822 -0.014770071 0.999890625 0.000697368 -2.163850784 -0.007452937 -0.000807517 0.999971926 81.573341370
0.999843955 0.015526534 0.008424637 1.451477885 -0.015536598 0.999878585 0.001130619 -2.179580688 -0.008406062 -0.001261332 0.999963880 82.120925903
0.999798417 0.015657367 0.012569797 1.458315849 -0.015675705 0.999876320 0.001361751 -2.199805260 -0.012546921 -0.001558517 0.999920011 82.666107178
0.999776006 0.015027108 0.014905092 1.497065306 -0.015039499 0.999886632 0.000719709 -2.206990242 -0.014892587 -0.000943713 0.999888659 83.201652527
0.999724686 0.015108243 0.017953955 1.514621854 -0.015123189 0.999885321 0.000697069 -2.214922905 -0.017941363 -0.000968398 0.999838531 83.756423950
0.999609947 0.015718762 0.023081888 1.536986589 -0.015718738 0.999876440 -0.000182572 -2.225899220 -0.023081908 -0.000180317 0.999733567 84.306159973
0.999475837 0.015588633 0.028374260 1.585628033 -0.015610320 0.999877989 0.000542945 -2.248839855 -0.028362326 -0.000985592 0.999597251 84.847496033
0.999334574 0.014357155 0.033530694 1.626937747 -0.014367414 0.999896705 0.000065035 -2.267469406 -0.033526290 -0.000546741 0.999437690 85.399284363
0.999132812 0.014523217 0.039021295 1.662870288 -0.014546742 0.999894083 0.000318936 -2.283883333 -0.039012525 -0.000886292 0.999238253 85.934738159
0.998749137 0.015130066 0.047657695 1.694113731 -0.015173248 0.999884665 0.000544363 -2.300283909 -0.047643967 -0.001266804 0.998863578 86.484619141
0.998295367 0.014796190 0.056457259 1.744116306 -0.014827337 0.999890089 0.000132830 -2.311719894 -0.056449093 -0.000969714 0.998404980 87.041305542
0.997867167 0.014931880 0.063546196 1.783953667 -0.014979774 0.999887645 0.000277291 -2.326332092 -0.063534930 -0.001228607 0.997978806 87.598274231
0.997285426 0.014488772 0.072192781 1.852545738 -0.014523203 0.999894500 -0.000047985 -2.336720467 -0.072185874 -0.001000616 0.997390687 88.165740967
0.996530950 0.014376718 0.081971809 1.918994904 -0.014408239 0.999896169 -0.000207028 -2.353305578 -0.081966266 -0.000974760 0.996634543 88.668144226
0.995744944 0.014081477 0.091069639 1.980585575 -0.014121625 0.999900162 -0.000203538 -2.371490002 -0.091063417 -0.001083380 0.995844603 89.201942444
0.994969547 0.013741841 0.099230327 2.041465282 -0.013717899 0.999905586 -0.000923571 -2.377764463 -0.099233650 -0.000442307 0.995064080 89.728240967
0.993957400 0.012979278 0.108996645 2.146361828 -0.012951729 0.999915659 -0.000960725 -2.395786762 -0.108999915 -0.000456776 0.994041622 90.301155090
0.992759883 0.012614149 0.119451597 2.228201866 -0.012630116 0.999920070 -0.000623415 -2.413566589 -0.119449899 -0.000889786 0.992839813 90.816947937
0.991583705 0.013012385 0.128811732 2.310379028 -0.012975118 0.999915123 -0.001128522 -2.423025131 -0.128815472 -0.000552323 0.991668344 91.351623535
0.990080953 0.014553139 0.139741302 2.402156830 -0.014579159 0.999893367 -0.000837500 -2.435632229 -0.139738575 -0.001208118 0.990187705 91.886947632
0.988431036 0.012503220 0.151154861 2.515457153 -0.012550876 0.999921024 -0.000638789 -2.460817575 -0.151150927 -0.001265727 0.988509834 92.409362793
0.986744702 0.012330138 0.161811128 2.627394676 -0.012252923 0.999923825 -0.001475112 -2.459806442 -0.161816984 -0.000527100 0.986820757 92.969657898
0.984925508 0.013115394 0.172481209 2.739118576 -0.013005942 0.999913871 -0.001764711 -2.480155945 -0.172489524 -0.000505172 0.985011220 93.505966187
0.982564926 0.012789349 0.185479492 2.855811119 -0.012675568 0.999918044 -0.001799310 -2.498190880 -0.185487300 -0.000583119 0.982646465 94.020553589
0.980149508 0.012115823 0.197889090 2.985909462 -0.012047620 0.999926150 -0.001548639 -2.516972780 -0.197893277 -0.000866196 0.980223119 94.544761658
0.978030205 0.011295806 0.208157033 3.119577408 -0.011212033 0.999935806 -0.001582341 -2.524670124 -0.208161563 -0.000786286 0.978094161 95.089683533
0.975194216 0.011588898 0.221047133 3.268411636 -0.011425984 0.999932706 -0.002015694 -2.538926840 -0.221055612 -0.000559987 0.975261092 95.631263733
0.972099960 0.010436784 0.234334603 3.411430359 -0.010336510 0.999945164 -0.001656152 -2.564936876 -0.234339058 -0.000812256 0.972154558 96.145957947
0.969462097 0.011257713 0.244982451 3.555870056 -0.011442864 0.999934256 -0.000667608 -2.591655731 -0.244973883 -0.002156080 0.969527245 96.634078979
0.966375887 0.010374940 0.256924093 3.726768494 -0.010083539 0.999946177 -0.002451666 -2.587813616 -0.256935775 -0.000221473 0.966428459 97.192405701
0.962560952 0.010173493 0.270874798 3.890935898 -0.009804962 0.999948263 -0.002713783 -2.607152462 -0.270888388 -0.000043736 0.962610900 97.723480225
0.959025919 0.009410602 0.283162117 4.070447922 -0.008946042 0.999955654 -0.002933660 -2.629299164 -0.283177137 0.000280276 0.959067583 98.232116699
0.955737948 0.009829438 0.294054955 4.255609512 -0.009256673 0.999951541 -0.003339545 -2.623960972 -0.294073552 0.000469759 0.955782652 98.786697388
0.951537430 0.009033769 0.307400167 4.466077805 -0.008428209 0.999959052 -0.003297468 -2.645700216 -0.307417363 0.000546832 0.951574624 99.302955627
0.947208524 0.008074526 0.320516318 4.658176422 -0.007305180 0.999966741 -0.003602715 -2.661662579 -0.320534766 0.001071093 0.947236121 99.795722961
0.943096995 0.008748703 0.332402647 4.857692719 -0.007848888 0.999961019 -0.004049609 -2.676413774 -0.332425177 0.001210183 0.943128884 100.318069458
0.938091397 0.009211970 0.346265525 5.065818787 -0.008048999 0.999956131 -0.004796520 -2.690715790 -0.346294522 0.001712483 0.938124359 100.847709656
0.932803988 0.008163377 0.360291511 5.275424957 -0.006714734 0.999963522 -0.005272254 -2.694815159 -0.360321432 0.002498719 0.932824850 101.362487793
0.927914083 0.007605222 0.372716486 5.502559662 -0.006311760 0.999969065 -0.004690467 -2.717247725 -0.372740626 0.001999853 0.927933395 101.876525879
0.923565090 0.006368409 0.383388698 5.752298355 -0.005101188 0.999977648 -0.004321948 -2.745776892 -0.383407712 0.002035862 0.923576951 102.375976562
0.917260170 0.007246017 0.398222566 5.972572327 -0.006260747 0.999973238 -0.003774501 -2.769457817 -0.398239315 0.000969029 0.917280972 102.862907410
0.911647975 0.006126192 0.410926253 6.221363068 -0.004937210 0.999979973 -0.003954659 -2.776456118 -0.410942256 0.001576429 0.911660016 103.375419617
0.906470418 0.005841501 0.422228873 6.463500977 -0.004283598 0.999980092 -0.004638312 -2.788932323 -0.422247618 0.002395834 0.906477392 103.861999512
0.900051415 0.006112414 0.435740888 6.717445374 -0.004442978 0.999978364 -0.004850070 -2.808556557 -0.435761064 0.002429324 0.900059164 104.337066650
0.893264472 0.005563394 0.449497312 6.983421326 -0.004025670 0.999982238 -0.004376686 -2.829566002 -0.449513704 0.002100010 0.893270969 104.802864075
0.887568831 0.004578388 0.460652411 7.251087189 -0.002851258 0.999986112 -0.004445081 -2.845044613 -0.460666388 0.002631877 0.887569487 105.231887817
0.881734371 0.004429752 0.471725494 7.517864227 -0.002453169 0.999985397 -0.004805008 -2.846501112 -0.471739858 0.003079519 0.881732404 105.691513062
0.874230981 0.006487129 0.485466778 7.840133667 -0.004528956 0.999976158 -0.005206577 -2.859263420 -0.485489011 0.002353093 0.874239624 106.276466370
