1.000000000 0.000000000 0.000000000 0.000000000 0.000000000 1.000000000 0.000000000 0.000000000 0.000000000 0.000000000 1.000000000 0.000000000
1.000000000 0.000030047 -0.000037261 0.000191468 -0.000030046 1.000000000 0.000018926 -0.000896650 0.000037261 -0.000018925 1.000000000 -0.002328249
1.000000000 0.000088109 0.000090685 -0.002067261 -0.000088107 1.000000000 -0.000022770 -0.000925754 -0.000090687 0.000022762 1.000000000 -0.002312090
1.000000000 0.000036391 -0.000041810 0.003202972 -0.000036390 1.000000000 0.000024426 -0.000373045 0.000041811 -0.000024424 1.000000000 -0.004305582
1.000000000 -0.000019715 -0.000074422 0.002682694 0.000019717 1.000000000 0.000025041 -0.000663512 0.000074422 -0.000025043 1.000000000 -0.000867521
1.000000000 0.000053587 -0.000002082 -0.000114476 -0.000053588 1.000000000 -0.000033349 -0.000047389 0.000002080 0.000033349 1.000000000 -0.000346390
1.000000000 0.000033644 0.000004877 0.000883416 -0.000033645 1.000000000 0.000073058 -0.000203576 -0.000004875 -0.000073058 1.000000000 -0.002920878
1.000000000 -0.000016013 0.000049981 -0.000651604 0.000016012 1.000000000 0.000021432 0.000536215 -0.000049981 -0.000021432 1.000000000 0.002941092
1.000000000 0.000043350 -0.000009685 0.000771130 -0.000043350 1.000000000 -0.000016257 -0.000621303 0.000009684 0.000016257 1.000000000 -0.004457803
1.000000000 0.000013015 0.000019952 0.000387756 -0.000013016 1.000000000 0.000068312 -0.000583582 -0.000019951 -0.000068313 1.000000000 -0.004827438
1.000000000 0.000154777 0.000030580 -0.000363488 -0.000154777 1.000000000 0.000008462 -0.000177820 -0.000030578 -0.000008466 1.000000000 -0.002050921
1.000000000 -0.000000724 -0.000041114 0.001054085 0.000000724 1.000000000 0.000010086 -0.001678608 0.000041114 -0.000010086 1.000000000 -0.007157530
1.000000000 0.000040790 0.000007138 0.002056794 -0.000040790 1.000000000 0.000077474 -0.001353742 -0.000007135 -0.000077474 1.000000000 -0.006918577
1.000000000 -0.000059658 -0.000000445 0.001837358 0.000059658 1.000000000 0.000119106 -0.002770002 0.000000438 -0.000119106 1.000000000 -0.007291906
1.000000000 -0.000116855 0.000024119 -0.000068806 0.000116852 1.000000000 0.000108358 -0.000876969 -0.000024132 -0.000108356 1.000000000 -0.004664266
1.000000000 -0.000135568 -0.000007651 -0.000738947 0.000135568 1.000000000 0.000035570 -0.000314423 0.000007646 -0.000035571 1.000000000 -0.004479840
1.000000000 -0.000130054 0.000009903 -0.000141152 0.000130054 1.000000000 0.000045003 -0.000399612 -0.000009909 -0.000045002 1.000000000 -0.005175441
1.000000000 0.000064517 0.000013584 0.000729423 -0.000064519 1.000000000 0.000117234 -0.001446324 -0.000013576 -0.000117235 1.000000000 -0.008047481
1.000000000 -0.000173212 0.000012503 0.002034123 0.000173210 1.000000000 0.000116317 -0.002571717 -0.000012523 -0.000116314 1.000000000 -0.006752819
1.000000000 -0.000091205 -0.000000857 0.000414273 0.000091205 1.000000000 0.000081047 -0.002965670 0.000000850 -0.000081047 1.000000000 -0.007154872
1.000000000 -0.000089752 -0.000045685 0.002879497 0.000089759 1.000000000 0.000149339 -0.004004324 0.000045671 -0.000149343 1.000000000 -0.007307364
1.000000000 -0.000031674 0.000063110 -0.001039885 0.000031668 1.000000000 0.000102820 -0.000810716 -0.000063113 -0.000102818 1.000000000 -0.003299007
1.000000000 -0.000006242 0.000015517 -0.000075197 0.000006239 1.000000000 0.000147275 -0.001347069 -0.000015518 -0.000147275 1.000000000 -0.009874161
1.000000000 -0.000212734 0.000007933 0.000346958 0.000212732 0.999999940 0.000227582 -0.003212066 -0.000007982 -0.000227580 1.000000000 -0.005986634
1.000000000 -0.000027687 -0.000036060 0.000719386 0.000027691 1.000000000 0.000117339 -0.000548627 0.000036057 -0.000117340 1.000000000 -0.007283969
1.000000000 -0.000134900 0.000008870 -0.000053848 0.000134898 0.999999940 0.000265236 -0.003279453 -0.000008906 -0.000265235 0.999999940 -0.012266996
1.000000000 -0.000117983 -0.000018147 -0.000477654 0.000117986 1.000000000 0.000128097 -0.003458891 0.000018132 -0.000128099 1.000000000 -0.008279149
1.000000000 -0.000054932 -0.000004202 0.000021591 0.000054933 1.000000000 0.000134278 -0.001336900 0.000004195 -0.000134278 1.000000000 -0.004991245
1.000000000 -0.000191660 -0.000058166 0.000401386 0.000191668 1.000000000 0.000131988 -0.000888644 0.000058140 -0.000132000 1.000000000 -0.003189719
1.000000000 -0.000166697 0.000029494 -0.002949905 0.000166693 1.000000000 0.000137924 -0.000807347 -0.000029517 -0.000137920 1.000000000 -0.000858602
1.000000000 -0.000092062 0.000089663 -0.002260364 0.000092045 1.000000000 0.000185216 -0.001686884 -0.000089680 -0.000185208 1.000000000 -0.002059483
1.000000000 -0.000026404 0.000009071 -0.003073387 0.000026403 1.000000000 0.000119888 -0.001687546 -0.000009074 -0.000119888 1.000000000 -0.007065616
1.000000000 -0.000192004 -0.000058990 -0.000523848 0.000192016 0.999999940 0.000204373 -0.003398729 0.000058951 -0.000204385 1.000000000 -0.007941805
1.000000000 0.000113488 0.000060290 -0.001082230 -0.000113490 1.000000000 0.000036226 0.000118293 -0.000060286 -0.000036233 1.000000000 -0.001711025
1.000000000 -0.000045168 0.000049417 -0.001963362 0.000045164 1.000000000 0.000073082 -0.001495824 -0.000049421 -0.000073080 1.000000000 -0.003354483
1.000000000 -0.000129300 -0.000003527 -0.001744830 0.000129300 1.000000000 0.000077129 -0.001691998 0.000003517 -0.000077130 1.000000000 -0.006661635
1.000000000 -0.000234850 -0.000035304 0.000207966 0.000234854 0.999999940 0.000125659 -0.002077422 0.000035275 -0.000125667 1.000000000 -0.009417990
1.000000000 -0.000205871 0.000021242 -0.001745207 0.000205869 1.000000000 0.000078621 -0.001017941 -0.000021259 -0.000078617 1.000000000 -0.008120567
1.000000000 -0.000039885 -0.000008176 -0.000581517 0.000039887 1.000000000 0.000147463 -0.000680368 0.000008170 -0.000147463 1.000000000 -0.006294966
0.999999940 -0.000245937 -0.000084493 0.002771392 0.000245950 0.999999940 0.000148799 -0.003782074 0.000084457 -0.000148819 1.000000000 -0.006508909
1.000000000 -0.000179156 -0.000067464 0.003116727 0.000179123 0.999999881 -0.000480779 -0.006255226 0.000067551 0.000480767 0.999999881 0.048506893
0.999999940 -0.000252157 -0.000055625 0.006867947 0.000252094 0.999999344 -0.001118845 -0.006144557 0.000055907 0.001118831 0.999999344 0.140220389
0.999999940 -0.000257080 0.000003285 0.004029728 0.000257084 0.999999106 -0.001316031 -0.012789676 -0.000002947 0.001316031 0.999999106 0.259103924
1.000000000 -0.000143239 0.000172573 0.002849771 0.000143445 0.999999285 -0.001195471 -0.017651524 -0.000172402 0.001195496 0.999999285 0.386569917
1.000000000 0.000201621 0.000020427 0.010297067 -0.000201601 0.999999464 -0.001016734 -0.022378271 -0.000020632 0.001016730 0.999999464 0.533962131
1.000000000 0.000068208 0.000221757 0.012717053 -0.000067987 0.999999523 -0.000998057 -0.028758632 -0.000221825 0.000998042 0.999999464 0.683043063
1.000000000 0.000006345 0.000167700 0.015820503 -0.000006251 0.999999821 -0.000560223 -0.035666730 -0.000167704 0.000560222 0.999999821 0.854427576
0.999999940 0.000143581 0.000208970 0.017157733 -0.000143458 0.999999821 -0.000591662 -0.039009243 -0.000209055 0.000591632 0.999999821 1.017668247
0.999999702 0.000396267 0.000597551 0.012596201 -0.000396183 0.999999940 -0.000140559 -0.040244620 -0.000597607 0.000140322 0.999999821 1.171201825
0.999999881 0.000410818 0.000359565 0.022590104 -0.000410884 1.000000000 0.000183672 -0.048483331 -0.000359490 -0.000183819 0.999999881 1.354200363
0.999999523 0.000613403 0.000775852 0.020579753 -0.000613675 0.999999762 0.000350537 -0.054444399 -0.000775637 -0.000351013 0.999999642 1.550114870
0.999999285 0.000792153 0.000917805 0.026601627 -0.000792591 0.999999583 0.000477354 -0.062566385 -0.000917427 -0.000478081 0.999999464 1.739484191
0.999999344 0.000573140 0.000949805 0.028205825 -0.000573785 0.999999583 0.000678591 -0.064336620 -0.000949416 -0.000679136 0.999999285 1.951782942
0.999999225 0.000771029 0.001041994 0.033024732 -0.000771539 0.999999583 0.000488566 -0.068137117 -0.001041617 -0.000489370 0.999999404 2.173504829
0.999999285 0.000802010 0.000912786 0.039203662 -0.000802814 0.999999285 0.000879837 -0.075962238 -0.000912080 -0.000880569 0.999999225 2.368647099
0.999999046 0.001007165 0.000929016 0.045908734 -0.001008127 0.999998927 0.001035070 -0.085457675 -0.000927973 -0.001036005 0.999999046 2.597781420
0.999999225 0.000841712 0.000943353 0.052960880 -0.000842645 0.999999106 0.000988726 -0.090433322 -0.000942520 -0.000989520 0.999999106 2.826165199
0.999999404 0.000504227 0.000985793 0.057232462 -0.000504881 0.999999642 0.000662937 -0.093798578 -0.000985458 -0.000663435 0.999999225 3.071632862
0.999999583 0.000257218 0.000859540 0.067067206 -0.000257867 0.999999642 0.000755186 -0.104194172 -0.000859346 -0.000755408 0.999999285 3.312773228
0.999999046 0.000829807 0.001089172 0.066175781 -0.000830669 0.999999464 0.000791463 -0.109692425 -0.001088515 -0.000792367 0.999999046 3.566966057
0.999999046 0.000946937 0.000995850 0.074172094 -0.000947722 0.999999225 0.000788127 -0.118886918 -0.000995103 -0.000789070 0.999999225 3.812760830
0.999998927 0.000917215 0.001149060 0.074803703 -0.000918752 0.999998689 0.001337613 -0.130613253 -0.001147831 -0.001338667 0.999998450 4.071117878
0.999998689 0.001199316 0.001131451 0.080189891 -0.001201170 0.999997914 0.001639666 -0.141165599 -0.001129482 -0.001641023 0.999998093 4.320609570
0.999999166 0.000687873 0.001070402 0.086130217 -0.000689532 0.999998569 0.001550828 -0.145240754 -0.001069334 -0.001551565 0.999998212 4.588685513
0.999998569 0.000926567 0.001395573 0.089366771 -0.000928962 0.999998093 0.001716226 -0.152938053 -0.001393981 -0.001717520 0.999997556 4.843749523
0.999997616 0.001281999 0.001726792 0.082861215 -0.001284870 0.999997795 0.001662385 -0.166805863 -0.001724657 -0.001664600 0.999997139 5.089629650
0.999998569 0.000771018 0.001467921 0.092757501 -0.000773612 0.999998152 0.001767401 -0.170986205 -0.001466556 -0.001768534 0.999997377 5.355212688
0.999998629 0.000778478 0.001447588 0.102390781 -0.000781445 0.999997556 0.002050144 -0.190176845 -0.001445988 -0.002051272 0.999996781 5.617786407
0.999998689 0.000797038 0.001409417 0.113465287 -0.000799844 0.999997616 0.001991544 -0.195587471 -0.001407826 -0.001992668 0.999997020 5.884402752
0.999998510 0.000882903 0.001486985 0.116148241 -0.000886113 0.999997199 0.002158921 -0.209846020 -0.001485075 -0.002160235 0.999996603 6.143535614
0.999998331 0.000935414 0.001558440 0.119958073 -0.000938544 0.999997556 0.002008747 -0.212610587 -0.001556558 -0.002010206 0.999996781 6.444774628
0.999997914 0.001222489 0.001605046 0.135612682 -0.001225878 0.999997020 0.002111758 -0.226740792 -0.001602460 -0.002113721 0.999996424 6.714984894
0.999998569 0.000598460 0.001553187 0.134671852 -0.000601715 0.999997616 0.002096028 -0.230166018 -0.001551929 -0.002096960 0.999996603 7.027024269
0.999998510 0.001004786 0.001387315 0.146547332 -0.001007695 0.999997318 0.002097404 -0.242195815 -0.001385203 -0.002098799 0.999996841 7.310022831
0.999998093 0.001063222 0.001610780 0.154558986 -0.001066674 0.999997139 0.002143587 -0.252580523 -0.001608497 -0.002145301 0.999996424 7.608445644
0.999998450 0.000951541 0.001481531 0.160944030 -0.000955010 0.999996722 0.002342763 -0.263445318 -0.001479296 -0.002344174 0.999996185 7.938733578
0.999998748 0.000866144 0.001317921 0.172618642 -0.000869138 0.999997020 0.002273201 -0.274384797 -0.001315948 -0.002274343 0.999996603 8.247507095
0.999998569 0.001125618 0.001237564 0.179208145 -0.001128608 0.999996364 0.002418552 -0.281406194 -0.001234837 -0.002419945 0.999996305 8.577049255
0.999998510 0.000716093 0.001577328 0.173607230 -0.000720463 0.999995887 0.002771465 -0.295797408 -0.001575337 -0.002772597 0.999994934 8.900876999
0.999998748 0.000399262 0.001561459 0.182158515 -0.000403129 0.999996841 0.002476997 -0.301052094 -0.001560465 -0.002477623 0.999995768 9.249088287
0.999998868 0.000395772 0.001457732 0.195854962 -0.000399341 0.999996901 0.002448741 -0.312280774 -0.001456758 -0.002449320 0.999995947 9.598503113
0.999999046 0.000153500 0.001387022 0.196337789 -0.000157411 0.999996006 0.002820162 -0.330788702 -0.001386584 -0.002820377 0.999995053 9.932843208
0.999998629 0.000490269 0.001602469 0.206858218 -0.000494634 0.999996126 0.002725182 -0.343912601 -0.001601127 -0.002725971 0.999994934 10.279927254
0.999998689 0.000604744 0.001572470 0.214254528 -0.000609375 0.999995470 0.002945990 -0.352371812 -0.001570681 -0.002946944 0.999994457 10.646141052
0.999999046 0.000276189 0.001354026 0.225043848 -0.000279814 0.999996364 0.002677684 -0.356651902 -0.001353282 -0.002678060 0.999995410 11.015231133
0.999998868 0.000872289 0.001241126 0.229061186 -0.000875693 0.999995828 0.002744669 -0.369495332 -0.001238726 -0.002745753 0.999995470 11.400422096
0.999998868 0.000509643 0.001373239 0.249277383 -0.000514140 0.999994516 0.003276466 -0.386989534 -0.001371562 -0.003277169 0.999993682 11.753744125
0.999998629 0.000215921 0.001626968 0.251472741 -0.000221153 0.999994814 0.003216305 -0.394590974 -0.001626266 -0.003216660 0.999993503 12.137018204
0.999998689 0.000139361 0.001572506 0.264408141 -0.000144989 0.999993563 0.003579386 -0.415871412 -0.001571997 -0.003579609 0.999992430 12.527002335
0.999997973 0.000561196 0.001925812 0.272383273 -0.000567850 0.999993920 0.003456397 -0.414237946 -0.001923861 -0.003457485 0.999992132 12.919548988
0.999998271 0.000586804 0.001741217 0.278558761 -0.000593623 0.999992132 0.003918564 -0.447245121 -0.001738904 -0.003919592 0.999990821 13.294951439
0.999997199 0.001193352 0.002032493 0.285495460 -0.001201771 0.999990642 0.004145898 -0.460830152 -0.002027527 -0.004148330 0.999989390 13.712435722
0.999995470 0.001710381 0.002500902 0.291646779 -0.001720832 0.999989748 0.004182664 -0.467183769 -0.002493722 -0.004186948 0.999988139 14.125917435
0.999997795 0.000114315 0.002154092 0.316283047 -0.000124226 0.999989390 0.004601608 -0.501357973 -0.002153544 -0.004601865 0.999987066 14.538869858
0.999996960 0.000633473 0.002411595 0.327833593 -0.000645133 0.999988079 0.004837203 -0.516972780 -0.002408502 -0.004838743 0.999985456 14.942414284
0.999995291 0.000718857 0.003012654 0.334435433 -0.000733961 0.999987185 0.005015453 -0.531109214 -0.003009010 -0.005017640 0.999982834 15.344349861
0.999995410 0.000557775 0.002980820 0.356470466 -0.000573397 0.999986053 0.005242642 -0.556235850 -0.002977854 -0.005244326 0.999981821 15.827063560
0.999995410 0.000200365 0.003004211 0.371283203 -0.000215876 0.999986649 0.005163498 -0.566261590 -0.003003136 -0.005164124 0.999982178 16.270963669
0.999992788 0.001009713 0.003659472 0.376574844 -0.001030441 0.999983430 0.005666832 -0.585161150 -0.003653689 -0.005670562 0.999977291 16.692220688
0.999991477 0.001430173 0.003887434 0.386390418 -0.001451557 0.999983847 0.005503398 -0.588712454 -0.003879501 -0.005508994 0.999977291 17.167194366
0.999991536 0.001032166 0.003990193 0.389320225 -0.001054794 0.999983311 0.005673029 -0.601842344 -0.003984271 -0.005677190 0.999975920 17.601951599
0.999990642 0.000379177 0.004304370 0.404395282 -0.000403375 0.999984086 0.005622332 -0.615353644 -0.004302170 -0.005624015 0.999974906 18.067501068
0.999988019 0.000333677 0.004882761 0.414723724 -0.000361589 0.999983549 0.005716599 -0.625078857 -0.004880773 -0.005718296 0.999971688 18.530498505
0.999988914 0.000443961 0.004688304 0.425029784 -0.000469905 0.999984503 0.005533983 -0.637556493 -0.004685774 -0.005536124 0.999973714 19.011590958
0.999990821 -0.000193213 0.004263644 0.445962250 0.000168829 0.999983609 0.005718569 -0.651556313 -0.004264678 -0.005717797 0.999974549 19.479286194
0.999988496 0.000448965 0.004782669 0.450343013 -0.000476650 0.999983013 0.005789055 -0.666715324 -0.004779988 -0.005791268 0.999971807 19.949262619
0.999990165 0.000239064 0.004430692 0.458441168 -0.000265958 0.999981523 0.006070439 -0.693407536 -0.004429159 -0.006071559 0.999971747 20.443130493
0.999991655 -0.000238341 0.004074725 0.474644363 0.000213430 0.999981284 0.006112915 -0.706387401 -0.004076106 -0.006111994 0.999972999 20.930566788
0.999993384 -0.000171368 0.003655695 0.486171782 0.000148552 0.999980509 0.006240400 -0.711976588 -0.003656694 -0.006239816 0.999973834 21.442947388
0.999996364 -0.000280572 0.002678997 0.511859477 0.000264038 0.999980927 0.006169774 -0.738712668 -0.002680677 -0.006169044 0.999977291 21.948158264
0.999995768 0.000547417 0.002865428 0.520418406 -0.000564943 0.999981165 0.006118943 -0.750395775 -0.002862025 -0.006120537 0.999977112 22.474346161
0.999997616 0.000033621 0.002167511 0.527517915 -0.000047558 0.999979317 0.006430430 -0.760940075 -0.002167250 -0.006430518 0.999976933 22.984443665
0.999998808 -0.000789586 0.001283622 0.533506155 0.000781031 0.999977589 0.006651391 -0.782709599 -0.001288845 -0.006650380 0.999976993 23.497028351
0.999997616 -0.002136825 0.000390832 0.545289636 0.002134258 0.999976873 0.006453116 -0.796418965 -0.000404612 -0.006452267 0.999979079 24.014701843
0.999999702 -0.000809128 0.000030948 0.552541256 0.000808909 0.999978304 0.006535826 -0.807455897 -0.000036236 -0.006535799 0.999978662 24.529451370
0.999999106 -0.000972642 -0.000817969 0.565433502 0.000978005 0.999977887 0.006581851 -0.817014277 0.000811549 -0.006582646 0.999978006 25.063173294
0.999998629 -0.000882108 -0.001347390 0.567121267 0.000890983 0.999977827 0.006600793 -0.827431858 0.001341538 -0.006601984 0.999977291 25.581727982
0.999998391 -0.000795372 -0.001612913 0.575591505 0.000806025 0.999977708 0.006615015 -0.840644836 0.001607616 -0.006616304 0.999976814 26.126405716
0.999996960 -0.001212018 -0.002146924 0.591377854 0.001227005 0.999974728 0.006993065 -0.850747705 0.002138394 -0.006995678 0.999973238 26.668016434
0.999995470 -0.001524567 -0.002578782 0.598666549 0.001542557 0.999974310 0.006988638 -0.865952909 0.002568061 -0.006992584 0.999972224 27.193117142
0.999995112 -0.000982847 -0.002973007 0.617160380 0.001004768 0.999972224 0.007380883 -0.886141181 0.002965670 -0.007383835 0.999968350 27.731111526
0.999994278 -0.001007617 -0.003220516 0.612139165 0.001031988 0.999970794 0.007575040 -0.893018901 0.003212789 -0.007578320 0.999966145 28.260725021
0.999992728 -0.000944211 -0.003674306 0.625293195 0.000971675 0.999971569 0.007480193 -0.906191707 0.003667139 -0.007483710 0.999965310 28.806339264
0.999991119 -0.001255590 -0.004029385 0.634386480 0.001286069 0.999970496 0.007570549 -0.922191083 0.004019761 -0.007575663 0.999963224 29.323024750
0.999990165 -0.001200202 -0.004249500 0.637764275 0.001233242 0.999968946 0.007780779 -0.935126662 0.004240030 -0.007785944 0.999960661 29.854524612
0.999989510 -0.001140018 -0.004439534 0.649513304 0.001173941 0.999970019 0.007646080 -0.945183396 0.004430685 -0.007651211 0.999960899 30.395298004
0.999989688 -0.000555265 -0.004505560 0.658522129 0.000590377 0.999969423 0.007795342 -0.965783000 0.004501095 -0.007797922 0.999959409 30.928344727
0.999986589 -0.000861515 -0.005134619 0.669680655 0.000901284 0.999969602 0.007747843 -0.979221225 0.005127789 -0.007752365 0.999956787 31.463039398
0.999987483 -0.000635802 -0.004959872 0.677877128 0.000672591 0.999972284 0.007419056 -0.988155484 0.004955017 -0.007422300 0.999960184 32.012981415
0.999985337 -0.000745265 -0.005368247 0.684782505 0.000786922 0.999969542 0.007761935 -0.997876406 0.005362299 -0.007766046 0.999955475 32.531631470
0.999986112 0.000247866 -0.005258647 0.686802387 -0.000210875 0.999975264 0.007033686 -0.993686557 0.005260261 -0.007032480 0.999961436 33.136081696
0.999984562 -0.000107408 -0.005553415 0.687462926 0.000147916 0.999973357 0.007294274 -1.015644073 0.005552483 -0.007294983 0.999957919 33.578296661
0.999982417 0.000411197 -0.005912069 0.696307659 -0.000365610 0.999970257 0.007709930 -1.039488554 0.005915063 -0.007707633 0.999952793 34.109653473
0.999981165 0.000175949 -0.006131948 0.711671710 -0.000130653 0.999972701 0.007386430 -1.045991302 0.006133080 -0.007385488 0.999953926 34.602897644
0.999981999 0.000075743 -0.005986706 0.732254565 -0.000031833 0.999973118 0.007334276 -1.044895291 0.005987102 -0.007333954 0.999955177 35.166427612
0.999981821 0.000198772 -0.006026098 0.709859252 -0.000157489 0.999976456 0.006850299 -1.048888326 0.006027319 -0.006849226 0.999958336 35.777236938
0.999981701 -0.000374178 -0.006037507 0.733083487 0.000422434 0.999967933 0.007993445 -1.087096691 0.006034323 -0.007995849 0.999949813 36.220752716
0.999982655 -0.000333164 -0.005891952 0.713131607 0.000379650 0.999968827 0.007890448 -1.087614536 0.005889140 -0.007892547 0.999951541 36.709987640
0.999980271 -0.000463040 -0.006261748 0.704824865 0.000513031 0.999967992 0.007984206 -1.106541991 0.006257851 -0.007987261 0.999948502 37.249431610
0.999979258 -0.000310667 -0.006415472 0.737235427 0.000361200 0.999968946 0.007877015 -1.111078262 0.006412826 -0.007879170 0.999948382 37.754039764
0.999973357 -0.000298028 -0.007294636 0.780949473 0.000356338 0.999967992 0.007993557 -1.115041971 0.007292021 -0.007995943 0.999941409 38.287128448
0.999972761 -0.000757710 -0.007360113 0.791579366 0.000824027 0.999958992 0.009011463 -1.189434409 0.007352985 -0.009017282 0.999932289 38.855754852
0.999968588 -0.001120651 -0.007856918 0.820185423 0.001194244 0.999955356 0.009368177 -1.205806136 0.007846070 -0.009377263 0.999925256 39.384342194
0.999968946 -0.001745572 -0.007676645 0.803459883 0.001818096 0.999953628 0.009450509 -1.213668585 0.007659793 -0.009464172 0.999925911 39.894454956
0.999973834 -0.000225316 -0.007229145 0.808857143 0.000289925 0.999960005 0.008937428 -1.224767208 0.007226842 -0.008939289 0.999933958 40.434143066
0.999972701 0.000185375 -0.007399820 0.807184815 -0.000121954 0.999963224 0.008570105 -1.197310328 0.007401137 -0.008568967 0.999935865 41.002918243
0.999971032 -0.000511092 -0.007603923 0.823178291 0.000580650 0.999957979 0.009148234 -1.246287704 0.007598929 -0.009152382 0.999929309 41.508281708
0.999970078 -0.000931900 -0.007680398 0.829363346 0.001005849 0.999953151 0.009630066 -1.263826489 0.007671064 -0.009637503 0.999924123 42.026187897
0.999970138 -0.000579268 -0.007700489 0.835518479 0.000651963 0.999955177 0.009441174 -1.274150372 0.007694675 -0.009445913 0.999925792 42.566143036
0.999969125 -0.000912026 -0.007805536 0.841288030 0.000984935 0.999955833 0.009341927 -1.282277107 0.007796669 -0.009349328 0.999925911 43.099853516
0.999971211 -0.000783976 -0.007547130 0.845442712 0.000853545 0.999957085 0.009219031 -1.290812016 0.007539579 -0.009225206 0.999929011 43.618206024
0.999972463 -0.000233881 -0.007415316 0.851893485 0.000300019 0.999960184 0.008919317 -1.297032356 0.007412934 -0.008921297 0.999932706 44.158382416
0.999972701 -0.000061486 -0.007389414 0.858869791 0.000126484 0.999961317 0.008795877 -1.310000658 0.007388587 -0.008796572 0.999934018 44.692390442
0.999970376 -0.000634435 -0.007667669 0.868450999 0.000700262 0.999962926 0.008585385 -1.312427878 0.007661939 -0.008590500 0.999933779 45.227390289
0.999968946 -0.000815663 -0.007837424 0.879060149 0.000886714 0.999958515 0.009066452 -1.338304281 0.007829704 -0.009073121 0.999928117 45.744537354
0.999969959 -0.000591390 -0.007719527 0.896853924 0.000661477 0.999958575 0.009079753 -1.348048568 0.007713837 -0.009084588 0.999928951 46.310821533
0.999966502 -0.000808463 -0.008141361 0.907614231 0.000885814 0.999954522 0.009501814 -1.361524343 0.008133310 -0.009508708 0.999921679 46.838081360
0.999971926 -0.000018993 -0.007496777 0.902029514 0.000084244 0.999962091 0.008703712 -1.361619473 0.007496328 -0.008704099 0.999934018 47.290691376
0.999970734 -0.000100898 -0.007647188 0.936041713 0.000161715 0.999968410 0.007952645 -1.363549232 0.007646144 -0.007953649 0.999939084 47.954017639
0.999969721 -0.000368050 -0.007770438 0.921148777 0.000438290 0.999959052 0.009039532 -1.387352705 0.007766795 -0.009042664 0.999928951 48.324565887
0.999969780 -0.000074199 -0.007780115 0.935526192 0.000144281 0.999959409 0.009007663 -1.401237249 0.007779132 -0.009008511 0.999929190 48.865604401
0.999970436 -0.000224150 -0.007678710 0.938426614 0.000290243 0.999962866 0.008607289 -1.402452946 0.007676498 -0.008609262 0.999933481 49.347789764
0.999977112 0.000626407 -0.006726571 0.933807373 -0.000562288 0.999954402 0.009529746 -1.424134254 0.006732234 -0.009525747 0.999931931 49.985687256
0.999972284 0.000227566 -0.007438239 0.947407842 -0.000156221 0.999953926 0.009590796 -1.434778094 0.007440079 -0.009589369 0.999926329 50.358219147
0.999971151 0.000035961 -0.007598723 0.954343557 0.000036806 0.999954104 0.009575934 -1.442387819 0.007598720 -0.009575937 0.999925196 50.880481720
0.999975502 0.000718915 -0.006974975 0.944806099 -0.000654020 0.999956489 0.009301739 -1.457162261 0.006981359 -0.009296948 0.999932408 51.396911621
0.999972105 -0.000077999 -0.007470272 0.980697691 0.000149448 0.999954164 0.009564287 -1.462448120 0.007469185 -0.009565137 0.999926329 51.896606445
0.999978185 0.000456188 -0.006594648 0.958872020 -0.000390774 0.999950707 0.009917152 -1.475974560 0.006598847 -0.009914358 0.999929070 52.499279022
0.999976158 0.000305420 -0.006903421 1.006799459 -0.000244232 0.999960721 0.008862464 -1.474670529 0.006905857 -0.008860568 0.999936938 52.992195129
0.999979854 0.000926617 -0.006283405 0.987456560 -0.000869315 0.999958038 0.009116275 -1.490474105 0.006291590 -0.009110630 0.999938667 53.516136169
0.999971926 -0.000291594 -0.007499772 1.010446668 0.000358067 0.999960661 0.008863474 -1.505083084 0.007496891 -0.008865911 0.999932587 53.894279480
0.999977767 0.001380592 -0.006526460 1.025790095 -0.001324024 0.999961615 0.008663737 -1.480913639 0.006538169 -0.008654904 0.999941230 54.666618347
0.999970615 0.000056456 -0.007669811 1.045191765 0.000013960 0.999957860 0.009180580 -1.521089196 0.007670006 -0.009180418 0.999928355 55.022087097
0.999969542 -0.000754925 -0.007774561 1.064800262 0.000823156 0.999961197 0.008776654 -1.524645805 0.007767634 -0.008782786 0.999931276 55.519153595
0.999970496 -0.000203051 -0.007668857 1.042710304 0.000273927 0.999957263 0.009242168 -1.541484118 0.007666652 -0.009243997 0.999927878 55.857513428
0.999976158 0.000544570 -0.006881454 1.056817055 -0.000482485 0.999959230 0.009020576 -1.538232327 0.006886085 -0.009017042 0.999935567 56.667049408
0.999975741 0.000147036 -0.006965512 1.047474146 -0.000082103 0.999956548 0.009321292 -1.567745090 0.006966579 -0.009320496 0.999932289 56.881156921
0.999974132 0.000275143 -0.007189375 1.058781862 -0.000206260 0.999954104 0.009580323 -1.579026699 0.007191681 -0.009578592 0.999928236 57.383682251
0.999972105 0.000306223 -0.007463573 1.081471086 -0.000233674 0.999952734 0.009719316 -1.604118347 0.007466197 -0.009717301 0.999924898 57.890007019
0.999973238 0.000313857 -0.007310665 1.089540720 -0.000241317 0.999950767 0.009921266 -1.621446848 0.007313420 -0.009919237 0.999924064 58.427181244
0.999973953 0.000217841 -0.007210725 1.091717362 -0.000146741 0.999951363 0.009859357 -1.621811032 0.007212523 -0.009858043 0.999925375 58.917461395
0.999973416 0.000068327 -0.007286017 1.114102006 0.000002274 0.999953032 0.009689452 -1.635651708 0.007286338 -0.009689212 0.999926448 59.549579620
0.999976575 0.000580384 -0.006811138 1.112057447 -0.000514731 0.999953449 0.009636917 -1.644240975 0.006816414 -0.009633185 0.999930322 60.012252808
0.999974966 0.000498994 -0.007053391 1.140662193 -0.000428829 0.999950469 0.009945730 -1.657379389 0.007058005 -0.009942457 0.999925673 60.529613495
0.999970078 0.000013010 -0.007734452 1.144864559 0.000062230 0.999952674 0.009727457 -1.688258648 0.007734213 -0.009727647 0.999922752 60.987957001
0.999974310 0.001386745 -0.007025107 1.165176630 -0.001316574 0.999949276 0.009983427 -1.661417484 0.007038596 -0.009973921 0.999925435 61.568092346
0.999969304 0.000731637 -0.007795692 1.192788124 -0.000645206 0.999938369 0.011083852 -1.734880090 0.007803321 -0.011078483 0.999908209 62.096931458
0.999962449 -0.000350250 -0.008648360 1.222920179 0.000456575 0.999924242 0.012295257 -1.775763392 0.008643398 -0.012298747 0.999886990 62.688209534
0.999968231 0.000235504 -0.007971462 1.219467640 -0.000155713 0.999949872 0.010008823 -1.705572605 0.007973420 -0.010007263 0.999918103 63.241348267
0.999966145 -0.001218659 -0.008134888 1.224322796 0.001296033 0.999953866 0.009512814 -1.707188129 0.008122919 -0.009523035 0.999921620 63.336772919
0.999968529 -0.001129122 -0.007849251 1.239787459 0.001199478 0.999959171 0.008964416 -1.712010622 0.007838807 -0.008973548 0.999929011 63.881862640
0.999964356 -0.001876245 -0.008226901 1.249600649 0.001948821 0.999959171 0.008822725 -1.720850587 0.008210011 -0.008838444 0.999927223 64.421371460
0.999959826 -0.002390246 -0.008630027 1.246917248 0.002462084 0.999962389 0.008323180 -1.725131750 0.008609807 -0.008344094 0.999928117 64.910400391
0.999962330 -0.002215139 -0.008386230 1.265649080 0.002288234 0.999959350 0.008716522 -1.734728575 0.008366580 -0.008735384 0.999926865 65.437957764
0.999970615 -0.000214127 -0.007652220 1.275439024 0.000293495 0.999946117 0.010372234 -1.800293207 0.007649589 -0.010374177 0.999916852 65.846038818
0.999970734 -0.000082954 -0.007639765 1.289885759 0.000165803 0.999941170 0.010844452 -1.824244976 0.007638417 -0.010845403 0.999911904 66.380867004
0.999964118 -0.001203863 -0.008370894 1.295628309 0.001295932 0.999938607 0.011001947 -1.830732822 0.008357136 -0.011012401 0.999904394 66.927513123
0.999966383 -0.000485250 -0.008180209 1.322508335 0.000573325 0.999941885 0.010767893 -1.832545877 0.008174509 -0.010772222 0.999908447 67.420860291
0.999966919 -0.001140717 -0.008046759 1.296730399 0.001223085 0.999946833 0.010238673 -1.844674110 0.008034651 -0.010248177 0.999915183 67.840148926
0.999958575 -0.001671390 -0.008942835 1.339028835 0.001759502 0.999949932 0.009853962 -1.828127146 0.008925918 -0.009869291 0.999911427 68.478843689
0.999962747 -0.001800466 -0.008438827 1.322189093 0.001887446 0.999945045 0.010310517 -1.860628128 0.008419801 -0.010326060 0.999911249 68.839096069
0.999953568 -0.002071719 -0.009414055 1.343097687 0.002177466 0.999934435 0.011236570 -1.884756088 0.009390160 -0.011256547 0.999892592 69.361862183
0.999961972 -0.001311544 -0.008620208 1.341219664 0.001404599 0.999940693 0.010797775 -1.916845083 0.008605534 -0.010809474 0.999904513 69.827270508
0.999966204 -0.000471248 -0.008205949 1.348090410 0.000561460 0.999939382 0.010994714 -1.935545683 0.008200270 -0.010998949 0.999905825 70.363067627
0.999968588 -0.000562578 -0.007902465 1.344990969 0.000650940 0.999937236 0.011183392 -1.938951254 0.007895675 -0.011188186 0.999906242 70.873588562
0.999968946 -0.000192278 -0.007870734 1.353081465 0.000279014 0.999939203 0.011020548 -1.950641870 0.007868136 -0.011022403 0.999908209 71.395240784
0.999969602 -0.000657273 -0.007761169 1.358447313 0.000743749 0.999937594 0.011144451 -1.964050174 0.007753361 -0.011149886 0.999907732 71.944030762
0.999969006 -0.000614122 -0.007851530 1.372698069 0.000701853 0.999937296 0.011175880 -1.971677303 0.007844176 -0.011181045 0.999906719 72.423828125
0.999964237 -0.001410713 -0.008339545 1.389806747 0.001506601 0.999932826 0.011502833 -1.985732317 0.008322755 -0.011514985 0.999899089 72.972908020
0.999964654 -0.001059425 -0.008348966 1.409159541 0.001159511 0.999927461 0.011992197 -2.012477636 0.008335656 -0.012001454 0.999893248 73.477714539
0.999965012 -0.000842711 -0.008314375 1.405057907 0.000938650 0.999932885 0.011541791 -2.028727531 0.008304089 -0.011549193 0.999898851 73.944702148
0.999964356 -0.001170880 -0.008357665 1.414626360 0.001266018 0.999934316 0.011387101 -2.041119814 0.008343783 -0.011397278 0.999900222 74.471847534
0.999965429 -0.000729020 -0.008280724 1.423113704 0.000826710 0.999929965 0.011800002 -2.043126583 0.008271543 -0.011806441 0.999896049 75.012474060
0.999965549 -0.000826752 -0.008259669 1.436442614 0.000922860 0.999931812 0.011638787 -2.059495211 0.008249481 -0.011646008 0.999898136 75.538711548
0.999960363 -0.001092175 -0.008833636 1.450288296 0.001194281 0.999932468 0.011561689 -2.071495295 0.008820410 -0.011571781 0.999894142 76.070960999
0.999964654 -0.000448260 -0.008386336 1.450533986 0.000546354 0.999931514 0.011698268 -2.078681946 0.008380517 -0.011702438 0.999896348 76.615974426
0.999966264 -0.000483916 -0.008192721 1.454606295 0.000579776 0.999931455 0.011702333 -2.087977409 0.008186495 -0.011706687 0.999897897 77.162765503
0.999973178 -0.000993796 -0.007249293 1.471697807 0.001078970 0.999930441 0.011754888 -2.100514412 0.007237106 -0.011762396 0.999904573 77.707527161
0.999983549 -0.001013807 -0.005648393 1.473789692 0.001079042 0.999932647 0.011558084 -2.104916096 0.005636294 -0.011563989 0.999917209 78.259506226
0.999992192 -0.000295257 -0.003925744 1.474458814 0.000340856 0.999932408 0.011619969 -2.116894484 0.003922048 -0.011621217 0.999924779 78.793594360
0.999994993 -0.000729073 -0.003073269 1.483521104 0.000764235 0.999934077 0.011455383 -2.123353481 0.003064716 -0.011457677 0.999929667 79.345573425
1.000000000 -0.000138635 -0.000103090 1.501678824 0.000139820 0.999932885 0.011586339 -2.142858982 0.000101477 -0.011586353 0.999932885 79.859741211
0.999994218 0.000256861 0.003365275 1.537877560 -0.000297277 0.999927759 0.012014714 -2.154519558 -0.003361945 -0.012015644 0.999922156 80.408660889
0.999979496 -0.000349996 0.006393071 1.559123993 0.000274374 0.999930024 0.011825876 -2.165097952 -0.006396764 -0.011823878 0.999909639 80.942230225
0.999948204 -0.000464512 0.010163810 1.596242547 0.000345926 0.999931872 0.011666114 -2.180495024 -0.010168537 -0.011661993 0.999880314 81.468566895
0.999875665 -0.000761244 0.015752990 1.629206181 0.000578207 0.999932289 0.011620494 -2.181296587 -0.015760772 -0.011609938 0.999808431 81.964790344
0.999771893 -0.001325250 0.021316309 1.663059115 0.001080764 0.999933600 0.011476885 -2.197808504 -0.021330100 -0.011451229 0.999706924 82.438255310
0.999625802 -0.000814998 0.027339140 1.692474842 0.000494741 0.999931216 0.011718976 -2.209209919 -0.027346808 -0.011701065 0.999557495 82.994194031
0.999334157 0.000574770 0.036480814 1.687866449 -0.001011008 0.999928117 0.011940715 -2.210750580 -0.036471333 -0.011969646 0.999263048 83.603858948
0.999016464 -0.000432910 0.044336963 1.797164559 -0.000093654 0.999929428 0.011873632 -2.249976158 -0.044338983 -0.011866108 0.998946071 84.275405884
0.998674870 -0.000626447 0.051458105 1.849211931 -0.000004824 0.999924719 0.012266638 -2.256613016 -0.051461916 -0.012250632 0.998599827 84.805854797
0.998174012 -0.000683563 0.060398985 1.897915840 -0.000025100 0.999931157 0.011731498 -2.263213873 -0.060402837 -0.011711594 0.998105347 85.377777100
0.997520864 -0.000780431 0.070368141 1.947504044 -0.000088619 0.999923825 0.012346073 -2.291941643 -0.070372418 -0.012321700 0.997444630 85.912246704
0.996855915 -0.001349826 0.079223558 1.999071598 0.000379116 0.999924719 0.012266569 -2.289221048 -0.079234146 -0.012197965 0.996781409 86.464042664
0.996215343 -0.001289606 0.086910203 2.077665329 0.000239947 0.999926925 0.012086882 -2.302293301 -0.086919442 -0.012020282 0.996142805 86.998100281
0.995260775 -0.001846740 0.097225383 2.163206100 0.000676592 0.999926984 0.012067011 -2.312083483 -0.097240552 -0.011944042 0.995189250 87.553665161
0.994191229 -0.001573252 0.107615925 2.243647575 0.000268343 0.999926329 0.012139016 -2.321845293 -0.107627079 -0.012039628 0.994118392 88.091499329
0.993196607 -0.002870987 0.116414234 2.350446224 0.001473371 0.999925852 0.012089815 -2.346230268 -0.116440304 -0.011836044 0.993127167 88.648559570
0.991836548 -0.002780813 0.127485365 2.440760612 0.001233115 0.999924600 0.012217513 -2.351564407 -0.127509728 -0.011960574 0.991765201 89.210922241
0.990175486 -0.003183040 0.139793947 2.537042618 0.001502425 0.999925375 0.012125978 -2.360989571 -0.139822096 -0.011796818 0.990106463 89.748092651
0.988588214 -0.003216441 0.150608957 2.645677567 0.001383692 0.999923706 0.012272146 -2.373897076 -0.150636941 -0.011923702 0.988517225 90.294952393
0.987095773 -0.003380363 0.160095304 2.751320839 0.001428563 0.999923289 0.012305007 -2.382143259 -0.160124630 -0.011917518 0.987024784 90.833801270
0.985081613 -0.003507721 0.172052592 2.867262840 0.001338482 0.999918163 0.012722390 -2.398485422 -0.172083139 -0.012302304 0.985005617 91.367332458
0.982788324 -0.004249337 0.184686512 2.993349075 0.001964311 0.999919295 0.012553662 -2.403015852 -0.184724912 -0.011974812 0.982717335 91.921943665
0.980715752 -0.005069680 0.195373565 3.118379593 0.002748268 0.999922335 0.012151161 -2.403370857 -0.195420057 -0.011379895 0.980653584 92.456535339
0.978011847 -0.005041778 0.208488375 3.261892319 0.002538692 0.999921501 0.012271720 -2.416883945 -0.208533838 -0.011472600 0.977947831 92.994735718
0.975020707 -0.005396612 0.222048461 3.408924103 0.002695321 0.999918580 0.012466549 -2.426381111 -0.222097695 -0.011556651 0.974955857 93.529663086
0.972386956 -0.005171311 0.233317003 3.562160492 0.002283789 0.999917507 0.012644415 -2.439686298 -0.233363107 -0.011762418 0.972318470 94.061088562
0.969526827 -0.006549071 0.244897455 3.742618561 0.003638790 0.999917328 0.012334239 -2.450075150 -0.244957998 -0.011067247 0.969470501 94.604393005
0.965873182 -0.006522921 0.258933187 3.912439346 0.003340754 0.999913335 0.012727652 -2.464840174 -0.258993804 -0.011428267 0.965811372 95.118812561
0.962311268 -0.006769901 0.271865815 4.083414078 0.003501198 0.999915659 0.012506492 -2.476572514 -0.271927565 -0.011083284 0.962253809 95.652290344
0.959210277 -0.007618543 0.282590806 4.270887375 0.004210901 0.999910951 0.012663983 -2.494592428 -0.282662153 -0.010957458 0.959156871 96.153633118
0.954993069 -0.007698373 0.296527952 4.461095810 0.004027788 0.999907553 0.012987479 -2.504715919 -0.296600491 -0.011208602 0.954935849 96.688484192
0.950632870 -0.007955695 0.310215890 4.661445618 0.004090962 0.999905646 0.013106820 -2.514452696 -0.310290873 -0.011190692 0.950575769 97.203933716
0.946750343 -0.008780468 0.321848810 4.861623764 0.004892436 0.999904931 0.012887167 -2.515653372 -0.321931392 -0.010626302 0.946703374 97.738288879
0.942319274 -0.008557783 0.334605992 5.067611694 0.004447938 0.999904931 0.013046966 -2.528573990 -0.334685922 -0.010806101 0.942267776 98.250244141
0.937178791 -0.008510156 0.348745525 5.280744553 0.004129271 0.999902904 0.013303294 -2.542486191 -0.348824918 -0.011027500 0.937122941 98.750289917
0.932547390 -0.009002627 0.360935301 5.498527527 0.004327561 0.999895990 0.013758793 -2.555421114 -0.361021638 -0.011268756 0.932489336 99.262504578
0.928203642 -0.010093283 0.371935636 5.733434677 0.005359813 0.999890924 0.013758258 -2.572622538 -0.372033894 -0.010776959 0.928156555 99.725524902
0.922422409 -0.010369775 0.386043280 5.971647263 0.005517021 0.999891281 0.013676248 -2.576745033 -0.386143118 -0.010485470 0.922379315 100.232971191
0.916992366 -0.011677125 0.398733854 6.218055725 0.006720235 0.999881804 0.013827123 -2.587783575 -0.398848206 -0.009999783 0.916962445 100.723854065
0.912331581 -0.012329223 0.409266561 6.473526001 0.007214555 0.999875426 0.014038824 -2.604625702 -0.409388661 -0.009855384 0.912306845 101.228370667
0.906925797 -0.012767305 0.421096772 6.744144440 0.007353109 0.999868155 0.014478609 -2.626046658 -0.421226174 -0.010034654 0.906900048 101.724273682
0.900534093 -0.013369465 0.434579760 7.014518738 0.007872040 0.999864638 0.014447553 -2.640818119 -0.434714079 -0.009589487 0.900517464 102.207664490
0.894785643 -0.013865461 0.446280688 7.294456482 0.008132907 0.999858022 0.014758166 -2.650510788 -0.446421891 -0.009575834 0.894771338 102.699340820
0.888963819 -0.014269008 0.457755089 7.562820435 0.008302423 0.999852300 0.015043741 -2.660621643 -0.457902104 -0.009572865 0.888951063 103.170562744
0.882032871 -0.014390679 0.470968097 7.858390808 0.008479108 0.999856412 0.014671398 -2.666862011 -0.471111536 -0.008947268 0.882028222 103.651054382
0.875310361 -0.016149996 0.483291835 8.156646729 0.010028698 0.999833465 0.015247689 -2.678434372 -0.483457595 -0.008499672 0.875326514 104.117141724
