1.000000000 0.000000000 0.000000000 0.000000000 0.000000000 1.000000000 0.000000000 0.000000000 0.000000000 0.000000000 1.000000000 0.000000000
1.000000000 0.000000508 -0.000043151 0.000313269 -0.000000511 1.000000000 -0.000065398 0.000433313 0.000043151 0.000065398 1.000000000 -0.000228553
1.000000000 -0.000110205 -0.000082673 0.000118029 0.000110204 1.000000000 -0.000010769 0.000100146 0.000082674 0.000010760 1.000000000 -0.000015399
1.000000000 -0.000027043 -0.000103256 -0.001242939 0.000027040 1.000000000 -0.000033598 0.001508044 0.000103257 0.000033595 1.000000000 0.000021007
1.000000000 0.000021024 -0.000019572 -0.000792191 -0.000021024 1.000000000 -0.000011620 0.000261355 0.000019572 0.000011620 1.000000000 -0.000376432
1.000000000 -0.000149951 -0.000053163 -0.000237203 0.000149949 1.000000000 -0.000025142 -0.000363463 0.000053167 0.000025134 1.000000000 -0.001378395
1.000000000 0.000069665 -0.000035887 -0.000217694 -0.000069667 1.000000000 -0.000051567 0.000918468 0.000035883 0.000051570 1.000000000 -0.002181080
1.000000000 0.000002716 -0.000009984 -0.000135322 -0.000002716 1.000000000 -0.000020664 0.000994494 0.000009984 0.000020664 1.000000000 0.001710495
1.000000000 0.000055077 0.000025053 -0.001403623 -0.000055076 1.000000000 -0.000035759 0.001346019 -0.000025055 0.000035757 1.000000000 0.001506774
1.000000000 -0.000005004 -0.000053250 -0.000408979 0.000005003 1.000000000 -0.000019140 0.001266612 0.000053250 0.000019140 1.000000000 0.001488900
1.000000000 -0.000032688 -0.000049115 -0.000413583 0.000032686 1.000000000 -0.000044786 0.001191262 0.000049117 0.000044784 1.000000000 0.000847431
1.000000000 -0.000043186 -0.000037332 -0.001905687 0.000043188 1.000000000 0.000047941 0.001132374 0.000037330 -0.000047943 1.000000000 0.001716112
1.000000000 -0.000038634 -0.000042314 -0.001540930 0.000038632 1.000000000 -0.000028367 0.000945987 0.000042315 0.000028366 1.000000000 0.000811301
1.000000000 -0.000014433 -0.000066525 0.000765668 0.000014437 1.000000000 0.000060414 -0.000240505 0.000066524 -0.000060415 1.000000000 -0.002922549
1.000000000 -0.000042091 -0.000062613 0.000675664 0.000042094 1.000000000 0.000056205 0.000195117 0.000062610 -0.000056208 1.000000000 -0.002212266
1.000000000 0.000041020 -0.000020943 -0.000256255 -0.000041021 1.000000000 -0.000031257 0.001748655 0.000020942 0.000031258 1.000000000 0.000942884
1.000000000 0.000002679 -0.000071058 0.000217889 -0.000002677 1.000000000 0.000032127 0.000649165 0.000071058 -0.000032127 1.000000000 -0.001284493
1.000000000 -0.000083668 -0.000094533 0.000470080 0.000083665 1.000000000 -0.000024983 0.000248002 0.000094535 0.000024975 1.000000000 -0.002517919
1.000000000 -0.000072657 -0.000061702 -0.000484209 0.000072657 1.000000000 0.000006248 0.000939493 0.000061702 -0.000006253 1.000000000 0.001251619
1.000000000 -0.000125050 -0.000064377 -0.000566613 0.000125055 1.000000000 0.000066426 -0.000055597 0.000064369 -0.000066434 1.000000000 -0.002240879
1.000000000 -0.000090459 -0.000117422 0.002224152 0.000090464 1.000000000 0.000045599 -0.000112408 0.000117417 -0.000045610 1.000000000 -0.001615669
1.000000000 -0.000123840 -0.000108900 0.000868702 0.000123843 1.000000000 0.000026079 0.000447671 0.000108897 -0.000026092 1.000000000 -0.001446789
1.000000000 -0.000101364 -0.000076326 -0.000484777 0.000101365 1.000000000 0.000005734 0.000713148 0.000076326 -0.000005742 1.000000000 -0.000129519
1.000000000 -0.000095852 -0.000095135 0.000993499 0.000095856 1.000000000 0.000047578 0.000501798 0.000095130 -0.000047587 1.000000000 -0.001296550
1.000000000 -0.000130067 -0.000082471 0.001309447 0.000130069 1.000000000 0.000017729 0.000606453 0.000082469 -0.000017740 1.000000000 -0.000734902
1.000000000 -0.000170397 -0.000126825 0.001329562 0.000170403 1.000000000 0.000048598 0.000101149 0.000126816 -0.000048620 1.000000000 -0.002891018
0.999999940 -0.000254447 -0.000090999 -0.000103520 0.000254448 0.999999940 0.000011583 -0.000084290 0.000090996 -0.000011606 1.000000000 -0.002944623
1.000000000 -0.000085162 -0.000117480 0.001136519 0.000085169 1.000000000 0.000058216 0.000304699 0.000117475 -0.000058226 1.000000000 -0.002080028
1.000000000 -0.000111150 -0.000124703 0.002422202 0.000111156 1.000000000 0.000044515 0.000021768 0.000124698 -0.000044529 1.000000000 -0.002567272
1.000000000 -0.000162364 -0.000147824 0.001250596 0.000162367 1.000000000 0.000021075 0.000588658 0.000147821 -0.000021099 1.000000000 -0.002353689
1.000000000 -0.000084639 -0.000071026 0.000720900 0.000084641 1.000000000 0.000025304 -0.000061364 0.000071024 -0.000025310 1.000000000 -0.003157280
1.000000000 -0.000159048 -0.000126969 0.001715701 0.000159051 1.000000000 0.000024600 -0.000111628 0.000126965 -0.000024620 1.000000000 -0.004035333
1.000000000 -0.000099770 -0.000059921 0.000154207 0.000099773 1.000000000 0.000054652 0.000156697 0.000059916 -0.000054658 1.000000000 -0.001467348
1.000000000 -0.000189153 -0.000097942 0.000472568 0.000189157 1.000000000 0.000043471 0.000731430 0.000097934 -0.000043489 1.000000000 -0.001833277
1.000000000 -0.000171934 -0.000118784 0.001388093 0.000171937 1.000000000 0.000020424 0.000387846 0.000118780 -0.000020445 1.000000000 -0.003405016
1.000000000 -0.000132438 -0.000139643 0.003289462 0.000132459 1.000000000 0.000154057 -0.000714498 0.000139622 -0.000154075 1.000000000 -0.004812589
1.000000000 -0.000103868 -0.000096197 0.000364387 0.000103872 1.000000000 0.000036915 0.000067976 0.000096193 -0.000036925 1.000000000 -0.002898658
1.000000000 -0.000175286 -0.000099457 0.000501453 0.000175292 1.000000000 0.000053821 0.000084465 0.000099448 -0.000053838 1.000000000 -0.001358479
1.000000000 -0.000148362 -0.000180906 0.001625938 0.000148354 1.000000000 -0.000044593 0.000404742 0.000180913 0.000044567 1.000000000 0.002202766
1.000000000 -0.000213323 -0.000062039 0.000505629 0.000213289 0.999999821 -0.000557539 -0.002017371 0.000062158 0.000557526 0.999999821 0.052621998
1.000000000 0.000044898 -0.000081386 0.002044433 -0.000044992 0.999999344 -0.001162111 -0.004478481 0.000081334 0.001162114 0.999999344 0.141219005
1.000000000 -0.000130695 -0.000014303 0.002817207 0.000130673 0.999998868 -0.001505822 -0.007559730 0.000014500 0.001505820 0.999998868 0.260106742
1.000000000 -0.000000307 -0.000079105 0.005734838 0.000000190 0.999998927 -0.001479290 -0.011127302 0.000079106 0.001479290 0.999998927 0.391200304
1.000000000 0.000074354 -0.000079729 0.010017242 -0.000074452 0.999999225 -0.001238094 -0.016687190 0.000079637 0.001238100 0.999999225 0.528684378
1.000000000 0.000048327 0.000000216 0.013466964 -0.000048326 0.999999464 -0.001006718 -0.022352191 -0.000000265 0.001006718 0.999999464 0.685220897
1.000000000 0.000003194 -0.000075694 0.019921415 -0.000003269 0.999999523 -0.000991751 -0.026024207 0.000075691 0.000991751 0.999999523 0.845179737
0.999999881 0.000503746 0.000139129 0.016823346 -0.000503632 0.999999523 -0.000817658 -0.025796112 -0.000139541 0.000817588 0.999999642 1.024494529
1.000000000 0.000102930 -0.000003274 0.027675232 -0.000102932 0.999999821 -0.000627811 -0.031478155 0.000003210 0.000627812 0.999999821 1.209258795
1.000000000 0.000155773 -0.000168473 0.029252026 -0.000155772 0.999999940 0.000004559 -0.048510347 0.000168474 -0.000004533 0.999999940 1.385734677
1.000000000 0.000143468 -0.000304223 0.031802423 -0.000143449 1.000000000 0.000061664 -0.050568298 0.000304232 -0.000061621 0.999999940 1.580131650
1.000000000 -0.000002292 -0.000056410 0.033981893 0.000002299 1.000000000 0.000127464 -0.058886819 0.000056410 -0.000127464 1.000000000 1.780078888
0.999999881 -0.000372954 -0.000270623 0.039713662 0.000373019 0.999999821 0.000238404 -0.063389175 0.000270534 -0.000238505 0.999999940 1.983795881
1.000000000 0.000290949 0.000135464 0.039864387 -0.000291014 0.999999821 0.000474029 -0.076098464 -0.000135326 -0.000474068 0.999999881 2.188554764
0.999999940 -0.000111373 0.000167717 0.041562002 0.000111282 0.999999762 0.000541511 -0.082345881 -0.000167778 -0.000541493 0.999999821 2.399916649
1.000000000 -0.000145855 -0.000017023 0.050818581 0.000145864 0.999999821 0.000508733 -0.088990271 0.000016949 -0.000508735 0.999999881 2.621205807
0.999999940 -0.000319710 0.000076475 0.056095336 0.000319671 0.999999821 0.000511151 -0.098332301 -0.000076638 -0.000511126 0.999999881 2.849941254
0.999999821 -0.000607823 0.000086728 0.059134342 0.000607759 0.999999523 0.000738894 -0.100606441 -0.000087177 -0.000738841 0.999999702 3.089218855
0.999999940 0.000230948 0.000299776 0.059410024 -0.000231242 0.999999404 0.000980055 -0.110130578 -0.000299549 -0.000980124 0.999999404 3.326740742
1.000000000 0.000098266 0.000381505 0.067555986 -0.000098669 0.999999404 0.001056072 -0.120469168 -0.000381401 -0.001056109 0.999999344 3.562240601
0.999999940 0.000176805 0.000306865 0.072891831 -0.000177172 0.999999225 0.001197174 -0.124425791 -0.000306653 -0.001197228 0.999999225 3.822198629
0.999999762 0.000182669 0.000647249 0.072384246 -0.000183470 0.999999166 0.001237627 -0.131855011 -0.000647023 -0.001237745 0.999998987 4.084486961
0.999999881 0.000055334 0.000470614 0.074906543 -0.000056202 0.999998271 0.001844328 -0.143456012 -0.000470511 -0.001844354 0.999998212 4.335828781
0.999999881 0.000057693 0.000456344 0.082530588 -0.000058532 0.999998271 0.001836961 -0.149507776 -0.000456238 -0.001836987 0.999998212 4.592250824
0.999999821 0.000207428 0.000607957 0.086839698 -0.000208727 0.999997735 0.002137342 -0.157814145 -0.000607512 -0.002137468 0.999997556 4.851788521
0.999999702 -0.000594997 0.000455044 0.096203372 0.000594031 0.999997556 0.002121120 -0.169668838 -0.000456305 -0.002120849 0.999997675 5.106263161
0.999999642 -0.000489243 0.000522234 0.103498347 0.000488097 0.999997497 0.002191080 -0.176957086 -0.000523305 -0.002190825 0.999997497 5.368193150
0.999999642 -0.000403468 0.000678006 0.105799824 0.000402004 0.999997616 0.002157313 -0.186453730 -0.000678874 -0.002157039 0.999997497 5.642979145
0.999999821 -0.000233529 0.000528899 0.113336295 0.000232303 0.999997318 0.002316784 -0.195119202 -0.000529439 -0.002316661 0.999997199 5.890576363
0.999999762 -0.000370576 0.000531936 0.117893420 0.000369398 0.999997497 0.002212620 -0.203982830 -0.000532755 -0.002212424 0.999997437 6.171381474
0.999999642 -0.000432739 0.000632163 0.120597377 0.000431205 0.999996960 0.002423421 -0.209921747 -0.000633210 -0.002423148 0.999996901 6.460398674
0.999999762 -0.000331096 0.000609296 0.129202336 0.000329634 0.999997139 0.002397833 -0.220514268 -0.000610088 -0.002397632 0.999996960 6.731225967
0.999999702 -0.000646029 0.000394939 0.145736024 0.000645018 0.999996543 0.002555630 -0.240219444 -0.000396588 -0.002555375 0.999996662 7.024476051
0.999999583 -0.000764192 0.000332376 0.148604155 0.000763331 0.999996424 0.002584537 -0.246781394 -0.000334350 -0.002584283 0.999996603 7.332264423
0.999999523 -0.000913667 0.000235740 0.163298309 0.000913084 0.999996543 0.002458965 -0.257436723 -0.000237986 -0.002458749 0.999996901 7.637184620
0.999999344 -0.001094564 0.000230324 0.172510028 0.001093927 0.999995649 0.002750481 -0.269920647 -0.000233334 -0.002750228 0.999996185 7.953488350
0.999999523 -0.000614569 0.000647159 0.162044883 0.000612675 0.999995530 0.002923225 -0.280777127 -0.000648953 -0.002922828 0.999995530 8.259490013
0.999999464 -0.000891362 0.000432190 0.177260414 0.000890044 0.999994934 0.003041850 -0.292731911 -0.000434899 -0.003041464 0.999995291 8.573607445
0.999999404 -0.000268149 0.000997785 0.170880526 0.000265272 0.999995828 0.002882072 -0.293382078 -0.000998554 -0.002881806 0.999995291 8.932017326
0.999999404 -0.000255298 0.000979676 0.182847425 0.000252274 0.999995232 0.003084717 -0.310860157 -0.000980459 -0.003084469 0.999994755 9.278257370
0.999999166 0.000295377 0.001224030 0.186420560 -0.000299484 0.999994278 0.003356130 -0.324327946 -0.001223031 -0.003356494 0.999993622 9.606505394
0.999998927 0.000580979 0.001377357 0.192771405 -0.000585821 0.999993682 0.003517028 -0.330827326 -0.001375305 -0.003517831 0.999992907 9.954931259
0.999998987 0.000134216 0.001437845 0.198881984 -0.000139131 0.999994099 0.003418323 -0.343393415 -0.001437378 -0.003418519 0.999993086 10.321057320
0.999998987 0.000318723 0.001329693 0.212109804 -0.000323833 0.999992549 0.003844481 -0.359636158 -0.001328458 -0.003844909 0.999991655 10.674091339
0.999998689 0.000471885 0.001537186 0.217535734 -0.000477872 0.999992311 0.003896727 -0.367222190 -0.001535336 -0.003897457 0.999991179 11.040149689
0.999998868 0.000193850 0.001505197 0.227479771 -0.000199832 0.999992073 0.003975456 -0.378501445 -0.001504415 -0.003975752 0.999990940 11.420362473
0.999998629 0.000436888 0.001565514 0.233081937 -0.000442870 0.999992609 0.003822760 -0.387213260 -0.001563832 -0.003823448 0.999991477 11.789118767
0.999998868 0.000358724 0.001492550 0.243580282 -0.000364912 0.999991417 0.004148223 -0.402273357 -0.001491048 -0.004148762 0.999990284 12.176448822
0.999998033 0.000684094 0.001855316 0.250866413 -0.000692078 0.999990463 0.004306101 -0.410647094 -0.001852353 -0.004307377 0.999989033 12.562721252
0.999999106 0.000083402 0.001277336 0.267039031 -0.000088971 0.999990463 0.004360680 -0.431802034 -0.001276961 -0.004360790 0.999989629 12.929116249
0.999999404 -0.000235175 0.000975512 0.276516706 0.000230961 0.999990582 0.004316580 -0.442713231 -0.000976518 -0.004316352 0.999990225 13.325741768
0.999999106 -0.000122742 0.001340674 0.287851483 0.000116496 0.999989092 0.004658411 -0.454158664 -0.001341231 -0.004658251 0.999988258 13.737786293
0.999998569 0.000043067 0.001681361 0.296955317 -0.000051293 0.999987960 0.004892840 -0.469406784 -0.001681129 -0.004892919 0.999986589 14.147997856
0.999998033 0.000321420 0.001948947 0.305566877 -0.000330497 0.999989033 0.004658707 -0.480730027 -0.001947428 -0.004659343 0.999987245 14.574855804
0.999997735 -0.000089685 0.002141066 0.320628911 0.000078982 0.999987423 0.004998791 -0.494177848 -0.002141488 -0.004998610 0.999985158 14.993233681
0.999997258 0.000165479 0.002333573 0.324960113 -0.000177762 0.999986112 0.005264515 -0.510428190 -0.002332670 -0.005264916 0.999983430 15.417893410
0.999996126 0.000228482 0.002787377 0.332400501 -0.000243357 0.999985754 0.005337484 -0.522794902 -0.002786117 -0.005338141 0.999981880 15.847555161
0.999994397 0.000931248 0.003240010 0.343533248 -0.000950060 0.999982715 0.005809669 -0.534204602 -0.003234543 -0.005812715 0.999977827 16.308723450
0.999994636 0.000654841 0.003217504 0.354529351 -0.000672833 0.999984145 0.005594122 -0.549610019 -0.003213790 -0.005596257 0.999979198 16.725347519
0.999995291 0.000187858 0.003060362 0.368696511 -0.000205280 0.999983847 0.005693515 -0.558928311 -0.003059243 -0.005694117 0.999979138 17.186149597
0.999992549 0.000529515 0.003848402 0.378101259 -0.000553253 0.999980867 0.006169702 -0.573705912 -0.003845061 -0.006171785 0.999973536 17.646253586
0.999994636 -0.000298334 0.003267409 0.405304879 0.000278897 0.999982238 0.005947618 -0.587614357 -0.003269126 -0.005946676 0.999976993 18.101993561
0.999992311 0.000610875 0.003896698 0.413616419 -0.000633923 0.999982297 0.005916234 -0.595118523 -0.003893015 -0.005918659 0.999974966 18.574712753
0.999994397 -0.000305316 0.003334848 0.436001033 0.000284390 0.999980271 0.006273574 -0.613878727 -0.003336697 -0.006272590 0.999974847 19.038381577
0.999994159 -0.000319658 0.003416191 0.446817458 0.000298051 0.999979913 0.006323518 -0.626721919 -0.003418144 -0.006322462 0.999974191 19.513500214
0.999993086 -0.000605317 0.003675457 0.452309698 0.000579049 0.999974310 0.007143722 -0.668720365 -0.003679686 -0.007141544 0.999967754 19.986593246
0.999993145 -0.001129002 0.003547110 0.466160387 0.001103113 0.999972820 0.007291980 -0.678949356 -0.003555246 -0.007288016 0.999967158 20.480676651
0.999994576 -0.000727914 0.003240907 0.474624336 0.000703731 0.999971926 0.007456855 -0.688802779 -0.003246244 -0.007454533 0.999966979 20.979515076
0.999996781 -0.001183732 0.002230901 0.497114629 0.001167187 0.999971926 0.007403413 -0.710488379 -0.002239604 -0.007400787 0.999970078 21.483896255
0.999997795 -0.001139494 0.001759078 0.503250957 0.001126675 0.999972939 0.007270981 -0.723545074 -0.001767316 -0.007268982 0.999971986 21.991987228
0.999997139 -0.001774570 0.001595359 0.522651553 0.001762214 0.999968708 0.007713476 -0.735866308 -0.001608997 -0.007710643 0.999968946 22.471588135
0.999998331 -0.001299360 0.001245858 0.528063178 0.001289762 0.999969721 0.007674105 -0.745701313 -0.001255792 -0.007672486 0.999969721 22.992097855
0.999998808 -0.001432159 0.000584685 0.543440342 0.001427653 0.999969840 0.007635936 -0.765356362 -0.000595603 -0.007635093 0.999970615 23.491069794
0.999997079 -0.002406518 0.000191215 0.550569534 0.002405012 0.999968946 0.007516244 -0.781540751 -0.000209297 -0.007515762 0.999971688 24.010105133
0.999998748 -0.001574192 -0.000088069 0.550831199 0.001574835 0.999967992 0.007846292 -0.787434459 0.000075714 -0.007846422 0.999969184 24.551620483
0.999997318 -0.002117571 -0.000946163 0.569502771 0.002125219 0.999964535 0.008157090 -0.802822471 0.000928856 -0.008159080 0.999966264 25.085262299
0.999998689 -0.000613005 -0.001503972 0.574467838 0.000625382 0.999965847 0.008242704 -0.813975453 0.001498867 -0.008243634 0.999964833 25.643682480
0.999998450 -0.000795939 -0.001556250 0.584289968 0.000808645 0.999966264 0.008181152 -0.826905966 0.001549685 -0.008182398 0.999965250 26.189769745
0.999994338 -0.002315856 -0.002452501 0.595330596 0.002337291 0.999958754 0.008773833 -0.843364358 0.002432081 -0.008779515 0.999958515 26.750274658
0.999991894 -0.002428121 -0.003229240 0.617709816 0.002458092 0.999953628 0.009309652 -0.868126988 0.003206486 -0.009317514 0.999951422 27.297790527
0.999993026 -0.001436571 -0.003433374 0.611843467 0.001467208 0.999958992 0.008937442 -0.869162500 0.003420394 -0.008942417 0.999954164 27.827720642
0.999991357 -0.001169152 -0.003975485 0.621879280 0.001204487 0.999959707 0.008897522 -0.881025314 0.003964922 -0.008902233 0.999952555 28.371114731
0.999991655 -0.000754227 -0.004010516 0.629513919 0.000790258 0.999959350 0.008990024 -0.899023533 0.004003572 -0.008993117 0.999951601 28.922143936
0.999985456 -0.001997459 -0.005010654 0.667519748 0.002044104 0.999954462 0.009321522 -0.915139318 0.004991807 -0.009331628 0.999943912 29.458110809
0.999985397 -0.002030621 -0.005006792 0.666123390 0.002078699 0.999951541 0.009616135 -0.931602001 0.004987022 -0.009626401 0.999941230 30.027797699
0.999983430 -0.001925496 -0.005434117 0.680646241 0.001978099 0.999951124 0.009691468 -0.944735467 0.005415190 -0.009702055 0.999938309 30.576944351
0.999984026 -0.001567116 -0.005428430 0.682363331 0.001617249 0.999955893 0.009243298 -0.936450005 0.005413705 -0.009251929 0.999942541 31.105358124
0.999979913 -0.001741085 -0.006083471 0.704700947 0.001797642 0.999954998 0.009303757 -0.960212171 0.006066999 -0.009314504 0.999938250 31.627674103
0.999976993 -0.001958358 -0.006503129 0.722882569 0.002021593 0.999950528 0.009731500 -0.983638465 0.006483750 -0.009744423 0.999931455 32.171371460
0.999980748 -0.001649197 -0.005986316 0.704017699 0.001707705 0.999950707 0.009781868 -1.005684018 0.005969888 -0.009791903 0.999934256 32.732513428
0.999977410 -0.001697438 -0.006509081 0.713386953 0.001762013 0.999949217 0.009927801 -1.019987106 0.006491898 -0.009939045 0.999929607 33.276145935
0.999977052 -0.001767015 -0.006551322 0.719812036 0.001835267 0.999944031 0.010426677 -1.034868717 0.006532531 -0.010438461 0.999924123 33.812835693
0.999978602 -0.001394572 -0.006397070 0.727007389 0.001461745 0.999943793 0.010508062 -1.044985294 0.006382056 -0.010517191 0.999924362 34.361167908
0.999978721 -0.001467213 -0.006357898 0.735828519 0.001534084 0.999943435 0.010525659 -1.060930133 0.006342094 -0.010535189 0.999924421 34.879657745
0.999982178 -0.000751013 -0.005917083 0.728048742 0.000810837 0.999948502 0.010114619 -1.060446501 0.005909183 -0.010119237 0.999931335 35.453002930
0.999974847 -0.001880729 -0.006837138 0.733016253 0.001955376 0.999938309 0.010927579 -1.103061318 0.006816164 -0.010940674 0.999916852 35.985992432
0.999974608 -0.001341286 -0.006999545 0.742036581 0.001416345 0.999941349 0.010729468 -1.113525748 0.006984744 -0.010739109 0.999917924 36.529064178
0.999972403 -0.001831523 -0.007200188 0.752353787 0.001910930 0.999937236 0.011037089 -1.134532213 0.007179523 -0.011050541 0.999913156 37.041755676
0.999970794 -0.001996127 -0.007385393 0.763551831 0.002078717 0.999935210 0.011192172 -1.150513649 0.007362574 -0.011207197 0.999910116 37.577682495
0.999968052 -0.002015782 -0.007727805 0.781189561 0.002103538 0.999933124 0.011364617 -1.156813145 0.007704380 -0.011380509 0.999905586 38.142204285
0.999970973 -0.000754722 -0.007582502 0.769533217 0.000840420 0.999935865 0.011305240 -1.170937777 0.007573484 -0.011311286 0.999907255 38.681217194
0.999964416 -0.002320546 -0.008111091 0.778515875 0.002411677 0.999933839 0.011243650 -1.164926052 0.008084463 -0.011262813 0.999903858 39.241138458
0.999966502 -0.001369188 -0.008065952 0.791360021 0.001463037 0.999931216 0.011640773 -1.201385260 0.008049458 -0.011652187 0.999899626 39.760448456
0.999969184 -0.000765270 -0.007821355 0.794968069 0.000853576 0.999935865 0.011293311 -1.204276443 0.007812211 -0.011299639 0.999905586 40.322845459
0.999966204 -0.000978839 -0.008160201 0.803249896 0.001070799 0.999935925 0.011272579 -1.219585419 0.008148644 -0.011280937 0.999903142 40.835815430
0.999967277 -0.002090527 -0.007810739 0.767063498 0.002186649 0.999921739 0.012318195 -1.275395393 0.007784375 -0.012334871 0.999893546 41.436840057
0.999965429 -0.002062418 -0.008057118 0.783040226 0.002160742 0.999923050 0.012213725 -1.286665678 0.008031308 -0.012230711 0.999892890 41.978626251
0.999967098 -0.001874148 -0.007891671 0.793676972 0.001971196 0.999922276 0.012307764 -1.296952009 0.007867992 -0.012322916 0.999893069 42.524650574
0.999960542 -0.002521365 -0.008515913 0.796902895 0.002625290 0.999921918 0.012214523 -1.298613310 0.008484450 -0.012236397 0.999889135 43.072822571
0.999962926 -0.001973412 -0.008374454 0.806936264 0.002080705 0.999915600 0.012822539 -1.327549458 0.008348443 -0.012839489 0.999882698 43.616844177
0.999962986 -0.001860882 -0.008395141 0.820676804 0.001967826 0.999916792 0.012748703 -1.339549065 0.008370717 -0.012764752 0.999883473 44.161457062
0.999961913 -0.002058057 -0.008479388 0.825016618 0.002166797 0.999915421 0.012834849 -1.348683000 0.008452255 -0.012852738 0.999881685 44.702953339
0.999963939 -0.001642196 -0.008323856 0.829052925 0.001747196 0.999918818 0.012622714 -1.357661605 0.008302452 -0.012636804 0.999885678 45.255634308
0.999964893 -0.001956163 -0.008146023 0.823701620 0.002062841 0.999911964 0.013108022 -1.363073111 0.008119664 -0.013124364 0.999880910 45.762786865
0.999961019 -0.002307369 -0.008524119 0.848100185 0.002416345 0.999915183 0.012796236 -1.373450279 0.008493870 -0.012816335 0.999881804 46.312278748
0.999963462 -0.001905889 -0.008339228 0.839228988 0.002018893 0.999906003 0.013563568 -1.386966586 0.008312593 -0.013579908 0.999873221 46.865085602
0.999961078 -0.002199730 -0.008544192 0.845882773 0.002316880 0.999903142 0.013725467 -1.397292376 0.008513171 -0.013744730 0.999869347 47.424156189
0.999959052 -0.002587017 -0.008672357 0.848667443 0.002703856 0.999905348 0.013488038 -1.420078516 0.008636642 -0.013510936 0.999871433 47.926990509
0.999963999 -0.002058615 -0.008227227 0.862713039 0.002170986 0.999904096 0.013672856 -1.403745413 0.008198291 -0.013690226 0.999872744 48.436042786
0.999957919 -0.002486373 -0.008828933 0.857290328 0.002606916 0.999903202 0.013668054 -1.441018939 0.008794094 -0.013690497 0.999867618 49.017074585
0.999960721 -0.001944512 -0.008637728 0.862434030 0.002062969 0.999903679 0.013726275 -1.446567655 0.008610205 -0.013743555 0.999868453 49.545337677
0.999962866 -0.001432078 -0.008492933 0.857909918 0.001550810 0.999900997 0.013990100 -1.458120942 0.008472055 -0.014002752 0.999866009 50.084133148
0.999960244 -0.002177462 -0.008648801 0.861672282 0.002297273 0.999901235 0.013867251 -1.462893724 0.008617752 -0.013886568 0.999866366 50.610221863
0.999965250 -0.001791926 -0.008137817 0.862534404 0.001903672 0.999903738 0.013744748 -1.461966395 0.008112404 -0.013759763 0.999872386 51.178363800
0.999959111 -0.001920227 -0.008838888 0.872341037 0.002045634 0.999897063 0.014200890 -1.484317780 0.008810710 -0.014218392 0.999860048 51.678970337
0.999961078 -0.002113567 -0.008565620 0.865905106 0.002233905 0.999898612 0.014063902 -1.491225481 0.008535026 -0.014082491 0.999864399 52.210876465
0.999961138 -0.002331312 -0.008492581 0.874433637 0.002451240 0.999897003 0.014138610 -1.498380661 0.008458744 -0.014158877 0.999863982 52.755447388
0.999960542 -0.002267583 -0.008590749 0.880457044 0.002387893 0.999898911 0.014020272 -1.507569313 0.008558089 -0.014040230 0.999864817 53.303123474
0.999965012 -0.001401684 -0.008244569 0.888666511 0.001517553 0.999899924 0.014064493 -1.514043808 0.008224031 -0.014076511 0.999867022 53.801815033
0.999964476 -0.001636101 -0.008266960 0.892126799 0.001753488 0.999897480 0.014212267 -1.521308422 0.008242860 -0.014226259 0.999864817 54.338752747
0.999969244 -0.001097616 -0.007772772 0.891524255 0.001207324 0.999899566 0.014123715 -1.529211283 0.007756489 -0.014132665 0.999870002 54.886756897
0.999967694 -0.001121679 -0.007952383 0.902069032 0.001235415 0.999896824 0.014311700 -1.533863306 0.007935508 -0.014321064 0.999865949 55.401958466
0.999967873 -0.001334651 -0.007908918 0.907397866 0.001446649 0.999898553 0.014172090 -1.537817478 0.007889201 -0.014183075 0.999868274 55.997310638
0.999972999 -0.000882182 -0.007293170 0.912475049 0.000989723 0.999890625 0.014754947 -1.552821159 0.007279357 -0.014761767 0.999864519 56.499465942
0.999968290 -0.001234462 -0.007862438 0.925344586 0.001349894 0.999891102 0.014693078 -1.562707186 0.007843443 -0.014703224 0.999861121 56.972209930
0.999971628 -0.001014640 -0.007467182 0.960325599 0.001129905 0.999880075 0.015448127 -1.587226391 0.007450613 -0.015456129 0.999852777 57.548507690
0.999970317 -0.001166345 -0.007605013 0.947255254 0.001274784 0.999897361 0.014269691 -1.571363926 0.007587589 -0.014278962 0.999869168 58.074886322
0.999967873 -0.001601401 -0.007852003 0.948133647 0.001715950 0.999891877 0.014603443 -1.584991097 0.007827768 -0.014616447 0.999862552 58.570602417
0.999975145 0.000225954 -0.007051094 0.952573299 -0.000124527 0.999896646 0.014381742 -1.586920738 0.007053614 -0.014380506 0.999871731 59.161144257
0.999970794 -0.000556097 -0.007622771 0.959926248 0.000668006 0.999891937 0.014686120 -1.606858492 0.007613780 -0.014690781 0.999863088 59.654602051
0.999974549 -0.000011698 -0.007127054 0.963368833 0.000115798 0.999893308 0.014606060 -1.610419989 0.007126122 -0.014606514 0.999867916 60.215717316
0.999975502 0.000054341 -0.007004511 0.974050045 0.000046494 0.999896348 0.014394657 -1.618448496 0.007004567 -0.014394628 0.999871850 60.765159607
0.999973357 -0.000242259 -0.007303428 0.990563273 0.000350957 0.999889195 0.014885464 -1.629369378 0.007299013 -0.014887628 0.999862552 61.307971954
0.999966085 -0.001240404 -0.008147989 1.007734656 0.001363344 0.999885082 0.015100222 -1.643636584 0.008128323 -0.015110816 0.999852777 61.822940826
0.999966741 -0.001377922 -0.008036108 1.001217365 0.001498682 0.999885798 0.015040508 -1.655284166 0.008014466 -0.015052050 0.999854624 62.341651917
0.999962389 -0.001602092 -0.008521494 1.023266315 0.001727593 0.999889851 0.014740754 -1.670207620 0.008496939 -0.014754922 0.999855042 62.867477417
0.999962389 -0.000779151 -0.008636109 1.142453671 0.000918190 0.999869764 0.016107360 -1.713957191 0.008622435 -0.016114682 0.999832928 63.232612610
0.999959588 0.001687036 -0.008823218 1.247042537 -0.001554199 0.999885678 0.015040623 -1.657698631 0.008847583 -0.015026303 0.999847949 64.160118103
0.999957919 -0.001120549 -0.009101080 1.152171135 0.001276894 0.999851406 0.017191170 -1.735965490 0.009080463 -0.017202068 0.999810815 64.324554443
0.999963939 -0.000573211 -0.008478189 1.147392035 0.000713641 0.999862432 0.016569879 -1.734703660 0.008467526 -0.016575333 0.999826729 64.878524780
0.999962568 -0.001136570 -0.008569109 1.196366549 0.001270331 0.999877214 0.015620344 -1.726518273 0.008550305 -0.015630646 0.999841273 65.446815491
0.999961257 -0.001242416 -0.008711946 1.222629547 0.001385506 0.999863863 0.016437713 -1.721571922 0.008690338 -0.016449148 0.999826968 66.091011047
0.999968708 -0.000765397 -0.007870870 1.205582142 0.000891195 0.999871731 0.015991637 -1.738675117 0.007857621 -0.015998149 0.999841094 66.549781799
0.999969780 -0.000717572 -0.007731235 1.218982458 0.000840002 0.999874175 0.015844183 -1.748670936 0.007718893 -0.015850199 0.999844551 67.092926025
0.999964535 -0.000199337 -0.008423003 1.272976518 0.000336175 0.999867857 0.016247476 -1.812754869 0.008418653 -0.016249729 0.999832451 67.740188599
0.999954820 -0.001790250 -0.009332276 1.288725615 0.001937298 0.999873817 0.015771784 -1.740756512 0.009302863 -0.015789151 0.999832034 68.235206604
0.999963582 -0.000723954 -0.008506403 1.287184477 0.000862996 0.999865830 0.016353216 -1.820982933 0.008493424 -0.016359959 0.999830008 68.854454041
0.999961078 -0.001131563 -0.008754146 1.306433678 0.001273838 0.999866784 0.016263876 -1.833060384 0.008734576 -0.016274391 0.999829412 69.383865356
0.999960542 -0.000684430 -0.008847149 1.307888985 0.000826201 0.999871075 0.016030813 -1.825374842 0.008835039 -0.016037490 0.999832273 70.081886292
0.999955714 -0.000827997 -0.009378000 1.351145029 0.000976193 0.999874473 0.015808986 -1.812162280 0.009363734 -0.015817439 0.999831021 70.481903076
0.999959588 -0.000846757 -0.008942418 1.319530964 0.000988342 0.999874055 0.015840370 -1.838387012 0.008927879 -0.015848571 0.999834478 71.173995972
0.999961376 -0.000532671 -0.008771150 1.312879920 0.000674816 0.999868333 0.016211007 -1.877514839 0.008761361 -0.016216299 0.999830127 71.728874207
0.999946654 -0.002739876 -0.009954693 1.363234401 0.002901484 0.999863505 0.016256314 -1.853320956 0.009908793 -0.016284330 0.999818265 72.270874023
0.999963403 -0.000238742 -0.008554715 1.318325758 0.000374660 0.999873638 0.015889948 -1.886179686 0.008549840 -0.015892573 0.999837160 72.846031189
0.999962270 -0.000606768 -0.008668619 1.351997137 0.000751236 0.999860704 0.016672065 -1.914852619 0.008657294 -0.016677950 0.999823391 73.174079895
0.999963045 -0.000320923 -0.008584287 1.356949329 0.000466689 0.999855757 0.016983956 -1.926208258 0.008577596 -0.016987339 0.999818921 73.674003601
0.999961734 -0.000778523 -0.008708876 1.366814375 0.000922058 0.999863565 0.016489618 -1.928830147 0.008694848 -0.016497020 0.999826074 74.277732849
0.999951959 -0.002031821 -0.009589228 1.434116840 0.002187665 0.999865234 0.016269624 -1.940849423 0.009554879 -0.016289821 0.999821663 74.929695129
0.999949813 -0.002431076 -0.009718668 1.445660353 0.002588819 0.999864519 0.016251469 -1.946456194 0.009677843 -0.016275814 0.999820709 75.470039368
0.999949157 -0.002487333 -0.009772701 1.452515602 0.002643454 0.999868512 0.015994908 -1.952929854 0.009731632 -0.016019927 0.999824286 76.002441406
0.999962151 -0.000952681 -0.008639380 1.320017576 0.001095915 0.999861777 0.016589642 -1.936976075 0.008622382 -0.016598484 0.999825060 76.255256653
0.999947786 -0.002328330 -0.009957372 1.462729335 0.002488183 0.999867737 0.016071610 -1.960444927 0.009918635 -0.016095543 0.999821246 77.089355469
0.999966264 -0.000304392 -0.008211263 1.322411060 0.000442716 0.999857962 0.016849132 -1.957425833 0.008204968 -0.016852198 0.999824345 77.410102844
0.999968708 -0.000691295 -0.007889249 1.328014612 0.000823154 0.999859810 0.016722815 -1.962566018 0.007876584 -0.016728783 0.999829054 77.958801270
0.999970138 -0.000666195 -0.007697351 1.308669806 0.000794138 0.999861360 0.016630655 -1.950993419 0.007685207 -0.016636271 0.999832094 78.450263977
0.999966204 -0.000927586 -0.008181171 1.332751036 0.001062371 0.999863505 0.016486054 -1.975530863 0.008164762 -0.016494187 0.999830604 78.959541321
0.999966264 -0.000774035 -0.008175977 1.345777035 0.000911760 0.999857545 0.016854864 -1.980760455 0.008161767 -0.016861750 0.999824524 79.487792969
0.999970853 -0.001229974 -0.007530329 1.353727460 0.001356191 0.999858320 0.016779099 -1.983279586 0.007508622 -0.016788824 0.999830842 80.030807495
0.999979854 -0.000599859 -0.006311877 1.339811087 0.000705706 0.999858856 0.016780775 -1.990403175 0.006300921 -0.016784893 0.999839187 80.591110229
0.999987781 -0.000156576 -0.004946933 1.367161155 0.000238505 0.999862671 0.016565347 -1.988684416 0.004943660 -0.016566323 0.999850512 81.169517517
0.999991715 -0.001536444 -0.003769940 1.397050858 0.001597721 0.999865770 0.016305339 -1.989491105 0.003744381 -0.016311228 0.999859869 81.801856995
0.999999285 -0.001016655 -0.000606592 1.431084394 0.001026522 0.999863446 0.016494658 -1.996987343 0.000589740 -0.016495271 0.999863684 82.251876831
0.999994159 -0.001969217 0.002775929 1.452891827 0.001923317 0.999863029 0.016441973 -2.004582882 -0.002807927 -0.016436538 0.999860883 82.791526794
0.999980688 -0.001747005 0.005961888 1.485836864 0.001647261 0.999859273 0.016694402 -2.004840851 -0.005990214 -0.016684260 0.999842882 83.402633667
0.999937713 -0.001259467 0.011092342 1.486822486 0.001082022 0.999871612 0.015988663 -2.012713194 -0.011111055 -0.015975663 0.999810576 83.908134460
0.999864399 -0.002089484 0.016334988 1.542740226 0.001823164 0.999865472 0.016301600 -2.021396160 -0.016366852 -0.016269609 0.999733686 84.497528076
0.999763548 -0.001933901 0.021661226 1.572849751 0.001576611 0.999862611 0.016499404 -2.030667782 -0.021690156 -0.016461348 0.999629259 85.040130615
0.999608934 -0.001973986 0.027893849 1.620472074 0.001528944 0.999871314 0.015967203 -2.023711205 -0.027921777 -0.015918311 0.999483287 85.651260376
0.999382555 -0.002929671 0.035013657 1.676548600 0.002382383 0.999874473 0.015662225 -2.030122757 -0.035055146 -0.015569136 0.999264061 86.239135742
0.999087751 -0.003879206 0.042526584 1.729680657 0.003233695 0.999878645 0.015237280 -2.039995432 -0.042580534 -0.015085862 0.998979092 86.780464172
0.998758495 -0.003912255 0.049659748 1.756497145 0.003144017 0.999874353 0.015538730 -2.034698486 -0.049714301 -0.015363310 0.998645306 87.304199219
0.998280883 -0.003624096 0.058499381 1.815844297 0.002704795 0.999871731 0.015786259 -2.051561356 -0.058549087 -0.015600890 0.998162627 87.841598511
0.997633576 -0.003595430 0.068661086 1.863597870 0.002518796 0.999872565 0.015760548 -2.057601452 -0.068709008 -0.015550309 0.997515559 88.393295288
0.997007251 -0.004168393 0.077197552 1.926928997 0.002988099 0.999876976 0.015398451 -2.057667732 -0.077252246 -0.015121690 0.996896923 88.943511963
0.996327698 -0.003697629 0.085542329 1.994763374 0.002374228 0.999876022 0.015567280 -2.064511776 -0.085589290 -0.015307015 0.996212900 89.511253357
0.995389044 -0.004483650 0.095815003 2.078990936 0.002996785 0.999872923 0.015656346 -2.079113007 -0.095873021 -0.015297020 0.995276034 90.031936646
0.994316518 -0.004720758 0.106359355 2.162668228 0.003076460 0.999873281 0.015618615 -2.086448669 -0.106419615 -0.015202637 0.994205058 90.580162048
0.993290901 -0.005217854 0.115524590 2.247263908 0.003462963 0.999875546 0.015386119 -2.088962078 -0.115590513 -0.014882835 0.993185401 91.141532898
0.991924644 -0.005149828 0.126724124 2.342990875 0.003209129 0.999874532 0.015513761 -2.096330404 -0.126788124 -0.014981808 0.991816640 91.684326172
0.990308642 -0.004619225 0.138807282 2.445734024 0.002473128 0.999874771 0.015629491 -2.106313705 -0.138862088 -0.015134733 0.990196049 92.232971191
0.988772392 -0.005999753 0.149308741 2.548007011 0.003702668 0.999870539 0.015658034 -2.110524416 -0.149383336 -0.014929391 0.988666594 92.741737366
0.987148881 -0.005358980 0.159713313 2.667259216 0.002886455 0.999872446 0.015708989 -2.115412712 -0.159777120 -0.015046105 0.987038434 93.342697144
0.984981775 -0.005835429 0.172559798 2.791810036 0.003107761 0.999866009 0.016073022 -2.125218868 -0.172630444 -0.015295359 0.984867871 93.866508484
0.982714415 -0.006449249 0.185015172 2.908791542 0.003526198 0.999863803 0.016123677 -2.125206232 -0.185093939 -0.015192570 0.982603371 94.430580139
0.980723619 -0.006577199 0.195289388 3.031621933 0.003498650 0.999864161 0.016104799 -2.131294727 -0.195368811 -0.015111106 0.980613410 94.953666687
0.978044152 -0.006548657 0.208295226 3.164886475 0.003286645 0.999866545 0.016002757 -2.137307644 -0.208372235 -0.014966809 0.977935016 95.477905273
0.975152194 -0.007341770 0.221414253 3.323913574 0.003753771 0.999854803 0.016621359 -2.151405334 -0.221504167 -0.015377214 0.975038171 96.012527466
0.972462833 -0.007717197 0.232930169 3.466709137 0.004005487 0.999857426 0.016403669 -2.158813000 -0.233023569 -0.015018962 0.972355068 96.556488037
0.969495654 -0.008058821 0.244975910 3.624731064 0.004139854 0.999855161 0.016508089 -2.165725708 -0.245073497 -0.014990357 0.969388604 97.074516296
0.965886533 -0.008124303 0.258838087 3.802469254 0.003986108 0.999855697 0.016508404 -2.173296928 -0.258934915 -0.014913489 0.965779603 97.610603333
0.962487757 -0.007798423 0.271213382 3.958248138 0.003410016 0.999855518 0.016648140 -2.179133415 -0.271304101 -0.015098788 0.962375164 98.143669128
0.959267199 -0.008835906 0.282362133 4.159835815 0.004350481 0.999854207 0.016508391 -2.179377794 -0.282466859 -0.014607545 0.959165812 98.689361572
0.955061018 -0.008847935 0.296277136 4.347192764 0.004032024 0.999849677 0.016861835 -2.185823441 -0.296381801 -0.014909485 0.954953134 99.204658508
0.950689018 -0.009205669 0.310009062 4.542568207 0.004155811 0.999847770 0.016945902 -2.193653107 -0.310117900 -0.014821945 0.950582504 99.713806152
0.946919560 -0.009889461 0.321318507 4.739055634 0.004730274 0.999847114 0.016833017 -2.196412086 -0.321435869 -0.014419586 0.946821570 100.234825134
0.942588508 -0.010486101 0.333791524 4.950027466 0.005142191 0.999844134 0.016889267 -2.199500561 -0.333916664 -0.014203212 0.942495525 100.745513916
0.937425256 -0.010414663 0.348030806 5.162073135 0.004809463 0.999844491 0.016965542 -2.204528332 -0.348153412 -0.014230089 0.937329531 101.260162354
0.932790697 -0.010941172 0.360252440 5.385593414 0.005052312 0.999837875 0.017284129 -2.212090969 -0.360383213 -0.014302365 0.932694733 101.772056580
0.928500175 -0.011151347 0.371164471 5.605800629 0.005126945 0.999838710 0.017213872 -2.217402935 -0.371296585 -0.014080144 0.928407490 102.275978088
0.923031807 -0.010729020 0.384574026 5.840539932 0.004458582 0.999842227 0.017192828 -2.216104984 -0.384697825 -0.014154873 0.922934055 102.785629272
0.917654097 -0.011487816 0.397214025 6.086154938 0.005036124 0.999837935 0.017281704 -2.220527172 -0.397348255 -0.013858204 0.917563260 103.282859802
0.912865877 -0.012532170 0.408067405 6.335964203 0.006050548 0.999834239 0.017170586 -2.226992607 -0.408214986 -0.013205408 0.912790298 103.768089294
0.906252980 -0.012088129 0.422562718 6.595344543 0.005194135 0.999834001 0.017462315 -2.226528645 -0.422703654 -0.013630426 0.906165421 104.287918091
0.899555802 -0.012318822 0.436632097 6.861885071 0.005273922 0.999835610 0.017343231 -2.228994370 -0.436773956 -0.013298439 0.899472952 104.778785706
0.893772066 -0.013474909 0.448319048 7.135730743 0.006307806 0.999827325 0.017476050 -2.235285759 -0.448477089 -0.012791692 0.893702745 105.255348206
0.888316453 -0.013953854 0.459019691 7.407852173 0.006597167 0.999822855 0.017626720 -2.239274025 -0.459184319 -0.012629875 0.888251245 105.728530884
0.881264269 -0.014586197 0.472398579 7.689319611 0.007202037 0.999822021 0.017435918 -2.241809845 -0.472568750 -0.011963421 0.881212592 106.201782227
0.874294460 -0.014839614 0.485169083 7.973533630 0.007244625 0.999820173 0.017525870 -2.244616270 -0.485341847 -0.011807905 0.874244750 106.670875549
0.868432224 -0.015642028 0.495561123 8.265224457 0.007879170 0.999811530 0.017750692 -2.249972343 -0.495745212 -0.011510664 0.868391693 107.139114380
