1.000000000 0.000000000 0.000000000 0.000000000 0.000000000 1.000000000 0.000000000 0.000000000 0.000000000 0.000000000 1.000000000 0.000000000
1.000000000 0.000021706 -0.000021929 0.000423870 -0.000021707 1.000000000 -0.000039858 0.000811043 0.000021929 0.000039859 1.000000000 0.000480076
1.000000000 0.000027247 0.000033093 -0.000054498 -0.000027248 1.000000000 0.000036588 0.000067569 -0.000033092 -0.000036589 1.000000000 0.000081295
1.000000000 -0.000138063 0.000052625 -0.000102229 0.000138065 1.000000000 -0.000029125 0.000850498 -0.000052621 0.000029132 1.000000000 0.000353066
1.000000000 -0.000142073 0.000029607 -0.000049533 0.000142072 1.000000000 0.000031066 -0.000129454 -0.000029611 -0.000031062 1.000000000 -0.000536357
1.000000000 0.000016193 0.000124577 -0.000494061 -0.000016187 1.000000000 -0.000050122 0.000959583 -0.000124578 0.000050120 1.000000000 0.000097322
1.000000000 -0.000107909 0.000059663 0.000240887 0.000107911 1.000000000 -0.000034469 0.000606224 -0.000059660 0.000034475 1.000000000 0.000213361
1.000000000 0.000001190 0.000049136 -0.000399070 -0.000001195 1.000000000 0.000088450 -0.000079692 -0.000049136 -0.000088450 1.000000000 -0.000120354
1.000000000 -0.000047275 -0.000008726 -0.000761422 0.000047274 1.000000000 -0.000093862 0.000046610 0.000008731 0.000093862 1.000000000 -0.000822231
1.000000000 -0.000053867 0.000075849 -0.000116967 0.000053864 1.000000000 0.000033928 -0.000640075 -0.000075851 -0.000033924 1.000000000 -0.000247983
1.000000000 0.000070980 0.000051438 -0.000826298 -0.000070983 1.000000000 0.000053943 -0.000880979 -0.000051434 -0.000053946 1.000000000 -0.000631430
1.000000000 -0.000028065 0.000074922 -0.001059694 0.000028063 1.000000000 0.000037903 -0.000362751 -0.000074923 -0.000037901 1.000000000 -0.000958909
1.000000000 0.000049769 0.000029397 -0.000836463 -0.000049767 1.000000000 -0.000074533 -0.000297456 -0.000029401 0.000074531 1.000000000 -0.001397794
1.000000000 0.000043241 0.000063078 -0.001109478 -0.000043240 1.000000000 -0.000026035 0.000614992 -0.000063079 0.000026032 1.000000000 0.000645334
1.000000000 0.000034298 0.000050455 -0.001003740 -0.000034292 1.000000000 -0.000121425 0.001324290 -0.000050459 0.000121424 1.000000000 0.000937217
1.000000000 0.000009770 -0.000027089 0.000307839 -0.000009772 1.000000000 -0.000079333 0.001265744 0.000027088 0.000079333 1.000000000 0.001232716
1.000000000 0.000098947 0.000112188 -0.001051336 -0.000098928 1.000000000 -0.000161538 0.002334362 -0.000112204 0.000161526 1.000000000 0.002544856
1.000000000 0.000169821 0.000088917 -0.001375098 -0.000169806 1.000000000 -0.000166645 0.001909834 -0.000088945 0.000166630 1.000000000 0.001613764
0.999999940 0.000201922 0.000154872 -0.001568148 -0.000201906 1.000000000 -0.000106252 0.001972147 -0.000154894 0.000106221 1.000000000 0.002274408
1.000000000 0.000101146 0.000153604 -0.001345532 -0.000101132 1.000000000 -0.000089243 0.001064261 -0.000153613 0.000089227 1.000000000 0.001350714
1.000000000 0.000017813 0.000079253 -0.001139348 -0.000017811 1.000000000 -0.000035345 0.000422597 -0.000079254 0.000035344 1.000000000 0.000864952
1.000000000 0.000160684 0.000053160 -0.000796487 -0.000160683 1.000000000 -0.000025413 0.001269839 -0.000053165 0.000025404 1.000000000 0.000924950
1.000000000 0.000107577 0.000012677 -0.000691437 -0.000107575 1.000000000 -0.000086158 0.001450043 -0.000012686 0.000086157 1.000000000 0.002341564
1.000000000 0.000087609 0.000063949 -0.001067330 -0.000087604 1.000000000 -0.000078393 0.001817117 -0.000063956 0.000078387 1.000000000 0.002417604
0.999999940 0.000362278 0.000044410 -0.001148563 -0.000362275 0.999999940 -0.000069363 0.002333688 -0.000044435 0.000069346 1.000000000 0.003566239
0.999999940 0.000239284 0.000096559 -0.001300661 -0.000239279 0.999999940 -0.000054541 0.001912345 -0.000096572 0.000054518 1.000000000 0.001441817
1.000000000 0.000047168 0.000098456 -0.000455264 -0.000047162 1.000000000 -0.000062795 0.002384328 -0.000098459 0.000062790 1.000000000 0.002969366
1.000000000 0.000135581 0.000168376 -0.001743396 -0.000135577 1.000000000 -0.000021170 0.001478352 -0.000168379 0.000021147 1.000000000 0.002326390
1.000000000 0.000147909 0.000059233 -0.001234203 -0.000147904 1.000000000 -0.000076201 0.002290546 -0.000059245 0.000076193 1.000000000 0.002203300
1.000000000 0.000054077 0.000092733 -0.001602985 -0.000054073 1.000000000 -0.000044606 0.000941660 -0.000092735 0.000044601 1.000000000 0.001649793
1.000000000 0.000126582 0.000200880 -0.001972987 -0.000126580 1.000000000 -0.000012461 0.001057228 -0.000200881 0.000012435 1.000000000 0.002110721
1.000000000 0.000096260 0.000175041 -0.001325619 -0.000096248 1.000000000 -0.000071413 0.002119618 -0.000175048 0.000071396 1.000000000 0.003784638
1.000000000 0.000194003 0.000089692 -0.000852356 -0.000193984 0.999999940 -0.000213554 0.003367339 -0.000089733 0.000213537 1.000000000 0.003870246
1.000000000 0.000117373 0.000139792 -0.000912530 -0.000117359 1.000000000 -0.000102455 0.001639902 -0.000139804 0.000102438 1.000000000 0.001754218
0.999999940 0.000211886 0.000190516 -0.002490044 -0.000211858 0.999999940 -0.000148404 0.002024433 -0.000190547 0.000148363 1.000000000 0.002405397
1.000000000 0.000157268 0.000183397 -0.001796876 -0.000157248 1.000000000 -0.000107965 0.001113113 -0.000183414 0.000107936 1.000000000 0.001489776
1.000000000 0.000076417 0.000024475 -0.001832466 -0.000076417 1.000000000 0.000022719 0.000395616 -0.000024473 -0.000022721 1.000000000 0.000127340
1.000000000 0.000152748 0.000094734 -0.001523422 -0.000152746 1.000000000 -0.000021863 0.001832992 -0.000094738 0.000021848 1.000000000 0.002285171
1.000000000 0.000125401 0.000150512 -0.001916057 -0.000125396 1.000000000 -0.000028167 0.001455707 -0.000150515 0.000028148 1.000000000 0.001308303
1.000000000 0.000190609 0.000126541 -0.000836372 -0.000190599 1.000000000 -0.000081557 0.002753903 -0.000126556 0.000081532 1.000000000 0.003067479
1.000000000 -0.000032994 0.000030943 0.000354722 0.000032997 1.000000000 -0.000103393 0.000886587 -0.000030939 0.000103394 1.000000000 0.002749241
0.999999642 0.000840204 -0.000182700 -0.000033480 -0.000840317 0.999999464 -0.000618827 -0.001115815 0.000182180 0.000618980 0.999999821 0.053075131
0.999999762 0.000719656 -0.000155731 0.001689262 -0.000719857 0.999998927 -0.001291836 -0.001916436 0.000154801 0.001291948 0.999999225 0.142735705
0.999998510 0.001584308 -0.000701419 0.005235002 -0.001584953 0.999998271 -0.000918816 -0.011893442 0.000699962 0.000919926 0.999999344 0.252408981
0.999998510 0.001622856 -0.000653516 0.007735300 -0.001623451 0.999998271 -0.000910883 -0.014032224 0.000652037 0.000911942 0.999999404 0.384927928
0.999998510 0.001590792 -0.000712403 0.009530982 -0.001591261 0.999998569 -0.000658506 -0.018004987 0.000711354 0.000659639 0.999999583 0.528827488
0.999999046 0.001231989 -0.000561681 0.013668722 -0.001232074 0.999999166 -0.000151961 -0.026480516 0.000561493 0.000152653 0.999999821 0.680749178
0.999999464 0.000881187 -0.000585353 0.019100817 -0.000881201 0.999999583 -0.000023649 -0.028709501 0.000585332 0.000024165 0.999999821 0.841091931
0.999999166 0.001280389 -0.000279528 0.016319973 -0.001280454 0.999999166 -0.000232712 -0.030494126 0.000279230 0.000233069 0.999999940 1.015251398
0.999999046 0.001349796 -0.000360926 0.021009516 -0.001349835 0.999999106 -0.000109815 -0.035938572 0.000360777 0.000110302 0.999999940 1.190656424
0.999998808 0.001481282 -0.000242398 0.023747947 -0.001481244 0.999998868 0.000157994 -0.044904735 0.000242631 -0.000157634 0.999999940 1.373943806
0.999998689 0.001477291 -0.000620059 0.028438903 -0.001477288 0.999998868 0.000005621 -0.046643212 0.000620067 -0.000004705 0.999999762 1.569057703
0.999999404 0.001077897 -0.000110633 0.031368561 -0.001077830 0.999999225 0.000605876 -0.057304427 0.000111286 -0.000605757 0.999999762 1.768063068
0.999999404 0.001067229 -0.000160151 0.034655016 -0.001067076 0.999998987 0.000952958 -0.066418894 0.000161167 -0.000952786 0.999999523 1.959424019
0.999999702 0.000781301 -0.000164697 0.036259063 -0.000781142 0.999999166 0.000966857 -0.071293645 0.000165453 -0.000966728 0.999999523 2.175242662
0.999999583 0.000903904 -0.000056028 0.039990142 -0.000903864 0.999999344 0.000719976 -0.074778505 0.000056679 -0.000719925 0.999999762 2.397230387
0.999999225 0.001246205 0.000043025 0.043746170 -0.001246231 0.999998987 0.000621984 -0.078847378 -0.000042250 -0.000622037 0.999999821 2.624428511
0.999999821 0.000602956 0.000137318 0.051036175 -0.000603105 0.999999225 0.001082994 -0.090204746 -0.000136665 -0.001083077 0.999999404 2.848948240
0.999999821 0.000582204 0.000109379 0.055120099 -0.000582336 0.999999046 0.001208738 -0.095067158 -0.000108675 -0.001208801 0.999999285 3.089511633
0.999999404 0.001020453 0.000061441 0.063501731 -0.001020546 0.999998391 0.001538097 -0.108127460 -0.000059871 -0.001538160 0.999998808 3.322769403
0.999999821 0.000446967 -0.000252852 0.073290542 -0.000446626 0.999998927 0.001345611 -0.114999317 0.000253454 -0.001345498 0.999999046 3.566919088
0.999999762 0.000633627 -0.000218108 0.077859886 -0.000633356 0.999999046 0.001240814 -0.121358916 0.000218894 -0.001240676 0.999999166 3.826451778
0.999999583 0.000728370 0.000580075 0.071654588 -0.000729204 0.999998689 0.001438337 -0.122662134 -0.000579027 -0.001438759 0.999998808 4.094495773
0.999999464 0.000980979 0.000374700 0.077596866 -0.000981561 0.999998331 0.001555622 -0.127729565 -0.000373174 -0.001555989 0.999998689 4.351763248
0.999999523 0.000708614 0.000733517 0.080561765 -0.000709681 0.999998689 0.001455495 -0.134715855 -0.000732484 -0.001456015 0.999998689 4.612798214
0.999999225 0.001148375 0.000385133 0.089077346 -0.001148987 0.999998093 0.001593831 -0.148239210 -0.000383302 -0.001594272 0.999998629 4.859627247
0.999999225 0.001188337 0.000409209 0.094365939 -0.001189138 0.999997377 0.001962382 -0.156996280 -0.000406876 -0.001962867 0.999997973 5.120292664
0.999999166 0.001103865 0.000646394 0.095223784 -0.001104856 0.999998152 0.001535037 -0.160726964 -0.000644699 -0.001535750 0.999998629 5.383697510
0.999999285 0.001009898 0.000625182 0.102803618 -0.001011031 0.999997795 0.001814737 -0.169591740 -0.000623348 -0.001815368 0.999998093 5.653717518
0.999999046 0.001127460 0.000684094 0.099301375 -0.001128569 0.999998033 0.001623066 -0.176629275 -0.000682262 -0.001623837 0.999998450 5.920032978
0.999999046 0.001224645 0.000676378 0.107110359 -0.001225619 0.999998212 0.001440505 -0.182269275 -0.000674613 -0.001441333 0.999998689 6.200814724
0.999998510 0.001464407 0.000929124 0.113889433 -0.001465866 0.999997735 0.001571188 -0.187873542 -0.000926821 -0.001572548 0.999998331 6.492843151
0.999999523 0.000697856 0.000686509 0.122810505 -0.000698983 0.999998391 0.001642826 -0.195141613 -0.000685362 -0.001643306 0.999998391 6.780116081
0.999999464 0.000567044 0.000804467 0.126381055 -0.000568282 0.999998569 0.001539660 -0.204573780 -0.000803592 -0.001540116 0.999998510 7.080354214
0.999999523 0.000598422 0.000741968 0.131918192 -0.000599696 0.999998331 0.001717978 -0.213600010 -0.000740939 -0.001718422 0.999998212 7.380002975
0.999999344 0.000937455 0.000712154 0.135543272 -0.000938607 0.999998331 0.001619282 -0.222800106 -0.000710635 -0.001619949 0.999998450 7.681922913
0.999999046 0.000740285 0.001167139 0.141248614 -0.000742137 0.999998450 0.001586735 -0.228988215 -0.001165963 -0.001587600 0.999997973 8.004535675
0.999998689 0.000853221 0.001357130 0.145242542 -0.000855513 0.999998212 0.001688916 -0.240082860 -0.001355686 -0.001690075 0.999997675 8.321825027
0.999998748 0.000845166 0.001328400 0.154811859 -0.000847223 0.999998450 0.001548328 -0.247038484 -0.001327089 -0.001549452 0.999997973 8.643695831
0.999998510 0.001129152 0.001301188 0.159921944 -0.001131257 0.999998033 0.001618401 -0.260452956 -0.001299359 -0.001619871 0.999997854 8.982573509
0.999998987 0.001152801 0.000897709 0.171179801 -0.001154801 0.999996841 0.002230635 -0.275109649 -0.000895135 -0.002231670 0.999997139 9.312780380
0.999998748 0.000877909 0.001293042 0.168886021 -0.000880272 0.999997914 0.001827883 -0.282307148 -0.001291435 -0.001829019 0.999997497 9.660888672
0.999998927 0.000418855 0.001418024 0.178957954 -0.000421991 0.999997437 0.002212137 -0.290832967 -0.001417094 -0.002212733 0.999996603 9.999362946
0.999997914 0.001606437 0.001349410 0.185653523 -0.001608794 0.999997139 0.001746388 -0.304594934 -0.001346600 -0.001748555 0.999997556 10.364102364
0.999997854 0.001543998 0.001401655 0.193185210 -0.001546482 0.999997199 0.001772448 -0.315469146 -0.001398915 -0.001774612 0.999997437 10.720753670
0.999998808 0.001150134 0.001016530 0.207635850 -0.001152037 0.999997497 0.001873526 -0.322166055 -0.001014373 -0.001874695 0.999997735 11.095656395
0.999998629 0.001069619 0.001272776 0.213619813 -0.001072209 0.999997377 0.002036307 -0.332614154 -0.001270594 -0.002037669 0.999997139 11.476698875
0.999998331 0.001424133 0.001157626 0.221877769 -0.001426041 0.999997675 0.001649559 -0.339097649 -0.001155274 -0.001651207 0.999998033 11.856612206
0.999998391 0.001209889 0.001302898 0.227886289 -0.001212384 0.999997437 0.001915771 -0.356247246 -0.001300576 -0.001917348 0.999997318 12.232891083
0.999997616 0.001472904 0.001633052 0.234859288 -0.001476557 0.999996483 0.002237790 -0.369939655 -0.001629750 -0.002240196 0.999996126 12.624098778
0.999997199 0.000914839 0.002196420 0.238666028 -0.000920843 0.999995768 0.002734127 -0.383608311 -0.002193910 -0.002736141 0.999993861 13.027451515
0.999997675 0.001080529 0.001867740 0.251001716 -0.001085095 0.999996364 0.002445409 -0.396629959 -0.001865091 -0.002447430 0.999995291 13.423489571
0.999997318 0.001127500 0.002002273 0.259559691 -0.001132744 0.999995947 0.002619885 -0.406493664 -0.001999311 -0.002622147 0.999994576 13.831871986
0.999997199 0.001365197 0.002002907 0.264506340 -0.001371074 0.999994695 0.002935794 -0.416160852 -0.001998889 -0.002938532 0.999993622 14.248669624
0.999996543 0.001216337 0.002326884 0.271657288 -0.001223190 0.999994814 0.002945852 -0.431169659 -0.002323289 -0.002948688 0.999992967 14.662088394
0.999996305 0.000959895 0.002581012 0.284411609 -0.000966958 0.999995768 0.002736587 -0.442517728 -0.002578374 -0.002739073 0.999992907 15.091754913
0.999995232 0.001439082 0.002718173 0.289769590 -0.001446118 0.999995530 0.002588205 -0.455232859 -0.002714436 -0.002592124 0.999992967 15.528798103
0.999992967 0.001312985 0.003499487 0.301241398 -0.001324083 0.999994099 0.003170970 -0.470397115 -0.003495303 -0.003175582 0.999988854 15.967405319
0.999992132 0.001584110 0.003644846 0.310142636 -0.001595721 0.999993682 0.003184917 -0.481019050 -0.003639778 -0.003190708 0.999988258 16.405317307
0.999992132 0.001482430 0.003700605 0.321363270 -0.001492353 0.999995291 0.002680093 -0.489568323 -0.003696614 -0.002685594 0.999989569 16.851205826
0.999989212 0.001953740 0.004196095 0.330364227 -0.001966066 0.999993742 0.002935297 -0.503806949 -0.004190334 -0.002943515 0.999986887 17.311166763
0.999987662 0.002057922 0.004524503 0.337149590 -0.002071702 0.999993145 0.003043176 -0.517069101 -0.004518209 -0.003052512 0.999985158 17.774875641
0.999988556 0.001549980 0.004541535 0.353548139 -0.001561793 0.999995351 0.002598773 -0.526699007 -0.004537486 -0.002605836 0.999986291 18.238805771
0.999987304 0.001769429 0.004716852 0.367835879 -0.001780656 0.999995530 0.002377145 -0.535458624 -0.004712625 -0.002385513 0.999986053 18.711515427
0.999984145 0.002230185 0.005163729 0.376505047 -0.002246211 0.999992669 0.003099869 -0.550027370 -0.005156778 -0.003111419 0.999981880 19.177583694
0.999983549 0.002432176 0.005189817 0.388362616 -0.002450256 0.999990940 0.003480282 -0.568226337 -0.005181306 -0.003492941 0.999980390 19.648994446
0.999986470 0.002361495 0.004630444 0.400176942 -0.002379512 0.999989629 0.003889441 -0.580357611 -0.004621211 -0.003900407 0.999981642 20.136930466
0.999985576 0.002036574 0.004953216 0.417555004 -0.002053272 0.999992192 0.003368484 -0.596361220 -0.004946317 -0.003378606 0.999981999 20.617393494
0.999989986 0.001898242 0.004039283 0.430726528 -0.001913542 0.999991000 0.003787204 -0.610378802 -0.004032058 -0.003794896 0.999984622 21.123933792
0.999988616 0.002352941 0.004146560 0.439334810 -0.002368399 0.999990225 0.003726774 -0.624246359 -0.004137750 -0.003736553 0.999984443 21.622192383
0.999992967 0.001626078 0.003373124 0.455005497 -0.001637866 0.999992549 0.003494775 -0.637893796 -0.003367417 -0.003500275 0.999988198 22.129810333
0.999994338 0.001645551 0.002909180 0.472127438 -0.001655760 0.999992430 0.003510703 -0.649905205 -0.002903381 -0.003515500 0.999989629 22.646606445
0.999995232 0.001798532 0.002511309 0.481430709 -0.001808206 0.999990880 0.003855382 -0.668416560 -0.002504352 -0.003859905 0.999989331 23.154979706
0.999996603 0.001577356 0.002132404 0.488954395 -0.001586364 0.999989808 0.004229053 -0.684814036 -0.002125711 -0.004232421 0.999988794 23.673084259
0.999998748 -0.000048394 0.001612651 0.496550053 0.000042173 0.999992490 0.003857581 -0.702427804 -0.001612826 -0.003857508 0.999991298 24.195482254
0.999998391 0.001453467 0.001026583 0.509310365 -0.001457089 0.999992669 0.003536149 -0.702786684 -0.001021436 -0.003537640 0.999993145 24.742235184
0.999998689 0.001567214 0.000353674 0.519666314 -0.001568651 0.999990344 0.004099396 -0.723256886 -0.000347246 -0.004099946 0.999991477 25.285133362
0.999998391 0.001764205 -0.000229443 0.525485635 -0.001763280 0.999990582 0.003972054 -0.733579457 0.000236449 -0.003971642 0.999992073 25.825204849
0.999997795 0.002040463 -0.000505971 0.531291664 -0.002038623 0.999991417 0.003611748 -0.743328512 0.000513336 -0.003610709 0.999993265 26.384944916
0.999998093 0.001868105 -0.000712772 0.543717742 -0.001865131 0.999989629 0.004150530 -0.755026340 0.000720518 -0.004149192 0.999991059 26.946071625
0.999997616 0.001788548 -0.001228099 0.549562335 -0.001783427 0.999989748 0.004158731 -0.775398850 0.001235525 -0.004156531 0.999990582 27.492780685
0.999996185 0.002460662 -0.001285064 0.555763364 -0.002455908 0.999990165 0.003687992 -0.784979105 0.001294127 -0.003684822 0.999992430 28.051712036
0.999995351 0.002691465 -0.001421019 0.570352733 -0.002685456 0.999987543 0.004213105 -0.804134130 0.001432341 -0.004209270 0.999990046 28.590894699
0.999994636 0.002788505 -0.001728053 0.581859648 -0.002780940 0.999986589 0.004364992 -0.820965648 0.001740201 -0.004360162 0.999988973 29.138738632
0.999993861 0.002799040 -0.002118053 0.592124939 -0.002790540 0.999988079 0.004004773 -0.829418421 0.002129238 -0.003998838 0.999989748 29.691886902
0.999992847 0.002689010 -0.002665565 0.602540195 -0.002677133 0.999986529 0.004449374 -0.847898126 0.002677494 -0.004442206 0.999986529 30.225551605
0.999991834 0.002678027 -0.003000413 0.612663150 -0.002665279 0.999987364 0.004244533 -0.857727468 0.003011742 -0.004236501 0.999986470 30.775735855
0.999990821 0.002549002 -0.003438071 0.627715826 -0.002534400 0.999987781 0.004245149 -0.872353256 0.003448850 -0.004236397 0.999985039 31.320751190
0.999987423 0.003479866 -0.003588212 0.631917953 -0.003465055 0.999985576 0.004125584 -0.882100821 0.003602517 -0.004113100 0.999985039 31.871328354
0.999988914 0.002951089 -0.003662142 0.640628934 -0.002936835 0.999988079 0.003891400 -0.896472394 0.003673582 -0.003880602 0.999985695 32.420398712
0.999986827 0.002650766 -0.004389392 0.648064613 -0.002632603 0.999988019 0.004138377 -0.913673878 0.004400310 -0.004126768 0.999981821 32.963062286
0.999987066 0.002626859 -0.004350421 0.662002981 -0.002610086 0.999989152 0.003856838 -0.925438404 0.004360505 -0.003845433 0.999983072 33.498908997
0.999985814 0.002482775 -0.004714772 0.674908340 -0.002462576 0.999987721 0.004285218 -0.946022332 0.004725354 -0.004273546 0.999979675 34.038188934
0.999984205 0.002235615 -0.005157040 0.681748629 -0.002214021 0.999988794 0.004189345 -0.954922020 0.005166347 -0.004177861 0.999977946 34.586502075
0.999980390 0.002772450 -0.005620089 0.694093585 -0.002748726 0.999987245 0.004224668 -0.979187012 0.005631731 -0.004209136 0.999975324 35.107635498
0.999982297 0.002516757 -0.005377464 0.695623815 -0.002496358 0.999989629 0.003796622 -0.974137306 0.005386963 -0.003783131 0.999978364 35.691040039
0.999980390 0.002759382 -0.005634288 0.706655383 -0.002735542 0.999987304 0.004234446 -0.991189241 0.005645901 -0.004218949 0.999975204 36.238044739
0.999984264 0.002701761 -0.004903333 0.705963433 -0.002683675 0.999989688 0.003691372 -1.004960895 0.004913255 -0.003678156 0.999981165 36.787643433
0.999979496 0.002420868 -0.005922121 0.717696369 -0.002398412 0.999989867 0.003796037 -1.023272753 0.005931250 -0.003781755 0.999975264 37.329925537
0.999978185 0.002877384 -0.005946158 0.725832105 -0.002857906 0.999990642 0.003281684 -1.032585502 0.005955545 -0.003264619 0.999976933 37.882713318
0.999978781 0.002708382 -0.005920212 0.737737179 -0.002688675 0.999990821 0.003334124 -1.043087959 0.005929190 -0.003318136 0.999976873 38.422454834
0.999979675 0.002641965 -0.005797768 0.739226639 -0.002623864 0.999991655 0.003127499 -1.052023888 0.005805983 -0.003112223 0.999978364 38.973155975
0.999980688 0.002652383 -0.005619119 0.753187180 -0.002637620 0.999993026 0.002633051 -1.063638330 0.005626065 -0.002618179 0.999980748 39.492542267
0.999979913 0.002885912 -0.005640267 0.760014474 -0.002868865 0.999991298 0.003027967 -1.086037397 0.005648955 -0.003011726 0.999979436 40.066528320
0.999982476 0.002919993 -0.005150627 0.755724728 -0.002904278 0.999991059 0.003055784 -1.099513412 0.005159504 -0.003040771 0.999982059 40.593627930
0.999982774 0.002906346 -0.005111467 0.762696266 -0.002894186 0.999992907 0.002384655 -1.106055975 0.005118361 -0.002369820 0.999984145 41.150680542
0.999981523 0.002542700 -0.005521431 0.776416898 -0.002528119 0.999993265 0.002646138 -1.128151536 0.005528122 -0.002632130 0.999981284 41.682041168
0.999981880 0.003541606 -0.004847422 0.771200299 -0.003529584 0.999990702 0.002486553 -1.142997622 0.004856182 -0.002469399 0.999985218 42.223304749
0.999982834 0.003332451 -0.004814412 0.773346484 -0.003317507 0.999989629 0.003108874 -1.165572524 0.004824720 -0.003092848 0.999983609 42.731296539
0.999984443 0.003223131 -0.004554403 0.781142235 -0.003215325 0.999993324 0.001720460 -1.155474305 0.004559918 -0.001705790 0.999988139 43.286655426
0.999979913 0.003412669 -0.005345695 0.799419463 -0.003400695 0.999991715 0.002247387 -1.180285692 0.005353320 -0.002229163 0.999983191 43.848381042
0.999980688 0.003950133 -0.004814863 0.804732800 -0.003938136 0.999989092 0.002498751 -1.193915725 0.004824681 -0.002479741 0.999985278 44.397190094
0.999980032 0.004261161 -0.004667023 0.811397076 -0.004254453 0.999989927 0.001446381 -1.202175617 0.004673138 -0.001426497 0.999988079 44.908000946
0.999980867 0.003319394 -0.005223890 0.830039620 -0.003311764 0.999993443 0.001468466 -1.223988533 0.005228730 -0.001451138 0.999985278 45.467033386
0.999979615 0.003755102 -0.005163532 0.838134348 -0.003748674 0.999992192 0.001254047 -1.235485911 0.005168200 -0.001234665 0.999985933 46.013050079
0.999977887 0.004056204 -0.005273803 0.845193148 -0.004044165 0.999989212 0.002291377 -1.264699340 0.005283039 -0.002269998 0.999983490 46.552505493
0.999976516 0.004510565 -0.005157053 0.856759906 -0.004499087 0.999987364 0.002235007 -1.273386478 0.005167069 -0.002211752 0.999984205 47.101825714
0.999975681 0.003962395 -0.005727868 0.871376753 -0.003946767 0.999988556 0.002737257 -1.299654245 0.005738648 -0.002714584 0.999979854 47.649074554
0.999976993 0.003801227 -0.005620102 0.877749443 -0.003788160 0.999990046 0.002333625 -1.312357426 0.005628917 -0.002312282 0.999981403 48.192771912
0.999975622 0.004184274 -0.005593550 0.883696318 -0.004171726 0.999988735 0.002253055 -1.325732350 0.005602915 -0.002229666 0.999981761 48.734573364
0.999976933 0.003766348 -0.005649825 0.892474532 -0.003754275 0.999990642 0.002145738 -1.340128422 0.005657854 -0.002124477 0.999981761 49.267055511
0.999976575 0.004084686 -0.005494854 0.901687086 -0.004071306 0.999988735 0.002443888 -1.357468843 0.005504775 -0.002421460 0.999981940 49.812545776
0.999976575 0.003906995 -0.005616565 0.907690883 -0.003892872 0.999989152 0.002523272 -1.372422814 0.005626363 -0.002501348 0.999981046 50.350387573
0.999976993 0.004041660 -0.005433202 0.906690061 -0.004031624 0.999990106 0.001856843 -1.385743499 0.005440652 -0.001834896 0.999983490 50.884559631
0.999976993 0.004112101 -0.005393275 0.917530537 -0.004100215 0.999989152 0.002213142 -1.402372003 0.005402317 -0.002190977 0.999983013 51.425983429
0.999978542 0.003768952 -0.005361476 0.931888223 -0.003762937 0.999992251 0.001131950 -1.409277678 0.005365701 -0.001111751 0.999984980 51.976936340
0.999976873 0.004360784 -0.005241307 0.926164925 -0.004349252 0.999988019 0.002209674 -1.430154443 0.005250880 -0.002186826 0.999983847 52.496467590
0.999977589 0.004006532 -0.005360351 0.931621552 -0.003995080 0.999989629 0.002145608 -1.445120692 0.005368893 -0.002124145 0.999983311 53.031219482
0.999976754 0.004295599 -0.005291173 0.940218449 -0.004284827 0.999988735 0.002045513 -1.459237456 0.005299900 -0.002022794 0.999983847 53.566165924
0.999976277 0.004767541 -0.004972148 0.939496577 -0.004759393 0.999987245 0.001649155 -1.477226377 0.004979947 -0.001625451 0.999986231 54.077896118
0.999975145 0.005041244 -0.004924069 0.939765155 -0.005032452 0.999985695 0.001795852 -1.490749717 0.004933052 -0.001771027 0.999986291 54.615447998
0.999977052 0.004392915 -0.005155352 0.946343064 -0.004383356 0.999988675 0.001863871 -1.506320477 0.005163483 -0.001841231 0.999984980 55.149475098
0.999978483 0.004188758 -0.005051623 0.956207871 -0.004179710 0.999989629 0.001800648 -1.517320991 0.005059115 -0.001779495 0.999985635 55.668258667
0.999977410 0.004045916 -0.005357925 0.959466815 -0.004035764 0.999990046 0.001904225 -1.529897332 0.005365578 -0.001882559 0.999983847 56.205978394
0.999977112 0.004201292 -0.005299573 0.971091211 -0.004191983 0.999989629 0.001766587 -1.546232820 0.005306939 -0.001744331 0.999984324 56.749427795
0.999976337 0.003823847 -0.005738005 0.991522074 -0.003818774 0.999992311 0.000894434 -1.531304955 0.005741381 -0.000872501 0.999983132 57.281894684
0.999977946 0.004416368 -0.004947414 0.974762321 -0.004408372 0.999988973 0.001626235 -1.571529150 0.004954542 -0.001604389 0.999986410 57.793685913
0.999979675 0.004437046 -0.004581203 0.971144795 -0.004427970 0.999988198 0.001989177 -1.597366691 0.004589974 -0.001968851 0.999987543 58.310646057
0.999976814 0.004840787 -0.004779574 0.974382281 -0.004832800 0.999986887 0.001681153 -1.603695869 0.004787649 -0.001658015 0.999987185 58.836357117
0.999980330 0.004002277 -0.004825473 0.975850463 -0.003993616 0.999990523 0.001803412 -1.628894091 0.004832646 -0.001784106 0.999986708 59.356822968
0.999981523 0.003838244 -0.004710803 0.975441635 -0.003830771 0.999991357 0.001594547 -1.645865560 0.004716882 -0.001576471 0.999987602 59.876205444
0.999980986 0.003579340 -0.005025504 0.984529018 -0.003570475 0.999992073 0.001772164 -1.656237841 0.005031808 -0.001754187 0.999985754 60.431468964
0.999979854 0.004551608 -0.004417177 0.975644231 -0.004543786 0.999988079 0.001779104 -1.681693554 0.004425222 -0.001758998 0.999988616 60.949459076
0.999980807 0.004332217 -0.004414504 0.980663776 -0.004324453 0.999989033 0.001767047 -1.693600416 0.004422112 -0.001747923 0.999988616 61.478828430
0.999982655 0.004199008 -0.004119776 0.980826378 -0.004191872 0.999989688 0.001739176 -1.712955594 0.004127035 -0.001721876 0.999989927 61.999565125
0.999982238 0.004894650 -0.003401321 0.974913001 -0.004888661 0.999986470 0.001766626 -1.739660740 0.003409922 -0.001749967 0.999992669 62.519027710
0.999981582 0.004907886 -0.003571111 0.977262914 -0.004902085 0.999986649 0.001631484 -1.754986405 0.003579071 -0.001613948 0.999992311 63.045372009
0.999980211 0.004909161 -0.003929234 0.979060411 -0.004903528 0.999986947 0.001441953 -1.778322697 0.003936261 -0.001422657 0.999991238 63.563098907
0.999979436 0.005229510 -0.003713305 0.978284657 -0.005221372 0.999983966 0.002198033 -1.806042433 0.003724741 -0.002178599 0.999990702 64.070709229
0.999980986 0.005331708 -0.003101919 0.969504356 -0.005324629 0.999983191 0.002285498 -1.832061529 0.003114052 -0.002268938 0.999992549 64.588668823
0.999980927 0.005544558 -0.002693728 0.962992966 -0.005536221 0.999979913 0.003092583 -1.863392353 0.002710821 -0.003077612 0.999991536 65.100540161
0.999979973 0.005818598 -0.002473823 0.970839977 -0.005810388 0.999977648 0.003313449 -1.876237869 0.002493048 -0.003299009 0.999991417 65.642829895
0.999981284 0.005495462 -0.002693101 0.964436173 -0.005489704 0.999982655 0.002141150 -1.887427449 0.002704819 -0.002126325 0.999994099 66.178161621
0.999980032 0.005736812 -0.002656808 0.965069890 -0.005730238 0.999980509 0.002475217 -1.915949583 0.002670954 -0.002459944 0.999993324 66.698493958
0.999979973 0.005818516 -0.002545491 0.964674890 -0.005813153 0.999980867 0.002109918 -1.926300764 0.002557719 -0.002095079 0.999994516 67.228607178
0.999979913 0.005928617 -0.002207367 0.965849161 -0.005923654 0.999979913 0.002247520 -1.946761131 0.002220647 -0.002234400 0.999995053 67.749450684
0.999979079 0.006027550 -0.002349485 0.967130899 -0.006022559 0.999979734 0.002126047 -1.964318156 0.002362253 -0.002111853 0.999994993 68.278060913
0.999972165 0.007162846 -0.002088087 0.957834780 -0.007158467 0.999972165 0.002097140 -1.983357191 0.002103051 -0.002082134 0.999995649 68.787513733
0.999973834 0.006930497 -0.002047438 0.963360310 -0.006926872 0.999974430 0.001772198 -2.001731634 0.002059669 -0.001757970 0.999996305 69.312614441
0.999974430 0.006875281 -0.001916539 0.970509708 -0.006871337 0.999974132 0.002057883 -2.016343355 0.001930638 -0.002044662 0.999996006 69.869621277
0.999970317 0.007625255 -0.001040108 0.938383400 -0.007622672 0.999967933 0.002465411 -2.069215059 0.001058874 -0.002457409 0.999996424 70.333930969
0.999966681 0.008129093 -0.000674021 0.930178523 -0.008127056 0.999962568 0.002967060 -2.100825787 0.000698116 -0.002961483 0.999995351 70.847854614
0.999955833 0.009395197 0.000038839 0.922213912 -0.009395275 0.999949515 0.003570601 -2.136931181 -0.000005292 -0.003570809 0.999993563 71.359428406
0.999934733 0.011337475 0.001392771 0.900474548 -0.011343704 0.999925315 0.004550575 -2.179699183 -0.001341074 -0.004566078 0.999988616 71.968269348
0.999940515 0.010856370 0.001025283 0.913812459 -0.010860622 0.999932051 0.004236250 -2.190228462 -0.000979223 -0.004247134 0.999990463 72.475578308
0.999946833 0.010270639 0.000899683 0.926382303 -0.010274311 0.999938488 0.004175504 -2.198741436 -0.000856743 -0.004184526 0.999990821 73.014297485
0.999955952 0.009361373 0.000692113 0.942896128 -0.009363842 0.999949455 0.003658088 -2.205620766 -0.000657833 -0.003664408 0.999993086 73.555061340
0.999947965 0.010148730 0.001052876 0.946242213 -0.010152831 0.999940574 0.003963420 -2.225578547 -0.001012590 -0.003973903 0.999991596 74.084022522
0.999946713 0.010252553 0.001217866 0.956106424 -0.010256984 0.999940574 0.003687891 -2.235546589 -0.001179983 -0.003700186 0.999992430 74.634887695
0.999949932 0.009962962 0.000912893 0.973264396 -0.009965676 0.999945760 0.003018383 -2.242660761 -0.000882772 -0.003027330 0.999995053 75.184272766
0.999940693 0.010836097 0.001025428 0.980001092 -0.010839025 0.999937057 0.002894935 -2.259166956 -0.000993993 -0.002905878 0.999995291 75.720863342
0.999947727 0.010183088 0.000908204 0.995842814 -0.010185709 0.999943852 0.002927664 -2.272470474 -0.000878340 -0.002936761 0.999995232 76.264869690
0.999944389 0.010497849 0.001015656 0.998031795 -0.010500453 0.999941468 0.002594687 -2.282122374 -0.000988359 -0.002605207 0.999996066 76.800613403
0.999941587 0.010775112 0.000821464 1.012871027 -0.010777694 0.999936759 0.003204674 -2.304494619 -0.000786882 -0.003213340 0.999994457 77.322372437
0.999948680 0.010099540 0.000773692 1.034031272 -0.010101481 0.999945700 0.002545783 -2.309104204 -0.000747938 -0.002553468 0.999996424 77.855262756
0.999937892 0.010988018 0.001829332 1.039690375 -0.010992736 0.999936223 0.002589496 -2.321176291 -0.001800761 -0.002609445 0.999994934 78.406066895
0.999940336 0.010876325 0.001021523 1.050886989 -0.010878962 0.999937415 0.002613963 -2.336242437 -0.000993028 -0.002624920 0.999996066 78.961311340
0.999941051 0.010809136 0.001050456 1.063131928 -0.010811659 0.999938607 0.002426381 -2.349542618 -0.001024166 -0.002437595 0.999996424 79.485664368
0.999937773 0.010904041 0.002340354 1.070221305 -0.010908577 0.999938607 0.001934388 -2.357451200 -0.002319118 -0.001959797 0.999995410 80.049415588
0.999930620 0.010975864 0.004269818 1.082934618 -0.010981986 0.999938667 0.001413525 -2.372126102 -0.004254041 -0.001460318 0.999989927 80.595184326
0.999942482 0.009839530 0.004269061 1.108104467 -0.009848379 0.999949396 0.002057023 -2.380571604 -0.004248605 -0.002098948 0.999988794 81.149887085
0.999927402 0.010517990 0.005879642 1.107520819 -0.010526714 0.999943554 0.001455055 -2.382592678 -0.005864006 -0.001516842 0.999981642 81.706039429
0.999901354 0.010814971 0.008962165 1.114945650 -0.010830833 0.999939799 0.001723100 -2.404400826 -0.008942991 -0.001819998 0.999958277 82.242149353
0.999854505 0.010708650 0.013275698 1.130745173 -0.010734900 0.999940574 0.001907651 -2.403036118 -0.013254480 -0.002049887 0.999910057 82.794090271
0.999812007 0.010887008 0.016039209 1.164592028 -0.010913262 0.999939263 0.001550221 -2.414211273 -0.016021356 -0.001724970 0.999870181 83.362792969
0.999745011 0.009726427 0.020380195 1.206614017 -0.009753373 0.999951661 0.001223119 -2.425758362 -0.020367313 -0.001421583 0.999791563 83.884429932
0.999603152 0.010152156 0.026276838 1.230409145 -0.010184653 0.999947488 0.001103204 -2.436180592 -0.026264261 -0.001370387 0.999654055 84.468467712
0.999420881 0.010973426 0.032210365 1.282876015 -0.010998136 0.999939322 0.000590078 -2.432430983 -0.032201935 -0.000943990 0.999480963 85.105201721
0.999222875 0.010485601 0.037995569 1.316738486 -0.010529758 0.999944091 0.000962187 -2.449175596 -0.037983365 -0.001361523 0.999277472 85.581382751
0.998868346 0.010687712 0.046344228 1.359835386 -0.010734304 0.999942064 0.000756534 -2.460567951 -0.046333458 -0.001253151 0.998925269 86.143951416
0.998464048 0.009996779 0.054493390 1.408320427 -0.010031174 0.999949574 0.000357690 -2.469745874 -0.054487061 -0.000903773 0.998513997 86.662834167
0.998050988 0.009715270 0.061642978 1.459256172 -0.009759274 0.999952316 0.000412808 -2.483542681 -0.061636027 -0.001013594 0.998098195 87.222076416
0.997412145 0.010667155 0.071100004 1.515255451 -0.010694033 0.999942839 -0.000002610 -2.490149498 -0.071095973 -0.000757742 0.997469306 87.764236450
0.996671915 0.009808302 0.080926411 1.588718414 -0.009812161 0.999951899 -0.000349995 -2.501267672 -0.080925956 -0.000445234 0.996719956 88.258453369
0.995940268 0.009408987 0.089523457 1.658413887 -0.009427169 0.999955475 -0.000219718 -2.515094995 -0.089521550 -0.000625127 0.995984674 88.798011780
0.995264053 0.008814859 0.096808791 1.729259968 -0.008792519 0.999961138 -0.000657387 -2.524197817 -0.096810848 -0.000196920 0.995302737 89.339538574
0.994254351 0.008457929 0.106708743 1.818402767 -0.008399857 0.999964237 -0.000993652 -2.538837433 -0.106713332 0.000091605 0.994289935 89.866966248
0.993037820 0.009013677 0.117450371 1.907049179 -0.009002632 0.999959290 -0.000624576 -2.556416750 -0.117451228 -0.000437135 0.993078530 90.401756287
0.991905868 0.008607416 0.126683205 1.998167992 -0.008585031 0.999962866 -0.000722718 -2.570402622 -0.126684725 -0.000370711 0.991942942 90.940711975
0.990345955 0.008716219 0.138343424 2.096690178 -0.008695997 0.999961913 -0.000750616 -2.582693100 -0.138344705 -0.000459665 0.990383983 91.488525391
0.988523781 0.008159098 0.150844812 2.202397346 -0.008025746 0.999966681 -0.001492832 -2.593050718 -0.150851965 0.000265057 0.988556325 92.028869629
0.986843586 0.007647718 0.161497042 2.311077118 -0.007457136 0.999970555 -0.001786209 -2.609975576 -0.161505982 0.000558404 0.986871541 92.562377930
0.985042036 0.008561204 0.172101513 2.427653313 -0.008502028 0.999963284 -0.001080949 -2.629594326 -0.172104448 -0.000398432 0.985078633 93.112304688
0.982723951 0.008183998 0.184896439 2.551576614 -0.008053654 0.999966502 -0.001455992 -2.644448519 -0.184902176 -0.000058254 0.982756853 93.643226624
0.980386972 0.008411602 0.196902469 2.682958603 -0.008342368 0.999964535 -0.001181070 -2.664676428 -0.196905389 -0.000484728 0.980422318 94.161750793
0.978295445 0.006628450 0.207108557 2.816959381 -0.006402723 0.999977946 -0.001760174 -2.673682928 -0.207115650 0.000395912 0.978316367 94.703277588
0.975469470 0.007196748 0.220017731 2.969518661 -0.006885821 0.999973893 -0.002180069 -2.681356668 -0.220027685 0.000611587 0.975493431 95.261260986
0.972197175 0.006388368 0.234076425 3.114185333 -0.005999414 0.999979138 -0.002373675 -2.697540045 -0.234086692 0.000903359 0.972215354 95.795539856
0.969475746 0.006711824 0.245095685 3.268644333 -0.006446517 0.999977469 -0.001884697 -2.712699413 -0.245102823 0.000247154 0.969497085 96.313537598
0.966871679 0.005401509 0.255205691 3.450130463 -0.004914120 0.999984682 -0.002547370 -2.728803873 -0.255215555 0.001208868 0.966883421 96.845268250
0.963226318 0.005116782 0.268642604 3.621591568 -0.004577393 0.999986053 -0.002634152 -2.746519089 -0.268652350 0.001307602 0.963236272 97.357475281
0.959664881 0.004945900 0.281102777 3.794713974 -0.004156658 0.999985516 -0.003403843 -2.762151241 -0.281115562 0.002098101 0.959671617 97.882019043
0.956344604 0.004461360 0.292207062 4.002418518 -0.003861092 0.999989092 -0.002630928 -2.784196138 -0.292215556 0.001387836 0.956351459 98.438537598
0.951785266 0.004751347 0.306728095 4.194828033 -0.004191127 0.999988139 -0.002485056 -2.801816940 -0.306736171 0.001079703 0.951793969 98.970649719
0.947219372 0.004041147 0.320560515 4.407619476 -0.003355760 0.999990761 -0.002690501 -2.818772316 -0.320568502 0.001472771 0.947224140 99.498474121
0.943225682 0.003963370 0.332128763 4.616554260 -0.003110573 0.999990344 -0.003099276 -2.832853079 -0.332137883 0.001890205 0.943228900 100.010910034
0.938520074 0.004492639 0.345195293 4.838266373 -0.003990996 0.999989688 -0.002163886 -2.861894131 -0.345201433 0.000653178 0.938528359 100.554397583
0.933101356 0.004161094 0.359589398 5.051795959 -0.003626040 0.999991059 -0.002162453 -2.878395081 -0.359595180 0.000713903 0.933108151 101.058692932
0.928420544 0.002896532 0.371519715 5.318706512 -0.001912855 0.999993622 -0.003016206 -2.891708374 -0.371526062 0.002089645 0.928420186 101.614181519
0.923822582 0.002031877 0.382815570 5.553970337 -0.000836717 0.999994218 -0.003288497 -2.901836872 -0.382820010 0.002717679 0.923818886 102.102607727
0.917654872 0.002658807 0.397369415 5.811119080 -0.001653534 0.999994516 -0.002872438 -2.929776907 -0.397374868 0.001978842 0.917654216 102.659919739
0.912045240 0.002087538 0.410084218 6.074493408 -0.000851098 0.999994516 -0.003197605 -2.942251682 -0.410088688 0.002567339 0.912042022 103.165000916
0.907224834 0.001172541 0.420644313 6.322769165 0.000145727 0.999995232 -0.003101771 -2.961036444 -0.420645893 0.002875303 0.907220364 103.640159607
0.901260197 -0.000894676 0.433277309 6.636859894 0.002869166 0.999988258 -0.003903275 -2.973082066 -0.433268756 0.004761011 0.901252151 104.217880249
0.894855678 -0.000834817 0.446354836 6.899971008 0.002867218 0.999988377 -0.003877945 -2.988250732 -0.446346402 0.004749997 0.894847691 104.694091797
0.888704419 -0.000986175 0.458479524 7.178184509 0.003112494 0.999987543 -0.003882229 -3.006815910 -0.458470017 0.004877170 0.888696432 105.170974731
0.882902086 -0.001093380 0.469555825 7.458679199 0.003279453 0.999987245 -0.003837818 -3.019813299 -0.469545662 0.004928303 0.882894456 105.649452209
0.875224113 -0.001446148 0.483715415 7.715373993 0.003469080 0.999988556 -0.003287246 -3.046858788 -0.483705133 0.004555124 0.875219166 106.083053589
