1.000000000 0.000000000 0.000000000 0.000000000 0.000000000 1.000000000 0.000000000 0.000000000 0.000000000 0.000000000 1.000000000 0.000000000
1.000000000 -0.000063111 -0.000207634 0.004854387 0.000063143 1.000000000 0.000156107 -0.003752680 0.000207625 -0.000156120 0.999999940 -0.003899459
1.000000000 0.000036319 0.000004953 0.000656734 -0.000036320 1.000000000 0.000071954 -0.002745338 -0.000004950 -0.000071955 1.000000000 -0.003178092
1.000000000 -0.000116512 -0.000154402 0.006621178 0.000116541 1.000000000 0.000189672 -0.003257182 0.000154380 -0.000189690 0.999999940 -0.004426160
1.000000000 -0.000043269 -0.000053715 0.000911474 0.000043271 1.000000000 0.000041677 -0.000480712 0.000053713 -0.000041679 1.000000000 0.000119072
1.000000000 -0.000031069 0.000061613 -0.000662740 0.000031068 1.000000000 0.000007443 -0.001646494 -0.000061613 -0.000007441 1.000000000 -0.001513005
1.000000000 -0.000088744 -0.000133656 0.004891007 0.000088768 1.000000000 0.000175061 -0.003238000 0.000133641 -0.000175073 1.000000000 -0.007151974
1.000000000 -0.000124933 -0.000057193 -0.000417103 0.000124935 1.000000000 0.000043458 0.000198819 0.000057187 -0.000043465 1.000000000 0.000710019
1.000000000 0.000005897 -0.000087825 0.002589303 -0.000005889 1.000000000 0.000090811 -0.003420205 0.000087825 -0.000090810 1.000000000 -0.009053137
1.000000000 0.000026375 0.000036985 0.000634430 -0.000026379 1.000000000 0.000103714 -0.002675683 -0.000036983 -0.000103715 1.000000000 -0.005611114
1.000000000 0.000110664 0.000086392 -0.001088986 -0.000110668 1.000000000 0.000049990 -0.001207942 -0.000086386 -0.000049999 1.000000000 -0.005082495
1.000000000 -0.000107090 -0.000024195 -0.000484128 0.000107092 1.000000000 0.000090945 -0.003846836 0.000024185 -0.000090948 1.000000000 -0.008586691
1.000000000 -0.000066547 -0.000007023 0.000309881 0.000066548 1.000000000 0.000061470 -0.001842372 0.000007019 -0.000061471 1.000000000 -0.006267789
1.000000000 -0.000071444 -0.000014300 0.000561636 0.000071445 1.000000000 0.000100238 -0.002117275 0.000014293 -0.000100239 1.000000000 -0.005935024
0.999999940 -0.000237670 -0.000080360 0.001184031 0.000237686 0.999999940 0.000198479 -0.002651857 0.000080313 -0.000198498 1.000000000 -0.008361389
0.999999940 -0.000259088 -0.000106641 -0.000919545 0.000259103 0.999999940 0.000139934 -0.002881427 0.000106605 -0.000139961 1.000000000 -0.009433853
1.000000000 -0.000167978 0.000023808 0.000011360 0.000167977 1.000000000 0.000052334 -0.001161525 -0.000023816 -0.000052330 1.000000000 -0.008012831
1.000000000 0.000049644 0.000001797 0.001996691 -0.000049645 1.000000000 0.000185935 -0.003744832 -0.000001788 -0.000185935 1.000000000 -0.011570701
1.000000000 -0.000217934 -0.000069379 0.001859247 0.000217945 0.999999940 0.000155409 -0.004787253 0.000069345 -0.000155424 1.000000000 -0.010197721
1.000000000 -0.000222490 -0.000048181 0.002388542 0.000222496 0.999999940 0.000129322 -0.005579895 0.000048152 -0.000129332 1.000000000 -0.012315154
1.000000000 -0.000056283 -0.000033113 0.002937190 0.000056291 0.999999940 0.000245281 -0.005772125 0.000033099 -0.000245282 0.999999940 -0.014023695
1.000000000 0.000029447 0.000051160 -0.000538787 -0.000029453 1.000000000 0.000110744 -0.001128215 -0.000051156 -0.000110745 1.000000000 -0.006648296
0.999999940 -0.000210578 -0.000154338 0.004711828 0.000210604 0.999999940 0.000167453 -0.003480202 0.000154303 -0.000167485 1.000000000 -0.012797458
1.000000000 -0.000203264 -0.000098674 0.003060670 0.000203290 0.999999940 0.000262843 -0.004572737 0.000098620 -0.000262863 0.999999940 -0.010409504
1.000000000 -0.000078641 -0.000137022 0.006024706 0.000078669 1.000000000 0.000204409 -0.003663731 0.000137006 -0.000204420 0.999999940 -0.015869280
1.000000000 -0.000081903 -0.000044509 0.000849902 0.000081912 1.000000000 0.000203646 -0.003211054 0.000044492 -0.000203650 1.000000000 -0.013725366
1.000000000 -0.000083342 -0.000014490 -0.001580987 0.000083345 1.000000000 0.000205098 -0.004849711 0.000014473 -0.000205099 1.000000000 -0.015340606
1.000000000 -0.000077838 -0.000002376 -0.001201453 0.000077838 1.000000000 0.000193353 -0.003250571 0.000002361 -0.000193353 1.000000000 -0.009567624
0.999999940 -0.000249218 -0.000152638 -0.000146930 0.000249238 0.999999940 0.000135242 0.000303067 0.000152605 -0.000135280 1.000000000 -0.007394386
1.000000000 -0.000127500 -0.000106832 0.001774056 0.000127521 1.000000000 0.000201413 -0.002473979 0.000106806 -0.000201426 1.000000000 -0.009602759
1.000000000 -0.000136995 0.000023807 -0.001243405 0.000136992 1.000000000 0.000124419 -0.001634927 -0.000023824 -0.000124415 1.000000000 -0.003106412
0.999999940 -0.000249032 -0.000093098 -0.001816067 0.000249054 0.999999940 0.000233719 -0.002993594 0.000093040 -0.000233742 0.999999940 -0.009679339
0.999999940 -0.000191663 -0.000157462 0.002244932 0.000191704 0.999999940 0.000261059 -0.003622890 0.000157412 -0.000261090 0.999999940 -0.014239367
1.000000000 -0.000023376 -0.000120076 -0.000093733 0.000023387 1.000000000 0.000088848 -0.001000912 0.000120074 -0.000088851 1.000000000 -0.005748275
1.000000000 -0.000094610 -0.000071946 -0.001041519 0.000094615 1.000000000 0.000072199 -0.000660216 0.000071939 -0.000072206 1.000000000 -0.007059391
1.000000000 -0.000185898 -0.000068760 -0.001743174 0.000185897 1.000000000 -0.000019317 0.000464576 0.000068764 0.000019305 1.000000000 -0.010831138
0.999999940 -0.000244193 -0.000199663 0.003589770 0.000244209 0.999999940 0.000081780 -0.001163196 0.000199643 -0.000081829 1.000000000 -0.009763327
1.000000000 -0.000198717 -0.000034963 0.000634198 0.000198719 1.000000000 0.000039065 0.000188471 0.000034955 -0.000039072 1.000000000 -0.008386362
1.000000000 -0.000090961 -0.000116159 0.002366900 0.000091002 0.999999940 0.000351607 -0.003547581 0.000116127 -0.000351618 0.999999940 -0.018582217
0.999999940 -0.000274519 -0.000240162 0.004699679 0.000274561 0.999999940 0.000171408 -0.006000732 0.000240115 -0.000171474 0.999999940 -0.006540884
1.000000000 -0.000046836 -0.000177200 0.008504254 0.000046760 0.999999881 -0.000429964 -0.008864387 0.000177220 0.000429955 0.999999881 0.041612960
1.000000000 -0.000028449 -0.000181148 0.007827078 0.000028217 0.999999166 -0.001281770 -0.003512005 0.000181185 0.001281765 0.999999166 0.143693000
1.000000000 -0.000043812 -0.000040176 0.004529117 0.000043756 0.999999046 -0.001390736 -0.010585495 0.000040237 0.001390734 0.999999046 0.263716280
0.999999940 -0.000308518 0.000198353 0.001641233 0.000308752 0.999999285 -0.001180023 -0.017052045 -0.000197989 0.001180084 0.999999285 0.384293228
1.000000000 0.000132639 -0.000015344 0.005773469 -0.000132656 0.999999344 -0.001123915 -0.021735864 0.000015195 0.001123917 0.999999344 0.534407318
1.000000000 0.000127029 0.000063454 0.015726782 -0.000126956 0.999999344 -0.001151540 -0.027134381 -0.000063600 0.001151532 0.999999344 0.681602955
1.000000000 0.000044900 0.000143864 0.031929690 -0.000044798 0.999999762 -0.000715671 -0.039284129 -0.000143896 0.000715665 0.999999762 0.857016146
1.000000000 -0.000065203 0.000156685 0.023761077 0.000065296 0.999999821 -0.000594448 -0.038085282 -0.000156646 0.000594458 0.999999821 1.022966266
0.999999821 0.000198506 0.000592542 0.009509498 -0.000198106 0.999999762 -0.000674434 -0.039176900 -0.000592675 0.000674316 0.999999583 1.194080472
0.999999940 0.000112806 0.000322505 0.031313103 -0.000112670 0.999999881 -0.000419598 -0.053981293 -0.000322552 0.000419562 0.999999881 1.418879032
0.999999821 0.000282483 0.000561257 0.028749121 -0.000282169 0.999999821 -0.000559898 -0.058473919 -0.000561415 0.000559740 0.999999702 1.608085513
0.999999523 0.000619770 0.000777924 0.034565270 -0.000619648 0.999999821 -0.000156438 -0.069456510 -0.000778020 0.000155956 0.999999702 1.803850651
0.999993384 0.000339918 0.003617854 -0.040681846 -0.000343621 0.999999404 0.001022986 -0.069247901 -0.003617504 -0.001024223 0.999992907 1.896619797
0.999991894 0.000625176 0.003984994 -0.034107029 -0.000629051 0.999999285 0.000971207 -0.076349720 -0.003984384 -0.000973706 0.999991596 2.121756077
0.999990165 0.001418327 0.004192631 -0.036723740 -0.001422464 0.999998510 0.000983931 -0.076972514 -0.004191229 -0.000989885 0.999990761 2.332926989
0.999994695 0.000308540 0.003216536 -0.020785488 -0.000312519 0.999999166 0.001236769 -0.096157312 -0.003216152 -0.001237768 0.999993980 2.587589025
0.999994159 0.000452017 0.003392019 -0.015598098 -0.000457318 0.999998629 0.001562039 -0.101797923 -0.003391309 -0.001563581 0.999993026 2.819400549
0.999993980 0.000545978 0.003432984 -0.011395095 -0.000550700 0.999998868 0.001374611 -0.105313942 -0.003432230 -0.001376493 0.999993145 3.057957411
0.999993801 0.000165787 0.003515011 -0.016258936 -0.000170968 0.999998868 0.001473701 -0.112932585 -0.003514763 -0.001474292 0.999992728 3.283557415
0.999996483 -0.000513894 0.002608945 0.008918098 0.000510150 0.999998808 0.001435547 -0.125775516 -0.002609680 -0.001434211 0.999995530 3.550967932
0.999996662 -0.000182538 0.002576161 0.013757535 0.000178875 0.999999046 0.001421749 -0.129998237 -0.002576418 -0.001421283 0.999995708 3.799630165
0.999996901 -0.000655332 0.002400197 0.026515495 0.000651611 0.999998629 0.001550911 -0.137867525 -0.002401210 -0.001549343 0.999995947 4.076685905
0.999995887 0.000299069 0.002864410 0.020929987 -0.000304198 0.999998391 0.001790327 -0.145825714 -0.002863870 -0.001791191 0.999994338 4.330679893
0.999996722 -0.000336525 0.002557156 0.034596160 0.000331692 0.999998271 0.001890131 -0.157148525 -0.002557787 -0.001889276 0.999994934 4.562565804
0.999997258 -0.001450957 0.001890866 0.041953117 0.001446528 0.999996126 0.002341241 -0.177026972 -0.001894256 -0.002338499 0.999995410 4.837770939
0.999996245 -0.001721821 0.002122399 0.046163440 0.001717338 0.999996245 0.002112446 -0.184790313 -0.002126028 -0.002108793 0.999995530 5.089345932
0.999997020 -0.001402745 0.001978379 0.053135455 0.001398180 0.999996305 0.002306984 -0.190156221 -0.001981607 -0.002304211 0.999995410 5.361402512
0.999996006 -0.001588464 0.002329163 0.055308379 0.001583029 0.999996006 0.002333305 -0.198811814 -0.002332860 -0.002329609 0.999994516 5.612303257
0.999995887 -0.001555804 0.002401958 0.060711656 0.001549774 0.999995530 0.002510474 -0.211434871 -0.002405854 -0.002506741 0.999993920 5.894530773
0.999995351 -0.000697834 0.002950815 0.069879726 0.000689782 0.999996006 0.002728855 -0.223697066 -0.002952708 -0.002726807 0.999991894 6.143283367
0.999995172 -0.000964466 0.002952512 0.068816803 0.000956627 0.999996006 0.002655311 -0.231607527 -0.002955062 -0.002652474 0.999992073 6.421764374
0.999995887 -0.000577773 0.002811985 0.070721492 0.000570242 0.999996245 0.002678243 -0.240959421 -0.002813523 -0.002676629 0.999992430 6.713708401
0.999994695 -0.001068467 0.003078595 0.078991249 0.001060347 0.999995887 0.002638074 -0.246996060 -0.003081401 -0.002634795 0.999991834 7.006113052
0.999995291 -0.001186016 0.002818752 0.092422828 0.001178917 0.999996066 0.002518969 -0.255869627 -0.002821729 -0.002515634 0.999992907 7.313037395
0.999994159 -0.001189384 0.003186203 0.095496260 0.001180983 0.999995768 0.002637417 -0.268943280 -0.003189327 -0.002633639 0.999991477 7.626031399
0.999994695 -0.000928774 0.003134194 0.109860584 0.000918843 0.999994576 0.003168538 -0.277287513 -0.003137120 -0.003165641 0.999990106 7.952680111
0.999994397 -0.000964950 0.003183530 0.109451801 0.000955391 0.999995053 0.003002552 -0.297424793 -0.003186411 -0.002999493 0.999990344 8.198636055
0.999994934 -0.000966463 0.003042253 0.123223267 0.000957760 0.999995410 0.002860741 -0.303673446 -0.003045004 -0.002857812 0.999991238 8.517492294
0.999994576 -0.001249256 0.003031685 0.122920729 0.001240599 0.999995112 0.002855765 -0.310521901 -0.003035237 -0.002851989 0.999991298 8.878793716
0.999993205 -0.000150679 0.003672219 0.119411916 0.000140495 0.999996185 0.002773369 -0.320421845 -0.003672623 -0.002772834 0.999989331 9.224917412
0.999994814 -0.001621554 0.002796267 0.143795982 0.001612834 0.999993861 0.003118112 -0.326070964 -0.002801307 -0.003113586 0.999991179 9.587017059
0.999994278 -0.000414618 0.003375081 0.138048410 0.000403031 0.999994099 0.003433018 -0.337890953 -0.003376484 -0.003431637 0.999988317 9.922968864
0.999994040 -0.001744314 0.002976625 0.154342264 0.001734469 0.999993026 0.003307151 -0.362392098 -0.002982373 -0.003301968 0.999990106 10.206096649
0.999993742 -0.001481207 0.003215219 0.159878775 0.001470589 0.999993503 0.003302232 -0.370474368 -0.003220089 -0.003297483 0.999989390 10.566953659
0.999993920 -0.001396224 0.003195620 0.161702767 0.001385036 0.999992967 0.003500742 -0.380169094 -0.003200485 -0.003496295 0.999988735 10.942847252
0.999992251 -0.002627474 0.002911682 0.184684426 0.002617151 0.999990225 0.003543417 -0.387507886 -0.002920964 -0.003535769 0.999989510 11.337437630
0.999992788 -0.002552086 0.002798274 0.208706617 0.002542585 0.999991000 0.003393910 -0.388930231 -0.002806911 -0.003386770 0.999990344 11.718379974
0.999993682 -0.001522411 0.003207860 0.209145039 0.001511066 0.999992549 0.003536353 -0.401416302 -0.003213221 -0.003531484 0.999988616 12.139699936
0.999994218 -0.001537640 0.003037335 0.197645739 0.001525453 0.999990761 0.004010765 -0.436832368 -0.003043475 -0.004006109 0.999987304 12.464865685
0.999993622 -0.001963641 0.002951863 0.211910009 0.001951701 0.999989927 0.004042314 -0.439866245 -0.002959771 -0.004036528 0.999987423 12.862233162
0.999994755 -0.001822951 0.002662850 0.225294843 0.001811472 0.999989092 0.004306805 -0.458006859 -0.002670672 -0.004301959 0.999987185 13.266799927
0.999993086 -0.001326863 0.003468273 0.236894831 0.001310894 0.999988556 0.004602406 -0.464558631 -0.003474341 -0.004597828 0.999983370 13.698478699
0.999992549 -0.000657327 0.003826723 0.231416136 0.000638542 0.999987781 0.004907904 -0.481026411 -0.003829903 -0.004905423 0.999980628 14.107299805
0.999990642 -0.002923002 0.003186949 0.250640839 0.002905563 0.999980867 0.005462993 -0.530837536 -0.003202855 -0.005453682 0.999979913 14.528622627
0.999991596 -0.002465220 0.003269569 0.263808161 0.002446766 0.999981165 0.005636201 -0.539753437 -0.003283401 -0.005628154 0.999978721 14.937475204
0.999988556 -0.003511267 0.003232208 0.276622653 0.003491548 0.999975383 0.006086327 -0.556184888 -0.003253499 -0.006074972 0.999976158 15.357953072
0.999988735 -0.001900801 0.004338080 0.274425298 0.001872991 0.999977767 0.006405555 -0.571268201 -0.004350159 -0.006397357 0.999970019 15.770051003
0.999986291 -0.001658876 0.004949622 0.255415738 0.001624304 0.999974310 0.006980503 -0.598991036 -0.004961074 -0.006972367 0.999963343 16.257516861
0.999984980 -0.002007837 0.005092172 0.279531151 0.001976235 0.999978781 0.006203531 -0.585934162 -0.005104520 -0.006193374 0.999967754 16.792282104
0.999983013 -0.003257798 0.004837515 0.306408018 0.003227179 0.999974787 0.006323876 -0.623943388 -0.004857995 -0.006308157 0.999968290 17.143852234
0.999985158 -0.003556073 0.004136372 0.325906992 0.003530163 0.999974191 0.006254401 -0.633976758 -0.004158506 -0.006239706 0.999971867 17.601490021
0.999981642 -0.002774355 0.005389840 0.326253891 0.002738902 0.999974668 0.006574095 -0.643918633 -0.005407942 -0.006559212 0.999963880 18.085126877
0.999977827 -0.003698076 0.005553548 0.345360607 0.003662786 0.999973059 0.006351379 -0.649941206 -0.005576887 -0.006330895 0.999964416 18.545087814
0.999980390 -0.003707591 0.005058267 0.365870893 0.003670823 0.999966919 0.007258877 -0.671264410 -0.005085012 -0.007240166 0.999960899 19.009439468
0.999978125 -0.003404253 0.005668499 0.380225033 0.003366665 0.999972343 0.006627491 -0.676030755 -0.005690904 -0.006608262 0.999961972 19.503215790
0.999979913 -0.003027838 0.005571087 0.377263516 0.002982256 0.999962270 0.008172153 -0.721020520 -0.005595621 -0.008155376 0.999951065 19.964559555
0.999979019 -0.003255310 0.005590384 0.381242692 0.003211998 0.999964833 0.007739077 -0.730053782 -0.005615381 -0.007720959 0.999954402 20.468791962
0.999977112 -0.002733672 0.006186149 0.381674647 0.002684203 0.999964476 0.007990988 -0.746314406 -0.006207773 -0.007974199 0.999948859 20.974525452
0.999980927 -0.003010684 0.005391661 0.400375605 0.002965956 0.999961257 0.008284682 -0.768576741 -0.005416395 -0.008268534 0.999951065 21.506071091
0.999982476 -0.003982654 0.004362836 0.401097536 0.003943097 0.999951363 0.009037909 -0.795776129 -0.004398618 -0.009020548 0.999949634 21.981449127
0.999983191 -0.003570599 0.004563647 0.400515854 0.003528339 0.999951065 0.009234786 -0.809047282 -0.004596398 -0.009218530 0.999946892 22.519071579
0.999985099 -0.003961345 0.003740672 0.407217830 0.003926631 0.999949574 0.009242332 -0.817046881 -0.003777095 -0.009227506 0.999950290 23.058004379
0.999988079 -0.003813249 0.003045268 0.411878347 0.003785551 0.999951899 0.009049968 -0.834750950 -0.003079631 -0.009038332 0.999954402 23.518709183
0.999984324 -0.005163855 0.002146318 0.423220158 0.005144485 0.999946833 0.008934293 -0.850996315 -0.002192339 -0.008923111 0.999957740 24.057062149
0.999991655 -0.003686490 0.001744172 0.424404442 0.003670306 0.999951065 0.009192419 -0.858899534 -0.001777974 -0.009185943 0.999956191 24.583309174
0.999991238 -0.004116398 0.000791194 0.454157114 0.004108894 0.999948680 0.009262811 -0.872700036 -0.000829283 -0.009259479 0.999956787 25.113597870
0.999989629 -0.004500417 0.000583685 0.458076656 0.004494954 0.999949038 0.009043672 -0.877403438 -0.000624356 -0.009040954 0.999958992 25.657173157
0.999989271 -0.004633144 -0.000186179 0.468068451 0.004634665 0.999946594 0.009231709 -0.888949394 0.000143398 -0.009232473 0.999957383 26.197605133
0.999986947 -0.004933150 -0.001356578 0.502333283 0.004946483 0.999937713 0.010008285 -0.887349367 0.001307121 -0.010014865 0.999949038 26.750858307
0.999982059 -0.005917742 -0.000907583 0.479917705 0.005926749 0.999929786 0.010263913 -0.935509920 0.000846780 -0.010269108 0.999946892 27.336954117
0.999980211 -0.006074187 -0.001571200 0.495401978 0.006090156 0.999927759 0.010367079 -0.953175724 0.001508115 -0.010376444 0.999945045 27.887264252
0.999987543 -0.004767650 -0.001432616 0.497790039 0.004782049 0.999936342 0.010222057 -0.955080152 0.001383790 -0.010228778 0.999946654 28.440134048
0.999983847 -0.005279197 -0.002064977 0.526159883 0.005301428 0.999926448 0.010912457 -0.969577312 0.002007216 -0.010923227 0.999938309 28.971471786
0.999975801 -0.006251894 -0.003036439 0.540287793 0.006284426 0.999921739 0.010825413 -0.980539143 0.002968523 -0.010844234 0.999936759 29.532819748
0.999974668 -0.006294011 -0.003308152 0.515367508 0.006329879 0.999920011 0.010946049 -0.993868589 0.003238993 -0.010966714 0.999934554 30.034009933
0.999978423 -0.005687667 -0.003292156 0.529877186 0.005724247 0.999920726 0.011210621 -1.013806701 0.003228133 -0.011229224 0.999931693 30.572065353
0.999973774 -0.006259216 -0.003626930 0.536103249 0.006298576 0.999920249 0.010944262 -1.021233797 0.003558137 -0.010966820 0.999933541 31.137031555
0.999976039 -0.005796638 -0.003777554 0.515825868 0.005842437 0.999908149 0.012227931 -1.070774436 0.003706326 -0.012249707 0.999918044 31.682899475
0.999970913 -0.006402744 -0.004132024 0.531477511 0.006451862 0.999907374 0.011985478 -1.080569863 0.004054902 -0.012011790 0.999919593 32.220645905
0.999972820 -0.006099411 -0.004144535 0.531766415 0.006148193 0.999910712 0.011861083 -1.080187082 0.004071821 -0.011886240 0.999921083 32.730987549
0.999977231 -0.005530763 -0.003850432 0.508539140 0.005576034 0.999914229 0.011847476 -1.111960053 0.003784576 -0.011868676 0.999922395 33.225914001
0.999970019 -0.006492834 -0.004219059 0.520457983 0.006544293 0.999902964 0.012299754 -1.105880260 0.004138788 -0.012326995 0.999915421 33.867958069
0.999964178 -0.006944058 -0.004832962 0.529476583 0.007004634 0.999895692 0.012631905 -1.143040776 0.004744740 -0.012665306 0.999908507 34.492359161
0.999960363 -0.007263446 -0.005140646 0.530436039 0.007330990 0.999885440 0.013244712 -1.156303883 0.005043854 -0.013281874 0.999899030 35.000953674
0.999954104 -0.007688676 -0.005717183 0.546458960 0.007767761 0.999872684 0.013941572 -1.176623583 0.005609262 -0.013985341 0.999886513 35.542110443
0.999968648 -0.006062010 -0.005097001 0.528139532 0.006131066 0.999888122 0.013643587 -1.195453882 0.005013723 -0.013674408 0.999893904 36.125873566
0.999965012 -0.006445778 -0.005324377 0.512042999 0.006513006 0.999898076 0.012707290 -1.202682972 0.005241925 -0.012741522 0.999905109 36.734291077
0.999956787 -0.007224540 -0.005846944 0.519223273 0.007301670 0.999885201 0.013279594 -1.221319556 0.005750332 -0.013321712 0.999894738 37.287685394
0.999957025 -0.007417182 -0.005564082 0.518700361 0.007492203 0.999879658 0.013585584 -1.233618975 0.005462647 -0.013626688 0.999892235 37.809753418
0.999951839 -0.007957316 -0.005744861 0.524029851 0.008036917 0.999870181 0.013968403 -1.258536816 0.005632964 -0.014013901 0.999885976 38.323482513
0.999938011 -0.009012150 -0.006548000 0.546087265 0.009102336 0.999862313 0.013876475 -1.254728317 0.006422042 -0.013935216 0.999882281 38.914882660
0.999954820 -0.007767008 -0.005465068 0.532162905 0.007842242 0.999872863 0.013881955 -1.270439625 0.005356553 -0.013924189 0.999888718 39.423488617
0.999952018 -0.007578538 -0.006201601 0.521062374 0.007668454 0.999863923 0.014605833 -1.293443680 0.006090066 -0.014652690 0.999874055 40.039089203
0.999948204 -0.008220820 -0.005994560 0.519222438 0.008309746 0.999853492 0.014963756 -1.313881159 0.005870668 -0.015012793 0.999870062 40.560127258
0.999957144 -0.007291187 -0.005706689 0.512382865 0.007366952 0.999883533 0.013369999 -1.297610521 0.005608540 -0.013411466 0.999894261 41.159011841
0.999948025 -0.007731885 -0.006655188 0.545746028 0.007827321 0.999865174 0.014435729 -1.321470737 0.006542675 -0.014487071 0.999873579 41.718605042
0.999959767 -0.006845288 -0.005798378 0.524985075 0.006923689 0.999883413 0.013610788 -1.308306575 0.005704532 -0.013650387 0.999890566 42.252517700
0.999947309 -0.007584983 -0.006932345 0.573218763 0.007682782 0.999869764 0.014191547 -1.336403131 0.006823801 -0.014244056 0.999875247 42.818241119
0.999936581 -0.008791668 -0.007039742 0.582276821 0.008902173 0.999835193 0.015823059 -1.356315374 0.006899470 -0.015884725 0.999849975 43.375724792
0.999963522 -0.006796649 -0.005173597 0.497880310 0.006874536 0.999861002 0.015188821 -1.383471847 0.005069645 -0.015223833 0.999871254 43.873619080
0.999969423 -0.006256192 -0.004685435 0.495224804 0.006322578 0.999877930 0.014290066 -1.384724855 0.004595462 -0.014319255 0.999886870 44.407962799
0.999965429 -0.006564102 -0.005096836 0.508541226 0.006634867 0.999880135 0.013993803 -1.387023926 0.005004367 -0.014027137 0.999889016 44.956314087
0.999966979 -0.006437474 -0.004952055 0.511035085 0.006508072 0.999875546 0.014374965 -1.389154673 0.004858900 -0.014406721 0.999884367 45.470085144
0.999967098 -0.006361417 -0.005037925 0.526538014 0.006437735 0.999862492 0.015279991 -1.411554337 0.004940029 -0.015311921 0.999870539 45.995342255
0.999968290 -0.006345499 -0.004830924 0.514729142 0.006418935 0.999861658 0.015340446 -1.447539091 0.004732913 -0.015370968 0.999870658 46.592029572
0.999971271 -0.005921117 -0.004732894 0.515800059 0.005992345 0.999866843 0.015179755 -1.455888271 0.004642382 -0.015207680 0.999873579 47.142566681
0.999972224 -0.005710832 -0.004777510 0.520793855 0.005777627 0.999884069 0.014086261 -1.445371866 0.004696511 -0.014113475 0.999889374 47.695667267
0.999977171 -0.005339076 -0.004140133 0.521853447 0.005398224 0.999881625 0.014409414 -1.455127716 0.004062710 -0.014431436 0.999887645 48.244918823
0.999971926 -0.005994927 -0.004475813 0.542366743 0.006059019 0.999877274 0.014446259 -1.461344361 0.004388658 -0.014472974 0.999885619 48.740303040
0.999967933 -0.006446677 -0.004738941 0.561643004 0.006519522 0.999858260 0.015520178 -1.489621043 0.004638215 -0.015550577 0.999868333 49.306568146
0.999972343 -0.006008938 -0.004379553 0.543716550 0.006075996 0.999861956 0.015462526 -1.498315215 0.004286033 -0.015488708 0.999870837 49.749725342
0.999969900 -0.006351101 -0.004471221 0.549378753 0.006416826 0.999869227 0.014842123 -1.501300335 0.004376371 -0.014870366 0.999879837 50.293956757
0.999977887 -0.005463578 -0.003786822 0.542363167 0.005517656 0.999880791 0.014420287 -1.503072977 0.003707583 -0.014440862 0.999888897 50.841682434
0.999974608 -0.005873951 -0.004029378 0.562951982 0.005930118 0.999883413 0.014072244 -1.503607035 0.003946248 -0.014095784 0.999892771 51.385921478
0.999976516 -0.005426537 -0.004179381 0.566527367 0.005483330 0.999891162 0.013699323 -1.504102468 0.004104588 -0.013721921 0.999897420 51.911720276
0.999974608 -0.005196117 -0.004865556 0.589887619 0.005269315 0.999871254 0.015153916 -1.519923449 0.004786189 -0.015179168 0.999873281 52.289608002
0.999970973 -0.005939794 -0.004782614 0.601589084 0.006013270 0.999861777 0.015498171 -1.526155949 0.004689896 -0.015526478 0.999868393 52.830013275
0.999979198 -0.005012958 -0.004074540 0.581704021 0.005077412 0.999859631 0.015965162 -1.541580915 0.003993936 -0.015985517 0.999864161 53.388591766
0.999972761 -0.005859833 -0.004494141 0.584034681 0.005928480 0.999863565 0.015416428 -1.558732033 0.004403190 -0.015442654 0.999871075 53.905204773
0.999971390 -0.005747930 -0.004923561 0.625455916 0.005821777 0.999868751 0.015117743 -1.554949999 0.004836020 -0.015145975 0.999873519 54.356243134
0.999977469 -0.004827295 -0.004661968 0.610739529 0.004899052 0.999867797 0.015505412 -1.566222668 0.004586498 -0.015527904 0.999868929 54.875293732
0.999977887 -0.004736757 -0.004667470 0.628343105 0.004804708 0.999881029 0.014656552 -1.560021877 0.004597489 -0.014678655 0.999881685 55.435146332
0.999976337 -0.004792601 -0.004929544 0.634590864 0.004863977 0.999882042 0.014570836 -1.569700718 0.004859129 -0.014594469 0.999881685 56.001510620
0.999972105 -0.005693911 -0.004828989 0.663215280 0.005765930 0.999870360 0.015033325 -1.567557335 0.004742763 -0.015060751 0.999875367 56.503112793
0.999969780 -0.005721111 -0.005263787 0.686984181 0.005797778 0.999875605 0.014666911 -1.572263002 0.005179221 -0.014696985 0.999878585 57.045669556
0.999969244 -0.005726303 -0.005336510 0.695387006 0.005805912 0.999870241 0.015023836 -1.592440844 0.005249786 -0.015054360 0.999872983 57.613265991
0.999975979 -0.005184106 -0.004601434 0.643872082 0.005255427 0.999864101 0.015625240 -1.604780674 0.004519806 -0.015649047 0.999867320 57.985733032
0.999967515 -0.006204526 -0.005135763 0.656456351 0.006283578 0.999859750 0.015522164 -1.608816266 0.005038734 -0.015553932 0.999866307 58.524703979
0.999969840 -0.005972044 -0.004961575 0.664805830 0.006041734 0.999881566 0.014151850 -1.603251219 0.004876473 -0.014181402 0.999887407 59.066467285
0.999963403 -0.006580769 -0.005462234 0.675025582 0.006659084 0.999873459 0.014445515 -1.615565181 0.005366481 -0.014481357 0.999880731 59.587570190
0.999963522 -0.006241410 -0.005840852 0.686100721 0.006323318 0.999880433 0.014111653 -1.614980459 0.005752078 -0.014148071 0.999883294 60.151222229
0.999970913 -0.005849250 -0.004889474 0.653458416 0.005926780 0.999854505 0.015995609 -1.655605555 0.004795201 -0.016024124 0.999860048 60.590496063
0.999969661 -0.006071251 -0.004865449 0.666347980 0.006147780 0.999855042 0.015871536 -1.658943892 0.004768384 -0.015900966 0.999862194 61.134410858
0.999964595 -0.006652512 -0.005140301 0.663127303 0.006733146 0.999851942 0.015831891 -1.651800632 0.005034218 -0.015865941 0.999861479 61.664218903
0.999961138 -0.006698086 -0.005726983 0.690090775 0.006786001 0.999857306 0.015471999 -1.648645997 0.005622532 -0.015510261 0.999863923 62.219734192
0.999972343 -0.005830002 -0.004612586 0.647492290 0.005905313 0.999846578 0.016485805 -1.676224232 0.004515766 -0.016512586 0.999853432 62.697486877
0.999973118 -0.006003178 -0.004196306 0.650314212 0.006070641 0.999849379 0.016253361 -1.687101245 0.004098102 -0.016278399 0.999859095 63.243099213
0.999973714 -0.005690070 -0.004485679 0.647094011 0.005761629 0.999853671 0.016104501 -1.687058568 0.004393385 -0.016129920 0.999860168 63.792984009
0.999973536 -0.005868209 -0.004282628 0.659519613 0.005937600 0.999848247 0.016374202 -1.716824055 0.004185889 -0.016399199 0.999856651 64.330261230
0.999973834 -0.005547885 -0.004616946 0.686337352 0.005620926 0.999856710 0.015960347 -1.706723213 0.004527738 -0.015985884 0.999861896 64.918731689
0.999964416 -0.006499245 -0.005374105 0.729062378 0.006583774 0.999852479 0.015863596 -1.677416682 0.005270211 -0.015898414 0.999859631 65.314979553
0.999963343 -0.007033187 -0.004868204 0.659943819 0.007115631 0.999827921 0.017130172 -1.739050150 0.004746886 -0.017164184 0.999841511 65.801147461
0.999965787 -0.006889368 -0.004580887 0.661939144 0.006962709 0.999844611 0.016191714 -1.738528609 0.004468624 -0.016223056 0.999858379 66.357116699
0.999966025 -0.006477095 -0.005094134 0.675165951 0.006561320 0.999839127 0.016694656 -1.748287320 0.004985182 -0.016727513 0.999847651 66.898872375
0.999959588 -0.007180300 -0.005395512 0.695057631 0.007265627 0.999846160 0.015965139 -1.750056863 0.005280050 -0.016003700 0.999857962 67.436958313
0.999963284 -0.007133395 -0.004742853 0.662585974 0.007210508 0.999838769 0.016445644 -1.759775400 0.004624775 -0.016479241 0.999853492 67.870605469
0.999965668 -0.007042584 -0.004352839 0.652177095 0.007112538 0.999842346 0.016269801 -1.769425511 0.004237571 -0.016300205 0.999858141 68.428443909
0.999970734 -0.006145734 -0.004543042 0.688433647 0.006217792 0.999852359 0.016021034 -1.780764818 0.004443908 -0.016048819 0.999861240 68.935356140
0.999953568 -0.007894577 -0.005507500 0.709739685 0.007976627 0.999855101 0.015038440 -1.754792571 0.005387979 -0.015081677 0.999871671 69.487716675
0.999961913 -0.006971628 -0.005247324 0.730250478 0.007053806 0.999850094 0.015808953 -1.773330450 0.005136325 -0.015845366 0.999861240 69.951690674
0.999968052 -0.006599201 -0.004509781 0.710804343 0.006674598 0.999834657 0.016913168 -1.806667686 0.004397423 -0.016942732 0.999846756 70.377204895
0.999967694 -0.006558464 -0.004637501 0.732748091 0.006634378 0.999841034 0.016548393 -1.805420160 0.004528231 -0.016578626 0.999852300 70.901802063
0.999970555 -0.006154261 -0.004572503 0.740762591 0.006230640 0.999838054 0.016881965 -1.842315793 0.004467867 -0.016909961 0.999847054 71.417495728
0.999982774 -0.003765046 -0.004495135 0.832378507 0.003841711 0.999845088 0.017170019 -1.851457477 0.004429795 -0.017186997 0.999842465 71.795211792
0.999970078 -0.005745460 -0.005175838 0.818125248 0.005829294 0.999849558 0.016330419 -1.837134123 0.005081234 -0.016360104 0.999853194 72.435630798
0.999965966 -0.006761308 -0.004721949 0.777295232 0.006839366 0.999836922 0.016715223 -1.836455822 0.004608162 -0.016746949 0.999849141 72.890876770
0.999956429 -0.007955870 -0.004876491 0.787513673 0.008037631 0.999823511 0.016982831 -1.845808625 0.004740516 -0.017021289 0.999843895 73.449073792
0.999969006 -0.006361563 -0.004622688 0.794392943 0.006438541 0.999837577 0.016832601 -1.835472345 0.004514856 -0.016861845 0.999847591 73.951324463
0.999945581 -0.008743946 -0.005676663 0.795256972 0.008835697 0.999827445 0.016343806 -1.845454335 0.005532773 -0.016393075 0.999850333 74.491592407
0.999957800 -0.007550087 -0.005235640 0.829918265 0.007639505 0.999821484 0.017274022 -1.867686510 0.005104285 -0.017313289 0.999837101 74.835670471
0.999952316 -0.007959466 -0.005651298 0.839017034 0.008054208 0.999823987 0.016944503 -1.870824695 0.005515433 -0.016989214 0.999840438 75.381439209
0.999944389 -0.008694874 -0.005972122 0.849309385 0.008793563 0.999821842 0.016702335 -1.874702454 0.005825832 -0.016753921 0.999842703 75.892700195
0.999952316 -0.007838187 -0.005825617 0.860715151 0.007934979 0.999827683 0.016781881 -1.882044196 0.005693073 -0.016827310 0.999842227 76.420860291
0.999966979 -0.006729380 -0.004536553 0.821135759 0.006806625 0.999828339 0.017232301 -1.893507957 0.004419810 -0.017262610 0.999841332 76.894294739
0.999960959 -0.007474273 -0.004694237 0.833347797 0.007551542 0.999832630 0.016664520 -1.891828418 0.004568896 -0.016699318 0.999850154 77.433830261
0.999956548 -0.007789473 -0.005125945 0.841012895 0.007874861 0.999826849 0.016854206 -1.899459958 0.004993771 -0.016893836 0.999844790 77.957450867
0.999954164 -0.008040059 -0.005207904 0.851049542 0.008125860 0.999828041 0.016668968 -1.903175831 0.005072987 -0.016710524 0.999847472 78.483711243
0.999968827 -0.007168252 -0.003314509 0.833482027 0.007223701 0.999828756 0.017030856 -1.899508476 0.003191862 -0.017054265 0.999849498 78.915687561
0.999977827 -0.006533256 -0.001243284 0.825363040 0.006553016 0.999840498 0.016614888 -1.908739686 0.001134536 -0.016622666 0.999861240 79.475234985
0.999968469 -0.007846992 -0.001235995 0.858124614 0.007865958 0.999838293 0.016170202 -1.915730953 0.001108909 -0.016179416 0.999868572 80.029739380
0.999970436 -0.007684780 -0.000225505 0.855364025 0.007687434 0.999837637 0.016296221 -1.907633185 0.000100237 -0.016297473 0.999867260 80.547157288
0.999971151 -0.006889303 0.003177705 0.875439286 0.006833535 0.999828041 0.017239043 -1.935782671 -0.003295924 -0.017216828 0.999846339 80.936622620
0.999953568 -0.006528078 0.007075521 0.891337633 0.006404458 0.999828875 0.017355535 -1.937252402 -0.007187609 -0.017309420 0.999824286 81.467399597
0.999930739 -0.006867487 0.009549982 0.925124526 0.006706485 0.999836504 0.016790057 -1.936806798 -0.009663727 -0.016724849 0.999813378 82.015556335
0.999885857 -0.007058596 0.013356768 0.961001992 0.006831224 0.999832273 0.016992666 -1.934653282 -0.013474473 -0.016899485 0.999766350 82.549865723
0.999785662 -0.004713025 0.020158082 0.985355616 0.004359898 0.999836922 0.017526098 -1.976766109 -0.020237396 -0.017434454 0.999643147 83.050743103
0.999632955 -0.005466818 0.026532030 1.024615884 0.005014768 0.999841630 0.017074613 -1.996790648 -0.026621170 -0.016935293 0.999502122 83.513214111
0.999471009 -0.005243259 0.032096434 0.999590516 0.004674414 0.999831259 0.017772457 -1.992058754 -0.032184198 -0.017613025 0.999326766 84.009750366
0.999148250 -0.005635243 0.040877238 1.039822817 0.004908961 0.999828756 0.017846067 -1.992323995 -0.040970795 -0.017630203 0.999004841 84.566749573
0.998781860 -0.005170217 0.049071223 1.093436241 0.004264762 0.999819040 0.018538645 -2.013385057 -0.049158201 -0.018306786 0.998623192 85.104187012
0.998453736 -0.005457222 0.055319138 1.148285151 0.004410506 0.999809206 0.019025883 -2.021337032 -0.055412415 -0.018752482 0.998287439 85.644744873
0.997898221 -0.005320363 0.064582020 1.195286751 0.004140760 0.999822378 0.018385317 -2.033041954 -0.064668365 -0.018079257 0.997743070 86.242492676
0.997171819 -0.005889165 0.074923292 1.244352818 0.004534886 0.999823511 0.018232845 -2.031833649 -0.075017437 -0.017841509 0.997022629 86.782730103
0.996519744 -0.006744255 0.083083071 1.296886444 0.005186402 0.999806941 0.018952118 -2.058498383 -0.083194852 -0.018455258 0.996362388 87.311515808
0.995741129 -0.006725025 0.091946751 1.319099903 0.005104354 0.999827623 0.017850002 -2.026591778 -0.092050962 -0.017304655 0.995603919 87.803939819
0.994701445 -0.006735623 0.102584034 1.398086071 0.004975750 0.999836147 0.017401677 -2.021690607 -0.102684438 -0.016799044 0.994572103 88.360626221
0.993565321 -0.006149782 0.113093287 1.474240303 0.004131002 0.999828100 0.018076263 -2.031754017 -0.113185003 -0.017492764 0.993419945 88.919242859
0.992399454 -0.005779661 0.122921772 1.559446335 0.003647673 0.999839067 0.017562250 -2.027735949 -0.123003490 -0.016980385 0.992260933 89.509254456
0.990962386 -0.006084978 0.134001449 1.655984879 0.003732814 0.999834538 0.017797511 -2.032965422 -0.134087577 -0.017136462 0.990821302 90.068077087
0.989222229 -0.006491043 0.146278009 1.644305229 0.003900455 0.999830544 0.017989891 -2.017617941 -0.146370023 -0.017225452 0.989079952 90.636734009
0.987518489 -0.007053817 0.157344341 1.754699707 0.004385157 0.999840677 0.017301351 -2.019145250 -0.157441288 -0.016395422 0.987392306 91.184577942
0.985933781 -0.007001145 0.166989699 1.870560646 0.004049309 0.999829590 0.018010698 -2.027998924 -0.167087302 -0.017081160 0.985794067 91.730468750
0.983780205 -0.007582640 0.179217830 1.991627693 0.004500264 0.999834955 0.017599357 -2.025128365 -0.179321691 -0.016507370 0.983651996 92.290832520
0.981513023 -0.007766414 0.191237718 2.119935989 0.004368792 0.999825120 0.018181711 -2.037207127 -0.191345498 -0.017010106 0.981375337 92.852256775
0.979423761 -0.008105287 0.201651409 2.254772186 0.004592266 0.999829412 0.017882986 -2.020068645 -0.201761976 -0.016588984 0.979294062 93.374427795
0.976456940 -0.007598592 0.215578541 2.396036148 0.003726738 0.999824584 0.018361101 -2.029378414 -0.215680212 -0.017125420 0.976313770 93.957389832
0.973328352 -0.007980231 0.229277581 2.536178589 0.003887509 0.999825060 0.018296657 -2.027147770 -0.229383484 -0.016917337 0.973189116 94.525253296
0.970869243 -0.009643923 0.239415780 2.728364944 0.005281442 0.999808311 0.018856244 -2.064370155 -0.239551753 -0.017042484 0.970734000 94.922164917
0.967700064 -0.008570104 0.251958817 2.901350021 0.003977327 0.999816656 0.018731924 -2.047749996 -0.252073169 -0.017124759 0.967556655 95.564926147
0.963402092 -0.007839089 0.267945588 2.934961319 0.003036240 0.999827325 0.018334376 -2.016788244 -0.268043011 -0.016849829 0.963259578 96.198623657
0.959863424 -0.008284783 0.280345380 3.116544724 0.003412520 0.999834716 0.017863180 -2.022254467 -0.280447036 -0.016189529 0.959732950 96.711242676
0.956522882 -0.008870154 0.291522324 3.303667068 0.003458263 0.999812067 0.019074285 -2.041036129 -0.291636676 -0.017236825 0.956373870 97.239227295
0.951890528 -0.007738849 0.306340784 3.480449677 0.001737628 0.999801397 0.019857882 -2.057444334 -0.306433558 -0.018370224 0.951714754 97.810256958
0.947276056 -0.009123895 0.320288748 3.691577911 0.003112573 0.999809444 0.019275388 -2.045994282 -0.320403486 -0.017262189 0.947123826 98.333831787
0.943474472 -0.009878171 0.331298023 3.886877060 0.003827869 0.999813914 0.018909968 -2.034742594 -0.331423163 -0.016572904 0.943336606 98.816772461
0.938992560 -0.009586027 0.343803734 4.111759186 0.003359249 0.999819458 0.018702494 -2.037717819 -0.343920946 -0.016406579 0.938855171 99.416923523
0.933922589 -0.009715905 0.357343286 4.339145660 0.003087598 0.999812543 0.019114690 -2.041152000 -0.357462108 -0.016748307 0.933777452 99.932594299
0.929041505 -0.011444663 0.369798511 4.566675186 0.004712195 0.999806345 0.019103976 -2.046821594 -0.369945586 -0.016005823 0.928915441 100.436508179
0.924233913 -0.009516339 0.381708145 4.799163818 0.002474879 0.999817729 0.018933937 -2.054840088 -0.381818712 -0.016554702 0.924089015 100.983032227
0.919091284 -0.012839339 0.393835664 5.058261871 0.005300579 0.999781489 0.020223711 -2.089908123 -0.394009203 -0.016499877 0.918958366 101.369491577
0.913061798 -0.012743865 0.407622039 5.285617828 0.004560308 0.999768257 0.021041716 -2.115387440 -0.407795787 -0.017353507 0.912908256 101.849380493
0.908000231 -0.011069954 0.418823272 5.567916870 0.003074300 0.999800026 0.019760780 -2.075844765 -0.418958217 -0.016655209 0.907852650 102.509002686
0.902686357 -0.011354166 0.430149317 5.833000183 0.003097230 0.999797344 0.019890856 -2.085051060 -0.430288017 -0.016622933 0.902538478 102.983909607
0.895876884 -0.010271990 0.444183469 6.093837738 0.001471804 0.999795854 0.020152342 -2.095670700 -0.444299817 -0.017400270 0.895709097 103.488159180
0.889712453 -0.011340402 0.456380546 6.365955353 0.002508616 0.999797821 0.019953001 -2.089553356 -0.456514537 -0.016607551 0.889560878 104.000038147
0.883790433 -0.010669230 0.467761159 6.650344849 0.001500338 0.999799490 0.019969815 -2.095314503 -0.467880458 -0.016947336 0.883629262 104.488273621
0.876840472 -0.010734416 0.480661601 6.961750031 0.001400734 0.999803543 0.019772926 -2.097378492 -0.480779439 -0.016664423 0.876683176 104.972106934
0.868730485 -0.011006517 0.495162785 7.217926025 0.001390298 0.999803305 0.019784518 -2.093916178 -0.495283157 -0.016498988 0.868574917 105.515625000
