1.000000000 0.000000000 0.000000000 0.000000000 0.000000000 1.000000000 0.000000000 0.000000000 0.000000000 0.000000000 1.000000000 0.000000000
1.000000000 0.000054610 -0.000043263 0.000275764 -0.000054604 1.000000000 0.000144771 -0.000405707 0.000043271 -0.000144768 1.000000000 -0.000051123
1.000000000 0.000184597 -0.000123764 0.001029592 -0.000184585 1.000000000 0.000097610 -0.000322134 0.000123782 -0.000097587 1.000000000 -0.001025498
1.000000000 0.000225068 -0.000001978 -0.000102554 -0.000225068 1.000000000 0.000076947 -0.000261477 0.000001996 -0.000076946 1.000000000 0.000285728
1.000000000 0.000031450 0.000017436 -0.000427132 -0.000031449 1.000000000 -0.000064346 0.000837259 -0.000017438 0.000064346 1.000000000 -0.000289181
1.000000000 0.000024954 -0.000007838 -0.000470573 -0.000024954 1.000000000 0.000045758 -0.000308730 0.000007839 -0.000045758 1.000000000 -0.000704912
1.000000000 0.000020828 -0.000019727 0.000768743 -0.000020826 1.000000000 0.000098235 -0.000673755 0.000019729 -0.000098234 1.000000000 -0.000889215
1.000000000 0.000124458 0.000062477 0.000027607 -0.000124466 1.000000000 0.000130595 -0.000310457 -0.000062461 -0.000130603 1.000000000 0.000619956
1.000000000 -0.000072143 0.000138847 -0.000103951 0.000072141 1.000000000 0.000020580 -0.000212608 -0.000138849 -0.000020570 1.000000000 -0.001356788
1.000000000 -0.000095188 -0.000002326 0.000995832 0.000095188 1.000000000 0.000106785 0.000213848 0.000002316 -0.000106785 1.000000000 -0.000047685
1.000000000 0.000113413 -0.000013086 0.000268156 -0.000113413 1.000000000 0.000047905 -0.000409808 0.000013091 -0.000047904 1.000000000 -0.000933328
1.000000000 0.000189991 0.000024218 0.000227640 -0.000189990 1.000000000 -0.000070442 0.001602588 -0.000024231 0.000070437 1.000000000 0.001313935
1.000000000 -0.000137737 -0.000023100 0.000470105 0.000137738 1.000000000 0.000051017 0.000282777 0.000023093 -0.000051020 1.000000000 0.000489581
1.000000000 -0.000023373 -0.000007135 0.000684510 0.000023373 1.000000000 0.000067295 -0.000392626 0.000007133 -0.000067295 1.000000000 -0.001431122
1.000000000 -0.000033665 -0.000013655 0.000548372 0.000033666 1.000000000 0.000074488 0.000136708 0.000013652 -0.000074488 1.000000000 0.000113068
1.000000000 -0.000158805 -0.000109083 0.000888404 0.000158819 1.000000000 0.000128921 -0.000734749 0.000109063 -0.000128938 1.000000000 -0.000580996
1.000000000 -0.000005756 0.000096205 -0.000441325 0.000005740 1.000000000 0.000165146 -0.000740770 -0.000096206 -0.000165146 1.000000000 -0.000354981
1.000000000 0.000065493 0.000015152 -0.000115282 -0.000065494 1.000000000 0.000041831 -0.000124568 -0.000015149 -0.000041832 1.000000000 -0.000983300
1.000000000 -0.000076240 0.000117972 -0.000247962 0.000076231 1.000000000 0.000080040 -0.000404495 -0.000117979 -0.000080031 1.000000000 -0.000107212
1.000000000 -0.000038194 0.000000342 0.000659013 0.000038194 1.000000000 0.000044962 -0.000294753 -0.000000344 -0.000044962 1.000000000 -0.000930005
1.000000000 0.000193930 0.000079384 -0.000487493 -0.000193928 1.000000000 -0.000025282 -0.000175845 -0.000079389 0.000025266 1.000000000 -0.001032954
1.000000000 0.000167660 -0.000041988 0.000379584 -0.000167656 1.000000000 0.000105014 -0.000270559 0.000042006 -0.000105007 1.000000000 -0.000475869
1.000000000 -0.000024362 0.000084794 0.000673320 0.000024356 1.000000000 0.000072443 -0.000340126 -0.000084795 -0.000072441 1.000000000 0.000387572
0.999999940 0.000300857 0.000022927 0.000477678 -0.000300860 0.999999940 0.000157013 -0.000044692 -0.000022880 -0.000157020 1.000000000 0.000801559
1.000000000 0.000155993 0.000026789 0.000366754 -0.000155992 1.000000000 -0.000062395 0.000929625 -0.000026799 0.000062391 1.000000000 -0.000736295
1.000000000 0.000185762 -0.000000230 0.000553151 -0.000185762 0.999999940 -0.000199790 0.001941917 0.000000193 0.000199790 1.000000000 -0.001260070
1.000000000 0.000120997 -0.000081511 0.000819647 -0.000120996 1.000000000 0.000017553 0.000186585 0.000081513 -0.000017543 1.000000000 -0.001412611
1.000000000 0.000039677 0.000028141 0.000354481 -0.000039683 1.000000000 0.000220298 -0.000459013 -0.000028132 -0.000220300 1.000000000 0.000622555
1.000000000 0.000073824 -0.000001964 -0.000089427 -0.000073823 0.999999940 0.000243242 -0.001086411 0.000001982 -0.000243242 1.000000000 -0.000187543
1.000000000 -0.000031592 -0.000041943 0.000994500 0.000031598 1.000000000 0.000144378 0.000040501 0.000041938 -0.000144379 1.000000000 0.001420985
1.000000000 0.000090705 0.000041641 -0.000282257 -0.000090713 1.000000000 0.000178350 -0.000625144 -0.000041625 -0.000178354 1.000000000 -0.000019560
1.000000000 -0.000121850 -0.000062780 0.000843732 0.000121846 1.000000000 -0.000071345 0.000804108 0.000062789 0.000071338 1.000000000 -0.000604726
1.000000000 -0.000172092 -0.000051246 0.000902953 0.000172092 1.000000000 -0.000017984 0.000281037 0.000051249 0.000017975 1.000000000 -0.000334576
1.000000000 -0.000121965 0.000002383 0.000600179 0.000121964 1.000000000 0.000088483 -0.000350538 -0.000002394 -0.000088483 1.000000000 -0.000713317
1.000000000 0.000076455 0.000035734 -0.000235839 -0.000076456 1.000000000 0.000011615 -0.000102480 -0.000035733 -0.000011618 1.000000000 -0.000875805
1.000000000 0.000102840 -0.000023970 -0.000118503 -0.000102838 1.000000000 0.000088541 0.000259093 0.000023980 -0.000088539 1.000000000 0.001754031
1.000000000 -0.000215545 -0.000081975 0.001223892 0.000215550 1.000000000 0.000055841 0.000031187 0.000081963 -0.000055858 1.000000000 0.000287750
1.000000000 0.000052956 0.000021244 -0.000198122 -0.000052959 1.000000000 0.000172936 -0.000312341 -0.000021235 -0.000172937 1.000000000 0.000145304
1.000000000 -0.000146316 -0.000005632 0.001151298 0.000146316 1.000000000 0.000085920 0.000251614 0.000005619 -0.000085921 1.000000000 -0.000693111
1.000000000 -0.000089481 0.000155954 -0.000198554 0.000089478 1.000000000 0.000019960 0.000406536 -0.000155956 -0.000019946 1.000000000 0.001890779
1.000000000 -0.000029411 0.000151241 -0.000235972 0.000029486 0.999999881 -0.000493629 -0.002739627 -0.000151227 0.000493634 0.999999881 0.050634567
1.000000000 0.000207478 -0.000103081 0.001691165 -0.000207601 0.999999285 -0.001195127 -0.004308380 0.000102833 0.001195149 0.999999344 0.137030274
1.000000000 0.000330226 -0.000177745 0.003612565 -0.000330476 0.999998987 -0.001404636 -0.008147976 0.000177281 0.001404694 0.999998987 0.253655583
1.000000000 -0.000211461 -0.000022268 0.003735186 0.000211447 0.999999702 -0.000662970 -0.024158174 0.000022408 0.000662965 0.999999762 0.373464912
1.000000000 -0.000079904 -0.000021475 0.005639193 0.000079888 0.999999642 -0.000713840 -0.028755650 0.000021532 0.000713838 0.999999702 0.513266861
0.999999940 -0.000300848 -0.000236884 0.010377676 0.000300540 0.999999106 -0.001302487 -0.021729769 0.000237276 0.001302416 0.999999106 0.676836252
1.000000000 -0.000109567 -0.000067395 0.014089150 0.000109498 0.999999464 -0.001024530 -0.026116593 0.000067507 0.001024522 0.999999404 0.838872075
0.999999881 0.000295436 0.000075503 0.015256335 -0.000295368 0.999999583 -0.000896089 -0.032116801 -0.000075768 0.000896067 0.999999523 1.006354451
0.999999940 -0.000224050 0.000125587 0.018207371 0.000224111 0.999999881 -0.000480399 -0.038940724 -0.000125480 0.000480427 0.999999881 1.186585665
0.999999404 0.001053618 0.000035873 0.016600290 -0.001053597 0.999999285 -0.000585551 -0.041754168 -0.000036489 0.000585513 0.999999762 1.393968463
0.999998987 0.001456233 0.000136013 0.018823598 -0.001456169 0.999998868 -0.000469849 -0.047294043 -0.000136697 0.000469651 0.999999881 1.581301093
0.999999344 0.000820653 0.000821263 0.003480995 -0.000820801 0.999999642 0.000180595 -0.052152388 -0.000821115 -0.000181269 0.999999642 1.781672001
0.999999225 0.001060111 0.000781193 0.005332797 -0.001060089 0.999999523 -0.000028665 -0.054618530 -0.000781223 0.000027837 0.999999702 1.982963800
0.999999583 -0.000452933 0.000820252 0.029715834 0.000452402 0.999999702 0.000646583 -0.072922491 -0.000820545 -0.000646211 0.999999464 2.160026073
0.999999881 -0.000249853 0.000165311 0.044612203 0.000249762 0.999999821 0.000546636 -0.076512545 -0.000165448 -0.000546595 0.999999821 2.413350344
0.999999940 0.000242871 0.000058527 0.063677303 -0.000242938 0.999999285 0.001149658 -0.104156382 -0.000058247 -0.001149673 0.999999285 2.635139942
0.999999702 0.000612308 0.000088642 0.066240609 -0.000612403 0.999999106 0.001077168 -0.107691996 -0.000087983 -0.001077222 0.999999404 2.869398594
0.999999523 0.001092902 -0.000206078 0.092358723 -0.001092971 0.999999344 -0.000334416 -0.076083198 0.000205712 0.000334641 0.999999940 3.082144022
0.999999404 0.001063299 -0.000303481 0.080273099 -0.001063295 0.999999404 0.000013751 -0.098898038 0.000303496 -0.000013429 0.999999940 3.357287407
0.999999821 0.000408605 0.000300538 0.067766383 -0.000408725 0.999999821 0.000399509 -0.115588762 -0.000300374 -0.000399632 0.999999881 3.583300114
1.000000000 -0.000165825 -0.000143149 0.075377241 0.000165873 0.999999940 0.000331511 -0.121275157 0.000143094 -0.000331535 0.999999940 3.834707260
0.999999523 0.000774977 -0.000567166 0.089481957 -0.000774886 0.999999702 0.000159382 -0.119335875 0.000567289 -0.000158943 0.999999821 4.122433186
0.999999762 0.000575932 -0.000038934 0.088381462 -0.000575865 0.999998450 0.001681377 -0.156436309 0.000039902 -0.001681354 0.999998510 4.359209538
1.000000000 -0.000088222 0.000014168 0.100239925 0.000088210 0.999999583 0.000821045 -0.148724690 -0.000014240 -0.000821044 0.999999642 4.603500843
1.000000000 -0.000265582 0.000226301 0.105304539 0.000265352 0.999999404 0.001014036 -0.156181216 -0.000226571 -0.001013976 0.999999464 4.861139297
0.999999940 0.000233634 0.000036999 0.109927885 -0.000233674 0.999999404 0.001089954 -0.162972361 -0.000036744 -0.001089963 0.999999404 5.141620636
1.000000000 0.000007251 -0.000339775 0.119226441 -0.000006881 0.999999464 0.001089026 -0.171275184 0.000339782 -0.001089023 0.999999344 5.403326988
0.999999344 0.000994619 0.000513281 0.117101714 -0.000995489 0.999998093 0.001697824 -0.184178531 -0.000511591 -0.001698334 0.999998450 5.680043697
0.999999762 0.000687593 0.000075406 0.124500610 -0.000687763 0.999997199 0.002286853 -0.196155488 -0.000073833 -0.002286904 0.999997437 5.955484867
0.999999464 0.000588723 0.000823157 0.114675783 -0.000589827 0.999998868 0.001340901 -0.201009706 -0.000822367 -0.001341386 0.999998748 6.226958752
0.999999225 0.000759102 0.000953387 0.116337404 -0.000760439 0.999998689 0.001401994 -0.207074061 -0.000952321 -0.001402718 0.999998569 6.508248806
0.999999821 0.000328101 0.000502748 0.141585097 -0.000329040 0.999998152 0.001868417 -0.218388155 -0.000502134 -0.001868582 0.999998152 6.787719250
0.999999583 0.000702727 0.000565259 0.155191824 -0.000703825 0.999997795 0.001945884 -0.231589302 -0.000563890 -0.001946281 0.999997914 7.082410812
0.999999583 0.000866366 0.000221304 0.164680272 -0.000866648 0.999998808 0.001276009 -0.227631480 -0.000220198 -0.001276201 0.999999106 7.386772633
0.999998868 0.001209607 0.000816148 0.163653359 -0.001210340 0.999998868 0.000897572 -0.235606685 -0.000815061 -0.000898559 0.999999285 7.699029922
0.999998569 0.001133826 0.001209484 0.166866139 -0.001135409 0.999998510 0.001308733 -0.247982100 -0.001207998 -0.001310105 0.999998331 8.005783081
0.999997735 0.001358174 0.001606071 0.169185713 -0.001360228 0.999998271 0.001278343 -0.255890340 -0.001604332 -0.001280524 0.999997914 8.324579239
0.999998212 0.001023549 0.001585101 0.177549258 -0.001026024 0.999998271 0.001561979 -0.271668375 -0.001583500 -0.001563603 0.999997497 8.635554314
0.999996841 0.001210061 0.002209225 0.179451093 -0.001214260 0.999997556 0.001900576 -0.282157779 -0.002206919 -0.001903253 0.999995768 8.979476929
0.999997377 0.001181720 0.001918672 0.189675584 -0.001184621 0.999998093 0.001511603 -0.286504984 -0.001916883 -0.001513872 0.999997020 9.307785988
0.999999404 0.000328187 0.001055762 0.207523286 -0.000330291 0.999997973 0.001993596 -0.298049033 -0.001055105 -0.001993943 0.999997437 9.666656494
0.999998868 0.000574682 0.001369866 0.206216231 -0.000576433 0.999999046 0.001278038 -0.303006649 -0.001369130 -0.001278826 0.999998271 9.999650955
0.999998868 0.000874206 0.001168495 0.217786476 -0.000876289 0.999998033 0.001783074 -0.319671273 -0.001166934 -0.001784096 0.999997735 10.360021591
0.999999404 -0.000374076 0.001027420 0.225192040 0.000371835 0.999997556 0.002180379 -0.337580621 -0.001028233 -0.002179996 0.999997020 10.723607063
0.999998391 0.000974168 0.001509061 0.222562328 -0.000976098 0.999998689 0.001278791 -0.336059093 -0.001507812 -0.001280262 0.999998033 11.107816696
0.999998152 0.001167534 0.001544773 0.234016284 -0.001169463 0.999998510 0.001248152 -0.350267678 -0.001543313 -0.001249956 0.999998033 11.490070343
0.999998629 0.000410597 0.001620309 0.246729419 -0.000414067 0.999997616 0.002141911 -0.364036977 -0.001619425 -0.002142579 0.999996364 11.861914635
0.999998868 0.000471240 0.001409927 0.256414622 -0.000473647 0.999998391 0.001707478 -0.371560276 -0.001409119 -0.001708144 0.999997497 12.241616249
0.999998629 -0.000018634 0.001669142 0.267886698 0.000015598 0.999998331 0.001818924 -0.388088882 -0.001669173 -0.001818896 0.999996960 12.620582581
0.999998748 0.000623275 0.001473363 0.269363016 -0.000625555 0.999998629 0.001547701 -0.390865833 -0.001472397 -0.001548621 0.999997735 13.002908707
0.999996662 0.000937780 0.002378902 0.277870834 -0.000941780 0.999998152 0.001680608 -0.404915452 -0.002377322 -0.001682842 0.999995708 13.407855988
0.999996841 0.000693825 0.002423200 0.289207369 -0.000697074 0.999998987 0.001339983 -0.414802670 -0.002422267 -0.001341668 0.999996126 13.818179131
0.999996305 0.000416350 0.002677972 0.291696817 -0.000422834 0.999996960 0.002421265 -0.432681918 -0.002676956 -0.002422389 0.999993503 14.236960411
0.999996662 0.000659585 0.002491604 0.308516741 -0.000664475 0.999997854 0.001962154 -0.439287931 -0.002490305 -0.001963803 0.999994934 14.661285400
0.999996245 0.000689707 0.002661265 0.322665513 -0.000695318 0.999997497 0.002108119 -0.458784461 -0.002659805 -0.002109961 0.999994218 15.085448265
0.999996126 0.000616048 0.002721735 0.336090863 -0.000621734 0.999997616 0.002088994 -0.468815506 -0.002720441 -0.002090678 0.999994099 15.526682854
0.999993443 0.000936792 0.003477314 0.342693210 -0.000944766 0.999996901 0.002291799 -0.484588385 -0.003475157 -0.002295069 0.999991298 15.963069916
0.999994636 0.000117767 0.003278711 0.359319359 -0.000125518 0.999997318 0.002364005 -0.496512711 -0.003278423 -0.002364404 0.999991775 16.412626266
0.999993324 0.000705838 0.003578335 0.366757393 -0.000712890 0.999997795 0.001969583 -0.503836572 -0.003576936 -0.001972120 0.999991655 16.869514465
0.999991119 0.000761550 0.004147276 0.373767287 -0.000771748 0.999996662 0.002457743 -0.518369973 -0.004145391 -0.002460922 0.999988377 17.315313339
0.999989152 0.001315203 0.004449417 0.386627406 -0.001326786 0.999995649 0.002601428 -0.535299838 -0.004445978 -0.002607303 0.999986708 17.766830444
0.999985516 0.001595914 0.005133255 0.395955861 -0.001609806 0.999995053 0.002703240 -0.549856126 -0.005128914 -0.002711464 0.999983251 18.239793777
0.999986887 0.000004956 0.005118367 0.405725896 -0.000021140 0.999994993 0.003161913 -0.568271995 -0.005118327 -0.003161980 0.999981821 18.708538055
0.999988973 0.000741001 0.004630966 0.421581328 -0.000756163 0.999994338 0.003273104 -0.589465618 -0.004628515 -0.003276569 0.999983847 19.163881302
0.999982357 0.000896033 0.005873219 0.424452603 -0.000916685 0.999993384 0.003514481 -0.602921188 -0.005870032 -0.003519804 0.999976516 19.670040131
0.999985695 0.000453059 0.005325755 0.444667339 -0.000472426 0.999993265 0.003635848 -0.616252363 -0.005324073 -0.003638312 0.999979198 20.142507553
0.999987841 0.000127682 0.004925084 0.459927768 -0.000147066 0.999992251 0.003935772 -0.634856820 -0.004924544 -0.003936449 0.999980152 20.632129669
0.999984920 0.000686982 0.005448153 0.463266730 -0.000711313 0.999989748 0.004465300 -0.651486754 -0.005445030 -0.004469108 0.999975204 21.128881454
0.999988854 0.000448920 0.004688383 0.477107614 -0.000467148 0.999992251 0.003887544 -0.654914975 -0.004686602 -0.003889691 0.999981403 21.630640030
0.999990582 0.000013653 0.004368346 0.491717368 -0.000032477 0.999990702 0.004309100 -0.675686359 -0.004368247 -0.004309201 0.999981165 22.136360168
0.999993742 0.000105932 0.003524448 0.509053886 -0.000121844 0.999989808 0.004514735 -0.686630607 -0.003523935 -0.004515136 0.999983609 22.647220612
0.999995232 0.000195256 0.003064766 0.518819332 -0.000208567 0.999990642 0.004343315 -0.702690542 -0.003063889 -0.004343934 0.999985814 23.160457611
0.999996245 0.000483060 0.002693784 0.526737750 -0.000494547 0.999990702 0.004265248 -0.714369357 -0.002691699 -0.004266564 0.999987304 23.683616638
0.999998748 -0.000944597 0.001255724 0.547027886 0.000939684 0.999991953 0.003907297 -0.729612589 -0.001259405 -0.003906113 0.999991536 24.197746277
0.999999344 0.000226145 0.001135655 0.552756727 -0.000230875 0.999991298 0.004166882 -0.743941605 -0.001134703 -0.004167141 0.999990702 24.730934143
0.999999583 0.000489081 0.000759480 0.561241090 -0.000492329 0.999990642 0.004282775 -0.755498052 -0.000757378 -0.004283146 0.999990523 25.263710022
0.999999583 0.000880415 0.000237457 0.569357991 -0.000881445 0.999990046 0.004376016 -0.767650843 -0.000233602 -0.004376223 0.999990404 25.814334869
0.999998748 0.001625847 0.000084581 0.575776398 -0.001626177 0.999990404 0.004066831 -0.778840601 -0.000077968 -0.004066963 0.999991715 26.362054825
0.999999583 0.000161966 -0.000812336 0.593171954 -0.000157808 0.999986887 0.005115390 -0.800482273 0.000813154 -0.005115260 0.999986589 26.921129227
0.999999046 0.000175277 -0.001356307 0.608347952 -0.000168293 0.999986708 0.005148417 -0.816860199 0.001357191 -0.005148184 0.999985814 27.453128815
0.999997973 0.001407316 -0.001457862 0.614690542 -0.001400272 0.999987423 0.004821297 -0.832355618 0.001464629 -0.004819245 0.999987304 28.004692078
0.999998510 0.000423518 -0.001625459 0.622716129 -0.000414752 0.999985397 0.005389614 -0.849749804 0.001627718 -0.005388932 0.999984145 28.564689636
0.999997318 0.000681063 -0.002204702 0.639296591 -0.000668669 0.999984026 0.005617593 -0.862613499 0.002208492 -0.005616104 0.999981821 29.096649170
0.999996841 0.000864218 -0.002353925 0.644291043 -0.000851677 0.999985397 0.005323271 -0.871257901 0.002358490 -0.005321250 0.999983072 29.639053345
0.999996483 0.000973141 -0.002432617 0.648157895 -0.000959095 0.999982893 0.005768409 -0.893520653 0.002438188 -0.005766055 0.999980390 30.188333511
0.999996424 0.001777208 -0.002012515 0.652893841 -0.001766564 0.999984503 0.005278273 -0.901042342 0.002021865 -0.005274699 0.999983966 30.734603882
0.999996245 0.001685367 -0.002163890 0.660514355 -0.001674221 0.999985337 0.005142672 -0.907578647 0.002172526 -0.005139029 0.999984443 31.276729584
0.999994636 0.001743610 -0.002767037 0.668201745 -0.001727928 0.999982417 0.005659849 -0.920069933 0.002776857 -0.005655038 0.999980152 31.827894211
0.999997079 0.001359955 -0.001969006 0.679804265 -0.001351779 0.999990404 0.004148020 -0.916390181 0.001974629 -0.004145346 0.999989450 32.393898010
0.999994397 0.000945539 -0.003193539 0.694254994 -0.000930121 0.999988019 0.004825803 -0.947729528 0.003198063 -0.004822807 0.999983191 32.917022705
0.999995053 0.001536006 -0.002737239 0.684586048 -0.001521798 0.999985337 0.005185313 -0.967002153 0.002745163 -0.005181122 0.999982774 33.488975525
0.999993145 0.001471304 -0.003400217 0.709355175 -0.001456498 0.999989390 0.004353000 -0.959203243 0.003406586 -0.004348018 0.999984682 34.041469574
0.999994993 0.001311017 -0.002886034 0.703562737 -0.001296719 0.999986827 0.004950533 -0.987899423 0.002892486 -0.004946765 0.999983609 34.567794800
0.999992907 0.001200916 -0.003567148 0.730740666 -0.001184967 0.999989331 0.004469743 -0.998196900 0.003572478 -0.004465485 0.999983609 35.129104614
0.999992788 0.001192777 -0.003604821 0.740322709 -0.001177533 0.999990344 0.004227940 -1.008564949 0.003609829 -0.004223665 0.999984562 35.665935516
0.999991000 0.001679024 -0.003929053 0.751981258 -0.001661201 0.999988317 0.004535148 -1.021425724 0.003936623 -0.004528580 0.999981999 36.231193542
0.999991179 0.001962278 -0.003695205 0.752860785 -0.001947979 0.999990642 0.003869243 -1.033095241 0.003702763 -0.003862011 0.999985695 36.776859283
0.999992192 0.001919181 -0.003456766 0.764173090 -0.001904445 0.999989033 0.004261156 -1.047015190 0.003464906 -0.004254539 0.999984860 37.315940857
0.999991179 0.002811674 -0.003120599 0.765915275 -0.002799213 0.999988079 0.003990412 -1.054047465 0.003131781 -0.003981641 0.999987125 37.859973907
0.999992728 0.002546557 -0.002831244 0.764129639 -0.002534021 0.999987006 0.004422510 -1.075548649 0.002842469 -0.004415302 0.999986231 38.410190582
0.999990761 0.003140565 -0.002929181 0.775316358 -0.003127955 0.999985814 0.004299575 -1.085673571 0.002942643 -0.004290373 0.999986470 38.960552216
0.999991119 0.003227550 -0.002711185 0.776384413 -0.003215733 0.999985278 0.004351756 -1.097236633 0.002725191 -0.004342998 0.999986827 39.526306152
0.999991953 0.003237522 -0.002357731 0.790368438 -0.003227985 0.999986649 0.004037324 -1.101266980 0.002370770 -0.004029681 0.999989092 40.075378418
0.999989390 0.003827223 -0.002571853 0.807249844 -0.003817918 0.999986172 0.003613311 -1.111223936 0.002585646 -0.003603453 0.999990165 40.627967834
0.999987900 0.004259484 -0.002456280 0.814758897 -0.004251453 0.999985635 0.003265684 -1.120151758 0.002470155 -0.003255202 0.999991655 41.189228058
0.999987364 0.003992720 -0.003048969 0.828518867 -0.003982774 0.999986768 0.003261489 -1.133324981 0.003061951 -0.003249304 0.999990046 41.732242584
0.999987125 0.003900653 -0.003249895 0.838212311 -0.003889840 0.999986887 0.003327193 -1.148368835 0.003262830 -0.003314509 0.999989212 42.289901733
0.999987304 0.003630023 -0.003493735 0.845594227 -0.003620129 0.999989450 0.002833937 -1.156527877 0.003503985 -0.002821253 0.999989867 42.827644348
0.999985099 0.004338804 -0.003320296 0.848767638 -0.004327503 0.999984860 0.003402744 -1.169236898 0.003335010 -0.003388325 0.999988675 43.381771088
0.999984443 0.003993173 -0.003895389 0.859406471 -0.003980782 0.999986947 0.003183631 -1.183575153 0.003908051 -0.003168075 0.999987304 43.916996002
0.999986231 0.003562597 -0.003833163 0.866293550 -0.003550838 0.999988973 0.003070242 -1.190935493 0.003844058 -0.003056589 0.999987900 44.455753326
0.999983013 0.004227548 -0.004007682 0.873693824 -0.004213264 0.999984860 0.003565947 -1.209150434 0.004022696 -0.003549001 0.999985635 44.999046326
0.999986053 0.004317528 -0.003043799 0.873825192 -0.004308301 0.999986053 0.003031677 -1.216665387 0.003056847 -0.003018521 0.999990761 45.554450989
0.999985933 0.004302567 -0.003100141 0.883551598 -0.004291798 0.999984741 0.003472156 -1.232863665 0.003115033 -0.003458802 0.999989152 46.107879639
0.999985456 0.004476783 -0.003004399 0.893417001 -0.004466638 0.999984324 0.003375457 -1.248407245 0.003019464 -0.003361989 0.999989748 46.646759033
0.999986112 0.004721654 -0.002343540 0.899286628 -0.004714604 0.999984384 0.003005393 -1.254866362 0.002357694 -0.002994303 0.999992728 47.195308685
0.999987185 0.004669185 -0.001929337 0.897415519 -0.004662992 0.999983966 0.003202745 -1.270365000 0.001944260 -0.003193709 0.999993026 47.756847382
0.999983847 0.005417444 -0.001709815 0.907665491 -0.005411383 0.999979138 0.003528871 -1.287788868 0.001728897 -0.003519562 0.999992311 48.310699463
0.999986231 0.005039086 -0.001475945 0.921396315 -0.005034602 0.999982774 0.003025503 -1.292718887 0.001491165 -0.003018030 0.999994338 48.862140656
0.999984264 0.005555354 -0.000814249 0.925721943 -0.005552994 0.999980569 0.002871587 -1.307576180 0.000830186 -0.002867020 0.999995530 49.412311554
0.999984145 0.005521280 -0.001093554 0.947423995 -0.005518095 0.999980509 0.002896338 -1.319040775 0.001109525 -0.002890257 0.999995172 49.950222015
0.999983490 0.005721337 -0.000544447 0.948855042 -0.005719551 0.999978542 0.003226980 -1.335930347 0.000562898 -0.003223813 0.999994636 50.488990784
0.999982774 0.005869993 -0.000183864 0.954962492 -0.005869409 0.999978185 0.003021804 -1.351261139 0.000201598 -0.003020674 0.999995410 51.020168304
0.999978602 0.006545749 0.000055591 0.973128676 -0.006545914 0.999971211 0.003839896 -1.368059754 -0.000030454 -0.003840177 0.999992609 51.572162628
0.999981940 0.005998873 0.000118760 0.980951786 -0.005999243 0.999976218 0.003410263 -1.380748987 -0.000098299 -0.003410914 0.999994159 52.099273682
0.999972939 0.007244147 0.001297924 0.973166645 -0.007248448 0.999968171 0.003339790 -1.395940542 -0.001273689 -0.003349107 0.999993563 52.635566711
0.999974966 0.007005278 0.000944452 1.000002623 -0.007008610 0.999969184 0.003572476 -1.413598180 -0.000919397 -0.003579006 0.999993145 53.184288025
0.999967575 0.007847230 0.001819474 0.988230824 -0.007853827 0.999962509 0.003647080 -1.430585623 -0.001790787 -0.003661251 0.999991655 53.733425140
0.999972284 0.007274526 0.001584234 1.003528595 -0.007279622 0.999968290 0.003236034 -1.441955566 -0.001560643 -0.003247477 0.999993503 54.275188446
0.999970496 0.007441260 0.001908028 1.016525269 -0.007448345 0.999965310 0.003734044 -1.461178541 -0.001880175 -0.003748146 0.999991179 54.786064148
0.999964774 0.008083929 0.002250216 1.025240660 -0.008092224 0.999960423 0.003701897 -1.478436589 -0.002220201 -0.003719976 0.999990642 55.342552185
0.999967396 0.007964197 0.001272051 1.048465371 -0.007968209 0.999963224 0.003180299 -1.474374175 -0.001246676 -0.003190332 0.999994159 55.894435883
0.999975383 0.006870174 0.001414976 1.051603079 -0.006874745 0.999971092 0.003251450 -1.485218048 -0.001392597 -0.003261097 0.999993742 56.426441193
0.999968171 0.007774618 0.001754011 1.062942266 -0.007779610 0.999965668 0.002857912 -1.494822145 -0.001731732 -0.002871466 0.999994397 56.982852936
0.999967098 0.007927979 0.001734432 1.081640363 -0.007934600 0.999961078 0.003844539 -1.522615790 -0.001703885 -0.003858174 0.999991119 57.535335541
0.999973595 0.007043400 0.001785617 1.097130418 -0.007049190 0.999969959 0.003256747 -1.542181253 -0.001762625 -0.003269248 0.999993026 58.078594208
0.999973834 0.007116863 0.001307953 1.109344482 -0.007120624 0.999970436 0.002893652 -1.544807911 -0.001287320 -0.002902890 0.999994934 58.638614655
0.999964297 0.008258678 0.001792171 1.114281178 -0.008264427 0.999960661 0.003223484 -1.562949419 -0.001765478 -0.003238181 0.999993205 59.173896790
0.999968231 0.007840553 0.001443778 1.126705170 -0.007845440 0.999963403 0.003410828 -1.582636952 -0.001416983 -0.003422046 0.999993145 59.721897125
0.999966025 0.007970227 0.002091868 1.147611976 -0.007976362 0.999963880 0.002942237 -1.592254043 -0.002068342 -0.002958823 0.999993443 60.273914337
0.999965072 0.008305090 0.000963617 1.164626837 -0.008308378 0.999959469 0.003459498 -1.611402988 -0.000934846 -0.003467383 0.999993563 60.809551239
0.999964058 0.008416469 0.001010333 1.176902175 -0.008419593 0.999959648 0.003127943 -1.623928905 -0.000983965 -0.003136337 0.999994576 61.373092651
0.999960363 0.008844032 0.001003006 1.188679576 -0.008847338 0.999955297 0.003343932 -1.639840961 -0.000973388 -0.003352673 0.999993920 61.907466888
0.999960124 0.008834093 0.001278341 1.192727685 -0.008837834 0.999956608 0.002951501 -1.650438547 -0.001252212 -0.002962681 0.999994814 62.456291199
0.999956369 0.009241716 0.001457523 1.206315517 -0.009245710 0.999953389 0.002758320 -1.666913986 -0.001431963 -0.002771675 0.999995112 62.995731354
0.999960721 0.008737206 0.001488469 1.217357039 -0.008741350 0.999957860 0.002800057 -1.682677984 -0.001463941 -0.002812958 0.999994993 63.542510986
0.999956429 0.009221438 0.001522624 1.223905325 -0.009225806 0.999953389 0.002887332 -1.697770119 -0.001495927 -0.002901253 0.999994695 64.097831726
0.999960065 0.008779221 0.001676328 1.236181021 -0.008783951 0.999957323 0.002834772 -1.708896399 -0.001651370 -0.002849383 0.999994576 64.640785217
0.999957383 0.009109963 0.001485768 1.249634981 -0.009115076 0.999952376 0.003471516 -1.728257298 -0.001454072 -0.003484910 0.999992788 65.175750732
0.999953091 0.009516025 0.001799626 1.258620739 -0.009522582 0.999947906 0.003670848 -1.746072888 -0.001764601 -0.003687813 0.999991655 65.727645874
0.999959767 0.008828741 0.001600141 1.273135304 -0.008834275 0.999954879 0.003485554 -1.759220123 -0.001569296 -0.003499550 0.999992669 66.272972107
0.999960303 0.008796438 0.001403708 1.285334468 -0.008801810 0.999953806 0.003868460 -1.775065303 -0.001369615 -0.003880661 0.999991477 66.822525024
0.999955177 0.009301084 0.001724433 1.295572281 -0.009306839 0.999951065 0.003360668 -1.785636187 -0.001693090 -0.003376567 0.999992847 67.370285034
0.999955416 0.009282400 0.001749574 1.306084275 -0.009288242 0.999951243 0.003361052 -1.797560453 -0.001718290 -0.003377153 0.999992847 67.922340393
0.999949872 0.009770487 0.002198178 1.314331293 -0.009778382 0.999945700 0.003610172 -1.815682411 -0.002162785 -0.003631486 0.999991000 68.470916748
0.999949217 0.009852278 0.002108688 1.328819513 -0.009859697 0.999945104 0.003538130 -1.830677271 -0.002073713 -0.003558741 0.999991536 69.010635376
0.999952376 0.009613003 0.001684087 1.342196584 -0.009618398 0.999948502 0.003224730 -1.842324853 -0.001653001 -0.003240774 0.999993384 69.561035156
0.999950647 0.009705308 0.002113850 1.351858974 -0.009712528 0.999946952 0.003431983 -1.857529640 -0.002080430 -0.003452345 0.999991894 70.102432251
0.999951303 0.009652811 0.002053226 1.363761187 -0.009659918 0.999947250 0.003478566 -1.871725678 -0.002019540 -0.003498230 0.999991834 70.651489258
0.999951422 0.009651605 0.001989038 1.376884818 -0.009657524 0.999948919 0.002987730 -1.882017136 -0.001960100 -0.003006794 0.999993563 71.192237854
0.999951482 0.009676957 0.001834320 1.392599344 -0.009682314 0.999948800 0.002934927 -1.897110343 -0.001805825 -0.002952545 0.999993980 71.731475830
0.999950826 0.009756753 0.001777244 1.399432540 -0.009761923 0.999948025 0.002922922 -1.909079671 -0.001748633 -0.002940128 0.999994099 72.273040771
0.999952734 0.009564635 0.001741369 1.412383318 -0.009570515 0.999948442 0.003400113 -1.928099275 -0.001708758 -0.003416618 0.999992669 72.817451477
0.999952853 0.009519228 0.001877929 1.425345659 -0.009526271 0.999947488 0.003778467 -1.942898154 -0.001841862 -0.003796179 0.999991119 73.356010437
0.999952435 0.009562626 0.001932053 1.434237123 -0.009569204 0.999948323 0.003424455 -1.953567266 -0.001899207 -0.003442781 0.999992192 73.895660400
0.999955356 0.009310045 0.001683354 1.449788809 -0.009315294 0.999951780 0.003137335 -1.965937972 -0.001654063 -0.003152876 0.999993622 74.440246582
0.999951422 0.009744245 0.001576165 1.466663122 -0.009749067 0.999947727 0.003082343 -1.976393342 -0.001546047 -0.003097559 0.999993980 74.982109070
0.999954283 0.009447402 0.001437243 1.477655172 -0.009451400 0.999951422 0.002800886 -1.989593267 -0.001410712 -0.002814342 0.999995053 75.524833679
0.999958634 0.008974709 0.001426392 1.494102240 -0.008978288 0.999956489 0.002522798 -2.000726461 -0.001403689 -0.002535501 0.999995768 76.065719604
0.999952734 0.009560699 0.001782085 1.497931600 -0.009565214 0.999951005 0.002541542 -2.012517452 -0.001757700 -0.002558467 0.999995172 76.612777710
0.999950767 0.009777745 0.001684468 1.510141850 -0.009782096 0.999948740 0.002593988 -2.027928114 -0.001659019 -0.002610338 0.999995232 77.163673401
0.999954224 0.009422735 0.001676801 1.525111079 -0.009426812 0.999952734 0.002439368 -2.039674520 -0.001653735 -0.002455063 0.999995589 77.698402405
0.999954462 0.009383737 0.001724607 1.531590462 -0.009388887 0.999951422 0.003004185 -2.058455706 -0.001696333 -0.003020240 0.999993980 78.233406067
0.999949157 0.009814713 0.002325171 1.539080977 -0.009820839 0.999948263 0.002638751 -2.071061373 -0.002299152 -0.002661453 0.999993742 78.784988403
0.999953032 0.009459479 0.002071792 1.556097746 -0.009464331 0.999952435 0.002345604 -2.079647064 -0.002049506 -0.002365102 0.999995112 79.332267761
0.999945998 0.010053930 0.002632092 1.563781977 -0.010060623 0.999946177 0.002541949 -2.093851805 -0.002606394 -0.002568292 0.999993265 79.871818542
0.999949336 0.009728647 0.002549893 1.581864357 -0.009734686 0.999949813 0.002366706 -2.110808611 -0.002526740 -0.002391409 0.999993861 80.417747498
0.999942064 0.010076432 0.003792061 1.592068911 -0.010086141 0.999945879 0.002549172 -2.124398708 -0.003766170 -0.002587271 0.999989569 80.958663940
0.999933422 0.010630148 0.004483012 1.615475416 -0.010641049 0.999940395 0.002415056 -2.137277126 -0.004457073 -0.002462599 0.999987006 81.503211975
0.999937773 0.009708390 0.005495949 1.629718781 -0.009720079 0.999950469 0.002104049 -2.151628256 -0.005475251 -0.002157339 0.999982655 82.050460815
0.999909461 0.010896567 0.007913562 1.637172222 -0.010919336 0.999936342 0.002839626 -2.168880463 -0.007882116 -0.002925780 0.999964654 82.592277527
0.999876618 0.010867028 0.011342737 1.655925393 -0.010894690 0.999937832 0.002379718 -2.187745810 -0.011316170 -0.002503000 0.999932766 83.136627197
0.999820948 0.012098382 0.014548318 1.683583021 -0.012132446 0.999923885 0.002255362 -2.201513529 -0.014519924 -0.002431465 0.999891639 83.680473328
0.999776900 0.009891885 0.018661354 1.701756358 -0.009902967 0.999950826 0.000501635 -2.197367668 -0.018655473 -0.000686325 0.999825656 84.245277405
0.999812126 -0.005340109 -0.018632576 3.937242985 0.005373219 0.999984086 0.001727345 -2.214797497 0.018623052 -0.001827137 0.999824822 81.584877014
0.999521196 0.010493232 0.029111313 1.784278631 -0.010525798 0.999944091 0.000965739 -2.235478878 -0.029099550 -0.001271696 0.999575853 85.482604980
0.999333084 0.010712585 0.034909077 1.816811562 -0.010746132 0.999941945 0.000773434 -2.251155376 -0.034898769 -0.001148056 0.999390125 86.035766602
0.999114156 0.010694914 0.040699217 1.850547791 -0.010714856 0.999942541 0.000271910 -2.262050152 -0.040693969 -0.000707755 0.999171436 86.576377869
0.998693526 0.010863438 0.049931653 1.883329868 -0.010904543 0.999940336 0.000550898 -2.280760288 -0.049922697 -0.001094660 0.998752475 87.111442566
0.998252332 0.010778000 0.058106288 1.932634592 -0.010838480 0.999940991 0.000725740 -2.298602104 -0.058095042 -0.001354255 0.998310089 87.660034180
0.997786820 0.011035205 0.065571375 1.973533630 -0.011105629 0.999938071 0.000709597 -2.311328888 -0.065559492 -0.001436238 0.997847617 88.208984375
0.997145057 0.011267914 0.074663319 2.030602455 -0.011309411 0.999936044 0.000132993 -2.317098141 -0.074657038 -0.000977012 0.997208774 88.764205933
0.996346593 0.011063114 0.084681809 2.099020481 -0.011148890 0.999937713 0.000540054 -2.333081245 -0.084670559 -0.001482189 0.996407866 89.318992615
0.995533407 0.010454190 0.093828946 2.163976669 -0.010488079 0.999944985 -0.000131949 -2.348177910 -0.093825154 -0.000852725 0.995588303 89.859489441
0.994786441 0.010194114 0.101469569 2.243571758 -0.010165958 0.999947965 -0.000794593 -2.355797768 -0.101472385 -0.000241086 0.994838238 90.410980225
0.993561625 0.010246661 0.112828612 2.321606159 -0.010247895 0.999947309 -0.000569061 -2.374670982 -0.112828515 -0.000590859 0.993614316 90.958389282
0.992236733 0.009920732 0.123967305 2.397070885 -0.009866927 0.999950767 -0.001047989 -2.377198219 -0.123971611 -0.000183323 0.992285728 91.502449036
0.991098285 0.009321732 0.132805258 2.491352081 -0.009264461 0.999956489 -0.001049181 -2.396836519 -0.132809296 -0.000190528 0.991141617 92.045158386
0.989561439 0.009520604 0.143796980 2.589440346 -0.009480214 0.999954581 -0.000966075 -2.410399914 -0.143799648 -0.000407235 0.989606738 92.571403503
0.987754941 0.009271277 0.155737415 2.698243141 -0.009127161 0.999957025 -0.001640447 -2.419172049 -0.155745909 0.000198920 0.987797141 93.122131348
0.986024320 0.008513473 0.166383848 2.807238579 -0.008351170 0.999963641 -0.001675088 -2.435664654 -0.166392073 0.000262178 0.986059666 93.653671265
0.984164774 0.008366327 0.177058473 2.922541618 -0.008187122 0.999964952 -0.001742685 -2.447581291 -0.177066848 0.000265490 0.984198809 94.184616089
0.981834590 0.008191795 0.189561769 3.052053452 -0.007924276 0.999966204 -0.002169148 -2.463453293 -0.189573109 0.000627605 0.981866360 94.710372925
0.979359686 0.008049953 0.201964855 3.176180840 -0.007844730 0.999967515 -0.001816557 -2.479919434 -0.201972932 0.000194703 0.979391098 95.237533569
0.977211177 0.007244623 0.212145776 3.315277100 -0.006959002 0.999973595 -0.002092978 -2.490661860 -0.212155342 0.000568958 0.977235794 95.778755188
0.974267364 0.007789975 0.225260392 3.459867477 -0.007381436 0.999969244 -0.002655781 -2.507755041 -0.225274131 0.000924695 0.974294901 96.300415039
0.971003413 0.007719667 0.238941371 3.606575012 -0.007400927 0.999970078 -0.002231138 -2.522494793 -0.238951445 0.000398055 0.971031427 96.818290710
0.968401611 0.007347603 0.249287367 3.762023926 -0.007132428 0.999972939 -0.001766432 -2.554471016 -0.249293625 -0.000067408 0.968427956 97.342468262
0.965364575 0.006274392 0.260829210 3.936939240 -0.005941758 0.999980211 -0.002063823 -2.565851212 -0.260836929 0.000442558 0.965382755 97.834426880
0.961495996 0.007127301 0.274726361 4.099777222 -0.006818156 0.999974608 -0.002080217 -2.581384182 -0.274734288 0.000126994 0.961520135 98.356704712
0.957773924 0.006884971 0.287439793 4.281450272 -0.006455038 0.999976099 -0.002443433 -2.597363472 -0.287449837 0.000484821 0.957795560 98.868415833
0.954329908 0.006482911 0.298684418 4.460062027 -0.005919610 0.999978542 -0.002790610 -2.600519896 -0.298696131 0.000895068 0.954347789 99.375610352
0.949838758 0.005762207 0.312686920 4.642343521 -0.005105885 0.999982715 -0.002917741 -2.613579035 -0.312698305 0.001174840 0.949851692 99.900360107
0.945284843 0.005981221 0.326191306 4.842489243 -0.005252874 0.999981344 -0.003113655 -2.631232262 -0.326203912 0.001229849 0.945298553 100.405487061
0.941315770 0.005254476 0.337486237 5.038888931 -0.004494073 0.999985278 -0.003034364 -2.641315222 -0.337497205 0.001339607 0.941325486 100.893211365
0.936734378 0.005704296 0.349994361 5.260347366 -0.004601101 0.999981463 -0.003983440 -2.654512882 -0.350010633 0.002121066 0.936743319 101.415046692
0.931170285 0.005024672 0.364549965 5.476657867 -0.004034207 0.999985754 -0.003478446 -2.675959110 -0.364562213 0.001768355 0.931177318 101.921684265
0.926264048 0.005133439 0.376840264 5.690809250 -0.004301929 0.999986112 -0.003048095 -2.700106621 -0.376850694 0.001202200 0.926273227 102.422302246
0.921490788 0.004379767 0.388375580 5.928762436 -0.003269275 0.999988437 -0.003520072 -2.708239794 -0.388386518 0.001974007 0.921494424 102.931686401
0.915258586 0.004754414 0.402838767 6.167358398 -0.003752512 0.999987602 -0.003276335 -2.726577520 -0.402849346 0.001487037 0.915265083 103.410758972
0.909570038 0.003977181 0.415531576 6.419406891 -0.003025326 0.999991000 -0.002948993 -2.747464418 -0.415539593 0.001425197 0.909573972 103.891441345
0.904642642 0.003583221 0.426155865 6.670539856 -0.002233432 0.999990761 -0.003667040 -2.761672020 -0.426165104 0.002365571 0.904642344 104.359832764
0.898274243 0.003321075 0.439422518 6.932098389 -0.001747885 0.999990523 -0.003984692 -2.768945456 -0.439431548 0.002811286 0.898271680 104.843894958
0.891578496 0.002761821 0.452857852 7.205707550 -0.001384649 0.999993384 -0.003372534 -2.800130844 -0.452864081 0.002379829 0.891576350 105.324691772
0.885264337 0.002559559 0.465081155 7.470729828 -0.001029245 0.999993205 -0.003544301 -2.812219858 -0.465087116 0.002658961 0.885260940 105.807113647
0.879571557 0.002377293 0.475760728 7.748603821 -0.000692460 0.999992847 -0.003716590 -2.823851347 -0.475766182 0.002939561 0.879566908 106.278388977
0.872522891 0.001680361 0.488570333 8.032970428 0.000006577 0.999994040 -0.003451066 -2.845979214 -0.488573223 0.003014348 0.872517705 106.710960388
0.865614653 0.001199790 0.500709176 8.331813812 0.000618881 0.999993861 -0.003466075 -2.861007214 -0.500710249 0.003310165 0.865608692 107.169441223
