1.000000000 0.000000000 0.000000000 0.000000000 0.000000000 1.000000000 0.000000000 0.000000000 0.000000000 0.000000000 1.000000000 0.000000000
1.000000000 -0.000018456 -0.000078680 0.000596203 0.000018451 1.000000000 -0.000052920 0.000584718 0.000078681 0.000052919 1.000000000 -0.000250209
1.000000000 -0.000047743 0.000055020 0.000264414 0.000047742 1.000000000 0.000027866 0.000392252 -0.000055021 -0.000027864 1.000000000 0.000437458
1.000000000 -0.000028368 0.000021478 0.000474613 0.000028368 1.000000000 0.000007474 0.000348487 -0.000021478 -0.000007474 1.000000000 -0.000400935
1.000000000 -0.000183303 -0.000007191 0.000357743 0.000183303 1.000000000 0.000060034 -0.000578959 0.000007180 -0.000060035 1.000000000 -0.001169937
1.000000000 0.000027565 0.000196858 -0.000160692 -0.000027545 1.000000000 -0.000101283 0.001195922 -0.000196861 0.000101278 1.000000000 0.000523888
1.000000000 -0.000127964 0.000031230 0.001516598 0.000127964 1.000000000 -0.000015381 0.000785280 -0.000031228 0.000015385 1.000000000 0.000488020
1.000000000 -0.000046262 0.000007433 0.000129288 0.000046261 1.000000000 0.000114641 -0.000718970 -0.000007439 -0.000114640 1.000000000 -0.001384700
1.000000000 0.000000477 -0.000065346 0.000317576 -0.000000482 1.000000000 -0.000070171 -0.000598812 0.000065345 0.000070171 1.000000000 -0.002150140
1.000000000 -0.000030071 0.000013681 0.000025100 0.000030071 1.000000000 0.000056594 -0.001421962 -0.000013683 -0.000056593 1.000000000 -0.002283456
1.000000000 0.000031876 0.000037642 0.000224810 -0.000031879 1.000000000 0.000064066 -0.000717838 -0.000037640 -0.000064068 1.000000000 0.000199982
1.000000000 -0.000064239 0.000030603 -0.000140886 0.000064236 1.000000000 0.000101014 -0.001271881 -0.000030610 -0.000101012 1.000000000 -0.002028337
1.000000000 0.000080655 0.000030665 -0.000410154 -0.000080652 1.000000000 -0.000098611 -0.000589228 -0.000030673 0.000098608 1.000000000 -0.001093368
1.000000000 -0.000080286 0.000001859 0.000444656 0.000080286 1.000000000 0.000017770 0.000492254 -0.000001860 -0.000017770 1.000000000 0.000047498
1.000000000 -0.000009800 0.000026718 -0.001481462 0.000009804 1.000000000 -0.000132449 0.000694325 -0.000026717 0.000132449 1.000000000 -0.001082915
1.000000000 0.000156009 -0.000062391 0.000497817 -0.000156018 1.000000000 -0.000128853 0.002088209 0.000062371 0.000128863 1.000000000 0.002251836
0.999999940 0.000219190 0.000113216 -0.001315940 -0.000219176 0.999999940 -0.000122680 0.002344052 -0.000113243 0.000122655 1.000000000 0.002899223
1.000000000 0.000205611 0.000027681 -0.001267670 -0.000205607 1.000000000 -0.000123399 0.001415832 -0.000027707 0.000123393 1.000000000 -0.000224738
0.999999940 0.000285329 0.000163147 -0.002214883 -0.000285311 0.999999940 -0.000111094 0.002320300 -0.000163179 0.000111047 1.000000000 0.002448349
0.999999940 0.000161439 0.000185166 -0.001486794 -0.000161419 1.000000000 -0.000106054 0.001739957 -0.000185183 0.000106024 1.000000000 0.002170228
1.000000000 0.000173727 0.000105239 -0.001476933 -0.000173720 1.000000000 -0.000068165 0.001651808 -0.000105251 0.000068146 1.000000000 0.001804302
0.999999940 0.000267433 0.000082150 -0.002021461 -0.000267427 0.999999940 -0.000071934 0.002126422 -0.000082170 0.000071912 1.000000000 0.002151367
1.000000000 0.000150100 -0.000020732 -0.000424826 -0.000150102 1.000000000 -0.000100038 0.002301431 0.000020717 0.000100041 1.000000000 0.002940995
1.000000000 0.000120692 0.000056438 -0.001269761 -0.000120688 1.000000000 -0.000077545 0.002823026 -0.000056447 0.000077538 1.000000000 0.003138508
0.999999881 0.000466454 0.000028728 -0.001590333 -0.000466453 0.999999881 -0.000051890 0.002299473 -0.000028752 0.000051877 1.000000000 0.003461013
0.999999940 0.000371053 0.000056285 -0.001315181 -0.000371048 0.999999940 -0.000101640 0.002281267 -0.000056323 0.000101619 1.000000000 0.001507311
0.999999940 0.000245980 0.000100511 -0.001933611 -0.000245968 0.999999940 -0.000119556 0.003132749 -0.000100541 0.000119531 1.000000000 0.003809502
0.999999940 0.000268347 0.000172892 -0.002399864 -0.000268345 0.999999940 -0.000010303 0.001746989 -0.000172895 0.000010257 1.000000000 0.002435667
1.000000000 0.000210654 0.000047288 -0.001304937 -0.000210650 1.000000000 -0.000079901 0.002418221 -0.000047305 0.000079891 1.000000000 0.002249050
1.000000000 0.000192316 0.000126973 -0.001937370 -0.000192294 0.999999940 -0.000175361 0.003083114 -0.000127007 0.000175337 1.000000000 0.003166456
0.999999940 0.000253633 0.000114189 -0.001068952 -0.000253623 0.999999940 -0.000086719 0.002237807 -0.000114211 0.000086690 1.000000000 0.002616852
1.000000000 0.000187613 0.000127081 -0.000898844 -0.000187595 1.000000000 -0.000145779 0.003930967 -0.000127109 0.000145755 1.000000000 0.004028897
1.000000000 0.000189372 0.000041499 -0.000174609 -0.000189363 0.999999940 -0.000229758 0.003733373 -0.000041542 0.000229750 1.000000000 0.003847878
0.999999940 0.000305297 0.000194504 -0.001168852 -0.000305277 0.999999940 -0.000101010 0.002281206 -0.000194535 0.000100950 1.000000000 0.001475571
0.999999940 0.000378520 0.000149534 -0.002434858 -0.000378485 0.999999881 -0.000233118 0.002611062 -0.000149622 0.000233062 0.999999940 0.001724282
0.999999940 0.000361531 0.000146542 -0.001467120 -0.000361501 0.999999940 -0.000202711 0.002329963 -0.000146615 0.000202658 0.999999940 0.002445651
1.000000000 0.000155310 0.000067663 -0.000553610 -0.000155303 1.000000000 -0.000112974 0.002711826 -0.000067680 0.000112964 1.000000000 0.002288986
0.999999940 0.000301374 0.000139165 -0.002078048 -0.000301356 0.999999940 -0.000132538 0.003216683 -0.000139205 0.000132496 1.000000000 0.003541364
0.999999940 0.000375858 0.000174795 -0.001873150 -0.000375847 0.999999940 -0.000066564 0.001966857 -0.000174820 0.000066498 1.000000000 0.002744388
1.000000000 0.000158762 0.000052292 0.000299889 -0.000158757 1.000000000 -0.000086880 0.003330455 -0.000052306 0.000086871 1.000000000 0.003304821
1.000000000 0.000106271 0.000034114 -0.000196424 -0.000106265 1.000000000 -0.000169422 0.002127555 -0.000034132 0.000169418 1.000000000 0.004383445
0.999999940 0.000390673 0.000099568 0.001449727 -0.000390611 0.999999762 -0.000619059 -0.000364051 -0.000099810 0.000619020 0.999999821 0.052725628
0.999999881 0.000418234 0.000080606 -0.000069982 -0.000418142 0.999999285 -0.001145154 -0.003151834 -0.000081085 0.001145120 0.999999344 0.139057994
0.999999940 0.000245586 0.000120093 0.002755546 -0.000245414 0.999998927 -0.001430901 -0.008124623 -0.000120444 0.001430872 0.999998987 0.251027614
0.999999881 0.000501041 0.000013892 0.008453324 -0.000501026 0.999999285 -0.001082638 -0.011766394 -0.000014435 0.001082630 0.999999404 0.382936060
0.999999881 0.000254508 0.000340254 0.006633627 -0.000254183 0.999999523 -0.000954186 -0.013613250 -0.000340496 0.000954099 0.999999464 0.535931408
1.000000000 -0.000167116 -0.000035258 0.012910947 0.000167083 0.999999523 -0.000932802 -0.022685267 0.000035414 0.000932796 0.999999583 0.682124496
0.999999821 0.000418759 0.000449772 0.013940009 -0.000418590 0.999999821 -0.000375232 -0.025977409 -0.000449929 0.000375044 0.999999821 0.842409611
0.999997735 -0.000291119 0.002103217 -0.013662081 0.000290358 0.999999881 0.000362149 -0.043653514 -0.002103322 -0.000361537 0.999997735 1.041553855
0.999998212 0.000086759 0.001870810 -0.008543832 -0.000087336 0.999999940 0.000308422 -0.046300858 -0.001870783 -0.000308585 0.999998271 1.220263481
0.999997854 0.000196543 0.002074600 -0.005384545 -0.000197895 0.999999881 0.000651738 -0.051217951 -0.002074471 -0.000652147 0.999997616 1.404217005
0.999997914 0.000490103 0.002011049 -0.001593329 -0.000491954 0.999999464 0.000919965 -0.055577699 -0.002010597 -0.000920953 0.999997497 1.597608209
0.999997616 0.000112329 0.002185896 0.002797888 -0.000114349 0.999999583 0.000923620 -0.062716417 -0.002185791 -0.000923868 0.999997139 1.800023317
0.999996006 -0.000006274 0.002834577 -0.007603836 0.000001900 0.999998808 0.001543058 -0.077637024 -0.002834583 -0.001543047 0.999994814 1.971852303
0.999996305 -0.000336773 0.002712752 -0.000829967 0.000332401 0.999998689 0.001611886 -0.084419727 -0.002713291 -0.001610978 0.999995053 2.181398869
0.999996006 -0.000743336 0.002757773 0.009506556 0.000738122 0.999997914 0.001891100 -0.089897759 -0.002759173 -0.001889057 0.999994457 2.403184414
0.999996781 -0.000522496 0.002489891 0.016303068 0.000517751 0.999998033 0.001905661 -0.097504362 -0.002490882 -0.001904366 0.999995112 2.628316164
0.999994457 -0.000227016 0.003316579 0.003795221 0.000219395 0.999997318 0.002297936 -0.114149719 -0.003317092 -0.002297195 0.999991834 2.854815006
0.999993205 -0.000116217 0.003701216 0.004338505 0.000107467 0.999997139 0.002364158 -0.118957698 -0.003701481 -0.002363744 0.999990344 3.096049070
0.999994934 -0.000168457 0.003162713 0.020087224 0.000160358 0.999996662 0.002561041 -0.124324068 -0.003163134 -0.002560521 0.999991655 3.331251860
0.999993861 -0.000007860 0.003512983 0.020119973 -0.000000948 0.999996901 0.002507129 -0.133519828 -0.003512992 -0.002507117 0.999990702 3.599688292
0.999992669 0.000546173 0.003795352 0.011811232 -0.000555189 0.999997020 0.002374951 -0.146334171 -0.003794044 -0.002377041 0.999989986 3.831978321
0.999992549 0.000386133 0.003827835 0.020420751 -0.000395766 0.999996722 0.002516156 -0.151690453 -0.003826851 -0.002517652 0.999989510 4.092965603
0.999991775 0.000458142 0.004029139 0.027501419 -0.000468740 0.999996424 0.002629760 -0.157333598 -0.004027919 -0.002631627 0.999988496 4.348598480
0.999990463 0.000391906 0.004341601 0.029493064 -0.000402172 0.999997079 0.002363877 -0.160536602 -0.004340662 -0.002365601 0.999987841 4.609045982
0.999992311 0.000373566 0.003924520 0.038635664 -0.000383947 0.999996483 0.002644706 -0.175345227 -0.003923518 -0.002646192 0.999988794 4.858590603
0.999988854 0.001283437 0.004567957 0.031811245 -0.001296247 0.999995172 0.002802299 -0.185419559 -0.004564340 -0.002808188 0.999985635 5.120326042
0.999986112 0.001580758 0.005030802 0.036274225 -0.001593219 0.999995708 0.002473958 -0.190063700 -0.005026869 -0.002481938 0.999984264 5.381979465
0.999986947 0.001726808 0.004793879 0.042990185 -0.001739869 0.999994814 0.002721746 -0.199146345 -0.004789154 -0.002730052 0.999984801 5.657154083
0.999991059 0.000381335 0.004189941 0.057549261 -0.000392545 0.999996364 0.002675055 -0.208674058 -0.004188905 -0.002676676 0.999987662 5.928535461
0.999990165 0.000259973 0.004430049 0.066779718 -0.000271015 0.999996901 0.002492166 -0.212238908 -0.004429387 -0.002493343 0.999987066 6.216796875
0.999987304 0.000871635 0.004946494 0.058654316 -0.000887286 0.999994576 0.003162635 -0.230121493 -0.004943710 -0.003166985 0.999982774 6.477576256
0.999987662 0.001138948 0.004824702 0.064733967 -0.001153278 0.999994874 0.002968433 -0.236147791 -0.004821296 -0.002973961 0.999983966 6.769474506
0.999985993 0.001727760 0.005026063 0.062328368 -0.001743795 0.999993384 0.003187671 -0.246535093 -0.005020523 -0.003196390 0.999982297 7.066246510
0.999986529 0.001582422 0.004948952 0.069414690 -0.001599286 0.999992847 0.003405435 -0.255349249 -0.004943528 -0.003413304 0.999981999 7.364532948
0.999986351 0.001049732 0.005132824 0.078771353 -0.001070230 0.999991477 0.003992440 -0.272547692 -0.005128589 -0.003997878 0.999978900 7.648206711
0.999985516 0.001363236 0.005223644 0.087951556 -0.001381848 0.999992669 0.003560905 -0.274741679 -0.005218752 -0.003568072 0.999980032 7.999329567
0.999983430 0.002067469 0.005378155 0.082010120 -0.002089667 0.999989331 0.004125132 -0.295484364 -0.005369569 -0.004136302 0.999977052 8.294632912
0.999984622 0.001713588 0.005266515 0.093242541 -0.001734175 0.999990821 0.003907009 -0.301041394 -0.005259772 -0.003916082 0.999978483 8.623515129
0.999985158 0.001544337 0.005232114 0.099698126 -0.001566465 0.999989867 0.004227780 -0.305761606 -0.005225533 -0.004235913 0.999977410 8.969291687
0.999983907 0.002195013 0.005235954 0.106541149 -0.002217612 0.999988198 0.004314243 -0.320606351 -0.005226423 -0.004325784 0.999977052 9.301002502
0.999974728 0.003475459 0.006190171 0.090934418 -0.003503710 0.999983430 0.004558883 -0.342451662 -0.006174224 -0.004580457 0.999970376 9.602620125
0.999977469 0.003476372 0.005737264 0.106672905 -0.003502387 0.999983609 0.004530557 -0.350758135 -0.005721420 -0.004550549 0.999973297 9.958081245
0.999978304 0.002829480 0.005940198 0.114629604 -0.002853047 0.999988079 0.003962716 -0.355305910 -0.005928914 -0.003979579 0.999974549 10.317588806
0.999977529 0.002945936 0.006018136 0.126642108 -0.002968570 0.999988556 0.003755490 -0.361883074 -0.006007003 -0.003773272 0.999974847 10.675219536
0.999979138 0.002284133 0.006038885 0.140702561 -0.002308727 0.999989092 0.004068850 -0.364694268 -0.006029525 -0.004082707 0.999973476 11.039744377
0.999975383 0.002266968 0.006641550 0.119930908 -0.002302233 0.999983251 0.005306814 -0.410311997 -0.006629408 -0.005321975 0.999963820 11.418011665
0.999977052 0.002543334 0.006282885 0.132760733 -0.002576000 0.999983132 0.005196570 -0.415708333 -0.006269562 -0.005212635 0.999966800 11.799733162
0.999968529 0.003342950 0.007184718 0.138121426 -0.003380824 0.999980330 0.005265789 -0.427815288 -0.007166974 -0.005289915 0.999960303 12.185418129
0.999976099 0.001878205 0.006650718 0.161302328 -0.001916834 0.999981225 0.005806739 -0.441892087 -0.006639687 -0.005819348 0.999961019 12.558730125
0.999973595 0.002328934 0.006885003 0.170692489 -0.002369270 0.999980032 0.005856133 -0.443325043 -0.006871228 -0.005872291 0.999959171 12.965148926
0.999973476 0.002546677 0.006821161 0.159968749 -0.002587183 0.999979019 0.005936010 -0.472678989 -0.006805900 -0.005953501 0.999959111 13.333196640
0.999974191 0.002669908 0.006673623 0.173763275 -0.002709721 0.999978542 0.005963769 -0.479726702 -0.006657557 -0.005981699 0.999959946 13.751754761
0.999971092 0.002983271 0.006983680 0.180970117 -0.003025085 0.999977469 0.005984556 -0.484861821 -0.006965669 -0.006005509 0.999957740 14.183305740
0.999970436 0.002836091 0.007140391 0.194966465 -0.002876641 0.999979734 0.005675219 -0.496124715 -0.007124151 -0.005695591 0.999958396 14.594863892
0.999968588 0.003181404 0.007261423 0.194810480 -0.003227545 0.999974608 0.006351428 -0.523041666 -0.007241033 -0.006374665 0.999953449 15.018140793
0.999968112 0.003159008 0.007336393 0.209410071 -0.003207083 0.999973416 0.006550394 -0.533965647 -0.007315506 -0.006573713 0.999951661 15.460222244
0.999965429 0.002839946 0.007813137 0.213317990 -0.002890478 0.999974906 0.006463853 -0.538015962 -0.007794583 -0.006486214 0.999948561 15.913532257
0.999966025 0.002895895 0.007715307 0.234122306 -0.002949431 0.999971628 0.006936472 -0.550188422 -0.007695000 -0.006958993 0.999946117 16.329998016
0.999955654 0.002699568 0.009017617 0.217702329 -0.002768726 0.999966800 0.007665435 -0.594681144 -0.008996624 -0.007690063 0.999929905 16.743803024
0.999953091 0.002422532 0.009377172 0.234147519 -0.002497777 0.999964774 0.008020858 -0.608872235 -0.009357410 -0.008043904 0.999923885 17.205425262
0.999948621 0.002762764 0.009758536 0.244058192 -0.002839900 0.999964774 0.007899456 -0.615523398 -0.009736368 -0.007926763 0.999921143 17.672067642
0.999955952 0.001621379 0.009245723 0.267952561 -0.001690348 0.999970853 0.007456700 -0.621162415 -0.009233362 -0.007472001 0.999929428 18.138971329
0.999951601 0.002783837 0.009438009 0.271579921 -0.002852793 0.999969304 0.007300640 -0.631783545 -0.009417395 -0.007327211 0.999928772 18.601591110
0.999946535 0.002014392 0.010142137 0.256428957 -0.002102954 0.999959707 0.008729180 -0.685092449 -0.010124146 -0.008750044 0.999910414 19.024263382
0.999942958 0.002241326 0.010437095 0.270870566 -0.002330825 0.999960542 0.008570920 -0.692486584 -0.010417474 -0.008594759 0.999908805 19.505790710
0.999939322 0.002834893 0.010641118 0.275709957 -0.002930368 0.999955595 0.008967361 -0.700030565 -0.010615222 -0.008998001 0.999903202 20.002824783
0.999942839 0.002099008 0.010474966 0.298064679 -0.002190073 0.999959886 0.008689780 -0.711159766 -0.010456307 -0.008712227 0.999907374 20.505132675
0.999938667 0.002509103 0.010786649 0.256664336 -0.002613643 0.999949574 0.009688491 -0.760055065 -0.010761796 -0.009716088 0.999894857 20.931798935
0.999939501 0.002375936 0.010743724 0.269821614 -0.002476209 0.999953330 0.009329459 -0.762610912 -0.010721057 -0.009355497 0.999898732 21.440940857
0.999949157 0.002294871 0.009818431 0.280853450 -0.002390708 0.999949455 0.009760292 -0.774533272 -0.009795536 -0.009783268 0.999904156 21.953468323
0.999944150 0.002853002 0.010179779 0.283288538 -0.002950775 0.999949515 0.009602621 -0.776427209 -0.010151868 -0.009632122 0.999902070 22.449703217
0.999943495 0.004105583 0.009803818 0.299851060 -0.004198285 0.999946475 0.009453944 -0.793785453 -0.009764478 -0.009494568 0.999907196 22.969470978
0.999952435 0.003119022 0.009235801 0.284548938 -0.003213278 0.999942720 0.010208374 -0.831081986 -0.009203431 -0.010237566 0.999905229 23.517259598
0.999960661 0.002174441 0.008600323 0.301990956 -0.002261522 0.999946117 0.010128664 -0.841732740 -0.008577835 -0.010147715 0.999911726 24.051132202
0.999958813 0.003110986 0.008527713 0.312106431 -0.003199512 0.999940872 0.010387094 -0.844400823 -0.008494895 -0.010413950 0.999909639 24.594745636
0.999967277 0.003571308 0.007256537 0.339073420 -0.003647625 0.999937832 0.010531169 -0.847653210 -0.007218476 -0.010557294 0.999918163 25.128465652
0.999960184 0.004391219 0.007765430 0.307884574 -0.004476773 0.999929070 0.011034315 -0.886806846 -0.007716426 -0.011068640 0.999908984 25.690362930
0.999965847 0.004363017 0.007012007 0.325006008 -0.004434568 0.999937952 0.010221048 -0.887614012 -0.006966977 -0.010251794 0.999923229 26.257192612
0.999959528 0.004998735 0.007474571 0.330913007 -0.005078656 0.999929726 0.010711806 -0.896341205 -0.007420500 -0.010749334 0.999914706 26.807027817
0.999963701 0.005211812 0.006747027 0.344466925 -0.005284290 0.999927998 0.010769154 -0.905797720 -0.006690415 -0.010804416 0.999919236 27.352849960
0.999957860 0.006445684 0.006530537 0.356642038 -0.006520962 0.999911726 0.011572023 -0.919847667 -0.006455372 -0.011614121 0.999911726 27.900005341
0.999960840 0.006359916 0.006169172 0.351884782 -0.006429017 0.999916077 0.011246439 -0.950416327 -0.006097129 -0.011285659 0.999917746 28.450654984
0.999959648 0.006783976 0.005899569 0.369400501 -0.006849879 0.999913514 0.011223347 -0.958385944 -0.005822920 -0.011263303 0.999919653 29.010536194
0.999959111 0.006647338 0.006119369 0.374779969 -0.006714715 0.999916315 0.011056613 -0.965180039 -0.006045360 -0.011097251 0.999920189 29.543687820
0.999963164 0.006733410 0.005322070 0.389028072 -0.006794000 0.999911427 0.011449922 -0.980715036 -0.005244502 -0.011485658 0.999920309 30.084850311
0.999955535 0.007153835 0.006136516 0.351388872 -0.007229011 0.999898016 0.012317237 -1.015630007 -0.006047774 -0.012361051 0.999905288 30.595939636
0.999954641 0.007341816 0.006057123 0.362759411 -0.007416996 0.999894619 0.012484181 -1.022671819 -0.005964827 -0.012528541 0.999903738 31.152629852
0.999959648 0.007025323 0.005607094 0.376899838 -0.007094617 0.999897540 0.012435525 -1.026237249 -0.005519155 -0.012474802 0.999906898 31.702255249
0.999968171 0.006237819 0.004976232 0.390048265 -0.006298358 0.999905348 0.012243913 -1.048010349 -0.004899385 -0.012274866 0.999912679 32.237457275
0.999965727 0.006814301 0.004696091 0.395931572 -0.006871909 0.999899983 0.012362206 -1.057965636 -0.004611381 -0.012394055 0.999912560 32.783252716
0.999963522 0.006920458 0.004996675 0.403597593 -0.006982322 0.999897897 0.012471603 -1.070975065 -0.004909855 -0.012506036 0.999909818 33.324981689
0.999968886 0.006243932 0.004807205 0.399140298 -0.006304721 0.999899030 0.012735695 -1.098857522 -0.004727198 -0.012765607 0.999907315 33.895530701
0.999970734 0.006211296 0.004445015 0.412277341 -0.006266834 0.999901056 0.012591673 -1.105962992 -0.004366365 -0.012619161 0.999910831 34.439479828
0.999967575 0.006939719 0.004085958 0.418412566 -0.006990470 0.999896944 0.012540218 -1.117883563 -0.003998511 -0.012568373 0.999913037 34.968074799
0.999971688 0.006544261 0.003716327 0.444799572 -0.006590656 0.999898732 0.012612278 -1.123376369 -0.003633412 -0.012636412 0.999913514 35.517974854
0.999969006 0.006133551 0.004940872 0.410634130 -0.006202729 0.999881208 0.014110061 -1.164017916 -0.004853741 -0.014140272 0.999888182 36.065906525
0.999971390 0.006023775 0.004580258 0.423521578 -0.006087030 0.999884605 0.013924269 -1.170290112 -0.004495853 -0.013951751 0.999892533 36.622055054
0.999974608 0.005726213 0.004250293 0.438892424 -0.005781834 0.999896228 0.013191864 -1.173556089 -0.004174314 -0.013216102 0.999903977 37.174575806
0.999967813 0.006590553 0.004607414 0.432177007 -0.006653703 0.999882281 0.013827861 -1.203915119 -0.004515740 -0.013858072 0.999893725 37.694568634
0.999970317 0.006612536 0.003963305 0.448643416 -0.006668725 0.999875009 0.014335752 -1.215458155 -0.003868014 -0.014361756 0.999889374 38.237060547
0.999966800 0.006861436 0.004407291 0.457181126 -0.006917798 0.999892831 0.012903193 -1.208754539 -0.004318285 -0.012933252 0.999907017 38.806034088
0.999962509 0.007194092 0.004818489 0.449440211 -0.007261817 0.999872983 0.014188278 -1.234333277 -0.004715806 -0.014222736 0.999887705 39.300506592
0.999964595 0.007294338 0.004202467 0.463801771 -0.007352939 0.999873579 0.014102024 -1.241686821 -0.004099071 -0.014132424 0.999891698 39.852577209
0.999969244 0.006951638 0.003616202 0.490406156 -0.007002111 0.999875486 0.014137031 -1.253226280 -0.003517476 -0.014161916 0.999893486 40.389827728
0.999963343 0.007212600 0.004633565 0.474176586 -0.007278095 0.999871552 0.014276773 -1.280684233 -0.004530000 -0.014309972 0.999887288 40.908874512
0.999957502 0.007938319 0.004689992 0.489034355 -0.008004797 0.999865294 0.014329837 -1.281494379 -0.004575606 -0.014366771 0.999886274 41.456790924
0.999957681 0.007751314 0.004947700 0.486240506 -0.007826700 0.999850750 0.015403606 -1.304595709 -0.004827563 -0.015441678 0.999869168 42.001895905
0.999964416 0.006523249 0.005333360 0.479713261 -0.006604691 0.999859631 0.015398109 -1.319291830 -0.005232166 -0.015432788 0.999867201 42.503791809
0.999962986 0.006765299 0.005317610 0.487940133 -0.006844654 0.999863327 0.015049399 -1.326373577 -0.005215071 -0.015085240 0.999872625 43.055763245
0.999967396 0.006286043 0.005067100 0.508110344 -0.006362337 0.999864519 0.015184290 -1.336884975 -0.004970965 -0.015216034 0.999871850 43.591812134
0.999958992 0.007180939 0.005513777 0.493970454 -0.007262685 0.999861777 0.014951844 -1.345187426 -0.005405648 -0.014991274 0.999872983 44.128307343
0.999955535 0.007313833 0.005954447 0.506283522 -0.007401663 0.999862075 0.014864236 -1.347645998 -0.005844912 -0.014907647 0.999871731 44.685623169
0.999960840 0.006835578 0.005636403 0.522374153 -0.006919011 0.999864697 0.014918214 -1.358505845 -0.005533667 -0.014956625 0.999872744 45.231582642
0.999941647 0.008622527 0.006506278 0.494694650 -0.008717323 0.999854088 0.014685106 -1.377416849 -0.006378707 -0.014740966 0.999871016 45.735481262
0.999940038 0.008686851 0.006669843 0.504945755 -0.008781834 0.999858499 0.014346223 -1.381126046 -0.006544275 -0.014403936 0.999874890 46.284542084
0.999942482 0.008794769 0.006143021 0.525888324 -0.008884150 0.999852836 0.014677516 -1.393418074 -0.006013032 -0.014731247 0.999873459 46.817028046
0.999940455 0.008602547 0.006703227 0.483518362 -0.008701717 0.999850988 0.014908671 -1.418281794 -0.006573976 -0.014966115 0.999866307 47.345867157
0.999945998 0.008286771 0.006271190 0.499661684 -0.008377505 0.999858439 0.014582832 -1.423630953 -0.006149459 -0.014634580 0.999873996 47.891548157
0.999934196 0.009163414 0.006898426 0.512087822 -0.009258266 0.999861181 0.013845752 -1.423140407 -0.006770594 -0.013908708 0.999880314 48.447921753
0.999954998 0.007610873 0.005664207 0.537933052 -0.007689470 0.999872625 0.013986030 -1.431318760 -0.005557040 -0.014028954 0.999886155 48.995967865
0.999925971 0.008943052 0.008244843 0.474554896 -0.009082288 0.999814093 0.017007936 -1.515252113 -0.008091207 -0.017081559 0.999821365 49.492938995
0.999925733 0.008998961 0.008219338 0.483990997 -0.009142250 0.999803960 0.017565303 -1.523180485 -0.008059657 -0.017639142 0.999811947 50.032951355
0.999926150 0.008785196 0.008392481 0.497296870 -0.008926245 0.999816954 0.016919773 -1.529710174 -0.008242301 -0.016993433 0.999821663 50.562458038
0.999920964 0.009015610 0.008763374 0.506481886 -0.009159747 0.999821186 0.016549220 -1.530416012 -0.008612604 -0.016628182 0.999824643 51.139732361
0.999913633 0.009521329 0.009052061 0.483189136 -0.009684166 0.999788880 0.018118652 -1.569129229 -0.008877637 -0.018204747 0.999794841 51.615779877
0.999910593 0.009311452 0.009591710 0.498450756 -0.009479078 0.999800503 0.017581239 -1.570387840 -0.009426090 -0.017670589 0.999799371 52.168529510
0.999909699 0.009653517 0.009345095 0.503289759 -0.009821448 0.999788046 0.018093910 -1.585704565 -0.009168444 -0.018184060 0.999792576 52.690078735
0.999905646 0.010269473 0.009131034 0.516277969 -0.010435721 0.999777138 0.018349675 -1.594868541 -0.008940558 -0.018443232 0.999789953 53.237548828
0.999909043 0.009412522 0.009660302 0.513814509 -0.009591369 0.999780238 0.018637236 -1.616814852 -0.009482756 -0.018728195 0.999779642 53.767570496
0.999902606 0.009864742 0.009879382 0.527436614 -0.010046124 0.999778688 0.018481558 -1.620722294 -0.009694883 -0.018579008 0.999780357 54.300777435
0.999903560 0.009779027 0.009874209 0.544017434 -0.009957355 0.999785304 0.018175380 -1.623959303 -0.009694352 -0.018271945 0.999786079 54.864334106
0.999896646 0.010106936 0.010222185 0.534279168 -0.010293856 0.999777675 0.018401679 -1.646245003 -0.010033930 -0.018505005 0.999778330 55.345478058
0.999892533 0.010723495 0.009994119 0.545762956 -0.010905007 0.999773264 0.018287845 -1.649594903 -0.009795745 -0.018394867 0.999782741 55.894428253
0.999901116 0.010188237 0.009683894 0.573121846 -0.010364270 0.999778688 0.018304655 -1.658201456 -0.009495258 -0.018403210 0.999785542 56.455387115
0.999883592 0.010655996 0.010921604 0.546492517 -0.010870413 0.999745548 0.019764539 -1.692298770 -0.010708216 -0.019880962 0.999744952 56.937229156
0.999887586 0.010479660 0.010720716 0.563787401 -0.010685648 0.999755800 0.019340752 -1.696560264 -0.010515413 -0.019453134 0.999755442 57.481437683
0.999870181 0.011645346 0.011140749 0.578579783 -0.011857279 0.999746263 0.019150041 -1.691293597 -0.010914915 -0.019279651 0.999754548 58.048904419
0.999876678 0.010627111 0.011560776 0.565347850 -0.010855876 0.999742866 0.019908544 -1.712542295 -0.011346235 -0.020031592 0.999734879 58.518665314
0.999863803 0.010807807 0.012463783 0.578919411 -0.011052263 0.999744534 0.019714136 -1.722388268 -0.012247533 -0.019849202 0.999727964 59.056255341
0.999876261 0.010536945 0.011680246 0.590605676 -0.010766820 0.999746084 0.019795453 -1.732005954 -0.011468698 -0.019918766 0.999735773 59.583061218
0.999871790 0.010795059 0.011825812 0.607526720 -0.011023118 0.999751151 0.019392582 -1.727705359 -0.011613525 -0.019520456 0.999741971 60.146198273
0.999862015 0.011504571 0.011984183 0.611263156 -0.011735916 0.999742627 0.019416347 -1.745761752 -0.011757721 -0.019554313 0.999739647 60.657855988
0.999859691 0.011092714 0.012556880 0.631682217 -0.011329392 0.999756515 0.018936964 -1.744826674 -0.012343759 -0.019076565 0.999741852 61.209388733
0.999842942 0.011759387 0.013261831 0.636541486 -0.012015630 0.999739468 0.019410545 -1.755247474 -0.013030119 -0.019566845 0.999723613 61.747856140
0.999846637 0.011964971 0.012789129 0.646052241 -0.012213855 0.999733984 0.019563068 -1.768863082 -0.012551657 -0.019716272 0.999726772 62.248069763
0.999827921 0.013028120 0.013203137 0.658149242 -0.013290264 0.999712348 0.019965615 -1.774663210 -0.012939223 -0.020137653 0.999713480 62.795658112
0.999837577 0.012543169 0.012940495 0.683035970 -0.012798795 0.999720752 0.019864140 -1.780544281 -0.012687724 -0.020026537 0.999718904 63.347354889
0.999825358 0.012922919 0.013498667 0.662405968 -0.013193775 0.999709427 0.020172719 -1.812265754 -0.013234054 -0.020347293 0.999705374 63.855384827
0.999829590 0.012705500 0.013386571 0.683637142 -0.012964468 0.999726951 0.019439638 -1.811101913 -0.013135924 -0.019609876 0.999721467 64.402580261
0.999821305 0.012660559 0.014039198 0.696999550 -0.012931615 0.999728322 0.019387512 -1.816152692 -0.013789928 -0.019565595 0.999713480 64.951362610
0.999795318 0.013366164 0.015186166 0.673747540 -0.013676841 0.999695420 0.020541675 -1.842011690 -0.014906977 -0.020745171 0.999673665 65.459640503
0.999793530 0.013162464 0.015477362 0.685567439 -0.013468713 0.999712110 0.019852055 -1.840330839 -0.015211605 -0.020056417 0.999683142 66.010513306
0.999789774 0.012932031 0.015906397 0.704330981 -0.013247257 0.999714732 0.019874552 -1.849662662 -0.015644839 -0.020081094 0.999675930 66.544952393
0.999769688 0.014269154 0.016030176 0.700285137 -0.014604009 0.999673367 0.020969838 -1.875261307 -0.015725719 -0.021199111 0.999651611 67.053726196
0.999784708 0.013792710 0.015501078 0.724109590 -0.014115731 0.999681354 0.020926047 -1.878273368 -0.015207512 -0.021140350 0.999660909 67.598220825
0.999750853 0.015015751 0.016513657 0.734496951 -0.015364329 0.999657393 0.021188252 -1.890301347 -0.016189842 -0.021436693 0.999639094 68.131896973
0.999737978 0.015725132 0.016632855 0.718289256 -0.016070522 0.999653637 0.020839689 -1.891764641 -0.016299387 -0.021101527 0.999644458 68.648445129
0.999698937 0.017361419 0.017339323 0.730444074 -0.017708268 0.999642015 0.020054432 -1.888011217 -0.016984943 -0.020355441 0.999648511 69.188644409
0.999699533 0.017048582 0.017603070 0.750892222 -0.017403863 0.999643862 0.020230895 -1.899862528 -0.017251890 -0.020531181 0.999640346 69.738723755
0.999724329 0.016032133 0.017150212 0.759074569 -0.016385883 0.999651670 0.020688970 -1.908843994 -0.016812548 -0.020964287 0.999638855 70.258590698
0.999728560 0.015464300 0.017424954 0.776845574 -0.015822316 0.999662638 0.020599123 -1.911305189 -0.017100524 -0.020869233 0.999635994 70.808914185
0.999703526 0.016441941 0.017960170 0.792075813 -0.016805118 0.999653518 0.020261034 -1.913689375 -0.017620815 -0.020556850 0.999633372 71.324905396
0.999713421 0.016218890 0.017602522 0.800229967 -0.016581893 0.999648631 0.020676309 -1.928467631 -0.017260991 -0.020962268 0.999631166 71.846855164
0.999696732 0.016593684 0.018196059 0.814112544 -0.016973166 0.999637425 0.020903049 -1.933499694 -0.017842604 -0.021205556 0.999615848 72.392684937
0.999687314 0.017185582 0.018159272 0.832294881 -0.017572749 0.999616981 0.021380775 -1.943047047 -0.017784875 -0.021693202 0.999606431 72.932434082
0.999717295 0.016107513 0.017489735 0.873720169 -0.016466225 0.999652982 0.020563366 -1.946282625 -0.017152440 -0.020845542 0.999635577 73.436813354
0.999683678 0.017086841 0.018455401 0.848659337 -0.017475909 0.999623954 0.021129983 -1.959727287 -0.018087417 -0.021445822 0.999606371 73.952163696
0.999695837 0.016652022 0.018189352 0.872252941 -0.017040480 0.999625504 0.021414392 -1.965204000 -0.017825946 -0.021717835 0.999605238 74.510475159
0.999711692 0.015913207 0.017983155 0.907608986 -0.016286511 0.999650955 0.020806365 -1.963830352 -0.017645782 -0.021093249 0.999621749 75.035644531
0.999672890 0.017066108 0.019050959 0.906445801 -0.017465901 0.999626517 0.021020086 -1.966585636 -0.018685116 -0.021345954 0.999597490 75.571487427
0.999675453 0.017159365 0.018828206 0.917305291 -0.017562520 0.999615431 0.021460062 -1.993573427 -0.018452724 -0.021783769 0.999592423 76.083412170
0.999642253 0.018722683 0.019101901 0.930644393 -0.019120062 0.999600053 0.020836826 -1.988962531 -0.018704141 -0.021194601 0.999600410 76.637359619
0.999668717 0.017261989 0.019089643 0.951318383 -0.017658358 0.999627769 0.020793602 -1.996784687 -0.018723600 -0.021123808 0.999601483 77.133781433
0.999663651 0.017697208 0.018958462 0.961387932 -0.018092364 0.999618292 0.020878540 -2.005389214 -0.018581733 -0.021214521 0.999602258 77.647628784
0.999639213 0.018617086 0.019363377 0.982657373 -0.019010402 0.999612570 0.020330667 -2.003179789 -0.018977378 -0.020691438 0.999605715 78.197731018
0.999643922 0.018552203 0.019183075 0.999892831 -0.018933602 0.999622762 0.019895306 -2.003379345 -0.018806735 -0.020251425 0.999617994 78.771835327
0.999641657 0.018453609 0.019391475 1.003671646 -0.018855495 0.999606848 0.020750567 -2.030776501 -0.019000931 -0.021108769 0.999596536 79.282775879
0.999601007 0.019371105 0.020554289 1.020445347 -0.019801507 0.999584496 0.020947032 -2.035388947 -0.020139979 -0.021345681 0.999569237 79.834838867
0.999586821 0.018635374 0.021885358 1.051066637 -0.019088002 0.999604404 0.020658294 -2.038231373 -0.021491723 -0.021067506 0.999546945 80.382179260
0.999570906 0.018492980 0.022715043 1.058117867 -0.018939365 0.999628544 0.019596191 -2.031894684 -0.022344215 -0.020017989 0.999549925 80.965698242
0.999505877 0.019108213 0.024956174 1.072018147 -0.019619420 0.999599338 0.020402493 -2.042262077 -0.024556318 -0.020882037 0.999480367 81.512405396
0.999452174 0.019035419 0.027073476 1.110604286 -0.019572904 0.999613822 0.019728377 -2.037015915 -0.026687482 -0.020247474 0.999438763 82.100654602
0.999305606 0.018668180 0.032245435 1.101975679 -0.019343007 0.999597669 0.020744242 -2.048163652 -0.031845208 -0.021353563 0.999264598 82.570014954
0.999210358 0.017824758 0.035506405 1.140039802 -0.018558895 0.999618530 0.020455085 -2.052371264 -0.035128254 -0.021097895 0.999159992 83.116401672
0.999060750 0.017577615 0.039606601 1.178861380 -0.018409882 0.999615192 0.020747537 -2.063944817 -0.039226674 -0.021457201 0.998999894 83.632995605
0.998782992 0.018644808 0.045660879 1.218252897 -0.019561168 0.999614477 0.019704923 -2.054430485 -0.045275882 -0.020574125 0.998762608 84.186149597
0.998541832 0.018346878 0.050772060 1.248874903 -0.019317124 0.999638796 0.018685425 -2.039836884 -0.050410900 -0.019638946 0.998535454 84.740608215
0.998200417 0.018284068 0.057109721 1.295525789 -0.019414911 0.999625027 0.019309422 -2.048217058 -0.056735251 -0.020383455 0.998181164 85.286613464
0.997734308 0.017288350 0.065019332 1.353304863 -0.018539691 0.999653339 0.018691741 -2.050634861 -0.064673647 -0.019854827 0.997708917 85.825492859
0.997142315 0.018038400 0.073360555 1.401269436 -0.019404734 0.999650478 0.017954988 -2.044738293 -0.073011033 -0.019327221 0.997143865 86.382690430
0.996603370 0.017964421 0.080367900 1.461947441 -0.019424945 0.999659479 0.017428143 -2.045653343 -0.080027446 -0.018930089 0.996612906 86.929954529
0.995762646 0.018042121 0.090173982 1.523651123 -0.019694891 0.999653339 0.017472569 -2.052694798 -0.089827485 -0.019174499 0.995772719 87.481063843
0.994883120 0.017444093 0.099514998 1.603845596 -0.019204086 0.999675155 0.016755220 -2.053029060 -0.099190392 -0.018580580 0.994894981 88.010597229
0.993931413 0.017475722 0.108604565 1.673776627 -0.019454598 0.999662936 0.017188082 -2.056841850 -0.108267583 -0.019196631 0.993936479 88.559089661
0.993136585 0.016477779 0.115794018 1.757959366 -0.018516932 0.999691427 0.016556554 -2.059103966 -0.115485474 -0.018587068 0.993135214 89.097000122
0.991971791 0.016533885 0.125373974 1.843103409 -0.018687965 0.999696910 0.016024550 -2.054393291 -0.125071049 -0.018238887 0.991980076 89.621887207
0.990549564 0.016790077 0.136123925 1.938053131 -0.019127563 0.999690890 0.015881939 -2.060392857 -0.135815188 -0.018335566 0.990564525 90.169853210
0.989219844 0.016127376 0.145547271 2.038737297 -0.018526487 0.999713719 0.015142921 -2.062268734 -0.145261392 -0.017676160 0.989235401 90.725715637
0.987484038 0.015795702 0.156926036 2.150238991 -0.018422211 0.999713302 0.015296782 -2.076178312 -0.156639427 -0.017996252 0.987491906 91.229400635
0.985491037 0.015830303 0.168987498 2.246194839 -0.018610226 0.999716103 0.014879221 -2.068454742 -0.168704003 -0.017808236 0.985505819 91.738891602
0.983448923 0.015836682 0.180492803 2.359074593 -0.018869728 0.999707937 0.015099510 -2.077191353 -0.180200994 -0.018255444 0.983460426 92.281555176
0.981629074 0.015001085 0.190208241 2.490576744 -0.018010439 0.999738395 0.014102497 -2.078705311 -0.189946935 -0.017269157 0.981642485 92.829620361
0.979103982 0.014346734 0.202853665 2.621801376 -0.017523907 0.999750078 0.013874898 -2.086408377 -0.202603951 -0.017139753 0.979110777 93.313148499
0.976450026 0.014049684 0.215285659 2.763530731 -0.017391453 0.999755681 0.013635982 -2.095222712 -0.215041503 -0.017058983 0.976455927 93.844734192
0.974133968 0.013962878 0.225540265 2.894468307 -0.017440543 0.999757648 0.013434078 -2.098896027 -0.225298047 -0.017020132 0.974141240 94.370475769
0.971027374 0.013500303 0.238586664 3.031679153 -0.017008653 0.999775231 0.012651994 -2.080168247 -0.238362238 -0.016343469 0.971038818 94.923011780
0.967593312 0.012958354 0.252181053 3.189626694 -0.016616853 0.999785185 0.012383099 -2.086661816 -0.251966417 -0.016172258 0.967600822 95.452880859
0.964901328 0.012080811 0.262334824 3.359231949 -0.015695462 0.999808550 0.011687644 -2.096657991 -0.262143403 -0.015394889 0.964906156 95.963150024
0.962231994 0.010338260 0.272034407 3.553419113 -0.013908789 0.999840498 0.011200324 -2.114420891 -0.271875203 -0.014560980 0.962222338 96.437187195
0.958064675 0.011707236 0.286312759 3.690429688 -0.015870634 0.999799252 0.012225111 -2.105761528 -0.286112159 -0.016256411 0.958058238 96.880599976
0.954169631 0.011210427 0.299056232 3.874843597 -0.015414235 0.999812603 0.011701697 -2.114099026 -0.298869044 -0.015775124 0.954163849 97.409332275
0.950402379 0.011704525 0.310802728 4.064559937 -0.016241686 0.999795854 0.012014050 -2.125945568 -0.310598701 -0.016466139 0.950398564 97.926513672
0.945854783 0.010759506 0.324411690 4.260498047 -0.015240058 0.999820232 0.011273660 -2.133867502 -0.324232131 -0.015607300 0.945848763 98.439384460
0.940953135 0.009827329 0.338394105 4.467958450 -0.014428662 0.999834478 0.011084691 -2.132544518 -0.338229090 -0.015312750 0.940939307 98.978164673
0.937028110 0.010161130 0.349106073 4.660398483 -0.014844735 0.999832094 0.010743182 -2.135597706 -0.348938286 -0.015249052 0.937021613 99.391944885
0.932052493 0.009934621 0.362187147 4.878797531 -0.014748816 0.999835789 0.010529587 -2.149662733 -0.362023085 -0.015155960 0.932045877 99.911178589
0.926289141 0.009769906 0.376686752 5.098714828 -0.014595297 0.999843836 0.009958101 -2.153716564 -0.376530677 -0.014721934 0.926287234 100.412513733
0.921342909 0.009425564 0.388636500 5.323837280 -0.014624584 0.999838769 0.010421599 -2.173338413 -0.388475597 -0.015285512 0.921332240 100.929092407
0.916435301 0.008047992 0.400101721 5.568561554 -0.013101873 0.999865174 0.009897770 -2.178563118 -0.399968088 -0.014312749 0.916417241 101.427902222
0.910376072 0.008076155 0.413703293 5.804767609 -0.013185772 0.999867976 0.009496950 -2.162223101 -0.413572043 -0.014100792 0.910362244 101.859748840
0.904217541 0.007441652 0.427007377 6.063125610 -0.012538196 0.999879777 0.009125130 -2.168213844 -0.426888198 -0.013605004 0.904202163 102.358436584
0.899316788 0.006925110 0.437242895 6.318778992 -0.011946128 0.999890447 0.008734277 -2.180509090 -0.437134594 -0.013078243 0.899300992 102.817405701
0.893003583 0.007264730 0.449990958 6.588783264 -0.012776863 0.999875963 0.009213416 -2.196081877 -0.449868202 -0.013977087 0.892985582 103.319686890
0.886307836 0.007191358 0.463040650 6.901233673 -0.012503220 0.999886453 0.008403497 -2.202315331 -0.462927699 -0.013237584 0.886297226 103.905670166
0.879448414 0.007565388 0.475934029 7.096305847 -0.012758677 0.999889076 0.007681839 -2.180693388 -0.475823194 -0.012828070 0.879447401 104.319633484
0.873513639 0.007285100 0.486745179 7.386299133 -0.012718810 0.999888182 0.007859902 -2.191181660 -0.486633539 -0.013056549 0.873508692 104.803909302
0.865622103 0.007325349 0.500644267 7.686016083 -0.012942812 0.999886215 0.007748154 -2.207292080 -0.500530481 -0.013186717 0.865618467 105.279556274
