1.000000000 0.000000000 0.000000000 0.000000000 0.000000000 1.000000000 0.000000000 0.000000000 0.000000000 0.000000000 1.000000000 0.000000000
1.000000000 0.000117852 0.000110388 -0.003093870 -0.000117836 1.000000000 -0.000142991 0.003127973 -0.000110405 0.000142978 1.000000000 0.004429073
1.000000000 0.000084800 0.000018870 0.000238957 -0.000084798 1.000000000 -0.000077007 0.001937611 -0.000018876 0.000077005 1.000000000 0.004029513
1.000000000 0.000186428 0.000078909 -0.000021178 -0.000186421 1.000000000 -0.000097063 0.001927510 -0.000078927 0.000097049 1.000000000 -0.000764446
1.000000000 0.000144516 0.000006567 0.001920401 -0.000144516 1.000000000 -0.000024624 0.001465753 -0.000006570 0.000024623 1.000000000 0.000603647
1.000000000 0.000034503 -0.000019614 0.000252429 -0.000034503 1.000000000 0.000021218 0.000728159 0.000019615 -0.000021218 1.000000000 0.000154170
1.000000000 0.000102725 0.000186274 -0.005683278 -0.000102702 1.000000000 -0.000123546 0.002416261 -0.000186287 0.000123527 1.000000000 0.002265415
1.000000000 0.000012212 0.000036678 -0.000299848 -0.000012213 1.000000000 0.000046123 0.000871059 -0.000036677 -0.000046124 1.000000000 -0.000817871
0.999999940 0.000022392 0.000255550 -0.010408311 -0.000022415 1.000000000 0.000091483 0.000047252 -0.000255548 -0.000091489 0.999999940 -0.005696588
0.999999940 0.000148771 0.000199943 -0.003898276 -0.000148753 1.000000000 -0.000085932 0.000963074 -0.000199956 0.000085902 1.000000000 -0.000149634
1.000000000 0.000115935 0.000107921 0.000803827 -0.000115933 1.000000000 -0.000026438 0.000901423 -0.000107924 0.000026426 1.000000000 -0.003919893
1.000000000 0.000019075 0.000084251 -0.000458264 -0.000019072 1.000000000 -0.000036826 0.001001202 -0.000084251 0.000036825 1.000000000 -0.004697755
1.000000000 -0.000006867 0.000088559 -0.003242559 0.000006864 1.000000000 0.000036032 -0.001101585 -0.000088559 -0.000036031 1.000000000 -0.005874787
1.000000000 -0.000172923 0.000098231 -0.002051959 0.000172923 1.000000000 -0.000008286 -0.000551492 -0.000098229 0.000008303 1.000000000 0.000164958
1.000000000 -0.000004843 0.000039682 -0.000345602 0.000004844 1.000000000 -0.000011635 0.000536707 -0.000039682 0.000011635 1.000000000 -0.004169632
1.000000000 -0.000169461 -0.000087705 0.002341048 0.000169460 1.000000000 -0.000011549 0.000996279 0.000087707 0.000011534 1.000000000 -0.005957227
1.000000000 -0.000071568 0.000050475 -0.002501589 0.000071566 1.000000000 0.000025754 -0.000274315 -0.000050477 -0.000025751 1.000000000 -0.003213398
1.000000000 -0.000085794 0.000168538 -0.003884712 0.000085781 1.000000000 0.000081017 -0.001538804 -0.000168545 -0.000081002 1.000000000 -0.003728208
1.000000000 0.000026422 0.000029215 -0.000064732 -0.000026422 1.000000000 -0.000015518 0.001841065 -0.000029215 0.000015518 1.000000000 -0.005370356
1.000000000 -0.000151163 0.000015845 -0.000838200 0.000151162 1.000000000 0.000045106 -0.000593580 -0.000015852 -0.000045103 1.000000000 -0.007305244
1.000000000 -0.000049968 0.000064475 -0.000898241 0.000049968 1.000000000 0.000013065 -0.000167627 -0.000064475 -0.000013062 1.000000000 -0.006796881
1.000000000 -0.000147301 0.000043156 -0.000257018 0.000147299 1.000000000 0.000057697 -0.001831230 -0.000043165 -0.000057690 1.000000000 -0.004913531
1.000000000 0.000033772 0.000164587 -0.005060217 -0.000033763 1.000000000 -0.000054311 0.001621687 -0.000164589 0.000054305 1.000000000 0.002613997
1.000000000 -0.000056506 -0.000038014 0.000959500 0.000056507 1.000000000 0.000025398 -0.000913422 0.000038013 -0.000025400 1.000000000 -0.002810333
1.000000000 -0.000069449 0.000079123 -0.001720222 0.000069444 1.000000000 0.000062164 0.000534696 -0.000079127 -0.000062159 1.000000000 0.000936031
1.000000000 -0.000113893 -0.000063684 0.003790803 0.000113886 1.000000000 -0.000119658 0.002452224 0.000063698 0.000119651 1.000000000 -0.006169257
1.000000000 -0.000121790 0.000055259 -0.002734317 0.000121796 1.000000000 -0.000093196 0.002332652 -0.000055247 0.000093203 1.000000000 -0.000775269
1.000000000 0.000103064 0.000131956 -0.004473045 -0.000103053 1.000000000 -0.000085340 0.001628841 -0.000131964 0.000085326 1.000000000 -0.001719463
1.000000000 -0.000049631 0.000080392 -0.002942271 0.000049627 1.000000000 0.000045795 0.000973461 -0.000080394 -0.000045791 1.000000000 -0.000385893
1.000000000 -0.000163783 -0.000155811 0.002836833 0.000163786 1.000000000 0.000019101 0.002126263 0.000155808 -0.000019127 1.000000000 -0.005890630
1.000000000 -0.000049770 0.000062764 -0.002823932 0.000049769 1.000000000 0.000012113 0.001047166 -0.000062765 -0.000012110 1.000000000 0.000193965
1.000000000 -0.000137819 0.000083394 -0.003199692 0.000137805 1.000000000 0.000162548 -0.000080265 -0.000083416 -0.000162537 1.000000000 0.001906109
1.000000000 -0.000192165 0.000026247 -0.003422447 0.000192163 1.000000000 0.000081714 -0.000494534 -0.000026263 -0.000081709 1.000000000 -0.004874108
1.000000000 -0.000138065 -0.000006641 -0.001082468 0.000138066 1.000000000 0.000105529 -0.000707900 0.000006627 -0.000105529 1.000000000 -0.004965652
0.999999940 0.000149276 0.000196975 -0.004567982 -0.000149282 1.000000000 0.000030197 0.001038461 -0.000196971 -0.000030226 1.000000000 -0.000953363
1.000000000 -0.000042030 0.000165703 -0.004212855 0.000042021 1.000000000 0.000055786 0.001033000 -0.000165705 -0.000055779 1.000000000 0.000116597
1.000000000 -0.000051975 0.000121655 -0.006390417 0.000051977 1.000000000 -0.000015122 0.002348599 -0.000121654 0.000015128 1.000000000 -0.001452459
1.000000000 -0.000140323 0.000040217 -0.003424954 0.000140326 1.000000000 -0.000075500 0.002632322 -0.000040206 0.000075506 1.000000000 -0.001374891
1.000000000 -0.000215120 0.000035382 -0.003439144 0.000215118 1.000000000 0.000058862 0.000826534 -0.000035394 -0.000058854 1.000000000 -0.000513705
1.000000000 -0.000122293 -0.000032046 0.000297507 0.000122298 1.000000000 0.000155243 -0.000892110 0.000032027 -0.000155247 1.000000000 -0.006756721
0.999999940 -0.000292006 -0.000068471 -0.001438029 0.000292008 0.999999940 0.000026535 -0.000430889 0.000068464 -0.000026555 1.000000000 -0.000063985
1.000000000 0.000007981 0.000060871 0.002923419 -0.000007952 0.999999881 -0.000481005 -0.005817826 -0.000060874 0.000481004 0.999999881 0.050924957
1.000000000 0.000040941 0.000042434 0.002531344 -0.000040889 0.999999225 -0.001225781 -0.004370869 -0.000042484 0.001225779 0.999999225 0.146673083
1.000000000 0.000003436 -0.000084669 0.005275556 -0.000003559 0.999998927 -0.001448912 -0.011652362 0.000084664 0.001448913 0.999998927 0.260686249
1.000000000 -0.000036136 0.000093203 0.002967013 0.000036260 0.999999106 -0.001330312 -0.018138941 -0.000093155 0.001330315 0.999999106 0.393172830
1.000000000 -0.000006606 -0.000080994 0.004761206 0.000006508 0.999999285 -0.001210595 -0.021710547 0.000081002 0.001210595 0.999999285 0.535157919
0.999999940 0.000042521 -0.000269083 0.017228818 -0.000042826 0.999999344 -0.001132059 -0.026476344 0.000269034 0.001132071 0.999999344 0.689238310
0.999999881 -0.000357494 -0.000253506 0.023585595 0.000357344 0.999999762 -0.000594179 -0.032590568 0.000253719 0.000594088 0.999999762 0.848557055
0.999999881 -0.000312134 -0.000415298 0.029052997 0.000311859 0.999999702 -0.000663399 -0.039392460 0.000415505 0.000663270 0.999999702 1.032182336
0.999999940 -0.000079567 0.000251177 0.015248810 0.000079749 0.999999762 -0.000725286 -0.041700471 -0.000251119 0.000725306 0.999999702 1.208818913
0.999999940 -0.000387297 -0.000121478 0.035594877 0.000387241 0.999999821 -0.000458178 -0.051389322 0.000121655 0.000458131 0.999999881 1.420348763
0.999999583 -0.000423573 -0.000795482 0.048724093 0.000423386 0.999999881 -0.000235778 -0.054563921 0.000795581 0.000235441 0.999999642 1.594994664
0.999997318 0.001496848 0.001757619 0.002009959 -0.001492624 0.999996006 -0.002402284 -0.056269150 -0.001761208 0.002399655 0.999995530 1.752931833
0.999997556 0.001280482 0.001788699 0.012766517 -0.001276843 0.999997139 -0.002033988 -0.068126589 -0.001791298 0.002031699 0.999996364 1.954340219
0.999996841 0.001441127 0.002013948 0.014975640 -0.001436317 0.999996126 -0.002387275 -0.071137987 -0.002017380 0.002384375 0.999995112 2.183495760
0.999997497 0.001439681 0.001706940 0.021533687 -0.001436196 0.999996901 -0.002041244 -0.078340791 -0.001709874 0.002038787 0.999996483 2.377733707
0.999997556 0.001167587 0.001900336 0.027741149 -0.001163805 0.999997377 -0.001990400 -0.085767031 -0.001902655 0.001988184 0.999996245 2.618496180
0.999995947 0.001832514 0.002164386 0.028554950 -0.001828736 0.999996841 -0.001746036 -0.092859238 -0.002167579 0.001742071 0.999996185 2.846164942
0.999996185 0.001730603 0.002174319 0.038656298 -0.001727113 0.999997258 -0.001606108 -0.100154735 -0.002177092 0.001602346 0.999996364 3.082180977
0.999995828 0.001625130 0.002402420 0.034543294 -0.001620938 0.999997199 -0.001745865 -0.106636845 -0.002405251 0.001741963 0.999995589 3.317815542
0.999996245 0.001896511 0.001989328 0.046078935 -0.001893195 0.999996841 -0.001667089 -0.117312565 -0.001992484 0.001663316 0.999996603 3.547444344
0.999997318 0.001534426 0.001753200 0.059629224 -0.001531694 0.999997556 -0.001558720 -0.129063442 -0.001755588 0.001556031 0.999997199 3.798435688
0.999996960 0.001370604 0.002066960 0.060126901 -0.001367789 0.999998212 -0.001362644 -0.130727053 -0.002068824 0.001359812 0.999996901 4.060756683
0.999994516 0.002157677 0.002556609 0.052439727 -0.002154326 0.999996841 -0.001312626 -0.146193549 -0.002559433 0.001307111 0.999995887 4.298820019
0.999995828 0.001851006 0.002214448 0.067064941 -0.001847945 0.999997318 -0.001383668 -0.155947730 -0.002217003 0.001379570 0.999996603 4.558401108
0.999995947 0.001528439 0.002392231 0.076514922 -0.001525130 0.999997854 -0.001384369 -0.160796478 -0.002394342 0.001380715 0.999996185 4.823595047
0.999994934 0.001886683 0.002550814 0.081242181 -0.001882884 0.999997139 -0.001490985 -0.170724183 -0.002553619 0.001486174 0.999995649 5.091500282
0.999995589 0.001691145 0.002432054 0.075918913 -0.001688843 0.999998152 -0.000948244 -0.184649408 -0.002433653 0.000944133 0.999996603 5.354388714
0.999993920 0.001911628 0.002948853 0.068756759 -0.001908944 0.999997735 -0.000912602 -0.203533053 -0.002950592 0.000906967 0.999995172 5.592443943
0.999991298 0.002601051 0.003243873 0.074195653 -0.002598061 0.999996185 -0.000925472 -0.208874509 -0.003246267 0.000917037 0.999994278 5.863724709
0.999991894 0.002354015 0.003242452 0.085978344 -0.002351251 0.999996841 -0.000856161 -0.223576456 -0.003244457 0.000848530 0.999994338 6.133215904
0.999992788 0.002097020 0.003173630 0.088874698 -0.002094595 0.999997437 -0.000767327 -0.233224779 -0.003175231 0.000760674 0.999994636 6.433338642
0.999993086 0.002268775 0.002970063 0.094832569 -0.002265957 0.999996960 -0.000951866 -0.243564516 -0.002972214 0.000945129 0.999995112 6.723814964
0.999994040 0.001580984 0.003081249 0.106627949 -0.001578914 0.999998510 -0.000673790 -0.252555281 -0.003082310 0.000668921 0.999995053 7.006476879
0.999995232 0.001367391 0.002805473 0.119861111 -0.001366226 0.999998987 -0.000417077 -0.265968025 -0.002806040 0.000413242 0.999996006 7.301413536
0.999993920 0.001710192 0.003060144 0.120780811 -0.001708908 0.999998450 -0.000422269 -0.280353785 -0.003060862 0.000417037 0.999995232 7.606831074
0.999994516 0.001601494 0.002894255 0.131401673 -0.001601378 0.999998689 -0.000042412 -0.298172146 -0.002894319 0.000037777 0.999995768 7.915687084
0.999993265 0.001750204 0.003219767 0.136493504 -0.001749023 0.999998391 -0.000369889 -0.302256465 -0.003220409 0.000364255 0.999994755 8.237978935
0.999994278 0.001741243 0.002882833 0.147093922 -0.001740198 0.999998391 -0.000364852 -0.309215128 -0.002883464 0.000359833 0.999995828 8.554721832
0.999991775 0.002153272 0.003429396 0.143714279 -0.002151695 0.999997497 -0.000463477 -0.315614074 -0.003430386 0.000456094 0.999994040 8.903158188
0.999992490 0.001978017 0.003326335 0.155607730 -0.001978503 0.999998033 0.000142698 -0.333840966 -0.003326046 -0.000149278 0.999994457 9.203917503
0.999993682 0.001449715 0.003253457 0.164578825 -0.001450828 0.999998927 0.000339706 -0.345037967 -0.003252961 -0.000344425 0.999994636 9.544356346
0.999994397 0.001576112 0.002925109 0.173261613 -0.001575913 0.999998748 -0.000070445 -0.344795167 -0.002925217 0.000065835 0.999995768 9.890331268
0.999993742 0.001779800 0.003051013 0.179911152 -0.001780698 0.999998391 0.000291738 -0.366060853 -0.003050489 -0.000297169 0.999995351 10.235616684
0.999993384 0.001588657 0.003253010 0.186416268 -0.001592710 0.999997914 0.001243839 -0.387293428 -0.003251027 -0.001249012 0.999993920 10.602526665
0.999992549 0.001831943 0.003385821 0.210720763 -0.001834796 0.999997973 0.000839698 -0.394940943 -0.003384275 -0.000845904 0.999993920 10.936431885
0.999989808 0.002614479 0.003672710 0.213555932 -0.002617453 0.999996245 0.000805183 -0.407320112 -0.003670591 -0.000814788 0.999992967 11.320136070
0.999991119 0.001839371 0.003795299 0.222858638 -0.001841224 0.999998152 0.000484837 -0.410713673 -0.003794400 -0.000491821 0.999992669 11.713916779
0.999989569 0.002189679 0.004019623 0.232462481 -0.002194369 0.999996901 0.001162781 -0.433563769 -0.004017065 -0.001171590 0.999991179 12.054527283
0.999990106 0.001763327 0.004089261 0.233740360 -0.001768687 0.999997556 0.001307393 -0.452794701 -0.004086946 -0.001314613 0.999990761 12.424936295
0.999991655 0.001430071 0.003845200 0.248710379 -0.001435382 0.999997973 0.001378837 -0.461350590 -0.003843220 -0.001384345 0.999991655 12.828930855
0.999992132 0.001145732 0.003792150 0.270105571 -0.001151759 0.999998093 0.001587609 -0.474003434 -0.003790324 -0.001591965 0.999991536 13.237413406
0.999988496 0.001661822 0.004490443 0.274886996 -0.001667914 0.999997616 0.001353176 -0.476144522 -0.004488185 -0.001360651 0.999988973 13.653041840
0.999988496 0.001846570 0.004413743 0.282324404 -0.001855618 0.999996185 0.002046577 -0.499443442 -0.004409947 -0.002054743 0.999988139 14.041336060
0.999991953 -0.000090668 0.004004456 0.312649757 0.000079582 0.999996185 0.002768623 -0.584406137 -0.004004692 -0.002768282 0.999988139 14.453595161
0.999990344 0.000052570 0.004389310 0.325399369 -0.000067670 0.999994099 0.003440277 -0.599317253 -0.004389104 -0.003440541 0.999984443 14.870784760
0.999989510 -0.000851787 0.004488117 0.338791847 0.000835314 0.999992907 0.003671081 -0.609538317 -0.004491212 -0.003667294 0.999983251 15.290460587
0.999987423 0.000345583 0.004996248 0.356888592 -0.000364210 0.999992967 0.003727866 -0.627437472 -0.004994924 -0.003729639 0.999980569 15.710688591
0.999986708 0.000033099 0.005152351 0.357919693 -0.000053913 0.999991894 0.004039544 -0.653066456 -0.005152175 -0.004039769 0.999978602 16.240221024
0.999984622 0.000265831 0.005526075 0.374964088 -0.000290871 0.999989688 0.004530960 -0.678882539 -0.005524813 -0.004532497 0.999974430 16.609994888
0.999983728 0.000878204 0.005622409 0.392262310 -0.000903831 0.999989152 0.004557065 -0.689409316 -0.005618346 -0.004562073 0.999973834 17.080171585
0.999981821 0.000845739 0.005966028 0.404848039 -0.000873948 0.999988377 0.004727327 -0.698569775 -0.005961961 -0.004732454 0.999971032 17.539592743
0.999979854 0.000502298 0.006339133 0.415384620 -0.000536978 0.999984980 0.005470275 -0.721705556 -0.006336289 -0.005473569 0.999964952 17.993278503
0.999971569 0.001035162 0.007484154 0.423836768 -0.001075720 0.999984682 0.005417232 -0.722907126 -0.007478432 -0.005425128 0.999957323 18.480041504
0.999976337 0.000644779 0.006866908 0.448020756 -0.000682147 0.999984980 0.005440800 -0.749411345 -0.006863298 -0.005445355 0.999961615 18.893131256
0.999976277 0.000683314 0.006855800 0.467810690 -0.000720569 0.999985039 0.005433071 -0.760618150 -0.006851985 -0.005437882 0.999961734 19.372571945
0.999972522 0.001324270 0.007292927 0.475352407 -0.001369399 0.999979913 0.006186483 -0.775388122 -0.007284588 -0.006196300 0.999954283 19.852745056
0.999972820 0.001368052 0.007252617 0.483893335 -0.001412766 0.999980032 0.006163638 -0.788215399 -0.007244040 -0.006173716 0.999954700 20.367237091
0.999977052 -0.000071432 0.006777987 0.514181197 0.000026418 0.999977946 0.006641116 -0.830592334 -0.006778313 -0.006640784 0.999954998 20.777702332
0.999983966 0.000060034 0.005674073 0.532052994 -0.000094913 0.999981046 0.006146966 -0.836719394 -0.005673597 -0.006147404 0.999965072 21.292274475
0.999982715 0.000322010 0.005872650 0.545236051 -0.000358145 0.999980986 0.006153064 -0.851892650 -0.005870557 -0.006155059 0.999963880 21.788072586
0.999983370 -0.000946006 0.005691281 0.569779098 0.000905386 0.999974191 0.007135631 -0.873370528 -0.005697885 -0.007130358 0.999958336 22.307723999
0.999987960 -0.000549541 0.004872222 0.570946813 0.000513836 0.999972999 0.007326477 -0.899199009 -0.004876118 -0.007323886 0.999961317 22.778100967
0.999987900 -0.000252450 0.004904834 0.571150303 0.000214237 0.999969661 0.007789973 -0.922305107 -0.004906652 -0.007788830 0.999957681 23.318584442
0.999991596 -0.001856383 0.003633258 0.595604718 0.001829401 0.999970853 0.007415577 -0.929209888 -0.003646919 -0.007408869 0.999965906 23.809701920
0.999994814 -0.000929201 0.003092917 0.606349468 0.000905109 0.999969304 0.007781731 -0.939704418 -0.003100053 -0.007778891 0.999964952 24.335229874
0.999997079 -0.000432109 0.002410409 0.620978713 0.000414352 0.999972820 0.007362426 -0.945698440 -0.002413524 -0.007361405 0.999970019 24.868469238
0.999997675 -0.000526789 0.002082893 0.628817320 0.000510895 0.999970794 0.007623986 -0.958841205 -0.002086848 -0.007622904 0.999968767 25.415493011
0.999997318 -0.001532921 0.001722527 0.643814206 0.001519450 0.999968410 0.007794957 -0.972424626 -0.001734422 -0.007792318 0.999968112 25.960336685
0.999998689 -0.000857823 0.001308557 0.654226065 0.000846930 0.999965131 0.008302414 -0.982143998 -0.001315633 -0.008301293 0.999964654 26.519193649
0.999998689 -0.001042388 0.001166018 0.665757537 0.001032611 0.999964535 0.008354414 -0.997939348 -0.001174685 -0.008353198 0.999964416 27.062242508
0.999999702 -0.000070915 0.000778970 0.684832454 0.000064159 0.999962449 0.008669594 -1.017740011 -0.000779556 -0.008669542 0.999962091 27.606616974
0.999999762 -0.000588902 0.000377233 0.690121651 0.000585661 0.999963343 0.008535460 -1.021706820 -0.000382245 -0.008535238 0.999963462 28.139415741
0.999999940 -0.000181556 0.000381308 0.704862177 0.000178266 0.999962926 0.008609779 -1.036629319 -0.000382858 -0.008609710 0.999962807 28.689870834
0.999999940 0.000142514 0.000131027 0.694816589 -0.000143656 0.999961674 0.008752327 -1.050184608 -0.000129775 -0.008752346 0.999961734 29.265218735
0.999999702 -0.000193901 -0.000780022 0.732925534 0.000200854 0.999960124 0.008923607 -1.055809975 0.000778261 -0.008923758 0.999959886 29.773075104
0.999999821 0.000158802 -0.000530776 0.744228184 -0.000154014 0.999959409 0.009009228 -1.069804549 0.000532185 -0.009009144 0.999959290 30.323921204
0.999999642 0.000297864 -0.000840651 0.761754274 -0.000290832 0.999965072 0.008353754 -1.074356794 0.000843110 -0.008353507 0.999964774 30.871341705
0.999999046 -0.000288882 -0.001321926 0.763661027 0.000301445 0.999954700 0.009512917 -1.108441591 0.001319118 -0.009513306 0.999953866 31.404823303
0.999998629 -0.000945743 -0.001337397 0.778965592 0.000958297 0.999955237 0.009417824 -1.118792295 0.001328430 -0.009419093 0.999954760 31.947046280
0.999999464 0.000012779 -0.001030369 0.782665014 -0.000002971 0.999954700 0.009518260 -1.124439955 0.001030445 -0.009518253 0.999954164 32.476470947
0.999998868 -0.000645536 -0.001345870 0.783776343 0.000658455 0.999953449 0.009620503 -1.143328547 0.001339597 -0.009621379 0.999952793 33.047645569
0.999998927 -0.000181702 -0.001471577 0.798701346 0.000195718 0.999954581 0.009529221 -1.153346062 0.001469779 -0.009529500 0.999953508 33.610622406
0.999999225 -0.000460735 -0.001123384 0.795078874 0.000472295 0.999946654 0.010312215 -1.170515776 0.001118573 -0.010312738 0.999946117 34.149097443
0.999997556 -0.000534511 -0.002132581 0.822779596 0.000555586 0.999950886 0.009894407 -1.179426074 0.002127188 -0.009895571 0.999948800 34.666397095
0.999997795 -0.000087393 -0.002068114 0.832850695 0.000107514 0.999952614 0.009731181 -1.183599591 0.002067166 -0.009731383 0.999950528 35.207004547
0.999996841 -0.000596512 -0.002441316 0.840760410 0.000620723 0.999950469 0.009928280 -1.200635433 0.002435273 -0.009929764 0.999947727 35.757568359
0.999998033 -0.000009731 -0.001992009 0.852602005 0.000029301 0.999951661 0.009824202 -1.213572264 0.001991817 -0.009824241 0.999949753 36.300762177
0.999998271 0.000355056 -0.001835325 0.854843259 -0.000337249 0.999952912 0.009693190 -1.224223018 0.001838679 -0.009692555 0.999951363 36.855705261
0.999997139 -0.000548125 -0.002336737 0.881146312 0.000569487 0.999957979 0.009151190 -1.219284773 0.002331622 -0.009152494 0.999955356 37.407283783
0.999997377 -0.000509268 -0.002221153 0.882928729 0.000531847 0.999948084 0.010176832 -1.250177622 0.002215854 -0.010177988 0.999945641 37.952117920
0.999996960 -0.001322703 -0.002095575 0.863156140 0.001344963 0.999942303 0.010656741 -1.278449893 0.002081358 -0.010659526 0.999940932 38.483692169
0.999996781 -0.001246307 -0.002212668 0.887083769 0.001271687 0.999932945 0.011505863 -1.295823097 0.002198180 -0.011508640 0.999931276 38.996185303
0.999990880 -0.002325265 -0.003576583 0.957387209 0.002369993 0.999918401 0.012552842 -1.357768297 0.003547102 -0.012561202 0.999914825 39.586669922
0.999988496 -0.003079385 -0.003663573 0.965449512 0.003127805 0.999906898 0.013285043 -1.377122164 0.003622322 -0.013296350 0.999905050 40.137683868
0.999991059 -0.002475133 -0.003435286 0.972011089 0.002519157 0.999913990 0.012870687 -1.381627679 0.003403133 -0.012879225 0.999911249 40.669246674
0.999986649 -0.003547545 -0.003743103 1.001315355 0.003596121 0.999908388 0.013051511 -1.389376163 0.003696461 -0.013064799 0.999907851 41.251895905
0.999990284 -0.002777193 -0.003408671 0.997740746 0.002822841 0.999905467 0.013460775 -1.408990264 0.003370965 -0.013470268 0.999903560 41.782943726
0.999990642 -0.002466687 -0.003556640 1.003522992 0.002514682 0.999904931 0.013553673 -1.424406648 0.003522869 -0.013562491 0.999901831 42.322887421
0.999991596 -0.002048111 -0.003546564 1.013662696 0.002094921 0.999910057 0.013245655 -1.425044060 0.003519117 -0.013252973 0.999906003 42.889747620
0.999991059 -0.002366218 -0.003479027 1.021022081 0.002414148 0.999901354 0.013837893 -1.448597908 0.003445940 -0.013846169 0.999898136 43.412017822
0.999991536 -0.002514561 -0.003229799 1.026016712 0.002558505 0.999903202 0.013674447 -1.452229500 0.003195101 -0.013682598 0.999901295 43.956813812
0.999991596 -0.002364474 -0.003354490 1.043490767 0.002409593 0.999905765 0.013510378 -1.460462093 0.003322230 -0.013518346 0.999903023 44.516098022
0.999991775 -0.002551560 -0.003146194 1.053235054 0.002593976 0.999904752 0.013552292 -1.470312595 0.003111315 -0.013560342 0.999903142 45.072044373
0.999991953 -0.002682708 -0.002969791 1.058924437 0.002722912 0.999903500 0.013617348 -1.477023602 0.002932974 -0.013625325 0.999902844 45.578716278
0.999991775 -0.002448301 -0.003211376 1.082349539 0.002491917 0.999903738 0.013649111 -1.495014906 0.003177651 -0.013657002 0.999901712 46.159713745
0.999993980 -0.001719602 -0.003001632 1.102990746 0.001762271 0.999896586 0.014271215 -1.521230817 0.002976781 -0.014276418 0.999893665 46.693714142
0.999990880 -0.002433858 -0.003515478 1.115992188 0.002481329 0.999904990 0.013563000 -1.508838058 0.003482134 -0.013571599 0.999901831 47.263793945
0.999992132 -0.002356072 -0.003198389 1.126784921 0.002400029 0.999901772 0.013809691 -1.522911429 0.003165537 -0.013817256 0.999899507 47.806678772
0.999989390 -0.002849562 -0.003609801 1.148824453 0.002900441 0.999895394 0.014168890 -1.537886858 0.003569049 -0.014179209 0.999893069 48.344345093
0.999991119 -0.002881911 -0.003079252 1.148778677 0.002926261 0.999890625 0.014496651 -1.547261715 0.003037138 -0.014505533 0.999890089 48.896362305
0.999992728 -0.001866833 -0.003329935 1.169881463 0.001914864 0.999893248 0.014479661 -1.556010723 0.003302550 -0.014485934 0.999889612 49.448280334
0.999991596 -0.002297014 -0.003415809 1.173330426 0.002344737 0.999898672 0.014033256 -1.558183670 0.003383229 -0.014041147 0.999895692 50.002307892
0.999993265 -0.002012269 -0.003073183 1.181386471 0.002057422 0.999888957 0.014760748 -1.574553728 0.003043138 -0.014766972 0.999886274 50.530975342
0.999995053 -0.001423497 -0.002794942 1.185003400 0.001463567 0.999895394 0.014387075 -1.581349850 0.002774169 -0.014391093 0.999892592 51.081184387
0.999992371 -0.002297284 -0.003135005 1.201308370 0.002344194 0.999884069 0.015042449 -1.589156866 0.003100086 -0.015049685 0.999881864 51.631885529
0.999989867 -0.002498222 -0.003722247 1.227657676 0.002554542 0.999881148 0.015203505 -1.605422258 0.003683824 -0.015212860 0.999877453 52.164920807
0.999988079 -0.002793569 -0.003995842 1.236435771 0.002854013 0.999880314 0.015201816 -1.599920750 0.003952896 -0.015213038 0.999876380 52.705360413
0.999992430 -0.002288323 -0.003126539 1.232384205 0.002335339 0.999882996 0.015117715 -1.621011376 0.003091580 -0.015124905 0.999880850 53.280101776
0.999993145 -0.002185517 -0.002998271 1.254327655 0.002230824 0.999882042 0.015191651 -1.620373368 0.002964716 -0.015198234 0.999880135 53.826099396
0.999994397 -0.001746822 -0.002840532 1.234881401 0.001790397 0.999879599 0.015410640 -1.632134318 0.002813271 -0.015415639 0.999877274 54.352809906
0.999993265 -0.002000119 -0.003084810 1.292596102 0.002047080 0.999880910 0.015296176 -1.659158230 0.003053847 -0.015302385 0.999878168 54.889785767
0.999991834 -0.001935543 -0.003555246 1.303210139 0.001988678 0.999885440 0.015003591 -1.660241723 0.003525798 -0.015010539 0.999881029 55.433605194
0.999990463 -0.002417313 -0.003635663 1.313812375 0.002472747 0.999879599 0.015320864 -1.669446230 0.003598190 -0.015329708 0.999875963 55.983993530
0.999993682 -0.001942845 -0.002965124 1.336060762 0.001989715 0.999871790 0.015887059 -1.695306301 0.002933878 -0.015892860 0.999869406 56.504474640
0.999994457 -0.001916122 -0.002719928 1.352697492 0.001957682 0.999880135 0.015360378 -1.696344376 0.002690169 -0.015365617 0.999878347 57.043251038
0.999994099 -0.001952800 -0.002840569 1.354298472 0.001997345 0.999873757 0.015764011 -1.707790732 0.002809428 -0.015769593 0.999871671 57.614185333
0.999994099 -0.002026716 -0.002775138 1.365140676 0.002070125 0.999874115 0.015729791 -1.720781803 0.002742909 -0.015735446 0.999872386 58.172351837
0.999995649 -0.001478211 -0.002559875 1.396405935 0.001518568 0.999873459 0.015835518 -1.717782617 0.002536142 -0.015839331 0.999871314 58.659996033
0.999996066 -0.001241128 -0.002512312 1.405387521 0.001280038 0.999878347 0.015545547 -1.726379633 0.002492712 -0.015548702 0.999875963 59.198104858
0.999994159 -0.001963336 -0.002810342 1.422232866 0.002007731 0.999871790 0.015882310 -1.737535715 0.002778801 -0.015887856 0.999869883 59.744602203
0.999995589 -0.001552677 -0.002508878 1.440406203 0.001591882 0.999875486 0.015700590 -1.735239863 0.002484187 -0.015704516 0.999873698 60.291759491
0.999995768 -0.001506166 -0.002455336 1.451391101 0.001543622 0.999881327 0.015325175 -1.745565891 0.002431961 -0.015328902 0.999879539 60.846839905
0.999996603 -0.000690583 -0.002507643 1.502966762 0.000731195 0.999868035 0.016230816 -1.775758624 0.002496105 -0.016232595 0.999865115 61.328830719
0.999993205 -0.001437945 -0.003390159 1.520032406 0.001492182 0.999870062 0.016050436 -1.787999630 0.003366639 -0.016055383 0.999865472 61.898136139
0.999997795 -0.000708053 -0.001980788 1.535398960 0.000739326 0.999874353 0.015832618 -1.776397467 0.001969329 -0.015834050 0.999872684 62.417575836
0.999997795 -0.000537343 -0.002049100 1.541430593 0.000571513 0.999860108 0.016711578 -1.791937947 0.002039834 -0.016712710 0.999858201 62.932556152
0.999998391 0.000177112 -0.001818891 1.539952517 -0.000148173 0.999873579 0.015898045 -1.798401833 0.001821477 -0.015897747 0.999871969 63.505382538
0.999998868 0.000504692 -0.001442090 1.548071980 -0.000481931 0.999875903 0.015740449 -1.797619462 0.001449854 -0.015739733 0.999875069 64.063728333
0.999998331 -0.000174578 -0.001807316 1.598721266 0.000203474 0.999871969 0.016000938 -1.808649540 0.001804291 -0.016001280 0.999870479 64.585647583
0.999997020 0.000439149 -0.002417634 1.627752423 -0.000400343 0.999871492 0.016028823 -1.818907499 0.002424362 -0.016027804 0.999868691 65.144271851
0.999998868 -0.000118207 -0.001505121 1.629004717 0.000143371 0.999860048 0.016730107 -1.835500836 0.001502932 -0.016730303 0.999858975 65.673255920
0.999998748 0.000123088 -0.001558247 1.645016789 -0.000098151 0.999872088 0.015993115 -1.807544708 0.001560017 -0.015992941 0.999870956 66.182891846
0.999953151 -0.003394272 0.009063204 1.411814690 0.003254675 0.999876559 0.015373126 -1.816479802 -0.009114265 -0.015342912 0.999840736 66.669311523
0.999954224 -0.002321890 0.009280940 1.419471502 0.002177381 0.999876738 0.015550369 -1.826374650 -0.009315901 -0.015529449 0.999836028 67.226829529
0.999955356 -0.003109634 0.008916472 1.437770367 0.002970855 0.999875009 0.015535562 -1.839004636 -0.008963667 -0.015508382 0.999839485 67.751220703
0.999947011 -0.003382383 0.009720291 1.438419104 0.003228472 0.999869943 0.015806390 -1.850834489 -0.009772489 -0.015774174 0.999827802 68.311782837
0.999925911 -0.003524818 0.011652073 1.413050890 0.003343890 0.999874234 0.015510621 -1.846554875 -0.011705280 -0.015470511 0.999811828 68.785934448
0.999922395 -0.003663206 0.011908527 1.414001107 0.003480940 0.999877095 0.015290417 -1.851737618 -0.011963076 -0.015247777 0.999812186 69.345909119
0.999928355 -0.004043031 0.011270280 1.452821136 0.003866715 0.999870598 0.015622425 -1.862059236 -0.011331985 -0.015577726 0.999814510 69.874214172
0.999918699 -0.003792163 0.012175064 1.469512582 0.003612342 0.999884546 0.014757767 -1.853555918 -0.012229622 -0.014712587 0.999816954 70.342697144
0.999917924 -0.003695844 0.012263675 1.505728245 0.003520296 0.999891460 0.014305310 -1.858276606 -0.012315213 -0.014260962 0.999822497 70.858566284
0.999922037 -0.002440938 0.012246069 1.510551333 0.002260268 0.999888718 0.014745475 -1.877410889 -0.012280699 -0.014716645 0.999816298 71.411682129
0.999919355 -0.003465611 0.012219400 1.543774605 0.003284486 0.999884903 0.014811824 -1.873434663 -0.012269327 -0.014770494 0.999815583 72.000556946
0.999916792 -0.003565366 0.012396360 1.577879906 0.003370760 0.999871314 0.015684299 -1.913402677 -0.012450685 -0.015641212 0.999800146 72.343444824
0.999913156 -0.003675081 0.012658565 1.591502905 0.003475039 0.999869347 0.015788868 -1.915692568 -0.012714937 -0.015743507 0.999795198 72.902870178
0.999906719 -0.003527381 0.013190725 1.595291138 0.003314216 0.999864161 0.016147291 -1.924839616 -0.013245890 -0.016102070 0.999782562 73.365501404
0.999907732 -0.004040933 0.012970086 1.612789154 0.003826524 0.999856472 0.016513521 -1.940763354 -0.013034952 -0.016462365 0.999779522 73.912727356
0.999900997 -0.002914199 0.013767567 1.635067105 0.002689845 0.999863744 0.016286325 -1.960829735 -0.013813154 -0.016247679 0.999772549 74.379013062
0.999913752 -0.004194224 0.012446966 1.671580315 0.003992389 0.999860883 0.016196424 -1.973025084 -0.012513166 -0.016145330 0.999791384 74.923530579
0.999905169 -0.003344783 0.013360831 1.725057602 0.003121788 0.999856055 0.016676320 -1.988648534 -0.013414687 -0.016633030 0.999771595 75.328346252
0.999903202 -0.003598648 0.013436590 1.745147705 0.003380987 0.999863267 0.016186897 -1.990454793 -0.013493005 -0.016139902 0.999778628 75.884956360
0.999899447 -0.002415556 0.013975644 1.752037883 0.002179930 0.999855697 0.016850460 -2.013478518 -0.014014331 -0.016818300 0.999760270 76.379196167
0.999902904 -0.003156945 0.013573866 1.768437624 0.002921912 0.999846041 0.017300194 -2.020285130 -0.013626393 -0.017258847 0.999758184 76.864105225
0.999902844 -0.003437060 0.013509788 1.792657137 0.003206135 0.999849021 0.017077874 -2.028080702 -0.013566446 -0.017032901 0.999762893 77.412261963
0.999895573 -0.002742404 0.014186298 1.817943573 0.002492489 0.999841928 0.017604427 -2.047295094 -0.014232335 -0.017567236 0.999744296 77.844215393
0.999895990 -0.002233290 0.014254617 1.835425138 0.001980100 0.999840438 0.017751470 -2.054860830 -0.014291987 -0.017721398 0.999740720 78.404457092
0.999891579 -0.001729805 0.014622764 1.886187792 0.001470946 0.999842286 0.017694708 -2.085521221 -0.014651067 -0.017671274 0.999736488 78.893104553
0.999866903 -0.000735626 0.016297262 1.905584574 0.000445324 0.999841273 0.017809376 -2.097181559 -0.016307777 -0.017799748 0.999708533 79.437026978
0.999842882 -0.000998226 0.017699486 1.926894903 0.000682927 0.999841273 0.017811084 -2.103222370 -0.017714454 -0.017796200 0.999684691 79.947555542
0.999826074 -0.002016607 0.018546779 1.951364994 0.001695361 0.999848545 0.017320283 -2.107921124 -0.018578900 -0.017285828 0.999677956 80.503585815
0.999798477 -0.001491486 0.020021394 1.960251689 0.001132843 0.999838948 0.017912354 -2.103747368 -0.020044886 -0.017886065 0.999639094 81.001052856
0.999724448 -0.000412603 0.023467921 2.010370016 0.000000357 0.999845743 0.017563669 -2.123994350 -0.023471547 -0.017558822 0.999570310 81.465713501
0.999629200 0.000778374 0.027218416 2.045981407 -0.001265244 0.999839425 0.017874878 -2.129715681 -0.027200133 -0.017902691 0.999469697 82.008186340
0.999540448 -0.000531228 0.030307919 2.068364859 0.000001506 0.999847233 0.017475354 -2.128525257 -0.030312575 -0.017467277 0.999387801 82.532028198
0.999414802 -0.000826764 0.034194548 2.097600937 0.000241913 0.999853671 0.017104229 -2.135558128 -0.034203682 -0.017085947 0.999268830 83.036590576
0.999184430 -0.000635566 0.040375020 2.139258862 -0.000057816 0.999852598 0.017170047 -2.142729044 -0.040379982 -0.017158376 0.999037027 83.583633423
0.998937309 -0.000755340 0.046082992 2.190331459 -0.000016240 0.999859929 0.016740592 -2.139142513 -0.046089180 -0.016723551 0.998797297 84.108131409
0.998642564 -0.000619702 0.052082084 2.219159603 -0.000255821 0.999858856 0.016802100 -2.148407221 -0.052085143 -0.016792618 0.998501420 84.682456970
0.998142064 -0.002192413 0.060890242 2.250100374 0.001095634 0.999836802 0.018039936 -2.183158875 -0.060919855 -0.017939704 0.997981429 85.156318665
0.997597933 -0.002308656 0.069232360 2.317666292 0.001089219 0.999843717 0.017646262 -2.187062263 -0.069262274 -0.017528461 0.997444451 85.697822571
0.997037053 -0.001157113 0.076914020 2.346614361 -0.000231007 0.999837399 0.018036339 -2.194288969 -0.076922387 -0.018000666 0.996874511 86.276313782
0.996363163 -0.002759076 0.085163876 2.432482719 0.001325313 0.999856532 0.016887281 -2.194918633 -0.085198253 -0.016712997 0.996223748 86.841773987
0.995443523 -0.003365032 0.095293716 2.488119125 0.001631778 0.999831915 0.018260630 -2.221776485 -0.095339172 -0.018021932 0.995281637 87.318725586
0.994481504 -0.002940929 0.104871646 2.552722931 0.000964813 0.999821126 0.018888935 -2.233943939 -0.104908444 -0.018683512 0.994306386 87.862228394
0.993682921 -0.003763991 0.112161249 2.658770084 0.001736701 0.999833465 0.018167013 -2.253009319 -0.112210967 -0.017857458 0.993523896 88.340789795
0.992440820 -0.004531135 0.122640252 2.733713150 0.002341499 0.999835312 0.017992387 -2.270635605 -0.122701578 -0.017569218 0.992288053 88.926475525
0.991104722 -0.004975813 0.132990673 2.837054253 0.002615405 0.999836087 0.017917462 -2.271441698 -0.133058012 -0.017410260 0.990955353 89.475128174
0.989948153 -0.005648241 0.141317889 2.954662323 0.003105925 0.999829471 0.018204156 -2.304388046 -0.141396612 -0.017582249 0.989796817 89.941116333
0.988248646 -0.006315795 0.152724445 3.029684067 0.003663809 0.999837697 0.017639711 -2.281728745 -0.152811065 -0.016872872 0.988111377 90.528350830
0.986243665 -0.005898120 0.165193200 3.138848305 0.003053272 0.999842763 0.017469985 -2.285839081 -0.165270254 -0.016725281 0.986106515 91.074394226
0.984293878 -0.006239651 0.176427692 3.254912376 0.003344727 0.999854982 0.016701184 -2.289874554 -0.176506296 -0.015848773 0.984171987 91.621841431
0.982752800 -0.008019791 0.184749678 3.378707886 0.004886335 0.999836624 0.017409598 -2.290756702 -0.184859112 -0.016206587 0.982631385 92.087455750
0.980297863 -0.008296755 0.197350293 3.505939484 0.004912879 0.999832511 0.017629964 -2.297045708 -0.197463512 -0.016313063 0.980174422 92.621978760
0.977854192 -0.008501080 0.209114358 3.658588409 0.004979581 0.999836922 0.017360782 -2.314499378 -0.209227860 -0.015935011 0.977737069 93.137252808
0.975486279 -0.007424677 0.219935045 3.798643112 0.003741411 0.999845743 0.017158875 -2.316781044 -0.220028490 -0.015915379 0.975363612 93.705932617
0.972271681 -0.006197764 0.233772352 3.944553375 0.002214551 0.999847949 0.017297491 -2.317472696 -0.233844012 -0.016300162 0.972137511 94.274116516
0.968891978 -0.006016309 0.247411191 4.099090576 0.001675534 0.999841034 0.017751586 -2.325831890 -0.247478679 -0.016784823 0.968747973 94.771072388
0.965843916 -0.008407100 0.258988142 4.273632050 0.003999085 0.999838054 0.017542295 -2.332335711 -0.259093702 -0.015907405 0.965721190 95.382980347
0.962605000 -0.008274131 0.270782679 4.449981689 0.003786598 0.999846697 0.017090699 -2.336133242 -0.270882577 -0.015426246 0.962488770 95.899581909
0.958606303 -0.008692587 0.284602106 4.645570755 0.003782036 0.999834478 0.017799107 -2.361671925 -0.284709722 -0.015985960 0.958480477 96.362419128
0.954652309 -0.009675807 0.297565669 4.809997559 0.004845873 0.999844253 0.016964914 -2.325385571 -0.297683537 -0.014753630 0.954550743 97.039299011
0.951346874 -0.010541111 0.307941526 5.016588211 0.005616958 0.999841809 0.016872583 -2.334762335 -0.308070630 -0.014321986 0.951255679 97.563407898
0.946629345 -0.009266928 0.322190851 5.206756592 0.003814138 0.999838710 0.017551260 -2.337577343 -0.322301567 -0.015385658 0.946512043 98.114212036
0.941628456 -0.011134669 0.336469829 5.430332184 0.005602568 0.999832749 0.017408010 -2.342505217 -0.336607367 -0.014506782 0.941533327 98.623901367
0.937723160 -0.009837091 0.347244173 5.667921066 0.003903450 0.999834239 0.017783178 -2.383381367 -0.347361535 -0.015320248 0.937606156 99.175415039
0.933121145 -0.010146313 0.359418958 5.894685745 0.004005114 0.999833107 0.017827000 -2.390470505 -0.359539837 -0.015195238 0.933005989 99.693885803
0.927664340 -0.010934447 0.373255163 6.118114471 0.004416397 0.999822557 0.018313404 -2.400758505 -0.373389155 -0.015340250 0.927547932 100.203811646
0.922366202 -0.011907653 0.386133164 6.357679367 0.004898548 0.999804914 0.019130902 -2.429080486 -0.386285603 -0.015754208 0.922244668 100.746040344
0.917464733 -0.012022316 0.397635311 6.594488144 0.004888859 0.999808490 0.018948669 -2.432940006 -0.397786915 -0.015440751 0.917347968 101.239891052
0.911427081 -0.012404860 0.411274612 6.879352570 0.005071835 0.999808133 0.018916493 -2.441273451 -0.411430389 -0.015155086 0.911315203 101.787628174
0.905578613 -0.012427412 0.423996389 7.138355255 0.004681361 0.999802589 0.019305876 -2.452989578 -0.424152642 -0.015498107 0.905458093 102.271446228
0.900673628 -0.014413624 0.434257060 7.413490295 0.006518345 0.999785364 0.019664915 -2.485206127 -0.434447378 -0.014881033 0.900574327 102.786338806
0.894909561 -0.014684274 0.446005672 7.681396484 0.006552152 0.999783039 0.019769941 -2.492383957 -0.446199268 -0.014770010 0.894811749 103.257972717
0.887878180 -0.016969109 0.459765315 7.991806030 0.008423589 0.999751747 0.020631762 -2.519089222 -0.460001171 -0.014445622 0.887800753 103.827590942
0.881765604 -0.017332310 0.471369237 8.276535034 0.008447577 0.999744713 0.020958310 -2.522246838 -0.471612066 -0.014498388 0.881686926 104.311325073
0.875673711 -0.017463883 0.482587248 8.554302216 0.008536067 0.999749541 0.020689934 -2.532222509 -0.482827663 -0.013998237 0.875603497 104.779098511
0.867446184 -0.015574294 0.497287214 8.765510559 0.006189233 0.999770522 0.020515082 -2.515970230 -0.497492552 -0.014717903 0.867343307 105.193603516
