1.000000000 0.000000000 0.000000000 0.000000000 0.000000000 1.000000000 0.000000000 0.000000000 0.000000000 0.000000000 1.000000000 0.000000000
1.000000000 0.000079176 0.000010795 -0.000764454 -0.000079176 1.000000000 -0.000005587 -0.000398317 -0.000010795 0.000005586 1.000000000 0.001772528
1.000000000 0.000007351 -0.000044125 0.000863742 -0.000007349 1.000000000 0.000041880 -0.000654818 0.000044125 -0.000041880 1.000000000 0.000759624
1.000000000 -0.000042441 -0.000046370 0.000961010 0.000042439 1.000000000 -0.000045175 -0.000205913 0.000046372 0.000045173 1.000000000 -0.000615272
1.000000000 -0.000113950 -0.000101171 0.001518510 0.000113958 1.000000000 0.000080196 -0.000859134 0.000101162 -0.000080208 1.000000000 -0.000400418
1.000000000 -0.000063926 -0.000107999 -0.000261275 0.000063921 1.000000000 -0.000042385 0.001626615 0.000108001 0.000042378 1.000000000 0.002160385
1.000000000 -0.000083382 -0.000058488 0.000944247 0.000083387 1.000000000 0.000074901 -0.000235463 0.000058481 -0.000074905 1.000000000 0.001280297
1.000000000 -0.000085178 -0.000036322 0.000065262 0.000085181 1.000000000 0.000076703 -0.000684946 0.000036316 -0.000076707 1.000000000 -0.001127024
1.000000000 0.000005677 -0.000061696 0.000702986 -0.000005675 1.000000000 0.000043206 -0.000247012 0.000061696 -0.000043205 1.000000000 -0.000909826
1.000000000 0.000032291 -0.000012265 -0.000112793 -0.000032291 1.000000000 0.000016226 0.000654301 0.000012266 -0.000016225 1.000000000 0.002187181
1.000000000 0.000006967 -0.000018642 0.000737776 -0.000006967 1.000000000 -0.000008243 0.000222367 0.000018642 0.000008243 1.000000000 0.001074864
1.000000000 -0.000080615 -0.000106745 0.001447209 0.000080624 1.000000000 0.000090220 -0.001217353 0.000106738 -0.000090228 1.000000000 0.000053539
1.000000000 -0.000041302 -0.000064150 0.000668409 0.000041301 1.000000000 -0.000004329 0.000559496 0.000064150 0.000004327 1.000000000 0.001909486
1.000000000 -0.000150545 -0.000114739 0.000832153 0.000150557 1.000000000 0.000098310 0.000003180 0.000114724 -0.000098327 1.000000000 0.000111914
1.000000000 -0.000102884 -0.000137610 0.001543871 0.000102889 1.000000000 0.000040216 -0.000581890 0.000137606 -0.000040230 1.000000000 -0.003916621
1.000000000 -0.000033447 -0.000123235 0.002634655 0.000033457 1.000000000 0.000083196 -0.000576918 0.000123232 -0.000083200 1.000000000 -0.001918542
1.000000000 -0.000014039 -0.000051894 0.001589845 0.000014043 1.000000000 0.000090220 -0.000509952 0.000051892 -0.000090221 1.000000000 -0.003035578
1.000000000 -0.000046965 -0.000086667 0.002320167 0.000046968 1.000000000 0.000035356 0.000016468 0.000086666 -0.000035360 1.000000000 0.000428967
1.000000000 0.000003796 -0.000095360 0.002214119 -0.000003787 1.000000000 0.000095764 -0.000771821 0.000095361 -0.000095764 1.000000000 -0.002385673
1.000000000 -0.000095928 -0.000094777 0.001905233 0.000095931 1.000000000 0.000039878 -0.001029632 0.000094773 -0.000039887 1.000000000 -0.003419170
1.000000000 -0.000131160 -0.000129928 0.001738016 0.000131167 1.000000000 0.000057409 0.000250848 0.000129921 -0.000057426 1.000000000 0.001422682
1.000000000 -0.000128700 -0.000095329 0.001410150 0.000128709 1.000000000 0.000089188 -0.001515195 0.000095317 -0.000089200 1.000000000 -0.004951101
1.000000000 -0.000004994 -0.000135109 0.004259129 0.000005007 1.000000000 0.000095591 -0.000772400 0.000135109 -0.000095592 1.000000000 -0.000790007
1.000000000 -0.000091414 -0.000175081 0.003996725 0.000091427 1.000000000 0.000070349 -0.001249641 0.000175075 -0.000070365 1.000000000 -0.003011975
1.000000000 -0.000168182 -0.000152150 0.002914465 0.000168196 1.000000000 0.000086752 -0.001202389 0.000152135 -0.000086778 1.000000000 -0.003617476
1.000000000 -0.000097499 -0.000155837 0.003169595 0.000097506 1.000000000 0.000048413 -0.000238119 0.000155833 -0.000048428 1.000000000 -0.000935711
1.000000000 -0.000119874 -0.000102679 0.003458308 0.000119878 1.000000000 0.000044543 0.000073093 0.000102674 -0.000044556 1.000000000 -0.001813691
1.000000000 -0.000153145 -0.000140102 0.002296700 0.000153162 1.000000000 0.000122217 -0.000485518 0.000140083 -0.000122238 1.000000000 -0.002622758
1.000000000 -0.000149774 -0.000070960 0.000437501 0.000149779 1.000000000 0.000072197 -0.000870837 0.000070949 -0.000072207 1.000000000 -0.002592734
1.000000000 -0.000074275 -0.000194267 0.004661567 0.000074310 1.000000000 0.000178329 -0.002305133 0.000194253 -0.000178343 0.999999940 -0.005050172
1.000000000 -0.000162760 -0.000174316 0.004397223 0.000162771 1.000000000 0.000062965 -0.000657006 0.000174306 -0.000062994 1.000000000 -0.003244458
1.000000000 -0.000148457 -0.000163092 0.003186743 0.000148471 1.000000000 0.000082950 -0.000856310 0.000163079 -0.000082975 1.000000000 -0.002343639
1.000000000 -0.000178614 -0.000163089 0.003560711 0.000178632 1.000000000 0.000113564 -0.000887861 0.000163069 -0.000113593 1.000000000 -0.004076879
1.000000000 -0.000082463 -0.000112874 0.003108049 0.000082471 1.000000000 0.000069416 -0.000394372 0.000112868 -0.000069425 1.000000000 -0.003346169
1.000000000 -0.000137345 -0.000155981 0.002743864 0.000137360 1.000000000 0.000096696 -0.000669375 0.000155968 -0.000096717 1.000000000 -0.001459367
1.000000000 -0.000167862 -0.000100398 0.001779923 0.000167876 1.000000000 0.000136353 -0.001938102 0.000100376 -0.000136370 1.000000000 -0.004810602
0.999999940 -0.000194558 -0.000215389 0.003948055 0.000194574 1.000000000 0.000075671 -0.000713206 0.000215375 -0.000075713 1.000000000 -0.003400316
1.000000000 -0.000124679 -0.000163073 0.004584275 0.000124702 1.000000000 0.000138851 -0.000787784 0.000163056 -0.000138871 1.000000000 -0.006772602
1.000000000 -0.000077401 -0.000076999 0.000684304 0.000077404 1.000000000 0.000047153 -0.000077050 0.000076995 -0.000047159 1.000000000 -0.000647334
1.000000000 -0.000146155 -0.000163834 0.002703567 0.000146182 1.000000000 0.000164680 -0.001216576 0.000163810 -0.000164704 1.000000000 -0.003533157
0.999999940 -0.000138617 -0.000202957 0.005036911 0.000138631 1.000000000 0.000070306 -0.002220294 0.000202948 -0.000070334 1.000000000 -0.003077013
1.000000000 -0.000220749 -0.000039672 0.002186187 0.000220729 0.999999821 -0.000509412 -0.002683783 0.000039784 0.000509404 0.999999881 0.050728053
1.000000000 0.000080729 -0.000088962 0.003147104 -0.000080833 0.999999285 -0.001174404 -0.004758654 0.000088867 0.001174411 0.999999285 0.139481187
1.000000000 -0.000106157 -0.000026718 0.005161366 0.000106118 0.999998927 -0.001461029 -0.008488938 0.000026873 0.001461026 0.999998927 0.255555749
1.000000000 -0.000079157 -0.000019148 0.007125982 0.000079129 0.999998927 -0.001448636 -0.011034153 0.000019262 0.001448635 0.999998927 0.390489966
1.000000000 -0.000017533 -0.000041541 0.009158093 0.000017483 0.999999285 -0.001204283 -0.017304476 0.000041562 0.001204282 0.999999285 0.528301954
1.000000000 0.000200666 0.000043255 0.012664089 -0.000200618 0.999999344 -0.001111978 -0.023731261 -0.000043478 0.001111970 0.999999404 0.682220101
1.000000000 -0.000030564 0.000109025 0.014468129 0.000030658 0.999999642 -0.000863388 -0.027089139 -0.000108999 0.000863391 0.999999642 0.843113780
0.999999940 0.000332469 0.000188153 0.013631825 -0.000332322 0.999999642 -0.000785030 -0.027035009 -0.000188414 0.000784968 0.999999702 1.025456548
0.999999940 0.000276369 -0.000051590 0.025322139 -0.000276397 0.999999821 -0.000546997 -0.038266640 0.000051438 0.000547011 0.999999821 1.188905835
0.999999702 0.000740135 -0.000040904 -0.006421198 -0.000740129 0.999999702 0.000133680 -0.025737556 0.000041003 -0.000133650 1.000000000 1.332802415
0.999999642 0.000794715 -0.000141718 -0.003132653 -0.000794700 0.999999642 0.000109459 -0.031141320 0.000141805 -0.000109347 1.000000000 1.525643110
0.999999702 0.000692597 -0.000161298 -0.006927346 -0.000692573 0.999999702 0.000145177 -0.038463477 0.000161398 -0.000145065 1.000000000 1.728128433
0.999999642 0.000738000 -0.000385245 0.001933588 -0.000737897 0.999999642 0.000267630 -0.043371178 0.000385443 -0.000267346 0.999999940 1.932819486
0.999999821 0.000597389 -0.000257329 0.006037940 -0.000597313 0.999999762 0.000294370 -0.050727628 0.000257504 -0.000294216 0.999999940 2.139806271
0.999999285 0.001206734 -0.000043966 0.003527946 -0.001206718 0.999999166 0.000368866 -0.055262249 0.000044411 -0.000368813 1.000000000 2.364817142
0.999999404 0.001116247 0.000067228 0.016739899 -0.001116257 0.999999285 0.000145567 -0.058080200 -0.000067065 -0.000145642 0.999999940 2.586959362
0.999999344 0.001188427 0.000102888 0.018342411 -0.001188426 0.999999225 -0.000004118 -0.062734812 -0.000102892 0.000003996 1.000000000 2.821782827
0.999999583 0.000955712 0.000115365 0.025811478 -0.000955740 0.999999464 0.000235614 -0.069732368 -0.000115140 -0.000235724 1.000000000 3.048671961
0.999999642 0.000924833 0.000129326 0.030446105 -0.000924855 0.999999523 0.000173086 -0.077622071 -0.000129166 -0.000173206 1.000000000 3.297346592
0.999999881 0.000285284 0.000354143 0.032886397 -0.000285795 0.999998927 0.001444473 -0.104799367 -0.000353730 -0.001444574 0.999998868 3.532775640
0.999999762 0.000493900 0.000320024 0.039484750 -0.000494447 0.999998450 0.001711511 -0.110049568 -0.000319178 -0.001711669 0.999998510 3.784876347
0.999999881 0.000104928 0.000403968 0.045518644 -0.000105590 0.999998629 0.001638308 -0.118750423 -0.000403795 -0.001638350 0.999998510 4.046596527
0.999999702 0.000659583 0.000352807 0.048399940 -0.000660077 0.999998808 0.001402501 -0.120886527 -0.000351881 -0.001402734 0.999998927 4.298389912
0.999999762 0.000463267 0.000288539 0.052024018 -0.000463652 0.999999046 0.001336942 -0.127717778 -0.000287919 -0.001337076 0.999999046 4.553564072
0.999999642 0.000628221 0.000456709 0.061469402 -0.000629005 0.999998331 0.001719120 -0.136897907 -0.000455629 -0.001719407 0.999998391 4.802727222
0.999999881 0.000226403 0.000359975 0.066564426 -0.000227042 0.999998391 0.001775476 -0.143944785 -0.000359572 -0.001775557 0.999998331 5.055077553
0.999999881 0.000139843 0.000114290 0.073998965 -0.000140020 0.999998748 0.001551304 -0.148301914 -0.000114073 -0.001551320 0.999998808 5.323919296
0.999999762 0.000612515 0.000401204 0.078020081 -0.000613229 0.999998271 0.001783544 -0.158442959 -0.000400111 -0.001783790 0.999998331 5.585897923
0.999999702 0.000657896 0.000407395 0.082379304 -0.000658622 0.999998212 0.001783205 -0.163525254 -0.000406221 -0.001783473 0.999998271 5.860730648
0.999999702 0.000337071 0.000696922 0.083509184 -0.000338275 0.999998450 0.001728024 -0.176032260 -0.000696339 -0.001728259 0.999998271 6.151671886
0.999999464 0.000648500 0.000761453 0.090127014 -0.000649880 0.999998152 0.001813190 -0.185272217 -0.000760276 -0.001813684 0.999998093 6.432946682
0.999999285 0.000903459 0.000887028 0.094702534 -0.000905102 0.999997914 0.001853595 -0.196640298 -0.000885351 -0.001854397 0.999997914 6.716894150
0.999999225 0.000936015 0.000823036 0.104348756 -0.000937607 0.999997675 0.001936671 -0.205601707 -0.000821222 -0.001937441 0.999997795 7.020951748
0.999999642 0.000527373 0.000730616 0.109271325 -0.000528740 0.999998152 0.001872164 -0.211267486 -0.000729627 -0.001872549 0.999997973 7.319551945
0.999999702 0.000378612 0.000677819 0.121682644 -0.000380263 0.999996960 0.002437244 -0.242850542 -0.000676894 -0.002437502 0.999996781 7.611333370
0.999999762 0.000049351 0.000713073 0.129960299 -0.000051120 0.999996901 0.002480230 -0.248643860 -0.000712948 -0.002480266 0.999996662 7.927553654
0.999999821 -0.000278095 0.000587672 0.139398918 0.000276647 0.999996960 0.002462018 -0.260815233 -0.000588355 -0.002461855 0.999996781 8.238781929
0.999999940 -0.000133508 0.000347402 0.152088106 0.000132575 0.999996364 0.002683514 -0.269407868 -0.000347759 -0.002683468 0.999996364 8.583241463
0.999999523 0.000617651 0.000791186 0.149625704 -0.000619799 0.999996066 0.002718464 -0.274307072 -0.000789504 -0.002718954 0.999996066 8.925927162
0.999999702 0.000305890 0.000709145 0.162095279 -0.000307875 0.999996066 0.002800940 -0.286442816 -0.000708286 -0.002801157 0.999995887 9.251717567
0.999999464 0.000217174 0.000990738 0.166041777 -0.000220119 0.999995649 0.002972987 -0.306493253 -0.000990088 -0.002973205 0.999995053 9.593225479
0.999999225 0.000363681 0.001111313 0.175484881 -0.000366961 0.999995530 0.002952329 -0.312912107 -0.001110235 -0.002952735 0.999994993 9.943045616
0.999999344 0.000113847 0.001117546 0.180802524 -0.000117194 0.999995470 0.002996131 -0.324395120 -0.001117200 -0.002996261 0.999994934 10.306620598
0.999999285 0.000573599 0.001001485 0.187321588 -0.000577019 0.999993980 0.003418383 -0.344691068 -0.000999518 -0.003418959 0.999993622 10.655470848
0.999999404 0.000259174 0.001060696 0.193935096 -0.000262882 0.999993920 0.003496812 -0.352932811 -0.001059783 -0.003497089 0.999993324 11.022467613
0.999999404 0.000265118 0.001055502 0.206043810 -0.000268827 0.999993801 0.003514959 -0.366248548 -0.001054564 -0.003515241 0.999993324 11.399261475
0.999999046 0.000585145 0.001199688 0.202855602 -0.000589568 0.999993026 0.003689085 -0.380958140 -0.001197521 -0.003689789 0.999992490 11.757264137
0.999999404 0.000399971 0.001020604 0.213159710 -0.000403849 0.999992728 0.003801681 -0.394382536 -0.001019076 -0.003802091 0.999992311 12.142335892
0.999998212 0.001005409 0.001658758 0.219822526 -0.001012342 0.999990761 0.004184155 -0.402524680 -0.001654536 -0.004185827 0.999989927 12.532504082
0.999998868 0.000168460 0.001467661 0.229435027 -0.000174762 0.999990761 0.004294249 -0.423695266 -0.001466924 -0.004294501 0.999989688 12.901173592
0.999998748 0.000571043 0.001453832 0.241721645 -0.000577236 0.999990702 0.004262576 -0.433641434 -0.001451385 -0.004263410 0.999989867 13.308541298
0.999998212 0.000454871 0.001846361 0.247598305 -0.000463293 0.999989510 0.004563737 -0.445767790 -0.001844265 -0.004564583 0.999987841 13.709623337
0.999998689 0.000321852 0.001603315 0.266701043 -0.000329430 0.999988854 0.004728527 -0.456154525 -0.001601775 -0.004729048 0.999987483 14.098986626
0.999998927 0.000401736 0.001422646 0.277527481 -0.000408483 0.999988675 0.004746073 -0.495027333 -0.001420724 -0.004746649 0.999987721 14.496754646
0.999998271 0.000312067 0.001832517 0.283451200 -0.000321610 0.999986410 0.005209395 -0.507101297 -0.001830866 -0.005209975 0.999984741 14.920693398
0.999998152 0.000272838 0.001914068 0.296230227 -0.000282922 0.999986112 0.005270273 -0.519470990 -0.001912603 -0.005270804 0.999984264 15.355004311
0.999997795 0.000025483 0.002094172 0.310571760 -0.000036698 0.999985635 0.005355423 -0.534855723 -0.002094005 -0.005355489 0.999983430 15.768013954
0.999997616 -0.000305600 0.002156005 0.325508982 0.000293357 0.999983847 0.005676430 -0.548328161 -0.002157704 -0.005675784 0.999981523 16.211460114
0.999997020 -0.000903235 0.002274990 0.339086384 0.000889961 0.999982595 0.005828982 -0.565763891 -0.002280215 -0.005826940 0.999980390 16.632408142
0.999996722 -0.000875270 0.002412009 0.349029422 0.000861007 0.999982119 0.005908125 -0.572858095 -0.002417137 -0.005906029 0.999979675 17.105628967
0.999995470 -0.001248360 0.002748589 0.365760982 0.001230893 0.999979019 0.006347303 -0.588095069 -0.002756456 -0.006343890 0.999976099 17.552654266
0.999994934 -0.000799032 0.003090148 0.367161125 0.000781323 0.999983251 0.005727784 -0.605190337 -0.003094673 -0.005725340 0.999978840 17.988813400
0.999993563 -0.000267384 0.003578599 0.376418114 0.000246364 0.999982715 0.005872747 -0.616930723 -0.003580108 -0.005871828 0.999976456 18.458667755
0.999994040 -0.000447027 0.003441571 0.391292840 0.000426117 0.999981463 0.006074011 -0.631319523 -0.003444222 -0.006072508 0.999975681 18.929998398
0.999994755 -0.000724639 0.003169619 0.405586720 0.000704619 0.999979794 0.006312736 -0.646718085 -0.003174129 -0.006310468 0.999975085 19.399877548
0.999995768 -0.001079060 0.002746406 0.442262888 0.001060454 0.999976516 0.006767118 -0.678432763 -0.002753644 -0.006764177 0.999973357 19.856346130
0.999995649 -0.001969934 0.002219633 0.459687412 0.001954915 0.999975264 0.006748728 -0.690277278 -0.002232872 -0.006744360 0.999974787 20.348129272
0.999996305 -0.001798506 0.002045769 0.464203864 0.001784275 0.999974310 0.006936636 -0.701422691 -0.002058192 -0.006932961 0.999973834 20.846183777
0.999997854 -0.000972692 0.001841676 0.461686194 0.000959896 0.999975502 0.006935731 -0.709292710 -0.001848377 -0.006933948 0.999974310 21.351835251
0.999997616 -0.001268747 0.001780782 0.462746412 0.001255960 0.999973536 0.007163195 -0.742604017 -0.001789823 -0.007160942 0.999972761 21.766975403
0.999998450 -0.001120128 0.001381994 0.474008948 0.001109910 0.999972165 0.007372934 -0.749436498 -0.001390214 -0.007371389 0.999971926 22.285701752
0.999998093 -0.001835800 0.000707476 0.482436240 0.001830409 0.999969840 0.007545918 -0.764773428 -0.000721307 -0.007544608 0.999971271 22.796808243
0.999997795 -0.002154369 0.000127119 0.500474989 0.002153374 0.999970675 0.007369525 -0.780757725 -0.000142992 -0.007369237 0.999972820 23.265535355
0.999995828 -0.002861331 -0.000374307 0.504706979 0.002863969 0.999969661 0.007246908 -0.795712173 0.000353559 -0.007247951 0.999973655 23.783521652
0.999996126 -0.002621020 -0.001052788 0.525650322 0.002629138 0.999966264 0.007785261 -0.808925390 0.001032347 -0.007787998 0.999969125 24.280635834
0.999993503 -0.003049630 -0.001928307 0.540476501 0.003065516 0.999961019 0.008290108 -0.824095011 0.001902950 -0.008295965 0.999963820 24.812858582
0.999994218 -0.002390147 -0.002429871 0.537700593 0.002409810 0.999964118 0.008121547 -0.830764472 0.002410372 -0.008127357 0.999964058 25.325639725
0.999993443 -0.002506370 -0.002630973 0.551294744 0.002527023 0.999965787 0.007876427 -0.846248329 0.002611141 -0.007883023 0.999965549 25.868717194
0.999987543 -0.003597913 -0.003446124 0.562643230 0.003628415 0.999953926 0.008886051 -0.864732862 0.003413994 -0.008898444 0.999954581 26.375320435
0.999988377 -0.002986831 -0.003774152 0.574146032 0.003020920 0.999954402 0.009059096 -0.880782247 0.003746922 -0.009070392 0.999951839 26.926326752
0.999986470 -0.002914280 -0.004312764 0.577618361 0.002952351 0.999956489 0.008847644 -0.887846410 0.004286792 -0.008860257 0.999951482 27.426893234
0.999983966 -0.003031920 -0.004765025 0.584130526 0.003072924 0.999958038 0.008621616 -0.894650340 0.004738685 -0.008636121 0.999951422 27.975843430
0.999982238 -0.002982245 -0.005173277 0.592293084 0.003027991 0.999956191 0.008857617 -0.908950210 0.005146636 -0.008873123 0.999947369 28.523550034
0.999978602 -0.003244422 -0.005680399 0.609836638 0.003296637 0.999952316 0.009207122 -0.935718775 0.005650256 -0.009225652 0.999941468 29.018671036
0.999975502 -0.003511024 -0.006056779 0.613884330 0.003566435 0.999951720 0.009162152 -0.950827360 0.006024319 -0.009183529 0.999939680 29.556335449
0.999977410 -0.002969955 -0.006027429 0.618123531 0.003025550 0.999952793 0.009235634 -0.959986031 0.005999716 -0.009253661 0.999939203 30.090770721
0.999978781 -0.002675189 -0.005942791 0.621313453 0.002730387 0.999953032 0.009299584 -0.964206696 0.005917634 -0.009315613 0.999939144 30.645269394
0.999973595 -0.003079369 -0.006584190 0.635835290 0.003140885 0.999951363 0.009353039 -0.979507327 0.006555068 -0.009373472 0.999934614 31.189535141
0.999971271 -0.003248465 -0.006849410 0.641193271 0.003313363 0.999949574 0.009484942 -0.999137163 0.006818254 -0.009507364 0.999931574 31.730283737
0.999971390 -0.003353787 -0.006779530 0.644972205 0.003420672 0.999945343 0.009878326 -1.017989039 0.006746029 -0.009901235 0.999928236 32.188762665
0.999967933 -0.003260919 -0.007311339 0.654207230 0.003338852 0.999937475 0.010672444 -1.035234094 0.007276080 -0.010696514 0.999916315 32.729618073
0.999967217 -0.003209508 -0.007428051 0.661735058 0.003287099 0.999939919 0.010457097 -1.048501015 0.007394043 -0.010481170 0.999917746 33.263912201
0.999965072 -0.003177352 -0.007719981 0.673530102 0.003261320 0.999935389 0.010888598 -1.061913610 0.007684886 -0.010913395 0.999910951 33.809825897
0.999965250 -0.003613208 -0.007513421 0.660526752 0.003690456 0.999940217 0.010293011 -1.082280874 0.007475781 -0.010320380 0.999918818 34.324527740
0.999966562 -0.003365106 -0.007456193 0.666426659 0.003442461 0.999940097 0.010386134 -1.096627355 0.007420797 -0.010411454 0.999918282 34.868869781
0.999961734 -0.003764350 -0.007903297 0.688432574 0.003845460 0.999939799 0.010272830 -1.107093930 0.007864152 -0.010302828 0.999915957 35.392944336
0.999966025 -0.003154713 -0.007617615 0.694666088 0.003234388 0.999939978 0.010469803 -1.120530367 0.007584128 -0.010494086 0.999916196 35.932952881
0.999960780 -0.003619941 -0.008082363 0.687947810 0.003707025 0.999934971 0.010785740 -1.135297775 0.008042794 -0.010815280 0.999909163 36.458736420
0.999959469 -0.003361591 -0.008357608 0.694669008 0.003449495 0.999938607 0.010525773 -1.144066095 0.008321712 -0.010554176 0.999909699 37.004482269
0.999959707 -0.003187753 -0.008394231 0.703233838 0.003278185 0.999936521 0.010781455 -1.153557539 0.008359329 -0.010808538 0.999906659 37.543972015
0.999956429 -0.003382781 -0.008704441 0.705003917 0.003478942 0.999932885 0.011055964 -1.167872310 0.008666457 -0.011085764 0.999900997 38.094860077
0.999949634 -0.004130225 -0.009138086 0.726388395 0.004236200 0.999923646 0.011608283 -1.223202109 0.009089443 -0.011646410 0.999890864 38.638381958
0.999945104 -0.004561793 -0.009426553 0.737982154 0.004674618 0.999917209 0.011981647 -1.237759709 0.009371117 -0.012025054 0.999883831 39.186595917
0.999944150 -0.004444111 -0.009588148 0.755204260 0.004561631 0.999914289 0.012269918 -1.257529974 0.009532800 -0.012312970 0.999878764 39.721469879
0.999935508 -0.005417633 -0.009976832 0.760404348 0.005544080 0.999904156 0.012690319 -1.271844149 0.009907125 -0.012744814 0.999869704 40.290996552
0.999951839 -0.003677945 -0.009087202 0.740686893 0.003788226 0.999918997 0.012148617 -1.264374018 0.009041784 -0.012182457 0.999884963 40.817893982
0.999944031 -0.004332372 -0.009662918 0.749873698 0.004454357 0.999910176 0.012638430 -1.309052110 0.009607297 -0.012680765 0.999873400 41.331649780
0.999945164 -0.004484635 -0.009464091 0.757143140 0.004602192 0.999912083 0.012436318 -1.314407110 0.009407487 -0.012479195 0.999877870 41.875953674
0.999950111 -0.003836181 -0.009217205 0.759974897 0.003946892 0.999919951 0.012023370 -1.320605040 0.009170343 -0.012059149 0.999885201 42.424114227
0.999943733 -0.004481992 -0.009614552 0.776603341 0.004604426 0.999908090 0.012750045 -1.337982893 0.009556524 -0.012793597 0.999872446 42.974967957
0.999940991 -0.004731306 -0.009776435 0.772345543 0.004859942 0.999901354 0.013176060 -1.357506037 0.009713132 -0.013222797 0.999865353 43.464908600
0.999936938 -0.004818424 -0.010142260 0.784898102 0.004950091 0.999903262 0.012997159 -1.365962029 0.010078655 -0.013046545 0.999864042 43.999980927
0.999941587 -0.004303493 -0.009911378 0.787622154 0.004430492 0.999907911 0.012827450 -1.375185728 0.009855263 -0.012870613 0.999868512 44.557346344
0.999943078 -0.004361433 -0.009738489 0.795312107 0.004488768 0.999904215 0.013092064 -1.389286518 0.009680456 -0.013135033 0.999866843 45.054977417
0.999938190 -0.004584029 -0.010132482 0.817678571 0.004713987 0.999906421 0.012839456 -1.398037434 0.010072679 -0.012886427 0.999866188 45.606872559
0.999939382 -0.004495902 -0.010056896 0.831685305 0.004629318 0.999901116 0.013282401 -1.414202929 0.009996185 -0.013328151 0.999861240 46.149261475
0.999937177 -0.004605186 -0.010213049 0.814283431 0.004743347 0.999897003 0.013545240 -1.423707247 0.010149619 -0.013592836 0.999856055 46.624694824
0.999949694 -0.003210772 -0.009499486 0.853605032 0.003337235 0.999905646 0.013326890 -1.449240088 0.009455800 -0.013357922 0.999866009 47.193397522
0.999938607 -0.004848008 -0.009960206 0.825003624 0.004982772 0.999895751 0.013550353 -1.440760136 0.009893476 -0.013599152 0.999858499 47.693275452
0.999942601 -0.004513819 -0.009710029 0.823661327 0.004643721 0.999899387 0.013397420 -1.441593885 0.009648578 -0.013441741 0.999863088 48.289859772
0.999934554 -0.004953385 -0.010312228 0.842616498 0.005094778 0.999892890 0.013730374 -1.464431286 0.010243111 -0.013782017 0.999852479 48.757671356
0.999934852 -0.004667354 -0.010416501 0.843826711 0.004812526 0.999891043 0.013955412 -1.470268726 0.010350230 -0.014004633 0.999848306 49.303367615
0.999933183 -0.005071129 -0.010387453 0.848529160 0.005212631 0.999893367 0.013640859 -1.481722236 0.010317172 -0.013694094 0.999852955 49.810314178
0.999936700 -0.004627035 -0.010256456 0.849582732 0.004767989 0.999893963 0.013761382 -1.491562486 0.010191695 -0.013809413 0.999852657 50.357162476
0.999933958 -0.004816861 -0.010431613 0.854386628 0.004960866 0.999892175 0.013823101 -1.497944593 0.010363904 -0.013873938 0.999850035 50.863044739
0.999937832 -0.004657808 -0.010133390 0.854231119 0.004798303 0.999892116 0.013884736 -1.507510424 0.010067625 -0.013932494 0.999852240 51.397609711
0.999937296 -0.004611973 -0.010200554 0.862384558 0.004755055 0.999890029 0.014047463 -1.516542435 0.010134644 -0.014095087 0.999849319 51.933479309
0.999939263 -0.004500868 -0.010063646 0.865940213 0.004643755 0.999888062 0.014220344 -1.528008938 0.009998515 -0.014266212 0.999848247 52.481761932
0.999935627 -0.004838199 -0.010272131 0.877470791 0.004981579 0.999889910 0.013978630 -1.534413338 0.010203370 -0.014028901 0.999849498 52.986648560
0.999945045 -0.003954237 -0.009708287 0.875558734 0.004090022 0.999893546 0.014006818 -1.529522419 0.009651866 -0.014045753 0.999854803 53.603149414
0.999938309 -0.004618446 -0.010104606 0.882951319 0.004764067 0.999884486 0.014434938 -1.563716173 0.010036771 -0.014482186 0.999844730 54.042354584
0.999938905 -0.004493340 -0.010096402 0.888800025 0.004642957 0.999879122 0.014844624 -1.572624445 0.010028477 -0.014890593 0.999838829 54.590572357
0.999942303 -0.004243442 -0.009868731 0.891870677 0.004386760 0.999884546 0.014546406 -1.581357479 0.009805866 -0.014588857 0.999845445 55.076637268
0.999937117 -0.004608231 -0.010224562 0.903679132 0.004758647 0.999880135 0.014735937 -1.583658814 0.010155428 -0.014783666 0.999839127 55.686950684
0.999942482 -0.004139922 -0.009900483 0.910513699 0.004280601 0.999889553 0.014230504 -1.592669606 0.009840478 -0.014272064 0.999849737 56.164070129
0.999941826 -0.004288744 -0.009898259 0.911963463 0.004434971 0.999880612 0.014798716 -1.608579278 0.009833611 -0.014841752 0.999841511 56.731124878
0.999944687 -0.004512942 -0.009493166 0.909262657 0.004655846 0.999875367 0.015085502 -1.631858110 0.009423901 -0.015128867 0.999841154 57.195758820
0.999948561 -0.003429183 -0.009542876 0.929497600 0.003568812 0.999886334 0.014653341 -1.564324856 0.009491540 -0.014686645 0.999847054 57.913993835
0.999944448 -0.004142914 -0.009691780 0.923694015 0.004289441 0.999876022 0.015147026 -1.654171109 0.009627827 -0.015187756 0.999838293 58.250019073
0.999939442 -0.004875910 -0.009867028 0.937188148 0.005030388 0.999864221 0.015692228 -1.667035460 0.009789173 -0.015740912 0.999828219 58.815441132
0.999942839 -0.004264266 -0.009807381 0.937178075 0.004415247 0.999871254 0.015424882 -1.668740988 0.009740343 -0.015467304 0.999832928 59.305416107
0.999943256 -0.004229242 -0.009791653 0.945901573 0.004377224 0.999875665 0.015141297 -1.678533196 0.009726401 -0.015183297 0.999837458 59.851619720
0.999943316 -0.004224275 -0.009787776 0.970183074 0.004377206 0.999867797 0.015656326 -1.694371581 0.009720348 -0.015698280 0.999829471 60.386150360
0.999940038 -0.004265807 -0.010090540 0.975043297 0.004420296 0.999872565 0.015337856 -1.698656559 0.010023826 -0.015381538 0.999831498 60.938686371
0.999942005 -0.004359729 -0.009854070 0.979915559 0.004515215 0.999864757 0.015812077 -1.717617750 0.009783802 -0.015855651 0.999826431 61.454898834
0.999938488 -0.004280339 -0.010228523 0.971581519 0.004445284 0.999859571 0.016157972 -1.746464968 0.010157923 -0.016202446 0.999817073 61.907546997
0.999939680 -0.003943603 -0.010250653 0.984304368 0.004111695 0.999856591 0.016429067 -1.758456826 0.010184392 -0.016470220 0.999812543 62.448520660
0.999944866 -0.003501687 -0.009904571 0.988873482 0.003663657 0.999859095 0.016382538 -1.756927252 0.009845808 -0.016417921 0.999816716 63.005054474
0.999940336 -0.003912488 -0.010197427 0.994752228 0.004078906 0.999858022 0.016350180 -1.761873484 0.010132009 -0.016390800 0.999814272 63.561466217
0.999943435 -0.004097796 -0.009815156 0.973693311 0.004260710 0.999852479 0.016635150 -1.821009874 0.009745542 -0.016676024 0.999813557 64.059997559
0.999944627 -0.004206430 -0.009652980 0.984977543 0.004366587 0.999852061 0.016630802 -1.826788664 0.009581597 -0.016672030 0.999815106 64.606201172
0.999942660 -0.004711156 -0.009621258 0.988915443 0.004869077 0.999852657 0.016456870 -1.828576326 0.009542311 -0.016502772 0.999818325 65.153160095
0.999949276 -0.003366029 -0.009484563 0.978895545 0.003528596 0.999846220 0.017175784 -1.865076542 0.009425290 -0.017208381 0.999807477 65.633125305
0.999947906 -0.003587801 -0.009547885 0.982231140 0.003752530 0.999843478 0.017291263 -1.869683266 0.009484353 -0.017326193 0.999804914 66.172119141
0.999947488 -0.003497200 -0.009628572 0.987880886 0.003660000 0.999849737 0.016942622 -1.873700023 0.009567874 -0.016976973 0.999810040 66.721832275
0.999937832 -0.004522640 -0.010186116 1.002118349 0.004698781 0.999838650 0.017335219 -1.885855556 0.010106072 -0.017382002 0.999797821 67.265251160
0.999949992 -0.003007848 -0.009538098 0.996448576 0.003177329 0.999836445 0.017803773 -1.920096755 0.009482987 -0.017833192 0.999796033 67.781837463
0.999946535 -0.003099504 -0.009860586 1.010566235 0.003273272 0.999838769 0.017655410 -1.927731752 0.009804273 -0.017686740 0.999795556 68.326538086
0.999947965 -0.002853821 -0.009796428 1.012603521 0.003026855 0.999838829 0.017693870 -1.926510811 0.009744354 -0.017722599 0.999795437 68.869628906
0.999951482 -0.002691003 -0.009473219 1.021649361 0.002857921 0.999840140 0.017650723 -1.935887933 0.009424205 -0.017676942 0.999799371 69.420242310
0.999951124 -0.002892832 -0.009449726 1.022768259 0.003063798 0.999830961 0.018128058 -1.962863088 0.009395688 -0.018156124 0.999791026 69.920669556
0.999945164 -0.003145595 -0.009984089 1.034459233 0.003328447 0.999826133 0.018350936 -1.967981100 0.009924628 -0.018383164 0.999781728 70.474586487
0.999951720 -0.002444299 -0.009521035 1.038077950 0.002617149 0.999831200 0.018184643 -1.973668933 0.009474980 -0.018208681 0.999789298 71.030441284
0.999953985 -0.002784830 -0.009180173 1.027524233 0.002951110 0.999830902 0.018149534 -1.981941581 0.009128078 -0.018175792 0.999793112 71.533920288
0.999951661 -0.002738926 -0.009442806 1.036164761 0.002912666 0.999825776 0.018434850 -1.987327337 0.009390670 -0.018461462 0.999785483 72.082855225
0.999953508 -0.002956649 -0.009179017 1.041349769 0.003122348 0.999831438 0.018090433 -1.991960645 0.009123983 -0.018118249 0.999794245 72.624160767
0.999952137 -0.003029343 -0.009299758 1.048683286 0.003195397 0.999834776 0.017893149 -1.996634126 0.009244016 -0.017922008 0.999796689 73.167442322
0.999952376 -0.002782817 -0.009352758 1.056678414 0.002951613 0.999832094 0.018082689 -2.005315304 0.009300868 -0.018109433 0.999792874 73.689620972
0.999954760 -0.002877814 -0.009063485 1.067833185 0.003040022 0.999834478 0.017934188 -2.011038303 0.009010375 -0.017960928 0.999798119 74.255836487
0.999953628 -0.002776597 -0.009217888 1.079151154 0.002943038 0.999831915 0.018092191 -2.020014763 0.009166104 -0.018118482 0.999793828 74.763168335
0.999951601 -0.002558180 -0.009502741 1.090622663 0.002727793 0.999836385 0.017879006 -2.028968334 0.009455448 -0.017904058 0.999795020 75.283576965
0.999953568 -0.002726196 -0.009246905 1.086070538 0.002893327 0.999831796 0.018109234 -2.036386967 0.009195980 -0.018135147 0.999793291 75.834144592
0.999957979 -0.002400735 -0.008846815 1.073465824 0.002564575 0.999824524 0.018555144 -2.045345783 0.008800717 -0.018577049 0.999788702 76.373329163
0.999941170 -0.004293740 -0.009961136 1.093763590 0.004481691 0.999810874 0.018923450 -2.059948921 0.009877998 -0.018966980 0.999771297 76.900985718
0.999955297 -0.003213318 -0.008885684 1.090091228 0.003374606 0.999828756 0.018196423 -2.053308487 0.008825693 -0.018225592 0.999794960 77.444030762
0.999958158 -0.002745000 -0.008716524 1.097352982 0.002902556 0.999831676 0.018114643 -2.061065197 0.008665333 -0.018139185 0.999797940 77.982688904
0.999958873 -0.002447060 -0.008736213 1.104825258 0.002603357 0.999835908 0.017924352 -2.063762903 0.008690916 -0.017946353 0.999801159 78.528961182
0.999960184 -0.002956208 -0.008417065 1.113085985 0.003108659 0.999830306 0.018157110 -2.069673061 0.008361960 -0.018182553 0.999799848 79.067909241
0.999970436 -0.002606978 -0.007226119 1.119697690 0.002736199 0.999835432 0.017930580 -2.073329449 0.007178184 -0.017949820 0.999813199 79.615867615
0.999978781 -0.002836648 -0.005866632 1.129853845 0.002941795 0.999833703 0.017992597 -2.085129261 0.005814618 -0.018009469 0.999820828 80.167953491
0.999987721 -0.002429305 -0.004325626 1.138257027 0.002505786 0.999839067 0.017764188 -2.081027508 0.004281775 -0.017774809 0.999832869 80.723365784
0.999998033 -0.001960967 -0.000453691 1.147947192 0.001968770 0.999838114 0.017890187 -2.089108467 0.000418535 -0.017891042 0.999839902 81.274772644
0.999993026 -0.002141059 0.003056449 1.164906502 0.002084609 0.999829352 0.018354516 -2.105360270 -0.003095225 -0.018348020 0.999826789 81.817604065
0.999976993 -0.002072335 0.006470928 1.188812733 0.001953573 0.999830484 0.018305792 -2.097737074 -0.006507766 -0.018292733 0.999811471 82.366859436
0.999937534 -0.002524378 0.010883427 1.198924065 0.002328457 0.999835551 0.017977044 -2.108988285 -0.010927019 -0.017950576 0.999779165 82.922607422
0.999851763 -0.002301933 0.017060032 1.221251845 0.001986666 0.999827385 0.018473832 -2.121408939 -0.017099606 -0.018437197 0.999683797 83.462280273
0.999743819 -0.002675058 0.022474352 1.254738092 0.002268797 0.999833941 0.018082747 -2.128870964 -0.022518992 -0.018027125 0.999583900 84.004882812
0.999590218 -0.002033158 0.028553680 1.273746848 0.001509588 0.999830544 0.018345932 -2.133001328 -0.028586145 -0.018295312 0.999423862 84.564476013
0.999343276 -0.002016980 0.036180742 1.316387177 0.001366559 0.999837220 0.017992750 -2.128314972 -0.036211140 -0.017931487 0.999183357 85.125625610
0.999007165 -0.002489763 0.044479743 1.359178543 0.001678837 0.999831796 0.018259421 -2.145108700 -0.044517729 -0.018166618 0.998843372 85.663673401
0.998689771 -0.003216211 0.051072039 1.407552958 0.002291962 0.999832690 0.018145232 -2.143035889 -0.051121853 -0.018004401 0.998530090 86.239311218
0.998201430 -0.002671375 0.059888288 1.457942247 0.001570488 0.999829054 0.018421890 -2.151456833 -0.059927270 -0.018294703 0.998035014 86.773933411
0.997555971 -0.003000082 0.069806866 1.518782616 0.001726956 0.999831200 0.018291041 -2.157832861 -0.069849968 -0.018125786 0.997392833 87.327484131
0.996927559 -0.003631353 0.078245007 1.587190628 0.002217523 0.999832809 0.018148590 -2.157915115 -0.078297846 -0.017919317 0.996768951 87.888092041
0.996282160 -0.003790693 0.086066745 1.656256676 0.002231974 0.999831855 0.018199604 -2.171391964 -0.086121261 -0.017939843 0.996123075 88.410881042
0.995292008 -0.003597824 0.096854046 1.725799561 0.001857736 0.999835372 0.018050265 -2.168204308 -0.096903019 -0.017785357 0.995134890 88.968666077
0.994249463 -0.004532041 0.106992804 1.815236092 0.002591890 0.999829829 0.018265584 -2.182364941 -0.107057370 -0.017883228 0.994091928 89.518188477
0.993219614 -0.004685761 0.116158731 1.905235291 0.002608911 0.999834061 0.018025013 -2.179254055 -0.116223924 -0.017599754 0.993067086 90.089477539
0.991920114 -0.005402129 0.126749888 2.006038666 0.003159899 0.999835014 0.017884610 -2.185282946 -0.126825586 -0.017339585 0.991773486 90.627273560
0.990307033 -0.005422346 0.138789579 2.112258911 0.002881362 0.999824643 0.018502554 -2.204380989 -0.138865560 -0.017923310 0.990149021 91.147583008
0.988715172 -0.005762581 0.149696782 2.218494415 0.003066928 0.999829054 0.018232044 -2.207605839 -0.149776235 -0.017567188 0.988563955 91.721733093
0.987127006 -0.006371004 0.159811497 2.339954376 0.003472348 0.999824405 0.018410672 -2.214609385 -0.159900740 -0.017618751 0.986975849 92.283096313
0.985000074 -0.007014552 0.172411576 2.464938164 0.003949304 0.999828100 0.018115269 -2.219970703 -0.172509015 -0.017162632 0.984858513 92.813247681
0.982690692 -0.006971828 0.185122356 2.584001541 0.003625565 0.999823928 0.018408323 -2.224488974 -0.185218096 -0.017418513 0.982543051 93.383178711
0.980773449 -0.007299609 0.195013016 2.713626862 0.003766946 0.999822021 0.018479744 -2.231004000 -0.195113212 -0.017389836 0.980626643 93.918357849
0.978074193 -0.006965422 0.208140060 2.846473694 0.003219242 0.999826729 0.018331679 -2.236741543 -0.208231702 -0.017259689 0.977927268 94.441673279
0.975130022 -0.008034265 0.221488014 3.012155533 0.004021371 0.999819636 0.018562878 -2.241413116 -0.221597210 -0.017210536 0.974986315 95.027076721
0.972542346 -0.008095931 0.232584760 3.167436600 0.003783980 0.999812722 0.018979460 -2.254580975 -0.232694834 -0.017578233 0.972390950 95.572074890
0.969485343 -0.008282443 0.245009243 3.319669724 0.003803875 0.999817014 0.018746749 -2.257939816 -0.245119736 -0.017242717 0.969339430 96.094398499
0.965873420 -0.008310768 0.258881301 3.482631683 0.003570061 0.999817312 0.018777026 -2.257218122 -0.258990049 -0.017212007 0.965726614 96.629859924
0.962538421 -0.008600257 0.271008998 3.655935287 0.003788803 0.999825895 0.018272057 -2.258250713 -0.271118939 -0.016560758 0.962403417 97.160354614
0.959117949 -0.008448926 0.282880425 3.828796387 0.003116320 0.999808967 0.019295763 -2.270810604 -0.282989413 -0.017625367 0.958961070 97.673767090
0.954957247 -0.008581152 0.296619594 4.027414322 0.003030293 0.999811709 0.019168444 -2.271078110 -0.296728224 -0.017406199 0.954803348 98.221038818
0.950572729 -0.009349315 0.310361207 4.224121094 0.003570083 0.999809623 0.019183811 -2.276859283 -0.310481519 -0.017127592 0.950425088 98.741622925
0.946800590 -0.009525678 0.321679831 4.420486450 0.003435952 0.999804080 0.019493453 -2.282378435 -0.321802467 -0.017351137 0.946647823 99.254020691
0.942364752 -0.010253879 0.334430039 4.635435104 0.003908875 0.999799490 0.019640094 -2.287675142 -0.334564358 -0.017200887 0.942215919 99.781341553
0.937295198 -0.010516373 0.348377734 4.857505798 0.003857163 0.999796450 0.019803023 -2.295657635 -0.348515034 -0.017217528 0.937145054 100.300346375
0.932646751 -0.010793692 0.360629350 5.075792313 0.003913469 0.999796331 0.019803174 -2.300791502 -0.360769689 -0.017058056 0.932498932 100.821479797
0.928473890 -0.011315040 0.371225238 5.307060242 0.004238957 0.999793530 0.019871879 -2.305755615 -0.371373445 -0.016876914 0.928330183 101.326766968
0.923047423 -0.011745679 0.384506702 5.538887024 0.004501908 0.999795139 0.019733852 -2.302799225 -0.384659737 -0.016484268 0.922911286 101.823875427
0.917402744 -0.011910654 0.397781760 5.780574799 0.004286277 0.999789774 0.020050958 -2.310168028 -0.397937000 -0.016689803 0.917260945 102.324584961
0.912358940 -0.012254173 0.409207851 6.034328461 0.004524084 0.999792695 0.019853098 -2.313520908 -0.409366250 -0.016261859 0.912225187 102.834251404
0.906146348 -0.012115096 0.422790647 6.292076111 0.004123614 0.999795258 0.019811261 -2.317968607 -0.422944099 -0.016208477 0.906010747 103.323371887
0.899290919 -0.013115119 0.437154263 6.567123413 0.004848360 0.999787807 0.020020965 -2.314257622 -0.437324077 -0.015885191 0.899163663 103.851203918
0.893509150 -0.013085235 0.448854268 6.832309723 0.004445958 0.999784172 0.020295911 -2.335810184 -0.449022979 -0.016138991 0.893374383 104.281867981
0.887795448 -0.014218684 0.460018575 7.127956390 0.005567766 0.999781430 0.020156870 -2.315713644 -0.460204631 -0.015333905 0.887680411 104.855667114
0.880436838 -0.014497984 0.473941773 7.406784058 0.005735321 0.999784946 0.019929195 -2.317533970 -0.474128753 -0.014828189 0.880330741 105.336860657
