1.000000000 0.000000000 0.000000000 0.000000000 0.000000000 1.000000000 0.000000000 0.000000000 0.000000000 0.000000000 1.000000000 0.000000000
1.000000000 0.000132325 0.000016504 -0.000036054 -0.000132324 1.000000000 -0.000035882 0.000450417 -0.000016509 0.000035879 1.000000000 0.000165278
1.000000000 0.000043212 0.000050301 -0.000727158 -0.000043214 1.000000000 0.000045736 -0.000568543 -0.000050299 -0.000045738 1.000000000 -0.000884095
1.000000000 -0.000070343 0.000099851 -0.000294361 0.000070348 1.000000000 -0.000042426 0.000466725 -0.000099848 0.000042433 1.000000000 0.000155760
1.000000000 -0.000082260 0.000056666 -0.000395021 0.000082260 1.000000000 0.000010498 -0.000089304 -0.000056667 -0.000010494 1.000000000 -0.000564275
1.000000000 0.000041969 0.000143254 -0.001057232 -0.000041969 1.000000000 0.000004279 0.000329338 -0.000143254 -0.000004285 1.000000000 -0.000019282
1.000000000 -0.000069025 0.000110706 -0.000277871 0.000069026 1.000000000 -0.000013011 0.000246354 -0.000110705 0.000013019 1.000000000 -0.000112123
1.000000000 0.000058779 0.000079695 -0.000797828 -0.000058783 1.000000000 0.000046933 -0.000280344 -0.000079693 -0.000046937 1.000000000 -0.000777191
1.000000000 0.000034797 0.000039283 -0.000993758 -0.000034794 1.000000000 -0.000081989 0.000521499 -0.000039286 0.000081988 1.000000000 0.000018287
1.000000000 -0.000016497 0.000093946 -0.000455780 0.000016493 1.000000000 0.000049794 -0.000958689 -0.000093946 -0.000049792 1.000000000 -0.000272654
1.000000000 0.000096445 0.000104752 -0.001256372 -0.000096454 1.000000000 0.000077569 -0.000633719 -0.000104745 -0.000077579 1.000000000 -0.000245358
1.000000000 0.000032863 0.000097610 -0.001130883 -0.000032863 1.000000000 -0.000000112 -0.000094652 -0.000097610 0.000000109 1.000000000 -0.001293360
1.000000000 0.000119942 0.000081911 -0.001293045 -0.000119934 1.000000000 -0.000097599 -0.000228285 -0.000081922 0.000097590 1.000000000 -0.001444670
1.000000000 0.000037687 0.000082970 -0.001570894 -0.000037684 1.000000000 -0.000044058 0.001505341 -0.000082972 0.000044055 1.000000000 0.000598680
1.000000000 0.000006490 0.000083856 -0.001982026 -0.000006483 1.000000000 -0.000085726 0.001043243 -0.000083856 0.000085725 1.000000000 -0.000405897
1.000000000 0.000104190 0.000042435 -0.000405185 -0.000104185 1.000000000 -0.000096888 0.002183600 -0.000042445 0.000096883 1.000000000 0.001761022
1.000000000 0.000101258 0.000121933 -0.001024089 -0.000101242 1.000000000 -0.000132304 0.002001310 -0.000121946 0.000132291 1.000000000 0.002160382
1.000000000 0.000148200 0.000096661 -0.001183880 -0.000148189 1.000000000 -0.000119019 0.001239547 -0.000096679 0.000119005 1.000000000 0.000965294
0.999999940 0.000226796 0.000162926 -0.002054192 -0.000226779 0.999999940 -0.000109059 0.002311242 -0.000162950 0.000109022 1.000000000 0.002244594
0.999999940 0.000185127 0.000168798 -0.001804477 -0.000185104 1.000000000 -0.000136282 0.002317835 -0.000168823 0.000136251 1.000000000 0.002058731
1.000000000 0.000136760 0.000167410 -0.001960040 -0.000136745 1.000000000 -0.000091511 0.001584588 -0.000167422 0.000091488 1.000000000 0.001893964
1.000000000 0.000198943 0.000125390 -0.001901782 -0.000198934 1.000000000 -0.000066272 0.002151992 -0.000125404 0.000066247 1.000000000 0.001613967
1.000000000 0.000108528 0.000075570 -0.000634285 -0.000108518 1.000000000 -0.000132804 0.002232481 -0.000075584 0.000132795 1.000000000 0.002792026
1.000000000 0.000116842 0.000102694 -0.001588313 -0.000116828 1.000000000 -0.000130938 0.002847385 -0.000102709 0.000130926 1.000000000 0.003406053
0.999999940 0.000278014 0.000077554 -0.001615712 -0.000278007 0.999999940 -0.000089845 0.002496601 -0.000077579 0.000089823 1.000000000 0.003463395
0.999999940 0.000303814 0.000125251 -0.001783180 -0.000303810 0.999999940 -0.000030016 0.001353727 -0.000125260 0.000029978 1.000000000 0.001587169
1.000000000 0.000111857 0.000148524 -0.000936030 -0.000111849 1.000000000 -0.000057669 0.002670151 -0.000148530 0.000057652 1.000000000 0.003036494
1.000000000 0.000157459 0.000167915 -0.001635352 -0.000157454 1.000000000 -0.000027739 0.001362342 -0.000167920 0.000027713 1.000000000 0.002166350
1.000000000 0.000149972 0.000104501 -0.001702428 -0.000149965 1.000000000 -0.000066022 0.002589012 -0.000104510 0.000066006 1.000000000 0.002654192
1.000000000 0.000141304 0.000171087 -0.002185234 -0.000141285 1.000000000 -0.000112107 0.002522375 -0.000171103 0.000112083 1.000000000 0.002806574
0.999999940 0.000140816 0.000205051 -0.001352127 -0.000140814 1.000000000 -0.000012380 0.001338385 -0.000205052 0.000012351 1.000000000 0.002606599
1.000000000 0.000060000 0.000211033 -0.001216009 -0.000059976 1.000000000 -0.000116811 0.003401465 -0.000211040 0.000116798 1.000000000 0.003910966
1.000000000 0.000161365 0.000075253 -0.000352114 -0.000161348 0.999999940 -0.000221847 0.003897797 -0.000075288 0.000221835 1.000000000 0.003755018
1.000000000 0.000149243 0.000159822 -0.001192649 -0.000149232 1.000000000 -0.000072698 0.001675394 -0.000159832 0.000072674 1.000000000 0.001945855
0.999999940 0.000271276 0.000234013 -0.002903753 -0.000271243 0.999999940 -0.000142252 0.002102986 -0.000234052 0.000142188 0.999999940 0.001657021
0.999999940 0.000256210 0.000216372 -0.001428688 -0.000256187 0.999999940 -0.000102287 0.001710734 -0.000216399 0.000102232 1.000000000 0.001563556
1.000000000 0.000083414 0.000153843 -0.001595836 -0.000083400 1.000000000 -0.000090370 0.002538996 -0.000153850 0.000090357 1.000000000 0.002294672
0.999999940 0.000237763 0.000143420 -0.001900712 -0.000237750 0.999999940 -0.000088228 0.002876154 -0.000143440 0.000088194 1.000000000 0.003028782
0.999999940 0.000286605 0.000221663 -0.001916914 -0.000286580 0.999999940 -0.000112074 0.002831493 -0.000221695 0.000112010 0.999999940 0.001822121
1.000000000 0.000190400 0.000110563 -0.000499964 -0.000190384 1.000000000 -0.000145062 0.003821204 -0.000110591 0.000145041 1.000000000 0.003002042
1.000000000 0.000064723 0.000086877 0.000274355 -0.000064710 1.000000000 -0.000152621 0.001576906 -0.000086887 0.000152616 1.000000000 0.003211820
0.999999881 0.000444874 0.000213312 0.000237153 -0.000444724 0.999999642 -0.000699842 -0.001189333 -0.000213623 0.000699747 0.999999762 0.051442362
0.999999940 -0.000010382 -0.000011823 0.000344249 0.000010374 0.999999762 -0.000694589 -0.012357097 0.000011830 0.000694589 0.999999702 0.124386840
0.999999940 0.000016605 -0.000042952 0.002698023 -0.000016642 0.999999642 -0.000872754 -0.016378539 0.000042938 0.000872755 0.999999583 0.236960500
0.999999940 0.000184250 -0.000019504 0.005087454 -0.000184265 0.999999762 -0.000733841 -0.018895129 0.000019369 0.000733844 0.999999762 0.369369745
0.999999940 0.000380949 0.000157262 0.000779364 -0.000380779 0.999999344 -0.001081417 -0.022927750 -0.000157674 0.001081357 0.999999404 0.512060881
1.000000000 0.000095959 0.000102606 0.005238932 -0.000095867 0.999999583 -0.000898396 -0.027935728 -0.000102692 0.000898386 0.999999523 0.663563430
1.000000000 0.000076592 0.000289645 0.008813671 -0.000076385 0.999999821 -0.000715204 -0.031848572 -0.000289700 0.000715182 0.999999702 0.825437069
1.000000000 0.000053355 0.000237018 0.012205175 -0.000053328 0.999999940 -0.000112974 -0.039903957 -0.000237024 0.000112961 0.999999940 1.000417590
1.000000000 -0.000180905 0.000110590 0.015736017 0.000180936 0.999999940 -0.000280588 -0.042860873 -0.000110539 0.000280608 0.999999940 1.183059216
0.999999821 0.000457352 0.000224112 0.019359723 -0.000457364 0.999999881 0.000054923 -0.050245196 -0.000224087 -0.000055026 1.000000000 1.358656645
0.999999642 0.000846457 0.000110341 0.021879653 -0.000846444 0.999999583 -0.000119912 -0.051499739 -0.000110443 0.000119818 1.000000000 1.550211668
0.999999940 0.000381613 0.000104627 0.026184032 -0.000381639 0.999999881 0.000257182 -0.058509577 -0.000104528 -0.000257222 1.000000000 1.752201080
0.999999821 0.000298257 0.000507925 0.023605598 -0.000298383 0.999999940 0.000248841 -0.068076223 -0.000507851 -0.000248993 0.999999762 1.950020313
0.999999821 -0.000372234 0.000308418 0.029712887 0.000372190 0.999999821 0.000143871 -0.074721269 -0.000308472 -0.000143757 0.999999940 2.160613298
0.999999881 -0.000165676 0.000223929 0.039077625 0.000165548 0.999999821 0.000569493 -0.077965520 -0.000224024 -0.000569456 0.999999821 2.385629892
0.999999881 0.000253804 0.000167890 0.044203207 -0.000253887 0.999999881 0.000495266 -0.086088464 -0.000167765 -0.000495308 0.999999881 2.605775595
0.999999642 0.000391781 0.000684714 0.041713115 -0.000392139 0.999999821 0.000522378 -0.091279887 -0.000684509 -0.000522646 0.999999702 2.843630791
0.999999702 -0.000090316 0.000678437 0.052707959 0.000089897 0.999999821 0.000617052 -0.095086858 -0.000678493 -0.000616991 0.999999583 3.079849243
0.999999821 -0.000077401 0.000464278 0.057690211 0.000077039 0.999999702 0.000780655 -0.104308024 -0.000464338 -0.000780619 0.999999583 3.317783594
0.999999702 -0.000153837 0.000787672 0.058025301 0.000153179 0.999999642 0.000834887 -0.111512147 -0.000787800 -0.000834766 0.999999285 3.569690466
0.999999702 0.000037013 0.000777993 0.061436206 -0.000037700 0.999999583 0.000883792 -0.118046373 -0.000777960 -0.000883822 0.999999285 3.824916124
0.999999642 -0.000057974 0.000754426 0.067579076 0.000057163 0.999999344 0.001074009 -0.126238152 -0.000754488 -0.001073966 0.999999166 4.078429222
0.999999225 0.000373409 0.001093815 0.072109438 -0.000374480 0.999999404 0.000978914 -0.128733173 -0.001093448 -0.000979323 0.999998927 4.340082645
0.999999642 0.000248977 0.000821088 0.077976748 -0.000249725 0.999999523 0.000911375 -0.137635812 -0.000820861 -0.000911580 0.999999225 4.600296497
0.999999464 0.000438868 0.000879152 0.085692525 -0.000439743 0.999999404 0.000995945 -0.145893857 -0.000878715 -0.000996331 0.999999106 4.847150803
0.999999106 0.001039711 0.000894842 0.088887438 -0.001040936 0.999998510 0.001369485 -0.154507175 -0.000893417 -0.001370415 0.999998689 5.104590893
0.999999523 0.000533409 0.000976399 0.096813455 -0.000534542 0.999999166 0.001160756 -0.163508669 -0.000975779 -0.001161277 0.999998808 5.372570038
0.999999166 0.000366384 0.001217374 0.101777136 -0.000367931 0.999999106 0.001270938 -0.172389165 -0.001216907 -0.001271385 0.999998450 5.639024258
0.999999285 0.000578288 0.001153648 0.102614909 -0.000579678 0.999999106 0.001205015 -0.177395910 -0.001152950 -0.001205683 0.999998629 5.909596920
0.999998689 0.000803834 0.001483999 0.106934436 -0.000805567 0.999999046 0.001167355 -0.187597126 -0.001483060 -0.001168548 0.999998212 6.187925339
0.999998629 0.000901188 0.001340820 0.119308881 -0.000902390 0.999999166 0.000895751 -0.186864153 -0.001340012 -0.000896960 0.999998748 6.486756325
0.999998868 0.000783629 0.001307142 0.117522851 -0.000785732 0.999998391 0.001609663 -0.204845592 -0.001305879 -0.001610688 0.999997854 6.774731636
0.999999046 0.000818290 0.001109988 0.125302106 -0.000819782 0.999998689 0.001344575 -0.209864974 -0.001108886 -0.001345484 0.999998450 7.072325230
0.999999344 0.000663460 0.000911593 0.131338552 -0.000664953 0.999998391 0.001637904 -0.222115532 -0.000910505 -0.001638509 0.999998212 7.368290901
0.999998569 0.000985143 0.001313731 0.137816653 -0.000987034 0.999998391 0.001439261 -0.233174518 -0.001312311 -0.001440556 0.999998093 7.668121338
0.999997139 0.001513418 0.001801895 0.143097982 -0.001516008 0.999997795 0.001436803 -0.238936216 -0.001799717 -0.001439531 0.999997318 7.988430500
0.999997735 0.001171353 0.001772567 0.147732526 -0.001174046 0.999998152 0.001518903 -0.250932992 -0.001770785 -0.001520980 0.999997199 8.306641579
0.999998569 0.000691772 0.001503270 0.158202544 -0.000694001 0.999998629 0.001482263 -0.255722582 -0.001502243 -0.001483304 0.999997795 8.631991386
0.999999225 0.000302314 0.001231151 0.168348178 -0.000304251 0.999998808 0.001573676 -0.264727831 -0.001230674 -0.001574049 0.999998033 8.965827942
0.999998271 0.001140750 0.001449563 0.167632505 -0.001143016 0.999998152 0.001563116 -0.274524331 -0.001447777 -0.001564770 0.999997675 9.303352356
0.999997079 0.001737203 0.001668925 0.172021046 -0.001739822 0.999997318 0.001568852 -0.284509182 -0.001666195 -0.001571752 0.999997377 9.649644852
0.999996722 0.001719090 0.001899660 0.177408978 -0.001722383 0.999997079 0.001732798 -0.292130709 -0.001896676 -0.001736064 0.999996662 9.998144150
0.999997973 0.000865886 0.001799421 0.183546975 -0.000868238 0.999998689 0.001306541 -0.300459176 -0.001798288 -0.001308101 0.999997556 10.346680641
0.999997854 0.000823082 0.001932873 0.191944495 -0.000825674 0.999998748 0.001340580 -0.309824497 -0.001931767 -0.001342173 0.999997258 10.712187767
0.999998629 0.000586657 0.001601673 0.200829580 -0.000588711 0.999998987 0.001282293 -0.317456782 -0.001600920 -0.001283234 0.999997973 11.074542046
0.999998629 0.000356844 0.001614515 0.211591706 -0.000359136 0.999998927 0.001419740 -0.327616274 -0.001614006 -0.001420318 0.999997675 11.456769943
0.999998510 0.000784979 0.001537438 0.220961198 -0.000786959 0.999998808 0.001287814 -0.333800614 -0.001536426 -0.001289022 0.999997973 11.838221550
0.999996901 0.001212870 0.002184223 0.215294257 -0.001217345 0.999997139 0.002048184 -0.357225031 -0.002181733 -0.002050837 0.999995530 12.227756500
0.999996781 0.001180631 0.002240218 0.226280347 -0.001185158 0.999997258 0.002020739 -0.367654860 -0.002237826 -0.002023388 0.999995470 12.614402771
0.999996543 0.001252615 0.002316568 0.234111533 -0.001258705 0.999995768 0.002628990 -0.385909110 -0.002313265 -0.002631897 0.999993861 12.994664192
0.999997079 0.000864508 0.002245763 0.254352540 -0.000869998 0.999996603 0.002444890 -0.400970191 -0.002243642 -0.002446837 0.999994457 13.395404816
0.999994814 0.001621797 0.002820134 0.248752162 -0.001628135 0.999996126 0.002246181 -0.404187590 -0.002816480 -0.002250761 0.999993503 13.797050476
0.999993622 0.001993822 0.002961759 0.258935690 -0.002001170 0.999994874 0.002479792 -0.419822872 -0.002956800 -0.002485703 0.999992490 14.214797974
0.999993384 0.001674219 0.003205569 0.271975517 -0.001681781 0.999995768 0.002357672 -0.425310642 -0.003201608 -0.002363048 0.999992013 14.633070946
0.999994397 0.001488774 0.003005523 0.286009192 -0.001495193 0.999996603 0.002134620 -0.432016462 -0.003002335 -0.002139102 0.999993205 15.059228897
0.999992132 0.001702680 0.003574371 0.290147364 -0.001710654 0.999996006 0.002229178 -0.448709309 -0.003570562 -0.002235275 0.999991119 15.502439499
0.999991357 0.001558408 0.003846777 0.300435871 -0.001567940 0.999995708 0.002475919 -0.461958230 -0.003842901 -0.002481929 0.999989450 15.933743477
0.999988437 0.001957244 0.004387023 0.307868958 -0.001968323 0.999994874 0.002522378 -0.473515421 -0.004382065 -0.002530985 0.999987125 16.370260239
0.999986112 0.002447341 0.004668920 0.315878928 -0.002458160 0.999994278 0.002312817 -0.484646529 -0.004663233 -0.002324262 0.999986410 16.821554184
0.999985993 0.002413997 0.004709296 0.327107787 -0.002425983 0.999993920 0.002541017 -0.501612723 -0.004703133 -0.002552406 0.999985695 17.257305145
0.999985456 0.002245989 0.004901516 0.339670837 -0.002259357 0.999993742 0.002723546 -0.515841067 -0.004895368 -0.002734581 0.999984324 17.720933914
0.999984324 0.002458536 0.005025841 0.352887094 -0.002470666 0.999994040 0.002408740 -0.526272178 -0.005019889 -0.002421120 0.999984503 18.189645767
0.999981880 0.002467036 0.005500154 0.360245436 -0.002481806 0.999993324 0.002680182 -0.530708790 -0.005493505 -0.002693784 0.999981284 18.641090393
0.999979556 0.002783357 0.005758616 0.375591666 -0.002798202 0.999992788 0.002571511 -0.546910942 -0.005751417 -0.002587572 0.999980092 19.130971909
0.999976039 0.003519383 0.005972420 0.390701294 -0.003533340 0.999991059 0.002327876 -0.553301334 -0.005964173 -0.002348923 0.999979496 19.618808746
0.999974728 0.003128641 0.006393298 0.396541595 -0.003145746 0.999991536 0.002667079 -0.566293418 -0.006384898 -0.002687124 0.999976039 20.119064331
0.999977589 0.002615824 0.006160370 0.416405916 -0.002630006 0.999993920 0.002295186 -0.586120069 -0.006154328 -0.002311336 0.999978304 20.573560715
0.999981046 0.002926236 0.005407494 0.435110390 -0.002944122 0.999990225 0.003302506 -0.612497985 -0.005397778 -0.003318364 0.999979913 21.065290451
0.999985814 0.002520808 0.004694548 0.447496057 -0.002534532 0.999992490 0.002919539 -0.618300557 -0.004687153 -0.002931396 0.999984682 21.574489594
0.999986470 0.002863296 0.004331581 0.453816473 -0.002875490 0.999991894 0.002811421 -0.628962219 -0.004323496 -0.002823838 0.999986649 22.087953568
0.999985933 0.003109467 0.004320453 0.465747625 -0.003121455 0.999991238 0.002770652 -0.635384023 -0.004311801 -0.002784098 0.999986827 22.614904404
0.999984384 0.004061190 0.003839078 0.471023619 -0.004071655 0.999987960 0.002721968 -0.651672661 -0.003827977 -0.002737556 0.999988914 23.133863449
0.999986231 0.003188768 0.004172288 0.477131516 -0.003202310 0.999989629 0.003242896 -0.672569454 -0.004161904 -0.003256212 0.999986053 23.644624710
0.999992609 0.002074540 0.003262932 0.489884585 -0.002084088 0.999993563 0.002925495 -0.688416004 -0.003256842 -0.002932274 0.999990463 24.174961090
0.999988079 0.003546156 0.003337101 0.498447299 -0.003557325 0.999988198 0.003346598 -0.699848056 -0.003325194 -0.003358430 0.999988854 24.715856552
0.999990463 0.003587396 0.002496945 0.523477554 -0.003595869 0.999987721 0.003397301 -0.717543066 -0.002484727 -0.003406247 0.999991119 25.264255524
0.999989033 0.004194065 0.002068642 0.532699466 -0.004201482 0.999984682 0.003594091 -0.731425285 -0.002053537 -0.003602743 0.999991477 25.810586929
0.999991894 0.003815390 0.001291655 0.545981944 -0.003819862 0.999986649 0.003477195 -0.748549521 -0.001278371 -0.003482100 0.999993145 26.371572495
0.999991417 0.003850318 0.001523543 0.553312600 -0.003856110 0.999985218 0.003816831 -0.762714267 -0.001508825 -0.003822673 0.999991536 26.913227081
0.999991655 0.003976400 0.000884053 0.568449140 -0.003979905 0.999984026 0.003999050 -0.779261649 -0.000868137 -0.004002535 0.999991596 27.474998474
0.999988973 0.004663633 0.000572579 0.582687140 -0.004665934 0.999980748 0.004085586 -0.800887287 -0.000553514 -0.004088212 0.999991477 28.024101257
0.999984324 0.005554690 0.000739783 0.592905998 -0.005557502 0.999977112 0.003855541 -0.811386704 -0.000718350 -0.003859592 0.999992251 28.578128815
0.999985039 0.005423843 0.000611790 0.603915393 -0.005426323 0.999976754 0.004125774 -0.825517714 -0.000589398 -0.004129033 0.999991298 29.128890991
0.999984145 0.005624311 0.000404103 0.611604512 -0.005625788 0.999977171 0.003750372 -0.836079061 -0.000383000 -0.003752586 0.999992907 29.679475784
0.999985397 0.005401541 0.000120402 0.613066018 -0.005401976 0.999977589 0.003951941 -0.849108934 -0.000099053 -0.003952534 0.999992132 30.210514069
0.999985039 0.005441830 -0.000421663 0.624070704 -0.005440124 0.999977350 0.003947739 -0.866999149 0.000443136 -0.003945387 0.999992073 30.749843597
0.999980450 0.006271247 0.000166827 0.635073602 -0.006271858 0.999972463 0.003954225 -0.875996053 -0.000142024 -0.003955193 0.999992192 31.314914703
0.999971747 0.007529487 -0.000022634 0.642702579 -0.007529342 0.999964058 0.003895516 -0.889974177 0.000051965 -0.003895235 0.999992430 31.862424850
0.999981046 0.006121990 -0.000650695 0.655031323 -0.006119126 0.999971986 0.004316673 -0.908093810 0.000677103 -0.004312610 0.999990463 32.384536743
0.999981046 0.006130815 -0.000518451 0.658680916 -0.006128477 0.999971509 0.004396165 -0.922372878 0.000545389 -0.004392904 0.999990225 32.933280945
0.999984562 0.005496198 -0.000820632 0.673981905 -0.005492281 0.999973893 0.004700840 -0.940694571 0.000846447 -0.004696259 0.999988556 33.474285126
0.999985218 0.005364831 -0.000913352 0.683465779 -0.005360688 0.999975622 0.004479463 -0.948235154 0.000937361 -0.004474500 0.999989510 34.033958435
0.999982059 0.005764614 -0.001575936 0.698965609 -0.005756977 0.999971867 0.004808206 -0.964688659 0.001603608 -0.004799047 0.999987185 34.539913177
0.999984622 0.005278119 -0.001712070 0.706773281 -0.005270354 0.999975920 0.004509170 -0.977703154 0.001735829 -0.004500078 0.999988377 35.120479584
0.999982238 0.005645118 -0.001925145 0.723550081 -0.005636048 0.999973118 0.004685609 -0.988461375 0.001951544 -0.004674674 0.999987185 35.631950378
0.999981999 0.005374023 -0.002644057 0.740186572 -0.005362011 0.999975383 0.004529401 -0.998534560 0.002668333 -0.004515142 0.999986231 36.176193237
0.999984145 0.005163494 -0.002259556 0.729844570 -0.005151481 0.999972761 0.005289946 -1.037504196 0.002286810 -0.005278222 0.999983430 36.687892914
0.999980867 0.005605332 -0.002643025 0.736314356 -0.005591894 0.999971628 0.005064488 -1.048735738 0.002671338 -0.005049611 0.999983668 37.240398407
0.999982715 0.005321383 -0.002492952 0.750622153 -0.005308654 0.999972939 0.005085275 -1.055365920 0.002519945 -0.005071952 0.999983907 37.783641815
0.999983668 0.004576838 -0.003410914 0.765120625 -0.004556788 0.999972403 0.005863237 -1.072663903 0.003437655 -0.005847599 0.999976933 38.328598022
0.999982774 0.005055047 -0.003006124 0.773048520 -0.005039930 0.999974728 0.005014939 -1.076005459 0.003031399 -0.004999701 0.999982893 38.880958557
0.999982357 0.005349050 -0.002573433 0.775610268 -0.005336147 0.999973297 0.004995003 -1.093767166 0.002600082 -0.004981183 0.999984205 39.392555237
0.999981761 0.005601153 -0.002228702 0.781971157 -0.005589026 0.999969780 0.005410799 -1.110180855 0.002258942 -0.005398245 0.999982834 39.946483612
0.999982536 0.005080311 -0.003020643 0.806952477 -0.005065668 0.999975502 0.004835488 -1.121225834 0.003045134 -0.004820102 0.999983728 40.473442078
0.999981582 0.005217943 -0.003101854 0.818147302 -0.005204300 0.999976814 0.004390148 -1.130666971 0.003124689 -0.004373924 0.999985516 41.029960632
0.999980628 0.004936006 -0.003795385 0.833677590 -0.004917855 0.999976516 0.004776888 -1.145153999 0.003818874 -0.004758129 0.999981403 41.575485229
0.999981642 0.005178144 -0.003119192 0.831762791 -0.005162504 0.999974132 0.005001638 -1.159405828 0.003145010 -0.004985443 0.999982655 42.093238831
0.999984205 0.004735678 -0.003032882 0.830888033 -0.004722930 0.999980032 0.004196617 -1.161369562 0.003052696 -0.004182227 0.999986589 42.624320984
0.999980986 0.005189207 -0.003320825 0.839344859 -0.005173217 0.999975026 0.004805752 -1.182277203 0.003345680 -0.004788481 0.999982953 43.161396027
0.999979198 0.005259880 -0.003742425 0.859192908 -0.005242734 0.999975741 0.004576674 -1.194140673 0.003766407 -0.004556958 0.999982536 43.710281372
0.999981999 0.005312686 -0.002832625 0.853098154 -0.005300184 0.999976218 0.004403070 -1.197394848 0.002855951 -0.004387976 0.999986291 44.199939728
0.999980748 0.005320407 -0.003199228 0.859880805 -0.005306877 0.999976993 0.004222869 -1.210923910 0.003221621 -0.004205810 0.999985933 44.748672485
0.999981701 0.005480917 -0.002569314 0.871326327 -0.005470305 0.999976575 0.004118645 -1.222167969 0.002591827 -0.004104515 0.999988198 45.300399780
0.999980867 0.005875745 -0.001978229 0.877786040 -0.005866956 0.999972939 0.004420276 -1.241945982 0.002004148 -0.004408584 0.999988258 45.814487457
0.999977767 0.006322961 -0.002114479 0.885830462 -0.006316066 0.999974728 0.003252100 -1.241883755 0.002134988 -0.003238673 0.999992430 46.309715271
0.999974430 0.006861409 -0.002029405 0.897703588 -0.006854383 0.999970555 0.003448658 -1.248920083 0.002053007 -0.003434660 0.999992013 46.864101410
0.999980271 0.005718931 -0.002605836 0.916657746 -0.005708632 0.999975860 0.003943008 -1.266463518 0.002628323 -0.003928054 0.999988854 47.440658569
0.999982834 0.005002301 -0.003050519 0.929689646 -0.004990613 0.999980211 0.003827184 -1.284159184 0.003069604 -0.003811895 0.999988019 47.900966644
0.999983191 0.005343417 -0.002262115 0.935941458 -0.005334023 0.999977171 0.004137441 -1.306431651 0.002284171 -0.004125305 0.999988794 48.432064056
0.999983072 0.005163147 -0.002677469 0.949438989 -0.005153657 0.999980450 0.003538686 -1.313180089 0.002695687 -0.003524827 0.999990165 48.987186432
0.999981225 0.005838617 -0.001868710 0.958895802 -0.005832308 0.999977350 0.003363223 -1.323109984 0.001888305 -0.003352260 0.999992549 49.534934998
0.999975264 0.006900568 -0.001352719 0.949078262 -0.006896120 0.999970853 0.003265316 -1.335940719 0.001375211 -0.003255907 0.999993742 50.155956268
0.999978662 0.006325633 -0.001678866 0.961036921 -0.006319602 0.999973655 0.003573423 -1.351795435 0.001701425 -0.003562737 0.999992192 50.687980652
0.999977410 0.006475896 -0.001757458 0.980535626 -0.006468942 0.999971449 0.003935223 -1.380943894 0.001782891 -0.003923766 0.999990642 51.269256592
0.999977648 0.006434960 -0.001812177 0.991251051 -0.006427830 0.999971688 0.003913410 -1.394207478 0.001837309 -0.003901674 0.999990702 51.798778534
0.999972701 0.007280437 -0.001229571 0.992276371 -0.007276124 0.999967456 0.003476991 -1.402569890 0.001254846 -0.003467950 0.999993205 52.357151031
0.999974072 0.007092809 -0.001185748 1.000732422 -0.007088219 0.999967515 0.003831964 -1.421895504 0.001212888 -0.003823460 0.999991894 52.877662659
0.999974489 0.007068224 -0.001048273 1.006326795 -0.007064007 0.999967158 0.003973572 -1.438115597 0.001076325 -0.003966066 0.999991536 53.429107666
0.999974787 0.006945342 -0.001419000 1.033679247 -0.006940370 0.999969840 0.003478684 -1.462897182 0.001443117 -0.003468748 0.999992967 54.047176361
0.999973953 0.007131144 -0.001104595 1.035277843 -0.007127336 0.999968708 0.003416080 -1.467746735 0.001128921 -0.003408118 0.999993563 54.613849640
0.999975204 0.006908241 -0.001348888 1.046484113 -0.006903590 0.999970376 0.003423846 -1.481365681 0.001372500 -0.003414449 0.999993265 55.165916443
0.999974012 0.007076006 -0.001381192 1.073640347 -0.007071017 0.999968529 0.003584244 -1.508957267 0.001406510 -0.003574385 0.999992609 55.753196716
0.999975741 0.006711684 -0.001826743 1.084083319 -0.006705010 0.999970913 0.003635180 -1.513618588 0.001851088 -0.003622844 0.999991715 56.246006012
0.999971569 0.007405631 -0.001362049 1.094439507 -0.007400761 0.999966323 0.003545754 -1.529669166 0.001388261 -0.003535574 0.999992788 56.796657562
0.999982178 0.005899064 -0.000932704 1.088306665 -0.005895706 0.999976277 0.003563414 -1.548872948 0.000953703 -0.003557852 0.999993145 57.417339325
0.999983132 0.005664372 -0.001267732 1.098377824 -0.005659533 0.999976814 0.003790155 -1.566683412 0.001289171 -0.003782916 0.999991953 57.957427979
0.999975026 0.007065043 -0.000271958 1.112732291 -0.007064188 0.999970376 0.003030169 -1.567743301 0.000293357 -0.003028172 0.999995291 58.523567200
0.999973178 0.007310519 -0.000557493 1.122081757 -0.007308713 0.999968231 0.003178705 -1.578359962 0.000580714 -0.003174545 0.999994695 59.071735382
0.999974430 0.007101226 -0.000869118 1.141257882 -0.007098319 0.999969363 0.003303302 -1.597869754 0.000892549 -0.003297049 0.999994159 59.617855072
0.999973357 0.007214414 -0.001105004 1.155696750 -0.007210612 0.999968112 0.003407741 -1.620596409 0.001129552 -0.003399682 0.999993563 60.163078308
0.999978006 0.006423979 -0.001698762 1.170488238 -0.006418388 0.999974012 0.003276835 -1.628578782 0.001719767 -0.003265859 0.999993205 60.719791412
0.999974549 0.007130511 -0.000256266 1.168776870 -0.007129824 0.999971271 0.002583627 -1.636157990 0.000274682 -0.002581734 0.999996603 61.264575958
0.999968052 0.007984504 -0.000298890 1.175481558 -0.007983572 0.999963641 0.002994732 -1.641341686 0.000322791 -0.002992251 0.999995470 61.781360626
0.999967992 0.007987071 -0.000452364 1.185043335 -0.007985719 0.999963880 0.002916123 -1.656381488 0.000475639 -0.002912416 0.999995649 62.326927185
0.999972939 0.007332026 -0.000592023 1.179694414 -0.007330112 0.999968112 0.003175491 -1.654350996 0.000615287 -0.003171066 0.999994755 62.858097076
0.999960482 0.008873924 0.000483556 1.179332733 -0.008875431 0.999955475 0.003210831 -1.669387102 -0.000455043 -0.003214996 0.999994755 63.385364532
0.999963462 0.008561157 0.000048513 1.191477418 -0.008561262 0.999958992 0.002931469 -1.680615902 -0.000023414 -0.002931777 0.999995649 63.898555756
0.999965727 0.008281360 0.000108656 1.201748133 -0.008281630 0.999961734 0.002793868 -1.689301252 -0.000085515 -0.002794671 0.999996066 64.430725098
0.999962568 0.008634760 0.000558683 1.204280853 -0.008636432 0.999958038 0.003061904 -1.710716605 -0.000532220 -0.003066614 0.999995172 64.927734375
0.999970078 0.007736305 0.000132707 1.218493700 -0.007736662 0.999965727 0.002947097 -1.714956284 -0.000109903 -0.002948036 0.999995589 65.446411133
0.999970317 0.007678350 0.000635407 1.229674816 -0.007679894 0.999967456 0.002462624 -1.721750379 -0.000616478 -0.002467431 0.999996781 65.977272034
0.999965549 0.008259360 0.000854032 1.225666046 -0.008261419 0.999962926 0.002435897 -1.736258030 -0.000833881 -0.002442868 0.999996662 66.502746582
0.999962747 0.008536652 0.001344355 1.236481190 -0.008539689 0.999961019 0.002268548 -1.748430610 -0.001324937 -0.002279944 0.999996603 67.071807861
0.999967515 0.008054410 0.000377650 1.263746023 -0.008055314 0.999964535 0.002457438 -1.757280231 -0.000357843 -0.002460400 0.999996901 67.564765930
0.999967158 0.008059395 0.000844035 1.265299201 -0.008061696 0.999963760 0.002757223 -1.777137160 -0.000821783 -0.002763937 0.999995828 68.140754700
0.999964058 0.008449132 0.000568128 1.286467075 -0.008450747 0.999960065 0.002906018 -1.799400687 -0.000543552 -0.002910715 0.999995589 68.587257385
0.999959886 0.008883825 0.001101179 1.292948127 -0.008887280 0.999955475 0.003174027 -1.813149929 -0.001072933 -0.003183686 0.999994338 69.135437012
0.999951422 0.009767431 0.001302320 1.270968080 -0.009770810 0.999948800 0.002613191 -1.805767655 -0.001276730 -0.002625789 0.999995649 69.627754211
0.999951839 0.009686092 0.001544762 1.279099107 -0.009689330 0.999950767 0.002102846 -1.817170024 -0.001524317 -0.002117713 0.999996543 70.183898926
0.999958038 0.009087195 0.001164000 1.292503357 -0.009089277 0.999957085 0.001796506 -1.830922127 -0.001147625 -0.001807011 0.999997675 70.748054504
0.999968946 0.007860110 0.000477227 1.357926011 -0.007861244 0.999966145 0.002424809 -1.853536963 -0.000458151 -0.002428485 0.999996960 71.238700867
0.999969125 0.007840997 0.000474157 1.370678306 -0.007842153 0.999966145 0.002489393 -1.868442297 -0.000454621 -0.002493034 0.999996781 71.769348145
0.999969423 0.007813882 0.000305784 1.379088283 -0.007814608 0.999966502 0.002450844 -1.886112690 -0.000286623 -0.002453159 0.999996960 72.318809509
0.999972820 0.007329198 0.000780964 1.391255260 -0.007330884 0.999970734 0.002180587 -1.890698195 -0.000764958 -0.002186253 0.999997318 72.856903076
0.999969900 0.007723127 0.000673160 1.402860403 -0.007724716 0.999967337 0.002390277 -1.904794931 -0.000654677 -0.002395405 0.999996901 73.399299622
0.999977767 0.006669851 0.000037008 1.427202702 -0.006669907 0.999976158 0.001789866 -1.918335319 -0.000025069 -0.001790074 0.999998331 73.930534363
0.999976456 0.006857870 -0.000173068 1.440387368 -0.006857470 0.999974072 0.002210804 -1.930567384 0.000188225 -0.002209565 0.999997497 74.490577698
0.999977708 0.006691280 0.000186883 1.451284528 -0.006691684 0.999975085 0.002259542 -1.956221938 -0.000171760 -0.002260742 0.999997377 75.006645203
0.999976277 0.006870395 0.000505974 1.462844968 -0.006871362 0.999974489 0.001935035 -1.965471268 -0.000492665 -0.001938466 0.999997973 75.545036316
0.999973774 0.007231392 0.000332149 1.473693609 -0.007232055 0.999971747 0.002040222 -1.983060002 -0.000317386 -0.002042571 0.999997854 76.076164246
0.999972045 0.007443537 0.000716403 1.488624454 -0.007444821 0.999970675 0.001807471 -2.000026941 -0.000702928 -0.001812754 0.999998093 76.616935730
0.999967277 0.008066176 0.000635279 1.502400756 -0.008067358 0.999965727 0.001882225 -2.014762402 -0.000620075 -0.001887289 0.999998033 77.164489746
0.999974608 0.007139529 0.000104464 1.518033147 -0.007139711 0.999972880 0.001878400 -2.019250154 -0.000091050 -0.001879098 0.999998152 77.697242737
0.999977469 0.006715516 0.000422773 1.528173685 -0.006716264 0.999975860 0.001790648 -2.037259340 -0.000410738 -0.001793446 0.999998331 78.231689453
0.999974132 0.007176897 0.000435984 1.538041472 -0.007177589 0.999972999 0.001606830 -2.047306776 -0.000424440 -0.001609918 0.999998569 78.785530090
0.999976754 0.006814248 -0.000001546 1.558919787 -0.006814233 0.999974906 0.001935221 -2.066805363 0.000014733 -0.001935165 0.999998152 79.327545166
0.999979436 0.006404634 0.000161999 1.571248293 -0.006404918 0.999977887 0.001821765 -2.076553822 -0.000150327 -0.001822765 0.999998391 79.879051208
0.999977350 0.006664488 0.000948426 1.577449918 -0.006666045 0.999976397 0.001647659 -2.098717213 -0.000937423 -0.001653944 0.999998212 80.386238098
0.999971926 0.007104960 0.002403820 1.586782932 -0.007107615 0.999974132 0.001097547 -2.110631227 -0.002395960 -0.001114602 0.999996543 80.938621521
0.999977946 0.005958845 0.002906146 1.607698560 -0.005963379 0.999980986 0.001553942 -2.128065348 -0.002896830 -0.001571238 0.999994576 81.462791443
0.999960184 0.007514853 0.004791106 1.610053539 -0.007524082 0.999969780 0.001911346 -2.142172813 -0.004776598 -0.001947319 0.999986768 82.020416260
0.999951899 0.006354693 0.007460200 1.633960009 -0.006366121 0.999978721 0.001509141 -2.163369656 -0.007450449 -0.001556561 0.999971032 82.576354980
0.999914825 0.006709490 0.011191771 1.649579883 -0.006730541 0.999975622 0.001844430 -2.180716991 -0.011179122 -0.001919600 0.999935687 83.110023499
0.999868691 0.007166599 0.014535349 1.672110796 -0.007192439 0.999972582 0.001726181 -2.200079918 -0.014522579 -0.001830499 0.999892890 83.644775391
0.999815762 0.006049401 0.018215246 1.699157953 -0.006080288 0.999980152 0.001640754 -2.211226702 -0.018204959 -0.001751206 0.999832749 84.215087891
0.999660552 0.006856773 0.025131471 1.716365099 -0.006909297 0.999974132 0.002003813 -2.222450495 -0.025117077 -0.002176774 0.999682128 84.768646240
0.999508023 0.006572155 0.030666709 1.750451326 -0.006617908 0.999977112 0.001390688 -2.240449667 -0.030656863 -0.001592953 0.999528825 85.304992676
0.999318063 0.005843716 0.036458515 1.786626339 -0.005921353 0.999980390 0.002021844 -2.257863998 -0.036445986 -0.002236348 0.999333203 85.852561951
0.998981595 0.006563998 0.044639226 1.832835436 -0.006647048 0.999976397 0.001712298 -2.273311615 -0.044626933 -0.002007273 0.999001622 86.426879883
0.998568296 0.006354869 0.053113241 1.884585619 -0.006422262 0.999978781 0.001098221 -2.283628225 -0.053105142 -0.001437756 0.998587906 86.981079102
0.998157382 0.006556653 0.060324412 1.932232857 -0.006668116 0.999976397 0.001646574 -2.301164389 -0.060312200 -0.002045790 0.998177528 87.532089233
0.997581363 0.005831235 0.069263801 1.988054752 -0.005922937 0.999981821 0.001118656 -2.311137915 -0.069256030 -0.001526195 0.997597754 88.095428467
0.996847153 0.004783924 0.079201646 2.051016331 -0.004832836 0.999988258 0.000425882 -2.327229500 -0.079198673 -0.000807307 0.996858537 88.612670898
0.996091008 0.005635992 0.088152736 2.119806767 -0.005706764 0.999983549 0.000550833 -2.337815046 -0.088148154 -0.001051747 0.996106923 89.221527100
0.995483458 0.004520945 0.094828382 2.195546627 -0.004571727 0.999989450 0.000318262 -2.348987341 -0.094825953 -0.000750354 0.995493531 89.772415161
0.994410932 0.005018466 0.105459586 2.268461704 -0.005074142 0.999987066 0.000259642 -2.366319180 -0.105456918 -0.000793308 0.994423568 90.290008545
0.993297219 0.004957460 0.115481682 2.370185852 -0.005134732 0.999985993 0.001237614 -2.392066240 -0.115473934 -0.001822286 0.993308842 90.822044373
0.992236733 0.003343841 0.124318138 2.504213333 -0.003324948 0.999994397 -0.000359459 -2.395952702 -0.124318630 -0.000056683 0.992242336 91.396301270
0.990645766 0.004101463 0.136396229 2.549156189 -0.004264868 0.999990523 0.000905816 -2.418337584 -0.136391193 -0.001479055 0.990653992 91.912521362
0.988823831 0.003935808 0.149036333 2.636611938 -0.004105138 0.999991179 0.000828563 -2.453763485 -0.149031743 -0.001431117 0.988831401 92.478691101
0.987222672 0.003169744 0.159315288 2.749641418 -0.003356951 0.999993920 0.000905956 -2.468819857 -0.159311458 -0.001429194 0.987227380 93.018959045
0.985377491 0.003792055 0.170343295 2.858430862 -0.003942931 0.999992073 0.000547416 -2.480047464 -0.170339897 -0.001211063 0.985384643 93.577392578
0.983061790 0.004353033 0.183222651 2.977738380 -0.004622125 0.999988735 0.001041627 -2.500236511 -0.183216065 -0.001870862 0.983070910 94.112892151
0.980733931 0.003156361 0.195322633 3.116405487 -0.003383324 0.999993920 0.000828367 -2.518142462 -0.195318818 -0.001473248 0.980738699 94.659286499
0.978697121 0.003015063 0.205287457 3.246814728 -0.003298843 0.999993980 0.001040120 -2.534477711 -0.205283090 -0.001695173 0.978701174 95.196815491
0.975828290 0.002490108 0.218524575 3.393056870 -0.002847386 0.999995053 0.001320051 -2.555562258 -0.218520194 -0.001910367 0.975830555 95.713104248
0.972812533 0.001706214 0.231587872 3.544395447 -0.001980392 0.999997556 0.000951431 -2.567884922 -0.231585711 -0.001384199 0.972813487 96.245475769
0.970016837 0.001693825 0.243031994 3.691566467 -0.001932099 0.999997854 0.000742071 -2.575421095 -0.243030205 -0.001189384 0.970017970 96.779235840
0.967070580 0.001864034 0.254501969 3.856042862 -0.002113954 0.999997616 0.000708494 -2.619387150 -0.254500031 -0.001223169 0.967072010 97.384620667
0.963277817 0.002628872 0.268493533 4.019227982 -0.003425191 0.999991000 0.002497497 -2.643042564 -0.268484563 -0.003325426 0.963278294 97.901008606
0.959747851 0.001741723 0.280857950 4.194843292 -0.002273274 0.999996245 0.001566818 -2.649860144 -0.280854136 -0.002142218 0.959748030 98.442825317
0.956387699 0.001063982 0.292098343 4.396205902 -0.001502257 0.999997973 0.001276148 -2.679770947 -0.292096376 -0.001659299 0.956387460 99.003273010
0.952210665 0.001650477 0.305437714 4.586637497 -0.002545156 0.999993563 0.002530986 -2.733730078 -0.305431545 -0.003187418 0.952208698 99.403419495
0.947382629 0.001014974 0.320101827 4.803981781 -0.001666898 0.999997020 0.001762627 -2.716942310 -0.320098996 -0.002203459 0.947381616 100.091110229
0.943474770 0.000339754 0.331444532 5.008020401 -0.000831580 0.999998748 0.001342068 -2.724859715 -0.331443578 -0.001541830 0.943473816 100.610595703
0.938675046 0.000358621 0.344802946 5.216644287 -0.000822610 0.999998927 0.001199360 -2.740856409 -0.344802141 -0.001409448 0.938674390 101.109382629
0.933399618 0.000115637 0.358838618 5.430625916 -0.000606997 0.999999046 0.001256647 -2.754432440 -0.358838141 -0.001390767 0.933398724 101.619178772
0.928567469 -0.000537838 0.371163309 5.694370270 0.000085143 0.999999225 0.001236051 -2.782971382 -0.371163696 -0.001116155 0.928566813 102.233505249
0.923932731 -0.000949856 0.382553846 5.924335480 0.000489664 0.999998987 0.001300310 -2.798236847 -0.382554710 -0.001014077 0.923932314 102.732849121
0.917865217 -0.001271768 0.396890253 6.162052155 0.000836477 0.999998868 0.001269856 -2.803060055 -0.396891445 -0.000833567 0.917865217 103.222953796
0.912215352 -0.001923189 0.409706563 6.413017273 0.001641975 0.999998212 0.001038183 -2.806401014 -0.409707755 -0.000274318 0.912216783 103.710502625
0.907042027 -0.002054706 0.421035081 6.702239990 0.001464799 0.999997437 0.001724480 -2.852407932 -0.421037495 -0.000947444 0.907042742 104.322929382
0.901289105 -0.002803080 0.433209121 6.959430695 0.002338248 0.999995947 0.001605766 -2.866029501 -0.433211952 -0.000434309 0.901291966 104.806419373
0.894807458 -0.002766750 0.446443617 7.226139069 0.002251178 0.999996066 0.001685248 -2.881512403 -0.446446508 -0.000502948 0.894810200 105.294311523
0.888790846 -0.002659960 0.458305359 7.510841370 0.002272716 0.999996424 0.001396409 -2.890940189 -0.458307385 -0.000199518 0.888793707 105.794662476
0.882900834 -0.003730768 0.469544619 7.781158447 0.003265159 0.999993145 0.001805856 -2.908633709 -0.469548136 -0.000061253 0.882906854 106.240165710
0.875424623 -0.004340560 0.483335257 8.069068909 0.003709037 0.999990582 0.002262480 -2.926315308 -0.483340561 -0.000187922 0.875432432 106.709678650
