1.000000000 0.000000000 0.000000000 0.000000000 0.000000000 1.000000000 0.000000000 0.000000000 0.000000000 0.000000000 1.000000000 0.000000000
1.000000000 -0.000011360 0.000154164 -0.001798363 0.000011349 1.000000000 0.000072987 0.000732216 -0.000154165 -0.000072985 1.000000000 0.002585929
0.999999940 0.000231738 0.000148629 -0.002147903 -0.000231768 0.999999940 0.000204204 0.000541915 -0.000148581 -0.000204238 0.999999940 0.002729742
1.000000000 0.000135988 -0.000116985 0.000854470 -0.000135967 1.000000000 0.000171426 -0.000753565 0.000117009 -0.000171410 1.000000000 -0.000342504
0.999999940 0.000223305 0.000189554 -0.001680952 -0.000223319 1.000000000 0.000074730 -0.000416436 -0.000189538 -0.000074772 1.000000000 0.000416290
1.000000000 0.000113513 0.000017461 -0.000555161 -0.000113515 1.000000000 0.000103696 -0.000468222 -0.000017449 -0.000103698 1.000000000 -0.001198525
1.000000000 -0.000077938 0.000108810 -0.000277804 0.000077925 1.000000000 0.000111425 -0.000766286 -0.000108819 -0.000111416 1.000000000 -0.000689305
1.000000000 -0.000086715 0.000204770 -0.002202512 0.000086691 1.000000000 0.000120936 0.000881114 -0.000204780 -0.000120918 1.000000000 0.003955941
1.000000000 -0.000026752 0.000182946 -0.001211616 0.000026747 1.000000000 0.000030358 0.001034388 -0.000182947 -0.000030353 1.000000000 0.002911204
1.000000000 -0.000069224 0.000191927 -0.001430188 0.000069217 1.000000000 0.000039040 0.000696913 -0.000191930 -0.000039027 1.000000000 0.001989363
1.000000000 -0.000127173 0.000188237 -0.001192267 0.000127178 1.000000000 -0.000023874 0.001871624 -0.000188234 0.000023897 1.000000000 0.003742694
1.000000000 0.000043339 0.000090245 -0.000102372 -0.000043357 1.000000000 0.000197581 -0.000750175 -0.000090236 -0.000197585 1.000000000 0.000487603
0.999999940 0.000001700 0.000261299 -0.002908382 -0.000001684 1.000000000 -0.000060036 0.002625971 -0.000261299 0.000060036 0.999999940 0.005628172
0.999999940 -0.000319632 0.000147437 -0.001788533 0.000319603 0.999999940 0.000199933 -0.000038721 -0.000147501 -0.000199886 0.999999940 0.002412005
1.000000000 -0.000002277 0.000232111 -0.002855863 0.000002243 1.000000000 0.000146542 0.000313214 -0.000232111 -0.000146541 0.999999940 0.002664455
1.000000000 0.000044979 0.000122511 -0.000088676 -0.000045005 1.000000000 0.000214395 -0.001375230 -0.000122502 -0.000214400 0.999999940 -0.001652160
1.000000000 -0.000019702 0.000082550 -0.002337913 0.000019695 1.000000000 0.000082911 0.000918637 -0.000082552 -0.000082909 1.000000000 0.003584492
0.999999940 0.000130145 0.000292853 -0.002293126 -0.000130188 1.000000000 0.000148035 0.000826190 -0.000292834 -0.000148073 0.999999940 0.002315037
0.999999940 0.000076748 0.000302051 -0.003693227 -0.000076797 1.000000000 0.000163997 0.000282890 -0.000302039 -0.000164020 0.999999940 0.002975533
0.999999881 0.000375086 0.000206011 -0.002572207 -0.000375123 0.999999940 0.000181009 0.000448426 -0.000205943 -0.000181087 0.999999940 0.003594031
0.999999940 0.000269531 0.000208396 -0.001831383 -0.000269605 0.999999881 0.000355988 -0.001315937 -0.000208300 -0.000356044 0.999999940 0.001078943
0.999999940 0.000192554 0.000162610 -0.002767285 -0.000192581 0.999999940 0.000169530 0.000489528 -0.000162577 -0.000169561 1.000000000 0.003226385
1.000000000 0.000024666 0.000216978 -0.001437810 -0.000024728 0.999999940 0.000287704 -0.001097206 -0.000216971 -0.000287709 0.999999940 0.000070506
0.999999940 0.000092336 0.000265705 -0.001846546 -0.000092416 0.999999940 0.000302544 -0.001035192 -0.000265677 -0.000302569 0.999999940 0.002724733
0.999999881 0.000279191 0.000357704 -0.003247796 -0.000279278 0.999999940 0.000241058 0.000256150 -0.000357637 -0.000241158 0.999999881 0.001850083
1.000000000 0.000005100 0.000200475 -0.001996200 -0.000005107 1.000000000 0.000031789 0.002130835 -0.000200474 -0.000031790 1.000000000 0.004588243
0.999999940 -0.000240012 0.000055175 -0.000104966 0.000240014 1.000000000 -0.000035763 0.001100132 -0.000055166 0.000035776 1.000000000 0.000652844
1.000000000 0.000000976 0.000158036 0.000157328 -0.000000978 1.000000000 0.000016368 0.000542939 -0.000158036 -0.000016368 1.000000000 0.000370618
0.999999940 0.000331402 0.000233532 -0.003214298 -0.000331397 0.999999940 -0.000023306 0.002142135 -0.000233540 0.000023229 1.000000000 0.004836701
1.000000000 -0.000080130 0.000192211 -0.002365774 0.000080088 1.000000000 0.000214308 0.000446103 -0.000192228 -0.000214292 0.999999940 0.003305247
1.000000000 0.000031436 0.000176611 -0.001649965 -0.000031437 1.000000000 0.000003393 0.001497887 -0.000176611 -0.000003398 1.000000000 0.002980759
1.000000000 -0.000087807 0.000168776 -0.001994549 0.000087788 1.000000000 0.000116265 0.001318998 -0.000168786 -0.000116250 1.000000000 0.003711896
1.000000000 -0.000013895 0.000219417 -0.002486075 0.000013887 1.000000000 0.000037243 0.001322474 -0.000219417 -0.000037240 1.000000000 0.002626074
0.999999940 -0.000128988 0.000334974 -0.002086367 0.000129003 1.000000000 -0.000044182 0.001990065 -0.000334969 0.000044225 0.999999940 0.003870269
1.000000000 -0.000144904 0.000161679 -0.000979998 0.000144879 1.000000000 0.000153714 0.000103127 -0.000161701 -0.000153691 1.000000000 0.001504325
0.999999940 0.000270786 0.000261652 -0.001798177 -0.000270836 0.999999940 0.000190381 0.000388070 -0.000261600 -0.000190452 0.999999940 0.001265035
1.000000000 0.000022743 0.000088899 0.000624268 -0.000022759 1.000000000 0.000179142 0.001222135 -0.000088895 -0.000179144 1.000000000 0.001003290
1.000000000 -0.000097537 0.000181465 -0.001588747 0.000097505 1.000000000 0.000177179 0.001024300 -0.000181482 -0.000177161 0.999999940 0.003803979
0.999999940 0.000067925 0.000262233 -0.003159337 -0.000067982 1.000000000 0.000216769 0.001147999 -0.000262218 -0.000216787 0.999999940 0.004863658
1.000000000 -0.000049495 0.000193269 -0.001001340 0.000049456 1.000000000 0.000199464 0.000109579 -0.000193279 -0.000199455 0.999999940 0.001369469
0.999999940 -0.000091573 0.000352593 -0.001636633 0.000091513 1.000000000 0.000170852 -0.000109858 -0.000352609 -0.000170820 0.999999940 0.002721913
0.999999940 -0.000199216 0.000219757 0.000851056 0.000199356 0.999999762 -0.000636561 0.000472885 -0.000219630 0.000636604 0.999999762 0.051477887
0.999999940 0.000235951 0.000225450 -0.001481984 -0.000235706 0.999999404 -0.001088312 -0.003663676 -0.000225707 0.001088259 0.999999404 0.138382420
0.999999881 0.000457169 0.000190723 0.001177702 -0.000456905 0.999998927 -0.001380226 -0.005419040 -0.000191354 0.001380139 0.999999046 0.253834426
0.999999583 0.000864871 0.000343734 0.005144242 -0.000864539 0.999999166 -0.000965160 -0.015150925 -0.000344568 0.000964862 0.999999464 0.378012657
0.999999642 0.000679036 0.000513711 0.007105393 -0.000678597 0.999999404 -0.000853746 -0.020033224 -0.000514290 0.000853397 0.999999523 0.514351726
0.999999285 0.001005141 0.000633711 0.009354930 -0.001004716 0.999999225 -0.000670243 -0.027867185 -0.000634384 0.000669606 0.999999583 0.660667419
0.999999404 0.000984600 0.000500895 0.014077086 -0.000984191 0.999999166 -0.000815812 -0.026255347 -0.000501698 0.000815318 0.999999464 0.830201626
0.999999046 0.001181536 0.000757833 0.015656862 -0.001180977 0.999999046 -0.000738573 -0.029667163 -0.000758705 0.000737677 0.999999464 0.998124242
0.999999106 0.001159723 0.000671587 0.021426126 -0.001159541 0.999999225 -0.000270817 -0.038965918 -0.000671901 0.000270038 0.999999702 1.173536420
0.999999762 0.000661608 0.000198137 0.027450964 -0.000661572 0.999999762 -0.000178994 -0.043362372 -0.000198255 0.000178863 0.999999940 1.354350686
0.999999344 0.000773282 0.000743646 0.027217042 -0.000773037 0.999999642 -0.000328991 -0.048013665 -0.000743900 0.000328416 0.999999642 1.549923420
0.999999166 0.001026695 0.000770627 0.032038607 -0.001026354 0.999999285 -0.000443133 -0.047003973 -0.000771081 0.000442342 0.999999523 1.754764557
0.999999285 0.001161199 0.000350217 0.036198620 -0.001161072 0.999999285 -0.000364840 -0.055013347 -0.000350641 0.000364434 0.999999821 1.963136435
0.999999583 0.000813378 0.000440981 0.043669879 -0.000813438 0.999999642 0.000136756 -0.063453227 -0.000440870 -0.000137114 0.999999821 2.159293413
0.999998450 0.001425865 0.000987742 0.038403522 -0.001425699 0.999998987 -0.000168844 -0.072489247 -0.000987982 0.000167436 0.999999464 2.385094643
0.999998987 0.001216307 0.000722989 0.052409612 -0.001216309 0.999999285 0.000002665 -0.076746702 -0.000722985 -0.000003545 0.999999762 2.600562096
0.999999046 0.001132694 0.000832305 0.055224501 -0.001132899 0.999999344 0.000246676 -0.087822400 -0.000832025 -0.000247619 0.999999642 2.827779531
0.999998271 0.001560634 0.000952843 0.051016424 -0.001560633 0.999998808 -0.000001891 -0.091547094 -0.000952845 0.000000404 0.999999464 3.077355862
0.999998927 0.001233519 0.000850950 0.059176415 -0.001233484 0.999999285 -0.000042616 -0.096604690 -0.000851002 0.000041566 0.999999642 3.315469265
0.999999106 0.001095156 0.000689759 0.067678295 -0.001095201 0.999999404 0.000065710 -0.108537711 -0.000689686 -0.000066466 0.999999702 3.553220749
0.999999285 0.000985749 0.000664500 0.075037964 -0.000985467 0.999999404 -0.000424210 -0.108695813 -0.000664918 0.000423554 0.999999702 3.821539164
0.999997854 0.001623851 0.001299870 0.065790117 -0.001623448 0.999998629 -0.000310527 -0.114248641 -0.001300372 0.000308416 0.999999106 4.099200249
0.999996364 0.002256989 0.001500644 0.070808418 -0.002257334 0.999997377 0.000228008 -0.120438091 -0.001500126 -0.000231394 0.999998808 4.359381199
0.999996901 0.001922891 0.001633880 0.072855622 -0.001922879 0.999998212 -0.000008839 -0.128784850 -0.001633894 0.000005697 0.999998629 4.611657143
0.999997377 0.001783397 0.001445949 0.082905218 -0.001783923 0.999998331 0.000362592 -0.141030893 -0.001445300 -0.000365170 0.999998868 4.866409779
0.999997318 0.001829403 0.001395202 0.088784285 -0.001829759 0.999998331 0.000254023 -0.146069929 -0.001394734 -0.000256575 0.999998987 5.131148815
0.999997795 0.001837462 0.001008692 0.098389767 -0.001837844 0.999998212 0.000378297 -0.156926408 -0.001007995 -0.000380150 0.999999404 5.388280869
0.999996424 0.002358021 0.001280222 0.102689773 -0.002357850 0.999997199 -0.000135763 -0.160513207 -0.001280539 0.000132744 0.999999166 5.677693844
0.999998093 0.001245686 0.001521675 0.095644847 -0.001247039 0.999998748 0.000888537 -0.181082934 -0.001520566 -0.000890433 0.999998450 5.935224056
0.999998212 0.001091045 0.001503912 0.103721768 -0.001092438 0.999998868 0.000925428 -0.189816087 -0.001502901 -0.000927070 0.999998450 6.216804981
0.999998331 0.001221679 0.001388073 0.110394776 -0.001222705 0.999998987 0.000738349 -0.195415393 -0.001387169 -0.000740044 0.999998808 6.501431465
0.999997795 0.001367093 0.001594548 0.113358960 -0.001367804 0.999998927 0.000444752 -0.202827379 -0.001593939 -0.000446932 0.999998629 6.795403481
0.999996662 0.001495286 0.002090820 0.111807451 -0.001497230 0.999998450 0.000928610 -0.219291925 -0.002089428 -0.000931737 0.999997377 7.103960514
0.999997556 0.001336790 0.001768763 0.123945653 -0.001339301 0.999998033 0.001419485 -0.229892969 -0.001766862 -0.001421851 0.999997437 7.396248341
0.999995351 0.001730049 0.002529621 0.118257888 -0.001731299 0.999998391 0.000491920 -0.228175387 -0.002528766 -0.000496297 0.999996662 7.724772930
0.999995708 0.001542110 0.002494631 0.131171092 -0.001544984 0.999998152 0.001150350 -0.248151228 -0.002492852 -0.001154200 0.999996185 8.040939331
0.999996364 0.001357479 0.002306179 0.136544302 -0.001360759 0.999998093 0.001421338 -0.259699076 -0.002304245 -0.001424471 0.999996245 8.357352257
0.999996066 0.001602364 0.002283198 0.144708112 -0.001605933 0.999997497 0.001562153 -0.273162097 -0.002280689 -0.001565814 0.999996185 8.676608086
0.999994576 0.001629455 0.002861737 0.145127431 -0.001634435 0.999997139 0.001738722 -0.280215532 -0.002858896 -0.001743389 0.999994397 9.020669937
0.999997199 0.000944315 0.002183697 0.165089652 -0.000949524 0.999996662 0.002385684 -0.300496221 -0.002181437 -0.002387751 0.999994755 9.334351540
0.999995589 0.001660090 0.002478990 0.169720367 -0.001666162 0.999995589 0.002449336 -0.306976020 -0.002474913 -0.002453456 0.999993920 9.696353912
0.999995172 0.001622336 0.002657550 0.168573454 -0.001627836 0.999996543 0.002068974 -0.316150635 -0.002654184 -0.002073290 0.999994338 10.062380791
0.999994755 0.001796088 0.002710637 0.175844058 -0.001802010 0.999996006 0.002183626 -0.327737004 -0.002706704 -0.002188499 0.999993980 10.421040535
0.999994457 0.001687997 0.002862278 0.182918042 -0.001695192 0.999995351 0.002513246 -0.339922965 -0.002858022 -0.002518084 0.999992728 10.777450562
0.999994099 0.001639424 0.003011096 0.188073188 -0.001645873 0.999996305 0.002140642 -0.342381269 -0.003007576 -0.002145586 0.999993205 11.148497581
0.999992728 0.001896313 0.003294409 0.193600386 -0.001904918 0.999994755 0.002610753 -0.361648500 -0.003289441 -0.002617010 0.999991179 11.530478477
0.999992907 0.001697868 0.003348116 0.205335364 -0.001706658 0.999994993 0.002624187 -0.369333327 -0.003343643 -0.002629882 0.999990940 11.913705826
0.999993503 0.001383586 0.003334466 0.209474668 -0.001391815 0.999995947 0.002466784 -0.382446289 -0.003331039 -0.002471409 0.999991417 12.297905922
0.999990821 0.002227806 0.003666591 0.217839316 -0.002236587 0.999994636 0.002392291 -0.392227530 -0.003661241 -0.002400470 0.999990463 12.685543060
0.999991655 0.001868952 0.003624458 0.224856392 -0.001879239 0.999994159 0.002836834 -0.402312040 -0.003619134 -0.002843621 0.999989390 13.094472885
0.999992907 0.001487437 0.003461545 0.237472519 -0.001497313 0.999994755 0.002852063 -0.415447474 -0.003457285 -0.002857226 0.999989867 13.493310928
0.999991834 0.001535472 0.003743927 0.246471375 -0.001546486 0.999994516 0.002940964 -0.428554684 -0.003739390 -0.002946730 0.999988616 13.901462555
0.999988556 0.002136757 0.004286869 0.249915957 -0.002148415 0.999993980 0.002716678 -0.433163166 -0.004281038 -0.002725857 0.999987125 14.341773987
0.999987125 0.001982631 0.004662885 0.259240270 -0.001994427 0.999994814 0.002526410 -0.445691973 -0.004657852 -0.002535677 0.999985993 14.761265755
0.999988914 0.001644487 0.004415029 0.274300456 -0.001658917 0.999993205 0.003266505 -0.463553280 -0.004409628 -0.003273792 0.999984920 15.198253632
0.999985635 0.002029116 0.004966348 0.281223148 -0.002043755 0.999993503 0.002944488 -0.472191840 -0.004960341 -0.002954595 0.999983311 15.644311905
0.999981821 0.002110758 0.005650776 0.291071057 -0.002128505 0.999992788 0.003136539 -0.484589040 -0.005644114 -0.003148510 0.999979019 16.080572128
0.999981642 0.001991108 0.005726296 0.303183436 -0.002008923 0.999993086 0.003106976 -0.497582734 -0.005720071 -0.003118422 0.999978781 16.523147583
0.999978602 0.001984022 0.006240210 0.311515510 -0.002003530 0.999993086 0.003121463 -0.511318147 -0.006233975 -0.003133898 0.999975681 16.961688995
0.999977767 0.001896957 0.006383655 0.323755622 -0.001917574 0.999992967 0.003225208 -0.520987868 -0.006377491 -0.003237379 0.999974430 17.432327271
0.999974012 0.002079730 0.006902790 0.334105849 -0.002105498 0.999990880 0.003727734 -0.534605384 -0.006894975 -0.003742171 0.999969184 17.894094467
0.999971509 0.002067270 0.007264033 0.342841208 -0.002093735 0.999991179 0.003637493 -0.548136413 -0.007256449 -0.003652599 0.999966919 18.374870300
0.999969184 0.002313397 0.007507470 0.358434081 -0.002342975 0.999989569 0.003933387 -0.559281826 -0.007498293 -0.003950856 0.999963999 18.850156784
0.999969363 0.002610570 0.007381715 0.374481350 -0.002636934 0.999990165 0.003564099 -0.574597836 -0.007372339 -0.003583455 0.999966383 19.317178726
0.999968052 0.002530609 0.007588153 0.389636308 -0.002557087 0.999990702 0.003481669 -0.586375058 -0.007579273 -0.003500961 0.999965131 19.797904968
0.999967694 0.002507043 0.007640088 0.398787618 -0.002531712 0.999991655 0.003220985 -0.592860878 -0.007631949 -0.003240224 0.999965668 20.300565720
0.999970853 0.002715943 0.007123567 0.422213912 -0.002748019 0.999986112 0.004496945 -0.626853287 -0.007111254 -0.004516390 0.999964535 20.790340424
0.999970675 0.003514663 0.006804295 0.432108551 -0.003540941 0.999986291 0.003853762 -0.630741537 -0.006790658 -0.003877742 0.999969482 21.302175522
0.999970853 0.003398055 0.006830800 0.441016257 -0.003425937 0.999985874 0.004074225 -0.639898419 -0.006816858 -0.004097508 0.999968350 21.804479599
0.999974251 0.002942902 0.006545553 0.441301852 -0.002971086 0.999986291 0.004300259 -0.660351098 -0.006532809 -0.004319595 0.999969304 22.299346924
0.999976933 0.003068383 0.006055166 0.458523750 -0.003095476 0.999985218 0.004470103 -0.669497609 -0.006041361 -0.004488743 0.999971688 22.806947708
0.999974906 0.003562585 0.006114676 0.466181010 -0.003587167 0.999985516 0.004013848 -0.678613484 -0.006100288 -0.004035681 0.999973238 23.327325821
0.999983132 0.003182676 0.004862059 0.480574727 -0.003203412 0.999985754 0.004262841 -0.700278223 -0.004848422 -0.004278345 0.999979079 23.858257294
0.999988019 0.002218744 0.004349457 0.490336776 -0.002235058 0.999990463 0.003749751 -0.712377429 -0.004341095 -0.003759428 0.999983490 24.392469406
0.999986947 0.003367737 0.003824314 0.499181122 -0.003384510 0.999984682 0.004387812 -0.723768890 -0.003809478 -0.004400699 0.999983072 24.925552368
0.999987781 0.003513969 0.003478456 0.513644099 -0.003529730 0.999983430 0.004534950 -0.741259634 -0.003462463 -0.004547173 0.999983668 25.475053787
0.999990046 0.003182470 0.003126537 0.515409827 -0.003193708 0.999988437 0.003596081 -0.745315194 -0.003115057 -0.003606030 0.999988616 26.035720825
0.999987423 0.003784687 0.003298246 0.522924244 -0.003799323 0.999982893 0.004442461 -0.763971567 -0.003281377 -0.004454936 0.999984741 26.578487396
0.999993742 0.002998041 0.001833984 0.548841119 -0.003007084 0.999983251 0.004948363 -0.780552149 -0.001819118 -0.004953848 0.999986053 27.125896454
0.999995172 0.002709446 0.001520263 0.560431957 -0.002717106 0.999983549 0.005059498 -0.796193540 -0.001506529 -0.005063605 0.999986053 27.677637100
0.999990642 0.004019495 0.001612648 0.561406910 -0.004026304 0.999982953 0.004241683 -0.802592278 -0.001595571 -0.004248136 0.999989688 28.257354736
0.999988616 0.004487620 0.001600076 0.560229063 -0.004495868 0.999976456 0.005189142 -0.829028368 -0.001576751 -0.005196278 0.999985278 28.771024704
0.999993682 0.003398005 0.001032426 0.572652102 -0.003403366 0.999980509 0.005235946 -0.838718653 -0.001014614 -0.005239427 0.999985754 29.324750900
0.999988854 0.004621742 0.000935535 0.579401195 -0.004626815 0.999974191 0.005495052 -0.861635387 -0.000910114 -0.005499320 0.999984384 29.870267868
0.999990165 0.004368954 0.000731968 0.584775925 -0.004373024 0.999974430 0.005654224 -0.874707580 -0.000707246 -0.005657370 0.999983668 30.407569885
0.999987662 0.004951772 0.000277570 0.604104877 -0.004953239 0.999972165 0.005558926 -0.889694095 -0.000250036 -0.005560232 0.999984503 30.954273224
0.999988794 0.004725804 0.000125514 0.613002896 -0.004726449 0.999972165 0.005762522 -0.902091742 -0.000098278 -0.005763051 0.999983370 31.500877380
0.999988019 0.004890669 0.000073342 0.625327528 -0.004891027 0.999969184 0.006137379 -0.917116046 -0.000043324 -0.006137664 0.999981105 32.042877197
0.999990344 0.004390887 -0.000153095 0.636687756 -0.004389914 0.999973297 0.005861817 -0.927747965 0.000178829 -0.005861090 0.999982774 32.590801239
0.999989927 0.004482393 -0.000315888 0.639996707 -0.004480466 0.999972820 0.005856722 -0.942443252 0.000342132 -0.005855248 0.999982774 33.136360168
0.999987423 0.004954639 -0.000833511 0.652101696 -0.004949311 0.999968112 0.006278471 -0.959490538 0.000864592 -0.006274266 0.999979973 33.682716370
0.999989152 0.004521036 -0.001116911 0.664010525 -0.004514088 0.999970853 0.006147033 -0.966035128 0.001144670 -0.006141924 0.999980509 34.227931976
0.999988854 0.004621498 -0.000964301 0.670548201 -0.004615370 0.999969840 0.006263355 -0.981925547 0.000993218 -0.006258836 0.999979913 34.768222809
0.999988854 0.004693357 -0.000483290 0.674997211 -0.004690416 0.999971509 0.005917247 -0.990069628 0.000511048 -0.005914915 0.999982357 35.332607269
0.999988794 0.004723700 -0.000498379 0.686916351 -0.004720971 0.999974608 0.005342427 -0.995839715 0.000523602 -0.005340014 0.999985576 35.875732422
0.999988616 0.004511013 -0.001574419 0.701784551 -0.004501292 0.999971092 0.006124159 -1.017159820 0.001601999 -0.006117003 0.999979973 36.389263153
0.999988198 0.004751698 -0.001087590 0.708262384 -0.004745158 0.999971151 0.005938377 -1.025006056 0.001115776 -0.005933146 0.999981761 36.939071655
0.999989688 0.004351470 -0.001315038 0.709553599 -0.004342488 0.999967694 0.006758010 -1.052859187 0.001344403 -0.006752229 0.999976277 37.488292694
0.999984384 0.005388264 -0.001481400 0.725248516 -0.005379067 0.999966681 0.006144250 -1.064247608 0.001514458 -0.006136185 0.999980032 38.039054871
0.999988317 0.004734170 -0.000990792 0.723077655 -0.004728000 0.999970019 0.006139877 -1.070757270 0.001019830 -0.006135121 0.999980688 38.578563690
0.999986053 0.004971948 -0.001739751 0.739333570 -0.004959019 0.999960721 0.007358381 -1.100461721 0.001776268 -0.007349652 0.999971330 39.127449036
0.999985874 0.004995582 -0.001814226 0.746053159 -0.004981653 0.999958694 0.007602650 -1.114914417 0.001852131 -0.007593505 0.999969423 39.666210175
0.999985218 0.004401761 -0.003189269 0.777311444 -0.004373572 0.999951780 0.008792274 -1.141125083 0.003227816 -0.008778194 0.999956250 40.189830780
0.999985933 0.004825276 -0.002213422 0.771309137 -0.004809841 0.999964416 0.006926699 -1.129051805 0.002246767 -0.006915955 0.999973476 40.762001038
0.999984741 0.005102964 -0.002110169 0.778979301 -0.005089981 0.999968290 0.006113126 -1.130056977 0.002141298 -0.006102292 0.999979019 41.315914154
0.999987602 0.004663436 -0.001726891 0.794651210 -0.004653133 0.999971569 0.005922941 -1.133790016 0.001754463 -0.005914833 0.999980927 41.872951508
0.999986410 0.004613421 -0.002429350 0.788324475 -0.004596584 0.999965608 0.006891087 -1.169175863 0.002461058 -0.006879826 0.999973297 42.394283295
0.999984264 0.004786114 -0.002916536 0.800517499 -0.004765195 0.999963164 0.007137584 -1.177253246 0.002950589 -0.007123574 0.999970317 42.935752869
0.999985039 0.004768400 -0.002669599 0.814851284 -0.004748913 0.999962389 0.007258703 -1.192965508 0.002704111 -0.007245917 0.999970138 43.485530853
0.999986053 0.004955587 -0.001812789 0.797945738 -0.004942135 0.999960721 0.007350854 -1.202897668 0.001849146 -0.007341793 0.999971330 44.042343140
0.999987125 0.004680284 -0.001916476 0.803644300 -0.004665611 0.999960423 0.007590244 -1.215559363 0.001951925 -0.007581207 0.999969363 44.584190369
0.999988198 0.004394148 -0.002042270 0.816764891 -0.004378570 0.999961734 0.007570779 -1.224852204 0.002075459 -0.007561748 0.999969244 45.135349274
0.999987423 0.004560816 -0.002087409 0.829057336 -0.004545747 0.999963999 0.007167303 -1.234023809 0.002120022 -0.007157724 0.999972165 45.681610107
0.999987483 0.004568328 -0.002054669 0.835829973 -0.004552410 0.999960065 0.007686934 -1.246912479 0.002089703 -0.007677485 0.999968350 46.237148285
0.999989271 0.003891396 -0.002519110 0.846066117 -0.003872623 0.999965012 0.007414802 -1.260208011 0.002547876 -0.007404967 0.999969363 46.758827209
0.999987304 0.004346612 -0.002569448 0.858742476 -0.004327589 0.999963403 0.007363412 -1.272499323 0.002601361 -0.007352198 0.999969542 47.313697815
0.999987721 0.003767208 -0.003194373 0.872936189 -0.003742061 0.999962270 0.007842020 -1.283760190 0.003223795 -0.007829973 0.999964118 47.849811554
0.999986112 0.004115441 -0.003275976 0.890469551 -0.004088399 0.999957860 0.008218993 -1.301179767 0.003309662 -0.008205487 0.999960899 48.391628265
0.999986708 0.003800481 -0.003476557 0.899546444 -0.003773364 0.999962628 0.007773603 -1.305100918 0.003505971 -0.007760381 0.999963760 48.939338684
0.999988139 0.003364587 -0.003510570 0.907958746 -0.003335851 0.999961138 0.008159389 -1.319363356 0.003537887 -0.008147582 0.999960542 49.480983734
0.999986708 0.003553771 -0.003733914 0.923789084 -0.003524654 0.999963582 0.007775860 -1.324774504 0.003761412 -0.007762597 0.999962807 50.041873932
0.999987245 0.003389291 -0.003739120 0.926776648 -0.003358688 0.999961078 0.008160823 -1.344332814 0.003766634 -0.008148160 0.999959707 50.569057465
0.999986589 0.003689874 -0.003635270 0.928484499 -0.003662557 0.999965250 0.007492644 -1.351237416 0.003662790 -0.007479229 0.999965310 51.122764587
0.999986172 0.003940618 -0.003510443 0.939823151 -0.003913074 0.999961853 0.007818817 -1.365447044 0.003541120 -0.007804972 0.999963284 51.669670105
0.999984622 0.003899021 -0.003949152 0.947855353 -0.003868479 0.999962687 0.007712391 -1.373950958 0.003979076 -0.007696996 0.999962389 52.204322815
0.999986470 0.003652562 -0.003711048 0.954849005 -0.003623865 0.999963701 0.007710285 -1.386446714 0.003739075 -0.007696732 0.999963403 52.741222382
0.999986589 0.003655799 -0.003660661 0.961107731 -0.003627198 0.999963105 0.007789221 -1.395619154 0.003689002 -0.007775838 0.999962986 53.284408569
0.999986768 0.003421177 -0.003821250 0.972549498 -0.003392210 0.999965608 0.007561524 -1.407442570 0.003846988 -0.007548462 0.999964118 53.813018799
0.999987781 0.003332123 -0.003633521 0.979223311 -0.003306896 0.999970496 0.006926902 -1.415387273 0.003656495 -0.006914802 0.999969482 54.350189209
0.999987960 0.003268084 -0.003661674 0.984047890 -0.003240107 0.999965727 0.007620638 -1.432401657 0.003686453 -0.007608683 0.999964237 54.885402679
0.999985695 0.003707733 -0.003854986 0.990061522 -0.003680343 0.999968112 0.007088081 -1.439459324 0.003881144 -0.007073793 0.999967396 55.441249847
0.999987245 0.003405318 -0.003760881 0.999187768 -0.003378300 0.999968588 0.007166982 -1.446878791 0.003785170 -0.007154185 0.999967217 55.977386475
0.999987960 0.003083189 -0.003844116 1.007126451 -0.003055046 0.999968648 0.007305349 -1.455615282 0.003866520 -0.007293516 0.999965906 56.525207520
0.999987304 0.003477633 -0.003662483 1.024496555 -0.003449665 0.999965072 0.007615114 -1.478750587 0.003688837 -0.007602383 0.999964237 57.040576935
0.999988139 0.003320916 -0.003555372 1.024357796 -0.003294279 0.999966681 0.007471866 -1.479316950 0.003580067 -0.007460067 0.999965787 57.607124329
0.999988198 0.003088574 -0.003740339 1.030350924 -0.003063405 0.999972880 0.006716168 -1.486857414 0.003760980 -0.006704631 0.999970496 58.164710999
0.999989271 0.003276909 -0.003270985 1.035442710 -0.003254603 0.999971569 0.006801585 -1.497575879 0.003293179 -0.006790866 0.999971509 58.679004669
0.999990702 0.003299674 -0.002786031 1.040468931 -0.003280563 0.999971271 0.006836675 -1.505867004 0.002808510 -0.006827471 0.999972761 59.227214813
0.999989033 0.003351503 -0.003248202 1.052501440 -0.003328316 0.999969125 0.007117745 -1.519836783 0.003271957 -0.007106858 0.999969363 59.771568298
0.999988019 0.003532676 -0.003393416 1.066369414 -0.003507302 0.999966085 0.007454804 -1.531448841 0.003419637 -0.007442813 0.999966443 60.318222046
0.999988198 0.003342802 -0.003520321 1.070908189 -0.003316814 0.999967396 0.007362696 -1.545346022 0.003544818 -0.007350932 0.999966681 60.864875793
0.999987781 0.003299126 -0.003672930 1.086457133 -0.003273019 0.999969482 0.007091484 -1.558339119 0.003696214 -0.007079375 0.999968052 61.413925171
0.999984980 0.004250090 -0.003452650 1.092661142 -0.004225362 0.999965549 0.007138278 -1.561475039 0.003482869 -0.007123582 0.999968588 61.945434570
0.999983490 0.004390913 -0.003678346 1.101481557 -0.004365621 0.999966919 0.006855780 -1.571295977 0.003708328 -0.006839609 0.999969721 62.495479584
0.999984145 0.004260742 -0.003683666 1.115357280 -0.004236782 0.999969959 0.006488165 -1.578170538 0.003711201 -0.006472456 0.999972165 63.025436401
0.999985635 0.003754308 -0.003824760 1.126365423 -0.003731078 0.999974608 0.006063021 -1.583827972 0.003847426 -0.006048663 0.999974370 63.576957703
0.999982715 0.004329280 -0.003954033 1.130802870 -0.004303805 0.999970078 0.006428665 -1.602352262 0.003981747 -0.006411537 0.999971569 64.121215820
0.999985456 0.004138428 -0.003458165 1.138703704 -0.004115262 0.999969244 0.006679447 -1.611708164 0.003485701 -0.006665120 0.999971688 64.660057068
0.999983609 0.004633023 -0.003367999 1.152547717 -0.004611662 0.999969482 0.006322447 -1.619225860 0.003397187 -0.006306812 0.999974310 65.200355530
0.999983191 0.004800304 -0.003255258 1.143430352 -0.004778026 0.999965370 0.006817331 -1.635222912 0.003287871 -0.006801664 0.999971390 65.729446411
0.999983013 0.004944831 -0.003101222 1.145667672 -0.004921543 0.999960065 0.007472238 -1.646839142 0.003138048 -0.007456848 0.999967277 66.274551392
0.999983728 0.004767986 -0.003115284 1.157081246 -0.004749854 0.999971867 0.005802087 -1.642981410 0.003142860 -0.005787197 0.999978304 66.839187622
0.999985099 0.004233700 -0.003444544 1.179369092 -0.004211642 0.999970853 0.006385826 -1.665284276 0.003471479 -0.006371225 0.999973655 67.381164551
0.999985576 0.004234370 -0.003303968 1.183110595 -0.004214835 0.999973714 0.005897298 -1.666685104 0.003328853 -0.005883287 0.999977171 67.936714172
0.999983549 0.004401396 -0.003677829 1.199546576 -0.004380947 0.999975026 0.005549896 -1.681930542 0.003702165 -0.005533692 0.999977827 68.467514038
0.999981284 0.005375224 -0.002925143 1.192552209 -0.005358662 0.999969661 0.005641026 -1.697298765 0.002955377 -0.005625246 0.999979794 69.032196045
0.999985099 0.004012128 -0.003708788 1.204647422 -0.003991015 0.999975860 0.005682685 -1.697074652 0.003731499 -0.005667799 0.999976993 69.544685364
0.999986649 0.004322359 -0.002828406 1.209341645 -0.004306014 0.999974072 0.005759467 -1.709205270 0.002853227 -0.005747211 0.999979436 70.091194153
0.999984980 0.004754322 -0.002733873 1.216388941 -0.004739041 0.999973238 0.005568712 -1.722808480 0.002760276 -0.005555673 0.999980807 70.636566162
0.999986291 0.003905989 -0.003487307 1.229681253 -0.003886804 0.999977350 0.005490943 -1.733324766 0.003508677 -0.005477314 0.999978781 71.147018433
0.999984801 0.004358086 -0.003370995 1.238097668 -0.004340493 0.999976933 0.005208759 -1.743617654 0.003393618 -0.005194048 0.999980748 71.690750122
0.999984980 0.004229158 -0.003479520 1.244681358 -0.004207533 0.999971867 0.006199040 -1.766101837 0.003505639 -0.006184306 0.999974668 72.216079712
0.999982774 0.004735531 -0.003488553 1.253468513 -0.004715351 0.999972284 0.005770468 -1.779188156 0.003515782 -0.005753919 0.999977231 72.766845703
0.999987841 0.003886145 -0.003040518 1.255034208 -0.003867746 0.999974251 0.006033971 -1.789687157 0.003063889 -0.006022137 0.999977112 73.305297852
0.999983907 0.004525713 -0.003424699 1.263273835 -0.004505347 0.999972284 0.005931011 -1.799164295 0.003451447 -0.005915486 0.999976575 73.841056824
0.999987423 0.003943897 -0.003107476 1.271845460 -0.003925224 0.999974310 0.005992636 -1.811391950 0.003131031 -0.005980363 0.999977231 74.388214111
0.999986291 0.004015406 -0.003341805 1.285521984 -0.003994508 0.999972582 0.006236819 -1.824434280 0.003366757 -0.006223385 0.999974966 74.919288635
0.999988616 0.003436745 -0.003297369 1.294838428 -0.003416329 0.999975085 0.006177222 -1.838229418 0.003318517 -0.006165886 0.999975443 75.457084656
0.999987364 0.003751259 -0.003353448 1.309762120 -0.003729466 0.999972045 0.006481514 -1.854919910 0.003377669 -0.006468927 0.999973357 76.002563477
0.999987185 0.004036131 -0.003074824 1.312326908 -0.004018062 0.999974728 0.005860076 -1.858982921 0.003098398 -0.005847646 0.999978065 76.558280945
0.999988675 0.003504390 -0.003214949 1.330601454 -0.003484245 0.999974370 0.006250094 -1.878291845 0.003236770 -0.006238822 0.999975264 77.097023010
0.999986291 0.003249916 -0.004099253 1.346880436 -0.003228623 0.999981344 0.005190300 -1.884553671 0.004116044 -0.005176994 0.999978125 77.634391785
0.999985814 0.003948901 -0.003553243 1.340655088 -0.003927268 0.999973834 0.006074929 -1.895649195 0.003577139 -0.006060889 0.999975264 78.151237488
0.999985874 0.004008987 -0.003486306 1.349030733 -0.003988949 0.999975622 0.005735682 -1.906221747 0.003509216 -0.005721695 0.999977469 78.704376221
0.999986649 0.004061299 -0.003182996 1.361776471 -0.004042327 0.999974191 0.005944540 -1.919143319 0.003207057 -0.005931594 0.999977291 79.257919312
0.999986053 0.003726829 -0.003730819 1.371506691 -0.003705403 0.999976635 0.005733463 -1.931282282 0.003752099 -0.005719559 0.999976575 79.792312622
0.999987423 0.003625909 -0.003468946 1.379216194 -0.003606021 0.999977052 0.005722442 -1.943084598 0.003489616 -0.005709860 0.999977589 80.336616516
0.999989033 0.003896540 -0.002609635 1.389592767 -0.003881249 0.999975383 0.005838611 -1.955557346 0.002632321 -0.005828417 0.999979556 80.882743835
0.999990106 0.004157696 -0.001601301 1.401246309 -0.004148521 0.999975204 0.005690325 -1.968282223 0.001624920 -0.005683626 0.999982536 81.427650452
0.999991417 0.004119367 -0.000469198 1.412600756 -0.004116711 0.999976218 0.005529177 -1.979348779 0.000491964 -0.005527198 0.999984622 81.959991455
0.999989390 0.004543933 0.000771995 1.431179285 -0.004548678 0.999970019 0.006258984 -2.001429081 -0.000743531 -0.006262429 0.999980092 82.492858887
0.999982893 0.004333049 0.003911898 1.448248744 -0.004358240 0.999969661 0.006454384 -2.013435125 -0.003883812 -0.006471323 0.999971509 83.067405701
0.999958336 0.004554146 0.007902376 1.467911005 -0.004604870 0.999968827 0.006412515 -2.019742489 -0.007872926 -0.006448638 0.999948204 83.607505798
0.999937534 0.003548659 0.010597365 1.490276575 -0.003614324 0.999974310 0.006183615 -2.038613319 -0.010575149 -0.006221531 0.999924719 84.142410278
0.999871254 0.004277287 0.015474126 1.514542103 -0.004372391 0.999971747 0.006117346 -2.047020674 -0.015447523 -0.006184217 0.999861479 84.674598694
0.999766350 0.003836250 0.021273257 1.544673681 -0.003970126 0.999972582 0.006254496 -2.060210228 -0.021248676 -0.006337492 0.999754131 85.216575623
0.999617994 0.004549061 0.027261155 1.572680712 -0.004716828 0.999970257 0.006092887 -2.075010300 -0.027232625 -0.006219146 0.999609768 85.750694275
0.999429524 0.004577816 0.033461004 1.599783778 -0.004781743 0.999970496 0.006016994 -2.084845066 -0.033432472 -0.006173564 0.999421954 86.294303894
0.999155641 0.003734459 0.040918108 1.640729308 -0.003992046 0.999972701 0.006215270 -2.100046873 -0.040893778 -0.006373368 0.999143183 86.854713440
0.998837590 0.003828493 0.048050448 1.693573952 -0.004151114 0.999969542 0.006616217 -2.116180420 -0.048023649 -0.006807989 0.998822987 87.394805908
0.998398840 0.003533838 0.056456838 1.731918812 -0.003886097 0.999973714 0.006130870 -2.123842955 -0.056433689 -0.006340450 0.998386264 87.938529968
0.997862339 0.003965278 0.065229528 1.780486345 -0.004370486 0.999972045 0.006070521 -2.129310369 -0.065203622 -0.006342630 0.997851849 88.476432800
0.997106194 0.004413277 0.075893030 1.841217518 -0.004857863 0.999972165 0.005674455 -2.144924879 -0.075865857 -0.006026712 0.997099757 89.006561279
0.996527910 0.002593913 0.083218060 1.912149429 -0.003073891 0.999979317 0.005640118 -2.146865368 -0.083201692 -0.005876339 0.996515393 89.563735962
0.995952725 0.001604574 0.089863762 1.980889320 -0.002076128 0.999984503 0.005154209 -2.148651600 -0.089854106 -0.005319918 0.995940745 90.119667053
0.994756043 0.002760010 0.102239311 2.058092117 -0.003364713 0.999977887 0.005742599 -2.174005270 -0.102221198 -0.006056490 0.994743288 90.635444641
0.993617058 0.002936174 0.112767659 2.132656097 -0.003568798 0.999978960 0.005408521 -2.174633026 -0.112749413 -0.005776443 0.993606687 91.200752258
0.992567420 0.002294889 0.121674702 2.218979836 -0.002974832 0.999980927 0.005406838 -2.186281443 -0.121659979 -0.005728612 0.992555320 91.748016357
0.991092145 0.002816974 0.133148208 2.314743996 -0.003603408 0.999977469 0.005665855 -2.206631422 -0.133129254 -0.006095172 0.991079926 92.283103943
0.989428759 0.002256278 0.145002380 2.416596413 -0.003069947 0.999980748 0.005387909 -2.215621233 -0.144987449 -0.005776102 0.989416778 92.833984375
0.987778962 0.001702229 0.155852199 2.521166801 -0.002636897 0.999979734 0.005790592 -2.235625505 -0.155839190 -0.006130791 0.987763524 93.382507324
0.986092031 0.001901832 0.166189417 2.636958122 -0.002931114 0.999978006 0.005948387 -2.247612000 -0.166174456 -0.006352776 0.986075878 93.900436401
0.983809888 0.001304158 0.179210156 2.758885384 -0.002412148 0.999979258 0.005964859 -2.260062456 -0.179198682 -0.006300570 0.983792663 94.432487488
0.981477261 0.001991657 0.191568434 2.878942490 -0.003175009 0.999977708 0.005870419 -2.270569324 -0.191552505 -0.006369913 0.981461704 94.984268188
0.979360700 0.001372153 0.202115908 3.005373001 -0.002575736 0.999980450 0.005692024 -2.280093193 -0.202104166 -0.006095142 0.979345143 95.518730164
0.976662695 0.001320928 0.214774907 3.152990341 -0.002678496 0.999978185 0.006029977 -2.300716162 -0.214762256 -0.006464527 0.976644993 96.036270142
0.973597050 0.000688912 0.228272483 3.283451080 -0.002163911 0.999978364 0.006211355 -2.305515528 -0.228263259 -0.006541318 0.973577499 96.564125061
0.970891833 0.000640457 0.239517584 3.430986404 -0.002229880 0.999977231 0.006365000 -2.320096016 -0.239508063 -0.006713822 0.970871210 97.097015381
0.967963159 0.000198831 0.251091897 3.592205048 -0.001761081 0.999980450 0.005997144 -2.326237917 -0.251085788 -0.006247208 0.967944622 97.617233276
0.964175403 0.000220131 0.265265435 3.750030518 -0.001886063 0.999980032 0.006025543 -2.337470293 -0.265258789 -0.006309987 0.964156747 98.143257141
0.960678458 -0.000169234 0.277663201 3.924804688 -0.001436246 0.999983430 0.005578706 -2.345671892 -0.277659565 -0.005758135 0.960662365 98.671287537
0.957424343 -0.000111869 0.288684189 4.100418091 -0.001702250 0.999980330 0.006033039 -2.363594770 -0.288679242 -0.006267590 0.957405388 99.191535950
0.952864230 0.000193207 0.303397030 4.265783310 -0.002156346 0.999978840 0.006135531 -2.380877972 -0.303389430 -0.006500558 0.952844501 99.744468689
0.948590457 -0.000964718 0.316504568 4.466314316 -0.000966516 0.999981880 0.005944713 -2.393715620 -0.316504568 -0.005945005 0.948572397 100.234893799
0.944697857 -0.001446294 0.327938855 4.666194916 -0.000461302 0.999983370 0.005739061 -2.393949032 -0.327941716 -0.005572957 0.944681525 100.749526978
0.940236986 -0.002040425 0.340514839 4.878423691 0.000202057 0.999985218 0.005434163 -2.404974222 -0.340520829 -0.005040597 0.940223515 101.264068604
0.934967518 -0.002728860 0.354722887 5.095159531 0.000839156 0.999984562 0.005480998 -2.414594889 -0.354732335 -0.004826887 0.934955418 101.792762756
0.930302680 -0.002644059 0.366783142 5.315912247 0.000407822 0.999980807 0.006174251 -2.433547020 -0.366792411 -0.005594339 0.930285990 102.297767639
0.925375700 -0.002754813 0.379041195 5.535978317 0.000738287 0.999984801 0.005465311 -2.441287518 -0.379050434 -0.004777625 0.925363660 102.803543091
0.919616878 -0.003124282 0.392804146 5.775493622 0.001016854 0.999984086 0.005573046 -2.452507973 -0.392815262 -0.004725643 0.919605255 103.295852661
0.913787365 -0.004053515 0.406172544 6.012893677 0.001863072 0.999981523 0.005788152 -2.468111992 -0.406188458 -0.004532412 0.913778067 103.794837952
0.908704042 -0.004551889 0.417416155 6.261348724 0.002473184 0.999981701 0.005520663 -2.480012417 -0.417433619 -0.003984301 0.908698618 104.273628235
0.902236938 -0.005047359 0.431211174 6.529407501 0.002793260 0.999978960 0.005860401 -2.490581512 -0.431231618 -0.004082985 0.902232051 104.782073975
0.895523906 -0.004509191 0.444990546 6.783523560 0.002106224 0.999980330 0.005894346 -2.496902704 -0.445008427 -0.004341277 0.895515859 105.302947998
0.889824152 -0.005357374 0.456272274 7.062225342 0.003224273 0.999979913 0.005453390 -2.507175446 -0.456292331 -0.003381411 0.889823556 105.779861450
0.883987665 -0.005610384 0.467476606 7.328918457 0.003116206 0.999976516 0.006108465 -2.516448259 -0.467499882 -0.003943054 0.883984387 106.267333984
0.876531899 -0.005823617 0.481308520 7.604957581 0.003511314 0.999977589 0.005704672 -2.524995804 -0.481330931 -0.003310302 0.876532674 106.752090454
