1.000000000 0.000000000 0.000000000 0.000000000 0.000000000 1.000000000 0.000000000 0.000000000 0.000000000 0.000000000 1.000000000 0.000000000
1.000000000 -0.000048897 -0.000043867 0.000631131 0.000048902 1.000000000 0.000118897 -0.000516749 0.000043861 -0.000118899 1.000000000 0.000270607
1.000000000 0.000112784 -0.000105494 0.000671159 -0.000112782 1.000000000 0.000021395 -0.000155770 0.000105497 -0.000021383 1.000000000 -0.000314362
1.000000000 0.000010709 -0.000025113 0.000510975 -0.000010708 1.000000000 0.000057523 -0.000159095 0.000025114 -0.000057523 1.000000000 0.000347119
1.000000000 0.000006833 -0.000123532 0.000081168 -0.000006833 1.000000000 0.000000131 -0.000056018 0.000123532 -0.000000130 1.000000000 -0.000997692
1.000000000 0.000006858 0.000000125 -0.000389094 -0.000006858 1.000000000 -0.000001800 0.000320595 -0.000000125 0.000001800 1.000000000 -0.000758884
1.000000000 -0.000048322 -0.000015581 0.001116405 0.000048320 1.000000000 -0.000135090 0.000791768 0.000015588 0.000135089 1.000000000 -0.000961863
1.000000000 0.000005876 0.000099405 0.000163357 -0.000005875 1.000000000 -0.000016139 0.000931316 -0.000099405 0.000016138 1.000000000 0.000393530
1.000000000 0.000027739 0.000195318 -0.000146164 -0.000027742 1.000000000 0.000016408 -0.000348133 -0.000195317 -0.000016413 1.000000000 -0.002299482
1.000000000 -0.000048293 0.000002256 0.000663753 0.000048293 1.000000000 -0.000024259 0.000940574 -0.000002255 0.000024259 1.000000000 0.000543272
1.000000000 0.000077451 -0.000076041 0.001429336 -0.000077455 1.000000000 -0.000051418 0.000579093 0.000076037 0.000051424 1.000000000 -0.000461831
1.000000000 0.000082026 -0.000043179 0.000903411 -0.000082027 1.000000000 -0.000009885 0.001018629 0.000043178 0.000009889 1.000000000 0.001192521
1.000000000 -0.000066066 -0.000054505 0.000789880 0.000066061 1.000000000 -0.000089394 0.000852892 0.000054511 0.000089391 1.000000000 -0.000525536
1.000000000 0.000098373 0.000016652 0.000161433 -0.000098371 1.000000000 -0.000086909 0.001092593 -0.000016661 0.000086907 1.000000000 -0.000156232
1.000000000 -0.000146945 -0.000000868 0.000595604 0.000146945 1.000000000 0.000043702 0.000768581 0.000000862 -0.000043702 1.000000000 -0.000102989
1.000000000 -0.000095474 -0.000118427 0.000818832 0.000095486 1.000000000 0.000102663 -0.000224174 0.000118418 -0.000102674 1.000000000 -0.001369908
1.000000000 0.000088954 0.000074877 -0.000373814 -0.000088960 1.000000000 0.000081191 -0.000019653 -0.000074869 -0.000081198 1.000000000 -0.000220071
1.000000000 0.000070015 -0.000082968 0.000691468 -0.000070015 1.000000000 0.000000015 0.000539980 0.000082968 -0.000000009 1.000000000 -0.000830440
1.000000000 0.000215171 -0.000030104 0.000549907 -0.000215172 1.000000000 -0.000022247 0.000314339 0.000030099 0.000022253 1.000000000 -0.002059332
1.000000000 -0.000027808 -0.000014075 0.000753909 0.000027809 1.000000000 0.000079708 0.000025715 0.000014073 -0.000079708 1.000000000 -0.000708791
1.000000000 0.000116160 0.000003000 0.000487665 -0.000116160 1.000000000 -0.000023756 0.000379950 -0.000003002 0.000023756 1.000000000 -0.000363124
1.000000000 -0.000002389 -0.000016488 0.000340382 0.000002388 1.000000000 -0.000069518 0.001011400 0.000016489 0.000069518 1.000000000 -0.000596246
1.000000000 0.000130453 0.000053668 0.000169466 -0.000130456 1.000000000 0.000054283 0.000880010 -0.000053660 -0.000054290 1.000000000 0.001160081
0.999999940 0.000359956 0.000070837 -0.000171562 -0.000359960 0.999999940 0.000057353 0.001015304 -0.000070817 -0.000057378 1.000000000 0.000142639
1.000000000 -0.000064678 -0.000015949 0.000892706 0.000064676 1.000000000 -0.000121645 0.001684902 0.000015957 0.000121644 1.000000000 -0.000176089
1.000000000 -0.000066040 -0.000095227 0.001226446 0.000066013 0.999999940 -0.000283423 0.002001810 0.000095245 0.000283417 0.999999940 -0.002527817
1.000000000 0.000098960 -0.000016172 0.000086030 -0.000098961 1.000000000 -0.000059006 0.001090345 0.000016166 0.000059008 1.000000000 -0.000527047
1.000000000 0.000174675 0.000011427 0.000264583 -0.000174676 1.000000000 0.000123563 -0.000109444 -0.000011405 -0.000123565 1.000000000 -0.000023188
1.000000000 0.000056773 0.000013903 -0.000513550 -0.000056776 1.000000000 0.000169177 -0.000182330 -0.000013894 -0.000169178 1.000000000 0.000485338
1.000000000 0.000034578 -0.000018210 0.000039419 -0.000034577 1.000000000 0.000066427 0.000567925 0.000018213 -0.000066426 1.000000000 -0.000488934
1.000000000 0.000025981 -0.000035418 0.001055540 -0.000025975 1.000000000 0.000145010 0.000683142 0.000035422 -0.000145009 1.000000000 0.000046997
1.000000000 -0.000060358 -0.000046132 0.000517689 0.000060361 1.000000000 0.000062025 0.000405750 0.000046129 -0.000062027 1.000000000 -0.000519680
1.000000000 0.000032052 0.000035229 -0.000559364 -0.000032053 1.000000000 0.000045188 0.000648279 -0.000035228 -0.000045189 1.000000000 0.000716648
0.999999940 -0.000254912 -0.000088342 0.001256729 0.000254930 0.999999940 0.000202757 -0.000576972 0.000088290 -0.000202779 1.000000000 -0.001088456
1.000000000 -0.000123446 -0.000076375 0.000349988 0.000123440 1.000000000 -0.000083831 0.001611427 0.000076385 0.000083822 1.000000000 0.001599571
0.999999940 -0.000292779 -0.000119776 0.000847023 0.000292780 0.999999940 0.000001616 0.000305071 0.000119775 -0.000001651 1.000000000 -0.000616744
1.000000000 -0.000193948 -0.000119794 0.001475325 0.000193957 1.000000000 0.000073660 0.000263343 0.000119780 -0.000073683 1.000000000 0.000551622
1.000000000 -0.000062134 -0.000059725 0.000903447 0.000062140 1.000000000 0.000103063 -0.000037383 0.000059719 -0.000103066 1.000000000 -0.000316885
1.000000000 0.000021349 -0.000002283 0.000900328 -0.000021349 1.000000000 0.000002160 0.001208893 0.000002283 -0.000002160 1.000000000 0.000515912
1.000000000 -0.000197554 0.000017131 0.000568780 0.000197556 1.000000000 -0.000110549 0.001054655 -0.000017109 0.000110553 1.000000000 -0.000220964
1.000000000 -0.000081769 0.000145822 -0.000724420 0.000081854 0.999999821 -0.000582323 -0.000929444 -0.000145775 0.000582335 0.999999821 0.053759575
1.000000000 -0.000222271 -0.000090516 0.002858901 0.000222171 0.999999344 -0.001107065 -0.004287661 0.000090762 0.001107045 0.999999404 0.138642669
0.999999940 0.000316149 -0.000170996 0.005043449 -0.000316385 0.999998987 -0.001377563 -0.005958038 0.000170560 0.001377617 0.999999046 0.254072577
0.999999523 -0.000874081 -0.000406618 0.009724777 0.000873571 0.999998808 -0.001254372 -0.012565937 0.000407714 0.001254016 0.999999106 0.383238673
1.000000000 0.000000050 -0.000177928 0.008643948 -0.000000272 0.999999225 -0.001249862 -0.017683074 0.000177928 0.001249862 0.999999225 0.527953625
0.999999940 0.000057560 -0.000277008 0.012094107 -0.000057871 0.999999344 -0.001121307 -0.020366570 0.000276943 0.001121323 0.999999344 0.684552610
1.000000000 -0.000045780 -0.000133732 0.017836645 0.000045666 0.999999642 -0.000855857 -0.025022276 0.000133771 0.000855851 0.999999642 0.846852303
1.000000000 -0.000087225 0.000006756 0.017488521 0.000087232 0.999999523 -0.000990975 -0.027429933 -0.000006670 0.000990975 0.999999523 1.018362761
0.999999940 0.000406002 -0.000069454 0.018530048 -0.000406057 0.999999583 -0.000801469 -0.032493234 0.000069128 0.000801497 0.999999702 1.188207269
0.999999881 0.000505761 0.000151131 0.020371338 -0.000505670 0.999999702 -0.000599442 -0.031501822 -0.000151434 0.000599366 0.999999821 1.384066343
0.999999821 0.000329992 0.000457261 0.019548848 -0.000329462 0.999999285 -0.001159446 -0.029013919 -0.000457643 0.001159296 0.999999225 1.571256638
0.999999821 0.000444470 0.000321912 0.027207935 -0.000444381 0.999999881 -0.000278496 -0.048167907 -0.000322035 0.000278353 0.999999881 1.769600749
0.999999523 -0.000924001 0.000365306 -0.018691756 0.000922986 0.999995768 0.002768652 -0.086526506 -0.000367862 -0.002768314 0.999996126 1.934507251
0.999998569 -0.001389213 0.000984604 -0.019595606 0.001386542 0.999995410 0.002708016 -0.090189837 -0.000988362 -0.002706647 0.999995887 2.139478922
0.999999225 -0.000948305 0.000856643 -0.012723137 0.000945987 0.999995947 0.002702380 -0.096035585 -0.000859202 -0.002701567 0.999996006 2.364167452
0.999999344 -0.000936394 0.000663925 -0.013720037 0.000934473 0.999995410 0.002887880 -0.100266896 -0.000666626 -0.002887258 0.999995589 2.570527077
0.999999523 -0.000843890 0.000528053 -0.008676190 0.000842187 0.999994457 0.003217078 -0.107797340 -0.000530766 -0.003216631 0.999994695 2.800116777
0.999999523 -0.000519876 0.000842854 -0.010446912 0.000517416 0.999995708 0.002915817 -0.112522259 -0.000844366 -0.002915379 0.999995410 3.030067921
0.999999166 -0.001194042 0.000540033 0.003186469 0.001192815 0.999996722 0.002266593 -0.111012504 -0.000542738 -0.002265947 0.999997258 3.288910389
0.999998808 -0.000588196 0.001443534 -0.037456337 0.000583548 0.999994636 0.003218111 -0.119779468 -0.001445419 -0.003217265 0.999993801 3.492601156
0.999998868 -0.000924438 0.001198445 -0.030741613 0.000920879 0.999995232 0.002966693 -0.118968278 -0.001201182 -0.002965586 0.999994934 3.751705170
0.999998212 -0.000985372 0.001616617 -0.026781425 0.000981183 0.999996245 0.002589878 -0.125665888 -0.001619163 -0.002588287 0.999995410 4.003504276
0.999998450 -0.000029603 0.001770479 -0.023747331 0.000023528 0.999994040 0.003431300 -0.138249129 -0.001770570 -0.003431253 0.999992609 4.251692772
0.999998152 -0.001199563 0.001498328 -0.012514798 0.001193937 0.999992251 0.003750765 -0.143096283 -0.001502816 -0.003748969 0.999991894 4.500405788
0.999997199 -0.001427612 0.001878600 -0.058339301 0.001422118 0.999994695 0.002922765 -0.126855344 -0.001882763 -0.002920085 0.999993980 4.762053490
0.999997675 -0.001448559 0.001639543 -0.047439456 0.001443360 0.999993980 0.003167877 -0.135812938 -0.001644122 -0.003165503 0.999993682 5.022249699
0.999997079 -0.001646685 0.001785245 -0.046715233 0.001640816 0.999993265 0.003283969 -0.142016098 -0.001790641 -0.003281030 0.999992967 5.283333778
0.999997258 -0.000807088 0.002233402 -0.043792628 0.000799471 0.999993861 0.003409350 -0.151289210 -0.002236140 -0.003407554 0.999991715 5.569463730
0.999996126 -0.001705877 0.002194057 -0.044257469 0.001697658 0.999991596 0.003742717 -0.155307084 -0.002200423 -0.003738978 0.999990582 5.839257240
0.999991596 -0.003838273 0.001449872 -0.077539094 0.003833942 0.999988139 0.002978191 -0.140616879 -0.001461286 -0.002972608 0.999994516 6.095757008
0.999994755 -0.002995663 0.001255777 -0.074425958 0.002991901 0.999991059 0.002986875 -0.146157116 -0.001264714 -0.002983101 0.999994755 6.380905628
0.999992311 -0.003677787 0.001380460 -0.065806299 0.003673559 0.999988556 0.003053338 -0.158082128 -0.001391674 -0.003048244 0.999994338 6.665151119
0.999989927 -0.004107849 0.001826191 -0.059804220 0.004102940 0.999987960 0.002683571 -0.158175483 -0.001837192 -0.002676051 0.999994695 6.950936317
0.999992132 -0.003780692 0.001255591 -0.044637576 0.003775476 0.999984324 0.004131071 -0.183433756 -0.001271190 -0.004126298 0.999990642 7.242822170
0.999993145 -0.003233504 0.001808000 -0.042379301 0.003226407 0.999987066 0.003914661 -0.191376001 -0.001820635 -0.003908801 0.999990642 7.559931278
0.999978483 -0.005198831 0.003989646 -0.174176931 0.005188463 0.999983072 0.002604855 -0.145200238 -0.004003120 -0.002584099 0.999988675 7.879549026
0.999982417 -0.004544051 0.003812321 -0.168526635 0.004535370 0.999987125 0.002282607 -0.150318936 -0.003822644 -0.002265276 0.999990165 8.202402115
0.999981761 -0.004685341 0.003788941 -0.173286095 0.004675404 0.999985576 0.002627393 -0.160855979 -0.003801196 -0.002609630 0.999989390 8.513988495
0.999981403 -0.004276565 0.004350886 -0.171150744 0.004264547 0.999987066 0.002767916 -0.167769939 -0.004362667 -0.002749310 0.999986708 8.856119156
0.999977887 -0.005185042 0.004158643 -0.157649443 0.005173385 0.999982655 0.002809001 -0.176373571 -0.004173135 -0.002787424 0.999987423 9.183159828
0.999979675 -0.005095304 0.003837039 -0.147708789 0.005084062 0.999982834 0.002933792 -0.183166549 -0.003851922 -0.002914225 0.999988317 9.550502777
0.999971509 -0.005330389 0.005340691 -0.221267074 0.005313408 0.999980807 0.003188787 -0.206197679 -0.005357586 -0.003160319 0.999980628 9.870898247
0.999970496 -0.005546988 0.005320509 -0.211131528 0.005528610 0.999978721 0.003462795 -0.217709988 -0.005339604 -0.003433278 0.999979794 10.223000526
0.999970555 -0.005864886 0.004944559 -0.195761099 0.005843974 0.999974012 0.004233216 -0.231919825 -0.004969258 -0.004204195 0.999978840 10.577344894
0.999974489 -0.004891676 0.005204784 -0.189378887 0.004871841 0.999980807 0.003816763 -0.233530909 -0.005223355 -0.003791308 0.999979138 10.953174591
0.999965966 -0.005343756 0.006280317 -0.250757813 0.005321577 0.999979556 0.003542715 -0.237434655 -0.006299119 -0.003509173 0.999974012 11.335303307
0.999967217 -0.005185423 0.006214548 -0.237509638 0.005161123 0.999979019 0.003919722 -0.248015538 -0.006234743 -0.003887519 0.999973059 11.719227791
0.999961019 -0.006110537 0.006384498 -0.227712020 0.006085917 0.999974072 0.003868424 -0.256924629 -0.006407971 -0.003829418 0.999972224 12.105192184
0.999963820 -0.004399808 0.007283911 -0.271958947 0.004379671 0.999986529 0.002778178 -0.227144212 -0.007296036 -0.002746176 0.999969602 12.505048752
0.999964476 -0.004421294 0.007176266 -0.263994902 0.004401656 0.999986470 0.002749932 -0.234794497 -0.007188328 -0.002718247 0.999970436 12.901618958
0.999962270 -0.003506291 0.007945621 -0.287616372 0.003485062 0.999990284 0.002684079 -0.248343050 -0.007954957 -0.002656287 0.999964774 13.295245171
0.999957800 -0.004068630 0.008240986 -0.276582122 0.004044174 0.999987423 0.002982045 -0.259588152 -0.008253016 -0.002948592 0.999961615 13.709285736
0.999957144 -0.002841904 0.008808583 -0.289590150 0.002818300 0.999992430 0.002690968 -0.256181002 -0.008816164 -0.002666028 0.999957561 14.138989449
0.999952674 -0.002853035 0.009294728 -0.278790951 0.002832975 0.999993682 0.002170639 -0.265874088 -0.009300862 -0.002144205 0.999954462 14.563618660
0.999949634 -0.004361886 0.009042163 -0.257549882 0.004335716 0.999986351 0.002911885 -0.280495375 -0.009054742 -0.002872533 0.999954939 14.971665382
0.999943852 -0.001661410 0.010468317 -0.318844378 0.001644393 0.999997318 0.001633954 -0.242673188 -0.010471004 -0.001616648 0.999943852 15.466521263
0.999942422 -0.002254742 0.010483973 -0.301266015 0.002239058 0.999996364 0.001507468 -0.258181483 -0.010487333 -0.001483907 0.999943912 15.903450012
0.999914527 -0.000652207 0.013057039 -0.358215749 0.000652100 0.999999762 0.000012414 -0.227899119 -0.013057045 -0.000003899 0.999914765 16.345178604
0.999913335 -0.000408449 0.013155838 -0.345875084 0.000413980 0.999999821 -0.000417700 -0.240899771 -0.013155665 0.000423110 0.999913335 16.789148331
0.999857426 0.002599083 0.016684821 -0.430112362 -0.002552362 0.999992728 -0.002820896 -0.189348459 -0.016692031 0.002777908 0.999856830 17.371240616
0.999853492 0.001938413 0.017008577 -0.409702092 -0.001903086 0.999996006 -0.002092957 -0.207140699 -0.017012566 0.002060282 0.999853134 17.839170456
0.999837518 0.002729973 0.017819468 -0.399766684 -0.002690347 0.999993801 -0.002247316 -0.221533224 -0.017825494 0.002199010 0.999838650 18.303247452
0.999885917 -0.000788952 0.015079252 -0.353993982 0.000787588 0.999999702 0.000096345 -0.275597751 -0.015079323 -0.000084458 0.999886274 18.719486237
0.999887526 -0.000467897 0.014982586 -0.336384386 0.000464418 0.999999881 0.000235666 -0.290999383 -0.014982694 -0.000228681 0.999887705 19.184886932
0.999877393 -0.000757276 0.015635192 -0.316381484 0.000761370 0.999999762 -0.000255913 -0.297305584 -0.015634995 0.000267786 0.999877691 19.673295975
0.999850273 0.000105016 0.017304247 -0.366070330 -0.000078306 0.999998808 -0.001544202 -0.271871269 -0.017304389 0.001542616 0.999849081 20.199947357
0.999850273 0.000126684 0.017304698 -0.345832556 -0.000097098 0.999998569 -0.001710534 -0.286434919 -0.017304892 0.001708598 0.999848843 20.696702957
0.999844790 0.000435133 0.017608464 -0.364774048 -0.000410064 0.999998927 -0.001427208 -0.300979227 -0.017609065 0.001419766 0.999843895 21.204036713
0.999851227 0.000535612 0.017236417 -0.349229068 -0.000504178 0.999998212 -0.001827961 -0.306215495 -0.017237365 0.001819000 0.999849737 21.712797165
0.999858379 0.000681617 0.016816422 -0.339359075 -0.000670044 0.999999464 -0.000693830 -0.332186252 -0.016816888 0.000682464 0.999858379 22.215692520
0.999866068 0.001641685 0.016290197 -0.322626323 -0.001632309 0.999998450 -0.000588813 -0.346688718 -0.016291140 0.000562143 0.999867201 22.742109299
0.999857605 0.001860812 0.016776001 -0.328756928 -0.001847316 0.999997973 -0.000819934 -0.360894054 -0.016777493 0.000788827 0.999858975 23.259012222
0.999883175 0.001490595 0.015215510 -0.290963173 -0.001483537 0.999998808 -0.000475146 -0.377804637 -0.015216200 0.000452518 0.999884129 23.783399582
0.999889553 0.000460462 0.014855487 -0.270117581 -0.000444811 0.999999344 -0.001056835 -0.400263488 -0.014855964 0.001050110 0.999889076 24.288438797
0.999900699 0.001316548 0.014031069 -0.250380874 -0.001317389 0.999999166 0.000050649 -0.421633303 -0.014030991 -0.000069129 0.999901533 24.818073273
0.999917388 0.001337991 0.012786304 -0.227711916 -0.001344636 0.999998987 0.000511094 -0.439680666 -0.012785606 -0.000528244 0.999918163 25.364686966
0.999935806 0.000775353 0.011305146 -0.188264251 -0.000781924 0.999999464 0.000576823 -0.467335671 -0.011304693 -0.000585626 0.999935925 25.869915009
0.999937236 0.000167230 0.011205483 -0.171115816 -0.000166009 1.000000000 -0.000109913 -0.480109692 -0.011205501 0.000108045 0.999937236 26.430746078
0.999942303 0.000991066 0.010690778 -0.157635897 -0.000991017 0.999999523 -0.000009883 -0.493701369 -0.010690782 -0.000000712 0.999942839 26.982398987
0.999958217 0.000083822 0.009145270 -0.114933908 -0.000082653 1.000000000 -0.000128204 -0.505689442 -0.009145281 0.000127442 0.999958158 27.568922043
0.999968529 0.000064064 0.007934318 -0.077631399 -0.000070021 0.999999702 0.000750563 -0.536554754 -0.007934268 -0.000751095 0.999968231 28.054233551
0.999976039 0.000491021 0.006911991 -0.060892165 -0.000499421 0.999999046 0.001213629 -0.559190154 -0.006911389 -0.001217052 0.999975383 28.592937469
0.999973774 0.000367361 0.007232817 -0.047797769 -0.000377196 0.999998987 0.001358596 -0.576458097 -0.007232311 -0.001361288 0.999972939 29.133850098
0.999981165 0.000550083 0.006116354 -0.008335665 -0.000555502 0.999999464 0.000884194 -0.577519834 -0.006115865 -0.000887575 0.999980927 29.648214340
0.999980330 0.000841937 0.006224504 -0.002683446 -0.000843953 0.999999523 0.000321250 -0.587322533 -0.006224231 -0.000326497 0.999980569 30.199193954
0.999982357 0.001010681 0.005858167 0.019901872 -0.001018370 0.999998629 0.001309794 -0.617189646 -0.005856835 -0.001315737 0.999981999 30.727560043
0.999985158 0.000974081 0.005371087 0.036850482 -0.000979978 0.999998987 0.001095483 -0.629179955 -0.005370015 -0.001100730 0.999985039 31.271293640
0.999986649 0.000931578 0.005070098 0.051647842 -0.000940407 0.999998033 0.001739328 -0.644579053 -0.005068467 -0.001744073 0.999985635 31.818483353
0.999988019 0.000292789 0.004872855 0.066719986 -0.000299325 0.999999046 0.001340702 -0.657292128 -0.004872457 -0.001342145 0.999987185 32.369575500
0.999990225 0.000385856 0.004404025 0.090333596 -0.000392643 0.999998689 0.001540357 -0.670247555 -0.004403426 -0.001542071 0.999989033 32.911670685
0.999990284 0.000462992 0.004394577 0.101376630 -0.000469121 0.999998927 0.001393843 -0.681741178 -0.004393928 -0.001395891 0.999989331 33.471611023
0.999993563 0.000220321 0.003598692 0.121361382 -0.000225064 0.999999046 0.001317517 -0.695876181 -0.003598399 -0.001318318 0.999992609 34.019844055
0.999990880 0.001197364 0.004104616 0.129703090 -0.001206693 0.999996722 0.002271166 -0.724177182 -0.004101884 -0.002276100 0.999988973 34.531425476
0.999989033 0.001799842 0.004342465 0.146807969 -0.001808879 0.999996245 0.002077929 -0.733574808 -0.004338709 -0.002085761 0.999988377 35.085796356
0.999989629 0.001734561 0.004224863 0.158894002 -0.001738966 0.999997973 0.001039109 -0.734705746 -0.004223052 -0.001046445 0.999990523 35.646762848
0.999993980 0.000926170 0.003328586 0.181728020 -0.000931717 0.999998093 0.001665352 -0.762450814 -0.003327035 -0.001668444 0.999993086 36.176731110
0.999993742 0.001218430 0.003306139 0.193948537 -0.001224359 0.999997556 0.001791694 -0.775644600 -0.003303947 -0.001795731 0.999992967 36.729190826
0.999993026 0.000943419 0.003603328 0.196856558 -0.000950977 0.999997377 0.002096476 -0.798674226 -0.003601340 -0.002099888 0.999991298 37.249904633
0.999994397 0.001146868 0.003148396 0.227615029 -0.001152267 0.999997854 0.001713404 -0.809508085 -0.003146424 -0.001717023 0.999993622 37.770679474
0.999990761 0.001908654 0.003875090 0.221044809 -0.001914498 0.999997079 0.001504680 -0.825324059 -0.003872206 -0.001512085 0.999991357 38.353069305
0.999993622 0.001844133 0.003055971 0.246346891 -0.001851073 0.999995708 0.002269725 -0.846704304 -0.003051773 -0.002275367 0.999992728 38.883880615
0.999993086 0.002435408 0.002821325 0.252181143 -0.002442018 0.999994338 0.002341932 -0.865365088 -0.002815607 -0.002348805 0.999993205 39.421894073
0.999994874 0.001637481 0.002729654 0.265514284 -0.001645891 0.999993801 0.003081718 -0.881138563 -0.002724590 -0.003086195 0.999991477 39.969036102
0.999993622 0.002317260 0.002714424 0.287868321 -0.002324082 0.999994159 0.002512810 -0.893856525 -0.002708584 -0.002519103 0.999993145 40.489540100
0.999994218 0.001488090 0.003033877 0.303138375 -0.001493609 0.999997258 0.001817818 -0.899890244 -0.003031164 -0.001822339 0.999993801 41.053066254
0.999993861 0.002153495 0.002751727 0.304541022 -0.002158170 0.999996245 0.001697203 -0.906551659 -0.002748063 -0.001703131 0.999994755 41.570549011
0.999992788 0.002670567 0.002683639 0.315538108 -0.002677102 0.999993563 0.002434533 -0.931493640 -0.002677119 -0.002441700 0.999993443 42.092227936
0.999991834 0.003183592 0.002473339 0.328231663 -0.003188941 0.999992609 0.002161750 -0.943299174 -0.002466437 -0.002169620 0.999994695 42.645099640
0.999989867 0.002868329 0.003486501 0.332426310 -0.002877119 0.999992669 0.002518868 -0.958235443 -0.003479251 -0.002528874 0.999990761 43.187145233
0.999990463 0.003506284 0.002584695 0.350154698 -0.003513000 0.999990463 0.002598475 -0.976750016 -0.002575560 -0.002607530 0.999993265 43.726203918
0.999993980 0.002608561 0.002301211 0.362807721 -0.002613538 0.999994338 0.002162394 -0.988251448 -0.002295557 -0.002168394 0.999994993 44.262390137
0.999992132 0.002874519 0.002705640 0.370026827 -0.002882271 0.999991655 0.002865675 -1.007145166 -0.002697380 -0.002873450 0.999992251 44.808273315
0.999991477 0.002833905 0.003006376 0.384609103 -0.002841217 0.999992967 0.002430551 -1.011786103 -0.002999467 -0.002439072 0.999992549 45.351295471
0.999993205 0.002560497 0.002657339 0.400446296 -0.002567809 0.999992847 0.002751887 -1.032942057 -0.002650273 -0.002758691 0.999992669 45.911510468
0.999996364 0.001675739 0.002119694 0.420732886 -0.001680377 0.999996185 0.002187698 -1.043622851 -0.002116021 -0.002191253 0.999995351 46.449703217
0.999992788 0.002697446 0.002678213 0.433456600 -0.002702792 0.999994338 0.001994487 -1.053830624 -0.002672818 -0.002001710 0.999994397 46.982841492
0.999993622 0.002414106 0.002634138 0.427573740 -0.002420902 0.999993742 0.002579533 -1.067738056 -0.002627894 -0.002585892 0.999993205 47.521430969
0.999990642 0.003389537 0.002699023 0.438280135 -0.003396016 0.999991298 0.002399469 -1.082791924 -0.002690867 -0.002408611 0.999993443 48.064094543
0.999989748 0.003102532 0.003281290 0.454538107 -0.003108382 0.999993622 0.001779238 -1.082381487 -0.003275748 -0.001789419 0.999993086 48.625579834
0.999990106 0.002905326 0.003351063 0.463254809 -0.002913264 0.999993026 0.002366161 -1.105627060 -0.003344164 -0.002375900 0.999991655 49.145256042
0.999990642 0.003452200 0.002608959 0.484439909 -0.003457651 0.999991834 0.002087443 -1.122111678 -0.002601731 -0.002096444 0.999994397 49.703071594
0.999990284 0.003467751 0.002734745 0.491315007 -0.003475418 0.999990046 0.002803804 -1.135696054 -0.002724994 -0.002813281 0.999992311 50.252857208
0.999987662 0.003856121 0.003143947 0.497539312 -0.003867737 0.999985695 0.003697145 -1.162322044 -0.003129645 -0.003709259 0.999988198 50.766502380
0.999993801 0.002825839 0.002092696 0.524796903 -0.002832527 0.999990880 0.003199457 -1.175123930 -0.002083635 -0.003205365 0.999992609 51.312023163
0.999996483 0.002330177 0.001228112 0.541381478 -0.002333462 0.999993742 0.002680375 -1.187991023 -0.001221859 -0.002683232 0.999995589 51.850238800
0.999992132 0.003176161 0.002346530 0.546677768 -0.003182365 0.999991417 0.002645103 -1.204740167 -0.002338109 -0.002652551 0.999993742 52.393795013
0.999992669 0.003023273 0.002358692 0.554229081 -0.003029831 0.999991536 0.002781912 -1.220452785 -0.002350262 -0.002789037 0.999993265 52.936008453
0.999993205 0.002983852 0.002159149 0.568744004 -0.002990465 0.999990821 0.003065963 -1.235852599 -0.002149981 -0.003072399 0.999992967 53.483139038
0.999991000 0.003433486 0.002491526 0.576312959 -0.003441328 0.999989092 0.003150036 -1.255760550 -0.002480684 -0.003158582 0.999991894 54.012077332
0.999990225 0.003565617 0.002603470 0.593606114 -0.003573853 0.999988556 0.003165723 -1.268474579 -0.002592153 -0.003174996 0.999991536 54.561878204
0.999991655 0.003249974 0.002465233 0.600639224 -0.003257243 0.999990284 0.002950331 -1.284630299 -0.002455621 -0.002958337 0.999992609 55.078117371
0.999991000 0.003250034 0.002707606 0.613418937 -0.003257870 0.999990523 0.002895031 -1.295773983 -0.002698171 -0.002903827 0.999992132 55.627674103
0.999994516 0.002570320 0.002085934 0.626740813 -0.002576224 0.999992669 0.002832556 -1.306551814 -0.002078638 -0.002837914 0.999993801 56.160629272
0.999993384 0.002993120 0.002070929 0.640373647 -0.002999816 0.999990284 0.003238068 -1.328361750 -0.002061217 -0.003244259 0.999992609 56.699371338
0.999992132 0.003270735 0.002229578 0.655687094 -0.003276766 0.999990940 0.002706366 -1.334507704 -0.002220704 -0.002713651 0.999993861 57.246963501
0.999992073 0.003097519 0.002510699 0.668545842 -0.003103629 0.999992251 0.002433285 -1.352504373 -0.002503141 -0.002441058 0.999993920 57.788215637
0.999990225 0.003908638 0.002062037 0.675897598 -0.003913390 0.999989629 0.002305249 -1.356525898 -0.002053005 -0.002313297 0.999995172 58.345199585
0.999988735 0.003820794 0.002812556 0.681641579 -0.003828797 0.999988616 0.002845876 -1.374118805 -0.002801650 -0.002856612 0.999992013 58.861179352
0.999989986 0.003530144 0.002741457 0.695398510 -0.003535848 0.999991596 0.002078507 -1.383868217 -0.002734096 -0.002088179 0.999994159 59.403385162
0.999987602 0.003818940 0.003183800 0.705162287 -0.003825800 0.999990344 0.002151433 -1.396901369 -0.003175553 -0.002163587 0.999992669 59.966178894
0.999990523 0.003710714 0.002265299 0.715272844 -0.003716273 0.999990106 0.002454974 -1.414966464 -0.002256166 -0.002463370 0.999994397 60.477081299
0.999989510 0.004129836 0.001981714 0.734724283 -0.004134528 0.999988675 0.002368936 -1.429009914 -0.001971908 -0.002377105 0.999995172 61.034687042
0.999993622 0.003138151 0.001728295 0.754235387 -0.003142815 0.999991417 0.002701958 -1.447762966 -0.001719799 -0.002707372 0.999994814 61.575984955
0.999988914 0.004091564 0.002318347 0.754976392 -0.004096148 0.999989629 0.001976145 -1.451470852 -0.002310238 -0.001985619 0.999995291 62.069480896
0.999985814 0.004469957 0.002882848 0.758911729 -0.004475939 0.999987841 0.002071765 -1.462383747 -0.002873553 -0.002084640 0.999993622 62.621601105
0.999986708 0.004275003 0.002847126 0.774272561 -0.004281329 0.999988377 0.002219769 -1.477072597 -0.002837604 -0.002231929 0.999993503 63.177768707
0.999986589 0.004401900 0.002736798 0.781421006 -0.004407707 0.999988019 0.002119479 -1.497117639 -0.002727435 -0.002131514 0.999993980 63.709636688
0.999983490 0.004662254 0.003368639 0.793741465 -0.004668033 0.999987543 0.001709555 -1.506183624 -0.003360627 -0.001725252 0.999992907 64.262359619
0.999986410 0.004384987 0.002818388 0.802531540 -0.004391828 0.999987364 0.002425452 -1.523859739 -0.002807717 -0.002437797 0.999993086 64.764785767
0.999989569 0.004088072 0.002064303 0.820439994 -0.004093776 0.999987781 0.002766614 -1.541370988 -0.002052967 -0.002775036 0.999994099 65.315635681
0.999982178 0.004987767 0.003281756 0.822605014 -0.004994763 0.999985218 0.002127023 -1.549598098 -0.003271098 -0.002143376 0.999992311 65.862800598
0.999984324 0.004733622 0.002995442 0.830881357 -0.004738556 0.999987364 0.001642075 -1.554863691 -0.002987632 -0.001656243 0.999994159 66.415702820
0.999979973 0.005357080 0.003413633 0.844206035 -0.005364861 0.999983013 0.002274377 -1.579391479 -0.003401391 -0.002292644 0.999991536 66.929084778
0.999980390 0.005264398 0.003410351 0.852384031 -0.005275811 0.999980509 0.003346296 -1.600484610 -0.003392668 -0.003364222 0.999988556 67.469863892
0.999978662 0.005495934 0.003522183 0.864805460 -0.005504651 0.999981821 0.002470011 -1.615873814 -0.003508544 -0.002489347 0.999990761 67.998703003
0.999974072 0.005885353 0.004145811 0.869877577 -0.005897103 0.999978662 0.002827783 -1.631549597 -0.004129080 -0.002852158 0.999987423 68.549133301
0.999976814 0.005755982 0.003624667 0.886493206 -0.005764106 0.999980867 0.002235054 -1.637682080 -0.003611732 -0.002255895 0.999990940 69.075294495
0.999976039 0.005841658 0.003710155 0.901399314 -0.005850187 0.999980271 0.002292188 -1.653851271 -0.003696689 -0.002313838 0.999990463 69.619628906
0.999974728 0.006138446 0.003585041 0.912596285 -0.006147257 0.999978125 0.002452088 -1.664149404 -0.003569910 -0.002474064 0.999990582 70.139892578
0.999976337 0.005750685 0.003767906 0.921352267 -0.005759033 0.999980986 0.002208573 -1.678212166 -0.003755134 -0.002230220 0.999990463 70.696044922
0.999975085 0.005831103 0.003950010 0.934779525 -0.005839780 0.999980569 0.002188882 -1.690542698 -0.003937169 -0.002211896 0.999989748 71.254508972
0.999974608 0.005947636 0.003919779 0.949177504 -0.005957190 0.999979317 0.002429809 -1.708015323 -0.003905247 -0.002453098 0.999989390 71.769393921
0.999977410 0.005493121 0.003866105 0.968524635 -0.005502364 0.999981999 0.002384130 -1.723924279 -0.003852938 -0.002405349 0.999989688 72.316436768
0.999975383 0.005409163 0.004465735 0.969920397 -0.005421349 0.999981701 0.002721121 -1.742150426 -0.004450935 -0.002745264 0.999986291 72.838279724
0.999976635 0.005007902 0.004652469 0.982958913 -0.005018669 0.999984741 0.002305254 -1.750906229 -0.004640854 -0.002328550 0.999986529 73.386253357
0.999975860 0.005193586 0.004597219 0.990606666 -0.005203876 0.999983966 0.002229059 -1.765329003 -0.004585568 -0.002252928 0.999986887 73.907424927
0.999977171 0.005283525 0.004214524 1.009175658 -0.005295385 0.999982059 0.002807990 -1.780861974 -0.004199612 -0.002830243 0.999987185 74.430526733
0.999976873 0.005044891 0.004554563 1.020080566 -0.005057507 0.999983370 0.002762594 -1.795416832 -0.004540551 -0.002785565 0.999985814 74.978836060
0.999980927 0.004437638 0.004294639 1.040179253 -0.004449362 0.999986410 0.002724240 -1.813620090 -0.004282491 -0.002743297 0.999987066 75.510482788
0.999977648 0.004892982 0.004558145 1.050476670 -0.004903449 0.999985397 0.002288069 -1.825875878 -0.004546882 -0.002310368 0.999987006 76.055419922
0.999979198 0.004694149 0.004415737 1.068837047 -0.004704026 0.999986470 0.002229065 -1.836576343 -0.004405212 -0.002249791 0.999987781 76.610404968
0.999980211 0.004427450 0.004473011 1.081648827 -0.004435163 0.999988735 0.001715905 -1.844861746 -0.004465363 -0.001735710 0.999988556 77.163345337
0.999980092 0.004816149 0.004068883 1.092978954 -0.004826281 0.999985397 0.002484025 -1.863610506 -0.004056858 -0.002503612 0.999988616 77.649986267
0.999968529 0.006519947 0.004508214 1.098103523 -0.006531840 0.999975324 0.002628709 -1.880509496 -0.004490963 -0.002658073 0.999986410 78.203689575
0.999981582 0.004471984 0.004087997 1.123236537 -0.004478638 0.999988675 0.001620080 -1.884083986 -0.004080705 -0.001638358 0.999990344 78.755607605
0.999979258 0.004261720 0.004813412 1.127482891 -0.004270932 0.999989092 0.001905059 -1.905029297 -0.004805240 -0.001925578 0.999986589 79.271202087
0.999983132 0.004091882 0.004112235 1.147647023 -0.004099695 0.999989808 0.001893261 -1.918861747 -0.004104445 -0.001910087 0.999989748 79.817192078
0.999975622 0.004237040 0.005545997 1.160048962 -0.004248401 0.999988914 0.002038303 -1.931461573 -0.005537300 -0.002061815 0.999982476 80.332450867
0.999964535 0.005123962 0.006674198 1.173194408 -0.005134788 0.999985576 0.001605959 -1.945398450 -0.006665872 -0.001640173 0.999976456 80.873260498
0.999957740 0.004723750 0.007886446 1.188649893 -0.004742153 0.999985993 0.002316420 -1.962552309 -0.007875395 -0.002353721 0.999966145 81.402099609
0.999948621 0.004687980 0.008986766 1.206906438 -0.004710343 0.999985993 0.002468942 -1.979784966 -0.008975065 -0.002511146 0.999956548 81.927146912
0.999905467 0.005666678 0.012528127 1.227430105 -0.005695143 0.999981344 0.002237526 -1.997106791 -0.012515213 -0.002308664 0.999918997 82.466583252
0.999853134 0.005800357 0.016126473 1.252810717 -0.005839914 0.999980152 0.002406937 -2.000820875 -0.016112190 -0.002500761 0.999867082 82.981826782
0.999791443 0.005137376 0.019762509 1.265548706 -0.005179010 0.999984503 0.002056051 -2.022777319 -0.019751638 -0.002157973 0.999802530 83.534385681
0.999685705 0.005349050 0.024494607 1.293733358 -0.005414770 0.999981999 0.002617453 -2.040067434 -0.024480162 -0.002749263 0.999696493 84.087326050
0.999534190 0.005411794 0.030038552 1.332277656 -0.005488822 0.999981880 0.002482443 -2.051097631 -0.030024581 -0.002646162 0.999545634 84.587768555
0.999345362 0.005249428 0.035794172 1.363867402 -0.005328606 0.999983609 0.002117043 -2.065676689 -0.035782471 -0.002306389 0.999356925 85.137176514
0.999143660 0.005100807 0.041060552 1.399713755 -0.005202096 0.999983668 0.002360335 -2.079446554 -0.041047845 -0.002571914 0.999153852 85.668907166
0.998760045 0.005345022 0.049493961 1.436745882 -0.005450209 0.999983191 0.001990535 -2.088479042 -0.049482495 -0.002257819 0.998772442 86.218872070
0.998350322 0.004739765 0.057220757 1.495974541 -0.004882286 0.999985337 0.002351188 -2.106550694 -0.057208780 -0.002626677 0.998358846 86.772659302
0.997920096 0.005190414 0.064253688 1.540029526 -0.005362445 0.999982595 0.002505206 -2.123958349 -0.064239562 -0.002844552 0.997930408 87.309799194
0.997267902 0.006195134 0.073609836 1.592306614 -0.006389259 0.999976754 0.002402031 -2.135316610 -0.073593229 -0.002865780 0.997284174 87.861038208
0.996497393 0.005432095 0.083447553 1.661187649 -0.005662343 0.999980748 0.002522770 -2.152918577 -0.083432235 -0.002986442 0.996508896 88.378417969
0.995761216 0.004787448 0.091852210 1.727725029 -0.004995416 0.999985456 0.002034388 -2.160881281 -0.091841146 -0.002484604 0.995770574 88.930587769
0.995003939 0.004849738 0.099717952 1.790164471 -0.005103607 0.999984324 0.002290916 -2.188632488 -0.099705286 -0.002788392 0.995013118 89.461997986
0.993807733 0.005424403 0.110980779 1.867913246 -0.005734801 0.999980450 0.002477833 -2.200314045 -0.110965163 -0.003098943 0.993819475 90.009597778
0.992623746 0.004714219 0.121144086 1.954309464 -0.005083479 0.999983311 0.002739222 -2.223867178 -0.121129170 -0.003334851 0.992631078 90.551612854
0.991444826 0.004214789 0.130459294 2.031616211 -0.004521442 0.999987662 0.002054454 -2.227931261 -0.130449042 -0.002626742 0.991451561 91.078453064
0.989837706 0.003842646 0.142149642 2.124361992 -0.004271788 0.999987185 0.002713896 -2.242150784 -0.142137408 -0.003293550 0.989841461 91.623626709
0.988150716 0.003744540 0.153441146 2.233917236 -0.004176523 0.999988317 0.002493063 -2.253299236 -0.153429970 -0.003104372 0.988154650 92.153106689
0.986347318 0.003511519 0.164641693 2.342383385 -0.004042737 0.999987721 0.002891523 -2.272025108 -0.164629504 -0.003517649 0.986349225 92.701873779
0.984636128 0.003322188 0.174587548 2.466407776 -0.003838274 0.999989212 0.002618467 -2.286218882 -0.174576983 -0.003248351 0.984638214 93.213676453
0.982318044 0.002441987 0.187204033 2.591967583 -0.002884149 0.999993742 0.002089590 -2.298476219 -0.187197715 -0.002592566 0.982318878 93.728424072
0.979808331 0.002561263 0.199922413 2.705780983 -0.003044253 0.999993145 0.002108514 -2.304121971 -0.199915648 -0.002674555 0.979809403 94.305862427
0.977549851 0.002499871 0.210689276 2.833230972 -0.003064921 0.999992549 0.002355415 -2.315776587 -0.210681826 -0.002948282 0.977550268 94.846725464
0.974845052 0.002503209 0.222869247 2.986110687 -0.003128996 0.999992132 0.002454793 -2.330627918 -0.222861350 -0.003090400 0.974845231 95.355987549
0.971662521 0.001763319 0.236365512 3.132181168 -0.002359354 0.999994695 0.002238853 -2.344493866 -0.236360312 -0.002733079 0.971661568 95.885910034
0.968869090 0.002167748 0.247564226 3.272821426 -0.002996817 0.999991119 0.002972136 -2.363909483 -0.247555584 -0.003621515 0.968866944 96.410926819
0.965957284 0.000989513 0.258699507 3.456470490 -0.001567303 0.999996662 0.002027210 -2.374268532 -0.258696645 -0.002363660 0.965955734 96.890335083
0.961842656 0.001954327 0.273596227 3.600324631 -0.002878627 0.999991417 0.002976925 -2.397680998 -0.273588002 -0.003650914 0.961840034 97.443473816
0.958365977 0.001626694 0.285538226 3.780900955 -0.002465516 0.999993622 0.002578228 -2.406599283 -0.285532176 -0.003174885 0.958363831 97.978523254
0.954995453 0.000940243 0.296618879 3.953937531 -0.001753246 0.999995351 0.002474905 -2.418732405 -0.296615154 -0.002883568 0.954992771 98.473106384
0.950534105 0.000155629 0.310620159 4.142589569 -0.000993248 0.999996305 0.002538429 -2.433011770 -0.310618609 -0.002721386 0.950530708 98.997047424
0.946115792 0.000203530 0.323828310 4.341302872 -0.000914484 0.999997556 0.002043298 -2.441643953 -0.323827058 -0.002229333 0.946113646 99.509704590
0.941936195 -0.001157162 0.335789800 4.533294678 0.000382384 0.999997020 0.002373440 -2.453885078 -0.335791618 -0.002107228 0.941933930 99.993888855
0.937095642 -0.000455974 0.349072427 4.738763809 -0.000418725 0.999996960 0.002430322 -2.478840828 -0.349072486 -0.002423610 0.937092602 100.489059448
0.931936979 -0.001256288 0.362618029 4.968587875 0.000534749 0.999997675 0.002090168 -2.485171080 -0.362619787 -0.001753995 0.931935430 101.029914856
0.927159607 -0.001352066 0.374664307 5.194820404 0.000370479 0.999996305 0.002691925 -2.501824617 -0.374666542 -0.002357038 0.927156627 101.532089233
0.922289848 -0.001679372 0.386495143 5.412807465 0.000980277 0.999997556 0.002005893 -2.511883974 -0.386497468 -0.001471142 0.922289193 102.031463623
0.916058242 -0.001977440 0.401040316 5.643318176 0.001237139 0.999996960 0.002104884 -2.517914295 -0.401043385 -0.001432054 0.916057944 102.541770935
0.910361767 -0.002710463 0.413804382 5.894409180 0.002207990 0.999996126 0.001692546 -2.529092073 -0.413807333 -0.000627153 0.910364270 103.023323059
0.905242085 -0.003184618 0.424884230 6.143199921 0.002608891 0.999994695 0.001936818 -2.545417070 -0.424888074 -0.000644813 0.905245721 103.496749878
0.898660302 -0.003890191 0.438628137 6.410095215 0.003190135 0.999992251 0.002332988 -2.563311100 -0.438633740 -0.000697280 0.898665667 103.977424622
0.891922057 -0.003662157 0.452174306 6.664199829 0.002710316 0.999992490 0.002752785 -2.580532789 -0.452181011 -0.001229734 0.891925335 104.491760254
0.885893404 -0.004344011 0.463868409 6.937992096 0.003469513 0.999990284 0.002738600 -2.597435474 -0.463875830 -0.000816710 0.885899842 104.961509705
0.879900813 -0.005118368 0.475129694 7.216083527 0.004032852 0.999986351 0.003303915 -2.613405943 -0.475140154 -0.000990989 0.879909515 105.432151794
0.872824967 -0.004984555 0.488008142 7.487827301 0.004308120 0.999987602 0.002508686 -2.617123842 -0.488014579 -0.000087247 0.872835517 105.904785156
0.865502954 -0.004329926 0.500885069 7.786544800 0.003293046 0.999990165 0.002954256 -2.634561777 -0.500892878 -0.000907480 0.865508854 106.373359680
