1.000000000 0.000000000 0.000000000 0.000000000 0.000000000 1.000000000 0.000000000 0.000000000 0.000000000 0.000000000 1.000000000 0.000000000
0.999999940 -0.000320299 0.000046044 0.000274895 0.000320299 0.999999940 0.000012921 0.000293841 -0.000046049 -0.000012906 1.000000000 -0.000109267
1.000000000 -0.000119516 0.000137482 -0.000644853 0.000119491 1.000000000 0.000177848 -0.000418758 -0.000137503 -0.000177831 1.000000000 0.000311589
1.000000000 -0.000062289 0.000011152 0.000251098 0.000062287 1.000000000 0.000100159 0.000111041 -0.000011158 -0.000100158 1.000000000 0.000048769
1.000000000 -0.000001834 0.000064920 -0.000116428 0.000001832 1.000000000 0.000037054 -0.000523430 -0.000064920 -0.000037054 1.000000000 -0.000215653
0.999999940 -0.000269124 0.000084808 -0.000219305 0.000269123 0.999999940 0.000006863 0.000073363 -0.000084809 -0.000006840 1.000000000 -0.001281305
0.999999940 -0.000378718 0.000128081 -0.000958630 0.000378715 0.999999940 0.000028952 -0.000200344 -0.000128092 -0.000028904 1.000000000 -0.000006536
0.999999940 -0.000320137 0.000089729 0.000546332 0.000320122 0.999999940 0.000171670 -0.000657330 -0.000089784 -0.000171641 1.000000000 0.001281025
1.000000000 -0.000113206 0.000114631 -0.000010000 0.000113207 1.000000000 -0.000009901 0.000827001 -0.000114630 0.000009914 1.000000000 0.000937987
1.000000000 -0.000031233 0.000137220 -0.000674777 0.000031230 1.000000000 0.000021575 -0.000183676 -0.000137221 -0.000021570 1.000000000 -0.000518502
1.000000000 -0.000145127 0.000061313 0.001085490 0.000145126 1.000000000 0.000014953 0.000552714 -0.000061316 -0.000014944 1.000000000 -0.000740700
1.000000000 -0.000043510 -0.000027968 0.001122442 0.000043509 1.000000000 -0.000029572 -0.000200580 0.000027969 0.000029571 1.000000000 -0.002228210
1.000000000 0.000011482 0.000066364 0.000609833 -0.000011474 1.000000000 -0.000128377 0.001976524 -0.000066366 0.000128376 1.000000000 0.000743483
1.000000000 -0.000064644 0.000071610 -0.000538263 0.000064642 1.000000000 0.000031326 0.000602841 -0.000071612 -0.000031321 1.000000000 -0.000056370
1.000000000 0.000118518 0.000115741 -0.000592553 -0.000118504 1.000000000 -0.000122449 0.001126982 -0.000115756 0.000122436 1.000000000 -0.000105178
1.000000000 -0.000097080 -0.000010623 0.000693525 0.000097081 1.000000000 0.000133621 0.000033328 0.000010610 -0.000133622 1.000000000 -0.000064413
0.999999940 -0.000407251 0.000015026 0.000110490 0.000407249 0.999999881 0.000161607 -0.000439994 -0.000015091 -0.000161601 1.000000000 -0.000674141
0.999999940 -0.000299312 0.000038997 0.000151679 0.000299308 0.999999940 0.000107821 -0.001007927 -0.000039029 -0.000107809 1.000000000 -0.001660782
1.000000000 0.000063923 0.000108188 -0.000234567 -0.000063931 1.000000000 0.000074060 -0.000219216 -0.000108183 -0.000074067 1.000000000 -0.001211040
0.999999940 0.000252009 -0.000006009 -0.000178771 -0.000252008 0.999999940 0.000129482 -0.000155286 0.000006041 -0.000129481 1.000000000 -0.000358577
1.000000000 -0.000133488 -0.000039172 0.000694714 0.000133493 1.000000000 0.000122299 0.000184989 0.000039156 -0.000122304 1.000000000 -0.000627740
1.000000000 -0.000001377 0.000068858 -0.000334364 0.000001369 1.000000000 0.000106392 -0.000229198 -0.000068858 -0.000106392 1.000000000 -0.000724018
1.000000000 -0.000128578 0.000030823 0.000402428 0.000128574 1.000000000 0.000145642 -0.000496978 -0.000030842 -0.000145638 1.000000000 -0.001524709
1.000000000 -0.000214801 0.000079565 0.001157980 0.000214801 1.000000000 -0.000000156 0.000873544 -0.000079565 0.000000173 1.000000000 0.000766808
1.000000000 0.000091526 0.000137647 0.000011200 -0.000091538 1.000000000 0.000080919 0.000439758 -0.000137639 -0.000080932 1.000000000 0.000644749
1.000000000 -0.000098369 0.000021193 0.001624072 0.000098367 1.000000000 0.000095737 0.000570949 -0.000021202 -0.000095735 1.000000000 -0.001147839
1.000000000 -0.000212924 0.000086791 0.000225695 0.000212921 1.000000000 0.000035384 0.000093155 -0.000086799 -0.000035365 1.000000000 -0.001991850
1.000000000 -0.000214487 0.000020127 -0.000170782 0.000214486 1.000000000 0.000056343 -0.000348767 -0.000020139 -0.000056339 1.000000000 -0.001994847
0.999999940 0.000209537 0.000168600 -0.001236610 -0.000209562 0.999999940 0.000145699 0.000531120 -0.000168570 -0.000145734 1.000000000 0.001210696
1.000000000 -0.000037032 -0.000014562 0.000566953 0.000037035 1.000000000 0.000177342 -0.000294943 0.000014555 -0.000177343 1.000000000 -0.000857236
0.999999940 -0.000233840 0.000209232 -0.000816979 0.000233837 1.000000000 0.000017980 0.000491738 -0.000209236 -0.000017931 1.000000000 -0.000146922
1.000000000 -0.000124581 0.000159328 -0.000763350 0.000124558 1.000000000 0.000143887 -0.000656023 -0.000159346 -0.000143867 1.000000000 -0.001075887
1.000000000 0.000012032 0.000097425 -0.000367357 -0.000012050 1.000000000 0.000181831 -0.001265093 -0.000097422 -0.000181832 1.000000000 -0.002023260
1.000000000 -0.000088734 0.000140939 -0.000298167 0.000088742 1.000000000 -0.000054710 0.000742652 -0.000140934 0.000054722 1.000000000 -0.000996645
1.000000000 -0.000162753 0.000118074 -0.000248608 0.000162753 1.000000000 0.000004456 0.000514250 -0.000118074 -0.000004437 1.000000000 -0.000686214
1.000000000 0.000119050 0.000069637 0.000166184 -0.000119061 1.000000000 0.000162009 0.000015387 -0.000069617 -0.000162017 1.000000000 -0.001211561
1.000000000 -0.000180159 0.000147679 -0.000065310 0.000180166 1.000000000 -0.000043350 0.002011151 -0.000147671 0.000043377 1.000000000 0.000288087
1.000000000 -0.000115151 0.000083596 -0.000359957 0.000115144 1.000000000 0.000090062 0.001067383 -0.000083606 -0.000090053 1.000000000 0.000999665
1.000000000 0.000009851 0.000132460 -0.000413037 -0.000009858 1.000000000 0.000052447 0.000206243 -0.000132460 -0.000052448 1.000000000 -0.000915214
1.000000000 0.000094753 0.000202728 -0.001103121 -0.000094773 1.000000000 0.000101694 -0.000041864 -0.000202718 -0.000101714 1.000000000 -0.000473016
0.999999940 -0.000010495 0.000309105 -0.000818971 0.000010548 1.000000000 -0.000173545 0.001406820 -0.000309104 0.000173549 0.999999940 0.002191294
1.000000000 -0.000102644 0.000146810 0.001091238 0.000102744 0.999999762 -0.000677649 -0.001290130 -0.000146740 0.000677664 0.999999762 0.051364861
1.000000000 -0.000022997 -0.000029357 0.002920850 0.000022961 0.999999225 -0.001236501 -0.003580547 0.000029385 0.001236500 0.999999225 0.139068976
1.000000000 0.000307652 -0.000105969 0.002992136 -0.000307813 0.999998748 -0.001519750 -0.005585094 0.000105502 0.001519782 0.999998868 0.257065505
0.999999702 0.000695235 0.000374630 0.000106400 -0.000694711 0.999998808 -0.001395360 -0.010627571 -0.000375600 0.001395099 0.999998927 0.379134774
0.999999464 0.001030974 0.000401155 0.001914755 -0.001030401 0.999998510 -0.001426846 -0.014595938 -0.000402625 0.001426432 0.999998868 0.518969357
0.999999523 0.000970696 0.000332349 0.005644062 -0.000970217 0.999998569 -0.001439142 -0.018822106 -0.000333746 0.001438819 0.999998868 0.672093034
0.999999881 -0.000144037 -0.000511579 0.016739316 0.000143441 0.999999285 -0.001164302 -0.019078432 0.000511746 0.001164229 0.999999106 0.857988060
0.999999762 0.000291175 -0.000575558 0.021289527 -0.000291998 0.999998927 -0.001431097 -0.020735910 0.000575141 0.001431265 0.999998748 1.016451955
0.999999583 0.000818911 0.000243728 0.015978072 -0.000818669 0.999999166 -0.000988561 -0.033399209 -0.000244538 0.000988361 0.999999464 1.186618328
0.999999881 0.000451623 0.000188865 0.022650080 -0.000451464 0.999999523 -0.000841036 -0.038904756 -0.000189245 0.000840950 0.999999642 1.371948957
0.999999881 0.000477142 0.000079425 0.022157388 -0.000477069 0.999999464 -0.000904549 -0.033597652 -0.000079856 0.000904511 0.999999583 1.587370753
1.000000000 0.000212760 -0.000075965 0.028721306 -0.000212810 0.999999821 -0.000658537 -0.036784317 0.000075825 0.000658553 0.999999762 1.787656784
0.999999881 -0.000728672 0.000061222 0.033448089 0.000728698 0.999999642 -0.000427998 -0.049467642 -0.000060910 0.000428043 0.999999881 1.980300307
1.000000000 0.000085066 0.000041857 0.037933800 -0.000085038 0.999999762 -0.000663160 -0.058750730 -0.000041914 0.000663156 0.999999762 2.194208145
1.000000000 0.000175711 0.000008419 0.042778704 -0.000175705 0.999999762 -0.000637911 -0.063279845 -0.000008532 0.000637910 0.999999762 2.411026716
0.999999642 -0.000511937 0.000625664 0.038435116 0.000512002 0.999999821 -0.000102623 -0.069156446 -0.000625611 0.000102943 0.999999821 2.640615702
0.999999762 0.000058791 0.000642886 0.043421075 -0.000058847 1.000000000 0.000087440 -0.076077342 -0.000642881 -0.000087478 0.999999821 2.871204853
0.999999166 0.001189923 0.000443384 0.046020634 -0.001189644 0.999999046 -0.000631274 -0.077157386 -0.000444134 0.000630746 0.999999642 3.093464613
0.999999702 0.000580460 0.000534057 0.054497249 -0.000580057 0.999999523 -0.000752837 -0.084679030 -0.000534494 0.000752527 0.999999583 3.343932390
0.999999285 -0.000947858 0.000699684 0.057182934 0.000948145 0.999999464 -0.000409212 -0.094438918 -0.000699296 0.000409875 0.999999642 3.594554663
0.999998331 -0.001722425 0.000604871 0.060985431 0.001722874 0.999998271 -0.000742897 -0.100707322 -0.000603590 0.000743938 0.999999523 3.847172260
0.999999821 -0.000427996 0.000247478 0.073454969 0.000428265 0.999999344 -0.001085075 -0.105758816 -0.000247013 0.001085181 0.999999344 4.123484135
0.999999642 0.000635881 0.000494530 0.073279612 -0.000636290 0.999999464 0.000826726 -0.134264678 -0.000494004 -0.000827040 0.999999464 4.355155945
0.999999702 0.000586605 0.000324990 0.081400543 -0.000586599 0.999999821 -0.000018801 -0.135118276 -0.000325001 0.000018610 0.999999940 4.602084637
0.999999642 0.000467223 0.000660742 0.084487557 -0.000467433 0.999999821 0.000317483 -0.144509107 -0.000660594 -0.000317791 0.999999702 4.860549927
0.999999881 -0.000019391 0.000481009 0.092953525 0.000019389 1.000000000 0.000003151 -0.140254989 -0.000481009 -0.000003142 0.999999881 5.135878086
0.999999881 0.000006140 0.000465662 0.101784259 -0.000006085 1.000000000 -0.000118318 -0.147913411 -0.000465662 0.000118315 0.999999881 5.407135010
0.999999166 0.000611475 0.001144293 0.099507548 -0.000611759 0.999999762 0.000247498 -0.161666721 -0.001144141 -0.000248198 0.999999344 5.689754486
0.999999404 0.000435982 0.001018274 0.107459374 -0.000436873 0.999999523 0.000875570 -0.176057696 -0.001017892 -0.000876014 0.999999106 5.956978798
1.000000000 -0.000159164 0.000455696 0.113894880 0.000158820 0.999999702 0.000755343 -0.184862450 -0.000455817 -0.000755270 0.999999583 6.214571953
0.999999821 0.000151846 0.000711802 0.114744700 -0.000152199 0.999999881 0.000495294 -0.190252006 -0.000711727 -0.000495402 0.999999583 6.496580601
0.999999225 0.000861115 0.000877134 0.124272332 -0.000861557 0.999999523 0.000503639 -0.200910345 -0.000876700 -0.000504395 0.999999464 6.786510944
0.999998152 0.001074193 0.001574656 0.127271652 -0.001075263 0.999999225 0.000678553 -0.211965904 -0.001573926 -0.000680245 0.999998510 7.079672337
0.999999464 0.000347989 0.000985060 0.137939349 -0.000348326 0.999999821 0.000341633 -0.213664442 -0.000984941 -0.000341976 0.999999464 7.398564816
0.999999523 0.000271641 0.000937023 0.147319138 -0.000272098 0.999999762 0.000487299 -0.225416899 -0.000936890 -0.000487553 0.999999464 7.712909222
0.999999523 -0.000139895 0.000963381 0.152807146 0.000139137 0.999999702 0.000786814 -0.238301903 -0.000963491 -0.000786680 0.999999225 8.024004936
0.999999106 0.000574893 0.001228396 0.157980949 -0.000576234 0.999999166 0.001092215 -0.247863650 -0.001227767 -0.001092922 0.999998569 8.351178169
0.999998033 0.000791787 0.001831676 0.159857795 -0.000793192 0.999999404 0.000766440 -0.258255601 -0.001831068 -0.000767891 0.999998033 8.671870232
0.999997735 0.000841032 0.001957329 0.166628659 -0.000843122 0.999999046 0.001066851 -0.265765071 -0.001956430 -0.001068499 0.999997497 9.001309395
0.999999166 0.000342828 0.001239022 0.178219020 -0.000344265 0.999999285 0.001159910 -0.277035683 -0.001238623 -0.001160335 0.999998510 9.342445374
0.999998987 0.000431092 0.001453568 0.185477048 -0.000432135 0.999999762 0.000716999 -0.282750189 -0.001453259 -0.000717626 0.999998689 9.692357063
0.999998689 0.000475086 0.001523256 0.196579859 -0.000476684 0.999999285 0.001048963 -0.296280414 -0.001522757 -0.001049687 0.999998271 10.026318550
0.999997854 0.000560611 0.001974646 0.200192466 -0.000562427 0.999999404 0.000919245 -0.308911294 -0.001974129 -0.000920354 0.999997616 10.378345490
0.999998748 0.000037864 0.001587698 0.206306085 -0.000039322 0.999999583 0.000918269 -0.318559676 -0.001587663 -0.000918330 0.999998331 10.752632141
0.999998093 0.000885024 0.001757007 0.207917243 -0.000887953 0.999998212 0.001667066 -0.339585841 -0.001755529 -0.001668623 0.999997079 11.105621338
0.999996543 0.000873607 0.002484638 0.213293791 -0.000876089 0.999999106 0.000997668 -0.344348103 -0.002483765 -0.000999841 0.999996424 11.469085693
0.999998152 0.000524894 0.001841142 0.225372344 -0.000528593 0.999997854 0.002009185 -0.365216166 -0.001840084 -0.002010155 0.999996305 11.839918137
0.999997556 0.000153528 0.002194461 0.230036378 -0.000157214 0.999998569 0.001679474 -0.374206871 -0.002194200 -0.001679815 0.999996185 12.232056618
0.999997497 0.000079956 0.002242984 0.236627787 -0.000083931 0.999998450 0.001772116 -0.387632370 -0.002242839 -0.001772300 0.999995887 12.633761406
0.999997318 0.000572355 0.002244716 0.248896152 -0.000576384 0.999998212 0.001794951 -0.397486269 -0.002243684 -0.001796240 0.999995887 13.029746056
0.999996543 0.000558324 0.002570636 0.261490911 -0.000562305 0.999998629 0.001547960 -0.407585919 -0.002569768 -0.001549400 0.999995470 13.440474510
0.999997139 -0.000327852 0.002341584 0.276892602 0.000323195 0.999997973 0.001988779 -0.421945214 -0.002342231 -0.001988016 0.999995291 13.868354797
0.999993920 0.001575806 0.003112210 0.279192954 -0.001580314 0.999997675 0.001446744 -0.428874582 -0.003109923 -0.001451654 0.999994040 14.284796715
0.999995470 0.000619753 0.002941895 0.288827121 -0.000624707 0.999998510 0.001683332 -0.443085313 -0.002940847 -0.001685163 0.999994278 14.700530052
0.999994040 0.000944039 0.003361010 0.296345860 -0.000950003 0.999997973 0.001773103 -0.454294711 -0.003359329 -0.001776285 0.999992788 15.137814522
0.999994338 0.000757919 0.003278797 0.307664722 -0.000764135 0.999997854 0.001895097 -0.466974169 -0.003277354 -0.001897592 0.999992847 15.576068878
0.999991775 0.001376739 0.003812463 0.317780584 -0.001383852 0.999997437 0.001863698 -0.477892548 -0.003809887 -0.001868958 0.999991000 16.020637512
0.999992132 0.000442578 0.003938542 0.324804246 -0.000450901 0.999997675 0.002112629 -0.493698657 -0.003937598 -0.002114388 0.999989986 16.470746994
0.999991596 0.000224086 0.004088121 0.337553054 -0.000232523 0.999997973 0.002063562 -0.504401922 -0.004087650 -0.002064495 0.999989510 16.918485641
0.999989152 0.000775306 0.004588890 0.346848458 -0.000784209 0.999997735 0.001938569 -0.518795788 -0.004587377 -0.001942146 0.999987602 17.370597839
0.999988019 0.000572788 0.004867330 0.353937864 -0.000585754 0.999996245 0.002662724 -0.538873911 -0.004865788 -0.002665543 0.999984622 17.825735092
0.999987841 0.000205119 0.004927388 0.368930399 -0.000220394 0.999995172 0.003099526 -0.556811869 -0.004926729 -0.003100574 0.999983132 18.291007996
0.999985874 0.000286478 0.005312068 0.377896696 -0.000300521 0.999996424 0.002642983 -0.563662410 -0.005311292 -0.002644542 0.999982357 18.770748138
0.999986827 0.000538024 0.005116276 0.390191108 -0.000553460 0.999995291 0.003016160 -0.585163116 -0.005114630 -0.003018952 0.999982357 19.240686417
0.999987304 0.000048864 0.005034861 0.410599738 -0.000062101 0.999996543 0.002628926 -0.589069247 -0.005034715 -0.002629206 0.999983847 19.748634338
0.999986768 0.000461731 0.005119196 0.419019818 -0.000476373 0.999995828 0.002859462 -0.604948938 -0.005117854 -0.002861863 0.999982834 20.235101700
0.999984860 0.000542360 0.005468374 0.430901766 -0.000558436 0.999995530 0.002938846 -0.616994739 -0.005466755 -0.002941856 0.999980688 20.731592178
0.999986827 0.000815551 0.005073120 0.444406658 -0.000830467 0.999995351 0.002938666 -0.629351020 -0.005070700 -0.002942841 0.999982834 21.225978851
0.999989569 0.000308311 0.004551183 0.451971233 -0.000323090 0.999994695 0.003246949 -0.642285526 -0.004550159 -0.003248385 0.999984384 21.725028992
0.999993265 0.000099249 0.003673129 0.468212128 -0.000111743 0.999994159 0.003401419 -0.660362124 -0.003672770 -0.003401806 0.999987423 22.225204468
0.999995410 0.000582267 0.002965763 0.480664194 -0.000591339 0.999995172 0.003059017 -0.668801844 -0.002963968 -0.003060756 0.999990940 22.738100052
0.999996364 0.000386507 0.002715277 0.490594745 -0.000395384 0.999994516 0.003269353 -0.692249596 -0.002713999 -0.003270414 0.999990940 23.245719910
0.999997854 0.000390509 0.002010552 0.501032054 -0.000397549 0.999993742 0.003502159 -0.702300131 -0.002009171 -0.003502951 0.999991834 23.765192032
0.999999046 -0.000440230 0.001278867 0.513145566 0.000436132 0.999994755 0.003202633 -0.718246639 -0.001280270 -0.003202072 0.999994040 24.283681870
0.999999523 0.000708530 0.000542530 0.524169385 -0.000710240 0.999994755 0.003158736 -0.728236377 -0.000540289 -0.003159120 0.999994814 24.819499969
0.999999344 0.001113549 0.000167031 0.532244503 -0.001114059 0.999994576 0.003085388 -0.740260661 -0.000163594 -0.003085572 0.999995232 25.355424881
0.999999344 0.001152966 0.000024522 0.538304567 -0.001153038 0.999994338 0.003158930 -0.751245141 -0.000020880 -0.003158957 0.999994993 25.895229340
0.999998510 0.001687253 -0.000141033 0.546767712 -0.001686781 0.999993145 0.003287236 -0.769041657 0.000146578 -0.003286993 0.999994576 26.433792114
0.999999046 0.000180876 -0.001379803 0.561626792 -0.000175227 0.999991596 0.004093237 -0.789941669 0.001380532 -0.004092991 0.999990582 26.998176575
0.999998212 -0.000271015 -0.001864063 0.571397603 0.000280251 0.999987662 0.004956247 -0.819136262 0.001862697 -0.004956760 0.999985933 27.535652161
0.999998271 0.000793723 -0.001684283 0.573688924 -0.000787669 0.999993205 0.003592072 -0.813341439 0.001687123 -0.003590740 0.999992132 28.086326599
0.999997437 0.001069965 -0.001974189 0.576272905 -0.001062151 0.999991596 0.003954899 -0.830343068 0.001978404 -0.003952793 0.999990225 28.626880646
0.999996483 0.001431910 -0.002233918 0.586987019 -0.001423261 0.999991477 0.003868234 -0.844438195 0.002239438 -0.003865041 0.999990046 29.160028458
0.999995708 0.001479766 -0.002516971 0.598443329 -0.001471597 0.999993682 0.003244298 -0.852375507 0.002521756 -0.003240579 0.999991596 29.707405090
0.999993682 0.001091274 -0.003418724 0.600024164 -0.001078944 0.999992907 0.003606401 -0.864970803 0.003422636 -0.003602689 0.999987662 30.249753952
0.999993026 0.001511663 -0.003392171 0.613455176 -0.001501305 0.999994218 0.003054264 -0.880467415 0.003396769 -0.003049150 0.999989569 30.791231155
0.999992549 0.001621647 -0.003499746 0.617743015 -0.001612330 0.999995172 0.002663199 -0.886296093 0.003504049 -0.002657536 0.999990344 31.335412979
0.999992073 0.002021580 -0.003435943 0.617973089 -0.002012092 0.999994159 0.002762491 -0.898935795 0.003441507 -0.002755556 0.999990284 31.884332657
0.999993682 0.001575580 -0.003174320 0.631962419 -0.001567325 0.999995410 0.002601499 -0.906965315 0.003178404 -0.002596507 0.999991596 32.426147461
0.999988139 0.000896889 -0.004783494 0.643867373 -0.000880021 0.999993384 0.003527207 -0.939415574 0.004786626 -0.003522955 0.999982357 32.953594208
0.999992609 0.001073494 -0.003683965 0.636720717 -0.001062435 0.999994934 0.003002580 -0.944279671 0.003687171 -0.002998644 0.999988735 33.491096497
0.999989033 0.000428901 -0.004660188 0.650015235 -0.000416799 0.999996543 0.002597502 -0.956139028 0.004661286 -0.002595532 0.999985754 34.021930695
0.999983907 0.000365484 -0.005662875 0.668499410 -0.000349286 0.999995828 0.002861066 -0.967169225 0.005663897 -0.002859042 0.999979854 34.574462891
0.999988914 0.001135456 -0.004568332 0.663178205 -0.001120162 0.999993682 0.003348996 -0.991413236 0.004572106 -0.003343841 0.999983966 35.114814758
0.999983728 -0.000337825 -0.005693355 0.688428402 0.000357880 0.999993742 0.003521933 -1.007524371 0.005692129 -0.003523913 0.999977589 35.686866760
0.999980450 -0.000811876 -0.006204696 0.698017836 0.000834503 0.999992967 0.003644878 -1.020052552 0.006201693 -0.003649984 0.999974072 36.255786896
0.999985814 0.000053384 -0.005309887 0.697336853 -0.000034857 0.999993861 0.003489100 -1.035273790 0.005310041 -0.003488865 0.999979794 36.794086456
0.999975562 -0.000660138 -0.006956456 0.713373542 0.000686853 0.999992371 0.003838605 -1.052034140 0.006953868 -0.003843289 0.999968410 37.336456299
0.999978125 -0.000163817 -0.006611658 0.711351871 0.000181879 0.999996245 0.002731449 -1.040987492 0.006611185 -0.002732592 0.999974370 37.892654419
0.999978304 -0.001315020 -0.006458782 0.708708405 0.001340099 0.999991596 0.003880259 -1.073814034 0.006453625 -0.003888830 0.999971569 38.463859558
0.999980032 0.000169242 -0.006313955 0.713678479 -0.000148373 0.999994516 0.003305600 -1.088298798 0.006314479 -0.003304598 0.999974608 39.003963470
0.999977708 -0.000584539 -0.006653759 0.725839853 0.000609114 0.999993145 0.003691946 -1.110612154 0.006651554 -0.003695916 0.999971032 39.553161621
0.999977529 -0.000314845 -0.006698855 0.739072919 0.000342385 0.999991477 0.004110506 -1.121068239 0.006697504 -0.004112707 0.999969125 40.100540161
0.999977887 -0.000069327 -0.006654334 0.753388584 0.000092017 0.999994099 0.003409515 -1.137554169 0.006654059 -0.003410052 0.999972045 40.655712128
0.999974370 -0.001112160 -0.007075516 0.757555306 0.001142007 0.999990463 0.004215620 -1.156609297 0.007070760 -0.004223592 0.999966085 41.217781067
0.999977350 -0.000267290 -0.006725467 0.755288243 0.000297082 0.999990165 0.004429118 -1.166059256 0.006724218 -0.004431015 0.999967575 41.771911621
0.999978662 0.000138492 -0.006531212 0.750893235 -0.000113633 0.999992669 0.003806344 -1.180001020 0.006531693 -0.003805520 0.999971449 42.315883636
0.999977708 0.000322853 -0.006665289 0.756980181 -0.000293288 0.999990106 0.004436189 -1.196099877 0.006666655 -0.004434136 0.999967933 42.878890991
0.999971032 -0.000421415 -0.007598074 0.775066614 0.000453528 0.999991000 0.004225272 -1.204849362 0.007596225 -0.004228596 0.999962211 43.430656433
0.999966979 -0.000296055 -0.008137050 0.780507505 0.000330978 0.999990761 0.004290792 -1.222760797 0.008135705 -0.004293344 0.999957681 43.957004547
0.999970317 -0.000512987 -0.007685820 0.785056829 0.000549516 0.999988556 0.004751460 -1.236374140 0.007683294 -0.004755544 0.999959171 44.495670319
0.999967575 -0.000486224 -0.008029150 0.796076655 0.000519124 0.999991596 0.004095962 -1.245549560 0.008027089 -0.004099998 0.999959350 45.044013977
0.999973238 -0.000197427 -0.007301348 0.796407580 0.000227428 0.999991536 0.004108374 -1.259165406 0.007300474 -0.004109925 0.999964893 45.597652435
0.999970675 -0.000677225 -0.007625036 0.808750272 0.000709527 0.999990761 0.004234472 -1.270556927 0.007622099 -0.004239758 0.999961972 46.149990082
0.999972045 -0.000641217 -0.007447859 0.810951471 0.000673951 0.999990046 0.004393307 -1.287739992 0.007444969 -0.004398203 0.999962628 46.675907135
0.999976516 0.000090921 -0.006866829 0.801173210 -0.000060107 0.999989927 0.004487502 -1.299881339 0.006867168 -0.004486984 0.999966383 47.223621368
0.999976575 -0.000039490 -0.006837147 0.802912056 0.000072013 0.999988616 0.004756529 -1.319605112 0.006836883 -0.004756911 0.999965310 47.767608643
0.999975324 0.000823081 -0.006973328 0.819405973 -0.000791767 0.999989510 0.004492091 -1.330398202 0.006976955 -0.004486458 0.999965549 48.313743591
0.999974072 0.000522081 -0.007180117 0.830747247 -0.000491793 0.999991000 0.004219370 -1.336395264 0.007182253 -0.004215729 0.999965310 48.857711792
0.999974310 0.000291193 -0.007164123 0.841996074 -0.000264980 0.999993205 0.003659678 -1.343443155 0.007165142 -0.003657686 0.999967635 49.403739929
0.999975979 0.001038482 -0.006854190 0.851706028 -0.001010220 0.999990940 0.004125596 -1.362997413 0.006858413 -0.004118572 0.999967992 49.940811157
0.999975741 0.000618991 -0.006927434 0.858592868 -0.000589080 0.999990463 0.004318938 -1.375396013 0.006930042 -0.004314752 0.999966681 50.478366852
0.999979913 0.000632400 -0.006303934 0.859736145 -0.000607915 0.999992251 0.003885261 -1.390501499 0.006306342 -0.003881350 0.999972582 51.006748199
0.999981225 0.001031872 -0.006036853 0.866896272 -0.001008744 0.999992132 0.003833040 -1.400755882 0.006040762 -0.003826878 0.999974430 51.559207916
0.999977767 0.000268886 -0.006659354 0.882874489 -0.000243137 0.999992490 0.003867099 -1.414099932 0.006660343 -0.003865394 0.999970376 52.091026306
0.999982774 0.000372944 -0.005882923 0.894764483 -0.000352109 0.999993622 0.003542358 -1.432784796 0.005884208 -0.003540225 0.999976397 52.631923676
0.999980330 0.001038167 -0.006183913 0.901051998 -0.001016834 0.999993443 0.003451841 -1.442026377 0.006187456 -0.003445485 0.999974906 53.166748047
0.999984503 0.001893891 -0.005239794 0.887279987 -0.001874933 0.999991715 0.003620500 -1.457820177 0.005246608 -0.003610620 0.999979734 53.705768585
0.999986112 0.001258572 -0.005100713 0.898411989 -0.001239537 0.999992192 0.003733296 -1.476653576 0.005105372 -0.003726922 0.999980032 54.248931885
0.999987900 0.001386367 -0.004715508 0.895837188 -0.001370832 0.999993622 0.003295961 -1.485628605 0.004720048 -0.003289457 0.999983430 54.776584625
0.999986172 0.000728084 -0.005197742 0.912163734 -0.000710822 0.999994159 0.003322278 -1.503905892 0.005200130 -0.003318537 0.999980986 55.317619324
0.999983549 -0.000004425 -0.005726649 0.928775191 0.000026220 0.999992669 0.003805853 -1.515838861 0.005726590 -0.003805941 0.999976337 55.864730835
0.999982834 -0.000256188 -0.005849926 0.935415685 0.000277013 0.999993622 0.003559342 -1.527284980 0.005848978 -0.003560901 0.999976516 56.412719727
0.999985278 0.000804355 -0.005367693 0.943370521 -0.000786277 0.999994040 0.003369174 -1.543900132 0.005370371 -0.003364904 0.999979913 56.942798615
0.999986827 0.000597051 -0.005093902 0.943763554 -0.000578632 0.999993265 0.003616531 -1.558240414 0.005096028 -0.003613536 0.999980509 57.492668152
0.999985993 0.000812429 -0.005222085 0.953835130 -0.000793333 0.999992967 0.003657714 -1.575600982 0.005225021 -0.003653520 0.999979675 58.036914825
0.999984503 0.000595716 -0.005530975 0.963799119 -0.000576267 0.999993622 0.003517304 -1.584145546 0.005533035 -0.003514062 0.999978542 58.585357666
0.999986470 0.000758000 -0.005144876 0.969529808 -0.000740749 0.999994040 0.003354143 -1.597747087 0.005147388 -0.003350287 0.999981165 59.133804321
0.999983430 0.000331291 -0.005746595 0.976743221 -0.000314912 0.999995828 0.002850803 -1.607845902 0.005747515 -0.002848945 0.999979436 59.679229736
0.999982595 0.000411510 -0.005886746 0.992529929 -0.000390271 0.999993384 0.003608537 -1.627470970 0.005888192 -0.003606177 0.999976099 60.237991333
0.999983191 0.001131447 -0.005689339 0.998390198 -0.001112905 0.999993980 0.003261138 -1.635923743 0.005692996 -0.003254751 0.999978483 60.790771484
0.999982178 0.000712080 -0.005931720 1.011672974 -0.000691774 0.999993861 0.003424713 -1.650490999 0.005934122 -0.003420549 0.999976516 61.342178345
0.999981940 0.001364977 -0.005849667 1.026375651 -0.001340547 0.999990344 0.004178118 -1.672829986 0.005855314 -0.004170201 0.999974191 61.892456055
0.999979794 0.001013779 -0.006273241 1.034820795 -0.000989205 0.999991834 0.003919109 -1.685057640 0.006277164 -0.003912825 0.999972582 62.444709778
0.999978840 0.001083819 -0.006410428 1.046737790 -0.001060257 0.999992669 0.003677777 -1.698071361 0.006414367 -0.003670903 0.999972641 62.982505798
0.999980032 0.001070351 -0.006223668 1.052507997 -0.001048559 0.999993324 0.003503671 -1.708434105 0.006227376 -0.003497076 0.999974430 63.529254913
0.999979556 0.001439921 -0.006229079 1.060163736 -0.001418969 0.999993324 0.003366704 -1.723125219 0.006233884 -0.003357797 0.999974906 64.060157776
0.999978065 0.000954867 -0.006553417 1.075314283 -0.000932488 0.999993742 0.003417007 -1.738101602 0.006556639 -0.003410821 0.999972701 64.607704163
0.999978125 0.001301824 -0.006487474 1.079024792 -0.001278121 0.999992490 0.003656419 -1.749395132 0.006492184 -0.003648048 0.999972284 65.150604248
0.999982178 0.000829688 -0.005912749 1.085938931 -0.000808936 0.999993503 0.003511201 -1.762811065 0.005915624 -0.003506355 0.999976337 65.706062317
0.999983370 0.001232785 -0.005634786 1.086668253 -0.001212791 0.999992967 0.003550160 -1.778238416 0.005639123 -0.003543267 0.999977827 66.245101929
0.999987066 0.001024958 -0.004972570 1.092679977 -0.001006939 0.999992907 0.003624985 -1.791054487 0.004976250 -0.003619931 0.999981046 66.802696228
0.999988377 0.001744902 -0.004491493 1.100233793 -0.001730949 0.999993682 0.003108673 -1.803301454 0.004496889 -0.003100862 0.999985039 67.349884033
0.999987364 0.001072828 -0.004908086 1.106006384 -0.001056265 0.999993742 0.003376016 -1.817840576 0.004911677 -0.003370790 0.999982238 67.891883850
0.999988675 0.001169751 -0.004607026 1.116667867 -0.001152287 0.999992132 0.003791659 -1.840617657 0.004611425 -0.003786307 0.999982178 68.449722290
0.999988616 0.001610061 -0.004485732 1.122980952 -0.001593904 0.999992192 0.003603096 -1.850963235 0.004491498 -0.003595905 0.999983430 68.989768982
0.999986649 0.001359660 -0.005007189 1.132667065 -0.001342805 0.999993443 0.003368008 -1.859222770 0.005011735 -0.003361239 0.999981821 69.546699524
0.999989271 0.002315325 -0.004000792 1.128187180 -0.002301337 0.999991238 0.003497286 -1.878483891 0.004008854 -0.003488041 0.999985814 70.091598511
0.999989033 0.001750041 -0.004340790 1.143245459 -0.001734367 0.999991953 0.003611997 -1.885810137 0.004347077 -0.003604429 0.999984026 70.640228271
0.999988258 0.001913601 -0.004450910 1.155834317 -0.001896629 0.999990940 0.003814152 -1.902158737 0.004458169 -0.003805665 0.999982834 71.193801880
0.999986649 0.001971651 -0.004771349 1.173799515 -0.001955497 0.999992371 0.003387950 -1.916216135 0.004777993 -0.003378574 0.999982893 71.745300293
0.999990702 0.002621509 -0.003421618 1.156053424 -0.002610840 0.999991655 0.003118990 -1.921560287 0.003429766 -0.003110028 0.999989271 72.307044983
0.999988675 0.002798565 -0.003852156 1.167021751 -0.002786934 0.999991536 0.003021298 -1.936208129 0.003860579 -0.003010528 0.999988019 72.865287781
0.999989629 0.002486147 -0.003818697 1.182848573 -0.002472114 0.999990165 0.003675162 -1.959874868 0.003827796 -0.003665683 0.999985874 73.408317566
0.999990880 0.002112443 -0.003718511 1.188680291 -0.002098082 0.999990463 0.003861808 -1.971085310 0.003726633 -0.003853971 0.999985635 73.949737549
0.999990165 0.002035485 -0.003929659 1.200601339 -0.002022183 0.999992251 0.003386012 -1.983503699 0.003936520 -0.003378033 0.999986529 74.492012024
0.999989212 0.002047382 -0.004167174 1.217413068 -0.002031758 0.999990821 0.003750146 -2.001031160 0.004174815 -0.003741637 0.999984264 75.024536133
0.999988377 0.001897943 -0.004431322 1.226009369 -0.001883578 0.999992967 0.003243476 -2.011028767 0.004437445 -0.003235091 0.999984920 75.576225281
0.999988258 0.001325918 -0.004664322 1.238092899 -0.001310844 0.999993861 0.003233451 -2.025354624 0.004668581 -0.003227299 0.999983847 76.108711243
0.999989092 0.001533056 -0.004433886 1.243370533 -0.001519284 0.999994040 0.003108187 -2.035752535 0.004438625 -0.003101417 0.999985278 76.661705017
0.999989748 0.001864697 -0.004127352 1.245476127 -0.001855849 0.999995947 0.002146415 -2.036220789 0.004131338 -0.002138733 0.999989152 77.235382080
0.999988198 0.001854674 -0.004475017 1.260807633 -0.001841548 0.999993920 0.002935420 -2.065884352 0.004480433 -0.002927144 0.999985695 77.756881714
0.999987364 0.001935775 -0.004644139 1.265649796 -0.001921548 0.999993443 0.003065954 -2.077666283 0.004650044 -0.003056992 0.999984503 78.302574158
0.999988914 0.001022769 -0.004597588 1.270832419 -0.001008507 0.999994695 0.003103094 -2.092317820 0.004600737 -0.003098423 0.999984622 78.855491638
0.999985933 0.001118547 -0.005182777 1.289369822 -0.001102599 0.999994636 0.003078874 -2.106490850 0.005186192 -0.003073116 0.999981821 79.403625488
0.999993443 0.002916784 -0.002111131 1.254543662 -0.002910219 0.999990940 0.003106108 -2.118100643 0.002120171 -0.003099944 0.999992907 79.935050964
0.999992549 0.001813760 -0.003410890 1.285318136 -0.001804606 0.999994755 0.002684802 -2.119348288 0.003415743 -0.002678626 0.999990582 80.493659973
0.999992967 0.001296847 -0.003560537 1.308600664 -0.001288968 0.999996722 0.002214186 -2.132203579 0.003563397 -0.002209581 0.999991238 81.033340454
0.999994159 0.002837281 -0.001915887 1.308289170 -0.002832024 0.999992251 0.002740834 -2.148758411 0.001923649 -0.002735392 0.999994338 81.573074341
0.999997437 0.001735527 -0.001467744 1.333414316 -0.001731446 0.999994636 0.002777502 -2.174575567 0.001472556 -0.002774953 0.999995053 82.150161743
0.999998450 0.001725517 0.000155829 1.343481302 -0.001725959 0.999994338 0.002886695 -2.190191031 -0.000150847 -0.002886960 0.999995768 82.702133179
0.999990880 0.001763680 0.003922963 1.358006001 -0.001771940 0.999996245 0.002103120 -2.199573755 -0.003919239 -0.002110051 0.999990106 83.248825073
0.999972343 0.001181951 0.007343774 1.379286289 -0.001200040 0.999996185 0.002459302 -2.213121653 -0.007340840 -0.002468047 0.999969959 83.781509399
0.999932826 0.001522932 0.011486182 1.388701677 -0.001551607 0.999995708 0.002487985 -2.227708817 -0.011482343 -0.002505640 0.999930918 84.326675415
0.999876440 0.001342588 0.015669981 1.411555290 -0.001375794 0.999996841 0.002108526 -2.240035295 -0.015667103 -0.002129824 0.999874949 84.874328613
0.999761462 0.002598433 0.021683775 1.438314438 -0.002667650 0.999991417 0.003163810 -2.260889769 -0.021675369 -0.003220900 0.999759972 85.413543701
0.999634206 0.001777070 0.026985809 1.474467516 -0.001836266 0.999995947 0.002168999 -2.264661789 -0.026981844 -0.002217759 0.999633491 85.965843201
0.999456644 0.001949090 0.032902181 1.510830998 -0.002026384 0.999995232 0.002316014 -2.279851913 -0.032897506 -0.002381428 0.999455869 86.508781433
0.999152124 0.001326384 0.041147627 1.540661812 -0.001395818 0.999997675 0.001658763 -2.284113407 -0.041145336 -0.001714792 0.999151707 87.055046082
0.998770356 0.001688733 0.049546704 1.580658436 -0.001799558 0.999996006 0.002192247 -2.311819077 -0.049542796 -0.002278714 0.998769403 87.595603943
0.998389006 0.001588778 0.056717005 1.626359224 -0.001701923 0.999996662 0.001946666 -2.313240051 -0.056713726 -0.002040057 0.998388350 88.142425537
0.997832716 0.001124486 0.065790437 1.682217121 -0.001244012 0.999997616 0.001775833 -2.324921131 -0.065788276 -0.001853828 0.997831881 88.695793152
0.997109592 0.001033287 0.075969659 1.745189190 -0.001174263 0.999997675 0.001811060 -2.339956045 -0.075967610 -0.001895033 0.997108459 89.231941223
0.996411204 0.001009757 0.084638886 1.806008816 -0.001133090 0.999998331 0.001409141 -2.350566387 -0.084637336 -0.001499988 0.996410668 89.781562805
0.995682657 0.000716915 0.092819072 1.871442795 -0.000818067 0.999999106 0.001051728 -2.366451263 -0.092818230 -0.001123120 0.995682418 90.316101074
0.994597912 0.001081598 0.103796452 1.944699764 -0.001215480 0.999998450 0.001226608 -2.375632763 -0.103794977 -0.001346144 0.994597793 90.851867676
0.993433952 0.000547788 0.114405632 2.025597572 -0.000668080 0.999999225 0.001013115 -2.385358334 -0.114404976 -0.001082895 0.993433595 91.390151978
0.992366374 0.000219267 0.123324119 2.112210274 -0.000359516 0.999999285 0.001114990 -2.403549910 -0.123323791 -0.001150815 0.992365777 91.947257996
0.990931213 0.000044378 0.134369493 2.209585190 -0.000176582 0.999999642 0.000971966 -2.412564516 -0.134369358 -0.000986879 0.990930736 92.475097656
0.989336431 -0.001005408 0.145644546 2.327209473 0.000945370 0.999999464 0.000481431 -2.423667431 -0.145644963 -0.000338609 0.989336848 93.019309998
0.987521589 -0.001269656 0.157478705 2.412108421 0.001202528 0.999999106 0.000521546 -2.434787035 -0.157479197 -0.000325666 0.987522244 93.555580139
0.985756874 -0.000780309 0.168174878 2.518793106 0.000615913 0.999999285 0.001029689 -2.455101252 -0.168175593 -0.000911442 0.985756636 94.087638855
0.983530521 -0.000825770 0.180740356 2.644285202 0.000643748 0.999999166 0.001065746 -2.467853069 -0.180741102 -0.000931842 0.983530283 94.623130798
0.981163442 -0.001209108 0.193175748 2.768402100 0.001112274 0.999999225 0.000609726 -2.475487947 -0.193176329 -0.000383377 0.981163979 95.148620605
0.979119658 -0.001602261 0.203278556 2.899782181 0.001511233 0.999998808 0.000603018 -2.491738081 -0.203279227 -0.000283226 0.979120791 95.672752380
0.976278126 -0.001232813 0.216516629 3.038307190 0.001114568 0.999999166 0.000668233 -2.507314444 -0.216517299 -0.000411059 0.976278722 96.209075928
0.973193645 -0.001618396 0.229981586 3.186965942 0.001465910 0.999998569 0.000833890 -2.516123295 -0.229982600 -0.000474404 0.973194599 96.735710144
0.970608175 -0.002119092 0.240656316 3.337476730 0.001863614 0.999997437 0.001289176 -2.541592836 -0.240658462 -0.000802795 0.970609546 97.238098145
0.967611730 -0.002486083 0.252431005 3.499555588 0.002225611 0.999996662 0.001317377 -2.553470135 -0.252433449 -0.000712896 0.967613995 97.755332947
0.963857949 -0.001843055 0.266410381 3.664300919 0.001668278 0.999998212 0.000882357 -2.559470654 -0.266411513 -0.000406021 0.963859320 98.275039673
0.960336447 -0.001744285 0.278838158 3.848598480 0.001538587 0.999998331 0.000956542 -2.573874950 -0.278839409 -0.000489585 0.960337639 98.800247192
0.956926703 -0.001846566 0.290323675 4.020883560 0.001548792 0.999998033 0.001255430 -2.590273619 -0.290325493 -0.000751704 0.956927657 99.311500549
0.952733576 -0.002911703 0.303793430 4.212566376 0.002477866 0.999995291 0.001813545 -2.607255459 -0.303797364 -0.000975066 0.952736139 99.827690125
0.948236227 -0.002528998 0.317555696 4.412055969 0.002204254 0.999996603 0.001381918 -2.615260363 -0.317558140 -0.000610411 0.948238552 100.340438843
0.944368541 -0.003713543 0.328868181 4.610395432 0.003392054 0.999993026 0.001551285 -2.626518965 -0.328871518 -0.000349447 0.944374561 100.841003418
0.939720035 -0.003384960 0.341928095 4.820192337 0.003239277 0.999994278 0.000997073 -2.635666132 -0.341929376 0.000170630 0.939725578 101.364280701
0.934590936 -0.004608068 0.355694324 5.041883469 0.004343645 0.999989390 0.001542020 -2.657298803 -0.355697632 0.000103853 0.934601068 101.866577148
0.929809570 -0.004249291 0.368016452 5.260246277 0.004106847 0.999990821 0.001170239 -2.669195890 -0.368018061 0.000423288 0.929818571 102.382766724
0.924984932 -0.004524089 0.379976720 5.477710724 0.004273318 0.999989867 0.001503477 -2.687984467 -0.379979581 0.000233068 0.924994826 102.862182617
0.919249296 -0.004962953 0.393644631 5.716514587 0.004652051 0.999987662 0.001743953 -2.705692291 -0.393648356 0.000228127 0.919261038 103.339767456
0.913466454 -0.005377746 0.406878501 5.957427979 0.004896345 0.999985516 0.002224304 -2.715389490 -0.406884581 -0.000039609 0.913479567 103.836135864
0.908452868 -0.006152188 0.417941898 6.203525543 0.006015288 0.999980569 0.001644875 -2.719640255 -0.417943865 0.001019749 0.908472240 104.311698914
0.902296305 -0.006845262 0.431061953 6.461811066 0.006597650 0.999976099 0.002069452 -2.737702370 -0.431065798 0.000976737 0.902319908 104.793594360
0.895711899 -0.006150975 0.444592386 6.725643158 0.005691254 0.999980927 0.002368765 -2.765116215 -0.444598436 0.000408557 0.895729899 105.235214233
0.889514506 -0.006712147 0.456857651 6.986633301 0.006498763 0.999976933 0.002038374 -2.765151262 -0.456860721 0.001155847 0.889537513 105.733741760
0.883632481 -0.006681509 0.468133599 7.258289337 0.006475101 0.999976933 0.002050153 -2.776098251 -0.468136549 0.001219631 0.883655369 106.213157654
0.876959085 -0.007647271 0.480504245 7.548767090 0.007227859 0.999970138 0.002723196 -2.808259726 -0.480510682 0.001084885 0.876988173 106.668601990
