1.000000000 0.000000000 0.000000000 0.000000000 0.000000000 1.000000000 0.000000000 0.000000000 0.000000000 0.000000000 1.000000000 0.000000000
1.000000000 -0.000081244 -0.000211481 0.003680915 0.000081273 1.000000000 0.000138686 -0.003176902 0.000211470 -0.000138703 0.999999940 -0.002287776
1.000000000 0.000039194 0.000005253 0.000796901 -0.000039194 1.000000000 0.000071472 -0.002730929 -0.000005251 -0.000071473 1.000000000 -0.003172904
1.000000000 -0.000108979 -0.000149667 0.006437452 0.000109007 1.000000000 0.000186966 -0.003014800 0.000149646 -0.000186983 1.000000000 -0.004518117
1.000000000 -0.000038735 -0.000054583 0.000914655 0.000038738 1.000000000 0.000048214 -0.000512342 0.000054581 -0.000048217 1.000000000 0.000104706
1.000000000 -0.000025699 0.000061895 -0.000678320 0.000025698 1.000000000 0.000014135 -0.001678890 -0.000061896 -0.000014133 1.000000000 -0.001524250
1.000000000 -0.000084745 -0.000135838 0.004907828 0.000084770 1.000000000 0.000182444 -0.003287462 0.000135823 -0.000182456 1.000000000 -0.007177515
1.000000000 -0.000146987 -0.000070160 -0.000341248 0.000146990 1.000000000 0.000045171 0.000090301 0.000070153 -0.000045181 1.000000000 0.000538073
1.000000000 0.000006765 -0.000086875 0.002573846 -0.000006757 1.000000000 0.000090475 -0.003418287 0.000086876 -0.000090475 1.000000000 -0.009053451
1.000000000 0.000025868 0.000036942 0.000639931 -0.000025872 1.000000000 0.000103887 -0.002695634 -0.000036939 -0.000103888 1.000000000 -0.005619225
1.000000000 0.000117558 0.000088615 -0.001164593 -0.000117562 1.000000000 0.000047520 -0.000961907 -0.000088609 -0.000047531 1.000000000 -0.005088547
1.000000000 -0.000106770 -0.000023577 -0.000490446 0.000106772 1.000000000 0.000090877 -0.003843385 0.000023567 -0.000090879 1.000000000 -0.008580164
1.000000000 -0.000066484 -0.000006696 0.000305931 0.000066485 1.000000000 0.000061397 -0.001839915 0.000006692 -0.000061398 1.000000000 -0.006263673
1.000000000 -0.000065275 -0.000012498 0.000498999 0.000065276 1.000000000 0.000098817 -0.001901891 0.000012492 -0.000098818 1.000000000 -0.005938299
1.000000000 -0.000230552 -0.000077174 0.001059789 0.000230567 0.999999940 0.000196798 -0.002405149 0.000077129 -0.000196816 1.000000000 -0.008397826
0.999999940 -0.000259952 -0.000106643 -0.000918886 0.000259966 0.999999940 0.000137888 -0.002854785 0.000106607 -0.000137915 1.000000000 -0.009422338
1.000000000 -0.000166988 0.000025333 0.000000570 0.000166987 1.000000000 0.000052309 -0.001154653 -0.000025342 -0.000052305 1.000000000 -0.008019817
1.000000000 0.000055694 0.000003449 0.001975002 -0.000055695 1.000000000 0.000181623 -0.003526929 -0.000003439 -0.000181623 1.000000000 -0.011528329
0.999999940 -0.000241665 -0.000072392 0.001427241 0.000241673 0.999999940 0.000105774 -0.003768084 0.000072366 -0.000105791 1.000000000 -0.008618297
0.999999940 -0.000271358 -0.000079569 0.004081115 0.000271371 0.999999940 0.000168076 -0.005538040 0.000079523 -0.000168097 1.000000000 -0.016081812
1.000000000 -0.000037319 -0.000015849 0.001961435 0.000037322 1.000000000 0.000215195 -0.005398497 0.000015841 -0.000215195 1.000000000 -0.011737055
1.000000000 0.000024134 0.000046472 -0.000348753 -0.000024139 1.000000000 0.000119474 -0.001189261 -0.000046469 -0.000119475 1.000000000 -0.007273770
0.999999940 -0.000246946 -0.000182262 0.006032587 0.000246982 0.999999940 0.000201035 -0.003705020 0.000182212 -0.000201080 0.999999940 -0.015672198
1.000000000 -0.000214624 -0.000089616 0.001862890 0.000214644 0.999999940 0.000220990 -0.003415731 0.000089568 -0.000221009 1.000000000 -0.007287159
1.000000000 -0.000069534 -0.000133985 0.005962447 0.000069561 1.000000000 0.000202440 -0.003506870 0.000133971 -0.000202450 1.000000000 -0.015782770
1.000000000 -0.000084824 -0.000044220 0.000717681 0.000084833 1.000000000 0.000204596 -0.003238227 0.000044203 -0.000204600 1.000000000 -0.013777444
1.000000000 -0.000083808 -0.000013771 -0.001588375 0.000083810 1.000000000 0.000205342 -0.004851791 0.000013754 -0.000205343 1.000000000 -0.015339227
1.000000000 -0.000077641 -0.000002274 -0.001207127 0.000077641 1.000000000 0.000193438 -0.003252337 0.000002259 -0.000193438 1.000000000 -0.009570658
0.999999940 -0.000249007 -0.000152762 -0.000150283 0.000249027 0.999999940 0.000134982 0.000311180 0.000152728 -0.000135020 1.000000000 -0.007397227
1.000000000 -0.000133843 -0.000109922 0.001764422 0.000133865 1.000000000 0.000200530 -0.002467026 0.000109896 -0.000200545 1.000000000 -0.009584235
1.000000000 -0.000139958 0.000022806 -0.001273546 0.000139955 1.000000000 0.000123893 -0.001624025 -0.000022823 -0.000123890 1.000000000 -0.003078353
0.999999940 -0.000240374 -0.000092739 -0.001663099 0.000240395 0.999999940 0.000230307 -0.002713437 0.000092684 -0.000230330 0.999999940 -0.009519543
0.999999940 -0.000192311 -0.000156021 0.002231564 0.000192352 0.999999940 0.000261455 -0.003632266 0.000155971 -0.000261485 0.999999940 -0.014240959
1.000000000 -0.000043188 -0.000124906 -0.000027097 0.000043198 1.000000000 0.000079146 -0.000946698 0.000124903 -0.000079152 1.000000000 -0.005747109
1.000000000 -0.000095980 -0.000068774 -0.001079482 0.000095985 1.000000000 0.000081470 -0.000763156 0.000068766 -0.000081476 1.000000000 -0.007072841
1.000000000 -0.000183790 -0.000064788 -0.001737397 0.000183789 1.000000000 -0.000008788 0.000288091 0.000064790 0.000008776 1.000000000 -0.010784402
0.999999940 -0.000267274 -0.000210781 0.003697151 0.000267289 0.999999940 0.000073475 -0.001139842 0.000210761 -0.000073531 1.000000000 -0.009880924
1.000000000 -0.000209264 -0.000043404 0.000720049 0.000209266 1.000000000 0.000034283 0.000201351 0.000043397 -0.000034292 1.000000000 -0.008450602
1.000000000 -0.000090495 -0.000115986 0.002365078 0.000090535 0.999999940 0.000348864 -0.003514652 0.000115954 -0.000348875 0.999999940 -0.018572094
0.999999940 -0.000265320 -0.000239616 0.004886684 0.000265360 0.999999940 0.000168999 -0.005757010 0.000239571 -0.000169062 0.999999940 -0.006474017
1.000000000 -0.000055857 -0.000180310 0.008547198 0.000055780 0.999999881 -0.000424551 -0.008906173 0.000180334 0.000424541 0.999999881 0.041563086
1.000000000 -0.000035483 -0.000187150 0.008119644 0.000035236 0.999999106 -0.001318159 -0.003205119 0.000187197 0.001318153 0.999999106 0.144095898
1.000000000 -0.000062668 -0.000051115 0.004704807 0.000062596 0.999998987 -0.001402225 -0.010400335 0.000051203 0.001402222 0.999998987 0.263833582
0.999999940 -0.000311323 0.000201641 0.001820853 0.000311568 0.999999225 -0.001215472 -0.016488453 -0.000201263 0.001215534 0.999999225 0.384615779
1.000000000 0.000154216 -0.000009807 0.005958204 -0.000154227 0.999999344 -0.001140043 -0.021649962 0.000009632 0.001140045 0.999999344 0.534507513
1.000000000 0.000154711 0.000039278 0.017681761 -0.000154665 0.999999285 -0.001178261 -0.026060818 -0.000039460 0.001178255 0.999999285 0.681182086
1.000000000 0.000033773 0.000130352 0.031843539 -0.000033679 0.999999762 -0.000720405 -0.039211862 -0.000130377 0.000720401 0.999999762 0.857743919
1.000000000 -0.000063539 0.000164373 0.023707002 0.000063634 0.999999821 -0.000578207 -0.038168382 -0.000164336 0.000578217 0.999999821 1.022798538
0.999999762 0.000196709 0.000615406 0.009289133 -0.000196307 0.999999762 -0.000653826 -0.039325889 -0.000615534 0.000653705 0.999999583 1.194132209
0.999999940 0.000113998 0.000307479 0.031981338 -0.000113863 0.999999881 -0.000436912 -0.053463686 -0.000307529 0.000436877 0.999999881 1.418136954
0.999999821 0.000334199 0.000524074 0.029397020 -0.000333895 0.999999762 -0.000580056 -0.058200467 -0.000524268 0.000579881 0.999999702 1.608105183
0.999999464 0.000633200 0.000791915 0.034327392 -0.000633041 0.999999762 -0.000201458 -0.068774007 -0.000792042 0.000200957 0.999999642 1.804055333
0.999998331 -0.000876342 0.001583619 0.004557576 0.000873730 0.999998271 0.001649404 -0.082360454 -0.001585062 -0.001648018 0.999997377 1.923480749
0.999997914 -0.000626294 0.001967221 0.009979389 0.000623208 0.999998629 0.001568951 -0.087893628 -0.001968201 -0.001567722 0.999996841 2.150133848
0.999997675 0.000062860 0.002136974 0.007379595 -0.000066320 0.999998748 0.001618890 -0.090449199 -0.002136869 -0.001619028 0.999996424 2.359704733
0.999998689 -0.000828299 0.001341161 0.017681094 0.000825987 0.999998152 0.001723533 -0.105312437 -0.001342587 -0.001722423 0.999997556 2.614056587
0.999998450 -0.000554395 0.001636017 0.019974940 0.000551052 0.999997735 0.002043203 -0.111000516 -0.001637146 -0.002042298 0.999996603 2.851326942
0.999998629 -0.000404667 0.001612904 0.028661247 0.000401591 0.999998093 0.001907469 -0.114944279 -0.001613673 -0.001906819 0.999996901 3.079915047
0.999998331 -0.000618384 0.001731980 0.025401235 0.000615254 0.999998212 0.001806625 -0.118570916 -0.001733094 -0.001805557 0.999996901 3.341742039
0.999997139 -0.000643122 0.002274255 0.024085619 0.000639127 0.999998271 0.001756958 -0.133672729 -0.002275381 -0.001755499 0.999995887 3.553385496
0.999997377 -0.000208921 0.002247709 0.024803970 0.000204788 0.999998331 0.001838920 -0.140355512 -0.002248089 -0.001838455 0.999995828 3.800712109
0.999997914 -0.001151909 0.001685097 0.046480972 0.001148658 0.999997556 0.001929048 -0.147680387 -0.001687315 -0.001927108 0.999996662 4.074741364
0.999997258 -0.000001788 0.002339989 0.036344513 -0.000003304 0.999997735 0.002175966 -0.153622001 -0.002339988 -0.002175968 0.999994874 4.329782963
0.999997437 -0.000884603 0.002097180 0.041939490 0.000879147 0.999996245 0.002601052 -0.170875549 -0.002099473 -0.002599201 0.999994338 4.556408405
0.999996722 -0.000883345 0.002417383 0.047667064 0.000876374 0.999995530 0.002883262 -0.179661080 -0.002419919 -0.002881133 0.999992847 4.817229748
0.999995947 -0.000503355 0.002808555 0.041227680 0.000496064 0.999996543 0.002596145 -0.180712923 -0.002809852 -0.002594742 0.999992609 5.067885399
0.999996126 -0.000857250 0.002652082 0.043925576 0.000849885 0.999995768 0.002776998 -0.195887029 -0.002654451 -0.002774733 0.999992609 5.348661423
0.999996424 -0.000604715 0.002608243 0.058218680 0.000598170 0.999996662 0.002509305 -0.194147140 -0.002609752 -0.002507736 0.999993384 5.625768661
0.999994934 -0.000231924 0.003171365 0.059291109 0.000223139 0.999996126 0.002770077 -0.212916061 -0.003171996 -0.002769355 0.999991119 5.876013756
0.999995053 -0.000705513 0.003063293 0.060363017 0.000696292 0.999995172 0.003010339 -0.218043327 -0.003065402 -0.003008191 0.999990761 6.168183804
0.999996305 -0.000423557 0.002729375 0.066329144 0.000415960 0.999996066 0.002783265 -0.231335744 -0.002730543 -0.002782119 0.999992430 6.427723885
0.999995649 -0.000085276 0.002938028 0.069938451 0.000076927 0.999995947 0.002841685 -0.241025284 -0.002938258 -0.002841447 0.999991715 6.717231750
0.999995887 -0.000622502 0.002816587 0.082473382 0.000614350 0.999995708 0.002894079 -0.243625432 -0.002818376 -0.002892337 0.999991834 7.017323494
0.999996245 -0.000613647 0.002687573 0.096008509 0.000605765 0.999995530 0.002932626 -0.256418139 -0.002689361 -0.002930986 0.999992073 7.313185215
0.999995410 -0.000516820 0.002976584 0.096176341 0.000508105 0.999995530 0.002927832 -0.269275248 -0.002978084 -0.002926305 0.999991357 7.635001183
0.999996185 -0.000776392 0.002651570 0.096942253 0.000767792 0.999994457 0.003242914 -0.288298845 -0.002654074 -0.003240865 0.999991238 7.924520016
0.999995530 -0.000882605 0.002874358 0.101749450 0.000873980 0.999995112 0.003000654 -0.292462915 -0.002876993 -0.002998128 0.999991357 8.243943214
0.999995589 -0.000976724 0.002815796 0.109393597 0.000967662 0.999994338 0.003217964 -0.296376318 -0.002818924 -0.003215225 0.999990821 8.580107689
0.999995530 -0.001722381 0.002457975 0.117957406 0.001714711 0.999993682 0.003119450 -0.306015849 -0.002463333 -0.003115221 0.999992073 8.914268494
0.999995828 -0.001104092 0.002667357 0.128560558 0.001096431 0.999995291 0.002872005 -0.307677865 -0.002670516 -0.002869068 0.999992311 9.275982857
0.999994636 -0.002116436 0.002553674 0.128720447 0.002106459 0.999990165 0.003903282 -0.348426580 -0.002561910 -0.003897881 0.999989092 9.577297211
0.999995291 -0.001801709 0.002488940 0.139736429 0.001792254 0.999991238 0.003795670 -0.358017415 -0.002495756 -0.003791191 0.999989688 9.924709320
0.999995053 -0.001563012 0.002735041 0.138282537 0.001551703 0.999990284 0.004132238 -0.373221606 -0.002741472 -0.004127974 0.999987721 10.288621902
0.999994218 -0.002053629 0.002713488 0.139099345 0.002042140 0.999989033 0.004230091 -0.381385088 -0.002722145 -0.004224526 0.999987364 10.661523819
0.999994755 -0.001838423 0.002663537 0.160453901 0.001827011 0.999989152 0.004280690 -0.387975335 -0.002671378 -0.004275801 0.999987304 11.057817459
0.999993801 -0.002464578 0.002508778 0.152370527 0.002453320 0.999986947 0.004480558 -0.417304993 -0.002519788 -0.004474376 0.999986827 11.375274658
0.999992251 -0.003181762 0.002327890 0.166431800 0.003171792 0.999985754 0.004273955 -0.420912296 -0.002341456 -0.004266537 0.999988139 11.767224312
0.999992728 -0.002769940 0.002631991 0.177783161 0.002757373 0.999984860 0.004766329 -0.435604006 -0.002645154 -0.004759036 0.999985099 12.152436256
0.999993742 -0.001674344 0.003116058 0.174481302 0.001658419 0.999985516 0.005106247 -0.444234788 -0.003124563 -0.005101047 0.999982059 12.504087448
0.999993145 -0.002548163 0.002705873 0.186934367 0.002533347 0.999981880 0.005464769 -0.463219941 -0.002719749 -0.005457876 0.999981463 12.919769287
0.999992251 -0.002798139 0.002762852 0.178486019 0.002783341 0.999981821 0.005345554 -0.486209452 -0.002777760 -0.005337823 0.999981880 13.292506218
0.999992192 -0.001503233 0.003641278 0.179992944 0.001484263 0.999985337 0.005206796 -0.496413052 -0.003649052 -0.005201351 0.999979854 13.708090782
0.999991477 -0.001816416 0.003720059 0.190798849 0.001794626 0.999981284 0.005852400 -0.503674328 -0.003730619 -0.005845674 0.999975979 14.135009766
0.999989867 -0.002790935 0.003528651 0.206659943 0.002769624 0.999978006 0.006029930 -0.523200870 -0.003545402 -0.006020096 0.999975622 14.570084572
0.999987781 -0.001780813 0.004606101 0.204768047 0.001752427 0.999979496 0.006159466 -0.530340910 -0.004616975 -0.006151319 0.999970496 14.988190651
0.999985933 -0.004088095 0.003415503 0.227374792 0.004064487 0.999967992 0.006890881 -0.577763796 -0.003443565 -0.006876901 0.999970376 15.352813721
0.999985993 -0.003141663 0.004246826 0.235885352 0.003113318 0.999972880 0.006664597 -0.582700789 -0.004267648 -0.006651282 0.999968827 15.788516998
0.999985516 -0.003510197 0.004084843 0.243745089 0.003478812 0.999964595 0.007665307 -0.609343231 -0.004111606 -0.007650986 0.999962270 16.216253281
0.999982655 -0.003715770 0.004581631 0.250613034 0.003682537 0.999966979 0.007240781 -0.609891593 -0.004608385 -0.007223784 0.999963343 16.660177231
0.999981463 -0.004212226 0.004403654 0.273117006 0.004185278 0.999972582 0.006110969 -0.609453082 -0.004429274 -0.006092425 0.999971628 17.190727234
0.999982297 -0.002688329 0.005311761 0.269117236 0.002649028 0.999969244 0.007391911 -0.627120137 -0.005331469 -0.007377710 0.999958515 17.660120010
0.999979973 -0.004096281 0.004819233 0.288251877 0.004056282 0.999957502 0.008280536 -0.675784349 -0.004852947 -0.008260822 0.999954104 18.023550034
0.999977112 -0.004197292 0.005303088 0.303893864 0.004152524 0.999955893 0.008424809 -0.682269633 -0.005338215 -0.008402594 0.999950469 18.497213364
0.999979556 -0.004632188 0.004396894 0.322569788 0.004594862 0.999953687 0.008461706 -0.696231306 -0.004435887 -0.008441330 0.999954581 18.957820892
0.999978065 -0.004752987 0.004608471 0.339943647 0.004715129 0.999955237 0.008191152 -0.700515747 -0.004647198 -0.008169241 0.999955833 19.445039749
0.999979794 -0.004036859 0.004902915 0.342248082 0.003994626 0.999955118 0.008593430 -0.721716762 -0.004937385 -0.008573671 0.999951065 19.926372528
0.999977171 -0.004695728 0.004859686 0.344999760 0.004654870 0.999953926 0.008385049 -0.731963158 -0.004898837 -0.008362236 0.999953032 20.382398605
0.999976456 -0.005320953 0.004357722 0.358224332 0.005282369 0.999947131 0.008818393 -0.752385497 -0.004404414 -0.008795165 0.999951661 20.874853134
0.999980152 -0.004811347 0.004063701 0.371711791 0.004775628 0.999950290 0.008754184 -0.769451261 -0.004105619 -0.008734603 0.999953449 21.377674103
0.999983490 -0.004036026 0.004102986 0.385587931 0.003999949 0.999953508 0.008763689 -0.771320224 -0.004138166 -0.008747132 0.999953210 21.895952225
0.999977708 -0.006060899 0.002806050 0.420244098 0.006033430 0.999934793 0.009696401 -0.807624400 -0.002864636 -0.009679254 0.999949038 22.352035522
0.999980867 -0.005562522 0.002693390 0.414572746 0.005536812 0.999939859 0.009460778 -0.816714644 -0.002745854 -0.009445683 0.999951661 22.868280411
0.999980927 -0.005892440 0.001865763 0.427342951 0.005874061 0.999935567 0.009707906 -0.829696178 -0.001922846 -0.009696761 0.999951065 23.402378082
0.999982953 -0.005459053 0.002061411 0.426327407 0.005438771 0.999937892 0.009720091 -0.839818597 -0.002114345 -0.009708712 0.999950588 23.965049744
0.999982417 -0.005916783 0.000425670 0.449755967 0.005912623 0.999940336 0.009187664 -0.847578466 -0.000480005 -0.009184986 0.999957621 24.430473328
0.999983132 -0.005803579 -0.000248323 0.462708205 0.005805667 0.999938488 0.009447743 -0.850451529 0.000193477 -0.009449025 0.999955297 24.988815308
0.999988675 -0.004758907 -0.000090031 0.459503710 0.004759551 0.999942839 0.009574473 -0.858092606 0.000044462 -0.009574791 0.999954104 25.529306412
0.999980748 -0.006146759 -0.000854213 0.463921934 0.006154491 0.999937236 0.009363760 -0.874615431 0.000796603 -0.009368837 0.999955773 26.001791000
0.999977589 -0.006527185 -0.001524257 0.479022890 0.006541644 0.999931753 0.009680987 -0.877870440 0.001460964 -0.009690742 0.999952018 26.554241180
0.999976099 -0.006681737 -0.001791401 0.479022920 0.006698689 0.999931216 0.009630194 -0.900303483 0.001726932 -0.009641962 0.999952078 27.136608124
0.999989271 -0.004426203 -0.001371542 0.481825292 0.004440097 0.999937117 0.010298161 -0.921284139 0.001325874 -0.010304138 0.999946058 27.683212280
0.999978065 -0.005976454 -0.002823519 0.517318845 0.006005033 0.999929726 0.010224500 -0.927314878 0.002762214 -0.010241232 0.999943733 28.150142670
0.999979556 -0.005574987 -0.003109347 0.520036221 0.005607059 0.999930143 0.010403244 -0.946485162 0.003051132 -0.010420468 0.999941051 28.698568344
0.999974608 -0.006118955 -0.003647171 0.521543801 0.006157471 0.999924362 0.010644577 -0.959513545 0.003581762 -0.010666762 0.999936700 29.265018463
0.999972284 -0.006479933 -0.003654100 0.514403462 0.006519445 0.999919295 0.010906761 -0.976779103 0.003583129 -0.010930284 0.999933839 29.707435608
0.999969065 -0.006776701 -0.003999937 0.533062458 0.006821618 0.999912560 0.011324818 -0.992044806 0.003922842 -0.011351754 0.999927878 30.252912521
0.999966919 -0.006801419 -0.004475030 0.539684296 0.006850427 0.999915779 0.011028518 -1.003368139 0.004399644 -0.011058809 0.999929190 30.798576355
0.999976456 -0.005427433 -0.004216374 0.534974217 0.005474481 0.999922037 0.011228126 -1.018214464 0.004155105 -0.011250945 0.999928057 31.334083557
0.999963343 -0.006828641 -0.005152373 0.566599846 0.006891116 0.999901772 0.012206827 -1.059728622 0.005068511 -0.012241888 0.999912202 31.792591095
0.999967754 -0.006225921 -0.005068211 0.566312671 0.006286617 0.999907672 0.012049230 -1.057598591 0.004992727 -0.012080704 0.999914527 32.338958740
0.999968648 -0.006108854 -0.005031112 0.558023393 0.006170027 0.999906182 0.012234597 -1.074772358 0.004955900 -0.012265255 0.999912500 32.887805939
0.999969244 -0.005866569 -0.005196609 0.550845981 0.005930093 0.999906838 0.012294196 -1.075117588 0.005123999 -0.012324634 0.999910831 33.399425507
0.999957800 -0.007237926 -0.005644633 0.569204450 0.007309541 0.999891698 0.012771639 -1.104254603 0.005551583 -0.012812360 0.999902487 33.891101837
0.999958515 -0.007209069 -0.005565529 0.568931401 0.007278770 0.999894023 0.012606745 -1.111040115 0.005474057 -0.012646732 0.999904990 34.400798798
0.999949753 -0.007424356 -0.006725332 0.592600346 0.007504372 0.999900341 0.011951596 -1.110178351 0.006635929 -0.012001464 0.999905944 34.986381531
0.999953032 -0.007064282 -0.006639108 0.597051442 0.007149997 0.999890268 0.012976810 -1.146990061 0.006546707 -0.013023670 0.999893785 35.469161987
0.999953687 -0.007554170 -0.005950259 0.553379357 0.007635853 0.999875247 0.013826848 -1.178172231 0.005845067 -0.013871645 0.999886632 36.031986237
0.999949813 -0.007817809 -0.006260202 0.560703397 0.007903726 0.999873281 0.013819338 -1.193276882 0.006151372 -0.013868125 0.999884844 36.595256805
0.999947488 -0.008085323 -0.006298914 0.566679180 0.008171280 0.999872208 0.013742310 -1.193946123 0.006186999 -0.013793058 0.999885738 37.126350403
0.999938488 -0.008848480 -0.006685681 0.585675657 0.008944313 0.999855757 0.014443034 -1.219054461 0.006556918 -0.014501947 0.999873340 37.678382874
0.999925554 -0.009724966 -0.007368262 0.607043207 0.009834694 0.999839008 0.015005048 -1.224600077 0.007221152 -0.015076394 0.999860287 38.260360718
0.999941647 -0.008305635 -0.006907681 0.617247999 0.008406821 0.999855876 0.014750431 -1.239609480 0.006784175 -0.014807642 0.999867320 38.816638947
0.999945104 -0.008085250 -0.006657195 0.564638913 0.008180644 0.999862432 0.014429288 -1.235042095 0.006539615 -0.014482955 0.999873757 39.185211182
0.999953449 -0.007267326 -0.006344806 0.562885463 0.007353142 0.999880314 0.013608388 -1.244860172 0.006245152 -0.013654409 0.999887288 39.708114624
0.999944270 -0.008112919 -0.006752290 0.580150843 0.008203426 0.999875367 0.013486117 -1.242765188 0.006642038 -0.013540759 0.999886274 40.285842896
0.999944806 -0.007735812 -0.007110977 0.601252913 0.007832968 0.999874949 0.013738105 -1.255913615 0.007003811 -0.013793045 0.999880433 40.843635559
0.999944329 -0.007752433 -0.007155741 0.599774599 0.007851840 0.999871552 0.013969960 -1.263121605 0.007046521 -0.014025369 0.999876857 41.372501373
0.999945760 -0.007691536 -0.007030599 0.612249851 0.007788249 0.999873996 0.013833824 -1.281013727 0.006923310 -0.013887829 0.999879599 41.947818756
0.999929428 -0.009044612 -0.007701829 0.605174839 0.009154457 0.999855101 0.014348349 -1.269197226 0.007570938 -0.014417843 0.999867439 42.434223175
0.999925196 -0.009702560 -0.007437364 0.610830903 0.009812799 0.999840319 0.014932279 -1.313706398 0.007291294 -0.015004144 0.999860883 43.021812439
0.999949038 -0.007664861 -0.006568633 0.595474839 0.007752110 0.999880731 0.013361618 -1.287604570 0.006465434 -0.013411857 0.999889135 43.479354858
0.999952793 -0.007292002 -0.006409971 0.615194201 0.007387781 0.999859452 0.015047687 -1.348733783 0.006299342 -0.015094332 0.999866247 43.919460297
0.999949455 -0.007075600 -0.007133779 0.634222746 0.007173533 0.999879062 0.013797296 -1.344027281 0.007035292 -0.013847772 0.999879420 44.480888367
0.999955118 -0.006854817 -0.006539564 0.635087669 0.006951233 0.999865770 0.014836311 -1.357838035 0.006436985 -0.014881104 0.999868512 44.996906281
0.999960899 -0.005877131 -0.006607798 0.637365818 0.005973975 0.999873638 0.014733045 -1.370713949 0.006520375 -0.014771945 0.999869645 45.506832123
0.999954343 -0.006588014 -0.006912680 0.639670134 0.006681741 0.999884844 0.013624337 -1.335876226 0.006822126 -0.013669902 0.999883354 46.070144653
0.999959826 -0.005702765 -0.006917650 0.662228167 0.005803357 0.999876440 0.014609467 -1.399387836 0.006833482 -0.014649026 0.999869347 46.686740875
0.999960065 -0.006255370 -0.006373554 0.629664898 0.006358267 0.999847591 0.016253885 -1.443026543 0.006270909 -0.016293759 0.999847591 47.045356750
0.999958158 -0.006561657 -0.006376154 0.638425469 0.006667140 0.999838829 0.016665293 -1.459884882 0.006265776 -0.016707104 0.999840856 47.578372955
0.999957860 -0.006573509 -0.006410400 0.644624949 0.006675754 0.999848664 0.016061170 -1.463241100 0.006303852 -0.016103286 0.999850512 48.131240845
0.999955475 -0.006329652 -0.007001591 0.665259719 0.006442863 0.999846876 0.016266821 -1.463643193 0.006897557 -0.016311206 0.999843180 48.694778442
0.999940276 -0.008024264 -0.007415043 0.659101248 0.008145812 0.999830544 0.016509918 -1.484182358 0.007281306 -0.016569333 0.999836266 49.258384705
0.999962032 -0.005923010 -0.006389597 0.633374214 0.006026500 0.999848902 0.016300935 -1.487252235 0.006292081 -0.016338822 0.999846697 49.801616669
0.999951184 -0.006572529 -0.007390611 0.678651214 0.006697199 0.999833524 0.016972287 -1.497220278 0.007277829 -0.017020952 0.999828637 50.152980804
0.999951720 -0.006424791 -0.007434163 0.674163222 0.006551812 0.999830782 0.017189702 -1.503576517 0.007322466 -0.017237579 0.999824584 50.693599701
0.999958396 -0.006076335 -0.006798041 0.676651120 0.006184399 0.999853015 0.015989713 -1.499876857 0.006699882 -0.016031088 0.999849021 51.242916107
0.999947190 -0.007058232 -0.007461789 0.702753723 0.007176027 0.999848068 0.015879204 -1.499312520 0.007348576 -0.015931912 0.999845982 51.811241150
0.999955893 -0.006434219 -0.006857621 0.656050622 0.006554507 0.999822497 0.017664919 -1.546718836 0.006742744 -0.017709086 0.999820471 52.171989441
0.999958932 -0.006376802 -0.006447900 0.661929786 0.006493054 0.999813795 0.018172247 -1.556860924 0.006330819 -0.018213369 0.999814093 52.693458557
0.999958038 -0.006390359 -0.006553785 0.639612436 0.006503530 0.999827564 0.017394686 -1.555332899 0.006441498 -0.017436577 0.999827206 53.231937408
0.999949455 -0.006562275 -0.007603451 0.705560923 0.006688357 0.999838591 0.016677190 -1.555160999 0.007492783 -0.016727202 0.999831975 53.795467377
0.999959111 -0.006035176 -0.006726600 0.671460092 0.006151232 0.999830246 0.017368300 -1.562157393 0.006620639 -0.017408969 0.999826491 54.290393829
0.999959826 -0.006307330 -0.006357019 0.656720042 0.006427516 0.999797523 0.019066295 -1.618800402 0.006235474 -0.019106394 0.999797940 54.628688812
0.999958277 -0.006617892 -0.006281354 0.668170512 0.006734703 0.999801338 0.018761234 -1.628838420 0.006155946 -0.018802756 0.999804258 55.178031921
0.999960303 -0.006441148 -0.006150549 0.676979303 0.006556634 0.999798954 0.018944707 -1.623995900 0.006027287 -0.018984284 0.999801576 55.736854553
0.999959528 -0.006403324 -0.006308440 0.672899008 0.006519286 0.999806941 0.018536426 -1.637578249 0.006188526 -0.018576805 0.999808252 56.299846649
0.999959886 -0.006587724 -0.006064078 0.670629978 0.006705681 0.999784529 0.019641472 -1.668618441 0.005933380 -0.019681349 0.999788642 56.678340912
0.999950767 -0.007349507 -0.006658514 0.686033964 0.007477269 0.999784350 0.019370491 -1.664393544 0.006514715 -0.019419329 0.999790132 57.215492249
0.999957025 -0.006635056 -0.006472193 0.685939312 0.006756037 0.999799371 0.018853240 -1.668816209 0.006345802 -0.018896157 0.999801278 57.758728027
0.999953389 -0.007488145 -0.006089080 0.691298962 0.007601386 0.999794424 0.018791797 -1.671182156 0.005947114 -0.018837204 0.999804854 58.295791626
0.999958873 -0.006720325 -0.006086151 0.675158501 0.006842093 0.999772251 0.020212783 -1.697607994 0.005948930 -0.020253591 0.999777198 58.710998535
0.999965787 -0.006150687 -0.005528777 0.683321476 0.006259086 0.999784291 0.019807573 -1.708194137 0.005405754 -0.019841501 0.999788523 59.252197266
0.999954402 -0.006941214 -0.006550478 0.719244242 0.007070988 0.999774992 0.020000564 -1.717734933 0.006410175 -0.020045968 0.999778569 59.786899567
0.999956667 -0.006763004 -0.006397575 0.741015196 0.006892480 0.999767363 0.020437434 -1.732458830 0.006257868 -0.020480642 0.999770761 60.284217834
0.999966621 -0.005610961 -0.005938584 0.747432470 0.005732752 0.999769449 0.020694053 -1.735195279 0.005821101 -0.020727409 0.999768257 60.793872833
0.999954343 -0.007122054 -0.006375536 0.696793675 0.007251741 0.999762416 0.020554736 -1.731984973 0.006227629 -0.020600030 0.999768376 61.269893646
0.999958158 -0.006984715 -0.005905689 0.698774338 0.007104255 0.999765217 0.020468710 -1.737253904 0.005761335 -0.020509807 0.999773026 61.818523407
0.999959528 -0.006778650 -0.005903300 0.696446180 0.006897624 0.999768615 0.020372467 -1.757215142 0.005763837 -0.020412363 0.999774992 62.366992950
0.999960661 -0.006616333 -0.005916310 0.711211443 0.006733125 0.999778390 0.019943776 -1.752127647 0.005783046 -0.019982824 0.999783635 62.949428558
0.999961436 -0.006551227 -0.005856839 0.705277026 0.006671592 0.999761879 0.020773526 -1.762781620 0.005719353 -0.020811798 0.999767065 63.474842072
0.999960005 -0.006726472 -0.005888143 0.690131783 0.006852028 0.999743819 0.021569880 -1.790568829 0.005741545 -0.021609362 0.999750018 63.842903137
0.999963403 -0.006504120 -0.005561322 0.700824142 0.006622387 0.999746501 0.021518674 -1.800577164 0.005419952 -0.021554720 0.999752998 64.376220703
0.999961197 -0.006825071 -0.005568252 0.703683257 0.006944509 0.999739945 0.021720225 -1.801151037 0.005418562 -0.021758053 0.999748588 64.921661377
0.999961913 -0.006788108 -0.005484303 0.710870385 0.006904257 0.999746203 0.021444619 -1.798125386 0.005337343 -0.021481670 0.999755025 65.447677612
0.999954998 -0.007186395 -0.006198567 0.740755916 0.007318520 0.999740720 0.021562709 -1.798472166 0.006042002 -0.021607103 0.999748290 65.991943359
0.999957025 -0.006960890 -0.006122404 0.739270449 0.007094899 0.999729574 0.022146095 -1.839756608 0.005966590 -0.022188578 0.999735951 66.432395935
0.999957561 -0.007159965 -0.005801002 0.730858803 0.007285974 0.999731421 0.022000188 -1.844406486 0.005641921 -0.022041518 0.999741137 66.999488831
0.999967158 -0.005305936 -0.006124080 0.765124202 0.005441853 0.999734461 0.022395117 -1.866853118 0.006003626 -0.022427710 0.999730408 67.497688293
0.999958873 -0.006879244 -0.005909888 0.765999138 0.007005067 0.999743402 0.021539833 -1.846769929 0.005760194 -0.021580342 0.999750555 68.051704407
0.999960661 -0.006828601 -0.005657439 0.771358788 0.006952855 0.999728382 0.022242531 -1.854179621 0.005504015 -0.022280993 0.999736607 68.478828430
0.999960244 -0.006502687 -0.006107816 0.794202566 0.006640506 0.999717474 0.022821927 -1.872601271 0.005957686 -0.022861572 0.999720931 69.024559021
0.999966025 -0.006202965 -0.005432703 0.784319639 0.006325800 0.999718010 0.022892701 -1.876396060 0.005289168 -0.022926286 0.999723196 69.564270020
0.999962270 -0.006555751 -0.005703031 0.819615960 0.006683068 0.999722302 0.022599503 -1.890423775 0.005553291 -0.022636762 0.999728322 70.111976624
0.999959230 -0.006801427 -0.005950665 0.815437436 0.006935553 0.999715626 0.022817062 -1.878951550 0.005793785 -0.022857396 0.999722004 70.610984802
0.999964476 -0.006447553 -0.005452984 0.800422549 0.006569966 0.999719918 0.022737084 -1.896823287 0.005304858 -0.022772100 0.999726593 71.097679138
0.999956846 -0.007052854 -0.006044243 0.812956035 0.007189903 0.999710560 0.022960914 -1.904138327 0.005880553 -0.023003386 0.999718070 71.646728516
0.999955237 -0.007460426 -0.005819773 0.813573956 0.007588924 0.999720812 0.022379078 -1.902333498 0.005651190 -0.022422243 0.999732614 72.235496521
0.999958277 -0.006957395 -0.005910814 0.833033442 0.007090323 0.999715626 0.022774061 -1.911052942 0.005750684 -0.022815023 0.999723136 72.689521790
0.999960661 -0.006582781 -0.005952505 0.836351156 0.006723097 0.999692500 0.023868347 -1.925475597 0.005793556 -0.023907427 0.999697387 73.174476624
0.999949694 -0.007745091 -0.006373582 0.860163808 0.007891708 0.999697149 0.023309633 -1.925865293 0.006191117 -0.023358764 0.999707937 73.623016357
0.999946713 -0.007905046 -0.006639767 0.870126665 0.008054747 0.999706984 0.022830641 -1.921392202 0.006457344 -0.022882907 0.999717295 74.174514771
0.999941945 -0.008249477 -0.006923301 0.887121558 0.008402805 0.999713421 0.022417631 -1.921382308 0.006736384 -0.022474507 0.999724746 74.734207153
0.999941945 -0.008146552 -0.007040152 0.898975790 0.008311281 0.999684751 0.023694942 -1.945200801 0.006844899 -0.023752084 0.999694407 75.224403381
0.999944866 -0.007877246 -0.006942271 0.925318718 0.008038934 0.999689698 0.023578741 -1.962639570 0.006754381 -0.023633251 0.999697864 75.776229858
0.999954164 -0.007389725 -0.006075698 0.861180186 0.007531661 0.999691188 0.023680320 -1.934818983 0.005898831 -0.023724999 0.999701083 76.260742188
0.999955058 -0.007181427 -0.006186660 0.871937275 0.007325643 0.999694347 0.023612473 -1.940942287 0.006015197 -0.023656735 0.999702036 76.806694031
0.999949217 -0.007673212 -0.006528430 0.916640460 0.007822824 0.999700069 0.023208678 -1.945442080 0.006348386 -0.023258571 0.999709308 77.371109009
0.999967694 -0.006627361 -0.004543039 0.877165914 0.006734057 0.999691963 0.023887243 -1.952131629 0.004383331 -0.023917064 0.999704361 77.866127014
0.999977708 -0.006192017 -0.002468098 0.864701509 0.006249301 0.999694288 0.023919879 -1.951355815 0.002319232 -0.023934770 0.999710798 78.392028809
0.999975085 -0.006807209 -0.001843905 0.878144026 0.006849070 0.999694765 0.023737133 -1.958887100 0.001681759 -0.023749171 0.999716520 78.937149048
0.999979436 -0.006402895 -0.000376723 0.873089552 0.006410126 0.999687791 0.024152527 -1.961185098 0.000221960 -0.024154443 0.999708235 79.453849792
0.999977052 -0.006319515 0.002441486 0.900053144 0.006259664 0.999697387 0.023789959 -1.963064194 -0.002591088 -0.023774134 0.999714017 80.007385254
0.999961674 -0.006187747 0.006195325 0.913459301 0.006032566 0.999675155 0.024761083 -1.971520901 -0.006346529 -0.024722761 0.999674261 80.532791138
0.999939263 -0.006248294 0.009077126 0.940104008 0.006031737 0.999701083 0.023692124 -1.955803394 -0.009222449 -0.023635933 0.999678135 81.089355469
0.999890447 -0.006548443 0.013271017 0.964744627 0.006231111 0.999696970 0.023813536 -1.948107123 -0.013422938 -0.023728235 0.999628305 81.576477051
0.999804020 -0.004178856 0.019353926 1.012940884 0.003701009 0.999689043 0.024660286 -2.008581877 -0.019450961 -0.024583824 0.999508560 82.082168579
0.999672592 -0.006097274 0.024849966 0.998959899 0.005499713 0.999695718 0.024044607 -1.990046263 -0.024989013 -0.023900066 0.999401987 82.720336914
0.999510169 -0.005663279 0.030777017 1.031431913 0.004922919 0.999697983 0.024078341 -1.990076303 -0.030904084 -0.023915039 0.999236166 83.252883911
0.999187589 -0.005869122 0.039870393 1.054669380 0.004922064 0.999704421 0.023810193 -1.973368049 -0.039998353 -0.023594607 0.998921037 83.851562500
0.998804986 -0.005303472 0.048586011 1.099270344 0.004108038 0.999687135 0.024671400 -2.000394583 -0.048701651 -0.024442323 0.998514295 84.365509033
0.998496115 -0.006158216 0.054475058 1.154544115 0.004810553 0.999680042 0.024835708 -1.998922825 -0.054610573 -0.024536304 0.998206139 84.848136902
0.997993052 -0.006464767 0.062992431 1.228929996 0.004892465 0.999673426 0.025082525 -2.036120176 -0.063134015 -0.024724001 0.997698724 85.447616577
0.997327626 -0.006800289 0.072742201 1.291214466 0.004977398 0.999669731 0.025211595 -2.035809994 -0.072889611 -0.024782153 0.997032046 86.007431030
0.996557772 -0.006547073 0.082641937 1.331936836 0.004461428 0.999667466 0.025396617 -2.042004347 -0.082780734 -0.024940496 0.996255577 86.500740051
0.995854020 -0.006215561 0.090752766 1.383357048 0.003925156 0.999669790 0.025394553 -2.040484190 -0.090880647 -0.024933051 0.995549679 87.077041626
0.994934976 -0.007061564 0.100271836 1.500122070 0.004551562 0.999671102 0.025238713 -2.059706926 -0.100417085 -0.024654485 0.994639933 87.524909973
0.993899405 -0.007959436 0.110002570 1.581102371 0.005212490 0.999667943 0.025236698 -2.060032606 -0.110166922 -0.024509354 0.993610799 88.086235046
0.992766857 -0.007778313 0.119805142 1.658953667 0.004759123 0.999664366 0.025466371 -2.069839716 -0.119963005 -0.024712006 0.992470682 88.631103516
0.991398931 -0.008112890 0.130622551 1.754329681 0.004871370 0.999672651 0.025116365 -2.056081057 -0.130783528 -0.024264028 0.991114020 89.171173096
0.989649415 -0.007086440 0.143330783 1.839366913 0.003502105 0.999675214 0.025244277 -2.067145348 -0.143463135 -0.024481026 0.989352822 89.723793030
0.988261819 -0.009629425 0.152465045 1.962024689 0.005931693 0.999677539 0.024689294 -2.068903446 -0.152653605 -0.023495112 0.988000453 90.244148254
0.986497998 -0.008216001 0.163567036 2.038211823 0.004199834 0.999681532 0.024884330 -2.047193050 -0.163719401 -0.023861388 0.986218393 90.870109558
0.984535336 -0.009809870 0.174910694 2.147384644 0.005530916 0.999673784 0.024934368 -2.058534384 -0.175098240 -0.023581348 0.984268546 91.332191467
0.982146800 -0.009161850 0.187892839 2.258077621 0.004409285 0.999660075 0.025696404 -2.042448759 -0.188064396 -0.024409167 0.981853306 91.951332092
0.980096459 -0.010226117 0.198258072 2.391307831 0.005327264 0.999667525 0.025227152 -2.042658091 -0.198450133 -0.023668867 0.979825139 92.483840942
0.977334559 -0.010571493 0.211436301 2.530675888 0.005282815 0.999659359 0.025562361 -2.041143417 -0.211634502 -0.023866005 0.977057457 93.020713806
0.974325418 -0.010952026 0.224878132 2.668390274 0.005232828 0.999647975 0.026012722 -2.041956186 -0.225083873 -0.024168106 0.974039674 93.522956848
0.971538842 -0.010927801 0.236627966 2.819778442 0.004875515 0.999646187 0.026147304 -2.055758476 -0.236829996 -0.024249440 0.971248448 94.076362610
0.968059421 -0.007708674 0.250602305 2.938547134 0.001169192 0.999655187 0.026233463 -2.031502008 -0.250718147 -0.025102550 0.967734575 94.749412537
0.964391053 -0.007604504 0.264370799 3.105249405 0.000655259 0.999652267 0.026364226 -2.035967112 -0.264479369 -0.025252193 0.964060724 95.266601562
0.960936248 -0.008092462 0.276651204 3.287563324 0.000818510 0.999651134 0.026398227 -2.034741402 -0.276768327 -0.025140574 0.960607708 95.806488037
0.957750261 -0.009053529 0.287458479 3.475135803 0.001565177 0.999653697 0.026269343 -2.038106441 -0.287596732 -0.024709545 0.957432747 96.303451538
0.953021109 -0.008338892 0.302789032 3.662008286 0.000182902 0.999636650 0.026954578 -2.046813726 -0.302903831 -0.025632903 0.952676296 96.947143555
0.948338687 -0.008266385 0.317152143 3.859714508 -0.000320830 0.999634922 0.027014237 -2.048648357 -0.317259729 -0.025720395 0.947989881 97.470504761
0.944566786 -0.009279728 0.328188121 4.064744949 0.000549664 0.999643803 0.026683554 -2.047284365 -0.328318924 -0.025024006 0.944235384 97.979408264
0.940071821 -0.009003613 0.340857476 4.295761108 -0.000082826 0.999645174 0.026633654 -2.045932293 -0.340976417 -0.025065780 0.939737618 98.541801453
0.934702456 -0.008396428 0.355331808 4.490562439 -0.001437932 0.999623477 0.027403416 -2.068394184 -0.355428100 -0.026124984 0.934338510 99.002334595
0.930162430 -0.009274566 0.367031097 4.740795135 -0.000730882 0.999632061 0.027112123 -2.048563480 -0.367147535 -0.025486933 0.929813504 99.585388184
0.925324261 -0.009459744 0.379058659 4.971527100 -0.000618330 0.999649704 0.026456557 -2.044918299 -0.379176170 -0.024715278 0.924994409 100.090728760
0.919609129 -0.009139557 0.392728269 5.222753525 -0.001380511 0.999647856 0.026496360 -2.042933464 -0.392832220 -0.024908461 0.919272721 100.589218140
0.913907707 -0.009534019 0.405809999 5.481021881 -0.001460527 0.999640346 0.026774541 -2.056845665 -0.405919373 -0.025062161 0.913565159 101.104927063
0.909200370 -0.010978816 0.416214019 5.732040405 -0.000347482 0.999631941 0.027127169 -2.060309410 -0.416358680 -0.024808656 0.908861935 101.615936279
0.903790832 -0.011485779 0.427820206 5.990543365 -0.000320535 0.999621332 0.027514191 -2.065032721 -0.427974254 -0.025004206 0.903445005 102.095016479
0.897161484 -0.010848855 0.441569448 6.256652832 -0.001391861 0.999623954 0.027387537 -2.072178364 -0.441700459 -0.025185646 0.896809101 102.596664429
0.891019106 -0.011052769 0.453831315 6.525680542 -0.001581735 0.999621928 0.027450612 -2.064508200 -0.453963012 -0.025176859 0.890664697 103.105995178
0.885337472 -0.011051031 0.464817613 6.812957764 -0.001870474 0.999624729 0.027328746 -2.067651749 -0.464945167 -0.025064591 0.884984612 103.584312439
0.877834499 -0.011295597 0.478830874 7.092807770 -0.002154796 0.999618709 0.027531311 -2.075581789 -0.478959203 -0.025199719 0.877475381 104.080154419
0.870136321 -0.012058785 0.492663413 7.289710999 -0.001617415 0.999625444 0.027324202 -2.044023275 -0.492808342 -0.024572628 0.869790852 104.566116333
