1.000000000 0.000000000 0.000000000 0.000000000 0.000000000 1.000000000 0.000000000 0.000000000 0.000000000 0.000000000 1.000000000 0.000000000
1.000000000 0.000042388 -0.000025888 0.000096372 -0.000042388 1.000000000 -0.000012423 -0.000250261 0.000025887 0.000012424 1.000000000 -0.000630899
1.000000000 0.000057487 0.000066168 -0.000245515 -0.000057492 1.000000000 0.000077039 -0.000800216 -0.000066164 -0.000077043 1.000000000 -0.000507973
1.000000000 -0.000047830 0.000071104 0.000175626 0.000047831 1.000000000 -0.000012529 0.000605953 -0.000071104 0.000012533 1.000000000 0.000961389
1.000000000 -0.000127168 0.000071381 -0.000274135 0.000127165 1.000000000 0.000044909 -0.000495735 -0.000071387 -0.000044900 1.000000000 -0.000588524
1.000000000 -0.000052701 0.000126274 -0.000141057 0.000052700 1.000000000 0.000007714 0.000408036 -0.000126274 -0.000007707 1.000000000 0.000753004
1.000000000 -0.000131089 0.000069042 0.000307369 0.000131089 1.000000000 -0.000001886 -0.000034347 -0.000069041 0.000001895 1.000000000 0.000061949
1.000000000 0.000020934 0.000067791 -0.000224094 -0.000020941 1.000000000 0.000107862 -0.001004786 -0.000067789 -0.000107864 1.000000000 -0.001058354
1.000000000 -0.000011213 -0.000016491 -0.000141843 0.000011213 1.000000000 -0.000044371 -0.000210636 0.000016492 0.000044371 1.000000000 -0.000774229
1.000000000 -0.000016608 0.000087206 -0.000142848 0.000016600 1.000000000 0.000081942 -0.001334318 -0.000087207 -0.000081940 1.000000000 -0.000913079
1.000000000 0.000084976 0.000101100 -0.000971283 -0.000084984 1.000000000 0.000080132 -0.000762811 -0.000101093 -0.000080140 1.000000000 -0.000170626
1.000000000 0.000048653 0.000116084 -0.000621802 -0.000048653 1.000000000 0.000000244 0.000228753 -0.000116084 -0.000000250 1.000000000 0.000212051
1.000000000 0.000105185 0.000059329 -0.000852158 -0.000105183 1.000000000 -0.000029834 -0.000470438 -0.000059332 0.000029828 1.000000000 -0.000963923
1.000000000 0.000043166 0.000075653 -0.000717231 -0.000043169 1.000000000 0.000035943 -0.000114022 -0.000075652 -0.000035946 1.000000000 -0.000367857
1.000000000 0.000029290 0.000091089 -0.001310062 -0.000029284 1.000000000 -0.000065108 0.000456729 -0.000091091 0.000065105 1.000000000 0.000120456
1.000000000 0.000054012 -0.000003244 0.000154145 -0.000054012 1.000000000 -0.000044078 0.001015910 0.000003242 0.000044078 1.000000000 0.001566069
1.000000000 0.000075920 0.000098841 -0.000610065 -0.000075912 1.000000000 -0.000082445 0.001490706 -0.000098847 0.000082437 1.000000000 0.001589935
1.000000000 0.000076772 0.000039885 -0.001097449 -0.000076768 1.000000000 -0.000088514 0.000535429 -0.000039891 0.000088510 1.000000000 -0.000682465
0.999999940 0.000211095 0.000153966 -0.001512990 -0.000211089 1.000000000 -0.000042690 0.000748447 -0.000153975 0.000042658 1.000000000 0.000805362
1.000000000 0.000120774 0.000158767 -0.001679275 -0.000120762 1.000000000 -0.000074933 0.000991706 -0.000158776 0.000074914 1.000000000 0.001327956
1.000000000 0.000111491 0.000140802 -0.001349230 -0.000111490 1.000000000 -0.000003449 0.000365159 -0.000140802 0.000003433 1.000000000 0.000669412
1.000000000 0.000169230 0.000069800 -0.001599635 -0.000169231 1.000000000 0.000008086 0.000672400 -0.000069799 -0.000008097 1.000000000 0.000706275
1.000000000 0.000123965 0.000026974 0.000015447 -0.000123964 1.000000000 -0.000012302 0.000586238 -0.000026976 0.000012299 1.000000000 0.001437624
1.000000000 0.000146218 0.000055361 -0.000227536 -0.000146218 1.000000000 -0.000005247 0.000987094 -0.000055362 0.000005239 1.000000000 0.000660041
0.999999940 0.000385878 0.000009500 -0.000379548 -0.000385878 0.999999940 -0.000002324 0.001501249 -0.000009501 0.000002320 1.000000000 0.002638187
0.999999940 0.000277352 0.000082350 -0.000709941 -0.000277352 0.999999940 0.000009993 0.000847733 -0.000082347 -0.000010016 1.000000000 0.000760276
1.000000000 0.000163684 0.000152678 -0.000810790 -0.000163683 1.000000000 -0.000005366 0.001755290 -0.000152678 0.000005341 1.000000000 0.002263338
0.999999940 0.000178547 0.000174968 -0.001339972 -0.000178553 1.000000000 0.000029838 0.000810349 -0.000174963 -0.000029869 1.000000000 0.001443903
1.000000000 0.000121889 0.000050053 -0.000446912 -0.000121890 1.000000000 0.000002090 0.001474909 -0.000050053 -0.000002096 1.000000000 0.001401905
1.000000000 0.000154395 0.000112840 -0.000696276 -0.000154391 1.000000000 -0.000031070 0.001531204 -0.000112844 0.000031053 1.000000000 0.002418073
1.000000000 0.000127995 0.000176509 -0.000746416 -0.000127997 1.000000000 0.000013150 0.000924899 -0.000176508 -0.000013173 1.000000000 0.001880139
0.999999940 0.000178440 0.000192807 -0.001163602 -0.000178438 1.000000000 -0.000009164 0.001818554 -0.000192809 0.000009130 1.000000000 0.002427371
0.999999940 0.000237800 0.000092887 -0.000721184 -0.000237790 0.999999940 -0.000101277 0.002002001 -0.000092911 0.000101255 1.000000000 0.001853606
1.000000000 0.000163753 0.000162238 -0.001351581 -0.000163750 1.000000000 -0.000017803 0.001127603 -0.000162241 0.000017777 1.000000000 0.001247003
0.999999940 0.000294182 0.000208785 -0.002187283 -0.000294171 0.999999940 -0.000053614 0.000932280 -0.000208801 0.000053552 1.000000000 0.001012063
0.999999940 0.000230651 0.000214951 -0.001210859 -0.000230639 1.000000000 -0.000059838 0.001019721 -0.000214965 0.000059788 1.000000000 0.001793487
1.000000000 0.000166815 0.000144065 -0.000849441 -0.000166814 1.000000000 -0.000009183 0.001145738 -0.000144067 0.000009159 1.000000000 0.001147045
0.999999940 0.000235749 0.000115282 -0.000957375 -0.000235751 1.000000000 0.000024211 0.001603947 -0.000115276 -0.000024238 1.000000000 0.002061348
0.999999940 0.000247336 0.000150587 -0.000460498 -0.000247335 0.999999940 -0.000003193 0.000944530 -0.000150588 0.000003156 1.000000000 0.001171859
0.999999940 0.000260444 0.000147195 -0.001147261 -0.000260440 0.999999940 -0.000029115 0.002453793 -0.000147203 0.000029077 1.000000000 0.002438190
1.000000000 0.000118939 0.000089427 0.000418071 -0.000118935 1.000000000 -0.000049990 0.000815746 -0.000089433 0.000049980 1.000000000 0.003225960
0.999999940 0.000340839 0.000181892 0.000831281 -0.000340733 0.999999762 -0.000579933 -0.002267379 -0.000182090 0.000579871 0.999999821 0.050747298
0.999999940 0.000297575 0.000123062 0.002002436 -0.000297440 0.999999344 -0.001099995 -0.004505108 -0.000123389 0.001099958 0.999999404 0.138640374
1.000000000 0.000195944 -0.000058512 0.003514127 -0.000196013 0.999999285 -0.001187435 -0.010027495 0.000058279 0.001187447 0.999999285 0.253791779
0.999999940 0.000439974 -0.000056628 0.006349259 -0.000440034 0.999999285 -0.001080193 -0.013253474 0.000056153 0.001080218 0.999999404 0.386189848
0.999999940 0.000209576 0.000160415 0.009453774 -0.000209427 0.999999464 -0.000928151 -0.018136283 -0.000160609 0.000928118 0.999999583 0.525702894
0.999999940 -0.000364475 0.000061362 0.014186951 0.000364527 0.999999523 -0.000841332 -0.022932174 -0.000061055 0.000841355 0.999999702 0.678241551
0.999999940 -0.000208107 0.000052786 0.018761503 0.000208130 0.999999881 -0.000428412 -0.027524007 -0.000052697 0.000428423 0.999999940 0.841098905
0.999999940 0.000098446 -0.000370502 0.022294063 -0.000098529 0.999999940 -0.000224037 -0.027512260 0.000370480 0.000224074 0.999999881 1.018004656
0.999999821 -0.000327076 -0.000549015 0.026755614 0.000326932 0.999999881 -0.000261747 -0.029947830 0.000549100 0.000261568 0.999999821 1.197870016
0.999999881 -0.000068040 -0.000438152 0.026443198 0.000068186 0.999999881 0.000333794 -0.039626084 0.000438129 -0.000333824 0.999999821 1.377133846
0.999999821 0.000045519 -0.000640685 0.030699147 -0.000045355 0.999999881 0.000255689 -0.041471642 0.000640697 -0.000255660 0.999999762 1.569704175
0.999999881 -0.000169590 -0.000505694 0.035455272 0.000169764 0.999999881 0.000344701 -0.047967304 0.000505635 -0.000344787 0.999999762 1.770019770
1.000000000 -0.000149339 -0.000098720 0.034876227 0.000149354 0.999999940 0.000151543 -0.054505035 0.000098697 -0.000151558 0.999999940 1.966003299
0.999999821 -0.000700434 -0.000231843 0.041845534 0.000700510 0.999999762 0.000327112 -0.061346821 0.000231613 -0.000327274 0.999999881 2.177069426
0.999999881 -0.000482639 -0.000002568 0.045223508 0.000482641 0.999999762 0.000519075 -0.068897590 0.000002317 -0.000519077 0.999999881 2.391397715
0.999999940 -0.000113312 0.000099936 0.049712405 0.000113289 0.999999881 0.000231717 -0.074242368 -0.000099963 -0.000231706 0.999999940 2.612860203
0.999999881 -0.000522771 -0.000088265 0.058047183 0.000522824 0.999999702 0.000603147 -0.082553767 0.000087949 -0.000603193 0.999999762 2.841853380
0.999999940 -0.000426216 -0.000042552 0.062987328 0.000426238 0.999999762 0.000521189 -0.087509662 0.000042329 -0.000521207 0.999999881 3.079615355
0.999999940 -0.000317223 0.000037222 0.064568520 0.000317193 0.999999583 0.000795299 -0.098616071 -0.000037474 -0.000795287 0.999999702 3.306027651
0.999999821 -0.000364424 0.000260629 0.067662537 0.000364176 0.999999464 0.000953546 -0.106349044 -0.000260976 -0.000953451 0.999999523 3.557831764
0.999999881 -0.000212558 0.000361629 0.073390506 0.000212257 0.999999583 0.000830020 -0.111041509 -0.000361806 -0.000829943 0.999999583 3.814321280
1.000000000 0.000152511 0.000134410 0.079998426 -0.000152626 0.999999642 0.000852835 -0.115290515 -0.000134280 -0.000852855 0.999999642 4.074831963
1.000000000 0.000111844 0.000215465 0.086978614 -0.000112022 0.999999642 0.000822919 -0.117440924 -0.000215373 -0.000822943 0.999999642 4.333720684
0.999999881 -0.000060702 0.000450855 0.089864448 0.000060275 0.999999583 0.000946202 -0.128359094 -0.000450912 -0.000946174 0.999999464 4.590551853
0.999999821 0.000448293 0.000357485 0.097397983 -0.000448614 0.999999464 0.000897494 -0.132844567 -0.000357082 -0.000897655 0.999999464 4.837970257
0.999999642 0.000736575 0.000351243 0.101484217 -0.000736833 0.999999464 0.000734118 -0.137771055 -0.000350702 -0.000734376 0.999999583 5.099875927
0.999999821 0.000482615 0.000310628 0.108730584 -0.000482867 0.999999583 0.000811195 -0.147395462 -0.000310236 -0.000811345 0.999999642 5.358977795
0.999999583 0.000673761 0.000553789 0.108716458 -0.000674260 0.999999344 0.000901613 -0.154382333 -0.000553181 -0.000901986 0.999999464 5.624975681
0.999999821 0.000285025 0.000575029 0.111515418 -0.000285475 0.999999642 0.000782471 -0.160694614 -0.000574806 -0.000782635 0.999999583 5.894761086
0.999999344 0.000754077 0.000765097 0.117319115 -0.000754766 0.999999225 0.000901256 -0.169571593 -0.000764417 -0.000901833 0.999999285 6.173290730
0.999999166 0.001040331 0.000738938 0.123655431 -0.001041038 0.999998987 0.000958016 -0.177815795 -0.000737941 -0.000958784 0.999999225 6.456838608
0.999999464 0.000705742 0.000719269 0.130808741 -0.000706441 0.999999285 0.000972406 -0.184719965 -0.000718581 -0.000972914 0.999999285 6.746575832
0.999999046 0.001014612 0.000917272 0.137373909 -0.001015407 0.999999106 0.000867426 -0.189802378 -0.000916391 -0.000868357 0.999999225 7.048483849
0.999999523 0.000598746 0.000790077 0.149719089 -0.000599535 0.999999285 0.000998957 -0.200018525 -0.000789478 -0.000999431 0.999999106 7.344221592
0.999999821 0.000089409 0.000672188 0.155380100 -0.000090144 0.999999404 0.001092970 -0.212240830 -0.000672090 -0.001093031 0.999999106 7.648045063
0.999999583 0.000127019 0.000888997 0.159950823 -0.000128009 0.999999344 0.001114079 -0.219029084 -0.000888854 -0.001114193 0.999998987 7.966605186
0.999998808 0.000774279 0.001321644 0.162529200 -0.000776256 0.999998569 0.001495738 -0.236599624 -0.001320484 -0.001496763 0.999997973 8.286828041
0.999999523 0.000276828 0.000922360 0.174931020 -0.000278043 0.999998987 0.001317108 -0.244105905 -0.000921995 -0.001317363 0.999998689 8.605703354
0.999998510 0.000889021 0.001490946 0.175613254 -0.000890578 0.999999046 0.001044025 -0.246851385 -0.001490016 -0.001045351 0.999998331 8.951279640
0.999998689 0.000737005 0.001449239 0.185528845 -0.000738653 0.999999046 0.001136565 -0.258353591 -0.001448400 -0.001137634 0.999998271 9.298254967
0.999997556 0.001443051 0.001663392 0.188552171 -0.001444799 0.999998391 0.001050226 -0.271366179 -0.001661874 -0.001052627 0.999998093 9.621898651
0.999998331 0.001172265 0.001437282 0.197101057 -0.001173949 0.999998629 0.001171301 -0.280981809 -0.001435907 -0.001172987 0.999998331 9.972673416
0.999998629 0.001103910 0.001254972 0.206576869 -0.001105285 0.999998808 0.001096232 -0.290138721 -0.001253761 -0.001097617 0.999998629 10.328622818
0.999998093 0.001323983 0.001490400 0.212094843 -0.001325408 0.999998748 0.000955534 -0.299494445 -0.001489133 -0.000957508 0.999998510 10.695145607
0.999998391 0.001149593 0.001381007 0.217179522 -0.001151149 0.999998689 0.001126850 -0.305737197 -0.001379709 -0.001128438 0.999998331 11.046013832
0.999999046 0.000770874 0.001108362 0.231574684 -0.000772318 0.999998868 0.001302496 -0.316934884 -0.001107357 -0.001303351 0.999998510 11.417088509
0.999998271 0.000932306 0.001609829 0.231478840 -0.000934678 0.999998450 0.001473203 -0.331473768 -0.001608453 -0.001474705 0.999997616 11.799210548
0.999997675 0.001109678 0.001845913 0.238526195 -0.001112908 0.999997854 0.001749533 -0.346448898 -0.001843968 -0.001751583 0.999996781 12.186163902
0.999997914 0.000840313 0.001848488 0.252171844 -0.000844842 0.999996603 0.002450831 -0.365458101 -0.001846423 -0.002452388 0.999995291 12.566229820
0.999996006 0.001871331 0.002182896 0.251131833 -0.001875495 0.999996543 0.001907107 -0.364289761 -0.002179319 -0.001911193 0.999995828 12.968480110
0.999994338 0.002168403 0.002580787 0.264969230 -0.002173592 0.999995649 0.002009737 -0.377591461 -0.002576417 -0.002015335 0.999994695 13.375123024
0.999995351 0.001933578 0.002319986 0.269191086 -0.001938777 0.999995530 0.002240489 -0.388366044 -0.002315643 -0.002244977 0.999994814 13.774599075
0.999995768 0.001753987 0.002285558 0.284244478 -0.001759210 0.999995828 0.002285436 -0.397550046 -0.002281541 -0.002289447 0.999994755 14.189956665
0.999994099 0.001920311 0.002841795 0.289444029 -0.001925642 0.999996424 0.001874115 -0.409908026 -0.002838186 -0.001879577 0.999994218 14.603607178
0.999995947 0.001376882 0.002492650 0.309288174 -0.001381794 0.999997079 0.001969690 -0.422594815 -0.002489931 -0.001973127 0.999994934 15.030185699
0.999994159 0.001712125 0.002947405 0.318945318 -0.001718265 0.999996364 0.002081965 -0.435540140 -0.002943830 -0.002087018 0.999993503 15.470672607
0.999993503 0.001552433 0.003268609 0.327218592 -0.001559055 0.999996722 0.002024331 -0.445217580 -0.003265456 -0.002029414 0.999992609 15.918349266
0.999990404 0.001864003 0.003967443 0.333988518 -0.001872286 0.999996185 0.002084991 -0.455533624 -0.003963540 -0.002092400 0.999989927 16.355649948
0.999989510 0.001951828 0.004154464 0.343584597 -0.001960424 0.999995947 0.002065843 -0.471787781 -0.004150414 -0.002073966 0.999989212 16.795337677
0.999988079 0.002131975 0.004375972 0.351408660 -0.002141902 0.999995112 0.002264996 -0.489670664 -0.004371122 -0.002274342 0.999987841 17.258569717
0.999988616 0.001775986 0.004432230 0.362424016 -0.001787606 0.999994993 0.002619074 -0.500827074 -0.004427556 -0.002626967 0.999986768 17.725126266
0.999987781 0.001719554 0.004633103 0.373898536 -0.001728648 0.999996603 0.001959609 -0.508962095 -0.004629718 -0.001967593 0.999987423 18.196086884
0.999984741 0.002271272 0.005042213 0.390576124 -0.002280662 0.999995708 0.001857316 -0.514844120 -0.005037975 -0.001868788 0.999985576 18.672044754
0.999987245 0.002018961 0.004629334 0.400732160 -0.002031536 0.999994278 0.002713269 -0.543112159 -0.004623829 -0.002722639 0.999985576 19.122119904
0.999987304 0.002207264 0.004535881 0.413393199 -0.002217358 0.999995112 0.002221574 -0.554290533 -0.004530956 -0.002231603 0.999987304 19.582048416
0.999986947 0.002274836 0.004565259 0.417390585 -0.002287092 0.999993801 0.002681209 -0.567935467 -0.004559132 -0.002691615 0.999985933 20.097434998
0.999983668 0.002153806 0.005290354 0.440097332 -0.002169765 0.999993026 0.003012686 -0.589211285 -0.005283829 -0.003024116 0.999981463 20.542041779
0.999985337 0.002186045 0.004953425 0.449826330 -0.002202895 0.999991775 0.003398955 -0.601281643 -0.004945954 -0.003409818 0.999981880 21.048706055
0.999987960 0.001667318 0.004607986 0.452883214 -0.001679384 0.999995172 0.002615971 -0.608444870 -0.004603602 -0.002623678 0.999985874 21.564847946
0.999990106 0.001925252 0.004001353 0.466421187 -0.001934771 0.999995351 0.002376430 -0.619389117 -0.003996759 -0.002384149 0.999989092 22.078613281
0.999991119 0.001629510 0.003875697 0.481831908 -0.001638896 0.999995708 0.002419749 -0.630109191 -0.003871737 -0.002426080 0.999989569 22.556301117
0.999993503 0.001566204 0.003265890 0.496323675 -0.001573977 0.999995947 0.002378524 -0.647696674 -0.003262151 -0.002383649 0.999991834 23.077173233
0.999990344 0.002402154 0.003669214 0.490940750 -0.002415891 0.999990046 0.003744241 -0.673775315 -0.003660184 -0.003753069 0.999986172 23.573034286
0.999994516 0.000922923 0.003180764 0.503040135 -0.000932706 0.999994755 0.003075675 -0.686133325 -0.003177909 -0.003078625 0.999990165 24.108333588
0.999995649 0.001628036 0.002461640 0.522670925 -0.001635820 0.999993682 0.003163776 -0.703765988 -0.002456473 -0.003167788 0.999991953 24.652847290
0.999995768 0.002146147 0.001932636 0.528445601 -0.002152729 0.999991894 0.003409998 -0.716093302 -0.001925302 -0.003414144 0.999992311 25.185729980
0.999996543 0.002519938 0.000783385 0.541689396 -0.002522798 0.999990046 0.003672162 -0.730570376 -0.000774123 -0.003674126 0.999992967 25.729721069
0.999997854 0.001997561 0.000462379 0.555916488 -0.001999155 0.999991953 0.003473538 -0.742822170 -0.000455436 -0.003474455 0.999993801 26.299810410
0.999999046 0.001439383 0.000135818 0.570853055 -0.001439862 0.999992549 0.003594047 -0.748699725 -0.000130644 -0.003594238 0.999993563 26.867412567
0.999998152 0.001911595 -0.000084059 0.576502144 -0.001911197 0.999988079 0.004492968 -0.787191510 0.000092648 -0.004492799 0.999989927 27.405961990
0.999998689 0.001638195 -0.000173490 0.580910802 -0.001637383 0.999988139 0.004586088 -0.810898185 0.000181001 -0.004585797 0.999989510 27.946872711
0.999996483 0.002282644 -0.001357957 0.611986458 -0.002277149 0.999989271 0.004034549 -0.802656651 0.001367152 -0.004031443 0.999990940 28.499771118
0.999995470 0.002927711 -0.000849710 0.609222353 -0.002924181 0.999987185 0.004125660 -0.822378576 0.000861778 -0.004123156 0.999991119 29.060218811
0.999994755 0.003041620 -0.001071897 0.615607977 -0.003037508 0.999988019 0.003817244 -0.832150698 0.001083495 -0.003813969 0.999992132 29.612548828
0.999994814 0.002834511 -0.001534562 0.626855016 -0.002828367 0.999988019 0.003990668 -0.841891825 0.001545856 -0.003986308 0.999990821 30.154218674
0.999992788 0.003501185 -0.001457338 0.630672812 -0.003495430 0.999986172 0.003933198 -0.856547713 0.001471089 -0.003928076 0.999991179 30.679325104
0.999991894 0.003333849 -0.002246607 0.651120365 -0.003324770 0.999986291 0.004032825 -0.864942551 0.002260021 -0.004025322 0.999989331 31.241071701
0.999989629 0.003827632 -0.002465977 0.657502174 -0.003819353 0.999987006 0.003353516 -0.872578382 0.002478780 -0.003344062 0.999991357 31.795866013
0.999991000 0.003167685 -0.002818216 0.665596902 -0.003155860 0.999986231 0.004190722 -0.896064639 0.002831452 -0.004181790 0.999987245 32.328441620
0.999988854 0.003489587 -0.003185721 0.671115875 -0.003476633 0.999985695 0.004062914 -0.912093222 0.003199855 -0.004051792 0.999986708 32.864574432
0.999988735 0.003155726 -0.003542503 0.690635860 -0.003140596 0.999985933 0.004268445 -0.925013781 0.003555924 -0.004257270 0.999984562 33.430297852
0.999987960 0.003827400 -0.003057078 0.688763857 -0.003811452 0.999979198 0.005205419 -0.952112317 0.003076938 -0.005193705 0.999981761 33.968971252
0.999985754 0.003730280 -0.003807552 0.699897349 -0.003710090 0.999979079 0.005295852 -0.965627074 0.003827227 -0.005281651 0.999978721 34.509288788
0.999984801 0.003486052 -0.004261950 0.708830476 -0.003464425 0.999981165 0.005071184 -0.982831478 0.004279548 -0.005056342 0.999978065 35.030284882
0.999986410 0.002837976 -0.004381930 0.724810958 -0.002814292 0.999981463 0.005401797 -1.003189206 0.004397179 -0.005389392 0.999975801 35.541996002
0.999986947 0.004102542 -0.003043483 0.697314024 -0.004090376 0.999983668 0.003992927 -1.004896641 0.003059815 -0.003980426 0.999987423 36.186260223
0.999984741 0.004558243 -0.003128346 0.703550160 -0.004546201 0.999982297 0.003845887 -1.019512296 0.003145820 -0.003831607 0.999987781 36.737819672
0.999986231 0.002560818 -0.004581724 0.737098992 -0.002546695 0.999991953 0.003085666 -1.021323323 0.004589588 -0.003073955 0.999984741 37.309123993
0.999983728 0.004385062 -0.003650046 0.730293572 -0.004372932 0.999984860 0.003324477 -1.040213466 0.003664571 -0.003308462 0.999987841 37.841022491
0.999982834 0.002383569 -0.005363853 0.753708541 -0.002366991 0.999992430 0.003094869 -1.048601747 0.005371188 -0.003082120 0.999980807 38.405193329
0.999984384 0.002673494 -0.004911168 0.760988891 -0.002660869 0.999993145 0.002575321 -1.057335973 0.004918017 -0.002562213 0.999984562 38.975139618
0.999988198 0.002671838 -0.004062317 0.753273427 -0.002659507 0.999991775 0.003037492 -1.078955650 0.004070399 -0.003026652 0.999987066 39.427452087
0.999989808 0.001836928 -0.004116611 0.763393879 -0.001824238 0.999993563 0.003084331 -1.092099309 0.004122250 -0.003076790 0.999986708 39.983390808
0.999984086 0.001743622 -0.005360029 0.806855500 -0.001725388 0.999992728 0.003404545 -1.121820807 0.005365926 -0.003395243 0.999979854 40.546607971
0.999985695 0.001461970 -0.005134513 0.813049555 -0.001447483 0.999994993 0.002824032 -1.130863667 0.005138616 -0.002816560 0.999982834 41.108505249
0.999982655 0.001862508 -0.005582947 0.819018304 -0.001845022 0.999993443 0.003135592 -1.142378092 0.005588751 -0.003125238 0.999979496 41.642791748
0.999985933 0.001655625 -0.005040383 0.812708557 -0.001639727 0.999993622 0.003156451 -1.157091141 0.005045577 -0.003148142 0.999982238 42.177928925
0.999984682 0.001872651 -0.005211063 0.823336005 -0.001858334 0.999994457 0.002750923 -1.168302536 0.005216186 -0.002741198 0.999982595 42.729244232
0.999983370 0.001717310 -0.005498360 0.840648115 -0.001699975 0.999993563 0.003155750 -1.192636728 0.005503744 -0.003146351 0.999979854 43.252563477
0.999983847 0.001975256 -0.005321069 0.841871083 -0.001962595 0.999995232 0.002383489 -1.187235713 0.005325751 -0.002373008 0.999982953 43.786026001
0.999987245 0.001920561 -0.004667690 0.844416738 -0.001908507 0.999994814 0.002585392 -1.203571320 0.004672630 -0.002576452 0.999985695 44.322883606
0.999985039 0.001806517 -0.005166312 0.852410316 -0.001791528 0.999994159 0.002904244 -1.217559338 0.005171527 -0.002894945 0.999982357 44.853771210
0.999986529 0.002089204 -0.004749213 0.857082367 -0.002075079 0.999993443 0.002977285 -1.232210755 0.004755402 -0.002967390 0.999984264 45.399375916
0.999987423 0.002423702 -0.004391501 0.862362266 -0.002411037 0.999992907 0.002886975 -1.245038390 0.004398468 -0.002876351 0.999986172 45.936634064
0.999989331 0.002053082 -0.004137955 0.870299578 -0.002043966 0.999995470 0.002206252 -1.252732873 0.004142465 -0.002197771 0.999989033 46.499233246
0.999987066 0.001907168 -0.004731231 0.886520267 -0.001896434 0.999995649 0.002272343 -1.264329672 0.004735544 -0.002263341 0.999986231 47.045917511
0.999983311 0.003177635 -0.004810132 0.901845038 -0.003165040 0.999991536 0.002623726 -1.283381224 0.004818430 -0.002608458 0.999984980 47.625888824
0.999986351 0.002938719 -0.004314059 0.906728923 -0.002926522 0.999991715 0.002830681 -1.302367926 0.004322343 -0.002818017 0.999986708 48.159797668
0.999990761 0.001737752 -0.003926056 0.907785654 -0.001732765 0.999997795 0.001273222 -1.293945670 0.003928259 -0.001266408 0.999991417 48.724212646
0.999990761 0.001049284 -0.004146933 0.920703113 -0.001043685 0.999998569 0.001352288 -1.307588816 0.004148345 -0.001347948 0.999990463 49.281528473
0.999991000 0.002232715 -0.003607356 0.925395191 -0.002227773 0.999996603 0.001373231 -1.322984219 0.003610411 -0.001365182 0.999992549 49.805950165
0.999989390 0.003037857 -0.003456684 0.920832217 -0.003034007 0.999994755 0.001119090 -1.336605549 0.003460066 -0.001108590 0.999993384 50.345123291
0.999989748 0.002960965 -0.003423459 0.928482473 -0.002957096 0.999994993 0.001134554 -1.353465319 0.003426802 -0.001124419 0.999993503 50.879638672
0.999989450 0.002258692 -0.003994326 0.946444809 -0.002254188 0.999996841 0.001131601 -1.360629916 0.003996869 -0.001122585 0.999991357 51.435573578
0.999983847 0.001213009 -0.005562484 0.963778853 -0.001206087 0.999998569 0.001247474 -1.377849936 0.005563990 -0.001240745 0.999983728 51.974552155
0.999987960 0.003500589 -0.003427429 0.958935738 -0.003498347 0.999993682 0.000659777 -1.391476631 0.003429717 -0.000647779 0.999993920 52.491512299
0.999991119 0.002371499 -0.003468837 0.969151020 -0.002369602 0.999997020 0.000550685 -1.399511576 0.003470134 -0.000542460 0.999993861 53.035743713
0.999989390 0.002589690 -0.003790050 0.980297923 -0.002589234 0.999996662 0.000125018 -1.414192438 0.003790361 -0.000115203 0.999992847 53.587486267
0.999989271 0.003342048 -0.003211342 0.988922715 -0.003339671 0.999994159 0.000745532 -1.436113119 0.003213815 -0.000734800 0.999994576 54.135192871
0.999989808 0.002964782 -0.003401943 1.001522303 -0.002962797 0.999995410 0.000588673 -1.444308639 0.003403674 -0.000578588 0.999994040 54.666454315
0.999989808 0.002863324 -0.003473874 1.011520982 -0.002863550 0.999995887 -0.000059933 -1.455520988 0.003473688 0.000069880 0.999993920 55.218605042
0.999990523 0.002679116 -0.003434864 1.015766978 -0.002677500 0.999996245 0.000474754 -1.478288174 0.003436121 -0.000465552 0.999993980 55.739116669
0.999991298 0.003183136 -0.002697875 1.019851804 -0.003181413 0.999994755 0.000643038 -1.491253614 0.002699908 -0.000634449 0.999996126 56.261386871
0.999990404 0.002957734 -0.003234355 1.030874133 -0.002955835 0.999995470 0.000591459 -1.507031798 0.003236089 -0.000581893 0.999994516 56.821716309
0.999988794 0.004114785 -0.002352586 1.046375513 -0.004113673 0.999991417 0.000477669 -1.518318772 0.002354532 -0.000467986 0.999997139 57.352764130
0.999988794 0.004323255 -0.001947608 1.055992126 -0.004322847 0.999990582 0.000213721 -1.534575820 0.001948514 -0.000205300 0.999998093 57.895324707
0.999992371 0.003105881 -0.002380130 1.054585457 -0.003105895 0.999995172 -0.000001842 -1.547606349 0.002380113 0.000009234 0.999997139 58.433376312
0.999992192 0.002734204 -0.002864370 1.062982202 -0.002733131 0.999996185 0.000378846 -1.559571385 0.002865395 -0.000371015 0.999995828 58.972099304
0.999986231 0.003959979 -0.003437642 1.101219654 -0.003958245 0.999991953 0.000511198 -1.591076970 0.003439639 -0.000497584 0.999993920 59.527118683
0.999989152 0.003871681 -0.002633719 1.098438621 -0.003871198 0.999992490 0.000188881 -1.599658370 0.002634431 -0.000178683 0.999996543 60.067119598
0.999989867 0.003449875 -0.002877725 1.109628797 -0.003450035 0.999994099 -0.000050761 -1.606782675 0.002877533 0.000060689 0.999995887 60.628726959
0.999989212 0.004193075 -0.001985916 1.110382557 -0.004192554 0.999991179 0.000266431 -1.635634780 0.001987015 -0.000258103 0.999997914 61.128772736
0.999984264 0.005247124 -0.001946370 1.122533798 -0.005247730 0.999986172 -0.000306577 -1.640431404 0.001944735 0.000316786 0.999998033 61.680130005
0.999980748 0.005934784 -0.001824830 1.142019033 -0.005934338 0.999982297 0.000250378 -1.662964344 0.001826284 -0.000239544 0.999998331 62.220474243
0.999985576 0.005133899 -0.001520945 1.137448192 -0.005134325 0.999986708 -0.000276034 -1.670576930 0.001519508 0.000283839 0.999998808 62.776298523
0.999978662 0.006347019 -0.001491128 1.148760200 -0.006347078 0.999979794 -0.000035249 -1.687255144 0.001490874 0.000044713 0.999998868 63.316635132
0.999979377 0.006232666 -0.001494423 1.160821795 -0.006232733 0.999980509 -0.000040142 -1.708201289 0.001494143 0.000049455 0.999998868 63.867755890
0.999975324 0.007000519 -0.000510010 1.158916950 -0.007000721 0.999975383 -0.000393972 -1.711301088 0.000507240 0.000397533 0.999999821 64.424049377
0.999979973 0.006300101 -0.000631529 1.163122416 -0.006300170 0.999980152 -0.000107381 -1.730672479 0.000630840 0.000111357 0.999999821 64.954177856
0.999988794 0.004448416 -0.001576052 1.193854094 -0.004448663 0.999990046 -0.000153937 -1.752599716 0.001575353 0.000160947 0.999998748 65.472267151
0.999980807 0.006196667 -0.000071108 1.186977267 -0.006196665 0.999980807 0.000033400 -1.758312583 0.000071313 -0.000032959 1.000000000 66.055587769
0.999974251 0.007173607 0.000114265 1.187708378 -0.007173505 0.999973893 -0.000863634 -1.768629909 -0.000120458 0.000862792 0.999999642 66.575065613
0.999975204 0.007038546 -0.000220649 1.204580665 -0.007038821 0.999974370 -0.001272915 -1.780742764 0.000211683 0.001274437 0.999999166 67.132484436
0.999982297 0.005949791 -0.000226137 1.216295600 -0.005949926 0.999982119 -0.000597218 -1.797885895 0.000222578 0.000598553 0.999999762 67.627082825
0.999980628 0.006205270 -0.000447262 1.229503155 -0.006205508 0.999980628 -0.000530926 -1.821179032 0.000443958 0.000533691 0.999999702 68.163078308
0.999982536 0.005910423 -0.000147875 1.238278985 -0.005910565 0.999982059 -0.000975855 -1.828107476 0.000142104 0.000976713 0.999999523 68.706657410
0.999972522 0.007413661 0.000211528 1.233141541 -0.007413465 0.999972045 -0.000906985 -1.840997458 -0.000218247 0.000905392 0.999999523 69.238746643
0.999965549 0.008301175 0.000109785 1.241610169 -0.008301057 0.999965012 -0.001024969 -1.862170935 -0.000118290 0.001024023 0.999999464 69.779479980
0.999967635 0.008034913 0.000347420 1.248513699 -0.008034652 0.999967515 -0.000743854 -1.879288673 -0.000353385 0.000741038 0.999999642 70.334815979
0.999975204 0.007030213 -0.000349587 1.283632755 -0.007030596 0.999974668 -0.001109100 -1.888876438 0.000341781 0.001111531 0.999999344 70.828918457
0.999979913 0.006326021 -0.000362496 1.305680633 -0.006326337 0.999979615 -0.000878753 -1.911260843 0.000356931 0.000881028 0.999999523 71.383003235
0.999990940 0.004196747 -0.000672099 1.307373762 -0.004197499 0.999990582 -0.001120162 -1.926715136 0.000667391 0.001122973 0.999999106 71.900077820
0.999986410 0.005163475 -0.000693307 1.317227364 -0.005164224 0.999986053 -0.001082293 -1.941697955 0.000687708 0.001085858 0.999999166 72.435829163
0.999987602 0.004934595 -0.000565548 1.328152180 -0.004935134 0.999987304 -0.000958479 -1.955786467 0.000560811 0.000961258 0.999999404 72.964126587
0.999984682 0.005532131 -0.000279667 1.334877014 -0.005532482 0.999983907 -0.001270161 -1.969886422 0.000272636 0.001271690 0.999999166 73.497192383
0.999980330 0.006276132 -0.000029959 1.343736053 -0.006276160 0.999979794 -0.001018866 -1.990476251 0.000023563 0.001019034 0.999999464 74.009628296
0.999980330 0.006270654 0.000210288 1.349428773 -0.006270595 0.999980330 -0.000278771 -2.006865025 -0.000212032 0.000277447 0.999999940 74.560707092
0.999975026 0.007061855 0.000219725 1.360995650 -0.007061690 0.999974787 -0.000744861 -2.020638943 -0.000224980 0.000743291 0.999999642 75.014884949
0.999978364 0.006567473 -0.000403537 1.376721978 -0.006567856 0.999978006 -0.000956160 -2.034021378 0.000397249 0.000958789 0.999999464 75.561019897
0.999982655 0.005870509 -0.000449293 1.404345036 -0.005871183 0.999981642 -0.001513170 -2.035707235 0.000440402 0.001515781 0.999998748 76.178833008
0.999987781 0.004906832 -0.000563442 1.423492908 -0.004908165 0.999985099 -0.002390252 -2.046949387 0.000551706 0.002392989 0.999996960 76.720504761
0.999985158 0.005386135 -0.000785047 1.435415149 -0.005388330 0.999981523 -0.002821461 -2.064113617 0.000769835 0.002825649 0.999995708 77.262916565
0.999980569 0.006215003 0.000279131 1.420168996 -0.006214743 0.999980211 -0.000922014 -2.081488609 -0.000284856 0.000920260 0.999999464 77.734031677
0.999988973 0.004691176 -0.000098184 1.442938447 -0.004691348 0.999987304 -0.001825010 -2.079106569 0.000089620 0.001825451 0.999998271 78.250267029
0.999989748 0.004532069 -0.000090438 1.454184771 -0.004532223 0.999988139 -0.001783854 -2.093087673 0.000082352 0.001784246 0.999998331 78.803001404
0.999985933 0.005298987 -0.000100656 1.469086051 -0.005299163 0.999984264 -0.001841420 -2.112902164 0.000090897 0.001841928 0.999998212 79.326629639
0.999985158 0.005436364 -0.000311968 1.483777165 -0.005436910 0.999983609 -0.001780060 -2.130975008 0.000302284 0.001781730 0.999998391 79.857620239
0.999982715 0.005749972 0.001232136 1.465916395 -0.005747598 0.999981642 -0.001922224 -2.129560232 -0.001243167 0.001915109 0.999997377 80.404296875
0.999982178 0.005280728 0.002756310 1.474576235 -0.005274608 0.999983668 -0.002222826 -2.146006823 -0.002768002 0.002208248 0.999993742 80.949462891
0.999976993 0.006063533 0.003036572 1.514837742 -0.006059335 0.999980628 -0.001390424 -2.186226845 -0.003044944 0.001371993 0.999994397 81.421485901
0.999976099 0.005353936 0.004373056 1.518223763 -0.005347760 0.999984682 -0.001422394 -2.201596737 -0.004380605 0.001398974 0.999989390 81.988891602
0.999945581 0.006147168 0.008422848 1.529500246 -0.006138512 0.999980628 -0.001053056 -2.222941875 -0.008429158 0.001001296 0.999963999 82.544494629
0.999919295 0.005791042 0.011305072 1.574269533 -0.005772976 0.999981999 -0.001629950 -2.236532688 -0.011314308 0.001564554 0.999934793 83.108985901
0.999886632 0.005338545 0.014080920 1.596701264 -0.005316223 0.999984562 -0.001622166 -2.257316113 -0.014089365 0.001547124 0.999899507 83.646095276
0.999813616 0.005521022 0.018495554 1.623439550 -0.005486751 0.999983132 -0.001903175 -2.271769762 -0.018505748 0.001801341 0.999827087 84.208717346
0.999694586 0.005261514 0.024151102 1.649576426 -0.005215871 0.999984503 -0.001952499 -2.288491011 -0.024161007 0.001825934 0.999706388 84.787254333
0.999531209 0.005318052 0.030151695 1.688605070 -0.005258553 0.999984086 -0.002052264 -2.305923700 -0.030162124 0.001892747 0.999543250 85.318969727
0.999330521 0.005564637 0.036158182 1.721481323 -0.005492410 0.999982715 -0.002096536 -2.322545528 -0.036169223 0.001896537 0.999343812 85.864654541
0.998989701 0.005368526 0.044616617 1.764028311 -0.005287603 0.999984145 -0.001931577 -2.341527700 -0.044626277 0.001693711 0.999002337 86.423332214
0.998563111 0.006329896 0.053212140 1.800716162 -0.006184666 0.999976695 -0.002893510 -2.348285675 -0.053229213 0.002560253 0.998579025 87.005653381
0.998163342 0.005931118 0.060290277 1.853800058 -0.005791450 0.999980211 -0.002491072 -2.368031025 -0.060303856 0.002137328 0.998177767 87.542556763
0.997606218 0.004053148 0.069031835 1.912145615 -0.003872840 0.999988675 -0.002745587 -2.391242027 -0.069042183 0.002471665 0.997610688 88.080291748
0.996886790 0.003163081 0.078782678 1.979643822 -0.002939835 0.999991357 -0.002949520 -2.405994177 -0.078791313 0.002708729 0.996887505 88.588081360
0.996154904 0.003985961 0.087519020 2.047054291 -0.003740630 0.999988735 -0.002966996 -2.429518223 -0.087529838 0.002628211 0.996158540 89.250221252
0.995481253 0.003079490 0.094909415 2.120158672 -0.002771734 0.999990404 -0.003374291 -2.441971302 -0.094918884 0.003095980 0.995480299 89.813621521
0.994466245 0.003330789 0.105004497 2.203234196 -0.002996052 0.999989867 -0.003345404 -2.461780787 -0.105014578 0.003012293 0.994466126 90.346725464
0.993392706 0.001666910 0.114752553 2.312655449 -0.001275916 0.999993145 -0.003480661 -2.486327410 -0.114757568 0.003311248 0.993387997 90.932296753
0.992239535 0.001512246 0.124331795 2.393908501 -0.001110555 0.999993920 -0.003300040 -2.501783609 -0.124336034 0.003136352 0.992235124 91.477127075
0.990709662 0.001602454 0.135984495 2.489679337 -0.001187023 0.999994397 -0.003136018 -2.518567562 -0.135988772 0.002945467 0.990705967 92.014739990
0.988967955 0.001964635 0.148116738 2.593919754 -0.001486125 0.999993324 -0.003341222 -2.532646894 -0.148122326 0.003084241 0.988964260 92.555900574
0.987356544 0.001510150 0.158508077 2.712846756 -0.001041418 0.999994814 -0.003040169 -2.543935537 -0.158511877 0.002836657 0.987352967 93.102600098
0.985522807 0.001260561 0.169538170 2.812301636 -0.000725571 0.999994576 -0.003217485 -2.562268734 -0.169541299 0.003047893 0.985518396 93.666313171
0.983197331 0.000837060 0.182544291 2.933251381 -0.000179022 0.999993384 -0.003621260 -2.569560528 -0.182546109 0.003527733 0.983190954 94.201957703
0.981010318 0.000180116 0.193955600 3.075122833 0.000448107 0.999994814 -0.003195129 -2.607951641 -0.193955168 0.003221368 0.981005132 94.712463379
0.978897095 0.000420528 0.204353243 3.203197479 0.000151795 0.999996126 -0.002784971 -2.624229908 -0.204353616 0.002757220 0.978893280 95.247917175
0.976103902 0.000083853 0.217304632 3.350925446 0.000435019 0.999997199 -0.002339926 -2.645883560 -0.217304200 0.002378542 0.976101100 95.772613525
0.973288715 -0.001384137 0.229580164 3.508041382 0.002214198 0.999991953 -0.003357991 -2.657508373 -0.229573607 0.003776630 0.973284006 96.297401428
0.970429957 -0.001653609 0.241377220 3.668542862 0.002660660 0.999989033 -0.003846235 -2.670526981 -0.241368189 0.004374724 0.970423758 96.866752625
0.967729032 -0.002117001 0.251984239 3.837362289 0.003116646 0.999988794 -0.003568049 -2.692497730 -0.251973838 0.004238250 0.967724741 97.392448425
0.964123249 -0.002906862 0.265438914 3.998477936 0.003941770 0.999986649 -0.003366234 -2.708480120 -0.265425563 0.004291764 0.964121819 97.890266418
0.960657954 -0.002937896 0.277718663 4.205158234 0.004111073 0.999984920 -0.003642115 -2.724473238 -0.277703822 0.004640548 0.960655570 98.449493408
0.957220614 -0.003919157 0.289332539 4.386487961 0.005174691 0.999980211 -0.003574581 -2.743265867 -0.289312750 0.004918870 0.957221985 98.962615967
0.952979445 -0.004122576 0.303006947 4.573560715 0.005275584 0.999981642 -0.002986807 -2.761247635 -0.302989036 0.004444904 0.952983797 99.463127136
0.948524892 -0.005027245 0.316662699 4.785507202 0.006242090 0.999976575 -0.002822089 -2.774924517 -0.316641092 0.004653459 0.948533952 99.990425110
0.944741964 -0.005313665 0.327771723 4.991809845 0.006758029 0.999971867 -0.003267761 -2.782574892 -0.327745080 0.005302282 0.944751382 100.466140747
0.939967692 -0.005540584 0.341218412 5.200033188 0.006937995 0.999971807 -0.002875176 -2.806642294 -0.341192812 0.005069945 0.939979672 100.970840454
0.934705913 -0.005787543 0.355375022 5.418718338 0.007320055 0.999968767 -0.002967950 -2.820511818 -0.355346769 0.005375525 0.934719086 101.528137207
0.929997385 -0.006173057 0.367514491 5.647434235 0.007711830 0.999966502 -0.002718612 -2.837871313 -0.367485464 0.005362510 0.930013835 102.031143188
0.925193310 -0.005626108 0.379454613 5.873640060 0.007183301 0.999970615 -0.002688062 -2.850597858 -0.379428357 0.005212714 0.925206423 102.555320740
0.919468045 -0.006348400 0.393113524 6.113243103 0.008255537 0.999961019 -0.003160791 -2.861997604 -0.393078119 0.006151610 0.919484496 103.032951355
0.913681030 -0.008017947 0.406352848 6.363380432 0.009772446 0.999949753 -0.002242771 -2.889395237 -0.406314462 0.006020240 0.913713396 103.476837158
0.908839583 -0.008912984 0.417050719 6.615303040 0.010856159 0.999938548 -0.002287660 -2.902218580 -0.417004645 0.006606685 0.908880293 103.962783813
0.903243363 -0.009457909 0.429024398 6.866977692 0.011401671 0.999933064 -0.001960746 -2.922850132 -0.428977132 0.006662625 0.903290749 104.427902222
0.896713316 -0.009733203 0.442504764 7.136611938 0.011773023 0.999929011 -0.001863294 -2.936635494 -0.442455113 0.006880459 0.896764159 104.922317505
0.890973926 -0.010019258 0.453943849 7.412544250 0.012054014 0.999926090 -0.001588951 -2.954390764 -0.453894317 0.006887559 0.891028821 105.399185181
0.885508358 -0.011077471 0.464491129 7.679729462 0.013160444 0.999912560 -0.001242610 -2.984199524 -0.464436799 0.007213252 0.885576785 105.750915527
0.877407432 -0.011449234 0.479609251 7.960697174 0.013395193 0.999910057 -0.000635596 -3.003019333 -0.479558855 0.006982135 0.877481937 106.312133789
