1.000000000 0.000000000 0.000000000 0.000000000 0.000000000 1.000000000 0.000000000 0.000000000 0.000000000 0.000000000 1.000000000 0.000000000
1.000000000 0.000040622 -0.000024673 0.000500733 -0.000040622 1.000000000 0.000019783 -0.000440968 0.000024674 -0.000019782 1.000000000 0.001325142
1.000000000 0.000065211 0.000011624 0.001088304 -0.000065211 1.000000000 0.000019947 -0.000492304 -0.000011622 -0.000019948 1.000000000 0.001391591
1.000000000 0.000002504 -0.000060701 0.001988603 -0.000002506 1.000000000 -0.000043787 -0.000628834 0.000060701 0.000043787 1.000000000 -0.000256845
1.000000000 -0.000075924 -0.000103719 0.001816725 0.000075930 1.000000000 0.000058895 -0.000716726 0.000103715 -0.000058903 1.000000000 -0.000019136
1.000000000 -0.000068488 -0.000087994 -0.000201561 0.000068486 1.000000000 -0.000013582 0.001038633 0.000087995 0.000013576 1.000000000 0.001928281
1.000000000 -0.000134732 -0.000101907 0.001648261 0.000134743 1.000000000 0.000101537 -0.000704501 0.000101893 -0.000101551 1.000000000 0.000166203
1.000000000 -0.000052012 -0.000019743 0.000153197 0.000052014 1.000000000 0.000075749 -0.001141780 0.000019739 -0.000075750 1.000000000 -0.000885635
1.000000000 0.000041884 -0.000064049 0.001600293 -0.000041880 1.000000000 0.000071766 -0.000743402 0.000064052 -0.000071763 1.000000000 -0.001710132
1.000000000 0.000050487 -0.000016587 0.000342402 -0.000050487 1.000000000 0.000040712 0.000275673 0.000016589 -0.000040711 1.000000000 0.001982911
1.000000000 0.000015165 -0.000025623 0.000689459 -0.000015165 1.000000000 0.000003928 -0.000305053 0.000025623 -0.000003928 1.000000000 0.000458623
1.000000000 -0.000102602 -0.000088477 0.001176732 0.000102611 1.000000000 0.000095772 -0.000869465 0.000088468 -0.000095781 1.000000000 -0.000842610
1.000000000 -0.000035154 -0.000043575 0.000974577 0.000035154 1.000000000 0.000006675 0.000327977 0.000043575 -0.000006677 1.000000000 0.001447913
1.000000000 -0.000170501 -0.000124513 0.001152054 0.000170517 1.000000000 0.000128832 -0.000572436 0.000124491 -0.000128853 1.000000000 0.000033015
1.000000000 -0.000028031 -0.000115065 0.001933585 0.000028036 1.000000000 0.000038954 -0.000517910 0.000115064 -0.000038957 1.000000000 -0.003688671
1.000000000 0.000006673 -0.000126774 0.003488820 -0.000006663 1.000000000 0.000080568 -0.000690988 0.000126775 -0.000080567 1.000000000 -0.001940070
1.000000000 -0.000039425 -0.000102204 0.003080702 0.000039435 1.000000000 0.000093197 -0.001380918 0.000102200 -0.000093201 1.000000000 -0.001801773
1.000000000 -0.000086969 -0.000108551 0.003535582 0.000086976 1.000000000 0.000069083 -0.000804406 0.000108545 -0.000069092 1.000000000 -0.001137782
1.000000000 0.000039126 -0.000091015 0.002426417 -0.000039118 1.000000000 0.000085434 -0.000974279 0.000091019 -0.000085430 1.000000000 -0.002052955
1.000000000 -0.000093854 -0.000122447 0.003111499 0.000093864 1.000000000 0.000076262 -0.001777105 0.000122440 -0.000076274 1.000000000 -0.003763207
1.000000000 -0.000163138 -0.000128898 0.001995573 0.000163147 1.000000000 0.000075086 0.000077075 0.000128886 -0.000075107 1.000000000 0.001722208
1.000000000 -0.000153516 -0.000115735 0.001965561 0.000153530 1.000000000 0.000119357 -0.002078593 0.000115716 -0.000119374 1.000000000 -0.004644966
1.000000000 -0.000002795 -0.000129399 0.003629232 0.000002811 1.000000000 0.000123607 -0.001310213 0.000129398 -0.000123607 1.000000000 -0.001560475
1.000000000 -0.000097545 -0.000176965 0.003980052 0.000097559 1.000000000 0.000081820 -0.001382872 0.000176957 -0.000081838 1.000000000 -0.002728127
1.000000000 -0.000123748 -0.000137411 0.003069249 0.000123760 1.000000000 0.000091477 -0.001707496 0.000137400 -0.000091494 1.000000000 -0.003444851
1.000000000 -0.000028459 -0.000135786 0.003303475 0.000028469 1.000000000 0.000069626 -0.000279012 0.000135784 -0.000069630 1.000000000 -0.000818800
1.000000000 -0.000078346 -0.000098245 0.003864889 0.000078353 1.000000000 0.000071803 -0.000531856 0.000098239 -0.000071810 1.000000000 -0.001469664
1.000000000 -0.000142615 -0.000166749 0.002574822 0.000142639 1.000000000 0.000145248 -0.000624847 0.000166729 -0.000145271 1.000000000 -0.002815866
1.000000000 -0.000185791 -0.000106641 0.002211294 0.000185800 1.000000000 0.000085576 -0.001584897 0.000106625 -0.000085596 1.000000000 -0.001116486
1.000000000 -0.000071177 -0.000180097 0.004570435 0.000071211 1.000000000 0.000189085 -0.002477356 0.000180083 -0.000189098 0.999999940 -0.004499836
0.999999940 -0.000203375 -0.000192416 0.005337437 0.000203397 1.000000000 0.000115661 -0.001517746 0.000192393 -0.000115701 1.000000000 -0.003294657
1.000000000 -0.000110380 -0.000159836 0.003547765 0.000110394 1.000000000 0.000085572 -0.000590916 0.000159826 -0.000085590 1.000000000 -0.002185949
1.000000000 -0.000070038 -0.000123272 0.003549341 0.000070051 1.000000000 0.000102215 -0.001251005 0.000123265 -0.000102224 1.000000000 -0.003791533
1.000000000 -0.000001241 -0.000100444 0.003315396 0.000001248 1.000000000 0.000073057 -0.000837321 0.000100443 -0.000073057 1.000000000 -0.003427992
1.000000000 -0.000101989 -0.000142281 0.003098584 0.000102005 1.000000000 0.000116102 -0.000658978 0.000142270 -0.000116117 1.000000000 -0.001831663
0.999999940 -0.000195651 -0.000164586 0.003641693 0.000195677 0.999999940 0.000159207 -0.002348784 0.000164555 -0.000159240 1.000000000 -0.004708258
1.000000000 -0.000130830 -0.000164870 0.003099642 0.000130843 1.000000000 0.000080441 -0.000281699 0.000164859 -0.000080463 1.000000000 -0.001050461
1.000000000 -0.000086686 -0.000165005 0.005356677 0.000086712 1.000000000 0.000159833 -0.001212525 0.000164991 -0.000159847 1.000000000 -0.004535116
1.000000000 -0.000150499 -0.000125699 0.002275556 0.000150512 1.000000000 0.000104363 -0.000841621 0.000125683 -0.000104381 1.000000000 -0.002555959
1.000000000 -0.000127931 -0.000167373 0.003139771 0.000127958 1.000000000 0.000166595 -0.001642459 0.000167352 -0.000166617 1.000000000 -0.004150716
1.000000000 -0.000063262 -0.000201544 0.005046427 0.000063275 1.000000000 0.000066692 -0.002105504 0.000201540 -0.000066705 1.000000000 -0.001581279
1.000000000 -0.000212410 -0.000033877 0.002193238 0.000212393 0.999999821 -0.000503780 -0.003201470 0.000033984 0.000503773 0.999999881 0.050205689
1.000000000 0.000064954 -0.000099525 0.003877614 -0.000065066 0.999999344 -0.001122000 -0.005585147 0.000099452 0.001122006 0.999999344 0.137633592
1.000000000 -0.000025218 -0.000014764 0.005644852 0.000025196 0.999998987 -0.001438991 -0.008837630 0.000014800 0.001438990 0.999998987 0.255182147
1.000000000 0.000044141 -0.000004312 0.008440718 -0.000044147 0.999998987 -0.001433735 -0.011870444 0.000004248 0.001433736 0.999998987 0.388093829
1.000000000 0.000058904 -0.000021957 0.010887777 -0.000058930 0.999999285 -0.001170879 -0.016871169 0.000021888 0.001170880 0.999999285 0.527237773
1.000000000 0.000108389 0.000084189 0.015245277 -0.000108308 0.999999523 -0.000958299 -0.024407133 -0.000084292 0.000958290 0.999999523 0.678988934
1.000000000 0.000016985 0.000131272 0.015637733 -0.000016871 0.999999642 -0.000869101 -0.028097596 -0.000131287 0.000869099 0.999999642 0.844508231
0.999999881 0.000418201 0.000279303 0.014318206 -0.000418016 0.999999702 -0.000661326 -0.028707156 -0.000279579 0.000661209 0.999999762 1.020228028
0.999999940 0.000309308 0.000033901 0.024839455 -0.000309290 0.999999821 -0.000528171 -0.036642842 -0.000034064 0.000528160 0.999999881 1.188557506
1.000000000 0.000131885 0.000051922 0.033892978 -0.000131878 1.000000000 -0.000145066 -0.048514709 -0.000051941 0.000145059 1.000000000 1.359360218
1.000000000 0.000313099 -0.000105892 0.037299011 -0.000313124 1.000000000 -0.000234976 -0.049761131 0.000105819 0.000235009 0.999999940 1.553898454
1.000000000 -0.000017740 0.000116557 0.037593808 0.000017689 0.999999881 0.000441513 -0.065693356 -0.000116565 -0.000441510 0.999999881 1.741829157
1.000000000 0.000137740 -0.000033462 0.042792402 -0.000137724 0.999999881 0.000485036 -0.068324819 0.000033529 -0.000485031 0.999999881 1.952415943
1.000000000 -0.000094953 0.000141620 0.048046105 0.000094877 0.999999821 0.000533664 -0.076402456 -0.000141671 -0.000533651 0.999999821 2.158036709
0.999999881 0.000425990 0.000191790 0.048747361 -0.000426129 0.999999642 0.000727846 -0.083292417 -0.000191480 -0.000727927 0.999999702 2.376977921
1.000000000 0.000165152 0.000071216 0.062195402 -0.000165223 0.999999464 0.000994399 -0.096464023 -0.000071051 -0.000994411 0.999999523 2.590653658
1.000000000 -0.000066093 -0.000106184 0.066472203 0.000066191 0.999999583 0.000928018 -0.102290154 0.000106123 -0.000928025 0.999999583 2.821691990
1.000000000 -0.000067241 0.000033353 0.070633560 0.000067205 0.999999464 0.001076806 -0.108137235 -0.000033425 -0.001076804 0.999999464 3.056314230
1.000000000 -0.000124002 0.000165634 0.075046130 0.000123825 0.999999464 0.001067284 -0.116744407 -0.000165767 -0.001067263 0.999999464 3.297417641
0.999999881 -0.000095779 0.000451583 0.072781801 0.000095144 0.999998987 0.001406118 -0.122869872 -0.000451717 -0.001406075 0.999998927 3.522474289
0.999999881 0.000182112 0.000385527 0.077945285 -0.000182712 0.999998689 0.001557144 -0.128504068 -0.000385243 -0.001557214 0.999998748 3.772282839
0.999999821 -0.000240883 0.000549933 0.085309759 0.000240008 0.999998689 0.001590036 -0.137400031 -0.000550315 -0.001589904 0.999998629 4.033705235
0.999999881 -0.000017765 0.000498356 0.088013023 0.000016744 0.999997914 0.002048342 -0.148570061 -0.000498392 -0.002048334 0.999997795 4.290984154
0.999999821 -0.000031649 0.000600124 0.091573469 0.000030445 0.999997973 0.002005976 -0.155993104 -0.000600186 -0.002005957 0.999997854 4.549461365
0.999999762 -0.000040583 0.000678520 0.099889562 0.000039043 0.999997377 0.002269061 -0.163021624 -0.000678611 -0.002269034 0.999997199 4.800229073
0.999999881 -0.000123879 0.000422448 0.103658743 0.000122976 0.999997735 0.002135273 -0.171966016 -0.000422712 -0.002135221 0.999997616 5.044854164
0.999999881 -0.000221674 0.000084458 0.110052705 0.000221511 0.999998152 0.001916481 -0.176093698 -0.000084882 -0.001916462 0.999998152 5.315979481
0.999999881 0.000065094 0.000447485 0.114576817 -0.000066059 0.999997675 0.002155883 -0.187715963 -0.000447344 -0.002155912 0.999997556 5.578161716
0.999999881 0.000155462 0.000385979 0.121171638 -0.000156346 0.999997318 0.002291010 -0.197109476 -0.000385622 -0.002291070 0.999997318 5.851694584
0.999999881 -0.000171181 0.000321450 0.127825588 0.000170484 0.999997675 0.002166923 -0.204879537 -0.000321820 -0.002166868 0.999997616 6.134258747
1.000000000 -0.000152032 0.000404539 0.131613195 0.000151061 0.999997139 0.002397865 -0.215867847 -0.000404903 -0.002397803 0.999997079 6.413927555
0.999999940 0.000270999 0.000439997 0.138761505 -0.000272073 0.999996960 0.002443489 -0.225173578 -0.000439334 -0.002443608 0.999996901 6.690817833
0.999999821 -0.000015842 0.000591266 0.142290935 0.000014275 0.999996483 0.002650084 -0.238636851 -0.000591306 -0.002650075 0.999996305 6.992621422
0.999999881 -0.000340453 0.000447064 0.148498163 0.000339300 0.999996662 0.002575752 -0.246181667 -0.000447939 -0.002575600 0.999996603 7.305985928
0.999999762 -0.000142005 0.000642426 0.157451600 0.000140362 0.999996722 0.002557350 -0.256551594 -0.000642787 -0.002557259 0.999996543 7.607216358
0.999999762 -0.000593706 0.000363531 0.169546798 0.000592654 0.999995708 0.002887829 -0.268370450 -0.000365244 -0.002887613 0.999995708 7.924803734
0.999999583 -0.000701521 0.000464674 0.170556217 0.000699937 0.999993980 0.003400725 -0.286549300 -0.000467057 -0.003400399 0.999994099 8.215425491
0.999999523 -0.000839151 0.000438123 0.186400309 0.000837586 0.999993265 0.003560384 -0.298434824 -0.000441108 -0.003560015 0.999993563 8.525891304
0.999999583 -0.000245202 0.000800894 0.184333384 0.000242410 0.999993920 0.003484415 -0.304354250 -0.000801743 -0.003484220 0.999993622 8.874269485
0.999999523 -0.000550330 0.000837767 0.194941133 0.000547356 0.999993622 0.003546357 -0.317455649 -0.000839713 -0.003545898 0.999993324 9.224849701
0.999999702 -0.000147987 0.000740700 0.197639897 0.000145458 0.999994099 0.003413095 -0.326325536 -0.000741201 -0.003412986 0.999993920 9.556039810
0.999999404 0.000353550 0.001014486 0.199233592 -0.000356836 0.999994576 0.003240662 -0.329852283 -0.001013335 -0.003241023 0.999994218 9.910096169
0.999999642 0.000024741 0.000810551 0.209009543 -0.000027526 0.999994099 0.003435163 -0.345174670 -0.000810461 -0.003435184 0.999993801 10.273483276
0.999999702 -0.000175274 0.000733867 0.216660812 0.000172546 0.999993086 0.003715050 -0.355317503 -0.000734513 -0.003714923 0.999992847 10.633446693
0.999999583 -0.000335442 0.000915300 0.224464104 0.000331999 0.999992907 0.003758594 -0.364898384 -0.000916554 -0.003758289 0.999992549 10.992591858
0.999999404 -0.000135395 0.001024181 0.232698187 0.000131449 0.999992490 0.003852026 -0.376567751 -0.001024696 -0.003851889 0.999992073 11.372602463
0.999999404 -0.000134123 0.001088792 0.234270647 0.000129803 0.999992073 0.003967175 -0.398189992 -0.001089315 -0.003967030 0.999991536 11.742235184
0.999999166 -0.000439631 0.001203183 0.243818372 0.000434721 0.999991596 0.004078017 -0.412080109 -0.001204966 -0.004077490 0.999991000 12.126814842
0.999999046 -0.000075585 0.001357581 0.254327178 0.000069778 0.999990821 0.004277371 -0.418871701 -0.001357893 -0.004277272 0.999989927 12.520084381
0.999999344 -0.000249233 0.001161381 0.263576239 0.000243840 0.999989271 0.004641506 -0.432498902 -0.001162525 -0.004641219 0.999988556 12.883352280
0.999999583 -0.000243153 0.000992535 0.272659749 0.000238886 0.999990702 0.004297508 -0.449364603 -0.000993571 -0.004297268 0.999990284 13.276757240
0.999999225 -0.000358374 0.001251200 0.281993717 0.000352846 0.999990165 0.004416203 -0.458677351 -0.001252770 -0.004415757 0.999989510 13.690361977
0.999998808 0.000220295 0.001506460 0.291166157 -0.000227863 0.999987423 0.005025087 -0.473482877 -0.001505335 -0.005025425 0.999986231 14.098746300
0.999998271 0.000556080 0.001790581 0.296066493 -0.000564171 0.999989629 0.004521342 -0.485361338 -0.001788048 -0.004522344 0.999988198 14.517917633
0.999998569 0.000008877 0.001705615 0.307006985 -0.000017702 0.999986589 0.005174683 -0.501437008 -0.001705547 -0.005174705 0.999985218 14.946704865
0.999997675 0.000321592 0.002097889 0.323329657 -0.000332472 0.999986470 0.005187820 -0.516939461 -0.002096192 -0.005188506 0.999984324 15.363879204
0.999995947 0.000527749 0.002792887 0.329690039 -0.000541556 0.999987662 0.004945358 -0.528389275 -0.002790242 -0.004946852 0.999983847 15.790899277
0.999992967 0.001255992 0.003517129 0.335451543 -0.001274410 0.999985456 0.005239342 -0.537507534 -0.003510497 -0.005243788 0.999980092 16.255937576
0.999995291 0.000211379 0.003103836 0.342653632 -0.000229108 0.999983668 0.005712781 -0.560250938 -0.003102578 -0.005713464 0.999978840 16.684101105
0.999995291 -0.000146648 0.003073654 0.358225644 0.000128370 0.999982297 0.005945947 -0.571883917 -0.003074472 -0.005945524 0.999977529 17.142694473
0.999995053 -0.000279726 0.003164516 0.370545596 0.000260425 0.999981344 0.006097898 -0.581786752 -0.003166162 -0.006097042 0.999976337 17.610260010
0.999993265 -0.000156144 0.003652767 0.380810529 0.000134224 0.999981999 0.006000329 -0.601502538 -0.003653638 -0.005999798 0.999975324 18.034833908
0.999991417 -0.000164680 0.004132731 0.390931040 0.000139631 0.999981642 0.006060517 -0.608817399 -0.004133654 -0.006059888 0.999973178 18.510313034
0.999993503 -0.000909592 0.003495276 0.412679136 0.000888041 0.999980688 0.006162364 -0.624884665 -0.003500813 -0.006159219 0.999974906 18.977975845
0.999990702 -0.000145400 0.004291628 0.416266710 0.000117738 0.999979198 0.006445197 -0.650735617 -0.004292476 -0.006444633 0.999970019 19.441930771
0.999990404 0.000211615 0.004372751 0.433729738 -0.000241035 0.999977350 0.006728498 -0.664003909 -0.004371228 -0.006729487 0.999967873 19.920881271
0.999991655 -0.000333177 0.004087897 0.446397245 0.000305921 0.999977708 0.006666313 -0.675174475 -0.004090026 -0.006665006 0.999969482 20.415884018
0.999993980 -0.000958492 0.003313240 0.466210067 0.000935692 0.999975920 0.006876091 -0.699061751 -0.003319751 -0.006872950 0.999970794 20.873882294
0.999995410 -0.000282616 0.003014430 0.471495867 0.000261745 0.999975979 0.006921865 -0.706001282 -0.003016314 -0.006921044 0.999971449 21.387502670
0.999997318 -0.000429937 0.002286846 0.479304373 0.000414080 0.999975860 0.006930029 -0.724997759 -0.002289770 -0.006929063 0.999973297 21.888784409
0.999997675 -0.000938562 0.001935240 0.486317933 0.000924807 0.999974370 0.007096251 -0.733990908 -0.001941851 -0.007094445 0.999972939 22.385337830
0.999998212 -0.001054660 0.001575601 0.498560429 0.001044206 0.999977410 0.006621565 -0.740037978 -0.001582549 -0.006619909 0.999976814 22.904823303
0.999999106 -0.001017471 0.000776609 0.513295174 0.001011761 0.999972701 0.007317430 -0.760487080 -0.000784033 -0.007316638 0.999972939 23.399795532
0.999997199 -0.002366246 -0.000129734 0.526642323 0.002367128 0.999970734 0.007274784 -0.780464053 0.000112517 -0.007275070 0.999973595 23.908933640
0.999999404 -0.000919994 0.000409567 0.523321033 0.000916877 0.999971032 0.007546500 -0.784632206 -0.000416498 -0.007546120 0.999971390 24.435806274
0.999999404 -0.000735311 -0.000831176 0.539986193 0.000741447 0.999972284 0.007405784 -0.792735577 0.000825708 -0.007406396 0.999972224 24.962511063
0.999998569 -0.000365840 -0.001676709 0.546900332 0.000378198 0.999972761 0.007376316 -0.801681399 0.001673965 -0.007376940 0.999971390 25.502864838
0.999997973 -0.000348249 -0.002006972 0.555665493 0.000362930 0.999973178 0.007319072 -0.815616846 0.002004369 -0.007319786 0.999971151 26.056716919
0.999996901 -0.001331684 -0.002113395 0.562691569 0.001348812 0.999966085 0.008123818 -0.829691947 0.002102505 -0.008126644 0.999964714 26.576105118
0.999993563 -0.001800874 -0.003096912 0.577573776 0.001827023 0.999962509 0.008461510 -0.849628687 0.003081558 -0.008467113 0.999959409 27.119197845
0.999996185 -0.000421950 -0.002729404 0.574117899 0.000444114 0.999966919 0.008124983 -0.856450140 0.002725885 -0.008126165 0.999963284 27.640472412
0.999994099 -0.000639949 -0.003357606 0.585505605 0.000667788 0.999965429 0.008296772 -0.868137777 0.003352180 -0.008298965 0.999960005 28.183637619
0.999994457 -0.000508879 -0.003323960 0.592925191 0.000537292 0.999963284 0.008552637 -0.890432358 0.003319486 -0.008554374 0.999957919 28.725732803
0.999991298 -0.001047374 -0.004034184 0.604734838 0.001081274 0.999963999 0.008410264 -0.899170458 0.004025229 -0.008414552 0.999956548 29.273551941
0.999992311 -0.000605354 -0.003880662 0.612731457 0.000639516 0.999960959 0.008807951 -0.920931399 0.003875178 -0.008810364 0.999953687 29.792655945
0.999992430 -0.000423459 -0.003869815 0.622606874 0.000457287 0.999961615 0.008744773 -0.934174120 0.003865963 -0.008746477 0.999954224 30.344806671
0.999988616 -0.000194925 -0.004764572 0.634910226 0.000234065 0.999966204 0.008215538 -0.933596969 0.004762810 -0.008216561 0.999954879 30.900926590
0.999987721 -0.000272783 -0.004956906 0.654865801 0.000313092 0.999966860 0.008132854 -0.949031174 0.004954523 -0.008134307 0.999954581 31.437410355
0.999985993 -0.000269081 -0.005284971 0.668285370 0.000311084 0.999968350 0.007948415 -0.966682553 0.005282665 -0.007949950 0.999954402 31.968523026
0.999984562 -0.000424144 -0.005544430 0.664559841 0.000470485 0.999964952 0.008359460 -0.973201275 0.005540689 -0.008361938 0.999949634 32.513721466
0.999981821 -0.000584937 -0.006004727 0.674306333 0.000635250 0.999964714 0.008380421 -0.987969637 0.005999612 -0.008384081 0.999946833 33.054534912
0.999980450 -0.000813096 -0.006215861 0.674282312 0.000866790 0.999962330 0.008640448 -0.998267770 0.006208600 -0.008645666 0.999943316 33.610927582
0.999980032 -0.001249043 -0.006199813 0.687886596 0.001303323 0.999960780 0.008758708 -1.011267662 0.006188630 -0.008766613 0.999942422 34.142230988
0.999974072 -0.001908189 -0.006947539 0.698052347 0.001972495 0.999955177 0.009260886 -1.034133315 0.006929557 -0.009274350 0.999932945 34.648803711
0.999982655 -0.000134765 -0.005890713 0.675422072 0.000188173 0.999958873 0.009066870 -1.039988279 0.005889249 -0.009067819 0.999941528 35.183612823
0.999979436 -0.001129473 -0.006299608 0.677723110 0.001190330 0.999952555 0.009665215 -1.067603350 0.006288394 -0.009672519 0.999933362 35.693565369
0.999978900 -0.000734765 -0.006460058 0.689219058 0.000795575 0.999955297 0.009415631 -1.078399539 0.006452851 -0.009420572 0.999934793 36.240070343
0.999976814 -0.000733940 -0.006771440 0.700410724 0.000797305 0.999955893 0.009359643 -1.091463566 0.006764271 -0.009364823 0.999933183 36.781734467
0.999974906 -0.000511112 -0.007075039 0.709007919 0.000577492 0.999955833 0.009383463 -1.105084062 0.007069930 -0.009387312 0.999930859 37.325382233
0.999978304 -0.000286289 -0.006563204 0.714948773 0.000348787 0.999954581 0.009523248 -1.109349728 0.006560180 -0.009525333 0.999933064 37.879184723
0.999973238 -0.000562040 -0.007293408 0.718099892 0.000634337 0.999950647 0.009914013 -1.126408935 0.007287478 -0.009918376 0.999924242 38.405075073
0.999975741 -0.000596889 -0.006937526 0.700780749 0.000662580 0.999954998 0.009470413 -1.119753122 0.006931561 -0.009474782 0.999930978 38.962757111
0.999966145 -0.001361364 -0.008112508 0.749252975 0.001449697 0.999939561 0.010892532 -1.163946748 0.008097190 -0.010903924 0.999907792 39.481666565
0.999972701 -0.000895233 -0.007335652 0.743956447 0.000973383 0.999942601 0.010656884 -1.162306547 0.007325692 -0.010663736 0.999916255 40.014137268
0.999968052 -0.000657730 -0.007959841 0.752642512 0.000740223 0.999945998 0.010365061 -1.176524162 0.007952594 -0.010370622 0.999914587 40.563320160
0.999968588 -0.001522519 -0.007775805 0.733194768 0.001602970 0.999945104 0.010350562 -1.195502281 0.007759619 -0.010362701 0.999916196 41.119915009
0.999965787 -0.001339494 -0.008166806 0.747916698 0.001421831 0.999948144 0.010084381 -1.206962585 0.008152874 -0.010095649 0.999915779 41.666957855
0.999962568 -0.001959859 -0.008426739 0.763369381 0.002050253 0.999940276 0.010731841 -1.219142675 0.008405203 -0.010748715 0.999906898 42.204772949
0.999961555 -0.002105202 -0.008511129 0.759644270 0.002199610 0.999935985 0.011098227 -1.230525732 0.008487221 -0.011116525 0.999902129 42.739723206
0.999963164 -0.001848843 -0.008379292 0.768777430 0.001941289 0.999937177 0.011037929 -1.260504723 0.008358359 -0.011053788 0.999903917 43.263702393
0.999964178 -0.001492588 -0.008322635 0.777460754 0.001586097 0.999935508 0.011240291 -1.275717020 0.008305321 -0.011253090 0.999902189 43.786598206
0.999964774 -0.001301662 -0.008289663 0.781805992 0.001394563 0.999936104 0.011210934 -1.285007000 0.008274541 -0.011222101 0.999902785 44.319614410
0.999965906 -0.000718756 -0.008222346 0.785257459 0.000807903 0.999940813 0.010843804 -1.291560769 0.008214066 -0.010850077 0.999907374 44.873359680
0.999964535 -0.000854266 -0.008375598 0.801960707 0.000948279 0.999936521 0.011227128 -1.304688215 0.008365477 -0.011234672 0.999901831 45.374744415
0.999958038 -0.001757049 -0.008984924 0.819981992 0.001856625 0.999936759 0.011086310 -1.305340290 0.008964879 -0.011102528 0.999898195 45.931362152
0.999963403 -0.000544354 -0.008534212 0.828960896 0.000643275 0.999932587 0.011592621 -1.343454719 0.008527325 -0.011597686 0.999896348 46.441349030
0.999963641 -0.000787091 -0.008491464 0.823812604 0.000887510 0.999929667 0.011828643 -1.346527934 0.008481557 -0.011835749 0.999893904 46.998870850
0.999959826 -0.001713548 -0.008795361 0.835401177 0.001816512 0.999929726 0.011711940 -1.366733670 0.008774674 -0.011727447 0.999892652 47.485305786
0.999960303 -0.002026112 -0.008677258 0.835456014 0.002128154 0.999928534 0.011766629 -1.374073625 0.008652796 -0.011784628 0.999893069 48.013645172
0.999959171 -0.001925571 -0.008828597 0.842029333 0.002027296 0.999931514 0.011527757 -1.382951736 0.008805795 -0.011545184 0.999894559 48.564632416
0.999960363 -0.001741109 -0.008734142 0.844253540 0.001845611 0.999926567 0.011971002 -1.396995068 0.008712662 -0.011986649 0.999890149 49.060443878
0.999959886 -0.001354138 -0.008860406 0.860420287 0.001455891 0.999933004 0.011487628 -1.397193909 0.008844256 -0.011500067 0.999894798 49.636428833
0.999952793 -0.002561549 -0.009372750 0.865701914 0.002672922 0.999925733 0.011889395 -1.415739536 0.009341599 -0.011913888 0.999885321 50.087417603
0.999955177 -0.002378525 -0.009157358 0.853679180 0.002487696 0.999925733 0.011928811 -1.421293974 0.009128303 -0.011951057 0.999886930 50.543205261
0.999958336 -0.002086793 -0.008889824 0.851956248 0.002193686 0.999925256 0.012031397 -1.429799199 0.008864052 -0.012050398 0.999888182 51.096813202
0.999961197 -0.001111624 -0.008734975 0.869257569 0.001219302 0.999923229 0.012331548 -1.438531399 0.008720596 -0.012341722 0.999885738 51.676380157
0.999957979 -0.001774316 -0.008988610 0.884665966 0.001882359 0.999925911 0.012025806 -1.438321114 0.008966608 -0.012042219 0.999887288 52.209720612
0.999959469 -0.001036217 -0.008941249 0.892868996 0.001146542 0.999923110 0.012342555 -1.463452220 0.008927775 -0.012352306 0.999883831 52.747940063
0.999961615 -0.000786906 -0.008722589 0.897332907 0.000893552 0.999924779 0.012229254 -1.473063827 0.008712312 -0.012236578 0.999887109 53.300411224
0.999959826 -0.001208751 -0.008884711 0.900034428 0.001317819 0.999923706 0.012280287 -1.486396551 0.008869190 -0.012291502 0.999885142 53.817161560
0.999967933 0.000082244 -0.008010857 0.900695622 0.000012914 0.999929488 0.011877934 -1.478241920 0.008011268 -0.011877658 0.999897361 54.418796539
0.999962270 -0.000987835 -0.008629851 0.905688405 0.001095864 0.999920964 0.012522333 -1.511769533 0.008616799 -0.012531317 0.999884367 54.875804901
0.999963224 -0.001049842 -0.008502779 0.908172190 0.001157049 0.999919772 0.012613507 -1.519423723 0.008488853 -0.012622882 0.999884307 55.422595978
0.999965131 -0.001099032 -0.008273097 0.914802313 0.001202995 0.999920249 0.012571852 -1.532781124 0.008258620 -0.012581367 0.999886751 55.973377228
0.999962509 -0.001544410 -0.008520874 0.931534052 0.001654939 0.999914408 0.012979750 -1.543925762 0.008500100 -0.012993366 0.999879479 56.436817169
0.999965191 -0.001230080 -0.008250364 0.933411360 0.001336621 0.999915600 0.012920444 -1.551226139 0.008233775 -0.012931023 0.999882519 56.988048553
0.999963343 -0.001562877 -0.008417486 0.946234047 0.001673372 0.999912262 0.013135855 -1.561587334 0.008396218 -0.013149459 0.999878347 57.520153046
0.999967337 -0.001157218 -0.007999971 0.942825675 0.001262701 0.999912083 0.013192993 -1.568984032 0.007984000 -0.013202663 0.999880970 58.036838531
0.999966145 -0.001503184 -0.008085571 0.956884384 0.001609814 0.999911666 0.013197362 -1.583206892 0.008065019 -0.013209933 0.999880254 58.611587524
0.999969959 -0.000892815 -0.007696239 0.958561659 0.000997081 0.999907553 0.013554525 -1.599162579 0.007683428 -0.013561788 0.999878526 59.095474243
0.999968588 -0.000879438 -0.007871974 0.966249824 0.000986733 0.999906421 0.013636534 -1.603287220 0.007859247 -0.013643873 0.999876022 59.655082703
0.999967039 -0.000635781 -0.008094396 0.979533315 0.000745272 0.999908090 0.013530956 -1.617641568 0.008085052 -0.013536543 0.999875665 60.205696106
0.999963045 -0.001026729 -0.008531228 1.007567406 0.001146807 0.999900222 0.014082284 -1.634534001 0.008515918 -0.014091548 0.999864459 60.720882416
0.999967456 -0.000356221 -0.008059677 0.994837463 0.000467531 0.999904454 0.013813024 -1.635720491 0.008053986 -0.013816342 0.999872088 61.288887024
0.999968827 0.000035407 -0.007884122 0.996213555 0.000074512 0.999902725 0.013940969 -1.647626638 0.007883850 -0.013941121 0.999871731 61.790107727
0.999958992 -0.001385864 -0.008943385 1.015657902 0.001509161 0.999903679 0.013794424 -1.653211355 0.008923406 -0.013807354 0.999864817 62.331150055
0.999964595 -0.000769979 -0.008382306 1.042200565 0.000886147 0.999903500 0.013863890 -1.664009213 0.008370822 -0.013870828 0.999868751 62.716545105
0.999963880 0.000241030 -0.008492016 1.094524384 -0.000134655 0.999921560 0.012524742 -1.599867344 0.008494367 -0.012523146 0.999885499 63.705890656
0.999956608 -0.001531573 -0.009182928 1.053963423 0.001658649 0.999902785 0.013846709 -1.680312634 0.009160827 -0.013861341 0.999861896 63.808113098
0.999959648 -0.001304954 -0.008888679 1.044838428 0.001426189 0.999905884 0.013646695 -1.689286947 0.008870034 -0.013658823 0.999867380 64.346389771
0.999961972 -0.000760135 -0.008684240 1.113044739 0.000886748 0.999893248 0.014585149 -1.721627355 0.008672226 -0.014592296 0.999855876 64.931953430
0.999946535 -0.003990621 -0.009540148 1.091880560 0.004117085 0.999903321 0.013273226 -1.627129316 0.009486258 -0.013311791 0.999866426 65.653564453
0.999964118 -0.000038244 -0.008473758 1.124330997 0.000163914 0.999890029 0.014830245 -1.741068602 0.008472259 -0.014831100 0.999854147 66.023925781
0.999961972 -0.000532425 -0.008706943 1.159124851 0.000665243 0.999883294 0.015258483 -1.778363824 0.008697803 -0.015263693 0.999845684 66.495651245
0.999952137 -0.002579662 -0.009439374 1.160132527 0.002713375 0.999895751 0.014180164 -1.756196022 0.009401810 -0.014205097 0.999854922 67.215690613
0.999956906 -0.001519501 -0.009159156 1.171537399 0.001650892 0.999895573 0.014354894 -1.769448757 0.009136386 -0.014369397 0.999855042 67.769447327
0.999955714 -0.001738388 -0.009247389 1.177273631 0.001867958 0.999899924 0.014021350 -1.773144484 0.009222089 -0.014038001 0.999858916 68.321495056
0.999956787 -0.001287711 -0.009205472 1.190782905 0.001418947 0.999897182 0.014264023 -1.789246559 0.009186158 -0.014276468 0.999855936 68.851791382
0.999949157 -0.002070376 -0.009868057 1.223979712 0.002212653 0.999893427 0.014428911 -1.784581780 0.009837134 -0.014450012 0.999847174 69.457496643
0.999952614 -0.001840671 -0.009564579 1.196569204 0.001982386 0.999888062 0.014828430 -1.782684684 0.009536215 -0.014846687 0.999844313 69.940040588
0.999953091 -0.001997024 -0.009472700 1.241122007 0.002137478 0.999887586 0.014840405 -1.808496594 0.009442000 -0.014859959 0.999844968 70.532562256
0.999951065 -0.002310893 -0.009622054 1.223639369 0.002452136 0.999888957 0.014693232 -1.850717783 0.009587032 -0.014716106 0.999845743 70.950782776
0.999947906 -0.002614621 -0.009864284 1.262097001 0.002765181 0.999879420 0.015280577 -1.817662835 0.009823141 -0.015307059 0.999834478 71.625778198
0.999961615 -0.000619133 -0.008744729 1.216742396 0.000747227 0.999892294 0.014652393 -1.859467983 0.008734714 -0.014658364 0.999854386 72.079727173
0.999959767 -0.001415261 -0.008855938 1.210629344 0.001542396 0.999895632 0.014365532 -1.850483418 0.008834682 -0.014378613 0.999857545 72.572113037
0.999958456 -0.001796173 -0.008942856 1.241387367 0.001926724 0.999891341 0.014611231 -1.867396951 0.008915640 -0.014627854 0.999853253 73.176612854
0.999961197 -0.001365343 -0.008700231 1.208056808 0.001495268 0.999887228 0.014944516 -1.883171082 0.008678845 -0.014956944 0.999850452 73.633689880
0.999960482 -0.001457431 -0.008767853 1.215099931 0.001585964 0.999891162 0.014670490 -1.890825033 0.008745516 -0.014683815 0.999853909 74.189445496
0.999959230 -0.001824830 -0.008835603 1.230042219 0.001956588 0.999886632 0.014926680 -1.902824044 0.008807361 -0.014943359 0.999849558 74.716911316
0.999962389 -0.001121198 -0.008597890 1.212752819 0.001248628 0.999889255 0.014830147 -1.905830264 0.008580312 -0.014840324 0.999853075 75.226020813
0.999953806 -0.002208819 -0.009356557 1.237807989 0.002344176 0.999892414 0.014480379 -1.893996954 0.009323565 -0.014501644 0.999851346 75.829597473
0.999967337 -0.000420684 -0.008073623 1.224074841 0.000543740 0.999883711 0.015245673 -1.933401465 0.008066271 -0.015249565 0.999851167 76.302795410
0.999960899 -0.001501533 -0.008718014 1.221876621 0.001634686 0.999881804 0.015286265 -1.938006639 0.008694032 -0.015299916 0.999845088 76.791511536
0.999964356 -0.001056730 -0.008367672 1.244419694 0.001184696 0.999882162 0.015302804 -1.950280905 0.008350515 -0.015312171 0.999847949 77.409774780
0.999962568 -0.001353838 -0.008545003 1.234607220 0.001484894 0.999881089 0.015349549 -1.956718206 0.008523207 -0.015361664 0.999845624 77.874549866
0.999964058 -0.001342774 -0.008368563 1.243668318 0.001472004 0.999879479 0.015455331 -1.962034822 0.008346802 -0.015467094 0.999845564 78.449020386
0.999958813 -0.002296723 -0.008791460 1.251782894 0.002432313 0.999877810 0.015443376 -1.973980427 0.008754918 -0.015464121 0.999842048 78.984199524
0.999964952 -0.001735626 -0.008187325 1.256138563 0.001861646 0.999879539 0.015409580 -1.974960089 0.008159595 -0.015424281 0.999847710 79.550071716
0.999974430 -0.001701780 -0.006947796 1.265077829 0.001806987 0.999883354 0.015164372 -1.978876114 0.006921180 -0.015176537 0.999860823 80.101089478
0.999983430 -0.001735244 -0.005512269 1.272742629 0.001818130 0.999884963 0.015067239 -1.984510064 0.005485489 -0.015077012 0.999871314 80.651847839
0.999987125 -0.002320086 -0.004512163 1.291277409 0.002387330 0.999885321 0.014955145 -1.989396811 0.004476949 -0.014965725 0.999877989 81.203910828
0.999997973 -0.001820142 -0.000817286 1.306339979 0.001832160 0.999886513 0.014952656 -1.996701598 0.000789977 -0.014954126 0.999887884 81.742897034
0.999993324 -0.002706164 0.002461946 1.327014685 0.002668337 0.999880254 0.015240720 -2.006026745 -0.002502895 -0.015234049 0.999880850 82.287010193
0.999980867 -0.002769017 0.005530130 1.360980272 0.002683889 0.999878645 0.015342170 -2.016022682 -0.005571943 -0.015327035 0.999867022 82.941192627
0.999941289 -0.002328967 0.010582861 1.365809202 0.002174330 0.999891043 0.014600062 -2.006902933 -0.010615711 -0.014576194 0.999837458 83.412315369
0.999856532 -0.002354585 0.016772436 1.394086480 0.002106362 0.999888241 0.014801830 -2.013992786 -0.016805414 -0.014764376 0.999749780 84.077720642
0.999754608 -0.002745842 0.021980913 1.426915765 0.002422002 0.999888361 0.014745858 -2.022325993 -0.022018949 -0.014689002 0.999649644 84.631690979
0.999612510 -0.002708210 0.027703952 1.464506865 0.002301347 0.999889195 0.014707460 -2.031281233 -0.027740713 -0.014638003 0.999507964 85.218254089
0.999365389 -0.002439617 0.035536628 1.503012776 0.001914004 0.999888301 0.014817248 -2.035445929 -0.035568807 -0.014739825 0.999258518 85.801811218
0.999044240 -0.002816066 0.043619420 1.550378323 0.002179111 0.999890387 0.014643218 -2.047021389 -0.043655869 -0.014534172 0.998940885 86.359863281
0.998740256 -0.003312317 0.050067525 1.628191948 0.002566339 0.999884844 0.014956382 -2.059037209 -0.050111298 -0.014809052 0.998633862 86.954505920
0.998251796 -0.003634675 0.058993176 1.662932396 0.002774595 0.999888897 0.014654674 -2.066956043 -0.059039876 -0.014465376 0.998150826 87.521751404
0.997586787 -0.002667524 0.069379225 1.728026867 0.001624986 0.999884963 0.015078763 -2.079174995 -0.069411457 -0.014929635 0.997476399 88.076431274
0.996951818 -0.003661679 0.077933788 1.794494152 0.002504467 0.999885261 0.014941225 -2.082009792 -0.077979565 -0.014700498 0.996846676 88.620407104
0.996319056 -0.004022565 0.085627995 1.870092392 0.002780908 0.999889314 0.014614951 -2.088799000 -0.085677303 -0.014323031 0.996220112 89.207328796
0.995330036 -0.003268931 0.096474849 1.950525284 0.001803071 0.999881566 0.015277497 -2.107944489 -0.096513391 -0.015032199 0.995218158 89.747642517
0.994267404 -0.003749690 0.106855467 2.039628983 0.002130877 0.999881268 0.015259707 -2.112734079 -0.106900007 -0.014944535 0.994157434 90.314102173
0.993250370 -0.004693039 0.115896337 2.131624222 0.002950319 0.999880075 0.015203849 -2.120631695 -0.115953811 -0.014759297 0.993144870 90.868721008
0.991921365 -0.004649350 0.126768872 2.230076790 0.002725225 0.999878526 0.015347430 -2.127721310 -0.126824826 -0.014877971 0.991813540 91.411445618
0.990275145 -0.004663631 0.139044419 2.338060379 0.002565301 0.999880135 0.015266477 -2.134480715 -0.139098987 -0.014761321 0.990168452 91.973068237
0.988688052 -0.004850850 0.149908051 2.441820145 0.002608617 0.999881744 0.015150418 -2.139897823 -0.149963826 -0.014587983 0.988583863 92.539367676
0.987055838 -0.004951421 0.160300538 2.556721687 0.002532938 0.999879897 0.015288003 -2.147849798 -0.160356984 -0.014684081 0.986949861 93.079910278
0.984862626 -0.005550179 0.173247188 2.674766541 0.002920275 0.999876678 0.015431275 -2.156802177 -0.173311487 -0.014691758 0.984757483 93.609954834
0.982625723 -0.005678123 0.185511395 2.796650887 0.002877231 0.999877810 0.015363949 -2.159587860 -0.185575947 -0.014563254 0.982522011 94.157112122
0.980675220 -0.006270063 0.195542365 2.924831390 0.003309535 0.999874890 0.015463145 -2.164383888 -0.195614889 -0.014517167 0.980573297 94.704124451
0.977942288 -0.006405753 0.208777487 3.062995911 0.003233476 0.999874115 0.015532302 -2.171467781 -0.208850726 -0.014514618 0.977839828 95.250122070
0.974996150 -0.006696795 0.222120881 3.214639664 0.003316933 0.999873042 0.015585877 -2.176531315 -0.222197115 -0.014459408 0.974894524 95.802085876
0.972476602 -0.007596483 0.232876822 3.365926743 0.004066188 0.999869525 0.015635815 -2.183536291 -0.232965246 -0.014258541 0.972380519 96.336395264
0.969332516 -0.007169961 0.245648250 3.527233124 0.003405058 0.999870181 0.015747715 -2.196194172 -0.245729282 -0.014428325 0.969231129 96.877128601
0.965805709 -0.007539617 0.259157419 3.688177109 0.003485278 0.999864399 0.016100222 -2.206500530 -0.259243667 -0.014646450 0.965700865 97.373329163
0.962286174 -0.007457520 0.271937490 3.871707916 0.003185931 0.999864519 0.016146118 -2.204233170 -0.272021025 -0.014670810 0.962179482 97.955444336
0.958996475 -0.007466231 0.283319712 4.050649643 0.002945313 0.999861479 0.016379561 -2.210620165 -0.283402771 -0.014873475 0.958885610 98.499473572
0.954862177 -0.007862509 0.296944976 4.248380661 0.003166039 0.999862254 0.016293569 -2.214105606 -0.297032267 -0.014617974 0.954755485 99.036346436
0.950485349 -0.008385794 0.310656190 4.445919037 0.003534227 0.999862909 0.016176771 -2.218513012 -0.310749263 -0.014277855 0.950384676 99.551445007
0.946737051 -0.008932109 0.321883619 4.639724731 0.003878632 0.999858975 0.016337594 -2.226590633 -0.321984172 -0.014218939 0.946638227 100.049827576
0.942454100 -0.009478292 0.334201097 4.854476929 0.004278253 0.999858141 0.016292265 -2.232532501 -0.334308088 -0.013924914 0.942360878 100.571571350
0.937355638 -0.010043802 0.348229080 5.074817657 0.004580420 0.999853194 0.016508808 -2.239672184 -0.348343790 -0.013879588 0.937264085 101.088714600
0.932789445 -0.010343767 0.360273331 5.299230576 0.004785094 0.999855399 0.016317565 -2.241815567 -0.360389978 -0.013496913 0.932704031 101.606590271
0.928526342 -0.010562710 0.371116519 5.518281937 0.004810102 0.999853551 0.016423030 -2.248907089 -0.371235669 -0.013464106 0.928441048 102.110481262
0.923076332 -0.011200639 0.384453595 5.759096146 0.005281897 0.999850690 0.016447691 -2.251071453 -0.384580493 -0.013151828 0.922997773 102.610916138
0.917414963 -0.011568820 0.397763729 5.997428894 0.005407976 0.999847472 0.016607091 -2.258638859 -0.397895187 -0.013084494 0.917337596 103.105621338
0.912585378 -0.012355761 0.408699334 6.250362396 0.006136005 0.999844611 0.016526109 -2.264351606 -0.408840090 -0.012573706 0.912519455 103.606353760
0.906211972 -0.012111332 0.422650218 6.504726410 0.005603714 0.999845922 0.016636247 -2.271217823 -0.422786564 -0.012707555 0.906140208 104.097000122
0.899760485 -0.012842469 0.436195016 6.785953522 0.006122303 0.999839962 0.016808551 -2.276440144 -0.436341137 -0.012453155 0.899695158 104.593032837
0.893791735 -0.013228763 0.448287100 7.052185059 0.006260121 0.999835432 0.017023340 -2.282952309 -0.448438466 -0.012408987 0.893727541 105.070129395
0.888157666 -0.013728922 0.459333688 7.320198059 0.006684125 0.999833763 0.016959531 -2.283390045 -0.459490091 -0.011992496 0.888101876 105.546272278
0.881153107 -0.014475176 0.472609401 7.600570679 0.007359947 0.999830067 0.016900795 -2.286890268 -0.472773790 -0.011413809 0.881109893 106.019485474
