1.000000000 0.000000000 0.000000000 0.000000000 0.000000000 1.000000000 0.000000000 0.000000000 0.000000000 0.000000000 1.000000000 0.000000000
1.000000000 -0.000043127 0.000098848 -0.003719053 0.000043146 1.000000000 -0.000195027 0.004775628 -0.000098840 0.000195031 1.000000000 0.004230323
1.000000000 -0.000103495 0.000039277 -0.002145047 0.000103500 1.000000000 -0.000132970 0.001922210 -0.000039263 0.000132975 1.000000000 0.000971391
1.000000000 0.000188605 0.000056769 0.001286597 -0.000188600 1.000000000 -0.000076248 0.002299703 -0.000056784 0.000076238 1.000000000 -0.004932356
1.000000000 0.000045270 -0.000043421 0.003471008 -0.000045272 1.000000000 -0.000041354 0.002287581 0.000043419 0.000041356 1.000000000 -0.002739975
1.000000000 0.000052135 0.000012745 0.001636390 -0.000052135 1.000000000 -0.000036474 0.003070306 -0.000012747 0.000036473 1.000000000 -0.002952264
1.000000000 -0.000053358 0.000037144 0.000996528 0.000053363 1.000000000 -0.000132511 0.002757879 -0.000037136 0.000132513 1.000000000 -0.002393885
1.000000000 -0.000035145 -0.000031958 0.000908552 0.000035143 1.000000000 -0.000041087 0.003024975 0.000031960 0.000041086 1.000000000 -0.001953525
1.000000000 -0.000078017 0.000101633 -0.005890651 0.000078038 1.000000000 -0.000208094 0.004252629 -0.000101617 0.000208102 1.000000000 0.004555344
1.000000000 0.000076605 0.000152752 -0.004154828 -0.000076581 1.000000000 -0.000160815 0.002735483 -0.000152765 0.000160803 1.000000000 0.001377574
1.000000000 0.000062186 0.000103956 -0.002272927 -0.000062169 1.000000000 -0.000161925 0.003257015 -0.000103966 0.000161919 1.000000000 -0.000612767
1.000000000 0.000014537 -0.000011494 0.002521289 -0.000014538 1.000000000 -0.000084635 0.002637034 0.000011493 0.000084636 1.000000000 -0.005944251
1.000000000 0.000136558 0.000179483 -0.004423861 -0.000136546 1.000000000 -0.000069114 0.001720234 -0.000179492 0.000069090 1.000000000 -0.001321420
1.000000000 -0.000164304 0.000051589 -0.001652634 0.000164308 1.000000000 -0.000079364 0.000276105 -0.000051576 0.000079372 1.000000000 -0.002598783
1.000000000 -0.000107661 -0.000033296 0.002632702 0.000107659 1.000000000 -0.000084982 0.002584145 0.000033305 0.000084978 1.000000000 -0.003316194
1.000000000 -0.000185191 -0.000138234 0.004417539 0.000185178 1.000000000 -0.000088757 0.004218820 0.000138250 0.000088731 1.000000000 -0.003299167
1.000000000 -0.000220702 0.000023456 -0.003134305 0.000220706 0.999999940 -0.000156656 0.002657959 -0.000023422 0.000156661 1.000000000 -0.001946697
1.000000000 -0.000054240 0.000132085 -0.002729560 0.000054248 1.000000000 -0.000061025 0.000918360 -0.000132082 0.000061032 1.000000000 -0.000442471
1.000000000 0.000093485 0.000040613 0.000425304 -0.000093481 1.000000000 -0.000084660 0.003881184 -0.000040621 0.000084656 1.000000000 -0.004318138
1.000000000 -0.000063500 -0.000003194 -0.000797421 0.000063500 1.000000000 -0.000066030 0.000699700 0.000003198 0.000066030 1.000000000 -0.003664154
1.000000000 -0.000044263 0.000073683 -0.002148014 0.000044268 1.000000000 -0.000058407 0.001892845 -0.000073680 0.000058410 1.000000000 -0.003905629
1.000000000 -0.000109801 0.000041071 -0.001145286 0.000109801 1.000000000 -0.000017475 -0.000022219 -0.000041069 0.000017479 1.000000000 -0.001058938
1.000000000 0.000015362 0.000145203 -0.006230916 -0.000015337 1.000000000 -0.000169026 0.003552324 -0.000145205 0.000169024 1.000000000 0.002898166
0.999999940 -0.000232739 -0.000103485 0.001218132 0.000232728 0.999999940 -0.000105348 0.001441206 0.000103510 0.000105324 1.000000000 0.000128863
1.000000000 -0.000203823 -0.000060855 0.001114937 0.000203822 1.000000000 -0.000005950 0.000738599 0.000060856 0.000005938 1.000000000 -0.000862369
1.000000000 0.000012643 -0.000043421 0.003368671 -0.000012650 1.000000000 -0.000173411 0.005052795 0.000043419 0.000173412 1.000000000 -0.006015650
1.000000000 -0.000052522 0.000087820 -0.001775401 0.000052531 1.000000000 -0.000103678 0.004038891 -0.000087815 0.000103683 1.000000000 -0.000563760
0.999999940 0.000146467 0.000195601 -0.005113528 -0.000146434 1.000000000 -0.000171169 0.003229172 -0.000195626 0.000171140 0.999999940 -0.002537712
1.000000000 -0.000087216 0.000055181 -0.002454204 0.000087217 1.000000000 -0.000004941 0.002824927 -0.000055180 0.000004946 1.000000000 0.002481553
1.000000000 -0.000209485 0.000015706 -0.003494165 0.000209488 0.999999940 -0.000178699 0.007687843 -0.000015669 0.000178702 1.000000000 0.005412187
1.000000000 -0.000220354 0.000034609 -0.002460662 0.000220357 1.000000000 -0.000087087 0.003062721 -0.000034589 0.000087095 1.000000000 0.004650457
1.000000000 -0.000210855 0.000047172 -0.001400324 0.000210853 1.000000000 0.000040878 0.000496754 -0.000047181 -0.000040868 1.000000000 0.001641827
1.000000000 -0.000181933 0.000051757 -0.003981481 0.000181935 1.000000000 -0.000046168 0.003490504 -0.000051749 0.000046178 1.000000000 0.002699476
1.000000000 -0.000088185 -0.000014831 -0.002242698 0.000088185 1.000000000 0.000009314 0.002771242 0.000014830 -0.000009315 1.000000000 -0.001564312
1.000000000 0.000031807 0.000047624 -0.001899222 -0.000031801 1.000000000 -0.000123919 0.003488603 -0.000047628 0.000123918 1.000000000 0.000698414
1.000000000 -0.000156120 0.000010328 -0.003512413 0.000156120 1.000000000 -0.000040351 0.003846468 -0.000010322 0.000040352 1.000000000 0.002200238
1.000000000 -0.000059381 0.000023867 -0.004944613 0.000059383 1.000000000 -0.000087567 0.005848240 -0.000023862 0.000087568 1.000000000 0.002936824
1.000000000 -0.000046592 0.000086423 -0.002797987 0.000046607 1.000000000 -0.000178504 0.006248196 -0.000086415 0.000178509 1.000000000 0.002076827
1.000000000 -0.000131354 0.000094449 -0.003496844 0.000131360 1.000000000 -0.000069546 0.003256521 -0.000094440 0.000069558 1.000000000 0.002280131
1.000000000 -0.000072175 0.000040966 -0.002026882 0.000072170 1.000000000 0.000106084 0.001285159 -0.000040974 -0.000106081 1.000000000 -0.001327437
1.000000000 -0.000217575 -0.000009700 -0.003352635 0.000217575 1.000000000 0.000005896 0.001230362 0.000009699 -0.000005899 1.000000000 0.000185252
1.000000000 0.000025150 0.000001896 0.005515507 -0.000025149 0.999999821 -0.000615849 -0.004402305 -0.000001911 0.000615849 0.999999821 0.044888724
1.000000000 -0.000091455 -0.000015746 0.002690037 0.000091433 0.999999046 -0.001381125 -0.001402492 0.000015873 0.001381123 0.999999046 0.144723296
1.000000000 0.000065579 -0.000191650 0.011879297 -0.000065862 0.999998927 -0.001475084 -0.008837232 0.000191553 0.001475097 0.999998868 0.263370186
1.000000000 -0.000183562 -0.000039263 0.003333258 0.000183503 0.999998868 -0.001497334 -0.010174838 0.000039537 0.001497327 0.999998868 0.397354633
1.000000000 0.000075463 -0.000101329 0.003132378 -0.000075580 0.999999344 -0.001151439 -0.019613145 0.000101242 0.001151447 0.999999344 0.540714502
1.000000000 0.000035140 0.000076439 0.014258349 -0.000035033 0.999998987 -0.001404459 -0.023032885 -0.000076489 0.001404457 0.999998987 0.695439637
0.999999881 -0.000453361 -0.000103886 0.023136383 0.000453306 0.999999762 -0.000531281 -0.035021793 0.000104127 0.000531234 0.999999881 0.842469275
1.000000000 -0.000098991 -0.000149921 0.023851797 0.000098883 0.999999762 -0.000722246 -0.034135122 0.000149993 0.000722232 0.999999702 1.037472248
0.999999940 0.000123490 0.000326188 0.009948576 -0.000123254 0.999999702 -0.000725738 -0.044718493 -0.000326277 0.000725697 0.999999702 1.220966458
0.999999881 -0.000397074 -0.000157784 0.035800520 0.000396987 0.999999762 -0.000555233 -0.046051621 0.000158004 0.000555170 0.999999821 1.418604970
0.999999583 -0.000555028 -0.000727621 0.048305705 0.000554937 0.999999821 -0.000126419 -0.061815817 0.000727691 0.000126015 0.999999702 1.599611282
0.999997616 -0.000464827 0.002118734 -0.033960119 0.000463538 0.999999642 0.000608769 -0.078436568 -0.002119016 -0.000607785 0.999997556 1.734191537
0.999997675 -0.000727914 0.002038145 -0.025002470 0.000725957 0.999999285 0.000960524 -0.083986938 -0.002038843 -0.000959043 0.999997437 1.936018944
0.999998033 -0.000128924 0.001974146 -0.023964820 0.000127149 0.999999583 0.000898869 -0.094183750 -0.001974261 -0.000898616 0.999997675 2.147898674
0.999998152 -0.000117067 0.001923096 -0.021500144 0.000115293 0.999999583 0.000922256 -0.096609406 -0.001923203 -0.000922032 0.999997735 2.376162529
0.999997735 0.000304669 0.002093408 -0.018250903 -0.000307340 0.999999106 0.001275990 -0.111129723 -0.002093018 -0.001276630 0.999997020 2.605719090
0.999996424 0.000338473 0.002626102 -0.021041738 -0.000342343 0.999998808 0.001473364 -0.121253341 -0.002625600 -0.001474258 0.999995530 2.822101355
0.999997914 -0.000880398 0.001829578 -0.004096379 0.000877512 0.999998391 0.001577299 -0.130069345 -0.001830963 -0.001575691 0.999997020 3.052192211
0.999997735 -0.000875911 0.001917496 -0.003113437 0.000873664 0.999998987 0.001172639 -0.133314237 -0.001918521 -0.001170961 0.999997497 3.301058054
0.999997795 -0.000819046 0.001911019 0.000132737 0.000815831 0.999998271 0.001682502 -0.141432777 -0.001912394 -0.001680939 0.999996781 3.535413027
0.999998450 -0.000149918 0.001774151 0.013095746 0.000147207 0.999998868 0.001527851 -0.146077558 -0.001774378 -0.001527587 0.999997258 3.783033133
0.999997973 -0.001174376 0.001640406 0.015147923 0.001171172 0.999997556 0.001952806 -0.166537389 -0.001642696 -0.001950882 0.999996722 4.067052364
0.999997973 -0.000898177 0.001767540 0.013573078 0.000894141 0.999997020 0.002282544 -0.174583957 -0.001769584 -0.002280959 0.999995887 4.319399357
0.999998152 -0.000763891 0.001753904 0.020294650 0.000759600 0.999996781 0.002445777 -0.184652939 -0.001755766 -0.002444440 0.999995470 4.572991848
0.999998391 -0.000541870 0.001716228 0.023814442 0.000537880 0.999997199 0.002324387 -0.191358596 -0.001717482 -0.002323460 0.999995828 4.814373016
0.999997377 -0.001425003 0.001758481 0.021903716 0.001420382 0.999995470 0.002626369 -0.207498804 -0.001762216 -0.002623864 0.999994993 5.073993206
0.999997437 -0.001673668 0.001534904 0.023906715 0.001669138 0.999994218 0.002948263 -0.220672876 -0.001539830 -0.002945694 0.999994457 5.332879543
0.999997675 -0.001097992 0.001846211 0.018769808 0.001092747 0.999995410 0.002839796 -0.227077752 -0.001849321 -0.002837772 0.999994218 5.595918179
0.999998271 -0.000901989 0.001613369 0.042294219 0.000897365 0.999995351 0.002864854 -0.235635132 -0.001615946 -0.002863402 0.999994576 5.896880150
0.999997854 -0.001395354 0.001509926 0.045365728 0.001390732 0.999994338 0.003057315 -0.241777480 -0.001514184 -0.003055208 0.999994159 6.145959377
0.999996424 -0.001252644 0.002327516 0.018411301 0.001244434 0.999992967 0.003525727 -0.275129974 -0.002331916 -0.003522818 0.999991059 6.441278934
0.999996662 -0.000672938 0.002519552 0.018708970 0.000664341 0.999994040 0.003411281 -0.282379866 -0.002521833 -0.003409596 0.999990940 6.730399132
0.999996364 -0.001599068 0.002167746 0.032130532 0.001591919 0.999993443 0.003295591 -0.280322313 -0.002173002 -0.003292129 0.999992192 7.028891087
0.999996066 -0.001339548 0.002465739 0.044748470 0.001330908 0.999992967 0.003502542 -0.294534504 -0.002470413 -0.003499247 0.999990821 7.323554516
0.999996424 -0.000889526 0.002536821 0.043217324 0.000880235 0.999992967 0.003661347 -0.308271885 -0.002540060 -0.003659101 0.999990046 7.648015976
0.999996066 -0.000931179 0.002663540 0.058567397 0.000920003 0.999990821 0.004194106 -0.330195993 -0.002667421 -0.004191639 0.999987602 7.971263409
0.999995768 -0.001322271 0.002569377 0.021751780 0.001311908 0.999991119 0.004031021 -0.338476479 -0.002574684 -0.004027634 0.999988556 8.273478508
0.999996483 -0.001031309 0.002437653 0.031212751 0.001022481 0.999992907 0.003620069 -0.345093817 -0.002441369 -0.003617565 0.999990404 8.604206085
0.999996662 -0.001172263 0.002287410 0.039714701 0.001164057 0.999992847 0.003585737 -0.352832705 -0.002291596 -0.003583062 0.999990940 8.943306923
0.999995470 -0.000719034 0.002911879 0.044205096 0.000707371 0.999991715 0.004004145 -0.367846966 -0.002914734 -0.004002067 0.999987721 9.284791946
0.999995649 -0.001961309 0.002226040 0.065851815 0.001951433 0.999988258 0.004429972 -0.374892175 -0.002234702 -0.004425609 0.999987721 9.633198738
0.999996483 -0.001109362 0.002429622 0.073249698 0.001098969 0.999990225 0.004274938 -0.375958949 -0.002434340 -0.004272253 0.999987960 9.967465401
0.999996245 -0.001613585 0.002204079 0.084844097 0.001603838 0.999988973 0.004417123 -0.388839573 -0.002211182 -0.004413573 0.999987841 10.338940620
0.999993265 -0.002881748 0.002236377 0.042715050 0.002870595 0.999983609 0.004974117 -0.445608795 -0.002250674 -0.004967664 0.999985099 10.693000793
0.999991596 -0.003619434 0.001885029 0.051898770 0.003610934 0.999983430 0.004492862 -0.447253138 -0.001901259 -0.004486018 0.999988079 11.081353188
0.999991834 -0.003317044 0.002283096 0.052550651 0.003305761 0.999982357 0.004928326 -0.462610185 -0.002299403 -0.004920739 0.999985218 11.461445808
0.999989927 -0.003932307 0.002141360 0.073288493 0.003923299 0.999983430 0.004195183 -0.461805880 -0.002157822 -0.004186739 0.999988914 11.816914558
0.999992669 -0.003018320 0.002354446 0.081350744 0.003008063 0.999985933 0.004347775 -0.471430093 -0.002367536 -0.004340660 0.999987781 12.219006538
0.999993503 -0.002694685 0.002375751 0.096386373 0.002683162 0.999984682 0.004840197 -0.481077850 -0.002388758 -0.004833791 0.999985456 12.621550560
0.999991059 -0.003725825 0.001975052 0.109964833 0.003715686 0.999979973 0.005112712 -0.489073336 -0.001994061 -0.005105328 0.999984920 13.017424583
0.999986827 -0.004841651 0.001685584 0.107391052 0.004832260 0.999972999 0.005531034 -0.540867150 -0.001712318 -0.005522816 0.999983311 13.428683281
0.999989808 -0.003602497 0.002744275 0.109479032 0.003586769 0.999977171 0.005714682 -0.551124275 -0.002764799 -0.005704780 0.999979973 13.847576141
0.999989450 -0.003984164 0.002273842 0.124018312 0.003969892 0.999972582 0.006247180 -0.560922027 -0.002298670 -0.006238088 0.999977887 14.268803596
0.999986291 -0.004735912 0.002235444 0.136132926 0.004721282 0.999967635 0.006505201 -0.586236715 -0.002266180 -0.006494557 0.999976337 14.693669319
0.999983668 -0.005318851 0.002075479 0.158879355 0.005305336 0.999964952 0.006463820 -0.587833345 -0.002109786 -0.006452703 0.999976933 15.118473053
0.999980390 -0.005840152 0.002231960 0.158350900 0.005825177 0.999960840 0.006657763 -0.620152116 -0.002270755 -0.006644632 0.999975324 15.560438156
0.999981523 -0.005574647 0.002435193 0.170023352 0.005560386 0.999967575 0.005823879 -0.623764515 -0.002467580 -0.005810231 0.999980092 15.994913101
0.999979615 -0.005829004 0.002619553 0.176615685 0.005810303 0.999957979 0.007090699 -0.651748538 -0.002660775 -0.007075333 0.999971390 16.420825958
0.999979973 -0.005677981 0.002798177 0.183867082 0.005658929 0.999961078 0.006770330 -0.648738682 -0.002836510 -0.006754359 0.999973118 16.881162643
0.999971807 -0.007190688 0.002150503 0.216351867 0.007176516 0.999953032 0.006526469 -0.652916968 -0.002197331 -0.006510851 0.999976397 17.379793167
0.999979317 -0.005753383 0.002878272 0.197354883 0.005733780 0.999960721 0.006772998 -0.667286277 -0.002917126 -0.006756355 0.999972939 17.847406387
0.999972045 -0.006651720 0.003416955 0.206496805 0.006627902 0.999953985 0.006935415 -0.704140246 -0.003462930 -0.006912574 0.999970138 18.331613541
0.999968946 -0.007065423 0.003494726 0.224317223 0.007040677 0.999950409 0.007043329 -0.711525977 -0.003544317 -0.007018504 0.999969065 18.802253723
0.999962330 -0.008164954 0.002958270 0.244854242 0.008142749 0.999939203 0.007442146 -0.728218555 -0.003018855 -0.007417777 0.999967933 19.265087128
0.999968648 -0.007330294 0.002974623 0.261429906 0.007308214 0.999946177 0.007367116 -0.734902084 -0.003028466 -0.007345147 0.999968469 19.752737045
0.999975324 -0.005867215 0.003875152 0.256826699 0.005839275 0.999957144 0.007182322 -0.745231450 -0.003917126 -0.007159516 0.999966681 20.284769058
0.999963284 -0.007854517 0.003427962 0.270537585 0.007827838 0.999939501 0.007727752 -0.779555202 -0.003488452 -0.007700634 0.999964178 20.740606308
0.999965429 -0.007804868 0.002906545 0.284563273 0.007782434 0.999940395 0.007651160 -0.794224620 -0.002966089 -0.007628274 0.999966502 21.243652344
0.999967933 -0.007666572 0.002333697 0.299764723 0.007649547 0.999944627 0.007218816 -0.801293969 -0.002388912 -0.007200732 0.999971211 21.759481430
0.999966979 -0.007745719 0.002455683 0.295844406 0.007725664 0.999937475 0.008073466 -0.811867535 -0.002518065 -0.008054227 0.999964356 22.262516022
0.999968946 -0.007620320 0.001989045 0.321041673 0.007603463 0.999936223 0.008348965 -0.825054884 -0.002052540 -0.008333582 0.999963164 22.771697998
0.999968886 -0.007682938 0.001802151 0.285960674 0.007667779 0.999936402 0.008272846 -0.840835810 -0.001865596 -0.008258770 0.999964118 23.203338623
0.999964178 -0.008427317 0.000780709 0.298072577 0.008420257 0.999927163 0.008643342 -0.860728323 -0.000853493 -0.008636458 0.999962330 23.727443695
0.999968112 -0.007950623 0.000719730 0.296925217 0.007944505 0.999935389 0.008135992 -0.868491590 -0.000784369 -0.008130013 0.999966621 24.281740189
0.999968410 -0.007954366 0.000159472 0.303804338 0.007952710 0.999931812 0.008553288 -0.885978818 -0.000227498 -0.008551748 0.999963403 24.844707489
0.999968529 -0.007925017 -0.000441658 0.296188176 0.007928941 0.999921143 0.009736491 -0.935536504 0.000364461 -0.009739688 0.999952435 25.281055450
0.999963224 -0.008474682 -0.001339883 0.305102080 0.008487561 0.999914825 0.009918497 -0.946172357 0.001255713 -0.009929504 0.999949932 25.808835983
0.999960601 -0.008641748 -0.002045219 0.315884233 0.008661435 0.999914229 0.009821043 -0.951962590 0.001960172 -0.009838372 0.999949694 26.364532471
0.999952316 -0.009535344 -0.002094218 0.307255298 0.009556551 0.999900579 0.010360984 -0.963732481 0.001995214 -0.010380503 0.999944150 26.896633148
0.999942482 -0.010264494 -0.003083490 0.322349727 0.010296821 0.999890208 0.010658321 -0.986278057 0.002973748 -0.010689460 0.999938488 27.424255371
0.999957263 -0.008739718 -0.003004349 0.332033634 0.008771275 0.999904692 0.010655975 -0.996901393 0.002910932 -0.010681872 0.999938786 28.037948608
0.999941707 -0.010050089 -0.003947810 0.337324172 0.010090984 0.999894083 0.010479427 -1.008355141 0.003842073 -0.010518652 0.999937296 28.591581345
0.999947727 -0.009596712 -0.003522958 0.332630962 0.009635784 0.999890327 0.011246643 -1.035909057 0.003414641 -0.011280001 0.999930620 29.153251648
0.999957621 -0.008429650 -0.003694323 0.310987651 0.008470845 0.999900460 0.011280994 -1.064098001 0.003598861 -0.011311810 0.999929547 29.578365326
0.999960899 -0.007807555 -0.004144144 0.318938196 0.007852383 0.999909580 0.010913694 -1.069505095 0.004058560 -0.010945809 0.999931872 30.123207092
0.999946415 -0.009171603 -0.004786875 0.338290542 0.009224702 0.999894798 0.011190915 -1.084457397 0.004683732 -0.011234471 0.999925911 30.687690735
0.999944508 -0.008946165 -0.005548444 0.368925810 0.009011263 0.999889493 0.011820757 -1.096488953 0.005442081 -0.011870102 0.999914706 31.247077942
0.999948263 -0.008764557 -0.005160437 0.338659585 0.008827376 0.999885619 0.012279069 -1.142387986 0.005052226 -0.012323985 0.999911308 31.667089462
0.999949276 -0.008800740 -0.004890871 0.336811990 0.008858250 0.999890387 0.011864218 -1.146416187 0.004785920 -0.011906940 0.999917686 32.225368500
0.999940574 -0.009320825 -0.005647840 0.349166334 0.009392949 0.999872863 0.012881154 -1.169217110 0.005527059 -0.012933440 0.999901116 32.760524750
0.999946594 -0.008787811 -0.005437759 0.349466264 0.008855528 0.999881864 0.012556831 -1.184654593 0.005326771 -0.012604316 0.999906421 33.316146851
0.999943733 -0.008863247 -0.005825921 0.342099369 0.008936921 0.999878824 0.012744023 -1.190631270 0.005712262 -0.012795370 0.999901831 33.830680847
0.999945819 -0.008622141 -0.005837123 0.350354254 0.008694743 0.999883652 0.012528851 -1.198040962 0.005728419 -0.012578923 0.999904513 34.370018005
0.999931633 -0.009625880 -0.006626336 0.350784302 0.009713807 0.999863446 0.013367635 -1.203535318 0.006496756 -0.013431087 0.999888659 34.877525330
0.999932468 -0.009803792 -0.006245143 0.325337052 0.009886543 0.999861836 0.013360601 -1.207789540 0.006113296 -0.013421440 0.999891281 35.425464630
0.999930739 -0.009724585 -0.006627471 0.336288780 0.009818611 0.999849379 0.014305557 -1.256081581 0.006487358 -0.014369640 0.999875724 35.981800079
0.999939680 -0.008830715 -0.006520306 0.319837391 0.008923288 0.999857843 0.014307648 -1.276669383 0.006393032 -0.014364969 0.999876440 36.547561646
0.999937952 -0.008811242 -0.006813565 0.365657926 0.008901806 0.999870837 0.013377467 -1.260567188 0.006694813 -0.013437289 0.999887288 36.968555450
0.999927282 -0.009843914 -0.006967203 0.376092732 0.009934535 0.999864876 0.013093897 -1.263890505 0.006837366 -0.013162159 0.999890029 37.522460938
0.999930620 -0.009166454 -0.007390989 0.388193786 0.009265228 0.999866724 0.013442561 -1.278801918 0.007266784 -0.013510106 0.999882281 38.064777374
0.999922872 -0.010072544 -0.007271262 0.367071360 0.010175345 0.999846816 0.014242353 -1.315525413 0.007126692 -0.014315240 0.999872148 38.561485291
0.999916315 -0.010432267 -0.007643158 0.374803245 0.010541767 0.999840319 0.014429219 -1.318807125 0.007491408 -0.014508585 0.999866664 39.105163574
0.999921620 -0.009950644 -0.007601466 0.388629943 0.010064253 0.999835908 0.015056364 -1.349917412 0.007450399 -0.015131687 0.999857664 39.594547272
0.999926805 -0.009394079 -0.007631090 0.398753881 0.009503158 0.999851286 0.014385660 -1.347524166 0.007494816 -0.014457126 0.999867380 40.130836487
0.999930680 -0.009032239 -0.007559888 0.413340420 0.009142027 0.999851346 0.014616219 -1.366351366 0.007426747 -0.014684319 0.999864578 40.679767609
0.999923825 -0.009287830 -0.008137339 0.423995674 0.009410433 0.999840796 0.015160151 -1.384932280 0.007995237 -0.015235571 0.999851942 41.255119324
0.999909043 -0.010666265 -0.008256671 0.421369791 0.010792363 0.999823451 0.015381673 -1.388530135 0.008091149 -0.015469385 0.999847531 41.796672821
0.999893904 -0.011033072 -0.009510268 0.450931847 0.011187081 0.999804556 0.016295955 -1.419040680 0.009328617 -0.016400618 0.999821901 42.362430573
0.999880850 -0.012313042 -0.009313638 0.457985908 0.012469168 0.999779522 0.016895212 -1.406591415 0.009103553 -0.017009333 0.999813795 42.947784424
0.999896169 -0.011068935 -0.009237264 0.460416377 0.011222576 0.999796629 0.016750000 -1.441283584 0.009049983 -0.016851922 0.999816954 43.450622559
0.999886453 -0.012017183 -0.009094891 0.445286781 0.012172034 0.999778569 0.017166706 -1.457097769 0.008886582 -0.017275460 0.999811232 43.814289093
0.999880493 -0.012415712 -0.009214617 0.453786850 0.012572831 0.999773145 0.017193573 -1.461418390 0.008999058 -0.017307373 0.999809682 44.364810944
0.999880731 -0.012337938 -0.009289582 0.456338048 0.012489540 0.999786735 0.016442299 -1.454821587 0.009084737 -0.016556358 0.999821663 44.904834747
0.999859631 -0.013570702 -0.009826045 0.488697201 0.013741598 0.999751687 0.017538648 -1.465457201 0.009585595 -0.017671203 0.999797881 45.439670563
0.999878049 -0.012521600 -0.009330624 0.497853428 0.012677895 0.999777079 0.016884234 -1.470229983 0.009117127 -0.017000465 0.999813914 45.970176697
0.999889791 -0.011910683 -0.008858114 0.448783726 0.012061639 0.999779522 0.017187692 -1.495411158 0.008651445 -0.017292639 0.999813080 46.588375092
0.999892116 -0.011460937 -0.009189253 0.468480974 0.011624735 0.999770820 0.017974202 -1.545906305 0.008981146 -0.018079082 0.999796212 46.947830200
0.999907315 -0.010909809 -0.008146960 0.461580038 0.011053423 0.999780476 0.017796122 -1.553253293 0.007951020 -0.017884525 0.999808371 47.498149872
0.999882400 -0.012424367 -0.009003515 0.473556638 0.012590185 0.999747694 0.018600518 -1.576947570 0.008770145 -0.018711682 0.999786496 48.043991089
0.999913037 -0.010147915 -0.008424914 0.474724889 0.010300827 0.999779284 0.018309541 -1.568069935 0.008237251 -0.018394733 0.999796867 48.606681824
0.999885499 -0.012025137 -0.009185828 0.501003802 0.012189729 0.999762237 0.018077191 -1.581926346 0.008966262 -0.018187093 0.999794364 49.151767731
0.999890924 -0.011806254 -0.008875564 0.476663381 0.011968084 0.999758899 0.018406849 -1.599170566 0.008656106 -0.018511068 0.999791205 49.551620483
0.999902070 -0.010981794 -0.008679093 0.474876851 0.011145060 0.999757528 0.018992249 -1.605049849 0.008468417 -0.019087119 0.999781966 50.109489441
0.999912918 -0.010239427 -0.008316154 0.479575932 0.010391460 0.999775887 0.018449232 -1.607006431 0.008125380 -0.018534042 0.999795198 50.650276184
0.999886990 -0.011709605 -0.009426873 0.486764759 0.011890572 0.999741554 0.019375678 -1.624498606 0.009197555 -0.019485576 0.999767959 51.105812073
0.999896884 -0.010996363 -0.009235249 0.491481334 0.011169024 0.999759793 0.018857257 -1.623731017 0.009025669 -0.018958459 0.999779582 51.658260345
0.999893069 -0.011527250 -0.008996228 0.512305140 0.011695017 0.999754369 0.018824531 -1.624335527 0.008777023 -0.018927727 0.999782324 52.190917969
0.999895573 -0.011459770 -0.008801147 0.474426776 0.011631734 0.999737442 0.019742815 -1.658907652 0.008572589 -0.019843128 0.999766350 52.679588318
0.999898732 -0.011163314 -0.008824687 0.479819119 0.011336899 0.999738276 0.019871535 -1.666875958 0.008600545 -0.019969568 0.999763608 53.228866577
0.999902427 -0.011026021 -0.008576290 0.475343794 0.011186948 0.999757886 0.018948196 -1.650780678 0.008365290 -0.019042293 0.999783635 53.744621277
0.999895394 -0.010906601 -0.009489191 0.524326384 0.011085015 0.999758899 0.018957209 -1.657402992 0.009280143 -0.019060418 0.999775290 54.274898529
0.999888003 -0.011362196 -0.009730433 0.520252049 0.011537199 0.999769151 0.018121995 -1.638022900 0.009522281 -0.018232232 0.999788463 54.848594666
0.999889493 -0.011893757 -0.008919349 0.489213079 0.012066291 0.999736071 0.019546047 -1.673132062 0.008684518 -0.019651510 0.999769151 55.201019287
0.999895871 -0.011578827 -0.008613195 0.498000890 0.011743833 0.999743521 0.019359946 -1.681760788 0.008386821 -0.019459086 0.999775469 55.751056671
0.999897122 -0.011454060 -0.008639678 0.506995320 0.011621009 0.999741733 0.019527240 -1.680804849 0.008413781 -0.019625636 0.999772012 56.301830292
0.999898255 -0.011521650 -0.008412817 0.499538422 0.011682097 0.999745905 0.019278236 -1.696396112 0.008188562 -0.019374553 0.999778807 56.850391388
0.999889314 -0.011920840 -0.008901187 0.506445169 0.012094379 0.999732733 0.019704016 -1.702186465 0.008663920 -0.019809488 0.999766231 57.221824646
0.999880612 -0.012283890 -0.009371064 0.518748641 0.012466135 0.999729335 0.019643862 -1.702602863 0.009127223 -0.019758338 0.999763191 57.755588531
0.999886811 -0.012019530 -0.009046043 0.519904256 0.012193167 0.999737680 0.019390946 -1.704611421 0.008810600 -0.019499049 0.999771059 58.298873901
0.999882877 -0.012313094 -0.009085357 0.529694378 0.012487105 0.999734819 0.019351613 -1.712480187 0.008844667 -0.019462798 0.999771476 58.840267181
0.999902546 -0.010711614 -0.008957495 0.523511231 0.010886785 0.999745846 0.019741297 -1.720211267 0.008743758 -0.019836888 0.999764979 59.342735291
0.999885082 -0.012123399 -0.009103430 0.524671316 0.012304905 0.999721169 0.020154206 -1.731632590 0.008856555 -0.020263907 0.999755442 59.760044098
0.999881864 -0.012223607 -0.009325733 0.547007143 0.012410034 0.999718904 0.020201888 -1.737950444 0.009076171 -0.020315232 0.999752462 60.287700653
0.999885321 -0.012185061 -0.008995677 0.529454887 0.012364584 0.999719918 0.020178298 -1.733106256 0.008747283 -0.020287214 0.999755859 60.855430603
0.999891877 -0.011643586 -0.008980528 0.563317418 0.011821367 0.999729991 0.020004021 -1.740139604 0.008745184 -0.020108022 0.999759555 61.350757599
0.999898076 -0.011366589 -0.008631641 0.523968399 0.011542420 0.999721110 0.020601634 -1.759116173 0.008395065 -0.020699169 0.999750495 61.801197052
0.999887824 -0.011967097 -0.009001690 0.540374398 0.012151851 0.999710619 0.020757733 -1.771378994 0.008750676 -0.020864794 0.999743998 62.351299286
0.999898076 -0.011556428 -0.008379925 0.520750165 0.011728949 0.999714077 0.020839183 -1.794005275 0.008136703 -0.020935353 0.999747694 62.879932404
0.999889672 -0.011856085 -0.008940823 0.543365538 0.012042996 0.999703765 0.021149710 -1.803337932 0.008687422 -0.021255052 0.999736369 63.430473328
0.999887407 -0.012057429 -0.008925131 0.571741104 0.012237793 0.999716163 0.020437567 -1.788998604 0.008676175 -0.020544492 0.999751270 64.016532898
0.999885142 -0.012269887 -0.008886912 0.518825114 0.012459412 0.999689102 0.021594541 -1.819760084 0.008619186 -0.021702791 0.999727309 64.356964111
0.999887586 -0.012133112 -0.008798925 0.553687036 0.012320412 0.999691784 0.021554586 -1.828308940 0.008534688 -0.021660574 0.999728978 64.908004761
0.999882817 -0.012567625 -0.008743113 0.555108547 0.012740798 0.999718010 0.020041520 -1.800705314 0.008488770 -0.020150565 0.999760926 65.483070374
0.999909937 -0.011308515 -0.007223822 0.525514901 0.011458792 0.999711514 0.021112040 -1.817120790 0.006982990 -0.021192918 0.999751031 65.993103027
0.999897897 -0.011628405 -0.008302070 0.594995975 0.011794658 0.999725103 0.020265745 -1.796456099 0.008064128 -0.020361597 0.999760151 66.564674377
0.999888599 -0.012188696 -0.008612734 0.538504481 0.012368884 0.999698997 0.021187114 -1.835923314 0.008351898 -0.021291282 0.999738395 66.905960083
0.999890327 -0.012157985 -0.008445342 0.529766321 0.012334178 0.999700546 0.021133974 -1.841893554 0.008185866 -0.021235824 0.999740958 67.470947266
0.999907553 -0.010922503 -0.008089472 0.544456363 0.011089406 0.999720335 0.020883085 -1.862137794 0.007859114 -0.020970862 0.999749243 67.971000671
0.999887466 -0.012176583 -0.008756153 0.561479509 0.012356379 0.999707639 0.020781713 -1.858865619 0.008500542 -0.020887572 0.999745727 68.533943176
0.999897838 -0.011658987 -0.008267135 0.569319606 0.011836070 0.999694347 0.021704858 -1.865072727 0.008011552 -0.021800496 0.999730229 68.907073975
0.999902785 -0.011075677 -0.008471986 0.592174113 0.011255211 0.999706745 0.021445828 -1.879600644 0.008231973 -0.021539100 0.999734104 69.447639465
0.999891341 -0.011972987 -0.008602392 0.611530721 0.012156142 0.999693632 0.021564152 -1.869319439 0.008341569 -0.021666382 0.999730468 69.984115601
0.999891579 -0.012019560 -0.008495498 0.609641135 0.012201412 0.999690294 0.021688065 -1.895311832 0.008232188 -0.021789372 0.999728620 70.491798401
0.999896884 -0.011730943 -0.008282304 0.608381391 0.011912028 0.999683380 0.022164268 -1.896011353 0.008019676 -0.022260640 0.999720037 70.993385315
0.999877393 -0.012852021 -0.008945799 0.588235378 0.013042337 0.999682724 0.021551488 -1.887567878 0.008665981 -0.021665521 0.999727726 71.689414978
0.999897718 -0.011691576 -0.008235206 0.567676365 0.011869421 0.999689937 0.021888701 -1.887326002 0.007976739 -0.021984210 0.999726474 72.128196716
0.999895930 -0.011889255 -0.008159982 0.573337257 0.012065391 0.999687612 0.021886684 -1.893106103 0.007897215 -0.021982860 0.999727130 72.684532166
0.999900877 -0.011603595 -0.007975971 0.592314184 0.011775632 0.999691367 0.021871908 -1.894488335 0.007719717 -0.021963660 0.999728918 73.190399170
0.999906838 -0.010852009 -0.008272516 0.658389628 0.011034057 0.999690652 0.022287831 -1.920206904 0.008028087 -0.022377033 0.999717295 73.611686707
0.999913216 -0.010521342 -0.007927807 0.680324137 0.010699126 0.999684393 0.022726970 -1.952882051 0.007686188 -0.022809815 0.999710262 74.082359314
0.999885678 -0.012473283 -0.008542207 0.601022601 0.012656857 0.999682546 0.021784365 -1.904100657 0.008267772 -0.021889994 0.999726117 74.801948547
0.999882102 -0.012683755 -0.008649868 0.599867344 0.012872388 0.999672592 0.022112265 -1.913842678 0.008366568 -0.022221003 0.999718010 75.342956543
0.999887526 -0.012445770 -0.008375573 0.596889555 0.012620617 0.999696434 0.021157229 -1.901209474 0.008109711 -0.021260552 0.999741018 75.878105164
0.999879837 -0.012644068 -0.008970681 0.622471154 0.012832147 0.999692261 0.021227712 -1.914085150 0.008699516 -0.021340273 0.999734402 76.435646057
0.999858618 -0.013999315 -0.009312907 0.635460079 0.014196391 0.999669313 0.021443482 -1.896855474 0.009009632 -0.021572663 0.999726653 76.915557861
0.999889553 -0.011654563 -0.009225708 0.686905742 0.011862481 0.999669313 0.022812342 -1.960170984 0.008956788 -0.022919258 0.999697208 77.395454407
0.999883831 -0.012625443 -0.008538118 0.719279468 0.012810510 0.999676287 0.021979772 -1.946502209 0.008257847 -0.022086592 0.999721944 77.854560852
0.999916136 -0.011274093 -0.006376115 0.575573564 0.011409175 0.999702513 0.021561874 -1.917852879 0.006131129 -0.021632813 0.999747157 78.471939087
0.999933600 -0.010753132 -0.004146958 0.575210810 0.010841425 0.999701619 0.021891268 -1.928639889 0.003910320 -0.021934772 0.999751747 79.024688721
0.999940097 -0.010350986 -0.003560892 0.588385582 0.010424882 0.999716580 0.021400236 -1.934154391 0.003338370 -0.021436075 0.999764681 79.613121033
0.999944389 -0.010250764 -0.002470705 0.578774333 0.010303044 0.999701202 0.022167478 -1.961031079 0.002242734 -0.022191700 0.999751210 80.161468506
0.999944568 -0.010441588 0.001375209 0.553722262 0.010410266 0.999723196 0.021094779 -1.942608714 -0.001595090 -0.021079293 0.999776542 80.731346130
0.999935389 -0.010446188 0.004474926 0.599798799 0.010353548 0.999741316 0.020247947 -1.893278003 -0.004685282 -0.020200308 0.999784946 81.261383057
0.999913394 -0.010851951 0.007437709 0.568899035 0.010688585 0.999708176 0.021663167 -1.919115305 -0.007670626 -0.021581793 0.999737680 81.676788330
0.999875963 -0.010666231 0.011590411 0.602062702 0.010413991 0.999712229 0.021609427 -1.922254324 -0.011817567 -0.021486044 0.999699295 82.226646423
0.999790549 -0.010329256 0.017668948 0.614492178 0.009957843 0.999730289 0.020981107 -1.916114569 -0.017880900 -0.020800769 0.999623716 82.786705017
0.999660730 -0.010644553 0.023774542 0.653488994 0.010134050 0.999717653 0.021490995 -1.926993370 -0.023996593 -0.021242773 0.999486327 83.301208496
0.999500632 -0.010572770 0.029775782 0.682252765 0.009935727 0.999720335 0.021461967 -1.932481647 -0.029994367 -0.021155410 0.999326169 83.794067383
0.999184728 -0.009213098 0.039306071 0.711283207 0.008403331 0.999750078 0.020717306 -1.915176630 -0.039487109 -0.020370116 0.999012470 84.341575623
0.998875558 -0.011063893 0.046098832 0.718145847 0.010047761 0.999702692 0.022216180 -1.939026594 -0.046330921 -0.021728009 0.998689830 84.910461426
0.998533905 -0.010916620 0.053015243 0.763501883 0.009762413 0.999710679 0.021981612 -1.935285807 -0.053239871 -0.021431828 0.998351753 85.479934692
0.998016894 -0.011777501 0.061833270 0.831101418 0.010393847 0.999689400 0.022651343 -1.948651314 -0.062080842 -0.021963738 0.997829378 85.972312927
0.997287929 -0.010726184 0.072814025 0.870086670 0.009134546 0.999712825 0.022156864 -1.948407054 -0.073030777 -0.021431647 0.997099340 86.594261169
0.996628940 -0.010733900 0.081335701 0.940295219 0.008911983 0.999701917 0.022729987 -1.968707919 -0.081555441 -0.021928502 0.996427596 87.128295898
0.995962322 -0.011286307 0.089059599 0.984763622 0.009303782 0.999700427 0.022644462 -1.954942107 -0.089288488 -0.021724440 0.995768785 87.607292175
0.994941711 -0.011024555 0.099846989 1.058938980 0.008826988 0.999709666 0.022424446 -1.947780490 -0.100065216 -0.021429664 0.994750023 88.168670654
0.993889213 -0.012824092 0.109634772 1.155257225 0.010398190 0.999688923 0.022670308 -1.966584563 -0.109891400 -0.021391768 0.993713319 88.674156189
0.992892861 -0.012767437 0.118324608 1.277270317 0.010108996 0.999683380 0.023040393 -1.974742889 -0.118581325 -0.021680498 0.992707670 89.198509216
0.991512716 -0.012045892 0.129449964 1.376413345 0.009130279 0.999691665 0.023093000 -1.978454828 -0.129688233 -0.021715095 0.991316974 89.800621033
0.989665508 -0.010895403 0.142980456 1.422655106 0.007615318 0.999695659 0.023468012 -1.980014086 -0.143192619 -0.022136640 0.989447296 90.355636597
0.987978816 -0.011588223 0.154154316 1.431674004 0.008158539 0.999705315 0.022862446 -1.926242113 -0.154373795 -0.021329938 0.987782240 90.820800781
0.986485720 -0.011719102 0.163426995 1.547978401 0.007993610 0.999693394 0.023435080 -1.930709839 -0.163651511 -0.021812009 0.986277044 91.364997864
0.984297991 -0.011598950 0.176133141 1.653123856 0.007528182 0.999689281 0.023762539 -1.935933352 -0.176354021 -0.022063456 0.984079480 91.900283813
0.982065797 -0.012130681 0.188148260 1.779876709 0.007858876 0.999694467 0.023433886 -1.937262535 -0.188375041 -0.021534977 0.981860995 92.439170837
0.980051637 -0.013199586 0.198304027 1.949947357 0.008661081 0.999680817 0.023736605 -1.986456156 -0.198554009 -0.021545576 0.979853034 92.913383484
0.977021396 -0.012559968 0.212770924 2.003040314 0.007811958 0.999701619 0.023141194 -1.900708914 -0.212998077 -0.020947283 0.976828039 93.501892090
0.973889172 -0.012803314 0.226662785 2.146009445 0.007663564 0.999693513 0.023541266 -1.904374838 -0.226894721 -0.021189535 0.973688722 94.024978638
0.971187234 -0.013565349 0.237931401 2.293891907 0.008199451 0.999689519 0.023527522 -1.910858870 -0.238176733 -0.020898720 0.970996976 94.550018311
0.968067229 -0.012704963 0.250368476 2.445352554 0.006910990 0.999687850 0.024007393 -1.913931370 -0.250595331 -0.021510476 0.967852950 95.073661804
0.964592099 -0.014245322 0.263361245 2.649299622 0.008038246 0.999664366 0.024631225 -1.942954540 -0.263623685 -0.021642124 0.964382768 95.530311584
0.960871279 -0.013815641 0.276650429 2.803661346 0.007470329 0.999684513 0.023977041 -1.914148808 -0.276894450 -0.020972179 0.960671544 96.188514709
0.957742810 -0.014594636 0.287255406 2.994359970 0.008134474 0.999686658 0.023669982 -1.915086269 -0.287510902 -0.020333085 0.957561553 96.704612732
0.953384578 -0.014732480 0.301397771 3.188299179 0.007812446 0.999677718 0.024152363 -1.916125298 -0.301656455 -0.020671835 0.953192532 97.249694824
0.948834479 -0.014136939 0.315456867 3.399860382 0.006738339 0.999676347 0.024532018 -1.917155027 -0.315701604 -0.021151168 0.948622763 97.787277222
0.944796443 -0.013641970 0.327373803 3.580440521 0.005845340 0.999675632 0.024787838 -1.929763794 -0.327605784 -0.021505851 0.944569647 98.319992065
0.940737128 -0.015298991 0.338791221 3.799940109 0.007509512 0.999676704 0.024290973 -1.917941332 -0.339053363 -0.020307265 0.940547943 98.799560547
0.935508311 -0.014239668 0.353017360 4.076950073 0.006138470 0.999691725 0.024057422 -1.873296261 -0.353251129 -0.020338932 0.935307324 99.383796692
0.931695044 -0.016945383 0.362845838 4.392961502 0.008677123 0.999664426 0.024405031 -1.868921995 -0.363137692 -0.019589586 0.931529462 99.748550415
0.926077962 -0.014195326 0.377064794 4.533021927 0.005527089 0.999695182 0.024060799 -1.885961056 -0.377291501 -0.020198109 0.925874293 100.417358398
0.920460105 -0.015403739 0.390533060 4.773609161 0.006240843 0.999674857 0.024720792 -1.878413439 -0.390786856 -0.020317245 0.920256972 100.881507874
0.914569259 -0.014365271 0.404173940 5.004863739 0.004688967 0.999678314 0.024920626 -1.898040056 -0.404401988 -0.020896481 0.914342582 101.373863220
0.910187960 -0.017183723 0.413838863 5.256767273 0.007606156 0.999663949 0.024779981 -1.896508455 -0.414125621 -0.019406715 0.910012782 101.876060486
0.904737890 -0.017554823 0.425606996 5.513366699 0.007569482 0.999655247 0.025141444 -1.902542353 -0.425901622 -0.019524788 0.904558778 102.349845886
0.897508919 -0.016632441 0.440682530 5.754360199 0.006435618 0.999676108 0.024623232 -1.868458033 -0.440949321 -0.019263508 0.897325277 102.951492310
0.891701460 -0.017700844 0.452277809 6.026279449 0.007349064 0.999669492 0.024634909 -1.868106127 -0.452564389 -0.018643165 0.891536832 103.431900024
0.885782719 -0.017776338 0.463759512 6.304996490 0.007074430 0.999667287 0.024806000 -1.866938591 -0.464046091 -0.018691888 0.885613918 103.932731628
0.878167152 -0.016528890 0.478068292 6.589790344 0.005647240 0.999691427 0.024190204 -1.857095718 -0.478320688 -0.018543271 0.877989531 104.437606812
