1.000000000 0.000000000 0.000000000 0.000000000 0.000000000 1.000000000 0.000000000 0.000000000 0.000000000 0.000000000 1.000000000 0.000000000
1.000000000 0.000071365 -0.000030643 0.000300726 -0.000071365 1.000000000 0.000020728 0.000492920 0.000030644 -0.000020726 1.000000000 0.002209300
1.000000000 0.000003373 -0.000053551 0.000924385 -0.000003369 1.000000000 0.000059345 -0.001140069 0.000053551 -0.000059345 1.000000000 0.000824912
1.000000000 -0.000036004 -0.000038567 0.000614368 0.000036003 1.000000000 -0.000040149 0.000411300 0.000038568 0.000040147 1.000000000 -0.001638499
1.000000000 -0.000170395 -0.000114290 0.001214892 0.000170403 1.000000000 0.000063603 -0.000975827 0.000114279 -0.000063623 1.000000000 0.000075274
1.000000000 -0.000153729 -0.000118309 -0.000566664 0.000153735 1.000000000 0.000046472 -0.000045387 0.000118301 -0.000046490 1.000000000 -0.000615246
1.000000000 -0.000142186 -0.000062406 0.000810681 0.000142191 1.000000000 0.000066465 -0.000728015 0.000062397 -0.000066474 1.000000000 0.001322265
1.000000000 -0.000150350 -0.000058226 -0.000001795 0.000150355 1.000000000 0.000080242 -0.000795623 0.000058214 -0.000080250 1.000000000 -0.000398195
1.000000000 -0.000045065 -0.000091252 0.000613523 0.000045071 1.000000000 0.000060899 -0.000041636 0.000091250 -0.000060903 1.000000000 -0.001827142
1.000000000 -0.000021542 -0.000007905 -0.000452119 0.000021543 1.000000000 0.000049628 0.000640259 0.000007904 -0.000049628 1.000000000 0.002765629
1.000000000 -0.000091278 -0.000056022 0.000779613 0.000091279 1.000000000 0.000016646 0.000570326 0.000056021 -0.000016651 1.000000000 0.000068751
1.000000000 -0.000104920 -0.000126273 0.001049088 0.000104928 1.000000000 0.000056286 0.000144653 0.000126267 -0.000056300 1.000000000 -0.000379976
1.000000000 -0.000097848 -0.000053986 -0.000024322 0.000097846 1.000000000 -0.000021311 0.001644143 0.000053988 0.000021306 1.000000000 0.002509740
0.999999940 -0.000211870 -0.000135121 0.000955311 0.000211884 1.000000000 0.000105012 0.000152005 0.000135098 -0.000105041 1.000000000 -0.001410890
1.000000000 -0.000127381 -0.000141971 0.001059471 0.000127388 1.000000000 0.000047243 -0.000402695 0.000141965 -0.000047261 1.000000000 -0.002046496
1.000000000 -0.000142944 -0.000168780 0.003175859 0.000142968 1.000000000 0.000141309 -0.000882355 0.000168760 -0.000141333 1.000000000 -0.004968191
1.000000000 -0.000115163 -0.000072579 0.001441533 0.000115169 1.000000000 0.000076560 -0.000262611 0.000072570 -0.000076569 1.000000000 -0.003133197
1.000000000 -0.000054130 -0.000065773 0.001330132 0.000054132 1.000000000 0.000033772 -0.000073941 0.000065771 -0.000033776 1.000000000 -0.000639571
1.000000000 -0.000020106 -0.000117919 0.001640835 0.000020121 1.000000000 0.000131332 -0.000793027 0.000117916 -0.000131334 1.000000000 -0.003272921
0.999999940 -0.000223214 -0.000140274 0.001540008 0.000223224 1.000000000 0.000071900 -0.000038768 0.000140258 -0.000071931 1.000000000 -0.003109813
1.000000000 -0.000187706 -0.000104504 0.000874213 0.000187716 1.000000000 0.000093178 0.000321398 0.000104487 -0.000093198 1.000000000 0.001198057
1.000000000 -0.000193251 -0.000114896 0.000485091 0.000193264 1.000000000 0.000112063 -0.001596113 0.000114874 -0.000112085 1.000000000 -0.003745162
1.000000000 -0.000066094 -0.000158365 0.003650808 0.000066113 1.000000000 0.000118041 -0.000700797 0.000158357 -0.000118051 1.000000000 -0.002528385
1.000000000 -0.000097618 -0.000160884 0.003512879 0.000097633 1.000000000 0.000096105 -0.001110969 0.000160874 -0.000096121 1.000000000 -0.002059714
0.999999940 -0.000192878 -0.000183742 0.002795383 0.000192902 1.000000000 0.000132149 -0.001145120 0.000183717 -0.000132185 1.000000000 -0.005126459
0.999999940 -0.000194509 -0.000198899 0.002794857 0.000194527 1.000000000 0.000088571 0.000430681 0.000198882 -0.000088609 1.000000000 -0.001384130
1.000000000 -0.000139854 -0.000132623 0.002725093 0.000139864 1.000000000 0.000076109 0.000083985 0.000132612 -0.000076127 1.000000000 -0.003191185
0.999999940 -0.000244125 -0.000171413 0.003450184 0.000244142 0.999999940 0.000096987 -0.000678201 0.000171390 -0.000097029 1.000000000 -0.003891789
0.999999940 -0.000246670 -0.000118964 0.000409681 0.000246679 0.999999940 0.000071005 -0.000904422 0.000118946 -0.000071034 1.000000000 -0.002997965
1.000000000 -0.000055432 -0.000189091 0.002649686 0.000055459 1.000000000 0.000140846 -0.000878852 0.000189083 -0.000140856 1.000000000 -0.003269063
0.999999940 -0.000229964 -0.000203941 0.004295758 0.000229987 0.999999940 0.000115314 -0.001013707 0.000203915 -0.000115361 1.000000000 -0.003278975
0.999999940 -0.000175807 -0.000220647 0.003621482 0.000175833 1.000000000 0.000116978 -0.000758346 0.000220627 -0.000117017 0.999999940 -0.002950396
1.000000000 -0.000176581 -0.000159160 0.002578180 0.000176598 1.000000000 0.000103635 -0.000408357 0.000159142 -0.000103663 1.000000000 -0.004826382
1.000000000 -0.000101625 -0.000149047 0.002890015 0.000101636 1.000000000 0.000073151 -0.001085423 0.000149039 -0.000073166 1.000000000 -0.003044242
1.000000000 -0.000139515 -0.000156318 0.002706584 0.000139528 1.000000000 0.000085370 -0.000591569 0.000156306 -0.000085392 1.000000000 -0.001618216
0.999999940 -0.000209968 -0.000158952 0.002212905 0.000209992 0.999999940 0.000147717 -0.001713719 0.000158921 -0.000147750 1.000000000 -0.005240181
0.999999940 -0.000222553 -0.000230770 0.003321819 0.000222574 1.000000000 0.000089913 0.000260148 0.000230750 -0.000089965 0.999999940 -0.002517341
0.999999940 -0.000209873 -0.000196937 0.003878353 0.000209899 0.999999940 0.000134946 -0.000048478 0.000196909 -0.000134987 1.000000000 -0.004707996
1.000000000 -0.000161641 -0.000108719 0.000965899 0.000161651 1.000000000 0.000089730 -0.000256077 0.000108704 -0.000089748 1.000000000 -0.003180385
0.999999940 -0.000157741 -0.000192899 0.002345177 0.000157771 1.000000000 0.000152207 -0.000701602 0.000192875 -0.000152238 0.999999940 -0.004485261
0.999999940 -0.000178753 -0.000210293 0.005005786 0.000178769 1.000000000 0.000076604 -0.001873275 0.000210279 -0.000076642 1.000000000 -0.001677591
1.000000000 -0.000241712 -0.000012398 0.000850187 0.000241706 0.999999821 -0.000534373 -0.002507232 0.000012527 0.000534369 0.999999881 0.050442874
1.000000000 -0.000056560 -0.000162192 0.003583040 0.000056379 0.999999404 -0.001115329 -0.004416193 0.000162255 0.001115320 0.999999344 0.141543448
1.000000000 -0.000189512 -0.000094448 0.004207144 0.000189373 0.999998927 -0.001469833 -0.007899568 0.000094726 0.001469815 0.999998927 0.258815974
1.000000000 -0.000135010 -0.000047173 0.006160144 0.000134944 0.999999046 -0.001381586 -0.011285707 0.000047360 0.001381580 0.999999046 0.393258512
1.000000000 -0.000035361 -0.000143280 0.010111879 0.000035195 0.999999344 -0.001156701 -0.018673202 0.000143321 0.001156696 0.999999344 0.528443336
1.000000000 0.000072986 -0.000063404 0.011856169 -0.000073057 0.999999344 -0.001116673 -0.020736123 0.000063322 0.001116677 0.999999404 0.686230898
1.000000000 -0.000017105 0.000077067 0.015960138 0.000017175 0.999999583 -0.000911088 -0.024381783 -0.000077051 0.000911090 0.999999583 0.846817911
0.999999940 0.000334492 0.000230260 0.010738993 -0.000334313 0.999999642 -0.000774203 -0.026080891 -0.000230519 0.000774126 0.999999702 1.027007461
1.000000000 0.000130472 -0.000160023 0.023683470 -0.000130564 0.999999821 -0.000575352 -0.037411328 0.000159948 0.000575373 0.999999821 1.185094714
1.000000000 0.000002664 -0.000025096 0.027569223 -0.000002671 0.999999940 -0.000277888 -0.041013144 0.000025096 0.000277888 0.999999940 1.365484834
0.999999940 -0.000079470 -0.000402996 0.031738002 0.000079480 1.000000000 0.000025419 -0.047411930 0.000402994 -0.000025451 0.999999940 1.559312105
1.000000000 -0.000191580 -0.000122865 0.032769568 0.000191588 1.000000000 0.000060906 -0.051194325 0.000122853 -0.000060929 1.000000000 1.755535126
0.999999940 -0.000375793 -0.000374825 0.040395021 0.000375944 0.999999940 0.000402726 -0.057911154 0.000374674 -0.000402867 0.999999881 1.963241458
0.999999821 -0.000450724 -0.000327834 0.042944752 0.000450910 0.999999762 0.000567759 -0.068590298 0.000327578 -0.000567907 0.999999762 2.166655779
0.999999821 -0.000344042 -0.000412293 0.050687980 0.000344339 0.999999762 0.000720449 -0.075519837 0.000412045 -0.000720591 0.999999642 2.380893946
0.999999702 -0.000417625 -0.000459487 0.060086191 0.000417971 0.999999583 0.000753962 -0.079730920 0.000459172 -0.000754153 0.999999642 2.600086689
0.999999821 -0.000390067 -0.000233596 0.057565827 0.000390241 0.999999583 0.000742283 -0.085927740 0.000233307 -0.000742374 0.999999702 2.839580536
0.999999940 -0.000031894 -0.000129339 0.056318488 0.000031965 0.999999821 0.000553509 -0.090840034 0.000129321 -0.000553513 0.999999762 3.088230371
0.999999940 -0.000241476 -0.000194923 0.065263718 0.000241592 0.999999821 0.000592489 -0.098696209 0.000194780 -0.000592536 0.999999762 3.323551178
1.000000000 -0.000281433 -0.000042921 0.065520369 0.000281462 0.999999702 0.000675386 -0.107360899 0.000042730 -0.000675398 0.999999762 3.566882849
0.999999940 -0.000374305 -0.000140411 0.077611975 0.000374441 0.999999464 0.000975661 -0.116140701 0.000140046 -0.000975713 0.999999523 3.829463005
1.000000000 -0.000195103 0.000144757 0.073684163 0.000194955 0.999999464 0.001022963 -0.127339333 -0.000144956 -0.001022935 0.999999464 4.091480255
0.999999821 0.000405105 0.000419720 0.075158425 -0.000405591 0.999999285 0.001158673 -0.131456122 -0.000419250 -0.001158843 0.999999285 4.350676537
0.999999940 -0.000185306 0.000265787 0.083229944 0.000184952 0.999999166 0.001329432 -0.140584081 -0.000266033 -0.001329383 0.999999046 4.605651855
0.999999881 -0.000190982 0.000177048 0.089188762 0.000190709 0.999998808 0.001537204 -0.152133584 -0.000177341 -0.001537171 0.999998808 4.855070114
0.999999940 -0.000341579 0.000048892 0.094756387 0.000341487 0.999998271 0.001861996 -0.157713592 -0.000049528 -0.001861980 0.999998271 5.114889622
0.999999881 -0.000311961 0.000152700 0.102574445 0.000311697 0.999998450 0.001723087 -0.162499383 -0.000153238 -0.001723039 0.999998510 5.387048244
0.999999940 -0.000321304 -0.000001437 0.104894683 0.000321306 0.999998271 0.001836721 -0.178156495 0.000000847 -0.001836722 0.999998391 5.637994289
1.000000000 -0.000106881 0.000102293 0.096009426 0.000106663 0.999997675 0.002133607 -0.196740180 -0.000102521 -0.002133596 0.999997675 5.907100201
0.999999940 -0.000006266 0.000263751 0.099300288 0.000005723 0.999997854 0.002060819 -0.206342220 -0.000263763 -0.002060817 0.999997854 6.189033031
0.999999821 0.000301089 0.000579767 0.101535365 -0.000302415 0.999997318 0.002287887 -0.213871747 -0.000579077 -0.002288062 0.999997199 6.473500252
1.000000000 -0.000092973 0.000361327 0.111669891 0.000092150 0.999997437 0.002277267 -0.223673224 -0.000361538 -0.002277234 0.999997318 6.750631332
1.000000000 -0.000346910 0.000197467 0.125184238 0.000346466 0.999997437 0.002244704 -0.232253000 -0.000198245 -0.002244635 0.999997437 7.037688255
0.999999940 -0.000167310 0.000353355 0.132233098 0.000166380 0.999996543 0.002631290 -0.253084332 -0.000353794 -0.002631231 0.999996424 7.346612930
0.999999881 -0.000048740 0.000407512 0.140384823 0.000047668 0.999996543 0.002629531 -0.264858752 -0.000407639 -0.002629512 0.999996483 7.659257412
0.999999881 -0.000521260 0.000227643 0.149852589 0.000520611 0.999995828 0.002839913 -0.276725918 -0.000229122 -0.002839794 0.999996006 7.980264187
0.999999821 -0.000364198 0.000413649 0.151687413 0.000362983 0.999995768 0.002931842 -0.283566803 -0.000414715 -0.002931691 0.999995589 8.288497925
0.999999642 -0.000836087 0.000049136 0.169058233 0.000835935 0.999995112 0.003010740 -0.293862849 -0.000051653 -0.003010697 0.999995470 8.604517937
0.999999762 -0.000345971 0.000596800 0.166051805 0.000344230 0.999995649 0.002914668 -0.298513353 -0.000597806 -0.002914462 0.999995589 8.952516556
0.999999762 -0.000146966 0.000689955 0.170874059 0.000144888 0.999995470 0.003010530 -0.310537636 -0.000690394 -0.003010430 0.999995172 9.294920921
0.999998868 0.000809961 0.001243560 0.164756253 -0.000813822 0.999994814 0.003107633 -0.325566888 -0.001241037 -0.003108641 0.999994338 9.633006096
0.999999106 0.000816736 0.001119429 0.175207719 -0.000820317 0.999994516 0.003202454 -0.333534420 -0.001116807 -0.003203370 0.999994218 9.983614922
0.999999046 0.000580036 0.001221444 0.174311489 -0.000583934 0.999994755 0.003193576 -0.342763871 -0.001219585 -0.003194286 0.999994159 10.355678558
0.999999166 0.000445667 0.001238955 0.192006946 -0.000449932 0.999993980 0.003444060 -0.354912162 -0.001237412 -0.003444615 0.999993324 10.709978104
0.999999404 0.000090081 0.001107830 0.202700809 -0.000093832 0.999994218 0.003386389 -0.366223574 -0.001107519 -0.003386491 0.999993682 11.084682465
0.999999106 0.000494086 0.001267424 0.210229591 -0.000498357 0.999994159 0.003371528 -0.378535241 -0.001265750 -0.003372157 0.999993503 11.456459999
0.999998569 0.000851183 0.001486751 0.215664238 -0.000856416 0.999993443 0.003523034 -0.385827214 -0.001483742 -0.003524302 0.999992728 11.850194931
0.999998868 0.000587602 0.001365151 0.225715891 -0.000592844 0.999992490 0.003843011 -0.398617566 -0.001362882 -0.003843816 0.999991715 12.225098610
0.999999404 -0.000188363 0.001078568 0.237685710 0.000183765 0.999990880 0.004261375 -0.434273452 -0.001079360 -0.004261175 0.999990344 12.617487907
0.999999404 -0.000121970 0.001035510 0.244041696 0.000117528 0.999990761 0.004288114 -0.444202274 -0.001036023 -0.004287990 0.999990284 13.021245956
0.999999702 -0.000322942 0.000754608 0.260689527 0.000319587 0.999990106 0.004441749 -0.462273628 -0.000756034 -0.004441507 0.999989927 13.407962799
0.999999166 -0.000058565 0.001279147 0.262894839 0.000052762 0.999989629 0.004536109 -0.466790468 -0.001279399 -0.004536037 0.999988914 13.828678131
0.999999046 -0.000034784 0.001365445 0.277173281 0.000028392 0.999988973 0.004680574 -0.482556373 -0.001365593 -0.004680531 0.999988139 14.223863602
0.999999344 -0.000294469 0.001106778 0.292559147 0.000289222 0.999988735 0.004738116 -0.512331367 -0.001108161 -0.004737793 0.999988079 14.652879715
0.999998868 -0.000966988 0.001169510 0.301383674 0.000961346 0.999987960 0.004815667 -0.519718349 -0.001174152 -0.004814538 0.999987721 15.082898140
0.999998510 -0.000735679 0.001511120 0.313907564 0.000727720 0.999985874 0.005260763 -0.539509892 -0.001514969 -0.005259654 0.999984980 15.514736176
0.999997973 -0.000357248 0.001967558 0.318886936 0.000346913 0.999986172 0.005250559 -0.549457967 -0.001969407 -0.005249866 0.999984205 15.958826065
0.999997497 -0.000264628 0.002222226 0.329542816 0.000252271 0.999984562 0.005559111 -0.561736345 -0.002223662 -0.005558536 0.999981999 16.404741287
0.999997497 -0.000663038 0.002120294 0.347100198 0.000651062 0.999983847 0.005644107 -0.575128078 -0.002124002 -0.005642714 0.999981821 16.842185974
0.999996662 -0.000445996 0.002588595 0.350870758 0.000431132 0.999983370 0.005739980 -0.592539132 -0.002591112 -0.005738844 0.999980152 17.303260803
0.999995470 -0.000871535 0.002893340 0.361556739 0.000854470 0.999982297 0.005893923 -0.603397131 -0.002898425 -0.005891423 0.999978423 17.769271851
0.999994755 -0.001162192 0.003021397 0.378015429 0.001143989 0.999981284 0.006019236 -0.616503000 -0.003028336 -0.006015747 0.999977291 18.232383728
0.999994457 -0.001058644 0.003148797 0.387327880 0.001039438 0.999980867 0.006094744 -0.628708124 -0.003155189 -0.006091437 0.999976456 18.685951233
0.999994218 -0.001020791 0.003221908 0.398274928 0.001000515 0.999979734 0.006288509 -0.641464055 -0.003228262 -0.006285250 0.999975026 19.155086517
0.999994457 -0.000801188 0.003237530 0.415240914 0.000781412 0.999981046 0.006104830 -0.650858700 -0.003242361 -0.006102267 0.999976099 19.643293381
0.999994457 -0.000689733 0.003245353 0.417993397 0.000668216 0.999977827 0.006626558 -0.675533593 -0.003249851 -0.006624352 0.999972761 20.114448547
0.999993980 -0.001041959 0.003300315 0.430329591 0.001019105 0.999975562 0.006918988 -0.687273502 -0.003307445 -0.006915583 0.999970555 20.613878250
0.999995410 -0.001050573 0.002859235 0.440428257 0.001031281 0.999976695 0.006740293 -0.697497368 -0.002866250 -0.006737311 0.999973178 21.110948563
0.999996960 -0.001341514 0.002029259 0.454623729 0.001327340 0.999974847 0.006970052 -0.719174325 -0.002038559 -0.006967337 0.999973595 21.586908340
0.999997675 -0.001398192 0.001608201 0.461301118 0.001387182 0.999975741 0.006827034 -0.730794847 -0.001617707 -0.006824788 0.999975383 22.087722778
0.999998152 -0.001202033 0.001508290 0.472366124 0.001191126 0.999973297 0.007211749 -0.744982481 -0.001516918 -0.007209939 0.999972820 22.602577209
0.999997735 -0.001910125 0.000906478 0.482215583 0.001903144 0.999968946 0.007640436 -0.763553858 -0.000921044 -0.007638692 0.999970376 23.062978745
0.999998212 -0.001814755 0.000593611 0.490168869 0.001810250 0.999970138 0.007503635 -0.778419673 -0.000607210 -0.007502546 0.999971628 23.587165833
0.999994576 -0.003260470 -0.000517422 0.503219306 0.003264300 0.999965847 0.007583089 -0.794067621 0.000492680 -0.007584737 0.999971092 24.080808640
0.999996901 -0.002381041 -0.000729633 0.513503492 0.002386614 0.999967217 0.007734385 -0.803240240 0.000711193 -0.007736103 0.999969840 24.607217789
0.999994993 -0.002640418 -0.001767834 0.529826164 0.002654345 0.999965072 0.007921875 -0.814904749 0.001746855 -0.007926527 0.999967098 25.137413025
0.999995887 -0.001918350 -0.002095896 0.530854404 0.001935128 0.999965847 0.008032162 -0.825626075 0.002080417 -0.008036184 0.999965608 25.684766769
0.999995530 -0.001825240 -0.002378369 0.537060380 0.001844275 0.999966085 0.008026183 -0.842210352 0.002363639 -0.008030533 0.999964952 26.173393250
0.999993503 -0.002404530 -0.002710487 0.543491364 0.002428102 0.999959052 0.008727044 -0.856603503 0.002689391 -0.008733568 0.999958217 26.722059250
0.999990940 -0.002485783 -0.003484105 0.559635460 0.002516826 0.999956846 0.008934036 -0.869498372 0.003461746 -0.008942721 0.999953985 27.287343979
0.999989510 -0.001934111 -0.004158616 0.569934011 0.001969371 0.999961972 0.008491308 -0.889592588 0.004142035 -0.008499408 0.999955297 27.791921616
0.999985278 -0.002811066 -0.004650526 0.579409122 0.002852631 0.999955833 0.008955394 -0.901444137 0.004625147 -0.008968528 0.999949098 28.336589813
0.999979436 -0.003136895 -0.005589475 0.596259356 0.003187647 0.999953508 0.009094251 -0.921258569 0.005560687 -0.009111881 0.999942958 28.885482788
0.999986649 -0.002075575 -0.004736010 0.576775730 0.002119207 0.999955177 0.009226548 -0.931076109 0.004716647 -0.009236462 0.999946237 29.374948502
0.999986172 -0.002117021 -0.004809038 0.584057093 0.002162995 0.999951780 0.009574726 -0.946887255 0.004788537 -0.009584996 0.999942601 29.905902863
0.999983728 -0.002042688 -0.005332003 0.589092791 0.002092221 0.999954581 0.009300590 -0.956470370 0.005312763 -0.009311594 0.999942541 30.451416016
0.999983728 -0.001844788 -0.005398946 0.596588135 0.001894767 0.999955297 0.009266680 -0.965061367 0.005381610 -0.009276759 0.999942422 30.997188568
0.999975920 -0.002638824 -0.006417222 0.626286507 0.002700190 0.999950588 0.009572868 -0.985420585 0.006391644 -0.009589965 0.999933541 31.525985718
0.999973118 -0.003072950 -0.006663378 0.632167101 0.003139791 0.999944627 0.010043842 -1.007660985 0.006632145 -0.010064494 0.999927342 32.076988220
0.999974668 -0.003009287 -0.006448165 0.631030858 0.003073623 0.999945283 0.009990736 -1.019371033 0.006417748 -0.010010303 0.999929309 32.564064026
0.999972224 -0.002940566 -0.006836697 0.635502338 0.003011804 0.999940991 0.010433103 -1.032068014 0.006805613 -0.010453404 0.999922216 33.109333038
0.999970973 -0.003060053 -0.006980062 0.643351436 0.003132568 0.999940872 0.010401614 -1.042639732 0.006947820 -0.010423178 0.999921620 33.642963409
0.999973416 -0.002599767 -0.006805987 0.642951608 0.002670258 0.999942601 0.010368675 -1.046525955 0.006778641 -0.010386574 0.999923110 34.188087463
0.999973357 -0.002445305 -0.006873450 0.651614606 0.002515094 0.999945104 0.010163154 -1.070504308 0.006848222 -0.010180171 0.999924719 34.701442719
0.999975622 -0.002063156 -0.006667788 0.621295273 0.002133858 0.999941409 0.010613843 -1.100058794 0.006645499 -0.010627813 0.999921441 35.209392548
0.999973238 -0.002341749 -0.006934434 0.628482223 0.002413996 0.999942720 0.010428628 -1.105953217 0.006909616 -0.010445089 0.999921620 35.768486023
0.999972522 -0.002174574 -0.007092187 0.632848978 0.002251906 0.999937892 0.010914036 -1.126705647 0.007068013 -0.010929708 0.999915242 36.302864075
0.999970078 -0.002090882 -0.007450106 0.645161867 0.002173118 0.999936640 0.011047276 -1.132665515 0.007426534 -0.011063135 0.999911249 36.837585449
0.999968469 -0.002266604 -0.007609875 0.651198268 0.002353108 0.999932587 0.011377616 -1.150716186 0.007583573 -0.011395164 0.999906361 37.413494110
0.999969900 -0.002268082 -0.007421290 0.623865962 0.002352916 0.999931693 0.011442501 -1.184943438 0.007394831 -0.011459617 0.999907017 37.953651428
0.999968410 -0.002031361 -0.007698317 0.630888283 0.002119873 0.999931514 0.011506899 -1.190452695 0.007674415 -0.011522853 0.999904156 38.506454468
0.999968469 -0.001929205 -0.007702844 0.647756696 0.002015725 0.999934793 0.011240293 -1.197736979 0.007680656 -0.011255465 0.999907196 39.038002014
0.999965608 -0.002221493 -0.007987846 0.649524093 0.002312991 0.999931574 0.011463758 -1.205206156 0.007961833 -0.011481838 0.999902308 39.578098297
0.999965012 -0.002023595 -0.008108363 0.678666472 0.002114776 0.999934375 0.011252474 -1.224878073 0.008085061 -0.011269228 0.999903798 40.147018433
0.999957204 -0.003375276 -0.008613773 0.677978933 0.003481341 0.999917924 0.012328235 -1.278999805 0.008571455 -0.012357696 0.999886930 40.704326630
0.999958932 -0.002742186 -0.008640929 0.685023069 0.002849917 0.999918044 0.012480060 -1.285761595 0.008605998 -0.012504172 0.999884844 41.253250122
0.999956548 -0.002831760 -0.008881655 0.697282195 0.002941702 0.999918878 0.012389953 -1.299701810 0.008845849 -0.012415540 0.999883890 41.804164886
0.999951541 -0.003647459 -0.009143262 0.716399848 0.003763404 0.999912381 0.012695936 -1.308852673 0.009096151 -0.012729729 0.999877632 42.334003448
0.999956489 -0.002951410 -0.008839884 0.710942924 0.003060210 0.999919474 0.012319830 -1.302791119 0.008802810 -0.012346348 0.999885023 42.848033905
0.999956489 -0.003491766 -0.008648220 0.671226025 0.003601396 0.999912918 0.012693676 -1.352153301 0.008603144 -0.012724270 0.999881983 43.412483215
0.999958634 -0.003322788 -0.008464720 0.674577296 0.003431846 0.999910831 0.012901996 -1.377153158 0.008421095 -0.012930513 0.999880910 43.914264679
0.999958038 -0.003138348 -0.008602515 0.682001233 0.003247879 0.999913394 0.012748162 -1.384249568 0.008561760 -0.012775565 0.999881744 44.461845398
0.999960482 -0.002593657 -0.008513798 0.686418653 0.002700989 0.999916732 0.012619659 -1.397534847 0.008480358 -0.012642154 0.999884129 45.013393402
0.999957681 -0.003070254 -0.008667832 0.710808992 0.003183052 0.999910057 0.013029692 -1.412989259 0.008627048 -0.013056730 0.999877512 45.515930176
0.999956131 -0.003143068 -0.008828278 0.725936174 0.003261059 0.999905050 0.013382595 -1.439000845 0.008785378 -0.013410796 0.999871492 46.012416840
0.999953508 -0.003180313 -0.009106226 0.728482544 0.003301394 0.999905944 0.013312441 -1.443987727 0.009063032 -0.013341883 0.999869883 46.546733856
0.999956369 -0.003065764 -0.008823735 0.713674068 0.003189375 0.999896526 0.014029074 -1.468554258 0.008779812 -0.014056606 0.999862671 47.162685394
0.999960124 -0.002756317 -0.008489966 0.714447498 0.002874298 0.999899089 0.013915780 -1.473237038 0.008450755 -0.013939628 0.999867141 47.715095520
0.999957740 -0.003141507 -0.008637437 0.726754785 0.003263163 0.999895096 0.014106899 -1.490756989 0.008592214 -0.014134487 0.999863207 48.234840393
0.999958992 -0.003183213 -0.008479496 0.735212088 0.003304512 0.999891818 0.014329560 -1.501390934 0.008432963 -0.014356992 0.999861360 48.785770416
0.999955118 -0.003092642 -0.008948063 0.751462340 0.003219187 0.999894500 0.014162538 -1.506564260 0.008903318 -0.014190711 0.999859691 49.302803040
0.999956489 -0.002843773 -0.008881675 0.753513694 0.002971290 0.999892235 0.014377302 -1.513573170 0.008839833 -0.014403069 0.999857187 49.848396301
0.999956727 -0.002947375 -0.008826736 0.757954955 0.003072354 0.999894738 0.014179226 -1.522996187 0.008784017 -0.014205731 0.999860466 50.373249054
0.999964237 -0.002346906 -0.008130690 0.758670092 0.002461152 0.999897897 0.014069885 -1.529353380 0.008096838 -0.014089392 0.999867976 50.922519684
0.999956369 -0.002710598 -0.008942509 0.781974614 0.002839961 0.999891043 0.014485181 -1.542408586 0.008902270 -0.014509944 0.999855042 51.431213379
0.999956071 -0.002844785 -0.008924016 0.786296248 0.002973536 0.999891222 0.014447483 -1.549740553 0.008881943 -0.014473385 0.999855816 51.977077484
0.999956667 -0.002717820 -0.008917875 0.788915336 0.002847399 0.999890089 0.014549845 -1.556044340 0.008877354 -0.014574605 0.999854386 52.515323639
0.999955177 -0.002889618 -0.009020081 0.797282577 0.003019971 0.999890685 0.014471358 -1.566086054 0.008977278 -0.014497948 0.999854624 53.055828094
0.999959290 -0.002309533 -0.008724688 0.802169800 0.002433450 0.999895871 0.014219222 -1.570260286 0.008690940 -0.014239873 0.999860823 53.567359924
0.999962926 -0.001787954 -0.008426011 0.797557712 0.001906706 0.999898672 0.014106673 -1.576721907 0.008399936 -0.014122217 0.999864995 54.119110107
0.999964237 -0.001825499 -0.008269949 0.801567018 0.001942144 0.999898434 0.014118705 -1.587451220 0.008243336 -0.014134261 0.999866128 54.684192657
0.999957383 -0.002561879 -0.008868817 0.826009750 0.002688918 0.999893486 0.014342012 -1.594393253 0.008831131 -0.014365248 0.999857783 55.164962769
0.999958873 -0.001973905 -0.008844113 0.846917987 0.002095558 0.999903083 0.013767160 -1.568282604 0.008816082 -0.013785129 0.999866009 55.773315430
0.999960899 -0.002193884 -0.008566381 0.834984064 0.002317070 0.999893665 0.014396928 -1.614991546 0.008533887 -0.014416214 0.999859691 56.259979248
0.999961913 -0.002136565 -0.008456050 0.835865617 0.002254573 0.999899864 0.013970744 -1.617919922 0.008425354 -0.013989278 0.999866664 56.820022583
0.999961317 -0.002248751 -0.008506218 0.829388976 0.002369585 0.999896049 0.014222071 -1.628676414 0.008473352 -0.014241675 0.999862731 57.380939484
0.999956846 -0.002894797 -0.008820274 0.839547634 0.003021059 0.999892652 0.014335430 -1.651221514 0.008777829 -0.014361459 0.999858320 57.900386810
0.999957025 -0.002499867 -0.008929228 0.888609707 0.002617066 0.999910235 0.013137716 -1.585279703 0.008895584 -0.013160519 0.999873817 58.532199860
0.999953508 -0.002891552 -0.009199218 0.854587018 0.003020855 0.999896348 0.014073172 -1.671044588 0.009157572 -0.014100306 0.999858677 58.967185974
0.999953806 -0.003140694 -0.009075718 0.869563580 0.003272917 0.999888182 0.014590912 -1.679827690 0.009028876 -0.014619943 0.999852359 59.522106171
0.999947846 -0.003437266 -0.009611263 0.901521862 0.003562254 0.999908924 0.013017664 -1.617872953 0.009565643 -0.013051221 0.999869049 60.224044800
0.999955297 -0.003274625 -0.008870749 0.885635316 0.003403018 0.999889135 0.014497514 -1.700609207 0.008822290 -0.014527053 0.999855578 60.609062195
0.999950290 -0.003534035 -0.009318125 0.887337089 0.003670645 0.999885380 0.014684540 -1.695206642 0.009265161 -0.014718016 0.999848723 61.193958282
0.999943435 -0.004160214 -0.009786341 0.891721427 0.004306921 0.999877930 0.015017984 -1.727363825 0.009722669 -0.015059286 0.999839306 61.681606293
0.999951005 -0.003427253 -0.009287858 0.897173643 0.003562024 0.999888003 0.014532982 -1.731303692 0.009237011 -0.014565352 0.999851227 62.207439423
0.999953508 -0.003483969 -0.008991198 0.893018603 0.003616337 0.999884665 0.014748053 -1.730255604 0.008938780 -0.014779880 0.999850810 62.773529053
0.999957979 -0.002585063 -0.008792824 0.901286423 0.002713351 0.999889553 0.014609678 -1.742322922 0.008754088 -0.014632923 0.999854505 63.328491211
0.999956012 -0.002515445 -0.009033887 0.901603520 0.002648338 0.999887943 0.014728783 -1.750380039 0.008995825 -0.014752058 0.999850690 63.831985474
0.999949634 -0.003185785 -0.009528804 0.892321765 0.003329369 0.999880612 0.015090657 -1.764422417 0.009479592 -0.015121619 0.999840677 64.416847229
0.999956846 -0.002380530 -0.008978999 0.901343822 0.002515442 0.999883592 0.015044004 -1.806171417 0.008942141 -0.015065941 0.999846458 64.902801514
0.999951720 -0.003051257 -0.009335515 0.916082859 0.003194672 0.999876499 0.015386165 -1.809787273 0.009287412 -0.015415247 0.999837995 65.459747314
0.999953806 -0.002864410 -0.009178514 0.919885099 0.003005802 0.999876380 0.015427995 -1.813483953 0.009133186 -0.015454871 0.999838829 66.013229370
0.999949932 -0.003078151 -0.009522939 0.932533264 0.003222135 0.999880195 0.015141569 -1.820981383 0.009475191 -0.015171496 0.999839962 66.556488037
0.999952137 -0.002622447 -0.009422405 0.923034728 0.002763662 0.999883473 0.015005452 -1.828332901 0.009381958 -0.015030773 0.999842942 67.105400085
0.999960005 -0.001559886 -0.008806757 0.932178438 0.001690690 0.999888003 0.014864879 -1.861705184 0.008782583 -0.014879175 0.999850750 67.561149597
0.999961436 -0.001629247 -0.008628468 0.943403184 0.001758569 0.999885857 0.015001498 -1.870133996 0.008603042 -0.015016092 0.999850214 68.101226807
0.999961674 -0.001806292 -0.008576839 0.937983394 0.001934898 0.999885440 0.015010074 -1.873150468 0.008548743 -0.015026093 0.999850571 68.674079895
0.999953985 -0.002084701 -0.009359039 0.951661408 0.002225812 0.999883592 0.015092455 -1.887037396 0.009326487 -0.015112593 0.999842346 69.168655396
0.999958098 -0.001541715 -0.009021354 0.951341391 0.001676741 0.999886334 0.014978993 -1.888334155 0.008997236 -0.014993492 0.999847114 69.706504822
0.999960601 -0.001463403 -0.008745074 0.949108601 0.001595412 0.999884546 0.015107365 -1.902455211 0.008721959 -0.015120723 0.999847591 70.232551575
0.999961615 -0.001560222 -0.008621576 0.957177043 0.001693867 0.999878168 0.015515776 -1.913528562 0.008596317 -0.015529784 0.999842465 70.773681641
0.999957263 -0.002008477 -0.009018321 0.961098075 0.002147304 0.999878943 0.015410671 -1.917928576 0.008986277 -0.015429379 0.999840558 71.312797546
0.999958992 -0.002048331 -0.008811174 0.966950119 0.002178356 0.999888480 0.014772749 -1.921395540 0.008779933 -0.014791339 0.999852061 71.819648743
0.999962091 -0.001996851 -0.008478160 0.970958292 0.002122431 0.999887764 0.014828999 -1.930207729 0.008447598 -0.014846433 0.999854088 72.318054199
0.999955893 -0.002377139 -0.009081079 0.980989218 0.002510896 0.999888003 0.014746301 -1.930587769 0.009045009 -0.014768453 0.999850035 72.871978760
0.999961495 -0.001798487 -0.008589915 0.984202206 0.001925608 0.999888420 0.014813580 -1.946587563 0.008562313 -0.014829551 0.999853313 73.404418945
0.999954641 -0.003114196 -0.008997031 0.993760705 0.003251435 0.999877930 0.015279676 -1.950291038 0.008948349 -0.015308239 0.999842703 73.962059021
0.999959886 -0.002156618 -0.008684058 0.991839349 0.002284417 0.999888837 0.014733564 -1.957211614 0.008651318 -0.014752813 0.999853671 74.504005432
0.999961019 -0.001793344 -0.008645166 1.018656492 0.001923593 0.999884427 0.015081379 -1.975826502 0.008617123 -0.015097422 0.999848843 74.975578308
0.999962807 -0.001090582 -0.008555541 1.013706088 0.001219871 0.999884963 0.015121058 -1.976785183 0.008538065 -0.015130934 0.999849081 75.535232544
0.999960423 -0.001623106 -0.008744440 1.022828221 0.001753799 0.999886632 0.014959043 -1.980326533 0.008719167 -0.014973788 0.999849856 76.093223572
0.999956489 -0.002241631 -0.009055499 1.030814052 0.002377320 0.999884665 0.015001360 -1.997159839 0.009020826 -0.015022236 0.999846458 76.604621887
0.999960780 -0.001701011 -0.008693341 1.026615143 0.001832678 0.999883413 0.015160330 -2.007593632 0.008666540 -0.015175668 0.999847233 77.099769592
0.999961376 -0.001992075 -0.008552420 1.015117764 0.002114972 0.999894261 0.014384888 -2.002158165 0.008522861 -0.014402423 0.999859929 77.740837097
0.999960601 -0.002144501 -0.008613809 1.042220831 0.002274440 0.999883294 0.015103581 -2.020888329 0.008580416 -0.015122579 0.999848783 78.165168762
0.999960840 -0.001872156 -0.008640706 1.048754692 0.002002811 0.999883413 0.015137043 -2.030104637 0.008611358 -0.015153758 0.999848068 78.697364807
0.999962628 -0.001748830 -0.008466944 1.052336454 0.001875164 0.999886692 0.014936060 -2.037656784 0.008439865 -0.014951377 0.999852538 79.238601685
0.999962270 -0.002447605 -0.008336811 1.065500259 0.002571965 0.999885082 0.014938971 -2.041947365 0.008299290 -0.014959848 0.999853671 79.772644043
0.999973834 -0.001994282 -0.006947688 1.066390157 0.002095686 0.999890924 0.014618784 -2.046371937 0.006917778 -0.014632961 0.999868989 80.314453125
0.999980092 -0.002344512 -0.005856511 1.081507325 0.002430112 0.999889672 0.014651956 -2.054712772 0.005821515 -0.014665896 0.999875486 80.851577759
0.999985695 -0.002834524 -0.004534610 1.096520782 0.002899919 0.999890924 0.014480363 -2.057694912 0.004493071 -0.014493306 0.999884784 81.402053833
0.999995351 -0.002906028 -0.000977244 1.111643314 0.002919786 0.999892235 0.014384618 -2.065458775 0.000935337 -0.014387403 0.999896049 81.945945740
0.999990940 -0.003342164 0.002628251 1.135840654 0.003303592 0.999888718 0.014545952 -2.075257301 -0.002676575 -0.014537137 0.999890685 82.482406616
0.999979794 -0.002935974 0.005634634 1.161381602 0.002852431 0.999886751 0.014777768 -2.087404728 -0.005677383 -0.014761397 0.999874890 83.021415710
0.999942958 -0.003034657 0.010234239 1.205119610 0.002887987 0.999893367 0.014315763 -2.077287436 -0.010276591 -0.014285393 0.999845088 83.591339111
0.999860585 -0.001987669 0.016577214 1.202020288 0.001744794 0.999891102 0.014652757 -2.092369080 -0.016604530 -0.014621791 0.999755204 84.098838806
0.999749362 -0.002175780 0.022284577 1.232664347 0.001852629 0.999892950 0.014511471 -2.100377798 -0.022313764 -0.014466549 0.999646306 84.640800476
0.999606848 -0.002293018 0.027941816 1.270365477 0.001887599 0.999892712 0.014527144 -2.107936382 -0.027972126 -0.014468689 0.999503970 85.175888062
0.999362886 -0.002021479 0.035631031 1.308942676 0.001506630 0.999894202 0.014470409 -2.110552073 -0.035656512 -0.014407508 0.999260306 85.752563477
0.999038160 -0.002913192 0.043751825 1.354902983 0.002274980 0.999890327 0.014629801 -2.136000156 -0.043789655 -0.014516197 0.998935223 86.315666199
0.998731375 -0.003837440 0.050207343 1.405213356 0.003105096 0.999887764 0.014656267 -2.140448570 -0.050257955 -0.014481778 0.998631179 86.854682922
0.998259544 -0.003701141 0.058857523 1.460106850 0.002863286 0.999893486 0.014313295 -2.144217491 -0.058904227 -0.014119857 0.998163760 87.392753601
0.997623086 -0.004276678 0.068773225 1.515611172 0.003293686 0.999890864 0.014400288 -2.149932861 -0.068827294 -0.014139545 0.997528374 87.931358337
0.996971905 -0.004103728 0.077655792 1.571165562 0.002978831 0.999889016 0.014595978 -2.159906864 -0.077707067 -0.014320457 0.996873379 88.467979431
0.996319830 -0.004418714 0.085599281 1.638412476 0.003207433 0.999892831 0.014282959 -2.169121265 -0.085653208 -0.013955840 0.996227264 89.015396118
0.995339394 -0.004022361 0.096350439 1.709572315 0.002639496 0.999891758 0.014475607 -2.174247980 -0.096398227 -0.014153825 0.995242238 89.554328918
0.994319141 -0.004635937 0.106338643 1.811866760 0.003142311 0.999894023 0.014209196 -2.185589314 -0.106393240 -0.013794328 0.994228423 90.095092773
0.993279934 -0.005187182 0.115620278 1.902020454 0.003538580 0.999889195 0.014459469 -2.197177410 -0.115682468 -0.013953170 0.993188262 90.643852234
0.991862953 -0.004706324 0.127223015 1.986943245 0.002876238 0.999889851 0.014564754 -2.202448368 -0.127277553 -0.014080318 0.991767228 91.193748474
0.990369499 -0.005683365 0.138332322 2.090576172 0.003706201 0.999887347 0.014546246 -2.219018936 -0.138399422 -0.013893474 0.990279019 91.709648132
0.988815546 -0.006180897 0.149015531 2.195872307 0.004077366 0.999887705 0.014417565 -2.227873564 -0.149087936 -0.013648720 0.988729835 92.238136292
0.987165689 -0.006412150 0.159570381 2.308005333 0.004162789 0.999887288 0.014426637 -2.239291668 -0.159644887 -0.013577224 0.987081110 92.772491455
0.985008359 -0.006405907 0.172387630 2.428556442 0.004014027 0.999890864 0.014220039 -2.247476339 -0.172459900 -0.013314887 0.984926522 93.301536560
0.982803702 -0.007190114 0.184512913 2.551663399 0.004568595 0.999882519 0.014628993 -2.259128571 -0.184596419 -0.013534464 0.982721329 93.837051392
0.980775595 -0.007771735 0.194984153 2.672946930 0.005037339 0.999881983 0.014515627 -2.261634350 -0.195073947 -0.013254371 0.980699003 94.375091553
0.978113592 -0.007636335 0.207931370 2.810071945 0.004685973 0.999881268 0.014677996 -2.270656109 -0.208018765 -0.013382385 0.978033423 94.906196594
0.975265026 -0.008252021 0.220884711 2.963613510 0.005109823 0.999877512 0.014793142 -2.278654099 -0.220979735 -0.013298552 0.975187719 95.442138672
0.972657442 -0.008676286 0.232082233 3.107446671 0.005411118 0.999877274 0.014701929 -2.282600403 -0.232181311 -0.013044114 0.972585082 95.986824036
0.969891369 -0.010137422 0.243326753 3.278944016 0.006761094 0.999868989 0.014706837 -2.309877157 -0.243443996 -0.012618880 0.969832897 96.465476990
0.966244161 -0.009771683 0.257442713 3.438236237 0.006174727 0.999871671 0.014776630 -2.306276560 -0.257554114 -0.012688193 0.966180623 96.994544983
0.963061213 -0.011230743 0.269048244 3.620269775 0.007553069 0.999863386 0.014700498 -2.319945574 -0.269176543 -0.012125337 0.963014603 97.520156860
0.959727824 -0.010890058 0.280720860 3.812843323 0.006963796 0.999863565 0.014980098 -2.330992699 -0.280845642 -0.012421932 0.959672570 98.074462891
0.955451846 -0.010620751 0.294955492 3.989913940 0.006239433 0.999855876 0.015791340 -2.340226650 -0.295080662 -0.013247511 0.955380559 98.580772400
0.951108038 -0.011331627 0.308650345 4.206411362 0.006925335 0.999857903 0.015367790 -2.346061230 -0.308780700 -0.012478920 0.951051414 99.155029297
0.947400451 -0.011890084 0.319829494 4.412406921 0.007342603 0.999854088 0.015420604 -2.351062775 -0.319966167 -0.012261108 0.947349608 99.676895142
0.942975581 -0.012248053 0.332636625 4.613765717 0.007494073 0.999850631 0.015571040 -2.357274532 -0.332777739 -0.012190306 0.942926526 100.185203552
0.937961400 -0.012461232 0.346515447 4.835659027 0.007591140 0.999852479 0.015408249 -2.367473125 -0.346656352 -0.011821895 0.937917650 100.712280273
0.933317184 -0.012676220 0.358829409 5.059675217 0.007404741 0.999843597 0.016061295 -2.378886700 -0.358976930 -0.012333240 0.933264971 101.223808289
0.929150999 -0.013251307 0.369462967 5.280590057 0.007919024 0.999841571 0.015945408 -2.384810925 -0.369615674 -0.011889907 0.929108679 101.724014282
0.923666239 -0.013316812 0.382966518 5.524028778 0.007767105 0.999841213 0.016034003 -2.384256363 -0.383119315 -0.011835525 0.923623025 102.227104187
0.918081999 -0.013448714 0.396162331 5.771118164 0.007650956 0.999839306 0.016211411 -2.389810085 -0.396316648 -0.011852381 0.918037355 102.742988586
0.913048565 -0.014135829 0.407605827 6.018333435 0.008209927 0.999833643 0.016283909 -2.402714968 -0.407768279 -0.011521584 0.913012743 103.235786438
0.906937003 -0.014876403 0.421003342 6.279655457 0.008795474 0.999827147 0.016382027 -2.400341988 -0.421174288 -0.011154543 0.906911135 103.738769531
0.900238991 -0.014796994 0.435144633 6.542339325 0.008471396 0.999828279 0.016473088 -2.408602953 -0.435313702 -0.011143432 0.900209844 104.216362000
0.894155860 -0.015225722 0.447496891 6.807987213 0.008682460 0.999823272 0.016669521 -2.417586088 -0.447671622 -0.011019778 0.894130170 104.687515259
0.888900399 -0.016656229 0.457797527 7.090774536 0.009815506 0.999801874 0.017317530 -2.429943562 -0.457995325 -0.010900045 0.888887763 105.172180176
0.881797075 -0.016904758 0.471325815 7.369743347 0.010017164 0.999803305 0.017118359 -2.429279804 -0.471522510 -0.010373569 0.881793022 105.660087585
