1.000000000 0.000000000 0.000000000 0.000000000 0.000000000 1.000000000 0.000000000 0.000000000 0.000000000 0.000000000 1.000000000 0.000000000
1.000000000 -0.000166633 0.000001278 0.000070298 0.000166633 1.000000000 -0.000049636 0.000582970 -0.000001269 0.000049636 1.000000000 0.000483324
1.000000000 -0.000091634 0.000008237 -0.000112483 0.000091635 1.000000000 -0.000033020 0.000318228 -0.000008234 0.000033021 1.000000000 0.000046805
1.000000000 -0.000100913 0.000084608 -0.000030890 0.000100922 1.000000000 -0.000109096 0.001024358 -0.000084597 0.000109104 1.000000000 0.000785135
1.000000000 -0.000137253 -0.000013076 0.000812829 0.000137252 1.000000000 -0.000055748 0.001259652 0.000013084 0.000055746 1.000000000 0.000813075
1.000000000 0.000016985 0.000078531 -0.001264175 -0.000016985 1.000000000 -0.000003549 0.000046380 -0.000078531 0.000003548 1.000000000 -0.000727270
1.000000000 -0.000003432 0.000038325 -0.000935490 0.000003438 1.000000000 -0.000165147 0.000518679 -0.000038325 0.000165147 1.000000000 -0.000529138
1.000000000 0.000082717 0.000114350 -0.001254085 -0.000082716 1.000000000 -0.000007958 -0.000388653 -0.000114350 0.000007949 1.000000000 -0.000183047
1.000000000 0.000176870 0.000093402 -0.001886292 -0.000176872 1.000000000 0.000025047 -0.000496031 -0.000093397 -0.000025063 1.000000000 -0.000421486
1.000000000 0.000039597 0.000121262 -0.001145351 -0.000039580 1.000000000 -0.000142809 0.001080386 -0.000121268 0.000142804 1.000000000 0.000698193
1.000000000 0.000190595 0.000049040 -0.001142069 -0.000190589 1.000000000 -0.000122089 0.000622383 -0.000049064 0.000122080 1.000000000 -0.000608465
1.000000000 0.000039221 0.000083519 -0.000984276 -0.000039217 1.000000000 -0.000039718 0.000796491 -0.000083521 0.000039715 1.000000000 0.000264078
1.000000000 0.000186510 0.000102895 -0.000912111 -0.000186490 0.999999940 -0.000192040 0.002130245 -0.000102931 0.000192021 1.000000000 0.001598353
1.000000000 0.000117954 0.000061095 -0.000697492 -0.000117948 1.000000000 -0.000102651 0.000961363 -0.000061107 0.000102644 1.000000000 -0.000182943
0.999999940 0.000146942 0.000202163 -0.002058433 -0.000146903 1.000000000 -0.000190495 0.002221420 -0.000202191 0.000190465 0.999999940 0.001917368
0.999999940 0.000352297 0.000177363 -0.002609082 -0.000352265 0.999999940 -0.000182947 0.002322018 -0.000177427 0.000182885 0.999999940 0.002343204
0.999999940 0.000301126 0.000235998 -0.002538786 -0.000301090 0.999999940 -0.000153005 0.003001499 -0.000236044 0.000152934 0.999999940 0.003620401
0.999999940 0.000153222 0.000193463 -0.001582884 -0.000153198 1.000000000 -0.000120974 0.001526412 -0.000193482 0.000120944 1.000000000 0.002366185
0.999999940 0.000136116 0.000213917 -0.002173750 -0.000136115 1.000000000 -0.000007038 0.001186278 -0.000213918 0.000007009 1.000000000 0.001800934
0.999999940 0.000203450 0.000157861 -0.002006313 -0.000203447 1.000000000 -0.000024189 0.001774327 -0.000157866 0.000024156 1.000000000 0.001851509
0.999999940 0.000202051 0.000146590 -0.001768730 -0.000202043 1.000000000 -0.000054711 0.001498541 -0.000146601 0.000054681 1.000000000 0.002035709
1.000000000 0.000175436 0.000089201 -0.001902660 -0.000175430 1.000000000 -0.000069343 0.001513161 -0.000089213 0.000069328 1.000000000 0.001868785
0.999999940 0.000344852 0.000206419 -0.002748255 -0.000344828 0.999999940 -0.000113434 0.002108307 -0.000206458 0.000113362 1.000000000 0.002409436
0.999999940 0.000310336 0.000239092 -0.002371941 -0.000310309 0.999999940 -0.000114939 0.001758448 -0.000239128 0.000114865 0.999999940 0.002134103
0.999999940 0.000172390 0.000213941 -0.001355339 -0.000172366 1.000000000 -0.000111780 0.002790015 -0.000213961 0.000111743 1.000000000 0.003911418
0.999999940 0.000252581 0.000236600 -0.002509313 -0.000252573 0.999999940 -0.000034849 0.001570177 -0.000236608 0.000034789 1.000000000 0.002193747
1.000000000 0.000160529 0.000131632 -0.001436464 -0.000160517 1.000000000 -0.000093717 0.002294297 -0.000131647 0.000093696 1.000000000 0.002163373
1.000000000 0.000061861 0.000150698 -0.001801917 -0.000061852 1.000000000 -0.000060655 0.001465233 -0.000150702 0.000060646 1.000000000 0.001827871
0.999999940 0.000154450 0.000200023 -0.001622902 -0.000154436 1.000000000 -0.000069298 0.001225798 -0.000200034 0.000069267 1.000000000 0.001853635
0.999999940 0.000167168 0.000183553 -0.001387350 -0.000167142 1.000000000 -0.000142908 0.002129595 -0.000183577 0.000142877 1.000000000 0.002803450
0.999999940 0.000250806 0.000202259 -0.001629225 -0.000250781 0.999999940 -0.000120074 0.002311365 -0.000202289 0.000120023 1.000000000 0.002577489
0.999999940 0.000295130 0.000267424 -0.002310559 -0.000295125 0.999999940 -0.000019328 0.001055887 -0.000267430 0.000019249 0.999999940 0.001468890
0.999999940 0.000311841 0.000218624 -0.002642637 -0.000311812 0.999999940 -0.000133571 0.001524216 -0.000218665 0.000133503 0.999999940 0.002089084
0.999999940 0.000253711 0.000218731 -0.001614266 -0.000253669 0.999999940 -0.000190249 0.001998675 -0.000218780 0.000190194 0.999999940 0.001562023
1.000000000 0.000120200 0.000190590 -0.001748193 -0.000120176 1.000000000 -0.000127887 0.001609368 -0.000190605 0.000127864 1.000000000 0.002180370
1.000000000 0.000145335 0.000180277 -0.001927234 -0.000145318 1.000000000 -0.000095112 0.002945415 -0.000180291 0.000095086 1.000000000 0.003216763
0.999999940 0.000255729 0.000238866 -0.002167710 -0.000255703 0.999999940 -0.000106035 0.002306846 -0.000238893 0.000105974 0.999999940 0.002475198
0.999999940 0.000332719 0.000165787 -0.001135022 -0.000332707 0.999999940 -0.000071179 0.002770398 -0.000165810 0.000071123 1.000000000 0.002537550
0.999999940 0.000260176 0.000188599 -0.001575962 -0.000260154 0.999999940 -0.000115321 0.001480308 -0.000188629 0.000115272 1.000000000 0.003149502
0.999999523 0.000702273 0.000651389 -0.012269731 -0.000702105 0.999999702 -0.000258997 -0.002941738 -0.000651570 0.000258540 0.999999762 0.054791059
0.999999583 0.000635561 0.000594075 -0.009852260 -0.000635112 0.999999523 -0.000755366 -0.005013516 -0.000594555 0.000754988 0.999999523 0.145198867
0.999999583 0.000637283 0.000509202 -0.001398842 -0.000636642 0.999998987 -0.001259247 -0.008373955 -0.000510004 0.001258922 0.999999106 0.252023369
0.999999702 0.000501068 0.000456447 0.002634790 -0.000500537 0.999999166 -0.001161841 -0.011852833 -0.000457029 0.001161612 0.999999285 0.383863837
0.999999762 0.000509763 0.000384400 0.004430003 -0.000509400 0.999999464 -0.000942281 -0.015613802 -0.000384880 0.000942085 0.999999583 0.526613176
0.999999821 0.000297806 0.000467213 0.009252663 -0.000297741 0.999999940 -0.000138732 -0.028442964 -0.000467254 0.000138593 0.999999881 0.668833196
0.999999821 0.000021440 0.000420251 0.015155978 -0.000021464 1.000000000 0.000056208 -0.032001819 -0.000420250 -0.000056217 0.999999940 0.830469251
0.999999762 0.000135037 0.000692142 0.010778408 -0.000134873 0.999999940 -0.000237823 -0.031568781 -0.000692174 0.000237729 0.999999762 1.008594751
0.999999702 0.000388729 0.000705992 0.014763178 -0.000388735 0.999999881 0.000009087 -0.037034295 -0.000705988 -0.000009361 0.999999821 1.185607314
0.999999642 0.000732685 0.000327729 0.020301219 -0.000732806 0.999999642 0.000369653 -0.045424644 -0.000327458 -0.000369893 0.999999881 1.370039582
0.999999285 0.001197667 0.000102279 0.022228669 -0.001197691 0.999999225 0.000234544 -0.048846409 -0.000101998 -0.000234667 0.999999940 1.562045336
0.999999762 0.000235310 0.000689051 0.026126862 -0.000235587 0.999999881 0.000401011 -0.055120766 -0.000688957 -0.000401173 0.999999702 1.763815045
0.999999523 0.000670833 0.000858535 0.027178109 -0.000671275 0.999999642 0.000514195 -0.059738431 -0.000858190 -0.000514771 0.999999464 1.965288401
0.999999702 0.000127126 0.000767315 0.034998007 -0.000127296 1.000000000 0.000222560 -0.063709415 -0.000767287 -0.000222657 0.999999702 2.178020000
0.999999881 0.000137595 0.000695087 0.040195398 -0.000138108 0.999999702 0.000738625 -0.071060993 -0.000694985 -0.000738721 0.999999404 2.401373863
0.999999523 0.000583466 0.000812356 0.046335440 -0.000583884 0.999999702 0.000513706 -0.077598043 -0.000812056 -0.000514180 0.999999523 2.619583130
0.999999523 0.000139617 0.000888169 0.051839091 -0.000140189 0.999999702 0.000643850 -0.083157800 -0.000888079 -0.000643974 0.999999404 2.853744507
0.999999464 0.000004266 0.000973087 0.054560486 -0.000004871 0.999999702 0.000621289 -0.088240959 -0.000973085 -0.000621293 0.999999344 3.094250441
0.999999702 0.000485388 0.000793535 0.060104143 -0.000485964 0.999999642 0.000725348 -0.095612660 -0.000793182 -0.000725734 0.999999404 3.335602283
0.999999404 0.000408680 0.000985951 0.062812530 -0.000409815 0.999999225 0.001151778 -0.105123930 -0.000985479 -0.001152181 0.999998868 3.583790541
0.999999225 0.000668630 0.000994625 0.067088865 -0.000669625 0.999999285 0.001000737 -0.110594258 -0.000993955 -0.001001403 0.999999046 3.839993000
0.999999046 0.000807283 0.001110232 0.070831560 -0.000808061 0.999999344 0.000700163 -0.114642374 -0.001109666 -0.000701060 0.999999106 4.103039265
0.999999404 0.000391139 0.001083034 0.079451263 -0.000392038 0.999999583 0.000829976 -0.119672015 -0.001082708 -0.000830400 0.999999106 4.361676693
0.999998629 0.000667511 0.001498161 0.078897864 -0.000668632 0.999999404 0.000748083 -0.126846984 -0.001497661 -0.000749084 0.999998629 4.621953487
0.999998748 0.000952500 0.001246749 0.086513475 -0.000953633 0.999999106 0.000908867 -0.135837168 -0.001245882 -0.000910054 0.999998808 4.868365765
0.999998152 0.001306008 0.001402833 0.091696076 -0.001307642 0.999998450 0.001164447 -0.143705145 -0.001401311 -0.001166279 0.999998331 5.128152370
0.999998033 0.001031052 0.001677944 0.093379281 -0.001033058 0.999998748 0.001195268 -0.152476102 -0.001676709 -0.001196999 0.999997854 5.390313625
0.999999106 0.000569043 0.001207937 0.098909847 -0.000570607 0.999998987 0.001295260 -0.163583592 -0.001207199 -0.001295948 0.999998450 5.649742126
0.999997437 0.001022229 0.001990759 0.098433338 -0.001024423 0.999998868 0.001101202 -0.167862341 -0.001989632 -0.001103239 0.999997377 5.920371532
0.999996841 0.001329230 0.002128243 0.101054162 -0.001331816 0.999998450 0.001214366 -0.178988978 -0.002126625 -0.001217197 0.999996960 6.198719978
0.999996722 0.001534421 0.002029079 0.116539985 -0.001536947 0.999997973 0.001244108 -0.178040445 -0.002027166 -0.001247223 0.999997139 6.492829323
0.999996483 0.001549311 0.002165664 0.113359220 -0.001551974 0.999998033 0.001228763 -0.188696146 -0.002163755 -0.001232120 0.999996901 6.779592037
0.999996424 0.001681958 0.002078390 0.121342994 -0.001684424 0.999997854 0.001184974 -0.198172301 -0.002076393 -0.001188470 0.999997139 7.076740742
0.999997675 0.001310228 0.001718955 0.130445436 -0.001312737 0.999998033 0.001459614 -0.209029943 -0.001717039 -0.001461867 0.999997497 7.373799801
0.999998271 0.000532902 0.001792775 0.140576988 -0.000535322 0.999998868 0.001349721 -0.221226886 -0.001792054 -0.001350678 0.999997437 7.685389519
0.999997795 0.000952553 0.001868643 0.149239510 -0.000954741 0.999998808 0.001169965 -0.226803243 -0.001867526 -0.001171746 0.999997556 8.007967949
0.999995589 0.001394038 0.002600720 0.139069349 -0.001395940 0.999998689 0.000729607 -0.231179133 -0.002599700 -0.000733234 0.999996364 8.321475029
0.999996901 0.001003981 0.002249935 0.150406912 -0.001005224 0.999999285 0.000551216 -0.237870559 -0.002249380 -0.000553476 0.999997318 8.647594452
0.999996245 0.001259709 0.002440235 0.157286778 -0.001261750 0.999998808 0.000834707 -0.252673924 -0.002439180 -0.000837782 0.999996662 8.967563629
0.999997258 0.001173770 0.002049831 0.167115420 -0.001175905 0.999998748 0.001040821 -0.265572041 -0.002048607 -0.001043229 0.999997318 9.310010910
0.999995291 0.002022425 0.002306647 0.174369305 -0.002025337 0.999997079 0.001261031 -0.276232660 -0.002304091 -0.001265697 0.999996543 9.642276764
0.999995530 0.001823811 0.002369969 0.179225445 -0.001827543 0.999997079 0.001573483 -0.284526736 -0.002367093 -0.001577807 0.999995947 9.994310379
0.999995530 0.001671539 0.002480611 0.186918423 -0.001674592 0.999997973 0.001229375 -0.296749294 -0.002478551 -0.001233524 0.999996185 10.341435432
0.999995112 0.001745355 0.002588553 0.198355064 -0.001748412 0.999997795 0.001179116 -0.303056300 -0.002586489 -0.001183637 0.999995887 10.725685120
0.999995828 0.001503977 0.002431672 0.206528097 -0.001506757 0.999998212 0.001142044 -0.311132848 -0.002429950 -0.001145704 0.999996364 11.093801498
0.999997318 0.000754501 0.002190133 0.223391667 -0.000758208 0.999998212 0.001692095 -0.323397517 -0.002188852 -0.001693751 0.999996185 11.453808784
0.999994457 0.001968655 0.002676535 0.225596756 -0.001972638 0.999996901 0.001486311 -0.330982268 -0.002673601 -0.001491582 0.999995291 11.831382751
0.999996722 0.001507758 0.002068714 0.243108124 -0.001511863 0.999996841 0.001984383 -0.346418679 -0.002065715 -0.001987505 0.999995887 12.216552734
0.999996603 0.001142918 0.002342002 0.255369306 -0.001148245 0.999996722 0.002274400 -0.360688806 -0.002339395 -0.002277082 0.999994695 12.604066849
0.999994338 0.002128374 0.002606313 0.254614145 -0.002132862 0.999996245 0.001720383 -0.364560783 -0.002602642 -0.001725933 0.999995112 13.026412964
0.999995589 0.001319622 0.002658270 0.263916850 -0.001324725 0.999997258 0.001918690 -0.379313707 -0.002655731 -0.001922203 0.999994636 13.411246300
0.999993622 0.002109207 0.002881623 0.265205652 -0.002115280 0.999995470 0.002106092 -0.394810557 -0.002877168 -0.002112174 0.999993622 13.811383247
0.999992073 0.002334439 0.003202708 0.273194849 -0.002340765 0.999995232 0.001972777 -0.402624071 -0.003198088 -0.001980258 0.999992907 14.224683762
0.999990642 0.002459412 0.003554279 0.281253874 -0.002466185 0.999995112 0.001902560 -0.416406125 -0.003549583 -0.001911308 0.999991834 14.643603325
0.999991715 0.001809771 0.003654151 0.298981756 -0.001816467 0.999996662 0.001829893 -0.428540021 -0.003650827 -0.001836515 0.999991655 15.072938919
0.999989927 0.002521974 0.003699384 0.313533604 -0.002529445 0.999994755 0.002016174 -0.442328334 -0.003694280 -0.002025511 0.999991119 15.508627892
0.999987066 0.002482320 0.004444977 0.319785833 -0.002490857 0.999995053 0.001916033 -0.453443617 -0.004440199 -0.001927080 0.999988258 15.949578285
0.999987364 0.002303082 0.004461423 0.330257297 -0.002312741 0.999994934 0.002160845 -0.467693210 -0.004456423 -0.002171135 0.999987721 16.368633270
0.999985993 0.002818925 0.004482412 0.335554183 -0.002828419 0.999993742 0.002113102 -0.480635434 -0.004476426 -0.002125750 0.999987721 16.810373306
0.999982595 0.002606095 0.005290902 0.342374951 -0.002618686 0.999993682 0.002374280 -0.506039262 -0.005284682 -0.002388094 0.999983191 17.257698059
0.999981999 0.002997414 0.005190622 0.361814380 -0.003011400 0.999991834 0.002688875 -0.516302884 -0.005182520 -0.002704459 0.999982893 17.718233109
0.999983668 0.002735550 0.005018746 0.377753258 -0.002745591 0.999994159 0.001994909 -0.523454487 -0.005013259 -0.002008656 0.999985397 18.184955597
0.999980807 0.002026309 0.005859740 0.377920389 -0.002043989 0.999993384 0.003012957 -0.545784771 -0.005853596 -0.003024877 0.999978304 18.659805298
0.999977529 0.002506824 0.006229139 0.388914883 -0.002525257 0.999992490 0.002953028 -0.553572834 -0.006221691 -0.002968692 0.999976277 19.137437820
0.999977350 0.002583199 0.006203350 0.412462890 -0.002601949 0.999992073 0.003016470 -0.585138798 -0.006195508 -0.003032543 0.999976218 19.602630615
0.999975979 0.002955257 0.006263542 0.416479528 -0.002976131 0.999990046 0.003325924 -0.600070298 -0.006253651 -0.003344485 0.999974847 20.087400436
0.999977708 0.002179023 0.006309210 0.436994791 -0.002197102 0.999993503 0.002859947 -0.612964272 -0.006302937 -0.002873746 0.999975979 20.536476135
0.999985933 0.001588507 0.005056957 0.468632340 -0.001602737 0.999994695 0.002811094 -0.632339716 -0.005052464 -0.002819160 0.999983191 21.061788559
0.999979258 0.003085614 0.005656503 0.463617563 -0.003102484 0.999990761 0.002975972 -0.637919486 -0.005647268 -0.002993459 0.999979556 21.555747986
0.999978125 0.003055581 0.005869853 0.467810273 -0.003075249 0.999989688 0.003344436 -0.658690035 -0.005859573 -0.003362415 0.999977112 22.060997009
0.999982536 0.002915983 0.005149825 0.484187812 -0.002933293 0.999989986 0.003356800 -0.671667814 -0.005139986 -0.003371847 0.999981046 22.577770233
0.999991894 0.001506249 0.003737149 0.505759239 -0.001517202 0.999994516 0.002929623 -0.685957670 -0.003732716 -0.002935269 0.999988735 23.061113358
0.999990821 0.001919669 0.003829363 0.509634376 -0.001933895 0.999991179 0.003714700 -0.711610317 -0.003822198 -0.003722071 0.999985754 23.583654404
0.999993086 0.001178193 0.003534743 0.515461326 -0.001190871 0.999992847 0.003586867 -0.727572501 -0.003530492 -0.003591052 0.999987304 24.107986450
0.999994993 0.001775838 0.002592101 0.539620519 -0.001784988 0.999992132 0.003532263 -0.735201597 -0.002585808 -0.003536872 0.999990404 24.663309097
0.999997675 0.000885789 0.001957187 0.542187154 -0.000893254 0.999992311 0.003816803 -0.758382976 -0.001953792 -0.003818542 0.999990821 25.212215424
0.999998331 0.001513539 0.000982523 0.565955758 -0.001517557 0.999990463 0.004101767 -0.768231273 -0.000976305 -0.004103251 0.999991119 25.770189285
0.999998033 0.001609560 0.001159345 0.568346202 -0.001613447 0.999993026 0.003360164 -0.782505810 -0.001153929 -0.003362028 0.999993622 26.324800491
0.999998391 0.001428452 0.001048475 0.578577340 -0.001433086 0.999989152 0.004432519 -0.799909830 -0.001042132 -0.004434014 0.999989629 26.866704941
0.999999106 0.001347661 0.000101932 0.599007189 -0.001348063 0.999990880 0.004051511 -0.817812204 -0.000096471 -0.004051645 0.999991775 27.426401138
0.999998450 0.001790706 0.000060450 0.606826961 -0.001790922 0.999991298 0.003778808 -0.829788208 -0.000053683 -0.003778910 0.999992907 27.982793808
0.999996901 0.002476147 -0.000235510 0.628547728 -0.002475241 0.999989808 0.003769779 -0.844520390 0.000244842 -0.003769184 0.999992847 28.533910751
0.999996603 0.002533465 -0.000489942 0.637576103 -0.002531446 0.999988496 0.004079592 -0.854743183 0.000500272 -0.004078338 0.999991536 29.106006622
0.999996305 0.002579738 -0.000826730 0.642138422 -0.002576210 0.999987721 0.004241078 -0.871997237 0.000837660 -0.004238932 0.999990642 29.646995544
0.999997079 0.001972238 -0.001402980 0.657163143 -0.001966154 0.999988675 0.004324296 -0.881619692 0.001411492 -0.004321524 0.999989688 30.191631317
0.999995947 0.002370249 -0.001537184 0.677401721 -0.002363600 0.999987900 0.004312424 -0.898456693 0.001547387 -0.004308773 0.999989510 30.720304489
0.999994993 0.002724806 -0.001594151 0.681083620 -0.002716875 0.999984026 0.004956474 -0.916409373 0.001607631 -0.004952118 0.999986470 31.259012222
0.999991536 0.003660103 -0.001903801 0.686757565 -0.003651509 0.999983191 0.004498272 -0.923418880 0.001920233 -0.004491282 0.999988139 31.813451767
0.999994457 0.002619250 -0.002020784 0.703087747 -0.002609954 0.999986053 0.004588879 -0.943318725 0.002032776 -0.004583580 0.999987423 32.367465973
0.999992430 0.002866819 -0.002623644 0.706825554 -0.002854654 0.999985218 0.004628517 -0.961568177 0.002636875 -0.004620993 0.999985874 32.909023285
0.999993026 0.002275088 -0.002940989 0.724452436 -0.002261547 0.999986887 0.004599164 -0.966965497 0.002951414 -0.004592481 0.999985099 33.465011597
0.999994218 0.001780933 -0.002866538 0.739106178 -0.001766676 0.999986112 0.004968576 -0.986972630 0.002875347 -0.004963485 0.999983549 33.985759735
0.999993443 0.001847334 -0.003123904 0.741684854 -0.001832956 0.999987662 0.004599393 -0.993203223 0.003132364 -0.004593636 0.999984562 34.534328461
0.999992371 0.001895594 -0.003426158 0.754323840 -0.001880058 0.999987960 0.004532103 -1.012698770 0.003434708 -0.004525627 0.999983847 35.060317993
0.999990344 0.001199596 -0.004232091 0.788469374 -0.001181399 0.999990046 0.004299528 -1.014394999 0.004237208 -0.004294487 0.999981761 35.631946564
0.999987900 0.001392221 -0.004725169 0.802500248 -0.001374303 0.999991834 0.003793114 -1.031297088 0.004730412 -0.003786574 0.999981642 36.173259735
0.999992967 0.001607550 -0.003383988 0.780293465 -0.001593826 0.999990523 0.004054376 -1.045988083 0.003390474 -0.004048955 0.999986053 36.726612091
0.999988854 0.001883118 -0.004311772 0.789036989 -0.001865211 0.999989629 0.004153155 -1.049395561 0.004319548 -0.004145066 0.999982059 37.268295288
0.999987841 0.002349933 -0.004328430 0.797469914 -0.002332355 0.999988973 0.004061497 -1.061389327 0.004337927 -0.004051352 0.999982357 37.823562622
0.999990463 0.001458841 -0.004114550 0.820013583 -0.001441699 0.999990225 0.004166405 -1.081672668 0.004120589 -0.004160433 0.999982774 38.362819672
0.999991059 0.001824433 -0.003807246 0.823400021 -0.001810533 0.999991655 0.003651105 -1.094107985 0.003813875 -0.003644179 0.999986053 38.911087036
0.999989331 0.001762304 -0.004292852 0.832927108 -0.001745472 0.999990761 0.003921277 -1.105359674 0.004299723 -0.003913742 0.999983072 39.442436218
0.999989152 0.001820037 -0.004291466 0.842454076 -0.001803773 0.999991179 0.003790572 -1.119770408 0.004298327 -0.003782789 0.999983549 39.988906860
0.999986529 0.002355892 -0.004610582 0.855458617 -0.002337622 0.999989331 0.003963707 -1.137785435 0.004619871 -0.003952876 0.999981523 40.518592834
0.999988258 0.001858104 -0.004479195 0.864713907 -0.001842009 0.999991834 0.003594716 -1.142800212 0.004485838 -0.003586423 0.999983490 41.069076538
0.999987602 0.001995892 -0.004570636 0.873220384 -0.001977379 0.999989867 0.004051342 -1.157804012 0.004578676 -0.004042253 0.999981403 41.610260010
0.999984562 0.002503965 -0.004956686 0.884587705 -0.002484704 0.999989331 0.003888118 -1.173091412 0.004966369 -0.003875742 0.999980152 42.141555786
0.999984503 0.002974880 -0.004700614 0.894904733 -0.002956917 0.999988258 0.003823654 -1.186621428 0.004711933 -0.003809696 0.999981701 42.691287994
0.999985039 0.003097830 -0.004510080 0.904580057 -0.003080602 0.999987960 0.003821914 -1.204853296 0.004521864 -0.003807964 0.999982476 43.208183289
0.999986351 0.002306198 -0.004687756 0.905384302 -0.002287609 0.999989510 0.003967225 -1.216449022 0.004696856 -0.003956447 0.999981105 43.760532379
0.999988139 0.002589714 -0.004112028 0.910804152 -0.002573905 0.999989331 0.003845425 -1.227816701 0.004121942 -0.003834797 0.999984145 44.306461334
0.999987781 0.002037366 -0.004502357 0.917449534 -0.002020212 0.999990821 0.003811407 -1.245111704 0.004510080 -0.003802265 0.999982595 44.828681946
0.999986529 0.002181340 -0.004691318 0.927974582 -0.002164658 0.999991417 0.003558017 -1.256477714 0.004699039 -0.003547815 0.999982655 45.393493652
0.999986708 0.002020367 -0.004741507 0.937715590 -0.002006896 0.999993920 0.002844056 -1.261826038 0.004747224 -0.002834503 0.999984741 45.937633514
0.999988079 0.001765462 -0.004533276 0.943377912 -0.001751791 0.999993861 0.003017746 -1.278239012 0.004538576 -0.003009768 0.999985158 46.471279144
0.999987423 0.002770195 -0.004210050 0.951520145 -0.002757077 0.999991357 0.003118439 -1.291125894 0.004218653 -0.003106792 0.999986291 47.008163452
0.999984801 0.002512453 -0.004913642 0.959510088 -0.002494651 0.999990284 0.003625567 -1.306344271 0.004922702 -0.003613254 0.999981284 47.559085846
0.999984860 0.003235301 -0.004441564 0.965939462 -0.003220827 0.999989510 0.003262020 -1.320662022 0.004452069 -0.003247665 0.999984741 48.097385406
0.999986231 0.002583916 -0.004572561 0.976371765 -0.002566662 0.999989569 0.003775032 -1.340107799 0.004582268 -0.003763244 0.999982417 48.632019043
0.999983251 0.002622577 -0.005145614 0.986658454 -0.002606750 0.999991834 0.003080275 -1.345747232 0.005153650 -0.003066810 0.999981999 49.178310394
0.999983013 0.002962085 -0.005015234 0.998352706 -0.002944506 0.999989450 0.003508954 -1.371142626 0.005025574 -0.003494127 0.999981284 49.701633453
0.999983370 0.002991336 -0.004918489 0.998800337 -0.002975692 0.999990523 0.003184933 -1.373481274 0.004927969 -0.003170243 0.999982774 50.252346039
0.999984324 0.003206552 -0.004585402 1.002068996 -0.003190313 0.999988675 0.003544437 -1.392666578 0.004596715 -0.003529753 0.999983191 50.776607513
0.999986470 0.003079584 -0.004192747 1.010055423 -0.003064013 0.999988317 0.003715058 -1.408129096 0.004204139 -0.003702161 0.999984324 51.325149536
0.999985039 0.002756758 -0.004727195 1.022720456 -0.002738501 0.999988794 0.003864166 -1.421156406 0.004737794 -0.003851162 0.999981344 51.868324280
0.999985337 0.003225967 -0.004355585 1.026300550 -0.003209892 0.999988019 0.003692311 -1.436606646 0.004367443 -0.003678275 0.999983609 52.407852173
0.999985516 0.002972466 -0.004487143 1.039767981 -0.002955628 0.999988496 0.003754377 -1.450048208 0.004498252 -0.003741060 0.999982893 52.942569733
0.999986112 0.003209725 -0.004172309 1.045708299 -0.003196103 0.999989569 0.003267410 -1.461344600 0.004182753 -0.003254030 0.999985874 53.486812592
0.999985814 0.003643992 -0.003888299 1.051725149 -0.003632685 0.999989152 0.002910689 -1.475991011 0.003898864 -0.002896522 0.999988198 54.028869629
0.999984860 0.003746399 -0.004023318 1.059799433 -0.003734434 0.999988556 0.002977399 -1.489600420 0.004034426 -0.002962329 0.999987483 54.568321228
0.999985993 0.003675603 -0.003805078 1.066924572 -0.003665505 0.999989748 0.002657265 -1.500735879 0.003814805 -0.002643280 0.999989271 55.118717194
0.999985456 0.003367678 -0.004201414 1.081495285 -0.003356874 0.999991059 0.002575947 -1.511559606 0.004210050 -0.002561806 0.999987841 55.708572388
0.999985754 0.003346972 -0.004163378 1.090067983 -0.003334076 0.999989748 0.003100395 -1.529863358 0.004173712 -0.003086471 0.999986529 56.259555817
0.999984980 0.003869752 -0.003874552 1.098200560 -0.003858923 0.999988616 0.002798530 -1.543423414 0.003885336 -0.002783536 0.999988496 56.813602448
0.999985337 0.004054822 -0.003577672 1.103717327 -0.004044469 0.999987602 0.002895958 -1.556828618 0.003589371 -0.002881446 0.999989390 57.350769043
0.999985278 0.003707230 -0.003960793 1.118820429 -0.003696429 0.999989390 0.002730866 -1.572670698 0.003970875 -0.002716185 0.999988437 57.888164520
0.999986351 0.003832605 -0.003545346 1.128242373 -0.003823233 0.999989212 0.002646418 -1.586695910 0.003555450 -0.002632827 0.999990165 58.422393799
0.999985874 0.003819375 -0.003689735 1.134273529 -0.003809134 0.999988914 0.002778765 -1.600670934 0.003700307 -0.002764672 0.999989331 58.957710266
0.999986053 0.003790174 -0.003710015 1.143499017 -0.003781192 0.999989927 0.002425250 -1.618373990 0.003719171 -0.002411188 0.999990106 59.489833832
0.999985218 0.003522338 -0.004135082 1.154811740 -0.003512269 0.999990821 0.002439715 -1.632931590 0.004143638 -0.002425156 0.999988496 60.036865234
0.999983907 0.003608098 -0.004382291 1.163100243 -0.003596721 0.999990165 0.002601140 -1.646117210 0.004391632 -0.002585336 0.999986947 60.585300446
0.999984801 0.004270774 -0.003480366 1.169033170 -0.004263013 0.999988377 0.002234463 -1.661409378 0.003489868 -0.002219592 0.999991417 61.132022858
0.999986827 0.003917940 -0.003319421 1.181449652 -0.003908966 0.999988616 0.002705964 -1.677717566 0.003329985 -0.002692952 0.999990821 61.676074982
0.999985993 0.004366014 -0.002992198 1.183111787 -0.004358833 0.999987602 0.002402225 -1.694280744 0.003002650 -0.002389149 0.999992609 62.215423584
0.999984920 0.005121465 -0.001972089 1.182086945 -0.005117214 0.999984503 0.002154213 -1.704741716 0.001983092 -0.002144088 0.999995649 62.752849579
0.999982238 0.005489586 -0.002368295 1.192646980 -0.005484484 0.999982655 0.002155640 -1.715703130 0.002380088 -0.002142613 0.999994874 63.279453278
0.999983251 0.005317525 -0.002279464 1.197871208 -0.005312757 0.999983668 0.002093477 -1.733221531 0.002290560 -0.002081332 0.999995232 63.808227539
0.999982178 0.005634822 -0.001981337 1.204784632 -0.005629859 0.999981046 0.002500735 -1.750683904 0.001995390 -0.002489535 0.999994934 64.318962097
0.999980927 0.005958992 -0.001641800 1.211270928 -0.005955853 0.999980450 0.001909284 -1.758754492 0.001653145 -0.001899469 0.999996841 64.854232788
0.999982774 0.005626386 -0.001656820 1.222340226 -0.005623314 0.999982476 0.001853943 -1.775474668 0.001667222 -0.001844595 0.999996901 65.385490417
0.999982834 0.005764016 -0.001014448 1.231629252 -0.005762286 0.999981940 0.001702496 -1.786897898 0.001024243 -0.001696621 0.999998093 65.932205200
0.999983370 0.005599497 -0.001358886 1.233048439 -0.005596892 0.999982476 0.001915309 -1.802655697 0.001369587 -0.001907671 0.999997258 66.455009460
0.999984205 0.005238117 -0.002056737 1.250745773 -0.005234513 0.999984801 0.001754292 -1.814002275 0.002065895 -0.001743498 0.999996364 67.051750183
0.999980152 0.006248398 -0.000797637 1.249038458 -0.006247106 0.999979198 0.001612714 -1.832033277 0.000807699 -0.001607699 0.999998391 67.521926880
0.999980032 0.006228502 -0.001040423 1.259657383 -0.006227016 0.999979615 0.001426055 -1.848895907 0.001049283 -0.001419547 0.999998450 68.059585571
0.999980927 0.006087729 -0.001046180 1.269634128 -0.006086634 0.999980867 0.001046502 -1.861765027 0.001052530 -0.001040114 0.999998927 68.596267700
0.999980152 0.006209851 -0.001077491 1.274743319 -0.006208046 0.999979258 0.001672044 -1.876846313 0.001087853 -0.001665321 0.999998033 69.111885071
0.999977171 0.006679553 -0.001029098 1.287089586 -0.006678420 0.999977052 0.001097841 -1.890401125 0.001036407 -0.001090944 0.999998808 69.635574341
0.999981105 0.006117463 -0.000667484 1.298023343 -0.006116577 0.999980390 0.001320793 -1.906491876 0.000675551 -0.001316686 0.999998927 70.183403015
0.999980092 0.006235620 -0.000940235 1.304139972 -0.006235155 0.999980450 0.000497079 -1.910589695 0.000943317 -0.000491206 0.999999464 70.721771240
0.999980092 0.006217481 -0.001038603 1.310847044 -0.006216456 0.999980152 0.000985935 -1.929757476 0.001044714 -0.000979459 0.999998927 71.259674072
0.999983251 0.005631457 -0.001267912 1.323966980 -0.005630620 0.999983907 0.000662425 -1.941630363 0.001271623 -0.000655275 0.999998987 71.808486938
0.999982417 0.005847564 -0.001094909 1.327867508 -0.005846775 0.999982595 0.000724636 -1.959580183 0.001099128 -0.000718221 0.999999106 72.360054016
0.999982536 0.005815962 -0.001051680 1.341028571 -0.005815245 0.999982953 0.000684004 -1.972994685 0.001055640 -0.000677877 0.999999225 72.901840210
0.999980032 0.006215661 -0.001148059 1.349883795 -0.006214652 0.999980330 0.000878563 -1.989823103 0.001153498 -0.000871411 0.999998927 73.448867798
0.999979913 0.006280979 -0.000853649 1.360699773 -0.006280502 0.999980032 0.000560889 -2.005867004 0.000857154 -0.000555517 0.999999464 73.991172791
0.999980330 0.006229191 -0.000733558 1.371850610 -0.006228583 0.999980271 0.000827216 -2.019763470 0.000738696 -0.000822630 0.999999404 74.529571533
0.999980152 0.006229525 -0.000965519 1.384184122 -0.006228849 0.999980330 0.000701249 -2.037856340 0.000969869 -0.000695221 0.999999285 75.079887390
0.999978721 0.006438678 -0.001011644 1.400546312 -0.006438501 0.999979198 0.000177555 -2.050508499 0.001012765 -0.000171038 0.999999464 75.618843079
0.999975622 0.006945737 -0.000625946 1.402712464 -0.006945804 0.999975860 -0.000105647 -2.067353487 0.000625196 0.000109992 0.999999762 76.158843994
0.999978840 0.006450185 -0.000877563 1.419324040 -0.006450299 0.999979138 -0.000125179 -2.085810423 0.000876737 0.000130837 0.999999583 76.707595825
0.999979138 0.006315994 -0.001336980 1.434952736 -0.006316403 0.999980032 -0.000302884 -2.101002932 0.001335041 0.000311323 0.999998987 77.257133484
0.999977052 0.006578703 -0.001565235 1.445224285 -0.006578131 0.999978304 0.000370568 -2.121504068 0.001567639 -0.000360263 0.999998689 77.787490845
0.999978900 0.006392292 -0.001177651 1.453243017 -0.006392069 0.999979556 0.000194351 -2.140705347 0.001178869 -0.000186819 0.999999285 78.317352295
0.999977291 0.006685723 -0.000790767 1.462170839 -0.006685824 0.999977767 -0.000122178 -2.151068926 0.000789932 0.000127463 0.999999702 78.852813721
0.999977350 0.006606855 -0.001262971 1.477615833 -0.006606978 0.999978185 -0.000090966 -2.168761253 0.001262343 0.000099309 0.999999225 79.394538879
0.999978721 0.006454931 -0.000931542 1.490014911 -0.006454727 0.999979138 0.000222590 -2.189146757 0.000932958 -0.000216573 0.999999523 79.933708191
0.999976337 0.006879911 0.000118496 1.500117898 -0.006879907 0.999976337 -0.000033555 -2.203113079 -0.000118724 0.000032739 1.000000000 80.472518921
0.999974251 0.007017791 0.001481644 1.510020256 -0.007016696 0.999975026 -0.000742453 -2.213415384 -0.001486818 0.000732038 0.999998629 81.012458801
0.999975741 0.006480626 0.002545440 1.524400234 -0.006478620 0.999978721 -0.000795182 -2.228070974 -0.002550539 0.000778672 0.999996424 81.543640137
0.999971330 0.006629250 0.003659186 1.535315990 -0.006627475 0.999977827 -0.000496184 -2.244908333 -0.003662395 0.000471919 0.999993205 82.079666138
0.999949455 0.006827699 0.007373344 1.552412510 -0.006822661 0.999976456 -0.000708051 -2.261538982 -0.007378004 0.000657709 0.999972522 82.615097046
0.999907434 0.007419092 0.011403915 1.566015482 -0.007414264 0.999972343 -0.000465540 -2.275027514 -0.011407055 0.000380945 0.999934793 83.153686523
0.999863744 0.007814220 0.014541412 1.589873791 -0.007807777 0.999969363 -0.000499886 -2.294150114 -0.014544873 0.000386282 0.999894142 83.678565979
0.999802947 0.007482139 0.018385632 1.619840622 -0.007475751 0.999971986 -0.000416191 -2.314553976 -0.018388232 0.000278663 0.999830842 84.223480225
0.999668777 0.007549723 0.024603050 1.651140928 -0.007533121 0.999971330 -0.000767428 -2.327977180 -0.024608139 0.000581836 0.999696970 84.776679993
0.999490440 0.007878888 0.030931784 1.680309653 -0.007855724 0.999968767 -0.000870297 -2.346209526 -0.030937675 0.000626862 0.999521077 85.315704346
0.999278784 0.008098401 0.037098683 1.714267015 -0.008074203 0.999967098 -0.000802104 -2.363859177 -0.037103966 0.000501983 0.999311268 85.865386963
0.998925924 0.008054765 0.045633007 1.753340244 -0.008039396 0.999967515 -0.000520344 -2.384085655 -0.045635715 0.000152923 0.998958111 86.422065735
0.998487234 0.007925837 0.054409578 1.800354719 -0.007832261 0.999967456 -0.001932916 -2.391893864 -0.054423131 0.001503842 0.998516798 86.987625122
0.998104215 0.007063656 0.061141882 1.855349779 -0.006989210 0.999974549 -0.001431383 -2.410825253 -0.061150439 0.001001336 0.998128057 87.540870667
0.997486353 0.007515965 0.070458382 1.908725262 -0.007434038 0.999971271 -0.001424924 -2.428979158 -0.070467062 0.000897551 0.997513711 88.077201843
0.996727169 0.006764273 0.080554463 1.973802567 -0.006639832 0.999976337 -0.001812568 -2.447565079 -0.080564812 0.001271767 0.996748567 88.609458923
0.995962262 0.007125713 0.089489564 2.039933681 -0.006967638 0.999973536 -0.002078666 -2.457841396 -0.089502014 0.001446742 0.995985568 89.166191101
0.995248139 0.006580247 0.097148359 2.113438129 -0.006370673 0.999976635 -0.002467311 -2.475811005 -0.097162314 0.001836687 0.995266855 89.705772400
0.994250238 0.005982436 0.106914595 2.197303772 -0.005745830 0.999980271 -0.002520938 -2.494485378 -0.106927589 0.001892130 0.994265020 90.235923767
0.993029118 0.006126067 0.117709592 2.281881332 -0.005868129 0.999979496 -0.002537750 -2.509729862 -0.117722712 0.001829324 0.993044794 90.799751282
0.991912544 0.005264035 0.126813918 2.379162788 -0.004891183 0.999982715 -0.003251382 -2.522047997 -0.126828849 0.002604817 0.991921186 91.357261658
0.990320146 0.005465658 0.138694540 2.475979805 -0.005106241 0.999982595 -0.002947117 -2.539170027 -0.138708219 0.002210382 0.990330756 91.911026001
0.988419533 0.005485768 0.151646644 2.579083443 -0.005109107 0.999982774 -0.002873330 -2.559340954 -0.151659831 0.002065275 0.988430619 92.475074768
0.986799002 0.004663616 0.161882445 2.694121361 -0.004154460 0.999985337 -0.003483577 -2.573050022 -0.161896318 0.002765056 0.986803830 93.026252747
0.984874249 0.003962455 0.173225418 2.816503525 -0.003237584 0.999984741 -0.004466911 -2.576693058 -0.173240498 0.003838514 0.984871984 93.621383667
0.982970238 0.003264770 0.183735982 2.935488701 -0.002710301 0.999991000 -0.003268795 -2.609760523 -0.183745012 0.002715148 0.982970178 94.038856506
0.980240285 0.003002855 0.197787672 3.081242561 -0.002054427 0.999985397 -0.005000207 -2.608686686 -0.197799832 0.004495063 0.980232120 94.667991638
0.978098273 0.003050243 0.208121240 3.208747864 -0.002206049 0.999988317 -0.004288247 -2.630909920 -0.208131924 0.003735201 0.978093624 95.198837280
0.975313544 0.002251613 0.220813006 3.358852386 -0.001141586 0.999986053 -0.005154489 -2.646710396 -0.220821545 0.004775167 0.975302517 95.730964661
0.972217441 0.002757962 0.234063298 3.518548965 -0.001933713 0.999991119 -0.003750898 -2.676910400 -0.234071538 0.003194078 0.972214043 96.280929565
0.969550669 0.002582515 0.244877473 3.670200348 -0.001596539 0.999989748 -0.004224820 -2.691877127 -0.244885892 0.003705220 0.969544768 96.799865723
0.966892719 0.001209293 0.255180389 3.877748489 -0.000024405 0.999989152 -0.004646450 -2.688120842 -0.255183250 0.004486389 0.966882288 97.372703552
0.963443577 0.001463314 0.267907470 4.053646088 -0.000239706 0.999989390 -0.004599928 -2.705338001 -0.267911375 0.004367552 0.963433623 97.886497498
0.959790409 -0.000754095 0.280716598 4.242321014 0.002439790 0.999981046 -0.005655544 -2.710433960 -0.280707002 0.006113027 0.959774017 98.447776794
0.956405461 0.000092714 0.292042106 4.421379089 0.001200257 0.999990284 -0.004248169 -2.749461412 -0.292039573 0.004413498 0.956396043 98.936904907
0.952030241 -0.001221809 0.306001514 4.616172791 0.002785317 0.999985337 -0.004672903 -2.759515762 -0.305991232 0.005301056 0.952019691 99.455032349
0.947499514 -0.001716547 0.319752604 4.821371078 0.003392706 0.999983251 -0.004685090 -2.776578426 -0.319739193 0.005523946 0.947489500 99.972946167
0.943499923 -0.001533284 0.331369132 5.027915955 0.003491764 0.999979734 -0.005315003 -2.786722183 -0.331354231 0.006171767 0.943486214 100.499626160
0.938832939 -0.001123794 0.344371110 5.250190735 0.002589045 0.999989390 -0.003795028 -2.823248386 -0.344363153 0.004454489 0.938825965 101.012496948
0.933609486 -0.001287712 0.358289927 5.480443954 0.002819729 0.999988914 -0.003753462 -2.837380171 -0.358281165 0.004514548 0.933602810 101.523017883
0.928803146 -0.001243859 0.370571464 5.690446854 0.002855162 0.999988735 -0.003799641 -2.855875492 -0.370562553 0.004587160 0.928796232 102.021759033
0.924279928 -0.004089097 0.381693304 5.944812775 0.006210145 0.999971390 -0.004325290 -2.876312017 -0.381664604 0.006368150 0.924278915 102.543510437
0.918392718 -0.003913226 0.395650625 6.190692902 0.005725054 0.999977887 -0.003398730 -2.895540237 -0.395628601 0.005386491 0.918394744 103.043617249
0.912480295 -0.004528004 0.409095436 6.438354492 0.006702064 0.999970019 -0.003880840 -2.909575701 -0.409065634 0.006282974 0.912483335 103.540275574
0.907732606 -0.004685558 0.419522911 6.694892883 0.006800209 0.999970675 -0.003545340 -2.932620764 -0.419493973 0.006071064 0.907737851 103.994491577
0.901826560 -0.005300901 0.432065696 6.945823669 0.007643490 0.999963999 -0.003685532 -2.952832699 -0.432030618 0.006626201 0.901834607 104.520042419
0.895140648 -0.005310151 0.445752263 7.212646484 0.007500213 0.999966979 -0.003149217 -2.969536543 -0.445720822 0.006162229 0.895150840 105.008956909
0.889269054 -0.006312682 0.457340837 7.493667603 0.008630008 0.999958336 -0.002978041 -2.997885704 -0.457303017 0.006595134 0.889286518 105.495414734
0.883353889 -0.006773338 0.468657702 7.775596619 0.009345201 0.999951363 -0.003162460 -3.009858370 -0.468613446 0.007173272 0.883374214 105.973754883
0.875974834 -0.007114473 0.482304305 8.066070557 0.009507219 0.999951601 -0.002516991 -3.036056519 -0.482263058 0.006790195 0.876000106 106.449630737
0.868837059 -0.006612003 0.495054066 8.331020355 0.009034245 0.999956012 -0.002499876 -3.040852785 -0.495015800 0.006644424 0.868858576 106.952949524
0.862720966 -0.007989164 0.505617082 8.665596008 0.010771375 0.999938667 -0.002579065 -3.065692902 -0.505565345 0.007671205 0.862754285 107.388824463
