1.000000000 0.000000000 0.000000000 0.000000000 0.000000000 1.000000000 0.000000000 0.000000000 0.000000000 0.000000000 1.000000000 0.000000000
1.000000000 0.000079426 0.000035022 -0.000399469 -0.000079426 1.000000000 -0.000001869 -0.000521985 -0.000035022 0.000001866 1.000000000 -0.001058010
1.000000000 0.000025192 -0.000044925 0.004943419 -0.000025193 1.000000000 -0.000017710 -0.000182631 0.000044925 0.000017711 1.000000000 -0.002026748
1.000000000 0.000025727 0.000033132 -0.000085565 -0.000025727 1.000000000 -0.000018213 0.001004777 -0.000033133 0.000018212 1.000000000 0.002263397
1.000000000 -0.000015572 0.000064806 -0.001058044 0.000015573 1.000000000 -0.000020027 0.000615354 -0.000064806 0.000020028 1.000000000 0.001610072
1.000000000 0.000058348 0.000093920 -0.000402118 -0.000058355 1.000000000 0.000083807 0.000247757 -0.000093915 -0.000083812 1.000000000 -0.003782803
1.000000000 -0.000011263 0.000130345 -0.002681677 0.000011258 1.000000000 0.000038040 0.000985503 -0.000130345 -0.000038038 1.000000000 -0.001506668
1.000000000 0.000082478 0.000061249 -0.000130449 -0.000082477 1.000000000 -0.000014712 -0.000163381 -0.000061250 0.000014707 1.000000000 -0.000343040
1.000000000 -0.000020242 0.000047273 0.000065354 0.000020240 1.000000000 0.000028271 0.000106198 -0.000047273 -0.000028270 1.000000000 -0.000353391
1.000000000 -0.000009734 -0.000016721 -0.000720757 0.000009735 1.000000000 0.000039382 0.000348925 0.000016721 -0.000039382 1.000000000 -0.003813276
1.000000000 -0.000127346 0.000005129 0.000051222 0.000127346 1.000000000 0.000027078 -0.000812143 -0.000005132 -0.000027077 1.000000000 0.000321048
1.000000000 -0.000183105 -0.000003833 0.000098028 0.000183105 1.000000000 0.000016736 -0.000866959 0.000003830 -0.000016737 1.000000000 -0.001517477
1.000000000 -0.000046839 0.000109849 -0.000807454 0.000046836 1.000000000 0.000024181 0.000425760 -0.000109850 -0.000024176 1.000000000 -0.000693438
1.000000000 -0.000212685 0.000041144 -0.000013849 0.000212680 0.999999940 0.000122212 -0.000114496 -0.000041170 -0.000122203 1.000000000 -0.004790012
1.000000000 -0.000101524 0.000032783 -0.000403822 0.000101523 1.000000000 0.000036798 -0.000223576 -0.000032787 -0.000036794 1.000000000 -0.001253578
1.000000000 -0.000089742 0.000038822 -0.001161067 0.000089742 1.000000000 0.000006962 -0.000485879 -0.000038822 -0.000006959 1.000000000 -0.002147138
1.000000000 -0.000044544 -0.000001509 -0.001350876 0.000044544 1.000000000 0.000012181 0.000248314 0.000001508 -0.000012181 1.000000000 -0.004021755
1.000000000 -0.000211630 -0.000019671 0.000101343 0.000211631 1.000000000 0.000039376 -0.000187746 0.000019662 -0.000039380 1.000000000 -0.002295677
1.000000000 -0.000185333 -0.000020024 0.000455483 0.000185333 1.000000000 0.000040393 -0.001037608 0.000020016 -0.000040396 1.000000000 -0.006789761
1.000000000 -0.000142232 -0.000012045 0.001505075 0.000142233 1.000000000 0.000076449 -0.002172349 0.000012034 -0.000076451 1.000000000 -0.005284212
1.000000000 -0.000054381 0.000065589 -0.001023550 0.000054378 1.000000000 0.000050832 -0.002550587 -0.000065592 -0.000050828 1.000000000 -0.003731499
1.000000000 -0.000000132 0.000096570 -0.000723558 0.000000116 1.000000000 0.000164908 -0.002065444 -0.000096570 -0.000164908 1.000000000 -0.004908529
1.000000000 -0.000101906 0.000113380 -0.001362772 0.000101897 1.000000000 0.000084652 0.000843367 -0.000113389 -0.000084640 1.000000000 -0.006589501
1.000000000 -0.000082194 0.000001969 0.002013466 0.000082194 1.000000000 0.000084479 -0.000680790 -0.000001976 -0.000084478 1.000000000 -0.006470989
1.000000000 -0.000168040 -0.000004220 0.000406290 0.000168041 1.000000000 0.000109114 -0.001609706 0.000004202 -0.000109114 1.000000000 -0.004267384
1.000000000 -0.000005090 0.000138510 -0.004684890 0.000005087 1.000000000 0.000016633 -0.000021149 -0.000138510 -0.000016632 1.000000000 -0.001275011
1.000000000 -0.000180587 0.000043272 -0.003175079 0.000180584 1.000000000 0.000073822 0.000473969 -0.000043286 -0.000073814 1.000000000 -0.001357354
0.999999940 -0.000269837 -0.000011846 -0.002743382 0.000269838 0.999999940 0.000089365 0.001239661 0.000011822 -0.000089369 1.000000000 -0.001426861
1.000000000 -0.000176081 0.000000492 0.000337546 0.000176081 1.000000000 0.000082851 -0.001722565 -0.000000507 -0.000082851 1.000000000 0.001278933
1.000000000 -0.000220077 0.000077962 -0.002697604 0.000220070 1.000000000 0.000090460 0.000085012 -0.000077982 -0.000090443 1.000000000 0.004040018
1.000000000 -0.000189050 0.000084072 -0.003161687 0.000189038 1.000000000 0.000144167 -0.001202435 -0.000084099 -0.000144151 1.000000000 -0.003988866
1.000000000 -0.000163049 0.000052200 -0.000906031 0.000163041 1.000000000 0.000144842 -0.002048028 -0.000052224 -0.000144833 1.000000000 -0.003207722
1.000000000 0.000029086 0.000069491 -0.003587307 -0.000029089 1.000000000 0.000036725 0.000512864 -0.000069490 -0.000036727 1.000000000 -0.002613437
1.000000000 -0.000085523 0.000015021 -0.002700147 0.000085523 1.000000000 -0.000017115 0.001780146 -0.000015019 0.000017116 1.000000000 -0.002717123
1.000000000 -0.000086886 0.000011025 -0.002761285 0.000086886 1.000000000 0.000001102 0.001941921 -0.000011026 -0.000001101 1.000000000 0.000129279
1.000000000 -0.000047635 0.000032623 -0.002053659 0.000047633 1.000000000 0.000059313 -0.000474363 -0.000032625 -0.000059311 1.000000000 -0.004434370
1.000000000 -0.000220686 0.000030341 -0.002973492 0.000220682 0.999999940 0.000134632 -0.002483393 -0.000030371 -0.000134626 1.000000000 -0.001545839
1.000000000 -0.000043451 0.000076152 -0.000624752 0.000043443 1.000000000 0.000106854 -0.000485615 -0.000076157 -0.000106851 1.000000000 -0.000066732
0.999999940 -0.000295625 -0.000039285 0.000442884 0.000295631 0.999999940 0.000156134 -0.002392860 0.000039238 -0.000156146 1.000000000 -0.000064506
1.000000000 -0.000132526 0.000038193 0.001182457 0.000132546 0.999999821 -0.000529602 -0.005837281 -0.000038123 0.000529607 0.999999881 0.048772596
1.000000000 -0.000097974 0.000052853 0.002323495 0.000098035 0.999999344 -0.001158900 -0.004726951 -0.000052739 0.001158905 0.999999344 0.138763890
0.999999940 -0.000300927 -0.000088540 0.006627398 0.000300804 0.999998987 -0.001391718 -0.011502894 0.000088959 0.001391691 0.999999046 0.256375164
1.000000000 -0.000151722 0.000131118 0.003060276 0.000151881 0.999999225 -0.001213902 -0.017351048 -0.000130934 0.001213922 0.999999225 0.385710061
1.000000000 0.000109213 -0.000005609 0.008020923 -0.000109219 0.999999344 -0.001159990 -0.020939177 0.000005482 0.001159991 0.999999344 0.533710778
0.999999940 0.000316797 0.000133003 0.009539261 -0.000316655 0.999999404 -0.001066227 -0.023641435 -0.000133340 0.001066185 0.999999404 0.695653319
1.000000000 -0.000106741 0.000113660 0.017156828 0.000106833 0.999999642 -0.000807586 -0.029791869 -0.000113574 0.000807598 0.999999642 0.864372492
0.999999642 0.000795826 0.000199433 0.006797701 -0.000795664 0.999999344 -0.000810039 -0.023484463 -0.000200078 0.000809880 0.999999642 1.020395517
0.999999404 0.000954289 0.000440004 0.005466995 -0.000953918 0.999999166 -0.000841220 -0.030465826 -0.000440807 0.000840799 0.999999583 1.201225758
0.999999583 0.000892729 0.000081474 0.018846633 -0.000892697 0.999999523 -0.000388973 -0.038821805 -0.000081821 0.000388900 0.999999940 1.392179966
0.999999583 0.000809291 0.000055961 0.024235886 -0.000809280 0.999999642 -0.000191390 -0.053708773 -0.000056116 0.000191345 1.000000000 1.582764983
0.999999464 0.000849882 0.000456911 0.028206570 -0.000849864 0.999999583 -0.000040064 -0.057300121 -0.000456945 0.000039676 0.999999940 1.771451235
0.999999702 0.000663254 0.000376843 0.029331304 -0.000663379 0.999999762 0.000331747 -0.069537230 -0.000376623 -0.000331997 0.999999881 1.980151653
0.999999344 0.000963026 0.000656764 0.022979725 -0.000963044 0.999999523 0.000027102 -0.072430409 -0.000656737 -0.000027734 0.999999762 2.202570200
0.999999702 0.000689231 0.000429682 0.034544088 -0.000689290 0.999999702 0.000135151 -0.079503432 -0.000429589 -0.000135447 0.999999881 2.414713621
0.999999523 0.000857136 0.000366082 0.037222169 -0.000857282 0.999999523 0.000398869 -0.089797728 -0.000365740 -0.000399183 0.999999881 2.645699024
0.999999762 0.000567692 0.000359352 0.046852522 -0.000567956 0.999999583 0.000735511 -0.103308722 -0.000358934 -0.000735715 0.999999702 2.868614197
0.999999285 0.001119482 0.000478892 0.053853966 -0.001119814 0.999999166 0.000693921 -0.106542863 -0.000478115 -0.000694457 0.999999642 3.120078564
0.999999523 0.000898873 0.000442948 0.054246038 -0.000899077 0.999999464 0.000460782 -0.108253658 -0.000442533 -0.000461180 0.999999762 3.358971119
0.999999464 0.000893602 0.000442348 0.055854931 -0.000893815 0.999999464 0.000480252 -0.118033811 -0.000441919 -0.000480647 0.999999762 3.600288868
0.999998808 0.001474920 0.000493857 0.060408939 -0.001475242 0.999998689 0.000653112 -0.128316730 -0.000492893 -0.000653840 0.999999642 3.844350576
0.999999702 0.000480105 0.000601514 0.065430358 -0.000480735 0.999999344 0.001046883 -0.138823509 -0.000601011 -0.001047172 0.999999225 4.116181374
0.999999404 0.000916897 0.000567807 0.070325017 -0.000917663 0.999998689 0.001349274 -0.146882355 -0.000566569 -0.001349794 0.999998987 4.368765354
0.999999702 0.000471964 0.000487086 0.074186236 -0.000472591 0.999998987 0.001287310 -0.157424435 -0.000486478 -0.001287540 0.999999046 4.629243374
0.999999702 0.000491890 0.000569199 0.081825584 -0.000492583 0.999999166 0.001218915 -0.162607267 -0.000568599 -0.001219195 0.999999106 4.887648106
0.999999523 0.000576676 0.000793469 0.085317008 -0.000577647 0.999999106 0.001223623 -0.173006877 -0.000792763 -0.001224080 0.999998987 5.148093224
0.999999762 0.000467560 0.000535288 0.092566863 -0.000468380 0.999998689 0.001532661 -0.180245459 -0.000534571 -0.001532911 0.999998689 5.402624607
0.999999881 0.000240232 0.000546852 0.096666098 -0.000241069 0.999998808 0.001531264 -0.188898921 -0.000546483 -0.001531395 0.999998689 5.674186230
0.999999702 0.000240651 0.000765661 0.098535359 -0.000241833 0.999998808 0.001543114 -0.200313300 -0.000765289 -0.001543298 0.999998510 5.951021194
0.999999583 0.000416822 0.000877043 0.104600601 -0.000418277 0.999998510 0.001658933 -0.214651078 -0.000876351 -0.001659299 0.999998271 6.210166931
0.999999046 0.000446550 0.001287600 0.107339419 -0.000448776 0.999998450 0.001729209 -0.221033379 -0.001286826 -0.001729785 0.999997675 6.499645710
0.999999523 0.000583106 0.000760824 0.120265082 -0.000584312 0.999998569 0.001585526 -0.229533002 -0.000759899 -0.001585970 0.999998450 6.785326481
0.999999821 -0.000103412 0.000589526 0.135442659 0.000102417 0.999998569 0.001688131 -0.241017610 -0.000589699 -0.001688071 0.999998391 7.072861671
0.999999642 0.000719159 0.000676890 0.136276767 -0.000720477 0.999997973 0.001948597 -0.253895164 -0.000675488 -0.001949084 0.999997854 7.372591972
0.999999583 0.000694347 0.000594862 0.148172498 -0.000695533 0.999997735 0.001995731 -0.267954379 -0.000593475 -0.001996143 0.999997795 7.669573784
0.999999642 0.000451139 0.000662376 0.157040298 -0.000452501 0.999997735 0.002057096 -0.273277432 -0.000661446 -0.002057396 0.999997675 8.003553391
0.999999762 0.000272166 0.000529619 0.166685671 -0.000273302 0.999997616 0.002146470 -0.285794109 -0.000529033 -0.002146614 0.999997556 8.318198204
0.999999583 0.000588179 0.000716595 0.174128518 -0.000589633 0.999997795 0.002030077 -0.290894598 -0.000715399 -0.002030499 0.999997675 8.659451485
0.999998987 0.000800729 0.001175481 0.168346554 -0.000803585 0.999996781 0.002431094 -0.301165819 -0.001173530 -0.002432036 0.999996424 8.999822617
0.999998808 0.000648397 0.001375960 0.175219089 -0.000651397 0.999997437 0.002180801 -0.307217032 -0.001374542 -0.002181694 0.999996722 9.345781326
0.999999642 0.000297538 0.000820761 0.189577803 -0.000299674 0.999996543 0.002604326 -0.331256181 -0.000819983 -0.002604570 0.999996185 9.668462753
0.999999762 0.000081324 0.000654477 0.197932601 -0.000083127 0.999996126 0.002754640 -0.341112256 -0.000654250 -0.002754694 0.999995947 10.013816833
0.999999821 0.000036252 0.000591748 0.208040312 -0.000037853 0.999996364 0.002704120 -0.355425596 -0.000591647 -0.002704142 0.999996185 10.368140221
0.999999940 0.000304144 0.000432617 0.216514528 -0.000305417 0.999995708 0.002946189 -0.366091371 -0.000431719 -0.002946321 0.999995649 10.726541519
0.999999821 -0.000017835 0.000511805 0.220566943 0.000016185 0.999994814 0.003223468 -0.378470361 -0.000511860 -0.003223459 0.999994695 11.113950729
0.999999762 0.000477886 0.000729322 0.225982174 -0.000480385 0.999994099 0.003430490 -0.399114817 -0.000727678 -0.003430840 0.999993861 11.468756676
0.999999344 0.000722185 0.000961415 0.232751071 -0.000725429 0.999994040 0.003378483 -0.405995995 -0.000958970 -0.003379178 0.999993801 11.857664108
0.999999821 -0.000064543 0.000599648 0.255424947 0.000062303 0.999992967 0.003734918 -0.422384024 -0.000599885 -0.003734880 0.999992847 12.231722832
0.999999344 0.000132874 0.001113484 0.246240377 -0.000136824 0.999993622 0.003547563 -0.442734212 -0.001113006 -0.003547713 0.999993026 12.631361008
0.999999642 0.000204446 0.000869087 0.258000582 -0.000207519 0.999993682 0.003536882 -0.448989093 -0.000868358 -0.003537061 0.999993324 13.034248352
0.999998927 0.000795296 0.001289013 0.256121993 -0.000800475 0.999991536 0.004022686 -0.471338063 -0.001285803 -0.004023713 0.999991059 13.400688171
0.999999166 -0.000066869 0.001296906 0.267649859 0.000061882 0.999992609 0.003844510 -0.480519950 -0.001297153 -0.003844426 0.999991775 13.824116707
0.999998868 0.000088403 0.001481352 0.277456433 -0.000094593 0.999991238 0.004178848 -0.492159784 -0.001480970 -0.004178983 0.999990225 14.244921684
0.999999166 -0.000259878 0.001247576 0.296141833 0.000254667 0.999991238 0.004175104 -0.517690480 -0.001248650 -0.004174782 0.999990523 14.654980659
0.999999166 -0.000367290 0.001237794 0.309633434 0.000362088 0.999991119 0.004200660 -0.532766044 -0.001239326 -0.004200208 0.999990404 15.056889534
0.999998689 -0.000658341 0.001438904 0.318611979 0.000652007 0.999990106 0.004398040 -0.543671370 -0.001441786 -0.004397096 0.999989331 15.494284630
0.999997437 0.000298223 0.002241571 0.332520276 -0.000308377 0.999989688 0.004531192 -0.559832692 -0.002240196 -0.004531872 0.999987245 15.952189445
0.999996841 0.000061383 0.002494541 0.346651584 -0.000072413 0.999990225 0.004421709 -0.571219325 -0.002494245 -0.004421874 0.999987185 16.393199921
0.999997139 0.000018540 0.002378378 0.356572062 -0.000029516 0.999989331 0.004615381 -0.586282730 -0.002378267 -0.004615437 0.999986529 16.822832108
0.999995410 0.000364712 0.003004371 0.367808014 -0.000378986 0.999988616 0.004751774 -0.594781160 -0.003002604 -0.004752890 0.999984205 17.272348404
0.999994516 0.000787323 0.003195679 0.375329673 -0.000803567 0.999986708 0.005085075 -0.605662465 -0.003191632 -0.005087615 0.999981999 17.728761673
0.999993861 -0.000209138 0.003472522 0.385582060 0.000192363 0.999988258 0.004830523 -0.620748580 -0.003473492 -0.004829827 0.999982297 18.188055038
0.999992490 -0.000016146 0.003883991 0.395634681 -0.000002432 0.999988556 0.004783119 -0.626633704 -0.003884024 -0.004783092 0.999981046 18.662105560
0.999991655 -0.000186755 0.004071019 0.405234963 0.000167037 0.999988198 0.004843206 -0.642745316 -0.004071876 -0.004842486 0.999979973 19.113859177
0.999992669 -0.001050436 0.003657443 0.426004827 0.001033035 0.999988139 0.004756107 -0.655872107 -0.003662396 -0.004752295 0.999981999 19.580677032
0.999990880 -0.000067834 0.004274850 0.430688918 0.000044174 0.999984682 0.005534575 -0.678648829 -0.004275159 -0.005534335 0.999975562 20.071016312
0.999992371 -0.000006928 0.003918672 0.446380675 -0.000014531 0.999984980 0.005476135 -0.688761234 -0.003918650 -0.005476149 0.999977350 20.556653976
0.999992371 0.000257153 0.003893525 0.447052270 -0.000276635 0.999987423 0.005003855 -0.697102845 -0.003892189 -0.005004892 0.999979973 21.081848145
0.999994040 0.000270795 0.003451821 0.450264394 -0.000289537 0.999985158 0.005430439 -0.724757195 -0.003450299 -0.005431406 0.999979377 21.604932785
0.999995887 0.000329550 0.002819272 0.475745112 -0.000344392 0.999985993 0.005265634 -0.739345074 -0.002817497 -0.005266584 0.999982178 22.060312271
0.999996722 -0.000149606 0.002572695 0.487749577 0.000134776 0.999983370 0.005763814 -0.751778007 -0.002573515 -0.005763448 0.999980092 22.599325180
0.999997377 0.000255956 0.002243782 0.484779686 -0.000269331 0.999982119 0.005962675 -0.766190350 -0.002242216 -0.005963264 0.999979734 23.113498688
0.999998748 -0.000072817 0.001564085 0.495178401 0.000063308 0.999981463 0.006078923 -0.787298083 -0.001564499 -0.006078817 0.999980211 23.596408844
0.999999166 -0.000945290 0.000901774 0.507431448 0.000940111 0.999983191 0.005725617 -0.800965011 -0.000907171 -0.005724765 0.999983132 24.121274948
0.999999821 -0.000572062 0.000067691 0.520076990 0.000571669 0.999983728 0.005680725 -0.812091053 -0.000070940 -0.005680685 0.999983847 24.642410278
0.999999702 -0.000351821 -0.000564019 0.529339850 0.000355194 0.999981940 0.005992068 -0.824619532 0.000561901 -0.005992267 0.999981880 25.188793182
0.999999583 0.000047144 -0.000893952 0.533725381 -0.000041752 0.999981761 0.006030703 -0.836200416 0.000894220 -0.006030664 0.999981403 25.706024170
0.999998748 -0.000171058 -0.001584729 0.547942758 0.000180360 0.999982774 0.005871458 -0.845962882 0.001583697 -0.005871737 0.999981523 26.253700256
0.999998510 -0.000460792 -0.001672066 0.555657148 0.000472097 0.999976993 0.006766899 -0.859224677 0.001668909 -0.006767679 0.999975681 26.794946671
0.999997318 -0.000568795 -0.002227808 0.564277172 0.000583589 0.999977767 0.006645530 -0.872337937 0.002223979 -0.006646813 0.999975443 27.324489594
0.999997437 0.000075973 -0.002257415 0.578388691 -0.000061235 0.999978602 0.006528066 -0.888402581 0.002257862 -0.006527912 0.999976158 27.855455399
0.999995708 -0.000217501 -0.002912251 0.584173262 0.000237738 0.999975801 0.006950104 -0.902570963 0.002910669 -0.006950767 0.999971569 28.399871826
0.999994755 -0.000138956 -0.003234431 0.600118458 0.000161097 0.999976575 0.006846041 -0.915989518 0.003233404 -0.006846526 0.999971330 28.940210342
0.999993205 -0.000229722 -0.003676447 0.607056797 0.000256026 0.999974310 0.007156039 -0.935022354 0.003674709 -0.007156931 0.999967635 29.466053009
0.999992251 -0.000069476 -0.003933500 0.611472070 0.000097888 0.999973893 0.007223586 -0.943535864 0.003932896 -0.007223917 0.999966085 30.012966156
0.999992073 0.000253563 -0.003972497 0.620366216 -0.000225424 0.999974847 0.007082306 -0.960500777 0.003974193 -0.007081356 0.999966979 30.540555954
0.999991655 0.000434974 -0.004062280 0.629950225 -0.000405209 0.999973118 0.007324932 -0.971327662 0.004065358 -0.007323226 0.999964893 31.081760406
0.999989450 0.000367797 -0.004579408 0.643042326 -0.000335166 0.999974489 0.007124245 -0.986904740 0.004581910 -0.007122634 0.999964058 31.607091904
0.999989748 0.000472403 -0.004496468 0.652987480 -0.000440723 0.999975085 0.007043971 -0.999534905 0.004499683 -0.007041917 0.999965012 32.153507233
0.999988019 0.000641921 -0.004853935 0.657655835 -0.000606995 0.999973953 0.007193486 -1.007731915 0.004858425 -0.007190453 0.999962330 32.675548553
0.999986291 0.000473413 -0.005217786 0.669984460 -0.000438477 0.999977410 0.006694516 -1.014543891 0.005220838 -0.006692136 0.999963939 33.258064270
0.999986112 0.000768386 -0.005219003 0.670067608 -0.000732915 0.999976635 0.006795051 -1.031095147 0.005224102 -0.006791131 0.999963284 33.730899811
0.999984741 0.001164483 -0.005410315 0.675487757 -0.001126363 0.999974608 0.007043561 -1.048800349 0.005418379 -0.007037359 0.999960601 34.273647308
0.999988019 0.001718710 -0.004595284 0.661861897 -0.001687262 0.999975145 0.006838595 -1.058412075 0.004606924 -0.006830758 0.999966085 34.782554626
0.999984324 0.000499722 -0.005579337 0.691590488 -0.000458082 0.999971986 0.007462035 -1.080868483 0.005582909 -0.007459363 0.999956608 35.314342499
0.999984920 0.000890577 -0.005422266 0.694557130 -0.000853495 0.999976277 0.006837380 -1.085976958 0.005428228 -0.006832649 0.999961853 35.908813477
0.999988139 0.001374507 -0.004680149 0.684496641 -0.001340091 0.999971986 0.007348822 -1.111916304 0.004690120 -0.007342462 0.999962032 36.384227753
0.999986291 0.001443172 -0.005051046 0.668587565 -0.001408008 0.999974787 0.006958412 -1.120254517 0.005060961 -0.006951204 0.999963105 36.872856140
0.999973238 -0.001029929 -0.007251583 0.745572388 0.001088970 0.999966264 0.008142556 -1.137979388 0.007242951 -0.008150235 0.999940574 37.422660828
0.999973893 -0.001914014 -0.006965898 0.735776901 0.001976168 0.999958277 0.008926571 -1.137020588 0.006948522 -0.008940103 0.999935865 37.942276001
0.999973536 -0.001063721 -0.007195759 0.755458593 0.001126948 0.999960840 0.008788271 -1.152192354 0.007186129 -0.008796148 0.999935448 38.473155975
0.999980927 0.000849995 -0.006115880 0.773370504 -0.000800607 0.999967098 0.008073237 -1.166886806 0.006122541 -0.008068184 0.999948680 38.969661713
0.999976873 0.000236492 -0.006799587 0.766097903 -0.000186576 0.999973059 0.007340774 -1.150489807 0.006801140 -0.007339336 0.999949932 39.571651459
0.999978602 0.000025076 -0.006542630 0.763989031 0.000034071 0.999959052 0.009039993 -1.228622198 0.006542590 -0.009040023 0.999937654 40.105983734
0.999982536 0.000490300 -0.005897930 0.749631763 -0.000437834 0.999960303 0.008893671 -1.255420685 0.005902057 -0.008890932 0.999943018 40.610641479
0.999975801 0.000154533 -0.006954537 0.790464282 -0.000093280 0.999961197 0.008807040 -1.242464066 0.006955627 -0.008806179 0.999936998 41.201839447
0.999978364 0.000697169 -0.006543253 0.788727641 -0.000642760 0.999965250 0.008313614 -1.250387073 0.006548821 -0.008309228 0.999944031 41.751670837
0.999976993 0.000077168 -0.006771598 0.799599171 -0.000018335 0.999962270 0.008687877 -1.267941475 0.006772012 -0.008687555 0.999939263 42.257938385
0.999977171 0.000009158 -0.006752774 0.803562284 0.000054181 0.999955952 0.009379400 -1.290326357 0.006752562 -0.009379552 0.999933183 42.804294586
0.999977589 0.000505579 -0.006678245 0.813204169 -0.000448460 0.999963343 0.008551700 -1.292650938 0.006682324 -0.008548514 0.999941051 43.341632843
0.999976695 0.000345115 -0.006834308 0.819092810 -0.000284593 0.999960780 0.008854655 -1.307520151 0.006837097 -0.008852502 0.999937415 43.870365143
0.999976873 0.000732601 -0.006760426 0.831557512 -0.000673888 0.999962091 0.008683016 -1.318427682 0.006766530 -0.008678259 0.999939442 44.403144836
0.999974728 0.000597676 -0.007081633 0.846312046 -0.000536222 0.999962330 0.008676622 -1.333035111 0.007086552 -0.008672606 0.999937296 44.950775146
0.999974728 0.000513510 -0.007085821 0.850518823 -0.000450844 0.999960780 0.008842655 -1.340641975 0.007090085 -0.008839235 0.999935806 45.484733582
0.999976158 0.000190398 -0.006918467 0.860212743 -0.000127103 0.999958158 0.009148075 -1.360998631 0.006919919 -0.009146976 0.999934137 46.019886017
0.999974191 0.001017197 -0.007104272 0.870971143 -0.000955702 0.999962032 0.008654120 -1.366481900 0.007112804 -0.008647108 0.999937356 46.593582153
0.999967337 0.000443561 -0.008074912 0.892902970 -0.000369274 0.999957561 0.009198940 -1.377316713 0.008078651 -0.009195657 0.999925077 47.140110016
0.999975085 -0.000014072 -0.007061505 0.867035091 0.000077386 0.999959826 0.008965882 -1.392115474 0.007061095 -0.008966206 0.999934793 47.592018127
0.999974132 -0.000125235 -0.007194480 0.877643526 0.000190095 0.999959409 0.009015175 -1.403092146 0.007193058 -0.009016307 0.999933481 48.136863708
0.999973178 -0.000592360 -0.007303940 0.877579212 0.000658006 0.999959409 0.008988612 -1.418830872 0.007298319 -0.008993177 0.999932945 48.634506226
0.999974012 -0.000311079 -0.007204107 0.888245702 0.000377361 0.999957621 0.009200949 -1.432141066 0.007200940 -0.009203429 0.999931633 49.164535522
0.999975383 -0.000002191 -0.007014893 0.890205264 0.000067607 0.999956489 0.009325104 -1.440305114 0.007014568 -0.009325350 0.999931872 49.686496735
0.999974370 -0.000167972 -0.007145110 0.895217896 0.000233541 0.999957800 0.009176959 -1.452414751 0.007143267 -0.009178394 0.999932289 50.211479187
0.999974906 -0.000019681 -0.007087984 0.902468145 0.000089061 0.999952078 0.009788161 -1.470668793 0.007087452 -0.009788548 0.999926925 50.722602844
0.999974847 0.000042778 -0.007095531 0.906489074 0.000027286 0.999951243 0.009873961 -1.481811285 0.007095608 -0.009873906 0.999926090 51.260742188
0.999974251 0.000310588 -0.007171346 0.913576961 -0.000238681 0.999949753 0.010025742 -1.492835045 0.007174100 -0.010023773 0.999924064 51.768009186
0.999976575 0.000020515 -0.006862329 0.917982101 0.000049131 0.999948502 0.010148668 -1.506834030 0.006862185 -0.010148766 0.999924958 52.288414001
0.999975741 0.000124868 -0.006958038 0.914960265 -0.000056231 0.999951363 0.009863731 -1.517020226 0.006958931 -0.009863101 0.999927163 52.854774475
0.999975741 -0.000630210 -0.006930453 0.932947338 0.000701133 0.999947309 0.010235859 -1.537187338 0.006923637 -0.010240469 0.999923587 53.344955444
0.999980152 0.000278072 -0.006290732 0.896231055 -0.000211072 0.999943256 0.010648764 -1.552610159 0.006293338 -0.010647225 0.999923527 53.867218018
0.999979973 0.000404463 -0.006316331 0.924772620 -0.000338120 0.999944806 0.010500996 -1.573352575 0.006320231 -0.010498650 0.999924898 54.334400177
0.999975145 -0.000351907 -0.007046469 0.902745247 0.000420400 0.999952734 0.009721156 -1.523981333 0.007042713 -0.009723878 0.999927938 55.077884674
0.999978602 0.000032760 -0.006538770 0.936178684 0.000038034 0.999941409 0.010826228 -1.598732352 0.006538743 -0.010826246 0.999920011 55.427688599
0.999975801 -0.000726199 -0.006922792 0.965829730 0.000802414 0.999939024 0.011012914 -1.607820988 0.006914373 -0.011018202 0.999915421 55.919059753
0.999977529 -0.000343652 -0.006689155 0.967042685 0.000417340 0.999939203 0.011017815 -1.617148757 0.006684961 -0.011020360 0.999916911 56.398651123
0.999977350 -0.000444218 -0.006713289 0.974439979 0.000519075 0.999937594 0.011152988 -1.635827541 0.006707917 -0.011156220 0.999915242 56.929237366
0.999976158 -0.000775927 -0.006870871 0.985982180 0.000855185 0.999933064 0.011539984 -1.652174950 0.006861457 -0.011545585 0.999909759 57.466579437
0.999975920 -0.001172153 -0.006834916 0.990754187 0.001248661 0.999936521 0.011200200 -1.659146547 0.006821353 -0.011208464 0.999913871 57.959209442
0.999974489 -0.000999198 -0.007076280 0.998025894 0.001077436 0.999938369 0.011061356 -1.671057940 0.007064789 -0.011068697 0.999913812 58.491416931
0.999976635 -0.000550054 -0.006818166 1.001416445 0.000627445 0.999935389 0.011353790 -1.685389280 0.006811479 -0.011357804 0.999912262 59.043472290
0.999973774 -0.001064019 -0.007157280 1.019267201 0.001147118 0.999931812 0.011616383 -1.693599105 0.007144432 -0.011624291 0.999906898 59.539333344
0.999976456 -0.000927310 -0.006796567 1.028725266 0.001006422 0.999931693 0.011645917 -1.707602739 0.006785303 -0.011652483 0.999909103 60.138145447
0.999970078 -0.001204895 -0.007633704 1.043202519 0.001296166 0.999927580 0.011962788 -1.717671871 0.007618739 -0.011972328 0.999899268 60.642711639
0.999968052 -0.001707408 -0.007804621 1.069338202 0.001799153 0.999929190 0.011763360 -1.727990866 0.007783984 -0.011777028 0.999900341 61.165302277
0.999972403 -0.001434959 -0.007278048 1.049670339 0.001517997 0.999933720 0.011416647 -1.729567289 0.007261183 -0.011427382 0.999908268 61.683242798
0.999976456 -0.001191551 -0.006754857 1.035565138 0.001267310 0.999936223 0.011222390 -1.748360395 0.006741055 -0.011230687 0.999914169 62.424610138
0.999976039 -0.001133586 -0.006834040 0.958613157 0.001216113 0.999926269 0.012083770 -1.833009481 0.006819840 -0.012091791 0.999903619 62.842159271
0.999968767 -0.002823191 -0.007373858 0.950306952 0.002915535 0.999916971 0.012542558 -1.843610287 0.007337836 -0.012563664 0.999894083 63.332950592
0.999966264 -0.003260282 -0.007540726 1.046030760 0.003354650 0.999915779 0.012535788 -1.821314335 0.007499221 -0.012560664 0.999892950 63.621810913
0.999967337 -0.002690760 -0.007615484 1.067343235 0.002784158 0.999920666 0.012280275 -1.832312822 0.007581837 -0.012301076 0.999895573 64.148635864
0.999973953 -0.001798158 -0.006985588 1.060673594 0.001882103 0.999925911 0.012028912 -1.839787841 0.006963441 -0.012041746 0.999903262 64.711326599
0.999975145 -0.001565213 -0.006886030 1.052653432 0.001652612 0.999917865 0.012704864 -1.875107288 0.006865578 -0.012715928 0.999895573 65.262275696
0.999970317 -0.002617653 -0.007246795 1.074576855 0.002705456 0.999922633 0.012132809 -1.845801353 0.007214474 -0.012152054 0.999900162 65.720481873
0.999970436 -0.002455577 -0.007287062 1.051332593 0.002547495 0.999916911 0.012631387 -1.883491039 0.007255440 -0.012649578 0.999893665 66.301971436
0.999965310 -0.003727641 -0.007445063 1.109391689 0.003822191 0.999911726 0.012725987 -1.873082042 0.007396968 -0.012754002 0.999891222 66.557998657
0.999965668 -0.003598312 -0.007459459 1.125147820 0.003691251 0.999915242 0.012483038 -1.889980078 0.007413910 -0.012510145 0.999894202 67.088012695
0.999966323 -0.003555967 -0.007397686 1.133238554 0.003651779 0.999909163 0.012978693 -1.900045633 0.007350861 -0.013005272 0.999888301 67.615539551
0.999973416 -0.002776156 -0.006744221 1.137267590 0.002866937 0.999904990 0.013488355 -1.912526011 0.006706135 -0.013507331 0.999886274 68.123207092
0.999970555 -0.002706373 -0.007177685 1.171951056 0.002803709 0.999903738 0.013585660 -1.929600477 0.007140227 -0.013605382 0.999881923 68.460678101
0.999967158 -0.003371036 -0.007368342 1.174287200 0.003468901 0.999905407 0.013309732 -1.930844069 0.007322778 -0.013334855 0.999884188 69.003410339
0.999965012 -0.003766766 -0.007459792 1.190006375 0.003868512 0.999899030 0.013672166 -1.953146815 0.007407540 -0.013700548 0.999878645 69.460350037
0.999969661 -0.002962495 -0.007197763 1.208857298 0.003061120 0.999901056 0.013729985 -1.967117667 0.007156377 -0.013751602 0.999879777 70.060615540
0.999966323 -0.003414567 -0.007454103 1.204695344 0.003517765 0.999897540 0.013875660 -1.981622219 0.007405960 -0.013901417 0.999875963 70.471618652
0.999968410 -0.002474810 -0.007550722 1.213750482 0.002580973 0.999897480 0.014082858 -1.999128103 0.007515096 -0.014101902 0.999872327 71.014091492
0.999967396 -0.003258676 -0.007382000 1.216851592 0.003363388 0.999893248 0.014217100 -2.000183821 0.007334885 -0.014241464 0.999871671 71.511512756
0.999962628 -0.003950597 -0.007690940 1.232164145 0.004059989 0.999890029 0.014260188 -2.012998104 0.007633756 -0.014290881 0.999868751 72.042213440
0.999969125 -0.003355174 -0.007103602 1.233972549 0.003457887 0.999888897 0.014496684 -2.023648739 0.007054175 -0.014520802 0.999869704 72.594795227
0.999964476 -0.003846517 -0.007491061 1.247525573 0.003952798 0.999890924 0.014224946 -2.033195019 0.007435528 -0.014254053 0.999870718 73.092727661
0.999960721 -0.004286591 -0.007755843 1.277707577 0.004399101 0.999884486 0.014548038 -2.046586990 0.007692586 -0.014581584 0.999864101 73.652610779
0.999963105 -0.003789328 -0.007706644 1.307079792 0.003905663 0.999877870 0.015136909 -2.068502426 0.007648345 -0.015166450 0.999855697 74.132728577
0.999960482 -0.004270904 -0.007797496 1.286692619 0.004384172 0.999884307 0.014567336 -2.080707312 0.007734376 -0.014600948 0.999863446 74.703125000
0.999960959 -0.004347278 -0.007695165 1.290588379 0.004454917 0.999891639 0.014026383 -2.071205139 0.007633354 -0.014060115 0.999872029 75.259918213
0.999959290 -0.004067302 -0.008045712 1.311969280 0.004185564 0.999882579 0.014736978 -2.098304749 0.007984826 -0.014770055 0.999858975 75.757095337
0.999962151 -0.003822752 -0.007818227 1.325958252 0.003937853 0.999883235 0.014760148 -2.117242813 0.007760890 -0.014790379 0.999860525 76.302734375
0.999962986 -0.003696065 -0.007789565 1.335119247 0.003811733 0.999881864 0.014886836 -2.129361629 0.007733624 -0.014915975 0.999858856 76.843292236
0.999962211 -0.003687217 -0.007871370 1.351859570 0.003806483 0.999877334 0.015191089 -2.146191597 0.007814391 -0.015220479 0.999853611 77.351989746
0.999962211 -0.003589574 -0.007912931 1.362366796 0.003707752 0.999880970 0.014971099 -2.153165340 0.007858250 -0.014999871 0.999856532 77.904243469
0.999974072 -0.003464623 -0.006317512 1.372102380 0.003558987 0.999881327 0.014987324 -2.162508011 0.006264837 -0.015009419 0.999867737 78.449996948
0.999980628 -0.003551979 -0.005103559 1.384681463 0.003628300 0.999880493 0.015023738 -2.174672842 0.005049586 -0.015041964 0.999874115 78.999191284
0.999986947 -0.003476530 -0.003742222 1.395328403 0.003532618 0.999879956 0.015087099 -2.189646482 0.003689322 -0.015100120 0.999879181 79.519836426
0.999988616 -0.003838115 -0.002837002 1.402503014 0.003881645 0.999872327 0.015500778 -2.196829319 0.002777146 -0.015511613 0.999875844 80.077713013
0.999995172 -0.003027654 0.000596066 1.418632269 0.003018000 0.999874055 0.015580245 -2.215808392 -0.000643162 -0.015578371 0.999878466 80.614067078
0.999987841 -0.003337773 0.003637849 1.445108533 0.003280273 0.999871373 0.015698757 -2.221051455 -0.003689780 -0.015686633 0.999870121 81.175544739
0.999971271 -0.004924614 0.005761304 1.475739956 0.004837153 0.999874294 0.015097325 -2.213248253 -0.005834929 -0.015069022 0.999869406 81.714149475
0.999935627 -0.004405008 0.010458758 1.502757549 0.004250441 0.999882102 0.014755181 -2.223165512 -0.010522521 -0.014709776 0.999836445 82.268173218
0.999850571 -0.003653421 0.016899688 1.516002297 0.003394597 0.999876916 0.015318732 -2.239500523 -0.016953574 -0.015259076 0.999739766 82.807914734
0.999737799 -0.003284978 0.022662302 1.578186393 0.002937763 0.999878109 0.015337602 -2.228048325 -0.022709919 -0.015267003 0.999625444 83.344429016
0.999578476 -0.004056572 0.028750163 1.574324727 0.003607088 0.999870718 0.015668793 -2.254178524 -0.028810006 -0.015558483 0.999463856 83.836135864
0.999298811 -0.004100384 0.037214175 1.580969453 0.003509671 0.999866962 0.015924798 -2.274214506 -0.037274521 -0.015783021 0.999180436 84.486030579
0.998962283 -0.004702158 0.045300089 1.631598234 0.004026656 0.999879360 0.014991484 -2.272770405 -0.045365125 -0.014793517 0.998860896 85.030525208
0.998600245 -0.004002602 0.052739915 1.667716026 0.003159202 0.999865890 0.016065361 -2.296072721 -0.052797139 -0.015876260 0.998479068 85.591697693
0.998095930 -0.004632116 0.061506972 1.727090359 0.003669771 0.999869227 0.015749879 -2.301161289 -0.061571874 -0.015494174 0.997982383 86.147735596
0.997441173 -0.004682512 0.071339473 1.791890621 0.003547629 0.999865294 0.016026599 -2.315861225 -0.071404904 -0.015732504 0.997323394 86.680816650
0.996756017 -0.005079339 0.080321193 1.844353676 0.003815207 0.999866545 0.015884107 -2.319998026 -0.080391139 -0.015526139 0.996642470 87.224914551
0.996101439 -0.005349061 0.088053085 1.919923306 0.003978057 0.999868155 0.015738325 -2.331812859 -0.088125654 -0.015326687 0.995991468 87.765388489
0.995112479 -0.005765698 0.098578706 2.000598431 0.004231183 0.999866724 0.015768372 -2.336014271 -0.098656476 -0.015274199 0.995004296 88.309265137
0.994007349 -0.005786150 0.109159872 2.078930378 0.004094617 0.999868155 0.015713710 -2.342909813 -0.109236412 -0.015172574 0.993899941 88.845886230
0.993018627 -0.007075666 0.117744632 2.185046196 0.005272883 0.999864161 0.015615443 -2.362726688 -0.117839120 -0.014885571 0.992921114 89.370040894
0.991659522 -0.006796253 0.128705621 2.280377388 0.004801337 0.999863505 0.015803771 -2.367683172 -0.128795460 -0.015054001 0.991556883 89.931427002
0.990020573 -0.007117192 0.140743405 2.380558014 0.004979536 0.999866843 0.015534665 -2.371520519 -0.140835211 -0.014678800 0.989924192 90.465095520
0.988397598 -0.007319197 0.151712254 2.493858337 0.004964452 0.999861360 0.015894102 -2.386723995 -0.151807532 -0.014956526 0.988296866 91.037300110
0.986848772 -0.007699598 0.161462605 2.599874496 0.005206689 0.999860704 0.015856979 -2.389424801 -0.161562249 -0.014807757 0.986751378 91.592750549
0.984840214 -0.008304690 0.173264816 2.725407600 0.005695035 0.999862850 0.015553362 -2.397228718 -0.173370197 -0.014330828 0.984752476 92.133308411
0.982480049 -0.007882766 0.186200798 2.845631599 0.005006737 0.999860883 0.015911050 -2.407955170 -0.186300322 -0.014700033 0.982382894 92.660804749
0.980420053 -0.008442386 0.196737051 2.992041588 0.005451761 0.999861300 0.015737753 -2.418585539 -0.196842685 -0.014357043 0.980329990 93.242729187
0.977659583 -0.008692589 0.210014701 3.134679794 0.005467089 0.999858022 0.015934138 -2.431591034 -0.210123405 -0.014429992 0.977568388 93.789924622
0.974672735 -0.009410841 0.223437756 3.281766891 0.005976754 0.999853432 0.016040629 -2.437614918 -0.223555982 -0.014298933 0.974586189 94.326179504
0.972063601 -0.009891886 0.234509051 3.440959930 0.006249378 0.999848127 0.016270552 -2.449791431 -0.234634385 -0.014350474 0.971977770 94.860267639
0.968921125 -0.009913529 0.247170940 3.611261368 0.006075027 0.999848902 0.016287548 -2.461930752 -0.247295052 -0.014279780 0.968834996 95.435157776
0.965331137 -0.010193580 0.260828942 3.792123795 0.006081490 0.999844193 0.016567722 -2.474954605 -0.260957181 -0.014407110 0.965242863 95.965431213
0.961786747 -0.010608786 0.273593813 3.965913773 0.006361311 0.999845147 0.016407233 -2.483536482 -0.273725480 -0.014039846 0.961705387 96.501579285
0.958518684 -0.011042419 0.284815669 4.148643494 0.006505501 0.999836504 0.016870456 -2.498096704 -0.284955353 -0.014317777 0.958433867 97.022544861
0.954438388 -0.011327504 0.298192948 4.342763901 0.006615610 0.999836862 0.016806114 -2.498845577 -0.298334718 -0.014067671 0.954357624 97.547958374
0.949882388 -0.011992085 0.312377393 4.557315826 0.006965956 0.999827743 0.017200932 -2.514421940 -0.312529862 -0.014162854 0.949802339 98.097007751
0.946152270 -0.012419596 0.323483497 4.761203766 0.007183034 0.999823213 0.017376946 -2.522783518 -0.323642135 -0.014117645 0.946074188 98.636962891
0.941676021 -0.012276518 0.336296767 4.974338531 0.006645869 0.999817908 0.017889041 -2.538642883 -0.336455137 -0.014610698 0.941586137 99.166656494
0.936504722 -0.012495855 0.350432426 5.190322876 0.006658645 0.999818385 0.017857177 -2.541920662 -0.350591958 -0.014389924 0.936417699 99.685073853
0.931831419 -0.013238843 0.362649918 5.414316177 0.007135870 0.999809504 0.018163230 -2.549133778 -0.362821370 -0.014337244 0.931748450 100.199279785
0.927147806 -0.013276912 0.374460578 5.635820389 0.006923445 0.999808550 0.018307164 -2.558255911 -0.374631852 -0.014380891 0.927062094 100.706710815
0.921272695 -0.013435855 0.388685018 5.878601074 0.006861535 0.999809027 0.018297445 -2.558813334 -0.388856679 -0.014189961 0.921188891 101.224044800
0.915704012 -0.014376975 0.401596159 6.119853973 0.007566748 0.999799490 0.018538998 -2.566865444 -0.401782155 -0.013937455 0.915629208 101.719558716
0.910956383 -0.015144200 0.412224621 6.371067047 0.008307426 0.999796689 0.018372059 -2.570742846 -0.412419111 -0.013311622 0.910896957 102.236701965
0.905550838 -0.015222633 0.423964471 6.628925323 0.008246813 0.999798894 0.018283745 -2.579507113 -0.424157530 -0.013060509 0.905494213 102.710098267
0.898849666 -0.016111199 0.437960863 6.891292572 0.008621679 0.999780715 0.019084062 -2.595237255 -0.438172281 -0.013377746 0.898791432 103.212921143
0.892894745 -0.016235145 0.449972630 7.162181854 0.008666692 0.999784410 0.018874913 -2.597437382 -0.450182050 -0.012953540 0.892842829 103.717536926
0.887247682 -0.017253330 0.460970491 7.440475464 0.009592244 0.999774277 0.018957263 -2.603168488 -0.461193591 -0.012398045 0.887212932 104.190986633
0.880038321 -0.017141657 0.474593222 7.732955933 0.009172947 0.999775469 0.019101119 -2.614037037 -0.474814117 -0.012456300 0.879997909 104.673255920
0.872938156 -0.017310193 0.487523615 8.030452728 0.009234890 0.999777555 0.018962881 -2.619581223 -0.487743437 -0.012051195 0.872903764 105.145225525
0.867009878 -0.019431161 0.497911960 8.340171814 0.010876981 0.999739289 0.020075127 -2.631405354 -0.498172194 -0.011989556 0.866995215 105.643997192
