1.000000000 0.000000000 0.000000000 0.000000000 0.000000000 1.000000000 0.000000000 0.000000000 0.000000000 0.000000000 1.000000000 0.000000000
1.000000000 0.000002415 0.000051675 0.000179264 -0.000002420 1.000000000 0.000086825 -0.000468103 -0.000051675 -0.000086826 1.000000000 -0.000395911
1.000000000 -0.000040091 -0.000133393 0.001259035 0.000040091 1.000000000 0.000001095 -0.000402904 0.000133393 -0.000001100 1.000000000 -0.001146093
1.000000000 0.000064308 -0.000026374 0.000481550 -0.000064307 1.000000000 0.000019342 -0.000028723 0.000026376 -0.000019340 1.000000000 0.000717564
1.000000000 0.000066496 -0.000002578 -0.000218374 -0.000066496 1.000000000 0.000016011 -0.000502743 0.000002579 -0.000016011 1.000000000 -0.000462403
1.000000000 0.000049836 -0.000048626 -0.000532710 -0.000049836 1.000000000 -0.000000500 -0.000453783 0.000048626 0.000000502 1.000000000 -0.000430879
1.000000000 -0.000057490 -0.000075231 0.000791981 0.000057493 1.000000000 0.000041812 -0.001134479 0.000075228 -0.000041817 1.000000000 -0.001884205
1.000000000 -0.000065220 -0.000064439 0.000835291 0.000065214 1.000000000 -0.000093611 0.000299526 0.000064445 0.000093607 1.000000000 -0.000403802
1.000000000 -0.000097964 0.000061896 0.000637563 0.000097963 1.000000000 0.000006100 -0.000163013 -0.000061896 -0.000006094 1.000000000 -0.000974683
0.999999940 -0.000252746 -0.000020883 0.000911751 0.000252745 0.999999940 -0.000066687 0.000889713 0.000020900 0.000066682 1.000000000 0.001426359
0.999999940 -0.000221715 -0.000128049 0.001225523 0.000221712 1.000000000 -0.000024675 -0.000010358 0.000128054 0.000024647 1.000000000 0.001941029
1.000000000 -0.000178354 0.000007361 0.000588836 0.000178355 0.999999940 -0.000173105 0.002065671 -0.000007330 0.000173106 1.000000000 0.002799009
1.000000000 -0.000242517 -0.000012350 0.000563126 0.000242518 0.999999940 0.000071960 0.000309225 0.000012332 -0.000071963 1.000000000 0.001280421
1.000000000 -0.000129200 0.000050248 0.000066883 0.000129198 1.000000000 0.000031933 0.000205730 -0.000050252 -0.000031926 1.000000000 0.001309574
1.000000000 -0.000144963 -0.000077449 0.001034312 0.000144970 1.000000000 0.000094577 -0.000656808 0.000077436 -0.000094589 1.000000000 -0.000090843
1.000000000 -0.000231381 -0.000076763 0.000379654 0.000231384 1.000000000 0.000041559 -0.000315276 0.000076753 -0.000041577 1.000000000 -0.000345181
1.000000000 0.000091220 0.000137778 -0.001320350 -0.000091224 1.000000000 0.000029777 0.000504531 -0.000137775 -0.000029789 1.000000000 0.001337575
1.000000000 -0.000035355 -0.000219803 0.001190709 0.000035323 1.000000000 -0.000148762 0.000924338 0.000219809 0.000148755 0.999999940 -0.000029596
1.000000000 -0.000192126 -0.000023603 0.000755241 0.000192124 1.000000000 -0.000073721 0.000414962 0.000023617 0.000073717 1.000000000 0.000771637
1.000000000 -0.000131397 0.000025500 0.000520156 0.000131398 1.000000000 -0.000031473 0.000520168 -0.000025496 0.000031477 1.000000000 0.000804148
1.000000000 0.000006773 -0.000000899 -0.000075689 -0.000006773 1.000000000 -0.000053078 0.000752961 0.000000899 0.000053078 1.000000000 0.001957600
1.000000000 -0.000078305 -0.000073757 0.000634641 0.000078304 1.000000000 -0.000016856 0.001158467 0.000073759 0.000016850 1.000000000 0.000660049
1.000000000 -0.000181870 -0.000102673 0.002179270 0.000181866 1.000000000 -0.000047131 0.000444573 0.000102681 0.000047112 1.000000000 0.001154716
1.000000000 -0.000153641 -0.000005503 0.000508265 0.000153640 1.000000000 -0.000118397 0.001890233 0.000005521 0.000118396 1.000000000 0.001534954
1.000000000 -0.000095446 -0.000114853 0.001502905 0.000095434 1.000000000 -0.000104686 0.001196789 0.000114863 0.000104675 1.000000000 0.001364298
1.000000000 -0.000025258 -0.000064104 0.000797210 0.000025249 1.000000000 -0.000138359 0.001600009 0.000064108 0.000138357 1.000000000 0.000809601
1.000000000 -0.000051020 0.000030777 -0.000085536 0.000051026 1.000000000 -0.000191929 0.001612965 -0.000030767 0.000191931 1.000000000 0.001028814
1.000000000 -0.000111935 -0.000051618 0.000214947 0.000111928 1.000000000 -0.000135215 0.000937409 0.000051633 0.000135209 1.000000000 0.000377113
1.000000000 -0.000184946 -0.000077849 -0.000285383 0.000184945 1.000000000 -0.000008529 0.001384015 0.000077851 0.000008515 1.000000000 0.002185620
1.000000000 -0.000133333 0.000049351 -0.001044423 0.000133337 1.000000000 -0.000088487 0.001854742 -0.000049339 0.000088494 1.000000000 0.002040612
1.000000000 -0.000143835 -0.000086904 0.000854403 0.000143837 1.000000000 0.000019282 0.000690813 0.000086902 -0.000019295 1.000000000 0.000191999
1.000000000 -0.000147366 0.000034855 -0.001042719 0.000147364 1.000000000 0.000041821 0.000730882 -0.000034861 -0.000041816 1.000000000 0.001600389
1.000000000 -0.000087685 0.000076002 -0.001014733 0.000087688 1.000000000 -0.000033904 0.000341819 -0.000075999 0.000033911 1.000000000 0.001156498
1.000000000 -0.000187754 -0.000013260 -0.000021658 0.000187753 1.000000000 -0.000055401 0.001359803 0.000013271 0.000055398 1.000000000 0.001243294
1.000000000 -0.000029841 0.000113234 -0.001046961 0.000029852 1.000000000 -0.000089013 0.002219001 -0.000113231 0.000089016 1.000000000 0.003008672
1.000000000 0.000094024 0.000183538 -0.001979912 -0.000094010 1.000000000 -0.000074861 0.002928548 -0.000183545 0.000074844 1.000000000 0.003504715
0.999999940 -0.000356334 0.000021205 0.000276269 0.000356334 0.999999940 0.000020354 0.000988929 -0.000021213 -0.000020346 1.000000000 0.001544861
1.000000000 -0.000016385 0.000124599 -0.001416693 0.000016372 1.000000000 0.000102074 0.000869871 -0.000124601 -0.000102072 1.000000000 0.001377398
1.000000000 -0.000210230 -0.000057200 0.000123635 0.000210223 1.000000000 -0.000108715 0.002042568 0.000057223 0.000108703 1.000000000 0.001832991
1.000000000 -0.000000632 0.000237530 -0.001726816 0.000000620 1.000000000 0.000052465 -0.000509436 -0.000237530 -0.000052465 1.000000000 0.002340160
0.999999940 -0.000140278 0.000217057 -0.000554180 0.000140434 0.999999702 -0.000721063 -0.001070062 -0.000216955 0.000721093 0.999999702 0.051552940
1.000000000 -0.000030821 0.000174390 0.000928259 0.000031060 0.999999046 -0.001374098 -0.003168790 -0.000174348 0.001374103 0.999999046 0.134077907
0.999999940 0.000353594 -0.000007188 0.002541990 -0.000353604 0.999998927 -0.001435039 -0.004888630 0.000006681 0.001435042 0.999998987 0.252838254
0.999999940 0.000381968 -0.000006702 0.004997129 -0.000381976 0.999999106 -0.001266893 -0.013547239 0.000006218 0.001266895 0.999999225 0.382587135
0.999999881 0.000414294 0.000131622 0.007073265 -0.000414139 0.999999225 -0.001177597 -0.015654642 -0.000132110 0.001177542 0.999999285 0.528487504
1.000000000 0.000185625 0.000046466 0.012881064 -0.000185565 0.999999166 -0.001276616 -0.018638173 -0.000046703 0.001276607 0.999999166 0.680780530
0.999999940 -0.000388864 0.000128379 0.015989842 0.000388999 0.999999344 -0.001055296 -0.019508874 -0.000127969 0.001055346 0.999999464 0.852522314
1.000000000 0.000077732 -0.000223290 0.023729861 -0.000077846 1.000000000 -0.000508235 -0.034488276 0.000223250 0.000508252 0.999999762 1.012822986
1.000000000 0.000153154 -0.000060301 0.026918530 -0.000153168 1.000000000 -0.000233850 -0.041548703 0.000060265 0.000233860 0.999999940 1.188468218
0.999999881 0.000202586 -0.000392743 0.033838462 -0.000202682 0.999999881 -0.000244710 -0.045960754 0.000392693 0.000244789 0.999999821 1.370554805
0.999999762 0.000493360 -0.000390878 0.037099332 -0.000493482 0.999999881 -0.000314064 -0.049073856 0.000390723 0.000314257 0.999999881 1.560013294
0.999999821 0.000528920 -0.000165188 0.038073808 -0.000528953 0.999999881 -0.000204725 -0.052668415 0.000165080 0.000204812 1.000000000 1.762877584
0.999999702 0.000527884 -0.000499268 0.048035450 -0.000527872 0.999999881 0.000022536 -0.062310040 0.000499280 -0.000022272 0.999999821 1.961965203
0.999999642 0.000637970 -0.000428168 0.049451545 -0.000638049 0.999999702 -0.000184634 -0.066187300 0.000428050 0.000184907 0.999999881 2.178749561
0.999999583 0.000943208 -0.000218010 0.054301009 -0.000943182 0.999999523 0.000116444 -0.075442076 0.000218120 -0.000116239 0.999999881 2.388341665
0.999999344 0.001054684 -0.000402588 0.058019228 -0.001054750 0.999999404 -0.000162315 -0.080363907 0.000402417 0.000162739 0.999999881 2.617345095
0.999999166 0.001266656 0.000132731 0.052497618 -0.001266625 0.999999166 -0.000237728 -0.081461601 -0.000133032 0.000237559 0.999999940 2.846028566
0.999999642 0.000748326 -0.000378061 0.066333584 -0.000748418 0.999999702 -0.000242419 -0.088367365 0.000377880 0.000242702 0.999999881 3.075115681
0.999999046 0.001038359 -0.000848105 0.075921372 -0.001038790 0.999999344 -0.000508276 -0.092737451 0.000847577 0.000509157 0.999999523 3.321318150
0.999999523 0.000888242 -0.000365531 0.075137906 -0.000888266 0.999999642 -0.000065541 -0.104875445 0.000365472 0.000065866 0.999999940 3.546282053
0.999999404 0.000891286 -0.000606069 0.089837998 -0.000891446 0.999999583 -0.000264004 -0.111591719 0.000605834 0.000264544 0.999999702 3.811988831
0.999999702 0.000242812 -0.000668478 0.092803530 -0.000242955 1.000000000 -0.000214317 -0.116372712 0.000668426 0.000214479 0.999999702 4.068696499
0.999999106 0.001192830 -0.000639647 0.094090857 -0.001192790 0.999999285 0.000062992 -0.121821545 0.000639722 -0.000062229 0.999999821 4.317931652
0.999999642 0.000573540 -0.000626933 0.101040266 -0.000573610 0.999999821 -0.000110996 -0.126273990 0.000626870 0.000111356 0.999999821 4.576742172
0.999999583 0.000505941 -0.000803572 0.107735485 -0.000505927 0.999999881 0.000017098 -0.135065824 0.000803581 -0.000016692 0.999999642 4.833349705
0.999999523 0.000624412 -0.000741175 0.114105761 -0.000624337 0.999999762 0.000101619 -0.142519534 0.000741238 -0.000101156 0.999999702 5.092745304
0.999999464 0.000710130 -0.000712366 0.116211817 -0.000710229 0.999999702 -0.000138156 -0.151561916 0.000712268 0.000138661 0.999999762 5.356397152
0.999999702 0.000368818 -0.000594463 0.121826895 -0.000368931 0.999999940 -0.000190575 -0.157677382 0.000594393 0.000190794 0.999999821 5.627329826
0.999999583 0.000533851 -0.000764341 0.129114538 -0.000533950 0.999999821 -0.000129565 -0.166548997 0.000764271 0.000129974 0.999999702 5.894706726
0.999999464 0.000790746 -0.000742191 0.139277190 -0.000790448 0.999999583 0.000402462 -0.180429101 0.000742509 -0.000401875 0.999999702 6.161188126
0.999999523 0.000869102 -0.000449962 0.137671202 -0.000869119 0.999999642 -0.000037339 -0.184424385 0.000449930 0.000037730 0.999999881 6.447433949
0.999999523 0.000918833 -0.000312102 0.139580250 -0.000918809 0.999999523 0.000075072 -0.194155663 0.000312171 -0.000074785 0.999999940 6.736901283
0.999998987 0.001450363 -0.000313248 0.154983863 -0.001450204 0.999998868 0.000506889 -0.211616486 0.000313983 -0.000506434 0.999999762 7.013682365
0.999999285 0.001056120 -0.000475310 0.162548289 -0.001055803 0.999999166 0.000666534 -0.220352888 0.000476013 -0.000666032 0.999999642 7.308600903
0.999999404 0.000981078 -0.000273612 0.163221419 -0.000981133 0.999999464 -0.000201842 -0.217783391 0.000273413 0.000202111 0.999999940 7.640267849
0.999999046 0.001383708 -0.000190009 0.166793928 -0.001383641 0.999998987 0.000352759 -0.238569021 0.000190497 -0.000352496 0.999999881 7.950705528
0.999999106 0.001298206 -0.000353580 0.177263930 -0.001298021 0.999999046 0.000522635 -0.246822596 0.000354258 -0.000522175 0.999999762 8.266403198
0.999998212 0.001900674 0.000131030 0.178845704 -0.001900718 0.999998152 0.000343417 -0.255749822 -0.000130377 -0.000343665 1.000000000 8.597574234
0.999998808 0.001454337 0.000557771 0.175289243 -0.001454470 0.999998927 0.000238021 -0.261942267 -0.000557424 -0.000238832 0.999999821 8.933749199
0.999998569 0.001503179 0.000756808 0.185668409 -0.001503570 0.999998748 0.000516814 -0.278601795 -0.000756030 -0.000517951 0.999999583 9.259479523
0.999997914 0.001923037 0.000760611 0.191420883 -0.001923739 0.999997735 0.000923960 -0.291132212 -0.000758833 -0.000925422 0.999999225 9.608208656
0.999998331 0.001670948 0.000729759 0.201564163 -0.001671425 0.999998391 0.000654097 -0.298101813 -0.000728665 -0.000655316 0.999999523 9.938665390
0.999998689 0.001475674 0.000647306 0.196858987 -0.001476187 0.999998569 0.000791935 -0.313950479 -0.000646136 -0.000792890 0.999999464 10.281352997
0.999997795 0.001753075 0.001149594 0.202239051 -0.001754585 0.999997556 0.001313618 -0.327902466 -0.001147288 -0.001315633 0.999998450 10.632657051
0.999997616 0.001807504 0.001242490 0.206893757 -0.001808818 0.999997735 0.001057683 -0.333637387 -0.001240576 -0.001059928 0.999998629 11.003718376
0.999998927 0.001276125 0.000720435 0.220171064 -0.001276875 0.999998569 0.001042165 -0.346707016 -0.000719104 -0.001043084 0.999999225 11.390553474
0.999999166 0.001039880 0.000829712 0.229664564 -0.001040770 0.999998808 0.001072648 -0.354397744 -0.000828596 -0.001073511 0.999999106 11.769618034
0.999998689 0.001441833 0.000673321 0.236600801 -0.001442522 0.999998450 0.001024301 -0.370935321 -0.000671842 -0.001025271 0.999999225 12.155175209
0.999999166 0.001167094 0.000490069 0.248252794 -0.001167582 0.999998748 0.000996577 -0.380506784 -0.000488904 -0.000997148 0.999999404 12.544797897
0.999999225 0.001012387 0.000778693 0.251572371 -0.001013373 0.999998629 0.001266160 -0.393724263 -0.000777410 -0.001266948 0.999998927 12.940417290
0.999998271 0.001668144 0.000813044 0.263550162 -0.001669099 0.999997914 0.001175595 -0.402554989 -0.000811081 -0.001176950 0.999998987 13.340579987
0.999998510 0.001103814 0.001330890 0.270973027 -0.001105990 0.999998033 0.001635963 -0.415109932 -0.001329082 -0.001637432 0.999997795 13.747766495
0.999998808 0.001169861 0.001006400 0.282049775 -0.001170993 0.999998689 0.001125203 -0.422466606 -0.001005083 -0.001126381 0.999998868 14.175070763
0.999999225 0.000839983 0.000928228 0.294111967 -0.000841096 0.999998927 0.001198982 -0.435788333 -0.000927220 -0.001199762 0.999998868 14.592107773
0.999997973 0.001495882 0.001344993 0.299125999 -0.001497706 0.999997914 0.001356353 -0.447993815 -0.001342961 -0.001358365 0.999998152 15.021439552
0.999998391 0.001225145 0.001294291 0.314529955 -0.001227064 0.999998152 0.001483195 -0.462247491 -0.001292471 -0.001484781 0.999997973 15.450844765
0.999998093 0.001027334 0.001667472 0.322881341 -0.001029441 0.999998629 0.001263707 -0.473180175 -0.001666171 -0.001265421 0.999997735 15.890450478
0.999997735 0.001204203 0.001763549 0.335775554 -0.001207166 0.999997854 0.001680387 -0.486819267 -0.001761521 -0.001682512 0.999996960 16.330518723
0.999997258 0.001034219 0.002102347 0.343631804 -0.001036936 0.999998629 0.001291600 -0.495441884 -0.002101007 -0.001293777 0.999996960 16.776836395
0.999996006 0.001626502 0.002310971 0.352242589 -0.001629474 0.999997795 0.001285026 -0.507341325 -0.002308877 -0.001288787 0.999996424 17.236186981
0.999995589 0.001308290 0.002657028 0.359644562 -0.001311631 0.999998450 0.001256194 -0.518670738 -0.002655381 -0.001259674 0.999995708 17.697465897
0.999993324 0.001482491 0.003325696 0.366606951 -0.001485780 0.999998450 0.000986609 -0.526455581 -0.003324229 -0.000991544 0.999994040 18.165493011
0.999994695 0.000845763 0.003131587 0.393365830 -0.000849896 0.999998808 0.001318707 -0.541346550 -0.003130468 -0.001321362 0.999994338 18.621955872
0.999992907 0.001762864 0.003319803 0.396466166 -0.001768177 0.999997139 0.001598372 -0.561395645 -0.003316976 -0.001604231 0.999993205 19.098579407
0.999991536 0.001581819 0.003786127 0.410588354 -0.001585706 0.999998152 0.001023840 -0.568301678 -0.003784501 -0.001029835 0.999992311 19.583713531
0.999992788 0.001223565 0.003584305 0.419897437 -0.001228991 0.999998033 0.001512133 -0.583039999 -0.003582448 -0.001516527 0.999992371 20.069459915
0.999993384 0.001806353 0.003159459 0.425925791 -0.001812023 0.999996781 0.001792543 -0.604928732 -0.003156211 -0.001798256 0.999993384 20.566446304
0.999992073 0.002325596 0.003212193 0.434590757 -0.002330350 0.999996185 0.001477098 -0.611944437 -0.003208746 -0.001484572 0.999993742 21.065336227
0.999994040 0.001825767 0.002911565 0.441983044 -0.001828688 0.999997854 0.001000989 -0.615461528 -0.002909731 -0.001006308 0.999995232 21.577112198
0.999996781 0.001233998 0.002209805 0.451668233 -0.001238771 0.999996901 0.002159947 -0.641059756 -0.002207133 -0.002162678 0.999995232 22.055492401
0.999997973 0.001383188 0.001518063 0.469096899 -0.001386933 0.999996066 0.002469271 -0.656225860 -0.001514642 -0.002471371 0.999995768 22.569446564
0.999997020 0.001991007 0.001391843 0.467106104 -0.001993442 0.999996483 0.001749983 -0.663579345 -0.001388353 -0.001752753 0.999997497 23.084545135
0.999998271 0.001724912 0.000672839 0.479888707 -0.001725826 0.999997556 0.001359383 -0.681263506 -0.000670492 -0.001360542 0.999998868 23.604005814
0.999999404 0.001022975 0.000285788 0.486577719 -0.001023257 0.999998987 0.000988332 -0.691249609 -0.000284775 -0.000988624 0.999999464 24.134227753
0.999998927 0.001397517 -0.000394746 0.496032625 -0.001396811 0.999997437 0.001783950 -0.706531882 0.000397238 -0.001783397 0.999998331 24.669799805
0.999996543 0.002456628 -0.000960810 0.505035996 -0.002455119 0.999995768 0.001568039 -0.718406975 0.000964658 -0.001565675 0.999998331 25.204305649
0.999996245 0.002455261 -0.001189936 0.513316512 -0.002453348 0.999995708 0.001605897 -0.729810297 0.001193873 -0.001602972 0.999998033 25.743698120
0.999995172 0.002384543 -0.002002577 0.526783168 -0.002380440 0.999995053 0.002048438 -0.753912330 0.002007453 -0.002043662 0.999995828 26.291255951
0.999996006 0.001875576 -0.002131954 0.537748933 -0.001870058 0.999994874 0.002587453 -0.768978238 0.002136797 -0.002583456 0.999994338 26.834617615
0.999994814 0.002379411 -0.002194351 0.537793100 -0.002373485 0.999993563 0.002699277 -0.784066975 0.002200760 -0.002694054 0.999993920 27.388952255
0.999992728 0.003210330 -0.002103639 0.532930374 -0.003206747 0.999993443 0.001704504 -0.790769994 0.002109097 -0.001697745 0.999996305 27.932428360
0.999991834 0.002672830 -0.003035709 0.551708579 -0.002663911 0.999992073 0.002938482 -0.817787468 0.003043539 -0.002930371 0.999991059 28.480037689
0.999991417 0.002925949 -0.002962371 0.554960608 -0.002918108 0.999992311 0.002647860 -0.826730609 0.002970096 -0.002639192 0.999992132 29.029439926
0.999989450 0.002798833 -0.003667163 0.566821575 -0.002788052 0.999991775 0.002941953 -0.847233474 0.003675367 -0.002931698 0.999988973 29.581918716
0.999988019 0.002810589 -0.004012411 0.569615126 -0.002798276 0.999991357 0.003070995 -0.859137535 0.004021008 -0.003059731 0.999987245 30.124351501
0.999987125 0.002575497 -0.004372933 0.582601130 -0.002563445 0.999992847 0.002759417 -0.872980714 0.004380009 -0.002748172 0.999986649 30.672063828
0.999985576 0.002754171 -0.004592372 0.590129316 -0.002740640 0.999991834 0.002950047 -0.887470722 0.004600459 -0.002937419 0.999985099 31.219640732
0.999983430 0.003044002 -0.004886139 0.597569227 -0.003029606 0.999991000 0.002950957 -0.899604857 0.004895078 -0.002936106 0.999983728 31.768249512
0.999983668 0.002224120 -0.005257091 0.612221301 -0.002205873 0.999991536 0.003474100 -0.918560803 0.005264773 -0.003462446 0.999980211 32.312473297
0.999981105 0.002685944 -0.005523453 0.618627429 -0.002667270 0.999990821 0.003385491 -0.930041432 0.005532494 -0.003370695 0.999979019 32.857936859
0.999976337 0.003006121 -0.006197964 0.630567729 -0.002986409 0.999990523 0.003187231 -0.947406828 0.006207486 -0.003168646 0.999975741 33.393878937
0.999979079 0.002949749 -0.005742147 0.633129716 -0.002932288 0.999991000 0.003046779 -0.955785871 0.005751082 -0.003029878 0.999978900 33.964157104
0.999975979 0.002539020 -0.006442998 0.639205933 -0.002520781 0.999992788 0.002837421 -0.970658898 0.006450155 -0.002821112 0.999975264 34.503376007
0.999979317 0.002626542 -0.005864522 0.648251832 -0.002608621 0.999991834 0.003061202 -0.986095071 0.005872515 -0.003045840 0.999978125 35.045783997
0.999979675 0.002636602 -0.005802508 0.655524969 -0.002620644 0.999992728 0.002756031 -0.999237061 0.005809733 -0.002740768 0.999979377 35.587455750
0.999975145 0.002445817 -0.006613089 0.668911099 -0.002424997 0.999992073 0.003154468 -1.014811993 0.006620752 -0.003138353 0.999973178 36.128166199
0.999976873 0.003023725 -0.006094995 0.671508670 -0.003006617 0.999991477 0.002814075 -1.025194883 0.006103453 -0.002795685 0.999977469 36.682037354
0.999972403 0.002440854 -0.007005290 0.686706185 -0.002418414 0.999991894 0.003210113 -1.042301297 0.007013069 -0.003193084 0.999970257 37.207427979
0.999970317 0.003163973 -0.007017789 0.692472756 -0.003147947 0.999992311 0.002293509 -1.050173044 0.007024993 -0.002271350 0.999972701 37.758350372
0.999973714 0.002801574 -0.006679955 0.690840721 -0.002781519 0.999991596 0.003009630 -1.069720030 0.006688330 -0.002990971 0.999973178 38.303829193
0.999959648 0.002208108 -0.008708408 0.702478230 -0.002185820 0.999994397 0.002568097 -1.082873821 0.008714030 -0.002548958 0.999958813 38.835708618
0.999974310 0.003612744 -0.006192856 0.705548525 -0.003591210 0.999987423 0.003484707 -1.107012272 0.006205368 -0.003462377 0.999974787 39.379398346
0.999966383 0.003156660 -0.007571473 0.725163937 -0.003128989 0.999988377 0.003663629 -1.119243860 0.007582949 -0.003639814 0.999964654 39.941703796
0.999964595 0.002832607 -0.007926218 0.736505032 -0.002802819 0.999988914 0.003766599 -1.136634827 0.007936800 -0.003744249 0.999961555 40.476131439
0.999966085 0.003313506 -0.007546534 0.752482951 -0.003285998 0.999987900 0.003654701 -1.149297118 0.007558553 -0.003629779 0.999964893 41.022792816
0.999964833 0.003596131 -0.007574205 0.738790929 -0.003569784 0.999987543 0.003489072 -1.155853152 0.007586658 -0.003461911 0.999965250 41.576271057
0.999962509 0.003981225 -0.007687980 0.750387251 -0.003953536 0.999985695 0.003613552 -1.172017574 0.007702256 -0.003583022 0.999963939 42.120773315
0.999965191 0.003683049 -0.007480603 0.761155903 -0.003656996 0.999987185 0.003493539 -1.186423182 0.007493373 -0.003466061 0.999965966 42.659656525
0.999958813 0.003625919 -0.008331686 0.764920294 -0.003594043 0.999986112 0.003837754 -1.198993921 0.008345488 -0.003807651 0.999957919 43.214084625
0.999965429 0.003512681 -0.007547041 0.765053153 -0.003488023 0.999988556 0.003277955 -1.210202336 0.007558469 -0.003251518 0.999966204 43.765892029
0.999965906 0.003434528 -0.007505810 0.779173732 -0.003405320 0.999986649 0.003900829 -1.230269313 0.007519107 -0.003875137 0.999964237 44.310199738
0.999960780 0.003408553 -0.008169582 0.776244521 -0.003376597 0.999986529 0.003922325 -1.243517876 0.008182841 -0.003894585 0.999958932 44.857887268
0.999963045 0.003391329 -0.007902080 0.785713017 -0.003366294 0.999989212 0.003179275 -1.252144217 0.007912776 -0.003152557 0.999963760 45.406368256
0.999959886 0.003617158 -0.008197307 0.795140564 -0.003586194 0.999986529 0.003788873 -1.268212795 0.008210900 -0.003759324 0.999959230 45.952598572
0.999962151 0.003117193 -0.008128069 0.803455114 -0.003087520 0.999988556 0.003660715 -1.285844684 0.008139388 -0.003635481 0.999960303 46.492477417
0.999959350 0.003844281 -0.008153195 0.801506221 -0.003814225 0.999985874 0.003698836 -1.290871143 0.008167299 -0.003667588 0.999959946 47.027866364
0.999963403 0.003460518 -0.007827058 0.805412352 -0.003432493 0.999987721 0.003591163 -1.301455021 0.007839388 -0.003564165 0.999962926 47.569152832
0.999967277 0.003602178 -0.007233624 0.802954674 -0.003579278 0.999988496 0.003176473 -1.307830572 0.007244982 -0.003150478 0.999968767 48.123668671
0.999962568 0.003053870 -0.008093713 0.810500264 -0.003022524 0.999987900 0.003882164 -1.327470660 0.008105471 -0.003857555 0.999959707 48.655353546
0.999964237 0.003706239 -0.007601815 0.813943386 -0.003676440 0.999985576 0.003930295 -1.340327740 0.007616272 -0.003902207 0.999963403 49.206844330
0.999966264 0.004194694 -0.007055987 0.819547534 -0.004170556 0.999985397 0.003432062 -1.354152799 0.007070282 -0.003402519 0.999969184 49.758258820
0.999965191 0.003536282 -0.007553579 0.823695540 -0.003507525 0.999986589 0.003817021 -1.367751598 0.007566976 -0.003790394 0.999964118 50.304267883
0.999964952 0.003518903 -0.007588143 0.828413188 -0.003493504 0.999988258 0.003357910 -1.379106998 0.007599870 -0.003331283 0.999965549 50.856193542
0.999968410 0.003775084 -0.006990553 0.828677893 -0.003750804 0.999986947 0.003483119 -1.392146945 0.007003610 -0.003456789 0.999969482 51.381938934
0.999960840 0.003357909 -0.008186578 0.843858361 -0.003327314 0.999987423 0.003747999 -1.412179828 0.008199061 -0.003720614 0.999959409 51.944469452
0.999963105 0.002633413 -0.008177363 0.852587819 -0.002615750 0.999994218 0.002169896 -1.414424419 0.008183031 -0.002148427 0.999964178 52.501911163
0.999965906 0.003499293 -0.007478686 0.851528049 -0.003474350 0.999988317 0.003345571 -1.438033342 0.007490306 -0.003319474 0.999966443 53.039546967
0.999964952 0.003440279 -0.007634223 0.855480850 -0.003413989 0.999988198 0.003454248 -1.453580379 0.007646017 -0.003428064 0.999964833 53.583580017
0.999968946 0.003446421 -0.007098953 0.858325303 -0.003424087 0.999989212 0.003156011 -1.465404630 0.007109754 -0.003131606 0.999969780 54.131900787
0.999965787 0.003826703 -0.007329734 0.868613482 -0.003801340 0.999986708 0.003470969 -1.479385972 0.007342919 -0.003442987 0.999967098 54.666038513
0.999956787 0.003843850 -0.008459877 0.874312401 -0.003809887 0.999984562 0.004027163 -1.496007919 0.008475227 -0.003994757 0.999956131 55.215068817
0.999965250 0.004046256 -0.007289525 0.880551338 -0.004020712 0.999985754 0.003515620 -1.506799102 0.007303645 -0.003486189 0.999967277 55.749187469
0.999964774 0.003441962 -0.007656781 0.886909366 -0.003415363 0.999988079 0.003484230 -1.519403338 0.007668682 -0.003457956 0.999964595 56.292335510
0.999965847 0.003762565 -0.007355325 0.903591394 -0.003737522 0.999987245 0.003415478 -1.538203120 0.007368082 -0.003387871 0.999967098 56.821975708
0.999963820 0.003985225 -0.007518980 0.910824299 -0.003958138 0.999985635 0.003613886 -1.546710610 0.007533275 -0.003583994 0.999965191 57.370998383
0.999965608 0.004586244 -0.006914470 0.909621239 -0.004560884 0.999982774 0.003678945 -1.562488675 0.006931225 -0.003647282 0.999969304 57.918277740
0.999963939 0.004398663 -0.007265430 0.926511049 -0.004373359 0.999984264 0.003494819 -1.576586962 0.007280689 -0.003462919 0.999967515 58.443099976
0.999966204 0.003813680 -0.007279705 0.924412847 -0.003790809 0.999987841 0.003153010 -1.586020112 0.007291641 -0.003125307 0.999968529 58.996791840
0.999967277 0.004193786 -0.006915988 0.930749714 -0.004172667 0.999986649 0.003065084 -1.601534843 0.006928749 -0.003036126 0.999971390 59.540618896
0.999969602 0.004201671 -0.006570542 0.938070774 -0.004178418 0.999985039 0.003548603 -1.617202401 0.006585354 -0.003521040 0.999972165 60.080101013
0.999963701 0.004063847 -0.007505530 0.939860702 -0.004038415 0.999986053 0.003400507 -1.625619888 0.007519246 -0.003370073 0.999966025 60.624202728
0.999971390 0.004637678 -0.005969356 0.938742042 -0.004617631 0.999983609 0.003367522 -1.641606092 0.005984875 -0.003339861 0.999976456 61.174953461
0.999971151 0.004830531 -0.005872237 0.945013881 -0.004811238 0.999983013 0.003295159 -1.648873091 0.005888054 -0.003266811 0.999977350 61.724761963
0.999961913 0.004572606 -0.007426748 0.964172721 -0.004549970 0.999984980 0.003062049 -1.663548470 0.007440637 -0.003028141 0.999967754 62.236686707
0.999963582 0.004497102 -0.007260020 0.974372625 -0.004472720 0.999984324 0.003371215 -1.683090091 0.007275066 -0.003338621 0.999968052 62.776489258
0.999965489 0.005002073 -0.006636058 0.972965002 -0.004977657 0.999980807 0.003690679 -1.696634531 0.006654392 -0.003657520 0.999971151 63.326572418
0.999961257 0.004459760 -0.007586407 0.984201729 -0.004437543 0.999985814 0.002943034 -1.705241084 0.007599425 -0.002909256 0.999966860 63.869956970
0.999963760 0.004629535 -0.007142472 0.983716965 -0.004611170 0.999986053 0.002585600 -1.714190364 0.007154343 -0.002552571 0.999971151 64.417304993
0.999962628 0.005148388 -0.006944027 0.995753407 -0.005127248 0.999982119 0.003058807 -1.731492162 0.006959651 -0.003023088 0.999971211 64.947151184
0.999960303 0.004925289 -0.007423795 1.003952861 -0.004904733 0.999984086 0.002784738 -1.737554073 0.007437394 -0.002748216 0.999968529 65.479652405
0.999961913 0.005179252 -0.007028263 1.010850549 -0.005160189 0.999983013 0.002727879 -1.750267029 0.007042272 -0.002691508 0.999971569 66.033927917
0.999966860 0.004644006 -0.006688017 1.010661721 -0.004627764 0.999986351 0.002442126 -1.759775519 0.006699268 -0.002411094 0.999974668 66.584617615
0.999960184 0.005220525 -0.007240735 1.018177152 -0.005200921 0.999982774 0.002723607 -1.779557705 0.007254829 -0.002685840 0.999970078 67.116432190
0.999960721 0.005826063 -0.006686770 1.018537641 -0.005812241 0.999980986 0.002084637 -1.787603140 0.006698788 -0.002045690 0.999975443 67.663803101
0.999961615 0.005838282 -0.006540331 1.024690509 -0.005818927 0.999978602 0.002974387 -1.816826105 0.006557556 -0.002936216 0.999974251 68.190376282
0.999960601 0.005639058 -0.006851205 1.030730844 -0.005621269 0.999980807 0.002612832 -1.820749998 0.006865808 -0.002574218 0.999973059 68.720222473
0.999963403 0.005554584 -0.006509169 1.033014059 -0.005541417 0.999982595 0.002039117 -1.823143005 0.006520383 -0.002002972 0.999976695 69.273750305
0.999965131 0.005540511 -0.006240156 1.048964500 -0.005525709 0.999981880 0.002386957 -1.844773293 0.006253269 -0.002352393 0.999977648 69.805267334
0.999964714 0.005610772 -0.006249180 1.040786505 -0.005588955 0.999978244 0.003503235 -1.870683074 0.006268700 -0.003468185 0.999974310 70.324523926
0.999957800 0.006325449 -0.006660451 1.053270578 -0.006302720 0.999974251 0.003428263 -1.884988427 0.006681965 -0.003386139 0.999971926 70.870605469
0.999966085 0.005904823 -0.005737984 1.042467594 -0.005889914 0.999979258 0.002611799 -1.889448047 0.005753288 -0.002577915 0.999980092 71.401771545
0.999960661 0.005866806 -0.006642594 1.060591102 -0.005842260 0.999976039 0.003708677 -1.915754795 0.006664193 -0.003669724 0.999971032 71.923721313
0.999961257 0.005919139 -0.006519173 1.071486592 -0.005894575 0.999975383 0.003780812 -1.934265256 0.006541392 -0.003742238 0.999971569 72.461402893
0.999963582 0.005987866 -0.006081141 1.067969084 -0.005967859 0.999976754 0.003303182 -1.944349527 0.006100778 -0.003266770 0.999976039 73.011070251
0.999961555 0.006233813 -0.006159210 1.070576668 -0.006214097 0.999975562 0.003214877 -1.955432773 0.006179100 -0.003176480 0.999975860 73.557273865
0.999963343 0.005895921 -0.006203535 1.082727551 -0.005872809 0.999975801 0.003737243 -1.975857973 0.006225419 -0.003700674 0.999973774 74.080581665
0.999962568 0.006178542 -0.006050596 1.091810107 -0.006153485 0.999972403 0.004151199 -1.990614653 0.006076077 -0.004113812 0.999973059 74.619544983
0.999962270 0.006287913 -0.005992348 1.098712802 -0.006262726 0.999971569 0.004212678 -2.006954193 0.006018665 -0.004174991 0.999973178 75.152053833
0.999965012 0.005648231 -0.006163956 1.108562469 -0.005623917 0.999976337 0.003954780 -2.017969131 0.006186147 -0.003919976 0.999973118 75.695022583
0.999953687 0.007720868 -0.005746206 1.107863665 -0.007693997 0.999959409 0.004683842 -2.034567595 0.005782136 -0.004639415 0.999972522 76.246459961
0.999965787 0.006459459 -0.005181279 1.120229244 -0.006438101 0.999970734 0.004128263 -2.048071384 0.005207794 -0.004094763 0.999978006 76.786865234
0.999967813 0.005592546 -0.005744313 1.122327209 -0.005570391 0.999976993 0.003865712 -2.056583166 0.005765800 -0.003833590 0.999976039 77.318908691
0.999974012 0.005112980 -0.005080147 1.123167038 -0.005089451 0.999976277 0.004633571 -2.078442097 0.005103718 -0.004607595 0.999976337 77.856597900
0.999971509 0.005235496 -0.005437069 1.136055946 -0.005213270 0.999977946 0.004093799 -2.087645531 0.005458383 -0.004065337 0.999976873 78.402641296
0.999968171 0.005678264 -0.005600838 1.145389915 -0.005654292 0.999974787 0.004286790 -2.098863363 0.005625039 -0.004254985 0.999975085 78.941841125
0.999966562 0.005870342 -0.005683670 1.153399348 -0.005847517 0.999974847 0.004024173 -2.113127232 0.005707149 -0.003990803 0.999975741 79.485588074
0.999967635 0.006014240 -0.005346882 1.161926746 -0.005995846 0.999976039 0.003449205 -2.119189978 0.005367498 -0.003417034 0.999979734 80.038215637
0.999972105 0.006133659 -0.004263652 1.169713736 -0.006118260 0.999974728 0.003615587 -2.131856918 0.004285721 -0.003589400 0.999984384 80.585113525
0.999974966 0.006427492 -0.002960763 1.179164410 -0.006417323 0.999973536 0.003431044 -2.145986795 0.002982738 -0.003411958 0.999989748 81.130218506
0.999977350 0.006415475 -0.002015298 1.187542439 -0.006407728 0.999972165 0.003827625 -2.163849115 0.002039798 -0.003814625 0.999990642 81.655906677
0.999979198 0.006438897 -0.000449730 1.196757078 -0.006436956 0.999970436 0.004194678 -2.179419518 0.000476727 -0.004191695 0.999991119 82.193527222
0.999971032 0.006918827 0.003146373 1.209801674 -0.006931622 0.999967635 0.004074385 -2.190391064 -0.003118082 -0.004096077 0.999986768 82.747039795
0.999958694 0.006356935 0.006493225 1.232408285 -0.006385784 0.999969780 0.004431944 -2.209223747 -0.006464854 -0.004473225 0.999969125 83.278427124
0.999927580 0.007345948 0.009524383 1.248825431 -0.007386677 0.999963701 0.004248098 -2.230377913 -0.009492830 -0.004318144 0.999945581 83.830726624
0.999875128 0.006826128 0.014251393 1.276136756 -0.006885125 0.999967992 0.004094652 -2.245969534 -0.014222984 -0.004192264 0.999890089 84.380043030
0.999775231 0.007273666 0.019910617 1.311137438 -0.007362176 0.999963343 0.004375614 -2.262704611 -0.019878061 -0.004521218 0.999792218 84.924125671
0.999647796 0.007015206 0.025592070 1.342153430 -0.007136124 0.999963760 0.004636549 -2.280912161 -0.025558621 -0.004817545 0.999661744 85.467796326
0.999494016 0.006707183 0.031092063 1.380086303 -0.006846737 0.999966979 0.004384146 -2.290566444 -0.031061631 -0.004594807 0.999506891 85.992950439
0.999182343 0.006739544 0.039868530 1.392046213 -0.006890549 0.999969602 0.003651371 -2.285801888 -0.039842706 -0.003923100 0.999198258 86.566177368
0.998816669 0.006622185 0.048182037 1.438021898 -0.006822661 0.999968767 0.003997550 -2.301821947 -0.048154056 -0.004321549 0.998830616 87.117660522
0.998481274 0.005514768 0.054814328 1.481587887 -0.005741479 0.999975622 0.003979362 -2.314343929 -0.054791052 -0.004288035 0.998488605 87.663337708
0.997926176 0.005849912 0.064101748 1.531700134 -0.006103250 0.999974310 0.003757015 -2.323260069 -0.064078122 -0.004140453 0.997936249 88.216545105
0.997193158 0.005979117 0.074632511 1.589813709 -0.006268931 0.999973774 0.003649561 -2.339039564 -0.074608728 -0.004107183 0.997204423 88.733703613
0.996540606 0.005442868 0.082928844 1.648677349 -0.005751105 0.999977410 0.003478456 -2.350956917 -0.082908027 -0.003943354 0.996549368 89.275001526
0.995822191 0.005236698 0.091163822 1.716288090 -0.005584378 0.999978065 0.003559125 -2.364257812 -0.091143183 -0.004053349 0.995829523 89.827003479
0.994820416 0.004967526 0.101526573 1.796646118 -0.005348633 0.999979556 0.003481871 -2.378377199 -0.101507194 -0.004006864 0.994826734 90.360130310
0.993651390 0.004907168 0.112395935 1.867864609 -0.005289477 0.999981165 0.003103487 -2.386296034 -0.112378582 -0.003678299 0.993658602 90.905082703
0.992660224 0.003926156 0.120873407 1.963356018 -0.004324027 0.999986053 0.003029516 -2.399997711 -0.120859809 -0.003529939 0.992663264 91.430191040
0.991177559 0.005129527 0.132441327 2.049646378 -0.005694586 0.999976218 0.003888073 -2.426798105 -0.132418200 -0.004607969 0.991183221 91.985229492
0.989554882 0.004360331 0.144090578 2.158964157 -0.004933989 0.999981284 0.003624132 -2.440127850 -0.144072086 -0.004297219 0.989557862 92.528564453
0.987911820 0.004557105 0.154950067 2.261996269 -0.005236531 0.999978483 0.003976917 -2.457748890 -0.154928610 -0.004740243 0.987914324 93.073127747
0.986141622 0.004080832 0.165855005 2.369329453 -0.004756297 0.999981940 0.003675650 -2.466520786 -0.165837064 -0.004413568 0.986143291 93.618904114
0.983907342 0.003944366 0.178635672 2.490293503 -0.004643793 0.999983132 0.003497409 -2.479425669 -0.178618908 -0.004270674 0.983909130 94.139686584
0.981615543 0.003099038 0.190843314 2.619173050 -0.003834663 0.999986589 0.003485415 -2.487931490 -0.190829948 -0.004153158 0.981614351 94.677993774
0.979466856 0.003613870 0.201572672 2.734487534 -0.004471793 0.999982774 0.003800945 -2.505066156 -0.201555446 -0.004624291 0.979466200 95.230812073
0.976800621 0.003999223 0.214113370 2.877676010 -0.004984535 0.999979317 0.004062134 -2.521544695 -0.214092687 -0.005035151 0.976800382 95.758888245
0.973838568 0.003509327 0.227214068 3.027666092 -0.004596412 0.999980390 0.004255480 -2.536424160 -0.227194667 -0.005188520 0.973835588 96.290145874
0.970831215 0.003304544 0.239740998 3.146945953 -0.004291894 0.999984324 0.003596438 -2.541273594 -0.239725351 -0.004520478 0.970830202 96.786964417
0.967740834 0.002922000 0.251930803 3.308399200 -0.004043411 0.999984086 0.003933700 -2.563959360 -0.251915336 -0.004825463 0.967737317 97.306892395
0.964131057 0.002775860 0.265412211 3.485546112 -0.003884176 0.999985814 0.003651055 -2.574584961 -0.265398294 -0.004551003 0.964128077 97.838218689
0.960511327 0.002905726 0.278225750 3.641651154 -0.004128394 0.999984205 0.003808734 -2.588499069 -0.278210372 -0.004806958 0.960508168 98.342384338
0.957382798 0.002771883 0.288808584 3.820772171 -0.004151862 0.999982774 0.004165690 -2.603994608 -0.288792014 -0.005187253 0.957377851 98.852958679
0.952870071 0.001949304 0.303372562 4.004306793 -0.003300920 0.999986768 0.003942574 -2.607859612 -0.303360879 -0.004758169 0.952863872 99.349533081
0.948685110 0.002382806 0.316213369 4.202604294 -0.003742578 0.999986172 0.003692934 -2.621379852 -0.316200256 -0.004686885 0.948680878 99.882003784
0.944811285 0.001971063 0.327609271 4.401956558 -0.003272703 0.999988794 0.003421900 -2.628164768 -0.327598870 -0.004305217 0.944807053 100.398689270
0.940168858 0.000912459 0.340707600 4.601108551 -0.002186968 0.999991953 0.003356741 -2.643846989 -0.340701848 -0.003901020 0.940163314 100.891952515
0.934837818 0.000876237 0.355074048 4.818962097 -0.002267298 0.999991298 0.003501597 -2.658768654 -0.355067819 -0.004078483 0.934831619 101.404541016
0.930054903 0.000762348 0.367419749 5.034822464 -0.002218601 0.999991298 0.003541124 -2.669471979 -0.367413849 -0.004108598 0.930048525 101.912147522
0.925636292 -0.000054601 0.378414422 5.258096695 -0.001221818 0.999994338 0.003132964 -2.677074671 -0.378412455 -0.003362339 0.925630987 102.401977539
0.919659257 -0.000678338 0.392716616 5.498897552 -0.000784584 0.999993443 0.003564613 -2.691190481 -0.392716408 -0.003586349 0.919652581 102.904579163
0.913883209 -0.001190109 0.405975431 5.741207123 -0.000250935 0.999993801 0.003496339 -2.705806971 -0.405977100 -0.003297119 0.913877308 103.390815735
0.908958256 -0.001732131 0.416883379 5.991039276 0.000452743 0.999994814 0.003167787 -2.722211361 -0.416886747 -0.002690646 0.908954501 103.862487793
0.902705431 -0.002439829 0.430252135 6.259586334 0.001178426 0.999994159 0.003198226 -2.739614487 -0.430257380 -0.002380036 0.902703106 104.344062805
0.895970821 -0.002172667 0.444107592 6.505840302 0.000482678 0.999992192 0.003918385 -2.766210079 -0.444112599 -0.003296397 0.895964921 104.781455994
0.890128970 -0.003002943 0.455698788 6.734218597 0.001739204 0.999993384 0.003192477 -2.747535467 -0.455705285 -0.002049163 0.890128314 105.290252686
0.884568334 -0.003015570 0.466400951 7.009109497 0.001469777 0.999992192 0.003678013 -2.765177727 -0.466408372 -0.002567948 0.884565771 105.768157959
0.877390444 -0.003295275 0.479765743 7.292053223 0.001870791 0.999992311 0.003447173 -2.773304462 -0.479773402 -0.002126975 0.877389848 106.247482300
0.869388402 -0.004003612 0.494113177 7.521041870 0.003116992 0.999991715 0.002618231 -2.771458864 -0.494119555 -0.000736113 0.869393647 106.708877563
