1.000000000 0.000000000 0.000000000 0.000000000 0.000000000 1.000000000 0.000000000 0.000000000 0.000000000 0.000000000 1.000000000 0.000000000
1.000000000 0.000086389 0.000114964 -0.000653181 -0.000086389 1.000000000 0.000005715 -0.001046390 -0.000114964 -0.000005725 1.000000000 0.000348454
1.000000000 0.000075052 0.000045097 0.004235014 -0.000075055 1.000000000 0.000061675 -0.000072623 -0.000045093 -0.000061678 1.000000000 -0.004778000
1.000000000 0.000033532 0.000005237 0.000203219 -0.000033532 1.000000000 -0.000092235 0.002665255 -0.000005241 0.000092235 1.000000000 0.002638279
1.000000000 0.000007358 0.000148886 -0.002461198 -0.000007352 1.000000000 -0.000042729 0.001898351 -0.000148886 0.000042728 1.000000000 0.000420979
1.000000000 0.000093091 0.000056524 -0.002826628 -0.000093091 1.000000000 0.000005653 0.004977584 -0.000056524 -0.000005658 1.000000000 -0.006594195
1.000000000 -0.000083697 0.000060386 -0.003017684 0.000083692 1.000000000 0.000098857 0.001561996 -0.000060394 -0.000098852 1.000000000 -0.003663180
1.000000000 0.000047221 -0.000043788 0.002806298 -0.000047222 1.000000000 -0.000015237 -0.000825534 0.000043787 0.000015239 1.000000000 -0.008789974
1.000000000 0.000012976 0.000075151 0.000173042 -0.000012974 1.000000000 -0.000027452 0.000139364 -0.000075152 0.000027451 1.000000000 -0.000715257
1.000000000 0.000102348 0.000140399 -0.003710430 -0.000102344 1.000000000 -0.000028043 0.001545527 -0.000140402 0.000028028 1.000000000 -0.001009862
1.000000000 -0.000181723 0.000046330 -0.000119492 0.000181727 1.000000000 -0.000082041 -0.000643201 -0.000046315 0.000082050 1.000000000 0.002169184
1.000000000 -0.000141321 -0.000016937 -0.000047481 0.000141320 1.000000000 -0.000059618 -0.000639549 0.000016946 0.000059616 1.000000000 -0.002371544
1.000000000 -0.000010261 0.000096789 -0.000131772 0.000010258 1.000000000 0.000026861 0.000187249 -0.000096789 -0.000026860 1.000000000 -0.002639968
0.999999940 -0.000271131 -0.000037529 -0.000860350 0.000271136 0.999999940 0.000147160 0.000893388 0.000037489 -0.000147170 1.000000000 -0.004875234
0.999999940 -0.000407201 -0.000053031 -0.000293385 0.000407205 0.999999940 0.000064908 -0.001472282 0.000053005 -0.000064930 1.000000000 -0.001969619
0.999999940 -0.000269294 -0.000006982 0.000910817 0.000269295 0.999999940 0.000042634 -0.001729070 0.000006970 -0.000042636 1.000000000 -0.002717018
1.000000000 0.000066124 0.000097130 -0.001186824 -0.000066132 1.000000000 0.000081471 -0.000706382 -0.000097124 -0.000081477 1.000000000 -0.009020648
0.999999940 -0.000261617 -0.000038658 0.000912874 0.000261617 0.999999940 -0.000003078 -0.000144896 0.000038659 0.000003068 1.000000000 -0.004462596
1.000000000 -0.000071490 -0.000000427 0.000635562 0.000071490 1.000000000 -0.000077613 -0.000021503 0.000000433 0.000077613 1.000000000 -0.010157321
1.000000000 -0.000136015 0.000016720 0.000875059 0.000136014 1.000000000 0.000020055 -0.001068560 -0.000016722 -0.000020052 1.000000000 -0.009631122
1.000000000 -0.000010441 0.000135635 -0.001602273 0.000010432 1.000000000 0.000065802 -0.002352184 -0.000135636 -0.000065801 1.000000000 -0.005008520
1.000000000 -0.000196514 0.000027488 0.000720534 0.000196514 1.000000000 0.000029885 -0.001622794 -0.000027494 -0.000029880 1.000000000 -0.009855651
0.999999940 -0.000318920 -0.000050008 0.001409724 0.000318929 0.999999940 0.000176844 -0.002363063 0.000049952 -0.000176860 1.000000000 -0.010534742
1.000000000 -0.000008074 -0.000071239 0.006132748 0.000008083 1.000000000 0.000119542 -0.002261874 0.000071238 -0.000119542 1.000000000 -0.011762048
1.000000000 -0.000118557 0.000015449 0.001566947 0.000118556 1.000000000 0.000065456 -0.001077472 -0.000015457 -0.000065454 1.000000000 -0.004817183
1.000000000 0.000110521 0.000193611 -0.005808559 -0.000110502 1.000000000 -0.000100718 0.000451520 -0.000193622 0.000100697 1.000000000 -0.005821746
1.000000000 -0.000041421 0.000142024 -0.007164409 0.000041399 1.000000000 0.000151977 -0.000577857 -0.000142031 -0.000151971 1.000000000 -0.009258746
0.999999940 -0.000352815 -0.000033035 -0.004369666 0.000352819 0.999999940 0.000117414 0.001636766 0.000032993 -0.000117426 1.000000000 -0.008481390
0.999999940 -0.000273254 -0.000030477 -0.001094001 0.000273258 0.999999940 0.000108433 -0.002879835 0.000030447 -0.000108442 1.000000000 -0.003110601
1.000000000 -0.000193728 0.000058010 -0.001980346 0.000193724 1.000000000 0.000073351 0.000398528 -0.000058024 -0.000073340 1.000000000 -0.001357179
0.999999940 -0.000255372 0.000101414 -0.004862361 0.000255354 0.999999940 0.000173034 -0.001077823 -0.000101459 -0.000173008 1.000000000 -0.005946390
0.999999940 -0.000285838 -0.000089244 0.001641772 0.000285843 0.999999940 0.000055539 0.000408467 0.000089228 -0.000055564 1.000000000 -0.003642404
1.000000000 -0.000106028 0.000004944 -0.003652694 0.000106029 1.000000000 -0.000095935 0.001137688 -0.000004934 0.000095935 1.000000000 -0.002583362
1.000000000 -0.000031799 0.000000498 -0.001784142 0.000031799 1.000000000 -0.000079836 0.004750472 -0.000000495 0.000079836 1.000000000 -0.001420387
0.999999940 -0.000263968 -0.000030267 -0.003389616 0.000263965 0.999999940 -0.000104662 0.002457200 0.000030294 0.000104654 1.000000000 -0.005294603
0.999999940 -0.000256970 -0.000099640 0.000533196 0.000256967 0.999999940 -0.000035449 -0.000390585 0.000099650 0.000035424 1.000000000 -0.004120309
1.000000000 -0.000243576 -0.000002098 -0.000086875 0.000243576 0.999999940 0.000157385 -0.001433621 0.000002060 -0.000157385 1.000000000 -0.000761935
1.000000000 -0.000059441 0.000038433 -0.002053036 0.000059433 1.000000000 0.000210799 -0.002582545 -0.000038445 -0.000210797 1.000000000 -0.007408135
0.999999940 -0.000378484 -0.000175099 0.001806958 0.000378503 0.999999940 0.000105807 -0.002974266 0.000175059 -0.000105873 1.000000000 -0.000716760
1.000000000 -0.000024206 0.000051441 0.000469769 0.000024237 0.999999821 -0.000609532 -0.005089536 -0.000051426 0.000609534 0.999999821 0.047852837
1.000000000 -0.000055401 -0.000108947 0.005775154 0.000055269 0.999999285 -0.001208178 -0.003712542 0.000109013 0.001208172 0.999999285 0.143611386
0.999999940 -0.000128712 -0.000233467 0.009477037 0.000128414 0.999999166 -0.001279503 -0.012774030 0.000233631 0.001279473 0.999999166 0.262510240
1.000000000 -0.000146357 -0.000055513 0.004823268 0.000146297 0.999999404 -0.001086278 -0.018551635 0.000055672 0.001086270 0.999999404 0.385497034
1.000000000 -0.000023415 -0.000233176 0.009854795 0.000023134 0.999999285 -0.001205640 -0.017343359 0.000233204 0.001205635 0.999999225 0.532314539
0.999999821 0.000579677 0.000224308 0.004851249 -0.000579346 0.999998748 -0.001471498 -0.025164984 -0.000225160 0.001471367 0.999998868 0.683959901
0.999999940 -0.000418094 -0.000060437 0.029398805 0.000418053 0.999999702 -0.000687300 -0.027255774 0.000060724 0.000687275 0.999999762 0.862319052
1.000000000 0.000132968 -0.000136619 0.026952172 -0.000133071 0.999999702 -0.000749489 -0.024452372 0.000136519 0.000749508 0.999999702 1.038825750
0.999999940 -0.000215743 0.000304132 0.016763901 0.000215987 0.999999642 -0.000803137 -0.042046666 -0.000303959 0.000803203 0.999999642 1.240972638
0.999999881 -0.000337234 -0.000326078 0.038862523 0.000337057 0.999999821 -0.000544080 -0.046023205 0.000326261 0.000543970 0.999999821 1.424239159
0.999999821 -0.000218043 -0.000571911 0.046344399 0.000217753 0.999999821 -0.000506398 -0.050634820 0.000572021 0.000506273 0.999999702 1.649639249
0.999999702 -0.000735998 0.000076942 0.044414215 0.000736002 0.999999702 -0.000056926 -0.063407779 -0.000076900 0.000056983 1.000000000 1.841123700
0.999996960 -0.000199537 0.002425631 -0.003084315 0.000195539 0.999998629 0.001648138 -0.091430150 -0.002425957 -0.001647659 0.999995649 1.817527771
0.999996603 -0.000058204 0.002583207 0.000943350 0.000054290 0.999998868 0.001515455 -0.096422978 -0.002583293 -0.001515310 0.999995470 2.046190500
0.999994814 0.000556889 0.003161950 -0.000486325 -0.000561932 0.999998510 0.001594278 -0.102024697 -0.003161058 -0.001596046 0.999993742 2.251830578
0.999996424 0.000072473 0.002665331 0.009721043 -0.000077401 0.999998271 0.001848883 -0.115906201 -0.002665192 -0.001849083 0.999994755 2.470624447
0.999995470 0.000453996 0.002975278 0.011802439 -0.000460055 0.999997854 0.002036151 -0.120893143 -0.002974347 -0.002037510 0.999993503 2.704754114
0.999996483 0.000132995 0.002629403 0.022614138 -0.000138463 0.999997854 0.002079318 -0.126831621 -0.002629120 -0.002079675 0.999994397 2.941059351
0.999995470 0.000059807 0.002985503 0.022547385 -0.000065807 0.999997973 0.002009671 -0.137201265 -0.002985377 -0.002009859 0.999993503 3.193497658
0.999995708 0.000134442 0.002935505 0.035712410 -0.000141126 0.999997437 0.002277124 -0.146318659 -0.002935191 -0.002277528 0.999993026 3.449535608
0.999994338 0.000830917 0.003239886 0.028068647 -0.000838308 0.999997079 0.002280431 -0.148067191 -0.003237982 -0.002283134 0.999992073 3.693935394
0.999993742 0.000741860 0.003472007 0.037895545 -0.000748983 0.999997616 0.002050538 -0.156742305 -0.003470477 -0.002053126 0.999991834 3.967414141
0.999998212 -0.001085534 0.001498328 0.061569352 0.001081209 0.999995172 0.002884333 -0.180084288 -0.001501452 -0.002882708 0.999994695 4.253239155
0.999998748 -0.000932247 0.001299064 0.073821776 0.000928376 0.999995172 0.002976929 -0.184641495 -0.001301833 -0.002975719 0.999994755 4.517303467
0.999997973 -0.001264485 0.001568747 0.077302463 0.001259516 0.999994159 0.003164360 -0.198145360 -0.001572739 -0.003162378 0.999993742 4.788752556
0.999997854 -0.001235165 0.001639166 0.095022961 0.001230552 0.999995232 0.002812811 -0.200484514 -0.001642633 -0.002810788 0.999994636 5.052576065
0.999996960 -0.001993044 0.001474578 0.087024100 0.001987899 0.999992013 0.003482195 -0.210206553 -0.001481507 -0.003479254 0.999992847 5.321166515
0.999997318 -0.001384305 0.001846138 0.072509207 0.001378134 0.999993443 0.003339588 -0.231469020 -0.001850749 -0.003337035 0.999992669 5.598926544
0.999998152 -0.001145952 0.001598862 0.083913922 0.001140195 0.999992907 0.003596627 -0.238104820 -0.001602972 -0.003594798 0.999992251 5.859854221
0.999997318 -0.000829033 0.002157821 0.084589861 0.000820995 0.999992788 0.003722966 -0.247985795 -0.002160891 -0.003721185 0.999990761 6.149205685
0.999996901 -0.001131963 0.002198144 0.093822449 0.001123522 0.999992013 0.003837671 -0.257412195 -0.002202470 -0.003835190 0.999990225 6.423813820
0.999996603 -0.001807036 0.001819346 0.107557870 0.001800068 0.999991059 0.003824181 -0.277597100 -0.001826240 -0.003820894 0.999991059 6.737609386
0.999995887 -0.002077238 0.001986910 0.128447920 0.002069295 0.999989927 0.003991289 -0.280119538 -0.001995181 -0.003987161 0.999990106 7.039930820
0.999996841 -0.002223997 0.001159762 0.108612508 0.002219695 0.999990702 0.003697643 -0.284709960 -0.001167975 -0.003695057 0.999992490 7.443736076
0.999996960 -0.002241959 0.001022862 0.117924012 0.002237783 0.999989152 0.004064835 -0.299193323 -0.001031964 -0.004062533 0.999991238 7.758378983
0.999997258 -0.002036497 0.001160330 0.129112348 0.002031501 0.999988735 0.004290167 -0.305080235 -0.001169054 -0.004287798 0.999990106 8.083775520
0.999996305 -0.002417269 0.001216676 0.124753729 0.002412404 0.999989152 0.003983855 -0.308329344 -0.001226292 -0.003980906 0.999991357 8.410365105
0.999995291 -0.002894416 0.001029157 0.139452219 0.002889922 0.999986410 0.004341598 -0.316868305 -0.001041710 -0.004338603 0.999990106 8.726344109
0.999993920 -0.003423763 0.000594474 0.172751591 0.003421119 0.999984503 0.004392997 -0.324907124 -0.000609506 -0.004390937 0.999990225 9.101420403
0.999995649 -0.002244755 0.001895212 0.088169537 0.002235647 0.999985993 0.004794418 -0.384864986 -0.001905948 -0.004790161 0.999986649 9.567693710
0.999994755 -0.002660097 0.001836805 0.103754923 0.002651439 0.999985456 0.004700284 -0.390575618 -0.001849282 -0.004695390 0.999987245 9.907885551
0.999995351 -0.002601274 0.001629900 0.108555630 0.002593588 0.999985635 0.004700027 -0.392466545 -0.001642103 -0.004695778 0.999987662 10.255904198
0.999995172 -0.002521254 0.001823434 0.117472798 0.002512500 0.999985397 0.004787136 -0.408120811 -0.001835478 -0.004782531 0.999986887 10.626353264
0.999994934 -0.002954812 0.001170181 0.132823989 0.002948537 0.999981403 0.005329063 -0.420450717 -0.001185906 -0.005325586 0.999985158 10.994802475
0.999992251 -0.003840091 0.000838336 0.136934236 0.003835934 0.999980628 0.004904228 -0.435518444 -0.000857152 -0.004900975 0.999987543 11.509333611
0.999995768 -0.002762127 0.000866879 0.140201315 0.002757822 0.999984026 0.004928379 -0.448363721 -0.000880478 -0.004925968 0.999987483 11.889678001
0.999994040 -0.003107973 0.001461304 0.146054983 0.003100916 0.999983609 0.004806628 -0.451790303 -0.001476219 -0.004802067 0.999987364 12.284119606
0.999994159 -0.003043065 0.001526465 0.157126784 0.003034802 0.999980927 0.005386007 -0.464213550 -0.001542826 -0.005381343 0.999984324 12.640240669
0.999995232 -0.002769996 0.001341405 0.162520796 0.002762883 0.999982357 0.005276130 -0.469602197 -0.001355997 -0.005272399 0.999985158 13.017436981
0.999993980 -0.003267467 0.001186760 0.183102429 0.003261267 0.999981284 0.005189082 -0.473925859 -0.001203693 -0.005185180 0.999985874 13.454487801
0.999987483 -0.004962626 0.000526665 0.165216714 0.004959577 0.999971747 0.005640783 -0.534905910 -0.000554644 -0.005638100 0.999983966 14.038245201
0.999992013 -0.003768710 0.001291006 0.165469751 0.003761777 0.999978721 0.005331572 -0.542875051 -0.001311072 -0.005326673 0.999985039 14.453886032
0.999992788 -0.003555209 0.001338439 0.174205005 0.003546873 0.999974668 0.006179135 -0.550284028 -0.001360373 -0.006174344 0.999980032 14.878627777
0.999988496 -0.004639141 0.001178176 0.191413268 0.004632099 0.999971867 0.005911709 -0.560625792 -0.001205568 -0.005906184 0.999981880 15.299816132
0.999986351 -0.005086749 0.001155196 0.201138780 0.005079356 0.999967158 0.006315717 -0.578942180 -0.001187284 -0.006309764 0.999979436 15.670000076
0.999988377 -0.004328258 0.002101677 0.178252548 0.004313674 0.999966979 0.006894916 -0.605137050 -0.002131450 -0.006885771 0.999974012 16.121482849
0.999982119 -0.005778196 0.001546228 0.213358700 0.005766257 0.999954343 0.007617558 -0.668683112 -0.001590173 -0.007608506 0.999969780 16.752758026
0.999979675 -0.006224805 0.001387771 0.229856074 0.006214089 0.999951839 0.007596547 -0.673778415 -0.001434992 -0.007587769 0.999970198 17.204067230
0.999976039 -0.006795203 0.001343738 0.243252590 0.006785118 0.999949813 0.007373507 -0.681020439 -0.001393775 -0.007364213 0.999971926 17.659637451
0.999978185 -0.006403728 0.001628833 0.251007289 0.006392630 0.999956846 0.006730057 -0.676700532 -0.001671860 -0.006719498 0.999976039 18.160913467
0.999981463 -0.005802019 0.001854245 0.260812551 0.005788466 0.999957025 0.007232203 -0.687334538 -0.001896127 -0.007221336 0.999972165 18.625268936
0.999984980 -0.004761622 0.002745384 0.260661423 0.004740912 0.999960601 0.007501381 -0.693946183 -0.002780994 -0.007488252 0.999968112 19.075613022
0.999976873 -0.006245596 0.002699303 0.277488232 0.006223973 0.999949098 0.007945905 -0.709820986 -0.002748793 -0.007928923 0.999964774 19.554681778
0.999981761 -0.004604707 0.003914321 0.275710672 0.004573772 0.999958515 0.007875323 -0.715476632 -0.003950422 -0.007857277 0.999961317 20.033041000
0.999976695 -0.006052787 0.003160658 0.279122770 0.006028169 0.999951839 0.007741063 -0.754662871 -0.003207361 -0.007721830 0.999965012 20.541393280
0.999979436 -0.005579491 0.003152735 0.287161052 0.005554795 0.999954164 0.007788160 -0.761768281 -0.003196044 -0.007770487 0.999964714 21.035968781
0.999981642 -0.004975060 0.003450436 0.290814757 0.004948379 0.999958038 0.007698742 -0.770372629 -0.003488594 -0.007681526 0.999964416 21.525266647
0.999977887 -0.006093128 0.002657773 0.312437862 0.006070502 0.999945819 0.008440044 -0.805888534 -0.002709055 -0.008423721 0.999960899 22.038457870
0.999977112 -0.006323232 0.002377455 0.292990059 0.006304882 0.999950886 0.007647897 -0.795966566 -0.002425698 -0.007632733 0.999967933 22.544971466
0.999978304 -0.006200506 0.002206763 0.297503799 0.006184427 0.999954820 0.007220100 -0.802237332 -0.002251432 -0.007206296 0.999971509 23.061395645
0.999976397 -0.006546832 0.002053047 0.302375495 0.006531096 0.999949992 0.007579490 -0.821108520 -0.002102566 -0.007565902 0.999969244 23.590032578
0.999978244 -0.006394228 0.001571319 0.291241765 0.006382152 0.999950945 0.007573828 -0.834703326 -0.001619670 -0.007563635 0.999970138 24.098506927
0.999974012 -0.007209137 0.000546612 0.307097852 0.007204602 0.999942839 0.007889625 -0.844770193 -0.000603458 -0.007885479 0.999968708 24.592956543
0.999968708 -0.007921668 0.000012991 0.308709204 0.007921324 0.999938011 0.007818302 -0.856487870 -0.000074924 -0.007817953 0.999969423 25.132579803
0.999972403 -0.007441123 -0.000057600 0.314507365 0.007441346 0.999945581 0.007321446 -0.861303091 0.000003117 -0.007321672 0.999973178 25.643245697
0.999973178 -0.007265444 -0.000930668 0.342534155 0.007272342 0.999944389 0.007635739 -0.874764204 0.000875139 -0.007642302 0.999970376 26.195461273
0.999975502 -0.006762625 -0.001776638 0.332173944 0.006777239 0.999942124 0.008352659 -0.892725527 0.001720050 -0.008364497 0.999963462 26.618242264
0.999967456 -0.007706272 -0.002368328 0.346079707 0.007724734 0.999939024 0.007887261 -0.900797665 0.002307403 -0.007905300 0.999966085 27.174522400
0.999963224 -0.008147296 -0.002694521 0.358258724 0.008171007 0.999926925 0.008908692 -0.908064783 0.002621742 -0.008930381 0.999956667 27.721122742
0.999963462 -0.007936258 -0.003190005 0.352829456 0.007964272 0.999928951 0.008867282 -0.940806150 0.003119406 -0.008892364 0.999955535 28.352222443
0.999980450 -0.005825833 -0.002299425 0.332576960 0.005848217 0.999934375 0.009850975 -0.983168960 0.002241884 -0.009864230 0.999948800 28.868955612
0.999963045 -0.007764012 -0.003694010 0.344601184 0.007800755 0.999919176 0.010038431 -0.990301192 0.003615773 -0.010066876 0.999942780 29.387704849
0.999969423 -0.006803161 -0.003835090 0.345173895 0.006840171 0.999929368 0.009721418 -0.998411179 0.003768682 -0.009747352 0.999945402 29.843568802
0.999965250 -0.007037173 -0.004466046 0.361776114 0.007080139 0.999928117 0.009678777 -1.011187792 0.004397613 -0.009710060 0.999943137 30.391342163
0.999962389 -0.007024910 -0.005086654 0.373039484 0.007071679 0.999932408 0.009235370 -1.009933829 0.005021432 -0.009270995 0.999944389 30.946531296
0.999955237 -0.007485698 -0.005792926 0.414772391 0.007541324 0.999925137 0.009640946 -1.040101886 0.005720323 -0.009684201 0.999936700 31.481723785
0.999977052 -0.004951136 -0.004621248 0.363025129 0.004992924 0.999946415 0.009075343 -1.042579293 0.004576067 -0.009098209 0.999948144 32.098567963
0.999977410 -0.004288336 -0.005174152 0.382685840 0.004343206 0.999933958 0.010640373 -1.091694713 0.005128182 -0.010662606 0.999929965 32.598155975
0.999984205 -0.003268523 -0.004557611 0.379992485 0.003317249 0.999936998 0.010725027 -1.132874966 0.004522269 -0.010739977 0.999932110 32.985664368
0.999982834 -0.003479916 -0.004706439 0.383515954 0.003529663 0.999937534 0.010603340 -1.131871700 0.004669247 -0.010619770 0.999932766 33.532333374
0.999985933 -0.002811998 -0.004489949 0.380318046 0.002858418 0.999942243 0.010365961 -1.145561695 0.004460542 -0.010378649 0.999936223 34.083503723
0.999973536 -0.004589257 -0.005634755 0.383433461 0.004653665 0.999923408 0.011471115 -1.166852474 0.005581681 -0.011497035 0.999918342 34.586105347
0.999978602 -0.003898076 -0.005248839 0.382551312 0.003960659 0.999920607 0.011966150 -1.182606220 0.005201777 -0.011986682 0.999914646 35.121932983
0.999971390 -0.004927506 -0.005737617 0.369629443 0.004993916 0.999920011 0.011618418 -1.172570109 0.005679909 -0.011646737 0.999916017 35.471210480
0.999966323 -0.005072554 -0.006444942 0.388548911 0.005144476 0.999924064 0.011192423 -1.171303034 0.006387679 -0.011225203 0.999916613 36.015426636
0.999971449 -0.004558671 -0.006023893 0.383148730 0.004628250 0.999922216 0.011587440 -1.192023277 0.005970602 -0.011614990 0.999914646 36.549587250
0.999965549 -0.004746020 -0.006807817 0.410045266 0.004825920 0.999919116 0.011768430 -1.212761760 0.006751414 -0.011800878 0.999907553 37.140098572
0.999970317 -0.004427353 -0.006297080 0.392858505 0.004500217 0.999922514 0.011604406 -1.206895232 0.006245215 -0.011632400 0.999912798 37.602008820
0.999974728 -0.004537179 -0.005467803 0.362504423 0.004600492 0.999921918 0.011622830 -1.212779403 0.005414642 -0.011647692 0.999917448 38.180736542
0.999962687 -0.004829051 -0.007162072 0.435524195 0.004917068 0.999911904 0.012323221 -1.278528452 0.007101933 -0.012357977 0.999898314 38.841854095
0.999959767 -0.005896897 -0.006762224 0.374401987 0.005981498 0.999903262 0.012559610 -1.253489971 0.006687506 -0.012599552 0.999898255 39.078632355
0.999949932 -0.006133458 -0.007898254 0.412344426 0.006236407 0.999895096 0.013076431 -1.289333344 0.007817222 -0.013125034 0.999883294 39.613510132
0.999965370 -0.004996489 -0.006668280 0.394038141 0.005080597 0.999907017 0.012656375 -1.286122799 0.006604424 -0.012689814 0.999897659 40.154499054
0.999959469 -0.005621888 -0.007038649 0.421515882 0.005703943 0.999915361 0.011692428 -1.288800240 0.006972320 -0.011732102 0.999906838 40.734943390
0.999953508 -0.006643009 -0.006994023 0.409939706 0.006732155 0.999895394 0.012800481 -1.323482513 0.006908258 -0.012846974 0.999893606 41.278621674
0.999964654 -0.004636017 -0.007024580 0.430552125 0.004715970 0.999923766 0.011408459 -1.284500003 0.006971153 -0.011441185 0.999910235 41.881725311
0.999959290 -0.005173134 -0.007390274 0.438816309 0.005259634 0.999917328 0.011733338 -1.304122329 0.007328966 -0.011771733 0.999903858 42.425098419
0.999953985 -0.005833274 -0.007620681 0.428744584 0.005924741 0.999910057 0.012035407 -1.309835792 0.007549790 -0.012080002 0.999898553 43.013362885
0.999950469 -0.005981866 -0.007960229 0.417656213 0.006068734 0.999921858 0.010933617 -1.278824806 0.007894203 -0.010981385 0.999908566 43.490093231
0.999952853 -0.006790814 -0.006942126 0.355397195 0.006887144 0.999879003 0.013947673 -1.373487949 0.006846570 -0.013994828 0.999878585 43.670108795
0.999951303 -0.007004746 -0.006953733 0.357418120 0.007097192 0.999885559 0.013359854 -1.378978968 0.006859356 -0.013408555 0.999886513 44.206077576
0.999945760 -0.007340391 -0.007389514 0.373404473 0.007436531 0.999886930 0.013067973 -1.378080964 0.007292756 -0.013122218 0.999887288 44.762363434
0.999949217 -0.006574063 -0.007634169 0.393747479 0.006673524 0.999892235 0.013076756 -1.372406483 0.007547379 -0.013127039 0.999885321 45.316947937
0.999951065 -0.006423597 -0.007513479 0.409282267 0.006518389 0.999898553 0.012660595 -1.379725456 0.007431391 -0.012708953 0.999891639 45.848972321
0.999954700 -0.006431904 -0.007014678 0.381067872 0.006527895 0.999884188 0.013748362 -1.420842648 0.006925436 -0.013793529 0.999880850 46.195007324
0.999962568 -0.005929376 -0.006293959 0.374311149 0.006015898 0.999886394 0.013818144 -1.431141496 0.006211311 -0.013855490 0.999884784 46.745681763
0.999953985 -0.006633833 -0.006927299 0.383034796 0.006727402 0.999885321 0.013572736 -1.432742119 0.006836465 -0.013618716 0.999883950 47.296680450
0.999965787 -0.005730497 -0.005973806 0.356620222 0.005812498 0.999887884 0.013801102 -1.455823183 0.005894048 -0.013835352 0.999886930 47.799156189
0.999961138 -0.005970426 -0.006489416 0.381154746 0.006051417 0.999903142 0.012533244 -1.433228970 0.006413956 -0.012572029 0.999900460 48.283821106
0.999944746 -0.007112401 -0.007731513 0.448792726 0.007207331 0.999898195 0.012320815 -1.445022821 0.007643095 -0.012375859 0.999894202 48.884601593
0.999947906 -0.007166475 -0.007268325 0.406944692 0.007267097 0.999876797 0.013913324 -1.473008394 0.007167721 -0.013965420 0.999876797 49.059417725
0.999940276 -0.007837836 -0.007624451 0.416100711 0.007936486 0.999884069 0.012995660 -1.474336386 0.007521709 -0.013055394 0.999886513 49.603664398
0.999953032 -0.006632943 -0.007073441 0.407224596 0.006726099 0.999889910 0.013228420 -1.484606504 0.006984918 -0.013275376 0.999887526 50.148250580
0.999954164 -0.006555038 -0.006973103 0.413183182 0.006644297 0.999895275 0.012855433 -1.488387465 0.006888105 -0.012901176 0.999893069 50.702682495
0.999960184 -0.005747030 -0.006824310 0.406178772 0.005847709 0.999872923 0.014825807 -1.511543036 0.006738239 -0.014865124 0.999866724 51.006832123
0.999962389 -0.005597297 -0.006616537 0.415088087 0.005687645 0.999889672 0.013715812 -1.514161348 0.006539036 -0.013752928 0.999884069 51.555835724
0.999960005 -0.005565046 -0.006994028 0.439686716 0.005659982 0.999891162 0.013628133 -1.511587262 0.006917425 -0.013667174 0.999882698 52.091873169
0.999960601 -0.006050413 -0.006492388 0.411234200 0.006139905 0.999885142 0.013853868 -1.540246964 0.006407822 -0.013893183 0.999882996 52.615634918
0.999956131 -0.006476960 -0.006767942 0.410631835 0.006575290 0.999871671 0.014609086 -1.547912598 0.006672451 -0.014652944 0.999870360 52.953510284
0.999958158 -0.006021718 -0.006894560 0.417659730 0.006121147 0.999876201 0.014492372 -1.550173521 0.006806437 -0.014533968 0.999871194 53.509155273
0.999957561 -0.006319496 -0.006710000 0.421895891 0.006412259 0.999882877 0.013894165 -1.558425426 0.006621410 -0.013936600 0.999880910 54.057788849
0.999958813 -0.006349105 -0.006493973 0.439562768 0.006437512 0.999885619 0.013684464 -1.553891540 0.006406348 -0.013725702 0.999885261 54.618732452
0.999965668 -0.005491801 -0.006207470 0.435414702 0.005574655 0.999894619 0.013409878 -1.555406332 0.006133171 -0.013444020 0.999890804 55.118358612
0.999964893 -0.005633817 -0.006200857 0.430845767 0.005726765 0.999869943 0.015075250 -1.592634201 0.006115119 -0.015110231 0.999867141 55.325939178
0.999964416 -0.005722424 -0.006194612 0.443252385 0.005809208 0.999883950 0.014083508 -1.585415006 0.006113301 -0.014118992 0.999881625 55.849708557
0.999962389 -0.005933240 -0.006321337 0.451700449 0.006017903 0.999891341 0.013459458 -1.596347570 0.006240792 -0.013496992 0.999889374 56.413558960
0.999966085 -0.005400514 -0.006208292 0.462094963 0.005484635 0.999892294 0.013613638 -1.595791459 0.006134102 -0.013647227 0.999888062 56.995357513
0.999954402 -0.006519094 -0.006976408 0.509213448 0.006608325 0.999895632 0.012844877 -1.581044197 0.006891944 -0.012890393 0.999893129 57.446933746
0.999954283 -0.006444271 -0.007064224 0.471915245 0.006547614 0.999870420 0.014705017 -1.626164436 0.006968548 -0.014750600 0.999866843 57.710266113
0.999962926 -0.005830045 -0.006333361 0.482818037 0.005920075 0.999880314 0.014290669 -1.631587267 0.006249288 -0.014327633 0.999877810 58.267360687
0.999962628 -0.005845164 -0.006375861 0.489604205 0.005930946 0.999891043 0.013519352 -1.616591930 0.006296142 -0.013556662 0.999888301 58.814445496
0.999964714 -0.005883650 -0.005989994 0.498621464 0.005967130 0.999884009 0.014015493 -1.641006947 0.005906835 -0.014050741 0.999883831 59.333518982
0.999951661 -0.006578117 -0.007309604 0.513015270 0.006688278 0.999862790 0.015149937 -1.659821272 0.007208942 -0.015198092 0.999858499 59.620239258
0.999955595 -0.006283406 -0.007027550 0.519570708 0.006387140 0.999869466 0.014837354 -1.663893580 0.006933405 -0.014881581 0.999865234 60.147190094
0.999953508 -0.006416847 -0.007188917 0.554773271 0.006519383 0.999876022 0.014331725 -1.670123100 0.007096062 -0.014377926 0.999871433 60.634105682
0.999944806 -0.006242779 -0.008457068 0.620147705 0.006362803 0.999878287 0.014240389 -1.638840675 0.008367142 -0.014293411 0.999862731 61.105846405
0.999954581 -0.006667863 -0.006809772 0.503434062 0.006768925 0.999865592 0.014927109 -1.681885004 0.006709327 -0.014972525 0.999865413 61.535614014
0.999962866 -0.005742289 -0.006428166 0.506178975 0.005836065 0.999875426 0.014665858 -1.685098886 0.006343150 -0.014702828 0.999871790 62.084053040
0.999950409 -0.007008994 -0.007069702 0.536379933 0.007108144 0.999875367 0.014098568 -1.679718256 0.006970004 -0.014148122 0.999875665 62.630794525
0.999960244 -0.006267273 -0.006341507 0.526365638 0.006352384 0.999888778 0.013491355 -1.700155616 0.006256246 -0.013531101 0.999888897 63.167308807
0.999940574 -0.008248656 -0.007127583 0.501906276 0.008361729 0.999837279 0.015982727 -1.758994699 0.006994587 -0.016041376 0.999846876 63.467304230
0.999946952 -0.007732260 -0.006797181 0.518883824 0.007839957 0.999841809 0.015963327 -1.769925952 0.006672672 -0.016015774 0.999849439 63.988368988
0.999943316 -0.008268213 -0.006705170 0.516774893 0.008365027 0.999859273 0.014541589 -1.762113810 0.006583993 -0.014596855 0.999871790 64.543243408
0.999940991 -0.008611471 -0.006608536 0.516865611 0.008706265 0.999857664 0.014452038 -1.755675554 0.006483142 -0.014508720 0.999873757 65.071212769
0.999934494 -0.008864970 -0.007231500 0.515610456 0.008967107 0.999858737 0.014216037 -1.746517897 0.007104455 -0.014279953 0.999872804 65.532333374
0.999941111 -0.008417713 -0.006838515 0.498982668 0.008522897 0.999843538 0.015500415 -1.785104394 0.006706966 -0.015557788 0.999856412 65.864753723
0.999948263 -0.008080969 -0.006157593 0.486310780 0.008171029 0.999857903 0.014743996 -1.782374859 0.006037571 -0.014793550 0.999872267 66.422470093
0.999955356 -0.007247538 -0.006059315 0.501814246 0.007331986 0.999874651 0.014032762 -1.792381406 0.005956852 -0.014076562 0.999883175 66.941764832
0.999935210 -0.009228373 -0.006658647 0.514455557 0.009316067 0.999868691 0.013261323 -1.775387168 0.006535392 -0.013322498 0.999889910 67.491226196
0.999950469 -0.007904414 -0.006046334 0.511583328 0.007984552 0.999879122 0.013346593 -1.790543318 0.005940106 -0.013394210 0.999892652 67.991241455
0.999943435 -0.008148757 -0.006833461 0.566965103 0.008252900 0.999848068 0.015353059 -1.826091528 0.006707314 -0.015408588 0.999858737 68.177703857
0.999948382 -0.007906741 -0.006368894 0.570768952 0.008003974 0.999849558 0.015389095 -1.833549738 0.006246258 -0.015439278 0.999861300 68.678634644
0.999941647 -0.008521907 -0.006644342 0.583118677 0.008618835 0.999854863 0.014698705 -1.843434334 0.006518115 -0.014755112 0.999869883 69.194610596
0.999969900 -0.004887628 -0.006018283 0.648743987 0.004982546 0.999861896 0.015859142 -1.892247558 0.005939937 -0.015888652 0.999856114 69.623764038
0.999958336 -0.006234369 -0.006651556 0.669002175 0.006341595 0.999848247 0.016223151 -1.898196459 0.006549405 -0.016264657 0.999846280 70.146270752
0.999930739 -0.009584027 -0.006820402 0.573266745 0.009688172 0.999834418 0.015404251 -1.840364337 0.006671638 -0.015469265 0.999858081 70.647171021
0.999927223 -0.009741639 -0.007110322 0.579016805 0.009846763 0.999840498 0.014902703 -1.843946457 0.006964011 -0.014971633 0.999863625 71.203971863
0.999925494 -0.010075268 -0.006881596 0.579284012 0.010164859 0.999862432 0.013110700 -1.822780728 0.006748556 -0.013179675 0.999890387 71.683929443
0.999927402 -0.009773094 -0.007045056 0.594530404 0.009870976 0.999853313 0.013995713 -1.849226594 0.006907242 -0.014064238 0.999877214 72.136207581
0.999917448 -0.010412246 -0.007527325 0.663203955 0.010516785 0.999846876 0.013984264 -1.869129777 0.007380566 -0.014062274 0.999873817 72.582733154
0.999925435 -0.009956219 -0.007073896 0.617550910 0.010064728 0.999829590 0.015472725 -1.883158326 0.006918641 -0.015542771 0.999855280 72.920578003
0.999938250 -0.008911452 -0.006632240 0.611771166 0.009013901 0.999837935 0.015580717 -1.900279522 0.006492319 -0.015639540 0.999856591 73.446907043
0.999922693 -0.010049794 -0.007320497 0.649105608 0.010161519 0.999829948 0.015388080 -1.902524352 0.007164607 -0.015461280 0.999854803 73.903305054
0.999911845 -0.011045252 -0.007384651 0.621010125 0.011155137 0.999825180 0.015008131 -1.886450648 0.007217592 -0.015089185 0.999860108 74.541915894
0.999909341 -0.011134114 -0.007581612 0.645107865 0.011246257 0.999825597 0.014912834 -1.884751081 0.007414248 -0.014996747 0.999860048 75.006767273
0.999937594 -0.009045197 -0.006577956 0.599437118 0.009143896 0.999843657 0.015132467 -1.898738861 0.006440051 -0.015191669 0.999863803 75.316207886
0.999944508 -0.008922642 -0.005601244 0.600513935 0.009001657 0.999858022 0.014243824 -1.896879315 0.005473357 -0.014293455 0.999882817 75.877609253
0.999942482 -0.009503868 -0.004970040 0.600893378 0.009570865 0.999861121 0.013634783 -1.895768881 0.004839767 -0.013681566 0.999894738 76.463195801
0.999966145 -0.007809553 -0.002598986 0.575974286 0.007844741 0.999873698 0.013816042 -1.910816312 0.002490760 -0.013835961 0.999901175 76.936935425
0.999961674 -0.008634486 -0.001389449 0.576391518 0.008653950 0.999854922 0.014672603 -1.906346202 0.001262556 -0.014684067 0.999891341 77.249420166
0.999961734 -0.008724098 -0.000590705 0.584688008 0.008731872 0.999852836 0.014770084 -1.915526986 0.000461763 -0.014774677 0.999890745 77.795791626
0.999961019 -0.008528917 0.002264259 0.583970428 0.008492533 0.999841988 0.015618965 -1.953567505 -0.002397114 -0.015599128 0.999875426 78.315681458
0.999953032 -0.008133757 0.005259245 0.621665120 0.008052558 0.999850869 0.015280548 -1.961154699 -0.005382748 -0.015237479 0.999869406 78.906974792
0.999924898 -0.008198042 0.009110281 0.634910703 0.008057439 0.999849498 0.015364515 -1.928959608 -0.009234872 -0.015289956 0.999840379 79.142723083
0.999873877 -0.007845355 0.013807488 0.655054092 0.007634840 0.999854803 0.015233704 -1.939969778 -0.013924995 -0.015126362 0.999788642 79.694244385
0.999780059 -0.007789288 0.019474490 0.684248924 0.007505961 0.999865592 0.014579675 -1.941122532 -0.019585436 -0.014430291 0.999704063 80.218124390
0.999656260 -0.008677794 0.024738051 0.716593623 0.008320778 0.999860227 0.014498500 -1.941550255 -0.024860408 -0.014287675 0.999588788 80.667060852
0.999486208 -0.008252068 0.030972177 0.731025934 0.007796188 0.999859989 0.014811051 -1.964204073 -0.031090058 -0.014561974 0.999410510 81.181800842
0.999192119 -0.008482773 0.039284497 0.774484158 0.007905945 0.999859035 0.014815489 -1.955670118 -0.039404634 -0.014492938 0.999118149 81.727622986
0.998850048 -0.008441338 0.047193319 0.774927616 0.007712941 0.999848604 0.015595208 -1.982246876 -0.047317814 -0.015213274 0.998764038 82.119453430
0.998450696 -0.007586435 0.055123519 0.811123133 0.006733556 0.999855042 0.015641430 -1.988429546 -0.055234179 -0.015246020 0.998357058 82.669052124
0.997959137 -0.009304980 0.063172854 0.878451347 0.008349429 0.999846995 0.015373156 -1.994238019 -0.063306235 -0.014814325 0.997884214 83.157829285
0.997253656 -0.008708746 0.073548891 0.936447144 0.007640122 0.999861300 0.014798322 -1.991629243 -0.073667556 -0.014195756 0.997181773 83.764785767
0.996560812 -0.009832090 0.082279086 0.988758564 0.008596517 0.999845088 0.015357668 -2.032193661 -0.082417332 -0.014597534 0.996490955 84.204635620
0.995906711 -0.008884671 0.089949228 0.998837471 0.007518271 0.999851346 0.015518241 -1.999903560 -0.090073720 -0.014778457 0.995825410 84.577438354
0.994848669 -0.008434316 0.101017721 1.072793007 0.006939630 0.999861300 0.015138548 -2.001358032 -0.101131402 -0.014359542 0.994769394 85.121032715
0.993877470 -0.010718611 0.109966636 1.168134689 0.009179982 0.999852955 0.014488541 -2.008256435 -0.110105760 -0.013390343 0.993829668 85.646369934
0.992677331 -0.009432853 0.120426849 1.227467537 0.007661698 0.999855757 0.015161874 -2.004491091 -0.120552488 -0.014128173 0.992606461 86.193428040
0.991442680 -0.010596252 0.130111560 1.362376213 0.008546930 0.999830723 0.016298823 -2.035110712 -0.130262241 -0.015047295 0.991365314 86.726722717
0.989610016 -0.009119926 0.143488944 1.402419090 0.006947747 0.999853611 0.015632106 -2.019403934 -0.143610537 -0.014472763 0.989528477 87.224563599
0.987898290 -0.009515688 0.154811114 1.509860039 0.007216644 0.999855220 0.015405876 -2.023515701 -0.154935315 -0.014102221 0.987824023 87.777236938
0.986438036 -0.010128905 0.163820878 1.634396553 0.007782356 0.999857783 0.014959343 -2.026193142 -0.163949087 -0.013481553 0.986376703 88.327537537
0.984261215 -0.009260834 0.176476568 1.740180969 0.006717847 0.999864876 0.015001791 -2.033047915 -0.176591709 -0.013580140 0.984190524 88.879394531
0.981981158 -0.009721146 0.188728184 1.871607780 0.006930240 0.999856651 0.015442244 -2.041222572 -0.188851312 -0.013856064 0.981907964 89.448257446
0.979836047 -0.010066155 0.199549258 2.044982910 0.007302444 0.999866962 0.014580959 -2.044874191 -0.199669480 -0.012829752 0.979779363 89.986991882
0.976892471 -0.009630958 0.213514253 2.013078690 0.006372548 0.999852598 0.015943872 -2.020587683 -0.213636324 -0.014214817 0.976809859 90.263916016
0.973828375 -0.010060139 0.227061704 2.163633347 0.006506874 0.999844491 0.016392004 -2.027192593 -0.227191284 -0.014485535 0.973742485 90.784873962
0.971093714 -0.010960169 0.238446340 2.308538437 0.007335655 0.999843717 0.016082643 -2.032210827 -0.238585308 -0.013868595 0.971022487 91.315780640
0.967994273 -0.010573136 0.250749528 2.466041565 0.006831192 0.999852061 0.015788730 -2.029479980 -0.250879347 -0.013570481 0.967923284 91.828674316
0.964457750 -0.010892892 0.264012456 2.677494049 0.006709669 0.999837399 0.016741358 -2.057662010 -0.264151871 -0.014374896 0.964373946 92.302787781
0.960668445 -0.011410879 0.277463734 2.775867462 0.007134207 0.999839783 0.016418159 -2.043152809 -0.277606666 -0.013792922 0.960595787 92.826751709
0.957514226 -0.012322587 0.288122743 2.965143204 0.008007120 0.999837458 0.016151637 -2.044193268 -0.288274944 -0.013158386 0.957457244 93.352554321
0.952963412 -0.011724389 0.302858263 3.132978439 0.007157301 0.999843419 0.016185472 -2.051003695 -0.303000569 -0.013256515 0.952898085 93.872833252
0.948680937 -0.012485739 0.315988094 3.360218048 0.007769270 0.999838889 0.016181521 -2.054294109 -0.316139281 -0.012896101 0.948625088 94.417572021
0.944791913 -0.013375965 0.327397764 3.559156418 0.008409202 0.999827206 0.016581379 -2.063874245 -0.327563018 -0.012912798 0.944741011 94.934265137
0.940244555 -0.012814151 0.340258688 3.718229294 0.007583729 0.999831855 0.016697401 -2.066923141 -0.340415418 -0.013119214 0.940183640 95.317382812
0.935038745 -0.012715524 0.354317725 3.945816040 0.007348283 0.999837101 0.016489500 -2.063732147 -0.354469657 -0.012814693 0.934979737 95.842590332
0.930325806 -0.013979622 0.366467565 4.168231964 0.008319336 0.999820590 0.017020389 -2.083997726 -0.366639674 -0.012785741 0.930275202 96.343429565
0.925726354 -0.013895587 0.377938688 4.401250839 0.008228152 0.999828339 0.016606357 -2.088650703 -0.378104448 -0.012263203 0.925681710 96.841629028
0.920163512 -0.015256741 0.391236782 4.655994415 0.009344524 0.999811649 0.017011123 -2.100363016 -0.391422629 -0.011997093 0.920132816 97.315994263
0.914492786 -0.015022773 0.404323161 4.873680115 0.008341915 0.999798119 0.018280225 -2.129256725 -0.404516220 -0.013344305 0.914433479 97.769393921
0.909716785 -0.014629790 0.414971471 5.120223999 0.007728753 0.999802589 0.018304698 -2.135955811 -0.415157348 -0.013444880 0.909650266 98.253440857
0.904377282 -0.015829027 0.426440150 5.385547638 0.008677786 0.999787271 0.018707588 -2.145314693 -0.426645696 -0.013218161 0.904322207 98.745246887
0.897955179 -0.016327051 0.439783990 5.650070190 0.008837107 0.999778986 0.019073268 -2.172142982 -0.439998299 -0.013240522 0.897900939 99.198364258
0.891668141 -0.015577707 0.452421457 5.921001434 0.008021769 0.999794483 0.018614836 -2.170599699 -0.452618539 -0.012969036 0.891609907 99.727729797
0.886131942 -0.015410011 0.463176727 6.220588684 0.008037979 0.999807656 0.017885910 -2.159666777 -0.463363260 -0.012126273 0.886085451 100.249572754
0.878261507 -0.016081637 0.477910161 6.388687134 0.008354948 0.999797821 0.018289121 -2.124113560 -0.478107721 -0.012069714 0.878218293 100.599792480
0.871307492 -0.016513260 0.490459651 6.688385010 0.008706114 0.999796510 0.018195588 -2.126391172 -0.490660340 -0.011583953 0.871273994 101.072944641
0.865375400 -0.017342478 0.500823855 6.969440460 0.009108402 0.999780238 0.018881852 -2.137578964 -0.501041293 -0.011778181 0.865343213 101.525512695
