1.000000000 0.000000000 0.000000000 0.000000000 0.000000000 1.000000000 0.000000000 0.000000000 0.000000000 0.000000000 1.000000000 0.000000000
1.000000000 0.000030240 0.000136604 -0.003409314 -0.000030212 1.000000000 -0.000206512 0.004508641 -0.000136610 0.000206508 0.999999940 0.004256548
1.000000000 0.000037752 0.000068129 -0.002282527 -0.000037743 1.000000000 -0.000134270 0.002356872 -0.000068134 0.000134267 1.000000000 0.000697063
0.999999940 0.000304805 0.000110854 -0.000084170 -0.000304787 0.999999940 -0.000160198 0.003640655 -0.000110903 0.000160164 1.000000000 -0.001946866
0.999999940 0.000245927 0.000053112 0.002772718 -0.000245922 0.999999940 -0.000080712 0.002063991 -0.000053132 0.000080699 1.000000000 -0.001360446
1.000000000 0.000152204 0.000059323 0.000235309 -0.000152200 1.000000000 -0.000061556 0.002147789 -0.000059333 0.000061547 1.000000000 -0.001286429
1.000000000 0.000132060 0.000134467 -0.002312781 -0.000132047 1.000000000 -0.000100833 0.002206608 -0.000134481 0.000100815 1.000000000 -0.000835073
1.000000000 0.000023233 -0.000003915 0.000797771 -0.000023233 1.000000000 -0.000022928 0.001785614 0.000003914 0.000022928 1.000000000 -0.002410512
1.000000000 0.000060139 0.000148767 -0.005258586 -0.000060113 1.000000000 -0.000175494 0.003902303 -0.000148777 0.000175485 1.000000000 0.004308449
0.999999940 0.000195555 0.000224311 -0.004715426 -0.000195527 1.000000000 -0.000123032 0.002094819 -0.000224335 0.000122988 0.999999940 -0.001425894
0.999999940 0.000188514 0.000202168 -0.003831327 -0.000188482 0.999999940 -0.000161192 0.002055805 -0.000202198 0.000161154 0.999999940 -0.000805832
1.000000000 0.000162064 0.000083398 0.000164032 -0.000162057 1.000000000 -0.000079336 0.002339927 -0.000083411 0.000079323 1.000000000 -0.004796548
1.000000000 0.000105030 0.000192748 -0.005501754 -0.000105022 1.000000000 -0.000042987 0.000518499 -0.000192752 0.000042967 1.000000000 -0.003046193
1.000000000 -0.000015561 0.000105958 -0.003040821 0.000015571 1.000000000 -0.000091556 0.000613044 -0.000105957 0.000091557 1.000000000 -0.001814411
1.000000000 0.000099231 0.000158947 -0.003481714 -0.000099206 1.000000000 -0.000156090 0.003235057 -0.000158962 0.000156074 1.000000000 -0.001302789
1.000000000 -0.000158770 0.000009936 -0.002610782 0.000158771 1.000000000 -0.000114467 0.002849201 -0.000009917 0.000114469 1.000000000 -0.000773897
1.000000000 -0.000195363 0.000029690 -0.002517151 0.000195367 1.000000000 -0.000109262 0.000846769 -0.000029668 0.000109268 1.000000000 -0.004899187
1.000000000 -0.000079289 0.000041624 0.000263095 0.000079291 1.000000000 -0.000037890 0.000394758 -0.000041621 0.000037893 1.000000000 -0.006667027
1.000000000 0.000097096 -0.000003242 0.000021537 -0.000097096 1.000000000 -0.000000539 0.002423107 0.000003242 0.000000539 1.000000000 -0.007721676
1.000000000 -0.000080662 -0.000001476 -0.001804775 0.000080662 1.000000000 -0.000032716 -0.000309263 0.000001478 0.000032716 1.000000000 -0.007352820
1.000000000 0.000002864 0.000070287 -0.001045043 -0.000002858 1.000000000 -0.000080282 0.001087663 -0.000070287 0.000080282 1.000000000 -0.007608017
1.000000000 -0.000138650 0.000014556 0.000233743 0.000138651 1.000000000 -0.000022528 -0.000487236 -0.000014553 0.000022530 1.000000000 -0.004029745
1.000000000 0.000137098 0.000171905 -0.006117196 -0.000137063 1.000000000 -0.000201552 0.003604681 -0.000171933 0.000201528 0.999999940 0.003562400
1.000000000 -0.000088254 -0.000080925 0.000762014 0.000088246 1.000000000 -0.000108113 0.000709818 0.000080934 0.000108106 1.000000000 0.000413358
1.000000000 -0.000066119 0.000022779 -0.000805069 0.000066119 1.000000000 -0.000009632 0.002275745 -0.000022778 0.000009634 1.000000000 0.000072423
1.000000000 0.000010587 -0.000047157 0.002325362 -0.000010594 1.000000000 -0.000142378 0.003473330 0.000047156 0.000142378 1.000000000 -0.006807560
1.000000000 -0.000065587 0.000112312 -0.003217245 0.000065605 1.000000000 -0.000161252 0.003454757 -0.000112301 0.000161260 1.000000000 -0.001150544
0.999999940 0.000268069 0.000215311 -0.005392645 -0.000268027 0.999999940 -0.000196875 0.003144083 -0.000215364 0.000196818 0.999999940 0.000111258
1.000000000 0.000030648 0.000119464 -0.003653102 -0.000030645 1.000000000 -0.000031761 0.002290770 -0.000119465 0.000031758 1.000000000 -0.000802005
1.000000000 -0.000189782 0.000029699 -0.004801522 0.000189787 0.999999940 -0.000161159 0.006091249 -0.000029668 0.000161165 1.000000000 0.002618570
1.000000000 -0.000075774 0.000038278 -0.003623221 0.000075778 1.000000000 -0.000092167 0.002511428 -0.000038271 0.000092170 1.000000000 0.000859492
1.000000000 -0.000122918 0.000123719 -0.003895221 0.000122915 1.000000000 0.000018800 0.001357669 -0.000123722 -0.000018785 1.000000000 0.000980453
1.000000000 -0.000183683 0.000081233 -0.005039540 0.000183685 1.000000000 -0.000020972 0.001989627 -0.000081229 0.000020987 1.000000000 -0.001292328
1.000000000 -0.000115783 0.000004210 -0.002696351 0.000115783 1.000000000 0.000000560 0.001813023 -0.000004210 -0.000000560 1.000000000 -0.002888746
1.000000000 0.000059468 0.000063511 -0.003823784 -0.000059456 1.000000000 -0.000177932 0.001767842 -0.000063521 0.000177928 1.000000000 -0.000220962
1.000000000 0.000068416 0.000103994 -0.004590402 -0.000068406 1.000000000 -0.000105525 0.002790057 -0.000104001 0.000105518 1.000000000 0.000172950
1.000000000 -0.000157507 -0.000177223 0.003259873 0.000157529 1.000000000 0.000125022 -0.000441577 0.000177203 -0.000125050 1.000000000 -0.012952631
1.000000000 0.000006838 0.000071020 -0.003819424 -0.000006819 0.999999940 -0.000260729 0.004542355 -0.000071022 0.000260729 0.999999940 0.000854475
1.000000000 -0.000170706 0.000066604 -0.003052830 0.000170707 1.000000000 -0.000025744 0.001732360 -0.000066600 0.000025755 1.000000000 -0.000524855
1.000000000 -0.000021061 -0.000035661 0.000862552 0.000021067 1.000000000 0.000165978 -0.001036038 0.000035658 -0.000165979 1.000000000 -0.008533460
0.999999940 -0.000271702 -0.000135133 0.000171843 0.000271701 0.999999940 -0.000003408 -0.000897554 0.000135134 0.000003371 1.000000000 -0.000580184
1.000000000 0.000052324 0.000087225 0.001975206 -0.000052270 0.999999821 -0.000614132 -0.003925486 -0.000087258 0.000614127 0.999999821 0.049044050
1.000000000 0.000051967 -0.000016044 0.000259996 -0.000051992 0.999998808 -0.001548951 0.001069675 0.000015963 0.001548952 0.999998808 0.148364872
1.000000000 -0.000051364 -0.000074698 0.004859187 0.000051246 0.999998748 -0.001572436 -0.007570523 0.000074779 0.001572432 0.999998748 0.264001310
1.000000000 -0.000211795 0.000023008 0.002380999 0.000211826 0.999999046 -0.001383859 -0.012385432 -0.000022715 0.001383863 0.999999046 0.395539969
1.000000000 0.000014842 -0.000103165 0.004649543 -0.000014964 0.999999285 -0.001187767 -0.017569875 0.000103147 0.001187769 0.999999285 0.537626147
1.000000000 -0.000032065 0.000146410 0.006188145 0.000032205 0.999999523 -0.000957709 -0.031408850 -0.000146380 0.000957713 0.999999523 0.680404723
0.999999940 -0.000358864 0.000025416 0.019767080 0.000358880 0.999999762 -0.000627898 -0.031928014 -0.000025191 0.000627907 0.999999821 0.847538233
0.999999940 -0.000263414 -0.000175317 0.023644220 0.000263311 0.999999821 -0.000584120 -0.036874548 0.000175471 0.000584074 0.999999821 1.030465126
0.999999940 -0.000123731 0.000241827 0.012916123 0.000123930 0.999999642 -0.000823324 -0.036600996 -0.000241725 0.000823354 0.999999642 1.211231470
1.000000000 -0.000139255 -0.000027308 0.029872192 0.000139237 0.999999762 -0.000657546 -0.046688072 0.000027400 0.000657542 0.999999762 1.416729093
0.999999583 -0.000542233 -0.000751478 0.043515056 0.000542034 0.999999821 -0.000266033 -0.057262849 0.000751622 0.000265626 0.999999702 1.611276627
0.999998987 -0.001082362 0.000915355 0.014273644 0.001082397 0.999999404 -0.000038094 -0.060409136 -0.000915313 0.000039085 0.999999523 1.705446959
0.999998569 -0.001373177 0.001000842 0.019821674 0.001373071 0.999999046 0.000106972 -0.065219298 -0.001000988 -0.000105598 0.999999464 1.912684321
0.999999166 -0.000626906 0.001105435 0.019440485 0.000626731 0.999999702 0.000158524 -0.077550031 -0.001105534 -0.000157831 0.999999404 2.098827124
0.999999464 -0.000432571 0.000921540 0.026646607 0.000432251 0.999999821 0.000347079 -0.083354823 -0.000921690 -0.000346681 0.999999583 2.318289995
0.999999225 -0.000173331 0.001237347 0.020666201 0.000172834 0.999999881 0.000401552 -0.090119176 -0.001237417 -0.000401338 0.999999225 2.554204464
0.999998391 0.000410886 0.001750996 0.022190202 -0.000411948 0.999999702 0.000606231 -0.098374262 -0.001750746 -0.000606951 0.999998331 2.785930634
0.999998808 -0.000227142 0.001481385 0.032705430 0.000226251 0.999999762 0.000601402 -0.111880079 -0.001481521 -0.000601067 0.999998748 3.022548676
0.999999046 -0.000620111 0.001162098 0.038565189 0.000619615 0.999999702 0.000426528 -0.109145738 -0.001162362 -0.000425808 0.999999225 3.221167803
0.999999106 -0.000553182 0.001204370 0.048560571 0.000552653 0.999999762 0.000439514 -0.115318522 -0.001204613 -0.000438848 0.999999106 3.487898588
0.999998987 0.000152604 0.001428901 0.047868513 -0.000153161 0.999999881 0.000389511 -0.121019199 -0.001428842 -0.000389730 0.999998868 3.733423233
0.999998689 -0.000224996 0.001561937 0.054273568 0.000223759 0.999999523 0.000792719 -0.132420704 -0.001562115 -0.000792368 0.999998450 4.014711857
0.999998868 0.000601612 0.001391814 0.056201927 -0.000602696 0.999999464 0.000778845 -0.125108883 -0.001391345 -0.000779683 0.999998689 4.244109154
0.999999166 -0.000387540 0.001226932 0.056074478 0.000385922 0.999998987 0.001318649 -0.157605439 -0.001227442 -0.001318174 0.999998331 4.475531578
0.999998987 -0.000231702 0.001403351 0.061641410 0.000229588 0.999998868 0.001506697 -0.167149246 -0.001403699 -0.001506373 0.999997914 4.728428364
0.999998808 -0.000268955 0.001522345 0.060870372 0.000267178 0.999999225 0.001167279 -0.165260792 -0.001522658 -0.001166870 0.999998152 4.990015507
0.999998868 -0.001281638 0.000763150 0.071398027 0.001280707 0.999998391 0.001218747 -0.174923629 -0.000764711 -0.001217768 0.999998987 5.264159203
0.999998927 -0.000335558 0.001414323 0.066763692 0.000333523 0.999998868 0.001439135 -0.202985182 -0.001414804 -0.001438662 0.999997973 5.494250298
0.999998927 -0.000394632 0.001426061 0.070767455 0.000392465 0.999998748 0.001519925 -0.212139875 -0.001426659 -0.001519363 0.999997854 5.764264107
0.999998569 0.000241276 0.001688240 0.077206679 -0.000243907 0.999998689 0.001558615 -0.219497189 -0.001687862 -0.001559025 0.999997377 6.040245056
0.999997854 -0.000364568 0.002028893 0.078804694 0.000360934 0.999998391 0.001791217 -0.229198173 -0.002029543 -0.001790481 0.999996364 6.323627472
0.999998152 -0.000372783 0.001869394 0.082352519 0.000369464 0.999998391 0.001775491 -0.245333701 -0.001870053 -0.001774797 0.999996722 6.631037712
0.999998689 -0.000673174 0.001487098 0.094490550 0.000671428 0.999999106 0.001174119 -0.238583207 -0.001487887 -0.001173119 0.999998212 6.894048691
0.999998689 -0.000718195 0.001433425 0.108659074 0.000716053 0.999998629 0.001494455 -0.256810397 -0.001434497 -0.001493427 0.999997854 7.190891266
0.999998808 -0.001024836 0.001215427 0.122160733 0.001022910 0.999998212 0.001584795 -0.272156656 -0.001217049 -0.001583550 0.999998033 7.498738766
0.999998689 -0.000464396 0.001549770 0.119270921 0.000461587 0.999998212 0.001812923 -0.271887153 -0.001550609 -0.001812205 0.999997199 7.831467628
0.999998868 -0.000599761 0.001425229 0.119636714 0.000597634 0.999998748 0.001492568 -0.268386304 -0.001426122 -0.001491715 0.999997854 8.136533737
0.999997675 -0.001097491 0.001840131 0.110351689 0.001093399 0.999996901 0.002223570 -0.301493108 -0.001842566 -0.002221553 0.999995828 8.414687157
0.999997318 -0.001366888 0.001839373 0.117138147 0.001362802 0.999996543 0.002220673 -0.308643162 -0.001842402 -0.002218160 0.999995828 8.749810219
0.999997079 -0.000427432 0.002384712 0.123482428 0.000422025 0.999997258 0.002267423 -0.323810190 -0.002385675 -0.002266410 0.999994576 9.077239037
0.999996603 -0.001905737 0.001778947 0.144512400 0.001901426 0.999995232 0.002421839 -0.330890834 -0.001783554 -0.002418448 0.999995470 9.426147461
0.999997735 -0.000987497 0.001874017 0.149835050 0.000982396 0.999995768 0.002720849 -0.336729228 -0.001876696 -0.002719002 0.999994457 9.764251709
0.999997079 -0.001109715 0.002132006 0.164211124 0.001104073 0.999995828 0.002645697 -0.342213452 -0.002134933 -0.002643336 0.999994159 10.093909264
0.999997854 -0.000893292 0.001875495 0.152128994 0.000888860 0.999996781 0.002362900 -0.360582083 -0.001877600 -0.002361227 0.999995470 10.444480896
0.999997437 -0.001382582 0.001804975 0.156935170 0.001378780 0.999996841 0.002106126 -0.365546465 -0.001807881 -0.002103632 0.999996185 10.830478668
0.999997795 -0.000916061 0.001914172 0.161317378 0.000911002 0.999996126 0.002642282 -0.381183833 -0.001916585 -0.002640532 0.999994695 11.207505226
0.999996424 -0.001491629 0.002200886 0.176929265 0.001486668 0.999996364 0.002254038 -0.383588463 -0.002204240 -0.002250758 0.999994993 11.589348793
0.999997914 -0.000602424 0.001929208 0.185539007 0.000597123 0.999996066 0.002747183 -0.396519423 -0.001930856 -0.002746025 0.999994338 11.955070496
0.999997556 -0.001246882 0.001793255 0.197383165 0.001241856 0.999995232 0.002801212 -0.419886917 -0.001796739 -0.002798978 0.999994457 12.286070824
0.999997318 -0.001915075 0.001286362 0.216390699 0.001912008 0.999995291 0.002381118 -0.420701653 -0.001290916 -0.002378652 0.999996364 12.687231064
0.999998271 -0.001395076 0.001308922 0.226487160 0.001391547 0.999995410 0.002692723 -0.438131601 -0.001312672 -0.002690897 0.999995530 13.085582733
0.999997497 -0.000618620 0.002166294 0.234577090 0.000612551 0.999995828 0.002801487 -0.444316447 -0.002168018 -0.002800152 0.999993682 13.519868851
0.999997675 -0.000846046 0.002002119 0.236569613 0.000838829 0.999993026 0.003602856 -0.467533976 -0.002005153 -0.003601168 0.999991477 13.916227341
0.999996364 -0.002101204 0.001703090 0.253781557 0.002095197 0.999991536 0.003521313 -0.503742039 -0.001710474 -0.003517732 0.999992311 14.310240746
0.999996841 -0.001538574 0.001985391 0.264412820 0.001530447 0.999990463 0.004088381 -0.518508554 -0.001991662 -0.004085330 0.999989688 14.715959549
0.999995232 -0.002626122 0.001616372 0.281372547 0.002619189 0.999987364 0.004276708 -0.532817483 -0.001627583 -0.004272454 0.999989569 15.137235641
0.999995768 -0.001681701 0.002412431 0.281106383 0.001671098 0.999988914 0.004390388 -0.549804568 -0.002419788 -0.004386338 0.999987423 15.545412064
0.999994457 -0.001093311 0.003163106 0.256888092 0.001075727 0.999984026 0.005555492 -0.577481270 -0.003169129 -0.005552057 0.999979615 15.994951248
0.999991119 -0.003080477 0.002873319 0.295037270 0.003067688 0.999985337 0.004444861 -0.593388677 -0.002886969 -0.004436007 0.999985993 16.429798126
0.999991298 -0.001663234 0.003822311 0.298195571 0.001647955 0.999990642 0.003997019 -0.603758216 -0.003828923 -0.003990685 0.999984741 16.886323929
0.999992549 -0.001646576 0.003477681 0.313501328 0.001629220 0.999986231 0.004987717 -0.619627297 -0.003485846 -0.004982014 0.999981523 17.360574722
0.999990642 -0.002061298 0.003797843 0.327896655 0.002042059 0.999985099 0.005062763 -0.632814765 -0.003808222 -0.005054960 0.999979973 17.819549561
0.999988437 -0.002059735 0.004346159 0.348735213 0.002035297 0.999982178 0.005619695 -0.649546504 -0.004357656 -0.005610785 0.999974787 18.297353745
0.999990463 -0.001834481 0.003975291 0.366229832 0.001813466 0.999984384 0.005283619 -0.659663141 -0.003984922 -0.005276359 0.999978125 18.762092590
0.999989033 -0.001690576 0.004366360 0.379460782 0.001664591 0.999980927 0.005948027 -0.680366099 -0.004376332 -0.005940693 0.999972761 19.272153854
0.999991834 -0.002157556 0.003443774 0.373679936 0.002138082 0.999981701 0.005648735 -0.692432404 -0.003455898 -0.005641325 0.999978125 19.626203537
0.999991179 -0.002114987 0.003636104 0.374053061 0.002094277 0.999981642 0.005690252 -0.699758530 -0.003648073 -0.005682587 0.999977171 20.127750397
0.999991059 -0.002106692 0.003657971 0.379999280 0.002085858 0.999981642 0.005690002 -0.719813704 -0.003669892 -0.005682322 0.999977171 20.634407043
0.999993086 -0.002794620 0.002444073 0.410329998 0.002779260 0.999976516 0.006265495 -0.757713854 -0.002461525 -0.006258660 0.999977350 21.162933350
0.999991238 -0.003209467 0.002725375 0.356031686 0.003192409 0.999975383 0.006240496 -0.772638083 -0.002745337 -0.006231740 0.999976814 21.594223022
0.999991357 -0.003123602 0.002748254 0.357794911 0.003105392 0.999973357 0.006605416 -0.788094699 -0.002768813 -0.006596825 0.999974430 22.130659103
0.999992311 -0.002996312 0.002527227 0.354030639 0.002978891 0.999971986 0.006869096 -0.802162945 -0.002547737 -0.006861516 0.999973238 22.664623260
0.999993980 -0.003053528 0.001611276 0.347507060 0.003041929 0.999969780 0.007152436 -0.829314351 -0.001633067 -0.007147492 0.999973118 23.165740967
0.999986947 -0.005093432 0.000342643 0.358295918 0.005090957 0.999963343 0.006876759 -0.857964635 -0.000377656 -0.006874925 0.999976218 23.629232407
0.999987483 -0.004965612 -0.000491611 0.369446069 0.004968825 0.999964774 0.006766865 -0.860689878 0.000457992 -0.006769224 0.999976873 24.167310715
0.999993503 -0.003568610 -0.000549341 0.387319177 0.003572527 0.999966979 0.007303083 -0.874858499 0.000523261 -0.007304998 0.999973178 24.708459854
0.999993682 -0.003471131 -0.000825976 0.360073626 0.003476972 0.999968231 0.007179315 -0.904493272 0.000801029 -0.007182140 0.999973893 25.192806244
0.999985337 -0.005132831 -0.001747718 0.386236459 0.005146209 0.999956787 0.007737523 -0.927635908 0.001707927 -0.007746404 0.999968529 25.685253143
0.999982655 -0.005489415 -0.002140724 0.404505312 0.005507273 0.999949276 0.008426696 -0.914460301 0.002094357 -0.008438337 0.999962211 26.114633560
0.999975622 -0.006371201 -0.002889795 0.418071598 0.006394982 0.999945164 0.008295655 -0.930640697 0.002836784 -0.008313932 0.999961436 26.642799377
0.999991238 -0.003432801 -0.002400835 0.411794662 0.003451981 0.999961853 0.008030845 -0.943680167 0.002373176 -0.008039062 0.999964893 27.220075607
0.999979019 -0.005348488 -0.003650922 0.426101655 0.005377252 0.999954224 0.007914773 -0.955554843 0.003608423 -0.007934239 0.999961972 27.808073044
0.999975383 -0.005273570 -0.004631054 0.438457489 0.005311255 0.999952555 0.008163118 -0.970805705 0.004587785 -0.008187512 0.999955952 28.347751617
0.999977171 -0.005512970 -0.003913755 0.391973734 0.005548907 0.999942005 0.009231574 -1.030649543 0.003862636 -0.009253078 0.999949753 28.795349121
0.999978721 -0.005050674 -0.004135625 0.400025219 0.005088586 0.999944687 0.009208820 -1.037043810 0.004088886 -0.009229667 0.999949098 29.338802338
0.999976039 -0.005146704 -0.004625819 0.454062909 0.005187434 0.999947548 0.008836597 -1.053498268 0.004580097 -0.008860383 0.999950290 29.839044571
0.999972820 -0.005204251 -0.005231950 0.454264402 0.005252555 0.999943316 0.009261361 -1.069457650 0.005183455 -0.009288590 0.999943495 30.439689636
0.999969780 -0.005087288 -0.005874233 0.497342467 0.005145280 0.999937713 0.009899739 -1.132618427 0.005823505 -0.009929664 0.999933779 31.044265747
0.999973238 -0.004882189 -0.005454056 0.424680710 0.004938150 0.999934793 0.010294630 -1.137466431 0.005403441 -0.010321290 0.999932051 31.424901962
0.999975026 -0.004557405 -0.005406091 0.428492129 0.004611570 0.999938846 0.010049488 -1.136894941 0.005359960 -0.010074168 0.999934852 31.987380981
0.999973655 -0.004783685 -0.005469693 0.438845873 0.004840221 0.999934435 0.010369999 -1.146923780 0.005419729 -0.010396199 0.999931276 32.565567017
0.999970675 -0.004958984 -0.005854416 0.413115442 0.005021124 0.999930620 0.010647806 -1.155750513 0.005801207 -0.010676889 0.999926150 33.049438477
0.999970436 -0.004809851 -0.006005167 0.420243263 0.004879032 0.999921203 0.011559178 -1.186348677 0.005949097 -0.011588136 0.999915123 33.555072784
0.999962628 -0.005733412 -0.006474084 0.444932520 0.005804685 0.999922037 0.011044495 -1.176481962 0.006410257 -0.011081664 0.999917984 34.123184204
0.999961197 -0.005607525 -0.006792023 0.417574525 0.005680775 0.999925315 0.010813929 -1.207609177 0.006730875 -0.010852094 0.999918461 34.595260620
0.999962270 -0.005671161 -0.006580427 0.409551799 0.005745234 0.999919713 0.011292782 -1.224951982 0.006515856 -0.011330160 0.999914587 35.157016754
0.999963105 -0.005324234 -0.006749135 0.413510114 0.005404088 0.999914944 0.011869197 -1.237796664 0.006685366 -0.011905232 0.999906778 35.687187195
0.999967813 -0.004899733 -0.006352783 0.389391392 0.004976487 0.999914169 0.012122957 -1.254618049 0.006292838 -0.012154182 0.999906361 36.156761169
0.999961436 -0.005340050 -0.006969458 0.413435996 0.005417853 0.999922633 0.011192906 -1.264474630 0.006909149 -0.011230233 0.999913096 36.854797363
0.999968886 -0.004432825 -0.006524365 0.384104550 0.004511348 0.999916911 0.012070338 -1.316805124 0.006470317 -0.012099396 0.999905884 37.498043060
0.999946296 -0.006983071 -0.007656005 0.420470148 0.007075976 0.999900818 0.012175867 -1.310263753 0.007570222 -0.012229387 0.999896526 37.974151611
0.999945402 -0.006436674 -0.008234974 0.445497125 0.006547054 0.999888062 0.013447860 -1.352760792 0.008147492 -0.013501041 0.999875665 38.507946014
0.999951839 -0.006684916 -0.007187701 0.419503897 0.006779495 0.999889672 0.013215624 -1.353478193 0.007098563 -0.013263718 0.999886811 38.751274109
0.999960780 -0.006205399 -0.006323375 0.412430018 0.006291234 0.999887049 0.013646193 -1.377410412 0.006237981 -0.013685440 0.999886870 39.276588440
0.999953866 -0.006262819 -0.007288240 0.443453431 0.006358243 0.999893367 0.013144008 -1.373996496 0.007205144 -0.013189741 0.999886990 39.841754913
0.999949157 -0.006791148 -0.007465061 0.439644575 0.006885453 0.999895811 0.012680491 -1.375076175 0.007378168 -0.012731248 0.999891698 40.406078339
0.999944985 -0.006974564 -0.007833361 0.458528847 0.007080894 0.999881983 0.013629075 -1.410924435 0.007737379 -0.013683792 0.999876320 40.926742554
0.999942303 -0.007204273 -0.007968988 0.498933285 0.007312823 0.999879718 0.013677338 -1.426327944 0.007869494 -0.013734826 0.999874651 41.459724426
0.999935865 -0.008276955 -0.007732377 0.459271133 0.008386324 0.999863625 0.014220538 -1.419163465 0.007613619 -0.014284473 0.999868929 41.995147705
0.999935448 -0.007855181 -0.008209460 0.498854071 0.007975715 0.999859333 0.014754318 -1.463532209 0.008092408 -0.014818843 0.999857426 42.555541992
0.999950886 -0.006549158 -0.007430924 0.482698709 0.006654431 0.999876559 0.014231643 -1.451844573 0.007336800 -0.014280394 0.999871075 43.125106812
0.999945939 -0.007128139 -0.007569478 0.427554309 0.007231448 0.999879897 0.013709564 -1.471014977 0.007470847 -0.013763561 0.999877393 43.392181396
0.999951422 -0.006484169 -0.007415180 0.437333524 0.006583814 0.999887288 0.013493476 -1.473969698 0.007326850 -0.013541642 0.999881446 43.952766418
0.999945760 -0.007314232 -0.007416309 0.442617059 0.007424226 0.999861240 0.014914003 -1.492190361 0.007306196 -0.014968254 0.999861300 44.468177795
0.999946058 -0.007109358 -0.007565641 0.446289539 0.007219637 0.999866605 0.014650259 -1.504425526 0.007460480 -0.014704090 0.999864101 44.976921082
0.999954581 -0.006626538 -0.006848417 0.413287401 0.006720497 0.999882400 0.013789291 -1.498504043 0.006756238 -0.013834689 0.999881506 45.566566467
0.999948502 -0.006766086 -0.007568820 0.457739562 0.006875854 0.999870241 0.014572037 -1.558321714 0.007469242 -0.014623329 0.999865174 46.159996033
0.999959648 -0.005456153 -0.007141427 0.456056863 0.005561308 0.999875188 0.014788643 -1.546185255 0.007059847 -0.014827762 0.999865115 46.665187836
0.999960363 -0.006058203 -0.006520342 0.415852487 0.006151019 0.999878645 0.014310193 -1.549751878 0.006432856 -0.014349734 0.999876380 47.202972412
0.999965727 -0.004934846 -0.006641211 0.403285265 0.005034621 0.999873400 0.015091687 -1.614845514 0.006565894 -0.015124606 0.999864042 47.452938080
0.999963224 -0.005329696 -0.006720518 0.417888254 0.005431831 0.999868631 0.015272021 -1.622763157 0.006638239 -0.015307964 0.999860704 48.000263214
0.999955297 -0.005707082 -0.007540687 0.430055082 0.005822665 0.999864578 0.015395923 -1.632867098 0.007451799 -0.015439140 0.999853015 48.560680389
0.999957383 -0.005574353 -0.007370554 0.437617928 0.005682720 0.999874830 0.014764492 -1.628226042 0.007287329 -0.014805747 0.999863863 49.143699646
0.999962807 -0.004961991 -0.007066147 0.454087138 0.005069551 0.999870360 0.015286168 -1.634376287 0.006989381 -0.015321421 0.999858141 49.642139435
0.999951601 -0.006596035 -0.007295863 0.477330744 0.006708492 0.999857366 0.015498238 -1.645847082 0.007192596 -0.015546430 0.999853253 50.154132843
0.999970973 -0.003864253 -0.006568422 0.436133236 0.003962781 0.999878764 0.015053960 -1.664684892 0.006509454 -0.015079552 0.999865055 50.378238678
0.999968171 -0.004993984 -0.006230342 0.448498875 0.005087259 0.999873817 0.015046287 -1.666920900 0.006154414 -0.015077501 0.999867380 50.921997070
0.999974072 -0.004039736 -0.005962621 0.429584116 0.004126939 0.999883652 0.014685863 -1.680733919 0.005902601 -0.014710090 0.999874413 51.465137482
0.999973476 -0.004192474 -0.005972988 0.414959460 0.004281907 0.999877691 0.015039656 -1.707944155 0.005909205 -0.015064830 0.999868989 51.979919434
0.999983847 -0.003365590 -0.004593614 0.379497528 0.003436731 0.999872863 0.015567666 -1.696833491 0.004540637 -0.015583200 0.999868274 52.539497375
0.999980032 -0.003007180 -0.005562354 0.380406976 0.003089422 0.999885201 0.014836492 -1.685050249 0.005517100 -0.014853381 0.999874473 53.078773499
0.999975801 -0.004048661 -0.005660520 0.401184678 0.004138417 0.999864399 0.015935535 -1.738188744 0.005595236 -0.015958576 0.999856949 53.473644257
0.999977469 -0.003740708 -0.005587508 0.414779186 0.003828241 0.999868810 0.015738014 -1.742420912 0.005527902 -0.015759051 0.999860525 54.029537201
0.999980271 -0.003754529 -0.005053144 0.412602961 0.003834452 0.999866188 0.015900929 -1.752858281 0.004992766 -0.015919993 0.999860823 54.560974121
0.999968171 -0.004794239 -0.006379671 0.453305125 0.004895706 0.999860227 0.015985474 -1.753623962 0.006302142 -0.016016200 0.999851823 55.166770935
0.999986053 -0.002713045 -0.004542955 0.400225639 0.002786354 0.999864817 0.016209196 -1.796170235 0.004498363 -0.016221629 0.999858260 55.685810089
0.999976158 -0.003954037 -0.005658733 0.473897189 0.004046068 0.999858141 0.016345641 -1.774996758 0.005593299 -0.016368149 0.999850452 56.302791595
0.999975324 -0.004267121 -0.005568175 0.413955837 0.004354448 0.999866247 0.015766371 -1.776139975 0.005500155 -0.015790230 0.999860227 56.506080627
0.999974549 -0.004217830 -0.005749492 0.425754696 0.004306684 0.999870121 0.015530473 -1.785942078 0.005683240 -0.015554841 0.999862850 57.050487518
0.999971092 -0.005006991 -0.005720655 0.448663056 0.005094456 0.999868691 0.015378427 -1.790874481 0.005642904 -0.015407125 0.999865413 57.612785339
0.999978960 -0.003642076 -0.005367639 0.436709851 0.003728077 0.999863446 0.016100135 -1.793911457 0.005308269 -0.016119808 0.999855936 58.132991791
0.999974430 -0.004358851 -0.005660213 0.437428236 0.004453614 0.999848306 0.016838677 -1.822369814 0.005585957 -0.016863458 0.999842167 58.560440063
0.999967396 -0.004785319 -0.006506715 0.462203264 0.004894858 0.999844849 0.016924454 -1.829346895 0.006424715 -0.016955750 0.999835610 59.097351074
0.999968410 -0.005073925 -0.006117995 0.450433284 0.005173553 0.999852419 0.016380055 -1.816635847 0.006033981 -0.016411191 0.999847174 59.629634857
0.999970019 -0.004750090 -0.006121554 0.467854619 0.004850348 0.999852598 0.016468581 -1.824563265 0.006042425 -0.016497782 0.999845684 60.156536102
0.999970853 -0.004575874 -0.006098107 0.472224027 0.004678563 0.999845684 0.016933069 -1.829867601 0.006019679 -0.016961107 0.999838054 60.567733765
0.999972701 -0.004645237 -0.005736190 0.476203024 0.004739041 0.999853492 0.016449299 -1.838235140 0.005658938 -0.016476035 0.999848247 61.117572784
0.999969542 -0.005119446 -0.005867825 0.473038256 0.005216574 0.999847591 0.016658714 -1.861486435 0.005781648 -0.016688816 0.999844074 61.674980164
0.999967694 -0.004961011 -0.006316187 0.498061061 0.005064886 0.999850333 0.016537355 -1.864229798 0.006233199 -0.016568813 0.999843299 62.235809326
0.999966502 -0.005137486 -0.006369579 0.513014317 0.005236452 0.999864280 0.015619149 -1.850460887 0.006288471 -0.015651977 0.999857783 62.807434082
0.999959588 -0.006059973 -0.006632730 0.483092189 0.006171396 0.999837935 0.016909510 -1.873973966 0.006529183 -0.016949760 0.999835134 63.145500183
0.999956548 -0.006148972 -0.007002610 0.534561157 0.006263370 0.999845326 0.016433526 -1.875291348 0.006900477 -0.016476672 0.999840498 63.715019226
0.999966443 -0.005648822 -0.005926490 0.491696924 0.005745777 0.999847770 0.016472230 -1.881143212 0.005832541 -0.016505726 0.999846756 64.232894897
0.999968112 -0.005889612 -0.005389398 0.494712770 0.005979624 0.999840379 0.016840819 -1.888505936 0.005289352 -0.016872510 0.999843657 64.771728516
0.999957442 -0.006200488 -0.006832555 0.533609033 0.006313436 0.999841690 0.016635166 -1.895552397 0.006728326 -0.016677596 0.999838293 65.291282654
0.999951124 -0.006774787 -0.007197934 0.519459367 0.006892319 0.999841213 0.016431212 -1.898532629 0.007085473 -0.016480019 0.999839067 65.696403503
0.999959946 -0.006255893 -0.006393127 0.504650295 0.006359760 0.999845982 0.016357405 -1.909304500 0.006289812 -0.016397411 0.999845743 66.259445190
0.999960601 -0.005573666 -0.006909251 0.539900303 0.005684874 0.999852836 0.016181620 -1.927961588 0.006818045 -0.016220262 0.999845207 66.762908936
0.999952197 -0.006786579 -0.007040830 0.545176685 0.006898106 0.999849141 0.015938541 -1.918001652 0.006931600 -0.015986348 0.999848187 67.315376282
0.999946594 -0.007331514 -0.007300168 0.556676745 0.007452584 0.999832809 0.016697807 -1.917162299 0.007176530 -0.016751319 0.999833941 67.703552246
0.999941349 -0.007506550 -0.007810879 0.580018580 0.007641044 0.999820650 0.017333966 -1.938180566 0.007679361 -0.017392632 0.999819219 68.245704651
0.999951363 -0.006911172 -0.007047400 0.572533488 0.007028380 0.999835074 0.016744522 -1.933989406 0.006930513 -0.016793242 0.999834955 68.793869019
0.999932885 -0.008451081 -0.007920849 0.640232146 0.008583989 0.999820352 0.016898489 -1.951498270 0.007776613 -0.016965350 0.999825895 69.304359436
0.999952018 -0.006785461 -0.007063707 0.591736555 0.006907794 0.999823987 0.017440561 -1.966537952 0.006944120 -0.017488519 0.999822974 69.701210022
0.999953568 -0.006770310 -0.006850149 0.600467324 0.006887502 0.999827802 0.017231589 -1.967981935 0.006732306 -0.017277971 0.999828041 70.253990173
0.999952376 -0.006738204 -0.007063603 0.609322250 0.006859364 0.999827325 0.017271070 -1.976657033 0.006946006 -0.017318696 0.999825954 70.819183350
0.999939680 -0.008034259 -0.007481814 0.630805612 0.008162383 0.999817729 0.017254541 -1.982467055 0.007341821 -0.017314566 0.999823213 71.390609741
0.999943852 -0.007248628 -0.007726776 0.681691945 0.007382910 0.999819696 0.017494295 -2.011379719 0.007598572 -0.017550357 0.999817133 71.841613770
0.999944806 -0.007825103 -0.007004279 0.565568149 0.007945442 0.999818325 0.017321004 -1.959758043 0.006867468 -0.017375702 0.999825418 72.346481323
0.999943256 -0.007928894 -0.007110928 0.579117656 0.008048615 0.999823570 0.016968817 -1.965126157 0.006975129 -0.017025089 0.999830782 72.885391235
0.999938130 -0.008417184 -0.007267177 0.602596998 0.008542431 0.999812424 0.017378943 -1.986519933 0.007119532 -0.017439945 0.999822557 73.450981140
0.999941289 -0.008354141 -0.006904033 0.588646650 0.008469217 0.999822795 0.016810080 -1.977633476 0.006762377 -0.016867561 0.999834895 74.013076782
0.999945223 -0.007882581 -0.006895384 0.591336131 0.007992370 0.999839365 0.016042233 -1.971970201 0.006767824 -0.016096463 0.999847531 74.542472839
0.999948144 -0.007852138 -0.006473714 0.551361680 0.007958814 0.999830127 0.016620541 -1.970908761 0.006342108 -0.016671205 0.999840856 75.021064758
0.999946058 -0.008073266 -0.006529456 0.560908556 0.008181881 0.999825656 0.016782552 -1.973668814 0.006392828 -0.016835071 0.999837875 75.565536499
0.999938846 -0.008624424 -0.006924571 0.563767552 0.008738132 0.999824524 0.016562015 -1.976495862 0.006780519 -0.016621510 0.999838889 76.103172302
0.999942601 -0.008479831 -0.006552650 0.572593451 0.008583030 0.999836981 0.015884921 -1.979491115 0.006416881 -0.015940253 0.999852419 76.628814697
0.999963939 -0.007135265 -0.004605297 0.557310224 0.007211314 0.999834239 0.016713342 -1.983040214 0.004485277 -0.016745949 0.999849856 77.097084045
0.999974430 -0.006676406 -0.002586531 0.553740025 0.006717365 0.999846756 0.016163897 -1.991362333 0.002478217 -0.016180858 0.999866009 77.659889221
0.999973595 -0.007045846 -0.001792653 0.576348960 0.007072987 0.999853015 0.015612974 -1.994247794 0.001682382 -0.015625238 0.999876499 78.224426270
0.999978423 -0.006553778 -0.000402235 0.562491536 0.006559259 0.999856651 0.015607565 -1.987058043 0.000299889 -0.015609867 0.999878109 78.752311707
0.999974370 -0.006827598 0.002163482 0.588353395 0.006790360 0.999836147 0.016776001 -2.020513535 -0.002277668 -0.016760880 0.999856889 79.209594727
0.999958575 -0.007036598 0.005781990 0.611683309 0.006935691 0.999826372 0.017290609 -2.029914379 -0.005902654 -0.017249787 0.999833822 79.759414673
0.999935746 -0.007160117 0.008784433 0.639065802 0.007016043 0.999842107 0.016323572 -2.018121243 -0.008899925 -0.016260890 0.999828160 80.271148682
0.999891043 -0.007656764 0.012620876 0.660164118 0.007452234 0.999841392 0.016173907 -2.018029928 -0.012742715 -0.016078090 0.999789536 80.802909851
0.999804735 -0.005069716 0.019098321 0.703237832 0.004731886 0.999832153 0.017692817 -2.084233761 -0.019184815 -0.017598988 0.999661028 81.250228882
0.999666989 -0.005950666 0.025113000 0.719085097 0.005517549 0.999835372 0.017280903 -2.095447779 -0.025211699 -0.017136583 0.999535263 81.750450134
0.999514103 -0.006998529 0.030374790 0.704809785 0.006479342 0.999831676 0.017157633 -2.056678772 -0.030489763 -0.016952489 0.999391317 82.408386230
0.999218941 -0.007271506 0.038841270 0.748167515 0.006605241 0.999829173 0.017254403 -2.057086945 -0.038960103 -0.016984366 0.999096394 82.962348938
0.998872221 -0.007661359 0.046857007 0.799507380 0.006854685 0.999825895 0.017352182 -2.071817875 -0.046981789 -0.017011423 0.998750925 83.486801147
0.998534799 -0.007858476 0.053538971 0.847442627 0.006938205 0.999825358 0.017353058 -2.074125767 -0.053665992 -0.016956165 0.998414934 84.039146423
0.997997999 -0.008202840 0.062711149 0.885187149 0.007178797 0.999837399 0.016537428 -2.067735672 -0.062836610 -0.016054127 0.997894645 84.641563416
0.997324765 -0.009124137 0.072526969 0.953160286 0.007875629 0.999816239 0.017481772 -2.071572781 -0.072673142 -0.016863812 0.997213185 85.137596130
0.996625185 -0.007483198 0.081744030 1.018526077 0.006080072 0.999830246 0.017400322 -2.108269215 -0.081860349 -0.016844589 0.996501446 85.713638306
0.995937943 -0.007557543 0.089725569 1.087229729 0.006055507 0.999837220 0.017000761 -2.104501247 -0.089839444 -0.016388366 0.995821416 86.275161743
0.994891763 -0.007041525 0.100701571 1.151180744 0.005392333 0.999847054 0.016639866 -2.095871449 -0.100803345 -0.016011847 0.994777501 86.856826782
0.993781328 -0.006724354 0.111146420 1.271568298 0.004832624 0.999839008 0.017280808 -2.136213303 -0.111244746 -0.016636213 0.993653834 87.308319092
0.992846549 -0.008438106 0.119098723 1.368198395 0.006323676 0.999815822 0.018120352 -2.164216280 -0.119229697 -0.017237587 0.992717028 87.737625122
0.991191864 -0.005472986 0.132320225 1.391442299 0.003179587 0.999841154 0.017537272 -2.132004261 -0.132395193 -0.016962077 0.991051793 88.560142517
0.989596248 -0.006180188 0.143739387 1.527934074 0.003605660 0.999828517 0.018164678 -2.134677410 -0.143826991 -0.017457426 0.989448845 89.120002747
0.987865686 -0.006090613 0.155191287 1.633714676 0.003433400 0.999842942 0.017384473 -2.135242462 -0.155272812 -0.016640693 0.987731516 89.671417236
0.986397505 -0.006327800 0.164255485 1.751125336 0.003373381 0.999827623 0.018259445 -2.142788649 -0.164342731 -0.017456977 0.986248791 90.216636658
0.984332561 -0.007318386 0.176170304 1.877758026 0.004257720 0.999833465 0.017745074 -2.142261267 -0.176270843 -0.016716972 0.984199703 90.769744873
0.982077360 -0.007586115 0.188325912 2.002734184 0.004348530 0.999835670 0.017598620 -2.146355629 -0.188428476 -0.016464263 0.981948853 91.338226318
0.980029464 -0.008240189 0.198681623 2.186799049 0.004916887 0.999839723 0.017214345 -2.149252415 -0.198791638 -0.015893670 0.979912877 91.873725891
0.976963699 -0.006754667 0.213298514 2.204946518 0.002971835 0.999832630 0.018050583 -2.131006718 -0.213384748 -0.017000876 0.976820290 92.356399536
0.973809123 -0.006834304 0.227264255 2.350723267 0.002718195 0.999826670 0.018419595 -2.136591196 -0.227350742 -0.017319424 0.973658979 92.883583069
0.971026003 -0.007245060 0.238863871 2.502895355 0.002876225 0.999822140 0.018633554 -2.141456366 -0.238956392 -0.017406639 0.970874250 93.422325134
0.968033016 -0.007738844 0.250703096 2.681442261 0.003303767 0.999830604 0.018106591 -2.131087780 -0.250800729 -0.016699515 0.967894733 93.983711243
0.964467585 -0.008331397 0.264069825 2.859924316 0.003413403 0.999812126 0.019077208 -2.173516750 -0.264179140 -0.017497972 0.964314878 94.460815430
0.960851550 -0.008589543 0.276930362 3.023685455 0.003510995 0.999816537 0.018829366 -2.162015915 -0.277041286 -0.017119927 0.960705459 94.995780945
0.957248151 -0.008400078 0.289146096 3.144315720 0.003206932 0.999825001 0.018429365 -2.128330708 -0.289250284 -0.016714206 0.957107484 95.620895386
0.952749789 -0.007575328 0.303661823 3.324428558 0.002063714 0.999827385 0.018467311 -2.131341934 -0.303749293 -0.016968057 0.952600777 96.167594910
0.948374450 -0.008459872 0.317039877 3.521150589 0.002578598 0.999816835 0.018965587 -2.145079613 -0.317142189 -0.017168961 0.948222578 96.693473816
0.944365978 -0.009494185 0.328759462 3.711381912 0.003572449 0.999820411 0.018611720 -2.144784451 -0.328877151 -0.016401799 0.944230139 97.194808960
0.939808249 -0.008972643 0.341584623 3.932512283 0.002935300 0.999830306 0.018187294 -2.144734859 -0.341689855 -0.016089916 0.939675033 97.752319336
0.934476078 -0.007793568 0.355940610 4.126136780 0.001252931 0.999826193 0.018602485 -2.162624359 -0.356023759 -0.016937608 0.934323370 98.191047668
0.929836750 -0.009284413 0.367855072 4.379011154 0.002765388 0.999829769 0.018244881 -2.131351948 -0.367961824 -0.015947500 0.929704070 98.796844482
0.925426424 -0.009063858 0.378818959 4.607460022 0.002073168 0.999820054 0.018857721 -2.161713600 -0.378921688 -0.016666077 0.925278604 99.251060486
0.919388473 -0.008458667 0.393259704 4.869754791 0.001245132 0.999826312 0.018594418 -2.133617640 -0.393348783 -0.016605835 0.919239283 99.847297668
0.913573503 -0.008211774 0.406590641 5.113979340 0.000724877 0.999827385 0.018564438 -2.141009808 -0.406672925 -0.016665252 0.913421750 100.343917847
0.908823252 -0.008679316 0.417091072 5.363193512 0.001106847 0.999830186 0.018393861 -2.137110472 -0.417179883 -0.016255112 0.908678532 100.848808289
0.903670907 -0.010343620 0.428102583 5.620227814 0.002460468 0.999817193 0.018963385 -2.152219296 -0.428220481 -0.016083328 0.903531134 101.314514160
0.896418095 -0.009961184 0.443097413 5.890308380 0.001825211 0.999821842 0.018784262 -2.153463364 -0.443205595 -0.016029807 0.896276593 101.852813721
0.890215099 -0.009451968 0.455442339 6.176128387 0.001335505 0.999834597 0.018139543 -2.141169071 -0.455538452 -0.015539850 0.890080452 102.413261414
0.884718657 -0.010030321 0.466017574 6.454963684 0.001550250 0.999826252 0.018576642 -2.152138472 -0.466122955 -0.015712656 0.884580374 102.879478455
0.877129555 -0.010223843 0.480144948 6.740253448 0.001611266 0.999830365 0.018346166 -2.150761604 -0.480251104 -0.015318325 0.876997292 103.379348755
