1.000000000 0.000000000 0.000000000 0.000000000 0.000000000 1.000000000 0.000000000 0.000000000 0.000000000 0.000000000 1.000000000 0.000000000
1.000000000 -0.000162454 -0.000013330 0.000481504 0.000162453 1.000000000 -0.000032200 0.000287669 0.000013336 0.000032198 1.000000000 0.000271994
1.000000000 -0.000099471 0.000015154 -0.000441071 0.000099471 1.000000000 0.000000208 -0.000048522 -0.000015154 -0.000000206 1.000000000 -0.001003309
1.000000000 -0.000093111 0.000063072 -0.000390851 0.000093113 1.000000000 -0.000018203 0.000238256 -0.000063070 0.000018209 1.000000000 0.000089183
1.000000000 -0.000169337 0.000008084 -0.000085032 0.000169337 1.000000000 0.000009717 0.000340154 -0.000008085 -0.000009716 1.000000000 0.000359116
1.000000000 -0.000007176 0.000044693 -0.001085059 0.000007175 1.000000000 0.000007082 -0.000072450 -0.000044693 -0.000007082 1.000000000 -0.000988661
1.000000000 -0.000014184 0.000019589 -0.000842290 0.000014188 1.000000000 -0.000165593 0.000586957 -0.000019587 0.000165593 1.000000000 0.000048739
1.000000000 0.000032889 0.000078876 -0.000624938 -0.000032889 1.000000000 0.000001057 -0.000413621 -0.000078876 -0.000001059 1.000000000 -0.000365007
1.000000000 0.000166240 0.000073121 -0.001688725 -0.000166240 1.000000000 0.000003584 -0.000255819 -0.000073120 -0.000003596 1.000000000 -0.000350559
1.000000000 0.000068819 0.000125270 -0.001545095 -0.000068808 1.000000000 -0.000081366 0.000401096 -0.000125275 0.000081357 1.000000000 0.000213778
1.000000000 0.000126877 0.000065328 -0.001610618 -0.000126869 1.000000000 -0.000117266 0.001005890 -0.000065343 0.000117258 1.000000000 0.000095347
1.000000000 0.000008246 0.000083262 -0.001457488 -0.000008242 1.000000000 -0.000053823 0.001561380 -0.000083262 0.000053823 1.000000000 0.001294914
1.000000000 0.000159432 0.000116218 -0.001502303 -0.000159407 0.999999940 -0.000212697 0.002595134 -0.000116251 0.000212679 1.000000000 0.002367498
1.000000000 0.000020412 0.000052605 -0.000981746 -0.000020408 1.000000000 -0.000074841 0.000944302 -0.000052607 0.000074840 1.000000000 0.000695031
1.000000000 0.000115128 0.000201229 -0.002484611 -0.000115095 1.000000000 -0.000162556 0.001782077 -0.000201248 0.000162533 0.999999940 0.002690334
0.999999940 0.000300187 0.000144504 -0.002147002 -0.000300167 0.999999940 -0.000139627 0.001484071 -0.000144546 0.000139584 1.000000000 0.002115971
0.999999940 0.000235934 0.000180446 -0.001819510 -0.000235903 0.999999940 -0.000172988 0.002849611 -0.000180487 0.000172945 0.999999940 0.004183355
1.000000000 0.000067006 0.000168856 -0.001675560 -0.000066981 1.000000000 -0.000150368 0.001309965 -0.000168866 0.000150357 1.000000000 0.002310303
0.999999940 0.000129584 0.000237545 -0.002955709 -0.000129576 1.000000000 -0.000030930 0.001305302 -0.000237549 0.000030899 1.000000000 0.002519464
1.000000000 0.000114109 0.000118641 -0.001568824 -0.000114103 1.000000000 -0.000049240 0.002149004 -0.000118647 0.000049226 1.000000000 0.002218319
1.000000000 0.000198463 0.000134150 -0.002101970 -0.000198455 1.000000000 -0.000055200 0.001032570 -0.000134161 0.000055174 1.000000000 0.002286130
1.000000000 0.000205328 0.000074265 -0.001733523 -0.000205322 1.000000000 -0.000074124 0.001377310 -0.000074280 0.000074109 1.000000000 0.002097783
0.999999940 0.000348954 0.000188681 -0.002728406 -0.000348923 0.999999940 -0.000159893 0.002588599 -0.000188737 0.000159827 0.999999940 0.003791785
0.999999940 0.000261950 0.000189435 -0.002062724 -0.000261918 0.999999940 -0.000164853 0.002459629 -0.000189478 0.000164804 0.999999940 0.002663271
0.999999940 0.000130998 0.000207135 -0.002202286 -0.000130971 1.000000000 -0.000132097 0.003153053 -0.000207152 0.000132069 0.999999940 0.004188845
0.999999940 0.000212603 0.000211220 -0.002486009 -0.000212590 1.000000000 -0.000060974 0.001561865 -0.000211233 0.000060929 1.000000000 0.003205401
1.000000000 0.000153211 0.000085198 -0.001256047 -0.000153200 1.000000000 -0.000122455 0.002131232 -0.000085216 0.000122442 1.000000000 0.001935067
1.000000000 0.000106734 0.000173490 -0.002386268 -0.000106714 1.000000000 -0.000110535 0.002283535 -0.000173502 0.000110517 1.000000000 0.003035516
0.999999940 0.000177106 0.000193877 -0.001888370 -0.000177086 1.000000000 -0.000105911 0.001471682 -0.000193896 0.000105877 1.000000000 0.002793890
1.000000000 0.000147008 0.000190176 -0.002498014 -0.000146979 1.000000000 -0.000149528 0.001915441 -0.000190198 0.000149500 1.000000000 0.002322729
0.999999940 0.000241459 0.000190848 -0.002621714 -0.000241428 0.999999940 -0.000161845 0.002591333 -0.000190888 0.000161799 0.999999940 0.003437608
0.999999940 0.000230487 0.000195409 -0.001746546 -0.000230472 1.000000000 -0.000074420 0.001733892 -0.000195426 0.000074375 1.000000000 0.001702618
0.999999940 0.000299137 0.000201026 -0.002818261 -0.000299102 0.999999940 -0.000174809 0.002386664 -0.000201079 0.000174749 0.999999940 0.002766058
0.999999940 0.000227621 0.000209116 -0.002237094 -0.000227582 0.999999940 -0.000188245 0.002307902 -0.000209159 0.000188197 0.999999940 0.002260597
1.000000000 0.000149607 0.000129320 -0.002287864 -0.000149605 1.000000000 -0.000016699 0.001428674 -0.000129323 0.000016680 1.000000000 0.002551889
1.000000000 0.000089453 0.000130350 -0.001525935 -0.000089444 1.000000000 -0.000070030 0.002052785 -0.000130357 0.000070019 1.000000000 0.003698947
0.999999940 0.000256967 0.000198506 -0.002519833 -0.000256956 0.999999940 -0.000054406 0.001609998 -0.000198520 0.000054355 1.000000000 0.003053161
0.999999940 0.000286528 0.000138241 -0.001396387 -0.000286519 0.999999940 -0.000058649 0.001722210 -0.000138258 0.000058609 1.000000000 0.001884480
1.000000000 0.000097569 0.000116329 -0.001542811 -0.000097554 1.000000000 -0.000129098 0.001179319 -0.000116341 0.000129086 1.000000000 0.002685491
0.999999762 0.000530043 0.000242792 -0.003213590 -0.000529850 0.999999523 -0.000793279 0.000099486 -0.000243212 0.000793150 0.999999642 0.051221326
0.999999821 0.000558450 0.000270517 -0.001941713 -0.000558104 0.999999046 -0.001276277 -0.002604803 -0.000271230 0.001276126 0.999999106 0.140133455
0.999999523 0.000880748 0.000367811 -0.002336901 -0.000880254 0.999998689 -0.001340841 -0.006734690 -0.000368991 0.001340516 0.999999046 0.254318774
0.999999583 0.000783989 0.000322824 0.001008989 -0.000783585 0.999998868 -0.001247907 -0.009734616 -0.000323802 0.001247653 0.999999166 0.386300892
0.999999762 0.000693795 0.000223353 0.003550261 -0.000693568 0.999999225 -0.001013718 -0.014277142 -0.000224057 0.001013563 0.999999464 0.529904068
0.999999702 0.000526945 0.000395576 0.008230844 -0.000526703 0.999999702 -0.000611514 -0.022575345 -0.000395898 0.000611305 0.999999762 0.682434857
0.999999821 0.000023316 0.000338592 0.014589356 -0.000023166 0.999999940 -0.000443370 -0.025791101 -0.000338603 0.000443362 0.999999881 0.844190001
0.999999881 0.000239978 0.000457376 0.015889976 -0.000239810 0.999999881 -0.000366450 -0.029637333 -0.000457464 0.000366341 0.999999821 1.023136020
0.999999821 0.000525425 0.000418095 0.019551404 -0.000525347 0.999999821 -0.000187337 -0.035001364 -0.000418193 0.000187117 0.999999881 1.198240161
0.999999642 0.000621324 0.000537524 0.022295678 -0.000621387 0.999999821 0.000118209 -0.043802958 -0.000537451 -0.000118542 0.999999821 1.379012346
0.999999762 0.000649499 0.000239614 0.026217654 -0.000649498 0.999999821 -0.000004575 -0.046542414 -0.000239617 0.000004420 0.999999940 1.572736979
0.999999762 0.000341727 0.000562911 0.028421402 -0.000341898 0.999999881 0.000303823 -0.054367863 -0.000562807 -0.000304016 0.999999762 1.770862699
0.999999583 0.000583539 0.000733860 0.030102532 -0.000583883 0.999999642 0.000468253 -0.060393762 -0.000733587 -0.000468681 0.999999642 1.970868349
0.999999762 -0.000019336 0.000679580 0.036072247 0.000018847 0.999999762 0.000718798 -0.070066616 -0.000679594 -0.000718785 0.999999464 2.181523085
0.999999762 0.000324162 0.000654035 0.040517997 -0.000324561 0.999999702 0.000609393 -0.072087146 -0.000653837 -0.000609605 0.999999583 2.402683496
0.999999642 0.000661136 0.000607671 0.045425624 -0.000661475 0.999999642 0.000558176 -0.076871105 -0.000607302 -0.000558577 0.999999583 2.629792929
0.999999404 0.000550239 0.000877078 0.049390744 -0.000550850 0.999999523 0.000696922 -0.087149046 -0.000876694 -0.000697405 0.999999344 2.855737686
0.999999285 0.000657549 0.000921146 0.054245677 -0.000658331 0.999999344 0.000849256 -0.091506526 -0.000920587 -0.000849862 0.999999225 3.101718903
0.999999464 0.000695412 0.000750136 0.058578055 -0.000696097 0.999999344 0.000913705 -0.100380331 -0.000749500 -0.000914227 0.999999285 3.337182760
0.999999642 0.000332921 0.000788467 0.063431703 -0.000333709 0.999999464 0.000999875 -0.107279375 -0.000788134 -0.001000138 0.999999166 3.589301586
0.999999464 0.000677511 0.000760319 0.070103168 -0.000678250 0.999999344 0.000972514 -0.114582904 -0.000759660 -0.000973029 0.999999225 3.840522766
0.999999464 0.000663962 0.000772372 0.075739972 -0.000664464 0.999999583 0.000650202 -0.116074726 -0.000771940 -0.000650715 0.999999404 4.106974602
0.999999583 0.000631843 0.000655935 0.083818033 -0.000632250 0.999999583 0.000620088 -0.119915880 -0.000655543 -0.000620502 0.999999523 4.367505550
0.999999285 0.000629869 0.001021147 0.085611671 -0.000630710 0.999999464 0.000824112 -0.131205529 -0.001020627 -0.000824756 0.999999106 4.620521545
0.999998748 0.001030772 0.001190810 0.086584635 -0.001031738 0.999999166 0.000811445 -0.137082368 -0.001189973 -0.000812672 0.999998987 4.879462719
0.999999106 0.000956894 0.000961148 0.096933179 -0.000958046 0.999998868 0.001199682 -0.145655394 -0.000959999 -0.001200602 0.999998808 5.139215469
0.999998748 0.000949326 0.001243718 0.097200438 -0.000950559 0.999999046 0.000991294 -0.154481843 -0.001242776 -0.000992475 0.999998748 5.402468681
0.999998569 0.001093384 0.001299062 0.098533079 -0.001094569 0.999998927 0.000911308 -0.160939738 -0.001298064 -0.000912729 0.999998689 5.673818588
0.999998748 0.001014834 0.001192960 0.103142574 -0.001015910 0.999999106 0.000901965 -0.166816637 -0.001192044 -0.000903175 0.999998868 5.944823265
0.999998510 0.001212830 0.001238617 0.106671609 -0.001213878 0.999998987 0.000845904 -0.176623538 -0.001237590 -0.000847406 0.999998868 6.224009514
0.999998808 0.000699122 0.001364554 0.119619600 -0.000700433 0.999999225 0.000960974 -0.180324525 -0.001363881 -0.000961928 0.999998629 6.514245987
0.999998808 0.000802036 0.001317660 0.121103562 -0.000803542 0.999999046 0.001143060 -0.189323366 -0.001316742 -0.001144118 0.999998450 6.804948807
0.999996722 0.001844071 0.001781922 0.126156837 -0.001845772 0.999997854 0.000953335 -0.197431296 -0.001780160 -0.000956621 0.999997973 7.101858616
0.999997795 0.001397405 0.001528739 0.136431694 -0.001399254 0.999998271 0.001209025 -0.209028646 -0.001527047 -0.001211161 0.999998093 7.403400421
0.999998331 0.001150119 0.001429200 0.143409342 -0.001151828 0.999998569 0.001196125 -0.218679011 -0.001427822 -0.001197769 0.999998212 7.710232258
0.999998033 0.001189622 0.001615924 0.149668112 -0.001191553 0.999998569 0.001194115 -0.226714835 -0.001614501 -0.001196037 0.999997973 8.033654213
0.999997079 0.001548367 0.001868198 0.152312875 -0.001551711 0.999997139 0.001789630 -0.246013656 -0.001865422 -0.001792523 0.999996662 8.340070724
0.999998033 0.001114037 0.001635729 0.162098661 -0.001116946 0.999997735 0.001778823 -0.254935503 -0.001633744 -0.001780647 0.999997079 8.662103653
0.999996483 0.001558618 0.002157851 0.164626166 -0.001561046 0.999998152 0.001123805 -0.254984677 -0.002156095 -0.001127170 0.999996960 9.013132095
0.999995351 0.001919278 0.002399334 0.171036452 -0.001922908 0.999997139 0.001511312 -0.269227982 -0.002396426 -0.001515919 0.999995887 9.358360291
0.999993563 0.002504526 0.002561464 0.172315240 -0.002507463 0.999996126 0.001143954 -0.280116290 -0.002558589 -0.001150369 0.999996066 9.691691399
0.999993682 0.002292210 0.002733227 0.174218640 -0.002295777 0.999996483 0.001302326 -0.288614571 -0.002730232 -0.001308593 0.999995470 10.056009293
0.999994099 0.002607221 0.002229988 0.189995930 -0.002610425 0.999995589 0.001435511 -0.298917860 -0.002226236 -0.001441324 0.999996483 10.404763222
0.999993920 0.002613457 0.002318470 0.199742615 -0.002616769 0.999995530 0.001426948 -0.307541609 -0.002314731 -0.001433007 0.999996305 10.758374214
0.999995291 0.002280110 0.002081874 0.208202213 -0.002282944 0.999996483 0.001360028 -0.318120509 -0.002078766 -0.001364775 0.999996960 11.122552872
0.999996424 0.001796162 0.001975649 0.221016183 -0.001798647 0.999997616 0.001257070 -0.325101554 -0.001973387 -0.001260619 0.999997199 11.510750771
0.999994934 0.002230460 0.002263275 0.229497999 -0.002233532 0.999996722 0.001356108 -0.335571259 -0.002260243 -0.001361157 0.999996483 11.891983986
0.999994159 0.002556627 0.002262214 0.236065835 -0.002559606 0.999995828 0.001314691 -0.347619981 -0.002258843 -0.001320474 0.999996603 12.278182983
0.999994636 0.002240272 0.002398359 0.248043746 -0.002244668 0.999995828 0.001831541 -0.362965107 -0.002394245 -0.001836915 0.999995470 12.666563988
0.999993742 0.002480665 0.002514232 0.254043877 -0.002484932 0.999995410 0.001695673 -0.369341195 -0.002510015 -0.001701910 0.999995410 13.070114136
0.999994934 0.002004811 0.002467876 0.268647373 -0.002008263 0.999997020 0.001396951 -0.379624128 -0.002465068 -0.001401900 0.999995947 13.463568687
0.999989986 0.002970445 0.003338494 0.262910217 -0.002976345 0.999994040 0.001763756 -0.394115180 -0.003333235 -0.001773675 0.999992847 13.879908562
0.999987245 0.003556530 0.003567470 0.266847849 -0.003562931 0.999992073 0.001789673 -0.401357800 -0.003561076 -0.001802362 0.999992013 14.296887398
0.999983490 0.004032121 0.004093928 0.274101973 -0.004038495 0.999990702 0.001550009 -0.414712250 -0.004087640 -0.001566517 0.999990404 14.716133118
0.999988914 0.002551048 0.003952113 0.301681250 -0.002557993 0.999995291 0.001753327 -0.426897615 -0.003947621 -0.001763417 0.999990642 15.148046494
0.999988258 0.002934189 0.003884226 0.316357136 -0.002940752 0.999994397 0.001685005 -0.443065435 -0.003879261 -0.001696408 0.999991000 15.585685730
0.999987483 0.002933247 0.004084416 0.328432351 -0.002939945 0.999994338 0.001634692 -0.454715371 -0.004079598 -0.001646679 0.999990344 16.029872894
0.999979436 0.003936590 0.005061029 0.331114352 -0.003947656 0.999989748 0.002178586 -0.466523886 -0.005052402 -0.002198520 0.999984801 16.473699570
0.999978006 0.004166022 0.005151944 0.338247031 -0.004175018 0.999989748 0.001736758 -0.480837494 -0.005144657 -0.001758230 0.999985158 16.916122437
0.999973059 0.004608098 0.005712205 0.350856602 -0.004620080 0.999987125 0.002086090 -0.496577412 -0.005702519 -0.002112424 0.999981523 17.359828949
0.999974847 0.003873194 0.005932296 0.365966499 -0.003890303 0.999988317 0.002875319 -0.512337923 -0.005921089 -0.002898326 0.999978244 17.834285736
0.999975443 0.003461545 0.006096502 0.380649120 -0.003476527 0.999991000 0.002448566 -0.522006869 -0.006087970 -0.002469700 0.999978423 18.299808502
0.999967575 0.004272347 0.006828535 0.384562522 -0.004284877 0.999989152 0.001821243 -0.524422407 -0.006820682 -0.001850443 0.999975026 18.766016006
0.999961972 0.004870988 0.007235950 0.396133423 -0.004885104 0.999986112 0.001934311 -0.535671532 -0.007226429 -0.001969586 0.999971926 19.242099762
0.999962509 0.005098905 0.007001600 0.415351808 -0.005112677 0.999985039 0.001950564 -0.558189571 -0.006991549 -0.001986288 0.999973595 19.719415665
0.999961674 0.005404858 0.006882814 0.422038794 -0.005423456 0.999981642 0.002686285 -0.574511707 -0.006868169 -0.002723511 0.999972701 20.209375381
0.999962091 0.004952265 0.007165003 0.454698145 -0.004964797 0.999986291 0.001732422 -0.570450723 -0.007156323 -0.001767930 0.999972820 20.693758011
0.999971449 0.004413190 0.006140625 0.471830010 -0.004422063 0.999989212 0.001432104 -0.583714783 -0.006134239 -0.001459217 0.999980092 21.195529938
0.999975085 0.004637067 0.005326708 0.478656471 -0.004649028 0.999986649 0.002235234 -0.615365148 -0.005316273 -0.002259942 0.999983311 21.711881638
0.999971271 0.005257996 0.005458114 0.481471390 -0.005271341 0.999983072 0.002433586 -0.640457571 -0.005445225 -0.002462288 0.999982059 22.204912186
0.999974489 0.005104842 0.004996276 0.496608198 -0.005115071 0.999984860 0.002037020 -0.650519192 -0.004985801 -0.002062524 0.999985337 22.722829819
0.999974489 0.004612301 0.005438134 0.503814459 -0.004627802 0.999985278 0.002841137 -0.664315939 -0.005424949 -0.002866231 0.999981165 23.243543625
0.999977469 0.004556309 0.004928908 0.509799838 -0.004572861 0.999983847 0.003352092 -0.682383895 -0.004913556 -0.003374556 0.999982178 23.760961533
0.999986112 0.003162306 0.004230488 0.521482825 -0.003175800 0.999989808 0.003186669 -0.699364841 -0.004220367 -0.003200060 0.999985933 24.287874222
0.999993980 0.002000136 0.002829136 0.544757783 -0.002006383 0.999995530 0.002206834 -0.705086648 -0.002824710 -0.002212497 0.999993503 24.810050964
0.999988735 0.003720806 0.002949489 0.546333671 -0.003730446 0.999987721 0.003269649 -0.728700817 -0.002937287 -0.003280614 0.999990284 25.365762711
0.999990702 0.003671041 0.002264483 0.560877085 -0.003677576 0.999989092 0.002888785 -0.732911706 -0.002253853 -0.002897085 0.999993265 25.905746460
0.999993026 0.003360239 0.001612001 0.566379666 -0.003364618 0.999990642 0.002721984 -0.746886849 -0.001602839 -0.002727390 0.999994934 26.466566086
0.999992192 0.003593771 0.001631320 0.573988736 -0.003599839 0.999986529 0.003731706 -0.780242324 -0.001617887 -0.003737550 0.999991655 27.021696091
0.999995947 0.002723774 0.000820188 0.621709406 -0.002726726 0.999989748 0.003620170 -0.793197989 -0.000810319 -0.003622392 0.999993086 27.550134659
0.999994278 0.003318333 0.000599940 0.629687905 -0.003320222 0.999989510 0.003175422 -0.803740621 -0.000589397 -0.003177396 0.999994755 28.109125137
0.999992013 0.003987333 0.000306878 0.628774107 -0.003988209 0.999987781 0.002915420 -0.809151173 -0.000295250 -0.002916621 0.999995708 28.678573608
0.999992907 0.003726893 0.000358206 0.638856471 -0.003727735 0.999990225 0.002378971 -0.813119352 -0.000349336 -0.002380290 0.999997079 29.234102249
0.999993861 0.003479262 -0.000155783 0.651301503 -0.003478766 0.999989212 0.003080916 -0.839057505 0.000166501 -0.003080356 0.999995232 29.783824921
0.999994338 0.003264252 -0.000817881 0.656985581 -0.003261490 0.999989033 0.003356094 -0.857806683 0.000828826 -0.003353407 0.999994040 30.332307816
0.999989152 0.004585395 -0.000802966 0.678898752 -0.004583172 0.999985635 0.002749730 -0.872361064 0.000815563 -0.002746021 0.999995887 30.862880707
0.999991655 0.003965597 -0.001006823 0.679625392 -0.003962575 0.999987602 0.002986319 -0.884101868 0.001018653 -0.002982304 0.999995053 31.429616928
0.999989450 0.003761335 -0.002654681 0.692128778 -0.003751718 0.999986470 0.003618040 -0.896408141 0.002668254 -0.003608042 0.999989986 31.982736588
0.999982893 0.005501406 -0.001996939 0.713912845 -0.005496633 0.999982059 0.002388417 -0.912255287 0.002010044 -0.002377399 0.999995172 32.532676697
0.999983251 0.005295916 -0.002329341 0.719748676 -0.005290039 0.999982893 0.002522517 -0.927471817 0.002342660 -0.002510152 0.999994159 33.074813843
0.999993265 0.002522037 -0.002667916 0.717481613 -0.002515346 0.999993682 0.002507913 -0.940667510 0.002674224 -0.002501185 0.999993324 33.645439148
0.999988854 0.004157056 -0.002212166 0.711886525 -0.004151106 0.999987721 0.002687050 -0.953117251 0.002223310 -0.002677838 0.999993920 34.190998077
0.999989629 0.003643750 -0.002717336 0.735145569 -0.003635519 0.999988914 0.003027521 -0.970972419 0.002728337 -0.003017611 0.999991655 34.751605988
0.999988556 0.003670611 -0.003052460 0.747900307 -0.003661878 0.999989152 0.002861971 -0.990495980 0.003062932 -0.002850760 0.999991238 35.279430389
0.999991000 0.003245863 -0.002707951 0.743132472 -0.003237745 0.999990284 0.002997068 -1.004902482 0.002717653 -0.002988273 0.999991775 35.810260773
0.999990046 0.003310326 -0.002976144 0.753710210 -0.003301346 0.999989986 0.003017490 -1.016443372 0.002986104 -0.003007635 0.999991000 36.361465454
0.999992073 0.002680158 -0.002918816 0.760937572 -0.002672024 0.999992490 0.002787642 -1.042787790 0.002926266 -0.002779821 0.999991834 36.892730713
0.999990642 0.003408268 -0.002642277 0.765056431 -0.003400976 0.999990344 0.002759570 -1.055594444 0.002651657 -0.002750558 0.999992728 37.448375702
0.999990523 0.003002228 -0.003153429 0.778880417 -0.002994941 0.999992847 0.002312738 -1.067041755 0.003160350 -0.002303272 0.999992311 38.000537872
0.999990940 0.002127815 -0.003664859 0.799651384 -0.002116645 0.999993145 0.003049009 -1.080432415 0.003671322 -0.003041224 0.999988616 38.553634644
0.999989688 0.003027021 -0.003380720 0.796201885 -0.003019755 0.999993145 0.002152370 -1.088813066 0.003387213 -0.002142139 0.999991953 39.103805542
0.999992073 0.002368836 -0.003186841 0.789861441 -0.002360820 0.999994040 0.002516704 -1.114320755 0.003192784 -0.002509160 0.999991775 39.629867554
0.999992907 0.002144613 -0.003105206 0.800602674 -0.002137208 0.999994874 0.002385887 -1.128782034 0.003110305 -0.002379234 0.999992251 40.172981262
0.999992490 0.002158484 -0.003225595 0.809900761 -0.002151461 0.999995291 0.002179020 -1.142970920 0.003230283 -0.002172064 0.999992430 40.711578369
0.999992013 0.002700914 -0.002944886 0.819738507 -0.002694872 0.999994218 0.002053470 -1.158640504 0.002950415 -0.002045517 0.999993563 41.271930695
0.999991953 0.002699244 -0.002955846 0.828885198 -0.002691015 0.999992430 0.002784327 -1.175389528 0.002963340 -0.002776350 0.999991775 41.822830200
0.999991894 0.002386033 -0.003216919 0.832297325 -0.002379242 0.999994934 0.002113204 -1.186236143 0.003221945 -0.002105533 0.999992549 42.363929749
0.999990940 0.003083222 -0.002948277 0.838018894 -0.003078326 0.999993861 0.001663886 -1.197201848 0.002953389 -0.001654795 0.999994218 42.919929504
0.999991357 0.002585937 -0.003252417 0.853165269 -0.002579050 0.999994457 0.002119641 -1.214942336 0.003257882 -0.002111234 0.999992490 43.459274292
0.999991715 0.001497462 -0.003767341 0.868810236 -0.001489021 0.999996305 0.002242419 -1.232312322 0.003770687 -0.002236791 0.999990404 44.011920929
0.999992788 0.001723774 -0.003377418 0.876783550 -0.001716545 0.999996185 0.002141941 -1.244933128 0.003381097 -0.002136128 0.999992013 44.557449341
0.999992669 0.001626761 -0.003461810 0.889251709 -0.001620141 0.999996781 0.001913993 -1.261007071 0.003464913 -0.001908371 0.999992192 45.100532532
0.999992609 0.001632972 -0.003462951 0.896838784 -0.001628381 0.999997795 0.001328300 -1.271892667 0.003465113 -0.001322651 0.999993086 45.656364441
0.999992788 0.002581269 -0.002772160 0.901598454 -0.002577915 0.999995947 0.001212894 -1.285199165 0.002775280 -0.001205739 0.999995470 46.200664520
0.999993026 0.002511713 -0.002751616 0.910774052 -0.002506848 0.999995291 0.001770047 -1.308932781 0.002756050 -0.001763137 0.999994576 46.744686127
0.999991715 0.002122670 -0.003454756 0.927717805 -0.002114250 0.999994755 0.002439250 -1.321978927 0.003459916 -0.002431925 0.999991000 47.294654846
0.999994397 0.001798062 -0.002873042 0.942895412 -0.001792160 0.999996305 0.002055624 -1.336896539 0.002876728 -0.002050463 0.999993742 47.870105743
0.999993980 0.002278897 -0.002618327 0.951832294 -0.002274569 0.999996066 0.001653905 -1.351035833 0.002622085 -0.001647939 0.999995232 48.420749664
0.999994695 0.001567103 -0.002861261 0.970073462 -0.001562842 0.999997675 0.001490965 -1.369112492 0.002863591 -0.001486486 0.999994814 48.949005127
0.999993682 0.000892207 -0.003435839 0.974520445 -0.000886657 0.999998212 0.001616334 -1.384864688 0.003437274 -0.001613277 0.999992788 49.481887817
0.999994338 0.002673020 -0.002037657 0.966058254 -0.002669055 0.999994516 0.001946412 -1.404027700 0.002042849 -0.001940962 0.999996006 50.043853760
0.999995053 0.001978949 -0.002414236 0.985307097 -0.001974838 0.999996543 0.001703767 -1.413615942 0.002417599 -0.001698991 0.999995649 50.566432953
0.999994636 0.001764490 -0.002734481 1.003536463 -0.001757927 0.999995530 0.002401621 -1.438904047 0.002738707 -0.002396801 0.999993384 51.104927063
0.999994040 0.002789620 -0.002004202 1.004245877 -0.002785166 0.999993801 0.002220687 -1.453663111 0.002010384 -0.002215091 0.999995470 51.638446808
0.999994695 0.002435920 -0.002156776 1.014896989 -0.002430785 0.999994218 0.002380293 -1.470870495 0.002162561 -0.002375037 0.999994814 52.168346405
0.999992549 0.003464305 -0.001705455 1.024312735 -0.003461119 0.999992251 0.001867073 -1.482458472 0.001711910 -0.001861157 0.999996781 52.719131470
0.999994457 0.002882454 -0.001729004 1.029608607 -0.002878533 0.999993265 0.002265895 -1.501918077 0.001735524 -0.002260905 0.999995947 53.224536896
0.999993086 0.003207046 -0.001858820 1.041942716 -0.003202336 0.999991596 0.002531592 -1.516332030 0.001866925 -0.002525622 0.999995053 53.775524139
0.999993205 0.003286398 -0.001725217 1.051471353 -0.003282400 0.999991953 0.002316200 -1.540048599 0.001732816 -0.002310521 0.999995828 54.307052612
0.999992967 0.003592665 -0.001097339 1.049597144 -0.003590568 0.999991715 0.001907438 -1.542418242 0.001104182 -0.001903485 0.999997556 54.846858978
0.999994218 0.003194717 -0.001184929 1.061106086 -0.003192539 0.999993145 0.001835323 -1.556232333 0.001190784 -0.001831530 0.999997616 55.396526337
0.999994457 0.002938172 -0.001571480 1.082041502 -0.002935256 0.999993920 0.001854444 -1.570552826 0.001576919 -0.001849822 0.999997020 55.958477020
0.999992728 0.003298165 -0.001894703 1.090225935 -0.003293879 0.999992013 0.002261572 -1.589012742 0.001902147 -0.002255315 0.999995649 56.516220093
0.999993086 0.003154731 -0.001977334 1.107071638 -0.003150232 0.999992371 0.002274839 -1.609983921 0.001984497 -0.002268594 0.999995470 57.072376251
0.999991894 0.003754996 -0.001420704 1.103985071 -0.003752072 0.999990821 0.002053479 -1.619222283 0.001428402 -0.002048132 0.999996841 57.609981537
0.999992788 0.003630587 -0.001114493 1.115414619 -0.003628567 0.999991775 0.001809070 -1.635709643 0.001121052 -0.001805013 0.999997675 58.150348663
0.999990821 0.004248260 -0.000595228 1.116884589 -0.004247205 0.999989450 0.001761090 -1.649533987 0.000602703 -0.001758546 0.999998271 58.701305389
0.999989569 0.004537442 -0.000527209 1.123370171 -0.004536591 0.999988437 0.001604856 -1.663577080 0.000534484 -0.001602447 0.999998569 59.222290039
0.999990344 0.004397314 -0.000090145 1.136149526 -0.004397151 0.999988794 0.001742287 -1.676671982 0.000097807 -0.001741874 0.999998450 59.796482086
0.999990106 0.004441868 -0.000564416 1.148635745 -0.004441204 0.999989450 0.001171855 -1.689220309 0.000569616 -0.001169335 0.999999106 60.332927704
0.999988556 0.004772496 -0.000263466 1.160450697 -0.004772077 0.999987364 0.001567862 -1.706971884 0.000270945 -0.001566587 0.999998748 60.872550964
0.999990106 0.004450259 -0.000174349 1.175057888 -0.004450004 0.999989152 0.001444816 -1.719296932 0.000180777 -0.001444025 0.999998927 61.411144257
0.999991119 0.004204950 -0.000149646 1.192496300 -0.004204731 0.999990165 0.001427756 -1.735061646 0.000155649 -0.001427114 0.999998987 61.956016541
0.999990284 0.004409631 -0.000107019 1.201236725 -0.004409506 0.999989629 0.001146548 -1.745771170 0.000112074 -0.001146064 0.999999344 62.496776581
0.999989212 0.004639312 -0.000001268 1.214148164 -0.004639307 0.999988198 0.001459512 -1.762966871 0.000008039 -0.001459491 0.999998868 63.030750275
0.999988139 0.004861608 -0.000136745 1.227288485 -0.004861426 0.999987304 0.001301409 -1.776036024 0.000143070 -0.001300729 0.999999166 63.564266205
0.999985874 0.005295580 0.000311442 1.235220313 -0.005295892 0.999985397 0.001007882 -1.790700793 -0.000306099 -0.001009517 0.999999464 64.095153809
0.999985039 0.005455526 0.000382865 1.243451595 -0.005456042 0.999984145 0.001360554 -1.807708859 -0.000375436 -0.001362623 0.999998927 64.611419678
0.999986410 0.005151195 0.000811343 1.250598192 -0.005151847 0.999986410 0.000804051 -1.817625165 -0.000807190 -0.000808220 0.999999285 65.151138306
0.999993443 0.003610675 0.000133399 1.252938390 -0.003610694 0.999993443 0.000149526 -1.826303244 -0.000132858 -0.000150007 1.000000000 65.676956177
0.999991894 0.004032470 -0.000033574 1.282979608 -0.004032455 0.999991775 0.000497080 -1.845126510 0.000035577 -0.000496940 0.999999881 66.233375549
0.999993086 0.003721451 -0.000015935 1.286424994 -0.003721452 0.999993086 -0.000103283 -1.860709906 0.000015549 0.000103341 0.999999940 66.765014648
0.999992371 0.003905090 0.000269558 1.299084425 -0.003905010 0.999992371 -0.000292552 -1.878607273 -0.000270699 0.000291497 0.999999881 67.321174622
0.999992251 0.003923734 0.000319523 1.305447936 -0.003923740 0.999992251 0.000018199 -1.890937805 -0.000319449 -0.000019453 0.999999940 67.829956055
0.999991238 0.004165693 -0.000184184 1.327449083 -0.004165700 0.999991238 -0.000048184 -1.910147905 0.000183982 0.000048951 1.000000000 68.367317200
0.999994576 0.003288083 -0.000167928 1.333342314 -0.003288086 0.999994576 -0.000018410 -1.925109982 0.000167868 0.000018962 1.000000000 68.898597717
0.999992013 0.003976761 -0.000418581 1.345190763 -0.003976919 0.999991953 -0.000374235 -1.944620490 0.000417089 0.000375897 0.999999762 69.416282654
0.999992251 0.003939616 0.000034689 1.352634788 -0.003939606 0.999992192 -0.000373146 -1.961925864 -0.000036159 0.000373007 0.999999881 69.951751709
0.999990225 0.004393926 0.000408276 1.362220526 -0.004393692 0.999990165 -0.000570916 -1.980573893 -0.000410782 0.000569116 0.999999762 70.503890991
0.999990404 0.004371251 0.000050419 1.374245644 -0.004371216 0.999990225 -0.000673479 -1.996402740 -0.000053362 0.000673252 0.999999702 71.049041748
0.999996305 0.002686791 -0.000079747 1.394318104 -0.002686879 0.999995768 -0.001129432 -2.003966093 0.000076711 0.001129642 0.999999344 71.628784180
0.999996901 0.002476787 -0.000322363 1.408601880 -0.002477054 0.999996722 -0.000829238 -2.028386116 0.000320309 0.000830034 0.999999583 72.179412842
0.999996364 0.002625865 -0.000579468 1.422703028 -0.002626421 0.999996066 -0.000961230 -2.044847250 0.000576943 0.000962749 0.999999344 72.744369507
0.999997556 0.002179975 -0.000274416 1.431498408 -0.002180356 0.999996662 -0.001390193 -2.054789066 0.000271384 0.001390788 0.999998927 73.307098389
0.999996781 0.002494725 -0.000314927 1.438296437 -0.002495110 0.999996126 -0.001225021 -2.072283745 0.000311871 0.001225803 0.999999225 73.857513428
0.999996901 0.002487637 0.000094243 1.449785948 -0.002487487 0.999995649 -0.001554663 -2.093375206 -0.000098110 0.001554424 0.999998748 74.403968811
0.999996483 0.002636709 -0.000169475 1.461906791 -0.002636959 0.999995410 -0.001481463 -2.108227730 0.000165567 0.001481905 0.999998808 74.939369202
0.999998629 0.001586612 0.000460403 1.461612344 -0.001586245 0.999998450 -0.000795747 -2.137247801 -0.000461664 0.000795016 0.999999583 75.476585388
0.999991477 0.004052005 0.000925499 1.470054388 -0.004050418 0.999990344 -0.001711439 -2.130083084 -0.000932424 0.001707676 0.999998093 76.018875122
0.999995291 0.003021081 0.000570075 1.490242958 -0.003020072 0.999993801 -0.001761110 -2.157932520 -0.000575393 0.001759380 0.999998212 76.608100891
0.999995530 0.002896608 0.000720816 1.484822154 -0.002895250 0.999993980 -0.001872925 -2.178246737 -0.000726237 0.001870829 0.999997973 77.162780762
0.999990165 0.004250427 0.001262349 1.491183758 -0.004247869 0.999989033 -0.002022458 -2.195188046 -0.001270932 0.002017076 0.999997079 77.682922363
0.999991417 0.003832965 0.001580856 1.486254930 -0.003829925 0.999990821 -0.001920357 -2.212694645 -0.001588202 0.001914285 0.999996901 78.252632141
0.999991238 0.003888168 0.001569325 1.509811640 -0.003885224 0.999990642 -0.001875374 -2.221738338 -0.001576602 0.001869261 0.999997020 78.814773560
0.999992371 0.003664491 0.001361604 1.522437215 -0.003661052 0.999990106 -0.002520397 -2.238281727 -0.001370827 0.002515393 0.999995887 79.378257751
0.999989688 0.004360822 0.001277720 1.527347565 -0.004358490 0.999988854 -0.001822101 -2.262432814 -0.001285652 0.001816513 0.999997497 79.896957397
0.999987066 0.004632157 0.002059062 1.536092997 -0.004628059 0.999987245 -0.001990753 -2.280169010 -0.002068256 0.001981197 0.999995887 80.417663574
0.999993384 0.002882886 0.002226993 1.560021758 -0.002877491 0.999992907 -0.002422093 -2.297065258 -0.002233960 0.002415668 0.999994576 80.974342346
0.999984622 0.003962229 0.003880808 1.562044859 -0.003952582 0.999989092 -0.002490050 -2.302182674 -0.003890631 0.002474672 0.999989390 81.470825195
0.999978960 0.004092545 0.005032778 1.577725887 -0.004082477 0.999989569 -0.002009114 -2.324000835 -0.005040948 0.001988526 0.999985337 81.950416565
0.999974668 0.003808088 0.006002672 1.587609410 -0.003792857 0.999989569 -0.002546994 -2.332967520 -0.006012308 0.002524162 0.999978721 82.488899231
0.999943793 0.003857999 0.009875088 1.602606058 -0.003830843 0.999988854 -0.002767285 -2.354537487 -0.009885654 0.002729299 0.999947429 83.000724792
0.999897182 0.004079507 0.013745919 1.618367434 -0.004050990 0.999989569 -0.002101746 -2.364865541 -0.013754350 0.002045846 0.999903262 83.548530579
0.999848306 0.004917150 0.016704867 1.641061068 -0.004875270 0.999984980 -0.002546815 -2.378629446 -0.016717136 0.002464989 0.999857247 84.046958923
0.999773979 0.003587846 0.020951735 1.669876099 -0.003541270 0.999991179 -0.002259621 -2.402756214 -0.020959659 0.002184915 0.999777853 84.566375732
0.999635220 0.004424370 0.026642388 1.696825743 -0.004363909 0.999987781 -0.002327086 -2.414960623 -0.026652357 0.002209972 0.999642313 85.115203857
0.999454319 0.003832375 0.032808386 1.729118824 -0.003750145 0.999989688 -0.002567552 -2.428472281 -0.032817885 0.002443114 0.999458373 85.624267578
0.999221563 0.004280518 0.039217174 1.766533494 -0.004178585 0.999987662 -0.002680783 -2.441760302 -0.039228164 0.002514825 0.999227047 86.152122498
0.998886585 0.004195918 0.046989609 1.809811592 -0.004073582 0.999988079 -0.002698921 -2.454845428 -0.047000371 0.002504500 0.998891830 86.745391846
0.998449922 0.004677978 0.055460289 1.864792347 -0.004519304 0.999985337 -0.002986092 -2.473358154 -0.055473447 0.002730822 0.998456419 87.281616211
0.998036146 0.003804591 0.062525228 1.906349659 -0.003649771 0.999989927 -0.002590152 -2.493527889 -0.062534459 0.002356862 0.998040020 87.806869507
0.997399867 0.004454126 0.071928315 1.960481167 -0.004243365 0.999986172 -0.003082658 -2.503699064 -0.071941040 0.002769425 0.997405052 88.346260071
0.996610641 0.004305851 0.082149960 2.023907661 -0.004047836 0.999986351 -0.003307062 -2.523761511 -0.082163081 0.002963325 0.996614516 88.880325317
0.995873392 0.003745249 0.090675488 2.092770576 -0.003451873 0.999988317 -0.003392043 -2.535340071 -0.090687156 0.003065044 0.995874703 89.441925049
0.995156527 0.003441713 0.098242097 2.158553123 -0.003046679 0.999986649 -0.004170757 -2.547817945 -0.098255128 0.003851244 0.995153785 89.978111267
0.994105101 0.003232407 0.108371660 2.241129875 -0.002833748 0.999988616 -0.003832455 -2.564708948 -0.108382814 0.003502766 0.994103014 90.523536682
0.992946208 0.003508582 0.118513636 2.331074715 -0.003109410 0.999988854 -0.003552902 -2.589207411 -0.118524775 0.003159333 0.992946029 91.065612793
0.991814852 0.002593981 0.127659053 2.428123474 -0.002111102 0.999990106 -0.003917719 -2.607570887 -0.127667964 0.003616150 0.991810381 91.613418579
0.990236998 0.002771135 0.139366463 2.525064468 -0.002279175 0.999990582 -0.003689443 -2.623943329 -0.139375404 0.003335783 0.990234017 92.158905029
0.988363504 0.002293675 0.152093232 2.634235382 -0.001689403 0.999990106 -0.004102130 -2.639206648 -0.152101144 0.003797449 0.988357663 92.716102600
0.986698389 0.001707182 0.162552804 2.747738838 -0.001092609 0.999991953 -0.003870077 -2.655423880 -0.162558094 0.003640994 0.986692250 93.264984131
0.984795928 0.002255976 0.173700705 2.867070198 -0.001626558 0.999991596 -0.003765838 -2.681379318 -0.173707724 0.003426046 0.984791398 93.841552734
0.982437253 0.001866295 0.186583832 2.988103867 -0.001138446 0.999991298 -0.004007997 -2.698517323 -0.186589703 0.003725190 0.982430875 94.378814697
0.980018437 0.001210353 0.198902711 3.121169090 -0.000411906 0.999991715 -0.004055592 -2.717028618 -0.198905960 0.003892626 0.980010867 94.929618835
0.977987409 -0.000149090 0.208663598 3.258459091 0.001083702 0.999989808 -0.004364724 -2.733043194 -0.208660871 0.004494773 0.977977753 95.476570129
0.975116491 0.000800531 0.221691445 3.406360626 0.000076030 0.999992192 -0.003945410 -2.755488634 -0.221692875 0.003864089 0.975108862 96.015853882
0.971883535 -0.000043125 0.235461876 3.550920486 0.000999151 0.999991715 -0.003940909 -2.767323494 -0.235459790 0.004065367 0.971875548 96.540687561
0.969144881 -0.000178189 0.246491641 3.703271866 0.001157168 0.999991953 -0.003826807 -2.785620451 -0.246488973 0.003993963 0.969137311 97.060768127
0.966253102 0.000063497 0.257594615 3.870845795 0.000909999 0.999993026 -0.003659963 -2.817862034 -0.257593036 0.003770862 0.966246128 97.560699463
0.962664127 -0.000796520 0.270697534 4.045186996 0.001848682 0.999991655 -0.003631897 -2.827926874 -0.270692468 0.003996730 0.962657511 98.087257385
0.959043860 -0.000939740 0.283256054 4.220254898 0.002008681 0.999991894 -0.003483352 -2.850759029 -0.283250481 0.003909658 0.959038019 98.605865479
0.955641925 -0.001670659 0.294525981 4.401813507 0.002761251 0.999990761 -0.003287060 -2.869707823 -0.294517785 0.003954513 0.955637813 99.114707947
0.951298952 -0.001666918 0.308265328 4.595252991 0.002795037 0.999990940 -0.003218051 -2.885223150 -0.308257133 0.003922942 0.951294959 99.620498657
0.946698785 -0.002163574 0.322112858 4.795463562 0.003336109 0.999989688 -0.003088168 -2.902970552 -0.322102785 0.003998169 0.946696222 100.121902466
0.942649901 -0.002103706 0.333776504 5.003084183 0.003441688 0.999988258 -0.003417331 -2.915181398 -0.333765388 0.004370102 0.942645967 100.642219543
0.937918782 -0.002497250 0.346845627 5.207109451 0.003819834 0.999987781 -0.003129564 -2.936099291 -0.346833527 0.004260169 0.937917113 101.140274048
0.932635248 -0.003205214 0.360806227 5.442049026 0.004709547 0.999983490 -0.003290212 -2.947363377 -0.360789746 0.004767802 0.932634950 101.657608032
0.927661240 -0.003069833 0.373410106 5.649707794 0.004437216 0.999986291 -0.002802395 -2.963899136 -0.373396337 0.004256574 0.927662134 102.166572571
0.922930479 -0.003687901 0.384948999 5.875314713 0.005119900 0.999983251 -0.002695092 -2.993516207 -0.384932548 0.004458283 0.922934055 102.613853455
0.917389274 -0.004362122 0.397967219 6.121849060 0.005325506 0.999984980 -0.001315451 -3.016915798 -0.397955507 0.003326158 0.917398691 103.101516724
0.911109149 -0.003915395 0.412146538 6.380325317 0.005405388 0.999982417 -0.002449549 -3.025087595 -0.412129641 0.004459619 0.911114275 103.635185242
0.906133771 -0.004572027 0.422966421 6.630119324 0.006226080 0.999977469 -0.002529132 -3.039443731 -0.422945291 0.004925155 0.906141877 104.114471436
0.900197566 -0.004433242 0.435459107 6.895359039 0.006029253 0.999979138 -0.002283496 -3.059887886 -0.435439914 0.004681091 0.900205612 104.623390198
0.893471181 -0.003556296 0.449106395 7.160331726 0.005051818 0.999984980 -0.002131815 -3.069511890 -0.449092031 0.004173519 0.893475771 105.107315063
0.887382567 -0.004465764 0.461012185 7.439636230 0.006180220 0.999978423 -0.002209380 -3.094270229 -0.460992336 0.004809722 0.887391090 105.590774536
0.881636441 -0.005631713 0.471895576 7.717887878 0.007094071 0.999974012 -0.001319837 -3.111674547 -0.471875906 0.004511278 0.881653368 106.057708740
0.873989940 -0.005845277 0.485908926 8.010017395 0.007433557 0.999971390 -0.001341288 -3.129174471 -0.485887200 0.004784304 0.874008417 106.528785706
0.866987228 -0.006408482 0.498289257 8.302104950 0.008107329 0.999966264 -0.001245628 -3.145158529 -0.498264492 0.005119738 0.867009938 106.980590820
0.860532582 -0.006138725 0.509358644 8.607597351 0.008201811 0.999964654 -0.001805047 -3.149342060 -0.509329438 0.005730964 0.860552430 107.455947876
