1.000000000 0.000000000 0.000000000 0.000000000 0.000000000 1.000000000 0.000000000 0.000000000 0.000000000 0.000000000 1.000000000 0.000000000
1.000000000 -0.000062286 -0.000206403 0.004837826 0.000062318 1.000000000 0.000155212 -0.003738867 0.000206393 -0.000155225 0.999999940 -0.003891994
1.000000000 0.000038423 0.000004701 0.000810261 -0.000038424 1.000000000 0.000072093 -0.002749636 -0.000004698 -0.000072094 1.000000000 -0.003182172
1.000000000 -0.000108988 -0.000149650 0.006437151 0.000109016 1.000000000 0.000187108 -0.003016697 0.000149630 -0.000187125 1.000000000 -0.004518714
1.000000000 -0.000038698 -0.000054645 0.000915968 0.000038701 1.000000000 0.000047949 -0.000505142 0.000054644 -0.000047951 1.000000000 0.000111801
1.000000000 -0.000026914 0.000060389 -0.000651609 0.000026913 1.000000000 0.000015079 -0.001705098 -0.000060389 -0.000015077 1.000000000 -0.001558019
1.000000000 -0.000099989 -0.000146658 0.004989540 0.000100016 1.000000000 0.000182725 -0.003312425 0.000146639 -0.000182740 1.000000000 -0.007204066
1.000000000 -0.000120219 -0.000056462 -0.000624072 0.000120222 1.000000000 0.000048150 0.000080415 0.000056456 -0.000048156 1.000000000 0.000364038
1.000000000 0.000007014 -0.000086617 0.002565702 -0.000007006 1.000000000 0.000090802 -0.003428849 0.000086617 -0.000090801 1.000000000 -0.009062950
1.000000000 0.000028175 0.000041301 0.000611660 -0.000028179 1.000000000 0.000102769 -0.002679616 -0.000041298 -0.000102770 1.000000000 -0.005687411
1.000000000 0.000117558 0.000088616 -0.001164619 -0.000117562 1.000000000 0.000047520 -0.000961919 -0.000088610 -0.000047530 1.000000000 -0.005088558
1.000000000 -0.000106513 -0.000023643 -0.000489644 0.000106515 1.000000000 0.000090843 -0.003842669 0.000023634 -0.000090845 1.000000000 -0.008580026
1.000000000 -0.000064772 -0.000005419 0.000341808 0.000064772 1.000000000 0.000059112 -0.001869389 0.000005416 -0.000059113 1.000000000 -0.006167755
1.000000000 -0.000062629 -0.000017597 0.000560125 0.000062631 1.000000000 0.000090620 -0.001809884 0.000017592 -0.000090621 1.000000000 -0.005924434
1.000000000 -0.000227298 -0.000082095 0.001116327 0.000227314 0.999999940 0.000188473 -0.002297077 0.000082052 -0.000188491 1.000000000 -0.008361059
0.999999940 -0.000241801 -0.000109974 -0.000567738 0.000241815 0.999999940 0.000124843 -0.002832279 0.000109943 -0.000124870 1.000000000 -0.009178531
1.000000000 -0.000167224 0.000025104 0.000005896 0.000167223 1.000000000 0.000052053 -0.001147269 -0.000025112 -0.000052048 1.000000000 -0.008012749
1.000000000 0.000056351 0.000003082 0.002004246 -0.000056351 1.000000000 0.000182462 -0.003549005 -0.000003072 -0.000182462 1.000000000 -0.011574087
1.000000000 -0.000228593 -0.000069567 0.001423515 0.000228601 0.999999940 0.000113606 -0.003840443 0.000069541 -0.000113622 1.000000000 -0.008667201
0.999999940 -0.000272013 -0.000079815 0.004083687 0.000272026 0.999999940 0.000166063 -0.005516381 0.000079770 -0.000166085 1.000000000 -0.016075678
1.000000000 -0.000047077 -0.000021514 0.001958503 0.000047082 1.000000000 0.000215224 -0.005371880 0.000021504 -0.000215225 1.000000000 -0.011614092
1.000000000 0.000031497 0.000050521 -0.000285725 -0.000031503 1.000000000 0.000117590 -0.001225686 -0.000050517 -0.000117592 1.000000000 -0.007219927
0.999999940 -0.000246642 -0.000182069 0.006029537 0.000246678 0.999999940 0.000197823 -0.003668734 0.000182020 -0.000197868 0.999999940 -0.015659491
1.000000000 -0.000215274 -0.000090209 0.001870152 0.000215294 0.999999940 0.000220014 -0.003404888 0.000090162 -0.000220033 1.000000000 -0.007284689
1.000000000 -0.000068500 -0.000133412 0.005976851 0.000068527 1.000000000 0.000201771 -0.003506469 0.000133399 -0.000201780 1.000000000 -0.015820296
1.000000000 -0.000083815 -0.000042398 0.000795512 0.000083824 1.000000000 0.000209304 -0.003102851 0.000042381 -0.000209307 1.000000000 -0.013839712
1.000000000 -0.000084271 -0.000014498 -0.001580768 0.000084274 1.000000000 0.000205398 -0.004853338 0.000014481 -0.000205399 1.000000000 -0.015341950
1.000000000 -0.000077177 -0.000002428 -0.001206338 0.000077177 1.000000000 0.000193388 -0.003252045 0.000002413 -0.000193388 1.000000000 -0.009574312
0.999999940 -0.000249679 -0.000154161 -0.000132749 0.000249700 0.999999940 0.000137447 0.000281890 0.000154127 -0.000137486 1.000000000 -0.007410227
1.000000000 -0.000127997 -0.000107124 0.001776708 0.000128019 1.000000000 0.000201543 -0.002474948 0.000107098 -0.000201557 1.000000000 -0.009603155
1.000000000 -0.000139896 0.000022753 -0.001272941 0.000139893 1.000000000 0.000123883 -0.001623750 -0.000022770 -0.000123880 1.000000000 -0.003078258
0.999999940 -0.000233881 -0.000090356 -0.001591838 0.000233902 0.999999940 0.000229608 -0.002700518 0.000090303 -0.000229629 0.999999940 -0.009506293
0.999999940 -0.000190065 -0.000154061 0.002214764 0.000190105 0.999999940 0.000260947 -0.003606103 0.000154011 -0.000260976 0.999999940 -0.014222810
1.000000000 0.000003093 -0.000076103 -0.000435568 -0.000003086 1.000000000 0.000088708 -0.001018154 0.000076103 -0.000088707 1.000000000 -0.006037009
1.000000000 -0.000112650 -0.000111015 -0.000785977 0.000112658 1.000000000 0.000075605 -0.000615570 0.000111007 -0.000075618 1.000000000 -0.006581724
1.000000000 -0.000189142 -0.000069819 -0.001763844 0.000189141 1.000000000 -0.000019307 0.000465424 0.000069822 0.000019294 1.000000000 -0.010811505
0.999999940 -0.000250009 -0.000207793 0.003647159 0.000250026 0.999999940 0.000082657 -0.001201914 0.000207772 -0.000082708 1.000000000 -0.009880855
1.000000000 -0.000213939 -0.000043901 0.000730736 0.000213940 1.000000000 0.000038590 0.000173672 0.000043892 -0.000038600 1.000000000 -0.008467320
1.000000000 -0.000088861 -0.000104911 0.002272971 0.000088898 0.999999940 0.000352251 -0.003517106 0.000104879 -0.000352260 0.999999940 -0.018437410
0.999999940 -0.000266766 -0.000240352 0.004858385 0.000266807 0.999999940 0.000167817 -0.005726309 0.000240307 -0.000167881 0.999999940 -0.006381873
1.000000000 -0.000059030 -0.000179669 0.008502646 0.000058954 0.999999881 -0.000423306 -0.008930783 0.000179694 0.000423296 0.999999881 0.041524310
1.000000000 -0.000036234 -0.000186800 0.008140574 0.000035988 0.999999106 -0.001317289 -0.003201249 0.000186848 0.001317282 0.999999106 0.144050807
1.000000000 -0.000053140 -0.000045220 0.004611975 0.000053076 0.999998987 -0.001423659 -0.010183920 0.000045295 0.001423657 0.999998987 0.263868719
0.999999940 -0.000292803 0.000210122 0.001804036 0.000293062 0.999999225 -0.001229311 -0.016389688 -0.000209762 0.001229373 0.999999225 0.384917289
1.000000000 0.000142567 -0.000014132 0.005976309 -0.000142583 0.999999344 -0.001125777 -0.021734772 0.000013971 0.001125779 0.999999344 0.534438014
1.000000000 0.000129063 0.000037595 0.017220085 -0.000129019 0.999999285 -0.001165870 -0.026410241 -0.000037746 0.001165865 0.999999344 0.681231201
1.000000000 0.000055814 0.000173492 0.031410474 -0.000055691 0.999999762 -0.000713351 -0.039313480 -0.000173531 0.000713341 0.999999702 0.857244194
1.000000000 -0.000059537 0.000151129 0.023819122 0.000059621 0.999999821 -0.000559673 -0.038418632 -0.000151096 0.000559682 0.999999821 1.022624969
0.999999821 0.000213957 0.000560961 0.013293758 -0.000213569 0.999999762 -0.000691270 -0.038664311 -0.000561109 0.000691150 0.999999583 1.200479984
0.999999940 -0.000091660 0.000239158 0.034919675 0.000091762 0.999999881 -0.000429350 -0.051572572 -0.000239119 0.000429372 0.999999881 1.420005560
0.999999821 0.000348747 0.000500662 0.031518925 -0.000348447 0.999999762 -0.000600098 -0.057744697 -0.000500871 0.000599924 0.999999702 1.611201763
0.999999642 0.000408133 0.000702021 0.039001469 -0.000407953 0.999999881 -0.000257039 -0.069365300 -0.000702126 0.000256752 0.999999702 1.810279608
0.999999464 -0.001022530 0.000279074 0.023508620 0.001022038 0.999997914 0.001758794 -0.088736951 -0.000280872 -0.001758508 0.999998391 1.954870701
0.999999523 -0.000657522 0.000775585 0.026963154 0.000656325 0.999998569 0.001543701 -0.093230225 -0.000776598 -0.001543191 0.999998510 2.179678917
0.999999702 -0.000097932 0.000842291 0.024970897 0.000096593 0.999998748 0.001589466 -0.095625937 -0.000842446 -0.001589384 0.999998391 2.389278889
0.999999404 -0.001061729 0.000243571 0.035958707 0.001061294 0.999997854 0.001776682 -0.110528044 -0.000245457 -0.001776423 0.999998331 2.650215864
0.999999464 -0.000941049 0.000406614 0.040084995 0.000940204 0.999997377 0.002071945 -0.115667798 -0.000408563 -0.002071562 0.999997854 2.881927013
0.999999523 -0.000920559 0.000401798 0.046244569 0.000919788 0.999997795 0.001914258 -0.120547317 -0.000403559 -0.001913887 0.999998033 3.125067234
0.999999106 -0.001306252 0.000535234 0.039911952 0.001305195 0.999997199 0.001970579 -0.126002803 -0.000537806 -0.001969879 0.999997914 3.350072861
0.999999344 -0.000999834 0.000534208 0.050851014 0.000998930 0.999998093 0.001690472 -0.137154639 -0.000535898 -0.001689938 0.999998450 3.615260363
0.999999702 -0.000667690 0.000504638 0.055228777 0.000666836 0.999998391 0.001689626 -0.141306102 -0.000505765 -0.001689289 0.999998450 3.863413334
0.999999106 -0.001281159 0.000287041 0.067493759 0.001280610 0.999997377 0.001904463 -0.149222702 -0.000289480 -0.001904094 0.999998152 4.140912533
0.999999642 -0.000268404 0.000757853 0.061020151 0.000266834 0.999997795 0.002070514 -0.157264858 -0.000758407 -0.002070312 0.999997556 4.396933079
0.999999046 -0.001307483 0.000334117 0.066898450 0.001306753 0.999996722 0.002176709 -0.176793873 -0.000336962 -0.002176271 0.999997556 4.648699760
0.999999106 -0.001011751 0.000799082 0.070716605 0.001009751 0.999996305 0.002498689 -0.185140818 -0.000801607 -0.002497880 0.999996603 4.909637928
0.999999046 -0.001156979 0.000830720 0.075450137 0.001155259 0.999997199 0.002068914 -0.187374517 -0.000833111 -0.002067952 0.999997497 5.172667980
0.999999106 -0.001017342 0.000920640 0.067831598 0.001015155 0.999996662 0.002372823 -0.199809968 -0.000923051 -0.002371886 0.999996781 5.451378345
0.999998391 -0.001756450 0.000631923 0.070583887 0.001754520 0.999993861 0.003041754 -0.235346332 -0.000637262 -0.003040639 0.999995172 5.728698730
0.999998927 -0.001245415 0.000840601 0.074500039 0.001242856 0.999994576 0.003038466 -0.241343573 -0.000844380 -0.003037418 0.999995053 6.000362396
0.999998510 -0.001287420 0.001156382 0.077579409 0.001283901 0.999994576 0.003039195 -0.249481678 -0.001160288 -0.003037705 0.999994695 6.280431747
0.999998212 -0.001337416 0.001279647 0.083861209 0.001333587 0.999994576 0.002988270 -0.261933595 -0.001283637 -0.002986558 0.999994755 6.549117565
0.999997914 -0.001811247 0.000885185 0.092304759 0.001808456 0.999993443 0.003142874 -0.274084091 -0.000890872 -0.003141267 0.999994636 6.849976540
0.999997675 -0.001835970 0.001181388 0.104740337 0.001832081 0.999993026 0.003284409 -0.275947899 -0.001187410 -0.003282237 0.999993861 7.147151470
0.999997795 -0.001873135 0.000926725 0.110826045 0.001869945 0.999992371 0.003430748 -0.287390202 -0.000933144 -0.003429007 0.999993682 7.429601669
0.999997973 -0.001765960 0.000880693 0.115481675 0.001763329 0.999993920 0.002978556 -0.308922321 -0.000885948 -0.002976997 0.999995172 7.813284397
0.999998510 -0.001573007 0.000676062 0.130465567 0.001570602 0.999992490 0.003544269 -0.322993696 -0.000681632 -0.003543203 0.999993563 8.128751755
0.999997914 -0.001705628 0.001085490 0.117800795 0.001701793 0.999992371 0.003523862 -0.323650658 -0.001091492 -0.003522007 0.999993205 8.441284180
0.999997973 -0.001847813 0.000732212 0.132494688 0.001845205 0.999992013 0.003547236 -0.335522503 -0.000738761 -0.003545878 0.999993384 8.779664040
0.999996483 -0.002618441 0.000393811 0.154655069 0.002616951 0.999989569 0.003738300 -0.343359977 -0.000403596 -0.003737256 0.999992847 9.073336601
0.999998093 -0.001768879 0.000839881 0.137760788 0.001765986 0.999992490 0.003432639 -0.352065861 -0.000845946 -0.003431149 0.999993742 9.442163467
0.999997497 -0.002136858 0.000669198 0.151192278 0.002134569 0.999991894 0.003402905 -0.357892811 -0.000676464 -0.003401468 0.999993980 9.787861824
0.999997795 -0.001969075 0.000739933 0.153043002 0.001966594 0.999992490 0.003337536 -0.358701229 -0.000746499 -0.003336073 0.999994099 10.136174202
0.999997258 -0.002226059 0.000771667 0.165869623 0.002223210 0.999990761 0.003673858 -0.373213798 -0.000779837 -0.003672132 0.999992907 10.503333092
0.999998629 -0.001433547 0.000889900 0.170872614 0.001430035 0.999991298 0.003934571 -0.385948926 -0.000895532 -0.003933293 0.999991834 10.872042656
0.999998569 -0.001436989 0.000924108 0.172251165 0.001433126 0.999990344 0.004166779 -0.407292634 -0.000930087 -0.004165449 0.999990880 11.262462616
0.999996901 -0.002467407 0.000394343 0.193039581 0.002465700 0.999987841 0.004273809 -0.421564490 -0.000404884 -0.004272823 0.999990761 11.619339943
0.999994695 -0.003248232 0.000217647 0.207505643 0.003247292 0.999985993 0.004186227 -0.426139593 -0.000231242 -0.004185498 0.999991119 12.007585526
0.999995410 -0.003009725 0.000380482 0.214237869 0.003007989 0.999985456 0.004484100 -0.436156213 -0.000393972 -0.004482936 0.999989808 12.387860298
0.999998093 -0.001464171 0.001320544 0.204718024 0.001458013 0.999988198 0.004651829 -0.450579405 -0.001327339 -0.004649894 0.999988317 12.763656616
0.999996960 -0.002408216 0.000518767 0.234307721 0.002405658 0.999985218 0.004876161 -0.457531065 -0.000530502 -0.004874898 0.999987960 13.167496681
0.999996066 -0.002783037 0.000433481 0.247820020 0.002780838 0.999983728 0.004991685 -0.468374968 -0.000447366 -0.004990459 0.999987364 13.535146713
0.999997854 -0.001887048 0.000866015 0.248366237 0.001882396 0.999984026 0.005340433 -0.493613631 -0.000876078 -0.005338791 0.999985337 13.962502480
0.999997735 -0.001832873 0.001061075 0.249399304 0.001826917 0.999982715 0.005586675 -0.520356357 -0.001071297 -0.005584724 0.999983847 14.379674911
0.999995112 -0.002954909 0.000992659 0.263292253 0.002949534 0.999981225 0.005374056 -0.534763813 -0.001008520 -0.005371103 0.999985039 14.813524246
0.999992669 -0.003759955 0.000803269 0.276016682 0.003755362 0.999977052 0.005644294 -0.545048058 -0.000824472 -0.005641237 0.999983728 15.229459763
0.999996006 -0.002097576 0.001916306 0.273515940 0.002085756 0.999978840 0.006149496 -0.562764764 -0.001929165 -0.006145475 0.999979317 15.601358414
0.999993026 -0.003168164 0.001997300 0.304535896 0.003155311 0.999974549 0.006405792 -0.581288457 -0.002017543 -0.006399446 0.999977529 16.054216385
0.999997258 -0.001896342 0.001390614 0.319543123 0.001888021 0.999980450 0.005960402 -0.591056347 -0.001401891 -0.005957760 0.999981225 16.516380310
0.999995530 -0.002447757 0.001698182 0.330189228 0.002438979 0.999983728 0.005152054 -0.592011511 -0.001710766 -0.005147889 0.999985278 16.981576920
0.999996424 -0.001936672 0.001862349 0.342888653 0.001927265 0.999985456 0.005040159 -0.596050680 -0.001872083 -0.005036552 0.999985576 17.442617416
0.999995828 -0.002046952 0.002025534 0.351905555 0.002036063 0.999983490 0.005363367 -0.614683449 -0.002036480 -0.005359221 0.999983609 17.892173767
0.999994218 -0.002847907 0.001834285 0.377259105 0.002837369 0.999979556 0.005722444 -0.616242051 -0.001850544 -0.005717207 0.999981940 18.360586166
0.999993622 -0.002090388 0.002889590 0.380946100 0.002073277 0.999980330 0.005912228 -0.630456567 -0.002901892 -0.005906199 0.999978364 18.842975616
0.999995112 -0.002045356 0.002353039 0.398240715 0.002031790 0.999981344 0.005753324 -0.639746249 -0.002364763 -0.005748514 0.999980688 19.313060760
0.999994636 -0.002153081 0.002455907 0.405099273 0.002138451 0.999980032 0.005944255 -0.652118683 -0.002468657 -0.005938971 0.999979377 19.728790283
0.999990582 -0.003930313 0.001847073 0.415707648 0.003918376 0.999971688 0.006422572 -0.698791742 -0.001872263 -0.006415274 0.999977589 20.220787048
0.999988735 -0.004410720 0.001744178 0.418995649 0.004399455 0.999969780 0.006410790 -0.710962057 -0.001772402 -0.006403045 0.999977827 20.720649719
0.999988496 -0.004526762 0.001582628 0.432134539 0.004515481 0.999964893 0.007060661 -0.732520461 -0.001614535 -0.007053433 0.999973834 21.226430893
0.999991238 -0.003817576 0.001746906 0.438993216 0.003804717 0.999966085 0.007306061 -0.760004580 -0.001774738 -0.007299350 0.999971807 21.753801346
0.999991477 -0.003939048 0.001198409 0.419972897 0.003930384 0.999966800 0.007148208 -0.770034552 -0.001226526 -0.007143438 0.999973714 22.235023499
0.999995351 -0.002927301 0.000864405 0.485498309 0.002920289 0.999963701 0.008005749 -0.791005850 -0.000887809 -0.008003187 0.999967575 22.709514618
0.999984324 -0.005595834 0.000045172 0.422121197 0.005595293 0.999952316 0.008006324 -0.818073452 -0.000089972 -0.008005946 0.999967933 23.272357941
0.999986291 -0.005195417 -0.000636140 0.424830735 0.005200447 0.999953091 0.008179727 -0.835047603 0.000593613 -0.008182923 0.999966323 23.807535172
0.999985278 -0.005337377 -0.000889198 0.430574685 0.005344326 0.999953687 0.008004909 -0.844984829 0.000846431 -0.008009545 0.999967515 24.354743958
0.999986649 -0.004799025 -0.001890874 0.442354232 0.004814849 0.999952734 0.008454717 -0.859149337 0.001850210 -0.008463708 0.999962389 24.921661377
0.999994338 -0.002805234 -0.001829508 0.459875941 0.002820492 0.999960840 0.008391657 -0.860943198 0.001805896 -0.008396771 0.999963105 25.529220581
0.999986351 -0.004634709 -0.002407268 0.385563999 0.004654664 0.999954224 0.008351148 -0.935713530 0.002368453 -0.008362238 0.999962211 26.017770767
0.999979258 -0.005656327 -0.003067904 0.398736984 0.005682399 0.999947250 0.008557304 -0.947072268 0.003019340 -0.008574559 0.999958575 26.569828033
0.999956965 -0.008064024 -0.004587909 0.424067080 0.008106147 0.999924421 0.009237900 -0.945177972 0.004513068 -0.009274693 0.999946833 27.135810852
0.999976456 -0.005806196 -0.003661249 0.399238348 0.005843272 0.999930918 0.010198308 -1.003563643 0.003601783 -0.010219463 0.999941349 27.718400955
0.999988616 -0.003156292 -0.003576161 0.402988166 0.003192028 0.999944568 0.010031512 -1.015700221 0.003544300 -0.010042812 0.999943316 28.296157837
0.999973357 -0.005396772 -0.004915184 0.409839511 0.005441885 0.999942780 0.009211683 -1.013191462 0.004865190 -0.009238186 0.999945402 28.811193466
0.999972880 -0.005418329 -0.004992838 0.413519323 0.005465383 0.999940395 0.009459365 -1.032374144 0.004941287 -0.009486397 0.999942720 29.365699768
0.999965072 -0.006028611 -0.005783746 0.437551618 0.006082606 0.999937654 0.009363966 -1.039984465 0.005726935 -0.009398821 0.999939442 29.974437714
0.999956965 -0.006707890 -0.006406221 0.461692274 0.006767137 0.999934137 0.009271935 -1.041320086 0.006343602 -0.009314886 0.999936461 30.542156219
0.999941587 -0.008078529 -0.007185917 0.482979625 0.008149467 0.999917865 0.009898024 -1.065367579 0.007105365 -0.009956006 0.999925137 31.073135376
0.999963760 -0.005651565 -0.006385323 0.404003292 0.005721211 0.999923766 0.010942118 -1.147204638 0.006322996 -0.010978251 0.999919772 31.505371094
0.999965250 -0.005444436 -0.006320563 0.411765546 0.005514749 0.999922514 0.011160948 -1.163805842 0.006259307 -0.011195416 0.999917805 32.044364929
0.999956012 -0.006347213 -0.006909731 0.435040802 0.006421239 0.999921620 0.010744214 -1.180547595 0.006840994 -0.010788111 0.999918401 32.604110718
0.999962449 -0.005778477 -0.006458181 0.399755001 0.005844726 0.999929905 0.010286721 -1.141882062 0.006398288 -0.010324081 0.999926269 33.147216797
0.999960601 -0.005144742 -0.007238063 0.439472020 0.005223892 0.999926329 0.010959166 -1.184211731 0.007181148 -0.010996547 0.999913752 33.711441040
0.999952793 -0.006584638 -0.007142791 0.454549193 0.006666900 0.999910951 0.011554802 -1.205713868 0.007066071 -0.011601878 0.999907672 34.194770813
0.999942362 -0.007355803 -0.007816020 0.436991394 0.007453046 0.999894261 0.012486162 -1.260573626 0.007723349 -0.012543699 0.999891460 34.708927155
0.999943912 -0.007165983 -0.007798871 0.435968131 0.007260228 0.999900103 0.012123924 -1.262036920 0.007711213 -0.012179865 0.999896109 35.223274231
0.999940455 -0.007125720 -0.008260943 0.448367476 0.007230968 0.999892116 0.012781465 -1.283176661 0.008168974 -0.012840441 0.999884248 35.757823944
0.999947846 -0.006190429 -0.008124474 0.443288833 0.006291127 0.999903023 0.012427967 -1.298509598 0.008046751 -0.012478433 0.999889791 36.311588287
0.999961555 -0.005472324 -0.006852298 0.408583641 0.005555887 0.999909699 0.012235813 -1.308814764 0.006784720 -0.012273412 0.999901712 36.918388367
0.999964535 -0.005148948 -0.006669140 0.423072398 0.005228909 0.999913931 0.012028263 -1.316576958 0.006606633 -0.012062709 0.999905467 37.431262970
0.999948561 -0.006654843 -0.007654517 0.425975442 0.006752472 0.999895215 0.012800107 -1.331269145 0.007568533 -0.012851134 0.999888778 37.878036499
0.999957144 -0.005207915 -0.007654178 0.437373430 0.005301099 0.999911427 0.012204760 -1.329584360 0.007589939 -0.012244812 0.999896228 38.429775238
0.999943316 -0.007181566 -0.007853606 0.437177539 0.007280454 0.999893606 0.012636156 -1.349437118 0.007762023 -0.012692617 0.999889374 38.965957642
0.999941885 -0.006943414 -0.008245710 0.438330680 0.007054607 0.999883533 0.013533247 -1.361144066 0.008150782 -0.013590630 0.999874413 39.475612640
0.999951243 -0.005031366 -0.008495554 0.472861260 0.005131900 0.999916494 0.011853633 -1.337940931 0.008435206 -0.011896653 0.999893606 40.075981140
0.999943435 -0.006154403 -0.008667261 0.484902471 0.006248468 0.999921381 0.010867944 -1.321654797 0.008599693 -0.010921488 0.999903381 40.641239166
0.999938905 -0.006563850 -0.008886350 0.480518818 0.006668152 0.999908626 0.011758959 -1.356412172 0.008808353 -0.011817498 0.999891341 41.151798248
0.999938250 -0.006536840 -0.008987494 0.476115882 0.006648455 0.999900460 0.012445663 -1.379947901 0.008905244 -0.012504646 0.999882162 41.562419891
0.999930918 -0.007587167 -0.008983380 0.483696043 0.007698104 0.999893785 0.012379589 -1.390547395 0.008888501 -0.012447889 0.999882996 42.111236572
0.999933362 -0.006202109 -0.009735201 0.498988360 0.006314189 0.999913633 0.011524652 -1.388745308 0.009662883 -0.011585354 0.999886274 42.656002045
0.999928713 -0.007292329 -0.009449378 0.486451656 0.007409594 0.999895334 0.012434930 -1.412214279 0.009357709 -0.012504062 0.999878109 43.207103729
0.999932885 -0.006855195 -0.009340282 0.479105204 0.006971052 0.999898493 0.012428402 -1.419856787 0.009254135 -0.012492682 0.999879122 43.774082184
0.999943256 -0.005478501 -0.009131073 0.512085319 0.005579736 0.999922812 0.011098367 -1.406969786 0.009069566 -0.011148687 0.999896765 44.389984131
0.999909163 -0.008680646 -0.010312347 0.492211908 0.008813374 0.999877989 0.012895794 -1.449938059 0.010199144 -0.012985511 0.999863684 44.745445251
0.999911606 -0.008206302 -0.010465444 0.499627233 0.008339491 0.999883950 0.012746995 -1.457201123 0.010359624 -0.012833146 0.999863982 45.298641205
0.999907494 -0.008712152 -0.010445833 0.505166888 0.008845906 0.999878585 0.012827415 -1.464068890 0.010332809 -0.012918632 0.999863148 45.826141357
0.999908626 -0.008590865 -0.010434846 0.501963317 0.008724963 0.999879003 0.012874240 -1.476015687 0.010322984 -0.012964108 0.999862611 46.346771240
0.999910891 -0.008511199 -0.010281132 0.484779477 0.008631838 0.999893785 0.011747353 -1.468981981 0.010180055 -0.011835053 0.999878109 46.941997528
0.999895990 -0.009283482 -0.011037470 0.558702171 0.009420273 0.999878645 0.012406603 -1.511019826 0.010920953 -0.012509290 0.999862134 47.525642395
0.999919593 -0.007337361 -0.010345259 0.545336127 0.007476885 0.999880731 0.013513306 -1.520783901 0.010244872 -0.013589569 0.999855161 47.767604828
0.999919474 -0.007608000 -0.010157344 0.553145289 0.007742560 0.999881864 0.013274699 -1.534523606 0.010055149 -0.013352273 0.999860287 48.299797058
0.999919236 -0.007505782 -0.010261819 0.556233525 0.007642164 0.999882162 0.013316301 -1.543440580 0.010160659 -0.013393647 0.999858677 48.853713989
0.999915004 -0.007203973 -0.010869497 0.571195662 0.007345993 0.999887407 0.013083057 -1.541799545 0.010774024 -0.013161790 0.999855340 49.417060852
0.999914944 -0.007523343 -0.010655687 0.559360266 0.007664918 0.999882042 0.013308416 -1.558524251 0.010554305 -0.013388958 0.999854684 49.985923767
0.999937832 -0.006282755 -0.009217125 0.532123446 0.006401670 0.999895930 0.012929333 -1.560914636 0.009134934 -0.012987534 0.999873936 50.531105042
0.999920189 -0.006787657 -0.010651045 0.587515891 0.006930308 0.999885976 0.013413973 -1.570644379 0.010558780 -0.013486717 0.999853313 50.825737000
0.999914289 -0.007039515 -0.011040460 0.586885750 0.007187174 0.999884486 0.013392097 -1.579925895 0.010944912 -0.013470299 0.999849379 51.372699738
0.999921262 -0.006795350 -0.010561659 0.592669070 0.006926428 0.999898791 0.012423969 -1.575871229 0.010476165 -0.012496143 0.999867082 51.920726776
0.999915779 -0.007045739 -0.010906316 0.611454427 0.007169932 0.999909401 0.011390282 -1.569243670 0.010825076 -0.011467519 0.999875665 52.491336823
0.999929607 -0.005639342 -0.010442338 0.595415652 0.005760090 0.999916434 0.011569530 -1.586459517 0.010376222 -0.011628862 0.999878585 52.996013641
0.999918699 -0.007122258 -0.010573893 0.591281414 0.007267006 0.999879479 0.013714529 -1.621672392 0.010474941 -0.013790254 0.999849975 53.351268768
0.999912441 -0.007261253 -0.011067006 0.598304927 0.007408610 0.999883652 0.013332616 -1.625147223 0.010968909 -0.013413439 0.999849796 53.897525787
0.999919593 -0.006550166 -0.010863421 0.602683961 0.006693193 0.999890685 0.013182146 -1.633672833 0.010775890 -0.013253798 0.999854028 54.457649231
0.999907613 -0.007419154 -0.011395458 0.637985110 0.007562696 0.999891937 0.012605498 -1.624751210 0.011300705 -0.012690512 0.999855578 55.041889191
0.999902844 -0.007328547 -0.011860638 0.659734309 0.007488532 0.999880731 0.013500983 -1.634271979 0.011760281 -0.013588488 0.999838471 55.518180847
0.999906480 -0.007773744 -0.011253254 0.639849186 0.007932355 0.999868870 0.014119296 -1.671156645 0.011142018 -0.014207240 0.999836981 55.833171844
0.999909699 -0.007783198 -0.010958178 0.640966713 0.007936378 0.999870420 0.014005194 -1.677017927 0.010847751 -0.014090895 0.999841928 56.358169556
0.999908149 -0.007889414 -0.011026828 0.648959041 0.008040281 0.999873757 0.013705052 -1.689978361 0.010917308 -0.013792450 0.999845266 56.932193756
0.999906957 -0.007599944 -0.011327160 0.659919500 0.007759624 0.999870241 0.014120558 -1.694461346 0.011218372 -0.014207139 0.999836147 57.517890930
0.999912202 -0.007452522 -0.010959025 0.651409328 0.007600568 0.999879658 0.013530103 -1.684779644 0.010856871 -0.013612211 0.999848366 58.027725220
0.999902010 -0.008021828 -0.011468191 0.658813357 0.008180230 0.999870837 0.013832881 -1.717476487 0.011355746 -0.013925339 0.999838531 58.340400696
0.999912620 -0.007613156 -0.010811022 0.666517854 0.007757738 0.999880195 0.013395246 -1.726519585 0.010707745 -0.013477945 0.999851823 58.893386841
0.999913335 -0.007439110 -0.010867323 0.656689167 0.007582512 0.999883950 0.013214621 -1.726122618 0.010767753 -0.013295876 0.999853611 59.406463623
0.999900460 -0.008415035 -0.011328063 0.672819138 0.008567158 0.999872923 0.013447999 -1.735499144 0.011213457 -0.013543708 0.999845386 59.963241577
0.999896944 -0.008554781 -0.011528750 0.688377857 0.008716759 0.999862969 0.014073682 -1.747548580 0.011406771 -0.014172725 0.999834478 60.326904297
0.999905944 -0.007940654 -0.011180410 0.685663104 0.008095481 0.999870956 0.013871467 -1.756338596 0.011068819 -0.013960673 0.999841273 60.863586426
0.999901831 -0.007978783 -0.011520757 0.719267726 0.008133108 0.999876916 0.013411189 -1.758235216 0.011412336 -0.013503573 0.999843657 61.380134583
0.999898136 -0.008207656 -0.011676613 0.723954558 0.008362888 0.999876499 0.013308308 -1.746236682 0.011565941 -0.013404604 0.999843240 61.890956879
0.999897242 -0.008474551 -0.011560041 0.691707611 0.008641608 0.999857843 0.014478650 -1.796737909 0.011435699 -0.014577062 0.999828339 62.339405060
0.999906719 -0.007683333 -0.011286076 0.696347594 0.007847366 0.999863207 0.014562306 -1.800190926 0.011172647 -0.014649515 0.999830306 62.897800446
0.999896705 -0.008658038 -0.011465502 0.693803728 0.008823496 0.999856532 0.014459908 -1.809775829 0.011338663 -0.014559581 0.999829710 63.438163757
0.999901593 -0.007896887 -0.011593329 0.705410480 0.008056778 0.999872148 0.013810249 -1.819421768 0.011482790 -0.013902294 0.999837399 63.970836639
0.999888062 -0.008897848 -0.012028546 0.720640063 0.009051261 0.999877572 0.012760367 -1.781226993 0.011913538 -0.012867814 0.999846220 64.409713745
0.999885321 -0.009259757 -0.011978946 0.721009135 0.009431821 0.999852002 0.014388120 -1.820395947 0.011843943 -0.014499452 0.999824703 64.807319641
0.999884069 -0.009492001 -0.011903452 0.721595764 0.009654953 0.999859452 0.013707758 -1.824527264 0.011771664 -0.013821096 0.999835193 65.356124878
0.999896288 -0.008168979 -0.011859071 0.733161449 0.008335338 0.999866605 0.014047092 -1.839249015 0.011742737 -0.014144485 0.999830961 65.891792297
0.999891341 -0.008587651 -0.011977342 0.753674090 0.008751681 0.999867737 0.013710523 -1.835891366 0.011858013 -0.013813859 0.999834239 66.401954651
0.999891400 -0.009355560 -0.011384695 0.744003117 0.009507704 0.999865174 0.013383888 -1.839620590 0.011257944 -0.013490676 0.999845624 66.946052551
0.999891043 -0.008988651 -0.011708975 0.712078273 0.009154108 0.999857903 0.014154661 -1.862320900 0.011580081 -0.014260305 0.999831200 67.349487305
0.999896944 -0.008342563 -0.011678907 0.723924220 0.008504706 0.999867201 0.013903292 -1.871961594 0.011561367 -0.014001185 0.999835193 67.885787964
0.999896646 -0.008387567 -0.011676093 0.744458795 0.008550460 0.999865890 0.013971652 -1.886476994 0.011557339 -0.014070044 0.999834239 68.398124695
0.999897242 -0.008160321 -0.011780500 0.758399963 0.008319940 0.999873340 0.013564695 -1.882466197 0.011668316 -0.013661316 0.999838591 68.890396118
0.999898553 -0.008653547 -0.011312454 0.740044534 0.008794896 0.999882996 0.012505461 -1.875869870 0.011202915 -0.012603683 0.999857843 69.476982117
0.999872446 -0.009940964 -0.012501344 0.772041082 0.010120188 0.999845862 0.014355882 -1.881581664 0.012356703 -0.014480568 0.999818802 69.795074463
0.999876142 -0.009693782 -0.012405045 0.777735531 0.009863832 0.999857247 0.013721248 -1.889249682 0.012270262 -0.013841910 0.999828875 70.342666626
0.999872565 -0.009678123 -0.012694581 0.787348032 0.009850937 0.999858677 0.013622150 -1.895995259 0.012560952 -0.013745469 0.999826610 70.916290283
0.999861181 -0.010581008 -0.012872475 0.780839860 0.010746333 0.999859869 0.012842599 -1.894069433 0.012734784 -0.012979151 0.999834657 71.477043152
0.999866724 -0.010244312 -0.012713205 0.803187430 0.010419415 0.999850750 0.013784455 -1.910967112 0.012570095 -0.013915084 0.999824107 72.057174683
0.999866784 -0.009867520 -0.012999857 0.864582360 0.010053108 0.999847412 0.014288926 -1.953900695 0.012856878 -0.014417714 0.999813437 72.421134949
0.999873340 -0.009880081 -0.012474652 0.834261656 0.010054232 0.999851704 0.013975690 -1.938988090 0.012334721 -0.014099342 0.999824524 72.766685486
0.999860823 -0.010429830 -0.013019850 0.839268863 0.010613875 0.999843538 0.014147565 -1.945673227 0.012870256 -0.014283787 0.999815166 73.298301697
0.999862134 -0.010661431 -0.012730774 0.847368956 0.010839836 0.999842823 0.014027869 -1.955886722 0.012579214 -0.014163934 0.999820590 73.833114624
0.999860048 -0.011259362 -0.012371554 0.851245522 0.011402472 0.999868155 0.011558637 -1.897330284 0.012239781 -0.011698085 0.999856651 74.316513062
0.999872029 -0.010269825 -0.012268423 0.821692467 0.010433448 0.999856472 0.013348180 -1.958611250 0.012129579 -0.013474474 0.999835670 74.828735352
0.999866068 -0.010312579 -0.012711510 0.825573146 0.010494002 0.999842763 0.014289390 -1.973673105 0.012562152 -0.014420871 0.999817133 75.372085571
0.999874890 -0.009761817 -0.012449864 0.812309921 0.009928044 0.999861419 0.013360558 -1.975856662 0.012317717 -0.013482489 0.999833286 75.967971802
0.999862134 -0.010914732 -0.012513770 0.870044827 0.011084575 0.999846280 0.013584471 -1.979844809 0.012363574 -0.013721309 0.999829471 76.386856079
0.999876678 -0.009723587 -0.012330161 0.821288943 0.009895233 0.999853849 0.013937049 -1.987859726 0.012192843 -0.014057339 0.999826789 76.882385254
0.999880195 -0.009769459 -0.012004460 0.829900384 0.009927093 0.999864399 0.013142695 -1.985344410 0.011874433 -0.013260290 0.999841511 77.447540283
0.999884248 -0.010246838 -0.011239730 0.825068474 0.010390248 0.999864399 0.012775981 -1.991754055 0.011107294 -0.012891286 0.999855220 78.024848938
0.999917686 -0.008962285 -0.009181854 0.832010448 0.009085733 0.999867678 0.013492482 -2.009373665 0.009059717 -0.013574795 0.999866843 78.439376831
0.999931693 -0.009058686 -0.007378160 0.826079488 0.009158655 0.999865115 0.013629998 -2.014791965 0.007253695 -0.013696641 0.999879897 78.990501404
0.999950409 -0.008070473 -0.005849665 0.802796483 0.008146163 0.999881864 0.013032913 -1.988327980 0.005743793 -0.013079918 0.999897897 79.504402161
0.999954164 -0.008947125 -0.003404679 0.824599683 0.008990803 0.999874532 0.013036886 -2.012938261 0.003287609 -0.013066899 0.999909222 80.001037598
0.999962509 -0.008650744 0.000178571 0.844163775 0.008647808 0.999883235 0.012600925 -2.007916927 -0.000287557 -0.012598910 0.999920547 80.550193787
0.999960840 -0.008141914 0.003465868 0.861915946 0.008099052 0.999892712 0.012207073 -2.012960911 -0.003564886 -0.012178525 0.999919474 81.085845947
0.999932647 -0.009099193 0.007209021 0.890445471 0.009013298 0.999889076 0.011859283 -2.001873016 -0.007316131 -0.011793506 0.999903679 81.613662720
0.999877691 -0.007702693 0.013610180 0.884812653 0.007538307 0.999898553 0.012088565 -2.029989481 -0.013701914 -0.011984491 0.999834239 82.193099976
0.999774992 -0.008580460 0.019396126 0.897078037 0.008329048 0.999880731 0.013005763 -2.042225838 -0.019505404 -0.012841287 0.999727309 82.566673279
0.999639809 -0.008461587 0.025468277 0.928309798 0.008107770 0.999869704 0.013963777 -2.058835030 -0.025583114 -0.013752257 0.999578118 83.096038818
0.999371707 -0.008185894 0.034482427 0.940163374 0.007749483 0.999888361 0.012770748 -2.035965919 -0.034583122 -0.012495506 0.999323785 83.691543579
0.999049127 -0.007315536 0.042978279 0.995816946 0.006767846 0.999894202 0.012875133 -2.058612108 -0.043067925 -0.012572022 0.998993039 84.213722229
0.998744845 -0.008619029 0.049339134 1.041727066 0.007971016 0.999879539 0.013315584 -2.063290596 -0.049447969 -0.012905587 0.998693287 84.730766296
0.998304129 -0.008601788 0.057575211 1.109656811 0.007851653 0.999881506 0.013242352 -2.088477612 -0.057682294 -0.012767834 0.998253345 85.171524048
0.997704685 -0.009928265 0.066983864 1.175403595 0.009064925 0.999872148 0.013180448 -2.086590290 -0.067106158 -0.012542991 0.997667015 85.716949463
0.997010291 -0.009387843 0.076695874 1.215108871 0.008399298 0.999877572 0.013201579 -2.095170975 -0.076810405 -0.012517919 0.996967077 86.225845337
0.996308327 -0.008951368 0.085379802 1.271051407 0.007886795 0.999887049 0.012797846 -2.101335526 -0.085484706 -0.012077227 0.996266246 86.769546509
0.995414972 -0.008090019 0.095307849 1.393434048 0.006870596 0.999890387 0.013115806 -2.132563114 -0.095403500 -0.012400848 0.995361388 87.201881409
0.994386375 -0.009096906 0.105417624 1.428098202 0.007686451 0.999875546 0.013778247 -2.124945641 -0.105529845 -0.012890616 0.994332492 87.700218201
0.993314624 -0.009174624 0.115073092 1.506785393 0.007636418 0.999875605 0.013800945 -2.140480995 -0.115185395 -0.012829936 0.993261158 88.236785889
0.991924584 -0.008916069 0.126514614 1.593341827 0.007214024 0.999877334 0.013905151 -2.134939671 -0.126623094 -0.012880185 0.991867125 88.793182373
0.990217268 -0.007158828 0.139350563 1.676750183 0.005259134 0.999888241 0.013995951 -2.152540684 -0.139435172 -0.013126170 0.990144253 89.348037720
0.988735437 -0.008970287 0.149404824 1.803056717 0.006968508 0.999878943 0.013916480 -2.165262222 -0.149511576 -0.012718588 0.988678217 89.890174866
0.987285733 -0.009063476 0.158696771 1.898226738 0.007002950 0.999883890 0.013538460 -2.161944389 -0.158801034 -0.012254984 0.987234473 90.463943481
0.985228479 -0.009554753 0.170978874 1.946151733 0.007303403 0.999878228 0.013791591 -2.124143124 -0.171089843 -0.012339139 0.985178173 90.878128052
0.983101606 -0.009950870 0.182790607 2.083516121 0.007575058 0.999877691 0.013691080 -2.133686543 -0.182904467 -0.012075071 0.983056486 91.415985107
0.980855882 -0.009350762 0.194510430 2.192622185 0.006883581 0.999887168 0.013356118 -2.141747952 -0.194613367 -0.011761499 0.980809510 91.945480347
0.978211641 -0.009629493 0.207386553 2.365844727 0.006801669 0.999873996 0.014344264 -2.175263882 -0.207498565 -0.012621151 0.978153884 92.430480957
0.975234926 -0.010273543 0.220932677 2.499729156 0.007209917 0.999866426 0.014668751 -2.190950155 -0.221053869 -0.012712574 0.975178778 92.918663025
0.972401440 -0.010958172 0.233056486 2.531789780 0.007918689 0.999870956 0.013973499 -2.121250868 -0.233179569 -0.011742349 0.972362757 93.391479492
0.969594538 -0.011790927 0.244433060 2.708274841 0.008604570 0.999863505 0.014099469 -2.135330200 -0.244565964 -0.011567526 0.969563723 93.884368896
0.965836644 -0.011634553 0.258890510 2.864759445 0.008234517 0.999864995 0.014213676 -2.141213179 -0.259020984 -0.011596249 0.965802073 94.397300720
0.962143242 -0.010016143 0.272360116 3.047397614 0.006520953 0.999884367 0.013735107 -2.149981976 -0.272466213 -0.011439092 0.962097406 94.912292480
0.959429443 -0.012879242 0.281654775 3.247257233 0.009304806 0.999858379 0.014024670 -2.167398930 -0.281795561 -0.010834937 0.959413350 95.390403748
0.954935193 -0.012272225 0.296560496 3.359071732 0.008196323 0.999854147 0.014983375 -2.171437502 -0.296701163 -0.011877446 0.954896450 95.906974792
0.950333893 -0.012148960 0.310995072 3.553504944 0.008006913 0.999861419 0.014591993 -2.175152779 -0.311129242 -0.011377154 0.950299501 96.424575806
0.946572840 -0.013159190 0.322221547 3.745246887 0.008905614 0.999852717 0.014671397 -2.179485559 -0.322367191 -0.011017965 0.946550608 96.919525146
0.942247689 -0.013474808 0.334645510 3.935455322 0.009052414 0.999849975 0.014771356 -2.196211815 -0.334794372 -0.010888926 0.942228317 97.418540955
0.936806083 -0.011945509 0.349644989 4.172334671 0.007245504 0.999865055 0.014747142 -2.196826220 -0.349773943 -0.011281857 0.936766207 97.985557556
0.932117879 -0.012910214 0.361924797 4.388801575 0.008181477 0.999860048 0.014595040 -2.210245132 -0.362062573 -0.010643217 0.932092965 98.520416260
0.927620411 -0.013005410 0.373297870 4.641109467 0.008223218 0.999862492 0.014400291 -2.204312325 -0.373433858 -0.010288293 0.927599788 99.065399170
0.922219276 -0.012941515 0.386450738 4.827615738 0.007778160 0.999858379 0.014921729 -2.211557865 -0.386589199 -0.010755228 0.922189295 99.365463257
0.916790724 -0.014003263 0.399122298 5.089252472 0.008589235 0.999845266 0.015350093 -2.184769154 -0.399275541 -0.010644670 0.916769207 99.919937134
0.911923885 -0.014593462 0.410099775 5.329540253 0.008918658 0.999836266 0.015747229 -2.193512440 -0.410262465 -0.010702737 0.911904693 100.409996033
0.906678736 -0.015346617 0.421542645 5.597667694 0.009694187 0.999832034 0.015548909 -2.193329334 -0.421710432 -0.010011354 0.906675339 100.932937622
0.899797678 -0.014502084 0.436066329 5.870403290 0.008830505 0.999848008 0.015030308 -2.192963362 -0.436218113 -0.009673551 0.899788976 101.474243164
0.893973351 -0.015118328 0.447864950 6.123786926 0.009526737 0.999846041 0.014735136 -2.208931208 -0.448018730 -0.008906128 0.893979907 101.896652222
0.888198376 -0.015500266 0.459198624 6.414813995 0.009411119 0.999834836 0.015546144 -2.235181808 -0.459363759 -0.009486488 0.888197601 102.366897583
0.881076217 -0.014982798 0.472737163 6.633575439 0.008701557 0.999842405 0.015470975 -2.194514036 -0.472894549 -0.009517556 0.881067634 102.823669434
0.874441206 -0.015602440 0.484880567 6.933059692 0.009331535 0.999838650 0.015344083 -2.202868938 -0.485041738 -0.008892817 0.874445796 103.281494141
