1.000000000 0.000000000 0.000000000 0.000000000 0.000000000 1.000000000 0.000000000 0.000000000 0.000000000 0.000000000 1.000000000 0.000000000
1.000000000 -0.000098826 -0.000060393 -0.000160069 0.000098833 1.000000000 0.000117439 -0.002654032 0.000060381 -0.000117445 1.000000000 -0.000263495
1.000000000 0.000067976 0.000090706 -0.002433626 -0.000067989 1.000000000 0.000153207 -0.003070255 -0.000090696 -0.000153214 1.000000000 -0.000700389
1.000000000 0.000007911 -0.000081188 0.003770482 -0.000007893 1.000000000 0.000218122 -0.002663013 0.000081190 -0.000218121 1.000000000 -0.003799055
1.000000000 -0.000012488 -0.000072603 0.002280602 0.000012500 1.000000000 0.000164254 -0.001521231 0.000072601 -0.000164255 1.000000000 -0.003351853
1.000000000 0.000003156 0.000124898 -0.001110926 -0.000003166 1.000000000 0.000077428 -0.002051945 -0.000124898 -0.000077429 1.000000000 -0.001607050
1.000000000 -0.000044856 -0.000126100 0.004233248 0.000044885 1.000000000 0.000229290 -0.003058328 0.000126089 -0.000229295 0.999999940 -0.005236632
1.000000000 0.000009692 -0.000060502 -0.000309320 -0.000009686 1.000000000 0.000094768 -0.000011709 0.000060503 -0.000094767 1.000000000 0.000108180
1.000000000 0.000042105 -0.000104928 0.003845280 -0.000042100 1.000000000 0.000043963 -0.001721722 0.000104930 -0.000043958 1.000000000 -0.006643680
1.000000000 -0.000156978 -0.000073134 0.003728173 0.000156988 1.000000000 0.000127274 -0.002796155 0.000073114 -0.000127286 1.000000000 -0.003289727
1.000000000 -0.000003708 0.000084890 -0.002016770 0.000003706 1.000000000 0.000016486 -0.001434949 -0.000084890 -0.000016486 1.000000000 -0.002228697
1.000000000 -0.000152176 -0.000123886 0.006226999 0.000152186 1.000000000 0.000086766 -0.001802470 0.000123872 -0.000086785 1.000000000 0.001211233
1.000000000 -0.000098192 -0.000004992 0.001185896 0.000098192 1.000000000 0.000117695 -0.002740521 0.000004981 -0.000117696 1.000000000 -0.004603223
1.000000000 -0.000223360 -0.000054149 0.002266210 0.000223365 1.000000000 0.000092676 -0.002402020 0.000054128 -0.000092688 1.000000000 -0.003128632
1.000000000 -0.000096545 -0.000112192 0.002980820 0.000096555 1.000000000 0.000086231 0.000502262 0.000112183 -0.000086242 1.000000000 -0.003439645
0.999999940 -0.000232914 -0.000186626 0.002951483 0.000232929 0.999999940 0.000080889 -0.001027560 0.000186607 -0.000080932 1.000000000 0.000905148
0.999999940 -0.000251088 -0.000039005 -0.000414079 0.000251092 0.999999940 0.000106580 -0.001675955 0.000038978 -0.000106589 1.000000000 -0.006133860
1.000000000 -0.000075512 -0.000064864 0.002126036 0.000075524 1.000000000 0.000180510 -0.003097791 0.000064850 -0.000180515 1.000000000 -0.007834457
0.999999940 -0.000327018 -0.000123640 0.003008388 0.000327050 0.999999940 0.000260597 -0.005095034 0.000123554 -0.000260637 0.999999940 -0.008323783
0.999999940 -0.000241955 -0.000082112 0.002590189 0.000241962 0.999999940 0.000087758 -0.003375750 0.000082091 -0.000087778 1.000000000 -0.009239716
1.000000000 -0.000050943 0.000000422 0.002689851 0.000050943 1.000000000 0.000188370 -0.004696638 -0.000000432 -0.000188370 1.000000000 -0.009130115
1.000000000 0.000070999 0.000093495 -0.000702097 -0.000071012 1.000000000 0.000136082 -0.001329863 -0.000093485 -0.000136089 1.000000000 -0.008093095
0.999999940 -0.000291584 -0.000181069 0.003809994 0.000291631 0.999999940 0.000258333 -0.004027475 0.000180993 -0.000258385 0.999999940 -0.010234553
0.999999940 -0.000344252 -0.000126109 0.001950133 0.000344287 0.999999881 0.000284793 -0.003684935 0.000126010 -0.000284837 0.999999940 -0.005555267
1.000000000 -0.000162450 -0.000151010 0.004800008 0.000162487 0.999999940 0.000242421 -0.002567580 0.000150971 -0.000242446 0.999999940 -0.011853175
1.000000000 -0.000195677 -0.000066074 0.000819897 0.000195695 0.999999940 0.000269075 -0.003582411 0.000066021 -0.000269088 0.999999940 -0.010238233
1.000000000 -0.000124928 -0.000023061 -0.001492642 0.000124931 1.000000000 0.000163645 -0.004602771 0.000023041 -0.000163648 1.000000000 -0.012075046
1.000000000 -0.000193956 -0.000048795 -0.000281881 0.000193967 0.999999940 0.000233317 -0.003434238 0.000048750 -0.000233327 1.000000000 -0.010242286
0.999999940 -0.000241401 -0.000163188 0.001541958 0.000241425 0.999999940 0.000146606 -0.000657074 0.000163152 -0.000146645 1.000000000 -0.004585246
1.000000000 -0.000033624 -0.000007652 -0.002615690 0.000033625 1.000000000 0.000124046 -0.000112319 0.000007648 -0.000124046 1.000000000 0.000724790
1.000000000 -0.000153646 -0.000015630 -0.001500907 0.000153649 1.000000000 0.000184745 -0.001929336 0.000015601 -0.000184747 1.000000000 -0.002640723
1.000000000 -0.000079361 -0.000049477 -0.002868178 0.000079373 1.000000000 0.000228971 -0.002413257 0.000049459 -0.000228975 1.000000000 -0.009170158
0.999999940 -0.000231036 -0.000116392 0.000412241 0.000231070 0.999999940 0.000293411 -0.002985610 0.000116324 -0.000293438 0.999999940 -0.010778832
1.000000000 -0.000123911 -0.000137985 -0.000412974 0.000123931 1.000000000 0.000147280 -0.002038810 0.000137967 -0.000147297 1.000000000 -0.006618890
1.000000000 -0.000184066 -0.000107721 0.000244038 0.000184072 1.000000000 0.000058487 -0.000726222 0.000107711 -0.000058506 1.000000000 -0.005907430
1.000000000 -0.000193206 -0.000034988 -0.002210888 0.000193210 1.000000000 0.000100767 -0.001298085 0.000034968 -0.000100774 1.000000000 -0.009471044
0.999999940 -0.000202172 -0.000179599 0.003834401 0.000202176 1.000000000 0.000023264 0.000745367 0.000179594 -0.000023301 1.000000000 -0.006315593
0.999999940 -0.000284819 -0.000095539 0.000293661 0.000284832 0.999999940 0.000140052 -0.000279345 0.000095499 -0.000140080 1.000000000 -0.007372234
1.000000000 -0.000033031 -0.000012019 -0.002056019 0.000033036 0.999999940 0.000398844 -0.002208004 0.000012006 -0.000398844 0.999999940 -0.009274618
0.999999940 -0.000321797 -0.000271708 0.005874050 0.000321856 0.999999940 0.000215690 -0.005168241 0.000271639 -0.000215777 0.999999940 -0.005582542
0.999999940 -0.000292195 -0.000217452 0.009814375 0.000292122 0.999999881 -0.000336463 -0.009839896 0.000217551 0.000336399 0.999999940 0.045153666
1.000000000 -0.000072401 -0.000197584 0.008279866 0.000072192 0.999999464 -0.001055660 -0.008298126 0.000197660 0.001055645 0.999999404 0.142399400
1.000000000 -0.000060839 -0.000057991 0.004382616 0.000060771 0.999999344 -0.001160259 -0.013994747 0.000058061 0.001160255 0.999999344 0.259121776
0.999999881 -0.000434823 0.000259341 -0.001712385 0.000435114 0.999999285 -0.001122746 -0.019948993 -0.000258853 0.001122859 0.999999344 0.392482698
1.000000000 0.000129871 -0.000172802 0.014653313 -0.000130073 0.999999285 -0.001167523 -0.019579491 0.000172650 0.001167546 0.999999285 0.531721354
0.999999940 0.000262281 0.000141135 0.012766009 -0.000262151 0.999999523 -0.000919792 -0.028794246 -0.000141376 0.000919755 0.999999583 0.687573135
0.999999940 -0.000278886 0.000292583 0.014937934 0.000279104 0.999999702 -0.000743855 -0.033083349 -0.000292376 0.000743937 0.999999702 0.875808120
1.000000000 -0.000159131 0.000111472 0.020426795 0.000159193 0.999999821 -0.000557130 -0.039111160 -0.000111383 0.000557148 0.999999821 1.029756427
0.999999940 0.000029448 0.000268050 0.016314046 -0.000029256 0.999999762 -0.000713900 -0.039114352 -0.000268071 0.000713892 0.999999702 1.203830838
0.999999940 0.000018210 0.000344345 0.025881913 -0.000018088 0.999999940 -0.000356177 -0.056876756 -0.000344351 0.000356170 0.999999881 1.407799125
1.000000000 0.000049665 -0.000112281 0.037287496 -0.000049700 0.999999940 -0.000315041 -0.064033821 0.000112265 0.000315047 0.999999940 1.610097766
0.999999940 0.000129143 0.000234669 0.040882040 -0.000129122 1.000000000 -0.000087890 -0.069164805 -0.000234680 0.000087860 0.999999940 1.816207051
0.999998331 -0.001697529 0.000704910 0.014855049 0.001696817 0.999998033 0.001009178 -0.087345667 -0.000706621 -0.001007980 0.999999225 2.028482676
0.999997735 -0.001835021 0.001015306 0.019240448 0.001834210 0.999997973 0.000799880 -0.095476061 -0.001016771 -0.000798016 0.999999166 2.250059128
0.999998450 -0.001712298 0.000114485 0.035710074 0.001712172 0.999997914 0.001091964 -0.102103546 -0.000116354 -0.001091766 0.999999404 2.485729694
0.999998331 -0.001819005 0.000090099 0.042879164 0.001818897 0.999997616 0.001184791 -0.111010991 -0.000092254 -0.001184625 0.999999285 2.720814228
0.999998331 -0.001708510 0.000652966 0.043640479 0.001707511 0.999997377 0.001526762 -0.116635047 -0.000655573 -0.001525645 0.999998569 2.947587967
0.999996543 -0.002616803 -0.000307717 0.063719369 0.002617158 0.999995828 0.001156470 -0.122858599 0.000304690 -0.001157272 0.999999285 3.214230061
0.999997616 -0.002180813 0.000119564 0.058176171 0.002180718 0.999997258 0.000784679 -0.126631632 -0.000121275 -0.000784416 0.999999642 3.468768597
0.999997318 -0.002320088 -0.000380785 0.068636820 0.002320481 0.999996722 0.001033095 -0.137734279 0.000378387 -0.001033975 0.999999344 3.704380512
0.999996185 -0.002710023 -0.000616152 0.084789962 0.002710808 0.999995470 0.001277008 -0.149681404 0.000612689 -0.001278673 0.999998987 3.973080873
0.999991655 -0.003812928 -0.001413246 0.098186851 0.003815599 0.999990940 0.001892376 -0.172634408 0.001406017 -0.001897753 0.999997199 4.283269405
0.999991179 -0.003925802 -0.001511964 0.098839678 0.003929515 0.999989212 0.002460571 -0.183254510 0.001502288 -0.002466491 0.999995828 4.534937382
0.999991298 -0.003897773 -0.001520972 0.104068719 0.003901554 0.999989331 0.002490630 -0.190339103 0.001511248 -0.002496542 0.999995649 4.793210983
0.999991298 -0.003886204 -0.001515839 0.118742950 0.003889659 0.999989867 0.002283258 -0.191423357 0.001506950 -0.002289135 0.999996185 5.057814121
0.999993503 -0.003494053 -0.000765102 0.104606390 0.003495625 0.999991715 0.002064084 -0.204520062 0.000757883 -0.002066746 0.999997556 5.306408405
0.999989808 -0.004138782 -0.001813134 0.108175755 0.004143553 0.999987960 0.002635873 -0.225639999 0.001802203 -0.002643359 0.999994874 5.612341881
0.999993145 -0.003458456 -0.001359580 0.110088393 0.003461927 0.999990702 0.002559086 -0.225829184 0.001350716 -0.002563775 0.999995768 5.884344101
0.999991059 -0.003947272 -0.001521522 0.113018759 0.003952314 0.999986649 0.003324217 -0.246759415 0.001508381 -0.003330201 0.999993265 6.130056858
0.999990106 -0.004151271 -0.001620534 0.121944994 0.004156306 0.999986589 0.003115804 -0.244897187 0.001607578 -0.003122509 0.999993801 6.430946350
0.999995172 -0.003101557 -0.000254740 0.105438545 0.003102266 0.999991179 0.002833604 -0.262372196 0.000245949 -0.002834381 0.999995947 6.692526817
0.999996960 -0.002467127 -0.000013732 0.104240999 0.002467153 0.999994099 0.002412629 -0.266401052 0.000007779 -0.002412656 0.999997079 6.987757206
0.999995768 -0.002897215 -0.000137304 0.111206017 0.002897468 0.999994040 0.001884530 -0.260933965 0.000131843 -0.001884920 0.999998271 7.290984631
0.999994695 -0.003233384 -0.000138266 0.120770410 0.003233686 0.999992311 0.002242907 -0.277360797 0.000131013 -0.002243343 0.999997497 7.593601227
0.999995530 -0.002984351 0.000216768 0.117171921 0.002983850 0.999993026 0.002277325 -0.285906374 -0.000223562 -0.002276668 0.999997377 7.902496815
0.999994814 -0.003197516 0.000310923 0.124497347 0.003196565 0.999990463 0.003012326 -0.313334286 -0.000320552 -0.003011318 0.999995410 8.224883080
0.999994218 -0.003395024 0.000213118 0.130141780 0.003394453 0.999990880 0.002624503 -0.317529142 -0.000222026 -0.002623765 0.999996543 8.543664932
0.999993801 -0.003510941 0.000071171 0.129511267 0.003510747 0.999990523 0.002564179 -0.322475046 -0.000080172 -0.002563914 0.999996722 8.878541946
0.999992669 -0.003811590 0.000138667 0.140354887 0.003811171 0.999988437 0.002907643 -0.331885308 -0.000149749 -0.002907094 0.999995708 9.212722778
0.999993443 -0.003580208 0.000240949 0.151349798 0.003579440 0.999988675 0.003117158 -0.344919741 -0.000252106 -0.003116275 0.999995112 9.566102028
0.999990284 -0.004354268 0.000713121 0.142969638 0.004351677 0.999984086 0.003595675 -0.371777982 -0.000728766 -0.003592537 0.999993205 9.927931786
0.999991536 -0.004117356 0.000283689 0.154074714 0.004116310 0.999985039 0.003595271 -0.378733069 -0.000298488 -0.003594073 0.999993503 10.275596619
0.999995172 -0.003014726 0.000819879 0.144848228 0.003011544 0.999987960 0.003854404 -0.397848964 -0.000831489 -0.003851915 0.999992251 10.634524345
0.999993980 -0.003176747 0.001381630 0.138140023 0.003170167 0.999983668 0.004739272 -0.414888769 -0.001396663 -0.004734864 0.999987841 10.986418724
0.999991536 -0.004068527 0.000634483 0.167588025 0.004066124 0.999984741 0.003743496 -0.409136504 -0.000649704 -0.003740885 0.999992788 11.365037918
0.999994159 -0.003312722 0.000956022 0.165809929 0.003308648 0.999985576 0.004232273 -0.432341278 -0.000970028 -0.004229084 0.999990642 11.738145828
0.999988794 -0.004666721 0.000816361 0.179144248 0.004663434 0.999981225 0.003983652 -0.429905057 -0.000834936 -0.003979800 0.999991715 12.144953728
0.999991775 -0.003975212 0.000710242 0.189684823 0.003971951 0.999981821 0.004535249 -0.445808828 -0.000728258 -0.004532391 0.999989450 12.475453377
0.999992669 -0.003745870 0.000815610 0.186065376 0.003741858 0.999981284 0.004865484 -0.462224245 -0.000833820 -0.004862397 0.999987841 12.851880074
0.999988198 -0.004831784 0.000477433 0.200117558 0.004829371 0.999976158 0.004932215 -0.484653294 -0.000501253 -0.004929851 0.999987721 13.239412308
0.999988616 -0.004752778 0.000351612 0.207236841 0.004750900 0.999975383 0.005162848 -0.503054798 -0.000376141 -0.005161119 0.999986649 13.613163948
0.999991059 -0.004018625 0.001298164 0.215820223 0.004012017 0.999979198 0.005053648 -0.504792333 -0.001318446 -0.005048394 0.999986410 14.032122612
0.999994099 -0.003127375 0.001439917 0.213748544 0.003118725 0.999977291 0.005970527 -0.521292150 -0.001458556 -0.005966002 0.999981105 14.444972992
0.999987304 -0.004972648 0.000746736 0.232512832 0.004968341 0.999971628 0.005663193 -0.551804245 -0.000774876 -0.005659411 0.999983668 14.841595650
0.999988854 -0.004591133 0.001119037 0.239746630 0.004583989 0.999969602 0.006305728 -0.562007546 -0.001147953 -0.006300528 0.999979496 15.255295753
0.999984920 -0.005329341 0.001300185 0.253616512 0.005320806 0.999964833 0.006481671 -0.576351583 -0.001334682 -0.006474656 0.999978125 15.681683540
0.999990225 -0.004036167 0.001794175 0.259411991 0.004024721 0.999971807 0.006337570 -0.579896808 -0.001819703 -0.006330287 0.999978304 16.152175903
0.999988616 -0.004219941 0.002245426 0.242899328 0.004203883 0.999965966 0.007108728 -0.616753459 -0.002275348 -0.007099207 0.999972224 16.547739029
0.999983490 -0.005267211 0.002296357 0.260219038 0.005251289 0.999962449 0.006885595 -0.640601397 -0.002332539 -0.006873422 0.999973655 16.994033813
0.999983430 -0.005134256 0.002610932 0.273810416 0.005116971 0.999965250 0.006584343 -0.649452567 -0.002644647 -0.006570873 0.999974966 17.453279495
0.999984443 -0.004931662 0.002598799 0.286872149 0.004914007 0.999965131 0.006756966 -0.655990124 -0.002632031 -0.006744090 0.999973774 17.921216965
0.999984503 -0.004703020 0.002994654 0.294899464 0.004681007 0.999962270 0.007316332 -0.674266338 -0.003028950 -0.007302200 0.999968708 18.380414963
0.999981225 -0.005247489 0.003159180 0.302487850 0.005225329 0.999961972 0.006982259 -0.679709911 -0.003195698 -0.006965619 0.999970615 18.831743240
0.999983191 -0.005008083 0.002938364 0.325014174 0.004987602 0.999963462 0.006936613 -0.688330531 -0.002972997 -0.006921840 0.999971628 19.300590515
0.999981284 -0.005237525 0.003156215 0.342681825 0.005216288 0.999963939 0.006699655 -0.693651974 -0.003191191 -0.006683066 0.999972522 19.785638809
0.999985039 -0.004439673 0.003172260 0.347254574 0.004415786 0.999962151 0.007497629 -0.720408201 -0.003205427 -0.007483509 0.999966800 20.269212723
0.999984682 -0.004206505 0.003568432 0.345297009 0.004180458 0.999964774 0.007275422 -0.734514236 -0.003598911 -0.007260394 0.999967158 20.750526428
0.999977529 -0.006222838 0.002500368 0.353975296 0.006204338 0.999953806 0.007339705 -0.744505882 -0.002545926 -0.007324027 0.999969959 21.222551346
0.999976814 -0.006503026 0.002032721 0.363639981 0.006488169 0.999952793 0.007232424 -0.747825503 -0.002079658 -0.007219067 0.999971807 21.731365204
0.999975979 -0.006556596 0.002248260 0.354434460 0.006540050 0.999952018 0.007289356 -0.763491929 -0.002295946 -0.007274478 0.999970913 22.267642975
0.999977827 -0.006508846 0.001421907 0.360230744 0.006497763 0.999949455 0.007665674 -0.789873362 -0.001471729 -0.007656264 0.999969602 22.757373810
0.999976993 -0.006723020 0.000892100 0.354578644 0.006715433 0.999943376 0.008251140 -0.803034127 -0.000947521 -0.008244959 0.999965549 23.271770477
0.999958038 -0.009159037 0.000008985 0.346422464 0.009158510 0.999909997 0.009800305 -0.872967362 -0.000098746 -0.009799812 0.999951959 23.708181381
0.999956191 -0.009361994 -0.000071899 0.347510338 0.009362247 0.999907434 0.009867612 -0.884942055 -0.000020488 -0.009867852 0.999951303 24.250026703
0.999956250 -0.009308678 -0.000876553 0.358511150 0.009316840 0.999908388 0.009821099 -0.898379445 0.000785051 -0.009828839 0.999951363 24.742137909
0.999956846 -0.009164537 -0.001537514 0.368181586 0.009178776 0.999912560 0.009524609 -0.901880443 0.001450091 -0.009538310 0.999953449 25.280776978
0.999959826 -0.008774424 -0.001826782 0.368498951 0.008792173 0.999911904 0.009945839 -0.914679289 0.001739352 -0.009961498 0.999948859 25.775924683
0.999956191 -0.009074888 -0.002292946 0.378385156 0.009096227 0.999913752 0.009473181 -0.921060443 0.002206780 -0.009493624 0.999952495 26.326597214
0.999960244 -0.008611730 -0.002308194 0.383603811 0.008634739 0.999911189 0.010150735 -0.927616239 0.002220574 -0.010170262 0.999945819 26.835550308
0.999961078 -0.008465872 -0.002461039 0.392117351 0.008490734 0.999911189 0.010274431 -0.945168018 0.002373838 -0.010294927 0.999944210 27.365083694
0.999967754 -0.007572478 -0.002639153 0.397318691 0.007599195 0.999918401 0.010264633 -0.960186958 0.002561209 -0.010284359 0.999943852 27.939310074
0.999959826 -0.008318669 -0.003330914 0.398514986 0.008352570 0.999912083 0.010296494 -0.966914773 0.003244968 -0.010323903 0.999941409 28.424682617
0.999957442 -0.008267491 -0.004103842 0.408209831 0.008311525 0.999906838 0.010831228 -0.987113535 0.004013913 -0.010864875 0.999932885 28.978218079
0.999961436 -0.007936940 -0.003761448 0.407935292 0.007971874 0.999924302 0.009365458 -0.982511759 0.003686831 -0.009395083 0.999949098 29.529970169
0.999965012 -0.007588477 -0.003507695 0.384168237 0.007621801 0.999925017 0.009586822 -1.012809992 0.003434682 -0.009613222 0.999947906 30.073938370
0.999956071 -0.008066497 -0.004778800 0.455002904 0.008118246 0.999907672 0.010910384 -1.022880435 0.004690350 -0.010948701 0.999929070 30.494527817
0.999954760 -0.007936512 -0.005234139 0.471668541 0.007996863 0.999900639 0.011611958 -1.038274765 0.005141459 -0.011653288 0.999918878 31.047281265
0.999960721 -0.007168132 -0.005224467 0.470379710 0.007223399 0.999917328 0.010637313 -1.036282420 0.005147786 -0.010674632 0.999929786 31.585197449
0.999954939 -0.007821677 -0.005365532 0.465036511 0.007877979 0.999913275 0.010553723 -1.051821589 0.005282519 -0.010595518 0.999929845 32.078208923
0.999951422 -0.007908192 -0.005862355 0.474272132 0.007971064 0.999910057 0.010779788 -1.061853051 0.005776579 -0.010825994 0.999924660 32.609169006
0.999957144 -0.007167233 -0.005852829 0.460173458 0.007228939 0.999917746 0.010590766 -1.081689477 0.005776442 -0.010632620 0.999926805 33.144275665
0.999955893 -0.007534225 -0.005609872 0.464359820 0.007596634 0.999908566 0.011188062 -1.100528002 0.005525066 -0.011230187 0.999921679 33.680591583
0.999970317 -0.005821098 -0.005055668 0.464606524 0.005875696 0.999923885 0.010852465 -1.105889559 0.004992110 -0.010881849 0.999928296 34.230155945
0.999957681 -0.007255745 -0.005654574 0.462365270 0.007320355 0.999907196 0.011490472 -1.122202158 0.005570678 -0.011531380 0.999917984 34.731491089
0.999945581 -0.008334885 -0.006272290 0.471007586 0.008407471 0.999896944 0.011636458 -1.137693167 0.006174655 -0.011688559 0.999912620 35.227886200
0.999945939 -0.008503227 -0.005983621 0.467348516 0.008569752 0.999900758 0.011181519 -1.149487734 0.005887948 -0.011232192 0.999919593 35.780033112
0.999955833 -0.007020463 -0.006242695 0.482324511 0.007085369 0.999920368 0.010436623 -1.142015934 0.006168929 -0.010480394 0.999926031 36.329814911
0.999969184 -0.005745437 -0.005358386 0.483195007 0.005797483 0.999935687 0.009748781 -1.135572433 0.005302031 -0.009779545 0.999938130 36.880119324
0.999957025 -0.007352562 -0.005640749 0.494482011 0.007412819 0.999914825 0.010736702 -1.156362772 0.005561327 -0.010778055 0.999926507 37.450851440
0.999967456 -0.005994934 -0.005394205 0.504916191 0.006051334 0.999926567 0.010500991 -1.158782005 0.005330857 -0.010533289 0.999930322 38.009674072
0.999946892 -0.007842283 -0.006684204 0.495976686 0.007918376 0.999903202 0.011434454 -1.199197412 0.006593885 -0.011486773 0.999912262 38.399227142
0.999943078 -0.008271714 -0.006743730 0.502682209 0.008350655 0.999895930 0.011762897 -1.210270524 0.006645729 -0.011818543 0.999908030 38.940910339
0.999952137 -0.006407466 -0.007390383 0.563115239 0.006494297 0.999909401 0.011785532 -1.219931841 0.007314198 -0.011832966 0.999903202 39.484310150
0.999952137 -0.006601049 -0.007216076 0.558290422 0.006675186 0.999924600 0.010298476 -1.209433675 0.007147552 -0.010346153 0.999920905 40.052261353
0.999959469 -0.005875422 -0.006810823 0.557452083 0.005949680 0.999922514 0.010934512 -1.241481543 0.006746051 -0.010974592 0.999917030 40.620243073
0.999956489 -0.006221354 -0.006959270 0.566475987 0.006290284 0.999930978 0.009926956 -1.225677133 0.006897030 -0.009970301 0.999926448 41.183128357
0.999945939 -0.007011117 -0.007676563 0.581367195 0.007099487 0.999908090 0.011545649 -1.278192997 0.007594911 -0.011599526 0.999903798 41.722732544
0.999964833 -0.005085869 -0.006666637 0.571662188 0.005142544 0.999950588 0.008511906 -1.214968443 0.006623018 -0.008545890 0.999941528 42.277530670
0.999935031 -0.008566831 -0.007517030 0.540036142 0.008654325 0.999894261 0.011685241 -1.273919702 0.007416129 -0.011749539 0.999903381 42.592201233
0.999927640 -0.008925785 -0.008059198 0.547423601 0.009025870 0.999881446 0.012468943 -1.286677599 0.007946949 -0.012540785 0.999889731 43.129669189
0.999934375 -0.008564387 -0.007610990 0.560688972 0.008649920 0.999899030 0.011277196 -1.283191562 0.007513640 -0.011342291 0.999907374 43.696220398
0.999926805 -0.008700669 -0.008404512 0.603005528 0.008787576 0.999907672 0.010359680 -1.267432213 0.008313601 -0.010432779 0.999910951 44.296794891
0.999934852 -0.007628170 -0.008483347 0.621039867 0.007711586 0.999921799 0.009844204 -1.261363506 0.008407590 -0.009908985 0.999915481 44.833862305
0.999939144 -0.008362623 -0.007189158 0.542954087 0.008448716 0.999891877 0.012029655 -1.352907181 0.007087782 -0.012089664 0.999901772 45.256076813
0.999935031 -0.008647399 -0.007434345 0.556313038 0.008737015 0.999888539 0.012107437 -1.362553835 0.007328819 -0.012171605 0.999899030 45.805683136
0.999942303 -0.007727774 -0.007461628 0.553228140 0.007818337 0.999895155 0.012185091 -1.380150080 0.007366681 -0.012242726 0.999897897 46.379238129
0.999941051 -0.007528313 -0.007829159 0.564384580 0.007622540 0.999898016 0.012076129 -1.390742779 0.007737449 -0.012135094 0.999896407 46.910037994
0.999929011 -0.007990319 -0.008840110 0.620313048 0.008095560 0.999896049 0.011933803 -1.383599520 0.008743836 -0.012004521 0.999889672 47.468765259
0.999933898 -0.008297697 -0.007964964 0.597283542 0.008396409 0.999887407 0.012440897 -1.424364567 0.007860836 -0.012506952 0.999890864 48.038887024
0.999942005 -0.007822178 -0.007398964 0.553320169 0.007914801 0.999889731 0.012573176 -1.424787998 0.007299799 -0.012631011 0.999893546 48.381931305
0.999943197 -0.007918517 -0.007134251 0.563353419 0.008008051 0.999888420 0.012609948 -1.433848619 0.007033603 -0.012666363 0.999895036 48.930709839
0.999935150 -0.008481652 -0.007608604 0.571310759 0.008574773 0.999887645 0.012290994 -1.439118743 0.007503503 -0.012355438 0.999895573 49.490596771
0.999937952 -0.007951129 -0.007802634 0.580165744 0.008045379 0.999894142 0.012123168 -1.444125414 0.007705416 -0.012185190 0.999896109 50.065376282
0.999937654 -0.008205028 -0.007577474 0.574869871 0.008301949 0.999882996 0.012849041 -1.463768482 0.007471159 -0.012911147 0.999888718 50.424011230
0.999941945 -0.007408148 -0.007823458 0.569800138 0.007512302 0.999882460 0.013368648 -1.472751617 0.007723500 -0.013426644 0.999880016 50.963401794
0.999946058 -0.007663331 -0.007015129 0.568588018 0.007745842 0.999900341 0.011811244 -1.471767545 0.006923915 -0.011864947 0.999905586 51.506427765
0.999943078 -0.008136732 -0.006907533 0.583146095 0.008223312 0.999886811 0.012599659 -1.481827617 0.006804231 -0.012655742 0.999896765 52.047977448
0.999940515 -0.007986316 -0.007425323 0.575643539 0.008085848 0.999876499 0.013472452 -1.513704538 0.007316810 -0.013531690 0.999881685 52.494316101
0.999943495 -0.007834645 -0.007189230 0.580488920 0.007928573 0.999882400 0.013130956 -1.518320560 0.007085507 -0.013187214 0.999888003 53.026062012
0.999941409 -0.007863664 -0.007443158 0.567072332 0.007961797 0.999880552 0.013247631 -1.523551464 0.007338094 -0.013306116 0.999884546 53.547790527
0.999935746 -0.007996443 -0.008029512 0.616466880 0.008100395 0.999882698 0.012998519 -1.535819054 0.007924629 -0.013062726 0.999883294 54.064792633
0.999942005 -0.007614254 -0.007615670 0.589192152 0.007712875 0.999885619 0.013005493 -1.535780907 0.007515771 -0.013063479 0.999886453 54.582283020
0.999949813 -0.007184553 -0.006992246 0.604582429 0.007275615 0.999887884 0.013086130 -1.553794384 0.006897445 -0.013136346 0.999889851 55.113422394
0.999948502 -0.007789648 -0.006501493 0.560828447 0.007880675 0.999869585 0.014094686 -1.582041264 0.006390852 -0.014145196 0.999879479 55.480777740
0.999951184 -0.007364948 -0.006577553 0.574913263 0.007457287 0.999872327 0.014126063 -1.580940485 0.006472675 -0.014174428 0.999878585 56.008110046
0.999952972 -0.007401545 -0.006259509 0.571543574 0.007485899 0.999879956 0.013561861 -1.595101833 0.006158380 -0.013608082 0.999888420 56.585304260
0.999957383 -0.007172186 -0.005809881 0.562538624 0.007251142 0.999880016 0.013684807 -1.607448459 0.005711035 -0.013726353 0.999889433 57.116901398
0.999950290 -0.007569467 -0.006485330 0.580727220 0.007656708 0.999879062 0.013534579 -1.601366758 0.006382097 -0.013583564 0.999887347 57.659675598
0.999945164 -0.007844885 -0.006929030 0.568490028 0.007942215 0.999868512 0.014132764 -1.620851994 0.006817250 -0.014187021 0.999876142 57.947219849
0.999948740 -0.007949675 -0.006257595 0.574690104 0.008035329 0.999872625 0.013784287 -1.629348516 0.006147218 -0.013833862 0.999885499 58.483535767
0.999936163 -0.008638804 -0.007273813 0.598237157 0.008737394 0.999868870 0.013633403 -1.637442589 0.007155083 -0.013696088 0.999880612 59.029304504
0.999934673 -0.008932768 -0.007125170 0.626483440 0.009030294 0.999864280 0.013774962 -1.667797089 0.007001154 -0.013838404 0.999879777 59.535625458
0.999943793 -0.008076234 -0.006873159 0.598499537 0.008174225 0.999863565 0.014350383 -1.648771763 0.006756326 -0.014405757 0.999873400 59.967578888
0.999947667 -0.007746800 -0.006687795 0.600974441 0.007845281 0.999859273 0.014826943 -1.664615870 0.006571993 -0.014878633 0.999867737 60.497634888
0.999943435 -0.008409133 -0.006510493 0.603429675 0.008498663 0.999867976 0.013848376 -1.668605447 0.006393181 -0.013902925 0.999882936 61.033222198
0.999944806 -0.008134232 -0.006650747 0.620229244 0.008222150 0.999877751 0.013300670 -1.657153487 0.006541744 -0.013354619 0.999889374 61.554042816
0.999944627 -0.008454006 -0.006269354 0.565095782 0.008542970 0.999861240 0.014301895 -1.682585716 0.006147576 -0.014354662 0.999878049 62.013072968
0.999945283 -0.008198791 -0.006495513 0.568875432 0.008291448 0.999862432 0.014368637 -1.690329552 0.006376814 -0.014421708 0.999875665 62.560501099
0.999940813 -0.008581644 -0.006685585 0.589848518 0.008673965 0.999865651 0.013904594 -1.688826442 0.006565362 -0.013961762 0.999880910 63.138290405
0.999943614 -0.008201932 -0.006741652 0.608960509 0.008295526 0.999867916 0.013974516 -1.696796298 0.006626144 -0.014029655 0.999879599 63.677509308
0.999935389 -0.009217134 -0.006643477 0.590938807 0.009314353 0.999847710 0.014754452 -1.721400738 0.006506472 -0.014815378 0.999869049 64.057144165
0.999939263 -0.008889634 -0.006517662 0.594487607 0.008984056 0.999852955 0.014603902 -1.730742812 0.006386881 -0.014661569 0.999872029 64.620201111
0.999945581 -0.008730530 -0.005712803 0.583105922 0.008808680 0.999865949 0.013800649 -1.725693226 0.005591551 -0.013850221 0.999888420 65.161712646
0.999949038 -0.008451582 -0.005523925 0.599074483 0.008527790 0.999866724 0.013921194 -1.731789231 0.005405533 -0.013967590 0.999887764 65.700904846
0.999937236 -0.008902721 -0.006796197 0.645151973 0.008995029 0.999866009 0.013674870 -1.732020140 0.006673543 -0.013735147 0.999883354 66.240158081
0.999938250 -0.009063778 -0.006428380 0.600937247 0.009154397 0.999857128 0.014210317 -1.765391827 0.006298663 -0.014268289 0.999878347 66.568069458
0.999933660 -0.009382809 -0.006680789 0.605988145 0.009473776 0.999861062 0.013717491 -1.757353187 0.006551153 -0.013779875 0.999883592 67.113517761
0.999941587 -0.007942198 -0.007323201 0.634063005 0.008042942 0.999872029 0.013831738 -1.784303665 0.007212409 -0.013889831 0.999877512 67.638381958
0.999921381 -0.009764550 -0.007873484 0.638302565 0.009871079 0.999858737 0.013606619 -1.778173923 0.007739509 -0.013683269 0.999876380 68.182510376
0.999936640 -0.009036721 -0.006710065 0.625540257 0.009131943 0.999856055 0.014298471 -1.798298836 0.006579887 -0.014358841 0.999875247 68.555145264
0.999931991 -0.009403669 -0.006898033 0.631524920 0.009494650 0.999866784 0.013277277 -1.795218706 0.006772259 -0.013341868 0.999888062 69.122940063
0.999942839 -0.008678587 -0.006248763 0.627576232 0.008764495 0.999865592 0.013854261 -1.816866159 0.006127688 -0.013908235 0.999884486 69.656982422
0.999927878 -0.009911178 -0.006778803 0.656646609 0.010007434 0.999847412 0.014316281 -1.830937266 0.006635877 -0.014383087 0.999874532 70.050910950
0.999929965 -0.009651634 -0.006844767 0.670364201 0.009752384 0.999842286 0.014842049 -1.857019067 0.006700438 -0.014907761 0.999866426 70.573814392
0.999937356 -0.009073130 -0.006555490 0.671869636 0.009164942 0.999858320 0.014113778 -1.838887691 0.006426505 -0.014172975 0.999878883 71.149368286
0.999921203 -0.010328268 -0.007130004 0.694410086 0.010431083 0.999839842 0.014536482 -1.846642256 0.006978726 -0.014609710 0.999868929 71.678138733
0.999931753 -0.009646289 -0.006595284 0.660943985 0.009739167 0.999851763 0.014198452 -1.848982692 0.006457344 -0.014261715 0.999877453 72.121170044
0.999932706 -0.009620380 -0.006472875 0.667142510 0.009704159 0.999867916 0.013038679 -1.843424320 0.006346582 -0.013100617 0.999894023 72.666107178
0.999942422 -0.008701601 -0.006279985 0.648161530 0.008783859 0.999874294 0.013191842 -1.858025789 0.006164408 -0.013246245 0.999893248 73.192359924
0.999902964 -0.011555843 -0.007786257 0.710897446 0.011658634 0.999843776 0.013288070 -1.857464314 0.007631486 -0.013377558 0.999881387 73.697044373
0.999926329 -0.010282648 -0.006442516 0.660656810 0.010371903 0.999848545 0.013977453 -1.878484488 0.006297814 -0.014043245 0.999881566 74.150154114
0.999926627 -0.009988916 -0.006850749 0.675173283 0.010083472 0.999852419 0.013909661 -1.887804985 0.006710796 -0.013977721 0.999879777 74.692169189
0.999922216 -0.010318772 -0.007013580 0.678614378 0.010416900 0.999846339 0.014101645 -1.897091627 0.006866990 -0.014173606 0.999875963 75.166870117
0.999906540 -0.011634222 -0.007187580 0.688259542 0.011731273 0.999838591 0.013611198 -1.886346102 0.007028064 -0.013694245 0.999881506 75.678985596
0.999932826 -0.009927810 -0.005974041 0.655132353 0.010012626 0.999846995 0.014339063 -1.884032130 0.005830772 -0.014397916 0.999879301 76.162651062
0.999924779 -0.010545505 -0.006266637 0.662993789 0.010631752 0.999846935 0.013892759 -1.887472034 0.006119172 -0.013958337 0.999883831 76.728073120
0.999930859 -0.009963494 -0.006244140 0.672077119 0.010049311 0.999853253 0.013866401 -1.899242401 0.006105067 -0.013928193 0.999884367 77.340339661
0.999941051 -0.009831618 -0.004605764 0.656921744 0.009894771 0.999854445 0.013895756 -1.890597582 0.004468476 -0.013940509 0.999892890 77.852363586
0.999945760 -0.009830459 -0.003481692 0.672995806 0.009877536 0.999856293 0.013772042 -1.913662553 0.003345807 -0.013805682 0.999899089 78.248695374
0.999937832 -0.010753139 -0.002955083 0.692915082 0.010793483 0.999843776 0.013993576 -1.923833132 0.002804146 -0.014024601 0.999897718 78.766952515
0.999943435 -0.010488968 -0.001759652 0.702828169 0.010512523 0.999847293 0.013957608 -1.924703836 0.001612983 -0.013975318 0.999901056 79.354713440
0.999952793 -0.009705459 0.000603876 0.764422774 0.009696012 0.999854147 0.014058204 -1.949873567 -0.000740228 -0.014051683 0.999900997 79.825325012
0.999934912 -0.010408237 0.004673324 0.742468178 0.010341930 0.999848545 0.013995218 -1.925268650 -0.004818280 -0.013945974 0.999891162 80.366584778
0.999929309 -0.008064338 0.008738963 0.739551544 0.007929303 0.999850333 0.015378136 -1.990247846 -0.008861669 -0.015307754 0.999843538 80.805976868
0.999884725 -0.007991195 0.012909081 0.764809191 0.007788323 0.999846578 0.015690053 -2.011870861 -0.013032483 -0.015587703 0.999793530 81.355705261
0.999793410 -0.007487265 0.018899985 0.785566866 0.007205468 0.999862492 0.014934286 -2.003702164 -0.019009201 -0.014795014 0.999709845 81.865829468
0.999682248 -0.008195424 0.023837466 0.837125301 0.007850795 0.999863803 0.014515305 -1.997388721 -0.023953177 -0.014323547 0.999610484 82.374122620
0.999518812 -0.008367139 0.029870059 0.851415515 0.007893516 0.999841750 0.015939025 -2.035300016 -0.029998697 -0.015695574 0.999426663 82.895965576
0.999215364 -0.009184219 0.038528614 0.887395859 0.008582192 0.999838889 0.015761919 -2.012242317 -0.038667165 -0.015418889 0.999133170 83.465614319
0.998865843 -0.009492465 0.046659119 0.937423468 0.008796375 0.999847293 0.015101399 -2.014580727 -0.046795338 -0.014673837 0.998796642 83.935081482
0.998489439 -0.009766897 0.054068863 0.907041073 0.008955874 0.999843955 0.015221871 -1.997712970 -0.054209102 -0.014714643 0.998421192 84.445549011
0.997947574 -0.009317307 0.063355736 0.960355282 0.008339777 0.999842346 0.015676234 -2.011229992 -0.063491806 -0.015115685 0.997867942 84.986236572
0.997263014 -0.009571226 0.073313922 1.025182247 0.008431723 0.999838948 0.015836576 -2.025650501 -0.073453702 -0.015175067 0.997183144 85.521652222
0.996581078 -0.009581148 0.082061991 1.081862926 0.008328946 0.999843836 0.015587956 -2.038259506 -0.082198523 -0.014851175 0.996505201 86.067214966
0.995990038 -0.010541853 0.088840649 1.183280945 0.009195853 0.999836743 0.015546433 -2.066372395 -0.088990048 -0.014667124 0.995924532 86.547111511
0.994887352 -0.010760554 0.100415438 1.238098145 0.009182970 0.999827206 0.016159587 -2.061091423 -0.100571975 -0.015154858 0.994814336 87.083419800
0.993877709 -0.010482417 0.109986782 1.277591705 0.008701535 0.999823272 0.016659314 -2.066340446 -0.110141970 -0.015600262 0.993793428 87.507949829
0.992792130 -0.010905827 0.119351782 1.362631798 0.009052366 0.999830008 0.016060550 -2.074635506 -0.119506642 -0.014864371 0.992722094 88.035934448
0.991400123 -0.009678941 0.130507618 1.452821732 0.007561785 0.999831736 0.016708301 -2.085731983 -0.130647406 -0.015577736 0.991306543 88.572059631
0.989705205 -0.009482892 0.142806545 1.552130699 0.007174279 0.999835193 0.016672272 -2.094896078 -0.142941102 -0.015476102 0.989610136 89.113983154
0.988188267 -0.011271735 0.152830154 1.661977768 0.008885516 0.999827802 0.016287578 -2.092542171 -0.152987421 -0.014737215 0.988118231 89.688171387
0.986657977 -0.011841413 0.162375703 1.755103111 0.009321567 0.999824047 0.016271725 -2.069797039 -0.162539810 -0.014541030 0.986594796 90.293243408
0.984623253 -0.013306813 0.174183726 1.890196800 0.010566872 0.999805450 0.016648160 -2.114806652 -0.174371392 -0.014551586 0.984572411 90.632003784
0.981930673 -0.010836637 0.188930541 1.908435822 0.007790778 0.999827504 0.016856797 -2.026901484 -0.189080641 -0.015080291 0.981845677 91.432075500
0.979830384 -0.010215190 0.199570224 2.038976669 0.007034176 0.999836743 0.016641881 -2.028521061 -0.199707672 -0.014902408 0.979742110 91.965240479
0.976968765 -0.010807864 0.213108525 2.179185867 0.007462235 0.999836028 0.016497334 -2.031959057 -0.213251889 -0.014527116 0.976889193 92.509368896
0.973817647 -0.010739223 0.227077037 2.308950424 0.007064184 0.999830723 0.016990615 -2.042129517 -0.227221042 -0.014941646 0.973728538 92.994804382
0.971045017 -0.010866435 0.238649428 2.465709686 0.006961199 0.999827743 0.017200654 -2.060460567 -0.238795251 -0.015041323 0.970953345 93.546279907
0.967760742 -0.009995785 0.251673430 2.587886810 0.005812428 0.999832392 0.017360087 -2.037768841 -0.251804799 -0.015337572 0.967656493 94.199623108
0.964098990 -0.010113574 0.265350580 2.753602982 0.005713742 0.999833226 0.017347896 -2.039524078 -0.265481770 -0.015208941 0.963995874 94.716926575
0.960412264 -0.009360401 0.278425545 2.930831909 0.004863852 0.999846458 0.016836314 -2.042678356 -0.278540403 -0.014815584 0.960310221 95.234901428
0.957474232 -0.011154918 0.288303286 3.136001587 0.006542297 0.999834776 0.016957819 -2.047146797 -0.288444817 -0.014350507 0.957388997 95.760070801
0.953215122 -0.010622744 0.302106470 3.337604523 0.005446678 0.999823689 0.017970547 -2.078674316 -0.302244127 -0.015484320 0.953104794 96.268852234
0.948094547 -0.011092963 0.317795038 3.475309372 0.005571542 0.999817431 0.018277783 -2.072798252 -0.317939728 -0.015558455 0.947983146 96.757156372
0.944104373 -0.011530276 0.329444915 3.679620743 0.005851027 0.999816775 0.018225154 -2.064966440 -0.329594702 -0.015278856 0.943998873 97.349533081
0.939559519 -0.011149543 0.342203915 3.894878387 0.005215762 0.999819756 0.018255239 -2.072298527 -0.342345744 -0.015367032 0.939448357 97.872619629
0.934470117 -0.011185623 0.355865866 4.131004333 0.004890105 0.999815285 0.018585375 -2.073576927 -0.356008053 -0.015627252 0.934352160 98.404335022
0.929737389 -0.012704692 0.368004084 4.347791672 0.006103625 0.999799013 0.019095903 -2.091971636 -0.368172765 -0.015508016 0.929628074 98.907394409
0.925200164 -0.012619295 0.379269719 4.585424423 0.006127668 0.999813437 0.018318422 -2.083920479 -0.379430175 -0.014624165 0.925104797 99.420234680
0.918764770 -0.011642537 0.394633651 4.821762085 0.004551301 0.999810934 0.018900469 -2.094473600 -0.394779116 -0.015568990 0.918644130 100.005363464
0.913400173 -0.012388369 0.406874448 5.079330444 0.005353521 0.999815881 0.018423826 -2.097138405 -0.407027811 -0.014650112 0.913298249 100.494583130
0.908527672 -0.012697066 0.417631745 5.320278168 0.005528842 0.999815941 0.018369349 -2.100468159 -0.417788088 -0.014380044 0.908430636 100.973373413
0.902866125 -0.013127973 0.429721326 5.570804596 0.005368155 0.999799967 0.019265097 -2.124388933 -0.429888308 -0.015086992 0.902756035 101.440444946
0.896226585 -0.014184534 0.443369538 5.828189850 0.006134124 0.999789417 0.019586325 -2.128185272 -0.443553925 -0.014834103 0.896124840 101.933494568
0.890101433 -0.013437734 0.455564290 6.105995178 0.005301091 0.999802828 0.019133579 -2.119298220 -0.455731630 -0.014615840 0.889997184 102.458663940
0.884117126 -0.014530902 0.467039376 6.329055786 0.006543059 0.999803305 0.018720509 -2.089074850 -0.467219561 -0.013495254 0.884038329 102.974334717
0.876300216 -0.014045335 0.481560647 6.613498688 0.005833306 0.999811053 0.018545853 -2.092088223 -0.481730133 -0.013442644 0.876216471 103.475967407
0.869780779 -0.015940180 0.493180782 6.926841736 0.007342101 0.999785542 0.019365605 -2.121523857 -0.493383706 -0.013222846 0.869711280 103.926055908
