1.000000000 0.000000000 0.000000000 0.000000000 0.000000000 1.000000000 0.000000000 0.000000000 0.000000000 0.000000000 1.000000000 0.000000000
1.000000000 0.000040391 -0.000020326 0.000028348 -0.000040392 1.000000000 -0.000029155 0.000223892 0.000020325 0.000029156 1.000000000 -0.000517573
1.000000000 0.000034243 0.000039747 -0.000644559 -0.000034245 1.000000000 0.000046096 -0.000576823 -0.000039745 -0.000046098 1.000000000 -0.000896287
1.000000000 -0.000136971 0.000083454 -0.000131162 0.000136972 1.000000000 -0.000012474 0.000385050 -0.000083452 0.000012485 1.000000000 0.000208861
1.000000000 -0.000093149 0.000051364 -0.000364217 0.000093147 1.000000000 0.000039512 -0.000170963 -0.000051367 -0.000039507 1.000000000 -0.000523935
1.000000000 -0.000034535 0.000165784 -0.001211375 0.000034542 1.000000000 -0.000043020 0.000843768 -0.000165783 0.000043026 1.000000000 -0.000009874
1.000000000 -0.000135248 0.000081754 0.000644737 0.000135251 1.000000000 -0.000038257 0.000257117 -0.000081749 0.000038268 1.000000000 0.000005764
1.000000000 -0.000007268 0.000087192 -0.000593076 0.000007260 1.000000000 0.000089124 -0.000497659 -0.000087192 -0.000089124 1.000000000 -0.000535909
1.000000000 -0.000001679 0.000022731 -0.000413965 0.000001681 1.000000000 -0.000069371 0.000171721 -0.000022731 0.000069371 1.000000000 -0.000036061
1.000000000 -0.000037482 0.000132358 -0.000697797 0.000037475 1.000000000 0.000054639 -0.000984898 -0.000132360 -0.000054634 1.000000000 -0.000358016
1.000000000 0.000057357 0.000117236 -0.001503491 -0.000057363 1.000000000 0.000057980 -0.000500857 -0.000117232 -0.000057986 1.000000000 -0.000079784
1.000000000 0.000029498 0.000131539 -0.000705388 -0.000029498 1.000000000 -0.000002698 0.000794727 -0.000131539 0.000002694 1.000000000 0.000033476
1.000000000 0.000003014 0.000024074 -0.000774005 -0.000003013 1.000000000 -0.000049098 -0.000434075 -0.000024074 0.000049098 1.000000000 -0.001098648
1.000000000 -0.000021775 0.000101381 -0.001407817 0.000021774 1.000000000 0.000011722 0.000947754 -0.000101381 -0.000011719 1.000000000 0.000758269
1.000000000 -0.000042736 0.000087950 -0.001728951 0.000042744 1.000000000 -0.000089512 0.000865738 -0.000087946 0.000089516 1.000000000 -0.000172184
1.000000000 -0.000000110 -0.000021869 0.000355788 0.000000109 1.000000000 -0.000075239 0.002181251 0.000021869 0.000075239 1.000000000 0.002182872
1.000000000 0.000064372 0.000122955 -0.001185798 -0.000064355 1.000000000 -0.000135267 0.002643025 -0.000122964 0.000135259 1.000000000 0.003143010
1.000000000 0.000104815 0.000090367 -0.001263811 -0.000104804 1.000000000 -0.000124059 0.001557993 -0.000090380 0.000124050 1.000000000 0.001583933
1.000000000 0.000130006 0.000190952 -0.002463675 -0.000129989 1.000000000 -0.000091189 0.002744146 -0.000190964 0.000091164 1.000000000 0.003398048
1.000000000 0.000044988 0.000157094 -0.001210310 -0.000044975 1.000000000 -0.000083853 0.001892469 -0.000157098 0.000083846 1.000000000 0.002246716
1.000000000 0.000121186 0.000189442 -0.001917981 -0.000121171 1.000000000 -0.000078469 0.001626065 -0.000189451 0.000078446 1.000000000 0.002394828
1.000000000 0.000161331 0.000136149 -0.002171806 -0.000161319 1.000000000 -0.000091283 0.002688228 -0.000136164 0.000091261 1.000000000 0.002491367
1.000000000 0.000109199 0.000058514 -0.000794479 -0.000109193 1.000000000 -0.000106681 0.002728372 -0.000058525 0.000106674 1.000000000 0.003692503
1.000000000 0.000127688 0.000114409 -0.001728175 -0.000127679 1.000000000 -0.000080112 0.002659091 -0.000114419 0.000080097 1.000000000 0.003457037
0.999999940 0.000314717 0.000072457 -0.001674446 -0.000314709 0.999999940 -0.000101017 0.003541202 -0.000072489 0.000100994 1.000000000 0.004431416
0.999999940 0.000250229 0.000086042 -0.001340066 -0.000250223 0.999999940 -0.000068282 0.002005239 -0.000086059 0.000068260 1.000000000 0.002131276
1.000000000 0.000074806 0.000163981 -0.001914021 -0.000074791 1.000000000 -0.000091560 0.003242017 -0.000163988 0.000091548 1.000000000 0.003902976
1.000000000 0.000128680 0.000159507 -0.001764056 -0.000128678 1.000000000 -0.000013566 0.001732629 -0.000159509 0.000013546 1.000000000 0.003040779
1.000000000 0.000107786 0.000099115 -0.001748914 -0.000107775 1.000000000 -0.000113284 0.003148557 -0.000099127 0.000113274 1.000000000 0.003148811
1.000000000 0.000115677 0.000188597 -0.002530511 -0.000115652 1.000000000 -0.000135207 0.003211314 -0.000188613 0.000135186 1.000000000 0.003811583
1.000000000 0.000080606 0.000219406 -0.001618068 -0.000080594 1.000000000 -0.000057288 0.002105366 -0.000219411 0.000057270 1.000000000 0.003518094
1.000000000 0.000084049 0.000185988 -0.001203632 -0.000084034 1.000000000 -0.000080453 0.003528275 -0.000185995 0.000080437 1.000000000 0.004329700
1.000000000 0.000189059 0.000103678 -0.000497819 -0.000189039 0.999999940 -0.000189940 0.003919650 -0.000103714 0.000189920 1.000000000 0.003929231
1.000000000 0.000085430 0.000148678 -0.001230340 -0.000085418 1.000000000 -0.000076606 0.002080135 -0.000148684 0.000076594 1.000000000 0.002731045
0.999999940 0.000220901 0.000182130 -0.002359710 -0.000220877 0.999999940 -0.000131515 0.002160996 -0.000182159 0.000131475 1.000000000 0.002356635
0.999999940 0.000224911 0.000209837 -0.001680801 -0.000224886 0.999999940 -0.000121856 0.002366523 -0.000209865 0.000121809 1.000000000 0.002212666
1.000000000 0.000119859 0.000142566 -0.001587203 -0.000119844 1.000000000 -0.000104788 0.002697007 -0.000142579 0.000104771 1.000000000 0.002630415
1.000000000 0.000194171 0.000131674 -0.001757119 -0.000194167 1.000000000 -0.000031718 0.002834616 -0.000131681 0.000031692 1.000000000 0.004080032
0.999999940 0.000242912 0.000211564 -0.001739591 -0.000242890 0.999999940 -0.000108320 0.003146357 -0.000211591 0.000108269 1.000000000 0.002714330
1.000000000 0.000170385 0.000124478 -0.000778916 -0.000170366 1.000000000 -0.000155839 0.004518462 -0.000124505 0.000155817 1.000000000 0.003892223
1.000000000 0.000032284 0.000070050 0.000021178 -0.000032275 1.000000000 -0.000133974 0.002026126 -0.000070054 0.000133972 1.000000000 0.004238557
0.999999881 0.000420851 0.000155630 0.000790977 -0.000420762 0.999999762 -0.000571869 -0.001705927 -0.000155870 0.000571804 0.999999821 0.051560424
0.999999881 0.000412971 -0.000141943 -0.002281057 -0.000413133 0.999999285 -0.001140242 -0.008698837 0.000141472 0.001140301 0.999999344 0.135267511
0.999999762 0.000524347 -0.000191418 -0.000532636 -0.000524617 0.999998868 -0.001413236 -0.011735412 0.000190676 0.001413336 0.999998987 0.249450043
0.999999762 0.000500853 -0.000184000 0.002555776 -0.000501094 0.999998987 -0.001307577 -0.014555790 0.000183345 0.001307669 0.999999166 0.381741464
0.999999762 0.000579590 0.000067306 -0.001771999 -0.000579542 0.999999523 -0.000709932 -0.023568381 -0.000067717 0.000709893 0.999999762 0.519581079
0.999999940 0.000264200 -0.000023893 0.002516341 -0.000264212 0.999999821 -0.000500402 -0.028271785 0.000023761 0.000500408 0.999999940 0.670929074
0.999999881 0.000365505 0.000119221 0.006305724 -0.000365471 0.999999881 -0.000286988 -0.031694729 -0.000119326 0.000286945 1.000000000 0.834528923
0.999999702 0.000711454 0.000228663 0.006267352 -0.000711334 0.999999523 -0.000522147 -0.033969648 -0.000229034 0.000521984 0.999999762 0.996149600
0.999999821 0.000528975 0.000093794 0.008670196 -0.000528924 0.999999642 -0.000539500 -0.039164994 -0.000094079 0.000539450 0.999999762 1.176815391
0.999999404 0.001038989 0.000312042 0.008806475 -0.001038986 0.999999464 -0.000008408 -0.046787415 -0.000312050 0.000008084 0.999999940 1.369199872
0.999998927 0.001451927 0.000080291 0.012586174 -0.001451914 0.999998927 -0.000165702 -0.048116509 -0.000080532 0.000165585 1.000000000 1.560651064
0.999999642 0.000781600 0.000142713 0.015704621 -0.000781637 0.999999642 0.000253626 -0.056737762 -0.000142514 -0.000253737 1.000000000 1.760941029
0.999999940 0.000257851 0.000316871 0.021783046 -0.000257920 0.999999940 0.000217528 -0.061005373 -0.000316815 -0.000217610 0.999999940 1.963115811
0.999999762 -0.000674059 0.000036690 0.030377340 0.000674049 0.999999702 0.000268903 -0.066730127 -0.000036871 -0.000268878 1.000000000 2.176032305
0.999999762 0.000429171 0.000527668 0.029757213 -0.000429507 0.999999702 0.000636532 -0.075775266 -0.000527394 -0.000636758 0.999999583 2.394687414
0.999999702 0.000468136 0.000604609 0.032277882 -0.000468528 0.999999702 0.000648537 -0.083739683 -0.000604305 -0.000648820 0.999999583 2.607938766
0.999999583 0.000446052 0.000742817 0.036675025 -0.000446649 0.999999583 0.000803777 -0.091617361 -0.000742458 -0.000804109 0.999999404 2.836973667
0.999999523 0.000322809 0.000847232 0.040014461 -0.000323436 0.999999642 0.000739585 -0.095743887 -0.000846993 -0.000739859 0.999999344 3.069432974
0.999999464 0.000462197 0.000922525 0.046933006 -0.000463346 0.999999046 0.001245848 -0.108025901 -0.000921949 -0.001246274 0.999998808 3.319144011
0.999999464 0.000357516 0.001007678 0.049106073 -0.000358867 0.999999046 0.001340328 -0.115326405 -0.001007198 -0.001340689 0.999998569 3.569934130
0.999999464 0.000420475 0.000939015 0.056499120 -0.000421736 0.999998987 0.001343652 -0.121006548 -0.000938449 -0.001344047 0.999998629 3.828666687
0.999998450 0.000992458 0.001419435 0.059063829 -0.000993733 0.999999225 0.000897722 -0.123400360 -0.001418543 -0.000899131 0.999998569 4.084712505
0.999998748 0.000517107 0.001524167 0.066712655 -0.000518854 0.999999225 0.001145842 -0.128236264 -0.001523573 -0.001146631 0.999998152 4.347917080
0.999998689 0.000962267 0.001326492 0.070299387 -0.000963012 0.999999404 0.000561198 -0.133399218 -0.001325951 -0.000562474 0.999998927 4.604392052
0.999998629 0.000906888 0.001326578 0.079958290 -0.000908203 0.999999046 0.000991329 -0.140079662 -0.001325678 -0.000992532 0.999998629 4.865268707
0.999997914 0.001322078 0.001549541 0.084471963 -0.001323972 0.999998391 0.001222209 -0.147138849 -0.001547923 -0.001224258 0.999998093 5.125315189
0.999997973 0.001267034 0.001547212 0.086324252 -0.001268561 0.999998689 0.000986151 -0.156008884 -0.001545960 -0.000988112 0.999998271 5.388975620
0.999997377 0.001365933 0.001844919 0.090657204 -0.001367901 0.999998450 0.001065823 -0.164368108 -0.001843460 -0.001068344 0.999997735 5.654202461
0.999998271 0.000979671 0.001562448 0.096351497 -0.000981659 0.999998689 0.001272132 -0.172641426 -0.001561200 -0.001273663 0.999997914 5.925459385
0.999998331 0.000908185 0.001564910 0.103607878 -0.000910342 0.999998569 0.001378561 -0.181500345 -0.001563656 -0.001379984 0.999997795 6.196829319
0.999998212 0.001040448 0.001579842 0.113259770 -0.001042063 0.999998868 0.001021351 -0.183747664 -0.001578777 -0.001022995 0.999998271 6.502443790
0.999997616 0.001128443 0.001866196 0.113469623 -0.001130888 0.999998510 0.001309815 -0.194331527 -0.001864715 -0.001311922 0.999997377 6.791580677
0.999998212 0.001086855 0.001563521 0.123588607 -0.001088555 0.999998748 0.001087034 -0.200965449 -0.001562338 -0.001088734 0.999998212 7.082262993
0.999998748 0.000680691 0.001406122 0.131034315 -0.000682971 0.999998391 0.001621128 -0.217025146 -0.001405017 -0.001622087 0.999997675 7.367079258
0.999997616 0.001045681 0.001885292 0.134555250 -0.001048355 0.999998569 0.001418121 -0.229016110 -0.001883806 -0.001420094 0.999997199 7.690089703
0.999997795 0.001130512 0.001783357 0.144940048 -0.001132990 0.999998450 0.001389061 -0.232291102 -0.001781784 -0.001391078 0.999997437 8.014686584
0.999996305 0.001645386 0.002168908 0.141820565 -0.001648497 0.999997616 0.001433435 -0.243911117 -0.002166545 -0.001437005 0.999996603 8.337638855
0.999996603 0.001455762 0.002132205 0.151800796 -0.001458302 0.999998152 0.001190073 -0.249766946 -0.002130469 -0.001193179 0.999996960 8.664697647
0.999996901 0.001147460 0.002218561 0.157069087 -0.001149555 0.999998808 0.000943441 -0.255846351 -0.002217476 -0.000945988 0.999997020 9.008345604
0.999997258 0.001173200 0.002064317 0.166105703 -0.001175202 0.999998868 0.000969159 -0.266986251 -0.002063178 -0.000971582 0.999997318 9.352777481
0.999996006 0.001828878 0.002161365 0.174161643 -0.001831325 0.999997675 0.001130767 -0.282796592 -0.002159291 -0.001134721 0.999997020 9.680254936
0.999996722 0.001562323 0.002005605 0.183332115 -0.001565241 0.999997735 0.001454270 -0.292811662 -0.002003329 -0.001457405 0.999996960 10.038288116
0.999996483 0.001698603 0.002000334 0.189526752 -0.001701742 0.999997318 0.001568438 -0.303565234 -0.001997665 -0.001571837 0.999996781 10.388961792
0.999996305 0.001881987 0.001948992 0.197730422 -0.001885112 0.999996901 0.001603264 -0.313599050 -0.001945969 -0.001606932 0.999996781 10.750996590
0.999997258 0.001538546 0.001776885 0.206614345 -0.001541032 0.999997914 0.001398924 -0.319765776 -0.001774729 -0.001401658 0.999997437 11.120758057
0.999997139 0.001457429 0.001894621 0.214918479 -0.001460448 0.999997675 0.001593041 -0.333152086 -0.001892295 -0.001595803 0.999996901 11.505854607
0.999995947 0.001879868 0.002099982 0.225063458 -0.001884209 0.999996066 0.002066934 -0.350298405 -0.002096088 -0.002070883 0.999995649 11.866920471
0.999995589 0.001932293 0.002230831 0.229404539 -0.001937625 0.999995291 0.002390552 -0.362629116 -0.002226201 -0.002394864 0.999994636 12.252967834
0.999994516 0.002121832 0.002590013 0.234340847 -0.002126670 0.999996006 0.001866531 -0.371936888 -0.002586043 -0.001872028 0.999994934 12.645901680
0.999994338 0.001977370 0.002711153 0.241812184 -0.001982588 0.999996185 0.001923363 -0.380155057 -0.002707340 -0.001928727 0.999994397 13.050033569
0.999993801 0.001942829 0.002911772 0.248261437 -0.001948682 0.999996066 0.002008494 -0.393978149 -0.002907859 -0.002014156 0.999993682 13.445620537
0.999993324 0.002093776 0.002980951 0.261714518 -0.002100643 0.999995291 0.002302615 -0.406670272 -0.002976116 -0.002308861 0.999992907 13.850144386
0.999992430 0.002368323 0.003062424 0.270161301 -0.002375122 0.999994695 0.002218694 -0.413611770 -0.003057152 -0.002225952 0.999992788 14.267491341
0.999991417 0.002624860 0.003202404 0.277578175 -0.002632378 0.999993682 0.002345608 -0.427704602 -0.003196227 -0.002354017 0.999992132 14.687137604
0.999990582 0.002281706 0.003696289 0.290459722 -0.002289796 0.999994934 0.002185902 -0.438493371 -0.003691284 -0.002194345 0.999990761 15.126760483
0.999991238 0.001952488 0.003708815 0.304774344 -0.001961129 0.999995291 0.002327476 -0.453027129 -0.003704254 -0.002334729 0.999990344 15.569533348
0.999988914 0.002136783 0.004204254 0.312668473 -0.002146611 0.999994934 0.002334631 -0.463625580 -0.004199245 -0.002343629 0.999988437 16.014886856
0.999985874 0.002693196 0.004605714 0.324620485 -0.002703774 0.999993682 0.002292071 -0.473044723 -0.004599513 -0.002304491 0.999986768 16.444780350
0.999981403 0.003424458 0.005049358 0.327303559 -0.003436950 0.999991119 0.002467480 -0.491414934 -0.005040863 -0.002484788 0.999984205 16.882719040
0.999982834 0.002694036 0.005204413 0.344249308 -0.002706853 0.999993265 0.002457057 -0.505211294 -0.005197758 -0.002471103 0.999983430 17.344976425
0.999982238 0.002494453 0.005410818 0.357121408 -0.002512390 0.999991357 0.003310594 -0.521035671 -0.005402513 -0.003324130 0.999979854 17.811288834
0.999984086 0.002409222 0.005095225 0.375541091 -0.002421646 0.999994099 0.002433617 -0.527321637 -0.005089333 -0.002445918 0.999984086 18.283853531
0.999982059 0.002067151 0.005623567 0.379994571 -0.002080059 0.999995291 0.002290349 -0.535906136 -0.005618806 -0.002302005 0.999981642 18.751846313
0.999979377 0.002666063 0.005855559 0.397946507 -0.002680322 0.999993503 0.002428703 -0.552248120 -0.005849046 -0.002444348 0.999979913 19.238010406
0.999978423 0.002797415 0.005937946 0.412056506 -0.002814272 0.999991953 0.002832433 -0.570801198 -0.005929975 -0.002849083 0.999978304 19.707185745
0.999982536 0.002404237 0.005397128 0.424832672 -0.002421521 0.999991894 0.003198225 -0.584517956 -0.005389395 -0.003211238 0.999980271 20.196607590
0.999980628 0.002726760 0.005600721 0.439499676 -0.002743933 0.999991477 0.003060792 -0.596011996 -0.005592328 -0.003076100 0.999979615 20.685392380
0.999981582 0.002534099 0.005518933 0.454261065 -0.002551430 0.999991834 0.003135588 -0.611493886 -0.005510943 -0.003149611 0.999979854 21.179569244
0.999984443 0.002698770 0.004870642 0.466356695 -0.002712304 0.999992430 0.002774242 -0.619650126 -0.004863119 -0.002787410 0.999984264 21.690752029
0.999985337 0.003120261 0.004419352 0.475512773 -0.003133496 0.999990642 0.002990964 -0.633818150 -0.004409978 -0.003004767 0.999985754 22.196783066
0.999987304 0.002581486 0.004329189 0.490087688 -0.002593872 0.999992549 0.002857648 -0.646048069 -0.004321780 -0.002868841 0.999986529 22.705352783
0.999990940 0.002113431 0.003727938 0.497945428 -0.002124703 0.999993145 0.003022493 -0.664188743 -0.003721525 -0.003030386 0.999988496 23.228956223
0.999992728 0.002403630 0.002952919 0.508322001 -0.002412648 0.999992430 0.003053877 -0.679424584 -0.002945557 -0.003060979 0.999990940 23.747972488
0.999997556 0.000726837 0.002065616 0.519199908 -0.000733286 0.999994814 0.003123084 -0.698190212 -0.002063335 -0.003124591 0.999992967 24.273746490
0.999996662 0.001883618 0.001833479 0.528057396 -0.001889222 0.999993503 0.003059471 -0.708544135 -0.001827704 -0.003062924 0.999993622 24.816089630
0.999995768 0.002548126 0.001412006 0.537476659 -0.002552846 0.999991119 0.003351151 -0.726924717 -0.001403455 -0.003354741 0.999993324 25.352853775
0.999996722 0.002503434 0.000523607 0.548798144 -0.002505129 0.999991477 0.003262503 -0.734739840 -0.000515435 -0.003263804 0.999994516 25.906719208
0.999996185 0.002731522 0.000265254 0.556393564 -0.002732406 0.999990463 0.003393511 -0.749671280 -0.000255982 -0.003394223 0.999994218 26.463216782
0.999996781 0.002524102 -0.000140434 0.570476174 -0.002523601 0.999990821 0.003462591 -0.765276015 0.000149173 -0.003462226 0.999993980 27.016538620
0.999995708 0.002886282 -0.000512477 0.579525352 -0.002884455 0.999989629 0.003529876 -0.782771230 0.000522659 -0.003528382 0.999993563 27.564561844
0.999993920 0.003459119 -0.000359693 0.583859861 -0.003457875 0.999988258 0.003403211 -0.795962274 0.000371461 -0.003401947 0.999994159 28.124097824
0.999990940 0.004226145 -0.000494688 0.593885899 -0.004224332 0.999984562 0.003610210 -0.812430799 0.000509938 -0.003608088 0.999993384 28.670539856
0.999990582 0.004264591 -0.000826678 0.606004655 -0.004261641 0.999984682 0.003538128 -0.825151563 0.000841754 -0.003534571 0.999993384 29.224676132
0.999991000 0.004140768 -0.000904806 0.612597883 -0.004137773 0.999986112 0.003286786 -0.834971309 0.000918403 -0.003283013 0.999994218 29.775800705
0.999990463 0.004067191 -0.001538673 0.623899162 -0.004061908 0.999985874 0.003421189 -0.848075867 0.001552566 -0.003414907 0.999992967 30.318387985
0.999989152 0.004425034 -0.001445991 0.633108318 -0.004420141 0.999984503 0.003369385 -0.863004088 0.001460878 -0.003362957 0.999993265 30.861310959
0.999987721 0.004716349 -0.001530499 0.640887439 -0.004710664 0.999982059 0.003696891 -0.881690502 0.001547907 -0.003689636 0.999992013 31.394079208
0.999984264 0.005505301 -0.001150839 0.643575847 -0.005501286 0.999978900 0.003463104 -0.891972780 0.001169880 -0.003456719 0.999993384 31.945621490
0.999988735 0.004324713 -0.001940358 0.657197475 -0.004317755 0.999984264 0.003576122 -0.908167660 0.001955793 -0.003567704 0.999991715 32.500793457
0.999986529 0.004621530 -0.002347234 0.662723362 -0.004613240 0.999983132 0.003524766 -0.922488689 0.002363484 -0.003513891 0.999991000 33.049808502
0.999988973 0.003894568 -0.002600011 0.671886981 -0.003884456 0.999984920 0.003882850 -0.941091180 0.002615094 -0.003872709 0.999989092 33.580886841
0.999987602 0.004218531 -0.002647758 0.684284210 -0.004207899 0.999983072 0.004008640 -0.958817959 0.002664624 -0.003997449 0.999988496 34.123435974
0.999985754 0.004373920 -0.003065170 0.689838111 -0.004361141 0.999981821 0.004163477 -0.968801916 0.003083325 -0.004150049 0.999986649 34.655841827
0.999984026 0.004169594 -0.003836805 0.705580056 -0.004153387 0.999982476 0.004222454 -0.989378273 0.003854344 -0.004206450 0.999983728 35.180675507
0.999983788 0.003637150 -0.004393975 0.720329404 -0.003618814 0.999984801 0.004174015 -0.996792853 0.004409090 -0.004158046 0.999981642 35.733673096
0.999982655 0.004157695 -0.004170225 0.716038346 -0.004140685 0.999983132 0.004079234 -1.014240623 0.004187114 -0.004061894 0.999983013 36.282482147
0.999982774 0.004384792 -0.003900017 0.723767281 -0.004370384 0.999983609 0.003695321 -1.023683429 0.003916156 -0.003678212 0.999985576 36.838390350
0.999983132 0.003858448 -0.004335309 0.738500655 -0.003842376 0.999985754 0.003709207 -1.037159801 0.004349559 -0.003692487 0.999983728 37.380779266
0.999980390 0.003892910 -0.004906472 0.748173237 -0.003876949 0.999987185 0.003258207 -1.048419237 0.004919092 -0.003239121 0.999982715 37.924045563
0.999979079 0.003912588 -0.005142557 0.757418215 -0.003893630 0.999985635 0.003691291 -1.065805316 0.005156925 -0.003671191 0.999979913 38.458522797
0.999978483 0.003621804 -0.005473700 0.767244220 -0.003602947 0.999987602 0.003451048 -1.076193333 0.005486130 -0.003431252 0.999979019 39.004783630
0.999980152 0.003902377 -0.004941616 0.767449141 -0.003885959 0.999986887 0.003327582 -1.088493705 0.004954536 -0.003308312 0.999982178 39.554786682
0.999979496 0.004112699 -0.004896418 0.773921728 -0.004097737 0.999986887 0.003061634 -1.100354195 0.004908945 -0.003041508 0.999983311 40.103683472
0.999980390 0.003527604 -0.005159614 0.793539643 -0.003508514 0.999987006 0.003704399 -1.124480486 0.005172616 -0.003686223 0.999979794 40.612113953
0.999978542 0.003569314 -0.005498604 0.804611444 -0.003549224 0.999987066 0.003659142 -1.136880875 0.005511594 -0.003639547 0.999978185 41.162860870
0.999977887 0.003347733 -0.005751439 0.816793680 -0.003328098 0.999988735 0.003420269 -1.149016976 0.005762824 -0.003401052 0.999977589 41.704124451
0.999979556 0.004022995 -0.004974733 0.806103230 -0.004008565 0.999987721 0.002907290 -1.155010462 0.004986368 -0.002887290 0.999983311 42.245952606
0.999978721 0.003762260 -0.005331720 0.816936553 -0.003747114 0.999988973 0.002847770 -1.167848945 0.005342375 -0.002827731 0.999981642 42.797485352
0.999979198 0.004241696 -0.004869389 0.814033747 -0.004223430 0.999984086 0.003755163 -1.195456982 0.004885239 -0.003734520 0.999981046 43.308822632
0.999974847 0.004153394 -0.005750014 0.832594395 -0.004136714 0.999987125 0.002909709 -1.200964808 0.005762026 -0.002885849 0.999979258 43.867828369
0.999974728 0.004955234 -0.005086591 0.831387639 -0.004939627 0.999983013 0.003076267 -1.215069413 0.005101748 -0.003051064 0.999982357 44.409965515
0.999972463 0.004214644 -0.006113118 0.850662112 -0.004194616 0.999985814 0.003285425 -1.226746798 0.006126879 -0.003259693 0.999975920 44.948162079
0.999974310 0.004205257 -0.005810067 0.855610847 -0.004188184 0.999986947 0.002947588 -1.239765525 0.005822387 -0.002923179 0.999978781 45.503204346
0.999974191 0.004719439 -0.005418298 0.860153019 -0.004701717 0.999983549 0.003279119 -1.253798246 0.005433686 -0.003253560 0.999979973 46.029922485
0.999975979 0.003967712 -0.005685921 0.863888621 -0.003950367 0.999987543 0.003058342 -1.270315886 0.005697985 -0.003035807 0.999979138 46.557510376
0.999975264 0.004218403 -0.005627253 0.874529123 -0.004198183 0.999984801 0.003600082 -1.282817602 0.005642354 -0.003576369 0.999977708 47.103393555
0.999972045 0.004185932 -0.006197238 0.885060310 -0.004163233 0.999984562 0.003671282 -1.299029589 0.006212513 -0.003645379 0.999974012 47.656723022
0.999973536 0.004067634 -0.006032510 0.891276002 -0.004045442 0.999985039 0.003686497 -1.315642357 0.006047415 -0.003661996 0.999975026 48.203479767
0.999974310 0.004127025 -0.005863235 0.900944948 -0.004105071 0.999984562 0.003751505 -1.326477170 0.005878627 -0.003727339 0.999975741 48.730194092
0.999971449 0.004474719 -0.006093556 0.912863553 -0.004453266 0.999983847 0.003529510 -1.336327195 0.006109252 -0.003502273 0.999975204 49.283729553
0.999975383 0.004367437 -0.005477964 0.916087985 -0.004349939 0.999985397 0.003201943 -1.355268955 0.005491869 -0.003178035 0.999979794 49.823909760
0.999972761 0.004198170 -0.006071482 0.923736572 -0.004180556 0.999987006 0.002910884 -1.361922026 0.006083622 -0.002885422 0.999977350 50.368095398
0.999970615 0.004072625 -0.006489279 0.928833961 -0.004054105 0.999987662 0.002864407 -1.380109668 0.006500865 -0.002838015 0.999974847 50.897552490
0.999974012 0.004507496 -0.005620332 0.931776762 -0.004490274 0.999985218 0.003073040 -1.393126130 0.005634100 -0.003047724 0.999979436 51.439411163
0.999972761 0.003939003 -0.006245063 0.944517672 -0.003919243 0.999987423 0.003173272 -1.407493472 0.006257483 -0.003148710 0.999975443 51.974308014
0.999972641 0.004544745 -0.005837523 0.947389960 -0.004526602 0.999984920 0.003117419 -1.422929645 0.005851601 -0.003090910 0.999978065 52.511940002
0.999975085 0.004418728 -0.005503312 0.953225613 -0.004401571 0.999985397 0.003125619 -1.436542988 0.005517041 -0.003101317 0.999979973 53.048267365
0.999973178 0.004646577 -0.005666098 0.959435701 -0.004627849 0.999983788 0.003313916 -1.451215982 0.005681404 -0.003287605 0.999978483 53.590782166
0.999974489 0.004627154 -0.005428577 0.967891753 -0.004611590 0.999985218 0.002875990 -1.465189695 0.005441804 -0.002850883 0.999981105 54.120273590
0.999972582 0.005329908 -0.005133030 0.965610266 -0.005315655 0.999981999 0.002786387 -1.478138089 0.005147789 -0.002759025 0.999982953 54.649204254
0.999973178 0.005171323 -0.005174702 0.973328948 -0.005157577 0.999983191 0.002666192 -1.489712834 0.005188402 -0.002639432 0.999983072 55.202686310
0.999974489 0.004852249 -0.005237957 0.988134742 -0.004839982 0.999985516 0.002352091 -1.496381164 0.005249294 -0.002326680 0.999983490 55.737598419
0.999975622 0.004565519 -0.005283230 0.991384387 -0.004548099 0.999984145 0.003304563 -1.513474703 0.005298233 -0.003280453 0.999980509 56.287776947
0.999973774 0.005115954 -0.005112824 0.997028470 -0.005102059 0.999983251 0.002727117 -1.528994322 0.005126690 -0.002700960 0.999983191 56.815200806
0.999973834 0.005325723 -0.004887537 1.001779079 -0.005311812 0.999981761 0.002854580 -1.543430328 0.004902650 -0.002828543 0.999983966 57.357151031
0.999976337 0.004160180 -0.005481937 1.012654901 -0.004144513 0.999987245 0.002866292 -1.560578823 0.005493794 -0.002843504 0.999980867 57.878948212
0.999976575 0.004626718 -0.005042545 1.014249325 -0.004614376 0.999986351 0.002456327 -1.570445776 0.005053843 -0.002433001 0.999984264 58.418998718
0.999974132 0.005232912 -0.004930343 1.020842791 -0.005223347 0.999984503 0.001950719 -1.576481700 0.004940474 -0.001924915 0.999985933 58.974151611
0.999974787 0.004850460 -0.005181738 1.026360989 -0.004836596 0.999984801 0.002684659 -1.600535393 0.005194683 -0.002659530 0.999982893 59.473888397
0.999976516 0.003806378 -0.005702941 1.042181253 -0.003794387 0.999990702 0.002111960 -1.608579636 0.005710926 -0.002090271 0.999981463 60.018604279
0.999976397 0.003935376 -0.005639640 1.046702862 -0.003922719 0.999989808 0.002253677 -1.620657563 0.005648452 -0.002231501 0.999981523 60.571453094
0.999974966 0.005010377 -0.004996336 1.050251007 -0.004999497 0.999985099 0.002187568 -1.636006236 0.005007222 -0.002162534 0.999985099 61.104503632
0.999975264 0.005101203 -0.004843871 1.055716276 -0.005091398 0.999984980 0.002034406 -1.643338799 0.004854175 -0.002009693 0.999986172 61.643318176
0.999976695 0.004995630 -0.004663177 1.060383320 -0.004987074 0.999985814 0.001844582 -1.656079769 0.004672326 -0.001821283 0.999987364 62.186786652
0.999977887 0.005018150 -0.004355918 1.068076849 -0.005010045 0.999985695 0.001869428 -1.675316691 0.004365236 -0.001847564 0.999988794 62.717964172
0.999976516 0.005156984 -0.004515166 1.072817802 -0.005148130 0.999984920 0.001970598 -1.686351299 0.004525259 -0.001947308 0.999987841 63.256225586
0.999975204 0.005392402 -0.004520937 1.080961227 -0.005383194 0.999983370 0.002046506 -1.709515333 0.004531897 -0.002022119 0.999987602 63.783378601
0.999975920 0.005415181 -0.004326239 1.090164542 -0.005406248 0.999983251 0.002073757 -1.720580101 0.004337396 -0.002050319 0.999988496 64.305656433
0.999976456 0.005433383 -0.004197970 1.093996286 -0.005423945 0.999982774 0.002256123 -1.734512448 0.004210156 -0.002233300 0.999988616 64.843666077
0.999979556 0.004944401 -0.004042590 1.097098827 -0.004936988 0.999986112 0.001841716 -1.746707678 0.004051639 -0.001821720 0.999990106 65.376342773
0.999979198 0.005221342 -0.003756270 1.103979111 -0.005214100 0.999984562 0.001935221 -1.762114048 0.003766316 -0.001915595 0.999991059 65.917053223
0.999977589 0.005387326 -0.003975583 1.121274233 -0.005379745 0.999983668 0.001915206 -1.777065039 0.003985836 -0.001893776 0.999990225 66.454154968
0.999979377 0.005476828 -0.003360897 1.124916434 -0.005470761 0.999983490 0.001811755 -1.786982059 0.003370764 -0.001793332 0.999992669 67.051658630
0.999976814 0.005257575 -0.004333459 1.142161965 -0.005251013 0.999985039 0.001524170 -1.803033471 0.004341408 -0.001501380 0.999989450 67.532638550
0.999975026 0.005732144 -0.004142719 1.147271633 -0.005726161 0.999982536 0.001454551 -1.817565084 0.004150984 -0.001430792 0.999990404 68.073158264
0.999975443 0.005487585 -0.004340624 1.154780626 -0.005481953 0.999984086 0.001308465 -1.832572460 0.004347736 -0.001284638 0.999989748 68.610282898
0.999974549 0.005566725 -0.004467309 1.161840558 -0.005560212 0.999983490 0.001468673 -1.850325108 0.004475410 -0.001443796 0.999988914 69.142196655
0.999975204 0.005453657 -0.004465704 1.172750592 -0.005447674 0.999984264 0.001351007 -1.865695834 0.004473001 -0.001326645 0.999989092 69.695129395
0.999977767 0.005313742 -0.004034554 1.176679492 -0.005307213 0.999984622 0.001627464 -1.881421328 0.004043142 -0.001606016 0.999990523 70.221382141
0.999976277 0.005279209 -0.004424681 1.186697960 -0.005271486 0.999984622 0.001755628 -1.894152522 0.004433882 -0.001732261 0.999988675 70.763084412
0.999979377 0.004800318 -0.004262626 1.197269797 -0.004794268 0.999987483 0.001428422 -1.910366654 0.004269430 -0.001407957 0.999989867 71.283042908
0.999978542 0.004977589 -0.004265300 1.205391169 -0.004971877 0.999986649 0.001348670 -1.926041126 0.004271956 -0.001327435 0.999989986 71.817604065
0.999978065 0.005039159 -0.004277470 1.212724686 -0.005034866 0.999986768 0.001013901 -1.940339088 0.004282522 -0.000992342 0.999990284 72.371902466
0.999978721 0.004914243 -0.004293051 1.221039772 -0.004908636 0.999987006 0.001315858 -1.956166267 0.004299463 -0.001294757 0.999989927 72.907081604
0.999978065 0.005025598 -0.004303028 1.225465298 -0.005019081 0.999986231 0.001523594 -1.970068336 0.004310627 -0.001501964 0.999989569 73.445632935
0.999977767 0.005007182 -0.004410193 1.237686992 -0.005002424 0.999986827 0.001089067 -1.985681891 0.004415589 -0.001066981 0.999989688 73.983970642
0.999977350 0.005146859 -0.004331783 1.245173335 -0.005140879 0.999985754 0.001390850 -1.998516321 0.004338880 -0.001368549 0.999989629 74.535057068
0.999974191 0.005647983 -0.004437968 1.255608439 -0.005640608 0.999982655 0.001672630 -2.017632484 0.004447339 -0.001647554 0.999988735 75.063949585
0.999974966 0.005611739 -0.004304636 1.263925433 -0.005607453 0.999983788 0.001006986 -2.031412840 0.004310217 -0.000982823 0.999990225 75.594314575
0.999975145 0.005615613 -0.004263440 1.270047188 -0.005608989 0.999983072 0.001564018 -2.052836657 0.004272150 -0.001540066 0.999989688 76.135086060
0.999975562 0.005646357 -0.004121812 1.276723623 -0.005641684 0.999983430 0.001144302 -2.062769413 0.004128204 -0.001121021 0.999990761 76.695960999
0.999972820 0.005834783 -0.004520479 1.287281871 -0.005831142 0.999982655 0.000818240 -2.075719118 0.004525174 -0.000791858 0.999989390 77.239639282
0.999976397 0.005313503 -0.004350531 1.297950268 -0.005308013 0.999985099 0.001272248 -2.086907387 0.004357228 -0.001249125 0.999989748 77.770141602
0.999978781 0.005081670 -0.004073773 1.311259389 -0.005077120 0.999986470 0.001126456 -2.105500698 0.004079442 -0.001105750 0.999991000 78.293212891
0.999975204 0.005847315 -0.003933575 1.320056438 -0.005843129 0.999982297 0.001075041 -2.116472483 0.003939792 -0.001052030 0.999991715 78.846069336
0.999977410 0.005192040 -0.004271446 1.331537247 -0.005187059 0.999985814 0.001176490 -2.133759975 0.004277492 -0.001154307 0.999990106 79.380775452
0.999977469 0.005328546 -0.004062316 1.340832114 -0.005324989 0.999985456 0.000885831 -2.148205996 0.004066977 -0.000864180 0.999991357 79.916671753
0.999979913 0.005543425 -0.003066790 1.348363638 -0.005540109 0.999984086 0.001088575 -2.165299654 0.003072776 -0.001071563 0.999994695 80.466789246
0.999983668 0.005466936 -0.001677087 1.358812332 -0.005465555 0.999984801 0.000826376 -2.179874659 0.001681579 -0.000817196 0.999998271 81.015357971
0.999987483 0.004893960 -0.000989032 1.375501037 -0.004892868 0.999987423 0.001102628 -2.193365335 0.000994417 -0.001097775 0.999998927 81.567604065
0.999983907 0.005658945 0.000282747 1.378696442 -0.005659228 0.999983430 0.001010839 -2.205313683 -0.000277023 -0.001012423 0.999999464 82.124938965
0.999976754 0.005675847 0.003779491 1.396058083 -0.005681041 0.999982953 0.001364597 -2.233070850 -0.003771681 -0.001386037 0.999991953 82.663619995
0.999960065 0.005373458 0.007139991 1.420406342 -0.005383742 0.999984503 0.001421796 -2.247158527 -0.007132241 -0.001460179 0.999973476 83.203247070
0.999931514 0.005424548 0.010374406 1.443976641 -0.005437753 0.999984443 0.001244988 -2.265742779 -0.010367492 -0.001301316 0.999945343 83.744506836
0.999892831 0.004842114 0.013818101 1.472340226 -0.004858270 0.999987543 0.001135895 -2.280567884 -0.013812426 -0.001202905 0.999903858 84.309104919
0.999780357 0.005250262 0.020286169 1.495860338 -0.005277361 0.999985278 0.001282589 -2.297283173 -0.020279136 -0.001389365 0.999793410 84.861137390
0.999641061 0.005133778 0.026295476 1.529846430 -0.005151608 0.999986470 0.000610371 -2.307309628 -0.026291983 -0.000745616 0.999654055 85.413681030
0.999468923 0.005040703 0.032194003 1.563656926 -0.005073908 0.999986649 0.000949836 -2.324647427 -0.032188784 -0.001112681 0.999481201 85.963363647
0.999186039 0.004884341 0.040042810 1.616183877 -0.004933695 0.999987304 0.001133814 -2.347305059 -0.040036749 -0.001330450 0.999197304 86.521934509
0.998798966 0.004815988 0.048758026 1.661992550 -0.004854348 0.999988019 0.000668363 -2.363512516 -0.048754212 -0.000904249 0.998810351 87.077949524
0.998446941 0.004128247 0.055557504 1.704333305 -0.004182412 0.999990821 0.000858704 -2.379608393 -0.055553455 -0.001089734 0.998455048 87.640129089
0.997877836 0.005225098 0.064905718 1.757107019 -0.005293395 0.999985576 0.000880312 -2.399649858 -0.064900190 -0.001222016 0.997891009 88.206413269
0.997249305 0.004251845 0.073997661 1.828023911 -0.004307377 0.999990523 0.000590882 -2.414294243 -0.073994450 -0.000907992 0.997258246 88.737083435
0.996496081 0.005031120 0.083487548 1.881230831 -0.005109043 0.999986708 0.000719735 -2.435458899 -0.083482817 -0.001143755 0.996508479 89.325889587
0.995855510 0.004711371 0.090827160 1.955350876 -0.004801908 0.999988258 0.000778303 -2.451675177 -0.090822421 -0.001211221 0.995866358 89.873016357
0.994901776 0.004180373 0.100761577 2.036388874 -0.004224861 0.999991059 0.000228121 -2.465176821 -0.100759715 -0.000652661 0.994910598 90.451843262
0.993759871 0.005136842 0.111422129 2.101373196 -0.005272804 0.999985695 0.000925606 -2.479411602 -0.111415781 -0.001507337 0.993772686 90.958747864
0.992743671 0.003781293 0.120190330 2.211983681 -0.003882362 0.999992251 0.000606753 -2.508567572 -0.120187119 -0.001068973 0.992750704 91.551513672
0.991260231 0.004324612 0.131849915 2.299881935 -0.004534553 0.999988914 0.001292054 -2.525458813 -0.131842852 -0.001878643 0.991268873 92.089660645
0.989454210 0.003749561 0.144797221 2.396440506 -0.003941597 0.999991834 0.001039388 -2.552076340 -0.144792154 -0.001599160 0.989460766 92.649368286
0.987846315 0.003184662 0.155400828 2.502864838 -0.003387526 0.999993742 0.001040625 -2.566597223 -0.155396551 -0.001554402 0.987850964 93.191581726
0.986171663 0.003116608 0.165697798 2.624836922 -0.003346762 0.999993801 0.001109812 -2.584079027 -0.165693343 -0.001649016 0.986175954 93.759925842
0.983966351 0.002374043 0.178338185 2.742558479 -0.002630686 0.999995828 0.001202623 -2.600997210 -0.178334594 -0.001652493 0.983968556 94.292999268
0.981609464 0.002006904 0.190889642 2.875548363 -0.002241236 0.999996960 0.001011685 -2.616181374 -0.190887094 -0.001420908 0.981610954 94.841835022
0.979555011 0.001879806 0.201167673 3.001413345 -0.002185611 0.999996841 0.001298049 -2.633708715 -0.201164588 -0.001711184 0.979555964 95.373352051
0.976852059 0.001813377 0.213908285 3.149400711 -0.002283248 0.999995530 0.001949560 -2.661190510 -0.213903770 -0.002392838 0.976851821 95.877273560
0.973649561 0.000805161 0.228048384 3.286579132 -0.000903548 0.999999523 0.000327030 -2.658970594 -0.228048056 -0.000524465 0.973649740 96.470565796
0.971033394 0.000004162 0.238943756 3.448448181 -0.000157679 0.999999702 0.000623369 -2.675094128 -0.238943681 -0.000642988 0.971033216 96.994064331
0.968269944 -0.000479631 0.249906108 3.600940704 0.000350382 0.999999762 0.000561677 -2.707041025 -0.249906316 -0.000456292 0.968269885 97.504150391
0.964807689 -0.000603647 0.262955934 3.771738052 0.000342500 0.999999344 0.001038959 -2.727568865 -0.262956381 -0.000912333 0.964807272 98.022315979
0.961216509 0.000985291 0.275792837 3.940385818 -0.001164700 0.999999166 0.000486740 -2.738764763 -0.275792122 -0.000789079 0.961216927 98.598411560
0.957987309 0.000139399 0.286810398 4.124252319 -0.000310241 0.999999762 0.000550217 -2.751889467 -0.286810309 -0.000616081 0.957987130 99.118011475
0.953572631 0.000337143 0.301163077 4.324436188 -0.000876297 0.999998271 0.001655149 -2.786146879 -0.301161945 -0.001842213 0.953571200 99.669090271
0.948994994 -0.001343341 0.315288335 4.528079987 0.001067051 0.999998868 0.001048923 -2.798537493 -0.315289438 -0.000658993 0.948995352 100.190444946
0.945049584 -0.001216595 0.326925039 4.727600098 0.001026323 0.999999225 0.000754509 -2.808785439 -0.326925695 -0.000377517 0.945050001 100.706268311
0.940499246 -0.001363626 0.339792997 4.938785553 0.000988540 0.999998629 0.001276965 -2.837966204 -0.339794308 -0.000865086 0.940499425 101.177215576
0.935373425 -0.002087956 0.353655308 5.149234772 0.001737054 0.999997616 0.001309627 -2.856658697 -0.353657216 -0.000610673 0.935374916 101.656410217
0.930517793 -0.002756002 0.366236478 5.391717911 0.002616662 0.999996185 0.000876869 -2.862371683 -0.366237521 0.000142375 0.930521429 102.205825806
0.926297903 -0.005721269 0.376748323 5.675117493 0.005969439 0.999982059 0.000508792 -2.884478807 -0.376744509 0.001777684 0.926315486 102.826705933
0.920065045 -0.005076869 0.391732723 5.906299591 0.004852283 0.999987006 0.001563281 -2.904595613 -0.391735643 0.000462478 0.920077682 103.332855225
0.914565861 -0.005778274 0.404395580 6.157047272 0.005865564 0.999982297 0.001023072 -2.915250778 -0.404394269 0.001436341 0.914583623 103.832115173
0.909665406 -0.005737953 0.415302128 6.400329590 0.005817966 0.999982476 0.001072592 -2.934525728 -0.415301025 0.001440514 0.909682930 104.306869507
0.904023290 -0.006272822 0.427437216 6.660705566 0.006487649 0.999978483 0.000953828 -2.940751076 -0.427433968 0.001910780 0.904044569 104.827728271
0.897539318 -0.006838751 0.440881371 6.932743073 0.006873551 0.999975145 0.001518095 -2.966587782 -0.440880835 0.001667871 0.897564113 105.304977417
0.891661525 -0.007371087 0.452642590 7.205657959 0.007437330 0.999970973 0.001633284 -2.980250120 -0.452641547 0.001910116 0.891690552 105.789978027
0.885824144 -0.007429440 0.463961363 7.469093323 0.007415813 0.999970734 0.001853851 -2.996632338 -0.463961631 0.001798464 0.885853529 106.256118774
0.878223598 -0.007126820 0.478197157 7.755363464 0.007089865 0.999973118 0.001882366 -3.007599115 -0.478197783 0.001737216 0.878250480 106.736114502
