1.000000000 0.000000000 0.000000000 0.000000000 0.000000000 1.000000000 0.000000000 0.000000000 0.000000000 0.000000000 1.000000000 0.000000000
1.000000000 0.000039370 -0.000039652 0.000878667 -0.000039369 1.000000000 0.000030548 0.000049649 0.000039653 -0.000030546 1.000000000 -0.003576989
1.000000000 0.000100328 0.000077032 -0.001926320 -0.000100327 1.000000000 -0.000014665 -0.000635029 -0.000077033 0.000014657 1.000000000 -0.002666812
1.000000000 -0.000019268 -0.000065625 0.004540713 0.000019271 1.000000000 0.000038588 -0.000536316 0.000065624 -0.000038590 1.000000000 -0.003279575
1.000000000 0.000001881 0.000011954 0.000782542 -0.000001881 1.000000000 0.000008665 -0.000180564 -0.000011954 -0.000008665 1.000000000 -0.002231271
1.000000000 0.000028637 0.000040112 -0.000524970 -0.000028637 1.000000000 0.000003523 -0.000162944 -0.000040112 -0.000003524 1.000000000 -0.000926979
1.000000000 0.000000815 0.000037167 0.000651950 -0.000000819 1.000000000 0.000119571 -0.000395148 -0.000037167 -0.000119571 1.000000000 -0.003120834
1.000000000 -0.000052659 0.000066247 -0.000771764 0.000052656 1.000000000 0.000056859 0.000151991 -0.000066250 -0.000056855 1.000000000 0.002781761
1.000000000 0.000050628 -0.000007030 0.000295578 -0.000050628 1.000000000 0.000028466 -0.000301892 0.000007031 -0.000028466 1.000000000 -0.004114175
1.000000000 -0.000032684 0.000056683 0.000202461 0.000032681 1.000000000 0.000056803 -0.000235195 -0.000056685 -0.000056802 1.000000000 -0.004371310
1.000000000 0.000063662 0.000039294 -0.000245802 -0.000063664 1.000000000 0.000034193 -0.000198069 -0.000039292 -0.000034196 1.000000000 -0.001704774
1.000000000 -0.000060786 0.000017838 -0.000258051 0.000060785 1.000000000 0.000021520 -0.000530810 -0.000017839 -0.000021519 1.000000000 -0.006541504
1.000000000 -0.000095970 0.000090078 -0.000142376 0.000095963 1.000000000 0.000079111 -0.000631296 -0.000090086 -0.000079102 1.000000000 -0.002311426
1.000000000 -0.000066977 0.000075412 0.000322100 0.000066970 1.000000000 0.000086654 -0.000725725 -0.000075417 -0.000086649 1.000000000 -0.004694739
1.000000000 -0.000090999 0.000064626 -0.000170183 0.000090992 1.000000000 0.000107252 -0.000378898 -0.000064636 -0.000107246 1.000000000 -0.003503205
1.000000000 -0.000144220 0.000003842 -0.000706052 0.000144220 1.000000000 0.000084266 -0.000303942 -0.000003854 -0.000084266 1.000000000 -0.004196130
1.000000000 -0.000102402 0.000020726 -0.000195082 0.000102401 1.000000000 0.000045988 -0.000128822 -0.000020731 -0.000045986 1.000000000 -0.004947057
1.000000000 0.000078014 0.000030741 0.000811641 -0.000078017 1.000000000 0.000102896 -0.001156052 -0.000030733 -0.000102898 1.000000000 -0.007540140
1.000000000 -0.000145954 -0.000001098 0.002375145 0.000145954 1.000000000 0.000134360 -0.002640582 0.000001078 -0.000134360 1.000000000 -0.007093324
1.000000000 -0.000058065 0.000017367 0.000098579 0.000058064 1.000000000 0.000049506 -0.001003178 -0.000017370 -0.000049505 1.000000000 -0.005704637
1.000000000 -0.000154339 -0.000039463 0.003156998 0.000154344 1.000000000 0.000133966 -0.003826522 0.000039442 -0.000133972 1.000000000 -0.007348930
1.000000000 -0.000061867 0.000100146 -0.001406638 0.000061861 1.000000000 0.000063112 -0.000452014 -0.000100150 -0.000063106 1.000000000 -0.002989348
1.000000000 -0.000072668 0.000023060 -0.000038152 0.000072663 1.000000000 0.000197614 -0.002487252 -0.000023075 -0.000197612 1.000000000 -0.009738015
1.000000000 -0.000199473 0.000033812 -0.000387501 0.000199467 0.999999940 0.000189322 -0.002751247 -0.000033850 -0.000189316 1.000000000 -0.006353397
1.000000000 0.000020485 0.000007381 0.000519018 -0.000020486 1.000000000 0.000118335 -0.000475651 -0.000007379 -0.000118335 1.000000000 -0.006722133
0.999999940 -0.000247815 0.000000652 0.002523080 0.000247815 0.999999940 0.000234792 -0.001703599 -0.000000710 -0.000234792 1.000000000 -0.008053115
1.000000000 -0.000007646 0.000045658 0.000439152 0.000007640 1.000000000 0.000113968 -0.002676321 -0.000045659 -0.000113968 1.000000000 -0.004503050
1.000000000 -0.000122601 0.000025014 -0.000202173 0.000122597 1.000000000 0.000137411 -0.000705352 -0.000025031 -0.000137408 1.000000000 -0.002913263
1.000000000 -0.000196736 0.000022642 -0.001101578 0.000196733 1.000000000 0.000120965 -0.000206947 -0.000022666 -0.000120960 1.000000000 -0.003858693
1.000000000 -0.000123776 0.000019901 -0.000504544 0.000123774 1.000000000 0.000105430 -0.000620523 -0.000019914 -0.000105427 1.000000000 -0.002418453
1.000000000 -0.000107667 0.000077095 -0.002120419 0.000107657 1.000000000 0.000121414 -0.000122552 -0.000077108 -0.000121406 1.000000000 -0.001318420
1.000000000 -0.000062993 0.000007978 -0.001567777 0.000062992 1.000000000 0.000118973 -0.001906962 -0.000007986 -0.000118973 1.000000000 -0.005257776
1.000000000 -0.000171730 0.000000413 0.000182592 0.000171730 0.999999940 0.000174593 -0.002741356 -0.000000443 -0.000174593 1.000000000 -0.005605198
1.000000000 0.000155986 0.000085281 -0.001177240 -0.000155993 1.000000000 0.000091001 -0.000115382 -0.000085267 -0.000091014 1.000000000 -0.001719415
1.000000000 -0.000066040 0.000028024 -0.000200250 0.000066039 1.000000000 0.000064100 -0.000553500 -0.000028029 -0.000064098 1.000000000 -0.002454329
1.000000000 -0.000107537 0.000001003 -0.000381992 0.000107537 1.000000000 0.000036082 -0.001054085 -0.000001007 -0.000036082 1.000000000 -0.004071746
1.000000000 -0.000146254 0.000005908 0.000565833 0.000146254 1.000000000 0.000049079 -0.000385506 -0.000005916 -0.000049078 1.000000000 -0.007294212
1.000000000 -0.000218382 -0.000028618 0.000944230 0.000218384 1.000000000 0.000054096 0.000076506 0.000028607 -0.000054102 1.000000000 -0.004545450
1.000000000 -0.000038897 -0.000000131 0.000017660 0.000038897 1.000000000 0.000160060 -0.000599521 0.000000125 -0.000160060 1.000000000 -0.004174621
1.000000000 -0.000206377 -0.000078525 0.002756897 0.000206388 0.999999940 0.000149257 -0.003737286 0.000078495 -0.000149273 1.000000000 -0.006814765
1.000000000 -0.000193560 -0.000059138 0.002890738 0.000193533 0.999999881 -0.000460903 -0.006728551 0.000059228 0.000460892 0.999999881 0.048159871
0.999999940 -0.000267654 -0.000097251 0.007288503 0.000267549 0.999999404 -0.001080871 -0.006371992 0.000097540 0.001080845 0.999999404 0.141057745
0.999999940 -0.000263574 -0.000081403 0.008211380 0.000263470 0.999999166 -0.001274658 -0.013796642 0.000081739 0.001274636 0.999999166 0.254190028
0.999999940 -0.000298680 0.000045316 0.007651026 0.000298734 0.999999225 -0.001212268 -0.017781926 -0.000044954 0.001212282 0.999999285 0.388113558
1.000000000 0.000118921 -0.000108920 0.014914104 -0.000119031 0.999999464 -0.001005013 -0.022347687 0.000108801 0.001005026 0.999999464 0.531829238
1.000000000 -0.000048368 0.000102777 0.012851018 0.000048462 0.999999583 -0.000921034 -0.028775875 -0.000102733 0.000921039 0.999999583 0.682408452
1.000000000 -0.000059070 0.000150692 0.013330372 0.000059162 0.999999821 -0.000612118 -0.035976391 -0.000150656 0.000612127 0.999999821 0.858292758
1.000000000 -0.000091076 0.000058775 0.022890275 0.000091109 0.999999821 -0.000566587 -0.039046995 -0.000058724 0.000566592 0.999999821 1.018425226
0.999999583 0.000680844 0.000640756 0.004351281 -0.000680666 0.999999702 -0.000276859 -0.046822309 -0.000640944 0.000276423 0.999999762 1.185643792
0.999999881 0.000549074 0.000257279 0.019593699 -0.000549089 0.999999881 0.000059453 -0.057250865 -0.000257247 -0.000059594 1.000000000 1.374516487
0.999999642 0.000651114 0.000492431 0.014601805 -0.000651272 0.999999762 0.000320536 -0.068086855 -0.000492222 -0.000320856 0.999999821 1.558656812
0.999999344 0.000914920 0.000720409 0.013053265 -0.000915171 0.999999583 0.000347180 -0.071304426 -0.000720091 -0.000347840 0.999999702 1.764786363
0.999999166 0.000799167 0.000924563 0.012170636 -0.000799975 0.999999285 0.000873011 -0.082124949 -0.000923865 -0.000873750 0.999999166 1.959984422
0.999999464 0.000532960 0.000901509 0.016088180 -0.000533562 0.999999762 0.000668530 -0.088363722 -0.000901153 -0.000669011 0.999999344 2.170131445
0.999999642 0.000519762 0.000735483 0.026709903 -0.000520255 0.999999642 0.000670138 -0.093801148 -0.000735134 -0.000670520 0.999999404 2.382286072
0.999999285 0.000662229 0.000994390 0.025804389 -0.000663043 0.999999404 0.000819220 -0.099477306 -0.000993847 -0.000819878 0.999999166 2.617349386
0.999999344 0.000370420 0.001074567 0.031403437 -0.000371448 0.999999404 0.000956444 -0.109047554 -0.001074212 -0.000956843 0.999998987 2.848766804
0.999998808 0.000792081 0.001369439 0.032175846 -0.000793553 0.999999106 0.001074522 -0.114938587 -0.001368587 -0.001075607 0.999998450 3.088691473
0.999999702 0.000447141 0.000791325 0.043101989 -0.000447904 0.999999464 0.000964169 -0.122439444 -0.000790893 -0.000964523 0.999999166 3.322397947
0.999999523 0.000617069 0.000783209 0.046392575 -0.000617947 0.999999225 0.001120995 -0.128659382 -0.000782517 -0.001121479 0.999999106 3.571320772
0.999999642 0.000209041 0.000717213 0.052417815 -0.000209899 0.999999285 0.001196665 -0.138176814 -0.000716962 -0.001196815 0.999999046 3.809503794
0.999999464 0.000446151 0.000936490 0.061019931 -0.000447439 0.999998927 0.001375639 -0.143997684 -0.000935875 -0.001376057 0.999998629 4.075696468
0.999998987 0.000849019 0.001110826 0.066033997 -0.000850687 0.999998450 0.001501960 -0.150003165 -0.001109549 -0.001502903 0.999998271 4.326547623
0.999999762 0.000036389 0.000665677 0.071288489 -0.000037420 0.999998748 0.001548627 -0.160535514 -0.000665619 -0.001548651 0.999998510 4.581040859
0.999999225 0.000490311 0.001154963 0.074010924 -0.000492278 0.999998391 0.001703463 -0.171750620 -0.001154126 -0.001704030 0.999997854 4.834500790
0.999999225 0.000615057 0.001116714 0.083588295 -0.000616809 0.999998629 0.001569548 -0.178258806 -0.001115747 -0.001570235 0.999998152 5.103153229
0.999999464 0.000353696 0.000996774 0.083783843 -0.000355715 0.999997854 0.002026449 -0.191403449 -0.000996055 -0.002026802 0.999997437 5.356834888
0.999998987 0.000157123 0.001449965 0.084457062 -0.000160103 0.999997854 0.002054949 -0.198962808 -0.001449639 -0.002055179 0.999996781 5.626821518
0.999999046 0.000456799 0.001282676 0.086991355 -0.000459257 0.999998033 0.001916746 -0.204072356 -0.001281798 -0.001917333 0.999997318 5.900004387
0.999998868 0.000559898 0.001355205 0.092480987 -0.000562645 0.999997735 0.002027252 -0.216818288 -0.001354067 -0.002028012 0.999997020 6.159785748
0.999998212 0.000832809 0.001640917 0.097509801 -0.000836039 0.999997675 0.001968521 -0.223509327 -0.001639274 -0.001969889 0.999996722 6.447233200
0.999998868 0.000669224 0.001334609 0.104218677 -0.000671527 0.999998271 0.001726027 -0.229334861 -0.001333452 -0.001726922 0.999997616 6.742033005
0.999999344 0.000157654 0.001130907 0.124139965 -0.000159849 0.999998093 0.001941044 -0.245725542 -0.001130598 -0.001941223 0.999997437 7.021802425
0.999999166 0.000685696 0.001076814 0.128915936 -0.000687794 0.999997795 0.001948940 -0.254680723 -0.001075476 -0.001949679 0.999997437 7.325307846
0.999998987 0.000647192 0.001161040 0.139931247 -0.000649489 0.999997735 0.001979440 -0.268126637 -0.001159756 -0.001980192 0.999997318 7.624630928
0.999999166 0.000468441 0.001180382 0.143718258 -0.000471172 0.999997199 0.002314409 -0.279226124 -0.001179294 -0.002314964 0.999996603 7.955340385
0.999999523 0.000386694 0.000868621 0.158999577 -0.000388775 0.999997020 0.002396737 -0.291065753 -0.000867691 -0.002397073 0.999996781 8.261938095
0.999999225 0.000692741 0.001026127 0.160602450 -0.000695264 0.999996722 0.002460324 -0.300934523 -0.001024420 -0.002461036 0.999996424 8.607541084
0.999998808 0.000721387 0.001371393 0.160159424 -0.000724937 0.999996364 0.002589602 -0.307924509 -0.001369520 -0.002590594 0.999995708 8.945227623
0.999998629 0.000503019 0.001620188 0.168916076 -0.000507096 0.999996722 0.002516782 -0.317261040 -0.001618917 -0.002517601 0.999995470 9.279029846
0.999999404 -0.000069177 0.001079739 0.181544259 0.000066534 0.999997020 0.002447853 -0.326965064 -0.001079905 -0.002447780 0.999996424 9.625543594
0.999999344 0.000360410 0.001070110 0.187370375 -0.000362694 0.999997675 0.002135156 -0.334227741 -0.001069337 -0.002135543 0.999997199 9.975057602
0.999999106 0.000456305 0.001241501 0.180493772 -0.000458670 0.999998093 0.001905407 -0.336891294 -0.001240630 -0.001905974 0.999997377 10.342379570
0.999999225 0.000376579 0.001199807 0.194840476 -0.000379792 0.999996364 0.002678811 -0.368307889 -0.001198794 -0.002679265 0.999995708 10.690456390
0.999999046 0.000223066 0.001390238 0.199232429 -0.000226862 0.999996305 0.002730917 -0.378001779 -0.001389623 -0.002731229 0.999995351 11.067911148
0.999998748 0.000472150 0.001525880 0.201151222 -0.000476412 0.999996006 0.002793959 -0.390430510 -0.001524555 -0.002794683 0.999994993 11.451766968
0.999998987 -0.000172052 0.001394510 0.219383359 0.000167539 0.999994755 0.003235830 -0.401185244 -0.001395059 -0.003235594 0.999993742 11.810778618
0.999999046 0.000013290 0.001392903 0.225933924 -0.000017837 0.999994695 0.003264205 -0.408685088 -0.001392852 -0.003264227 0.999993622 12.189269066
0.999998629 0.000055751 0.001658576 0.237279832 -0.000061151 0.999994695 0.003255951 -0.421614259 -0.001658386 -0.003256048 0.999993324 12.584267616
0.999998689 0.000208348 0.001624026 0.243629307 -0.000214070 0.999993742 0.003523781 -0.430572957 -0.001623282 -0.003524124 0.999992490 12.984750748
0.999999166 -0.000212678 0.001291432 0.257699400 0.000207842 0.999992967 0.003744364 -0.465093195 -0.001292220 -0.003744092 0.999992132 13.355981827
0.999998868 -0.000011250 0.001581297 0.265999138 0.000005291 0.999992967 0.003768236 -0.477032781 -0.001581328 -0.003768222 0.999991655 13.771773338
0.999998629 0.000081095 0.001682321 0.275218159 -0.000088196 0.999991119 0.004221035 -0.486915082 -0.001681964 -0.004221177 0.999989688 14.187721252
0.999998450 -0.000836019 0.001556671 0.283268541 0.000829377 0.999990582 0.004262536 -0.509859383 -0.001560220 -0.004261239 0.999989688 14.598665237
0.999998212 -0.000862785 0.001715116 0.297170490 0.000855498 0.999990642 0.004245211 -0.526132464 -0.001718762 -0.004243736 0.999989450 14.998635292
0.999996960 -0.001437145 0.002020644 0.310743332 0.001427992 0.999988735 0.004523675 -0.537864327 -0.002027123 -0.004520775 0.999987721 15.422253609
0.999995828 -0.000681001 0.002810842 0.318440259 0.000666559 0.999986649 0.005135557 -0.556786954 -0.002814302 -0.005133662 0.999982834 15.869359016
0.999996006 -0.000356186 0.002806159 0.336163849 0.000341440 0.999986053 0.005253629 -0.578862548 -0.002807992 -0.005252649 0.999982238 16.292873383
0.999995828 -0.000441845 0.002844636 0.347209305 0.000427324 0.999986827 0.005103291 -0.585003853 -0.002846853 -0.005102054 0.999982893 16.744361877
0.999995470 -0.000284115 0.002969318 0.358593762 0.000269397 0.999987602 0.004955719 -0.602119625 -0.002970690 -0.004954898 0.999983311 17.198419571
0.999993801 -0.000135708 0.003510046 0.368614376 0.000117420 0.999986410 0.005209620 -0.614852309 -0.003510706 -0.005209176 0.999980271 17.642576218
0.999992192 -0.000685845 0.003875599 0.382316560 0.000666368 0.999987125 0.005024726 -0.628124952 -0.003878995 -0.005022105 0.999979913 18.106723785
0.999990106 -0.000292277 0.004441218 0.389080256 0.000267488 0.999984443 0.005581011 -0.636652470 -0.004442779 -0.005579766 0.999974608 18.577215195
0.999991000 -0.000506893 0.004218931 0.402149826 0.000481924 0.999982357 0.005917091 -0.656990528 -0.004221857 -0.005915004 0.999973595 19.061983109
0.999991715 -0.001186508 0.003908535 0.423359454 0.001163235 0.999981701 0.005951254 -0.669260085 -0.003915524 -0.005946659 0.999974728 19.535179138
0.999991655 -0.000333465 0.004093959 0.434349716 0.000306170 0.999977708 0.006665977 -0.686545670 -0.004096091 -0.006664667 0.999969423 19.994705200
0.999989688 -0.000400652 0.004519233 0.435570180 0.000371366 0.999978900 0.006479183 -0.714679241 -0.004521735 -0.006477438 0.999968767 20.475114822
0.999990225 -0.000670061 0.004361715 0.447667241 0.000641889 0.999978900 0.006457277 -0.729331851 -0.004365950 -0.006454414 0.999969661 20.959583282
0.999993324 -0.000453887 0.003639007 0.462204069 0.000428642 0.999975860 0.006935193 -0.750765204 -0.003642068 -0.006933585 0.999969363 21.479972839
0.999994874 -0.001009396 0.003035215 0.492540717 0.000989374 0.999977767 0.006591116 -0.744851947 -0.003041801 -0.006588079 0.999973655 21.953168869
0.999994576 -0.000309416 0.003267361 0.494537860 0.000286833 0.999976039 0.006910133 -0.770155609 -0.003269421 -0.006909158 0.999970794 22.432744980
0.999996543 -0.000050252 0.002612555 0.502158880 0.000031016 0.999972880 0.007362356 -0.788113534 -0.002612854 -0.007362249 0.999969482 22.937173843
0.999998391 -0.000841863 0.001544851 0.520971894 0.000831142 0.999975681 0.006927193 -0.797464073 -0.001550646 -0.006925898 0.999974787 23.465065002
0.999998093 -0.001365757 0.001396296 0.525481045 0.001356657 0.999977946 0.006498110 -0.806691885 -0.001405141 -0.006496204 0.999977827 23.986587524
0.999999523 -0.000568481 0.000785435 0.537567735 0.000563261 0.999977887 0.006629474 -0.818535924 -0.000789186 -0.006629029 0.999977648 24.510164261
0.999999881 -0.000340396 -0.000042064 0.550256968 0.000340675 0.999976754 0.006799759 -0.828707457 0.000039748 -0.006799774 0.999976873 25.044574738
0.999999702 -0.000575279 -0.000682896 0.556671917 0.000579955 0.999976277 0.006866843 -0.838753164 0.000678929 -0.006867236 0.999976158 25.567762375
0.999999404 -0.000422234 -0.001018035 0.564400077 0.000429326 0.999975502 0.006976065 -0.853796482 0.001015065 -0.006976497 0.999975145 26.106527328
0.999998629 -0.000791789 -0.001462353 0.580006063 0.000802883 0.999970794 0.007601132 -0.865858197 0.001456292 -0.007602295 0.999969959 26.649978638
0.999998331 -0.000778889 -0.001646222 0.585970521 0.000791070 0.999972165 0.007411955 -0.875568509 0.001640404 -0.007413246 0.999971151 27.181247711
0.999997020 -0.000724019 -0.002352629 0.609469533 0.000743320 0.999965966 0.008213327 -0.901368856 0.002346603 -0.008215051 0.999963522 27.719470978
0.999995708 -0.000937550 -0.002753373 0.618221283 0.000959855 0.999966562 0.008111043 -0.907510698 0.002745677 -0.008113650 0.999963343 28.221540451
0.999994278 -0.001037858 -0.003230495 0.635985255 0.001065693 0.999962270 0.008626530 -0.922832727 0.003221420 -0.008629924 0.999957502 28.784402847
0.999993086 -0.001054780 -0.003559973 0.633189082 0.001084423 0.999964654 0.008334948 -0.938126862 0.003551055 -0.008338750 0.999958932 29.303501129
0.999992847 -0.000982865 -0.003641478 0.638592780 0.001013891 0.999963105 0.008528396 -0.950251341 0.003632961 -0.008532027 0.999957025 29.842746735
0.999992490 -0.000969699 -0.003784550 0.648207784 0.001001114 0.999965012 0.008307808 -0.965081573 0.003776362 -0.008311534 0.999958277 30.374217987
0.999992251 -0.000373682 -0.003919921 0.657726467 0.000404980 0.999968171 0.007986748 -0.974427700 0.003916811 -0.007988274 0.999960423 30.918292999
0.999991000 -0.000125296 -0.004246564 0.661366701 0.000159285 0.999967933 0.008004564 -0.990895212 0.004245426 -0.008005168 0.999958873 31.461442947
0.999990344 -0.000373843 -0.004367731 0.670771122 0.000408611 0.999968171 0.007962162 -1.002959490 0.004364614 -0.007963868 0.999958754 32.008819580
0.999988258 -0.000584766 -0.004794884 0.677422106 0.000624196 0.999965966 0.008226050 -1.004160404 0.004789910 -0.008228947 0.999954641 32.525871277
0.999989510 0.001089132 -0.004461874 0.667285621 -0.001055724 0.999971390 0.007482937 -1.011201739 0.004469897 -0.007478147 0.999962032 33.102062225
0.999987304 -0.000377451 -0.005049942 0.694674194 0.000417087 0.999969125 0.007849906 -1.028423309 0.005046824 -0.007851911 0.999956429 33.597316742
0.999987185 0.000154970 -0.005077892 0.699226618 -0.000112076 0.999964356 0.008446336 -1.049960017 0.005079019 -0.008445658 0.999951422 34.135803223
0.999986351 0.000280899 -0.005210000 0.700485945 -0.000240171 0.999969423 0.007816087 -1.054331183 0.005212036 -0.007814729 0.999955833 34.693752289
0.999983966 -0.000765897 -0.005631643 0.712272167 0.000811930 0.999966204 0.008176298 -1.073356986 0.005625191 -0.008180738 0.999950647 35.229022980
0.999986053 -0.000165232 -0.005291029 0.704030275 0.000208870 0.999966025 0.008247943 -1.065829277 0.005289487 -0.008248932 0.999951959 35.815784454
0.999982059 -0.001304859 -0.005851069 0.718250155 0.001355117 0.999962211 0.008593735 -1.105994463 0.005839634 -0.008601510 0.999945939 36.308441162
0.999977231 -0.002019451 -0.006440584 0.715398908 0.002078291 0.999956071 0.009142252 -1.130946636 0.006421838 -0.009155429 0.999937415 36.827159882
0.999980748 -0.001982013 -0.005884256 0.701180458 0.002038175 0.999952257 0.009553699 -1.151236773 0.005865041 -0.009565508 0.999936998 37.315059662
0.999981940 -0.000654605 -0.005973295 0.725405455 0.000708248 0.999959350 0.008982841 -1.140850544 0.005967174 -0.008986909 0.999941766 37.828090668
0.999980688 -0.000410462 -0.006200095 0.769329667 0.000466098 0.999959588 0.008974621 -1.173918128 0.006196161 -0.008977338 0.999940515 38.503089905
0.999970496 -0.001294155 -0.007573631 0.819111586 0.001362047 0.999958873 0.008965987 -1.191502929 0.007561717 -0.008976039 0.999931097 39.045421600
0.999975562 -0.001422243 -0.006843714 0.800890207 0.001488266 0.999952316 0.009651852 -1.205916286 0.006829659 -0.009661803 0.999930024 39.486877441
0.999971330 -0.001922668 -0.007322452 0.816735625 0.001993726 0.999950886 0.009709205 -1.221297264 0.007303425 -0.009723527 0.999926090 40.022701263
0.999974668 -0.001143852 -0.007022101 0.823287129 0.001210374 0.999954343 0.009476401 -1.228319287 0.007010941 -0.009484662 0.999930501 40.556297302
0.999974728 -0.000806532 -0.007066495 0.827780128 0.000870464 0.999958694 0.009048784 -1.227442265 0.007058904 -0.009054707 0.999934018 41.110416412
0.999974430 -0.000265300 -0.007151128 0.863208711 0.000326777 0.999962986 0.008596924 -1.238764524 0.007148584 -0.008599041 0.999937475 41.675727844
0.999977469 -0.000380858 -0.006701624 0.842202663 0.000441299 0.999959171 0.009019694 -1.254712582 0.006697916 -0.009022448 0.999936879 42.179824829
0.999975026 -0.000828244 -0.007019000 0.855012774 0.000895577 0.999953568 0.009595308 -1.271541834 0.007010727 -0.009601355 0.999929309 42.713401794
0.999977589 -0.000456569 -0.006675872 0.856141984 0.000518154 0.999957263 0.009226092 -1.277612686 0.006671374 -0.009229343 0.999935150 43.242603302
0.999977767 -0.000501948 -0.006666464 0.862737119 0.000562384 0.999958694 0.009066915 -1.287389994 0.006661639 -0.009070461 0.999936700 43.773460388
0.999978304 -0.000206306 -0.006581818 0.871402264 0.000264239 0.999961197 0.008802269 -1.294871807 0.006579746 -0.008803817 0.999939620 44.313602448
0.999977887 -0.000358116 -0.006640909 0.882292867 0.000417931 0.999959350 0.009007917 -1.310535192 0.006637413 -0.009010493 0.999937356 44.838432312
0.999975622 -0.000806428 -0.006935220 0.889951468 0.000870382 0.999957085 0.009223637 -1.316778421 0.006927484 -0.009229448 0.999933422 45.372749329
0.999977708 -0.000338844 -0.006668451 0.894425750 0.000396907 0.999962032 0.008707646 -1.331933379 0.006665247 -0.008710098 0.999939859 45.903198242
0.999979019 -0.000100728 -0.006479053 0.904454470 0.000159150 0.999959409 0.009017122 -1.337930202 0.006477880 -0.009017963 0.999938369 46.448955536
0.999975979 -0.000616198 -0.006901519 0.908861399 0.000678412 0.999959111 0.009015764 -1.350425124 0.006895682 -0.009020230 0.999935567 46.975208282
0.999971330 -0.000526433 -0.007549001 0.922812343 0.000591592 0.999962568 0.008631893 -1.357965112 0.007544174 -0.008636113 0.999934256 47.524333954
0.999975204 -0.000712362 -0.007006096 0.931382060 0.000775994 0.999958575 0.009083800 -1.379941821 0.006999333 -0.009089013 0.999934196 48.008728027
0.999968469 -0.001107376 -0.007857972 0.956485987 0.001182654 0.999953330 0.009581733 -1.392986178 0.007846995 -0.009590725 0.999923289 48.594337463
0.999975324 -0.000539468 -0.006998891 0.956713736 0.000603146 0.999958336 0.009099307 -1.403339386 0.006993691 -0.009103306 0.999934077 49.047290802
0.999974370 -0.000703773 -0.007121068 0.958778381 0.000768545 0.999958336 0.009097087 -1.412869930 0.007114367 -0.009102327 0.999933243 49.572448730
0.999978125 -0.000322142 -0.006607859 0.955408871 0.000383424 0.999956906 0.009274981 -1.428541422 0.006604584 -0.009277311 0.999935150 50.081726074
0.999975801 -0.000529176 -0.006925804 0.965560675 0.000594601 0.999955177 0.009447758 -1.438296556 0.006920493 -0.009451648 0.999931395 50.602203369
0.999976873 -0.000169583 -0.006796708 0.969235420 0.000234380 0.999954522 0.009533946 -1.445223927 0.006794782 -0.009535319 0.999931455 51.127056122
0.999977767 0.000373468 -0.006666415 0.976261973 -0.000313575 0.999959588 0.008983009 -1.449991941 0.006669501 -0.008980720 0.999937415 51.640357971
0.999979258 -0.000342957 -0.006447713 0.984403491 0.000403389 0.999956131 0.009373638 -1.467589140 0.006444215 -0.009376044 0.999935269 52.133731842
0.999980032 0.000117953 -0.006319881 0.977420211 -0.000059009 0.999956489 0.009326143 -1.477608204 0.006320706 -0.009325584 0.999936581 52.740760803
0.999981046 -0.000281405 -0.006150870 1.001074910 0.000338051 0.999957502 0.009210245 -1.489982128 0.006148017 -0.009212149 0.999938667 53.198673248
0.999982536 0.000803327 -0.005869396 0.974157572 -0.000751057 0.999960184 0.008902267 -1.497257710 0.005876312 -0.008897702 0.999943197 53.711193085
0.999984920 -0.000259246 -0.005483374 0.944432735 0.000312162 0.999953389 0.009651810 -1.538713098 0.005480616 -0.009653378 0.999938369 54.107170105
0.999979854 0.001178772 -0.006235306 0.958606720 -0.001117516 0.999951184 0.009818406 -1.539212704 0.006246575 -0.009811240 0.999932408 54.931476593
0.999982417 -0.000384287 -0.005917658 0.971283436 0.000442968 0.999950707 0.009918197 -1.553943872 0.005913556 -0.009920644 0.999933243 55.224044800
0.999982178 -0.000778391 -0.005914379 1.000755429 0.000831192 0.999959767 0.008930539 -1.549796343 0.005907190 -0.008935296 0.999942601 55.724006653
0.999979854 -0.000733468 -0.006305811 1.016817331 0.000792958 0.999955297 0.009436920 -1.567338705 0.006298606 -0.009441731 0.999935567 56.284347534
0.999972045 -0.001730050 -0.007274778 1.051385641 0.001809538 0.999938548 0.010934286 -1.589167595 0.007255414 -0.010947145 0.999913692 56.892013550
0.999984324 -0.001515059 -0.005395688 0.973477721 0.001571502 0.999943912 0.010471982 -1.632341623 0.005379520 -0.010480298 0.999930561 57.022590637
0.999983966 -0.001206205 -0.005530724 0.981305957 0.001266222 0.999940217 0.010860987 -1.642511368 0.005517293 -0.010867818 0.999925733 57.536029816
0.999984145 -0.001766284 -0.005335364 0.995529652 0.001821793 0.999944091 0.010417314 -1.651955366 0.005316665 -0.010426870 0.999931514 58.070716858
0.999986112 -0.001169224 -0.005130366 1.004029512 0.001224998 0.999940038 0.010881687 -1.671939373 0.005117336 -0.010887822 0.999927640 58.611602783
0.999985695 -0.001530172 -0.005124571 1.012441635 0.001585364 0.999940515 0.010783245 -1.671246052 0.005107768 -0.010791214 0.999928713 59.063014984
0.999990642 -0.000861101 -0.004257403 1.035240650 0.000911650 0.999928892 0.011885378 -1.699882746 0.004246866 -0.011889145 0.999920309 59.697727203
0.999985456 -0.001295493 -0.005225598 1.038123369 0.001351442 0.999941587 0.010717444 -1.694053411 0.005211410 -0.010724352 0.999928892 60.157653809
0.999980748 -0.002059919 -0.005841387 1.075653434 0.002121370 0.999942243 0.010533344 -1.713112354 0.005819353 -0.010545533 0.999927461 60.661026001
0.999983609 -0.001723254 -0.005466242 1.083957195 0.001778086 0.999947906 0.010041988 -1.718087912 0.005448652 -0.010051543 0.999934614 61.218135834
0.999986529 -0.000910059 -0.005116413 1.120921969 0.000965258 0.999941170 0.010796565 -1.741673946 0.005106287 -0.010801356 0.999928594 61.549335480
0.999980927 0.000156255 -0.006175748 1.298974037 -0.000090439 0.999943197 0.010655958 -1.759110689 0.006177063 -0.010655197 0.999924123 61.843276978
0.999976158 0.000661327 -0.006868884 1.351894855 -0.000581864 0.999932945 0.011564142 -1.764095306 0.006876071 -0.011559868 0.999909520 62.272594452
0.999972820 -0.002952671 -0.006754391 1.091410398 0.003034542 0.999921679 0.012143075 -1.791997790 0.006718007 -0.012163242 0.999903500 63.298133850
0.999976933 -0.003864255 -0.005574191 1.063235998 0.003928138 0.999926209 0.011495573 -1.772942781 0.005529358 -0.011517205 0.999918342 63.340797424
0.999985993 -0.002381771 -0.004720652 1.074053288 0.002434726 0.999933839 0.011244101 -1.771329880 0.004693558 -0.011255436 0.999925613 63.893856049
0.999975681 -0.004333265 -0.005454432 1.084254980 0.004395135 0.999925554 0.011382629 -1.790661216 0.005404701 -0.011406325 0.999920368 64.428634644
0.999988317 -0.002636570 -0.004041499 1.041074395 0.002682913 0.999930263 0.011504531 -1.796396971 0.004010886 -0.011515238 0.999925673 64.935928345
0.999991238 -0.002600105 -0.003269948 0.997634888 0.002633410 0.999944329 0.010222375 -1.800071716 0.003243186 -0.010230897 0.999942422 65.520759583
0.999986291 -0.002909493 -0.004352883 1.075090766 0.002960026 0.999927759 0.011648099 -1.846871853 0.004318678 -0.011660825 0.999922633 65.638801575
0.999985218 -0.002872366 -0.004629292 1.090072393 0.002927493 0.999924362 0.011945887 -1.867824197 0.004594628 -0.011959258 0.999917924 66.174362183
0.999978900 -0.003915702 -0.005194966 1.104799986 0.003977599 0.999920607 0.011958460 -1.875642419 0.005147727 -0.011978869 0.999915004 66.717124939
0.999980927 -0.003684053 -0.004960106 1.124818921 0.003742018 0.999924302 0.011728090 -1.887145042 0.004916523 -0.011746426 0.999918878 67.234802246
0.999988377 -0.002565225 -0.004061124 1.119068861 0.002613751 0.999924660 0.011988834 -1.909116745 0.004030066 -0.011999310 0.999919832 67.499610901
0.999983668 -0.003480133 -0.004526326 1.114389181 0.003528727 0.999935746 0.010772642 -1.887632608 0.004488544 -0.010788437 0.999931753 68.279067993
0.999981284 -0.003904921 -0.004710701 1.161176324 0.003958479 0.999927044 0.011414155 -1.916955709 0.004665787 -0.011432589 0.999923766 68.426712036
0.999986112 -0.002967599 -0.004350015 1.162467241 0.003017968 0.999927878 0.011618432 -1.945246696 0.004315223 -0.011631400 0.999923050 69.102348328
0.999974370 -0.004966063 -0.005160211 1.192790031 0.005024260 0.999923229 0.011327071 -1.941016674 0.005103562 -0.011352707 0.999922514 69.476501465
0.999983847 -0.003506574 -0.004468607 1.171895742 0.003559161 0.999923885 0.011814970 -1.953636050 0.004426838 -0.011830684 0.999920189 69.935043335
0.999982655 -0.003624867 -0.004641449 1.174491525 0.003678911 0.999924839 0.011688535 -1.964585781 0.004598729 -0.011705407 0.999920905 70.447784424
0.999982715 -0.003770464 -0.004515388 1.195527315 0.003823910 0.999922037 0.011886995 -1.978618741 0.004470214 -0.011904056 0.999919176 70.975662231
0.999984801 -0.003696732 -0.004103730 1.203822613 0.003745500 0.999921739 0.011940477 -1.990686297 0.004059267 -0.011955665 0.999920368 71.524093628
0.999987662 -0.002890503 -0.004046933 1.214338660 0.002939177 0.999922812 0.012073397 -2.018302917 0.004011722 -0.012085144 0.999918938 71.976036072
0.999985933 -0.003159803 -0.004261121 1.228551149 0.003211337 0.999921203 0.012142112 -2.031308174 0.004222418 -0.012155627 0.999917269 72.524787903
0.999983847 -0.002921344 -0.004896302 1.279133081 0.002980130 0.999923050 0.012042080 -2.057312727 0.004860745 -0.012056476 0.999915540 72.960540771
0.999988139 -0.002671604 -0.004074533 1.267605305 0.002721715 0.999920130 0.012343267 -2.076399326 0.004041233 -0.012354210 0.999915540 73.537574768
0.999987960 -0.002216979 -0.004385496 1.284298182 0.002270458 0.999922752 0.012227275 -2.087745190 0.004358052 -0.012237085 0.999915659 74.077812195
0.999988973 -0.002477872 -0.003970233 1.288742065 0.002527346 0.999918640 0.012505303 -2.105587721 0.003938923 -0.012515198 0.999913931 74.593513489
0.999989927 -0.002421820 -0.003811652 1.305766106 0.002468924 0.999920011 0.012401783 -2.117091656 0.003781311 -0.012411066 0.999915779 75.134429932
0.999990344 -0.002149278 -0.003839013 1.317384839 0.002196672 0.999920905 0.012383915 -2.127551794 0.003812093 -0.012392227 0.999915957 75.675392151
0.999988735 -0.002508682 -0.004011212 1.332192540 0.002558495 0.999919057 0.012461804 -2.136616230 0.003979626 -0.012471929 0.999914289 76.196937561
0.999989986 -0.002186029 -0.003911607 1.349437594 0.002234519 0.999920189 0.012435107 -2.149433136 0.003884109 -0.012443724 0.999914944 76.742218018
0.999995887 -0.001853373 -0.002155188 1.359436870 0.001880188 0.999920011 0.012507326 -2.159217358 0.002131835 -0.012511328 0.999919474 77.286773682
0.999997199 -0.002247464 -0.000760636 1.366826534 0.002256511 0.999924123 0.012108796 -2.163642406 0.000733364 -0.012110480 0.999926388 77.846397400
0.999998033 -0.001827341 0.000749278 1.380155087 0.001817940 0.999921858 0.012361013 -2.180900335 -0.000771806 -0.012359628 0.999923348 78.346633911
0.999997020 -0.002026988 0.001359488 1.392930269 0.002009469 0.999916613 0.012766634 -2.189980030 -0.001385252 -0.012763866 0.999917567 78.903808594
0.999987662 -0.001898489 0.004581400 1.412994623 0.001838064 0.999911726 0.013157614 -2.211298704 -0.004605975 -0.013149031 0.999902904 79.432640076
0.999965668 -0.001876086 0.008074006 1.439935088 0.001771256 0.999914289 0.012971153 -2.219107389 -0.008097649 -0.012956409 0.999883294 79.984886169
0.999941707 -0.002623540 0.010466025 1.455569744 0.002492055 0.999918103 0.012556273 -2.220486641 -0.010498108 -0.012529463 0.999866307 80.533470154
0.999896049 -0.002667066 0.014174398 1.499552965 0.002495470 0.999923527 0.012109977 -2.223750591 -0.014205613 -0.012073347 0.999826193 81.065803528
0.999788940 -0.002799753 0.020358596 1.534700871 0.002539188 0.999914646 0.012813373 -2.238262177 -0.020392735 -0.012758973 0.999710679 81.604530334
0.999648750 -0.002616217 0.026372515 1.588662744 0.002291142 0.999921143 0.012348994 -2.219519138 -0.026402742 -0.012284232 0.999575913 82.148361206
0.999455988 -0.002260931 0.032903582 1.550093055 0.001862478 0.999924600 0.012135343 -2.242960215 -0.032928541 -0.012067458 0.999384940 82.736206055
0.999150276 -0.002259226 0.041151203 1.595040679 0.001740897 0.999918759 0.012627181 -2.279543400 -0.041176386 -0.012544812 0.999073088 83.305679321
0.998768330 -0.002158463 0.049569089 1.649430037 0.001542654 0.999921203 0.012458137 -2.289734125 -0.049592070 -0.012366326 0.998692989 83.832580566
0.998389125 -0.002805189 0.056667767 1.690392733 0.002110060 0.999921858 0.012322851 -2.296001911 -0.056697905 -0.012183431 0.998317063 84.383155823
0.997855008 -0.002931128 0.065397426 1.754816771 0.002172436 0.999929488 0.011669354 -2.304842949 -0.065427020 -0.011502252 0.997791052 84.923873901
0.997107029 -0.002419015 0.075971611 1.822880268 0.001485516 0.999922752 0.012341575 -2.326374769 -0.075995594 -0.012193014 0.997033596 85.461700439
0.996370494 -0.002179537 0.085094735 1.882928848 0.001152483 0.999925971 0.012116800 -2.334688663 -0.085114844 -0.011974750 0.996299267 86.000663757
0.995653272 -0.002795670 0.093095616 1.957604408 0.001697531 0.999927998 0.011872929 -2.346022129 -0.093122102 -0.011663284 0.995586395 86.547912598
0.994654655 -0.003551129 0.103196241 2.047591209 0.002344660 0.999927521 0.011809967 -2.351249933 -0.103230692 -0.011504881 0.994590878 87.106109619
0.993497789 -0.003534601 0.113796465 2.132986069 0.002186633 0.999925971 0.011968074 -2.364189148 -0.113830343 -0.011641425 0.993431926 87.663032532
0.992423654 -0.004416894 0.122783706 2.221815109 0.003016631 0.999928296 0.011587865 -2.374496460 -0.122826084 -0.011129675 0.992365777 88.206550598
0.990983725 -0.004335225 0.133912295 2.319005013 0.002783986 0.999926865 0.011769071 -2.384233475 -0.133953527 -0.011290146 0.990923285 88.773475647
0.989233255 -0.004560433 0.146276832 2.417101860 0.002867408 0.999926507 0.011782882 -2.390061617 -0.146319836 -0.011236582 0.989173472 89.320976257
0.987624049 -0.004568044 0.156773373 2.536391258 0.002779444 0.999928534 0.011626156 -2.404772997 -0.156815305 -0.011046529 0.987566173 89.868568420
0.986052930 -0.004880844 0.166360065 2.645969391 0.003003871 0.999929011 0.011532341 -2.409197092 -0.166404560 -0.010871774 0.985997617 90.415023804
0.983973622 -0.005322787 0.178235173 2.775451660 0.003338184 0.999929070 0.011432788 -2.421828508 -0.178283378 -0.010654578 0.983921468 90.956893921
0.981652498 -0.005507823 0.190599486 2.901708603 0.003433821 0.999931276 0.011210030 -2.428852797 -0.190648124 -0.010349867 0.981603861 91.489646912
0.979423285 -0.005481688 0.201742411 3.045114517 0.003272684 0.999930978 0.011281545 -2.441077709 -0.201790363 -0.010389171 0.979373634 92.067535400
0.976621807 -0.005525355 0.214893728 3.192392349 0.003111344 0.999928236 0.011570146 -2.455245972 -0.214942247 -0.010631047 0.976568878 92.619712830
0.973548234 -0.006316457 0.228394359 3.346464157 0.003766057 0.999925613 0.011600768 -2.463546991 -0.228450611 -0.010433762 0.973499715 93.162162781
0.970858097 -0.006684758 0.239561692 3.503620148 0.003883492 0.999918461 0.012163436 -2.480406761 -0.239623442 -0.010878634 0.970804989 93.688217163
0.967827260 -0.007662699 0.251498520 3.693107605 0.004836967 0.999918044 0.011851839 -2.493535042 -0.251568705 -0.010254048 0.967785120 94.237159729
0.964234591 -0.008042321 0.264928252 3.881305695 0.004938190 0.999911189 0.012380837 -2.512764454 -0.265004247 -0.010629765 0.964188635 94.765434265
0.960706830 -0.008567335 0.277432919 4.065212250 0.005401286 0.999911308 0.012174194 -2.522322893 -0.277512670 -0.010197336 0.960667849 95.303604126
0.957466125 -0.009140862 0.288400859 4.253898621 0.005865283 0.999908268 0.012219834 -2.537900925 -0.288486093 -0.010008524 0.957431734 95.818176270
0.953109860 -0.008865152 0.302494496 4.451271057 0.005423354 0.999910653 0.012216115 -2.540252209 -0.302575737 -0.010002765 0.953072846 96.368293762
0.948589981 -0.009215182 0.316373438 4.656524658 0.005662061 0.999910176 0.012148240 -2.548545837 -0.316456944 -0.009732375 0.948556960 96.897071838
0.944831073 -0.010001604 0.327405125 4.870952606 0.006274534 0.999902904 0.012437976 -2.560813427 -0.327497780 -0.009697470 0.944802165 97.432792664
0.940239251 -0.009619237 0.340378582 5.083339691 0.005704955 0.999905586 0.012498748 -2.573469639 -0.340466708 -0.009809971 0.940205336 97.946014404
0.934850633 -0.009318400 0.354918987 5.295341492 0.005224790 0.999908268 0.012490595 -2.580533504 -0.355002820 -0.009822462 0.934813678 98.449760437
0.930349290 -0.010350144 0.366528481 5.536792755 0.006095655 0.999899924 0.012763052 -2.591097355 -0.366623878 -0.009639866 0.930319250 98.977928162
0.925552726 -0.010156071 0.378482521 5.762346268 0.005666452 0.999899805 0.012974055 -2.605304003 -0.378576368 -0.009863519 0.925517499 99.496696472
0.919684887 -0.010399857 0.392519414 6.010089874 0.005858737 0.999901295 0.012765327 -2.608947992 -0.392613560 -0.009440412 0.919655085 100.015350342
0.914125800 -0.011369817 0.405271173 6.265907288 0.006668227 0.999893129 0.013011049 -2.617469788 -0.405375779 -0.009191293 0.914103925 100.526969910
0.909389138 -0.012034557 0.415772289 6.520454407 0.007306754 0.999889255 0.012960323 -2.626803637 -0.415882289 -0.008748030 0.909376383 101.031097412
0.903852165 -0.012430599 0.427664399 6.782943726 0.007294279 0.999880314 0.013646591 -2.640464783 -0.427782834 -0.009214998 0.903834522 101.510192871
0.897297978 -0.012698458 0.441242725 7.072410583 0.007536090 0.999881148 0.013450260 -2.661087036 -0.441361070 -0.008743648 0.897287011 102.019897461
0.891317666 -0.013195679 0.453187227 7.347000122 0.007882034 0.999876261 0.013611700 -2.668576002 -0.453310788 -0.008560313 0.891311407 102.516960144
0.885668039 -0.014145252 0.464103401 7.625251770 0.008785251 0.999867380 0.013709359 -2.680379629 -0.464235902 -0.008064676 0.885674894 102.982437134
0.878377676 -0.013773577 0.477768719 7.918903351 0.008322328 0.999873757 0.013524733 -2.689062119 -0.477894753 -0.007903675 0.878381550 103.469253540
0.871234000 -0.013983909 0.490668684 8.215003967 0.008263275 0.999870300 0.013823683 -2.700238705 -0.490798354 -0.007989133 0.871236563 103.941604614
