1.000000000 0.000000000 0.000000000 0.000000000 0.000000000 1.000000000 0.000000000 0.000000000 0.000000000 0.000000000 1.000000000 0.000000000
1.000000000 0.000041866 0.000009042 0.000332881 -0.000041867 1.000000000 0.000129039 -0.000564638 -0.000009037 -0.000129040 1.000000000 0.000208866
1.000000000 0.000064930 -0.000156696 0.001446810 -0.000064922 1.000000000 0.000049801 -0.000017542 0.000156699 -0.000049791 1.000000000 -0.000338884
1.000000000 0.000085041 -0.000035787 0.000433389 -0.000085040 1.000000000 0.000040787 -0.000614428 0.000035790 -0.000040784 1.000000000 0.000150451
0.999999940 0.000285747 0.000049195 -0.001244349 -0.000285751 0.999999940 0.000079759 -0.000476462 -0.000049173 -0.000079773 1.000000000 -0.000401306
1.000000000 0.000085750 -0.000006536 -0.000666452 -0.000085750 1.000000000 0.000016224 -0.000664878 0.000006537 -0.000016224 1.000000000 -0.000078782
1.000000000 -0.000088122 0.000015065 0.000292431 0.000088122 1.000000000 0.000011198 -0.000181291 -0.000015066 -0.000011197 1.000000000 -0.000152307
1.000000000 0.000026312 0.000023907 0.000995582 -0.000026314 1.000000000 0.000073929 -0.000631577 -0.000023905 -0.000073929 1.000000000 -0.000000074
1.000000000 -0.000182762 0.000084048 -0.000014594 0.000182762 1.000000000 0.000003582 0.000132274 -0.000084049 -0.000003567 1.000000000 0.000204413
1.000000000 -0.000231735 -0.000073963 0.001781728 0.000231738 1.000000000 0.000042685 0.000165320 0.000073953 -0.000042703 1.000000000 0.000130067
1.000000000 -0.000074844 -0.000087479 0.000596443 0.000074853 1.000000000 0.000106308 -0.001598795 0.000087471 -0.000106314 1.000000000 -0.000820516
1.000000000 0.000188830 0.000126093 -0.001610798 -0.000188808 0.999999940 -0.000178792 0.001656496 -0.000126127 0.000178768 1.000000000 0.002232711
1.000000000 -0.000175161 0.000017258 -0.000201537 0.000175157 0.999999940 0.000195888 -0.000916929 -0.000017292 -0.000195885 1.000000000 0.000507185
1.000000000 0.000042268 0.000146879 -0.001510224 -0.000042281 1.000000000 0.000087965 -0.000205004 -0.000146876 -0.000087971 1.000000000 0.001491612
1.000000000 0.000165550 0.000026684 -0.000656862 -0.000165555 0.999999940 0.000209495 -0.001260427 -0.000026649 -0.000209499 1.000000000 0.000011854
1.000000000 0.000095972 -0.000027919 -0.000301123 -0.000095973 1.000000000 -0.000032449 0.000331236 0.000027916 0.000032451 1.000000000 0.000825913
0.999999881 0.000312315 0.000289774 -0.002699576 -0.000312326 0.999999940 0.000036125 0.000567501 -0.000289763 -0.000036215 0.999999940 0.001913933
1.000000000 0.000068356 -0.000041835 -0.000253989 -0.000068357 1.000000000 -0.000002953 -0.000002706 0.000041834 0.000002956 1.000000000 0.001546528
1.000000000 -0.000062008 -0.000031721 0.000133104 0.000062013 1.000000000 0.000168471 -0.001326872 0.000031711 -0.000168473 1.000000000 0.000415252
1.000000000 0.000008238 -0.000016323 0.000221389 -0.000008238 1.000000000 -0.000009423 -0.000143592 0.000016323 0.000009423 1.000000000 0.000778811
1.000000000 0.000187832 -0.000023320 -0.000731169 -0.000187831 1.000000000 0.000019679 -0.000112165 0.000023324 -0.000019675 1.000000000 0.001347110
1.000000000 0.000009843 -0.000117468 0.000243291 -0.000009841 1.000000000 0.000021114 0.000333204 0.000117469 -0.000021113 1.000000000 0.000121084
1.000000000 0.000108544 0.000021040 0.000146617 -0.000108546 1.000000000 0.000087431 -0.000470568 -0.000021030 -0.000087434 1.000000000 0.002437019
0.999999940 0.000229433 0.000150870 -0.000338369 -0.000229446 0.999999940 0.000092163 -0.000016670 -0.000150848 -0.000092198 1.000000000 0.000088931
1.000000000 -0.000052638 -0.000065994 0.000701661 0.000052643 1.000000000 0.000071335 0.000311896 0.000065990 -0.000071339 1.000000000 0.000746053
1.000000000 0.000053146 0.000026474 -0.000519737 -0.000053143 1.000000000 -0.000136678 0.001386864 -0.000026481 0.000136677 1.000000000 0.000059988
1.000000000 0.000128020 0.000064147 -0.000735265 -0.000128012 1.000000000 -0.000121708 0.000320586 -0.000064163 0.000121700 1.000000000 -0.001468719
1.000000000 0.000207667 0.000107935 -0.001168596 -0.000207659 1.000000000 -0.000073120 0.000677625 -0.000107951 0.000073098 1.000000000 0.002312743
1.000000000 0.000051081 0.000001256 -0.001485888 -0.000051081 1.000000000 0.000014248 0.001349112 -0.000001255 -0.000014248 1.000000000 0.004252759
1.000000000 0.000103468 0.000002885 -0.000740816 -0.000103467 1.000000000 -0.000204679 0.002010289 -0.000002906 0.000204679 1.000000000 0.001824778
1.000000000 0.000223363 -0.000013879 -0.000239929 -0.000223362 1.000000000 0.000076567 0.000410353 0.000013896 -0.000076564 1.000000000 0.000042124
1.000000000 0.000002559 -0.000004520 -0.000522925 -0.000002559 1.000000000 -0.000002548 0.000887881 0.000004520 0.000002548 1.000000000 0.001228116
1.000000000 0.000057085 0.000066921 -0.000263048 -0.000057092 1.000000000 0.000106863 -0.000662617 -0.000066915 -0.000106867 1.000000000 0.000781060
1.000000000 0.000105422 -0.000000690 -0.000649624 -0.000105422 1.000000000 0.000143590 -0.000025620 0.000000705 -0.000143590 1.000000000 0.001345465
1.000000000 0.000090880 0.000037275 -0.000144657 -0.000090882 1.000000000 0.000063860 0.000252129 -0.000037269 -0.000063864 1.000000000 0.000893906
1.000000000 0.000190772 0.000127848 -0.001867260 -0.000190773 1.000000000 0.000011946 0.002300713 -0.000127845 -0.000011970 1.000000000 0.003702145
1.000000000 -0.000063598 0.000063333 -0.000728748 0.000063589 1.000000000 0.000144502 0.000093163 -0.000063342 -0.000144498 1.000000000 0.001933191
1.000000000 -0.000058543 0.000131319 -0.001109134 0.000058512 1.000000000 0.000234778 -0.000613969 -0.000131333 -0.000234770 0.999999940 -0.000156233
1.000000000 -0.000047468 0.000094461 -0.000880375 0.000047463 1.000000000 0.000049778 0.000773928 -0.000094463 -0.000049773 1.000000000 0.001339692
1.000000000 -0.000054737 0.000183706 0.000252109 0.000054708 1.000000000 0.000157952 -0.002226064 -0.000183715 -0.000157942 1.000000000 -0.000761193
0.999999940 -0.000028058 0.000328911 -0.001546041 0.000028239 0.999999821 -0.000549973 -0.002629315 -0.000328895 0.000549983 0.999999821 0.052602511
0.999999940 0.000320357 0.000195143 -0.001003968 -0.000320121 0.999999225 -0.001206466 -0.005414621 -0.000195530 0.001206403 0.999999225 0.136220232
0.999999583 0.000922282 -0.000030885 0.001765431 -0.000922326 0.999998510 -0.001474779 -0.005086434 0.000029525 0.001474807 0.999998927 0.258349001
0.999999583 0.000917102 0.000118259 0.002455945 -0.000916993 0.999999166 -0.000918367 -0.014853607 -0.000119101 0.000918258 0.999999583 0.385543585
0.999999881 0.000486398 -0.000041459 0.007421986 -0.000486435 0.999999464 -0.000889403 -0.018857015 0.000041026 0.000889423 0.999999583 0.526448727
0.999999821 0.000569416 0.000013857 0.013386710 -0.000569403 0.999999464 -0.000887918 -0.022815211 -0.000014363 0.000887910 0.999999583 0.681948543
0.999999762 0.000638237 0.000221189 0.017494773 -0.000638057 0.999999464 -0.000814390 -0.022005463 -0.000221709 0.000814249 0.999999642 0.851250291
0.999999583 0.000729912 0.000537489 0.013392364 -0.000729516 0.999999464 -0.000737504 -0.027172919 -0.000538027 0.000737111 0.999999583 1.017434955
0.999999881 0.000353242 0.000299619 0.016720118 -0.000353242 0.999999940 -0.000000337 -0.037558898 -0.000299620 0.000000232 0.999999940 1.187657595
0.999999940 0.000238333 0.000341659 0.021167571 -0.000238396 0.999999940 0.000185298 -0.041435365 -0.000341615 -0.000185380 0.999999940 1.378825903
0.999999821 0.000466931 0.000406815 0.032226939 -0.000466713 0.999999762 -0.000536701 -0.044202607 -0.000407065 0.000536511 0.999999762 1.567711830
0.999999702 0.000576697 0.000466842 0.028371334 -0.000576660 0.999999821 -0.000078223 -0.054328289 -0.000466887 0.000077954 0.999999881 1.757776737
0.999999702 0.000756415 -0.000187032 0.043879386 -0.000756401 0.999999642 0.000073979 -0.061732046 0.000187088 -0.000073838 0.999999940 1.944794059
0.999999464 0.000898518 0.000523034 0.042194612 -0.000898464 0.999999523 -0.000104816 -0.065358050 -0.000523127 0.000104347 0.999999821 2.151777744
0.999999583 0.000843324 0.000269513 0.050632264 -0.000843187 0.999999523 -0.000506280 -0.069178946 -0.000269940 0.000506052 0.999999821 2.369368315
0.999999523 0.001099050 0.000100087 0.055383071 -0.001099056 0.999999404 0.000059802 -0.079604566 -0.000100021 -0.000059912 0.999999940 2.591809511
0.999998927 0.001470091 0.000262291 0.057356831 -0.001470157 0.999998927 0.000252611 -0.088400178 -0.000261919 -0.000252997 0.999999940 2.822929621
0.999999762 0.000676750 -0.000169770 0.064524569 -0.000676655 0.999999642 0.000556429 -0.096933387 0.000170146 -0.000556314 0.999999881 3.060230970
0.999999821 0.000616262 0.000090828 0.074626341 -0.000616263 0.999999821 0.000013773 -0.099127024 -0.000090819 -0.000013829 1.000000000 3.300008774
0.999999583 0.000750037 0.000572282 0.068146423 -0.000750453 0.999999464 0.000728314 -0.110978365 -0.000571735 -0.000728743 0.999999523 3.531300545
0.999999344 0.000798934 0.000869510 0.073428303 -0.000799339 0.999999583 0.000466169 -0.114526272 -0.000869137 -0.000466864 0.999999464 3.786722660
0.999999821 0.000311405 0.000699130 0.078525104 -0.000311590 0.999999940 0.000264215 -0.121892437 -0.000699048 -0.000264432 0.999999702 4.045721054
0.999999642 0.000717299 0.000399451 0.083984643 -0.000717615 0.999999404 0.000791724 -0.128568918 -0.000398883 -0.000792011 0.999999583 4.307065487
0.999999821 0.000577879 0.000249539 0.095240824 -0.000578026 0.999999702 0.000585705 -0.133282930 -0.000249200 -0.000585850 0.999999762 4.563572407
0.999999881 0.000249583 -0.000120866 0.106212877 -0.000249468 0.999999464 0.000946980 -0.141345143 0.000121102 -0.000946950 0.999999523 4.820086479
0.999999046 0.001248897 0.000608575 0.097901441 -0.001249139 0.999999166 0.000397335 -0.142979890 -0.000608078 -0.000398095 0.999999762 5.090503693
0.999999404 0.000941686 0.000514807 0.104009859 -0.000941886 0.999999523 0.000388282 -0.152250871 -0.000514441 -0.000388766 0.999999821 5.354483128
0.999998927 0.001174464 0.000913096 0.105637930 -0.001174579 0.999999344 0.000125248 -0.155274898 -0.000912949 -0.000126320 0.999999642 5.631254673
1.000000000 0.000394994 0.000147596 0.119423300 -0.000395156 0.999999404 0.001097264 -0.172994345 -0.000147162 -0.001097322 0.999999404 5.892893791
0.999999642 0.000645544 0.000593474 0.120219901 -0.000645931 0.999999583 0.000652031 -0.180079967 -0.000593053 -0.000652414 0.999999583 6.172808647
0.999998927 0.001162629 0.000862766 0.124712020 -0.001163169 0.999999106 0.000625989 -0.188226268 -0.000862037 -0.000626992 0.999999404 6.455769539
0.999998987 0.001231062 0.000820020 0.132910013 -0.001231782 0.999998868 0.000878086 -0.200122327 -0.000818938 -0.000879095 0.999999166 6.744359016
0.999998987 0.001071927 0.000914714 0.142151386 -0.001072734 0.999998927 0.000882663 -0.212713867 -0.000913767 -0.000883643 0.999999106 7.044006824
0.999999225 0.000743964 0.000976875 0.137495011 -0.000745056 0.999999225 0.001118635 -0.221721917 -0.000976042 -0.001119362 0.999998868 7.346332073
0.999999166 0.000579900 0.001126244 0.146594554 -0.000580799 0.999999583 0.000798103 -0.228735834 -0.001125780 -0.000798756 0.999999046 7.655888557
0.999999106 0.000876545 0.001002038 0.155310497 -0.000877745 0.999998868 0.001197637 -0.242683515 -0.001000987 -0.001198516 0.999998748 7.971534252
0.999999583 0.000110226 0.000917374 0.157893553 -0.000111395 0.999999166 0.001273479 -0.248155251 -0.000917233 -0.001273581 0.999998748 8.287593842
0.999998927 0.000410013 0.001398716 0.162550017 -0.000411468 0.999999344 0.001040336 -0.256580383 -0.001398288 -0.001040910 0.999998450 8.612147331
0.999998927 0.000590204 0.001308441 0.170051426 -0.000591682 0.999999106 0.001129323 -0.264470190 -0.001307774 -0.001130096 0.999998510 8.946728706
0.999998629 0.000797879 0.001422780 0.179818004 -0.000799933 0.999998569 0.001443897 -0.280405372 -0.001421626 -0.001445034 0.999997973 9.274294853
0.999998868 0.000574314 0.001374649 0.181815729 -0.000576765 0.999998271 0.001783389 -0.290969282 -0.001373622 -0.001784180 0.999997437 9.633520126
0.999999106 0.000292777 0.001332564 0.196423665 -0.000295231 0.999998331 0.001841720 -0.303018123 -0.001332023 -0.001842112 0.999997377 9.968482971
0.999998808 0.000712128 0.001315457 0.194463089 -0.000714021 0.999998629 0.001438665 -0.306802720 -0.001314431 -0.001439602 0.999998093 10.341834068
0.999997854 0.001084001 0.001786841 0.192953005 -0.001085676 0.999998927 0.000937055 -0.311067224 -0.001785823 -0.000938992 0.999997973 10.709095955
0.999998212 0.000499149 0.001828133 0.201973677 -0.000501765 0.999998987 0.001430570 -0.323755145 -0.001827417 -0.001431485 0.999997318 11.068718910
0.999996781 0.001145904 0.002277756 0.206773356 -0.001149179 0.999998331 0.001436790 -0.335829169 -0.002276105 -0.001439402 0.999996364 11.442145348
0.999998033 0.000139100 0.001951314 0.220345989 -0.000142618 0.999998331 0.001802423 -0.346888423 -0.001951060 -0.001802697 0.999996483 11.817859650
0.999997675 0.000332089 0.002131210 0.226315707 -0.000334811 0.999999106 0.001276995 -0.355399907 -0.002130784 -0.001277706 0.999996901 12.203037262
0.999997735 0.000151728 0.002132376 0.237806335 -0.000153839 0.999999464 0.000989905 -0.363133818 -0.002132225 -0.000990231 0.999997258 12.597556114
0.999997795 -0.000217828 0.002089928 0.243351504 0.000214367 0.999998629 0.001656121 -0.378728509 -0.002090286 -0.001655670 0.999996424 12.991531372
0.999997139 -0.000138202 0.002385632 0.250712067 0.000134849 0.999998927 0.001405545 -0.389183491 -0.002385824 -0.001405219 0.999996185 13.388121605
0.999997199 -0.000598212 0.002274042 0.263255209 0.000594235 0.999998271 0.001749315 -0.401348472 -0.002275085 -0.001747959 0.999995887 13.798977852
0.999995530 0.000099322 0.002989227 0.264968187 -0.000104910 0.999998271 0.001869322 -0.413574308 -0.002989035 -0.001869627 0.999993801 14.220028877
0.999994874 0.000079701 0.003203747 0.278794885 -0.000085870 0.999998152 0.001925417 -0.426602900 -0.003203587 -0.001925682 0.999993026 14.635644913
0.999995172 -0.000281197 0.003088932 0.288398504 0.000274670 0.999997735 0.002113293 -0.436225981 -0.003089519 -0.002112434 0.999992967 15.079369545
0.999994695 -0.000227587 0.003229604 0.298599213 0.000221780 0.999998271 0.001798031 -0.444706261 -0.003230008 -0.001797305 0.999993145 15.520256042
0.999992847 0.000105277 0.003759694 0.308843970 -0.000110590 0.999998927 0.001413017 -0.456145555 -0.003759542 -0.001413422 0.999991953 15.956762314
0.999993086 -0.000238549 0.003689840 0.325096101 0.000231885 0.999998271 0.001806250 -0.470783949 -0.003690264 -0.001805383 0.999991536 16.395122528
0.999991953 -0.000293016 0.003980220 0.335468203 0.000287140 0.999998868 0.001476854 -0.480051786 -0.003980648 -0.001475699 0.999990940 16.850078583
0.999991059 -0.000201403 0.004225783 0.347305596 0.000194399 0.999998569 0.001657796 -0.493153363 -0.004226113 -0.001656960 0.999989629 17.308509827
0.999988794 0.000377951 0.004710494 0.351035029 -0.000387136 0.999998152 0.001949127 -0.505759180 -0.004709749 -0.001950929 0.999987006 17.767108917
0.999985695 0.000989274 0.005264915 0.356739730 -0.000996442 0.999998569 0.001359156 -0.513722658 -0.005263563 -0.001364383 0.999985158 18.237733841
0.999989927 0.000584884 0.004454661 0.389336973 -0.000592054 0.999998569 0.001608337 -0.527839243 -0.004453714 -0.001610958 0.999988794 18.695444107
0.999983609 0.000756639 0.005669147 0.385393590 -0.000767632 0.999997795 0.001937248 -0.545807242 -0.005667669 -0.001941568 0.999982059 19.172845840
0.999983728 0.000540628 0.005684036 0.400985539 -0.000551526 0.999998033 0.001915832 -0.557136297 -0.005682988 -0.001918936 0.999981999 19.655197144
0.999981940 0.000091949 0.006000638 0.413838506 -0.000106101 0.999997258 0.002358123 -0.572139680 -0.006000405 -0.002358717 0.999979198 20.138711929
0.999985337 0.000354358 0.005399692 0.428372443 -0.000366668 0.999997318 0.002279147 -0.591477334 -0.005398868 -0.002281093 0.999982834 20.627899170
0.999984026 0.000303112 0.005638815 0.437981009 -0.000315394 0.999997556 0.002177299 -0.599875391 -0.005638140 -0.002179043 0.999981701 21.129785538
0.999986112 0.000053786 0.005270097 0.445171893 -0.000062038 0.999998748 0.001565619 -0.600537777 -0.005270004 -0.001565924 0.999984860 21.642318726
0.999991953 0.000212782 0.004006447 0.466506481 -0.000222074 0.999997258 0.002319071 -0.624474287 -0.004005942 -0.002319943 0.999989212 22.148675919
0.999994576 0.000108366 0.003312775 0.484381109 -0.000115248 0.999997735 0.002077268 -0.629399538 -0.003312543 -0.002077638 0.999992311 22.657642365
0.999994993 0.000414627 0.003127989 0.486061394 -0.000419775 0.999998569 0.001645471 -0.641990483 -0.003127302 -0.001646777 0.999993742 23.203739166
0.999996305 0.000464515 0.002666510 0.495500386 -0.000468913 0.999998569 0.001648859 -0.657970488 -0.002665740 -0.001650104 0.999995053 23.727958679
0.999998033 -0.000531077 0.001964006 0.504139423 0.000528283 0.999998868 0.001422664 -0.673712671 -0.001964759 -0.001421624 0.999997079 24.245744705
0.999998808 0.000666700 0.001362745 0.515314698 -0.000669150 0.999998271 0.001797732 -0.687486351 -0.001361544 -0.001798642 0.999997437 24.779542923
0.999999404 0.000877565 0.000613100 0.527193010 -0.000878910 0.999997199 0.002195609 -0.705491185 -0.000611172 -0.002196147 0.999997377 25.316820145
0.999998271 0.001463723 0.001128368 0.525592804 -0.001465683 0.999997377 0.001738500 -0.710629463 -0.001125821 -0.001740151 0.999997854 25.866182327
0.999999464 0.000985637 -0.000059523 0.545782566 -0.000985488 0.999996483 0.002453031 -0.738816917 0.000061941 -0.002452970 0.999996960 26.414640427
0.999999821 0.000262689 -0.000571032 0.551719666 -0.000261197 0.999996543 0.002612164 -0.748944044 0.000571716 -0.002612014 0.999996424 26.962135315
0.999999702 -0.000534446 -0.000569712 0.557895958 0.000535956 0.999996245 0.002654093 -0.761361718 0.000568291 -0.002654397 0.999996305 27.518381119
0.999998450 0.001705960 -0.000603539 0.563639879 -0.001704776 0.999996662 0.001956811 -0.774120152 0.000606875 -0.001955778 0.999997914 28.068916321
0.999998271 0.001257319 -0.001364580 0.573038638 -0.001254046 0.999996364 0.002396800 -0.785786569 0.001367589 -0.002395085 0.999996185 28.615575790
0.999998331 0.000939538 -0.001590626 0.585263133 -0.000935851 0.999996901 0.002317191 -0.800738037 0.001592799 -0.002315698 0.999996006 29.156648636
0.999996841 0.001336951 -0.002104797 0.594904184 -0.001331165 0.999995351 0.002748084 -0.812886536 0.002108460 -0.002745274 0.999993980 29.711936951
0.999996662 0.001385294 -0.002182920 0.598811507 -0.001379933 0.999996006 0.002455265 -0.820962310 0.002186313 -0.002452244 0.999994576 30.256814957
0.999995828 0.001677891 -0.002360003 0.610224962 -0.001671841 0.999995291 0.002563084 -0.838765383 0.002364292 -0.002559127 0.999993920 30.809406281
0.999995291 0.001297063 -0.002790526 0.621877253 -0.001289874 0.999995768 0.002576412 -0.853516221 0.002793857 -0.002572800 0.999992788 31.349531174
0.999993622 0.001649377 -0.003164188 0.631830156 -0.001641594 0.999995649 0.002460929 -0.864154875 0.003168234 -0.002455719 0.999991894 31.904985428
0.999993563 0.001314986 -0.003352433 0.639136434 -0.001308651 0.999997377 0.001891113 -0.874542832 0.003354911 -0.001886714 0.999992549 32.456962585
0.999992251 0.001782371 -0.003507621 0.649936914 -0.001773191 0.999994934 0.002618418 -0.894447625 0.003512271 -0.002612178 0.999990404 33.003681183
0.999991536 0.001541184 -0.003818178 0.662403584 -0.001532621 0.999996245 0.002244663 -0.907806039 0.003821624 -0.002238792 0.999990106 33.549652100
0.999991119 0.001879561 -0.003762911 0.664715171 -0.001870440 0.999995291 0.002426085 -0.918363094 0.003767453 -0.002419025 0.999989986 34.113986969
0.999991059 0.000858090 -0.004135892 0.677934229 -0.000847617 0.999996424 0.002533392 -0.934299409 0.004138051 -0.002529864 0.999988258 34.657115936
0.999990463 0.001428809 -0.004117687 0.682120979 -0.001419207 0.999996185 0.002333948 -0.945596755 0.004121006 -0.002328082 0.999988794 35.212905884
0.999991119 0.000998647 -0.004083812 0.697678804 -0.000988637 0.999996424 0.002452411 -0.961731076 0.004086246 -0.002448352 0.999988675 35.752059937
0.999988019 0.001739122 -0.004574860 0.704586804 -0.001727662 0.999995351 0.002507667 -0.976616323 0.004579199 -0.002499733 0.999986410 36.301204681
0.999989212 0.002397011 -0.003971399 0.707625389 -0.002388990 0.999995053 0.002023227 -0.985142589 0.003976230 -0.002013717 0.999990106 36.851680756
0.999989271 0.001590924 -0.004343870 0.713606298 -0.001581230 0.999996245 0.002234241 -1.004595399 0.004347409 -0.002227349 0.999988019 37.407859802
0.999990106 0.002000656 -0.003978428 0.718324542 -0.001993446 0.999996424 0.001815340 -1.016902566 0.003982047 -0.001807391 0.999990404 37.960632324
0.999990642 0.001860655 -0.003925407 0.722093880 -0.001855444 0.999997377 0.001330724 -1.022760034 0.003927873 -0.001323427 0.999991357 38.505504608
0.999987543 0.001997504 -0.004577972 0.734066010 -0.001984887 0.999994218 0.002758995 -1.053077459 0.004583456 -0.002749874 0.999985695 39.071754456
0.999988377 0.001781336 -0.004470079 0.743831635 -0.001770979 0.999995708 0.002319920 -1.066330194 0.004474192 -0.002311977 0.999987304 39.616809845
0.999985814 0.002308762 -0.004808007 0.761214972 -0.002294803 0.999993205 0.002906782 -1.085743070 0.004814685 -0.002895707 0.999984205 40.154357910
0.999984801 0.002095398 -0.005095003 0.764659464 -0.002082301 0.999994516 0.002574445 -1.094233274 0.005100369 -0.002563797 0.999983728 40.727123260
0.999985516 0.002496009 -0.004769505 0.771911263 -0.002485155 0.999994338 0.002280444 -1.103736877 0.004775170 -0.002268558 0.999986053 41.276432037
0.999982238 0.002141139 -0.005567510 0.785465240 -0.002124846 0.999993443 0.002930751 -1.123792887 0.005573749 -0.002918869 0.999980211 41.824832916
0.999982834 0.001723590 -0.005601408 0.796231747 -0.001707953 0.999994636 0.002795127 -1.139207840 0.005606196 -0.002785512 0.999980390 42.365867615
0.999981701 0.002202658 -0.005631631 0.804949939 -0.002186279 0.999993324 0.002912988 -1.149126649 0.005638009 -0.002900623 0.999979913 42.913681030
0.999980807 0.002403423 -0.005715467 0.801474750 -0.002384414 0.999991596 0.003330274 -1.166789055 0.005723423 -0.003316582 0.999978125 43.470230103
0.999981880 0.002886703 -0.005280566 0.804629862 -0.002871640 0.999991775 0.002857817 -1.179517627 0.005288773 -0.002842602 0.999981940 44.020603180
0.999981642 0.002076868 -0.005696712 0.812174916 -0.002057095 0.999991834 0.003474570 -1.196100950 0.005703881 -0.003462788 0.999977708 44.567764282
0.999980390 0.002336669 -0.005803133 0.820030689 -0.002319951 0.999993145 0.002886007 -1.203187943 0.005809837 -0.002872488 0.999978960 45.126255035
0.999983430 0.002734207 -0.005054220 0.819889486 -0.002720438 0.999992549 0.002729201 -1.216217637 0.005061645 -0.002715406 0.999983490 45.672237396
0.999987304 0.003037914 -0.004021977 0.820724845 -0.003029002 0.999992967 0.002220073 -1.223474026 0.004028692 -0.002207862 0.999989450 46.221572876
0.999982476 0.001949389 -0.005591394 0.841916323 -0.001931788 0.999993086 0.003151415 -1.247380733 0.005597499 -0.003140558 0.999979377 46.777206421
0.999982893 0.002443783 -0.005309098 0.853778720 -0.002426618 0.999991775 0.003237077 -1.263937950 0.005316965 -0.003224138 0.999980688 47.327358246
0.999981701 0.001588370 -0.005837545 0.854736209 -0.001571702 0.999994695 0.002858879 -1.265357256 0.005842055 -0.002849652 0.999978900 47.882698059
0.999978542 0.001318866 -0.006408983 0.872945547 -0.001296060 0.999992788 0.003561284 -1.290645361 0.006413634 -0.003552902 0.999973118 48.421337128
0.999985039 0.001776237 -0.005171748 0.871032715 -0.001761632 0.999994397 0.002827321 -1.288688421 0.005176742 -0.002818168 0.999982655 48.985885620
0.999981642 0.002102518 -0.005683722 0.878095925 -0.002085704 0.999993443 0.002962577 -1.304947853 0.005689913 -0.002950669 0.999979377 49.531661987
0.999984682 0.002013836 -0.005147297 0.881396413 -0.002000127 0.999994397 0.002667178 -1.316332936 0.005152639 -0.002656842 0.999983191 50.082290649
0.999985993 0.002367825 -0.004739202 0.892512023 -0.002353030 0.999992371 0.003125127 -1.332754374 0.004746566 -0.003113932 0.999983847 50.634330750
0.999980390 0.002026542 -0.005928421 0.898192763 -0.002010140 0.999994159 0.002771289 -1.343695879 0.005934003 -0.002759318 0.999978542 51.177936554
0.999980569 0.002390783 -0.005766691 0.907324910 -0.002375521 0.999993742 0.002652055 -1.356832504 0.005772995 -0.002638304 0.999979854 51.737720490
0.999978244 0.001748653 -0.006362865 0.919871688 -0.001729600 0.999994099 0.002998709 -1.374564052 0.006368070 -0.002987639 0.999975264 52.284221649
0.999979794 0.001482873 -0.006183202 0.929073334 -0.001464850 0.999994695 0.002918289 -1.390426755 0.006187496 -0.002909173 0.999976635 52.838634491
0.999980509 0.001101862 -0.006131490 0.934733033 -0.001084427 0.999995351 0.002846186 -1.400508761 0.006134598 -0.002839482 0.999977112 53.388256073
0.999979675 0.001410882 -0.006214519 0.940903306 -0.001393701 0.999995112 0.002768065 -1.416554332 0.006218395 -0.002759348 0.999976873 53.935146332
0.999980867 0.001491623 -0.006000277 0.950250208 -0.001475248 0.999995172 0.002732531 -1.429652452 0.006004324 -0.002723627 0.999978185 54.487922668
0.999980927 0.001602326 -0.005961788 0.961526990 -0.001584285 0.999994159 0.003029621 -1.443356633 0.005966608 -0.003020118 0.999977529 55.031177521
0.999979734 0.001285453 -0.006227122 0.965696931 -0.001270898 0.999996424 0.002340909 -1.456643462 0.006230108 -0.002332948 0.999977887 55.576503754
0.999981225 0.001403932 -0.005963220 0.969301105 -0.001387565 0.999995291 0.002747750 -1.472185850 0.005967049 -0.002739425 0.999978483 56.122863770
0.999978781 0.001366066 -0.006372649 0.982589841 -0.001350064 0.999995887 0.002514637 -1.483463407 0.006376058 -0.002505980 0.999976516 56.691307068
0.999980211 0.001190448 -0.006174988 0.996305108 -0.001175466 0.999996364 0.002429333 -1.500148416 0.006177858 -0.002422026 0.999978006 57.226589203
0.999979138 0.001758031 -0.006217065 0.999384284 -0.001742132 0.999995172 0.002561936 -1.511783600 0.006221539 -0.002551051 0.999977410 57.786724091
0.999979556 0.001727254 -0.006161473 1.004449844 -0.001712425 0.999995589 0.002411142 -1.524858236 0.006165611 -0.002400542 0.999978125 58.343982697
0.999981284 0.001868106 -0.005836457 1.008138657 -0.001855643 0.999996006 0.002140090 -1.535474062 0.005840431 -0.002129220 0.999980688 58.885559082
0.999980032 0.001583247 -0.006117635 1.021001101 -0.001574974 0.999997854 0.001356824 -1.537273884 0.006119770 -0.001347162 0.999980390 59.429973602
0.999981642 0.000667517 -0.006017844 1.032251239 -0.000662011 0.999999404 0.000916702 -1.549689054 0.006018452 -0.000912701 0.999981523 59.970729828
0.999979079 0.001422584 -0.006312449 1.034828424 -0.001414362 0.999998152 0.001306833 -1.563164949 0.006314296 -0.001297877 0.999979138 60.515361786
0.999980092 0.001444902 -0.006146690 1.041356087 -0.001435611 0.999997854 0.001515677 -1.576973438 0.006148867 -0.001506823 0.999979913 61.060050964
0.999977469 0.001785998 -0.006458795 1.048455477 -0.001776247 0.999997258 0.001515147 -1.592868447 0.006461482 -0.001503640 0.999978006 61.601139069
0.999978185 0.002218015 -0.006212793 1.058720469 -0.002207184 0.999996006 0.001749775 -1.608626962 0.006216649 -0.001736025 0.999979198 62.142768860
0.999980628 0.002379068 -0.005735662 1.059512496 -0.002371958 0.999996424 0.001246181 -1.614966869 0.005738605 -0.001232552 0.999982834 62.720031738
0.999978721 0.001980033 -0.006220386 1.070079088 -0.001971890 0.999997139 0.001314957 -1.633755445 0.006222973 -0.001302663 0.999979734 63.258491516
0.999977648 0.002158970 -0.006327923 1.076060891 -0.002154598 0.999997437 0.000697669 -1.638811111 0.006329413 -0.000684019 0.999979734 63.810955048
0.999979019 0.002599825 -0.005938064 1.074672103 -0.002594118 0.999996185 0.000968615 -1.661482811 0.005940560 -0.000953191 0.999981821 64.352005005
0.999980927 0.002608059 -0.005611018 1.076727986 -0.002601169 0.999995947 0.001234858 -1.677078247 0.005614216 -0.001220239 0.999983430 64.896301270
0.999978185 0.002780347 -0.005994569 1.092728019 -0.002771393 0.999995053 0.001501329 -1.691168427 0.005998713 -0.001484683 0.999980927 65.442184448
0.999977827 0.002690495 -0.006095857 1.105239987 -0.002682952 0.999995589 0.001245077 -1.705686092 0.006099180 -0.001228694 0.999980628 65.991806030
0.999978185 0.002551343 -0.006100104 1.122310519 -0.002542392 0.999995708 0.001474722 -1.718630433 0.006103840 -0.001459181 0.999980271 66.530731201
0.999980330 0.002847951 -0.005592086 1.107228994 -0.002840840 0.999995112 0.001279419 -1.732300043 0.005595702 -0.001263507 0.999983549 67.088157654
0.999979317 0.003654604 -0.005284750 1.113020420 -0.003648932 0.999992728 0.001082751 -1.742299080 0.005288668 -0.001063445 0.999985456 67.639785767
0.999979258 0.002978357 -0.005711822 1.129681587 -0.002967681 0.999993861 0.001876466 -1.766363859 0.005717376 -0.001859476 0.999981940 68.173446655
0.999978244 0.002425190 -0.006134772 1.147837162 -0.002412805 0.999995112 0.002025362 -1.785448194 0.006139653 -0.002010516 0.999979138 68.705154419
0.999979079 0.003534433 -0.005408159 1.149936795 -0.003520219 0.999990344 0.002635530 -1.808278441 0.005417422 -0.002616437 0.999981880 69.249237061
0.999978840 0.003726736 -0.005333437 1.141576409 -0.003718334 0.999991775 0.001584252 -1.814182401 0.005339298 -0.001564387 0.999984503 69.817527771
0.999979317 0.002965858 -0.005713059 1.157502651 -0.002955426 0.999993920 0.001833434 -1.831110477 0.005718462 -0.001816512 0.999981940 70.350830078
0.999979496 0.003500803 -0.005367205 1.158316016 -0.003490717 0.999992132 0.001887482 -1.847004294 0.005373770 -0.001868708 0.999983728 70.917396545
0.999980569 0.003122891 -0.005394130 1.163367629 -0.003117331 0.999994576 0.001038858 -1.843915105 0.005397345 -0.001022022 0.999984920 71.451416016
0.999977648 0.003296045 -0.005827767 1.178572059 -0.003289166 0.999993861 0.001189642 -1.861604810 0.005831652 -0.001170447 0.999982297 71.999748230
0.999980330 0.003555178 -0.005162393 1.167123437 -0.003550893 0.999993324 0.000838962 -1.870980501 0.005165342 -0.000820614 0.999986291 72.563163757
0.999981225 0.003257175 -0.005191460 1.176725745 -0.003254843 0.999994516 0.000457560 -1.885161996 0.005192921 -0.000440654 0.999986470 73.109741211
0.999981940 0.003650623 -0.004765324 1.180615544 -0.003643342 0.999992311 0.001535441 -1.910008550 0.004770891 -0.001518052 0.999987483 73.649192810
0.999981761 0.003490772 -0.004923395 1.186465383 -0.003485485 0.999993384 0.001081984 -1.920091629 0.004927138 -0.001064803 0.999987304 74.194725037
0.999981940 0.003586451 -0.004823073 1.193679333 -0.003581302 0.999993026 0.001075714 -1.935240030 0.004826897 -0.001058421 0.999987781 74.725418091
0.999981344 0.003301531 -0.005125555 1.211280584 -0.003293684 0.999993384 0.001538783 -1.952747822 0.005130601 -0.001521872 0.999985695 75.273956299
0.999983191 0.002514575 -0.005218519 1.216937065 -0.002507181 0.999995828 0.001423140 -1.961159945 0.005222076 -0.001410032 0.999985397 75.834335327
0.999981999 0.003142112 -0.005111464 1.226829052 -0.003132999 0.999993443 0.001789930 -1.985465765 0.005117055 -0.001773884 0.999985337 76.370758057
0.999980450 0.003527798 -0.005174741 1.234651566 -0.003520624 0.999992847 0.001394762 -1.995251060 0.005179625 -0.001376516 0.999985576 76.918861389
0.999982178 0.003151502 -0.005071647 1.242863059 -0.003143367 0.999993742 0.001611166 -2.015934229 0.005076692 -0.001595195 0.999985814 77.468284607
0.999981344 0.002923989 -0.005365117 1.252789736 -0.002916283 0.999994695 0.001443777 -2.025783539 0.005369310 -0.001428104 0.999984622 78.015808105
0.999977767 0.003092130 -0.005907227 1.269136190 -0.003082696 0.999993861 0.001605524 -2.041499138 0.005912156 -0.001587278 0.999981165 78.520530701
0.999978304 0.003372574 -0.005661635 1.268406272 -0.003364528 0.999993324 0.001429929 -2.058097124 0.005666419 -0.001410849 0.999982953 79.066101074
0.999979019 0.003831334 -0.005218815 1.273459435 -0.003823632 0.999991596 0.001484935 -2.068188190 0.005224459 -0.001464949 0.999985278 79.619171143
0.999976337 0.004149747 -0.005477869 1.277032495 -0.004141069 0.999990165 0.001594454 -2.083023787 0.005484432 -0.001571732 0.999983728 80.151229858
0.999978900 0.003362614 -0.005552789 1.299744248 -0.003359659 0.999994218 0.000541418 -2.091925144 0.005554577 -0.000522751 0.999984443 80.712860107
0.999982595 0.003539175 -0.004720600 1.306914568 -0.003535051 0.999993324 0.000881593 -2.108008623 0.004723689 -0.000864891 0.999988437 81.270004272
0.999987423 0.003961805 -0.003064779 1.318403602 -0.003959726 0.999991894 0.000684273 -2.120744705 0.003067465 -0.000672129 0.999995053 81.824180603
0.999991596 0.003251061 -0.002480647 1.324205875 -0.003247766 0.999993861 0.001331321 -2.145634413 0.002484960 -0.001323253 0.999996006 82.340805054
0.999992549 0.003689014 -0.001127729 1.338251829 -0.003687582 0.999992371 0.001270504 -2.159647703 0.001132407 -0.001266336 0.999998569 82.882110596
0.999990344 0.003746089 0.002296067 1.354404330 -0.003748326 0.999992430 0.000970968 -2.170675516 -0.002292412 -0.000979565 0.999996960 83.437202454
0.999970198 0.004043080 0.006578066 1.359208584 -0.004049435 0.999991477 0.000953201 -2.181285381 -0.006574156 -0.000979810 0.999977887 83.967590332
0.999946475 0.004251873 0.009429984 1.380748272 -0.004263277 0.999990225 0.001189528 -2.202109575 -0.009424835 -0.001229667 0.999954760 84.499931335
0.999888182 0.004086738 0.014380526 1.398076177 -0.004088907 0.999991655 0.000121375 -2.201998711 -0.014379908 -0.000180163 0.999896586 85.075294495
0.999794126 0.004411027 0.019811913 1.432515383 -0.004434621 0.999989510 0.001147060 -2.229063272 -0.019806644 -0.001234682 0.999803066 85.611297607
0.999666810 0.004390670 0.025437145 1.469402552 -0.004419089 0.999989688 0.001061141 -2.243689537 -0.025432223 -0.001173196 0.999675870 86.161407471
0.999502480 0.003706131 0.031321213 1.501608253 -0.003727516 0.999992907 0.000624415 -2.253531933 -0.031318676 -0.000740855 0.999509215 86.702728271
0.999227107 0.003614630 0.039142005 1.529907107 -0.003644589 0.999993145 0.000694091 -2.270473003 -0.039139219 -0.000836211 0.999233425 87.246131897
0.998898745 0.002984576 0.046823591 1.593559504 -0.003059949 0.999994159 0.001538118 -2.293731451 -0.046818718 -0.001679702 0.998901963 87.802062988
0.998546600 0.002512120 0.053836737 1.634475470 -0.002589885 0.999995768 0.001374732 -2.308164120 -0.053833053 -0.001512164 0.998548746 88.340858459
0.997984469 0.003081033 0.063383341 1.669961452 -0.003149435 0.999994576 0.000979302 -2.317348480 -0.063380003 -0.001176950 0.997988701 88.888961792
0.997289956 0.002945091 0.073511571 1.732794762 -0.003014955 0.999995172 0.000839429 -2.331881762 -0.073508754 -0.001058788 0.997294009 89.416816711
0.996634901 0.002826896 0.081919417 1.798289299 -0.002907476 0.999995470 0.000864389 -2.347918272 -0.081916600 -0.001099659 0.996638536 89.970733643
0.995948493 0.003109918 0.089871794 1.870614052 -0.003208253 0.999994397 0.000949722 -2.365501404 -0.089868344 -0.001234206 0.995952845 90.529930115
0.994912028 0.002922226 0.100705251 1.949076653 -0.003051673 0.999994695 0.001131381 -2.375122786 -0.100701421 -0.001432944 0.994915664 91.078399658
0.993790209 0.003044659 0.111228630 2.022940636 -0.003142637 0.999994755 0.000705566 -2.385407209 -0.111225888 -0.001050736 0.993794620 91.629913330
0.992687523 0.002269547 0.120691411 2.106258392 -0.002316797 0.999997258 0.000251178 -2.401618242 -0.120690510 -0.000528959 0.992690086 92.174903870
0.991319418 0.002885800 0.131443888 2.205896378 -0.003048185 0.999994814 0.001034204 -2.420029879 -0.131440222 -0.001425892 0.991323054 92.718002319
0.989646196 0.002011969 0.143514350 2.308418274 -0.002137254 0.999997556 0.000718823 -2.428350925 -0.143512517 -0.001018107 0.989647925 93.269668579
0.988010287 0.001901966 0.154376298 2.413049698 -0.002079223 0.999997318 0.000986766 -2.448255062 -0.154374003 -0.001295918 0.988011539 93.813591003
0.986349583 0.001378548 0.164659709 2.512826920 -0.001518734 0.999998510 0.000725474 -2.458398581 -0.164658457 -0.000965645 0.986350179 94.327285767
0.984052062 0.001245921 0.177876860 2.629515648 -0.001328151 0.999999046 0.000343211 -2.465963125 -0.177876264 -0.000573984 0.984052718 94.857139587
0.981750846 0.001506572 0.190165728 2.752232552 -0.001682283 0.999998271 0.000762557 -2.483666658 -0.190164283 -0.001068554 0.981751621 95.430213928
0.979676425 0.001500099 0.200578764 2.881389618 -0.001690924 0.999998271 0.000780051 -2.499949455 -0.200577244 -0.001103361 0.979677260 95.971023560
0.976837575 0.001792173 0.213974893 3.020103455 -0.002119121 0.999996901 0.001298605 -2.519124269 -0.213971883 -0.001721964 0.976838291 96.509887695
0.973794639 0.001115514 0.227426365 3.167427063 -0.001439653 0.999998152 0.001259371 -2.533940315 -0.227424562 -0.001553783 0.973794460 97.042930603
0.971157908 0.000571148 0.238436475 3.300794601 -0.000846073 0.999999046 0.001050691 -2.546188593 -0.238435641 -0.001222122 0.971157491 97.566001892
0.968225300 0.000017992 0.250079572 3.467185974 -0.000267042 0.999999464 0.000961952 -2.567816496 -0.250079423 -0.000998168 0.968224883 98.084640503
0.964417398 0.000342831 0.264384091 3.620304108 -0.000712753 0.999998868 0.001303259 -2.578354836 -0.264383376 -0.001445326 0.964416564 98.615493774
0.960962057 -0.000153257 0.276680261 3.788101196 -0.000062529 0.999999702 0.000771090 -2.586709738 -0.276680291 -0.000758289 0.960961759 99.134506226
0.957675338 -0.000394726 0.287850350 3.969619751 0.000097095 0.999999464 0.001048256 -2.604565144 -0.287850648 -0.000975940 0.957674801 99.652023315
0.953234136 -0.001090673 0.302230626 4.134292603 0.000811559 0.999999046 0.001049089 -2.610446692 -0.302231461 -0.000754749 0.953234255 100.193641663
0.949071229 -0.001773058 0.315056533 4.337583542 0.001384447 0.999997914 0.001457251 -2.631487370 -0.315058410 -0.000946856 0.949071765 100.688858032
0.945041239 -0.001753314 0.326946348 4.532194138 0.001460421 0.999998271 0.001141328 -2.638172150 -0.326947898 -0.000601122 0.945042193 101.220054626
0.940396905 -0.001559112 0.340075105 4.741794586 0.001387580 0.999998748 0.000747581 -2.647971153 -0.340075880 -0.000231142 0.940397978 101.737976074
0.935096681 -0.001906667 0.354387373 4.948369980 0.001795219 0.999998212 0.000643252 -2.662834167 -0.354387909 0.000034700 0.935098529 102.239898682
0.930338025 -0.003019131 0.366690665 5.181230545 0.002879624 0.999995410 0.000927467 -2.680683851 -0.366691768 0.000193074 0.930342495 102.765678406
0.925788164 -0.003731579 0.378024459 5.413158417 0.003948567 0.999992192 0.000201082 -2.689308405 -0.378022283 0.001306495 0.925795615 103.270416260
0.919756114 -0.003306931 0.392476499 5.641799927 0.003224440 0.999994397 0.000869390 -2.705585957 -0.392477155 0.000465890 0.919761539 103.764488220
0.914164364 -0.004082248 0.405322909 5.892162323 0.004161920 0.999991119 0.000684716 -2.716087818 -0.405322164 0.001060979 0.914173245 104.268188477
0.909225941 -0.004563608 0.416277647 6.139972687 0.004706515 0.999988735 0.000682887 -2.733474731 -0.416276038 0.001338318 0.909237385 104.749862671
0.903233051 -0.005269861 0.429118007 6.414810181 0.005456281 0.999984741 0.000795793 -2.745738745 -0.429115713 0.001622602 0.903248131 105.250923157
0.896079361 -0.005587762 0.443858713 6.659832001 0.005558916 0.999983549 0.001366290 -2.769564152 -0.443859071 0.001243070 0.896095753 105.746650696
0.890164852 -0.006092534 0.455597907 6.939743042 0.005739973 0.999981225 0.002157380 -2.791962385 -0.455602527 0.000694696 0.890183032 106.233589172
0.884268820 -0.006543367 0.466932327 7.201915741 0.006140667 0.999978304 0.002384122 -2.803801298 -0.466937751 0.000759072 0.884289801 106.705764771
0.876953661 -0.007299548 0.480519533 7.479225159 0.007355640 0.999971390 0.001766386 -2.806671619 -0.480518669 0.001985490 0.876982272 107.199348450
0.870222270 -0.007815430 0.492597550 7.774322510 0.008011399 0.999966443 0.001712293 -2.822331905 -0.492594451 0.002456321 0.870255530 107.655990601
