1.000000000 0.000000000 0.000000000 0.000000000 0.000000000 1.000000000 0.000000000 0.000000000 0.000000000 0.000000000 1.000000000 0.000000000
1.000000000 0.000071013 0.000063881 -0.000848004 -0.000071022 1.000000000 0.000148428 -0.000410688 -0.000063871 -0.000148433 1.000000000 -0.000113259
1.000000000 0.000009976 0.000091668 -0.000886134 -0.000009974 1.000000000 -0.000024992 0.000642906 -0.000091668 0.000024991 1.000000000 -0.000093698
1.000000000 0.000082813 0.000049441 -0.000339590 -0.000082815 1.000000000 0.000029082 -0.000306843 -0.000049438 -0.000029086 1.000000000 0.000188904
1.000000000 0.000087042 0.000179846 -0.001110042 -0.000087061 1.000000000 0.000103269 -0.000614250 -0.000179837 -0.000103285 1.000000000 0.000506283
1.000000000 -0.000075237 0.000014572 -0.000201981 0.000075237 1.000000000 0.000027772 0.000066289 -0.000014574 -0.000027771 1.000000000 -0.000063362
1.000000000 0.000087499 0.000108687 -0.001389322 -0.000087512 1.000000000 0.000126137 -0.000904278 -0.000108676 -0.000126146 1.000000000 -0.000951559
1.000000000 0.000080395 0.000061089 -0.000807096 -0.000080392 1.000000000 -0.000053358 0.000065636 -0.000061093 0.000053353 1.000000000 -0.000379403
1.000000000 0.000109664 0.000149701 -0.001015708 -0.000109672 1.000000000 0.000052451 -0.001056602 -0.000149696 -0.000052467 1.000000000 -0.000379741
1.000000000 0.000202311 0.000129676 -0.001449393 -0.000202330 0.999999940 0.000145664 -0.000904435 -0.000129646 -0.000145690 1.000000000 0.000542853
1.000000000 0.000085017 0.000114242 -0.000510500 -0.000085026 1.000000000 0.000071428 -0.000677574 -0.000114236 -0.000071438 1.000000000 0.000566588
1.000000000 0.000113115 0.000131988 -0.000887042 -0.000113122 1.000000000 0.000053516 -0.001005542 -0.000131982 -0.000053531 1.000000000 -0.000090250
1.000000000 0.000078247 0.000092958 -0.000713748 -0.000078249 1.000000000 0.000019509 0.000111524 -0.000092956 -0.000019516 1.000000000 -0.000006902
1.000000000 0.000126861 0.000123805 -0.001923130 -0.000126858 1.000000000 -0.000024966 0.000292002 -0.000123808 0.000024950 1.000000000 -0.000455926
1.000000000 0.000190151 0.000116084 -0.000536392 -0.000190155 1.000000000 0.000035855 0.000761793 -0.000116077 -0.000035877 1.000000000 0.000932964
0.999999940 0.000269525 0.000169193 -0.001513978 -0.000269523 0.999999940 -0.000011668 0.000735637 -0.000169196 0.000011622 1.000000000 0.000531710
0.999999940 0.000322052 0.000204591 -0.001732113 -0.000322054 0.999999940 0.000007871 0.000334330 -0.000204588 -0.000007937 1.000000000 0.001346556
0.999999940 0.000256500 0.000189893 -0.001762534 -0.000256500 0.999999940 0.000001603 0.001290868 -0.000189893 -0.000001652 1.000000000 0.002277157
0.999999940 0.000252348 0.000246844 -0.001988076 -0.000252329 0.999999940 -0.000078443 0.001230390 -0.000246864 0.000078381 0.999999940 0.001353920
0.999999940 0.000236344 0.000203789 -0.002020146 -0.000236343 1.000000000 -0.000005073 0.000704786 -0.000203790 0.000005025 1.000000000 0.002053532
0.999999940 0.000321540 0.000129535 -0.001606915 -0.000321535 0.999999940 -0.000036553 0.001272196 -0.000129547 0.000036512 1.000000000 0.001688811
0.999999940 0.000289928 0.000186758 -0.001806536 -0.000289917 0.999999940 -0.000061265 0.001374746 -0.000186776 0.000061211 1.000000000 0.002316294
0.999999940 0.000242654 0.000209213 -0.002299908 -0.000242650 1.000000000 -0.000019284 0.001289170 -0.000209218 0.000019234 1.000000000 0.001590548
0.999999881 0.000394491 0.000167891 -0.002341389 -0.000394490 0.999999940 -0.000009359 0.001333502 -0.000167894 0.000009293 1.000000000 0.002267383
0.999999881 0.000373881 0.000253495 -0.002075847 -0.000373886 0.999999940 0.000019525 0.000622261 -0.000253488 -0.000019620 0.999999940 0.001450493
0.999999940 0.000305737 0.000223609 -0.002303781 -0.000305729 0.999999940 -0.000037702 0.002236026 -0.000223621 0.000037634 1.000000000 0.002613266
0.999999940 0.000305359 0.000200481 -0.001874493 -0.000305371 0.999999940 0.000060789 0.000959819 -0.000200463 -0.000060850 1.000000000 0.001872474
0.999999940 0.000352935 0.000118940 -0.002073372 -0.000352928 0.999999940 -0.000054227 0.001789850 -0.000118959 0.000054186 1.000000000 0.001420846
0.999999940 0.000379115 0.000126738 -0.001917555 -0.000379101 0.999999940 -0.000108756 0.002473281 -0.000126780 0.000108708 1.000000000 0.001548811
0.999999881 0.000398188 0.000221316 -0.001545464 -0.000398186 0.999999940 -0.000010008 0.001152777 -0.000221320 0.000009920 1.000000000 0.002039506
0.999999881 0.000374051 0.000321991 -0.002715889 -0.000374032 0.999999940 -0.000059647 0.002024557 -0.000322013 0.000059527 0.999999940 0.002313418
0.999999881 0.000418414 0.000223878 -0.001999730 -0.000418395 0.999999881 -0.000083342 0.002016932 -0.000223913 0.000083248 1.000000000 0.002809405
0.999999940 0.000355939 0.000190319 -0.001727209 -0.000355938 0.999999940 -0.000008086 0.000397771 -0.000190322 0.000008018 1.000000000 0.000884142
0.999999821 0.000456838 0.000329875 -0.003243724 -0.000456833 0.999999881 -0.000014244 0.001006200 -0.000329882 0.000014093 0.999999940 0.001762291
0.999999881 0.000388464 0.000214702 -0.001506362 -0.000388443 0.999999940 -0.000097722 0.001683106 -0.000214740 0.000097639 1.000000000 0.001541836
0.999999881 0.000354956 0.000230174 -0.002972155 -0.000354943 0.999999940 -0.000057004 0.001704460 -0.000230194 0.000056923 1.000000000 0.001733153
0.999999881 0.000414102 0.000173932 -0.002216370 -0.000414083 0.999999881 -0.000110479 0.002634430 -0.000173978 0.000110407 1.000000000 0.001887096
0.999999881 0.000454866 0.000258970 -0.002446791 -0.000454848 0.999999881 -0.000069046 0.002106254 -0.000259002 0.000068928 0.999999940 0.002057747
0.999999881 0.000468980 0.000225271 -0.001578466 -0.000468974 0.999999881 -0.000027140 0.001954374 -0.000225284 0.000027035 1.000000000 0.001083389
0.999999940 0.000292880 0.000183879 -0.001107111 -0.000292859 0.999999940 -0.000116239 0.001165211 -0.000183913 0.000116185 1.000000000 0.001126953
0.999999821 0.000458949 0.000325324 -0.001423339 -0.000458753 0.999999702 -0.000602735 -0.002217397 -0.000325601 0.000602586 0.999999762 0.048404634
0.999999762 0.000641978 0.000281712 0.000027502 -0.000641640 0.999999106 -0.001198210 -0.003124300 -0.000282481 0.001198029 0.999999225 0.139277741
0.999998093 0.001774954 0.000796485 -0.007106969 -0.001774394 0.999998152 -0.000703876 -0.006981155 -0.000797733 0.000702461 0.999999464 0.263177425
0.999997258 0.002144277 0.000893341 -0.004579687 -0.002143929 0.999997616 -0.000390458 -0.012322449 -0.000894176 0.000388542 0.999999523 0.393547535
0.999996603 0.002399555 0.000981210 -0.005064099 -0.002398975 0.999996901 -0.000591578 -0.015081492 -0.000982627 0.000589222 0.999999344 0.538276970
0.999997914 0.001865029 0.000905804 -0.000395751 -0.001864703 0.999998212 -0.000361152 -0.020508302 -0.000906476 0.000359463 0.999999583 0.690170407
0.999998093 0.001780232 0.000924611 0.005381337 -0.001780115 0.999998450 -0.000128088 -0.023582302 -0.000924838 0.000126442 0.999999642 0.855502844
0.999998152 0.001739291 0.000912198 0.009120648 -0.001739077 0.999998510 -0.000235285 -0.027676485 -0.000912606 0.000233698 0.999999583 1.022533059
0.999997377 0.002073427 0.000966303 0.008522451 -0.002073334 0.999997854 -0.000097295 -0.031079665 -0.000966502 0.000095291 0.999999523 1.212751985
0.999997139 0.002090820 0.001154684 0.012937997 -0.002091350 0.999997735 0.000457698 -0.040428195 -0.001153724 -0.000460112 0.999999285 1.389617085
0.999997199 0.002096300 0.001094346 0.016036361 -0.002096646 0.999997795 0.000314892 -0.039554309 -0.001093683 -0.000317185 0.999999404 1.592188478
0.999997854 0.001628866 0.001210852 0.024083335 -0.001629493 0.999998510 0.000516801 -0.043063875 -0.001210009 -0.000518773 0.999999106 1.793457866
0.999997079 0.002086562 0.001205003 0.021642109 -0.002087353 0.999997616 0.000655707 -0.055054799 -0.001203632 -0.000658220 0.999999046 1.991942763
0.999997139 0.001945628 0.001367682 0.022730924 -0.001946903 0.999997675 0.000932044 -0.066859104 -0.001365866 -0.000934704 0.999998569 2.202886105
0.999996006 0.002338313 0.001535498 0.026755011 -0.002339673 0.999996841 0.000884843 -0.071323849 -0.001533424 -0.000888432 0.999998450 2.423178673
0.999995768 0.002437511 0.001576559 0.031005841 -0.002438699 0.999996722 0.000751902 -0.077091545 -0.001574722 -0.000755744 0.999998450 2.646947384
0.999995947 0.002299810 0.001663351 0.039081618 -0.002301329 0.999996960 0.000912055 -0.082242243 -0.001661248 -0.000915879 0.999998212 2.874967337
0.999996364 0.002160515 0.001599402 0.043359898 -0.002162009 0.999997258 0.000932601 -0.085371949 -0.001597383 -0.000936055 0.999998271 3.118269205
0.999996066 0.002236371 0.001657820 0.050919987 -0.002238045 0.999996901 0.001008826 -0.097487792 -0.001655559 -0.001012532 0.999998093 3.348895788
0.999995947 0.002239645 0.001722278 0.054384079 -0.002241603 0.999996781 0.001135470 -0.105977021 -0.001719730 -0.001139327 0.999997854 3.593905210
0.999996364 0.002062047 0.001731022 0.060601540 -0.002064095 0.999997199 0.001182238 -0.112446524 -0.001728580 -0.001185807 0.999997795 3.860583782
0.999996781 0.001759266 0.001785164 0.066007473 -0.001761610 0.999997616 0.001312407 -0.118630700 -0.001782851 -0.001315548 0.999997556 4.112545013
0.999995410 0.002145713 0.002136187 0.073443323 -0.002148926 0.999996662 0.001502866 -0.126944885 -0.002132955 -0.001507449 0.999996603 4.368649006
0.999996006 0.002046027 0.001961482 0.076945417 -0.002049027 0.999996722 0.001528832 -0.135141671 -0.001958348 -0.001532845 0.999996901 4.630503654
0.999995828 0.002128314 0.001943381 0.084041245 -0.002130887 0.999996781 0.001322950 -0.137953922 -0.001940559 -0.001327085 0.999997258 4.893217564
0.999994338 0.002573340 0.002168063 0.089871302 -0.002576714 0.999995410 0.001554803 -0.145460233 -0.002164052 -0.001560381 0.999996424 5.152435303
0.999994159 0.002599155 0.002189513 0.091577791 -0.002602013 0.999995708 0.001303574 -0.155063927 -0.002186116 -0.001309264 0.999996781 5.412095070
0.999994695 0.002470435 0.002131626 0.097816363 -0.002473075 0.999996185 0.001236983 -0.161578625 -0.002128562 -0.001242248 0.999997020 5.681056499
0.999994397 0.002397626 0.002388372 0.099446572 -0.002401424 0.999995828 0.001588240 -0.172942549 -0.002384554 -0.001593966 0.999995887 5.947681427
0.999993801 0.002488435 0.002489859 0.105450049 -0.002491888 0.999995828 0.001384660 -0.179310799 -0.002486404 -0.001390856 0.999995887 6.230642796
0.999993145 0.002684648 0.002529738 0.117259108 -0.002688214 0.999995351 0.001407302 -0.181176692 -0.002525948 -0.001414093 0.999995828 6.523418427
0.999993563 0.002611548 0.002504524 0.117380545 -0.002614954 0.999995589 0.001357556 -0.192180753 -0.002500968 -0.001364096 0.999995947 6.810046196
0.999993801 0.002554359 0.002405130 0.125135720 -0.002557830 0.999995649 0.001441218 -0.200119615 -0.002401438 -0.001447361 0.999996066 7.113450050
0.999994576 0.002495987 0.002140302 0.135119826 -0.002499118 0.999995828 0.001461392 -0.209288880 -0.002136645 -0.001466733 0.999996662 7.412506580
0.999996126 0.002029526 0.001885995 0.144383073 -0.002032219 0.999996960 0.001427060 -0.219313979 -0.001883093 -0.001430887 0.999997258 7.721908569
0.999995887 0.001986342 0.002042893 0.153869733 -0.001989451 0.999996901 0.001520946 -0.226338759 -0.002039865 -0.001525004 0.999996781 8.039561272
0.999991596 0.003075057 0.002681252 0.147412866 -0.003079426 0.999993920 0.001627090 -0.241551891 -0.002676232 -0.001635333 0.999995053 8.349498749
0.999992967 0.002890405 0.002388845 0.158926040 -0.002893446 0.999994993 0.001270615 -0.248134419 -0.002385160 -0.001277518 0.999996305 8.675126076
0.999992073 0.003075769 0.002533176 0.167950392 -0.003079050 0.999994397 0.001292232 -0.255211085 -0.002529187 -0.001300021 0.999995947 9.017691612
0.999991000 0.003357986 0.002587309 0.169827744 -0.003362387 0.999992907 0.001698287 -0.271554768 -0.002581588 -0.001706971 0.999995172 9.355512619
0.999988854 0.003773680 0.002831169 0.174824879 -0.003778318 0.999991536 0.001634855 -0.282993436 -0.002824976 -0.001645534 0.999994636 9.693206787
0.999991357 0.003114497 0.002756472 0.186968699 -0.003119761 0.999993324 0.001907592 -0.291319668 -0.002750513 -0.001916175 0.999994397 10.044046402
0.999992490 0.002978676 0.002537896 0.196621597 -0.002981744 0.999994814 0.001205824 -0.296841592 -0.002534292 -0.001213382 0.999996006 10.404922485
0.999992132 0.003052984 0.002532759 0.204966277 -0.003055953 0.999994576 0.001169128 -0.307098210 -0.002529177 -0.001176858 0.999996066 10.765541077
0.999993384 0.002712244 0.002449223 0.213460609 -0.002715488 0.999995470 0.001322091 -0.314794302 -0.002445626 -0.001328733 0.999996126 11.132461548
0.999993742 0.002485386 0.002512098 0.226642653 -0.002489699 0.999995410 0.001715483 -0.328120887 -0.002507823 -0.001721726 0.999995351 11.507430077
0.999992311 0.003030066 0.002489417 0.235169545 -0.003033868 0.999994218 0.001525070 -0.334521681 -0.002484781 -0.001532611 0.999995708 11.885078430
0.999992013 0.002802830 0.002845737 0.239305958 -0.002808073 0.999994338 0.001840065 -0.352847666 -0.002840563 -0.001848042 0.999994278 12.267770767
0.999990761 0.003047544 0.003029795 0.250608236 -0.003054095 0.999992907 0.002159716 -0.364336431 -0.003023192 -0.002168949 0.999993086 12.656790733
0.999989271 0.003153658 0.003391058 0.252277792 -0.003161138 0.999992549 0.002202803 -0.376315832 -0.003384086 -0.002213499 0.999991834 13.044973373
0.999989629 0.003211460 0.003240516 0.269548446 -0.003217907 0.999992847 0.001986157 -0.389411747 -0.003234114 -0.001996564 0.999992847 13.444409370
0.999988973 0.003185254 0.003454638 0.272962362 -0.003191732 0.999993145 0.001871196 -0.395491928 -0.003448654 -0.001882202 0.999992311 13.862232208
0.999989033 0.003229616 0.003406078 0.285846680 -0.003236268 0.999992907 0.001949297 -0.405475587 -0.003399758 -0.001960299 0.999992251 14.275307655
0.999986172 0.003483458 0.003945136 0.288871437 -0.003490581 0.999992251 0.001800269 -0.416060925 -0.003938834 -0.001814015 0.999990582 14.700551987
0.999988735 0.003105994 0.003601465 0.302034050 -0.003113076 0.999993205 0.001962412 -0.426201433 -0.003595345 -0.001973601 0.999991596 15.129186630
0.999985874 0.003081553 0.004327626 0.306983232 -0.003090424 0.999993086 0.002044606 -0.444997996 -0.004321296 -0.002057951 0.999988496 15.547936440
0.999983013 0.003083114 0.004941686 0.313275188 -0.003090760 0.999993980 0.001540279 -0.452871948 -0.004936907 -0.001555526 0.999986649 15.995524406
0.999979675 0.003663630 0.005219733 0.326598167 -0.003674986 0.999990880 0.002167610 -0.466781199 -0.005211744 -0.002186748 0.999984026 16.426898956
0.999976933 0.004045763 0.005467916 0.335470140 -0.004056907 0.999989629 0.002028553 -0.476980269 -0.005459653 -0.002050689 0.999982953 16.878517151
0.999976993 0.003810139 0.005637813 0.346546471 -0.003821693 0.999990642 0.002039847 -0.490792960 -0.005629988 -0.002061346 0.999981999 17.329431534
0.999976158 0.003966372 0.005659604 0.358891666 -0.003977218 0.999990344 0.001906399 -0.499315888 -0.005651987 -0.001928864 0.999982178 17.789449692
0.999972463 0.003793697 0.006376433 0.369181097 -0.003807640 0.999990344 0.002175963 -0.516567707 -0.006368117 -0.002200183 0.999977291 18.250648499
0.999972045 0.003408627 0.006651029 0.379659414 -0.003426926 0.999990344 0.002741906 -0.529563546 -0.006641619 -0.002764622 0.999974132 18.704725266
0.999976575 0.002944929 0.006177178 0.400200248 -0.002958736 0.999993145 0.002227321 -0.536564469 -0.006170577 -0.002245546 0.999978423 19.202512741
0.999968886 0.004207088 0.006677103 0.414866656 -0.004222021 0.999988556 0.002223873 -0.556059182 -0.006667671 -0.002251994 0.999975264 19.683084488
0.999967635 0.004731713 0.006507453 0.423624486 -0.004750602 0.999984503 0.002890373 -0.573321998 -0.006493676 -0.002921195 0.999974728 20.169969559
0.999971628 0.004409235 0.006112228 0.443795562 -0.004423778 0.999987423 0.002367884 -0.585027218 -0.006101710 -0.002394855 0.999978602 20.654872894
0.999973655 0.003754701 0.006211239 0.452791214 -0.003769848 0.999989867 0.002428728 -0.594782531 -0.006202057 -0.002452079 0.999977767 21.131156921
0.999971390 0.004105463 0.006354718 0.460838437 -0.004117978 0.999989510 0.001957657 -0.601705015 -0.006346615 -0.001983769 0.999977887 21.642564774
0.999973238 0.004376310 0.005854163 0.468444645 -0.004386826 0.999988675 0.001784749 -0.614298940 -0.005846286 -0.001810383 0.999981284 22.145595551
0.999973595 0.004453754 0.005727768 0.477238148 -0.004468013 0.999986947 0.002478992 -0.637541056 -0.005716652 -0.002504519 0.999980509 22.636785507
0.999974489 0.005099141 0.005000643 0.486992717 -0.005113353 0.999982893 0.002833582 -0.655283809 -0.004986108 -0.002859080 0.999983490 23.158653259
0.999979496 0.004167554 0.004888563 0.489521921 -0.004182070 0.999986887 0.002963128 -0.676476538 -0.004876151 -0.002983511 0.999983668 23.649932861
0.999987781 0.002707873 0.004142462 0.502429187 -0.002718898 0.999992847 0.002658185 -0.688244879 -0.004135234 -0.002669415 0.999987900 24.185749054
0.999983549 0.004169190 0.003974551 0.512218893 -0.004181226 0.999986708 0.003024589 -0.709638596 -0.003961889 -0.003041158 0.999987543 24.711894989
0.999988258 0.003796958 0.003015665 0.533945441 -0.003806283 0.999988019 0.003092601 -0.718937576 -0.003003886 -0.003104043 0.999990642 25.247009277
0.999985218 0.004800020 0.002550704 0.546970308 -0.004807015 0.999984741 0.002743566 -0.733052731 -0.002537496 -0.002755787 0.999992967 25.783985138
0.999982595 0.005253140 0.002682572 0.543868780 -0.005261127 0.999981701 0.002979146 -0.755402207 -0.002666873 -0.002993207 0.999991953 26.352575302
0.999985158 0.004776231 0.002614979 0.552845001 -0.004785231 0.999982595 0.003446549 -0.763279855 -0.002598472 -0.003459011 0.999990642 26.901529312
0.999987245 0.004644967 0.001999759 0.566718578 -0.004651179 0.999984324 0.003113081 -0.772953093 -0.001985267 -0.003122343 0.999993145 27.476858139
0.999979973 0.005991684 0.002022604 0.576328456 -0.005998273 0.999976814 0.003268352 -0.803031862 -0.002002974 -0.003280420 0.999992609 27.993236542
0.999974728 0.006840717 0.001959838 0.587624431 -0.006847433 0.999970734 0.003441122 -0.812180638 -0.001936241 -0.003454455 0.999992192 28.544729233
0.999978900 0.006309117 0.001489719 0.597928345 -0.006314814 0.999972761 0.003852459 -0.835926056 -0.001465373 -0.003861785 0.999991417 29.080917358
0.999975741 0.006813437 0.001464305 0.605893314 -0.006818944 0.999969602 0.003789061 -0.848061442 -0.001438444 -0.003798954 0.999991715 29.627117157
0.999976754 0.006698997 0.001379128 0.617266417 -0.006704033 0.999970734 0.003679455 -0.858963549 -0.001354439 -0.003688615 0.999992192 30.160570145
0.999974906 0.006902428 0.001608331 0.624065816 -0.006908395 0.999969125 0.003734025 -0.875416636 -0.001582508 -0.003745043 0.999991715 30.705308914
0.999975204 0.006881351 0.001477745 0.637826741 -0.006886786 0.999969423 0.003704382 -0.892743528 -0.001452208 -0.003714468 0.999992073 31.244920731
0.999969840 0.007687847 0.001049203 0.645485699 -0.007691602 0.999963880 0.003623527 -0.904429913 -0.001021308 -0.003631489 0.999992907 31.795722961
0.999972820 0.007300294 0.001030450 0.660809457 -0.007304279 0.999965668 0.003918860 -0.925360084 -0.001001806 -0.003926280 0.999991775 32.333286285
0.999973059 0.007326778 0.000512064 0.666820109 -0.007328757 0.999965250 0.003975309 -0.938779593 -0.000482920 -0.003978955 0.999991953 32.875663757
0.999977767 0.006644668 0.000610375 0.690600812 -0.006647191 0.999968886 0.004229883 -0.957937479 -0.000582250 -0.004233846 0.999990880 33.422779083
0.999975860 0.006951947 0.000289148 0.704405546 -0.006953144 0.999966264 0.004370498 -0.973705292 -0.000258755 -0.004372402 0.999990404 33.969528198
0.999978662 0.006548175 -0.000303845 0.718247771 -0.006546778 0.999968886 0.004396072 -0.991746187 0.000332622 -0.004393990 0.999990284 34.496799469
0.999978840 0.006469078 -0.000784611 0.732070327 -0.006465382 0.999968410 0.004624425 -1.009806633 0.000814502 -0.004619255 0.999989033 35.037738800
0.999983549 0.005645674 -0.001029327 0.746532798 -0.005640944 0.999973774 0.004541596 -1.017358303 0.001054941 -0.004535716 0.999989152 35.583492279
0.999979615 0.006362858 -0.000496746 0.744786203 -0.006360472 0.999968827 0.004664879 -1.033909917 0.000526413 -0.004661625 0.999988973 36.108558655
0.999979913 0.006304693 -0.000639577 0.767385244 -0.006301903 0.999971151 0.004274728 -1.044838905 0.000666509 -0.004270611 0.999990642 36.658279419
0.999976158 0.006804633 -0.001142294 0.775397897 -0.006800341 0.999969959 0.003720037 -1.056366324 0.001167573 -0.003712181 0.999992430 37.209209442
0.999979198 0.006415342 -0.000614283 0.787951469 -0.006412586 0.999969840 0.004388053 -1.075946689 0.000642415 -0.004384023 0.999990165 37.743293762
0.999981940 0.005926093 -0.001027943 0.799702704 -0.005921222 0.999971569 0.004678664 -1.092124462 0.001055640 -0.004672493 0.999988496 38.287071228
0.999979973 0.006261686 -0.000953402 0.810371816 -0.006257669 0.999971867 0.004160185 -1.096104383 0.000979426 -0.004154136 0.999990821 38.842346191
0.999974549 0.007113042 -0.000751637 0.811062694 -0.007109780 0.999965608 0.004257753 -1.112745523 0.000781896 -0.004252299 0.999990642 39.342281342
0.999975920 0.006946614 -0.000018490 0.817930400 -0.006946460 0.999965727 0.004502132 -1.129377007 0.000049763 -0.004501895 0.999989867 39.895919800
0.999974370 0.007108257 -0.000845817 0.833244741 -0.007104627 0.999965847 0.004221050 -1.139695525 0.000875792 -0.004214933 0.999990761 40.403865814
0.999974906 0.007028397 -0.000939626 0.845512748 -0.007024519 0.999967039 0.004069439 -1.150613427 0.000968197 -0.004062736 0.999991298 40.961029053
0.999972582 0.007289966 -0.001296909 0.858160138 -0.007284717 0.999965429 0.004005654 -1.162717462 0.001326066 -0.003996096 0.999991179 41.507564545
0.999967396 0.008047736 -0.000694356 0.853049338 -0.008044925 0.999959767 0.003961762 -1.176263213 0.000726212 -0.003956047 0.999991894 42.020198822
0.999970019 0.007711570 -0.000765965 0.865830123 -0.007708469 0.999962330 0.003973770 -1.188781619 0.000796581 -0.003967746 0.999991775 42.574489594
0.999969721 0.007735124 -0.000879433 0.883426428 -0.007730841 0.999958634 0.004774979 -1.211785436 0.000916332 -0.004768035 0.999988198 43.111854553
0.999966919 0.008119782 -0.000473810 0.879117906 -0.008117761 0.999958515 0.004126193 -1.216667175 0.000507294 -0.004122210 0.999991298 43.620685577
0.999969363 0.007799082 -0.000758146 0.889513254 -0.007795634 0.999959767 0.004448705 -1.232144713 0.000792811 -0.004442659 0.999989748 44.159610748
0.999967992 0.007944295 -0.000943303 0.902925313 -0.007940115 0.999958932 0.004358080 -1.248921990 0.000977886 -0.004350450 0.999990046 44.687660217
0.999956131 0.009367457 -0.000008714 0.908883214 -0.009367341 0.999947608 0.004123513 -1.251624227 0.000047340 -0.004123251 0.999991417 45.234306335
0.999963164 0.008558581 0.000553051 0.901477814 -0.008560712 0.999955475 0.003970641 -1.270786047 -0.000519044 -0.003975229 0.999991953 45.757099152
0.999970138 0.007732504 0.000103832 0.915714681 -0.007732863 0.999961853 0.004060294 -1.286406875 -0.000072431 -0.004060976 0.999991775 46.296722412
0.999963760 0.008495607 0.000517925 0.924172938 -0.008497989 0.999952435 0.004783514 -1.307083845 -0.000477262 -0.004787743 0.999988437 46.837520599
0.999956906 0.009264828 0.000548947 0.920199156 -0.009267067 0.999948084 0.004228054 -1.309935331 -0.000509745 -0.004232959 0.999990940 47.360473633
0.999961793 0.008726197 0.000443531 0.930245519 -0.008727861 0.999954402 0.003895912 -1.324373603 -0.000409514 -0.003899636 0.999992371 47.891643524
0.999962211 0.008650764 0.000863835 0.938992918 -0.008654275 0.999953985 0.004143871 -1.334502220 -0.000827948 -0.004151190 0.999991059 48.433055878
0.999963999 0.008470866 0.000381755 0.948061943 -0.008472439 0.999954820 0.004326940 -1.347759247 -0.000345084 -0.004330019 0.999990582 48.981861115
0.999958873 0.009060266 0.000411413 0.967017293 -0.009061915 0.999950171 0.004196346 -1.360634565 -0.000373373 -0.004199901 0.999991179 49.528041840
0.999959648 0.008903189 0.001188513 0.960570872 -0.008908584 0.999949694 0.004612723 -1.379920006 -0.001147385 -0.004623125 0.999988616 50.017288208
0.999952853 0.009580036 0.001570745 0.968182683 -0.009587170 0.999943554 0.004598696 -1.393610954 -0.001526601 -0.004613538 0.999988139 50.554759979
0.999959648 0.008906340 0.001134056 0.978420138 -0.008911277 0.999950469 0.004427860 -1.409202576 -0.001094564 -0.004437788 0.999989510 51.075244904
0.999953568 0.009524093 0.001470984 0.981536090 -0.009530490 0.999944806 0.004406593 -1.416015744 -0.001428934 -0.004420407 0.999989212 51.619003296
0.999954700 0.009377202 0.001581987 0.991620064 -0.009383928 0.999946713 0.004298035 -1.431569219 -0.001541599 -0.004312686 0.999989510 52.157577515
0.999954998 0.009344720 0.001623609 1.001259208 -0.009352033 0.999945819 0.004556476 -1.444289565 -0.001580942 -0.004571456 0.999988317 52.687950134
0.999953747 0.009539728 0.001171014 1.014026523 -0.009544836 0.999944568 0.004435492 -1.458378434 -0.001128636 -0.004446463 0.999989510 53.230567932
0.999951482 0.009698199 0.001741307 1.024400473 -0.009704896 0.999945343 0.003879088 -1.469902158 -0.001703591 -0.003895799 0.999990940 53.763568878
0.999947190 0.010086238 0.001971735 1.030136824 -0.010093770 0.999941647 0.003847821 -1.481665969 -0.001932810 -0.003867520 0.999990642 54.296272278
0.999945998 0.010221484 0.001841676 1.042805910 -0.010227997 0.999941289 0.003562627 -1.493573189 -0.001805153 -0.003581271 0.999991953 54.847915649
0.999953270 0.009491866 0.001843548 1.055804729 -0.009498758 0.999947727 0.003765203 -1.504995942 -0.001807713 -0.003782538 0.999991238 55.369831085
0.999948502 0.009989331 0.001751795 1.059472561 -0.009995829 0.999943018 0.003740093 -1.517453194 -0.001714334 -0.003757411 0.999991417 55.901844025
0.999942005 0.010573935 0.002028775 1.073160648 -0.010580637 0.999938488 0.003321491 -1.531674623 -0.001993529 -0.003342764 0.999992371 56.448284149
0.999946713 0.010057845 0.002324349 1.077969193 -0.010066464 0.999942362 0.003726521 -1.544261217 -0.002286735 -0.003749719 0.999990344 56.983089447
0.999954820 0.009353485 0.001691173 1.091335893 -0.009359853 0.999948978 0.003798224 -1.558269620 -0.001655560 -0.003813882 0.999991357 57.530014038
0.999944806 0.010259669 0.002251685 1.097288013 -0.010267738 0.999940813 0.003601744 -1.575068951 -0.002214600 -0.003624664 0.999991000 58.065071106
0.999945700 0.010153342 0.002310775 1.103723764 -0.010159973 0.999944270 0.002876486 -1.581060410 -0.002281440 -0.002899807 0.999993265 58.610065460
0.999945939 0.010147908 0.002260937 1.118357301 -0.010156301 0.999941468 0.003732950 -1.601547599 -0.002222923 -0.003755711 0.999990463 59.128124237
0.999947369 0.009976654 0.002368228 1.128940582 -0.009984877 0.999944031 0.003486069 -1.611842990 -0.002333316 -0.003509532 0.999991119 59.657070160
0.999950528 0.009724727 0.002085927 1.143678904 -0.009732028 0.999946415 0.003519063 -1.621405363 -0.002051594 -0.003539190 0.999991596 60.215854645
0.999940574 0.010581686 0.002626830 1.146360397 -0.010591464 0.999936879 0.003736415 -1.639215231 -0.002587126 -0.003764015 0.999989569 60.735744476
0.999940872 0.010508215 0.002802745 1.156480789 -0.010518818 0.999937415 0.003794462 -1.649937630 -0.002762697 -0.003823720 0.999988854 61.272739410
0.999945045 0.010228084 0.002317425 1.168370962 -0.010236152 0.999941468 0.003496859 -1.663755536 -0.002281523 -0.003520389 0.999991238 61.816440582
0.999940455 0.010450344 0.003144023 1.172729850 -0.010461996 0.999938369 0.003713033 -1.679028749 -0.003105027 -0.003745705 0.999988139 62.332473755
0.999933541 0.011077069 0.003191557 1.182326436 -0.011089302 0.999931157 0.003841631 -1.693333149 -0.003148783 -0.003876768 0.999987543 62.868175507
0.999937415 0.010767493 0.003016334 1.195071697 -0.010778711 0.999934971 0.003727322 -1.708344221 -0.002976003 -0.003759600 0.999988496 63.399864197
0.999937892 0.010646121 0.003295266 1.207926035 -0.010658935 0.999935627 0.003896200 -1.723831415 -0.003253575 -0.003931082 0.999987006 63.921241760
0.999932766 0.011001471 0.003663194 1.217781782 -0.011014444 0.999933064 0.003540112 -1.733826995 -0.003624002 -0.003580222 0.999987006 64.469551086
0.999938548 0.010552862 0.003396187 1.229798794 -0.010564872 0.999937952 0.003538175 -1.746049404 -0.003358639 -0.003573838 0.999987960 64.995704651
0.999927223 0.011310514 0.004178188 1.233166456 -0.011323556 0.999931097 0.003111152 -1.759482741 -0.004142711 -0.003158238 0.999986410 65.529701233
0.999934077 0.010882941 0.003660637 1.252357125 -0.010895241 0.999935031 0.003356930 -1.770482659 -0.003623866 -0.003396592 0.999987602 66.068244934
0.999928355 0.011233317 0.004132664 1.263717651 -0.011246691 0.999931574 0.003226811 -1.785480261 -0.004096134 -0.003273058 0.999986231 66.619110107
0.999938607 0.010523429 0.003472955 1.283178806 -0.010535234 0.999938726 0.003398954 -1.801888824 -0.003436973 -0.003435334 0.999988198 67.121200562
0.999928772 0.011254809 0.003969383 1.292667627 -0.011267153 0.999931753 0.003101739 -1.816086531 -0.003934203 -0.003146242 0.999987304 67.662345886
0.999928415 0.011390410 0.003661532 1.305166841 -0.011401682 0.999930263 0.003072479 -1.829581022 -0.003626280 -0.003114007 0.999988556 68.188568115
0.999934733 0.010936557 0.003318320 1.322177172 -0.010947083 0.999935031 0.003170913 -1.844059944 -0.003283426 -0.003207031 0.999989450 68.735977173
0.999943376 0.010172191 0.003120198 1.341099858 -0.010182542 0.999942660 0.003320234 -1.862850547 -0.003086245 -0.003351818 0.999989629 69.274612427
0.999925911 0.011501691 0.004011702 1.335864782 -0.011514132 0.999928951 0.003091718 -1.866404772 -0.003975858 -0.003137680 0.999987125 69.760063171
0.999939144 0.010438284 0.003582163 1.356739759 -0.010446243 0.999942958 0.002210477 -1.877480984 -0.003558885 -0.002247763 0.999991119 70.439109802
0.999938488 0.010394122 0.003868693 1.366907001 -0.010406885 0.999940395 0.003293597 -1.896878839 -0.003834228 -0.003333656 0.999987006 70.817100525
0.999940157 0.010347336 0.003542323 1.382214189 -0.010360712 0.999939084 0.003778657 -1.913654685 -0.003503008 -0.003815132 0.999986529 71.366149902
0.999937952 0.010429420 0.003904221 1.391865730 -0.010441041 0.999941051 0.002968081 -1.922218323 -0.003873036 -0.003008660 0.999987960 71.877075195
0.999941707 0.010114899 0.003776535 1.407184005 -0.010126674 0.999943852 0.003111678 -1.936460257 -0.003744849 -0.003149740 0.999988019 72.419952393
0.999942362 0.010075933 0.003706271 1.420911789 -0.010087949 0.999943852 0.003237762 -1.947518826 -0.003673439 -0.003274963 0.999987900 72.940864563
0.999944627 0.009809189 0.003812934 1.436869621 -0.009819889 0.999947846 0.002797439 -1.960568905 -0.003785294 -0.002834727 0.999988735 73.462127686
0.999940217 0.010362715 0.003481851 1.449172139 -0.010373520 0.999941409 0.003099743 -1.967208624 -0.003449525 -0.003135677 0.999989092 74.024032593
0.999939263 0.010315390 0.003858526 1.462772727 -0.010325826 0.999943078 0.002694340 -1.986370444 -0.003830513 -0.002734019 0.999988914 74.534690857
0.999946415 0.009864292 0.003140988 1.489831686 -0.009873525 0.999946952 0.002937751 -1.999212146 -0.003111842 -0.002968606 0.999990761 75.173545837
0.999936223 0.010450610 0.004276977 1.487729549 -0.010460764 0.999942422 0.002358549 -2.010550976 -0.004252083 -0.002403139 0.999988079 75.586822510
0.999934912 0.010559344 0.004307832 1.504307270 -0.010569379 0.999941409 0.002313252 -2.026987314 -0.004283153 -0.002358633 0.999988019 76.119873047
0.999932826 0.010870694 0.004020168 1.520797491 -0.010878779 0.999938786 0.001994522 -2.040838242 -0.003998240 -0.002038122 0.999989927 76.658813477
0.999938250 0.010345033 0.004064835 1.532800674 -0.010355038 0.999943376 0.002447841 -2.053437471 -0.004039282 -0.002489781 0.999988735 77.176834106
0.999942124 0.010027816 0.003884331 1.553815603 -0.010036195 0.999947309 0.002143792 -2.070023537 -0.003862629 -0.002182652 0.999990165 77.707618713
0.999938190 0.010336907 0.004082083 1.566185713 -0.010345598 0.999944210 0.002113448 -2.080144167 -0.004060008 -0.002155549 0.999989450 78.259826660
0.999939978 0.010142023 0.004135408 1.577952147 -0.010151278 0.999945998 0.002224045 -2.097898722 -0.004112628 -0.002265891 0.999988973 78.786262512
0.999939263 0.010333595 0.003824217 1.594017148 -0.010342477 0.999943852 0.002310042 -2.107064247 -0.003800131 -0.002349453 0.999989986 79.336547852
0.999930620 0.010610719 0.005106371 1.605926514 -0.010623042 0.999940693 0.002392227 -2.125638962 -0.005080685 -0.002446306 0.999984026 79.864898682
0.999923944 0.010501980 0.006451554 1.619028330 -0.010517265 0.999941885 0.002339705 -2.142060757 -0.006426608 -0.002407379 0.999976456 80.411827087
0.999920011 0.010379000 0.007225587 1.643121719 -0.010394456 0.999943733 0.002104841 -2.155075788 -0.007203335 -0.002179779 0.999971628 80.961639404
0.999900639 0.011262991 0.008483351 1.652366400 -0.011283931 0.999933302 0.002424636 -2.171479225 -0.008455478 -0.002520120 0.999961019 81.507293701
0.999873996 0.010740337 0.011691750 1.674151182 -0.010768714 0.999939203 0.002366865 -2.187797546 -0.011665619 -0.002492472 0.999928772 82.053146362
0.999828458 0.010279093 0.015407632 1.695054173 -0.010315806 0.999944091 0.002305147 -2.199339151 -0.015383074 -0.002463694 0.999878645 82.598548889
0.999775946 0.010055615 0.018623149 1.720637441 -0.010101392 0.999946117 0.002365711 -2.217987061 -0.018598355 -0.002553300 0.999823749 83.136306763
0.999701679 0.009922279 0.022316620 1.751636624 -0.009975827 0.999947548 0.002289326 -2.230232239 -0.022292735 -0.002511270 0.999748290 83.706520081
0.999543130 0.010192160 0.028455887 1.779904366 -0.010260985 0.999944806 0.002273640 -2.240548372 -0.028431140 -0.002564587 0.999592483 84.256774902
0.999349296 0.010263517 0.034578100 1.816083908 -0.010341938 0.999944270 0.002089864 -2.257685661 -0.034554731 -0.002446109 0.999399781 84.782554626
0.999106407 0.010363227 0.040974922 1.849263310 -0.010470563 0.999942243 0.002405840 -2.272730589 -0.040947624 -0.002832720 0.999157310 85.332107544
0.998767734 0.009977618 0.048614103 1.897319317 -0.010095711 0.999946654 0.002184269 -2.288126707 -0.048589721 -0.002672372 0.998815238 85.874664307
0.998319507 0.009898624 0.057098154 1.949648857 -0.010012341 0.999948382 0.001705829 -2.300366402 -0.057078324 -0.002274648 0.998367131 86.443000793
0.997875810 0.009904964 0.064388543 1.998428345 -0.010032000 0.999948382 0.001649936 -2.314065456 -0.064368874 -0.002292377 0.997923613 86.991111755
0.997268558 0.009949748 0.073187992 2.054790497 -0.010110405 0.999947250 0.001824967 -2.328096628 -0.073165976 -0.002559942 0.997316480 87.545974731
0.996467113 0.009524953 0.083442092 2.113818645 -0.009712389 0.999951124 0.001840656 -2.342680454 -0.083420493 -0.002644575 0.996510863 88.060119629
0.995684624 0.010096096 0.092251465 2.192572117 -0.010338096 0.999944270 0.002145746 -2.354006767 -0.092224665 -0.003090190 0.995733380 88.636314392
0.994937479 0.009034591 0.100089610 2.258092403 -0.009215766 0.999956667 0.001347897 -2.362804174 -0.100073107 -0.002263476 0.994977534 89.207809448
0.993981481 0.008502168 0.109217510 2.359364033 -0.008653103 0.999962151 0.000908064 -2.381511450 -0.109205648 -0.001847669 0.994017482 89.811973572
0.992757261 0.009115157 0.119791560 2.448074341 -0.009411247 0.999953866 0.001906188 -2.396603107 -0.119768657 -0.003019770 0.992797256 90.353027344
0.991623402 0.007866309 0.128924161 2.547490120 -0.008032233 0.999967575 0.000767090 -2.417131186 -0.128913939 -0.001796213 0.991654098 90.908050537
0.989992976 0.008176723 0.140880093 2.637538910 -0.008300023 0.999965429 0.000287644 -2.419638634 -0.140872896 -0.001454073 0.990026593 91.500267029
0.988167763 0.007502362 0.153193370 2.744890213 -0.007704027 0.999970198 0.000722840 -2.445071936 -0.153183356 -0.001894492 0.988195956 92.011650085
0.986475706 0.006774314 0.163767055 2.855699539 -0.006953445 0.999975801 0.000520585 -2.457850218 -0.163759515 -0.001652290 0.986498892 92.549781799
0.984674931 0.006927377 0.174262002 2.970102310 -0.007112440 0.999974608 0.000437505 -2.471152782 -0.174254552 -0.001670228 0.984699249 93.104820251
0.982303858 0.006635572 0.187176183 3.092938423 -0.006839120 0.999976456 0.000441709 -2.487804890 -0.187168851 -0.001714013 0.982326269 93.641807556
0.979961693 0.006454037 0.199081510 3.230318069 -0.006686084 0.999977529 0.000493323 -2.502147198 -0.199073851 -0.001814513 0.979982913 94.189086914
0.977803290 0.006097503 0.209436238 3.362045288 -0.006322787 0.999979913 0.000406143 -2.516055107 -0.209429532 -0.001721348 0.977822244 94.723266602
0.974895358 0.005923021 0.222584680 3.511199951 -0.006178616 0.999980748 0.000451952 -2.532679558 -0.222577751 -0.001815872 0.974913180 95.267379761
0.971806169 0.005308556 0.235721365 3.660608292 -0.005471422 0.999985039 0.000036850 -2.542175055 -0.235717610 -0.001325542 0.971820652 95.795700073
0.969130635 0.004075043 0.246514142 3.820007324 -0.004130518 0.999991357 -0.000292054 -2.554869652 -0.246513203 -0.000735193 0.969139159 96.309982300
0.966208160 0.004535769 0.257722944 3.979009628 -0.004698257 0.999988914 0.000014654 -2.574529171 -0.257720023 -0.001225008 0.966218889 96.816650391
0.962539613 0.004915212 0.271096647 4.160215378 -0.005161820 0.999986649 0.000196648 -2.591801643 -0.271092057 -0.001588633 0.962552130 97.381317139
0.958856285 0.004469750 0.283856809 4.338354111 -0.004535220 0.999989688 -0.000426551 -2.602220774 -0.283855796 -0.000878352 0.958866656 97.908294678
0.955311179 0.005053925 0.295558900 4.521158218 -0.005244617 0.999986231 -0.000147567 -2.608910799 -0.295555562 -0.001409121 0.955324471 98.436149597
0.951054096 0.004621007 0.308989912 4.717792511 -0.004796211 0.999988496 -0.000192554 -2.633518696 -0.308987290 -0.001298852 0.951065421 98.972999573
0.946584105 0.003552238 0.322437465 4.927978516 -0.003519944 0.999993682 -0.000683208 -2.644105434 -0.322437882 -0.000488248 0.946590483 99.496185303
0.942566872 0.004134620 0.333991826 5.131299973 -0.004202998 0.999991059 -0.000517903 -2.654745817 -0.333991051 -0.000915610 0.942575812 99.998970032
0.937821627 0.004350669 0.347090334 5.338552475 -0.004535180 0.999989688 -0.000280719 -2.681753874 -0.347088009 -0.001310853 0.937831640 100.481254578
0.932227194 0.002537326 0.361864656 5.560062408 -0.002567133 0.999996603 -0.000398395 -2.694284201 -0.361864448 -0.000557561 0.932230532 101.079933167
0.927430212 0.002588530 0.373987406 5.789360046 -0.002514860 0.999996543 -0.000684954 -2.709137678 -0.373987913 -0.000305279 0.927433550 101.587127686
0.922692478 0.002095923 0.385531098 6.018871307 -0.002055004 0.999997795 -0.000518195 -2.727852821 -0.385531306 -0.000314134 0.922694623 102.085433960
0.916778147 0.002075597 0.399391472 6.265037537 -0.002135707 0.999997616 -0.000294506 -2.744408607 -0.399391174 -0.000582987 0.916780472 102.570739746
0.910589457 0.001519030 0.413309157 6.513252258 -0.001350830 0.999998868 -0.000699178 -2.743558407 -0.413309813 0.000078354 0.910590470 103.131294250
0.905704498 0.001158980 0.423907965 6.768119812 -0.001001568 0.999999344 -0.000594124 -2.759092093 -0.423908412 0.000113529 0.905705094 103.615402222
0.900073707 0.000480290 0.435737252 7.028770447 -0.000215995 0.999999762 -0.000656081 -2.774995327 -0.435737491 0.000496404 0.900073588 104.104133606
0.893084824 0.000771838 0.449887753 7.322563171 -0.000520424 0.999999642 -0.000682516 -2.793115139 -0.449888051 0.000375412 0.893085003 104.673599243
0.887069225 0.000286090 0.461636513 7.601001740 0.000362787 0.999999166 -0.001316852 -2.801258564 -0.461636454 0.001335614 0.887068331 105.157638550
0.881027579 0.000049835 0.473064929 7.869102478 0.000375164 0.999999642 -0.000804043 -2.825391293 -0.473064780 0.000885861 0.881027162 105.607521057
0.873537540 -0.000301176 0.486756742 8.178287506 0.000482819 0.999999881 -0.000247731 -2.855935097 -0.486756533 0.000451418 0.873537540 106.123870850
0.866515756 -0.000896735 0.499149024 8.472442627 0.001324294 0.999998987 -0.000502432 -2.870064735 -0.499148041 0.001096385 0.866515994 106.580055237
