1.000000000 0.000000000 0.000000000 0.000000000 0.000000000 1.000000000 0.000000000 0.000000000 0.000000000 0.000000000 1.000000000 0.000000000
1.000000000 0.000035511 0.000134915 -0.003351634 -0.000035484 1.000000000 -0.000203743 0.004441686 -0.000134922 0.000203738 0.999999940 0.004131422
1.000000000 0.000040208 0.000058492 -0.002153208 -0.000040200 1.000000000 -0.000138615 0.002130222 -0.000058497 0.000138612 1.000000000 0.000623561
0.999999940 0.000338328 0.000130503 -0.000249270 -0.000338310 0.999999940 -0.000142017 0.003527978 -0.000130551 0.000141973 1.000000000 -0.002140044
0.999999940 0.000249800 0.000069238 0.002503130 -0.000249795 0.999999940 -0.000063701 0.001870610 -0.000069254 0.000063684 1.000000000 -0.001406810
1.000000000 0.000137113 0.000059043 0.000256244 -0.000137109 1.000000000 -0.000067125 0.002154656 -0.000059052 0.000067117 1.000000000 -0.001323535
1.000000000 0.000118748 0.000127804 -0.002300983 -0.000118732 1.000000000 -0.000122152 0.002295362 -0.000127819 0.000122137 1.000000000 -0.000885517
1.000000000 0.000009161 -0.000018015 0.000856661 -0.000009162 1.000000000 -0.000027149 0.001780220 0.000018015 0.000027149 1.000000000 -0.002440653
1.000000000 0.000041159 0.000149706 -0.005504997 -0.000041137 1.000000000 -0.000148192 0.003527473 -0.000149712 0.000148186 1.000000000 0.004099788
0.999999940 0.000208568 0.000224366 -0.004695886 -0.000208543 1.000000000 -0.000113880 0.001890549 -0.000224390 0.000113833 0.999999940 -0.001546613
1.000000000 0.000141965 0.000177850 -0.003713905 -0.000141935 1.000000000 -0.000169071 0.002021800 -0.000177874 0.000169046 0.999999940 -0.000824367
1.000000000 0.000149152 0.000135566 -0.002297608 -0.000149135 1.000000000 -0.000128098 0.002863700 -0.000135585 0.000128078 1.000000000 -0.002765295
1.000000000 0.000069658 0.000151727 -0.005274893 -0.000069651 1.000000000 -0.000048000 0.000552239 -0.000151730 0.000047989 1.000000000 -0.003175767
1.000000000 -0.000021506 0.000090703 -0.003013767 0.000021514 1.000000000 -0.000082745 0.000303391 -0.000090701 0.000082747 1.000000000 -0.001893437
1.000000000 0.000068143 0.000077461 -0.000917952 -0.000068135 1.000000000 -0.000113818 0.002321582 -0.000077469 0.000113812 1.000000000 -0.003638867
1.000000000 -0.000171678 -0.000133091 0.002538912 0.000171675 1.000000000 -0.000023195 0.000950142 0.000133095 0.000023173 1.000000000 -0.006681191
0.999999940 -0.000253821 -0.000005600 -0.002448938 0.000253820 0.999999940 -0.000122314 0.000751819 0.000005631 0.000122312 1.000000000 -0.004948014
1.000000000 -0.000065733 0.000057925 0.000151106 0.000065736 1.000000000 -0.000045061 0.000455915 -0.000057922 0.000045064 1.000000000 -0.006534353
1.000000000 0.000100347 0.000005442 0.000209348 -0.000100347 1.000000000 -0.000003375 0.002244122 -0.000005442 0.000003375 1.000000000 -0.007738096
1.000000000 -0.000070283 0.000000680 -0.001919305 0.000070283 1.000000000 -0.000023323 -0.000421700 -0.000000679 0.000023323 1.000000000 -0.007304651
1.000000000 -0.000044938 0.000022755 -0.000466629 0.000044939 1.000000000 -0.000079525 0.001030744 -0.000022751 0.000079526 1.000000000 -0.007956546
1.000000000 -0.000132508 0.000008967 0.000299031 0.000132509 1.000000000 -0.000016094 -0.000572822 -0.000008965 0.000016095 1.000000000 -0.004098442
1.000000000 0.000092785 0.000144055 -0.006325206 -0.000092765 1.000000000 -0.000138142 0.002659341 -0.000144067 0.000138128 1.000000000 0.003431749
1.000000000 -0.000139888 -0.000109280 0.000834463 0.000139875 1.000000000 -0.000125800 0.000682086 0.000109297 0.000125785 1.000000000 0.000342197
1.000000000 -0.000071401 0.000004375 -0.000699938 0.000071401 1.000000000 -0.000007991 0.002051990 -0.000004375 0.000007991 1.000000000 -0.000036910
1.000000000 0.000002592 -0.000047153 0.002309681 -0.000002598 1.000000000 -0.000144040 0.003435203 0.000047153 0.000144041 1.000000000 -0.006776976
1.000000000 -0.000060726 0.000116230 -0.003088919 0.000060745 1.000000000 -0.000162119 0.003578682 -0.000116220 0.000162126 1.000000000 -0.001248808
0.999999940 0.000273074 0.000218517 -0.005384636 -0.000273029 0.999999940 -0.000204628 0.003098136 -0.000218573 0.000204568 0.999999940 0.000080270
1.000000000 0.000004809 0.000110315 -0.003451846 -0.000004807 1.000000000 -0.000023941 0.002126696 -0.000110315 0.000023940 1.000000000 -0.001199825
1.000000000 -0.000200709 0.000015644 -0.004659290 0.000200711 0.999999940 -0.000149552 0.005829053 -0.000015614 0.000149555 1.000000000 0.002510221
1.000000000 -0.000073770 0.000031671 -0.003515179 0.000073773 1.000000000 -0.000096785 0.002415429 -0.000031664 0.000096788 1.000000000 0.000412135
1.000000000 -0.000110413 0.000097282 -0.003744409 0.000110412 1.000000000 0.000008615 0.001248236 -0.000097283 -0.000008604 1.000000000 0.000706733
1.000000000 -0.000181142 0.000073232 -0.004895376 0.000181145 1.000000000 -0.000037709 0.001994116 -0.000073225 0.000037722 1.000000000 -0.001424235
1.000000000 -0.000126391 -0.000000242 -0.002681591 0.000126391 1.000000000 -0.000007563 0.001769422 0.000000243 0.000007563 1.000000000 -0.002888087
1.000000000 0.000068513 0.000051895 -0.003705939 -0.000068504 1.000000000 -0.000159741 0.001549150 -0.000051906 0.000159737 1.000000000 -0.000273990
1.000000000 0.000077510 0.000096025 -0.004565408 -0.000077501 1.000000000 -0.000092021 0.002476537 -0.000096032 0.000092013 1.000000000 0.000057018
0.999999940 -0.000186305 -0.000181583 0.003411778 0.000186327 1.000000000 0.000118080 -0.000425236 0.000181561 -0.000118114 1.000000000 -0.013212021
1.000000000 -0.000041802 0.000068887 -0.003612950 0.000041820 0.999999940 -0.000258660 0.004413917 -0.000068877 0.000258663 0.999999940 0.000567369
1.000000000 -0.000129473 0.000050580 -0.002846278 0.000129474 1.000000000 -0.000029068 0.001619795 -0.000050576 0.000029074 1.000000000 -0.000622438
1.000000000 -0.000053073 -0.000045567 0.000967245 0.000053080 1.000000000 0.000146061 -0.000914053 0.000045559 -0.000146063 1.000000000 -0.008505787
0.999999940 -0.000257365 -0.000130257 0.000185963 0.000257364 0.999999940 -0.000004815 -0.000925917 0.000130258 0.000004781 1.000000000 -0.000751002
1.000000000 0.000013816 0.000058753 0.002347282 -0.000013778 0.999999762 -0.000655832 -0.003476414 -0.000058762 0.000655831 0.999999762 0.048958115
1.000000000 0.000022955 -0.000018891 0.000226695 -0.000022984 0.999998868 -0.001523404 0.000908948 0.000018856 0.001523404 0.999998868 0.148166567
1.000000000 -0.000111498 -0.000117946 0.005359388 0.000111319 0.999998868 -0.001516909 -0.008233510 0.000118115 0.001516895 0.999998868 0.263607323
1.000000000 -0.000230876 -0.000005205 0.003449057 0.000230869 0.999999046 -0.001369350 -0.012582602 0.000005521 0.001369349 0.999999046 0.393251657
1.000000000 0.000031879 -0.000108824 0.004495728 -0.000032006 0.999999285 -0.001174204 -0.018099746 0.000108787 0.001174207 0.999999285 0.537934244
1.000000000 -0.000072854 0.000115196 0.006445664 0.000072965 0.999999523 -0.000960614 -0.031819772 -0.000115126 0.000960623 0.999999523 0.679702342
0.999999881 -0.000459365 -0.000146474 0.020315222 0.000459284 0.999999762 -0.000554733 -0.032032929 0.000146728 0.000554666 0.999999821 0.849199057
0.999999881 -0.000353436 -0.000288003 0.026116915 0.000353296 0.999999821 -0.000486443 -0.037705936 0.000288175 0.000486341 0.999999821 1.033257723
0.999999940 -0.000015528 0.000299859 0.009524279 0.000015758 0.999999702 -0.000765376 -0.038627025 -0.000299847 0.000765381 0.999999642 1.214302778
1.000000000 -0.000126779 0.000004518 0.028946768 0.000126782 0.999999762 -0.000640652 -0.046637267 -0.000004437 0.000640653 0.999999821 1.415303469
0.999999583 -0.000494674 -0.000750975 0.043966394 0.000494494 0.999999821 -0.000239927 -0.057633400 0.000751094 0.000239556 0.999999702 1.610130310
0.999998450 -0.001712961 0.000423336 0.022540908 0.001712610 0.999998152 0.000828881 -0.078630336 -0.000424755 -0.000828155 0.999999523 1.721655726
0.999998152 -0.001899103 0.000399796 0.028439606 0.001898729 0.999997795 0.000933015 -0.083945915 -0.000401567 -0.000932254 0.999999464 1.930096269
0.999998569 -0.001646467 0.000369471 0.034970872 0.001646196 0.999998331 0.000732330 -0.090196952 -0.000370676 -0.000731720 0.999999642 2.114323139
0.999998689 -0.001605556 0.000182384 0.041438665 0.001605389 0.999998331 0.000911986 -0.095772333 -0.000183848 -0.000911692 0.999999583 2.334669828
0.999998927 -0.001438791 0.000433413 0.036252331 0.001438310 0.999998331 0.001108271 -0.102852084 -0.000435007 -0.001107646 0.999999285 2.571105242
0.999999285 -0.000790437 0.000912447 0.038176730 0.000789299 0.999998987 0.001246563 -0.111976549 -0.000913431 -0.001245842 0.999998748 2.800538778
0.999998808 -0.000929295 0.001216217 0.040526249 0.000927603 0.999998629 0.001391192 -0.123314567 -0.001217508 -0.001390062 0.999998271 2.998965263
0.999998569 -0.000378286 0.001651977 0.034899563 0.000376468 0.999999404 0.001100270 -0.125679672 -0.001652393 -0.001099646 0.999998033 3.259109735
0.999998450 -0.000546849 0.001627217 0.041120637 0.000544690 0.999999046 0.001327117 -0.132652655 -0.001627941 -0.001326228 0.999997795 3.496297836
0.999998212 -0.001358158 0.001289262 0.049732059 0.001356161 0.999997795 0.001548585 -0.151169181 -0.001291362 -0.001546833 0.999997973 3.708792686
0.999996781 -0.002189562 0.001271960 0.054700553 0.002187123 0.999995708 0.001916185 -0.166961536 -0.001276151 -0.001913397 0.999997377 3.977293730
0.999997616 -0.001647161 0.001443853 0.061798334 0.001644149 0.999996424 0.002084379 -0.169660226 -0.001447281 -0.002082000 0.999996781 4.233257771
0.999997616 -0.001041227 0.001938177 0.053082261 0.001037168 0.999997318 0.002093835 -0.180964440 -0.001940352 -0.002091820 0.999995947 4.474807262
0.999997556 -0.001339743 0.001714899 0.058278099 0.001335534 0.999996126 0.002453367 -0.195574611 -0.001718180 -0.002451071 0.999995530 4.696258068
0.999996841 -0.001689040 0.001863352 0.061682831 0.001684363 0.999995470 0.002508434 -0.203941181 -0.001867580 -0.002505287 0.999995112 4.960623741
0.999997914 -0.001259638 0.001626520 0.068272933 0.001255681 0.999996305 0.002430987 -0.209103242 -0.001629576 -0.002428940 0.999995708 5.226415157
0.999997556 -0.001131170 0.001899525 0.065651909 0.001127327 0.999997318 0.002023031 -0.215730265 -0.001901808 -0.002020885 0.999996126 5.491881371
0.999997854 -0.001335805 0.001604666 0.078943312 0.001332165 0.999996543 0.002267676 -0.224045813 -0.001607690 -0.002265534 0.999996126 5.754522800
0.999997795 -0.000896311 0.001858473 0.081120163 0.000892575 0.999997497 0.002010203 -0.231454358 -0.001860270 -0.002008540 0.999996245 6.037810802
0.999997199 -0.001505068 0.001844963 0.087761171 0.001500853 0.999996245 0.002283782 -0.239558354 -0.001848393 -0.002281007 0.999995708 6.316490173
0.999997377 -0.001530131 0.001705401 0.092116617 0.001527086 0.999997199 0.001784983 -0.244023591 -0.001708127 -0.001782374 0.999996901 6.600181580
0.999997497 -0.000931391 0.002018045 0.095700085 0.000927173 0.999997377 0.002090276 -0.259635121 -0.002019987 -0.002088400 0.999995708 6.882267952
0.999997795 -0.000947265 0.001857475 0.111109793 0.000942968 0.999996841 0.002312491 -0.277072251 -0.001859660 -0.002310734 0.999995589 7.173450470
0.999997020 -0.001712720 0.001794887 0.118628941 0.001707657 0.999994516 0.002818992 -0.292405903 -0.001799705 -0.002815919 0.999994397 7.494532108
0.999997437 -0.001087620 0.001981002 0.125971437 0.001081700 0.999994934 0.002986723 -0.296964943 -0.001984240 -0.002984572 0.999993563 7.810161114
0.999997199 -0.001069280 0.002100849 0.121411756 0.001064110 0.999996364 0.002460727 -0.286291152 -0.002103473 -0.002458485 0.999994755 8.126069069
0.999997020 -0.001177995 0.002141218 0.123333678 0.001171098 0.999994159 0.003219491 -0.317017853 -0.002144998 -0.003216973 0.999992549 8.406498909
0.999996662 -0.001462543 0.002120717 0.129315600 0.001455751 0.999993801 0.003201009 -0.324223518 -0.002125385 -0.003197911 0.999992669 8.739336014
0.999996185 -0.001068692 0.002528527 0.137006536 0.001060654 0.999994338 0.003178180 -0.334422350 -0.002531910 -0.003175486 0.999991775 9.071684837
0.999996245 -0.001670549 0.002182422 0.150768176 0.001662923 0.999992490 0.003491847 -0.347217560 -0.002188239 -0.003488205 0.999991536 9.407903671
0.999996722 -0.001319214 0.002159392 0.160754696 0.001311755 0.999993145 0.003451993 -0.351788759 -0.002163931 -0.003449149 0.999991775 9.740108490
0.999996126 -0.001584368 0.002268662 0.178337187 0.001575458 0.999991059 0.003924002 -0.363660157 -0.002274859 -0.003920413 0.999989748 10.075508118
0.999996960 -0.001921751 0.001539576 0.180120468 0.001916904 0.999993145 0.003143300 -0.372174054 -0.001545607 -0.003140339 0.999993801 10.452106476
0.999995828 -0.002477595 0.001510121 0.185581610 0.002473199 0.999992728 0.002905937 -0.378050625 -0.001517309 -0.002902190 0.999994636 10.836743355
0.999996722 -0.001996354 0.001622404 0.187367022 0.001990907 0.999992430 0.003352199 -0.393151224 -0.001629084 -0.003348958 0.999993086 11.219728470
0.999993801 -0.002931784 0.001902486 0.202755138 0.002925927 0.999991000 0.003073978 -0.394978732 -0.001911481 -0.003068393 0.999993443 11.608773232
0.999995887 -0.002456266 0.001516202 0.217268005 0.002451060 0.999991119 0.003425627 -0.404776752 -0.001524603 -0.003421897 0.999992967 11.975151062
0.999997020 -0.000998471 0.002241734 0.218126670 0.000990956 0.999993920 0.003351024 -0.421715468 -0.002245066 -0.003348793 0.999991894 12.337603569
0.999994934 -0.002772436 0.001569754 0.235386059 0.002767476 0.999991179 0.003153028 -0.426701754 -0.001578482 -0.003148667 0.999993801 12.766659737
0.999995947 -0.002463394 0.001427570 0.259132355 0.002457953 0.999989748 0.003800938 -0.455823451 -0.001436918 -0.003797414 0.999991775 13.091728210
0.999997139 -0.001749632 0.001678828 0.264292300 0.001743061 0.999990821 0.003907785 -0.467986435 -0.001685650 -0.003904847 0.999991000 13.506141663
0.999997020 -0.001816701 0.001633371 0.274987519 0.001809157 0.999987781 0.004608061 -0.477055907 -0.001641723 -0.004605092 0.999988079 13.937721252
0.999996006 -0.002084637 0.001889370 0.285326064 0.002075284 0.999985576 0.004939065 -0.505159974 -0.001899639 -0.004935124 0.999985993 14.356999397
0.999995828 -0.002150769 0.001923482 0.298706234 0.002141041 0.999984980 0.005045543 -0.518137574 -0.001934305 -0.005041404 0.999985456 14.697655678
0.999993742 -0.002884710 0.002030736 0.293218106 0.002873874 0.999981761 0.005319025 -0.528369486 -0.002046043 -0.005313156 0.999983847 15.132535934
0.999991834 -0.003204059 0.002465726 0.324037105 0.003192213 0.999983430 0.004793074 -0.560691655 -0.002481043 -0.004785163 0.999985456 15.604887009
0.999991953 -0.002916699 0.002749479 0.337994009 0.002903363 0.999984026 0.004842038 -0.569521844 -0.002763557 -0.004834016 0.999984443 16.052637100
0.999987602 -0.004130124 0.002766754 0.343480915 0.004114668 0.999976099 0.005569203 -0.594055653 -0.002789689 -0.005557750 0.999980688 16.472848892
0.999989688 -0.003234927 0.003193479 0.346423507 0.003218010 0.999980807 0.005288430 -0.599449098 -0.003210526 -0.005278099 0.999980927 16.971187592
0.999990344 -0.002785913 0.003408496 0.353667736 0.002767474 0.999981582 0.005402410 -0.610788941 -0.003423484 -0.005392926 0.999979556 17.437683105
0.999990702 -0.001999510 0.003836610 0.366538793 0.001978527 0.999983191 0.005465325 -0.614204764 -0.003847474 -0.005457683 0.999977648 17.867078781
0.999986947 -0.001756442 0.004805192 0.369687736 0.001731252 0.999984860 0.005241337 -0.622591496 -0.004814325 -0.005232950 0.999974668 18.412366867
0.999989212 -0.002097934 0.004139428 0.384428948 0.002074012 0.999981105 0.005775013 -0.658504426 -0.004151466 -0.005766366 0.999974668 18.799743652
0.999986231 -0.003938447 0.003457883 0.408210844 0.003917737 0.999974430 0.005975761 -0.672371566 -0.003481329 -0.005962132 0.999976158 19.276399612
0.999990761 -0.001396479 0.004054225 0.411433101 0.001371194 0.999979556 0.006232917 -0.691717267 -0.004062846 -0.006227300 0.999972403 19.758316040
0.999989271 -0.002377808 0.003964052 0.413834900 0.002350833 0.999974132 0.006795690 -0.715148866 -0.003980108 -0.006786298 0.999969006 20.274461746
0.999988258 -0.002763930 0.004010782 0.403401434 0.002735625 0.999971390 0.007045689 -0.733059049 -0.004030142 -0.007034632 0.999967158 20.754442215
0.999991059 -0.001979397 0.003725322 0.409815788 0.001954835 0.999976397 0.006585309 -0.729532778 -0.003738269 -0.006577968 0.999971390 21.262403488
0.999990046 -0.003129389 0.003179709 0.423166484 0.003107202 0.999970973 0.006958639 -0.754977167 -0.003201393 -0.006948689 0.999970734 21.783496857
0.999989867 -0.003730530 0.002499084 0.434476316 0.003712120 0.999966323 0.007331444 -0.766093731 -0.002526349 -0.007322093 0.999970019 22.273412704
0.999990761 -0.003822108 0.001974139 0.435690165 0.003808187 0.999968171 0.007007936 -0.783268213 -0.002000862 -0.007000353 0.999973476 22.748315811
0.999987185 -0.004992666 0.000850011 0.449042201 0.004986058 0.999958634 0.007606100 -0.804989576 -0.000887951 -0.007601764 0.999970675 23.281082153
0.999992609 -0.003538604 0.001501934 0.437677860 0.003526921 0.999964058 0.007711107 -0.819992125 -0.001529167 -0.007705752 0.999969125 23.832818985
0.999992251 -0.003939154 0.000109657 0.460764438 0.003938227 0.999964595 0.007449734 -0.826399565 -0.000138999 -0.007449245 0.999972224 24.324789047
0.999995708 -0.002942723 -0.000078684 0.464490741 0.002943236 0.999966681 0.007620705 -0.832841277 0.000056256 -0.007620903 0.999970913 24.861433029
0.999994934 -0.003111598 -0.000787794 0.467512459 0.003117431 0.999966979 0.007515676 -0.839656949 0.000764383 -0.007518094 0.999971390 25.420808792
0.999988914 -0.004467075 -0.001499939 0.482208550 0.004478127 0.999962211 0.007447385 -0.858022809 0.001466615 -0.007454020 0.999971092 25.899024963
0.999988019 -0.004579918 -0.001732750 0.489151776 0.004594052 0.999955416 0.008243072 -0.868355751 0.001694920 -0.008250933 0.999964535 26.442146301
0.999988556 -0.004345992 -0.002011738 0.497104377 0.004362307 0.999957085 0.008178487 -0.890718460 0.001976108 -0.008187170 0.999964535 27.017446518
0.999987960 -0.004164865 -0.002595615 0.508227289 0.004188686 0.999948561 0.009240567 -0.928369164 0.002556996 -0.009251328 0.999953926 27.538080215
0.999985158 -0.004531764 -0.003013881 0.515168428 0.004559647 0.999946237 0.009309822 -0.938520014 0.002971529 -0.009323426 0.999952078 28.092788696
0.999985754 -0.004298924 -0.003173775 0.514233291 0.004329353 0.999944150 0.009644170 -0.957424164 0.003132138 -0.009657773 0.999948442 28.633203506
0.999979138 -0.005015071 -0.004070393 0.546516240 0.005054221 0.999940515 0.009665631 -0.973425865 0.004021677 -0.009686002 0.999944985 29.208116531
0.999977887 -0.005141634 -0.004218338 0.554773271 0.005183131 0.999937713 0.009885902 -0.985444427 0.004167246 -0.009907546 0.999942243 29.752874374
0.999981403 -0.004345747 -0.004275976 0.560757875 0.004388784 0.999939263 0.010107567 -1.006995440 0.004231791 -0.010126145 0.999939740 30.311223984
0.999981046 -0.004184976 -0.004521913 0.565312743 0.004232718 0.999934793 0.010600412 -1.052399278 0.004477256 -0.010619352 0.999933600 30.772241592
0.999982059 -0.003787280 -0.004648773 0.575970531 0.003837141 0.999934733 0.010763943 -1.064604163 0.004607703 -0.010781586 0.999931276 31.313447952
0.999978602 -0.004560557 -0.004694538 0.594151080 0.004612000 0.999928772 0.011006235 -1.083802104 0.004644009 -0.011027648 0.999928415 31.880945206
0.999984443 -0.003667062 -0.004210104 0.558519959 0.003709862 0.999941111 0.010203675 -1.050885558 0.004172438 -0.010219134 0.999939084 32.408927917
0.999979019 -0.003778108 -0.005249507 0.563857436 0.003834928 0.999933720 0.010856239 -1.100224614 0.005208143 -0.010876147 0.999927282 33.009922028
0.999978304 -0.003931788 -0.005270611 0.562164605 0.003990110 0.999930322 0.011100942 -1.114912033 0.005226600 -0.011121733 0.999924481 33.571857452
0.999979317 -0.003855039 -0.005151411 0.568269134 0.003914075 0.999926269 0.011499601 -1.134813070 0.005106700 -0.011519526 0.999920607 34.126293182
0.999975681 -0.004199877 -0.005567476 0.587338328 0.004262737 0.999926805 0.011327083 -1.132038832 0.005519496 -0.011350542 0.999920368 34.627861023
0.999970317 -0.004338718 -0.006363847 0.586968005 0.004412325 0.999922991 0.011598240 -1.152467012 0.006313036 -0.011625975 0.999912441 35.179439545
0.999965072 -0.005176424 -0.006562256 0.583690763 0.005254453 0.999915004 0.011929562 -1.171147943 0.006499946 -0.011963625 0.999907255 35.738819122
0.999975443 -0.003822456 -0.005867140 0.590350807 0.003889649 0.999926507 0.011484098 -1.164322615 0.005822811 -0.011506636 0.999916792 36.314449310
0.999977231 -0.003584554 -0.005713032 0.587422550 0.003656313 0.999913931 0.012599998 -1.196990848 0.005667374 -0.012620601 0.999904335 36.825839996
0.999970615 -0.004730931 -0.006020497 0.577611089 0.004804412 0.999913454 0.012249838 -1.209898472 0.005962021 -0.012278405 0.999906838 37.408290863
0.999960124 -0.005881160 -0.006722361 0.573995352 0.005968509 0.999897063 0.013048482 -1.252744198 0.006644929 -0.013088083 0.999892235 37.911048889
0.999961615 -0.005866703 -0.006510960 0.570826530 0.005949162 0.999901474 0.012718457 -1.265222073 0.006435703 -0.012756702 0.999897897 38.454856873
0.999951959 -0.006727387 -0.007123304 0.581349730 0.006825715 0.999880493 0.013870599 -1.276746750 0.007029139 -0.013918556 0.999878407 38.953601837
0.999931097 -0.008677143 -0.007910511 0.615384579 0.008790243 0.999858022 0.014376700 -1.315541744 0.007784639 -0.014445244 0.999865353 39.547550201
0.999930978 -0.008738232 -0.007852817 0.594538152 0.008856948 0.999844968 0.015212175 -1.333688021 0.007718672 -0.015280677 0.999853432 40.059833527
0.999936640 -0.008107834 -0.007807252 0.612972736 0.008222948 0.999856293 0.014827043 -1.348136902 0.007685914 -0.014890303 0.999859571 40.598411560
0.999953568 -0.006146684 -0.007417084 0.610255241 0.006251510 0.999879718 0.014193662 -1.325122118 0.007328948 -0.014239373 0.999871731 41.197288513
0.999956369 -0.006134552 -0.007040032 0.605339527 0.006229185 0.999889433 0.013499885 -1.330093265 0.006956437 -0.013543149 0.999884069 41.683071136
0.999941230 -0.007274782 -0.008038997 0.635872126 0.007390364 0.999868333 0.014442730 -1.356868625 0.007932872 -0.014501293 0.999863386 42.287460327
0.999936402 -0.007697187 -0.008242143 0.626860499 0.007822608 0.999852479 0.015294632 -1.359409332 0.008123199 -0.015358135 0.999849081 42.822563171
0.999938071 -0.007365079 -0.008343820 0.574791789 0.007482362 0.999872386 0.014113358 -1.362697363 0.008238808 -0.014174915 0.999865592 43.427059174
0.999935091 -0.007678521 -0.008418906 0.578148842 0.007792399 0.999877393 0.013578142 -1.367581129 0.008313614 -0.013642862 0.999872386 43.966339111
0.999935925 -0.007697004 -0.008301845 0.586715937 0.007806265 0.999882162 0.013209984 -1.364482641 0.008199189 -0.013273939 0.999878347 44.521190643
0.999943495 -0.006877719 -0.008106228 0.602068782 0.006981703 0.999892831 0.012870000 -1.360982180 0.008016841 -0.012925870 0.999884307 45.056606293
0.999935925 -0.007763004 -0.008237557 0.618374467 0.007875117 0.999875665 0.013665986 -1.377713919 0.008130441 -0.013729982 0.999872684 45.593891144
0.999912083 -0.009430951 -0.009318106 0.640459359 0.009557692 0.999861121 0.013652067 -1.378852606 0.009188059 -0.013739926 0.999863386 46.140575409
0.999935269 -0.008052830 -0.008028877 0.608313560 0.008173949 0.999851525 0.015168724 -1.444787025 0.007905532 -0.015233370 0.999852657 46.622486115
0.999931157 -0.008091338 -0.008501250 0.620846748 0.008214180 0.999860883 0.014515805 -1.443922400 0.008382616 -0.014584636 0.999858499 47.171234131
0.999934793 -0.007788227 -0.008352455 0.614947438 0.007917445 0.999847770 0.015550854 -1.460323453 0.008230070 -0.015615970 0.999844193 47.729343414
0.999939144 -0.007865371 -0.007740324 0.604543447 0.007983362 0.999850631 0.015332660 -1.468318105 0.007618572 -0.015393522 0.999852479 48.246414185
0.999950647 -0.006869913 -0.007176738 0.599470079 0.006984940 0.999845564 0.016127696 -1.486170292 0.007064835 -0.016177032 0.999844193 48.807369232
0.999957502 -0.006356416 -0.006680114 0.588328242 0.006468141 0.999837279 0.016838720 -1.495596051 0.006571993 -0.016881213 0.999835968 49.344589233
0.999935985 -0.007912973 -0.008089748 0.618733525 0.008039799 0.999843299 0.015766777 -1.494382262 0.007963721 -0.015830807 0.999842882 49.701824188
0.999936640 -0.007651852 -0.008254836 0.624538898 0.007780438 0.999846995 0.015659047 -1.496453047 0.008133754 -0.015722280 0.999843240 50.264110565
0.999933720 -0.007559137 -0.008694117 0.637284279 0.007683955 0.999866605 0.014413927 -1.494732261 0.008584001 -0.014479776 0.999858260 50.810722351
0.999933064 -0.007734945 -0.008609177 0.651320457 0.007863808 0.999855995 0.015036335 -1.500138283 0.008491632 -0.015103029 0.999849856 51.337677002
0.999932766 -0.007773418 -0.008601066 0.632649302 0.007911162 0.999839127 0.016098173 -1.534030914 0.008474546 -0.016165135 0.999833405 51.788448334
0.999934793 -0.007882345 -0.008254740 0.639069080 0.008017915 0.999831438 0.016521016 -1.535360098 0.008123125 -0.016586125 0.999829412 52.331310272
0.999935985 -0.008011507 -0.007988277 0.625211835 0.008138458 0.999839008 0.015988247 -1.544951439 0.007858899 -0.016052237 0.999840200 52.879093170
0.999924719 -0.009384315 -0.007905751 0.621282637 0.009512554 0.999821186 0.016342558 -1.584577322 0.007750975 -0.016416531 0.999835134 53.408676147
0.999928832 -0.008711027 -0.008158407 0.617552936 0.008847261 0.999819517 0.016813822 -1.591662884 0.008010470 -0.016884804 0.999825418 53.922584534
0.999932706 -0.007812635 -0.008574391 0.637130499 0.007946526 0.999845207 0.015693624 -1.559754133 0.008450458 -0.015760703 0.999840081 54.506580353
0.999931991 -0.008100349 -0.008389106 0.647845864 0.008231719 0.999842107 0.015745316 -1.564073563 0.008260240 -0.015813302 0.999840856 55.058769226
0.999925673 -0.008676076 -0.008577447 0.647801995 0.008810057 0.999837816 0.015707709 -1.583128929 0.008439775 -0.015782109 0.999839842 55.615543365
0.999927640 -0.008377981 -0.008640506 0.679562211 0.008511140 0.999843836 0.015491010 -1.567898750 0.008509372 -0.015563431 0.999842644 56.124679565
0.999913812 -0.009333760 -0.009228900 0.703254700 0.009472721 0.999840677 0.015129934 -1.569872379 0.009086210 -0.015216055 0.999842942 56.677822113
0.999914348 -0.009392284 -0.009109712 0.697572291 0.009530935 0.999837577 0.015298051 -1.591266394 0.008964549 -0.015383568 0.999841452 57.231842041
0.999919116 -0.009282111 -0.008697674 0.666120410 0.009420991 0.999826550 0.016064890 -1.608992815 0.008547052 -0.016145531 0.999833047 57.609294891
0.999925673 -0.008801856 -0.008441012 0.670557976 0.008940347 0.999823630 0.016511943 -1.617796898 0.008294187 -0.016586181 0.999828041 58.143066406
0.999905646 -0.009850440 -0.009581057 0.686303735 0.010002295 0.999822974 0.015932787 -1.619579673 0.009422417 -0.016027115 0.999827147 58.691932678
0.999899924 -0.010513929 -0.009478276 0.685850084 0.010668784 0.999807954 0.016438022 -1.638348937 0.009303628 -0.016537499 0.999819875 59.215621948
0.999912083 -0.009617474 -0.009126822 0.667007923 0.009769456 0.999811828 0.016756307 -1.650370598 0.008963951 -0.016843997 0.999817967 59.703739166
0.999919295 -0.009278556 -0.008670874 0.673728406 0.009424790 0.999811351 0.016979003 -1.667381406 0.008511698 -0.017059352 0.999818265 60.248424530
0.999894500 -0.010496156 -0.010039910 0.706903934 0.010660107 0.999808371 0.016418224 -1.670608521 0.009865658 -0.016523520 0.999814808 60.801002502
0.999885917 -0.011009211 -0.010338777 0.721388817 0.011179452 0.999800444 0.016555574 -1.689552903 0.010154450 -0.016669268 0.999809504 61.321781158
0.999901295 -0.010276378 -0.009577360 0.695385337 0.010441337 0.999795198 0.017336085 -1.689957023 0.009397246 -0.017434373 0.999803901 61.860012054
0.999901950 -0.010356469 -0.009424781 0.687668860 0.010515985 0.999799490 0.017035712 -1.684939623 0.009246464 -0.017133150 0.999810457 62.299392700
0.999906063 -0.010213550 -0.009138047 0.690473199 0.010364966 0.999807119 0.016678866 -1.690866947 0.008965933 -0.016772015 0.999819100 62.846656799
0.999908984 -0.010046015 -0.009005886 0.681204557 0.010201462 0.999796808 0.017383898 -1.717765570 0.008829415 -0.017474189 0.999808371 63.385787964
0.999904156 -0.010184395 -0.009380192 0.695175767 0.010347225 0.999793708 0.017477103 -1.724248052 0.009200262 -0.017572485 0.999803305 63.940834045
0.999906838 -0.010011378 -0.009270489 0.723253489 0.010160087 0.999818087 0.016135275 -1.705738425 0.009107267 -0.016227959 0.999826908 64.534553528
0.999898672 -0.010659313 -0.009433752 0.677282631 0.010822075 0.999790490 0.017373726 -1.736077070 0.009246582 -0.017474055 0.999804676 64.887863159
0.999909580 -0.010325309 -0.008614381 0.690098107 0.010475756 0.999790132 0.017606048 -1.747828841 0.008430782 -0.017694699 0.999807954 65.432456970
0.999902487 -0.010744435 -0.008921882 0.684698403 0.010890754 0.999804199 0.016516764 -1.740571618 0.008742673 -0.016612314 0.999823809 65.983116150
0.999901950 -0.010858164 -0.008850716 0.698103309 0.011001902 0.999805570 0.016356319 -1.730514050 0.008671397 -0.016452080 0.999827087 66.493400574
0.999888659 -0.011418630 -0.009603133 0.695870876 0.011574859 0.999798954 0.016373299 -1.740261197 0.009414243 -0.016482631 0.999819875 67.011291504
0.999888003 -0.011330015 -0.009770799 0.708262503 0.011498187 0.999783635 0.017330712 -1.782277465 0.009572328 -0.017441118 0.999802053 67.510986328
0.999901474 -0.010739914 -0.009035574 0.688097119 0.010897049 0.999786973 0.017524803 -1.798324943 0.008845435 -0.017621540 0.999805629 68.070060730
0.999909103 -0.010094872 -0.008934421 0.708301127 0.010249439 0.999795556 0.017426910 -1.813949943 0.008756672 -0.017516900 0.999808252 68.583297729
0.999883354 -0.011615057 -0.009915569 0.731036246 0.011781504 0.999787807 0.016896328 -1.798231363 0.009717214 -0.017011179 0.999808073 69.136848450
0.999889314 -0.011395073 -0.009566680 0.734041691 0.011559547 0.999783218 0.017316744 -1.799071074 0.009367281 -0.017425414 0.999804258 69.575065613
0.999882460 -0.011412144 -0.010236316 0.757962167 0.011595922 0.999769270 0.018077511 -1.823086739 0.010027653 -0.018194081 0.999784172 70.121124268
0.999894977 -0.010787892 -0.009679639 0.742420852 0.010954862 0.999789119 0.017365662 -1.819620967 0.009490259 -0.017469879 0.999802351 70.671752930
0.999882936 -0.011399847 -0.010207117 0.781629860 0.011575694 0.999782681 0.017337715 -1.837516785 0.010007252 -0.017453842 0.999797583 71.213066101
0.999890506 -0.011110556 -0.009774311 0.764481246 0.011284979 0.999774754 0.017974665 -1.841498733 0.009572402 -0.018082997 0.999790668 71.624832153
0.999903560 -0.010504553 -0.009089311 0.765575647 0.010663740 0.999787390 0.017646231 -1.840260983 0.008902012 -0.017741453 0.999802947 72.184173584
0.999890804 -0.011084762 -0.009769395 0.779335201 0.011256204 0.999780357 0.017672142 -1.849709511 0.009571359 -0.017780181 0.999796093 72.741088867
0.999866307 -0.012660274 -0.010355983 0.800836027 0.012840333 0.999764144 0.017509270 -1.851756811 0.010131870 -0.017639900 0.999793112 73.315643311
0.999873936 -0.012120585 -0.010264952 0.830574811 0.012299357 0.999770582 0.017535545 -1.855243444 0.010050055 -0.017659588 0.999793530 73.770835876
0.999881506 -0.011795443 -0.009883984 0.756374717 0.011972865 0.999764740 0.018087935 -1.847514868 0.009668303 -0.018204128 0.999787569 74.236145020
0.999870121 -0.012525230 -0.010137754 0.771846712 0.012701813 0.999765396 0.017545678 -1.851882935 0.009915612 -0.017672166 0.999794662 74.772514343
0.999868512 -0.012850055 -0.009886048 0.783537328 0.013021664 0.999762237 0.017494867 -1.864633203 0.009658886 -0.017621297 0.999798179 75.354789734
0.999858916 -0.013427133 -0.010089208 0.784288764 0.013597167 0.999763489 0.016978063 -1.859167576 0.009858855 -0.017112853 0.999805033 75.889747620
0.999841750 -0.014094633 -0.010854877 0.771413267 0.014274308 0.999759436 0.016656907 -1.838815570 0.010617493 -0.016809214 0.999802351 76.517822266
0.999878168 -0.012596283 -0.009218765 0.724804878 0.012753407 0.999770939 0.017188624 -1.857295156 0.009000140 -0.017304102 0.999809861 76.886001587
0.999866426 -0.013484294 -0.009239785 0.733324409 0.013639457 0.999763489 0.016940694 -1.856556416 0.009009168 -0.017064456 0.999813795 77.433876038
0.999867499 -0.013233808 -0.009479119 0.734850407 0.013399205 0.999755383 0.017602904 -1.871239543 0.009243846 -0.017727582 0.999800146 77.961097717
0.999851108 -0.014340407 -0.009599735 0.750083864 0.014500274 0.999753892 0.016796056 -1.862328529 0.009356510 -0.016932756 0.999812841 78.513160706
0.999895453 -0.012448747 -0.007347000 0.728707612 0.012574784 0.999770105 0.017365947 -1.875606298 0.007129127 -0.017456515 0.999822199 78.985115051
0.999910772 -0.012186332 -0.005463525 0.725432396 0.012279215 0.999774933 0.017302485 -1.887285471 0.005251442 -0.017368028 0.999835372 79.548004150
0.999906719 -0.012710144 -0.004991453 0.744200826 0.012791072 0.999781489 0.016530871 -1.886357784 0.004780254 -0.016593173 0.999850929 80.126312256
0.999918103 -0.012308546 -0.003500682 0.740958452 0.012368075 0.999769926 0.017524535 -1.897685766 0.003284173 -0.017566394 0.999840319 80.538536072
0.999928474 -0.011938195 -0.000631965 0.755308628 0.011947436 0.999775171 0.017519379 -1.910871267 0.000422673 -0.017525680 0.999846339 81.085792542
0.999929726 -0.011415869 0.003194579 0.770365298 0.011358347 0.999782741 0.017478891 -1.924293637 -0.003393422 -0.017441379 0.999842167 81.660034180
0.999916673 -0.011442314 0.005981190 0.788917065 0.011339760 0.999792755 0.016907496 -1.889653563 -0.006173411 -0.016838262 0.999839127 82.218338013
0.999874890 -0.012652942 0.009487898 0.813632131 0.012486936 0.999771416 0.017356206 -1.908082485 -0.009705336 -0.017235562 0.999804318 82.668098450
0.999806106 -0.011727895 0.015818920 0.826681495 0.011451270 0.999781847 0.017465575 -1.914210916 -0.016020305 -0.017281041 0.999722302 83.235260010
0.999699652 -0.012417946 0.021128301 0.881649196 0.012056289 0.999780118 0.017159300 -1.918004274 -0.021336738 -0.016899420 0.999629557 83.753036499
0.999545038 -0.012612010 0.027396772 0.903865576 0.012121554 0.999764621 0.017994830 -1.927062511 -0.027617276 -0.017654553 0.999462724 84.298278809
0.999286354 -0.012432471 0.035669617 0.906551600 0.011811237 0.999775767 0.017574515 -1.924990058 -0.035880119 -0.017140670 0.999209166 84.794845581
0.998962104 -0.012813649 0.043709166 0.942552090 0.012054421 0.999772608 0.017589578 -1.923364997 -0.043924615 -0.017044431 0.998889446 85.298812866
0.998629451 -0.011845273 0.050977837 0.986217976 0.010953351 0.999782681 0.017740214 -1.929295659 -0.051176887 -0.017157525 0.998542190 85.840789795
0.998132169 -0.012871208 0.059721667 1.043685913 0.011861606 0.999781191 0.017228952 -1.930685878 -0.059930366 -0.016488379 0.998066425 86.369941711
0.997496188 -0.014506337 0.069216013 1.106430054 0.013362000 0.999766827 0.016967298 -1.927838922 -0.069445997 -0.015999952 0.997457385 86.953430176
0.996839464 -0.015002225 0.078013539 1.155910492 0.013727648 0.999763846 0.016848605 -1.932724118 -0.078247882 -0.015724411 0.996809959 87.458106995
0.996228576 -0.014703732 0.085513271 1.239933014 0.013333336 0.999773741 0.016574690 -1.932103276 -0.085737631 -0.015372002 0.996199191 87.994880676
0.995229244 -0.014297592 0.096510850 1.286542416 0.012639348 0.999762177 0.017771505 -1.944435954 -0.096741982 -0.016466886 0.995173275 88.476119995
0.994201541 -0.015134908 0.106462590 1.377697945 0.013262779 0.999745190 0.018270964 -1.954268813 -0.106711976 -0.016753029 0.994148791 89.006980896
0.993118703 -0.015116681 0.116132654 1.455237389 0.013107673 0.999751389 0.018043552 -1.956363440 -0.116376519 -0.016397158 0.993069768 89.559333801
0.991777539 -0.014614962 0.127137512 1.549605370 0.012395355 0.999756932 0.018232055 -1.958068371 -0.127373070 -0.016506219 0.991717517 90.119819641
0.990260661 -0.015994819 0.138303638 1.657471657 0.013596451 0.999740601 0.018268798 -1.975436091 -0.138559967 -0.016210431 0.990221441 90.699241638
0.988609552 -0.015388361 0.149713829 1.731734276 0.012808922 0.999752700 0.018178223 -1.970301509 -0.149956539 -0.016053492 0.988562286 91.199462891
0.986897409 -0.013800722 0.160757646 1.787562370 0.010903087 0.999762058 0.018893093 -1.972592711 -0.160980135 -0.016892791 0.986813068 91.787612915
0.984748423 -0.013070380 0.173492700 1.901305199 0.009918566 0.999769807 0.019021435 -1.977353692 -0.173701376 -0.017010530 0.984651387 92.328834534
0.982612669 -0.014288160 0.185116202 2.042423248 0.010897147 0.999753952 0.019322833 -1.992288232 -0.185346738 -0.016969623 0.982526660 92.870712280
0.980581105 -0.015368403 0.195510328 2.182633400 0.011878114 0.999748707 0.019012218 -1.993611336 -0.195753366 -0.016320730 0.980517328 93.418136597
0.977742195 -0.014463522 0.209310800 2.337673187 0.010655693 0.999756813 0.019308535 -2.012936592 -0.209539205 -0.016648423 0.977658510 93.932083130
0.974864244 -0.015433324 0.222264186 2.472255707 0.011481555 0.999752462 0.019060856 -1.992176771 -0.222503304 -0.016029811 0.974800229 94.552444458
0.971855223 -0.014592695 0.235126436 2.498014450 0.010397753 0.999764085 0.019071184 -1.915874958 -0.235349268 -0.016089646 0.971777678 94.971267700
0.968888581 -0.014599246 0.247066155 2.670450211 0.010198010 0.999765873 0.019084331 -1.926783085 -0.247286931 -0.015971007 0.968810678 95.464103699
0.965245962 -0.014507713 0.260940045 2.833875656 0.009559632 0.999749899 0.020221841 -1.948154926 -0.261168152 -0.017024558 0.965143144 95.947723389
0.961625934 -0.014864493 0.273960948 3.021644592 0.009771438 0.999753356 0.019945756 -1.947242856 -0.274189889 -0.016503364 0.961533964 96.488525391
0.959012628 -0.017779101 0.282804966 3.227891922 0.012401551 0.999706805 0.020793999 -1.973632693 -0.283091813 -0.016434483 0.958952010 96.952812195
0.954073787 -0.015864965 0.299151063 3.386798859 0.010506388 0.999754488 0.019512542 -1.943191409 -0.299387187 -0.015473405 0.954006255 97.752388000
0.949458361 -0.014597668 0.313553244 3.576978683 0.008797300 0.999763250 0.019905832 -1.943136692 -0.313769549 -0.016141336 0.949361861 98.286453247
0.945651531 -0.015646590 0.324804872 3.787963867 0.009583125 0.999748826 0.020259429 -1.944763899 -0.325040251 -0.016045714 0.945563972 98.807662964
0.941057742 -0.014648621 0.337928772 3.993940353 0.008438000 0.999767601 0.019840196 -1.947945595 -0.338140815 -0.015819326 0.940962493 99.342277527
0.935984850 -0.014672092 0.351734400 4.212129593 0.008121667 0.999765158 0.020091549 -1.954137325 -0.351946503 -0.015948718 0.935884058 99.868652344
0.931711257 -0.017644972 0.362771034 4.439010620 0.010893616 0.999727428 0.020647893 -1.971901059 -0.363036454 -0.015285986 0.931649506 100.405715942
0.927024007 -0.017759239 0.374581397 4.666683197 0.011105356 0.999740005 0.019914737 -1.950211883 -0.374837607 -0.014301581 0.926980078 100.897430420
0.921330154 -0.015629338 0.388466895 4.935569763 0.008167369 0.999749184 0.020852683 -1.986051917 -0.388695300 -0.016039452 0.921226740 101.368278503
0.915464282 -0.017036507 0.402038485 5.198772430 0.009487966 0.999739468 0.020759640 -1.986978531 -0.402287394 -0.015190181 0.915387392 102.031745911
0.910497248 -0.016879749 0.413170606 5.438114166 0.008737238 0.999728739 0.021589000 -1.997254372 -0.413422912 -0.016046753 0.910397708 102.518432617
0.905206323 -0.018697215 0.424560875 5.707874298 0.010939753 0.999725819 0.020702228 -1.983435631 -0.424831510 -0.014095197 0.905162692 103.038444519
0.898936749 -0.019305091 0.437652856 5.983963013 0.011575246 0.999726415 0.020322947 -1.986549973 -0.437925428 -0.013203107 0.898914337 103.544692993
0.892258286 -0.018695001 0.451138169 6.243453979 0.010395374 0.999728203 0.020868462 -1.977068543 -0.451405674 -0.013930311 0.892210126 104.109176636
0.886260867 -0.016949425 0.462876379 6.531200409 0.007782535 0.999734044 0.021706795 -1.991647243 -0.463121176 -0.015635531 0.886157036 104.570083618
0.878651261 -0.016445147 0.477180958 6.826839447 0.006985487 0.999742448 0.021591615 -2.004239321 -0.477413088 -0.015638156 0.878539801 105.062896729
