1.000000000 0.000000000 0.000000000 0.000000000 0.000000000 1.000000000 0.000000000 0.000000000 0.000000000 0.000000000 1.000000000 0.000000000
1.000000000 0.000003803 0.000023613 -0.000273911 -0.000003805 1.000000000 0.000058957 -0.000182286 -0.000023613 -0.000058957 1.000000000 -0.000626711
1.000000000 -0.000063054 0.000047740 -0.000391557 0.000063054 1.000000000 0.000000722 0.000158274 -0.000047740 -0.000000719 1.000000000 -0.000552826
1.000000000 -0.000003462 0.000019319 -0.000091434 0.000003463 1.000000000 -0.000050806 -0.000057401 -0.000019319 0.000050806 1.000000000 -0.000926698
1.000000000 0.000075066 0.000090365 -0.001379209 -0.000075072 1.000000000 0.000063257 -0.000087066 -0.000090360 -0.000063264 1.000000000 0.000518499
1.000000000 0.000032486 -0.000021496 -0.000009344 -0.000032486 1.000000000 -0.000004996 -0.000044553 0.000021496 0.000004996 1.000000000 -0.000420109
1.000000000 0.000077741 0.000028390 0.000174226 -0.000077742 1.000000000 0.000002777 0.000434924 -0.000028390 -0.000002779 1.000000000 0.000557751
1.000000000 0.000072804 -0.000028516 -0.000385184 -0.000072806 1.000000000 -0.000045247 -0.000068965 0.000028512 0.000045249 1.000000000 -0.000241202
1.000000000 0.000157519 0.000080363 -0.000757313 -0.000157513 1.000000000 -0.000071267 0.000583766 -0.000080375 0.000071255 1.000000000 0.001182327
1.000000000 0.000159591 0.000028487 -0.000363867 -0.000159593 1.000000000 0.000063851 0.000021454 -0.000028477 -0.000063856 1.000000000 0.000621164
1.000000000 0.000033938 0.000046408 0.000382361 -0.000033937 1.000000000 -0.000022746 0.000591425 -0.000046409 0.000022745 1.000000000 0.002100043
1.000000000 0.000096108 0.000047798 -0.000680919 -0.000096111 1.000000000 0.000049960 -0.000663074 -0.000047793 -0.000049964 1.000000000 0.000146426
1.000000000 0.000153015 0.000051857 -0.000556276 -0.000153013 1.000000000 -0.000034051 0.000771669 -0.000051862 0.000034043 1.000000000 0.000670505
1.000000000 0.000148085 0.000089547 -0.001658482 -0.000148082 1.000000000 -0.000034803 0.000502166 -0.000089552 0.000034789 1.000000000 -0.000035694
1.000000000 0.000093037 0.000066936 -0.000095000 -0.000093036 1.000000000 -0.000016795 0.000774484 -0.000066938 0.000016789 1.000000000 0.002046459
1.000000000 0.000188815 0.000075063 -0.000594520 -0.000188813 1.000000000 -0.000019566 0.000845749 -0.000075066 0.000019552 1.000000000 0.001464815
1.000000000 0.000176316 0.000089014 -0.000864576 -0.000176311 1.000000000 -0.000047762 0.000987190 -0.000089022 0.000047746 1.000000000 0.002178744
1.000000000 0.000167786 0.000120684 -0.000961892 -0.000167789 1.000000000 0.000022956 0.000957144 -0.000120680 -0.000022977 1.000000000 0.001023163
0.999999940 0.000170053 0.000175565 -0.001547770 -0.000170035 1.000000000 -0.000101017 0.001087720 -0.000175582 0.000100987 1.000000000 0.000767879
1.000000000 0.000037554 0.000132200 -0.001070421 -0.000037553 1.000000000 -0.000001681 0.000262020 -0.000132200 0.000001676 1.000000000 0.000883662
1.000000000 0.000180391 0.000102935 -0.001650696 -0.000180386 1.000000000 -0.000048246 0.001375390 -0.000102944 0.000048227 1.000000000 0.001803573
1.000000000 0.000142472 0.000094371 -0.001113346 -0.000142465 1.000000000 -0.000071882 0.000636847 -0.000094381 0.000071869 1.000000000 0.000864355
1.000000000 0.000186659 0.000124484 -0.001451995 -0.000186658 1.000000000 -0.000011566 0.000527601 -0.000124486 0.000011542 1.000000000 0.002078146
0.999999940 0.000309931 0.000109213 -0.001943796 -0.000309931 0.999999940 0.000003156 0.000970332 -0.000109212 -0.000003190 1.000000000 0.001652580
1.000000000 0.000212885 0.000097519 -0.000717781 -0.000212885 1.000000000 0.000008566 0.000550884 -0.000097517 -0.000008587 1.000000000 0.001722074
0.999999940 0.000179286 0.000180309 -0.001944389 -0.000179276 1.000000000 -0.000056774 0.001972131 -0.000180320 0.000056741 1.000000000 0.002335116
0.999999940 0.000240081 0.000172463 -0.001597328 -0.000240081 1.000000000 -0.000000738 0.001153264 -0.000172464 0.000000697 1.000000000 0.001737379
1.000000000 0.000216399 0.000060555 -0.001601850 -0.000216395 1.000000000 -0.000069056 0.001552026 -0.000060570 0.000069043 1.000000000 0.001293650
0.999999940 0.000337283 0.000130850 -0.001842704 -0.000337272 0.999999940 -0.000080538 0.002158645 -0.000130877 0.000080493 1.000000000 0.000911759
0.999999940 0.000268011 0.000184120 -0.001694293 -0.000268000 0.999999940 -0.000055331 0.000758857 -0.000184135 0.000055282 1.000000000 0.001382761
0.999999940 0.000242280 0.000196098 -0.001371506 -0.000242272 0.999999940 -0.000040149 0.001353554 -0.000196108 0.000040102 1.000000000 0.002602540
0.999999940 0.000221177 0.000132794 -0.001018136 -0.000221172 1.000000000 -0.000036791 0.001122804 -0.000132802 0.000036762 1.000000000 0.002423827
1.000000000 0.000175064 0.000139864 -0.001583556 -0.000175062 1.000000000 -0.000013997 0.000389221 -0.000139867 0.000013973 1.000000000 0.000736179
0.999999940 0.000249050 0.000192652 -0.001986761 -0.000249049 0.999999940 -0.000004082 0.001010867 -0.000192653 0.000004034 1.000000000 0.001926560
0.999999940 0.000248265 0.000123018 -0.000926374 -0.000248262 0.999999940 -0.000019106 0.000640649 -0.000123023 0.000019075 1.000000000 0.001538748
0.999999940 0.000241342 0.000108314 -0.001165329 -0.000241339 1.000000000 -0.000029856 0.001202100 -0.000108321 0.000029830 1.000000000 0.001467207
0.999999940 0.000299357 0.000093271 -0.001277326 -0.000299358 0.999999940 0.000011201 0.000606259 -0.000093268 -0.000011229 1.000000000 0.001215971
0.999999940 0.000291026 0.000147761 -0.001784240 -0.000291017 0.999999940 -0.000062072 0.001414640 -0.000147779 0.000062029 1.000000000 0.001564534
0.999999940 0.000287392 0.000086775 -0.000053902 -0.000287387 0.999999940 -0.000054167 0.001752082 -0.000086791 0.000054142 1.000000000 0.001766109
1.000000000 0.000168953 0.000115292 -0.000579098 -0.000168939 1.000000000 -0.000127477 0.001140378 -0.000115313 0.000127457 1.000000000 0.001641061
0.999999940 0.000342166 0.000210484 -0.001324716 -0.000342032 0.999999762 -0.000633469 -0.003133354 -0.000210701 0.000633397 0.999999762 0.047875497
0.999999881 0.000452316 0.000219517 0.000363431 -0.000452027 0.999999046 -0.001314516 -0.003796788 -0.000220112 0.001314417 0.999999106 0.139304459
0.999999940 0.000307113 0.000209592 0.002411564 -0.000306806 0.999998868 -0.001461307 -0.007084675 -0.000210040 0.001461242 0.999998927 0.252686888
0.999999881 0.000423954 0.000219090 0.005039420 -0.000423676 0.999999106 -0.001271074 -0.011891018 -0.000219629 0.001270981 0.999999166 0.385718852
0.999999881 0.000418956 0.000320927 0.005277111 -0.000418582 0.999999225 -0.001164522 -0.014691873 -0.000321414 0.001164388 0.999999285 0.526407480
1.000000000 -0.000006467 0.000220540 0.011673816 0.000006661 0.999999642 -0.000876563 -0.019811323 -0.000220534 0.000876565 0.999999583 0.688637674
0.999999762 0.000530659 0.000400445 0.012626915 -0.000530366 0.999999583 -0.000732053 -0.024958886 -0.000400833 0.000731840 0.999999642 0.847400665
0.999999642 0.000473340 0.000666824 0.010621809 -0.000472782 0.999999523 -0.000837667 -0.028849293 -0.000667220 0.000837352 0.999999404 1.018522024
0.999999940 0.000151793 0.000338056 0.020204507 -0.000151503 0.999999642 -0.000860580 -0.031884503 -0.000338187 0.000860528 0.999999583 1.200224876
0.999999940 0.000235338 0.000316008 0.023994064 -0.000235232 0.999999940 -0.000334604 -0.041472767 -0.000316087 0.000334529 0.999999881 1.373539805
0.999999702 0.000467990 0.000595804 0.024139507 -0.000468040 0.999999881 0.000083830 -0.048769362 -0.000595765 -0.000084109 0.999999821 1.572799921
0.999952614 -0.002314626 0.009457014 -0.110429086 0.002301615 0.999996305 0.001386474 -0.070613936 -0.009460188 -0.001364641 0.999954343 1.583203912
0.999953270 -0.001880945 0.009478970 -0.105984077 0.001866438 0.999996960 0.001539173 -0.077037856 -0.009481837 -0.001521409 0.999953926 1.789683700
0.999949992 -0.002247453 0.009746284 -0.107936561 0.002232008 0.999996245 0.001595319 -0.083947547 -0.009749833 -0.001573485 0.999951243 1.960288048
0.999947786 -0.001924888 0.010039020 -0.102737367 0.001908866 0.999996901 0.001605385 -0.087451227 -0.010042081 -0.001586138 0.999948323 2.183600426
0.999947727 -0.001904285 0.010054262 -0.095179200 0.001887892 0.999996960 0.001639630 -0.092555784 -0.010057353 -0.001620563 0.999948084 2.408851862
0.999944687 -0.001947001 0.010338739 -0.089265049 0.001930872 0.999996960 0.001569812 -0.097992808 -0.010341765 -0.001549762 0.999945343 2.639474630
0.999943972 -0.002357791 0.010320835 -0.091821842 0.002339063 0.999995589 0.001826333 -0.106435567 -0.010325096 -0.001802090 0.999945045 2.788717270
0.999943733 -0.002333339 0.010346574 -0.084166959 0.002313433 0.999995470 0.001935487 -0.114341043 -0.010351042 -0.001911442 0.999944568 3.032422543
0.999940813 -0.001954469 0.010705293 -0.080629408 0.001935064 0.999996483 0.001822680 -0.118314587 -0.010708819 -0.001801857 0.999941051 3.285053015
0.999940991 -0.001980342 0.010678359 -0.072899520 0.001959762 0.999996185 0.001937390 -0.126925409 -0.010682154 -0.001916349 0.999941051 3.537928581
0.999936223 -0.001890674 0.011134723 -0.087497234 0.001865717 0.999995649 0.002251395 -0.136225820 -0.011138933 -0.002230478 0.999935448 3.711295605
0.999936044 -0.002247085 0.011088499 -0.075545117 0.002220964 0.999994755 0.002367481 -0.137943640 -0.011093762 -0.002342703 0.999935687 3.978668451
0.999934316 -0.001974692 0.011282590 -0.071060061 0.001948790 0.999995351 0.002306269 -0.145941511 -0.011287092 -0.002284131 0.999933660 4.230262280
0.999932587 -0.002221714 0.011404005 -0.063052379 0.002195296 0.999994874 0.002328604 -0.155801430 -0.011409122 -0.002303412 0.999932230 4.487040997
0.999930978 -0.002092890 0.011563062 -0.064678647 0.002063979 0.999994695 0.002511658 -0.157093897 -0.011568258 -0.002487618 0.999929965 4.660898209
0.999930322 -0.001880129 0.011658426 -0.056864507 0.001851887 0.999995291 0.002432767 -0.163104624 -0.011662947 -0.002411008 0.999929011 4.927082062
0.999926209 -0.002180353 0.011955272 -0.050688494 0.002149499 0.999994278 0.002593083 -0.173630536 -0.011960858 -0.002567193 0.999925137 5.196748257
0.999931753 -0.002718766 0.011366169 -0.032336842 0.002691380 0.999993384 0.002424005 -0.177804932 -0.011372686 -0.002393249 0.999932468 5.464730263
0.999929309 -0.002162260 0.011694051 -0.043658718 0.002130816 0.999994040 0.002700617 -0.189474046 -0.011699822 -0.002675508 0.999927998 5.679469585
0.999928355 -0.001783081 0.011834559 -0.033749305 0.001750070 0.999994576 0.002799163 -0.196738750 -0.011839486 -0.002778251 0.999926090 5.965100288
0.999928713 -0.001858629 0.011799928 -0.030282564 0.001822424 0.999993682 0.003078259 -0.206000775 -0.011805574 -0.003056535 0.999925673 6.260207176
0.999928772 -0.001934642 0.011782387 -0.017834440 0.001902184 0.999994338 0.002765426 -0.212251708 -0.011787672 -0.002742817 0.999926805 6.570294857
0.999930084 -0.002160927 0.011618313 -0.012957178 0.002126575 0.999993324 0.002968221 -0.218693733 -0.011624650 -0.002943306 0.999928057 6.794658184
0.999930322 -0.002241340 0.011584208 -0.003423005 0.002208020 0.999993384 0.002888257 -0.226708174 -0.011590605 -0.002862478 0.999928772 7.100830555
0.999927700 -0.002238753 0.011812858 0.006283216 0.002207454 0.999994040 0.002661928 -0.229000568 -0.011818747 -0.002635659 0.999926686 7.421334267
0.999926686 -0.002386128 0.011872346 0.005927801 0.002350542 0.999992728 0.003010449 -0.243486121 -0.011879442 -0.002982322 0.999925017 7.673404694
0.999928474 -0.002762594 0.011638951 0.019856200 0.002729416 0.999992132 0.002865567 -0.247392088 -0.011646776 -0.002833594 0.999928176 8.010574341
0.999927938 -0.002544343 0.011730038 0.033093452 0.002510398 0.999992669 0.002907706 -0.255437732 -0.011737349 -0.002878049 0.999927044 8.344783783
0.999922931 -0.002059904 0.012239073 0.023326159 0.002018933 0.999992311 0.003358904 -0.273704529 -0.012245897 -0.003333936 0.999919474 8.626123428
0.999920309 -0.001583865 0.012519128 0.031614043 0.001541632 0.999993145 0.003382364 -0.284247398 -0.012524399 -0.003362795 0.999915898 8.964979172
0.999921918 -0.001529167 0.012399988 0.044013105 0.001486146 0.999992847 0.003477924 -0.292882293 -0.012405219 -0.003459224 0.999917030 9.316588402
0.999921799 -0.001821412 0.012374425 0.047910683 0.001779521 0.999992669 0.003395523 -0.302256614 -0.012380519 -0.003373237 0.999917686 9.611861229
0.999921978 -0.001903777 0.012347742 0.061193559 0.001859377 0.999991834 0.003606287 -0.312739313 -0.012354506 -0.003583047 0.999917269 9.969855309
0.999920309 -0.002076354 0.012457964 0.072154820 0.002030590 0.999991179 0.003684971 -0.319338500 -0.012465505 -0.003659380 0.999915600 10.344145775
0.999918282 -0.002568157 0.012524956 0.079531558 0.002522893 0.999990225 0.003628307 -0.328668654 -0.012534153 -0.003596412 0.999914944 10.658767700
0.999918342 -0.002268071 0.012577039 0.093225464 0.002223764 0.999991298 0.003535732 -0.337318063 -0.012584948 -0.003507474 0.999914706 11.040412903
0.999916255 -0.002155541 0.012763953 0.105260119 0.002106578 0.999990404 0.003848233 -0.351871192 -0.012772124 -0.003821023 0.999911189 11.414817810
0.999913990 -0.002176877 0.012935912 0.116438851 0.002128331 0.999990761 0.003765311 -0.359054387 -0.012943989 -0.003737455 0.999909222 11.818865776
0.999911904 -0.002367021 0.013060239 0.112629399 0.002310577 0.999987960 0.004335157 -0.370768428 -0.013070343 -0.004304599 0.999905288 12.130606651
0.999912024 -0.002094809 0.013096961 0.129361182 0.002039511 0.999988973 0.004234097 -0.379924864 -0.013105686 -0.004207013 0.999905229 12.537993431
0.999913335 -0.001858206 0.013028917 0.140798792 0.001800361 0.999988496 0.004450131 -0.391167551 -0.013037035 -0.004426289 0.999905229 12.943938255
0.999908268 -0.001360047 0.013473993 0.146119654 0.001297250 0.999988258 0.004668253 -0.399773866 -0.013480186 -0.004650346 0.999898255 13.379915237
0.999902666 -0.002241547 0.013771418 0.151945785 0.002181651 0.999988079 0.004362752 -0.411587149 -0.013781034 -0.004332284 0.999895573 13.703821182
0.999901295 -0.001553831 0.013964317 0.163169265 0.001494286 0.999989748 0.004273481 -0.419069111 -0.013970814 -0.004252194 0.999893308 14.135635376
0.999896348 -0.001370916 0.014336725 0.181252167 0.001304198 0.999988258 0.004661942 -0.440341890 -0.014342949 -0.004642761 0.999886334 14.563296318
0.999890327 -0.001391766 0.014745287 0.192141756 0.001324833 0.999988794 0.004548037 -0.446903229 -0.014751451 -0.004528004 0.999880910 15.021744728
0.999881268 -0.001958153 0.015279559 0.182100460 0.001885346 0.999986768 0.004777946 -0.464192718 -0.015288713 -0.004748571 0.999871850 15.354893684
0.999873340 -0.002623115 0.015696429 0.196613133 0.002546160 0.999984622 0.004920738 -0.474951565 -0.015709097 -0.004880148 0.999864697 15.807043076
0.999870241 -0.002171652 0.015961293 0.209435508 0.002094614 0.999986112 0.004841695 -0.487536550 -0.015971586 -0.004807633 0.999860883 16.266302109
0.999868989 -0.002419047 0.016010955 0.209699571 0.002330154 0.999981761 0.005568320 -0.505033016 -0.016024135 -0.005530282 0.999856293 16.651674271
0.999862671 -0.002531756 0.016377352 0.225469634 0.002448556 0.999983966 0.005098228 -0.512833238 -0.016390000 -0.005057427 0.999852836 17.122663498
0.999861300 -0.002781535 0.016421758 0.249362722 0.002695395 0.999982476 0.005265298 -0.521128714 -0.016436119 -0.005220305 0.999851227 17.599094391
0.999858201 -0.002628230 0.016633030 0.246726751 0.002536835 0.999981582 0.005513517 -0.535284281 -0.016647214 -0.005470540 0.999846458 18.008001328
0.999858439 -0.002102491 0.016694926 0.269349426 0.002014463 0.999983966 0.005287867 -0.541016996 -0.016705776 -0.005253486 0.999846697 18.493837357
0.999852657 -0.002260082 0.017020604 0.280665785 0.002159884 0.999980271 0.005902931 -0.553280771 -0.017033607 -0.005865299 0.999837756 18.973382950
0.999855995 -0.002899369 0.016717423 0.289109021 0.002802491 0.999979138 0.005815515 -0.566356182 -0.016733935 -0.005767827 0.999843359 19.388484955
0.999865472 -0.002161980 0.016259739 0.306746364 0.002078916 0.999984682 0.005123718 -0.567323208 -0.016270570 -0.005089225 0.999854684 19.895446777
0.999869287 -0.002421967 0.015980335 0.311278194 0.002330118 0.999980688 0.005763795 -0.588225484 -0.015993984 -0.005725806 0.999855697 20.360773087
0.999875605 -0.002311238 0.015601981 0.332374096 0.002223808 0.999981761 0.005618830 -0.596267939 -0.015614683 -0.005583436 0.999862492 20.875967026
0.999881327 -0.002101647 0.015257875 0.345280826 0.002012663 0.999980927 0.005844989 -0.609154701 -0.015269868 -0.005813587 0.999866486 21.391632080
0.999878109 -0.002996519 0.015321858 0.344567180 0.002911141 0.999980152 0.005591580 -0.615497530 -0.015338309 -0.005546295 0.999866962 21.849369049
0.999895096 -0.002589160 0.014245031 0.365921080 0.002510730 0.999981642 0.005520858 -0.625940800 -0.014259063 -0.005484514 0.999883294 22.373846054
0.999901116 -0.003874939 0.013516163 0.381930351 0.003802517 0.999978304 0.005379776 -0.641697645 -0.013536717 -0.005327850 0.999894142 22.901460648
0.999894679 -0.003018760 0.014197109 0.366052359 0.002937854 0.999979377 0.005716157 -0.649353027 -0.014214071 -0.005673845 0.999882877 23.358764648
0.999900758 -0.002354248 0.013893172 0.382431239 0.002275194 0.999981284 0.005703164 -0.656740189 -0.013906337 -0.005670988 0.999887228 23.906181335
0.999917030 -0.001753278 0.012765702 0.403125286 0.001679285 0.999981761 0.005804676 -0.674368322 -0.012775647 -0.005782756 0.999901652 24.429334641
0.999916434 -0.002804828 0.012620242 0.402406216 0.002728886 0.999978065 0.006030705 -0.688477516 -0.012636881 -0.005995762 0.999902189 24.916246414
0.999920845 -0.003673241 0.012032857 0.424610585 0.003602069 0.999975860 0.005931160 -0.690736175 -0.012054355 -0.005887347 0.999909997 25.476129532
0.999928772 -0.003901321 0.011281471 0.441688031 0.003834575 0.999975085 0.005931946 -0.701063752 -0.011304333 -0.005888263 0.999918759 26.039131165
0.999932587 -0.003083401 0.011195806 0.485904992 0.003015852 0.999977112 0.006045333 -0.724018037 -0.011214190 -0.006011159 0.999919057 26.512769699
0.999930084 -0.002434982 0.011573982 0.436302245 0.002359533 0.999975920 0.006528017 -0.731253743 -0.011589599 -0.006500250 0.999911726 27.000293732
0.999933064 -0.001880143 0.011420746 0.452599227 0.001805408 0.999976993 0.006550496 -0.742587209 -0.011432798 -0.006529438 0.999913335 27.555208206
0.999934196 -0.001537246 0.011373514 0.465181261 0.001462676 0.999977410 0.006561849 -0.747024179 -0.011383344 -0.006544780 0.999913812 28.106712341
0.999935150 -0.002902338 0.011014201 0.453067899 0.002827219 0.999972701 0.006829618 -0.774221361 -0.011033721 -0.006798035 0.999916017 28.555480957
0.999936223 -0.002692197 0.010968376 0.474135220 0.002617572 0.999973357 0.006812318 -0.791596472 -0.010986424 -0.006783172 0.999916613 29.091606140
0.999934494 -0.001922407 0.011283983 0.485718071 0.001844498 0.999974489 0.006910727 -0.802193940 -0.011296979 -0.006889461 0.999912441 29.626314163
0.999942005 -0.002777074 0.010405414 0.491564095 0.002703410 0.999971211 0.007086836 -0.815772533 -0.010424796 -0.007058295 0.999920666 30.103862762
0.999942362 -0.003226759 0.010236864 0.509274364 0.003153834 0.999969542 0.007131968 -0.830007911 -0.010259567 -0.007099271 0.999922097 30.643587112
0.999945343 -0.002695503 0.010102414 0.526305914 0.002623359 0.999971032 0.007147677 -0.839622855 -0.010121387 -0.007120783 0.999923408 31.196525574
0.999944568 -0.002802269 0.010146867 0.544333875 0.002731258 0.999971747 0.007005434 -0.856812239 -0.010166211 -0.006977332 0.999923944 31.744302750
0.999942183 -0.002830637 0.010370965 0.509432256 0.002759188 0.999972522 0.006897136 -0.850108564 -0.010390202 -0.006868122 0.999922454 32.186283112
0.999947071 -0.002494579 0.009982874 0.524448633 0.002426107 0.999973536 0.006865236 -0.862249732 -0.009999735 -0.006840652 0.999926627 32.730220795
0.999949276 -0.002362849 0.009791560 0.536763549 0.002295928 0.999974012 0.006840094 -0.874768555 -0.009807467 -0.006817266 0.999928653 33.258697510
0.999948978 -0.002591461 0.009765103 0.557322800 0.002524341 0.999973178 0.006879554 -0.882692218 -0.009782669 -0.006854551 0.999928653 33.813148499
0.999946177 -0.002736415 0.010009308 0.535331488 0.002665652 0.999971330 0.007076217 -0.892443299 -0.010028386 -0.007049155 0.999924839 34.260890961
0.999946594 -0.003222074 0.009817119 0.555798590 0.003156583 0.999972582 0.006679330 -0.902591765 -0.009838372 -0.006647984 0.999929488 34.810306549
0.999950826 -0.003261982 0.009368522 0.573931575 0.003199110 0.999972224 0.006718124 -0.911380291 -0.009390177 -0.006687823 0.999933481 35.360149384
0.999955297 -0.003654808 0.008719418 0.608862877 0.003600773 0.999974251 0.006204724 -0.911094129 -0.008741871 -0.006173050 0.999942720 35.883365631
0.999949932 -0.002344967 0.009730699 0.602786660 0.002279834 0.999974906 0.006699173 -0.933550000 -0.009746166 -0.006676652 0.999930203 36.454956055
0.999940813 -0.003536458 0.010286911 0.538365602 0.003468026 0.999971807 0.006662583 -0.939831436 -0.010310184 -0.006626514 0.999924839 36.867992401
0.999943793 -0.003764755 0.009915120 0.558485150 0.003695897 0.999969006 0.006953852 -0.951911569 -0.009940992 -0.006916816 0.999926686 37.412174225
0.999942124 -0.003735318 0.010086256 0.577992082 0.003671034 0.999972939 0.006384335 -0.963503957 -0.010109831 -0.006346940 0.999928772 37.950031281
0.999944091 -0.003034519 0.010133090 0.605197370 0.002967713 0.999973893 0.006601279 -0.985435307 -0.010152858 -0.006570838 0.999926805 38.496128082
0.999938428 -0.003606239 0.010494472 0.553539097 0.003546566 0.999977410 0.005699257 -0.951268315 -0.010514789 -0.005661687 0.999928713 38.948932648
0.999938369 -0.003438339 0.010556295 0.568872273 0.003376825 0.999977291 0.005839599 -0.961885810 -0.010576133 -0.005803592 0.999927282 39.497261047
0.999935269 -0.003009353 0.010973169 0.581394255 0.002949377 0.999980628 0.005477848 -0.976375222 -0.010989442 -0.005445130 0.999924839 40.053558350
0.999938309 -0.002427584 0.010832985 0.609766483 0.002380940 0.999987781 0.004316558 -0.974545836 -0.010843331 -0.004290499 0.999932051 40.589244843
0.999936759 -0.002737489 0.010908470 0.579633474 0.002678341 0.999981582 0.005433183 -0.983397841 -0.010923143 -0.005403622 0.999925733 40.985774994
0.999936342 -0.001996474 0.011105806 0.594929218 0.001935977 0.999983191 0.005455458 -0.997021079 -0.011116511 -0.005433610 0.999923468 41.537902832
0.999938726 -0.002541956 0.010768301 0.622704923 0.002477204 0.999978721 0.006022138 -1.015299559 -0.010783380 -0.005995094 0.999923885 42.076290131
0.999942601 -0.002669835 0.010372625 0.652071416 0.002609684 0.999979675 0.005808158 -1.026945353 -0.010387921 -0.005780756 0.999929368 42.604286194
0.999932766 -0.002661202 0.011286201 0.613507390 0.002598095 0.999980867 0.005602615 -1.034231186 -0.011300895 -0.005572917 0.999920607 43.048690796
0.999927163 -0.002219558 0.011860765 0.627443373 0.002152235 0.999981463 0.005685914 -1.047829032 -0.011873164 -0.005659974 0.999913454 43.594600677
0.999929965 -0.003218830 0.011391927 0.648772120 0.003153971 0.999978662 0.005706895 -1.062573314 -0.011410055 -0.005670566 0.999918818 44.126125336
0.999932647 -0.002590516 0.011309939 0.667021453 0.002521921 0.999978364 0.006075053 -1.076675653 -0.011325432 -0.006046122 0.999917567 44.675441742
0.999924958 -0.003184337 0.011840603 0.616550922 0.003115540 0.999978185 0.005824234 -1.060299873 -0.011858894 -0.005786905 0.999912918 45.101730347
0.999923587 -0.002276062 0.012151420 0.629979372 0.002210265 0.999982774 0.005425438 -1.069649339 -0.012163562 -0.005398165 0.999911427 45.646762848
0.999920666 -0.002310602 0.012389267 0.647810400 0.002240330 0.999981403 0.005682785 -1.087309122 -0.012402168 -0.005654578 0.999907136 46.177204132
0.999923289 -0.003239854 0.011958133 0.676484168 0.003170044 0.999977767 0.005852273 -1.101960182 -0.011976829 -0.005813915 0.999911368 46.732295990
0.999921381 -0.002944259 0.012194676 0.676970601 0.002877548 0.999980807 0.005484511 -1.102430820 -0.012210591 -0.005448989 0.999910593 47.278488159
0.999921501 -0.002615691 0.012246229 0.685028315 0.002542512 0.999978900 0.005987265 -1.129555464 -0.012261628 -0.005955660 0.999907076 47.814521790
0.999914646 -0.004490301 0.012271756 0.637033403 0.004425847 0.999976397 0.005274307 -1.102231741 -0.012295150 -0.005219543 0.999910772 48.141654968
0.999910116 -0.004752841 0.012540102 0.653440595 0.004684842 0.999974251 0.005446249 -1.114111662 -0.012565664 -0.005387010 0.999906600 48.697128296
0.999908626 -0.004091245 0.012885531 0.662143707 0.004022731 0.999977767 0.005338481 -1.125096440 -0.012907085 -0.005286158 0.999902725 49.247901917
0.999915421 -0.002657820 0.012731325 0.684889376 0.002588829 0.999981940 0.005432350 -1.136340141 -0.012745533 -0.005398931 0.999904156 49.768199921
0.999911666 -0.003560716 0.012809305 0.716709137 0.003495241 0.999980748 0.005130253 -1.158633590 -0.012827327 -0.005085027 0.999904811 50.284275055
0.999907494 -0.004446867 0.012852326 0.685444176 0.004378818 0.999976277 0.005317904 -1.148496032 -0.012875670 -0.005261134 0.999903262 50.639957428
0.999902368 -0.004679040 0.013164650 0.706757843 0.004612235 0.999976397 0.005100314 -1.158340812 -0.013188204 -0.005039097 0.999900341 51.191841125
0.999903977 -0.005094596 0.012885901 0.722076178 0.005031945 0.999975383 0.004889832 -1.170210838 -0.012910497 -0.004824521 0.999904990 51.770111084
0.999901950 -0.005011791 0.013073148 0.740225732 0.004935964 0.999970853 0.005826102 -1.189171553 -0.013101967 -0.005761002 0.999897540 52.257518768
0.999896765 -0.004716766 0.013569911 0.709277272 0.004650895 0.999977231 0.004881737 -1.184947610 -0.013592628 -0.004818121 0.999895990 52.649433136
0.999895155 -0.004088112 0.013888893 0.722261488 0.004016389 0.999978423 0.005188096 -1.201409578 -0.013909803 -0.005131770 0.999890029 53.183303833
0.999895513 -0.004405600 0.013765832 0.753669083 0.004344888 0.999980688 0.004437057 -1.207038283 -0.013785115 -0.004376783 0.999895394 53.721836090
0.999898553 -0.003764468 0.013738578 0.784521401 0.003704348 0.999983490 0.004398894 -1.211845756 -0.013754910 -0.004347554 0.999895930 54.230606079
0.999887049 -0.004656595 0.014288696 0.727658153 0.004589994 0.999978423 0.004690472 -1.222131371 -0.014310231 -0.004624357 0.999886930 54.668174744
0.999880731 -0.003501014 0.015040198 0.744667470 0.003435777 0.999984622 0.004361111 -1.230234861 -0.015055234 -0.004308917 0.999877453 55.216686249
0.999882400 -0.003875001 0.014839130 0.762071490 0.003809571 0.999982893 0.004435078 -1.238102198 -0.014856065 -0.004378026 0.999880075 55.733993530
0.999889374 -0.004479430 0.014186736 0.799978733 0.004417375 0.999980509 0.004402569 -1.253365517 -0.014206181 -0.004339415 0.999889672 56.261054993
0.999890625 -0.005380765 0.013776127 0.817822993 0.005320451 0.999976158 0.004411060 -1.250641108 -0.013799534 -0.004337283 0.999895394 56.775909424
0.999866068 -0.004787039 0.015650285 0.737376332 0.004722930 0.999980330 0.004130739 -1.262078881 -0.015669752 -0.004056271 0.999868989 57.128433228
0.999860942 -0.004532530 0.016050255 0.755176246 0.004474601 0.999983430 0.003643260 -1.270907640 -0.016066503 -0.003570935 0.999864519 57.679386139
0.999867439 -0.004512234 0.015645506 0.782037497 0.004443380 0.999980330 0.004432824 -1.288704634 -0.015665201 -0.004362717 0.999867737 58.217201233
0.999863744 -0.005258391 0.015653485 0.807022274 0.005188021 0.999976277 0.004532691 -1.303740740 -0.015676949 -0.004450862 0.999867141 58.743080139
0.999859869 -0.006408672 0.015466130 0.838699698 0.006343004 0.999970734 0.004291254 -1.311102509 -0.015493180 -0.004192552 0.999871135 59.289524078
0.999862373 -0.005506264 0.015646938 0.850265265 0.005441153 0.999976337 0.004200785 -1.328555584 -0.015669698 -0.004115070 0.999868751 59.803848267
0.999843717 -0.003963169 0.017228376 0.751947761 0.003890787 0.999983490 0.004232763 -1.358068705 -0.017244866 -0.004165069 0.999842644 60.109092712
0.999841869 -0.002891797 0.017543050 0.769964218 0.002821518 0.999987900 0.004029517 -1.367293596 -0.017554490 -0.003979382 0.999837995 60.666137695
0.999853909 -0.004412114 0.016509524 0.792357206 0.004345786 0.999982417 0.004051279 -1.381995916 -0.016527105 -0.003978941 0.999855578 61.124954224
0.999845266 -0.004587270 0.016989037 0.784372091 0.004520651 0.999981940 0.003957719 -1.384268641 -0.017006887 -0.003880305 0.999847829 61.606456757
0.999839902 -0.003922487 0.017459624 0.800440788 0.003849687 0.999983788 0.004201294 -1.395422101 -0.017475819 -0.004133408 0.999838710 62.154464722
0.999838471 -0.004518646 0.017396299 0.819366336 0.004451516 0.999982417 0.003895734 -1.403647065 -0.017413596 -0.003817665 0.999841034 62.700672150
0.999854445 -0.004740649 0.016389720 0.924475729 0.004680445 0.999982238 0.003709653 -1.432381749 -0.016407013 -0.003632402 0.999858856 63.275856018
0.999830306 -0.004668061 0.017817017 0.828000426 0.004607928 0.999983549 0.003414536 -1.416242123 -0.017832661 -0.003331857 0.999835432 63.615978241
0.999829352 -0.004525966 0.017909506 0.846668482 0.004464009 0.999983907 0.003497948 -1.431053042 -0.017925050 -0.003417403 0.999833524 64.157539368
0.999825120 -0.004237558 0.018212277 0.866237044 0.004170320 0.999984384 0.003728251 -1.444856644 -0.018227791 -0.003651649 0.999827206 64.704513550
0.999834836 -0.003893359 0.017751453 0.892987549 0.003825494 0.999985278 0.003855394 -1.446427703 -0.017766202 -0.003786849 0.999834955 65.142402649
0.999833882 -0.004091274 0.017759796 0.923935592 0.004018526 0.999983430 0.004129928 -1.471533775 -0.017776396 -0.004057874 0.999833763 65.638984680
0.999818802 -0.003799468 0.018653855 0.857564569 0.003727409 0.999985397 0.003896235 -1.481528044 -0.018668387 -0.003825998 0.999818385 66.029243469
0.999817669 -0.004815090 0.018480832 0.882309794 0.004749030 0.999982119 0.003616818 -1.494348526 -0.018497918 -0.003528393 0.999822617 66.572921753
0.999816298 -0.004424209 0.018651674 0.901335239 0.004353927 0.999983251 0.003807106 -1.515307665 -0.018668205 -0.003725199 0.999818802 67.091712952
0.999805331 -0.003975494 0.019328943 0.922952056 0.003899502 0.999984503 0.003967661 -1.530316114 -0.019344417 -0.003891515 0.999805272 67.618576050
0.999811888 -0.003221968 0.019125002 0.898888290 0.003150800 0.999987960 0.003750251 -1.534467936 -0.019136855 -0.003689287 0.999810040 68.016601562
0.999802828 -0.002943398 0.019633871 0.917009354 0.002863519 0.999987483 0.004095355 -1.550794721 -0.019645682 -0.004038326 0.999798834 68.559196472
0.999813259 -0.002800006 0.019121345 0.931456387 0.002725574 0.999988556 0.003917565 -1.568202972 -0.019132096 -0.003864716 0.999809504 69.084793091
0.999815404 -0.002481381 0.019050347 0.983251095 0.002416818 0.999991298 0.003411375 -1.539930582 -0.019058647 -0.003364703 0.999812663 69.545387268
0.999799669 -0.002292641 0.019880375 0.933049798 0.002207938 0.999988377 0.004281528 -1.585672617 -0.019889958 -0.004236776 0.999793172 70.013000488
0.999797165 -0.001511688 0.020081105 0.952591896 0.001427539 0.999990165 0.004204199 -1.598546624 -0.020087261 -0.004174680 0.999789536 70.568321228
0.999797225 -0.002735562 0.019947806 0.991970062 0.002653078 0.999987900 0.004160255 -1.612140894 -0.019958941 -0.004106489 0.999792337 71.086921692
0.999808848 -0.002322497 0.019417340 1.017132521 0.002243950 0.999989212 0.004066048 -1.615755200 -0.019426575 -0.004021700 0.999803126 71.564208984
0.999783754 -0.001296915 0.020752814 0.967299402 0.001211397 0.999990702 0.004132856 -1.637223721 -0.020757979 -0.004106822 0.999776065 72.038261414
0.999780595 -0.000719211 0.020934256 0.984163105 0.000643292 0.999993265 0.003633064 -1.644889951 -0.020936724 -0.003618800 0.999774218 72.581184387
0.999792278 -0.002038027 0.020281784 1.020991087 0.001948230 0.999988198 0.004446275 -1.670844078 -0.020290608 -0.004405838 0.999784350 73.045715332
0.999805033 -0.002676231 0.019565238 1.068817139 0.002607343 0.999990344 0.003545524 -1.656876326 -0.019574534 -0.003493819 0.999802291 73.558456421
0.999767840 -0.001289454 0.021512412 0.991959989 0.001203208 0.999991179 0.004021621 -1.686423779 -0.021517411 -0.003994803 0.999760509 74.055923462
0.999768496 -0.000821200 0.021499874 1.013446331 0.000729201 0.999990582 0.004286559 -1.705338001 -0.021503193 -0.004269890 0.999759674 74.604202271
0.999769926 -0.001001487 0.021423250 1.041995525 0.000922872 0.999992847 0.003679181 -1.715631008 -0.021426782 -0.003658563 0.999763727 75.147087097
0.999757111 -0.001446494 0.021991584 1.081608295 0.001356072 0.999990582 0.004125981 -1.734377861 -0.021997349 -0.004095157 0.999749601 75.632713318
0.999693632 0.000031388 0.024750121 1.020584345 -0.000127377 0.999992490 0.003876770 -1.734936237 -0.024749810 -0.003878735 0.999686182 76.128463745
0.999659419 0.000204706 0.026096568 1.046763897 -0.000308374 0.999992073 0.003968499 -1.748645067 -0.026095547 -0.003975195 0.999651551 76.676399231
0.999631703 0.000439471 0.027135462 1.069936991 -0.000548066 0.999991894 0.003994653 -1.763360023 -0.027133482 -0.004008054 0.999623895 77.203796387
0.999540508 0.000371480 0.030310122 1.101479530 -0.000482338 0.999993205 0.003650206 -1.779350400 -0.030308561 -0.003663148 0.999533892 77.734611511
0.999402761 -0.000355268 0.034554690 1.100132346 0.000234464 0.999993801 0.003500053 -1.758215785 -0.034555726 -0.003489861 0.999396622 78.183654785
0.999288082 0.000083192 0.037728716 1.135960221 -0.000221583 0.999993265 0.003663883 -1.779191256 -0.037728153 -0.003669634 0.999281287 78.716567993
0.999129713 -0.000398909 0.041709911 1.174728394 0.000243182 0.999992967 0.003738614 -1.793007135 -0.041711111 -0.003725218 0.999122739 79.255775452
0.998845637 0.000151936 0.048033688 1.188996553 -0.000313632 0.999994338 0.003358766 -1.788848877 -0.048032898 -0.003369955 0.998840094 79.727264404
0.998544931 0.000005581 0.053923834 1.233493805 -0.000181250 0.999994755 0.003252832 -1.801861763 -0.053923529 -0.003257874 0.998539746 80.278236389
0.998185217 0.000289954 0.060217433 1.278599977 -0.000485499 0.999994636 0.003232705 -1.813902140 -0.060216174 -0.003256074 0.998180091 80.821090698
0.997653186 0.000186703 0.068468660 1.302955627 -0.000420966 0.999994099 0.003407055 -1.822746754 -0.068467617 -0.003427882 0.997647405 81.309173584
0.997029245 -0.000010416 0.077023037 1.363926411 -0.000225686 0.999995351 0.003056632 -1.834686041 -0.077022702 -0.003064935 0.997024536 81.858360291
0.996451557 0.000047323 0.084168203 1.422489166 -0.000323050 0.999994636 0.003262290 -1.848681211 -0.084167600 -0.003277904 0.996446192 82.412902832
0.995614588 0.000319491 0.093549341 1.456835270 -0.000646865 0.999993801 0.003469169 -1.866344929 -0.093547650 -0.003514468 0.995608628 82.869789124
0.994666576 -0.000059421 0.103142597 1.539041519 -0.000280876 0.999994576 0.003284756 -1.880731940 -0.103142217 -0.003296207 0.994661212 83.391777039
0.993759155 -0.000732561 0.111545227 1.640518665 0.000326006 0.999993205 0.003662943 -1.905582905 -0.111547150 -0.003603718 0.993752599 83.883728027
0.992809772 0.000114928 0.119702488 1.671415329 -0.000528497 0.999993980 0.003423237 -1.905557871 -0.119701363 -0.003461886 0.992803931 84.432975769
0.991523027 0.000336770 0.129930377 1.762998581 -0.000747026 0.999994814 0.003108785 -1.916032314 -0.129928663 -0.003179493 0.991518259 84.971748352
0.990191400 -0.000315264 0.139717251 1.878206253 -0.000204865 0.999993086 0.003708330 -1.942579269 -0.139717460 -0.003700580 0.990184546 85.454711914
0.988746285 -0.000914773 0.149599120 1.929929733 0.000427689 0.999994516 0.003288069 -1.934271932 -0.149601310 -0.003187084 0.988741219 85.978065491
0.986862719 -0.000430173 0.161560401 2.036289215 -0.000129581 0.999994099 0.003454122 -1.947340012 -0.161560923 -0.003429680 0.986856818 86.518478394
0.984751225 -0.000144163 0.173968330 2.127400398 -0.000532088 0.999992490 0.003840564 -1.977189541 -0.173967585 -0.003874568 0.984743714 86.996658325
0.982819080 -0.001404210 0.184566319 2.226441383 0.000815616 0.999994338 0.003264950 -1.964557052 -0.184569851 -0.003058320 0.982814610 87.531822205
0.980837524 -0.001388190 0.194822848 2.349409103 0.000753952 0.999994159 0.003329576 -1.975683212 -0.194826335 -0.003118885 0.980832815 88.065773010
0.978201091 -0.001911572 0.207651526 2.480995178 0.001256474 0.999993801 0.003286642 -1.998914242 -0.207656533 -0.002954088 0.978197336 88.544479370
0.975673676 -0.002568751 0.219213158 2.635288239 0.001837422 0.999992073 0.003539962 -2.021169424 -0.219220534 -0.003051061 0.975670457 88.985877991
0.973056793 -0.002420365 0.230552882 2.717582703 0.001729844 0.999993324 0.003197153 -2.002227306 -0.230559140 -0.002712190 0.973054647 89.571762085
0.969839096 -0.002051169 0.243737623 2.871696472 0.001235616 0.999993086 0.003498869 -2.020220280 -0.243743137 -0.003092173 0.969834924 90.095207214
0.966518760 -0.003038209 0.256577909 3.023799896 0.002241977 0.999991775 0.003395737 -2.036676645 -0.256586075 -0.002706802 0.966517687 90.569519043
0.963548481 -0.003604300 0.267509192 3.180137634 0.002803354 0.999990344 0.003375951 -2.051000834 -0.267518818 -0.002502970 0.963549376 91.063056946
0.960563779 -0.003632004 0.278036028 3.348924637 0.002903977 0.999991179 0.003030244 -2.046579123 -0.278044641 -0.002103332 0.960565805 91.505416870
0.956068695 -0.002578718 0.293131351 3.435691833 0.001693340 0.999993205 0.003274133 -2.057579041 -0.293137819 -0.002633926 0.956066489 92.105178833
0.952092409 -0.002705264 0.305798650 3.625095367 0.001730584 0.999992549 0.003458381 -2.073450089 -0.305805683 -0.002763489 0.952089846 92.625244141
0.948399603 -0.003229532 0.317061365 3.827447891 0.002216035 0.999991298 0.003557094 -2.094891548 -0.317070037 -0.002670927 0.948398352 93.105476379
0.943305552 -0.002712745 0.331914604 3.946994781 0.001511511 0.999991357 0.003877218 -2.097616196 -0.331922233 -0.003155709 0.943301499 93.587089539
0.938447297 -0.003306221 0.345406830 4.165889740 0.002076447 0.999990165 0.003930300 -2.109015465 -0.345416397 -0.002971160 0.938444853 94.100990295
0.934176683 -0.003171121 0.356796682 4.364868164 0.001774768 0.999989390 0.004240905 -2.123397112 -0.356806368 -0.003328523 0.934172451 94.549179077
0.928931355 -0.003119347 0.370238900 4.554517746 0.001833373 0.999991119 0.003825208 -2.128128767 -0.370247513 -0.002874570 0.928928673 95.099472046
0.923195720 -0.003097822 0.384317726 4.786252975 0.001624450 0.999990046 0.004158292 -2.142462492 -0.384326786 -0.003214613 0.923191488 95.599472046
0.918087721 -0.003393154 0.396362782 5.019615173 0.001940554 0.999989867 0.004065773 -2.153415918 -0.396372616 -0.002963574 0.918084919 96.099670410
0.913093209 -0.004418479 0.407726943 5.258522034 0.003096672 0.999987543 0.003901812 -2.162869692 -0.407739103 -0.002300121 0.913095534 96.587654114
0.906100273 -0.003620105 0.423047394 5.427097321 0.001998037 0.999988794 0.004277636 -2.166150331 -0.423058122 -0.003030703 0.906097472 97.035865784
0.899888337 -0.003447845 0.436106861 5.684207916 0.001659785 0.999988496 0.004480976 -2.179847240 -0.436117321 -0.003308534 0.899883747 97.519309998
0.894718111 -0.004811942 0.446605325 5.947776794 0.003347205 0.999986053 0.004068627 -2.190344334 -0.446618676 -0.002145395 0.894721866 97.988304138
0.888485730 -0.004552997 0.458881527 6.222198486 0.002865748 0.999986351 0.004373151 -2.200822592 -0.458895177 -0.002570443 0.888486743 98.475624084
0.880957246 -0.003723181 0.473181278 6.422428131 0.002226580 0.999990523 0.003722935 -2.180255651 -0.473190665 -0.002226170 0.880957186 98.954307556
0.874689102 -0.004053076 0.484667361 6.710681915 0.002618033 0.999989927 0.003637693 -2.193083763 -0.484677255 -0.001912975 0.874690950 99.422134399
0.868494034 -0.004329985 0.495680928 6.995803833 0.002584063 0.999987781 0.004207725 -2.215477228 -0.495693147 -0.002373513 0.868494511 99.868545532
0.860471487 -0.003649518 0.509485602 7.301074982 0.001784038 0.999989748 0.004150003 -2.212333202 -0.509495616 -0.002662017 0.860469162 100.375885010
0.851795852 -0.003332075 0.523863316 7.487113953 0.001953838 0.999993026 0.003183620 -2.182095766 -0.523870230 -0.001688250 0.851796389 100.838882446
