1.000000000 0.000000000 0.000000000 0.000000000 0.000000000 1.000000000 0.000000000 0.000000000 0.000000000 0.000000000 1.000000000 0.000000000
1.000000000 -0.000060935 -0.000197772 0.003579126 0.000060958 1.000000000 0.000115463 -0.003035243 0.000197765 -0.000115475 1.000000000 -0.001694834
1.000000000 0.000064625 0.000080557 -0.001387839 -0.000064631 1.000000000 0.000069243 -0.002790379 -0.000080552 -0.000069248 1.000000000 -0.001227603
1.000000000 -0.000120310 -0.000164220 0.006430588 0.000120336 1.000000000 0.000157262 -0.003066371 0.000164201 -0.000157281 1.000000000 -0.004410658
1.000000000 -0.000040617 -0.000103539 0.001857655 0.000040621 1.000000000 0.000034156 0.000229500 0.000103537 -0.000034161 1.000000000 0.001751113
1.000000000 -0.000041582 0.000055019 -0.000245902 0.000041583 1.000000000 -0.000027378 -0.000976615 -0.000055018 0.000027381 1.000000000 -0.000610047
1.000000000 -0.000103588 -0.000137304 0.004302700 0.000103607 1.000000000 0.000136162 -0.002579992 0.000137290 -0.000136176 1.000000000 -0.006069973
1.000000000 -0.000101086 -0.000082504 -0.000345071 0.000101086 1.000000000 0.000010709 0.000764406 0.000082503 -0.000010718 1.000000000 0.002154156
1.000000000 0.000045550 -0.000091406 0.002283645 -0.000045542 1.000000000 0.000087173 -0.003093760 0.000091410 -0.000087169 1.000000000 -0.008532546
1.000000000 0.000043498 0.000031527 0.000733088 -0.000043501 1.000000000 0.000098928 -0.001856869 -0.000031522 -0.000098929 1.000000000 -0.005752618
1.000000000 0.000142912 0.000104159 -0.001837392 -0.000142913 1.000000000 0.000013382 -0.001218721 -0.000104157 -0.000013397 1.000000000 -0.004239059
1.000000000 -0.000122701 -0.000001101 -0.000611695 0.000122701 1.000000000 0.000079871 -0.003715649 0.000001091 -0.000079871 1.000000000 -0.009261356
1.000000000 -0.000053429 0.000030090 -0.000189207 0.000053427 1.000000000 0.000055823 -0.001742836 -0.000030093 -0.000055821 1.000000000 -0.006546014
1.000000000 -0.000018134 -0.000010817 0.000944313 0.000018135 1.000000000 0.000089099 -0.001892832 0.000010816 -0.000089099 1.000000000 -0.006850254
1.000000000 -0.000161782 -0.000069458 0.000301477 0.000161793 1.000000000 0.000161942 -0.001362063 0.000069431 -0.000161953 1.000000000 -0.008151480
0.999999940 -0.000250131 -0.000073731 -0.001429445 0.000250137 0.999999940 0.000083212 -0.002300553 0.000073711 -0.000083230 1.000000000 -0.008415792
1.000000000 -0.000212594 0.000006947 0.000198628 0.000212593 1.000000000 0.000086976 -0.001468152 -0.000006965 -0.000086975 1.000000000 -0.008804107
1.000000000 0.000050473 0.000008592 0.002198416 -0.000050474 1.000000000 0.000185446 -0.004131946 -0.000008582 -0.000185447 1.000000000 -0.012581375
1.000000000 -0.000223079 -0.000073476 0.002039078 0.000223087 1.000000000 0.000098458 -0.003472655 0.000073454 -0.000098475 1.000000000 -0.008606737
0.999999940 -0.000280120 -0.000110919 0.005740819 0.000280140 0.999999940 0.000179457 -0.005527815 0.000110868 -0.000179488 1.000000000 -0.019709064
1.000000000 -0.000056959 -0.000061260 0.005360818 0.000056976 0.999999940 0.000276519 -0.006335245 0.000061244 -0.000276522 0.999999940 -0.018539330
1.000000000 0.000082404 0.000025598 -0.000324049 -0.000082407 1.000000000 0.000112153 -0.001459771 -0.000025589 -0.000112155 1.000000000 -0.007035798
0.999999940 -0.000217223 -0.000161367 0.004403952 0.000217243 0.999999940 0.000124851 -0.003343636 0.000161340 -0.000124886 1.000000000 -0.011905381
0.999999940 -0.000228220 -0.000101140 0.001337999 0.000228243 0.999999940 0.000224521 -0.003874089 0.000101089 -0.000224544 0.999999940 -0.007425031
1.000000000 -0.000022140 -0.000121076 0.005791314 0.000022164 1.000000000 0.000199976 -0.003440567 0.000121072 -0.000199979 1.000000000 -0.016147926
1.000000000 -0.000031081 -0.000045607 0.000578147 0.000031091 1.000000000 0.000207608 -0.003172947 0.000045600 -0.000207609 1.000000000 -0.013472461
1.000000000 -0.000111049 -0.000005573 -0.001776607 0.000111050 1.000000000 0.000164444 -0.004589438 0.000005555 -0.000164444 1.000000000 -0.012708999
1.000000000 -0.000029574 -0.000006815 -0.001029712 0.000029575 1.000000000 0.000203336 -0.003297823 0.000006809 -0.000203336 1.000000000 -0.010547089
0.999999940 -0.000228314 -0.000115267 -0.000334637 0.000228330 0.999999940 0.000136865 -0.000308450 0.000115236 -0.000136892 1.000000000 -0.007467196
1.000000000 -0.000101855 -0.000097224 0.001261951 0.000101874 1.000000000 0.000198419 -0.002372044 0.000097204 -0.000198429 1.000000000 -0.008535225
1.000000000 -0.000166806 -0.000022879 -0.001026900 0.000166809 1.000000000 0.000146673 -0.001188494 0.000022855 -0.000146676 1.000000000 -0.002322026
0.999999940 -0.000261797 -0.000145213 -0.002541214 0.000261836 0.999999940 0.000269820 -0.003530161 0.000145143 -0.000269858 0.999999940 -0.010233842
0.999999940 -0.000229802 -0.000129502 0.001942095 0.000229842 0.999999940 0.000310628 -0.003816159 0.000129431 -0.000310658 0.999999940 -0.013967983
1.000000000 0.000009278 -0.000060475 -0.000833231 -0.000009272 1.000000000 0.000101298 -0.001378875 0.000060476 -0.000101297 1.000000000 -0.006642440
1.000000000 -0.000133025 -0.000061727 -0.001294139 0.000133031 1.000000000 0.000099687 -0.001071610 0.000061714 -0.000099695 1.000000000 -0.007388928
1.000000000 -0.000195677 -0.000064157 -0.003080057 0.000195679 1.000000000 0.000021399 -0.000593097 0.000064153 -0.000021412 1.000000000 -0.010913973
0.999999940 -0.000255547 -0.000191807 0.004198192 0.000255571 0.999999940 0.000122365 -0.001698028 0.000191776 -0.000122414 1.000000000 -0.012735811
1.000000000 -0.000188567 -0.000034930 -0.000147374 0.000188569 1.000000000 0.000072571 0.000139101 0.000034917 -0.000072578 1.000000000 -0.007153715
1.000000000 -0.000021305 -0.000064865 -0.001048062 0.000021325 0.999999940 0.000307530 -0.003095829 0.000064859 -0.000307532 0.999999940 -0.011798089
0.999999940 -0.000230923 -0.000210292 0.004552551 0.000230961 0.999999940 0.000184784 -0.005267949 0.000210249 -0.000184832 0.999999940 -0.006429412
1.000000000 -0.000010778 -0.000157407 0.007498229 0.000010714 0.999999940 -0.000410787 -0.008547858 0.000157411 0.000410785 0.999999881 0.042290572
1.000000000 -0.000045373 -0.000193838 0.008554277 0.000045140 0.999999285 -0.001201488 -0.004763117 0.000193893 0.001201480 0.999999285 0.144879848
1.000000000 -0.000064206 -0.000003367 0.003302764 0.000064202 0.999999166 -0.001287389 -0.011295301 0.000003449 0.001287388 0.999999166 0.263681978
0.999999940 -0.000355495 0.000152150 0.001545546 0.000355659 0.999999344 -0.001074607 -0.015384398 -0.000151767 0.001074661 0.999999404 0.382429063
1.000000000 0.000125537 -0.000036811 0.006295067 -0.000125575 0.999999464 -0.001020802 -0.021992877 0.000036683 0.001020807 0.999999464 0.530442715
1.000000000 0.000091593 0.000123989 0.012062212 -0.000091449 0.999999344 -0.001164604 -0.026537528 -0.000124096 0.001164593 0.999999285 0.687405884
1.000000000 -0.000074042 0.000143141 0.031619668 0.000074143 0.999999762 -0.000706825 -0.038357515 -0.000143089 0.000706836 0.999999762 0.852513850
0.999999940 -0.000108491 0.000328253 0.017745001 0.000108700 0.999999821 -0.000636501 -0.037668854 -0.000328184 0.000636536 0.999999762 1.022997141
0.999999881 0.000173152 0.000481625 0.015782505 -0.000172784 0.999999702 -0.000764923 -0.033655535 -0.000481757 0.000764839 0.999999583 1.190685749
0.999999940 -0.000277562 0.000004014 0.042848922 0.000277564 0.999999821 -0.000529239 -0.050339945 -0.000003868 0.000529240 0.999999881 1.413370490
0.999999881 0.000334670 0.000396981 0.030946709 -0.000334475 0.999999821 -0.000490650 -0.061819084 -0.000397145 0.000490517 0.999999821 1.604809880
0.999999821 0.000137092 0.000579732 0.030513816 -0.000137063 1.000000000 -0.000048595 -0.067817226 -0.000579739 0.000048515 0.999999821 1.797393680
0.999999464 -0.000718855 0.000660587 0.003222249 0.000718256 0.999999344 0.000905539 -0.078624763 -0.000661237 -0.000905064 0.999999344 2.014204025
0.999999464 -0.000273126 0.000947083 0.006975728 0.000272284 0.999999523 0.000888163 -0.084921934 -0.000947325 -0.000887905 0.999999106 2.238290787
0.999999523 -0.000409124 0.000853403 0.010162390 0.000408598 0.999999642 0.000617093 -0.085975543 -0.000853655 -0.000616744 0.999999404 2.459636211
0.999999583 -0.000298406 0.000852615 0.015286264 0.000297709 0.999999642 0.000817057 -0.098825812 -0.000852859 -0.000816803 0.999999344 2.679289341
0.999999046 -0.000575217 0.001235015 0.020672606 0.000574166 0.999999464 0.000851091 -0.099063322 -0.001235503 -0.000850381 0.999998868 2.926265001
0.999999106 -0.000108573 0.001359480 0.028687939 0.000107594 0.999999762 0.000719631 -0.105567150 -0.001359558 -0.000719484 0.999998868 3.153316498
0.999999464 -0.000111780 0.001022642 0.025383014 0.000110975 0.999999702 0.000787772 -0.117667824 -0.001022730 -0.000787658 0.999999166 3.438019514
0.999999523 -0.000012564 0.000912534 0.037864096 0.000011642 0.999999464 0.001010727 -0.126418173 -0.000912546 -0.001010716 0.999999106 3.685532093
0.999999404 0.000430546 0.000957225 0.038809482 -0.000431355 0.999999523 0.000845779 -0.127246827 -0.000956860 -0.000846192 0.999999166 3.943042994
0.999999225 -0.000987294 0.000748873 0.044272788 0.000986364 0.999998748 0.001240335 -0.146442920 -0.000750097 -0.001239595 0.999998927 4.225663662
0.999999404 -0.000680459 0.000807140 0.049374111 0.000679194 0.999998569 0.001566934 -0.154995754 -0.000808205 -0.001566385 0.999998450 4.480665684
0.999999225 -0.000396393 0.001137780 0.050053008 0.000394221 0.999998093 0.001908653 -0.167494148 -0.001138535 -0.001908203 0.999997497 4.730789185
0.999999285 -0.000890628 0.000845856 0.057174813 0.000889155 0.999998152 0.001740539 -0.170747370 -0.000847405 -0.001739786 0.999998093 5.006742954
0.999998569 -0.001308150 0.001076015 0.059117787 0.001306483 0.999998033 0.001548974 -0.176049426 -0.001078039 -0.001547566 0.999998212 5.246967316
0.999999404 -0.000773050 0.000670418 0.052825473 0.000771693 0.999997675 0.002022559 -0.195301086 -0.000671979 -0.002022041 0.999997735 5.573850632
0.999999523 -0.000690652 0.000666737 0.063281350 0.000689407 0.999998033 0.001864969 -0.195965961 -0.000668024 -0.001864509 0.999997973 5.847558498
0.999999344 -0.000154372 0.001145938 0.051903166 0.000151680 0.999997258 0.002348776 -0.220393091 -0.001146297 -0.002348601 0.999996603 6.089023590
0.999999344 -0.000183493 0.001136864 0.065672457 0.000181137 0.999997854 0.002072308 -0.214722201 -0.001137241 -0.002072100 0.999997199 6.394604683
0.999998450 0.000359122 0.001671871 0.074013285 -0.000362234 0.999998212 0.001861463 -0.226296365 -0.001671199 -0.001862066 0.999996781 6.647375584
0.999997616 0.001050330 0.001933332 0.075242676 -0.001053830 0.999997854 0.001810277 -0.236549094 -0.001931427 -0.001812310 0.999996424 6.933340073
0.999997437 0.000697567 0.002121898 0.081814103 -0.000700981 0.999998450 0.001608957 -0.237507492 -0.002120772 -0.001610440 0.999996424 7.230799675
0.999998808 0.000064819 0.001561512 0.101246029 -0.000067586 0.999998450 0.001772269 -0.250416666 -0.001561395 -0.001772372 0.999997139 7.525635242
0.999997437 0.000930457 0.002067819 0.094893053 -0.000933701 0.999998391 0.001568486 -0.260620087 -0.002066356 -0.001570413 0.999996543 7.853944302
0.999996901 0.001204345 0.002167748 0.109987795 -0.001208922 0.999997079 0.002111593 -0.268890500 -0.002165198 -0.002114207 0.999995351 8.181804657
0.999998510 0.000136425 0.001729558 0.117220752 -0.000140258 0.999997556 0.002215901 -0.290225357 -0.001729251 -0.002216141 0.999996066 8.504397392
0.999998629 -0.000081616 0.001657790 0.131777003 0.000078266 0.999997973 0.002020565 -0.294227302 -0.001657951 -0.002020432 0.999996603 8.825425148
0.999998569 -0.000384609 0.001662845 0.134030551 0.000381101 0.999997675 0.002109512 -0.303059727 -0.001663653 -0.002108875 0.999996424 9.175869942
0.999998391 -0.000086526 0.001817090 0.140419796 0.000082906 0.999998033 0.001991956 -0.314134032 -0.001817258 -0.001991802 0.999996424 9.517248154
0.999998271 -0.000464136 0.001808976 0.155986547 0.000459745 0.999996901 0.002427117 -0.327926785 -0.001810097 -0.002426281 0.999995470 9.854821205
0.999998569 0.000086154 0.001697299 0.166305274 -0.000090748 0.999996305 0.002707067 -0.335897952 -0.001697059 -0.002707217 0.999994934 10.188388824
0.999998629 0.000198623 0.001669642 0.178224504 -0.000203125 0.999996364 0.002696895 -0.348086536 -0.001669100 -0.002697230 0.999994993 10.545928001
0.999997020 0.000050559 0.002432994 0.169179767 -0.000057718 0.999995649 0.002942299 -0.369950831 -0.002432835 -0.002942431 0.999992728 11.013033867
0.999998271 -0.000444097 0.001796925 0.179022923 0.000438440 0.999994934 0.003146779 -0.380842298 -0.001798314 -0.003145987 0.999993443 11.384306908
0.999996781 -0.000354229 0.002451887 0.179223001 0.000347053 0.999995589 0.002926378 -0.388529837 -0.002452913 -0.002925518 0.999992669 11.779547691
0.999996841 -0.001325625 0.002097240 0.195982799 0.001320463 0.999996066 0.002460675 -0.391683608 -0.002100494 -0.002457898 0.999994695 12.130127907
0.999996185 -0.000518730 0.002667607 0.206091240 0.000511863 0.999996543 0.002574220 -0.394807637 -0.002668933 -0.002572846 0.999993145 12.538293839
0.999996126 0.000366798 0.002744919 0.202240795 -0.000375219 0.999995172 0.003068044 -0.417388439 -0.002743781 -0.003069062 0.999991477 12.882806778
0.999997139 -0.000337867 0.002338810 0.207404971 0.000329254 0.999993086 0.003682232 -0.434857219 -0.002340038 -0.003681452 0.999990463 13.256403923
0.999998093 -0.001577384 0.001133094 0.252730310 0.001574299 0.999994993 0.002718971 -0.439180404 -0.001137377 -0.002717182 0.999995649 13.648887634
0.999998271 0.000173335 0.001810501 0.252417296 -0.000178868 0.999995232 0.003056114 -0.452586234 -0.001809962 -0.003056433 0.999993682 14.064794540
0.999997318 -0.000080899 0.002306618 0.257594109 0.000072497 0.999993384 0.003642442 -0.464004427 -0.002306898 -0.003642265 0.999990702 14.487551689
0.999997258 -0.001489615 0.001795843 0.276771635 0.001482741 0.999991596 0.003823386 -0.488931268 -0.001801523 -0.003820713 0.999991059 14.843539238
0.999996960 -0.001451168 0.001968533 0.285210520 0.001442707 0.999989688 0.004292471 -0.500682712 -0.001974742 -0.004289619 0.999988794 15.256494522
0.999996126 -0.002349999 0.001512014 0.313171506 0.002343702 0.999988616 0.004153246 -0.520752549 -0.001521757 -0.004149686 0.999990225 15.779857635
0.999996185 -0.001799608 0.002056894 0.324635535 0.001790983 0.999989629 0.004187141 -0.558059096 -0.002064408 -0.004183441 0.999989092 16.121644974
0.999995530 -0.002294371 0.001875289 0.341084331 0.002286099 0.999987662 0.004401288 -0.568174243 -0.001885364 -0.004396981 0.999988496 16.565654755
0.999993622 -0.003110620 0.001701294 0.355991155 0.003103585 0.999986649 0.004122276 -0.576300621 -0.001714094 -0.004116970 0.999990046 17.027513504
0.999994934 -0.001933290 0.002528832 0.356082767 0.001922893 0.999989688 0.004107271 -0.587222993 -0.002536746 -0.004102387 0.999988317 17.508388519
0.999994814 -0.000920438 0.003090406 0.361823916 0.000906134 0.999988854 0.004626806 -0.597507179 -0.003094630 -0.004623982 0.999984443 17.964773178
0.999993205 -0.000036099 0.003683596 0.371347368 0.000018779 0.999988973 0.004701762 -0.609922528 -0.003683725 -0.004701661 0.999982119 18.395423889
0.999991298 -0.000754287 0.004103660 0.371406078 0.000734755 0.999988377 0.004759177 -0.617820621 -0.004107201 -0.004756120 0.999980152 18.895120621
0.999991059 -0.000144184 0.004230191 0.378543019 0.000124922 0.999989569 0.004553400 -0.641565263 -0.004230804 -0.004552829 0.999980688 19.311494827
0.999991298 -0.000123953 0.004174683 0.397132218 0.000104834 0.999989510 0.004579727 -0.650957048 -0.004175207 -0.004579249 0.999980807 19.792093277
0.999986410 0.001356639 0.005050824 0.396650970 -0.001378918 0.999989390 0.004410229 -0.664615035 -0.005044787 -0.004417134 0.999977529 20.284969330
0.999989808 0.000273420 0.004520348 0.404499173 -0.000298105 0.999985099 0.005461074 -0.692567170 -0.004518787 -0.005462367 0.999974847 20.799182892
0.999989033 0.000452695 0.004664524 0.401353538 -0.000480189 0.999982595 0.005894864 -0.713697672 -0.004661774 -0.005897039 0.999971747 21.303209305
0.999992847 0.000306517 0.003752609 0.441354990 -0.000325739 0.999986947 0.005122677 -0.714425206 -0.003750988 -0.005123864 0.999979794 21.648132324
0.999993980 -0.000020308 0.003469291 0.451629043 0.000003674 0.999988496 0.004794687 -0.719502211 -0.003469348 -0.004794645 0.999982476 22.167753220
0.999996543 -0.000256609 0.002631367 0.461700767 0.000242404 0.999985397 0.005397401 -0.743682206 -0.002632714 -0.005396743 0.999981999 22.692216873
0.999997258 0.000165189 0.002353622 0.454328448 -0.000177392 0.999986589 0.005185631 -0.755249321 -0.002352734 -0.005186033 0.999983788 23.197427750
0.999998450 -0.000446518 0.001703734 0.471950650 0.000436966 0.999984205 0.005602631 -0.769373536 -0.001706208 -0.005601877 0.999982774 23.653888702
0.999999285 -0.000813295 0.000814468 0.478873819 0.000809146 0.999986708 0.005081889 -0.778752744 -0.000818591 -0.005081226 0.999986708 24.187776566
0.999999881 -0.000024231 0.000502539 0.479343623 0.000021680 0.999987125 0.005075313 -0.790808201 -0.000502656 -0.005075302 0.999987006 24.720956802
0.999999762 -0.000605699 -0.000410688 0.520363390 0.000608088 0.999982774 0.005841909 -0.812726855 0.000407143 -0.005842158 0.999982834 25.228925705
0.999998510 -0.001314062 -0.001187625 0.527053595 0.001320826 0.999982834 0.005712882 -0.818501830 0.001180098 -0.005714443 0.999982953 25.771413803
0.999999106 -0.000535901 -0.001295191 0.531697631 0.000542994 0.999984801 0.005482201 -0.828389823 0.001292233 -0.005482899 0.999984145 26.313043594
0.999992490 -0.002636932 -0.002849058 0.566921115 0.002655083 0.999976099 0.006385753 -0.833269715 0.002832151 -0.006393270 0.999975562 26.863189697
0.999998271 -0.000999188 -0.001564563 0.528151631 0.001008691 0.999980986 0.006084841 -0.856475115 0.001558453 -0.006086408 0.999980271 27.401395798
0.999995947 -0.001251041 -0.002558693 0.548685074 0.001268084 0.999976933 0.006670089 -0.879741549 0.002550290 -0.006673306 0.999974430 27.947654724
0.999995053 -0.001351905 -0.002846368 0.554492295 0.001370744 0.999977052 0.006627216 -0.887264132 0.002837343 -0.006631085 0.999974012 28.501480103
0.999991059 -0.002150396 -0.003664195 0.576839209 0.002175317 0.999974370 0.006810971 -0.904701769 0.003649455 -0.006818880 0.999970078 29.026369095
0.999993742 -0.000836088 -0.003437188 0.570800602 0.000858354 0.999978602 0.006481585 -0.913281918 0.003431696 -0.006484495 0.999973059 29.527406693
0.999992967 -0.000992876 -0.003604056 0.580796838 0.001016221 0.999978483 0.006481269 -0.921362519 0.003597543 -0.006484886 0.999972463 30.073440552
0.999993265 -0.000711960 -0.003614978 0.583752573 0.000734496 0.999980330 0.006236637 -0.942044258 0.003610466 -0.006239250 0.999973953 30.611967087
0.999991179 -0.000374645 -0.004179774 0.602615774 0.000403550 0.999975920 0.006916693 -0.985564709 0.004177083 -0.006918318 0.999967277 31.108999252
0.999991357 0.000455422 -0.004141850 0.613192856 -0.000424336 0.999971688 0.007503203 -1.005127430 0.004145150 -0.007501381 0.999963284 31.644565582
0.999991298 -0.000507250 -0.004135993 0.627168298 0.000536339 0.999975085 0.007035222 -1.021828771 0.004132322 -0.007037380 0.999966681 32.211059570
0.999992490 0.000915352 -0.003763896 0.614479721 -0.000889609 0.999976218 0.006835675 -1.000995398 0.003770064 -0.006832275 0.999969602 32.758499146
0.999990582 0.000296998 -0.004352050 0.595617831 -0.000266001 0.999974549 0.007121361 -1.034125924 0.004354056 -0.007120135 0.999965191 33.205726624
0.999990225 -0.000067940 -0.004423941 0.595750630 0.000099253 0.999974906 0.007078187 -1.045636892 0.004423350 -0.007078557 0.999965191 33.766773224
0.999992192 0.000973087 -0.003825420 0.600756645 -0.000942640 0.999967933 0.007952911 -1.072240353 0.003833036 -0.007949243 0.999961078 34.325187683
0.999987543 0.000334557 -0.004981839 0.636550546 -0.000294592 0.999967813 0.008020832 -1.071964741 0.004984362 -0.008019265 0.999955475 34.851791382
0.999986947 -0.000131926 -0.005113249 0.631643116 0.000171043 0.999970734 0.007650580 -1.093827128 0.005112091 -0.007651354 0.999957681 35.391006470
0.999988139 0.000330103 -0.004856267 0.624211133 -0.000295775 0.999974966 0.007067736 -1.107241631 0.004858478 -0.007066215 0.999963343 35.945941925
0.999988377 0.000641216 -0.004774433 0.627489150 -0.000605306 0.999971569 0.007518955 -1.117667556 0.004779118 -0.007515977 0.999960423 36.472354889
0.999990404 0.000565556 -0.004359229 0.618150055 -0.000527701 0.999962211 0.008680152 -1.148697734 0.004363974 -0.008677768 0.999952912 36.960144043
0.999992549 0.000916792 -0.003739948 0.616010785 -0.000884744 0.999962926 0.008561733 -1.156281590 0.003747659 -0.008558360 0.999956369 37.533248901
0.999992490 0.001833964 -0.003427509 0.641409874 -0.001805568 0.999964237 0.008269667 -1.156174421 0.003442553 -0.008263416 0.999959946 38.139751434
0.999984384 -0.000135842 -0.005574607 0.659567237 0.000183612 0.999963284 0.008569611 -1.183333158 0.005573237 -0.008570502 0.999947727 38.583236694
0.999976933 0.000021540 -0.006779029 0.702860534 0.000039814 0.999959052 0.009050212 -1.219904661 0.006778947 -0.009050273 0.999936044 39.115432739
0.999976873 -0.000204885 -0.006783065 0.729665399 0.000267848 0.999956846 0.009282846 -1.229301572 0.006780870 -0.009284447 0.999933839 39.694019318
0.999975026 -0.000893194 -0.006993533 0.735615253 0.000960715 0.999952912 0.009657427 -1.257969856 0.006984578 -0.009663907 0.999928892 40.276779175
0.999981999 -0.000219963 -0.005993782 0.713536143 0.000278308 0.999952555 0.009735129 -1.283616185 0.005991356 -0.009736622 0.999934614 40.813873291
0.999980986 0.000569565 -0.006137272 0.740831971 -0.000509386 0.999951839 0.009802543 -1.290442824 0.006142560 -0.009799230 0.999933064 41.363933563
0.999977887 0.000371717 -0.006632784 0.755895734 -0.000303082 0.999946475 0.010345803 -1.311348557 0.006636275 -0.010343564 0.999924481 41.914226532
0.999983072 0.001170682 -0.005692930 0.750298500 -0.001118407 0.999957263 0.009176922 -1.296519876 0.005703430 -0.009170400 0.999941707 42.463542938
0.999983966 0.000009248 -0.005656438 0.758618593 0.000042623 0.999957919 0.009170004 -1.285894156 0.005656285 -0.009170099 0.999941885 43.048976898
0.999981284 0.000530802 -0.006098631 0.709641635 -0.000470058 0.999950290 0.009957334 -1.330632925 0.006103613 -0.009954281 0.999931812 43.427249908
0.999977827 0.000342095 -0.006646982 0.718191147 -0.000277820 0.999953151 0.009668444 -1.338206649 0.006649979 -0.009666382 0.999931157 43.967918396
0.999978244 -0.000263297 -0.006599154 0.729099095 0.000321958 0.999960423 0.008889725 -1.337411880 0.006596553 -0.008891657 0.999938726 44.518035889
0.999975085 0.000532477 -0.007039595 0.750558376 -0.000468642 0.999958813 0.009066534 -1.334200621 0.007044132 -0.009063009 0.999934137 45.068859100
0.999978483 -0.000093863 -0.006566352 0.765519261 0.000157067 0.999953687 0.009625664 -1.357883453 0.006565144 -0.009626487 0.999932110 45.561058044
0.999980509 0.000784348 -0.006196837 0.749245286 -0.000728551 0.999959230 0.009001289 -1.378823757 0.006203646 -0.008996600 0.999940276 46.122795105
0.999980330 0.001690434 -0.006046740 0.747892201 -0.001635886 0.999958038 0.009014758 -1.390248418 0.006061724 -0.009004690 0.999941111 46.678314209
0.999979377 0.000758957 -0.006367102 0.758464575 -0.000703061 0.999961197 0.008776537 -1.393962622 0.006373516 -0.008771881 0.999941170 47.230323792
0.999978662 0.000889261 -0.006479420 0.776985645 -0.000834459 0.999963939 0.008455673 -1.408087254 0.006486705 -0.008450086 0.999943256 47.790367126
0.999978662 0.000812972 -0.006490839 0.812333286 -0.000756643 0.999962091 0.008675949 -1.402875900 0.006497646 -0.008670853 0.999941289 48.293861389
0.999978602 0.000991798 -0.006455473 0.807962298 -0.000934981 0.999960899 0.008798560 -1.424299479 0.006463946 -0.008792337 0.999940455 48.852539062
0.999977648 0.000630457 -0.006670308 0.818265557 -0.000568265 0.999956310 0.009321626 -1.443792820 0.006675897 -0.009317626 0.999934316 49.229442596
0.999975741 -0.000315060 -0.006959453 0.827080369 0.000377697 0.999959350 0.009000944 -1.451531172 0.006956335 -0.009003358 0.999935329 49.772136688
0.999977648 0.000935811 -0.006623617 0.820644379 -0.000875132 0.999957681 0.009158053 -1.463134170 0.006631907 -0.009152053 0.999936163 50.322555542
0.999979913 0.001965098 -0.006030067 0.817068994 -0.001908598 0.999954343 0.009361091 -1.473486543 0.006048187 -0.009349396 0.999937952 50.864627838
0.999978602 0.001972157 -0.006244159 0.834247351 -0.001918573 0.999961317 0.008575954 -1.465876341 0.006260830 -0.008563792 0.999943733 51.413902283
0.999978721 0.000916478 -0.006456726 0.822353840 -0.000853421 0.999951959 0.009761968 -1.502561331 0.006465363 -0.009756248 0.999931514 51.786960602
0.999977589 0.000671203 -0.006656979 0.838934660 -0.000605766 0.999951541 0.009826828 -1.507883787 0.006663253 -0.009822576 0.999929607 52.327445984
0.999980390 0.001288537 -0.006133534 0.822175205 -0.001229801 0.999953389 0.009570524 -1.518396020 0.006145581 -0.009562792 0.999935389 52.887550354
0.999979496 -0.000305349 -0.006405478 0.823448062 0.000368453 0.999951363 0.009852775 -1.541806459 0.006402157 -0.009854931 0.999930978 53.421669006
0.999980986 0.000638380 -0.006126566 0.810638785 -0.000578106 0.999951482 0.009834864 -1.542928696 0.006132546 -0.009831136 0.999932885 53.907768250
0.999977648 0.000273046 -0.006685911 0.846156001 -0.000207430 0.999951780 0.009812909 -1.561838150 0.006688269 -0.009811303 0.999929488 54.525062561
0.999973655 -0.000099324 -0.007259361 0.927511632 0.000163058 0.999961376 0.008779516 -1.542311430 0.007258210 -0.008780469 0.999935091 55.046669006
0.999976635 0.001208573 -0.006725914 0.876779020 -0.001137601 0.999943733 0.010545892 -1.585785866 0.006738281 -0.010537991 0.999921799 55.424350739
0.999975383 0.000441929 -0.007008349 0.895452857 -0.000368890 0.999945641 0.010419645 -1.599687099 0.007012573 -0.010416803 0.999921143 55.980609894
0.999979436 0.001329375 -0.006253359 0.886784136 -0.001267504 0.999950290 0.009887615 -1.598203897 0.006266193 -0.009879485 0.999931574 56.517616272
0.999978781 0.001454268 -0.006344588 0.873833716 -0.001389664 0.999947250 0.010175103 -1.625507116 0.006359051 -0.010166069 0.999928117 57.052280426
0.999980867 0.001093837 -0.006082646 0.894372225 -0.001040570 0.999961138 0.008753469 -1.609386206 0.006091985 -0.008746972 0.999943197 57.671386719
0.999972999 -0.000300923 -0.007338363 0.928923488 0.000365776 0.999960959 0.008837769 -1.608370304 0.007335416 -0.008840214 0.999933958 58.108577728
0.999976695 -0.000088632 -0.006827701 0.892991960 0.000159351 0.999946356 0.010357686 -1.647842884 0.006826417 -0.010358533 0.999923050 58.590324402
0.999979615 0.000261129 -0.006390706 0.905596673 -0.000194055 0.999944925 0.010493862 -1.663221478 0.006393095 -0.010492409 0.999924421 59.142051697
0.999980032 0.000488640 -0.006306561 0.908550262 -0.000421952 0.999944091 0.010571312 -1.659014344 0.006311374 -0.010568438 0.999924242 59.690814972
0.999977469 -0.000351278 -0.006712111 0.928933263 0.000416201 0.999953091 0.009673649 -1.665768147 0.006708399 -0.009676222 0.999930620 60.235607147
0.999973059 -0.000132022 -0.007343816 0.966111779 0.000211715 0.999941051 0.010852046 -1.707063198 0.007341951 -0.010853307 0.999914110 60.742733002
0.999977529 -0.000235073 -0.006701357 0.923291624 0.000304347 0.999946535 0.010338088 -1.696754456 0.006698568 -0.010339896 0.999924123 61.289413452
0.999978960 0.000779122 -0.006432043 0.946509004 -0.000710476 0.999942839 0.010667872 -1.708434343 0.006439985 -0.010663077 0.999922395 61.850128174
0.999978185 0.000534450 -0.006576969 0.915903926 -0.000458907 0.999933958 0.011482162 -1.736234188 0.006582673 -0.011478895 0.999912381 62.167934418
0.999981105 0.001061717 -0.006063982 0.914647937 -0.000993242 0.999935806 0.011284019 -1.750490904 0.006075574 -0.011277784 0.999917924 62.711948395
0.999981105 0.001833644 -0.005874060 0.904348016 -0.001766304 0.999932885 0.011448666 -1.759138465 0.005894658 -0.011438075 0.999917150 63.248985291
0.999981523 0.000608384 -0.006040070 0.930836856 -0.000540462 0.999936581 0.011240576 -1.771497965 0.006046526 -0.011237105 0.999918520 63.788791656
0.999982953 0.001118009 -0.005733406 0.921216369 -0.001054125 0.999937415 0.011133500 -1.790906310 0.005745495 -0.011127266 0.999921501 64.372047424
0.999981284 0.000996126 -0.006030949 0.912294388 -0.000924522 0.999929190 0.011863915 -1.798869848 0.006042341 -0.011858119 0.999911368 64.783813477
0.999981523 0.001249347 -0.005938853 0.940944195 -0.001175644 0.999922454 0.012397718 -1.818711758 0.005953880 -0.012390507 0.999905467 65.322113037
0.999984503 0.000885019 -0.005497928 0.927429795 -0.000819922 0.999929667 0.011831239 -1.812785149 0.005508013 -0.011826549 0.999914825 65.879310608
0.999987781 0.001657335 -0.004654465 0.939057946 -0.001601065 0.999925911 0.012067457 -1.829306483 0.004674120 -0.012059857 0.999916375 66.419380188
0.999987960 0.001850815 -0.004542974 0.937928915 -0.001794711 0.999922514 0.012322700 -1.839775085 0.004565429 -0.012314399 0.999913692 66.974426270
0.999978483 0.000335330 -0.006549203 0.962084651 -0.000261067 0.999935687 0.011336807 -1.831410170 0.006552582 -0.011334851 0.999914289 67.383811951
0.999980628 0.000814126 -0.006172106 0.945826113 -0.000739789 0.999927282 0.012036751 -1.857432365 0.006181456 -0.012031952 0.999908507 67.939064026
0.999977589 0.001703521 -0.006465715 0.977055311 -0.001632682 0.999938726 0.010945575 -1.861826301 0.006483964 -0.010934775 0.999919236 68.459289551
0.999977469 0.000281336 -0.006706642 0.982896686 -0.000209926 0.999943197 0.010645987 -1.851094246 0.006709255 -0.010644340 0.999920845 69.008117676
0.999977291 0.000001811 -0.006733916 1.009153605 0.000076787 0.999931872 0.011671796 -1.865711927 0.006733479 -0.011672052 0.999909222 69.382316589
0.999974191 -0.000138158 -0.007181374 1.035825729 0.000223346 0.999929607 0.011862826 -1.885286093 0.007179229 -0.011864122 0.999903858 69.935920715
0.999979615 0.000379999 -0.006380055 1.014687777 -0.000301461 0.999924242 0.012306459 -1.901971340 0.006384247 -0.012304284 0.999903917 70.484115601
0.999977410 -0.000304488 -0.006719905 1.006843805 0.000390125 0.999918699 0.012746189 -1.930175662 0.006715477 -0.012748523 0.999896169 71.097869873
0.999979317 0.001133646 -0.006332036 1.030392051 -0.001050201 0.999912679 0.013166090 -1.941476226 0.006346410 -0.013159167 0.999893248 71.523941040
0.999978900 0.000669914 -0.006458826 1.019456148 -0.000592469 0.999927998 0.011985126 -1.921687841 0.006466394 -0.011981048 0.999907315 71.950881958
0.999978244 0.000396402 -0.006569240 1.026214123 -0.000316187 0.999925375 0.012207242 -1.934819221 0.006573588 -0.012204899 0.999903858 72.502716064
0.999976575 -0.000515773 -0.006822249 1.034930706 0.000599511 0.999924421 0.012277963 -1.944035769 0.006815400 -0.012281763 0.999901354 73.075881958
0.999980986 0.000638079 -0.006115445 1.044204950 -0.000563945 0.999926448 0.012116422 -1.955252886 0.006122726 -0.012112743 0.999907911 73.536399841
0.999980390 0.000168888 -0.006245811 1.049367189 -0.000091666 0.999923587 0.012362087 -1.962086558 0.006247421 -0.012361272 0.999904096 74.023666382
0.999975383 -0.000679134 -0.006972754 1.121073842 0.000766250 0.999921560 0.012498815 -1.992030859 0.006963718 -0.012503850 0.999897540 74.444808960
0.999975741 -0.000846679 -0.006905162 1.082985878 0.000934337 0.999918878 0.012701124 -1.999282479 0.006893850 -0.012707268 0.999895513 74.946907043
0.999975741 -0.000516233 -0.006950296 1.081615448 0.000603108 0.999921620 0.012503156 -2.013883114 0.006943298 -0.012507046 0.999897659 75.472801208
0.999970555 -0.001598124 -0.007502057 1.114244699 0.001695561 0.999913990 0.012999598 -2.021694899 0.007480637 -0.013011936 0.999887347 75.977386475
0.999973774 -0.000881723 -0.007177614 1.086136818 0.000975635 0.999913752 0.013091106 -2.020885468 0.007165454 -0.013097766 0.999888539 76.558830261
0.999976099 -0.000540917 -0.006893551 1.098458290 0.000629595 0.999917030 0.012868303 -2.019773006 0.006886020 -0.012872337 0.999893427 76.992630005
0.999974310 -0.000862981 -0.007119270 1.105918050 0.000959503 0.999907553 0.013565594 -2.034351826 0.007106905 -0.013572077 0.999882638 77.550064087
0.999966800 -0.001930025 -0.007912782 1.153796673 0.002029376 0.999918997 0.012566980 -2.038741350 0.007887885 -0.012582622 0.999889672 78.107231140
0.999984443 0.000225702 -0.005558185 1.122895718 -0.000153053 0.999914527 0.013067638 -2.060488224 0.005560659 -0.013066585 0.999899089 78.552482605
0.999990582 0.000203522 -0.004324520 1.131432533 -0.000149084 0.999920726 0.012584848 -2.068655014 0.004326739 -0.012584084 0.999911487 79.098968506
0.999994636 -0.000403643 -0.003251267 1.146920681 0.000445923 0.999915183 0.013014117 -2.092666388 0.003245739 -0.013015498 0.999909997 79.659233093
0.999997735 -0.000038103 -0.002101536 1.171963930 0.000066472 0.999908864 0.013500772 -2.096851826 0.002100831 -0.013500881 0.999906659 80.127120972
0.999999702 0.000109972 0.000740192 1.167897344 -0.000120054 0.999906957 0.013634748 -2.118916512 -0.000738624 -0.013634831 0.999906719 80.622650146
0.999989986 0.000326142 0.004456624 1.185897350 -0.000385416 0.999911427 0.013305848 -2.119051933 -0.004451890 -0.013307434 0.999901533 81.164535522
0.999971151 -0.000020900 0.007591214 1.209404707 -0.000076059 0.999918342 0.012772018 -2.113204002 -0.007590862 -0.012772227 0.999889553 81.695877075
0.999932587 0.000869736 0.011578939 1.234311938 -0.001022827 0.999911964 0.013222172 -2.128933430 -0.011566420 -0.013233122 0.999845505 82.227279663
0.999840081 0.001622171 0.017808208 1.240142465 -0.001874206 0.999898195 0.014145193 -2.165480375 -0.017783450 -0.014176309 0.999741375 82.686363220
0.999712348 0.001196628 0.023950644 1.257344842 -0.001530283 0.999901950 0.013917507 -2.171095848 -0.023931641 -0.013950157 0.999616206 83.235443115
0.999567568 0.001751507 0.029350977 1.303452253 -0.002161501 0.999900460 0.013942768 -2.175078630 -0.029323634 -0.014000182 0.999471903 83.775169373
0.999275863 0.002164956 0.037988715 1.350555301 -0.002725512 0.999888122 0.014710285 -2.193873405 -0.037952613 -0.014803171 0.999169886 84.326789856
0.998947442 0.002082502 0.045821682 1.396632433 -0.002765695 0.999885857 0.014851491 -2.211274147 -0.045785524 -0.014962591 0.998839200 84.797103882
0.998608410 0.000908019 0.052728776 1.410409689 -0.001682541 0.999891341 0.014646249 -2.211179018 -0.052709751 -0.014714583 0.998501480 85.312751770
0.998085499 -0.000151917 0.061848864 1.468434095 -0.000674773 0.999910712 0.013345188 -2.208719730 -0.061845362 -0.013361371 0.997996330 85.862129211
0.997414887 0.000278057 0.071857043 1.526529789 -0.001243792 0.999909520 0.013395276 -2.211027622 -0.071846813 -0.013450022 0.997325122 86.439880371
0.996613920 0.000642031 0.082220525 1.561994553 -0.001725039 0.999912620 0.013101633 -2.214646816 -0.082204938 -0.013199103 0.996528089 87.050643921
0.996057332 -0.000434397 0.088709772 1.640861511 -0.000802356 0.999902964 0.013905422 -2.236300468 -0.088707194 -0.013921775 0.995960474 87.555252075
0.995133936 -0.001150831 0.098524891 1.714497089 -0.000244738 0.999899745 0.014151378 -2.257335663 -0.098531306 -0.014106628 0.995033979 87.973876953
0.994095325 -0.001392936 0.108501256 1.806334019 -0.000127475 0.999901891 0.014004650 -2.269834757 -0.108510129 -0.013935786 0.993997693 88.498825073
0.993017554 -0.001723588 0.117955148 1.886133194 0.000117353 0.999907255 0.013622924 -2.276909828 -0.117967680 -0.013513959 0.992925465 89.040153503
0.991499364 -0.000359749 0.130110577 1.967761040 -0.001389230 0.999909818 0.013351236 -2.267633438 -0.130103648 -0.013418494 0.991409600 89.634368896
0.989901304 -0.001292772 0.141752198 2.050883293 -0.000683723 0.999903202 0.013893726 -2.279057026 -0.141756445 -0.013850339 0.989804685 90.157287598
0.988257289 -0.002028758 0.152785137 2.159165382 -0.000019328 0.999910176 0.013402337 -2.283190012 -0.152798578 -0.013247912 0.988168538 90.710868835
0.986775160 -0.002456136 0.162076190 2.276354790 0.000261963 0.999908090 0.013557892 -2.293080807 -0.162094593 -0.013336134 0.986685097 91.246994019
0.984597445 -0.002208072 0.174822628 2.381429672 -0.000140974 0.999909878 0.013423178 -2.297371864 -0.174836531 -0.013241073 0.984508395 91.797546387
0.982432842 -0.002887555 0.186593965 2.514940262 0.000506538 0.999917924 0.012806835 -2.303397417 -0.186615646 -0.012487339 0.982353628 92.361045837
0.980387628 -0.003748641 0.197043389 2.636235237 0.001220621 0.999915421 0.012949644 -2.298090458 -0.197075263 -0.012455157 0.980309248 92.834236145
0.977517605 -0.003152882 0.210830614 2.761747360 0.000483457 0.999919057 0.012711813 -2.304466724 -0.210853636 -0.012324093 0.977439940 93.398979187
0.974433601 -0.003798662 0.224643424 2.919080734 0.000989934 0.999919951 0.012614355 -2.306618690 -0.224673390 -0.012069472 0.974359393 93.935935974
0.971911788 -0.005161708 0.235288993 3.093345642 0.002149868 0.999912560 0.013055328 -2.345387459 -0.235335812 -0.012182786 0.971837759 94.388008118
0.968365669 -0.002601964 0.249521762 3.163654327 -0.000841396 0.999905884 0.013692189 -2.337435961 -0.249533907 -0.013468993 0.968272388 94.996871948
0.964828730 -0.003266438 0.262859255 3.344270706 -0.000286409 0.999909103 0.013476701 -2.342904329 -0.262879431 -0.013077996 0.964740038 95.509399414
0.961109936 -0.002485315 0.276154548 3.507946014 -0.001229919 0.999911070 0.013279456 -2.346778393 -0.276162982 -0.013102666 0.961021483 96.032524109
0.957927108 -0.003587411 0.286989450 3.685800552 -0.000255910 0.999910831 0.013353225 -2.361345768 -0.287011802 -0.012864858 0.957840621 96.554046631
0.953364372 -0.002877826 0.301808029 3.874006271 -0.001301081 0.999906063 0.013644301 -2.380220413 -0.301818937 -0.013400669 0.953271031 97.079322815
0.949009299 -0.003522031 0.315228224 4.044826508 -0.000878274 0.999904156 0.013815966 -2.366855145 -0.315246701 -0.013388336 0.948915303 97.596084595
0.945212662 -0.004410255 0.326425433 4.262891769 -0.000014987 0.999908149 0.013552913 -2.367372274 -0.326455235 -0.012815276 0.945125759 98.128807068
0.940513253 -0.003691248 0.339736909 4.454092026 -0.001158790 0.999900281 0.014071882 -2.386260509 -0.339754999 -0.013628474 0.940415204 98.624015808
0.935439467 -0.003945488 0.353465199 4.679450989 -0.001059393 0.999901950 0.013964880 -2.398330688 -0.353485614 -0.013437756 0.935343444 99.147407532
0.931078255 -0.005640054 0.364776134 4.898698807 0.000421676 0.999896407 0.014383777 -2.422170162 -0.364819407 -0.013238601 0.930984199 99.700393677
0.926413298 -0.006093075 0.376459032 5.140403748 0.001345771 0.999916255 0.012872119 -2.403589725 -0.376505882 -0.011418273 0.926343858 100.180664062
0.920303941 -0.004514127 0.391178012 5.389505386 -0.000799408 0.999909639 0.013419505 -2.420464754 -0.391203284 -0.012662737 0.920217156 100.683563232
0.914750874 -0.005729752 0.403977752 5.611965179 0.000098276 0.999902546 0.013959424 -2.420102596 -0.404018372 -0.012729695 0.914662302 101.235794067
0.910067677 -0.006691961 0.414405614 5.861419678 0.000724554 0.999893844 0.014555441 -2.431342125 -0.414459050 -0.012946177 0.909975886 101.718147278
0.904612899 -0.006721082 0.426181078 6.125637054 0.000723445 0.999898374 0.014233300 -2.435953140 -0.426233470 -0.012567308 0.904525936 102.231346130
0.897982001 -0.006964304 0.439977169 6.383998871 0.000857015 0.999900520 0.014078068 -2.471445084 -0.440031469 -0.012264783 0.897898674 102.656555176
0.891578734 -0.006432285 0.452820003 6.654056549 0.000060037 0.999900758 0.014085331 -2.477527618 -0.452865750 -0.012530994 0.891490638 103.180175781
0.885999322 -0.006999104 0.463633657 6.956672668 0.000760209 0.999906540 0.013642034 -2.463208914 -0.463685930 -0.011734372 0.885921955 103.726203918
0.878141940 -0.005247642 0.478371292 7.143589020 -0.001715243 0.999898851 0.014117358 -2.478082180 -0.478397012 -0.013217567 0.878044128 104.073730469
0.871017814 -0.007333286 0.491196722 7.449630737 0.000220962 0.999894261 0.014536030 -2.505300522 -0.491251349 -0.012552605 0.870927393 104.667747498
