1.000000000 0.000000000 0.000000000 0.000000000 0.000000000 1.000000000 0.000000000 0.000000000 0.000000000 0.000000000 1.000000000 0.000000000
1.000000000 -0.000028370 -0.000134065 0.003919822 0.000028376 1.000000000 0.000047950 -0.000478019 0.000134064 -0.000047954 1.000000000 -0.000811613
1.000000000 0.000109667 -0.000027103 0.000719846 -0.000109667 1.000000000 0.000027897 -0.000736611 0.000027106 -0.000027894 1.000000000 -0.002989784
1.000000000 -0.000163999 -0.000143693 0.006117728 0.000164017 1.000000000 0.000122260 -0.001911836 0.000143673 -0.000122283 1.000000000 -0.002995151
1.000000000 -0.000147782 -0.000167744 0.003943893 0.000147796 1.000000000 0.000087730 -0.001593596 0.000167731 -0.000087755 1.000000000 -0.003128917
1.000000000 0.000049507 0.000016282 -0.000801939 -0.000049506 1.000000000 -0.000057194 -0.000573692 -0.000016285 0.000057193 1.000000000 -0.002325558
1.000000000 -0.000035330 -0.000093936 0.003125031 0.000035343 1.000000000 0.000139823 -0.002548676 0.000093931 -0.000139826 1.000000000 -0.005750877
1.000000000 -0.000084401 -0.000052594 -0.001103833 0.000084404 1.000000000 0.000063812 0.000094384 0.000052588 -0.000063817 1.000000000 0.002850830
1.000000000 -0.000009827 -0.000081976 0.002351189 0.000009831 1.000000000 0.000046567 -0.003075940 0.000081976 -0.000046567 1.000000000 -0.007315414
1.000000000 -0.000079227 -0.000051902 0.001803757 0.000079233 1.000000000 0.000114124 -0.000707133 0.000051893 -0.000114128 1.000000000 -0.005896349
1.000000000 -0.000018426 0.000026501 0.000015476 0.000018425 1.000000000 0.000048692 -0.000747630 -0.000026502 -0.000048691 1.000000000 -0.002238903
0.999999940 -0.000234444 -0.000133129 0.001419607 0.000234458 0.999999940 0.000099701 -0.002909172 0.000133106 -0.000099732 1.000000000 -0.008294355
1.000000000 -0.000043182 0.000045530 0.000039107 0.000043179 1.000000000 0.000066908 -0.001675765 -0.000045533 -0.000066906 1.000000000 -0.004070639
1.000000000 -0.000114316 -0.000017209 0.001683440 0.000114318 1.000000000 0.000147891 -0.002789233 0.000017192 -0.000147893 1.000000000 -0.006776886
1.000000000 -0.000164139 -0.000083156 0.001733417 0.000164149 1.000000000 0.000125182 -0.001914203 0.000083135 -0.000125195 1.000000000 -0.006361191
1.000000000 -0.000063510 -0.000078981 0.000713915 0.000063519 1.000000000 0.000114995 -0.001832570 0.000078973 -0.000115000 1.000000000 -0.006121484
1.000000000 -0.000237462 -0.000044800 0.001107918 0.000237466 0.999999940 0.000084242 -0.001869098 0.000044780 -0.000084253 1.000000000 -0.007059935
1.000000000 -0.000040693 -0.000075308 0.002700435 0.000040704 1.000000000 0.000155769 -0.003238266 0.000075302 -0.000155772 1.000000000 -0.009918671
0.999999940 -0.000362740 -0.000097154 0.003491946 0.000362760 0.999999940 0.000202154 -0.004413866 0.000097081 -0.000202189 1.000000000 -0.009913090
1.000000000 -0.000116576 -0.000048349 0.001719241 0.000116582 1.000000000 0.000111381 -0.003607817 0.000048336 -0.000111386 1.000000000 -0.006224828
1.000000000 -0.000097461 -0.000064614 0.003344344 0.000097479 0.999999940 0.000287243 -0.005999176 0.000064586 -0.000287249 0.999999940 -0.008860555
1.000000000 -0.000003194 0.000003758 0.000176490 0.000003193 1.000000000 0.000116095 -0.001255620 -0.000003758 -0.000116095 1.000000000 -0.005587601
0.999999940 -0.000221467 -0.000200840 0.005724912 0.000221521 0.999999940 0.000270559 -0.003371094 0.000200780 -0.000270604 0.999999940 -0.013250608
0.999999940 -0.000326944 -0.000085121 0.000193849 0.000326969 0.999999881 0.000296696 -0.004341843 0.000085024 -0.000296723 0.999999940 -0.007817637
0.999999940 -0.000234440 -0.000186683 0.005528987 0.000234484 0.999999940 0.000234968 -0.003634433 0.000186628 -0.000235011 0.999999940 -0.011583099
1.000000000 -0.000185097 -0.000112758 0.002789872 0.000185127 0.999999940 0.000266302 -0.003765477 0.000112708 -0.000266322 0.999999940 -0.011191047
1.000000000 -0.000065984 -0.000099331 0.001713566 0.000066003 1.000000000 0.000193718 -0.004786162 0.000099318 -0.000193725 1.000000000 -0.011045846
1.000000000 -0.000211793 -0.000091772 0.002554110 0.000211818 0.999999940 0.000277371 -0.004396203 0.000091713 -0.000277390 0.999999940 -0.006402603
1.000000000 -0.000206286 -0.000106768 -0.000306349 0.000206303 0.999999940 0.000150787 0.000255957 0.000106737 -0.000150809 1.000000000 -0.006227932
1.000000000 -0.000088770 -0.000060893 -0.000777036 0.000088784 0.999999940 0.000233054 -0.001508238 0.000060872 -0.000233060 1.000000000 -0.002636289
1.000000000 -0.000124555 -0.000077956 -0.000751157 0.000124573 0.999999940 0.000223441 -0.001585871 0.000077928 -0.000223451 1.000000000 -0.001856004
0.999999940 -0.000289598 -0.000182567 -0.001483187 0.000289642 0.999999940 0.000240463 -0.003005881 0.000182498 -0.000240515 0.999999940 -0.009832907
0.999999940 -0.000360275 -0.000164024 0.002754134 0.000360316 0.999999881 0.000248471 -0.003939782 0.000163934 -0.000248530 0.999999940 -0.008455020
1.000000000 -0.000092851 -0.000136858 0.000587152 0.000092869 1.000000000 0.000137783 -0.001902063 0.000136846 -0.000137795 1.000000000 -0.003449115
1.000000000 -0.000188803 -0.000096872 0.000922488 0.000188816 1.000000000 0.000142302 -0.002634028 0.000096845 -0.000142320 1.000000000 -0.003422369
0.999999940 -0.000282574 -0.000079145 -0.000398008 0.000282574 0.999999940 0.000003851 -0.000767645 0.000079144 -0.000003873 1.000000000 -0.006216018
0.999999940 -0.000257734 -0.000111469 0.002620119 0.000257752 0.999999940 0.000165112 -0.001919595 0.000111426 -0.000165141 1.000000000 -0.008431652
0.999999940 -0.000239716 -0.000188967 0.001574083 0.000239749 0.999999940 0.000175043 -0.001437381 0.000188925 -0.000175088 0.999999940 -0.007424479
0.999999940 -0.000239825 -0.000123430 0.000384844 0.000239860 0.999999940 0.000283151 -0.002640712 0.000123362 -0.000283181 0.999999940 -0.009435185
0.999999940 -0.000288113 -0.000180124 0.003057529 0.000288159 0.999999940 0.000255297 -0.005368138 0.000180050 -0.000255349 0.999999940 -0.008377642
0.999999940 -0.000202810 -0.000167944 0.007769325 0.000202745 0.999999881 -0.000389496 -0.009208955 0.000168023 0.000389462 0.999999881 0.043806415
0.999999940 -0.000237557 -0.000180402 0.006263611 0.000237370 0.999999404 -0.001037779 -0.007386269 0.000180648 0.001037736 0.999999464 0.140138343
0.999999940 -0.000232367 -0.000119315 0.003250604 0.000232213 0.999999166 -0.001286449 -0.013406012 0.000119614 0.001286421 0.999999166 0.260916382
0.999999881 -0.000437024 0.000015518 0.001780422 0.000437043 0.999999106 -0.001261279 -0.018963389 -0.000014967 0.001261285 0.999999225 0.394686639
0.999999940 -0.000158258 -0.000240140 0.014400553 0.000158016 0.999999464 -0.001007402 -0.023547361 0.000240300 0.001007364 0.999999464 0.530466378
1.000000000 -0.000143117 -0.000130115 0.015979797 0.000142988 0.999999523 -0.000992179 -0.028690951 0.000130257 0.000992160 0.999999523 0.690173209
0.999999881 -0.000317556 0.000381785 0.010174836 0.000317884 0.999999583 -0.000859284 -0.031444017 -0.000381512 0.000859405 0.999999583 0.869235039
0.999999702 -0.000586720 -0.000438682 0.029124172 0.000586513 0.999999702 -0.000470826 -0.039047334 0.000438958 0.000470568 0.999999821 1.026061773
0.999999940 -0.000135006 0.000218544 0.023979971 0.000135151 0.999999762 -0.000660935 -0.039656334 -0.000218455 0.000660964 0.999999762 1.204190612
0.999999881 -0.000421259 -0.000099058 0.043811973 0.000421235 0.999999881 -0.000247379 -0.055104092 0.000099162 0.000247337 0.999999940 1.412031889
1.000000000 -0.000194843 -0.000094580 0.041603282 0.000194816 0.999999940 -0.000292291 -0.063384004 0.000094637 0.000292273 0.999999940 1.605325699
0.999997258 0.002032080 0.001160634 0.018732501 -0.002030344 0.999996841 -0.001494570 -0.066987433 -0.001163667 0.001492209 0.999998212 1.742702484
0.999998450 0.001570612 0.000873312 0.031763669 -0.001569641 0.999998271 -0.001111715 -0.076604649 -0.000875057 0.001110343 0.999998987 1.944157720
0.999995649 0.002645105 0.001301256 0.028109433 -0.002643020 0.999995232 -0.001601622 -0.085408136 -0.001305487 0.001598176 0.999997854 2.169582367
0.999995768 0.002613512 0.001240507 0.038289048 -0.002611696 0.999995530 -0.001462762 -0.093211412 -0.001244325 0.001459516 0.999998093 2.395439625
0.999995172 0.002896805 0.001132868 0.048161797 -0.002895174 0.999994814 -0.001438847 -0.093620844 -0.001137031 0.001435560 0.999998271 2.634415388
0.999993861 0.003068108 0.001672629 0.045127463 -0.003066270 0.999994755 -0.001100289 -0.104879096 -0.001675996 0.001095154 0.999997973 2.863900900
0.999995589 0.002594971 0.001526620 0.051306803 -0.002593409 0.999996126 -0.001024209 -0.114658393 -0.001529271 0.001020245 0.999998331 3.083848238
0.999994278 0.002963487 0.001672185 0.053910825 -0.002961638 0.999995053 -0.001107259 -0.121931627 -0.001675458 0.001102300 0.999998033 3.328079462
0.999994159 0.002923442 0.001771330 0.059694394 -0.002921695 0.999995291 -0.000988405 -0.129181623 -0.001774211 0.000983224 0.999997973 3.588332176
0.999993205 0.003276076 0.001675466 0.065048724 -0.003274424 0.999994159 -0.000987971 -0.137102842 -0.001678693 0.000982478 0.999998093 3.830462456
0.999996364 0.002374212 0.001298451 0.077621929 -0.002372922 0.999996781 -0.000993731 -0.143711612 -0.001300806 0.000990646 0.999998689 4.105129719
0.999992788 0.003172479 0.002082023 0.066468447 -0.003171627 0.999994814 -0.000412534 -0.170148492 -0.002083321 0.000405928 0.999997735 4.320271015
0.999992371 0.003463236 0.001813641 0.079215065 -0.003461797 0.999993682 -0.000795687 -0.174659774 -0.001816385 0.000789403 0.999998033 4.584262848
0.999992669 0.003086921 0.002280857 0.081866518 -0.003085665 0.999995112 -0.000554075 -0.182676718 -0.002282557 0.000547033 0.999997199 4.853523731
0.999990582 0.003747613 0.002191277 0.098467730 -0.003745861 0.999992609 -0.000803331 -0.191983193 -0.002194271 0.000795116 0.999997258 5.126966000
0.999991417 0.003411414 0.002370218 0.086596526 -0.003411443 0.999994159 0.000008345 -0.204086781 -0.002370176 -0.000016430 0.999997199 5.386322021
0.999991536 0.003407205 0.002307088 0.084094666 -0.003406888 0.999994099 -0.000141243 -0.225340471 -0.002307556 0.000133382 0.999997318 5.621526718
0.999987781 0.004354123 0.002347577 0.089412674 -0.004353844 0.999990463 -0.000124455 -0.231514394 -0.002348096 0.000114232 0.999997199 5.893089771
0.999991655 0.003324153 0.002351746 0.098081730 -0.003323392 0.999994397 -0.000327506 -0.241904125 -0.002352821 0.000319687 0.999997139 6.170852184
0.999987781 0.004140656 0.002693632 0.100579344 -0.004140874 0.999991477 0.000075222 -0.255477667 -0.002693297 -0.000086374 0.999996424 6.445118427
0.999990165 0.003815560 0.002249638 0.112094283 -0.003815348 0.999992728 -0.000098687 -0.265978187 -0.002249999 0.000090103 0.999997437 6.728106499
0.999991000 0.003466645 0.002399197 0.124704018 -0.003466670 0.999993980 0.000006449 -0.276409328 -0.002399161 -0.000014766 0.999997079 7.021477222
0.999989629 0.003835652 0.002469814 0.131979063 -0.003835751 0.999992669 0.000035190 -0.284522444 -0.002469661 -0.000044663 0.999996901 7.320347309
0.999989152 0.003748788 0.002746749 0.137250572 -0.003748819 0.999992967 0.000006611 -0.297692925 -0.002746705 -0.000016908 0.999996185 7.628413200
0.999992132 0.003470535 0.001876677 0.154958248 -0.003471526 0.999993801 0.000525452 -0.315540582 -0.001874842 -0.000531962 0.999998093 7.976706505
0.999990880 0.003707446 0.002110890 0.159925312 -0.003707966 0.999993086 0.000242885 -0.320768207 -0.002109975 -0.000250710 0.999997675 8.301568031
0.999990106 0.003827351 0.002253448 0.169076428 -0.003826642 0.999992609 -0.000318896 -0.316265047 -0.002254651 0.000310270 0.999997377 8.619442940
0.999990165 0.003664120 0.002497874 0.167818546 -0.003664479 0.999993265 0.000139134 -0.332808048 -0.002497348 -0.000148286 0.999996841 8.968048096
0.999992073 0.003302445 0.002230948 0.179951072 -0.003303593 0.999994338 0.000511131 -0.358264536 -0.002229248 -0.000518497 0.999997377 9.272724152
0.999993563 0.002854097 0.002174475 0.190332934 -0.002855438 0.999995649 0.000613536 -0.367483944 -0.002172714 -0.000619741 0.999997437 9.614981651
0.999994576 0.002688590 0.001945864 0.196886703 -0.002689977 0.999996126 0.000710816 -0.373733759 -0.001943945 -0.000716047 0.999997795 9.955562592
0.999993980 0.002726314 0.002195979 0.200694010 -0.002728108 0.999995887 0.000814403 -0.388316244 -0.002193750 -0.000820389 0.999997258 10.318043709
0.999995887 0.002202350 0.001887558 0.214215606 -0.002204427 0.999997020 0.001099031 -0.401722103 -0.001885132 -0.001103188 0.999997616 10.682741165
0.999993682 0.002962623 0.002028622 0.231360108 -0.002965165 0.999994814 0.001250892 -0.424429625 -0.002024906 -0.001256899 0.999997079 11.038709641
0.999991477 0.003615250 0.002009782 0.236026436 -0.003618314 0.999992311 0.001522762 -0.440287292 -0.002004261 -0.001530020 0.999996781 11.423752785
0.999994159 0.002767430 0.002040215 0.252245754 -0.002770070 0.999995351 0.001292389 -0.443109781 -0.002036629 -0.001298034 0.999997079 11.801484108
0.999991119 0.003395294 0.002500865 0.254273683 -0.003399557 0.999992669 0.001702015 -0.457101524 -0.002495068 -0.001710502 0.999995410 12.166189194
0.999990344 0.003445969 0.002726975 0.255573094 -0.003450483 0.999992728 0.001652633 -0.470599711 -0.002721260 -0.001662027 0.999994934 12.542847633
0.999988079 0.003927344 0.002915122 0.256537229 -0.003932000 0.999991000 0.001593041 -0.482092410 -0.002908839 -0.001604484 0.999994457 12.920623779
0.999994040 0.002717845 0.002124412 0.281450599 -0.002722147 0.999994218 0.002025023 -0.510338426 -0.002118896 -0.002030794 0.999995708 13.341421127
0.999992490 0.003065950 0.002387025 0.288922042 -0.003070219 0.999993682 0.001786959 -0.519615531 -0.002381531 -0.001794274 0.999995589 13.760705948
0.999986529 0.003979786 0.003328930 0.290048033 -0.003987290 0.999989450 0.002250598 -0.533318043 -0.003319938 -0.002263841 0.999991894 14.170539856
0.999994397 0.001777454 0.002820934 0.309900731 -0.001783876 0.999995768 0.002275576 -0.544607818 -0.002816878 -0.002280596 0.999993443 14.610877991
0.999993205 0.002325750 0.002841107 0.326852798 -0.002334075 0.999992967 0.002930582 -0.584837794 -0.002834272 -0.002937194 0.999991596 14.949898720
0.999993384 0.002002747 0.003049305 0.337746233 -0.002011985 0.999993384 0.003029428 -0.600174785 -0.003043218 -0.003035543 0.999990702 15.374742508
0.999987960 0.002928986 0.003925100 0.354425132 -0.002941027 0.999990880 0.003065513 -0.602952540 -0.003916086 -0.003077020 0.999987543 15.862849236
0.999987304 0.003307349 0.003821368 0.361890852 -0.003318940 0.999989927 0.003030838 -0.616380572 -0.003811306 -0.003043482 0.999988019 16.279432297
0.999987781 0.002439660 0.004294850 0.362987280 -0.002453425 0.999991834 0.003202572 -0.647488892 -0.004287002 -0.003213069 0.999985635 16.686109543
0.999983132 0.003139577 0.004857699 0.379578352 -0.003155500 0.999989629 0.003273697 -0.658170223 -0.004847372 -0.003288971 0.999982834 17.153379440
0.999985456 0.002534655 0.004752912 0.395238727 -0.002549746 0.999991715 0.003171776 -0.664502919 -0.004744834 -0.003183850 0.999983668 17.611711502
0.999979794 0.002979874 0.005603616 0.403135002 -0.003002772 0.999987185 0.004082393 -0.692915857 -0.005591379 -0.004099137 0.999975920 18.055704117
0.999976695 0.002929968 0.006172952 0.410384983 -0.002952227 0.999989152 0.003599947 -0.691014171 -0.006162338 -0.003618086 0.999974430 18.551824570
0.999979675 0.002637722 0.005797098 0.428406596 -0.002659168 0.999989569 0.003694871 -0.723636985 -0.005787291 -0.003710211 0.999976397 19.007371902
0.999978542 0.002806293 0.005928124 0.447399378 -0.002828914 0.999988675 0.003811071 -0.738129556 -0.005917362 -0.003827759 0.999975204 19.483880997
0.999976516 0.003468618 0.005907187 0.454656780 -0.003493768 0.999984801 0.004252438 -0.749328434 -0.005892348 -0.004272976 0.999973536 19.969110489
0.999976575 0.003231484 0.006044398 0.460222930 -0.003254194 0.999987602 0.003751070 -0.759270012 -0.006032202 -0.003770651 0.999974668 20.493244171
0.999983132 0.002415824 0.005266081 0.515441120 -0.002442141 0.999984562 0.004996647 -0.806122303 -0.005253929 -0.005009424 0.999973655 20.920154572
0.999987304 0.002371742 0.004424346 0.530096650 -0.002396098 0.999981940 0.005507677 -0.822349906 -0.004411203 -0.005518209 0.999975085 21.434907913
0.999984622 0.002998030 0.004660328 0.539083779 -0.003021386 0.999982893 0.005012781 -0.832594037 -0.004645221 -0.005026785 0.999976575 21.937030792
0.999987423 0.002527381 0.004311804 0.549133837 -0.002550026 0.999983013 0.005254515 -0.843541741 -0.004298450 -0.005265445 0.999976873 22.433824539
0.999991119 0.002504942 0.003395572 0.575031638 -0.002522866 0.999982834 0.005284859 -0.864468634 -0.003382276 -0.005293378 0.999980211 22.905393600
0.999992311 0.002528940 0.003018559 0.579952598 -0.002546843 0.999979079 0.005941960 -0.891540527 -0.003003469 -0.005949602 0.999977708 23.439916611
0.999996483 0.001396318 0.002262723 0.594778776 -0.001408054 0.999985516 0.005193439 -0.896485209 -0.002255439 -0.005196606 0.999983966 23.942771912
0.999995232 0.002516197 0.001805625 0.604931712 -0.002525794 0.999982595 0.005332779 -0.906808078 -0.001792175 -0.005337313 0.999984086 24.465974808
0.999995649 0.002746579 0.001083689 0.615527391 -0.002752126 0.999982893 0.005150886 -0.914862812 -0.001069523 -0.005153846 0.999986112 25.004444122
0.999996781 0.002461034 0.000493240 0.627443075 -0.002463577 0.999983311 0.005224306 -0.927830398 -0.000480375 -0.005225505 0.999986172 25.552936554
0.999998629 0.001612547 0.000244782 0.639852405 -0.001613826 0.999984443 0.005321719 -0.941635847 -0.000236196 -0.005322107 0.999985754 26.099798203
0.999998093 0.001921161 -0.000248962 0.653197646 -0.001919629 0.999980032 0.006018036 -0.956635833 0.000260519 -0.006017546 0.999981880 26.665533066
0.999997437 0.002213681 -0.000438804 0.660887897 -0.002210921 0.999978364 0.006194215 -0.975228786 0.000452506 -0.006193229 0.999980688 27.207881927
0.999993086 0.003685907 -0.000463461 0.666004479 -0.003683059 0.999975204 0.006002386 -0.991540313 0.000485574 -0.006000638 0.999981880 27.774827957
0.999996006 0.002651593 -0.000945847 0.670816779 -0.002645633 0.999976933 0.006248119 -1.002351761 0.000962393 -0.006245592 0.999980032 28.279064178
0.999996126 0.002536328 -0.001103204 0.685710728 -0.002528728 0.999973416 0.006836007 -1.022429824 0.001120513 -0.006833191 0.999976039 28.823205948
0.999995232 0.002734453 -0.001479983 0.685978711 -0.002725458 0.999978006 0.006046542 -1.024667859 0.001496484 -0.006042479 0.999980628 29.391906738
0.999992907 0.003063769 -0.002182976 0.716656029 -0.003050017 0.999975681 0.006275195 -1.038330555 0.002202149 -0.006268493 0.999977887 29.923427582
0.999993205 0.002950689 -0.002204520 0.728507638 -0.002936244 0.999974370 0.006527659 -1.053491950 0.002223724 -0.006521141 0.999976277 30.470838547
0.999991298 0.003459353 -0.002289298 0.741888046 -0.003444933 0.999974430 0.006273159 -1.064148188 0.002310940 -0.006265219 0.999977648 31.021902084
0.999991298 0.002933732 -0.002953224 0.754874408 -0.002914416 0.999974489 0.006523686 -1.081434727 0.002972288 -0.006515019 0.999974310 31.562938690
0.999990702 0.002676684 -0.003368435 0.771291375 -0.002654978 0.999975801 0.006432026 -1.096112609 0.003385571 -0.006423022 0.999973595 32.099323273
0.999988854 0.003625629 -0.003034347 0.769500256 -0.003606486 0.999973714 0.006290439 -1.097940445 0.003057075 -0.006279425 0.999975622 32.625724792
0.999990404 0.003243328 -0.002948020 0.761430860 -0.003224721 0.999974966 0.006294704 -1.115902543 0.002968362 -0.006285137 0.999975860 33.153995514
0.999988616 0.003671842 -0.003077791 0.774947345 -0.003652283 0.999973238 0.006336581 -1.127863646 0.003100976 -0.006325267 0.999975204 33.720733643
0.999989808 0.003364313 -0.002997297 0.775903702 -0.003343585 0.999970615 0.006894094 -1.146359921 0.003020403 -0.006884002 0.999971747 34.255580902
0.999987185 0.003078110 -0.004044524 0.812793195 -0.003051536 0.999973714 0.006560408 -1.151126146 0.004064612 -0.006547980 0.999970317 34.798076630
0.999985695 0.003026247 -0.004406403 0.837935865 -0.002997615 0.999974370 0.006490009 -1.167170167 0.004425931 -0.006476709 0.999969244 35.341598511
0.999986529 0.002658226 -0.004443343 0.835098565 -0.002628575 0.999974310 0.006665640 -1.182975411 0.004460948 -0.006653870 0.999967933 35.899562836
0.999984503 0.003093442 -0.004629065 0.857936144 -0.003063111 0.999973893 0.006545133 -1.195215583 0.004649191 -0.006530854 0.999967933 36.456104279
0.999985099 0.003919754 -0.003799063 0.841190219 -0.003894228 0.999969959 0.006703186 -1.207527280 0.003825224 -0.006688292 0.999970376 36.942230225
0.999986947 0.003112760 -0.004052673 0.840531886 -0.003083911 0.999970019 0.007105467 -1.244895220 0.004074668 -0.007092877 0.999966502 37.511989594
0.999986053 0.003077778 -0.004295404 0.854142725 -0.003047009 0.999969840 0.007151417 -1.253688335 0.004317285 -0.007138229 0.999965191 38.065437317
0.999986172 0.002907910 -0.004377655 0.857213140 -0.002877589 0.999971986 0.006916744 -1.268145084 0.004397646 -0.006904051 0.999966502 38.603305817
0.999983251 0.003069891 -0.004896706 0.875385165 -0.003034734 0.999969661 0.007170998 -1.281887650 0.004918571 -0.007156019 0.999962330 39.139789581
0.999980688 0.003428588 -0.005186872 0.933169484 -0.003389487 0.999965966 0.007528723 -1.302334428 0.005212509 -0.007510996 0.999958277 39.681362152
0.999982417 0.002817903 -0.005216010 0.929711819 -0.002778857 0.999968171 0.007478108 -1.313334227 0.005236917 -0.007463483 0.999958456 40.233398438
0.999983609 0.003042287 -0.004849812 0.930863738 -0.003001750 0.999960661 0.008343861 -1.365536213 0.004875006 -0.008329166 0.999953449 40.760990143
0.999982119 0.004128120 -0.004336638 0.926913619 -0.004091224 0.999955595 0.008482816 -1.372453570 0.004371464 -0.008464923 0.999954641 41.311325073
0.999981403 0.003545408 -0.004963200 0.944787741 -0.003504914 0.999960721 0.008143858 -1.375413895 0.004991879 -0.008126312 0.999954581 41.846054077
0.999982536 0.002808544 -0.005201898 0.955066383 -0.002761751 0.999955833 0.008980765 -1.403753757 0.005226891 -0.008966244 0.999946117 42.375282288
0.999983966 0.002325007 -0.005166131 0.962731540 -0.002276517 0.999953389 0.009372443 -1.416259766 0.005187681 -0.009360532 0.999942720 42.934513092
0.999983251 0.002976312 -0.004966302 0.962874651 -0.002931112 0.999954402 0.009083996 -1.435619593 0.004993111 -0.009069285 0.999946415 43.462245941
0.999984443 0.002971959 -0.004715270 0.964268684 -0.002929021 0.999954402 0.009087142 -1.445325494 0.004742062 -0.009073190 0.999947608 44.002079010
0.999984443 0.002919068 -0.004751964 0.977143526 -0.002877473 0.999957681 0.008736636 -1.450364947 0.004777265 -0.008722828 0.999950469 44.555534363
0.999984801 0.002932345 -0.004653366 0.985387981 -0.002891883 0.999958158 0.008678274 -1.465333104 0.004678619 -0.008664686 0.999951541 45.088363647
0.999985516 0.002715595 -0.004624438 0.990129113 -0.002674207 0.999956608 0.008932457 -1.480777979 0.004648494 -0.008919963 0.999949396 45.605537415
0.999984622 0.003133147 -0.004560852 1.009518504 -0.003093442 0.999957502 0.008686665 -1.488386631 0.004587875 -0.008672424 0.999951839 46.159046173
0.999983788 0.003872629 -0.004164470 1.023126841 -0.003833910 0.999949753 0.009265643 -1.512278676 0.004200144 -0.009249526 0.999948442 46.701553345
0.999981165 0.003315629 -0.005163293 1.039530516 -0.003269549 0.999954998 0.008907562 -1.508350492 0.005192596 -0.008890513 0.999947011 47.267848969
0.999981165 0.003512516 -0.005014510 1.025993466 -0.003469710 0.999957681 0.008519853 -1.520367265 0.005044226 -0.008502292 0.999951124 47.799781799
0.999983013 0.003166600 -0.004889000 1.058512330 -0.003123042 0.999955595 0.008891550 -1.537222147 0.004916939 -0.008876129 0.999948502 48.321556091
0.999983430 0.003026319 -0.004878064 1.071753502 -0.002983080 0.999956429 0.008847055 -1.548107147 0.004904627 -0.008832355 0.999948978 48.871448517
0.999980032 0.004002324 -0.004888237 1.078528285 -0.003958932 0.999953032 0.008854432 -1.562767267 0.004923445 -0.008834904 0.999948859 49.411590576
0.999981642 0.003322083 -0.005066191 1.092635870 -0.003278447 0.999957681 0.008597291 -1.569081545 0.005094538 -0.008580525 0.999950171 49.954875946
0.999982655 0.004411465 -0.003936442 1.078766346 -0.004374163 0.999945939 0.009435102 -1.586502790 0.003977852 -0.009417719 0.999947667 50.447853088
0.999981403 0.004148375 -0.004471863 1.094483256 -0.004107666 0.999950409 0.009074352 -1.594111800 0.004509285 -0.009055813 0.999948859 50.990695953
0.999982297 0.004140046 -0.004295026 1.098487139 -0.004101615 0.999951839 0.008918431 -1.599371672 0.004331742 -0.008900655 0.999950945 51.521034241
0.999982119 0.003990642 -0.004446714 1.110554099 -0.003947017 0.999944389 0.009776610 -1.625910044 0.004485482 -0.009758882 0.999942362 52.036502838
0.999983370 0.003888936 -0.004254813 1.123082876 -0.003847168 0.999944746 0.009781285 -1.639876842 0.004292617 -0.009764753 0.999943137 52.603218079
0.999981344 0.004665524 -0.003935263 1.124834538 -0.004628916 0.999946415 0.009261100 -1.645765305 0.003978260 -0.009242712 0.999949396 53.153221130
0.999982834 0.004372401 -0.003897732 1.128375292 -0.004338979 0.999954104 0.008542025 -1.658099174 0.003934903 -0.008524968 0.999955952 53.692279816
0.999983311 0.004432744 -0.003680894 1.107654929 -0.004397654 0.999945283 0.009486849 -1.670951605 0.003722746 -0.009470507 0.999948204 54.181537628
0.999983191 0.004487392 -0.003696556 1.161926031 -0.004450902 0.999941885 0.009821277 -1.698468685 0.003740413 -0.009804658 0.999944925 54.719985962
0.999980688 0.005219269 -0.003368991 1.162656784 -0.005184394 0.999933720 0.010278826 -1.711113095 0.003422415 -0.010261158 0.999941468 55.257568359
0.999984503 0.003577219 -0.004278755 1.169487953 -0.003534791 0.999944866 0.009883125 -1.728328466 0.004313874 -0.009867847 0.999941945 55.792613983
0.999983609 0.003365415 -0.004632747 1.201049805 -0.003319646 0.999945939 0.009852015 -1.725665569 0.004665654 -0.009836474 0.999940693 56.300144196
0.999984384 0.004333206 -0.003529211 1.211292505 -0.004297112 0.999939024 0.010171647 -1.744512200 0.003573070 -0.010156322 0.999942005 56.798057556
0.999985158 0.004219250 -0.003450510 1.216635227 -0.004184589 0.999941289 0.009991893 -1.761695147 0.003492466 -0.009977306 0.999944091 57.363159180
0.999982953 0.005077360 -0.002892137 1.229738593 -0.005047596 0.999935091 0.010207804 -1.770025849 0.002943779 -0.010193032 0.999943733 57.881889343
0.999986351 0.003991777 -0.003379271 1.244618535 -0.003958086 0.999942899 0.009918390 -1.774327040 0.003418672 -0.009904877 0.999945045 58.420955658
0.999986291 0.003456440 -0.003952397 1.254520774 -0.003418229 0.999947727 0.009634238 -1.782637835 0.003985491 -0.009620597 0.999945760 58.964717865
0.999985099 0.004098750 -0.003600676 1.265095115 -0.004062563 0.999941766 0.010000253 -1.803718209 0.003641455 -0.009985476 0.999943554 59.504390717
0.999985576 0.004441845 -0.003015409 1.271941543 -0.004410491 0.999936938 0.010325976 -1.808444023 0.003061085 -0.010312527 0.999942124 60.020816803
0.999984264 0.004939415 -0.002665298 1.284981370 -0.004912396 0.999937356 0.010050272 -1.824538946 0.002714774 -0.010037020 0.999945879 60.567173004
0.999984205 0.005182621 -0.002193051 1.297210455 -0.005159940 0.999934435 0.010224361 -1.831571221 0.002245896 -0.010212881 0.999945283 61.107452393
0.999984264 0.004276847 -0.003627869 1.339092493 -0.004238508 0.999935687 0.010510644 -1.856272101 0.003672589 -0.010495104 0.999938130 61.618549347
0.999984264 0.004621818 -0.003158660 1.351592302 -0.004589193 0.999936759 0.010259326 -1.862793207 0.003205879 -0.010244671 0.999942303 62.149589539
0.999982715 0.005103542 -0.002914614 1.354996204 -0.005072491 0.999931276 0.010563455 -1.870726824 0.002968326 -0.010548487 0.999939919 62.681182861
0.999985278 0.004355188 -0.003209388 1.364307761 -0.004323980 0.999943852 0.009667719 -1.874673367 0.003251314 -0.009653699 0.999948084 63.236026764
0.999982119 0.005420461 -0.002516973 1.359018922 -0.005397134 0.999943137 0.009184274 -1.877992392 0.002566614 -0.009170526 0.999954641 63.793376923
0.999985218 0.004581497 -0.002933073 1.388766766 -0.004549553 0.999931276 0.010806699 -1.911158681 0.002982384 -0.010793195 0.999937296 64.292335510
0.999979079 0.005866318 -0.002759793 1.402026176 -0.005836703 0.999926567 0.010619438 -1.923668742 0.002821887 -0.010603108 0.999939799 64.830490112
0.999981940 0.005683260 -0.001928145 1.405202270 -0.005661360 0.999921441 0.011179697 -1.946486592 0.001991531 -0.011168579 0.999935687 65.358535767
0.999979973 0.006169638 -0.001483622 1.426140666 -0.006152707 0.999918759 0.011159241 -1.945537567 0.001552350 -0.011149888 0.999936581 65.861656189
0.999981046 0.005953118 -0.001550176 1.435253143 -0.005936142 0.999924719 0.010735726 -1.953814745 0.001613971 -0.010726323 0.999941170 66.409500122
0.999981880 0.005678729 -0.001989408 1.451784253 -0.005656397 0.999922931 0.011057007 -1.970646620 0.002052044 -0.011045553 0.999936879 66.958320618
0.999982238 0.005686977 -0.001763436 1.444026470 -0.005667310 0.999923885 0.010964467 -1.980784297 0.001825657 -0.010954278 0.999938369 67.446594238
0.999985814 0.005015450 -0.001774839 1.452146769 -0.004996379 0.999931455 0.010591604 -1.987340689 0.001827838 -0.010582585 0.999942362 67.978569031
0.999985635 0.004883193 0.002218163 1.388789535 -0.004905486 0.999936342 0.010157733 -1.960523605 -0.002168418 -0.010168469 0.999945879 68.498001099
0.999983609 0.005113864 0.002581452 1.403951287 -0.005139139 0.999938011 0.009881343 -1.969010353 -0.002530759 -0.009894447 0.999947846 69.036308289
0.999986827 0.004586181 0.002282645 1.412564039 -0.004607757 0.999943912 0.009538575 -1.973566413 -0.002238771 -0.009548967 0.999951839 69.606689453
0.999987781 0.004345775 0.002392820 1.428746223 -0.004370283 0.999937117 0.010334050 -1.992214918 -0.002347760 -0.010344381 0.999943674 70.118377686
0.999982536 0.002798309 0.005205241 1.368688345 -0.002843069 0.999958873 0.008611465 -1.983037710 -0.005180929 -0.008626113 0.999949396 70.718376160
0.999986649 0.002188922 0.004681328 1.404535174 -0.002233407 0.999952137 0.009518513 -2.005827665 -0.004660269 -0.009528842 0.999943733 71.238868713
0.999992371 0.001132388 0.003723768 1.433663130 -0.001164802 0.999961317 0.008713775 -2.006828785 -0.003713755 -0.008718044 0.999955177 71.785781860
0.999982476 0.001180530 0.005802843 1.424514651 -0.001227791 0.999965966 0.008147576 -1.999962091 -0.005793028 -0.008154557 0.999949992 72.272117615
0.999982059 0.001393581 0.005837250 1.436424971 -0.001439606 0.999967873 0.007887817 -2.003911495 -0.005826069 -0.007896079 0.999951899 72.833610535
0.999979913 0.001923333 0.006030562 1.449956059 -0.001972816 0.999964297 0.008210254 -2.027173996 -0.006014556 -0.008221988 0.999948084 73.387374878
0.999977350 0.001466183 0.006569128 1.474235535 -0.001525820 0.999957561 0.009082733 -2.054804325 -0.006555533 -0.009092552 0.999937236 73.924163818
0.999978602 0.000032342 0.006529826 1.495125651 -0.000084667 0.999967813 0.008013131 -2.061538458 -0.006529356 -0.008013514 0.999946594 74.441062927
0.999980450 -0.000450846 0.006228542 1.513278604 0.000399424 0.999965787 0.008254582 -2.077122211 -0.006232050 -0.008251932 0.999946535 74.979385376
0.999985814 -0.001010701 0.005231408 1.594631195 0.000964679 0.999960780 0.008792189 -2.116960764 -0.005240090 -0.008787020 0.999947727 75.408416748
0.999971449 -0.002909581 0.006971370 1.555417061 0.002850143 0.999959648 0.008521001 -2.127088547 -0.006995881 -0.008500887 0.999939322 75.925369263
0.999973595 -0.002656156 0.006762701 1.573973656 0.002599619 0.999961734 0.008355288 -2.136278152 -0.006784634 -0.008337487 0.999942183 76.461212158
0.999972761 -0.002986933 0.006752228 1.595308542 0.002928489 0.999958336 0.008648953 -2.146814346 -0.006777781 -0.008628945 0.999939740 76.996223450
0.999943972 -0.004539331 0.009561661 1.547621489 0.004470778 0.999964237 0.007178807 -2.160102844 -0.009593907 -0.007135658 0.999928474 77.550613403
0.999945462 -0.004640187 0.009355463 1.562612534 0.004573569 0.999964058 0.007129642 -2.163411617 -0.009388210 -0.007086462 0.999930859 78.106842041
0.999935389 -0.006159924 0.009550664 1.580007076 0.006089102 0.999953806 0.007426870 -2.173424006 -0.009595975 -0.007368235 0.999926746 78.557540894
0.999929965 -0.006608031 0.009820517 1.598467827 0.006534529 0.999950409 0.007497743 -2.184878826 -0.009869580 -0.007433048 0.999923587 79.109825134
0.999928296 -0.005314570 0.010725683 1.638739347 0.005228709 0.999954104 0.008017441 -2.219810963 -0.010767801 -0.007960790 0.999910295 79.661109924
0.999911487 -0.004747382 0.012424828 1.651985407 0.004650269 0.999958515 0.007833344 -2.236260414 -0.012461500 -0.007774873 0.999892116 80.209228516
0.999891996 -0.004822990 0.013884763 1.705028057 0.004716228 0.999959111 0.007711666 -2.265514374 -0.013921389 -0.007645352 0.999873877 80.669517517
0.999879718 -0.005091961 0.014648603 1.720608711 0.004980803 0.999958575 0.007614773 -2.273215771 -0.014686772 -0.007540894 0.999863684 81.225021362
0.999832094 -0.004601365 0.017739039 1.738319397 0.004464136 0.999959886 0.007767856 -2.290438652 -0.017774070 -0.007687362 0.999812543 81.771087646
0.999745131 -0.002986203 0.022379160 1.735269904 0.002785923 0.999955893 0.008975256 -2.355315447 -0.022404974 -0.008910625 0.999709249 82.248016357
0.999689639 -0.008328727 0.023485109 1.797060013 0.008123402 0.999928057 0.008824685 -2.338463545 -0.023556923 -0.008631162 0.999685168 82.958938599
0.999584913 -0.008740703 0.027452409 1.840902567 0.008502506 0.999925315 0.008781468 -2.361923456 -0.027527113 -0.008544409 0.999584556 83.496681213
0.999416232 -0.007976954 0.033222124 1.875598669 0.007666618 0.999925911 0.009458205 -2.374330997 -0.033295110 -0.009197981 0.999403179 83.993988037
0.999202311 -0.008782394 0.038956687 1.918145657 0.008435094 0.999923289 0.009070437 -2.371979713 -0.039033357 -0.008734600 0.999199688 84.527679443
0.998833776 -0.008342391 0.047553778 1.939264536 0.007977859 0.999937356 0.007850306 -2.397700787 -0.047616292 -0.007461775 0.998837769 85.063255310
0.998429358 -0.007747751 0.055487569 2.007587671 0.007303538 0.999939680 0.008203940 -2.414302826 -0.055547789 -0.007785799 0.998425663 85.600715637
0.997872889 -0.007229487 0.064785972 2.050310850 0.006696075 0.999941826 0.008446796 -2.432677746 -0.064843282 -0.007995018 0.997863352 86.151763916
0.997379780 -0.007149745 0.071989015 2.111641884 0.006546662 0.999941468 0.008609897 -2.447721958 -0.072046369 -0.008116048 0.997368276 86.692329407
0.996711552 -0.007427115 0.080691665 2.186795235 0.006780938 0.999942720 0.008279078 -2.482933521 -0.080748543 -0.007704686 0.996704698 87.171524048
0.995827615 -0.007054277 0.090980724 2.257673740 0.006284957 0.999942005 0.008739577 -2.500217438 -0.091037117 -0.008131304 0.995814264 87.709533691
0.994936943 -0.005943292 0.100325696 2.300404072 0.005012997 0.999942064 0.009522308 -2.519997597 -0.100376487 -0.008971164 0.994909048 88.206001282
0.994101644 -0.007155636 0.108215585 2.401331425 0.006222769 0.999940634 0.008955678 -2.546589136 -0.108273238 -0.008229456 0.994087040 88.781951904
0.992888391 -0.007377217 0.118819952 2.494031906 0.006358804 0.999939740 0.008947908 -2.558667183 -0.118878812 -0.008128719 0.992875457 89.308197021
0.991567850 -0.007285128 0.129383445 2.589526176 0.006200216 0.999942183 0.008786061 -2.573546648 -0.129439980 -0.007909772 0.991555750 89.847434998
0.990375459 -0.008192232 0.138163716 2.702024460 0.006937515 0.999930143 0.009560510 -2.598887205 -0.138232395 -0.008509980 0.990363359 90.349433899
0.988705933 -0.007622487 0.149675220 2.801683426 0.006261264 0.999934673 0.009563648 -2.601200819 -0.149738342 -0.008518479 0.988689005 90.902999878
0.986831367 -0.008518339 0.161527589 2.918443680 0.007030222 0.999927461 0.009782081 -2.619176626 -0.161599189 -0.008517695 0.986819685 91.443511963
0.984948695 -0.008563598 0.172634751 3.033596039 0.006983170 0.999928057 0.009760004 -2.630430937 -0.172705933 -0.008407568 0.984937489 91.980415344
0.983231544 -0.008277766 0.182173520 3.147088051 0.006547285 0.999927580 0.010098449 -2.641913891 -0.182243958 -0.008736375 0.983214557 92.512947083
0.980936050 -0.008503689 0.194144651 3.285369873 0.006646305 0.999925733 0.010216390 -2.655264854 -0.194217101 -0.008731280 0.980919778 93.047233582
0.978372276 -0.008301138 0.206685126 3.415050507 0.006314726 0.999927342 0.010268670 -2.671539783 -0.206755370 -0.008741423 0.978353679 93.565032959
0.976036012 -0.010118091 0.217373684 3.561447144 0.008135770 0.999916911 0.010012454 -2.678343058 -0.217456877 -0.008004010 0.976037204 94.102897644
0.972938895 -0.009177019 0.230879933 3.706054688 0.007015988 0.999923706 0.010179258 -2.685389042 -0.230955720 -0.008283944 0.972929001 94.656814575
0.969608903 -0.009402124 0.244479343 3.857900620 0.007061543 0.999920487 0.010448501 -2.698080063 -0.244558111 -0.008404555 0.969598234 95.140670776
0.966786921 -0.010104281 0.255383879 4.024490356 0.007670964 0.999915242 0.010522346 -2.709789753 -0.255468577 -0.008213826 0.966782510 95.679260254
0.963602245 -0.010726051 0.267124444 4.215713501 0.008320397 0.999914050 0.010136001 -2.723495722 -0.267210186 -0.007544492 0.963608801 96.171195984
0.959550321 -0.010766615 0.281331182 4.366113663 0.008050729 0.999909163 0.010807756 -2.721321583 -0.281421989 -0.008105669 0.959549904 96.672355652
0.955696404 -0.010679898 0.294160426 4.554841995 0.007872980 0.999911427 0.010724676 -2.729638815 -0.294248939 -0.007933619 0.955695927 97.192932129
0.952222526 -0.011544265 0.305186808 4.746725082 0.008585937 0.999902248 0.011033941 -2.745248795 -0.305284321 -0.007886454 0.952228546 97.696311951
0.947604001 -0.010897461 0.319261730 4.938535690 0.007576269 0.999903500 0.011642832 -2.757631540 -0.319357783 -0.008613981 0.947595060 98.222694397
0.942638874 -0.010655413 0.333644509 5.116296768 0.007345937 0.999910653 0.011179250 -2.764590263 -0.333733767 -0.008087065 0.942632616 98.701072693
0.938778818 -0.011507107 0.344328165 5.334642410 0.008153223 0.999904215 0.011186801 -2.769992828 -0.344423860 -0.007694549 0.938782692 99.227134705
0.933825493 -0.010661504 0.357570082 5.546371460 0.007100638 0.999911427 0.011269961 -2.785703659 -0.357658476 -0.007985202 0.933818281 99.718544006
0.928453982 -0.010885874 0.371287793 5.745677948 0.006877883 0.999902904 0.012117336 -2.799057484 -0.371383607 -0.008696715 0.928438783 100.161445618
0.923803031 -0.011969546 0.382681102 5.995550156 0.007844281 0.999893069 0.012338462 -2.798556805 -0.382787824 -0.008396453 0.923798203 100.685928345
0.918439507 -0.010582414 0.395419896 6.225782394 0.006260812 0.999905765 0.012217999 -2.819114447 -0.395511895 -0.008745843 0.918419242 101.199645996
0.912136495 -0.011479438 0.409725815 6.411846161 0.007009090 0.999898434 0.012410799 -2.809514523 -0.409826666 -0.008448537 0.912124276 101.635131836
0.906247735 -0.011433138 0.422592640 6.667098999 0.006870750 0.999900520 0.012317777 -2.819921970 -0.422691464 -0.008259426 0.906235993 102.123519897
0.901367605 -0.012720559 0.432867885 6.919330597 0.008196045 0.999890625 0.012316731 -2.828463554 -0.432977170 -0.007554098 0.901373208 102.599067688
0.895577192 -0.011947517 0.444745779 7.185733795 0.007053589 0.999895096 0.012657187 -2.834054470 -0.444850266 -0.008198433 0.895567417 103.098846436
0.888509512 -0.012073390 0.458699316 7.433437347 0.006946496 0.999893129 0.012862609 -2.835297108 -0.458805680 -0.008242201 0.888498425 103.539581299
0.882665753 -0.012395933 0.469837874 7.715702057 0.007313909 0.999893367 0.012640266 -2.840981960 -0.469944477 -0.007720777 0.882662237 104.012115479
0.876344204 -0.012816604 0.481514931 7.956184387 0.007417334 0.999886632 0.013114881 -2.849120617 -0.481628299 -0.007921593 0.876339793 104.441833496
0.868937254 -0.013320793 0.494743049 8.249237061 0.007958249 0.999884605 0.012944168 -2.860551357 -0.494858414 -0.007310380 0.868942797 104.902244568
0.861256361 -0.013241316 0.507998168 8.537021637 0.007660429 0.999885142 0.013075247 -2.864469051 -0.508112848 -0.007369658 0.861259103 105.344833374
