1.000000000 0.000000000 0.000000000 0.000000000 0.000000000 1.000000000 0.000000000 0.000000000 0.000000000 0.000000000 1.000000000 0.000000000
1.000000000 0.000071120 0.000108949 -0.003186612 -0.000071102 1.000000000 -0.000171666 0.004192544 -0.000108961 0.000171659 1.000000000 0.003845752
1.000000000 0.000065011 0.000066251 -0.002291343 -0.000065000 1.000000000 -0.000168970 0.002830185 -0.000066262 0.000168965 1.000000000 0.000954126
0.999999940 0.000299671 0.000140108 -0.000816100 -0.000299651 0.999999940 -0.000143914 0.003380567 -0.000140151 0.000143872 1.000000000 -0.001998866
1.000000000 0.000165329 0.000040335 0.002568746 -0.000165326 1.000000000 -0.000067976 0.001735751 -0.000040346 0.000067969 1.000000000 -0.001142018
1.000000000 0.000120874 0.000018000 0.000944597 -0.000120874 1.000000000 0.000009533 0.001166658 -0.000017998 -0.000009535 1.000000000 -0.003019025
1.000000000 0.000005322 0.000071374 -0.002304999 -0.000005313 1.000000000 -0.000127917 0.001530486 -0.000071374 0.000127917 1.000000000 -0.002004409
1.000000000 0.000005975 -0.000011846 0.000366717 -0.000005975 1.000000000 -0.000026625 0.001729725 0.000011846 0.000026625 1.000000000 -0.002755024
1.000000000 -0.000000717 0.000128332 -0.005404911 0.000000739 1.000000000 -0.000167379 0.004005973 -0.000128332 0.000167380 1.000000000 0.004208408
0.999999940 0.000179632 0.000239796 -0.005719271 -0.000179594 1.000000000 -0.000157465 0.002857821 -0.000239824 0.000157422 0.999999940 -0.000868024
1.000000000 0.000203776 0.000119277 0.000517309 -0.000203759 0.999999940 -0.000138882 0.002355995 -0.000119305 0.000138857 1.000000000 -0.004079856
0.999999940 0.000229451 0.000165736 -0.002445562 -0.000229437 0.999999940 -0.000084325 0.002732428 -0.000165755 0.000084287 1.000000000 -0.002882234
1.000000000 0.000071599 0.000172387 -0.004740594 -0.000071588 1.000000000 -0.000064983 0.000670751 -0.000172391 0.000064971 1.000000000 -0.003343380
1.000000000 -0.000028104 0.000114543 -0.002738458 0.000028110 1.000000000 -0.000053700 0.000211837 -0.000114541 0.000053703 1.000000000 -0.001990589
1.000000000 0.000053270 0.000049705 0.000124209 -0.000053266 1.000000000 -0.000080160 0.001799576 -0.000049709 0.000080157 1.000000000 -0.005506380
1.000000000 -0.000157284 -0.000079389 0.001890688 0.000157287 1.000000000 0.000033024 0.000544699 0.000079383 -0.000033036 1.000000000 -0.006558966
0.999999940 -0.000301742 -0.000102824 0.001860444 0.000301739 0.999999940 -0.000027298 -0.000874418 0.000102832 0.000027267 1.000000000 -0.009333397
1.000000000 -0.000048934 0.000121568 -0.003672206 0.000048938 1.000000000 -0.000037522 0.000142604 -0.000121566 0.000037528 1.000000000 -0.003026766
1.000000000 0.000095773 -0.000018745 0.000031141 -0.000095772 1.000000000 0.000049759 0.001493279 0.000018750 -0.000049757 1.000000000 -0.007679381
1.000000000 -0.000115973 -0.000038570 -0.001645929 0.000115972 1.000000000 -0.000029622 -0.000346385 0.000038574 0.000029618 1.000000000 -0.007116160
1.000000000 0.000010372 0.000049536 -0.001153473 -0.000010367 1.000000000 -0.000095843 0.001744750 -0.000049537 0.000095842 1.000000000 -0.007127117
1.000000000 -0.000139685 0.000052277 -0.001054184 0.000139685 1.000000000 0.000002033 -0.000390525 -0.000052278 -0.000002026 1.000000000 -0.005285450
1.000000000 0.000111290 0.000169602 -0.006580352 -0.000111256 1.000000000 -0.000202696 0.003367063 -0.000169624 0.000202678 0.999999940 0.002423211
1.000000000 -0.000101421 -0.000063461 -0.000047164 0.000101414 1.000000000 -0.000114981 0.000809277 0.000063473 0.000114975 1.000000000 0.001013692
1.000000000 -0.000062010 0.000049866 -0.001677965 0.000062011 1.000000000 -0.000005315 0.002453928 -0.000049866 0.000005318 1.000000000 0.001096844
1.000000000 0.000051627 -0.000046502 0.002492395 -0.000051632 1.000000000 -0.000110183 0.002870214 0.000046496 0.000110185 1.000000000 -0.007156746
1.000000000 -0.000072114 0.000077953 -0.001681856 0.000072121 1.000000000 -0.000088688 0.002411587 -0.000077947 0.000088693 1.000000000 -0.004919477
0.999999940 0.000224855 0.000240630 -0.005484291 -0.000224801 0.999999940 -0.000223880 0.003194501 -0.000240681 0.000223826 0.999999940 0.000519305
1.000000000 0.000034081 0.000142237 -0.004219624 -0.000034078 1.000000000 -0.000025730 0.002139208 -0.000142238 0.000025726 1.000000000 0.000233579
1.000000000 -0.000129214 0.000058231 -0.004968834 0.000129221 1.000000000 -0.000119426 0.005702083 -0.000058215 0.000119434 1.000000000 0.003208691
1.000000000 -0.000066796 0.000057469 -0.004169824 0.000066801 1.000000000 -0.000095035 0.002817165 -0.000057463 0.000095039 1.000000000 0.001681285
1.000000000 -0.000148343 0.000119925 -0.003738863 0.000148335 1.000000000 0.000061684 0.001016203 -0.000119934 -0.000061666 1.000000000 0.000170701
1.000000000 -0.000147310 0.000123041 -0.004849612 0.000147305 1.000000000 0.000042263 0.001266899 -0.000123047 -0.000042245 1.000000000 -0.002367134
1.000000000 -0.000170365 0.000017078 -0.002782161 0.000170365 1.000000000 0.000039951 0.001886163 -0.000017084 -0.000039948 1.000000000 -0.002409135
1.000000000 0.000058341 0.000077799 -0.004054939 -0.000058331 1.000000000 -0.000126391 0.001505107 -0.000077806 0.000126387 1.000000000 0.000069010
1.000000000 0.000033419 0.000106687 -0.004634846 -0.000033406 1.000000000 -0.000117681 0.002884829 -0.000106691 0.000117677 1.000000000 0.000795100
1.000000000 -0.000184189 -0.000143056 0.002750968 0.000184207 1.000000000 0.000129623 -0.000438531 0.000143032 -0.000129650 1.000000000 -0.012586951
1.000000000 -0.000025465 0.000078650 -0.003857065 0.000025485 0.999999940 -0.000251151 0.004518582 -0.000078643 0.000251153 0.999999940 0.001667810
1.000000000 -0.000165314 0.000110215 -0.003518424 0.000165312 1.000000000 0.000019053 0.001581672 -0.000110219 -0.000019035 1.000000000 0.000036710
1.000000000 -0.000011777 -0.000048856 0.001414914 0.000011788 1.000000000 0.000225377 -0.002271175 0.000048853 -0.000225378 1.000000000 -0.009448773
0.999999940 -0.000277188 -0.000145992 0.000373608 0.000277199 0.999999940 0.000074033 -0.001537616 0.000145972 -0.000074073 1.000000000 -0.001107140
1.000000000 0.000105245 0.000066329 0.002508436 -0.000105208 0.999999821 -0.000548813 -0.005075611 -0.000066386 0.000548806 0.999999821 0.048618831
1.000000000 0.000048056 -0.000021481 0.000463824 -0.000048086 0.999998987 -0.001419984 -0.000436591 0.000021413 0.001419985 0.999998987 0.148819134
1.000000000 -0.000055175 -0.000058964 0.004120080 0.000055093 0.999999046 -0.001392197 -0.010122760 0.000059041 0.001392193 0.999999046 0.263378412
0.999999940 -0.000253144 0.000042435 0.001486379 0.000253201 0.999999046 -0.001359188 -0.010690060 -0.000042091 0.001359199 0.999999046 0.391699463
1.000000000 0.000007675 -0.000177635 0.007673418 -0.000007885 0.999999285 -0.001181685 -0.018207619 0.000177625 0.001181686 0.999999285 0.534156084
1.000000000 0.000017220 -0.000004180 0.008206710 -0.000017223 0.999999642 -0.000856897 -0.033478759 0.000004165 0.000856897 0.999999642 0.679512918
0.999999881 -0.000523670 -0.000097128 0.016660435 0.000523617 0.999999702 -0.000549258 -0.033391126 0.000097415 0.000549207 0.999999821 0.851689577
0.999999940 -0.000213385 -0.000326959 0.026849050 0.000213208 0.999999821 -0.000540758 -0.036587302 0.000327074 0.000540688 0.999999821 1.028430820
1.000000000 -0.000167248 -0.000025024 0.024526801 0.000167230 0.999999702 -0.000717012 -0.034981076 0.000025144 0.000717008 0.999999762 1.208766222
0.999999821 -0.000496869 -0.000374080 0.039951991 0.000496693 0.999999762 -0.000470405 -0.046772715 0.000374314 0.000470220 0.999999821 1.414382100
0.999999821 -0.000358778 -0.000353801 0.035346542 0.000358716 0.999999881 -0.000177476 -0.057840947 0.000353864 0.000177349 0.999999940 1.605530620
0.999999583 -0.000922623 -0.000241185 0.044678118 0.000922639 0.999999642 0.000067515 -0.063092843 0.000241123 -0.000067737 0.999999940 1.803263068
0.999998927 -0.001284189 -0.000675614 0.045901760 0.001284459 0.999999106 0.000398314 -0.071350552 0.000675102 -0.000399182 0.999999702 2.008137941
0.999998927 -0.001348098 -0.000599767 0.051431701 0.001348263 0.999999106 0.000273504 -0.077081703 0.000599397 -0.000274313 0.999999821 2.239395618
0.999999583 -0.000775136 -0.000399647 0.054251079 0.000775378 0.999999523 0.000604004 -0.082935907 0.000399179 -0.000604314 0.999999762 2.441006422
0.999999285 -0.000939428 -0.000686257 0.064498924 0.000939829 0.999999404 0.000583805 -0.089994058 0.000685708 -0.000584450 0.999999642 2.692712307
0.999999583 -0.000896970 -0.000183347 0.065880723 0.000897115 0.999999285 0.000792637 -0.102553844 0.000182636 -0.000792801 0.999999642 2.912968159
0.999999404 -0.001024063 -0.000205058 0.073117293 0.001024244 0.999999106 0.000883243 -0.110322766 0.000204154 -0.000883452 0.999999583 3.161784410
0.999999404 -0.000918255 -0.000635281 0.086627766 0.000918659 0.999999404 0.000635506 -0.114292480 0.000634697 -0.000636089 0.999999642 3.412774563
0.999999881 -0.000519088 -0.000122525 0.091218434 0.000519178 0.999999642 0.000731279 -0.116816625 0.000122145 -0.000731342 0.999999702 3.676197767
0.999999642 -0.000788457 -0.000273320 0.082897112 0.000788755 0.999999046 0.001094187 -0.134714797 0.000272457 -0.001094402 0.999999344 3.878026962
0.999998391 -0.001696325 -0.000397909 0.087160386 0.001696930 0.999997377 0.001525085 -0.146916181 0.000395321 -0.001525757 0.999998748 4.141454220
0.999999464 -0.000969248 -0.000357289 0.088785507 0.000969908 0.999997795 0.001850668 -0.150809273 0.000355495 -0.001851014 0.999998271 4.396240711
0.999999404 -0.001082895 -0.000049301 0.098717347 0.001082980 0.999997914 0.001751692 -0.158556178 0.000047404 -0.001751744 0.999998450 4.661471844
0.999999285 -0.001111464 0.000361839 0.091046154 0.001110766 0.999997556 0.001922856 -0.175846145 -0.000363975 -0.001922453 0.999998093 4.893087387
0.999999285 -0.000993303 0.000655765 0.092622787 0.000992252 0.999998212 0.001600875 -0.179493994 -0.000657354 -0.001600223 0.999998569 5.154027462
0.999999702 -0.000687014 0.000486855 0.096902944 0.000686078 0.999997973 0.001919077 -0.188637897 -0.000488172 -0.001918742 0.999998033 5.418371201
0.999999702 -0.000423781 0.000656788 0.097058848 0.000422582 0.999998271 0.001825619 -0.195529580 -0.000657561 -0.001825341 0.999998152 5.693739891
0.999999702 -0.000735038 0.000363308 0.105200052 0.000734401 0.999998212 0.001749451 -0.202452302 -0.000364593 -0.001749183 0.999998450 5.973083973
0.999999702 -0.000659569 0.000385145 0.118489385 0.000658777 0.999997675 0.002054277 -0.219104961 -0.000386499 -0.002054023 0.999997795 6.228802204
0.999999583 -0.000771533 0.000478965 0.122248121 0.000770433 0.999997079 0.002293624 -0.226069719 -0.000480734 -0.002293254 0.999997199 6.516999245
0.999999702 -0.000564903 0.000494700 0.131342977 0.000563921 0.999997795 0.001982724 -0.235873744 -0.000495819 -0.001982444 0.999997914 6.813908577
0.999999464 -0.000895774 0.000567610 0.138734713 0.000894604 0.999997497 0.002058992 -0.237777188 -0.000569453 -0.002058483 0.999997675 7.107728004
0.999999464 -0.000553514 0.000822110 0.145768762 0.000551425 0.999996603 0.002539279 -0.258566141 -0.000823512 -0.002538824 0.999996364 7.399684906
0.999999464 -0.000555158 0.000791959 0.157487661 0.000553348 0.999997199 0.002284358 -0.271207809 -0.000793225 -0.002283918 0.999997020 7.697456360
0.999999762 -0.000417421 0.000429042 0.170144826 0.000416217 0.999995947 0.002802379 -0.289535761 -0.000430210 -0.002802199 0.999996006 8.040841103
0.999999464 -0.000124651 0.001001819 0.172370628 0.000121816 0.999996006 0.002829966 -0.296294034 -0.001002168 -0.002829843 0.999995530 8.362349510
0.999999583 -0.000397338 0.000796664 0.185578465 0.000395323 0.999996722 0.002527312 -0.296306401 -0.000797666 -0.002526996 0.999996483 8.685606956
0.999999166 -0.000110866 0.001266921 0.176826403 0.000107382 0.999996185 0.002749671 -0.305191994 -0.001267222 -0.002749532 0.999995410 9.044444084
0.999999344 0.000265925 0.001093446 0.192078367 -0.000268716 0.999996722 0.002552987 -0.313643813 -0.001092763 -0.002553279 0.999996185 9.390417099
0.999999225 -0.000684733 0.001015280 0.199632868 0.000681858 0.999995708 0.002829639 -0.324827850 -0.001017213 -0.002828944 0.999995470 9.721373558
0.999999523 -0.000771477 0.000634235 0.211476341 0.000769667 0.999995649 0.002848480 -0.345156014 -0.000636430 -0.002847990 0.999995768 10.031703949
0.999999583 -0.000173295 0.000944218 0.217524752 0.000170719 0.999996245 0.002727731 -0.355914593 -0.000944687 -0.002727568 0.999995828 10.397162437
0.999999404 -0.000362850 0.001068422 0.223553374 0.000359774 0.999995768 0.002878205 -0.362793118 -0.001069462 -0.002877819 0.999995351 10.766581535
0.999999106 -0.001161886 0.000733915 0.235424697 0.001159655 0.999994695 0.003033184 -0.366624802 -0.000737436 -0.003032330 0.999995172 11.144352913
0.999999285 -0.000365371 0.001150031 0.221328139 0.000361611 0.999994516 0.003267780 -0.393956393 -0.001151219 -0.003267362 0.999993980 11.536974907
0.999999166 -0.000891633 0.000937440 0.262102872 0.000888609 0.999994338 0.003220964 -0.396632016 -0.000940307 -0.003220128 0.999994397 11.870688438
0.999999404 -0.000377042 0.001036629 0.266617298 0.000373541 0.999994218 0.003376020 -0.408306032 -0.001037896 -0.003375631 0.999993742 12.261184692
0.999999225 -0.000456161 0.001191325 0.279048860 0.000452395 0.999994814 0.003159364 -0.419496506 -0.001192760 -0.003158822 0.999994278 12.641337395
0.999999404 -0.000980677 0.000583886 0.302911222 0.000978862 0.999994695 0.003099919 -0.425632477 -0.000586923 -0.003099346 0.999995053 13.043568611
0.999998212 -0.001866221 0.000302544 0.318825811 0.001865193 0.999992549 0.003362397 -0.433672309 -0.000308817 -0.003361827 0.999994338 13.420752525
0.999998808 0.000110278 0.001533510 0.313315272 -0.000115705 0.999993742 0.003539144 -0.449010015 -0.001533110 -0.003539318 0.999992549 13.823884010
0.999997437 0.000588507 0.002170752 0.304299355 -0.000597191 0.999991775 0.004002017 -0.468907058 -0.002168380 -0.004003303 0.999989629 14.274886131
0.999999285 -0.000648515 0.001018882 0.363840967 0.000643906 0.999989569 0.004517933 -0.512609482 -0.001021801 -0.004517274 0.999989271 14.686909676
0.999998987 -0.000068877 0.001431531 0.374338061 0.000061369 0.999986172 0.005244282 -0.527715445 -0.001431873 -0.005244189 0.999985278 15.097784996
0.999998510 -0.001301028 0.001133133 0.387922138 0.001295708 0.999988198 0.004682607 -0.533527613 -0.001139212 -0.004681133 0.999988377 15.521811485
0.999998748 0.000039585 0.001563837 0.391303241 -0.000047213 0.999988079 0.004877815 -0.550607324 -0.001563625 -0.004877883 0.999986827 15.918184280
0.999996960 0.000081137 0.002444638 0.370826542 -0.000094410 0.999985278 0.005429466 -0.576676786 -0.002444162 -0.005429681 0.999982238 16.400463104
0.999996841 -0.000646792 0.002400311 0.384048760 0.000634378 0.999986410 0.005168762 -0.575935125 -0.002403622 -0.005167223 0.999983728 16.863901138
0.999995887 -0.000215487 0.002875527 0.391841948 0.000200338 0.999986112 0.005267474 -0.600627363 -0.002876622 -0.005266876 0.999981940 17.280818939
0.999995887 0.000394082 0.002861171 0.416311443 -0.000409748 0.999984860 0.005477032 -0.607298195 -0.002858969 -0.005478181 0.999980927 17.788944244
0.999993086 -0.000051471 0.003720983 0.414450884 0.000028224 0.999980509 0.006247472 -0.662748754 -0.003721232 -0.006247323 0.999973536 18.177104950
0.999993563 -0.000953963 0.003469810 0.435621858 0.000932266 0.999980092 0.006249418 -0.669684112 -0.003475702 -0.006246143 0.999974370 18.649511337
0.999994159 -0.000703587 0.003319769 0.448416531 0.000682750 0.999980092 0.006273620 -0.682795525 -0.003324117 -0.006271319 0.999974787 19.110567093
0.999992549 -0.000450773 0.003831732 0.463228226 0.000426332 0.999979556 0.006377087 -0.695814848 -0.003834528 -0.006375405 0.999972343 19.588449478
0.999990821 0.000489678 0.004247878 0.466739476 -0.000518229 0.999977291 0.006722696 -0.710909724 -0.004244490 -0.006724837 0.999968350 20.085832596
0.999989748 0.001202579 0.004351398 0.474007070 -0.001231922 0.999976516 0.006747126 -0.727446437 -0.004343182 -0.006752418 0.999967754 20.560676575
0.999991715 0.000336234 0.004037191 0.502102375 -0.000364698 0.999975085 0.007051764 -0.751237631 -0.004034719 -0.007053179 0.999966919 21.040311813
0.999993026 0.000821625 0.003624724 0.508762121 -0.000846567 0.999975979 0.006884954 -0.755159974 -0.003618979 -0.006887976 0.999969721 21.548969269
0.999992609 0.000838697 0.003746751 0.513007462 -0.000866500 0.999972105 0.007425161 -0.773112416 -0.003740418 -0.007428353 0.999965429 22.072700500
0.999993086 0.001026269 0.003561730 0.515362203 -0.001051717 0.999973893 0.007150478 -0.777305245 -0.003554299 -0.007154175 0.999968112 22.579004288
0.999997616 -0.001270647 0.001779006 0.544649661 0.001256735 0.999968767 0.007799627 -0.806590855 -0.001788861 -0.007797373 0.999967992 23.060678482
0.999999106 -0.000634176 0.001193987 0.549403131 0.000625322 0.999972343 0.007401352 -0.817536533 -0.001198648 -0.007400599 0.999971926 23.592655182
0.999998450 -0.001187588 0.001324839 0.548016489 0.001177316 0.999969363 0.007727309 -0.833916247 -0.001333975 -0.007725737 0.999969244 24.152196884
0.999998868 0.000521553 0.001400413 0.532205403 -0.000532259 0.999970555 0.007655495 -0.856108487 -0.001396379 -0.007656231 0.999969721 24.667232513
0.999999881 -0.000382122 -0.000333734 0.564506054 0.000384743 0.999968827 0.007888732 -0.855475962 0.000330709 -0.007888860 0.999968767 25.109716415
0.999999046 -0.000632860 -0.001258765 0.569533706 0.000642389 0.999971032 0.007584919 -0.857925057 0.001253928 -0.007585721 0.999970376 25.657506943
0.999998152 -0.000899177 -0.001724825 0.579158962 0.000912114 0.999971330 0.007514399 -0.867231011 0.001718018 -0.007515958 0.999970317 26.191877365
0.999996364 -0.001505641 -0.002250123 0.614872575 0.001524240 0.999964535 0.008286843 -0.870636225 0.002237567 -0.008290242 0.999963164 26.757064819
0.999997079 -0.001209894 -0.002100209 0.592155993 0.001229675 0.999954641 0.009442864 -0.920513809 0.002088690 -0.009445419 0.999953151 27.256530762
0.999995768 -0.000857132 -0.002772845 0.609382391 0.000884187 0.999951780 0.009770771 -0.940686226 0.002764336 -0.009773182 0.999948382 27.802078247
0.999996483 -0.000914690 -0.002494401 0.613981426 0.000940074 0.999947667 0.010194616 -0.945489764 0.002484945 -0.010196926 0.999944925 28.355821609
0.999993026 -0.001044821 -0.003588007 0.640923798 0.001078765 0.999954522 0.009471505 -0.951067448 0.003577947 -0.009475309 0.999948740 28.885345459
0.999995053 -0.000435566 -0.003121609 0.627413332 0.000465413 0.999954104 0.009567150 -0.963894606 0.003117299 -0.009568557 0.999949336 29.468826294
0.999992013 -0.000732395 -0.003913049 0.635410368 0.000768554 0.999956906 0.009247116 -0.972602367 0.003906109 -0.009250049 0.999949574 29.889886856
0.999991953 -0.000921461 -0.003894687 0.649781704 0.000957020 0.999957800 0.009138125 -0.988178253 0.003886102 -0.009141780 0.999950647 30.424243927
0.999986351 -0.001042998 -0.005114823 0.664139509 0.001087472 0.999961555 0.008700070 -0.997427940 0.005105552 -0.008705514 0.999949098 30.994943619
0.999988079 -0.000581190 -0.004853584 0.674113691 0.000628267 0.999952734 0.009703576 -1.018948793 0.004847715 -0.009706508 0.999941111 31.488813400
0.999985397 -0.000872851 -0.005331079 0.687915325 0.000923928 0.999953628 0.009585948 -1.032688737 0.005322465 -0.009590732 0.999939859 32.010238647
0.999984086 -0.001712426 -0.005375151 0.694538772 0.001761971 0.999955893 0.009226330 -1.028454185 0.005359115 -0.009235652 0.999942958 32.543754578
0.999987960 0.000089527 -0.004928280 0.666419327 -0.000044054 0.999957442 0.009226360 -1.057087898 0.004928896 -0.009226031 0.999945283 33.017662048
0.999981940 -0.000819320 -0.005956524 0.696435928 0.000875441 0.999955177 0.009425193 -1.058725476 0.005948535 -0.009430239 0.999937773 33.576908112
0.999982357 -0.000188091 -0.005948969 0.704639554 0.000244453 0.999955058 0.009474942 -1.074734092 0.005946920 -0.009476228 0.999937415 34.117622375
0.999979794 -0.000948555 -0.006289409 0.698237181 0.001005573 0.999958277 0.009068653 -1.069698095 0.006280547 -0.009074795 0.999939084 34.629524231
0.999979138 -0.001551020 -0.006268213 0.706439197 0.001614523 0.999947309 0.010138534 -1.107112885 0.006252159 -0.010148443 0.999928892 35.141792297
0.999977350 -0.001531245 -0.006555906 0.703805685 0.001593144 0.999954164 0.009447053 -1.116652489 0.006541138 -0.009457286 0.999933898 35.704990387
0.999976277 -0.000516056 -0.006865086 0.711024344 0.000578681 0.999958277 0.009123333 -1.109200835 0.006860090 -0.009127089 0.999934793 36.247146606
0.999979377 -0.001072229 -0.006333178 0.698302269 0.001132786 0.999953568 0.009565978 -1.131295800 0.006322627 -0.009572957 0.999934196 36.726303101
0.999979138 -0.001577544 -0.006268159 0.689694762 0.001633661 0.999958515 0.008957648 -1.126066923 0.006253768 -0.008967699 0.999940217 37.283832550
0.999978065 -0.000050065 -0.006620451 0.747173905 0.000113975 0.999953389 0.009653361 -1.156353474 0.006619659 -0.009653904 0.999931514 37.778221130
0.999976754 0.000061220 -0.006809509 0.747507811 0.000001386 0.999957681 0.009193461 -1.166738749 0.006809784 -0.009193256 0.999934554 38.326797485
0.999974251 -0.000106391 -0.007166485 0.758516550 0.000172540 0.999957442 0.009230308 -1.168285847 0.007165196 -0.009231307 0.999931753 38.834392548
0.999973178 0.000327779 -0.007310690 0.774012685 -0.000266658 0.999965012 0.008359954 -1.138100505 0.007313174 -0.008357779 0.999938369 39.390609741
0.999971867 0.000019714 -0.007497620 0.802256584 0.000047116 0.999960244 0.008913197 -1.176110983 0.007497497 -0.008913297 0.999932170 39.939586639
0.999972820 -0.000717009 -0.007340558 0.811816573 0.000792417 0.999946892 0.010275018 -1.231387734 0.007332801 -0.010280555 0.999920189 40.440967560
0.999972403 0.000649058 -0.007402955 0.826367617 -0.000576614 0.999951959 0.009783721 -1.223420501 0.007408949 -0.009779180 0.999924719 40.985050201
0.999963880 -0.000878629 -0.008456431 0.841029644 0.000964278 0.999948204 0.010129475 -1.247481585 0.008447094 -0.010137262 0.999912977 41.531440735
0.999964595 -0.000684643 -0.008377712 0.854051352 0.000766041 0.999952495 0.009716603 -1.243889213 0.008370661 -0.009722679 0.999917746 42.078437805
0.999961793 -0.000922190 -0.008697443 0.867235303 0.001006012 0.999953032 0.009638045 -1.257475615 0.008688145 -0.009646427 0.999915779 42.627105713
0.999968231 -0.000100595 -0.007964753 0.838615775 0.000179967 0.999950290 0.009965341 -1.283406496 0.007963356 -0.009966461 0.999918640 43.128093719
0.999961793 0.000257257 -0.008738318 0.895078301 -0.000178466 0.999959290 0.009016276 -1.247397065 0.008740282 -0.009014372 0.999921203 43.691524506
0.999967217 -0.000418276 -0.008085462 0.873566628 0.000503681 0.999944031 0.010563663 -1.288668752 0.008080591 -0.010567388 0.999911487 44.129970551
0.999968708 -0.000682007 -0.007882792 0.870554328 0.000767181 0.999941349 0.010807080 -1.305019259 0.007874959 -0.010812792 0.999910474 44.673675537
0.999960363 -0.001625669 -0.008748082 0.893681288 0.001723265 0.999936283 0.011160336 -1.309844255 0.008729379 -0.011174968 0.999899387 45.207649231
0.999967158 -0.000663516 -0.008076182 0.892276824 0.000753417 0.999937713 0.011133589 -1.323707581 0.008068292 -0.011139306 0.999905348 45.716247559
0.999963284 -0.000320637 -0.008561066 0.922659039 0.000410659 0.999944627 0.010515580 -1.333155036 0.008557219 -0.010518710 0.999908090 46.260063171
0.999960303 -0.000314783 -0.008898892 0.940639794 0.000403540 0.999950230 0.009973845 -1.336946249 0.008895310 -0.009977041 0.999910712 46.801567078
0.999959230 -0.000148267 -0.009028372 0.928999662 0.000238620 0.999949872 0.010007447 -1.347241879 0.009026437 -0.010009194 0.999909222 47.361267090
0.999966800 -0.000029773 -0.008143195 0.903584957 0.000114746 0.999945521 0.010434574 -1.361990690 0.008142441 -0.010435161 0.999912441 47.894737244
0.999966502 0.000171243 -0.008178155 0.925768852 -0.000082940 0.999941647 0.010796563 -1.378465414 0.008179527 -0.010795523 0.999908268 48.438026428
0.999966443 0.001202191 -0.008101347 0.954457283 -0.001116052 0.999942899 0.010628818 -1.382278204 0.008113662 -0.010619423 0.999910712 48.889202118
0.999961019 0.000667812 -0.008806109 0.964721799 -0.000582496 0.999952853 0.009687364 -1.385001421 0.008812163 -0.009681856 0.999914289 49.436870575
0.999967813 0.001436696 -0.007885162 0.954448640 -0.001352326 0.999941945 0.010694761 -1.402700424 0.007900068 -0.010683754 0.999911785 49.983448029
0.999963462 0.001310144 -0.008450155 0.968755245 -0.001228620 0.999952734 0.009645648 -1.404355168 0.008462394 -0.009634913 0.999917805 50.528564453
0.999961257 0.000941211 -0.008752897 0.982257068 -0.000847621 0.999942422 0.010690026 -1.411130667 0.008762456 -0.010682193 0.999904513 50.985557556
0.999966562 0.001763416 -0.007986770 0.984027624 -0.001683019 0.999947906 0.010061829 -1.418219090 0.008004097 -0.010048051 0.999917507 51.535354614
0.999963939 0.000792336 -0.008456446 1.011594534 -0.000703010 0.999943972 0.010560806 -1.422192335 0.008464340 -0.010554480 0.999908507 52.063884735
0.999965847 0.001167675 -0.008182983 0.979388475 -0.001082497 0.999945283 0.010405904 -1.452233791 0.008194687 -0.010396691 0.999912381 52.590972900
0.999964774 0.000877517 -0.008347927 0.990328789 -0.000785584 0.999939084 0.011009668 -1.466431737 0.008357079 -0.011002722 0.999904573 53.031013489
0.999963343 0.000707651 -0.008529382 0.996357620 -0.000617072 0.999943435 0.010617664 -1.467256069 0.008536412 -0.010612014 0.999907255 53.578948975
0.999963403 0.001152770 -0.008474786 1.001876473 -0.001068628 0.999950111 0.009926365 -1.475945354 0.008485805 -0.009916944 0.999914825 54.137138367
0.999959350 0.000793197 -0.008981732 1.035416365 -0.000709449 0.999956310 0.009323673 -1.458555460 0.008988734 -0.009316920 0.999916255 54.671249390
0.999959528 0.000728652 -0.008967064 1.039422154 -0.000638474 0.999949217 0.010055414 -1.480261803 0.008973936 -0.010049281 0.999909282 55.212249756
0.999963343 0.000974173 -0.008501845 1.049706697 -0.000877681 0.999935269 0.011345878 -1.524926186 0.008512348 -0.011338002 0.999899447 55.589694977
0.999963105 0.001158469 -0.008507639 1.058327675 -0.001067067 0.999941707 0.010740170 -1.523018599 0.008519584 -0.010730696 0.999906063 56.116367340
0.999963701 0.000635109 -0.008493318 1.069835901 -0.000549445 0.999949038 0.010084604 -1.534137607 0.008499290 -0.010079572 0.999913037 56.693355560
0.999964416 0.000707240 -0.008407052 1.074031234 -0.000619359 0.999945164 0.010451232 -1.544738293 0.008413982 -0.010445653 0.999910057 57.264373779
0.999956667 0.000043916 -0.009310216 1.118088961 0.000050484 0.999948680 0.010138952 -1.535035133 0.009310182 -0.010138982 0.999905288 57.725811005
0.999957025 0.000034095 -0.009267849 1.101113081 0.000067616 0.999939799 0.010974106 -1.570672870 0.009267666 -0.010974262 0.999896765 58.187183380
0.999963045 0.000651720 -0.008570952 1.112084866 -0.000559283 0.999941826 0.010782887 -1.585160017 0.008577481 -0.010777695 0.999905109 58.734001160
0.999960601 0.000101721 -0.008873593 1.107172728 -0.000005503 0.999941170 0.010842495 -1.587919474 0.008874175 -0.010842020 0.999901891 59.248851776
0.999957621 -0.000058041 -0.009202599 1.128699780 0.000154345 0.999945223 0.010464442 -1.583693266 0.009201488 -0.010465417 0.999902904 59.827072144
0.999949694 -0.000195052 -0.010025603 1.190384865 0.000305299 0.999939501 0.010996183 -1.608859062 0.010022851 -0.010998690 0.999889255 60.279850006
0.999952018 0.000119637 -0.009794808 1.196397066 -0.000017376 0.999945462 0.010439736 -1.612932444 0.009795523 -0.010439065 0.999897480 60.814559937
0.999954700 0.000129719 -0.009520000 1.170157671 -0.000028919 0.999943972 0.010587631 -1.629482031 0.009520839 -0.010586874 0.999898612 61.295814514
0.999953985 -0.000262133 -0.009597438 1.177098513 0.000363789 0.999943793 0.010591865 -1.638437033 0.009594121 -0.010594867 0.999897838 61.817764282
0.999956667 0.000159844 -0.009314776 1.172654271 -0.000059086 0.999941468 0.010816325 -1.654162526 0.009315958 -0.010815305 0.999898076 62.367485046
0.999958575 0.000753103 -0.009074623 1.176756978 -0.000659274 0.999946356 0.010338228 -1.653401375 0.009081921 -0.010331818 0.999905288 62.942691803
0.999940217 -0.000398364 -0.010928379 1.248569727 0.000504555 0.999952674 0.009715991 -1.627017260 0.010923990 -0.009720926 0.999893069 63.460178375
0.999946475 0.000294441 -0.010342065 1.213937879 -0.000178197 0.999936819 0.011239053 -1.683249950 0.010344724 -0.011236610 0.999883294 63.875102997
0.999946713 -0.000088339 -0.010322542 1.224906683 0.000202191 0.999939144 0.011028914 -1.691402912 0.010320942 -0.011030414 0.999885917 64.413887024
0.999959767 0.000573434 -0.008954556 1.213949919 -0.000478448 0.999943614 0.010606142 -1.695753574 0.008960134 -0.010601432 0.999903619 64.966857910
0.999957860 -0.000092797 -0.009181889 1.214780211 0.000194923 0.999938130 0.011122263 -1.715871930 0.009180290 -0.011123586 0.999895990 65.456115723
0.999954402 0.000793015 -0.009508343 1.230624199 -0.000683336 0.999933243 0.011532741 -1.719289303 0.009516855 -0.011525719 0.999888241 65.899139404
0.999952316 0.000583374 -0.009744247 1.242845774 -0.000467923 0.999929667 0.011846181 -1.733262777 0.009750472 -0.011841058 0.999882340 66.447113037
0.999956429 -0.000163877 -0.009336800 1.256640196 0.000260664 0.999946237 0.010365932 -1.715738773 0.009334601 -0.010367913 0.999902666 66.966842651
0.999957323 0.001132855 -0.009167644 1.265161991 -0.001038899 0.999946952 0.010246895 -1.730877638 0.009178767 -0.010236935 0.999905467 67.510719299
0.999956787 0.001979029 -0.009086004 1.245680332 -0.001879639 0.999938369 0.010934302 -1.740958691 0.009107084 -0.010916751 0.999898911 67.932899475
0.999950051 0.001514826 -0.009874838 1.264344931 -0.001405425 0.999937654 0.011076279 -1.755201101 0.009891000 -0.011061846 0.999889910 68.489669800
0.999952912 0.002033273 -0.009484031 1.279569149 -0.001929066 0.999937773 0.010983863 -1.763924599 0.009505773 -0.010965051 0.999894679 69.025566101
0.999956548 0.001614902 -0.009177398 1.311649084 -0.001514461 0.999938965 0.010940854 -1.774630070 0.009194506 -0.010926479 0.999898016 69.518440247
0.999961495 0.003949221 -0.007829787 1.278259516 -0.003862629 0.999931514 0.011043677 -1.817250729 0.007872865 -0.011013010 0.999908268 70.095306396
0.999948323 0.000416436 -0.010149171 1.334934711 -0.000302803 0.999937296 0.011195277 -1.803284645 0.010153197 -0.011191624 0.999885798 70.493453979
0.999951839 0.001644488 -0.009667820 1.339274645 -0.001542453 0.999943197 0.010552007 -1.810587287 0.009684623 -0.010536588 0.999897540 71.030960083
0.999950230 0.001217099 -0.009894460 1.335278273 -0.001113712 0.999944806 0.010447866 -1.810232282 0.009906629 -0.010436331 0.999896467 71.629257202
0.999951482 0.001062236 -0.009786442 1.356189489 -0.000957993 0.999942839 0.010650249 -1.815858126 0.009797196 -0.010640358 0.999895334 72.146804810
0.999950469 -0.000071034 -0.009946261 1.341542125 0.000175612 0.999944627 0.010513826 -1.822506905 0.009944963 -0.010515054 0.999895275 72.732498169
0.999952018 0.000635179 -0.009771271 1.383497477 -0.000539396 0.999951899 0.009802010 -1.824573755 0.009777025 -0.009796270 0.999904215 73.192459106
0.999946177 -0.000001592 -0.010376794 1.386107445 0.000119010 0.999935925 0.011314840 -1.850067258 0.010376113 -0.011315468 0.999882102 73.531867981
0.999941051 0.000067643 -0.010857099 1.400706768 0.000052334 0.999938905 0.011049940 -1.860375404 0.010857184 -0.011049857 0.999880016 74.071418762
0.999946117 -0.000280894 -0.010377232 1.410055637 0.000389853 0.999944806 0.010499248 -1.873040915 0.010373711 -0.010502729 0.999891102 74.651947021
0.999946773 -0.000571986 -0.010305738 1.400328159 0.000678775 0.999946058 0.010361508 -1.870020866 0.010299259 -0.010367951 0.999893248 75.205429077
0.999952018 -0.000100889 -0.009788153 1.350100160 0.000200445 0.999948263 0.010170575 -1.857560396 0.009786621 -0.010172050 0.999900401 75.769416809
0.999945819 0.000002310 -0.010409707 1.397265434 0.000108719 0.999943137 0.010665395 -1.886533499 0.010409140 -0.010665949 0.999888957 76.166946411
0.999950767 -0.000081504 -0.009924012 1.399757862 0.000193822 0.999935985 0.011317331 -1.895813107 0.009922452 -0.011318696 0.999886751 76.712356567
0.999942660 -0.001064844 -0.010664273 1.406978369 0.001177254 0.999943733 0.010540059 -1.901926517 0.010652452 -0.010552007 0.999887586 77.236526489
0.999944985 0.000539007 -0.010479911 1.410540581 -0.000433898 0.999949634 0.010029286 -1.901552677 0.010484790 -0.010024185 0.999894857 77.762084961
0.999963939 0.000189214 -0.008480604 1.396223307 -0.000102093 0.999947250 0.010272200 -1.905351877 0.008482100 -0.010270967 0.999911249 78.267730713
0.999978185 0.000240160 -0.006600238 1.397986889 -0.000175264 0.999951661 0.009831250 -1.919612050 0.006602281 -0.009829879 0.999929905 78.825325012
0.999982953 0.000058701 -0.005831348 1.407648921 0.000000208 0.999948859 0.010101600 -1.933951855 0.005831643 -0.010101429 0.999931991 79.408485413
0.999989450 0.000866514 -0.004512301 1.402172804 -0.000823440 0.999954164 0.009539100 -1.920038462 0.004520360 -0.009535284 0.999944329 79.926651001
0.999997377 0.000807251 -0.002128668 1.444374084 -0.000784447 0.999942482 0.010691568 -1.974846363 0.002137176 -0.010689870 0.999940574 80.379287720
0.999998987 0.000640846 0.001263471 1.465672970 -0.000654387 0.999942064 0.010745729 -1.974958658 -0.001256512 -0.010746546 0.999941409 80.924163818
0.999991000 0.000381710 0.004221337 1.494313121 -0.000426227 0.999944329 0.010549936 -1.983532190 -0.004217075 -0.010551640 0.999935448 81.444679260
0.999963164 0.000498393 0.008572684 1.511433363 -0.000587738 0.999945462 0.010422660 -1.991734028 -0.008567022 -0.010427315 0.999908924 81.992774963
0.999901175 0.000032861 0.014054451 1.535699368 -0.000184472 0.999941885 0.010786262 -2.008195877 -0.014053280 -0.010787790 0.999843061 82.533462524
0.999788702 0.001249728 0.020517556 1.557105422 -0.001464594 0.999944210 0.010460652 -2.041753769 -0.020503338 -0.010488492 0.999734759 82.991455078
0.999651253 0.001066232 0.026383266 1.566792727 -0.001346675 0.999942720 0.010614085 -2.030120850 -0.026370440 -0.010645915 0.999595523 83.506675720
0.999400973 0.001232756 0.034584474 1.612433076 -0.001593478 0.999944568 0.010404540 -2.030526161 -0.034569733 -0.010453418 0.999347568 84.070037842
0.999080956 0.000693915 0.042856716 1.660208344 -0.001163645 0.999939501 0.010936508 -2.053122759 -0.042846534 -0.010976326 0.999021351 84.588020325
0.998748243 0.000366669 0.050019376 1.694630623 -0.000881323 0.999946952 0.010267425 -2.049945354 -0.050012961 -0.010298655 0.998695433 85.162620544
0.998289585 -0.000083472 0.058462724 1.754448652 -0.000518017 0.999947131 0.010273195 -2.071199179 -0.058460489 -0.010285907 0.998236656 85.761772156
0.997624040 -0.000726699 0.068889983 1.816979885 0.000024977 0.999948204 0.010186453 -2.076108456 -0.068893820 -0.010160529 0.997572243 86.332916260
0.996910810 0.001318398 0.078532405 1.839155197 -0.002201703 0.999935269 0.011162128 -2.109838486 -0.078512602 -0.011300550 0.996849060 86.810516357
0.996250212 0.000620088 0.086517766 1.906168938 -0.001552329 0.999941409 0.010708277 -2.119233847 -0.086506076 -0.010802425 0.996192753 87.348609924
0.995263696 0.001275803 0.097203694 1.981911659 -0.002322389 0.999940515 0.010654552 -2.126242161 -0.097184338 -0.010829835 0.995207489 87.914939880
0.994112015 0.001796362 0.108342066 2.077464104 -0.003060890 0.999929070 0.011506460 -2.157600403 -0.108313724 -0.011770331 0.994047046 88.421379089
0.993238211 -0.000417195 0.116093516 2.167912483 -0.000876069 0.999938130 0.011088596 -2.165645838 -0.116090961 -0.011115323 0.993176401 88.913330078
0.991875648 -0.000248333 0.127210647 2.259328842 -0.001142181 0.999940455 0.010857743 -2.169027805 -0.127205774 -0.010914831 0.991816282 89.460350037
0.990173995 0.000731741 0.139839187 2.344528198 -0.002312658 0.999935210 0.011143086 -2.182379007 -0.139821976 -0.011356995 0.990111530 90.007820129
0.988621712 -0.000071161 0.150422782 2.454989433 -0.001589603 0.999939084 0.010920374 -2.193976402 -0.150414377 -0.011035233 0.988561451 90.531616211
0.987168908 -0.000102274 0.159679741 2.562987328 -0.001710337 0.999935687 0.011214065 -2.210390091 -0.159670621 -0.011343284 0.987105131 91.063217163
0.985001743 -0.000761124 0.172542959 2.651851654 -0.001141151 0.999939620 0.010925477 -2.203358650 -0.172540843 -0.010958511 0.984941423 91.603408813
0.982775927 -0.000122988 0.184801102 2.788191795 -0.002014307 0.999933183 0.011377596 -2.210229635 -0.184790134 -0.011553874 0.982710063 92.139091492
0.980766594 -0.000884429 0.195182145 2.920671463 -0.001337739 0.999935746 0.011252987 -2.220943928 -0.195179582 -0.011297658 0.980702400 92.667457581
0.978040695 -0.000529300 0.208413526 3.057188034 -0.001833992 0.999936163 0.011146042 -2.223770142 -0.208406165 -0.011283511 0.977977216 93.211471558
0.974998713 -0.000714276 0.222209245 3.191028595 -0.001803413 0.999936521 0.011127154 -2.230676651 -0.222203076 -0.011249697 0.974935532 93.714218140
0.972205698 -0.001257014 0.234125003 3.341495514 -0.001492749 0.999931931 0.011567270 -2.257216454 -0.234123573 -0.011595255 0.972137749 94.259330750
0.969156265 0.000039027 0.246447116 3.483060837 -0.003054893 0.999925017 0.011855059 -2.275029659 -0.246428177 -0.012242273 0.969083726 94.802963257
0.965526044 -0.000500925 0.260305971 3.652555466 -0.002701750 0.999925017 0.011945545 -2.284771919 -0.260292411 -0.012237018 0.965452254 95.327064514
0.961851239 -0.000107647 0.273573071 3.814128876 -0.003118461 0.999930561 0.011357607 -2.284804106 -0.273555338 -0.011777456 0.961784124 95.857093811
0.958713531 -0.001327554 0.284370571 4.000110626 -0.002136036 0.999927282 0.011869390 -2.307355165 -0.284365624 -0.011986771 0.958640993 96.366790771
0.954255819 -0.000572776 0.298990786 4.197666168 -0.003185863 0.999921858 0.012083516 -2.322431803 -0.298974365 -0.012483308 0.954179466 96.905609131
0.949773848 -0.001855003 0.312931687 4.357179642 -0.001869299 0.999930978 0.011600890 -2.305767536 -0.312931597 -0.011603187 0.949704766 97.412208557
0.946068287 -0.002102378 0.323960215 4.572275162 -0.001783355 0.999929965 0.011697136 -2.313732147 -0.323962122 -0.011644025 0.945998311 97.935974121
0.941497564 -0.001635132 0.337015688 4.768697739 -0.002382940 0.999930918 0.011508517 -2.324810505 -0.337011248 -0.011638329 0.941428721 98.446014404
0.936619103 -0.002005795 0.350343883 4.995929718 -0.002097561 0.999933600 0.011332519 -2.327161789 -0.350343287 -0.011349121 0.936552584 98.992263794
0.931683660 -0.002776291 0.363259941 5.203090668 -0.001920721 0.999919176 0.012568329 -2.368872166 -0.363265425 -0.012407428 0.931603014 99.525772095
0.927602351 -0.003469213 0.373553127 5.454080582 -0.000660965 0.999940097 0.010927808 -2.353207111 -0.373568654 -0.010383566 0.927544415 100.002021790
0.921480954 -0.003067821 0.388411343 5.663928986 -0.001455971 0.999934494 0.011352062 -2.354096889 -0.388420790 -0.011026225 0.921416163 100.445571899
0.915786505 -0.002962782 0.401654452 5.906051636 -0.001654538 0.999936461 0.011148386 -2.365948200 -0.401661962 -0.010874094 0.915723443 100.941688538
0.910930514 -0.003437920 0.412545443 6.147384644 -0.001476485 0.999931633 0.011593053 -2.375825405 -0.412557065 -0.011169584 0.910863280 101.438835144
0.905618668 -0.003962492 0.424074262 6.408348083 -0.000874123 0.999936819 0.011209980 -2.382624626 -0.424091905 -0.010522662 0.905558109 101.932098389
0.898813486 -0.004129940 0.438311756 6.663497925 -0.000943688 0.999935031 0.011356921 -2.396341801 -0.438330233 -0.010621383 0.898751318 102.419883728
0.893337429 -0.005740845 0.449349880 6.940795898 0.000483620 0.999930024 0.011813529 -2.420732975 -0.449386299 -0.010336153 0.893277764 102.939071655
0.887795210 -0.006199777 0.460196823 7.214256287 0.000903649 0.999930680 0.011727791 -2.428604603 -0.460237712 -0.009996020 0.887739539 103.412399292
0.880531609 -0.005945576 0.473950237 7.494247437 0.000256815 0.999927163 0.012066686 -2.438591480 -0.473987430 -0.010503381 0.880468965 103.906593323
