1.000000000 0.000000000 0.000000000 0.000000000 0.000000000 1.000000000 0.000000000 0.000000000 0.000000000 0.000000000 1.000000000 0.000000000
1.000000000 -0.000087496 0.000065081 -0.000225465 0.000087496 1.000000000 -0.000000217 0.000362120 -0.000065081 0.000000223 1.000000000 0.000877926
0.999999940 0.000235486 0.000247858 -0.001894058 -0.000235517 0.999999940 0.000124830 -0.000224108 -0.000247829 -0.000124888 0.999999940 0.000449616
1.000000000 -0.000016002 -0.000051552 0.000640593 0.000016007 1.000000000 0.000104617 -0.000473453 0.000051551 -0.000104618 1.000000000 -0.000367930
1.000000000 0.000042513 0.000078123 -0.000027211 -0.000042522 1.000000000 0.000117904 -0.001134897 -0.000078118 -0.000117907 1.000000000 -0.000532384
1.000000000 -0.000045221 0.000023359 -0.000315613 0.000045219 1.000000000 0.000087954 -0.000574323 -0.000023363 -0.000087952 1.000000000 -0.000482003
1.000000000 -0.000101975 0.000164228 -0.001183008 0.000101991 1.000000000 -0.000095360 0.000524950 -0.000164219 0.000095377 1.000000000 0.000923028
1.000000000 -0.000145602 0.000162765 -0.000155449 0.000145594 1.000000000 0.000047295 0.000180129 -0.000162772 -0.000047271 1.000000000 0.001310725
0.999999940 -0.000128371 0.000225461 -0.000952829 0.000128369 1.000000000 0.000012371 0.001015802 -0.000225463 -0.000012342 1.000000000 0.001872023
1.000000000 0.000057688 0.000171203 -0.000538560 -0.000057697 1.000000000 0.000049252 -0.000667377 -0.000171200 -0.000049262 1.000000000 -0.000694811
1.000000000 -0.000020436 0.000133040 -0.000083617 0.000020423 1.000000000 0.000097469 -0.000108646 -0.000133042 -0.000097466 1.000000000 0.000933439
1.000000000 0.000045768 0.000056950 0.000278660 -0.000045773 1.000000000 0.000087930 -0.000475451 -0.000056946 -0.000087932 1.000000000 0.000264661
1.000000000 -0.000050136 0.000132033 0.000003068 0.000050146 1.000000000 -0.000071847 0.001113491 -0.000132029 0.000071854 1.000000000 0.001477188
1.000000000 -0.000114006 0.000100440 -0.000650676 0.000114006 1.000000000 0.000000771 0.001106292 -0.000100440 -0.000000760 1.000000000 0.000587081
1.000000000 0.000068205 0.000198079 -0.000977027 -0.000068225 1.000000000 0.000101482 0.000246884 -0.000198072 -0.000101495 1.000000000 0.001077243
1.000000000 -0.000173685 -0.000004307 0.000738916 0.000173686 1.000000000 0.000167880 0.000348529 0.000004278 -0.000167880 1.000000000 0.001084453
0.999999940 -0.000282124 0.000030216 -0.000272793 0.000282122 0.999999940 0.000077679 0.000313106 -0.000030238 -0.000077671 1.000000000 -0.000554652
1.000000000 -0.000090684 0.000156424 -0.000461578 0.000090661 1.000000000 0.000147485 -0.000164726 -0.000156438 -0.000147471 1.000000000 0.001266939
0.999999940 0.000143438 0.000213730 -0.001057147 -0.000143449 1.000000000 0.000051584 0.000296177 -0.000213723 -0.000051615 1.000000000 0.000797063
0.999999940 0.000340573 0.000061359 -0.000812253 -0.000340588 0.999999940 0.000244676 -0.000181271 -0.000061276 -0.000244697 0.999999940 0.000553135
1.000000000 0.000125415 0.000153703 -0.000606697 -0.000125448 0.999999940 0.000215153 -0.000297130 -0.000153676 -0.000215172 0.999999940 0.000902778
1.000000000 0.000130719 0.000178031 -0.001350462 -0.000130715 1.000000000 -0.000020401 0.001315008 -0.000178034 0.000020378 1.000000000 0.003355123
1.000000000 -0.000070720 0.000156358 -0.000593557 0.000070718 1.000000000 0.000012359 0.001087983 -0.000156358 -0.000012348 1.000000000 0.001743451
1.000000000 -0.000067644 0.000135056 0.000075695 0.000067656 1.000000000 -0.000084528 0.001671556 -0.000135051 0.000084537 1.000000000 0.001619045
0.999999940 0.000164300 0.000197080 -0.001081089 -0.000164273 1.000000000 -0.000139399 0.001604093 -0.000197103 0.000139367 1.000000000 0.001055214
1.000000000 -0.000119299 0.000087862 0.000750376 0.000119293 1.000000000 0.000075528 0.000679542 -0.000087871 -0.000075517 1.000000000 0.001764877
1.000000000 -0.000099509 0.000003727 -0.000000172 0.000099510 1.000000000 -0.000055454 -0.000173623 -0.000003722 0.000055455 1.000000000 -0.001818355
0.999999940 -0.000271784 0.000062717 0.000571742 0.000271788 0.999999940 -0.000051468 0.001057586 -0.000062703 0.000051485 1.000000000 0.000925092
0.999999881 0.000395925 0.000231342 -0.002277468 -0.000395951 0.999999940 0.000112587 0.000036755 -0.000231297 -0.000112679 0.999999940 0.001048847
1.000000000 -0.000090902 0.000087864 -0.000528531 0.000090890 1.000000000 0.000138077 -0.000257039 -0.000087877 -0.000138069 1.000000000 0.000076265
1.000000000 -0.000085526 0.000121398 -0.000561038 0.000085521 1.000000000 0.000041019 -0.000150179 -0.000121401 -0.000041009 1.000000000 0.000275273
1.000000000 0.000025624 -0.000008049 0.000750308 -0.000025623 1.000000000 0.000153168 -0.000234180 0.000008053 -0.000153168 1.000000000 0.001427853
1.000000000 0.000092912 0.000145105 -0.000812032 -0.000092911 1.000000000 -0.000004783 0.000712845 -0.000145106 0.000004769 1.000000000 -0.000343800
1.000000000 0.000055521 0.000182958 -0.001179638 -0.000055532 1.000000000 0.000062016 0.000119387 -0.000182955 -0.000062026 1.000000000 0.000417553
1.000000000 0.000075929 0.000118641 -0.000443068 -0.000075938 1.000000000 0.000071786 -0.000378290 -0.000118635 -0.000071795 1.000000000 -0.000280302
0.999999940 0.000246684 0.000068675 -0.000432939 -0.000246677 0.999999940 -0.000106033 0.002635584 -0.000068701 0.000106016 1.000000000 0.002852376
1.000000000 -0.000136058 0.000100208 -0.000173789 0.000136059 1.000000000 -0.000008617 0.001817349 -0.000100207 0.000008630 1.000000000 0.001043568
1.000000000 0.000079375 0.000180461 -0.001632584 -0.000079400 1.000000000 0.000140094 0.000266390 -0.000180449 -0.000140109 1.000000000 0.002137223
1.000000000 -0.000039304 0.000116299 -0.000150287 0.000039287 1.000000000 0.000146031 -0.000034693 -0.000116305 -0.000146027 1.000000000 0.000370403
0.999999940 -0.000256183 0.000031988 0.000677298 0.000256183 0.999999940 -0.000004671 0.000844822 -0.000031986 0.000004679 1.000000000 0.001475991
0.999999940 -0.000076346 0.000259498 -0.000961241 0.000076402 1.000000000 -0.000218364 0.002690052 -0.000259481 0.000218384 0.999999940 0.003233166
1.000000000 -0.000023057 0.000210879 0.000790764 0.000023201 0.999999762 -0.000685967 -0.000560875 -0.000210864 0.000685971 0.999999762 0.052192766
0.999998689 0.001536994 -0.000525019 0.001349113 -0.001537957 0.999997139 -0.001838034 0.000905900 0.000522193 0.001838839 0.999998152 0.141883582
0.999997914 0.001949946 -0.000595601 0.002609085 -0.001951274 0.999995589 -0.002237745 -0.000686557 0.000591235 0.002238902 0.999997258 0.256572694
0.999999046 0.000910749 -0.000988394 0.009763696 -0.000912368 0.999998212 -0.001639471 -0.009327828 0.000986900 0.001640371 0.999998152 0.385748148
0.999998510 0.001717267 -0.000214466 0.005640821 -0.001717673 0.999996722 -0.001907070 -0.012036711 0.000211190 0.001907436 0.999998152 0.524396956
0.999997973 0.001964382 -0.000378577 0.010941750 -0.001965080 0.999996424 -0.001854536 -0.016670654 0.000374932 0.001855277 0.999998212 0.675298452
0.999997914 0.002038424 -0.000111401 0.014309031 -0.002038626 0.999996245 -0.001838371 -0.017366594 0.000107654 0.001838594 0.999998331 0.842108130
0.999998033 0.001933290 -0.000353957 0.016841304 -0.001933950 0.999996364 -0.001875518 -0.022508224 0.000350330 0.001876199 0.999998152 0.996904433
0.999997437 0.002237196 -0.000129176 0.018056519 -0.002237458 0.999995351 -0.002068086 -0.027249314 0.000124549 0.002068370 0.999997854 1.170014858
0.999998391 0.001774667 -0.000397754 0.024705973 -0.001775294 0.999997139 -0.001582380 -0.033963989 0.000394944 0.001583084 0.999998629 1.351809382
0.999997973 0.001984447 -0.000431469 0.032207869 -0.001985293 0.999996066 -0.001969406 -0.035646107 0.000427559 0.001970259 0.999997973 1.544883728
0.999997556 0.002170419 -0.000590759 0.033755116 -0.002171480 0.999995947 -0.001801442 -0.038087148 0.000586847 0.001802720 0.999998152 1.754844785
0.999997675 0.002009572 -0.000758960 0.041234054 -0.002010681 0.999996901 -0.001464062 -0.050368715 0.000756015 0.001465585 0.999998629 1.941199660
0.999998569 0.001675893 -0.000259849 0.041259758 -0.001676227 0.999997795 -0.001291312 -0.057643797 0.000257684 0.001291745 0.999999166 2.150070667
0.999997675 0.002114205 -0.000038123 0.044540662 -0.002114257 0.999996722 -0.001416733 -0.061701503 0.000035127 0.001416810 0.999998987 2.373522282
0.999998987 0.001394214 0.000318329 0.046186771 -0.001393790 0.999998093 -0.001328036 -0.069805078 -0.000320180 0.001327591 0.999999106 2.597794533
0.999997437 0.002111100 0.000770730 0.044466682 -0.002110203 0.999997079 -0.001163094 -0.077936232 -0.000773184 0.001161464 0.999999046 2.807972431
0.999995589 0.002905767 0.000585876 0.042351834 -0.002905299 0.999995410 -0.000798831 -0.093228340 -0.000588194 0.000797125 0.999999523 3.043454647
0.999996543 0.002579174 0.000370858 0.050800312 -0.002578783 0.999996185 -0.001050498 -0.098399147 -0.000373566 0.001049538 0.999999404 3.287246704
0.999997318 0.002296849 0.000261347 0.057599571 -0.002296585 0.999996841 -0.001005442 -0.103857540 -0.000263655 0.001004840 0.999999404 3.540538788
0.999997854 0.002054087 0.000336390 0.064615935 -0.002053925 0.999997795 -0.000481227 -0.118052825 -0.000337378 0.000480535 0.999999762 3.787496567
0.999998271 0.001810876 0.000587867 0.068266928 -0.001810531 0.999998212 -0.000586357 -0.123362735 -0.000588927 0.000585292 0.999999642 4.051934719
0.999997675 0.002091045 0.000600471 0.072060525 -0.002090940 0.999997795 -0.000174388 -0.130584314 -0.000600834 0.000173132 0.999999821 4.307817936
0.999998689 0.001591353 0.000259159 0.084542647 -0.001591338 0.999998748 -0.000057303 -0.140022010 -0.000259250 0.000056891 0.999999940 4.556411266
0.999997020 0.002438216 0.000141214 0.090234466 -0.002438098 0.999996662 -0.000831324 -0.142132118 -0.000143240 0.000830978 0.999999583 4.820827484
0.999997497 0.002214623 -0.000021006 0.095396549 -0.002214636 0.999997318 -0.000675698 -0.149933115 0.000019509 0.000675743 0.999999762 5.085629940
0.999996006 0.002780009 0.000453707 0.094299346 -0.002779717 0.999995947 -0.000643062 -0.157915637 -0.000455493 0.000641798 0.999999702 5.342641354
0.999995172 0.003049998 0.000514658 0.096985891 -0.003049761 0.999995232 -0.000461124 -0.171278417 -0.000516062 0.000459552 0.999999702 5.613539219
0.999998450 0.001734527 -0.000145321 0.109992251 -0.001734558 0.999998450 -0.000213820 -0.187378764 0.000144950 0.000214072 0.999999940 5.895406723
0.999998987 0.001455534 -0.000039783 0.116247430 -0.001455554 0.999998808 -0.000508122 -0.193877235 0.000039043 0.000508179 0.999999821 6.175851345
0.999998510 0.001686342 0.000297468 0.116104655 -0.001686442 0.999998450 0.000336904 -0.210147008 -0.000296900 -0.000337405 0.999999881 6.454544544
0.999999404 0.001057470 0.000345077 0.121389888 -0.001057437 0.999999404 -0.000094256 -0.213864341 -0.000345176 0.000093891 0.999999881 6.739160538
0.999999166 0.001237398 0.000417884 0.124828786 -0.001237342 0.999999166 -0.000135078 -0.220136017 -0.000418051 0.000134561 0.999999881 7.031663895
0.999998271 0.001797163 0.000320058 0.129819870 -0.001797121 0.999998391 -0.000132575 -0.230320886 -0.000320296 0.000132000 0.999999881 7.338320732
0.999996424 0.002485504 0.000894999 0.132359371 -0.002484977 0.999996781 -0.000588390 -0.236581802 -0.000896458 0.000586163 0.999999404 7.651934624
0.999997735 0.001991396 0.000719970 0.145838276 -0.001991489 0.999998033 0.000128816 -0.251790643 -0.000719712 -0.000130250 0.999999642 7.969634056
0.999995530 0.002770634 0.001084974 0.145154610 -0.002770329 0.999996185 -0.000282468 -0.256578147 -0.001085752 0.000279461 0.999999404 8.286468506
0.999998033 0.001962855 0.000321057 0.157605544 -0.001963007 0.999997914 0.000471464 -0.274705648 -0.000320131 -0.000472094 0.999999821 8.605656624
0.999997497 0.002149829 0.000652411 0.161223218 -0.002150196 0.999997497 0.000561387 -0.282346606 -0.000651203 -0.000562788 0.999999702 8.945778847
0.999998212 0.001806658 0.000482172 0.170949414 -0.001806674 0.999998391 0.000032522 -0.289317310 -0.000482113 -0.000033393 0.999999881 9.285335541
0.999998331 0.001739702 0.000589737 0.177330673 -0.001739645 0.999998510 -0.000095849 -0.298478723 -0.000589903 0.000094823 0.999999821 9.634263039
0.999997735 0.001868936 0.001013754 0.179581270 -0.001868463 0.999998152 -0.000467228 -0.302442253 -0.001014625 0.000465333 0.999999404 9.982810974
0.999998152 0.001846513 0.000579078 0.191092610 -0.001846655 0.999998271 0.000243834 -0.323367119 -0.000578627 -0.000244903 0.999999821 10.331484795
0.999997556 0.002174623 0.000336717 0.203509927 -0.002174814 0.999997437 0.000565990 -0.337265104 -0.000335485 -0.000566721 0.999999762 10.684880257
0.999996543 0.002544345 0.000672489 0.203484952 -0.002544768 0.999996603 0.000629149 -0.346101522 -0.000670885 -0.000630858 0.999999583 11.055992126
0.999997377 0.002158786 0.000776502 0.210660785 -0.002159204 0.999997497 0.000538110 -0.353166968 -0.000775338 -0.000539785 0.999999583 11.431941032
0.999996901 0.002402408 0.000688821 0.220080569 -0.002402897 0.999996781 0.000709457 -0.364248276 -0.000687114 -0.000711109 0.999999583 11.816963196
0.999998808 0.001487393 0.000153855 0.236700192 -0.001487497 0.999998689 0.000675341 -0.379492760 -0.000152851 -0.000675569 0.999999762 12.189543724
0.999998212 0.001689699 0.000744179 0.240722999 -0.001689999 0.999998510 0.000402543 -0.384321898 -0.000743497 -0.000403800 0.999999642 12.581011772
0.999999046 0.001340474 0.000368526 0.249134123 -0.001340771 0.999998748 0.000806433 -0.397951961 -0.000367444 -0.000806926 0.999999523 12.975160599
0.999997735 0.002060103 0.000518068 0.258812785 -0.002060216 0.999997854 0.000218920 -0.407421678 -0.000517616 -0.000219987 0.999999821 13.367286682
0.999998927 0.001362209 0.000495311 0.266885787 -0.001362366 0.999998987 0.000316372 -0.417248815 -0.000494880 -0.000317046 0.999999821 13.774407387
0.999997735 0.001925157 0.000921300 0.272427529 -0.001925569 0.999998033 0.000446830 -0.426920086 -0.000920438 -0.000448603 0.999999464 14.205268860
0.999996185 0.002635419 0.000826639 0.282203019 -0.002635350 0.999996483 -0.000084903 -0.436432034 -0.000826859 0.000082724 0.999999642 14.632884979
0.999998331 0.001414070 0.001137107 0.296540558 -0.001414550 0.999998868 0.000421660 -0.452392876 -0.001136510 -0.000423267 0.999999285 15.054017067
0.999997914 0.001408652 0.001484922 0.304432333 -0.001409409 0.999998868 0.000509375 -0.462777138 -0.001484204 -0.000511467 0.999998748 15.496801376
0.999997258 0.001440438 0.001859283 0.312525392 -0.001441316 0.999998808 0.000471064 -0.472835541 -0.001858603 -0.000473743 0.999998152 15.949210167
0.999996901 0.000999835 0.002285522 0.324703932 -0.001001711 0.999999166 0.000819942 -0.490216315 -0.002284701 -0.000822228 0.999997020 16.361312866
0.999995410 0.001709107 0.002502909 0.333646655 -0.001710721 0.999998271 0.000643034 -0.504118741 -0.002501806 -0.000647313 0.999996662 16.802673340
0.999994397 0.001173904 0.003133361 0.342614591 -0.001175569 0.999999166 0.000529553 -0.515757859 -0.003132737 -0.000533234 0.999994934 17.254671097
0.999993384 0.001469204 0.003316419 0.353076428 -0.001470721 0.999998808 0.000454838 -0.525727153 -0.003315746 -0.000459713 0.999994397 17.726110458
0.999993265 0.000907374 0.003556069 0.363704056 -0.000911078 0.999998927 0.001040099 -0.544659793 -0.003555121 -0.001043332 0.999993086 18.193286896
0.999993026 0.001204641 0.003574708 0.369641215 -0.001209058 0.999998510 0.001233522 -0.559676468 -0.003573217 -0.001237835 0.999992847 18.663383484
0.999994457 0.001209768 0.003130529 0.385601193 -0.001211814 0.999999046 0.000651849 -0.570221484 -0.003129737 -0.000655639 0.999994934 19.129264832
0.999993265 0.000979383 0.003554401 0.399378538 -0.000983360 0.999998868 0.001117385 -0.583959699 -0.003553302 -0.001120873 0.999993086 19.616216660
0.999991715 0.001708318 0.003701613 0.400769234 -0.001712921 0.999997854 0.001240779 -0.595711350 -0.003699486 -0.001247109 0.999992371 20.103218079
0.999992907 0.001622570 0.003393653 0.416516274 -0.001627054 0.999997735 0.001319131 -0.608060837 -0.003391505 -0.001324643 0.999993384 20.598382950
0.999991477 0.002053045 0.003595485 0.421608627 -0.002056725 0.999997377 0.001020163 -0.618281841 -0.003593381 -0.001027549 0.999993026 21.111537933
0.999994755 0.001546531 0.002843904 0.440638244 -0.001551056 0.999997675 0.001589476 -0.639661372 -0.002841438 -0.001593879 0.999994695 21.594173431
0.999996245 0.001415331 0.002370521 0.455320776 -0.001419327 0.999997556 0.001684593 -0.654429078 -0.002368131 -0.001687951 0.999995768 22.100736618
0.999995947 0.001768840 0.002218005 0.460332394 -0.001771612 0.999997675 0.001248140 -0.662150085 -0.002215792 -0.001252064 0.999996781 22.611944199
0.999996960 0.001794633 0.001688499 0.471606076 -0.001796055 0.999998033 0.000841138 -0.678242028 -0.001686986 -0.000844168 0.999998212 23.128843307
0.999996781 0.002267667 0.001080113 0.484312594 -0.002269019 0.999996662 0.001251693 -0.696860790 -0.001077270 -0.001254140 0.999998629 23.656633377
0.999999464 0.000663745 0.000774794 0.485394746 -0.000663885 0.999999762 0.000181360 -0.704522729 -0.000774673 -0.000181875 0.999999702 24.161205292
0.999998569 0.001651501 0.000256859 0.498478293 -0.001651751 0.999998152 0.000974247 -0.718672156 -0.000255249 -0.000974670 0.999999523 24.696750641
0.999998212 0.001460262 -0.001213787 0.512417674 -0.001459404 0.999998629 0.000707640 -0.732261240 0.001214819 -0.000705867 0.999999046 25.236625671
0.999998510 0.001365248 -0.001015482 0.503354847 -0.001364088 0.999998331 0.001142136 -0.748131752 0.001017040 -0.001140749 0.999998808 25.773126602
0.999998689 0.000846138 -0.001370527 0.512844801 -0.000845306 0.999999464 0.000607239 -0.760073066 0.001371040 -0.000606080 0.999998868 26.334913254
0.999997675 0.001483615 -0.001590015 0.520785630 -0.001481997 0.999998331 0.001018363 -0.770155609 0.001591523 -0.001016004 0.999998212 26.885925293
0.999997079 0.001349951 -0.002023525 0.543884993 -0.001346622 0.999997675 0.001645684 -0.796160102 0.002025742 -0.001642954 0.999996543 27.460973740
0.999996245 0.001877236 -0.001979952 0.538863838 -0.001875229 0.999997735 0.001015175 -0.803947687 0.001981853 -0.001011459 0.999997437 27.957927704
0.999993563 0.001963086 -0.003000710 0.551399052 -0.001958619 0.999996960 0.001490672 -0.824169993 0.003003627 -0.001484785 0.999994338 28.502866745
0.999993563 0.000655066 -0.003531427 0.570713520 -0.000648420 0.999998093 0.001882738 -0.843375683 0.003532653 -0.001880436 0.999991953 29.032884598
0.999994457 0.001729930 -0.002831702 0.560512781 -0.001727335 0.999998093 0.000918539 -0.845214307 0.002833286 -0.000913642 0.999995530 29.576894760
0.999991834 0.002196313 -0.003380040 0.565753758 -0.002194322 0.999997377 0.000592706 -0.857897937 0.003381333 -0.000585284 0.999994099 30.124765396
0.999991059 0.003190311 -0.002771690 0.568529427 -0.003189248 0.999994874 0.000387744 -0.873073578 0.002772913 -0.000378901 0.999996066 30.683921814
0.999990106 0.002665071 -0.003549637 0.583271980 -0.002660177 0.999995530 0.001382696 -0.895649254 0.003553306 -0.001373239 0.999992728 31.211679459
0.999989152 0.002262040 -0.004053100 0.592178404 -0.002252221 0.999994516 0.002425627 -0.914202034 0.004058565 -0.002416472 0.999988854 31.765323639
0.999990404 0.002332042 -0.003716098 0.603499949 -0.002328037 0.999996722 0.001081793 -0.921995699 0.003718609 -0.001073131 0.999992490 32.305000305
0.999989986 0.003559092 -0.002730276 0.603947401 -0.003555128 0.999992609 0.001455102 -0.935540557 0.002735435 -0.001445380 0.999995232 32.853370667
0.999988317 0.003962761 -0.002781026 0.598442376 -0.003959525 0.999991477 0.001167976 -0.950246274 0.002785631 -0.001156951 0.999995470 33.397869110
0.999989569 0.001683082 -0.004248240 0.623396695 -0.001678380 0.999997973 0.001110252 -0.965451777 0.004250099 -0.001103110 0.999990344 33.911464691
0.999992251 0.001406147 -0.003699932 0.622243702 -0.001401231 0.999998212 0.001330862 -0.983849466 0.003701797 -0.001325667 0.999992251 34.449577332
0.999988794 0.002290102 -0.004142292 0.637075305 -0.002284793 0.999996543 0.001285890 -0.996392608 0.004145223 -0.001276411 0.999990582 34.995937347
0.999988794 0.003347104 -0.003318317 0.635978818 -0.003343146 0.999993622 0.001197543 -1.006638288 0.003322305 -0.001186436 0.999993801 35.547058105
0.999989986 0.002748921 -0.003511452 0.647155643 -0.002745715 0.999995768 0.000917402 -1.024429798 0.003513959 -0.000907751 0.999993384 36.076015472
0.999988139 0.002148318 -0.004361310 0.659668326 -0.002143280 0.999996960 0.001159516 -1.038769722 0.004363788 -0.001150155 0.999989748 36.616676331
0.999987841 0.002958047 -0.003953933 0.662365615 -0.002954751 0.999995232 0.000838896 -1.051798344 0.003956395 -0.000827203 0.999991834 37.157680511
0.999986529 0.003082335 -0.004160276 0.664201260 -0.003076173 0.999994159 0.001486954 -1.073921323 0.004164834 -0.001474136 0.999990225 37.687900543
0.999988019 0.003032460 -0.003848686 0.669981599 -0.003027790 0.999994755 0.001218524 -1.083623171 0.003852361 -0.001206857 0.999991834 38.232906342
0.999987304 0.002398463 -0.004434713 0.682898760 -0.002393849 0.999996603 0.001045476 -1.093631625 0.004437206 -0.001034847 0.999989569 38.772426605
0.999977708 0.001026141 -0.006595727 0.699780405 -0.001013274 0.999997556 0.001953793 -1.115020037 0.006597716 -0.001947066 0.999976277 39.332695007
0.999985993 0.002737997 -0.004538597 0.709991813 -0.002728658 0.999994159 0.002062642 -1.142583847 0.004544218 -0.002050228 0.999987543 39.829803467
0.999986112 0.003246965 -0.004155840 0.708811224 -0.003242092 0.999994040 0.001179043 -1.142760158 0.004159644 -0.001165553 0.999990582 40.379447937
0.999985158 0.003286794 -0.004327647 0.718299806 -0.003282153 0.999993980 0.001079085 -1.155526757 0.004331167 -0.001064865 0.999990046 40.919197083
0.999983072 0.003297102 -0.004786586 0.727092147 -0.003291321 0.999993801 0.001215189 -1.170032024 0.004790564 -0.001199414 0.999987781 41.463928223
0.999982893 0.003245194 -0.004863030 0.728578031 -0.003240617 0.999994278 0.000948797 -1.187569618 0.004866081 -0.000933022 0.999987662 42.005519867
0.999984145 0.003237691 -0.004606786 0.744369507 -0.003232839 0.999994338 0.001060168 -1.199692488 0.004610192 -0.001045258 0.999988794 42.555744171
0.999986947 0.003132259 -0.004039451 0.748794675 -0.003127287 0.999994397 0.001236439 -1.214699388 0.004043301 -0.001223790 0.999991059 43.106185913
0.999988198 0.003032638 -0.003802438 0.756330013 -0.003027531 0.999994516 0.001348144 -1.229337931 0.003806506 -0.001336616 0.999991894 43.656761169
0.999984622 0.003200841 -0.004532756 0.764013886 -0.003195706 0.999994218 0.001139415 -1.244775891 0.004536377 -0.001124912 0.999989092 44.185878754
0.999986529 0.003611805 -0.003717857 0.771247208 -0.003606768 0.999992609 0.001360483 -1.260537863 0.003722743 -0.001347055 0.999992251 44.746231079
0.999987304 0.003564931 -0.003566721 0.786479533 -0.003563248 0.999993563 0.000478227 -1.264077306 0.003568403 -0.000465512 0.999993503 45.284008026
0.999985218 0.003599399 -0.004081975 0.785118103 -0.003592120 0.999991894 0.001789020 -1.296839356 0.004088382 -0.001774331 0.999989986 45.820964813
0.999986649 0.003149413 -0.004093431 0.798895001 -0.003143836 0.999994159 0.001368174 -1.305498004 0.004097716 -0.001355286 0.999990642 46.365974426
0.999987602 0.003789783 -0.003230474 0.791313231 -0.003785074 0.999991715 0.001462535 -1.315502644 0.003235990 -0.001450290 0.999993622 46.930107117
0.999984384 0.003965736 -0.003943585 0.801635265 -0.003958622 0.999990523 0.001809824 -1.337805986 0.003950725 -0.001794185 0.999990582 47.473888397
0.999983013 0.004468884 -0.003781705 0.811146140 -0.004460664 0.999987662 0.002179009 -1.356559038 0.003791396 -0.002162103 0.999990523 48.012413025
0.999984741 0.004686959 -0.002943831 0.810407400 -0.004680756 0.999986768 0.002110642 -1.365011215 0.002953685 -0.002096830 0.999993384 48.572261810
0.999985993 0.003859769 -0.003651804 0.827725351 -0.003853809 0.999991238 0.001637692 -1.380612969 0.003658094 -0.001623596 0.999991953 49.117034912
0.999987006 0.003400519 -0.003814240 0.843185306 -0.003393467 0.999992549 0.001853744 -1.392415643 0.003820515 -0.001840776 0.999991000 49.664424896
0.999986768 0.003582998 -0.003707277 0.848647535 -0.003576677 0.999992192 0.001710613 -1.409943819 0.003713377 -0.001697331 0.999991715 50.210506439
0.999985814 0.003720464 -0.003807418 0.857726276 -0.003713708 0.999991477 0.001780406 -1.422654152 0.003814010 -0.001766241 0.999991119 50.764873505
0.999986589 0.003563391 -0.003750857 0.869491696 -0.003556042 0.999991775 0.001964106 -1.435647488 0.003757825 -0.001950742 0.999991059 51.326881409
0.999985695 0.003601091 -0.003953508 0.876633525 -0.003594828 0.999992251 0.001590134 -1.447603703 0.003959203 -0.001575899 0.999990940 51.860359192
0.999985754 0.003457764 -0.004070132 0.890302896 -0.003451934 0.999993026 0.001438570 -1.466027975 0.004075077 -0.001424500 0.999990702 52.410919189
0.999986887 0.003702070 -0.003541962 0.893320858 -0.003696211 0.999991715 0.001659271 -1.476491690 0.003548076 -0.001646158 0.999992311 52.955715179
0.999985874 0.002649861 -0.004621021 0.906215489 -0.002641198 0.999994695 0.001879557 -1.493116021 0.004625977 -0.001867326 0.999987543 53.501750946
0.999984741 0.004282010 -0.003488710 0.905408680 -0.004277464 0.999989986 0.001309783 -1.502231359 0.003494284 -0.001294840 0.999993086 54.060195923
0.999986470 0.004119967 -0.003181383 0.913619220 -0.004116033 0.999990761 0.001242277 -1.517839670 0.003186472 -0.001229165 0.999994218 54.607238770
0.999988377 0.003798297 -0.002979257 0.920957446 -0.003795268 0.999992251 0.001021760 -1.531388044 0.002983115 -0.001010441 0.999995053 55.135826111
0.999986470 0.004308658 -0.002894842 0.927465796 -0.004306339 0.999990404 0.000806526 -1.542300582 0.002898289 -0.000794049 0.999995470 55.683803558
0.999987900 0.003649510 -0.003301030 0.939303696 -0.003646209 0.999992788 0.001005577 -1.557618618 0.003304677 -0.000993529 0.999993980 56.218307495
0.999983191 0.004980225 -0.002971778 0.948480308 -0.004977204 0.999987125 0.001022909 -1.573752880 0.002976834 -0.001008101 0.999994993 56.766704559
0.999984443 0.004944480 -0.002582015 0.946883678 -0.004941620 0.999987185 0.001112611 -1.585695386 0.002587483 -0.001099834 0.999996066 57.311180115
0.999985158 0.004812688 -0.002548913 0.955310047 -0.004811149 0.999988198 0.000609586 -1.599532843 0.002551817 -0.000597314 0.999996543 57.843933105
0.999982595 0.005508591 -0.002096987 0.956561446 -0.005508233 0.999984801 0.000176816 -1.609629035 0.002097929 -0.000165262 0.999997795 58.405139923
0.999987662 0.004554196 -0.001987392 0.968794405 -0.004553774 0.999989569 0.000216458 -1.619640589 0.001988357 -0.000207406 0.999997914 58.951526642
0.999987900 0.004604139 -0.001745920 0.973525524 -0.004604114 0.999989390 0.000018774 -1.633861303 0.001745988 -0.000010735 0.999998450 59.489017487
0.999988854 0.004502929 -0.001452186 0.986685455 -0.004502924 0.999989808 0.000006845 -1.644250035 0.001452202 -0.000000306 0.999998927 60.049644470
0.999988019 0.004596490 -0.001724996 0.999190807 -0.004595795 0.999989331 0.000406954 -1.662478805 0.001726848 -0.000399022 0.999998391 60.585140228
0.999986112 0.005021225 -0.001617259 1.000414133 -0.005021269 0.999987364 -0.000023088 -1.681784749 0.001617122 0.000031209 0.999998689 61.113216400
0.999985456 0.005102967 -0.001704340 1.015346527 -0.005102905 0.999987125 0.000041239 -1.693907857 0.001704528 -0.000032541 0.999998510 61.657352448
0.999981046 0.005873007 -0.001858776 1.027593493 -0.005872507 0.999982774 0.000274116 -1.711937666 0.001860353 -0.000263195 0.999998212 62.208641052
0.999982715 0.005714725 -0.001367130 1.034333467 -0.005714935 0.999983668 -0.000148560 -1.724431872 0.001366259 0.000156370 0.999999046 62.754123688
0.999985039 0.005347415 -0.001141359 1.039849997 -0.005347131 0.999985695 0.000251679 -1.740649223 0.001142688 -0.000245572 0.999999344 63.284629822
0.999984086 0.005560830 -0.000979390 1.046767116 -0.005560958 0.999984443 -0.000128581 -1.754013896 0.000978660 0.000134026 0.999999464 63.827224731
0.999983907 0.005607991 -0.000884553 1.058021069 -0.005607863 0.999984264 0.000146882 -1.769060612 0.000885363 -0.000141919 0.999999523 64.365325928
0.999983788 0.005595371 -0.001066495 1.070109010 -0.005595149 0.999984324 0.000210056 -1.781886697 0.001067654 -0.000204086 0.999999404 64.905242920
0.999982953 0.005756284 -0.000990452 1.079531908 -0.005756321 0.999983370 -0.000035349 -1.798627734 0.000990233 0.000041050 0.999999464 65.449104309
0.999980390 0.006186241 -0.000962264 1.090188265 -0.006187210 0.999980211 -0.001007854 -1.803264022 0.000956010 0.001013787 0.999999046 66.003959656
0.999982893 0.005816210 -0.000598402 1.089017749 -0.005816648 0.999982834 -0.000733819 -1.818623424 0.000594123 0.000737288 0.999999464 66.537963867
0.999982476 0.005890463 -0.000529240 1.107566953 -0.005890427 0.999982655 0.000067042 -1.843504310 0.000529626 -0.000063923 0.999999821 67.077033997
0.999982238 0.005960451 -0.000281821 1.112997413 -0.005960375 0.999982178 0.000271371 -1.861149430 0.000283433 -0.000269687 0.999999940 67.615737915
0.999980032 0.006301843 -0.000517840 1.127477527 -0.006302075 0.999980032 -0.000447253 -1.872394800 0.000515011 0.000450508 0.999999762 68.152442932
0.999979258 0.006429205 -0.000341359 1.133934617 -0.006429290 0.999979317 -0.000250195 -1.886770964 0.000339743 0.000252384 0.999999881 68.687744141
0.999980211 0.006198724 -0.001077484 1.156335354 -0.006199431 0.999980569 -0.000654611 -1.897548199 0.001073405 0.000661277 0.999999225 69.215095520
0.999978662 0.006474653 -0.000895752 1.161907196 -0.006475299 0.999978781 -0.000720193 -1.914180636 0.000891070 0.000725978 0.999999344 69.760009766
0.999982655 0.005854571 -0.000605708 1.174737811 -0.005855121 0.999982417 -0.000910563 -1.926052809 0.000600366 0.000914093 0.999999404 70.311096191
0.999980330 0.006195534 -0.000973411 1.184056640 -0.006195965 0.999980628 -0.000441003 -1.946578503 0.000970659 0.000447026 0.999999404 70.835700989
0.999979854 0.006280536 -0.000944199 1.195935845 -0.006281050 0.999980152 -0.000543188 -1.963175178 0.000940768 0.000549108 0.999999344 71.369949341
0.999979079 0.006418488 -0.000830699 1.201133966 -0.006418794 0.999979258 -0.000367730 -1.977191448 0.000828321 0.000373054 0.999999583 71.911270142
0.999979258 0.006400685 -0.000781310 1.214748859 -0.006400780 0.999979556 -0.000119101 -1.999832034 0.000780531 0.000124100 0.999999702 72.449851990
0.999981761 0.006015804 -0.000531768 1.222574472 -0.006015842 0.999981880 -0.000069063 -2.016023397 0.000531343 0.000072261 0.999999881 72.963211060
0.999979317 0.006368578 -0.000805856 1.230816603 -0.006368921 0.999979556 -0.000424150 -2.022861958 0.000803138 0.000429274 0.999999583 73.499336243
0.999983966 0.005587017 -0.000896945 1.245442867 -0.005587195 0.999984384 -0.000195637 -2.044373274 0.000895838 0.000200646 0.999999583 74.037406921
0.999982119 0.005911625 -0.000924601 1.258535504 -0.005911469 0.999982476 0.000169849 -2.062161446 0.000925588 -0.000164380 0.999999583 74.568878174
0.999984443 0.005476383 -0.001004293 1.266818881 -0.005476580 0.999984980 -0.000194082 -2.074285746 0.001003215 0.000199579 0.999999464 75.111297607
0.999986112 0.005145672 -0.001130037 1.282626390 -0.005145941 0.999986708 -0.000236260 -2.091771364 0.001128806 0.000242072 0.999999285 75.644279480
0.999983251 0.005667744 -0.001131771 1.289914608 -0.005667686 0.999983907 0.000053344 -2.106747389 0.001132056 -0.000046929 0.999999344 76.179344177
0.999984205 0.005580399 -0.000685733 1.300258875 -0.005580626 0.999984384 -0.000330725 -2.123016596 0.000683876 0.000334547 0.999999702 76.724006653
0.999986351 0.005170567 -0.000817270 1.314267993 -0.005171091 0.999986410 -0.000642540 -2.134337902 0.000813937 0.000646758 0.999999523 77.270561218
0.999986887 0.004965949 -0.001199117 1.322269082 -0.004966122 0.999987662 -0.000140651 -2.154371023 0.001198404 0.000146604 0.999999285 77.784034729
0.999983907 0.005570297 -0.001079904 1.333205223 -0.005570659 0.999984384 -0.000334731 -2.170855284 0.001078024 0.000340742 0.999999344 78.324691772
0.999991596 0.003884124 -0.001353885 1.352659225 -0.003884685 0.999992371 -0.000411972 -2.189095259 0.001352275 0.000417228 0.999999046 78.862648010
0.999994278 0.003051015 -0.001486677 1.366622210 -0.003052470 0.999994814 -0.000977633 -2.198409557 0.001483687 0.000982165 0.999998391 79.423912048
0.999981821 0.006025257 -0.000303748 1.348882198 -0.006025468 0.999981523 -0.000695525 -2.214964867 0.000299552 0.000697342 0.999999702 79.927780151
0.999986410 0.005183937 0.000433556 1.370041013 -0.005183646 0.999986351 -0.000666646 -2.229483128 -0.000437006 0.000664389 0.999999642 80.477462769
0.999978364 0.006358534 0.001657214 1.380268216 -0.006357322 0.999979496 -0.000736013 -2.242265701 -0.001661860 0.000725462 0.999998331 81.032119751
0.999979198 0.005696559 0.003034692 1.392382264 -0.005694919 0.999983728 -0.000548691 -2.268925428 -0.003037768 0.000531397 0.999995232 81.540046692
0.999978364 0.005032507 0.004226468 1.412693739 -0.005030065 0.999987185 -0.000588164 -2.280561686 -0.004229373 0.000566892 0.999990880 82.075492859
0.999956846 0.005599431 0.007416111 1.430177689 -0.005594907 0.999984145 -0.000630485 -2.296993494 -0.007419523 0.000588966 0.999972284 82.620719910
0.999924958 0.005329765 0.011036899 1.454423666 -0.005328650 0.999985754 -0.000130446 -2.314767122 -0.011037437 0.000071624 0.999939084 83.158935547
0.999881625 0.005156977 0.014497908 1.465755582 -0.005143435 0.999986291 -0.000971151 -2.320581675 -0.014502718 0.000896467 0.999894440 83.700836182
0.999794185 0.005625834 0.019491874 1.488538742 -0.005615198 0.999984026 -0.000600377 -2.339368820 -0.019494945 0.000490802 0.999809861 84.244140625
0.999665082 0.004896721 0.025411831 1.519303799 -0.004870180 0.999987483 -0.001106273 -2.350059032 -0.025416931 0.000982142 0.999676466 84.799186707
0.999475181 0.005431460 0.031932093 1.542212009 -0.005404626 0.999984920 -0.000926595 -2.368130922 -0.031936642 0.000753528 0.999489605 85.354225159
0.999313056 0.005037698 0.036718063 1.594424844 -0.005000100 0.999986887 -0.001115743 -2.383951902 -0.036723197 0.000931382 0.999325037 85.861816406
0.998975873 0.004990329 0.044968318 1.628957748 -0.004954949 0.999987423 -0.000898176 -2.398972750 -0.044972226 0.000674440 0.998988032 86.415512085
0.998583615 0.004592482 0.053005897 1.684394836 -0.004548271 0.999989331 -0.000954666 -2.415495634 -0.053009700 0.000712228 0.998593748 86.966262817
0.998161376 0.004708422 0.060429357 1.726357460 -0.004683670 0.999988914 -0.000551237 -2.435653210 -0.060431279 0.000267193 0.998172283 87.504035950
0.997578263 0.004510703 0.069406219 1.780550003 -0.004433224 0.999989390 -0.001270312 -2.438726902 -0.069411211 0.000959543 0.997587681 88.054168701
0.996794999 0.005313539 0.079822078 1.836321354 -0.005257370 0.999985874 -0.000913802 -2.461732149 -0.079825811 0.000491219 0.996808648 88.572433472
0.996081173 0.005262640 0.088286519 1.893443584 -0.005228588 0.999986112 -0.000616969 -2.474415302 -0.088288546 0.000152938 0.996094942 89.109611511
0.995406389 0.003943701 0.095658176 1.986742020 -0.003793456 0.999991238 -0.001752447 -2.476114273 -0.095664248 0.001381522 0.995412707 89.705665588
0.994285822 0.004002525 0.106675498 2.061659336 -0.003819013 0.999990821 -0.001924505 -2.488725424 -0.106682241 0.001506112 0.994292021 90.247032166
0.993072689 0.003839510 0.117438592 2.140452385 -0.003674246 0.999991953 -0.001623692 -2.508777142 -0.117443867 0.001180946 0.993078947 90.791168213
0.991957068 0.003771750 0.126518741 2.231184006 -0.003526545 0.999991417 -0.002162026 -2.518766403 -0.126525789 0.001698463 0.991961837 91.340164185
0.990453064 0.003845938 0.137796357 2.322949409 -0.003592236 0.999991357 -0.002089769 -2.532603979 -0.137803182 0.001574821 0.990458369 91.887351990
0.988718748 0.003115909 0.149751395 2.422319412 -0.002864400 0.999994218 -0.001895171 -2.553959370 -0.149756432 0.001444843 0.988721967 92.422302246
0.987024426 0.003070319 0.160540670 2.530279160 -0.002821557 0.999994457 -0.001777478 -2.571868420 -0.160545275 0.001301440 0.987027586 92.970840454
0.985198379 0.002594959 0.171397969 2.640029907 -0.002286283 0.999995410 -0.001998298 -2.585355520 -0.171402350 0.001576856 0.985199869 93.510871887
0.982958138 0.002938702 0.183806077 2.765692711 -0.002595420 0.999994397 -0.002108184 -2.599282026 -0.183811232 0.001595202 0.982960403 94.027084351
0.980582774 0.002211128 0.196093321 2.897216797 -0.001861410 0.999996305 -0.001967703 -2.615272999 -0.196096942 0.001564486 0.980583251 94.568161011
0.978563726 0.001674914 0.205937773 3.035890579 -0.001396248 0.999997914 -0.001498476 -2.629851818 -0.205939844 0.001178815 0.978563905 95.105392456
0.975908339 0.000775074 0.218179613 3.175975800 -0.000363741 0.999998033 -0.001925454 -2.647940874 -0.218180686 0.001799705 0.975906730 95.614524841
0.972504914 0.001882555 0.232874602 3.315116882 -0.001526927 0.999997318 -0.001707382 -2.657936335 -0.232877210 0.001304855 0.972505271 96.149650574
0.969692767 0.002024843 0.244319409 3.458978653 -0.001731782 0.999997437 -0.001414299 -2.680179834 -0.244321704 0.000948327 0.969693780 96.672470093
0.966551125 0.002233770 0.256464422 3.617382050 -0.001938149 0.999997199 -0.001405430 -2.690577507 -0.256466836 0.000861354 0.966552615 97.176353455
0.963003099 0.001164223 0.269487828 3.810247421 -0.000732172 0.999998271 -0.001703739 -2.703578949 -0.269489288 0.001443395 0.963002264 97.757652283
0.959406376 0.001540894 0.282023191 3.990003586 -0.001062252 0.999997735 -0.001850062 -2.714120388 -0.282025337 0.001475381 0.959405780 98.297607422
0.956108093 0.000596167 0.293013394 4.161998749 -0.000031036 0.999998093 -0.001933331 -2.727929115 -0.293014020 0.001839379 0.956106365 98.797729492
0.951684535 0.000762611 0.307076454 4.342271805 -0.000309800 0.999998808 -0.001523327 -2.755980730 -0.307077348 0.001354594 0.951683521 99.305030823
0.947386384 -0.000171070 0.320092142 4.542480469 0.000827442 0.999997914 -0.001914565 -2.775308132 -0.320091099 0.002078690 0.947384477 99.795166016
0.943241417 -0.000754350 0.332107008 4.741743088 0.001500183 0.999996901 -0.001989378 -2.778473616 -0.332104474 0.002374685 0.943239629 100.324241638
0.938604832 -0.000886736 0.344992876 4.954673767 0.001935230 0.999994576 -0.002694797 -2.791368008 -0.344988585 0.003196991 0.938601434 100.840759277
0.933280289 -0.001243510 0.359146595 5.166967392 0.002487408 0.999992430 -0.003001417 -2.802601337 -0.359140098 0.003694507 0.933276415 101.338821411
0.928341806 -0.001312127 0.371725351 5.388210297 0.002252392 0.999995291 -0.002095281 -2.823191643 -0.371720880 0.002782409 0.928340316 101.841819763
0.923907518 -0.002472047 0.382607877 5.622392654 0.003643641 0.999990582 -0.002337545 -2.837089062 -0.382598519 0.003553762 0.923907757 102.339920044
0.917730391 -0.002413610 0.397196531 5.855129242 0.003299781 0.999993443 -0.001547634 -2.859618902 -0.397190183 0.002730972 0.917732298 102.812049866
0.912039816 -0.002422225 0.410094440 6.088970184 0.003881708 0.999988675 -0.002726381 -2.863110542 -0.410083294 0.004078434 0.912038982 103.298011780
0.906867266 -0.003509981 0.421401620 6.342350006 0.005034945 0.999984145 -0.002506162 -2.884381056 -0.421386242 0.004394491 0.906870604 103.777198792
0.900557458 -0.003548709 0.434722394 6.605072021 0.005139490 0.999983728 -0.002483780 -2.905282259 -0.434706509 0.004471038 0.900561094 104.279037476
0.894011259 -0.004060029 0.448026121 6.861618042 0.005285268 0.999984920 -0.001484560 -2.927051067 -0.448013276 0.003695152 0.894019246 104.706954956
0.888215899 -0.004803448 0.459401250 7.137996674 0.006170721 0.999979913 -0.001474922 -2.946212530 -0.459384918 0.004144887 0.888227642 105.181953430
0.882403374 -0.005828070 0.470457613 7.420013428 0.007508259 0.999970376 -0.001694981 -2.952268839 -0.470433742 0.005027974 0.882420957 105.654006958
0.875028253 -0.005439218 0.484041333 7.683181763 0.006989787 0.999974608 -0.001399016 -2.973034620 -0.484021425 0.004607524 0.875044048 106.122055054
