1.000000000 0.000000000 0.000000000 0.000000000 0.000000000 1.000000000 0.000000000 0.000000000 0.000000000 0.000000000 1.000000000 0.000000000
1.000000000 0.000071120 0.000108949 -0.003186612 -0.000071102 1.000000000 -0.000171666 0.004192544 -0.000108961 0.000171659 1.000000000 0.003845752
1.000000000 0.000064528 0.000065774 -0.002278220 -0.000064517 1.000000000 -0.000169034 0.002835592 -0.000065785 0.000169030 1.000000000 0.000953941
0.999999940 0.000299674 0.000140109 -0.000816128 -0.000299653 0.999999940 -0.000143915 0.003380605 -0.000140153 0.000143873 1.000000000 -0.001998755
1.000000000 0.000169837 0.000040862 0.002588236 -0.000169834 1.000000000 -0.000072080 0.001617088 -0.000040875 0.000072073 1.000000000 -0.001158712
1.000000000 0.000118171 0.000020205 0.000930941 -0.000118171 1.000000000 0.000009089 0.001171130 -0.000020204 -0.000009091 1.000000000 -0.003015760
1.000000000 0.000023502 0.000101809 -0.002822839 -0.000023490 1.000000000 -0.000119798 0.001713031 -0.000101812 0.000119795 1.000000000 -0.002129644
1.000000000 -0.000021341 -0.000030911 0.000454459 0.000021340 1.000000000 -0.000031965 0.001787237 0.000030912 0.000031965 1.000000000 -0.002607799
1.000000000 -0.000003566 0.000120236 -0.005324225 0.000003587 1.000000000 -0.000171802 0.004009528 -0.000120236 0.000171802 1.000000000 0.004068060
0.999999940 0.000155959 0.000232429 -0.005622743 -0.000155919 1.000000000 -0.000171169 0.002962469 -0.000232455 0.000171132 0.999999940 -0.000865864
1.000000000 0.000205178 0.000120503 0.000503614 -0.000205162 0.999999940 -0.000135564 0.002325498 -0.000120530 0.000135539 1.000000000 -0.004082961
0.999999940 0.000231864 0.000167328 -0.002462766 -0.000231850 0.999999940 -0.000083637 0.002732874 -0.000167347 0.000083598 1.000000000 -0.002872377
1.000000000 0.000071874 0.000203310 -0.005392624 -0.000071855 1.000000000 -0.000092798 0.000935190 -0.000203316 0.000092783 1.000000000 -0.002141157
1.000000000 -0.000012309 0.000119827 -0.002790783 0.000012318 1.000000000 -0.000080684 0.000350772 -0.000119826 0.000080686 1.000000000 -0.002003204
1.000000000 0.000062312 0.000053213 0.000085011 -0.000062306 1.000000000 -0.000098407 0.001888443 -0.000053219 0.000098404 1.000000000 -0.005505165
1.000000000 -0.000160402 -0.000081498 0.001913412 0.000160405 1.000000000 0.000031969 0.000545171 0.000081493 -0.000031982 1.000000000 -0.006575476
0.999999940 -0.000346049 -0.000136055 0.002231455 0.000346046 0.999999940 -0.000018764 -0.001300386 0.000136062 0.000018717 1.000000000 -0.009815830
1.000000000 -0.000055239 0.000123967 -0.003644462 0.000055244 1.000000000 -0.000038769 0.000142025 -0.000123965 0.000038776 1.000000000 -0.003054637
1.000000000 0.000099674 -0.000017657 0.000185125 -0.000099673 1.000000000 0.000051451 0.001433692 0.000017662 -0.000051449 1.000000000 -0.007785376
1.000000000 -0.000087213 -0.000021082 -0.001495207 0.000087212 1.000000000 -0.000033519 -0.000238355 0.000021085 0.000033517 1.000000000 -0.006960476
1.000000000 0.000007556 0.000047807 -0.001134608 -0.000007552 1.000000000 -0.000096793 0.001745997 -0.000047808 0.000096792 1.000000000 -0.007140153
1.000000000 -0.000117721 0.000053564 -0.001141321 0.000117721 1.000000000 0.000004289 -0.000689095 -0.000053564 -0.000004282 1.000000000 -0.005159212
1.000000000 0.000133744 0.000175018 -0.006711901 -0.000133708 1.000000000 -0.000202324 0.003196817 -0.000175045 0.000202301 0.999999940 0.002562377
1.000000000 -0.000145423 -0.000097540 0.000173640 0.000145413 1.000000000 -0.000107885 0.000506839 0.000097556 0.000107871 1.000000000 0.000343692
1.000000000 -0.000063580 0.000037247 -0.001526892 0.000063581 1.000000000 -0.000015718 0.002426595 -0.000037246 0.000015720 1.000000000 0.000919370
1.000000000 0.000055170 -0.000043738 0.002468194 -0.000055175 1.000000000 -0.000107932 0.002859609 0.000043732 0.000107935 1.000000000 -0.007153655
1.000000000 -0.000077381 0.000084471 -0.001739598 0.000077387 1.000000000 -0.000080261 0.002326806 -0.000084465 0.000080268 1.000000000 -0.004919789
0.999999940 0.000224563 0.000239894 -0.005477592 -0.000224509 0.999999940 -0.000223769 0.003191810 -0.000239944 0.000223715 0.999999940 0.000512869
1.000000000 0.000055558 0.000142457 -0.004405288 -0.000055556 1.000000000 -0.000013708 0.002096244 -0.000142457 0.000013700 1.000000000 0.000644138
1.000000000 -0.000138988 0.000058136 -0.004890555 0.000138995 1.000000000 -0.000118097 0.005743040 -0.000058119 0.000118105 1.000000000 0.003022664
1.000000000 -0.000073052 0.000041655 -0.003123336 0.000073055 1.000000000 -0.000057875 0.002082711 -0.000041651 0.000057878 1.000000000 -0.000744731
1.000000000 -0.000147028 0.000101324 -0.003711835 0.000147024 1.000000000 0.000046220 0.001162240 -0.000101330 -0.000046205 1.000000000 0.000520431
1.000000000 -0.000176835 0.000090823 -0.003922720 0.000176829 1.000000000 0.000072128 0.000620048 -0.000090836 -0.000072112 1.000000000 -0.004691362
1.000000000 -0.000193857 -0.000004287 -0.001360201 0.000193857 1.000000000 0.000069042 0.001139313 0.000004273 -0.000069042 1.000000000 -0.004741273
1.000000000 0.000043077 0.000059954 -0.003237554 -0.000043072 1.000000000 -0.000087246 0.000774265 -0.000059957 0.000087244 1.000000000 -0.001892559
1.000000000 0.000025374 0.000100723 -0.004136238 -0.000025364 1.000000000 -0.000097682 0.002573522 -0.000100726 0.000097680 1.000000000 -0.000484440
1.000000000 -0.000181366 -0.000147081 0.002379040 0.000181382 1.000000000 0.000110313 -0.000011719 0.000147061 -0.000110340 1.000000000 -0.011582520
1.000000000 -0.000004254 0.000073693 -0.003442840 0.000004270 1.000000000 -0.000223994 0.004156821 -0.000073692 0.000223995 1.000000000 0.000527738
1.000000000 -0.000169810 0.000107849 -0.003559135 0.000169808 1.000000000 0.000018330 0.001593457 -0.000107852 -0.000018311 1.000000000 0.000067622
1.000000000 -0.000001409 -0.000043778 0.001474927 0.000001418 1.000000000 0.000218602 -0.002206229 0.000043778 -0.000218602 1.000000000 -0.009486618
0.999999940 -0.000276772 -0.000145891 0.000372691 0.000276783 0.999999940 0.000074373 -0.001544887 0.000145870 -0.000074413 1.000000000 -0.001111879
1.000000000 0.000093985 0.000063369 0.002453996 -0.000093949 0.999999821 -0.000573875 -0.004838584 -0.000063422 0.000573869 0.999999821 0.048659932
1.000000000 0.000054580 -0.000038128 0.001096545 -0.000054634 0.999998987 -0.001420752 -0.000392012 0.000038051 0.001420754 0.999998987 0.149176642
1.000000000 -0.000050621 -0.000071283 0.004244548 0.000050522 0.999999046 -0.001386764 -0.010187231 0.000071353 0.001386760 0.999999046 0.263345838
0.999999940 -0.000245248 0.000052096 0.001492996 0.000245318 0.999999046 -0.001359993 -0.010646194 -0.000051763 0.001360006 0.999999046 0.391950190
1.000000000 0.000050653 -0.000165697 0.007464611 -0.000050843 0.999999344 -0.001148941 -0.018510817 0.000165638 0.001148949 0.999999344 0.534203410
1.000000000 0.000043813 0.000013910 0.008022221 -0.000043801 0.999999642 -0.000853393 -0.033485655 -0.000013947 0.000853393 0.999999642 0.679537117
0.999999881 -0.000470816 -0.000046845 0.014826510 0.000470788 0.999999702 -0.000580193 -0.031892154 0.000047118 0.000580171 0.999999821 0.854648530
0.999999940 -0.000212486 -0.000324569 0.026829388 0.000212310 0.999999821 -0.000540017 -0.036601141 0.000324684 0.000539948 0.999999821 1.028366327
1.000000000 -0.000083553 -0.000203178 0.026742559 0.000083379 0.999999642 -0.000858302 -0.033002950 0.000203250 0.000858285 0.999999583 1.206558347
0.999999821 -0.000517389 -0.000377956 0.040379021 0.000517214 0.999999762 -0.000464882 -0.046588745 0.000378197 0.000464686 0.999999821 1.413622737
0.999999464 -0.000665006 -0.000790895 0.044056855 0.000664892 0.999999762 -0.000143897 -0.061574798 0.000790990 0.000143371 0.999999702 1.609937906
0.999999285 -0.001125980 0.000148901 0.027598519 0.001125759 0.999998212 0.001476532 -0.082721621 -0.000150564 -0.001476363 0.999998927 1.792737246
0.999997914 -0.002003396 -0.000342494 0.038969036 0.002004017 0.999996305 0.001822501 -0.089752585 0.000338841 -0.001823184 0.999998271 1.995282888
0.999997914 -0.001990420 -0.000267726 0.046879172 0.001990873 0.999996543 0.001704664 -0.096564583 0.000264332 -0.001705193 0.999998510 2.217518091
0.999998569 -0.001720275 -0.000041752 0.051259063 0.001720350 0.999996781 0.001857191 -0.097942680 0.000038557 -0.001857260 0.999998271 2.415131807
0.999999404 -0.001055675 -0.000137397 0.052154470 0.001055900 0.999998033 0.001646531 -0.104539119 0.000135659 -0.001646675 0.999998689 2.663609982
0.999998808 -0.001501162 0.000354025 0.053054053 0.001500354 0.999996305 0.002272360 -0.124763034 -0.000357435 -0.002271826 0.999997377 2.923360348
0.999998748 -0.001539894 0.000419278 0.063087068 0.001538836 0.999995649 0.002511825 -0.131928846 -0.000423144 -0.002511177 0.999996781 3.162904978
0.999998808 -0.001549768 -0.000001357 0.081988662 0.001549768 0.999996483 0.002150191 -0.134666264 -0.000001975 -0.002150191 0.999997735 3.429957628
0.999998868 -0.001475316 0.000292537 0.083340265 0.001474604 0.999996006 0.002417444 -0.142252073 -0.000296102 -0.002417010 0.999997079 3.679260969
0.999999046 -0.001284538 0.000425805 0.069828719 0.001283413 0.999995708 0.002631376 -0.157516077 -0.000429183 -0.002630827 0.999996364 3.919907093
0.999997199 -0.002365766 0.000223086 0.076287195 0.002365089 0.999992728 0.002987316 -0.169015497 -0.000230151 -0.002986780 0.999995530 4.185706139
0.999998748 -0.001461769 0.000501293 0.076269276 0.001460098 0.999993443 0.003316731 -0.174054205 -0.000506138 -0.003315995 0.999994338 4.440826416
0.999997795 -0.002008348 0.000553011 0.083831131 0.002006459 0.999992192 0.003394870 -0.184874237 -0.000559825 -0.003393753 0.999994040 4.701269627
0.999998391 -0.001465981 0.000995421 0.074304514 0.001462342 0.999992311 0.003646657 -0.207088873 -0.001000760 -0.003645196 0.999992847 4.942191601
0.999997973 -0.001421323 0.001408357 0.071316667 0.001416534 0.999993265 0.003395497 -0.212918133 -0.001413174 -0.003393495 0.999993205 5.205204487
0.999998689 -0.001355817 0.000958722 0.085081317 0.001352470 0.999993086 0.003482557 -0.218306601 -0.000963437 -0.003481256 0.999993503 5.467077255
0.999997735 -0.001623828 0.001362206 0.084114514 0.001619336 0.999993324 0.003292349 -0.222655371 -0.001367543 -0.003290137 0.999993682 5.736701965
0.999998033 -0.001533714 0.001245822 0.088658758 0.001529508 0.999993145 0.003370157 -0.230616271 -0.001250982 -0.003368245 0.999993563 6.016674042
0.999998569 -0.001112370 0.001257039 0.096426345 0.001107726 0.999992609 0.003689531 -0.248585239 -0.001261133 -0.003688133 0.999992430 6.312941551
0.999997795 -0.001649028 0.001295329 0.101007417 0.001643967 0.999991119 0.003898698 -0.254566401 -0.001301747 -0.003896561 0.999991596 6.601798534
0.999998569 -0.001047991 0.001316830 0.112892732 0.001043327 0.999993205 0.003538013 -0.263910800 -0.001320529 -0.003536635 0.999992907 6.894298077
0.999997556 -0.001653613 0.001471344 0.120414145 0.001648526 0.999992728 0.003452024 -0.261177808 -0.001477042 -0.003449591 0.999992967 7.200595379
0.999997675 -0.001376475 0.001617647 0.130866364 0.001370595 0.999992549 0.003630218 -0.279657036 -0.001622632 -0.003627993 0.999992132 7.498444080
0.999997377 -0.002036783 0.001023827 0.167469457 0.002033075 0.999991477 0.003609821 -0.294113904 -0.001031170 -0.003607730 0.999993026 7.810444355
0.999998450 -0.001044167 0.001370591 0.148804516 0.001039002 0.999992371 0.003763410 -0.308603495 -0.001374510 -0.003761981 0.999991953 8.163160324
0.999997795 -0.000946550 0.001844844 0.151279584 0.000939390 0.999992073 0.003878196 -0.314083993 -0.001848500 -0.003876455 0.999990761 8.485259056
0.999998450 -0.001356793 0.001163761 0.169336721 0.001352502 0.999992371 0.003679697 -0.319531024 -0.001168745 -0.003678117 0.999992549 8.799678802
0.999997616 -0.001040194 0.001938071 0.158857584 0.001033264 0.999993026 0.003573703 -0.323394030 -0.001941775 -0.003571692 0.999991715 9.164999008
0.999998271 -0.000053465 0.001858685 0.171484709 0.000046530 0.999993026 0.003730990 -0.335336983 -0.001858872 -0.003730897 0.999991298 9.507028580
0.999996424 -0.002230506 0.001436343 0.181797609 0.002224220 0.999987960 0.004363117 -0.361769676 -0.001446058 -0.004359907 0.999989450 9.853178024
0.999997914 -0.001442945 0.001408785 0.191886157 0.001436859 0.999989629 0.004311856 -0.371486396 -0.001414992 -0.004309823 0.999989688 10.196837425
0.999997675 -0.001517020 0.001528018 0.189697951 0.001510152 0.999988854 0.004485882 -0.384736210 -0.001534806 -0.004483564 0.999988794 10.566473961
0.999997139 -0.001802071 0.001557661 0.191786602 0.001794585 0.999986887 0.004794285 -0.394341588 -0.001566280 -0.004791476 0.999987364 10.933500290
0.999997020 -0.001939897 0.001506145 0.212346092 0.001932506 0.999986172 0.004893258 -0.395738721 -0.001515616 -0.004890332 0.999986947 11.323540688
0.999996603 -0.002099474 0.001545453 0.213145688 0.002091843 0.999985814 0.004922807 -0.422094822 -0.001555766 -0.004919558 0.999986708 11.685886383
0.999995828 -0.002618339 0.001254427 0.227148548 0.002612593 0.999986231 0.004560213 -0.421626985 -0.001266350 -0.004556916 0.999988794 12.071829796
0.999996364 -0.001518040 0.002250911 0.227845445 0.001507091 0.999987006 0.004858209 -0.438112229 -0.002258257 -0.004854799 0.999985754 12.448895454
0.999997318 -0.001340059 0.001915197 0.241079912 0.001330147 0.999985814 0.005167625 -0.444497615 -0.001922095 -0.005165063 0.999984860 12.822646141
0.999997139 -0.001357477 0.001980433 0.248643965 0.001346481 0.999983728 0.005542766 -0.461955994 -0.001987925 -0.005540083 0.999982715 13.233412743
0.999995649 -0.002602724 0.001364332 0.257356703 0.002595552 0.999982953 0.005232337 -0.479134798 -0.001377927 -0.005228774 0.999985337 13.640091896
0.999997020 -0.001319116 0.002081030 0.259035349 0.001307718 0.999984205 0.005468878 -0.489773273 -0.002088211 -0.005466141 0.999982834 14.062187195
0.999996781 -0.001165934 0.002260834 0.269367635 0.001152539 0.999981821 0.005917169 -0.504657745 -0.002267692 -0.005914544 0.999979973 14.482632637
0.999995351 -0.002260333 0.002050117 0.280382246 0.002248311 0.999980330 0.005847679 -0.511385322 -0.002063294 -0.005843042 0.999980807 14.934156418
0.999993920 -0.001936420 0.002900926 0.283829510 0.001917725 0.999977469 0.006433457 -0.528545439 -0.002913319 -0.006427854 0.999975085 15.343106270
0.999993086 -0.002720875 0.002538925 0.314522564 0.002704220 0.999974966 0.006540381 -0.578167796 -0.002556656 -0.006533470 0.999975383 15.770693779
0.999993682 -0.001995081 0.002926362 0.324272573 0.001975984 0.999976814 0.006514476 -0.586921513 -0.002939291 -0.006508652 0.999974489 16.203580856
0.999991894 -0.002813286 0.002889219 0.331904709 0.002793304 0.999972343 0.006896996 -0.608692825 -0.002908542 -0.006888870 0.999972045 16.627325058
0.999991417 -0.002009108 0.003610364 0.337515175 0.001985486 0.999976695 0.006534549 -0.605656385 -0.003623409 -0.006527324 0.999972105 17.082387924
0.999988735 -0.002625684 0.003937269 0.356269777 0.002600541 0.999976277 0.006377320 -0.616682231 -0.003953920 -0.006367010 0.999971867 17.595966339
0.999991059 -0.001363724 0.003984561 0.365918428 0.001335457 0.999974012 0.007088135 -0.623722911 -0.003994123 -0.007082751 0.999966919 18.055053711
0.999989390 -0.002800123 0.003664151 0.377727419 0.002773075 0.999968946 0.007366247 -0.662349105 -0.003684664 -0.007356007 0.999966145 18.442455292
0.999985814 -0.002969847 0.004435466 0.391602129 0.002936217 0.999967039 0.007569372 -0.670655310 -0.004457800 -0.007556242 0.999961436 18.913425446
0.999988139 -0.003053214 0.003799821 0.408059031 0.003024435 0.999966860 0.007556629 -0.685288310 -0.003822766 -0.007545047 0.999964237 19.376453400
0.999987245 -0.002933141 0.004118425 0.422510356 0.002900959 0.999965370 0.007798492 -0.695365071 -0.004141156 -0.007786445 0.999961138 19.852233887
0.999986351 -0.002321474 0.004681174 0.426412404 0.002283416 0.999964416 0.008119011 -0.711895108 -0.004699856 -0.008108212 0.999956012 20.384243011
0.999985933 -0.003446901 0.004030373 0.429046631 0.003412321 0.999957681 0.008555545 -0.737451375 -0.004059692 -0.008541672 0.999955297 20.761056900
0.999985695 -0.003763114 0.003790273 0.441281617 0.003731178 0.999957860 0.008397789 -0.749451995 -0.003821714 -0.008383528 0.999957621 21.261791229
0.999990225 -0.002907142 0.003325949 0.453618079 0.002878354 0.999958634 0.008627805 -0.769981682 -0.003350894 -0.008618147 0.999957263 21.768728256
0.999990225 -0.002747006 0.003454684 0.455534190 0.002717829 0.999960840 0.008422431 -0.771051109 -0.003477685 -0.008412961 0.999958515 22.294101715
0.999987245 -0.004231276 0.002736370 0.470477134 0.004204498 0.999943912 0.009718583 -0.809775710 -0.002777339 -0.009706954 0.999949038 22.697641373
0.999988496 -0.004353480 0.001972061 0.470810771 0.004333799 0.999941766 0.009877054 -0.825241208 -0.002014946 -0.009868395 0.999949276 23.215164185
0.999991834 -0.003450059 0.002074169 0.476738483 0.003430371 0.999949694 0.009421593 -0.825664043 -0.002106569 -0.009414400 0.999953449 23.766847610
0.999987006 -0.005037669 0.000743377 0.493238598 0.005030147 0.999939382 0.009795872 -0.847678304 -0.000792680 -0.009792006 0.999951661 24.252365112
0.999988317 -0.004815802 0.000329052 0.502048314 0.004812747 0.999950349 0.008725645 -0.840328574 -0.000371056 -0.008723959 0.999961853 24.789926529
0.999990284 -0.004390518 -0.000255519 0.525629878 0.004392832 0.999941409 0.009895178 -0.857193291 0.000212059 -0.009896205 0.999951005 25.324195862
0.999989748 -0.004426493 -0.000983343 0.512596011 0.004436751 0.999933064 0.010686385 -0.890148759 0.000935975 -0.010690640 0.999942362 25.810171127
0.999981344 -0.005976168 -0.001298503 0.529178679 0.005990082 0.999921620 0.010989809 -0.900905430 0.001232724 -0.010997383 0.999938726 26.366725922
0.999973655 -0.006842499 -0.002441518 0.547039092 0.006869441 0.999913633 0.011202315 -0.899193347 0.002364656 -0.011218792 0.999934256 26.926004410
0.999983072 -0.005335025 -0.002335808 0.575348496 0.005360353 0.999925315 0.010974152 -0.933144629 0.002277086 -0.010986486 0.999937057 27.486660004
0.999984622 -0.004957512 -0.002480052 0.543079495 0.004987278 0.999913812 0.012143321 -0.965346694 0.002419638 -0.012155502 0.999923170 27.957592010
0.999983549 -0.004958882 -0.002880786 0.548111856 0.004994662 0.999908745 0.012548881 -0.976843953 0.002818295 -0.012563061 0.999917090 28.509901047
0.999987006 -0.004565486 -0.002233454 0.536454618 0.004593034 0.999911427 0.012488817 -0.990560412 0.002176238 -0.012498916 0.999919534 29.068740845
0.999985397 -0.004515695 -0.002958706 0.554793715 0.004550239 0.999920368 0.011774410 -0.989399672 0.002905300 -0.011787702 0.999926329 29.617174149
0.999986768 -0.004148692 -0.003036627 0.543994606 0.004187409 0.999908507 0.012856629 -1.015927315 0.002983012 -0.012869174 0.999912739 30.068588257
0.999984324 -0.004551078 -0.003255133 0.564523995 0.004591451 0.999911249 0.012504838 -1.027108550 0.003197934 -0.012519589 0.999916553 30.609720230
0.999981940 -0.004697022 -0.003755302 0.569066763 0.004747773 0.999895930 0.013621571 -1.048161149 0.003690931 -0.013639154 0.999900103 31.162754059
0.999983370 -0.003948075 -0.004226759 0.608260572 0.004005193 0.999899626 0.013591252 -1.047777653 0.004172676 -0.013607956 0.999898672 31.708841324
0.999983311 -0.003870357 -0.004292212 0.599074602 0.003928073 0.999900818 0.013520660 -1.062917471 0.004239457 -0.013537295 0.999899387 32.212913513
0.999976993 -0.005212139 -0.004327812 0.595128417 0.005274163 0.999881744 0.014445952 -1.116878748 0.004252006 -0.014468445 0.999886274 32.770736694
0.999969363 -0.006206235 -0.004770323 0.603607953 0.006277648 0.999866188 0.015103951 -1.139850259 0.004675946 -0.015133435 0.999874532 33.307846069
0.999967158 -0.006287828 -0.005115944 0.602445364 0.006365824 0.999861538 0.015375246 -1.154234409 0.005018559 -0.015407308 0.999868691 33.835060120
0.999965549 -0.006219923 -0.005497354 0.622272253 0.006304434 0.999860168 0.015491949 -1.152176023 0.005400226 -0.015526073 0.999864876 34.436012268
0.999967158 -0.006413281 -0.004933838 0.572112203 0.006489144 0.999858499 0.015516981 -1.158370733 0.004833625 -0.015548490 0.999867380 34.899883270
0.999957621 -0.007080944 -0.005877111 0.607389450 0.007176838 0.999838710 0.016459005 -1.226199627 0.005759619 -0.016500488 0.999847293 35.445922852
0.999962866 -0.006624114 -0.005509542 0.598657668 0.006713655 0.999843001 0.016395383 -1.237050056 0.005400072 -0.016431764 0.999850452 36.004692078
0.999971807 -0.005093890 -0.005520900 0.617332578 0.005182002 0.999857545 0.016064765 -1.231309056 0.005438281 -0.016092919 0.999855757 36.574573517
0.999953985 -0.007124659 -0.006429038 0.625683784 0.007240524 0.999808431 0.018182434 -1.285367250 0.006298263 -0.018228143 0.999814093 37.051536560
0.999965966 -0.006363283 -0.005269668 0.590242922 0.006454755 0.999825537 0.017526908 -1.275210142 0.005157219 -0.017560324 0.999832511 37.649364471
0.999962568 -0.005884716 -0.006343517 0.617291868 0.005993067 0.999834180 0.017199034 -1.297906876 0.006241254 -0.017236406 0.999832034 38.297897339
0.999956012 -0.007433242 -0.005710707 0.618407011 0.007535725 0.999807000 0.018138863 -1.331020117 0.005574775 -0.018181100 0.999819100 38.590171814
0.999944031 -0.008890328 -0.005740307 0.624611020 0.009004219 0.999756813 0.020129453 -1.386231661 0.005559955 -0.020180015 0.999780834 39.118412018
0.999945819 -0.008366290 -0.006180617 0.664025128 0.008488310 0.999764144 0.019987050 -1.392213464 0.006011943 -0.020038430 0.999781072 39.659915924
0.999937236 -0.009116235 -0.006520200 0.679389358 0.009248217 0.999746859 0.020506538 -1.422803640 0.006331609 -0.020565551 0.999768436 40.235935211
0.999950767 -0.007934148 -0.005949369 0.673470140 0.008049465 0.999775231 0.019616282 -1.411638618 0.005792393 -0.019663207 0.999789834 40.761470795
0.999946177 -0.008142112 -0.006416452 0.706073165 0.008265897 0.999775529 0.019507440 -1.417619467 0.006256180 -0.019559430 0.999789119 41.353134155
0.999946058 -0.008084459 -0.006524117 0.705764413 0.008218432 0.999750376 0.020776389 -1.436656356 0.006354523 -0.020828890 0.999762833 41.890552521
0.999941468 -0.008569457 -0.006615349 0.716174304 0.008705771 0.999744475 0.020859443 -1.447281122 0.006434905 -0.020915814 0.999760449 42.427490234
0.999941051 -0.008577138 -0.006659806 0.709056973 0.008710486 0.999756813 0.020258782 -1.431046963 0.006484422 -0.020315593 0.999772608 42.824356079
0.999942005 -0.008534578 -0.006573550 0.708028316 0.008669662 0.999746025 0.020802794 -1.438216686 0.006394337 -0.020858575 0.999762058 43.356216431
0.999932945 -0.009472780 -0.006665978 0.717223108 0.009613028 0.999726176 0.021331364 -1.451106310 0.006462086 -0.021394012 0.999750316 43.899852753
0.999934375 -0.009402788 -0.006546109 0.727777958 0.009542534 0.999719918 0.021654241 -1.452433467 0.006340665 -0.021715278 0.999744117 44.448486328
0.999913752 -0.011094111 -0.007044978 0.754336298 0.011248888 0.999687493 0.022323947 -1.444950819 0.006795111 -0.022401262 0.999726057 44.945899963
0.999903142 -0.011477827 -0.007877639 0.797661304 0.011644958 0.999700725 0.021508113 -1.424741507 0.007628415 -0.021597758 0.999737680 45.533199310
0.999947309 -0.008267049 -0.006085641 0.742097139 0.008390862 0.999752343 0.020608727 -1.476797581 0.005913759 -0.020658700 0.999769092 45.954330444
0.999955118 -0.007562390 -0.005709474 0.739689946 0.007680604 0.999750435 0.020975349 -1.485167742 0.005549424 -0.021018261 0.999763787 46.505153656
0.999942720 -0.008554907 -0.006438793 0.753648281 0.008692823 0.999726772 0.021705640 -1.494457245 0.006251344 -0.021760363 0.999743700 47.050155640
0.999948561 -0.008431697 -0.005636838 0.742466807 0.008553570 0.999722362 0.021958074 -1.511137843 0.005450130 -0.022005158 0.999742985 47.569522858
0.999940157 -0.008953768 -0.006293750 0.783480167 0.009088257 0.999723792 0.021675361 -1.495719671 0.006097937 -0.021731265 0.999745250 48.080326080
0.999935508 -0.009101577 -0.006793804 0.778288722 0.009242837 0.999735534 0.021059198 -1.506534696 0.006600338 -0.021120638 0.999755144 48.583106995
0.999939203 -0.009118741 -0.006194685 0.783494711 0.009248124 0.999732733 0.021189082 -1.510626316 0.005999811 -0.021245081 0.999756336 49.138111115
0.999933362 -0.009322412 -0.006801531 0.796073854 0.009468060 0.999719560 0.021706106 -1.517875552 0.006597269 -0.021769054 0.999741316 49.694038391
0.999936044 -0.009222366 -0.006542732 0.801036239 0.009359480 0.999730527 0.021245336 -1.514660597 0.006345035 -0.021305213 0.999752879 50.269088745
0.999941528 -0.008493386 -0.006680553 0.825411320 0.008635507 0.999730766 0.021540983 -1.517641425 0.006495798 -0.021597413 0.999745667 50.792755127
0.999941170 -0.008392661 -0.006868767 0.820054650 0.008533374 0.999748886 0.020719843 -1.518283367 0.006693147 -0.020777242 0.999761701 51.193923950
0.999949872 -0.007722012 -0.006358456 0.826218486 0.007845669 0.999775946 0.019658292 -1.518822074 0.006205230 -0.019707194 0.999786496 51.739677429
0.999933422 -0.009364914 -0.006738299 0.859012604 0.009496037 0.999760985 0.019698108 -1.503944874 0.006552216 -0.019760787 0.999783218 52.282241821
0.999937356 -0.008902395 -0.006780557 0.842850924 0.009036668 0.999758482 0.020036278 -1.534651399 0.006600548 -0.020096304 0.999776244 52.784881592
0.999942958 -0.008839398 -0.005994760 0.791675985 0.008967059 0.999726176 0.021613678 -1.588776231 0.005802066 -0.021666203 0.999748409 53.324134827
0.999936581 -0.008713347 -0.007134408 0.838775992 0.008863824 0.999732971 0.021339025 -1.550409555 0.006946569 -0.021400910 0.999746799 53.860393524
0.999942422 -0.008505150 -0.006542035 0.827329218 0.008638833 0.999748826 0.020685155 -1.553771257 0.006364462 -0.020740483 0.999764621 54.408542633
0.999942243 -0.008669718 -0.006350050 0.832044363 0.008799153 0.999748051 0.020647265 -1.555114865 0.006169444 -0.020701949 0.999766648 54.952983856
0.999951303 -0.007683824 -0.006187860 0.851162255 0.007803684 0.999777794 0.019585002 -1.537254572 0.006035996 -0.019632336 0.999789000 55.503261566
0.999951005 -0.007810819 -0.006082716 0.865451574 0.007926482 0.999783754 0.019228807 -1.541160703 0.005931207 -0.019276077 0.999796629 56.103084564
0.999954998 -0.007704293 -0.005544558 0.895117998 0.007813925 0.999768853 0.020030534 -1.564845204 0.005388955 -0.020072958 0.999783993 56.609634399
0.999954641 -0.006926385 -0.006541110 0.941899061 0.007067936 0.999735832 0.021870876 -1.597480893 0.006387896 -0.021916112 0.999739408 56.946296692
0.999961436 -0.006859715 -0.005501990 0.943155527 0.006980013 0.999730349 0.022151647 -1.607109547 0.005348551 -0.022189192 0.999739468 57.478584290
0.999961317 -0.006922443 -0.005440566 0.946692705 0.007038709 0.999740899 0.021649871 -1.601084232 0.005289286 -0.021687323 0.999750793 58.031295776
0.999962807 -0.007017550 -0.005024467 0.965155721 0.007122953 0.999748349 0.021277014 -1.598949075 0.004873889 -0.021312013 0.999760985 58.560138702
0.999971032 -0.006460282 -0.004034386 0.944779098 0.006550855 0.999717355 0.022856383 -1.624511838 0.003885587 -0.022882150 0.999730587 59.048877716
0.999961853 -0.006740650 -0.005564275 0.956906557 0.006860526 0.999738574 0.021813551 -1.617248535 0.005415781 -0.021850895 0.999746561 59.593166351
0.999960423 -0.006718127 -0.005831089 0.936668456 0.006842914 0.999742270 0.021651067 -1.612487674 0.005684132 -0.021690112 0.999748707 60.050151825
0.999955237 -0.006704596 -0.006658384 0.960725427 0.006848439 0.999738395 0.021820782 -1.618257165 0.006510342 -0.021865403 0.999739707 60.583232880
0.999953747 -0.007254844 -0.006312438 0.952799737 0.007379362 0.999774098 0.019931501 -1.578239918 0.006166412 -0.019977160 0.999781430 61.121227264
0.999957144 -0.006329660 -0.006752370 0.997198880 0.006475073 0.999742806 0.021735122 -1.611206651 0.006613058 -0.021777913 0.999740899 61.652553558
0.999960005 -0.006458719 -0.006188435 0.988470256 0.006593504 0.999735892 0.022013087 -1.624368548 0.006044624 -0.022053001 0.999738634 62.122138977
0.999960184 -0.006461232 -0.006152347 0.997005880 0.006592985 0.999743998 0.021641133 -1.630839825 0.006010943 -0.021680832 0.999746919 62.662910461
0.999958694 -0.006784893 -0.006035700 0.983714104 0.006918340 0.999725878 0.022370802 -1.658532023 0.005882260 -0.022411635 0.999731481 63.207550049
0.999955058 -0.006312074 -0.007086288 1.063670278 0.006468056 0.999732435 0.022209024 -1.647369266 0.006944207 -0.022253854 0.999728203 63.744159698
0.999964356 -0.006082744 -0.005857338 1.002603292 0.006209418 0.999741912 0.021856990 -1.659457207 0.005722877 -0.021892579 0.999743938 64.378494263
0.999959409 -0.006484518 -0.006246306 1.036892295 0.006619703 0.999738991 0.021870667 -1.636661410 0.006102854 -0.021911131 0.999741316 64.759788513
0.999960959 -0.006255599 -0.006241367 1.058402300 0.006394160 0.999727905 0.022433199 -1.653979540 0.006099334 -0.022472231 0.999728858 65.286514282
0.999961734 -0.006489396 -0.005856027 1.054360628 0.006611891 0.999754488 0.021146556 -1.635847092 0.005717360 -0.021184467 0.999759316 65.857635498
0.999965727 -0.006363386 -0.005282075 1.073793769 0.006478573 0.999734998 0.022084238 -1.652259946 0.005140144 -0.022117702 0.999742210 66.384094238
0.999963403 -0.005892636 -0.006189962 1.114634991 0.006018570 0.999771118 0.020527117 -1.619945407 0.006067586 -0.020563621 0.999770164 66.947471619
0.999952376 -0.007113897 -0.006668961 1.094808340 0.007256442 0.999740362 0.021599615 -1.642084241 0.006513573 -0.021646988 0.999744415 67.377372742
0.999956310 -0.006784923 -0.006418209 1.084015846 0.006921291 0.999745488 0.021468893 -1.648494720 0.006270912 -0.021512378 0.999748826 67.939918518
0.999965191 -0.005794710 -0.006002050 1.099168897 0.005921839 0.999753773 0.021384383 -1.662629247 0.005876656 -0.021419184 0.999753416 68.450630188
0.999957263 -0.006864957 -0.006193316 1.113829017 0.006995319 0.999749184 0.021278685 -1.648790359 0.006045684 -0.021321099 0.999754488 68.996650696
0.999967515 -0.005477444 -0.005912918 1.112786412 0.005603829 0.999751449 0.021573719 -1.665945053 0.005793279 -0.021606147 0.999749839 69.498985291
0.999970376 -0.005385957 -0.005496230 1.111833453 0.005504052 0.999749243 0.021702664 -1.681026697 0.005377963 -0.021732273 0.999749303 69.982536316
0.999971390 -0.005285118 -0.005404777 1.122407675 0.005401275 0.999749720 0.021707505 -1.687664270 0.005288698 -0.021736080 0.999749720 70.526893616
0.999967575 -0.005711176 -0.005690811 1.138970375 0.005828771 0.999765217 0.020865981 -1.689945459 0.005570306 -0.020898473 0.999766052 71.080192566
0.999988914 -0.001714736 -0.004396990 1.165437818 0.001810633 0.999758542 0.021898994 -1.741681576 0.004358377 -0.021906713 0.999750495 71.509307861
0.999981344 -0.003375272 -0.005093726 1.157299757 0.003479391 0.999782264 0.020571951 -1.686404228 0.005023181 -0.020589290 0.999775410 72.164596558
0.999972343 -0.004920885 -0.005577830 1.137659788 0.005040732 0.999752223 0.021679847 -1.691524744 0.005469762 -0.021707362 0.999749422 72.595573425
0.999969602 -0.005542910 -0.005487931 1.147258043 0.005662553 0.999741197 0.022031100 -1.698768735 0.005364395 -0.022061506 0.999742210 73.150413513
0.999967396 -0.005598928 -0.005808360 1.168714762 0.005719818 0.999762952 0.021009749 -1.675577044 0.005689350 -0.021042291 0.999762416 73.678070068
0.999965012 -0.005726287 -0.006100887 1.164088964 0.005859183 0.999741018 0.021992506 -1.701614738 0.005973371 -0.022027485 0.999739468 74.103271484
0.999971807 -0.005442617 -0.005169800 1.138689518 0.005552868 0.999752223 0.021556651 -1.694325328 0.005051193 -0.021584749 0.999754190 74.677024841
0.999961853 -0.006761311 -0.005521571 1.150605321 0.006877294 0.999750257 0.021263976 -1.694724441 0.005376419 -0.021301141 0.999758542 75.229553223
0.999959290 -0.006568222 -0.006185584 1.174374104 0.006696705 0.999757349 0.020984966 -1.699749947 0.006046249 -0.021025533 0.999760687 75.738693237
0.999962628 -0.006326684 -0.005878491 1.176741362 0.006450363 0.999753118 0.021264005 -1.708439469 0.005742510 -0.021301130 0.999756634 76.211235046
0.999973953 -0.005167719 -0.005025007 1.137222767 0.005275015 0.999753237 0.021578999 -1.704546690 0.004912253 -0.021604950 0.999754429 76.805892944
0.999968588 -0.005825228 -0.005364835 1.148119688 0.005939059 0.999752283 0.021452481 -1.702870131 0.005238540 -0.021483671 0.999755442 77.347747803
0.999967754 -0.006012483 -0.005326058 1.154107451 0.006125202 0.999752104 0.021406464 -1.707538486 0.005196032 -0.021438397 0.999756634 77.876342773
0.999974847 -0.005199811 -0.004819876 1.155624390 0.005298238 0.999772966 0.020638427 -1.703461170 0.004711467 -0.020663437 0.999775410 78.394004822
0.999983668 -0.004896390 -0.002954266 1.153564930 0.004959065 0.999754429 0.021594325 -1.710708618 0.002847807 -0.021608626 0.999762416 78.873519897
0.999990344 -0.004299135 -0.000891794 1.149180889 0.004317260 0.999760985 0.021429578 -1.722055197 0.000799453 -0.021433219 0.999769986 79.419929504
0.999988675 -0.004756656 0.000079317 1.170740366 0.004753985 0.999773145 0.020760208 -1.724650145 -0.000178048 -0.020759597 0.999784470 79.999877930
0.999993980 -0.003013484 0.001733325 1.152161598 0.002974632 0.999753535 0.021996664 -1.754753709 -0.001799184 -0.021991374 0.999756634 80.535568237
0.999986172 -0.003904885 0.003526849 1.211863279 0.003826701 0.999752641 0.021909321 -1.739313245 -0.003611530 -0.021895520 0.999753714 80.974670410
0.999965787 -0.004027706 0.007222441 1.232584953 0.003871852 0.999762118 0.021464856 -1.729375243 -0.007307176 -0.021436160 0.999743462 81.516677856
0.999941587 -0.004150284 0.009976360 1.269028664 0.003932520 0.999755681 0.021749347 -1.735589266 -0.010064188 -0.021708848 0.999713600 82.038177490
0.999890804 -0.004085704 0.014201568 1.295169711 0.003778482 0.999759614 0.021592915 -1.738549829 -0.014286377 -0.021536894 0.999665916 82.582695007
0.999794483 -0.003306457 0.020001117 1.304627061 0.002863403 0.999750733 0.022139724 -1.755444646 -0.020069337 -0.022077901 0.999554813 83.033294678
0.999644816 -0.003147595 0.026461434 1.321774006 0.002571949 0.999759853 0.021760127 -1.752333164 -0.026523571 -0.021684345 0.999412954 83.598945618
0.999485612 -0.003332858 0.031897519 1.369074702 0.002632907 0.999755383 0.021960650 -1.753992081 -0.031962909 -0.021865372 0.999249876 84.120033264
0.999174595 -0.002678049 0.040533043 1.413044930 0.001753716 0.999737978 0.022822835 -1.771988273 -0.040583543 -0.022732910 0.998917520 84.679100037
0.998778582 -0.002739904 0.049332768 1.450073481 0.001641338 0.999750078 0.022295229 -1.768113732 -0.049381517 -0.022187028 0.998533547 85.218544006
0.998467207 -0.003589525 0.055229194 1.495277166 0.002371326 0.999752820 0.022106899 -1.758846045 -0.055294890 -0.021942047 0.998228967 85.710006714
0.997909129 -0.003764005 0.064524136 1.553718567 0.002370448 0.999762535 0.021660440 -1.759290457 -0.064590350 -0.021462196 0.997680962 86.261230469
0.997176886 -0.002933302 0.075031251 1.608100891 0.001338186 0.999772131 0.021300802 -1.759904265 -0.075076640 -0.021140261 0.996953666 86.838066101
0.996449232 -0.003432282 0.084126480 1.656621933 0.001670954 0.999778092 0.020998146 -1.761185527 -0.084179893 -0.020783015 0.996233761 87.416778564
0.995811760 -0.003732554 0.091351271 1.725249767 0.001709347 0.999751747 0.022215789 -1.779472232 -0.091411501 -0.021966590 0.995570898 87.856094360
0.994729221 -0.003772474 0.102467358 1.800301075 0.001545233 0.999760985 0.021806803 -1.775014162 -0.102525130 -0.021533526 0.994497359 88.407485962
0.993584275 -0.003051035 0.113053270 1.869000435 0.000533166 0.999751329 0.022295069 -1.774304032 -0.113093182 -0.022091754 0.993338823 88.973655701
0.992551625 -0.003837453 0.121764585 1.957182884 0.001171159 0.999758065 0.021961149 -1.783143759 -0.121819392 -0.021654965 0.992316067 89.520736694
0.991133749 -0.005203699 0.132766500 2.067282677 0.002358718 0.999764442 0.021576744 -1.782653451 -0.132847488 -0.021072280 0.990912497 90.082901001
0.989356637 -0.003529508 0.145468533 2.148293495 0.000273890 0.999749124 0.022394182 -1.799941778 -0.145511091 -0.022115985 0.989109397 90.623771667
0.987618089 -0.004402316 0.156815618 2.183531761 0.001017869 0.999764919 0.021656113 -1.756395102 -0.156874061 -0.021228353 0.987390459 91.200897217
0.986127377 -0.004423832 0.165931299 2.302481651 0.000784383 0.999757826 0.021992596 -1.760236263 -0.165988386 -0.021557344 0.985892057 91.743591309
0.983907104 -0.003881583 0.178638637 2.409011841 0.000023331 0.999766827 0.021595117 -1.765064001 -0.178680792 -0.021243421 0.983677745 92.283950806
0.981558859 -0.004011220 0.191117629 2.533833504 -0.000079314 0.999771237 0.021390779 -1.779224634 -0.191159666 -0.021011468 0.981334031 92.811180115
0.979410350 -0.004509264 0.201829329 2.669913292 0.000181068 0.999769747 0.021458164 -1.773100019 -0.201879591 -0.020979801 0.979185581 93.386398315
0.976583362 -0.004690559 0.215087831 2.775943756 -0.000012785 0.999761045 0.021860490 -1.754657030 -0.215138957 -0.021351339 0.976350009 93.827522278
0.973521531 -0.005315411 0.228532970 2.925819397 0.000267048 0.999755323 0.022115555 -1.758717299 -0.228594616 -0.021468945 0.973285019 94.343963623
0.970721781 -0.006675896 0.240113914 3.079898834 0.001510982 0.999763608 0.021687936 -1.753870726 -0.240201950 -0.020690145 0.970502436 94.885108948
0.967493653 -0.005697002 0.252830744 3.239894867 0.000250791 0.999767363 0.021567937 -1.734263420 -0.252894789 -0.020803435 0.967270076 95.441131592
0.963845491 -0.005458922 0.266405851 3.391683578 -0.000258927 0.999770403 0.021423079 -1.745816112 -0.266461641 -0.020717515 0.963622868 95.928405762
0.960241556 -0.005937260 0.279107392 3.568710327 -0.000002010 0.999773681 0.021274410 -1.752129555 -0.279170573 -0.020429131 0.960024178 96.448440552
0.956912458 -0.006684908 0.290299475 3.757057190 0.000312284 0.999758065 0.021992672 -1.765532255 -0.290376246 -0.020954406 0.956683040 96.964118958
0.952554762 -0.007235953 0.304281503 3.940780640 0.000639140 0.999762714 0.021773983 -1.758836746 -0.304366827 -0.020546429 0.952333331 97.557548523
0.948011696 -0.005944327 0.318179756 4.154878616 -0.001020141 0.999763608 0.021717370 -1.764432430 -0.318233609 -0.020912910 0.947781622 98.066520691
0.944176257 -0.006646243 0.329373419 4.371664047 -0.000387722 0.999773324 0.021285309 -1.762244225 -0.329440206 -0.020224791 0.943959773 98.586853027
0.939652681 -0.007003488 0.342058331 4.564630508 -0.000316194 0.999772251 0.021338480 -1.770208597 -0.342129856 -0.020158917 0.939436436 99.078598022
0.934836984 -0.008223575 0.354982018 4.809223175 0.000745448 0.999775052 0.021197846 -1.783595562 -0.355076522 -0.019551907 0.934632778 99.553558350
0.929710269 -0.008397602 0.368196130 5.013265610 0.000503085 0.999768138 0.021531815 -1.789090395 -0.368291557 -0.019833116 0.929498792 100.145027161
0.925121307 -0.008199768 0.379583061 5.254964828 0.000412846 0.999787867 0.020591270 -1.778927922 -0.379671395 -0.018892709 0.924928486 100.642211914
0.919164121 -0.008310136 0.393786997 5.461229324 -0.000210273 0.999766886 0.021589018 -1.771644592 -0.393874615 -0.019926654 0.918948174 101.091987610
0.913465321 -0.008077485 0.406836212 5.707141876 -0.000672806 0.999771535 0.021360502 -1.778052807 -0.406915843 -0.019785797 0.913251400 101.587226868
0.908769131 -0.008886599 0.417204499 5.956649780 0.000203284 0.999782503 0.020852908 -1.774460673 -0.417299062 -0.018865671 0.908573389 102.076263428
0.903299868 -0.009649130 0.428901285 6.221931458 0.000978680 0.999790728 0.020431440 -1.775044322 -0.429008663 -0.018035956 0.903120339 102.582611084
0.896356285 -0.009307183 0.443236798 6.475307465 0.000010351 0.999780059 0.020972667 -1.781889439 -0.443334550 -0.018794393 0.896159232 103.061981201
0.890430927 -0.009618520 0.455016881 6.716186523 0.000481766 0.999795973 0.020191735 -1.770181656 -0.455118239 -0.017760133 0.890253842 103.563827515
0.884325743 -0.008612646 0.466790974 7.003917694 -0.001514618 0.999771535 0.021315953 -1.778127432 -0.466867924 -0.019557258 0.884110689 104.092163086
0.876679957 -0.008436200 0.481000125 7.288349152 -0.002190955 0.999765813 0.021528041 -1.786101818 -0.481069088 -0.019927053 0.876456141 104.576599121
