1.000000000 0.000000000 0.000000000 0.000000000 0.000000000 1.000000000 0.000000000 0.000000000 0.000000000 0.000000000 1.000000000 0.000000000
1.000000000 -0.000011360 0.000154164 -0.001798363 0.000011349 1.000000000 0.000072987 0.000732216 -0.000154165 -0.000072985 1.000000000 0.002585929
0.999999940 0.000227394 0.000147799 -0.002133893 -0.000227426 0.999999940 0.000213278 0.000487273 -0.000147751 -0.000213311 0.999999940 0.002728236
1.000000000 0.000130023 -0.000106925 0.000837683 -0.000130006 1.000000000 0.000159310 -0.000714071 0.000106946 -0.000159296 1.000000000 -0.000462858
0.999999940 0.000211975 0.000187292 -0.001652165 -0.000211990 1.000000000 0.000078891 -0.000373348 -0.000187276 -0.000078930 1.000000000 0.000445780
1.000000000 0.000111396 0.000024278 -0.000753161 -0.000111398 1.000000000 0.000101456 -0.000389208 -0.000024266 -0.000101459 1.000000000 -0.001038901
1.000000000 -0.000097777 0.000103142 -0.000342818 0.000097769 1.000000000 0.000079680 -0.000368829 -0.000103150 -0.000079670 1.000000000 -0.000658908
1.000000000 -0.000105817 0.000199875 -0.002148304 0.000105790 1.000000000 0.000132093 0.000862324 -0.000199889 -0.000132072 1.000000000 0.004001258
1.000000000 -0.000021198 0.000160985 -0.001080091 0.000021189 1.000000000 0.000059721 0.000888268 -0.000160986 -0.000059718 1.000000000 0.002935021
1.000000000 -0.000089808 0.000190761 -0.001338520 0.000089798 1.000000000 0.000053513 0.000620090 -0.000190766 -0.000053496 1.000000000 0.002037730
1.000000000 -0.000102769 0.000192463 -0.001223126 0.000102777 1.000000000 -0.000041794 0.001942931 -0.000192459 0.000041814 1.000000000 0.003641876
1.000000000 0.000076092 0.000095128 -0.000175703 -0.000076110 1.000000000 0.000188904 -0.000755533 -0.000095113 -0.000188911 1.000000000 0.000417460
0.999999940 0.000047144 0.000267972 -0.002975161 -0.000047126 1.000000000 -0.000065899 0.002582257 -0.000267975 0.000065886 0.999999940 0.005475263
0.999999940 -0.000314019 0.000158819 -0.001908977 0.000313988 0.999999940 0.000198550 0.000038507 -0.000158881 -0.000198501 0.999999940 0.002368986
1.000000000 0.000030097 0.000219017 -0.002781158 -0.000030133 1.000000000 0.000164174 0.000149918 -0.000219013 -0.000164181 0.999999940 0.002552595
1.000000000 0.000045318 0.000140858 -0.000272789 -0.000045348 1.000000000 0.000210737 -0.001282549 -0.000140848 -0.000210743 0.999999940 -0.001628606
1.000000000 -0.000029774 0.000053652 -0.002198116 0.000029768 1.000000000 0.000124169 0.000463194 -0.000053655 -0.000124167 1.000000000 0.003190047
0.999999940 0.000084662 0.000277842 -0.002104262 -0.000084702 1.000000000 0.000141924 0.000804396 -0.000277830 -0.000141948 0.999999940 0.002175492
0.999999940 0.000004475 0.000280443 -0.003419654 -0.000004514 1.000000000 0.000137668 0.000387543 -0.000280443 -0.000137669 0.999999940 0.002814727
0.999999940 0.000240947 0.000138566 -0.002004382 -0.000240967 0.999999940 0.000142083 0.000481214 -0.000138532 -0.000142116 1.000000000 0.002936978
0.999999940 0.000286539 0.000196014 -0.001770351 -0.000286613 0.999999881 0.000377715 -0.001477059 -0.000195906 -0.000377771 0.999999881 0.001037159
0.999999940 0.000210676 0.000166371 -0.002781122 -0.000210706 0.999999940 0.000178159 0.000383268 -0.000166334 -0.000178194 1.000000000 0.003093426
1.000000000 0.000059605 0.000198433 -0.001397891 -0.000059668 0.999999940 0.000313892 -0.001252534 -0.000198414 -0.000313904 0.999999940 0.000146786
0.999999940 0.000136552 0.000258073 -0.001876473 -0.000136640 0.999999940 0.000342069 -0.001326602 -0.000258026 -0.000342105 0.999999881 0.002748719
0.999999881 0.000261166 0.000345799 -0.003171174 -0.000261243 0.999999940 0.000222968 0.000359637 -0.000345741 -0.000223058 0.999999940 0.001886587
1.000000000 0.000015522 0.000200096 -0.002021031 -0.000015529 1.000000000 0.000031635 0.002142699 -0.000200096 -0.000031638 1.000000000 0.004626740
0.999999940 -0.000236477 0.000072467 -0.000155257 0.000236479 1.000000000 -0.000032959 0.001022156 -0.000072459 0.000032976 1.000000000 0.000449373
1.000000000 0.000010231 0.000157930 0.000132288 -0.000010234 1.000000000 0.000015842 0.000541913 -0.000157930 -0.000015844 1.000000000 0.000391091
0.999999940 0.000341108 0.000232512 -0.003236515 -0.000341102 0.999999940 -0.000023225 0.002138329 -0.000232519 0.000023145 1.000000000 0.004860545
1.000000000 -0.000072170 0.000191777 -0.002387354 0.000072129 1.000000000 0.000214533 0.000444951 -0.000191792 -0.000214519 0.999999940 0.003330017
1.000000000 0.000028829 0.000169192 -0.001506746 -0.000028829 1.000000000 0.000002682 0.001598416 -0.000169192 -0.000002687 1.000000000 0.003248620
1.000000000 -0.000025733 0.000218348 -0.002260385 0.000025706 1.000000000 0.000125398 0.001115139 -0.000218351 -0.000125393 0.999999940 0.003367215
1.000000000 -0.000050731 0.000215399 -0.002615840 0.000050730 1.000000000 0.000002575 0.001340756 -0.000215400 -0.000002564 1.000000000 0.002736846
0.999999940 -0.000126463 0.000343849 -0.002326919 0.000126479 1.000000000 -0.000048863 0.002187406 -0.000343843 0.000048907 0.999999940 0.003971177
1.000000000 -0.000139583 0.000181367 -0.001699358 0.000139564 1.000000000 0.000105254 0.000467491 -0.000181382 -0.000105229 1.000000000 0.001682380
0.999999940 0.000271371 0.000261453 -0.001798047 -0.000271421 0.999999940 0.000190556 0.000386897 -0.000261401 -0.000190627 0.999999940 0.001265605
1.000000000 0.000031058 0.000107425 0.000385299 -0.000031077 1.000000000 0.000174764 0.001130518 -0.000107420 -0.000174767 1.000000000 0.000760335
1.000000000 -0.000097089 0.000182073 -0.001593514 0.000097057 1.000000000 0.000177193 0.001025507 -0.000182090 -0.000177175 0.999999940 0.003807865
0.999999940 0.000065899 0.000260932 -0.003147733 -0.000065955 1.000000000 0.000215995 0.001149076 -0.000260918 -0.000216013 0.999999940 0.004854086
1.000000000 -0.000057622 0.000192215 -0.000946663 0.000057583 1.000000000 0.000204919 -0.000003642 -0.000192227 -0.000204908 0.999999940 0.001448639
0.999999940 -0.000098853 0.000355795 -0.001645412 0.000098793 1.000000000 0.000169458 -0.000097147 -0.000355811 -0.000169423 0.999999940 0.002718601
0.999999940 -0.000178894 0.000221656 0.000503930 0.000179032 0.999999762 -0.000621341 0.000338520 -0.000221545 0.000621381 0.999999762 0.051524509
0.999999940 0.000214683 0.000248258 -0.001641460 -0.000214400 0.999999344 -0.001138386 -0.003275146 -0.000248502 0.001138332 0.999999344 0.138528734
0.999999881 0.000489296 0.000184850 0.001197915 -0.000489044 0.999998927 -0.001363241 -0.005539879 -0.000185516 0.001363150 0.999999046 0.253693104
0.999999881 0.000333880 -0.000306366 0.008031844 -0.000334188 0.999999464 -0.001005952 -0.013211539 0.000306030 0.001006055 0.999999464 0.383310199
0.999999881 0.000427994 -0.000082065 0.009127515 -0.000428067 0.999999523 -0.000888162 -0.017225236 0.000081685 0.000888197 0.999999583 0.521147788
0.999999881 0.000452419 -0.000092217 0.013862968 -0.000452474 0.999999702 -0.000596865 -0.028175889 0.000091947 0.000596907 0.999999821 0.663761377
1.000000000 -0.000101972 -0.000118198 0.019334998 0.000101860 0.999999523 -0.000950187 -0.022645418 0.000118295 0.000950175 0.999999523 0.838820338
1.000000000 -0.000025711 -0.000032674 0.019089887 0.000025688 0.999999762 -0.000696769 -0.027601849 0.000032692 0.000696768 0.999999762 1.010619879
0.999999940 0.000384010 -0.000050014 0.022564113 -0.000384010 0.999999940 0.000000330 -0.037455231 0.000050014 -0.000000311 1.000000000 1.186864972
1.000000000 0.000208550 -0.000006311 0.023528067 -0.000208550 1.000000000 -0.000032310 -0.038571518 0.000006304 0.000032311 1.000000000 1.381177187
1.000000000 0.000032876 -0.000215745 0.037400018 -0.000032863 1.000000000 0.000060663 -0.049798530 0.000215747 -0.000060656 1.000000000 1.575917721
1.000000000 0.000139346 -0.000080160 0.041009504 -0.000139357 1.000000000 -0.000145750 -0.049832158 0.000080140 0.000145761 1.000000000 1.770274401
0.999998033 0.001479533 0.001321318 0.018220028 -0.001477785 0.999998033 -0.001322471 -0.045041479 -0.001323272 0.001320515 0.999998271 1.936393380
0.999996960 0.001747700 0.001720175 0.018461116 -0.001745433 0.999997616 -0.001318459 -0.052788589 -0.001722476 0.001315453 0.999997675 2.136964083
0.999997079 0.001710944 0.001704515 0.025874872 -0.001708598 0.999997616 -0.001376991 -0.058825102 -0.001706867 0.001374074 0.999997556 2.354915142
0.999998271 0.001365013 0.001310542 0.035681423 -0.001363178 0.999998093 -0.001399911 -0.065305337 -0.001312451 0.001398122 0.999998152 2.577118635
0.999997199 0.001654313 0.001707073 0.034661148 -0.001652380 0.999997973 -0.001132922 -0.071949251 -0.001708944 0.001130098 0.999997914 2.804953575
0.999996662 0.001914357 0.001751676 0.035563767 -0.001912713 0.999997735 -0.000939506 -0.079854541 -0.001753471 0.000936152 0.999998033 3.035939455
0.999997675 0.001282737 0.001744894 0.041900534 -0.001279838 0.999997735 -0.001661492 -0.079665668 -0.001747021 0.001659255 0.999997079 3.285513401
0.999998331 0.001110203 0.001498907 0.055764806 -0.001108464 0.999998689 -0.001160564 -0.092378005 -0.001500193 0.001158901 0.999998212 3.520397663
0.999997914 0.001342505 0.001523840 0.054115430 -0.001340819 0.999998510 -0.001106758 -0.099839501 -0.001525323 0.001104712 0.999998212 3.778995037
0.999996543 0.001668912 0.002023248 0.056147940 -0.001666977 0.999998212 -0.000957612 -0.106889211 -0.002024842 0.000954235 0.999997497 4.047299862
0.999997139 0.001485947 0.001860584 0.061456487 -0.001485464 0.999998927 -0.000260912 -0.119257413 -0.001860970 0.000258147 0.999998212 4.291599751
0.999997020 0.001612127 0.001799402 0.071071967 -0.001610948 0.999998450 -0.000656612 -0.123054296 -0.001800458 0.000653711 0.999998093 4.551175594
0.999995708 0.001767116 0.002301880 0.066014983 -0.001764879 0.999997973 -0.000973278 -0.125785962 -0.002303595 0.000969211 0.999996841 4.804054737
0.999996126 0.001856486 0.002080041 0.073979042 -0.001853920 0.999997556 -0.001235021 -0.131943807 -0.002082329 0.001231160 0.999997020 5.063627720
0.999996901 0.001393283 0.002031557 0.080670960 -0.001391648 0.999998748 -0.000805749 -0.141273275 -0.002032677 0.000802920 0.999997616 5.322948456
0.999994874 0.002430422 0.002076414 0.089178465 -0.002427681 0.999996126 -0.001321463 -0.145413965 -0.002079618 0.001316415 0.999997020 5.598625660
0.999995589 0.001372834 0.002608388 0.075666294 -0.001370812 0.999998689 -0.000776736 -0.158799648 -0.002609451 0.000773158 0.999996305 5.846704006
0.999996901 0.000753817 0.002359415 0.085588068 -0.000752699 0.999999523 -0.000474752 -0.169336900 -0.002359772 0.000472974 0.999997139 6.130875587
0.999995768 0.001660459 0.002391412 0.092664085 -0.001659262 0.999998510 -0.000502076 -0.177980244 -0.002392242 0.000498106 0.999997020 6.409456253
0.999994993 0.001577912 0.002721466 0.098685786 -0.001577878 0.999998689 -0.000014669 -0.198197424 -0.002721486 0.000010375 0.999996305 6.683899403
0.999995351 0.001446377 0.002655942 0.104584135 -0.001445241 0.999998868 -0.000429663 -0.200144872 -0.002656560 0.000425823 0.999996305 6.999850750
0.999996066 0.000988067 0.002605091 0.114606075 -0.000987296 0.999999404 -0.000297359 -0.211701572 -0.002605383 0.000294786 0.999996483 7.288052559
0.999994814 0.001471152 0.002863970 0.117372304 -0.001469257 0.999998629 -0.000663719 -0.215552002 -0.002864943 0.000659508 0.999995649 7.613409519
0.999995291 0.001355171 0.002750501 0.131052762 -0.001355496 0.999999046 0.000116333 -0.234262958 -0.002750340 -0.000120061 0.999996185 7.920417309
0.999994814 0.001470668 0.002863516 0.132400870 -0.001470300 0.999998868 -0.000130584 -0.235684618 -0.002863705 0.000126373 0.999995887 8.235190392
0.999994874 0.001379563 0.002896137 0.133367911 -0.001379710 0.999998987 0.000048435 -0.254383236 -0.002896067 -0.000052430 0.999995768 8.557816505
0.999993145 0.001278889 0.003487204 0.133493543 -0.001279622 0.999999166 0.000207885 -0.261144906 -0.003486935 -0.000212346 0.999993920 8.905796051
0.999994218 0.000965457 0.003257579 0.145568892 -0.000966464 0.999999523 0.000307609 -0.274564981 -0.003257280 -0.000310755 0.999994695 9.234635353
0.999993384 0.001204260 0.003425448 0.158682376 -0.001204557 0.999999225 0.000084452 -0.277642459 -0.003425344 -0.000088578 0.999994099 9.587059021
0.999995291 0.000522000 0.003015451 0.170821965 -0.000523569 0.999999762 0.000519297 -0.295947880 -0.003015179 -0.000520874 0.999995351 9.916563034
0.999993145 0.001268825 0.003477646 0.164071709 -0.001270029 0.999999106 0.000343817 -0.311006397 -0.003477207 -0.000348231 0.999993920 10.268711090
0.999992788 0.001455575 0.003496740 0.171758190 -0.001458532 0.999998569 0.000843265 -0.326945335 -0.003495507 -0.000848359 0.999993563 10.621016502
0.999991417 0.001589258 0.003814352 0.175805807 -0.001591197 0.999998569 0.000505567 -0.329819351 -0.003813543 -0.000511632 0.999992549 10.990766525
0.999991894 0.001434235 0.003742596 0.185159102 -0.001435881 0.999998868 0.000437154 -0.341722995 -0.003741965 -0.000442524 0.999992847 11.374075890
0.999991357 0.001510699 0.003848146 0.195837185 -0.001511345 0.999998808 0.000165131 -0.347794145 -0.003847892 -0.000170945 0.999992490 11.757462502
0.999990046 0.000813672 0.004386201 0.199078172 -0.000812039 0.999999523 -0.000374175 -0.356377423 -0.004386503 0.000370610 0.999990344 12.147813797
0.999992132 0.001162024 0.003796640 0.211090803 -0.001162161 0.999999344 0.000034057 -0.369968772 -0.003796598 -0.000038469 0.999992788 12.534060478
0.999988675 0.001998450 0.004321521 0.212240905 -0.001999233 0.999998033 0.000176843 -0.378380895 -0.004321158 -0.000185481 0.999990642 12.937697411
0.999990344 0.001258254 0.004208105 0.223604351 -0.001259635 0.999999166 0.000325359 -0.393225193 -0.004207693 -0.000330657 0.999991119 13.318885803
0.999989808 0.001188745 0.004356137 0.236141235 -0.001190264 0.999999225 0.000346110 -0.405226827 -0.004355723 -0.000351291 0.999990404 13.724281311
0.999987364 0.001728873 0.004722037 0.237339944 -0.001729834 0.999998569 0.000199450 -0.411165684 -0.004721685 -0.000207615 0.999988854 14.142361641
0.999988496 0.000851864 0.004712014 0.252892286 -0.000853848 0.999999523 0.000419054 -0.430306643 -0.004711657 -0.000423072 0.999988794 14.554183960
0.999987364 0.001193725 0.004894909 0.264396310 -0.001195414 0.999999285 0.000342329 -0.437630802 -0.004894497 -0.000348177 0.999987960 14.990370750
0.999986410 0.001267580 0.005058494 0.276960611 -0.001270908 0.999998987 0.000654766 -0.456324339 -0.005057659 -0.000661186 0.999987006 15.413952827
0.999982417 0.001658162 0.005696135 0.286015570 -0.001660620 0.999998510 0.000426867 -0.469618887 -0.005695419 -0.000436318 0.999983668 15.845271111
0.999982178 0.001674253 0.005733702 0.300535411 -0.001677150 0.999998450 0.000500330 -0.479817361 -0.005732856 -0.000509938 0.999983430 16.290872574
0.999979317 0.001117333 0.006323368 0.307030320 -0.001121233 0.999999106 0.000613118 -0.493937463 -0.006322678 -0.000620196 0.999979794 16.728776932
0.999979377 0.000663666 0.006381674 0.321992993 -0.000672025 0.999998927 0.001307714 -0.511671305 -0.006380799 -0.001311976 0.999978721 17.188703537
0.999972045 0.001058521 0.007399905 0.327432573 -0.001066950 0.999998748 0.001135196 -0.519452751 -0.007398694 -0.001143059 0.999971926 17.641725540
0.999971747 0.001277158 0.007403974 0.340640247 -0.001283213 0.999998868 0.000813200 -0.532402456 -0.007402927 -0.000822678 0.999972284 18.103235245
0.999969959 0.001846566 0.007524498 0.357303232 -0.001851069 0.999998152 0.000591534 -0.540845871 -0.007523391 -0.000605445 0.999971569 18.581373215
0.999967992 0.001817254 0.007784363 0.372409821 -0.001824295 0.999997914 0.000897458 -0.558619797 -0.007782717 -0.000911630 0.999969304 19.046798706
0.999968588 0.001153054 0.007840881 0.383659780 -0.001158078 0.999999225 0.000636202 -0.569408774 -0.007840142 -0.000645262 0.999969006 19.523710251
0.999964714 0.001443729 0.008278036 0.393046081 -0.001454510 0.999998093 0.001296532 -0.585227966 -0.008276150 -0.001308527 0.999964833 20.015455246
0.999964118 0.001704867 0.008291230 0.409319073 -0.001716129 0.999997616 0.001351422 -0.600564539 -0.008288905 -0.001365603 0.999964714 20.495891571
0.999966979 0.002067049 0.007851764 0.419510543 -0.002072729 0.999997616 0.000715304 -0.610610366 -0.007850265 -0.000731555 0.999968946 20.983514786
0.999969542 0.002149575 0.007503543 0.430010140 -0.002154320 0.999997497 0.000624307 -0.617831111 -0.007502181 -0.000640453 0.999971747 21.492277145
0.999970019 0.002119834 0.007438826 0.429928809 -0.002127922 0.999997258 0.001079608 -0.639134288 -0.007436515 -0.001095405 0.999971807 22.009065628
0.999975443 0.002146350 0.006663847 0.446522087 -0.002156369 0.999996543 0.001496742 -0.658385515 -0.006660610 -0.001511075 0.999976695 22.513729095
0.999981642 0.002008065 0.005712559 0.465321481 -0.002018513 0.999996245 0.001823702 -0.678035617 -0.005708876 -0.001835200 0.999981999 23.032678604
0.999983966 0.002330101 0.005153092 0.480788857 -0.002337757 0.999996185 0.001480115 -0.695890784 -0.005149622 -0.001492138 0.999985635 23.555261612
0.999987364 0.000847897 0.004938541 0.474228621 -0.000853507 0.999998987 0.001133959 -0.709086299 -0.004937575 -0.001138160 0.999987185 24.071969986
0.999987543 0.001742521 0.004673336 0.486162841 -0.001751033 0.999996841 0.001817833 -0.722547054 -0.004670154 -0.001825994 0.999987423 24.609067917
0.999990642 0.002194151 0.003723387 0.502918959 -0.002201219 0.999995768 0.001895319 -0.739879072 -0.003719213 -0.001903498 0.999991298 25.147567749
0.999991715 0.002173921 0.003454203 0.514774799 -0.002182520 0.999994516 0.002487572 -0.757452548 -0.003448776 -0.002495090 0.999991000 25.682935715
0.999994159 0.001870219 0.002831870 0.519057870 -0.001876059 0.999996245 0.002061363 -0.767732978 -0.002828005 -0.002066664 0.999993861 26.238243103
0.999997079 0.001051787 0.002149533 0.537176967 -0.001057235 0.999996305 0.002535339 -0.782135248 -0.002146857 -0.002537604 0.999994516 26.780746460
0.999997795 0.000860157 0.001963215 0.546447456 -0.000865085 0.999996424 0.002510789 -0.796975493 -0.001961048 -0.002512481 0.999994874 27.346363068
0.999997139 0.001439013 0.001889243 0.557948351 -0.001443617 0.999996006 0.002438076 -0.816573441 -0.001885727 -0.002440796 0.999995172 27.886253357
0.999997675 0.001430271 0.001611592 0.560050249 -0.001434335 0.999995768 0.002522983 -0.825580239 -0.001607977 -0.002525289 0.999995530 28.432233810
0.999997199 0.001882572 0.001414632 0.570422232 -0.001885877 0.999995530 0.002338303 -0.839990675 -0.001410224 -0.002340964 0.999996245 28.980270386
0.999998152 0.001751460 0.000704235 0.592911303 -0.001753071 0.999995828 0.002293051 -0.850828946 -0.000700216 -0.002294281 0.999997139 29.543373108
0.999998391 0.001677132 0.000619526 0.596521199 -0.001678958 0.999994159 0.002959919 -0.875313282 -0.000614558 -0.002960955 0.999995410 30.055656433
0.999997377 0.002148458 0.000723717 0.611798406 -0.002150279 0.999994457 0.002525730 -0.890539825 -0.000718286 -0.002527279 0.999996543 30.600727081
0.999997139 0.002397951 -0.000108803 0.622719288 -0.002397618 0.999992669 0.002964987 -0.907964706 0.000115912 -0.002964717 0.999995530 31.137243271
0.999996781 0.002551945 0.000260194 0.627748132 -0.002552813 0.999991000 0.003393922 -0.922009706 -0.000251531 -0.003394575 0.999994159 31.690017700
0.999998450 0.001766215 -0.000081265 0.640034139 -0.001765953 0.999993563 0.003118513 -0.936899781 0.000086772 -0.003118365 0.999995053 32.226387024
0.999996901 0.002516143 0.000021542 0.645964384 -0.002516201 0.999991357 0.003319772 -0.951503336 -0.000013189 -0.003319816 0.999994457 32.766704559
0.999998212 0.001777321 -0.000638304 0.655570447 -0.001775247 0.999993205 0.003234702 -0.962657034 0.000644048 -0.003233562 0.999994516 33.300197601
0.999998808 0.001185564 -0.001025961 0.674321234 -0.001182394 0.999994576 0.003084865 -0.973226547 0.001029612 -0.003083648 0.999994695 33.855892181
0.999997973 0.001618612 -0.001155295 0.674290657 -0.001614726 0.999993026 0.003355892 -0.990574658 0.001160719 -0.003354020 0.999993682 34.385204315
0.999998033 0.001725746 -0.000925747 0.681888402 -0.001722936 0.999993920 0.003026968 -1.001245737 0.000930964 -0.003025368 0.999994934 34.948886871
0.999997377 0.002093131 -0.000911387 0.684375226 -0.002090215 0.999992728 0.003187139 -1.011561036 0.000918051 -0.003185226 0.999994516 35.487888336
0.999996781 0.002358038 -0.000981624 0.694636703 -0.002354767 0.999991715 0.003321036 -1.026262403 0.000989447 -0.003318714 0.999994040 36.043083191
0.999997437 0.001848559 -0.001253893 0.712661445 -0.001844892 0.999994040 0.002919518 -1.036231160 0.001259282 -0.002917197 0.999994934 36.588718414
0.999996662 0.002325864 -0.001091627 0.717829406 -0.002322479 0.999992549 0.003091623 -1.047865868 0.001098810 -0.003089078 0.999994576 37.136638641
0.999996483 0.002103984 -0.001618058 0.726346970 -0.002099448 0.999993861 0.002799824 -1.063045621 0.001623939 -0.002796417 0.999994755 37.689228058
0.999997020 0.002013400 -0.001366276 0.728642166 -0.002009683 0.999994278 0.002716870 -1.072739482 0.001371738 -0.002714117 0.999995351 38.243316650
0.999996901 0.002090733 -0.001314805 0.744506359 -0.002086503 0.999992669 0.003210919 -1.096411586 0.001321508 -0.003208166 0.999993920 38.776332855
0.999995768 0.002122530 -0.001982723 0.752281785 -0.002117180 0.999994099 0.002696653 -1.101790190 0.001988436 -0.002692444 0.999994397 39.310234070
0.999996185 0.002104350 -0.001788951 0.768709540 -0.002097325 0.999990165 0.003919583 -1.128311276 0.001797181 -0.003915816 0.999990761 39.841823578
0.999996483 0.001892462 -0.001869706 0.781830370 -0.001885481 0.999991298 0.003728406 -1.142758131 0.001876746 -0.003724867 0.999991298 40.389102936
0.999995053 0.002109336 -0.002305673 0.800364375 -0.002100733 0.999990821 0.003727455 -1.157669783 0.002313515 -0.003722593 0.999990463 40.951179504
0.999995053 0.002363907 -0.002080421 0.788025498 -0.002356627 0.999991119 0.003494960 -1.165930629 0.002088664 -0.003490041 0.999991715 41.492286682
0.999994993 0.002378149 -0.002085943 0.798139930 -0.002371401 0.999991953 0.003231658 -1.176195264 0.002093611 -0.003226696 0.999992549 42.038257599
0.999995172 0.002319905 -0.002087612 0.809069037 -0.002310751 0.999987721 0.004376550 -1.198788762 0.002097740 -0.004371705 0.999988258 42.583549500
0.999995232 0.002077522 -0.002273377 0.805339456 -0.002070081 0.999992490 0.003270299 -1.196437120 0.002280154 -0.003265578 0.999992073 43.135208130
0.999996245 0.002210718 -0.001614975 0.809159935 -0.002205727 0.999992788 0.003085851 -1.207385778 0.001621786 -0.003082277 0.999993920 43.688781738
0.999996364 0.001838021 -0.001947123 0.820482254 -0.001830874 0.999991536 0.003666091 -1.229850888 0.001953845 -0.003662514 0.999991417 44.225139618
0.999996424 0.002023381 -0.001753037 0.812488973 -0.002017244 0.999991834 0.003495401 -1.237452030 0.001760096 -0.003491852 0.999992371 44.769672394
0.999996662 0.002186264 -0.001329537 0.820557237 -0.002181712 0.999991775 0.003415306 -1.250129700 0.001336993 -0.003412395 0.999993324 45.320133209
0.999997437 0.001844180 -0.001316717 0.831433892 -0.001839335 0.999991596 0.003671719 -1.267184734 0.001323478 -0.003669287 0.999992430 45.874832153
0.999997795 0.001055470 -0.001778184 0.846091747 -0.001047943 0.999990463 0.004228495 -1.289597988 0.001782630 -0.004226621 0.999989390 46.397632599
0.999996603 0.001589763 -0.002037192 0.859982073 -0.001581812 0.999991179 0.003898794 -1.303039789 0.002043372 -0.003895558 0.999990344 46.947879791
0.999997675 0.000697876 -0.001966493 0.861199379 -0.000690705 0.999993086 0.003645069 -1.304285049 0.001969024 -0.003643702 0.999991477 47.514690399
0.999998152 0.000678063 -0.001791539 0.860214412 -0.000671073 0.999992192 0.003899308 -1.320902228 0.001794169 -0.003898098 0.999990761 48.037384033
0.999996901 0.001586330 -0.001934123 0.877086699 -0.001578981 0.999991596 0.003795465 -1.329280376 0.001940127 -0.003792400 0.999991000 48.589397430
0.999995053 0.000994801 -0.002968950 0.900081158 -0.000983092 0.999991775 0.003942880 -1.348510861 0.002972848 -0.003939942 0.999987841 49.123996735
0.999995828 0.001569865 -0.002426283 0.908045292 -0.001559895 0.999990463 0.004105588 -1.355759263 0.002432705 -0.004101786 0.999988675 49.671638489
0.999999046 0.000503690 -0.001302805 0.886841238 -0.000497651 0.999989152 0.004632035 -1.381981969 0.001305124 -0.004631382 0.999988437 50.212585449
0.999998808 0.000498723 -0.001499942 0.895207524 -0.000492876 0.999992311 0.003895711 -1.391736388 0.001501874 -0.003894967 0.999991298 50.763259888
0.999997854 -0.000641300 -0.002006855 0.915210962 0.000649090 0.999992251 0.003883618 -1.401298523 0.002004348 -0.003884911 0.999990463 51.320827484
0.999997556 0.001537785 -0.001573033 0.912927747 -0.001530933 0.999989390 0.004347806 -1.422586203 0.001579702 -0.004345387 0.999989271 51.844028473
0.999998808 0.000222244 -0.001440755 0.925258994 -0.000216616 0.999992371 0.003904863 -1.431871176 0.001441612 -0.003904547 0.999991357 52.399280548
0.999998629 0.000969285 -0.001340906 0.926257133 -0.000964116 0.999992132 0.003849701 -1.440123916 0.001344627 -0.003848403 0.999991655 52.931556702
0.999999106 0.000590076 -0.001196556 0.924002945 -0.000584832 0.999990225 0.004378910 -1.465131283 0.001199130 -0.004378207 0.999989688 53.479743958
0.999999166 0.000521054 -0.001136896 0.935003996 -0.000516442 0.999991715 0.004053023 -1.475696087 0.001138998 -0.004052434 0.999991119 54.022453308
0.999999523 0.000789362 -0.000610823 0.933482349 -0.000787031 0.999992430 0.003807348 -1.487388849 0.000613824 -0.003806866 0.999992609 54.586723328
0.999998748 0.000590943 -0.001452898 0.964051247 -0.000585238 0.999992132 0.003924356 -1.504474401 0.001455206 -0.003923501 0.999991238 55.102813721
0.999998689 0.000739159 -0.001457880 0.973069787 -0.000733721 0.999992847 0.003727421 -1.515403986 0.001460625 -0.003726347 0.999992013 55.655063629
0.999998450 0.000709022 -0.001629561 0.977360606 -0.000702317 0.999991298 0.004110966 -1.526923895 0.001632461 -0.004109815 0.999990165 56.187873840
0.999998331 0.001048879 -0.001507646 0.991287708 -0.001042163 0.999989569 0.004448653 -1.545325041 0.001512295 -0.004447074 0.999988973 56.722324371
0.999998391 0.000752774 -0.001638008 1.001267314 -0.000746085 0.999991357 0.004080624 -1.551980972 0.001641066 -0.004079395 0.999990284 57.289257050
0.999998808 0.000929159 -0.001249154 0.995877683 -0.000924325 0.999992132 0.003864194 -1.565660119 0.001252734 -0.003863035 0.999991775 57.827735901
0.999998391 0.000828182 -0.001652124 1.015742898 -0.000821995 0.999992728 0.003741958 -1.577361345 0.001655210 -0.003740594 0.999991596 58.368606567
0.999998510 0.000912806 -0.001509962 1.019236326 -0.000907149 0.999992609 0.003743150 -1.586181998 0.001513367 -0.003741774 0.999991834 58.912647247
0.999998629 0.000665291 -0.001518629 1.023108602 -0.000661199 0.999996185 0.002693536 -1.585543275 0.001520415 -0.002692527 0.999995172 59.449291229
0.999998033 0.001240720 -0.001544856 1.037036061 -0.001236014 0.999994576 0.003043647 -1.605681300 0.001548625 -0.003041731 0.999994159 60.011863708
0.999998748 0.001023773 -0.001247641 1.047806382 -0.001020054 0.999994993 0.002978376 -1.616462231 0.001250684 -0.002977099 0.999994755 60.568367004
0.999998331 0.000837778 -0.001590202 1.067687035 -0.000833063 0.999995232 0.002963369 -1.631302834 0.001592678 -0.002962039 0.999994338 61.123626709
0.999998212 0.001198275 -0.001444982 1.062014818 -0.001193416 0.999993622 0.003359145 -1.645649076 0.001448997 -0.003357415 0.999993324 61.634971619
0.999997556 0.001110364 -0.001888985 1.073425293 -0.001104827 0.999995112 0.002929666 -1.657242060 0.001892229 -0.002927572 0.999993920 62.187301636
0.999998093 0.001347102 -0.001395413 1.083955050 -0.001342684 0.999994040 0.003162086 -1.673344493 0.001399664 -0.003160207 0.999994040 62.729808807
0.999998510 0.001142506 -0.001299360 1.081612706 -0.001138521 0.999994636 0.003064213 -1.681725502 0.001302854 -0.003062727 0.999994457 63.276390076
0.999998033 0.001543941 -0.001234087 1.094279528 -0.001540003 0.999993742 0.003185734 -1.695334435 0.001238997 -0.003183827 0.999994159 63.834526062
0.999998152 0.001854279 -0.000573256 1.089465499 -0.001852228 0.999991953 0.003557934 -1.712275028 0.000579849 -0.003556866 0.999993443 64.379005432
0.999997020 0.001658020 -0.001819110 1.125431418 -0.001651566 0.999992251 0.003543689 -1.726034880 0.001824972 -0.003540674 0.999992073 64.896163940
0.999998987 0.001381397 -0.000604136 1.105400801 -0.001379813 0.999995649 0.002614219 -1.730232477 0.000607744 -0.002613384 0.999996364 65.424934387
0.999998331 0.001780784 -0.000479777 1.114128113 -0.001779456 0.999994636 0.002752691 -1.741178632 0.000484676 -0.002751833 0.999996066 65.974700928
0.999999225 0.001048187 -0.000690926 1.125094652 -0.001046635 0.999996901 0.002243811 -1.745507598 0.000693275 -0.002243087 0.999997199 66.542961121
0.999998331 0.000777469 -0.001698218 1.147877455 -0.000773539 0.999996960 0.002313622 -1.769315600 0.001700012 -0.002312304 0.999995887 67.076278687
0.999998629 0.001366370 -0.000859214 1.152384877 -0.001364032 0.999995410 0.002715837 -1.779021144 0.000862921 -0.002714662 0.999995947 67.625862122
0.999998271 0.001680110 -0.000729579 1.167882085 -0.001677892 0.999994099 0.003029363 -1.800809741 0.000734665 -0.003028135 0.999995172 68.156143188
0.999995410 0.003029959 -0.000199548 1.166156530 -0.003029362 0.999991179 0.002925108 -1.816000700 0.000208409 -0.002924490 0.999995708 68.716766357
0.999998808 0.001501709 -0.000430077 1.170925856 -0.001500721 0.999996245 0.002288335 -1.818653107 0.000433512 -0.002287687 0.999997318 69.247589111
0.999998927 0.001334096 -0.000502491 1.185669541 -0.001332887 0.999996245 0.002399610 -1.835367560 0.000505690 -0.002398938 0.999997020 69.786491394
0.999999464 0.000928565 -0.000428139 1.192665339 -0.000927870 0.999998271 0.001619912 -1.839661360 0.000429643 -0.001619514 0.999998629 70.339691162
0.999998987 0.001409874 -0.000307354 1.196388125 -0.001409286 0.999997199 0.001903497 -1.855313778 0.000310038 -0.001903061 0.999998093 70.867218018
0.999998868 0.001443342 -0.000481144 1.206605792 -0.001442705 0.999998093 0.001321809 -1.863116384 0.000483051 -0.001321113 0.999999046 71.409507751
0.999998868 0.001460970 -0.000510533 1.223603964 -0.001460258 0.999997973 0.001391758 -1.875339270 0.000512565 -0.001391011 0.999998868 71.965705872
0.999997735 0.002084541 0.000393877 1.217218518 -0.002085536 0.999994576 0.002541281 -1.908705354 -0.000388578 -0.002542096 0.999996722 72.477859497
0.999996841 0.002339806 0.000956964 1.225349545 -0.002342255 0.999993980 0.002565764 -1.924240470 -0.000950955 -0.002567998 0.999996305 73.021530151
0.999997556 0.002131023 0.000486204 1.234451175 -0.002132073 0.999995351 0.002167905 -1.932153106 -0.000481582 -0.002168937 0.999997556 73.574577332
0.999998510 0.001711550 0.000041602 1.250706196 -0.001711645 0.999995649 0.002410615 -1.946706891 -0.000037476 -0.002410682 0.999997079 74.089782715
0.999998868 0.001407761 -0.000363654 1.268032789 -0.001406969 0.999996662 0.002168960 -1.958060980 0.000366706 -0.002168447 0.999997616 74.632698059
0.999999285 0.001168448 0.000167039 1.271194220 -0.001168900 0.999995589 0.002732218 -1.975631475 -0.000163847 -0.002732412 0.999996185 75.156105042
0.999999464 0.001028935 0.000131054 1.284636736 -0.001029319 0.999995112 0.002971242 -1.992430210 -0.000127996 -0.002971375 0.999995530 75.693344116
0.999999821 0.000605079 -0.000201263 1.300546288 -0.000604501 0.999995887 0.002855759 -2.005080223 0.000202989 -0.002855637 0.999995887 76.236808777
0.999998629 0.001660029 0.000389415 1.305004716 -0.001661124 0.999994636 0.002827973 -2.015432119 -0.000384719 -0.002828615 0.999995887 76.797134399
0.999999046 0.001272803 0.000544685 1.308569908 -0.001274181 0.999995887 0.002537450 -2.028127670 -0.000541453 -0.002538142 0.999996603 77.322364807
0.999998987 0.001357637 -0.000271597 1.327087402 -0.001356947 0.999995887 0.002522752 -2.040052176 0.000275021 -0.002522381 0.999996722 77.863182068
0.999998927 0.001462002 0.000347787 1.329298496 -0.001463103 0.999993742 0.003186788 -2.065975666 -0.000343126 -0.003187293 0.999994874 78.394630432
0.999999404 0.001042832 0.000226000 1.345621586 -0.001043437 0.999995947 0.002692945 -2.073147774 -0.000223191 -0.002693180 0.999996364 78.942619324
0.999997616 0.002096246 0.000486033 1.350519300 -0.002097636 0.999993742 0.002877465 -2.085145950 -0.000479998 -0.002878479 0.999995828 79.497398376
0.999998569 0.001333457 0.000935340 1.364399910 -0.001336199 0.999994874 0.002937024 -2.100978136 -0.000931418 -0.002938270 0.999995232 80.031913757
0.999998748 0.000736228 0.001395060 1.375050902 -0.000739565 0.999996841 0.002392911 -2.112163544 -0.001393293 -0.002393940 0.999996185 80.572494507
0.999997556 0.001055187 0.001904488 1.391961336 -0.001059694 0.999996662 0.002366978 -2.123049021 -0.001901984 -0.002368991 0.999995470 81.119338989
0.999992788 0.000829734 0.003686858 1.400286198 -0.000838598 0.999996781 0.002403166 -2.141208887 -0.003684852 -0.002406241 0.999990284 81.647598267
0.999986112 0.000947655 0.005181086 1.408995390 -0.000961336 0.999996006 0.002638810 -2.153696537 -0.005178566 -0.002643754 0.999983072 82.202911377
0.999960124 0.001312108 0.008848933 1.429058790 -0.001330295 0.999996960 0.002049749 -2.162414789 -0.008846218 -0.002061439 0.999958754 82.737625122
0.999918818 0.001318480 0.012676596 1.449426174 -0.001341711 0.999997497 0.001824270 -2.169943571 -0.012674158 -0.001841131 0.999917984 83.293563843
0.999884844 0.000882279 0.015151164 1.477450013 -0.000915321 0.999997199 0.002174020 -2.192315578 -0.015149203 -0.002187637 0.999882877 83.815933228
0.999791026 0.001317376 0.020401884 1.502527952 -0.001357965 0.999997079 0.001975699 -2.205276251 -0.020399222 -0.002002991 0.999789894 84.368339539
0.999668121 0.000918623 0.025745094 1.536786795 -0.000958161 0.999998450 0.001523437 -2.217882156 -0.025743652 -0.001547600 0.999667346 84.922607422
0.999510467 0.000857925 0.031275269 1.568598151 -0.000934445 0.999996603 0.002432132 -2.236975908 -0.031273074 -0.002460167 0.999507844 85.438545227
0.999309778 0.000536834 0.037145566 1.607427835 -0.000625989 0.999996960 0.002388565 -2.250624180 -0.037144169 -0.002410169 0.999307096 85.984443665
0.998979509 0.000425267 0.045163333 1.637538433 -0.000542611 0.999996483 0.002585981 -2.266875505 -0.045162078 -0.002607848 0.998976290 86.530250549
0.998556614 0.000466990 0.053707451 1.685287952 -0.000610914 0.999996245 0.002663403 -2.284714460 -0.053706013 -0.002692369 0.998553216 87.080627441
0.998185158 0.000110790 0.060217947 1.735458374 -0.000300562 0.999995053 0.003142358 -2.299669027 -0.060217299 -0.003154754 0.998180389 87.627128601
0.997591257 0.000115354 0.069365889 1.790630817 -0.000308610 0.999996126 0.002775320 -2.306787968 -0.069365308 -0.002790043 0.997587383 88.161369324
0.996800661 0.000041150 0.079927951 1.854472160 -0.000227623 0.999997377 0.002323904 -2.316126823 -0.079927631 -0.002334663 0.996797860 88.696678162
0.996116042 -0.000358828 0.088048793 1.923846245 0.000133784 0.999996781 0.002561786 -2.333417892 -0.088049427 -0.002540058 0.996112883 89.250686646
0.995387614 -0.000060237 0.095935114 1.979438305 -0.000139750 0.999997854 0.002077884 -2.342065573 -0.095935032 -0.002081706 0.995385408 89.814643860
0.994240820 -0.000333611 0.107169360 2.057803154 0.000108616 0.999997854 0.002105271 -2.352960587 -0.107169822 -0.002081506 0.994238555 90.362892151
0.993052304 -0.000345639 0.117673196 2.138490677 0.000082561 0.999997497 0.002240526 -2.369377851 -0.117673665 -0.002215244 0.993049800 90.897476196
0.991915882 -0.000582925 0.126895502 2.217142105 0.000289097 0.999997258 0.002333907 -2.385201216 -0.126896515 -0.002278354 0.991913259 91.451179504
0.990412176 -0.001012479 0.138140902 2.314658165 0.000653528 0.999996305 0.002643770 -2.400294542 -0.138143048 -0.002528143 0.990409076 92.004371643
0.988677382 -0.001145191 0.150052801 2.419603348 0.000809283 0.999997079 0.002299640 -2.409243107 -0.150055006 -0.002152166 0.988675296 92.546974182
0.987046659 -0.001927120 0.160421982 2.534212112 0.001547182 0.999995708 0.002493237 -2.425994396 -0.160426140 -0.002212739 0.987045288 93.106361389
0.985233605 -0.001484881 0.171209112 2.642200470 0.001036515 0.999995768 0.002708185 -2.439223051 -0.171212405 -0.002490734 0.985230923 93.654747009
0.982882440 -0.002013079 0.184222668 2.758085251 0.001573178 0.999995530 0.002534000 -2.449719191 -0.184226930 -0.002200810 0.982881248 94.169410706
0.980429411 -0.002267405 0.196857855 2.887500763 0.001812247 0.999995291 0.002492222 -2.461975574 -0.196862578 -0.002086692 0.980428874 94.697219849
0.978358686 -0.002218507 0.206904262 3.009962082 0.001688313 0.999994755 0.002739046 -2.474511623 -0.206909269 -0.002330451 0.978357375 95.232528687
0.975492775 -0.001818702 0.220023930 3.145017624 0.001109221 0.999993742 0.003348059 -2.494005203 -0.220028639 -0.003021953 0.975488782 95.747955322
0.972390175 -0.002846950 0.233343542 3.304716110 0.002123219 0.999992132 0.003352698 -2.502317905 -0.233351275 -0.002764692 0.972388566 96.284973145
0.969719529 -0.002900217 0.244203910 3.451742172 0.002198219 0.999992549 0.003147120 -2.515372038 -0.244211242 -0.002515009 0.969718754 96.809555054
0.966577947 -0.003448952 0.256350040 3.616523743 0.002718086 0.999991119 0.003205303 -2.530004978 -0.256358802 -0.002401394 0.966578662 97.346565247
0.962863564 -0.002692774 0.269975036 3.780786514 0.001819688 0.999992251 0.003484180 -2.542676687 -0.269982308 -0.002863519 0.962861061 97.855316162
0.959214985 -0.002901193 0.282663167 3.956243515 0.001903058 0.999990940 0.003805677 -2.567493439 -0.282671660 -0.003112538 0.959211648 98.392829895
0.956041038 -0.003469758 0.293212831 4.149776459 0.002403421 0.999989152 0.003996930 -2.577394962 -0.293223500 -0.003116514 0.956038892 98.922706604
0.951834142 -0.003519275 0.306593120 4.339391708 0.002474053 0.999989748 0.003797709 -2.588950872 -0.306603342 -0.002856261 0.951833129 99.419250488
0.947076261 -0.003830287 0.320985764 4.522346497 0.002844245 0.999989688 0.003540751 -2.597410679 -0.320996016 -0.002440399 0.947077394 99.962524414
0.942997873 -0.004081231 0.332773775 4.721340179 0.003119196 0.999989271 0.003425126 -2.604969978 -0.332784206 -0.002191900 0.943000436 100.484802246
0.938173532 -0.004200521 0.346139759 4.928770065 0.003474094 0.999990344 0.002719065 -2.612922668 -0.346147805 -0.001348434 0.938179016 101.000503540
0.933030605 -0.005102638 0.359760821 5.147113800 0.004012969 0.999984741 0.003775668 -2.642413616 -0.359774619 -0.002079104 0.933036923 101.493041992
0.928013861 -0.005359030 0.372507006 5.364439011 0.004283326 0.999983907 0.003715255 -2.650910616 -0.372520894 -0.001852239 0.928021967 102.012260437
0.923520625 -0.006090309 0.383500367 5.598571777 0.005142632 0.999980628 0.003496381 -2.662128448 -0.383514315 -0.001256780 0.923533976 102.499305725
0.917434573 -0.006166255 0.397838861 5.845298767 0.005010177 0.999979615 0.003945365 -2.675441027 -0.397855222 -0.001626371 0.917446792 103.034790039
0.911518872 -0.006900338 0.411200374 6.090373993 0.005737429 0.999975264 0.004062234 -2.688064575 -0.411218286 -0.001343570 0.911535919 103.518890381
0.906433225 -0.007681027 0.422279239 6.337318420 0.006535959 0.999970019 0.004159298 -2.701678038 -0.422298521 -0.001010126 0.906456232 103.990859985
0.900016129 -0.007507948 0.435791939 6.588836670 0.006234215 0.999971032 0.004352621 -2.709932804 -0.435812026 -0.001200608 0.900036931 104.503433228
0.893311441 -0.007977559 0.449367255 6.866237640 0.006719400 0.999967694 0.004394591 -2.725366831 -0.449387848 -0.000906261 0.893336296 104.986145020
0.887299776 -0.008210419 0.461120039 7.127296448 0.007013314 0.999966085 0.004309568 -2.736502886 -0.461139828 -0.000589899 0.887327254 105.470619202
0.881318867 -0.008660781 0.472442478 7.391597748 0.007273366 0.999962151 0.004763117 -2.742358685 -0.472465843 -0.000761578 0.881348610 105.951248169
0.874106228 -0.009508776 0.485641807 7.667224884 0.008435019 0.999954760 0.004396745 -2.753443480 -0.485661507 0.000253176 0.874146879 106.420646667
