1.000000000 0.000000000 0.000000000 0.000000000 0.000000000 1.000000000 0.000000000 0.000000000 0.000000000 0.000000000 1.000000000 0.000000000
1.000000000 -0.000040715 0.000120744 -0.001339393 0.000040702 1.000000000 0.000101662 0.000177869 -0.000120748 -0.000101657 1.000000000 0.001829759
1.000000000 0.000192970 0.000136963 -0.000688797 -0.000192995 0.999999940 0.000181681 -0.000391519 -0.000136928 -0.000181708 1.000000000 0.000138350
1.000000000 0.000185811 -0.000068115 0.000680929 -0.000185798 0.999999940 0.000184946 -0.001250748 0.000068150 -0.000184933 1.000000000 -0.000784100
0.999999940 0.000352731 0.000150171 -0.001690598 -0.000352754 0.999999940 0.000155012 -0.000378353 -0.000150116 -0.000155065 1.000000000 0.000692287
1.000000000 0.000172874 0.000087495 -0.001440418 -0.000172889 1.000000000 0.000167873 -0.000482629 -0.000087466 -0.000167888 1.000000000 -0.000604300
1.000000000 -0.000008568 0.000169370 -0.001437253 0.000008557 1.000000000 0.000068245 0.000293340 -0.000169371 -0.000068243 1.000000000 0.001144039
0.999999940 -0.000114555 0.000272294 -0.002263896 0.000114538 1.000000000 0.000064091 0.001440557 -0.000272302 -0.000064060 0.999999940 0.004075292
0.999999940 0.000103712 0.000238837 -0.001760942 -0.000103737 1.000000000 0.000102565 0.000803436 -0.000238826 -0.000102590 0.999999940 0.003137506
0.999999940 0.000111683 0.000221334 -0.001302675 -0.000111705 1.000000000 0.000101467 0.000410018 -0.000221323 -0.000101492 1.000000000 0.001958474
0.999999940 0.000034118 0.000242810 -0.001257329 -0.000034122 1.000000000 0.000019540 0.001816168 -0.000242809 -0.000019548 1.000000000 0.003128496
1.000000000 -0.000119841 -0.000002122 0.000103968 0.000119841 1.000000000 0.000137428 -0.000293486 0.000002106 -0.000137429 1.000000000 0.000579381
0.999999940 0.000201864 0.000211258 -0.002730876 -0.000201866 1.000000000 0.000009311 0.002254136 -0.000211256 -0.000009354 1.000000000 0.005702452
0.999999940 -0.000082041 0.000258253 -0.001812642 0.000081971 0.999999940 0.000270485 -0.000642030 -0.000258275 -0.000270463 0.999999940 0.001343180
0.999999940 0.000151980 0.000254499 -0.001926497 -0.000152035 0.999999940 0.000215639 -0.000980987 -0.000254466 -0.000215678 0.999999940 0.000052733
1.000000000 0.000140930 0.000155063 -0.000417736 -0.000140956 1.000000000 0.000168255 -0.001415979 -0.000155039 -0.000168277 1.000000000 -0.001948911
1.000000000 0.000028999 0.000090925 0.000064706 -0.000029016 1.000000000 0.000187761 -0.001228579 -0.000090920 -0.000187764 1.000000000 -0.001677728
0.999999881 0.000242230 0.000406956 -0.002599965 -0.000242284 0.999999940 0.000130663 0.000373111 -0.000406924 -0.000130762 0.999999881 0.001881475
0.999999940 0.000169256 0.000340053 -0.003712552 -0.000169292 1.000000000 0.000104887 0.000697660 -0.000340035 -0.000104944 0.999999940 0.003863702
0.999999940 0.000239174 0.000178769 -0.002143665 -0.000239197 0.999999940 0.000125531 0.000487114 -0.000178739 -0.000125574 1.000000000 0.002811609
0.999999881 0.000347182 0.000267154 -0.002140833 -0.000347262 0.999999881 0.000297913 -0.000969249 -0.000267050 -0.000298006 0.999999940 0.001028950
0.999999762 0.000549959 0.000378411 -0.003369151 -0.000550043 0.999999821 0.000222395 -0.000353768 -0.000378288 -0.000222603 0.999999881 0.001743266
0.999999940 0.000215410 0.000328942 -0.002542395 -0.000215503 0.999999940 0.000280028 -0.001263816 -0.000328881 -0.000280099 0.999999881 0.000328099
0.999999881 0.000177625 0.000398395 -0.002763668 -0.000177714 0.999999940 0.000223520 -0.000736177 -0.000398356 -0.000223591 0.999999881 0.002784035
0.999999940 0.000186642 0.000328733 -0.002418496 -0.000186706 0.999999940 0.000195956 -0.000488709 -0.000328696 -0.000196018 0.999999940 0.000291678
0.999999881 0.000252647 0.000386602 -0.002913665 -0.000252694 0.999999940 0.000121429 0.001129775 -0.000386571 -0.000121527 0.999999940 0.003472321
0.999999940 0.000086080 0.000307800 -0.001945242 -0.000086098 1.000000000 0.000057859 0.000283666 -0.000307795 -0.000057885 0.999999940 0.000255281
0.999999940 0.000224054 0.000252267 -0.002279374 -0.000224071 1.000000000 0.000066037 0.000953457 -0.000252252 -0.000066093 0.999999940 0.003191120
0.999999821 0.000395480 0.000425411 -0.004382052 -0.000395463 0.999999940 -0.000041041 0.002160104 -0.000425427 0.000040873 0.999999881 0.004119346
0.999999940 0.000179892 0.000284070 -0.003135623 -0.000179939 0.999999940 0.000165489 0.000703753 -0.000284040 -0.000165540 0.999999940 0.002560047
0.999999940 0.000152641 0.000232818 -0.002245060 -0.000152677 1.000000000 0.000156933 0.000312403 -0.000232794 -0.000156968 0.999999940 0.002515924
0.999999940 0.000022506 0.000271185 -0.002121860 -0.000022552 1.000000000 0.000169246 0.000106035 -0.000271181 -0.000169252 0.999999940 0.001617643
0.999999940 0.000099721 0.000255779 -0.002298897 -0.000099723 1.000000000 0.000005683 0.001734775 -0.000255778 -0.000005708 0.999999940 0.003227725
0.999999940 0.000015592 0.000347739 -0.001977229 -0.000015603 1.000000000 0.000030976 0.001064466 -0.000347739 -0.000030982 0.999999940 0.002007547
1.000000000 -0.000021446 0.000161667 -0.000203686 0.000021409 1.000000000 0.000224453 -0.001057577 -0.000161672 -0.000224449 0.999999940 -0.000269574
0.999999881 0.000355379 0.000399575 -0.003583019 -0.000355403 0.999999940 0.000058504 0.002012328 -0.000399555 -0.000058646 0.999999940 0.004349881
0.999999940 0.000192112 0.000296191 -0.003271996 -0.000192135 1.000000000 0.000075309 0.003292127 -0.000296177 -0.000075366 0.999999940 0.006218210
0.999999940 0.000003881 0.000328235 -0.002341531 -0.000003919 1.000000000 0.000115503 0.001226809 -0.000328234 -0.000115505 0.999999940 0.003706952
0.999999940 0.000087867 0.000302395 -0.003300767 -0.000087935 1.000000000 0.000223721 0.001310281 -0.000302376 -0.000223747 0.999999940 0.005392306
0.999999940 -0.000077383 0.000314157 -0.001411937 0.000077338 1.000000000 0.000141211 0.000565534 -0.000314168 -0.000141187 0.999999940 0.002014585
0.999999881 -0.000039034 0.000474211 -0.002408470 0.000039007 1.000000000 0.000056447 0.000650698 -0.000474214 -0.000056429 0.999999881 0.002899994
0.999999940 -0.000257160 0.000244795 0.000244031 0.000257330 0.999999702 -0.000695068 0.000619208 -0.000244616 0.000695131 0.999999702 0.054757807
0.999999881 0.000245787 0.000371452 -0.002033903 -0.000245397 0.999999404 -0.001049477 -0.005187221 -0.000371709 0.001049386 0.999999404 0.136337429
0.999999940 0.000299975 0.000082541 0.002761499 -0.000299852 0.999998868 -0.001489787 -0.004636302 -0.000082988 0.001489762 0.999998868 0.255794704
0.999999940 0.000291082 0.000025131 0.005102537 -0.000291055 0.999999344 -0.001083628 -0.012934814 -0.000025447 0.001083621 0.999999404 0.385771543
0.999999940 0.000393322 0.000071272 0.007899451 -0.000393271 0.999999642 -0.000714508 -0.020458788 -0.000071553 0.000714480 0.999999762 0.522370934
0.999999940 0.000364344 -0.000041359 0.012363814 -0.000364367 0.999999762 -0.000580313 -0.027813543 0.000041147 0.000580328 0.999999821 0.669684887
0.999999940 0.000311193 0.000207902 0.017201560 -0.000311043 0.999999702 -0.000718336 -0.026578108 -0.000208125 0.000718272 0.999999702 0.837581158
1.000000000 0.000199100 0.000047819 0.018510563 -0.000199077 0.999999881 -0.000491461 -0.029477688 -0.000047917 0.000491452 0.999999881 1.014351964
0.999999762 0.000711478 0.000106841 0.020717850 -0.000711478 0.999999762 -0.000003338 -0.036806393 -0.000106843 0.000003262 1.000000000 1.189190030
0.999999881 0.000480289 0.000181515 0.021187784 -0.000480279 0.999999881 -0.000052907 -0.041324575 -0.000181541 0.000052820 1.000000000 1.371587992
0.999999881 0.000506556 0.000082256 0.037311651 -0.000506560 0.999999881 0.000049723 -0.052701708 -0.000082231 -0.000049765 1.000000000 1.559982777
0.999999940 0.000367429 0.000157528 0.039432880 -0.000367463 0.999999881 0.000210881 -0.055933483 -0.000157450 -0.000210938 0.999999940 1.755141973
0.999999881 0.000591626 -0.000394778 0.046218563 -0.000592349 0.999998093 -0.001833120 -0.042139709 0.000393693 0.001833353 0.999998271 1.955704451
0.999999702 0.000772483 -0.000081888 0.046604510 -0.000772651 0.999997556 -0.002071090 -0.049057335 0.000080288 0.002071152 0.999997914 2.157930851
0.999999642 0.000834576 0.000086713 0.050704341 -0.000834348 0.999996245 -0.002597534 -0.049109813 -0.000088880 0.002597461 0.999996722 2.384801388
0.999999702 0.000763913 -0.000052958 0.055702865 -0.000764012 0.999997914 -0.001906998 -0.060342215 0.000051501 0.001907038 0.999998152 2.607895851
0.999999404 0.001063382 -0.000002175 0.061987583 -0.001063384 0.999998093 -0.001663542 -0.071504012 0.000000406 0.001663544 0.999998629 2.830236673
0.999999881 0.000487526 -0.000199627 0.067935213 -0.000487889 0.999998271 -0.001819652 -0.075404301 0.000198739 0.001819749 0.999998331 3.067498207
0.999999881 0.000370212 -0.000072874 0.072072975 -0.000370378 0.999997258 -0.002302215 -0.080208316 0.000072021 0.002302242 0.999997318 3.319772720
0.999999821 0.000356462 -0.000258467 0.075159706 -0.000356878 0.999998569 -0.001609839 -0.090713829 0.000257893 0.001609931 0.999998689 3.557111979
0.999999940 0.000228268 -0.000147345 0.079403341 -0.000228548 0.999998152 -0.001897661 -0.094114453 0.000146911 0.001897695 0.999998212 3.809578180
1.000000000 0.000049577 -0.000160833 0.085102022 -0.000049918 0.999997795 -0.002120796 -0.101777792 0.000160728 0.002120804 0.999997795 4.070489883
0.999999821 0.000709541 -0.000218749 0.085920572 -0.000709899 0.999998391 -0.001644894 -0.106763199 0.000217582 0.001645049 0.999998629 4.328481197
0.999999821 0.000419232 -0.000327136 0.093088344 -0.000419767 0.999998510 -0.001636690 -0.114187531 0.000326449 0.001636826 0.999998629 4.587984085
0.999999821 0.000474333 -0.000288121 0.101622082 -0.000474733 0.999998927 -0.001389478 -0.124039941 0.000287462 0.001389614 0.999998987 4.840451241
0.999999762 0.000541006 -0.000251253 0.104274318 -0.000541376 0.999998748 -0.001473154 -0.128285527 0.000250455 0.001473290 0.999998868 5.103260994
0.999999642 0.000792236 0.000072874 0.105345376 -0.000792120 0.999998391 -0.001578909 -0.141947418 -0.000074124 0.001578850 0.999998748 5.360369205
0.999999940 0.000276667 -0.000076570 0.113486774 -0.000276797 0.999998510 -0.001701336 -0.147088319 0.000076100 0.001701357 0.999998569 5.633791924
0.999999821 0.000531607 -0.000051858 0.117257170 -0.000531681 0.999998808 -0.001445194 -0.156993583 0.000051090 0.001445221 0.999998987 5.901609898
0.999999881 0.000581661 -0.000256727 0.130209744 -0.000581999 0.999998987 -0.001320067 -0.169937700 0.000255959 0.001320216 0.999999106 6.170060635
0.999999702 0.000803880 -0.000003464 0.126207635 -0.000803885 0.999998271 -0.001663639 -0.172981247 0.000002126 0.001663642 0.999998629 6.468554974
0.999999702 0.000756639 0.000125559 0.126824617 -0.000756454 0.999998569 -0.001470837 -0.182184011 -0.000126672 0.001470741 0.999998868 6.765049458
0.999999881 0.000530252 0.000138915 0.139320835 -0.000530076 0.999999106 -0.001267319 -0.196092188 -0.000139586 0.001267246 0.999999166 7.057023525
0.999999881 0.000562616 0.000078162 0.147164255 -0.000562493 0.999998629 -0.001564376 -0.201661900 -0.000079043 0.001564332 0.999998808 7.343388557
0.999999762 0.000679672 0.000442402 0.151636511 -0.000678795 0.999997854 -0.001978727 -0.208464980 -0.000443746 0.001978426 0.999997914 7.645915985
0.999999285 0.001165919 0.000228210 0.159404427 -0.001165564 0.999998093 -0.001547622 -0.223370433 -0.000230014 0.001547355 0.999998748 7.975370884
0.999999642 0.000837777 0.000262068 0.160755351 -0.000837588 0.999999404 -0.000720902 -0.246813416 -0.000262671 0.000720682 0.999999702 8.283158302
0.999999285 0.000979090 0.000718208 0.168564543 -0.000978366 0.999999106 -0.001006930 -0.256874174 -0.000719193 0.001006227 0.999999225 8.602717400
0.999999523 0.000707030 0.000645840 0.170132220 -0.000706523 0.999999404 -0.000785947 -0.264611810 -0.000646395 0.000785490 0.999999464 8.947048187
0.999999642 0.000690952 0.000464848 0.182672426 -0.000690785 0.999999702 -0.000360744 -0.283736795 -0.000465097 0.000360423 0.999999821 9.270216942
0.999998569 0.001366771 0.000901798 0.181755185 -0.001366294 0.999998927 -0.000529784 -0.288014412 -0.000902521 0.000528552 0.999999464 9.631322861
0.999999702 0.000549658 0.000493115 0.188545153 -0.000549293 0.999999523 -0.000738531 -0.297680467 -0.000493521 0.000738260 0.999999583 9.975720406
0.999999166 0.001013133 0.000777129 0.188395932 -0.001012441 0.999999046 -0.000890143 -0.306256622 -0.000778030 0.000889356 0.999999285 10.338682175
0.999999583 0.000585839 0.000673199 0.201967493 -0.000585556 0.999999762 -0.000419980 -0.320026070 -0.000673444 0.000419586 0.999999702 10.681999207
0.999999523 0.000625861 0.000737220 0.209936380 -0.000625225 0.999999464 -0.000863051 -0.324507773 -0.000737761 0.000862590 0.999999344 11.052145004
0.999999583 0.000645352 0.000667126 0.217359886 -0.000645005 0.999999583 -0.000519326 -0.341995627 -0.000667461 0.000518896 0.999999642 11.429363251
0.999999762 0.000568566 0.000366086 0.231204033 -0.000568512 0.999999821 -0.000147958 -0.355812669 -0.000366170 0.000147750 0.999999940 11.806846619
0.999999762 0.000533827 0.000484233 0.237124160 -0.000533680 0.999999821 -0.000303233 -0.367288142 -0.000484396 0.000302974 0.999999821 12.186512947
1.000000000 0.000138309 0.000385650 0.248953849 -0.000138234 1.000000000 -0.000193558 -0.378901243 -0.000385677 0.000193504 0.999999821 12.573040009
0.999999523 0.000529679 0.000782018 0.249227107 -0.000529544 0.999999821 -0.000173165 -0.389714330 -0.000782110 0.000172751 0.999999702 12.965628624
0.999999404 0.000440631 0.000995522 0.257043660 -0.000440337 0.999999821 -0.000295061 -0.400610924 -0.000995651 0.000294622 0.999999464 13.366578102
0.999998808 0.000191394 0.001527945 0.266256273 -0.000190888 0.999999940 -0.000331204 -0.411218613 -0.001528009 0.000330912 0.999998808 13.779970169
0.999998450 0.000411577 0.001718627 0.270169169 -0.000411142 0.999999881 -0.000253852 -0.420105726 -0.001718731 0.000253145 0.999998450 14.199958801
0.999998510 0.000019652 0.001740796 0.282707542 -0.000019077 1.000000000 -0.000330406 -0.430942804 -0.001740802 0.000330372 0.999998450 14.620814323
0.999998033 -0.000074582 0.002054819 0.290894508 0.000074042 0.999999940 0.000263016 -0.451340169 -0.002054839 -0.000262863 0.999997854 15.036801338
0.999998093 0.000035194 0.001916524 0.307167083 -0.000035482 1.000000000 0.000150149 -0.465296328 -0.001916519 -0.000150217 0.999998093 15.466751099
0.999997199 -0.000022418 0.002330850 0.313485652 0.000023204 0.999999940 -0.000337298 -0.471509337 -0.002330843 0.000337351 0.999997199 15.916016579
0.999997020 -0.000025303 0.002426973 0.327355176 0.000025385 0.999999940 -0.000033496 -0.487398833 -0.002426973 0.000033558 0.999997079 16.351707458
0.999995172 -0.000139561 0.003108381 0.330979824 0.000140130 1.000000000 -0.000182876 -0.498495042 -0.003108355 0.000183311 0.999995172 16.795082092
0.999994516 -0.000461073 0.003299206 0.346153945 0.000459686 0.999999881 0.000421281 -0.515176356 -0.003299400 -0.000419762 0.999994457 17.247341156
0.999992967 0.000259531 0.003734295 0.350680858 -0.000260833 0.999999881 0.000348277 -0.525758147 -0.003734204 -0.000349249 0.999992967 17.713489532
0.999991357 0.000298424 0.004154901 0.361888230 -0.000298629 0.999999940 0.000048650 -0.536790729 -0.004154886 -0.000049890 0.999991357 18.178228378
0.999991894 0.000302279 0.004016500 0.375411987 -0.000305406 0.999999583 0.000778150 -0.554653227 -0.004016265 -0.000779370 0.999991655 18.641496658
0.999990702 0.000999452 0.004193806 0.385210752 -0.001001369 0.999999285 0.000455094 -0.563405395 -0.004193349 -0.000459290 0.999991119 19.109794617
0.999990642 0.000280090 0.004318534 0.397563934 -0.000280434 0.999999940 0.000079001 -0.572621763 -0.004318512 -0.000080211 0.999990642 19.607049942
0.999991238 0.000688060 0.004131920 0.406766653 -0.000690600 0.999999583 0.000613335 -0.588053763 -0.004131496 -0.000616183 0.999991298 20.097812653
0.999990046 0.000709731 0.004402671 0.418756902 -0.000711414 0.999999642 0.000380708 -0.602154493 -0.004402399 -0.000383836 0.999990284 20.578981400
0.999991477 0.000441404 0.004098619 0.427617133 -0.000441336 0.999999821 -0.000017381 -0.608958423 -0.004098626 0.000015572 0.999991596 21.078256607
0.999993324 0.000290912 0.003616954 0.438334525 -0.000292741 0.999999762 0.000505295 -0.625493646 -0.003616805 -0.000506351 0.999993324 21.578554153
0.999993801 0.000146158 0.003524581 0.436136127 -0.000149298 0.999999702 0.000890745 -0.650525868 -0.003524450 -0.000891266 0.999993324 22.075994492
0.999993682 0.000705926 0.003497292 0.445299357 -0.000707458 0.999999762 0.000436853 -0.657379985 -0.003496983 -0.000439324 0.999993742 22.590745926
0.999995828 0.000475139 0.002826528 0.459242046 -0.000477247 0.999999642 0.000745283 -0.679881871 -0.002826173 -0.000746628 0.999995708 23.105287552
0.999997675 0.000426989 0.002115315 0.457954377 -0.000428636 0.999999702 0.000778367 -0.695053518 -0.002114981 -0.000779272 0.999997437 23.624605179
0.999997854 -0.000255161 0.002056975 0.462918550 0.000254827 1.000000000 0.000162447 -0.705439329 -0.002057015 -0.000161922 0.999997854 24.151739120
0.999999046 0.000867134 0.000993524 0.476625919 -0.000867832 0.999999404 0.000701937 -0.724730313 -0.000992915 -0.000702798 0.999999285 24.691940308
0.999999464 0.000944381 0.000224224 0.490595073 -0.000944630 0.999998927 0.001114020 -0.745424390 -0.000223171 -0.001114231 0.999999344 25.223014832
0.999999404 0.001041608 0.000062100 0.497007698 -0.001041667 0.999998987 0.000961617 -0.755856693 -0.000061098 -0.000961681 0.999999464 25.764862061
0.999999344 0.001035185 -0.000492540 0.498926938 -0.001034764 0.999999106 0.000852912 -0.768848538 0.000493423 -0.000852402 0.999999523 26.309505463
0.999999106 0.000573632 -0.001159939 0.514900625 -0.000572006 0.999998927 0.001401334 -0.784460664 0.001160741 -0.001400669 0.999998391 26.858869553
0.999998927 0.000929775 -0.001131932 0.527171016 -0.000927572 0.999997616 0.001945451 -0.810138047 0.001133738 -0.001944400 0.999997497 27.389787674
0.999997735 0.001217219 -0.001743890 0.530554295 -0.001214678 0.999998212 0.001457258 -0.818913162 0.001745661 -0.001455137 0.999997437 27.947568893
0.999997437 0.001052006 -0.001970727 0.538991034 -0.001048790 0.999998152 0.001632330 -0.833463848 0.001972441 -0.001630259 0.999996781 28.490114212
0.999995768 0.001551133 -0.002425452 0.549466491 -0.001547346 0.999997556 0.001562384 -0.845631123 0.002427869 -0.001558625 0.999995828 29.017265320
0.999994397 0.001270239 -0.003075104 0.561474860 -0.001266776 0.999998510 0.001127799 -0.855209708 0.003076532 -0.001123898 0.999994576 29.571371078
0.999994636 0.001554168 -0.002881689 0.564713717 -0.001548657 0.999996901 0.001913702 -0.878502727 0.002884654 -0.001909229 0.999993980 30.113140106
0.999993622 0.001659694 -0.003165463 0.576608658 -0.001654525 0.999997258 0.001634806 -0.893596232 0.003168168 -0.001629558 0.999993682 30.666954041
0.999992847 0.001650761 -0.003399223 0.589258015 -0.001643927 0.999996603 0.002012357 -0.913997471 0.003402534 -0.002006755 0.999992192 31.207012177
0.999991536 0.002062664 -0.003556607 0.594543278 -0.002056578 0.999996364 0.001713954 -0.923347116 0.003560130 -0.001706625 0.999992192 31.761583328
0.999991655 0.001723855 -0.003704416 0.604430079 -0.001717337 0.999996960 0.001762104 -0.939650357 0.003707443 -0.001755727 0.999991596 32.308727264
0.999990284 0.001963162 -0.003943938 0.612757862 -0.001957006 0.999996781 0.001563966 -0.948030949 0.003946997 -0.001556232 0.999990940 32.847290039
0.999989629 0.001833981 -0.004167495 0.624227405 -0.001827203 0.999997020 0.001629626 -0.967350841 0.004170471 -0.001621994 0.999989986 33.387779236
0.999988019 0.001979864 -0.004477437 0.631933808 -0.001972790 0.999996781 0.001583758 -0.979126573 0.004480558 -0.001574905 0.999988735 33.934799194
0.999989331 0.001753664 -0.004267315 0.635468721 -0.001745889 0.999996781 0.001825172 -0.994854629 0.004270502 -0.001817703 0.999989212 34.479362488
0.999987841 0.002003073 -0.004492587 0.641978443 -0.001994955 0.999996364 0.001810705 -1.007487178 0.004496198 -0.001801720 0.999988198 35.024326324
0.999989033 0.001670373 -0.004375949 0.652952850 -0.001663194 0.999997199 0.001643677 -1.022461653 0.004378683 -0.001636381 0.999989033 35.564186096
0.999986291 0.002041952 -0.004810018 0.661775947 -0.002033931 0.999996483 0.001671756 -1.036219835 0.004813414 -0.001661950 0.999987006 36.099651337
0.999971092 0.002196632 -0.007278703 0.680502892 -0.002183984 0.999996066 0.001745153 -1.050498009 0.007282508 -0.001729206 0.999972045 36.643856049
0.999986529 0.002353908 -0.004626053 0.671711028 -0.002345309 0.999995589 0.001863383 -1.070015192 0.004630419 -0.001852509 0.999987483 37.172931671
0.999985516 0.002080397 -0.004989361 0.685224056 -0.002074163 0.999997079 0.001254295 -1.076965451 0.004991957 -0.001243928 0.999986768 37.720802307
0.999983668 0.001576130 -0.005492961 0.697509825 -0.001575225 0.999998748 0.000169040 -1.083836794 0.005493221 -0.000160384 0.999984920 38.265613556
0.999986410 0.001990668 -0.004822327 0.693311930 -0.001987979 0.999997914 0.000562506 -1.104310751 0.004823437 -0.000552912 0.999988198 38.812294006
0.999986053 0.002309046 -0.004756325 0.705800653 -0.002305141 0.999997079 0.000826497 -1.120929360 0.004758219 -0.000815521 0.999988377 39.350570679
0.999981701 0.002106556 -0.005676166 0.724509954 -0.002094920 0.999995708 0.002055388 -1.145807624 0.005680471 -0.002043459 0.999981761 39.897567749
0.999981642 0.001870234 -0.005764244 0.735463679 -0.001858099 0.999996066 0.002109859 -1.161819577 0.005768166 -0.002099110 0.999981165 40.430671692
0.999979675 0.002103699 -0.006037120 0.753601849 -0.002088787 0.999994814 0.002475308 -1.177006721 0.006042295 -0.002462646 0.999978721 40.984664917
0.999981284 0.002135752 -0.005737291 0.743253767 -0.002127539 0.999996722 0.001437088 -1.177633643 0.005740342 -0.001424855 0.999982536 41.539405823
0.999977231 0.002261656 -0.006368560 0.765507340 -0.002250813 0.999996066 0.001709048 -1.199913383 0.006372400 -0.001694675 0.999978304 42.067806244
0.999975085 0.002365733 -0.006650488 0.781690478 -0.002354851 0.999995887 0.001643650 -1.211615801 0.006654350 -0.001627948 0.999976516 42.614105225
0.999977648 0.002255537 -0.006298339 0.766738057 -0.002242114 0.999995232 0.002137450 -1.226349473 0.006303130 -0.002123280 0.999977887 43.167247772
0.999979854 0.002600765 -0.005793154 0.769891739 -0.002589815 0.999994874 0.001896964 -1.239471197 0.005798057 -0.001881922 0.999981403 43.717876434
0.999980032 0.001690055 -0.006092443 0.783104837 -0.001674431 0.999995351 0.002568542 -1.259388208 0.006096756 -0.002558290 0.999978065 44.238651276
0.999977648 0.002001924 -0.006376998 0.781177044 -0.001988008 0.999995768 0.002187823 -1.268791080 0.006381351 -0.002175097 0.999977231 44.806858063
0.999982655 0.002924556 -0.005121143 0.780492485 -0.002916314 0.999994516 0.001616433 -1.276526809 0.005125843 -0.001601470 0.999985516 45.353897095
0.999978721 0.002320913 -0.006083425 0.801849246 -0.002307005 0.999994695 0.002292191 -1.299804449 0.006088712 -0.002278108 0.999978840 45.908340454
0.999980628 0.001664281 -0.005994380 0.813692093 -0.001649995 0.999995708 0.002387276 -1.318933725 0.005998328 -0.002377339 0.999979079 46.444168091
0.999976516 0.001977896 -0.006564023 0.818768859 -0.001962242 0.999995232 0.002390552 -1.322767496 0.006568719 -0.002377616 0.999975622 46.981060028
0.999977350 0.001659060 -0.006530559 0.825963855 -0.001641699 0.999995172 0.002662768 -1.340258121 0.006534944 -0.002651987 0.999975145 47.514446259
0.999977529 0.002032037 -0.006393509 0.826927006 -0.002017038 0.999995232 0.002351608 -1.350186467 0.006398258 -0.002338660 0.999976754 48.061306000
0.999979377 0.001881799 -0.006138220 0.817267120 -0.001868176 0.999995768 0.002224357 -1.358499408 0.006142381 -0.002212844 0.999978602 48.616989136
0.999980986 0.001967019 -0.005835629 0.825178981 -0.001953035 0.999995112 0.002401083 -1.374031544 0.005840324 -0.002389639 0.999980032 49.164440155
0.999983072 0.002450372 -0.005278043 0.822965980 -0.002442233 0.999995768 0.001547919 -1.382513523 0.005281814 -0.001535002 0.999984801 49.723625183
0.999979973 0.002010007 -0.005999501 0.840874553 -0.001995489 0.999995053 0.002424811 -1.408659816 0.006004346 -0.002412790 0.999979079 50.258399963
0.999979615 0.002733845 -0.005772695 0.847138703 -0.002718945 0.999992967 0.002587389 -1.428173184 0.005779728 -0.002571641 0.999980032 50.803813934
0.999981761 0.002511733 -0.005485987 0.850991130 -0.002497947 0.999993682 0.002518331 -1.439897060 0.005492277 -0.002504582 0.999981821 51.349235535
0.999974787 0.002355922 -0.006687462 0.870877862 -0.002341593 0.999994934 0.002149638 -1.451307297 0.006692492 -0.002133924 0.999975324 51.905250549
0.999976218 0.002038360 -0.006582167 0.875777125 -0.002025731 0.999996006 0.001924786 -1.467967391 0.006586065 -0.001911407 0.999976456 52.463088989
0.999978364 0.001825736 -0.006323400 0.877791643 -0.001812966 0.999996245 0.002024296 -1.481602430 0.006327073 -0.002012788 0.999977946 53.012771606
0.999977827 0.001942467 -0.006356104 0.882361710 -0.001929825 0.999996126 0.001994591 -1.493159294 0.006359954 -0.001982280 0.999977767 53.555107117
0.999979198 0.002068739 -0.006113001 0.889915109 -0.002058535 0.999996483 0.001675008 -1.505270720 0.006116444 -0.001662389 0.999979913 54.095577240
0.999979019 0.002323695 -0.006032025 0.899403930 -0.002312226 0.999995470 0.001907567 -1.520013928 0.006036430 -0.001893580 0.999979973 54.643554688
0.999975860 0.001857401 -0.006695740 0.910359502 -0.001847009 0.999997079 0.001557886 -1.535440445 0.006698614 -0.001545481 0.999976397 55.172489166
0.999977708 0.002152323 -0.006335348 0.913674057 -0.002142722 0.999996543 0.001521844 -1.547371507 0.006338602 -0.001508235 0.999978781 55.719673157
0.999975860 0.001578701 -0.006758289 0.922291517 -0.001567759 0.999997377 0.001623982 -1.561577916 0.006760835 -0.001613348 0.999975860 56.269618988
0.999978244 0.001578978 -0.006397353 0.939966917 -0.001566086 0.999996662 0.002019676 -1.584684491 0.006400521 -0.002009613 0.999977529 56.801025391
0.999976635 0.002162526 -0.006488791 0.940794826 -0.002153168 0.999996603 0.001448749 -1.586157799 0.006491902 -0.001434744 0.999977887 57.354225159
0.999977410 0.002086113 -0.006392622 0.942582011 -0.002078366 0.999997139 0.001218278 -1.601942420 0.006395145 -0.001204965 0.999978840 57.912315369
0.999976397 0.002053922 -0.006566455 0.958999038 -0.002048783 0.999997616 0.000789328 -1.612728715 0.006568061 -0.000775856 0.999978065 58.446037292
0.999976814 0.002265029 -0.006426007 0.959208012 -0.002259635 0.999997079 0.000846556 -1.622238159 0.006427906 -0.000832016 0.999979019 58.989540100
0.999976099 0.002067093 -0.006594107 0.970388591 -0.002064796 0.999997795 0.000355124 -1.637112975 0.006594826 -0.000341501 0.999978244 59.526988983
0.999975383 0.002184989 -0.006658183 0.974232137 -0.002183454 0.999997616 0.000237903 -1.643324733 0.006658686 -0.000223360 0.999977827 60.075233459
0.999970734 0.002301219 -0.007297882 0.987398028 -0.002295793 0.999997199 0.000751825 -1.660982490 0.007299591 -0.000735049 0.999973118 60.616043091
0.999974489 0.002761745 -0.006583975 0.986806989 -0.002760040 0.999996066 0.000268065 -1.670433521 0.006584690 -0.000249886 0.999978244 61.149311066
0.999970555 0.002885196 -0.007097112 1.003392220 -0.002883195 0.999995768 0.000292209 -1.686797500 0.007097925 -0.000271738 0.999974787 61.683498383
0.999971092 0.002363362 -0.007229721 1.010414124 -0.002364825 0.999997199 -0.000193973 -1.691949248 0.007229243 0.000211065 0.999973774 62.242729187
0.999971986 0.002637543 -0.007002217 1.016635895 -0.002636168 0.999996483 0.000205411 -1.712578773 0.007002735 -0.000186946 0.999975443 62.786987305
0.999972284 0.002540433 -0.007002126 1.018346786 -0.002538049 0.999996722 0.000349290 -1.728491545 0.007002990 -0.000331509 0.999975443 63.327888489
0.999974608 0.003055775 -0.006447425 1.017889500 -0.003054819 0.999995351 0.000158172 -1.743949294 0.006447878 -0.000138472 0.999979258 63.883117676
0.999974489 0.002828553 -0.006554998 1.024125934 -0.002827414 0.999996006 0.000183112 -1.756035805 0.006555489 -0.000164573 0.999978483 64.406372070
0.999974132 0.002611801 -0.006691102 1.036489964 -0.002608884 0.999996543 0.000444818 -1.772059083 0.006692240 -0.000427350 0.999977469 64.941886902
0.999970675 0.003198354 -0.006955808 1.044412255 -0.003194721 0.999994814 0.000533368 -1.792744994 0.006957477 -0.000511130 0.999975622 65.464920044
0.999973953 0.002598945 -0.006735826 1.049492836 -0.002597238 0.999996603 0.000262044 -1.801581383 0.006736485 -0.000244543 0.999977231 66.027320862
0.999974668 0.002363121 -0.006722620 1.053947687 -0.002364458 0.999997199 -0.000190903 -1.810204506 0.006722150 0.000206794 0.999977350 66.581817627
0.999968588 0.003301040 -0.007225258 1.062903881 -0.003296578 0.999994397 0.000629367 -1.834552288 0.007227296 -0.000605528 0.999973714 67.130149841
0.999967754 0.002836966 -0.007514353 1.085646391 -0.002835222 0.999995947 0.000242900 -1.846145391 0.007515011 -0.000221587 0.999971747 67.651054382
0.999964654 0.003033557 -0.007846359 1.100739241 -0.003030432 0.999995351 0.000410116 -1.867524385 0.007847567 -0.000386323 0.999969125 68.176490784
0.999966025 0.003555283 -0.007444262 1.102085829 -0.003552777 0.999993622 0.000349841 -1.884481907 0.007445457 -0.000323382 0.999972224 68.725608826
0.999969184 0.003440309 -0.007050757 1.090312958 -0.003439171 0.999994099 0.000173571 -1.893924832 0.007051313 -0.000149317 0.999975145 69.279235840
0.999974072 0.003313678 -0.006388161 1.098355532 -0.003312966 0.999994516 0.000121961 -1.906024694 0.006388531 -0.000100794 0.999979615 69.822708130
0.999969780 0.004198938 -0.006541475 1.102327108 -0.004194867 0.999991000 0.000635949 -1.926098108 0.006544087 -0.000608489 0.999978423 70.364753723
0.999969304 0.003408984 -0.007050052 1.110182047 -0.003413250 0.999993920 -0.000593252 -1.930779457 0.007047987 0.000617297 0.999974906 70.905532837
0.999969840 0.003392217 -0.006988750 1.119947195 -0.003396921 0.999993980 -0.000661422 -1.946528792 0.006986464 0.000685142 0.999975383 71.446975708
0.999971986 0.003377232 -0.006683262 1.117498398 -0.003377971 0.999994278 -0.000099231 -1.964596272 0.006682889 0.000121805 0.999977648 72.001197815
0.999969900 0.003366186 -0.006988645 1.127651930 -0.003369680 0.999994159 -0.000488234 -1.980632901 0.006986961 0.000511769 0.999975383 72.546112061
0.999972224 0.003650187 -0.006490987 1.128872156 -0.003649126 0.999993265 0.000175389 -2.003015280 0.006491583 -0.000151698 0.999978900 73.080223083
0.999971449 0.003665345 -0.006610247 1.133987546 -0.003667769 0.999993205 -0.000354628 -2.012030363 0.006608902 0.000378862 0.999978125 73.628356934
0.999970257 0.003467618 -0.006884998 1.146063089 -0.003467426 0.999993920 0.000039955 -2.032630205 0.006885095 -0.000016081 0.999976277 74.156578064
0.999969900 0.003094933 -0.007114095 1.160190701 -0.003093244 0.999995291 0.000248444 -2.049125910 0.007114829 -0.000226431 0.999974668 74.696228027
0.999972582 0.002856081 -0.006840041 1.165955782 -0.002850329 0.999995589 0.000850502 -2.068798304 0.006842440 -0.000830983 0.999976277 75.235748291
0.999972284 0.002588437 -0.006974772 1.173413515 -0.002588114 0.999996662 0.000055379 -2.081632376 0.006974891 -0.000037325 0.999975681 75.784675598
0.999972880 0.003072853 -0.006694362 1.179154277 -0.003074419 0.999995232 -0.000223749 -2.093800306 0.006693643 0.000244324 0.999977529 76.330444336
0.999971628 0.002429327 -0.007121879 1.186364412 -0.002430283 0.999996960 -0.000125545 -2.110208511 0.007121553 0.000142849 0.999974608 76.873153687
0.999969244 0.002490720 -0.007438197 1.197795868 -0.002491633 0.999996901 -0.000113505 -2.125944138 0.007437892 0.000132035 0.999972284 77.416526794
0.999968886 0.002222580 -0.007564201 1.203921318 -0.002222174 0.999997556 0.000061993 -2.144384384 0.007564320 -0.000045182 0.999971390 77.946281433
0.999967992 0.002885310 -0.007458346 1.213075042 -0.002884921 0.999995768 0.000062791 -2.162877798 0.007458496 -0.000041272 0.999972165 78.494064331
0.999967277 0.002877473 -0.007563032 1.227813482 -0.002877007 0.999995828 0.000072468 -2.174813747 0.007563209 -0.000050707 0.999971390 79.040046692
0.999967515 0.002452698 -0.007674446 1.234445214 -0.002456202 0.999996901 -0.000447291 -2.185622692 0.007673325 0.000466127 0.999970436 79.588691711
0.999966264 0.002590190 -0.007791696 1.245590448 -0.002594412 0.999996483 -0.000531851 -2.201465607 0.007790291 0.000552048 0.999969482 80.127990723
0.999974489 0.002920206 -0.006538953 1.249618411 -0.002921590 0.999995649 -0.000202229 -2.217213869 0.006538334 0.000221328 0.999978602 80.684371948
0.999982715 0.003044561 -0.005037372 1.253923655 -0.003046124 0.999995291 -0.000302594 -2.230694056 0.005036427 0.000317933 0.999987245 81.235778809
0.999986589 0.002740965 -0.004381582 1.269180298 -0.002742100 0.999996126 -0.000253053 -2.250898838 0.004380871 0.000265065 0.999990344 81.761955261
0.999989808 0.002855341 -0.003532951 1.283357263 -0.002854937 0.999995947 0.000119418 -2.271525860 0.003533278 -0.000109331 0.999993682 82.299842834
0.999996126 0.002801871 -0.000087913 1.297601700 -0.002801907 0.999996006 -0.000417121 -2.281714439 0.000086744 0.000417366 0.999999881 82.853912354
0.999988973 0.002448358 0.003987319 1.305418015 -0.002444636 0.999996543 -0.000938413 -2.289846420 -0.003989602 0.000928655 0.999991596 83.400451660
0.999972045 0.002432373 0.007062944 1.326036692 -0.002426676 0.999996722 -0.000815081 -2.310386419 -0.007064902 0.000797919 0.999974728 83.945632935
0.999930441 0.003192414 0.011354577 1.348860860 -0.003191408 0.999994874 -0.000106770 -2.331933975 -0.011354861 0.000070526 0.999935448 84.494659424
0.999845684 0.003234843 0.017266486 1.376949072 -0.003236082 0.999994874 0.000043790 -2.348918676 -0.017266255 -0.000099659 0.999850929 85.041992188
0.999728858 0.003454021 0.023027152 1.402189970 -0.003449759 0.999994040 -0.000224793 -2.364328146 -0.023027789 0.000145294 0.999734759 85.597457886
0.999590635 0.002572562 0.028494788 1.429847479 -0.002548072 0.999996424 -0.000895713 -2.371022463 -0.028496994 0.000822740 0.999593437 86.131790161
0.999325216 0.002567485 0.036640923 1.471085191 -0.002564325 0.999996662 -0.000133221 -2.393405199 -0.036641151 0.000039172 0.999328434 86.686309814
0.999009609 0.001859418 0.044456158 1.517804146 -0.001857504 0.999998212 -0.000084345 -2.408666849 -0.044456240 0.000001684 0.999011278 87.235305786
0.998640060 0.002115432 0.052091245 1.553407431 -0.002111460 0.999997854 -0.000131280 -2.423493385 -0.052091412 0.000021113 0.998642325 87.777656555
0.998132050 0.002325482 0.061048996 1.607023001 -0.002310453 0.999997258 -0.000316761 -2.438108921 -0.061049569 0.000175119 0.998134673 88.322799683
0.997469425 0.002128400 0.071065716 1.666404247 -0.002124415 0.999997675 -0.000131666 -2.452894688 -0.071065843 -0.000019641 0.997471631 88.858711243
0.996837139 0.002077926 0.079443753 1.730290413 -0.002108356 0.999997675 0.000299151 -2.475752354 -0.079442963 -0.000465700 0.996839225 89.396751404
0.996142566 0.001686540 0.087733172 1.788594246 -0.001638397 0.999998391 -0.000620734 -2.480396986 -0.087734096 0.000474598 0.996143818 89.951957703
0.995150149 0.001542892 0.098356105 1.866268158 -0.001469057 0.999998510 -0.000823103 -2.487074614 -0.098357238 0.000674620 0.995150924 90.501968384
0.994020402 0.001804801 0.109179556 1.940136433 -0.001784156 0.999998391 -0.000286785 -2.514905453 -0.109179899 0.000090277 0.994022012 91.070510864
0.992966831 0.000661010 0.118390955 2.029755592 -0.000620292 0.999999762 -0.000380780 -2.530351162 -0.118391193 0.000304665 0.992967010 91.612274170
0.991634667 0.001349702 0.129069194 2.122106552 -0.001343968 0.999999106 -0.000131524 -2.542285204 -0.129069239 -0.000043042 0.991635501 92.157646179
0.989997089 0.000978915 0.141084179 2.217969894 -0.000904747 0.999999344 -0.000589849 -2.555724382 -0.141084686 0.000456304 0.989997447 92.700675964
0.988412380 0.000416102 0.151791781 2.326881409 -0.000418937 0.999999940 -0.000013305 -2.579090834 -0.151791766 -0.000050441 0.988412499 93.236442566
0.986730576 0.000259437 0.162365630 2.429889679 -0.000233705 0.999999940 -0.000177581 -2.587313414 -0.162365690 0.000137279 0.986730635 93.786537170
0.984510541 0.000451835 0.175324693 2.546149254 -0.000445442 0.999999821 -0.000075812 -2.605093956 -0.175324708 -0.000003459 0.984510660 94.307090759
0.982273638 -0.000181344 0.187452555 2.672525406 0.000203550 0.999999940 -0.000099216 -2.618785143 -0.187452555 0.000135613 0.982273638 94.837249756
0.980136573 -0.000027304 0.198323682 2.791388512 -0.000014450 1.000000000 0.000209086 -2.634027004 -0.198323652 -0.000207798 0.980136573 95.376708984
0.977568865 -0.000310415 0.210615471 2.940258026 0.000236348 0.999999940 0.000376843 -2.654475212 -0.210615575 -0.000318612 0.977568924 95.901336670
0.974648535 -0.000634071 0.223740637 3.088043213 0.000553822 0.999999762 0.000421420 -2.669000626 -0.223740846 -0.000286823 0.974648654 96.420349121
0.972120345 -0.001360681 0.234478384 3.237174988 0.001183302 0.999998868 0.000897169 -2.689303398 -0.234479338 -0.000594697 0.972120881 96.910018921
0.968791783 -0.000708455 0.247874871 3.373718262 0.000690976 0.999999762 0.000157510 -2.690210104 -0.247874901 0.000018681 0.968792140 97.522483826
0.965246677 -0.000375777 0.261340261 3.546709061 0.000042322 0.999999225 0.001281566 -2.717832804 -0.261340559 -0.001225967 0.965245903 98.042213440
0.961588919 -0.000841584 0.274492264 3.703069687 0.000736258 0.999999583 0.000486741 -2.720800638 -0.274492562 -0.000265947 0.961589158 98.569625854
0.958612084 -0.001855586 0.284709245 3.889829636 0.001747734 0.999998271 0.000632868 -2.736822844 -0.284709990 -0.000109079 0.958613634 99.078872681
0.954207540 -0.001672560 0.299140662 4.059135437 0.001466940 0.999998510 0.000911917 -2.753298521 -0.299141735 -0.000431336 0.954208612 99.609069824
0.949789584 -0.001759628 0.312884331 4.254512787 0.001570699 0.999998391 0.000855880 -2.768427372 -0.312885344 -0.000321458 0.949790895 100.116973877
0.945968270 -0.002378420 0.324250400 4.452747345 0.002213435 0.999997079 0.000877636 -2.781139612 -0.324251562 -0.000112509 0.945970893 100.641967773
0.941484451 -0.002680672 0.337045670 4.659761429 0.002489407 0.999996364 0.000999640 -2.798955917 -0.337047160 -0.000102101 0.941487789 101.151557922
0.936111867 -0.003470971 0.351685345 4.866832733 0.003414489 0.999993801 0.000780832 -2.809373856 -0.351685882 0.000469879 0.936117947 101.673568726
0.931243062 -0.003354071 0.364383399 5.087211609 0.003053534 0.999994397 0.001400914 -2.830551386 -0.364386022 -0.000191934 0.931248009 102.184524536
0.926572621 -0.003996897 0.376094848 5.301887512 0.004012161 0.999991655 0.000742647 -2.837696552 -0.376094609 0.000820837 0.926580906 102.682090759
0.921020091 -0.004627313 0.389487624 5.544635773 0.004512327 0.999989092 0.001210098 -2.855914116 -0.389488965 0.000642971 0.921030879 103.176361084
0.915253460 -0.004817855 0.402849525 5.785095215 0.004782426 0.999987960 0.001093866 -2.867593527 -0.402850032 0.000925434 0.915265560 103.671081543
0.910084009 -0.004761087 0.414396316 6.026191711 0.004707438 0.999988198 0.001150749 -2.884613037 -0.414396882 0.000903467 0.910095870 104.166519165
0.904101968 -0.006253944 0.427270919 6.307201385 0.006550860 0.999978244 0.000775065 -2.892986298 -0.427266449 0.002098254 0.904123366 104.662231445
0.897400439 -0.006221765 0.441172987 6.563907623 0.006165280 0.999979794 0.001561551 -2.918796539 -0.441173762 0.001318619 0.897420704 105.153549194
0.891528130 -0.006162071 0.452923328 6.841629028 0.006317430 0.999979317 0.001169682 -2.926361561 -0.452921182 0.001818507 0.891548693 105.667083740
0.886023164 -0.006436224 0.463596284 7.109832764 0.006603993 0.999977410 0.001261416 -2.940736532 -0.463593960 0.001943943 0.886045575 106.137649536
0.878679574 -0.007052803 0.477359891 7.381233215 0.007111590 0.999973297 0.001683857 -2.963119507 -0.477359027 0.001915217 0.878706217 106.600135803
