1.000000000 0.000000000 0.000000000 0.000000000 0.000000000 1.000000000 0.000000000 0.000000000 0.000000000 0.000000000 1.000000000 0.000000000
1.000000000 0.000041684 -0.000021564 0.000443591 -0.000041683 1.000000000 0.000013526 -0.000358452 0.000021564 -0.000013525 1.000000000 0.001361112
1.000000000 0.000035688 0.000004630 0.000858126 -0.000035689 1.000000000 0.000036421 -0.000552335 -0.000004629 -0.000036421 1.000000000 0.001248043
1.000000000 -0.000026890 -0.000058204 0.001601483 0.000026887 1.000000000 -0.000040734 -0.000798226 0.000058205 0.000040733 1.000000000 -0.001040927
1.000000000 -0.000051993 -0.000081568 0.001213104 0.000052000 1.000000000 0.000081164 -0.000831690 0.000081564 -0.000081168 1.000000000 -0.000005675
1.000000000 -0.000055101 -0.000055899 -0.000824972 0.000055101 1.000000000 -0.000004760 0.001134359 0.000055900 0.000004757 1.000000000 0.002322944
1.000000000 -0.000119015 -0.000090211 0.001107167 0.000119023 1.000000000 0.000095324 -0.000623014 0.000090200 -0.000095335 1.000000000 0.000205145
1.000000000 -0.000015224 -0.000002056 -0.000419293 0.000015225 1.000000000 0.000066444 -0.000657342 0.000002055 -0.000066444 1.000000000 -0.000859742
1.000000000 0.000060465 -0.000038498 0.001053337 -0.000060463 1.000000000 0.000067129 -0.000589971 0.000038503 -0.000067127 1.000000000 -0.001743051
1.000000000 0.000056114 -0.000004039 -0.000021514 -0.000056113 1.000000000 0.000060666 0.000252081 0.000004042 -0.000060666 1.000000000 0.001717743
1.000000000 0.000072345 -0.000013282 0.000476190 -0.000072345 1.000000000 0.000016600 -0.000498802 0.000013283 -0.000016599 1.000000000 0.001213428
1.000000000 -0.000043960 -0.000097604 0.001690038 0.000043969 1.000000000 0.000098294 -0.001371739 0.000097600 -0.000098298 1.000000000 -0.000277228
1.000000000 -0.000042487 -0.000041167 0.000449029 0.000042487 1.000000000 0.000000386 0.000399020 0.000041167 -0.000000388 1.000000000 0.001660312
1.000000000 -0.000081297 -0.000103058 0.000583486 0.000081309 1.000000000 0.000121285 -0.000012623 0.000103048 -0.000121293 1.000000000 0.000110794
1.000000000 -0.000003152 -0.000084980 0.001171824 0.000003158 1.000000000 0.000068046 -0.000411556 0.000084979 -0.000068046 1.000000000 -0.003427857
1.000000000 -0.000004485 -0.000101872 0.002733829 0.000004496 1.000000000 0.000103307 -0.000789293 0.000101872 -0.000103307 1.000000000 -0.002268991
1.000000000 -0.000066119 -0.000075342 0.002329128 0.000066128 1.000000000 0.000125521 -0.001414305 0.000075334 -0.000125526 1.000000000 -0.002493684
1.000000000 -0.000035717 -0.000069010 0.002609069 0.000035721 1.000000000 0.000059414 -0.000686380 0.000069008 -0.000059416 1.000000000 -0.001231922
1.000000000 0.000081204 -0.000070047 0.001823549 -0.000081194 1.000000000 0.000139392 -0.001225102 0.000070059 -0.000139386 1.000000000 -0.002722231
1.000000000 -0.000105808 -0.000106090 0.002710103 0.000105818 1.000000000 0.000091717 -0.001770872 0.000106080 -0.000091728 1.000000000 -0.004214821
1.000000000 -0.000084239 -0.000104087 0.001470173 0.000084247 1.000000000 0.000077487 0.000204171 0.000104081 -0.000077496 1.000000000 0.001419224
1.000000000 -0.000111699 -0.000096647 0.001574056 0.000111711 1.000000000 0.000122198 -0.001756634 0.000096634 -0.000122209 1.000000000 -0.004842675
1.000000000 0.000024520 -0.000130883 0.003808232 -0.000024505 1.000000000 0.000115271 -0.000849836 0.000130885 -0.000115268 1.000000000 -0.002018246
1.000000000 -0.000059818 -0.000147946 0.002972004 0.000059832 1.000000000 0.000092593 -0.001244045 0.000147941 -0.000092602 1.000000000 -0.002121056
1.000000000 -0.000099932 -0.000116025 0.002245443 0.000099943 1.000000000 0.000096603 -0.001279627 0.000116015 -0.000096615 1.000000000 -0.002850931
1.000000000 -0.000049884 -0.000139193 0.002888425 0.000049893 1.000000000 0.000066380 -0.000381260 0.000139189 -0.000066387 1.000000000 -0.001132254
1.000000000 -0.000036682 -0.000080699 0.003162283 0.000036687 1.000000000 0.000055556 -0.000467634 0.000080697 -0.000055558 1.000000000 -0.001531282
1.000000000 -0.000159176 -0.000173646 0.002279805 0.000159198 1.000000000 0.000130141 -0.000683887 0.000173625 -0.000130168 1.000000000 -0.003368187
1.000000000 -0.000167510 -0.000106849 0.001651897 0.000167520 1.000000000 0.000084714 -0.001683693 0.000106835 -0.000084732 1.000000000 -0.001374103
1.000000000 -0.000047801 -0.000177999 0.004305090 0.000047837 1.000000000 0.000200878 -0.002723542 0.000177989 -0.000200887 0.999999940 -0.004979550
1.000000000 -0.000148669 -0.000167644 0.004030311 0.000148687 1.000000000 0.000107844 -0.001374072 0.000167628 -0.000107869 1.000000000 -0.002507767
1.000000000 -0.000067501 -0.000147537 0.002926120 0.000067515 1.000000000 0.000096887 -0.000375302 0.000147530 -0.000096897 1.000000000 -0.002425478
1.000000000 -0.000115671 -0.000115853 0.003178450 0.000115688 1.000000000 0.000147015 -0.001561796 0.000115836 -0.000147028 1.000000000 -0.004899304
1.000000000 -0.000016922 -0.000077703 0.002639547 0.000016928 1.000000000 0.000072028 -0.000587643 0.000077702 -0.000072029 1.000000000 -0.003244050
1.000000000 -0.000036747 -0.000108485 0.002115915 0.000036755 1.000000000 0.000076461 -0.000417698 0.000108482 -0.000076465 1.000000000 -0.001413048
1.000000000 -0.000140955 -0.000121779 0.002536114 0.000140972 1.000000000 0.000139227 -0.002169860 0.000121760 -0.000139244 1.000000000 -0.004259765
1.000000000 -0.000104159 -0.000155633 0.003156615 0.000104173 1.000000000 0.000093234 -0.000541391 0.000155623 -0.000093250 1.000000000 -0.002530678
1.000000000 -0.000061551 -0.000156713 0.005166100 0.000061577 1.000000000 0.000165491 -0.001408278 0.000156703 -0.000165501 1.000000000 -0.005574081
1.000000000 -0.000113217 -0.000108055 0.001821740 0.000113228 1.000000000 0.000098188 -0.000898243 0.000108044 -0.000098200 1.000000000 -0.002872230
0.999999940 -0.000172039 -0.000180756 0.003043903 0.000172071 0.999999940 0.000176876 -0.001822685 0.000180726 -0.000176907 0.999999940 -0.004781627
1.000000000 -0.000069561 -0.000199690 0.004751155 0.000069573 1.000000000 0.000063221 -0.001760027 0.000199685 -0.000063235 1.000000000 -0.002257494
1.000000000 -0.000229555 -0.000050211 0.002309785 0.000229528 0.999999821 -0.000519053 -0.003016295 0.000050330 0.000519041 0.999999881 0.049967106
1.000000000 0.000042521 -0.000101641 0.004130437 -0.000042636 0.999999344 -0.001132054 -0.005896084 0.000101593 0.001132058 0.999999344 0.137839288
1.000000000 0.000000842 0.000015437 0.005020352 -0.000000819 0.999998927 -0.001461023 -0.009084953 -0.000015438 0.001461023 0.999998927 0.254771769
1.000000000 0.000043932 0.000007376 0.008371645 -0.000043921 0.999998927 -0.001454171 -0.012005579 -0.000007440 0.001454170 0.999998927 0.387812495
1.000000000 0.000050531 -0.000010405 0.010261965 -0.000050544 0.999999285 -0.001196880 -0.017094513 0.000010344 0.001196880 0.999999285 0.526600063
1.000000000 0.000223183 0.000087636 0.014235373 -0.000223095 0.999999464 -0.001009455 -0.023858406 -0.000087861 0.001009436 0.999999464 0.680297375
1.000000000 0.000035954 0.000146624 0.014323429 -0.000035828 0.999999642 -0.000859827 -0.029287906 -0.000146655 0.000859822 0.999999642 0.843911409
0.999999881 0.000414085 0.000274958 0.014418798 -0.000413884 0.999999642 -0.000727744 -0.027751317 -0.000275260 0.000727631 0.999999702 1.021100283
0.999999940 0.000284668 0.000037975 0.024365367 -0.000284646 0.999999762 -0.000581334 -0.036108650 -0.000038140 0.000581323 0.999999821 1.188850641
1.000000000 0.000078357 -0.000100240 0.031366751 -0.000078377 1.000000000 -0.000201862 -0.044949286 0.000100224 0.000201870 1.000000000 1.366745353
0.999999940 0.000251202 -0.000232129 0.035222627 -0.000251267 1.000000000 -0.000281673 -0.047825120 0.000232058 0.000281731 1.000000000 1.558889389
0.999999940 -0.000072516 -0.000023271 0.036422778 0.000072521 0.999999881 0.000236550 -0.061908018 0.000023254 -0.000236552 1.000000000 1.753376245
1.000000000 0.000011791 -0.000193793 0.044211466 -0.000011724 0.999999940 0.000344371 -0.067877322 0.000193797 -0.000344368 1.000000000 1.957610250
1.000000000 -0.000010131 0.000021836 0.045592453 0.000010125 0.999999940 0.000282624 -0.072373949 -0.000021839 -0.000282624 1.000000000 2.172501564
0.999999881 0.000530663 0.000107466 0.046445783 -0.000530716 0.999999762 0.000495297 -0.079200089 -0.000107203 -0.000495354 0.999999940 2.387136698
1.000000000 -0.000075802 0.000016792 0.054195255 0.000075788 0.999999583 0.000861200 -0.089343533 -0.000016857 -0.000861199 0.999999583 2.610839367
1.000000000 -0.000328623 -0.000064807 0.057709418 0.000328679 0.999999583 0.000857289 -0.094978631 0.000064525 -0.000857310 0.999999583 2.845625401
1.000000000 -0.000138544 0.000090375 0.060747538 0.000138454 0.999999523 0.000995909 -0.099901088 -0.000090513 -0.000995896 0.999999464 3.074543238
0.999999940 -0.000340126 0.000143467 0.066334248 0.000339991 0.999999583 0.000938539 -0.108370289 -0.000143786 -0.000938490 0.999999523 3.319687128
0.999999881 -0.000265176 0.000390602 0.070362873 0.000264747 0.999999344 0.001097738 -0.120242208 -0.000390892 -0.001097635 0.999999344 3.557651758
0.999999881 0.000065191 0.000384348 0.076046564 -0.000065718 0.999999046 0.001370078 -0.126475558 -0.000384258 -0.001370103 0.999999046 3.809112310
0.999999762 -0.000378722 0.000388591 0.083781719 0.000378222 0.999999106 0.001284614 -0.135459960 -0.000389078 -0.001284467 0.999999166 4.068438053
0.999999762 -0.000300187 0.000560811 0.082610525 0.000299260 0.999998569 0.001652137 -0.142289951 -0.000561306 -0.001651968 0.999998450 4.321287155
0.999999762 -0.000363192 0.000601444 0.086681001 0.000362194 0.999998569 0.001657363 -0.148988128 -0.000602045 -0.001657145 0.999998391 4.581412315
0.999999702 -0.000269979 0.000783442 0.094191194 0.000268465 0.999998033 0.001931384 -0.157520697 -0.000783962 -0.001931173 0.999997795 4.830868721
0.999999702 -0.000362920 0.000649886 0.094025038 0.000361578 0.999997735 0.002063838 -0.169041052 -0.000650634 -0.002063603 0.999997616 5.085016727
0.999999881 -0.000406003 0.000300646 0.101110213 0.000405435 0.999998093 0.001887819 -0.173754737 -0.000301412 -0.001887697 0.999998152 5.356570244
0.999999702 0.000071705 0.000746757 0.103979163 -0.000073268 0.999997735 0.002093987 -0.184545383 -0.000746605 -0.002094042 0.999997556 5.620330334
0.999999762 0.000259516 0.000591437 0.114598587 -0.000260779 0.999997675 0.002136352 -0.190953791 -0.000590881 -0.002136505 0.999997556 5.908037663
0.999999881 0.000125184 0.000511866 0.121170692 -0.000126229 0.999997854 0.002041119 -0.200072601 -0.000511610 -0.002041183 0.999997795 6.186480522
0.999999821 -0.000140799 0.000585124 0.125210583 0.000139480 0.999997437 0.002253840 -0.208935454 -0.000585440 -0.002253758 0.999997318 6.472764015
0.999999881 0.000069445 0.000607682 0.132945284 -0.000070791 0.999997556 0.002214992 -0.218146160 -0.000607527 -0.002215035 0.999997377 6.748739243
0.999999762 -0.000234877 0.000640706 0.144347310 0.000233063 0.999995947 0.002829934 -0.241148144 -0.000641368 -0.002829784 0.999995768 7.022935390
0.999999702 -0.000456693 0.000535556 0.151092470 0.000455170 0.999995828 0.002841075 -0.250203758 -0.000536851 -0.002840831 0.999995828 7.329374313
0.999999642 -0.000262637 0.000708696 0.159476906 0.000260638 0.999995887 0.002819599 -0.260641873 -0.000709434 -0.002819414 0.999995768 7.636570930
0.999999642 -0.000663566 0.000479073 0.171338588 0.000662097 0.999994993 0.003060970 -0.271282911 -0.000481102 -0.003060652 0.999995172 7.954161644
0.999999464 -0.000292391 0.000989851 0.160672158 0.000289614 0.999996126 0.002804088 -0.276540816 -0.000990667 -0.002803801 0.999995589 8.274498940
0.999999523 -0.000300908 0.000950163 0.175666332 0.000298094 0.999995589 0.002959914 -0.287681520 -0.000951049 -0.002959630 0.999995172 8.588779449
0.999998748 0.000501439 0.001533401 0.171020031 -0.000505936 0.999995589 0.002933363 -0.293349415 -0.001531923 -0.002934135 0.999994516 8.933588028
0.999998927 0.000263428 0.001443542 0.180939406 -0.000267808 0.999995351 0.003034801 -0.306320071 -0.001442736 -0.003035184 0.999994397 9.294057846
0.999998987 0.000579056 0.001297168 0.185863391 -0.000583421 0.999994099 0.003366545 -0.317614794 -0.001295211 -0.003367298 0.999993503 9.618496895
0.999998510 0.000870127 0.001468342 0.191873789 -0.000874794 0.999994516 0.003180594 -0.322078139 -0.001465566 -0.003181874 0.999993861 9.969724655
0.999998391 0.000783128 0.001607397 0.196751267 -0.000788378 0.999994338 0.003268203 -0.335762829 -0.001604829 -0.003269465 0.999993384 10.330467224
0.999999106 0.000183264 0.001326698 0.211581022 -0.000188018 0.999993563 0.003584375 -0.348085791 -0.001326032 -0.003584621 0.999992669 10.688959122
0.999998927 -0.000113637 0.001486727 0.219565958 0.000108222 0.999993443 0.003642438 -0.356758118 -0.001487131 -0.003642273 0.999992251 11.051668167
0.999998808 0.000197185 0.001497463 0.229108334 -0.000202317 0.999994099 0.003427576 -0.367667019 -0.001496778 -0.003427876 0.999993026 11.442799568
0.999998510 0.000369924 0.001661440 0.237702683 -0.000375497 0.999994278 0.003355386 -0.374432087 -0.001660190 -0.003356005 0.999993026 11.821652412
0.999998868 0.000015849 0.001501938 0.251558751 -0.000021161 0.999993742 0.003536210 -0.389763474 -0.001501872 -0.003536238 0.999992669 12.210453033
0.999998271 0.000776958 0.001678161 0.258402705 -0.000783275 0.999992609 0.003766961 -0.399212003 -0.001675222 -0.003768269 0.999991536 12.596559525
0.999997735 0.000804146 0.001941083 0.262491941 -0.000812788 0.999989748 0.004455280 -0.425538480 -0.001937480 -0.004456848 0.999988198 12.971703529
0.999997735 0.001099892 0.001804726 0.275852829 -0.001108336 0.999988377 0.004684794 -0.438500106 -0.001799553 -0.004686784 0.999987423 13.367837906
0.999997199 0.001052317 0.002115088 0.288677752 -0.001062155 0.999988616 0.004655991 -0.451701522 -0.002110164 -0.004658224 0.999986947 13.764959335
0.999997139 0.000752929 0.002268810 0.300281137 -0.000763308 0.999989152 0.004576880 -0.471793145 -0.002265339 -0.004578599 0.999986947 14.191332817
0.999997199 0.000439659 0.002341889 0.310835242 -0.000450391 0.999989331 0.004583764 -0.483200878 -0.002339849 -0.004584806 0.999986768 14.619594574
0.999996006 0.000594000 0.002757343 0.322405875 -0.000607396 0.999987960 0.004859965 -0.496220261 -0.002754423 -0.004861621 0.999984443 15.038749695
0.999995708 0.000787569 0.002813632 0.327919543 -0.000801839 0.999986827 0.005074147 -0.522752583 -0.002809599 -0.005076383 0.999983191 15.447112083
0.999993801 0.001160165 0.003318639 0.337311208 -0.001177291 0.999985993 0.005163171 -0.533850491 -0.003312603 -0.005167047 0.999981165 15.889109612
0.999991834 0.001388957 0.003809838 0.345989078 -0.001409870 0.999983966 0.005492191 -0.545171976 -0.003802148 -0.005497518 0.999977648 16.330989838
0.999993443 0.000565763 0.003579882 0.355746567 -0.000587501 0.999981403 0.006074132 -0.563664436 -0.003576377 -0.006076195 0.999975145 16.782541275
0.999993026 0.000444580 0.003708802 0.369477749 -0.000467124 0.999981344 0.006079829 -0.573951244 -0.003706030 -0.006081519 0.999974668 17.242673874
0.999991417 0.000435225 0.004128031 0.380834699 -0.000462004 0.999978840 0.006488399 -0.584604561 -0.004125120 -0.006490250 0.999970436 17.706268311
0.999989152 0.000857647 0.004579080 0.400536031 -0.000884684 0.999982178 0.005905622 -0.612667859 -0.004573934 -0.005909609 0.999972105 18.162515640
0.999987423 0.001121124 0.004886531 0.410956740 -0.001150905 0.999980748 0.006095970 -0.621426404 -0.004879602 -0.006101517 0.999969542 18.637470245
0.999988973 0.000562145 0.004671161 0.430554271 -0.000590071 0.999981940 0.005979194 -0.635301471 -0.004667715 -0.005981883 0.999971271 19.106128693
0.999989092 0.000425928 0.004645678 0.450441569 -0.000455727 0.999979258 0.006415036 -0.667213798 -0.004642850 -0.006417083 0.999968588 19.574909210
0.999989152 0.000578519 0.004613337 0.466879189 -0.000608746 0.999978364 0.006553465 -0.679625630 -0.004609446 -0.006556203 0.999967873 20.057441711
0.999989390 0.000434791 0.004579321 0.484616339 -0.000466026 0.999976575 0.006822118 -0.694830000 -0.004576248 -0.006824180 0.999966264 20.533678055
0.999991536 0.000070577 0.004111061 0.496037662 -0.000097599 0.999978304 0.006573035 -0.715151966 -0.004110509 -0.006573380 0.999969959 21.039884567
0.999993563 0.000009087 0.003582488 0.504978240 -0.000033004 0.999977648 0.006676190 -0.723804832 -0.003582347 -0.006676266 0.999971330 21.543817520
0.999993145 0.000932229 0.003599313 0.508298159 -0.000956251 0.999977231 0.006678092 -0.739784479 -0.003593006 -0.006681488 0.999971271 22.058931351
0.999995232 -0.000059779 0.003086003 0.528370082 0.000036525 0.999971628 0.007534990 -0.759730697 -0.003086367 -0.007534842 0.999966860 22.498826981
0.999996364 -0.000212915 0.002674355 0.541102946 0.000192411 0.999970615 0.007664680 -0.769957423 -0.002675909 -0.007664137 0.999967039 23.013216019
0.999998331 -0.000943895 0.001541608 0.562251925 0.000931867 0.999969184 0.007784063 -0.787790120 -0.001548908 -0.007782614 0.999968529 23.513469696
0.999997914 -0.001647313 0.001181004 0.573332012 0.001638356 0.999970138 0.007545474 -0.802758455 -0.001193399 -0.007543524 0.999970853 24.038061142
0.999999702 -0.000357853 0.000702363 0.581353605 0.000352483 0.999970853 0.007630568 -0.813035488 -0.000705073 -0.007630319 0.999970615 24.519041061
0.999999702 -0.000780934 -0.000209897 0.599249601 0.000782596 0.999967396 0.008035569 -0.828506231 0.000203615 -0.008035732 0.999967694 25.049041748
0.999999762 -0.000267900 -0.000597778 0.596503794 0.000272797 0.999966264 0.008207064 -0.835796773 0.000595560 -0.008207225 0.999966145 25.569139481
0.999999702 -0.000556221 -0.000544442 0.606807709 0.000560641 0.999966621 0.008152070 -0.848309457 0.000539890 -0.008152371 0.999966621 26.119005203
0.999999106 -0.000822945 -0.000999852 0.608636677 0.000831698 0.999961078 0.008786466 -0.865161300 0.000992582 -0.008787290 0.999960899 26.601797104
0.999997973 -0.000850413 -0.001820111 0.630562961 0.000866811 0.999958932 0.009028058 -0.887638986 0.001812359 -0.009029618 0.999957621 27.148334503
0.999998629 0.000398169 -0.001592412 0.627601922 -0.000384030 0.999960601 0.008869371 -0.894424796 0.001595880 -0.008868748 0.999959409 27.664039612
0.999997199 0.000101458 -0.002376263 0.642839670 -0.000079963 0.999959111 0.009044059 -0.908161163 0.002377084 -0.009043844 0.999956310 28.200242996
0.999996066 0.000028555 -0.002810928 0.658066273 -0.000003108 0.999959052 0.009052357 -0.920275807 0.002811071 -0.009052312 0.999955058 28.710281372
0.999995232 0.000093212 -0.003093200 0.667870939 -0.000065780 0.999960721 0.008867443 -0.932816863 0.003093905 -0.008867198 0.999955893 29.253776550
0.999994278 -0.000242862 -0.003363700 0.672468066 0.000274814 0.999954820 0.009501802 -0.948511124 0.003361240 -0.009502673 0.999949157 29.778289795
0.999993861 0.000016107 -0.003510472 0.684651017 0.000016626 0.999956548 0.009324151 -0.961149633 0.003510469 -0.009324152 0.999950349 30.332572937
0.999993503 0.000761139 -0.003531454 0.691796303 -0.000728013 0.999955773 0.009371991 -0.967213809 0.003538431 -0.009369359 0.999949872 30.849233627
0.999991715 0.000409759 -0.004054980 0.713875473 -0.000372051 0.999956667 0.009295373 -0.983198166 0.004058613 -0.009293785 0.999948621 31.391246796
0.999990702 0.000521708 -0.004282777 0.730673611 -0.000481204 0.999955118 0.009453084 -1.003108978 0.004287517 -0.009450935 0.999946177 31.915687561
0.999990582 0.000281820 -0.004314561 0.721291363 -0.000238724 0.999950111 0.009985786 -1.016171813 0.004317160 -0.009984662 0.999940813 32.427139282
0.999989033 0.000405269 -0.004644349 0.733136654 -0.000356921 0.999945819 0.010406126 -1.032120109 0.004648314 -0.010404356 0.999935031 32.967552185
0.999990284 0.001041091 -0.004284589 0.726431310 -0.000997646 0.999948323 0.010129466 -1.040906787 0.004294912 -0.010125095 0.999939501 33.516895294
0.999984920 -0.000153584 -0.005488384 0.753756940 0.000210851 0.999945581 0.010435190 -1.047888994 0.005486481 -0.010436188 0.999930501 34.055084229
0.999988735 0.000631263 -0.004697669 0.745298684 -0.000582571 0.999946177 0.010359159 -1.063836932 0.004703954 -0.010356306 0.999935269 34.609313965
0.999989867 0.001305059 -0.004292490 0.739938736 -0.001260107 0.999944627 0.010458420 -1.071472645 0.004305900 -0.010452905 0.999936163 35.148651123
0.999987781 0.000780496 -0.004879514 0.763528883 -0.000726880 0.999939442 0.010980017 -1.105059385 0.004887789 -0.010976335 0.999927819 35.701572418
0.999988019 0.001632563 -0.004620203 0.771519601 -0.001581669 0.999938309 0.010997862 -1.118512392 0.004637872 -0.010990422 0.999928892 36.236305237
0.999985933 0.000869966 -0.005237814 0.786211967 -0.000812449 0.999939442 0.010973305 -1.129651666 0.005247044 -0.010968897 0.999926090 36.741775513
0.999984026 0.001028310 -0.005562613 0.786282957 -0.000965521 0.999935925 0.011278724 -1.142212629 0.005573854 -0.011273172 0.999920964 37.316936493
0.999983013 0.000375599 -0.005814438 0.816564620 -0.000312342 0.999940753 0.010876426 -1.150340557 0.005818179 -0.010874424 0.999923944 37.859832764
0.999984145 0.001985894 -0.005273129 0.819781661 -0.001930070 0.999942243 0.010570470 -1.155364513 0.005293818 -0.010560123 0.999930203 38.386600494
0.999981463 0.000632361 -0.006051062 0.809710503 -0.000562997 0.999934196 0.011457969 -1.163953781 0.006057908 -0.011454349 0.999916077 38.975181580
0.999981582 0.000955286 -0.006000459 0.848664403 -0.000889475 0.999939501 0.010960696 -1.182757616 0.006010568 -0.010955155 0.999921858 39.469322205
0.999982595 0.001205585 -0.005772176 0.850178421 -0.001142136 0.999938965 0.010982835 -1.190278530 0.005785066 -0.010976049 0.999922991 40.005989075
0.999981821 0.001281952 -0.005898395 0.857806504 -0.001216265 0.999937296 0.011126638 -1.202751160 0.005912289 -0.011119260 0.999920666 40.546939850
0.999982834 0.000853218 -0.005796759 0.868313372 -0.000790257 0.999940693 0.010854945 -1.229704857 0.005805677 -0.010850176 0.999924302 41.088191986
0.999978304 0.003190628 -0.005768456 0.895327330 -0.003133198 0.999945581 0.009937734 -1.210002661 0.005799851 -0.009919446 0.999933898 41.737766266
0.999979377 -0.000103033 -0.006421494 0.902915597 0.000179194 0.999929547 0.011860949 -1.263995886 0.006419821 -0.011861854 0.999909043 42.173233032
0.999979615 -0.000044993 -0.006379738 0.901060581 0.000122727 0.999925673 0.012184656 -1.273452997 0.006378716 -0.012185191 0.999905407 42.717998505
0.999981105 0.000896541 -0.006081981 0.893476248 -0.000825654 0.999931753 0.011647956 -1.282396197 0.006092010 -0.011642713 0.999913692 43.318412781
0.999979794 0.000395591 -0.006346365 0.903748810 -0.000322590 0.999933839 0.011499885 -1.293600559 0.006350494 -0.011497605 0.999913752 43.863349915
0.999981046 0.000923414 -0.006086085 0.906888962 -0.000853195 0.999933183 0.011530023 -1.304275513 0.006096325 -0.011524613 0.999914944 44.396495819
0.999981761 0.001541918 -0.005833857 0.909743309 -0.001474996 0.999933302 0.011458248 -1.314591885 0.005851136 -0.011449435 0.999917328 44.951889038
0.999979079 0.000578637 -0.006459603 0.929503143 -0.000501300 0.999928236 0.011967649 -1.328459382 0.006466065 -0.011964160 0.999907494 45.503673553
0.999978304 0.000615207 -0.006562492 0.945597708 -0.000540161 0.999934494 0.011431207 -1.326585293 0.006569094 -0.011427414 0.999913156 46.029922485
0.999978244 0.001011969 -0.006514786 0.977064371 -0.000933159 0.999926448 0.012088818 -1.358340025 0.006526540 -0.012082474 0.999905705 46.541877747
0.999980628 0.001180729 -0.006110505 0.950079441 -0.001103587 0.999919772 0.012612430 -1.374995470 0.006124907 -0.012605444 0.999901772 47.110404968
0.999980986 0.001063451 -0.006067804 0.961435258 -0.000984974 0.999916017 0.012921726 -1.395158648 0.006081035 -0.012915505 0.999898076 47.611560822
0.999979675 0.001138406 -0.006281848 0.970509291 -0.001058956 0.999919593 0.012636547 -1.399362326 0.006295729 -0.012629637 0.999900401 48.164169312
0.999976635 -0.000170225 -0.006820996 0.973082900 0.000260267 0.999912798 0.013202040 -1.404234886 0.006818154 -0.013203509 0.999889553 48.645442963
0.999980748 0.001175232 -0.006098391 0.994882822 -0.001096285 0.999915719 0.012932826 -1.422353029 0.006113076 -0.012925893 0.999897659 49.257492065
0.999978840 0.001111617 -0.006401851 0.994002521 -0.001025761 0.999909699 0.013398669 -1.437498689 0.006416168 -0.013391821 0.999889731 49.684665680
0.999978125 0.000687054 -0.006568249 1.010293722 -0.000599011 0.999910057 0.013397015 -1.449850559 0.006576863 -0.013392789 0.999888659 50.219211578
0.999978662 0.001861151 -0.006266365 1.006541014 -0.001774609 0.999903381 0.013787908 -1.459273577 0.006291421 -0.013776493 0.999885261 50.719291687
0.999977112 0.000476915 -0.006756678 1.025970221 -0.000384775 0.999907017 0.013631670 -1.466344476 0.006762551 -0.013628756 0.999884307 51.289924622
0.999977708 0.001161983 -0.006568352 1.009482503 -0.001071500 0.999904692 0.013762323 -1.474770308 0.006583719 -0.013754977 0.999883711 51.791881561
0.999979794 0.000805127 -0.006303339 1.008832932 -0.000718161 0.999904692 0.013786770 -1.480399489 0.006313839 -0.013781967 0.999885082 52.320114136
0.999979079 0.000870653 -0.006407875 1.017624855 -0.000784142 0.999908626 0.013490985 -1.487158298 0.006419036 -0.013485679 0.999888480 52.877223969
0.999979377 0.000659876 -0.006391894 1.041345954 -0.000569674 0.999900341 0.014103506 -1.510894537 0.006400564 -0.014099573 0.999880075 53.368011475
0.999979854 0.001223735 -0.006228004 1.035809040 -0.001137947 0.999904573 0.013759376 -1.506385803 0.006244249 -0.013752011 0.999885917 53.973117828
0.999980807 0.001314677 -0.006059280 1.025142789 -0.001230028 0.999901891 0.013952892 -1.523621798 0.006077028 -0.013945171 0.999884307 54.467155457
0.999980092 0.001652782 -0.006109624 1.035627127 -0.001567126 0.999900818 0.013998194 -1.526885629 0.006132156 -0.013988341 0.999883354 54.996696472
0.999979317 0.001821129 -0.006168847 1.044012308 -0.001734354 0.999899924 0.014042784 -1.531194687 0.006193802 -0.014031794 0.999882340 55.550262451
0.999979377 0.001057297 -0.006342455 1.053019762 -0.000966845 0.999898076 0.014247477 -1.545633078 0.006356873 -0.014241052 0.999878407 56.091865540
0.999979734 0.001303444 -0.006232324 1.068248510 -0.001213367 0.999895096 0.014435140 -1.550084472 0.006250486 -0.014427288 0.999876380 56.574680328
0.999982834 0.001972548 -0.005519873 1.057982922 -0.001895515 0.999901295 0.013926147 -1.548297167 0.005546798 -0.013915446 0.999887764 57.227207184
0.999984443 0.000932813 -0.005483801 1.046899915 -0.000853576 0.999895453 0.014433892 -1.576049685 0.005496691 -0.014428989 0.999880791 57.685581207
0.999986112 0.001481300 -0.005033420 1.049233198 -0.001407841 0.999892890 0.014566671 -1.583117247 0.005054459 -0.014559384 0.999881268 58.239776611
0.999982476 0.001827453 -0.005631049 1.080150604 -0.001746002 0.999894261 0.014435844 -1.599784136 0.005656835 -0.014425757 0.999879956 58.759086609
0.999987602 0.002058638 -0.004514162 1.072405100 -0.001993760 0.999895334 0.014329944 -1.592090011 0.004543190 -0.014320767 0.999887109 59.338077545
0.999983907 0.001821276 -0.005367556 1.100969076 -0.001743344 0.999893486 0.014488262 -1.617240191 0.005393372 -0.014478671 0.999880672 59.832199097
0.999983668 0.001893657 -0.005410373 1.112903476 -0.001814501 0.999891818 0.014597928 -1.605463982 0.005437431 -0.014587874 0.999878824 60.370319366
0.999984205 0.002446786 -0.005061205 1.124957800 -0.002370973 0.999885738 0.014931253 -1.616390944 0.005097160 -0.014919020 0.999875724 60.916175842
0.999982297 0.002118628 -0.005565568 1.139631629 -0.002038142 0.999893844 0.014427427 -1.622908235 0.005595545 -0.014415828 0.999880433 61.455554962
0.999982595 0.001779983 -0.005634554 1.155620813 -0.001699580 0.999897122 0.014242528 -1.631231070 0.005659326 -0.014232703 0.999882758 61.992713928
0.999982357 0.002213234 -0.005508133 1.171681404 -0.002133542 0.999893606 0.014432142 -1.645531654 0.005539487 -0.014420135 0.999880731 62.545490265
0.999979377 0.002541412 -0.005891365 1.215967536 -0.002455778 0.999891937 0.014497389 -1.638566017 0.005927572 -0.014482624 0.999877572 63.091880798
0.999982893 0.002272114 -0.005393786 1.142919183 -0.002189340 0.999880433 0.015302912 -1.579936266 0.005427913 -0.015290841 0.999868333 63.133251190
0.999976099 0.002410203 -0.006474449 1.299053669 -0.002314903 0.999889433 0.014686804 -1.670346260 0.006509132 -0.014671466 0.999871194 64.094390869
0.999981999 0.002475591 -0.005465933 1.159916759 -0.002391476 0.999879479 0.015342399 -1.590194464 0.005503256 -0.015329050 0.999867320 64.258171082
0.999982476 0.002862217 -0.005185111 1.182711601 -0.002782833 0.999879777 0.015253235 -1.625344515 0.005228146 -0.015238538 0.999870241 64.836563110
0.999981046 0.001379171 -0.005996765 1.198485136 -0.001287860 0.999883533 0.015203952 -1.612396955 0.006017037 -0.015195940 0.999866366 65.350502014
0.999981582 0.002413061 -0.005585367 1.202179909 -0.002327855 0.999881566 0.015211667 -1.622079611 0.005621413 -0.015198382 0.999868631 65.882270813
0.999984145 0.002119237 -0.005221110 1.213074684 -0.002037691 0.999876678 0.015574691 -1.645596266 0.005253473 -0.015563805 0.999865115 66.481941223
0.999980569 0.003552094 -0.005119418 1.264490485 -0.003472296 0.999873579 0.015512684 -1.670614958 0.005173874 -0.015494605 0.999866486 66.996025085
0.999983132 0.002162938 -0.005398785 1.258242130 -0.002077758 0.999873996 0.015733691 -1.668304801 0.005432136 -0.015722208 0.999861598 67.539337158
0.999979436 0.002972704 -0.005687087 1.281769395 -0.002883773 0.999874353 0.015582420 -1.676186323 0.005732695 -0.015565697 0.999862313 68.100715637
0.999978125 0.003407485 -0.005680546 1.299669623 -0.003319664 0.999875903 0.015398475 -1.686263204 0.005732310 -0.015379279 0.999865294 68.603736877
0.999981165 0.002972504 -0.005360813 1.303936720 -0.002888620 0.999874353 0.015588014 -1.642096639 0.005406474 -0.015572234 0.999864101 69.123214722
0.999979973 0.004053445 -0.004856830 1.281902909 -0.003979030 0.999876022 0.015234598 -1.678562880 0.004917981 -0.015214967 0.999872148 69.712593079
0.999981880 0.002687057 -0.005386692 1.324789286 -0.002602636 0.999874711 0.015618263 -1.658494949 0.005427984 -0.015603961 0.999863505 70.198051453
0.999980569 0.002735943 -0.005601075 1.328409433 -0.002646903 0.999870956 0.015843162 -1.698327780 0.005643697 -0.015828030 0.999858737 70.756881714
0.999978542 0.000934064 -0.006479590 1.354638219 -0.000829919 0.999870777 0.016056906 -1.675434232 0.006493750 -0.016051183 0.999850094 71.288375854
0.999981165 0.003597539 -0.005002107 1.314565897 -0.003518918 0.999871433 0.015638672 -1.714365005 0.005057725 -0.015620776 0.999865115 71.862472534
0.999981344 0.003805172 -0.004791841 1.320722818 -0.003728564 0.999866664 0.015895778 -1.719351649 0.004851689 -0.015877614 0.999862075 72.413146973
0.999983847 0.002460284 -0.005128926 1.252379298 -0.002386052 0.999893069 0.014429548 -1.643984318 0.005163878 -0.014417078 0.999882758 73.341392517
0.999981642 0.003615248 -0.004897310 1.335454226 -0.003538815 0.999873102 0.015527154 -1.735343575 0.004952823 -0.015509538 0.999867380 73.511093140
0.999981701 0.003289778 -0.005078504 1.359643221 -0.003208957 0.999869347 0.015841404 -1.747739315 0.005129955 -0.015824817 0.999861598 74.018203735
0.999981940 0.003137295 -0.005132896 1.372679591 -0.003053777 0.999864042 0.016199064 -1.756550312 0.005183021 -0.016183097 0.999855578 74.554183960
0.999980390 0.003422682 -0.005239364 1.375694275 -0.003339174 0.999868512 0.015865218 -1.760700226 0.005292976 -0.015847411 0.999860406 75.111320496
0.999981880 0.004225219 -0.004284155 1.333559275 -0.004157990 0.999869943 0.015582090 -1.778550148 0.004349436 -0.015563997 0.999869406 75.737632751
0.999980271 0.004363495 -0.004519091 1.383155107 -0.004292918 0.999870420 0.015511040 -1.762436986 0.004586188 -0.015491333 0.999869406 76.210548401
0.999982536 0.004200780 -0.004161985 1.328575492 -0.004134310 0.999865770 0.015852634 -1.816401362 0.004228019 -0.015835149 0.999865592 76.775131226
0.999983132 0.004708088 -0.003403179 1.333004594 -0.004652941 0.999860585 0.016034747 -1.821171045 0.003478197 -0.016018638 0.999865592 77.326934814
0.999984443 0.004023058 -0.003863788 1.353406191 -0.003961428 0.999866843 0.015828326 -1.832523227 0.003926951 -0.015812771 0.999867260 77.897125244
0.999983072 0.004326190 -0.003892533 1.364108562 -0.004263497 0.999863327 0.015972782 -1.841708064 0.003961103 -0.015955916 0.999864876 78.470169067
0.999983609 0.004175159 -0.003924703 1.374114871 -0.004112963 0.999867857 0.015724083 -1.850198627 0.003989836 -0.015707683 0.999868691 79.021247864
0.999985576 0.004063465 -0.003499401 1.388185024 -0.004008296 0.999869823 0.015630212 -1.852703571 0.003562459 -0.015615962 0.999871731 79.589210510
0.999987662 0.004532024 -0.002037918 1.393175721 -0.004499818 0.999869049 0.015539638 -1.859126687 0.002108078 -0.015530276 0.999877155 80.155113220
0.999991953 0.003819912 -0.001165578 1.410610557 -0.003801307 0.999871552 0.015566941 -1.870071411 0.001224893 -0.015562385 0.999878168 80.718551636
0.999990523 0.004305876 0.000592370 1.422726631 -0.004314652 0.999867260 0.015712081 -1.879328132 -0.000524637 -0.015714491 0.999876320 81.269599915
0.999984264 0.003923104 0.003992576 1.446582317 -0.003984911 0.999870479 0.015592307 -1.885915637 -0.003930888 -0.015607973 0.999870479 81.836959839
0.999965131 0.003453651 0.007599466 1.468116283 -0.003571962 0.999871671 0.015610252 -1.894076109 -0.007544580 -0.015636852 0.999849260 82.376708984
0.999937713 0.003629436 0.010552432 1.489120245 -0.003794819 0.999869645 0.015694991 -1.903380990 -0.010494092 -0.015734058 0.999821126 82.943923950
0.999869645 0.003736448 0.015708057 1.509820104 -0.003976232 0.999875605 0.015261652 -1.902870059 -0.015649077 -0.015322122 0.999760091 83.487373352
0.999758422 0.003923430 0.021625767 1.543809652 -0.004267218 0.999864876 0.015873991 -1.922636986 -0.021560565 -0.015962437 0.999640107 84.070823669
0.999626100 0.003459696 0.027123339 1.579066992 -0.003886074 0.999869466 0.015683012 -1.932873249 -0.027065545 -0.015782552 0.999509037 84.612808228
0.999457419 0.003675089 0.032731261 1.616806984 -0.004186822 0.999869823 0.015579590 -1.937065601 -0.032669742 -0.015708171 0.999342859 85.188072205
0.999169707 0.003641842 0.040578250 1.660597205 -0.004278138 0.999869108 0.015604923 -1.941572785 -0.040516105 -0.015765566 0.999054492 85.756790161
0.998801470 0.003519753 0.048816819 1.703079939 -0.004285806 0.999869108 0.015596637 -1.953059316 -0.048755534 -0.015787162 0.998685956 86.304283142
0.998486280 0.002207367 0.054956958 1.760023117 -0.003061598 0.999875844 0.015464306 -1.957041502 -0.054915991 -0.015609155 0.998368979 86.855552673
0.997947514 0.002403026 0.063992277 1.811523199 -0.003372952 0.999881029 0.015053201 -1.962862015 -0.063948490 -0.015238146 0.997836828 87.412330627
0.997244358 0.002657567 0.074139453 1.876003742 -0.003795655 0.999877036 0.015213963 -1.974206805 -0.074089907 -0.015453446 0.997131824 87.972953796
0.996593714 0.001987170 0.082443863 1.944853783 -0.003227634 0.999883533 0.014915615 -1.981030226 -0.082404636 -0.015130908 0.996484041 88.519416809
0.995894849 0.001727338 0.090500288 2.010065556 -0.003062986 0.999888361 0.014621695 -1.985640526 -0.090464942 -0.014838872 0.995789111 89.087516785
0.994882703 0.001833882 0.101019971 2.091938019 -0.003354341 0.999883533 0.014883266 -1.995087862 -0.100980908 -0.015145957 0.994773030 89.622924805
0.993765950 0.000850453 0.111483037 2.178404808 -0.002507551 0.999888420 0.014724756 -2.003537655 -0.111458093 -0.014912510 0.993657231 90.177070618
0.992701054 0.000784374 0.120598748 2.274159431 -0.002568750 0.999889433 0.014641232 -2.013981342 -0.120573938 -0.014844153 0.992593467 90.740608215
0.991259515 0.001206231 0.131921291 2.367979050 -0.003195261 0.999884367 0.014866756 -2.020219803 -0.131888092 -0.015158337 0.991148710 91.288314819
0.989566803 0.000966460 0.144071504 2.466897011 -0.003158584 0.999882698 0.014987578 -2.031144619 -0.144040123 -0.015286270 0.989453793 91.833282471
0.987883270 0.000389723 0.155199155 2.576761246 -0.002644834 0.999893844 0.014324211 -2.029903650 -0.155177116 -0.014561121 0.987779319 92.347434998
0.986258149 0.000416030 0.165210977 2.694455147 -0.002940452 0.999882638 0.015035707 -2.050650120 -0.165185362 -0.015314884 0.986143649 92.959075928
0.983986318 0.000253736 0.178243622 2.818344116 -0.003004975 0.999880493 0.015165472 -2.060758591 -0.178218454 -0.015458236 0.983869493 93.508026123
0.981746316 -0.000648358 0.190193623 2.948571205 -0.002236125 0.999885738 0.014951035 -2.064457893 -0.190181568 -0.015103423 0.981632769 94.065185547
0.979713023 -0.000987939 0.200403810 3.080924988 -0.002037147 0.999887109 0.014888173 -2.073914766 -0.200395942 -0.014994388 0.979600191 94.599945068
0.976897418 -0.000840927 0.213707060 3.223812103 -0.002373140 0.999887943 0.014782605 -2.081542015 -0.213695556 -0.014948246 0.976785898 95.147644043
0.973945141 -0.001701494 0.226778001 3.382970810 -0.001725686 0.999887288 0.014913378 -2.089752674 -0.226777822 -0.014916158 0.973832309 95.696228027
0.971251547 -0.001954471 0.238047615 3.536710739 -0.001615971 0.999889135 0.014802791 -2.098758221 -0.238050148 -0.014761912 0.971140623 96.245758057
0.968210816 -0.002269668 0.250125349 3.703161240 -0.001446072 0.999891460 0.014670742 -2.107277870 -0.250131458 -0.014566069 0.968102455 96.786521912
0.964433849 -0.002144592 0.264315724 3.870876312 -0.001849304 0.999887824 0.014860569 -2.116478920 -0.264317960 -0.014820836 0.964321733 97.319976807
0.960965931 -0.002202020 0.276657999 4.050048828 -0.001973255 0.999888301 0.014812540 -2.125251770 -0.276659608 -0.014780262 0.960854292 97.856834412
0.957526147 -0.002588350 0.288334727 4.228563309 -0.001786552 0.999887288 0.014908811 -2.130849838 -0.288340867 -0.014790702 0.957413614 98.396972656
0.953331470 -0.003070998 0.301910043 4.426370621 -0.001588858 0.999883354 0.015187797 -2.141926289 -0.301921427 -0.014958698 0.953215420 98.920585632
0.948865831 -0.003132694 0.315664083 4.625652313 -0.001678366 0.999886572 0.014968079 -2.145317554 -0.315675080 -0.014732497 0.948753059 99.448852539
0.945169508 -0.004346077 0.326551199 4.828699112 -0.000491519 0.999891341 0.014730233 -2.151185989 -0.326579750 -0.014083073 0.945064723 99.947082520
0.940681577 -0.004480781 0.339261204 5.040683746 -0.000669338 0.999886453 0.015061863 -2.162850380 -0.339290082 -0.014395497 0.940571785 100.470916748
0.935540259 -0.004772085 0.353187799 5.260620117 -0.000575380 0.999886751 0.015034033 -2.169484377 -0.353219569 -0.014268160 0.935431659 100.983673096
0.930684388 -0.005022979 0.365788519 5.483543396 -0.000505704 0.999887109 0.015017046 -2.176695585 -0.365822613 -0.014161114 0.930576861 101.507644653
0.926473975 -0.005894576 0.376312703 5.716560364 0.000256698 0.999886930 0.015030288 -2.182785988 -0.376358777 -0.013828569 0.926370800 102.014762878
0.920848191 -0.005470984 0.389882743 5.956668854 -0.000380783 0.999888599 0.014930172 -2.187020779 -0.389920890 -0.013896885 0.920743465 102.527023315
0.915316463 -0.006027658 0.402690202 6.204940796 0.000050563 0.999889731 0.014851895 -2.192826271 -0.402735353 -0.013573823 0.915215731 103.034751892
0.910424531 -0.007023084 0.413615555 6.466758728 0.001051628 0.999891937 0.014663124 -2.198915005 -0.413673788 -0.012914700 0.910333574 103.546203613
0.903978050 -0.007217078 0.427517951 6.730697632 0.000910304 0.999887764 0.014954629 -2.206276178 -0.427577883 -0.013129488 0.903883159 104.050506592
0.897095799 -0.007550432 0.441771537 7.007415771 0.001087172 0.999888659 0.014881663 -2.212601185 -0.441834688 -0.012869995 0.897004068 104.561279297
0.891122580 -0.008346282 0.453685939 7.287914276 0.001718551 0.999885738 0.015018956 -2.221749306 -0.453759402 -0.012604048 0.891035080 105.054565430
0.885620296 -0.009135301 0.464320004 7.571636200 0.002393547 0.999882996 0.015106947 -2.228524446 -0.464403719 -0.012267646 0.885538638 105.538497925
0.878571451 -0.009609367 0.477514148 7.863445282 0.002912915 0.999886811 0.014762021 -2.231362820 -0.477601975 -0.011578532 0.878500044 106.028213501
