1.000000000 0.000000000 0.000000000 0.000000000 0.000000000 1.000000000 0.000000000 0.000000000 0.000000000 0.000000000 1.000000000 0.000000000
1.000000000 -0.000015852 -0.000119116 0.002328587 0.000015853 1.000000000 0.000005641 -0.000630263 0.000119116 -0.000005643 1.000000000 0.000789727
1.000000000 0.000045476 0.000041004 -0.001304421 -0.000045477 1.000000000 0.000028986 -0.001212781 -0.000041003 -0.000028988 1.000000000 -0.001876365
1.000000000 -0.000169112 -0.000172614 0.006887026 0.000169145 0.999999940 0.000191455 -0.002467976 0.000172581 -0.000191484 0.999999940 -0.001387216
1.000000000 -0.000143596 -0.000161888 0.004668883 0.000143619 1.000000000 0.000141003 -0.001478456 0.000161868 -0.000141027 1.000000000 -0.001541450
1.000000000 -0.000082313 0.000111489 -0.000864099 0.000082311 1.000000000 0.000017619 -0.000673141 -0.000111491 -0.000017610 1.000000000 -0.000533690
1.000000000 -0.000064106 -0.000119665 0.003996051 0.000064132 1.000000000 0.000217116 -0.003052728 0.000119651 -0.000217124 0.999999940 -0.005064805
1.000000000 -0.000107596 -0.000136258 -0.000132148 0.000107612 1.000000000 0.000114518 -0.000565507 0.000136245 -0.000114533 1.000000000 0.002876698
1.000000000 -0.000027006 -0.000078065 0.002173326 0.000027012 1.000000000 0.000072951 -0.003331512 0.000078063 -0.000072953 1.000000000 -0.008785245
1.000000000 -0.000108955 -0.000013130 0.001778945 0.000108957 1.000000000 0.000120442 -0.002073561 0.000013117 -0.000120444 1.000000000 -0.006734167
1.000000000 -0.000088368 0.000082982 -0.001997112 0.000088369 1.000000000 -0.000008620 -0.000728999 -0.000082982 0.000008628 1.000000000 -0.003410089
1.000000000 -0.000185938 -0.000089023 0.001429696 0.000185954 0.999999940 0.000179576 -0.003392126 0.000088990 -0.000179593 1.000000000 -0.006818944
1.000000000 -0.000132737 0.000009406 0.000997010 0.000132737 1.000000000 0.000065145 -0.002003155 -0.000009415 -0.000065144 1.000000000 -0.003545382
1.000000000 -0.000210046 -0.000034581 0.001381351 0.000210050 1.000000000 0.000119658 -0.002743987 0.000034556 -0.000119665 1.000000000 -0.006829107
1.000000000 -0.000187801 -0.000091765 0.001605723 0.000187816 0.999999940 0.000164790 -0.001615686 0.000091734 -0.000164807 1.000000000 -0.006542087
1.000000000 -0.000226910 -0.000085690 -0.000069815 0.000226924 0.999999940 0.000170182 -0.002942223 0.000085651 -0.000170201 1.000000000 -0.005205058
0.999999940 -0.000317604 -0.000057584 0.000910627 0.000317610 0.999999940 0.000106415 -0.001932574 0.000057551 -0.000106434 1.000000000 -0.007006395
1.000000000 -0.000161859 -0.000045971 0.001612938 0.000161867 1.000000000 0.000169108 -0.003589418 0.000045943 -0.000169116 1.000000000 -0.009951584
0.999999940 -0.000383689 -0.000140590 0.002391978 0.000383724 0.999999881 0.000250040 -0.005133387 0.000140494 -0.000250094 0.999999940 -0.011530481
0.999999940 -0.000339855 -0.000102650 0.002621878 0.000339869 0.999999940 0.000136720 -0.004039898 0.000102603 -0.000136755 1.000000000 -0.011057310
1.000000000 -0.000094552 -0.000054300 0.003798353 0.000094567 0.999999940 0.000272535 -0.006127348 0.000054274 -0.000272540 0.999999940 -0.009566963
1.000000000 0.000022996 0.000095963 -0.000214426 -0.000023005 1.000000000 0.000095244 -0.000909565 -0.000095960 -0.000095246 1.000000000 -0.005983073
0.999999940 -0.000327178 -0.000237941 0.006784667 0.000327250 0.999999881 0.000304529 -0.004876462 0.000237841 -0.000304607 0.999999940 -0.014794432
0.999999881 -0.000431500 -0.000147770 0.002054015 0.000431538 0.999999881 0.000261896 -0.003885563 0.000147657 -0.000261960 0.999999940 -0.006503598
0.999999940 -0.000234380 -0.000158231 0.005469447 0.000234410 0.999999940 0.000188731 -0.002551522 0.000158186 -0.000188768 0.999999940 -0.011786261
0.999999940 -0.000256147 -0.000120787 0.003127081 0.000256178 0.999999940 0.000259346 -0.003416644 0.000120720 -0.000259377 0.999999940 -0.012568821
1.000000000 -0.000164644 -0.000038284 0.001259996 0.000164651 1.000000000 0.000176803 -0.004845880 0.000038255 -0.000176810 1.000000000 -0.011539061
1.000000000 -0.000239739 -0.000017917 0.000335389 0.000239745 0.999999940 0.000317153 -0.004894040 0.000017840 -0.000317157 0.999999940 -0.010261173
0.999999940 -0.000283109 -0.000109788 0.000834200 0.000283126 0.999999940 0.000160510 -0.001185352 0.000109743 -0.000160542 1.000000000 -0.007117606
1.000000000 -0.000148866 -0.000026204 -0.000488410 0.000148870 1.000000000 0.000169185 -0.001201518 0.000026179 -0.000169189 1.000000000 -0.002717255
0.999999940 -0.000291563 -0.000060187 -0.000574790 0.000291576 0.999999940 0.000221464 -0.002326425 0.000060122 -0.000221482 1.000000000 -0.002065665
0.999999940 -0.000277536 -0.000106337 -0.001407333 0.000277567 0.999999940 0.000292464 -0.003079703 0.000106256 -0.000292494 0.999999940 -0.009072067
0.999999940 -0.000286127 -0.000146987 0.003079203 0.000286166 0.999999940 0.000269087 -0.003337474 0.000146910 -0.000269129 0.999999940 -0.008150889
1.000000000 -0.000113396 -0.000074063 0.000530046 0.000113408 1.000000000 0.000168287 -0.002227135 0.000074044 -0.000168295 1.000000000 -0.004762045
0.999999940 -0.000265629 -0.000091650 0.000859194 0.000265643 0.999999940 0.000154603 -0.002739724 0.000091609 -0.000154627 1.000000000 -0.003320349
1.000000000 -0.000241461 -0.000015936 -0.000727125 0.000241461 0.999999940 0.000055463 -0.001270773 0.000015922 -0.000055466 1.000000000 -0.006885234
0.999999940 -0.000291049 -0.000138865 0.002924422 0.000291066 0.999999940 0.000122945 -0.001592837 0.000138829 -0.000122985 1.000000000 -0.010045034
0.999999940 -0.000341882 -0.000113171 0.001186476 0.000341903 0.999999940 0.000185794 -0.001080640 0.000113107 -0.000185833 1.000000000 -0.007499132
1.000000000 -0.000137030 -0.000040074 -0.000059806 0.000137045 0.999999940 0.000389718 -0.002874510 0.000040020 -0.000389724 0.999999940 -0.009422601
0.999999881 -0.000361225 -0.000243993 0.005370521 0.000361286 0.999999881 0.000250789 -0.005092914 0.000243902 -0.000250877 0.999999940 -0.007288501
0.999999940 -0.000266686 -0.000234341 0.009855122 0.000266616 0.999999940 -0.000300342 -0.010260810 0.000234421 0.000300280 0.999999940 0.041984286
0.999999940 -0.000225146 -0.000247724 0.009227359 0.000224918 0.999999523 -0.000921964 -0.009283714 0.000247931 0.000921908 0.999999523 0.138972193
1.000000000 -0.000162299 -0.000041332 0.002854023 0.000162251 0.999999285 -0.001160311 -0.013895840 0.000041520 0.001160304 0.999999344 0.261726499
0.999999881 -0.000420599 0.000060290 0.005525885 0.000420663 0.999999344 -0.001060409 -0.019999351 -0.000059844 0.001060434 0.999999464 0.390359521
0.999999940 -0.000002754 -0.000269058 0.013429030 0.000002492 0.999999523 -0.000976104 -0.024333073 0.000269061 0.000976103 0.999999464 0.536938369
1.000000000 0.000007289 0.000034455 0.014155998 -0.000007257 0.999999583 -0.000930849 -0.028993631 -0.000034462 0.000930849 0.999999583 0.687323511
0.999999881 -0.000365745 0.000262305 0.015413824 0.000365910 0.999999762 -0.000630062 -0.036031481 -0.000262075 0.000630158 0.999999762 0.859283209
0.999999940 -0.000351923 -0.000170764 0.027375562 0.000351836 0.999999821 -0.000509247 -0.037894014 0.000170943 0.000509187 0.999999881 1.026526570
0.999999881 0.000143962 0.000428920 0.013436347 -0.000143618 0.999999642 -0.000802416 -0.036501691 -0.000429036 0.000802355 0.999999583 1.209540844
0.999999940 -0.000203503 0.000245755 0.034630835 0.000203608 0.999999881 -0.000425458 -0.052432582 -0.000245669 0.000425508 0.999999881 1.418137789
1.000000000 0.000092015 0.000111463 0.035224788 -0.000091982 0.999999940 -0.000296361 -0.063063100 -0.000111490 0.000296350 0.999999940 1.600640893
0.999999881 0.000129253 0.000423280 0.038293507 -0.000129282 1.000000000 0.000066325 -0.072295576 -0.000423272 -0.000066380 0.999999881 1.808602095
0.999984443 0.001974641 0.005211393 -0.051992532 -0.001978677 0.999997675 0.000769394 -0.079439566 -0.005209862 -0.000779693 0.999986053 1.888431311
0.999981225 0.002034063 0.005772408 -0.049900413 -0.002036200 0.999997795 0.000364414 -0.085583188 -0.005771654 -0.000376161 0.999983191 2.112714529
0.999990046 0.001772168 0.004074830 -0.024682572 -0.001777168 0.999997675 0.001223693 -0.098223165 -0.004072652 -0.001230922 0.999990880 2.350694895
0.999990106 0.001748206 0.004087904 -0.015457963 -0.001754159 0.999997437 0.001453102 -0.109834105 -0.004085353 -0.001460258 0.999990582 2.579112291
0.999987543 0.001781101 0.004662312 -0.016225096 -0.001788525 0.999997139 0.001588831 -0.112838008 -0.004659468 -0.001597150 0.999987841 2.812591314
0.999987125 0.001594171 0.004818684 -0.011125023 -0.001602502 0.999997318 0.001725741 -0.122450456 -0.004815920 -0.001733441 0.999986827 3.077397108
0.999986708 0.002094160 0.004708328 0.002907812 -0.002100437 0.999996960 0.001328703 -0.124972209 -0.004705531 -0.001338576 0.999988019 3.320024252
0.999987006 0.001970046 0.004693359 0.003736440 -0.001977279 0.999996901 0.001537082 -0.134963632 -0.004690317 -0.001546343 0.999987841 3.569238424
0.999986887 0.001786141 0.004796166 0.006920051 -0.001795300 0.999996543 0.001906174 -0.151881292 -0.004792744 -0.001914760 0.999986708 3.810276985
0.999992788 0.000205072 0.003782098 0.029554961 -0.000212380 0.999998093 0.001931969 -0.170457944 -0.003781694 -0.001932758 0.999991000 4.152524948
0.999992430 0.000311229 0.003895667 0.029408921 -0.000321470 0.999996424 0.002628432 -0.180502668 -0.003894836 -0.002629664 0.999988914 4.401658058
0.999992311 0.000311778 0.003920184 0.039524350 -0.000322470 0.999996185 0.002727150 -0.191338837 -0.003919318 -0.002728393 0.999988556 4.663988113
0.999992549 0.000239569 0.003862663 0.051935628 -0.000248606 0.999997199 0.002339287 -0.193499103 -0.003862092 -0.002340230 0.999989808 4.929852486
0.999995708 -0.000423808 0.002947786 0.069528885 0.000416484 0.999996841 0.002484975 -0.207381785 -0.002948830 -0.002483737 0.999992490 5.277847767
0.999996781 -0.000506587 0.002502874 0.075957581 0.000499644 0.999996066 0.002773630 -0.220149040 -0.002504269 -0.002772370 0.999993026 5.542246342
0.999995053 -0.000054376 0.003178061 0.072082527 0.000046292 0.999996781 0.002543544 -0.226052046 -0.003178190 -0.002543384 0.999991715 5.801158905
0.999995053 0.000203532 0.003151812 0.089392036 -0.000213472 0.999995053 0.003153515 -0.247323677 -0.003151155 -0.003154172 0.999990106 6.091369152
0.999994278 -0.001244537 0.003141967 0.077848189 0.001233657 0.999993384 0.003462353 -0.259452462 -0.003146255 -0.003458458 0.999989092 6.447436333
0.999993742 -0.001129604 0.003329008 0.081210464 0.001117078 0.999992311 0.003762149 -0.268936187 -0.003333232 -0.003758407 0.999987483 6.726291656
0.999995053 -0.001435934 0.002806583 0.094903439 0.001425601 0.999992192 0.003680284 -0.277016789 -0.002811846 -0.003676265 0.999989331 7.017272472
0.999994338 -0.001695053 0.002921960 0.101902768 0.001684599 0.999992251 0.003576706 -0.280086190 -0.002928000 -0.003571763 0.999989390 7.306976318
0.999993324 -0.002225367 0.002891649 0.122852124 0.002214155 0.999990106 0.003874688 -0.292378604 -0.002900244 -0.003868259 0.999988317 7.609589100
0.999993920 -0.001435511 0.003177258 0.078486681 0.001423609 0.999991894 0.003745126 -0.311303914 -0.003182608 -0.003740579 0.999987960 8.137514114
0.999994516 -0.001346919 0.003012541 0.094733857 0.001333922 0.999989748 0.004312066 -0.330317259 -0.003018319 -0.004308024 0.999986112 8.453537941
0.999993861 -0.001636151 0.003105441 0.093154639 0.001623478 0.999990344 0.004078989 -0.332981974 -0.003112085 -0.004073923 0.999986887 8.775350571
0.999994040 -0.001232600 0.003218750 0.103338376 0.001219815 0.999991357 0.003971145 -0.333569348 -0.003223617 -0.003967194 0.999986947 9.119955063
0.999995053 -0.002129310 0.002314193 0.093753316 0.002118506 0.999986887 0.004661079 -0.382790148 -0.002324088 -0.004656153 0.999986470 9.585734367
0.999993443 -0.002606290 0.002481988 0.103643633 0.002594809 0.999985933 0.004617454 -0.393130749 -0.002493987 -0.004610983 0.999986291 9.926901817
0.999992013 -0.002826665 0.002834216 0.114355743 0.002813776 0.999985635 0.004541535 -0.402643859 -0.002847013 -0.004533523 0.999985695 10.268698692
0.999994278 -0.002693601 0.002051655 0.124224216 0.002684034 0.999985635 0.004651343 -0.406355321 -0.002064154 -0.004645810 0.999987125 10.602272034
0.999995053 -0.002495368 0.001916502 0.148986638 0.002486751 0.999986827 0.004485699 -0.407790959 -0.001927670 -0.004480910 0.999988139 10.965267181
0.999993563 -0.002595130 0.002472754 0.102685660 0.002580123 0.999978483 0.006052522 -0.470725626 -0.002488408 -0.006046104 0.999978602 11.542282104
0.999993503 -0.002455465 0.002630696 0.107509941 0.002439891 0.999979615 0.005907311 -0.475912094 -0.002645147 -0.005900854 0.999979079 11.918762207
0.999992609 -0.003245972 0.002068890 0.117204487 0.003233101 0.999975562 0.006194654 -0.490532458 -0.002088947 -0.006187920 0.999978602 12.301344872
0.999990761 -0.003821020 0.001999652 0.134683430 0.003808794 0.999974251 0.006082578 -0.491476953 -0.002022841 -0.006074905 0.999979496 12.649808884
0.999990880 -0.004114761 0.001150449 0.147856131 0.004107049 0.999969542 0.006628365 -0.515062809 -0.001177688 -0.006623579 0.999977350 13.223954201
0.999991894 -0.003741683 0.001477107 0.155538157 0.003731565 0.999969959 0.006794389 -0.522978544 -0.001502485 -0.006788822 0.999975801 13.616311073
0.999990344 -0.004224420 0.001128135 0.178090215 0.004216723 0.999968410 0.006739214 -0.528914034 -0.001156568 -0.006734393 0.999976575 14.006252289
0.999986291 -0.005209396 0.000356034 0.204497516 0.005206965 0.999965250 0.006518384 -0.528918862 -0.000389978 -0.006516443 0.999978662 14.403761864
0.999990344 -0.004371949 0.000454177 0.195568174 0.004368473 0.999963164 0.007391291 -0.588462055 -0.000486475 -0.007389234 0.999972582 14.992942810
0.999990165 -0.004442889 -0.000018998 0.208268985 0.004442903 0.999960601 0.007689474 -0.596459627 -0.000015166 -0.007689482 0.999970496 15.411432266
0.999985635 -0.005334229 0.000282490 0.220246747 0.005331877 0.999955773 0.007756609 -0.610931873 -0.000323853 -0.007754993 0.999969900 15.842103958
0.999986053 -0.005262873 0.000422308 0.220940053 0.005259333 0.999954402 0.007983509 -0.610688925 -0.000464305 -0.007981177 0.999968052 16.255441666
0.999985993 -0.005231537 0.000866248 0.231298089 0.005224106 0.999951363 0.008369163 -0.627864480 -0.000909990 -0.008364519 0.999964654 16.670234680
0.999981999 -0.005690081 0.001889001 0.241396978 0.005674555 0.999950886 0.008125287 -0.668987453 -0.001935142 -0.008114422 0.999965191 17.334991455
0.999980330 -0.006039612 0.001699879 0.258069009 0.006025256 0.999947131 0.008327885 -0.677519023 -0.001750086 -0.008317479 0.999963820 17.782173157
0.999981463 -0.005835885 0.001731549 0.267239541 0.005821725 0.999950469 0.008072727 -0.676648498 -0.001778575 -0.008062497 0.999965906 18.232952118
0.999982119 -0.005461848 0.002453638 0.274259776 0.005442115 0.999953330 0.007978650 -0.685457349 -0.002497101 -0.007965153 0.999965131 18.700534821
0.999983430 -0.004824284 0.003157916 0.274986535 0.004797279 0.999952316 0.008503845 -0.705428421 -0.003198790 -0.008488555 0.999958813 19.180583954
0.999983490 -0.005059309 0.002698282 0.275547564 0.005034904 0.999946952 0.008976385 -0.733820617 -0.002743555 -0.008962653 0.999956012 19.730524063
0.999975979 -0.006160876 0.003162765 0.290995419 0.006132912 0.999942720 0.008776355 -0.737498045 -0.003216654 -0.008756747 0.999956429 20.199542999
0.999978065 -0.005843649 0.003119919 0.302825719 0.005814926 0.999941289 0.009137664 -0.754011512 -0.003173133 -0.009119323 0.999953389 20.672767639
0.999981761 -0.005002244 0.003389322 0.318705022 0.004969762 0.999942303 0.009524977 -0.765117407 -0.003436772 -0.009507959 0.999948859 21.143228531
0.999982178 -0.004724241 0.003670769 0.319037497 0.004690006 0.999945879 0.009279632 -0.770419598 -0.003714409 -0.009262249 0.999950171 21.669395447
0.999979377 -0.005752833 0.002848892 0.316005826 0.005726901 0.999942780 0.009028506 -0.786498964 -0.002900669 -0.009012004 0.999955177 22.236494064
0.999979436 -0.005887513 0.002505440 0.333449066 0.005863383 0.999937296 0.009531575 -0.799744070 -0.002561401 -0.009516690 0.999951422 22.740730286
0.999979556 -0.006105457 0.001883798 0.341923892 0.006088514 0.999942124 0.008872127 -0.805839777 -0.001937858 -0.008860476 0.999958813 23.258317947
0.999976814 -0.006545307 0.001862607 0.349778324 0.006527376 0.999933720 0.009475585 -0.821704388 -0.001924506 -0.009463208 0.999953330 23.779575348
0.999968827 -0.007259178 0.003099563 0.297162533 0.007224767 0.999913692 0.010972493 -0.863466144 -0.003178947 -0.010949759 0.999934912 24.247299194
0.999969661 -0.007339365 0.002592537 0.301393300 0.007310439 0.999912798 0.010995956 -0.876501203 -0.002673015 -0.010976670 0.999936163 24.770149231
0.999972522 -0.006944414 0.002559026 0.304749370 0.006917140 0.999920785 0.010516688 -0.876741230 -0.002631855 -0.010498701 0.999941409 25.319013596
0.999965847 -0.007963290 0.002182714 0.315806180 0.007940389 0.999915361 0.010306193 -0.885978758 -0.002264600 -0.010288510 0.999944448 25.868930817
0.999974787 -0.007038475 0.000914705 0.320906520 0.007029474 0.999930203 0.009496504 -0.893592834 -0.000981482 -0.009489835 0.999954402 26.365890503
0.999978721 -0.006510396 0.000362109 0.331845522 0.006506627 0.999932945 0.009582229 -0.899130583 -0.000424469 -0.009579671 0.999953985 26.913721085
0.999978602 -0.006532903 -0.000275153 0.342153877 0.006535164 0.999936104 0.009229530 -0.900723159 0.000214839 -0.009231131 0.999957383 27.460699081
0.999979377 -0.006409021 -0.000009442 0.351837248 0.006408813 0.999932945 0.009647279 -0.913518667 -0.000052388 -0.009647141 0.999953449 27.982578278
0.999965250 -0.008308210 -0.000680743 0.332966924 0.008315172 0.999905407 0.010957127 -0.947900653 0.000589645 -0.010962407 0.999939740 28.474338531
0.999965906 -0.008246196 -0.000493708 0.340703070 0.008251224 0.999902844 0.011238310 -0.962761760 0.000400987 -0.011242000 0.999936700 29.019462585
0.999978721 -0.006504775 -0.000196796 0.337050885 0.006506487 0.999923289 0.010543151 -0.972448826 0.000128200 -0.010544209 0.999944389 29.589492798
0.999964893 -0.008201953 -0.001763673 0.383594930 0.008220940 0.999905288 0.011042003 -0.986217856 0.001672940 -0.011056114 0.999937415 30.143156052
0.999956906 -0.009103706 -0.001787959 0.400228620 0.009124628 0.999885619 0.012065976 -1.009537935 0.001677910 -0.012081771 0.999925554 30.710611343
0.999964833 -0.008063113 -0.002296077 0.353661716 0.008090874 0.999890924 0.012349253 -1.047267437 0.002196253 -0.012367396 0.999921083 31.147098541
0.999969482 -0.007326884 -0.002723750 0.365080655 0.007360139 0.999895811 0.012406792 -1.051096201 0.002632563 -0.012426460 0.999919355 31.695678711
0.999958217 -0.008492751 -0.003392553 0.410355747 0.008533683 0.999888659 0.012238885 -1.070218563 0.003288234 -0.012267326 0.999919355 32.191738129
0.999978721 -0.006102675 -0.002301973 0.350263476 0.006130831 0.999903977 0.012429186 -1.075983167 0.002225901 -0.012443035 0.999920130 32.684177399
0.999983311 -0.005311249 -0.002280690 0.359710306 0.005340305 0.999902189 0.012928639 -1.089842558 0.002211799 -0.012940603 0.999913871 33.223957062
0.999977410 -0.006223550 -0.002544562 0.385491729 0.006254171 0.999905944 0.012208627 -1.095743895 0.002468342 -0.012224264 0.999922335 33.793525696
0.999992907 -0.003320899 -0.001732589 0.361514330 0.003340024 0.999932170 0.011155686 -1.069720387 0.001695425 -0.011161392 0.999936342 34.334068298
0.999983847 -0.005060619 -0.002642324 0.355909884 0.005092655 0.999911845 0.012261177 -1.120351315 0.002580042 -0.012274434 0.999921322 34.746051788
0.999982238 -0.005466591 -0.002386146 0.347701043 0.005496540 0.999903917 0.012730833 -1.135252357 0.002316322 -0.012743722 0.999916136 35.318065643
0.999984443 -0.004887791 -0.002693429 0.377593458 0.004921288 0.999908805 0.012573829 -1.137682915 0.002631725 -0.012586888 0.999917269 35.860904694
0.999987066 -0.004255528 -0.002781517 0.380067676 0.004287952 0.999921679 0.011757203 -1.115732908 0.002731266 -0.011768978 0.999926984 36.438999176
0.999990523 -0.003158965 -0.003001342 0.405292004 0.003193604 0.999927521 0.011607824 -1.115607619 0.002964455 -0.011617299 0.999928057 36.919578552
0.999973595 -0.006431139 -0.003385128 0.367968559 0.006474786 0.999893963 0.013044749 -1.183273673 0.003300876 -0.013066321 0.999909163 37.351749420
0.999975801 -0.006034555 -0.003467064 0.373439133 0.006078808 0.999898314 0.012898213 -1.192724943 0.003388876 -0.012918976 0.999910772 37.898746490
0.999984980 -0.004797508 -0.002656539 0.380025208 0.004829460 0.999914527 0.012154608 -1.180951834 0.002598000 -0.012167255 0.999922574 38.439571381
0.999982893 -0.005121262 -0.002853483 0.399287879 0.005154599 0.999917090 0.011800643 -1.189313650 0.002792812 -0.011815151 0.999926269 39.021923065
0.999991059 -0.003655769 -0.002151578 0.401140392 0.003680048 0.999928415 0.011390315 -1.189262867 0.002109783 -0.011398131 0.999932766 39.551673889
0.999970973 -0.006385203 -0.004155505 0.406730711 0.006438903 0.999894261 0.013039946 -1.226508617 0.004071802 -0.013066323 0.999906361 39.976531982
0.999970078 -0.006181499 -0.004657006 0.440778255 0.006243193 0.999891341 0.013351617 -1.240636587 0.004573968 -0.013380291 0.999900043 40.543762207
0.999974132 -0.005772581 -0.004298096 0.453035176 0.005834396 0.999877751 0.014510898 -1.280749559 0.004213805 -0.014535598 0.999885499 41.076919556
0.999964476 -0.006812105 -0.004974803 0.478387237 0.006883484 0.999871552 0.014474636 -1.293981552 0.004875562 -0.014508366 0.999882877 41.626228333
0.999976695 -0.005882442 -0.003471699 0.431152523 0.005927810 0.999895275 0.013205900 -1.274189949 0.003393652 -0.013226172 0.999906778 42.190898895
0.999976337 -0.005683261 -0.003878145 0.478233039 0.005732165 0.999902666 0.012717798 -1.280136943 0.003805490 -0.012739727 0.999911666 42.731761932
0.999975502 -0.005692906 -0.004092541 0.489059150 0.005750853 0.999881387 0.014289291 -1.305473089 0.004010708 -0.014312476 0.999889553 43.330650330
0.999984801 -0.004281965 -0.003473901 0.467632383 0.004323983 0.999916494 0.012179563 -1.250835657 0.003421459 -0.012194397 0.999919832 43.887176514
0.999975622 -0.005465121 -0.004349258 0.508664846 0.005519376 0.999905884 0.012561813 -1.280760050 0.004280197 -0.012585511 0.999911666 44.446922302
0.999971688 -0.006042004 -0.004466083 0.449611396 0.006103762 0.999884069 0.013946272 -1.322852135 0.004381302 -0.013973138 0.999892712 44.699562073
0.999967992 -0.006555129 -0.004576437 0.454260081 0.006620164 0.999875188 0.014343349 -1.334004641 0.004481842 -0.014373187 0.999886632 45.244983673
0.999969900 -0.006399250 -0.004371224 0.475040972 0.006453704 0.999900281 0.012558807 -1.316221476 0.004290421 -0.012586640 0.999911606 45.823173523
0.999983251 -0.004088067 -0.004061297 0.507227659 0.004131725 0.999933183 0.010800222 -1.292093992 0.004016874 -0.010816824 0.999933422 46.395771027
0.999971449 -0.006275073 -0.004214429 0.485794365 0.006333075 0.999883354 0.013893308 -1.352832556 0.004126756 -0.013919600 0.999894619 46.787452698
0.999966860 -0.006978034 -0.004202849 0.502635002 0.007035673 0.999879122 0.013858898 -1.357540607 0.004105634 -0.013888007 0.999895155 47.339714050
0.999971569 -0.006369355 -0.004049566 0.494885266 0.006424270 0.999885559 0.013695341 -1.369035244 0.003961873 -0.013720966 0.999898016 47.920486450
0.999972224 -0.005936831 -0.004525479 0.526152730 0.005995447 0.999896824 0.013050810 -1.361465931 0.004447532 -0.013077577 0.999904513 48.475120544
0.999978423 -0.004853041 -0.004430037 0.537500560 0.004909705 0.999905109 0.012870851 -1.367988110 0.004367152 -0.012892324 0.999907374 48.831226349
0.999977171 -0.005347206 -0.004128125 0.544877470 0.005400686 0.999900222 0.013054669 -1.385187864 0.004057907 -0.013076665 0.999906361 49.362594604
0.999977887 -0.005248023 -0.004085867 0.549033284 0.005301001 0.999900579 0.013065464 -1.392587423 0.004016893 -0.013086834 0.999906361 49.924949646
0.999980509 -0.004408613 -0.004415983 0.571713150 0.004465653 0.999905705 0.012991131 -1.390065789 0.004358293 -0.013010599 0.999905884 50.487300873
0.999980807 -0.004687008 -0.004048479 0.559974909 0.004738366 0.999907255 0.012770592 -1.404097319 0.003988248 -0.012789531 0.999910295 51.052440643
0.999979675 -0.004865457 -0.004124814 0.550452709 0.004922871 0.999889553 0.014025243 -1.431154132 0.004056119 -0.014045265 0.999893069 51.385471344
0.999980152 -0.004706976 -0.004184765 0.561321437 0.004766437 0.999886215 0.014314570 -1.440119624 0.004116911 -0.014334233 0.999888778 51.933723450
0.999986172 -0.003893832 -0.003546713 0.554774165 0.003943112 0.999894321 0.013994784 -1.446001530 0.003491844 -0.014008575 0.999895751 52.487342834
0.999972224 -0.006118426 -0.004274648 0.592019975 0.006174828 0.999892414 0.013308205 -1.443288088 0.004192763 -0.013334229 0.999902248 53.109279633
0.999985278 -0.004001115 -0.003648227 0.567970693 0.004053527 0.999887049 0.014474165 -1.473408222 0.003589902 -0.014488742 0.999888599 53.472660065
0.999985158 -0.003928395 -0.003778250 0.575362921 0.003981919 0.999890327 0.014264778 -1.479184508 0.003721798 -0.014279610 0.999891162 54.022331238
0.999975026 -0.005127486 -0.004867785 0.614068627 0.005192684 0.999895751 0.013476956 -1.471114635 0.004798174 -0.013501895 0.999897301 54.580436707
0.999979675 -0.004608626 -0.004410204 0.613934517 0.004666551 0.999901772 0.013215281 -1.482341290 0.004348865 -0.013235591 0.999902964 55.148578644
0.999981880 -0.004330505 -0.004186237 0.603506923 0.004385380 0.999903381 0.013189304 -1.487779856 0.004128717 -0.013207424 0.999904215 55.466026306
0.999978602 -0.004667480 -0.004599634 0.621745408 0.004726839 0.999904513 0.012979815 -1.491043329 0.004538612 -0.013001278 0.999905169 56.016345978
0.999982059 -0.004313557 -0.004159299 0.617725074 0.004365091 0.999912739 0.012461500 -1.498321772 0.004105182 -0.012479431 0.999913692 56.558471680
0.999977708 -0.004755463 -0.004681481 0.655015469 0.004811770 0.999915361 0.012090700 -1.490017653 0.004623589 -0.012112958 0.999915898 57.081542969
0.999979854 -0.004658395 -0.004314884 0.630279720 0.004714748 0.999902427 0.013143236 -1.509012461 0.004253238 -0.013163313 0.999904335 57.480220795
0.999982238 -0.004192704 -0.004238389 0.638998806 0.004245149 0.999913573 0.012441578 -1.517894983 0.004185859 -0.012459350 0.999913633 58.042907715
0.999981225 -0.004415276 -0.004234396 0.654132843 0.004466097 0.999917209 0.012068857 -1.515086174 0.004180758 -0.012087541 0.999918282 58.605709076
0.999976993 -0.005022770 -0.004555390 0.663029552 0.005076683 0.999916375 0.011901771 -1.520647049 0.004495229 -0.011924624 0.999918818 59.151138306
0.999967575 -0.006088221 -0.005273714 0.705498576 0.006147466 0.999917388 0.011291713 -1.514028072 0.005204530 -0.011323766 0.999922395 59.713966370
0.999974966 -0.005594298 -0.004355300 0.631362557 0.005649576 0.999902308 0.012784856 -1.551211596 0.004283351 -0.012809142 0.999908745 60.059120178
0.999971509 -0.005926064 -0.004660928 0.642430067 0.005982742 0.999907255 0.012241978 -1.549202919 0.004587947 -0.012269516 0.999914229 60.617237091
0.999968708 -0.006285027 -0.004802574 0.653400302 0.006341220 0.999910593 0.011776513 -1.557631850 0.004728130 -0.011806599 0.999919176 61.152732849
0.999971926 -0.005791661 -0.004742719 0.691309810 0.005848084 0.999911308 0.011970623 -1.569439650 0.004672968 -0.011998024 0.999917090 61.632736206
0.999967754 -0.006777717 -0.004299827 0.623581767 0.006829055 0.999904215 0.012039714 -1.561279535 0.004217811 -0.012068690 0.999918282 62.162658691
0.999969900 -0.006864730 -0.003603066 0.631158948 0.006906840 0.999906421 0.011807743 -1.573719263 0.003521672 -0.011832272 0.999923766 62.698318481
0.999972284 -0.006373978 -0.003868730 0.651131451 0.006420092 0.999907076 0.012026540 -1.580871105 0.003791714 -0.012051042 0.999920189 63.220954895
0.999973178 -0.006444904 -0.003496214 0.637907565 0.006486633 0.999906242 0.012058388 -1.585541725 0.003418170 -0.012080742 0.999921203 63.798206329
0.999974191 -0.006075553 -0.003852299 0.641867995 0.006120425 0.999912381 0.011745255 -1.572075367 0.003780603 -0.011768529 0.999923587 64.400108337
0.999971628 -0.006199297 -0.004282692 0.636096418 0.006250921 0.999906659 0.012147754 -1.619335175 0.004206983 -0.012174182 0.999916971 64.765625000
0.999969304 -0.006233443 -0.004757464 0.657229066 0.006290428 0.999907494 0.012058434 -1.631221533 0.004681858 -0.012087991 0.999915957 65.315177917
0.999976575 -0.005878229 -0.003515067 0.663283408 0.005919772 0.999911308 0.011927294 -1.639584899 0.003444644 -0.011947822 0.999922633 65.870292664
0.999974847 -0.006150856 -0.003520940 0.683452904 0.006190642 0.999915719 0.011402358 -1.611982465 0.003450509 -0.011423869 0.999928772 66.370986938
0.999974012 -0.006095044 -0.003857953 0.665341973 0.006141145 0.999908447 0.012052529 -1.655489683 0.003784140 -0.012075908 0.999919891 66.788673401
0.999973238 -0.006292660 -0.003749742 0.668848395 0.006335208 0.999914467 0.011445250 -1.661239028 0.003677399 -0.011468699 0.999927521 67.352996826
0.999976397 -0.005862807 -0.003577742 0.668098211 0.005903408 0.999917090 0.011445370 -1.666754007 0.003510342 -0.011466222 0.999928117 67.901702881
0.999975622 -0.006322185 -0.002984195 0.658435404 0.006354610 0.999919415 0.010983977 -1.665427804 0.002914511 -0.011002673 0.999935210 68.423950195
0.999969721 -0.006928996 -0.003535990 0.666309953 0.006964985 0.999923050 0.010269507 -1.673968434 0.003464560 -0.010293825 0.999941051 69.044647217
0.999982238 -0.005025502 -0.003204788 0.668578267 0.005063312 0.999916315 0.011900875 -1.707562089 0.003144712 -0.011916890 0.999924064 69.328964233
0.999981999 -0.005253088 -0.002896953 0.674321711 0.005285371 0.999922752 0.011250813 -1.706897020 0.002837630 -0.011265921 0.999932528 69.895736694
0.999978721 -0.005539426 -0.003450722 0.703879654 0.005580552 0.999912083 0.012024617 -1.735325933 0.003383809 -0.012043619 0.999921739 70.457649231
0.999979794 -0.005018386 -0.003884963 0.795286477 0.005062546 0.999921739 0.011441819 -1.727539062 0.003827240 -0.011461258 0.999926984 70.878959656
0.999962628 -0.007686004 -0.003957297 0.723848462 0.007730639 0.999905288 0.011390052 -1.718101263 0.003869377 -0.011420218 0.999927342 71.538032532
0.999970734 -0.006910974 -0.003283734 0.708078623 0.006950871 0.999900222 0.012297844 -1.737963319 0.003198417 -0.012320308 0.999918997 71.815177917
0.999978304 -0.005920274 -0.002873837 0.716017246 0.005954108 0.999911308 0.011910660 -1.750790358 0.002803070 -0.011927512 0.999924898 72.347732544
0.999981284 -0.005627317 -0.002367653 0.717260540 0.005653433 0.999921620 0.011172495 -1.746685028 0.002304596 -0.011185672 0.999934793 72.925788879
0.999979675 -0.005877519 -0.002444624 0.738600135 0.005904471 0.999920189 0.011167770 -1.745976210 0.002378790 -0.011181979 0.999934614 73.469528198
0.999960482 -0.008045005 -0.003781761 0.764835119 0.008090232 0.999894083 0.012100304 -1.765090704 0.003684014 -0.012130420 0.999919593 74.027313232
0.999978423 -0.006096758 -0.002439639 0.722112894 0.006125025 0.999912143 0.011751773 -1.767948985 0.002367777 -0.011766463 0.999927938 74.337951660
0.999969721 -0.006962062 -0.003456028 0.745611429 0.007002342 0.999906063 0.011782895 -1.783747435 0.003373671 -0.011806739 0.999924600 74.883583069
0.999966979 -0.007439395 -0.003278011 0.754225492 0.007478155 0.999900341 0.011974946 -1.789009094 0.003188597 -0.011999064 0.999922931 75.394371033
0.999968112 -0.007260367 -0.003314609 0.823790431 0.007297586 0.999908924 0.011358283 -1.781015158 0.003231840 -0.011382111 0.999930024 75.741104126
0.999969780 -0.007142688 -0.003046232 0.772472560 0.007175851 0.999913573 0.011017970 -1.791902900 0.002967270 -0.011039496 0.999934673 76.404869080
0.999979377 -0.005958502 -0.002399260 0.728339553 0.005987017 0.999909282 0.012058517 -1.784763575 0.002327194 -0.012072632 0.999924362 76.861831665
0.999979019 -0.006031908 -0.002354192 0.741206408 0.006059065 0.999913096 0.011704022 -1.794312119 0.002283389 -0.011718039 0.999928772 77.421737671
0.999972105 -0.006735574 -0.003229306 0.766852617 0.006774426 0.999902844 0.012174730 -1.802496433 0.003146990 -0.012196267 0.999920666 77.952285767
0.999956906 -0.008391500 -0.003952802 0.795257092 0.008438238 0.999892831 0.011959684 -1.798735738 0.003852018 -0.011992523 0.999920607 78.485618591
0.999974310 -0.006645920 -0.002663909 0.774103403 0.006677271 0.999906421 0.011938092 -1.815239429 0.002584320 -0.011955574 0.999925196 79.024604797
0.999982655 -0.005714168 -0.001370398 0.788127840 0.005730296 0.999910712 0.012069128 -1.825122118 0.001301313 -0.012076772 0.999926209 79.603569031
0.999986827 -0.005093843 0.000661295 0.777629495 0.005085881 0.999920607 0.011530005 -1.822046518 -0.000719974 -0.011526490 0.999933302 79.903007507
0.999982297 -0.005497287 0.002290526 0.781576991 0.005469454 0.999913275 0.011985076 -1.837399364 -0.002356212 -0.011972335 0.999925554 80.460197449
0.999981761 -0.004815251 0.003648752 0.793236256 0.004772284 0.999920249 0.011694676 -1.821480989 -0.003704773 -0.011677048 0.999924958 81.006584167
0.999972701 -0.003001528 0.006746166 0.825758934 0.002917933 0.999919295 0.012367457 -1.881823421 -0.006782743 -0.012347435 0.999900758 81.497047424
0.999940217 -0.002729696 0.010592502 0.835302889 0.002600721 0.999922574 0.012170827 -1.878571510 -0.010624904 -0.012142550 0.999869823 82.044784546
0.999903917 -0.004357170 0.013160818 0.860244274 0.004198025 0.999918044 0.012095832 -1.857240558 -0.013212443 -0.012039420 0.999840200 82.441978455
0.999841452 -0.003891095 0.017375832 0.891900957 0.003690791 0.999926567 0.011544948 -1.864038706 -0.017419480 -0.011478988 0.999782324 83.001380920
0.999726415 -0.004309060 0.022989273 0.908691764 0.004053330 0.999929488 0.011158925 -1.862577081 -0.023035737 -0.011062691 0.999673307 83.577636719
0.999566376 -0.002903200 0.029302925 0.952383161 0.002571909 0.999932468 0.011337097 -1.881001711 -0.029333854 -0.011256815 0.999506235 84.058624268
0.999372721 -0.002910206 0.035293937 0.984269023 0.002494445 0.999927163 0.011818246 -1.906318426 -0.035325758 -0.011722795 0.999307096 84.576667786
0.999035478 -0.002481224 0.043839272 1.027459621 0.001966946 0.999928832 0.011770226 -1.906146526 -0.043865353 -0.011672645 0.998969257 85.137374878
0.998657286 -0.003484086 0.051686198 1.028277397 0.002853183 0.999920607 0.012275175 -1.904093146 -0.051724862 -0.012111224 0.998587847 85.610420227
0.998246491 -0.002762071 0.059130728 1.072720528 0.002012581 0.999916971 0.012730943 -1.914099574 -0.059160981 -0.012589614 0.998169065 86.154548645
0.997651279 -0.003135787 0.068425328 1.132374287 0.002272507 0.999916971 0.012690577 -1.927902818 -0.068459421 -0.012505274 0.997575462 86.662528992
0.996898174 -0.003973938 0.078601390 1.191311359 0.003025393 0.999921262 0.012183184 -1.927739382 -0.078643605 -0.011907595 0.996831656 87.261238098
0.996220231 -0.003691804 0.086785160 1.238203049 0.002651867 0.999923348 0.012095132 -1.944879889 -0.086823143 -0.011819272 0.996153653 87.791038513
0.995427668 -0.003561859 0.095452011 1.296859741 0.002467319 0.999929845 0.011582494 -1.947220564 -0.095486559 -0.011294026 0.995366633 88.346023560
0.994453490 -0.004722894 0.105071619 1.397149563 0.003487964 0.999922693 0.011933872 -1.960381985 -0.105119877 -0.011501194 0.994393051 88.865104675
0.993297875 -0.005348207 0.115459271 1.485675812 0.003987413 0.999919951 0.012013678 -1.984133601 -0.115514278 -0.011472777 0.993239641 89.415039062
0.992162526 -0.004513482 0.124872424 1.543593407 0.003039100 0.999923408 0.011995088 -1.983442068 -0.124916993 -0.011521578 0.992100239 89.952430725
0.990675867 -0.003603597 0.136192173 1.630158424 0.001960655 0.999923706 0.012195624 -1.988165855 -0.136225715 -0.011814886 0.990607381 90.501213074
0.988935888 -0.003713488 0.148296669 1.725784302 0.001879460 0.999920070 0.012505513 -1.999973297 -0.148331255 -0.012088433 0.988863826 91.026840210
0.987287223 -0.003739565 0.158902392 1.837336540 0.001824460 0.999924004 0.012196255 -2.014466286 -0.158935919 -0.011751297 0.987218916 91.571586609
0.985701382 -0.004755829 0.168434948 1.940889359 0.002751593 0.999922693 0.012130571 -2.016557217 -0.168479621 -0.011493655 0.985638142 92.129570007
0.983438134 -0.004233003 0.181194335 2.041054726 0.002046793 0.999922812 0.012250836 -2.010680199 -0.181232169 -0.011677071 0.983371019 92.667160034
0.981000304 -0.004167755 0.193961307 2.161131859 0.001789271 0.999921083 0.012436244 -2.026328802 -0.193997815 -0.011852909 0.980930448 93.187606812
0.978730023 -0.003971736 0.205114320 2.287149429 0.001465036 0.999922395 0.012371412 -2.033381701 -0.205147535 -0.011807770 0.978659868 93.741180420
0.976051509 -0.004601730 0.217490658 2.457662582 0.001870490 0.999916792 0.012762168 -2.057381630 -0.217531294 -0.012049720 0.975978971 94.243438721
0.972909629 -0.005581741 0.231118426 2.577072144 0.002663108 0.999912679 0.012938350 -2.051176548 -0.231170535 -0.011972352 0.972839534 94.714843750
0.970112920 -0.005438903 0.242593110 2.728130341 0.002403540 0.999915063 0.012806366 -2.062186718 -0.242642179 -0.011840539 0.970043600 95.251083374
0.966931641 -0.005900130 0.254967272 2.906690598 0.002714721 0.999913871 0.012843494 -2.069804192 -0.255021125 -0.011726618 0.966864347 95.793601990
0.963147581 -0.005301230 0.268920779 3.073850632 0.001856184 0.999912918 0.013063286 -2.083780289 -0.268966615 -0.012082707 0.963073671 96.312263489
0.959714890 -0.006560077 0.280898988 3.283241272 0.003246044 0.999919593 0.012261602 -2.058448792 -0.280956835 -0.010855833 0.959658921 96.853294373
0.956031561 -0.006931975 0.293181896 3.400510788 0.003418028 0.999916077 0.012496172 -2.071939468 -0.293243915 -0.010944630 0.955974996 97.462394714
0.951763630 -0.006930775 0.306754053 3.591085434 0.003217734 0.999915302 0.012608364 -2.081417561 -0.306815445 -0.011013128 0.951705337 97.986885071
0.946857631 -0.007035627 0.321575969 3.776323318 0.003060678 0.999912560 0.012864723 -2.092614651 -0.321638346 -0.011196821 0.946796298 98.528251648
0.942952514 -0.006836025 0.332857072 3.978403091 0.002909233 0.999920189 0.012294198 -2.104830503 -0.332914531 -0.010624486 0.942897141 99.035537720
0.938484967 -0.007440040 0.345239550 4.179716110 0.003208939 0.999912560 0.012825443 -2.097981453 -0.345304728 -0.010928635 0.938426971 99.518798828
0.933170497 -0.007405846 0.359357476 4.406778336 0.002998396 0.999913335 0.012820628 -2.103118896 -0.359421313 -0.010886337 0.933111966 100.042510986
0.928464592 -0.008359248 0.371326745 4.632717133 0.003875791 0.999910355 0.012818802 -2.114969730 -0.371400625 -0.010462620 0.928413749 100.548301697
0.923802316 -0.008443016 0.382776499 4.864505768 0.003888313 0.999912202 0.012671212 -2.124543667 -0.382849813 -0.010217343 0.923754096 101.068496704
0.918202341 -0.009955350 0.395986557 5.113574982 0.005230475 0.999901712 0.013009880 -2.134349823 -0.396077156 -0.009874505 0.918164134 101.530197144
0.912291884 -0.008363459 0.409455091 5.346954346 0.003374854 0.999911010 0.012904624 -2.128244638 -0.409526557 -0.010390934 0.912239015 102.050529480
0.907151759 -0.008519848 0.420717388 5.592586517 0.003328494 0.999908984 0.013072014 -2.135869503 -0.420790553 -0.010457945 0.907097638 102.546615601
0.901955128 -0.009795630 0.431718647 5.863262177 0.004681746 0.999905705 0.012906511 -2.142959118 -0.431804359 -0.009619897 0.901916087 103.038238525
0.895658910 -0.010394057 0.444620043 6.139358521 0.004978511 0.999898553 0.013346125 -2.163529873 -0.444713652 -0.009740030 0.895619929 103.529159546
0.889401019 -0.010400336 0.457009524 6.414844513 0.005242895 0.999907434 0.012551902 -2.159876347 -0.457097799 -0.008767621 0.889373243 104.065948486
0.883244634 -0.009443036 0.468817353 6.712398529 0.003884872 0.999910235 0.012821400 -2.158449888 -0.468896389 -0.009503137 0.883202016 104.576301575
0.875609398 -0.008133553 0.482951313 6.956916809 0.002357205 0.999918282 0.012566268 -2.137733698 -0.483014077 -0.009864728 0.875556946 104.997512817
0.868510604 -0.008534109 0.495597154 7.259559631 0.002530808 0.999915123 0.012783265 -2.150676727 -0.495664209 -0.009848138 0.868458331 105.463562012
