1.000000000 0.000000000 0.000000000 0.000000000 0.000000000 1.000000000 0.000000000 0.000000000 0.000000000 0.000000000 1.000000000 0.000000000
1.000000000 -0.000060428 -0.000060387 0.000539856 0.000060425 1.000000000 -0.000047543 0.000493680 0.000060390 0.000047539 1.000000000 -0.000204622
1.000000000 0.000006780 0.000051975 0.000153462 -0.000006779 1.000000000 -0.000003933 0.000297723 -0.000051975 0.000003932 1.000000000 0.000115877
1.000000000 -0.000030088 0.000022332 0.000372735 0.000030089 1.000000000 -0.000019662 0.000419012 -0.000022331 0.000019663 1.000000000 -0.000401933
1.000000000 -0.000090630 0.000025790 0.000002238 0.000090629 1.000000000 0.000059091 -0.000528900 -0.000025795 -0.000059088 1.000000000 -0.000990410
1.000000000 0.000013129 0.000148979 0.000052953 -0.000013118 1.000000000 -0.000078525 0.000991188 -0.000148980 0.000078524 1.000000000 0.000462276
1.000000000 -0.000134159 0.000033818 0.001248884 0.000134160 1.000000000 -0.000024596 0.000809027 -0.000033815 0.000024600 1.000000000 0.000616203
1.000000000 0.000058573 0.000087899 -0.000482433 -0.000058581 1.000000000 0.000092504 -0.000326062 -0.000087894 -0.000092509 1.000000000 -0.000615750
1.000000000 -0.000015523 -0.000044156 -0.000155139 0.000015520 1.000000000 -0.000065058 -0.000581939 0.000044157 0.000065058 1.000000000 -0.002020520
1.000000000 -0.000018657 0.000053557 -0.000513328 0.000018655 1.000000000 0.000054918 -0.001310227 -0.000053558 -0.000054917 1.000000000 -0.002053538
1.000000000 0.000090110 0.000046742 -0.001271675 -0.000090114 1.000000000 0.000081962 -0.001038967 -0.000046735 -0.000081967 1.000000000 -0.000760243
1.000000000 -0.000003320 0.000055234 -0.000785196 0.000003314 1.000000000 0.000102257 -0.001107517 -0.000055234 -0.000102257 1.000000000 -0.001922514
1.000000000 0.000102054 0.000027530 -0.000952372 -0.000102053 1.000000000 -0.000065035 -0.000782606 -0.000027537 0.000065032 1.000000000 -0.001417869
1.000000000 0.000027582 0.000046233 -0.000876312 -0.000027582 1.000000000 -0.000001360 0.000304548 -0.000046233 0.000001358 1.000000000 -0.000166136
1.000000000 0.000016695 0.000042824 -0.001636790 -0.000016690 1.000000000 -0.000097905 0.000364661 -0.000042826 0.000097905 1.000000000 -0.001034055
1.000000000 0.000198366 -0.000006173 -0.000075407 -0.000198367 1.000000000 -0.000128323 0.001828901 0.000006147 0.000128324 1.000000000 0.001996930
1.000000000 0.000205551 0.000108180 -0.001172031 -0.000205539 1.000000000 -0.000111189 0.001960155 -0.000108203 0.000111166 1.000000000 0.002510776
0.999999940 0.000244261 0.000064807 -0.000950203 -0.000244254 0.999999940 -0.000111022 0.001297705 -0.000064834 0.000111006 1.000000000 0.000223826
0.999999940 0.000251396 0.000147413 -0.001890202 -0.000251381 0.999999940 -0.000100217 0.002046881 -0.000147438 0.000100180 1.000000000 0.002328274
1.000000000 0.000154751 0.000157607 -0.001559498 -0.000154734 1.000000000 -0.000108711 0.001415325 -0.000157624 0.000108687 1.000000000 0.001751974
1.000000000 0.000131596 0.000144245 -0.001587124 -0.000131582 1.000000000 -0.000097212 0.001594245 -0.000144258 0.000097193 1.000000000 0.001708453
1.000000000 0.000204287 0.000089288 -0.001789849 -0.000204276 1.000000000 -0.000121846 0.002089514 -0.000089313 0.000121827 1.000000000 0.001705514
1.000000000 0.000181549 0.000011952 -0.000354715 -0.000181548 1.000000000 -0.000090464 0.001881437 -0.000011969 0.000090462 1.000000000 0.002653419
0.999999940 0.000252849 0.000097525 -0.001576367 -0.000252843 0.999999940 -0.000064347 0.002658066 -0.000097541 0.000064322 1.000000000 0.003230833
0.999999881 0.000441971 0.000061181 -0.001540601 -0.000441969 0.999999881 -0.000028463 0.002052215 -0.000061194 0.000028436 1.000000000 0.003469555
0.999999940 0.000340083 0.000071628 -0.001204193 -0.000340078 0.999999940 -0.000072263 0.001931054 -0.000071653 0.000072238 1.000000000 0.001534455
1.000000000 0.000209843 0.000109446 -0.001061212 -0.000209836 1.000000000 -0.000065586 0.002635654 -0.000109459 0.000065563 1.000000000 0.003739883
0.999999940 0.000275771 0.000197647 -0.002468114 -0.000275775 0.999999940 0.000018878 0.001425353 -0.000197642 -0.000018932 1.000000000 0.002430915
1.000000000 0.000209688 0.000074616 -0.001351822 -0.000209684 1.000000000 -0.000046955 0.002082289 -0.000074626 0.000046940 1.000000000 0.002136406
0.999999940 0.000257810 0.000183347 -0.002279447 -0.000257788 0.999999940 -0.000122131 0.002762465 -0.000183379 0.000122083 1.000000000 0.003073551
0.999999940 0.000238026 0.000197690 -0.001523403 -0.000238025 1.000000000 -0.000005198 0.001875274 -0.000197691 0.000005151 1.000000000 0.003031035
0.999999940 0.000186048 0.000167314 -0.000946139 -0.000186031 1.000000000 -0.000101439 0.003359051 -0.000167332 0.000101408 1.000000000 0.003900153
0.999999940 0.000231688 0.000081317 -0.000440169 -0.000231670 0.999999940 -0.000221870 0.003642908 -0.000081369 0.000221851 1.000000000 0.003939436
0.999999940 0.000240821 0.000195345 -0.001036850 -0.000240805 0.999999940 -0.000081226 0.001935125 -0.000195365 0.000081179 1.000000000 0.001503098
0.999999940 0.000342001 0.000190177 -0.002397391 -0.000341969 0.999999940 -0.000170973 0.002218241 -0.000190236 0.000170908 0.999999940 0.002116883
0.999999940 0.000306767 0.000212564 -0.001704802 -0.000306736 0.999999940 -0.000147645 0.002020160 -0.000212610 0.000147580 0.999999940 0.002916528
1.000000000 0.000169631 0.000113302 -0.000715203 -0.000169625 1.000000000 -0.000058048 0.002230966 -0.000113312 0.000058029 1.000000000 0.002375372
0.999999940 0.000289749 0.000195575 -0.002480184 -0.000289730 0.999999940 -0.000095479 0.003070080 -0.000195603 0.000095423 1.000000000 0.003554949
0.999999940 0.000345861 0.000210292 -0.001903575 -0.000345854 0.999999940 -0.000030029 0.001702593 -0.000210303 0.000029956 1.000000000 0.002918938
0.999999940 0.000231550 0.000093891 -0.000285063 -0.000231543 1.000000000 -0.000075624 0.003125001 -0.000093908 0.000075603 1.000000000 0.002998440
1.000000000 0.000108053 0.000088922 -0.000378647 -0.000108042 1.000000000 -0.000116908 0.001771419 -0.000088935 0.000116898 1.000000000 0.004437820
0.999999940 0.000311606 0.000087620 0.001229811 -0.000311553 0.999999762 -0.000600914 -0.000911047 -0.000087807 0.000600887 0.999999821 0.051678728
0.999999881 0.000436616 0.000188628 -0.001908893 -0.000436403 0.999999285 -0.001127443 -0.004073452 -0.000189121 0.001127361 0.999999344 0.135796875
0.999999940 0.000222115 0.000126067 0.003001404 -0.000221939 0.999998987 -0.001391775 -0.008422026 -0.000126376 0.001391747 0.999999046 0.253508776
0.999999881 0.000454310 0.000209261 0.006343860 -0.000454038 0.999999046 -0.001299308 -0.009783833 -0.000209851 0.001299213 0.999999106 0.386166602
0.999999940 0.000081082 0.000353452 0.006732708 -0.000080732 0.999999523 -0.000989432 -0.013901017 -0.000353532 0.000989403 0.999999464 0.537040353
1.000000000 -0.000168298 0.000014449 0.012831174 0.000168315 0.999999344 -0.001141814 -0.019698607 -0.000014256 0.001141816 0.999999344 0.682879031
0.999999881 0.000229170 0.000424056 0.012496531 -0.000228924 0.999999821 -0.000581561 -0.024141503 -0.000424189 0.000581464 0.999999762 0.842561603
0.999999821 0.000136401 0.000623008 0.008695594 -0.000136054 0.999999821 -0.000557974 -0.027266366 -0.000623084 0.000557889 0.999999642 1.019707441
0.999999762 0.000304278 0.000622214 0.011572741 -0.000303881 0.999999762 -0.000637179 -0.029378992 -0.000622408 0.000636990 0.999999583 1.193464160
0.999998927 0.000649979 0.001320557 0.007660360 -0.000649460 0.999999702 -0.000393035 -0.037667319 -0.001320812 0.000392177 0.999999046 1.386438608
0.999999642 -0.000115983 0.000858515 0.016007895 0.000115301 0.999999702 0.000794845 -0.058950018 -0.000858607 -0.000794746 0.999999344 1.572615862
0.999999523 0.000050999 0.000997726 0.020594129 -0.000051933 0.999999583 0.000936075 -0.061908461 -0.000997678 -0.000936126 0.999999046 1.775091171
0.999999523 -0.000799808 0.000578095 0.027146645 0.000799047 0.999998748 0.001316130 -0.070831284 -0.000579147 -0.001315667 0.999998927 1.970345020
0.999998987 -0.001372728 0.000392287 0.034112677 0.001372288 0.999998450 0.001118511 -0.075506896 -0.000393822 -0.001117971 0.999999344 2.182887793
0.999999106 -0.001213532 0.000589877 0.037226226 0.001212634 0.999998093 0.001520761 -0.082168646 -0.000591721 -0.001520045 0.999998629 2.403934717
0.999999285 -0.001177451 0.000304333 0.044249229 0.001177045 0.999998450 0.001330557 -0.088334702 -0.000305899 -0.001330198 0.999999046 2.625185251
0.999998808 -0.001494674 0.000364588 0.049911939 0.001494169 0.999997973 0.001380215 -0.095642328 -0.000366651 -0.001379669 0.999998987 2.855917931
0.999998689 -0.001331237 0.000898737 0.048693687 0.001329891 0.999998033 0.001496670 -0.099281721 -0.000900728 -0.001495473 0.999998450 3.096212864
0.999999523 -0.000629084 0.000769901 0.049074236 0.000627806 0.999998450 0.001659209 -0.110001408 -0.000770943 -0.001658724 0.999998271 3.343031168
0.999999106 -0.000934597 0.000917808 0.054200176 0.000932896 0.999997854 0.001852003 -0.117339782 -0.000919537 -0.001851145 0.999997795 3.570020199
0.999999583 -0.000231003 0.000982482 0.057082560 0.000228920 0.999997735 0.002119209 -0.126678482 -0.000982969 -0.002118983 0.999997318 3.825599432
0.999999225 -0.000476735 0.001177705 0.062826715 0.000473724 0.999996603 0.002555144 -0.129933164 -0.001178920 -0.002554584 0.999996066 4.094013691
0.999998927 -0.000346589 0.001449211 0.068992056 0.000342973 0.999996781 0.002494738 -0.134621963 -0.001450071 -0.002494239 0.999995887 4.347367764
0.999998331 -0.000450574 0.001770258 0.061746225 0.000447754 0.999998629 0.001592910 -0.138476729 -0.001770973 -0.001592115 0.999997079 4.586585522
0.999998093 -0.000302376 0.001899644 0.068430215 0.000299437 0.999998748 0.001547256 -0.144478187 -0.001900110 -0.001546684 0.999996960 4.846619129
0.999997973 -0.000065323 0.001997905 0.076072074 0.000062128 0.999998748 0.001598750 -0.145891175 -0.001998007 -0.001598623 0.999996722 5.111186504
0.999997675 -0.000207380 0.002137468 0.079229616 0.000203680 0.999998510 0.001731294 -0.156431630 -0.002137823 -0.001730854 0.999996185 5.370026112
0.999997616 -0.000173480 0.002168288 0.088856027 0.000169495 0.999998271 0.001837577 -0.164314345 -0.002168603 -0.001837204 0.999996006 5.643476009
0.999998569 -0.000923680 0.001411422 0.093742006 0.000920725 0.999997318 0.002092846 -0.179277539 -0.001413351 -0.002091543 0.999996841 5.898117542
0.999998510 -0.000749478 0.001555196 0.096927330 0.000746129 0.999997437 0.002152623 -0.186685339 -0.001556806 -0.002151459 0.999996483 6.179189205
0.999998510 -0.000176830 0.001757283 0.108897619 0.000173544 0.999998331 0.001869934 -0.184293389 -0.001757610 -0.001869626 0.999996781 6.481534481
0.999998033 -0.000891820 0.001737814 0.108543344 0.000888167 0.999997377 0.002101985 -0.194640517 -0.001739683 -0.002100437 0.999996364 6.765916824
0.999998748 -0.000271722 0.001562875 0.114631645 0.000268874 0.999998331 0.001821714 -0.204513043 -0.001563368 -0.001821291 0.999997139 7.053961754
0.999998927 -0.000551215 0.001379763 0.124603510 0.000548697 0.999998271 0.001823953 -0.211144328 -0.001380766 -0.001823194 0.999997437 7.359415054
0.999998629 -0.000877019 0.001396213 0.130808353 0.000873869 0.999997079 0.002255116 -0.225139126 -0.001398187 -0.002253893 0.999996483 7.661374569
0.999998748 0.000022237 0.001617948 0.136182860 -0.000025867 0.999997497 0.002243374 -0.231036603 -0.001617894 -0.002243413 0.999996185 7.986146927
0.999997735 0.000044179 0.002120321 0.133338839 -0.000049189 0.999997139 0.002362548 -0.244177431 -0.002120211 -0.002362647 0.999994993 8.290687561
0.999998868 -0.000538998 0.001389821 0.145184159 0.000536086 0.999997675 0.002094803 -0.251827210 -0.001390947 -0.002094055 0.999996841 8.605860710
0.999998450 -0.000285049 0.001703778 0.151190698 0.000281024 0.999997199 0.002362089 -0.260150611 -0.001704446 -0.002361607 0.999995708 8.945260048
0.999998868 -0.000565246 0.001332859 0.155819267 0.000561985 0.999996960 0.002445698 -0.274829090 -0.001334237 -0.002444946 0.999996126 9.279260635
0.999996901 0.000860339 0.002340219 0.154120922 -0.000865423 0.999997258 0.002171694 -0.279870212 -0.002338344 -0.002173712 0.999994874 9.620166779
0.999998868 -0.000757677 0.001286329 0.178935707 0.000754636 0.999996901 0.002362700 -0.293931544 -0.001288115 -0.002361727 0.999996364 9.961312294
0.999998868 -0.000549724 0.001433095 0.184302673 0.000546864 0.999997854 0.001995808 -0.300047338 -0.001434189 -0.001995021 0.999996960 10.316505432
0.999999106 -0.000317707 0.001299202 0.192149520 0.000314611 0.999997079 0.002382269 -0.315233290 -0.001299955 -0.002381858 0.999996305 10.673022270
0.999998391 -0.001069692 0.001424430 0.205209613 0.001066217 0.999996483 0.002437623 -0.314883173 -0.001427033 -0.002436101 0.999996006 11.065055847
0.999997854 -0.001712689 0.001180877 0.213119090 0.001709720 0.999995351 0.002510831 -0.330378801 -0.001185172 -0.002508807 0.999996126 11.420792580
0.999998569 -0.001444304 0.000912762 0.225242227 0.001442113 0.999996066 0.002397522 -0.336316586 -0.000916221 -0.002396202 0.999996722 11.801266670
0.999998868 -0.000864470 0.001279990 0.229307771 0.000860932 0.999995768 0.002761727 -0.352566481 -0.001282373 -0.002760622 0.999995351 12.175949097
0.999997497 -0.001157511 0.001932057 0.231804162 0.001151088 0.999993861 0.003322562 -0.367890924 -0.001935892 -0.003320329 0.999992609 12.573710442
0.999997556 -0.001030581 0.001916987 0.238536566 0.001024336 0.999994159 0.003255889 -0.379982889 -0.001920332 -0.003253917 0.999992847 12.954842567
0.999997795 -0.001372506 0.001552794 0.258170009 0.001367668 0.999994159 0.003112509 -0.389727533 -0.001557057 -0.003110378 0.999993980 13.353812218
0.999997735 -0.000990107 0.001878462 0.259286970 0.000983844 0.999993980 0.003332126 -0.401035428 -0.001881750 -0.003330271 0.999992669 13.765153885
0.999998033 -0.000671878 0.001874963 0.272715539 0.000664320 0.999991655 0.004028621 -0.412117571 -0.001877654 -0.004027368 0.999990106 14.183288574
0.999997139 -0.001032051 0.002152133 0.275873572 0.001024214 0.999992847 0.003639674 -0.428080648 -0.002155873 -0.003637460 0.999991059 14.586150169
0.999997258 -0.001475245 0.001799152 0.287123978 0.001467425 0.999989510 0.004339876 -0.442318767 -0.001805535 -0.004337224 0.999988973 15.015206337
0.999996603 -0.001804811 0.001909311 0.302330136 0.001798019 0.999992132 0.003553043 -0.450327188 -0.001915708 -0.003549598 0.999991834 15.453271866
0.999994457 -0.002242613 0.002443684 0.321181893 0.002231943 0.999988019 0.004360398 -0.469114721 -0.002453434 -0.004354920 0.999987483 15.871881485
0.999993384 -0.000562730 0.003598499 0.303982496 0.000547490 0.999990880 0.004234645 -0.483594358 -0.003600849 -0.004232646 0.999984562 16.326143265
0.999993443 -0.000608676 0.003586776 0.314707428 0.000594448 0.999991953 0.003966767 -0.492491424 -0.003589161 -0.003964608 0.999985754 16.776889801
0.999990404 -0.000711190 0.004333091 0.324760079 0.000692948 0.999990940 0.004210122 -0.504546523 -0.004336046 -0.004207079 0.999981701 17.226778030
0.999987900 -0.000209463 0.004920349 0.318024099 0.000186099 0.999988675 0.004748508 -0.525563478 -0.004921289 -0.004747535 0.999976635 17.671279907
0.999987960 -0.000282401 0.004910974 0.333042711 0.000260312 0.999989927 0.004497872 -0.536464572 -0.004912194 -0.004496539 0.999977887 18.141393661
0.999988377 -0.000768225 0.004771277 0.351188004 0.000748696 0.999991298 0.004093523 -0.540767729 -0.004774381 -0.004089904 0.999980271 18.613542557
0.999987900 -0.000909190 0.004829257 0.363681257 0.000886710 0.999988794 0.004655174 -0.561105907 -0.004833435 -0.004650836 0.999977529 19.077165604
0.999987900 -0.000349153 0.004914997 0.379945457 0.000326496 0.999989390 0.004609885 -0.569147825 -0.004916554 -0.004608225 0.999977350 19.566230774
0.999987125 -0.001087525 0.004955959 0.386244208 0.001063207 0.999987543 0.004906652 -0.581600368 -0.004961232 -0.004901320 0.999975681 20.039009094
0.999985576 -0.001366894 0.005184152 0.399301112 0.001341472 0.999987066 0.004904030 -0.593954504 -0.005190789 -0.004897004 0.999974489 20.529695511
0.999989808 -0.001388530 0.004275317 0.412360668 0.001367274 0.999986708 0.004970517 -0.605676532 -0.004282163 -0.004964621 0.999978423 21.022876740
0.999989986 -0.001316796 0.004282004 0.421050489 0.001296935 0.999988437 0.004637697 -0.610757828 -0.004288062 -0.004632097 0.999979973 21.534080505
0.999992609 -0.001232753 0.003617600 0.430093169 0.001213199 0.999984682 0.005402550 -0.629033387 -0.003624204 -0.005398122 0.999978840 22.047758102
0.999994874 -0.001889447 0.002619859 0.448812366 0.001876501 0.999986172 0.004934936 -0.641492009 -0.002629146 -0.004929994 0.999984324 22.561168671
0.999995828 -0.001778804 0.002268126 0.458654314 0.001767243 0.999985456 0.005088806 -0.657236397 -0.002277145 -0.005084777 0.999984503 23.083074570
0.999997020 -0.001788165 0.001650735 0.458720893 0.001779038 0.999983191 0.005513893 -0.674211442 -0.001660568 -0.005510939 0.999983430 23.592061996
0.999996126 -0.002448503 0.001328264 0.467550039 0.002441871 0.999984682 0.004971570 -0.686889112 -0.001340417 -0.004968306 0.999986768 24.137844086
0.999997795 -0.001741213 0.001188975 0.480441004 0.001735441 0.999986887 0.004837891 -0.691904008 -0.001197383 -0.004835817 0.999987543 24.690050125
0.999999464 -0.000423375 0.000955959 0.479469627 0.000418404 0.999986470 0.005194666 -0.706376612 -0.000958145 -0.005194263 0.999986053 25.207242966
0.999999464 -0.000961846 0.000070615 0.482752323 0.000961442 0.999984384 0.005509132 -0.728101850 -0.000075913 -0.005509063 0.999984801 25.770273209
0.999999464 -0.000956648 -0.000425851 0.492421746 0.000958960 0.999984622 0.005461312 -0.737555087 0.000420620 -0.005461718 0.999985039 26.336584091
0.999998391 -0.001352628 -0.001125443 0.503197491 0.001358853 0.999983788 0.005548631 -0.746105552 0.001117919 -0.005550152 0.999983966 26.885000229
0.999999046 -0.000743265 -0.001147695 0.517465532 0.000750453 0.999980032 0.006275861 -0.760927320 0.001143007 -0.006276716 0.999979675 27.421571732
0.999999166 -0.000418197 -0.001167132 0.518757999 0.000425393 0.999980867 0.006171399 -0.784778655 0.001164529 -0.006171891 0.999980271 27.989061356
0.999999225 0.000167580 -0.001208389 0.526056290 -0.000160604 0.999983311 0.005771112 -0.789004624 0.001209336 -0.005770913 0.999982655 28.550943375
0.999999464 -0.000101903 -0.001001702 0.534093916 0.000107678 0.999983370 0.005766547 -0.801346362 0.001001098 -0.005766652 0.999982834 29.095342636
0.999999404 -0.000312475 -0.001044249 0.543838978 0.000318624 0.999982655 0.005893405 -0.816538036 0.001042390 -0.005893735 0.999982059 29.651113510
0.999997795 -0.000319107 -0.002072454 0.534146905 0.000332178 0.999980032 0.006309501 -0.838120162 0.002070400 -0.006310175 0.999977946 30.192758560
0.999998152 0.000817661 -0.001731134 0.539147973 -0.000806661 0.999979496 0.006345257 -0.851850450 0.001736287 -0.006343849 0.999978423 30.746644974
0.999998450 0.001031570 -0.001408736 0.549049854 -0.001022777 0.999980092 0.006229238 -0.860669732 0.001415134 -0.006227788 0.999979615 31.283220291
0.999997497 0.000281084 -0.002215476 0.559073448 -0.000267118 0.999980032 0.006301660 -0.879866600 0.002217203 -0.006301052 0.999977648 31.826591492
0.999996901 0.000766499 -0.002368490 0.572349012 -0.000751720 0.999980211 0.006234401 -0.892724454 0.002373222 -0.006232600 0.999977708 32.377338409
0.999994993 0.001942132 -0.002521937 0.574673355 -0.001926461 0.999978900 0.006201258 -0.901837349 0.002533928 -0.006196368 0.999977589 32.925346375
0.999995530 0.000423589 -0.002965319 0.600250244 -0.000404665 0.999979556 0.006379130 -0.926636994 0.002967960 -0.006377901 0.999975264 33.470745087
0.999996185 0.001155896 -0.002504901 0.572371840 -0.001141036 0.999981761 0.005926412 -0.918456793 0.002511705 -0.005923531 0.999979317 33.986259460
0.999995351 0.001441949 -0.002676757 0.579257190 -0.001425460 0.999980092 0.006151600 -0.929781079 0.002685574 -0.006147756 0.999977469 34.529037476
0.999995470 0.001289867 -0.002715580 0.584052682 -0.001273064 0.999980032 0.006180534 -0.947474360 0.002723498 -0.006177049 0.999977291 35.050773621
0.999995112 0.000905491 -0.002986412 0.606333017 -0.000888157 0.999982774 0.005800899 -0.947298527 0.002991614 -0.005798218 0.999978721 35.625816345
0.999992788 0.000177891 -0.003829374 0.612929344 -0.000155424 0.999982715 0.005866400 -0.963491321 0.003830352 -0.005865762 0.999975443 36.158237457
0.999992609 0.000822191 -0.003754366 0.619120598 -0.000800606 0.999983191 0.005747324 -0.972933888 0.003759029 -0.005744276 0.999976456 36.714691162
0.999990940 0.000440183 -0.004233676 0.631462336 -0.000417449 0.999985516 0.005369392 -0.981466174 0.004235978 -0.005367576 0.999976635 37.262832642
0.999991119 0.000345404 -0.004194689 0.638381600 -0.000319582 0.999980986 0.006155292 -1.006841660 0.004196735 -0.006153897 0.999972284 37.782989502
0.999992073 0.000473774 -0.003947308 0.645533323 -0.000449467 0.999980927 0.006156282 -1.018528819 0.003950149 -0.006154461 0.999973238 38.331230164
0.999991298 0.001162887 -0.004003287 0.652958393 -0.001142540 0.999986410 0.005080785 -1.019662380 0.004009141 -0.005076168 0.999979079 38.888473511
0.999990821 0.000651140 -0.004233494 0.660199404 -0.000626465 0.999982834 0.005827422 -1.032630086 0.004237216 -0.005824717 0.999974072 39.392990112
0.999990463 0.000725223 -0.004301281 0.666646481 -0.000703289 0.999986708 0.005098761 -1.040304542 0.004304921 -0.005095689 0.999977708 39.947986603
0.999987602 0.001303602 -0.004812018 0.685873985 -0.001278506 0.999985576 0.005214524 -1.056888580 0.004818746 -0.005208307 0.999974787 40.484500885
0.999990404 0.001032819 -0.004260687 0.681656420 -0.001009736 0.999984801 0.005416004 -1.066354513 0.004266216 -0.005411648 0.999976277 41.028099060
0.999987960 0.002072569 -0.004453919 0.690717518 -0.002050918 0.999986112 0.004860183 -1.066857338 0.004463930 -0.004850989 0.999978304 41.578178406
0.999989510 0.001852982 -0.004203587 0.697426736 -0.001833410 0.999987423 0.004655208 -1.084568620 0.004212161 -0.004647451 0.999980390 42.125740051
0.999989748 0.000838214 -0.004451987 0.703901649 -0.000813227 0.999983907 0.005611512 -1.097199321 0.004456619 -0.005607834 0.999974370 42.606201172
0.999990463 0.000871714 -0.004295754 0.709293664 -0.000849007 0.999985635 0.005284917 -1.104656219 0.004300299 -0.005281219 0.999976814 43.154300690
0.999990582 0.001016654 -0.004212289 0.723347723 -0.000994063 0.999985099 0.005361771 -1.123162270 0.004217677 -0.005357532 0.999976754 43.692821503
0.999990284 0.001329498 -0.004197653 0.725188494 -0.001307686 0.999985576 0.005194721 -1.130217552 0.004204500 -0.005189182 0.999977708 44.220920563
0.999988496 0.001737255 -0.004446673 0.733291268 -0.001714969 0.999985933 0.005010845 -1.138099670 0.004455316 -0.005003163 0.999977589 44.777851105
0.999989867 0.001673706 -0.004167174 0.742191434 -0.001654615 0.999988139 0.004580653 -1.150451064 0.004174791 -0.004573711 0.999980867 45.323883057
0.999990582 0.002748071 -0.003362758 0.730691373 -0.002731811 0.999984622 0.004830227 -1.163132906 0.003375980 -0.004820994 0.999982655 45.816955566
0.999992013 0.002322103 -0.003268666 0.735314190 -0.002308357 0.999988496 0.004203146 -1.173341751 0.003278388 -0.004195566 0.999985814 46.364986420
0.999990821 0.002823050 -0.003215160 0.737827420 -0.002807622 0.999984562 0.004792609 -1.181463957 0.003228640 -0.004783539 0.999983370 46.869956970
0.999989569 0.002931066 -0.003515574 0.745031834 -0.002914790 0.999985039 0.004625678 -1.193435311 0.003529079 -0.004615382 0.999983191 47.423793793
0.999989688 0.003168377 -0.003249782 0.753245115 -0.003154163 0.999985456 0.004369801 -1.205150604 0.003263580 -0.004359505 0.999985218 47.977355957
0.999991000 0.002272447 -0.003582612 0.758008003 -0.002257003 0.999988198 0.004308984 -1.212554336 0.003592361 -0.004300859 0.999984324 48.465827942
0.999990642 0.001477194 -0.004044483 0.770140886 -0.001458796 0.999988675 0.004548156 -1.225063920 0.004051156 -0.004542214 0.999981523 49.012634277
0.999990582 0.002497166 -0.003554368 0.779807448 -0.002483346 0.999989390 0.003886885 -1.231158972 0.003564037 -0.003878021 0.999986112 49.565490723
0.999991000 0.002740449 -0.003235865 0.765470386 -0.002726266 0.999986649 0.004379264 -1.242650747 0.003247823 -0.004370402 0.999985158 50.092109680
0.999990106 0.003322145 -0.002947391 0.773227811 -0.003310350 0.999986529 0.003997841 -1.257888436 0.002960633 -0.003988045 0.999987662 50.626407623
0.999990225 0.002779447 -0.003440983 0.788144827 -0.002765022 0.999987423 0.004189652 -1.268129349 0.003452585 -0.004180097 0.999985337 51.178474426
0.999989152 0.003321949 -0.003256741 0.792987406 -0.003307022 0.999984026 0.004578079 -1.277951717 0.003271897 -0.004567259 0.999984205 51.690563202
0.999989510 0.003673497 -0.002709600 0.798356831 -0.003660913 0.999982536 0.004634331 -1.291829228 0.002726577 -0.004624364 0.999985635 52.239761353
0.999990880 0.002490081 -0.003461764 0.816663146 -0.002473862 0.999985874 0.004681543 -1.303090453 0.003473373 -0.004672936 0.999983013 52.775886536
0.999989152 0.003504996 -0.003072829 0.802733123 -0.003490841 0.999983251 0.004600052 -1.313282013 0.003088900 -0.004589275 0.999984682 53.301322937
0.999985754 0.004578742 -0.002760213 0.802424133 -0.004567873 0.999981821 0.003930934 -1.318562031 0.002778162 -0.003918270 0.999988437 53.851085663
0.999988019 0.003603636 -0.003305004 0.828792810 -0.003590764 0.999985993 0.003892643 -1.330376863 0.003318987 -0.003880729 0.999986947 54.412403107
0.999986470 0.004560670 -0.002509476 0.817812681 -0.004551054 0.999982297 0.003824763 -1.345850587 0.002526875 -0.003813290 0.999989510 54.912178040
0.999989212 0.003794677 -0.002704623 0.830608249 -0.003784643 0.999985933 0.003705724 -1.355921626 0.002718646 -0.003695448 0.999989450 55.458679199
0.999988914 0.003764199 -0.002834177 0.839933574 -0.003753152 0.999985456 0.003893258 -1.371275425 0.002848790 -0.003882578 0.999988437 55.996990204
0.999985278 0.004764292 -0.002602648 0.845165133 -0.004755304 0.999982774 0.003448499 -1.378672004 0.002619033 -0.003436072 0.999990642 56.531593323
0.999982834 0.005444350 -0.002182129 0.851361036 -0.005436025 0.999977946 0.003803013 -1.393560648 0.002202785 -0.003791086 0.999990404 57.067882538
0.999983191 0.005247593 -0.002436084 0.867695034 -0.005239642 0.999980927 0.003259126 -1.405703425 0.002453140 -0.003246307 0.999991715 57.630767822
0.999986053 0.004710052 -0.002387678 0.869288743 -0.004702183 0.999983490 0.003290745 -1.407081604 0.002403138 -0.003279472 0.999991715 58.134777069
0.999987841 0.004560983 -0.001877465 0.874910355 -0.004554133 0.999983072 0.003636420 -1.420234323 0.001894018 -0.003627825 0.999991536 58.681972504
0.999984920 0.005176768 -0.001836207 0.882859051 -0.005171373 0.999982297 0.002930311 -1.434025168 0.001851344 -0.002920771 0.999993980 59.222408295
0.999985695 0.004852314 -0.002244680 0.888743281 -0.004846594 0.999985039 0.002546320 -1.440366030 0.002257002 -0.002535404 0.999994218 59.727752686
0.999987662 0.004481078 -0.002110883 0.896089375 -0.004475242 0.999986231 0.002761058 -1.452056885 0.002123227 -0.002751577 0.999993980 60.281524658
0.999983013 0.005433391 -0.002118166 0.909419417 -0.005428409 0.999982536 0.002351118 -1.466660380 0.002130904 -0.002339579 0.999994934 60.831077576
0.999981225 0.005865409 -0.001756814 0.911698759 -0.005861383 0.999980211 0.002288523 -1.469942570 0.001770202 -0.002278183 0.999995828 61.357852936
0.999976099 0.006713552 -0.001637645 0.917078495 -0.006709331 0.999974251 0.002569416 -1.486677170 0.001654853 -0.002558367 0.999995351 61.902256012
0.999976754 0.006427194 -0.002280583 0.932949603 -0.006421609 0.999976397 0.002448139 -1.499554753 0.002296264 -0.002433438 0.999994338 62.449764252
0.999976754 0.006590735 -0.001723454 0.925597131 -0.006586126 0.999974728 0.002666486 -1.514117002 0.001740985 -0.002655073 0.999994934 62.969131470
0.999974132 0.007097824 -0.001189130 0.932054222 -0.007095078 0.999972165 0.002297748 -1.532390118 0.001205406 -0.002289251 0.999996662 63.519348145
0.999978781 0.006390697 -0.001312819 0.948497713 -0.006386549 0.999974668 0.003139127 -1.552389383 0.001332847 -0.003130676 0.999994159 64.057067871
0.999978960 0.006420145 -0.001064253 0.936110556 -0.006417789 0.999976933 0.002204913 -1.551850677 0.001078385 -0.002198036 0.999996960 64.547729492
0.999979973 0.006202371 -0.001289818 0.948493838 -0.006199406 0.999978125 0.002290768 -1.567875385 0.001303998 -0.002282726 0.999996543 65.081604004
0.999981761 0.005895488 -0.001300797 0.960273623 -0.005893102 0.999980986 0.001831220 -1.579489708 0.001311568 -0.001823521 0.999997556 65.623023987
0.999978065 0.006576872 -0.000766266 0.950496674 -0.006575590 0.999976933 0.001661313 -1.583473802 0.000777175 -0.001656238 0.999998331 66.160987854
0.999975204 0.006961375 -0.001075742 0.962149382 -0.006959608 0.999974489 0.001637399 -1.600675941 0.001087113 -0.001629871 0.999998093 66.701858521
0.999974310 0.007147161 -0.000548261 0.974070191 -0.007146314 0.999973297 0.001530193 -1.614004135 0.000559183 -0.001526236 0.999998629 67.240745544
0.999974787 0.007048696 -0.000879246 0.984351456 -0.007047111 0.999973595 0.001793259 -1.628279209 0.000891863 -0.001787017 0.999998033 67.773033142
0.999978244 0.006595915 -0.000171806 0.964887500 -0.006595684 0.999977410 0.001297555 -1.639257312 0.000180361 -0.001296393 0.999999106 68.284317017
0.999973834 0.007219113 -0.000483726 0.973106384 -0.007218805 0.999973655 0.000636981 -1.648737431 0.000488312 -0.000633472 0.999999642 68.835144043
0.999961197 0.008797342 -0.000398377 0.984925210 -0.008796658 0.999959886 0.001690007 -1.682928801 0.000413228 -0.001686437 0.999998510 69.369377136
0.999964714 0.008398761 0.000267065 0.989521563 -0.008399147 0.999963641 0.001475012 -1.691333175 -0.000254667 -0.001477203 0.999998927 69.904823303
0.999976575 0.006837915 0.000337599 0.991887689 -0.006838423 0.999975383 0.001523317 -1.690503597 -0.000327174 -0.001525591 0.999998748 70.383995056
0.999977887 0.006633280 0.000295398 1.002149343 -0.006633583 0.999977410 0.001030269 -1.703813076 -0.000288557 -0.001032206 0.999999464 70.930831909
0.999967217 0.008038339 0.000946994 1.009336829 -0.008039526 0.999966800 0.001256508 -1.718079448 -0.000936862 -0.001264081 0.999998808 71.484199524
0.999971211 0.007594204 0.000152604 1.026613116 -0.007594387 0.999970376 0.001248016 -1.728192806 -0.000143122 -0.001249139 0.999999225 72.061187744
0.999975562 0.006979514 0.000264376 1.035122752 -0.006979757 0.999975204 0.000922081 -1.746553898 -0.000257934 -0.000923904 0.999999464 72.501327515
0.999976099 0.006895669 0.000417887 1.044866085 -0.006896519 0.999974012 0.002064529 -1.766277432 -0.000403640 -0.002067361 0.999997795 73.047805786
0.999974430 0.007114743 0.000755484 1.059672594 -0.007115915 0.999973416 0.001557442 -1.778410673 -0.000744383 -0.001562778 0.999998450 73.567070007
0.999974668 0.007106670 0.000345500 1.084775329 -0.007106973 0.999974370 0.000883279 -1.784743309 -0.000339214 -0.000885712 0.999999523 74.097007751
0.999974072 0.007178862 0.000577610 1.077515006 -0.007179526 0.999973476 0.001154761 -1.797329545 -0.000569305 -0.001158878 0.999999166 74.601921082
0.999976695 0.006802319 0.000488472 1.092693329 -0.006802857 0.999976158 0.001106722 -1.809596539 -0.000480932 -0.001110019 0.999999285 75.150497437
0.999969125 0.007805484 0.000923303 1.095725894 -0.007806464 0.999968946 0.001063740 -1.825730443 -0.000914972 -0.001070914 0.999998987 75.646240234
0.999969542 0.007663431 0.001514768 1.106707811 -0.007664473 0.999970436 0.000682945 -1.838283539 -0.001509489 -0.000694534 0.999998629 76.196189880
0.999966085 0.008167918 0.001077167 1.111591220 -0.008168543 0.999966443 0.000577609 -1.851031542 -0.001072413 -0.000586389 0.999999225 76.719833374
0.999966979 0.008097721 0.000787464 1.124752998 -0.008098269 0.999966979 0.000694878 -1.863159180 -0.000781811 -0.000701232 0.999999404 77.281547546
0.999964833 0.008282630 0.001253467 1.125870705 -0.008283371 0.999965549 0.000585009 -1.878886342 -0.001248578 -0.000595372 0.999999046 77.759841919
0.999963641 0.008431715 0.001202477 1.139313936 -0.008432210 0.999964356 0.000405830 -1.891189933 -0.001199013 -0.000415955 0.999999166 78.310173035
0.999960840 0.008750007 0.001323535 1.138741016 -0.008750844 0.999961495 0.000630663 -1.912033319 -0.001317966 -0.000642221 0.999998927 78.830139160
0.999954939 0.009401038 0.001340644 1.149737358 -0.009401525 0.999955714 0.000356456 -1.928492308 -0.001337233 -0.000369044 0.999999046 79.374206543
0.999954641 0.009149162 0.002598127 1.157487631 -0.009150386 0.999958038 0.000458728 -1.936927080 -0.002593821 -0.000482482 0.999996543 79.902801514
0.999955237 0.008780722 0.003506360 1.172774076 -0.008779956 0.999961436 -0.000233793 -1.949330926 -0.003508278 0.000202997 0.999993861 80.457359314
0.999949276 0.008922585 0.004686294 1.189699173 -0.008919752 0.999959946 -0.000624569 -1.962551475 -0.004691680 0.000582737 0.999988794 80.998016357
0.999936104 0.009381291 0.006306241 1.199504137 -0.009382057 0.999956071 0.000091774 -1.978142619 -0.006305103 -0.000150934 0.999980092 81.484222412
0.999910772 0.009484136 0.009404742 1.222338200 -0.009482251 0.999954998 -0.000244895 -1.990519524 -0.009406643 0.000155695 0.999955773 82.040962219
0.999866843 0.009403047 0.013336536 1.242797256 -0.009399582 0.999955714 -0.000322641 -2.002556324 -0.013338979 0.000197241 0.999911070 82.592025757
0.999824464 0.009173688 0.016337115 1.248402119 -0.009177681 0.999957860 0.000169721 -2.006797791 -0.016334865 -0.000319628 0.999866545 83.086494446
0.999747574 0.009009875 0.020581156 1.272810936 -0.009019359 0.999959230 0.000368111 -2.025365829 -0.020576999 -0.000553647 0.999788165 83.632202148
0.999599457 0.009475971 0.026666589 1.298892379 -0.009485777 0.999954939 0.000241231 -2.044867992 -0.026663102 -0.000494087 0.999644399 84.176475525
0.999428570 0.009258775 0.032509375 1.315162063 -0.009249777 0.999957144 -0.000427070 -2.047773361 -0.032511927 0.000126121 0.999471366 84.722297668
0.999187410 0.009709834 0.039116465 1.346770644 -0.009689409 0.999952793 -0.000711624 -2.062396049 -0.039121531 0.000332031 0.999234438 85.269607544
0.998843253 0.009651558 0.047106452 1.387442350 -0.009634262 0.999953389 -0.000594223 -2.081936359 -0.047109999 0.000139699 0.998889685 85.825080872
0.998424470 0.009491402 0.055303872 1.440568686 -0.009463604 0.999954939 -0.000764445 -2.088527441 -0.055308636 0.000239866 0.998469234 86.381202698
0.998017430 0.009161812 0.062267650 1.491115093 -0.009106141 0.999957860 -0.001177791 -2.100736380 -0.062275808 0.000608438 0.998058796 86.927154541
0.997390389 0.009173811 0.071612254 1.548149109 -0.009133058 0.999957860 -0.000896515 -2.119867563 -0.071617462 0.000240136 0.997432172 87.482994080
0.996610463 0.009370990 0.081731208 1.606253624 -0.009309845 0.999955952 -0.001129217 -2.134825230 -0.081738189 0.000364484 0.996653795 87.993774414
0.995835483 0.008915481 0.090731427 1.669865608 -0.008857367 0.999960184 -0.001043168 -2.143013716 -0.090737112 0.000235182 0.995874822 88.547004700
0.995182216 0.008190631 0.097699471 1.744351864 -0.008073402 0.999966085 -0.001595186 -2.156741142 -0.097709201 0.000798734 0.995214701 89.098037720
0.994140565 0.008670525 0.107746951 1.808417797 -0.008538340 0.999962151 -0.001688070 -2.175131798 -0.107757516 0.000758199 0.994176924 89.594505310
0.992969871 0.008531600 0.118059374 1.901111603 -0.008390448 0.999963403 -0.001692591 -2.192774773 -0.118069485 0.000690121 0.993005097 90.132110596
0.991749585 0.007831590 0.127950251 1.986976624 -0.007668282 0.999969006 -0.001768916 -2.207538843 -0.127960101 0.000773163 0.991778970 90.702262878
0.990264654 0.007990045 0.138967842 2.089631081 -0.007830935 0.999967933 -0.001691699 -2.228183031 -0.138976902 0.000586982 0.990295410 91.201408386
0.988387942 0.009014199 0.151683867 2.171739578 -0.008870379 0.999959290 -0.001624814 -2.233386040 -0.151692346 0.000260453 0.988427699 91.725349426
0.986586392 0.008715441 0.163006976 2.280184746 -0.008570606 0.999961972 -0.001591762 -2.248254299 -0.163014665 0.000173342 0.986623585 92.273353577
0.984773159 0.008677464 0.173627794 2.392699242 -0.008484503 0.999962330 -0.001853545 -2.266064644 -0.173637331 0.000352176 0.984809577 92.823051453
0.982522845 0.007818012 0.185977787 2.520092010 -0.007580259 0.999969184 -0.001989461 -2.280925512 -0.185987636 0.000544931 0.982551932 93.344093323
0.980148077 0.007073130 0.198141143 2.653738022 -0.006794850 0.999974728 -0.002084334 -2.298041582 -0.198150873 0.000696616 0.980171204 93.871627808
0.977999926 0.007493637 0.208470866 2.775260925 -0.007254119 0.999971867 -0.001913448 -2.312457085 -0.208479345 0.000359079 0.978026628 94.409317017
0.975088298 0.006877689 0.221710429 2.918910980 -0.006493010 0.999975860 -0.002463868 -2.318208694 -0.221722037 0.000962921 0.975109458 94.962760925
0.971900940 0.006457563 0.235301897 3.068902969 -0.005988396 0.999978304 -0.002708421 -2.330431461 -0.235314324 0.001223235 0.971918583 95.498725891
0.969256401 0.006007531 0.245979428 3.224550247 -0.005543044 0.999981284 -0.002580656 -2.352467775 -0.245990366 0.001137842 0.969271660 96.017478943
0.966528058 0.005118016 0.256510019 3.403440475 -0.004553237 0.999985695 -0.002795652 -2.379138708 -0.256520659 0.001534126 0.966537595 96.515518188
0.962690949 0.006051646 0.270536035 3.535675049 -0.005661407 0.999981523 -0.002222801 -2.373300552 -0.270544469 0.000608255 0.962707281 96.968467712
0.959054708 0.006181273 0.283153623 3.713363647 -0.005802759 0.999980807 -0.002175465 -2.390966177 -0.283161610 0.000443317 0.959072113 97.499458313
0.955518901 0.006106845 0.294866502 3.896717072 -0.005806548 0.999981403 -0.001893959 -2.405307770 -0.294872552 0.000097557 0.955536544 98.035293579
0.951190174 0.005831103 0.308550000 4.086517334 -0.005556905 0.999983013 -0.001767398 -2.436455011 -0.308555067 -0.000033451 0.951206446 98.531906128
0.946654022 0.003986151 0.322227031 4.261541367 -0.003595049 0.999991894 -0.001808824 -2.442500353 -0.322231591 0.000553909 0.946660697 98.962005615
0.942399919 0.004834475 0.334453404 4.448575974 -0.004186082 0.999987721 -0.002659418 -2.449885845 -0.334462076 0.001106185 0.942408562 99.536727905
0.937675476 0.004473643 0.347483486 4.659391403 -0.003738786 0.999989092 -0.002785246 -2.468384027 -0.347492158 0.001312491 0.937681973 100.051704407
0.932230234 0.004463286 0.361837983 4.874153137 -0.003702625 0.999989152 -0.002795548 -2.488241911 -0.361846566 0.001266344 0.932236731 100.552062988
0.927294791 0.004249425 0.374307692 5.089515686 -0.003532888 0.999990344 -0.002600412 -2.509220600 -0.374315143 0.001088961 0.927300930 101.080490112
0.922529936 0.003483479 0.385909796 5.299495697 -0.002612151 0.999992728 -0.002782168 -2.513297081 -0.385916740 0.001558580 0.922532320 101.525581360
0.916519105 0.002997903 0.399979651 5.545818329 -0.002077942 0.999994159 -0.002733665 -2.529551268 -0.399985433 0.001674321 0.916520000 102.021186829
0.910734475 0.002400278 0.412985504 5.786266327 -0.001328772 0.999994993 -0.002881720 -2.544365168 -0.412990361 0.002075718 0.910733104 102.502380371
0.905915678 0.002400351 0.423451453 6.043930054 -0.001453920 0.999995649 -0.002558056 -2.566513300 -0.423455834 0.001701718 0.905915201 102.990821838
0.900630832 -0.000156319 0.434584975 6.350662231 0.001460875 0.999995351 -0.002667812 -2.599662066 -0.434582531 0.003037588 0.900626898 103.478546143
0.892942607 0.003811502 0.450154364 6.527107239 -0.002729514 0.999991596 -0.003052663 -2.579265118 -0.450162172 0.001497150 0.892945528 103.971389771
0.886614978 0.004506561 0.462486327 6.799606323 -0.003051628 0.999987721 -0.003893921 -2.587209702 -0.462498248 0.002041071 0.886617780 104.460906982
0.880800962 0.003927171 0.473470479 7.094638824 -0.002569489 0.999990463 -0.003514316 -2.601301432 -0.473479807 0.001878836 0.880802572 104.966194153
0.873246670 0.003508875 0.487265617 7.362304688 -0.002309577 0.999992609 -0.003062023 -2.633652449 -0.487272799 0.001548524 0.873248398 105.387489319
