1.000000000 0.000000000 0.000000000 0.000000000 0.000000000 1.000000000 0.000000000 0.000000000 0.000000000 0.000000000 1.000000000 0.000000000
1.000000000 -0.000062286 -0.000206403 0.004837826 0.000062318 1.000000000 0.000155212 -0.003738867 0.000206393 -0.000155225 0.999999940 -0.003891994
1.000000000 0.000037069 0.000005419 0.000649960 -0.000037069 1.000000000 0.000071345 -0.002730579 -0.000005417 -0.000071345 1.000000000 -0.003163296
1.000000000 -0.000109220 -0.000149452 0.006436487 0.000109248 1.000000000 0.000186270 -0.003010541 0.000149432 -0.000186286 1.000000000 -0.004515182
1.000000000 -0.000042581 -0.000052872 0.000907162 0.000042583 1.000000000 0.000041281 -0.000470305 0.000052871 -0.000041283 1.000000000 0.000132863
1.000000000 -0.000024439 0.000064105 -0.000665358 0.000024439 1.000000000 0.000002488 -0.001741446 -0.000064105 -0.000002486 1.000000000 -0.001520768
1.000000000 -0.000103905 -0.000144348 0.004974661 0.000103930 1.000000000 0.000175320 -0.003264286 0.000144330 -0.000175335 1.000000000 -0.007177860
1.000000000 -0.000134990 -0.000066925 -0.000301561 0.000134992 1.000000000 0.000035820 0.000250546 0.000066920 -0.000035829 1.000000000 0.000685908
1.000000000 0.000007014 -0.000086617 0.002565705 -0.000007006 1.000000000 0.000090802 -0.003428848 0.000086618 -0.000090802 1.000000000 -0.009062950
1.000000000 0.000027641 0.000040988 0.000619127 -0.000027645 1.000000000 0.000103741 -0.002707755 -0.000040985 -0.000103743 1.000000000 -0.005696660
1.000000000 0.000117636 0.000088677 -0.001165525 -0.000117640 1.000000000 0.000047557 -0.000962355 -0.000088671 -0.000047567 1.000000000 -0.005089613
1.000000000 -0.000107204 -0.000024463 -0.000481859 0.000107206 1.000000000 0.000090562 -0.003843462 0.000024453 -0.000090565 1.000000000 -0.008589666
1.000000000 -0.000066309 -0.000006733 0.000304423 0.000066310 1.000000000 0.000061402 -0.001841761 0.000006729 -0.000061402 1.000000000 -0.006251211
1.000000000 -0.000062839 -0.000017477 0.000558993 0.000062840 1.000000000 0.000090105 -0.001804485 0.000017472 -0.000090106 1.000000000 -0.005922645
1.000000000 -0.000227493 -0.000082071 0.001120943 0.000227509 0.999999940 0.000188562 -0.002306824 0.000082028 -0.000188581 1.000000000 -0.008373162
0.999999940 -0.000258091 -0.000120487 -0.000534907 0.000258106 0.999999940 0.000122533 -0.002783508 0.000120455 -0.000122564 1.000000000 -0.009014741
1.000000000 -0.000166860 0.000025284 -0.000005373 0.000166859 1.000000000 0.000052126 -0.001156728 -0.000025293 -0.000052122 1.000000000 -0.008007372
1.000000000 0.000055060 0.000003148 0.001979299 -0.000055061 1.000000000 0.000184018 -0.003553934 -0.000003138 -0.000184018 1.000000000 -0.011537425
0.999999940 -0.000238866 -0.000070976 0.001448832 0.000238874 0.999999940 0.000106037 -0.003773719 0.000070950 -0.000106054 1.000000000 -0.008640246
0.999999940 -0.000271407 -0.000079615 0.004081714 0.000271421 0.999999940 0.000168191 -0.005539387 0.000079569 -0.000168213 1.000000000 -0.016082393
1.000000000 -0.000046940 -0.000021553 0.001962992 0.000046945 1.000000000 0.000214996 -0.005371311 0.000021543 -0.000214997 1.000000000 -0.011622339
1.000000000 0.000030871 0.000050224 -0.000282288 -0.000030877 1.000000000 0.000117413 -0.001228367 -0.000050220 -0.000117414 1.000000000 -0.007232001
0.999999940 -0.000247059 -0.000181184 0.006012974 0.000247095 0.999999940 0.000197545 -0.003652008 0.000181135 -0.000197589 0.999999940 -0.015622913
1.000000000 -0.000214467 -0.000089613 0.001862759 0.000214487 0.999999940 0.000220882 -0.003414316 0.000089566 -0.000220901 1.000000000 -0.007286781
1.000000000 -0.000069534 -0.000134085 0.005963638 0.000069562 1.000000000 0.000202562 -0.003508224 0.000134071 -0.000202572 1.000000000 -0.015783370
1.000000000 -0.000082964 -0.000044759 0.000836807 0.000082973 1.000000000 0.000203798 -0.003209600 0.000044742 -0.000203801 1.000000000 -0.013687950
1.000000000 -0.000087018 -0.000018375 -0.001555811 0.000087022 1.000000000 0.000206112 -0.004859746 0.000018357 -0.000206113 1.000000000 -0.015326033
1.000000000 -0.000065798 0.000000240 -0.001247593 0.000065798 1.000000000 0.000196210 -0.003484159 -0.000000253 -0.000196210 1.000000000 -0.009552762
0.999999940 -0.000235622 -0.000151185 -0.000162336 0.000235643 0.999999940 0.000141958 0.000015450 0.000151152 -0.000141993 1.000000000 -0.007447772
1.000000000 -0.000116278 -0.000105108 0.001724292 0.000116300 1.000000000 0.000205655 -0.002767803 0.000105084 -0.000205668 1.000000000 -0.009627926
1.000000000 -0.000136846 0.000024360 -0.001253071 0.000136843 1.000000000 0.000123555 -0.001615787 -0.000024377 -0.000123552 1.000000000 -0.003100464
0.999999940 -0.000236008 -0.000090728 -0.001618865 0.000236029 0.999999940 0.000229343 -0.002692842 0.000090674 -0.000229364 0.999999940 -0.009475537
0.999999940 -0.000190732 -0.000154563 0.002222342 0.000190772 0.999999940 0.000262070 -0.003620364 0.000154513 -0.000262100 0.999999940 -0.014229738
1.000000000 0.000007167 -0.000065793 -0.000679061 -0.000007161 1.000000000 0.000087813 -0.001157583 0.000065793 -0.000087812 1.000000000 -0.005870006
1.000000000 -0.000084407 -0.000054805 -0.001214553 0.000084412 1.000000000 0.000079370 -0.000674606 0.000054799 -0.000079375 1.000000000 -0.006884023
1.000000000 -0.000177602 -0.000053198 -0.001897648 0.000177601 1.000000000 -0.000011767 0.000438151 0.000053201 0.000011758 1.000000000 -0.010677371
0.999999940 -0.000295969 -0.000232702 0.004701798 0.000295991 0.999999940 0.000093798 -0.001311769 0.000232674 -0.000093867 0.999999940 -0.012104149
1.000000000 -0.000206228 -0.000040023 0.000498313 0.000206229 1.000000000 0.000028195 0.000305761 0.000040017 -0.000028203 1.000000000 -0.007854768
1.000000000 -0.000043584 -0.000074911 -0.000417706 0.000043605 0.999999940 0.000282686 -0.002648407 0.000074899 -0.000282689 0.999999940 -0.012219673
0.999999940 -0.000224463 -0.000267101 0.005236666 0.000224507 0.999999940 0.000164055 -0.005831720 0.000267065 -0.000164115 0.999999940 -0.007040620
1.000000000 -0.000007943 -0.000185251 0.008394910 0.000007865 0.999999940 -0.000422435 -0.008764252 0.000185254 0.000422434 0.999999881 0.041946426
1.000000000 -0.000027548 -0.000183183 0.008085370 0.000027307 0.999999106 -0.001315070 -0.003206554 0.000183219 0.001315065 0.999999106 0.144149750
1.000000000 -0.000047779 -0.000046578 0.004694611 0.000047713 0.999998987 -0.001423199 -0.010080119 0.000046646 0.001423197 0.999998987 0.264152676
0.999999940 -0.000303851 0.000201612 0.001821597 0.000304096 0.999999225 -0.001213276 -0.016498728 -0.000201244 0.001213338 0.999999225 0.384606928
1.000000000 0.000167833 -0.000018888 0.005597988 -0.000167854 0.999999344 -0.001128525 -0.022154767 0.000018699 0.001128529 0.999999344 0.534698844
1.000000000 0.000110571 0.000030510 0.016314568 -0.000110535 0.999999285 -0.001179513 -0.026418820 -0.000030640 0.001179509 0.999999285 0.681607068
1.000000000 0.000056990 0.000166945 0.031486966 -0.000056871 0.999999762 -0.000712829 -0.039349623 -0.000166986 0.000712819 0.999999762 0.857315361
1.000000000 -0.000080452 0.000147132 0.023867555 0.000080532 0.999999821 -0.000549130 -0.038472068 -0.000147087 0.000549142 0.999999821 1.022572160
0.999999821 0.000211564 0.000555871 0.013373756 -0.000211174 0.999999702 -0.000702604 -0.038527489 -0.000556019 0.000702486 0.999999583 1.200525045
0.999999940 0.000168643 0.000297822 0.032304678 -0.000168518 0.999999881 -0.000419791 -0.053999927 -0.000297893 0.000419741 0.999999881 1.419921637
0.999999821 0.000337476 0.000484552 0.031733718 -0.000337187 0.999999762 -0.000596532 -0.057799865 -0.000484754 0.000596369 0.999999702 1.611303568
0.999999642 0.000409316 0.000703231 0.038981657 -0.000409135 0.999999881 -0.000257294 -0.069358744 -0.000703336 0.000257006 0.999999702 1.810278773
0.999999285 -0.001134651 -0.000400655 0.042705532 0.001135713 0.999995828 0.002659148 -0.094147086 0.000397636 -0.002659601 0.999996364 1.905710816
0.999999642 -0.000865994 -0.000023732 0.047020648 0.000866052 0.999996364 0.002565300 -0.099274233 0.000021511 -0.002565320 0.999996722 2.131312609
1.000000000 -0.000194639 0.000154005 0.044027839 0.000194242 0.999996722 0.002574845 -0.101670526 -0.000154506 -0.002574815 0.999996662 2.339902401
0.999999821 -0.000503625 0.000133024 0.050175957 0.000503273 0.999996424 0.002629357 -0.114380114 -0.000134348 -0.002629290 0.999996543 2.573137522
0.999999881 -0.000255781 0.000401147 0.051883906 0.000254604 0.999995649 0.002930340 -0.119341627 -0.000401895 -0.002930238 0.999995649 2.810323000
0.999999940 -0.000225855 0.000322995 0.062020231 0.000224950 0.999996066 0.002797581 -0.123881511 -0.000323626 -0.002797508 0.999996066 3.042524576
0.999999821 -0.000361604 0.000483879 0.056825489 0.000360297 0.999996245 0.002698859 -0.126994729 -0.000484853 -0.002698684 0.999996245 3.300543070
0.999999821 -0.000559755 0.000168779 0.070031151 0.000559280 0.999995947 0.002801984 -0.142602503 -0.000170347 -0.002801889 0.999996066 3.509639740
0.999999940 -0.000125740 -0.000120377 0.077522628 0.000126085 0.999995887 0.002871701 -0.146401018 0.000120016 -0.002871717 0.999995887 3.752030373
0.999999344 -0.001103169 -0.000361938 0.089360081 0.001104220 0.999995172 0.002916136 -0.155509353 0.000358719 -0.002916534 0.999995708 4.040947437
0.999999940 -0.000349777 -0.000050163 0.090011016 0.000349940 0.999994576 0.003275401 -0.159243226 0.000049017 -0.003275418 0.999994636 4.299720764
0.999999762 -0.000648035 -0.000085118 0.084921032 0.000648308 0.999994457 0.003244322 -0.176981390 0.000083014 -0.003244376 0.999994695 4.511746883
0.999999762 -0.000683077 0.000086977 0.092826843 0.000682768 0.999993563 0.003512735 -0.187711269 -0.000089376 -0.003512674 0.999993861 4.772435188
0.999999821 -0.000500038 0.000171974 0.100515723 0.000499494 0.999994934 0.003149912 -0.187108487 -0.000173548 -0.003149826 0.999995053 5.028802395
0.999999762 -0.000644231 0.000269571 0.087787099 0.000643325 0.999994159 0.003348830 -0.196457043 -0.000271727 -0.003348656 0.999994397 5.320917606
0.999999702 -0.000609256 0.000510710 0.094555788 0.000607497 0.999993920 0.003436073 -0.215950519 -0.000512801 -0.003435762 0.999993980 5.520814896
0.999999702 -0.000514487 0.000596338 0.107403338 0.000512373 0.999993622 0.003539362 -0.226481423 -0.000598155 -0.003539056 0.999993563 5.782148838
0.999999583 -0.000388364 0.000897524 0.105987586 0.000385199 0.999993742 0.003524173 -0.233077615 -0.000898887 -0.003523826 0.999993443 6.062568665
0.999999285 -0.000024931 0.001199156 0.099086776 0.000020813 0.999994099 0.003433651 -0.239777967 -0.001199235 -0.003433623 0.999993384 6.359412193
0.999999523 -0.000526387 0.000839290 0.116323046 0.000523478 0.999993920 0.003462157 -0.254606277 -0.000841107 -0.003461716 0.999993682 6.634160519
0.999999285 -0.000039749 0.001250578 0.131220832 0.000035303 0.999993682 0.003554840 -0.257766783 -0.001250711 -0.003554792 0.999992907 6.937791348
0.999999046 -0.001445905 0.000190891 0.142400235 0.001445141 0.999991298 0.003942380 -0.275290251 -0.000196590 -0.003942100 0.999992192 7.251022339
0.999998569 -0.001694572 -0.000053897 0.156199202 0.001694773 0.999990702 0.003967666 -0.288528025 0.000047173 -0.003967751 0.999992132 7.556103230
0.999999523 -0.000946410 0.000179273 0.168608546 0.000945587 0.999989331 0.004536219 -0.306163102 -0.000183564 -0.004536049 0.999989688 7.887226582
0.999999106 -0.001313311 0.000301779 0.157560974 0.001312028 0.999990225 0.004214459 -0.296735853 -0.000307311 -0.004214059 0.999991119 8.215502739
0.999997914 -0.002010411 0.000087121 0.165121347 0.002010020 0.999988854 0.004279851 -0.306107640 -0.000095724 -0.004279668 0.999990821 8.528838158
0.999997973 -0.001965697 0.000229877 0.146061614 0.001964612 0.999987364 0.004626158 -0.324487716 -0.000238968 -0.004625698 0.999989271 8.839291573
0.999998569 -0.001681941 0.000154883 0.173612550 0.001681146 0.999986053 0.004997205 -0.343005598 -0.000163286 -0.004996938 0.999987483 9.158915520
0.999997973 -0.002013155 0.000058285 0.187887296 0.002012852 0.999986470 0.004796979 -0.348510921 -0.000067941 -0.004796852 0.999988496 9.497966766
0.999997079 -0.002358511 -0.000405912 0.201140910 0.002360525 0.999984562 0.005034042 -0.355854422 0.000394033 -0.005034985 0.999987185 9.856587410
0.999998331 -0.001828653 0.000197807 0.195548147 0.001827614 0.999985218 0.005129210 -0.366906285 -0.000207183 -0.005128840 0.999986827 10.213924408
0.999998510 -0.001719708 -0.000029851 0.209979236 0.001719845 0.999983490 0.005481607 -0.375647902 0.000020424 -0.005481650 0.999984980 10.590862274
0.999997079 -0.002365683 -0.000401053 0.248347536 0.002367827 0.999982417 0.005433191 -0.366066664 0.000388193 -0.005434125 0.999985158 10.966526031
0.999998152 -0.001920007 -0.000109285 0.227480397 0.001920591 0.999982357 0.005623537 -0.413229555 0.000098486 -0.005623736 0.999984205 11.273025513
0.999997437 -0.002250225 -0.000160133 0.237876311 0.002251042 0.999983370 0.005304947 -0.414317578 0.000148193 -0.005305294 0.999985933 11.657519341
0.999997199 -0.002367929 -0.000206660 0.251040012 0.002369053 0.999981344 0.005621573 -0.427630186 0.000193345 -0.005622048 0.999984145 12.050757408
0.999999285 -0.000960001 0.000729223 0.234661818 0.000955481 0.999980450 0.006174508 -0.443279386 -0.000735137 -0.006173807 0.999980748 12.403713226
0.999997497 -0.002224560 0.000237176 0.261537701 0.002223043 0.999978185 0.006213620 -0.444769323 -0.000250993 -0.006213078 0.999980688 12.802434921
0.999996603 -0.002613488 -0.000068168 0.284891546 0.002613855 0.999978065 0.006093597 -0.453356415 0.000052241 -0.006093755 0.999981403 13.195230484
0.999998689 -0.001440910 0.000639036 0.279360563 0.001436465 0.999975145 0.006901691 -0.489791304 -0.000648965 -0.006900765 0.999975979 13.604726791
0.999997318 -0.002281584 0.000132176 0.290259868 0.002280634 0.999974370 0.006786474 -0.505173087 -0.000147656 -0.006786155 0.999976933 13.962549210
0.999994695 -0.003280812 -0.000135111 0.304124922 0.003281614 0.999973953 0.006434686 -0.516613245 0.000113997 -0.006435095 0.999979317 14.396304131
0.999994099 -0.003437287 0.000100026 0.309905201 0.003436521 0.999970615 0.006855342 -0.528165936 -0.000123587 -0.006854958 0.999976456 14.784238815
0.999996006 -0.002751022 0.000619207 0.315225750 0.002746318 0.999968290 0.007473578 -0.542400420 -0.000639747 -0.007471848 0.999971867 15.195955276
0.999994159 -0.003213258 0.001124166 0.337434620 0.003204464 0.999964893 0.007738424 -0.563202500 -0.001148992 -0.007734778 0.999969423 15.624584198
0.999997258 -0.001961102 0.001287306 0.325448215 0.001951092 0.999968231 0.007731619 -0.580192804 -0.001302428 -0.007729087 0.999969304 16.031211853
0.999995470 -0.002571056 0.001551765 0.337677985 0.002560002 0.999971688 0.007083765 -0.582390964 -0.001569933 -0.007079760 0.999973714 16.492177963
0.999996722 -0.001943464 0.001688912 0.350568235 0.001931164 0.999971926 0.007253713 -0.590442181 -0.001702962 -0.007250428 0.999972284 16.951848984
0.999996126 -0.002066625 0.001835408 0.361333013 0.002053479 0.999972463 0.007135344 -0.601408422 -0.001850104 -0.007131548 0.999972880 17.405977249
0.999995172 -0.002881867 0.001129494 0.383949518 0.002873689 0.999970198 0.007176090 -0.597359359 -0.001150141 -0.007172811 0.999973595 17.881000519
0.999994576 -0.001919945 0.002681358 0.377982467 0.001900566 0.999972284 0.007211138 -0.606628239 -0.002695130 -0.007206003 0.999970376 18.386070251
0.999993980 -0.002617108 0.002246938 0.382836223 0.002597879 0.999960363 0.008518463 -0.664825916 -0.002269143 -0.008512575 0.999961197 18.747865677
0.999989808 -0.004144936 0.001799682 0.398183554 0.004129900 0.999957204 0.008279757 -0.675169468 -0.001833925 -0.008272239 0.999964118 19.216749191
0.999994516 -0.002295232 0.002390548 0.406769842 0.002273787 0.999957442 0.008935267 -0.692540467 -0.002410955 -0.008929782 0.999957204 19.704481125
0.999994338 -0.002385851 0.002376202 0.403407574 0.002364003 0.999955297 0.009155327 -0.709590435 -0.002397939 -0.009149658 0.999955237 20.210292816
0.999992311 -0.003230637 0.002216792 0.412139595 0.003210468 0.999953985 0.009042230 -0.727021813 -0.002245902 -0.009035043 0.999956667 20.648691177
0.999993503 -0.002964361 0.002017361 0.418063581 0.002947033 0.999959171 0.008539024 -0.724230349 -0.002042591 -0.008533022 0.999961555 21.155843735
0.999994576 -0.002959353 0.001461998 0.430593163 0.002946690 0.999958813 0.008588268 -0.737660408 -0.001487353 -0.008583914 0.999962032 21.679494858
0.999993682 -0.003328147 0.001283386 0.433551013 0.003315187 0.999944866 0.009971675 -0.769989848 -0.001316502 -0.009967357 0.999949515 22.172910690
0.999988317 -0.004816099 -0.000129151 0.438766986 0.004817087 0.999945581 0.009250250 -0.773593783 0.000084594 -0.009250764 0.999957204 22.632831573
0.999985456 -0.005228091 -0.001322594 0.450215966 0.005240281 0.999942243 0.009387535 -0.790140390 0.001273439 -0.009394330 0.999955058 23.165115356
0.999984324 -0.005468904 -0.001183356 0.446281105 0.005479532 0.999942899 0.009173088 -0.798671484 0.001133122 -0.009179429 0.999957204 23.725545883
0.999990761 -0.003898517 -0.001784833 0.448611021 0.003914637 0.999950767 0.009119428 -0.816311240 0.001749193 -0.009126332 0.999956846 24.275930405
0.999988496 -0.004211634 -0.002283819 0.448531747 0.004233874 0.999942780 0.009822559 -0.834251881 0.002242320 -0.009832116 0.999949157 24.692352295
0.999980628 -0.005300854 -0.003258483 0.457184911 0.005333333 0.999935329 0.010040830 -0.844272912 0.003205047 -0.010058014 0.999944270 25.224681854
0.999981701 -0.005030003 -0.003364690 0.460705400 0.005063368 0.999937415 0.009982297 -0.854450762 0.003314268 -0.009999151 0.999944448 25.764503479
0.999968290 -0.006377911 -0.004759531 0.503538549 0.006427858 0.999923646 0.010553530 -0.852626562 0.004691857 -0.010583790 0.999933004 26.315780640
0.999970078 -0.006268767 -0.004535613 0.469655097 0.006318783 0.999918461 0.011098464 -0.902672291 0.004465670 -0.011126792 0.999928057 26.837242126
0.999965131 -0.006338425 -0.005438503 0.488876939 0.006400206 0.999914289 0.011418602 -0.923532724 0.005365661 -0.011453011 0.999919951 27.380741119
0.999971807 -0.005759074 -0.004812149 0.486878097 0.005816085 0.999912083 0.011918546 -0.931062222 0.004743086 -0.011946198 0.999917328 27.937206268
0.999965549 -0.006105059 -0.005635729 0.504842877 0.006169917 0.999914110 0.011563670 -0.934508860 0.005564647 -0.011598044 0.999917269 28.484291077
0.999961317 -0.006356088 -0.006082451 0.499102771 0.006428212 0.999908507 0.011912480 -0.952573299 0.006006178 -0.011951118 0.999910533 28.952562332
0.999962151 -0.006085961 -0.006215794 0.504852235 0.006159849 0.999909759 0.011938022 -0.960099936 0.006142579 -0.011975857 0.999909401 29.493463516
0.999956310 -0.006519771 -0.006701202 0.509081125 0.006600237 0.999905467 0.012056598 -0.975859523 0.006621962 -0.012100297 0.999904871 30.035980225
0.999955893 -0.006258714 -0.007005795 0.525467038 0.006348596 0.999896824 0.012881895 -1.039471865 0.006924449 -0.012925805 0.999892473 30.524915695
0.999959230 -0.005773407 -0.006948591 0.532828093 0.005863974 0.999897242 0.013084798 -1.052608967 0.006872333 -0.013125012 0.999890268 31.063510895
0.999946952 -0.007133516 -0.007441288 0.556068242 0.007229342 0.999890327 0.012931115 -1.068617940 0.007348226 -0.012984223 0.999888718 31.625316620
0.999953568 -0.006109883 -0.007451164 0.522632658 0.006202870 0.999902308 0.012520743 -1.033991456 0.007373937 -0.012566379 0.999893904 32.165267944
0.999954820 -0.005805460 -0.007516565 0.524419785 0.005906020 0.999892354 0.013426078 -1.086081266 0.007437813 -0.013469866 0.999881625 32.641063690
0.999957204 -0.005528262 -0.007418380 0.520058930 0.005628866 0.999891579 0.013609793 -1.095678091 0.007342337 -0.013650969 0.999879837 33.209941864
0.999964833 -0.004664605 -0.006969866 0.523218513 0.004761144 0.999892056 0.013899096 -1.113249898 0.006904279 -0.013931792 0.999879122 33.759540558
0.999954998 -0.005637460 -0.007622707 0.544939756 0.005742905 0.999887168 0.013882571 -1.109288692 0.007543584 -0.013925724 0.999874592 34.263206482
0.999946535 -0.006024692 -0.008397789 0.536289513 0.006139324 0.999887407 0.013691957 -1.131544590 0.008314352 -0.013742779 0.999871016 34.783912659
0.999942303 -0.006351621 -0.008660074 0.532747149 0.006471520 0.999882638 0.013888005 -1.143380880 0.008570846 -0.013943249 0.999866068 35.346256256
0.999953210 -0.005219306 -0.008146395 0.531798303 0.005332419 0.999888837 0.013925744 -1.150583863 0.008072807 -0.013968533 0.999869883 35.875816345
0.999960959 -0.004535851 -0.007591526 0.533220887 0.004639673 0.999895215 0.013714842 -1.156485677 0.007528523 -0.013749530 0.999877095 36.418903351
0.999952018 -0.005934641 -0.007795976 0.549718678 0.006041011 0.999888003 0.013692270 -1.168804884 0.007713844 -0.013738709 0.999875903 37.048473358
0.999955952 -0.004840337 -0.008045473 0.567937076 0.004953531 0.999888241 0.014109320 -1.170532465 0.007976281 -0.014148552 0.999868155 37.541728973
0.999947548 -0.006509318 -0.007897954 0.554402113 0.006625263 0.999869347 0.014744237 -1.201289892 0.007800946 -0.014795792 0.999860168 38.060222626
0.999931991 -0.007433577 -0.008984687 0.548389971 0.007571202 0.999853015 0.015381973 -1.232885361 0.008869023 -0.015448952 0.999841332 38.446533203
0.999936700 -0.006986130 -0.008822742 0.569967031 0.007123543 0.999852359 0.015640661 -1.242898941 0.008712173 -0.015702520 0.999838769 39.009059906
0.999930382 -0.007514299 -0.009091162 0.580441833 0.007657144 0.999846101 0.015781090 -1.258328199 0.008971180 -0.015849605 0.999834120 39.565185547
0.999931395 -0.007459008 -0.009028628 0.589216948 0.007604996 0.999839067 0.016244495 -1.288078904 0.008906008 -0.016312044 0.999827325 40.161273956
0.999939799 -0.006251493 -0.009024891 0.593299508 0.006387864 0.999864578 0.015161486 -1.268628001 0.008928888 -0.015218222 0.999844372 40.726058960
0.999927163 -0.007563264 -0.009404183 0.598196268 0.007720630 0.999828875 0.016811458 -1.296663046 0.009275423 -0.016882842 0.999814451 41.241550446
0.999937654 -0.006248004 -0.009251499 0.645530343 0.006404067 0.999836028 0.016936585 -1.317048550 0.009144161 -0.016994778 0.999813795 41.863128662
0.999928236 -0.007717231 -0.009166806 0.586853445 0.007867884 0.999832690 0.016513782 -1.283710241 0.009037831 -0.016584719 0.999821603 42.314579010
0.999926567 -0.007487472 -0.009520762 0.591381192 0.007652238 0.999819517 0.017389063 -1.346725345 0.009388844 -0.017460644 0.999803424 42.729991913
0.999922454 -0.007676142 -0.009797076 0.594793618 0.007839102 0.999829769 0.016705083 -1.348575354 0.009667178 -0.016780591 0.999812424 43.268131256
0.999915063 -0.008212055 -0.010117397 0.604858875 0.008375790 0.999832809 0.016248763 -1.346598387 0.009982272 -0.016332123 0.999816775 43.816299438
0.999912858 -0.007906385 -0.010574187 0.618340850 0.008079465 0.999832392 0.016426820 -1.345530272 0.010442539 -0.016510820 0.999809146 44.349586487
0.999910593 -0.007981130 -0.010731668 0.644135952 0.008152615 0.999838173 0.016031679 -1.345664024 0.010601982 -0.016117737 0.999813914 44.906196594
0.999916017 -0.008371756 -0.009894197 0.625483632 0.008543382 0.999811471 0.017433006 -1.387444973 0.009746388 -0.017516073 0.999799013 45.385433197
0.999922931 -0.007988276 -0.009505766 0.620214880 0.008151484 0.999817908 0.017256329 -1.393629313 0.009366184 -0.017332485 0.999805808 45.937171936
0.999924719 -0.007455657 -0.009743853 0.622420073 0.007617449 0.999831855 0.016674269 -1.388314009 0.009617898 -0.016747238 0.999813437 46.489788055
0.999924958 -0.007936925 -0.009332145 0.617013395 0.008091150 0.999829352 0.016606204 -1.396504045 0.009198751 -0.016680466 0.999818504 47.019409180
0.999915183 -0.008519948 -0.009851291 0.645167947 0.008686244 0.999818385 0.016962945 -1.401121616 0.009704978 -0.017047077 0.999807596 47.517093658
0.999914825 -0.008143076 -0.010194094 0.644055605 0.008316746 0.999818921 0.017111462 -1.417053461 0.010052907 -0.017194785 0.999801636 47.977527618
0.999920547 -0.007941215 -0.009796694 0.649549246 0.008100498 0.999833822 0.016327687 -1.416325450 0.009665405 -0.016405746 0.999818683 48.530067444
0.999900103 -0.009271496 -0.010675685 0.664148927 0.009446852 0.999819279 0.016494008 -1.427175283 0.010520833 -0.016593212 0.999806941 49.080764771
0.999918997 -0.008007520 -0.009896414 0.665824413 0.008167960 0.999834061 0.016279206 -1.423621893 0.009764417 -0.016358718 0.999818504 49.648529053
0.999912739 -0.008363471 -0.010224265 0.672570765 0.008543876 0.999806285 0.017730292 -1.448973656 0.010073997 -0.017816102 0.999790490 50.055057526
0.999914408 -0.007927682 -0.010406905 0.670019507 0.008112034 0.999808788 0.017793208 -1.454315186 0.010263856 -0.017876107 0.999787509 50.594341278
0.999915779 -0.007725810 -0.010434913 0.675611973 0.007909412 0.999812543 0.017669920 -1.464408159 0.010296443 -0.017750965 0.999789417 51.147377014
0.999917328 -0.007981239 -0.010079672 0.683090925 0.008157622 0.999812126 0.017580600 -1.462024927 0.009937462 -0.017661374 0.999794602 51.588768005
0.999913037 -0.008120105 -0.010394676 0.684148610 0.008300901 0.999812901 0.017469810 -1.468616366 0.010250874 -0.017554576 0.999793291 52.132289886
0.999915421 -0.007776994 -0.010426585 0.712595642 0.007948232 0.999832511 0.016483534 -1.460032701 0.010296646 -0.016565014 0.999809802 52.683742523
0.999919772 -0.007752458 -0.010009361 0.692155123 0.007921679 0.999824405 0.016978698 -1.475377321 0.009875978 -0.017056629 0.999805748 53.220600128
0.999923766 -0.007394591 -0.009886462 0.697745264 0.007571313 0.999809980 0.017958829 -1.497554541 0.009751788 -0.018032312 0.999789834 53.643032074
0.999920309 -0.007504183 -0.010154351 0.713366628 0.007684034 0.999812126 0.017790144 -1.495960593 0.010018944 -0.017866753 0.999790192 54.195781708
0.999920726 -0.007786100 -0.009889409 0.708244741 0.007957160 0.999817312 0.017377317 -1.500777364 0.009752301 -0.017454635 0.999800026 54.745723724
0.999915600 -0.007894509 -0.010310817 0.742971957 0.008069579 0.999822021 0.017049659 -1.491705775 0.010174383 -0.017131427 0.999801457 55.259868622
0.999926448 -0.007192923 -0.009757726 0.709913015 0.007370091 0.999806345 0.018243885 -1.513386488 0.009624612 -0.018314458 0.999785960 55.644405365
0.999932230 -0.006635893 -0.009562266 0.705677807 0.006807294 0.999814689 0.018005060 -1.527050614 0.009441016 -0.018068934 0.999792159 56.192699432
0.999931991 -0.006898003 -0.009395134 0.725762725 0.007056972 0.999830663 0.016993616 -1.516646385 0.009276321 -0.017058762 0.999811471 56.746757507
0.999927938 -0.007247024 -0.009565876 0.732165575 0.007414269 0.999818206 0.017565463 -1.522271752 0.009436840 -0.017635122 0.999799967 57.312416077
0.999914944 -0.008277307 -0.010071688 0.739712417 0.008445002 0.999824524 0.016722977 -1.515784860 0.009931499 -0.016806610 0.999809444 57.838951111
0.999917865 -0.008162444 -0.009879296 0.706241846 0.008337870 0.999805927 0.017847916 -1.551469326 0.009731698 -0.017928820 0.999791920 58.242542267
0.999910772 -0.008600016 -0.010221113 0.721609533 0.008779422 0.999805868 0.017639026 -1.548574924 0.010067431 -0.017727189 0.999792218 58.815979004
0.999911368 -0.008705281 -0.010069333 0.715842485 0.008880984 0.999806643 0.017538363 -1.563504934 0.009914712 -0.017626233 0.999795437 59.328613281
0.999909937 -0.008376647 -0.010479026 0.770330548 0.008565294 0.999799669 0.018088726 -1.581642270 0.010325404 -0.018176852 0.999781430 59.801708221
0.999913394 -0.008542371 -0.010007123 0.720645487 0.008718904 0.999804676 0.017731944 -1.585096955 0.009853696 -0.017817659 0.999792755 60.422870636
0.999909699 -0.008601767 -0.010321789 0.731631994 0.008782204 0.999807119 0.017565057 -1.586303473 0.010168708 -0.017654117 0.999792397 60.948066711
0.999921858 -0.008156667 -0.009471249 0.683521569 0.008328794 0.999798238 0.018278668 -1.587146163 0.009320244 -0.018356126 0.999787986 61.382938385
0.999923885 -0.008318842 -0.009119231 0.682811916 0.008488635 0.999788344 0.018741528 -1.608351231 0.008961393 -0.018817509 0.999782681 61.927825928
0.999926746 -0.008015410 -0.009068615 0.670864522 0.008185290 0.999788761 0.018853458 -1.630358696 0.008915582 -0.018926306 0.999781132 62.468120575
0.999924123 -0.008241373 -0.009146465 0.684927583 0.008412673 0.999786854 0.018850880 -1.634784818 0.008989159 -0.018926399 0.999780476 63.007045746
0.999916315 -0.008621850 -0.009643953 0.670830607 0.008804798 0.999778926 0.019091515 -1.647027731 0.009477219 -0.019174829 0.999771237 63.535903931
0.999917626 -0.008468609 -0.009637452 0.734748483 0.008637667 0.999807119 0.017637450 -1.596331120 0.009486228 -0.017719246 0.999798000 64.081130981
0.999910593 -0.009214349 -0.009690550 0.722821534 0.009389314 0.999790847 0.018167481 -1.634436369 0.009521120 -0.018256843 0.999787986 64.523437500
0.999915898 -0.008615954 -0.009695497 0.728296459 0.008792947 0.999792695 0.018363072 -1.644738555 0.009535272 -0.018446779 0.999784350 65.074867249
0.999928296 -0.008113894 -0.008807481 0.719966650 0.008272710 0.999800980 0.018147985 -1.646264195 0.008658480 -0.018219544 0.999796450 65.633659363
0.999914289 -0.008811675 -0.009684309 0.740736127 0.008993994 0.999779999 0.018946882 -1.668253064 0.009515224 -0.019032355 0.999773562 66.152442932
0.999888897 -0.010677814 -0.010403794 0.777264476 0.010878184 0.999752700 0.019396896 -1.658859730 0.010194107 -0.019507913 0.999757648 66.718315125
0.999904633 -0.009410357 -0.010102635 0.747892201 0.009600580 0.999774337 0.018948728 -1.680545449 0.009922042 -0.019043913 0.999769390 67.098190308
0.999921679 -0.007918848 -0.009693142 0.760601521 0.008102311 0.999785960 0.019036438 -1.697252989 0.009540324 -0.019113487 0.999771833 67.617126465
0.999915957 -0.008563053 -0.009724746 0.766543567 0.008741846 0.999790728 0.018494302 -1.692663431 0.009564343 -0.018577760 0.999781728 68.183219910
0.999906361 -0.009114532 -0.010209273 0.781255007 0.009300466 0.999788940 0.018315297 -1.693424702 0.010040184 -0.018408533 0.999780118 68.695785522
0.999903679 -0.009349200 -0.010259460 0.791735232 0.009538501 0.999782145 0.018560212 -1.702059507 0.010083702 -0.018656280 0.999775171 69.222763062
0.999916434 -0.008499611 -0.009751871 0.776409447 0.008687754 0.999773681 0.019415447 -1.724822640 0.009584642 -0.019498538 0.999763966 69.627929688
0.999918818 -0.008278333 -0.009690011 0.784015775 0.008463208 0.999779940 0.019195925 -1.733875275 0.009528968 -0.019276369 0.999768853 70.176467896
0.999922276 -0.007789601 -0.009731768 0.791469276 0.007974025 0.999786615 0.019057875 -1.742200136 0.009581237 -0.019133996 0.999771059 70.737266541
0.999920189 -0.008259180 -0.009555936 0.785167992 0.008438477 0.999786198 0.018877219 -1.740786910 0.009397983 -0.018956350 0.999776125 71.301582336
0.999932230 -0.007303402 -0.009063200 0.791500628 0.007479448 0.999780953 0.019544769 -1.752773046 0.008918472 -0.019611226 0.999767959 71.955673218
0.999909937 -0.009291820 -0.009677167 0.804462016 0.009484255 0.999754250 0.020033071 -1.764258981 0.009488645 -0.020123046 0.999752462 72.262268066
0.999918580 -0.008566249 -0.009453799 0.807742596 0.008749839 0.999770522 0.019552359 -1.764660478 0.009284137 -0.019633487 0.999764144 72.803230286
0.999927640 -0.007764806 -0.009189465 0.787223041 0.007951635 0.999758720 0.020471862 -1.778900027 0.009028288 -0.020543447 0.999748170 73.349128723
0.999906421 -0.009064734 -0.010242987 0.864352524 0.009269536 0.999754429 0.020126842 -1.794700265 0.010058028 -0.020219907 0.999744952 73.829833984
0.999915719 -0.008658117 -0.009672767 0.847167850 0.008847056 0.999767423 0.019664066 -1.796489358 0.009500262 -0.019747980 0.999759912 74.318061829
0.999906838 -0.009432064 -0.009866827 0.826775014 0.009624680 0.999760330 0.019659502 -1.787965298 0.009679033 -0.019752633 0.999758065 74.841232300
0.999895513 -0.009699867 -0.010725041 0.841305912 0.009914842 0.999747276 0.020176034 -1.794666767 0.010526625 -0.020280262 0.999738932 75.388824463
0.999898672 -0.009726954 -0.010405284 0.824381173 0.009928650 0.999760389 0.019511160 -1.795386434 0.010213007 -0.019612486 0.999755561 75.992134094
0.999887109 -0.010579091 -0.010673866 0.870360792 0.010785025 0.999753177 0.019423539 -1.780739307 0.010465749 -0.019536464 0.999754369 76.460945129
0.999911427 -0.008914121 -0.009888663 0.865971267 0.009114642 0.999749959 0.020421542 -1.827158689 0.009704148 -0.020509863 0.999742627 76.984344482
0.999921501 -0.008722121 -0.008995258 0.789050817 0.008895678 0.999771535 0.019438120 -1.793589830 0.008823660 -0.019516611 0.999770641 77.612968445
0.999931693 -0.008438907 -0.008088387 0.828772604 0.008597890 0.999766588 0.019826932 -1.820700765 0.007919180 -0.019895121 0.999770701 77.973609924
0.999947488 -0.008275907 -0.006041210 0.820624232 0.008392824 0.999772906 0.019591521 -1.827643991 0.005877700 -0.019641194 0.999789774 78.532417297
0.999946177 -0.008880360 -0.005370148 0.844942808 0.008983325 0.999770224 0.019463427 -1.834746122 0.005196073 -0.019510621 0.999796152 79.101539612
0.999964058 -0.007592942 -0.003774711 0.822136760 0.007669805 0.999754608 0.020783164 -1.864810586 0.003615980 -0.020811364 0.999776840 79.648712158
0.999969125 -0.007617566 -0.001931733 0.899529934 0.007653938 0.999779046 0.019577365 -1.868189454 0.001782174 -0.019591546 0.999806464 80.097618103
0.999968052 -0.007623721 0.002403891 0.865883172 0.007572988 0.999762297 0.020450743 -1.845434904 -0.002559229 -0.020431882 0.999787986 80.586433411
0.999955714 -0.007673063 0.005442284 0.898885012 0.007560122 0.999761879 0.020477768 -1.857223749 -0.005598115 -0.020435717 0.999775529 81.154953003
0.999928713 -0.007212313 0.009519418 0.925054729 0.007019049 0.999771714 0.020181661 -1.846491814 -0.009662802 -0.020113403 0.999751031 81.684135437
0.999852180 -0.006787906 0.015793087 0.935507238 0.006459636 0.999763906 0.020744603 -1.871775746 -0.015930172 -0.020639520 0.999660075 82.230400085
0.999724686 -0.006838991 0.022444155 0.971776843 0.006377184 0.999767780 0.020583276 -1.859235525 -0.022579713 -0.020434475 0.999536216 82.734550476
0.999594688 -0.006797920 0.027645152 0.970378399 0.006217392 0.999759495 0.021031277 -1.890652895 -0.027781472 -0.020850874 0.999396682 83.228904724
0.999315619 -0.006675381 0.036383502 1.010260820 0.005911726 0.999760866 0.021056365 -1.890734792 -0.036515359 -0.020826865 0.999116063 83.779235840
0.998974383 -0.005763313 0.044909820 1.055435896 0.004815556 0.999764025 0.021183245 -1.902582407 -0.045021303 -0.020945255 0.998766482 84.317733765
0.998640954 -0.006390083 0.051723503 1.097699404 0.005290773 0.999757826 0.021362670 -1.909657717 -0.051847480 -0.021059984 0.998432994 84.853775024
0.998128772 -0.006172489 0.060835928 1.144482136 0.004931408 0.999777079 0.020529529 -1.902823329 -0.060949087 -0.020191107 0.997936726 85.446762085
0.997468770 -0.007359930 0.070722617 1.216903210 0.005920927 0.999771655 0.020535257 -1.917304277 -0.070857607 -0.020064540 0.997284591 85.995048523
0.996836126 -0.007897905 0.079090491 1.258368969 0.006191600 0.999743283 0.021796133 -1.956151605 -0.079242326 -0.021237478 0.996629119 86.449691772
0.996120453 -0.006974565 0.087723486 1.322424889 0.005108397 0.999756277 0.021479843 -1.958508015 -0.087851927 -0.020948384 0.995913267 86.998779297
0.995086849 -0.006537138 0.098788284 1.393452168 0.004383646 0.999748468 0.022000412 -1.957060337 -0.098907232 -0.021459270 0.994865239 87.556556702
0.994071245 -0.006702084 0.108523466 1.503126144 0.004299558 0.999740839 0.022357181 -1.991140962 -0.108645171 -0.021758027 0.993842483 88.029434204
0.993074059 -0.007684429 0.117237955 1.587011337 0.005052421 0.999728918 0.022730829 -1.997496128 -0.117380828 -0.021981064 0.992843747 88.482063293
0.991686702 -0.007869106 0.128434181 1.587700844 0.005009020 0.999732673 0.022576720 -1.963973999 -0.128577486 -0.021745710 0.991461098 88.960334778
0.990032256 -0.008631534 0.140576258 1.699467659 0.005598862 0.999743223 0.021954386 -1.974913955 -0.140729651 -0.020948477 0.989826560 89.614791870
0.988354802 -0.008569323 0.151926011 1.803869247 0.005347394 0.999752283 0.021603150 -1.976019621 -0.152073488 -0.020539168 0.988155842 90.164962769
0.986881971 -0.008750759 0.161206007 1.917543411 0.005250528 0.999741316 0.022126004 -1.980927587 -0.161357939 -0.020989336 0.986672699 90.708908081
0.984836757 -0.009249956 0.173236534 2.038909912 0.005509048 0.999741435 0.022062613 -1.978207946 -0.173395813 -0.020773705 0.984633148 91.257751465
0.982466578 -0.007819415 0.186274871 2.157074928 0.003741138 0.999745786 0.022235332 -1.987047672 -0.186401397 -0.021148594 0.982246101 91.831932068
0.980498433 -0.008924275 0.196324110 2.341203690 0.004790575 0.999756813 0.021520302 -1.981814742 -0.196468428 -0.020160118 0.980302930 92.382453918
0.977698326 -0.007403330 0.209884018 2.506233215 0.002751880 0.999744296 0.022445384 -2.029319048 -0.209996521 -0.021367237 0.977468669 92.959312439
0.974725485 -0.007827459 0.223269045 2.708675385 0.002834589 0.999738872 0.022674290 -2.031994820 -0.223388255 -0.021468332 0.974493206 93.423713684
0.971756160 -0.009674126 0.235788837 2.573455811 0.004579939 0.999744415 0.022142977 -1.904741049 -0.235942766 -0.020437678 0.971552014 93.737274170
0.968826056 -0.009310060 0.247566938 2.742284775 0.003904183 0.999743283 0.022317981 -1.912228107 -0.247711167 -0.020655699 0.968613744 94.250099182
0.965189338 -0.009790222 0.261368930 2.923643112 0.003921394 0.999728560 0.022966307 -1.933805466 -0.261522800 -0.021141902 0.964965701 94.733345032
0.961514175 -0.008088809 0.274636269 3.106311798 0.001943200 0.999741673 0.022641975 -1.939842224 -0.274748445 -0.021236908 0.961281538 95.245948792
0.958500922 -0.011073923 0.284874558 3.275943756 0.004817133 0.999731719 0.022654623 -1.940850258 -0.285049021 -0.020342199 0.958297014 95.835487366
0.953961194 -0.010527971 0.299745321 3.425699234 0.003856326 0.999731660 0.022840599 -1.932541847 -0.299905300 -0.020633129 0.953745782 96.319030762
0.949425638 -0.010118986 0.313829094 3.624395370 0.003037597 0.999729812 0.023045281 -1.938493967 -0.313977540 -0.020926492 0.949199736 96.841796875
0.945611894 -0.011492228 0.325094134 3.827571869 0.004356244 0.999733508 0.022669891 -1.934548616 -0.325268090 -0.020020731 0.945409894 97.357223511
0.941058993 -0.011034671 0.338062644 4.011009216 0.003657314 0.999741256 0.022451660 -1.941947460 -0.338222861 -0.019891934 0.940855682 97.844421387
0.935921073 -0.011081981 0.352035552 4.243150711 0.003115223 0.999726176 0.023188977 -1.955079079 -0.352196217 -0.020606380 0.935699284 98.372840881
0.931179941 -0.011480869 0.364379048 4.453565598 0.003002395 0.999711573 0.023826249 -1.967417479 -0.364547521 -0.021092515 0.930945873 98.908905029
0.926719844 -0.012605788 0.375541568 4.675645828 0.004363077 0.999730706 0.022791203 -1.930359364 -0.375727743 -0.019482542 0.926525235 99.364807129
0.920247972 -0.011625622 0.391163141 4.736610413 0.002828609 0.999730110 0.023058061 -1.918980837 -0.391325623 -0.020112686 0.920032382 99.687973022
0.915060520 -0.011913330 0.403140575 5.113422394 0.002477807 0.999710798 0.023918562 -1.965932608 -0.403308958 -0.020888025 0.914825439 100.370735168
0.910481274 -0.012706843 0.413355052 5.360534668 0.003001920 0.999704540 0.024119455 -1.972633123 -0.413539410 -0.020719452 0.910250485 100.845748901
0.904707015 -0.012385517 0.425854027 5.629108429 0.002573575 0.999718010 0.023608305 -1.957889795 -0.426026344 -0.020262634 0.904483795 101.395889282
0.897968411 -0.011832384 0.439900815 5.901706696 0.001746105 0.999726355 0.023326162 -1.962601662 -0.440056503 -0.020178044 0.897743225 101.910537720
0.891879737 -0.012362490 0.452103823 6.151626587 0.001845883 0.999717593 0.023695204 -1.987836599 -0.452269107 -0.020298740 0.891650617 102.342697144
0.886015177 -0.012187206 0.463495880 6.444988251 0.001536014 0.999726117 0.023350665 -1.990846872 -0.463653475 -0.019977108 0.885791302 102.830245972
0.879045606 -0.012895199 0.476563275 6.652816772 0.002226894 0.999734342 0.022943918 -1.967741728 -0.476732582 -0.019107495 0.878840804 103.213882446
0.871836245 -0.014050787 0.489595801 6.988388062 0.002488490 0.999702632 0.024258893 -1.982209206 -0.489790946 -0.019931428 0.871612012 103.828994751
