1.000000000 0.000000000 0.000000000 0.000000000 0.000000000 1.000000000 0.000000000 0.000000000 0.000000000 0.000000000 1.000000000 0.000000000
1.000000000 0.000022688 -0.000021277 0.000444024 -0.000022689 1.000000000 -0.000038032 0.000772561 0.000021276 0.000038033 1.000000000 0.000389112
1.000000000 0.000027691 0.000033123 -0.000056526 -0.000027692 1.000000000 0.000036437 0.000067190 -0.000033122 -0.000036438 1.000000000 0.000086103
1.000000000 -0.000128995 0.000060220 -0.000078526 0.000128996 1.000000000 -0.000024197 0.000755528 -0.000060217 0.000024205 1.000000000 0.000119867
1.000000000 -0.000151949 0.000048020 -0.000131538 0.000151948 1.000000000 0.000027592 -0.000134052 -0.000048024 -0.000027585 1.000000000 -0.000564473
1.000000000 0.000027163 0.000119667 -0.000472712 -0.000027160 1.000000000 -0.000028280 0.000830070 -0.000119668 0.000028276 1.000000000 0.000065050
1.000000000 -0.000088100 0.000073818 0.000135000 0.000088100 1.000000000 -0.000007106 0.000510481 -0.000073818 0.000007113 1.000000000 0.000256369
1.000000000 0.000020271 0.000049760 -0.000445769 -0.000020275 1.000000000 0.000082098 -0.000057488 -0.000049759 -0.000082099 1.000000000 -0.000122818
1.000000000 -0.000012933 -0.000005148 -0.000738336 0.000012933 1.000000000 -0.000061889 -0.000166146 0.000005149 0.000061888 1.000000000 -0.001094103
1.000000000 -0.000046214 0.000080987 -0.000088754 0.000046211 1.000000000 0.000040928 -0.000724893 -0.000080989 -0.000040925 1.000000000 -0.000410948
1.000000000 0.000072026 0.000053060 -0.000834151 -0.000072029 1.000000000 0.000056692 -0.000900465 -0.000053056 -0.000056696 1.000000000 -0.000636300
1.000000000 -0.000032776 0.000069641 -0.000907779 0.000032773 1.000000000 0.000039907 -0.000339430 -0.000069643 -0.000039905 1.000000000 -0.000865823
1.000000000 0.000053409 0.000033275 -0.000812226 -0.000053406 1.000000000 -0.000075491 -0.000338751 -0.000033279 0.000075489 1.000000000 -0.001540909
1.000000000 0.000042949 0.000069554 -0.000992765 -0.000042947 1.000000000 -0.000028479 0.000497356 -0.000069556 0.000028476 1.000000000 0.000294791
1.000000000 0.000029400 0.000047640 -0.000966655 -0.000029394 1.000000000 -0.000116210 0.001250813 -0.000047644 0.000116208 1.000000000 0.000887132
1.000000000 -0.000009587 -0.000039072 0.000370959 0.000009583 1.000000000 -0.000079242 0.001295281 0.000039073 0.000079242 1.000000000 0.001332234
1.000000000 0.000087879 0.000107086 -0.001003640 -0.000087862 1.000000000 -0.000158043 0.002313323 -0.000107100 0.000158034 1.000000000 0.002549609
1.000000000 0.000169208 0.000079545 -0.001305450 -0.000169195 1.000000000 -0.000166383 0.001871195 -0.000079573 0.000166370 1.000000000 0.001594543
0.999999940 0.000188689 0.000158207 -0.001553510 -0.000188673 1.000000000 -0.000100780 0.001953819 -0.000158226 0.000100750 1.000000000 0.002277565
1.000000000 0.000089924 0.000152362 -0.001408038 -0.000089910 1.000000000 -0.000092232 0.000982927 -0.000152371 0.000092219 1.000000000 0.001283263
1.000000000 0.000027703 0.000077164 -0.001078720 -0.000027701 1.000000000 -0.000030846 0.000363830 -0.000077165 0.000030843 1.000000000 0.000736323
1.000000000 0.000157632 0.000052218 -0.000787557 -0.000157631 1.000000000 -0.000027693 0.001288374 -0.000052223 0.000027685 1.000000000 0.000941625
1.000000000 0.000119150 0.000016985 -0.000620015 -0.000119149 1.000000000 -0.000079123 0.001451997 -0.000016994 0.000079121 1.000000000 0.002235896
1.000000000 0.000109280 0.000086022 -0.001262515 -0.000109274 1.000000000 -0.000069947 0.001715039 -0.000086030 0.000069938 1.000000000 0.002454895
0.999999940 0.000350455 0.000048885 -0.001137092 -0.000350452 0.999999940 -0.000054807 0.002419667 -0.000048905 0.000054789 1.000000000 0.003734722
0.999999940 0.000252537 0.000110022 -0.001512170 -0.000252531 0.999999940 -0.000060476 0.002312675 -0.000110038 0.000060448 1.000000000 0.001973980
1.000000000 0.000062734 0.000105036 -0.000469210 -0.000062727 1.000000000 -0.000067053 0.002544693 -0.000105040 0.000067047 1.000000000 0.003054282
1.000000000 0.000157443 0.000175156 -0.001727933 -0.000157440 1.000000000 -0.000018425 0.001598309 -0.000175159 0.000018397 1.000000000 0.002419613
1.000000000 0.000138346 0.000072285 -0.001224588 -0.000138341 1.000000000 -0.000064786 0.002430552 -0.000072294 0.000064776 1.000000000 0.002386349
1.000000000 0.000059562 0.000093639 -0.001541049 -0.000059554 1.000000000 -0.000079312 0.001244314 -0.000093643 0.000079306 1.000000000 0.001748734
0.999999940 0.000167959 0.000203979 -0.001920053 -0.000167955 1.000000000 -0.000017699 0.001150853 -0.000203982 0.000017664 1.000000000 0.002038051
0.999999940 0.000149168 0.000196181 -0.001441102 -0.000149152 1.000000000 -0.000080857 0.002263814 -0.000196193 0.000080828 1.000000000 0.003802766
1.000000000 0.000221150 0.000102117 -0.000878254 -0.000221129 0.999999940 -0.000208548 0.003464799 -0.000102164 0.000208525 1.000000000 0.003901204
1.000000000 0.000097565 0.000133449 -0.000827180 -0.000097553 1.000000000 -0.000090767 0.001757742 -0.000133458 0.000090754 1.000000000 0.001958209
0.999999940 0.000244671 0.000190163 -0.002556378 -0.000244640 0.999999940 -0.000160256 0.002286115 -0.000190202 0.000160209 0.999999940 0.002647368
0.999999940 0.000167288 0.000178241 -0.001764021 -0.000167273 1.000000000 -0.000088013 0.000982379 -0.000178255 0.000087984 1.000000000 0.001462477
1.000000000 0.000110318 0.000046594 -0.002107771 -0.000110319 1.000000000 0.000014868 0.000503651 -0.000046592 -0.000014873 1.000000000 0.000316547
1.000000000 0.000147615 0.000090783 -0.001549715 -0.000147612 1.000000000 -0.000035783 0.001971049 -0.000090788 0.000035770 1.000000000 0.002437940
1.000000000 0.000156925 0.000160267 -0.002036016 -0.000156916 1.000000000 -0.000058960 0.001637290 -0.000160276 0.000058934 1.000000000 0.001298630
1.000000000 0.000185592 0.000123092 -0.000873247 -0.000185581 1.000000000 -0.000095685 0.002896202 -0.000123110 0.000095663 1.000000000 0.003219311
1.000000000 0.000011240 0.000071168 0.000272253 -0.000011233 1.000000000 -0.000097684 0.000880644 -0.000071169 0.000097683 1.000000000 0.002611296
0.999999881 0.000413427 0.000048710 0.001065807 -0.000413417 0.999999821 -0.000203369 -0.006366586 -0.000048794 0.000203348 1.000000000 0.048852310
0.999999940 0.000370313 0.000116695 0.002342075 -0.000370216 0.999999523 -0.000828912 -0.007063181 -0.000117002 0.000828869 0.999999702 0.138571590
0.999999583 0.000832946 -0.000056886 0.002571146 -0.000832991 0.999999344 -0.000790806 -0.012866692 0.000056227 0.000790853 0.999999702 0.250231981
0.999999583 0.000882722 0.000004032 0.005092034 -0.000882719 0.999999285 -0.000781054 -0.015035649 -0.000004722 0.000781050 0.999999702 0.383155763
0.999999881 0.000445085 0.000029591 0.008790301 -0.000445068 0.999999762 -0.000572916 -0.018558010 -0.000029846 0.000572902 0.999999821 0.527024150
0.999999881 0.000200260 0.000033109 0.012462274 -0.000200246 0.999999881 -0.000440338 -0.023892367 -0.000033197 0.000440331 0.999999881 0.678024769
0.999999940 0.000244169 0.000109642 0.019033423 -0.000244148 0.999999940 -0.000185309 -0.027138399 -0.000109687 0.000185282 1.000000000 0.839588284
0.999999881 0.000398729 0.000074054 0.020491596 -0.000398725 0.999999821 -0.000059636 -0.031372026 -0.000074078 0.000059607 1.000000000 1.009747744
0.999999881 0.000226423 -0.000038451 0.025531003 -0.000226426 0.999999881 -0.000074226 -0.035407685 0.000038434 0.000074235 1.000000000 1.182171345
0.999999762 0.000547769 0.000193599 0.023363350 -0.000547787 0.999999821 0.000097163 -0.041614540 -0.000193546 -0.000097269 0.999999940 1.356183529
0.999999940 0.000301936 0.000127894 0.027711684 -0.000301978 0.999999881 0.000326753 -0.047965612 -0.000127795 -0.000326792 0.999999940 1.549562931
0.999999881 0.000431190 0.000201353 0.029658819 -0.000431286 0.999999821 0.000476909 -0.054015614 -0.000201147 -0.000476996 0.999999881 1.747062683
0.999999881 0.000429334 0.000140049 0.038892593 -0.000429424 0.999999702 0.000639967 -0.059479289 -0.000139774 -0.000640027 0.999999762 1.942307472
0.999999940 0.000153681 0.000235685 0.039266590 -0.000153847 0.999999762 0.000704109 -0.065835655 -0.000235577 -0.000704146 0.999999642 2.145766497
1.000000000 0.000069466 0.000193250 0.045259330 -0.000069582 0.999999821 0.000598556 -0.070688374 -0.000193209 -0.000598569 0.999999821 2.367116451
0.999999940 0.000094498 0.000117362 0.050333530 -0.000094557 0.999999821 0.000499992 -0.074304283 -0.000117315 -0.000500003 0.999999881 2.590567589
0.999999940 -0.000054368 0.000179800 0.053951163 0.000054224 0.999999583 0.000800995 -0.083122715 -0.000179843 -0.000800985 0.999999642 2.812345982
0.999999940 0.000092025 0.000392036 0.058233619 -0.000092280 0.999999762 0.000649732 -0.085762776 -0.000391976 -0.000649768 0.999999702 3.053803921
0.999999940 0.000263094 0.000279009 0.063547373 -0.000263357 0.999999523 0.000941230 -0.097501256 -0.000278761 -0.000941303 0.999999523 3.280690432
0.999999881 0.000123573 0.000450111 0.066824973 -0.000123962 0.999999642 0.000865305 -0.104926743 -0.000450004 -0.000865361 0.999999523 3.531376123
0.999999583 0.000600205 0.000647752 0.069374226 -0.000600652 0.999999523 0.000689268 -0.107698418 -0.000647338 -0.000689657 0.999999464 3.789337873
0.999999762 0.000534074 0.000439399 0.078479074 -0.000534310 0.999999642 0.000538984 -0.113660164 -0.000439111 -0.000539219 0.999999702 4.041372776
0.999999702 0.000432011 0.000666859 0.084609859 -0.000432673 0.999999404 0.000992877 -0.122425728 -0.000666430 -0.000993165 0.999999285 4.297350407
0.999999464 0.000518656 0.000887238 0.086321712 -0.000519787 0.999998987 0.001275175 -0.131483912 -0.000886576 -0.001275635 0.999998868 4.555307865
0.999999642 0.000524327 0.000651358 0.096631967 -0.000524900 0.999999464 0.000880082 -0.136404589 -0.000650897 -0.000880424 0.999999404 4.803833961
0.999999285 0.000640300 0.001013612 0.096666515 -0.000641445 0.999999166 0.001129903 -0.145528108 -0.001012888 -0.001130552 0.999998868 5.049489498
0.999999225 0.000659553 0.001080439 0.101090685 -0.000660813 0.999999046 0.001165945 -0.154234231 -0.001079669 -0.001166658 0.999998748 5.311657906
0.999998868 0.000836987 0.001204024 0.106299184 -0.000838424 0.999998927 0.001193615 -0.161508292 -0.001203024 -0.001194624 0.999998510 5.577710152
0.999998569 0.000868258 0.001428982 0.106319308 -0.000870232 0.999998689 0.001381237 -0.170081273 -0.001427781 -0.001382479 0.999997973 5.844852924
0.999998391 0.001190332 0.001333197 0.113920793 -0.001191830 0.999998689 0.001122556 -0.178341389 -0.001331859 -0.001124143 0.999998510 6.120607376
0.999997973 0.001198431 0.001612961 0.120909326 -0.001200009 0.999998868 0.000978089 -0.180554733 -0.001611787 -0.000980023 0.999998212 6.416703701
0.999997616 0.001336806 0.001688697 0.124315925 -0.001338861 0.999998331 0.001216202 -0.191286579 -0.001687068 -0.001218460 0.999997854 6.699449062
0.999997437 0.001525005 0.001687917 0.130972579 -0.001526724 0.999998450 0.001017916 -0.196255878 -0.001686362 -0.001020490 0.999998033 6.998085022
0.999997735 0.001472853 0.001529834 0.136423081 -0.001474836 0.999998033 0.001295911 -0.211478546 -0.001527923 -0.001298164 0.999997973 7.288006783
0.999997258 0.001401657 0.001867218 0.143683955 -0.001403364 0.999998569 0.000913388 -0.218786508 -0.001865935 -0.000916006 0.999997854 7.591913700
0.999996901 0.001508688 0.001975111 0.148021325 -0.001510451 0.999998391 0.000891210 -0.226183295 -0.001973763 -0.000894191 0.999997675 7.908008575
0.999996662 0.001643512 0.002008523 0.157775655 -0.001645182 0.999998331 0.000829876 -0.236143500 -0.002007156 -0.000833177 0.999997556 8.212502480
0.999997854 0.001170078 0.001724797 0.168939412 -0.001171771 0.999998868 0.000980565 -0.244903132 -0.001723648 -0.000982584 0.999997914 8.529565811
0.999997497 0.001234299 0.001835414 0.168115452 -0.001235953 0.999998808 0.000900420 -0.252474725 -0.001834300 -0.000902686 0.999997914 8.889710426
0.999996722 0.001589146 0.001983027 0.174026325 -0.001591876 0.999997735 0.001375622 -0.271233976 -0.001980836 -0.001378774 0.999997079 9.230040550
0.999995887 0.001910113 0.002119689 0.182351410 -0.001913483 0.999996841 0.001588959 -0.283236146 -0.002116648 -0.001593009 0.999996543 9.566720963
0.999996364 0.001983633 0.001841720 0.189237282 -0.001985965 0.999997139 0.001264837 -0.287325203 -0.001839206 -0.001268490 0.999997497 9.924273491
0.999995828 0.002089570 0.001995977 0.193318024 -0.002092501 0.999996722 0.001467481 -0.298281968 -0.001992904 -0.001471652 0.999996960 10.283579826
0.999995887 0.002102937 0.001936172 0.203410327 -0.002105560 0.999996841 0.001354228 -0.307456046 -0.001933318 -0.001358299 0.999997199 10.639294624
0.999996245 0.002021816 0.001857642 0.213482141 -0.002024615 0.999996841 0.001506074 -0.317942023 -0.001854591 -0.001509829 0.999997139 11.011147499
0.999996126 0.002093684 0.001839129 0.222988963 -0.002096434 0.999996662 0.001494572 -0.329601973 -0.001835994 -0.001498422 0.999997199 11.387524605
0.999995947 0.002124299 0.001885039 0.229478255 -0.002126741 0.999996901 0.001294686 -0.336157709 -0.001882283 -0.001298690 0.999997377 11.767050743
0.999995708 0.002099987 0.002111496 0.235777229 -0.002103134 0.999996662 0.001489465 -0.349212259 -0.002108362 -0.001493900 0.999996662 12.148492813
0.999995351 0.002084325 0.002245913 0.247642025 -0.002088164 0.999996424 0.001708544 -0.365617037 -0.002242343 -0.001713226 0.999996006 12.535621643
0.999994695 0.002224381 0.002386196 0.250019491 -0.002228556 0.999996006 0.001748654 -0.372525007 -0.002382297 -0.001753963 0.999995649 12.929715157
0.999993801 0.002377159 0.002587653 0.260228246 -0.002382202 0.999995291 0.001947630 -0.385944575 -0.002583011 -0.001953782 0.999994755 13.329113960
0.999992728 0.002455292 0.002924711 0.267114013 -0.002460449 0.999995351 0.001761030 -0.396601617 -0.002920373 -0.001768214 0.999994159 13.733040810
0.999991298 0.002932615 0.002957230 0.277924150 -0.002939388 0.999993026 0.002288728 -0.408690631 -0.002950497 -0.002297401 0.999992967 14.136035919
0.999988794 0.003377703 0.003296668 0.285963953 -0.003384907 0.999991894 0.002182352 -0.421311498 -0.003289270 -0.002193487 0.999992192 14.551529884
0.999990940 0.002494491 0.003442371 0.298975319 -0.002501963 0.999994516 0.002168086 -0.431748867 -0.003436944 -0.002176679 0.999991715 14.992976189
0.999989033 0.003089237 0.003503443 0.312691271 -0.003096879 0.999992788 0.002178230 -0.446236193 -0.003496689 -0.002189055 0.999991477 15.427941322
0.999987543 0.002797169 0.004140155 0.318641394 -0.002805659 0.999993980 0.002046269 -0.457375258 -0.004134407 -0.002057859 0.999989271 15.871335030
0.999985397 0.003154128 0.004371122 0.329633564 -0.003163930 0.999992490 0.002237200 -0.472365856 -0.004364035 -0.002250997 0.999987960 16.311700821
0.999986827 0.002718844 0.004340625 0.342755854 -0.002727170 0.999994457 0.001913381 -0.484101713 -0.004335399 -0.001925193 0.999988794 16.755510330
0.999983907 0.002803799 0.004935820 0.347384244 -0.002815590 0.999993145 0.002383564 -0.500433445 -0.004929102 -0.002397423 0.999984920 17.216978073
0.999982059 0.003038442 0.005146588 0.354246855 -0.003051981 0.999991894 0.002624974 -0.513404727 -0.005138570 -0.002640635 0.999983311 17.672655106
0.999979615 0.003154435 0.005535744 0.367810786 -0.003168147 0.999991953 0.002469976 -0.525761604 -0.005527909 -0.002487464 0.999981582 18.138387680
0.999979973 0.002879637 0.005639419 0.382683188 -0.002891947 0.999993443 0.002176101 -0.534671545 -0.005633115 -0.002192367 0.999981642 18.622339249
0.999979913 0.002884254 0.005642383 0.395921648 -0.002893912 0.999994338 0.001704229 -0.544992805 -0.005637435 -0.001720524 0.999982595 19.094802856
0.999977112 0.003435821 0.005820120 0.406792939 -0.003445183 0.999992788 0.001599381 -0.555834055 -0.005814583 -0.001619396 0.999981761 19.568883896
0.999978662 0.003178976 0.005707486 0.415282905 -0.003190104 0.999993086 0.001941693 -0.569813132 -0.005701273 -0.001959859 0.999981821 20.055664062
0.999978244 0.002911477 0.005914180 0.424909681 -0.002923170 0.999993801 0.001969519 -0.589000702 -0.005908408 -0.001986764 0.999980569 20.532987595
0.999976754 0.003501058 0.005842511 0.434367061 -0.003517072 0.999990106 0.002732880 -0.607441247 -0.005832884 -0.002753365 0.999979198 21.035621643
0.999986768 0.002315334 0.004591865 0.445098519 -0.002323260 0.999995768 0.001721504 -0.612302125 -0.004587860 -0.001732149 0.999987960 21.533319473
0.999987602 0.002349903 0.004386784 0.464554727 -0.002356653 0.999996066 0.001534414 -0.617354095 -0.004383161 -0.001544733 0.999989152 22.063062668
0.999994040 0.000920453 0.003333650 0.473108619 -0.000926580 0.999997854 0.001836802 -0.644821942 -0.003331952 -0.001839880 0.999992669 22.534601212
0.999995589 0.001495652 0.002560356 0.482355922 -0.001500092 0.999997377 0.001733245 -0.655267656 -0.002557757 -0.001737079 0.999995232 23.062602997
0.999997020 0.001435983 0.001929136 0.492753625 -0.001439355 0.999997377 0.001747254 -0.674232423 -0.001926622 -0.001750025 0.999996603 23.579011917
0.999999285 0.000226290 0.001156773 0.503672540 -0.000227831 0.999999106 0.001332851 -0.691630840 -0.001156470 -0.001333114 0.999998450 24.106525421
0.999999404 0.000884447 0.000604121 0.514213741 -0.000885376 0.999998450 0.001539024 -0.703298450 -0.000602758 -0.001539559 0.999998629 24.642063141
0.999999225 0.001208461 0.000314388 0.523585379 -0.001209048 0.999997497 0.001872121 -0.721857727 -0.000312125 -0.001872500 0.999998212 25.179523468
0.999998629 0.001622520 0.000186627 0.525280476 -0.001622897 0.999996603 0.002032557 -0.737807155 -0.000183329 -0.002032857 0.999997854 25.715721130
0.999997914 0.002055237 0.000088072 0.536424100 -0.002055403 0.999995947 0.001926307 -0.753015876 -0.000084112 -0.001926484 0.999998093 26.275880814
0.999998808 0.001505068 -0.000276487 0.548916876 -0.001504447 0.999996364 0.002232159 -0.762682796 0.000279845 -0.002231741 0.999997437 26.834133148
0.999998510 0.001652657 -0.000671043 0.559484482 -0.001651020 0.999995589 0.002433028 -0.785796285 0.000675061 -0.002431916 0.999996841 27.380622864
0.999997199 0.002267524 -0.000714352 0.566767156 -0.002265932 0.999994993 0.002221978 -0.800671279 0.000719386 -0.002220353 0.999997258 27.940547943
0.999995768 0.002844679 -0.000577515 0.573810816 -0.002843380 0.999993443 0.002237731 -0.812858522 0.000583877 -0.002236080 0.999997318 28.494060516
0.999995887 0.002743679 -0.000823890 0.585734189 -0.002741783 0.999993622 0.002293507 -0.828926921 0.000830178 -0.002291239 0.999997020 29.053030014
0.999995589 0.002782297 -0.001036099 0.593990028 -0.002780215 0.999994218 0.002004179 -0.840891659 0.001041669 -0.002001290 0.999997437 29.601383209
0.999995053 0.002832345 -0.001456254 0.603789926 -0.002829178 0.999993622 0.002173207 -0.854667902 0.001462400 -0.002169075 0.999996603 30.151313782
0.999993861 0.002841977 -0.002054013 0.618163824 -0.002837608 0.999993742 0.002127095 -0.866907775 0.002060045 -0.002121254 0.999995589 30.712984085
0.999993682 0.002863254 -0.002071888 0.625512719 -0.002858661 0.999993443 0.002216517 -0.887122095 0.002078221 -0.002210580 0.999995410 31.261426926
0.999990761 0.003611770 -0.002294045 0.633866310 -0.003606933 0.999991238 0.002109505 -0.901014805 0.002301645 -0.002101211 0.999995172 31.809469223
0.999992311 0.003010088 -0.002512554 0.647988498 -0.003004671 0.999993145 0.002157212 -0.916908026 0.002519031 -0.002149646 0.999994516 32.370048523
0.999989450 0.002526053 -0.003852466 0.656284213 -0.002514662 0.999992430 0.002958686 -0.940004110 0.003859911 -0.002948967 0.999988258 32.909946442
0.999991536 0.002317307 -0.003398475 0.667767107 -0.002309279 0.999994516 0.002364181 -0.951106548 0.003403935 -0.002356313 0.999991417 33.472415924
0.999990702 0.002657946 -0.003399034 0.675995052 -0.002649449 0.999993503 0.002501993 -0.964462519 0.003405660 -0.002492963 0.999991119 34.027996063
0.999989092 0.002859519 -0.003698577 0.680248380 -0.002850424 0.999992907 0.002462061 -0.975919664 0.003705591 -0.002451491 0.999990106 34.581268311
0.999988616 0.002489856 -0.004075395 0.692019939 -0.002479976 0.999993980 0.002427710 -0.994671166 0.004081415 -0.002417575 0.999988735 35.115409851
0.999988616 0.002676305 -0.003984748 0.696477532 -0.002667480 0.999993980 0.002218209 -1.004753232 0.003990661 -0.002207554 0.999989569 35.666416168
0.999987900 0.002789695 -0.004058031 0.704130769 -0.002780857 0.999993742 0.002181918 -1.017214537 0.004064092 -0.002170607 0.999989331 36.220539093
0.999987304 0.002384098 -0.004435309 0.715422869 -0.002376384 0.999995589 0.001744014 -1.034148932 0.004439447 -0.001733452 0.999988616 36.757133484
0.999985337 0.002824232 -0.004614406 0.720165849 -0.002816183 0.999994457 0.001750154 -1.048321486 0.004619323 -0.001737133 0.999987781 37.307338715
0.999986947 0.002461356 -0.004463460 0.734425664 -0.002455670 0.999996126 0.001278913 -1.059248090 0.004466590 -0.001267935 0.999989212 37.862121582
0.999982178 0.001639885 -0.005750316 0.751353562 -0.001629527 0.999997079 0.001805471 -1.078282237 0.005753261 -0.001796069 0.999981761 38.406715393
0.999983370 0.002444602 -0.005219440 0.751644850 -0.002438816 0.999996483 0.001114571 -1.083129168 0.005222146 -0.001101823 0.999985754 38.964752197
0.999984801 0.002594448 -0.004848209 0.762967706 -0.002589508 0.999996126 0.001025014 -1.105400324 0.004850849 -0.001012444 0.999987721 39.481315613
0.999983966 0.003065020 -0.004757688 0.770593643 -0.003060032 0.999994755 0.001055228 -1.121990561 0.004760899 -0.001040652 0.999988079 40.028694153
0.999982893 0.002930352 -0.005061911 0.784437060 -0.002924389 0.999994993 0.001184834 -1.138480783 0.005065358 -0.001170010 0.999986410 40.580963135
0.999982536 0.003202397 -0.004959329 0.791110158 -0.003199642 0.999994636 0.000563393 -1.145373106 0.004961107 -0.000547515 0.999987543 41.141315460
0.999983966 0.002825150 -0.004908598 0.803193927 -0.002819736 0.999995351 0.001109502 -1.165521383 0.004911710 -0.001095643 0.999987364 41.685844421
0.999982774 0.003334135 -0.004836541 0.807634115 -0.003331705 0.999994278 0.000510605 -1.176302552 0.004838217 -0.000494482 0.999988139 42.240367889
0.999983966 0.003325357 -0.004594961 0.819813132 -0.003323285 0.999994338 0.000458461 -1.190152884 0.004596460 -0.000443183 0.999989390 42.786613464
0.999984562 0.003472337 -0.004330868 0.831091166 -0.003468535 0.999993622 0.000884767 -1.206910729 0.004333913 -0.000869732 0.999990225 43.335201263
0.999985039 0.003879793 -0.003835635 0.837352276 -0.003877030 0.999992192 0.000727295 -1.222088814 0.003838428 -0.000712413 0.999992311 43.888675690
0.999983847 0.004266090 -0.003762548 0.847267568 -0.004263049 0.999990582 0.000816218 -1.233046889 0.003765995 -0.000800165 0.999992609 44.433536530
0.999983311 0.004814260 -0.003189192 0.849524140 -0.004812756 0.999988317 0.000479101 -1.248903036 0.003191462 -0.000463745 0.999994814 44.977199554
0.999984086 0.004709547 -0.003095172 0.861780047 -0.004708347 0.999988794 0.000394824 -1.263469338 0.003096997 -0.000380244 0.999995053 45.526493073
0.999980330 0.005687935 -0.002635102 0.867309391 -0.005686976 0.999983788 0.000371203 -1.277196884 0.002637170 -0.000356210 0.999996424 46.078525543
0.999982059 0.005566009 -0.002277814 0.870808482 -0.005565974 0.999984443 0.000021779 -1.290120125 0.002277900 -0.000009101 0.999997377 46.622638702
0.999980927 0.005577223 -0.002631348 0.882796645 -0.005577341 0.999984443 -0.000037139 -1.302465796 0.002631101 0.000051814 0.999996543 47.165470123
0.999980748 0.005506594 -0.002863739 0.892926216 -0.005506396 0.999984801 0.000076785 -1.317310929 0.002864118 -0.000061015 0.999995828 47.720149994
0.999982834 0.005046488 -0.002983543 0.902926087 -0.005047045 0.999987245 -0.000179534 -1.332037568 0.002982598 0.000194589 0.999995530 48.268013000
0.999979973 0.005668664 -0.002812006 0.910086513 -0.005669125 0.999983907 -0.000155553 -1.347495317 0.002811078 0.000171492 0.999996006 48.809921265
0.999978900 0.006017816 -0.002447286 0.916711390 -0.006018317 0.999981821 -0.000197419 -1.365303040 0.002446054 0.000212144 0.999996901 49.335037231
0.999976695 0.006424733 -0.002281106 0.930051327 -0.006425000 0.999979317 -0.000110319 -1.379617691 0.002280351 0.000124972 0.999997377 49.876621246
0.999976814 0.006206421 -0.002810471 0.938933492 -0.006207250 0.999980628 -0.000285690 -1.394526362 0.002808644 0.000303128 0.999996006 50.405612946
0.999975085 0.006451044 -0.002916880 0.946988463 -0.006451602 0.999979198 -0.000181227 -1.416338921 0.002915651 0.000200041 0.999995708 50.937915802
0.999974012 0.006561954 -0.002979180 0.958068490 -0.006561351 0.999978423 0.000212274 -1.433280587 0.002980508 -0.000192721 0.999995530 51.479164124
0.999970555 0.006968854 -0.003204522 0.962091208 -0.006968142 0.999975681 0.000232763 -1.447399974 0.003206067 -0.000210426 0.999994814 52.018245697
0.999970794 0.007064510 -0.002910295 0.967779577 -0.007065358 0.999975026 -0.000281391 -1.461475968 0.002908234 0.000301945 0.999995708 52.557800293
0.999971211 0.007112605 -0.002652689 0.972253203 -0.007113617 0.999974549 -0.000371580 -1.476850510 0.002649979 0.000390439 0.999996424 53.093204498
0.999968350 0.007484793 -0.002669955 0.980322242 -0.007486095 0.999971867 -0.000477558 -1.494214892 0.002666306 0.000497530 0.999996305 53.635990143
0.999974012 0.006777584 -0.002462305 0.991717577 -0.006780038 0.999976516 -0.000989667 -1.515802383 0.002455539 0.001006336 0.999996483 54.180503845
0.999967456 0.007771094 -0.002155874 0.983377099 -0.007772782 0.999969482 -0.000774816 -1.526433229 0.002149786 0.000791547 0.999997377 54.712944031
0.999966145 0.007892957 -0.002321366 0.989731789 -0.007895177 0.999968350 -0.000949120 -1.540277839 0.002313801 0.000967415 0.999996841 55.257167816
0.999964416 0.008132875 -0.002240364 0.992784262 -0.008135268 0.999966264 -0.001060641 -1.552160382 0.002231663 0.001078830 0.999996901 55.798206329
0.999966860 0.007774734 -0.002420623 0.998197556 -0.007775904 0.999969661 -0.000473966 -1.570268393 0.002416864 0.000492773 0.999996960 56.328163147
0.999960423 0.008697142 -0.001865421 0.998683572 -0.008698391 0.999961913 -0.000661947 -1.585787892 0.001859593 0.000678147 0.999998033 56.879161835
0.999957800 0.009041644 -0.001594309 0.997306764 -0.009042974 0.999958694 -0.000828843 -1.598159194 0.001586750 0.000843225 0.999998391 57.425830841
0.999957323 0.009114138 -0.001495684 1.002331972 -0.009115437 0.999958098 -0.000864338 -1.616190791 0.001487744 0.000877935 0.999998510 57.966152191
0.999958754 0.008992898 -0.001226232 1.010444641 -0.008994178 0.999958992 -0.001041500 -1.629694939 0.001216815 0.001052486 0.999998689 58.522563934
0.999955833 0.009332070 -0.001110852 1.010948181 -0.009332688 0.999956250 -0.000553509 -1.650383949 0.001105637 0.000563852 0.999999166 59.056365967
0.999953389 0.009631276 -0.000703181 1.017018676 -0.009631967 0.999953270 -0.000986872 -1.666940212 0.000693643 0.000993599 0.999999285 59.614135742
0.999955416 0.009400597 -0.000844960 1.028011084 -0.009401685 0.999954939 -0.001294004 -1.681903958 0.000832758 0.001301891 0.999998808 60.169971466
0.999956787 0.009230748 -0.001146580 1.039737701 -0.009232427 0.999956250 -0.001466371 -1.691740513 0.001132994 0.001476893 0.999998271 60.729972839
0.999942005 0.010765614 0.000209171 1.040599465 -0.010765336 0.999941230 -0.001283020 -1.715695024 -0.000222972 0.001280694 0.999999166 61.283878326
0.999947250 0.010259499 0.000457790 1.057196259 -0.010258905 0.999946475 -0.001283141 -1.730172157 -0.000470930 0.001278377 0.999999046 61.835712433
0.999947727 0.010204609 0.000539011 1.065669298 -0.010203805 0.999946833 -0.001476620 -1.748834610 -0.000554050 0.001471043 0.999998689 62.383377075
0.999941051 0.010824876 0.000841067 1.072924852 -0.010823289 0.999939680 -0.001868618 -1.764846683 -0.000861243 0.001859405 0.999997914 62.929565430
0.999934435 0.011395232 0.001106841 1.082102299 -0.011393483 0.999933839 -0.001575686 -1.781390548 -0.001124723 0.001562972 0.999998152 63.470146179
0.999933064 0.011479809 0.001402774 1.090421677 -0.011477320 0.999932528 -0.001769429 -1.799432755 -0.001422992 0.001753211 0.999997437 64.017608643
0.999930799 0.011653670 0.001609238 1.099493027 -0.011651234 0.999930978 -0.001514230 -1.816817284 -0.001626773 0.001495376 0.999997556 64.550384521
0.999926627 0.011976551 0.001785682 1.104402781 -0.011973450 0.999926805 -0.001739317 -1.829195142 -0.001806382 0.001717809 0.999996901 65.108863831
0.999930143 0.011659752 0.001910135 1.116933107 -0.011656657 0.999930739 -0.001624043 -1.848031402 -0.001928939 0.001601664 0.999996841 65.648460388
0.999932408 0.011512917 0.001568670 1.132036209 -0.011510155 0.999932230 -0.001758395 -1.863398910 -0.001588807 0.001740220 0.999997199 66.195274353
0.999926388 0.011952790 0.002070838 1.137952924 -0.011948120 0.999926090 -0.002253763 -1.875213504 -0.002097624 0.002228854 0.999995291 66.745925903
0.999923646 0.012147399 0.002252266 1.151532173 -0.012142338 0.999923706 -0.002247162 -1.897517204 -0.002279391 0.002219643 0.999994874 67.278686523
0.999924839 0.012059290 0.002218856 1.167572737 -0.012054375 0.999924898 -0.002214371 -1.915352106 -0.002245393 0.002187457 0.999995112 67.826133728
0.999927759 0.011826732 0.002116248 1.181892514 -0.011821737 0.999927342 -0.002357258 -1.936152458 -0.002143972 0.002332070 0.999994993 68.357086182
0.999927223 0.011840316 0.002281547 1.193414450 -0.011834702 0.999926925 -0.002458710 -1.950901747 -0.002310491 0.002431530 0.999994397 68.883224487
0.999922037 0.012363402 0.001739227 1.207304358 -0.012359126 0.999920547 -0.002448662 -1.967420340 -0.001769362 0.002426976 0.999995470 69.418235779
0.999922097 0.012297311 0.002135208 1.220417380 -0.012291295 0.999920428 -0.002808494 -1.984040856 -0.002169575 0.002782031 0.999993801 69.954566956
0.999926031 0.011968929 0.002157899 1.234083414 -0.011962595 0.999924183 -0.002924313 -1.999979258 -0.002192736 0.002898282 0.999993384 70.490959167
0.999935210 0.011157407 0.002231371 1.247785091 -0.011151155 0.999933839 -0.002795286 -2.020484209 -0.002262412 0.002770222 0.999993563 71.027908325
0.999933720 0.011314501 0.002129823 1.263781667 -0.011308398 0.999931991 -0.002856884 -2.037810326 -0.002162002 0.002832610 0.999993622 71.560874939
0.999939919 0.010782742 0.001936452 1.279039741 -0.010778277 0.999939203 -0.002302245 -2.059760094 -0.001961159 0.002281236 0.999995470 72.097335815
0.999937475 0.011002798 0.001975832 1.292200327 -0.010996987 0.999935269 -0.002928773 -2.072414637 -0.002007928 0.002906862 0.999993682 72.642906189
0.999941230 0.010646133 0.002040656 1.305581689 -0.010639301 0.999937832 -0.003329858 -2.084547043 -0.002075979 0.003307952 0.999992371 73.186172485
0.999938965 0.010832107 0.002138227 1.316927314 -0.010825030 0.999935985 -0.003293393 -2.101194859 -0.002173764 0.003270047 0.999992311 73.726737976
0.999935746 0.011075477 0.002387355 1.327849746 -0.011067650 0.999933422 -0.003267376 -2.120553017 -0.002423384 0.003240744 0.999991775 74.271293640
0.999936342 0.011011457 0.002467618 1.341851830 -0.011003737 0.999934614 -0.003120288 -2.134051561 -0.002501815 0.003092936 0.999992073 74.819931030
0.999929726 0.011526478 0.002739641 1.354640603 -0.011517302 0.999928117 -0.003340693 -2.154410601 -0.002777951 0.003308906 0.999990642 75.368598938
0.999924481 0.011926446 0.002963278 1.367607594 -0.011916567 0.999923408 -0.003329904 -2.172253132 -0.003002765 0.003294341 0.999990046 75.915725708
0.999918699 0.012328381 0.003245168 1.374529243 -0.012316866 0.999917865 -0.003545244 -2.186170578 -0.003288609 0.003504985 0.999988437 76.464767456
0.999923468 0.012037224 0.002847678 1.392247558 -0.012027872 0.999922276 -0.003278902 -2.209015846 -0.002886926 0.003244400 0.999990582 77.017791748
0.999924064 0.011968210 0.002924643 1.403568149 -0.011957340 0.999921620 -0.003705675 -2.222315788 -0.002968765 0.003670423 0.999988794 77.564445496
0.999920070 0.012335482 0.002753400 1.415502310 -0.012327310 0.999919593 -0.002965306 -2.242682934 -0.002789757 0.002931127 0.999991834 78.097824097
0.999932587 0.011261439 0.002815639 1.434759140 -0.011252413 0.999931574 -0.003201542 -2.263019562 -0.002851500 0.003169644 0.999990940 78.640869141
0.999919176 0.012305881 0.003200110 1.444336653 -0.012295390 0.999918997 -0.003276712 -2.276208878 -0.003240174 0.003237101 0.999989510 79.189666748
0.999923348 0.012023203 0.002957827 1.459328055 -0.012013311 0.999922216 -0.003339460 -2.291831493 -0.002997748 0.003303671 0.999990046 79.735702515
0.999918342 0.012337090 0.003329547 1.475263238 -0.012325278 0.999917865 -0.003544723 -2.310249090 -0.003373005 0.003503396 0.999988198 80.277557373
0.999918103 0.012112469 0.004129770 1.489076376 -0.012098059 0.999920666 -0.003495496 -2.328003407 -0.004171782 0.003445248 0.999985278 80.837295532
0.999920249 0.011582460 0.005030978 1.509183884 -0.011563405 0.999925911 -0.003800009 -2.343444109 -0.005074619 0.003741531 0.999980152 81.390121460
0.999911547 0.011768675 0.006190549 1.527177334 -0.011743926 0.999922931 -0.004018709 -2.356905937 -0.006237367 0.003945652 0.999972761 81.951278687
0.999902427 0.011753801 0.007543454 1.538729429 -0.011723141 0.999922812 -0.004095600 -2.376139641 -0.007591011 0.004006768 0.999963164 82.498291016
0.999867022 0.012168803 0.010848589 1.562272310 -0.012122016 0.999916971 -0.004367955 -2.394422770 -0.010900843 0.004235868 0.999931633 83.061790466
0.999817252 0.012021414 0.014865661 1.582972527 -0.011965727 0.999921024 -0.003829398 -2.412358999 -0.014910523 0.003650820 0.999882162 83.611526489
0.999775827 0.011452614 0.017814321 1.611559749 -0.011379358 0.999926388 -0.004208102 -2.428786755 -0.017861208 0.004004443 0.999832392 84.178985596
0.999698997 0.011397796 0.021724526 1.643290401 -0.011301926 0.999925792 -0.004530762 -2.448040962 -0.021774551 0.004283869 0.999753714 84.742263794
0.999538958 0.011763354 0.027989998 1.679767966 -0.011643573 0.999922335 -0.004438659 -2.466762066 -0.028040040 0.004110709 0.999598324 85.299026489
0.999374926 0.011393023 0.033466067 1.721214056 -0.011240622 0.999925554 -0.004738469 -2.484175682 -0.033517562 0.004359327 0.999428630 85.863258362
0.999139190 0.011343532 0.039902736 1.758881927 -0.011152801 0.999925315 -0.004999280 -2.500349283 -0.039956465 0.004549949 0.999191046 86.422904968
0.998824716 0.009589318 0.047510229 1.811804295 -0.009322597 0.999939561 -0.005832425 -2.510813713 -0.047563285 0.005382652 0.998853743 87.012916565
0.998376369 0.009961624 0.056084149 1.859201670 -0.009613291 0.999932766 -0.006477261 -2.525140762 -0.056144908 0.005927590 0.998404980 87.563293457
0.997984529 0.008824751 0.062840633 1.911996365 -0.008429938 0.999943018 -0.006545160 -2.543196201 -0.062894806 0.006002226 0.998002112 88.115798950
0.997334540 0.009981604 0.072278723 1.964851379 -0.009541227 0.999933779 -0.006435534 -2.562659264 -0.072338179 0.005728751 0.997363806 88.656822205
0.996562719 0.009681680 0.082273871 2.033810139 -0.009148791 0.999934614 -0.006851551 -2.582879543 -0.082334831 0.006075292 0.996586204 89.176368713
0.995763242 0.009921167 0.091417283 2.091696739 -0.009337666 0.999933243 -0.006808362 -2.595766068 -0.091478728 0.005925892 0.995789409 89.727806091
0.995102346 0.008887280 0.098449245 2.168228626 -0.008208890 0.999939620 -0.007293693 -2.613570929 -0.098508127 0.006449812 0.995115340 90.256309509
0.994039476 0.009275321 0.108624712 2.246869087 -0.008535158 0.999937117 -0.007276903 -2.630998135 -0.108685352 0.006306401 0.994056225 90.792739868
0.992822886 0.009043009 0.119252667 2.332544327 -0.008237619 0.999939740 -0.007244847 -2.649892330 -0.119311012 0.006210491 0.992837489 91.328567505
0.991680205 0.008001751 0.128476828 2.424055099 -0.007066825 0.999945045 -0.007731212 -2.671697140 -0.128531650 0.006758966 0.991682351 91.858558655
0.990106165 0.008091677 0.140086755 2.526140213 -0.007129037 0.999947429 -0.007372206 -2.695215940 -0.140139028 0.006300583 0.990111887 92.376625061
0.988243461 0.007949529 0.152681127 2.626465797 -0.006878937 0.999947906 -0.007538915 -2.715153694 -0.152733132 0.006399998 0.988246679 92.930892944
0.986613214 0.007309491 0.162913963 2.739556313 -0.006170685 0.999952853 -0.007495175 -2.734253168 -0.162961096 0.006389549 0.986611784 93.471061707
0.984831452 0.007539775 0.173349783 2.867199898 -0.006384493 0.999953568 -0.007221099 -2.764745235 -0.173396170 0.006004815 0.984833837 93.993576050
0.982448459 0.005917967 0.186440870 2.991024017 -0.004561429 0.999959886 -0.007704125 -2.782035589 -0.186478987 0.006718468 0.982435942 94.520736694
0.980143607 0.005806948 0.198203862 3.126325607 -0.004321876 0.999959290 -0.007924424 -2.796974182 -0.198241815 0.006910461 0.980128706 95.056991577
0.978067756 0.005414827 0.208216250 3.257898331 -0.003900932 0.999962866 -0.007680718 -2.820382595 -0.208250120 0.006700026 0.978052676 95.584991455
0.975133657 0.005803051 0.221541420 3.403099060 -0.004243944 0.999962747 -0.007512914 -2.843845606 -0.221576780 0.006385886 0.975122094 96.118965149
0.972038507 0.004130472 0.234785095 3.547952652 -0.002273846 0.999963999 -0.008177931 -2.855433464 -0.234810412 0.007415399 0.972012877 96.644691467
0.969247222 0.004567867 0.246046513 3.697252274 -0.002860714 0.999969304 -0.007295319 -2.880334616 -0.246072263 0.006367099 0.969230592 97.191711426
0.966675401 0.003465763 0.255981833 3.874042511 -0.001591194 0.999970317 -0.007529805 -2.913853168 -0.256000400 0.006871560 0.966652274 97.631393433
0.963078499 0.003499841 0.269198090 4.046728134 -0.001610193 0.999972522 -0.007240043 -2.933006763 -0.269215971 0.006539268 0.963057637 98.137847900
0.959409297 0.002680609 0.282004327 4.220720291 -0.000660136 0.999973536 -0.007259452 -2.957299948 -0.282016307 0.006778625 0.959385693 98.662887573
0.956104279 0.001166478 0.293024093 4.411933899 0.001277287 0.999965906 -0.008148333 -2.971575975 -0.293023676 0.008164929 0.956070304 99.191345215
0.951722026 0.001226152 0.306958854 4.602428436 0.001180248 0.999970019 -0.007653733 -2.991578579 -0.306959033 0.007646513 0.951692045 99.719192505
0.947219908 0.000911271 0.320583254 4.807638168 0.001713976 0.999967277 -0.007906691 -3.013018608 -0.320580065 0.008038847 0.947187245 100.228851318
0.943236172 0.000819942 0.332121581 5.010665894 0.002037776 0.999963820 -0.008256061 -3.030993223 -0.332116365 0.008464205 0.943200409 100.735855103
0.938569665 -0.000022158 0.345089763 5.230293274 0.002977544 0.999963284 -0.008034066 -3.047757149 -0.345076919 0.008568050 0.938535273 101.291450500
0.933060706 0.000011048 0.359719127 5.445863724 0.002984746 0.999965310 -0.007772723 -3.066459656 -0.359706730 0.008326090 0.933028281 101.798706055
0.928285956 -0.000602907 0.371866643 5.675680161 0.003879353 0.999959946 -0.008062747 -3.090916157 -0.371846825 0.008927138 0.928251147 102.312301636
0.923606515 -0.001523426 0.383338898 5.904977798 0.004816324 0.999959230 -0.007630390 -3.111582756 -0.383311629 0.008893763 0.923576236 102.807327271
0.917729914 -0.001987161 0.397199988 6.138763428 0.005644525 0.999951780 -0.008038987 -3.131593943 -0.397164792 0.009619625 0.917696893 103.284103394
0.911911368 -0.001873031 0.410382718 6.390972137 0.005735725 0.999950051 -0.008181475 -3.148630619 -0.410346836 0.009814623 0.911876678 103.789474487
0.907010853 -0.002668039 0.421098709 6.638080597 0.006579575 0.999947727 -0.007836278 -3.171696424 -0.421055764 0.009878241 0.906980932 104.266059875
0.900897861 -0.002526286 0.434023827 6.897346497 0.006580483 0.999947548 -0.007838715 -3.192407370 -0.433981240 0.009917966 0.900867462 104.763267517
0.894211173 -0.002686191 0.447637469 7.164272308 0.006370391 0.999957085 -0.006725080 -3.215642452 -0.447600216 0.008865268 0.894189894 105.249748230
0.888328373 -0.003433949 0.459195822 7.441413879 0.007641478 0.999944150 -0.007304913 -3.237262726 -0.459144980 0.009998097 0.888305068 105.721878052
0.882561862 -0.003881557 0.470180213 7.717025757 0.008271785 0.999939442 -0.007271765 -3.257491350 -0.470123470 0.010307013 0.882540524 106.189514160
0.875001252 -0.004080496 0.484103501 8.011558533 0.008537455 0.999939024 -0.007002711 -3.274408817 -0.484045357 0.010260393 0.874982715 106.683654785
