1.000000000 0.000000000 0.000000000 0.000000000 0.000000000 1.000000000 0.000000000 0.000000000 0.000000000 0.000000000 1.000000000 0.000000000
1.000000000 -0.000026802 0.000102764 -0.000961193 0.000026792 1.000000000 0.000104467 -0.000176019 -0.000102767 -0.000104464 1.000000000 0.000783051
1.000000000 0.000186805 0.000095485 -0.001213966 -0.000186815 1.000000000 0.000103778 0.000578735 -0.000095466 -0.000103796 1.000000000 0.001608560
1.000000000 0.000117832 -0.000134175 0.001184594 -0.000117814 1.000000000 0.000138269 -0.000977574 0.000134191 -0.000138253 1.000000000 -0.000661232
1.000000000 0.000183057 -0.000013885 0.000070442 -0.000183055 1.000000000 0.000145923 -0.001020882 0.000013911 -0.000145921 1.000000000 -0.000214084
1.000000000 0.000125900 0.000051340 -0.001139883 -0.000125905 1.000000000 0.000091533 -0.000240311 -0.000051328 -0.000091540 1.000000000 -0.000240020
1.000000000 0.000007822 0.000125677 -0.000657140 -0.000007832 1.000000000 0.000081767 -0.000456923 -0.000125677 -0.000081768 1.000000000 -0.000339148
0.999999940 -0.000230682 0.000264163 -0.001528779 0.000230664 1.000000000 0.000067487 0.000794446 -0.000264179 -0.000067426 0.999999940 0.001889317
1.000000000 -0.000030165 0.000138805 -0.000628238 0.000030169 1.000000000 -0.000026673 0.001298728 -0.000138804 0.000026677 1.000000000 0.002703895
1.000000000 -0.000043395 0.000196899 -0.001061318 0.000043381 1.000000000 0.000071826 -0.000099993 -0.000196902 -0.000071817 1.000000000 -0.000152003
1.000000000 0.000001779 0.000196943 -0.000004204 -0.000001771 1.000000000 -0.000036524 0.001442350 -0.000196943 0.000036523 1.000000000 0.001531054
1.000000000 -0.000149615 0.000026730 -0.000010144 0.000149612 1.000000000 0.000113399 -0.000089865 -0.000026747 -0.000113395 1.000000000 0.001238383
0.999999940 0.000209624 0.000212096 -0.002608703 -0.000209609 1.000000000 -0.000070413 0.002807848 -0.000212111 0.000070369 1.000000000 0.005707194
0.999999940 -0.000214292 0.000248508 -0.001902323 0.000214258 0.999999940 0.000136699 0.000801824 -0.000248537 -0.000136646 0.999999940 0.003493242
1.000000000 -0.000016896 0.000206925 -0.001103504 0.000016868 1.000000000 0.000133255 -0.000371719 -0.000206927 -0.000133251 0.999999940 0.000233013
0.999999940 0.000242725 0.000155717 -0.000335299 -0.000242760 0.999999940 0.000226799 -0.001724041 -0.000155662 -0.000226837 0.999999940 -0.001630296
1.000000000 0.000039463 0.000205440 -0.001245927 -0.000039489 1.000000000 0.000126305 -0.000213442 -0.000205435 -0.000126313 1.000000000 0.000759529
0.999999881 0.000244117 0.000438498 -0.003583229 -0.000244120 0.999999940 0.000006771 0.002203242 -0.000438496 -0.000006878 0.999999881 0.005018238
0.999999940 0.000095330 0.000327137 -0.003275838 -0.000095342 1.000000000 0.000038416 0.001316827 -0.000327133 -0.000038447 0.999999940 0.004195680
0.999999940 0.000234379 0.000142269 -0.000987986 -0.000234398 0.999999940 0.000137267 -0.000345496 -0.000142237 -0.000137300 1.000000000 0.000067839
0.999999881 0.000370290 0.000300031 -0.003987683 -0.000370328 0.999999940 0.000125938 0.001273730 -0.000299984 -0.000126049 0.999999940 0.005285526
0.999999940 0.000252007 0.000217045 -0.002971049 -0.000252013 0.999999940 0.000027021 0.001857005 -0.000217038 -0.000027076 1.000000000 0.005058070
1.000000000 -0.000169444 0.000083530 -0.001850733 0.000169438 1.000000000 0.000070942 0.001573459 -0.000083542 -0.000070928 1.000000000 0.003572514
0.999999940 0.000163918 0.000318046 -0.002225294 -0.000163952 1.000000000 0.000106643 0.000267350 -0.000318028 -0.000106695 0.999999940 0.003287509
0.999999940 0.000086632 0.000273508 -0.001856009 -0.000086669 1.000000000 0.000135330 -0.000207094 -0.000273496 -0.000135354 0.999999940 0.000315859
0.999999940 0.000030166 0.000274747 -0.002008259 -0.000030190 1.000000000 0.000086030 0.001024715 -0.000274745 -0.000086039 0.999999940 0.002372250
1.000000000 -0.000075958 0.000143457 -0.001291551 0.000075965 1.000000000 -0.000053414 0.001792194 -0.000143453 0.000053425 1.000000000 0.001570810
1.000000000 -0.000031589 0.000131632 -0.000478230 0.000031593 1.000000000 -0.000034033 0.001066987 -0.000131630 0.000034037 1.000000000 0.001310722
0.999999940 0.000201537 0.000352322 -0.004669332 -0.000201475 0.999999940 -0.000175539 0.004122473 -0.000352357 0.000175468 0.999999940 0.006918397
0.999999940 0.000090797 0.000264690 -0.004158680 -0.000090809 1.000000000 0.000044648 0.002770532 -0.000264685 -0.000044672 0.999999940 0.006374778
1.000000000 -0.000144061 0.000165898 -0.001975665 0.000144062 1.000000000 -0.000005130 0.000970762 -0.000165897 0.000005153 1.000000000 0.003692629
0.999999940 0.000042798 0.000265741 -0.002324277 -0.000042831 1.000000000 0.000123866 0.000943048 -0.000265736 -0.000123877 0.999999940 0.002343830
1.000000000 0.000070491 0.000209171 -0.002381799 -0.000070483 1.000000000 -0.000038125 0.002599384 -0.000209174 0.000038110 1.000000000 0.005381747
0.999999940 -0.000075998 0.000357037 -0.001689841 0.000076020 1.000000000 -0.000062035 0.001708441 -0.000357032 0.000062063 0.999999940 0.001944513
1.000000000 0.000092979 0.000180442 -0.000395057 -0.000093018 1.000000000 0.000215997 -0.000833103 -0.000180422 -0.000216014 0.999999940 0.000074275
1.000000000 -0.000034753 0.000219276 -0.002537407 0.000034769 1.000000000 -0.000071576 0.003752478 -0.000219273 0.000071584 1.000000000 0.006629546
0.999999940 0.000084404 0.000249619 -0.003093266 -0.000084389 1.000000000 -0.000060472 0.005282325 -0.000249624 0.000060451 0.999999940 0.009466139
0.999999940 -0.000060515 0.000300220 -0.002364116 0.000060472 1.000000000 0.000142598 0.001283116 -0.000300228 -0.000142580 0.999999940 0.004275938
0.999999940 -0.000029233 0.000272909 -0.002684852 0.000029176 1.000000000 0.000208865 0.000365736 -0.000272916 -0.000208857 0.999999940 0.002150842
0.999999940 -0.000169022 0.000201524 -0.000460593 0.000169011 1.000000000 0.000055906 0.001197469 -0.000201533 -0.000055872 1.000000000 0.001420154
0.999999940 -0.000050614 0.000361862 -0.001322521 0.000050547 1.000000000 0.000184421 -0.000362095 -0.000361871 -0.000184403 0.999999940 0.002423455
0.999999940 -0.000238932 0.000256761 0.000652625 0.000239081 0.999999821 -0.000580378 -0.001412669 -0.000256622 0.000580439 0.999999821 0.051177330
0.999999881 0.000104910 0.000455959 -0.002968992 -0.000104403 0.999999404 -0.001111249 -0.005052665 -0.000456075 0.001111201 0.999999285 0.138022408
1.000000000 0.000217843 0.000053826 0.002188334 -0.000217760 0.999998808 -0.001531215 -0.004224018 -0.000054159 0.001531203 0.999998808 0.256818384
1.000000000 0.000110701 -0.000215991 0.007099248 -0.000110943 0.999999344 -0.001119874 -0.012640985 0.000215867 0.001119898 0.999999344 0.387708187
1.000000000 0.000189863 0.000005173 0.008471821 -0.000189859 0.999999642 -0.000811167 -0.020677662 -0.000005327 0.000811166 0.999999642 0.520417392
0.999999940 0.000209649 0.000152367 0.012707485 -0.000209556 0.999999762 -0.000611135 -0.028574355 -0.000152495 0.000611103 0.999999821 0.668024302
0.999999762 0.000571215 0.000307169 0.017141281 -0.000570998 0.999999583 -0.000706421 -0.027078334 -0.000307573 0.000706246 0.999999702 0.837745786
0.999999940 0.000360618 0.000057197 0.018837143 -0.000360588 0.999999821 -0.000526183 -0.029088337 -0.000057387 0.000526162 0.999999881 1.016158938
0.999999821 0.000549077 -0.000112256 0.021944670 -0.000549102 0.999999821 -0.000222479 -0.035411783 0.000112134 0.000222540 0.999999940 1.188699007
0.999999940 0.000268695 0.000019323 0.023433972 -0.000268690 0.999999940 -0.000285782 -0.039341755 -0.000019400 0.000285777 0.999999940 1.375809312
0.999999821 0.000622214 -0.000111640 0.038139366 -0.000622208 0.999999821 0.000051212 -0.053377546 0.000111672 -0.000051142 1.000000000 1.565192580
0.999999881 0.000437584 -0.000007062 0.041224428 -0.000437581 0.999999821 0.000346769 -0.058335401 0.000007214 -0.000346766 0.999999940 1.755404234
0.999998808 0.000292031 -0.001493193 0.062173806 -0.000295043 0.999997854 -0.002017154 -0.041879594 0.001492601 0.002017592 0.999996841 1.943780899
0.999999106 0.000226724 -0.001309770 0.063623033 -0.000229431 0.999997795 -0.002066668 -0.048537750 0.001309298 0.002066967 0.999997020 2.147033691
0.999999464 0.000434539 -0.000918688 0.065839574 -0.000436960 0.999996424 -0.002637576 -0.048369035 0.000917538 0.002637976 0.999996126 2.375001669
0.999999106 0.000709474 -0.001070448 0.072000191 -0.000711438 0.999997973 -0.001836303 -0.062055081 0.001069143 0.001837063 0.999997735 2.598850250
0.999999046 0.001075994 -0.000953290 0.072533943 -0.001077841 0.999997556 -0.001939264 -0.069187604 0.000951201 0.001940289 0.999997675 2.830213308
0.999998808 0.000438404 -0.001436238 0.081589729 -0.000440912 0.999998331 -0.001746185 -0.076544560 0.001435470 0.001746816 0.999997377 3.067386150
0.999999404 0.000279867 -0.001089562 0.084362425 -0.000282325 0.999997377 -0.002255843 -0.079624981 0.001088928 0.002256150 0.999996841 3.317156315
0.999999285 0.000262370 -0.001095922 0.088239826 -0.000263946 0.999998868 -0.001437626 -0.094720036 0.001095543 0.001437914 0.999998391 3.544690371
0.999999225 0.000074935 -0.001201601 0.095309414 -0.000076765 0.999998808 -0.001523304 -0.100981392 0.001201485 0.001523395 0.999998152 3.798963785
0.999999464 -0.000077784 -0.001013077 0.098028310 0.000076094 0.999998569 -0.001668328 -0.107677929 0.001013206 0.001668250 0.999998093 4.055661201
0.999999642 0.000079172 -0.000804377 0.096528575 -0.000080384 0.999998808 -0.001506824 -0.111984700 0.000804257 0.001506888 0.999998510 4.312673569
0.999999523 0.000230531 -0.000979399 0.102546476 -0.000232155 0.999998569 -0.001658535 -0.116520464 0.000979015 0.001658762 0.999998152 4.569074154
0.999999583 0.000054025 -0.000923381 0.110337920 -0.000055323 0.999999046 -0.001405235 -0.128039047 0.000923304 0.001405285 0.999998569 4.826161861
0.999999285 0.000109354 -0.001232742 0.120788626 -0.000111087 0.999998987 -0.001405235 -0.132129267 0.001232587 0.001405370 0.999998271 5.089820862
0.999999344 0.000077878 -0.001244716 0.121178262 -0.000079715 0.999998927 -0.001476208 -0.140017554 0.001244600 0.001476306 0.999998152 5.349379539
0.999999344 0.000159732 -0.001135402 0.124301367 -0.000161692 0.999998569 -0.001726230 -0.143076479 0.001135125 0.001726413 0.999997854 5.624952316
0.999999404 -0.000010951 -0.001122307 0.129003808 0.000009562 0.999999285 -0.001237854 -0.156315520 0.001122320 0.001237842 0.999998629 5.898277283
0.999999285 -0.000261776 -0.001139544 0.136030361 0.000260336 0.999999166 -0.001263434 -0.164840639 0.001139873 0.001263137 0.999998569 6.177586555
0.999999523 -0.000013122 -0.000978668 0.139640018 0.000011698 0.999999046 -0.001455211 -0.172402084 0.000978686 0.001455199 0.999998450 6.452712536
0.999999344 -0.000168877 -0.001156644 0.145653322 0.000167415 0.999999225 -0.001264219 -0.183909521 0.001156857 0.001264025 0.999998569 6.734989166
0.999999225 0.000069259 -0.001192825 0.157489240 -0.000070686 0.999999225 -0.001196159 -0.195955738 0.001192741 0.001196242 0.999998569 7.023550034
0.999999285 -0.000087956 -0.001180256 0.157599255 0.000086711 0.999999464 -0.001055119 -0.202414185 0.001180348 0.001055016 0.999998689 7.329792023
0.999999583 -0.000118406 -0.000931084 0.168821618 0.000117298 0.999999225 -0.001190634 -0.217106909 0.000931225 0.001190524 0.999998868 7.629066944
0.999999762 0.000165974 -0.000820991 0.160813704 -0.000167175 0.999999046 -0.001463718 -0.217247605 0.000820747 0.001463856 0.999998569 7.964623451
0.999999464 0.000318387 -0.001009590 0.166908190 -0.000319872 0.999999046 -0.001471667 -0.222172469 0.001009120 0.001471989 0.999998391 8.283727646
0.999999702 -0.000291165 -0.000721766 0.169008493 0.000290027 0.999998629 -0.001576170 -0.234084502 0.000722224 0.001575960 0.999998510 8.610989571
1.000000000 -0.000073254 -0.000171705 0.168335170 0.000072996 0.999998808 -0.001500329 -0.242016524 0.000171814 0.001500316 0.999998868 8.953768730
0.999999583 -0.000525489 -0.000720348 0.181609482 0.000524636 0.999999106 -0.001184273 -0.258797646 0.000720970 0.001183895 0.999998987 9.276074409
0.999999762 -0.000264230 -0.000532308 0.185473919 0.000263780 0.999999583 -0.000843827 -0.271045059 0.000532531 0.000843686 0.999999523 9.619157791
0.999999583 -0.000544332 -0.000717595 0.195849121 0.000543740 0.999999464 -0.000825528 -0.283544421 0.000718045 0.000825138 0.999999404 9.970361710
0.999999940 -0.000055326 -0.000329814 0.198376432 0.000054988 0.999999404 -0.001024848 -0.295627922 0.000329871 0.001024829 0.999999404 10.323063850
0.999999940 -0.000070718 -0.000340229 0.203931004 0.000070443 0.999999642 -0.000808484 -0.306368470 0.000340286 0.000808460 0.999999583 10.682585716
0.999999940 -0.000038519 -0.000133160 0.205815405 0.000038376 0.999999404 -0.001070039 -0.311267287 0.000133201 0.001070034 0.999999464 11.057650566
1.000000000 0.000283317 0.000319724 0.207939535 -0.000282918 0.999999166 -0.001246282 -0.324328989 -0.000320077 0.001246192 0.999999106 11.432321548
0.999999821 -0.000565396 0.000018448 0.221462160 0.000565412 0.999999464 -0.000861274 -0.337480992 -0.000017961 0.000861285 0.999999642 11.807787895
0.999999881 -0.000436039 0.000132005 0.226701587 0.000436156 0.999999523 -0.000890841 -0.351879478 -0.000131616 0.000890898 0.999999583 12.190626144
0.999999762 -0.000456094 0.000387421 0.230758145 0.000456443 0.999999523 -0.000902842 -0.363148957 -0.000387009 0.000903019 0.999999523 12.577144623
0.999999821 -0.000352974 0.000256928 0.238830969 0.000353178 0.999999583 -0.000796536 -0.372698843 -0.000256648 0.000796626 0.999999642 12.975224495
1.000000000 -0.000144859 0.000025651 0.249622628 0.000144884 0.999999523 -0.000971212 -0.386351109 -0.000025510 0.000971216 0.999999523 13.367328644
0.999999464 -0.000992104 0.000219701 0.258018583 0.000992283 0.999999166 -0.000814661 -0.395976543 -0.000218893 0.000814879 0.999999642 13.779334068
0.999999523 -0.000534498 0.000741971 0.263237894 0.000535207 0.999999344 -0.000955685 -0.402729690 -0.000741459 0.000956081 0.999999285 14.197380066
0.999998510 -0.000745563 0.001573811 0.268313020 0.000747052 0.999999225 -0.000945440 -0.416072071 -0.001573105 0.000946615 0.999998331 14.618124008
0.999998868 -0.001125124 0.001013432 0.282316387 0.001125820 0.999999046 -0.000686708 -0.431711733 -0.001012659 0.000687849 0.999999166 15.049089432
0.999998868 -0.000723171 0.001293576 0.291331321 0.000723744 0.999999583 -0.000443010 -0.446170539 -0.001293255 0.000443945 0.999999046 15.476685524
0.999998033 -0.000771084 0.001830315 0.298547149 0.000771917 0.999999583 -0.000454424 -0.459945679 -0.001829964 0.000455836 0.999998212 15.916691780
0.999998212 -0.000373795 0.001863529 0.308515847 0.000375392 0.999999583 -0.000856479 -0.468451887 -0.001863208 0.000857177 0.999997914 16.364589691
0.999996185 -0.000064917 0.002756100 0.313232839 0.000068293 0.999999285 -0.001224630 -0.479973167 -0.002756019 0.001224814 0.999995470 16.811832428
0.999996543 -0.000431822 0.002598772 0.323528379 0.000433096 0.999999702 -0.000489743 -0.496867150 -0.002598559 0.000490867 0.999996424 17.274532318
0.999995947 -0.000088879 0.002822394 0.333169818 0.000089513 1.000000000 -0.000224541 -0.511758745 -0.002822374 0.000224793 0.999996006 17.727649689
0.999995172 -0.000380875 0.003090105 0.344426185 0.000381583 1.000000000 -0.000228538 -0.526022792 -0.003090017 0.000229716 0.999995172 18.194374084
0.999995291 -0.000484596 0.003002968 0.364064962 0.000486668 0.999999642 -0.000689403 -0.531174481 -0.003002633 0.000690862 0.999995291 18.656614304
0.999990523 0.000065580 0.004334889 0.351578683 -0.000064283 0.999999940 -0.000299322 -0.555283487 -0.004334908 0.000299040 0.999990582 19.106595993
0.999990284 -0.000972497 0.004292029 0.367284566 0.000974846 0.999999344 -0.000545227 -0.562410951 -0.004291497 0.000549405 0.999990702 19.597440720
0.999987543 -0.000680133 0.004948810 0.373439759 0.000679860 0.999999821 0.000056830 -0.580784023 -0.004948848 -0.000053465 0.999987781 20.078695297
0.999987781 0.000178438 0.004939307 0.386880666 -0.000178509 1.000000000 0.000014063 -0.598455846 -0.004939304 -0.000014945 0.999987841 20.561117172
0.999987543 0.000417676 0.004971715 0.371212602 -0.000417060 0.999999881 -0.000125069 -0.604196548 -0.004971767 0.000122994 0.999987602 21.100694656
0.999988317 0.000482478 0.004802359 0.379532456 -0.000482276 0.999999881 -0.000043297 -0.612306118 -0.004802381 0.000040981 0.999988437 21.614248276
0.999990284 0.000636921 0.004352226 0.383557141 -0.000638182 0.999999702 0.000288196 -0.634052992 -0.004352040 -0.000290971 0.999990523 22.106399536
0.999995172 0.000038061 0.003113780 0.407128006 -0.000038511 1.000000000 0.000144496 -0.646859407 -0.003113775 -0.000144615 0.999995053 22.623517990
0.999995351 0.000121903 0.003102765 0.414390355 -0.000121444 1.000000000 -0.000148030 -0.661364377 -0.003102784 0.000147652 0.999995112 23.139730453
0.999997914 -0.000091393 0.002030336 0.424199134 0.000091916 0.999999881 -0.000257156 -0.673859715 -0.002030313 0.000257342 0.999997854 23.670433044
0.999998331 -0.000694795 0.001673530 0.433444470 0.000696089 0.999999404 -0.000772985 -0.686545670 -0.001672993 0.000774148 0.999998271 24.204238892
0.999998927 0.000550055 0.001369801 0.440548539 -0.000549327 0.999999762 -0.000531829 -0.698473692 -0.001370093 0.000531076 0.999998927 24.736116409
0.999999821 0.000585154 0.000224239 0.456242979 -0.000585144 0.999999821 -0.000042612 -0.719653487 -0.000224264 0.000042480 1.000000000 25.284801483
0.999999344 0.001032787 0.000466942 0.456433475 -0.001032742 0.999999523 -0.000097186 -0.731156647 -0.000467043 0.000096703 0.999999881 25.831724167
0.999999225 0.001274760 0.000192198 0.467086464 -0.001274725 0.999999166 -0.000185290 -0.749458671 -0.000192435 0.000185044 1.000000000 26.389221191
0.999999702 0.000339651 -0.000686210 0.475598007 -0.000339448 0.999999821 0.000295446 -0.767773271 0.000686311 -0.000295213 0.999999702 26.924146652
0.999999523 0.000460745 -0.000826289 0.484863698 -0.000460316 0.999999702 0.000519160 -0.786569893 0.000826528 -0.000518780 0.999999523 27.472444534
0.999998748 0.001225004 -0.000919839 0.490318477 -0.001225105 0.999999225 -0.000108867 -0.795868993 0.000919705 0.000109994 0.999999523 28.041828156
0.999997377 0.001574734 -0.001621421 0.494159251 -0.001574731 0.999998748 0.000002931 -0.808783472 0.001621424 -0.000000378 0.999998689 28.580650330
0.999997854 0.001521770 -0.001414444 0.501253307 -0.001521756 0.999998748 0.000011155 -0.824785352 0.001414459 -0.000009003 0.999998987 29.125450134
0.999997020 0.001493066 -0.001941088 0.511377096 -0.001492587 0.999998868 0.000248241 -0.843695879 0.001941456 -0.000245343 0.999998093 29.681047440
0.999996662 0.001124291 -0.002288487 0.515384495 -0.001124363 0.999999285 -0.000030210 -0.853829980 0.002288451 0.000032783 0.999997318 30.223577499
0.999996781 0.000905277 -0.002333283 0.528346419 -0.000904503 0.999999464 0.000332677 -0.874871731 0.002333583 -0.000330565 0.999997199 30.766021729
0.999994636 0.001171644 -0.003040100 0.537501276 -0.001170315 0.999999225 0.000438760 -0.891246796 0.003040611 -0.000435200 0.999995291 31.319196701
0.999994159 0.001113884 -0.003231350 0.546619117 -0.001112283 0.999999285 0.000497360 -0.906378329 0.003231902 -0.000493762 0.999994636 31.874767303
0.999994397 0.001050192 -0.003181146 0.552864015 -0.001050332 0.999999404 -0.000042459 -0.917932689 0.003181101 0.000045800 0.999994934 32.438732147
0.999993861 0.001317461 -0.003242635 0.557453692 -0.001317703 0.999999225 -0.000072376 -0.929888844 0.003242536 0.000076648 0.999994755 32.987865448
0.999992430 0.001364212 -0.003647679 0.570356011 -0.001364482 0.999999046 -0.000072019 -0.945869148 0.003647576 0.000076996 0.999993324 33.540870667
0.999992609 0.001662393 -0.003469237 0.573335111 -0.001662271 0.999998629 0.000038414 -0.957873106 0.003469296 -0.000032647 0.999993980 34.095252991
0.999991953 0.000810511 -0.003929666 0.587015986 -0.000809244 0.999999642 0.000324069 -0.976474404 0.003929927 -0.000320886 0.999992251 34.638038635
0.999991894 0.002068808 -0.003463515 0.580438316 -0.002068938 0.999997914 -0.000034089 -0.987807274 0.003463437 0.000041255 0.999994099 35.184906006
0.999991357 0.000687074 -0.004122783 0.603710651 -0.000687173 0.999999762 -0.000022684 -1.002270579 0.004122768 0.000025516 0.999991477 35.729415894
0.999991477 0.001404831 -0.003878184 0.608688354 -0.001405296 0.999999106 -0.000117020 -1.015699387 0.003878016 0.000122469 0.999992490 36.286895752
0.999991536 0.001110333 -0.003958495 0.617611945 -0.001111672 0.999999344 -0.000335997 -1.030895472 0.003958120 0.000340395 0.999992073 36.838226318
0.999993801 0.001043740 -0.003351721 0.621139526 -0.001044777 0.999999404 -0.000307647 -1.044174433 0.003351398 0.000311147 0.999994278 37.382019043
0.999994814 0.001455625 -0.002858385 0.627348900 -0.001456639 0.999998987 -0.000352688 -1.057638407 0.002857869 0.000356850 0.999995828 37.921794891
0.999991059 0.000618653 -0.004177295 0.633482516 -0.000620760 0.999999702 -0.000503160 -1.074050069 0.004176983 0.000505749 0.999991059 38.490875244
0.999990642 0.000821232 -0.004235704 0.638182223 -0.000822230 0.999999702 -0.000233911 -1.090860367 0.004235511 0.000237391 0.999990940 39.037429810
0.999990880 0.000618497 -0.004213941 0.649334490 -0.000620852 0.999999702 -0.000557594 -1.105829954 0.004213595 0.000560205 0.999990940 39.581733704
0.999989986 0.001079216 -0.004346554 0.652431965 -0.001080735 0.999999344 -0.000346848 -1.115051627 0.004346177 0.000351542 0.999990523 40.143093109
0.999988854 0.001251186 -0.004566375 0.668199539 -0.001251728 0.999999166 -0.000115810 -1.135507345 0.004566227 0.000121525 0.999989569 40.673110962
0.999989808 0.001348231 -0.004301309 0.680382311 -0.001351020 0.999998868 -0.000645431 -1.138201118 0.004300434 0.000651235 0.999990582 41.247005463
0.999986231 0.001166451 -0.005117370 0.693129361 -0.001169335 0.999999166 -0.000560562 -1.157139182 0.005116712 0.000566539 0.999986768 41.811222076
0.999986172 0.001409472 -0.005066299 0.700190485 -0.001411677 0.999998927 -0.000431743 -1.177252769 0.005065686 0.000438889 0.999987125 42.350200653
0.999987483 0.001365072 -0.004816127 0.711012602 -0.001369278 0.999998629 -0.000869991 -1.187419295 0.004814934 0.000876575 0.999988019 42.899658203
0.999984980 0.001019947 -0.005375635 0.709450245 -0.001022966 0.999999285 -0.000558925 -1.203588963 0.005375061 0.000564416 0.999985397 43.454124451
0.999986410 0.000910994 -0.005128874 0.713887811 -0.000913183 0.999999523 -0.000424692 -1.220411777 0.005128484 0.000429369 0.999986768 44.005588531
0.999985695 0.000454039 -0.005332110 0.720525265 -0.000456470 0.999999821 -0.000454726 -1.232079864 0.005331902 0.000457153 0.999985695 44.558887482
0.999985158 0.000572697 -0.005420827 0.731891096 -0.000576369 0.999999642 -0.000675804 -1.245059729 0.005420438 0.000678918 0.999985099 45.113311768
0.999985397 0.000689438 -0.005346975 0.740793705 -0.000691176 0.999999642 -0.000323250 -1.264163017 0.005346750 0.000326941 0.999985635 45.657634735
0.999986410 0.000514149 -0.005193193 0.749078572 -0.000516927 0.999999702 -0.000533681 -1.278680801 0.005192916 0.000536358 0.999986410 46.207950592
0.999983430 0.000275616 -0.005738639 0.759461761 -0.000279152 0.999999762 -0.000615403 -1.290531158 0.005738468 0.000616995 0.999983370 46.751132965
0.999983728 0.001153600 -0.005589316 0.771507084 -0.001153632 0.999999344 -0.000002513 -1.313736081 0.005589310 0.000008961 0.999984384 47.306804657
0.999983191 -0.000328353 -0.005782986 0.771523833 0.000323754 0.999999642 -0.000796242 -1.313385725 0.005783245 0.000794356 0.999982953 47.846145630
0.999980152 -0.000288274 -0.006292044 0.788845539 0.000283279 0.999999642 -0.000794705 -1.329206824 0.006292271 0.000792906 0.999979854 48.399597168
0.999983251 -0.000362593 -0.005778634 0.795225501 0.000357214 0.999999523 -0.000931745 -1.341693521 0.005778969 0.000929665 0.999982893 48.943801880
0.999983311 -0.000330950 -0.005768285 0.792660832 0.000325562 0.999999523 -0.000934933 -1.358636379 0.005768591 0.000933039 0.999982953 49.499687195
0.999985158 -0.000347648 -0.005445670 0.807870388 0.000342186 0.999999464 -0.001003835 -1.375063419 0.005446017 0.001001957 0.999984682 50.042995453
0.999984562 -0.000195717 -0.005547864 0.807134688 0.000193941 0.999999940 -0.000320644 -1.395416617 0.005547927 0.000319563 0.999984562 50.589344025
0.999984503 0.000581688 -0.005539660 0.811746240 -0.000585188 0.999999702 -0.000630227 -1.407836437 0.005539292 0.000633459 0.999984443 51.139408112
0.999987245 0.000020583 -0.005042352 0.823251963 -0.000022434 1.000000000 -0.000367103 -1.424616337 0.005042344 0.000367211 0.999987185 51.683700562
0.999981225 -0.000144459 -0.006121270 0.833918333 0.000140254 0.999999762 -0.000687484 -1.440462470 0.006121368 0.000686613 0.999980986 52.232482910
0.999980807 -0.000578978 -0.006164612 0.843491316 0.000572030 0.999999166 -0.001128794 -1.453773856 0.006165261 0.001125246 0.999980330 52.781284332
0.999982059 -0.000852867 -0.005914150 0.847730398 0.000846867 0.999999106 -0.001016997 -1.468967438 0.005915012 0.001011970 0.999981940 53.328304291
0.999982297 -0.000685722 -0.005911625 0.850760579 0.000679209 0.999999106 -0.001103667 -1.484805226 0.005912377 0.001099632 0.999981940 53.877563477
0.999984801 -0.000729159 -0.005477505 0.860133529 0.000722192 0.999998927 -0.001273925 -1.501420617 0.005478428 0.001269950 0.999984205 54.421390533
0.999983907 -0.000687121 -0.005636010 0.859464645 0.000680637 0.999999046 -0.001152215 -1.512966037 0.005636797 0.001148360 0.999983370 54.960357666
0.999983430 -0.000736657 -0.005727930 0.865845919 0.000728257 0.999998748 -0.001468446 -1.530468345 0.005729004 0.001464250 0.999982536 55.512847900
0.999986947 -0.000269576 -0.005106639 0.866842628 0.000262960 0.999999106 -0.001296180 -1.541979909 0.005106983 0.001294821 0.999986172 56.062301636
0.999981582 -0.000548291 -0.006047163 0.884574473 0.000539746 0.999998868 -0.001414647 -1.559489965 0.006047932 0.001411357 0.999980628 56.616088867
0.999982953 -0.000709591 -0.005795907 0.902231932 0.000703210 0.999999166 -0.001102843 -1.583071947 0.005796685 0.001098748 0.999982595 57.145530701
0.999982476 -0.000120222 -0.005904718 0.905491292 0.000111304 0.999998868 -0.001510815 -1.589844227 0.005904893 0.001510132 0.999981403 57.705894470
0.999982953 -0.000007410 -0.005831773 0.908589065 -0.000001483 0.999998868 -0.001525031 -1.606159925 0.005831778 0.001525014 0.999981821 58.259193420
0.999985456 -0.000084194 -0.005390123 0.910739303 0.000073546 0.999997973 -0.001975687 -1.618747115 0.005390279 0.001975262 0.999983490 58.803543091
0.999982059 -0.000675945 -0.005948190 0.927650809 0.000662238 0.999997139 -0.002306021 -1.625405192 0.005949731 0.002302040 0.999979675 59.337387085
0.999981642 -0.000430498 -0.006051882 0.937754869 0.000416372 0.999997258 -0.002335166 -1.644427776 0.006052871 0.002332603 0.999979019 59.876350403
0.999981642 -0.000608627 -0.006014656 0.939427972 0.000591992 0.999995947 -0.002767013 -1.652030706 0.006016315 0.002763401 0.999978065 60.423290253
0.999981880 -0.000797325 -0.005955312 0.948924422 0.000781268 0.999996006 -0.002698107 -1.667845845 0.005957439 0.002693405 0.999978602 60.965599060
0.999982357 -0.000225802 -0.005934211 0.952195287 0.000210696 0.999996722 -0.002545988 -1.684583902 0.005934766 0.002544693 0.999979079 61.508655548
0.999983728 0.000313370 -0.005702177 0.958656669 -0.000327811 0.999996781 -0.002531759 -1.700120687 0.005701364 0.002533587 0.999980569 62.054840088
0.999982119 -0.000117039 -0.005974083 0.963029087 0.000098345 0.999995112 -0.003129270 -1.707589269 0.005974421 0.003128627 0.999977171 62.605377197
0.999984205 0.000345108 -0.005597290 0.966744304 -0.000361077 0.999995887 -0.002852130 -1.728237510 0.005596282 0.002854106 0.999980211 63.155353546
0.999983430 0.000271228 -0.005746114 0.973105609 -0.000287847 0.999995887 -0.002891428 -1.742975712 0.005745305 0.002893034 0.999979317 63.695457458
0.999985814 0.000335743 -0.005295109 0.977234364 -0.000350685 0.999995947 -0.002821146 -1.763470650 0.005294140 0.002822963 0.999982059 64.251869202
0.999990046 0.000990014 -0.004356853 0.970732629 -0.001002759 0.999995232 -0.002924191 -1.777796507 0.004353937 0.002928531 0.999986231 64.807052612
0.999982357 0.000470226 -0.005922739 0.997639716 -0.000485695 0.999996483 -0.002610658 -1.796499848 0.005921490 0.002613488 0.999979079 65.312057495
0.999981642 -0.000007965 -0.006057459 1.009593248 -0.000011518 0.999994814 -0.003216306 -1.809633255 0.006057453 0.003216317 0.999976456 65.863265991
0.999982178 -0.000137626 -0.005963997 1.020596147 0.000120123 0.999995708 -0.002934991 -1.827786446 0.005964376 0.002934223 0.999977946 66.403656006
0.999985993 0.000688683 -0.005252343 1.002278447 -0.000705281 0.999994755 -0.003158926 -1.841047049 0.005250140 0.003162586 0.999981165 66.959831238
0.999983668 0.001147195 -0.005600037 1.015396357 -0.001165410 0.999994040 -0.003250420 -1.855794072 0.005596275 0.003256893 0.999979019 67.507278442
0.999984145 0.000913966 -0.005553555 1.018684745 -0.000930720 0.999995053 -0.003015049 -1.871744633 0.005550771 0.003020170 0.999980032 68.042121887
0.999985218 0.000746264 -0.005375011 1.033334613 -0.000759494 0.999996662 -0.002459690 -1.901328921 0.005373157 0.002463736 0.999982476 68.575164795
0.999988198 0.001195490 -0.004705392 1.028413415 -0.001209524 0.999994755 -0.002980563 -1.914716959 0.004701805 0.002986219 0.999984443 69.131446838
0.999986827 0.000949402 -0.005045105 1.048056960 -0.000964481 0.999994993 -0.002987162 -1.931871533 0.005042244 0.002991989 0.999982774 69.670951843
0.999987423 0.001589169 -0.004759775 1.049837351 -0.001603837 0.999993980 -0.003079602 -1.946241736 0.004754853 0.003087197 0.999983907 70.198692322
0.999987245 0.001406622 -0.004853550 1.058999300 -0.001418925 0.999995768 -0.002532429 -1.966527820 0.004849968 0.002539283 0.999984980 70.750915527
0.999986112 0.001196643 -0.005129879 1.068108559 -0.001212290 0.999994636 -0.003048103 -1.977444172 0.005126205 0.003054280 0.999982178 71.293052673
0.999981344 0.001252574 -0.005980690 1.091471791 -0.001269995 0.999994934 -0.002909897 -1.995556831 0.005977015 0.002917438 0.999977887 71.836326599
0.999982178 0.001424634 -0.005790682 1.096943855 -0.001439844 0.999995530 -0.002623232 -2.016560793 0.005786919 0.002631523 0.999979794 72.376609802
0.999980330 0.000804278 -0.006213989 1.108626604 -0.000824837 0.999994159 -0.003306582 -2.030388355 0.006211294 0.003311642 0.999975264 72.922050476
0.999983609 0.001235119 -0.005575120 1.106577516 -0.001250671 0.999995291 -0.002786943 -2.049462795 0.005571653 0.002793870 0.999980509 73.461318970
0.999982595 0.001277933 -0.005761505 1.111488461 -0.001294412 0.999994993 -0.002857632 -2.065330029 0.005757826 0.002865039 0.999979258 73.998535156
0.999982119 0.001264233 -0.005844271 1.122309089 -0.001280471 0.999995232 -0.002775484 -2.086206198 0.005840735 0.002782918 0.999979079 74.528610229
0.999979258 0.001018539 -0.006361540 1.134776831 -0.001034358 0.999996364 -0.002483670 -2.103061676 0.006358988 0.002490199 0.999976635 75.056640625
0.999979615 0.000938147 -0.006314753 1.137459993 -0.000954844 0.999996006 -0.002641504 -2.117632627 0.006312250 0.002647480 0.999976516 75.606224060
0.999979138 0.000369837 -0.006449921 1.152774453 -0.000384849 0.999997199 -0.002326395 -2.138912916 0.006449043 0.002328829 0.999976456 76.132644653
0.999981701 0.000601260 -0.006035729 1.155356407 -0.000615506 0.999997079 -0.002358666 -2.152718782 0.006034294 0.002362337 0.999979079 76.687637329
0.999981582 0.000712952 -0.006015484 1.163524866 -0.000728166 0.999996483 -0.002527217 -2.172765255 0.006013662 0.002531551 0.999978662 77.235267639
0.999978840 0.000039510 -0.006497426 1.178276539 -0.000055903 0.999996781 -0.002522921 -2.188587904 0.006497305 0.002523231 0.999975741 77.778518677
0.999978244 0.000413188 -0.006583811 1.178536296 -0.000430026 0.999996662 -0.002556202 -2.203561783 0.006582733 0.002558977 0.999975085 78.294494629
0.999973714 0.000401902 -0.007235936 1.195949078 -0.000422797 0.999995768 -0.002886483 -2.220026493 0.007234744 0.002889466 0.999969721 78.850242615
0.999979734 0.000734454 -0.006319677 1.192504883 -0.000750278 0.999996722 -0.002501865 -2.236260891 0.006317819 0.002506556 0.999976873 79.376960754
0.999979854 0.000560881 -0.006322137 1.199308634 -0.000579406 0.999995470 -0.002928844 -2.250430822 0.006320466 0.002932448 0.999975741 79.922721863
0.999978006 0.000269663 -0.006624353 1.214256048 -0.000288605 0.999995828 -0.002858786 -2.270390511 0.006623554 0.002860635 0.999974012 80.466262817
0.999984741 0.001498152 -0.005303410 1.212034941 -0.001511550 0.999995649 -0.002523095 -2.285466194 0.005299606 0.002531073 0.999982774 81.006385803
0.999990761 0.001158071 -0.004117496 1.221694946 -0.001167404 0.999996781 -0.002264974 -2.307080746 0.004114859 0.002269760 0.999988973 81.543144226
0.999993503 0.001300396 -0.003363051 1.236770034 -0.001309785 0.999995232 -0.002791078 -2.320389271 0.003359404 0.002795465 0.999990463 82.089675903
0.999997854 0.001015068 -0.001805909 1.246494055 -0.001020254 0.999995291 -0.002872864 -2.335692406 0.001802984 0.002874700 0.999994159 82.622390747
0.999998033 0.001055530 0.001655513 1.261711597 -0.001051021 0.999995708 -0.002722372 -2.354058266 -0.001658379 0.002720626 0.999994874 83.177680969
0.999987304 0.001001844 0.004936434 1.277176619 -0.000988806 0.999996006 -0.002642811 -2.368518829 -0.004939062 0.002637896 0.999984264 83.690002441
0.999965727 0.001312288 0.008171876 1.290977716 -0.001289942 0.999995410 -0.002739199 -2.384714603 -0.008175434 0.002728564 0.999962807 84.227035522
0.999914885 0.001463698 0.012958843 1.310515165 -0.001428356 0.999995172 -0.002736080 -2.399339914 -0.012962787 0.002717337 0.999912262 84.776779175
0.999826670 0.001585252 0.018551538 1.339629650 -0.001530315 0.999994338 -0.002975103 -2.417961597 -0.018556152 0.002946197 0.999823570 85.324722290
0.999708772 0.001125805 0.024111984 1.371320009 -0.001061337 0.999995768 -0.002686313 -2.439111471 -0.024114909 0.002659940 0.999705672 85.864257812
0.999548018 0.001021962 0.030044699 1.399112582 -0.000940694 0.999995887 -0.002718927 -2.454341888 -0.030047355 0.002689436 0.999544919 86.401451111
0.999281704 0.000769928 0.037888020 1.440141082 -0.000668841 0.999996185 -0.002680650 -2.473028183 -0.037889935 0.002653383 0.999278486 86.961517334
0.998930216 0.000709031 0.046236493 1.484311581 -0.000588932 0.999996364 -0.002611068 -2.491103888 -0.046238180 0.002581045 0.998927116 87.503166199
0.998559356 0.000560833 0.053653389 1.522713184 -0.000419799 0.999996364 -0.002639856 -2.503756762 -0.053654671 0.002613530 0.998556137 88.046470642
0.998084307 0.000118414 0.061868221 1.582080126 0.000043222 0.999996603 -0.002611242 -2.523319721 -0.061868317 0.002608914 0.998080909 88.607398987
0.997422397 -0.000302353 0.071753100 1.643362522 0.000463398 0.999997497 -0.002227790 -2.539949656 -0.071752258 0.002255299 0.997419953 89.128959656
0.996748388 -0.000827123 0.080572516 1.712060928 0.000995617 0.999997377 -0.002051061 -2.563031912 -0.080570593 0.002124612 0.996746659 89.681663513
0.996063769 -0.000414635 0.088638403 1.766498089 0.000692223 0.999994874 -0.003100971 -2.566820621 -0.088636652 0.003150122 0.996059060 90.249916077
0.995052814 -0.000277897 0.099347360 1.844718456 0.000557062 0.999995947 -0.002782256 -2.580266714 -0.099346168 0.002823834 0.995048940 90.800514221
0.993883669 0.000168949 0.110432222 1.905933380 0.000095667 0.999997139 -0.002390881 -2.605721951 -0.110432312 0.002386823 0.993880749 91.326377869
0.992824018 -0.000753137 0.119582519 1.993194580 0.001068696 0.999996006 -0.002574735 -2.624523640 -0.119580120 0.002684056 0.992820859 91.868896484
0.991392851 -0.000210152 0.130920485 2.077472687 0.000498822 0.999997497 -0.002172131 -2.638784170 -0.130919710 0.002218741 0.991390407 92.423385620
0.989724874 -0.000496102 0.142983764 2.175289154 0.000871468 0.999996305 -0.002562623 -2.653069496 -0.142981932 0.002660898 0.989721715 92.968414307
0.988060057 -0.000950940 0.154066309 2.278626442 0.001313136 0.999996603 -0.002249162 -2.672712564 -0.154063657 0.002424617 0.988057911 93.517028809
0.986421049 -0.001113462 0.164232373 2.384594917 0.001543050 0.999995649 -0.002488179 -2.680944204 -0.164228916 0.002707811 0.986418486 94.059989929
0.984061062 -0.000996045 0.177827939 2.498255730 0.001541903 0.999994516 -0.002931411 -2.689801931 -0.177824020 0.003158881 0.984057248 94.600570679
0.981773853 -0.001369148 0.190048009 2.621460915 0.001848561 0.999995649 -0.002345339 -2.712506533 -0.190043926 0.002653908 0.981772006 95.127449036
0.979772866 -0.001811065 0.200104803 2.748682022 0.002398598 0.999993503 -0.002693731 -2.722224951 -0.200098589 0.003119216 0.979770780 95.668815613
0.977040112 -0.001597528 0.213050067 2.896728516 0.001999744 0.999996603 -0.001672407 -2.750962257 -0.213046700 0.002060055 0.977039874 96.192817688
0.974097908 -0.002013456 0.226118118 3.052946091 0.002366421 0.999996364 -0.001289930 -2.772640228 -0.226114690 0.001791608 0.974099100 96.708580017
0.971453905 -0.002365680 0.237216711 3.185014725 0.002814479 0.999994814 -0.001553299 -2.782446146 -0.237211838 0.002176600 0.971455514 97.228073120
0.968246281 -0.002506708 0.249985382 3.325710297 0.003162023 0.999992549 -0.002219841 -2.787448406 -0.249977931 0.002939812 0.968247056 97.787231445
0.964598358 -0.002327567 0.263712913 3.496814728 0.002857046 0.999994636 -0.001624295 -2.810219049 -0.263707757 0.002320232 0.964599848 98.311096191
0.960946262 -0.002778756 0.276721030 3.657890320 0.003494897 0.999991655 -0.002094802 -2.820898771 -0.276712894 0.002980104 0.960948050 98.836219788
0.957616150 -0.002826895 0.288033515 3.823837280 0.003305931 0.999993861 -0.001176724 -2.851421595 -0.288028508 0.002079070 0.957619548 99.364517212
0.953504205 -0.002893863 0.301365584 4.018850327 0.003341756 0.999993920 -0.000970692 -2.864557743 -0.301360935 0.001932649 0.953508198 99.902137756
0.949155688 -0.003141419 0.314791083 4.214027405 0.003656154 0.999992788 -0.001044704 -2.881582975 -0.314785510 0.002142511 0.949160397 100.404998779
0.945120573 -0.003775998 0.326699764 4.402772903 0.004401031 0.999989629 -0.001174005 -2.889395237 -0.326691985 0.002547393 0.945127428 100.926101685
0.940326214 -0.004310998 0.340247124 4.609331131 0.005141675 0.999985576 -0.001539809 -2.900763273 -0.340235561 0.003197363 0.940334797 101.450027466
0.935228646 -0.004687341 0.354013383 4.819902420 0.005508714 0.999983907 -0.001312494 -2.920026541 -0.354001582 0.003177640 0.935239434 101.939033508
0.930594683 -0.005012290 0.366016954 5.050361633 0.005682806 0.999983549 -0.000754559 -2.941852808 -0.366007209 0.002782192 0.930607855 102.459945679
0.926128864 -0.005846622 0.377161920 5.286905289 0.007033944 0.999973655 -0.001770779 -2.946409941 -0.377141625 0.004292905 0.926145673 102.962654114
0.919964910 -0.006215156 0.391951293 5.509586334 0.007036449 0.999975026 -0.000658974 -2.966943264 -0.391937464 0.003364178 0.919985652 103.464340210
0.914272249 -0.006682919 0.405044943 5.755622864 0.007697845 0.999969900 -0.000876961 -2.976949692 -0.405026913 0.003919755 0.914296269 103.963455200
0.909394264 -0.006983346 0.415876478 6.004112244 0.008193235 0.999965787 -0.001124791 -2.991503954 -0.415854335 0.004430253 0.909420371 104.454063416
0.903363109 -0.007495263 0.428810835 6.277450562 0.008795681 0.999960721 -0.001051110 -3.007903576 -0.428786129 0.004721217 0.903393686 104.946746826
0.896568835 -0.007468430 0.442841291 6.518093109 0.008733948 0.999961495 -0.000818456 -3.023994446 -0.442818046 0.004601556 0.896599650 105.409652710
0.890524983 -0.008071504 0.454862595 6.797569275 0.009325913 0.999956310 -0.000514021 -3.042182684 -0.454838514 0.004699757 0.890561461 105.898696899
0.885163486 -0.008908900 0.465194702 7.067699432 0.009971214 0.999950290 0.000176919 -3.064435244 -0.465173095 0.004481954 0.885208428 106.354644775
0.877399623 -0.009154001 0.479672939 7.326774597 0.010535388 0.999944508 -0.000188155 -3.074619770 -0.479644537 0.005218628 0.877447367 106.850479126
