1.000000000 0.000000000 0.000000000 0.000000000 0.000000000 1.000000000 0.000000000 0.000000000 0.000000000 0.000000000 1.000000000 0.000000000
1.000000000 0.000010798 0.000046702 0.000213118 -0.000010803 1.000000000 0.000097919 -0.000514552 -0.000046701 -0.000097919 1.000000000 -0.000363717
1.000000000 -0.000012633 -0.000107362 0.001188456 0.000012638 1.000000000 0.000044292 -0.000718581 0.000107362 -0.000044294 1.000000000 -0.001290615
1.000000000 0.000052607 -0.000033708 0.000475536 -0.000052606 1.000000000 0.000025363 -0.000110046 0.000033709 -0.000025361 1.000000000 0.001106572
1.000000000 0.000050359 -0.000000630 -0.000257745 -0.000050359 1.000000000 0.000015717 -0.000204833 0.000000631 -0.000015717 1.000000000 -0.000254520
1.000000000 0.000029239 -0.000063272 -0.000207753 -0.000029238 1.000000000 0.000009226 -0.000240721 0.000063272 -0.000009224 1.000000000 -0.000317458
1.000000000 0.000103307 -0.000083943 0.000828539 -0.000103306 1.000000000 0.000012587 -0.000838695 0.000083944 -0.000012579 1.000000000 -0.001833281
1.000000000 0.000013401 -0.000025786 0.000570115 -0.000013403 1.000000000 -0.000070278 0.000367431 0.000025785 0.000070278 1.000000000 -0.000234027
1.000000000 -0.000033604 0.000099963 0.000364356 0.000033602 1.000000000 0.000017756 -0.000546598 -0.000099964 -0.000017752 1.000000000 -0.001314997
1.000000000 -0.000187248 -0.000011292 0.000949262 0.000187248 1.000000000 -0.000052259 0.001001353 0.000011301 0.000052256 1.000000000 0.001456612
1.000000000 -0.000081831 -0.000051542 0.000682484 0.000081831 1.000000000 -0.000009571 0.000288233 0.000051543 0.000009567 1.000000000 0.002468127
1.000000000 -0.000024837 0.000025366 0.000344777 0.000024842 1.000000000 -0.000201693 0.002251020 -0.000025361 0.000201694 1.000000000 0.002962990
1.000000000 -0.000125922 -0.000015427 0.000351602 0.000125922 1.000000000 0.000019796 0.000431511 0.000015425 -0.000019798 1.000000000 0.001133965
1.000000000 -0.000080136 0.000013576 0.000350875 0.000080135 1.000000000 0.000051348 0.000450204 -0.000013581 -0.000051347 1.000000000 0.001156777
1.000000000 -0.000050429 -0.000048848 0.001009656 0.000050434 1.000000000 0.000094388 -0.000448491 0.000048843 -0.000094390 1.000000000 0.000336120
1.000000000 -0.000018603 -0.000057862 0.000041533 0.000018602 1.000000000 -0.000013504 0.000026937 0.000057862 0.000013503 1.000000000 -0.000299847
1.000000000 0.000175351 0.000143132 -0.001306021 -0.000175354 1.000000000 0.000021266 0.000207531 -0.000143128 -0.000021291 1.000000000 0.001078273
1.000000000 0.000008625 -0.000240928 0.001181233 -0.000008658 1.000000000 -0.000133283 0.000689530 0.000240927 0.000133285 0.999999940 0.000428055
0.999999940 -0.000247444 -0.000053062 0.000931498 0.000247441 0.999999940 -0.000053917 0.000021175 0.000053075 0.000053904 1.000000000 0.000690753
1.000000000 -0.000076023 0.000060154 0.000368053 0.000076025 1.000000000 -0.000043320 0.000572989 -0.000060151 0.000043324 1.000000000 0.001585077
1.000000000 0.000085369 0.000075939 -0.000806315 -0.000085364 1.000000000 -0.000059891 0.000702562 -0.000075944 0.000059884 1.000000000 0.002319495
1.000000000 -0.000017175 -0.000051275 0.000554798 0.000017176 1.000000000 0.000008836 0.000763171 0.000051275 -0.000008837 1.000000000 0.000594778
1.000000000 -0.000118998 -0.000075403 0.001860210 0.000118997 1.000000000 -0.000023940 0.000627120 0.000075406 0.000023931 1.000000000 0.001824918
1.000000000 0.000006083 0.000173326 -0.000345123 -0.000006078 1.000000000 -0.000033650 0.001222224 -0.000173326 0.000033649 1.000000000 0.000421072
1.000000000 0.000001514 -0.000062193 0.001442088 -0.000001514 1.000000000 0.000005427 0.000507186 0.000062193 -0.000005427 1.000000000 0.000578159
1.000000000 0.000096429 -0.000003379 0.000440298 -0.000096429 1.000000000 -0.000094912 0.000983256 0.000003370 0.000094913 1.000000000 -0.000189111
1.000000000 0.000053191 0.000144633 -0.000807862 -0.000053176 1.000000000 -0.000102962 0.000140895 -0.000144639 0.000102955 1.000000000 -0.001046907
1.000000000 -0.000051906 -0.000066231 0.000402407 0.000051900 1.000000000 -0.000099375 0.000576948 0.000066236 0.000099372 1.000000000 -0.000027455
1.000000000 -0.000032636 -0.000022251 -0.001019104 0.000032636 1.000000000 -0.000003173 0.001452107 0.000022251 0.000003172 1.000000000 0.002528022
1.000000000 0.000081008 0.000144089 -0.001378064 -0.000081000 1.000000000 -0.000055680 0.001362777 -0.000144094 0.000055668 1.000000000 0.001530483
1.000000000 0.000042708 -0.000035692 0.000710707 -0.000042706 1.000000000 0.000060554 0.000417253 0.000035695 -0.000060552 1.000000000 -0.000012594
1.000000000 0.000067817 0.000110991 -0.001430115 -0.000067831 1.000000000 0.000119179 0.000056259 -0.000110983 -0.000119187 1.000000000 0.001674267
1.000000000 0.000046426 0.000135129 -0.000945529 -0.000046423 1.000000000 -0.000021706 0.000270095 -0.000135130 0.000021700 1.000000000 0.001379058
1.000000000 -0.000101108 0.000014717 -0.000290064 0.000101108 1.000000000 0.000028019 0.000667427 -0.000014720 -0.000028018 1.000000000 0.001222726
1.000000000 0.000003508 0.000155076 -0.001290611 -0.000003496 1.000000000 -0.000074579 0.001933384 -0.000155076 0.000074578 1.000000000 0.003041689
1.000000000 0.000097124 0.000175984 -0.002130743 -0.000097109 1.000000000 -0.000085973 0.002852911 -0.000175992 0.000085956 1.000000000 0.003720253
0.999999940 -0.000258727 0.000038247 -0.000310610 0.000258726 0.999999940 0.000026649 0.000817659 -0.000038254 -0.000026639 1.000000000 0.001846313
1.000000000 -0.000034050 0.000066303 -0.000897845 0.000034044 1.000000000 0.000087631 0.000549249 -0.000066306 -0.000087629 1.000000000 0.000990002
1.000000000 -0.000133280 -0.000012782 -0.000149807 0.000133280 1.000000000 -0.000021742 0.001178849 0.000012785 0.000021740 1.000000000 0.001606645
0.999999940 0.000044306 0.000243662 -0.001673429 -0.000044318 1.000000000 0.000050066 -0.000607381 -0.000243659 -0.000050076 0.999999940 0.001843091
0.999999940 -0.000082045 0.000286459 -0.000746110 0.000082243 0.999999762 -0.000689807 -0.001756077 -0.000286402 0.000689830 0.999999702 0.052294824
0.999999940 0.000228675 0.000208727 -0.000169419 -0.000228409 0.999999166 -0.001271983 -0.004660321 -0.000209017 0.001271935 0.999999166 0.134277835
0.999999881 0.000527248 -0.000002896 0.003030227 -0.000527251 0.999998808 -0.001461620 -0.004214013 0.000002126 0.001461622 0.999998927 0.253612608
0.999999940 0.000301213 0.000016049 0.004644179 -0.000301193 0.999999225 -0.001187370 -0.013399703 -0.000016406 0.001187365 0.999999285 0.382091910
0.999999881 0.000420172 0.000119288 0.006837831 -0.000420034 0.999999225 -0.001150275 -0.015739113 -0.000119771 0.001150225 0.999999344 0.527718127
1.000000000 0.000202720 0.000062598 0.012936823 -0.000202642 0.999999225 -0.001236680 -0.018003073 -0.000062849 0.001236668 0.999999225 0.680671632
0.999999940 0.000163870 0.000260116 0.015120544 -0.000163569 0.999999344 -0.001158940 -0.020205395 -0.000260305 0.001158898 0.999999285 0.852119923
0.999999762 0.000561332 0.000357279 0.013875286 -0.000561041 0.999999523 -0.000813883 -0.026760207 -0.000357736 0.000813682 0.999999583 1.016950607
0.999999940 0.000134068 0.000399049 0.017576985 -0.000133982 0.999999940 -0.000215496 -0.034999706 -0.000399078 0.000215442 0.999999881 1.187685013
0.999999881 0.000310309 0.000384749 0.017933380 -0.000310124 0.999999821 -0.000482706 -0.036084305 -0.000384899 0.000482587 0.999999821 1.375064611
1.000000000 0.000197719 0.000115279 0.028664613 -0.000197664 0.999999881 -0.000468188 -0.043084789 -0.000115372 0.000468165 0.999999881 1.579552293
0.999998987 0.001201608 0.000761032 0.023120932 -0.001201263 0.999999166 -0.000453658 -0.046211652 -0.000761576 0.000452744 0.999999583 1.770891905
0.999999940 0.000388154 -0.000137075 0.043052193 -0.000388221 0.999999821 -0.000488851 -0.049639307 0.000136885 0.000488905 0.999999881 1.959032059
0.999999583 0.000562186 0.000693408 0.031686753 -0.000561762 0.999999642 -0.000611707 -0.055595364 -0.000693752 0.000611317 0.999999583 2.180292606
0.999998987 0.001107711 0.000896648 0.030703876 -0.001107064 0.999999106 -0.000722159 -0.063899688 -0.000897448 0.000721165 0.999999344 2.385447502
0.999998868 0.000513106 -0.001382232 0.084158286 -0.000513382 0.999999821 -0.000199970 -0.081858359 0.001382130 0.000200679 0.999998987 2.620899916
0.999999046 -0.000293820 -0.001338122 0.092551954 0.000294173 0.999999940 0.000263217 -0.094947577 0.001338045 -0.000263611 0.999999046 2.838182926
0.999998748 0.000678200 -0.001436723 0.094819732 -0.000678365 0.999999762 -0.000114758 -0.094157621 0.001436645 0.000115733 0.999998987 3.081121445
0.999998212 0.000385572 -0.001842446 0.104982831 -0.000386507 0.999999762 -0.000507018 -0.096239023 0.001842250 0.000507729 0.999998212 3.317851067
0.999998569 -0.000062821 -0.001688378 0.108780727 0.000062445 0.999999881 -0.000222775 -0.108631805 0.001688392 0.000222670 0.999998569 3.555984020
0.999998510 0.000396095 -0.001647739 0.112852529 -0.000396144 0.999999940 -0.000029471 -0.115749538 0.001647727 0.000030123 0.999998629 3.823546648
0.999999046 0.000448796 -0.001370808 0.113612041 -0.000449281 0.999999881 -0.000353355 -0.119997822 0.001370649 0.000353971 0.999998927 4.087032318
0.999998987 0.000502261 -0.001333754 0.116605215 -0.000502212 0.999999881 0.000036895 -0.128662318 0.001333772 -0.000036225 0.999999106 4.342479706
0.999999046 0.000238892 -0.001358504 0.123854101 -0.000238600 0.999999881 0.000214874 -0.133608431 0.001358555 -0.000214550 0.999999046 4.589408875
0.999998629 0.000735269 -0.001503125 0.132911071 -0.000734999 0.999999702 0.000180319 -0.140111148 0.001503258 -0.000179213 0.999998868 4.854805470
0.999998629 0.000642068 -0.001526127 0.137190089 -0.000642115 0.999999762 -0.000030339 -0.144093588 0.001526107 0.000031319 0.999998808 5.119695187
0.999998689 0.000890281 -0.001337920 0.139395341 -0.000890661 0.999999523 -0.000283597 -0.153319538 0.001337667 0.000284788 0.999999106 5.379997730
0.999999046 0.000591761 -0.001252197 0.144392461 -0.000591717 0.999999762 0.000036120 -0.160134718 0.001252218 -0.000035379 0.999999225 5.646752357
0.999998987 0.000873715 -0.001068702 0.147650957 -0.000873431 0.999999583 0.000265808 -0.170792416 0.001068934 -0.000264874 0.999999404 5.911612511
0.999999106 0.000332843 -0.001361928 0.157740593 -0.000332698 1.000000000 0.000107471 -0.177587688 0.001361964 -0.000107018 0.999999106 6.193547726
0.999998808 0.001093460 -0.001050273 0.158285141 -0.001093059 0.999999344 0.000383032 -0.187595099 0.001050691 -0.000381883 0.999999404 6.469398022
0.999998927 0.000978564 -0.001065343 0.163410202 -0.000977943 0.999999344 0.000583234 -0.202331841 0.001065913 -0.000582191 0.999999285 6.754312038
0.999998748 0.001204097 -0.001032592 0.166555092 -0.001203832 0.999999225 0.000257400 -0.206758574 0.001032901 -0.000256157 0.999999464 7.061238766
0.999998987 0.000880960 -0.001145395 0.181766942 -0.000880274 0.999999464 0.000598912 -0.219965100 0.001145921 -0.000597903 0.999999166 7.339890480
0.999999404 0.000804008 -0.000670873 0.180896759 -0.000804159 0.999999642 -0.000224209 -0.219678268 0.000670692 0.000224749 0.999999821 7.662037373
0.999999046 0.001185302 -0.000715080 0.188887581 -0.001184917 0.999999166 0.000538757 -0.237993732 0.000715718 -0.000537909 0.999999642 7.959252834
0.999999464 0.000509018 -0.000870587 0.193648726 -0.000508167 0.999999344 0.000977552 -0.251669198 0.000871084 -0.000977109 0.999999106 8.289294243
0.999999285 0.000715184 -0.000938718 0.201240212 -0.000714400 0.999999404 0.000834919 -0.260263115 0.000939315 -0.000834248 0.999999225 8.618698120
0.999999702 0.000601288 -0.000470175 0.200443968 -0.000600982 0.999999583 0.000651801 -0.264522731 0.000470567 -0.000651518 0.999999642 8.963344574
0.999999702 0.000696223 -0.000329517 0.210460261 -0.000695862 0.999999166 0.001093754 -0.282344788 0.000330279 -0.001093524 0.999999404 9.288231850
0.999999583 0.000896877 -0.000092997 0.208510205 -0.000896810 0.999999344 0.000712832 -0.284733176 0.000093637 -0.000712749 0.999999762 9.658577919
0.999999225 0.001036291 -0.000708963 0.219325721 -0.001035346 0.999998569 0.001331914 -0.300692827 0.000710342 -0.001331179 0.999998868 9.977066994
0.999998987 0.001453999 -0.000326926 0.223402873 -0.001453650 0.999998391 0.001066944 -0.307120472 0.000328477 -0.001066468 0.999999344 10.341606140
0.999999166 0.001249132 -0.000316162 0.235296324 -0.001248523 0.999997377 0.001920692 -0.329037815 0.000318560 -0.001920296 0.999998152 10.681308746
0.999999464 0.000582772 -0.000753288 0.242688790 -0.000581551 0.999998510 0.001620863 -0.331295490 0.000754231 -0.001620424 0.999998450 11.061548233
0.999998808 0.001486208 -0.000252740 0.242232531 -0.001485986 0.999998510 0.000873248 -0.337685555 0.000254038 -0.000872871 0.999999583 11.449082375
0.999998927 0.001451192 -0.000238634 0.256716728 -0.001450834 0.999997854 0.001495396 -0.350003809 0.000240803 -0.001495048 0.999998868 11.821169853
0.999999225 0.001210389 -0.000223218 0.260172188 -0.001210148 0.999998629 0.001072013 -0.360856891 0.000224516 -0.001071742 0.999999404 12.216333389
0.999999404 0.001080325 -0.000193294 0.268637925 -0.001080146 0.999998927 0.000928197 -0.371025354 0.000194296 -0.000927987 0.999999523 12.607186317
0.999999404 0.001064094 -0.000051397 0.275306016 -0.001064027 0.999998569 0.001294336 -0.381184161 0.000052774 -0.001294281 0.999999166 13.003103256
0.999998868 0.001466331 0.000133547 0.280502081 -0.001466487 0.999998152 0.001173463 -0.393670261 -0.000131826 -0.001173657 0.999999285 13.408932686
0.999999106 0.001018215 0.000849413 0.287730277 -0.001019283 0.999998569 0.001257685 -0.402185202 -0.000848130 -0.001258550 0.999998808 13.819848061
0.999998808 0.001320966 0.000772015 0.292880297 -0.001321814 0.999998510 0.001099412 -0.412079126 -0.000770561 -0.001100431 0.999999106 14.237783432
0.999999046 0.001129918 0.000751044 0.308196485 -0.001130906 0.999998510 0.001316322 -0.427676439 -0.000749555 -0.001317170 0.999998868 14.651461601
0.999999106 0.000885030 0.001017642 0.316306025 -0.000886147 0.999998987 0.001097462 -0.435438544 -0.001016669 -0.001098363 0.999998927 15.084357262
0.999999046 0.000957937 0.000966839 0.327197731 -0.000959004 0.999998927 0.001103659 -0.446460068 -0.000965780 -0.001104585 0.999998927 15.530263901
0.999998152 0.001166555 0.001502669 0.333413243 -0.001167845 0.999998868 0.000857913 -0.456297576 -0.001501667 -0.000859666 0.999998510 15.972369194
0.999997616 0.001409512 0.001663848 0.344629914 -0.001411095 0.999998569 0.000950676 -0.467334777 -0.001662507 -0.000953022 0.999998152 16.417251587
0.999997020 0.001336683 0.002112006 0.352476478 -0.001338588 0.999998689 0.000900268 -0.480697036 -0.002110799 -0.000903092 0.999997377 16.862789154
0.999996185 0.001168709 0.002540374 0.362523198 -0.001171100 0.999998868 0.000939709 -0.494590163 -0.002539272 -0.000942681 0.999996305 17.315656662
0.999994397 0.001444818 0.003013325 0.368020684 -0.001447327 0.999998629 0.000830433 -0.501457155 -0.003012120 -0.000834790 0.999995112 17.785619736
0.999993682 0.001343953 0.003280166 0.381182849 -0.001345395 0.999998987 0.000437386 -0.512736619 -0.003279575 -0.000441796 0.999994516 18.250272751
0.999993563 0.001602008 0.003192276 0.396828920 -0.001604953 0.999998212 0.000920279 -0.527159154 -0.003190797 -0.000925397 0.999994457 18.720190048
0.999993145 0.001735311 0.003256686 0.410200357 -0.001738175 0.999998033 0.000876962 -0.539461613 -0.003255158 -0.000882616 0.999994278 19.187782288
0.999992907 0.001545199 0.003460446 0.428548872 -0.001547109 0.999998689 0.000549379 -0.548422694 -0.003459594 -0.000554728 0.999993861 19.668645859
0.999992430 0.001399744 0.003638024 0.426074207 -0.001401710 0.999998808 0.000537916 -0.561664462 -0.003637266 -0.000543011 0.999993205 20.168636322
0.999991417 0.002318590 0.003428120 0.441544950 -0.002320586 0.999997079 0.000578404 -0.577218711 -0.003426769 -0.000586354 0.999993920 20.660360336
0.999992490 0.002142082 0.003238241 0.454163015 -0.002143418 0.999997556 0.000409269 -0.583980024 -0.003237356 -0.000416207 0.999994695 21.160522461
0.999994099 0.002055056 0.002756765 0.463008225 -0.002057214 0.999997556 0.000780110 -0.604315877 -0.002755154 -0.000785777 0.999995887 21.667148590
0.999995232 0.001626747 0.002634504 0.473295033 -0.001629368 0.999998152 0.000993164 -0.623546064 -0.002632883 -0.000997452 0.999996066 22.169395447
0.999994755 0.002189628 0.002381523 0.482383490 -0.002191592 0.999997139 0.000822260 -0.632028282 -0.002379716 -0.000827475 0.999996841 22.690866470
0.999996722 0.002154609 0.001335953 0.498407483 -0.002156358 0.999996841 0.001308996 -0.654410422 -0.001333128 -0.001311873 0.999998212 23.214134216
0.999998212 0.001854405 0.000476733 0.511603951 -0.001855011 0.999997497 0.001272233 -0.670509100 -0.000474372 -0.001273115 0.999999106 23.738758087
0.999999464 0.001044998 0.000134110 0.516410887 -0.001045082 0.999999225 0.000630992 -0.682600021 -0.000133450 -0.000631132 0.999999762 24.270051956
0.999998331 0.001828062 0.000129272 0.518776417 -0.001828183 0.999997854 0.000946926 -0.693162501 -0.000127541 -0.000947161 0.999999583 24.814769745
0.999996185 0.002538240 -0.001111075 0.536750138 -0.002537088 0.999996185 0.001037430 -0.712676466 0.001113704 -0.001034607 0.999998868 25.343299866
0.999994040 0.003066306 -0.001610878 0.540487289 -0.003064884 0.999994934 0.000884311 -0.721353352 0.001613581 -0.000879368 0.999998331 25.901477814
0.999995530 0.002056994 -0.002194274 0.558048069 -0.002054429 0.999997199 0.001170459 -0.742519140 0.002196676 -0.001165946 0.999996960 26.445001602
0.999994993 0.002066270 -0.002399898 0.560428381 -0.002061942 0.999996245 0.001804783 -0.758019090 0.002403618 -0.001799825 0.999995470 26.986104965
0.999995649 0.001732120 -0.002401412 0.571272731 -0.001727661 0.999996841 0.001857342 -0.777412117 0.002404621 -0.001853185 0.999995351 27.530410767
0.999992490 0.003198170 -0.002180393 0.569645226 -0.003195501 0.999994099 0.001226238 -0.783783913 0.002184302 -0.001219261 0.999996841 28.103590012
0.999990106 0.003092862 -0.003199692 0.578493714 -0.003087430 0.999993801 0.001701101 -0.802586317 0.003204933 -0.001691205 0.999993443 28.640781403
0.999990582 0.002425562 -0.003609354 0.588786066 -0.002419324 0.999995530 0.001731808 -0.815165997 0.003613539 -0.001723059 0.999992013 29.184663773
0.999988258 0.002847073 -0.003919227 0.597736835 -0.002839172 0.999993920 0.002019942 -0.833875000 0.003924954 -0.002008791 0.999990284 29.736782074
0.999987423 0.002768375 -0.004165125 0.601140082 -0.002760277 0.999994278 0.001948389 -0.845171094 0.004170495 -0.001936869 0.999989390 30.282207489
0.999986768 0.002517573 -0.004500131 0.615558207 -0.002509952 0.999995410 0.001698388 -0.862083256 0.004504386 -0.001687070 0.999988437 30.823883057
0.999984443 0.002499635 -0.004991177 0.623122811 -0.002489858 0.999994993 0.001964352 -0.877783835 0.004996062 -0.001951894 0.999985635 31.381221771
0.999982834 0.002713268 -0.005196393 0.631218433 -0.002703277 0.999994457 0.001928720 -0.889337361 0.005201597 -0.001914640 0.999984622 31.933885574
0.999981225 0.002638170 -0.005543021 0.644539535 -0.002625560 0.999993861 0.002280911 -0.910172641 0.005549004 -0.002266315 0.999981999 32.474655151
0.999981105 0.002759732 -0.005487664 0.644698501 -0.002748225 0.999994040 0.002103400 -0.915247142 0.005493436 -0.002088279 0.999982715 33.028587341
0.999977827 0.002985735 -0.005949807 0.656688571 -0.002975113 0.999994040 0.001793257 -0.937113464 0.005955125 -0.001775516 0.999980688 33.558193207
0.999978125 0.003058075 -0.005865625 0.659201801 -0.003046006 0.999993205 0.002065467 -0.943728089 0.005871902 -0.002047555 0.999980688 34.129917145
0.999976933 0.002731125 -0.006219716 0.664024115 -0.002718050 0.999994040 0.002109764 -0.960708797 0.006225441 -0.002092810 0.999978483 34.673202515
0.999977648 0.002772648 -0.006087499 0.675418496 -0.002759207 0.999993742 0.002215353 -0.975816369 0.006093604 -0.002198507 0.999978960 35.214733124
0.999976575 0.002404061 -0.006411911 0.678582549 -0.002392808 0.999995649 0.001762128 -0.987712264 0.006416119 -0.001746745 0.999977887 35.768020630
0.999977589 0.003412686 -0.005765232 0.678814054 -0.003403089 0.999992788 0.001673791 -1.006165504 0.005770902 -0.001654135 0.999981999 36.313247681
0.999975085 0.002736635 -0.006503601 0.696241856 -0.002723721 0.999994278 0.001993652 -1.014367938 0.006509020 -0.001975889 0.999976814 36.852237701
0.999974489 0.003573612 -0.006194610 0.700591087 -0.003561456 0.999991715 0.001972072 -1.027710199 0.006201607 -0.001949960 0.999978840 37.397125244
0.999970913 0.003160736 -0.006937802 0.709938645 -0.003146559 0.999992967 0.002053399 -1.048893690 0.006944243 -0.002031509 0.999973834 37.959743500
0.999973834 0.002815058 -0.006654743 0.713739097 -0.002803767 0.999994636 0.001705328 -1.060761452 0.006659508 -0.001686625 0.999976397 38.511253357
0.999974251 0.003219481 -0.006419173 0.718309820 -0.003209087 0.999993563 0.001628859 -1.074768186 0.006424376 -0.001608217 0.999978065 39.063179016
0.999970615 0.003151388 -0.006985162 0.724350691 -0.003132802 0.999991536 0.002669986 -1.103362799 0.006993517 -0.002648024 0.999972045 39.601829529
0.999970734 0.003644712 -0.006729131 0.731179535 -0.003629795 0.999990940 0.002227634 -1.114070654 0.006737188 -0.002203143 0.999974906 40.150932312
0.999968112 0.003209627 -0.007316383 0.745244741 -0.003187982 0.999990463 0.002967973 -1.136074305 0.007325839 -0.002944554 0.999968827 40.712089539
0.999967456 0.003467052 -0.007286802 0.760209143 -0.003443332 0.999988675 0.003265294 -1.152751684 0.007298040 -0.003240097 0.999968171 41.249099731
0.999968886 0.003174942 -0.007223940 0.762907982 -0.003154746 0.999991119 0.002805429 -1.159399867 0.007232782 -0.002782552 0.999969959 41.803817749
0.999969363 0.003552275 -0.006977779 0.742094278 -0.003532988 0.999989927 0.002774424 -1.168612957 0.006987564 -0.002749686 0.999971807 42.349113464
0.999969959 0.003610807 -0.006860650 0.751338184 -0.003593891 0.999990523 0.002476360 -1.178085685 0.006869526 -0.002451629 0.999973476 42.905387878
0.999971747 0.003778833 -0.006497643 0.759349465 -0.003760971 0.999989212 0.002759015 -1.193210006 0.006507998 -0.002734500 0.999975026 43.443527222
0.999972224 0.003572842 -0.006535644 0.751138210 -0.003553871 0.999989450 0.002911928 -1.210392237 0.006545979 -0.002888621 0.999974430 43.999309540
0.999974310 0.003291920 -0.006368830 0.757273197 -0.003271000 0.999989212 0.003292426 -1.227453113 0.006379600 -0.003271510 0.999974370 44.540069580
0.999977112 0.004157968 -0.005330055 0.754224956 -0.004140828 0.999986231 0.003222890 -1.240624428 0.005343381 -0.003200746 0.999980688 45.095970154
0.999970317 0.003645424 -0.006802495 0.774425745 -0.003627772 0.999990046 0.002605618 -1.244551063 0.006811927 -0.002580863 0.999973416 45.656795502
0.999975622 0.003667928 -0.005946435 0.782711923 -0.003653320 0.999990284 0.002465611 -1.260826826 0.005955421 -0.002443826 0.999979258 46.198127747
0.999974668 0.003170099 -0.006371969 0.793180943 -0.003156492 0.999992788 0.002144234 -1.269063234 0.006378720 -0.002124067 0.999977410 46.742202759
0.999967396 0.003631193 -0.007203599 0.805528045 -0.003609937 0.999989092 0.002961597 -1.286761165 0.007214275 -0.002935496 0.999969661 47.305664062
0.999965072 0.002993409 -0.007797089 0.819766700 -0.002971999 0.999991775 0.002756112 -1.299542904 0.007805277 -0.002732843 0.999965727 47.842258453
0.999967933 0.004215936 -0.006800934 0.812504947 -0.004197571 0.999987423 0.002712331 -1.308513284 0.006812284 -0.002683697 0.999973178 48.400707245
0.999968112 0.003567254 -0.007133355 0.819679976 -0.003548806 0.999990344 0.002597126 -1.317860723 0.007142550 -0.002571729 0.999971211 48.961208344
0.999970198 0.003924787 -0.006646116 0.824217319 -0.003905509 0.999988139 0.002910957 -1.332681417 0.006657462 -0.002884915 0.999973714 49.511249542
0.999972045 0.004251281 -0.006149456 0.832636833 -0.004232835 0.999986470 0.003009640 -1.350894451 0.006162168 -0.002983527 0.999976575 50.054462433
0.999966025 0.003578304 -0.007425855 0.849033952 -0.003560774 0.999990821 0.002372527 -1.359799147 0.007434278 -0.002346004 0.999969542 50.629810333
0.999967337 0.003504928 -0.007284286 0.855278730 -0.003491636 0.999992192 0.001836719 -1.372573853 0.007290667 -0.001811226 0.999971747 51.174312592
0.999967813 0.003729213 -0.007108258 0.860043287 -0.003718984 0.999992073 0.001451822 -1.381743550 0.007113616 -0.001425340 0.999973595 51.727115631
0.999962091 0.003511162 -0.007966259 0.870328426 -0.003494051 0.999991536 0.002160829 -1.404058933 0.007973780 -0.002132913 0.999965847 52.295566559
0.999962807 0.003319329 -0.007962723 0.882642210 -0.003306933 0.999993265 0.001569333 -1.417435646 0.007967879 -0.001542942 0.999967039 52.842357635
0.999964774 0.003422322 -0.007665963 0.883229077 -0.003404574 0.999991477 0.002326887 -1.435593724 0.007673861 -0.002300706 0.999967873 53.379974365
0.999963224 0.003648263 -0.007758632 0.887732744 -0.003630049 0.999990582 0.002360535 -1.451169372 0.007767172 -0.002332284 0.999967098 53.928504944
0.999969363 0.003778004 -0.006853728 0.887329042 -0.003761822 0.999990046 0.002372472 -1.464877367 0.006862624 -0.002346617 0.999973655 54.481369019
0.999963999 0.003777919 -0.007600365 0.900802195 -0.003761624 0.999990523 0.002157087 -1.476780772 0.007608443 -0.002128419 0.999968767 55.023670197
0.999966025 0.003703481 -0.007374958 0.902502656 -0.003690024 0.999991536 0.001837437 -1.491711855 0.007381700 -0.001810161 0.999971092 55.570487976
0.999965012 0.003865037 -0.007420282 0.911817074 -0.003848433 0.999990046 0.002250635 -1.505694628 0.007428907 -0.002222000 0.999969959 56.117794037
0.999963880 0.003616546 -0.007687288 0.915486217 -0.003600356 0.999991238 0.002118676 -1.518482924 0.007694882 -0.002090922 0.999968231 56.660247803
0.999965668 0.003556096 -0.007484366 0.927691698 -0.003540125 0.999991477 0.002146159 -1.539275289 0.007491933 -0.002119590 0.999969661 57.198234558
0.999963284 0.004064675 -0.007533467 0.934854984 -0.004048297 0.999989331 0.002187905 -1.548529148 0.007542280 -0.002157327 0.999969244 57.755233765
0.999959826 0.003896548 -0.008066061 0.943527460 -0.003878333 0.999989808 0.002272668 -1.567055464 0.008074833 -0.002241294 0.999964952 58.296222687
0.999966919 0.004068757 -0.007041277 0.947374284 -0.004051790 0.999988735 0.002422218 -1.580059528 0.007051054 -0.002393608 0.999972284 58.836601257
0.999967158 0.003789457 -0.007153719 0.943679214 -0.003777781 0.999991536 0.001644937 -1.581761122 0.007159892 -0.001617858 0.999972999 59.391529083
0.999966204 0.004134685 -0.007093917 0.950482965 -0.004125511 0.999990702 0.001307366 -1.596436858 0.007099257 -0.001278056 0.999973893 59.936801910
0.999964416 0.004170790 -0.007333118 0.955272555 -0.004159919 0.999990225 0.001496953 -1.609869123 0.007339290 -0.001466395 0.999971986 60.481498718
0.999963582 0.004805089 -0.007063298 0.958672166 -0.004795240 0.999987543 0.001410560 -1.622658134 0.007069988 -0.001376638 0.999974012 61.034416199
0.999965072 0.004391197 -0.007103057 0.968449473 -0.004380663 0.999989271 0.001498045 -1.640667796 0.007109558 -0.001466876 0.999973655 61.574634552
0.999966264 0.004789378 -0.006667036 0.973443508 -0.004776905 0.999986827 0.001885588 -1.655322909 0.006675978 -0.001853676 0.999976039 62.126174927
0.999961674 0.004423732 -0.007552202 0.993248701 -0.004412679 0.999989092 0.001479512 -1.668053508 0.007558666 -0.001446130 0.999970317 62.669216156
0.999963403 0.004473623 -0.007287894 0.999076486 -0.004462993 0.999988914 0.001474210 -1.684657216 0.007294409 -0.001441631 0.999972343 63.214637756
0.999964416 0.004820448 -0.006923201 0.997494161 -0.004807173 0.999986589 0.001932888 -1.701714158 0.006932426 -0.001899539 0.999974132 63.764698029
0.999960780 0.004417537 -0.007675122 1.010109425 -0.004405098 0.999988973 0.001636708 -1.716810465 0.007682267 -0.001602834 0.999969184 64.318817139
0.999963999 0.004582746 -0.007138761 1.008478403 -0.004571190 0.999988258 0.001634040 -1.730671048 0.007146166 -0.001601349 0.999973118 64.867500305
0.999962091 0.004884706 -0.007213037 1.020393610 -0.004870335 0.999986172 0.002008502 -1.744715095 0.007222749 -0.001973296 0.999971867 65.408897400
0.999962807 0.004390166 -0.007426133 1.021234989 -0.004378247 0.999989092 0.001620812 -1.759818554 0.007433168 -0.001588238 0.999971092 65.947608948
0.999962509 0.004438480 -0.007439150 1.031759739 -0.004428255 0.999989152 0.001390531 -1.772613049 0.007445242 -0.001357536 0.999971390 66.501899719
0.999966621 0.004408805 -0.006887180 1.033130407 -0.004403506 0.999990046 0.000784259 -1.777099371 0.006890569 -0.000753905 0.999975979 67.057563782
0.999961376 0.004680481 -0.007449650 1.049050331 -0.004668060 0.999987662 0.001683756 -1.803796649 0.007457440 -0.001648916 0.999970794 67.597297668
0.999962986 0.004310132 -0.007450272 1.044627309 -0.004295243 0.999988735 0.002013518 -1.817986250 0.007458868 -0.001981442 0.999970138 68.126976013
0.999964893 0.004534815 -0.007057537 1.053031921 -0.004515494 0.999985993 0.002751219 -1.840730071 0.007069916 -0.002719253 0.999971271 68.663978577
0.999964297 0.004508642 -0.007155897 1.061494946 -0.004492495 0.999987364 0.002270941 -1.855437279 0.007166045 -0.002238712 0.999971807 69.208900452
0.999961972 0.004978925 -0.007149782 1.052595854 -0.004963552 0.999985337 0.002166183 -1.868356705 0.007160462 -0.002130612 0.999972105 69.753967285
0.999966323 0.004937421 -0.006552996 1.058792591 -0.004926575 0.999986470 0.001670213 -1.877030253 0.006561154 -0.001637873 0.999977171 70.303451538
0.999967933 0.005164348 -0.006112956 1.059810162 -0.005151030 0.999984384 0.002192536 -1.899010420 0.006124183 -0.002160977 0.999978900 70.858314514
0.999964654 0.004420860 -0.007154233 1.073743701 -0.004409242 0.999988914 0.001638933 -1.904853344 0.007161400 -0.001607330 0.999973059 71.391403198
0.999963760 0.004707629 -0.007102408 1.085505247 -0.004695357 0.999987483 0.001743574 -1.921777725 0.007110528 -0.001710162 0.999973238 71.937416077
0.999964356 0.004679358 -0.007038825 1.094769716 -0.004667116 0.999987543 0.001754569 -1.933599949 0.007046948 -0.001721655 0.999973714 72.488494873
0.999962091 0.005108188 -0.007040836 1.089273930 -0.005096275 0.999985576 0.001708719 -1.950832605 0.007049462 -0.001672772 0.999973774 73.021873474
0.999964595 0.004982011 -0.006774578 1.098527431 -0.004968260 0.999985576 0.002045091 -1.971111298 0.006784669 -0.002011361 0.999975026 73.563987732
0.999961555 0.005018238 -0.007191837 1.105387449 -0.005005413 0.999985874 0.001800169 -1.980097175 0.007200769 -0.001764102 0.999972582 74.119712830
0.999962807 0.004610972 -0.007289421 1.111500978 -0.004597723 0.999987721 0.001833403 -1.993559122 0.007297786 -0.001799820 0.999971747 74.645378113
0.999962628 0.004450749 -0.007412508 1.124725819 -0.004434373 0.999987662 0.002224430 -2.010743618 0.007422317 -0.002191477 0.999970078 75.186187744
0.999961674 0.005361765 -0.006922749 1.122645140 -0.005345733 0.999983072 0.002332153 -2.026311874 0.006935135 -0.002295056 0.999973357 75.732330322
0.999962211 0.004324919 -0.007542497 1.139727473 -0.004308578 0.999988317 0.002181333 -2.043790579 0.007551843 -0.002148754 0.999969125 76.283996582
0.999957919 0.004782641 -0.007836831 1.147708654 -0.004766571 0.999986470 0.002068046 -2.057836056 0.007846616 -0.002030605 0.999967158 76.827583313
0.999964952 0.004388844 -0.007129983 1.151836276 -0.004374498 0.999988377 0.002026333 -2.072274923 0.007138794 -0.001995071 0.999972522 77.402732849
0.999959528 0.004277294 -0.007905106 1.162183762 -0.004261198 0.999988794 0.002051823 -2.086029291 0.007913794 -0.002018055 0.999966621 77.946662903
0.999962270 0.003557714 -0.007926133 1.180230856 -0.003535820 0.999989927 0.002774581 -2.108645916 0.007935924 -0.002746451 0.999964714 78.494720459
0.999961495 0.004875553 -0.007294368 1.175617218 -0.004861120 0.999986112 0.001995175 -2.111539602 0.007303994 -0.001959640 0.999971390 79.041435242
0.999962568 0.004332141 -0.007479711 1.190284014 -0.004317126 0.999988556 0.002022451 -2.126380444 0.007488388 -0.001990085 0.999969959 79.587654114
0.999964774 0.004639017 -0.006988054 1.186312437 -0.004627303 0.999987900 0.001691662 -2.138214827 0.006995816 -0.001659266 0.999974132 80.136878967
0.999959707 0.005266093 -0.007265210 1.198005080 -0.005252498 0.999984443 0.001889107 -2.153590679 0.007275044 -0.001850871 0.999971807 80.692680359
0.999967039 0.005051732 -0.006359192 1.209612846 -0.005039274 0.999985337 0.001973563 -2.168637276 0.006369069 -0.001941452 0.999977827 81.249748230
0.999969423 0.005820388 -0.005211647 1.215809584 -0.005809666 0.999980986 0.002070198 -2.183666945 0.005223596 -0.002039857 0.999984264 81.791519165
0.999977946 0.005323363 -0.003976378 1.224658608 -0.005316077 0.999984205 0.001840862 -2.198793888 0.003986114 -0.001819683 0.999990404 82.320755005
0.999982178 0.005304724 -0.002724022 1.234800220 -0.005299585 0.999984145 0.001890300 -2.211075306 0.002734006 -0.001875831 0.999994516 82.866165161
0.999984622 0.005525473 0.000454071 1.250845909 -0.005526216 0.999983370 0.001653312 -2.222934484 -0.000444928 -0.001655796 0.999998510 83.419326782
0.999976873 0.004955419 0.004658388 1.264547706 -0.004964886 0.999985635 0.002022764 -2.243390560 -0.004648298 -0.002045846 0.999987125 83.954673767
0.999955773 0.005724445 0.007456872 1.288080454 -0.005740643 0.999981225 0.002152865 -2.265549421 -0.007444407 -0.002195577 0.999969900 84.523811340
0.999901712 0.005667457 0.012822103 1.309890509 -0.005696796 0.999981225 0.002252819 -2.283438206 -0.012809095 -0.002325642 0.999915302 85.071861267
0.999813080 0.006196938 0.018314119 1.337707758 -0.006246899 0.999976933 0.002672100 -2.298936605 -0.018297138 -0.002786007 0.999828756 85.624588013
0.999700010 0.005444546 0.023879029 1.359535217 -0.005502746 0.999982059 0.002372286 -2.317727566 -0.023865677 -0.002502974 0.999712050 86.188262939
0.999550521 0.004752866 0.029597554 1.395146489 -0.004821487 0.999985874 0.002247534 -2.332099199 -0.029586457 -0.002389228 0.999559343 86.732292175
0.999280751 0.004929146 0.037597142 1.430597782 -0.005028561 0.999984026 0.002550074 -2.351710558 -0.037583977 -0.002737299 0.999289811 87.284088135
0.998929203 0.005554438 0.045933340 1.471013308 -0.005675116 0.999980807 0.002497235 -2.365525246 -0.045918584 -0.002755238 0.998941302 87.857749939
0.998586297 0.005855991 0.052832067 1.511189938 -0.006012379 0.999978125 0.002801651 -2.380217552 -0.052814499 -0.003115336 0.998599350 88.405624390
0.998072207 0.005269661 0.061838962 1.565438271 -0.005442728 0.999981821 0.002630560 -2.389972925 -0.061823983 -0.002962062 0.998082697 88.949737549
0.997402310 0.005302101 0.071836948 1.628937721 -0.005489684 0.999981940 0.002414049 -2.403947353 -0.071822859 -0.002802141 0.997413456 89.519966125
0.996752858 0.004026860 0.080421388 1.688011169 -0.004185976 0.999989629 0.001810036 -2.405219078 -0.080413267 -0.002140800 0.996759355 90.071952820
0.996058881 0.004862673 0.088561274 1.755599976 -0.005036868 0.999985814 0.001743573 -2.427260160 -0.088551536 -0.002182773 0.996069133 90.631637573
0.995067596 0.004909209 0.099078208 1.832835197 -0.005085132 0.999985933 0.001523131 -2.438456774 -0.099069327 -0.002019444 0.995078504 91.177947998
0.993942320 0.004994148 0.109789565 1.913082123 -0.005261306 0.999983788 0.002143795 -2.455473661 -0.109777085 -0.002708445 0.993952513 91.740715027
0.992916942 0.003837754 0.118748046 2.002346039 -0.004086460 0.999989867 0.001850990 -2.468654156 -0.118739747 -0.002323138 0.992922604 92.283119202
0.991514266 0.004678383 0.129913971 2.088800430 -0.004982435 0.999985516 0.002015485 -2.480743408 -0.129902661 -0.002645670 0.991523206 92.816177368
0.989822745 0.004445308 0.142236441 2.187815666 -0.004746664 0.999987066 0.001779462 -2.499860048 -0.142226726 -0.002436500 0.989831030 93.398925781
0.988215923 0.004068695 0.153012499 2.290903091 -0.004440836 0.999987900 0.002090413 -2.519015074 -0.153002173 -0.002745283 0.988222063 93.941291809
0.986505985 0.003860577 0.163679495 2.396725655 -0.004240563 0.999989033 0.001972178 -2.525878906 -0.163670093 -0.002639659 0.986511528 94.503768921
0.984396040 0.003955241 0.175921991 2.525065422 -0.004410456 0.999987841 0.002196675 -2.550318718 -0.175911158 -0.002938295 0.984401643 95.022216797
0.982110202 0.003267938 0.188278750 2.643960953 -0.003609750 0.999992371 0.001472599 -2.549857140 -0.188272506 -0.002125894 0.982114553 95.547332764
0.979854524 0.003210950 0.199686602 2.760957718 -0.003690701 0.999991119 0.002030327 -2.566405296 -0.199678302 -0.002726409 0.979857683 96.122962952
0.977041900 0.003701781 0.213014975 2.898357391 -0.004301241 0.999987960 0.002350797 -2.583781242 -0.213003740 -0.003213055 0.977046072 96.658630371
0.974191487 0.003035668 0.225703120 3.055543900 -0.003652234 0.999990582 0.002314258 -2.593893290 -0.225693986 -0.003078851 0.974193335 97.172836304
0.971613407 0.002870320 0.236557007 3.200624466 -0.003543148 0.999990702 0.002419187 -2.614260435 -0.236547872 -0.003188671 0.971614540 97.670440674
0.968465567 0.002140341 0.249138296 3.356330872 -0.002627828 0.999995351 0.001624115 -2.621300697 -0.249133632 -0.002227593 0.968466580 98.287467957
0.964902878 0.002032826 0.262599170 3.524124146 -0.002661813 0.999994457 0.002039517 -2.638358355 -0.262593538 -0.002666925 0.964902878 98.808799744
0.961285472 0.002127915 0.275546193 3.687927246 -0.002761132 0.999994338 0.001910143 -2.651661634 -0.275540560 -0.002597013 0.961285949 99.324005127
0.957973540 0.000873496 0.286855102 3.860046387 -0.001512244 0.999996841 0.002005183 -2.674528599 -0.286852479 -0.002354707 0.957971871 99.863754272
0.953687608 0.001102549 0.300796956 4.042575836 -0.001757723 0.999996543 0.001907511 -2.686321735 -0.300793827 -0.002347888 0.953686357 100.379486084
0.949441195 0.000781701 0.313943952 4.243415833 -0.001449524 0.999997139 0.001893775 -2.699723721 -0.313941598 -0.002253097 0.949439645 100.898506165
0.945364594 0.000699380 0.326014161 4.439189911 -0.001410426 0.999997079 0.001944666 -2.711106777 -0.326011866 -0.002298237 0.945362866 101.436042786
0.940800428 0.000729750 0.338960201 4.649707794 -0.001443954 0.999997258 0.001854861 -2.727507830 -0.338957936 -0.002234497 0.940798819 101.955856323
0.935580134 0.000037326 0.353114367 4.865131378 -0.000771140 0.999997854 0.001937437 -2.747872829 -0.353113562 -0.002084929 0.935578108 102.448554993
0.930751324 0.000514317 0.365652412 5.078722000 -0.001343067 0.999997079 0.002012146 -2.759249210 -0.365650296 -0.002363903 0.930749297 102.966056824
0.926246941 -0.000938288 0.376916140 5.327001572 0.000371172 0.999998689 0.001577246 -2.766702175 -0.376917124 -0.001321019 0.926246047 103.482940674
0.920226395 -0.001355896 0.391384274 5.562526703 0.000628228 0.999997854 0.001987257 -2.781830788 -0.391386092 -0.001582847 0.920225203 103.980560303
0.914626718 -0.001337859 0.404297054 5.814495087 0.000702678 0.999998212 0.001719450 -2.795376539 -0.404298693 -0.001288565 0.914626002 104.502662659
0.909902394 -0.002149955 0.414816827 6.066059113 0.001460830 0.999996960 0.001978549 -2.817330122 -0.414819837 -0.001194310 0.909902751 104.969512939
0.903902173 -0.002826381 0.427729696 6.332328796 0.002061981 0.999995232 0.002250345 -2.838293314 -0.427734107 -0.001152122 0.903903842 105.442794800
0.896939814 -0.002324993 0.442146450 6.602695465 0.001524723 0.999996483 0.002165345 -2.852594376 -0.442149937 -0.001268033 0.896940172 105.990310669
0.891085565 -0.003107871 0.453824759 6.870845795 0.002358028 0.999994755 0.002218150 -2.865085602 -0.453829259 -0.000906430 0.891088188 106.470123291
0.885325074 -0.003466903 0.464959681 7.142158508 0.002590250 0.999993384 0.002524235 -2.880269289 -0.464965463 -0.001030406 0.885328233 106.966857910
0.878275692 -0.003559879 0.478141308 7.430179596 0.002856922 0.999993503 0.002197448 -2.889094114 -0.478146046 -0.000563953 0.878280163 107.444869995
0.871254206 -0.003997819 0.490815848 7.711944580 0.003294401 0.999991953 0.002297248 -2.903140545 -0.490821093 -0.000384542 0.871260285 107.912010193
