1.000000000 0.000000000 0.000000000 0.000000000 0.000000000 1.000000000 0.000000000 0.000000000 0.000000000 0.000000000 1.000000000 0.000000000
1.000000000 0.000153366 0.000105402 -0.000406140 -0.000153370 1.000000000 0.000032109 -0.000029703 -0.000105397 -0.000032125 1.000000000 0.000188881
1.000000000 0.000123495 0.000031479 0.004840999 -0.000123496 1.000000000 0.000025042 0.000871838 -0.000031476 -0.000025046 1.000000000 -0.001266045
1.000000000 0.000035204 -0.000036632 0.002283484 -0.000035203 1.000000000 0.000025178 -0.000350673 0.000036633 -0.000025176 1.000000000 -0.001758476
1.000000000 0.000097158 0.000086682 -0.001368735 -0.000097155 1.000000000 -0.000030824 0.001591530 -0.000086685 0.000030816 1.000000000 0.001879051
1.000000000 0.000027975 -0.000001475 0.000477205 -0.000027975 1.000000000 0.000036821 0.002568037 0.000001476 -0.000036821 1.000000000 -0.006800144
1.000000000 -0.000021603 0.000127073 -0.002415725 0.000021596 1.000000000 0.000059329 0.001947322 -0.000127074 -0.000059327 1.000000000 -0.001030324
1.000000000 0.000129934 0.000060768 0.000681360 -0.000129931 1.000000000 -0.000052442 -0.000465207 -0.000060775 0.000052434 1.000000000 -0.003178898
1.000000000 0.000041669 0.000046970 0.000542127 -0.000041671 1.000000000 0.000033154 0.000210937 -0.000046969 -0.000033156 1.000000000 -0.001882271
1.000000000 0.000023340 0.000007067 -0.000335209 -0.000023340 1.000000000 0.000062445 0.001539792 -0.000007065 -0.000062445 1.000000000 -0.006437416
1.000000000 -0.000155301 -0.000034452 0.001286239 0.000155302 1.000000000 0.000014318 -0.000416969 0.000034450 -0.000014323 1.000000000 -0.002199651
1.000000000 -0.000095009 0.000000223 -0.000294755 0.000095009 1.000000000 0.000022337 -0.001548810 -0.000000225 -0.000022337 1.000000000 -0.002272346
1.000000000 -0.000047441 0.000047356 0.001794407 0.000047439 1.000000000 0.000044137 0.000112705 -0.000047358 -0.000044135 1.000000000 -0.002022278
0.999999940 -0.000257290 -0.000044024 0.000932774 0.000257294 0.999999940 0.000085540 0.000985968 0.000044002 -0.000085552 1.000000000 -0.003557599
1.000000000 -0.000240830 -0.000029505 0.000174992 0.000240830 1.000000000 0.000004727 0.000224327 0.000029504 -0.000004734 1.000000000 -0.001161505
1.000000000 -0.000165480 0.000094097 -0.002450394 0.000165478 1.000000000 0.000018441 -0.001567783 -0.000094100 -0.000018425 1.000000000 -0.002931772
1.000000000 0.000054069 0.000052886 -0.002335260 -0.000054072 1.000000000 0.000048869 0.000359234 -0.000052884 -0.000048871 1.000000000 -0.004764349
1.000000000 -0.000208364 -0.000008024 0.000415813 0.000208364 1.000000000 0.000074289 -0.000668527 0.000008009 -0.000074291 1.000000000 -0.004722570
1.000000000 -0.000029571 -0.000020831 0.001474053 0.000029570 1.000000000 -0.000038935 -0.000766034 0.000020832 0.000038935 1.000000000 -0.009647123
0.999999940 -0.000242961 -0.000052626 0.002735256 0.000242967 0.999999940 0.000118317 -0.004260829 0.000052597 -0.000118329 1.000000000 -0.007664742
1.000000000 -0.000018797 0.000087969 -0.000628513 0.000018792 1.000000000 0.000063388 -0.001519216 -0.000087970 -0.000063386 1.000000000 -0.003924001
1.000000000 -0.000086095 -0.000007228 0.001878510 0.000086096 1.000000000 0.000098376 -0.001076787 0.000007220 -0.000098377 1.000000000 -0.006480038
1.000000000 -0.000137034 0.000044375 0.000342278 0.000137030 1.000000000 0.000077707 0.001472137 -0.000044386 -0.000077701 1.000000000 -0.009474237
1.000000000 -0.000111055 -0.000108534 0.005994259 0.000111066 1.000000000 0.000100441 -0.000996402 0.000108523 -0.000100453 1.000000000 -0.010206007
1.000000000 -0.000069923 -0.000004351 0.000370595 0.000069924 1.000000000 0.000042004 -0.000571262 0.000004348 -0.000042004 1.000000000 -0.005639230
1.000000000 -0.000040579 0.000089448 -0.004150604 0.000040583 1.000000000 -0.000036874 -0.000239073 -0.000089447 0.000036877 1.000000000 -0.003770498
1.000000000 -0.000111799 0.000079068 -0.004178680 0.000111793 1.000000000 0.000067178 -0.000546297 -0.000079075 -0.000067169 1.000000000 -0.004439763
0.999999940 -0.000281423 -0.000082587 -0.002208487 0.000281429 0.999999940 0.000067974 0.001518334 0.000082568 -0.000067997 1.000000000 -0.003522610
1.000000000 -0.000082642 -0.000016272 -0.000144881 0.000082643 1.000000000 0.000062410 -0.001368538 0.000016267 -0.000062411 1.000000000 0.000649261
1.000000000 -0.000149381 0.000005603 -0.003067839 0.000149380 1.000000000 0.000138672 -0.000693527 -0.000005624 -0.000138671 1.000000000 0.000294219
1.000000000 -0.000199111 0.000032219 -0.003464328 0.000199105 0.999999940 0.000193767 -0.001348992 -0.000032257 -0.000193761 1.000000000 -0.004940289
1.000000000 -0.000160718 -0.000018281 0.000855944 0.000160721 1.000000000 0.000152872 -0.002365240 0.000018256 -0.000152875 1.000000000 -0.005422202
1.000000000 -0.000021156 0.000041521 -0.003864615 0.000021154 1.000000000 0.000046004 0.000201830 -0.000041522 -0.000046003 1.000000000 -0.003835513
1.000000000 -0.000058200 0.000030313 -0.003312277 0.000058203 1.000000000 -0.000103094 0.006190043 -0.000030307 0.000103096 1.000000000 -0.005813352
1.000000000 -0.000204292 -0.000037452 -0.001966801 0.000204288 1.000000000 -0.000100517 0.001719669 0.000037473 0.000100509 1.000000000 -0.003385617
1.000000000 -0.000153702 -0.000029785 -0.001381743 0.000153702 1.000000000 -0.000017155 0.000806145 0.000029788 0.000017150 1.000000000 -0.004141478
0.999999940 -0.000326195 -0.000031964 -0.002981669 0.000326200 0.999999940 0.000164101 -0.002415236 0.000031911 -0.000164112 1.000000000 -0.004681607
1.000000000 -0.000062044 0.000015359 -0.000952866 0.000062042 1.000000000 0.000117444 -0.000774811 -0.000015366 -0.000117443 1.000000000 -0.001159803
0.999999881 -0.000457670 -0.000166787 0.003797140 0.000457691 0.999999881 0.000124278 -0.001122213 0.000166730 -0.000124355 1.000000000 -0.003092594
1.000000000 -0.000087669 -0.000002818 0.004888404 0.000087668 0.999999881 -0.000527359 -0.007280764 0.000002864 0.000527359 0.999999881 0.043407548
1.000000000 -0.000219701 -0.000032219 0.002664133 0.000219665 0.999999344 -0.001120566 -0.004912893 0.000032465 0.001120559 0.999999344 0.138494655
0.999999940 -0.000354061 -0.000213471 0.007458096 0.000353757 0.999998927 -0.001419416 -0.010478084 0.000213973 0.001419341 0.999998987 0.257002473
1.000000000 -0.000102971 0.000018777 0.001819925 0.000102996 0.999999106 -0.001335301 -0.015168322 -0.000018640 0.001335303 0.999999106 0.385693103
1.000000000 -0.000169514 -0.000142044 0.007608131 0.000169348 0.999999285 -0.001166640 -0.018198565 0.000142241 0.001166616 0.999999285 0.533215880
1.000000000 0.000112002 0.000045504 0.008583313 -0.000111946 0.999999225 -0.001223225 -0.020620821 -0.000045641 0.001223220 0.999999225 0.697571039
0.999999940 -0.000401740 0.000030137 0.024749734 0.000401766 0.999999583 -0.000847884 -0.024408367 -0.000029796 0.000847896 0.999999642 0.873299718
1.000000000 -0.000120719 -0.000187917 0.023173904 0.000120597 0.999999762 -0.000651910 -0.031666517 0.000187996 0.000651887 0.999999762 1.024397612
0.999999881 0.000172402 0.000398741 0.016745929 -0.000172042 0.999999583 -0.000902328 -0.039604705 -0.000398897 0.000902259 0.999999523 1.214252234
0.999999881 -0.000482550 -0.000043278 0.034166995 0.000482540 0.999999881 -0.000243150 -0.054048754 0.000043396 0.000243129 0.999999940 1.413774848
0.999999881 -0.000322035 -0.000410961 0.042901248 0.000321854 0.999999881 -0.000440651 -0.048634857 0.000411103 0.000440519 0.999999821 1.630077362
0.999999881 -0.000502401 -0.000021713 0.035402346 0.000502400 0.999999881 -0.000073270 -0.064793304 0.000021750 0.000073259 1.000000000 1.827050447
0.999994040 -0.001499409 0.003117071 -0.027661033 0.001500752 0.999998808 -0.000428609 -0.072091512 -0.003116424 0.000433284 0.999995053 1.933913946
0.999993503 -0.001611358 0.003235457 -0.022040077 0.001613018 0.999998569 -0.000510439 -0.075469032 -0.003234630 0.000515654 0.999994636 2.163325071
0.999992967 -0.000711496 0.003665402 -0.024868332 0.000713268 0.999999642 -0.000482229 -0.082085617 -0.003665058 0.000484840 0.999993145 2.370877981
0.999993324 -0.000871734 0.003528677 -0.015899150 0.000873106 0.999999523 -0.000387362 -0.091426946 -0.003528338 0.000390440 0.999993682 2.600008011
0.999991417 -0.000686883 0.004079603 -0.014062795 0.000688282 0.999999702 -0.000341537 -0.095765054 -0.004079367 0.000344342 0.999991596 2.831194639
0.999993265 -0.000801451 0.003587075 -0.004361279 0.000802719 0.999999583 -0.000351883 -0.102280542 -0.003586792 0.000354760 0.999993443 3.062116861
0.999993443 -0.000213300 0.003623682 0.002452771 0.000215571 0.999999821 -0.000626283 -0.106762946 -0.003623547 0.000627060 0.999993205 3.310940981
0.999992251 -0.000156827 0.003928801 0.005717411 0.000157800 1.000000000 -0.000247468 -0.115896575 -0.003928761 0.000248086 0.999992251 3.562476397
0.999992728 -0.000243175 0.003833646 0.013503720 0.000243075 1.000000119 0.000026508 -0.133921370 -0.003833653 -0.000025576 0.999992609 3.807671309
0.999992967 -0.000157432 0.003745309 0.028555127 0.000157247 1.000000119 0.000049575 -0.135962561 -0.003745316 -0.000048986 0.999992967 4.068014145
0.999991953 -0.001224135 0.003825155 0.011140088 0.001222272 0.999999106 0.000489357 -0.155815065 -0.003825751 -0.000484677 0.999992549 4.288103104
0.999992311 -0.001200156 0.003729811 0.022343559 0.001199241 0.999999225 0.000247530 -0.159747452 -0.003730105 -0.000243055 0.999993026 4.555609703
0.999991179 -0.001451685 0.003951936 0.027441217 0.001450691 0.999998868 0.000254361 -0.168141872 -0.003952301 -0.000248625 0.999992132 4.820566177
0.999992073 -0.000614657 0.003931693 0.043629169 0.000613751 0.999999762 0.000231717 -0.174016401 -0.003931835 -0.000229302 0.999992192 5.086356640
0.999991000 -0.001314151 0.004029972 0.033537142 0.001311595 0.999998868 0.000636708 -0.188223481 -0.004030804 -0.000631416 0.999991655 5.346344948
0.999990046 -0.000911282 0.004353056 0.020952607 0.000907520 0.999999225 0.000866182 -0.214657813 -0.004353842 -0.000862222 0.999990165 5.588262081
0.999990880 -0.000561251 0.004220454 0.027328510 0.000557340 0.999999404 0.000927867 -0.223298311 -0.004220973 -0.000925506 0.999990642 5.856695175
0.999989033 -0.001159616 0.004546344 0.036405861 0.001155352 0.999998927 0.000940327 -0.232138261 -0.004547431 -0.000935064 0.999989212 6.133134365
0.999989092 -0.000910795 0.004574151 0.041792113 0.000905163 0.999998868 0.001233033 -0.243522778 -0.004575269 -0.001228879 0.999988854 6.415322781
0.999991000 -0.000994877 0.004122086 0.047821835 0.000990341 0.999998927 0.001102208 -0.252707243 -0.004123178 -0.001098116 0.999990821 6.689199924
0.999989748 -0.001506362 0.004254402 0.060055070 0.001499873 0.999997795 0.001527934 -0.263202935 -0.004256693 -0.001521537 0.999989748 6.986033440
0.999990284 -0.000846115 0.004338858 0.066580459 0.000839883 0.999998569 0.001437925 -0.272814959 -0.004340069 -0.001434267 0.999989510 7.278522968
0.999989450 -0.000983275 0.004490451 0.077706814 0.000976063 0.999998271 0.001607860 -0.285347193 -0.004492025 -0.001603459 0.999988556 7.583268166
0.999990940 -0.001142592 0.004097283 0.086231440 0.001135560 0.999997854 0.001718232 -0.299416512 -0.004099238 -0.001713564 0.999990106 7.919425488
0.999989986 -0.001127626 0.004315449 0.093081474 0.001122579 0.999998689 0.001171720 -0.303235531 -0.004316765 -0.001166864 0.999989986 8.239869118
0.999988914 -0.001253248 0.004529268 0.103600644 0.001247538 0.999998391 0.001263244 -0.306091189 -0.004530843 -0.001257580 0.999988854 8.565575600
0.999988735 -0.001267368 0.004585698 0.104823738 0.001260375 0.999998093 0.001527497 -0.318165660 -0.004587624 -0.001521701 0.999988317 8.903864861
0.999989212 -0.001743562 0.004305422 0.115213901 0.001736385 0.999997079 0.001670151 -0.333161443 -0.004308322 -0.001662658 0.999989331 9.214713097
0.999988258 -0.002072377 0.004378177 0.125656098 0.002064724 0.999996305 0.001751974 -0.343257159 -0.004381792 -0.001742913 0.999988854 9.554992676
0.999988675 -0.002182665 0.004227351 0.133170694 0.002175228 0.999996066 0.001762902 -0.347777188 -0.004231182 -0.001753687 0.999989510 9.900473595
0.999988735 -0.001415409 0.004541955 0.138814181 0.001407020 0.999997377 0.001849697 -0.363897830 -0.004544560 -0.001843286 0.999988019 10.257767677
0.999988616 -0.002042209 0.004303660 0.152140334 0.002031807 0.999994993 0.002420049 -0.377516747 -0.004308581 -0.002411277 0.999987781 10.623808861
0.999989331 -0.002142938 0.004092121 0.170965627 0.002133974 0.999995291 0.002193752 -0.387925833 -0.004096802 -0.002184996 0.999989212 10.946538925
0.999990940 -0.001162231 0.004088390 0.174330652 0.001153877 0.999997199 0.002045210 -0.401886821 -0.004090755 -0.002040474 0.999989569 11.325901031
0.999989331 -0.002250052 0.004038196 0.191429913 0.002240827 0.999994814 0.002287522 -0.406761855 -0.004043323 -0.002278448 0.999989152 11.710484505
0.999988973 -0.001416841 0.004486732 0.193898290 0.001403985 0.999994874 0.002867269 -0.423178256 -0.004490771 -0.002860938 0.999985814 12.063522339
0.999987304 -0.001855870 0.004676395 0.199748248 0.001842963 0.999994397 0.002762861 -0.435568452 -0.004681497 -0.002754207 0.999985218 12.443793297
0.999986053 -0.002522016 0.004644866 0.210134611 0.002507925 0.999992251 0.003036945 -0.457567066 -0.004652489 -0.003025253 0.999984622 12.827568054
0.999986172 -0.002116641 0.004817726 0.221557677 0.002099491 0.999991477 0.003561971 -0.479598939 -0.004825225 -0.003551806 0.999982059 13.213250160
0.999984801 -0.001799706 0.005211800 0.231092721 0.001782628 0.999993026 0.003279625 -0.479348183 -0.005217666 -0.003270284 0.999981105 13.621099472
0.999983668 -0.001132421 0.005601129 0.229228735 0.001111810 0.999992669 0.003681563 -0.489753217 -0.005605258 -0.003675276 0.999977589 14.034771919
0.999983788 -0.002280317 0.005212299 0.254885197 0.002262484 0.999991596 0.003424781 -0.515157521 -0.005220065 -0.003412931 0.999980569 14.437187195
0.999981821 -0.002727396 0.005368511 0.270537496 0.002707324 0.999989331 0.003742441 -0.523791850 -0.005378661 -0.003727838 0.999978602 14.869763374
0.999980152 -0.002607147 0.005729673 0.283858776 0.002586360 0.999990106 0.003632385 -0.534852326 -0.005739086 -0.003617494 0.999977052 15.281375885
0.999977529 -0.000755783 0.006656465 0.297201902 0.000730838 0.999992728 0.003749157 -0.544379532 -0.006659250 -0.003744209 0.999970853 15.745727539
0.999975622 -0.002173275 0.006635283 0.289850652 0.002145443 0.999988914 0.004198679 -0.573854685 -0.006644333 -0.004184342 0.999969184 16.152118683
0.999971449 -0.002891590 0.006982401 0.305440485 0.002867264 0.999989808 0.003491404 -0.580767453 -0.006992426 -0.003471285 0.999969482 16.600055695
0.999971449 -0.002585421 0.007101518 0.316865742 0.002557841 0.999989152 0.003890109 -0.590096593 -0.007111499 -0.003871833 0.999967277 17.076322556
0.999969065 -0.001827173 0.007649687 0.324757546 0.001798978 0.999991536 0.003691164 -0.600598097 -0.007656367 -0.003677289 0.999963939 17.524513245
0.999968231 -0.002687834 0.007506209 0.341170967 0.002654319 0.999986470 0.004471362 -0.624340951 -0.007518126 -0.004451296 0.999961793 17.936132431
0.999965727 -0.003012667 0.007716587 0.359400332 0.002981418 0.999987245 0.004058004 -0.629178226 -0.007728715 -0.004034858 0.999962032 18.408355713
0.999964714 -0.002816325 0.007921433 0.370197952 0.002779316 0.999985218 0.004679127 -0.650065422 -0.007934493 -0.004656945 0.999957681 18.863771439
0.999961317 -0.002203625 0.008522735 0.383363545 0.002164680 0.999987245 0.004576095 -0.662451446 -0.008532709 -0.004557468 0.999953210 19.338586807
0.999966025 -0.002372411 0.007908872 0.396449864 0.002334897 0.999985993 0.004749089 -0.681273222 -0.007920029 -0.004730461 0.999957442 19.786016464
0.999966264 -0.001953904 0.007982986 0.401019514 0.001915597 0.999986649 0.004803365 -0.691861928 -0.007992264 -0.004787911 0.999956608 20.288410187
0.999965131 -0.001856713 0.008152331 0.401513398 0.001817787 0.999987006 0.004779617 -0.710371673 -0.008161098 -0.004764630 0.999955356 20.798154831
0.999970675 -0.002371036 0.007283148 0.423768640 0.002333270 0.999983788 0.005189509 -0.731048048 -0.007295335 -0.005172363 0.999960005 21.279102325
0.999972880 -0.001525240 0.007206745 0.432609320 0.001488690 0.999985993 0.005074234 -0.744290829 -0.007214384 -0.005063368 0.999961138 21.798067093
0.999974489 -0.002106701 0.006823334 0.451798201 0.002071290 0.999984324 0.005192674 -0.758705556 -0.006834167 -0.005178408 0.999963224 22.293304443
0.999980927 -0.002329528 0.005717864 0.467869908 0.002300834 0.999984682 0.005019816 -0.769193947 -0.005729470 -0.005006564 0.999971032 22.766101837
0.999982536 -0.002508975 0.005347935 0.481831938 0.002480535 0.999982774 0.005317883 -0.790508568 -0.005361185 -0.005304524 0.999971509 23.313077927
0.999983013 -0.002980423 0.005002021 0.480286449 0.002955836 0.999983549 0.004915461 -0.803237975 -0.005016588 -0.004900592 0.999975383 23.832975388
0.999988735 -0.002506576 0.004025285 0.493648529 0.002484919 0.999982476 0.005376282 -0.815217733 -0.004038690 -0.005366220 0.999977469 24.316234589
0.999989331 -0.003231396 0.003293558 0.509192228 0.003214049 0.999980986 0.005258716 -0.824199498 -0.003310488 -0.005248075 0.999980748 24.847940445
0.999992311 -0.002507708 0.003005216 0.516387582 0.002492660 0.999984384 0.005000507 -0.828472555 -0.003017709 -0.004992978 0.999983013 25.381475449
0.999992490 -0.002482771 0.002982493 0.521466672 0.002466643 0.999982357 0.005398953 -0.851418138 -0.002995845 -0.005391557 0.999980986 25.871040344
0.999993324 -0.002104498 0.003009728 0.530891657 0.002086903 0.999980807 0.005837104 -0.859496653 -0.003021955 -0.005830785 0.999978423 26.415563583
0.999995470 -0.001559772 0.002582349 0.546060503 0.001544728 0.999981821 0.005817635 -0.879704952 -0.002591376 -0.005813619 0.999979734 26.979005814
0.999996781 -0.001446889 0.002078437 0.556955338 0.001434331 0.999980748 0.006031014 -0.891743302 -0.002087123 -0.006028014 0.999979615 27.476657867
0.999997139 -0.002016773 0.001313030 0.569152176 0.002008380 0.999977708 0.006362870 -0.903911412 -0.001325833 -0.006360215 0.999978900 28.026037216
0.999996960 -0.002280852 0.000968228 0.591859043 0.002275056 0.999979734 0.005945893 -0.908386230 -0.000981770 -0.005943673 0.999981821 28.598257065
0.999997497 -0.001860186 0.001324020 0.585946739 0.001851590 0.999977410 0.006464484 -0.937906325 -0.001336016 -0.006462016 0.999978244 29.086118698
0.999997914 -0.002000792 0.000451362 0.603770673 0.001997615 0.999973953 0.006932944 -0.946503341 -0.000465222 -0.006932028 0.999975920 29.630340576
0.999998271 -0.001680348 0.000677410 0.636240363 0.001675941 0.999977767 0.006454636 -0.965924263 -0.000688241 -0.006453489 0.999978960 30.119569778
0.999999285 -0.001058063 0.000470868 0.630574226 0.001054839 0.999976337 0.006796753 -0.988509536 -0.000478048 -0.006796252 0.999976754 30.688072205
0.999999583 -0.000676576 0.000558827 0.642812669 0.000672691 0.999975801 0.006922813 -1.006260276 -0.000563497 -0.006922435 0.999975920 31.228916168
0.999998987 -0.001368320 0.000248404 0.665059447 0.001366540 0.999974310 0.007030535 -1.025586367 -0.000258017 -0.007030190 0.999975324 31.765991211
0.999999106 -0.001252950 -0.000322446 0.678070486 0.001255000 0.999978483 0.006438421 -1.008625031 0.000314373 -0.006438822 0.999979198 32.295257568
0.999999404 -0.001061627 -0.000067021 0.662558794 0.001062083 0.999973476 0.007210343 -1.036227584 0.000059365 -0.007210410 0.999974012 32.826591492
0.999999344 -0.001048261 -0.000299538 0.667347908 0.001050568 0.999969006 0.007809193 -1.062341452 0.000291344 -0.007809503 0.999969423 33.362899780
0.999999881 0.000445993 -0.000408450 0.692905664 -0.000443307 0.999978423 0.006553425 -1.045471430 0.000411363 -0.006553243 0.999978423 33.905025482
0.999998510 -0.001527583 -0.000731264 0.701369345 0.001532385 0.999976993 0.006612141 -1.052057385 0.000721147 -0.006613252 0.999977827 34.423866272
0.999998271 -0.001441101 -0.001138210 0.717843294 0.001448187 0.999979436 0.006249893 -1.053386092 0.001129180 -0.006251531 0.999979794 34.966648102
0.999998808 -0.001106106 -0.001092372 0.722055554 0.001113157 0.999978423 0.006475191 -1.072362542 0.001085187 -0.006476399 0.999978483 35.522083282
0.999999464 0.000332526 -0.001023037 0.745887935 -0.000326225 0.999981046 0.006153755 -1.095760822 0.001025063 -0.006153420 0.999980509 36.089206696
0.999999583 -0.000194236 -0.000877674 0.726507545 0.000199498 0.999981999 0.005999471 -1.099093556 0.000876493 -0.005999645 0.999981642 36.570732117
0.999999225 -0.000650865 -0.001086760 0.742889583 0.000657135 0.999983072 0.005778793 -1.105245590 0.001082981 -0.005779502 0.999982715 37.134887695
0.999999225 -0.000119714 -0.001273817 0.765326619 0.000126908 0.999984026 0.005648904 -1.111855030 0.001273121 -0.005649060 0.999983251 37.701461792
0.999999225 -0.000210417 -0.001212696 0.761756063 0.000217653 0.999982119 0.005969760 -1.128653526 0.001211417 -0.005970019 0.999981463 38.230609894
0.999997795 -0.001167631 -0.001711918 0.770174503 0.001178946 0.999977350 0.006623006 -1.153113842 0.001704146 -0.006625010 0.999976635 38.742881775
0.999996841 -0.001608390 -0.001902543 0.805018306 0.001622292 0.999971807 0.007328420 -1.170568705 0.001890701 -0.007331484 0.999971330 39.251625061
0.999999285 -0.000983628 -0.000692506 0.765335023 0.000988453 0.999975026 0.007001782 -1.193435311 0.000685601 -0.007002460 0.999975204 39.820766449
0.999998868 -0.000803926 -0.001260538 0.783981800 0.000811977 0.999979258 0.006399599 -1.207049012 0.001255366 -0.006400615 0.999978662 40.392761230
0.999998510 -0.000565664 -0.001675205 0.801054657 0.000576051 0.999980569 0.006206698 -1.206074476 0.001671661 -0.006207652 0.999979317 40.952743530
0.999998808 -0.000292742 -0.001478680 0.806984663 0.000302686 0.999977350 0.006729310 -1.222446322 0.001476677 -0.006729749 0.999976218 41.488750458
0.999997675 -0.001042520 -0.001871495 0.823109746 0.001054778 0.999977946 0.006560906 -1.239208937 0.001864615 -0.006562864 0.999976695 42.061946869
0.999998212 -0.000138886 -0.001905977 0.843602896 0.000151370 0.999978542 0.006551052 -1.249591589 0.001905027 -0.006551328 0.999976754 42.623729706
0.999997437 -0.000804787 -0.002105303 0.852862060 0.000819019 0.999976814 0.006767753 -1.264424682 0.002099809 -0.006769459 0.999974847 43.161624908
0.999997735 -0.001536610 -0.001490562 0.849007726 0.001548259 0.999967992 0.007845479 -1.287761331 0.001478459 -0.007847768 0.999968112 43.612262726
0.999997377 -0.001797335 -0.001407901 0.859428465 0.001807914 0.999969840 0.007549093 -1.293326020 0.001394289 -0.007551620 0.999970496 44.169517517
0.999992967 -0.003216483 -0.001950657 0.886853814 0.003231662 0.999964118 0.007828733 -1.310784698 0.001925407 -0.007834983 0.999967515 44.746749878
0.999996305 -0.002335106 -0.001403669 0.882007957 0.002346111 0.999966145 0.007890698 -1.318880677 0.001385195 -0.007893960 0.999967873 45.230907440
0.999995589 -0.002549453 -0.001523558 0.902319133 0.002560750 0.999968946 0.007459731 -1.328091145 0.001504494 -0.007463600 0.999970973 45.784900665
0.999997199 -0.001957802 -0.001354939 0.901438177 0.001968495 0.999966562 0.007935915 -1.349358320 0.001339356 -0.007938561 0.999967575 46.342231750
0.999996662 -0.002287082 -0.001208714 0.893010497 0.002296546 0.999966264 0.007887572 -1.358002663 0.001190633 -0.007890324 0.999968112 46.873180389
0.999997079 -0.002230322 -0.000943939 0.903167784 0.002237951 0.999964118 0.008159895 -1.365613461 0.000925702 -0.008161983 0.999966264 47.367427826
0.999996305 -0.002604373 -0.000853889 0.919195414 0.002611179 0.999964058 0.008068678 -1.378136635 0.000832845 -0.008070877 0.999967098 47.914737701
0.999995768 -0.002745504 -0.001059182 0.929318666 0.002754692 0.999957621 0.008772823 -1.395606279 0.001035049 -0.008775702 0.999960899 48.456508636
0.999996901 -0.002178478 -0.001199287 0.946220517 0.002188751 0.999960303 0.008632542 -1.404658198 0.001180432 -0.008635141 0.999961972 49.018787384
0.999993265 -0.003385313 -0.001430621 0.950435460 0.003396877 0.999960959 0.008159367 -1.414256811 0.001402943 -0.008164171 0.999965668 49.573429108
0.999996603 -0.002414684 -0.000998656 0.947974026 0.002422661 0.999964535 0.008065338 -1.427196264 0.000979146 -0.008067731 0.999966979 50.137859344
0.999996960 -0.002166097 -0.001127232 0.959040463 0.002174952 0.999966323 0.007915562 -1.435348272 0.001110049 -0.007917990 0.999968052 50.667209625
0.999996245 -0.002655190 -0.000843599 0.958321691 0.002662340 0.999959588 0.008590017 -1.458189964 0.000820755 -0.008592228 0.999962747 51.190170288
0.999994993 -0.002905386 -0.001286679 0.981235862 0.002915417 0.999964833 0.007864084 -1.467618108 0.001263784 -0.007867796 0.999968231 51.728771210
0.999995649 -0.002849576 -0.000705022 0.984082878 0.002855309 0.999961734 0.008269655 -1.471431613 0.000681430 -0.008271630 0.999965549 52.269561768
0.999996841 -0.002500403 -0.000393284 0.971191585 0.002503609 0.999961793 0.008373507 -1.490960598 0.000372332 -0.008374464 0.999964893 52.814983368
0.999997258 -0.002309043 -0.000374050 0.976493835 0.002312175 0.999960303 0.008600513 -1.504123211 0.000354175 -0.008601354 0.999962926 53.333774567
0.999996543 -0.002568461 -0.000512374 0.985183239 0.002572791 0.999959469 0.008636616 -1.515378237 0.000490171 -0.008637907 0.999962568 53.887035370
0.999995291 -0.002882413 -0.001015756 1.005699158 0.002890524 0.999963224 0.008077105 -1.522430062 0.000992437 -0.008080003 0.999966860 54.440517426
0.999995351 -0.003023439 -0.000367561 0.988861740 0.003026552 0.999956787 0.008788006 -1.534125686 0.000340974 -0.008789077 0.999961257 54.907558441
0.999996722 -0.002529832 -0.000250089 0.992515385 0.002531909 0.999959052 0.008687415 -1.538988829 0.000228102 -0.008688021 0.999962211 55.473773956
0.999996960 -0.002476677 -0.000181939 1.013004303 0.002478153 0.999959767 0.008622029 -1.552526355 0.000160577 -0.008622454 0.999962807 56.007339478
0.999995291 -0.003036396 -0.000441968 1.022104025 0.003039985 0.999960423 0.008361630 -1.553310394 0.000416562 -0.008362933 0.999964893 56.554553986
0.999994040 -0.003456246 -0.000054972 1.026512861 0.003456596 0.999955535 0.008767504 -1.577384949 0.000024667 -0.008767642 0.999961555 57.051971436
0.999992847 -0.003793218 -0.000191852 1.038903356 0.003794774 0.999953330 0.008883478 -1.594131351 0.000158146 -0.008884141 0.999960542 57.579357147
0.999992669 -0.003857406 -0.000221386 1.047644854 0.003859089 0.999959171 0.008182389 -1.594589710 0.000189813 -0.008183180 0.999966443 58.128196716
0.999988735 -0.004663059 -0.000925541 1.072725058 0.004669982 0.999960065 0.007623243 -1.594221115 0.000889956 -0.007627478 0.999970496 58.666942596
0.999986708 -0.004164837 -0.003086553 1.126604319 0.004193416 0.999947786 0.009310904 -1.601656914 0.003047613 -0.009323723 0.999951899 59.155662537
0.999983251 -0.004567171 -0.003563016 1.145733595 0.004601560 0.999942303 0.009704088 -1.612490535 0.003518490 -0.009720321 0.999946594 59.711433411
0.999980450 -0.005070976 -0.003683230 1.153444767 0.005106262 0.999940515 0.009634754 -1.623728514 0.003634154 -0.009653373 0.999946833 60.255107880
0.999983251 -0.004242350 -0.003940715 1.205991745 0.004282135 0.999939382 0.010142818 -1.669677615 0.003897446 -0.010159522 0.999940813 60.732952118
0.999982774 -0.004565528 -0.003678857 1.187153578 0.004601513 0.999941051 0.009833293 -1.673750162 0.003633746 -0.009850054 0.999944866 61.255474091
0.999987125 -0.003768366 -0.003419162 1.208533525 0.003800335 0.999948740 0.009392269 -1.652818084 0.003383592 -0.009405141 0.999950051 61.776824951
0.999993622 -0.003475050 0.000803135 1.174455643 0.003467667 0.999953270 0.009018466 -1.691215038 -0.000834439 -0.009015624 0.999958992 62.286159515
0.999994695 -0.003066710 0.001130224 1.182962060 0.003056731 0.999957263 0.008727496 -1.707931042 -0.001156941 -0.008723996 0.999961257 62.832359314
0.999993205 -0.003440650 0.001312230 1.167155862 0.003428216 0.999950290 0.009362870 -1.735576034 -0.001344380 -0.009358306 0.999955237 63.363250732
0.999990284 -0.004394071 0.000357903 1.191965818 0.004390555 0.999947190 0.009295003 -1.740207434 -0.000398729 -0.009293341 0.999956667 63.890373230
0.999994874 -0.003136561 0.000750578 1.235990405 0.003129800 0.999956012 0.008846038 -1.739610195 -0.000778291 -0.008843645 0.999960542 64.410148621
0.999995708 -0.002768815 0.000969845 1.263021469 0.002759681 0.999952972 0.009296231 -1.745763183 -0.000995540 -0.009293514 0.999956310 64.939773560
0.999991834 -0.004022427 -0.000130308 1.293147206 0.004023467 0.999948382 0.009330439 -1.739357829 0.000092772 -0.009330890 0.999956489 65.391952515
0.999986529 -0.005127326 -0.000721281 1.307951331 0.005133571 0.999946773 0.008941021 -1.748137474 0.000675399 -0.008944604 0.999959886 65.937294006
0.999989510 -0.004519956 -0.000765602 1.321006179 0.004526604 0.999949992 0.008916347 -1.760871649 0.000725264 -0.008919720 0.999959946 66.492691040
0.999991596 -0.004085585 -0.000340643 1.326826334 0.004088295 0.999956667 0.008374122 -1.755953074 0.000306415 -0.008375444 0.999964893 66.915298462
0.999987543 -0.004975176 0.000311066 1.352814913 0.004972159 0.999946654 0.009047192 -1.794815302 -0.000356057 -0.009045534 0.999959052 67.451385498
0.999988556 -0.004797195 0.000126877 1.357653022 0.004795852 0.999947667 0.009038693 -1.805998802 -0.000170228 -0.009037981 0.999959171 68.003997803
0.999989629 -0.004562198 0.000068336 1.386611223 0.004561386 0.999948025 0.009114823 -1.818022490 -0.000109915 -0.009114418 0.999958456 68.502769470
0.999989629 -0.004401131 0.001277133 1.372601271 0.004389273 0.999948561 0.009144049 -1.828439355 -0.001317312 -0.009138348 0.999957383 68.997909546
0.999987960 -0.004746892 0.001210128 1.378744364 0.004735785 0.999948144 0.009021243 -1.834340215 -0.001252890 -0.009015405 0.999958515 69.558959961
0.999990642 -0.004174509 0.001143632 1.410487175 0.004164178 0.999951839 0.008890798 -1.863066435 -0.001180692 -0.008885952 0.999959826 70.051071167
0.999990106 -0.004316672 0.001066288 1.439807773 0.004306830 0.999949574 0.009066480 -1.877380133 -0.001105370 -0.009061798 0.999958277 70.591941833
0.999982119 -0.005943261 0.000519741 1.446318507 0.005938369 0.999942303 0.008954441 -1.872625828 -0.000572931 -0.008951196 0.999959767 71.063064575
0.999982059 -0.005949361 0.000586633 1.455416322 0.005943915 0.999942839 0.008885056 -1.884102583 -0.000639462 -0.008881410 0.999960363 71.619560242
0.999983847 -0.005648209 0.000527356 1.461141944 0.005643348 0.999945223 0.008806924 -1.890850067 -0.000577070 -0.008803805 0.999961078 72.160606384
0.999981582 -0.006058657 0.000595969 1.492229223 0.006053228 0.999943614 0.008724787 -1.907833695 -0.000648797 -0.008721019 0.999961674 72.615310669
0.999979913 -0.006305935 0.000562946 1.503966093 0.006300501 0.999938011 0.009182851 -1.925071359 -0.000620818 -0.009179122 0.999957621 73.165161133
0.999978960 -0.006449150 0.000733059 1.515351295 0.006442877 0.999945164 0.008259699 -1.922748089 -0.000786285 -0.008254801 0.999965608 73.688133240
0.999975681 -0.006949256 0.000531413 1.536721230 0.006944485 0.999939680 0.008508207 -1.942194462 -0.000590505 -0.008504310 0.999963641 74.172866821
0.999977827 -0.006605404 0.000819025 1.555292368 0.006598234 0.999942362 0.008468643 -1.954539418 -0.000874915 -0.008463051 0.999963760 74.703445435
0.999981642 -0.005883848 0.001396893 1.575489759 0.005872017 0.999948084 0.008327438 -1.972665191 -0.001445817 -0.008319084 0.999964297 75.259605408
0.999973118 -0.007308948 0.000561294 1.581517696 0.007303933 0.999937475 0.008469448 -1.977689147 -0.000623161 -0.008465121 0.999963999 75.741256714
0.999975324 -0.007018375 0.000482553 1.592393279 0.007013923 0.999937773 0.008680226 -1.985424876 -0.000543445 -0.008676626 0.999962270 76.304679871
0.999974072 -0.007165869 0.000744937 1.602513194 0.007159521 0.999940813 0.008200328 -2.006957054 -0.000803655 -0.008194782 0.999966085 76.834403992
0.999975562 -0.006915681 0.001050289 1.596022844 0.006906623 0.999940932 0.008395827 -2.001039743 -0.001108290 -0.008388367 0.999964118 77.288055420
0.999976456 -0.006737368 0.001254368 1.601763606 0.006727248 0.999946237 0.007903429 -2.007363319 -0.001307548 -0.007894805 0.999967933 77.840789795
0.999980450 -0.006004136 0.001773560 1.638949394 0.005990323 0.999952555 0.007693405 -2.034620762 -0.001819668 -0.007682630 0.999968767 78.391265869
0.999974072 -0.006655906 0.002739348 1.633176923 0.006633425 0.999944925 0.008135685 -2.034581423 -0.002793347 -0.008117301 0.999963105 78.866600037
0.999970615 -0.006243594 0.004444183 1.645918131 0.006206748 0.999946654 0.008256855 -2.054337740 -0.004495499 -0.008229029 0.999956012 79.412384033
0.999968112 -0.005449572 0.005833129 1.655391693 0.005401270 0.999951303 0.008264632 -2.076199293 -0.005877883 -0.008232863 0.999948859 79.985885620
0.999960005 -0.005015254 0.007402644 1.640427113 0.004956317 0.999956131 0.007958639 -2.075521946 -0.007442233 -0.007921631 0.999940932 80.543876648
0.999933958 -0.006529921 0.009460387 1.682319641 0.006451598 0.999944806 0.008286137 -2.100493908 -0.009513973 -0.008224552 0.999920905 80.993156433
0.999895692 -0.005623185 0.013307386 1.706835747 0.005507480 0.999946892 0.008715540 -2.112475872 -0.013355687 -0.008641340 0.999873519 81.535942078
0.999846637 -0.006066928 0.016431274 1.724690199 0.005930383 0.999947548 0.008346095 -2.122594833 -0.016481047 -0.008247372 0.999830127 82.059921265
0.999766052 -0.006870822 0.020507941 1.749480605 0.006703486 0.999943912 0.008217107 -2.123720884 -0.020563247 -0.008077709 0.999755919 82.570945740
0.999625206 -0.006448715 0.026603395 1.787263632 0.006217092 0.999942243 0.008780070 -2.144451618 -0.026658475 -0.008611385 0.999607444 83.103202820
0.999452233 -0.006598649 0.032428548 1.818958759 0.006340708 0.999947548 0.008050517 -2.134966850 -0.032479968 -0.007840490 0.999441564 83.648544312
0.999253809 -0.007470519 0.037894942 1.863741040 0.007144123 0.999936223 0.008741276 -2.161529541 -0.037957832 -0.008464026 0.999243557 84.215217590
0.998778760 -0.008093083 0.048740920 1.905589342 0.007732897 0.999941409 0.007573869 -2.172991991 -0.048799358 -0.007187710 0.998782694 84.731018066
0.998360991 -0.008653874 0.056573767 1.982795715 0.008249323 0.999938786 0.007380492 -2.190360069 -0.056634177 -0.006901698 0.998371124 85.243553162
0.997902870 -0.008471240 0.064171486 2.004102230 0.008009870 0.999940157 0.007443505 -2.193441868 -0.064230710 -0.006913891 0.997911096 85.825180054
0.997323275 -0.008384426 0.072634906 2.082966328 0.007887374 0.999943495 0.007127287 -2.221328735 -0.072690561 -0.006535310 0.997333050 86.354362488
0.996511817 -0.007866129 0.083080485 2.149811745 0.007246313 0.999943614 0.007759359 -2.244507790 -0.083136842 -0.007130264 0.996512651 86.817703247
0.995727479 -0.008561231 0.091942601 2.209242821 0.007830725 0.999934852 0.008303070 -2.254024506 -0.092007697 -0.007547617 0.995729685 87.362236023
0.994647086 -0.008539014 0.102976829 2.264413834 0.007864182 0.999944806 0.006957469 -2.272873878 -0.103030577 -0.006110398 0.994659424 87.972549438
0.993546128 -0.007991463 0.113147452 2.353154659 0.007208385 0.999947131 0.007328311 -2.283751249 -0.113200039 -0.006465406 0.993551254 88.517784119
0.992164969 -0.007775124 0.124692135 2.433610916 0.006963276 0.999951601 0.006945342 -2.297496080 -0.124740086 -0.006022660 0.992171109 89.056304932
0.990885913 -0.006618252 0.134541512 2.503244400 0.005641875 0.999954879 0.007637056 -2.304045677 -0.134586006 -0.006808384 0.990878522 89.666877747
0.989429295 -0.008691403 0.144755408 2.624361992 0.007686558 0.999942303 0.007499527 -2.321965933 -0.144812241 -0.006307579 0.989439070 90.147171021
0.987604499 -0.009368563 0.156683445 2.735397339 0.008379824 0.999940574 0.006969824 -2.329838514 -0.156739444 -0.005570450 0.987624347 90.687774658
0.985639513 -0.008319467 0.168657646 2.842051506 0.007152773 0.999946177 0.007523895 -2.347563982 -0.168711141 -0.006209480 0.985646069 91.244255066
0.984048963 -0.008867825 0.177676573 2.953825951 0.007625103 0.999941468 0.007675926 -2.351530075 -0.177734241 -0.006198685 0.984058976 91.772583008
0.981701851 -0.008343195 0.190241918 3.079145432 0.006937562 0.999943554 0.008053468 -2.367809057 -0.190298364 -0.006586288 0.981704175 92.307197571
0.979373395 -0.009520764 0.201834351 3.224026680 0.008153422 0.999937832 0.007604890 -2.380665064 -0.201894209 -0.005802385 0.979390144 92.829849243
0.977060676 -0.010407226 0.212706611 3.354703903 0.008967335 0.999929905 0.007733027 -2.387001038 -0.212772205 -0.005648225 0.977085531 93.344444275
0.973909557 -0.008313338 0.226784065 3.491609573 0.006721755 0.999947071 0.007789416 -2.394164562 -0.226836815 -0.006061802 0.973913908 93.913795471
0.970733821 -0.009361517 0.239975333 3.654569626 0.007554780 0.999935687 0.008447684 -2.413396597 -0.240039006 -0.006387493 0.970742226 94.405380249
0.967838049 -0.010470246 0.251356125 3.805044174 0.008582457 0.999926090 0.008605497 -2.427093029 -0.251427680 -0.006171474 0.967856348 94.937652588
0.964803278 -0.011482814 0.262721986 3.989299774 0.009521171 0.999916494 0.008738508 -2.449765205 -0.262800395 -0.005929519 0.964831889 95.421272278
0.960938275 -0.011554519 0.276521325 4.177494049 0.009292129 0.999911785 0.009490536 -2.473973274 -0.276606590 -0.006550346 0.960960925 95.892288208
0.957022667 -0.010601637 0.289819151 4.349863052 0.008360024 0.999924779 0.008971480 -2.464810848 -0.289892495 -0.006163014 0.957039416 96.468170166
0.953764200 -0.012804226 0.300283074 4.562448502 0.010553721 0.999902725 0.009115464 -2.480935335 -0.300370574 -0.005524900 0.953806579 97.019744873
0.949249387 -0.012262572 0.314285338 4.757164001 0.009810209 0.999907792 0.009383529 -2.493491173 -0.314371467 -0.005824105 0.949282169 97.554641724
0.944553256 -0.012964079 0.328102291 4.952453613 0.010593100 0.999903262 0.009012667 -2.496967793 -0.328187376 -0.005037323 0.944599271 98.084968567
0.940389812 -0.011652151 0.339899004 5.154024124 0.008973038 0.999915004 0.009452832 -2.511344671 -0.339980274 -0.005839419 0.940414429 98.604049683
0.935720861 -0.011524213 0.352553248 5.373153687 0.008826828 0.999918222 0.009257677 -2.520233393 -0.352631062 -0.005550675 0.935746014 99.128257751
0.930652976 -0.013680292 0.365647316 5.636751175 0.010863647 0.999893308 0.009759541 -2.524761200 -0.365741700 -0.005110485 0.930702329 99.607139587
0.925775528 -0.013319673 0.377839029 5.863632202 0.010103836 0.999893904 0.010492235 -2.540617228 -0.377938688 -0.005895832 0.925811887 100.121536255
0.920875072 -0.012543733 0.389656246 6.106603622 0.009150228 0.999902368 0.010563913 -2.553904533 -0.389750659 -0.006162598 0.920899749 100.643486023
0.914883852 -0.013967318 0.403475583 6.325283051 0.010606945 0.999888003 0.010562299 -2.562669992 -0.403577805 -0.005383633 0.914929450 101.070404053
0.909262598 -0.015092662 0.415949166 6.565620422 0.011637995 0.999873459 0.010839690 -2.581647396 -0.416060120 -0.005015309 0.909323275 101.518218994
0.903640509 -0.014077704 0.428060412 6.791633606 0.010699837 0.999889672 0.010296091 -2.529640198 -0.428158104 -0.004723787 0.903691649 102.080207825
0.897950947 -0.014394549 0.439860374 7.054420471 0.010860762 0.999885321 0.010549868 -2.542641640 -0.439961851 -0.004696044 0.898004234 102.549636841
0.891081691 -0.013755091 0.453634739 7.329338074 0.009904210 0.999891818 0.010863691 -2.564542770 -0.453735143 -0.005187541 0.891121566 103.038803101
0.884835303 -0.013975200 0.465694427 7.603351593 0.010161102 0.999891102 0.010699676 -2.568302870 -0.465793341 -0.004735483 0.884880900 103.537696838
0.879099786 -0.014476963 0.476417780 7.893711090 0.010740158 0.999886513 0.010565622 -2.575016975 -0.476516694 -0.004171432 0.879155576 104.000961304
0.870975852 -0.014656493 0.491107166 8.195941925 0.010523282 0.999882102 0.011177278 -2.586876869 -0.491213083 -0.004567081 0.871027410 104.562057495
0.863763452 -0.015372036 0.503662884 8.504669189 0.011198259 0.999873340 0.011312013 -2.601127625 -0.503772914 -0.004130754 0.863826215 105.010147095
0.857708275 -0.016011672 0.513887465 8.808094025 0.011498422 0.999862373 0.011962106 -2.610053062 -0.514008343 -0.004351101 0.857774198 105.484344482
