1.000000000 0.000000000 0.000000000 0.000000000 0.000000000 1.000000000 0.000000000 0.000000000 0.000000000 0.000000000 1.000000000 0.000000000
1.000000000 0.000011639 -0.000119830 0.001118027 -0.000011650 1.000000000 -0.000095366 0.000187263 0.000119828 0.000095367 1.000000000 -0.002155046
1.000000000 0.000118008 -0.000030730 0.000499996 -0.000118007 1.000000000 0.000037214 -0.000458140 0.000030735 -0.000037211 1.000000000 -0.001084554
1.000000000 -0.000051230 -0.000043612 0.000699588 0.000051234 1.000000000 0.000076179 -0.000757966 0.000043609 -0.000076181 1.000000000 -0.002235480
1.000000000 -0.000136470 -0.000048286 0.000646433 0.000136467 1.000000000 -0.000068739 0.000331270 0.000048295 0.000068732 1.000000000 -0.000284466
1.000000000 -0.000217325 0.000051627 0.000567273 0.000217324 1.000000000 0.000021723 -0.000331265 -0.000051632 -0.000021712 1.000000000 -0.000055009
1.000000000 0.000015630 0.000037151 0.000832505 -0.000015629 1.000000000 -0.000025155 0.000311078 -0.000037151 0.000025154 1.000000000 -0.000222266
1.000000000 -0.000229863 0.000070886 0.000781408 0.000229856 0.999999940 0.000098947 -0.000779090 -0.000070909 -0.000098930 1.000000000 -0.001590945
1.000000000 -0.000154703 -0.000012006 0.001303486 0.000154704 1.000000000 0.000017312 0.000661572 0.000012004 -0.000017314 1.000000000 0.001164094
1.000000000 -0.000087572 -0.000177219 0.001790919 0.000087585 1.000000000 0.000071348 -0.000776118 0.000177213 -0.000071364 1.000000000 -0.001448700
1.000000000 0.000104759 0.000083496 -0.000960769 -0.000104751 1.000000000 -0.000092575 0.001463466 -0.000083506 0.000092566 1.000000000 0.001221290
1.000000000 0.000075254 0.000043679 -0.000621828 -0.000075259 1.000000000 0.000114209 -0.000487698 -0.000043670 -0.000114212 1.000000000 0.000235556
1.000000000 0.000006401 0.000192673 -0.001350302 -0.000006425 1.000000000 0.000126651 0.000020449 -0.000192672 -0.000126653 1.000000000 0.001374649
1.000000000 0.000094493 0.000087668 -0.000357754 -0.000094509 1.000000000 0.000189055 -0.001234381 -0.000087650 -0.000189063 1.000000000 -0.001720366
1.000000000 -0.000091725 0.000080753 0.000052814 0.000091711 1.000000000 0.000176635 -0.001436347 -0.000080769 -0.000176628 1.000000000 -0.001420798
0.999999940 0.000228852 0.000308612 -0.001211164 -0.000228892 0.999999940 0.000131031 -0.000010843 -0.000308582 -0.000131102 0.999999940 0.001024423
1.000000000 0.000072456 0.000076143 -0.000233671 -0.000072474 1.000000000 0.000231149 -0.000771740 -0.000076127 -0.000231154 1.000000000 -0.000001301
1.000000000 0.000190184 0.000023906 -0.000119944 -0.000190189 0.999999940 0.000192363 -0.000878721 -0.000023870 -0.000192367 1.000000000 -0.001136521
1.000000000 -0.000000387 0.000140773 -0.000781166 0.000000379 1.000000000 0.000054938 0.000218416 -0.000140773 -0.000054938 1.000000000 0.000484315
1.000000000 0.000133079 0.000150237 -0.000782557 -0.000133075 1.000000000 -0.000024583 0.000751137 -0.000150241 0.000024563 1.000000000 0.000126595
1.000000000 -0.000041930 -0.000086955 0.000640208 0.000041936 1.000000000 0.000066671 -0.000037423 0.000086952 -0.000066675 1.000000000 -0.000080326
1.000000000 -0.000020658 0.000055695 0.000210366 0.000020650 1.000000000 0.000146786 -0.001013955 -0.000055698 -0.000146785 1.000000000 -0.000556574
0.999999940 0.000176570 0.000232216 -0.001548650 -0.000176611 0.999999940 0.000177163 0.000301002 -0.000232185 -0.000177204 0.999999940 0.000202109
1.000000000 0.000142296 0.000096385 -0.000055711 -0.000142320 0.999999940 0.000244039 -0.001037425 -0.000096350 -0.000244053 0.999999940 -0.000997480
0.999999940 0.000271188 0.000098025 0.000120283 -0.000271206 0.999999940 0.000179279 -0.000945576 -0.000097976 -0.000179306 1.000000000 -0.002428115
0.999999940 0.000293430 0.000046335 -0.000448559 -0.000293428 0.999999940 -0.000046185 0.001123644 -0.000046348 0.000046171 1.000000000 0.000864909
0.999999881 0.000488894 0.000190520 -0.001887032 -0.000488895 0.999999881 0.000003117 0.000916141 -0.000190518 -0.000003210 1.000000000 0.001699168
1.000000000 0.000199860 0.000040022 -0.001307761 -0.000199866 0.999999940 0.000141492 0.001074149 -0.000039994 -0.000141500 1.000000000 0.002782510
1.000000000 0.000138927 -0.000083342 0.000982371 -0.000138925 1.000000000 0.000024784 0.000867957 0.000083345 -0.000024773 1.000000000 0.000367708
1.000000000 0.000194014 0.000018603 0.000184958 -0.000194017 0.999999940 0.000149979 -0.000654664 -0.000018574 -0.000149983 1.000000000 -0.002076687
1.000000000 0.000010675 -0.000042222 0.000719481 -0.000010674 1.000000000 0.000022829 0.000552626 0.000042222 -0.000022829 1.000000000 0.000402715
1.000000000 0.000052410 0.000014206 0.001610304 -0.000052411 1.000000000 0.000090294 -0.000526844 -0.000014201 -0.000090295 1.000000000 -0.001805923
1.000000000 0.000047575 -0.000114451 0.001202433 -0.000047558 1.000000000 0.000147841 -0.000424769 0.000114458 -0.000147836 1.000000000 0.000013626
1.000000000 0.000095569 -0.000062234 0.000985772 -0.000095562 1.000000000 0.000106982 0.000230420 0.000062244 -0.000106976 1.000000000 -0.000438033
0.999999940 0.000273949 0.000065158 0.000161204 -0.000273954 0.999999940 0.000068618 0.000991259 -0.000065139 -0.000068636 1.000000000 -0.000991143
1.000000000 0.000047321 0.000084133 -0.001349834 -0.000047316 1.000000000 -0.000065073 0.002640641 -0.000084136 0.000065069 1.000000000 0.003406943
1.000000000 -0.000026718 0.000044982 0.000509690 0.000026710 1.000000000 0.000173509 -0.000679981 -0.000044987 -0.000173508 1.000000000 -0.001643381
1.000000000 -0.000132878 -0.000018118 0.000680057 0.000132877 1.000000000 -0.000059489 0.001560719 0.000018126 0.000059487 1.000000000 0.000621808
1.000000000 0.000020251 0.000170316 0.000101178 -0.000020280 1.000000000 0.000174431 -0.000643187 -0.000170312 -0.000174434 1.000000000 0.001860927
0.999999940 -0.000348229 0.000147498 0.001486621 0.000348319 0.999999762 -0.000606711 -0.002342677 -0.000147287 0.000606762 0.999999821 0.052357100
0.999999940 0.000308515 0.000258505 0.000430777 -0.000308245 0.999999404 -0.001046121 -0.007428018 -0.000258827 0.001046041 0.999999404 0.133839414
0.999999940 0.000369694 -0.000160359 0.005627297 -0.000369930 0.999998868 -0.001474329 -0.007162334 0.000159814 0.001474388 0.999998927 0.252139807
0.999999762 0.000711013 0.000118420 0.004857767 -0.000710882 0.999999166 -0.001099111 -0.013154996 -0.000119201 0.001099026 0.999999404 0.382684618
0.999999940 0.000353369 -0.000172907 0.010222467 -0.000353564 0.999999285 -0.001131360 -0.016080620 0.000172507 0.001131421 0.999999344 0.521825492
0.999999881 0.000429816 -0.000000460 0.015633572 -0.000429817 0.999999464 -0.000924405 -0.024703313 0.000000063 0.000924405 0.999999583 0.675294995
0.999999404 0.000936551 0.000587169 0.016155470 -0.000935955 0.999999046 -0.001014568 -0.024382634 -0.000588119 0.001014018 0.999999285 0.832763910
0.999999940 0.000204501 0.000329227 0.017914819 -0.000204130 0.999999344 -0.001127540 -0.026987819 -0.000329458 0.001127472 0.999999285 1.010829329
0.999999702 0.000677093 0.000413048 0.022771293 -0.000677026 0.999999762 -0.000161597 -0.039740894 -0.000413157 0.000161317 0.999999881 1.178728342
0.999999583 0.000781762 0.000426624 0.023069493 -0.000781599 0.999999642 -0.000382328 -0.041487515 -0.000426922 0.000381994 0.999999821 1.363461256
0.999999940 0.000287141 -0.000009096 0.038427729 -0.000287143 0.999999940 -0.000230024 -0.058278285 0.000009030 0.000230027 1.000000000 1.548899174
0.999999940 0.000276712 0.000195164 0.040141221 -0.000276740 0.999999940 0.000143365 -0.062353518 -0.000195124 -0.000143419 1.000000000 1.749637246
1.000000000 0.000228842 -0.000063517 0.046345290 -0.000228845 1.000000000 -0.000055611 -0.060760003 0.000063505 0.000055625 1.000000000 1.944095850
0.999997020 0.002153432 0.001143510 0.025080767 -0.002154157 0.999997437 0.000632729 -0.081605710 -0.001142144 -0.000635191 0.999999166 2.121059179
0.999996185 0.002552348 0.001087792 0.031531610 -0.002553054 0.999996543 0.000648155 -0.087824650 -0.001086134 -0.000650930 0.999999225 2.337242365
0.999996841 0.002291018 0.000967476 0.038935825 -0.002291746 0.999997020 0.000751888 -0.094942987 -0.000965751 -0.000754103 0.999999225 2.553531170
0.999997139 0.002258641 0.000738361 0.045926377 -0.002259359 0.999996901 0.000972295 -0.104640312 -0.000736162 -0.000973960 0.999999285 2.777457714
0.999998093 0.001806698 0.000729118 0.049516004 -0.001807359 0.999997973 0.000907557 -0.108987801 -0.000727477 -0.000908873 0.999999344 3.018071890
0.999997199 0.002108094 0.001015967 0.050478298 -0.002108724 0.999997556 0.000620054 -0.108385831 -0.001014657 -0.000622195 0.999999285 3.253836870
0.999997258 0.001887666 0.001380262 0.056428369 -0.001888831 0.999997854 0.000843141 -0.118249618 -0.001378668 -0.000845746 0.999998629 3.501650333
0.999998212 0.001798771 0.000628537 0.065816201 -0.001799182 0.999998152 0.000654636 -0.121530809 -0.000627358 -0.000655765 0.999999583 3.751199245
0.999997795 0.001969239 0.000795430 0.069421910 -0.001969678 0.999997914 0.000551523 -0.128186956 -0.000794342 -0.000553088 0.999999523 4.008823395
0.999996662 0.002286369 0.001149294 0.068414837 -0.002287406 0.999996960 0.000901918 -0.131916463 -0.001147229 -0.000904544 0.999998927 4.243910313
0.999996901 0.002247903 0.001001568 0.078078121 -0.002248528 0.999997199 0.000624088 -0.133280799 -0.001000162 -0.000626338 0.999999285 4.508048058
0.999998212 0.001749895 0.000716226 0.088802308 -0.001750814 0.999997616 0.001285731 -0.147571295 -0.000713975 -0.001286983 0.999998927 4.756027222
0.999997973 0.001914506 0.000525018 0.091935381 -0.001914943 0.999997735 0.000832377 -0.148746789 -0.000523424 -0.000833381 0.999999523 5.019764900
0.999997020 0.002138837 0.001160979 0.092177354 -0.002140085 0.999997079 0.001074958 -0.166240662 -0.001158676 -0.001077439 0.999998689 5.275251865
0.999996603 0.002176877 0.001411251 0.096777193 -0.002178203 0.999997139 0.000938672 -0.171333164 -0.001409204 -0.000941743 0.999998569 5.546192169
0.999997914 0.001713280 0.001057314 0.105994470 -0.001714397 0.999997973 0.001056175 -0.180974826 -0.001055502 -0.001057985 0.999998868 5.812054634
0.999997258 0.001917062 0.001309156 0.114121422 -0.001918930 0.999997199 0.001427030 -0.194419920 -0.001306417 -0.001429538 0.999998152 6.086989403
0.999996960 0.002184727 0.001235598 0.114348181 -0.002186239 0.999996841 0.001223081 -0.200905368 -0.001232922 -0.001225778 0.999998510 6.377249718
0.999996781 0.002146949 0.001323284 0.117306679 -0.002148570 0.999996901 0.001225193 -0.210872725 -0.001320649 -0.001228032 0.999998391 6.665005207
0.999995708 0.002497655 0.001504605 0.127324417 -0.002499840 0.999995768 0.001452176 -0.224245593 -0.001500971 -0.001455931 0.999997914 6.952463627
0.999996781 0.002239374 0.001187529 0.136313051 -0.002241379 0.999996006 0.001689698 -0.233469069 -0.001183741 -0.001692355 0.999997914 7.243080616
0.999996543 0.001928293 0.001760362 0.136223227 -0.001930637 0.999997199 0.001330444 -0.237312093 -0.001757792 -0.001333838 0.999997556 7.549000740
0.999995470 0.002490810 0.001689817 0.145831123 -0.002493681 0.999995470 0.001698696 -0.250077516 -0.001685578 -0.001702902 0.999997139 7.859588146
0.999995947 0.002175349 0.001864997 0.146922275 -0.002177953 0.999996722 0.001395592 -0.253204376 -0.001861954 -0.001399648 0.999997258 8.191149712
0.999995589 0.002023957 0.002189548 0.152784839 -0.002028692 0.999995589 0.002162613 -0.273749441 -0.002185161 -0.002167045 0.999995291 8.495498657
0.999993742 0.002157526 0.002780471 0.147618338 -0.002163822 0.999995112 0.002263488 -0.286196798 -0.002775574 -0.002269491 0.999993503 8.834922791
0.999994934 0.002085824 0.002423692 0.163053840 -0.002092551 0.999993980 0.002776348 -0.305336237 -0.002417887 -0.002781405 0.999993145 9.162164688
0.999994814 0.002250406 0.002285237 0.168641776 -0.002256846 0.999993503 0.002819420 -0.312887579 -0.002278878 -0.002824562 0.999993384 9.511436462
0.999994814 0.002027289 0.002507018 0.176120400 -0.002033926 0.999994457 0.002647635 -0.318221092 -0.002501637 -0.002652720 0.999993265 9.852932930
0.999994159 0.002239336 0.002559514 0.179617941 -0.002246341 0.999993682 0.002737214 -0.332410723 -0.002553368 -0.002742947 0.999992967 10.201551437
0.999993205 0.002581761 0.002632580 0.189230919 -0.002590009 0.999991715 0.003134701 -0.346844733 -0.002624465 -0.003141497 0.999991596 10.553915024
0.999989986 0.002829475 0.003476555 0.187895030 -0.002839353 0.999991894 0.002839675 -0.352670968 -0.003468492 -0.002849518 0.999989927 10.913423538
0.999990225 0.002687761 0.003508371 0.193785056 -0.002696821 0.999993026 0.002580350 -0.358395875 -0.003501411 -0.002589786 0.999990523 11.295801163
0.999990404 0.002500996 0.003598447 0.205614269 -0.002508942 0.999994397 0.002205204 -0.364854217 -0.003592912 -0.002214211 0.999991119 11.676294327
0.999990284 0.002455372 0.003667358 0.212146372 -0.002465083 0.999993443 0.002645699 -0.381759316 -0.003660838 -0.002654713 0.999989748 12.051048279
0.999990463 0.002359089 0.003684030 0.223390624 -0.002369459 0.999993205 0.002812970 -0.393048465 -0.003677370 -0.002821672 0.999989271 12.442605019
0.999990046 0.002397499 0.003767763 0.227810651 -0.002409521 0.999992013 0.003189285 -0.405435264 -0.003760087 -0.003198332 0.999987781 12.829616547
0.999988735 0.002422714 0.004090187 0.232227087 -0.002433273 0.999993742 0.002578572 -0.410572857 -0.004083915 -0.002588496 0.999988258 13.230379105
0.999991655 0.001756693 0.003693690 0.251880795 -0.001769364 0.999992549 0.003430107 -0.430984110 -0.003687635 -0.003436614 0.999987245 13.633497238
0.999988019 0.002095541 0.004419100 0.254195809 -0.002111366 0.999991298 0.003579410 -0.440835476 -0.004411561 -0.003588698 0.999983847 14.050863266
0.999985754 0.002178964 0.004868417 0.266890347 -0.002197744 0.999990106 0.003855468 -0.455957085 -0.004859967 -0.003866112 0.999980748 14.465448380
0.999985576 0.002398731 0.004806929 0.277931124 -0.002418160 0.999988854 0.004040176 -0.466676712 -0.004797185 -0.004051741 0.999980271 14.892695427
0.999986351 0.002094422 0.004784008 0.292555690 -0.002113282 0.999989927 0.003940774 -0.477917910 -0.004775706 -0.003950830 0.999980807 15.324935913
0.999982893 0.002495297 0.005286513 0.300629318 -0.002515269 0.999989688 0.003774530 -0.490591109 -0.005277040 -0.003787763 0.999978900 15.761436462
0.999982774 0.002070585 0.005495848 0.314246684 -0.002093064 0.999989450 0.004087628 -0.501458526 -0.005487327 -0.004099061 0.999976456 16.203014374
0.999977410 0.002637999 0.006186688 0.321148992 -0.002662578 0.999988556 0.003967995 -0.513388395 -0.006176152 -0.003984378 0.999972999 16.652917862
0.999975979 0.002344805 0.006543803 0.330205142 -0.002371470 0.999988914 0.004070090 -0.525604963 -0.006534188 -0.004085510 0.999970317 17.095590591
0.999971688 0.002895443 0.006945146 0.336156726 -0.002924561 0.999986947 0.004186105 -0.535588980 -0.006932937 -0.004206298 0.999967098 17.559196472
0.999968052 0.002895030 0.007452085 0.348178029 -0.002927001 0.999986529 0.004282792 -0.547997952 -0.007439585 -0.004304468 0.999963045 18.015361786
0.999969006 0.002595202 0.007435781 0.367590278 -0.002624637 0.999988735 0.003951530 -0.553186119 -0.007425443 -0.003970924 0.999964476 18.481420517
0.999963105 0.003132016 0.008005554 0.377999008 -0.003161476 0.999988258 0.003669852 -0.563746214 -0.007993965 -0.003695026 0.999961197 18.954240799
0.999960124 0.003277839 0.008308303 0.395163596 -0.003307749 0.999988079 0.003588884 -0.571969867 -0.008296438 -0.003616222 0.999959052 19.442653656
0.999967813 0.002538566 0.007608586 0.406322479 -0.002566498 0.999989927 0.003663614 -0.587741911 -0.007599209 -0.003683024 0.999964356 19.932474136
0.999965966 0.002995891 0.007684588 0.424225152 -0.003030048 0.999985516 0.004437138 -0.608353376 -0.007671184 -0.004460272 0.999960721 20.414407730
0.999961436 0.003432602 0.008078981 0.431367695 -0.003462767 0.999987006 0.003722685 -0.607683480 -0.008066097 -0.003750517 0.999960482 20.923154831
0.999971867 0.002959629 0.006882709 0.446206093 -0.002991782 0.999984562 0.004665928 -0.634888470 -0.006868795 -0.004686389 0.999965429 21.423831940
0.999969721 0.003362650 0.007007822 0.455791682 -0.003396582 0.999982595 0.004835824 -0.651871681 -0.006991439 -0.004859480 0.999963760 21.922460556
0.999973714 0.003501235 0.006357979 0.475128949 -0.003531152 0.999982715 0.004700416 -0.659823239 -0.006341412 -0.004722743 0.999968767 22.439031601
0.999980927 0.003097786 0.005345597 0.484843940 -0.003122377 0.999984562 0.004597826 -0.673507690 -0.005331270 -0.004614429 0.999975145 22.962751389
0.999985814 0.002838426 0.004509460 0.499778986 -0.002858613 0.999985993 0.004476417 -0.687191367 -0.004496689 -0.004489244 0.999979794 23.487777710
0.999979973 0.003361975 0.005349125 0.501107872 -0.003383062 0.999986529 0.003937914 -0.700910985 -0.005335815 -0.003955931 0.999977946 24.015953064
0.999989092 0.003043958 0.003547584 0.517747402 -0.003061194 0.999983609 0.004863493 -0.714434803 -0.003532721 -0.004874300 0.999981880 24.547559738
0.999988854 0.003620040 0.003014643 0.531154335 -0.003636409 0.999978542 0.005442205 -0.731189430 -0.002994880 -0.005453107 0.999980628 25.080701828
0.999986351 0.003814007 0.003589082 0.529296279 -0.003832196 0.999979794 0.005074959 -0.736591339 -0.003569653 -0.005088644 0.999980688 25.626670837
0.999992251 0.003398011 0.002043130 0.548485756 -0.003407826 0.999982595 0.004819673 -0.754485846 -0.002026715 -0.004826598 0.999986291 26.180433273
0.999994397 0.002690177 0.002018808 0.563399851 -0.002702347 0.999978125 0.006050141 -0.773093462 -0.002002487 -0.006055562 0.999979615 26.727409363
0.999995053 0.002584294 0.001783231 0.573346555 -0.002593735 0.999982476 0.005312011 -0.778455257 -0.001769473 -0.005316610 0.999984324 27.283912659
0.999984682 0.004633053 0.003045554 0.558702409 -0.004647561 0.999977767 0.004773913 -0.795133650 -0.003023369 -0.004787994 0.999983966 27.797924042
0.999990225 0.004317646 0.000926048 0.579901099 -0.004323619 0.999969184 0.006548729 -0.829280913 -0.000897747 -0.006552669 0.999978125 28.368900299
0.999989212 0.004434464 0.001386663 0.586684465 -0.004443783 0.999967039 0.006791560 -0.841985583 -0.001356500 -0.006797649 0.999975979 28.914621353
0.999992192 0.003924478 0.000427724 0.603408217 -0.003927295 0.999969184 0.006793708 -0.856992602 -0.000401051 -0.006795335 0.999976814 29.465087891
0.999990821 0.004236558 0.000607960 0.606976926 -0.004240729 0.999966264 0.007030883 -0.865013063 -0.000578153 -0.007033397 0.999975145 30.019716263
0.999990940 0.004257638 -0.000016323 0.622561455 -0.004257437 0.999969184 0.006583645 -0.879296124 0.000044357 -0.006583516 0.999978244 30.553468704
0.999991298 0.004163919 -0.000314042 0.636813819 -0.004161772 0.999969900 0.006551520 -0.891612113 0.000341312 -0.006550156 0.999978483 31.093458176
0.999990404 0.004377551 -0.000164649 0.643632591 -0.004376351 0.999967992 0.006694457 -0.903808475 0.000193948 -0.006693671 0.999977589 31.634546280
0.999992311 0.003876626 -0.000629715 0.658060789 -0.003872239 0.999969244 0.006824593 -0.916977167 0.000656152 -0.006822102 0.999976516 32.199733734
0.999992728 0.003772227 -0.000527421 0.669054091 -0.003768362 0.999967337 0.007146643 -0.930038095 0.000554363 -0.007144603 0.999974310 32.740325928
0.999989748 0.004287004 -0.001451777 0.682188869 -0.004276873 0.999966979 0.006910082 -0.941906452 0.001481354 -0.006903802 0.999975085 33.288478851
0.999985516 0.005371443 -0.000398046 0.678666294 -0.005368675 0.999963403 0.006655776 -0.945699871 0.000433783 -0.006653541 0.999977827 33.857131958
0.999992609 0.003422543 -0.001756247 0.698675573 -0.003409306 0.999966204 0.007484977 -0.968898416 0.001781806 -0.007478935 0.999970376 34.367336273
0.999990344 0.004261579 -0.001047092 0.698082209 -0.004253989 0.999965429 0.007147427 -0.977128208 0.001077515 -0.007142904 0.999973893 34.925960541
0.999991298 0.003724838 -0.001880999 0.715984225 -0.003711542 0.999968469 0.007023328 -0.984530866 0.001907101 -0.007016286 0.999973595 35.466400146
0.999989808 0.004172206 -0.001722847 0.724169433 -0.004160140 0.999967217 0.006948726 -0.994644523 0.001751782 -0.006941488 0.999974430 36.025318146
0.999989092 0.004133231 -0.002239106 0.737854719 -0.004117988 0.999968588 0.006771148 -1.007562518 0.002267023 -0.006761852 0.999974549 36.564941406
0.999989390 0.003981674 -0.002310260 0.747189701 -0.003966212 0.999969959 0.006659200 -1.014356732 0.002336705 -0.006649967 0.999975145 37.120269775
0.999988377 0.004181426 -0.002392862 0.753889799 -0.004164163 0.999965608 0.007175309 -1.032836199 0.002422782 -0.007165261 0.999971390 37.659709930
0.999991059 0.003331617 -0.002601600 0.767980456 -0.003313108 0.999969423 0.007086532 -1.044280291 0.002625129 -0.007077849 0.999971509 38.206096649
0.999986827 0.004570848 -0.002323771 0.775787234 -0.004553772 0.999963045 0.007301727 -1.058546424 0.002357059 -0.007291049 0.999970675 38.758029938
0.999985695 0.004167767 -0.003334564 0.791051805 -0.004145589 0.999969542 0.006630576 -1.063513517 0.003362096 -0.006616659 0.999972463 39.298461914
0.999984264 0.004690350 -0.003071338 0.798960865 -0.004670348 0.999968052 0.006487898 -1.073736787 0.003101670 -0.006473451 0.999974251 39.847148895
0.999982476 0.005216899 -0.002801394 0.811323941 -0.005198124 0.999964297 0.006667885 -1.087698102 0.002836079 -0.006653206 0.999973893 40.389656067
0.999985278 0.003985451 -0.003682297 0.821028709 -0.003960589 0.999969482 0.006734360 -1.103804946 0.003709025 -0.006719677 0.999970496 40.972858429
0.999982953 0.004454972 -0.003772160 0.831537068 -0.004430205 0.999968767 0.006548724 -1.109010696 0.003801216 -0.006531901 0.999971390 41.522392273
0.999983847 0.003930646 -0.004107750 0.844525337 -0.003902465 0.999968946 0.006846215 -1.127733350 0.004134532 -0.006830074 0.999968171 42.061000824
0.999983370 0.004637575 -0.003454605 0.834070146 -0.004613398 0.999965012 0.006974237 -1.140282273 0.003486828 -0.006958182 0.999969721 42.625797272
0.999983191 0.004417132 -0.003763865 0.849355638 -0.004387883 0.999960303 0.007744453 -1.158491611 0.003797925 -0.007727807 0.999962926 43.170772552
0.999982297 0.004689291 -0.003668468 0.859945059 -0.004663495 0.999964535 0.007009051 -1.164639592 0.003701206 -0.006991819 0.999968708 43.723171234
0.999984741 0.004046146 -0.003767743 0.860788107 -0.004017429 0.999963045 0.007598649 -1.183687568 0.003798349 -0.007583396 0.999964058 44.277194977
0.999984205 0.004092295 -0.003843697 0.873792171 -0.004064696 0.999966085 0.007160870 -1.186821699 0.003872871 -0.007145133 0.999966979 44.834690094
0.999985039 0.004229596 -0.003472432 0.883016467 -0.004204903 0.999966145 0.007087819 -1.195753217 0.003502293 -0.007073111 0.999968946 45.380947113
0.999985754 0.003797655 -0.003784189 0.886454165 -0.003770231 0.999966800 0.007227872 -1.211934686 0.003811513 -0.007213502 0.999966741 45.938510895
0.999984682 0.003539901 -0.004272588 0.906016231 -0.003507375 0.999965012 0.007596351 -1.223305583 0.004299329 -0.007581247 0.999962032 46.478126526
0.999984264 0.004029702 -0.003915209 0.911366940 -0.003999687 0.999962747 0.007643944 -1.240014672 0.003945866 -0.007628162 0.999963164 47.022201538
0.999988616 0.003057585 -0.003661828 0.895079970 -0.003032186 0.999971449 0.006921756 -1.234460115 0.003682887 -0.006910573 0.999969363 47.579296112
0.999988019 0.003438630 -0.003478533 0.903363347 -0.003415845 0.999972880 0.006535062 -1.240058422 0.003500910 -0.006523102 0.999972582 48.138568878
0.999988079 0.003022381 -0.003836673 0.921387315 -0.002994891 0.999969900 0.007150817 -1.256072879 0.003858170 -0.007139240 0.999967098 48.680797577
0.999988854 0.002814652 -0.003776011 0.922339141 -0.002789508 0.999973953 0.006647765 -1.266243696 0.003794623 -0.006637158 0.999970794 49.240844727
0.999987781 0.003257104 -0.003706855 0.932151556 -0.003232269 0.999972403 0.006686063 -1.278386593 0.003728530 -0.006674001 0.999970794 49.787155151
0.999990106 0.002820511 -0.003450705 0.940768480 -0.002797474 0.999973893 0.006662687 -1.288395405 0.003469407 -0.006652968 0.999971867 50.345710754
0.999988675 0.003352999 -0.003378609 0.934436619 -0.003332211 0.999975622 0.006139393 -1.299502134 0.003399112 -0.006128066 0.999975443 50.901714325
0.999990404 0.003352698 -0.002810065 0.941708624 -0.003335744 0.999976337 0.006016316 -1.311666489 0.002830170 -0.006006885 0.999977946 51.457744598
0.999991119 0.002952627 -0.002983969 0.951849520 -0.002935478 0.999979317 0.005735180 -1.323268294 0.003000841 -0.005726371 0.999979138 52.017482758
0.999988317 0.003176107 -0.003638562 0.972179532 -0.003153336 0.999975502 0.006247121 -1.339478016 0.003658315 -0.006235574 0.999973834 52.561454773
0.999988675 0.002990884 -0.003705637 0.981668234 -0.002965610 0.999972403 0.006807310 -1.351331830 0.003725895 -0.006796244 0.999969959 53.103141785
0.999988496 0.002718457 -0.003931699 0.991760910 -0.002692928 0.999975264 0.006483889 -1.364588737 0.003949228 -0.006473227 0.999971271 53.664104462
0.999988735 0.002651662 -0.003926745 1.005135417 -0.002628285 0.999978840 0.005946576 -1.370610237 0.003942430 -0.005936189 0.999974668 54.217185974
0.999989748 0.002676627 -0.003639489 1.006719947 -0.002653957 0.999977112 0.006219566 -1.386479378 0.003656053 -0.006209843 0.999974012 54.772914886
0.999990582 0.002897753 -0.003227241 1.009980798 -0.002878269 0.999977648 0.006025529 -1.399949074 0.003244630 -0.006016183 0.999976575 55.322078705
0.999989569 0.003055465 -0.003394122 1.018396735 -0.003034372 0.999976158 0.006202361 -1.408431292 0.003412993 -0.006191997 0.999975026 55.894313812
0.999988556 0.002659394 -0.003966158 1.032419086 -0.002636324 0.999979675 0.005810776 -1.415647268 0.003981530 -0.005800254 0.999975264 56.446495056
0.999990702 0.002996193 -0.003114211 1.039481401 -0.002976674 0.999975979 0.006253718 -1.432274103 0.003132874 -0.006244389 0.999975622 56.988842010
0.999987662 0.003574997 -0.003454361 1.048737884 -0.003553101 0.999973714 0.006324126 -1.445121050 0.003476879 -0.006311774 0.999974012 57.548358917
0.999988317 0.003381964 -0.003472229 1.054986715 -0.003360823 0.999975920 0.006076624 -1.457175016 0.003492696 -0.006064883 0.999975502 58.103054047
0.999989212 0.003275604 -0.003298567 1.066129923 -0.003255065 0.999975502 0.006213045 -1.472335815 0.003318837 -0.006202241 0.999975264 58.637836456
0.999987721 0.003464844 -0.003549507 1.076897025 -0.003445189 0.999978781 0.005528637 -1.468816400 0.003568587 -0.005516340 0.999978423 59.197376251
0.999989450 0.002697343 -0.003727103 1.089962006 -0.002678160 0.999983132 0.005142433 -1.480930090 0.003740911 -0.005132396 0.999979854 59.737468719
0.999987781 0.003167068 -0.003782511 1.096265554 -0.003147551 0.999981761 0.005154478 -1.489566565 0.003798766 -0.005142510 0.999979615 60.305004120
0.999985039 0.003893007 -0.003845802 1.102052927 -0.003871946 0.999977529 0.005468564 -1.505635858 0.003867005 -0.005453592 0.999977589 60.851398468
0.999987662 0.004094668 -0.002826798 1.108156562 -0.004079216 0.999976814 0.005450747 -1.517844796 0.002849051 -0.005439148 0.999981105 61.404373169
0.999985158 0.003810732 -0.003896659 1.133064747 -0.003787475 0.999974966 0.005958146 -1.538032055 0.003919267 -0.005943298 0.999974668 61.940933228
0.999984741 0.003689785 -0.004107557 1.132024884 -0.003669090 0.999980509 0.005034329 -1.539313078 0.004126053 -0.005019181 0.999978840 62.505340576
0.999986529 0.004011236 -0.003310096 1.136369467 -0.003995446 0.999980628 0.004762878 -1.549273729 0.003329137 -0.004749589 0.999983191 63.060882568
0.999985993 0.003629140 -0.003858775 1.147663832 -0.003610110 0.999981344 0.004927454 -1.560537338 0.003876586 -0.004913453 0.999980450 63.607677460
0.999985814 0.003544799 -0.003970186 1.151461363 -0.003523737 0.999979675 0.005299327 -1.578116417 0.003988890 -0.005285262 0.999978065 64.165374756
0.999986410 0.003927177 -0.003412416 1.152496696 -0.003908292 0.999977112 0.005523568 -1.590240717 0.003434029 -0.005510157 0.999978900 64.712600708
0.999984264 0.004317149 -0.003582812 1.167964220 -0.004296766 0.999974608 0.005677593 -1.601359606 0.003607232 -0.005662109 0.999977469 65.251647949
0.999986589 0.003944146 -0.003361566 1.167259216 -0.003925975 0.999977767 0.005395117 -1.611300111 0.003382770 -0.005381848 0.999979734 65.812141418
0.999987304 0.003862145 -0.003226186 1.177288413 -0.003844946 0.999978483 0.005320120 -1.619128823 0.003246664 -0.005307648 0.999980569 66.364440918
0.999985278 0.004032827 -0.003646123 1.187439680 -0.004016007 0.999981403 0.004608804 -1.625303864 0.003664641 -0.004594093 0.999982774 66.928543091
0.999985456 0.004488903 -0.003016235 1.189609051 -0.004474163 0.999978185 0.004876112 -1.644516706 0.003038057 -0.004862544 0.999983549 67.470718384
0.999987423 0.003550346 -0.003537117 1.200252056 -0.003533310 0.999982178 0.004810788 -1.647690773 0.003554134 -0.004798230 0.999982178 68.022583008
0.999987483 0.003382062 -0.003675356 1.217672229 -0.003363078 0.999981046 0.005159038 -1.667485476 0.003692734 -0.005146613 0.999979973 68.551826477
0.999985754 0.004076874 -0.003451950 1.221264958 -0.004057810 0.999976575 0.005511655 -1.685751796 0.003474340 -0.005497569 0.999978840 69.101181030
0.999985337 0.004441556 -0.003070420 1.224334240 -0.004423844 0.999973714 0.005751639 -1.702527881 0.003095885 -0.005737972 0.999978781 69.646400452
0.999985695 0.004153825 -0.003351471 1.234241366 -0.004136828 0.999978721 0.005062537 -1.709110618 0.003372428 -0.005048601 0.999981523 70.190315247
0.999983251 0.004435582 -0.003726739 1.246003509 -0.004415756 0.999976158 0.005311607 -1.723626137 0.003750211 -0.005295061 0.999978960 70.741806030
0.999981701 0.005020958 -0.003376196 1.250587463 -0.005004179 0.999975204 0.004960273 -1.722867489 0.003401018 -0.004943287 0.999981999 71.286521912
0.999982893 0.004548797 -0.003677773 1.262193084 -0.004529844 0.999976516 0.005145830 -1.747376561 0.003701094 -0.005129081 0.999979973 71.838630676
0.999983847 0.004513698 -0.003469826 1.274254680 -0.004496322 0.999977469 0.004999168 -1.761136055 0.003492313 -0.004983486 0.999981403 72.387557983
0.999981701 0.005096900 -0.003266170 1.277954936 -0.005079924 0.999973655 0.005185018 -1.778946161 0.003292511 -0.005168332 0.999981225 72.949409485
0.999982595 0.004631504 -0.003652543 1.287287235 -0.004610714 0.999973238 0.005680231 -1.794751406 0.003678754 -0.005663292 0.999977112 73.477119446
0.999979258 0.004846272 -0.004238498 1.295948267 -0.004823716 0.999974191 0.005315850 -1.803865194 0.004264152 -0.005295294 0.999976814 74.025382996
0.999976397 0.005244723 -0.004449348 1.306913853 -0.005217273 0.999967456 0.006158695 -1.829262018 0.004481504 -0.006135335 0.999971151 74.555152893
0.999983609 0.004268434 -0.003822798 1.314090967 -0.004246194 0.999974251 0.005806850 -1.827226400 0.003847486 -0.005790522 0.999975860 75.119224548
0.999984443 0.004133569 -0.003757540 1.322591066 -0.004109571 0.999971330 0.006371807 -1.845064402 0.003783771 -0.006356266 0.999972641 75.659011841
0.999986768 0.003534996 -0.003744370 1.334856153 -0.003511836 0.999974787 0.006173684 -1.858679771 0.003766100 -0.006160453 0.999973893 76.205909729
0.999983132 0.004241644 -0.003970774 1.345263481 -0.004218169 0.999973714 0.005901469 -1.868784904 0.003995703 -0.005884621 0.999974668 76.765701294
0.999984622 0.003938643 -0.003912631 1.353304744 -0.003917075 0.999977112 0.005504849 -1.881514072 0.003934223 -0.005489439 0.999977171 77.304969788
0.999986649 0.002465547 -0.004544151 1.370206833 -0.002443511 0.999985218 0.004848550 -1.888715267 0.004556038 -0.004837382 0.999977887 77.857452393
0.999985576 0.003227334 -0.004276326 1.368508339 -0.003204141 0.999980211 0.005419294 -1.903418303 0.004293731 -0.005405515 0.999976158 78.409988403
0.999984324 0.003930340 -0.003988904 1.377578974 -0.003908752 0.999977767 0.005405282 -1.913989305 0.004010060 -0.005389606 0.999977410 78.960525513
0.999983430 0.004422267 -0.003681966 1.380640030 -0.004400985 0.999973714 0.005768525 -1.925419927 0.003707379 -0.005752226 0.999976575 79.511772156
0.999986708 0.003583180 -0.003691334 1.386534810 -0.003563584 0.999979615 0.005301842 -1.943421841 0.003710256 -0.005288617 0.999979138 80.066909790
0.999986649 0.003429287 -0.003851388 1.398187041 -0.003409533 0.999981046 0.005123914 -1.955829382 0.003868886 -0.005110715 0.999979496 80.616821289
0.999986112 0.004405117 -0.002901958 1.410117745 -0.004389153 0.999975324 0.005484567 -1.964604378 0.002926046 -0.005471754 0.999980748 81.161911011
0.999990702 0.003889500 -0.001852697 1.420645475 -0.003879359 0.999977589 0.005446064 -1.977502584 0.001873838 -0.005438826 0.999983490 81.707099915
0.999989450 0.004563644 -0.000468537 1.425564766 -0.004561005 0.999974549 0.005486854 -1.994720578 0.000493565 -0.005484660 0.999984860 82.243362427
0.999988616 0.004699661 0.000832519 1.439725518 -0.004704099 0.999974251 0.005410037 -2.005771160 -0.000807072 -0.005413892 0.999985039 82.793754578
0.999981403 0.004607853 0.003994514 1.456238747 -0.004627085 0.999977648 0.004818851 -2.011863470 -0.003972220 -0.004837244 0.999980450 83.356086731
0.999957502 0.004236344 0.008185939 1.465113401 -0.004280690 0.999976218 0.005407376 -2.026662111 -0.008162836 -0.005442187 0.999951899 83.886978149
0.999918222 0.004821141 0.011845298 1.475841284 -0.004879591 0.999975979 0.004910443 -2.035686493 -0.011821341 -0.004967842 0.999917805 84.442153931
0.999856174 0.004925919 0.016229559 1.508897781 -0.005015646 0.999972284 0.005492589 -2.056307077 -0.016202055 -0.005573200 0.999853134 84.994178772
0.999746382 0.004683967 0.022032548 1.538327694 -0.004797021 0.999975562 0.005081231 -2.065803766 -0.022008210 -0.005185632 0.999744356 85.543014526
0.999619246 0.004990253 0.027140172 1.579910040 -0.005145972 0.999970615 0.005670727 -2.085403681 -0.027111081 -0.005808230 0.999615550 86.077690125
0.999439120 0.004608209 0.033170287 1.597973228 -0.004778111 0.999975801 0.005044653 -2.086433172 -0.033146236 -0.005200314 0.999436975 86.656883240
0.999120891 0.005146179 0.041606452 1.630245924 -0.005354714 0.999973536 0.004902181 -2.095989466 -0.041580122 -0.005120662 0.999122024 87.214286804
0.998765051 0.004985022 0.049433291 1.680067062 -0.005266325 0.999970615 0.005561941 -2.116268158 -0.049404107 -0.005815404 0.998761952 87.774871826
0.998405755 0.004458237 0.056266487 1.726867676 -0.004754294 0.999975681 0.005128933 -2.126466990 -0.056242239 -0.005388264 0.998402596 88.297737122
0.997849703 0.004458392 0.065392390 1.780430317 -0.004776120 0.999977648 0.004703267 -2.135319710 -0.065369956 -0.005005476 0.997848511 88.854415894
0.997114062 0.005348459 0.075728811 1.841807842 -0.005737998 0.999971449 0.004927217 -2.151992559 -0.075700291 -0.005347529 0.997116268 89.389259338
0.996459842 0.004304282 0.083959714 1.901772976 -0.004736801 0.999976516 0.004952973 -2.169704914 -0.083936423 -0.005333139 0.996456861 89.963142395
0.995755255 0.003915598 0.091956973 1.970165730 -0.004364517 0.999979556 0.004681238 -2.181674242 -0.091936752 -0.005062715 0.995752037 90.512886047
0.994683623 0.003944722 0.102902815 2.048988342 -0.004472889 0.999977946 0.004902427 -2.194365978 -0.102881223 -0.005336636 0.994679332 91.044906616
0.993453026 0.003848198 0.114176370 2.109686852 -0.004465657 0.999976754 0.005152656 -2.212172508 -0.114153877 -0.005628794 0.993447125 91.622665405
0.992400408 0.003308243 0.123005435 2.196509361 -0.003931927 0.999980628 0.004827983 -2.220472813 -0.122987084 -0.005274943 0.992394149 92.172218323
0.990939260 0.003463822 0.134265482 2.296209335 -0.004218498 0.999976873 0.005336701 -2.238887548 -0.134243846 -0.005854746 0.990931034 92.738533020
0.989263296 0.002782962 0.146117598 2.398427963 -0.003554474 0.999981105 0.005019255 -2.252300978 -0.146100864 -0.005484736 0.989254475 93.277854919
0.987647772 0.002955634 0.156662315 2.505310059 -0.003886803 0.999976575 0.005637780 -2.270803928 -0.156641990 -0.006177056 0.987636089 93.821975708
0.985863209 0.002392231 0.167535111 2.610412598 -0.003292598 0.999981582 0.005096627 -2.274405718 -0.167519867 -0.005576203 0.985852957 94.366218567
0.983608067 0.002002049 0.180308372 2.738313675 -0.002953191 0.999983072 0.005006796 -2.287968159 -0.180295303 -0.005457209 0.983597457 94.887031555
0.981144667 0.002272064 0.193261504 2.850640297 -0.003262341 0.999983132 0.004805937 -2.295685768 -0.193247363 -0.005345804 0.981135428 95.459999084
0.979094684 0.001857789 0.203396857 2.980758667 -0.002823347 0.999986112 0.004457097 -2.304718971 -0.203385755 -0.004938180 0.979086161 95.991073608
0.976299226 0.001567530 0.216419190 3.127042770 -0.002792132 0.999981701 0.005352831 -2.326462984 -0.216406837 -0.005830236 0.976285875 96.522537231
0.973183572 0.001349658 0.230025768 3.277950287 -0.002661446 0.999981940 0.005392623 -2.338555813 -0.230014324 -0.005860214 0.973169684 97.052032471
0.970631540 0.000715147 0.240570158 3.418275833 -0.002134635 0.999981821 0.005639977 -2.354231358 -0.240561739 -0.005987869 0.970615387 97.553573608
0.967364371 0.001244610 0.253386259 3.568101883 -0.002590040 0.999984264 0.004976286 -2.357458353 -0.253376096 -0.005470162 0.967352390 98.131774902
0.963610888 0.001438053 0.267305255 3.738809586 -0.002919035 0.999982536 0.005143128 -2.375564814 -0.267293215 -0.005736248 0.963598251 98.657432556
0.960080922 0.000955795 0.279720902 3.904708862 -0.002540838 0.999982715 0.005303973 -2.386823654 -0.279710948 -0.005802969 0.960066736 99.174415588
0.956711650 0.000680403 0.291036665 4.071943283 -0.002459241 0.999980450 0.005746334 -2.407669783 -0.291027039 -0.006213314 0.956694603 99.694000244
0.952311754 0.000736185 0.305125803 4.261047363 -0.002634754 0.999979794 0.005810515 -2.426779509 -0.305115312 -0.006337354 0.952294350 100.261062622
0.947755456 0.000742081 0.318996936 4.456878662 -0.002733005 0.999979615 0.005793646 -2.442122221 -0.318986058 -0.006362780 0.947738051 100.765243530
0.943812907 -0.000081682 0.330480129 4.659261703 -0.001963362 0.999980927 0.005854293 -2.451251745 -0.330474317 -0.006174210 0.943794787 101.299491882
0.939142823 -0.000394367 0.343526572 4.869840622 -0.001489684 0.999985278 0.005220518 -2.460878372 -0.343523592 -0.005414559 0.939128458 101.818595886
0.933853269 -0.000652519 0.357655823 5.089656830 -0.001297440 0.999985516 0.005212073 -2.472021103 -0.357654095 -0.005331348 0.933839023 102.324851990
0.929068565 -0.001460702 0.369904667 5.319509506 -0.000710910 0.999983251 0.005734345 -2.491620541 -0.369906932 -0.005590568 0.929051995 102.860717773
0.924427330 -0.002593596 0.381349236 5.553026199 0.000511353 0.999984384 0.005561430 -2.501825094 -0.381357789 -0.004946133 0.924414277 103.363685608
0.918566525 -0.002494398 0.395258456 5.791156769 0.000235226 0.999983370 0.005764038 -2.518864632 -0.395266265 -0.005201678 0.918551803 103.835838318
0.912545145 -0.003053854 0.408964455 6.035133362 0.000862240 0.999984264 0.005543201 -2.522454500 -0.408974975 -0.004705796 0.912533462 104.365562439
0.907153785 -0.003153366 0.420787513 6.281414032 0.000595638 0.999980569 0.006209711 -2.540122986 -0.420798898 -0.005382526 0.907137990 104.862930298
0.901417375 -0.004188768 0.432930797 6.555641174 0.002077008 0.999983490 0.005350618 -2.550871849 -0.432946086 -0.003923939 0.901411295 105.328094482
0.894507647 -0.003891394 0.447035670 6.799377441 0.001569064 0.999983311 0.005565078 -2.559373379 -0.447049856 -0.004276578 0.894498825 105.819519043
0.888459146 -0.004043944 0.458937883 7.080272675 0.001407632 0.999980569 0.006086316 -2.577907085 -0.458953530 -0.004761428 0.888447523 106.312988281
0.882957101 -0.004462898 0.469432503 7.354236603 0.001991243 0.999981463 0.005761495 -2.582522869 -0.469449490 -0.004152399 0.882949591 106.790298462
0.875767589 -0.005260114 0.482704222 7.639217377 0.002834243 0.999979377 0.005754803 -2.594228506 -0.482724547 -0.003671769 0.875764549 107.249526978
0.868449986 -0.005277024 0.495748699 7.917816162 0.002852240 0.999979913 0.005647802 -2.605176926 -0.495768636 -0.003490838 0.868447661 107.732650757
0.862618744 -0.005600507 0.505823731 8.211151123 0.003297397 0.999979734 0.005448531 -2.616732121 -0.505843997 -0.003032103 0.862619698 108.193389893
