1.000000000 0.000000000 0.000000000 0.000000000 0.000000000 1.000000000 0.000000000 0.000000000 0.000000000 0.000000000 1.000000000 0.000000000
1.000000000 0.000027021 -0.000013985 0.000422154 -0.000027020 1.000000000 0.000029960 -0.000640043 0.000013986 -0.000029959 1.000000000 -0.001493541
1.000000000 -0.000016291 -0.000015803 0.001233385 0.000016291 1.000000000 -0.000002986 -0.000376730 0.000015803 0.000002986 1.000000000 -0.001752725
1.000000000 -0.000111656 -0.000112780 0.001985639 0.000111658 1.000000000 0.000013968 -0.001168446 0.000112779 -0.000013980 1.000000000 -0.004031570
1.000000000 -0.000181146 -0.000136427 0.000410252 0.000181150 1.000000000 0.000022526 0.000240370 0.000136423 -0.000022551 1.000000000 -0.002664134
1.000000000 -0.000143789 -0.000025374 0.000916701 0.000143790 1.000000000 0.000029388 -0.000274017 0.000025370 -0.000029392 1.000000000 -0.001086758
1.000000000 -0.000163123 -0.000019633 0.000384466 0.000163124 1.000000000 0.000039511 -0.000976857 0.000019626 -0.000039514 1.000000000 -0.003858187
1.000000000 -0.000054423 -0.000077574 0.001204948 0.000054424 1.000000000 0.000017085 0.000042867 0.000077573 -0.000017090 1.000000000 -0.003099969
1.000000000 -0.000074304 -0.000018558 0.000354638 0.000074304 1.000000000 -0.000000059 0.000493549 0.000018558 0.000000057 1.000000000 -0.000405043
1.000000000 0.000004886 -0.000028793 -0.000223588 -0.000004886 1.000000000 -0.000005078 0.000770535 0.000028793 0.000005078 1.000000000 -0.000290722
1.000000000 -0.000076791 -0.000058291 0.000706710 0.000076794 1.000000000 0.000044269 -0.000749975 0.000058287 -0.000044273 1.000000000 -0.000963084
1.000000000 -0.000102815 -0.000070058 0.001028822 0.000102813 1.000000000 -0.000035917 0.000338342 0.000070062 0.000035910 1.000000000 -0.000064999
1.000000000 -0.000185349 -0.000056877 -0.000412766 0.000185350 1.000000000 0.000016147 0.001001271 0.000056874 -0.000016157 1.000000000 0.000454378
1.000000000 -0.000140513 -0.000043521 0.000538091 0.000140513 1.000000000 0.000003426 0.000297724 0.000043521 -0.000003432 1.000000000 -0.003505483
1.000000000 -0.000019588 -0.000048842 0.002197308 0.000019591 1.000000000 0.000072736 -0.000418385 0.000048840 -0.000072737 1.000000000 -0.002582596
1.000000000 -0.000092991 -0.000060561 0.002707505 0.000092998 1.000000000 0.000111977 -0.001186094 0.000060551 -0.000111982 1.000000000 -0.004199253
1.000000000 -0.000088022 -0.000071265 0.002115074 0.000088024 1.000000000 0.000027825 0.000383864 0.000071262 -0.000027832 1.000000000 -0.002290525
1.000000000 0.000010448 -0.000060902 0.001763548 -0.000010444 1.000000000 0.000060233 -0.000194508 0.000060903 -0.000060232 1.000000000 -0.002724176
1.000000000 -0.000135681 -0.000120592 0.002339061 0.000135683 1.000000000 0.000010514 -0.000449559 0.000120591 -0.000010531 1.000000000 -0.002334438
1.000000000 -0.000173487 -0.000087983 0.001488526 0.000173486 1.000000000 -0.000006518 0.000687425 0.000087984 0.000006503 1.000000000 0.000549723
1.000000000 -0.000190493 -0.000079697 0.000415193 0.000190497 1.000000000 0.000057071 -0.000814870 0.000079686 -0.000057086 1.000000000 -0.005271883
1.000000000 -0.000093358 -0.000093429 0.004038636 0.000093362 1.000000000 0.000046012 -0.000393092 0.000093425 -0.000046021 1.000000000 -0.002274745
1.000000000 -0.000127155 -0.000133711 0.003117271 0.000127163 1.000000000 0.000057647 -0.000685571 0.000133703 -0.000057664 1.000000000 -0.002748331
1.000000000 -0.000198271 -0.000116522 0.001560697 0.000198276 1.000000000 0.000051060 -0.000451057 0.000116512 -0.000051083 1.000000000 -0.002639573
1.000000000 -0.000141632 -0.000129820 0.003476103 0.000141638 1.000000000 0.000046578 0.000004157 0.000129813 -0.000046596 1.000000000 -0.001367718
1.000000000 -0.000194075 -0.000099280 0.002347942 0.000194078 1.000000000 0.000031937 0.000396001 0.000099274 -0.000031956 1.000000000 -0.001026458
0.999999940 -0.000258562 -0.000167414 0.002410823 0.000258578 0.999999940 0.000097104 -0.000732965 0.000167389 -0.000097147 1.000000000 -0.005418829
0.999999940 -0.000330457 -0.000096251 0.001961445 0.000330463 0.999999940 0.000068084 -0.001134341 0.000096229 -0.000068116 1.000000000 -0.002833094
1.000000000 -0.000080315 -0.000086010 0.001572042 0.000080320 1.000000000 0.000059083 -0.000632051 0.000086005 -0.000059089 1.000000000 -0.002422589
0.999999940 -0.000221971 -0.000148941 0.003252024 0.000221986 1.000000000 0.000101328 -0.001292240 0.000148918 -0.000101361 1.000000000 -0.003516499
0.999999940 -0.000265247 -0.000134119 0.001767453 0.000265257 0.999999940 0.000074546 -0.000645354 0.000134099 -0.000074581 1.000000000 -0.002914683
0.999999940 -0.000291426 -0.000154993 0.002166820 0.000291442 0.999999940 0.000099302 -0.000792574 0.000154964 -0.000099347 1.000000000 -0.004769421
0.999999940 -0.000221815 -0.000142429 0.002111092 0.000221821 1.000000000 0.000045445 -0.000367398 0.000142419 -0.000045476 1.000000000 -0.002449759
1.000000000 -0.000193982 -0.000114490 0.001013469 0.000193985 1.000000000 0.000025963 -0.000059385 0.000114485 -0.000025985 1.000000000 -0.001768231
0.999999940 -0.000309272 -0.000137217 0.002713579 0.000309289 0.999999940 0.000128069 -0.001784089 0.000137178 -0.000128112 1.000000000 -0.006587849
0.999999940 -0.000225756 -0.000147140 0.002633854 0.000225754 1.000000000 -0.000013585 0.000014251 0.000147143 0.000013552 1.000000000 -0.002612657
1.000000000 -0.000151763 -0.000136721 0.004340341 0.000151780 1.000000000 0.000125498 -0.001529407 0.000136702 -0.000125519 1.000000000 -0.006749808
0.999999940 -0.000295994 -0.000161415 0.002351489 0.000296006 0.999999940 0.000073287 -0.000914148 0.000161393 -0.000073334 1.000000000 -0.005619543
0.999999940 -0.000250978 -0.000152776 0.002493126 0.000250999 0.999999940 0.000134407 -0.001500673 0.000152743 -0.000134445 1.000000000 -0.004627255
0.999999940 -0.000135559 -0.000203102 0.003724253 0.000135557 1.000000000 -0.000010370 -0.001189249 0.000203103 0.000010343 1.000000000 -0.002319941
1.000000000 -0.000210159 -0.000088395 0.001859608 0.000210109 0.999999821 -0.000561130 -0.001180018 0.000088513 0.000561111 0.999999821 0.045606609
0.999999940 -0.000121403 -0.000217673 0.003826580 0.000121161 0.999999404 -0.001109138 -0.004724517 0.000217807 0.001109112 0.999999344 0.136549383
1.000000000 -0.000179503 -0.000101994 0.005435315 0.000179356 0.999998927 -0.001439958 -0.006837223 0.000102252 0.001439940 0.999998987 0.252968848
1.000000000 -0.000159127 -0.000062794 0.006479780 0.000159035 0.999998927 -0.001452808 -0.011418092 0.000063025 0.001452798 0.999998927 0.387648761
1.000000000 -0.000041818 -0.000133963 0.011555749 0.000041657 0.999999285 -0.001196459 -0.017379774 0.000134012 0.001196453 0.999999285 0.524317801
1.000000000 -0.000127341 0.000012711 0.014042978 0.000127354 0.999999464 -0.001036740 -0.022553030 -0.000012579 0.001036742 0.999999464 0.677645206
0.999999940 -0.000240432 -0.000134449 0.019876022 0.000240302 0.999999523 -0.000968162 -0.025064833 0.000134681 0.000968130 0.999999523 0.842180490
0.999999940 0.000341474 0.000115680 0.018260505 -0.000341376 0.999999583 -0.000849589 -0.024055174 -0.000115970 0.000849550 0.999999642 1.021332026
1.000000000 0.000007915 -0.000233579 0.021941109 -0.000008000 0.999999940 -0.000361801 -0.037673172 0.000233576 0.000361803 0.999999881 1.189010024
1.000000000 -0.000033130 -0.000254145 0.026157841 0.000033114 1.000000000 -0.000063996 -0.044214044 0.000254147 0.000063987 0.999999940 1.370284677
0.999999940 0.000071510 -0.000339789 0.030604836 -0.000071547 1.000000000 -0.000109735 -0.049163684 0.000339781 0.000109760 0.999999940 1.570717931
1.000000000 -0.000248607 -0.000048732 0.032942690 0.000248605 1.000000000 -0.000043583 -0.054832689 0.000048742 0.000043571 1.000000000 1.767747283
1.000000000 0.000000102 0.000085967 0.038167149 -0.000000134 0.999999940 0.000374696 -0.065379754 -0.000085967 -0.000374696 0.999999940 1.958004951
1.000000000 -0.000020657 0.000259759 0.037227426 0.000020607 0.999999940 0.000193444 -0.068747826 -0.000259763 -0.000193439 1.000000000 2.171190739
0.999999702 0.000525750 0.000507635 0.041988257 -0.000526029 0.999999702 0.000549081 -0.077237211 -0.000507346 -0.000549348 0.999999702 2.392046690
1.000000000 0.000202120 0.000322706 0.046875399 -0.000202330 0.999999762 0.000649921 -0.082375288 -0.000322575 -0.000649986 0.999999762 2.619989157
0.999999940 0.000151648 0.000336255 0.050990216 -0.000151937 0.999999642 0.000858958 -0.098494567 -0.000336125 -0.000859009 0.999999583 2.848116636
0.999999881 -0.000004737 0.000287607 0.053464618 0.000004485 0.999999583 0.000876916 -0.100762598 -0.000287611 -0.000876914 0.999999583 3.081551790
0.999999881 -0.000335642 -0.000093729 0.067292593 0.000335719 0.999999583 0.000832565 -0.111018948 0.000093449 -0.000832596 0.999999642 3.318450689
0.999999762 0.000026937 0.000684535 0.066529028 -0.000027477 0.999999702 0.000788932 -0.116985388 -0.000684514 -0.000788951 0.999999464 3.575268745
0.999999821 0.000311955 0.000619824 0.072754160 -0.000312458 0.999999702 0.000810768 -0.123099230 -0.000619571 -0.000810962 0.999999464 3.825778008
0.999999702 0.000143095 0.000712685 0.077416442 -0.000143798 0.999999464 0.000985653 -0.131087735 -0.000712544 -0.000985756 0.999999225 4.092396259
0.999999285 0.000501600 0.001038700 0.075673535 -0.000502663 0.999999344 0.001023998 -0.137820140 -0.001038186 -0.001024519 0.999998868 4.348561287
0.999999762 -0.000105259 0.000653064 0.083773047 0.000104521 0.999999285 0.001130520 -0.146283224 -0.000653182 -0.001130451 0.999999106 4.602852345
0.999999702 0.000050683 0.000885572 0.089640863 -0.000051893 0.999999046 0.001366069 -0.153075680 -0.000885502 -0.001366114 0.999998689 4.860127449
0.999999762 0.000010817 0.000687954 0.097292699 -0.000012213 0.999997854 0.002029326 -0.174862385 -0.000687931 -0.002029334 0.999997616 5.116083145
0.999999881 0.000178728 0.000541590 0.101636641 -0.000179752 0.999998152 0.001891365 -0.179824099 -0.000541251 -0.001891462 0.999997973 5.383621693
0.999999642 0.000332271 0.000739431 0.108726606 -0.000333830 0.999997616 0.002108538 -0.190069646 -0.000738729 -0.002108784 0.999997497 5.652713299
0.999999642 0.000572122 0.000674131 0.109752841 -0.000573450 0.999997854 0.001970486 -0.195348144 -0.000673002 -0.001970872 0.999997795 5.934619427
0.999999404 -0.000132392 0.001026341 0.109583415 0.000129979 0.999997199 0.002351355 -0.217036963 -0.001026650 -0.002351220 0.999996662 6.182397366
0.999999642 -0.000131452 0.000850077 0.117122799 0.000129364 0.999996960 0.002456433 -0.225354671 -0.000850397 -0.002456322 0.999996603 6.463673115
0.999999285 0.000279118 0.001167838 0.122707300 -0.000282001 0.999996901 0.002469054 -0.235376164 -0.001167146 -0.002469381 0.999996245 6.747608185
0.999999225 -0.000097396 0.001262152 0.127579361 0.000094649 0.999997616 0.002176489 -0.236957401 -0.001262361 -0.002176368 0.999996841 7.028091908
0.999999046 0.000175160 0.001339383 0.129126951 -0.000177937 0.999997795 0.002073626 -0.241542250 -0.001339017 -0.002073862 0.999996960 7.331918716
0.999999106 -0.000043180 0.001346949 0.142736673 0.000040217 0.999997556 0.002199738 -0.253974378 -0.001347041 -0.002199682 0.999996662 7.639696598
0.999999166 -0.000429856 0.001221272 0.155071020 0.000426950 0.999997079 0.002378930 -0.269342303 -0.001222291 -0.002378407 0.999996424 7.955496311
0.999998927 0.000159513 0.001413310 0.151740506 -0.000163194 0.999996603 0.002604338 -0.279715002 -0.001412890 -0.002604566 0.999995530 8.256429672
0.999998808 0.000301234 0.001506323 0.166130811 -0.000305459 0.999996066 0.002805770 -0.292409241 -0.001505472 -0.002806226 0.999994874 8.569260597
0.999998391 0.000700216 0.001673849 0.168390900 -0.000704567 0.999996424 0.002600329 -0.296944916 -0.001672022 -0.002601504 0.999995172 8.911094666
0.999998331 0.000594943 0.001740271 0.174717858 -0.000599569 0.999996364 0.002659086 -0.308864951 -0.001738682 -0.002660125 0.999994934 9.272244453
0.999998391 0.000823063 0.001604007 0.175485715 -0.000827364 0.999996066 0.002683076 -0.319687754 -0.001601793 -0.002684399 0.999995053 9.592281342
0.999996960 0.001570930 0.001892458 0.176869750 -0.001575772 0.999995530 0.002559836 -0.324181259 -0.001888428 -0.002562810 0.999994874 9.947032928
0.999997675 0.001161678 0.001834508 0.190677106 -0.001166521 0.999995887 0.002640939 -0.340455979 -0.001831433 -0.002643072 0.999994814 10.294618607
0.999997973 0.000592635 0.001909515 0.197316751 -0.000598370 0.999995232 0.003004320 -0.354201347 -0.001907725 -0.003005457 0.999993622 10.655287743
0.999997973 0.000459089 0.001928236 0.206325963 -0.000465224 0.999994755 0.003182412 -0.364639580 -0.001926765 -0.003183302 0.999993086 11.018819809
0.999997735 0.000798859 0.001960159 0.215297759 -0.000805023 0.999994695 0.003145606 -0.378814936 -0.001957636 -0.003147177 0.999993086 11.379833221
0.999997497 0.001038067 0.002002820 0.223214269 -0.001044368 0.999994576 0.003147601 -0.386307389 -0.001999542 -0.003149685 0.999993026 11.762872696
0.999998152 0.000566628 0.001849889 0.238042831 -0.000572943 0.999994040 0.003414781 -0.401405811 -0.001847943 -0.003415834 0.999992430 12.147176743
0.999996960 0.001020563 0.002219002 0.242907718 -0.001028378 0.999993265 0.003523658 -0.413130730 -0.002215391 -0.003525929 0.999991298 12.520756721
0.999998152 0.000224992 0.001897052 0.258227348 -0.000231459 0.999994218 0.003409163 -0.424624413 -0.001896274 -0.003409596 0.999992430 12.909611702
0.999997854 0.000750866 0.001926501 0.268203437 -0.000758013 0.999992847 0.003711562 -0.437087893 -0.001923701 -0.003713015 0.999991298 13.299506187
0.999995589 0.001157743 0.002748237 0.270910621 -0.001167941 0.999992490 0.003711914 -0.441647708 -0.002743919 -0.003715108 0.999989390 13.725395203
0.999996722 0.000890814 0.002393198 0.285426646 -0.000900296 0.999991715 0.003964192 -0.460344404 -0.002389646 -0.003966333 0.999989271 14.102452278
0.999996722 0.000808765 0.002409551 0.298220724 -0.000818120 0.999992013 0.003883979 -0.474291503 -0.002406391 -0.003885938 0.999989510 14.526885033
0.999996543 0.000420311 0.002599531 0.311547458 -0.000430881 0.999991596 0.004066804 -0.489961863 -0.002597800 -0.004067911 0.999988317 14.945343971
0.999994874 0.000894932 0.003056122 0.315375239 -0.000907530 0.999991000 0.004123492 -0.501551270 -0.003052405 -0.004126245 0.999986827 15.363060951
0.999993324 0.000961179 0.003516096 0.324226797 -0.000976302 0.999990225 0.004301808 -0.513290524 -0.003511927 -0.004305213 0.999984503 15.801729202
0.999990344 0.001459361 0.004143128 0.331571221 -0.001477385 0.999989390 0.004350716 -0.524118602 -0.004136735 -0.004356794 0.999981999 16.254798889
0.999992788 0.000369802 0.003775068 0.345991790 -0.000387749 0.999988556 0.004754667 -0.542698860 -0.003773267 -0.004756096 0.999981523 16.672174454
0.999992013 0.000521828 0.003958638 0.357650578 -0.000541452 0.999987543 0.004957694 -0.554081738 -0.003956002 -0.004959798 0.999979854 17.134590149
0.999988914 0.000769918 0.004644631 0.367176116 -0.000793513 0.999986768 0.005080368 -0.565905869 -0.004640659 -0.005083997 0.999976277 17.601562500
0.999988616 0.000736491 0.004716917 0.381395936 -0.000762200 0.999984801 0.005450958 -0.602331698 -0.004712831 -0.005454491 0.999974012 18.034015656
0.999986053 0.001054425 0.005172879 0.392914832 -0.001082261 0.999984920 0.005381471 -0.611689329 -0.005167126 -0.005386995 0.999972105 18.506143570
0.999988437 0.000687021 0.004772508 0.410616130 -0.000712699 0.999985278 0.005380883 -0.627402246 -0.004768739 -0.005384223 0.999974132 18.967794418
0.999987483 0.000456110 0.004984786 0.424547285 -0.000484482 0.999983728 0.005691947 -0.637775421 -0.004982109 -0.005694290 0.999971390 19.446924210
0.999986470 0.001062411 0.005111486 0.432559192 -0.001094261 0.999979913 0.006232224 -0.669801354 -0.005104763 -0.006237732 0.999967515 19.885612488
0.999987245 0.000562760 0.005020197 0.444483280 -0.000594768 0.999979436 0.006376621 -0.681374669 -0.005016506 -0.006379527 0.999967039 20.382539749
0.999989867 0.000692808 0.004439236 0.477943927 -0.000721390 0.999979019 0.006440284 -0.696847975 -0.004434681 -0.006443422 0.999969423 20.856567383
0.999992251 0.000519106 0.003885662 0.488641381 -0.000543660 0.999979854 0.006320813 -0.707376361 -0.003882303 -0.006322877 0.999972522 21.362977982
0.999994695 0.000271264 0.003244967 0.504626513 -0.000292745 0.999978006 0.006621183 -0.728674650 -0.003243100 -0.006622099 0.999972761 21.852365494
0.999993742 0.000352887 0.003518740 0.510296226 -0.000378525 0.999973297 0.007288134 -0.755877554 -0.003516074 -0.007289419 0.999967277 22.321981430
0.999994218 0.000904142 0.003287623 0.517763495 -0.000929071 0.999970675 0.007588934 -0.765865207 -0.003280665 -0.007591944 0.999965847 22.847925186
0.999998152 -0.000334026 0.001890747 0.543370128 0.000319771 0.999971509 0.007534417 -0.793123066 -0.001893209 -0.007533798 0.999969840 23.354793549
0.999998510 -0.001329536 0.001107212 0.556629658 0.001321056 0.999969959 0.007625248 -0.812797070 -0.001117316 -0.007623773 0.999970317 23.884279251
0.999998987 0.000295398 0.001410186 0.547819614 -0.000305802 0.999972701 0.007383303 -0.809327126 -0.001407967 -0.007383727 0.999971688 24.403228760
0.999999821 -0.000386911 0.000455383 0.569004714 0.000383307 0.999968886 0.007887033 -0.827592075 -0.000458420 -0.007886858 0.999968767 24.929491043
0.999999821 0.000581349 -0.000155643 0.563320994 -0.000580100 0.999968588 0.007903837 -0.844575703 0.000160233 -0.007903745 0.999968708 25.437374115
0.999999881 0.000416812 -0.000240387 0.574999869 -0.000414927 0.999969542 0.007789406 -0.857571602 0.000243627 -0.007789305 0.999969602 25.988883972
0.999998868 -0.000693349 -0.001319977 0.593105316 0.000704440 0.999964297 0.008420279 -0.867710948 0.001314092 -0.008421199 0.999963701 26.553123474
0.999997973 -0.000486891 -0.001952109 0.612112045 0.000503576 0.999963224 0.008555719 -0.889345586 0.001947872 -0.008556683 0.999961555 27.099191666
0.999998331 0.001029157 -0.001506414 0.587910891 -0.001016559 0.999964833 0.008339421 -0.893074155 0.001514944 -0.008337877 0.999964118 27.606735229
0.999997020 0.001207359 -0.002086514 0.599907696 -0.001189521 0.999962926 0.008529520 -0.906553864 0.002096735 -0.008527013 0.999961495 28.146251678
0.999996722 0.001323879 -0.002164083 0.608247340 -0.001305794 0.999964356 0.008337111 -0.913542628 0.002175043 -0.008334258 0.999962926 28.683862686
0.999995768 0.001192606 -0.002663026 0.617849708 -0.001170643 0.999965370 0.008234104 -0.926391482 0.002672754 -0.008230952 0.999962568 29.228960037
0.999995351 0.000695851 -0.002960133 0.625110507 -0.000669546 0.999960303 0.008878427 -0.943496227 0.002966194 -0.008876403 0.999956191 29.721572876
0.999993920 0.000837179 -0.003368797 0.639145792 -0.000807024 0.999959648 0.008942859 -0.957520485 0.003376148 -0.008940087 0.999954343 30.276927948
0.999993861 0.002036116 -0.002844757 0.629369617 -0.002010809 0.999958575 0.008870442 -0.962814331 0.002862700 -0.008864666 0.999956608 30.766170502
0.999992192 0.002081834 -0.003337738 0.650343418 -0.002052632 0.999959767 0.008728886 -0.979685485 0.003355775 -0.008721967 0.999956369 31.306467056
0.999991536 0.001793852 -0.003692732 0.666290581 -0.001761545 0.999960303 0.008733408 -0.998345137 0.003708252 -0.008726827 0.999955058 31.833410263
0.999992192 0.001432198 -0.003659164 0.654680252 -0.001398532 0.999956846 0.009186181 -1.000554800 0.003672163 -0.009180993 0.999951124 32.346549988
0.999990284 0.002098350 -0.003878508 0.675048530 -0.002062688 0.999955773 0.009176252 -1.005768180 0.003897592 -0.009168164 0.999950349 32.928970337
0.999990404 0.001827045 -0.003979535 0.656270266 -0.001790738 0.999956906 0.009107934 -1.025765419 0.003996003 -0.009100720 0.999950528 33.433727264
0.999989808 0.001621996 -0.004203102 0.666562200 -0.001583079 0.999955952 0.009245784 -1.036381006 0.004217913 -0.009239038 0.999948382 33.977859497
0.999989986 0.001483633 -0.004243393 0.667365551 -0.001443265 0.999953806 0.009500325 -1.049714804 0.004257292 -0.009494104 0.999945819 34.508682251
0.999989152 0.001970641 -0.004231712 0.681448638 -0.001930937 0.999954343 0.009366111 -1.059016228 0.004249976 -0.009357838 0.999947190 35.064311981
0.999986351 0.000853511 -0.005153364 0.699920416 -0.000804325 0.999954164 0.009538841 -1.066503048 0.005161270 -0.009534568 0.999941230 35.618400574
0.999987960 0.002071703 -0.004443302 0.700327933 -0.002029427 0.999952853 0.009498052 -1.089267731 0.004462769 -0.009488923 0.999944985 36.132625580
0.999986053 0.002222664 -0.004789642 0.710618258 -0.002178389 0.999955058 0.009229321 -1.095151424 0.004809939 -0.009218760 0.999945939 36.678676605
0.999985635 0.000985393 -0.005257617 0.719383001 -0.000934282 0.999952435 0.009714869 -1.110151529 0.005266940 -0.009709818 0.999939024 37.230541229
0.999984920 0.001817345 -0.005181334 0.719194055 -0.001769612 0.999956131 0.009202160 -1.111384273 0.005197830 -0.009192852 0.999944210 37.768486023
0.999985099 0.001396386 -0.005299408 0.732715368 -0.001340980 0.999944508 0.010444338 -1.145003319 0.005313700 -0.010437073 0.999931335 38.276580811
0.999985695 0.001271655 -0.005196318 0.737368643 -0.001217901 0.999945879 0.010334672 -1.152836919 0.005209179 -0.010328195 0.999933004 38.822063446
0.999985933 0.000698181 -0.005266685 0.752795279 -0.000640180 0.999939203 0.011006470 -1.177068710 0.005274049 -0.011002942 0.999925494 39.349838257
0.999986231 0.001413898 -0.005059974 0.754714608 -0.001359047 0.999940455 0.010827246 -1.187401533 0.005074982 -0.010820220 0.999928534 39.885036469
0.999982893 0.000509800 -0.005829650 0.764892638 -0.000446917 0.999941766 0.010783029 -1.198182583 0.005834808 -0.010780237 0.999924839 40.426723480
0.999983311 0.000532124 -0.005762273 0.774954915 -0.000469452 0.999940813 0.010872017 -1.205927014 0.005767717 -0.010869129 0.999924242 40.973796844
0.999981999 0.000994498 -0.005925407 0.791536629 -0.000930732 0.999941766 0.010754503 -1.221076846 0.005935757 -0.010748793 0.999924600 41.511711121
0.999983013 0.001084003 -0.005730396 0.787868381 -0.001023918 0.999944627 0.010477813 -1.213989139 0.005741436 -0.010471768 0.999928653 42.004070282
0.999979675 0.000070889 -0.006377546 0.792342067 0.000001700 0.999935150 0.011381308 -1.235363245 0.006377940 -0.011381087 0.999914825 42.540149689
0.999980807 0.000206446 -0.006201027 0.800917268 -0.000136686 0.999936581 0.011247957 -1.246477127 0.006202957 -0.011246892 0.999917448 43.093852997
0.999981523 0.000730375 -0.006038518 0.801669955 -0.000664067 0.999939561 0.010975630 -1.251756191 0.006046169 -0.010971417 0.999921560 43.626026154
0.999980152 0.001154701 -0.006192194 0.811731100 -0.001085841 0.999937654 0.011112333 -1.255008936 0.006204640 -0.011105387 0.999919057 44.168022156
0.999979556 0.001195869 -0.006276582 0.820304155 -0.001126403 0.999938190 0.011059382 -1.267988682 0.006289420 -0.011052085 0.999919116 44.722885132
0.999980509 0.001033045 -0.006157769 0.828578234 -0.000964082 0.999936879 0.011191910 -1.283062458 0.006168942 -0.011185755 0.999918401 45.213886261
0.999977589 0.000680056 -0.006653313 0.845111966 -0.000608208 0.999941587 0.010794850 -1.277372956 0.006660266 -0.010790562 0.999919593 45.774036407
0.999978244 0.000812900 -0.006541799 0.865081429 -0.000736424 0.999931455 0.011684333 -1.321519613 0.006550849 -0.011679261 0.999910355 46.262077332
0.999974251 -0.000031278 -0.007174135 0.870458484 0.000118503 0.999926031 0.012158241 -1.339323282 0.007173225 -0.012158778 0.999900281 46.811584473
0.999981344 0.001862839 -0.005802471 0.887941360 -0.001797894 0.999935925 0.011177842 -1.314034700 0.005822922 -0.011167200 0.999920666 47.346260071
0.999975741 -0.000273405 -0.006947479 0.881726384 0.000359595 0.999922931 0.012407719 -1.383380651 0.006943551 -0.012409917 0.999898911 47.913333893
0.999974191 -0.000658513 -0.007142440 0.893278599 0.000747201 0.999922574 0.012421495 -1.393411875 0.007133708 -0.012426511 0.999897301 48.464241028
0.999974430 0.000023194 -0.007147392 0.898840308 0.000063486 0.999926448 0.012127168 -1.384513617 0.007147148 -0.012127313 0.999900877 49.003551483
0.999976873 0.000261134 -0.006787512 0.908865452 -0.000175946 0.999921203 0.012548279 -1.410486937 0.006790254 -0.012546795 0.999898195 49.554500580
0.999971628 -0.000955667 -0.007465189 0.907335103 0.001050602 0.999918461 0.012723422 -1.424298167 0.007452421 -0.012730904 0.999891162 50.061180115
0.999973714 -0.000415140 -0.007232990 0.911063850 0.000508132 0.999917209 0.012859568 -1.429829359 0.007227051 -0.012862908 0.999891162 50.615634918
0.999971390 -0.000700899 -0.007526574 0.925187826 0.000800268 0.999912381 0.013207480 -1.442567825 0.007516657 -0.013213126 0.999884427 51.145000458
0.999970973 -0.001075439 -0.007539487 0.923929811 0.001173106 0.999915302 0.012961688 -1.452468753 0.007524909 -0.012970157 0.999887586 51.710609436
0.999970615 -0.001041100 -0.007598989 0.939420938 0.001140616 0.999913514 0.013103356 -1.457329273 0.007584688 -0.013111640 0.999885261 52.214275360
0.999970317 -0.000626486 -0.007685645 0.948361933 0.000728210 0.999912143 0.013240021 -1.469205022 0.007676674 -0.013245225 0.999882817 52.757389069
0.999973238 -0.000847775 -0.007266035 0.944155097 0.000941167 0.999916852 0.012859443 -1.472580314 0.007254529 -0.012865937 0.999890924 53.312381744
0.999969840 -0.000933168 -0.007698792 0.954933524 0.001032568 0.999916017 0.012917214 -1.479382277 0.007686091 -0.012924775 0.999886870 53.855838776
0.999972343 -0.000737186 -0.007398854 0.955055594 0.000831489 0.999918282 0.012750690 -1.486178398 0.007388850 -0.012756490 0.999891281 54.410247803
0.999971330 -0.000968316 -0.007502100 0.958039165 0.001068214 0.999910653 0.013323431 -1.504856825 0.007488529 -0.013331065 0.999883115 54.912410736
0.999972284 -0.001277229 -0.007330205 0.967514396 0.001372155 0.999915123 0.012959683 -1.495470285 0.007313030 -0.012969384 0.999889076 55.518669128
0.999971151 -0.001003054 -0.007521106 0.976767480 0.001104239 0.999908745 0.013461408 -1.522558689 0.007506918 -0.013469325 0.999881148 56.010608673
0.999970734 -0.000949425 -0.007588296 0.973565459 0.001051186 0.999909401 0.013417598 -1.528962612 0.007574870 -0.013425183 0.999881148 56.502223969
0.999972165 -0.000681394 -0.007433778 0.974093974 0.000780338 0.999911070 0.013315287 -1.536586523 0.007424044 -0.013320716 0.999883652 57.076053619
0.999970376 -0.000854316 -0.007653461 0.987514734 0.000955718 0.999911666 0.013255349 -1.547754884 0.007641460 -0.013262269 0.999882877 57.607200623
0.999969840 -0.001591470 -0.007603981 0.988675058 0.001695384 0.999904990 0.013678878 -1.559422255 0.007581489 -0.013691356 0.999877512 58.118854523
0.999971449 -0.000345782 -0.007563498 0.996203899 0.000450549 0.999903977 0.013854239 -1.563923240 0.007557981 -0.013857250 0.999875367 58.699127197
0.999972701 -0.000948272 -0.007328637 1.009208560 0.001049631 0.999903679 0.013839063 -1.586194634 0.007314808 -0.013846378 0.999877393 59.188564301
0.999969304 -0.001185295 -0.007745733 1.019772887 0.001292974 0.999902427 0.013911460 -1.590341568 0.007728487 -0.013921048 0.999873281 59.744945526
0.999965847 -0.001597853 -0.008120382 1.034174204 0.001707455 0.999907374 0.013508242 -1.601746082 0.008098046 -0.013521643 0.999875784 60.295513153
0.999964714 -0.001732390 -0.008223869 1.049453020 0.001848056 0.999899149 0.014077997 -1.610239029 0.008198652 -0.014092699 0.999867082 60.835533142
0.999966800 -0.001617352 -0.007985317 1.060478091 0.001730353 0.999898195 0.014164473 -1.619815588 0.007961594 -0.014177821 0.999867797 61.363571167
0.999968410 -0.001750355 -0.007750914 1.077540874 0.001858549 0.999900579 0.013973673 -1.628643870 0.007725685 -0.013987636 0.999872327 61.891288757
0.999965549 -0.001612108 -0.008142814 1.096770406 0.001726301 0.999899924 0.014036264 -1.640741229 0.008119373 -0.014049839 0.999868333 62.421806335
0.999964893 -0.001863288 -0.008176238 1.097980499 0.001978269 0.999898911 0.014077306 -1.649818182 0.008149182 -0.014092986 0.999867499 62.960159302
0.999971569 -0.000344574 -0.007528700 1.081818819 0.000452530 0.999897063 0.014342174 -1.660001278 0.007522983 -0.014345175 0.999868810 63.517772675
0.999969304 -0.000279466 -0.007822298 1.080115557 0.000394855 0.999891102 0.014753555 -1.667232275 0.007817324 -0.014756193 0.999860585 64.123664856
0.999963760 -0.002160485 -0.008225513 1.109556913 0.002280393 0.999890864 0.014596286 -1.678995252 0.008193079 -0.014614516 0.999859631 64.588562012
0.999960721 -0.002603485 -0.008469654 1.124538183 0.002726976 0.999889672 0.014601664 -1.683567524 0.008430705 -0.014624188 0.999857485 65.129676819
0.999961734 -0.002502864 -0.008379286 1.128561020 0.002624376 0.999891162 0.014521981 -1.689690709 0.008342028 -0.014543415 0.999859452 65.686927795
0.999958336 -0.002823371 -0.008679698 1.142419815 0.002947628 0.999892890 0.014336494 -1.696123838 0.008638292 -0.014361480 0.999859512 66.230194092
0.999962389 -0.002658167 -0.008257585 1.135435700 0.002780206 0.999886513 0.014802736 -1.701825142 0.008217301 -0.014825135 0.999856293 66.779083252
0.999961317 -0.002341321 -0.008481230 1.168279409 0.002469234 0.999882817 0.015102828 -1.738677263 0.008444878 -0.015123187 0.999849975 67.280387878
0.999955714 -0.003499835 -0.008734301 1.165773392 0.003631309 0.999879599 0.015082440 -1.709472656 0.008680465 -0.015113489 0.999848068 67.926490784
0.999960780 -0.002287285 -0.008559363 1.184566021 0.002426015 0.999865294 0.016232803 -1.762249470 0.008521080 -0.016252931 0.999831676 68.390991211
0.999962449 -0.002054499 -0.008422045 1.194295406 0.002187665 0.999872208 0.015832890 -1.772956014 0.008388441 -0.015850721 0.999839187 68.957939148
0.999958158 -0.002713387 -0.008735009 1.225298643 0.002849833 0.999873638 0.015646230 -1.790079236 0.008691453 -0.015670473 0.999839365 69.442550659
0.999941945 -0.004324754 -0.009878626 1.215756655 0.004479188 0.999867201 0.015664956 -1.745593190 0.009809569 -0.015708294 0.999828517 70.097450256
0.999961436 -0.002464183 -0.008427442 1.241787910 0.002598020 0.999870121 0.015907077 -1.808357120 0.008387148 -0.015928360 0.999837935 70.517311096
0.999947667 -0.004154843 -0.009350847 1.253685713 0.004305499 0.999860287 0.016149383 -1.860248685 0.009282444 -0.016188797 0.999825835 71.068115234
0.999947488 -0.003889164 -0.009479439 1.270056248 0.004042483 0.999860525 0.016208721 -1.824935794 0.009415079 -0.016246194 0.999823630 71.593872070
0.999952972 -0.003437555 -0.009071490 1.252035618 0.003581423 0.999867260 0.015890997 -1.868696809 0.009015664 -0.015922740 0.999832571 72.198226929
0.999946773 -0.003892656 -0.009551906 1.272761106 0.004046366 0.999861777 0.016125839 -1.876685619 0.009487813 -0.016163632 0.999824345 72.701858521
0.999929249 -0.005908965 -0.010322688 1.298846722 0.006078781 0.999845445 0.016497640 -1.887755156 0.010223610 -0.016559225 0.999810576 73.240760803
0.999942183 -0.004724957 -0.009656686 1.277176619 0.004883831 0.999852002 0.016495518 -1.896211982 0.009577316 -0.016541729 0.999817252 73.718833923
0.999944508 -0.004265193 -0.009638154 1.280332208 0.004422284 0.999856770 0.016336728 -1.906448126 0.009567097 -0.016378444 0.999820054 74.266807556
0.999943256 -0.004454945 -0.009672966 1.292952538 0.004614493 0.999852598 0.016535079 -1.916550040 0.009597876 -0.016578780 0.999816418 74.779991150
0.999955475 -0.003227390 -0.008866935 1.270891666 0.003377782 0.999849737 0.016998693 -1.942669392 0.008810742 -0.017027885 0.999816179 75.334602356
0.999935806 -0.004897095 -0.010215507 1.325273991 0.005064300 0.999852598 0.016406583 -1.928253055 0.010133658 -0.016457265 0.999813139 75.874328613
0.999953568 -0.003158362 -0.009100506 1.287725210 0.003314107 0.999847412 0.017149949 -1.963734031 0.009044952 -0.017179312 0.999811471 76.410118103
0.999945700 -0.004051763 -0.009600868 1.303880930 0.004212735 0.999849916 0.016805930 -1.951630354 0.009531332 -0.016845463 0.999812663 77.083442688
0.999952793 -0.003540615 -0.009048723 1.305689335 0.003699395 0.999838412 0.017591132 -1.977863193 0.008984978 -0.017623777 0.999804258 77.500854492
0.999950349 -0.003956269 -0.009148028 1.307139397 0.004109103 0.999851286 0.016748879 -1.964257360 0.009080406 -0.016785637 0.999817848 78.200149536
0.999952197 -0.003814607 -0.009000553 1.327978849 0.003964035 0.999853611 0.016643154 -1.975817442 0.008935750 -0.016678041 0.999821007 78.761375427
0.999955654 -0.003248937 -0.008839966 1.330231905 0.003397574 0.999852180 0.016851531 -1.983551741 0.008783910 -0.016880816 0.999818921 79.327178955
0.999956131 -0.003812251 -0.008553030 1.332200766 0.003957754 0.999846578 0.017059898 -1.994465590 0.008486684 -0.017093001 0.999817848 79.869247437
0.999971390 -0.003152888 -0.006866289 1.335294366 0.003268055 0.999853075 0.016826676 -1.995133042 0.006812227 -0.016848639 0.999834776 80.437301636
0.999978125 -0.003250636 -0.005781649 1.348208666 0.003346106 0.999856949 0.016580118 -2.001248598 0.005726925 -0.016599098 0.999845803 80.992858887
0.999988437 -0.002724613 -0.003959786 1.356494665 0.002789659 0.999859691 0.016515162 -2.005267143 0.003914233 -0.016526015 0.999855757 81.556869507
0.999996543 -0.002576178 -0.000385644 1.367835164 0.002582155 0.999862194 0.016395086 -2.013669014 0.000343354 -0.016396025 0.999865532 82.115684509
0.999990046 -0.003304323 0.002981355 1.392626524 0.003255049 0.999860466 0.016383303 -2.023445129 -0.003035074 -0.016373437 0.999861360 82.651039124
0.999976158 -0.003121300 0.006162211 1.409675479 0.003015681 0.999849677 0.017075270 -2.035239697 -0.006214581 -0.017056281 0.999835193 83.188880920
0.999938905 -0.003177322 0.010584253 1.439811707 0.003000048 0.999855697 0.016722685 -2.034287930 -0.010635860 -0.016689911 0.999804139 83.751350403
0.999855161 -0.003200350 0.016710786 1.467198491 0.002918175 0.999853194 0.016882941 -2.046079636 -0.016762361 -0.016831731 0.999717772 84.282318115
0.999746084 -0.003864970 0.022196969 1.497966051 0.003495520 0.999855042 0.016658869 -2.051211357 -0.022258138 -0.016577048 0.999614775 84.834846497
0.999587417 -0.002552522 0.028606631 1.520125628 0.002065151 0.999852359 0.017053615 -2.057495832 -0.028645938 -0.016987497 0.999445260 85.399826050
0.999358118 -0.003340666 0.035665900 1.578602433 0.002739477 0.999853671 0.016891703 -2.058656693 -0.035717104 -0.016783159 0.999221027 85.990562439
0.999032557 -0.003379089 0.043846522 1.614489555 0.002632283 0.999850631 0.017078865 -2.070016146 -0.043897685 -0.016946925 0.998892307 86.556274414
0.998721182 -0.004045493 0.050395258 1.664211988 0.003195557 0.999851406 0.016934566 -2.072216034 -0.050456285 -0.016751867 0.998585761 87.122726440
0.998245001 -0.004459389 0.059050534 1.723761082 0.003460171 0.999849260 0.017012842 -2.080945969 -0.059117500 -0.016778661 0.998109996 87.676948547
0.997583508 -0.004408587 0.069337256 1.781527519 0.003235427 0.999849796 0.017022824 -2.089584827 -0.069401897 -0.016757350 0.997448027 88.240196228
0.996972024 -0.004790603 0.077613391 1.852416992 0.003503786 0.999854207 0.016707547 -2.092110872 -0.077682115 -0.016385015 0.996843517 88.789970398
0.996296287 -0.004484169 0.085870005 1.917941570 0.003039661 0.999851763 0.016945403 -2.101322889 -0.085933261 -0.016621625 0.996162176 89.374679565
0.995359421 -0.004826802 0.096105926 2.006791115 0.003192812 0.999847770 0.017148489 -2.110096931 -0.096174091 -0.016762061 0.995223403 89.917396545
0.994288385 -0.005295898 0.106595099 2.079981327 0.003511058 0.999850571 0.016924813 -2.112829685 -0.106668800 -0.016453885 0.994158447 90.453285217
0.993265152 -0.005659277 0.115724616 2.165228844 0.003723307 0.999849617 0.016938442 -2.117321730 -0.115803070 -0.016393488 0.993136823 91.004661560
0.991964519 -0.006170040 0.126365840 2.265223503 0.004056037 0.999847591 0.016979707 -2.122345448 -0.126451343 -0.016330723 0.991838396 91.546966553
0.990310490 -0.006065331 0.138738573 2.369572639 0.003652038 0.999837697 0.017642498 -2.144003868 -0.138823077 -0.016964873 0.990171790 92.070640564
0.988763690 -0.006688462 0.149337441 2.481570244 0.004127279 0.999839067 0.017453648 -2.148038387 -0.149430156 -0.016641174 0.988632262 92.622558594
0.987115681 -0.006750950 0.159865469 2.585195541 0.004064254 0.999845028 0.017126998 -2.147492886 -0.159956306 -0.016256593 0.986990213 93.174156189
0.984926164 -0.007043197 0.172832429 2.705763817 0.004169897 0.999847054 0.016982226 -2.152461529 -0.172925621 -0.016005542 0.984804809 93.710281372
0.982705534 -0.007889923 0.185006961 2.828550339 0.004809679 0.999842346 0.017092215 -2.157606602 -0.185112700 -0.015906792 0.982588470 94.244338989
0.980756164 -0.008192801 0.195064679 2.955183983 0.004964704 0.999842644 0.017032042 -2.161999702 -0.195173487 -0.015735842 0.980642498 94.770332336
0.978051960 -0.008403804 0.208191544 3.090927124 0.005014648 0.999846220 0.016801480 -2.165708065 -0.208300769 -0.015388714 0.977943778 95.301498413
0.975142717 -0.009293834 0.221382424 3.239648819 0.005651925 0.999838114 0.017078577 -2.169621944 -0.221505299 -0.015402813 0.975037515 95.834762573
0.972478092 -0.009182910 0.232813403 3.388431549 0.005358019 0.999840140 0.017056089 -2.174269199 -0.232932851 -0.015339252 0.972371817 96.379272461
0.969553649 -0.009699401 0.244686469 3.552877426 0.005694904 0.999838054 0.017068027 -2.181704044 -0.244812429 -0.015154904 0.969452024 96.908020020
0.965958595 -0.010238011 0.258494139 3.715969086 0.005916710 0.999829471 0.017489640 -2.187133312 -0.258629113 -0.015364832 0.965854466 97.445884705
0.962613583 -0.010476878 0.270675868 3.884510040 0.006070468 0.999835134 0.017111376 -2.190098524 -0.270810455 -0.014828511 0.962518454 97.970611572
0.959285200 -0.010765136 0.282234013 4.076515198 0.006194087 0.999834836 0.017083209 -2.190155745 -0.282371283 -0.014639487 0.959193468 98.513778687
0.955086172 -0.010885195 0.296128273 4.265068054 0.005887175 0.999824822 0.017764350 -2.199596405 -0.296269804 -0.015223128 0.954982877 99.046112061
0.950621128 -0.011296202 0.310148090 4.461050034 0.006142713 0.999826312 0.017587887 -2.201989174 -0.310292900 -0.014814268 0.950525701 99.575920105
0.946731210 -0.011306614 0.321826726 4.654321671 0.005919449 0.999825597 0.017712990 -2.208075523 -0.321970940 -0.014864401 0.946632862 100.094024658
0.942547619 -0.012540724 0.333836138 4.870588303 0.007015301 0.999817789 0.017751768 -2.213508129 -0.333997965 -0.014389929 0.942463934 100.600646973
0.937415600 -0.012635750 0.347983241 5.084230423 0.006752436 0.999813139 0.018114524 -2.220973492 -0.348147154 -0.014631098 0.937325716 101.111495972
0.932747662 -0.013110735 0.360291481 5.308446884 0.007054013 0.999810934 0.018120449 -2.222615957 -0.360460937 -0.014360304 0.932663739 101.626060486
0.928580105 -0.013420725 0.370889127 5.538394928 0.007316036 0.999813676 0.017861666 -2.223584890 -0.371059775 -0.013872551 0.928505301 102.137298584
0.923132479 -0.013585164 0.384241730 5.768131256 0.007263976 0.999813437 0.017897630 -2.226770401 -0.384413153 -0.013730764 0.923059046 102.632644653
0.917606056 -0.014514228 0.397225976 6.011989594 0.007930236 0.999802709 0.018212633 -2.233052254 -0.397411942 -0.013561930 0.917540073 103.130935669
0.912802517 -0.015040911 0.408124179 6.259712219 0.008315114 0.999798954 0.018248925 -2.238237381 -0.408316642 -0.013264065 0.912743986 103.622627258
0.906456828 -0.015182537 0.422025442 6.527141571 0.008329853 0.999801993 0.018076813 -2.242876530 -0.422216326 -0.012870444 0.906403661 104.125320435
0.899666965 -0.015619028 0.436297327 6.792243958 0.008393188 0.999794066 0.018484486 -2.247376919 -0.436496198 -0.012967957 0.899612665 104.620925903
0.893708348 -0.015914775 0.448366076 7.062271118 0.008782820 0.999799788 0.017981533 -2.249217510 -0.448562443 -0.012132326 0.893669188 105.110137939
0.888181984 -0.016724236 0.459187388 7.329441071 0.009135613 0.999782562 0.018742921 -2.256489277 -0.459401071 -0.012452168 0.888141692 105.576911926
0.881147504 -0.017313844 0.472524464 7.615646362 0.009636502 0.999779403 0.018663250 -2.260514736 -0.472743273 -0.011891590 0.881119967 106.054489136
0.874106824 -0.017881675 0.485404462 7.896080017 0.009823868 0.999768555 0.019139554 -2.266154766 -0.485634357 -0.011961467 0.874080181 106.521392822
