1.000000000 0.000000000 0.000000000 0.000000000 0.000000000 1.000000000 0.000000000 0.000000000 0.000000000 0.000000000 1.000000000 0.000000000
1.000000000 0.000115607 0.000040159 -0.001494677 -0.000115605 1.000000000 -0.000049503 0.001481313 -0.000040165 0.000049498 1.000000000 0.003456455
1.000000000 0.000121393 0.000024999 -0.000171339 -0.000121393 1.000000000 0.000004349 0.000555378 -0.000024998 -0.000004352 1.000000000 0.003602186
0.999999940 0.000252002 0.000103102 -0.001003178 -0.000252002 0.999999940 -0.000004676 0.001081483 -0.000103103 0.000004650 1.000000000 -0.001196110
1.000000000 0.000141254 0.000034242 0.000510497 -0.000141253 1.000000000 -0.000027405 0.000823863 -0.000034246 0.000027400 1.000000000 -0.000032874
1.000000000 0.000025030 0.000000991 -0.000181522 -0.000025030 1.000000000 0.000022939 0.000539053 -0.000000990 -0.000022939 1.000000000 0.000559942
1.000000000 0.000002859 0.000041483 -0.001991210 -0.000002858 1.000000000 -0.000031011 0.000919537 -0.000041483 0.000031011 1.000000000 0.000786396
1.000000000 0.000016266 0.000044863 -0.000232105 -0.000016269 1.000000000 0.000066923 0.000756717 -0.000044862 -0.000066924 1.000000000 -0.000130033
1.000000000 -0.000037628 0.000066215 -0.001660211 0.000037628 1.000000000 0.000000380 0.000859774 -0.000066215 -0.000000377 1.000000000 0.002387168
1.000000000 0.000141557 0.000103084 -0.000890897 -0.000141555 1.000000000 -0.000023292 0.000530950 -0.000103088 0.000023278 1.000000000 -0.001540834
1.000000000 0.000168315 0.000098265 -0.000416682 -0.000168319 1.000000000 0.000037439 0.000415862 -0.000098258 -0.000037455 1.000000000 -0.001093755
1.000000000 0.000023670 0.000047789 -0.001735777 -0.000023668 1.000000000 -0.000046644 0.001018540 -0.000047790 0.000046642 1.000000000 -0.002788956
1.000000000 0.000078573 0.000110918 -0.002013103 -0.000078577 1.000000000 0.000038787 0.000644523 -0.000110915 -0.000038796 1.000000000 -0.004398772
1.000000000 -0.000106626 0.000066250 -0.001035380 0.000106624 1.000000000 0.000031893 -0.000255215 -0.000066253 -0.000031886 1.000000000 0.000049670
1.000000000 0.000068529 0.000062956 -0.000184939 -0.000068527 1.000000000 -0.000020351 0.000812269 -0.000062958 0.000020347 1.000000000 -0.001863915
1.000000000 -0.000004347 0.000039377 -0.000048665 0.000004346 1.000000000 0.000024226 0.000716517 -0.000039377 -0.000024226 1.000000000 -0.003119890
1.000000000 -0.000075631 0.000049915 -0.001777904 0.000075630 1.000000000 0.000028762 0.000271636 -0.000049917 -0.000028759 1.000000000 -0.002270322
1.000000000 0.000055335 0.000122883 -0.001697578 -0.000055343 1.000000000 0.000061761 -0.000868352 -0.000122880 -0.000061768 1.000000000 -0.003941341
1.000000000 0.000095937 0.000064328 -0.000353987 -0.000095940 1.000000000 0.000036783 0.001521875 -0.000064324 -0.000036789 1.000000000 -0.004093043
1.000000000 -0.000092390 0.000007010 -0.000937337 0.000092390 1.000000000 0.000010689 0.000752780 -0.000007011 -0.000010689 1.000000000 -0.005381620
1.000000000 0.000008008 0.000047205 -0.000423341 -0.000008010 1.000000000 0.000039431 0.000152814 -0.000047205 -0.000039432 1.000000000 -0.006545172
1.000000000 -0.000065595 0.000021024 -0.000243689 0.000065594 1.000000000 0.000041487 -0.001333950 -0.000021026 -0.000041486 1.000000000 -0.004369995
1.000000000 0.000089999 0.000145267 -0.004733448 -0.000089986 1.000000000 -0.000083394 0.002013221 -0.000145275 0.000083381 1.000000000 0.002954225
1.000000000 0.000015779 0.000035678 0.000306845 -0.000015779 1.000000000 0.000017575 -0.000194622 -0.000035677 -0.000017575 1.000000000 -0.000857188
1.000000000 -0.000048535 0.000074516 -0.002034124 0.000048534 1.000000000 0.000022434 0.000877134 -0.000074517 -0.000022430 1.000000000 0.000218932
1.000000000 -0.000050935 -0.000009582 0.000696144 0.000050935 1.000000000 -0.000008775 0.000888555 0.000009583 0.000008775 1.000000000 -0.003451274
1.000000000 -0.000125138 0.000087081 -0.002612082 0.000125142 1.000000000 -0.000051776 0.002139934 -0.000087075 0.000051787 1.000000000 0.000825283
1.000000000 0.000121952 0.000143040 -0.004218653 -0.000121942 1.000000000 -0.000072415 0.002213197 -0.000143049 0.000072397 1.000000000 0.000100399
1.000000000 -0.000083992 0.000062343 -0.001917137 0.000083988 1.000000000 0.000073054 0.000125191 -0.000062349 -0.000073049 1.000000000 -0.000069273
1.000000000 -0.000118107 0.000026766 -0.002480076 0.000118107 1.000000000 0.000000417 0.001704148 -0.000026766 -0.000000414 1.000000000 0.001082880
1.000000000 -0.000028394 0.000028789 -0.001267995 0.000028394 1.000000000 0.000004594 0.000817662 -0.000028789 -0.000004593 1.000000000 -0.000610544
1.000000000 -0.000089667 0.000057584 -0.002422745 0.000089663 1.000000000 0.000067958 0.000343074 -0.000057590 -0.000067953 1.000000000 0.001760177
1.000000000 -0.000172086 0.000029164 -0.002483694 0.000172087 1.000000000 -0.000023228 0.000812922 -0.000029160 0.000023233 1.000000000 -0.001476637
1.000000000 -0.000002931 0.000037089 -0.000391356 0.000002929 1.000000000 0.000054048 -0.000858949 -0.000037089 -0.000054048 1.000000000 -0.004073055
0.999999940 0.000220331 0.000186209 -0.003998331 -0.000220331 1.000000000 -0.000004835 0.000874638 -0.000186210 0.000004794 1.000000000 -0.000519612
1.000000000 0.000006074 0.000023568 -0.000859349 -0.000006075 1.000000000 0.000033659 0.000388769 -0.000023568 -0.000033660 1.000000000 -0.001594580
1.000000000 0.000024964 0.000033728 -0.002149269 -0.000024964 1.000000000 0.000017767 0.001143573 -0.000033728 -0.000017768 1.000000000 -0.002877318
1.000000000 -0.000065955 0.000024567 -0.000143687 0.000065956 1.000000000 -0.000070770 0.001169759 -0.000024562 0.000070771 1.000000000 -0.004921293
1.000000000 -0.000034177 0.000126277 -0.003943827 0.000034179 1.000000000 -0.000017897 0.000836181 -0.000126276 0.000017901 1.000000000 0.000700016
1.000000000 -0.000027575 0.000021275 -0.000245164 0.000027574 1.000000000 0.000054880 0.000149626 -0.000021276 -0.000054880 1.000000000 -0.001526257
1.000000000 -0.000177764 -0.000023998 0.000961600 0.000177765 1.000000000 0.000065079 -0.000854882 0.000023986 -0.000065083 1.000000000 -0.000780183
1.000000000 0.000027907 0.000109132 0.002361056 -0.000027860 0.999999881 -0.000430372 -0.005924110 -0.000109144 0.000430369 0.999999881 0.048332449
1.000000000 -0.000040928 0.000083510 0.003172301 0.000041030 0.999999225 -0.001226466 -0.002844700 -0.000083459 0.001226470 0.999999225 0.146682039
1.000000000 -0.000057350 0.000007777 0.005689329 0.000057361 0.999998987 -0.001414400 -0.010616867 -0.000007695 0.001414401 0.999998987 0.260699064
1.000000000 -0.000009236 0.000086584 0.006071948 0.000009345 0.999999225 -0.001264286 -0.015858643 -0.000086572 0.001264286 0.999999225 0.390817970
1.000000000 0.000144146 0.000033838 0.007384081 -0.000144113 0.999999523 -0.000958040 -0.023756493 -0.000033976 0.000958035 0.999999523 0.532659054
1.000000000 0.000145335 0.000058464 0.007436771 -0.000145289 0.999999702 -0.000789577 -0.031509090 -0.000058579 0.000789568 0.999999702 0.685036302
1.000000000 0.000000586 -0.000018030 0.017276565 -0.000000596 0.999999821 -0.000583641 -0.035431355 0.000018030 0.000583641 0.999999821 0.852070153
1.000000000 0.000039839 -0.000100139 0.021084527 -0.000039891 0.999999881 -0.000517195 -0.038177744 0.000100118 0.000517199 0.999999881 1.027889490
0.999999940 0.000246790 0.000230191 0.018474577 -0.000246662 0.999999821 -0.000556978 -0.039054070 -0.000230329 0.000556921 0.999999821 1.196168661
0.999999940 -0.000217244 -0.000107104 0.033532884 0.000217210 0.999999940 -0.000316559 -0.048272330 0.000107173 0.000316536 1.000000000 1.388983488
0.999999702 0.000743548 0.000263664 0.028975865 -0.000743560 0.999999642 0.000043854 -0.056133226 -0.000263631 -0.000044050 0.999999940 1.573659658
0.999999523 0.000855945 0.000639975 0.026020672 -0.000855904 0.999999642 -0.000063781 -0.056336448 -0.000640029 0.000063233 0.999999762 1.776778460
0.999999762 0.000543214 0.000387708 0.036062881 -0.000543348 0.999999821 0.000344221 -0.067431450 -0.000387521 -0.000344432 0.999999881 1.976571321
0.999999821 0.000277024 0.000311778 0.043375287 -0.000277043 1.000000000 0.000061090 -0.069920525 -0.000311761 -0.000061176 0.999999940 2.200474262
0.999999881 0.000402411 0.000315805 0.048625562 -0.000402619 0.999999702 0.000658078 -0.080235347 -0.000315540 -0.000658205 0.999999762 2.403353930
0.999999821 0.000566808 0.000353572 0.051381093 -0.000567086 0.999999583 0.000786197 -0.086654633 -0.000353127 -0.000786397 0.999999642 2.639550686
0.999999702 0.000514396 0.000489540 0.054485630 -0.000514620 0.999999762 0.000456667 -0.094396174 -0.000489305 -0.000456919 0.999999702 2.868564606
0.999999762 0.000562435 0.000531835 0.065735623 -0.000562754 0.999999702 0.000600115 -0.100837797 -0.000531498 -0.000600415 0.999999642 3.101794958
0.999999702 0.000584419 0.000440914 0.066234000 -0.000584645 0.999999642 0.000511587 -0.105744630 -0.000440615 -0.000511844 0.999999762 3.342273951
0.999999642 0.000756464 0.000325143 0.067436635 -0.000756656 0.999999464 0.000591435 -0.112838820 -0.000324696 -0.000591681 0.999999762 3.596776724
0.999999702 0.000450955 0.000585017 0.073809646 -0.000451348 0.999999642 0.000672342 -0.119753763 -0.000584714 -0.000672606 0.999999583 3.849246979
0.999999702 0.000546879 0.000560779 0.081968047 -0.000547261 0.999999583 0.000681097 -0.126360580 -0.000560406 -0.000681404 0.999999583 4.116847515
0.999999702 0.000600281 0.000463012 0.087017246 -0.000600742 0.999999344 0.000994971 -0.134100437 -0.000462414 -0.000995249 0.999999404 4.370361328
0.999999821 0.000592455 0.000457563 0.093606561 -0.000592899 0.999999344 0.000969853 -0.143229961 -0.000456988 -0.000970124 0.999999404 4.628794193
0.999999404 0.000700637 0.000802930 0.098073609 -0.000701442 0.999999166 0.001002632 -0.150925234 -0.000802227 -0.001003195 0.999999106 4.889521122
0.999999583 0.000608870 0.000657303 0.103639036 -0.000609492 0.999999344 0.000946237 -0.157220677 -0.000656726 -0.000946637 0.999999285 5.148883820
0.999999523 0.000634441 0.000761824 0.104175478 -0.000635262 0.999999225 0.001077629 -0.168842584 -0.000761140 -0.001078112 0.999999046 5.407277584
0.999999464 0.000757408 0.000794374 0.110071689 -0.000758335 0.999998987 0.001167859 -0.175096750 -0.000793489 -0.001168460 0.999998987 5.681965351
0.999999464 0.000565059 0.000863542 0.106836066 -0.000566024 0.999999225 0.001117331 -0.186447158 -0.000862910 -0.001117820 0.999998987 5.953170300
0.999999642 0.000165150 0.000848414 0.114860103 -0.000166252 0.999999225 0.001298652 -0.202017009 -0.000848199 -0.001298793 0.999998808 6.213174820
0.999998927 0.000750499 0.001194903 0.115876719 -0.000751698 0.999999166 0.001003262 -0.198851854 -0.001194149 -0.001004159 0.999998748 6.512082577
0.999999404 0.000561525 0.000880180 0.122646064 -0.000562395 0.999999344 0.000988263 -0.211371511 -0.000879624 -0.000988757 0.999999106 6.808143616
0.999999821 -0.000308272 0.000618870 0.139018252 0.000307558 0.999999285 0.001153533 -0.225122780 -0.000619225 -0.001153343 0.999999106 7.092300415
0.999999583 0.000633033 0.000632676 0.147390246 -0.000634001 0.999998748 0.001530960 -0.233660489 -0.000631706 -0.001531361 0.999998629 7.391731262
0.999999702 0.000596470 0.000487677 0.158092767 -0.000597203 0.999998689 0.001505023 -0.247606486 -0.000486778 -0.001505313 0.999998748 7.689505577
0.999999821 0.000423300 0.000649810 0.168477535 -0.000424216 0.999998927 0.001411162 -0.251822084 -0.000649212 -0.001411437 0.999998808 8.022638321
0.999999642 0.000815040 0.000384648 0.180387035 -0.000815565 0.999998689 0.001368355 -0.264617056 -0.000383532 -0.001368668 0.999998987 8.328192711
0.999999285 0.000684902 0.000953094 0.176456094 -0.000686363 0.999998569 0.001533540 -0.272713870 -0.000952042 -0.001534193 0.999998391 8.670845985
0.999999583 0.000335657 0.000815175 0.183530793 -0.000337079 0.999998391 0.001744874 -0.282051980 -0.000814588 -0.001745148 0.999998212 9.003548622
0.999999523 0.000203559 0.001018836 0.183653951 -0.000205048 0.999998927 0.001461697 -0.284735203 -0.001018537 -0.001461905 0.999998450 9.354465485
0.999999285 0.000525141 0.001062687 0.193733439 -0.000526834 0.999998510 0.001593365 -0.305197686 -0.001061849 -0.001593923 0.999998152 9.684499741
0.999999285 0.000385816 0.001142322 0.198990703 -0.000387435 0.999999046 0.001417088 -0.313624978 -0.001141774 -0.001417530 0.999998331 10.037909508
0.999998689 0.000783701 0.001365967 0.204246476 -0.000785413 0.999998927 0.001252848 -0.325238675 -0.001364984 -0.001253919 0.999998331 10.394352913
0.999999106 0.000611460 0.001134760 0.217268720 -0.000613274 0.999998510 0.001599156 -0.337263525 -0.001133780 -0.001599851 0.999998093 10.768963814
0.999999464 0.000281518 0.000957525 0.226488844 -0.000282961 0.999998808 0.001506955 -0.344660431 -0.000957100 -0.001507225 0.999998391 11.152879715
0.999999702 0.000113183 0.000742280 0.239986956 -0.000114636 0.999998093 0.001958593 -0.364914179 -0.000742057 -0.001958677 0.999997795 11.506690025
0.999999583 0.000141737 0.000899624 0.244455516 -0.000143456 0.999998152 0.001911059 -0.365797251 -0.000899352 -0.001911187 0.999997795 11.895693779
0.999999523 0.000079065 0.000941001 0.255783677 -0.000080919 0.999998033 0.001970810 -0.379141331 -0.000940844 -0.001970885 0.999997616 12.266983986
0.999999285 -0.000170603 0.001133826 0.259956121 0.000168021 0.999997377 0.002276474 -0.395023286 -0.001134211 -0.002276283 0.999996841 12.664311409
0.999999642 -0.000153422 0.000851885 0.270198643 0.000151734 0.999998093 0.001981649 -0.399787128 -0.000852187 -0.001981519 0.999997675 13.064270973
0.999999881 -0.000313259 0.000395612 0.292774677 0.000312118 0.999995828 0.002881373 -0.437624991 -0.000396513 -0.002881249 0.999995768 13.461986542
0.999999285 0.000423316 0.001158166 0.295801371 -0.000426850 0.999995291 0.003053122 -0.451136768 -0.001156868 -0.003053614 0.999994695 13.877548218
0.999998927 0.000671503 0.001328720 0.298696756 -0.000676116 0.999993742 0.003474113 -0.465163618 -0.001326378 -0.003475007 0.999993086 14.283536911
0.999998689 0.000464349 0.001636245 0.301353753 -0.000469527 0.999994814 0.003166117 -0.479613274 -0.001634766 -0.003166880 0.999993563 14.689668655
0.999998629 0.000227487 0.001679284 0.316994965 -0.000233165 0.999994278 0.003381997 -0.495800436 -0.001678505 -0.003382383 0.999992788 15.091460228
0.999998808 -0.000603690 0.001415046 0.328427821 0.000598741 0.999993682 0.003495191 -0.501185000 -0.001417147 -0.003494340 0.999992847 15.532973289
0.999997675 -0.000028369 0.002136741 0.351048917 0.000020330 0.999992847 0.003762448 -0.539060533 -0.002136832 -0.003762396 0.999990582 15.955496788
0.999997497 -0.000401197 0.002179523 0.365414292 0.000392718 0.999992311 0.003889286 -0.548839688 -0.002181067 -0.003888421 0.999989986 16.400279999
0.999997437 -0.000136609 0.002261318 0.377335548 0.000127175 0.999991238 0.004171558 -0.562794924 -0.002261868 -0.004171260 0.999988735 16.846357346
0.999994814 0.000584870 0.003162888 0.383885533 -0.000596399 0.999993205 0.003645277 -0.572071433 -0.003160734 -0.003647145 0.999988377 17.298402786
0.999994993 0.000518519 0.003123407 0.395882338 -0.000529416 0.999993801 0.003488815 -0.582536936 -0.003121579 -0.003490451 0.999989092 17.756689072
0.999994159 0.000305402 0.003394546 0.407546610 -0.000318880 0.999992073 0.003970699 -0.599036455 -0.003393306 -0.003971759 0.999986291 18.218032837
0.999992490 0.000518961 0.003830229 0.419119716 -0.000534923 0.999991238 0.004167396 -0.606837630 -0.003828032 -0.004169413 0.999983907 18.689220428
0.999993324 0.000256606 0.003643183 0.434743106 -0.000270022 0.999993145 0.003682409 -0.621629477 -0.003642214 -0.003683368 0.999986589 19.157711029
0.999995053 0.000101999 0.003130022 0.463328093 -0.000114398 0.999992192 0.003961386 -0.637654483 -0.003129593 -0.003961724 0.999987245 19.624343872
0.999992669 0.000113667 0.003823639 0.465583146 -0.000131889 0.999988616 0.004765779 -0.662778258 -0.003823053 -0.004766249 0.999981284 20.090415955
0.999994516 -0.000831477 0.003205025 0.482516497 0.000815801 0.999987662 0.004889481 -0.678120852 -0.003209051 -0.004886839 0.999982953 20.581054688
0.999993324 0.000152309 0.003628648 0.486575335 -0.000169286 0.999989033 0.004678815 -0.686712146 -0.003627895 -0.004679399 0.999982417 21.084207535
0.999996066 0.000280826 0.002786503 0.497007400 -0.000292849 0.999990582 0.004315305 -0.690562248 -0.002785265 -0.004316103 0.999986887 21.611581802
0.999996781 0.000173162 0.002498182 0.507754982 -0.000185486 0.999987781 0.004934059 -0.712135375 -0.002497297 -0.004934508 0.999984741 22.083803177
0.999997139 -0.000718229 0.002274348 0.521278918 0.000706097 0.999985516 0.005330811 -0.743027687 -0.002278144 -0.005329191 0.999983191 22.578876495
0.999997914 -0.001029106 0.001730205 0.525018275 0.001019439 0.999983847 0.005578610 -0.759586096 -0.001735918 -0.005576835 0.999982953 23.085317612
0.999999046 -0.000750790 0.001143883 0.536533654 0.000744536 0.999984801 0.005458209 -0.778065741 -0.001147963 -0.005457354 0.999984443 23.600301743
0.999998510 -0.001675954 0.000339367 0.549773633 0.001674199 0.999985516 0.005106186 -0.784202278 -0.000347920 -0.005105610 0.999986887 24.119840622
0.999999702 -0.000716538 0.000028410 0.556049407 0.000716380 0.999986231 0.005193746 -0.793354630 -0.000032131 -0.005193724 0.999986470 24.636028290
0.999999642 -0.000767381 -0.000587906 0.564155221 0.000770664 0.999984026 0.005604310 -0.811450958 0.000583596 -0.005604760 0.999984145 25.164779663
0.999998987 -0.000588281 -0.001310738 0.565436065 0.000595236 0.999985695 0.005311585 -0.818030596 0.001307595 -0.005312359 0.999985039 25.691867828
0.999999166 -0.000442349 -0.001189925 0.575876355 0.000449152 0.999983549 0.005722747 -0.841711283 0.001187374 -0.005723277 0.999982893 26.214353561
0.999997795 -0.001160292 -0.001704669 0.590298712 0.001171063 0.999979198 0.006331303 -0.851808310 0.001697288 -0.006333285 0.999978483 26.767457962
0.999996781 -0.001290444 -0.002182018 0.593067944 0.001304471 0.999978364 0.006439248 -0.865261257 0.002173661 -0.006442074 0.999976873 27.306066513
0.999996066 -0.000797090 -0.002678678 0.610704482 0.000813714 0.999980330 0.006210822 -0.878616452 0.002673675 -0.006212976 0.999977052 27.846971512
0.999993742 -0.001233111 -0.003300520 0.611942649 0.001254408 0.999978364 0.006458212 -0.898259938 0.003292485 -0.006462312 0.999973714 28.375173569
0.999990702 -0.001704707 -0.003958469 0.629783273 0.001730437 0.999977350 0.006505853 -0.911843300 0.003947289 -0.006512643 0.999970973 28.909521103
0.999988556 -0.001796313 -0.004427721 0.638480365 0.001825621 0.999976337 0.006623884 -0.923326552 0.004415717 -0.006631892 0.999968231 29.457866669
0.999987364 -0.001709560 -0.004730038 0.646411657 0.001740598 0.999976933 0.006565653 -0.937399983 0.004718705 -0.006573803 0.999967277 29.994871140
0.999986291 -0.001622980 -0.004984056 0.657802641 0.001656542 0.999975920 0.006737300 -0.960581481 0.004973002 -0.006745463 0.999964893 30.534179688
0.999986291 -0.001479129 -0.005028332 0.670270860 0.001516106 0.999971807 0.007357771 -0.976326585 0.005017307 -0.007365294 0.999960303 31.052925110
0.999983668 -0.001762398 -0.005429434 0.681140065 0.001800798 0.999973357 0.007075836 -0.988542020 0.005416819 -0.007085497 0.999960184 31.580472946
0.999983490 -0.001693315 -0.005495199 0.685528457 0.001730752 0.999975204 0.006814961 -0.999813199 0.005483523 -0.006824359 0.999961674 32.116756439
0.999982953 -0.001453800 -0.005672768 0.687598109 0.001489671 0.999978900 0.006324102 -1.000800133 0.005663454 -0.006332444 0.999963939 32.653419495
0.999983668 -0.001028382 -0.005620203 0.687303901 0.001066603 0.999976397 0.006801820 -1.023651838 0.005613075 -0.006807704 0.999961078 33.184356689
0.999978721 -0.001806285 -0.006263864 0.712309897 0.001851961 0.999971628 0.007293771 -1.043586612 0.006250512 -0.007305215 0.999953747 33.720722198
0.999980211 -0.000669285 -0.006256663 0.707502782 0.000715115 0.999972880 0.007325625 -1.061331987 0.006251590 -0.007329953 0.999953568 34.284202576
0.999974430 -0.001970960 -0.006873567 0.729419947 0.002023937 0.999968231 0.007708941 -1.081084967 0.006858155 -0.007722655 0.999946654 34.793685913
0.999975204 -0.001656111 -0.006840955 0.734600544 0.001707514 0.999970257 0.007515005 -1.079858065 0.006828307 -0.007526500 0.999948323 35.316200256
0.999971092 -0.002033306 -0.007323720 0.739932418 0.002084500 0.999973416 0.006989355 -1.094664693 0.007309313 -0.007004419 0.999948740 35.871665955
0.999977767 -0.001207104 -0.006542191 0.747261047 0.001255655 0.999971688 0.007422215 -1.099413395 0.006533047 -0.007430266 0.999951065 36.416866302
0.999973178 -0.001722683 -0.007115026 0.743004382 0.001771430 0.999974966 0.006850712 -1.096607566 0.007103046 -0.006863134 0.999951184 36.975921631
0.999978006 -0.001432715 -0.006465444 0.758348227 0.001484882 0.999966323 0.008070965 -1.130355239 0.006453664 -0.008080389 0.999946535 37.513542175
0.999969125 -0.002853986 -0.007321788 0.795606256 0.002917004 0.999958694 0.008610639 -1.123696089 0.007296912 -0.008631732 0.999936104 38.123474121
0.999971330 -0.001089320 -0.007493622 0.770171404 0.001146648 0.999970078 0.007650285 -1.163547039 0.007485065 -0.007658658 0.999942660 38.586906433
0.999958158 -0.002769842 -0.008724136 0.821471095 0.002836797 0.999966502 0.007671759 -1.159573913 0.008702594 -0.007696186 0.999932528 39.148822784
0.999966979 -0.002231692 -0.007805204 0.721874118 0.002295932 0.999963522 0.008231119 -1.190514803 0.007786548 -0.008248769 0.999935627 39.605812073
0.999962389 -0.003896756 -0.007750408 0.779403448 0.003963612 0.999954879 0.008629602 -1.215222597 0.007716431 -0.008659998 0.999932647 40.081897736
0.999966562 -0.003004375 -0.007604271 0.789787054 0.003069325 0.999958754 0.008543937 -1.236448526 0.007578288 -0.008566991 0.999934554 40.575080872
0.999963164 -0.003569301 -0.007796215 0.789988279 0.003636116 0.999956667 0.008572909 -1.242517829 0.007765279 -0.008600941 0.999932885 41.122779846
0.999964058 -0.002957749 -0.007932572 0.802807450 0.003026608 0.999957740 0.008682698 -1.260170579 0.007906554 -0.008706395 0.999930859 41.616802216
0.999966681 -0.003294969 -0.007461770 0.809917092 0.003358447 0.999958098 0.008510585 -1.266583204 0.007433415 -0.008535362 0.999935865 42.130474091
0.999965906 -0.003217108 -0.007604711 0.814612091 0.003283202 0.999956787 0.008694645 -1.280976415 0.007576412 -0.008719317 0.999933243 42.674171448
0.999965489 -0.003249892 -0.007639904 0.825108945 0.003315913 0.999957144 0.008644992 -1.292753816 0.007611481 -0.008670028 0.999933422 43.201236725
0.999964535 -0.003236376 -0.007772305 0.835492373 0.003302265 0.999958575 0.008479692 -1.299473047 0.007744540 -0.008505058 0.999933839 43.724235535
0.999965489 -0.003230640 -0.007650844 0.841371536 0.003295519 0.999958515 0.008482566 -1.310741901 0.007623123 -0.008507487 0.999934673 44.257339478
0.999963641 -0.003522858 -0.007761381 0.852091849 0.003585134 0.999961317 0.008024553 -1.321508646 0.007732813 -0.008052086 0.999937654 44.782783508
0.999963105 -0.003756823 -0.007724398 0.856051087 0.003822312 0.999956727 0.008480935 -1.334587336 0.007692204 -0.008510147 0.999934196 45.313400269
0.999962449 -0.003788006 -0.007783822 0.864230037 0.003851856 0.999958932 0.008204409 -1.346047521 0.007752423 -0.008234084 0.999936044 45.840988159
0.999955058 -0.004087108 -0.008546501 0.876035810 0.004158372 0.999956667 0.008337308 -1.363098741 0.008512055 -0.008372474 0.999928713 46.394916534
0.999962509 -0.003568728 -0.007886674 0.869078994 0.003630019 0.999963224 0.007770757 -1.359793425 0.007858653 -0.007799093 0.999938726 46.920143127
0.999956667 -0.003848445 -0.008471028 0.897560120 0.003916922 0.999959648 0.008082028 -1.375975251 0.008439582 -0.008114859 0.999931455 47.500801086
0.999961376 -0.003558054 -0.008037919 0.889384508 0.003623852 0.999959946 0.008186257 -1.391035795 0.008008472 -0.008215070 0.999934196 47.977024078
0.999949634 -0.004308281 -0.009067402 0.911568880 0.004381855 0.999957442 0.008109836 -1.406091094 0.009032076 -0.008149159 0.999925971 48.495555878
0.999953389 -0.004042048 -0.008761820 0.918963790 0.004115672 0.999956250 0.008401110 -1.420575857 0.008727480 -0.008436779 0.999926329 49.034164429
0.999956369 -0.003979580 -0.008447695 0.918705523 0.004049467 0.999957561 0.008271984 -1.427682161 0.008414418 -0.008305833 0.999930024 49.562046051
0.999955833 -0.004061054 -0.008474907 0.924846411 0.004132262 0.999956191 0.008401739 -1.444028616 0.008440414 -0.008436389 0.999928772 50.082191467
0.999959946 -0.003537805 -0.008223316 0.927013040 0.003604431 0.999960661 0.008101405 -1.449064016 0.008194333 -0.008130721 0.999933362 50.620155334
0.999953985 -0.004213908 -0.008612375 0.936718941 0.004283250 0.999958396 0.008048876 -1.459395885 0.008578099 -0.008085395 0.999930441 51.163860321
0.999951422 -0.004312995 -0.008863371 0.946646154 0.004387285 0.999955297 0.008379427 -1.477412581 0.008826834 -0.008417906 0.999925613 51.667423248
0.999954402 -0.004289671 -0.008523563 0.957148850 0.004362924 0.999953568 0.008594375 -1.487370014 0.008486299 -0.008631171 0.999926746 52.177692413
0.999953747 -0.004453723 -0.008518625 0.961511731 0.004525940 0.999953866 0.008477282 -1.503267646 0.008480475 -0.008515444 0.999927819 52.717170715
0.999967933 -0.003467403 -0.007212662 0.925195456 0.003531710 0.999953926 0.008922270 -1.524982095 0.007181393 -0.008947456 0.999934196 53.194885254
0.999959588 -0.003929766 -0.008080326 0.921464384 0.004004198 0.999949574 0.009216086 -1.538273096 0.008043700 -0.009248069 0.999924898 53.684085846
0.999958217 -0.004441300 -0.007991656 0.947328687 0.004512621 0.999949872 0.008928577 -1.558398485 0.007951601 -0.008964267 0.999928176 54.142082214
0.999959290 -0.003857020 -0.008158340 0.902734995 0.003925636 0.999957025 0.008411218 -1.528985858 0.008125545 -0.008442903 0.999931335 54.852245331
0.999953747 -0.004904922 -0.008277993 0.954599857 0.004981463 0.999944746 0.009251098 -1.586867094 0.008232160 -0.009291906 0.999922872 55.231327057
0.999940932 -0.005870243 -0.009151826 0.981788516 0.005953596 0.999940753 0.009107328 -1.589075685 0.009097823 -0.009161275 0.999916673 55.710529327
0.999947190 -0.005587831 -0.008626354 1.002627492 0.005670234 0.999938250 0.009557762 -1.602968454 0.008572414 -0.009606170 0.999917090 56.089908600
0.999947011 -0.004620164 -0.009202427 0.982623398 0.004700634 0.999950707 0.008742101 -1.610985875 0.009161584 -0.008784894 0.999919415 56.784614563
0.999948084 -0.005735787 -0.008421543 1.008769751 0.005817555 0.999935865 0.009717260 -1.628192186 0.008365265 -0.009765749 0.999917328 57.092288971
0.999946535 -0.005553774 -0.008721090 1.024821520 0.005638408 0.999936938 0.009710185 -1.640998483 0.008666612 -0.009758839 0.999914825 57.600719452
0.999948025 -0.005639904 -0.008496647 1.028015375 0.005720930 0.999938250 0.009542376 -1.646688700 0.008442301 -0.009590490 0.999918401 58.115776062
0.999951720 -0.005437206 -0.008187430 1.031933308 0.005519067 0.999934733 0.010009294 -1.663066387 0.008132474 -0.010053998 0.999916375 58.658382416
0.999945939 -0.006051197 -0.008448492 1.050961614 0.006134124 0.999932885 0.009824445 -1.668450594 0.008388476 -0.009875738 0.999916017 59.158721924
0.999946594 -0.005864084 -0.008513871 1.061340332 0.005949039 0.999932528 0.009987643 -1.684076071 0.008454728 -0.010037760 0.999913812 59.763481140
0.999946475 -0.005936687 -0.008476871 1.073383808 0.006020645 0.999932706 0.009913281 -1.689799309 0.008417447 -0.009963785 0.999914885 60.249710083
0.999940872 -0.006434326 -0.008769114 1.066523314 0.006521287 0.999929428 0.009924382 -1.706321001 0.008704639 -0.009980980 0.999912322 60.726509094
0.999945700 -0.006241404 -0.008340652 1.074716568 0.006320539 0.999934971 0.009495513 -1.717890978 0.008280843 -0.009547715 0.999920189 61.289691925
0.999933064 -0.006347874 -0.009674894 1.120481253 0.006439318 0.999934673 0.009450069 -1.720041037 0.009614274 -0.009511735 0.999908566 61.811149597
0.999915540 -0.008228836 -0.010064896 1.069884300 0.008328510 0.999916315 0.009901548 -1.764946222 0.009982573 -0.009984537 0.999900341 62.228061676
0.999932706 -0.006717750 -0.009451502 1.114184499 0.006816613 0.999922037 0.010466975 -1.769136071 0.009380450 -0.010530699 0.999900579 62.804073334
0.999926805 -0.007182392 -0.009739912 1.074298620 0.007290733 0.999911427 0.011133798 -1.777832508 0.009659084 -0.011203995 0.999890566 63.253368378
0.999960124 -0.004247063 -0.007850660 1.059898853 0.004327070 0.999938548 0.010202319 -1.752855778 0.007806848 -0.010235883 0.999917150 63.923149109
0.999927521 -0.007016066 -0.009780226 1.146423101 0.007121042 0.999916971 0.010740300 -1.789582491 0.009704061 -0.010809170 0.999894500 64.331855774
0.999951422 -0.005865731 -0.007924210 1.197849274 0.005946750 0.999929905 0.010239629 -1.772951961 0.007863591 -0.010286253 0.999916196 64.510681152
0.999964714 -0.004991332 -0.006765035 1.195274115 0.005053810 0.999944508 0.009249995 -1.777801991 0.006718487 -0.009283857 0.999934316 65.054374695
0.999972939 -0.003794135 -0.006303311 1.201099634 0.003856597 0.999943256 0.009926902 -1.791635275 0.006265290 -0.009950940 0.999930859 65.606895447
0.999953032 -0.005823866 -0.007748963 1.280548215 0.005904141 0.999928653 0.010377302 -1.831018686 0.007687975 -0.010422564 0.999916136 65.928199768
0.999958515 -0.005099060 -0.007530680 1.235741138 0.005166397 0.999946713 0.008949486 -1.812410355 0.007484644 -0.008988023 0.999931574 66.649757385
0.999951959 -0.006127269 -0.007647145 1.291042805 0.006209355 0.999922812 0.010757084 -1.863292813 0.007580644 -0.010804052 0.999912858 67.004638672
0.999942660 -0.006988750 -0.008106439 1.307859421 0.007069223 0.999925613 0.009941190 -1.859174252 0.008036360 -0.009997927 0.999917746 67.437805176
0.999937534 -0.007500709 -0.008277529 1.325605273 0.007583505 0.999921024 0.010016842 -1.873799086 0.008201741 -0.010078987 0.999915540 67.978019714
0.999929607 -0.008083214 -0.008683005 1.332777500 0.008168950 0.999917746 0.009884222 -1.883352280 0.008602396 -0.009954458 0.999913394 68.506752014
0.999929130 -0.008370181 -0.008467583 1.332940102 0.008455002 0.999913931 0.010031261 -1.918941379 0.008382890 -0.010102144 0.999913812 69.077896118
0.999936581 -0.007598445 -0.008306795 1.340798616 0.007682193 0.999919474 0.010096796 -1.933637381 0.008229405 -0.010159969 0.999914527 69.600723267
0.999926388 -0.008621703 -0.008540068 1.353422165 0.008705511 0.999913752 0.009825530 -1.952515841 0.008454620 -0.009899152 0.999915183 70.109138489
0.999933243 -0.008004730 -0.008339821 1.371722221 0.008086934 0.999918520 0.009870237 -1.967725635 0.008260136 -0.009937020 0.999916434 70.637557983
0.999943376 -0.007225062 -0.007813851 1.359903812 0.007303304 0.999922991 0.010031372 -1.978301167 0.007740770 -0.010087872 0.999919116 71.197105408
0.999941826 -0.007308437 -0.007922528 1.369800091 0.007388034 0.999922156 0.010064502 -1.991371870 0.007848356 -0.010122448 0.999917984 71.694572449
0.999952018 -0.006506040 -0.007309947 1.371107101 0.006579792 0.999927223 0.010111004 -2.002999783 0.007243632 -0.010158618 0.999922216 72.246643066
0.999946117 -0.007324461 -0.007344461 1.360918283 0.007395551 0.999925613 0.009699477 -1.997161865 0.007272874 -0.009753270 0.999925971 72.827133179
0.999936283 -0.008258218 -0.007691158 1.382941842 0.008330971 0.999920368 0.009475932 -2.012778282 0.007612291 -0.009539402 0.999925494 73.358276367
0.999938488 -0.007940761 -0.007743214 1.404767513 0.008014865 0.999921858 0.009586730 -2.027396441 0.007666484 -0.009648202 0.999924004 73.878616333
0.999943078 -0.007685399 -0.007392938 1.393318772 0.007755300 0.999925077 0.009473313 -2.037701607 0.007319579 -0.009530107 0.999927819 74.437728882
0.999931216 -0.008584717 -0.007990045 1.416867614 0.008659161 0.999918938 0.009329620 -2.046028137 0.007909304 -0.009398166 0.999924541 74.934593201
0.999950647 -0.006922021 -0.007126922 1.428421736 0.006991669 0.999927700 0.009794679 -2.074218035 0.007058607 -0.009844022 0.999926627 75.448677063
0.999952734 -0.006923770 -0.006823508 1.435717106 0.006987073 0.999932468 0.009297580 -2.082925081 0.006758672 -0.009344819 0.999933481 75.999229431
0.999947846 -0.007372516 -0.007063351 1.447035313 0.007438316 0.999928772 0.009335359 -2.091552258 0.006994024 -0.009387413 0.999931455 76.544105530
0.999958754 -0.006369863 -0.006469198 1.454708099 0.006430238 0.999935567 0.009355128 -2.104716539 0.006409192 -0.009396341 0.999935329 77.085784912
0.999961138 -0.006105172 -0.006356885 1.457547426 0.006160493 0.999943018 0.008719595 -2.112457991 0.006303288 -0.008758418 0.999941766 77.673049927
0.999965787 -0.006518524 -0.005088252 1.469850898 0.006564833 0.999936700 0.009138230 -2.135480165 0.005028361 -0.009171322 0.999945283 78.187667847
0.999972939 -0.006384398 -0.003647011 1.493919611 0.006418330 0.999935508 0.009369167 -2.163583755 0.003586959 -0.009392322 0.999949455 78.683273315
0.999981165 -0.005711358 -0.002244872 1.492845654 0.005731840 0.999940991 0.009226217 -2.170074940 0.002192045 -0.009238912 0.999954939 79.233970642
0.999981582 -0.005968803 -0.001109128 1.509224176 0.005979551 0.999932587 0.009954311 -2.194657803 0.001049638 -0.009960762 0.999949813 79.750312805
0.999983311 -0.005099473 0.002714939 1.513331771 0.005072517 0.999938726 0.009844830 -2.210445404 -0.002764976 -0.009830895 0.999947786 80.286575317
0.999970198 -0.005347077 0.005564962 1.551164865 0.005293260 0.999939501 0.009640666 -2.217831850 -0.005616175 -0.009610925 0.999938011 80.887947083
0.999952972 -0.006872873 0.006835964 1.586214662 0.006808599 0.999932826 0.009381540 -2.220668793 -0.006899984 -0.009334555 0.999932647 81.432128906
0.999905288 -0.005754123 0.012501647 1.594537616 0.005641532 0.999943376 0.009022702 -2.208958387 -0.012552857 -0.008951320 0.999881148 81.992744446
0.999818861 -0.005466361 0.018229822 1.629843712 0.005293870 0.999940872 0.009496799 -2.238542080 -0.018280655 -0.009398574 0.999788761 82.551208496
0.999694943 -0.006610225 0.023796100 1.722612977 0.006392979 0.999937296 0.009194031 -2.227939606 -0.023855381 -0.009039101 0.999674559 83.096679688
0.999490678 -0.006969422 0.031141592 1.592966914 0.006675882 0.999932408 0.009520010 -2.281198978 -0.031205837 -0.009307264 0.999469578 83.865631104
0.999265432 -0.006992777 0.037677675 1.696221828 0.006618393 0.999927580 0.010052063 -2.259214640 -0.037745249 -0.009795314 0.999239445 84.255447388
0.998862803 -0.007371114 0.047102887 1.692573071 0.006922802 0.999929249 0.009673776 -2.319198608 -0.047170859 -0.009336690 0.998843133 84.909873962
0.998515666 -0.007555984 0.053938732 1.745508432 0.007030860 0.999926031 0.009918712 -2.331344128 -0.054009687 -0.009524756 0.998494923 85.441093445
0.997981489 -0.008028383 0.062995680 1.796139956 0.007456499 0.999928892 0.009308013 -2.333602905 -0.063065924 -0.008819498 0.997970402 85.996925354
0.997285843 -0.007645394 0.073228739 1.865755558 0.006924467 0.999925077 0.010093702 -2.359729528 -0.073300421 -0.009559236 0.997264087 86.519378662
0.996603429 -0.008872262 0.081871234 1.925191402 0.008118516 0.999921501 0.009534806 -2.364963770 -0.081949390 -0.008837746 0.996597290 87.071388245
0.995912910 -0.008332055 0.089935236 1.999392986 0.007493456 0.999925196 0.009658133 -2.377985001 -0.090008996 -0.008944732 0.995900810 87.615974426
0.994921386 -0.009452543 0.100210160 2.087857723 0.008527432 0.999916971 0.009656060 -2.392578840 -0.100293115 -0.008752487 0.994919419 88.131202698
0.993794322 -0.009416955 0.110833749 2.161976814 0.008394725 0.999917865 0.009686154 -2.399005175 -0.110915862 -0.008695628 0.993791759 88.680206299
0.992764592 -0.010476095 0.119618818 2.255734444 0.009405715 0.999910533 0.009509371 -2.415886402 -0.119707741 -0.008315464 0.992774367 89.210700989
0.991365433 -0.009836881 0.130758077 2.346832275 0.008626639 0.999914587 0.009818818 -2.424041748 -0.130843475 -0.008606037 0.991365671 89.778045654
0.989705563 -0.010092895 0.142761767 2.451151848 0.008789280 0.999913752 0.009759081 -2.435033083 -0.142847896 -0.008403845 0.989708960 90.333045959
0.988093138 -0.010951996 0.153466150 2.564577103 0.009576987 0.999907136 0.009696106 -2.449064732 -0.153558075 -0.008110915 0.988106310 90.883506775
0.986531496 -0.011329196 0.163178563 2.673946381 0.009874656 0.999903977 0.009722157 -2.455688477 -0.163273066 -0.007979882 0.986548662 91.435081482
0.984463274 -0.011759163 0.175196335 2.791831970 0.010211643 0.999900520 0.009731967 -2.466701984 -0.175293356 -0.007791723 0.984485507 91.981643677
0.982079864 -0.011773657 0.188097268 2.914353371 0.010081913 0.999899626 0.009948234 -2.476355791 -0.188195512 -0.007873579 0.982100010 92.522468567
0.980013132 -0.011545733 0.198597521 3.043972015 0.009760528 0.999902725 0.009965712 -2.485229254 -0.198693231 -0.007828113 0.980030477 93.075325012
0.977242768 -0.012079024 0.211779863 3.189878464 0.010224518 0.999899149 0.009849712 -2.499422073 -0.211877465 -0.007460213 0.977267742 93.614425659
0.974265218 -0.012132365 0.225077868 3.345539093 0.010048164 0.999895394 0.010403152 -2.516449451 -0.225180551 -0.007873810 0.974285245 94.167594910
0.971606374 -0.012744949 0.236259669 3.504249573 0.010654152 0.999891937 0.010124159 -2.526691437 -0.236363217 -0.007319552 0.971637189 94.699737549
0.968550444 -0.013959222 0.248425111 3.680757523 0.011689769 0.999875546 0.010608223 -2.546082497 -0.248542249 -0.007370569 0.968592942 95.249641418
0.964857340 -0.014110635 0.262395114 3.847925186 0.011651982 0.999872565 0.010923730 -2.557461262 -0.262515724 -0.007482419 0.964898705 95.763977051
0.961571693 -0.014950907 0.274147004 4.051130295 0.012419074 0.999862671 0.010968667 -2.573230743 -0.274273336 -0.007142506 0.961625278 96.305717468
0.958489239 -0.019284185 0.284475654 4.252105713 0.016686549 0.999794006 0.011552257 -2.586381674 -0.284639865 -0.006325799 0.958613634 96.863365173
0.953876197 -0.015125308 0.299818933 4.420804977 0.012255494 0.999859273 0.011450094 -2.588759422 -0.299950033 -0.007247542 0.953927338 97.353691101
0.949477613 -0.015544111 0.313449621 4.621530533 0.012501795 0.999853194 0.011713704 -2.603172064 -0.313585699 -0.007203216 0.949532568 97.858695984
0.945633411 -0.016540471 0.324813634 4.827459335 0.013431521 0.999840021 0.011811484 -2.609615803 -0.324957103 -0.006806592 0.945704281 98.375564575
0.941088021 -0.015926050 0.337786466 5.031572342 0.012544667 0.999846935 0.012191073 -2.622247696 -0.337929010 -0.007235454 0.941143811 98.876419067
0.935909927 -0.016130855 0.351869822 5.245681763 0.012453097 0.999841630 0.012713008 -2.636570692 -0.352019250 -0.007516360 0.935962617 99.370521545
0.931058884 -0.016862357 0.364478886 5.466873169 0.012964457 0.999829650 0.013138785 -2.646710396 -0.364638329 -0.007507715 0.931118965 99.888275146
0.926497757 -0.016612886 0.375933409 5.691911697 0.012775565 0.999837637 0.012698151 -2.657269955 -0.376083344 -0.006962047 0.926559687 100.377952576
0.920838714 -0.017368937 0.389556617 5.931739807 0.013324795 0.999825597 0.013081339 -2.665031910 -0.389715910 -0.006855041 0.920909584 100.876678467
0.915346622 -0.018202528 0.402255177 6.183128357 0.014128042 0.999814391 0.013093921 -2.671865940 -0.402418882 -0.006302398 0.915433943 101.371749878
0.910578489 -0.019288152 0.412885964 6.426208496 0.015098335 0.999796093 0.013408069 -2.681994438 -0.413060367 -0.005975209 0.910683990 101.872100830
0.905040264 -0.020007210 0.424855202 6.691440582 0.015686300 0.999783576 0.013666184 -2.691785097 -0.425036669 -0.005704040 0.905158103 102.359748840
0.898447335 -0.019826230 0.438633412 6.943340302 0.015213321 0.999785841 0.014029061 -2.707087040 -0.438817620 -0.005931303 0.898556590 102.829231262
0.892443120 -0.020572340 0.450690567 7.213920593 0.015690686 0.999770820 0.014565597 -2.715285063 -0.450886875 -0.005927321 0.892561376 103.314895630
0.886742353 -0.021360874 0.461769968 7.486335754 0.016520955 0.999758005 0.014522101 -2.720595837 -0.461968452 -0.005248479 0.886880815 103.785705566
0.879483759 -0.021096880 0.475461036 7.772541046 0.016080787 0.999763966 0.014615507 -2.730782986 -0.475657105 -0.005208313 0.879615366 104.263778687
