1.000000000 0.000000000 0.000000000 0.000000000 0.000000000 1.000000000 0.000000000 0.000000000 0.000000000 0.000000000 1.000000000 0.000000000
1.000000000 0.000120623 0.000116921 -0.000126991 -0.000120632 1.000000000 0.000078869 -0.000653394 -0.000116911 -0.000078883 1.000000000 -0.001631604
0.999999940 0.000208511 0.000188745 -0.001803240 -0.000208514 1.000000000 0.000016210 0.001123130 -0.000188741 -0.000016250 1.000000000 0.001730399
1.000000000 0.000099410 -0.000057107 0.000612045 -0.000099404 1.000000000 0.000114648 -0.000832628 0.000057118 -0.000114642 1.000000000 -0.000179592
0.999999940 0.000248921 0.000048998 -0.000015241 -0.000248925 0.999999940 0.000084043 -0.000434636 -0.000048977 -0.000084055 1.000000000 0.000266457
1.000000000 0.000082521 0.000055073 -0.000672973 -0.000082529 1.000000000 0.000156660 -0.001029877 -0.000055060 -0.000156664 1.000000000 -0.000107419
1.000000000 0.000094789 0.000172578 -0.001906908 -0.000094793 1.000000000 0.000022919 0.000567397 -0.000172576 -0.000022935 1.000000000 0.002103121
1.000000000 -0.000042503 0.000209339 -0.001533883 0.000042472 1.000000000 0.000146298 0.000468680 -0.000209345 -0.000146289 0.999999940 0.003333804
1.000000000 0.000085972 0.000148668 -0.000782257 -0.000085979 1.000000000 0.000049744 0.000507818 -0.000148664 -0.000049757 1.000000000 0.001624012
1.000000000 -0.000103688 0.000156337 -0.000568529 0.000103678 1.000000000 0.000068920 -0.000161822 -0.000156344 -0.000068903 1.000000000 -0.000376707
1.000000000 -0.000003075 0.000206815 -0.000115182 0.000003060 1.000000000 0.000072273 0.000461770 -0.000206815 -0.000072272 1.000000000 0.001601057
1.000000000 -0.000020329 0.000050675 -0.000121052 0.000020325 1.000000000 0.000079327 -0.000350402 -0.000050677 -0.000079326 1.000000000 0.000653682
1.000000000 0.000156638 0.000168820 -0.001942524 -0.000156644 1.000000000 0.000034498 0.001546574 -0.000168814 -0.000034524 1.000000000 0.004800946
1.000000000 -0.000115950 0.000165700 -0.000588967 0.000115911 0.999999940 0.000234108 -0.000862846 -0.000165727 -0.000234089 0.999999940 0.000979810
1.000000000 0.000145271 0.000167717 -0.001023286 -0.000145307 0.999999940 0.000214308 -0.001237843 -0.000167686 -0.000214332 0.999999940 -0.000384162
1.000000000 0.000216442 0.000106763 -0.000313296 -0.000216473 0.999999940 0.000291054 -0.002621280 -0.000106700 -0.000291077 0.999999940 -0.002141488
1.000000000 -0.000062599 0.000067005 -0.001479752 0.000062595 1.000000000 0.000053673 0.000455159 -0.000067009 -0.000053668 1.000000000 0.002932633
0.999999940 0.000050856 0.000292338 -0.002660506 -0.000050856 1.000000000 -0.000000169 0.002038675 -0.000292338 0.000000155 0.999999940 0.005914342
1.000000000 0.000041820 0.000239012 -0.002749754 -0.000041834 1.000000000 0.000059104 0.000689259 -0.000239010 -0.000059114 0.999999940 0.002935601
1.000000000 0.000138524 0.000115692 -0.001507936 -0.000138534 1.000000000 0.000080092 0.000587825 -0.000115681 -0.000080108 1.000000000 0.002603089
0.999999881 0.000351619 0.000236934 -0.001572212 -0.000351668 0.999999940 0.000204331 -0.000767216 -0.000236862 -0.000204415 0.999999940 0.000743954
0.999999881 0.000276868 0.000327305 -0.003279286 -0.000276891 0.999999940 0.000071841 0.000982550 -0.000327285 -0.000071932 0.999999940 0.003798769
1.000000000 -0.000010030 0.000087474 -0.001366578 0.000010028 1.000000000 0.000030699 0.001003948 -0.000087474 -0.000030698 1.000000000 0.002686479
0.999999940 0.000139946 0.000299721 -0.001961659 -0.000139985 1.000000000 0.000129931 -0.000200572 -0.000299703 -0.000129973 0.999999940 0.002440325
0.999999940 0.000016722 0.000282201 -0.002218018 -0.000016734 1.000000000 0.000042861 0.000741539 -0.000282200 -0.000042866 0.999999940 0.001051798
1.000000000 -0.000011821 0.000127799 -0.000199569 0.000011819 1.000000000 0.000015532 0.000841909 -0.000127799 -0.000015530 1.000000000 0.000929949
1.000000000 0.000018395 0.000237518 -0.001550977 -0.000018417 1.000000000 0.000093693 -0.000197802 -0.000237517 -0.000093698 0.999999940 0.000269400
0.999999404 0.001103535 -0.000021793 -0.003295419 -0.001103566 0.999998271 -0.001509661 0.016304355 0.000020127 0.001509684 0.999998868 0.001095308
0.999999344 0.001170056 0.000101411 -0.004308714 -0.001169896 0.999998152 -0.001563406 0.016334562 -0.000103240 0.001563286 0.999998808 0.000573846
0.999999404 0.001084657 0.000029712 -0.004682654 -0.001084616 0.999998510 -0.001344559 0.015541185 -0.000031170 0.001344526 0.999999106 0.001028348
0.999999523 0.000970447 -0.000050222 -0.003629607 -0.000970520 0.999998450 -0.001468542 0.015694547 0.000048797 0.001468590 0.999998927 0.001143109
0.999999344 0.001134977 -0.000028098 -0.003996703 -0.001135016 0.999998271 -0.001458413 0.016250107 0.000026443 0.001458444 0.999998927 0.001659035
0.999999285 0.001209514 -0.000015596 -0.003466866 -0.001209535 0.999998212 -0.001470303 0.015750898 0.000013818 0.001470320 0.999998927 -0.000066841
0.999999344 0.001169324 0.000095688 -0.003778983 -0.001169176 0.999998212 -0.001524927 0.016264183 -0.000097471 0.001524814 0.999998868 0.000660454
0.999999285 0.001234189 0.000040130 -0.003158178 -0.001234135 0.999998391 -0.001334608 0.015053193 -0.000041777 0.001334558 0.999999106 0.000447089
0.999999404 0.001127252 0.000086721 -0.003852485 -0.001127128 0.999998391 -0.001413274 0.015826292 -0.000088314 0.001413175 0.999998987 0.001234273
0.999999344 0.001149446 0.000083374 -0.004488042 -0.001149321 0.999998271 -0.001474420 0.017389232 -0.000085068 0.001474323 0.999998927 0.002702070
0.999999523 0.000999452 0.000062560 -0.004031445 -0.000999370 0.999998689 -0.001296601 0.015210850 -0.000063856 0.001296538 0.999999166 0.000951444
0.999999344 0.001179511 0.000011899 -0.004700031 -0.001179494 0.999998450 -0.001333484 0.015744872 -0.000013472 0.001333469 0.999999106 0.001932356
0.999999523 0.001008457 0.000022643 -0.003197198 -0.001008426 0.999998629 -0.001352010 0.015275054 -0.000024006 0.001351987 0.999999106 -0.000032576
0.999999404 0.001078431 0.000125674 -0.003932635 -0.001078254 0.999998450 -0.001397775 0.014932461 -0.000127181 0.001397638 0.999999046 0.001490219
0.999999940 -0.000126760 0.000353725 -0.000390109 0.000127013 0.999999762 -0.000714934 -0.000001406 -0.000353634 0.000714979 0.999999702 0.053339962
0.999999821 0.000403140 0.000461524 -0.003376913 -0.000402613 0.999999285 -0.001139801 -0.005263248 -0.000461983 0.001139615 0.999999225 0.133954957
0.999999940 0.000316979 0.000037528 0.003467717 -0.000316919 0.999998689 -0.001576770 -0.004776761 -0.000038028 0.001576758 0.999998748 0.253275067
0.999998868 0.001486559 -0.000147696 0.003426088 -0.001487021 0.999993861 -0.003180081 0.003495078 0.000142968 0.003180297 0.999994934 0.383894920
0.999998748 0.001568557 -0.000012975 0.007142561 -0.001568589 0.999993980 -0.003096245 -0.001056811 0.000008119 0.003096261 0.999995232 0.518615246
0.999998748 0.001569982 -0.000142197 0.011361141 -0.001570377 0.999994874 -0.002824411 -0.007350687 0.000137762 0.002824631 0.999996006 0.668844104
0.999998271 0.001859494 0.000142712 0.011563109 -0.001859102 0.999994636 -0.002704378 -0.009455568 -0.000147740 0.002704108 0.999996364 0.835455775
0.999998689 0.001612775 -0.000143868 0.017957496 -0.001613104 0.999996066 -0.002313260 -0.018080579 0.000140137 0.002313489 0.999997258 0.998348475
0.999999285 0.001153853 -0.000119003 0.018576909 -0.001154164 0.999995768 -0.002644727 -0.021870928 0.000115951 0.002644862 0.999996483 1.189265728
0.999999285 0.001229256 -0.000075528 0.021579279 -0.001229450 0.999995828 -0.002621646 -0.026043426 0.000072305 0.002621737 0.999996543 1.370191813
0.999999762 0.000740762 -0.000232782 0.028888587 -0.000741362 0.999996424 -0.002585543 -0.032937884 0.000230866 0.002585715 0.999996603 1.556330085
0.999999523 0.000949989 0.000029026 0.033390891 -0.000949916 0.999996662 -0.002401907 -0.036688346 -0.000031308 0.002401879 0.999997079 1.760725975
0.999999464 0.001033233 -0.000143622 0.038329676 -0.001033551 0.999996960 -0.002238093 -0.045311719 0.000141309 0.002238240 0.999997497 1.959081650
0.999999225 0.001167406 0.000136350 0.034139175 -0.001167152 0.999997616 -0.001842768 -0.054465149 -0.000138501 0.001842608 0.999998271 2.168484926
0.999999344 0.001082512 0.000122775 0.041339833 -0.001082240 0.999996960 -0.002196865 -0.057553992 -0.000125153 0.002196730 0.999997556 2.384078979
0.999999225 0.001156556 -0.000274863 0.049580351 -0.001157082 0.999997437 -0.001923184 -0.067654252 0.000272638 0.001923501 0.999998093 2.607278109
0.999998987 0.001376951 -0.000311467 0.054181799 -0.001377540 0.999997258 -0.001901355 -0.078762427 0.000308848 0.001901782 0.999998152 2.840003252
0.999999464 0.000570850 -0.000829609 0.067341320 -0.000572252 0.999998450 -0.001690306 -0.088061281 0.000828643 0.001690780 0.999998212 3.070403814
0.999999285 0.000867728 -0.000826681 0.070637003 -0.000869330 0.999997735 -0.001938844 -0.090516403 0.000824997 0.001939561 0.999997795 3.305161238
0.999999225 0.001015834 -0.000632309 0.073695727 -0.001016901 0.999998033 -0.001690753 -0.101417243 0.000630591 0.001691394 0.999998391 3.552298546
0.999999523 0.000662851 -0.000733116 0.077950366 -0.000664459 0.999997377 -0.002195413 -0.098135062 0.000731658 0.002195899 0.999997318 3.837666988
0.999999642 0.000516737 -0.000660569 0.081653133 -0.000518237 0.999997318 -0.002272596 -0.104860306 0.000659393 0.002272937 0.999997199 4.099669456
0.999999464 0.000954377 -0.000494361 0.084853865 -0.000955364 0.999997556 -0.001999349 -0.114846289 0.000492452 0.001999820 0.999997854 4.350481987
0.999999642 0.000361995 -0.000784529 0.093635999 -0.000363315 0.999998510 -0.001682975 -0.123023093 0.000783919 0.001683259 0.999998271 4.597098351
0.999998927 0.001420636 -0.000020339 0.087220125 -0.001420668 0.999997616 -0.001648136 -0.130582944 0.000017998 0.001648164 0.999998629 4.856373310
0.999999344 0.001072279 0.000153096 0.090649813 -0.001071990 0.999997675 -0.001877989 -0.133867159 -0.000155109 0.001877824 0.999998212 5.123223782
0.999999523 0.000899729 -0.000330173 0.102846913 -0.000900443 0.999997258 -0.002170125 -0.142442688 0.000328219 0.002170421 0.999997616 5.387625694
0.999999285 0.001175203 -0.000083588 0.105770998 -0.001175398 0.999996543 -0.002377351 -0.145689353 0.000080794 0.002377448 0.999997199 5.662028313
0.999999940 0.000246158 -0.000230208 0.107617274 -0.000246618 0.999997973 -0.002003491 -0.152869835 0.000229714 0.002003548 0.999997973 5.931763649
0.999999821 0.000541096 -0.000300891 0.114388272 -0.000541690 0.999997914 -0.001979783 -0.161966011 0.000299820 0.001979945 0.999998033 6.210512161
0.999999881 0.000287391 -0.000412710 0.121660635 -0.000288029 0.999998689 -0.001547110 -0.174335450 0.000412265 0.001547229 0.999998808 6.488538265
0.999999523 0.000895499 -0.000414609 0.131170303 -0.000896251 0.999997973 -0.001817534 -0.190493181 0.000412980 0.001817904 0.999998271 6.774784088
0.999999523 0.000899671 -0.000356797 0.136348605 -0.000900341 0.999997854 -0.001881390 -0.197890341 0.000355104 0.001881710 0.999998152 7.072786808
0.999999821 0.000529139 -0.000544647 0.146901160 -0.000530261 0.999997795 -0.002061763 -0.203855917 0.000543554 0.002062051 0.999997735 7.375467300
0.999999583 0.000890803 -0.000008365 0.141007438 -0.000890819 0.999997377 -0.002119470 -0.212337300 0.000006477 0.002119477 0.999997735 7.690930843
0.999999464 0.000932773 -0.000236121 0.156111881 -0.000933211 0.999997795 -0.001859776 -0.227619886 0.000234386 0.001859996 0.999998212 7.996763229
0.999999583 0.000758339 -0.000416146 0.159515485 -0.000759170 0.999997675 -0.002001341 -0.228885919 0.000414627 0.002001656 0.999997854 8.332207680
0.999999523 0.000884935 0.000417865 0.150455877 -0.000884089 0.999997556 -0.002021345 -0.240756646 -0.000419653 0.002020974 0.999997854 8.647093773
0.999998689 0.001344973 0.000898430 0.150251508 -0.001343059 0.999996781 -0.002127581 -0.245630413 -0.000901289 0.002126371 0.999997377 8.989468575
0.999998748 0.001436125 0.000713419 0.161325991 -0.001434782 0.999997258 -0.001879321 -0.260522127 -0.000716116 0.001878296 0.999997973 9.314868927
0.999998450 0.001308345 0.001182010 0.153985977 -0.001306987 0.999998629 -0.001148857 -0.286799788 -0.001183512 0.001147310 0.999998629 9.664253235
0.999999344 0.000923256 0.000551003 0.171315894 -0.000922451 0.999998510 -0.001457996 -0.294568986 -0.000552348 0.001457487 0.999998748 10.008971214
0.999999583 0.000752682 0.000574576 0.177760437 -0.000751926 0.999998868 -0.001315327 -0.307127893 -0.000575565 0.001314895 0.999998927 10.366415977
0.999998868 0.001195149 0.000920086 0.185238987 -0.001193885 0.999998331 -0.001373123 -0.319308907 -0.000921725 0.001372023 0.999998629 10.725480080
0.999998450 0.001325271 0.001135882 0.184039652 -0.001323698 0.999998152 -0.001384540 -0.328221589 -0.001137714 0.001383035 0.999998391 11.098254204
0.999998450 0.001300384 0.001171092 0.194436044 -0.001298846 0.999998271 -0.001313446 -0.344044179 -0.001172798 0.001311922 0.999998450 11.477192879
0.999999225 0.000455860 0.001182324 0.201267302 -0.000454459 0.999999166 -0.001185497 -0.352114767 -0.001182863 0.001184959 0.999998510 11.854974747
0.999998927 0.000704849 0.001293809 0.211394444 -0.000702784 0.999998391 -0.001596071 -0.360541850 -0.001294932 0.001595160 0.999997914 12.249669075
0.999999344 0.000515408 0.001112982 0.220567599 -0.000514071 0.999999285 -0.001201108 -0.374711782 -0.001113600 0.001200535 0.999998689 12.646039009
0.999998808 0.000554642 0.001409467 0.219392598 -0.000552409 0.999998629 -0.001584282 -0.380385280 -0.001410344 0.001583502 0.999997795 13.054851532
0.999998689 0.000736101 0.001422220 0.231024295 -0.000734362 0.999998987 -0.001222996 -0.399604201 -0.001423119 0.001221950 0.999998212 13.434112549
0.999999166 -0.000389488 0.001218422 0.242704213 0.000390434 0.999999583 -0.000776065 -0.413345754 -0.001218119 0.000776540 0.999998868 13.851611137
0.999997914 0.000602186 0.001943237 0.242193401 -0.000600101 0.999999225 -0.001073073 -0.421911418 -0.001943882 0.001071905 0.999997497 14.268319130
0.999996245 0.000959873 0.002549414 0.251913130 -0.000957814 0.999999225 -0.000808826 -0.439030379 -0.002550188 0.000806381 0.999996424 14.684862137
0.999997318 0.000623958 0.002201071 0.265339524 -0.000622064 0.999999464 -0.000861192 -0.446803838 -0.002201607 0.000859821 0.999997199 15.123921394
0.999997139 -0.000078551 0.002369987 0.277721286 0.000080693 0.999999523 -0.000903687 -0.459880620 -0.002369916 0.000903875 0.999996781 15.555030823
0.999995172 0.000033529 0.003094587 0.285247624 -0.000030917 0.999999642 -0.000844096 -0.471742839 -0.003094614 0.000843996 0.999994874 15.999836922
0.999994755 0.000687927 0.003162552 0.296956867 -0.000685727 0.999999523 -0.000696792 -0.485798270 -0.003163031 0.000694620 0.999994695 16.451250076
0.999994397 0.000468147 0.003311576 0.309302211 -0.000465346 0.999999523 -0.000846730 -0.497949839 -0.003311971 0.000845184 0.999994159 16.897113800
0.999992907 0.000804612 0.003673213 0.319603473 -0.000802384 0.999999464 -0.000608151 -0.512542009 -0.003673700 0.000605199 0.999993086 17.352720261
0.999991834 0.000545319 0.003999475 0.325671017 -0.000542315 0.999999583 -0.000751937 -0.522286355 -0.003999885 0.000749762 0.999991715 17.812269211
0.999989271 0.000307088 0.004609080 0.333702981 -0.000304439 0.999999821 -0.000575423 -0.534901917 -0.004609257 0.000574014 0.999989212 18.282854080
0.999990523 0.000378977 0.004316905 0.354647279 -0.000376442 0.999999762 -0.000587847 -0.552635670 -0.004317126 0.000586216 0.999990523 18.747133255
0.999988914 0.000673141 0.004651836 0.365388691 -0.000668811 0.999999344 -0.000932266 -0.561613679 -0.004652460 0.000929145 0.999988735 19.226511002
0.999990702 0.000269236 0.004300162 0.380029082 -0.000264599 0.999999404 -0.001078913 -0.577453136 -0.004300450 0.001077765 0.999990165 19.724802017
0.999991417 0.000137215 0.004150504 0.389092714 -0.000132175 0.999999285 -0.001214483 -0.587290704 -0.004150667 0.001213924 0.999990642 20.216169357
0.999990761 0.000689681 0.004228279 0.400835961 -0.000685792 0.999999344 -0.000921225 -0.608621240 -0.004228912 0.000918316 0.999990642 20.695055008
0.999990404 0.000753526 0.004319000 0.401768535 -0.000748134 0.999998927 -0.001249787 -0.612683058 -0.004319937 0.001246544 0.999989867 21.216264725
0.999989927 0.000847652 0.004421540 0.403064698 -0.000840012 0.999998152 -0.001729576 -0.615602136 -0.004422998 0.001725845 0.999988794 21.745399475
0.999988496 0.001190437 0.004635123 0.402337313 -0.001186582 0.999998927 -0.000834448 -0.644637465 -0.004636112 0.000828939 0.999988854 22.226079941
0.999992669 0.001310131 0.003600222 0.420044363 -0.001308878 0.999999106 -0.000350307 -0.665450692 -0.003600677 0.000345592 0.999993443 22.736055374
0.999994397 0.001460520 0.003008608 0.430186689 -0.001458891 0.999998808 -0.000543532 -0.678215265 -0.003009398 0.000539140 0.999995351 23.255981445
0.999996960 0.001163555 0.002183566 0.448272526 -0.001161478 0.999998868 -0.000952392 -0.692537665 -0.002184672 0.000949853 0.999997139 23.784116745
0.999998689 0.000101580 0.001628410 0.457677692 -0.000099455 0.999999166 -0.001305077 -0.704910815 -0.001628542 0.001304913 0.999997795 24.317134857
0.999998748 0.000942315 0.001265003 0.465075582 -0.000941694 0.999999404 -0.000491905 -0.724814117 -0.001265466 0.000490713 0.999999106 24.851390839
0.999999046 0.001170408 0.000666351 0.471672595 -0.001169948 0.999999046 -0.000690173 -0.736729324 -0.000667158 0.000689392 0.999999523 25.388870239
0.999998808 0.001430016 0.000647559 0.477261484 -0.001429741 0.999998927 -0.000425650 -0.749334455 -0.000648167 0.000424724 0.999999702 25.927289963
0.999999583 0.000902003 -0.000051839 0.487262458 -0.000902012 0.999999583 -0.000176773 -0.774011791 0.000051679 0.000176819 1.000000000 26.471939087
0.999999821 0.000505523 -0.000340908 0.495423287 -0.000505467 0.999999881 0.000163480 -0.786249816 0.000340990 -0.000163308 0.999999940 27.016962051
0.999999642 0.000668401 -0.000599625 0.505233645 -0.000668224 0.999999821 0.000295387 -0.805761576 0.000599822 -0.000294986 0.999999762 27.564926147
0.999999046 0.001304643 -0.000453392 0.502754450 -0.001304874 0.999999046 -0.000510375 -0.812613368 0.000452726 0.000510966 0.999999762 28.146833420
0.999998271 0.001673741 -0.000787106 0.511215627 -0.001673155 0.999998450 0.000744076 -0.843927860 0.000788350 -0.000742758 0.999999344 28.673440933
0.999996364 0.002583102 -0.000700365 0.517228365 -0.002582718 0.999996483 0.000548085 -0.859120190 0.000701779 -0.000546275 0.999999583 29.213727951
0.999997675 0.001642002 -0.001335538 0.530672193 -0.001640372 0.999997854 0.001220314 -0.878918290 0.001337540 -0.001218121 0.999998391 29.763654709
0.999997616 0.001506015 -0.001574537 0.534487367 -0.001504072 0.999998033 0.001234754 -0.889432251 0.001576394 -0.001232383 0.999997973 30.304901123
0.999996305 0.001992168 -0.001825222 0.548482656 -0.001989864 0.999997318 0.001262900 -0.911585808 0.001827733 -0.001259264 0.999997497 30.852262497
0.999996543 0.001983758 -0.001730462 0.557495713 -0.001981528 0.999997199 0.001289734 -0.925628543 0.001733016 -0.001286300 0.999997616 31.398899078
0.999996066 0.001810003 -0.002198568 0.568513334 -0.001807529 0.999997735 0.001126859 -0.939585328 0.002200603 -0.001122881 0.999996960 31.952754974
0.999995410 0.001673378 -0.002516167 0.581642568 -0.001669123 0.999997139 0.001691999 -0.958814681 0.002518991 -0.001687791 0.999995410 32.500728607
0.999994755 0.001989410 -0.002566494 0.586611092 -0.001985530 0.999996901 0.001513246 -0.968700707 0.002569497 -0.001508141 0.999995530 33.037673950
0.999993265 0.002101067 -0.003003378 0.599578083 -0.002097299 0.999997020 0.001257067 -0.985926211 0.003006010 -0.001250761 0.999994636 33.579875946
0.999994278 0.001959649 -0.002763045 0.603584409 -0.001956048 0.999997377 0.001304877 -0.996448517 0.002765595 -0.001299464 0.999995351 34.135555267
0.999992967 0.001859256 -0.003245513 0.615122259 -0.001854963 0.999997377 0.001325064 -1.013841510 0.003247968 -0.001319034 0.999993801 34.670700073
0.999994695 0.001638474 -0.002820913 0.618853807 -0.001634901 0.999997973 0.001268461 -1.024247527 0.002822985 -0.001263843 0.999995232 35.221248627
0.999993861 0.001505547 -0.003189922 0.644760191 -0.001500309 0.999997497 0.001643929 -1.048845291 0.003192388 -0.001639133 0.999993622 35.743869781
0.999992847 0.001167353 -0.003593476 0.644459844 -0.001161718 0.999998093 0.001569939 -1.057535768 0.003595302 -0.001565753 0.999992251 36.302894592
0.999990404 0.002667749 -0.003488951 0.646166623 -0.002664682 0.999996126 0.000883132 -1.067247748 0.003491293 -0.000873827 0.999993443 36.856437683
0.999992847 0.001872184 -0.003285083 0.655801535 -0.001867663 0.999997318 0.001378744 -1.088807821 0.003287655 -0.001372600 0.999993622 37.374477386
0.999992251 0.002261841 -0.003225347 0.664443195 -0.002257760 0.999996662 0.001268634 -1.101295590 0.003228205 -0.001261342 0.999993920 37.929050446
0.999994099 0.002430865 -0.002450253 0.665977061 -0.002429258 0.999996960 0.000658380 -1.111050844 0.002451846 -0.000652424 0.999996722 38.490898132
0.999991477 0.002414595 -0.003347586 0.687779903 -0.002411068 0.999996543 0.001057161 -1.125242233 0.003350126 -0.001049081 0.999993861 39.016277313
0.999990582 0.002569551 -0.003481341 0.696648121 -0.002565725 0.999996126 0.001102775 -1.141326666 0.003484160 -0.001093832 0.999993384 39.545581818
0.999989331 0.002645758 -0.003797970 0.726324201 -0.002638931 0.999994934 0.001801308 -1.172824383 0.003802716 -0.001791266 0.999991238 40.078876495
0.999991298 0.003141674 -0.002753997 0.692839324 -0.003138866 0.999994576 0.001023288 -1.166701913 0.002757197 -0.001014634 0.999995708 40.643989563
0.999990940 0.003172419 -0.002834809 0.706709146 -0.003169398 0.999994516 0.001069339 -1.182331324 0.002838185 -0.001060345 0.999995410 41.185424805
0.999989986 0.004121032 -0.001715025 0.709520817 -0.004119742 0.999991298 0.000754554 -1.184745908 0.001718119 -0.000747481 0.999998331 41.719078064
0.999992907 0.003059137 -0.002255878 0.695431173 -0.003057304 0.999994993 0.000815429 -1.211645365 0.002258361 -0.000808526 0.999997139 42.273635864
0.999993443 0.003291739 -0.001554539 0.700659692 -0.003290407 0.999994218 0.000858115 -1.225295544 0.001557354 -0.000852994 0.999998450 42.825244904
0.999990761 0.004040097 -0.001429789 0.716445565 -0.004039042 0.999991655 0.000740129 -1.238766909 0.001432767 -0.000734347 0.999998689 43.360729218
0.999994814 0.002935585 -0.001321832 0.702258945 -0.002933456 0.999994397 0.001609993 -1.256005526 0.001326552 -0.001606107 0.999997854 43.921913147
0.999995291 0.002647212 -0.001627736 0.710516691 -0.002644819 0.999995410 0.001471003 -1.270527959 0.001631623 -0.001466691 0.999997616 44.444744110
0.999993682 0.003350122 -0.001221073 0.720341146 -0.003348625 0.999993682 0.001225902 -1.282315135 0.001225171 -0.001221805 0.999998510 44.993167877
0.999994040 0.002983829 -0.001729470 0.731334448 -0.002982437 0.999995172 0.000806694 -1.285514832 0.001731870 -0.000801531 0.999998152 45.558502197
0.999995887 0.002208194 -0.001798576 0.749687970 -0.002205774 0.999996662 0.001346329 -1.305479527 0.001801542 -0.001342357 0.999997497 46.101310730
0.999996543 0.002076478 -0.001611296 0.741926312 -0.002076742 0.999997854 -0.000161152 -1.302665472 0.001610958 0.000164498 0.999998689 46.657863617
0.999995589 0.002574993 -0.001488518 0.755760610 -0.002574637 0.999996722 0.000240791 -1.322576761 0.001489134 -0.000236958 0.999998808 47.199604034
0.999994755 0.003146703 -0.000776699 0.749323249 -0.003147037 0.999994993 -0.000427659 -1.323025823 0.000775349 0.000430102 0.999999583 47.747634888
0.999996901 0.002081274 -0.001332188 0.755055249 -0.002080830 0.999997795 0.000335425 -1.355301261 0.001332883 -0.000332652 0.999999046 48.288627625
0.999997675 0.001850901 -0.001128756 0.770498395 -0.001849763 0.999997795 0.001007891 -1.375897408 0.001130619 -0.001005801 0.999998868 48.829715729
0.999996781 0.001877033 -0.001712721 0.780073166 -0.001875329 0.999997675 0.000995972 -1.390439868 0.001714587 -0.000992756 0.999998033 49.373828888
0.999996543 0.002407273 -0.001053844 0.788796127 -0.002405837 0.999996126 0.001361185 -1.409658790 0.001057117 -0.001358646 0.999998510 49.930767059
0.999997258 0.002057888 -0.001090024 0.786239505 -0.002056545 0.999997139 0.001231229 -1.418230295 0.001092554 -0.001228984 0.999998629 50.479213715
0.999997377 0.002234930 -0.000508559 0.790663779 -0.002234557 0.999997258 0.000732830 -1.427878261 0.000510195 -0.000731691 0.999999583 51.030677795
0.999996722 0.002124394 -0.001410451 0.811240673 -0.002124094 0.999997735 0.000213666 -1.438467979 0.001410902 -0.000210669 0.999998927 51.589565277
0.999997020 0.001907747 -0.001483547 0.814814925 -0.001907356 0.999998093 0.000264938 -1.450439692 0.001484049 -0.000262108 0.999998868 52.139114380
0.999998271 0.001684561 -0.000793498 0.821576595 -0.001684840 0.999998510 -0.000351133 -1.462919116 0.000792905 0.000352469 0.999999642 52.687290192
0.999998689 0.001056232 -0.001227838 0.836753309 -0.001055879 0.999999404 0.000288425 -1.487896442 0.001228142 -0.000287129 0.999999166 53.226234436
0.999998510 0.000987260 -0.001415006 0.844150662 -0.000986964 0.999999464 0.000210182 -1.506949306 0.001415214 -0.000208785 0.999998987 53.770969391
0.999997973 0.001812171 -0.000777794 0.852068305 -0.001812157 0.999998271 0.000019583 -1.519769192 0.000777829 -0.000018174 0.999999642 54.323287964
0.999998212 0.001620169 -0.001110361 0.861617208 -0.001619894 0.999998569 0.000248377 -1.539268136 0.001110762 -0.000246578 0.999999344 54.860340118
0.999997675 0.001872770 -0.001075874 0.868480325 -0.001872547 0.999998212 0.000207960 -1.558297276 0.001076262 -0.000205945 0.999999404 55.412937164
0.999997437 0.002110006 -0.000836211 0.882999659 -0.002109642 0.999997616 0.000433837 -1.574391961 0.000837123 -0.000432072 0.999999583 55.958992004
0.999997258 0.001921036 -0.001331542 0.887297690 -0.001920865 0.999998152 0.000128739 -1.584332585 0.001331787 -0.000126180 0.999999106 56.510768890
0.999997377 0.001991044 -0.001154770 0.908964515 -0.001990981 0.999998033 0.000055492 -1.605352759 0.001154878 -0.000053193 0.999999344 57.057369232
0.999997199 0.002129847 -0.001039524 0.910977483 -0.002130202 0.999997675 -0.000340183 -1.609833717 0.001038797 0.000342397 0.999999404 57.610683441
0.999996841 0.002363029 -0.000939923 0.921233714 -0.002363312 0.999997139 -0.000299141 -1.628715873 0.000939213 0.000301361 0.999999464 58.151645660
0.999997795 0.001640915 -0.001270413 0.938598454 -0.001641212 0.999998629 -0.000232890 -1.642151475 0.001270029 0.000234974 0.999999166 58.679176331
0.999996781 0.002314642 -0.000928011 0.941691816 -0.002314970 0.999997318 -0.000352103 -1.654823661 0.000927193 0.000354250 0.999999523 59.229019165
0.999997377 0.001315103 -0.001848779 0.978147924 -0.001316051 0.999998987 -0.000510867 -1.675837755 0.001848105 0.000513298 0.999998152 59.743453979
0.999996662 0.001636663 -0.001991639 0.994281113 -0.001636808 0.999998569 -0.000071465 -1.696957111 0.001991520 0.000074725 0.999998033 60.292732239
0.999996126 0.001681557 -0.002219341 0.994474709 -0.001681785 0.999998510 -0.000100715 -1.694524169 0.002219169 0.000104447 0.999997497 60.820556641
0.999997139 0.001576633 -0.001850611 1.001320720 -0.001578295 0.999998331 -0.000896866 -1.701317787 0.001849195 0.000899784 0.999997914 61.368892670
0.999996841 0.001843378 -0.001700626 1.015455723 -0.001844058 0.999998212 -0.000398361 -1.720825553 0.001699889 0.000401496 0.999998510 61.902942657
0.999996603 0.001019653 -0.002366301 1.046483278 -0.001020315 0.999999464 -0.000278547 -1.744067669 0.002366015 0.000280960 0.999997139 62.449134827
0.999995828 0.001262226 -0.002653166 1.062575936 -0.001261904 0.999999225 0.000122361 -1.763075948 0.002653320 -0.000119013 0.999996483 62.993000031
0.999994099 0.001138893 -0.003248337 1.083563924 -0.001139902 0.999999285 -0.000309144 -1.778560281 0.003247984 0.000312845 0.999994695 63.540287018
0.999994397 0.001462905 -0.003019837 1.089325070 -0.001464319 0.999998868 -0.000466196 -1.796087742 0.003019152 0.000470615 0.999995351 64.099418640
0.999996901 0.002211145 -0.001242254 1.053259969 -0.002213155 0.999996245 -0.001618385 -1.782406092 0.001238671 0.001621129 0.999997914 64.679641724
0.999994993 0.001912042 -0.002553144 1.064901829 -0.001915611 0.999997199 -0.001395997 -1.794371009 0.002550468 0.001400880 0.999995828 65.245605469
0.999991059 0.001923150 -0.003771352 1.134657741 -0.001928950 0.999996960 -0.001535107 -1.807900071 0.003768388 0.001542368 0.999991715 65.704261780
0.999993801 0.001813146 -0.003007676 1.140070677 -0.001820045 0.999995708 -0.002292553 -1.816511989 0.003003505 0.002298013 0.999992907 66.256378174
0.999993920 0.002014535 -0.002836727 1.146215916 -0.002022502 0.999993980 -0.002808648 -1.826305866 0.002831051 0.002814369 0.999992013 66.811851501
0.999993443 0.002325637 -0.002816601 1.129550576 -0.002333292 0.999993563 -0.002717084 -1.833767891 0.002810264 0.002723638 0.999992311 67.336463928
0.999992490 0.002062382 -0.003264904 1.147897482 -0.002069548 0.999995410 -0.002192864 -1.851392031 0.003260367 0.002199604 0.999992251 67.890434265
0.999992430 0.002459518 -0.003005907 1.158179522 -0.002464825 0.999995410 -0.001763083 -1.874605298 0.003001557 0.001770479 0.999993920 68.420288086
0.999992728 0.002650276 -0.002725674 1.165307641 -0.002654807 0.999995112 -0.001659802 -1.893310189 0.002721261 0.001667026 0.999994874 68.972526550
0.999993205 0.002690026 -0.002543637 1.161438465 -0.002696079 0.999993563 -0.002379097 -1.898553729 0.002537221 0.002385938 0.999993861 69.503120422
0.999992192 0.002755923 -0.002852587 1.178670526 -0.002762113 0.999993861 -0.002168417 -1.915811539 0.002846594 0.002176279 0.999993503 70.049758911
0.999994814 0.002301492 -0.002317497 1.186632276 -0.002306790 0.999994814 -0.002286134 -1.938131690 0.002312224 0.002291468 0.999994636 70.597587585
0.999997079 0.002358412 -0.000352218 1.109111309 -0.002359078 0.999995351 -0.001903573 -1.956444025 0.000347727 0.001904399 0.999998152 71.160537720
0.999996126 0.002716117 -0.000474595 1.125209689 -0.002716953 0.999994755 -0.001769991 -1.976371288 0.000469785 0.001771273 0.999998391 71.711250305
0.999995887 0.002526175 0.001346911 1.069897413 -0.002524779 0.999996245 -0.001037934 -1.991363406 -0.001349528 0.001034529 0.999998569 72.208602905
0.999994099 0.002978363 0.001689084 1.074916124 -0.002975571 0.999994099 -0.001653177 -2.001861095 -0.001693998 0.001648141 0.999997199 72.757812500
0.999993145 0.003093587 0.002032955 1.079342484 -0.003090973 0.999994338 -0.001287586 -2.015557289 -0.002036927 0.001281293 0.999997020 73.287284851
0.999994814 0.002872157 0.001447774 1.093612194 -0.002870490 0.999995232 -0.001152242 -2.033273458 -0.001451076 0.001148080 0.999998271 73.823173523
0.999995768 0.002480575 0.001500667 1.103836775 -0.002478710 0.999996185 -0.001242889 -2.049901009 -0.001503745 0.001239164 0.999998093 74.356536865
0.999993145 0.003300532 0.001640250 1.120316982 -0.003299869 0.999994457 -0.000406515 -2.074104309 -0.001641582 0.000401100 0.999998510 74.883644104
0.999993682 0.003331495 0.001184414 1.131831765 -0.003330650 0.999994218 -0.000715258 -2.089554071 -0.001186790 0.000711309 0.999998987 75.421775818
0.999994695 0.003076100 0.000986290 1.157890201 -0.003075320 0.999995053 -0.000791991 -2.106397629 -0.000988721 0.000788954 0.999999225 75.963005066
0.999991953 0.003897595 0.000920957 1.164459229 -0.003897239 0.999992311 -0.000388897 -2.124434710 -0.000922466 0.000385305 0.999999523 76.513237000
0.999993145 0.003583714 0.000859425 1.184505105 -0.003583069 0.999993265 -0.000750612 -2.144739389 -0.000862109 0.000747527 0.999999344 77.049293518
0.999993443 0.003562224 0.000494012 1.198951840 -0.003561850 0.999993384 -0.000755740 -2.158671379 -0.000496701 0.000753975 0.999999583 77.589828491
0.999996722 0.002522984 0.000144056 1.216804743 -0.002522851 0.999996424 -0.000916148 -2.172442436 -0.000146367 0.000915781 0.999999583 78.119438171
0.999996066 0.002778349 0.000271747 1.228593349 -0.002778215 0.999995947 -0.000492417 -2.197320223 -0.000273114 0.000491660 0.999999821 78.664482117
0.999996424 0.002657933 0.000252843 1.244813085 -0.002657857 0.999996424 -0.000296972 -2.213495493 -0.000253631 0.000296299 0.999999940 79.209114075
0.999994576 0.003232761 0.000536187 1.257124543 -0.003232168 0.999994159 -0.001104478 -2.225262165 -0.000539755 0.001102739 0.999999166 79.753242493
0.999994576 0.003015939 0.001315969 1.265675187 -0.003015246 0.999995291 -0.000528343 -2.247051239 -0.001317556 0.000524373 0.999998987 80.295707703
0.999994040 0.002671577 0.002174886 1.281676531 -0.002670954 0.999996364 -0.000289437 -2.258106470 -0.002175651 0.000283626 0.999997616 80.846580505
0.999990821 0.002803372 0.003274116 1.298043489 -0.002801061 0.999995828 -0.000710274 -2.271105289 -0.003276093 0.000701096 0.999994397 81.384918213
0.999988139 0.002504379 0.004177177 1.317147017 -0.002500742 0.999996483 -0.000875774 -2.288614273 -0.004179357 0.000865318 0.999990821 81.936195374
0.999979198 0.003067471 0.005674744 1.335813999 -0.003066636 0.999995291 -0.000156004 -2.313461781 -0.005675196 0.000138598 0.999983847 82.466072083
0.999957740 0.002592912 0.008815386 1.355530620 -0.002590837 0.999996603 -0.000246854 -2.327772856 -0.008815996 0.000224004 0.999961138 83.016815186
0.999916255 0.003002630 0.012584651 1.407543898 -0.003000057 0.999995410 -0.000223357 -2.361918449 -0.012585264 0.000185583 0.999920726 83.542228699
0.999862969 0.003408166 0.016197937 1.421581268 -0.003413840 0.999994099 0.000322720 -2.383754492 -0.016196743 -0.000377973 0.999868751 84.104591370
0.999783576 0.003587290 0.020491278 1.466471910 -0.003581845 0.999993563 -0.000302419 -2.400292397 -0.020492230 0.000228957 0.999790013 84.647544861
0.999653220 0.003434459 0.026109248 1.499273300 -0.003440394 0.999994040 0.000182391 -2.417556047 -0.026108472 -0.000272154 0.999659061 85.178123474
0.999493062 0.002707288 0.031721551 1.532038927 -0.002697198 0.999996424 -0.000360893 -2.431516171 -0.031722400 0.000275151 0.999496698 85.713508606
0.999300897 0.002777446 0.037283309 1.566925168 -0.002755318 0.999995947 -0.000644851 -2.442468405 -0.037284952 0.000541673 0.999304652 86.257408142
0.998964310 0.003530000 0.045363557 1.614699841 -0.003534166 0.999993742 0.000011627 -2.469010830 -0.045363225 -0.000171938 0.998970568 86.790954590
0.998584449 0.002164365 0.053144995 1.669556618 -0.002192735 0.999997497 0.000475510 -2.485096455 -0.053143829 -0.000591370 0.998586655 87.328498840
0.998163760 0.002686416 0.060513888 1.712838411 -0.002712786 0.999996185 0.000353591 -2.503839731 -0.060512714 -0.000517103 0.998167217 87.882141113
0.997536659 0.002838058 0.070089392 1.756236553 -0.002806057 0.999995887 -0.000555031 -2.502843857 -0.070090666 0.000356989 0.997540534 88.450920105
0.996779382 0.002668658 0.080148421 1.822833061 -0.002671249 0.999996424 -0.000074886 -2.521534443 -0.080148339 -0.000139451 0.996782959 88.976516724
0.995972931 0.002189415 0.089627936 1.872392654 -0.002096992 0.999997139 -0.001125328 -2.526473045 -0.089630164 0.000932848 0.995974660 89.555999756
0.995262623 0.001459164 0.097211644 1.936608791 -0.001364028 0.999998629 -0.001045092 -2.542440891 -0.097213015 0.000907542 0.995263159 90.088348389
0.994050205 0.002194516 0.108900495 1.990557671 -0.002224159 0.999997497 0.000150735 -2.581039429 -0.108899891 -0.000392050 0.994052649 90.613059998
0.992669523 0.002233294 0.120839693 2.051920891 -0.002260951 0.999997437 0.000091761 -2.587508917 -0.120839186 -0.000364301 0.992671967 91.173248291
0.991578817 0.002239765 0.129486382 2.140707970 -0.002342313 0.999997079 0.000639674 -2.627520800 -0.129484549 -0.000937584 0.991581023 91.681518555
0.990003347 0.001903597 0.141031072 2.226268768 -0.002020666 0.999997735 0.000686884 -2.634947538 -0.141029432 -0.000964994 0.990004957 92.244735718
0.988121271 0.001101715 0.153671980 2.318546295 -0.001145688 0.999999285 0.000197585 -2.645115852 -0.153671637 -0.000371298 0.988121927 92.778236389
0.986514211 0.000527480 0.163674906 2.437672615 -0.000602255 0.999999762 0.000407231 -2.662872314 -0.163674608 -0.000500313 0.986514270 93.304359436
0.984646916 0.000978093 0.174555257 2.549555779 -0.001132213 0.999999166 0.000783349 -2.685048580 -0.174554288 -0.000968956 0.984647095 93.838523865
0.982229531 0.001229477 0.187679559 2.665320396 -0.001296579 0.999999106 0.000234775 -2.695017576 -0.187679112 -0.000473944 0.982230306 94.361259460
0.979899347 0.000589136 0.199491322 2.810149193 -0.000696356 0.999999642 0.000467302 -2.713584423 -0.199490964 -0.000596826 0.979899466 94.915939331
0.977532685 0.000464516 0.210783482 2.903417587 -0.000635709 0.999999523 0.000744415 -2.728595734 -0.210783005 -0.000861687 0.977532625 95.435165405
0.974722624 0.000533765 0.223417848 3.080495834 -0.000659382 0.999999762 0.000487653 -2.739939213 -0.223417506 -0.000622645 0.974722624 95.994392395
0.971597791 0.000193083 0.236638620 3.237066269 -0.000263802 0.999999940 0.000267184 -2.749201298 -0.236638531 -0.000322021 0.971597731 96.526054382
0.968879640 -0.000617135 0.247531548 3.391294479 0.000404592 0.999999642 0.000909513 -2.780129910 -0.247531995 -0.000781060 0.968879342 97.069717407
0.965797901 -0.000627916 0.259295285 3.561508179 0.000400748 0.999999464 0.000928958 -2.795333385 -0.259295791 -0.000793273 0.965797663 97.572898865
0.961831331 -0.000311142 0.273642689 3.715896606 -0.000060458 0.999999106 0.001349540 -2.808113098 -0.273642957 -0.001314574 0.961830378 98.094863892
0.958085716 -0.000611298 0.286480814 3.882528305 0.000335313 0.999999404 0.001012422 -2.823167801 -0.286481202 -0.000873926 0.958085477 98.630058289
0.954572082 -0.001204681 0.297977448 4.062620163 0.000919050 0.999998987 0.001098674 -2.839711905 -0.297978461 -0.000774907 0.954572260 99.140884399
0.950319767 -0.001564261 0.311271369 4.253969193 0.000940625 0.999997199 0.002153624 -2.868521452 -0.311273932 -0.001753842 0.950318635 99.687309265
0.945769906 -0.001847159 0.324831963 4.454427719 0.001461456 0.999997914 0.001431367 -2.868374825 -0.324833989 -0.000879016 0.945770621 100.206298828
0.941528141 -0.002929993 0.336921573 4.656616211 0.002598315 0.999995589 0.001435327 -2.881061316 -0.336924285 -0.000475973 0.941531599 100.718093872
0.936785042 -0.002987754 0.349892557 4.867073059 0.002569517 0.999995291 0.001659524 -2.900040627 -0.349895954 -0.000655563 0.936788261 101.221580505
0.931127965 -0.002310292 0.364685148 5.088865280 0.001962890 0.999997199 0.001323286 -2.912278891 -0.364687026 -0.000516312 0.931129992 101.738082886
0.926419079 -0.003373527 0.376478851 5.323553085 0.002883504 0.999994040 0.001865110 -2.929387331 -0.376482934 -0.000642295 0.926423252 102.258804321
0.921783507 -0.004266589 0.387681514 5.562139511 0.003753432 0.999990761 0.002080827 -2.946644545 -0.387686819 -0.000462936 0.921791017 102.764366150
0.915585399 -0.004141638 0.402102321 5.808486938 0.003591532 0.999991238 0.002121967 -2.959427118 -0.402107507 -0.000498679 0.915592313 103.269783020
0.909567773 -0.004534137 0.415530801 6.049781799 0.004051091 0.999989688 0.002044009 -2.971037388 -0.415535748 -0.000175811 0.909576833 103.767730713
0.904447794 -0.005231742 0.426552117 6.304580688 0.004822166 0.999986291 0.002040249 -2.989657879 -0.426556915 0.000211607 0.904460728 104.237503052
0.898014903 -0.006295701 0.439919889 6.585041046 0.005915608 0.999980032 0.002235114 -2.998210669 -0.439925134 0.000595228 0.898034215 104.752998352
0.891422093 -0.006891682 0.453121543 6.849784851 0.006639926 0.999975681 0.002146307 -3.012340784 -0.453125358 0.001095428 0.891446173 105.213302612
0.885416925 -0.007577872 0.464735895 7.121528625 0.007539962 0.999969721 0.001940098 -3.026763916 -0.464736521 0.001786296 0.885447264 105.679008484
0.879396141 -0.006865313 0.476041257 7.377155304 0.006639757 0.999975622 0.002155630 -3.025191307 -0.476044476 0.001265145 0.879420280 106.180801392
0.872152090 -0.007594822 0.489175826 7.681282043 0.007473190 0.999969661 0.002201322 -3.042930365 -0.489177763 0.001735817 0.872182369 106.645812988
