1.000000000 0.000000000 0.000000000 0.000000000 0.000000000 1.000000000 0.000000000 0.000000000 0.000000000 0.000000000 1.000000000 0.000000000
1.000000000 0.000049095 -0.000089167 0.000682670 -0.000049081 1.000000000 0.000157527 -0.001081485 0.000089174 -0.000157522 1.000000000 -0.000527707
1.000000000 0.000115903 -0.000149551 0.001270170 -0.000115904 1.000000000 -0.000009492 -0.000076796 0.000149550 0.000009509 1.000000000 -0.001395243
1.000000000 0.000154621 0.000008279 -0.000086120 -0.000154621 1.000000000 -0.000014330 -0.000204726 -0.000008281 0.000014328 1.000000000 0.001323832
1.000000000 -0.000041696 -0.000065341 0.000251660 0.000041694 1.000000000 -0.000033905 -0.000179168 0.000065343 0.000033902 1.000000000 -0.001241382
1.000000000 0.000022481 -0.000182683 0.000374044 -0.000022481 1.000000000 0.000002841 -0.000439583 0.000182683 -0.000002837 1.000000000 -0.000612193
1.000000000 -0.000038068 0.000009671 0.000271710 0.000038068 1.000000000 -0.000061127 0.000221230 -0.000009669 0.000061128 1.000000000 0.000283194
1.000000000 0.000030981 0.000065903 0.000345954 -0.000030980 1.000000000 -0.000021025 0.000686016 -0.000065903 0.000021023 1.000000000 0.001834782
1.000000000 -0.000063094 -0.000004215 0.000300900 0.000063094 1.000000000 -0.000022534 0.000317386 0.000004216 0.000022533 1.000000000 0.000842271
1.000000000 -0.000098581 -0.000005806 0.001139252 0.000098581 1.000000000 -0.000036663 0.000981447 0.000005810 0.000036663 1.000000000 0.001688536
1.000000000 0.000028046 -0.000153597 0.001734280 -0.000028032 1.000000000 0.000092295 -0.000798183 0.000153600 -0.000092291 1.000000000 -0.000553422
1.000000000 0.000174602 0.000091638 -0.000372281 -0.000174593 1.000000000 -0.000094380 0.001168980 -0.000091654 0.000094364 1.000000000 0.000985866
1.000000000 -0.000182973 -0.000141453 0.001020302 0.000182999 0.999999940 0.000188617 -0.001328596 0.000141419 -0.000188643 1.000000000 -0.001649496
1.000000000 0.000065056 0.000060317 -0.000464394 -0.000065067 1.000000000 0.000167711 -0.000904396 -0.000060306 -0.000167715 1.000000000 0.000595970
1.000000000 -0.000093109 -0.000012054 0.000840697 0.000093110 1.000000000 0.000091626 -0.000669803 0.000012046 -0.000091627 1.000000000 -0.000535616
1.000000000 -0.000134062 -0.000157234 0.001111592 0.000134087 1.000000000 0.000157911 -0.001576669 0.000157213 -0.000157932 1.000000000 -0.001893894
1.000000000 0.000058126 0.000123367 -0.001398858 -0.000058140 1.000000000 0.000115024 -0.000445806 -0.000123360 -0.000115031 1.000000000 0.000660364
1.000000000 -0.000049914 -0.000109304 0.000473954 0.000049918 1.000000000 0.000037860 -0.000331610 0.000109302 -0.000037865 1.000000000 -0.000162843
1.000000000 -0.000164236 0.000002981 0.000672937 0.000164236 1.000000000 -0.000047776 0.000178745 -0.000002973 0.000047776 1.000000000 -0.001024900
1.000000000 -0.000059940 -0.000022283 0.000578872 0.000059943 1.000000000 0.000124592 -0.000661598 0.000022275 -0.000124593 1.000000000 0.000356910
1.000000000 0.000112391 -0.000076661 0.000671109 -0.000112393 1.000000000 -0.000021932 0.000002480 0.000076659 0.000021940 1.000000000 -0.000091788
1.000000000 0.000190102 0.000117017 -0.000714645 -0.000190109 1.000000000 0.000061773 0.000047425 -0.000117005 -0.000061795 1.000000000 -0.000324993
1.000000000 -0.000019374 0.000001706 0.000634552 0.000019374 1.000000000 0.000107092 -0.000516391 -0.000001709 -0.000107092 1.000000000 0.001184153
0.999999940 0.000267884 0.000159216 -0.000666320 -0.000267900 0.999999940 0.000099454 0.000460270 -0.000159189 -0.000099497 1.000000000 0.000084151
1.000000000 0.000056069 -0.000135136 0.001578535 -0.000056046 1.000000000 0.000169052 -0.000922598 0.000135146 -0.000169045 1.000000000 -0.000009090
1.000000000 0.000127132 -0.000127990 0.000999895 -0.000127134 1.000000000 -0.000013440 0.000123073 0.000127988 0.000013457 1.000000000 -0.001967058
1.000000000 0.000144174 -0.000136876 0.000898498 -0.000144190 1.000000000 -0.000121740 0.000396100 0.000136858 0.000121760 1.000000000 -0.000581840
1.000000000 0.000125333 -0.000062495 0.000208374 -0.000125333 1.000000000 0.000004123 -0.000318046 0.000062495 -0.000004115 1.000000000 -0.001128251
1.000000000 -0.000097641 -0.000072038 0.000082905 0.000097651 1.000000000 0.000137284 -0.000683775 0.000072024 -0.000137291 1.000000000 -0.000994801
1.000000000 0.000065684 -0.000083423 0.001017288 -0.000065694 1.000000000 -0.000114973 0.001314147 0.000083415 0.000114978 1.000000000 0.000403142
1.000000000 0.000079849 -0.000128580 0.000848704 -0.000079834 1.000000000 0.000113005 0.000133231 0.000128589 -0.000112994 1.000000000 -0.000663431
1.000000000 -0.000007777 -0.000204349 0.001485954 0.000007784 1.000000000 0.000037183 -0.000358457 0.000204349 -0.000037185 1.000000000 -0.000512703
1.000000000 -0.000153783 -0.000102775 0.001022418 0.000153782 1.000000000 -0.000015080 0.000120552 0.000102777 0.000015064 1.000000000 -0.000303437
1.000000000 -0.000069845 -0.000140018 0.001129174 0.000069839 1.000000000 -0.000044527 0.001095146 0.000140021 0.000044517 1.000000000 0.001644387
1.000000000 -0.000011155 -0.000049618 0.000797041 0.000011150 1.000000000 -0.000091880 0.001508235 0.000049619 0.000091880 1.000000000 0.001967440
1.000000000 -0.000026655 -0.000043217 0.000448347 0.000026652 1.000000000 -0.000090620 0.001656724 0.000043219 0.000090618 1.000000000 0.001586759
1.000000000 0.000054524 0.000013618 0.000046288 -0.000054526 1.000000000 0.000111234 0.000395304 -0.000013612 -0.000111235 1.000000000 0.001764760
1.000000000 -0.000067452 -0.000003092 0.000520125 0.000067452 1.000000000 0.000089367 0.000283252 0.000003086 -0.000089367 1.000000000 0.000782584
1.000000000 -0.000098473 0.000010026 0.000735030 0.000098473 1.000000000 -0.000041164 0.001155649 -0.000010022 0.000041165 1.000000000 0.001229383
1.000000000 -0.000233213 -0.000000336 0.001925465 0.000233213 1.000000000 -0.000039682 -0.000169833 0.000000346 0.000039682 1.000000000 0.000217482
1.000000000 -0.000144751 0.000190569 0.000419966 0.000144877 0.999999762 -0.000658433 -0.001859524 -0.000190474 0.000658460 0.999999762 0.051937357
1.000000000 0.000144234 0.000016252 0.001980156 -0.000144214 0.999999225 -0.001238852 -0.004782883 -0.000016430 0.001238850 0.999999225 0.135016367
0.999999821 0.000519745 -0.000237460 0.004813047 -0.000520057 0.999998987 -0.001317167 -0.007378382 0.000236775 0.001317290 0.999999106 0.252618045
0.999999821 0.000381457 -0.000432921 0.007819212 -0.000381908 0.999999404 -0.001041176 -0.015791902 0.000432523 0.001041342 0.999999344 0.381413609
0.999999940 0.000315940 -0.000085197 0.007668677 -0.000316025 0.999999464 -0.000996273 -0.018464657 0.000084882 0.000996300 0.999999523 0.527372181
0.999999940 0.000355531 -0.000222253 0.012304977 -0.000355795 0.999999225 -0.001186144 -0.022478851 0.000221831 0.001186223 0.999999285 0.677218080
0.999999940 0.000226541 -0.000122086 0.017606487 -0.000226681 0.999999344 -0.001147009 -0.021796515 0.000121826 0.001147036 0.999999344 0.846851051
1.000000000 0.000077598 0.000219381 0.016254364 -0.000077388 0.999999523 -0.000959007 -0.026537420 -0.000219455 0.000958990 0.999999523 1.010002732
0.999999762 0.000542221 0.000411419 0.014687937 -0.000542133 0.999999821 -0.000213706 -0.036897689 -0.000411535 0.000213483 0.999999881 1.185676694
1.000000000 0.000097518 0.000043678 0.022304080 -0.000097496 0.999999881 -0.000512180 -0.035169177 -0.000043728 0.000512176 0.999999881 1.383250356
0.999999940 0.000324074 0.000250304 0.026016291 -0.000323914 0.999999762 -0.000637940 -0.046055362 -0.000250511 0.000637859 0.999999762 1.584253073
0.999999762 0.000618944 0.000320406 0.020924777 -0.000618761 0.999999642 -0.000570541 -0.044744253 -0.000320759 0.000570342 0.999999762 1.789889336
1.000000000 0.000178943 0.000138860 0.028687054 -0.000178870 0.999999821 -0.000527582 -0.047082778 -0.000138955 0.000527557 0.999999881 1.979206800
0.999998927 -0.000122874 0.001469363 0.024964839 0.000122821 1.000000000 0.000036502 -0.066946208 -0.001469367 -0.000036321 0.999998927 2.129220963
0.999999046 -0.000116220 0.001368392 0.032591756 0.000116355 1.000000000 -0.000098412 -0.074804537 -0.001368381 0.000098571 0.999999106 2.340846062
0.999999523 0.000000707 0.001025126 0.039437227 -0.000000465 0.999999940 -0.000235562 -0.078554496 -0.001025127 0.000235561 0.999999464 2.571490288
0.999998808 -0.000624261 0.001397956 0.042922717 0.000623753 0.999999762 0.000364337 -0.089481004 -0.001398183 -0.000363465 0.999998927 2.787942171
0.999998808 -0.000398747 0.001427987 0.044885200 0.000398004 0.999999762 0.000520500 -0.095188104 -0.001428194 -0.000519931 0.999998808 3.021055222
0.999999106 -0.000839986 0.001039752 0.054095805 0.000839580 0.999999642 0.000390895 -0.101010822 -0.001040080 -0.000390021 0.999999344 3.261185884
0.999998808 -0.000768620 0.001289469 0.063358165 0.000767934 0.999999583 0.000532733 -0.111456692 -0.001289878 -0.000531742 0.999999046 3.498290777
0.999999225 -0.000716467 0.001030996 0.065218873 0.000716287 0.999999702 0.000174905 -0.112564720 -0.001031121 -0.000174167 0.999999464 3.755213261
0.999998987 -0.000697432 0.001258504 0.068946555 0.000697400 0.999999702 0.000026030 -0.118891530 -0.001258521 -0.000025152 0.999999285 4.019885540
0.999998868 -0.000603323 0.001355724 0.073104225 0.000602143 0.999999404 0.000870836 -0.130065829 -0.001356249 -0.000870019 0.999998689 4.265218735
0.999998689 -0.001045242 0.001288531 0.083594263 0.001044597 0.999999344 0.000501274 -0.134693265 -0.001289054 -0.000499928 0.999999106 4.524330139
0.999998569 -0.000692647 0.001548464 0.079037175 0.000691958 0.999999642 0.000445582 -0.137862593 -0.001548772 -0.000444510 0.999998629 4.765732288
0.999998391 -0.000577862 0.001654338 0.084395096 0.000577880 0.999999821 -0.000010256 -0.139802337 -0.001654331 0.000011212 0.999998569 5.031311512
0.999998689 -0.000642424 0.001504898 0.089089692 0.000642150 0.999999762 0.000182718 -0.149374917 -0.001505016 -0.000181752 0.999998808 5.289870262
0.999998569 -0.000544649 0.001566933 0.093583383 0.000544062 0.999999762 0.000375208 -0.158550754 -0.001567137 -0.000374355 0.999998629 5.561018944
0.999998629 -0.001121645 0.001231725 0.102334321 0.001120896 0.999999225 0.000608346 -0.168025568 -0.001232406 -0.000606964 0.999998987 5.826053619
0.999998748 -0.000600632 0.001438011 0.107439250 0.000599504 0.999999404 0.000784151 -0.175886482 -0.001438482 -0.000783288 0.999998629 6.112654209
0.999998033 -0.000591633 0.001894713 0.106175482 0.000589985 0.999999464 0.000870561 -0.189312950 -0.001895227 -0.000869441 0.999997854 6.376884460
0.999998033 -0.000976959 0.001709875 0.114524312 0.000976232 0.999999464 0.000426090 -0.192642853 -0.001710290 -0.000424420 0.999998450 6.664827347
0.999998033 -0.000518596 0.001891021 0.126690492 0.000516677 0.999999404 0.001015329 -0.209190801 -0.001891546 -0.001014350 0.999997675 6.953691959
0.999998510 -0.000967322 0.001412999 0.135997251 0.000965862 0.999998987 0.001033391 -0.216441050 -0.001413997 -0.001032025 0.999998510 7.267916679
0.999997675 -0.001057817 0.001865562 0.135158330 0.001056302 0.999999106 0.000812583 -0.227844656 -0.001866420 -0.000810610 0.999997914 7.570474148
0.999997079 -0.000660957 0.002316320 0.136614919 0.000658469 0.999999166 0.001074541 -0.241230920 -0.002317028 -0.001073013 0.999996722 7.879267693
0.999997139 -0.000388073 0.002329266 0.145252720 0.000385743 0.999999344 0.001000726 -0.246006489 -0.002329653 -0.000999825 0.999996781 8.198914528
0.999997318 -0.000276426 0.002293895 0.151703477 0.000274312 0.999999583 0.000922196 -0.256323665 -0.002294148 -0.000921565 0.999996901 8.526124954
0.999997318 -0.000663988 0.002189232 0.165705830 0.000661525 0.999999166 0.001125803 -0.262659490 -0.002189977 -0.001124352 0.999996960 8.875259399
0.999997139 -0.000928182 0.002268197 0.161716908 0.000925071 0.999998748 0.001372179 -0.277372658 -0.002269468 -0.001370077 0.999996483 9.180497169
0.999997318 -0.001222107 0.001975413 0.174116850 0.001219278 0.999998212 0.001432532 -0.285467774 -0.001977160 -0.001430120 0.999997020 9.524528503
0.999996543 -0.001066979 0.002417894 0.178727970 0.001063867 0.999998569 0.001288166 -0.292186201 -0.002419265 -0.001285589 0.999996245 9.872148514
0.999996305 -0.000984131 0.002545474 0.177372590 0.000980771 0.999998569 0.001320905 -0.304599732 -0.002546770 -0.001318403 0.999995947 10.235303879
0.999995768 -0.000250958 0.002929994 0.179266304 0.000244862 0.999997795 0.002080922 -0.321826130 -0.002930510 -0.002080196 0.999993503 10.565544128
0.999995530 -0.000627066 0.002919380 0.189230025 0.000621426 0.999997973 0.001932485 -0.323504031 -0.002920585 -0.001930663 0.999993861 10.930783272
0.999995470 -0.001213889 0.002756953 0.199094564 0.001209479 0.999997973 0.001600506 -0.339348853 -0.002758890 -0.001597164 0.999994934 11.338305473
0.999995232 -0.001146366 0.002869389 0.210633859 0.001141537 0.999997914 0.001683922 -0.346556693 -0.002871313 -0.001680638 0.999994516 11.719630241
0.999995232 -0.001124419 0.002860126 0.220534295 0.001119925 0.999998152 0.001572521 -0.357442588 -0.002861889 -0.001569310 0.999994695 12.105805397
0.999995112 -0.001048298 0.002947595 0.224541575 0.001043905 0.999998331 0.001491584 -0.367957979 -0.002949154 -0.001488500 0.999994516 12.487214088
0.999994755 -0.001428535 0.002896710 0.232820138 0.001423647 0.999997497 0.001689006 -0.373794556 -0.002899116 -0.001684873 0.999994338 12.889435768
0.999994278 -0.000492291 0.003340100 0.233979866 0.000487888 0.999998987 0.001318737 -0.385914445 -0.003340746 -0.001317100 0.999993563 13.283567429
0.999992609 -0.000756159 0.003767894 0.243485928 0.000751103 0.999998808 0.001343072 -0.395843029 -0.003768905 -0.001340232 0.999991953 13.697670937
0.999991655 -0.000206683 0.004054371 0.248137802 0.000201777 0.999999166 0.001210344 -0.403312027 -0.004054618 -0.001209516 0.999991000 14.115364075
0.999991655 -0.001103445 0.003913948 0.264557987 0.001098357 0.999998569 0.001301873 -0.418683559 -0.003915379 -0.001297564 0.999991477 14.532264709
0.999989927 -0.002083489 0.003956751 0.280378491 0.002078949 0.999997199 0.001151031 -0.424426943 -0.003959137 -0.001142794 0.999991477 14.969157219
0.999990821 -0.000700634 0.004221831 0.288345337 0.000694004 0.999998510 0.001571632 -0.443660825 -0.004222927 -0.001568688 0.999989867 15.398187637
0.999989808 -0.000999978 0.004406910 0.300606847 0.000994665 0.999998748 0.001207634 -0.455728561 -0.004408112 -0.001203239 0.999989510 15.835927010
0.999986887 -0.000620156 0.005079910 0.309730709 0.000609698 0.999997675 0.002060042 -0.473081708 -0.005081176 -0.002056918 0.999984980 16.273674011
0.999984026 -0.000745704 0.005596145 0.317987055 0.000734296 0.999997675 0.002040439 -0.489343822 -0.005597653 -0.002036297 0.999982297 16.711053848
0.999983311 -0.000969994 0.005688944 0.328778416 0.000959124 0.999997675 0.001913051 -0.496630967 -0.005690787 -0.001907562 0.999981999 17.168403625
0.999982059 -0.000672692 0.005960839 0.336728752 0.000658487 0.999997020 0.002384579 -0.508075058 -0.005962425 -0.002380611 0.999979377 17.642894745
0.999979556 -0.000528726 0.006366931 0.349273443 0.000513182 0.999996901 0.002442674 -0.522762299 -0.006368204 -0.002439356 0.999976695 18.101753235
0.999978721 -0.000497433 0.006506552 0.359304488 0.000483059 0.999997437 0.002210647 -0.535059690 -0.006507635 -0.002207457 0.999976397 18.570640564
0.999979198 -0.000867925 0.006400364 0.376519054 0.000855411 0.999997675 0.001957696 -0.544444561 -0.006402048 -0.001952180 0.999977648 19.044694901
0.999975801 -0.000745273 0.006917058 0.391197383 0.000733414 0.999998271 0.001716821 -0.553938389 -0.006918324 -0.001711706 0.999974668 19.526136398
0.999978721 -0.000495214 0.006502527 0.403188527 0.000481199 0.999997556 0.002156699 -0.568703711 -0.006503579 -0.002153524 0.999976516 20.011827469
0.999976456 -0.000163040 0.006855413 0.406430960 0.000146138 0.999996960 0.002465936 -0.587372363 -0.006855794 -0.002464876 0.999973476 20.513334274
0.999977589 -0.000215370 0.006690704 0.416656792 0.000200802 0.999997675 0.002177934 -0.593677104 -0.006691157 -0.002176542 0.999975264 21.024723053
0.999978721 -0.000262361 0.006517399 0.428677052 0.000250640 0.999998450 0.001799133 -0.602827966 -0.006517859 -0.001797462 0.999977171 21.518245697
0.999984205 -0.000426722 0.005603799 0.444102496 0.000408486 0.999994576 0.003254936 -0.633608222 -0.005605157 -0.003252595 0.999978960 22.003860474
0.999985814 -0.000199108 0.005316600 0.449635953 0.000185531 0.999996662 0.002554093 -0.639321566 -0.005317091 -0.002553071 0.999982595 22.543645859
0.999987960 0.000607132 0.004863629 0.457583994 -0.000620256 0.999996185 0.002697267 -0.654831409 -0.004861973 -0.002700251 0.999984503 23.070045471
0.999987900 0.000963248 0.004834283 0.468922734 -0.000973559 0.999997258 0.002131073 -0.666364312 -0.004832217 -0.002135754 0.999986053 23.606891632
0.999992788 -0.001426809 0.003507378 0.481739104 0.001419384 0.999996722 0.002118513 -0.683638155 -0.003510388 -0.002113519 0.999991536 24.123170853
0.999991953 -0.000339364 0.004003072 0.487908691 0.000330197 0.999997318 0.002290304 -0.693767905 -0.004003839 -0.002288965 0.999989331 24.661523819
0.999996126 0.000036002 0.002790878 0.503653407 -0.000045602 0.999994040 0.003440022 -0.718070328 -0.002790737 -0.003440136 0.999990165 25.193918228
0.999997318 0.000150085 0.002304215 0.501504898 -0.000157108 0.999995351 0.003048116 -0.728098452 -0.002303747 -0.003048470 0.999992669 25.744045258
0.999997914 -0.000400124 0.002003131 0.510504305 0.000394792 0.999996424 0.002661225 -0.740265369 -0.002004189 -0.002660429 0.999994457 26.304193497
0.999998271 0.000119395 0.001828049 0.519328892 -0.000125553 0.999994338 0.003368632 -0.754446864 -0.001827637 -0.003368856 0.999992669 26.847478867
0.999998510 -0.000942999 0.001409676 0.528276920 0.000938852 0.999995232 0.002939317 -0.765704632 -0.001412441 -0.002937989 0.999994695 27.396245956
0.999999404 -0.000101714 0.001032509 0.534917355 0.000098962 0.999996424 0.002665256 -0.775174141 -0.001032777 -0.002665152 0.999995947 27.953041077
0.999999404 0.000210630 0.001013728 0.550301611 -0.000213455 0.999996126 0.002787157 -0.794323623 -0.001013137 -0.002787372 0.999995589 28.498214722
0.999999106 0.000003574 0.001324996 0.555873215 -0.000007396 0.999995828 0.002884459 -0.807520390 -0.001324981 -0.002884466 0.999994934 29.038949966
0.999999881 0.000201417 0.000395855 0.559395850 -0.000202639 0.999995172 0.003089859 -0.824126124 -0.000395231 -0.003089939 0.999995112 29.582759857
0.999999583 0.000706518 0.000526877 0.564345300 -0.000708033 0.999995649 0.002880218 -0.834076822 -0.000524840 -0.002880590 0.999995708 30.130302429
0.999999523 0.000852684 0.000595489 0.574274600 -0.000854582 0.999994576 0.003193207 -0.856730163 -0.000592763 -0.003193714 0.999994695 30.670335770
0.999999702 0.000637004 -0.000227166 0.579837739 -0.000636339 0.999995530 0.002917652 -0.857932568 0.000229024 -0.002917506 0.999995708 31.220571518
0.999999583 0.000848376 -0.000163122 0.592173934 -0.000847865 0.999994874 0.003104848 -0.873755336 0.000165755 -0.003104708 0.999995112 31.767230988
0.999999881 0.000041638 -0.000465708 0.602594197 -0.000040371 0.999996245 0.002719972 -0.884835243 0.000465820 -0.002719953 0.999996185 32.316963196
0.999999821 0.000395934 -0.000499577 0.605115294 -0.000394566 0.999996185 0.002737801 -0.893688858 0.000500659 -0.002737603 0.999996126 32.871623993
0.999999702 0.000258292 -0.000759383 0.617275715 -0.000256242 0.999996364 0.002698175 -0.910550475 0.000760077 -0.002697979 0.999996126 33.417678833
0.999999583 0.000275107 -0.000788271 0.626754999 -0.000272918 0.999996126 0.002774505 -0.920393884 0.000789031 -0.002774290 0.999995768 33.969917297
0.999999344 0.000171965 -0.001037130 0.638432384 -0.000168760 0.999995172 0.003090000 -0.937516570 0.001037656 -0.003089823 0.999994695 34.503253937
0.999999702 0.000373493 -0.000699913 0.637199163 -0.000371736 0.999996781 0.002508454 -0.944159567 0.000700848 -0.002508194 0.999996603 35.063758850
0.999999821 0.000455480 -0.000326185 0.648420334 -0.000454667 0.999996901 0.002486180 -0.957155287 0.000327316 -0.002486031 0.999996841 35.613224030
0.999999523 0.000347143 -0.000890566 0.656235695 -0.000344870 0.999996662 0.002550587 -0.974404097 0.000891448 -0.002550279 0.999996305 36.151851654
0.999999523 0.000780350 -0.000581742 0.664537191 -0.000778897 0.999996543 0.002493765 -0.982966423 0.000583686 -0.002493311 0.999996722 36.708576202
0.999999523 0.000497093 -0.000844358 0.667936862 -0.000494688 0.999995828 0.002847339 -1.006123424 0.000845770 -0.002846921 0.999995530 37.232894897
0.999999702 0.000703197 -0.000289900 0.676169157 -0.000702372 0.999995768 0.002831808 -1.021471262 0.000291890 -0.002831604 0.999995947 37.783676147
0.999999106 0.001174973 -0.000564669 0.689815998 -0.001173625 0.999996483 0.002382997 -1.028646588 0.000567467 -0.002382332 0.999996960 38.311496735
0.999999166 0.000704793 -0.001081356 0.696200728 -0.000701715 0.999995708 0.002844419 -1.051026583 0.001083356 -0.002843658 0.999995351 38.879325867
0.999998212 0.000572556 -0.001817108 0.711596131 -0.000567115 0.999995410 0.002993982 -1.069317102 0.001818813 -0.002992947 0.999993861 39.417175293
0.999998152 0.001064083 -0.001588473 0.725447297 -0.001057785 0.999991596 0.003960278 -1.094139934 0.001592673 -0.003958590 0.999990880 39.953094482
0.999998868 0.000884249 -0.001227929 0.726009965 -0.000880646 0.999995232 0.002932177 -1.092939734 0.001230516 -0.002931091 0.999994934 40.513568878
0.999997973 0.001121820 -0.001688607 0.740655184 -0.001118058 0.999996841 0.002226692 -1.101153612 0.001691100 -0.002224800 0.999996066 41.057922363
0.999998331 0.001615830 -0.000896474 0.742147624 -0.001614222 0.999997020 0.001790621 -1.096626401 0.000899365 -0.001789170 0.999998033 41.604972839
0.999998689 0.000841441 -0.001402944 0.741597772 -0.000837686 0.999996006 0.002674891 -1.128354549 0.001405190 -0.002673713 0.999995351 42.143009186
0.999998093 0.001710533 -0.001041159 0.748970509 -0.001707570 0.999994516 0.002840071 -1.139099360 0.001046011 -0.002838288 0.999995410 42.688411713
0.999997556 0.001947577 -0.001049534 0.765199304 -0.001943554 0.999990821 0.003820453 -1.164643526 0.001056965 -0.003818404 0.999992073 43.230487823
0.999998152 0.001491336 -0.001154025 0.769221902 -0.001487991 0.999994695 0.002892811 -1.166376472 0.001158333 -0.002891089 0.999995172 43.798721313
0.999998391 0.001520971 -0.000832495 0.775068700 -0.001518132 0.999993026 0.003400182 -1.182300925 0.000837661 -0.003398913 0.999993920 44.341312408
0.999997616 0.002171716 -0.000084739 0.781120121 -0.002171430 0.999992371 0.003241912 -1.191866755 0.000091779 -0.003241720 0.999994814 44.889530182
0.999997795 0.001627273 -0.001355527 0.810062706 -0.001623327 0.999994457 0.002907483 -1.202447891 0.001360251 -0.002905277 0.999994874 45.426574707
0.999998510 0.001450520 -0.000950788 0.800153792 -0.001447952 0.999995291 0.002695615 -1.214742064 0.000954693 -0.002694235 0.999995887 45.987438202
0.999999046 0.000607688 -0.001343152 0.813744485 -0.000603622 0.999995172 0.003025627 -1.231470346 0.001344984 -0.003024812 0.999994516 46.525726318
0.999998391 0.001559173 -0.000809387 0.821453393 -0.001557470 0.999996543 0.002099094 -1.239297628 0.000812657 -0.002097830 0.999997437 47.070377350
0.999999046 0.000846843 -0.001026946 0.822827697 -0.000844654 0.999997497 0.002130164 -1.243293881 0.001028747 -0.002129295 0.999997199 47.618381500
0.999997795 0.001840678 -0.000975662 0.834249020 -0.001838954 0.999996781 0.001764459 -1.254584432 0.000978907 -0.001762661 0.999997973 48.164665222
0.999997735 0.001993901 -0.000734458 0.845047414 -0.001992250 0.999995530 0.002242478 -1.269190431 0.000738926 -0.002241010 0.999997199 48.721656799
0.999997437 0.002107295 -0.000726572 0.850327849 -0.002105744 0.999995470 0.002129742 -1.284287930 0.000731056 -0.002128207 0.999997437 49.239810944
0.999999166 0.000984469 -0.000754282 0.854447305 -0.000983196 0.999998093 0.001686411 -1.289509058 0.000755941 -0.001685668 0.999998271 49.819805145
0.999999642 0.000722693 -0.000384614 0.859519124 -0.000722072 0.999998450 0.001609076 -1.298086286 0.000385777 -0.001608798 0.999998629 50.375431061
0.999999225 0.001108388 -0.000450131 0.862078428 -0.001107778 0.999998391 0.001354074 -1.308938622 0.000451631 -0.001353574 0.999998987 50.909664154
0.999999464 0.000343368 -0.000928348 0.881454945 -0.000341875 0.999998748 0.001608451 -1.334115982 0.000928899 -0.001608133 0.999998271 51.454448700
0.999998868 0.000393182 -0.001459226 0.893679440 -0.000391829 0.999999523 0.000927430 -1.344735980 0.001459590 -0.000926857 0.999998450 51.989871979
0.999999285 0.000469354 -0.001048260 0.897729993 -0.000468180 0.999999285 0.001120240 -1.357761621 0.001048785 -0.001119748 0.999998808 52.531665802
0.999999583 0.000081400 -0.000921089 0.905330598 -0.000080501 0.999999583 0.000975988 -1.368455768 0.000921168 -0.000975913 0.999999106 53.073390961
0.999999583 0.000121260 -0.000881644 0.912222505 -0.000120064 0.999998987 0.001356637 -1.387542725 0.000881808 -0.001356531 0.999998689 53.623123169
0.999999762 0.000727026 -0.000158239 0.920416057 -0.000726830 0.999998987 0.001226687 -1.400878549 0.000159131 -0.001226572 0.999999285 54.170871735
0.999999762 0.000632005 -0.000277232 0.926578403 -0.000631681 0.999999046 0.001166119 -1.418081164 0.000277969 -0.001165943 0.999999225 54.732967377
1.000000000 -0.000101262 -0.000112231 0.936015069 0.000101360 0.999999642 0.000880766 -1.430354357 0.000112142 -0.000880777 0.999999583 55.291206360
0.999999583 0.000909362 0.000074710 0.942078471 -0.000909446 0.999998987 0.001132846 -1.438747287 -0.000073679 -0.001132914 0.999999344 55.815845490
0.999999344 0.000802605 -0.000749609 0.965941846 -0.000801770 0.999999046 0.001113873 -1.460215449 0.000750503 -0.001113272 0.999999106 56.385883331
0.999999762 0.000391234 -0.000565627 0.984423935 -0.000390611 0.999999344 0.001101434 -1.480124712 0.000566058 -0.001101213 0.999999285 56.917991638
0.999999523 0.000683443 -0.000635872 0.999019682 -0.000682985 0.999999523 0.000719953 -1.486185074 0.000636364 -0.000719518 0.999999583 57.479930878
0.999999225 0.001072076 -0.000512321 0.986122906 -0.001071426 0.999998629 0.001269092 -1.507958531 0.000513681 -0.001268542 0.999999046 58.002994537
0.999999523 0.000697484 -0.000532327 1.003507137 -0.000696923 0.999999285 0.001053901 -1.521205664 0.000533062 -0.001053530 0.999999285 58.540493011
0.999999344 0.000996962 -0.000489068 1.009791255 -0.000996553 0.999999046 0.000837759 -1.527465940 0.000489903 -0.000837271 0.999999523 59.079944611
0.999999344 0.000982161 -0.000421478 1.019343495 -0.000981799 0.999999166 0.000858388 -1.544405699 0.000422321 -0.000857974 0.999999523 59.618854523
0.999999404 0.000975565 -0.000373929 1.032921791 -0.000975266 0.999999166 0.000798584 -1.557082415 0.000374708 -0.000798219 0.999999583 60.169586182
0.999998689 0.001593602 -0.000466251 1.045412064 -0.001592630 0.999996543 0.002079176 -1.578883767 0.000469563 -0.002078430 0.999997735 60.714794159
0.999997973 0.001920309 0.000622025 1.026658893 -0.001920930 0.999997616 0.000999188 -1.587652683 -0.000620106 -0.001000381 0.999999285 61.248519897
0.999998927 0.001410825 0.000248401 1.050255656 -0.001411064 0.999998510 0.000963857 -1.603410482 -0.000247041 -0.000964207 0.999999404 61.789791107
0.999998748 0.001575223 0.000276741 1.062570095 -0.001575410 0.999998510 0.000676528 -1.612212181 -0.000275675 -0.000676963 0.999999702 62.349491119
0.999997437 0.002191984 0.000487465 1.061181307 -0.002192684 0.999996543 0.001441666 -1.635223389 -0.000484303 -0.001442732 0.999998868 62.886619568
0.999995887 0.002709514 0.000920761 1.067903638 -0.002710397 0.999995828 0.000958731 -1.643517613 -0.000918159 -0.000961222 0.999999166 63.437786102
0.999995053 0.003098861 0.000645566 1.073191643 -0.003099691 0.999994338 0.001287845 -1.668151379 -0.000641570 -0.001289840 0.999998987 63.980167389
0.999996126 0.002638813 0.000897235 1.085902333 -0.002639729 0.999996006 0.001020419 -1.678915620 -0.000894539 -0.001022784 0.999999106 64.534263611
0.999995947 0.002830770 0.000425993 1.103906512 -0.002831143 0.999995589 0.000875896 -1.692048907 -0.000423511 -0.000877099 0.999999583 65.071960449
0.999995172 0.002908563 0.001105002 1.106076717 -0.002909528 0.999995351 0.000873745 -1.706831694 -0.001102456 -0.000876956 0.999998987 65.627342224
0.999995410 0.002967896 0.000567973 1.126559019 -0.002968423 0.999995172 0.000927935 -1.716732979 -0.000565216 -0.000929616 0.999999464 66.140647888
0.999997497 0.002020355 0.000878299 1.123613477 -0.002020854 0.999997735 0.000566654 -1.728044629 -0.000877151 -0.000568427 0.999999464 66.696899414
0.999998808 0.001504721 0.000217747 1.147091150 -0.001504819 0.999998689 0.000450545 -1.741440177 -0.000217069 -0.000450873 0.999999940 67.236892700
0.999998569 0.001598512 0.000593884 1.146320581 -0.001598993 0.999998391 0.000808500 -1.756878853 -0.000592590 -0.000809449 0.999999464 67.798088074
0.999998331 0.001701213 -0.000609706 1.186788201 -0.001700710 0.999998271 0.000822936 -1.780211806 0.000611106 -0.000821897 0.999999464 68.303802490
0.999993443 0.003173979 0.001743481 1.149249554 -0.003175847 0.999994397 0.001069429 -1.795746446 -0.001740077 -0.001074959 0.999997914 68.846153259
0.999996841 0.002239533 0.001080295 1.168876410 -0.002240942 0.999996662 0.001305277 -1.809272766 -0.001077369 -0.001307694 0.999998569 69.394371033
0.999992728 0.003657446 0.001027645 1.187850475 -0.003658902 0.999992251 0.001419262 -1.831135035 -0.001022446 -0.001423012 0.999998450 69.924514771
0.999995112 0.002766093 0.001475368 1.189873457 -0.002767258 0.999995828 0.000788377 -1.832658172 -0.001473180 -0.000792456 0.999998629 70.479164124
0.999995172 0.002863102 0.001170221 1.205519915 -0.002864639 0.999994993 0.001313953 -1.851704121 -0.001166453 -0.001317300 0.999998510 71.031600952
0.999993861 0.003271000 0.001276378 1.206704021 -0.003272349 0.999994099 0.001056144 -1.866671920 -0.001272916 -0.001060314 0.999998629 71.546569824
0.999994636 0.002813274 0.001741731 1.216579914 -0.002816142 0.999994636 0.001647218 -1.892197013 -0.001737087 -0.001652114 0.999997139 72.109474182
0.999994695 0.003063774 0.001085002 1.232186913 -0.003065048 0.999994576 0.001175061 -1.905071020 -0.001081396 -0.001178381 0.999998689 72.665748596
0.999994099 0.002854181 0.001915410 1.234125614 -0.002856701 0.999995053 0.001314675 -1.923036933 -0.001911648 -0.001320138 0.999997318 73.199089050
0.999994636 0.002843890 0.001664823 1.245965481 -0.002845757 0.999995351 0.001120020 -1.933521986 -0.001661631 -0.001124752 0.999997973 73.742248535
0.999994159 0.002881648 0.001845347 1.257564187 -0.002884180 0.999994934 0.001370891 -1.955690742 -0.001841387 -0.001376206 0.999997377 74.279533386
0.999995232 0.002549861 0.001757437 1.271735430 -0.002552507 0.999995589 0.001504759 -1.964735270 -0.001753592 -0.001509237 0.999997258 74.825607300
0.999994695 0.002577466 0.002017837 1.279234171 -0.002580242 0.999995708 0.001373999 -1.978428841 -0.002014287 -0.001379198 0.999997020 75.376281738
0.999995649 0.002036750 0.002139070 1.291949034 -0.002039359 0.999997199 0.001218173 -1.992701530 -0.002136583 -0.001222530 0.999996960 75.918190002
0.999994814 0.002488624 0.002080492 1.300379872 -0.002491370 0.999996126 0.001318380 -2.007513285 -0.002077203 -0.001323557 0.999996960 76.462196350
0.999996185 0.002065016 0.001848843 1.319080472 -0.002066842 0.999997437 0.000986328 -2.020867348 -0.001846801 -0.000990146 0.999997795 77.005973816
0.999997199 0.001579203 0.001776186 1.337743044 -0.001580788 0.999998331 0.000891912 -2.031704187 -0.001774775 -0.000894717 0.999998033 77.569252014
0.999995053 0.002587344 0.001810854 1.345769644 -0.002588199 0.999996543 0.000470179 -2.034443855 -0.001809631 -0.000474864 0.999998271 78.116004944
0.999995828 0.002360088 0.001676572 1.350067854 -0.002361798 0.999996722 0.001018491 -2.067074537 -0.001674164 -0.001022447 0.999998033 78.650978088
0.999995470 0.001910461 0.002333637 1.365231037 -0.001911317 0.999998152 0.000364795 -2.076117754 -0.002332936 -0.000369253 0.999997199 79.197479248
0.999995708 0.002371595 0.001744625 1.383307338 -0.002373559 0.999996603 0.001124684 -2.093900204 -0.001741953 -0.001128820 0.999997854 79.743232727
0.999996006 0.001969378 0.002037090 1.390909910 -0.001971103 0.999997616 0.000845555 -2.107895851 -0.002035420 -0.000849567 0.999997556 80.282852173
0.999994576 0.001713887 0.002822194 1.406917691 -0.001717223 0.999997735 0.001180017 -2.124441385 -0.002820166 -0.001184858 0.999995291 80.829277039
0.999989152 0.002136321 0.004137893 1.417289376 -0.002140172 0.999997258 0.000926448 -2.138501883 -0.004135903 -0.000935294 0.999991000 81.373764038
0.999982238 0.002107874 0.005575920 1.429986358 -0.002112890 0.999997497 0.000893873 -2.153442383 -0.005574022 -0.000905638 0.999983966 81.918724060
0.999970376 0.002661294 0.007225220 1.440249801 -0.002669743 0.999995768 0.001159974 -2.167982101 -0.007222102 -0.001179229 0.999973178 82.462608337
0.999943018 0.002450686 0.010383243 1.460521579 -0.002458546 0.999996662 0.000744245 -2.180349827 -0.010381384 -0.000769730 0.999945819 83.004730225
0.999900699 0.001932750 0.013956147 1.485278487 -0.001942212 0.999997854 0.000664463 -2.193697453 -0.013954833 -0.000691502 0.999902427 83.550888062
0.999851942 0.001895727 0.017102487 1.505991578 -0.001911845 0.999997675 0.000926136 -2.210762978 -0.017100692 -0.000958696 0.999853313 84.095924377
0.999756217 0.002234472 0.021964446 1.535945892 -0.002258850 0.999996841 0.001085117 -2.228607655 -0.021961953 -0.001134467 0.999758124 84.646186829
0.999605834 0.002545143 0.027964020 1.558501959 -0.002586907 0.999995589 0.001457421 -2.245960712 -0.027960191 -0.001529187 0.999607801 85.188545227
0.999440849 0.002333156 0.033357531 1.595206857 -0.002394503 0.999995530 0.001799265 -2.263711929 -0.033353183 -0.001878133 0.999441803 85.732597351
0.999234021 0.002312368 0.039063212 1.631224513 -0.002388261 0.999995351 0.001896264 -2.279149532 -0.039058648 -0.001988105 0.999234974 86.268379211
0.998874128 0.002574509 0.047369298 1.667054892 -0.002638937 0.999995589 0.001297611 -2.293322802 -0.047365755 -0.001421155 0.998876572 86.832321167
0.998463511 0.002079053 0.055375755 1.718076468 -0.002151111 0.999996901 0.001241660 -2.308887959 -0.055372998 -0.001358871 0.998464882 87.384773254
0.998015702 0.002475450 0.062917233 1.759086370 -0.002574646 0.999995530 0.001495584 -2.324559212 -0.062913254 -0.001654606 0.998017669 87.931915283
0.997415543 0.002473442 0.071805157 1.816365719 -0.002582962 0.999995649 0.001432414 -2.337732077 -0.071801297 -0.001614182 0.997417629 88.492134094
0.996620595 0.001838313 0.082120650 1.886173248 -0.001972477 0.999996901 0.001552652 -2.353606939 -0.082117550 -0.001709386 0.996621132 89.021324158
0.995943844 0.001527496 0.089963287 1.953447819 -0.001621730 0.999998152 0.000974386 -2.361949921 -0.089961648 -0.001116329 0.995944619 89.582984924
0.995122492 0.002019465 0.098626003 2.012639999 -0.002106450 0.999997437 0.000777852 -2.371886015 -0.098624185 -0.000981809 0.995124280 90.157539368
0.993960500 0.001542824 0.109727629 2.094505310 -0.001660807 0.999998093 0.000983840 -2.386130333 -0.109725922 -0.001160134 0.993961215 90.700737000
0.992792070 0.001487567 0.119840071 2.176385880 -0.001618275 0.999998271 0.000993377 -2.400788307 -0.119838379 -0.001180151 0.992792785 91.243522644
0.991600037 0.001976716 0.129326999 2.253188133 -0.002118681 0.999997318 0.000960152 -2.415921450 -0.129324749 -0.001226089 0.991601527 91.787399292
0.990087092 0.001449753 0.140446916 2.351388931 -0.001599827 0.999998271 0.000955649 -2.427833796 -0.140445292 -0.001170867 0.990087688 92.346588135
0.988421559 0.001027589 0.151729301 2.461818695 -0.001206307 0.999998689 0.001085838 -2.443582535 -0.151727989 -0.001256298 0.988421500 92.878654480
0.986612141 0.000704072 0.163082242 2.567797661 -0.000887528 0.999999046 0.001052077 -2.459524393 -0.163081333 -0.001182732 0.986611903 93.445899963
0.984862447 0.000880838 0.173334897 2.681185722 -0.001096152 0.999998689 0.001146464 -2.474349022 -0.173333645 -0.001319110 0.984862208 93.990646362
0.982429087 0.000090208 0.186636239 2.809581757 -0.000291006 0.999999344 0.001048486 -2.488501310 -0.186636046 -0.001084375 0.982428491 94.505538940
0.980029166 0.000348844 0.198853388 2.934025764 -0.000540922 0.999999404 0.000911598 -2.496155500 -0.198852956 -0.001000957 0.980028808 95.063415527
0.977926791 -0.000207511 0.208947673 3.067531586 0.000079659 0.999999821 0.000620298 -2.506855249 -0.208947778 -0.000589961 0.977926612 95.595939636
0.975057006 0.000340475 0.221954256 3.216405869 -0.000585497 0.999999344 0.001038134 -2.525391579 -0.221953735 -0.001142193 0.975056529 96.126075745
0.971861959 -0.000392784 0.235551238 3.351274490 0.000141004 0.999999404 0.001085741 -2.535191774 -0.235551566 -0.001021976 0.971861243 96.653099060
0.968914747 0.000364350 0.247394398 3.494319916 -0.000574481 0.999999583 0.000777191 -2.546459198 -0.247393996 -0.000895155 0.968914449 97.196243286
0.965893447 -0.000107980 0.258939803 3.659755707 -0.000156200 0.999999523 0.000999662 -2.563026667 -0.258939773 -0.001006013 0.965892971 97.699195862
0.962068617 -0.000889359 0.272806048 3.823898315 0.000538895 0.999998868 0.001359589 -2.579543114 -0.272807032 -0.001161005 0.962068081 98.242698669
0.958456516 -0.001115713 0.285236359 4.003284454 0.000852803 0.999999046 0.001045928 -2.591950893 -0.285237283 -0.000759226 0.958456635 98.769561768
0.955058455 -0.001726086 0.296412468 4.173099518 0.001404231 0.999998152 0.001298729 -2.607363462 -0.296414226 -0.000824130 0.955059111 99.285667419
0.950628996 -0.001333147 0.310326725 4.365259171 0.001012315 0.999998808 0.001194900 -2.616561174 -0.310327947 -0.000821759 0.950629175 99.818481445
0.946122527 -0.002120414 0.323802024 4.563524246 0.001917080 0.999997675 0.000946926 -2.632707596 -0.323803306 -0.000275153 0.946124375 100.309211731
0.941996872 -0.002880840 0.335609317 4.756963730 0.002626110 0.999995768 0.001212843 -2.642712116 -0.335611373 -0.000261147 0.942000449 100.840744019
0.937145829 -0.002582274 0.348928452 4.968675613 0.002356049 0.999996662 0.001072724 -2.659031391 -0.348930031 -0.000183207 0.937148750 101.368835449
0.931961536 -0.003101134 0.362544179 5.190069199 0.002803720 0.999995232 0.001346486 -2.675210953 -0.362546623 -0.000238400 0.931965590 101.860992432
0.927335501 -0.003465781 0.374214858 5.411571503 0.003093646 0.999993980 0.001595106 -2.687878609 -0.374218136 -0.000321510 0.927340627 102.355125427
0.922103822 -0.004556267 0.386915565 5.647998810 0.004415009 0.999989450 0.001253817 -2.704736948 -0.386917204 0.000552086 0.922114253 102.916809082
0.916068196 -0.004868728 0.400992751 5.889171600 0.004675166 0.999987900 0.001461117 -2.717487574 -0.400995016 0.000536225 0.916079998 103.402885437
0.910340548 -0.005567083 0.413822442 6.142814636 0.005427648 0.999984145 0.001512692 -2.733247042 -0.413824320 0.000869018 0.910356343 103.896667480
0.905335903 -0.006363009 0.424648523 6.401844025 0.006238785 0.999979079 0.001682992 -2.747842789 -0.424650371 0.001125618 0.905356824 104.370666504
0.898435175 -0.005471828 0.439072073 6.649765015 0.005486554 0.999984145 0.001235397 -2.755227089 -0.439071834 0.001299069 0.898451030 104.916297913
0.891505957 -0.005939587 0.452970028 6.923240662 0.005768196 0.999981880 0.001759714 -2.770236969 -0.452972323 0.001044024 0.891523957 105.401863098
0.885784805 -0.006167655 0.464055181 7.195465088 0.005880162 0.999980628 0.002066516 -2.794517040 -0.464058876 0.000898231 0.885803998 105.874549866
0.879702091 -0.007069478 0.475472629 7.468547821 0.006908825 0.999973953 0.002085475 -2.802087069 -0.475474983 0.001450361 0.879728019 106.375518799
0.872416556 -0.007333887 0.488708109 7.755317688 0.007251293 0.999971569 0.002061621 -2.816956043 -0.488709360 0.001745174 0.872444808 106.834381104
0.865214825 -0.007385883 0.501346886 8.054458618 0.007267678 0.999971092 0.002189240 -2.831753016 -0.501348615 0.001749464 0.865243673 107.312072754
