1.000000000 0.000000000 0.000000000 0.000000000 0.000000000 1.000000000 0.000000000 0.000000000 0.000000000 0.000000000 1.000000000 0.000000000
1.000000000 0.000042372 -0.000052000 0.003734264 -0.000042367 1.000000000 0.000083909 -0.000405783 0.000052004 -0.000083907 1.000000000 -0.000706176
1.000000000 -0.000128585 -0.000084697 0.001473951 0.000128591 1.000000000 0.000069064 0.000229092 0.000084688 -0.000069075 1.000000000 -0.000336054
1.000000000 -0.000058912 -0.000161918 0.004931145 0.000058906 1.000000000 -0.000036453 0.001371949 0.000161920 0.000036444 1.000000000 0.005201683
1.000000000 0.000096858 -0.000042740 0.001160590 -0.000096856 1.000000000 0.000036681 0.001326225 0.000042744 -0.000036677 1.000000000 -0.004506361
1.000000000 -0.000097799 -0.000101363 -0.000489510 0.000097802 1.000000000 0.000029287 0.000597497 0.000101360 -0.000029297 1.000000000 -0.002279157
0.999999940 -0.000197650 -0.000185588 0.003210580 0.000197637 1.000000000 -0.000070025 0.000447191 0.000185602 0.000069988 1.000000000 0.000978177
1.000000000 0.000014106 -0.000048677 0.002310361 -0.000014106 1.000000000 0.000016426 -0.000267943 0.000048677 -0.000016425 1.000000000 0.001699574
1.000000000 0.000044842 0.000045834 0.000268878 -0.000044841 1.000000000 -0.000023027 0.001503557 -0.000045835 0.000023025 1.000000000 -0.004343781
1.000000000 -0.000151307 -0.000132491 0.003565325 0.000151311 1.000000000 0.000024653 -0.000413383 0.000132487 -0.000024673 1.000000000 -0.000628920
0.999999940 -0.000166170 -0.000269495 0.007198344 0.000166161 1.000000000 -0.000032137 0.000621779 0.000269500 0.000032092 0.999999940 0.001909991
1.000000000 -0.000017340 -0.000121023 0.004163626 0.000017333 1.000000000 -0.000052417 -0.000119093 0.000121024 0.000052415 1.000000000 0.002595155
0.999999940 -0.000386951 -0.000142156 0.000620713 0.000386969 0.999999940 0.000124752 -0.002494721 0.000142108 -0.000124807 1.000000000 -0.006056040
0.999999881 -0.000418398 -0.000323371 0.006346128 0.000418393 0.999999940 -0.000014489 -0.001043283 0.000323377 0.000014354 0.999999940 -0.002425249
1.000000000 -0.000118036 -0.000077858 0.004096341 0.000118036 1.000000000 0.000006990 0.000222563 0.000077857 -0.000006999 1.000000000 0.000092730
1.000000000 0.000088338 -0.000056137 0.001975784 -0.000088341 1.000000000 -0.000040817 0.001849037 0.000056133 0.000040822 1.000000000 -0.007346320
1.000000000 -0.000121437 -0.000073534 0.001891266 0.000121437 1.000000000 -0.000006488 0.001233025 0.000073535 0.000006479 1.000000000 -0.007191364
1.000000000 -0.000068399 -0.000141777 0.002836761 0.000068394 1.000000000 -0.000036642 0.000404322 0.000141779 0.000036632 1.000000000 -0.008394469
1.000000000 -0.000093166 -0.000084709 0.003237552 0.000093171 1.000000000 0.000056086 -0.000922844 0.000084704 -0.000056093 1.000000000 -0.005532712
1.000000000 -0.000007140 -0.000101657 0.007162513 0.000007146 1.000000000 0.000057518 -0.000622258 0.000101656 -0.000057519 1.000000000 -0.001002764
0.999999940 -0.000254340 -0.000211749 0.007854005 0.000254352 0.999999940 0.000057278 -0.000533064 0.000211735 -0.000057332 1.000000000 -0.002159205
1.000000000 -0.000198472 -0.000063372 0.000661832 0.000198476 1.000000000 0.000057567 0.001745554 0.000063361 -0.000057580 1.000000000 -0.005664696
1.000000000 -0.000165569 -0.000179158 0.008810692 0.000165560 1.000000000 -0.000051917 -0.000125583 0.000179167 0.000051887 1.000000000 -0.000085826
1.000000000 -0.000025904 0.000002090 0.001195776 0.000025904 1.000000000 0.000002415 0.001093521 -0.000002090 -0.000002415 1.000000000 -0.008171139
1.000000000 0.000097554 0.000065188 -0.002467689 -0.000097548 1.000000000 -0.000088841 0.001733240 -0.000065196 0.000088834 1.000000000 -0.001486583
1.000000000 -0.000172963 -0.000156216 0.003795867 0.000172975 1.000000000 0.000078099 0.000505020 0.000156202 -0.000078126 1.000000000 0.002158116
0.999999881 -0.000356351 -0.000259109 0.007320879 0.000356367 0.999999940 0.000060082 0.002005355 0.000259088 -0.000060175 0.999999940 0.001115733
0.999999940 -0.000111687 -0.000224650 0.005528662 0.000111698 1.000000000 0.000048439 -0.000299704 0.000224644 -0.000048464 1.000000000 -0.000070752
0.999999940 -0.000206852 -0.000147241 0.004105999 0.000206873 0.999999940 0.000143863 0.000085110 0.000147211 -0.000143894 1.000000000 0.004262844
0.999999940 -0.000269742 -0.000179126 0.002437957 0.000269763 0.999999940 0.000121124 0.000600662 0.000179094 -0.000121172 1.000000000 0.002736731
0.999999940 -0.000337343 -0.000252853 0.006077162 0.000337378 0.999999940 0.000138563 -0.002530946 0.000252806 -0.000138648 0.999999940 -0.004704348
1.000000000 -0.000065368 -0.000233092 0.004955203 0.000065351 1.000000000 -0.000071460 0.000840865 0.000233097 0.000071445 1.000000000 0.000087902
1.000000000 -0.000083693 -0.000057374 -0.000239720 0.000083692 1.000000000 -0.000027924 0.003096654 0.000057376 0.000027920 1.000000000 -0.002672932
0.999999940 -0.000171908 -0.000191790 0.003519166 0.000171905 1.000000000 -0.000015580 0.002155727 0.000191792 0.000015547 1.000000000 0.003244326
0.999999940 -0.000242583 -0.000247810 0.005665025 0.000242569 0.999999940 -0.000056455 0.001630540 0.000247824 0.000056395 0.999999940 0.001814252
0.999999940 -0.000249390 -0.000191176 0.007324030 0.000249402 0.999999940 0.000061767 -0.000341302 0.000191160 -0.000061815 1.000000000 0.001550553
1.000000000 -0.000045756 -0.000119815 0.001436518 0.000045773 1.000000000 0.000138156 0.001804985 0.000119809 -0.000138162 1.000000000 -0.010081071
0.999999940 -0.000257276 -0.000238377 0.002137134 0.000257281 0.999999940 0.000020546 -0.000292659 0.000238371 -0.000020607 1.000000000 -0.004375379
0.999999940 -0.000213798 -0.000256308 0.008043746 0.000213649 0.999999821 -0.000581125 -0.003744302 0.000256432 0.000581070 0.999999821 0.047791939
0.999999940 -0.000095074 -0.000249747 0.007029440 0.000094747 0.999999166 -0.001309661 -0.002659148 0.000249872 0.001309637 0.999999106 0.145403281
1.000000000 0.000000028 -0.000160640 0.006189578 -0.000000255 0.999998987 -0.001412864 -0.010414697 0.000160640 0.001412864 0.999998987 0.264182478
1.000000000 -0.000149148 -0.000045310 0.005316494 0.000149094 0.999999285 -0.001184474 -0.016702589 0.000045486 0.001184468 0.999999285 0.384035170
0.999999940 -0.000131482 -0.000362593 0.011960718 0.000131087 0.999999404 -0.001087919 -0.020508805 0.000362735 0.001087871 0.999999344 0.548000276
0.999999940 -0.000258380 -0.000174622 0.012860741 0.000258184 0.999999344 -0.001118367 -0.026491206 0.000174911 0.001118322 0.999999344 0.693617344
0.999999940 -0.000302961 0.000032729 0.023934113 0.000302990 0.999999523 -0.000904877 -0.025892841 -0.000032454 0.000904887 0.999999583 0.863496304
1.000000000 -0.000097616 -0.000031803 0.016963702 0.000097592 0.999999702 -0.000735137 -0.032465462 0.000031874 0.000735134 0.999999702 1.034912229
0.999999940 0.000091495 0.000327161 0.015128712 -0.000091237 0.999999702 -0.000789125 -0.031461023 -0.000327233 0.000789095 0.999999642 1.212424278
0.999999940 -0.000390191 -0.000015994 0.033642065 0.000390182 0.999999762 -0.000545547 -0.042871621 0.000016207 0.000545540 0.999999881 1.418143034
0.999999821 -0.000044500 -0.000603625 0.048340891 0.000044258 0.999999940 -0.000400611 -0.056105249 0.000603643 0.000400584 0.999999762 1.622544289
0.999999821 -0.000597309 -0.000233015 0.043897294 0.000597272 0.999999821 -0.000158882 -0.056569323 0.000233109 0.000158743 0.999999940 1.785265803
0.999997199 0.000464893 0.002319718 -0.007382745 -0.000468048 0.999998987 0.001359651 -0.082336619 -0.002319084 -0.001360733 0.999996364 1.815092802
0.999997556 0.000082840 0.002184818 0.004357615 -0.000085670 0.999999106 0.001295467 -0.088660166 -0.002184709 -0.001295651 0.999996781 2.039747953
0.999996006 0.001020375 0.002645960 0.001256200 -0.001023309 0.999998868 0.001107830 -0.090981498 -0.002644827 -0.001110533 0.999995887 2.239999771
0.999995828 0.001116611 0.002669607 0.009161081 -0.001119385 0.999998748 0.001037701 -0.099148832 -0.002668445 -0.001040685 0.999995887 2.476334095
0.999994934 0.001001548 0.003024009 0.009155812 -0.001005329 0.999998629 0.001248975 -0.104360662 -0.003022754 -0.001252009 0.999994695 2.703299522
0.999995470 0.001065933 0.002836946 0.024749476 -0.001069652 0.999998510 0.001309934 -0.107763603 -0.002835546 -0.001312963 0.999995172 2.920958996
0.999995053 0.000671034 0.003065089 0.016752178 -0.000676043 0.999998450 0.001633387 -0.124863550 -0.003063988 -0.001635451 0.999993980 3.136147499
0.999995351 0.000585273 0.002973626 0.028596641 -0.000590680 0.999998152 0.001817987 -0.132758841 -0.002972557 -0.001819736 0.999993920 3.394694090
0.999994695 0.001082877 0.003062020 0.032565676 -0.001088081 0.999997973 0.001698132 -0.136256352 -0.003060175 -0.001701455 0.999993861 3.650578022
0.999995291 0.000602627 0.002983474 0.038593438 -0.000607937 0.999998271 0.001779111 -0.146730140 -0.002982396 -0.001780916 0.999993920 3.912814856
0.999994338 0.001303036 0.003094820 0.047566790 -0.001309219 0.999997199 0.001996683 -0.146762028 -0.003092210 -0.002000724 0.999993205 4.162566662
0.999990225 0.001894133 0.004001168 0.028072307 -0.001901426 0.999996543 0.001819851 -0.160042882 -0.003997707 -0.001827441 0.999990344 4.403105259
0.999990225 0.001754610 0.004068322 0.035439692 -0.001763437 0.999996066 0.002166982 -0.169185296 -0.004064504 -0.002174135 0.999989450 4.657164574
0.999988854 0.002064843 0.004249725 0.043601733 -0.002073046 0.999996006 0.001926521 -0.174624860 -0.004245730 -0.001935310 0.999989152 4.921327591
0.999991655 0.001257461 0.003904926 0.055510253 -0.001266846 0.999996305 0.002401640 -0.182834387 -0.003901892 -0.002406567 0.999989569 5.180171490
0.999991655 0.001135319 0.003926529 0.046192467 -0.001145432 0.999995947 0.002574274 -0.214327574 -0.003923591 -0.002578750 0.999988973 5.457276344
0.999993205 0.000685224 0.003617598 0.057451177 -0.000695022 0.999996006 0.002707886 -0.221247733 -0.003615729 -0.002710382 0.999989808 5.722263336
0.999992490 0.000874867 0.003761251 0.064427525 -0.000885516 0.999995589 0.002830479 -0.233232915 -0.003758758 -0.002833788 0.999988914 5.997643471
0.999990344 0.001195091 0.004235066 0.062318958 -0.001207000 0.999995291 0.002810651 -0.239961803 -0.004231687 -0.002815736 0.999987066 6.288521767
0.999991477 0.001258959 0.003938533 0.071079664 -0.001270378 0.999994934 0.002898099 -0.252209604 -0.003934866 -0.002903078 0.999988019 6.584203720
0.999991000 0.001067707 0.004100187 0.087147966 -0.001078383 0.999995947 0.002602479 -0.250498205 -0.004097392 -0.002606877 0.999988198 6.875825405
0.999993145 0.000421193 0.003684849 0.108238652 -0.000432264 0.999995351 0.003004091 -0.270549119 -0.003683567 -0.003005663 0.999988675 7.127708912
0.999997020 -0.000958382 0.002218724 0.115171097 0.000951409 0.999994576 0.003141710 -0.300662190 -0.002221723 -0.003139589 0.999992609 7.682071209
0.999996781 -0.000726835 0.002420466 0.126102641 0.000718522 0.999993920 0.003433670 -0.310905963 -0.002422947 -0.003431920 0.999991179 8.005146980
0.999996185 -0.001419294 0.002363801 0.124561146 0.001410953 0.999992847 0.003526578 -0.318642080 -0.002368789 -0.003523229 0.999990940 8.326299667
0.999996245 -0.001668450 0.002184410 0.143603310 0.001660181 0.999991536 0.003781967 -0.325268567 -0.002190702 -0.003778327 0.999990463 8.654423714
0.999996126 -0.001788180 0.002149888 0.146795332 0.001780543 0.999992251 0.003549061 -0.329638571 -0.002156218 -0.003545219 0.999991417 8.952354431
0.999996483 -0.001339867 0.002291035 0.154098839 0.001331036 0.999991715 0.003852019 -0.346781164 -0.002296177 -0.003848956 0.999989986 9.314648628
0.999994159 -0.003249513 0.001066065 0.157086074 0.003245471 0.999987543 0.003772100 -0.368721515 -0.001078309 -0.003768618 0.999992251 9.814132690
0.999993861 -0.003374244 0.000975642 0.166998610 0.003370671 0.999987602 0.003640644 -0.377979964 -0.000987914 -0.003637333 0.999992907 10.159937859
0.999994516 -0.003005258 0.001380007 0.161004305 0.003000190 0.999988794 0.003659788 -0.391074538 -0.001390990 -0.003655628 0.999992311 10.533965111
0.999993503 -0.003469325 0.000973971 0.172281072 0.003465460 0.999986172 0.003942040 -0.399081618 -0.000987634 -0.003938639 0.999991715 10.893062592
0.999992371 -0.003730044 0.001142732 0.190284148 0.003725172 0.999984086 0.004236593 -0.403584212 -0.001158517 -0.004232304 0.999990344 11.244970322
0.999991655 -0.003991272 0.000902795 0.165804654 0.003986778 0.999979854 0.004926819 -0.458238751 -0.000922441 -0.004923178 0.999987423 11.772210121
0.999988019 -0.004860230 0.000663354 0.180559754 0.004857147 0.999977827 0.004571925 -0.461878657 -0.000685559 -0.004568649 0.999989331 12.161978722
0.999992073 -0.003868967 0.000933540 0.181585744 0.003864471 0.999981165 0.004769217 -0.474419862 -0.000951975 -0.004765572 0.999988258 12.526912689
0.999992788 -0.003626822 0.001093736 0.190736085 0.003620876 0.999978960 0.005389151 -0.485367477 -0.001113259 -0.005385153 0.999984920 12.893821716
0.999990284 -0.004380655 0.000567361 0.198670015 0.004377568 0.999976218 0.005332021 -0.501294255 -0.000590706 -0.005329486 0.999985635 13.309306145
0.999990463 -0.004294432 0.000826972 0.206624612 0.004289860 0.999975979 0.005452782 -0.512384892 -0.000850369 -0.005449182 0.999984860 13.702074051
0.999993265 -0.003435799 0.001280687 0.222083747 0.003428797 0.999979436 0.005429783 -0.531639218 -0.001299316 -0.005425355 0.999984443 14.098655701
0.999993742 -0.002964282 0.001927358 0.213918239 0.002952178 0.999976099 0.006252912 -0.572021961 -0.001945848 -0.006247182 0.999978602 14.668514252
0.999989927 -0.004223527 0.001554022 0.228310496 0.004213765 0.999971747 0.006232319 -0.584872782 -0.001580301 -0.006225709 0.999979377 15.105689049
0.999990761 -0.003685640 0.002208157 0.233958885 0.003671963 0.999974251 0.006166386 -0.584145486 -0.002230827 -0.006158222 0.999978542 15.558094025
0.999989629 -0.003694249 0.002656264 0.246698737 0.003677822 0.999974310 0.006162840 -0.598966599 -0.002678963 -0.006153008 0.999977469 15.967631340
0.999988556 -0.004054921 0.002530581 0.277797550 0.004038340 0.999970615 0.006522981 -0.608464301 -0.002556956 -0.006512688 0.999975502 16.388746262
0.999991119 -0.002963964 0.002971571 0.260991305 0.002943541 0.999972165 0.006853743 -0.648477554 -0.002991803 -0.006844935 0.999972105 16.973310471
0.999991179 -0.002921028 0.003022367 0.274880588 0.002902470 0.999976993 0.006126547 -0.649542451 -0.003040194 -0.006117720 0.999976695 17.441537857
0.999988019 -0.002671118 0.004096379 0.280376703 0.002645179 0.999976456 0.006324538 -0.661949992 -0.004113176 -0.006313626 0.999971628 17.884941101
0.999988914 -0.002951330 0.003676529 0.295630187 0.002926209 0.999972463 0.006819693 -0.676721811 -0.003696555 -0.006808858 0.999970019 18.351615906
0.999986529 -0.003498070 0.003842883 0.313576132 0.003469723 0.999966919 0.007358615 -0.674389362 -0.003868497 -0.007345180 0.999965608 18.842245102
0.999984562 -0.003244381 0.004513839 0.316382170 0.003212400 0.999969780 0.007074574 -0.686133325 -0.004536655 -0.007059965 0.999964833 19.333974838
0.999983907 -0.003816214 0.004180649 0.314375103 0.003785283 0.999965608 0.007381789 -0.721804500 -0.004208675 -0.007365846 0.999963939 19.840772629
0.999979496 -0.004816889 0.004214814 0.328927100 0.004784811 0.999959767 0.007588243 -0.733305216 -0.004251196 -0.007567921 0.999962270 20.316095352
0.999984860 -0.003150572 0.004509004 0.336808085 0.003115850 0.999965608 0.007687060 -0.745797753 -0.004533067 -0.007672895 0.999960244 20.812728882
0.999983609 -0.003621139 0.004436423 0.341138363 0.003586073 0.999962568 0.007886669 -0.753153384 -0.004464815 -0.007870629 0.999959052 21.343852997
0.999986112 -0.002245144 0.004759357 0.359766930 0.002205261 0.999962509 0.008368555 -0.782361805 -0.004777967 -0.008357944 0.999953628 21.814283371
0.999986351 -0.003727498 0.003659527 0.342225105 0.003699133 0.999963284 0.007727610 -0.781346321 -0.003688198 -0.007713968 0.999963462 22.366601944
0.999985814 -0.004305658 0.003145601 0.357628584 0.004282297 0.999963462 0.007395993 -0.786293089 -0.003177331 -0.007382417 0.999967813 22.886070251
0.999987066 -0.003931884 0.003210358 0.351175666 0.003904869 0.999957204 0.008378045 -0.811286330 -0.003243162 -0.008365401 0.999959826 23.410968781
0.999987900 -0.004080304 0.002722783 0.349370331 0.004057273 0.999956369 0.008411116 -0.819023132 -0.002756984 -0.008399968 0.999961019 23.933275223
0.999985337 -0.005158448 0.001616426 0.357189447 0.005144162 0.999948740 0.008720562 -0.855596364 -0.001661327 -0.008712118 0.999960661 24.533315659
0.999980032 -0.006249291 0.000905385 0.362058848 0.006241232 0.999943137 0.008645480 -0.870629430 -0.000959361 -0.008639655 0.999962151 25.073322296
0.999986589 -0.005173812 0.000310692 0.365956098 0.005170851 0.999947250 0.008876584 -0.883222640 -0.000356601 -0.008874858 0.999960601 25.599369049
0.999987841 -0.004935155 -0.000131618 0.373435020 0.004936102 0.999951065 0.008571592 -0.890051842 0.000089309 -0.008572138 0.999963284 26.141706467
0.999985397 -0.005381416 -0.000518185 0.378075689 0.005385496 0.999951661 0.008224278 -0.891251922 0.000473902 -0.008226949 0.999966025 26.688861847
0.999987841 -0.004900245 -0.000609840 0.387253016 0.004905101 0.999954104 0.008231835 -0.905354679 0.000569474 -0.008234725 0.999965966 27.229785919
0.999971867 -0.007151633 -0.002270235 0.423406422 0.007172931 0.999929011 0.009516100 -0.911647439 0.002202018 -0.009532119 0.999952137 27.779325485
0.999978602 -0.006271997 -0.001849780 0.385696709 0.006290353 0.999929309 0.010089982 -0.972456217 0.001786365 -0.010101403 0.999947369 28.330247879
0.999972999 -0.006849205 -0.002669964 0.403874904 0.006875708 0.999925852 0.010046465 -0.989859819 0.002600956 -0.010064553 0.999945939 28.876686096
0.999978900 -0.006036850 -0.002407014 0.407357484 0.006060705 0.999931395 0.010029222 -0.993708372 0.002346304 -0.010043598 0.999946833 29.434642792
0.999977708 -0.006051525 -0.002812999 0.418150991 0.006077841 0.999936938 0.009442261 -0.994828224 0.002755682 -0.009459147 0.999951482 29.978492737
0.999968708 -0.006976256 -0.003717268 0.437578440 0.007015567 0.999918461 0.010669267 -1.017966151 0.003642533 -0.010695014 0.999936163 30.513704300
0.999970317 -0.006536082 -0.004079549 0.412869334 0.006580826 0.999917209 0.011052352 -1.037464857 0.004006973 -0.011078871 0.999930620 30.968914032
0.999972105 -0.006251237 -0.004089009 0.427645653 0.006295251 0.999921381 0.010841019 -1.049346089 0.004020918 -0.010866460 0.999932885 31.508792877
0.999973774 -0.006200830 -0.003731997 0.427555978 0.006244877 0.999909580 0.011909334 -1.070695877 0.003657812 -0.011932326 0.999922097 32.069652557
0.999969006 -0.006522534 -0.004408679 0.415889204 0.006576526 0.999902129 0.012345099 -1.103168011 0.004327726 -0.012373712 0.999913990 32.537090302
0.999964833 -0.007006489 -0.004603586 0.426003069 0.007062128 0.999900877 0.012183108 -1.115790367 0.004517769 -0.012215191 0.999915123 33.059173584
0.999964476 -0.007106956 -0.004526041 0.424793959 0.007163381 0.999895275 0.012574954 -1.119451761 0.004436197 -0.012606929 0.999910712 33.589008331
0.999971330 -0.006168584 -0.004395700 0.406863749 0.006223136 0.999902427 0.012506405 -1.148233175 0.004318124 -0.012533399 0.999912143 34.079578400
0.999960482 -0.007449683 -0.004847111 0.414101213 0.007512063 0.999887526 0.012981205 -1.151834249 0.004749860 -0.013017105 0.999903977 34.716667175
0.999963224 -0.006818944 -0.005191685 0.427231431 0.006889414 0.999882698 0.013678837 -1.188502312 0.005097801 -0.013714102 0.999892950 35.198387146
0.999963403 -0.006734170 -0.005266888 0.426002800 0.006807551 0.999878287 0.014041007 -1.196687937 0.005171692 -0.014076348 0.999887466 35.712265015
0.999959826 -0.006798736 -0.005845632 0.440475106 0.006882664 0.999871790 0.014459250 -1.213625669 0.005746577 -0.014498903 0.999878347 36.249740601
0.999965072 -0.006234877 -0.005580604 0.442073226 0.006311000 0.999885738 0.013728604 -1.227426410 0.005494371 -0.013763342 0.999890208 36.809150696
0.999964058 -0.006665763 -0.005230316 0.417257905 0.006740304 0.999874055 0.014366041 -1.247371793 0.005133897 -0.014400782 0.999883056 37.331127167
0.999960423 -0.006830669 -0.005708146 0.427348137 0.006911638 0.999873936 0.014287692 -1.257758141 0.005609833 -0.014326579 0.999881625 37.886520386
0.999953866 -0.007598864 -0.005878538 0.430936158 0.007683641 0.999864757 0.014535843 -1.267174363 0.005767288 -0.014580343 0.999877036 38.414886475
0.999957800 -0.007102411 -0.005827719 0.434483945 0.007187387 0.999866128 0.014692389 -1.283423185 0.005722589 -0.014733657 0.999875069 38.960468292
0.999946177 -0.008570135 -0.005847619 0.442522585 0.008658992 0.999844670 0.015343139 -1.294666290 0.005715219 -0.015392949 0.999865174 39.511230469
0.999942243 -0.008900028 -0.006020788 0.438091815 0.008994043 0.999835014 0.015772566 -1.325198889 0.005879419 -0.015825808 0.999857545 40.056610107
0.999949455 -0.007749564 -0.006406277 0.452499032 0.007847075 0.999851584 0.015338926 -1.334428072 0.006286457 -0.015388424 0.999861777 40.564434052
0.999952674 -0.007773313 -0.005856843 0.449308574 0.007862710 0.999850571 0.015398656 -1.351579547 0.005736269 -0.015443980 0.999864280 41.088752747
0.999952018 -0.007398849 -0.006418817 0.471943051 0.007497941 0.999850929 0.015553561 -1.361941218 0.006302782 -0.015600944 0.999858379 41.648635864
0.999955356 -0.007042260 -0.006308137 0.480094671 0.007132976 0.999869764 0.014475487 -1.353310704 0.006205374 -0.014519835 0.999875307 42.231563568
0.999970555 -0.005649739 -0.005215765 0.461247593 0.005725461 0.999876738 0.014618862 -1.361644030 0.005132529 -0.014648295 0.999879479 42.734470367
0.999953389 -0.006852944 -0.006802761 0.509894371 0.006958278 0.999854386 0.015583022 -1.388863564 0.006694982 -0.015629631 0.999855459 43.326217651
0.999947667 -0.007788959 -0.006641368 0.498142928 0.007899878 0.999826968 0.016841741 -1.403987288 0.006509039 -0.016893325 0.999836087 43.810260773
0.999961257 -0.006013349 -0.006426538 0.511605263 0.006114259 0.999856472 0.015799673 -1.415481806 0.006330607 -0.015838355 0.999854445 44.363029480
0.999951541 -0.007061879 -0.006852456 0.507674575 0.007177551 0.999829590 0.017005092 -1.454308271 0.006731201 -0.017053450 0.999831915 44.814559937
0.999949276 -0.007349159 -0.006884546 0.517988861 0.007462972 0.999833405 0.016654469 -1.452838778 0.006761002 -0.016705003 0.999837577 45.369464874
0.999945998 -0.007588021 -0.007110494 0.530662060 0.007705813 0.999831021 0.016687537 -1.460708499 0.006982667 -0.016741427 0.999835432 45.916629791
0.999937475 -0.007967676 -0.007849897 0.566924334 0.008097254 0.999829113 0.016615845 -1.449434042 0.007716167 -0.016678365 0.999831080 46.468574524
0.999928772 -0.008776305 -0.008092859 0.581911564 0.008908214 0.999825716 0.016410111 -1.459808826 0.007947427 -0.016481034 0.999832571 46.990818024
0.999958575 -0.006178949 -0.006670836 0.555275261 0.006293246 0.999831319 0.017250903 -1.498588562 0.006563118 -0.017292172 0.999828875 47.414360046
0.999957323 -0.005939985 -0.007059177 0.566954851 0.006059884 0.999835610 0.017086649 -1.501543999 0.006956523 -0.017128700 0.999828994 47.958442688
0.999953926 -0.006419023 -0.007135834 0.570841670 0.006539461 0.999834299 0.016984513 -1.507046103 0.007025628 -0.017030399 0.999830246 48.514801025
0.999959171 -0.006572012 -0.006195021 0.554547787 0.006678465 0.999827564 0.017322378 -1.518506289 0.006080111 -0.017363047 0.999830782 49.048034668
0.999976397 -0.004536447 -0.005149913 0.542929530 0.004627042 0.999832273 0.017718293 -1.536584020 0.005068672 -0.017741708 0.999829769 49.596637726
0.999961257 -0.005789115 -0.006629106 0.588709474 0.005905562 0.999826133 0.017683148 -1.538374424 0.006525583 -0.017721612 0.999821603 49.970157623
0.999955297 -0.006178145 -0.007161746 0.599318922 0.006305670 0.999819458 0.017922768 -1.546273112 0.007049724 -0.017967129 0.999813676 50.515098572
0.999969840 -0.004751365 -0.006146109 0.584874034 0.004859550 0.999831378 0.017708527 -1.548784256 0.006060934 -0.017737862 0.999824226 51.062419891
0.999970198 -0.004641066 -0.006163470 0.594811320 0.004751294 0.999826849 0.017991560 -1.556523800 0.006078904 -0.018020310 0.999819100 51.598873138
0.999965131 -0.004585358 -0.006999684 0.608756065 0.004713454 0.999819696 0.018394768 -1.562025070 0.006914076 -0.018427113 0.999806285 52.009826660
0.999959052 -0.004901697 -0.007606239 0.632601738 0.005033360 0.999836147 0.017388267 -1.561298370 0.007519761 -0.017425839 0.999819815 52.541515350
0.999954581 -0.005643330 -0.007686122 0.651561320 0.005779028 0.999825716 0.017748667 -1.556249976 0.007584620 -0.017792277 0.999812961 53.091503143
0.999961972 -0.004940285 -0.007192549 0.627888501 0.005067007 0.999830365 0.017708115 -1.570087790 0.007103845 -0.017743884 0.999817312 53.618484497
0.999964297 -0.005024972 -0.006786627 0.624080420 0.005147949 0.999820590 0.018226240 -1.590955615 0.006693824 -0.018260524 0.999810874 54.015541077
0.999965310 -0.004813262 -0.006805807 0.631844401 0.004935803 0.999823928 0.018104769 -1.591453314 0.006717465 -0.018137731 0.999812961 54.580162048
0.999966264 -0.004479312 -0.006878263 0.639912724 0.004601084 0.999831080 0.017791348 -1.598887920 0.006797409 -0.017822392 0.999818087 55.129375458
0.999961376 -0.005084401 -0.007177096 0.634778261 0.005205646 0.999842346 0.016977074 -1.587395191 0.007089647 -0.017013775 0.999830127 55.598979950
0.999966562 -0.004601364 -0.006766986 0.645435274 0.004716040 0.999843776 0.017029284 -1.584766865 0.006687571 -0.017060624 0.999832094 56.154235840
0.999970853 -0.004463466 -0.006191568 0.645612538 0.004575008 0.999825299 0.018119382 -1.615442753 0.006109612 -0.018147178 0.999816656 56.514427185
0.999969363 -0.004400543 -0.006470507 0.657138824 0.004516840 0.999826550 0.018069960 -1.615846038 0.006389867 -0.018098636 0.999815762 57.042751312
0.999967456 -0.004977396 -0.006348809 0.665612102 0.005086780 0.999836862 0.017330803 -1.623834729 0.006261511 -0.017362537 0.999829531 57.614273071
0.999966741 -0.004957661 -0.006470876 0.675703526 0.005071070 0.999831676 0.017628908 -1.627603173 0.006382387 -0.017661138 0.999823570 58.189136505
0.999959767 -0.005317151 -0.007227368 0.699213147 0.005440344 0.999838352 0.017133920 -1.614208817 0.007135095 -0.017172543 0.999827027 58.721733093
0.999961436 -0.005295868 -0.007002447 0.681360483 0.005421827 0.999821603 0.018092902 -1.650544643 0.006905380 -0.018130172 0.999811769 59.045948029
0.999972939 -0.004289962 -0.005981690 0.690028667 0.004395781 0.999832094 0.017791023 -1.658643365 0.005904363 -0.017816836 0.999823868 59.594043732
0.999958694 -0.005617045 -0.007142267 0.704279900 0.005743380 0.999825180 0.017792655 -1.648303986 0.007041076 -0.017832942 0.999816179 60.140716553
0.999959409 -0.005809524 -0.006886947 0.708674788 0.005930088 0.999827206 0.017616997 -1.654085398 0.006783410 -0.017657125 0.999821007 60.676879883
0.999960303 -0.005655105 -0.006879776 0.712400377 0.005782557 0.999809325 0.018648963 -1.676231265 0.006773000 -0.018688008 0.999802411 61.041275024
0.999967992 -0.005000493 -0.006236230 0.703552067 0.005115150 0.999815643 0.018507283 -1.682494760 0.006142533 -0.018538592 0.999809265 61.593345642
0.999959946 -0.005541167 -0.007034450 0.749855459 0.005667286 0.999821246 0.018037327 -1.688143373 0.006933246 -0.018076466 0.999812603 62.099464417
0.999958098 -0.005618903 -0.007226559 0.757683277 0.005744951 0.999829650 0.017541505 -1.664160490 0.007126764 -0.017582284 0.999820054 62.618415833
0.999964058 -0.005198980 -0.006686865 0.727685452 0.005324363 0.999807715 0.018871646 -1.714216232 0.006587466 -0.018906575 0.999799490 63.085338593
0.999966025 -0.004477875 -0.006918979 0.734743595 0.004610661 0.999803126 0.019296324 -1.720858216 0.006831209 -0.019327570 0.999789894 63.631309509
0.999961138 -0.005263384 -0.007072614 0.736125350 0.005395648 0.999808371 0.018813733 -1.721715450 0.006972235 -0.018851163 0.999798000 64.182960510
0.999956787 -0.005469292 -0.007515415 0.755500078 0.005606967 0.999814510 0.018421687 -1.729496598 0.007413268 -0.018463029 0.999802053 64.728668213
0.999955416 -0.006414535 -0.006930911 0.750597477 0.006546517 0.999794364 0.019190637 -1.728200912 0.006806388 -0.019235155 0.999791801 65.089736938
0.999958634 -0.005918036 -0.006902994 0.771420240 0.006050465 0.999794960 0.019323716 -1.744582534 0.006787220 -0.019364683 0.999789357 65.606704712
0.999957204 -0.006369398 -0.006701939 0.771427035 0.006491959 0.999809086 0.018427191 -1.733872652 0.006583289 -0.018469911 0.999807656 66.169837952
0.999960542 -0.006277864 -0.006291786 0.783919334 0.006391707 0.999813199 0.018240219 -1.724591732 0.006176102 -0.018279718 0.999813735 66.704452515
0.999954045 -0.006446819 -0.007088655 0.818709254 0.006577441 0.999806106 0.018560631 -1.730016112 0.006967623 -0.018606406 0.999802589 67.226692200
0.999948382 -0.006879419 -0.007469178 0.800781250 0.007022607 0.999788761 0.019316632 -1.749017715 0.007334713 -0.019368088 0.999785483 67.610595703
0.999952316 -0.006640923 -0.007165795 0.795457959 0.006776486 0.999795318 0.019062579 -1.755967498 0.007037737 -0.019110229 0.999792576 68.177352905
0.999959409 -0.005289726 -0.007285541 0.826050401 0.005430659 0.999795794 0.019462239 -1.778895259 0.007181104 -0.019501014 0.999784052 68.671104431
0.999955058 -0.006015877 -0.007324980 0.839060426 0.006153713 0.999801695 0.018942483 -1.773110509 0.007209570 -0.018986706 0.999793768 69.221794128
0.999956250 -0.006180170 -0.007017334 0.842200279 0.006308856 0.999809563 0.018466761 -1.762802005 0.006901870 -0.018510226 0.999804854 69.771217346
0.999954045 -0.006294562 -0.007223293 0.857127607 0.006434591 0.999788523 0.019529175 -1.788138866 0.007098839 -0.019574754 0.999783158 70.075218201
0.999957979 -0.005959739 -0.006971526 0.861191154 0.006099436 0.999777496 0.020191569 -1.798616171 0.006849639 -0.020233240 0.999771774 70.573928833
0.999962091 -0.004888390 -0.007217197 0.878639281 0.005026599 0.999801815 0.019257562 -1.821788073 0.007121629 -0.019293107 0.999788582 71.128303528
0.999971151 -0.003285752 -0.006842484 0.918166876 0.003422686 0.999792099 0.020097442 -1.851002455 0.006775028 -0.020120282 0.999774635 71.597015381
0.999949872 -0.006612177 -0.007508062 0.897882044 0.006758709 0.999783814 0.019662011 -1.804506898 0.007376430 -0.019711770 0.999778509 72.093254089
0.999940097 -0.007510765 -0.007963322 0.905069351 0.007665355 0.999779105 0.019563181 -1.808544517 0.007814628 -0.019623049 0.999776959 72.644592285
0.999937713 -0.008127550 -0.007639922 0.913297594 0.008268832 0.999791861 0.018646566 -1.805154681 0.007486783 -0.018708583 0.999796927 73.209548950
0.999943197 -0.007417441 -0.007659032 0.924515843 0.007559019 0.999797940 0.018624619 -1.815403104 0.007519338 -0.018681455 0.999797225 73.677497864
0.999932289 -0.008177532 -0.008276363 0.920483530 0.008341900 0.999764621 0.020024110 -1.829188466 0.008110668 -0.020091798 0.999765217 74.030685425
0.999935567 -0.008105507 -0.007948255 0.932335675 0.008262948 0.999766171 0.019979516 -1.834094524 0.007784451 -0.020043906 0.999768794 74.566543579
0.999927282 -0.008652790 -0.008397993 0.961431742 0.008817970 0.999764383 0.019835526 -1.851510525 0.008224382 -0.019908139 0.999767959 75.127792358
0.999926627 -0.008916062 -0.008190526 0.916910648 0.009075611 0.999765635 0.019653656 -1.832184672 0.008013370 -0.019726548 0.999773324 75.576171875
0.999925375 -0.008678458 -0.008589221 0.919144034 0.008845854 0.999767780 0.019646807 -1.829972982 0.008416723 -0.019721320 0.999770105 76.145721436
0.999936044 -0.008257965 -0.007725100 0.889627695 0.008404720 0.999781072 0.019161493 -1.830022931 0.007565173 -0.019225191 0.999786556 76.710723877
0.999928355 -0.009146838 -0.007723253 0.886127591 0.009292990 0.999774277 0.019104626 -1.815968275 0.007546763 -0.019175028 0.999787688 77.165359497
0.999934494 -0.007797725 -0.008371515 0.918614566 0.007962361 0.999771953 0.019816561 -1.841589212 0.008215081 -0.019881921 0.999768555 77.629478455
0.999935687 -0.008211578 -0.007819969 0.924972951 0.008361167 0.999778926 0.019292405 -1.840156555 0.007659820 -0.019356549 0.999783278 78.193832397
0.999940515 -0.008346198 -0.007032458 0.930815637 0.008480793 0.999777138 0.019331731 -1.847537041 0.006869543 -0.019390224 0.999788344 78.760307312
0.999959707 -0.007494943 -0.004924738 0.906352401 0.007589857 0.999780178 0.019545611 -1.852569461 0.004777163 -0.019582203 0.999796808 79.218772888
0.999965727 -0.007542834 -0.003406894 0.909314811 0.007607730 0.999781847 0.019454880 -1.850400448 0.003259406 -0.019480133 0.999804914 79.781845093
0.999969363 -0.007412193 -0.002533127 0.903399587 0.007460078 0.999783099 0.019447725 -1.846926570 0.002388427 -0.019466024 0.999807656 80.321624756
0.999969423 -0.007806899 0.000284018 0.923473358 0.007799768 0.999774456 0.019751297 -1.872393727 -0.000438150 -0.019748475 0.999804914 80.738021851
0.999963999 -0.007694971 0.003560058 0.973407745 0.007622843 0.999773920 0.019848779 -1.857044339 -0.003711989 -0.019820930 0.999796569 81.189300537
0.999947608 -0.007846156 0.006583715 1.005844712 0.007712360 0.999768138 0.020107217 -1.871382236 -0.006739953 -0.020055383 0.999776125 81.760574341
0.999910533 -0.008522284 0.010313346 1.037962794 0.008318027 0.999771535 0.019688452 -1.866520047 -0.010478782 -0.019600907 0.999752998 82.280639648
0.999831438 -0.008284147 0.016386813 1.045043349 0.007967456 0.999781966 0.019297779 -1.863097548 -0.016543105 -0.019163966 0.999679446 82.839988708
0.999721885 -0.007623920 0.022315055 1.092477679 0.007166156 0.999763787 0.020522274 -1.883828402 -0.022466242 -0.020356657 0.999540329 83.332862854
0.999564528 -0.007938169 0.028419739 1.054704666 0.007362334 0.999766648 0.020309417 -1.892850637 -0.028574325 -0.020091338 0.999389708 83.840896606
0.999288797 -0.007938295 0.036860578 1.098339796 0.007199104 0.999771237 0.020143285 -1.891830683 -0.037012048 -0.019863604 0.999117374 84.384559631
0.998954356 -0.007086321 0.045165680 1.147490978 0.006145259 0.999761939 0.020940658 -1.916615129 -0.045303315 -0.020641210 0.998759925 84.900657654
0.998592734 -0.007456876 0.052505702 1.176534653 0.006397142 0.999773085 0.020322440 -1.904831052 -0.052645326 -0.019957954 0.998413801 85.474418640
0.998122156 -0.008318786 0.060687780 1.233134508 0.007084869 0.999764442 0.020519119 -1.911311865 -0.060844176 -0.020050623 0.997945905 86.046585083
0.997428060 -0.007754825 0.071254477 1.301826000 0.006261467 0.999756634 0.021157600 -1.937474489 -0.071401216 -0.020657027 0.997233689 86.599517822
0.996756494 -0.007843616 0.080093183 1.338041306 0.006179188 0.999760330 0.021007888 -1.958608150 -0.080238760 -0.020444840 0.996565998 87.122558594
0.996064365 -0.007468421 0.088317655 1.404675961 0.005613217 0.999758780 0.021235771 -1.965068817 -0.088454947 -0.020656450 0.995866001 87.676116943
0.995056570 -0.006658121 0.099086523 1.488531590 0.004530337 0.999754667 0.021683527 -1.974074483 -0.099206589 -0.021127442 0.994842470 88.195350647
0.994002640 -0.007609846 0.109091215 1.589447021 0.005287537 0.999753594 0.021561269 -1.987517357 -0.109228417 -0.020855132 0.993797839 88.702079773
0.993042469 -0.008726533 0.117432989 1.686740875 0.006187744 0.999739528 0.021966288 -2.002575397 -0.117594108 -0.021086810 0.992837846 89.163543701
0.991477191 -0.007392379 0.130069882 1.670524597 0.004686509 0.999766588 0.021097006 -1.921217680 -0.130195454 -0.020307627 0.991280377 89.805419922
0.989743292 -0.007143014 0.142678484 1.765148163 0.004144179 0.999764502 0.021304246 -1.926756978 -0.142797083 -0.020494454 0.989539802 90.352218628
0.988264143 -0.008570882 0.152513713 1.889255524 0.005471175 0.999770045 0.020732207 -1.924191117 -0.152656317 -0.019654471 0.988083959 90.890312195
0.986657500 -0.007416395 0.162640721 1.986833572 0.003985911 0.999762833 0.021408582 -1.937471032 -0.162760913 -0.020474670 0.986453056 91.431785583
0.984514296 -0.007646983 0.175137341 2.099491119 0.003921694 0.999758899 0.021606902 -1.940948009 -0.175260320 -0.020585470 0.984306931 91.943206787
0.982302487 -0.008864692 0.187091276 2.227643967 0.004950773 0.999759257 0.021376733 -1.932927728 -0.187235728 -0.020072177 0.982109845 92.492355347
0.980311871 -0.009979090 0.197203189 2.364890099 0.005906396 0.999757230 0.021229660 -1.937180758 -0.197367162 -0.019646928 0.980132699 93.022682190
0.977474570 -0.009273238 0.210849375 2.494091034 0.004789530 0.999751627 0.021765733 -1.940241337 -0.210998818 -0.020265583 0.977276206 93.558700562
0.974341750 -0.009100035 0.224889889 2.635242462 0.004312789 0.999753773 0.021769164 -1.934489727 -0.225032598 -0.020240698 0.974141002 94.072708130
0.971689343 -0.009987354 0.236051112 2.789720535 0.004947211 0.999747217 0.021934556 -1.958840847 -0.236210525 -0.020145779 0.971493065 94.605323792
0.968232870 -0.008129948 0.249917820 2.909896851 0.002746433 0.999756694 0.021882335 -1.935197592 -0.250034899 -0.020500809 0.968019783 95.255142212
0.964506865 -0.007735499 0.263944417 3.071653366 0.001951874 0.999752343 0.022167500 -1.944225073 -0.264050543 -0.020865522 0.964283168 95.773307800
0.961007178 -0.008504728 0.276392639 3.252666473 0.002605882 0.999760985 0.021702556 -1.937268257 -0.276511163 -0.020136064 0.960799754 96.310890198
0.957996309 -0.010369193 0.286592871 3.458845139 0.004233442 0.999748468 0.022020658 -1.950264931 -0.286749154 -0.019882435 0.957799435 96.832672119
0.953450918 -0.010238849 0.301374048 3.649267197 0.003621013 0.999740005 0.022509329 -1.959926844 -0.301526189 -0.020370265 0.953240335 97.355209351
0.948707521 -0.008186981 0.316049069 3.788288116 0.001130047 0.999746025 0.022505425 -1.940272331 -0.316153020 -0.020993918 0.948475897 97.885330200
0.944885850 -0.008978981 0.327276647 4.000347137 0.001951538 0.999760628 0.021794556 -1.934004545 -0.327394068 -0.019954678 0.944677174 98.408004761
0.940277159 -0.008686594 0.340298742 4.198482513 0.001240582 0.999755204 0.022092273 -1.939329863 -0.340407401 -0.020350698 0.940057755 98.918907166
0.935329556 -0.009187669 0.353658378 4.419246674 0.001283052 0.999744236 0.022578973 -1.958317518 -0.353775442 -0.020665020 0.935102105 99.422889709
0.930309534 -0.009723297 0.366646588 4.636566162 0.001364129 0.999733329 0.023051199 -1.973065376 -0.366772950 -0.020944599 0.930074751 99.987899780
0.926075757 -0.011455528 0.377163678 4.882499695 0.003541528 0.999758899 0.021669753 -1.948304176 -0.377320945 -0.018732099 0.925893128 100.463150024
0.919955075 -0.010063936 0.391894698 5.108757019 0.001283648 0.999742389 0.022660291 -1.943625689 -0.392021745 -0.020343389 0.919730961 100.970085144
0.914235234 -0.009877040 0.405063331 5.353618622 0.000840147 0.999746859 0.022481544 -1.947569132 -0.405182838 -0.020213103 0.914012194 101.466659546
0.909195483 -0.010408138 0.416239500 5.593955994 0.000781551 0.999728322 0.023291230 -1.951142550 -0.416368812 -0.020850966 0.908956647 101.968345642
0.903738916 -0.009998073 0.427967519 5.867282867 0.000251630 0.999739408 0.022824304 -1.946367025 -0.428084195 -0.020519521 0.903505862 102.486389160
0.896960020 -0.010482492 0.441987455 6.116897583 0.000497545 0.999742091 0.022700896 -1.961970091 -0.442111462 -0.020141885 0.896733940 102.964042664
0.891058922 -0.011117712 0.453751415 6.373554230 0.000666424 0.999730885 0.023186482 -1.955874205 -0.453887016 -0.020358136 0.890826643 103.455596924
0.885402262 -0.011987554 0.464670837 6.650177002 0.001284641 0.999726713 0.023343090 -1.960880756 -0.464823633 -0.020071091 0.885175765 103.925430298
0.877861142 -0.011594731 0.478774965 6.929199219 0.000570051 0.999731541 0.023165768 -1.958759546 -0.478915006 -0.020063406 0.877631962 104.419441223
0.870678008 -0.011295257 0.491723657 7.235015869 0.000210142 0.999744773 0.022592785 -1.950623035 -0.491853267 -0.019567713 0.870458186 104.918060303
0.865024328 -0.012344991 0.501577973 7.515247345 0.001013450 0.999738157 0.022858063 -1.962171555 -0.501728833 -0.019264458 0.864810467 105.337516785
0.857731760 -0.012062985 0.513955891 7.839500427 -0.000272728 0.999713898 0.023919292 -2.003826141 -0.514097393 -0.020656511 0.857483029 105.784729004
