1.000000000 0.000000000 0.000000000 0.000000000 0.000000000 1.000000000 0.000000000 0.000000000 0.000000000 0.000000000 1.000000000 0.000000000
1.000000000 0.000052709 -0.000101734 0.003098898 -0.000052700 1.000000000 0.000084808 -0.001683128 0.000101739 -0.000084802 1.000000000 -0.001647804
1.000000000 0.000119243 0.000014353 0.000153423 -0.000119243 1.000000000 0.000026475 -0.001000011 -0.000014350 -0.000026476 1.000000000 -0.003010291
1.000000000 -0.000086671 -0.000114304 0.006551192 0.000086679 1.000000000 0.000074306 -0.001984342 0.000114297 -0.000074316 1.000000000 -0.002391696
1.000000000 -0.000094746 -0.000143598 0.004055231 0.000094755 1.000000000 0.000065598 -0.001322160 0.000143592 -0.000065612 1.000000000 -0.002611199
1.000000000 -0.000008835 0.000009850 -0.000024685 0.000008835 1.000000000 -0.000040483 -0.000609900 -0.000009849 0.000040483 1.000000000 -0.001751130
1.000000000 -0.000082690 -0.000100680 0.003523970 0.000082700 1.000000000 0.000103433 -0.001673797 0.000100671 -0.000103441 1.000000000 -0.004792727
1.000000000 -0.000056659 0.000006301 -0.001294672 0.000056659 1.000000000 0.000063382 0.000191392 -0.000006305 -0.000063381 1.000000000 0.002841756
1.000000000 0.000069324 -0.000048672 0.002362114 -0.000069323 1.000000000 0.000030246 -0.002838562 0.000048675 -0.000030243 1.000000000 -0.006782824
1.000000000 -0.000032672 0.000000445 0.001310774 0.000032672 1.000000000 0.000106009 -0.001228421 -0.000000449 -0.000106009 1.000000000 -0.005586733
1.000000000 0.000054739 0.000054814 -0.000315456 -0.000054740 1.000000000 0.000014371 -0.000196475 -0.000054814 -0.000014374 1.000000000 -0.002049859
1.000000000 -0.000101502 -0.000060250 0.001893119 0.000101502 1.000000000 0.000007188 -0.001792725 0.000060249 -0.000007194 1.000000000 -0.005263372
1.000000000 -0.000033925 0.000056165 0.000538666 0.000033924 1.000000000 0.000021205 -0.000983351 -0.000056166 -0.000021203 1.000000000 -0.003687966
1.000000000 0.000045744 0.000002016 0.001242299 -0.000045744 1.000000000 0.000084495 -0.002225343 -0.000002013 -0.000084495 1.000000000 -0.006394595
1.000000000 -0.000114184 -0.000067023 0.001411785 0.000114189 1.000000000 0.000080214 -0.001767623 0.000067014 -0.000080221 1.000000000 -0.006492800
1.000000000 -0.000110088 -0.000094571 -0.000454989 0.000110096 1.000000000 0.000079595 -0.001977192 0.000094562 -0.000079605 1.000000000 -0.005170396
1.000000000 -0.000149851 0.000005493 0.000551479 0.000149850 1.000000000 0.000084718 -0.001410008 -0.000005506 -0.000084717 1.000000000 -0.007503107
1.000000000 0.000055181 -0.000024786 0.002052856 -0.000055177 1.000000000 0.000141835 -0.003285314 0.000024794 -0.000141833 1.000000000 -0.010005164
0.999999940 -0.000266795 -0.000019130 0.002626664 0.000266797 0.999999940 0.000122112 -0.003400155 0.000019097 -0.000122117 1.000000000 -0.008374047
1.000000000 -0.000054530 -0.000004792 0.000859602 0.000054530 1.000000000 0.000046366 -0.003173198 0.000004790 -0.000046366 1.000000000 -0.005598953
1.000000000 -0.000027051 -0.000058432 0.003254794 0.000027062 1.000000000 0.000188223 -0.005066361 0.000058427 -0.000188225 1.000000000 -0.008333972
1.000000000 0.000069857 0.000024042 0.000289190 -0.000069859 1.000000000 0.000092468 0.000007475 -0.000024036 -0.000092469 1.000000000 -0.004239669
1.000000000 -0.000116361 -0.000140078 0.005012593 0.000116391 1.000000000 0.000214246 -0.002796343 0.000140053 -0.000214262 0.999999940 -0.013235279
1.000000000 -0.000172534 -0.000061211 0.000701274 0.000172547 0.999999940 0.000210781 -0.002657682 0.000061175 -0.000210792 1.000000000 -0.006741563
1.000000000 -0.000000751 -0.000094648 0.004808678 0.000000764 1.000000000 0.000142933 -0.002209286 0.000094648 -0.000142933 1.000000000 -0.011648553
1.000000000 -0.000102575 -0.000038781 0.001179044 0.000102583 1.000000000 0.000217787 -0.003316653 0.000038758 -0.000217791 1.000000000 -0.011432282
1.000000000 0.000005447 -0.000085265 0.001601417 -0.000005433 1.000000000 0.000164223 -0.004363911 0.000085266 -0.000164222 1.000000000 -0.010467458
1.000000000 -0.000097340 -0.000044698 0.001311310 0.000097348 1.000000000 0.000178353 -0.003562227 0.000044681 -0.000178357 1.000000000 -0.007032417
0.999999940 -0.000257366 -0.000188441 0.002351135 0.000257392 0.999999940 0.000136896 -0.000410871 0.000188406 -0.000136944 1.000000000 -0.003933261
1.000000000 -0.000024191 -0.000021784 -0.002149696 0.000024191 1.000000000 0.000030089 0.000690451 0.000021783 -0.000030090 1.000000000 0.001721744
1.000000000 -0.000104234 -0.000005458 -0.000988811 0.000104235 1.000000000 0.000110952 -0.001010578 0.000005447 -0.000110953 1.000000000 -0.002476008
0.999999940 -0.000238187 -0.000131860 -0.001463384 0.000238205 0.999999940 0.000137835 -0.002016274 0.000131827 -0.000137866 1.000000000 -0.008816174
0.999999940 -0.000252623 -0.000175642 0.003045839 0.000252659 0.999999940 0.000203308 -0.003813826 0.000175591 -0.000203352 0.999999940 -0.008299914
1.000000000 -0.000061476 -0.000066389 0.000087711 0.000061482 1.000000000 0.000092385 -0.000701473 0.000066383 -0.000092389 1.000000000 -0.002366910
1.000000000 -0.000108251 -0.000071046 0.000813604 0.000108254 1.000000000 0.000033698 -0.001661659 0.000071042 -0.000033705 1.000000000 -0.003206360
1.000000000 -0.000134583 -0.000058582 -0.000541745 0.000134582 1.000000000 -0.000005853 -0.000343485 0.000058583 0.000005845 1.000000000 -0.005906161
1.000000000 -0.000112595 -0.000070672 0.001806328 0.000112600 1.000000000 0.000081768 -0.001155838 0.000070663 -0.000081776 1.000000000 -0.008926272
1.000000000 -0.000170614 -0.000099145 0.000828963 0.000170617 1.000000000 0.000036673 0.000388113 0.000099139 -0.000036690 1.000000000 -0.007752569
1.000000000 -0.000115803 -0.000068555 -0.000190525 0.000115814 1.000000000 0.000169159 -0.001640214 0.000068535 -0.000169167 1.000000000 -0.009171843
0.999999940 -0.000233216 -0.000168574 0.003590868 0.000233243 0.999999940 0.000157384 -0.004141074 0.000168537 -0.000157423 1.000000000 -0.008818723
1.000000000 -0.000095327 -0.000152336 0.007666848 0.000095263 0.999999881 -0.000422101 -0.008398758 0.000152376 0.000422086 0.999999881 0.044316351
0.999999940 -0.000209673 -0.000271423 0.007482009 0.000209347 0.999999285 -0.001201286 -0.006046790 0.000271675 0.001201229 0.999999225 0.141777411
1.000000000 -0.000085406 -0.000117070 0.003825183 0.000085259 0.999999225 -0.001258935 -0.013287559 0.000117177 0.001258925 0.999999225 0.260771781
0.999999940 -0.000259446 -0.000014419 0.005608938 0.000259427 0.999999106 -0.001298514 -0.017572217 0.000014755 0.001298510 0.999999166 0.390768737
1.000000000 -0.000072716 -0.000153713 0.011475875 0.000072557 0.999999464 -0.001036515 -0.023397723 0.000153788 0.001036504 0.999999464 0.533973932
1.000000000 -0.000068289 -0.000058543 0.014524979 0.000068229 0.999999464 -0.001020588 -0.026956057 0.000058613 0.001020584 0.999999464 0.689778864
0.999999940 -0.000093852 0.000269762 0.015418013 0.000094053 0.999999702 -0.000744428 -0.033619255 -0.000269692 0.000744453 0.999999702 0.858990788
0.999999940 -0.000278165 -0.000069438 0.021348827 0.000278128 0.999999821 -0.000522930 -0.042578746 0.000069583 0.000522910 0.999999881 1.024330139
0.999999940 0.000120576 0.000213951 0.020251548 -0.000120429 0.999999762 -0.000689915 -0.036943100 -0.000214034 0.000689889 0.999999762 1.188914061
0.999999940 -0.000267085 -0.000181728 0.044514365 0.000267064 0.999999940 -0.000114650 -0.056206249 0.000181759 0.000114601 1.000000000 1.401573539
1.000000000 -0.000016782 0.000233741 0.043047987 0.000016875 0.999999940 -0.000397719 -0.060737498 -0.000233734 0.000397723 0.999999881 1.598782301
0.999999881 -0.000526727 0.000028542 0.045994483 0.000526721 0.999999821 0.000202326 -0.066276290 -0.000028649 -0.000202311 1.000000000 1.814222693
0.999998093 0.001413435 0.001322621 0.024738967 -0.001413058 0.999998987 -0.000285772 -0.078459866 -0.001323024 0.000283902 0.999999106 1.897793412
0.999996364 0.001986017 0.001792329 0.025792908 -0.001985136 0.999997854 -0.000493191 -0.082398899 -0.001793304 0.000489631 0.999998331 2.127353907
0.999994755 0.002462811 0.002100973 0.026376428 -0.002461800 0.999996841 -0.000483408 -0.083002843 -0.002102156 0.000478233 0.999997735 2.329369307
0.999996841 0.001947518 0.001595431 0.038803648 -0.001946630 0.999997973 -0.000557470 -0.096314751 -0.001596513 0.000554363 0.999998569 2.563243866
0.999996126 0.001933864 0.002008331 0.041854113 -0.001932958 0.999998033 -0.000452939 -0.104746193 -0.002009204 0.000449055 0.999997854 2.794593334
0.999996483 0.001986482 0.001760355 0.050942153 -0.001985791 0.999998033 -0.000394073 -0.108929090 -0.001761134 0.000390576 0.999998331 3.049541473
0.999996305 0.001805208 0.002054093 0.053709645 -0.001804532 0.999998391 -0.000330755 -0.115697086 -0.002054687 0.000327048 0.999997854 3.278636456
0.999995708 0.001926032 0.002219002 0.049851887 -0.001925869 0.999998093 -0.000075734 -0.131708145 -0.002219144 0.000071460 0.999997497 3.503335238
0.999994993 0.002217181 0.002270165 0.058525186 -0.002217322 0.999997556 0.000059494 -0.138327524 -0.002270028 -0.000064528 0.999997437 3.754023552
0.999996305 0.001747555 0.002083206 0.065700985 -0.001747650 0.999998450 0.000043947 -0.141023517 -0.002083126 -0.000047587 0.999997854 4.029074192
0.999993503 0.002503121 0.002609466 0.063039444 -0.002504565 0.999996722 0.000550299 -0.155462369 -0.002608080 -0.000556831 0.999996424 4.287622929
0.999995887 0.001834116 0.002205146 0.063240975 -0.001835633 0.999998093 0.000686171 -0.170797348 -0.002203883 -0.000690216 0.999997258 4.526563168
0.999995172 0.001929054 0.002420453 0.072834298 -0.001930364 0.999998033 0.000539036 -0.176614121 -0.002419408 -0.000543706 0.999996901 4.793700695
0.999994218 0.002059498 0.002692472 0.071939252 -0.002060772 0.999997735 0.000470575 -0.175609991 -0.002691496 -0.000476121 0.999996185 5.056389809
0.999993622 0.002157866 0.002844088 0.062316805 -0.002159847 0.999997437 0.000693464 -0.192851022 -0.002842584 -0.000699603 0.999995708 5.326406956
0.999995112 0.001694221 0.002597661 0.079792008 -0.001696200 0.999998271 0.000759717 -0.215421289 -0.002596369 -0.000764120 0.999996305 5.565029144
0.999995589 0.001704483 0.002424449 0.086422667 -0.001706256 0.999998271 0.000729531 -0.218599394 -0.002423201 -0.000733664 0.999996841 5.845556259
0.999991417 0.002612585 0.003219129 0.085422672 -0.002614688 0.999996424 0.000649525 -0.226942852 -0.003217420 -0.000657936 0.999994576 6.135636330
0.999990225 0.002782682 0.003428276 0.084539436 -0.002784345 0.999996006 0.000480335 -0.233493462 -0.003426926 -0.000489876 0.999993980 6.412533760
0.999994516 0.001960815 0.002659242 0.102377370 -0.001962021 0.999997973 0.000450813 -0.248626366 -0.002658352 -0.000456028 0.999996364 6.680686951
0.999994636 0.001679541 0.002804589 0.113296181 -0.001681960 0.999998212 0.000860680 -0.258220106 -0.002803138 -0.000865392 0.999995708 6.980818272
0.999994397 0.002006158 0.002667274 0.120376952 -0.002008038 0.999997675 0.000702506 -0.267558783 -0.002665858 -0.000707859 0.999996245 7.276256084
0.999991119 0.002595154 0.003315441 0.124363951 -0.002598444 0.999996126 0.000988489 -0.282687157 -0.003312863 -0.000997096 0.999994040 7.578294754
0.999994516 0.001951861 0.002654964 0.134585366 -0.001954820 0.999997497 0.001112715 -0.296765059 -0.002652785 -0.001117900 0.999995828 7.898862839
0.999993742 0.002077443 0.002869171 0.142103985 -0.002079956 0.999997497 0.000873209 -0.302705556 -0.002867350 -0.000879171 0.999995470 8.213869095
0.999994636 0.001753153 0.002779427 0.153198585 -0.001755184 0.999998212 0.000728712 -0.304484993 -0.002778145 -0.000733586 0.999995887 8.548698425
0.999994695 0.001515824 0.002886449 0.148597300 -0.001518521 0.999998391 0.000932438 -0.322670102 -0.002885031 -0.000936817 0.999995410 8.852937698
0.999994159 0.001481925 0.003101792 0.155913919 -0.001484790 0.999998450 0.000921474 -0.332153678 -0.003100422 -0.000926074 0.999994755 9.202745438
0.999995351 0.001125015 0.002843036 0.175411329 -0.001126884 0.999999106 0.000655925 -0.341304958 -0.002842296 -0.000659126 0.999995708 9.552602768
0.999993026 0.001865713 0.003234040 0.163640931 -0.001868797 0.999997735 0.000950896 -0.348829478 -0.003232259 -0.000956934 0.999994338 9.900574684
0.999992967 0.001733253 0.003333833 0.182406768 -0.001736898 0.999997914 0.001090703 -0.366011113 -0.003331936 -0.001096486 0.999993801 10.212439537
0.999992728 0.001628006 0.003466176 0.194335803 -0.001631790 0.999998033 0.001088908 -0.373819590 -0.003464397 -0.001094556 0.999993443 10.577929497
0.999993145 0.001509321 0.003407330 0.197507665 -0.001513296 0.999998271 0.001164188 -0.383261740 -0.003405566 -0.001169336 0.999993503 10.958061218
0.999992490 0.001745326 0.003468039 0.208291769 -0.001749157 0.999997914 0.001101826 -0.391277850 -0.003466109 -0.001107884 0.999993384 11.353526115
0.999994814 0.001106125 0.003010394 0.228455096 -0.001109538 0.999998748 0.001132387 -0.407087475 -0.003009137 -0.001135722 0.999994814 11.705118179
0.999993324 0.001774174 0.003214799 0.233484313 -0.001776334 0.999998271 0.000669383 -0.415213168 -0.003213606 -0.000675089 0.999994576 12.096189499
0.999992728 0.001926016 0.003296880 0.245326594 -0.001929038 0.999997735 0.000913719 -0.430905670 -0.003295112 -0.000920073 0.999994159 12.481492043
0.999993563 0.001458848 0.003259251 0.262467206 -0.001462450 0.999998271 0.001103123 -0.431188345 -0.003257636 -0.001107882 0.999994040 12.875990868
0.999994636 0.001023158 0.003105728 0.261358798 -0.001027849 0.999998331 0.001509065 -0.461897999 -0.003104179 -0.001512249 0.999994040 13.250535965
0.999988914 0.002075371 0.004223383 0.264107138 -0.002081852 0.999996662 0.001530752 -0.474483520 -0.004220191 -0.001539528 0.999989927 13.663342476
0.999987006 0.002734940 0.004318561 0.276883543 -0.002742438 0.999994695 0.001731253 -0.486140400 -0.004313803 -0.001743074 0.999989152 14.090685844
0.999989748 0.001439855 0.004290822 0.288876116 -0.001447417 0.999997437 0.001759843 -0.498491883 -0.004288277 -0.001766036 0.999989271 14.517180443
0.999993026 0.000813557 0.003635248 0.318670988 -0.000821523 0.999997377 0.002190421 -0.519914091 -0.003633456 -0.002193393 0.999991000 14.911370277
0.999992847 0.000258538 0.003789589 0.332105309 -0.000268943 0.999996305 0.002745284 -0.538236380 -0.003788865 -0.002746284 0.999989092 15.333332062
0.999989569 0.001261217 0.004407333 0.342980295 -0.001271838 0.999996305 0.002407919 -0.540795326 -0.004404280 -0.002413498 0.999987364 15.819687843
0.999987602 0.001606015 0.004718232 0.352628946 -0.001617388 0.999995768 0.002407607 -0.555946052 -0.004714346 -0.002415208 0.999985933 16.245304108
0.999987245 0.001149903 0.004944968 0.360810161 -0.001161693 0.999996483 0.002382044 -0.578808129 -0.004942211 -0.002387758 0.999984920 16.604076385
0.999981701 0.001934815 0.005736573 0.375532836 -0.001949220 0.999994934 0.002506620 -0.591152608 -0.005731693 -0.002517756 0.999980330 17.070726395
0.999982953 0.001795661 0.005570558 0.391623199 -0.001811050 0.999994516 0.002758824 -0.598384321 -0.005565574 -0.002768865 0.999980628 17.523490906
0.999979854 0.001784307 0.006099308 0.398656487 -0.001803940 0.999993265 0.003214933 -0.623057902 -0.006093530 -0.003225870 0.999976158 17.975992203
0.999977231 0.002029525 0.006439699 0.415060371 -0.002048551 0.999993563 0.002949225 -0.620640218 -0.006433671 -0.002962350 0.999974906 18.476585388
0.999976575 0.001513858 0.006667385 0.424634784 -0.001532203 0.999995053 0.002747111 -0.648770988 -0.006663194 -0.002757263 0.999974012 18.919630051
0.999974549 0.001786747 0.006907744 0.440074354 -0.001808094 0.999993563 0.003085318 -0.664436221 -0.006902188 -0.003097729 0.999971449 19.394401550
0.999974787 0.002103190 0.006783087 0.450592160 -0.002120802 0.999994397 0.002590248 -0.660100400 -0.006777602 -0.002604568 0.999973655 19.873224258
0.999976397 0.001498810 0.006706338 0.453172207 -0.001519167 0.999994278 0.003031334 -0.704707444 -0.006701756 -0.003041452 0.999972939 20.390733719
0.999982953 0.000411073 0.005822957 0.499010324 -0.000426577 0.999996364 0.002661581 -0.697734833 -0.005821843 -0.002664020 0.999979496 20.823530197
0.999985456 0.000260623 0.005387812 0.507157803 -0.000273531 0.999997079 0.002395132 -0.700912178 -0.005387172 -0.002396571 0.999982595 21.331474304
0.999983907 0.000835907 0.005611053 0.513712943 -0.000852827 0.999995053 0.003013752 -0.732393503 -0.005608507 -0.003018489 0.999979675 21.827718735
0.999989450 0.000197984 0.004571105 0.539386749 -0.000210090 0.999996543 0.002647998 -0.736818671 -0.004570564 -0.002648931 0.999986053 22.318109512
0.999991894 0.000611767 0.003976315 0.546430469 -0.000624960 0.999994218 0.003317438 -0.769138157 -0.003974264 -0.003319895 0.999986529 22.800065994
0.999993443 0.000756754 0.003542463 0.550794244 -0.000771253 0.999991238 0.004093256 -0.794409752 -0.003539335 -0.004095961 0.999985337 23.329023361
0.999997258 -0.000566041 0.002264559 0.579495490 0.000559866 0.999996126 0.002726026 -0.789043903 -0.002266093 -0.002724751 0.999993742 23.828645706
0.999997616 -0.000057509 0.002151392 0.581555843 0.000050158 0.999994159 0.003416570 -0.806238532 -0.002151576 -0.003416453 0.999991834 24.347452164
0.999998629 0.000787082 0.001464118 0.588482678 -0.000791403 0.999995351 0.002953053 -0.811852455 -0.001461787 -0.002954207 0.999994516 24.884172440
0.999999523 0.000539429 0.000848981 0.600872040 -0.000542089 0.999994874 0.003136705 -0.824391246 -0.000847285 -0.003137164 0.999994695 25.420652390
1.000000000 -0.000271302 0.000163781 0.613421559 0.000270783 0.999994934 0.003163717 -0.839524269 -0.000164639 -0.003163672 0.999994934 25.965837479
0.999999940 0.000248827 0.000338592 0.617796302 -0.000250068 0.999993205 0.003671471 -0.853063464 -0.000337676 -0.003671555 0.999993145 26.496549606
1.000000000 0.000162342 0.000031053 0.629023969 -0.000162466 0.999991715 0.004051940 -0.876798689 -0.000030394 -0.004051945 0.999991715 27.022926331
0.999999523 0.000939154 -0.000474482 0.647609174 -0.000937615 0.999994278 0.003233979 -0.887762070 0.000477517 -0.003233532 0.999994755 27.575717926
0.999999166 0.000953082 -0.000943267 0.652974904 -0.000950210 0.999994934 0.003040817 -0.885005593 0.000946160 -0.003039917 0.999994993 28.135503769
0.999998987 0.001007029 -0.000979268 0.657399654 -0.001003187 0.999991834 0.003916159 -0.914753199 0.000983203 -0.003915172 0.999991775 28.640123367
0.999998808 0.000690362 -0.001377710 0.672164440 -0.000684656 0.999991179 0.004138070 -0.932137489 0.001380555 -0.004137122 0.999990463 29.181602478
0.999997437 0.001193534 -0.001897782 0.674675763 -0.001185683 0.999990761 0.004132345 -0.946756899 0.001902697 -0.004130085 0.999989688 29.726127625
0.999997497 0.001050961 -0.001953472 0.685140610 -0.001042932 0.999991059 0.004106283 -0.960016072 0.001957770 -0.004104237 0.999989688 30.277048111
0.999997497 0.001124061 -0.001933601 0.687791944 -0.001116261 0.999991238 0.004030045 -0.982694626 0.001938115 -0.004027877 0.999989927 30.788219452
0.999996722 0.001124799 -0.002283743 0.705093265 -0.001114919 0.999989986 0.004322814 -1.001698494 0.002288582 -0.004320253 0.999988019 31.326593399
0.999996066 0.001481027 -0.002377414 0.722851455 -0.001471809 0.999991417 0.003874554 -1.010079741 0.002383132 -0.003871040 0.999989629 31.893060684
0.999995530 0.001452745 -0.002618294 0.726318419 -0.001443337 0.999992490 0.003591271 -1.011824250 0.002623492 -0.003587477 0.999990106 32.401504517
0.999995053 0.001545431 -0.002746697 0.725473583 -0.001535673 0.999992490 0.003551105 -1.032997608 0.002752164 -0.003546869 0.999989927 32.936595917
0.999995470 0.001783977 -0.002428656 0.727815151 -0.001773800 0.999989629 0.004186216 -1.053195238 0.002436098 -0.004181889 0.999988258 33.478633881
0.999992847 0.002382805 -0.002936249 0.753274977 -0.002370593 0.999988616 0.004155237 -1.058486581 0.002946116 -0.004148247 0.999987006 34.029220581
0.999993742 0.000920092 -0.003424127 0.771423399 -0.000903968 0.999988437 0.004707670 -1.090472698 0.003428418 -0.004704545 0.999983072 34.531742096
0.999992132 0.000782785 -0.003889339 0.785613418 -0.000764491 0.999988556 0.004702708 -1.098670721 0.003892975 -0.004699699 0.999981463 35.071868896
0.999992371 0.001395588 -0.003671346 0.789557159 -0.001377921 0.999987423 0.004810093 -1.122841001 0.003678012 -0.004804997 0.999981701 35.599758148
0.999990880 0.002157324 -0.003706711 0.809633255 -0.002139472 0.999986112 0.004813065 -1.139953852 0.003717043 -0.004805091 0.999981523 36.210826874
0.999992490 0.001319450 -0.003644290 0.795144916 -0.001302484 0.999988317 0.004653759 -1.146362901 0.003650387 -0.004648979 0.999982476 36.682170868
0.999992371 0.001098134 -0.003757661 0.808278918 -0.001081303 0.999989390 0.004478364 -1.158964634 0.003762539 -0.004474267 0.999982893 37.239101410
0.999989569 0.001846600 -0.004188992 0.836098790 -0.001830122 0.999990523 0.003934030 -1.155249119 0.004196217 -0.003926323 0.999983490 37.832462311
0.999991417 0.000023695 -0.004127978 0.808225989 -0.000000536 0.999984205 0.005609990 -1.201350570 0.004128045 -0.005609939 0.999975801 38.302845001
0.999988735 0.001482968 -0.004512023 0.856232166 -0.001463098 0.999989271 0.004403926 -1.187747598 0.004518504 -0.004397275 0.999980092 38.895339966
0.999989867 0.000862063 -0.004404899 0.846255362 -0.000840745 0.999987960 0.004839272 -1.200546265 0.004409018 -0.004835520 0.999978542 39.419075012
0.999985576 0.000281396 -0.005355752 0.899150133 -0.000250840 0.999983728 0.005705076 -1.252842426 0.005357270 -0.005703649 0.999969363 40.016563416
0.999989867 0.001087601 -0.004369747 0.874936223 -0.001064397 0.999985337 0.005309151 -1.274559379 0.004375457 -0.005304446 0.999976337 40.467193604
0.999990761 0.001666096 -0.003959679 0.876298785 -0.001647718 0.999987960 0.004639905 -1.275755644 0.003967362 -0.004633338 0.999981403 41.009017944
0.999990284 0.001291336 -0.004203978 0.892702758 -0.001269013 0.999985099 0.005308451 -1.289135933 0.004210769 -0.005303064 0.999977052 41.550605774
0.999988437 0.002030813 -0.004363097 0.906280220 -0.002009290 0.999985814 0.004931691 -1.301144242 0.004373051 -0.004922867 0.999978304 42.091781616
0.999988317 0.001087368 -0.004709825 0.931308985 -0.001061798 0.999984682 0.005428230 -1.315822244 0.004715656 -0.005423166 0.999974132 42.649810791
0.999989867 0.000542289 -0.004466124 0.903366029 -0.000514359 0.999980330 0.006252580 -1.351832986 0.004469428 -0.006250220 0.999970436 43.141883850
0.999990463 0.000492494 -0.004340823 0.910997868 -0.000465203 0.999980152 0.006285742 -1.361843228 0.004343833 -0.006283663 0.999970734 43.680824280
0.999988437 0.000006227 -0.004814824 0.924610019 0.000024298 0.999979913 0.006339717 -1.370634794 0.004814766 -0.006339761 0.999968290 44.230949402
0.999990523 0.000589652 -0.004309613 0.937620521 -0.000563059 0.999980807 0.006169131 -1.387237549 0.004313169 -0.006166646 0.999971688 44.759181976
0.999990404 0.000517182 -0.004353286 0.943412662 -0.000489671 0.999979973 0.006318271 -1.400518060 0.004356467 -0.006316078 0.999970555 45.289817810
0.999989092 0.000409856 -0.004660565 0.965036571 -0.000380024 0.999979436 0.006399992 -1.417959452 0.004663093 -0.006398153 0.999968708 45.818531036
0.999990404 0.000630081 -0.004326855 0.978177130 -0.000602198 0.999979079 0.006442391 -1.442375898 0.004330824 -0.006439724 0.999969900 46.368404388
0.999989748 0.000708910 -0.004483862 0.988974810 -0.000680104 0.999979138 0.006422532 -1.448190808 0.004488322 -0.006419416 0.999969363 46.902904510
0.999992430 0.001482502 -0.003631146 0.969488621 -0.001459064 0.999978065 0.006448830 -1.459838033 0.003640627 -0.006443481 0.999972641 47.442520142
0.999992669 0.001138656 -0.003672064 0.972183526 -0.001114524 0.999977767 0.006566973 -1.475749016 0.003679461 -0.006562832 0.999971747 48.011615753
0.999991834 0.000444047 -0.004015170 1.004969239 -0.000417440 0.999977946 0.006624976 -1.496542811 0.004018024 -0.006623244 0.999969959 48.513591766
0.999992251 0.000809815 -0.003845448 1.017358065 -0.000784005 0.999977171 0.006708483 -1.509426594 0.003850793 -0.006705415 0.999970078 49.060817719
0.999992788 0.001104179 -0.003641241 1.032730341 -0.001080724 0.999978602 0.006437016 -1.518174171 0.003648271 -0.006433033 0.999972641 49.614391327
0.999992609 0.001390150 -0.003565841 1.027639031 -0.001364881 0.999973953 0.007079000 -1.539165139 0.003575590 -0.007074081 0.999968588 50.135681152
0.999992609 0.001306319 -0.003617947 1.037485361 -0.001280664 0.999974072 0.007084353 -1.550248146 0.003627108 -0.007079669 0.999968350 50.678340912
0.999993145 0.000875821 -0.003590732 1.046203375 -0.000849673 0.999973118 0.007277037 -1.558713794 0.003597009 -0.007273937 0.999967098 51.208808899
0.999991000 0.000836931 -0.004158799 1.074405074 -0.000804910 0.999970078 0.007695378 -1.578526020 0.004165116 -0.007691962 0.999961734 51.734447479
0.999990463 0.001020241 -0.004251147 1.111161590 -0.000990375 0.999974847 0.007021622 -1.574471474 0.004258206 -0.007017344 0.999966323 52.270820618
0.999989688 0.001014494 -0.004416704 1.115202665 -0.000987399 0.999980688 0.006132687 -1.581611633 0.004422841 -0.006128262 0.999971509 52.812694550
0.999988258 0.000808184 -0.004803997 1.145773053 -0.000780883 0.999983549 0.005682056 -1.586674452 0.004808510 -0.005678238 0.999972284 53.357624054
0.999989450 0.000849785 -0.004523181 1.138000965 -0.000820253 0.999978364 0.006526732 -1.608176589 0.004528629 -0.006522953 0.999968529 53.915004730
0.999990046 0.001215848 -0.004293043 1.168593407 -0.001185249 0.999973953 0.007122942 -1.658975482 0.004301591 -0.007117781 0.999965429 54.403213501
0.999987662 0.001043057 -0.004856582 1.181546450 -0.001006986 0.999971926 0.007423869 -1.669631004 0.004864190 -0.007418887 0.999960601 54.945167542
0.999989569 0.001352559 -0.004365177 1.177232027 -0.001322786 0.999975979 0.006816121 -1.671132326 0.004374293 -0.006810274 0.999967217 55.466186523
0.999990165 0.000798327 -0.004362667 1.213892341 -0.000767394 0.999974549 0.007087512 -1.686454892 0.004368216 -0.007084095 0.999965310 56.005702972
0.999989569 0.000542939 -0.004538101 1.234681129 -0.000506707 0.999967992 0.007981280 -1.715677619 0.004542288 -0.007978897 0.999957860 56.526794434
0.999988735 0.000687592 -0.004708002 1.243623257 -0.000652222 0.999971569 0.007510200 -1.729996920 0.004713031 -0.007507042 0.999960721 57.097209930
0.999991596 0.000829667 -0.004007485 1.253651381 -0.000797186 0.999966919 0.008099930 -1.741789818 0.004014073 -0.008096668 0.999959171 57.631862640
0.999990046 0.000488958 -0.004415475 1.261754990 -0.000454964 0.999970257 0.007696672 -1.748325706 0.004419107 -0.007694586 0.999960601 58.114273071
0.999988675 0.000020189 -0.004753823 1.274627686 0.000016284 0.999970615 0.007672188 -1.762807965 0.004753838 -0.007672179 0.999959290 58.654552460
0.999990046 0.001011262 -0.004333604 1.283857107 -0.000975354 0.999965310 0.008280162 -1.783970118 0.004341827 -0.008275853 0.999956369 59.172756195
0.999989927 0.000167716 -0.004472530 1.282592058 -0.000131566 0.999967277 0.008081736 -1.784709930 0.004473741 -0.008081067 0.999957323 59.706581116
0.999989629 0.000128356 -0.004545515 1.296533465 -0.000092175 0.999968350 0.007958812 -1.800691128 0.004546394 -0.007958309 0.999957979 60.258132935
0.999991894 0.000474766 -0.003991864 1.309712529 -0.000441571 0.999965310 0.008312403 -1.813208342 0.003995671 -0.008310573 0.999957442 60.795566559
0.999989033 0.000011273 -0.004667107 1.336084247 0.000028686 0.999963343 0.008561595 -1.850851059 0.004667031 -0.008561635 0.999952435 61.322559357
0.999993503 0.000828327 -0.003513793 1.322984457 -0.000797825 0.999962091 0.008673009 -1.857651711 0.003520844 -0.008670149 0.999956191 61.799606323
0.999992430 0.000693594 -0.003821312 1.334428072 -0.000660781 0.999962986 0.008581471 -1.870140553 0.003827123 -0.008578881 0.999955833 62.323921204
0.999991894 0.000580708 -0.003975885 1.339341879 -0.000548066 0.999966204 0.008206233 -1.879295588 0.003980516 -0.008203986 0.999958396 62.855018616
0.999993265 0.000707126 -0.003608233 1.361143231 -0.000675141 0.999960542 0.008858032 -1.891526937 0.003614353 -0.008855538 0.999954283 63.371826172
0.999992490 0.000327708 -0.003861691 1.360041380 -0.000294666 0.999963343 0.008553864 -1.901315808 0.003864351 -0.008552664 0.999956012 63.909362793
0.999992490 0.000716832 -0.003819016 1.378355026 -0.000683414 0.999961555 0.008744600 -1.914187431 0.003825137 -0.008741926 0.999954522 64.467567444
0.999993086 0.000574663 -0.003674694 1.415614605 -0.000541754 0.999959946 0.008950397 -1.911449194 0.003679688 -0.008948346 0.999953210 64.932731628
0.999994457 0.000716924 -0.003275852 1.429642320 -0.000687232 0.999958813 0.009056021 -1.926993132 0.003282211 -0.009053720 0.999953687 65.468772888
0.999994338 0.001141358 -0.003176038 1.423996210 -0.001111433 0.999955118 0.009407991 -1.937424421 0.003186634 -0.009404407 0.999950707 66.036415100
0.999994338 0.001432353 -0.003040286 1.441859961 -0.001405175 0.999959171 0.008922836 -1.941507101 0.003052943 -0.008918512 0.999955535 66.580940247
0.999993861 0.001093791 -0.003321574 1.465312600 -0.001063177 0.999957085 0.009204498 -1.969915509 0.003331501 -0.009200907 0.999952137 67.011459351
0.999995649 0.000904470 -0.002799191 1.464390993 -0.000879270 0.999959171 0.008990902 -1.981669664 0.002807208 -0.008988403 0.999955654 67.553222656
0.999994576 0.001192859 -0.003067284 1.479104400 -0.001163731 0.999954343 0.009480743 -2.002770424 0.003078455 -0.009477120 0.999950349 68.110054016
0.999994159 0.002157977 -0.002619999 1.502081275 -0.002133925 0.999955833 0.009148396 -1.998042583 0.002639625 -0.009142751 0.999954760 68.605140686
0.999996006 0.001698684 -0.002220965 1.514542580 -0.001676911 0.999950826 0.009768779 -2.010672569 0.002237450 -0.009765016 0.999949813 69.062255859
0.999995172 0.001739940 -0.002536457 1.528398156 -0.001715988 0.999954224 0.009414876 -2.010431051 0.002552721 -0.009410477 0.999952435 69.625808716
0.999996305 0.001766577 -0.002052282 1.538855314 -0.001747006 0.999953330 0.009499030 -2.030081511 0.002068968 -0.009495410 0.999952734 70.154602051
0.999995410 0.001773448 -0.002466221 1.581533194 -0.001749601 0.999951959 0.009638201 -2.052617073 0.002483194 -0.009633842 0.999950469 70.654754639
0.999997914 0.001507008 -0.001379941 1.558811665 -0.001494367 0.999957263 0.009116280 -2.049440384 0.001393622 -0.009114197 0.999957502 71.176010132
0.999996603 0.002394587 -0.001016675 1.570435405 -0.002385659 0.999959290 0.008694128 -2.067150116 0.001037453 -0.008691672 0.999961674 71.707305908
0.999995053 0.003072122 -0.000588443 1.569476962 -0.003066666 0.999954224 0.009059178 -2.073307037 0.000616247 -0.009057330 0.999958754 72.271041870
0.999999583 0.000434310 -0.000747345 1.615495801 -0.000427323 0.999956429 0.009324163 -2.101910114 0.000751364 -0.009323843 0.999956250 72.733840942
0.999999642 0.000356453 -0.000803307 1.624267340 -0.000348254 0.999948144 0.010183385 -2.123217583 0.000806896 -0.010183102 0.999947786 73.282363892
0.999999583 0.000779989 -0.000325813 1.632549882 -0.000776876 0.999955058 0.009447640 -2.125126600 0.000333167 -0.009447384 0.999955297 73.808296204
0.999999642 0.000759243 -0.000382068 1.631180644 -0.000755398 0.999950051 0.009964362 -2.149321318 0.000389614 -0.009964070 0.999950230 74.266395569
0.999999642 0.000653904 0.000385204 1.669120550 -0.000657590 0.999953210 0.009649291 -2.178255320 -0.000378877 -0.009649543 0.999953389 74.781547546
0.999999881 -0.000290057 -0.000098581 1.689001799 0.000290983 0.999954522 0.009523530 -2.189910412 0.000095815 -0.009523557 0.999954641 75.335891724
0.999999881 -0.000069162 -0.000455735 1.712187886 0.000073661 0.999951184 0.009878849 -2.209557295 0.000455030 -0.009878881 0.999951065 75.855339050
0.999999523 0.000102641 0.000997005 1.683994532 -0.000113043 0.999945521 0.010438499 -2.227722406 -0.000995881 -0.010438608 0.999944985 76.350303650
0.999999523 -0.000046977 0.000996756 1.698883295 0.000036998 0.999949872 0.010009161 -2.236573696 -0.000997176 -0.010009119 0.999949396 76.901138306
0.999998629 -0.001611914 0.000257589 1.732683659 0.001609273 0.999949276 0.009944114 -2.249227524 -0.000273604 -0.009943686 0.999950469 77.434661865
0.999998808 0.000412788 0.001427757 1.725839496 -0.000427534 0.999946415 0.010343277 -2.259567738 -0.001423412 -0.010343876 0.999945462 77.900901794
0.999996960 0.001306739 0.002082851 1.733834267 -0.001328558 0.999943912 0.010508883 -2.270749807 -0.002069002 -0.010511620 0.999942601 78.454109192
0.999995351 0.000607212 0.002969414 1.753988147 -0.000637275 0.999948442 0.010133883 -2.281968594 -0.002963109 -0.010135729 0.999944270 78.966362000
0.999986708 0.001008945 0.005054103 1.754843950 -0.001059754 0.999948800 0.010060380 -2.294907093 -0.005043695 -0.010065602 0.999936640 79.537628174
0.999981999 0.001026919 0.005918742 1.780498385 -0.001085627 0.999950171 0.009924370 -2.315049171 -0.005908255 -0.009930617 0.999933302 80.065673828
0.999974430 0.000298952 0.007165004 1.788991690 -0.000376046 0.999942005 0.010760857 -2.313014984 -0.007161373 -0.010763274 0.999916375 80.525375366
0.999945641 0.000184836 0.010436622 1.808786869 -0.000299522 0.999939561 0.010988316 -2.329684734 -0.010433961 -0.010990841 0.999885201 81.078804016
0.999903262 0.000963198 0.013880752 1.825550675 -0.001124533 0.999931872 0.011619762 -2.353137255 -0.013868615 -0.011634245 0.999836087 81.630470276
0.999861538 -0.000683815 0.016626189 1.847455740 0.000497383 0.999936998 0.011214694 -2.353285789 -0.016632810 -0.011204873 0.999798894 82.188323975
0.999780655 -0.000697020 0.020931274 1.883595824 0.000463864 0.999937832 0.011141916 -2.372607708 -0.020937739 -0.011129762 0.999718845 82.729057312
0.999634266 0.000110364 0.027040891 1.908483505 -0.000414075 0.999936879 0.011226198 -2.368743896 -0.027037948 -0.011233290 0.999571264 83.273674011
0.999472201 -0.000590393 0.032478657 1.960070372 0.000232837 0.999939322 0.011011633 -2.369695663 -0.032483190 -0.010998259 0.999411762 83.787055969
0.999249995 -0.001061158 0.038708363 1.970883727 0.000621893 0.999935269 0.011358336 -2.412710190 -0.038717914 -0.011325744 0.999185979 84.328529358
0.998906255 -0.000939637 0.046747372 2.029896021 0.000399032 0.999932945 0.011572368 -2.428294897 -0.046755113 -0.011541056 0.998839676 84.877723694
0.998468637 -0.001588821 0.055298720 2.069217920 0.000977290 0.999938071 0.011083983 -2.434144497 -0.055312909 -0.011012962 0.998408377 85.424606323
0.998055696 -0.001164850 0.062318645 2.117460012 0.000459892 0.999935687 0.011325294 -2.433815956 -0.062327836 -0.011274613 0.997992039 86.010948181
0.997506082 -0.001747898 0.070558250 2.191309929 0.000985215 0.999940753 0.010842623 -2.455835342 -0.070573032 -0.010746070 0.997448683 86.581184387
0.996622682 -0.001701768 0.082099527 2.230953217 0.000722949 0.999928296 0.011950607 -2.504151106 -0.082113981 -0.011850892 0.996552467 87.050346375
0.995877624 -0.001681718 0.090691298 2.300174713 0.000577889 0.999925435 0.012196166 -2.505524158 -0.090705052 -0.012093480 0.995804310 87.611297607
0.995150983 -0.002459561 0.098328441 2.364511013 0.001321299 0.999931335 0.011639567 -2.510265350 -0.098350331 -0.011453206 0.995085955 88.207473755
0.994074821 -0.003758234 0.108633019 2.482149124 0.002472960 0.999925315 0.011963642 -2.552194834 -0.108669892 -0.011624114 0.994009912 88.739173889
0.992845595 -0.003425986 0.119356103 2.564922333 0.001960339 0.999921203 0.012394854 -2.560252190 -0.119389176 -0.012072199 0.992774189 89.295555115
0.991740704 -0.005026388 0.128159955 2.664844513 0.003551186 0.999924779 0.011736541 -2.575289249 -0.128209293 -0.011184486 0.991684079 89.843215942
0.990247428 -0.005227927 0.139221549 2.763517380 0.003661887 0.999927104 0.011502329 -2.575539351 -0.139271542 -0.010880337 0.990194440 90.392875671
0.988546371 -0.005919506 0.150801480 2.870194435 0.004098876 0.999914944 0.012381009 -2.601011276 -0.150861964 -0.011621080 0.988486528 90.979431152
0.986814260 -0.006621450 0.161721602 2.984258652 0.004713953 0.999914706 0.012175801 -2.610752344 -0.161788449 -0.011252906 0.986761272 91.524108887
0.985320270 -0.007695160 0.170542493 3.118206024 0.005685558 0.999908447 0.012268856 -2.634143353 -0.170621336 -0.011119124 0.985274076 92.043487549
0.983118713 -0.008123760 0.182788506 3.243483543 0.005979782 0.999906719 0.012277401 -2.643786430 -0.182871208 -0.010977106 0.983075619 92.577713013
0.980729699 -0.008434721 0.195187435 3.371241570 0.006157836 0.999905765 0.012269002 -2.651819706 -0.195272550 -0.010830643 0.980689228 93.118438721
0.978439867 -0.009925412 0.206293285 3.527029991 0.007660121 0.999901295 0.011776761 -2.642176628 -0.206389844 -0.009942621 0.978419304 93.856430054
0.975543499 -0.009210601 0.219613329 3.668600082 0.006712372 0.999904037 0.012119062 -2.656591415 -0.219703853 -0.010348546 0.975511730 94.400642395
0.972179055 -0.009211280 0.234057412 3.835710526 0.006603181 0.999907076 0.011924208 -2.668486595 -0.234145522 -0.010046942 0.972149670 94.989471436
0.969428778 -0.009433120 0.245191187 3.993556976 0.006653079 0.999903858 0.012164090 -2.680418730 -0.245282352 -0.010160943 0.969398499 95.529876709
0.966119587 -0.008920287 0.257940531 4.171155930 0.005981724 0.999907970 0.012174924 -2.691839695 -0.258025378 -0.010219500 0.966084182 96.064941406
0.962671101 -0.010466518 0.270471513 4.393171310 0.007212708 0.999889195 0.013021312 -2.748045921 -0.270577818 -0.010584404 0.962639928 96.705062866
0.959194601 -0.011345485 0.282518864 4.582801819 0.007989225 0.999883175 0.013028998 -2.759151459 -0.282633692 -0.010240235 0.959173262 97.216415405
0.955391884 -0.017064324 0.294847608 4.784832001 0.013720244 0.999816000 0.013406835 -2.783165932 -0.295022130 -0.008763400 0.955450237 97.960350037
0.950881362 -0.016593358 0.309110522 4.971097946 0.012901219 0.999819040 0.013984717 -2.793071270 -0.309286624 -0.009309907 0.950923383 98.493881226
0.946001709 -0.015874218 0.323772669 5.159305573 0.011971354 0.999829769 0.014042548 -2.803922653 -0.323940456 -0.009408277 0.946030676 99.035980225
0.941964686 -0.016113162 0.335325301 5.356304169 0.011980204 0.999824703 0.014390235 -2.811436415 -0.335498363 -0.009537826 0.941992521 99.536888123
0.937901378 -0.013486727 0.346639782 5.636054993 0.009032350 0.999854565 0.014462600 -2.827698708 -0.346784413 -0.010433522 0.937886834 100.034484863
0.932774961 -0.014318853 0.360174686 5.863733292 0.009603788 0.999843240 0.014877316 -2.835798502 -0.360331178 -0.010418149 0.932766259 100.555572510
0.928233266 -0.015557990 0.371673137 6.099018097 0.010567743 0.999824643 0.015459637 -2.846827745 -0.371848434 -0.010422403 0.928234935 101.035362244
0.922934771 -0.013728143 0.384711534 6.312845230 0.008121232 0.999835908 0.016195310 -2.859475136 -0.384870648 -0.011822880 0.922894776 101.559448242
0.917017639 -0.018909514 0.398398131 6.576061249 0.013348730 0.999771118 0.016727384 -2.904481649 -0.398623198 -0.010021202 0.917060018 102.105567932
0.911417425 -0.019415438 0.411024630 6.828716278 0.013528974 0.999760151 0.017225821 -2.917774677 -0.411260426 -0.010139174 0.911461413 102.588813782
0.906387329 -0.019511968 0.421996742 7.074584961 0.013505797 0.999760568 0.017217696 -2.921850920 -0.422231585 -0.009906500 0.906433761 103.085281372
0.900471270 -0.018926114 0.434503585 7.328819275 0.012233712 0.999759674 0.018194232 -2.930357456 -0.434743464 -0.011067794 0.900486290 103.581893921
0.893503129 -0.020458516 0.448590904 7.628944397 0.014009160 0.999745309 0.017691135 -2.933578491 -0.448838681 -0.009522701 0.893562078 104.129440308
0.887458086 -0.020727381 0.460422009 7.904441833 0.013911193 0.999737620 0.018192749 -2.937861919 -0.460678369 -0.009740280 0.887513638 104.614990234
0.881520450 -0.021338604 0.471663445 8.161033630 0.014430454 0.999729156 0.018258963 -2.953776836 -0.471925318 -0.009289331 0.881589592 105.052116394
0.874002934 -0.020723462 0.485478669 8.454799652 0.013634280 0.999742687 0.018130004 -2.963367939 -0.485729426 -0.009226523 0.874060512 105.529937744
0.866758764 -0.022312578 0.498228163 8.770439148 0.014985432 0.999712765 0.018701101 -2.972586393 -0.498502314 -0.008743178 0.866844237 106.029190063
