1.000000000 0.000000000 0.000000000 0.000000000 0.000000000 1.000000000 0.000000000 0.000000000 0.000000000 0.000000000 1.000000000 0.000000000
1.000000000 0.000049834 -0.000062453 0.000495751 -0.000049826 1.000000000 0.000130497 -0.000346967 0.000062460 -0.000130494 1.000000000 0.000380856
0.999999940 0.000221625 -0.000117290 0.000935292 -0.000221622 1.000000000 0.000026651 -0.000643300 0.000117296 -0.000026625 1.000000000 -0.001769854
1.000000000 -0.000033626 -0.000062628 0.000347940 0.000033628 1.000000000 0.000035965 0.000123698 0.000062626 -0.000035967 1.000000000 -0.000008887
1.000000000 -0.000015504 -0.000104765 0.000085467 0.000015494 1.000000000 -0.000089865 0.001807977 0.000104766 0.000089864 1.000000000 0.000767686
1.000000000 0.000075782 0.000108064 -0.000822316 -0.000075779 1.000000000 -0.000030261 0.000278352 -0.000108066 0.000030253 1.000000000 -0.000742467
1.000000000 0.000088089 -0.000054458 0.001228803 -0.000088089 1.000000000 -0.000014625 0.000207943 0.000054456 0.000014629 1.000000000 -0.000942196
1.000000000 0.000055482 0.000056119 -0.000021897 -0.000055486 1.000000000 0.000067576 0.000413581 -0.000056116 -0.000067579 1.000000000 0.000961103
0.999999940 0.000249138 0.000016999 0.000401815 -0.000249138 0.999999940 0.000025714 -0.000200807 -0.000016993 -0.000025718 1.000000000 -0.001044595
1.000000000 -0.000039539 -0.000065152 0.001386954 0.000039545 1.000000000 0.000090432 0.000681603 0.000065149 -0.000090435 1.000000000 0.000669712
1.000000000 0.000059050 -0.000119379 0.001293263 -0.000059045 1.000000000 0.000039684 -0.000066870 0.000119381 -0.000039677 1.000000000 -0.000591127
1.000000000 0.000198267 -0.000015941 0.000832927 -0.000198268 1.000000000 -0.000032395 0.001071574 0.000015935 0.000032398 1.000000000 0.001081370
1.000000000 -0.000192641 -0.000101193 0.000865023 0.000192639 1.000000000 -0.000022798 0.001245327 0.000101197 0.000022779 1.000000000 0.000923337
1.000000000 0.000116459 0.000043288 0.000245672 -0.000116465 1.000000000 0.000132352 -0.000662238 -0.000043272 -0.000132357 1.000000000 -0.000521684
1.000000000 0.000037150 -0.000099811 0.001304008 -0.000037145 1.000000000 0.000047101 0.000640739 0.000099813 -0.000047098 1.000000000 0.000598222
1.000000000 -0.000006430 -0.000196360 0.001396443 0.000006469 1.000000000 0.000194356 -0.000790428 0.000196359 -0.000194358 0.999999940 -0.000716870
1.000000000 0.000152753 0.000049801 -0.000247591 -0.000152756 1.000000000 0.000047133 0.000352835 -0.000049794 -0.000047141 1.000000000 0.000326290
1.000000000 0.000079077 -0.000075742 0.000754563 -0.000079074 1.000000000 0.000049888 -0.000071383 0.000075746 -0.000049882 1.000000000 -0.000707753
1.000000000 0.000131672 0.000092227 0.000578589 -0.000131683 1.000000000 0.000123811 -0.000858186 -0.000092211 -0.000123823 1.000000000 -0.000062983
1.000000000 0.000134487 -0.000120292 0.001307296 -0.000134476 1.000000000 0.000089900 -0.000140888 0.000120304 -0.000089884 1.000000000 -0.000554796
0.999999940 0.000264453 0.000006367 -0.000253156 -0.000264453 0.999999940 0.000005673 -0.000028260 -0.000006366 -0.000005675 1.000000000 -0.001234120
1.000000000 0.000216244 -0.000095506 0.000551134 -0.000216240 1.000000000 0.000040879 0.000132762 0.000095515 -0.000040859 1.000000000 -0.000476148
1.000000000 -0.000009732 0.000010583 0.000628795 0.000009730 1.000000000 0.000147417 -0.000274608 -0.000010585 -0.000147417 1.000000000 0.001035109
1.000000000 0.000203572 -0.000076366 0.000701235 -0.000203564 1.000000000 0.000095867 0.000087443 0.000076385 -0.000095851 1.000000000 0.000355532
1.000000000 0.000223337 -0.000091918 0.001143577 -0.000223334 1.000000000 0.000033667 0.000250363 0.000091925 -0.000033647 1.000000000 -0.000082072
1.000000000 0.000054968 -0.000137841 0.001246614 -0.000054984 1.000000000 -0.000114492 0.001192959 0.000137835 0.000114500 1.000000000 -0.001827432
1.000000000 0.000202354 -0.000004719 0.000079527 -0.000202354 1.000000000 0.000015653 -0.000091710 0.000004722 -0.000015652 1.000000000 -0.001492645
1.000000000 0.000154843 0.000005527 0.000218394 -0.000154843 1.000000000 0.000059210 0.000228634 -0.000005518 -0.000059211 1.000000000 -0.000516162
1.000000000 0.000102372 -0.000074424 0.000545986 -0.000102362 1.000000000 0.000131343 0.000068997 0.000074437 -0.000131336 1.000000000 0.000924568
1.000000000 0.000113499 -0.000028700 0.000590283 -0.000113498 1.000000000 0.000012276 -0.000053240 0.000028701 -0.000012273 1.000000000 0.000031987
1.000000000 -0.000042891 -0.000134538 0.001083499 0.000042913 1.000000000 0.000162448 -0.000239813 0.000134531 -0.000162454 1.000000000 -0.000643655
1.000000000 -0.000034075 -0.000182587 0.001195349 0.000034082 1.000000000 0.000042316 0.000537684 0.000182585 -0.000042322 1.000000000 -0.000361468
1.000000000 0.000095234 -0.000070603 0.000522731 -0.000095228 1.000000000 0.000078563 0.000388485 0.000070611 -0.000078556 1.000000000 0.000250678
1.000000000 -0.000019688 -0.000011436 0.001204350 0.000019689 1.000000000 0.000118785 -0.000235648 0.000011433 -0.000118786 1.000000000 0.000423508
1.000000000 0.000037803 0.000004612 0.000164644 -0.000037802 1.000000000 -0.000159542 0.001214903 -0.000004618 0.000159542 1.000000000 -0.000601137
1.000000000 -0.000042925 -0.000032121 0.000715794 0.000042925 1.000000000 -0.000012586 0.001031832 0.000032122 0.000012585 1.000000000 0.000394406
1.000000000 -0.000050981 -0.000078743 0.001280282 0.000050987 1.000000000 0.000068533 0.000963021 0.000078739 -0.000068537 1.000000000 0.002036648
1.000000000 0.000121635 -0.000002409 0.000051280 -0.000121635 1.000000000 0.000122680 0.000526567 0.000002424 -0.000122680 1.000000000 0.000661813
1.000000000 -0.000156659 -0.000066667 0.001370235 0.000156663 1.000000000 0.000056560 0.000805383 0.000066659 -0.000056570 1.000000000 0.000111937
1.000000000 -0.000051877 0.000040644 0.000663038 0.000051882 1.000000000 -0.000112758 0.000937705 -0.000040638 0.000112760 1.000000000 0.001593923
0.999999940 0.000195239 0.000249456 -0.000658014 -0.000195096 0.999999821 -0.000572057 -0.001384088 -0.000249568 0.000572008 0.999999821 0.051218018
1.000000000 0.000076792 0.000020828 0.001672737 -0.000076769 0.999999404 -0.001100229 -0.004850749 -0.000020912 0.001100228 0.999999464 0.137427211
0.999999821 0.000585248 -0.000116822 0.002761021 -0.000585403 0.999998987 -0.001327745 -0.008143880 0.000116045 0.001327813 0.999999106 0.251076460
1.000000000 -0.000141455 -0.000247152 0.008052811 0.000141139 0.999999285 -0.001279738 -0.013023864 0.000247333 0.001279704 0.999999166 0.379273385
0.999999940 -0.000000685 -0.000131059 0.009267257 0.000000499 0.999998987 -0.001414241 -0.016550547 0.000131059 0.001414241 0.999999046 0.515942454
0.999999940 0.000031579 -0.000403626 0.014439608 -0.000032002 0.999999464 -0.001047198 -0.023262583 0.000403593 0.001047211 0.999999285 0.670956016
1.000000000 0.000209581 -0.000250858 0.017900817 -0.000209771 0.999999762 -0.000758969 -0.027586998 0.000250699 0.000759022 0.999999642 0.833881438
0.999999940 0.000141473 -0.000198214 0.019238140 -0.000141601 0.999999702 -0.000647782 -0.033380669 0.000198122 0.000647810 0.999999762 1.002568007
0.999999940 0.000228477 -0.000162680 0.021778211 -0.000228566 0.999999762 -0.000545829 -0.038297601 0.000162555 0.000545866 0.999999821 1.180360317
0.999999881 0.000173494 -0.000251438 0.027576022 -0.000173611 0.999999881 -0.000465606 -0.042718928 0.000251357 0.000465650 0.999999881 1.368743777
1.000000000 0.000315042 -0.000080567 0.030036224 -0.000315087 0.999999762 -0.000569664 -0.046767026 0.000080388 0.000569690 0.999999881 1.559634805
0.999999940 0.000163270 -0.000044839 0.032204695 -0.000163268 1.000000000 0.000047198 -0.054415535 0.000044847 -0.000047191 1.000000000 1.755898714
0.999999940 0.000325645 -0.000276839 0.038213179 -0.000325647 0.999999940 -0.000008536 -0.058970317 0.000276836 0.000008626 0.999999940 1.956565857
1.000000000 0.000135455 -0.000145587 0.040281981 -0.000135444 1.000000000 0.000071126 -0.067408867 0.000145597 -0.000071106 1.000000000 2.170729876
1.000000000 0.000170721 0.000010686 0.043716226 -0.000170721 0.999999940 -0.000020667 -0.070469067 -0.000010690 0.000020665 0.999999940 2.387610912
0.999999940 -0.000098854 0.000366099 0.047703430 0.000098837 1.000000000 0.000047553 -0.079901479 -0.000366104 -0.000047517 0.999999881 2.604933500
0.999999702 0.000679149 0.000268417 0.049715023 -0.000679200 0.999999762 0.000191751 -0.088683598 -0.000268287 -0.000191933 0.999999881 2.832412720
0.999999762 0.000558618 0.000452009 0.054647338 -0.000558613 0.999999821 -0.000011730 -0.092241690 -0.000452016 0.000011477 0.999999940 3.065101147
0.999999940 0.000529891 0.000158100 0.060472909 -0.000529922 0.999999821 0.000198320 -0.101590149 -0.000157995 -0.000198404 0.999999940 3.297247410
0.999999881 0.000368947 0.000130970 0.065971605 -0.000368999 0.999999762 0.000397235 -0.110110536 -0.000130823 -0.000397283 0.999999881 3.547854662
0.999999881 0.000397544 0.000147529 0.069876239 -0.000397572 0.999999881 0.000185789 -0.114471257 -0.000147455 -0.000185847 1.000000000 3.795994759
0.999999940 0.000063446 0.000259545 0.072513454 -0.000063423 1.000000000 -0.000088209 -0.119858161 -0.000259550 0.000088193 1.000000000 4.055317402
0.999999642 0.000771175 0.000171229 0.079284802 -0.000771282 0.999999464 0.000629395 -0.131389171 -0.000170743 -0.000629526 0.999999762 4.301442623
0.999999702 0.000783011 0.000324813 0.085979752 -0.000783214 0.999999523 0.000625332 -0.140895888 -0.000324323 -0.000625586 0.999999762 4.556700230
0.999999523 0.000787884 0.000573424 0.084805392 -0.000788189 0.999999523 0.000530576 -0.142341182 -0.000573006 -0.000531027 0.999999702 4.821401596
0.999999046 0.001238694 0.000647431 0.092030257 -0.001238876 0.999999166 0.000280195 -0.147441253 -0.000647083 -0.000280997 0.999999762 5.080599308
0.999999940 0.000023440 0.000146703 0.095751353 -0.000023581 0.999999523 0.000959325 -0.162187696 -0.000146680 -0.000959329 0.999999464 5.338575363
0.999999702 0.000450975 0.000595857 0.097912699 -0.000451416 0.999999642 0.000740510 -0.167037502 -0.000595523 -0.000740778 0.999999523 5.612805367
0.999999821 0.000237736 0.000611873 0.100875624 -0.000238284 0.999999642 0.000896939 -0.174529448 -0.000611660 -0.000897085 0.999999404 5.881940365
0.999999762 0.000582201 0.000437342 0.112721562 -0.000582715 0.999999166 0.001176742 -0.188770026 -0.000436657 -0.001176997 0.999999166 6.150493622
1.000000000 0.000191057 0.000323191 0.119305380 -0.000191437 0.999999404 0.001174221 -0.196648538 -0.000322966 -0.001174283 0.999999285 6.430690765
0.999999940 0.000235614 0.000291839 0.123517372 -0.000235913 0.999999464 0.001027383 -0.207162052 -0.000291597 -0.001027452 0.999999344 6.721134663
0.999999881 0.000021015 0.000549964 0.127879530 -0.000021768 0.999999106 0.001369232 -0.216664925 -0.000549935 -0.001369243 0.999998868 7.024619102
0.999999583 0.000380694 0.000752725 0.132591799 -0.000381619 0.999999166 0.001229542 -0.225255758 -0.000752256 -0.001229829 0.999998927 7.312339783
0.999999225 0.000673624 0.001056009 0.137226939 -0.000674413 0.999999523 0.000747220 -0.230379388 -0.001055505 -0.000747931 0.999999166 7.627033710
0.999999344 0.000628501 0.000984520 0.144301951 -0.000629797 0.999998927 0.001316245 -0.242143288 -0.000983691 -0.001316865 0.999998629 7.938136578
0.999999464 0.000667478 0.000772887 0.152571827 -0.000668097 0.999999404 0.000800636 -0.247666001 -0.000772352 -0.000801152 0.999999344 8.261051178
0.999999404 0.000707903 0.000831016 0.159947619 -0.000708766 0.999999225 0.001039268 -0.263112038 -0.000830280 -0.001039856 0.999999106 8.577763557
0.999998868 0.000729864 0.001310393 0.163704246 -0.000731310 0.999999106 0.001103188 -0.270864069 -0.001309587 -0.001104145 0.999998450 8.915551186
0.999998748 0.000861233 0.001326626 0.170219511 -0.000862610 0.999999046 0.001037562 -0.280472487 -0.001325731 -0.001038705 0.999998510 9.247236252
0.999998689 0.000931145 0.001327647 0.177234769 -0.000932843 0.999998748 0.001278986 -0.292559028 -0.001326455 -0.001280223 0.999998271 9.590407372
0.999998450 0.001065423 0.001397197 0.184548661 -0.001066675 0.999999046 0.000895546 -0.297251433 -0.001396241 -0.000897035 0.999998629 9.940769196
0.999999166 0.000506744 0.001239727 0.196188793 -0.000508210 0.999999225 0.001182919 -0.309273660 -0.001239127 -0.001183548 0.999998510 10.297740936
0.999999106 0.000432894 0.001283108 0.203870773 -0.000434277 0.999999285 0.001077937 -0.320487916 -0.001282641 -0.001078493 0.999998569 10.655153275
0.999998927 0.000708393 0.001239531 0.211958125 -0.000709509 0.999999285 0.000900582 -0.324784458 -0.001238892 -0.000901460 0.999998808 11.021884918
0.999998927 0.000870140 0.001195492 0.219337299 -0.000870919 0.999999404 0.000651409 -0.335665017 -0.001194924 -0.000652449 0.999998987 11.387252808
0.999998748 0.000713676 0.001411020 0.228426412 -0.000715273 0.999999046 0.001131878 -0.347277790 -0.001410211 -0.001132885 0.999998391 11.756910324
0.999999225 0.000636319 0.001060607 0.239642844 -0.000637495 0.999999285 0.001108000 -0.363429785 -0.001059901 -0.001108675 0.999998808 12.135143280
0.999999225 0.000215970 0.001206729 0.250470012 -0.000217526 0.999999166 0.001289616 -0.376295000 -0.001206449 -0.001289878 0.999998450 12.521670341
0.999999285 0.000383224 0.001249448 0.256794214 -0.000384847 0.999999225 0.001299092 -0.382492274 -0.001248949 -0.001299572 0.999998391 12.924781799
0.999998629 0.000833407 0.001446531 0.263847291 -0.000834443 0.999999404 0.000715810 -0.391271293 -0.001445934 -0.000717016 0.999998689 13.323908806
0.999996603 0.000953300 0.002409630 0.268133759 -0.000954879 0.999999344 0.000654464 -0.400507063 -0.002409004 -0.000656763 0.999996901 13.732706070
0.999993742 0.001834881 0.003034369 0.270184666 -0.001836000 0.999998271 0.000366132 -0.407582879 -0.003033691 -0.000371701 0.999995351 14.152950287
0.999994278 0.001289855 0.003122767 0.284474880 -0.001291355 0.999999046 0.000478361 -0.420391172 -0.003122147 -0.000482391 0.999994993 14.571916580
0.999993980 0.001633535 0.003063875 0.295265377 -0.001634644 0.999998629 0.000359453 -0.432215691 -0.003063284 -0.000364459 0.999995232 15.004062653
0.999993026 0.001422058 0.003437418 0.307360858 -0.001424301 0.999998748 0.000650172 -0.445100814 -0.003436489 -0.000655063 0.999993861 15.430423737
0.999991775 0.001850519 0.003609723 0.316941023 -0.001852568 0.999998152 0.000564412 -0.455661863 -0.003608672 -0.000571095 0.999993265 15.882454872
0.999990523 0.001297157 0.004152836 0.325601071 -0.001298509 0.999999106 0.000322890 -0.467571110 -0.004152413 -0.000328279 0.999991298 16.323514938
0.999987125 0.002181382 0.004569926 0.333472967 -0.002179562 0.999997556 -0.000403181 -0.478776813 -0.004570794 0.000393216 0.999989450 16.770887375
0.999987185 0.000987668 0.004956922 0.348844439 -0.000989476 0.999999464 0.000362187 -0.496273965 -0.004956561 -0.000367087 0.999987662 17.228744507
0.999979079 0.001679826 0.006239570 0.355120510 -0.001682411 0.999998569 0.000409121 -0.507467330 -0.006238873 -0.000419610 0.999980509 17.689619064
0.999985337 0.001354122 0.005243724 0.378321648 -0.001357017 0.999998927 0.000548512 -0.519608140 -0.005242975 -0.000555620 0.999986112 18.152986526
0.999980688 0.001807340 0.005947610 0.385998070 -0.001810373 0.999998212 0.000504581 -0.533559203 -0.005946688 -0.000515339 0.999982178 18.630346298
0.999980807 0.002631316 0.005606632 0.399720073 -0.002632516 0.999996543 0.000206644 -0.547312975 -0.005606069 -0.000221399 0.999984324 19.101848602
0.999985814 0.001207697 0.005171816 0.424708694 -0.001211947 0.999998868 0.000818668 -0.564203501 -0.005170822 -0.000824925 0.999986291 19.598688126
0.999985576 0.001355407 0.005201461 0.433918834 -0.001359631 0.999998748 0.000808670 -0.571785569 -0.005200358 -0.000815731 0.999986172 20.106288910
0.999989986 0.001053702 0.004345520 0.453937590 -0.001057799 0.999998987 0.000940799 -0.587835193 -0.004344525 -0.000945387 0.999990046 20.599237442
0.999986112 0.001600517 0.005020169 0.461283684 -0.001606931 0.999997854 0.001273813 -0.605618179 -0.005018120 -0.001281863 0.999986589 21.096891403
0.999988914 0.001184157 0.004550071 0.471642554 -0.001186497 0.999999166 0.000511694 -0.605127990 -0.004549460 -0.000517087 0.999989510 21.609855652
0.999992430 0.000919298 0.003783690 0.489241868 -0.000922795 0.999999166 0.000922558 -0.627747238 -0.003782838 -0.000926043 0.999992430 22.114027023
0.999993026 0.001395398 0.003443871 0.498235643 -0.001397444 0.999998868 0.000591596 -0.635269165 -0.003443042 -0.000596404 0.999993920 22.633861542
0.999993443 0.001451869 0.003348793 0.505252957 -0.001452933 0.999998808 0.000315101 -0.649747014 -0.003348332 -0.000319965 0.999994338 23.157051086
0.999997199 0.001184713 0.002009885 0.521430612 -0.001186074 0.999999046 0.000676300 -0.667337954 -0.002009081 -0.000678682 0.999997675 23.682641983
0.999999106 0.000003729 0.001309843 0.533482909 -0.000004601 0.999999762 0.000665788 -0.688335121 -0.001309840 -0.000665793 0.999998927 24.207899094
0.999998987 0.001075248 0.000836484 0.538840830 -0.001076912 0.999997437 0.001991577 -0.708824039 -0.000834341 -0.001992476 0.999997616 24.752969742
0.999999583 0.000789330 -0.000416960 0.555751085 -0.000788434 0.999997377 0.002145047 -0.721601307 0.000418652 -0.002144717 0.999997616 25.286817551
0.999999583 0.000736362 -0.000608746 0.561167359 -0.000735262 0.999998093 0.001805010 -0.732693315 0.000610074 -0.001804562 0.999998212 25.825239182
0.999998033 0.001934804 -0.000350391 0.555836141 -0.001934330 0.999997199 0.001349226 -0.745793581 0.000353001 -0.001348546 0.999999046 26.379592896
0.999999106 0.000789502 -0.001085579 0.579193354 -0.000787408 0.999997795 0.001928673 -0.757334471 0.001087100 -0.001927817 0.999997556 26.928327560
0.999997258 0.000497680 -0.002280517 0.598180473 -0.000493373 0.999998093 0.001888777 -0.776874483 0.002281453 -0.001887647 0.999995589 27.463531494
0.999996424 0.001278597 -0.002334724 0.601105213 -0.001274324 0.999997497 0.001830846 -0.795844078 0.002337059 -0.001827864 0.999995589 28.016965866
0.999997437 0.001291993 -0.001868293 0.605868101 -0.001288374 0.999997437 0.001936826 -0.804240227 0.001870790 -0.001934414 0.999996364 28.575601578
0.999996960 0.001049079 -0.002225667 0.616426170 -0.001043777 0.999996543 0.002381786 -0.825082242 0.002228158 -0.002379455 0.999994636 29.115943909
0.999996006 0.001721971 -0.002243155 0.622645736 -0.001716349 0.999995351 0.002505561 -0.839587092 0.002247460 -0.002501701 0.999994278 29.669885635
0.999993682 0.002180108 -0.002795970 0.648356438 -0.002173138 0.999994516 0.002493609 -0.851609886 0.002801391 -0.002487518 0.999992967 30.204452515
0.999994099 0.001921396 -0.002829212 0.663098633 -0.001916546 0.999996662 0.001716059 -0.858013034 0.002832500 -0.001710626 0.999994516 30.754072189
0.999994040 0.001977085 -0.002820472 0.675567687 -0.001971987 0.999996424 0.001809067 -0.876761138 0.002824038 -0.001803494 0.999994397 31.304584503
0.999994457 0.002363257 -0.002319728 0.677092552 -0.002358979 0.999995589 0.001845121 -0.889643908 0.002324078 -0.001839639 0.999995649 31.850618362
0.999993324 0.001968940 -0.003068892 0.692992926 -0.001964956 0.999997199 0.001300466 -0.893732727 0.003071443 -0.001294427 0.999994457 32.388767242
0.999992788 0.002532866 -0.002832448 0.698924839 -0.002530194 0.999996305 0.000946164 -0.902244449 0.002834833 -0.000938990 0.999995530 32.934535980
0.999992430 0.002785021 -0.002692007 0.701846838 -0.002781537 0.999995291 0.001296893 -0.922808290 0.002695605 -0.001289396 0.999995530 33.482433319
0.999993622 0.002104580 -0.002886136 0.713353515 -0.002102019 0.999997318 0.000890259 -0.933647752 0.002888002 -0.000884187 0.999995410 34.023780823
0.999991536 0.002482285 -0.003287775 0.720050275 -0.002477463 0.999995828 0.001469703 -0.953435183 0.003291409 -0.001461545 0.999993503 34.546558380
0.999991179 0.002320072 -0.003495815 0.738496900 -0.002314296 0.999996066 0.001655329 -0.969785333 0.003499641 -0.001647224 0.999992490 35.079502106
0.999990940 0.002628291 -0.003349384 0.749708891 -0.002624248 0.999995828 0.001211148 -0.979931116 0.003352553 -0.001202348 0.999993682 35.622852325
0.999990582 0.002520225 -0.003526219 0.759758830 -0.002517506 0.999996543 0.000775025 -0.989807069 0.003528160 -0.000766140 0.999993503 36.177600861
0.999992013 0.002938844 -0.002715682 0.760098815 -0.002936969 0.999995470 0.000694107 -1.004281282 0.002717710 -0.000686126 0.999996066 36.733951569
0.999990046 0.003410887 -0.002881811 0.766130984 -0.003408743 0.999993920 0.000748754 -1.018654346 0.002884347 -0.000738923 0.999995589 37.257286072
0.999987960 0.003188161 -0.003716019 0.787130356 -0.003185349 0.999994576 0.000762600 -1.031517982 0.003718430 -0.000750754 0.999992788 37.808139801
0.999987900 0.003743978 -0.003197210 0.789111614 -0.003742827 0.999992847 0.000365864 -1.044547319 0.003198557 -0.000353892 0.999994814 38.360443115
0.999986470 0.004052465 -0.003268840 0.799234211 -0.004050890 0.999991655 0.000488463 -1.059024572 0.003270792 -0.000475215 0.999994516 38.902992249
0.999983966 0.004799083 -0.003013703 0.801131368 -0.004798000 0.999988437 0.000366927 -1.075026751 0.003015429 -0.000352461 0.999995410 39.439018250
0.999983132 0.004947586 -0.003045940 0.819564581 -0.004944974 0.999987423 0.000864909 -1.098720193 0.003050181 -0.000849832 0.999994993 39.982517242
0.999982715 0.005233081 -0.002678396 0.829778671 -0.005231982 0.999986231 0.000417241 -1.099506259 0.002680542 -0.000403220 0.999996305 40.546276093
0.999981582 0.005576554 -0.002388930 0.833577394 -0.005576180 0.999984384 0.000162856 -1.119380593 0.002389801 -0.000149532 0.999997139 41.102554321
0.999979913 0.005693721 -0.002788160 0.843749940 -0.005693788 0.999983788 -0.000016136 -1.123648167 0.002788023 0.000032011 0.999996126 41.663173676
0.999980927 0.005632458 -0.002527544 0.848187864 -0.005633394 0.999984086 -0.000363015 -1.140016794 0.002525459 0.000377247 0.999996722 42.211719513
0.999978662 0.005980126 -0.002595783 0.859437346 -0.005980575 0.999982059 -0.000165450 -1.153191090 0.002594747 0.000180970 0.999996603 42.766323090
0.999975264 0.006765557 -0.001917898 0.856213570 -0.006764976 0.999977052 0.000308904 -1.168378830 0.001919944 -0.000295922 0.999998033 43.302055359
0.999976039 0.006784271 -0.001358326 0.854851842 -0.006784373 0.999976993 -0.000069968 -1.186653137 0.001357820 0.000079181 0.999999046 43.856655121
0.999980569 0.005953776 -0.001835715 0.868903816 -0.005953361 0.999982238 0.000231716 -1.200680971 0.001837062 -0.000220782 0.999998212 44.382415771
0.999973655 0.006923379 -0.002153814 0.882606864 -0.006923436 0.999975979 -0.000018874 -1.218498111 0.002153632 0.000033785 0.999997675 44.926769257
0.999976218 0.006737472 -0.001445288 0.892344296 -0.006737587 0.999977291 -0.000074731 -1.231385708 0.001444751 0.000084467 0.999998868 45.484176636
0.999972045 0.007348157 -0.001320211 0.900297701 -0.007347977 0.999972939 0.000142355 -1.254270911 0.001321221 -0.000132650 0.999999106 46.052997589
0.999967635 0.007967649 -0.001202300 0.910092652 -0.007967501 0.999968171 0.000129584 -1.269144058 0.001203295 -0.000120001 0.999999285 46.586746216
0.999962509 0.008653101 -0.000194793 0.910198033 -0.008653156 0.999962449 -0.000282068 -1.278816104 0.000192345 0.000283743 0.999999940 47.139110565
0.999975026 0.006788900 -0.001975468 0.949774563 -0.006787763 0.999976814 0.000581718 -1.295482755 0.001979371 -0.000568294 0.999997854 47.695705414
0.999965489 0.008271450 -0.000772844 0.939577520 -0.008271091 0.999965668 0.000467754 -1.312218904 0.000776686 -0.000461345 0.999999583 48.227466583
0.999971211 0.007469015 -0.001348697 0.970008492 -0.007467756 0.999971688 0.000937128 -1.331677794 0.001355658 -0.000927029 0.999998629 48.756462097
0.999968350 0.007853778 -0.001253970 0.968919516 -0.007853427 0.999969125 0.000282949 -1.349329472 0.001256154 -0.000273093 0.999999166 49.326549530
0.999971807 0.007313540 -0.001713953 0.998921394 -0.007312088 0.999972999 0.000851079 -1.373231769 0.001720131 -0.000838522 0.999998152 49.877834320
0.999977529 0.006508321 -0.001589520 1.007444024 -0.006506528 0.999978185 0.001131566 -1.385903835 0.001596850 -0.001121198 0.999998033 50.413089752
0.999974728 0.006949307 -0.001491719 1.015155435 -0.006948844 0.999975801 0.000315986 -1.393537164 0.001493879 -0.000305613 0.999998808 50.938465118
0.999968886 0.007819216 -0.001044938 1.028423309 -0.007818139 0.999968886 0.001029020 -1.423666477 0.001052952 -0.001020819 0.999998927 51.491710663
0.999970615 0.007523919 -0.001474340 1.036164165 -0.007523207 0.999971569 0.000488384 -1.432856679 0.001477972 -0.000477278 0.999998808 52.024085999
0.999971986 0.007268779 -0.001797192 1.047466278 -0.007268022 0.999973476 0.000426647 -1.450821638 0.001800245 -0.000413573 0.999998271 52.565769196
0.999966323 0.008147038 -0.000941663 1.050087333 -0.008146451 0.999966562 0.000625550 -1.472511292 0.000946728 -0.000617858 0.999999344 53.079711914
0.999976993 0.006375231 -0.002282548 1.077132702 -0.006374218 0.999979496 0.000450417 -1.482990503 0.002285373 -0.000435857 0.999997318 53.609443665
0.999968469 0.007844043 -0.001246875 1.072011352 -0.007842538 0.999968648 0.001205266 -1.516705990 0.001256290 -0.001195449 0.999998450 54.179378510
0.999978244 0.006474164 -0.001277360 1.091892004 -0.006474348 0.999979019 -0.000140651 -1.506279945 0.001276422 0.000148918 0.999999166 54.730777740
0.999976754 0.006599550 -0.001723771 1.111937881 -0.006599080 0.999978185 0.000278856 -1.536296248 0.001725574 -0.000267474 0.999998450 55.242504120
0.999969721 0.007688017 -0.001193115 1.115345836 -0.007687841 0.999970436 0.000152369 -1.540170908 0.001194251 -0.000143192 0.999999285 55.794681549
0.999977648 0.006592164 -0.001230340 1.124935508 -0.006591850 0.999978364 0.000259885 -1.555699587 0.001232026 -0.000251769 0.999999225 56.347850800
0.999972999 0.007257928 -0.001131351 1.132940769 -0.007257938 0.999973655 -0.000006732 -1.572024107 0.001131273 0.000014943 0.999999344 56.892704010
0.999972939 0.007276913 -0.001044657 1.132146358 -0.007276669 0.999973416 0.000238098 -1.588803649 0.001046362 -0.000230490 0.999999404 57.444229126
0.999972045 0.007417267 -0.000938556 1.138821125 -0.007417342 0.999972403 -0.000077416 -1.603047013 0.000937956 0.000084376 0.999999583 58.000789642
0.999974489 0.006974593 -0.001526839 1.157920480 -0.006975265 0.999975562 -0.000434432 -1.610654950 0.001523772 0.000445071 0.999998689 58.549873352
0.999972224 0.007331807 -0.001321498 1.166796684 -0.007332795 0.999972761 -0.000744501 -1.616898298 0.001316004 0.000754171 0.999998868 59.105895996
0.999972701 0.007191481 -0.001661017 1.179373264 -0.007193389 0.999973476 -0.001145441 -1.631792426 0.001652735 0.001157358 0.999997973 59.651592255
0.999972939 0.007175573 -0.001585296 1.192551136 -0.007177289 0.999973655 -0.001079875 -1.646690369 0.001577505 0.001091224 0.999998152 60.198665619
0.999969721 0.007585538 -0.001706610 1.202597976 -0.007587300 0.999970615 -0.001028702 -1.660278797 0.001698756 0.001041620 0.999998033 60.743835449
0.999969542 0.007645351 -0.001575995 1.219184399 -0.007646265 0.999970555 -0.000574711 -1.687248945 0.001571555 0.000586744 0.999998510 61.284397125
0.999969602 0.007616813 -0.001640067 1.230499864 -0.007617749 0.999970853 -0.000565718 -1.702311158 0.001635710 0.000578195 0.999998450 61.840049744
0.999972463 0.007295947 -0.001367463 1.241586328 -0.007296989 0.999973118 -0.000758798 -1.714773059 0.001361890 0.000768755 0.999998748 62.384346008
0.999969184 0.007770288 -0.001061317 1.249258399 -0.007770719 0.999969721 -0.000403379 -1.738791943 0.001058150 0.000411613 0.999999344 62.938278198
0.999972761 0.007240063 -0.001448609 1.264119744 -0.007240708 0.999973655 -0.000441477 -1.751476288 0.001445374 0.000451954 0.999998808 63.479701996
0.999969363 0.007643097 -0.001692861 1.273106217 -0.007642671 0.999970734 0.000258004 -1.777957439 0.001694783 -0.000245058 0.999998510 64.016807556
0.999969304 0.007735801 -0.001211785 1.282642603 -0.007736249 0.999969959 -0.000366091 -1.787075043 0.001208916 0.000375454 0.999999225 64.574058533
0.999967992 0.007801497 -0.001785973 1.296577692 -0.007800190 0.999969304 0.000737457 -1.810656548 0.001791672 -0.000723503 0.999998152 65.109375000
0.999970913 0.007389617 -0.001897700 1.309574246 -0.007389606 0.999972641 0.000011867 -1.817298174 0.001897736 0.000002156 0.999998212 65.656852722
0.999968886 0.007707319 -0.001690131 1.317471623 -0.007707101 0.999970257 0.000135365 -1.834777474 0.001691124 -0.000122335 0.999998510 66.202735901
0.999966383 0.008124283 -0.001060189 1.318506360 -0.008124387 0.999966919 -0.000095559 -1.844467521 0.001059378 0.000104169 0.999999404 66.753593445
0.999967635 0.007958501 -0.001172378 1.336741090 -0.007958784 0.999968290 -0.000236869 -1.864117980 0.001170456 0.000246193 0.999999225 67.304122925
0.999968290 0.007925535 -0.000755765 1.338402033 -0.007925912 0.999968469 -0.000496663 -1.874811769 0.000751804 0.000502637 0.999999583 67.864906311
0.999971747 0.007449391 -0.001018432 1.357686520 -0.007449624 0.999972224 -0.000226056 -1.897201061 0.001016720 0.000233637 0.999999464 68.402038574
0.999965191 0.008328683 -0.000549347 1.356378555 -0.008328946 0.999965131 -0.000473916 -1.910285115 0.000545381 0.000478475 0.999999702 68.947753906
0.999966025 0.008205926 -0.000760736 1.365610361 -0.008206447 0.999966025 -0.000682065 -1.920308232 0.000755113 0.000688285 0.999999464 69.488334656
0.999967039 0.008016472 -0.001246935 1.384487152 -0.008016579 0.999967873 -0.000080585 -1.944712520 0.001246249 0.000090579 0.999999225 70.031059265
0.999969482 0.007712689 -0.001225495 1.401929736 -0.007713833 0.999969840 -0.000930229 -1.947505832 0.001218283 0.000939654 0.999998808 70.568908691
0.999965549 0.008061889 -0.001944074 1.413748980 -0.008063308 0.999967217 -0.000724001 -1.966273904 0.001938173 0.000739652 0.999997795 71.108566284
0.999969900 0.007643580 -0.001334940 1.425341964 -0.007644755 0.999970376 -0.000877721 -1.982270479 0.001328191 0.000887900 0.999998748 71.657234192
0.999962449 0.008602426 -0.001018071 1.429787636 -0.008603618 0.999962211 -0.001173944 -1.992810607 0.001007934 0.001182658 0.999998808 72.201545715
0.999964893 0.008311873 -0.001045806 1.438127279 -0.008313027 0.999964774 -0.001101340 -2.018177509 0.001036615 0.001109995 0.999998868 72.753448486
0.999972820 0.007053276 -0.002143681 1.475441813 -0.007054202 0.999975026 -0.000425025 -2.047508717 0.002140629 0.000440135 0.999997616 73.285804749
0.999966264 0.008017715 -0.001785804 1.461064696 -0.008020016 0.999966979 -0.001283398 -2.044660568 0.001775455 0.001297676 0.999997497 73.857490540
0.999977350 0.006362746 -0.002168207 1.469357133 -0.006363778 0.999979615 -0.000469198 -2.093481302 0.002165177 0.000482985 0.999997556 74.376266479
0.999968290 0.007601692 -0.002375569 1.489328861 -0.007603805 0.999970675 -0.000880409 -2.088224888 0.002368807 0.000898445 0.999996722 74.932952881
0.999975920 0.006429336 -0.002607372 1.503740907 -0.006432802 0.999978423 -0.001323329 -2.098252773 0.002598807 0.001340069 0.999995708 75.491333008
0.999976695 0.006388728 -0.002415444 1.500812650 -0.006391212 0.999979019 -0.001022573 -2.121016502 0.002408860 0.001037986 0.999996483 76.022323608
0.999971449 0.007093083 -0.002602997 1.512218833 -0.007095856 0.999974191 -0.001057622 -2.135725975 0.002595428 0.001076062 0.999996066 76.553039551
0.999975741 0.006552098 -0.002357933 1.516372561 -0.006555612 0.999977529 -0.001486158 -2.153386354 0.002348142 0.001501580 0.999996066 77.142196655
0.999970853 0.007381526 -0.001965934 1.524423480 -0.007383524 0.999972224 -0.001011546 -2.165828705 0.001958412 0.001026032 0.999997556 77.666343689
0.999969065 0.007437752 -0.002551948 1.535592198 -0.007440070 0.999971867 -0.000900401 -2.187954903 0.002545180 0.000919360 0.999996364 78.202644348
0.999970078 0.007292994 -0.002571610 1.546721339 -0.007296285 0.999972582 -0.001272072 -2.203235149 0.002562263 0.001290798 0.999995828 78.764633179
0.999976218 0.006299242 -0.002782988 1.574004292 -0.006302728 0.999979377 -0.001246216 -2.222951174 0.002775080 0.001263726 0.999995351 79.314018250
0.999974430 0.006772704 -0.002266319 1.556683421 -0.006774275 0.999976814 -0.000686328 -2.244540930 0.002261618 0.000701663 0.999997199 79.870002747
0.999971449 0.007052097 -0.002724240 1.588585615 -0.007055141 0.999974489 -0.001109016 -2.256113052 0.002716350 0.001128204 0.999995649 80.430656433
0.999973178 0.007254535 -0.001001425 1.584034681 -0.007256154 0.999972284 -0.001622160 -2.266085386 0.000989630 0.001629382 0.999998212 80.977455139
0.999967098 0.008105087 0.000265623 1.589802980 -0.008104797 0.999966502 -0.001068822 -2.284415483 -0.000274277 0.001066634 0.999999404 81.504913330
0.999969959 0.007630899 0.001339550 1.604672670 -0.007629144 0.999970019 -0.001310205 -2.298293114 -0.001349507 0.001299946 0.999998271 82.079971313
0.999963760 0.008157409 0.002488309 1.618155003 -0.008152859 0.999965072 -0.001833343 -2.306584358 -0.002503178 0.001812989 0.999995232 82.615425110
0.999947488 0.008133159 0.006233520 1.630927563 -0.008120927 0.999965072 -0.001984842 -2.322631836 -0.006249445 0.001934116 0.999978542 83.160369873
0.999922991 0.008226035 0.009295296 1.672510982 -0.008211268 0.999964893 -0.001625423 -2.334841251 -0.009308341 0.001548971 0.999955475 83.722846985
0.999889731 0.007616726 0.012749943 1.681585073 -0.007591486 0.999969125 -0.002026852 -2.336365700 -0.012764989 0.001929837 0.999916673 84.290252686
0.999819458 0.008202705 0.017141314 1.707734704 -0.008180826 0.999965549 -0.001346175 -2.365635157 -0.017151771 0.001205702 0.999852180 84.832901001
0.999704659 0.007680966 0.023050249 1.735723376 -0.007629139 0.999968112 -0.002335483 -2.370630264 -0.023067452 0.002158939 0.999731600 85.375762939
0.999557018 0.007984069 0.028668938 1.766841888 -0.007930732 0.999966621 -0.001973644 -2.398640156 -0.028683735 0.001745405 0.999586999 85.910194397
0.999365985 0.008083614 0.034673125 1.793879628 -0.008003493 0.999965072 -0.002448946 -2.409142971 -0.034691699 0.002169887 0.999395728 86.459411621
0.999015689 0.009101048 0.043414883 1.832468987 -0.009026420 0.999957442 -0.001914673 -2.428847790 -0.043430459 0.001520907 0.999055266 87.017234802
0.998635948 0.007913582 0.051610790 1.876679420 -0.007822088 0.999967456 -0.001974513 -2.452008724 -0.051624741 0.001568116 0.998665273 87.533256531
0.998261154 0.007721270 0.058438633 1.923726797 -0.007608308 0.999968708 -0.002155235 -2.461194038 -0.058453448 0.001706868 0.998288691 88.065879822
0.997690082 0.008110223 0.067443147 1.974159956 -0.007990936 0.999965966 -0.002038253 -2.473309517 -0.067457370 0.001494611 0.997720957 88.614875793
0.996995687 0.007869457 0.077055790 2.050403595 -0.007703700 0.999967337 -0.002448174 -2.488434553 -0.077072546 0.001847204 0.997023761 89.145347595
0.996236324 0.007331701 0.086367011 2.096941471 -0.007161047 0.999971747 -0.002285571 -2.502812147 -0.086381316 0.001658491 0.996260762 89.701126099
0.995571375 0.007174726 0.093735717 2.171480179 -0.006992351 0.999972939 -0.002273942 -2.527395725 -0.093749508 0.001608438 0.995594501 90.242324829
0.994440258 0.007449962 0.105038561 2.246663570 -0.007222817 0.999970675 -0.002542698 -2.540454865 -0.105054431 0.001769887 0.994464874 90.783454895
0.993274391 0.006756518 0.115587153 2.326737404 -0.006521913 0.999975860 -0.002407745 -2.560699940 -0.115600638 0.001637702 0.993294418 91.321739197
0.992160320 0.006759776 0.124788769 2.410778999 -0.006482187 0.999975502 -0.002630387 -2.569243908 -0.124803461 0.001800862 0.992179871 91.867645264
0.990688264 0.007167093 0.135961100 2.512558937 -0.006934466 0.999973536 -0.002184507 -2.586406469 -0.135973170 0.001221348 0.990711749 92.407012939
0.988967776 0.006738514 0.147977576 2.602522850 -0.006395191 0.999975622 -0.002795781 -2.603426218 -0.147992820 0.001818593 0.988986731 92.940948486
0.987276137 0.006124849 0.158897951 2.705257416 -0.005749872 0.999979436 -0.002819494 -2.618768692 -0.158911929 0.001869976 0.987290919 93.484855652
0.985579908 0.005901054 0.169107795 2.819248199 -0.005512528 0.999980986 -0.002766917 -2.638417482 -0.169120908 0.001794807 0.985593677 94.010017395
0.983242333 0.006467236 0.182188645 2.940495491 -0.006091245 0.999977946 -0.002623237 -2.656440258 -0.182201609 0.001469522 0.983260095 94.538063049
0.980897367 0.005239344 0.194455042 3.067625046 -0.004731704 0.999984086 -0.003074965 -2.665929317 -0.194468066 0.002096121 0.980906606 95.068641663
0.978744030 0.005443783 0.205013260 3.192930222 -0.004955357 0.999983668 -0.002895750 -2.687471390 -0.205025718 0.001818285 0.978754878 95.592178345
0.975901246 0.004870101 0.218157992 3.331401825 -0.004296482 0.999985874 -0.003103670 -2.698483229 -0.218170032 0.002091563 0.975908518 96.132965088
0.972914636 0.005254305 0.231104612 3.485927582 -0.004730801 0.999984980 -0.002819319 -2.716065884 -0.231115937 0.001649648 0.972924829 96.656860352
0.970308542 0.003604837 0.241843730 3.629188538 -0.002968454 0.999991119 -0.002995691 -2.737757683 -0.241852373 0.002188842 0.970310688 97.157745361
0.967415750 0.002889694 0.253176659 3.787078857 -0.002183595 0.999992967 -0.003069909 -2.752945185 -0.253183752 0.002417044 0.967415214 97.653800964
0.963584065 0.003854416 0.267377496 3.970752716 -0.003043050 0.999989450 -0.003448831 -2.760694265 -0.267387897 0.002509596 0.963585615 98.196739197
0.959899902 0.004142675 0.280312121 4.141798019 -0.003226138 0.999987781 -0.003731033 -2.770852566 -0.280324131 0.002677093 0.959901631 98.714904785
0.956613719 0.003487989 0.291338205 4.316793442 -0.002663505 0.999991238 -0.003226536 -2.794425488 -0.291346878 0.002310569 0.956614673 99.230247498
0.952378452 0.003112801 0.304902673 4.498348236 -0.002191862 0.999991894 -0.003362693 -2.809351206 -0.304910719 0.002534253 0.952377558 99.739967346
0.947926104 0.002579825 0.318479836 4.700164795 -0.001499835 0.999992251 -0.003636249 -2.821981668 -0.318486750 0.002969229 0.947922647 100.249588013
0.944083035 0.002463891 0.329698622 4.895141602 -0.001339693 0.999992490 -0.003636930 -2.834760904 -0.329705089 0.002991870 0.944079220 100.744468689
0.939198673 0.002979049 0.343361229 5.099981308 -0.001616270 0.999989688 -0.004255048 -2.850403070 -0.343370289 0.003441371 0.939193785 101.269348145
0.934205830 0.001204527 0.356732190 5.324882507 0.000052604 0.999993801 -0.003514296 -2.869407415 -0.356734186 0.003301841 0.934200108 101.762252808
0.929462135 0.001526233 0.368914396 5.545000076 -0.000182296 0.999993145 -0.003677775 -2.884547949 -0.368917495 0.003351101 0.929456115 102.266708374
0.924972296 0.000401917 0.380034328 5.778526306 0.001342566 0.999989748 -0.004325267 -2.891391039 -0.380032212 0.004510973 0.924962223 102.770957947
0.918910623 0.000590001 0.394465297 6.011455536 0.001007895 0.999992132 -0.003843588 -2.913532972 -0.394464463 0.003929494 0.918902755 103.249794006
0.913257718 0.000014535 0.407382548 6.252281189 0.001570079 0.999992430 -0.003555433 -2.934413910 -0.407379657 0.003886648 0.913250685 103.728836060
0.908237278 -0.000659010 0.418454826 6.498222351 0.002673486 0.999987483 -0.004227835 -2.947827101 -0.418446839 0.004958611 0.908227742 104.212211609
0.902007341 -0.000788816 0.431720018 6.751621246 0.002731477 0.999988675 -0.003879842 -2.966929436 -0.431712061 0.004678879 0.901999235 104.689926147
0.895172417 -0.001363209 0.445717901 7.009132385 0.003383228 0.999987304 -0.003736401 -2.988225460 -0.445707142 0.004852688 0.895165682 105.162292480
0.889575660 -0.002531758 0.456780702 7.281303406 0.004510515 0.999984562 -0.003241657 -3.010824680 -0.456765473 0.004944015 0.889573395 105.606300354
0.883946359 -0.003039189 0.467578441 7.558059692 0.005093341 0.999982059 -0.003129113 -3.025037527 -0.467560560 0.005147504 0.883946002 106.085998535
0.876580656 -0.002316662 0.481249422 7.836101532 0.004195690 0.999987185 -0.002828532 -3.049579620 -0.481236786 0.004498609 0.876579106 106.569335938
0.869547546 -0.002615268 0.493842334 8.129096985 0.004829289 0.999983132 -0.003207648 -3.062206984 -0.493825644 0.005174110 0.869545519 107.026344299
