1.000000000 0.000000000 0.000000000 0.000000000 0.000000000 1.000000000 0.000000000 0.000000000 0.000000000 0.000000000 1.000000000 0.000000000
1.000000000 0.000150903 -0.000102360 0.000671870 -0.000150903 1.000000000 -0.000003199 -0.000281644 0.000102360 0.000003215 1.000000000 -0.001753562
1.000000000 0.000201657 0.000120292 -0.001009238 -0.000201654 1.000000000 -0.000020100 0.000337604 -0.000120296 0.000020076 1.000000000 -0.000281018
1.000000000 0.000041611 -0.000070089 0.000523380 -0.000041613 1.000000000 -0.000027887 -0.000096829 0.000070088 0.000027890 1.000000000 -0.002734665
1.000000000 -0.000093701 -0.000148930 0.001067596 0.000093689 1.000000000 -0.000083591 -0.000048159 0.000148938 0.000083577 1.000000000 -0.001661455
1.000000000 -0.000093213 0.000033496 0.000373818 0.000093214 1.000000000 -0.000041445 -0.000100031 -0.000033492 0.000041448 1.000000000 -0.000312560
1.000000000 0.000055095 0.000036256 0.000738442 -0.000055094 1.000000000 -0.000042121 0.000470207 -0.000036259 0.000042119 1.000000000 0.000006475
0.999999940 -0.000260666 -0.000054146 0.001525684 0.000260666 0.999999940 0.000000610 0.000166526 0.000054146 -0.000000624 1.000000000 -0.000496667
1.000000000 -0.000116615 0.000004286 0.000924510 0.000116615 1.000000000 0.000014390 0.000893150 -0.000004288 -0.000014389 1.000000000 0.000873401
1.000000000 -0.000065468 -0.000192842 0.001937909 0.000065480 1.000000000 0.000063219 -0.000914747 0.000192838 -0.000063231 1.000000000 -0.001984206
1.000000000 -0.000040166 -0.000012027 0.000708233 0.000040166 1.000000000 0.000028767 0.000006709 0.000012026 -0.000028768 1.000000000 -0.000612413
1.000000000 -0.000027140 -0.000113460 0.000364400 0.000027166 1.000000000 0.000223265 -0.001532112 0.000113454 -0.000223268 0.999999940 -0.001117582
1.000000000 -0.000135788 -0.000042768 -0.000369453 0.000135794 1.000000000 0.000150423 -0.000285188 0.000042748 -0.000150429 1.000000000 0.000697265
1.000000000 -0.000200615 -0.000098570 0.000876398 0.000200639 0.999999940 0.000250890 -0.001729463 0.000098520 -0.000250910 0.999999940 -0.002121192
0.999999940 -0.000271560 -0.000142529 0.001372524 0.000271584 0.999999940 0.000171354 -0.001579486 0.000142482 -0.000171393 1.000000000 -0.002735655
1.000000000 -0.000002657 0.000089289 0.000268160 0.000002655 1.000000000 0.000014974 0.000257253 -0.000089289 -0.000014973 1.000000000 0.000084615
1.000000000 -0.000007152 0.000074057 -0.000144649 0.000007131 0.999999940 0.000283635 -0.001323935 -0.000074059 -0.000283635 0.999999940 -0.000233949
1.000000000 -0.000118857 -0.000123039 0.001363957 0.000118870 1.000000000 0.000106660 -0.000968506 0.000123026 -0.000106675 1.000000000 -0.002167208
1.000000000 0.000018705 0.000237189 -0.001500667 -0.000018733 1.000000000 0.000117443 -0.000063529 -0.000237187 -0.000117448 0.999999940 0.001217916
1.000000000 0.000008031 0.000104384 -0.000563316 -0.000008027 1.000000000 -0.000043041 0.000337725 -0.000104384 0.000043040 1.000000000 -0.000484947
1.000000000 0.000016238 -0.000070342 0.000322037 -0.000016229 1.000000000 0.000126844 -0.000687735 0.000070344 -0.000126843 1.000000000 0.000024826
1.000000000 -0.000004266 0.000114026 -0.000559229 0.000004240 1.000000000 0.000228822 -0.001332321 -0.000114027 -0.000228822 0.999999940 -0.000275929
1.000000000 0.000007713 0.000036765 -0.000078958 -0.000007720 1.000000000 0.000184987 0.000151790 -0.000036763 -0.000184987 1.000000000 0.000548703
1.000000000 0.000168839 -0.000064859 0.001075438 -0.000168832 1.000000000 0.000118634 -0.000961847 0.000064879 -0.000118623 1.000000000 -0.002644732
1.000000000 -0.000005363 -0.000218189 0.002379127 0.000005380 1.000000000 0.000076168 -0.000432065 0.000218189 -0.000076169 1.000000000 -0.003228893
1.000000000 0.000194002 -0.000099158 0.000252739 -0.000194011 1.000000000 -0.000090528 0.000625212 0.000099140 0.000090548 1.000000000 -0.000713470
1.000000000 0.000147028 -0.000056546 -0.000401516 -0.000147028 1.000000000 -0.000007652 0.000052830 0.000056545 0.000007661 1.000000000 -0.000256175
1.000000000 -0.000035222 -0.000154719 0.000222379 0.000035237 1.000000000 0.000093431 0.000191040 0.000154716 -0.000093437 1.000000000 -0.000081082
1.000000000 -0.000005212 -0.000166885 0.000780307 0.000005223 1.000000000 0.000066090 -0.001063114 0.000166884 -0.000066090 1.000000000 -0.002370275
0.999999940 0.000201041 -0.000150540 0.000515088 -0.000201009 0.999999940 0.000211181 -0.001485666 0.000150583 -0.000211151 0.999999940 -0.003273835
1.000000000 0.000024455 -0.000085388 0.000317796 -0.000024450 1.000000000 0.000055734 -0.000341272 0.000085390 -0.000055732 1.000000000 -0.001425173
1.000000000 0.000055989 -0.000001004 0.000761320 -0.000055989 1.000000000 0.000049668 -0.000581296 0.000001007 -0.000049668 1.000000000 -0.001941672
1.000000000 -0.000041852 -0.000197030 0.000902103 0.000041859 1.000000000 0.000033919 0.000278240 0.000197029 -0.000033928 1.000000000 0.000261190
1.000000000 0.000096051 -0.000119128 0.000570827 -0.000096055 1.000000000 -0.000039501 0.001563613 0.000119124 0.000039513 1.000000000 0.001567026
1.000000000 -0.000084821 -0.000160366 0.001963584 0.000084802 1.000000000 -0.000116304 0.001338163 0.000160376 0.000116290 1.000000000 -0.001966325
1.000000000 -0.000073044 0.000061774 -0.001248200 0.000073050 1.000000000 -0.000091958 0.002170882 -0.000061767 0.000091962 1.000000000 0.002441096
1.000000000 -0.000107285 -0.000046371 0.000701766 0.000107288 1.000000000 0.000063236 0.000293594 0.000046365 -0.000063241 1.000000000 -0.000988204
0.999999940 -0.000219612 -0.000113578 0.001372076 0.000219608 1.000000000 -0.000038756 0.001038313 0.000113587 0.000038731 1.000000000 0.000141713
1.000000000 -0.000059564 0.000132353 0.000187375 0.000059564 1.000000000 0.000003279 0.000460362 -0.000132353 -0.000003271 1.000000000 0.001258891
0.999999881 -0.000442530 0.000104088 0.002363532 0.000442604 0.999999642 -0.000705633 -0.001739253 -0.000103776 0.000705679 0.999999762 0.052248627
1.000000000 0.000174183 0.000037396 0.002251972 -0.000174140 0.999999344 -0.001128373 -0.006227670 -0.000037592 0.001128367 0.999999344 0.134266540
0.999999940 0.000376130 -0.000142634 0.005056459 -0.000376334 0.999998927 -0.001428671 -0.007743855 0.000142097 0.001428724 0.999998987 0.250766903
0.999999881 0.000420939 -0.000096192 0.006579092 -0.000421053 0.999999225 -0.001184271 -0.013155722 0.000095694 0.001184311 0.999999285 0.381142586
0.999999940 0.000309755 -0.000039786 0.011403969 -0.000309784 0.999999702 -0.000732625 -0.023175854 0.000039559 0.000732637 0.999999702 0.513955116
0.999999940 0.000384874 -0.000097153 0.016365517 -0.000384936 0.999999762 -0.000643978 -0.029085604 0.000096905 0.000644016 0.999999762 0.661681950
0.999999940 0.000338411 -0.000049110 0.019602291 -0.000338437 0.999999821 -0.000531260 -0.032413475 0.000048930 0.000531276 0.999999881 0.824203312
0.999999940 0.000264451 0.000026951 0.023766510 -0.000264443 0.999999881 -0.000293948 -0.039741375 -0.000027029 0.000293941 0.999999940 0.993870616
0.999999940 0.000262014 -0.000038591 0.027514620 -0.000262026 0.999999881 -0.000288402 -0.042616807 0.000038515 0.000288412 0.999999940 1.172287464
0.999999940 0.000121278 -0.000271434 0.033084407 -0.000121283 1.000000000 -0.000015531 -0.046306413 0.000271432 0.000015564 0.999999940 1.366741896
0.999999940 0.000189447 -0.000176895 0.037786417 -0.000189436 1.000000000 0.000058308 -0.052391935 0.000176906 -0.000058275 0.999999940 1.550739884
0.999999940 0.000186116 -0.000207082 0.042641319 -0.000186139 1.000000000 -0.000111872 -0.051631104 0.000207061 0.000111911 0.999999940 1.752938509
0.999999881 0.000435428 -0.000208690 0.044249721 -0.000435417 0.999999881 0.000053814 -0.059964832 0.000208713 -0.000053723 0.999999940 1.951502442
0.999999821 0.000606627 -0.000025541 0.043303385 -0.000606620 0.999999702 0.000269135 -0.069951065 0.000025704 -0.000269119 0.999999940 2.171272755
0.999999762 0.000708876 -0.000096018 0.047913674 -0.000708877 0.999999702 -0.000013478 -0.074471846 0.000096008 0.000013546 0.999999940 2.386567354
0.999999881 0.000490482 -0.000156782 0.056138415 -0.000490426 0.999999821 0.000353624 -0.083755389 0.000156955 -0.000353547 0.999999940 2.603847027
0.999999404 0.001109350 0.000014062 0.058632098 -0.001109354 0.999999285 0.000325093 -0.090909429 -0.000013702 -0.000325108 0.999999940 2.835597515
0.999999702 0.000772947 0.000103379 0.064823687 -0.000772979 0.999999642 0.000309878 -0.095503427 -0.000103140 -0.000309958 0.999999940 3.064603567
0.999999881 0.000330142 -0.000252190 0.070709705 -0.000330054 0.999999881 0.000349319 -0.102877237 0.000252305 -0.000349236 0.999999881 3.328580379
0.999999881 0.000299919 -0.000521721 0.081528887 -0.000299746 0.999999881 0.000332283 -0.111811854 0.000521821 -0.000332127 0.999999762 3.573819637
0.999999881 0.000459149 -0.000211169 0.082005598 -0.000459145 0.999999940 0.000017942 -0.114397913 0.000211177 -0.000017845 0.999999940 3.834095240
0.999999881 0.000489982 -0.000101729 0.083330408 -0.000489983 0.999999881 -0.000016304 -0.117650621 0.000101721 0.000016354 1.000000000 4.094960690
0.999999940 0.000513561 -0.000110384 0.085288741 -0.000513472 0.999999523 0.000808209 -0.130156890 0.000110799 -0.000808152 0.999999702 4.337865353
0.999999404 0.001087390 -0.000065572 0.092916392 -0.001087358 0.999999285 0.000481868 -0.135502502 0.000066096 -0.000481797 0.999999881 4.597446918
0.999999523 0.000938998 -0.000251402 0.103366233 -0.000938799 0.999999285 0.000789833 -0.146549493 0.000252144 -0.000789597 0.999999642 4.845331669
0.999999523 0.000924792 -0.000194426 0.110052407 -0.000924613 0.999999106 0.000920260 -0.152806386 0.000195277 -0.000920080 0.999999583 5.112919807
0.999999881 0.000360256 -0.000286942 0.114064470 -0.000360088 0.999999762 0.000586668 -0.158007532 0.000287154 -0.000586565 0.999999762 5.374702454
0.999999404 0.000995924 0.000272267 0.114770152 -0.000996050 0.999999404 0.000461119 -0.162775844 -0.000271808 -0.000461390 0.999999821 5.646963596
0.999999762 0.000586829 -0.000198538 0.123032339 -0.000586682 0.999999642 0.000738162 -0.171713725 0.000198971 -0.000738045 0.999999702 5.918467999
0.999999702 0.000606963 -0.000465552 0.135668635 -0.000606467 0.999999285 0.001065412 -0.185641080 0.000466198 -0.001065129 0.999999285 6.191084385
0.999999702 0.000634793 -0.000306562 0.132488936 -0.000634551 0.999999523 0.000788556 -0.192109123 0.000307062 -0.000788361 0.999999583 6.476872921
0.999999821 0.000588202 -0.000063448 0.137735352 -0.000588147 0.999999464 0.000864039 -0.203931823 0.000063956 -0.000864001 0.999999642 6.764548779
0.999999762 0.000553746 0.000252507 0.141236663 -0.000554049 0.999999106 0.001203699 -0.215029657 -0.000251840 -0.001203839 0.999999225 7.065765858
1.000000000 -0.000182425 -0.000066503 0.155490711 0.000182526 0.999998808 0.001522344 -0.223037899 0.000066225 -0.001522356 0.999998808 7.360682487
1.000000000 -0.000329809 -0.000132115 0.160598427 0.000329962 0.999999285 0.001162354 -0.229295745 0.000131732 -0.001162397 0.999999344 7.683614731
0.999999642 0.000630871 -0.000619614 0.177996576 -0.000629601 0.999997735 0.002049253 -0.255454093 0.000620906 -0.002048862 0.999997675 7.976131916
0.999999940 0.000250835 -0.000211757 0.187228426 -0.000250426 0.999998093 0.001929478 -0.255803019 0.000212241 -0.001929425 0.999998093 8.297848701
0.999999702 0.000718345 0.000125872 0.171008214 -0.000718533 0.999998629 0.001497551 -0.268661350 -0.000124796 -0.001497641 0.999998868 8.619688034
0.999999404 0.001090283 0.000280360 0.172699705 -0.001090731 0.999998152 0.001603855 -0.276028812 -0.000278611 -0.001604160 0.999998629 8.959143639
0.999999940 0.000344399 0.000017572 0.185958803 -0.000344429 0.999998510 0.001693545 -0.289715588 -0.000016989 -0.001693551 0.999998569 9.296597481
0.999999762 0.000693015 0.000070183 0.190997809 -0.000693140 0.999998152 0.001803818 -0.297889709 -0.000068933 -0.001803866 0.999998391 9.649065018
0.999999821 0.000474593 0.000139833 0.200574040 -0.000474837 0.999998271 0.001750450 -0.307512015 -0.000139002 -0.001750516 0.999998450 9.979329109
0.999999642 0.000720076 0.000280201 0.201374009 -0.000720696 0.999997258 0.002220954 -0.324131727 -0.000278600 -0.002221155 0.999997437 10.349970818
0.999999523 0.000970905 0.000085544 0.210506633 -0.000971153 0.999995172 0.002950104 -0.340661049 -0.000082679 -0.002950186 0.999995649 10.703329086
0.999999344 0.000924081 0.000536798 0.212738067 -0.000925158 0.999997556 0.002008214 -0.337862879 -0.000534941 -0.002008710 0.999997854 11.088294029
0.999999523 0.000714467 0.000504150 0.221632123 -0.000715559 0.999997437 0.002169708 -0.349114537 -0.000502598 -0.002170068 0.999997556 11.466258049
0.999999821 0.000355988 0.000456118 0.232988581 -0.000357036 0.999997318 0.002299109 -0.362455904 -0.000455298 -0.002299272 0.999997199 11.841116905
0.999999642 -0.000015746 0.000748833 0.238829404 0.000014063 0.999997437 0.002248716 -0.375505447 -0.000748867 -0.002248705 0.999997199 12.226561546
0.999999702 0.000270507 0.000628878 0.251570582 -0.000272038 0.999996960 0.002435814 -0.386707246 -0.000628217 -0.002435984 0.999996841 12.614639282
0.999999166 0.000456829 0.001243508 0.252993792 -0.000459884 0.999996901 0.002458096 -0.394632131 -0.001242381 -0.002458666 0.999996245 13.011275291
0.999999225 0.000745091 0.001000683 0.260324478 -0.000747640 0.999996424 0.002549241 -0.407602161 -0.000998780 -0.002549987 0.999996185 13.409968376
0.999999642 0.000323483 0.000804914 0.272077352 -0.000325471 0.999996841 0.002470773 -0.414531171 -0.000804112 -0.002471034 0.999996603 13.825897217
0.999998569 0.000794720 0.001490931 0.274905831 -0.000798464 0.999996483 0.002512542 -0.426079184 -0.001488930 -0.002513729 0.999995708 14.230091095
0.999998868 0.000283883 0.001479336 0.287178516 -0.000287684 0.999996603 0.002569601 -0.440000355 -0.001478601 -0.002570023 0.999995589 14.651032448
0.999998212 0.000391936 0.001823764 0.293535411 -0.000397503 0.999995172 0.003053149 -0.449850261 -0.001822559 -0.003053868 0.999993682 15.087374687
0.999997914 0.000681887 0.001936362 0.306923211 -0.000687973 0.999994755 0.003144297 -0.467858762 -0.001934208 -0.003145623 0.999993205 15.513869286
0.999997318 0.000737777 0.002167042 0.317963392 -0.000744200 0.999995351 0.002964671 -0.477864742 -0.002164844 -0.002966276 0.999993265 15.951558113
0.999997854 0.000675200 0.001976054 0.330599755 -0.000681038 0.999995410 0.002955307 -0.486285657 -0.001974049 -0.002956646 0.999993682 16.399490356
0.999994993 0.001094902 0.002971173 0.333695471 -0.001101893 0.999996722 0.002352358 -0.497469008 -0.002968588 -0.002355620 0.999992788 16.838401794
0.999994934 0.000804355 0.003085200 0.346432269 -0.000812358 0.999996305 0.002593444 -0.509868324 -0.003083101 -0.002595937 0.999991834 17.297283173
0.999992371 0.001025488 0.003776245 0.355236590 -0.001037034 0.999994814 0.003056986 -0.524073064 -0.003773091 -0.003060879 0.999988198 17.756263733
0.999991596 0.000870191 0.004006322 0.362466514 -0.000880468 0.999996305 0.002564160 -0.531673133 -0.004004075 -0.002567665 0.999988616 18.228446960
0.999990821 0.001072860 0.004141253 0.374490380 -0.001083916 0.999995887 0.002668315 -0.542857349 -0.004138373 -0.002672780 0.999987781 18.705307007
0.999990523 0.001159225 0.004215592 0.390395701 -0.001171694 0.999994934 0.002956670 -0.557802320 -0.004212143 -0.002961582 0.999986768 19.169492722
0.999988973 0.001281051 0.004500971 0.397384524 -0.001292794 0.999995768 0.002607221 -0.570665359 -0.004497611 -0.002613012 0.999986410 19.654081345
0.999990284 0.000956375 0.004285289 0.410372436 -0.000967426 0.999996245 0.002577578 -0.581458271 -0.004282807 -0.002581700 0.999987483 20.148801804
0.999990642 0.001203619 0.004141468 0.424885005 -0.001214542 0.999995828 0.002636064 -0.594984114 -0.004138277 -0.002641069 0.999987960 20.621091843
0.999990702 0.001342864 0.004083652 0.433052748 -0.001356812 0.999993205 0.003414654 -0.616417587 -0.004079039 -0.003420163 0.999985814 21.115430832
0.999990940 0.001852701 0.003831987 0.440203547 -0.001865401 0.999992788 0.003313481 -0.624735475 -0.003825820 -0.003320599 0.999987185 21.621547699
0.999990284 0.002397992 0.003681135 0.442449987 -0.002408682 0.999992847 0.002902212 -0.633008838 -0.003674148 -0.002911051 0.999989033 22.137205124
0.999993742 0.001982687 0.002937319 0.456704676 -0.001993368 0.999991357 0.003637956 -0.655784130 -0.002930081 -0.003643788 0.999989092 22.638305664
0.999994338 0.002112016 0.002610177 0.465714335 -0.002121283 0.999991417 0.003552548 -0.669952095 -0.002602651 -0.003558065 0.999990284 23.160799026
0.999996603 0.001904218 0.001779711 0.480435282 -0.001909925 0.999993086 0.003210252 -0.686683297 -0.001773586 -0.003213641 0.999993265 23.681741714
0.999998093 0.000984901 0.001648675 0.476147383 -0.000990271 0.999994159 0.003259466 -0.705893338 -0.001645455 -0.003261093 0.999993265 24.195484161
0.999995828 0.002495299 0.001478056 0.483547240 -0.002500728 0.999990106 0.003682262 -0.716540158 -0.001468853 -0.003685943 0.999992132 24.732988358
0.999996543 0.002593900 0.000466865 0.497955471 -0.002595811 0.999988079 0.004139323 -0.734807730 -0.000456122 -0.004140520 0.999991298 25.262666702
0.999996424 0.002676657 -0.000206939 0.511480927 -0.002675542 0.999982834 0.005215691 -0.754576921 0.000220896 -0.005215120 0.999986410 25.795759201
0.999998033 0.002003563 -0.000197436 0.515461624 -0.002002700 0.999988854 0.004282826 -0.763543487 0.000206015 -0.004282421 0.999990821 26.367719650
0.999998033 0.001883815 -0.000577678 0.518317938 -0.001881251 0.999988496 0.004405796 -0.772949755 0.000585971 -0.004404700 0.999990106 26.893720627
0.999998689 0.001585508 -0.000204887 0.522472680 -0.001584585 0.999988914 0.004424832 -0.783881724 0.000211900 -0.004424502 0.999990165 27.453376770
0.999993682 0.003526439 -0.000173563 0.526423752 -0.003525775 0.999986947 0.003684770 -0.794458330 0.000186555 -0.003684135 0.999993205 28.016378403
0.999995530 0.002829306 -0.000983568 0.536104798 -0.002824693 0.999985278 0.004659419 -0.818470120 0.000996737 -0.004656620 0.999988675 28.522153854
0.999996364 0.002572689 -0.000847166 0.542943001 -0.002568833 0.999986529 0.004522257 -0.829868376 0.000858789 -0.004520064 0.999989390 29.066221237
0.999995291 0.002739203 -0.001321380 0.550460279 -0.002732476 0.999983370 0.005066252 -0.849848807 0.001335235 -0.005062617 0.999986291 29.623977661
0.999994874 0.002966454 -0.001167206 0.552616179 -0.002960391 0.999982297 0.005162007 -0.862336099 0.001182498 -0.005158525 0.999985993 30.166828156
0.999994397 0.003027081 -0.001409158 0.565305293 -0.003020349 0.999984086 0.004755121 -0.873173714 0.001423529 -0.004750838 0.999987721 30.721639633
0.999993742 0.003045352 -0.001793838 0.575912058 -0.003036376 0.999982953 0.004985582 -0.889248490 0.001808991 -0.004980104 0.999985933 31.258544922
0.999992311 0.003644470 -0.001394911 0.574425697 -0.003637619 0.999981403 0.004882585 -0.896246433 0.001412679 -0.004877475 0.999987125 31.808929443
0.999994040 0.002676626 -0.002167341 0.596515059 -0.002665571 0.999983609 0.005087452 -0.915871501 0.002180922 -0.005081644 0.999984682 32.364292145
0.999992728 0.002917542 -0.002461251 0.602564692 -0.002904780 0.999982417 0.005173128 -0.923823059 0.002476301 -0.005165941 0.999983609 32.912975311
0.999992430 0.003375020 -0.001955991 0.603122056 -0.003365346 0.999982238 0.004928231 -0.934263170 0.001972588 -0.004921611 0.999985993 33.470432281
0.999991477 0.002921936 -0.002909298 0.621771574 -0.002908585 0.999985397 0.004582635 -0.943826675 0.002922645 -0.004574134 0.999985278 34.022308350
0.999991298 0.002669648 -0.003213708 0.631479502 -0.002653019 0.999983132 0.005167617 -0.962397039 0.003227450 -0.005159046 0.999981463 34.565883636
0.999989867 0.002910308 -0.003458132 0.632887006 -0.002892004 0.999981821 0.005286553 -0.971220493 0.003473455 -0.005276498 0.999980032 35.123638153
0.999991596 0.002698995 -0.003086325 0.643594861 -0.002683960 0.999984562 0.004865592 -0.981188059 0.003099409 -0.004857268 0.999983430 35.665260315
0.999988556 0.002158795 -0.004255366 0.655186534 -0.002134011 0.999980688 0.005819972 -1.006307721 0.004267848 -0.005810824 0.999974072 36.217872620
0.999988675 0.003211777 -0.003488652 0.666936159 -0.003195410 0.999983907 0.004687143 -1.006548285 0.003503650 -0.004675942 0.999982893 36.761272430
0.999988973 0.003261207 -0.003355912 0.666802704 -0.003245904 0.999984324 0.004555239 -1.012874484 0.003370716 -0.004544297 0.999983966 37.325580597
0.999987960 0.003132931 -0.003764048 0.684824765 -0.003114947 0.999983728 0.004774347 -1.034428358 0.003778944 -0.004762565 0.999981523 37.869365692
0.999988198 0.002718974 -0.004027136 0.697472095 -0.002700997 0.999986351 0.004462767 -1.042860031 0.004039215 -0.004451837 0.999981940 38.414855957
0.999988139 0.003302467 -0.003592963 0.701811731 -0.003285748 0.999983788 0.004649295 -1.061903238 0.003608259 -0.004637435 0.999982715 38.962097168
0.999986053 0.003297851 -0.004108638 0.714145541 -0.003277889 0.999982834 0.004855811 -1.072531462 0.004124581 -0.004842276 0.999979794 39.514057159
0.999984443 0.003142659 -0.004594515 0.730450392 -0.003119594 0.999982595 0.005018789 -1.086986542 0.004610207 -0.005004378 0.999976933 40.050724030
0.999986768 0.003700711 -0.003574582 0.736049116 -0.003681936 0.999979496 0.005244975 -1.100214839 0.003593919 -0.005231743 0.999979854 40.602848053
0.999983191 0.002867277 -0.005038573 0.753042400 -0.002844088 0.999985337 0.004603643 -1.110688567 0.005051699 -0.004589235 0.999976695 41.181076050
0.999979973 0.003402040 -0.005335672 0.765439272 -0.003381657 0.999986887 0.003824517 -1.114006281 0.005348613 -0.003806396 0.999978483 41.725601196
0.999982297 0.003474659 -0.004820909 0.775186360 -0.003452739 0.999983728 0.004547543 -1.136972547 0.004836631 -0.004530818 0.999978065 42.265987396
0.999979258 0.003736772 -0.005240549 0.771033406 -0.003711549 0.999981523 0.004814585 -1.148030400 0.005258444 -0.004795035 0.999974668 42.835037231
0.999980152 0.003363491 -0.005321648 0.783667147 -0.003337825 0.999982715 0.004824548 -1.161146522 0.005337784 -0.004806690 0.999974191 43.372066498
0.999980569 0.004489479 -0.004310684 0.783892930 -0.004469452 0.999979198 0.004644316 -1.170479536 0.004331444 -0.004624960 0.999979913 43.938968658
0.999981105 0.003311207 -0.005183552 0.790901482 -0.003283953 0.999980807 0.005257573 -1.189273477 0.005200862 -0.005240452 0.999972761 44.497154236
0.999980927 0.003668805 -0.004970112 0.799280286 -0.003647241 0.999983966 0.004340823 -1.194033384 0.004985958 -0.004322614 0.999978244 45.054805756
0.999980688 0.003634067 -0.005066380 0.810029626 -0.003609006 0.999981344 0.004946976 -1.210113645 0.005084264 -0.004928596 0.999974847 45.609600067
0.999977350 0.003707132 -0.005629554 0.823461533 -0.003679757 0.999981403 0.004865403 -1.221790791 0.005647486 -0.004844578 0.999972284 46.147663116
0.999977171 0.003835981 -0.005577583 0.833645940 -0.003809564 0.999981523 0.004739085 -1.233832955 0.005595659 -0.004717729 0.999973178 46.660709381
0.999978125 0.003372493 -0.005694278 0.843908489 -0.003344222 0.999981999 0.004967242 -1.244708776 0.005710928 -0.004948090 0.999971449 47.267959595
0.999978065 0.002240296 -0.006242421 0.853890896 -0.002212628 0.999987662 0.004435507 -1.251110673 0.006252281 -0.004421597 0.999970675 47.805431366
0.999980092 0.003386766 -0.005325215 0.850620568 -0.003360478 0.999982059 0.004937683 -1.267098069 0.005341843 -0.004919689 0.999973655 48.360466003
0.999982774 0.002739686 -0.005195717 0.847352803 -0.002715326 0.999985456 0.004690043 -1.274069071 0.005208490 -0.004675854 0.999975502 48.928283691
0.999986291 0.002193121 -0.004744499 0.853258133 -0.002171815 0.999987602 0.004491270 -1.286442876 0.004754289 -0.004480904 0.999978662 49.476131439
0.999986470 0.002816986 -0.004381948 0.862937570 -0.002797455 0.999986172 0.004456758 -1.297317266 0.004394443 -0.004444440 0.999980390 50.021903992
0.999981403 0.002384183 -0.005611415 0.876576781 -0.002358415 0.999986768 0.004594267 -1.310554862 0.005622294 -0.004580948 0.999973714 50.587791443
0.999980927 0.003327904 -0.005188840 0.881061912 -0.003304207 0.999984145 0.004568992 -1.327542305 0.005203962 -0.004551760 0.999976158 51.128730774
0.999981761 0.003663385 -0.004797872 0.885314822 -0.003642859 0.999984205 0.004279909 -1.335228205 0.004813475 -0.004262353 0.999979377 51.681098938
0.999978065 0.002502755 -0.006119792 0.903397858 -0.002475133 0.999986708 0.004516778 -1.352938294 0.006131015 -0.004501532 0.999971092 52.257629395
0.999980390 0.002417011 -0.005779007 0.908048272 -0.002393096 0.999988556 0.004141726 -1.364267230 0.005788952 -0.004127814 0.999974728 52.812431335
0.999984860 0.002713895 -0.004803286 0.902662039 -0.002696419 0.999989748 0.003641030 -1.368898630 0.004813118 -0.003628023 0.999981761 53.363967896
0.999981523 0.002352979 -0.005595304 0.920076251 -0.002328433 0.999987602 0.004389562 -1.390170574 0.005605564 -0.004376453 0.999974728 53.929912567
0.999983251 0.002789904 -0.005077211 0.926341772 -0.002768374 0.999987125 0.004242535 -1.401182055 0.005088982 -0.004228408 0.999978125 54.481277466
0.999982059 0.002856368 -0.005251018 0.931408882 -0.002833351 0.999986351 0.004385476 -1.417245865 0.005263472 -0.004370519 0.999976575 55.031940460
0.999983668 0.002805201 -0.004979791 0.934918284 -0.002782249 0.999985397 0.004610071 -1.432855129 0.004992650 -0.004596140 0.999976933 55.580890656
0.999980867 0.002924887 -0.005441368 0.949760079 -0.002902720 0.999987483 0.004077386 -1.438140988 0.005453225 -0.004061514 0.999976873 56.138488770
0.999978542 0.003001472 -0.005812887 0.958564997 -0.002978537 0.999987781 0.003949985 -1.446565509 0.005824672 -0.003932587 0.999975264 56.686916351
0.999980390 0.002633688 -0.005692296 0.976858020 -0.002609878 0.999987781 0.004186141 -1.470718622 0.005703252 -0.004171202 0.999975026 57.218276978
0.999980032 0.003081328 -0.005515174 0.977196574 -0.003059767 0.999987662 0.003913677 -1.473189116 0.005527166 -0.003896724 0.999977112 57.779170990
0.999981642 0.002762725 -0.005407636 0.980962157 -0.002740748 0.999987960 0.004067462 -1.489463091 0.005418808 -0.004052566 0.999977052 58.338802338
0.999982417 0.003037650 -0.005106664 0.990667224 -0.003018962 0.999988675 0.003663112 -1.498785377 0.005117734 -0.003647631 0.999980211 58.882728577
0.999980330 0.002673265 -0.005678837 0.999988675 -0.002656453 0.999992073 0.002965850 -1.498719573 0.005686720 -0.002950706 0.999979496 59.430217743
0.999982238 0.002549063 -0.005384348 1.007471919 -0.002536954 0.999994218 0.002254547 -1.510380864 0.005390064 -0.002240847 0.999982953 59.976600647
0.999981225 0.003122395 -0.005272922 1.003609061 -0.003108991 0.999991894 0.002548428 -1.518006325 0.005280836 -0.002531987 0.999982834 60.532901764
0.999980628 0.003179391 -0.005354955 1.013504744 -0.003162673 0.999990046 0.003127423 -1.536924839 0.005364846 -0.003110426 0.999980748 61.079689026
0.999980688 0.003055984 -0.005415288 1.019735098 -0.003041836 0.999991953 0.002618965 -1.543971062 0.005423248 -0.002602442 0.999981821 61.624450684
0.999981761 0.003197264 -0.005131982 1.031141877 -0.003183556 0.999991298 0.002677174 -1.560488462 0.005140497 -0.002660787 0.999983191 62.161655426
0.999980032 0.003133407 -0.005483613 1.034095049 -0.003121286 0.999992669 0.002217568 -1.564388514 0.005490522 -0.002200408 0.999982476 62.734256744
0.999980569 0.003407184 -0.005221369 1.041985393 -0.003396183 0.999992013 0.002114092 -1.579797983 0.005228530 -0.002096318 0.999984145 63.285301208
0.999981821 0.003159282 -0.005138895 1.045770645 -0.003149126 0.999993145 0.001983357 -1.587229490 0.005145126 -0.001967138 0.999984860 63.836032867
0.999980330 0.003482390 -0.005210795 1.052572727 -0.003470362 0.999991298 0.002315650 -1.608498931 0.005218814 -0.002297522 0.999983728 64.375511169
0.999981523 0.003597183 -0.004893074 1.053667307 -0.003585748 0.999990821 0.002343826 -1.622609496 0.004901460 -0.002326238 0.999985278 64.925155640
0.999978483 0.003386725 -0.005616194 1.078362346 -0.003373957 0.999991715 0.002281383 -1.631959200 0.005623874 -0.002262385 0.999981642 65.471679688
0.999975801 0.002942394 -0.006298624 1.094548583 -0.002930930 0.999994040 0.001828556 -1.646624923 0.006303967 -0.001810051 0.999978542 66.017906189
0.999979079 0.003180325 -0.005628411 1.099418044 -0.003167705 0.999992490 0.002249476 -1.659119844 0.005635522 -0.002231600 0.999981642 66.565498352
0.999979556 0.003262513 -0.005495521 1.099258423 -0.003251594 0.999992728 0.001994505 -1.674707770 0.005501988 -0.001976595 0.999982893 67.119728088
0.999977350 0.003488985 -0.005744094 1.115963936 -0.003479391 0.999992609 0.001679491 -1.685208440 0.005749911 -0.001659467 0.999982119 67.668319702
0.999979496 0.003465442 -0.005388736 1.115505219 -0.003455416 0.999992311 0.001868808 -1.699713826 0.005395170 -0.001850150 0.999983728 68.222305298
0.999980092 0.003436691 -0.005303496 1.129472256 -0.003425102 0.999991775 0.002192800 -1.722148776 0.005310988 -0.002174591 0.999983549 68.746643066
0.999979258 0.003807066 -0.005191816 1.134325743 -0.003797014 0.999990940 0.001944753 -1.734561682 0.005199173 -0.001924999 0.999984622 69.299530029
0.999979973 0.003538687 -0.005247648 1.128541708 -0.003529842 0.999992311 0.001693868 -1.742657304 0.005253603 -0.001675311 0.999984741 69.859596252
0.999979496 0.003586372 -0.005305392 1.136892796 -0.003578959 0.999992549 0.001406024 -1.752761126 0.005310396 -0.001387008 0.999984920 70.406173706
0.999985516 0.003599385 -0.004009333 1.133644342 -0.003592154 0.999991894 0.001809154 -1.769227505 0.004015813 -0.001794726 0.999990344 70.959388733
0.999982119 0.003356453 -0.004936113 1.145776033 -0.003347347 0.999992669 0.001852006 -1.788605094 0.004942293 -0.001835450 0.999986112 71.513549805
0.999981701 0.003193629 -0.005129360 1.159867764 -0.003188362 0.999994338 0.001034597 -1.798971772 0.005132635 -0.001018224 0.999986291 72.060516357
0.999980986 0.003698518 -0.004931541 1.159403563 -0.003688422 0.999991059 0.002054580 -1.819782734 0.004939096 -0.002036352 0.999985754 72.632789612
0.999979377 0.003876515 -0.005111723 1.168539762 -0.003866807 0.999990642 0.001907747 -1.834613204 0.005119071 -0.001887942 0.999985158 73.180641174
0.999983430 0.003763620 -0.004352508 1.171045899 -0.003754651 0.999990821 0.002066691 -1.853097916 0.004360246 -0.002050315 0.999988377 73.744033813
0.999984562 0.003569474 -0.004256349 1.177530885 -0.003561835 0.999992073 0.001800766 -1.860805750 0.004262743 -0.001785578 0.999989271 74.291999817
0.999982893 0.003670754 -0.004546996 1.188596487 -0.003660698 0.999990821 0.002217671 -1.883637905 0.004555095 -0.002200988 0.999987185 74.839950562
0.999982178 0.003567731 -0.004789760 1.201435089 -0.003554820 0.999990046 0.002701610 -1.900053978 0.004799352 -0.002684535 0.999984860 75.381889343
0.999984264 0.003372743 -0.004485368 1.205288410 -0.003358599 0.999989390 0.003157055 -1.917082071 0.004495968 -0.003141940 0.999984980 75.930877686
0.999984264 0.002940658 -0.004773538 1.220874786 -0.002928511 0.999992490 0.002549501 -1.932387829 0.004780999 -0.002535482 0.999985337 76.479003906
0.999984324 0.002980976 -0.004736952 1.228714466 -0.002970903 0.999993384 0.002131930 -1.938354969 0.004743275 -0.002117824 0.999986529 77.039070129
0.999982774 0.003306840 -0.004836356 1.237181067 -0.003294698 0.999991417 0.002516513 -1.960680246 0.004844636 -0.002500536 0.999985099 77.584144592
0.999985635 0.003056383 -0.004399153 1.242443562 -0.003047239 0.999993205 0.002083970 -1.967867613 0.004405492 -0.002070535 0.999988139 78.143547058
0.999979854 0.002936806 -0.005626077 1.256426811 -0.002922242 0.999992311 0.002595033 -1.991981030 0.005633655 -0.002578540 0.999980748 78.665878296
0.999982893 0.002514550 -0.005290760 1.268671632 -0.002505244 0.999995291 0.001764786 -1.999229074 0.005295173 -0.001751501 0.999984384 79.222320557
0.999981225 0.003572843 -0.004962091 1.269625902 -0.003562769 0.999991536 0.002037299 -2.012219429 0.004969328 -0.002019582 0.999985635 79.774696350
0.999980628 0.003395940 -0.005211845 1.277839303 -0.003386387 0.999992549 0.001840613 -2.027167797 0.005218056 -0.001822928 0.999984741 80.320838928
0.999980271 0.003159329 -0.005414448 1.290773869 -0.003147810 0.999992788 0.002134543 -2.044858217 0.005421152 -0.002117458 0.999983072 80.879173279
0.999985039 0.003436445 -0.004257501 1.300047517 -0.003426392 0.999991357 0.002366143 -2.057559013 0.004265595 -0.002351520 0.999988139 81.435531616
0.999988317 0.003661547 -0.003153986 1.310124159 -0.003654877 0.999991119 0.002118109 -2.068665981 0.003161713 -0.002106557 0.999992847 81.992614746
0.999991417 0.003727400 -0.001814675 1.315274715 -0.003723094 0.999990225 0.002369786 -2.091810942 0.001823491 -0.002363010 0.999995530 82.528854370
0.999994576 0.003251445 -0.000473244 1.327241540 -0.003250288 0.999991775 0.002421236 -2.105557442 0.000481113 -0.002419685 0.999996901 83.077545166
0.999990284 0.003349401 0.002857004 1.343560696 -0.003355536 0.999992192 0.002145362 -2.118646145 -0.002849793 -0.002154928 0.999993622 83.633995056
0.999972343 0.003582421 0.006517177 1.362974167 -0.003596718 0.999991179 0.002183368 -2.127966881 -0.006509297 -0.002206748 0.999976397 84.180137634
0.999951959 0.003494227 0.009159564 1.385030389 -0.003516685 0.999990880 0.002437002 -2.152793169 -0.009150964 -0.002469097 0.999955058 84.743690491
0.999891698 0.003389193 0.014320685 1.395844817 -0.003416955 0.999992311 0.001914498 -2.155632019 -0.014314087 -0.001963224 0.999895573 85.273178101
0.999791741 0.002771761 0.020216430 1.424104452 -0.002824017 0.999992728 0.002556728 -2.178706169 -0.020209195 -0.002613287 0.999792337 85.831504822
0.999664068 0.002553078 0.025791118 1.454852104 -0.002614682 0.999993801 0.002355145 -2.190989256 -0.025784945 -0.002421790 0.999664545 86.385459900
0.999500453 0.002323890 0.031519856 1.484944820 -0.002392390 0.999994874 0.002135686 -2.200627565 -0.031514730 -0.002210027 0.999500871 86.934379578
0.999173403 0.003032729 0.040537424 1.506805658 -0.003124401 0.999992728 0.002198261 -2.213112593 -0.040530458 -0.002323099 0.999175608 87.497985840
0.998841941 0.001818381 0.048076995 1.571044683 -0.001924174 0.999995768 0.002154331 -2.232480049 -0.048072878 -0.002244344 0.998841286 88.037223816
0.998454988 0.001958176 0.055530339 1.606253147 -0.002121109 0.999993563 0.002875331 -2.249546051 -0.055524353 -0.002988674 0.998452842 88.569679260
0.997954428 0.001770365 0.063903965 1.669380188 -0.001910198 0.999996006 0.002127157 -2.260875463 -0.063899942 -0.002244876 0.997953892 89.116188049
0.997238576 0.001419000 0.074251555 1.728121281 -0.001606994 0.999995649 0.002472180 -2.273329496 -0.074247748 -0.002584675 0.997236431 89.645599365
0.996605158 0.001811495 0.082309753 1.793791771 -0.001960667 0.999996603 0.001731540 -2.282269478 -0.082306333 -0.001887044 0.996605277 90.218627930
0.995907307 0.001392701 0.090369478 1.850513458 -0.001498325 0.999998331 0.001100976 -2.285284758 -0.090367794 -0.001231873 0.995907664 90.774421692
0.994860113 0.001277762 0.101249985 1.928109169 -0.001482392 0.999997020 0.001945825 -2.311731577 -0.101247221 -0.002085916 0.994859099 91.309700012
0.993683279 0.001389254 0.112212181 2.007055283 -0.001654005 0.999996066 0.002266316 -2.329777241 -0.112208582 -0.002437600 0.993681610 91.853210449
0.992603362 0.000851928 0.121399373 2.091280937 -0.001078662 0.999997735 0.001801959 -2.339698553 -0.121397562 -0.001919579 0.992602110 92.395881653
0.991184890 0.001199167 0.132480443 2.181072235 -0.001525440 0.999996066 0.002361343 -2.356215000 -0.132477075 -0.002542619 0.991182804 92.956680298
0.989494741 0.000617291 0.144567624 2.279945374 -0.000963660 0.999996841 0.002325889 -2.371465445 -0.144565716 -0.002440769 0.989492178 93.482948303
0.987907887 0.000283667 0.155041516 2.388935089 -0.000689234 0.999996483 0.002562111 -2.391440868 -0.155040234 -0.002637989 0.987904608 94.029167175
0.986146510 0.000262060 0.165876284 2.493864059 -0.000643810 0.999997258 0.002247653 -2.396788836 -0.165875241 -0.002323308 0.986144006 94.585868835
0.983809829 0.000566972 0.179214135 2.611627579 -0.001003627 0.999996662 0.002345846 -2.410407066 -0.179212227 -0.002487730 0.983807206 95.122085571
0.981554925 -0.000581426 0.191179425 2.746320724 0.000158151 0.999997497 0.002229273 -2.424450159 -0.191180289 -0.002157919 0.981552482 95.662879944
0.979498208 -0.000780186 0.201451570 2.874559402 0.000328036 0.999997258 0.002277832 -2.436312437 -0.201452821 -0.002165049 0.979495764 96.191574097
0.976690233 -0.000446108 0.214653552 3.019865036 -0.000111461 0.999996662 0.002585419 -2.455000401 -0.214654014 -0.002549079 0.976686776 96.713661194
0.973606825 -0.000472754 0.228231385 3.143779755 -0.000226773 0.999995351 0.003038756 -2.473704100 -0.228231743 -0.003010310 0.973602176 97.241683960
0.970811188 -0.000180497 0.239845142 3.288768768 -0.000659126 0.999993920 0.003420473 -2.489937544 -0.239844292 -0.003478721 0.970805168 97.779937744
0.967818201 -0.000257234 0.251650602 3.447639465 -0.000501009 0.999995530 0.002949006 -2.495014906 -0.251650244 -0.002980181 0.967813611 98.301208496
0.964194894 -0.000162832 0.265194714 3.627717972 -0.000733013 0.999994338 0.003279096 -2.516988277 -0.265193760 -0.003356079 0.964189291 98.838439941
0.960808933 -0.000211109 0.277211308 3.803398132 -0.000825320 0.999993086 0.003622083 -2.536706209 -0.277210236 -0.003708917 0.960802197 99.356712341
0.957491517 -0.000826512 0.288460165 3.990264893 -0.000227782 0.999993384 0.003621319 -2.541639328 -0.288461238 -0.003533089 0.957485080 99.907432556
0.953201532 -0.001883783 0.302329749 4.164436340 0.000809579 0.999992907 0.003678361 -2.559444427 -0.302334547 -0.003261459 0.953196228 100.410552979
0.948691368 -0.001772757 0.316199005 4.362266541 0.000674890 0.999993324 0.003581551 -2.573226929 -0.316203266 -0.003184387 0.948686063 100.933479309
0.944756866 -0.002377415 0.327763557 4.562788010 0.001143852 0.999991477 0.003956306 -2.588513374 -0.327770263 -0.003362834 0.944751501 101.444351196
0.940130532 -0.002739210 0.340803504 4.775394440 0.001707017 0.999993026 0.003328522 -2.597269535 -0.340810239 -0.002547488 0.940128684 101.969535828
0.934969068 -0.002774116 0.354718417 4.994768143 0.001559429 0.999991953 0.003710198 -2.611935854 -0.354725868 -0.002915762 0.934965789 102.474685669
0.930221379 -0.003198992 0.366984963 5.211000443 0.001669853 0.999988496 0.004484170 -2.628360748 -0.366995096 -0.003558459 0.930216074 102.972679138
0.925541043 -0.004192247 0.378624111 5.438747406 0.003094196 0.999989033 0.003508481 -2.639058590 -0.378634661 -0.002075706 0.925543904 103.498497009
0.919567108 -0.004127984 0.392911345 5.679004669 0.002962877 0.999989152 0.003571736 -2.652513266 -0.392921865 -0.002120303 0.919569433 103.999053955
0.913857520 -0.004639672 0.406008512 5.921787262 0.003497535 0.999987543 0.003555013 -2.666913986 -0.406020015 -0.001828746 0.913862348 104.475303650
0.908730686 -0.004569280 0.417358130 6.164978027 0.003171681 0.999986768 0.004042129 -2.682537794 -0.417371154 -0.002349480 0.908733130 104.955574036
0.902616918 -0.005965961 0.430403411 6.436130524 0.004839740 0.999981344 0.003711447 -2.691267252 -0.430417597 -0.001266974 0.902629018 105.479400635
0.896000385 -0.006394936 0.444007188 6.705558777 0.005489736 0.999979317 0.003324268 -2.700821877 -0.444019288 -0.000541063 0.896017015 105.964378357
0.889900923 -0.006913861 0.456101477 6.963985443 0.005697823 0.999975622 0.004041194 -2.718620777 -0.456118286 -0.000997476 0.889918566 106.450805664
0.884057164 -0.006519136 0.467333496 7.234607697 0.005412039 0.999978542 0.003711364 -2.725600958 -0.467347622 -0.000751830 0.884073257 106.940101624
0.876933992 -0.006484834 0.480567068 7.518760681 0.005277835 0.999978662 0.003862901 -2.741420984 -0.480581790 -0.000851155 0.876949489 107.401802063
0.870121062 -0.008196033 0.492769927 7.821468353 0.006943197 0.999966323 0.004371889 -2.761008739 -0.492789179 -0.000382674 0.870148659 107.869796753
0.864255190 -0.008690729 0.502978563 8.115207672 0.007337799 0.999962151 0.004669524 -2.774746180 -0.503000140 -0.000344905 0.864286184 108.336509705
