1.000000000 0.000000000 0.000000000 0.000000000 0.000000000 1.000000000 0.000000000 0.000000000 0.000000000 0.000000000 1.000000000 0.000000000
1.000000000 0.000006760 0.000130802 -0.001480486 -0.000006774 1.000000000 0.000110074 0.000241531 -0.000130801 -0.000110075 1.000000000 0.002073912
1.000000000 0.000157911 0.000131836 -0.001423665 -0.000157932 1.000000000 0.000158422 0.000545514 -0.000131811 -0.000158443 1.000000000 0.002171602
1.000000000 0.000126469 -0.000060433 0.000230803 -0.000126461 1.000000000 0.000126534 -0.000411528 0.000060449 -0.000126527 1.000000000 0.000007998
0.999999940 0.000340649 0.000203546 -0.002214496 -0.000340669 0.999999940 0.000097417 0.000329317 -0.000203513 -0.000097487 1.000000000 0.001349206
1.000000000 0.000131758 0.000066242 -0.001644466 -0.000131765 1.000000000 0.000098045 0.000202203 -0.000066229 -0.000098053 1.000000000 0.000020213
1.000000000 -0.000130914 0.000118564 -0.001117176 0.000130910 1.000000000 0.000036793 0.000375941 -0.000118569 -0.000036777 1.000000000 0.000932853
0.999999940 -0.000223901 0.000226900 -0.001916864 0.000223890 1.000000000 0.000048116 0.001617065 -0.000226911 -0.000048065 1.000000000 0.003985154
0.999999940 0.000067561 0.000238774 -0.001652227 -0.000067578 1.000000000 0.000074693 0.000971748 -0.000238769 -0.000074709 0.999999940 0.003434665
1.000000000 -0.000166759 0.000091028 -0.000338862 0.000166752 1.000000000 0.000072682 0.000646570 -0.000091040 -0.000072667 1.000000000 0.001581077
1.000000000 -0.000110224 0.000180011 -0.000459398 0.000110232 1.000000000 -0.000041638 0.001507912 -0.000180006 0.000041657 1.000000000 0.001372726
1.000000000 -0.000037030 0.000091400 -0.000739487 0.000037018 1.000000000 0.000131196 0.000308560 -0.000091405 -0.000131193 1.000000000 0.001981157
0.999999940 0.000128634 0.000264888 -0.002944406 -0.000128630 1.000000000 -0.000018255 0.002345639 -0.000264890 0.000018221 0.999999940 0.005642409
0.999999940 -0.000223320 0.000209140 -0.001786635 0.000223283 0.999999940 0.000180135 0.000500814 -0.000209181 -0.000180088 0.999999940 0.003140321
1.000000000 -0.000056216 0.000138003 -0.002066475 0.000056195 1.000000000 0.000155356 0.000446931 -0.000138012 -0.000155348 1.000000000 0.002904007
1.000000000 0.000044315 0.000237401 -0.002290987 -0.000044345 1.000000000 0.000125454 0.000061462 -0.000237396 -0.000125465 0.999999940 0.001835761
1.000000000 -0.000095209 0.000132510 -0.000697317 0.000095193 1.000000000 0.000120894 -0.000285125 -0.000132521 -0.000120882 1.000000000 -0.000167730
0.999999881 0.000238033 0.000430115 -0.004113161 -0.000238078 0.999999940 0.000105787 0.001591801 -0.000430089 -0.000105889 0.999999881 0.005337049
0.999999940 0.000104377 0.000332084 -0.003565221 -0.000104437 1.000000000 0.000182055 0.000451419 -0.000332065 -0.000182090 0.999999940 0.003518019
1.000000000 0.000151250 0.000099136 -0.001497713 -0.000151254 1.000000000 0.000043757 0.000989315 -0.000099129 -0.000043772 1.000000000 0.002913129
0.999999881 0.000305499 0.000329745 -0.003295405 -0.000305561 0.999999940 0.000187869 0.001011818 -0.000329688 -0.000187970 0.999999940 0.005026906
0.999999881 0.000377522 0.000277185 -0.003205731 -0.000377536 0.999999940 0.000048460 0.001373355 -0.000277167 -0.000048565 0.999999940 0.003716040
1.000000000 0.000018998 0.000207952 -0.002400113 -0.000019036 1.000000000 0.000184933 0.000839533 -0.000207948 -0.000184937 0.999999940 0.004056920
0.999999881 0.000189830 0.000398766 -0.002921277 -0.000189922 0.999999940 0.000230930 -0.000060352 -0.000398722 -0.000231006 0.999999881 0.003656974
0.999999940 0.000211103 0.000271677 -0.001547311 -0.000211183 0.999999940 0.000293326 -0.001023995 -0.000271615 -0.000293383 0.999999940 -0.000297768
1.000000000 -0.000028305 0.000193635 -0.001827041 0.000028294 1.000000000 0.000056333 0.001649152 -0.000193636 -0.000056328 1.000000000 0.003899132
1.000000000 -0.000015001 0.000186083 -0.001014840 0.000014989 1.000000000 0.000064017 0.000306596 -0.000186084 -0.000064014 1.000000000 0.000048307
0.999999940 0.000095315 0.000238252 -0.002066460 -0.000095323 1.000000000 0.000033969 0.001257124 -0.000238248 -0.000033992 1.000000000 0.002947767
0.999999940 0.000177857 0.000276060 -0.003671252 -0.000177856 1.000000000 -0.000000211 0.002520430 -0.000276060 0.000000162 0.999999940 0.005259581
1.000000000 -0.000108913 0.000134620 -0.002420001 0.000108904 1.000000000 0.000069482 0.002519850 -0.000134627 -0.000069467 1.000000000 0.005433453
0.999999940 0.000049730 0.000281044 -0.003017171 -0.000049768 1.000000000 0.000134609 -0.000123994 -0.000281037 -0.000134623 0.999999940 0.002523840
1.000000000 -0.000150888 0.000123454 -0.001540535 0.000150867 1.000000000 0.000163259 0.001182003 -0.000123478 -0.000163241 1.000000000 0.004046945
1.000000000 -0.000039462 0.000197735 -0.002196898 0.000039460 1.000000000 0.000013872 0.002165549 -0.000197735 -0.000013864 1.000000000 0.004821778
0.999999940 0.000002161 0.000336919 -0.002455470 -0.000002165 1.000000000 0.000013490 0.002196387 -0.000336919 -0.000013491 0.999999940 0.004546806
1.000000000 -0.000152375 0.000151198 -0.001392564 0.000152369 1.000000000 0.000041309 0.001583133 -0.000151204 -0.000041286 1.000000000 0.003985975
1.000000000 0.000146377 0.000188744 -0.000987067 -0.000146410 1.000000000 0.000174917 0.000478466 -0.000188718 -0.000174944 0.999999940 0.001266180
0.999999940 0.000121895 0.000277915 -0.002469148 -0.000121894 1.000000000 -0.000001759 0.003650818 -0.000277915 0.000001725 0.999999940 0.006488994
0.999999940 0.000000442 0.000312756 -0.003477675 -0.000000458 1.000000000 0.000052956 0.003444751 -0.000312756 -0.000052957 0.999999940 0.009045375
1.000000000 -0.000004864 0.000217390 -0.002952248 0.000004827 1.000000000 0.000167713 0.001729721 -0.000217391 -0.000167712 0.999999940 0.005806273
0.999999940 -0.000210698 0.000164866 -0.000344850 0.000210673 0.999999940 0.000152463 0.000625622 -0.000164898 -0.000152428 1.000000000 0.001786243
0.999999881 -0.000328854 0.000333231 -0.000716722 0.000328864 0.999999940 -0.000030427 0.001339021 -0.000333220 0.000030537 0.999999940 0.002225561
0.999999881 -0.000403567 0.000253721 0.001295914 0.000403725 0.999999702 -0.000625887 -0.000967831 -0.000253468 0.000625990 0.999999762 0.052174598
0.999999940 0.000191751 0.000286306 -0.001327872 -0.000191438 0.999999404 -0.001094681 -0.004874917 -0.000286516 0.001094626 0.999999344 0.136433184
1.000000000 0.000161099 0.000095975 0.002054207 -0.000160954 0.999998868 -0.001514042 -0.004532370 -0.000096219 0.001514027 0.999998868 0.254602045
1.000000000 0.000000032 -0.000187847 0.006711513 -0.000000260 0.999999285 -0.001212835 -0.011269522 0.000187847 0.001212835 0.999999225 0.385356873
1.000000000 0.000127931 0.000109162 0.007532881 -0.000127845 0.999999702 -0.000790944 -0.019240296 -0.000109263 0.000790930 0.999999702 0.521508098
1.000000000 0.000083062 0.000009917 0.011516770 -0.000083056 0.999999762 -0.000667278 -0.027829748 -0.000009973 0.000667277 0.999999762 0.667579412
0.999999940 0.000180991 0.000242831 0.017107228 -0.000180759 0.999999523 -0.000957024 -0.023878418 -0.000243004 0.000956980 0.999999523 0.838246644
0.999999940 -0.000258554 -0.000039828 0.020414077 0.000258526 0.999999702 -0.000720821 -0.028272469 0.000040014 0.000720810 0.999999762 1.013088107
0.999999940 0.000133264 0.000252820 0.020093931 -0.000133131 0.999999881 -0.000527549 -0.034161624 -0.000252891 0.000527515 0.999999821 1.183913589
0.999999821 0.000294226 0.000463670 0.020218236 -0.000294042 0.999999881 -0.000396968 -0.040234428 -0.000463787 0.000396831 0.999999821 1.368256569
0.999999940 0.000116351 0.000278743 0.035590969 -0.000116343 1.000000000 -0.000029300 -0.052684151 -0.000278747 0.000029268 0.999999940 1.567081332
1.000000000 0.000193875 0.000072530 0.040538561 -0.000193840 0.999999881 -0.000484657 -0.043891132 -0.000072624 0.000484643 0.999999881 1.770623326
0.999999225 0.001051101 0.000677963 0.028085941 -0.001051364 0.999999344 0.000388179 -0.072403900 -0.000677555 -0.000388891 0.999999702 1.930859208
0.999998033 0.001319345 0.001434600 0.025770282 -0.001319802 0.999999046 0.000318313 -0.078470618 -0.001434178 -0.000320206 0.999998927 2.136139631
0.999999046 0.001187100 0.000832805 0.036086217 -0.001187307 0.999999404 0.000248226 -0.082526885 -0.000832510 -0.000249214 0.999999642 2.362163305
0.999998808 0.001221507 0.000930992 0.040891353 -0.001221579 0.999999285 0.000075911 -0.085130654 -0.000930899 -0.000077048 0.999999583 2.579777002
0.999998331 0.001502266 0.001040491 0.045283664 -0.001502702 0.999998808 0.000418425 -0.096458659 -0.001039861 -0.000419988 0.999999404 2.803241253
0.999998868 0.001248536 0.000846531 0.050437670 -0.001249116 0.999998927 0.000685318 -0.103999421 -0.000845674 -0.000686375 0.999999404 3.038868427
0.999999344 0.000961251 0.000646869 0.062652491 -0.000961662 0.999999344 0.000634307 -0.110133149 -0.000646259 -0.000634929 0.999999523 3.280089140
0.999999225 0.001080838 0.000735865 0.064780600 -0.001081354 0.999999166 0.000701642 -0.119619414 -0.000735106 -0.000702438 0.999999464 3.512861252
0.999998808 0.001255233 0.000926589 0.072377920 -0.001255468 0.999999225 0.000253335 -0.118968807 -0.000926270 -0.000254498 0.999999583 3.786809921
0.999998868 0.001174103 0.000970349 0.070810921 -0.001174206 0.999999285 0.000105347 -0.125640377 -0.000970225 -0.000106486 0.999999523 4.052118301
0.999998450 0.001429118 0.001101864 0.075178884 -0.001429904 0.999998689 0.000712401 -0.133500993 -0.001100844 -0.000713975 0.999999166 4.313755512
0.999998212 0.001426725 0.001275963 0.075231433 -0.001427619 0.999998748 0.000699749 -0.142384753 -0.001274963 -0.000701570 0.999998987 4.558848381
0.999998689 0.001102389 0.001165172 0.088081509 -0.001102915 0.999999225 0.000450585 -0.147649810 -0.001164674 -0.000451869 0.999999225 4.812961578
0.999997675 0.001678112 0.001295073 0.085860372 -0.001679143 0.999998271 0.000795272 -0.152937561 -0.001293736 -0.000797445 0.999998808 5.067190647
0.999999166 0.000975658 0.000844203 0.096985258 -0.000976592 0.999998927 0.001106692 -0.165592924 -0.000843122 -0.001107516 0.999999046 5.327968597
0.999997616 0.001742002 0.001315446 0.095360145 -0.001743094 0.999998152 0.000829367 -0.167879209 -0.001313999 -0.000831658 0.999998808 5.608022690
0.999998450 0.001247274 0.001220748 0.103999995 -0.001248274 0.999998868 0.000818892 -0.177255034 -0.001219725 -0.000820415 0.999998927 5.865685940
0.999999046 0.000877148 0.001062841 0.114547543 -0.000878489 0.999998868 0.001261855 -0.190480188 -0.001061733 -0.001262787 0.999998629 6.141419411
0.999998510 0.001278583 0.001134335 0.120978288 -0.001279766 0.999998629 0.001043242 -0.196075529 -0.001133000 -0.001044692 0.999998868 6.424014091
0.999998748 0.001064505 0.001270544 0.121591300 -0.001065553 0.999999106 0.000824390 -0.204333261 -0.001269666 -0.000825743 0.999998808 6.710031033
0.999997914 0.001532687 0.001390639 0.125101909 -0.001534299 0.999998152 0.001158213 -0.212470561 -0.001388861 -0.001160344 0.999998331 7.016306400
0.999998033 0.001095491 0.001624951 0.133054495 -0.001096779 0.999999046 0.000792297 -0.215594485 -0.001624082 -0.000794078 0.999998331 7.316729546
0.999997616 0.001210611 0.001807992 0.136477485 -0.001211600 0.999999106 0.000545984 -0.220802516 -0.001807329 -0.000548173 0.999998212 7.624333382
0.999997914 0.001173206 0.001646059 0.153537467 -0.001175086 0.999998629 0.001141514 -0.239844173 -0.001644718 -0.001143446 0.999997973 7.924936295
0.999998510 0.000886541 0.001458926 0.155766413 -0.000887830 0.999999225 0.000883102 -0.246446162 -0.001458142 -0.000884396 0.999998569 8.259047508
0.999997616 0.001321553 0.001735150 0.163319826 -0.001323598 0.999998510 0.001177701 -0.263122141 -0.001733591 -0.001179995 0.999997914 8.572222710
0.999998033 0.001201240 0.001586136 0.166576266 -0.001202901 0.999998748 0.001046179 -0.267609000 -0.001584877 -0.001048085 0.999998212 8.928650856
0.999998510 0.001067972 0.001368993 0.176402435 -0.001069807 0.999998569 0.001340477 -0.283796608 -0.001367560 -0.001341939 0.999998212 9.262414932
0.999998271 0.000892116 0.001612411 0.182037875 -0.000894516 0.999998510 0.001488340 -0.292708278 -0.001611081 -0.001489779 0.999997616 9.606404305
0.999998212 0.001021583 0.001631585 0.191123948 -0.001024062 0.999998391 0.001519556 -0.299077183 -0.001630030 -0.001521224 0.999997497 9.944534302
0.999998808 0.001077095 0.001127500 0.201991081 -0.001078862 0.999998212 0.001568098 -0.316234738 -0.001125809 -0.001569313 0.999998152 10.312249184
0.999998450 0.001163335 0.001337221 0.210018843 -0.001165664 0.999997735 0.001741735 -0.327297300 -0.001335192 -0.001743291 0.999997616 10.664166451
0.999997973 0.001087222 0.001671631 0.216758966 -0.001089648 0.999998271 0.001451399 -0.332735002 -0.001670050 -0.001453218 0.999997556 11.030042648
0.999998033 0.001163855 0.001586762 0.225050092 -0.001166429 0.999997973 0.001622795 -0.346816838 -0.001584870 -0.001624643 0.999997437 11.412442207
0.999998510 0.001171365 0.001290732 0.236269683 -0.001173370 0.999998093 0.001553270 -0.354113430 -0.001288910 -0.001554782 0.999997973 11.793931007
0.999998808 0.000838311 0.001388912 0.241736799 -0.000840576 0.999998331 0.001630797 -0.367110789 -0.001387543 -0.001631962 0.999997735 12.179405212
0.999998331 0.001054441 0.001510791 0.250800014 -0.001057203 0.999997735 0.001828658 -0.379345685 -0.001508859 -0.001830252 0.999997199 12.569602013
0.999998391 0.001172939 0.001383970 0.262094975 -0.001175771 0.999997199 0.002047035 -0.390136153 -0.001381565 -0.002048659 0.999996960 12.962026596
0.999998510 0.000975700 0.001439589 0.265610278 -0.000978090 0.999998152 0.001660770 -0.400102466 -0.001437966 -0.001662176 0.999997556 13.369791985
0.999997735 0.000797707 0.001972959 0.273444772 -0.000801082 0.999998212 0.001710624 -0.407712966 -0.001971591 -0.001712201 0.999996543 13.789123535
0.999997556 0.000892662 0.002021913 0.281636029 -0.000895638 0.999998450 0.001471518 -0.414497197 -0.002020597 -0.001473325 0.999996841 14.205156326
0.999997377 0.000726897 0.002163582 0.291848749 -0.000730277 0.999998510 0.001562158 -0.429260582 -0.002162443 -0.001563734 0.999996424 14.623688698
0.999997020 0.000760939 0.002323308 0.298733771 -0.000765467 0.999997854 0.001948607 -0.440789878 -0.002321820 -0.001950380 0.999995351 15.050124168
0.999995768 0.001258418 0.002626793 0.310829461 -0.001263759 0.999997139 0.002032826 -0.455845624 -0.002624228 -0.002036137 0.999994457 15.489801407
0.999995053 0.001151199 0.002929348 0.322900772 -0.001156444 0.999997735 0.001789513 -0.465040803 -0.002927282 -0.001792891 0.999994099 15.925147057
0.999993443 0.001332471 0.003384239 0.333752900 -0.001337564 0.999998033 0.001503341 -0.470753729 -0.003382229 -0.001507858 0.999993145 16.375602722
0.999992907 0.001363528 0.003515293 0.339313090 -0.001368962 0.999997854 0.001543827 -0.486377299 -0.003513180 -0.001548628 0.999992609 16.815008163
0.999992549 0.001312906 0.003623309 0.351875305 -0.001318778 0.999997795 0.001618620 -0.499229491 -0.003621176 -0.001623386 0.999992132 17.273090363
0.999989808 0.001692752 0.004183467 0.360771388 -0.001701433 0.999996424 0.002072299 -0.515207589 -0.004179943 -0.002079396 0.999989152 17.727209091
0.999988854 0.001193308 0.004572980 0.367177069 -0.001200845 0.999997854 0.001645760 -0.522113264 -0.004571007 -0.001651233 0.999988139 18.207778931
0.999988794 0.000998062 0.004626239 0.380742013 -0.001007053 0.999997556 0.001941577 -0.536612153 -0.004624289 -0.001946214 0.999987423 18.680030823
0.999989331 0.001479483 0.004397740 0.396668494 -0.001488085 0.999996960 0.001953237 -0.551455677 -0.004394837 -0.001959760 0.999988437 19.140428543
0.999988556 0.000719184 0.004721955 0.411889166 -0.000726625 0.999998450 0.001574445 -0.560024023 -0.004720815 -0.001577858 0.999987602 19.617832184
0.999988973 0.000755234 0.004628031 0.415400833 -0.000763046 0.999998271 0.001686424 -0.569925070 -0.004626749 -0.001689937 0.999987781 20.120838165
0.999988854 0.001564687 0.004456168 0.425663888 -0.001573681 0.999996841 0.002015504 -0.583974123 -0.004453000 -0.002022495 0.999987960 20.616983414
0.999987662 0.001816226 0.004637368 0.440280795 -0.001825154 0.999996424 0.001921779 -0.594609320 -0.004633863 -0.001930220 0.999987364 21.106285095
0.999992251 0.001598078 0.003601174 0.451949000 -0.001606212 0.999996185 0.002256893 -0.618996978 -0.003597553 -0.002262660 0.999990940 21.628126144
0.999991238 0.001540006 0.003896415 0.456544876 -0.001550262 0.999995410 0.002630733 -0.637175024 -0.003892345 -0.002636750 0.999988914 22.135684967
0.999993682 0.001487433 0.003237060 0.471409619 -0.001494454 0.999996543 0.002167626 -0.642751336 -0.003233825 -0.002172450 0.999992311 22.656457901
0.999996126 0.001689837 0.002203200 0.484765649 -0.001695046 0.999995768 0.002364451 -0.661036372 -0.002199195 -0.002368177 0.999994695 23.167148590
0.999997973 0.001834361 0.000879995 0.498447925 -0.001836018 0.999996543 0.001884800 -0.674300432 -0.000876534 -0.001886412 0.999997795 23.688806534
0.999999642 0.000405693 0.000712886 0.505478203 -0.000407152 0.999997795 0.002047072 -0.694161594 -0.000712054 -0.002047362 0.999997675 24.223144531
0.999998868 0.001385853 0.000484753 0.513444483 -0.001387028 0.999996066 0.002432455 -0.706228495 -0.000481380 -0.002433125 0.999996960 24.760793686
0.999998212 0.001823347 -0.000519377 0.526598394 -0.001821912 0.999994576 0.002749319 -0.722121418 0.000524387 -0.002748368 0.999996006 25.298858643
0.999996424 0.002366163 -0.001258909 0.537846982 -0.002362103 0.999992013 0.003216322 -0.737538755 0.001266509 -0.003213336 0.999993980 25.839078903
0.999997795 0.001710283 -0.001212905 0.544075847 -0.001706629 0.999993980 0.003007146 -0.750897467 0.001218041 -0.003005069 0.999994695 26.398344040
0.999997556 0.001062914 -0.001940502 0.555647016 -0.001056857 0.999994576 0.003119549 -0.760632753 0.001943808 -0.003117491 0.999993205 26.927446365
0.999997199 0.001205878 -0.002028889 0.561256647 -0.001199370 0.999994159 0.003205602 -0.775498986 0.002032742 -0.003203160 0.999992847 27.487945557
0.999995589 0.001962526 -0.002205466 0.571534812 -0.001956095 0.999993920 0.002914144 -0.791542113 0.002211172 -0.002909818 0.999993324 28.042634964
0.999994636 0.001825597 -0.002724379 0.573534012 -0.001816371 0.999992549 0.003385270 -0.805033863 0.002730539 -0.003380304 0.999990582 28.569534302
0.999992669 0.001942100 -0.003298796 0.584170461 -0.001930021 0.999991298 0.003660790 -0.821592152 0.003305878 -0.003654396 0.999987841 29.106954575
0.999992013 0.001804846 -0.003572392 0.594992161 -0.001791642 0.999991536 0.003695881 -0.836212397 0.003579032 -0.003689451 0.999986768 29.673572540
0.999991596 0.001990033 -0.003582851 0.597267091 -0.001977009 0.999991417 0.003635092 -0.847510934 0.003590054 -0.003627978 0.999986887 30.220342636
0.999990940 0.001897177 -0.003804712 0.607311010 -0.001884969 0.999993086 0.003209561 -0.859357238 0.003810775 -0.003202360 0.999987543 30.771265030
0.999989510 0.001989933 -0.004120374 0.617998838 -0.001976104 0.999992430 0.003357627 -0.875830293 0.004127024 -0.003349450 0.999985814 31.312850952
0.999989450 0.002368669 -0.003947629 0.621026039 -0.002353738 0.999990106 0.003782467 -0.890001118 0.003956549 -0.003773136 0.999985039 31.855043411
0.999988139 0.001715540 -0.004548081 0.637727737 -0.001700084 0.999992788 0.003399929 -0.903266966 0.004553881 -0.003392157 0.999983847 32.416934967
0.999985218 0.002108381 -0.005002270 0.644997537 -0.002091607 0.999992192 0.003356010 -0.912428021 0.005009306 -0.003345498 0.999981821 32.963794708
0.999983490 0.002435390 -0.005193312 0.647303700 -0.002418891 0.999991953 0.003180832 -0.924588203 0.005201018 -0.003168218 0.999981463 33.515304565
0.999983311 0.002182327 -0.005342963 0.660971820 -0.002166314 0.999993145 0.003000959 -0.935364068 0.005349476 -0.002989335 0.999981225 34.058250427
0.999981105 0.001904734 -0.005834184 0.671123624 -0.001883862 0.999991834 0.003580992 -0.953369975 0.005840957 -0.003569934 0.999976575 34.596557617
0.999981046 0.002053444 -0.005806732 0.673922181 -0.002032847 0.999991655 0.003550754 -0.963742077 0.005813974 -0.003538883 0.999976873 35.153911591
0.999980330 0.001881655 -0.005984511 0.684177995 -0.001862226 0.999992907 0.003250596 -0.976645470 0.005990586 -0.003239387 0.999976754 35.682723999
0.999979675 0.002239666 -0.005974632 0.684158921 -0.002221635 0.999992967 0.003022842 -0.989408910 0.005981360 -0.003009507 0.999977529 36.235473633
0.999978483 0.002205489 -0.006167407 0.699427485 -0.002186582 0.999992907 0.003070585 -1.004121065 0.006174136 -0.003057034 0.999976218 36.802982330
0.999980688 0.002032901 -0.005871369 0.702048600 -0.002015778 0.999993742 0.002920752 -1.011696815 0.005877270 -0.002908860 0.999978483 37.350433350
0.999975681 0.002086652 -0.006647372 0.715089679 -0.002066277 0.999993145 0.003070416 -1.030115366 0.006653733 -0.003056606 0.999973178 37.912670135
0.999973893 0.002094778 -0.006922823 0.723038077 -0.002074979 0.999993742 0.002865954 -1.040014148 0.006928783 -0.002851513 0.999971926 38.461212158
0.999975562 0.002528856 -0.006524792 0.726472259 -0.002506818 0.999991179 0.003383493 -1.060230374 0.006533290 -0.003367054 0.999972999 39.001518250
0.999973238 0.002517310 -0.006861147 0.730861604 -0.002494831 0.999991477 0.003282860 -1.074963093 0.006869352 -0.003265655 0.999971092 39.547794342
0.999968767 0.001920453 -0.007668003 0.757121682 -0.001885898 0.999988019 0.004511117 -1.101737976 0.007676574 -0.004496514 0.999960423 40.064754486
0.999974549 0.002318065 -0.006744736 0.756765246 -0.002291735 0.999989748 0.003908896 -1.108428478 0.006753727 -0.003893340 0.999969661 40.627880096
0.999969184 0.002262995 -0.007517703 0.759107053 -0.002236207 0.999991059 0.003569766 -1.122938395 0.007525716 -0.003552845 0.999965370 41.208610535
0.999966502 0.002682987 -0.007724626 0.768958211 -0.002659188 0.999991715 0.003089512 -1.128399014 0.007732850 -0.003068867 0.999965370 41.753311157
0.999966443 0.002294666 -0.007865551 0.784303308 -0.002265192 0.999990404 0.003754049 -1.153909206 0.007874089 -0.003736106 0.999962032 42.276985168
0.999964654 0.002762664 -0.007931517 0.773378134 -0.002733097 0.999989212 0.003736206 -1.160002947 0.007941755 -0.003714397 0.999961495 42.860137939
0.999960244 0.002465664 -0.008565622 0.787703335 -0.002432119 0.999989271 0.003924469 -1.176182866 0.008575207 -0.003903481 0.999955595 43.393970490
0.999963105 0.002693076 -0.008149120 0.791437566 -0.002666889 0.999991238 0.003222564 -1.181436181 0.008157725 -0.003200713 0.999961615 43.960258484
0.999965250 0.002280816 -0.008011185 0.789975762 -0.002249808 0.999989927 0.003877357 -1.205517411 0.008019945 -0.003859199 0.999960423 44.521076202
0.999963939 0.002660265 -0.008054764 0.799452543 -0.002632943 0.999990761 0.003400681 -1.210169792 0.008063736 -0.003379351 0.999961853 45.077114105
0.999964476 0.002489774 -0.008052555 0.808409095 -0.002460181 0.999990225 0.003682807 -1.224248886 0.008061644 -0.003662866 0.999960840 45.616161346
0.999964058 0.002292936 -0.008165507 0.810643435 -0.002259140 0.999988854 0.004145693 -1.246796131 0.008174921 -0.004127097 0.999958038 46.174041748
0.999962151 0.001593093 -0.008570273 0.826151609 -0.001558113 0.999990463 0.004086749 -1.257282257 0.008576703 -0.004073241 0.999954939 46.714870453
0.999963284 0.002447030 -0.008216228 0.825958014 -0.002412726 0.999988258 0.004182431 -1.271182775 0.008226369 -0.004162454 0.999957442 47.264274597
0.999965191 0.001507796 -0.008196975 0.821655929 -0.001478501 0.999992609 0.003578741 -1.275314808 0.008202307 -0.003566498 0.999960005 47.822078705
0.999964356 0.002243260 -0.008135369 0.823894262 -0.002218024 0.999992788 0.003109764 -1.282511115 0.008142288 -0.003091609 0.999962091 48.389049530
0.999963880 0.001338484 -0.008390236 0.842179537 -0.001307671 0.999992311 0.003676847 -1.299846649 0.008395093 -0.003665742 0.999958098 48.939933777
0.999964654 0.001035709 -0.008345646 0.840743065 -0.001006167 0.999993205 0.003543244 -1.311457515 0.008349258 -0.003534722 0.999958873 49.472351074
0.999965489 0.001048950 -0.008249197 0.850035250 -0.001024717 0.999995172 0.002941352 -1.321790457 0.008252243 -0.002932797 0.999961615 50.016349792
0.999965787 0.000619640 -0.008246701 0.849865377 -0.000590503 0.999993682 0.003535002 -1.336708546 0.008248838 -0.003530012 0.999959767 50.574081421
0.999964118 0.000172596 -0.008469155 0.858119965 -0.000146315 0.999995172 0.003103714 -1.344146371 0.008469650 -0.003102363 0.999959409 51.120655060
0.999963760 0.000488910 -0.008492291 0.866498828 -0.000461245 0.999994576 0.003259365 -1.362397909 0.008493837 -0.003255330 0.999958634 51.669506073
0.999966204 0.000550821 -0.008197619 0.870058179 -0.000526001 0.999995351 0.003029629 -1.372020125 0.008199248 -0.003025215 0.999961853 52.217601776
0.999961972 0.000453880 -0.008711308 0.876869917 -0.000427676 0.999995351 0.003009746 -1.384843230 0.008712634 -0.003005906 0.999957502 52.756244659
0.999961257 0.000067277 -0.008808988 0.883967698 -0.000040663 0.999995410 0.003021382 -1.393997550 0.008809150 -0.003020906 0.999956608 53.303077698
0.999962926 0.000132377 -0.008609334 0.886203468 -0.000103425 0.999994278 0.003363206 -1.412995338 0.008609731 -0.003362190 0.999957263 53.848049164
0.999962151 0.000298310 -0.008686314 0.895874619 -0.000271599 0.999995172 0.003076109 -1.423509598 0.008687190 -0.003073634 0.999957561 54.390777588
0.999956191 -0.000642891 -0.009328382 0.912628353 0.000675360 0.999993682 0.003478003 -1.441927433 0.009326087 -0.003484151 0.999950469 54.920478821
0.999963284 -0.000259765 -0.008564667 0.908131599 0.000283273 0.999996185 0.002743720 -1.448902130 0.008563922 -0.002746046 0.999959588 55.476215363
0.999965012 0.000243630 -0.008363698 0.911621571 -0.000220738 0.999996185 0.002737856 -1.460662723 0.008364334 -0.002735914 0.999961317 56.028678894
0.999960005 -0.000353068 -0.008936613 0.920604646 0.000375437 0.999996901 0.002501455 -1.467229605 0.008935701 -0.002504710 0.999956965 56.576152802
0.999959171 -0.000310501 -0.009029674 0.933319569 0.000335705 0.999996066 0.002789909 -1.485143185 0.009028772 -0.002792826 0.999955416 57.111698151
0.999961495 -0.000082039 -0.008773862 0.937374949 0.000100273 0.999997854 0.002077799 -1.489017606 0.008773675 -0.002078599 0.999959350 57.665332794
0.999962032 -0.000119994 -0.008715361 0.945274532 0.000143164 0.999996483 0.002657917 -1.511739135 0.008715012 -0.002659064 0.999958515 58.207935333
0.999962270 -0.000296030 -0.008686169 0.951433539 0.000313066 0.999998093 0.001959935 -1.518025160 0.008685575 -0.001962580 0.999960303 58.760440826
0.999961138 -0.000510265 -0.008800969 0.951107860 0.000521634 0.999999046 0.001289539 -1.515806794 0.008800302 -0.001294080 0.999960423 59.295207977
0.999959409 -0.000774697 -0.008972462 0.960914493 0.000783752 0.999999225 0.001005754 -1.530983567 0.008971676 -0.001012745 0.999959230 59.837844849
0.999967992 -0.000173910 -0.007998411 0.946197510 0.000179879 0.999999702 0.000745532 -1.537480950 0.007998279 -0.000746947 0.999967754 60.381225586
0.999968350 0.000381945 -0.007948032 0.954369664 -0.000370957 0.999998987 0.001383979 -1.555242658 0.007948552 -0.001380987 0.999967456 60.926345825
0.999966204 -0.000009321 -0.008217702 0.960310102 0.000017748 0.999999464 0.001025335 -1.566840410 0.008217687 -0.001025446 0.999965727 61.459030151
0.999963582 0.000003156 -0.008537889 0.975539505 0.000005195 0.999999464 0.000978132 -1.585422635 0.008537889 -0.000978141 0.999963105 61.992046356
0.999968767 0.000276888 -0.007901059 0.966936111 -0.000275820 0.999999940 0.000136313 -1.575949907 0.007901094 -0.000134129 0.999968767 62.552890778
0.999966562 0.000347464 -0.008169117 0.974076271 -0.000340993 0.999999642 0.000793422 -1.599361777 0.008169390 -0.000790610 0.999966323 63.087776184
0.999968529 0.000038099 -0.007935776 0.974329472 -0.000030258 0.999999583 0.000988127 -1.611544490 0.007935810 -0.000987856 0.999967992 63.634918213
0.999971271 0.000293320 -0.007573406 0.979316354 -0.000285211 0.999999344 0.001071683 -1.632849574 0.007573715 -0.001069492 0.999970794 64.188827515
0.999968112 0.000546125 -0.007968474 0.982846439 -0.000546538 0.999999762 -0.000049497 -1.631866932 0.007968446 0.000053851 0.999968231 64.716102600
0.999968708 0.000778241 -0.007882108 0.992402732 -0.000778107 0.999999583 0.000020119 -1.644957185 0.007882123 -0.000013985 0.999968946 65.263130188
0.999967635 0.000784898 -0.008009071 1.003496408 -0.000787215 0.999999642 -0.000286207 -1.661037087 0.008008845 0.000292503 0.999967873 65.816902161
0.999969542 0.000585744 -0.007780916 1.007168293 -0.000584455 0.999999821 0.000167982 -1.679240465 0.007781013 -0.000163430 0.999969721 66.359245300
0.999969363 -0.000004292 -0.007825798 1.011770487 0.000003958 1.000000000 -0.000042662 -1.686220884 0.007825798 0.000042630 0.999969363 66.913627625
0.999968886 0.000575414 -0.007861984 1.021810293 -0.000571472 0.999999702 0.000503566 -1.712475538 0.007862273 -0.000499057 0.999968946 67.430847168
0.999969661 0.000563543 -0.007768956 1.026822090 -0.000559856 0.999999642 0.000476732 -1.725739360 0.007769224 -0.000472368 0.999969661 67.976020813
0.999966562 0.000635409 -0.008150952 1.029681921 -0.000636804 0.999999702 -0.000168572 -1.732573152 0.008150841 0.000173757 0.999966741 68.512115479
0.999966979 0.000746401 -0.008094059 1.028602123 -0.000749429 0.999999583 -0.000371085 -1.747985125 0.008093779 0.000377138 0.999967158 69.055717468
0.999962687 0.000352508 -0.008624206 1.054260015 -0.000357661 0.999999762 -0.000595963 -1.755241513 0.008623992 0.000599025 0.999962628 69.595954895
0.999967635 0.000220382 -0.008047147 1.058993816 -0.000226582 0.999999642 -0.000769571 -1.767650962 0.008046973 0.000771369 0.999967337 70.139328003
0.999963701 0.000496232 -0.008504170 1.068201303 -0.000503874 0.999999464 -0.000896460 -1.782400727 0.008503721 0.000900713 0.999963462 70.672355652
0.999960005 0.000835848 -0.008903421 1.076290846 -0.000844105 0.999999225 -0.000923708 -1.797720790 0.008902642 0.000931186 0.999960005 71.217910767
0.999964356 0.001233300 -0.008344625 1.075247526 -0.001237530 0.999999106 -0.000501748 -1.817282319 0.008344000 0.000512057 0.999965072 71.760894775
0.999965429 0.001274629 -0.008209256 1.082928538 -0.001278426 0.999999046 -0.000457242 -1.835296631 0.008208666 0.000467721 0.999966204 72.308357239
0.999963999 0.001742213 -0.008301501 1.082962632 -0.001747411 0.999998212 -0.000618927 -1.849147439 0.008300409 0.000633411 0.999965370 72.842514038
0.999963522 0.001074521 -0.008473368 1.094562292 -0.001070529 0.999999285 0.000475590 -1.872956157 0.008473874 -0.000466501 0.999963999 73.373001099
0.999965012 0.000990608 -0.008305859 1.095548630 -0.000994493 0.999999404 -0.000463727 -1.877391934 0.008305395 0.000471971 0.999965370 73.920776367
0.999963164 0.001379344 -0.008466028 1.100464463 -0.001379725 0.999998987 -0.000039198 -1.898567080 0.008465964 0.000050877 0.999964178 74.471466064
0.999962389 0.001027232 -0.008601948 1.110162973 -0.001026064 0.999999464 0.000140192 -1.913647771 0.008602085 -0.000131361 0.999962926 75.006736755
0.999956429 0.000951321 -0.009280210 1.118867874 -0.000948490 0.999999523 0.000309387 -1.930363417 0.009280499 -0.000300571 0.999956906 75.544334412
0.999960303 -0.000526742 -0.008895865 1.125055790 0.000521975 0.999999702 -0.000538154 -1.939223051 0.008896145 0.000533489 0.999960303 76.092033386
0.999959826 0.000193020 -0.008955882 1.127053618 -0.000195200 1.000000000 -0.000242600 -1.953734040 0.008955834 0.000244339 0.999959946 76.642967224
0.999963284 -0.000283773 -0.008565090 1.131120682 0.000278153 0.999999702 -0.000657411 -1.968326330 0.008565272 0.000655004 0.999963105 77.186347961
0.999962807 0.000652743 -0.008591102 1.150268078 -0.000655405 0.999999702 -0.000306982 -1.989669323 0.008590898 0.000312601 0.999962986 77.752975464
0.999957860 0.000584295 -0.009165250 1.162621617 -0.000583983 0.999999881 0.000036756 -2.008452177 0.009165269 -0.000031403 0.999957919 78.293327332
0.999958992 0.000326119 -0.009050042 1.160002947 -0.000330332 0.999999821 -0.000464007 -2.020416498 0.009049888 0.000466978 0.999958932 78.828361511
0.999959111 0.000780481 -0.009005832 1.170460820 -0.000780772 0.999999642 -0.000028811 -2.035475969 0.009005805 0.000035841 0.999959469 79.380157471
0.999959588 0.001505652 -0.008866773 1.172093868 -0.001505645 0.999998868 0.000007380 -2.049665928 0.008866774 0.000005970 0.999960721 79.924964905
0.999957502 0.000443895 -0.009205597 1.189724207 -0.000449334 0.999999642 -0.000588811 -2.065925360 0.009205333 0.000592922 0.999957442 80.465057373
0.999967098 0.001207187 -0.008021008 1.194990277 -0.001208793 0.999999225 -0.000195342 -2.080065489 0.008020766 0.000205031 0.999967813 81.029838562
0.999975860 0.001325193 -0.006829499 1.201623201 -0.001329274 0.999998987 -0.000593098 -2.092962503 0.006828705 0.000602162 0.999976516 81.574508667
0.999984205 0.000929769 -0.005542806 1.207360625 -0.000931879 0.999999523 -0.000378272 -2.111832857 0.005542452 0.000383431 0.999984562 82.100837708
0.999991179 0.001649973 -0.003863643 1.213194132 -0.001650202 0.999998569 -0.000056005 -2.133248806 0.003863544 0.000062380 0.999992549 82.644058228
0.999998033 0.001655823 -0.001188172 1.231163025 -0.001656766 0.999998271 -0.000793251 -2.142817259 0.001186857 0.000795218 0.999998987 83.202209473
0.999995232 0.001972964 0.002396671 1.248997450 -0.001971719 0.999997973 -0.000521894 -2.153710127 -0.002397695 0.000517166 0.999997020 83.742324829
0.999980569 0.001489940 0.006053981 1.261020184 -0.001486470 0.999998748 -0.000577669 -2.162359238 -0.006054834 0.000568658 0.999981523 84.262924194
0.999945104 0.001856706 0.010313831 1.300567269 -0.001853060 0.999998152 -0.000363043 -2.185536146 -0.010314487 0.000343911 0.999946773 84.822875977
0.999861300 0.001250902 0.016604941 1.324483991 -0.001245982 0.999999106 -0.000306589 -2.202157021 -0.016605310 0.000285857 0.999862134 85.371765137
0.999760032 0.001106891 0.021878373 1.345705271 -0.001096634 0.999999225 -0.000480811 -2.215875864 -0.021878891 0.000456704 0.999760449 85.925727844
0.999622464 0.000552464 0.027469981 1.374341249 -0.000532172 0.999999583 -0.000745975 -2.226652622 -0.027470384 0.000731075 0.999622285 86.472053528
0.999361634 0.000881162 0.035718784 1.404656291 -0.000862534 0.999999464 -0.000536919 -2.240310669 -0.035719242 0.000505768 0.999361753 87.029518127
0.999003112 0.000580267 0.044637907 1.445811510 -0.000564259 0.999999762 -0.000371226 -2.258852959 -0.044638112 0.000345668 0.999003172 87.587318420
0.998686731 0.000652964 0.051227953 1.487433434 -0.000635898 0.999999762 -0.000349424 -2.273733139 -0.051228173 0.000316390 0.998686910 88.120468140
0.998192489 0.000374565 0.060096569 1.540208101 -0.000330811 0.999999702 -0.000738014 -2.286273003 -0.060096826 0.000716800 0.998192310 88.675888062
0.997535229 0.000693182 0.070164859 1.598979473 -0.000635966 0.999999464 -0.000837787 -2.299558401 -0.070165396 0.000791100 0.997535169 89.211593628
0.996879816 0.000613975 0.078933634 1.655899048 -0.000565458 0.999999642 -0.000637009 -2.317076206 -0.078934006 0.000590387 0.996879697 89.768600464
0.996211350 0.000526647 0.086964011 1.718566418 -0.000449735 0.999999523 -0.000904003 -2.331453323 -0.086964443 0.000861467 0.996211052 90.327033997
0.995241046 -0.000001154 0.097443067 1.797738552 0.000053731 0.999999821 -0.000536936 -2.351711988 -0.097443052 0.000539617 0.995240867 90.863311768
0.994085431 0.000227132 0.108599901 1.869274139 -0.000204109 0.999999940 -0.000223116 -2.368972778 -0.108599946 0.000199630 0.994085431 91.404312134
0.993083775 -0.000454826 0.117406838 1.955533028 0.000551871 0.999999464 -0.000794061 -2.381126881 -0.117406420 0.000853362 0.993083596 91.968833923
0.991697490 -0.000393595 0.128592312 2.044709206 0.000462523 0.999999702 -0.000506155 -2.394263744 -0.128592089 0.000561430 0.991697371 92.520317078
0.990097046 -0.001137226 0.140379146 2.146253586 0.001213805 0.999999166 -0.000459896 -2.414441347 -0.140378520 0.000625735 0.990097702 93.055404663
0.988523483 -0.001049019 0.151063845 2.248170853 0.001152243 0.999999166 -0.000595782 -2.426835060 -0.151063055 0.000763007 0.988523960 93.608726501
0.986839533 -0.001312098 0.161697149 2.357954979 0.001370028 0.999998987 -0.000246763 -2.443124533 -0.161696702 0.000465046 0.986840367 94.160865784
0.984602928 -0.001043952 0.174802750 2.477216721 0.001048204 0.999999404 0.000068005 -2.460685253 -0.174802765 0.000116271 0.984603465 94.683517456
0.982410073 -0.001492083 0.186730176 2.601039886 0.001618165 0.999998689 -0.000522789 -2.469084263 -0.186729163 0.000815753 0.982411087 95.231384277
0.980345368 -0.002274676 0.197275698 2.729388237 0.002417100 0.999996901 -0.000481173 -2.484012127 -0.197274029 0.000948551 0.980347931 95.753829956
0.977649570 -0.001797508 0.210233137 2.864547729 0.001883475 0.999998212 -0.000208690 -2.493785381 -0.210232332 0.000599995 0.977651238 96.307762146
0.974672973 -0.002812626 0.223617017 3.016954422 0.002952485 0.999995649 -0.000291098 -2.508756876 -0.223615184 0.000943951 0.974677026 96.829536438
0.972126126 -0.002157748 0.234448642 3.150581360 0.002217450 0.999997616 0.000008969 -2.521887302 -0.234448090 0.000511159 0.972128510 97.350967407
0.969021976 -0.002911540 0.246957764 3.292839050 0.002977097 0.999995589 0.000107935 -2.540000677 -0.246957019 0.000630626 0.969026148 97.869186401
0.965432703 -0.002781697 0.260637820 3.464801788 0.002780534 0.999996066 0.000373192 -2.561121941 -0.260637820 0.000364421 0.965436578 98.395812988
0.961840689 -0.002884500 0.273595303 3.616355896 0.002969209 0.999995589 0.000104469 -2.570376635 -0.273594469 0.000711879 0.961844802 98.940551758
0.958701313 -0.003026772 0.284398764 3.805847168 0.002986649 0.999995351 0.000574736 -2.588583469 -0.284399211 0.000298399 0.958705962 99.455917358
0.954546630 -0.003494375 0.298041046 3.983184814 0.003496890 0.999993742 0.000524791 -2.603739738 -0.298041075 0.000541279 0.954552889 99.990653992
0.950267434 -0.003898360 0.311410457 4.179468155 0.003890027 0.999992192 0.000647900 -2.621843338 -0.311410487 0.000595717 0.950275242 100.490089417
0.946226478 -0.004084415 0.323479235 4.374166489 0.004040608 0.999991655 0.000807007 -2.636816502 -0.323479742 0.000543442 0.946234941 101.035140991
0.941688955 -0.005009316 0.336447597 4.582534790 0.005222851 0.999986410 0.000270314 -2.646121740 -0.336444288 0.001502665 0.941702187 101.548202515
0.936601162 -0.004789090 0.350364536 4.796030045 0.004962677 0.999987662 0.000402384 -2.663004160 -0.350362182 0.001361873 0.936613381 102.052856445
0.931789100 -0.005299934 0.362961233 5.020273209 0.005412733 0.999985099 0.000706215 -2.679313421 -0.362959534 0.001306569 0.931804001 102.585517883
0.927092254 -0.005575588 0.374791741 5.247188568 0.005887074 0.999982595 0.000313855 -2.690513849 -0.374786973 0.001915454 0.927109063 103.099830627
0.921326995 -0.006253051 0.388738364 5.480663300 0.006354528 0.999979258 0.001024655 -2.713534117 -0.388736725 0.001526207 0.921347618 103.586532593
0.915660083 -0.006848933 0.401895344 5.723777771 0.006958585 0.999975026 0.001187034 -2.726342678 -0.401893467 0.001709703 0.915684819 104.077026367
0.910731971 -0.006726786 0.412943006 5.970222473 0.006733031 0.999976218 0.001440004 -2.745357037 -0.412943006 0.001468901 0.910755634 104.582015991
0.904602110 -0.007242838 0.426195413 6.230644226 0.007439262 0.999971509 0.001203815 -2.758363247 -0.426192075 0.002081606 0.904630303 105.068634033
0.897820950 -0.007396885 0.440298557 6.475059509 0.007489839 0.999970734 0.001526544 -2.767303228 -0.440297037 0.001927202 0.897850096 105.551002502
0.891883254 -0.008219420 0.452190995 6.742954254 0.008298787 0.999963939 0.001808029 -2.780129433 -0.452189535 0.002140086 0.891919255 106.029487610
0.886200070 -0.008304904 0.463228256 7.013645172 0.008047760 0.999964476 0.002531544 -2.803162336 -0.463232756 0.001484495 0.886235356 106.508872986
0.879100323 -0.008701329 0.476557344 7.292057037 0.008842627 0.999958992 0.001946074 -2.812195778 -0.476554811 0.002503225 0.879141212 106.996307373
0.872302175 -0.009157008 0.488881350 7.583454132 0.009341374 0.999954283 0.002062027 -2.828001261 -0.488877863 0.002768114 0.872347891 107.455558777
