1.000000000 0.000000000 0.000000000 0.000000000 0.000000000 1.000000000 0.000000000 0.000000000 0.000000000 0.000000000 1.000000000 0.000000000
1.000000000 -0.000071408 -0.000026709 0.000208238 0.000071407 1.000000000 -0.000038154 0.000089528 0.000026712 0.000038152 1.000000000 0.000018100
1.000000000 0.000012198 -0.000000053 -0.000415006 -0.000012198 1.000000000 0.000033962 -0.000186626 0.000000053 -0.000033962 1.000000000 -0.000402392
1.000000000 -0.000060043 0.000104414 -0.000827621 0.000060046 1.000000000 -0.000031195 0.000369244 -0.000104412 0.000031202 1.000000000 -0.000179318
1.000000000 -0.000177747 0.000009450 0.000285041 0.000177747 1.000000000 0.000020564 -0.000206337 -0.000009454 -0.000020562 1.000000000 -0.000231191
1.000000000 0.000003089 0.000045045 -0.000347332 -0.000003090 1.000000000 0.000008579 -0.000258712 -0.000045045 -0.000008579 1.000000000 -0.000655742
1.000000000 -0.000019158 -0.000007536 -0.000164439 0.000019156 1.000000000 -0.000164601 0.000774598 0.000007539 0.000164601 1.000000000 -0.000335585
1.000000000 -0.000016501 0.000074033 -0.000158020 0.000016499 1.000000000 0.000015389 -0.000619550 -0.000074033 -0.000015388 1.000000000 -0.000249990
1.000000000 0.000130792 0.000101330 -0.001450737 -0.000130797 1.000000000 0.000049309 -0.000403736 -0.000101324 -0.000049323 1.000000000 -0.000314469
1.000000000 -0.000008470 0.000093534 -0.000808505 0.000008480 1.000000000 -0.000096940 0.000618382 -0.000093533 0.000096941 1.000000000 -0.000544648
1.000000000 0.000108590 0.000042522 -0.000703102 -0.000108585 1.000000000 -0.000116837 0.000265576 -0.000042534 0.000116833 1.000000000 -0.000678326
1.000000000 0.000008146 0.000007992 -0.000156695 -0.000008146 1.000000000 -0.000006087 0.000535074 -0.000007992 0.000006087 1.000000000 -0.000021727
1.000000000 0.000116392 0.000077805 -0.000861440 -0.000116384 1.000000000 -0.000107737 0.001367729 -0.000077817 0.000107728 1.000000000 0.000336430
1.000000000 0.000095214 0.000050258 -0.000525041 -0.000095211 1.000000000 -0.000054849 0.000952108 -0.000050263 0.000054844 1.000000000 0.000207609
1.000000000 0.000088200 0.000126896 -0.001347565 -0.000088187 1.000000000 -0.000103296 0.001242055 -0.000126905 0.000103285 1.000000000 0.001086152
0.999999940 0.000225720 0.000129097 -0.001914655 -0.000225709 1.000000000 -0.000087004 0.000912380 -0.000129117 0.000086975 1.000000000 0.000443542
0.999999940 0.000262317 0.000152274 -0.002070563 -0.000262295 0.999999940 -0.000144181 0.001702062 -0.000152312 0.000144141 1.000000000 0.001609695
0.999999881 0.000497417 -0.000082323 -0.001628748 -0.000497405 0.999999881 0.000152377 -0.000119532 0.000082399 -0.000152336 1.000000000 0.000353856
0.999999881 0.000486707 -0.000042265 -0.002144269 -0.000486696 0.999999881 0.000248694 -0.000937296 0.000042386 -0.000248673 1.000000000 0.000590207
0.999999881 0.000478219 -0.000135977 -0.001758530 -0.000478181 0.999999881 0.000283624 -0.000818054 0.000136113 -0.000283559 1.000000000 0.000451161
0.999999881 0.000510381 -0.000107906 -0.001186371 -0.000510364 0.999999881 0.000157639 -0.000247674 0.000107986 -0.000157584 1.000000000 0.000756963
0.999999881 0.000476892 -0.000151036 -0.000953703 -0.000476861 0.999999881 0.000203730 -0.000685457 0.000151133 -0.000203658 1.000000000 0.000066990
0.999999821 0.000665913 -0.000096491 -0.002155934 -0.000665896 0.999999821 0.000177078 0.000038633 0.000096609 -0.000177014 1.000000000 0.000369459
0.999999821 0.000647213 -0.000042504 -0.001964000 -0.000647206 0.999999821 0.000163144 -0.000510685 0.000042610 -0.000163117 1.000000000 0.000342703
0.999999881 0.000490620 -0.000078266 -0.001276843 -0.000490604 0.999999881 0.000204087 0.000067753 0.000078366 -0.000204049 1.000000000 0.001057130
0.999999881 0.000521628 -0.000097346 -0.001183685 -0.000521606 0.999999881 0.000226507 -0.000368464 0.000097465 -0.000226456 1.000000000 0.000312219
0.999999881 0.000521021 -0.000140730 -0.001302053 -0.000520991 0.999999881 0.000214839 -0.000458005 0.000140842 -0.000214765 1.000000000 -0.000035569
0.999999881 0.000456469 -0.000178458 -0.001127532 -0.000456423 0.999999881 0.000256605 -0.000696316 0.000178576 -0.000256524 1.000000000 -0.000121809
0.999999881 0.000456720 -0.000108744 -0.001014596 -0.000456696 0.999999881 0.000211416 -0.000265100 0.000108840 -0.000211366 1.000000000 0.001086081
0.999999940 0.000403199 -0.000143005 -0.000858509 -0.000403172 0.999999940 0.000187630 -0.000013436 0.000143080 -0.000187572 1.000000000 0.001228929
0.999999881 0.000553926 -0.000120165 -0.001426016 -0.000553911 0.999999881 0.000127101 0.000247351 0.000120235 -0.000127034 1.000000000 0.000946348
0.999999881 0.000556588 -0.000042867 -0.001747491 -0.000556578 0.999999881 0.000223129 -0.000734779 0.000042991 -0.000223105 1.000000000 0.000545829
0.999999881 0.000548696 -0.000066774 -0.002034694 -0.000548685 0.999999881 0.000169859 -0.001077925 0.000066868 -0.000169822 1.000000000 -0.000148459
0.999999881 0.000547240 -0.000080102 -0.001791193 -0.000547229 0.999999881 0.000127097 -0.000738415 0.000080172 -0.000127053 1.000000000 -0.000026949
0.999999881 0.000528328 -0.000120883 -0.001315435 -0.000528295 0.999999881 0.000270671 -0.001320413 0.000121026 -0.000270607 1.000000000 -0.000188663
0.999999881 0.000476732 -0.000140975 -0.001616276 -0.000476705 0.999999881 0.000190002 -0.000626253 0.000141066 -0.000189935 1.000000000 0.000011772
0.999999821 0.000610987 -0.000071424 -0.001867417 -0.000610974 0.999999821 0.000184694 -0.000784801 0.000071536 -0.000184650 1.000000000 -0.000012501
0.999999821 0.000573849 -0.000127770 -0.001066497 -0.000573826 0.999999821 0.000181391 0.000327582 0.000127874 -0.000181317 1.000000000 0.000849856
0.999999940 0.000434902 -0.000167236 -0.000573834 -0.000434873 0.999999940 0.000171667 -0.001025162 0.000167311 -0.000171594 1.000000000 0.000843070
0.999999762 0.000694251 0.000066211 -0.001365374 -0.000694223 0.999999642 -0.000415541 -0.003400797 -0.000066499 0.000415495 0.999999940 0.047396701
0.999999821 0.000225751 0.000454327 -0.000082719 -0.000225328 0.999999523 -0.000931781 -0.005223958 -0.000454537 0.000931679 0.999999464 0.138723254
0.999999881 0.000336106 0.000516314 0.001314456 -0.000335485 0.999999225 -0.001203348 -0.007591127 -0.000516718 0.001203175 0.999999166 0.255241603
0.999999881 0.000382719 0.000301058 0.007216941 -0.000382372 0.999999225 -0.001149427 -0.011621109 -0.000301498 0.001149312 0.999999285 0.385904282
1.000000000 0.000031642 0.000228198 0.008818921 -0.000031439 0.999999642 -0.000891520 -0.018364029 -0.000228227 0.000891513 0.999999523 0.525302172
0.999999881 0.000227160 0.000475377 0.011351615 -0.000226907 0.999999821 -0.000531220 -0.024112349 -0.000475498 0.000531112 0.999999702 0.679529250
0.999999881 0.000140321 0.000465953 0.017324353 -0.000140254 0.999999940 -0.000142487 -0.028770467 -0.000465973 0.000142421 0.999999881 0.842883646
0.999999940 0.000396853 0.000118537 0.019662200 -0.000396815 0.999999881 -0.000322575 -0.033174299 -0.000118666 0.000322528 0.999999940 1.008249998
0.999999940 0.000396417 0.000178372 0.022788571 -0.000396353 0.999999881 -0.000354167 -0.036582787 -0.000178513 0.000354096 0.999999940 1.185230374
0.999999642 0.000394197 0.000621483 0.019783577 -0.000394246 0.999999881 0.000079075 -0.047038484 -0.000621452 -0.000079320 0.999999821 1.370704889
0.999999702 0.000570885 0.000540859 0.023454215 -0.000570840 0.999999821 -0.000081901 -0.049624428 -0.000540906 0.000081592 0.999999881 1.562790632
0.999999762 0.000427561 0.000745093 0.027625449 -0.000427740 1.000000000 0.000241030 -0.056562211 -0.000744990 -0.000241349 0.999999702 1.757902265
0.999999225 0.000819945 0.000947312 0.029025720 -0.000820391 0.999999523 0.000470297 -0.062356766 -0.000946926 -0.000471073 0.999999464 1.958356738
0.999999702 0.000152818 0.000641785 0.037617654 -0.000153124 0.999999821 0.000475862 -0.072653353 -0.000641712 -0.000475960 0.999999702 2.172219515
0.999999344 0.000690918 0.000812115 0.039145485 -0.000691213 0.999999702 0.000362302 -0.074833713 -0.000811865 -0.000362863 0.999999523 2.390870571
0.999999285 0.000780787 0.000911893 0.045560580 -0.000781038 0.999999642 0.000274989 -0.081757285 -0.000911678 -0.000275701 0.999999523 2.609930038
0.999999404 0.000490067 0.000911522 0.051289663 -0.000490410 0.999999821 0.000376198 -0.089748763 -0.000911337 -0.000376645 0.999999523 2.840200663
0.999999344 0.000541377 0.001019328 0.052892923 -0.000541812 0.999999821 0.000426601 -0.096378393 -0.001019097 -0.000427153 0.999999404 3.070715904
0.999998868 0.000924516 0.001189946 0.058602031 -0.000925126 0.999999464 0.000512455 -0.103336856 -0.001189472 -0.000513555 0.999999166 3.310603857
0.999999106 0.000736592 0.001140184 0.066339128 -0.000736848 0.999999702 0.000224779 -0.105776198 -0.001140018 -0.000225619 0.999999344 3.564704180
0.999998987 0.000874607 0.001125965 0.074517868 -0.000874868 0.999999583 0.000231665 -0.112533979 -0.001125762 -0.000232650 0.999999344 3.815353155
0.999998689 0.001076293 0.001190462 0.078263208 -0.001076749 0.999999344 0.000382618 -0.121399775 -0.001190050 -0.000383899 0.999999225 4.068943024
0.999998689 0.001086268 0.001215479 0.084814504 -0.001086730 0.999999344 0.000379280 -0.125555173 -0.001215066 -0.000380601 0.999999225 4.329193592
0.999998510 0.000796949 0.001505014 0.088259585 -0.000797388 0.999999583 0.000291209 -0.132854402 -0.001504781 -0.000292409 0.999998808 4.587733269
0.999998331 0.001070033 0.001495355 0.097871378 -0.001070810 0.999999225 0.000518772 -0.141495854 -0.001494799 -0.000520373 0.999998748 4.850668430
0.999997675 0.001474887 0.001613616 0.101744890 -0.001475835 0.999998748 0.000586139 -0.148627400 -0.001612750 -0.000588519 0.999998510 5.110860825
0.999997377 0.001456120 0.001767059 0.104749218 -0.001457109 0.999998808 0.000558692 -0.156730667 -0.001766243 -0.000561266 0.999998271 5.369354725
0.999997139 0.001544887 0.001840129 0.106999114 -0.001545968 0.999998569 0.000586156 -0.162222967 -0.001839221 -0.000589000 0.999998152 5.635092735
0.999997079 0.001556744 0.001846182 0.110989757 -0.001558051 0.999998510 0.000706197 -0.168949381 -0.001845080 -0.000709071 0.999998033 5.905943871
0.999996603 0.001790744 0.001908093 0.118331991 -0.001791387 0.999998271 0.000335422 -0.174638048 -0.001907489 -0.000338840 0.999998152 6.183978081
0.999994934 0.002280758 0.002244022 0.123683788 -0.002281276 0.999997318 0.000228017 -0.179499313 -0.002243496 -0.000233135 0.999997497 6.472344398
0.999995589 0.001795901 0.002374703 0.124663092 -0.001796730 0.999998331 0.000347313 -0.193976000 -0.002374075 -0.000351579 0.999997139 6.757171631
0.999997258 0.001609028 0.001714205 0.136850774 -0.001609620 0.999998629 0.000344028 -0.200173840 -0.001713649 -0.000346787 0.999998450 7.045990944
0.999995530 0.001760765 0.002384812 0.142145053 -0.001762633 0.999998152 0.000781006 -0.215098605 -0.002383432 -0.000785206 0.999996841 7.356376171
0.999994814 0.002015705 0.002474705 0.144990817 -0.002017579 0.999997616 0.000754699 -0.223620787 -0.002473178 -0.000759688 0.999996662 7.661078930
0.999994993 0.001891205 0.002504155 0.151907891 -0.001893174 0.999997854 0.000784284 -0.231944561 -0.002502666 -0.000789021 0.999996543 7.980389118
0.999993145 0.002442796 0.002771412 0.154282525 -0.002444638 0.999996781 0.000661169 -0.239184514 -0.002769788 -0.000667940 0.999995887 8.293442726
0.999993920 0.002250769 0.002639746 0.164442778 -0.002252629 0.999997199 0.000702042 -0.247865260 -0.002638158 -0.000707984 0.999996245 8.618123055
0.999992549 0.002493317 0.002940811 0.167329907 -0.002495892 0.999996483 0.000872273 -0.259790331 -0.002938626 -0.000879607 0.999995291 8.964110374
0.999991536 0.002915082 0.002874099 0.175528109 -0.002916734 0.999995470 0.000570958 -0.271708310 -0.002872422 -0.000579337 0.999995708 9.301837921
0.999991953 0.002701063 0.002951295 0.185189128 -0.002703936 0.999995887 0.000969794 -0.285224140 -0.002948663 -0.000977766 0.999995172 9.629884720
0.999992371 0.002457137 0.003019747 0.193122938 -0.002460694 0.999996245 0.001174554 -0.293844432 -0.003016849 -0.001181976 0.999994755 9.975126266
0.999991596 0.002735409 0.003044649 0.198365182 -0.002738149 0.999995768 0.000896435 -0.303395689 -0.003042185 -0.000904764 0.999994934 10.351421356
0.999990582 0.002835543 0.003273535 0.206760138 -0.002838412 0.999995530 0.000872419 -0.313767821 -0.003271047 -0.000881703 0.999994218 10.715772629
0.999991834 0.002744909 0.003011638 0.216128230 -0.002748350 0.999995708 0.001138974 -0.324107528 -0.003008499 -0.001147242 0.999994814 11.062237740
0.999992549 0.002622046 0.002832532 0.229025543 -0.002625850 0.999995708 0.001339903 -0.335315853 -0.002829006 -0.001347330 0.999995112 11.434503555
0.999990821 0.003013748 0.003047358 0.236595184 -0.003017993 0.999994457 0.001389315 -0.348486513 -0.003043154 -0.001398500 0.999994397 11.803685188
0.999990344 0.003072160 0.003142634 0.244100630 -0.003076517 0.999994338 0.001382097 -0.360624909 -0.003138370 -0.001391753 0.999994099 12.193353653
0.999990344 0.002969970 0.003231764 0.256946772 -0.002975617 0.999994099 0.001743895 -0.375833958 -0.003226565 -0.001753495 0.999993265 12.577486038
0.999987781 0.003335414 0.003652934 0.259224355 -0.003340879 0.999993265 0.001490814 -0.380347401 -0.003647937 -0.001503000 0.999992132 12.972776413
0.999988616 0.003142195 0.003585692 0.277942240 -0.003147699 0.999993920 0.001530262 -0.393509746 -0.003580862 -0.001541531 0.999992371 13.370808601
0.999988437 0.002938974 0.003791483 0.280295849 -0.002946072 0.999993920 0.001867649 -0.407391459 -0.003785971 -0.001878798 0.999991059 13.775717735
0.999986470 0.003362549 0.003955080 0.289473772 -0.003370260 0.999992490 0.001944574 -0.418474644 -0.003948511 -0.001957878 0.999990284 14.189421654
0.999984086 0.003285647 0.004579755 0.298412502 -0.003293590 0.999993086 0.001727897 -0.430482566 -0.004574046 -0.001742954 0.999988019 14.599560738
0.999984264 0.003303072 0.004532280 0.307647258 -0.003309057 0.999993622 0.001313546 -0.439990878 -0.004527912 -0.001328523 0.999988914 15.035744667
0.999984920 0.002944875 0.004635020 0.326534569 -0.002954282 0.999993563 0.002023813 -0.457827657 -0.004629030 -0.002037476 0.999987125 15.471472740
0.999982834 0.002988265 0.005037605 0.333730131 -0.002998038 0.999993622 0.001933365 -0.467001826 -0.005031796 -0.001948435 0.999985456 15.913119316
0.999980569 0.003206352 0.005365511 0.344907403 -0.003217555 0.999992609 0.002080756 -0.480355382 -0.005358802 -0.002097979 0.999983430 16.358583450
0.999978125 0.003543861 0.005593570 0.356316775 -0.003552635 0.999992430 0.001559396 -0.492237329 -0.005588002 -0.001579234 0.999983191 16.801651001
0.999975443 0.003768418 0.005909012 0.363364726 -0.003782001 0.999990225 0.002289147 -0.505446315 -0.005900328 -0.002311439 0.999979854 17.248006821
0.999972284 0.004036752 0.006251892 0.375766635 -0.004051240 0.999989092 0.002306386 -0.515582383 -0.006242514 -0.002331650 0.999977767 17.711631775
0.999974191 0.003413155 0.006313492 0.394764394 -0.003427815 0.999991477 0.002312612 -0.528603256 -0.006305544 -0.002334194 0.999977410 18.164188385
0.999974072 0.003366225 0.006361951 0.409155697 -0.003382033 0.999991298 0.002475750 -0.538706839 -0.006353560 -0.002497202 0.999976754 18.633472443
0.999967873 0.003851647 0.007027778 0.417903721 -0.003868340 0.999989808 0.002363279 -0.551249385 -0.007018603 -0.002390389 0.999972522 19.124526978
0.999970078 0.003895600 0.006684895 0.431497395 -0.003910392 0.999989867 0.002201025 -0.571785033 -0.006676253 -0.002227099 0.999975145 19.595605850
0.999971211 0.003993539 0.006443282 0.440429270 -0.004012199 0.999987781 0.002885883 -0.586104691 -0.006431679 -0.002911652 0.999975026 20.082439423
0.999969125 0.003491429 0.007055955 0.456163406 -0.003510572 0.999990165 0.002702380 -0.603530467 -0.007046451 -0.002727067 0.999971449 20.555900574
0.999977469 0.002800171 0.006103110 0.474574268 -0.002818033 0.999991775 0.002920016 -0.618826151 -0.006094883 -0.002937149 0.999977112 21.044830322
0.999976814 0.003323066 0.005942268 0.484018296 -0.003339199 0.999990761 0.002707237 -0.629881859 -0.005933216 -0.002727016 0.999978662 21.568269730
0.999981582 0.003214879 0.005155001 0.499867886 -0.003227736 0.999991655 0.002487611 -0.642329276 -0.005146961 -0.002504203 0.999983609 22.079282761
0.999979377 0.003505215 0.005374516 0.512592256 -0.003519810 0.999990165 0.002708485 -0.660526812 -0.005364969 -0.002727346 0.999981821 22.589271545
0.999982655 0.003400910 0.004813236 0.526245952 -0.003414064 0.999990463 0.002727340 -0.676064372 -0.004803914 -0.002743725 0.999984682 23.112453461
0.999984324 0.003021179 0.004739207 0.533378601 -0.003034293 0.999991536 0.002762477 -0.691916943 -0.004730822 -0.002776814 0.999984920 23.640737534
0.999990642 0.001688472 0.003998766 0.550107956 -0.001697055 0.999996305 0.002144140 -0.705404580 -0.003995131 -0.002150906 0.999989748 24.169052124
0.999988616 0.003085205 0.003626989 0.552035868 -0.003093521 0.999992728 0.002289535 -0.716342747 -0.003619898 -0.002300728 0.999990821 24.701879501
0.999988735 0.003546559 0.003155544 0.562172294 -0.003555161 0.999989927 0.002724489 -0.732702017 -0.003145850 -0.002735676 0.999991298 25.233577728
0.999989212 0.003931470 0.002472691 0.572015524 -0.003938505 0.999988198 0.002846876 -0.747035086 -0.002461469 -0.002856584 0.999992907 25.778884888
0.999985456 0.004674397 0.002706140 0.575838745 -0.004682221 0.999984860 0.002891663 -0.756921172 -0.002692582 -0.002904291 0.999992192 26.337697983
0.999991775 0.003455268 0.002109820 0.596590340 -0.003462202 0.999988556 0.003292369 -0.772245944 -0.002098420 -0.003299647 0.999992371 26.903375626
0.999993205 0.003575881 0.000874107 0.629949450 -0.003578474 0.999989152 0.002982829 -0.781129718 -0.000863431 -0.002985936 0.999995232 27.487546921
0.999989450 0.004319055 0.001577683 0.617586553 -0.004323662 0.999986351 0.002928876 -0.802901924 -0.001565012 -0.002935667 0.999994457 27.999883652
0.999987721 0.004800295 0.001237460 0.632014096 -0.004804237 0.999983311 0.003202599 -0.817794681 -0.001222066 -0.003208505 0.999994099 28.551462173
0.999990821 0.004201361 0.000808256 0.647057235 -0.004204117 0.999985218 0.003439415 -0.837881804 -0.000793794 -0.003442781 0.999993742 29.091346741
0.999989986 0.004463431 0.000284003 0.655936182 -0.004464391 0.999984026 0.003477407 -0.848176718 -0.000268477 -0.003478640 0.999993920 29.640783310
0.999987662 0.004927754 0.000648695 0.664009094 -0.004930093 0.999981105 0.003654392 -0.864454329 -0.000630675 -0.003657545 0.999993086 30.182823181
0.999982893 0.005761472 0.000960315 0.673510492 -0.005764706 0.999977529 0.003400607 -0.878812313 -0.000940701 -0.003406085 0.999993742 30.718933105
0.999985516 0.005338775 0.000671126 0.682692528 -0.005341289 0.999978483 0.003802209 -0.900602758 -0.000650812 -0.003805739 0.999992549 31.264175415
0.999980807 0.006121882 0.000904887 0.688356519 -0.006124859 0.999975681 0.003324658 -0.910416245 -0.000884512 -0.003330137 0.999994040 31.813199997
0.999983728 0.005689321 0.000341657 0.703800857 -0.005690481 0.999977648 0.003495881 -0.928796947 -0.000321760 -0.003497768 0.999993801 32.364021301
0.999982595 0.005891728 -0.000110363 0.712846637 -0.005891241 0.999974608 0.003990381 -0.942733645 0.000133870 -0.003989662 0.999992073 32.907485962
0.999987066 0.005068484 -0.000317208 0.728505969 -0.005067108 0.999978364 0.004196045 -0.963178813 0.000338468 -0.004194384 0.999991119 33.446033478
0.999986887 0.005106504 -0.000581869 0.742385685 -0.005103953 0.999977648 0.004305583 -0.977546275 0.000603842 -0.004302556 0.999990582 33.994125366
0.999984682 0.005474381 -0.000742300 0.750716329 -0.005471210 0.999976158 0.004208625 -0.989333451 0.000765321 -0.004204500 0.999990821 34.534156799
0.999985874 0.005210200 -0.000998422 0.763321459 -0.005205654 0.999976218 0.004503934 -1.010861397 0.001021864 -0.004498673 0.999989331 35.065261841
0.999988794 0.004458822 -0.001570849 0.778402388 -0.004451527 0.999979377 0.004616936 -1.025465488 0.001591403 -0.004609892 0.999988079 35.598632812
0.999987125 0.004678905 -0.001948667 0.783883870 -0.004670015 0.999978781 0.004542470 -1.038656473 0.001969879 -0.004533311 0.999987721 36.146278381
0.999985158 0.005300285 -0.001215450 0.798834741 -0.005295185 0.999977350 0.004161655 -1.052536011 0.001237481 -0.004155158 0.999990582 36.722648621
0.999979734 0.006215221 -0.001435312 0.802138507 -0.006209562 0.999973059 0.003913672 -1.064919829 0.001459598 -0.003904680 0.999991357 37.269840240
0.999986053 0.005042846 -0.001584168 0.821758151 -0.005036405 0.999979079 0.004044299 -1.078008294 0.001604530 -0.004036264 0.999990582 37.805709839
0.999989569 0.004053150 -0.002114055 0.834423542 -0.004043164 0.999980748 0.004707178 -1.096139550 0.002133094 -0.004698582 0.999986708 38.349937439
0.999987125 0.004768932 -0.001724892 0.841735125 -0.004761728 0.999979913 0.004156425 -1.102749109 0.001744679 -0.004148157 0.999989927 38.897171021
0.999986291 0.005047799 -0.001409737 0.853823483 -0.005042289 0.999979734 0.003885457 -1.115006208 0.001429320 -0.003878295 0.999991477 39.429965973
0.999985814 0.005126227 -0.001447249 0.864407718 -0.005120721 0.999979734 0.003782558 -1.129902959 0.001466609 -0.003775094 0.999991834 39.981101990
0.999979198 0.006063163 -0.002197233 0.892573237 -0.006054571 0.999974072 0.003895677 -1.155508757 0.002220796 -0.003882294 0.999989927 40.430240631
0.999978960 0.006155737 -0.002059419 0.899900079 -0.006148099 0.999974310 0.003694594 -1.166768789 0.002082109 -0.003681855 0.999991000 40.984645844
0.999976516 0.006646411 -0.001636373 0.912571549 -0.006639934 0.999970198 0.003932681 -1.184432626 0.001662464 -0.003921724 0.999990880 41.460056305
0.999975681 0.006611777 -0.002211787 0.918335795 -0.006605176 0.999973714 0.002978739 -1.180679440 0.002231423 -0.002964057 0.999993026 42.083106995
0.999977589 0.006369633 -0.002058691 0.944169044 -0.006361703 0.999972463 0.003835451 -1.212141395 0.002083065 -0.003822268 0.999990523 42.548980713
0.999975920 0.006575049 -0.002223720 0.962082148 -0.006565322 0.999969006 0.004353354 -1.233826160 0.002252275 -0.004338650 0.999988019 43.091861725
0.999974966 0.006792229 -0.001993542 0.973670840 -0.006783403 0.999967277 0.004401165 -1.261693239 0.002023370 -0.004387531 0.999988317 43.496982574
0.999974728 0.006817848 -0.002023111 0.977679014 -0.006807510 0.999963939 0.005073002 -1.281500101 0.002057624 -0.005059101 0.999985039 44.027606964
0.999972522 0.006957218 -0.002565755 1.004465699 -0.006946229 0.999966741 0.004267158 -1.287340879 0.002595358 -0.004249219 0.999987602 44.545635223
0.999975145 0.006672393 -0.002269191 1.015829921 -0.006662539 0.999968469 0.004322320 -1.304107189 0.002297959 -0.004307094 0.999988079 45.100288391
0.999973893 0.006977934 -0.001843850 1.023544550 -0.006970070 0.999966741 0.004236965 -1.312789440 0.001873354 -0.004224003 0.999989331 45.647071838
0.999970675 0.007406961 -0.001920291 1.032414675 -0.007399345 0.999964833 0.003943179 -1.329248667 0.001949430 -0.003928855 0.999990404 46.166122437
0.999971688 0.007179759 -0.002234032 1.063822985 -0.007169927 0.999964714 0.004378672 -1.327743530 0.002265392 -0.004362531 0.999987900 46.756393433
0.999972582 0.007019406 -0.002405360 1.057317019 -0.007008932 0.999966025 0.004336435 -1.352947950 0.002435716 -0.004319456 0.999987721 47.198516846
0.999971032 0.007184044 -0.002506395 1.071513057 -0.007174358 0.999966860 0.003852200 -1.366518617 0.002533987 -0.003834108 0.999989450 47.811302185
0.999973953 0.006929320 -0.002032314 1.074062705 -0.006920814 0.999967337 0.004162832 -1.376786947 0.002061093 -0.004148658 0.999989212 48.251605988
0.999973178 0.007086740 -0.001884803 1.084047675 -0.007079854 0.999968350 0.003635615 -1.385699511 0.001910508 -0.003622173 0.999991596 48.806808472
0.999970257 0.007461500 -0.001955260 1.092855573 -0.007453158 0.999963224 0.004240164 -1.400377154 0.001986827 -0.004225465 0.999989092 49.309211731
0.999970853 0.007399369 -0.001869618 1.099196076 -0.007391452 0.999963760 0.004206400 -1.412878752 0.001900676 -0.004192458 0.999989390 49.838840485
0.999969959 0.007594990 -0.001549980 1.106495857 -0.007588426 0.999962389 0.004197981 -1.425048113 0.001581806 -0.004186093 0.999989986 50.376758575
0.999969363 0.007571568 -0.001978174 1.128539324 -0.007563150 0.999962449 0.004229367 -1.444032788 0.002010122 -0.004214277 0.999989033 50.921348572
0.999969423 0.007463376 -0.002347004 1.139347196 -0.007453149 0.999962807 0.004336671 -1.453595042 0.002379282 -0.004319045 0.999987841 51.469524384
0.999967992 0.007743624 -0.002007162 1.149959683 -0.007735319 0.999961615 0.004112071 -1.466867566 0.002038928 -0.004096413 0.999989510 52.007465363
0.999971986 0.007169316 -0.002148003 1.159441710 -0.007160290 0.999965608 0.004180221 -1.479495764 0.002177897 -0.004164724 0.999988973 52.554588318
0.999969900 0.007456037 -0.002150096 1.166980743 -0.007447423 0.999964297 0.003986716 -1.491788864 0.002179744 -0.003970583 0.999989748 53.104583740
0.999969363 0.007627297 -0.001756366 1.175257206 -0.007621070 0.999964774 0.003525584 -1.503376603 0.001783194 -0.003512090 0.999992192 53.649703979
0.999968767 0.007686594 -0.001828765 1.185389996 -0.007680612 0.999965191 0.003256463 -1.514568448 0.001853733 -0.003242314 0.999993026 54.185443878
0.999969006 0.007632077 -0.001916991 1.193842292 -0.007626088 0.999966085 0.003112844 -1.525688887 0.001940684 -0.003098128 0.999993324 54.739383698
0.999970376 0.007422615 -0.002030738 1.218349934 -0.007415131 0.999965787 0.003668949 -1.546988845 0.002057902 -0.003653782 0.999991179 55.292404175
0.999970853 0.007299742 -0.002232447 1.227013111 -0.007291491 0.999966621 0.003681707 -1.558728218 0.002259249 -0.003665322 0.999990702 55.827125549
0.999967039 0.007868550 -0.001974564 1.236956596 -0.007861376 0.999962568 0.003613550 -1.573004484 0.002002925 -0.003597908 0.999991477 56.361988068
0.999964774 0.008224897 -0.001640446 1.243166447 -0.008219392 0.999960661 0.003334484 -1.585465312 0.001667809 -0.003320884 0.999993086 56.894771576
0.999963820 0.008310437 -0.001787015 1.253752708 -0.008304477 0.999960005 0.003317456 -1.602791309 0.001814514 -0.003302496 0.999992907 57.439598083
0.999968231 0.007863780 -0.001319142 1.265595794 -0.007858966 0.999962568 0.003615885 -1.613079309 0.001347528 -0.003605403 0.999992609 57.966556549
0.999965906 0.008177209 -0.001188146 1.264531016 -0.008172648 0.999959409 0.003793308 -1.630041242 0.001219117 -0.003783468 0.999992132 58.493743896
0.999969065 0.007745432 -0.001335989 1.283081532 -0.007740848 0.999964237 0.003401403 -1.641109467 0.001362289 -0.003390956 0.999993324 59.025672913
0.999969482 0.007705855 -0.001241398 1.294689298 -0.007701916 0.999965370 0.003148133 -1.653566718 0.001265615 -0.003138477 0.999994278 59.572467804
0.999971926 0.007388686 -0.001218811 1.305037618 -0.007384449 0.999966741 0.003445867 -1.664231300 0.001244231 -0.003436770 0.999993384 60.129535675
0.999963582 0.008454560 -0.001140181 1.317650318 -0.008450761 0.999958873 0.003296759 -1.681233525 0.001168007 -0.003287003 0.999993920 60.660961151
0.999963224 0.008525824 -0.000956788 1.331849456 -0.008522359 0.999957263 0.003566650 -1.695022464 0.000987156 -0.003558365 0.999993205 61.204334259
0.999965727 0.008221315 -0.001090002 1.341481924 -0.008217562 0.999960423 0.003405074 -1.710190296 0.001117953 -0.003395999 0.999993622 61.741378784
0.999962449 0.008648193 -0.000593762 1.346719742 -0.008646199 0.999957144 0.003282617 -1.723775387 0.000622126 -0.003277360 0.999994457 62.281211853
0.999957860 0.009162489 -0.000540126 1.354507565 -0.009160678 0.999952674 0.003268030 -1.733179688 0.000570044 -0.003262944 0.999994457 62.822235107
0.999950588 0.009940360 -0.000151835 1.362575889 -0.009939872 0.999946296 0.002937175 -1.748240471 0.000181023 -0.002935520 0.999995708 63.370307922
0.999959588 0.008965626 -0.000540532 1.379092097 -0.008963734 0.999953985 0.003406595 -1.766145349 0.000571049 -0.003401611 0.999993980 63.878265381
0.999960482 0.008869313 -0.000572646 1.384389997 -0.008867312 0.999954820 0.003400866 -1.777516961 0.000602784 -0.003395654 0.999994040 64.409660339
0.999960542 0.008864861 -0.000426518 1.391664147 -0.008863391 0.999955177 0.003329773 -1.791610241 0.000456018 -0.003325860 0.999994338 64.942108154
0.999957800 0.009179564 -0.000220022 1.402605057 -0.009178836 0.999952972 0.003111381 -1.801814556 0.000248572 -0.003109230 0.999995112 65.483840942
0.999958992 0.009056706 -0.000169242 1.406007171 -0.009056178 0.999954760 0.002905521 -1.812146902 0.000195549 -0.002903869 0.999995768 66.019660950
0.999957144 0.009261130 0.000143684 1.414406896 -0.009261467 0.999953806 0.002572332 -1.831248522 -0.000119855 -0.002573552 0.999996722 66.558677673
0.999958634 0.009092716 -0.000134843 1.425664902 -0.009092286 0.999954462 0.002896752 -1.840641022 0.000161175 -0.002895407 0.999995708 67.078582764
0.999959111 0.009017398 -0.000650396 1.439241886 -0.009015746 0.999956191 0.002500531 -1.855231047 0.000672916 -0.002494565 0.999996603 67.616371155
0.999959826 0.008953519 0.000062864 1.441689491 -0.008953648 0.999956787 0.002502155 -1.868973970 -0.000040459 -0.002502617 0.999996841 68.142761230
0.999962807 0.008618214 -0.000167684 1.450793862 -0.008617730 0.999959230 0.002695699 -1.884320498 0.000190908 -0.002694154 0.999996305 68.663604736
0.999958396 0.009133438 0.000082112 1.461494327 -0.009133615 0.999955177 0.002496099 -1.899762034 -0.000059310 -0.002496745 0.999996901 69.194259644
0.999957502 0.009220568 0.000411420 1.466865897 -0.009221647 0.999953806 0.002703618 -1.914140105 -0.000386472 -0.002707297 0.999996305 69.754898071
0.999962687 0.008627623 0.000230707 1.476685882 -0.008628129 0.999960184 0.002286877 -1.921553850 -0.000210968 -0.002288782 0.999997377 70.240196228
0.999963284 0.008556598 0.000252127 1.485759616 -0.008557100 0.999961257 0.002067901 -1.934043646 -0.000234422 -0.002069983 0.999997854 70.766273499
0.999967813 0.008020168 -0.000079295 1.499300599 -0.008019951 0.999964774 0.002450896 -1.951121092 0.000098948 -0.002450181 0.999997020 71.289085388
0.999960482 0.008877972 0.000437354 1.499175787 -0.008878820 0.999958634 0.001976872 -1.963138461 -0.000419785 -0.001980677 0.999997973 71.824172974
0.999964833 0.008387575 0.000138144 1.513656616 -0.008387863 0.999962330 0.002219694 -1.978726745 -0.000119521 -0.002220775 0.999997556 72.351455688
0.999961615 0.008750614 0.000317431 1.521466255 -0.008751318 0.999959052 0.002292200 -1.994198084 -0.000297360 -0.002294890 0.999997318 72.884086609
0.999955654 0.009372142 0.000821733 1.527812958 -0.009373842 0.999953866 0.002090283 -2.009716511 -0.000802104 -0.002097894 0.999997437 73.412467957
0.999951243 0.009788017 0.001293434 1.537365913 -0.009791403 0.999948621 0.002639080 -2.022234440 -0.001267536 -0.002651616 0.999995708 73.967559814
0.999961317 0.008752724 0.000988321 1.548695445 -0.008754583 0.999959886 0.001889357 -2.026832104 -0.000971746 -0.001897936 0.999997675 74.482604980
0.999961376 0.008777974 0.000135036 1.571958780 -0.008778260 0.999958873 0.002281027 -2.033654213 -0.000115007 -0.002282124 0.999997437 75.117668152
0.999962628 0.008630952 0.000512324 1.565165401 -0.008632074 0.999960244 0.002229122 -2.060306311 -0.000493063 -0.002233461 0.999997318 75.524047852
0.999960124 0.008891683 0.000809313 1.573635459 -0.008893533 0.999957800 0.002312110 -2.076382399 -0.000788720 -0.002319215 0.999997020 76.059112549
0.999959171 0.009002890 0.000781771 1.582859039 -0.009004623 0.999956965 0.002238743 -2.091762543 -0.000761582 -0.002245691 0.999997199 76.577690125
0.999955475 0.009412117 0.000845711 1.581577659 -0.009414274 0.999952376 0.002582668 -2.109083414 -0.000821363 -0.002590515 0.999996305 77.093559265
0.999957621 0.009147191 0.001059381 1.590425372 -0.009149590 0.999955535 0.002281941 -2.122258663 -0.001038461 -0.002291537 0.999996781 77.602844238
0.999955177 0.009392558 0.001170559 1.597647190 -0.009394956 0.999953687 0.002060083 -2.133313417 -0.001151157 -0.002070987 0.999997199 78.116806030
0.999960840 0.008821551 0.000727038 1.611859798 -0.008823155 0.999958515 0.002232020 -2.147093058 -0.000707319 -0.002238348 0.999997199 78.633857727
0.999961138 0.008773424 0.000759688 1.628075957 -0.008774882 0.999959588 0.001938108 -2.162338734 -0.000742654 -0.001944699 0.999997795 79.165435791
0.999961138 0.008654825 0.001690716 1.637868047 -0.008658306 0.999960303 0.002062796 -2.176360130 -0.001672796 -0.002077354 0.999996424 79.695625305
0.999957383 0.008650617 0.003254337 1.647137403 -0.008657116 0.999960542 0.001988654 -2.191452742 -0.003237005 -0.002016742 0.999992728 80.215972900
0.999957800 0.008246776 0.004042557 1.657977343 -0.008253705 0.999964416 0.001700173 -2.202927113 -0.004028393 -0.001733467 0.999990344 80.743705750
0.999946892 0.008774385 0.005408956 1.666467786 -0.008786316 0.999958992 0.002186344 -2.219513655 -0.005389550 -0.002233753 0.999982953 81.275100708
0.999924541 0.008718525 0.008649310 1.687747359 -0.008734897 0.999960124 0.001856931 -2.229203224 -0.008632774 -0.001932342 0.999960899 81.814376831
0.999891341 0.008542594 0.012013349 1.707400560 -0.008567070 0.999961317 0.001987260 -2.241625071 -0.011995909 -0.002089963 0.999925792 82.356468201
0.999849081 0.008223374 0.015303963 1.726152539 -0.008251258 0.999964356 0.001759668 -2.256547451 -0.015288946 -0.001885679 0.999881327 82.881065369
0.999780357 0.008384535 0.019200996 1.756540060 -0.008425544 0.999962330 0.002055963 -2.277119160 -0.019183038 -0.002217290 0.999813557 83.412002563
0.999644935 0.008273302 0.025329920 1.784292936 -0.008320318 0.999963880 0.001751378 -2.287129402 -0.025314515 -0.001961509 0.999677598 83.954795837
0.999473333 0.008281996 0.031374317 1.812625766 -0.008332939 0.999964297 0.001493313 -2.300814152 -0.031360820 -0.001753967 0.999506593 84.506233215
0.999256790 0.008418832 0.037617031 1.843709588 -0.008482210 0.999962807 0.001525563 -2.314994097 -0.037602782 -0.001843504 0.999291062 85.059669495
0.998921514 0.008421242 0.045660622 1.882932901 -0.008496489 0.999962807 0.001454086 -2.328471661 -0.045646682 -0.001840473 0.998955965 85.606872559
0.998487473 0.008488042 0.054320633 1.928898573 -0.008559714 0.999962866 0.001086913 -2.342045307 -0.054309387 -0.001550238 0.998522937 86.160392761
0.998074412 0.008183067 0.061486330 1.982336998 -0.008272013 0.999965131 0.001192187 -2.355626822 -0.061474428 -0.001698507 0.998107255 86.712989807
0.997479737 0.008091362 0.070488818 2.025788307 -0.008179303 0.999966085 0.000959039 -2.368615627 -0.070478655 -0.001533172 0.997512043 87.264488220
0.996657252 0.008450943 0.081258155 2.092632294 -0.008536721 0.999963224 0.000708247 -2.375472784 -0.081249200 -0.001399557 0.996692836 87.812980652
0.995987713 0.007603383 0.089166544 2.168814182 -0.007689974 0.999970257 0.000627639 -2.396554232 -0.089159153 -0.001310810 0.996016502 88.377639771
0.995276392 0.007530217 0.096788935 2.235775471 -0.007586501 0.999971211 0.000213499 -2.410405159 -0.096784547 -0.000946780 0.995304883 88.935958862
0.994256437 0.007564654 0.106755555 2.320856571 -0.007601269 0.999971092 -0.000063930 -2.423779011 -0.106752947 -0.000747914 0.994285226 89.466110229
0.993064046 0.007482267 0.117337331 2.401711464 -0.007601111 0.999970973 0.000565367 -2.446438551 -0.117329687 -0.001453339 0.993091881 90.030914307
0.991964698 0.006379784 0.126354069 2.497580528 -0.006387183 0.999979496 -0.000346598 -2.454258919 -0.126353696 -0.000463233 0.991985142 90.582412720
0.990355909 0.006450746 0.138396889 2.589757919 -0.006485363 0.999978960 -0.000200826 -2.472240925 -0.138395295 -0.000698665 0.990376770 91.113937378
0.988625467 0.005782515 0.150287092 2.701203346 -0.005818061 0.999983013 -0.000203181 -2.491142035 -0.150285721 -0.000673509 0.988642395 91.665672302
0.986949027 0.005760402 0.160929650 2.808409691 -0.005773740 0.999983311 -0.000384748 -2.508579016 -0.160929173 -0.000549440 0.986965835 92.189712524
0.985106945 0.006153639 0.171832711 2.920389175 -0.006218622 0.999980628 -0.000160104 -2.521435022 -0.171830401 -0.000910843 0.985126138 92.797996521
0.982686400 0.006176891 0.185173988 3.037094116 -0.006228931 0.999980509 -0.000300721 -2.535712719 -0.185172230 -0.000857922 0.982705772 93.340507507
0.980436981 0.005365845 0.196759865 3.174851418 -0.005380210 0.999985397 -0.000461525 -2.555227995 -0.196759492 -0.000606114 0.980451524 93.890861511
0.978227019 0.006035008 0.207449913 3.289175034 -0.006214119 0.999980688 0.000211754 -2.564700842 -0.207444623 -0.001496262 0.978245616 94.412315369
0.975610375 0.004797875 0.219456717 3.455278397 -0.004965975 0.999987602 0.000214350 -2.595050812 -0.219452947 -0.001298939 0.975622177 94.943298340
0.972381592 0.004334768 0.233356565 3.592187881 -0.004347494 0.999990463 -0.000459816 -2.600030422 -0.233356312 -0.000567400 0.972391069 95.536293030
0.969494998 0.004370896 0.245072246 3.738569260 -0.004255219 0.999990404 -0.001001506 -2.606231213 -0.245074272 -0.000071880 0.969504297 96.039985657
0.966781974 0.003113272 0.255583584 3.915567398 -0.003016073 0.999995172 -0.000772241 -2.632789135 -0.255584776 -0.000024270 0.966786563 96.602706909
0.963158667 0.003518038 0.268910825 4.088537216 -0.003560066 0.999993563 -0.000331363 -2.654604912 -0.268910289 -0.000638185 0.963164985 97.122375488
0.959456027 0.003385004 0.281837791 4.261465073 -0.003345856 0.999994159 -0.000620155 -2.669811726 -0.281838179 -0.000347977 0.959461868 97.666786194
0.955903590 0.004018660 0.293653160 4.444137573 -0.004036600 0.999991655 -0.000544949 -2.684034109 -0.293652922 -0.000664441 0.955911875 98.187767029
0.951585531 0.003242926 0.307367057 4.635753632 -0.003374662 0.999994218 -0.000102898 -2.713236094 -0.307365656 -0.000939343 0.951591015 98.723472595
0.947041392 0.002805470 0.321099311 4.837371826 -0.002934939 0.999995649 -0.000080813 -2.727361917 -0.321098030 -0.000865874 0.947045565 99.239624023
0.943104923 0.002457225 0.332486421 5.043649673 -0.002510726 0.999996841 -0.000268701 -2.740285397 -0.332485974 -0.000581369 0.943108022 99.746482849
0.938375115 0.002589473 0.345608622 5.255981445 -0.002881075 0.999995768 0.000330046 -2.761099815 -0.345606267 -0.001305432 0.938378751 100.260894775
0.933206499 0.001419980 0.359337837 5.470092773 -0.001831666 0.999997914 0.000805215 -2.783617496 -0.359335929 -0.001409618 0.933207214 100.713981628
0.928416729 0.001192931 0.371538609 5.677474976 -0.001284418 0.999999166 -0.000001226 -2.798554897 -0.371538281 -0.000476073 0.928417504 101.185630798
0.922784805 0.000948647 0.385314465 5.948163986 -0.001001027 0.999999523 -0.000064655 -2.819291115 -0.385314405 -0.000326049 0.922785282 102.026023865
0.916419685 0.002615017 0.400210142 6.154960632 -0.003290130 0.999994040 0.000999821 -2.873476982 -0.400205195 -0.002232999 0.916422784 102.484954834
0.910722554 0.000569267 0.413018316 6.455291748 -0.000544342 0.999999762 -0.000178013 -2.856050968 -0.413018316 -0.000062703 0.910722613 103.068756104
0.905881286 0.000468320 0.423531502 6.709850311 -0.000160804 0.999999642 -0.000761809 -2.872118711 -0.423531741 0.000622002 0.905881047 103.542686462
0.899688184 0.000138761 0.436533332 6.982929230 0.000064999 0.999999821 -0.000451831 -2.884128809 -0.436533511 0.000434881 0.899687886 104.111236572
0.893010795 -0.000208197 0.450035274 7.250865936 0.000492686 0.999999702 -0.000515020 -2.899634361 -0.450035125 0.000681644 0.893010616 104.592277527
0.886982560 -0.000685096 0.461802453 7.527675629 0.001195659 0.999998927 -0.000812972 -2.914870024 -0.461801469 0.001273251 0.886982322 105.064811707
0.881718338 -0.000874237 0.471775413 7.799118042 0.000876582 0.999999583 0.000214801 -2.951557159 -0.471775413 0.000224156 0.881718636 105.410842896
0.873379767 -0.001403837 0.487037808 8.127040863 0.002298469 0.999996603 -0.001239337 -2.935447454 -0.487034410 0.002201853 0.873380005 106.175849915
0.866043150 -0.000929725 0.499968350 8.415332794 0.002041873 0.999996483 -0.001677364 -2.947022915 -0.499965012 0.002473541 0.866042137 106.629234314
0.859844029 -0.004646781 0.510535717 8.750717163 0.005957374 0.999981821 -0.000931798 -2.969758987 -0.510522068 0.003842653 0.859856069 107.185897827
