1.000000000 0.000000000 0.000000000 0.000000000 0.000000000 1.000000000 0.000000000 0.000000000 0.000000000 0.000000000 1.000000000 0.000000000
1.000000000 0.000114711 0.000033553 -0.000105949 -0.000114711 1.000000000 -0.000000283 0.000408806 -0.000033553 0.000000279 1.000000000 0.000349964
1.000000000 0.000083759 0.000076927 -0.000492452 -0.000083767 1.000000000 0.000101483 -0.000488302 -0.000076918 -0.000101489 1.000000000 0.000369742
1.000000000 -0.000017631 0.000066045 -0.000195765 0.000017632 1.000000000 -0.000013572 0.000460243 -0.000066045 0.000013573 1.000000000 0.000338352
1.000000000 -0.000015394 0.000082159 -0.000369336 0.000015396 1.000000000 -0.000030434 0.000334860 -0.000082158 0.000030436 1.000000000 0.000001096
1.000000000 0.000086611 0.000111399 -0.001159279 -0.000086613 1.000000000 0.000017989 0.000292860 -0.000111397 -0.000017999 1.000000000 -0.000246422
1.000000000 -0.000078054 0.000053821 -0.000405544 0.000078052 1.000000000 0.000027510 -0.000181878 -0.000053823 -0.000027506 1.000000000 0.000134109
1.000000000 0.000041472 0.000050530 -0.000286989 -0.000041476 1.000000000 0.000079886 -0.000270155 -0.000050527 -0.000079888 1.000000000 0.000280310
1.000000000 0.000036045 -0.000016089 -0.000033269 -0.000036046 1.000000000 -0.000080909 0.000071588 0.000016086 0.000080910 1.000000000 -0.000056032
1.000000000 0.000037920 0.000059718 -0.000175938 -0.000037922 1.000000000 0.000027979 -0.000503730 -0.000059717 -0.000027981 1.000000000 0.000196649
1.000000000 0.000129088 0.000086315 -0.000888211 -0.000129095 1.000000000 0.000074407 -0.000399924 -0.000086305 -0.000074418 1.000000000 0.000125641
1.000000000 0.000081032 0.000083829 -0.000219510 -0.000081029 1.000000000 -0.000041559 0.000727860 -0.000083832 0.000041553 1.000000000 0.001060955
1.000000000 0.000125031 0.000036354 -0.000448645 -0.000125028 1.000000000 -0.000080164 0.000079919 -0.000036364 0.000080159 1.000000000 0.000189868
1.000000000 0.000098730 0.000054257 -0.000909985 -0.000098730 1.000000000 -0.000007844 0.000375246 -0.000054258 0.000007839 1.000000000 0.000210703
1.000000000 0.000066618 0.000102017 -0.001746104 -0.000066614 1.000000000 -0.000037301 0.000924237 -0.000102019 0.000037294 1.000000000 0.000379443
1.000000000 0.000098339 0.000028716 0.000079688 -0.000098338 1.000000000 -0.000040690 0.001271647 -0.000028720 0.000040687 1.000000000 0.001702474
1.000000000 0.000142473 0.000109938 -0.000952591 -0.000142466 1.000000000 -0.000067019 0.001489275 -0.000109948 0.000067003 1.000000000 0.001889355
1.000000000 0.000149661 0.000102901 -0.001437270 -0.000149653 1.000000000 -0.000082530 0.001145251 -0.000102913 0.000082515 1.000000000 0.001234002
0.999999940 0.000222338 0.000151918 -0.002139120 -0.000222327 1.000000000 -0.000067866 0.001914120 -0.000151933 0.000067832 1.000000000 0.001775513
1.000000000 0.000160229 0.000152643 -0.001577062 -0.000160210 1.000000000 -0.000124662 0.002009667 -0.000152663 0.000124638 1.000000000 0.002205361
1.000000000 0.000133491 0.000178217 -0.002090820 -0.000133475 1.000000000 -0.000091761 0.001369150 -0.000178229 0.000091737 1.000000000 0.001853194
1.000000000 0.000171409 0.000132762 -0.001980182 -0.000171403 1.000000000 -0.000039407 0.001576705 -0.000132769 0.000039384 1.000000000 0.001762297
1.000000000 0.000173033 0.000126496 -0.001249787 -0.000173021 1.000000000 -0.000093855 0.002070274 -0.000126513 0.000093833 1.000000000 0.002731031
1.000000000 0.000177402 0.000115238 -0.001663625 -0.000177392 1.000000000 -0.000089236 0.002483232 -0.000115254 0.000089215 1.000000000 0.002912864
0.999999940 0.000322213 0.000100838 -0.001618832 -0.000322206 0.999999940 -0.000071475 0.002260587 -0.000100861 0.000071443 1.000000000 0.002689300
0.999999940 0.000334535 0.000148199 -0.001854270 -0.000334530 0.999999940 -0.000038178 0.001246384 -0.000148212 0.000038129 1.000000000 0.001407471
1.000000000 0.000143593 0.000171509 -0.001807396 -0.000143585 1.000000000 -0.000042865 0.002494951 -0.000171515 0.000042840 1.000000000 0.002287929
0.999999940 0.000220150 0.000171545 -0.001805659 -0.000220153 1.000000000 0.000017485 0.001289310 -0.000171541 -0.000017523 1.000000000 0.002038976
1.000000000 0.000162656 0.000112387 -0.001797959 -0.000162652 1.000000000 -0.000031012 0.002103162 -0.000112392 0.000030994 1.000000000 0.002429029
1.000000000 0.000169078 0.000135308 -0.001677288 -0.000169062 1.000000000 -0.000113069 0.002180361 -0.000135327 0.000113046 1.000000000 0.002080728
1.000000000 0.000145763 0.000191140 -0.001251830 -0.000145758 1.000000000 -0.000022605 0.001342077 -0.000191143 0.000022577 1.000000000 0.002370853
1.000000000 0.000041143 0.000191207 -0.001059293 -0.000041123 1.000000000 -0.000104811 0.002818663 -0.000191211 0.000104803 1.000000000 0.003547763
1.000000000 0.000159657 0.000097029 -0.000447122 -0.000159641 1.000000000 -0.000171747 0.002931278 -0.000097056 0.000171732 1.000000000 0.003238217
1.000000000 0.000124009 0.000152983 -0.001071639 -0.000123995 1.000000000 -0.000091584 0.001747016 -0.000152995 0.000091565 1.000000000 0.001994910
0.999999940 0.000242104 0.000209354 -0.002366445 -0.000242080 0.999999940 -0.000112712 0.001821355 -0.000209381 0.000112662 1.000000000 0.001344266
0.999999940 0.000218553 0.000219473 -0.001380582 -0.000218532 1.000000000 -0.000093207 0.001552162 -0.000219493 0.000093159 1.000000000 0.001521610
0.999999940 0.000182301 0.000186466 -0.001344056 -0.000182287 1.000000000 -0.000073793 0.002114912 -0.000186480 0.000073759 1.000000000 0.002328890
0.999999940 0.000178199 0.000102508 -0.001174151 -0.000178191 1.000000000 -0.000075482 0.002131172 -0.000102521 0.000075464 1.000000000 0.002444982
0.999999940 0.000266159 0.000204905 -0.001806412 -0.000266141 1.000000000 -0.000090408 0.002029042 -0.000204929 0.000090354 1.000000000 0.002019886
0.999999940 0.000196178 0.000126173 -0.000720402 -0.000196164 1.000000000 -0.000105839 0.002529944 -0.000126194 0.000105814 1.000000000 0.002643734
0.999999940 0.000067704 0.000107372 -0.000331454 -0.000067689 1.000000000 -0.000141169 0.001795157 -0.000107381 0.000141162 1.000000000 0.002851096
0.999999821 0.000378056 0.000211835 -0.000773791 -0.000377919 0.999999702 -0.000648004 -0.002024732 -0.000212080 0.000647924 0.999999821 0.049041275
0.999999940 -0.000311914 0.000240517 -0.001295491 0.000312122 0.999999583 -0.000866160 -0.002673710 -0.000240247 0.000866235 0.999999583 0.142077714
0.999999940 -0.000353126 0.000130733 0.001312900 0.000353267 0.999999344 -0.001076047 -0.007692497 -0.000130353 0.001076093 0.999999404 0.253620952
0.999999940 -0.000034936 0.000325648 0.003368531 0.000035297 0.999999344 -0.001109916 -0.009463295 -0.000325609 0.001109928 0.999999344 0.387427986
1.000000000 -0.000112594 0.000178533 0.008702595 0.000112729 0.999999702 -0.000756213 -0.018772155 -0.000178448 0.000756233 0.999999702 0.524090171
0.999999821 -0.000575114 0.000131615 0.013159612 0.000575201 0.999999583 -0.000661577 -0.023979301 -0.000131234 0.000661653 0.999999702 0.676532805
0.999999881 0.000333193 -0.000284671 0.019367034 -0.000333342 0.999999821 -0.000524055 -0.031826518 0.000284496 0.000524150 0.999999821 0.833415866
0.999999821 0.000327938 -0.000296694 0.021741990 -0.000328052 0.999999821 -0.000385249 -0.037165493 0.000296568 0.000385346 0.999999881 1.003158450
0.999999940 -0.000323300 -0.000003188 0.027821459 0.000323298 0.999999821 -0.000519340 -0.037173368 0.000003356 0.000519339 0.999999821 1.184505343
0.999999940 -0.000141226 0.000104166 0.031055698 0.000141221 0.999999940 0.000052529 -0.043052152 -0.000104173 -0.000052515 1.000000000 1.370241046
0.999999940 -0.000321472 0.000063554 0.034628827 0.000321475 0.999999940 -0.000032600 -0.047409311 -0.000063544 0.000032620 1.000000000 1.562955379
0.999999881 -0.000473903 0.000035025 0.038995884 0.000473893 0.999999821 0.000292982 -0.053815134 -0.000035163 -0.000292965 0.999999940 1.761472225
0.999999821 -0.000447002 0.000185021 0.037652787 0.000446950 0.999999821 0.000275846 -0.060102999 -0.000185144 -0.000275763 0.999999940 1.953168750
0.999999821 -0.000603340 -0.000023114 0.046924546 0.000603352 0.999999702 0.000534451 -0.068812691 0.000022792 -0.000534465 0.999999881 2.164746046
0.999999940 -0.000119448 0.000187629 0.050332177 0.000119377 0.999999940 0.000376010 -0.071647353 -0.000187674 -0.000375987 0.999999940 2.384207249
0.999999881 -0.000252566 0.000238220 0.054973908 0.000252465 0.999999881 0.000425202 -0.076197177 -0.000238327 -0.000425142 0.999999881 2.607266426
0.999999881 -0.000283284 0.000377930 0.058996338 0.000283047 0.999999762 0.000627345 -0.087407365 -0.000378107 -0.000627238 0.999999762 2.834854364
0.999999881 -0.000174895 0.000457362 0.062886886 0.000174652 0.999999881 0.000531709 -0.090975106 -0.000457455 -0.000531629 0.999999821 3.069848537
0.999999821 -0.000456132 0.000358183 0.069832966 0.000455754 0.999999344 0.001054928 -0.104448460 -0.000358664 -0.001054765 0.999999344 3.297991753
0.999999762 -0.000255700 0.000586520 0.072830044 0.000255229 0.999999583 0.000803672 -0.110093772 -0.000586725 -0.000803522 0.999999523 3.545243502
0.999999821 0.000111581 0.000575717 0.076244041 -0.000112189 0.999999464 0.001055813 -0.116763033 -0.000575599 -0.001055878 0.999999285 3.802743912
0.999999642 0.000022658 0.000879365 0.080538563 -0.000023645 0.999999285 0.001122456 -0.125865117 -0.000879339 -0.001122476 0.999998927 4.059299469
0.999999464 -0.000001381 0.001108799 0.086409070 0.000000132 0.999999285 0.001126900 -0.132272854 -0.001108800 -0.001126899 0.999998748 4.313307762
0.999999642 0.000173146 0.000745496 0.091980174 -0.000174026 0.999999225 0.001180422 -0.139195532 -0.000745291 -0.001180551 0.999999046 4.561847687
0.999999225 0.000400545 0.001160115 0.095097177 -0.000401615 0.999999642 0.000922311 -0.143361896 -0.001159746 -0.000922776 0.999998868 4.819180489
0.999998987 0.000661873 0.001226595 0.100138918 -0.000663016 0.999999404 0.000931182 -0.149715230 -0.001225978 -0.000931995 0.999998868 5.079764843
0.999998927 0.000598665 0.001352405 0.104987107 -0.000600237 0.999999166 0.001162577 -0.158430651 -0.001351708 -0.001163388 0.999998391 5.335248470
0.999998391 0.000626509 0.001689281 0.107122689 -0.000628402 0.999999166 0.001120403 -0.167155027 -0.001688578 -0.001121462 0.999997973 5.600106716
0.999998510 0.000633899 0.001587184 0.111685008 -0.000635928 0.999998927 0.001278040 -0.174351096 -0.001586373 -0.001279047 0.999997914 5.870460033
0.999998331 0.000574247 0.001697642 0.118023239 -0.000575974 0.999999285 0.001016967 -0.181385294 -0.001697056 -0.001017943 0.999998033 6.147707462
0.999998271 0.000685377 0.001732125 0.125617325 -0.000687149 0.999999285 0.001022600 -0.185775280 -0.001731423 -0.001023788 0.999997973 6.438908577
0.999996841 0.001445272 0.002034973 0.127518967 -0.001447311 0.999998450 0.001001000 -0.195742458 -0.002033523 -0.001003942 0.999997437 6.723009586
0.999997377 0.001215394 0.001943457 0.137410119 -0.001217441 0.999998689 0.001052339 -0.202055380 -0.001942175 -0.001054702 0.999997556 7.025425434
0.999996603 0.001655692 0.002027529 0.141233191 -0.001658474 0.999997616 0.001371395 -0.214163288 -0.002025253 -0.001374753 0.999997020 7.325769424
0.999996185 0.001669680 0.002221780 0.146676004 -0.001673188 0.999997318 0.001578247 -0.224762321 -0.002219140 -0.001581958 0.999996305 7.630325794
0.999997079 0.001234629 0.002068076 0.155909359 -0.001237486 0.999998271 0.001380665 -0.233496830 -0.002066368 -0.001383220 0.999996901 7.934416771
0.999996603 0.001492217 0.002114006 0.160724670 -0.001495202 0.999997854 0.001411004 -0.245899647 -0.002111896 -0.001414160 0.999996781 8.244142532
0.999995708 0.001743534 0.002350929 0.167211801 -0.001746619 0.999997616 0.001310741 -0.254952967 -0.002348639 -0.001314841 0.999996364 8.565204620
0.999996364 0.001642906 0.002125802 0.178962767 -0.001646670 0.999997199 0.001770226 -0.264632255 -0.002122887 -0.001773720 0.999996185 8.915222168
0.999996066 0.001999815 0.001965166 0.187089756 -0.002003218 0.999996483 0.001731372 -0.277921140 -0.001961697 -0.001735301 0.999996603 9.248131752
0.999995291 0.002041592 0.002273761 0.189313948 -0.002045367 0.999996543 0.001659368 -0.289231002 -0.002270366 -0.001664011 0.999996066 9.601312637
0.999996424 0.001848694 0.001907381 0.199010700 -0.001852125 0.999996662 0.001798971 -0.299095541 -0.001904049 -0.001802497 0.999996662 9.950779915
0.999995649 0.002086805 0.002091678 0.204248458 -0.002091074 0.999995708 0.002040653 -0.311019480 -0.002087411 -0.002045018 0.999995649 10.313336372
0.999996006 0.002073666 0.001912573 0.215761095 -0.002077455 0.999995828 0.001981148 -0.321356893 -0.001908456 -0.001985113 0.999996185 10.668953896
0.999997258 0.001575946 0.001747754 0.220661253 -0.001579599 0.999996543 0.002090288 -0.327934653 -0.001744454 -0.002093043 0.999996305 11.036281586
0.999997675 0.001505894 0.001544731 0.232701182 -0.001509477 0.999996126 0.002321120 -0.340312660 -0.001541229 -0.002323446 0.999996185 11.415135384
0.999997079 0.001877909 0.001525052 0.241818383 -0.001880790 0.999996424 0.001890365 -0.342569977 -0.001521496 -0.001893228 0.999997079 11.803047180
0.999995112 0.002487650 0.001903081 0.243769586 -0.002491963 0.999994338 0.002267075 -0.360895336 -0.001897430 -0.002271807 0.999995649 12.178404808
0.999994934 0.002357580 0.002137964 0.256356448 -0.002363328 0.999993563 0.002690011 -0.376422286 -0.002131609 -0.002695050 0.999994099 12.562195778
0.999995708 0.002213305 0.001921762 0.255241841 -0.002218680 0.999993622 0.002799410 -0.384559005 -0.001915553 -0.002803661 0.999994218 12.968277931
0.999995351 0.002099514 0.002210331 0.265654474 -0.002105301 0.999994338 0.002619446 -0.397280484 -0.002204819 -0.002624087 0.999994099 13.356789589
0.999995053 0.002104002 0.002305250 0.273929179 -0.002109692 0.999994755 0.002468751 -0.408736676 -0.002300044 -0.002473603 0.999994278 13.771445274
0.999994278 0.002253129 0.002523343 0.281291604 -0.002259318 0.999994457 0.002452467 -0.417783767 -0.002517803 -0.002458154 0.999993801 14.183488846
0.999992788 0.002762974 0.002600451 0.289301932 -0.002769164 0.999993324 0.002380000 -0.430229962 -0.002593857 -0.002387184 0.999993801 14.604234695
0.999993861 0.002341477 0.002606023 0.298982620 -0.002348366 0.999993742 0.002644037 -0.446166694 -0.002599816 -0.002650140 0.999993086 15.025802612
0.999993145 0.002507672 0.002693128 0.309071690 -0.002514557 0.999993563 0.002556346 -0.457671881 -0.002686700 -0.002563101 0.999993086 15.459671974
0.999992371 0.002287783 0.003167797 0.313682228 -0.002295805 0.999994159 0.002531118 -0.468825549 -0.003161988 -0.002538371 0.999991715 15.901082039
0.999992549 0.002509336 0.002930145 0.324970186 -0.002517469 0.999992967 0.002775345 -0.480866581 -0.002923160 -0.002782702 0.999991834 16.338972092
0.999990582 0.002749629 0.003338850 0.332086682 -0.002758065 0.999993026 0.002524802 -0.493590981 -0.003331884 -0.002533987 0.999991238 16.781652451
0.999991000 0.002564566 0.003367778 0.342232078 -0.002574972 0.999991894 0.003089388 -0.511453867 -0.003359827 -0.003098032 0.999989510 17.222404480
0.999991119 0.002275637 0.003551968 0.351064205 -0.002286670 0.999992490 0.003105325 -0.522782803 -0.003544874 -0.003113420 0.999988854 17.682004929
0.999992132 0.001892596 0.003494675 0.366136432 -0.001902195 0.999994397 0.002745566 -0.532011986 -0.003489460 -0.002752192 0.999990106 18.150573730
0.999989033 0.001960465 0.004257922 0.379549563 -0.001972442 0.999994218 0.002810541 -0.545301020 -0.004252386 -0.002818909 0.999987006 18.616016388
0.999987304 0.002426160 0.004407052 0.388563812 -0.002438686 0.999992967 0.002839154 -0.556203008 -0.004400133 -0.002849866 0.999986231 19.098775864
0.999985516 0.002781473 0.004611716 0.400633276 -0.002794496 0.999992132 0.002819907 -0.570005715 -0.004603837 -0.002832753 0.999985397 19.604261398
0.999985337 0.003036488 0.004486897 0.411855727 -0.003048624 0.999991775 0.002700560 -0.584239662 -0.004478659 -0.002714199 0.999986291 20.085956573
0.999986649 0.002686389 0.004394906 0.420988232 -0.002699652 0.999991775 0.003014695 -0.594149888 -0.004386771 -0.003026520 0.999985814 20.602735519
0.999987185 0.002907039 0.004135355 0.433380544 -0.002919443 0.999991179 0.002996722 -0.605396986 -0.004126607 -0.003008756 0.999986887 21.113069534
0.999989629 0.002707687 0.003665726 0.444590956 -0.002717527 0.999992669 0.002682244 -0.611842692 -0.003658437 -0.002692178 0.999989629 21.620985031
0.999989033 0.003298933 0.003323262 0.449561983 -0.003308218 0.999990642 0.002792257 -0.630828679 -0.003314020 -0.002803221 0.999990523 22.126852036
0.999988675 0.003742186 0.002946372 0.463926613 -0.003750435 0.999989033 0.002799086 -0.643280685 -0.002935865 -0.002810104 0.999991715 22.636653900
0.999991059 0.003380498 0.002522509 0.471142441 -0.003388030 0.999989808 0.002987708 -0.659458280 -0.002512383 -0.002996228 0.999992371 23.147603989
0.999994516 0.002769956 0.001808962 0.480380923 -0.002775287 0.999991775 0.002951211 -0.672868073 -0.001800773 -0.002956216 0.999993920 23.666042328
0.999996066 0.002474906 0.001277046 0.489019752 -0.002477867 0.999994218 0.002321994 -0.685043931 -0.001271292 -0.002325149 0.999996424 24.197679520
0.999995947 0.002768464 0.000681743 0.511020720 -0.002770330 0.999992311 0.002750338 -0.707976937 -0.000674124 -0.002752216 0.999996006 24.700925827
0.999996006 0.002810376 -0.000170378 0.524335980 -0.002809894 0.999992251 0.002765537 -0.719997168 0.000178149 -0.002765047 0.999996185 25.240318298
0.999993205 0.003647897 -0.000325981 0.528244376 -0.003646897 0.999988794 0.003019607 -0.733404338 0.000336993 -0.003018398 0.999995410 25.781517029
0.999993384 0.003544918 -0.000733144 0.539973855 -0.003542903 0.999989986 0.002728871 -0.746422708 0.000742810 -0.002726256 0.999996006 26.338996887
0.999995112 0.002990621 -0.000911242 0.551078439 -0.002987922 0.999991119 0.002950297 -0.757354856 0.000920057 -0.002947559 0.999995172 26.899820328
0.999994159 0.002955965 -0.001700733 0.567889333 -0.002950596 0.999990702 0.003151051 -0.774215460 0.001710032 -0.003146015 0.999993563 27.481264114
0.999993324 0.003068744 -0.001962625 0.577703834 -0.003062804 0.999990702 0.003022772 -0.788144231 0.001971883 -0.003016741 0.999993503 28.037218094
0.999991357 0.003668753 -0.001945826 0.580782831 -0.003662317 0.999987841 0.003300976 -0.801867962 0.001957913 -0.003293821 0.999992669 28.570400238
0.999990761 0.003699901 -0.002174037 0.590004325 -0.003692254 0.999987006 0.003511088 -0.816949189 0.002187000 -0.003503028 0.999991477 29.123069763
0.999990523 0.003687474 -0.002315680 0.595370293 -0.003679962 0.999987960 0.003239989 -0.827196002 0.002327599 -0.003231436 0.999992073 29.672105789
0.999988854 0.004149682 -0.002257380 0.599344373 -0.004143149 0.999987245 0.002890700 -0.835927308 0.002269346 -0.002881316 0.999993265 30.227092743
0.999987662 0.004244953 -0.002569927 0.614935398 -0.004236985 0.999986231 0.003097947 -0.854751766 0.002583043 -0.003087020 0.999991894 30.766630173
0.999987900 0.004193503 -0.002568870 0.623816490 -0.004184743 0.999985456 0.003405747 -0.872963846 0.002583115 -0.003394955 0.999990880 31.320940018
0.999982059 0.005396524 -0.002571813 0.629456103 -0.005388281 0.999980330 0.003201052 -0.881797254 0.002589037 -0.003187136 0.999991596 31.872463226
0.999986112 0.004289755 -0.003059440 0.643725395 -0.004280230 0.999985993 0.003112877 -0.899264038 0.003072750 -0.003099739 0.999990463 32.397792816
0.999984324 0.004214030 -0.003681391 0.649741471 -0.004201742 0.999985576 0.003339285 -0.911467731 0.003695410 -0.003323766 0.999987602 32.948818207
0.999983788 0.004033322 -0.004007256 0.656837583 -0.004019828 0.999986231 0.003370128 -0.930156052 0.004020793 -0.003353965 0.999986291 33.486789703
0.999982595 0.003825446 -0.004489802 0.671273351 -0.003810207 0.999986947 0.003398047 -0.941304088 0.004502743 -0.003380881 0.999984145 34.043872833
0.999979615 0.004381121 -0.004639562 0.672510087 -0.004366066 0.999985099 0.003250273 -0.951883376 0.004653733 -0.003229950 0.999983966 34.584339142
0.999977112 0.003925683 -0.005515513 0.685877621 -0.003908241 0.999987304 0.003169694 -0.964161038 0.005527887 -0.003148066 0.999979794 35.141471863
0.999975801 0.003459009 -0.006039825 0.692453921 -0.003439043 0.999988616 0.003312981 -0.979491711 0.006051215 -0.003292130 0.999976277 35.682895660
0.999977827 0.003802785 -0.005487677 0.690260053 -0.003786113 0.999988198 0.003045457 -0.995731473 0.005499193 -0.003024613 0.999980330 36.202579498
0.999975562 0.003835443 -0.005837210 0.714148045 -0.003816769 0.999987543 0.003207011 -1.004262209 0.005849437 -0.003184653 0.999977827 36.766727448
0.999975085 0.003758857 -0.005979466 0.705316842 -0.003739759 0.999987900 0.003201783 -1.021428466 0.005991428 -0.003179341 0.999976993 37.285083771
0.999974906 0.003214025 -0.006315278 0.720234990 -0.003195399 0.999990523 0.002957264 -1.034464002 0.006324724 -0.002937010 0.999975622 37.826877594
0.999972343 0.003218803 -0.006720256 0.726964653 -0.003197745 0.999989927 0.003141998 -1.049320221 0.006730303 -0.003120421 0.999972463 38.383617401
0.999970973 0.003984407 -0.006495581 0.732585847 -0.003966230 0.999988258 0.002808724 -1.054289341 0.006506696 -0.002782880 0.999974906 38.946212769
0.999971449 0.003383332 -0.006755273 0.739999056 -0.003360667 0.999988675 0.003363617 -1.080542088 0.006766579 -0.003340818 0.999971509 39.448345184
0.999971628 0.003042707 -0.006893673 0.750807762 -0.003020831 0.999990404 0.003181438 -1.093327284 0.006903286 -0.003160524 0.999971092 39.995067596
0.999970734 0.003349077 -0.006879678 0.760019541 -0.003327336 0.999989450 0.003169143 -1.109777093 0.006890221 -0.003146159 0.999971330 40.537933350
0.999969721 0.003282160 -0.007051382 0.766930342 -0.003261202 0.999990284 0.002981721 -1.119653702 0.007061100 -0.002958635 0.999970734 41.091873169
0.999971509 0.003226936 -0.006822794 0.759938776 -0.003204769 0.999989569 0.003257655 -1.135161042 0.006833235 -0.003235696 0.999971390 41.630771637
0.999969363 0.003545433 -0.006986993 0.773277640 -0.003526200 0.999989986 0.002763008 -1.138621211 0.006996719 -0.002738285 0.999971747 42.188953400
0.999972343 0.003683357 -0.006462922 0.769415140 -0.003661811 0.999987662 0.003342426 -1.168689966 0.006475153 -0.003318667 0.999973536 42.703613281
0.999970496 0.003398156 -0.006891081 0.772037387 -0.003375188 0.999988735 0.003341797 -1.179685712 0.006902359 -0.003318440 0.999970615 43.191337585
0.999971628 0.003358867 -0.006734405 0.765414059 -0.003333795 0.999987483 0.003730641 -1.205085039 0.006746852 -0.003708085 0.999970257 43.751953125
0.999969304 0.003185523 -0.007148213 0.794859409 -0.003160476 0.999988973 0.003512464 -1.208861709 0.007159322 -0.003489764 0.999968290 44.282409668
0.999969363 0.003385327 -0.007048096 0.798729062 -0.003361087 0.999988437 0.003448299 -1.222432375 0.007059687 -0.003424504 0.999969244 44.835998535
0.999971032 0.003194971 -0.006900270 0.809492528 -0.003169543 0.999988139 0.003692950 -1.241957664 0.006911989 -0.003670973 0.999969363 45.368045807
0.999965847 0.004322002 -0.007042423 0.826504230 -0.004301745 0.999986708 0.002888990 -1.246410728 0.007054815 -0.002858597 0.999970973 45.935611725
0.999971926 0.003899374 -0.006392692 0.818743646 -0.003878060 0.999986827 0.003343096 -1.265985727 0.006405645 -0.003318211 0.999973893 46.453483582
0.999973536 0.003490340 -0.006380864 0.831436932 -0.003470232 0.999988973 0.003159682 -1.272152185 0.006391821 -0.003137455 0.999974608 47.005222321
0.999972165 0.003407372 -0.006636540 0.834676981 -0.003382908 0.999987483 0.003693950 -1.294500947 0.006649043 -0.003671396 0.999971151 47.527084351
0.999971986 0.003315819 -0.006706841 0.844875455 -0.003292740 0.999988735 0.003449072 -1.308395028 0.006718203 -0.003426892 0.999971569 48.070312500
0.999971569 0.003657711 -0.006586506 0.852569818 -0.003634036 0.999986887 0.003602662 -1.321743011 0.006599598 -0.003578624 0.999971747 48.603839874
0.999971449 0.003303698 -0.006797636 0.863184094 -0.003279970 0.999988496 0.003498725 -1.332668304 0.006809116 -0.003476330 0.999970734 49.158855438
0.999972820 0.003653002 -0.006406738 0.864924550 -0.003631857 0.999987900 0.003308807 -1.347383738 0.006418748 -0.003285448 0.999974012 49.707973480
0.999971628 0.003810591 -0.006496655 0.865638852 -0.003788946 0.999987185 0.003340740 -1.359353185 0.006509302 -0.003316029 0.999973297 50.248481750
0.999971330 0.003705143 -0.006607893 0.873404026 -0.003682255 0.999987185 0.003472521 -1.375839829 0.006620675 -0.003448089 0.999972105 50.784843445
0.999967396 0.003728809 -0.007152306 0.894513726 -0.003704565 0.999987364 0.003399923 -1.391311288 0.007164895 -0.003373317 0.999968648 51.347415924
0.999970019 0.003812105 -0.006744000 0.895798206 -0.003787414 0.999986112 0.003670158 -1.404109478 0.006757894 -0.003644506 0.999970436 51.877468109
0.999966502 0.004496804 -0.006835322 0.903214931 -0.004475915 0.999985397 0.003068248 -1.415478587 0.006849018 -0.003037551 0.999971926 52.413261414
0.999968112 0.004109850 -0.006861368 0.910506845 -0.004088448 0.999986768 0.003130201 -1.424435377 0.006874143 -0.003102049 0.999971569 52.954998016
0.999969184 0.004380343 -0.006511562 0.912795842 -0.004360759 0.999985933 0.003018473 -1.436066985 0.006524695 -0.002989985 0.999974251 53.502361298
0.999967039 0.004695592 -0.006619202 0.921781182 -0.004679386 0.999985993 0.002461500 -1.446658373 0.006630668 -0.002430445 0.999975085 54.041446686
0.999969184 0.004823279 -0.006192046 0.922463357 -0.004807232 0.999985039 0.002603807 -1.457489967 0.006204512 -0.002573960 0.999977350 54.578067780
0.999968112 0.004584878 -0.006540358 0.932934642 -0.004568452 0.999986410 0.002524038 -1.469574213 0.006551841 -0.002494078 0.999975383 55.128467560
0.999969006 0.004878018 -0.006177656 0.935351491 -0.004860867 0.999984324 0.002788089 -1.485970616 0.006191161 -0.002757974 0.999977052 55.650070190
0.999967694 0.004814464 -0.006441054 0.941557169 -0.004794998 0.999983847 0.003034304 -1.500468493 0.006455559 -0.003003321 0.999974668 56.189624786
0.999968231 0.004852716 -0.006326410 0.951998234 -0.004833980 0.999983907 0.002973486 -1.515002251 0.006340737 -0.002942809 0.999975562 56.729637146
0.999968708 0.005120702 -0.006016455 0.955541730 -0.005103901 0.999983072 0.002804410 -1.526289225 0.006030713 -0.002773615 0.999977946 57.266017914
0.999967635 0.005198922 -0.006130825 0.965495110 -0.005180843 0.999982119 0.002961018 -1.541784406 0.006146111 -0.002929160 0.999976814 57.787864685
0.999969959 0.004987044 -0.005923272 0.976783991 -0.004970492 0.999983728 0.002805812 -1.555982232 0.005937168 -0.002776287 0.999978542 58.319171906
0.999970436 0.004989597 -0.005849873 0.983623207 -0.004972050 0.999983072 0.003010157 -1.566880226 0.005864794 -0.002980982 0.999978364 58.836883545
0.999971807 0.004640032 -0.005901768 0.993148208 -0.004621929 0.999984562 0.003077231 -1.585586071 0.005915955 -0.003049867 0.999977767 59.366470337
0.999971330 0.004872393 -0.005792787 0.996999860 -0.004853942 0.999983072 0.003195088 -1.601486444 0.005808257 -0.003166878 0.999978125 59.888633728
0.999972820 0.004816166 -0.005573160 1.003687382 -0.004798458 0.999983370 0.003186264 -1.611054540 0.005588413 -0.003159435 0.999979436 60.441253662
0.999970257 0.004809495 -0.006026838 1.017035604 -0.004792014 0.999984205 0.002911642 -1.626657486 0.006040746 -0.002882674 0.999977589 60.968452454
0.999973655 0.004784246 -0.005482825 1.022183537 -0.004768376 0.999984443 0.002903957 -1.637906313 0.005496633 -0.002877736 0.999980748 61.510379791
0.999971807 0.004551616 -0.005972347 1.030184269 -0.004534089 0.999985397 0.002944745 -1.654699087 0.005985664 -0.002917583 0.999977827 62.053173065
0.999973834 0.004573476 -0.005599072 1.038229704 -0.004560448 0.999986887 0.002337296 -1.664125085 0.005609689 -0.002311700 0.999981523 62.596103668
0.999970555 0.005172475 -0.005667903 1.046505690 -0.005158190 0.999983430 0.002532112 -1.675630450 0.005680907 -0.002502801 0.999980748 63.140846252
0.999971271 0.004926615 -0.005763950 1.055444956 -0.004912887 0.999985039 0.002393423 -1.695724010 0.005775655 -0.002365036 0.999980509 63.682903290
0.999972939 0.004779920 -0.005589802 1.061635494 -0.004767465 0.999986231 0.002239080 -1.706887245 0.005600429 -0.002212370 0.999981880 64.224464417
0.999971449 0.004884959 -0.005766811 1.069694400 -0.004871610 0.999985397 0.002326578 -1.719431281 0.005778092 -0.002298418 0.999980688 64.772224426
0.999973238 0.004739799 -0.005561748 1.078232527 -0.004727336 0.999986291 0.002251993 -1.734042048 0.005572345 -0.002225641 0.999981999 65.299697876
0.999972343 0.005016491 -0.005493277 1.087339163 -0.005003962 0.999984860 0.002292278 -1.746520519 0.005504692 -0.002264726 0.999982297 65.839324951
0.999973714 0.004928765 -0.005316890 1.090317488 -0.004917265 0.999985516 0.002173594 -1.760541201 0.005327526 -0.002147391 0.999983430 66.394104004
0.999972463 0.005378987 -0.005111241 1.099425673 -0.005367771 0.999983132 0.002205415 -1.781017780 0.005123018 -0.002177919 0.999984503 66.935150146
0.999973476 0.005085028 -0.005217616 1.110261321 -0.005074590 0.999985039 0.002012252 -1.792956233 0.005227770 -0.001985721 0.999984324 67.467613220
0.999969840 0.005349527 -0.005623973 1.117460132 -0.005339065 0.999983966 0.001873827 -1.809251070 0.005633906 -0.001843743 0.999982417 68.005516052
0.999974370 0.005381504 -0.004723611 1.122437119 -0.005370669 0.999982953 0.002303561 -1.828480840 0.004735927 -0.002278133 0.999986112 68.514648438
0.999979377 0.004810419 -0.004241187 1.117733836 -0.004801185 0.999986053 0.002184517 -1.838411808 0.004251636 -0.002164110 0.999988616 69.095306396
0.999974191 0.005118099 -0.005037027 1.136159182 -0.005107816 0.999984860 0.002052286 -1.855668545 0.005047456 -0.002026505 0.999985158 69.603607178
0.999975741 0.005172989 -0.004643322 1.139614224 -0.005165342 0.999985337 0.001657432 -1.866047740 0.004651827 -0.001633408 0.999987841 70.163078308
0.999975681 0.004582473 -0.005252932 1.150697351 -0.004569815 0.999986649 0.002418963 -1.887540936 0.005263946 -0.002394899 0.999983191 70.659545898
0.999976754 0.004454323 -0.005159548 1.158990026 -0.004442635 0.999987483 0.002274603 -1.901180863 0.005169616 -0.002251629 0.999984086 71.182762146
0.999978483 0.004097137 -0.005116811 1.169735193 -0.004085493 0.999989033 0.002283989 -1.915118694 0.005126113 -0.002263035 0.999984264 71.711830139
0.999977589 0.004646461 -0.004812930 1.169190526 -0.004636275 0.999986947 0.002125404 -1.932060719 0.004822742 -0.002103043 0.999986172 72.239646912
0.999977827 0.004165002 -0.005198441 1.183245897 -0.004153122 0.999988735 0.002293969 -1.948689580 0.005207936 -0.002272328 0.999983847 72.767272949
0.999977827 0.004193620 -0.005177679 1.187984705 -0.004182306 0.999988794 0.002194123 -1.962555408 0.005186822 -0.002172419 0.999984205 73.304168701
0.999977291 0.004594135 -0.004925206 1.196460247 -0.004583925 0.999987304 0.002082135 -1.981891155 0.004934709 -0.002059511 0.999985695 73.838546753
0.999977291 0.004510131 -0.004993290 1.209569931 -0.004496502 0.999986172 0.002737289 -1.998109579 0.005005565 -0.002714774 0.999983788 74.362281799
0.999976575 0.004646700 -0.005010573 1.217216969 -0.004634995 0.999986529 0.002345158 -2.010700941 0.005021402 -0.002321880 0.999984682 74.899337769
0.999977171 0.004459214 -0.005075517 1.228527546 -0.004447936 0.999987543 0.002231319 -2.025948524 0.005085404 -0.002208692 0.999984622 75.427009583
0.999974787 0.005162105 -0.004862784 1.232470393 -0.005150998 0.999984086 0.002293632 -2.040448904 0.004874547 -0.002268526 0.999985576 75.963943481
0.999975860 0.004637165 -0.005172315 1.241299868 -0.004625521 0.999986768 0.002260816 -2.058700800 0.005182731 -0.002236837 0.999984086 76.497070312
0.999974966 0.004946227 -0.005063263 1.245038986 -0.004935875 0.999985695 0.002054986 -2.073978424 0.005073355 -0.002029943 0.999985099 77.025245667
0.999972582 0.005310575 -0.005145405 1.247664452 -0.005297084 0.999982536 0.002631728 -2.090109587 0.005159291 -0.002604401 0.999983311 77.561950684
0.999976337 0.004845391 -0.004910890 1.256629825 -0.004834079 0.999985754 0.002312617 -2.108243942 0.004922025 -0.002288823 0.999985278 78.089721680
0.999980927 0.004124595 -0.004605399 1.266385555 -0.004113860 0.999988794 0.002338221 -2.121381760 0.004614992 -0.002319230 0.999986649 78.635169983
0.999973655 0.004812159 -0.005434963 1.279315948 -0.004800520 0.999986112 0.002152618 -2.138446331 0.005445248 -0.002126470 0.999982893 79.154769897
0.999973893 0.005075170 -0.005171434 1.289319515 -0.005062541 0.999984205 0.002452369 -2.158124208 0.005183799 -0.002426124 0.999983609 79.692405701
0.999977648 0.004868888 -0.004567020 1.301330328 -0.004857752 0.999985218 0.002446200 -2.168640852 0.004578862 -0.002423960 0.999986589 80.240005493
0.999984264 0.004807197 -0.002923535 1.306535602 -0.004800705 0.999985993 0.002223442 -2.180133820 0.002934182 -0.002209371 0.999993265 80.768852234
0.999987245 0.004673022 -0.001919605 1.319884300 -0.004668783 0.999986649 0.002206805 -2.198574066 0.001929893 -0.002197815 0.999995708 81.307121277
0.999986887 0.005075217 -0.000599746 1.327745318 -0.005073776 0.999984264 0.002379738 -2.214185953 0.000611814 -0.002376664 0.999996960 81.847076416
0.999987006 0.004611458 0.002164384 1.346158862 -0.004618013 0.999984741 0.003033488 -2.245834351 -0.002150362 -0.003043444 0.999993026 82.384307861
0.999972284 0.004799701 0.005694118 1.365950346 -0.004814258 0.999985158 0.002545606 -2.250478983 -0.005681816 -0.002572948 0.999980569 82.928398132
0.999947190 0.004878598 0.009044583 1.383302212 -0.004903770 0.999984145 0.002762848 -2.266598463 -0.009030961 -0.002807054 0.999955297 83.473335266
0.999905229 0.004402455 0.013045261 1.405031681 -0.004435619 0.999986947 0.002514319 -2.277316809 -0.013034021 -0.002571944 0.999911726 84.040107727
0.999804080 0.004557234 0.019262319 1.425023317 -0.004613478 0.999985218 0.002876432 -2.294125319 -0.019248931 -0.002964735 0.999810338 84.563774109
0.999667585 0.004408620 0.025401363 1.454725623 -0.004480013 0.999986112 0.002754380 -2.310064793 -0.025388867 -0.002867263 0.999673486 85.113937378
0.999497235 0.004086674 0.031440243 1.482900381 -0.004164984 0.999988377 0.002425706 -2.320701361 -0.031429961 -0.002555435 0.999502718 85.662643433
0.999195993 0.004760116 0.039807372 1.517313600 -0.004853996 0.999985635 0.002262012 -2.333525419 -0.039796032 -0.002453418 0.999204814 86.227722168
0.998864830 0.003418169 0.047511801 1.565546989 -0.003499266 0.999992490 0.001623805 -2.348531485 -0.047505893 -0.001788218 0.998869300 86.752258301
0.998481870 0.003665043 0.054959379 1.611281633 -0.003764234 0.999991477 0.001701382 -2.364718437 -0.054952674 -0.001905679 0.998487115 87.296974182
0.997923732 0.004140635 0.064273745 1.655718088 -0.004287795 0.999988496 0.002151806 -2.384639263 -0.064264096 -0.002422931 0.997929931 87.850143433
0.997231543 0.003740547 0.074264996 1.723704338 -0.003900766 0.999990344 0.002012491 -2.402239799 -0.074256755 -0.002296610 0.997236490 88.397926331
0.996534824 0.003237800 0.083113715 1.780033588 -0.003361496 0.999993384 0.001348376 -2.404277086 -0.083108813 -0.001623090 0.996539176 88.971656799
0.995882571 0.003112555 0.090599380 1.848905087 -0.003251876 0.999993682 0.001390198 -2.422814131 -0.090594493 -0.001679092 0.995886445 89.527084351
0.994916260 0.003428160 0.100647293 1.925385475 -0.003614334 0.999992073 0.001667473 -2.440169334 -0.100640796 -0.002022769 0.994920790 90.069030762
0.993793905 0.002605865 0.111205779 2.013587952 -0.002789494 0.999994993 0.001495704 -2.448020697 -0.111201346 -0.001796629 0.993796289 90.653053284
0.992734611 0.001749640 0.120312035 2.121440887 -0.001874434 0.999997795 0.000924087 -2.453384876 -0.120310150 -0.001142890 0.992735684 91.230781555
0.991271615 0.001855288 0.131822243 2.213836670 -0.002065768 0.999996781 0.001459956 -2.470793009 -0.131819099 -0.001719527 0.991272271 91.766883850
0.989433348 0.001887561 0.144975677 2.314850807 -0.002104049 0.999996901 0.001339942 -2.503950596 -0.144972712 -0.001630819 0.989434302 92.376770020
0.987835705 0.001723401 0.155490980 2.424828529 -0.002009513 0.999996603 0.001682888 -2.516362429 -0.155487522 -0.001974878 0.987835884 92.918899536
0.985998213 0.001246286 0.166751102 2.549833298 -0.001381208 0.999998748 0.000693151 -2.523073673 -0.166750014 -0.000913763 0.985998809 93.669784546
0.983665228 0.001512063 0.180001438 2.665081978 -0.001650213 0.999998510 0.000617752 -2.537527084 -0.180000216 -0.000904702 0.983666122 94.207992554
0.981370509 0.001294577 0.192120537 2.791146278 -0.001530520 0.999998271 0.001079701 -2.567805529 -0.192118794 -0.001353631 0.981370687 94.657379150
0.979358912 0.001357372 0.202124625 2.916984558 -0.001662354 0.999997735 0.001339135 -2.584739447 -0.202122346 -0.001647497 0.979358912 95.189002991
0.976670563 -0.000103962 0.214743242 3.072986603 -0.000044283 0.999999702 0.000685532 -2.588597775 -0.214743271 -0.000679049 0.976670444 95.769111633
0.973574460 -0.000233743 0.228369564 3.212299347 0.000090637 0.999999821 0.000637132 -2.614024401 -0.228369683 -0.000599597 0.973574340 96.232925415
0.971023440 -0.000972987 0.238982067 3.370689392 0.000905971 0.999999583 0.000390268 -2.612782240 -0.238982320 -0.000162449 0.971023977 96.814422607
0.968124032 -0.000537895 0.250470787 3.544532776 0.000516445 1.000000000 0.000151363 -2.618996620 -0.250470847 -0.000017184 0.968124092 97.285560608
0.964761734 -0.001993502 0.263117582 3.721511841 0.001982148 0.999997973 0.000308597 -2.635058641 -0.263117701 0.000223815 0.964763820 97.804023743
0.961171091 -0.002485594 0.275941998 3.889066696 0.002665381 0.999996305 -0.000276515 -2.651005745 -0.275940388 0.001001268 0.961174309 98.324958801
0.957586765 -0.001481660 0.288141191 4.041816711 0.001368762 0.999998808 0.000593288 -2.668825626 -0.288141757 -0.000173728 0.957587719 98.823432922
0.953402340 -0.001943534 0.301695466 4.261228561 0.001936013 0.999998033 0.000323938 -2.674432516 -0.301695526 0.000275243 0.953404248 99.396438599
0.948949635 -0.002536449 0.315417200 4.449584961 0.002598353 0.999996543 0.000224253 -2.689474583 -0.315416664 0.000606760 0.948953092 99.851745605
0.945019901 -0.002798347 0.327000558 4.650070190 0.002822772 0.999995887 0.000399876 -2.704427481 -0.327000380 0.000545157 0.945024073 100.360794067
0.940532267 -0.003612419 0.339685231 4.872947693 0.003619494 0.999993265 0.000612755 -2.729030609 -0.339685142 0.000653173 0.940539002 100.817359924
0.935015321 -0.002819978 0.354596049 5.065200806 0.002988267 0.999995530 0.000073013 -2.728864908 -0.354594648 0.000991360 0.935019612 101.349411011
0.930236220 -0.003602287 0.366943330 5.290264130 0.003630794 0.999993205 0.000612534 -2.774073839 -0.366943061 0.000762494 0.930243015 101.973304749
0.925841451 -0.003862300 0.377892494 5.512918472 0.003987718 0.999991953 0.000450588 -2.751914978 -0.377891183 0.001089755 0.925849378 102.282508850
0.920209467 -0.005502085 0.391387641 5.769813538 0.006074329 0.999981582 -0.000224003 -2.763774633 -0.391379178 0.002583547 0.920225859 102.808151245
0.914140463 -0.004711859 0.405370265 6.016231537 0.004538980 0.999988675 0.001387721 -2.811812878 -0.405372262 0.000571396 0.914151549 103.317756653
0.909050882 -0.004756981 0.416657895 6.287158966 0.005093799 0.999987006 0.000303358 -2.836444855 -0.416653901 0.001846604 0.909063339 103.842613220
0.903420627 -0.005191550 0.428724170 6.519630432 0.004950278 0.999986351 0.001677761 -2.842336416 -0.428727031 0.000606580 0.903433979 104.289276123
0.896979392 -0.005720569 0.442035347 6.796634674 0.005775347 0.999982595 0.001221852 -2.854605436 -0.442034662 0.001456931 0.896996737 104.790267944
0.891120613 -0.005801941 0.453729510 7.067279816 0.005642722 0.999982655 0.001704748 -2.894095898 -0.453731537 0.001041134 0.891137838 105.268287659
0.885368288 -0.005835968 0.464853555 7.357257843 0.006056714 0.999981105 0.001018458 -2.871611834 -0.464850724 0.001913775 0.885386944 105.766845703
0.877915680 -0.006504037 0.478771061 7.611171722 0.006650996 0.999976873 0.001388709 -2.902014017 -0.478769034 0.001965135 0.877938688 106.182029724
