1.000000000 0.000000000 0.000000000 0.000000000 0.000000000 1.000000000 0.000000000 0.000000000 0.000000000 0.000000000 1.000000000 0.000000000
1.000000000 0.000041422 -0.000003275 0.000344272 -0.000041422 1.000000000 0.000033732 -0.000693628 0.000003276 -0.000033732 1.000000000 -0.001497996
1.000000000 -0.000015194 -0.000014218 0.001169391 0.000015194 1.000000000 0.000000029 -0.000314502 0.000014218 -0.000000029 1.000000000 -0.001604089
1.000000000 -0.000120461 -0.000121387 0.002068538 0.000120462 1.000000000 0.000009779 -0.001172893 0.000121385 -0.000009794 1.000000000 -0.004106446
1.000000000 -0.000181372 -0.000145053 0.000498178 0.000181376 1.000000000 0.000028768 0.000131933 0.000145047 -0.000028794 1.000000000 -0.002834483
1.000000000 -0.000151246 -0.000039411 0.001085439 0.000151248 1.000000000 0.000042691 -0.000442369 0.000039405 -0.000042697 1.000000000 -0.000483000
1.000000000 -0.000138223 -0.000008253 0.000463229 0.000138224 1.000000000 0.000038973 -0.000888386 0.000008248 -0.000038974 1.000000000 -0.003374399
1.000000000 -0.000046624 -0.000075855 0.001187220 0.000046626 1.000000000 0.000028173 -0.000047290 0.000075854 -0.000028176 1.000000000 -0.003114097
1.000000000 -0.000098133 -0.000030409 0.000431676 0.000098134 1.000000000 0.000011508 0.000381588 0.000030408 -0.000011511 1.000000000 -0.000522798
1.000000000 -0.000000166 -0.000018766 -0.000419722 0.000000166 1.000000000 0.000000538 0.000911362 0.000018766 -0.000000538 1.000000000 0.000194643
1.000000000 -0.000134188 -0.000138178 0.001465565 0.000134194 1.000000000 0.000047022 -0.001137691 0.000138172 -0.000047041 1.000000000 -0.002162546
1.000000000 -0.000133032 -0.000070440 0.000998264 0.000133030 1.000000000 -0.000036018 0.000373904 0.000070444 0.000036009 1.000000000 -0.000247544
1.000000000 -0.000146281 -0.000052908 -0.000538743 0.000146282 1.000000000 0.000019496 0.001014110 0.000052905 -0.000019504 1.000000000 0.000526260
1.000000000 -0.000147539 -0.000026552 0.000419872 0.000147540 1.000000000 0.000020769 0.000007968 0.000026549 -0.000020772 1.000000000 -0.003190915
1.000000000 -0.000059445 -0.000060319 0.002348202 0.000059449 1.000000000 0.000062984 -0.000814263 0.000060315 -0.000062987 1.000000000 -0.002602487
1.000000000 -0.000079921 -0.000068921 0.002735090 0.000079928 1.000000000 0.000099380 -0.001223076 0.000068913 -0.000099386 1.000000000 -0.004296435
1.000000000 -0.000075274 -0.000045983 0.001817469 0.000075274 1.000000000 0.000000553 0.000582733 0.000045983 -0.000000556 1.000000000 -0.002060725
1.000000000 0.000001286 -0.000071091 0.001882414 -0.000001282 1.000000000 0.000053029 -0.000223037 0.000071091 -0.000053029 1.000000000 -0.002946154
1.000000000 -0.000162656 -0.000128446 0.002463627 0.000162659 1.000000000 0.000025732 -0.000953132 0.000128442 -0.000025752 1.000000000 -0.002281178
1.000000000 -0.000177107 -0.000093292 0.001532457 0.000177107 1.000000000 0.000000470 0.000615012 0.000093292 -0.000000487 1.000000000 0.000497010
1.000000000 -0.000177979 -0.000069719 0.000367065 0.000177983 1.000000000 0.000052148 -0.000840961 0.000069710 -0.000052161 1.000000000 -0.005483064
1.000000000 -0.000109972 -0.000100248 0.004137781 0.000109976 1.000000000 0.000040766 -0.000460899 0.000100243 -0.000040777 1.000000000 -0.002412007
1.000000000 -0.000131602 -0.000138150 0.003155248 0.000131611 1.000000000 0.000063930 -0.000944599 0.000138141 -0.000063948 1.000000000 -0.002772765
1.000000000 -0.000193822 -0.000116112 0.001589873 0.000193826 1.000000000 0.000041526 0.000075907 0.000116104 -0.000041548 1.000000000 -0.002713521
1.000000000 -0.000159143 -0.000141567 0.003615103 0.000159148 1.000000000 0.000034827 0.000029002 0.000141562 -0.000034850 1.000000000 -0.001541658
1.000000000 -0.000204751 -0.000104557 0.002418877 0.000204753 1.000000000 0.000022575 0.000442601 0.000104553 -0.000022597 1.000000000 -0.001033958
0.999999940 -0.000257958 -0.000172503 0.002393872 0.000257976 0.999999940 0.000105238 -0.000771776 0.000172476 -0.000105283 1.000000000 -0.005420068
0.999999940 -0.000317461 -0.000101227 0.001983665 0.000317467 0.999999940 0.000065281 -0.001143066 0.000101206 -0.000065313 1.000000000 -0.002993469
1.000000000 -0.000097997 -0.000125412 0.002310805 0.000098006 1.000000000 0.000072134 -0.001040896 0.000125404 -0.000072147 1.000000000 -0.003751741
0.999999940 -0.000228813 -0.000139424 0.003155530 0.000228827 0.999999940 0.000098584 -0.001227483 0.000139402 -0.000098616 1.000000000 -0.003337478
0.999999940 -0.000256531 -0.000136653 0.001740885 0.000256540 0.999999940 0.000070701 -0.000594483 0.000136635 -0.000070736 1.000000000 -0.002817891
0.999999940 -0.000274654 -0.000135712 0.001898458 0.000274667 0.999999940 0.000098019 -0.000607734 0.000135685 -0.000098056 1.000000000 -0.004294410
0.999999940 -0.000242544 -0.000150697 0.002283025 0.000242549 0.999999940 0.000039530 -0.000438735 0.000150687 -0.000039566 1.000000000 -0.002798356
0.999999940 -0.000212734 -0.000124754 0.001320746 0.000212737 1.000000000 0.000024380 -0.000044316 0.000124749 -0.000024406 1.000000000 -0.001164595
0.999999940 -0.000305269 -0.000130106 0.002107181 0.000305284 0.999999940 0.000114505 -0.001401231 0.000130071 -0.000114545 1.000000000 -0.005734955
0.999999940 -0.000220427 -0.000140626 0.002561748 0.000220425 1.000000000 -0.000009907 0.000017523 0.000140629 0.000009876 1.000000000 -0.002494025
1.000000000 -0.000155012 -0.000137191 0.004543712 0.000155031 1.000000000 0.000136873 -0.001599640 0.000137170 -0.000136894 1.000000000 -0.007151450
0.999999940 -0.000301946 -0.000162195 0.002346044 0.000301958 0.999999940 0.000074416 -0.000857364 0.000162173 -0.000074465 1.000000000 -0.005497325
0.999999940 -0.000243538 -0.000148309 0.002414326 0.000243558 0.999999940 0.000134625 -0.001469435 0.000148276 -0.000134661 1.000000000 -0.004524868
1.000000000 -0.000140455 -0.000183091 0.003576679 0.000140451 1.000000000 -0.000022806 -0.001106735 0.000183094 0.000022780 1.000000000 -0.002268435
1.000000000 -0.000194795 -0.000074901 0.001702586 0.000194754 0.999999821 -0.000550748 -0.001167735 0.000075008 0.000550734 0.999999821 0.045822192
1.000000000 -0.000112371 -0.000192986 0.003564534 0.000112162 0.999999404 -0.001085694 -0.004759050 0.000193108 0.001085672 0.999999404 0.136941403
1.000000000 -0.000196664 -0.000116344 0.005618883 0.000196497 0.999998927 -0.001431514 -0.006852742 0.000116625 0.001431491 0.999998987 0.252868772
1.000000000 -0.000165212 -0.000066985 0.006503438 0.000165115 0.999998927 -0.001448885 -0.011502153 0.000067224 0.001448874 0.999998927 0.387493759
1.000000000 -0.000030340 -0.000125736 0.011418669 0.000030190 0.999999285 -0.001195887 -0.017314998 0.000125772 0.001195883 0.999999285 0.524337173
1.000000000 -0.000183305 -0.000011938 0.014180684 0.000183293 0.999999464 -0.001027931 -0.022576161 0.000012127 0.001027929 0.999999464 0.677615464
0.999999940 -0.000245631 -0.000129780 0.019553125 0.000245505 0.999999523 -0.000971215 -0.024798965 0.000130018 0.000971183 0.999999523 0.842971683
0.999999940 0.000328371 0.000115338 0.018604938 -0.000328274 0.999999583 -0.000843784 -0.024245637 -0.000115615 0.000843746 0.999999642 1.021598697
1.000000000 0.000124905 -0.000102662 0.027201144 -0.000124978 0.999999762 -0.000710314 -0.033471286 0.000102573 0.000710327 0.999999762 1.190570354
1.000000000 0.000047259 -0.000134280 0.031514376 -0.000047317 0.999999881 -0.000427664 -0.039933745 0.000134260 0.000427670 0.999999881 1.371864438
0.999999940 0.000153530 -0.000232264 0.036242504 -0.000153634 0.999999881 -0.000446547 -0.045049708 0.000232196 0.000446583 0.999999940 1.572083116
1.000000000 -0.000153681 0.000053885 0.038584154 0.000153702 1.000000000 -0.000377854 -0.050408918 -0.000053827 0.000377862 0.999999940 1.769040227
1.000000000 0.000149042 -0.000142887 0.047294214 -0.000149052 0.999999940 -0.000071835 -0.061511915 0.000142876 0.000071856 1.000000000 1.968995571
1.000000000 0.000158314 0.000114429 0.044274054 -0.000158289 1.000000000 -0.000219354 -0.067720152 -0.000114464 0.000219336 1.000000000 2.184261799
0.999999762 0.000636216 0.000212616 0.051716488 -0.000636253 0.999999821 0.000170363 -0.074929409 -0.000212507 -0.000170498 1.000000000 2.400787830
0.999999881 0.000392854 0.000014344 0.058566891 -0.000392858 0.999999881 0.000301025 -0.080537699 -0.000014226 -0.000301030 1.000000000 2.624742270
0.999999940 -0.000068096 0.000049713 0.038031310 0.000068063 0.999999702 0.000656454 -0.085600354 -0.000049758 -0.000656451 0.999999762 2.876013279
1.000000000 -0.000125651 -0.000023369 0.038994569 0.000125666 0.999999762 0.000629683 -0.086109065 0.000023290 -0.000629686 0.999999762 3.112223864
0.999999940 -0.000431711 -0.000307574 0.052063279 0.000431913 0.999999762 0.000658332 -0.098342083 0.000307289 -0.000658465 0.999999702 3.346868753
1.000000000 -0.000025156 -0.000198806 0.071557388 0.000025318 0.999999642 0.000817434 -0.107045338 0.000198785 -0.000817439 0.999999642 3.612357616
0.999999881 0.000502627 -0.000225699 0.076684877 -0.000502439 0.999999464 0.000833996 -0.113073789 0.000226118 -0.000833883 0.999999642 3.860576630
1.000000000 0.000101272 -0.000144840 0.080510810 -0.000101122 0.999999404 0.001038367 -0.121791691 0.000144945 -0.001038352 0.999999464 4.127195358
0.999999940 -0.000080511 0.000388310 0.063591853 0.000080064 0.999999344 0.001152077 -0.128558025 -0.000388403 -0.001152045 0.999999285 4.390210629
0.999999821 -0.000658204 0.000098870 0.071354873 0.000658078 0.999998987 0.001268689 -0.136103854 -0.000099705 -0.001268624 0.999999285 4.646175385
0.999999881 -0.000655378 0.000128648 0.077816993 0.000655186 0.999998748 0.001483921 -0.144992590 -0.000129620 -0.001483836 0.999998868 4.903981686
0.999999881 -0.000299206 -0.000053890 0.083697855 0.000299294 0.999998569 0.001647226 -0.156894058 0.000053397 -0.001647242 0.999998629 5.158751965
0.999999940 -0.000152060 -0.000175786 0.088160507 0.000152337 0.999998748 0.001577125 -0.161930978 0.000175546 -0.001577152 0.999998689 5.425279617
1.000000000 -0.000065343 -0.000081911 0.095364548 0.000065483 0.999998450 0.001712668 -0.171708778 0.000081799 -0.001712673 0.999998510 5.693205833
0.999999881 0.000315718 0.000046607 0.092100114 -0.000315792 0.999998569 0.001611430 -0.176794916 -0.000046098 -0.001611444 0.999998689 5.974908352
0.999999821 0.000162929 0.000429452 0.100820906 -0.000163747 0.999998093 0.001905912 -0.204217792 -0.000429141 -0.001905982 0.999998093 6.211544514
0.999999881 0.000163050 0.000257791 0.107850909 -0.000163575 0.999997854 0.002037161 -0.213645697 -0.000257458 -0.002037204 0.999997914 6.494175911
0.999999762 0.000423692 0.000524022 0.115928851 -0.000424803 0.999997616 0.002122259 -0.223868415 -0.000523122 -0.002122481 0.999997556 6.774189949
0.999999642 0.000458686 0.000749576 0.123716719 -0.000460251 0.999997735 0.002088985 -0.230354354 -0.000748617 -0.002089329 0.999997556 7.063313484
0.999999523 0.000743323 0.000688761 0.127635807 -0.000744709 0.999997735 0.002013590 -0.236001402 -0.000687263 -0.002014101 0.999997735 7.364337921
0.999999225 0.000780026 0.001026701 0.134775952 -0.000782048 0.999997795 0.001969866 -0.245187342 -0.001025162 -0.001970667 0.999997556 7.681729317
0.999999702 0.000040895 0.000717002 0.148587793 -0.000042417 0.999997795 0.002123162 -0.259046167 -0.000716913 -0.002123191 0.999997497 7.994824409
0.999999344 -0.000315828 0.001093872 0.143032163 0.000313388 0.999997437 0.002230419 -0.270538598 -0.001094574 -0.002230075 0.999996901 8.324921608
0.999999404 -0.000226216 0.001037977 0.156472623 0.000223707 0.999996960 0.002416771 -0.281641454 -0.001038521 -0.002416538 0.999996543 8.646469116
0.999999106 0.000195076 0.001249027 0.155427426 -0.000197806 0.999997556 0.002186077 -0.285781026 -0.001248597 -0.002186323 0.999996841 8.988686562
0.999998748 0.000115202 0.001547389 0.159271285 -0.000118729 0.999997318 0.002279501 -0.299559534 -0.001547123 -0.002279682 0.999996185 9.336317062
0.999997616 0.001754521 0.001241047 0.177258313 -0.001757910 0.999994695 0.002735634 -0.317815334 -0.001236241 -0.002737809 0.999995410 9.659584045
0.999996662 0.002180733 0.001325414 0.183879361 -0.002184289 0.999993920 0.002687544 -0.323515743 -0.001319545 -0.002690431 0.999995470 10.007760048
0.999996901 0.001970659 0.001480483 0.190715462 -0.001974811 0.999994159 0.002808349 -0.336688727 -0.001474940 -0.002811264 0.999994934 10.369466782
0.999998868 0.000499404 0.001426274 0.205048457 -0.000504175 0.999994278 0.003346580 -0.360435933 -0.001424594 -0.003347295 0.999993384 10.723515511
0.999998987 0.000473766 0.001357632 0.213850230 -0.000478637 0.999993443 0.003589754 -0.371950030 -0.001355922 -0.003590400 0.999992609 11.089040756
0.999998569 0.000559412 0.001543456 0.217523381 -0.000565180 0.999992788 0.003738776 -0.384552449 -0.001541354 -0.003739643 0.999991834 11.460474014
0.999998510 0.000759641 0.001511451 0.225846007 -0.000765209 0.999992907 0.003686259 -0.392214090 -0.001508640 -0.003687411 0.999992073 11.839385033
0.999998450 0.000604172 0.001652696 0.237663403 -0.000610741 0.999991894 0.003977077 -0.408017516 -0.001650280 -0.003978080 0.999990761 12.229427338
0.999998689 0.000797796 0.001422582 0.246158391 -0.000802413 0.999994397 0.003248004 -0.412078619 -0.001419983 -0.003249140 0.999993742 12.626250267
0.999999166 0.000165699 0.001240230 0.259190470 -0.000169734 0.999994755 0.003254068 -0.423497021 -0.001239684 -0.003254276 0.999993920 13.016847610
0.999998987 0.000715440 0.001236397 0.266666025 -0.000719984 0.999992967 0.003678611 -0.437534094 -0.001233757 -0.003679497 0.999992490 13.414974213
0.999997675 0.000958645 0.001914392 0.272610784 -0.000965888 0.999992371 0.003785854 -0.442592502 -0.001910748 -0.003787694 0.999991059 13.832489014
0.999997854 0.000817535 0.001897499 0.278248608 -0.000825393 0.999991000 0.004144168 -0.464825481 -0.001894094 -0.004145725 0.999989569 14.238659859
0.999998212 0.000474684 0.001827590 0.292196661 -0.000481820 0.999992251 0.003906144 -0.476752222 -0.001825721 -0.003907018 0.999990702 14.660054207
0.999997914 0.000050407 0.002046954 0.306349248 -0.000059544 0.999990106 0.004463835 -0.495989352 -0.002046708 -0.004463948 0.999987960 15.074964523
0.999997020 0.000785874 0.002312415 0.310785413 -0.000795862 0.999990344 0.004321497 -0.504300058 -0.002308996 -0.004323324 0.999987960 15.484466553
0.999994874 0.001229960 0.002951568 0.319599360 -0.001244052 0.999987841 0.004777534 -0.518555045 -0.002945655 -0.004781181 0.999984205 15.925481796
0.999992669 0.001632185 0.003479762 0.326341242 -0.001649171 0.999986768 0.004884091 -0.529561460 -0.003471744 -0.004889794 0.999981999 16.370164871
0.999994993 -0.000134345 0.003160438 0.346847355 0.000118548 0.999987483 0.004998222 -0.558555782 -0.003161070 -0.004997822 0.999982536 16.815284729
0.999994814 -0.000092247 0.003210664 0.360426515 0.000075476 0.999986351 0.005223403 -0.570252776 -0.003211102 -0.005223135 0.999981225 17.278997421
0.999991536 0.000437744 0.004075887 0.368537545 -0.000460077 0.999984860 0.005479989 -0.582269192 -0.004073427 -0.005481819 0.999976695 17.741615295
0.999990344 0.001095798 0.004252329 0.369010001 -0.001118553 0.999984980 0.005352496 -0.609202027 -0.004246400 -0.005357200 0.999976635 18.176254272
0.999987185 0.001469872 0.004833990 0.379786134 -0.001495488 0.999984801 0.005299784 -0.619525075 -0.004826127 -0.005306945 0.999974251 18.642515182
0.999990046 0.000949519 0.004369850 0.399280488 -0.000973015 0.999985039 0.005377708 -0.635920703 -0.004364679 -0.005381905 0.999975979 19.108064651
0.999989033 0.000887754 0.004591791 0.411371291 -0.000913331 0.999984026 0.005571076 -0.645769596 -0.004586773 -0.005575209 0.999973893 19.586067200
0.999989152 0.001401383 0.004419102 0.435110807 -0.001427883 0.999980927 0.005999174 -0.668687046 -0.004410611 -0.006005419 0.999972224 20.056421280
0.999990642 0.000873316 0.004233688 0.431391180 -0.000898917 0.999981284 0.006048893 -0.691118956 -0.004228326 -0.006052642 0.999972761 20.545919418
0.999990702 0.001066433 0.004172256 0.440959424 -0.001093350 0.999978602 0.006454290 -0.704893351 -0.004165283 -0.006458792 0.999970496 21.035503387
0.999994218 0.000839246 0.003290737 0.464540482 -0.000859772 0.999980152 0.006240981 -0.714937508 -0.003285434 -0.006243775 0.999975085 21.534086227
0.999994814 0.001094000 0.003018759 0.471041769 -0.001112267 0.999981046 0.006056226 -0.729828775 -0.003012076 -0.006059552 0.999977052 22.046739578
0.999996245 0.000813729 0.002612399 0.484119266 -0.000830386 0.999979317 0.006381339 -0.741255522 -0.002607152 -0.006383484 0.999976158 22.511714935
0.999997139 0.000863483 0.002246379 0.493296176 -0.000877573 0.999979913 0.006278476 -0.757770658 -0.002240913 -0.006280429 0.999977767 23.039848328
0.999996901 0.001415967 0.002036028 0.495215774 -0.001429111 0.999978065 0.006468618 -0.764298618 -0.002026824 -0.006471508 0.999976993 23.508375168
0.999998987 0.000219280 0.001419808 0.506769538 -0.000228453 0.999979079 0.006463342 -0.781220198 -0.001418361 -0.006463660 0.999978125 24.024122238
0.999998212 0.001506328 0.001132814 0.517868221 -0.001513746 0.999977231 0.006575983 -0.796570599 -0.001122883 -0.006577685 0.999977648 24.538156509
0.999998868 0.001446612 0.000443979 0.530555069 -0.001449633 0.999975324 0.006881317 -0.810927451 -0.000434014 -0.006881952 0.999976158 25.061786652
0.999998152 0.001884137 -0.000331485 0.531873941 -0.001881716 0.999972701 0.007159219 -0.825137198 0.000344965 -0.007158584 0.999974310 25.565826416
0.999998510 0.001583748 -0.000645042 0.544030964 -0.001578990 0.999971986 0.007311380 -0.844250619 0.000656603 -0.007310351 0.999973059 26.118272781
0.999999046 0.001104347 -0.000992784 0.543659508 -0.001096602 0.999969184 0.007768670 -0.847536564 0.001001333 -0.007767572 0.999969304 26.639806747
0.999998093 0.000828324 -0.001761849 0.562734723 -0.000814248 0.999967873 0.007975539 -0.868163884 0.001768399 -0.007974089 0.999966621 27.186979294
0.999996960 0.001753794 -0.001735836 0.555595875 -0.001739903 0.999966741 0.007971792 -0.882552922 0.001749759 -0.007968747 0.999966741 27.704370499
0.999996006 0.001888966 -0.002065833 0.567030132 -0.001872211 0.999965608 0.008082457 -0.894798100 0.002081029 -0.008078557 0.999965250 28.244104385
0.999994755 0.001836527 -0.002659574 0.591972053 -0.001814814 0.999965191 0.008143638 -0.913647830 0.002674437 -0.008138769 0.999963284 28.786653519
0.999994040 0.001879826 -0.002879302 0.603858173 -0.001855627 0.999963105 0.008384290 -0.931172729 0.002894957 -0.008378898 0.999960661 29.322145462
0.999993622 0.001298130 -0.003334846 0.600740194 -0.001269002 0.999961138 0.008721671 -0.952598214 0.003346038 -0.008717383 0.999956429 29.841400146
0.999992609 0.001716973 -0.003462698 0.611437261 -0.001687695 0.999962926 0.008440558 -0.965539694 0.003477062 -0.008434651 0.999958396 30.395904541
0.999992549 0.001779199 -0.003430563 0.615027905 -0.001749259 0.999960482 0.008710626 -0.976291776 0.003445925 -0.008704558 0.999956191 30.886219025
0.999991357 0.001362948 -0.003936899 0.637479782 -0.001329162 0.999962330 0.008571941 -0.991758823 0.003948434 -0.008566635 0.999955475 31.424371719
0.999989808 0.001350802 -0.004323055 0.652827621 -0.001312722 0.999960423 0.008799531 -1.009848237 0.004334770 -0.008793765 0.999951959 31.958852768
0.999990046 0.002337252 -0.003805474 0.624412060 -0.002302705 0.999956250 0.009057609 -1.031477213 0.003826478 -0.009048755 0.999951720 32.472846985
0.999988675 0.002493255 -0.004063946 0.631162882 -0.002455191 0.999953270 0.009344490 -1.050817013 0.004087055 -0.009334409 0.999948084 33.011459351
0.999987066 0.002743918 -0.004294309 0.636828780 -0.002702020 0.999948919 0.009732077 -1.063015938 0.004320794 -0.009720347 0.999943435 33.559005737
0.999987662 0.002286328 -0.004400007 0.647739589 -0.002246416 0.999956489 0.009054647 -1.064954758 0.004420518 -0.009044651 0.999949336 34.109470367
0.999988258 0.002365845 -0.004230201 0.652972758 -0.002327258 0.999955893 0.009103361 -1.078368068 0.004251552 -0.009093408 0.999949634 34.653774261
0.999986708 0.002980530 -0.004207925 0.659236670 -0.002942353 0.999954760 0.009049982 -1.090680599 0.004234709 -0.009037479 0.999950230 35.214820862
0.999987960 0.002372339 -0.004284828 0.670012057 -0.002332952 0.999955177 0.009173974 -1.097984195 0.004306399 -0.009163867 0.999948740 35.751792908
0.999984920 0.002124435 -0.005052570 0.672152162 -0.002075239 0.999950588 0.009722302 -1.134065986 0.005072974 -0.009711669 0.999939919 36.270942688
0.999983966 0.002479556 -0.005088366 0.678194344 -0.002429544 0.999948978 0.009811489 -1.146193743 0.005112435 -0.009798970 0.999938846 36.806888580
0.999980927 0.003020237 -0.005380406 0.681529403 -0.002968848 0.999950171 0.009533633 -1.158220172 0.005408932 -0.009517476 0.999940038 37.366016388
0.999981463 0.003132339 -0.005219529 0.686402559 -0.003079156 0.999943614 0.010166213 -1.178725481 0.005251079 -0.010149951 0.999934673 37.875694275
0.999981463 0.002751933 -0.005429041 0.672054887 -0.002698486 0.999948025 0.009827615 -1.196016431 0.005455804 -0.009812783 0.999936998 38.484676361
0.999979913 0.002219059 -0.005949283 0.684227407 -0.002159545 0.999947727 0.009991177 -1.209076643 0.005971143 -0.009978128 0.999932468 39.026721954
0.999981165 0.001901475 -0.005835051 0.695825338 -0.001840467 0.999943793 0.010443032 -1.231853485 0.005854580 -0.010432095 0.999928534 39.556110382
0.999980628 0.003596919 -0.005076610 0.695248008 -0.003546983 0.999945581 0.009811465 -1.231138468 0.005111625 -0.009793268 0.999939084 40.125530243
0.999980092 0.002832439 -0.005639387 0.689357519 -0.002775214 0.999944746 0.010129575 -1.243500352 0.005667768 -0.010113724 0.999932826 40.658508301
0.999981761 0.002782773 -0.005344363 0.681970596 -0.002725333 0.999938786 0.010725211 -1.296946645 0.005373883 -0.010710453 0.999928117 41.211574554
0.999981344 0.001952822 -0.005787048 0.699733019 -0.001888709 0.999936998 0.011063522 -1.310034156 0.005808290 -0.011052385 0.999921978 41.760051727
0.999980390 0.001815437 -0.005979341 0.714764357 -0.001749563 0.999937892 0.011003819 -1.321239591 0.005998947 -0.010993144 0.999921560 42.294960022
0.999978364 0.002085198 -0.006237556 0.715314746 -0.002016714 0.999937832 0.010965526 -1.323735714 0.006260034 -0.010952711 0.999920368 42.839866638
0.999977827 0.001802291 -0.006397294 0.718785286 -0.001730870 0.999936342 0.011152192 -1.358933091 0.006416985 -0.011140875 0.999917328 43.398021698
0.999979138 0.001635012 -0.006247050 0.718878984 -0.001566260 0.999938309 0.010994660 -1.368343115 0.006264642 -0.010984648 0.999920070 43.942512512
0.999977052 0.001423626 -0.006613634 0.734330058 -0.001350584 0.999938190 0.011035512 -1.371727228 0.006628936 -0.011026328 0.999917150 44.481533051
0.999976754 0.001859419 -0.006562253 0.742444277 -0.001788479 0.999940097 0.010799698 -1.382014155 0.006581940 -0.010787711 0.999920130 45.030395508
0.999975979 0.000890816 -0.006866471 0.756977260 -0.000812709 0.999935031 0.011369474 -1.409542203 0.006876155 -0.011363624 0.999911785 45.536064148
0.999974787 0.001174218 -0.007000510 0.769734025 -0.001096402 0.999937654 0.011109289 -1.400838375 0.007013118 -0.011101333 0.999913752 46.088188171
0.999973238 0.001073193 -0.007234675 0.783477426 -0.000989300 0.999932349 0.011589615 -1.439190626 0.007246624 -0.011582148 0.999906659 46.618614197
0.999974728 0.001148649 -0.007018838 0.767993808 -0.001066363 0.999930739 0.011716183 -1.449907422 0.007031810 -0.011708404 0.999906719 47.175949097
0.999977887 0.001722902 -0.006432489 0.765648305 -0.001647575 0.999930263 0.011697369 -1.456696987 0.006452193 -0.011686513 0.999910891 47.730377197
0.999974489 0.000933469 -0.007084114 0.781531453 -0.000849046 0.999928713 0.011910885 -1.475711107 0.007094726 -0.011904566 0.999903977 48.241985321
0.999980271 0.001623884 -0.006065722 0.798352301 -0.001554981 0.999934435 0.011346875 -1.464485168 0.006083750 -0.011337220 0.999917209 48.811794281
0.999972463 0.001038434 -0.007346249 0.801871479 -0.000950570 0.999928117 0.011953820 -1.497516036 0.007358134 -0.011946508 0.999901533 49.291851044
0.999969542 0.001166570 -0.007715124 0.808450818 -0.001071207 0.999923110 0.012353058 -1.506199956 0.007728941 -0.012344418 0.999893904 49.827079773
0.999970853 0.000473877 -0.007614556 0.820956707 -0.000381761 0.999926805 0.012094312 -1.524213314 0.007619730 -0.012091054 0.999897897 50.303966522
0.999970913 0.000848871 -0.007575389 0.825634718 -0.000757011 0.999926269 0.012120719 -1.531475902 0.007585120 -0.012114634 0.999897778 50.846748352
0.999972105 0.000553637 -0.007438567 0.834491014 -0.000462047 0.999924123 0.012308879 -1.541438580 0.007444818 -0.012305100 0.999896526 51.359691620
0.999972939 0.001118472 -0.007272607 0.837198973 -0.001029944 0.999925375 0.012165122 -1.549266577 0.007285670 -0.012157301 0.999899566 51.898097992
0.999971926 0.000645706 -0.007466339 0.852091372 -0.000551625 0.999920487 0.012595897 -1.561644793 0.007473878 -0.012591423 0.999892771 52.420055389
0.999968708 0.000477198 -0.007897190 0.863259196 -0.000377956 0.999920964 0.012563488 -1.571918488 0.007902561 -0.012560111 0.999889851 52.969295502
0.999972582 0.000774856 -0.007353002 0.871622562 -0.000683567 0.999922693 0.012409605 -1.580387354 0.007362050 -0.012404239 0.999895990 53.483089447
0.999973178 0.001060272 -0.007231046 0.874325275 -0.000970293 0.999922216 0.012435606 -1.589300990 0.007243668 -0.012428257 0.999896586 54.033313751
0.999973059 0.001024878 -0.007266530 0.880970478 -0.000933198 0.999920070 0.012608944 -1.605245948 0.007278872 -0.012601821 0.999894083 54.523025513
0.999972999 0.001053167 -0.007261098 0.896110296 -0.000959738 0.999916852 0.012858541 -1.618279457 0.007274037 -0.012851225 0.999890983 55.039642334
0.999973357 0.001086247 -0.007202270 0.903128266 -0.000994485 0.999918342 0.012732130 -1.622889400 0.007215513 -0.012724627 0.999893010 55.589874268
0.999973595 0.000893686 -0.007203079 0.912143111 -0.000800015 0.999915183 0.012996572 -1.637278318 0.007214083 -0.012990464 0.999889612 56.137859344
0.999974251 0.000571071 -0.007156177 0.912418783 -0.000476507 0.999912620 0.013208977 -1.643779278 0.007163095 -0.013205227 0.999887168 56.596630096
0.999973714 0.000477017 -0.007237838 0.913522720 -0.000386750 0.999922276 0.012467862 -1.613748908 0.007243222 -0.012464735 0.999896049 57.306221008
0.999973595 0.000118262 -0.007263252 0.937431455 -0.000018887 0.999906421 0.013680456 -1.677134037 0.007264190 -0.013679958 0.999880075 57.702789307
0.999972880 0.000333178 -0.007354249 0.945164919 -0.000234605 0.999910116 0.013400327 -1.678904533 0.007358054 -0.013398239 0.999883115 58.174438477
0.999971509 -0.000203882 -0.007538190 0.949057519 0.000305403 0.999909163 0.013468850 -1.643517733 0.007534760 -0.013470773 0.999880910 58.815338135
0.999973714 0.000470756 -0.007239167 0.950687528 -0.000373534 0.999909759 0.013425373 -1.694392443 0.007244835 -0.013422318 0.999883652 59.232162476
0.999974132 0.000263708 -0.007202000 0.959906638 -0.000167706 0.999911129 0.013327221 -1.699402332 0.007204875 -0.013325667 0.999885261 59.790493011
0.999974370 0.000102423 -0.007155376 0.971345663 -0.000007801 0.999912620 0.013222731 -1.711758614 0.007156105 -0.013222338 0.999886990 60.339042664
0.999976158 0.001143161 -0.006816135 0.982590377 -0.001049279 0.999904752 0.013761262 -1.721271038 0.006831218 -0.013753784 0.999882042 60.885536194
0.999973953 0.000286340 -0.007214097 0.993534386 -0.000187636 0.999906361 0.013679083 -1.732065916 0.007217338 -0.013677374 0.999880433 61.360073090
0.999970317 0.000716279 -0.007673753 1.013524532 -0.000616638 0.999915600 0.012979112 -1.747208714 0.007682402 -0.012973994 0.999886334 61.886867523
0.999967813 0.000752445 -0.007991339 1.035889149 -0.000646974 0.999912798 0.013192456 -1.763920784 0.008000568 -0.013186862 0.999881089 62.418865204
0.999967515 0.000501201 -0.008046504 1.018751025 -0.000397272 0.999916553 0.012912462 -1.762146115 0.008052304 -0.012908846 0.999884248 62.996822357
0.999973357 0.000713405 -0.007260520 1.011952996 -0.000618375 0.999914229 0.013082464 -1.761558414 0.007269229 -0.013077626 0.999888062 63.624591827
0.999969840 -0.000162673 -0.007768218 1.028165817 0.000270194 0.999904156 0.013842018 -1.771754146 0.007765223 -0.013843701 0.999873996 63.996562958
0.999969304 -0.000703174 -0.007809312 1.037738323 0.000811108 0.999904096 0.013826607 -1.781765938 0.007798840 -0.013832515 0.999873877 64.549331665
0.999973118 0.000054742 -0.007333039 1.040866971 0.000048416 0.999900997 0.014066672 -1.786796331 0.007333083 -0.014066649 0.999874175 65.061775208
0.999979079 0.001080818 -0.006380497 1.038448334 -0.000991184 0.999900997 0.014034649 -1.793949962 0.006395034 -0.014028031 0.999881148 65.613655090
0.999975324 0.000691583 -0.006994011 1.054409266 -0.000593907 0.999902487 0.013958148 -1.800825119 0.007002981 -0.013953650 0.999878109 66.157302856
0.999973178 -0.000111171 -0.007326199 1.062983751 0.000213092 0.999903142 0.013912519 -1.812506676 0.007323944 -0.013913708 0.999876380 66.685234070
0.999967873 -0.000465309 -0.008002175 1.084192991 0.000575811 0.999904394 0.013812272 -1.821651697 0.007994983 -0.013816433 0.999872565 67.177513123
0.999971330 0.000261538 -0.007569942 1.088949203 -0.000156228 0.999903262 0.013908882 -1.827084064 0.007572846 -0.013907299 0.999874651 67.734222412
0.999970138 -0.000087549 -0.007726123 1.093581676 0.000193590 0.999905825 0.013725272 -1.832211018 0.007724194 -0.013726359 0.999875903 68.283905029
0.999969065 -0.000209707 -0.007870114 1.112331629 0.000318671 0.999904096 0.013846628 -1.841144800 0.007866457 -0.013848707 0.999873161 68.828231812
0.999965966 -0.000941114 -0.008200031 1.122574091 0.001055565 0.999901891 0.013964267 -1.857931614 0.008186086 -0.013972449 0.999868810 69.286834717
0.999965668 -0.000604500 -0.008271989 1.123902321 0.000718832 0.999904156 0.013825597 -1.858390808 0.008262841 -0.013831069 0.999870241 69.844192505
0.999967575 -0.000289899 -0.008045550 1.142501831 0.000401955 0.999902904 0.013929565 -1.870723486 0.008040732 -0.013932347 0.999870539 70.374443054
0.999968469 -0.000540969 -0.007925414 1.143499494 0.000652570 0.999900579 0.014085623 -1.884813547 0.007917005 -0.014090349 0.999869406 70.916275024
0.999969304 -0.000339339 -0.007824599 1.146121979 0.000450032 0.999899745 0.014149409 -1.893687367 0.007819013 -0.014152494 0.999869287 71.464523315
0.999970675 -0.000038620 -0.007668333 1.144597054 0.000145540 0.999902785 0.013943006 -1.895530462 0.007667051 -0.013943711 0.999873400 72.043197632
0.999966979 -0.000878163 -0.008071465 1.166268826 0.000990732 0.999902129 0.013953107 -1.908635139 0.008058424 -0.013960645 0.999870002 72.544357300
0.999966502 -0.001133783 -0.008107828 1.177243233 0.001248122 0.999899626 0.014111185 -1.920432329 0.008091015 -0.014120832 0.999867558 73.082023621
0.999967217 -0.001186680 -0.008011900 1.179433465 0.001299373 0.999900103 0.014075262 -1.927270770 0.007994398 -0.014085211 0.999868810 73.620758057
0.999963880 -0.001450006 -0.008382156 1.190276861 0.001564622 0.999905109 0.013683534 -1.937472820 0.008361519 -0.013696153 0.999871254 74.157188416
0.999962330 -0.001816931 -0.008489758 1.201301575 0.001935200 0.999900877 0.013943392 -1.947909117 0.008463583 -0.013959295 0.999866724 74.681648254
0.999970078 -0.000751532 -0.007699836 1.188041687 0.000859227 0.999901712 0.013992887 -1.954482198 0.007688563 -0.013999084 0.999872446 75.326080322
0.999965489 -0.001290754 -0.008211145 1.219722629 0.001403114 0.999905229 0.013692833 -1.946843386 0.008192694 -0.013703882 0.999872506 75.828224182
0.999973238 -0.000428749 -0.007313763 1.203267097 0.000532478 0.999899268 0.014186644 -1.980757475 0.007306943 -0.014190158 0.999872565 76.387329102
0.999966741 -0.001158166 -0.008067320 1.211025715 0.001271241 0.999900758 0.014025453 -1.987285495 0.008050275 -0.014035244 0.999869108 77.006668091
0.999969006 -0.001297429 -0.007769304 1.233674288 0.001408986 0.999895692 0.014370406 -1.984691381 0.007749849 -0.014380906 0.999866545 77.533218384
0.999968410 -0.001499430 -0.007806930 1.224996209 0.001607945 0.999901950 0.013912074 -1.999178648 0.007785304 -0.013924190 0.999872744 78.131988525
0.999973059 -0.000501507 -0.007316849 1.225511670 0.000603638 0.999902308 0.013962862 -2.009232044 0.007309130 -0.013966903 0.999875724 78.703468323
0.999973714 -0.000308520 -0.007247619 1.233207941 0.000409728 0.999902308 0.013967023 -2.020087242 0.007242602 -0.013969624 0.999876201 79.264785767
0.999976337 -0.000357050 -0.006870620 1.242082477 0.000451997 0.999904335 0.013822749 -2.024433613 0.006865029 -0.013825527 0.999880850 79.833984375
0.999983370 -0.000779285 -0.005701559 1.248065948 0.000856080 0.999908805 0.013479054 -2.031286955 0.005690535 -0.013483710 0.999892890 80.391967773
0.999989152 -0.000825079 -0.004571361 1.262376904 0.000885663 0.999911606 0.013266873 -2.038908482 0.004560011 -0.013270779 0.999901474 80.963684082
0.999994457 -0.001124570 -0.003177443 1.280871749 0.001166693 0.999911010 0.013286000 -2.052079678 0.003162220 -0.013289631 0.999906600 81.517280579
0.999999642 -0.000516297 0.000680660 1.291891456 0.000507217 0.999911904 0.013273350 -2.059301376 -0.000687453 -0.013273001 0.999911666 82.075981140
0.999991238 -0.001340669 0.003969664 1.315214157 0.001288441 0.999912977 0.013130449 -2.066498280 -0.003986922 -0.013125218 0.999905884 82.621406555
0.999972582 -0.001233677 0.007314287 1.332965493 0.001133891 0.999906421 0.013631191 -2.083518505 -0.007330419 -0.013622521 0.999880254 83.208488464
0.999929309 -0.001240577 0.011825582 1.358102679 0.001082594 0.999910235 0.013356439 -2.076735973 -0.011841090 -0.013342693 0.999840856 83.729347229
0.999832034 -0.000887135 0.018302014 1.389346361 0.000635429 0.999905169 0.013754196 -2.101422310 -0.018312482 -0.013740256 0.999737918 84.330039978
0.999711752 -0.000780748 0.023995405 1.416690946 0.000449058 0.999904275 0.013825352 -2.113084316 -0.024003904 -0.013810593 0.999616444 84.886657715
0.999557436 -0.000539215 0.029743899 1.447771072 0.000123175 0.999902308 0.013987469 -2.119549751 -0.029748531 -0.013977617 0.999459684 85.463905334
0.999308109 -0.000816836 0.037183046 1.492297292 0.000308392 0.999906421 0.013677768 -2.123672009 -0.037190739 -0.013656840 0.999214888 86.040611267
0.998968959 -0.000808285 0.045391329 1.533792019 0.000191317 0.999907553 0.013594883 -2.133226871 -0.045398127 -0.013572184 0.998876750 86.605110168
0.998650670 -0.001516019 0.051907651 1.580618143 0.000808799 0.999906600 0.013642868 -2.140390873 -0.051923487 -0.013582476 0.998558640 87.155761719
0.998155117 -0.001514455 0.060695842 1.633301735 0.000697686 0.999908984 0.013475672 -2.149926662 -0.060710728 -0.013408466 0.998065293 87.698379517
0.997498572 -0.001902987 0.070661284 1.693537235 0.000953068 0.999908745 0.013474545 -2.159462452 -0.070680492 -0.013373493 0.997409284 88.243072510
0.996856809 -0.001917138 0.079200611 1.756291866 0.000850587 0.999908507 0.013497986 -2.168796778 -0.079219237 -0.013388194 0.996767282 88.791862488
0.996180594 -0.002072250 0.087291263 1.822265625 0.000911915 0.999910712 0.013330456 -2.174173832 -0.087311089 -0.013199938 0.996093631 89.345451355
0.995215476 -0.002383357 0.097675167 1.897279263 0.001051218 0.999905765 0.013687654 -2.184006453 -0.097698584 -0.013519485 0.995124221 89.881111145
0.994108677 -0.002249181 0.108364776 1.976481915 0.000768773 0.999905825 0.013701183 -2.192809582 -0.108385369 -0.013537156 0.994016767 90.437950134
0.993051052 -0.002663747 0.117654122 2.063938141 0.001071560 0.999907017 0.013593958 -2.202755928 -0.117679395 -0.013373421 0.992961586 90.991989136
0.991650164 -0.002163594 0.128939494 2.160764694 0.000363997 0.999902129 0.013978845 -2.211815357 -0.128957123 -0.013815187 0.991553962 91.533508301
0.990026534 -0.002520391 0.140858695 2.258994102 0.000541760 0.999900639 0.014083507 -2.224934101 -0.140880167 -0.013866735 0.989929557 92.082901001
0.988427997 -0.002846228 0.151664034 2.369554520 0.000742358 0.999902666 0.013926731 -2.232650280 -0.151688889 -0.013652984 0.988334000 92.645225525
0.986794889 -0.003293802 0.161941215 2.486842155 0.001057282 0.999902904 0.013894924 -2.238268375 -0.161971286 -0.013540222 0.986702561 93.198539734
0.984568238 -0.003667158 0.174962789 2.606716156 0.001282923 0.999904811 0.013738255 -2.245584011 -0.174996510 -0.013301786 0.984479189 93.735389709
0.982335210 -0.004322953 0.187079862 2.730252266 0.001807914 0.999905705 0.013612197 -2.251784801 -0.187121063 -0.013033516 0.982250392 94.276641846
0.980372608 -0.004510163 0.197102025 2.861232758 0.001824221 0.999903023 0.013806604 -2.261081696 -0.197145149 -0.013176057 0.980285883 94.818183899
0.977617741 -0.004662134 0.210337341 2.999626160 0.001798521 0.999903083 0.013803620 -2.269375324 -0.210381284 -0.013116365 0.977531433 95.359031677
0.974653363 -0.005318279 0.223656878 3.153007507 0.002255460 0.999900162 0.013947511 -2.276549339 -0.223708689 -0.013089540 0.974568129 95.898918152
0.972040057 -0.005638024 0.234747067 3.303804398 0.002382132 0.999896944 0.014151037 -2.288316250 -0.234802723 -0.013196176 0.971953452 96.435989380
0.969163418 -0.006385981 0.246336013 3.466901779 0.003075547 0.999899685 0.013821093 -2.293469906 -0.246399581 -0.012637281 0.969085991 96.956832886
0.965356946 -0.005760094 0.260869145 3.631298065 0.002081508 0.999894500 0.014375356 -2.304133654 -0.260924459 -0.013334348 0.965267062 97.513031006
0.961962044 -0.006445647 0.273107141 3.805480957 0.002732954 0.999898672 0.013972529 -2.307062149 -0.273169458 -0.012694652 0.961882174 98.050163269
0.958607018 -0.006224155 0.284664482 3.980358124 0.002281217 0.999896765 0.014180630 -2.314688683 -0.284723401 -0.012944270 0.958522320 98.587333679
0.954431295 -0.006452693 0.298361033 4.172285080 0.002268380 0.999894142 0.014368486 -2.324254036 -0.298422217 -0.013036935 0.954344928 99.108680725
0.950040996 -0.006989446 0.312046856 4.367376328 0.002667786 0.999894559 0.014274155 -2.327730179 -0.312113643 -0.012728557 0.949959517 99.633125305
0.946258068 -0.007420377 0.323327363 4.563188553 0.002805882 0.999887466 0.014735701 -2.337579966 -0.323400259 -0.013036558 0.946172416 100.138076782
0.941837311 -0.007858707 0.335977286 4.773693085 0.003185377 0.999890387 0.014458537 -2.342521191 -0.336054116 -0.012547377 0.941759050 100.651245117
0.936571598 -0.007777525 0.350390077 4.983020782 0.002843946 0.999889433 0.014592611 -2.349148273 -0.350464851 -0.012670536 0.936490178 101.163764954
0.931959808 -0.008291426 0.362466693 5.212892532 0.003158205 0.999886215 0.014752151 -2.357637405 -0.362547666 -0.012603668 0.931879997 101.683883667
0.927798450 -0.008593658 0.372982651 5.437944412 0.003377128 0.999887109 0.014637126 -2.361939430 -0.373066336 -0.012320693 0.927722871 102.194442749
0.922210217 -0.008413630 0.386597395 5.672533035 0.003055004 0.999890566 0.014473336 -2.363512039 -0.386676878 -0.012166400 0.922134995 102.707015991
0.916638017 -0.009043297 0.399616003 5.915035248 0.003480666 0.999886692 0.014643464 -2.369733334 -0.399703145 -0.012031824 0.916565657 103.211540222
0.911692977 -0.010011901 0.410750210 6.169250488 0.004313021 0.999881208 0.014798682 -2.377376556 -0.410849482 -0.011720282 0.911627769 103.719139099
0.905310810 -0.009973338 0.424632549 6.425045013 0.004057925 0.999881744 0.014832766 -2.386996269 -0.424730301 -0.011705137 0.905244172 104.196105957
0.898504436 -0.010564568 0.438837320 6.698051453 0.004473842 0.999878824 0.014911040 -2.387372732 -0.438941658 -0.011434346 0.898442805 104.726608276
0.892668426 -0.011122988 0.450576752 6.964622498 0.004768165 0.999872506 0.015236431 -2.404764652 -0.450688839 -0.011452656 0.892607629 105.171638489
0.887005985 -0.011609023 0.461611927 7.244319916 0.005228917 0.999872327 0.015098091 -2.400522232 -0.461728245 -0.010978370 0.886953413 105.693122864
0.879866004 -0.012221669 0.475064635 7.532772064 0.005805823 0.999871075 0.014970060 -2.405806541 -0.475186378 -0.010413506 0.879823506 106.182106018
0.872884035 -0.012532344 0.487766743 7.817031860 0.005998424 0.999870121 0.014955485 -2.409890175 -0.487890840 -0.010128574 0.872845888 106.649757385
