1.000000000 0.000000000 0.000000000 0.000000000 0.000000000 1.000000000 0.000000000 0.000000000 0.000000000 0.000000000 1.000000000 0.000000000
1.000000000 0.000172023 0.000137240 -0.003554628 -0.000172003 1.000000000 -0.000149865 0.003180737 -0.000137266 0.000149841 1.000000000 0.004991494
1.000000000 0.000149233 0.000035960 -0.001086194 -0.000149230 1.000000000 -0.000095308 0.001321140 -0.000035974 0.000095303 1.000000000 0.002731309
0.999999881 0.000419645 0.000115638 -0.000041064 -0.000419635 0.999999881 -0.000086952 0.002799651 -0.000115674 0.000086904 1.000000000 -0.000721309
1.000000000 0.000070036 -0.000014557 0.002811022 -0.000070038 1.000000000 -0.000131769 0.002903717 0.000014548 0.000131770 1.000000000 -0.000142508
1.000000000 0.000077557 -0.000059078 0.001515692 -0.000077558 1.000000000 -0.000007268 0.000400537 0.000059078 0.000007272 1.000000000 -0.002242486
0.999999940 0.000179058 0.000196817 -0.005982360 -0.000179022 0.999999940 -0.000181004 0.003163758 -0.000196849 0.000180969 0.999999940 0.003071806
1.000000000 0.000061648 0.000000268 -0.000238467 -0.000061648 1.000000000 -0.000018254 0.001384279 -0.000000269 0.000018254 1.000000000 -0.000369985
1.000000000 0.000034664 0.000137438 -0.004702944 -0.000034644 1.000000000 -0.000148515 0.003202945 -0.000137443 0.000148511 1.000000000 0.004640823
0.999999940 0.000197755 0.000182369 -0.004211057 -0.000197724 0.999999940 -0.000171042 0.001649577 -0.000182402 0.000171006 0.999999940 0.000512131
1.000000000 0.000181640 0.000055474 0.001303577 -0.000181641 1.000000000 0.000010060 0.000582046 -0.000055472 -0.000010070 1.000000000 -0.003822306
1.000000000 0.000125693 0.000060869 0.000108455 -0.000125691 1.000000000 -0.000027903 0.000842590 -0.000060872 0.000027895 1.000000000 -0.006005922
1.000000000 0.000077734 0.000097563 -0.003500474 -0.000077730 1.000000000 -0.000039952 0.000197395 -0.000097566 0.000039944 1.000000000 -0.005188755
1.000000000 0.000003826 0.000100580 -0.002166312 -0.000003824 1.000000000 -0.000021561 0.000149074 -0.000100580 0.000021561 1.000000000 0.000284148
1.000000000 0.000142850 0.000058727 -0.000435753 -0.000142847 1.000000000 -0.000060135 0.001023315 -0.000058736 0.000060127 1.000000000 -0.003471638
1.000000000 -0.000125588 -0.000124667 0.002513963 0.000125579 1.000000000 -0.000074837 0.001060839 0.000124676 0.000074821 1.000000000 -0.005780004
1.000000000 0.000013785 0.000035942 -0.002167770 -0.000013783 1.000000000 -0.000070050 0.000199567 -0.000035943 0.000070050 1.000000000 -0.003829338
1.000000000 -0.000013162 0.000091658 -0.000381976 0.000013156 1.000000000 0.000064261 -0.001293380 -0.000091659 -0.000064260 1.000000000 -0.006429403
1.000000000 0.000031701 -0.000000660 0.000285982 -0.000031701 1.000000000 0.000051030 0.000934390 0.000000661 -0.000051030 1.000000000 -0.006223279
1.000000000 -0.000132633 0.000004079 -0.000981928 0.000132632 1.000000000 0.000047157 -0.001373829 -0.000004085 -0.000047156 1.000000000 -0.006997420
1.000000000 0.000089833 0.000061501 -0.001089103 -0.000089837 1.000000000 0.000074328 -0.000865181 -0.000061494 -0.000074333 1.000000000 -0.006134967
1.000000000 -0.000091796 0.000037339 0.000068814 0.000091794 1.000000000 0.000048544 -0.001394588 -0.000037344 -0.000048541 1.000000000 -0.004912707
1.000000000 0.000097039 0.000146776 -0.005747994 -0.000097018 1.000000000 -0.000143340 0.001571320 -0.000146790 0.000143325 1.000000000 0.002625221
1.000000000 0.000011854 0.000041441 0.000252286 -0.000011853 1.000000000 -0.000029395 -0.000840921 -0.000041442 0.000029394 1.000000000 -0.001905128
1.000000000 0.000020093 0.000070475 -0.002401259 -0.000020097 1.000000000 0.000060593 -0.000094282 -0.000070474 -0.000060595 1.000000000 -0.000477000
1.000000000 -0.000001222 -0.000029967 0.003166383 0.000001220 1.000000000 -0.000059156 0.002129694 0.000029967 0.000059156 1.000000000 -0.007543167
1.000000000 -0.000091285 0.000052078 -0.002690554 0.000091287 1.000000000 -0.000038379 0.001392430 -0.000052075 0.000038383 1.000000000 -0.002701768
1.000000000 0.000203171 0.000058743 -0.000432773 -0.000203169 1.000000000 -0.000024655 -0.000283638 -0.000058748 0.000024643 1.000000000 -0.006201965
1.000000000 0.000027475 0.000089293 -0.003287914 -0.000027474 1.000000000 -0.000009312 0.000442767 -0.000089293 0.000009310 1.000000000 -0.001728244
0.999999940 -0.000160250 -0.000186677 0.003876941 0.000160253 1.000000000 0.000018431 0.001242418 0.000186674 -0.000018461 1.000000000 -0.006259607
1.000000000 0.000161314 0.000081273 -0.003655995 -0.000161306 1.000000000 -0.000091389 0.001860355 -0.000081288 0.000091376 1.000000000 0.001555504
1.000000000 0.000079176 0.000065318 -0.002757984 -0.000079184 1.000000000 0.000114542 -0.000187730 -0.000065309 -0.000114547 1.000000000 0.000256842
1.000000000 -0.000130783 0.000062018 -0.004855020 0.000130785 1.000000000 -0.000025056 0.001187196 -0.000062015 0.000025064 1.000000000 -0.002397909
1.000000000 -0.000133870 -0.000040095 -0.002109389 0.000133872 1.000000000 0.000036185 0.000068570 0.000040090 -0.000036191 1.000000000 -0.005511479
0.999999940 0.000175757 0.000178176 -0.004694172 -0.000175755 1.000000000 -0.000014690 0.000231899 -0.000178178 0.000014659 1.000000000 -0.000850272
1.000000000 -0.000006125 0.000163270 -0.004446214 0.000006128 1.000000000 -0.000013854 0.001027408 -0.000163270 0.000013855 1.000000000 0.000583127
1.000000000 -0.000138529 -0.000128810 0.002513230 0.000138543 1.000000000 0.000108306 -0.001615251 0.000128795 -0.000108324 1.000000000 -0.011634777
1.000000000 0.000057750 0.000024794 -0.003733140 -0.000057747 1.000000000 -0.000138170 0.002964930 -0.000024802 0.000138169 1.000000000 0.000485126
1.000000000 -0.000077152 0.000044174 -0.002644283 0.000077152 1.000000000 -0.000016010 0.001007098 -0.000044173 0.000016013 1.000000000 -0.001148922
1.000000000 -0.000055552 -0.000051763 0.001216668 0.000055556 1.000000000 0.000076399 -0.000229019 0.000051759 -0.000076402 1.000000000 -0.008798516
1.000000000 -0.000174428 -0.000073271 -0.001144548 0.000174429 1.000000000 0.000024685 -0.001163432 0.000073266 -0.000024698 1.000000000 -0.004043321
1.000000000 -0.000057775 -0.000013244 0.002729775 0.000057767 0.999999821 -0.000591634 -0.004686028 0.000013279 0.000591633 0.999999821 0.050593887
1.000000000 0.000001273 0.000032768 0.001351512 -0.000001230 0.999999166 -0.001309106 -0.002656931 -0.000032770 0.001309106 0.999999166 0.149022147
1.000000000 0.000046060 -0.000034012 0.005077383 -0.000046109 0.999998927 -0.001449085 -0.010183435 0.000033945 0.001449086 0.999998927 0.261190087
1.000000000 -0.000112753 0.000053275 0.003832066 0.000112827 0.999998987 -0.001400836 -0.017215509 -0.000053117 0.001400842 0.999999046 0.391384065
1.000000000 -0.000093371 -0.000144720 0.006862090 0.000093209 0.999999344 -0.001122143 -0.020250373 0.000144824 0.001122130 0.999999344 0.533517540
1.000000000 -0.000137805 -0.000100926 0.015766980 0.000137702 0.999999464 -0.001024517 -0.028400753 0.000101067 0.001024503 0.999999464 0.692885041
0.999999940 -0.000325284 0.000022804 0.018843500 0.000325301 0.999999702 -0.000726131 -0.030228460 -0.000022568 0.000726138 0.999999762 0.852493942
0.999999940 -0.000107777 -0.000303281 0.026072826 0.000107547 0.999999702 -0.000757440 -0.036556866 0.000303362 0.000757407 0.999999642 1.032614231
1.000000000 0.000049009 0.000211858 0.010729004 -0.000048869 0.999999762 -0.000656860 -0.043792114 -0.000211890 0.000656849 0.999999762 1.213539481
0.999999881 -0.000471739 -0.000208354 0.035073876 0.000471657 0.999999821 -0.000394725 -0.050495397 0.000208540 0.000394627 0.999999881 1.422152758
0.999999702 -0.000473232 -0.000638942 0.041278698 0.000473208 0.999999881 -0.000037474 -0.065260291 0.000638960 0.000037171 0.999999821 1.600097418
0.999999464 -0.000952579 -0.000382539 0.044541389 0.000952706 0.999999464 0.000330863 -0.069651887 0.000382223 -0.000331227 0.999999881 1.802697301
0.999998331 0.000572797 0.001737005 -0.015942426 -0.000572594 0.999999821 -0.000117043 -0.063196629 -0.001737072 0.000116048 0.999998510 1.927613378
0.999998629 0.000427682 0.001561580 -0.004936012 -0.000427097 0.999999762 -0.000374996 -0.068453707 -0.001561741 0.000374328 0.999998748 2.149982214
0.999998152 0.000979114 0.001658303 -0.003230832 -0.000979132 0.999999523 0.000010219 -0.078236528 -0.001658292 -0.000011843 0.999998629 2.332335949
0.999998093 0.001148309 0.001603100 0.004674816 -0.001148369 0.999999344 0.000036332 -0.087288722 -0.001603057 -0.000038173 0.999998748 2.561946630
0.999997795 0.001023741 0.001841471 0.007967048 -0.001024030 0.999999404 0.000155893 -0.093759052 -0.001841310 -0.000157778 0.999998271 2.789893627
0.999997854 0.001118561 0.001756593 0.009176207 -0.001119037 0.999999344 0.000269593 -0.100450821 -0.001756290 -0.000271558 0.999998391 3.023168802
0.999996722 0.000942374 0.002382578 0.008741305 -0.000942800 0.999999523 0.000177723 -0.102369688 -0.002382409 -0.000179968 0.999997139 3.258710146
0.999996424 0.001230570 0.002354467 0.015598908 -0.001231003 0.999999225 0.000182602 -0.109422177 -0.002354241 -0.000185500 0.999997139 3.510326147
0.999996305 0.001149122 0.002451206 0.020861439 -0.001149316 0.999999344 0.000078077 -0.114473656 -0.002451115 -0.000080894 0.999997020 3.768059969
0.999997199 0.000712155 0.002221377 0.029469460 -0.000712810 0.999999702 0.000294146 -0.129334942 -0.002221166 -0.000295729 0.999997497 4.017673969
0.999995947 0.001241336 0.002530433 0.029465286 -0.001243061 0.999999046 0.000679987 -0.138133630 -0.002529586 -0.000683130 0.999996603 4.267815113
0.999997318 0.000654695 0.002185122 0.042965353 -0.000656673 0.999999344 0.000904384 -0.149313346 -0.002184528 -0.000905816 0.999997199 4.536854744
0.999997377 0.000221863 0.002272005 0.048770592 -0.000223674 0.999999642 0.000796628 -0.154499039 -0.002271828 -0.000797134 0.999997079 4.776891708
0.999996841 0.000684506 0.002412026 0.051499918 -0.000686402 0.999999404 0.000785159 -0.163539872 -0.002411487 -0.000786813 0.999996781 5.031412601
0.999997497 0.000602201 0.002163929 0.058507111 -0.000604048 0.999999404 0.000853341 -0.167435661 -0.002163414 -0.000854646 0.999997258 5.308869362
0.999997318 -0.000146491 0.002291702 0.064249881 0.000144249 0.999999523 0.000978312 -0.183900744 -0.002291844 -0.000977979 0.999996841 5.560029030
0.999995828 0.001107544 0.002674574 0.062047791 -0.001109947 0.999998987 0.000897237 -0.194383681 -0.002673578 -0.000900202 0.999996006 5.823199749
0.999994814 0.001189185 0.002988445 0.060650036 -0.001191992 0.999998808 0.000937612 -0.204010770 -0.002987327 -0.000941169 0.999995053 6.096677780
0.999994397 0.001599349 0.002945615 0.070606321 -0.001602338 0.999998212 0.001012852 -0.212267324 -0.002943991 -0.001017566 0.999995112 6.381191254
0.999995887 0.000861151 0.002741591 0.081317648 -0.000863751 0.999999106 0.000947237 -0.224976555 -0.002740773 -0.000949601 0.999995768 6.672801018
0.999996901 0.000477296 0.002468131 0.100395337 -0.000480190 0.999999166 0.001171994 -0.239506543 -0.002467570 -0.001173176 0.999996245 6.959182739
0.999996066 0.000481478 0.002740076 0.107489847 -0.000485209 0.999998868 0.001361188 -0.249696150 -0.002739418 -0.001362513 0.999995291 7.253161430
0.999996722 0.000298556 0.002514250 0.115790069 -0.000301959 0.999999046 0.001353003 -0.260525882 -0.002513843 -0.001353758 0.999995887 7.573442459
0.999995828 0.000470007 0.002851219 0.121257477 -0.000473130 0.999999285 0.001094528 -0.264640123 -0.002850702 -0.001095873 0.999995351 7.888628006
0.999995649 0.000517341 0.002921851 0.128644377 -0.000520163 0.999999404 0.000965156 -0.270664990 -0.002921350 -0.000966671 0.999995291 8.204622269
0.999996185 0.000188355 0.002748258 0.145351022 -0.000191091 0.999999523 0.000995340 -0.275132895 -0.002748069 -0.000995861 0.999995768 8.533536911
0.999995828 0.000133086 0.002894447 0.140334740 -0.000135907 0.999999523 0.000974286 -0.287252754 -0.002894315 -0.000974675 0.999995351 8.877429962
0.999995232 0.000573831 0.003017415 0.152269796 -0.000576543 0.999999404 0.000898025 -0.294181079 -0.003016898 -0.000899761 0.999995053 9.228394508
0.999992371 0.000306112 0.003891826 0.143430769 -0.000309322 0.999999583 0.000824180 -0.311540693 -0.003891573 -0.000825378 0.999992013 9.518488884
0.999993205 0.000714720 0.003629876 0.153434515 -0.000718028 0.999999344 0.000910108 -0.321815908 -0.003629223 -0.000912708 0.999992967 9.867548943
0.999992132 0.000777213 0.003897488 0.155272454 -0.000780974 0.999999225 0.000963596 -0.336139530 -0.003896736 -0.000966632 0.999991953 10.225362778
0.999991596 0.000396578 0.004096770 0.150881842 -0.000403046 0.999998689 0.001578127 -0.351340920 -0.004096139 -0.001579765 0.999990344 10.584423065
0.999989390 0.001190738 0.004453588 0.172974378 -0.001197791 0.999998033 0.001581336 -0.363656074 -0.004451697 -0.001586654 0.999988794 10.927466393
0.999987483 0.001797377 0.004677343 0.177722663 -0.001803680 0.999997497 0.001343614 -0.374205261 -0.004674917 -0.001352034 0.999988198 11.314696312
0.999986470 0.001590391 0.004949206 0.184212238 -0.001598244 0.999997437 0.001583204 -0.386203766 -0.004946675 -0.001591092 0.999986470 11.698191643
0.999986172 0.001859753 0.004928341 0.195879444 -0.001868608 0.999996722 0.001792798 -0.399590701 -0.004924991 -0.001801982 0.999986231 12.046985626
0.999984324 0.001816870 0.005285032 0.199045807 -0.001828170 0.999996006 0.002134148 -0.413850605 -0.005281134 -0.002143776 0.999983728 12.430097580
0.999985397 0.001532906 0.005175691 0.199413925 -0.001544119 0.999996483 0.002163254 -0.427701175 -0.005172357 -0.002171214 0.999984264 12.799839973
0.999990225 -0.000226972 0.004416775 0.241446286 0.000217050 0.999997377 0.002246958 -0.452843338 -0.004417274 -0.002245978 0.999987721 13.194296837
0.999987841 0.001042910 0.004839669 0.246012315 -0.001053317 0.999997139 0.002148225 -0.464363396 -0.004837415 -0.002153296 0.999985933 13.610176086
0.999984145 0.001767625 0.005348697 0.255287766 -0.001779286 0.999996006 0.002176244 -0.471494377 -0.005344829 -0.002185726 0.999983370 14.032865524
0.999984145 0.001197282 0.005503685 0.264046252 -0.001212902 0.999995232 0.002835635 -0.499349922 -0.005500264 -0.002842265 0.999980867 14.466053009
0.999983132 0.000691156 0.005783846 0.272392511 -0.000708225 0.999995351 0.002949715 -0.510677338 -0.005781781 -0.002953761 0.999978900 14.809557915
0.999982357 -0.000010627 0.005944479 0.294859648 -0.000012705 0.999992311 0.003924921 -0.549824059 -0.005944475 -0.003924927 0.999974608 15.208208084
0.999979198 0.000385165 0.006435738 0.307101130 -0.000411838 0.999991357 0.004143752 -0.559136808 -0.006434086 -0.004146316 0.999970734 15.645224571
0.999977052 0.000142717 0.006774664 0.312354594 -0.000169816 0.999992013 0.003999535 -0.576801240 -0.006774039 -0.004000593 0.999969006 16.064754486
0.999975801 0.000585323 0.006927874 0.328148693 -0.000607002 0.999994874 0.003127594 -0.574680924 -0.006926008 -0.003131724 0.999971092 16.531368256
0.999976277 -0.000380790 0.006875314 0.351044506 0.000354161 0.999992430 0.003873936 -0.601082683 -0.006876738 -0.003871410 0.999968886 16.948940277
0.999975622 -0.000134522 0.006990639 0.363445669 0.000106034 0.999991655 0.004075400 -0.613505542 -0.006991129 -0.004074560 0.999967337 17.402030945
0.999974906 -0.000324207 0.007062330 0.374033809 0.000298161 0.999993086 0.003688812 -0.622734010 -0.007063478 -0.003686615 0.999968290 17.891595840
0.999972165 -0.000918387 0.007394593 0.391837955 0.000887387 0.999990821 0.004194439 -0.636869729 -0.007398377 -0.004187762 0.999963880 18.347005844
0.999970138 -0.000537353 0.007710340 0.392834485 0.000505137 0.999991119 0.004179711 -0.649406672 -0.007712517 -0.004175691 0.999961615 18.785505295
0.999969244 -0.000772440 0.007804216 0.415025294 0.000739429 0.999990761 0.004231807 -0.656769276 -0.007807414 -0.004225906 0.999960601 19.188369751
0.999971509 -0.000970528 0.007491368 0.431509614 0.000938919 0.999990702 0.004221674 -0.672845840 -0.007495397 -0.004214520 0.999963045 19.668689728
0.999968290 -0.000737475 0.007924857 0.439996928 0.000703107 0.999990284 0.004338706 -0.680277169 -0.007927980 -0.004332996 0.999959230 20.160293579
0.999971628 -0.001256125 0.007426223 0.454456031 0.001219527 0.999987066 0.004930725 -0.716954291 -0.007432322 -0.004921529 0.999960244 20.670824051
0.999979377 -0.001577219 0.006215692 0.484947205 0.001549638 0.999988914 0.004439768 -0.719789624 -0.006222626 -0.004430044 0.999970853 21.120494843
0.999983370 -0.001112619 0.005663204 0.490296990 0.001087271 0.999989390 0.004476992 -0.733702004 -0.005668126 -0.004470760 0.999973953 21.624845505
0.999981225 -0.001311613 0.005971964 0.499387503 0.001282069 0.999986947 0.004948219 -0.755819738 -0.005978377 -0.004940469 0.999969959 22.145389557
0.999985278 -0.001375070 0.005241479 0.514651358 0.001351822 0.999989271 0.004436329 -0.755460262 -0.005247524 -0.004429177 0.999976456 22.656114578
0.999987721 -0.001269913 0.004795792 0.536562443 0.001246805 0.999987543 0.004818332 -0.781279624 -0.004801851 -0.004812293 0.999976873 23.034822464
0.999990523 -0.001964464 0.003894257 0.549287200 0.001947952 0.999989033 0.004239315 -0.792287529 -0.003902543 -0.004231689 0.999983370 23.577463150
0.999992430 -0.001851553 0.003421840 0.559390903 0.001834875 0.999986470 0.004870465 -0.806892872 -0.003430811 -0.004864150 0.999982297 24.078353882
0.999995172 -0.001496677 0.002728930 0.572425961 0.001483949 0.999988079 0.004660180 -0.809704542 -0.002735872 -0.004656108 0.999985397 24.630502701
0.999996662 -0.001408248 0.002156075 0.580073059 0.001397888 0.999987543 0.004798739 -0.817793906 -0.002162805 -0.004795709 0.999986172 25.175882339
0.999996841 -0.001669817 0.001843596 0.589310825 0.001661274 0.999987900 0.004626059 -0.836621821 -0.001851298 -0.004622982 0.999987602 25.656982422
0.999997020 -0.001696431 0.001744276 0.598354578 0.001686794 0.999983370 0.005511769 -0.850880921 -0.001753597 -0.005508810 0.999983311 26.198181152
0.999996185 -0.002355699 0.001510118 0.612177014 0.002347069 0.999981046 0.005691522 -0.869521141 -0.001523497 -0.005687954 0.999982655 26.703035355
0.999996781 -0.001968871 0.001575065 0.625113249 0.001958687 0.999977291 0.006441109 -0.896167397 -0.001587711 -0.006438004 0.999978006 27.253837585
0.999996960 -0.002386392 0.000655960 0.641453564 0.002382557 0.999980390 0.005786666 -0.893720984 -0.000669756 -0.005785085 0.999983072 27.796585083
0.999997139 -0.002319393 0.000450763 0.663658798 0.002316654 0.999979377 0.005985144 -0.907743037 -0.000464636 -0.005984083 0.999981999 28.327350616
0.999998212 -0.001866531 0.000149888 0.650750279 0.001865601 0.999980330 0.005980560 -0.928277135 -0.000161048 -0.005980270 0.999982119 28.856367111
0.999999344 -0.001127498 -0.000130690 0.664969265 0.001128192 0.999984562 0.005435748 -0.928509235 0.000124560 -0.005435891 0.999985218 29.412704468
0.999999046 -0.001335070 -0.000482490 0.677678585 0.001337686 0.999984264 0.005463337 -0.949476838 0.000475189 -0.005463976 0.999984920 29.962154388
0.999998987 -0.001242913 -0.000696804 0.691584468 0.001247153 0.999980450 0.006118663 -0.970731854 0.000689186 -0.006119526 0.999981046 30.444730759
0.999999702 -0.000585781 -0.000411152 0.694986105 0.000588303 0.999980867 0.006158874 -0.986231923 0.000407536 -0.006159115 0.999980927 30.998256683
0.999999821 -0.000357940 -0.000467626 0.702816963 0.000360573 0.999984026 0.005642904 -0.994508862 0.000465599 -0.005643071 0.999984026 31.561872482
0.999997914 -0.001407423 -0.001489090 0.737712502 0.001416106 0.999981880 0.005845935 -1.003715754 0.001480835 -0.005848034 0.999981821 31.997558594
0.999998271 -0.001025482 -0.001556013 0.736579299 0.001034820 0.999981403 0.006011590 -1.021576643 0.001549819 -0.006013191 0.999980748 32.541011810
0.999998689 -0.000666864 -0.001459435 0.754684329 0.000674949 0.999984264 0.005546273 -1.025815248 0.001455713 -0.005547252 0.999983609 33.110000610
0.999997556 -0.000468651 -0.002157696 0.808638573 0.000481529 0.999981999 0.005971615 -1.024632931 0.002154858 -0.005972641 0.999979854 33.689041138
0.999997616 -0.001347084 -0.001706088 0.761749148 0.001357761 0.999979377 0.006272159 -1.056986213 0.001697603 -0.006274461 0.999978900 34.090572357
0.999996781 -0.001648090 -0.001891233 0.778481603 0.001659520 0.999980271 0.006058347 -1.063536525 0.001881211 -0.006061468 0.999979913 34.627792358
0.999996245 -0.001309154 -0.002402296 0.785863280 0.001324802 0.999977887 0.006523693 -1.086377501 0.002393703 -0.006526852 0.999975920 35.170799255
0.999996603 -0.000837670 -0.002452875 0.803509712 0.000853914 0.999977708 0.006628914 -1.108447313 0.002447268 -0.006630987 0.999975026 35.759456635
0.999995530 -0.001835986 -0.002355438 0.783484936 0.001854951 0.999965727 0.008074977 -1.146169186 0.002340531 -0.008079311 0.999964654 36.237720490
0.999997377 -0.001274877 -0.001903612 0.791988790 0.001286849 0.999979317 0.006300827 -1.118919253 0.001895540 -0.006303261 0.999978364 36.707149506
0.999998450 -0.000498584 -0.001658586 0.801139653 0.000508129 0.999983251 0.005759362 -1.124371052 0.001655686 -0.005760196 0.999982059 37.255012512
0.999997377 -0.000455284 -0.002252621 0.828001916 0.000466402 0.999987721 0.004937600 -1.117834210 0.002250345 -0.004938639 0.999985278 37.837463379
0.999996305 -0.001637823 -0.002144989 0.796287894 0.001650023 0.999982417 0.005698301 -1.130238295 0.002135619 -0.005701820 0.999981463 38.296905518
0.999995351 -0.001842363 -0.002406732 0.847630918 0.001858566 0.999975502 0.006747870 -1.174744725 0.002394242 -0.006752314 0.999974370 38.919715881
0.999995708 -0.001215488 -0.002643201 0.870142579 0.001234679 0.999972820 0.007270989 -1.209227800 0.002634292 -0.007274224 0.999970078 39.367416382
0.999994278 -0.001421073 -0.003067495 0.878941000 0.001442691 0.999974072 0.007056657 -1.232693911 0.003057386 -0.007061044 0.999970376 39.923927307
0.999994814 -0.000543964 -0.003182372 0.898594201 0.000564332 0.999979377 0.006402869 -1.223467588 0.003178823 -0.006404633 0.999974430 40.508201599
0.999993742 -0.001004831 -0.003396190 0.908851862 0.001028926 0.999974251 0.007100531 -1.251808047 0.003388968 -0.007103982 0.999969006 41.032562256
0.999994636 -0.001178501 -0.003051336 0.910482168 0.001202102 0.999969304 0.007744235 -1.266031384 0.003042116 -0.007747862 0.999965310 41.487174988
0.999995351 -0.001323592 -0.002741612 0.919737339 0.001345107 0.999968231 0.007860774 -1.276773691 0.002731120 -0.007864426 0.999965370 42.037837982
0.999994397 -0.001326765 -0.003058842 0.927887440 0.001351096 0.999967277 0.007965931 -1.289652348 0.003048172 -0.007970018 0.999963582 42.554653168
0.999993622 -0.001594648 -0.003228902 0.939606309 0.001620731 0.999965966 0.008091499 -1.302697659 0.003215889 -0.008096680 0.999962032 43.083271027
0.999993503 -0.001675427 -0.003198300 0.951687455 0.001700221 0.999968350 0.007765426 -1.307684660 0.003185188 -0.007770814 0.999964714 43.617958069
0.999993026 -0.001763939 -0.003311260 0.971543670 0.001789465 0.999968588 0.007721777 -1.318409562 0.003297536 -0.007727648 0.999964714 44.184925079
0.999993920 -0.001425432 -0.003186039 0.975545406 0.001448743 0.999972105 0.007326363 -1.326433301 0.003175507 -0.007330935 0.999968052 44.683998108
0.999994457 -0.001096709 -0.003157252 0.996225357 0.001117254 0.999978125 0.006512931 -1.341629505 0.003150041 -0.006516422 0.999973834 45.230594635
0.999995828 -0.000615435 -0.002808806 0.993096888 0.000636221 0.999972343 0.007405290 -1.358876705 0.002804171 -0.007407046 0.999968648 45.799346924
0.999993980 -0.001526182 -0.003120889 0.997810781 0.001549748 0.999970198 0.007562624 -1.365691423 0.003109255 -0.007567415 0.999966562 46.282230377
0.999993622 -0.001225897 -0.003368438 1.012875080 0.001251245 0.999970853 0.007533421 -1.376227140 0.003359104 -0.007537587 0.999965966 46.830669403
0.999994218 -0.001436220 -0.003072968 1.021099091 0.001461056 0.999966145 0.008095205 -1.400286913 0.003061238 -0.008099647 0.999962568 47.374351501
0.999992073 -0.002252086 -0.003271211 1.023108482 0.002277634 0.999966681 0.007827391 -1.413376689 0.003253474 -0.007834778 0.999964058 47.899814606
0.999994874 -0.000862653 -0.003059323 1.045582652 0.000887719 0.999965966 0.008201584 -1.418179870 0.003052144 -0.008204258 0.999961615 48.396320343
0.999992311 -0.001463714 -0.003617615 1.055604100 0.001490112 0.999972165 0.007305386 -1.422043324 0.003606820 -0.007310721 0.999966741 48.939949036
0.999993861 -0.001113684 -0.003317627 1.054069996 0.001139733 0.999968469 0.007860170 -1.438353777 0.003308768 -0.007863902 0.999963582 49.479644775
0.999992192 -0.001528877 -0.003637753 1.076365948 0.001557355 0.999968052 0.007838652 -1.447710156 0.003625655 -0.007844255 0.999962687 49.994960785
0.999991834 -0.001393087 -0.003783176 1.081812263 0.001423964 0.999965608 0.008171258 -1.458431482 0.003771663 -0.008176578 0.999959469 50.542449951
0.999993742 -0.001575638 -0.003160262 1.080121398 0.001600035 0.999968827 0.007732491 -1.469751835 0.003147980 -0.007737499 0.999965131 51.075210571
0.999993026 -0.001826577 -0.003266057 1.080421805 0.001852325 0.999967039 0.007897959 -1.484382749 0.003251524 -0.007903955 0.999963522 51.597354889
0.999992847 -0.001539197 -0.003441986 1.110807538 0.001566065 0.999968231 0.007816810 -1.486888647 0.003429845 -0.007822145 0.999963462 52.133907318
0.999992073 -0.001799685 -0.003525080 1.136851907 0.001826114 0.999970138 0.007508743 -1.485811710 0.003511461 -0.007515121 0.999965608 52.684741974
0.999992371 -0.001713655 -0.003503102 1.129637122 0.001740709 0.999968588 0.007734367 -1.501878738 0.003489738 -0.007740406 0.999963880 53.204765320
0.999993920 -0.001680212 -0.003044780 1.100062609 0.001702110 0.999972582 0.007204012 -1.524714589 0.003032593 -0.007209153 0.999969363 53.755641937
0.999995708 -0.000577954 -0.002895046 1.138125539 0.000597877 0.999976099 0.006885863 -1.511204958 0.002890999 -0.006887564 0.999972105 54.228248596
0.999993324 -0.001694481 -0.003219905 1.144349098 0.001720138 0.999966681 0.007982091 -1.546211123 0.003206272 -0.007987577 0.999962986 54.713298798
0.999993324 -0.001949118 -0.003088474 1.154073238 0.001973534 0.999966681 0.007922325 -1.565597653 0.003072930 -0.007928368 0.999963880 55.249908447
0.999994993 -0.001843390 -0.002588369 1.158902168 0.001863968 0.999966562 0.007970418 -1.577663660 0.002573591 -0.007975203 0.999964952 55.762241364
0.999993682 -0.002153857 -0.002835987 1.165706754 0.002177407 0.999962926 0.008327452 -1.597241402 0.002817946 -0.008333571 0.999961317 56.302246094
0.999994338 -0.001973632 -0.002744071 1.177140236 0.001994388 0.999969244 0.007581684 -1.605406284 0.002729024 -0.007587111 0.999967515 56.840068817
0.999992073 -0.002591891 -0.003006943 1.194806576 0.002616092 0.999963999 0.008072398 -1.614213586 0.002985913 -0.008080200 0.999962926 57.378322601
0.999991179 -0.002778855 -0.003150558 1.211610913 0.002804263 0.999963343 0.008089039 -1.626333952 0.003127965 -0.008097802 0.999962389 57.919052124
0.999991417 -0.002653288 -0.003181817 1.231695414 0.002679625 0.999961913 0.008301882 -1.652890563 0.003159669 -0.008310337 0.999960482 58.418533325
0.999994040 -0.002041944 -0.002784755 1.223300219 0.002064895 0.999963701 0.008263969 -1.657590032 0.002767777 -0.008269668 0.999961972 58.968547821
0.999992847 -0.002537399 -0.002818311 1.238954067 0.002560087 0.999964058 0.008075974 -1.671273112 0.002797716 -0.008083130 0.999963403 59.521697998
0.999989688 -0.002742384 -0.003614706 1.289395332 0.002771304 0.999963939 0.008020076 -1.696308970 0.003592582 -0.008030011 0.999961317 59.990306854
0.999994636 -0.002101753 -0.002498643 1.247875094 0.002121900 0.999964952 0.008087982 -1.695224285 0.002481558 -0.008093243 0.999964178 60.517189026
0.999994457 -0.002139041 -0.002544867 1.280088425 0.002160483 0.999961913 0.008453102 -1.708494067 0.002526689 -0.008458553 0.999961019 61.074562073
0.999995470 -0.001443818 -0.002606088 1.289247155 0.001465402 0.999964416 0.008299178 -1.717415094 0.002594015 -0.008302958 0.999962151 61.593017578
0.999996543 -0.001206858 -0.002326813 1.291351676 0.001226081 0.999965012 0.008278036 -1.730255961 0.002316741 -0.008280860 0.999962986 62.132270813
0.999997139 -0.001221040 -0.002086504 1.283582926 0.001238961 0.999962091 0.008608744 -1.745225906 0.002075914 -0.008611305 0.999960721 62.669166565
0.999996901 -0.001374166 -0.002052068 1.289554119 0.001392487 0.999958932 0.008953040 -1.768386483 0.002039680 -0.008955869 0.999957800 63.156665802
0.999995887 -0.001817389 -0.002218100 1.326811314 0.001835983 0.999962926 0.008409859 -1.762130737 0.002202734 -0.008413898 0.999962091 63.705623627
0.999995351 -0.002055680 -0.002271152 1.347947359 0.002076647 0.999954879 0.009268346 -1.777468204 0.002251996 -0.009273021 0.999954402 64.241310120
0.999990106 -0.002966562 -0.003328746 1.392513871 0.002994141 0.999961019 0.008310798 -1.739385128 0.003303962 -0.008320682 0.999959886 64.747940063
0.999994457 -0.002173222 -0.002508795 1.379710078 0.002193509 0.999964654 0.008111998 -1.766948104 0.002491079 -0.008117459 0.999963880 65.304656982
0.999996424 -0.001540020 -0.002158479 1.373687744 0.001559741 0.999956727 0.009164752 -1.811950922 0.002144273 -0.009168087 0.999955654 65.821723938
0.999998748 -0.000681427 -0.001380122 1.402530551 0.000694081 0.999957561 0.009188647 -1.827650666 0.001373801 -0.009189595 0.999956846 66.300437927
0.999999225 -0.000383660 -0.001101202 1.413959861 0.000393487 0.999960005 0.008937631 -1.839668751 0.001097729 -0.008938058 0.999959409 66.836952209
0.999998808 0.000253693 -0.001491512 1.423166752 -0.000238716 0.999949634 0.010032673 -1.864414096 0.001493983 -0.010032305 0.999948502 67.389213562
0.999999464 -0.000178777 -0.000984864 1.421759605 0.000187628 0.999959588 0.008994974 -1.855334997 0.000983216 -0.008995155 0.999959052 67.936195374
0.999998927 -0.000534277 -0.001342938 1.446603537 0.000547377 0.999952018 0.009773121 -1.878733873 0.001337652 -0.009773844 0.999951303 68.403854370
0.999997735 -0.000696007 -0.002005160 1.458789706 0.000715087 0.999954343 0.009530951 -1.883631945 0.001998435 -0.009532364 0.999952555 68.948562622
0.999998450 -0.001020914 -0.001433585 1.464718223 0.001034126 0.999956727 0.009245442 -1.892340302 0.001424083 -0.009246913 0.999956191 69.468421936
0.999998093 -0.001247433 -0.001503368 1.485754848 0.001261865 0.999952734 0.009637581 -1.911868215 0.001491275 -0.009639460 0.999952376 69.979011536
0.999998033 -0.001358307 -0.001415595 1.496786833 0.001371647 0.999954283 0.009465786 -1.918148398 0.001402673 -0.009467711 0.999954164 70.533988953
0.999999106 -0.000521332 -0.001227582 1.517709136 0.000533091 0.999953806 0.009598522 -1.949583054 0.001222520 -0.009599167 0.999953091 71.013732910
0.999998629 -0.000909071 -0.001410586 1.526135683 0.000922343 0.999955118 0.009436991 -1.954335451 0.001401943 -0.009438278 0.999954402 71.574676514
0.999998868 -0.000374608 -0.001411706 1.541664124 0.000387990 0.999954820 0.009490436 -1.972987413 0.001408087 -0.009490972 0.999953926 72.123985291
0.999999344 -0.000565681 -0.000998004 1.555023313 0.000575754 0.999948621 0.010121806 -1.996610165 0.000992229 -0.010122374 0.999948263 72.639389038
0.999998868 -0.000949597 -0.001102033 1.570934892 0.000960093 0.999953806 0.009563106 -2.002917051 0.001092900 -0.009564152 0.999953628 73.183479309
0.999997973 -0.001560794 -0.001241361 1.579835653 0.001573083 0.999949157 0.009961283 -2.019511223 0.001225749 -0.009963219 0.999949574 73.758178711
0.999999464 -0.000437256 -0.000943813 1.616152763 0.000446818 0.999948323 0.010155829 -2.044320107 0.000939323 -0.010156247 0.999947965 74.207313538
0.999999225 -0.000865732 -0.000800365 1.627036572 0.000873395 0.999953330 0.009623643 -2.051164865 0.000791995 -0.009624336 0.999953330 74.753211975
0.999999940 0.000081747 -0.000402069 1.639742613 -0.000077861 0.999953330 0.009656373 -2.069970608 0.000402840 -0.009656342 0.999953270 75.253990173
0.999999166 0.001236995 -0.000287869 1.661648989 -0.001233825 0.999941289 0.010763646 -2.108039379 0.000301167 -0.010763283 0.999942064 75.734939575
0.999999583 0.000898766 -0.000173821 1.661614299 -0.000896877 0.999943614 0.010577348 -2.112014532 0.000183319 -0.010577187 0.999944031 76.302993774
0.999999940 0.000280082 -0.000212558 1.672952294 -0.000277826 0.999944329 0.010543003 -2.115152836 0.000215500 -0.010542944 0.999944329 76.850547791
0.999999583 0.000909593 -0.000080009 1.686293364 -0.000908692 0.999943137 0.010618810 -2.130976915 0.000089661 -0.010618730 0.999943554 77.342994690
0.999999821 0.000637350 -0.000013905 1.701492429 -0.000637159 0.999939561 0.010971158 -2.142327547 0.000020895 -0.010971147 0.999939740 77.897354126
0.999998868 0.000564257 0.001332840 1.716186881 -0.000578452 0.999942839 0.010673569 -2.155871153 -0.001326740 -0.010674328 0.999942124 78.434341431
0.999996781 0.000812903 0.002380737 1.736558795 -0.000838478 0.999941766 0.010761038 -2.182616472 -0.002371850 -0.010763000 0.999939263 78.959991455
0.999987006 0.002376092 0.004496040 1.719448447 -0.002424724 0.999938190 0.010842213 -2.193011761 -0.004470001 -0.010852973 0.999931037 79.561462402
0.999983549 0.001721082 0.005466261 1.745753884 -0.001778320 0.999943495 0.010483185 -2.183318138 -0.005447910 -0.010492733 0.999930024 80.057434082
0.999966085 0.001364241 0.008120535 1.769413352 -0.001446540 0.999947608 0.010137395 -2.194715977 -0.008106280 -0.010148798 0.999915540 80.610153198
0.999927402 0.002067751 0.011865565 1.783053398 -0.002196399 0.999938905 0.010839321 -2.221145153 -0.011842426 -0.010864598 0.999870777 81.158416748
0.999882400 0.001371543 0.015276267 1.810815096 -0.001536968 0.999940276 0.010822417 -2.227108002 -0.015260512 -0.010844625 0.999824703 81.716125488
0.999818027 0.000830029 0.019061889 1.852934599 -0.001039501 0.999939144 0.010981769 -2.249414206 -0.019051615 -0.010999586 0.999758005 82.250808716
0.999672711 0.002286660 0.025482941 1.872581482 -0.002567919 0.999936104 0.011009877 -2.248466253 -0.025456138 -0.011071711 0.999614596 82.774559021
0.999515295 0.001354689 0.031100370 1.912300587 -0.001688655 0.999941170 0.010714567 -2.249695778 -0.031084023 -0.010761891 0.999458909 83.316413879
0.999297261 0.000976700 0.037470989 1.907217979 -0.001383190 0.999940455 0.010823739 -2.263501167 -0.037458181 -0.010867964 0.999239028 83.873847961
0.998951972 0.000902720 0.045762055 1.964452147 -0.001399430 0.999940455 0.010823322 -2.275893211 -0.045749560 -0.010876020 0.998893678 84.420974731
0.998509049 0.000980741 0.054578915 2.006832361 -0.001545220 0.999945641 0.010301203 -2.284411430 -0.054565847 -0.010370180 0.998456359 84.960693359
0.998113930 0.001402290 0.061373860 2.058551073 -0.002060110 0.999941111 0.010656280 -2.293899059 -0.061355300 -0.010762619 0.998057961 85.524368286
0.997572184 0.000711665 0.069636643 2.134501696 -0.001479383 0.999938667 0.010973672 -2.317276001 -0.069624558 -0.011050050 0.997512102 86.081809998
0.996675909 0.001343742 0.081458770 2.165255070 -0.002248769 0.999936759 0.011019528 -2.347494125 -0.081438817 -0.011166077 0.996615767 86.639366150
0.995920897 0.001495937 0.090218462 2.233191013 -0.002493706 0.999936879 0.010947782 -2.350378752 -0.090196401 -0.011128102 0.995861769 87.200515747
0.995102406 0.000268589 0.098849788 2.278840065 -0.001202833 0.999955177 0.009391672 -2.336020708 -0.098842844 -0.009464575 0.995058060 87.823959351
0.994112134 -0.000226025 0.108355924 2.390522957 -0.000989794 0.999937117 0.011166707 -2.414575100 -0.108351626 -0.011208210 0.994049549 88.286659241
0.992873430 -0.000446766 0.119172685 2.472966194 -0.000831735 0.999942601 0.010678188 -2.416745663 -0.119170614 -0.010701208 0.992816150 88.847030640
0.991832972 -0.001602252 0.127534509 2.578812599 0.000219867 0.999941111 0.010852656 -2.439296246 -0.127544403 -0.010735980 0.991774738 89.374145508
0.990343630 -0.001810597 0.138622984 2.674960136 0.000367672 0.999945521 0.010433893 -2.437532663 -0.138634339 -0.010282172 0.990290225 89.921676636
0.988571882 -0.001332426 0.150744542 2.771642685 -0.000238728 0.999945879 0.010404056 -2.449886322 -0.150750250 -0.010321144 0.988518000 90.490531921
0.986915410 -0.003222369 0.161206782 2.891880989 0.001572886 0.999945045 0.010358672 -2.461913109 -0.161231279 -0.009969573 0.986866295 91.012802124
0.985358298 -0.003849296 0.170452937 3.006214142 0.002102536 0.999943435 0.010427085 -2.469855070 -0.170483425 -0.009916032 0.985310674 91.554344177
0.983150423 -0.003767611 0.182759568 3.127626419 0.001800779 0.999938726 0.010926610 -2.487825394 -0.182789534 -0.010413392 0.983096838 92.080520630
0.980721772 -0.006320511 0.195307225 3.252676010 0.004358832 0.999935627 0.010472237 -2.491238356 -0.195360839 -0.009419041 0.980686188 92.627899170
0.978535235 -0.007390878 0.205947489 3.389123917 0.005342940 0.999930620 0.010498366 -2.498947620 -0.206010789 -0.009172656 0.978506744 93.158950806
0.975577772 -0.007337096 0.219532013 3.529008865 0.005150669 0.999931276 0.010530196 -2.511399031 -0.219594166 -0.009142288 0.975548387 93.692489624
0.972446203 -0.006513466 0.233036444 3.652412415 0.004107527 0.999933183 0.010808098 -2.537599325 -0.233091280 -0.009553092 0.972407877 94.192695618
0.969496489 -0.005928388 0.245033637 3.804117203 0.003282116 0.999931812 0.011206560 -2.551120758 -0.245083377 -0.010060491 0.969449818 94.738761902
0.966348052 -0.006449666 0.257157266 3.979949951 0.003786253 0.999934018 0.010850954 -2.561891317 -0.257210314 -0.009512136 0.966308534 95.273361206
0.962424338 -0.005580596 0.271492571 4.127132416 0.002664579 0.999934673 0.011108135 -2.586547375 -0.271536857 -0.009967325 0.962376416 95.835746765
0.958654165 -0.005092539 0.284527928 4.303438187 0.002001792 0.999935806 0.011152455 -2.593906879 -0.284566522 -0.010121780 0.958602846 96.372741699
0.955550790 -0.006952233 0.294744551 4.497121811 0.003768296 0.999928296 0.011368947 -2.609641790 -0.294802457 -0.009752924 0.955508471 96.862953186
0.950893939 -0.006504222 0.309448600 4.680442810 0.003100075 0.999929190 0.011491149 -2.617353678 -0.309501410 -0.009967551 0.950846851 97.407630920
0.946291268 -0.006140092 0.323256820 4.877130508 0.002778656 0.999937177 0.010859127 -2.624361038 -0.323303163 -0.009377679 0.946249008 97.937927246
0.942536116 -0.008311220 0.334000796 5.083173752 0.004826851 0.999924898 0.011260795 -2.627871990 -0.334069282 -0.009001535 0.942505538 98.440551758
0.938118458 -0.008733016 0.346204132 5.305807114 0.005064434 0.999921024 0.011499820 -2.641918182 -0.346277267 -0.009034868 0.938088715 98.950737000
0.932678759 -0.008258894 0.360613644 5.516302109 0.004181883 0.999918282 0.012084585 -2.653361320 -0.360683918 -0.009762990 0.932637095 99.476852417
0.927924156 -0.012359584 0.372563988 5.737640381 0.008465807 0.999891043 0.012085470 -2.683562517 -0.372672766 -0.008060346 0.927927792 99.991401672
0.923185527 -0.012081550 0.384164631 5.971544266 0.007807538 0.999889076 0.012683112 -2.699496269 -0.384275228 -0.008709488 0.923177421 100.489700317
0.917127967 -0.010010176 0.398467243 6.201475143 0.005481994 0.999906778 0.012501794 -2.702289581 -0.398555249 -0.009281349 0.917097330 100.957397461
0.911822498 -0.010569818 0.410448402 6.457618713 0.006072644 0.999906480 0.012258923 -2.712286949 -0.410539567 -0.008685456 0.911801338 101.446105957
0.906647503 -0.010860487 0.421749264 6.700244904 0.006042192 0.999900401 0.012759401 -2.721445084 -0.421845794 -0.009019989 0.906622648 101.939094543
0.900880933 -0.010306718 0.433944166 6.964885712 0.005337600 0.999905527 0.012667994 -2.728135586 -0.434033751 -0.009096134 0.900850654 102.445755005
0.893938065 -0.013143931 0.447997719 7.223999023 0.008040640 0.999879360 0.013291387 -2.755244017 -0.448118418 -0.008279487 0.893935859 102.919189453
0.887851655 -0.013343124 0.459936321 7.500640869 0.008319736 0.999881566 0.012947123 -2.749487400 -0.460054547 -0.007668575 0.887857556 103.425926208
0.882109225 -0.014120450 0.470833272 7.742538452 0.008936461 0.999872327 0.013243996 -2.749141216 -0.470960110 -0.007475069 0.882122815 103.844062805
0.874563694 -0.013605829 0.484719843 8.037391663 0.008025211 0.999875486 0.013586361 -2.767844915 -0.484844327 -0.007992159 0.874563932 104.320419312
