1.000000000 0.000000000 0.000000000 0.000000000 0.000000000 1.000000000 0.000000000 0.000000000 0.000000000 0.000000000 1.000000000 0.000000000
1.000000000 0.000022688 -0.000021277 0.000444024 -0.000022689 1.000000000 -0.000038032 0.000772561 0.000021276 0.000038033 1.000000000 0.000389112
1.000000000 0.000027604 0.000033132 -0.000056429 -0.000027606 1.000000000 0.000036469 0.000067035 -0.000033131 -0.000036470 1.000000000 0.000086181
1.000000000 -0.000132613 0.000062154 -0.000081816 0.000132614 1.000000000 -0.000023535 0.000768643 -0.000062151 0.000023543 1.000000000 0.000177009
1.000000000 -0.000119494 0.000054897 -0.000200651 0.000119491 1.000000000 0.000057962 -0.000234368 -0.000054903 -0.000057956 1.000000000 -0.000513468
1.000000000 0.000034348 0.000115852 -0.000462155 -0.000034345 1.000000000 -0.000025617 0.000819098 -0.000115853 0.000025613 1.000000000 0.000056893
1.000000000 -0.000095715 0.000070635 0.000162087 0.000095715 1.000000000 -0.000001159 0.000480911 -0.000070634 0.000001166 1.000000000 0.000257062
1.000000000 0.000007064 0.000065697 -0.000526356 -0.000007070 1.000000000 0.000092098 -0.000114686 -0.000065696 -0.000092098 1.000000000 -0.000116063
1.000000000 -0.000012862 -0.000005130 -0.000738565 0.000012862 1.000000000 -0.000061929 -0.000166127 0.000005131 0.000061929 1.000000000 -0.001094386
1.000000000 -0.000046214 0.000080969 -0.000089064 0.000046211 1.000000000 0.000040908 -0.000724641 -0.000080971 -0.000040904 1.000000000 -0.000410573
1.000000000 0.000072026 0.000053060 -0.000834144 -0.000072029 1.000000000 0.000056691 -0.000900452 -0.000053056 -0.000056695 1.000000000 -0.000636316
1.000000000 -0.000043507 0.000066377 -0.000961346 0.000043505 1.000000000 0.000035881 -0.000404286 -0.000066378 -0.000035878 1.000000000 -0.000958088
1.000000000 0.000053408 0.000033274 -0.000812215 -0.000053405 1.000000000 -0.000075491 -0.000338752 -0.000033278 0.000075489 1.000000000 -0.001540919
1.000000000 0.000042957 0.000068128 -0.000994261 -0.000042956 1.000000000 -0.000025986 0.000493842 -0.000068129 0.000025983 1.000000000 0.000290972
1.000000000 0.000029750 0.000048467 -0.000984648 -0.000029744 1.000000000 -0.000116548 0.001258767 -0.000048471 0.000116547 1.000000000 0.000901363
1.000000000 -0.000010795 -0.000031565 0.000329649 0.000010793 1.000000000 -0.000073886 0.001262619 0.000031566 0.000073886 1.000000000 0.001313535
1.000000000 0.000080148 0.000106546 -0.000991506 -0.000080131 1.000000000 -0.000155866 0.002305869 -0.000106558 0.000155858 1.000000000 0.002559468
1.000000000 0.000162256 0.000085264 -0.001326838 -0.000162242 1.000000000 -0.000160091 0.001832369 -0.000085290 0.000160077 1.000000000 0.001575045
1.000000000 0.000175157 0.000154695 -0.001453253 -0.000175142 1.000000000 -0.000095070 0.002082634 -0.000154712 0.000095043 1.000000000 0.002466391
1.000000000 0.000091286 0.000150064 -0.001393761 -0.000091272 1.000000000 -0.000092084 0.000981663 -0.000150072 0.000092070 1.000000000 0.001279972
1.000000000 0.000029682 0.000072195 -0.001039573 -0.000029680 1.000000000 -0.000025726 0.000308902 -0.000072195 0.000025724 1.000000000 0.000700761
1.000000000 0.000142241 0.000056416 -0.000771212 -0.000142240 1.000000000 -0.000018640 0.001269430 -0.000056419 0.000018632 1.000000000 0.000865178
1.000000000 0.000088266 0.000005805 -0.000509384 -0.000088266 1.000000000 -0.000070116 0.001401109 -0.000005811 0.000070115 1.000000000 0.002253765
1.000000000 0.000102281 0.000083096 -0.001232657 -0.000102275 1.000000000 -0.000063654 0.001671979 -0.000083103 0.000063645 1.000000000 0.002453218
0.999999940 0.000376033 0.000051640 -0.001205414 -0.000376030 0.999999940 -0.000066300 0.002475905 -0.000051665 0.000066281 1.000000000 0.003723840
0.999999940 0.000252542 0.000110027 -0.001512246 -0.000252535 0.999999940 -0.000060474 0.002312669 -0.000110043 0.000060446 1.000000000 0.001973990
1.000000000 0.000071100 0.000116363 -0.000542803 -0.000071093 1.000000000 -0.000060670 0.002518826 -0.000116367 0.000060661 1.000000000 0.003068196
1.000000000 0.000138354 0.000184144 -0.001743417 -0.000138347 1.000000000 -0.000033554 0.001695746 -0.000184149 0.000033529 1.000000000 0.002419590
1.000000000 0.000135362 0.000057394 -0.001164799 -0.000135358 1.000000000 -0.000075651 0.002454596 -0.000057405 0.000075643 1.000000000 0.002311307
1.000000000 0.000062901 0.000114075 -0.001668929 -0.000062894 1.000000000 -0.000064917 0.001185176 -0.000114079 0.000064910 1.000000000 0.001716499
0.999999940 0.000143939 0.000201893 -0.001859224 -0.000143938 1.000000000 -0.000006894 0.001095966 -0.000201894 0.000006865 1.000000000 0.002044623
1.000000000 0.000121216 0.000195772 -0.001422876 -0.000121203 1.000000000 -0.000067249 0.002293461 -0.000195780 0.000067225 1.000000000 0.003811428
1.000000000 0.000221151 0.000102117 -0.000878257 -0.000221129 0.999999940 -0.000208547 0.003464801 -0.000102163 0.000208525 1.000000000 0.003901206
1.000000000 0.000119904 0.000138044 -0.000902707 -0.000119890 1.000000000 -0.000104671 0.001826269 -0.000138056 0.000104654 1.000000000 0.001949996
0.999999940 0.000218555 0.000188551 -0.002491372 -0.000218527 0.999999940 -0.000148731 0.002226379 -0.000188584 0.000148690 1.000000000 0.002654454
0.999999940 0.000164040 0.000182204 -0.001721940 -0.000164026 1.000000000 -0.000078815 0.001080564 -0.000182217 0.000078785 1.000000000 0.001548392
1.000000000 0.000110320 0.000046595 -0.002107796 -0.000110321 1.000000000 0.000014869 0.000503638 -0.000046593 -0.000014875 1.000000000 0.000316539
1.000000000 0.000126594 0.000080911 -0.001450650 -0.000126591 1.000000000 -0.000036925 0.001810134 -0.000080915 0.000036915 1.000000000 0.002210123
0.999999940 0.000182030 0.000186048 -0.001918223 -0.000182018 1.000000000 -0.000063004 0.001829106 -0.000186060 0.000062970 1.000000000 0.001791978
0.999999940 0.000209628 0.000125688 -0.000929302 -0.000209615 1.000000000 -0.000102141 0.002932271 -0.000125709 0.000102115 1.000000000 0.003218357
1.000000000 -0.000004883 0.000061637 0.000272569 0.000004889 1.000000000 -0.000102211 0.000808851 -0.000061636 0.000102211 1.000000000 0.002528713
0.999999642 0.000706099 0.000319496 0.000363803 -0.000705970 0.999999583 -0.000402053 -0.002589253 -0.000319780 0.000401827 0.999999881 0.051003195
0.999999702 0.000602429 0.000341391 0.001926224 -0.000602076 0.999999225 -0.001033074 -0.003398919 -0.000342013 0.001032868 0.999999464 0.140506506
0.999999583 0.000831285 0.000315337 0.003192869 -0.000830989 0.999999225 -0.000936151 -0.008485103 -0.000316115 0.000935889 0.999999464 0.257267505
0.999999523 0.000874833 0.000371666 0.005810615 -0.000874489 0.999999106 -0.000925412 -0.010693938 -0.000372475 0.000925086 0.999999523 0.389747918
0.999999583 0.000852382 0.000326783 0.007632120 -0.000852161 0.999999404 -0.000675448 -0.014677591 -0.000327358 0.000675169 0.999999762 0.533874571
0.999999523 0.000796908 0.000460243 0.010835578 -0.000796649 0.999999464 -0.000562309 -0.021202695 -0.000460691 0.000561942 0.999999762 0.684710205
0.999999821 0.000440814 0.000435730 0.016315585 -0.000440626 0.999999821 -0.000431508 -0.023622781 -0.000435920 0.000431316 0.999999821 0.845224202
0.999999404 0.001096987 0.000140182 0.018313732 -0.001096914 0.999999225 -0.000519464 -0.024475258 -0.000140752 0.000519309 0.999999881 1.028011441
0.999999344 0.001138205 0.000046203 0.023525175 -0.001138184 0.999999285 -0.000447436 -0.030240726 -0.000046713 0.000447383 0.999999940 1.201915860
0.999999642 0.000654953 0.000552122 0.025140436 -0.000655218 0.999999642 0.000480006 -0.044276990 -0.000551807 -0.000480367 0.999999762 1.374381781
0.999999702 0.000646630 0.000325172 0.030528374 -0.000646759 0.999999702 0.000394945 -0.046215773 -0.000324917 -0.000395155 0.999999940 1.568968058
0.999999702 0.000586198 0.000511695 0.029687954 -0.000586548 0.999999583 0.000684122 -0.058090691 -0.000511294 -0.000684421 0.999999642 1.770616651
0.999999881 0.000354343 0.000597102 0.031837378 -0.000354877 0.999999523 0.000894396 -0.064673916 -0.000596785 -0.000894608 0.999999404 1.975012779
0.999999642 0.000597225 0.000441248 0.039410643 -0.000597561 0.999999523 0.000763034 -0.069271237 -0.000440792 -0.000763298 0.999999583 2.186638832
0.999999583 0.000729311 0.000416773 0.042553417 -0.000729602 0.999999464 0.000699541 -0.073004782 -0.000416263 -0.000699845 0.999999642 2.404929399
0.999999464 0.000979638 0.000433820 0.046050329 -0.000979889 0.999999344 0.000579252 -0.077900440 -0.000433253 -0.000579677 0.999999702 2.630441189
0.999999583 0.000348881 0.000766211 0.052196957 -0.000349722 0.999999344 0.001096674 -0.088587962 -0.000765828 -0.001096942 0.999999106 2.848155022
0.999999642 0.000378807 0.000783260 0.055727351 -0.000379723 0.999999225 0.001169726 -0.092779085 -0.000782817 -0.001170023 0.999998987 3.089539051
0.999999821 0.000365085 0.000457140 0.067005560 -0.000365579 0.999999344 0.001082443 -0.098892413 -0.000456745 -0.001082610 0.999999285 3.340785980
0.999999583 0.000662700 0.000542532 0.071673617 -0.000663170 0.999999404 0.000866873 -0.104414783 -0.000541957 -0.000867232 0.999999464 3.595518112
0.999999285 0.001083217 0.000526371 0.076455161 -0.001083636 0.999999106 0.000796402 -0.111044817 -0.000525508 -0.000796972 0.999999523 3.856167555
0.999998927 0.000971450 0.001121815 0.072501704 -0.000972521 0.999998987 0.000954065 -0.118584052 -0.001120887 -0.000955154 0.999998868 4.111808300
0.999998748 0.001308476 0.000980970 0.079289056 -0.001309434 0.999998689 0.000976686 -0.122067258 -0.000979691 -0.000977969 0.999998987 4.374551773
0.999998331 0.001082916 0.001470438 0.078837819 -0.001084230 0.999998987 0.000893053 -0.129051477 -0.001469469 -0.000894646 0.999998510 4.633276939
0.999998331 0.001329802 0.001269176 0.086802870 -0.001331020 0.999998569 0.000959590 -0.137712732 -0.001267898 -0.000961278 0.999998748 4.886250019
0.999998212 0.001424093 0.001286868 0.093131408 -0.001425762 0.999998152 0.001296873 -0.145889044 -0.001285018 -0.001298706 0.999998331 5.147258759
0.999997377 0.001541987 0.001672565 0.092889473 -0.001544282 0.999997854 0.001372266 -0.162422419 -0.001670445 -0.001374846 0.999997616 5.400439262
0.999998212 0.001527695 0.001210265 0.102308623 -0.001529071 0.999998331 0.001136811 -0.161217242 -0.001208526 -0.001138659 0.999998629 5.686243534
0.999997616 0.001942242 0.001004991 0.105067916 -0.001943347 0.999997497 0.001100025 -0.173015714 -0.001002852 -0.001101976 0.999998868 5.941623211
0.999997616 0.001805278 0.001170123 0.112047017 -0.001806292 0.999997973 0.000866034 -0.178254455 -0.001168557 -0.000868145 0.999998927 6.224136829
0.999996901 0.002078844 0.001351428 0.119069450 -0.002079988 0.999997437 0.000845792 -0.182899639 -0.001349666 -0.000848600 0.999998748 6.518998623
0.999998450 0.001516972 0.000925763 0.130014494 -0.001518331 0.999997795 0.001468509 -0.193967015 -0.000923533 -0.001469912 0.999998510 6.805407047
0.999997318 0.001903840 0.001331971 0.126630306 -0.001905623 0.999997258 0.001338523 -0.206445515 -0.001329419 -0.001341058 0.999998212 7.098720074
0.999998748 0.001225082 0.001000639 0.135755479 -0.001226578 0.999998152 0.001496452 -0.217047319 -0.000998804 -0.001497677 0.999998391 7.398586273
0.999997854 0.001780526 0.001168558 0.143478692 -0.001782448 0.999997079 0.001645979 -0.233171299 -0.001165624 -0.001648058 0.999997973 7.705994129
0.999997616 0.001823682 0.001217083 0.151671275 -0.001825469 0.999997318 0.001468891 -0.237398520 -0.001214400 -0.001471110 0.999998152 8.029323578
0.999996603 0.002051490 0.001606897 0.151649863 -0.002054408 0.999996245 0.001816748 -0.249301359 -0.001603164 -0.001820043 0.999997020 8.340932846
0.999997556 0.001635061 0.001441010 0.160356700 -0.001637781 0.999996841 0.001888369 -0.256743550 -0.001437917 -0.001890724 0.999997199 8.672752380
0.999997735 0.001601262 0.001491057 0.167940706 -0.001603144 0.999997914 0.001261443 -0.262378246 -0.001489033 -0.001263830 0.999998093 9.005252838
0.999997914 0.001566037 0.001340568 0.176709324 -0.001567543 0.999998152 0.001122857 -0.272095621 -0.001338807 -0.001124956 0.999998450 9.350274086
0.999994636 0.002583482 0.001998367 0.174570546 -0.002587039 0.999994993 0.001779575 -0.286781967 -0.001993759 -0.001784735 0.999996424 9.680353165
0.999995589 0.002295928 0.001876927 0.181308955 -0.002300270 0.999994576 0.002314499 -0.299158961 -0.001871603 -0.002318806 0.999995589 10.033238411
0.999995410 0.002273792 0.001993134 0.183204189 -0.002277933 0.999995232 0.002078242 -0.313349664 -0.001988400 -0.002082773 0.999995828 10.380057335
0.999994218 0.002590118 0.002176849 0.193881586 -0.002594837 0.999994278 0.002167897 -0.323836476 -0.002171221 -0.002173533 0.999995291 10.743612289
0.999994278 0.002581796 0.002168723 0.199387014 -0.002586088 0.999994695 0.001978461 -0.332556129 -0.002163603 -0.001984058 0.999995708 11.109948158
0.999995768 0.002119387 0.002000074 0.215291142 -0.002123275 0.999995828 0.001943611 -0.339488089 -0.001995947 -0.001947850 0.999996126 11.493474007
0.999995470 0.002318856 0.001915640 0.223987281 -0.002323028 0.999994934 0.002178332 -0.347659558 -0.001910579 -0.002182772 0.999995768 11.858107567
0.999994755 0.002601424 0.001926306 0.234580070 -0.002605747 0.999994040 0.002245351 -0.361206263 -0.001920453 -0.002250359 0.999995649 12.257962227
0.999994874 0.002471333 0.002053741 0.246182233 -0.002476776 0.999993443 0.002651965 -0.376459718 -0.002047173 -0.002657038 0.999994397 12.644774437
0.999991834 0.003033265 0.002659391 0.244949996 -0.003040209 0.999991953 0.002610999 -0.384637564 -0.002651450 -0.002619063 0.999993026 13.053752899
0.999991655 0.002870142 0.002892185 0.261552125 -0.002878047 0.999992132 0.002732615 -0.396802455 -0.002884319 -0.002740916 0.999992073 13.451498032
0.999990523 0.003213309 0.002930468 0.259317279 -0.003221996 0.999990404 0.002964498 -0.411153167 -0.002920914 -0.002973912 0.999991298 13.873359680
0.999989510 0.003316909 0.003150760 0.268487096 -0.003325664 0.999990702 0.002777923 -0.418203861 -0.003141517 -0.002788372 0.999991179 14.288777351
0.999987960 0.003443012 0.003489553 0.276278317 -0.003453583 0.999989450 0.003028153 -0.433662683 -0.003479090 -0.003040168 0.999989331 14.709457397
0.999986470 0.003396325 0.003946255 0.290157109 -0.003408216 0.999989688 0.003010503 -0.443267226 -0.003935989 -0.003023912 0.999987662 15.122600555
0.999984980 0.003684723 0.004037797 0.303660393 -0.003697029 0.999988496 0.003044433 -0.457052052 -0.004026534 -0.003059315 0.999987125 15.563145638
0.999980450 0.003975310 0.004816133 0.302226394 -0.003990927 0.999986768 0.003237469 -0.473464400 -0.004803199 -0.003256627 0.999983132 16.000383377
0.999975979 0.004597298 0.005182127 0.315691292 -0.004614956 0.999983549 0.003400691 -0.482060134 -0.005166408 -0.003424525 0.999980807 16.448328018
0.999976635 0.004256436 0.005351419 0.327409565 -0.004271703 0.999986887 0.002844523 -0.491237968 -0.005339242 -0.002867316 0.999981642 16.895679474
0.999975979 0.004132647 0.005559236 0.345659465 -0.004151409 0.999985695 0.003367548 -0.512973785 -0.005545240 -0.003390547 0.999978900 17.339670181
0.999973178 0.004101117 0.006068532 0.353504598 -0.004124367 0.999984205 0.003824017 -0.526504338 -0.006052753 -0.003848944 0.999974251 17.801218033
0.999970317 0.004035650 0.006572511 0.366112649 -0.004057532 0.999986231 0.003319415 -0.533739507 -0.006559025 -0.003345984 0.999972880 18.272794724
0.999972165 0.004120296 0.006221615 0.390877306 -0.004141166 0.999985933 0.003345266 -0.548589528 -0.006207744 -0.003370938 0.999975026 18.730535507
0.999973714 0.004201194 0.005920862 0.403397739 -0.004218954 0.999986649 0.002990093 -0.558202863 -0.005908221 -0.003014994 0.999977946 19.206548691
0.999966562 0.004625746 0.006737260 0.402489185 -0.004653160 0.999980927 0.004059041 -0.591364026 -0.006718355 -0.004090256 0.999969006 19.677171707
0.999967873 0.004897953 0.006345537 0.410327911 -0.004926271 0.999977946 0.004454877 -0.605877399 -0.006323577 -0.004485994 0.999969900 20.165687561
0.999968648 0.004412755 0.006564346 0.431544989 -0.004441289 0.999980748 0.004338682 -0.628892243 -0.006545073 -0.004367701 0.999969065 20.661718369
0.999979794 0.003115359 0.005537553 0.453282505 -0.003138300 0.999986529 0.004138966 -0.639570594 -0.005524584 -0.004156261 0.999976099 21.154373169
0.999975622 0.004246337 0.005534824 0.467555642 -0.004271244 0.999980867 0.004496077 -0.651403844 -0.005515626 -0.004519607 0.999974489 21.652011871
0.999979675 0.004200241 0.004802885 0.481244564 -0.004222548 0.999980271 0.004643635 -0.665817380 -0.004783287 -0.004663820 0.999977648 22.166315079
0.999974310 0.004960071 0.005192904 0.486486167 -0.004982348 0.999978423 0.004285637 -0.676495492 -0.005171536 -0.004311400 0.999977291 22.666803360
0.999980390 0.004586738 0.004268865 0.505245030 -0.004605605 0.999979615 0.004420415 -0.694285572 -0.004248503 -0.004439990 0.999981046 23.174098969
0.999980867 0.004860754 0.003821302 0.514507234 -0.004878162 0.999977648 0.004559604 -0.707807004 -0.003799054 -0.004578157 0.999982297 23.703096390
0.999989629 0.003112771 0.003337603 0.525198698 -0.003126662 0.999986410 0.004164522 -0.722699344 -0.003324595 -0.004174914 0.999985754 24.232921600
0.999981701 0.005151936 0.003209812 0.531992853 -0.005164851 0.999978542 0.004028275 -0.751118660 -0.003188990 -0.004044780 0.999986649 24.747779846
0.999988556 0.004037727 0.002567173 0.548920512 -0.004049397 0.999981344 0.004556999 -0.765223324 -0.002548725 -0.004567342 0.999986351 25.329736710
0.999989092 0.004329221 0.001741901 0.553885102 -0.004337333 0.999979615 0.004680664 -0.780305266 -0.001721602 -0.004688168 0.999987543 25.833168030
0.999992251 0.003797869 0.001009538 0.575835645 -0.003802011 0.999984264 0.004132040 -0.793080091 -0.000993829 -0.004135847 0.999990940 26.403079987
0.999991953 0.003903185 0.000921625 0.583925664 -0.003907489 0.999981225 0.004715452 -0.797742367 -0.000903202 -0.004719016 0.999988437 26.958240509
0.999991775 0.004050811 0.000128812 0.590349972 -0.004051411 0.999978960 0.005068775 -0.820188403 -0.000108277 -0.005069256 0.999987125 27.497028351
0.999988616 0.004749244 -0.000371573 0.601248205 -0.004747414 0.999977350 0.004777807 -0.829692006 0.000394256 -0.004775989 0.999988496 28.054735184
0.999992132 0.003968944 -0.000190299 0.605961978 -0.003968001 0.999980986 0.004721161 -0.847101569 0.000209033 -0.004720368 0.999988854 28.607606888
0.999988914 0.004670906 -0.000544464 0.626120090 -0.004668307 0.999978125 0.004681356 -0.864705920 0.000566318 -0.004678763 0.999988914 29.154787064
0.999991655 0.004042907 -0.000520358 0.630051792 -0.004040179 0.999978602 0.005140066 -0.878225088 0.000541128 -0.005137921 0.999986649 29.703714371
0.999989927 0.004374720 -0.001000219 0.645892859 -0.004369922 0.999979198 0.004750044 -0.887320757 0.001020978 -0.004745625 0.999988198 30.233327866
0.999990284 0.004094257 -0.001648950 0.662488043 -0.004085408 0.999977410 0.005335016 -0.906587601 0.001670756 -0.005328227 0.999984384 30.791400909
0.999988735 0.004521142 -0.001442061 0.671668649 -0.004513167 0.999974728 0.005486350 -0.925896227 0.001466830 -0.005479780 0.999983847 31.331752777
0.999984145 0.005300389 -0.001884048 0.680292010 -0.005289866 0.999970615 0.005547487 -0.936693132 0.001913397 -0.005537433 0.999982834 31.875951767
0.999988437 0.004432536 -0.001876371 0.678059340 -0.004422023 0.999974728 0.005570279 -0.953628421 0.001901014 -0.005561918 0.999982715 32.380508423
0.999986231 0.004382396 -0.002902165 0.686343431 -0.004366674 0.999975860 0.005401932 -0.970862389 0.002925768 -0.005389183 0.999981165 32.921813965
0.999985993 0.004765179 -0.002273580 0.696804523 -0.004752499 0.999973297 0.005549448 -0.977831841 0.002299963 -0.005538565 0.999981999 33.542156219
0.999988139 0.004736800 -0.001113343 0.702559888 -0.004730124 0.999971271 0.005924545 -0.996237993 0.001141375 -0.005919209 0.999981821 34.084243774
0.999987721 0.004391694 -0.002355802 0.721802831 -0.004378693 0.999975324 0.005496297 -1.003500462 0.002379883 -0.005485913 0.999982119 34.614608765
0.999986351 0.004124806 -0.003207504 0.737040520 -0.004106837 0.999975979 0.005588674 -1.023973584 0.003230480 -0.005575425 0.999979258 35.139041901
0.999985456 0.004618055 -0.002785813 0.750440657 -0.004602904 0.999974728 0.005420487 -1.022818804 0.002810774 -0.005407586 0.999981403 35.665351868
0.999980092 0.005773288 -0.002524456 0.755915761 -0.005759940 0.999969602 0.005263323 -1.036986113 0.002554765 -0.005248677 0.999983013 36.209293365
0.999987364 0.004122919 -0.002875816 0.763473928 -0.004106642 0.999975622 0.005642708 -1.053247452 0.002899010 -0.005630828 0.999979973 36.779319763
0.999986589 0.004108763 -0.003183432 0.783201933 -0.004093146 0.999979615 0.004896819 -1.060869336 0.003203487 -0.004883723 0.999982953 37.316131592
0.999987066 0.003806702 -0.003373994 0.796182275 -0.003792982 0.999984622 0.004063426 -1.066569328 0.003389410 -0.004050576 0.999986053 37.870014191
0.999980211 0.004614025 -0.004257205 0.796927154 -0.004597249 0.999981642 0.003942177 -1.074522138 0.004275317 -0.003922528 0.999983191 38.431678772
0.999980211 0.004969808 -0.003835750 0.797959983 -0.004956645 0.999981761 0.003433595 -1.080033541 0.003852744 -0.003414514 0.999986768 38.989871979
0.999982536 0.003776233 -0.004540323 0.819666266 -0.003756233 0.999983191 0.004405418 -1.112146139 0.004556884 -0.004388287 0.999979913 39.498222351
0.999982417 0.002797893 -0.005229994 0.831424057 -0.002776313 0.999987602 0.004128907 -1.127502918 0.005241481 -0.004114314 0.999977767 40.056999207
0.999981165 0.002861114 -0.005432152 0.841255188 -0.002838188 0.999987006 0.004223328 -1.142169237 0.005444165 -0.004207831 0.999976337 40.607025146
0.999983728 0.002244506 -0.005243412 0.843114853 -0.002223437 0.999989450 0.004020573 -1.156274557 0.005252381 -0.004008850 0.999978125 41.150238037
0.999984920 0.003188204 -0.004464319 0.840777934 -0.003169414 0.999986112 0.004209798 -1.166389346 0.004477679 -0.004195585 0.999981165 41.692371368
0.999984443 0.002817966 -0.004801879 0.844617844 -0.002800120 0.999989152 0.003719575 -1.177645564 0.004812310 -0.003706072 0.999981582 42.264480591
0.999986172 0.002633972 -0.004537558 0.852330625 -0.002616175 0.999988914 0.003923893 -1.188914299 0.004547842 -0.003911968 0.999982119 42.818927765
0.999983609 0.002522890 -0.005128394 0.867503047 -0.002501447 0.999988139 0.004183333 -1.216204762 0.005138888 -0.004170437 0.999978065 43.375255585
0.999985099 0.002691005 -0.004749748 0.873856366 -0.002672102 0.999988437 0.003981839 -1.230120063 0.004760410 -0.003969087 0.999980807 43.917495728
0.999986589 0.002854174 -0.004322007 0.883432984 -0.002835175 0.999986291 0.004395450 -1.243668318 0.004334494 -0.004383137 0.999980986 44.466152191
0.999980986 0.002979619 -0.005402362 0.907593668 -0.002959210 0.999988437 0.003781871 -1.248732805 0.005413567 -0.003765812 0.999978244 45.011310577
0.999981582 0.003014542 -0.005267448 0.920530200 -0.002992890 0.999987066 0.004113612 -1.266564012 0.005279781 -0.004097771 0.999977648 45.575790405
0.999981821 0.003856435 -0.004639836 0.922385693 -0.003838342 0.999985039 0.003901927 -1.277905822 0.004654814 -0.003884047 0.999981642 46.119762421
0.999985695 0.002886642 -0.004493648 0.930013239 -0.002869569 0.999988616 0.003801079 -1.295953035 0.004504570 -0.003788129 0.999982655 46.665367126
0.999983549 0.003265824 -0.004713839 0.946123183 -0.003246485 0.999986410 0.004104360 -1.306027889 0.004727179 -0.004088990 0.999980450 47.221172333
0.999981582 0.002979326 -0.005286554 0.964316845 -0.002959172 0.999988317 0.003815995 -1.317792773 0.005297861 -0.003800282 0.999978662 47.772396088
0.999986470 0.002691372 -0.004450800 0.960401595 -0.002674656 0.999989331 0.003757366 -1.330928206 0.004460865 -0.003745411 0.999983013 48.313808441
0.999984324 0.002903478 -0.004783449 0.973935485 -0.002885729 0.999988914 0.003713152 -1.340654969 0.004794176 -0.003699291 0.999981642 48.861923218
0.999982834 0.002728779 -0.005178574 0.986000776 -0.002710051 0.999989867 0.003619896 -1.359548330 0.005188399 -0.003605800 0.999979973 49.419803619
0.999980986 0.004243768 -0.004476856 0.990032971 -0.004228018 0.999984860 0.003521791 -1.373374104 0.004491733 -0.003502796 0.999983788 49.957706451
0.999980628 0.003144022 -0.005364111 1.011247873 -0.003122421 0.999987006 0.004030774 -1.387856126 0.005376714 -0.004013948 0.999977410 50.489917755
0.999979794 0.003428897 -0.005357519 1.014509082 -0.003407248 0.999985993 0.004045164 -1.405331612 0.005371315 -0.004026828 0.999977469 51.008502960
0.999981940 0.002916441 -0.005259927 1.027183175 -0.002896155 0.999988377 0.003860231 -1.412885189 0.005271125 -0.003844929 0.999978721 51.559696198
0.999979258 0.003166491 -0.005608799 1.032948852 -0.003144953 0.999987602 0.003844734 -1.422420382 0.005620905 -0.003827016 0.999976873 52.100803375
0.999977648 0.003402569 -0.005744034 1.040826082 -0.003380822 0.999987125 0.003791510 -1.441240788 0.005756861 -0.003772006 0.999976337 52.625984192
0.999980509 0.002937247 -0.005502404 1.051112652 -0.002915097 0.999987602 0.004029018 -1.451913238 0.005514171 -0.004012899 0.999976754 53.158641815
0.999978125 0.003983513 -0.005276189 1.058377266 -0.003966377 0.999986827 0.003254094 -1.461558938 0.005289082 -0.003233094 0.999980807 53.692878723
0.999979675 0.003005433 -0.005619392 1.063466072 -0.002985778 0.999989390 0.003503118 -1.479109287 0.005629861 -0.003486269 0.999978006 54.221546173
0.999978364 0.004282041 -0.004987851 1.060060859 -0.004266178 0.999985754 0.003186065 -1.493187666 0.005001424 -0.003164717 0.999982476 54.742637634
0.999976397 0.004333216 -0.005326713 1.070775270 -0.004316025 0.999985397 0.003234512 -1.506847978 0.005340652 -0.003211445 0.999980569 55.291893005
0.999980271 0.003314974 -0.005353832 1.090261579 -0.003296020 0.999988258 0.003545448 -1.527501822 0.005365522 -0.003527732 0.999979377 55.830036163
0.999979496 0.003308497 -0.005484519 1.097467542 -0.003288162 0.999987721 0.003712707 -1.544220686 0.005496736 -0.003694596 0.999978065 56.360015869
0.999979794 0.002499181 -0.005842066 1.110442400 -0.002477992 0.999990344 0.003631511 -1.559774995 0.005851086 -0.003616960 0.999976337 56.904850006
0.999979258 0.003240981 -0.005561123 1.115465760 -0.003222679 0.999989390 0.003297212 -1.568067789 0.005571750 -0.003279222 0.999979079 57.450180054
0.999976695 0.003521377 -0.005853883 1.126956940 -0.003503683 0.999989212 0.003030005 -1.579299688 0.005864493 -0.003009423 0.999978304 57.979228973
0.999979734 0.003153035 -0.005529416 1.137110353 -0.003133752 0.999988914 0.003492545 -1.598828912 0.005540366 -0.003475147 0.999978602 58.527259827
0.999980092 0.003306823 -0.005361102 1.142128348 -0.003288041 0.999988437 0.003508610 -1.609585643 0.005372642 -0.003490913 0.999979496 59.062553406
0.999980927 0.003413230 -0.005139912 1.149717569 -0.003393812 0.999987066 0.003781958 -1.630432725 0.005152754 -0.003764443 0.999979734 59.606929779
0.999980092 0.002593130 -0.005752631 1.165573597 -0.002575002 0.999991834 0.003156354 -1.640972853 0.005760768 -0.003141478 0.999978483 60.184543610
0.999978364 0.002700126 -0.005998178 1.179385424 -0.002681598 0.999991596 0.003094702 -1.651303411 0.006006484 -0.003078551 0.999977171 60.758907318
0.999979675 0.003091466 -0.005595846 1.183602571 -0.003075391 0.999991119 0.002879117 -1.668457866 0.005604698 -0.002861849 0.999980152 61.304622650
0.999981225 0.002809623 -0.005450636 1.194473743 -0.002794207 0.999992013 0.002834051 -1.676806927 0.005458556 -0.002818767 0.999981105 61.856712341
0.999981821 0.002482903 -0.005492253 1.204007387 -0.002466876 0.999992669 0.002923256 -1.694550753 0.005499471 -0.002909653 0.999980569 62.395420074
0.999979317 0.002770825 -0.005800284 1.219947815 -0.002754646 0.999992251 0.002795442 -1.714442134 0.005807983 -0.002779407 0.999979198 62.933879852
0.999977291 0.003003997 -0.006029760 1.228390574 -0.002988081 0.999992013 0.002646570 -1.724423766 0.006037662 -0.002628493 0.999978304 63.482212067
0.999976933 0.002808083 -0.006182996 1.234946489 -0.002793775 0.999993384 0.002321362 -1.736192107 0.006189475 -0.002304035 0.999978185 64.035049438
0.999979258 0.002765004 -0.005817500 1.239843130 -0.002750089 0.999992907 0.002570316 -1.749948978 0.005824567 -0.002554263 0.999979734 64.576133728
0.999980390 0.003033981 -0.005476219 1.243470907 -0.003021129 0.999992669 0.002353777 -1.763113618 0.005483320 -0.002337187 0.999982178 65.118507385
0.999980688 0.002513571 -0.005673654 1.257787943 -0.002500416 0.999994099 0.002324624 -1.778978944 0.005679465 -0.002310392 0.999981225 65.659034729
0.999982238 0.002679480 -0.005307836 1.263385892 -0.002668004 0.999994040 0.002168060 -1.791070461 0.005313614 -0.002153860 0.999983490 66.197326660
0.999981701 0.002717572 -0.005403105 1.270375848 -0.002708008 0.999994755 0.001776756 -1.801069617 0.005407906 -0.001762091 0.999983788 66.752174377
0.999981940 0.002794771 -0.005318240 1.280214190 -0.002785080 0.999994576 0.001828743 -1.821250439 0.005323320 -0.001813899 0.999984205 67.296257019
0.999980748 0.002786039 -0.005537195 1.290853024 -0.002776456 0.999994636 0.001737769 -1.833205938 0.005542008 -0.001722361 0.999983132 67.843963623
0.999983132 0.002393659 -0.005296155 1.296507955 -0.002386852 0.999996305 0.001291267 -1.847260833 0.005299229 -0.001278604 0.999985158 68.381614685
0.999982178 0.002664564 -0.005344464 1.304390907 -0.002658789 0.999995887 0.001087099 -1.860522747 0.005347337 -0.001072869 0.999985099 68.924308777
0.999980986 0.002660071 -0.005556872 1.308693409 -0.002653576 0.999995768 0.001176142 -1.876582146 0.005559977 -0.001161374 0.999983847 69.469375610
0.999980271 0.002925406 -0.005553957 1.320616484 -0.002923296 0.999995649 0.000388058 -1.889753938 0.005555068 -0.000371815 0.999984443 70.017791748
0.999981165 0.002571847 -0.005562466 1.327428818 -0.002570578 0.999996662 0.000235200 -1.903801560 0.005563053 -0.000220897 0.999984503 70.569572449
0.999985814 0.002252644 -0.004831521 1.337865233 -0.002250477 0.999997318 0.000454014 -1.922896624 0.004832531 -0.000443134 0.999988198 71.135871887
0.999984622 0.002165057 -0.005107370 1.348055363 -0.002164725 0.999997675 0.000070338 -1.935116291 0.005107509 -0.000059280 0.999986947 71.687477112
0.999983013 0.001177322 -0.005729763 1.364917517 -0.001175168 0.999999225 0.000379366 -1.953584433 0.005730206 -0.000372626 0.999983490 72.241142273
0.999981403 0.001329575 -0.005948862 1.371507287 -0.001328757 0.999999106 0.000141486 -1.970148325 0.005949045 -0.000133579 0.999982297 72.797920227
0.999984324 0.001477829 -0.005404332 1.376396656 -0.001477714 0.999998927 0.000025219 -1.983141899 0.005404361 -0.000017232 0.999985397 73.338027954
0.999980390 0.001561062 -0.006068861 1.392997384 -0.001559866 0.999998748 0.000201827 -2.001593113 0.006069170 -0.000192357 0.999981582 73.896827698
0.999979973 0.001498362 -0.006153607 1.407973170 -0.001501869 0.999998689 -0.000565376 -2.007717371 0.006152750 0.000574607 0.999980927 74.439735413
0.999977648 0.002390577 -0.006248598 1.411839008 -0.002391570 0.999997079 -0.000151398 -2.026384354 0.006248218 0.000166339 0.999980450 74.969619751
0.999980569 0.001578655 -0.006028222 1.418322086 -0.001577006 0.999998689 0.000278302 -2.049409151 0.006028654 -0.000268790 0.999981821 75.534172058
0.999979913 0.001852249 -0.006065866 1.421440840 -0.001852147 0.999998271 0.000022441 -2.066561222 0.006065897 -0.000011206 0.999981523 76.092323303
0.999982655 0.002171380 -0.005479159 1.425338745 -0.002169200 0.999997556 0.000403613 -2.085640669 0.005480024 -0.000391721 0.999984920 76.635017395
0.999982595 0.002391300 -0.005395507 1.432419181 -0.002392948 0.999997079 -0.000298994 -2.103964090 0.005394778 0.000311900 0.999985337 77.191253662
0.999983013 0.003712666 -0.004478255 1.442001939 -0.003720116 0.999991715 -0.001656709 -2.098300457 0.004472067 0.001673341 0.999988616 77.750465393
0.999980569 0.003083723 -0.005401902 1.449556589 -0.003086270 0.999995112 -0.000463053 -2.127794266 0.005400443 0.000479716 0.999985278 78.302032471
0.999984801 0.002707825 -0.004800812 1.460061431 -0.002711922 0.999995887 -0.000847276 -2.139307499 0.004798500 0.000860283 0.999988139 78.835975647
0.999984443 0.003350974 -0.004459980 1.466914177 -0.003355485 0.999993861 -0.001004484 -2.150375605 0.004456588 0.001019434 0.999989510 79.364669800
0.999984801 0.003844904 -0.003935220 1.471018553 -0.003848368 0.999992192 -0.000872843 -2.167169094 0.003931833 0.000887974 0.999991894 79.915039062
0.999986351 0.002799575 -0.004410169 1.481189609 -0.002804981 0.999995351 -0.001220253 -2.174521208 0.004406732 0.001232607 0.999989510 80.434951782
0.999991715 0.002660211 -0.003073293 1.486827612 -0.002662618 0.999996126 -0.000779666 -2.194730043 0.003071208 0.000787842 0.999994993 80.919029236
0.999992430 0.003546369 -0.001586384 1.481540084 -0.003548081 0.999993145 -0.001077023 -2.207608700 0.001582553 0.001082643 0.999998093 81.467056274
0.999996364 0.002449144 -0.001072958 1.502675056 -0.002451113 0.999995232 -0.001836198 -2.217328072 0.001068457 0.001838821 0.999997735 81.998130798
0.999997854 0.002070519 -0.000151344 1.516066670 -0.002070760 0.999996603 -0.001600713 -2.231947899 0.000148028 0.001601022 0.999998689 82.522071838
0.999989688 0.002615443 0.003693748 1.525346279 -0.002608206 0.999994695 -0.001962730 -2.246036291 -0.003698861 0.001953076 0.999991238 83.067527771
0.999970555 0.002413992 0.007275484 1.548256040 -0.002403239 0.999995947 -0.001486354 -2.266825676 -0.007279041 0.001468825 0.999972403 83.578475952
0.999946654 0.001877698 0.010158290 1.562909603 -0.001859049 0.999996543 -0.001845057 -2.278728962 -0.010161721 0.001826074 0.999946654 84.116851807
0.999887586 0.002544757 0.014772585 1.578340769 -0.002511825 0.999994338 -0.002247482 -2.289229631 -0.014778218 0.002210123 0.999888301 84.656715393
0.999782443 0.002086480 0.020754566 1.609140635 -0.002049240 0.999996185 -0.001815537 -2.302506924 -0.020758277 0.001772610 0.999782979 85.169357300
0.999637783 0.003580577 0.026673296 1.640883207 -0.003537382 0.999992371 -0.001666497 -2.329159260 -0.026679059 0.001571539 0.999642789 85.694488525
0.999459386 0.003229227 0.032718927 1.668977141 -0.003175099 0.999993503 -0.001706145 -2.339220762 -0.032724228 0.001601337 0.999463081 86.247612000
0.999133050 0.003188739 0.041509483 1.707051277 -0.003128117 0.999993920 -0.001525337 -2.357419968 -0.041514095 0.001394168 0.999136925 86.778457642
0.998787463 0.002294632 0.049175963 1.755737305 -0.002188521 0.999995172 -0.002211524 -2.367941856 -0.049180798 0.002101220 0.998787701 87.329681396
0.998390675 0.002368883 0.056660924 1.799649000 -0.002247262 0.999995053 -0.002210062 -2.385266781 -0.056665879 0.002079173 0.998391032 87.868080139
0.997813225 0.003367204 0.066012263 1.850669384 -0.003225650 0.999992192 -0.002250823 -2.398463726 -0.066019349 0.002032968 0.997816205 88.423728943
0.997157991 0.001862996 0.075317048 1.928044796 -0.001670475 0.999995112 -0.002619060 -2.416279554 -0.075321585 0.002485801 0.997156203 88.949310303
0.996454358 0.001549935 0.084120698 1.986042500 -0.001340186 0.999995768 -0.002549840 -2.425326347 -0.084124282 0.002428061 0.996452332 89.500396729
0.995817304 0.001107492 0.091359727 2.052384377 -0.000854914 0.999995708 -0.002803744 -2.446381569 -0.091362454 0.002713912 0.995814025 90.018600464
0.994831383 0.001347767 0.101531677 2.128275871 -0.001066683 0.999995470 -0.002822687 -2.460752726 -0.101535007 0.002699795 0.994828224 90.551597595
0.993729889 0.001111021 0.111801267 2.216592312 -0.000830713 0.999996424 -0.002553752 -2.481597662 -0.111803681 0.002444865 0.993727326 91.063522339
0.992620230 0.000466689 0.121263586 2.301548004 -0.000108140 0.999995589 -0.002963337 -2.493758917 -0.121264435 0.002928355 0.992615938 91.605117798
0.991168380 0.000341558 0.132608846 2.401726723 0.000035116 0.999995947 -0.002838142 -2.510838032 -0.132609263 0.002817734 0.991164505 92.135795593
0.989381194 0.000064862 0.145343453 2.498980522 0.000361400 0.999995649 -0.002906390 -2.528993607 -0.145342976 0.002928055 0.989377022 92.662780762
0.987815142 -0.000557072 0.155630946 2.606894493 0.001005974 0.999995470 -0.002805659 -2.546971798 -0.155628681 0.002928033 0.987811387 93.205642700
0.985995352 0.000581017 0.166771442 2.718644142 -0.000154014 0.999996662 -0.002573331 -2.568396568 -0.166772380 0.002511608 0.985992193 93.761795044
0.983710289 0.000382896 0.179761231 2.838292122 0.000078312 0.999996722 -0.002558567 -2.588383675 -0.179761633 0.002530966 0.983706951 94.289436340
0.981393218 -0.000644687 0.192007720 2.970727921 0.001106626 0.999996841 -0.002298607 -2.604191542 -0.192005649 0.002468318 0.981390715 94.806221008
0.979500711 -0.000901066 0.201438785 3.096520424 0.001397974 0.999996245 -0.002324547 -2.625130415 -0.201435924 0.002558502 0.979498267 95.300643921
0.976628363 -0.000553715 0.214934558 3.238559723 0.001012213 0.999997377 -0.002023139 -2.642916441 -0.214932874 0.002193415 0.976626277 95.838417053
0.973676682 -0.001648609 0.227927729 3.388071060 0.002205995 0.999995172 -0.002190716 -2.664116144 -0.227923006 0.002635857 0.973675609 96.371734619
0.971050858 -0.001873084 0.238865659 3.541299820 0.002536173 0.999993742 -0.002468668 -2.666157961 -0.238859549 0.003003006 0.971049488 96.899047852
0.968350172 -0.002370307 0.249584273 3.703826904 0.002963104 0.999993563 -0.001999444 -2.700805187 -0.249577925 0.002675706 0.968350947 97.396522522
0.964845061 -0.002921222 0.262803167 3.873891830 0.003507647 0.999992251 -0.001762292 -2.710651159 -0.262796074 0.002622159 0.964847863 97.904258728
0.961292028 -0.002924572 0.275515705 4.043687820 0.003578368 0.999991834 -0.001870343 -2.729444504 -0.275508016 0.002783842 0.961294770 98.431350708
0.957915664 -0.003464197 0.287028819 4.221614838 0.004091233 0.999990404 -0.001584832 -2.750741959 -0.287020564 0.002692437 0.957920611 98.944572449
0.953680336 -0.003810530 0.300797850 4.411081314 0.004534233 0.999988258 -0.001707872 -2.760781288 -0.300787807 0.002992651 0.953686416 99.451332092
0.949249685 -0.004416062 0.314492285 4.615318298 0.005248602 0.999984622 -0.001800491 -2.775653362 -0.314479470 0.003359761 0.949258327 99.968872070
0.945288062 -0.005012368 0.326198041 4.820499420 0.006046868 0.999979436 -0.002157490 -2.786243677 -0.326180458 0.004011927 0.945298970 100.490470886
0.940936208 -0.005361819 0.338541269 5.020090103 0.006092096 0.999980867 -0.001094573 -2.813379049 -0.338528901 0.003092350 0.940950930 100.958190918
0.935725272 -0.005647872 0.352684498 5.236116409 0.006484303 0.999978304 -0.001190233 -2.825608253 -0.352670193 0.003400644 0.935741544 101.464859009
0.931123793 -0.006903830 0.364637882 5.454576492 0.008062239 0.999966204 -0.001654643 -2.839190960 -0.364614189 0.004480476 0.931147993 101.967590332
0.926169991 -0.006636185 0.377047956 5.700078964 0.007690985 0.999969542 -0.001292080 -2.856942177 -0.377027899 0.004096556 0.926192820 102.538513184
0.919690549 -0.005641354 0.392603666 5.928535461 0.006443182 0.999979019 -0.000724642 -2.874330997 -0.392591327 0.003196063 0.919707417 103.042556763
0.914376199 -0.006861294 0.404807329 6.202823639 0.007875661 0.999968648 -0.000840500 -2.888046741 -0.404788852 0.003956660 0.914401591 103.607589722
0.909581780 -0.006215838 0.415478528 6.450763702 0.007419889 0.999971688 -0.001283662 -2.896876812 -0.415458798 0.004250400 0.909602046 104.086112976
0.903426826 -0.007484212 0.428676873 6.706016541 0.008665345 0.999962091 -0.000803815 -2.917892933 -0.428654552 0.004440821 0.903457522 104.598518372
0.896696985 -0.006327135 0.442599595 6.970489502 0.007444565 0.999971926 -0.000787534 -2.925204277 -0.442582160 0.004001141 0.896718919 105.089508057
0.890834272 -0.007187463 0.454271615 7.242958069 0.008512007 0.999963403 -0.000870817 -2.951058149 -0.454248726 0.004642517 0.890862823 105.580268860
0.885134041 -0.007763349 0.465271682 7.520160675 0.008996942 0.999959469 -0.000430854 -2.964103460 -0.465249479 0.004567386 0.885167837 106.048316956
0.877422512 -0.007492617 0.479659915 7.792472839 0.008264742 0.999965727 0.000501793 -2.987053394 -0.479647160 0.003523981 0.877454340 106.530426025
