1.000000000 0.000000000 0.000000000 0.000000000 0.000000000 1.000000000 0.000000000 0.000000000 0.000000000 0.000000000 1.000000000 0.000000000
1.000000000 0.000032720 -0.000025563 0.000403635 -0.000032719 1.000000000 0.000036340 -0.001077851 0.000025564 -0.000036339 1.000000000 -0.001679206
1.000000000 -0.000026855 -0.000010992 0.000916847 0.000026855 1.000000000 -0.000008456 -0.000445807 0.000010992 0.000008456 1.000000000 -0.002549305
1.000000000 -0.000162083 -0.000116811 0.001784758 0.000162089 1.000000000 0.000057838 -0.001688423 0.000116801 -0.000057857 1.000000000 -0.004193086
1.000000000 -0.000154983 -0.000089283 -0.000150879 0.000154982 1.000000000 -0.000007638 0.000267003 0.000089284 0.000007624 1.000000000 -0.003196796
1.000000000 -0.000181602 -0.000049213 0.000947941 0.000181605 1.000000000 0.000068838 -0.000762165 0.000049201 -0.000068847 1.000000000 -0.001575169
1.000000000 -0.000194907 -0.000015012 0.000117250 0.000194908 1.000000000 0.000042099 -0.000675152 0.000015003 -0.000042102 1.000000000 -0.003861060
1.000000000 -0.000084526 -0.000046338 0.000091602 0.000084528 1.000000000 0.000038258 0.000413742 0.000046335 -0.000038262 1.000000000 -0.003941425
1.000000000 -0.000053890 -0.000025858 0.000316443 0.000053889 1.000000000 -0.000011147 0.000511175 0.000025859 0.000011146 1.000000000 -0.000440726
1.000000000 -0.000073701 -0.000063876 -0.000302397 0.000073700 1.000000000 -0.000011035 0.001321745 0.000063877 0.000011030 1.000000000 -0.001638305
1.000000000 -0.000153817 -0.000130833 0.001000826 0.000153824 1.000000000 0.000054224 -0.000473151 0.000130824 -0.000054244 1.000000000 -0.003048735
1.000000000 -0.000195713 -0.000104554 0.000033445 0.000195713 1.000000000 0.000003641 0.000380948 0.000104553 -0.000003661 1.000000000 -0.000466118
1.000000000 -0.000208469 -0.000062489 -0.000749738 0.000208471 1.000000000 0.000038448 0.000950954 0.000062481 -0.000038461 1.000000000 -0.000769788
1.000000000 -0.000173892 -0.000061786 0.000481718 0.000173894 1.000000000 0.000022718 -0.000095241 0.000061782 -0.000022729 1.000000000 -0.003639630
1.000000000 -0.000141719 -0.000086144 0.001442863 0.000141728 1.000000000 0.000108175 -0.000682409 0.000086129 -0.000108187 1.000000000 -0.004380552
1.000000000 -0.000112845 -0.000050638 0.002181188 0.000112851 1.000000000 0.000116884 -0.001464558 0.000050625 -0.000116889 1.000000000 -0.007415127
1.000000000 -0.000081855 -0.000073439 0.000963899 0.000081856 1.000000000 0.000016986 0.000708630 0.000073437 -0.000016992 1.000000000 -0.002676195
1.000000000 -0.000086743 -0.000097500 0.001069812 0.000086750 1.000000000 0.000075264 -0.000275747 0.000097494 -0.000075272 1.000000000 -0.004444401
0.999999940 -0.000263375 -0.000141194 0.000938916 0.000263385 0.999999940 0.000072785 -0.000640799 0.000141175 -0.000072822 1.000000000 -0.003867154
0.999999940 -0.000264656 -0.000123187 0.000922549 0.000264661 0.999999940 0.000041547 0.000644760 0.000123176 -0.000041580 1.000000000 -0.000452854
0.999999940 -0.000246899 -0.000093680 0.000038574 0.000246903 0.999999940 0.000042324 -0.000679674 0.000093669 -0.000042347 1.000000000 -0.003120150
1.000000000 -0.000145683 -0.000102628 0.002531430 0.000145688 1.000000000 0.000053856 0.000242197 0.000102620 -0.000053871 1.000000000 -0.001246832
1.000000000 -0.000132430 -0.000109285 0.002410177 0.000132439 1.000000000 0.000081194 -0.001021174 0.000109274 -0.000081209 1.000000000 -0.002370782
0.999999940 -0.000240465 -0.000148039 0.001428943 0.000240479 0.999999940 0.000096162 -0.000597673 0.000148016 -0.000096198 1.000000000 -0.004232455
0.999999940 -0.000233200 -0.000185551 0.002596490 0.000233214 0.999999940 0.000075513 -0.000574738 0.000185533 -0.000075557 1.000000000 -0.003936558
0.999999940 -0.000275156 -0.000135462 0.001723973 0.000275165 0.999999940 0.000065346 0.000299312 0.000135444 -0.000065383 1.000000000 -0.003215479
0.999999940 -0.000301283 -0.000176768 0.002896339 0.000301294 0.999999940 0.000064511 -0.000292902 0.000176748 -0.000064564 1.000000000 -0.004445134
0.999999940 -0.000374883 -0.000139521 0.001086888 0.000374892 0.999999940 0.000062906 -0.000623118 0.000139498 -0.000062959 1.000000000 -0.004786139
0.999999940 -0.000197005 -0.000151021 0.001720081 0.000197016 1.000000000 0.000073108 0.000003521 0.000151007 -0.000073138 1.000000000 -0.002079063
0.999999940 -0.000214632 -0.000129514 0.002658198 0.000214647 1.000000000 0.000111706 -0.001066968 0.000129490 -0.000111734 1.000000000 -0.004008741
0.999999940 -0.000259110 -0.000156490 0.000581063 0.000259122 0.999999940 0.000078366 0.000628960 0.000156470 -0.000078407 1.000000000 -0.001097227
0.999999940 -0.000281082 -0.000157798 0.000577942 0.000281097 0.999999940 0.000099409 0.000202538 0.000157771 -0.000099453 1.000000000 -0.003641722
0.999999940 -0.000194910 -0.000154001 0.001399125 0.000194912 1.000000000 0.000014825 0.000358778 0.000153998 -0.000014855 1.000000000 -0.001862532
0.999999940 -0.000299953 -0.000164572 0.002049568 0.000299959 0.999999940 0.000038315 0.000053759 0.000164561 -0.000038365 1.000000000 -0.001852970
0.999999940 -0.000283018 -0.000102048 0.000818141 0.000283026 0.999999940 0.000076563 -0.000793390 0.000102026 -0.000076592 1.000000000 -0.005542222
0.999999940 -0.000304560 -0.000193478 0.002942861 0.000304567 0.999999940 0.000033299 0.000217535 0.000193468 -0.000033357 1.000000000 -0.003281224
1.000000000 -0.000196462 -0.000139788 0.002904874 0.000196478 1.000000000 0.000111136 -0.000524943 0.000139767 -0.000111163 1.000000000 -0.006996636
0.999999940 -0.000321322 -0.000139188 0.000534868 0.000321328 0.999999940 0.000047906 0.000109487 0.000139173 -0.000047951 1.000000000 -0.004307608
0.999999940 -0.000280970 -0.000163091 0.001247059 0.000280989 0.999999940 0.000118111 -0.000219034 0.000163058 -0.000118157 1.000000000 -0.003317058
0.999999940 -0.000273331 -0.000167989 0.002557584 0.000273336 0.999999940 0.000028271 -0.000830972 0.000167981 -0.000028317 1.000000000 0.000840013
0.999999940 -0.000252235 -0.000096130 0.001328334 0.000252183 0.999999821 -0.000538961 -0.000591441 0.000096266 0.000538936 0.999999821 0.049155351
1.000000000 -0.000088405 -0.000145185 0.001816495 0.000088244 0.999999404 -0.001108451 -0.003169505 0.000145283 0.001108438 0.999999404 0.140714481
1.000000000 -0.000185908 -0.000144771 0.005093717 0.000185704 0.999998987 -0.001408875 -0.007506080 0.000145033 0.001408848 0.999998987 0.254459590
1.000000000 -0.000198068 -0.000080719 0.005860371 0.000197955 0.999998987 -0.001403539 -0.012022655 0.000080997 0.001403522 0.999998987 0.389010161
1.000000000 0.000027733 -0.000240478 0.008876308 -0.000027944 0.999999642 -0.000877225 -0.022354793 0.000240454 0.000877231 0.999999523 0.519900978
1.000000000 -0.000064460 -0.000150257 0.011329629 0.000064346 0.999999762 -0.000758129 -0.026032018 0.000150306 0.000758119 0.999999702 0.677465022
1.000000000 -0.000096485 -0.000112488 0.016287398 0.000096405 0.999999762 -0.000707608 -0.028480601 0.000112557 0.000707597 0.999999762 0.835339904
0.999999940 0.000044459 -0.000115502 0.018103871 -0.000044531 0.999999762 -0.000627409 -0.032023784 0.000115475 0.000627414 0.999999821 1.008448362
1.000000000 0.000255895 -0.000117045 0.022417240 -0.000255945 0.999999881 -0.000425056 -0.039357055 0.000116936 0.000425086 0.999999940 1.182573915
0.999999940 0.000122886 -0.000108155 0.025899082 -0.000122900 0.999999940 -0.000127288 -0.045151561 0.000108139 0.000127301 1.000000000 1.372937918
0.999999821 -0.000136091 -0.000420722 0.029610436 0.000136046 1.000000000 -0.000106427 -0.054249488 0.000420737 0.000106370 1.000000000 1.557190537
1.000000000 -0.000131055 -0.000083998 0.029629979 0.000131043 1.000000000 -0.000140674 -0.054786127 0.000084016 0.000140663 1.000000000 1.765211821
1.000000000 0.000198969 -0.000012412 0.036916431 -0.000198966 1.000000000 0.000222535 -0.061697617 0.000012456 -0.000222533 1.000000000 1.969782114
0.999999940 0.000295461 0.000204320 0.036246851 -0.000295498 1.000000000 0.000181649 -0.069465518 -0.000204266 -0.000181709 1.000000000 2.171467066
0.999999940 0.000051907 0.000068101 0.044609826 -0.000051939 0.999999881 0.000468783 -0.076940089 -0.000068077 -0.000468786 0.999999940 2.388225079
1.000000000 0.000175377 0.000103601 0.048051704 -0.000175426 0.999999881 0.000472353 -0.083512254 -0.000103518 -0.000472371 0.999999881 2.624479771
0.999999940 0.000312877 0.000190482 0.048578188 -0.000312978 0.999999762 0.000528157 -0.090902135 -0.000190316 -0.000528217 0.999999762 2.844849348
0.999999881 0.000419625 0.000158754 0.055008713 -0.000419724 0.999999702 0.000629154 -0.093193017 -0.000158490 -0.000629220 0.999999762 3.081980944
0.999999940 0.000309400 0.000222415 0.061457045 -0.000309545 0.999999762 0.000654563 -0.104227468 -0.000222213 -0.000654632 0.999999762 3.313950062
0.999999881 -0.000038900 0.000267584 0.065487176 0.000038673 0.999999583 0.000848119 -0.116313688 -0.000267617 -0.000848108 0.999999583 3.540137768
0.999999940 -0.000005621 0.000015938 0.074744113 0.000005605 0.999999404 0.001048559 -0.124792159 -0.000015944 -0.001048559 0.999999404 3.788109303
0.999999881 -0.000101492 0.000232157 0.075170666 0.000101260 0.999999464 0.001002091 -0.129013747 -0.000232258 -0.001002068 0.999999464 4.053083897
0.999999642 0.000438363 0.000691451 0.070364788 -0.000439177 0.999999225 0.001178382 -0.136430442 -0.000690934 -0.001178685 0.999998987 4.306872368
0.999999583 0.000408392 0.000664379 0.076689959 -0.000409265 0.999998987 0.001315186 -0.146213830 -0.000663842 -0.001315457 0.999998927 4.563144684
0.999999523 0.000401673 0.000802247 0.083450474 -0.000402821 0.999998868 0.001431640 -0.151704475 -0.000801671 -0.001431962 0.999998689 4.816048622
0.999999762 -0.000044309 0.000707695 0.089556925 0.000043147 0.999998748 0.001642005 -0.162300989 -0.000707767 -0.001641974 0.999998391 5.076281071
0.999999762 0.000102834 0.000630375 0.092850260 -0.000103716 0.999998987 0.001399113 -0.168091685 -0.000630230 -0.001399178 0.999998808 5.350721359
0.999999881 0.000071634 0.000541823 0.100332238 -0.000072420 0.999998927 0.001449370 -0.176754534 -0.000541719 -0.001449409 0.999998808 5.620769501
0.999999821 0.000368615 0.000674503 0.102583259 -0.000369634 0.999998748 0.001511450 -0.182928339 -0.000673945 -0.001511699 0.999998629 5.898702621
0.999999762 -0.000029581 0.000715119 0.107993178 0.000028454 0.999998689 0.001575148 -0.199586019 -0.000715165 -0.001575128 0.999998510 6.171859741
0.999999523 0.000375214 0.000869680 0.113241524 -0.000376675 0.999998450 0.001679630 -0.204836577 -0.000869048 -0.001679957 0.999998212 6.449522018
0.999999285 0.000441048 0.001136305 0.109132804 -0.000442992 0.999998391 0.001711754 -0.222435355 -0.001135548 -0.001712256 0.999997914 6.718810081
0.999999225 0.000428638 0.001183853 0.117081545 -0.000430908 0.999997973 0.001918357 -0.231909797 -0.001183029 -0.001918865 0.999997497 7.018700123
0.999999464 0.000155128 0.000961454 0.130527109 -0.000156861 0.999998331 0.001802362 -0.243965387 -0.000961173 -0.001802511 0.999997973 7.302580357
0.999999166 0.000515011 0.001171942 0.137135461 -0.000517021 0.999998391 0.001715587 -0.251580864 -0.001171057 -0.001716191 0.999997854 7.616391182
0.999999046 0.000554007 0.001287014 0.138361946 -0.000556490 0.999997914 0.001929593 -0.263630301 -0.001285943 -0.001930308 0.999997258 7.930859566
0.999999583 0.000280277 0.000956715 0.147186071 -0.000282068 0.999998212 0.001872549 -0.268766940 -0.000956188 -0.001872818 0.999997735 8.241722107
0.999999106 0.000707871 0.001156488 0.152940437 -0.000710412 0.999997318 0.002198266 -0.278042495 -0.001154929 -0.002199086 0.999996901 8.569701195
0.999998629 0.000868795 0.001401938 0.153070137 -0.000872320 0.999996483 0.002515667 -0.297850072 -0.001399748 -0.002516887 0.999995768 8.898688316
0.999998808 0.000636684 0.001343361 0.159691051 -0.000640083 0.999996543 0.002531477 -0.305335462 -0.001341745 -0.002532334 0.999995887 9.238338470
0.999998093 0.001204413 0.001482420 0.162626669 -0.001207898 0.999996424 0.002352678 -0.317415118 -0.001479582 -0.002354464 0.999996126 9.571943283
0.999997556 0.001486239 0.001614495 0.167045265 -0.001490138 0.999995887 0.002416174 -0.323696971 -0.001610898 -0.002418575 0.999995768 9.917008400
0.999998689 0.000764018 0.001369747 0.180366814 -0.000767130 0.999997079 0.002273132 -0.332427382 -0.001368006 -0.002274180 0.999996424 10.283556938
0.999997914 0.001056587 0.001716326 0.189939201 -0.001060685 0.999996603 0.002388546 -0.343513310 -0.001713796 -0.002390362 0.999995649 10.653442383
0.999998391 0.000755465 0.001629865 0.193315715 -0.000760231 0.999995351 0.002925806 -0.359755933 -0.001627647 -0.002927041 0.999994397 10.994854927
0.999997795 0.001097839 0.001774843 0.202950239 -0.001103231 0.999994755 0.003039353 -0.371230841 -0.001771497 -0.003041304 0.999993801 11.369075775
0.999997616 0.001275833 0.001754401 0.208607629 -0.001281235 0.999994338 0.003081581 -0.378893286 -0.001750460 -0.003083821 0.999993742 11.762557030
0.999998569 0.000606595 0.001584220 0.219988957 -0.000611781 0.999994397 0.003274900 -0.391566992 -0.001582224 -0.003275864 0.999993384 12.132683754
0.999998271 0.000681520 0.001718030 0.236987516 -0.000687534 0.999993622 0.003502642 -0.409916908 -0.001715632 -0.003503817 0.999992371 12.517999649
0.999997497 0.000771052 0.002059434 0.241591170 -0.000778650 0.999992907 0.003690851 -0.420369774 -0.002056574 -0.003692446 0.999991059 12.921346664
0.999998271 0.000814277 0.001602298 0.256667197 -0.000820246 0.999992728 0.003728215 -0.435877025 -0.001599250 -0.003729524 0.999991775 13.322113991
0.999998212 0.000586863 0.001790355 0.271441400 -0.000594070 0.999991715 0.004028103 -0.447356433 -0.001787976 -0.004029159 0.999990284 13.720030785
0.999998152 0.000252517 0.001892150 0.277725428 -0.000260092 0.999991953 0.004004167 -0.463123381 -0.001891124 -0.004004651 0.999990106 14.114008904
0.999998271 0.000242350 0.001844732 0.290741861 -0.000249551 0.999992371 0.003904570 -0.476319253 -0.001843772 -0.003905023 0.999990642 14.533006668
0.999997079 0.000440943 0.002353756 0.299807340 -0.000450539 0.999991536 0.004078024 -0.489357919 -0.002351938 -0.004079072 0.999988854 14.962039948
0.999997616 0.000001648 0.002192781 0.314639658 -0.000011714 0.999989450 0.004590150 -0.508738518 -0.002192750 -0.004590164 0.999987066 15.378019333
0.999997139 0.000009679 0.002415439 0.327138931 -0.000020590 0.999989808 0.004517266 -0.515687764 -0.002415371 -0.004517302 0.999986887 15.822889328
0.999994993 0.000729883 0.003078548 0.332867950 -0.000744935 0.999987721 0.004891017 -0.528626084 -0.003074941 -0.004893286 0.999983251 16.265737534
0.999995887 -0.000544217 0.002806653 0.348426908 0.000529508 0.999986053 0.005239157 -0.562563181 -0.002809466 -0.005237648 0.999982357 16.690622330
0.999996364 -0.000435254 0.002662633 0.363668114 0.000420803 0.999985158 0.005425547 -0.573861361 -0.002664955 -0.005424406 0.999981761 17.154565811
0.999994397 -0.000345949 0.003324101 0.371813893 0.000326830 0.999983430 0.005750548 -0.591270328 -0.003326035 -0.005749430 0.999977887 17.592973709
0.999993920 -0.000822931 0.003353071 0.386507571 0.000803167 0.999982297 0.005891318 -0.603318274 -0.003357859 -0.005888590 0.999977052 18.046808243
0.999992847 -0.000465769 0.003745120 0.394515693 0.000444255 0.999983430 0.005743243 -0.612190008 -0.003747733 -0.005741538 0.999976456 18.532524109
0.999993682 -0.001016249 0.003385861 0.413631856 0.000997393 0.999984026 0.005566113 -0.632034242 -0.003391462 -0.005562701 0.999978781 19.011634827
0.999993920 -0.000828353 0.003391982 0.427832782 0.000809474 0.999984145 0.005563406 -0.643343449 -0.003396536 -0.005560625 0.999978781 19.484594345
0.999992907 -0.000244468 0.003736443 0.433580577 0.000224057 0.999985039 0.005461972 -0.649184346 -0.003737722 -0.005461095 0.999978125 19.969635010
0.999993145 -0.000680880 0.003628974 0.452818334 0.000659727 0.999982893 0.005827028 -0.665105581 -0.003632879 -0.005824594 0.999976456 20.459039688
0.999995589 -0.001319985 0.002637119 0.459204346 0.001303825 0.999980330 0.006120450 -0.683943272 -0.002645146 -0.006116985 0.999977767 20.887487411
0.999997199 -0.001549461 0.001799391 0.468744665 0.001538273 0.999979496 0.006202970 -0.691403806 -0.001808966 -0.006200185 0.999979138 21.399610519
0.999997318 -0.001402912 0.001829485 0.468586624 0.001391537 0.999979675 0.006204125 -0.708839893 -0.001838152 -0.006201563 0.999979079 21.890783310
0.999997616 -0.001332730 0.001712952 0.475896329 0.001321930 0.999979317 0.006290484 -0.710894704 -0.001721300 -0.006288204 0.999978721 22.409147263
0.999997377 -0.002023935 0.001017586 0.496694028 0.002017505 0.999978244 0.006281080 -0.748865247 -0.001030276 -0.006279010 0.999979734 22.835355759
0.999997139 -0.002389596 0.000235219 0.507822871 0.002388096 0.999978125 0.006181242 -0.765925229 -0.000249985 -0.006180664 0.999980867 23.361141205
0.999995589 -0.002988696 -0.000293495 0.523351133 0.002990588 0.999973238 0.006672831 -0.785625398 0.000273544 -0.006673679 0.999977708 23.842803955
0.999999285 -0.001165652 -0.000224572 0.525558054 0.001167163 0.999975801 0.006849907 -0.802519321 0.000216582 -0.006850165 0.999976456 24.368732452
0.999998569 -0.001211829 -0.001204113 0.538920224 0.001220160 0.999975145 0.006941942 -0.811593592 0.001195670 -0.006943401 0.999975204 24.897579193
0.999998033 -0.000813165 -0.001852968 0.548151076 0.000826280 0.999974549 0.007087702 -0.821141064 0.001847157 -0.007089219 0.999973178 25.434230804
0.999998152 -0.000448186 -0.001878686 0.552979589 0.000461252 0.999975681 0.006960351 -0.844176888 0.001875521 -0.006961206 0.999974012 26.015672684
0.999994576 -0.001889023 -0.002687835 0.557851672 0.001909400 0.999969304 0.007598757 -0.860878944 0.002673398 -0.007603848 0.999967515 26.552181244
0.999991417 -0.002131175 -0.003524824 0.574158549 0.002159340 0.999965608 0.008006099 -0.883306801 0.003507640 -0.008013643 0.999961674 27.084756851
0.999994576 -0.000822216 -0.003176414 0.571493030 0.000846837 0.999969542 0.007757716 -0.889260888 0.003169939 -0.007760365 0.999964893 27.580951691
0.999994159 -0.000241137 -0.003414702 0.573182940 0.000267193 0.999970734 0.007632053 -0.899289787 0.003412763 -0.007632920 0.999965072 28.122404099
0.999991357 -0.000812209 -0.004083975 0.586929619 0.000845562 0.999966264 0.008171611 -0.924495697 0.004077200 -0.008174992 0.999958336 28.677301407
0.999990940 -0.000994800 -0.004126327 0.578272879 0.001029031 0.999965012 0.008302023 -0.936441660 0.004117923 -0.008306194 0.999957025 29.161426544
0.999990106 -0.001077696 -0.004328450 0.586731374 0.001112955 0.999966204 0.008151610 -0.944536209 0.004319518 -0.008156347 0.999957442 29.706979752
0.999987423 -0.001416503 -0.004838013 0.596759200 0.001456010 0.999965549 0.008172137 -0.951923430 0.004826271 -0.008179077 0.999954879 30.213201523
0.999986112 -0.001776161 -0.004962628 0.605456412 0.001816857 0.999964654 0.008208002 -0.961925089 0.004947874 -0.008216904 0.999953985 30.763183594
0.999984801 -0.001690225 -0.005245788 0.617255926 0.001733012 0.999965191 0.008162796 -0.979154348 0.005231808 -0.008171764 0.999952912 31.295768738
0.999985039 -0.001417148 -0.005287036 0.623292446 0.001461697 0.999963343 0.008431871 -1.004904509 0.005274894 -0.008439473 0.999950409 31.846626282
0.999986291 -0.001273348 -0.005085659 0.646785855 0.001316718 0.999962687 0.008533577 -1.011480331 0.005074604 -0.008540156 0.999950647 32.357154846
0.999983549 -0.001168296 -0.005620142 0.604185164 0.001217015 0.999961674 0.008673180 -1.036085844 0.005609794 -0.008679877 0.999946594 32.834476471
0.999983132 -0.001145767 -0.005693158 0.611049473 0.001192861 0.999965072 0.008275454 -1.043109655 0.005683478 -0.008282106 0.999949574 33.392433167
0.999982476 -0.000379718 -0.005906180 0.618105769 0.000429590 0.999964297 0.008445132 -1.055874467 0.005902761 -0.008447521 0.999946892 33.917396545
0.999981105 -0.000700001 -0.006107905 0.634856820 0.000752788 0.999962449 0.008644299 -1.074902415 0.006101624 -0.008648733 0.999944031 34.421096802
0.999982059 -0.000305337 -0.005994063 0.632127821 0.000358562 0.999960601 0.008880532 -1.075746059 0.005991115 -0.008882523 0.999942660 34.993209839
0.999984205 -0.000191830 -0.005621971 0.602092981 0.000242023 0.999960124 0.008928675 -1.113607645 0.005620033 -0.008929893 0.999944270 35.460250854
0.999984086 0.000606519 -0.005633918 0.609638035 -0.000556284 0.999960124 0.008913783 -1.124691963 0.005639101 -0.008910506 0.999944329 36.015674591
0.999982238 0.000584939 -0.005934253 0.622438848 -0.000530847 0.999958336 0.009112661 -1.138052702 0.005939336 -0.009109348 0.999940813 36.564670563
0.999979973 0.000313555 -0.006327775 0.635965645 -0.000253417 0.999954820 0.009502238 -1.156332254 0.006330469 -0.009500442 0.999934793 37.109756470
0.999978304 0.000076829 -0.006593897 0.640014887 -0.000014986 0.999956012 0.009378290 -1.161863327 0.006594328 -0.009377985 0.999934256 37.666210175
0.999981165 0.001045574 -0.006034053 0.619213879 -0.000991386 0.999959230 0.008976324 -1.160432100 0.006043192 -0.008970172 0.999941468 38.196235657
0.999975860 -0.000860704 -0.006890604 0.638603210 0.000930421 0.999948323 0.010121028 -1.231664181 0.006881537 -0.010127194 0.999925017 38.688938141
0.999975681 -0.000511691 -0.006947878 0.647648931 0.000583517 0.999946296 0.010339711 -1.246708393 0.006942214 -0.010343512 0.999922395 39.230274200
0.999974191 -0.000423402 -0.007169418 0.668044090 0.000500333 0.999942183 0.010732016 -1.264565706 0.007164460 -0.010735326 0.999916673 39.777481079
0.999971211 -0.001032328 -0.007512321 0.670325577 0.001111418 0.999943852 0.010531369 -1.273156047 0.007501028 -0.010539414 0.999916255 40.354598999
0.999976873 0.000040171 -0.006793940 0.659820139 0.000030162 0.999946356 0.010351940 -1.269996643 0.006793991 -0.010351903 0.999923289 40.863891602
0.999973953 -0.001128212 -0.007121441 0.660803258 0.001205444 0.999940395 0.010850096 -1.304725051 0.007108776 -0.010858396 0.999915779 41.402790070
0.999973178 -0.001452615 -0.007168918 0.670222878 0.001527296 0.999944508 0.010422857 -1.305094719 0.007153380 -0.010433526 0.999919951 41.954193115
0.999970376 -0.001465235 -0.007559858 0.679960728 0.001548488 0.999938011 0.011018362 -1.319911003 0.007543245 -0.011029740 0.999910712 42.497337341
0.999972284 -0.000993678 -0.007376616 0.680408120 0.001072643 0.999942005 0.010708543 -1.338222980 0.007365548 -0.010716159 0.999915481 43.018985748
0.999971271 -0.001414751 -0.007449534 0.685369849 0.001495480 0.999940097 0.010842381 -1.349880457 0.007433749 -0.010853209 0.999913394 43.549072266
0.999971688 -0.000920898 -0.007470047 0.687701404 0.001000613 0.999942541 0.010674492 -1.357086420 0.007459788 -0.010681666 0.999915123 44.083328247
0.999974191 -0.000271997 -0.007185429 0.693186522 0.000346030 0.999946892 0.010304092 -1.366748452 0.007182245 -0.010306314 0.999921143 44.636569977
0.999968529 -0.000756065 -0.007901739 0.718716502 0.000841726 0.999940932 0.010843185 -1.388175249 0.007893075 -0.010849496 0.999909997 45.132923126
0.999969900 -0.000581408 -0.007737739 0.732280970 0.000670110 0.999934077 0.011465917 -1.413864613 0.007730562 -0.011470758 0.999904394 45.632511139
0.999972641 -0.000653534 -0.007373219 0.721061349 0.000737614 0.999934614 0.011406564 -1.409294248 0.007365283 -0.011411689 0.999907732 46.229873657
0.999970913 -0.000720902 -0.007584151 0.706278682 0.000804038 0.999939561 0.010964516 -1.421330094 0.007575788 -0.010970295 0.999911129 46.762313843
0.999972224 -0.000444411 -0.007434841 0.710526705 0.000523127 0.999943793 0.010588862 -1.425852776 0.007429717 -0.010592459 0.999916315 47.315715790
0.999973595 -0.000569197 -0.007247892 0.712479413 0.000649890 0.999937773 0.011135936 -1.442236423 0.007241102 -0.011140354 0.999911726 47.809188843
0.999970794 -0.000827360 -0.007598494 0.724570513 0.000907437 0.999944091 0.010541064 -1.438243628 0.007589347 -0.010547649 0.999915600 48.426010132
0.999971271 -0.000776844 -0.007542754 0.726963460 0.000859998 0.999938846 0.011027301 -1.464811087 0.007533725 -0.011033472 0.999910712 48.886241913
0.999971271 -0.000488530 -0.007571361 0.734937787 0.000571373 0.999939978 0.010943391 -1.470354319 0.007565561 -0.010947403 0.999911487 49.430534363
0.999971032 -0.000779794 -0.007569422 0.731614232 0.000864188 0.999937415 0.011152410 -1.488320827 0.007560252 -0.011158631 0.999909103 49.946487427
0.999974251 -0.000467732 -0.007162919 0.741569042 0.000547403 0.999937952 0.011124854 -1.490829945 0.007157270 -0.011128488 0.999912500 50.530147552
0.999970138 -0.000683720 -0.007688904 0.745439529 0.000773226 0.999931872 0.011643953 -1.511900663 0.007680419 -0.011649550 0.999902666 51.001850128
0.999971807 -0.000444399 -0.007486017 0.747253060 0.000529761 0.999934793 0.011404692 -1.519187450 0.007480462 -0.011408334 0.999906957 51.530490875
0.999972522 -0.000285757 -0.007423897 0.753367305 0.000371597 0.999933183 0.011563987 -1.528984427 0.007420097 -0.011566427 0.999905586 52.063755035
0.999971092 -0.000373180 -0.007602168 0.765460134 0.000460428 0.999934018 0.011478249 -1.540268183 0.007597383 -0.011481415 0.999905229 52.606636047
0.999971747 -0.000133906 -0.007512054 0.772388935 0.000222474 0.999930501 0.011790534 -1.554702759 0.007509953 -0.011791873 0.999902308 53.152038574
0.999972582 -0.000436454 -0.007393916 0.764162302 0.000522520 0.999932110 0.011642203 -1.559839487 0.007388333 -0.011645747 0.999904871 53.659870148
0.999972343 -0.000302318 -0.007428723 0.785431385 0.000386870 0.999935091 0.011382980 -1.546950459 0.007424800 -0.011385540 0.999907613 54.282390594
0.999972403 -0.000270249 -0.007421776 0.779146850 0.000356161 0.999932885 0.011576743 -1.577012300 0.007418150 -0.011579068 0.999905407 54.730300903
0.999973834 -0.000310250 -0.007230138 0.786297798 0.000394648 0.999931812 0.011674623 -1.582967520 0.007226023 -0.011677172 0.999905705 55.284893036
0.999974191 -0.000650658 -0.007154739 0.787279248 0.000734278 0.999931395 0.011691011 -1.597491264 0.007146642 -0.011695962 0.999906063 55.826763153
0.999970734 -0.000790942 -0.007612190 0.810511112 0.000880852 0.999929845 0.011815145 -1.607787848 0.007602310 -0.011821505 0.999901235 56.348934174
0.999974847 0.000207944 -0.007083965 0.802707314 -0.000126010 0.999933064 0.011564661 -1.613443136 0.007085897 -0.011563476 0.999907970 56.854640961
0.999963164 -0.001782482 -0.008391437 0.817176819 0.001876119 0.999935985 0.011164084 -1.593196869 0.008370999 -0.011179417 0.999902487 57.551616669
0.999973893 -0.000388391 -0.007215672 0.817127824 0.000473018 0.999931097 0.011730245 -1.637413025 0.007210618 -0.011733352 0.999905169 57.891689301
0.999973059 -0.000742353 -0.007306499 0.827343404 0.000827775 0.999931216 0.011695188 -1.648247004 0.007297314 -0.011700921 0.999904931 58.435581207
0.999973118 -0.000755862 -0.007298076 0.835628271 0.000840649 0.999932110 0.011621680 -1.658014536 0.007288796 -0.011627503 0.999905825 58.989936829
0.999970615 -0.000735963 -0.007630337 0.855736136 0.000825113 0.999931276 0.011686973 -1.661625385 0.007621211 -0.011692928 0.999902606 59.509822845
0.999977469 -0.000155760 -0.006716105 0.846755862 0.000229879 0.999939144 0.011036606 -1.650425911 0.006713977 -0.011037900 0.999916553 60.163379669
0.999971032 -0.000630636 -0.007580929 0.888022304 0.000721386 0.999927938 0.011974057 -1.684717655 0.007572831 -0.011979179 0.999899626 60.607086182
0.999972343 -0.000481667 -0.007426595 0.891534030 0.000565412 0.999936163 0.011278268 -1.686027050 0.007420689 -0.011282155 0.999908805 61.153976440
0.999970376 -0.000645747 -0.007666103 0.902366638 0.000730439 0.999938607 0.011049935 -1.703222752 0.007658497 -0.011055207 0.999909580 61.663635254
0.999966860 -0.000701975 -0.008111130 0.907099664 0.000787342 0.999944329 0.010526333 -1.687088013 0.008103289 -0.010532370 0.999911726 62.265281677
0.999961734 -0.000933965 -0.008697967 0.958655477 0.001031443 0.999936521 0.011209262 -1.724776983 0.008686947 -0.011217804 0.999899387 63.013202667
0.999969840 -0.000173418 -0.007768017 0.952994227 0.000264518 0.999931157 0.011728045 -1.747554064 0.007765448 -0.011729747 0.999901056 63.588058472
0.999969780 -0.000254036 -0.007777316 0.936423182 0.000336322 0.999943912 0.010580802 -1.722464800 0.007774192 -0.010583097 0.999913812 64.208213806
0.999958158 -0.000784584 -0.009112251 0.992095709 0.000881075 0.999943495 0.010590046 -1.735107422 0.009103427 -0.010597631 0.999902427 64.302017212
0.999973476 0.000120412 -0.007279051 0.902884841 -0.000033541 0.999928772 0.011933380 -1.823478818 0.007279968 -0.011932818 0.999902248 64.824501038
0.999975204 0.000111942 -0.007034605 0.904533982 -0.000029832 0.999931812 0.011671301 -1.828248978 0.007035431 -0.011670802 0.999907136 65.385932922
0.999976456 0.001172046 -0.006764651 0.912652254 -0.001094099 0.999933064 0.011514886 -1.835945606 0.006777696 -0.011507215 0.999910831 65.921844482
0.999978244 0.000957214 -0.006528818 0.920172870 -0.000878950 0.999927938 0.011979808 -1.858856440 0.006539813 -0.011973809 0.999906898 66.436096191
0.999974668 -0.000190998 -0.007117019 0.926710010 0.000273664 0.999932528 0.011616108 -1.869636297 0.007114321 -0.011617762 0.999907136 66.954139709
0.999970019 -0.000902199 -0.007683964 0.984902859 0.000981250 0.999946594 0.010290137 -1.784919500 0.007674269 -0.010297369 0.999917507 67.488624573
0.999976993 -0.000100385 -0.006777947 0.954560876 0.000184424 0.999923170 0.012399360 -1.880133390 0.006776181 -0.012400324 0.999900162 67.988113403
0.999976575 0.000695868 -0.006808433 0.922334075 -0.000611789 0.999923766 0.012343662 -1.925505161 0.006816503 -0.012339207 0.999900639 68.509101868
0.999976754 0.000476896 -0.006802129 0.930059433 -0.000394757 0.999927104 0.012071661 -1.933716178 0.006807390 -0.012068693 0.999904037 69.054367065
0.999978662 0.000454895 -0.006518991 0.924228191 -0.000375828 0.999926448 0.012124789 -1.936579108 0.006524026 -0.012122081 0.999905229 69.621925354
0.999977112 0.000698532 -0.006728093 0.932908654 -0.000616833 0.999926150 0.012137297 -1.954242945 0.006736076 -0.012132869 0.999903679 70.117210388
0.999976397 0.000588576 -0.006837441 0.936993837 -0.000506066 0.999927163 0.012062777 -1.947350621 0.006844044 -0.012059032 0.999903858 70.692749023
0.999975383 0.000552633 -0.006982021 0.950570703 -0.000471638 0.999932647 0.011596764 -1.965248346 0.006987958 -0.011593187 0.999908268 71.227706909
0.999977589 0.000478712 -0.006665800 0.949611962 -0.000396789 0.999924421 0.012285890 -1.994313240 0.006671177 -0.012282970 0.999902308 71.707878113
0.999975145 0.000427982 -0.007026694 0.970230341 -0.000342341 0.999925673 0.012184644 -1.992277622 0.007031385 -0.012181937 0.999901056 72.272781372
0.999977469 0.000720709 -0.006672593 0.962471247 -0.000638591 0.999924123 0.012300804 -2.001255512 0.006680952 -0.012296267 0.999902010 72.754898071
0.999978721 0.000544110 -0.006498981 0.964768112 -0.000464332 0.999924600 0.012270600 -2.009774923 0.006505168 -0.012267322 0.999903560 73.293823242
0.999980450 0.000983455 -0.006170298 0.954206467 -0.000910911 0.999930561 0.011748705 -2.009860754 0.006181424 -0.011742856 0.999911845 73.823005676
0.999977827 0.000591673 -0.006632279 0.995415926 -0.000509851 0.999923944 0.012331818 -2.034769058 0.006639070 -0.012328163 0.999901950 74.346817017
0.999977946 0.000889729 -0.006580370 0.981422544 -0.000812146 0.999930263 0.011783332 -2.024694920 0.006590396 -0.011777728 0.999908864 74.853973389
0.999979258 0.001245705 -0.006317958 1.007571816 -0.001170737 0.999929011 0.011855725 -2.044994831 0.006332279 -0.011848082 0.999909699 75.436340332
0.999977708 0.000425039 -0.006672387 1.020813823 -0.000344937 0.999927878 0.012001487 -2.063091040 0.006677006 -0.011998916 0.999905705 75.952247620
0.999977589 0.000561583 -0.006684982 1.016008377 -0.000479470 0.999924481 0.012278423 -2.071402788 0.006691373 -0.012274943 0.999902248 76.483726501
0.999982476 0.000817481 -0.005872563 1.001645803 -0.000747364 0.999928534 0.011931981 -2.066664696 0.005881896 -0.011927382 0.999911487 77.091705322
0.999978721 0.000322271 -0.006512246 1.035970330 -0.000242445 0.999924898 0.012254872 -2.086560249 0.006515706 -0.012253035 0.999903679 77.531288147
0.999978960 0.000504745 -0.006459808 1.038113832 -0.000425704 0.999925017 0.012231457 -2.099799395 0.006465497 -0.012228452 0.999904335 78.062278748
0.999980092 0.000804459 -0.006254482 1.052523136 -0.000730734 0.999930322 0.011780886 -2.104828358 0.006263524 -0.011776081 0.999911070 78.595863342
0.999981999 0.000340816 -0.005992662 1.053265214 -0.000267884 0.999925971 0.012166861 -2.111684799 0.005996365 -0.012165039 0.999908030 79.146560669
0.999988735 0.000474556 -0.004715020 1.060758591 -0.000418831 0.999930143 0.011812693 -2.116945982 0.004720296 -0.011810586 0.999919116 79.671531677
0.999992013 0.000375581 -0.003984257 1.082424641 -0.000329089 0.999931931 0.011663052 -2.127862453 0.003988366 -0.011661649 0.999924004 80.201408386
0.999997437 -0.000175323 -0.002249080 1.093187809 0.000201180 0.999933839 0.011501892 -2.131982565 0.002246914 -0.011502314 0.999931335 80.767036438
0.999998569 0.000751457 0.001507676 1.102928877 -0.000769126 0.999930620 0.011753094 -2.155227423 -0.001498740 -0.011754238 0.999929726 81.307228088
0.999984920 0.000855166 0.005430551 1.126354694 -0.000919589 0.999929130 0.011871654 -2.165887833 -0.005420014 -0.011876469 0.999914765 81.838874817
0.999967754 -0.000467373 0.008028246 1.130073428 0.000375367 0.999934375 0.011457934 -2.161759377 -0.008033075 -0.011454550 0.999902070 82.409065247
0.999911904 0.000913996 0.013238149 1.169393539 -0.001065106 0.999934316 0.011412188 -2.184307814 -0.013226848 -0.011425286 0.999847174 82.944847107
0.999821007 0.000138457 0.018918183 1.177044630 -0.000350355 0.999937356 0.011197951 -2.177277803 -0.018915446 -0.011202575 0.999758244 83.491806030
0.999700308 -0.000206671 0.024481043 1.206104755 -0.000063315 0.999939144 0.011027070 -2.184810638 -0.024481833 -0.011025314 0.999639392 84.047126770
0.999551415 -0.000169866 0.029945975 1.250424743 -0.000161714 0.999938726 0.011069806 -2.185153008 -0.029946018 -0.011069684 0.999490201 84.590324402
0.999283314 -0.000029734 0.037851796 1.280647874 -0.000395814 0.999936819 0.011234932 -2.194839478 -0.037849739 -0.011241863 0.999220192 85.171936035
0.998953462 -0.000997899 0.045724902 1.342939138 0.000496966 0.999939680 0.010965432 -2.208839178 -0.045733094 -0.010931233 0.998893857 85.734008789
0.998637795 -0.001955215 0.052141979 1.391501904 0.001397204 0.999941409 0.010736059 -2.214173079 -0.052159913 -0.010648580 0.998581946 86.267112732
0.998114645 -0.001244131 0.061364561 1.454643726 0.000586019 0.999942124 0.010741456 -2.230220795 -0.061374381 -0.010685246 0.998057604 86.820716858
0.997422934 -0.001220648 0.071735300 1.489493370 0.000443419 0.999941051 0.010849603 -2.237144470 -0.071744323 -0.010789837 0.997364640 87.393447876
0.996779621 -0.000664969 0.080186971 1.586073875 -0.000223379 0.999938726 0.011068984 -2.244868040 -0.080189414 -0.011051250 0.996718407 88.001564026
0.996082962 -0.001592760 0.088409461 1.610621929 0.000657023 0.999943435 0.010612217 -2.243936539 -0.088421367 -0.010512561 0.996027708 88.604515076
0.995082796 -0.001198815 0.099039800 1.683259964 0.000151856 0.999943972 0.010577947 -2.252262831 -0.099046946 -0.010510894 0.995027304 89.147338867
0.994027078 -0.002320135 0.109108903 1.845533371 0.001129180 0.999939144 0.010975805 -2.273666143 -0.109127715 -0.010787045 0.993969202 89.760536194
0.992954910 -0.002462454 0.118467100 1.938452721 0.001243044 0.999945521 0.010366024 -2.302995205 -0.118486181 -0.010145735 0.992903888 90.307380676
0.991533935 -0.001775405 0.129835188 2.039970398 0.000415556 0.999944925 0.010500005 -2.328776598 -0.129846632 -0.010357158 0.991479933 90.907409668
0.989916980 -0.002388733 0.141628549 2.126950264 0.000954833 0.999947608 0.010191460 -2.308967829 -0.141645446 -0.009953467 0.989867389 91.512619019
0.988347828 -0.003527107 0.152171433 2.233736038 0.001994637 0.999945819 0.010222157 -2.319491148 -0.152199209 -0.009799520 0.988301337 92.046691895
0.986780643 -0.002917297 0.162035406 2.418527603 0.001208451 0.999942601 0.010643677 -2.342141628 -0.162057176 -0.010307161 0.986727476 92.575386047
0.984569788 -0.003792685 0.174951345 2.480266571 0.002014345 0.999944448 0.010341222 -2.340227604 -0.174980849 -0.009829241 0.984522760 93.110778809
0.982179523 -0.003625857 0.187909797 2.610885620 0.001654159 0.999942064 0.010648534 -2.370096207 -0.187937513 -0.010147943 0.982128561 93.620880127
0.980304778 -0.004584900 0.197437361 2.783077240 0.002581008 0.999942541 0.010405640 -2.358079910 -0.197473720 -0.009691111 0.980260253 94.173332214
0.977639079 -0.005009496 0.210230052 2.929725647 0.002809833 0.999938250 0.010760514 -2.372905970 -0.210270956 -0.009929189 0.977592647 94.703315735
0.974543273 -0.003861421 0.224166244 3.071775436 0.001484903 0.999940932 0.010769201 -2.386797667 -0.224194571 -0.010162183 0.974491417 95.291137695
0.971932709 -0.005445416 0.235195845 3.214853287 0.002943097 0.999935269 0.010989017 -2.391884327 -0.235240430 -0.009988381 0.971885860 95.759506226
0.968907952 -0.004960209 0.247371718 3.398075104 0.002466511 0.999942899 0.010389643 -2.383706093 -0.247409180 -0.009456461 0.968864918 96.335365295
0.965274274 -0.004841940 0.261193782 3.564189911 0.002114892 0.999940276 0.010720775 -2.394616842 -0.261230081 -0.009796091 0.965226829 96.857223511
0.961811006 -0.005592504 0.273657143 3.745309830 0.002850407 0.999941647 0.010416772 -2.404533863 -0.273699433 -0.009238932 0.961771011 97.471862793
0.958509207 -0.005535949 0.285007685 3.930080414 0.002478461 0.999935448 0.011087292 -2.419384718 -0.285050660 -0.009920891 0.958461225 97.999412537
0.954259217 -0.005482896 0.298930109 4.119161606 0.002214584 0.999934018 0.011271019 -2.429099560 -0.298972219 -0.010093467 0.954208493 98.519905090
0.949901760 -0.006430639 0.312482536 4.328746796 0.003407275 0.999941945 0.010220378 -2.422765970 -0.312530100 -0.008643642 0.949868441 99.067245483
0.946056306 -0.006764721 0.323931456 4.520183563 0.003438670 0.999935329 0.010839042 -2.439744711 -0.323983878 -0.009140451 0.946018457 99.566017151
0.941609919 -0.006894491 0.336634964 4.724973679 0.003504791 0.999936879 0.010675985 -2.451174259 -0.336687237 -0.008872780 0.941574693 100.071861267
0.936507046 -0.007496140 0.350568593 4.936716080 0.003927884 0.999933004 0.010888445 -2.458119392 -0.350626707 -0.008820111 0.936473787 100.573097229
0.931834221 -0.007653976 0.362803429 5.167102814 0.004045748 0.999934435 0.010704165 -2.462122917 -0.362861693 -0.008506694 0.931804121 101.101196289
0.927617729 -0.007935296 0.373446584 5.382781982 0.004105486 0.999930441 0.011049569 -2.475471020 -0.373508334 -0.008716597 0.927585900 101.600509644
0.921817899 -0.007455712 0.387551397 5.600303650 0.003404123 0.999932170 0.011139748 -2.480506897 -0.387608171 -0.008949547 0.921780765 102.102508545
0.916246653 -0.007934851 0.400536001 5.849708557 0.003920194 0.999933541 0.010841614 -2.484274864 -0.400595456 -0.008363414 0.916216791 102.607437134
0.911218405 -0.008752732 0.411830544 6.104469299 0.004595398 0.999927938 0.011083908 -2.498123646 -0.411897868 -0.008207336 0.911193073 103.105682373
0.904874623 -0.008566743 0.425592005 6.363159180 0.004178037 0.999928057 0.011244399 -2.506009102 -0.425657719 -0.008396632 0.904845297 103.604354858
0.898084700 -0.008991264 0.439730614 6.636131287 0.004555574 0.999927521 0.011141646 -2.513137817 -0.439798862 -0.008002916 0.898060620 104.101142883
0.892017543 -0.009229657 0.451906323 6.906532288 0.004826621 0.999929070 0.010895110 -2.520957947 -0.451974779 -0.007537450 0.891998887 104.579612732
0.886595488 -0.010224479 0.462432593 7.191509247 0.005644367 0.999920368 0.011286827 -2.528891087 -0.462511212 -0.007396711 0.886582613 105.070716858
0.879333556 -0.010135419 0.476098478 7.464797974 0.005358225 0.999920726 0.011390391 -2.539939404 -0.476176202 -0.007464910 0.879318178 105.517433167
0.872384787 -0.012128501 0.488669246 7.775489807 0.007458665 0.999906063 0.011501717 -2.542373180 -0.488762736 -0.006389104 0.872393310 106.053321838
