1.000000000 0.000000000 0.000000000 0.000000000 0.000000000 1.000000000 0.000000000 0.000000000 0.000000000 0.000000000 1.000000000 0.000000000
1.000000000 0.000108492 0.000015767 0.001199306 -0.000108493 1.000000000 0.000027756 -0.000952529 -0.000015764 -0.000027757 1.000000000 0.001110808
1.000000000 0.000081508 0.000035617 0.000894719 -0.000081509 1.000000000 0.000023913 -0.000912677 -0.000035615 -0.000023916 1.000000000 0.000413263
1.000000000 0.000038828 -0.000027851 0.000307752 -0.000038829 1.000000000 -0.000029006 -0.000431845 0.000027850 0.000029007 1.000000000 -0.002858416
1.000000000 -0.000072337 -0.000128837 0.001937255 0.000072349 1.000000000 0.000094473 -0.001077662 0.000128830 -0.000094483 1.000000000 -0.000076587
1.000000000 -0.000052984 -0.000041562 -0.000580078 0.000052986 1.000000000 0.000054423 0.000418504 0.000041559 -0.000054426 1.000000000 0.002426167
1.000000000 -0.000078292 -0.000008851 0.000276496 0.000078292 1.000000000 0.000025787 -0.000352865 0.000008849 -0.000025788 1.000000000 -0.001573200
1.000000000 -0.000050147 -0.000021361 0.000055908 0.000050147 1.000000000 0.000012812 -0.001003780 0.000021360 -0.000012814 1.000000000 -0.001809887
1.000000000 -0.000003450 -0.000046074 0.001585636 0.000003452 1.000000000 0.000049688 0.000872226 0.000046074 -0.000049688 1.000000000 -0.001770174
1.000000000 0.000074282 0.000055906 0.000258421 -0.000074285 1.000000000 0.000053905 0.000599644 -0.000055902 -0.000053910 1.000000000 0.002738170
1.000000000 0.000076452 0.000072533 -0.000644184 -0.000076455 1.000000000 0.000031984 0.000348090 -0.000072531 -0.000031989 1.000000000 -0.000667369
1.000000000 0.000010339 -0.000039378 0.000969072 -0.000010337 1.000000000 0.000052757 0.000824891 0.000039379 -0.000052757 1.000000000 0.001039494
1.000000000 -0.000105166 -0.000008717 -0.000660742 0.000105166 1.000000000 0.000027810 0.001126474 0.000008714 -0.000027811 1.000000000 -0.000098185
1.000000000 -0.000027979 -0.000009463 -0.000087577 0.000027980 1.000000000 0.000063170 0.001466030 0.000009461 -0.000063170 1.000000000 -0.000074958
1.000000000 -0.000053221 -0.000110367 0.001583758 0.000053222 1.000000000 0.000010266 0.000021297 0.000110367 -0.000010272 1.000000000 -0.004897992
1.000000000 0.000011225 -0.000069406 0.001426219 -0.000011220 1.000000000 0.000058277 -0.000338048 0.000069407 -0.000058277 1.000000000 -0.005645159
1.000000000 -0.000165562 -0.000122372 0.002704022 0.000165571 1.000000000 0.000075177 -0.001061205 0.000122359 -0.000075197 1.000000000 -0.005157773
1.000000000 -0.000051409 -0.000052321 0.001650959 0.000051409 1.000000000 0.000005473 0.001507787 0.000052321 -0.000005476 1.000000000 -0.004290947
1.000000000 0.000073371 -0.000055744 0.001398071 -0.000073364 1.000000000 0.000119283 0.000103446 0.000055753 -0.000119279 1.000000000 -0.003554142
1.000000000 -0.000130615 -0.000110887 0.001513981 0.000130623 1.000000000 0.000068760 -0.000277350 0.000110878 -0.000068774 1.000000000 -0.006791801
1.000000000 -0.000044421 -0.000066455 0.002128564 0.000044424 1.000000000 0.000040751 0.000812954 0.000066454 -0.000040754 1.000000000 -0.001832998
1.000000000 -0.000123761 -0.000137102 0.001513747 0.000123776 1.000000000 0.000109816 -0.001963932 0.000137089 -0.000109833 1.000000000 -0.005007547
1.000000000 -0.000082473 -0.000090531 0.001313273 0.000082480 1.000000000 0.000076771 -0.000880885 0.000090524 -0.000076778 1.000000000 -0.006429594
1.000000000 -0.000040560 -0.000105532 0.002201699 0.000040570 1.000000000 0.000093149 -0.001083249 0.000105528 -0.000093154 1.000000000 -0.006254321
1.000000000 -0.000183741 -0.000022351 0.001098102 0.000183742 1.000000000 0.000076857 -0.001241517 0.000022337 -0.000076861 1.000000000 -0.005343303
1.000000000 -0.000081929 -0.000073510 0.000836559 0.000081936 1.000000000 0.000091038 0.000043313 0.000073502 -0.000091044 1.000000000 -0.002826199
1.000000000 -0.000144817 -0.000069370 0.003374561 0.000144825 1.000000000 0.000119478 -0.000428183 0.000069353 -0.000119488 1.000000000 -0.002032433
1.000000000 -0.000163444 -0.000126202 0.002992835 0.000163462 1.000000000 0.000143630 -0.001217372 0.000126179 -0.000143650 1.000000000 -0.005522146
1.000000000 -0.000177202 -0.000109502 0.001172044 0.000177214 1.000000000 0.000108375 -0.001439023 0.000109483 -0.000108394 1.000000000 -0.001743614
1.000000000 0.000013594 -0.000105493 0.004013140 -0.000013575 1.000000000 0.000183106 -0.002085839 0.000105495 -0.000183105 1.000000000 -0.010674102
0.999999940 -0.000200934 -0.000180045 0.004305182 0.000200962 0.999999940 0.000155750 -0.000896778 0.000180014 -0.000155786 1.000000000 -0.004702112
1.000000000 -0.000158431 -0.000053257 0.000996108 0.000158438 1.000000000 0.000123994 -0.001013355 0.000053237 -0.000124002 1.000000000 -0.009859144
0.999999940 -0.000354014 -0.000109191 0.002559637 0.000354026 0.999999940 0.000110736 -0.000336564 0.000109152 -0.000110775 1.000000000 -0.005734121
1.000000000 -0.000076515 -0.000050849 0.001443258 0.000076519 1.000000000 0.000068706 0.000863723 0.000050843 -0.000068710 1.000000000 -0.002963698
1.000000000 -0.000035539 -0.000041600 0.000329774 0.000035543 1.000000000 0.000111343 -0.000458431 0.000041596 -0.000111345 1.000000000 -0.002611135
0.999999940 -0.000209869 -0.000161228 0.002056707 0.000209892 0.999999940 0.000139258 -0.000985180 0.000161198 -0.000139292 1.000000000 -0.004327806
1.000000000 -0.000160322 -0.000127239 0.002608809 0.000160340 1.000000000 0.000138736 -0.001864716 0.000127217 -0.000138756 1.000000000 -0.008254122
1.000000000 -0.000133506 -0.000135098 0.003825227 0.000133537 0.999999940 0.000227529 -0.001941735 0.000135067 -0.000227547 0.999999940 -0.008745271
1.000000000 -0.000216933 -0.000065991 0.000122547 0.000216944 0.999999940 0.000162144 -0.001538767 0.000065956 -0.000162159 1.000000000 -0.008363621
1.000000000 -0.000198827 -0.000127655 0.002146102 0.000198848 0.999999940 0.000160792 -0.001487511 0.000127623 -0.000160817 1.000000000 -0.006885743
1.000000000 -0.000126106 -0.000141849 0.003499932 0.000126126 1.000000000 0.000141773 -0.002022176 0.000141831 -0.000141791 1.000000000 -0.007046037
0.999999940 -0.000279423 -0.000106080 0.002607786 0.000279373 0.999999821 -0.000475613 -0.004181993 0.000106212 0.000475584 0.999999881 0.050890390
1.000000000 0.000110064 -0.000095769 0.005028252 -0.000110166 0.999999404 -0.001069096 -0.007403208 0.000095651 0.001069107 0.999999404 0.139157012
1.000000000 -0.000076565 -0.000076826 0.007102262 0.000076456 0.999998987 -0.001418243 -0.008249165 0.000076934 0.001418237 0.999998987 0.257211685
1.000000000 -0.000055790 -0.000074769 0.008356258 0.000055683 0.999998987 -0.001439187 -0.012776752 0.000074849 0.001439183 0.999998987 0.386349052
1.000000000 -0.000045577 -0.000051215 0.006499547 0.000045516 0.999999285 -0.001205143 -0.016540619 0.000051270 0.001205140 0.999999285 0.524308324
1.000000000 0.000146971 -0.000059445 0.013241297 -0.000147033 0.999999464 -0.001041986 -0.022073897 0.000059292 0.001041995 0.999999464 0.681215942
1.000000000 -0.000082089 0.000068665 0.016267059 0.000082145 0.999999642 -0.000814411 -0.029669143 -0.000068598 0.000814416 0.999999642 0.846338034
0.999999940 0.000264259 0.000270587 0.015185561 -0.000264073 0.999999702 -0.000689410 -0.026154160 -0.000270769 0.000689339 0.999999702 1.019447088
0.999999940 0.000317177 0.000106094 0.023745805 -0.000317126 0.999999821 -0.000481595 -0.039749004 -0.000106247 0.000481561 0.999999881 1.194921732
1.000000000 0.000034198 0.000137440 0.027804531 -0.000034194 1.000000000 -0.000024422 -0.046482474 -0.000137441 0.000024417 1.000000000 1.356262207
0.999999881 0.000414976 -0.000100152 0.032662649 -0.000415007 0.999999881 -0.000310839 -0.043854591 0.000100023 0.000310881 0.999999940 1.570993185
1.000000000 -0.000076276 0.000021458 0.036279228 0.000076272 1.000000000 0.000187281 -0.058944136 -0.000021472 -0.000187280 1.000000000 1.749836206
0.999999940 -0.000254690 -0.000060616 0.047856387 0.000254700 0.999999940 0.000172485 -0.059639286 0.000060572 -0.000172500 1.000000000 1.959391952
0.999999940 0.000125797 0.000378647 0.039490018 -0.000125829 1.000000000 0.000084410 -0.069998823 -0.000378636 -0.000084457 0.999999940 2.159466505
0.999998093 -0.001012432 0.001664414 0.014701068 0.001010492 0.999998808 0.001166265 -0.076500073 -0.001665593 -0.001164581 0.999997854 2.305705070
0.999996662 -0.001677998 0.001951665 0.021404753 0.001675854 0.999997973 0.001099381 -0.082254484 -0.001953506 -0.001096107 0.999997437 2.527280331
0.999996245 -0.002176653 0.001621780 0.032406032 0.002174414 0.999996662 0.001380423 -0.089871213 -0.001624779 -0.001376891 0.999997735 2.757976532
0.999997318 -0.001437246 0.001805745 0.029509656 0.001435316 0.999998391 0.001069594 -0.094896942 -0.001807279 -0.001067000 0.999997795 2.954089403
0.999997556 -0.001257777 0.001802711 0.034580559 0.001256227 0.999998868 0.000860992 -0.100863472 -0.001803792 -0.000858725 0.999998033 3.199066639
0.999997199 -0.001418919 0.001860237 0.043965563 0.001416835 0.999998331 0.001121048 -0.112037890 -0.001861824 -0.001118409 0.999997616 3.433798313
0.999997139 -0.001274833 0.002005868 0.048629161 0.001272707 0.999998629 0.001060780 -0.116050728 -0.002007217 -0.001058224 0.999997437 3.708862543
0.999997199 -0.001048124 0.002173379 0.044242188 0.001044968 0.999998510 0.001452492 -0.125956237 -0.002174898 -0.001450217 0.999996603 3.909015656
0.999996781 -0.000701033 0.002436701 0.047969393 0.000697280 0.999998569 0.001540792 -0.130368069 -0.002437777 -0.001539088 0.999995828 4.169692993
0.999996901 -0.000681509 0.002383740 0.052355807 0.000677050 0.999998033 0.001870984 -0.137835205 -0.002385010 -0.001869364 0.999995410 4.426187515
0.999996722 -0.001071323 0.002346032 0.058930200 0.001066547 0.999997377 0.002036306 -0.150253847 -0.002348207 -0.002033797 0.999995172 4.681867123
0.999996483 -0.001286104 0.002330914 0.065841377 0.001280505 0.999996305 0.002401955 -0.164192438 -0.002333995 -0.002398962 0.999994338 4.913483143
0.999996006 -0.001032689 0.002634708 0.068829663 0.001026733 0.999996901 0.002261103 -0.167500332 -0.002637035 -0.002258389 0.999993980 5.182130814
0.999996245 -0.001135746 0.002504627 0.077263884 0.001130173 0.999996841 0.002225609 -0.179972947 -0.002507147 -0.002222770 0.999994397 5.449778557
0.999997020 -0.000474609 0.002445058 0.083289906 0.000468877 0.999997139 0.002344566 -0.182335183 -0.002446163 -0.002343412 0.999994278 5.728872299
0.999995947 -0.001717568 0.002296485 0.092249371 0.001712380 0.999996006 0.002259336 -0.197267160 -0.002300357 -0.002255394 0.999994814 5.995287895
0.999995708 -0.000399846 0.002886733 0.090073481 0.000392119 0.999996364 0.002677005 -0.204419360 -0.002887793 -0.002675862 0.999992251 6.205275536
0.999995589 -0.000154467 0.002966772 0.095210798 0.000146664 0.999996543 0.002629865 -0.214461863 -0.002967167 -0.002629419 0.999992132 6.495688438
0.999995053 -0.000462528 0.003086647 0.098218858 0.000454288 0.999996364 0.002669657 -0.221186787 -0.003087870 -0.002668242 0.999991715 6.798855782
0.999995351 -0.000424039 0.003007432 0.110775568 0.000414935 0.999995410 0.003027037 -0.236471981 -0.003008702 -0.003025775 0.999990821 7.069703102
0.999994040 0.000174766 0.003438136 0.108086646 -0.000184765 0.999995887 0.002907979 -0.244338199 -0.003437614 -0.002908597 0.999989867 7.390404224
0.999994874 -0.000247374 0.003198221 0.127451628 0.000238056 0.999995768 0.002913609 -0.252712101 -0.003198928 -0.002912833 0.999990642 7.716988564
0.999996006 -0.001285755 0.002480936 0.129514337 0.001277634 0.999993742 0.003271979 -0.271547437 -0.002485127 -0.003268796 0.999991596 7.931698322
0.999996185 -0.001232419 0.002461186 0.144564718 0.001224550 0.999994099 0.003196321 -0.282106727 -0.002465111 -0.003193295 0.999991894 8.243872643
0.999995530 0.000139752 0.002980304 0.138189510 -0.000149294 0.999994874 0.003201784 -0.281473070 -0.002979841 -0.003202214 0.999990463 8.609033585
0.999995470 -0.000498423 0.002952047 0.145292908 0.000488588 0.999994397 0.003331188 -0.293602854 -0.002953691 -0.003329731 0.999990106 8.938560486
0.999995649 -0.000424458 0.002921751 0.153626591 0.000414868 0.999994457 0.003282210 -0.303944111 -0.002923128 -0.003280983 0.999990404 9.287246704
0.999995410 -0.000056890 0.003029422 0.157684907 0.000045845 0.999993324 0.003645863 -0.314192683 -0.003029609 -0.003645707 0.999988794 9.638868332
0.999995589 -0.001069139 0.002771101 0.158861265 0.001061316 0.999995470 0.002823089 -0.321618915 -0.002774107 -0.002820136 0.999992192 9.879476547
0.999995768 -0.001196766 0.002637750 0.167763442 0.001188444 0.999994338 0.003154305 -0.330769867 -0.002641510 -0.003151157 0.999991596 10.244171143
0.999995708 -0.001327476 0.002629302 0.181325689 0.001319421 0.999994516 0.003062759 -0.333982557 -0.002633353 -0.003059276 0.999991894 10.612390518
0.999995470 -0.001453088 0.002632249 0.191391841 0.001444201 0.999993265 0.003374801 -0.356646001 -0.002637135 -0.003370985 0.999990821 10.964627266
0.999994814 -0.001237799 0.002987784 0.189987242 0.001228339 0.999994218 0.003166122 -0.354135036 -0.002991686 -0.003162435 0.999990582 11.359047890
0.999995708 -0.001194438 0.002730663 0.204148442 0.001184980 0.999993265 0.003462731 -0.373388976 -0.002734782 -0.003459480 0.999990284 11.696819305
0.999995708 -0.001314924 0.002639014 0.204420015 0.001305762 0.999993145 0.003470486 -0.389259577 -0.002643559 -0.003467025 0.999990523 12.094962120
0.999993801 -0.001955422 0.002908695 0.208330721 0.001945408 0.999992132 0.003441524 -0.403185576 -0.002915401 -0.003435844 0.999989867 12.375607491
0.999994159 -0.002308459 0.002500388 0.225649834 0.002299903 0.999991477 0.003419016 -0.412154227 -0.002508259 -0.003413245 0.999991000 12.779629707
0.999993443 -0.002142060 0.002917753 0.232135281 0.002130378 0.999989688 0.004000887 -0.428673744 -0.002926294 -0.003994645 0.999987721 13.167708397
0.999993205 -0.001975734 0.003110172 0.243393868 0.001963327 0.999990165 0.003987024 -0.439652354 -0.003118018 -0.003980891 0.999987245 13.586612701
0.999991715 -0.002416963 0.003284886 0.254760861 0.002402889 0.999987960 0.004281505 -0.452386200 -0.003295195 -0.004273576 0.999985456 14.005297661
0.999989331 -0.003169694 0.003365396 0.269062400 0.003155306 0.999985874 0.004271956 -0.466038316 -0.003378890 -0.004261292 0.999985218 14.424997330
0.999986112 -0.004312843 0.003031029 0.278810740 0.004300236 0.999982119 0.004153382 -0.481269568 -0.003048888 -0.004140290 0.999986827 14.899385452
0.999989748 -0.002748587 0.003578135 0.292876691 0.002733871 0.999987781 0.004111147 -0.498020738 -0.003589391 -0.004101323 0.999985158 15.168018341
0.999990046 -0.002439147 0.003727449 0.301844597 0.002423203 0.999987960 0.004276020 -0.509216428 -0.003737833 -0.004266945 0.999983907 15.610067368
0.999988914 -0.003263155 0.003375361 0.317437172 0.003250255 0.999987423 0.003820293 -0.515795350 -0.003387785 -0.003809280 0.999987006 16.067152023
0.999989152 -0.002335968 0.004024130 0.320538670 0.002317709 0.999987066 0.004536060 -0.534508586 -0.004034674 -0.004526684 0.999981642 16.513841629
0.999988556 -0.002352140 0.004146492 0.331054509 0.002332751 0.999986351 0.004674551 -0.546393156 -0.004157430 -0.004664825 0.999980509 16.962844849
0.999984980 -0.002297294 0.004976732 0.328048706 0.002272377 0.999984860 0.005006522 -0.570448637 -0.004988158 -0.004995137 0.999975085 17.320381165
0.999982357 -0.002837067 0.005217018 0.343428701 0.002813632 0.999985933 0.004493808 -0.575391293 -0.005229693 -0.004479050 0.999976337 17.798559189
0.999982238 -0.003171018 0.005048864 0.358126968 0.003149339 0.999985874 0.004295900 -0.586585939 -0.005062415 -0.004279924 0.999978065 18.271114349
0.999983490 -0.003043886 0.004877558 0.375815213 0.003022479 0.999985814 0.004390362 -0.595773339 -0.004890854 -0.004375547 0.999978483 18.748474121
0.999984503 -0.001484970 0.005371359 0.375708044 0.001456665 0.999985039 0.005269826 -0.610751867 -0.005379105 -0.005261920 0.999971628 19.214418411
0.999984503 -0.001470022 0.005374509 0.391219497 0.001443875 0.999987125 0.004865758 -0.633009791 -0.005381593 -0.004857922 0.999973714 19.634431839
0.999986410 -0.002751702 0.004431438 0.407743365 0.002728668 0.999982834 0.005195352 -0.649128675 -0.004445658 -0.005183189 0.999976695 20.125097275
0.999989152 -0.001579002 0.004403835 0.414839387 0.001558871 0.999988377 0.004570817 -0.640483558 -0.004411001 -0.004563902 0.999979854 20.660575867
0.999991357 -0.002076508 0.003623623 0.418508619 0.002060008 0.999987483 0.004551349 -0.660959303 -0.003633030 -0.004543845 0.999983072 21.151962280
0.999990880 -0.002708117 0.003286355 0.430343330 0.002689150 0.999979794 0.005762317 -0.695801258 -0.003301893 -0.005753426 0.999978006 21.541561127
0.999993682 -0.002353122 0.002626522 0.434268683 0.002339686 0.999984264 0.005106610 -0.696388006 -0.002638496 -0.005100433 0.999983490 22.063070297
0.999990880 -0.003617285 0.002295675 0.455497146 0.003607020 0.999983609 0.004460038 -0.710836887 -0.002311771 -0.004451715 0.999987483 22.587039948
0.999989033 -0.004455276 0.001467251 0.456236601 0.004448186 0.999978542 0.004800846 -0.727829158 -0.001488608 -0.004794267 0.999987364 23.124370575
0.999994636 -0.002888711 0.001531059 0.456500143 0.002879444 0.999977708 0.006021192 -0.747697532 -0.001548418 -0.006016751 0.999980628 23.529987335
0.999994278 -0.003351687 0.000356643 0.475958049 0.003349504 0.999976695 0.005957415 -0.755242944 -0.000376602 -0.005956186 0.999982178 24.058473587
0.999997318 -0.002313266 0.000165358 0.476880163 0.002312278 0.999980807 0.005742385 -0.765381515 -0.000178638 -0.005741987 0.999983490 24.604053497
0.999996483 -0.002600115 -0.000341152 0.485508472 0.002602061 0.999979615 0.005833045 -0.778491437 0.000325978 -0.005833912 0.999982893 25.147975922
0.999993503 -0.003510509 -0.000781877 0.497267604 0.003515263 0.999974787 0.006163191 -0.790200889 0.000760221 -0.006165899 0.999980688 25.673381805
0.999990880 -0.003908808 -0.001728641 0.499176860 0.003920121 0.999970615 0.006590285 -0.820885062 0.001702830 -0.006597002 0.999976814 26.082178116
0.999995053 -0.002835778 -0.001351026 0.498119146 0.002844698 0.999973893 0.006647348 -0.837250233 0.001332140 -0.006651158 0.999977052 26.617164612
0.999995172 -0.002511845 -0.001825679 0.508583844 0.002522731 0.999978960 0.005985896 -0.841117859 0.001810605 -0.005990473 0.999980450 27.166017532
0.999990702 -0.003489275 -0.002549369 0.526759982 0.003505550 0.999973357 0.006407983 -0.859227777 0.002526941 -0.006416860 0.999976218 27.693124771
0.999988377 -0.003171409 -0.003618203 0.531750500 0.003194108 0.999975204 0.006285200 -0.865296721 0.003598180 -0.006296684 0.999973774 28.244829178
0.999990940 -0.003159474 -0.002889780 0.502069592 0.003180060 0.999969423 0.007147006 -0.897777677 0.002867111 -0.007156129 0.999970257 28.578584671
0.999990940 -0.003068535 -0.002943743 0.506828964 0.003089136 0.999970615 0.007019387 -0.902390957 0.002922118 -0.007028417 0.999971032 29.149768829
0.999983668 -0.004183751 -0.003908512 0.544760466 0.004210751 0.999967158 0.006925311 -0.921461761 0.003879410 -0.006941655 0.999968350 29.646087646
0.999985158 -0.003683818 -0.003995477 0.538536787 0.003712514 0.999967217 0.007198687 -0.939205527 0.003968827 -0.007213414 0.999966025 30.236343384
0.999977529 -0.004638075 -0.004845577 0.565019131 0.004670336 0.999966860 0.006667932 -0.956196189 0.004814490 -0.006690413 0.999966025 30.762964249
0.999983072 -0.003754799 -0.004445417 0.530326247 0.003786564 0.999967217 0.007159056 -0.967713773 0.004418390 -0.007175767 0.999964476 31.184810638
0.999983072 -0.003403640 -0.004718219 0.537595391 0.003438189 0.999967217 0.007333731 -0.980930865 0.004693103 -0.007349829 0.999961972 31.734300613
0.999984860 -0.002895562 -0.004675561 0.542068303 0.002927461 0.999972343 0.006830239 -0.985985339 0.004655655 -0.006843822 0.999965668 32.288295746
0.999985993 -0.001960451 -0.004909445 0.553758025 0.001991864 0.999977589 0.006401993 -0.990414381 0.004896783 -0.006411682 0.999967396 32.835060120
0.999975801 -0.003562799 -0.005978837 0.584635913 0.003603687 0.999970078 0.006842026 -1.007102728 0.005954281 -0.006863405 0.999958694 33.402027130
0.999983549 -0.002803065 -0.005025951 0.538414359 0.002839721 0.999969244 0.007301048 -1.035598993 0.005005332 -0.007315201 0.999960661 33.766380310
0.999983966 -0.002873200 -0.004886733 0.543184876 0.002909607 0.999967933 0.007459407 -1.045053720 0.004865144 -0.007473506 0.999960184 34.331031799
0.999985814 -0.001979558 -0.004930450 0.548749745 0.002012213 0.999976039 0.006626976 -1.050255775 0.004917212 -0.006636804 0.999965906 34.881095886
0.999983013 -0.001700219 -0.005568732 0.564832747 0.001737663 0.999975860 0.006726094 -1.058700204 0.005557162 -0.006735656 0.999961913 35.430221558
0.999977291 -0.002671734 -0.006178621 0.589316308 0.002711855 0.999975145 0.006494310 -1.068967581 0.006161117 -0.006510917 0.999959886 36.038913727
0.999981225 -0.002053566 -0.005775037 0.598586559 0.002088905 0.999979019 0.006119840 -1.067864299 0.005762347 -0.006131788 0.999964654 36.572875977
0.999983609 -0.001160712 -0.005599765 0.575963199 0.001193130 0.999982595 0.005789239 -1.074103832 0.005592947 -0.005795827 0.999967575 37.115364075
0.999981582 -0.002249950 -0.005639353 0.566670179 0.002288540 0.999973953 0.006845918 -1.116263151 0.005623804 -0.006858697 0.999960661 37.255561829
0.999979615 -0.002611460 -0.005822986 0.580067158 0.002654924 0.999968588 0.007468936 -1.133021593 0.005803298 -0.007484245 0.999955177 37.800895691
0.999983013 -0.001916413 -0.005503995 0.581272125 0.001953363 0.999975562 0.006715829 -1.142332196 0.005490990 -0.006726467 0.999962330 38.361873627
0.999980986 -0.002210248 -0.005748493 0.590629637 0.002249914 0.999973655 0.006903077 -1.155941963 0.005733084 -0.006915880 0.999959648 38.933013916
0.999980032 -0.001791746 -0.006066035 0.587427616 0.001831311 0.999977052 0.006523083 -1.149727583 0.006054209 -0.006534061 0.999960363 39.468486786
0.999980748 -0.001769929 -0.005942216 0.602499843 0.001808266 0.999977589 0.006452478 -1.166844845 0.005930663 -0.006463099 0.999961615 40.016773224
0.999979973 -0.001878697 -0.006041324 0.608233154 0.001914759 0.999980330 0.005968996 -1.163807392 0.006029991 -0.005980445 0.999963939 40.529659271
0.999965906 -0.004466023 -0.006947909 0.605270505 0.004522442 0.999956787 0.008125819 -1.214524269 0.006911320 -0.008156964 0.999942839 40.800315857
0.999969244 -0.003985046 -0.006758569 0.607179821 0.004037222 0.999962091 0.007723966 -1.226946831 0.006727531 -0.007751014 0.999947309 41.352252960
0.999963403 -0.004067911 -0.007528808 0.618042588 0.004124482 0.999963343 0.007513747 -1.235237122 0.007497967 -0.007544525 0.999943495 41.894546509
0.999962986 -0.004281449 -0.007458455 0.623746514 0.004337524 0.999962389 0.007518446 -1.239565015 0.007425983 -0.007550520 0.999943912 42.418270111
0.999968112 -0.003908673 -0.006969928 0.604507506 0.003959524 0.999965608 0.007296704 -1.253310919 0.006941167 -0.007324070 0.999949098 42.983398438
0.999948800 -0.006084359 -0.008082299 0.669528008 0.006142764 0.999955118 0.007221163 -1.254738092 0.008037998 -0.007270442 0.999941289 43.507583618
0.999966741 -0.003964580 -0.007130667 0.614916325 0.004025011 0.999955893 0.008480402 -1.296630383 0.007096733 -0.008508819 0.999938607 43.783023834
0.999964595 -0.003682346 -0.007571957 0.626396716 0.003745733 0.999957919 0.008374185 -1.306035995 0.007540802 -0.008402251 0.999936283 44.339260101
0.999962091 -0.003910178 -0.007778685 0.635303497 0.003974738 0.999957681 0.008301528 -1.313050628 0.007745896 -0.008332131 0.999935269 44.908130646
0.999964237 -0.004113715 -0.007385583 0.637909174 0.004173204 0.999958873 0.008057640 -1.320567369 0.007352133 -0.008088174 0.999940276 45.405269623
0.999968946 -0.003485206 -0.007065879 0.630952179 0.003537876 0.999966025 0.007455420 -1.331180334 0.007039657 -0.007480185 0.999947309 46.012935638
0.999973118 -0.002944587 -0.006715231 0.619175434 0.002996362 0.999965787 0.007713068 -1.344695330 0.006692288 -0.007732982 0.999947727 46.572475433
0.999966025 -0.003977173 -0.007219551 0.634966552 0.004044455 0.999948323 0.009328759 -1.375618696 0.007182074 -0.009357642 0.999930441 46.773841858
0.999968886 -0.003730481 -0.006956901 0.634797096 0.003792481 0.999953091 0.008920305 -1.377326369 0.006923297 -0.008946413 0.999936044 47.316051483
0.999969900 -0.003574526 -0.006883776 0.634834409 0.003633450 0.999956787 0.008566314 -1.387783766 0.006852858 -0.008591069 0.999939561 47.859760284
0.999968529 -0.003616068 -0.007069652 0.643375874 0.003672912 0.999960899 0.008044276 -1.391389847 0.007040288 -0.008069990 0.999942601 48.428192139
0.999968052 -0.003383959 -0.007249800 0.666761518 0.003448902 0.999953866 0.008964233 -1.405860901 0.007219133 -0.008988951 0.999933481 48.940643311
0.999961853 -0.004190497 -0.007666335 0.680361569 0.004259884 0.999949932 0.009057038 -1.415279508 0.007627998 -0.009089351 0.999929547 49.472187042
0.999963105 -0.004370333 -0.007393642 0.661188960 0.004441302 0.999944091 0.009609724 -1.444306016 0.007351232 -0.009642208 0.999926507 49.792304993
0.999960601 -0.004563606 -0.007616741 0.667286396 0.004633009 0.999947727 0.009119223 -1.452255011 0.007574726 -0.009154152 0.999929428 50.333980560
0.999969363 -0.003673699 -0.006922103 0.653683960 0.003733556 0.999955535 0.008654159 -1.457018018 0.006890002 -0.008679738 0.999938607 50.909671783
0.999962389 -0.004291593 -0.007528788 0.677949131 0.004362576 0.999945998 0.009437350 -1.482618570 0.007487880 -0.009469839 0.999927163 51.392257690
0.999963820 -0.003800529 -0.007612981 0.692183137 0.003870767 0.999949932 0.009232705 -1.501059532 0.007577511 -0.009261839 0.999928415 51.942024231
0.999962032 -0.004310491 -0.007563651 0.682368398 0.004382682 0.999944746 0.009554004 -1.506424904 0.007522052 -0.009586792 0.999925733 52.236495972
0.999960184 -0.004628207 -0.007628354 0.692392945 0.004702564 0.999941349 0.009758544 -1.514155626 0.007582741 -0.009794028 0.999923289 52.794132233
0.999964535 -0.003986638 -0.007423663 0.695455432 0.004056059 0.999947906 0.009359806 -1.527774096 0.007385962 -0.009389585 0.999928653 53.330471039
0.999965250 -0.003906062 -0.007360148 0.699572563 0.003974043 0.999949396 0.009244504 -1.527831078 0.007323667 -0.009273433 0.999930143 53.896381378
0.999959707 -0.004823702 -0.007571771 0.706614852 0.004892322 0.999946892 0.009070509 -1.540395260 0.007527616 -0.009107188 0.999930143 54.462272644
0.999965072 -0.003817104 -0.007424120 0.704830289 0.003882115 0.999954104 0.008762127 -1.538757801 0.007390333 -0.008790644 0.999934077 55.022197723
0.999966145 -0.004191811 -0.007084535 0.719878435 0.004256646 0.999948919 0.009161418 -1.551748276 0.007045771 -0.009191263 0.999932945 55.499942780
0.999954045 -0.005402260 -0.007918203 0.714790761 0.005483181 0.999932528 0.010233692 -1.581149697 0.007862385 -0.010276639 0.999916196 55.657196045
0.999954581 -0.005360409 -0.007872030 0.723645806 0.005444513 0.999927878 0.010701614 -1.590950489 0.007814097 -0.010743988 0.999911726 56.211387634
0.999953449 -0.005263406 -0.008079045 0.734220266 0.005350340 0.999927580 0.010776876 -1.599192739 0.008021738 -0.010819601 0.999909222 56.744258881
0.999953985 -0.005537953 -0.007835134 0.730980992 0.005616048 0.999934435 0.009980661 -1.609327435 0.007779348 -0.010024204 0.999919474 57.159725189
0.999954939 -0.005282517 -0.007892841 0.746902883 0.005362292 0.999934494 0.010120600 -1.617733479 0.007838861 -0.010162467 0.999917626 57.694271088
0.999954820 -0.005281557 -0.007911140 0.753500462 0.005358390 0.999938428 0.009722438 -1.627605200 0.007859304 -0.009764388 0.999921381 58.236080170
0.999952853 -0.005682200 -0.007871965 0.756086826 0.005764226 0.999928892 0.010436817 -1.641052961 0.007812101 -0.010481701 0.999914527 58.655296326
0.999957860 -0.005030494 -0.007672738 0.756462812 0.005110449 0.999932468 0.010436876 -1.648081779 0.007619717 -0.010475648 0.999916077 59.202632904
0.999956012 -0.005069608 -0.007889664 0.765371084 0.005151799 0.999932289 0.010432321 -1.664248466 0.007836242 -0.010472508 0.999914408 59.750114441
0.999955654 -0.004926571 -0.008029723 0.769433916 0.005005889 0.999938488 0.009888026 -1.658996344 0.007980515 -0.009927784 0.999918818 60.274845123
0.999950349 -0.005321472 -0.008430187 0.788247168 0.005401312 0.999940515 0.009476261 -1.655301929 0.008379257 -0.009521324 0.999919534 60.809764862
0.999945521 -0.005991379 -0.008539849 0.771089673 0.006081279 0.999925971 0.010540415 -1.694652081 0.008476065 -0.010591774 0.999907970 61.161403656
0.999940455 -0.006781440 -0.008542779 0.783884943 0.006868942 0.999923766 0.010255487 -1.699816227 0.008472583 -0.010313557 0.999910891 61.710430145
0.999943137 -0.006717574 -0.008280105 0.789518416 0.006802048 0.999924719 0.010216424 -1.706590891 0.008210852 -0.010272165 0.999913514 62.260814667
0.999951422 -0.005452298 -0.008209515 0.804225564 0.005533122 0.999936163 0.009854864 -1.729969740 0.008155260 -0.009899810 0.999917746 62.784770966
0.999948978 -0.006025710 -0.008109813 0.769590497 0.006113425 0.999922633 0.010835053 -1.737907171 0.008043895 -0.010884080 0.999908328 63.127918243
0.999950051 -0.005898364 -0.008073056 0.772195995 0.005986533 0.999922276 0.010941067 -1.745849848 0.008007894 -0.010988850 0.999907494 63.682174683
0.999942362 -0.006523163 -0.008525424 0.791651726 0.006615437 0.999919474 0.010840429 -1.754701853 0.008454022 -0.010896203 0.999904811 64.220542908
0.999953151 -0.005773027 -0.007769295 0.767536700 0.005852246 0.999930739 0.010212827 -1.757170796 0.007709797 -0.010257818 0.999917567 64.760925293
0.999944806 -0.006493895 -0.008251961 0.787536383 0.006580965 0.999922454 0.010568390 -1.768363714 0.008182690 -0.010622112 0.999910116 65.097511292
0.999940991 -0.006694430 -0.008553991 0.792623878 0.006788075 0.999916792 0.010965880 -1.777306914 0.008479870 -0.011023298 0.999903321 65.649490356
0.999944866 -0.006474827 -0.008260147 0.804491878 0.006564284 0.999919534 0.010849177 -1.785863161 0.008189234 -0.010902801 0.999907076 66.175559998
0.999952972 -0.005616691 -0.007912454 0.815918982 0.005697575 0.999931395 0.010237156 -1.793700099 0.007854412 -0.010281756 0.999916315 66.732376099
0.999946415 -0.006082373 -0.008379903 0.848116219 0.006167433 0.999929428 0.010162324 -1.809962273 0.008317500 -0.010213464 0.999913275 67.218872070
0.999947786 -0.006150767 -0.008158655 0.798336506 0.006243451 0.999915719 0.011383749 -1.834561348 0.008087947 -0.011434094 0.999901891 67.626655579
0.999947190 -0.006389264 -0.008040226 0.801736057 0.006481548 0.999912798 0.011504514 -1.840199113 0.007966021 -0.011556020 0.999901474 68.187530518
0.999945343 -0.006151557 -0.008445163 0.812522352 0.006243423 0.999921083 0.010895004 -1.845631361 0.008377476 -0.010947135 0.999904931 68.732612610
0.999947131 -0.006247020 -0.008154637 0.814970315 0.006338699 0.999916494 0.011265713 -1.859404325 0.008083580 -0.011316808 0.999903202 69.261428833
0.999957323 -0.005462664 -0.007452708 0.797265947 0.005546622 0.999920845 0.011291805 -1.875660181 0.007390436 -0.011332659 0.999908447 69.785552979
0.999956667 -0.005613960 -0.007427633 0.803893149 0.005696129 0.999922276 0.011088056 -1.875383854 0.007364808 -0.011129885 0.999910951 70.144577026
0.999948025 -0.006382981 -0.007955296 0.816917062 0.006471258 0.999917150 0.011120602 -1.884828329 0.007883653 -0.011171506 0.999906540 70.678558350
0.999952316 -0.005911218 -0.007766953 0.816317677 0.005994653 0.999924064 0.010763145 -1.889209270 0.007702742 -0.010809193 0.999911964 71.212684631
0.999943972 -0.006830746 -0.008091480 0.835214734 0.006913530 0.999923527 0.010247615 -1.895711660 0.008020863 -0.010302981 0.999914825 71.765556335
0.999951303 -0.006241921 -0.007644327 0.833954513 0.006316311 0.999932468 0.009746093 -1.901515365 0.007582977 -0.009793903 0.999923348 72.374755859
0.999961615 -0.005105165 -0.007112001 0.818260789 0.005184183 0.999924481 0.011136733 -1.925565243 0.007054611 -0.011173176 0.999912679 72.626548767
0.999963522 -0.005011563 -0.006912311 0.819560349 0.005087300 0.999926686 0.010983082 -1.929996967 0.006856763 -0.011017848 0.999915838 73.172065735
0.999961436 -0.005254169 -0.007043349 0.836253166 0.005327073 0.999932051 0.010372350 -1.934171438 0.006988370 -0.010409471 0.999921381 73.736961365
0.999965847 -0.004854759 -0.006680065 0.826302052 0.004927461 0.999928296 0.010910304 -1.948990583 0.006626618 -0.010942849 0.999918103 74.171104431
0.999967575 -0.004777088 -0.006483865 0.832100391 0.004847678 0.999928594 0.010915401 -1.955587387 0.006431260 -0.010946480 0.999919355 74.722434998
0.999966562 -0.005326684 -0.006199611 0.839944839 0.005392079 0.999929547 0.010580022 -1.964368582 0.006142819 -0.010613098 0.999924779 75.286453247
0.999975741 -0.005156304 -0.004680559 0.839909196 0.005204865 0.999932110 0.010422870 -1.966580629 0.004626497 -0.010446980 0.999934673 75.712532043
0.999981463 -0.004896688 -0.003607883 0.861891985 0.004934423 0.999932468 0.010525432 -1.972444177 0.003556099 -0.010543043 0.999938071 76.273811340
0.999986827 -0.004746989 -0.001945777 0.870897830 0.004767115 0.999933839 0.010472980 -1.981275797 0.001895934 -0.010482118 0.999943256 76.820678711
0.999989033 -0.004540974 0.001144086 0.887277961 0.004528823 0.999935567 0.010408428 -1.991721272 -0.001191277 -0.010403133 0.999945164 77.304008484
0.999976337 -0.004882585 0.004852624 0.904191852 0.004831321 0.999932945 0.010520492 -2.003077984 -0.004903666 -0.010496798 0.999932885 77.836769104
0.999958456 -0.005732794 0.007089229 0.939667463 0.005663495 0.999936342 0.009756945 -2.001358986 -0.007144712 -0.009716389 0.999927342 78.389381409
0.999905288 -0.006020669 0.012370833 0.941503704 0.005892590 0.999928951 0.010363754 -2.012648106 -0.012432350 -0.010289877 0.999869764 78.786582947
0.999802530 -0.005383420 0.019125119 0.960235238 0.005184199 0.999931991 0.010451037 -2.023835897 -0.019180080 -0.010349827 0.999762475 79.314521790
0.999677896 -0.006141796 0.024622250 1.000448227 0.005880376 0.999925673 0.010675561 -2.038170338 -0.024685990 -0.010527334 0.999639750 79.864227295
0.999534369 -0.005746439 0.029964883 1.037781954 0.005449207 0.999935329 0.009991541 -2.041354895 -0.030020362 -0.009823605 0.999500930 80.440032959
0.999268413 -0.005512056 0.037844375 1.048273802 0.005129386 0.999934912 0.010201319 -2.042701006 -0.037898134 -0.009999739 0.999231577 80.910629272
0.998916030 -0.005459436 0.046226345 1.088609457 0.005009023 0.999938905 0.009853862 -2.049382687 -0.046277322 -0.009611634 0.998882413 81.463798523
0.998587430 -0.006251406 0.052762672 1.134668827 0.005708387 0.999929309 0.010436159 -2.060724258 -0.052824177 -0.010120228 0.998552561 82.000556946
0.998077273 -0.006261228 0.061664537 1.195455074 0.005665573 0.999935567 0.009829740 -2.064998627 -0.061722107 -0.009461475 0.998048604 82.540267944
0.997420609 -0.006228896 0.071507484 1.252332211 0.005522462 0.999934018 0.010072630 -2.077164173 -0.071565494 -0.009651752 0.997389197 82.980880737
0.996743262 -0.006041841 0.080413759 1.278672695 0.005188329 0.999927938 0.010818725 -2.080748081 -0.080473326 -0.010366276 0.996702969 83.448303223
0.996064246 -0.006346386 0.088406533 1.341876984 0.005439297 0.999930084 0.010497573 -2.093945742 -0.088466972 -0.009975389 0.996029198 83.966804504
0.995072126 -0.006014969 0.098970860 1.409901142 0.004995588 0.999931991 0.010544395 -2.101218462 -0.099027537 -0.009998015 0.995034516 84.496704102
0.994008362 -0.006742134 0.109095991 1.505940914 0.005591908 0.999925554 0.010845764 -2.118232727 -0.109160990 -0.010170726 0.993972003 85.027656555
0.992885053 -0.006467799 0.118901186 1.576041222 0.005191835 0.999925554 0.011037929 -2.118550777 -0.118963733 -0.010342079 0.992844701 85.642326355
0.991475999 -0.006188254 0.130142510 1.627388954 0.004775045 0.999926150 0.011168176 -2.113160610 -0.130202055 -0.010451542 0.991432369 86.122726440
0.989750504 -0.005869926 0.142686844 1.714316368 0.004308604 0.999927402 0.011248811 -2.121310711 -0.142742500 -0.010518733 0.989703953 86.685745239
0.988158882 -0.006439729 0.153299212 1.821766853 0.004805398 0.999927640 0.011029191 -2.131667614 -0.153359115 -0.010161930 0.988118231 87.217903137
0.986517668 -0.006087713 0.163541988 1.927034378 0.004305916 0.999927461 0.011247324 -2.138151646 -0.163598612 -0.010391484 0.986472309 87.759239197
0.984336972 -0.006780752 0.176166445 2.043573380 0.004924699 0.999927700 0.010970868 -2.148798943 -0.176228076 -0.009931466 0.984299242 88.277282715
0.981946051 -0.006651829 0.189044520 2.169258118 0.004593761 0.999925315 0.011322765 -2.162576199 -0.189105719 -0.010249917 0.981903255 88.810165405
0.979963183 -0.007973124 0.199019179 2.268877983 0.005770727 0.999915659 0.011643858 -2.176878929 -0.199095219 -0.010262067 0.979926407 89.331283569
0.977215230 -0.007829504 0.212106824 2.414285660 0.005411828 0.999913633 0.011976552 -2.187532425 -0.212182269 -0.010555782 0.977173150 89.874954224
0.974264324 -0.008642728 0.225242600 2.561763763 0.006200910 0.999914050 0.011546046 -2.186735868 -0.225323051 -0.009852191 0.974234283 90.411186218
0.971585333 -0.008486866 0.236537442 2.703443527 0.005810689 0.999910951 0.012008806 -2.205345631 -0.236618310 -0.010293134 0.971548140 90.910331726
0.968403816 -0.008084079 0.249256283 2.857845306 0.005241168 0.999913394 0.012067155 -2.214668274 -0.249332234 -0.010379485 0.968362331 91.448226929
0.964801252 -0.007823251 0.262863845 3.051040649 0.004807467 0.999915063 0.012114017 -2.222443819 -0.262936294 -0.010423910 0.964756906 92.028015137
0.961080134 -0.007579633 0.276165754 3.174034119 0.004395244 0.999916553 0.012147843 -2.210936069 -0.276234806 -0.010461234 0.961033225 92.541061401
0.957833886 -0.007995810 0.287211210 3.356035233 0.004746651 0.999916613 0.012007331 -2.211077213 -0.287283331 -0.010137738 0.957791984 93.085357666
0.953719020 -0.009134918 0.300560474 3.555519104 0.005807511 0.999911606 0.011962241 -2.222962856 -0.300643295 -0.009663108 0.953687668 93.593360901
0.949013531 -0.008923237 0.315108657 3.753351212 0.005593908 0.999918580 0.011468476 -2.216291666 -0.315185398 -0.009121050 0.948986292 94.150520325
0.945359409 -0.009771290 0.325883567 3.973600388 0.006192912 0.999908566 0.012016164 -2.233017445 -0.325971246 -0.009341423 0.945333540 94.678894043
0.941011071 -0.010617695 0.338209093 4.123004913 0.006909792 0.999902070 0.012165450 -2.235700369 -0.338305146 -0.009110868 0.940992355 95.094406128
0.936060548 -0.010547701 0.351680785 4.341999054 0.006476203 0.999897718 0.012751632 -2.247914314 -0.351779342 -0.009658744 0.936033070 95.600074768
0.931209445 -0.011757777 0.364294738 4.561887741 0.007600788 0.999888659 0.012842736 -2.258027077 -0.364405125 -0.009190351 0.931195199 96.097175598
0.926722407 -0.010867474 0.375589520 4.778648376 0.006642931 0.999899268 0.012540891 -2.264326096 -0.375687987 -0.009126910 0.926701248 96.617103577
0.921610951 -0.012638714 0.387909055 4.999084473 0.008017115 0.999876261 0.013530208 -2.284476757 -0.388032019 -0.009359675 0.921598375 97.007301331
0.915131509 -0.010001425 0.403031409 5.195268631 0.005430498 0.999907315 0.012482595 -2.247452736 -0.403118908 -0.009234556 0.915100992 97.634948730
0.910108805 -0.009923222 0.414250493 5.444568634 0.005222700 0.999908507 0.012478169 -2.253716469 -0.414336383 -0.009192985 0.910077393 98.134849548
0.903596163 -0.009937760 0.428270012 5.703300476 0.005088890 0.999909341 0.012465402 -2.259669304 -0.428355068 -0.009084271 0.903564751 98.623611450
0.896706223 -0.009847192 0.442516893 5.978847504 0.004810097 0.999910176 0.012503627 -2.267827988 -0.442600310 -0.009083529 0.896672964 99.140151978
0.890770853 -0.010749988 0.454325676 6.245815277 0.005555260 0.999903023 0.012767238 -2.279479980 -0.454418838 -0.008848785 0.890744150 99.597900391
0.884566486 -0.011162761 0.466280490 6.405315399 0.006018506 0.999903500 0.012520175 -2.261059761 -0.466375232 -0.008268616 0.884548247 100.030654907
0.877532065 -0.011858241 0.479371220 6.692325592 0.006715124 0.999900043 0.012441962 -2.266327858 -0.479470819 -0.007699183 0.877524078 100.496795654
