1.000000000 0.000000000 0.000000000 0.000000000 0.000000000 1.000000000 0.000000000 0.000000000 0.000000000 0.000000000 1.000000000 0.000000000
1.000000000 0.000115009 0.000039961 -0.001492641 -0.000115007 1.000000000 -0.000049723 0.001481978 -0.000039967 0.000049718 1.000000000 0.003454603
1.000000000 0.000104335 0.000007477 0.000485463 -0.000104335 1.000000000 0.000002558 0.000772178 -0.000007476 -0.000002559 1.000000000 0.003927575
0.999999940 0.000250581 0.000099655 -0.000987673 -0.000250581 0.999999940 -0.000004085 0.001088081 -0.000099656 0.000004060 1.000000000 -0.001113235
1.000000000 0.000148077 0.000035250 0.000514073 -0.000148075 1.000000000 -0.000034571 0.000837677 -0.000035255 0.000034565 1.000000000 -0.000051964
1.000000000 0.000054735 -0.000001062 -0.000255163 -0.000054735 1.000000000 0.000044383 0.000674522 0.000001065 -0.000044383 1.000000000 0.000260990
1.000000000 0.000012171 0.000043261 -0.001966902 -0.000012169 1.000000000 -0.000031567 0.000895447 -0.000043261 0.000031567 1.000000000 0.000699919
1.000000000 0.000020465 0.000047409 -0.000189500 -0.000020467 1.000000000 0.000059685 0.000684026 -0.000047408 -0.000059686 1.000000000 -0.000085506
1.000000000 -0.000029757 0.000071609 -0.001669772 0.000029757 1.000000000 -0.000004443 0.000815860 -0.000071608 0.000004445 1.000000000 0.002387337
1.000000000 0.000154392 0.000094877 -0.000815182 -0.000154389 1.000000000 -0.000025140 0.000448685 -0.000094880 0.000025126 1.000000000 -0.001536874
1.000000000 0.000172360 0.000100408 -0.000393781 -0.000172364 1.000000000 0.000041146 0.000300463 -0.000100401 -0.000041164 1.000000000 -0.001091059
1.000000000 0.000034581 0.000045942 -0.001671813 -0.000034579 1.000000000 -0.000044414 0.000905337 -0.000045944 0.000044412 1.000000000 -0.002668489
1.000000000 0.000151169 0.000178733 -0.004260532 -0.000151174 1.000000000 0.000024435 0.001004223 -0.000178729 -0.000024462 1.000000000 -0.003973952
1.000000000 -0.000093487 0.000069705 -0.000777049 0.000093485 1.000000000 0.000030458 -0.000522597 -0.000069708 -0.000030452 1.000000000 0.000023602
1.000000000 0.000078621 0.000072437 -0.000150240 -0.000078619 1.000000000 -0.000018395 0.000774311 -0.000072439 0.000018389 1.000000000 -0.001911006
1.000000000 0.000000786 0.000050585 -0.000001484 -0.000000787 1.000000000 0.000025127 0.000662445 -0.000050585 -0.000025127 1.000000000 -0.003146212
1.000000000 -0.000063164 0.000049080 -0.001698200 0.000063162 1.000000000 0.000033522 0.000245226 -0.000049082 -0.000033519 1.000000000 -0.002307040
1.000000000 0.000055961 0.000115702 -0.001645186 -0.000055967 1.000000000 0.000056988 -0.000894247 -0.000115699 -0.000056995 1.000000000 -0.004015541
1.000000000 0.000096147 0.000065701 -0.000242903 -0.000096150 1.000000000 0.000044915 0.001471430 -0.000065697 -0.000044922 1.000000000 -0.004228955
1.000000000 -0.000100344 -0.000008372 -0.000852751 0.000100344 1.000000000 0.000013425 0.000716092 0.000008371 -0.000013426 1.000000000 -0.005421245
1.000000000 0.000007733 0.000046553 -0.000396193 -0.000007735 1.000000000 0.000038495 0.000120047 -0.000046552 -0.000038496 1.000000000 -0.006736151
1.000000000 -0.000052380 0.000019305 -0.000195738 0.000052379 1.000000000 0.000035083 -0.001324025 -0.000019307 -0.000035082 1.000000000 -0.004399207
1.000000000 0.000089941 0.000143576 -0.004702125 -0.000089929 1.000000000 -0.000082127 0.001995855 -0.000143583 0.000082114 1.000000000 0.002952863
1.000000000 -0.000002851 0.000031966 0.000463509 0.000002851 1.000000000 0.000018359 -0.000161482 -0.000031966 -0.000018359 1.000000000 -0.000688876
1.000000000 -0.000044302 0.000075246 -0.002025375 0.000044301 1.000000000 0.000016873 0.000979948 -0.000075247 -0.000016869 1.000000000 0.000300955
1.000000000 -0.000027536 -0.000004081 0.000660218 0.000027536 1.000000000 -0.000014200 0.000947083 0.000004081 0.000014200 1.000000000 -0.003420961
1.000000000 -0.000130013 0.000083913 -0.002652551 0.000130017 1.000000000 -0.000050410 0.002121816 -0.000083906 0.000050420 1.000000000 0.000793581
1.000000000 0.000131575 0.000146329 -0.004260858 -0.000131566 1.000000000 -0.000063254 0.002153802 -0.000146337 0.000063235 1.000000000 0.000111649
1.000000000 -0.000087496 0.000061661 -0.001948458 0.000087491 1.000000000 0.000076008 0.000154219 -0.000061667 -0.000076002 1.000000000 -0.000034860
1.000000000 -0.000111028 0.000024792 -0.002469927 0.000111028 1.000000000 -0.000002589 0.001636559 -0.000024791 0.000002591 1.000000000 0.001057357
1.000000000 -0.000028617 0.000022084 -0.001762465 0.000028617 1.000000000 -0.000034562 0.000796775 -0.000022083 0.000034563 1.000000000 0.001634842
1.000000000 -0.000065202 0.000074618 -0.003294573 0.000065200 1.000000000 0.000025813 0.000841836 -0.000074620 -0.000025808 1.000000000 0.003188751
1.000000000 -0.000126051 0.000033670 -0.002795602 0.000126051 1.000000000 -0.000009531 0.000762662 -0.000033669 0.000009535 1.000000000 -0.000613676
1.000000000 -0.000019476 0.000031179 -0.000703376 0.000019475 1.000000000 0.000036250 -0.000737905 -0.000031180 -0.000036249 1.000000000 -0.001835127
0.999999940 0.000206776 0.000168013 -0.004087049 -0.000206770 1.000000000 -0.000037712 0.000979616 -0.000168021 0.000037678 1.000000000 0.000466336
1.000000000 -0.000012576 0.000022340 -0.000867603 0.000012575 1.000000000 0.000040677 0.000330424 -0.000022340 -0.000040677 1.000000000 -0.001554065
1.000000000 0.000003379 0.000026614 -0.002092987 -0.000003379 1.000000000 0.000014943 0.001091280 -0.000026614 -0.000014943 1.000000000 -0.002670757
1.000000000 -0.000080855 0.000025088 -0.000658909 0.000080857 1.000000000 -0.000083871 0.001173041 -0.000025081 0.000083873 1.000000000 -0.003045326
1.000000000 -0.000031045 0.000101167 -0.003326322 0.000031048 1.000000000 -0.000029474 0.001086882 -0.000101167 0.000029477 1.000000000 0.000960323
1.000000000 -0.000050787 0.000003676 -0.000269086 0.000050787 1.000000000 0.000027493 0.000301143 -0.000003678 -0.000027493 1.000000000 -0.001604143
1.000000000 -0.000187952 -0.000038519 0.001265322 0.000187954 1.000000000 0.000041872 -0.000865265 0.000038511 -0.000041879 1.000000000 -0.000923298
1.000000000 0.000005028 0.000103356 0.002397643 -0.000004983 0.999999881 -0.000436986 -0.005772898 -0.000103358 0.000436985 0.999999881 0.048467364
1.000000000 -0.000015282 0.000082658 0.003828757 0.000015380 0.999999285 -0.001189830 -0.003506593 -0.000082640 0.001189831 0.999999285 0.144995138
1.000000000 -0.000038202 0.000010049 0.005693013 0.000038216 0.999998987 -0.001409090 -0.010709224 -0.000009996 0.001409090 0.999998987 0.260469794
1.000000000 -0.000013954 0.000107587 0.006024583 0.000014090 0.999999225 -0.001268467 -0.015615816 -0.000107570 0.001268468 0.999999166 0.391335994
1.000000000 0.000161329 0.000039935 0.007308427 -0.000161291 0.999999523 -0.000964116 -0.023775127 -0.000040090 0.000964110 0.999999523 0.532656670
1.000000000 0.000139042 0.000052085 0.007389465 -0.000139002 0.999999702 -0.000761274 -0.031830370 -0.000052191 0.000761267 0.999999702 0.684704304
1.000000000 -0.000073689 -0.000025614 0.017776541 0.000073675 0.999999821 -0.000560185 -0.035126995 0.000025655 0.000560183 0.999999821 0.851536930
1.000000000 0.000020509 -0.000107763 0.021019220 -0.000020563 0.999999881 -0.000506698 -0.038473692 0.000107753 0.000506700 0.999999881 1.027868271
0.999999821 0.000434480 0.000373953 0.016384657 -0.000434191 0.999999523 -0.000773838 -0.032566648 -0.000374289 0.000773675 0.999999642 1.203726768
0.999999940 -0.000069247 -0.000001620 0.033556856 0.000069246 0.999999762 -0.000534588 -0.041696463 0.000001657 0.000534588 0.999999881 1.399028301
0.999999881 0.000278522 0.000324168 0.029719464 -0.000278473 0.999999881 -0.000151808 -0.052116938 -0.000324210 0.000151717 0.999999940 1.574947119
0.999999762 0.000415367 0.000585484 0.031304978 -0.000415327 0.999999881 -0.000067401 -0.055979792 -0.000585512 0.000067158 0.999999881 1.768579721
0.999999940 0.000249261 0.000201651 0.040503480 -0.000249282 0.999999940 0.000107312 -0.064037867 -0.000201625 -0.000107362 1.000000000 1.978618503
1.000000000 0.000085199 0.000178768 0.045498047 -0.000085181 1.000000000 -0.000102207 -0.069130525 -0.000178777 0.000102192 1.000000000 2.200922251
0.999999821 0.000442189 0.000325911 0.051244188 -0.000442233 0.999999881 0.000135832 -0.077867441 -0.000325850 -0.000135976 0.999999940 2.414085388
0.999999762 0.000537027 0.000362475 0.057134368 -0.000537160 0.999999642 0.000366454 -0.088291690 -0.000362278 -0.000366649 0.999999821 2.640866280
0.999999821 0.000323077 0.000325257 0.062500939 -0.000323170 0.999999821 0.000287586 -0.095352620 -0.000325164 -0.000287691 0.999999881 2.864032507
0.999999762 0.000438968 0.000390209 0.072912328 -0.000439119 0.999999762 0.000387250 -0.101601914 -0.000390039 -0.000387421 0.999999821 3.100585699
0.999999702 0.000533272 0.000380967 0.072381616 -0.000533380 0.999999762 0.000283956 -0.102843210 -0.000380816 -0.000284160 0.999999881 3.334265232
0.999999821 0.000577066 0.000149674 0.080027685 -0.000577118 0.999999821 0.000345639 -0.108182296 -0.000149474 -0.000345725 0.999999881 3.580981970
0.999999821 0.000554590 0.000068187 0.087397508 -0.000554618 0.999999762 0.000404414 -0.113089718 -0.000067963 -0.000404451 0.999999881 3.848091602
0.999999702 0.000625684 0.000491723 0.085175663 -0.000626035 0.999999523 0.000713430 -0.129255980 -0.000491277 -0.000713737 0.999999642 4.085403442
0.999999762 0.000482005 0.000366963 0.089755848 -0.000482316 0.999999464 0.000848036 -0.138414487 -0.000366554 -0.000848213 0.999999523 4.340338230
0.999999821 0.000486838 0.000370587 0.096904702 -0.000487150 0.999999464 0.000843829 -0.145546079 -0.000370176 -0.000844010 0.999999523 4.598244190
0.999999762 0.000464802 0.000501833 0.105302528 -0.000465283 0.999999404 0.000958815 -0.156150326 -0.000501387 -0.000959048 0.999999404 4.861600876
0.999999642 0.000524977 0.000704920 0.107800297 -0.000525646 0.999999404 0.000948906 -0.166800782 -0.000704422 -0.000949277 0.999999285 5.124033451
0.999999821 0.000344614 0.000327117 0.112691008 -0.000344925 0.999999404 0.000950471 -0.173582792 -0.000326790 -0.000950583 0.999999523 5.383330822
0.999999881 0.000387486 0.000344327 0.118737549 -0.000387857 0.999999344 0.001079323 -0.181802198 -0.000343908 -0.001079456 0.999999404 5.647027016
0.999999523 0.000781839 0.000545876 0.118437551 -0.000782243 0.999999344 0.000740358 -0.191481903 -0.000545297 -0.000740785 0.999999523 5.913543224
0.999999642 0.000613853 0.000562992 0.125042319 -0.000614286 0.999999464 0.000770073 -0.204723418 -0.000562519 -0.000770419 0.999999523 6.174517632
0.999998569 0.001367174 0.001007031 0.126701772 -0.001367979 0.999998689 0.000799453 -0.206236258 -0.001005937 -0.000800830 0.999999166 6.473924160
0.999999344 0.000958573 0.000667505 0.133876681 -0.000959144 0.999999106 0.000856270 -0.212690175 -0.000666684 -0.000856910 0.999999404 6.763120174
0.999999881 0.000326861 0.000379271 0.149440914 -0.000327217 0.999999464 0.000938525 -0.224383160 -0.000378964 -0.000938649 0.999999464 7.050967216
0.999999881 0.000387191 0.000357100 0.153830618 -0.000387685 0.999998987 0.001384794 -0.239896402 -0.000356563 -0.001384932 0.999998987 7.347542763
0.999999881 0.000413516 0.000424704 0.165849283 -0.000414203 0.999998629 0.001618394 -0.259007215 -0.000424034 -0.001618569 0.999998629 7.639304161
0.999999702 0.000475411 0.000569663 0.169389740 -0.000476217 0.999998868 0.001416038 -0.256457895 -0.000568989 -0.001416309 0.999998808 7.978343487
0.999999702 0.000703880 0.000269835 0.171906337 -0.000704173 0.999999166 0.001090644 -0.264434814 -0.000269068 -0.001090834 0.999999404 8.274728775
0.999999702 0.000465602 0.000634539 0.181729853 -0.000466540 0.999998748 0.001478618 -0.275919199 -0.000633849 -0.001478914 0.999998689 8.624482155
0.999999642 0.000251402 0.000919653 0.181173235 -0.000252832 0.999998748 0.001554642 -0.282763720 -0.000919261 -0.001554874 0.999998391 8.958889961
0.999999642 -0.000091003 0.000841832 0.187501013 0.000089959 0.999999166 0.001240051 -0.288772374 -0.000841944 -0.001239975 0.999998868 9.306867599
0.999999762 0.000205393 0.000697020 0.201726615 -0.000206500 0.999998689 0.001588466 -0.304644257 -0.000696693 -0.001588610 0.999998510 9.629461288
0.999999762 0.000058416 0.000575727 0.210503370 -0.000059311 0.999998808 0.001555062 -0.316523552 -0.000575635 -0.001555096 0.999998629 9.974381447
0.999999583 0.000315606 0.000804513 0.217788503 -0.000316782 0.999998927 0.001462091 -0.328079700 -0.000804051 -0.001462345 0.999998629 10.328012466
0.999999583 0.000556755 0.000713029 0.224671096 -0.000557827 0.999998629 0.001504101 -0.338289857 -0.000712191 -0.001504498 0.999998569 10.684725761
0.999999523 0.000268012 0.000955690 0.231452912 -0.000269674 0.999998450 0.001738906 -0.348318040 -0.000955223 -0.001739163 0.999997973 11.066760063
0.999999940 -0.000019040 0.000328404 0.246833667 0.000018386 0.999997973 0.001989621 -0.365205467 -0.000328442 -0.001989614 0.999997973 11.431925774
0.999999940 -0.000398518 0.000036744 0.258401424 0.000398439 0.999997735 0.002115750 -0.369980156 -0.000037587 -0.002115734 0.999997795 11.808509827
0.999999881 -0.000026956 0.000340535 0.266380817 0.000026200 0.999997556 0.002220381 -0.384696245 -0.000340593 -0.002220372 0.999997497 12.171360016
0.999999881 -0.000424479 0.000083836 0.278049171 0.000424296 0.999997616 0.002171306 -0.396484792 -0.000084758 -0.002171270 0.999997675 12.565870285
1.000000000 -0.000170811 0.000230488 0.288143992 0.000170271 0.999997258 0.002341665 -0.408166826 -0.000230887 -0.002341626 0.999997258 12.940822601
0.999999940 0.000065232 0.000179536 0.293814600 -0.000065675 0.999997020 0.002467460 -0.426045507 -0.000179374 -0.002467472 0.999996960 13.307566643
0.999999881 -0.000009193 0.000565604 0.300822318 0.000007364 0.999994695 0.003233828 -0.443928301 -0.000565630 -0.003233823 0.999994636 13.706850052
0.999999344 0.000436332 0.001074061 0.297433347 -0.000439459 0.999995589 0.002912945 -0.456836730 -0.001072785 -0.002913415 0.999995172 14.161363602
0.999998868 0.000856875 0.001266023 0.304498464 -0.000860816 0.999994755 0.003116099 -0.472547114 -0.001263346 -0.003117186 0.999994338 14.585389137
0.999997914 0.001244282 0.001629713 0.314724565 -0.001249397 0.999994278 0.003141391 -0.483139247 -0.001625795 -0.003143421 0.999993682 14.998660088
0.999999285 -0.000251642 0.001157939 0.335978299 0.000247482 0.999993503 0.003591198 -0.511416554 -0.001158835 -0.003590909 0.999992907 15.433485031
0.999998450 0.000067552 0.001769781 0.344951391 -0.000073186 0.999994874 0.003183641 -0.522236168 -0.001769556 -0.003183765 0.999993443 15.866407394
0.999997735 0.000141322 0.002113424 0.350984991 -0.000149151 0.999993086 0.003704951 -0.539060593 -0.002112886 -0.003705258 0.999990880 16.303745270
0.999997556 0.000315662 0.002193442 0.364016712 -0.000323871 0.999992967 0.003742833 -0.551130772 -0.002192245 -0.003743535 0.999990582 16.748010635
0.999996901 -0.000116743 0.002485433 0.378586709 0.000106996 0.999992311 0.003921163 -0.570533216 -0.002485872 -0.003920885 0.999989212 17.191743851
0.999996126 0.000591400 0.002695760 0.387553513 -0.000602058 0.999992013 0.003954566 -0.581959307 -0.002693400 -0.003956175 0.999988496 17.650188446
0.999996066 -0.000091189 0.002813230 0.400910556 0.000079837 0.999991953 0.004034923 -0.593210578 -0.002813574 -0.004034683 0.999987841 18.112344742
0.999994755 -0.000785395 0.003142064 0.415829033 0.000773090 0.999992073 0.003915576 -0.599769652 -0.003145114 -0.003913126 0.999987364 18.578178406
0.999994755 -0.000599463 0.003184251 0.433679581 0.000586750 0.999991834 0.003991851 -0.623650789 -0.003186618 -0.003989961 0.999986947 19.021736145
0.999994874 -0.000450190 0.003183435 0.451015383 0.000437392 0.999991834 0.004019691 -0.627530694 -0.003185219 -0.004018278 0.999986827 19.506107330
0.999995530 -0.000662629 0.002910025 0.455093592 0.000648689 0.999988317 0.004788557 -0.656395733 -0.002913165 -0.004786649 0.999984264 19.977949142
0.999996424 -0.001641478 0.002136736 0.478878677 0.001631154 0.999987006 0.004824259 -0.674576163 -0.002144627 -0.004820756 0.999986112 20.449182510
0.999995470 -0.001146135 0.002786282 0.473278850 0.001132287 0.999986947 0.004966686 -0.690721393 -0.002791940 -0.004963509 0.999983788 20.967420578
0.999996662 -0.001351160 0.002189395 0.486733407 0.001340079 0.999986351 0.005054370 -0.699671388 -0.002196194 -0.005051420 0.999984860 21.476694107
0.999997795 -0.001127434 0.001732378 0.507302344 0.001119268 0.999988198 0.004707542 -0.709294081 -0.001737666 -0.004705593 0.999987423 21.961454391
0.999997199 0.000098461 0.002346517 0.514143348 -0.000111707 0.999983966 0.005645636 -0.731457114 -0.002345924 -0.005645883 0.999981344 22.521581650
0.999998927 -0.001003572 0.001048359 0.514231265 0.000997857 0.999984741 0.005437805 -0.749005616 -0.001053800 -0.005436753 0.999984682 22.945085526
0.999999583 -0.000884063 0.000254771 0.521221399 0.000882853 0.999988496 0.004710705 -0.762494028 -0.000258932 -0.004710479 0.999988914 23.479375839
0.999998271 -0.001834083 -0.000298253 0.533450723 0.001835612 0.999984741 0.005209517 -0.778619528 0.000288694 -0.005210055 0.999986410 23.964052200
0.999999046 -0.001161301 -0.000897592 0.543047369 0.001166118 0.999984920 0.005385335 -0.792373538 0.000891324 -0.005386376 0.999985099 24.488437653
0.999998450 -0.000953233 -0.001468298 0.551183224 0.000961378 0.999984205 0.005556339 -0.802347898 0.001462979 -0.005557742 0.999983490 25.019933701
0.999996901 -0.001173020 -0.002189420 0.558994353 0.001185332 0.999983370 0.005630524 -0.812456727 0.002182779 -0.005633100 0.999981761 25.544324875
0.999996424 -0.000823225 -0.002522601 0.565576017 0.000836940 0.999984860 0.005440766 -0.825669289 0.002518083 -0.005442858 0.999981999 26.084087372
0.999995768 -0.001176860 -0.002700975 0.574479401 0.001192547 0.999982417 0.005813223 -0.835112691 0.002694086 -0.005816418 0.999979377 26.619749069
0.999993682 -0.001415526 -0.003256873 0.587285757 0.001435535 0.999979973 0.006149475 -0.852286160 0.003248103 -0.006154112 0.999975801 27.145797729
0.999992669 -0.001065748 -0.003675788 0.600969076 0.001087744 0.999981463 0.005987186 -0.866554260 0.003669339 -0.005991140 0.999975324 27.677501678
0.999991000 -0.001004113 -0.004121892 0.610745728 0.001030164 0.999979496 0.006322949 -0.881905675 0.004115459 -0.006327139 0.999971449 28.204133987
0.999989212 -0.001316651 -0.004451088 0.622911990 0.001345375 0.999978244 0.006456411 -0.896697104 0.004442490 -0.006462330 0.999969244 28.746019363
0.999988377 -0.001220004 -0.004665993 0.631645381 0.001250289 0.999978125 0.006493228 -0.910471082 0.004657969 -0.006498986 0.999968052 29.289937973
0.999985635 -0.001048112 -0.005261645 0.639310181 0.001082424 0.999978125 0.006522710 -0.922995865 0.005254693 -0.006528312 0.999964833 29.826456070
0.999985218 -0.000924156 -0.005384394 0.648899376 0.000959550 0.999977946 0.006574568 -0.939907253 0.005378200 -0.006579638 0.999963880 30.362169266
0.999983549 -0.000650943 -0.005698154 0.662101269 0.000687105 0.999979615 0.006346672 -0.947463691 0.005693906 -0.006350483 0.999963641 30.903835297
0.999981701 -0.000428488 -0.006033254 0.671629548 0.000468138 0.999978304 0.006571976 -0.965466738 0.006030306 -0.006574681 0.999960184 31.436904907
0.999977946 -0.001154399 -0.006537561 0.693500698 0.001197485 0.999977529 0.006590327 -0.978790224 0.006529807 -0.006598011 0.999956906 31.984491348
0.999976099 -0.000856806 -0.006849420 0.690204620 0.000902741 0.999977112 0.006706062 -0.987418711 0.006843517 -0.006712086 0.999953985 32.496299744
0.999978602 -0.001009522 -0.006460848 0.683765233 0.001056002 0.999973536 0.007194735 -1.011753559 0.006453414 -0.007201403 0.999953210 32.999427795
0.999978781 -0.000534868 -0.006497041 0.675015450 0.000579884 0.999975741 0.006928846 -1.023515701 0.006493179 -0.006932466 0.999954879 33.529869080
0.999975562 -0.000336954 -0.006995520 0.681294560 0.000390854 0.999970257 0.007704942 -1.053106308 0.006992716 -0.007707487 0.999945819 34.060840607
0.999976337 -0.000562882 -0.006857509 0.675688982 0.000611104 0.999975085 0.007031909 -1.055599093 0.006853380 -0.007035933 0.999951780 34.595985413
0.999974549 -0.000885214 -0.007076565 0.692943037 0.000934575 0.999975264 0.006975081 -1.062098026 0.007070216 -0.006981519 0.999950647 35.137081146
0.999973059 -0.000059445 -0.007348110 0.687287211 0.000106919 0.999979079 0.006460464 -1.074028969 0.007347573 -0.006461074 0.999952197 35.709197998
0.999976575 -0.000292447 -0.006835079 0.685147762 0.000342564 0.999973059 0.007332195 -1.099661469 0.006832751 -0.007334365 0.999949813 36.186576843
0.999977708 -0.000629621 -0.006646789 0.675312519 0.000682642 0.999967992 0.007977612 -1.110914230 0.006641552 -0.007981973 0.999946177 36.668334961
0.999971330 -0.001421808 -0.007433854 0.676932454 0.001481935 0.999966204 0.008089062 -1.136662960 0.007422101 -0.008099847 0.999939680 37.230102539
0.999971986 -0.001549012 -0.007319951 0.679186225 0.001609302 0.999964714 0.008237668 -1.148749709 0.007306934 -0.008249218 0.999939322 37.768051147
0.999958336 -0.002658064 -0.008730935 0.747941971 0.002732400 0.999960005 0.008513188 -1.143509388 0.008707957 -0.008536691 0.999925733 38.275264740
0.999964476 -0.001573277 -0.008282979 0.730038643 0.001641507 0.999964714 0.008237056 -1.166242361 0.008269729 -0.008250359 0.999931812 38.806823730
0.999964714 -0.002080432 -0.008129933 0.676603198 0.002143798 0.999967337 0.007793288 -1.157485843 0.008113454 -0.007810442 0.999936581 39.328327179
0.999957740 -0.003025157 -0.008680650 0.773646712 0.003104043 0.999953806 0.009088552 -1.222279549 0.008652757 -0.009115112 0.999921024 39.915241241
0.999959350 -0.002311915 -0.008706231 0.787611246 0.002388404 0.999958575 0.008785349 -1.236102819 0.008685561 -0.008805787 0.999923468 40.446952820
0.999959230 -0.002055418 -0.008795822 0.788155556 0.002130483 0.999961317 0.008533242 -1.239020824 0.008777943 -0.008551634 0.999924898 40.985271454
0.999958336 -0.001936208 -0.008921290 0.800322413 0.002012222 0.999961674 0.008519357 -1.249978304 0.008904452 -0.008536954 0.999923885 41.515640259
0.999958873 -0.002158896 -0.008808556 0.809761524 0.002237563 0.999957621 0.008930605 -1.264485598 0.008788902 -0.008949946 0.999921322 42.031921387
0.999959052 -0.002151921 -0.008790825 0.815063357 0.002233699 0.999954224 0.009303440 -1.283044815 0.008770403 -0.009322693 0.999918103 42.564266205
0.999962032 -0.001314975 -0.008605790 0.822891116 0.001388089 0.999962926 0.008495468 -1.287438869 0.008594302 -0.008507091 0.999926865 43.099971771
0.999961734 -0.001591483 -0.008597857 0.826936841 0.001666166 0.999960840 0.008685955 -1.296486259 0.008583697 -0.008699948 0.999925315 43.616828918
0.999963641 -0.001202041 -0.008445331 0.833835602 0.001273516 0.999963403 0.008463040 -1.304959536 0.008434849 -0.008473486 0.999928534 44.155586243
0.999961495 -0.001281905 -0.008676594 0.846953988 0.001354417 0.999964178 0.008356498 -1.319229364 0.008665570 -0.008367928 0.999927461 44.696060181
0.999960482 -0.001344008 -0.008789606 0.852657318 0.001417616 0.999963939 0.008373525 -1.328501105 0.008778037 -0.008385655 0.999926269 45.223728180
0.999960124 -0.001186189 -0.008843359 0.860492051 0.001260787 0.999963760 0.008434768 -1.341490507 0.008833031 -0.008445583 0.999925315 45.754871368
0.999961555 -0.000874268 -0.008712947 0.868832946 0.000953825 0.999957860 0.009130911 -1.362477541 0.008704599 -0.009138872 0.999920309 46.306327820
0.999960482 -0.001147431 -0.008812640 0.865457773 0.001224054 0.999961376 0.008694112 -1.364983797 0.008802324 -0.008704555 0.999923348 46.820461273
0.999957919 -0.000748549 -0.009142389 0.884927630 0.000827279 0.999962568 0.008610833 -1.374379635 0.009135601 -0.008618035 0.999921143 47.390232086
0.999960959 -0.001163817 -0.008758496 0.875933826 0.001240315 0.999961078 0.008733858 -1.390508413 0.008747988 -0.008744380 0.999923527 47.881679535
0.999958098 -0.001213951 -0.009086083 0.888684392 0.001295012 0.999959350 0.008920959 -1.405686498 0.009074886 -0.008932351 0.999918938 48.407180786
0.999960661 -0.000905040 -0.008819018 0.894244075 0.000985428 0.999957979 0.009115194 -1.417920947 0.008810396 -0.009123528 0.999919593 48.943328857
0.999960601 -0.000919729 -0.008831521 0.896291852 0.000999073 0.999959171 0.008983970 -1.425958514 0.008822897 -0.008992438 0.999920666 49.469642639
0.999962807 -0.000928305 -0.008565989 0.902435422 0.001005332 0.999959052 0.008992297 -1.442460895 0.008557291 -0.009000572 0.999922812 49.999240875
0.999962866 -0.000673137 -0.008591594 0.906896234 0.000751224 0.999958396 0.009088708 -1.452978849 0.008585117 -0.009094822 0.999921799 50.532878876
0.999963701 -0.000769699 -0.008481156 0.912489295 0.000847995 0.999957025 0.009232020 -1.463609695 0.008473684 -0.009238877 0.999921441 51.069190979
0.999965966 -0.000184295 -0.008256817 0.917804182 0.000260397 0.999957502 0.009216764 -1.473690033 0.008254767 -0.009218601 0.999923468 51.586681366
0.999966979 -0.000275892 -0.008114230 0.915803909 0.000351342 0.999956727 0.009298592 -1.489829779 0.008111312 -0.009301138 0.999923825 52.082592010
0.999973893 -0.000000869 -0.007231756 0.905939162 0.000069488 0.999954939 0.009488265 -1.501716971 0.007231421 -0.009488519 0.999928892 52.640274048
0.999976456 -0.000226882 -0.006857427 0.876639485 0.000296368 0.999948561 0.010133666 -1.536847353 0.006854775 -0.010135460 0.999925137 53.146480560
0.999976695 0.000899312 -0.006773911 0.898742855 -0.000830514 0.999948084 0.010152316 -1.550705194 0.006782689 -0.010146451 0.999925494 53.647998810
0.999972403 0.000836417 -0.007381985 0.918891847 -0.000761325 0.999947965 0.010169325 -1.563719988 0.007390107 -0.010163424 0.999921024 54.102165222
0.999971449 0.001336095 -0.007432881 0.930827439 -0.001268259 0.999957681 0.009123790 -1.545211196 0.007444756 -0.009114103 0.999930739 54.730838776
0.999975145 0.000807648 -0.007000385 0.926870048 -0.000733627 0.999943852 0.010570021 -1.585276961 0.007008530 -0.010564623 0.999919593 55.200279236
0.999972880 0.000542880 -0.007341001 0.943541169 -0.000462778 0.999940395 0.010908913 -1.603100419 0.007346485 -0.010905219 0.999913573 55.664237976
0.999973893 0.001179932 -0.007127389 0.937677205 -0.001102655 0.999940634 0.010836514 -1.614179134 0.007139753 -0.010828375 0.999915898 56.100090027
0.999973953 0.001686996 -0.007012329 0.936548471 -0.001608778 0.999936581 0.011145099 -1.612795949 0.007030686 -0.011133529 0.999913275 56.740413666
0.999973416 0.000872230 -0.007239049 0.958143592 -0.000796744 0.999945343 0.010423943 -1.634227276 0.007247746 -0.010417899 0.999919415 57.122264862
0.999972939 0.000872937 -0.007301041 0.964521706 -0.000796561 0.999944985 0.010457413 -1.646890521 0.007309767 -0.010451315 0.999918640 57.638000488
0.999972641 0.001107038 -0.007314535 0.971543908 -0.001030654 0.999944985 0.010438217 -1.655754805 0.007325688 -0.010430392 0.999918699 58.156566620
0.999975264 0.001191987 -0.006927791 0.979002535 -0.001117503 0.999941647 0.010745493 -1.675252438 0.006940195 -0.010737482 0.999918282 58.691120148
0.999972522 0.000790781 -0.007365678 0.991858602 -0.000711816 0.999942303 0.010717092 -1.679725170 0.007373727 -0.010711556 0.999915361 59.197032928
0.999977887 0.001325481 -0.006526471 1.008542299 -0.001256799 0.999943912 0.010516369 -1.696074009 0.006540044 -0.010507933 0.999923408 59.779682159
0.999969006 0.001197099 -0.007789474 1.077049732 -0.001111802 0.999939382 0.010945332 -1.727797031 0.007802106 -0.010936332 0.999909699 60.212501526
0.999971449 0.001721583 -0.007358004 1.039687872 -0.001642166 0.999940455 0.010785746 -1.710348010 0.007376133 -0.010773356 0.999914706 60.761768341
0.999965370 0.001154966 -0.008251970 1.102252603 -0.001070035 0.999946535 0.010289162 -1.699011087 0.008263413 -0.010279975 0.999912977 61.233425140
0.999967456 0.001740205 -0.007879682 1.121162295 -0.001657972 0.999944210 0.010430560 -1.723997593 0.007897394 -0.010417159 0.999914467 61.782848358
0.999960005 0.001051785 -0.008885013 1.173985243 -0.000953851 0.999938786 0.011019320 -1.795135260 0.008896060 -0.011010406 0.999899745 62.278141022
0.999958932 0.001677343 -0.008898742 1.188835502 -0.001576417 0.999934494 0.011336485 -1.779732704 0.008917174 -0.011321994 0.999896049 62.846889496
0.999954462 0.002951423 -0.009083314 1.307925701 -0.002838894 0.999919295 0.012376590 -1.815518618 0.009119111 -0.012350240 0.999882042 63.416713715
0.999962330 0.004235893 -0.007566780 1.251522899 -0.004143520 0.999917209 0.012182009 -1.809656858 0.007617755 -0.012150197 0.999897122 63.702629089
0.999965549 0.001295807 -0.008196027 1.132768154 -0.001197836 0.999927938 0.011947178 -1.819847584 0.008210919 -0.011936950 0.999894977 64.109046936
0.999964774 0.001564206 -0.008239270 1.135651350 -0.001470769 0.999934793 0.011334350 -1.824793100 0.008256461 -0.011321833 0.999901831 64.666458130
0.999962032 0.001455486 -0.008583787 1.142494917 -0.001365792 0.999944508 0.010445941 -1.824327230 0.008598515 -0.010433821 0.999908626 65.215026855
0.999966502 0.001185994 -0.008102057 1.155493259 -0.001095150 0.999936581 0.011207847 -1.847712636 0.008114835 -0.011198598 0.999904394 65.652038574
0.999966681 0.001469561 -0.008019236 1.167041063 -0.001379027 0.999935508 0.011283533 -1.863207817 0.008035298 -0.011272100 0.999904156 66.171463013
0.999967337 0.001580970 -0.007918874 1.184048891 -0.001488410 0.999930680 0.011680847 -1.887221813 0.007936792 -0.011668679 0.999900401 66.699325562
0.999967813 0.001654743 -0.007849892 1.175713062 -0.001562361 0.999929667 0.011760230 -1.896545172 0.007868799 -0.011747585 0.999900043 67.252769470
0.999967515 0.002449789 -0.007679884 1.184859991 -0.002358091 0.999926090 0.011926422 -1.911093712 0.007708535 -0.011907925 0.999899387 67.711425781
0.999966085 0.001445969 -0.008110502 1.199004889 -0.001349139 0.999927819 0.011931566 -1.925607443 0.008127171 -0.011920218 0.999895871 68.254135132
0.999964237 0.001508752 -0.008329100 1.202971220 -0.001407001 0.999924421 0.012208713 -1.936000109 0.008346891 -0.012196555 0.999890804 68.786827087
0.999967456 0.001491969 -0.007923441 1.216220498 -0.001396525 0.999926567 0.012037697 -1.957422018 0.007940818 -0.012026241 0.999896169 69.288909912
0.999965727 0.001573997 -0.008118497 1.231083870 -0.001474845 0.999924421 0.012204600 -1.974668503 0.008137093 -0.012192209 0.999892533 69.802650452
0.999966621 0.001804304 -0.007960291 1.230088353 -0.001708388 0.999926031 0.012039680 -1.984546065 0.007981425 -0.012025681 0.999895751 70.325614929
0.999967158 0.002914394 -0.007555205 1.244851351 -0.002821929 0.999921381 0.012220432 -2.002833843 0.007590227 -0.012198712 0.999896765 70.854324341
0.999967635 0.002252184 -0.007724850 1.241902709 -0.002156693 0.999921441 0.012347503 -2.008231640 0.007752052 -0.012330443 0.999893904 71.375411987
0.999966323 0.001979481 -0.007956735 1.248314381 -0.001880787 0.999921381 0.012392360 -2.014094830 0.007980640 -0.012376978 0.999891579 71.891975403
0.999971151 0.002605146 -0.007134357 1.248988152 -0.002517830 0.999922097 0.012220496 -2.024698019 0.007165640 -0.012202182 0.999899983 72.440650940
0.999970436 0.001892268 -0.007444139 1.241127968 -0.001799101 0.999920189 0.012502424 -2.031522512 0.007467200 -0.012488662 0.999894202 72.993499756
0.999971032 0.001726939 -0.007404564 1.260807395 -0.001635698 0.999922872 0.012310718 -2.044454575 0.007425252 -0.012298251 0.999896824 73.455764771
0.999971092 0.002486520 -0.007182448 1.275329947 -0.002396256 0.999918401 0.012548568 -2.058411360 0.007213064 -0.012530994 0.999895453 73.976875305
0.999972820 0.002327195 -0.006986273 1.238479376 -0.002240127 0.999920070 0.012444851 -2.085851669 0.007014676 -0.012428863 0.999898136 74.613662720
0.999974489 0.002350554 -0.006742405 1.283877492 -0.002265346 0.999917746 0.012617423 -2.092744827 0.006771509 -0.012601827 0.999897659 74.994392395
0.999972224 0.003180418 -0.006755467 1.252123356 -0.003093872 0.999913514 0.012783452 -2.114300728 0.006795540 -0.012762195 0.999895453 75.709991455
0.999971926 0.003377246 -0.006688962 1.279386282 -0.003293301 0.999916196 0.012521307 -2.112015724 0.006730688 -0.012498925 0.999899209 76.269454956
0.999969184 0.002812432 -0.007330382 1.298866391 -0.002718098 0.999913752 0.012847245 -2.122472525 0.007365883 -0.012826924 0.999890625 76.797554016
0.999971211 0.003227495 -0.006867500 1.295399666 -0.003142967 0.999919593 0.012283741 -2.114668369 0.006906594 -0.012261804 0.999900997 77.436645508
0.999970853 0.003723757 -0.006654089 1.302491426 -0.003643157 0.999920368 0.012084167 -2.132796764 0.006698559 -0.012059571 0.999904871 77.919570923
0.999979317 0.003961531 -0.005085332 1.314246655 -0.003898857 0.999916971 0.012275958 -2.145456076 0.005133543 -0.012255875 0.999911666 78.439987183
0.999985039 0.003650491 -0.004066672 1.341349959 -0.003600781 0.999919474 0.012165009 -2.147425652 0.004110752 -0.012150181 0.999917746 79.012275696
0.999988019 0.004240348 -0.002445802 1.333829880 -0.004209885 0.999915123 0.012328196 -2.168531895 0.002497870 -0.012317753 0.999920964 79.533500671
0.999990880 0.004053166 -0.001302558 1.343483448 -0.004036610 0.999914050 0.012471180 -2.178742409 0.001352993 -0.012465810 0.999921381 80.093307495
0.999985039 0.004865358 0.002526425 1.355229020 -0.004896342 0.999911070 0.012406212 -2.194208622 -0.002465839 -0.012418396 0.999919832 80.643852234
0.999976516 0.004279310 0.005356284 1.387506962 -0.004345596 0.999913335 0.012425572 -2.203165054 -0.005302647 -0.012448556 0.999908447 81.226577759
0.999970198 0.003397820 0.006941220 1.432247519 -0.003483434 0.999917507 0.012359488 -2.227309227 -0.006898651 -0.012383297 0.999899507 81.729202271
0.999915063 0.004519276 0.012229267 1.431762218 -0.004659861 0.999923110 0.011491882 -2.193928719 -0.012176391 -0.011547892 0.999859154 82.313369751
0.999844313 0.003762465 0.017242283 1.463637352 -0.003980090 0.999912679 0.012604796 -2.218515396 -0.017193351 -0.012671459 0.999771833 82.847961426
0.999731481 0.002611547 0.023023786 1.507028699 -0.002886946 0.999924600 0.011936432 -2.219101429 -0.022990877 -0.011999697 0.999663651 83.348091125
0.999515533 0.004886971 0.030738058 1.511811137 -0.005269628 0.999909461 0.012380308 -2.260492802 -0.030674776 -0.012536288 0.999450743 84.047195435
0.999276280 0.003856024 0.037843168 1.536967158 -0.004287940 0.999926507 0.011338836 -2.227713585 -0.037796661 -0.011492898 0.999219358 84.574638367
0.998883784 0.005114654 0.046957336 1.605626106 -0.005679683 0.999912977 0.011907330 -2.276212692 -0.046892341 -0.012160742 0.998826027 85.151084900
0.998538852 0.004655531 0.053837888 1.664747953 -0.005316976 0.999912083 0.012149135 -2.289143801 -0.053776577 -0.012417638 0.998475909 85.713279724
0.998043537 0.004222141 0.062382285 1.717005968 -0.004948718 0.999921679 0.011497240 -2.291224480 -0.062328864 -0.011783455 0.997986019 86.262565613
0.997349620 0.004324299 0.072629437 1.782292843 -0.005197335 0.999916434 0.011835732 -2.309935093 -0.072572187 -0.012181842 0.997288764 86.802902222
0.996666193 0.004089842 0.081483923 1.839111805 -0.005057080 0.999919116 0.011667454 -2.313187599 -0.081429623 -0.012040628 0.996606350 87.362411499
0.996012032 0.003550442 0.089148626 1.912322521 -0.004580898 0.999925017 0.011356922 -2.320686817 -0.089101605 -0.011720011 0.995953560 87.913063049
0.995030582 0.003162648 0.099518150 1.998885155 -0.004316214 0.999925911 0.011378352 -2.337834358 -0.099474780 -0.011751351 0.994970679 88.447998047
0.993930161 0.003160443 0.109968506 2.080884457 -0.004454852 0.999923646 0.011527023 -2.347392321 -0.109923676 -0.011946947 0.993868232 89.011375427
0.992902815 0.002078054 0.118910626 2.171505928 -0.003443688 0.999930441 0.011280226 -2.361752033 -0.118878908 -0.011609657 0.992840886 89.534469604
0.991480470 0.002944192 0.130221948 2.261498451 -0.004514917 0.999920487 0.011768322 -2.372939587 -0.130176961 -0.012256004 0.991415024 90.097076416
0.989837468 0.002650708 0.142178804 2.367638588 -0.004284189 0.999928296 0.011184037 -2.381781816 -0.142138973 -0.011679498 0.989777803 90.641685486
0.988216400 0.002249752 0.153046742 2.473345757 -0.003990428 0.999930739 0.011067270 -2.393182755 -0.153011218 -0.011547578 0.988156974 91.198242188
0.986682832 0.001810955 0.162645832 2.584477425 -0.003668125 0.999931455 0.011118916 -2.398651123 -0.162614584 -0.011567448 0.986621857 91.763671875
0.984659195 0.001293695 0.174484387 2.707401276 -0.003251182 0.999934971 0.010933326 -2.411616087 -0.174458906 -0.011332879 0.984599233 92.296150208
0.982399881 0.000376863 0.186789647 2.840084076 -0.002390240 0.999941409 0.010553746 -2.423202753 -0.186774701 -0.010814469 0.982343256 92.813056946
0.980193317 0.001240620 0.198039174 2.962475777 -0.003416910 0.999937415 0.010647841 -2.433554411 -0.198013619 -0.011113623 0.980136275 93.346122742
0.977372408 0.001203576 0.211522341 3.103944778 -0.003448050 0.999941587 0.010242526 -2.447077990 -0.211497664 -0.010740100 0.977319479 93.884490967
0.974517763 -0.000406501 0.224310547 3.264375687 -0.002005522 0.999942601 0.010525118 -2.441995859 -0.224301979 -0.010706770 0.974460900 94.470108032
0.971813738 -0.000425672 0.235749990 3.418292999 -0.002104050 0.999942899 0.010478867 -2.459476948 -0.235740989 -0.010679536 0.971757293 95.000709534
0.968784988 -0.000684854 0.247901291 3.587448120 -0.001992148 0.999942362 0.010547657 -2.484901190 -0.247894242 -0.010712269 0.968727887 95.466934204
0.965192556 -0.001218150 0.261537462 3.761808395 -0.001606605 0.999942601 0.010586492 -2.496318340 -0.261535317 -0.010638190 0.965135276 95.989112854
0.961649776 -0.001519125 0.274276167 3.942378998 -0.001505721 0.999940336 0.010817602 -2.514102459 -0.274276257 -0.010815728 0.961590111 96.516868591
0.958453476 -0.002115710 0.285241455 4.135255814 -0.001092656 0.999937952 0.011088285 -2.530775309 -0.285247177 -0.010939274 0.958391547 97.032104492
0.954431951 -0.002818165 0.298415393 4.332901001 -0.000453152 0.999940574 0.010892538 -2.534985065 -0.298428297 -0.010531414 0.954373956 97.551780701
0.949907422 -0.003208738 0.312514931 4.534774780 -0.000295896 0.999937594 0.011166224 -2.551439285 -0.312531263 -0.010699349 0.949847221 98.066894531
0.946103334 -0.003770628 0.323842734 4.744823456 0.000177636 0.999938130 0.011123707 -2.560681343 -0.323864609 -0.010466653 0.946045518 98.589218140
0.941802263 -0.003951437 0.336143911 4.965335846 0.000210211 0.999937773 0.011165494 -2.578811646 -0.336167037 -0.010445029 0.941744447 99.082534790
0.936682761 -0.004340273 0.350152075 5.188812256 0.000430595 0.999936700 0.011242732 -2.587613106 -0.350178748 -0.010380100 0.936625361 99.606101990
0.932048321 -0.004792162 0.362302065 5.413496017 0.000730577 0.999935269 0.011346656 -2.593451977 -0.362333030 -0.010310943 0.931991637 100.118896484
0.927312016 -0.005051952 0.374255091 5.631155014 0.001030309 0.999939501 0.010945019 -2.606006384 -0.374287754 -0.009763849 0.927261233 100.627655029
0.921715319 -0.005737474 0.387824655 5.883140564 0.001587152 0.999937952 0.011020997 -2.616226673 -0.387863904 -0.009542687 0.921667278 101.129913330
0.916335464 -0.006293090 0.400361925 6.134677887 0.002157055 0.999939561 0.010780553 -2.622321129 -0.400405556 -0.009015000 0.916293681 101.636466980
0.911639929 -0.006952620 0.410931081 6.389904022 0.002721798 0.999937117 0.010879889 -2.636879921 -0.410980880 -0.008800066 0.911601484 102.136428833
0.906459630 -0.007658296 0.422223210 6.654426575 0.003329284 0.999934137 0.010989281 -2.650791168 -0.422279537 -0.008555639 0.906425238 102.612808228
0.899619818 -0.007858091 0.436603129 6.914325714 0.003390507 0.999933600 0.011010918 -2.661919832 -0.436660707 -0.008425334 0.899586797 103.130386353
0.893775284 -0.008324709 0.448437780 7.190376282 0.003724623 0.999931037 0.011139024 -2.671723843 -0.448499590 -0.008285522 0.893744648 103.630950928
0.888102472 -0.009488462 0.459547609 7.463352203 0.004797283 0.999923825 0.011374791 -2.679654360 -0.459620535 -0.007897399 0.888080299 104.116729736
0.880932927 -0.009190906 0.473151803 7.753040314 0.004426330 0.999927640 0.011182333 -2.691333771 -0.473220408 -0.007756561 0.880909920 104.598487854
