1.000000000 0.000000000 0.000000000 0.000000000 0.000000000 1.000000000 0.000000000 0.000000000 0.000000000 0.000000000 1.000000000 0.000000000
1.000000000 -0.000046144 -0.000146964 0.003520250 0.000046159 1.000000000 0.000100078 -0.002989996 0.000146959 -0.000100085 1.000000000 -0.001334411
1.000000000 0.000054649 0.000035169 0.000414729 -0.000054651 1.000000000 0.000063632 -0.002287672 -0.000035166 -0.000063634 1.000000000 -0.002751714
1.000000000 -0.000110638 -0.000167141 0.006782442 0.000110665 1.000000000 0.000159727 -0.002938047 0.000167123 -0.000159745 1.000000000 -0.003812598
1.000000000 -0.000075906 -0.000105431 0.001708204 0.000075911 1.000000000 0.000042694 -0.000154222 0.000105428 -0.000042702 1.000000000 0.000914375
1.000000000 -0.000047588 0.000070918 -0.000270487 0.000047591 1.000000000 -0.000037619 -0.001032661 -0.000070916 0.000037623 1.000000000 -0.000894331
1.000000000 -0.000146184 -0.000146839 0.004906647 0.000146206 1.000000000 0.000147299 -0.003019356 0.000146818 -0.000147321 1.000000000 -0.007147726
1.000000000 -0.000138295 -0.000068782 -0.000861353 0.000138296 1.000000000 0.000008592 0.000672589 0.000068781 -0.000008601 1.000000000 0.001234867
1.000000000 -0.000022719 -0.000099946 0.002833561 0.000022724 1.000000000 0.000056350 -0.002865972 0.000099945 -0.000056352 1.000000000 -0.008538521
1.000000000 0.000012093 0.000022197 0.001438472 -0.000012095 1.000000000 0.000111778 -0.002302123 -0.000022195 -0.000111779 1.000000000 -0.006794909
1.000000000 0.000097216 0.000098066 -0.001569247 -0.000097216 1.000000000 0.000003651 -0.001218058 -0.000098066 -0.000003660 1.000000000 -0.004484551
1.000000000 -0.000136719 -0.000004003 0.000127645 0.000136719 1.000000000 0.000064561 -0.003510442 0.000003994 -0.000064561 1.000000000 -0.008863308
1.000000000 -0.000065120 0.000031254 0.000453780 0.000065119 1.000000000 0.000047794 -0.001728304 -0.000031257 -0.000047792 1.000000000 -0.006249183
1.000000000 -0.000051384 -0.000004916 0.001268127 0.000051385 1.000000000 0.000084496 -0.001963206 0.000004912 -0.000084496 1.000000000 -0.006963362
1.000000000 -0.000188119 -0.000077292 0.001037557 0.000188130 1.000000000 0.000147018 -0.001338585 0.000077265 -0.000147032 1.000000000 -0.007633754
0.999999940 -0.000270358 -0.000092581 -0.000306361 0.000270366 0.999999940 0.000085618 -0.002136209 0.000092558 -0.000085643 1.000000000 -0.007807866
1.000000000 -0.000243509 0.000005414 0.000699102 0.000243509 0.999999940 0.000090653 -0.001654778 -0.000005436 -0.000090652 1.000000000 -0.008809222
1.000000000 0.000013468 0.000010238 0.002116705 -0.000013469 1.000000000 0.000160313 -0.003665015 -0.000010236 -0.000160313 1.000000000 -0.010700945
0.999999940 -0.000239927 -0.000069694 0.002570534 0.000239937 0.999999940 0.000144634 -0.004708288 0.000069660 -0.000144651 1.000000000 -0.010270935
1.000000000 -0.000203066 -0.000022448 0.001752357 0.000203067 1.000000000 0.000065730 -0.004215169 0.000022435 -0.000065735 1.000000000 -0.009851078
1.000000000 -0.000066808 -0.000024164 0.003567211 0.000066813 1.000000000 0.000206320 -0.006027281 0.000024150 -0.000206322 1.000000000 -0.011082871
1.000000000 0.000060687 0.000044658 -0.000019447 -0.000060692 1.000000000 0.000113730 -0.001466749 -0.000044651 -0.000113733 1.000000000 -0.007380412
0.999999940 -0.000272966 -0.000187638 0.006374448 0.000272996 0.999999940 0.000163499 -0.003648168 0.000187594 -0.000163550 0.999999940 -0.014777433
0.999999940 -0.000245869 -0.000093592 0.001559953 0.000245889 0.999999940 0.000212558 -0.003548836 0.000093539 -0.000212581 1.000000000 -0.007067592
1.000000000 -0.000035858 -0.000105508 0.005875266 0.000035881 1.000000000 0.000219092 -0.003665423 0.000105500 -0.000219096 1.000000000 -0.016190821
1.000000000 -0.000070072 -0.000059758 0.001591326 0.000070085 1.000000000 0.000207360 -0.003186704 0.000059743 -0.000207365 1.000000000 -0.012979472
1.000000000 -0.000128710 -0.000035892 0.000352617 0.000128716 1.000000000 0.000186048 -0.004894408 0.000035868 -0.000186052 1.000000000 -0.013912571
1.000000000 -0.000064869 -0.000032791 0.001826418 0.000064875 1.000000000 0.000187115 -0.003847980 0.000032779 -0.000187117 1.000000000 -0.006759775
0.999999940 -0.000246877 -0.000113199 0.000017805 0.000246893 0.999999940 0.000144559 -0.000650129 0.000113163 -0.000144587 1.000000000 -0.007765494
1.000000000 -0.000085058 -0.000092585 0.002121689 0.000085075 1.000000000 0.000184245 -0.002560569 0.000092570 -0.000184253 1.000000000 -0.008152887
1.000000000 -0.000206434 -0.000040292 -0.000263467 0.000206440 0.999999940 0.000161993 -0.001514736 0.000040259 -0.000162001 1.000000000 -0.002451868
1.000000000 -0.000220689 -0.000077662 -0.001045579 0.000220709 0.999999940 0.000259972 -0.003250037 0.000077604 -0.000259989 0.999999940 -0.009247443
0.999999940 -0.000287070 -0.000154292 0.003781543 0.000287113 0.999999940 0.000282989 -0.003751754 0.000154211 -0.000283033 0.999999940 -0.012066341
1.000000000 -0.000031892 -0.000068898 0.000618305 0.000031897 1.000000000 0.000070057 -0.001283239 0.000068896 -0.000070060 1.000000000 -0.005036059
1.000000000 -0.000202329 -0.000097952 0.001868410 0.000202338 1.000000000 0.000085961 -0.001607957 0.000097934 -0.000085981 1.000000000 -0.004316609
0.999999940 -0.000243814 -0.000105657 -0.000634488 0.000243812 0.999999940 -0.000016253 -0.000410722 0.000105661 0.000016227 1.000000000 -0.008359838
0.999999940 -0.000322092 -0.000205975 0.004866070 0.000322115 0.999999940 0.000109003 -0.001777898 0.000205940 -0.000109069 1.000000000 -0.012502464
1.000000000 -0.000230431 -0.000050881 0.000584481 0.000230434 1.000000000 0.000067641 -0.000180172 0.000050866 -0.000067652 1.000000000 -0.007439086
1.000000000 -0.000082472 -0.000081180 0.000192120 0.000082495 0.999999940 0.000292914 -0.002718782 0.000081155 -0.000292921 0.999999940 -0.010726936
0.999999940 -0.000285046 -0.000242568 0.004911384 0.000285087 0.999999940 0.000170264 -0.005310539 0.000242519 -0.000170333 0.999999940 -0.006871254
1.000000000 -0.000122738 -0.000179170 0.008197152 0.000122666 0.999999940 -0.000398275 -0.008774726 0.000179219 0.000398253 0.999999881 0.041720752
1.000000000 -0.000139914 -0.000191433 0.007820161 0.000139699 0.999999344 -0.001125899 -0.006749627 0.000191590 0.001125872 0.999999344 0.143185809
1.000000000 -0.000073023 -0.000005951 0.002679485 0.000073015 0.999999225 -0.001253386 -0.012791296 0.000006042 0.001253386 0.999999225 0.262754679
0.999999940 -0.000345889 0.000130872 0.003763658 0.000346038 0.999999285 -0.001138088 -0.016174030 -0.000130478 0.001138133 0.999999344 0.385751575
1.000000000 0.000090398 -0.000038198 0.007458039 -0.000090437 0.999999464 -0.001017759 -0.023327488 0.000038106 0.001017762 0.999999464 0.532287896
0.999999940 0.000165265 0.000276880 0.005953599 -0.000164997 0.999999523 -0.000964163 -0.035513565 -0.000277040 0.000964117 0.999999523 0.680713415
0.999999940 0.000010800 0.000374300 0.021108719 -0.000010539 0.999999762 -0.000695800 -0.036403194 -0.000374307 0.000695796 0.999999702 0.848694086
0.999999940 -0.000069313 0.000240473 0.018648306 0.000069470 0.999999762 -0.000649859 -0.037310284 -0.000240428 0.000649876 0.999999762 1.022080898
0.999999881 0.000198391 0.000505670 0.017337909 -0.000198019 0.999999702 -0.000736872 -0.033705309 -0.000505816 0.000736771 0.999999583 1.190444469
1.000000000 -0.000127691 0.000098284 0.040814951 0.000127740 0.999999881 -0.000497497 -0.050276607 -0.000098220 0.000497510 0.999999881 1.412803173
0.999999821 0.000436446 0.000397615 0.031571742 -0.000436243 0.999999762 -0.000509948 -0.061170343 -0.000397838 0.000509774 0.999999762 1.605607629
0.999999762 0.000115234 0.000685955 0.024707522 -0.000115256 1.000000000 0.000031820 -0.068785973 -0.000685951 -0.000031899 0.999999762 1.788154602
0.999997735 -0.002121959 -0.000213555 0.049346905 0.002122280 0.999996603 0.001516653 -0.092361070 0.000210336 -0.001517103 0.999998808 1.926021338
0.999998510 -0.001740165 0.000135088 0.052626882 0.001739948 0.999997199 0.001592886 -0.099648491 -0.000137860 -0.001592649 0.999998689 2.150387049
0.999997914 -0.001972975 -0.000577563 0.066004559 0.001973975 0.999996543 0.001734869 -0.107299410 0.000574138 -0.001736005 0.999998331 2.356213570
0.999997795 -0.002031248 -0.000547910 0.072073035 0.002032255 0.999996245 0.001843930 -0.119127102 0.000544162 -0.001845040 0.999998152 2.579925060
0.999998093 -0.001944455 -0.000130009 0.074192956 0.001944708 0.999996185 0.001978482 -0.120376535 0.000126161 -0.001978731 0.999998033 2.821239710
0.999995828 -0.002694935 -0.000974124 0.089636467 0.002696967 0.999994159 0.002091053 -0.130479366 0.000968483 -0.002093671 0.999997258 3.044182301
0.999995649 -0.002730658 -0.001104680 0.096862167 0.002732763 0.999994397 0.001908491 -0.135713473 0.001099462 -0.001911502 0.999997497 3.291949511
0.999997020 -0.002338992 -0.000690921 0.095212720 0.002340447 0.999994993 0.002112524 -0.144716427 0.000685976 -0.002114135 0.999997497 3.537091494
0.999996543 -0.002269021 -0.001311736 0.113958545 0.002271671 0.999995291 0.002021732 -0.144821033 0.001307142 -0.002024705 0.999997020 3.789742231
0.999988735 -0.004140263 -0.002333809 0.123788312 0.004146610 0.999987662 0.002721109 -0.176764071 0.002322515 -0.002730755 0.999993563 4.025919437
0.999991179 -0.003687010 -0.001987390 0.123365186 0.003693007 0.999988556 0.003022614 -0.184793338 0.001976223 -0.003029927 0.999993384 4.278697968
0.999990761 -0.003688924 -0.002170426 0.137439266 0.003695772 0.999988139 0.003160178 -0.190892503 0.002158742 -0.003168171 0.999992609 4.552625656
0.999988437 -0.004116633 -0.002492287 0.145424724 0.004124478 0.999986529 0.003150749 -0.201337487 0.002479283 -0.003160991 0.999991894 4.803308487
0.999987602 -0.004185510 -0.002696005 0.145263717 0.004194857 0.999985158 0.003470311 -0.208250165 0.002681440 -0.003481577 0.999990284 5.054204464
0.999984205 -0.004664517 -0.003111843 0.152292028 0.004676013 0.999982238 0.003697289 -0.222150058 0.003094541 -0.003711782 0.999988317 5.316228390
0.999989927 -0.003843851 -0.002289238 0.136635587 0.003852391 0.999985635 0.003738077 -0.229247510 0.002274836 -0.003746859 0.999990404 5.557904720
0.999994457 -0.002717367 -0.001934119 0.138997376 0.002724928 0.999988556 0.003917360 -0.243986815 0.001923452 -0.003922608 0.999990404 5.822688103
0.999994993 -0.002868693 -0.001272990 0.128436327 0.002873588 0.999988377 0.003860400 -0.255843163 0.001261901 -0.003864039 0.999991715 6.082609177
0.999993622 -0.003368718 -0.001168041 0.132746354 0.003373625 0.999985397 0.004224943 -0.265230030 0.001153792 -0.004228857 0.999990404 6.355310917
0.999995887 -0.002665706 -0.001041759 0.137101099 0.002669791 0.999988735 0.003939488 -0.273136824 0.001031246 -0.003942253 0.999991655 6.653054237
0.999993503 -0.003333843 -0.001372093 0.145822912 0.003338876 0.999987721 0.003682019 -0.271676958 0.001359801 -0.003686576 0.999992251 6.942579269
0.999991059 -0.003810523 -0.001820907 0.164426297 0.003817847 0.999984622 0.004035483 -0.286604136 0.001805501 -0.004042399 0.999990165 7.234522820
0.999995053 -0.002979041 -0.000986358 0.154347926 0.002983108 0.999986947 0.004148421 -0.295138359 0.000973987 -0.004151343 0.999990880 7.538793087
0.999995232 -0.002920656 -0.001016544 0.160160601 0.002924877 0.999987125 0.004175718 -0.308297276 0.001004335 -0.004178672 0.999990761 7.852350235
0.999995887 -0.002806675 -0.000648610 0.159308046 0.002809240 0.999988139 0.003988956 -0.311657101 0.000637406 -0.003990762 0.999991834 8.186934471
0.999994934 -0.003042661 -0.000966306 0.173235759 0.003046599 0.999986947 0.004099644 -0.312315255 0.000953819 -0.004102567 0.999991059 8.514020920
0.999996006 -0.002689110 -0.000840302 0.171865135 0.002692823 0.999986470 0.004449515 -0.324510843 0.000828325 -0.004451760 0.999989748 8.854803085
0.999996781 -0.002475098 -0.000615123 0.182957053 0.002477552 0.999988854 0.004020246 -0.330071181 0.000605166 -0.004021758 0.999991715 9.202914238
0.999994040 -0.003438025 -0.000326634 0.175504953 0.003439455 0.999984026 0.004483214 -0.343117625 0.000311215 -0.004484310 0.999989867 9.549539566
0.999995470 -0.002949267 -0.000744196 0.186206698 0.002952358 0.999986887 0.004186904 -0.352067441 0.000731839 -0.004189082 0.999990940 9.878693581
0.999989986 -0.004279367 -0.001303581 0.181715086 0.004286756 0.999974430 0.005719026 -0.428324431 0.001279074 -0.005724557 0.999982774 10.188335419
0.999987841 -0.004787520 -0.001212232 0.190077066 0.004794395 0.999972045 0.005733298 -0.436191678 0.001184750 -0.005739039 0.999982834 10.543603897
0.999987781 -0.004806611 -0.001150474 0.190755397 0.004813886 0.999967873 0.006406545 -0.449336380 0.001119643 -0.006412005 0.999978781 10.921844482
0.999987304 -0.004967504 -0.000949113 0.202387109 0.004973578 0.999966443 0.006507255 -0.461288035 0.000916756 -0.006511892 0.999978364 11.288098335
0.999987066 -0.005059964 -0.000570520 0.222315714 0.005063319 0.999968886 0.006041491 -0.459069848 0.000539932 -0.006044301 0.999981582 11.672411919
0.999987781 -0.004930259 -0.000407934 0.209317118 0.004932570 0.999970615 0.005872879 -0.469176829 0.000378967 -0.005874819 0.999982655 12.036941528
0.999994993 -0.003164196 -0.000153642 0.223827675 0.003165185 0.999970973 0.006925949 -0.495561421 0.000131722 -0.006926401 0.999975979 12.392384529
0.999991000 -0.004195284 -0.000662209 0.219922692 0.004199909 0.999965668 0.007145224 -0.518507361 0.000632210 -0.007147941 0.999974251 12.747482300
0.999991298 -0.003983652 -0.001314344 0.232685074 0.003993058 0.999965906 0.007233553 -0.532189786 0.001285483 -0.007238738 0.999972939 13.127609253
0.999990940 -0.004194983 -0.000638840 0.244540855 0.004199654 0.999963105 0.007495847 -0.534536302 0.000607371 -0.007498462 0.999971688 13.557765961
0.999995828 -0.002877548 -0.000047744 0.232245937 0.002877837 0.999963820 0.008011097 -0.544183016 0.000024689 -0.008011201 0.999967933 13.964957237
0.999994099 -0.003421617 -0.000028907 0.228089973 0.003421738 0.999963462 0.007841229 -0.559961319 0.000002076 -0.007841282 0.999969304 14.400235176
0.999992132 -0.003956249 0.000381608 0.223358274 0.003952825 0.999955356 0.008588667 -0.582475066 -0.000415570 -0.008587091 0.999963105 14.796651840
0.999987781 -0.004951014 0.000016524 0.284399152 0.004950688 0.999950826 0.008596339 -0.612274408 -0.000059084 -0.008596152 0.999963045 15.308259010
0.999982953 -0.005829066 0.000162415 0.298631251 0.005827049 0.999928415 0.010452691 -0.716664195 -0.000223333 -0.010451566 0.999945343 15.626553535
0.999975562 -0.006931127 -0.000910293 0.319997966 0.006940179 0.999922395 0.010350347 -0.723337770 0.000838483 -0.010356412 0.999945998 16.066707611
0.999981821 -0.006045870 -0.000059830 0.324162543 0.006046165 0.999928057 0.010367436 -0.727568984 -0.000002854 -0.010367610 0.999946237 16.525901794
0.999975681 -0.006950126 0.000428995 0.336607069 0.006945530 0.999926686 0.009918003 -0.730977058 -0.000497895 -0.009914783 0.999950707 17.002885818
0.999979913 -0.006355455 0.000151150 0.341075033 0.006353450 0.999921441 0.010806871 -0.743048728 -0.000219820 -0.010805692 0.999941528 17.477497101
0.999985993 -0.005236849 0.000812317 0.358448803 0.005227388 0.999923229 0.011240572 -0.748754382 -0.000871120 -0.011236168 0.999936402 17.917205811
0.999980688 -0.005939653 0.001837976 0.340717673 0.005918112 0.999916196 0.011511754 -0.783707738 -0.001906198 -0.011500654 0.999932051 18.266304016
0.999980509 -0.006076189 0.001446565 0.365318775 0.006059969 0.999921501 0.010964800 -0.783900440 -0.001513076 -0.010955820 0.999938846 18.750078201
0.999977350 -0.006527917 0.001644367 0.378087163 0.006508351 0.999911129 0.011635797 -0.797940135 -0.001720177 -0.011624830 0.999930978 19.213575363
0.999986529 -0.004729705 0.002119071 0.368420869 0.004704543 0.999920189 0.011725246 -0.811893523 -0.002174359 -0.011715119 0.999929011 19.715358734
0.999984860 -0.005210846 0.001783418 0.376166731 0.005189169 0.999915063 0.011950822 -0.819467425 -0.001845540 -0.011941385 0.999927044 20.201915741
0.999981105 -0.006009288 0.001307186 0.403980643 0.005993110 0.999909401 0.012047454 -0.844711483 -0.001379464 -0.012039392 0.999926507 20.554254532
0.999981105 -0.006091148 0.000934473 0.412297606 0.006079845 0.999913514 0.011657135 -0.839417994 -0.001005397 -0.011651232 0.999931633 21.065269470
0.999981999 -0.005945621 0.000855376 0.415884137 0.005935287 0.999914825 0.011615821 -0.859319866 -0.000924366 -0.011610534 0.999932170 21.604618073
0.999980986 -0.006162554 0.000202608 0.430264920 0.006159760 0.999912500 0.011707688 -0.864122391 -0.000274739 -0.011706217 0.999931395 22.087903976
0.999966681 -0.008134581 -0.000608410 0.428265780 0.008141667 0.999885857 0.012726866 -0.893745601 0.000504813 -0.012731396 0.999918818 22.471439362
0.999968529 -0.007857327 -0.001129373 0.434497088 0.007871246 0.999885917 0.012898176 -0.907386541 0.001027898 -0.012906659 0.999916196 23.003454208
0.999978244 -0.006585782 -0.000280876 0.421237618 0.006588859 0.999895096 0.012901871 -0.915804625 0.000195877 -0.012903442 0.999916732 23.564178467
0.999968410 -0.007604116 -0.002311359 0.441906542 0.007633179 0.999888480 0.012836860 -0.928179026 0.002213489 -0.012854097 0.999914944 23.969673157
0.999967158 -0.007541971 -0.002972341 0.453353226 0.007579467 0.999889195 0.012812211 -0.929508626 0.002875382 -0.012834318 0.999913514 24.501367569
0.999969542 -0.006844598 -0.003751292 0.455185652 0.006892104 0.999894321 0.012800279 -0.931578040 0.003663283 -0.012825745 0.999911010 25.059793472
0.999959886 -0.008035257 -0.003962176 0.453509122 0.008087832 0.999877036 0.013436893 -0.956907690 0.003853720 -0.013468400 0.999901891 25.464307785
0.999955475 -0.008226554 -0.004624889 0.466276407 0.008289660 0.999870479 0.013795547 -0.958636284 0.004510800 -0.013833272 0.999894142 26.015701294
0.999957740 -0.007826982 -0.004838204 0.475519091 0.007893828 0.999871433 0.013954796 -0.980667591 0.004728359 -0.013992398 0.999890924 26.562042236
0.999955893 -0.007618798 -0.005508651 0.496397376 0.007698757 0.999863207 0.014642360 -0.999130845 0.005396341 -0.014684124 0.999877572 27.116022110
0.999959767 -0.007185243 -0.005374946 0.460752428 0.007262494 0.999868572 0.014493778 -1.007757187 0.005270098 -0.014532231 0.999880433 27.525770187
0.999958515 -0.007175677 -0.005618239 0.469730377 0.007258882 0.999862194 0.014932180 -1.025777102 0.005510315 -0.014972342 0.999872684 28.069007874
0.999962807 -0.006838183 -0.005274554 0.459504545 0.006916355 0.999864340 0.014947267 -1.032264709 0.005171626 -0.014983192 0.999874353 28.647787094
0.999947667 -0.008127822 -0.006212782 0.456221521 0.008220384 0.999853313 0.015020957 -1.049767733 0.006089783 -0.015071241 0.999867857 29.055589676
0.999946535 -0.007978243 -0.006573639 0.475123346 0.008076661 0.999853611 0.015083627 -1.064263582 0.006452336 -0.015135915 0.999864638 29.597000122
0.999949157 -0.007820783 -0.006376846 0.472881317 0.007916372 0.999854505 0.015105010 -1.074592590 0.006257786 -0.015154722 0.999865592 30.146423340
0.999940693 -0.008016060 -0.007370658 0.498987764 0.008131827 0.999841869 0.015812997 -1.093181014 0.007242735 -0.015871998 0.999847770 30.692886353
0.999942064 -0.007652235 -0.007568964 0.495326608 0.007765433 0.999856651 0.015040938 -1.102901101 0.007452783 -0.015098841 0.999858201 31.058336258
0.999942958 -0.007534299 -0.007566375 0.495074332 0.007642012 0.999868393 0.014309235 -1.094244480 0.007457570 -0.014366240 0.999868989 31.605485916
0.999952555 -0.006595426 -0.007167554 0.485579669 0.006698903 0.999872208 0.014509954 -1.109432936 0.007070939 -0.014557280 0.999869049 32.142421722
0.999944568 -0.007340559 -0.007540909 0.486040562 0.007457115 0.999851286 0.015546487 -1.127795458 0.007425667 -0.015601858 0.999850750 32.648242950
0.999929428 -0.008712846 -0.008076156 0.492372811 0.008846140 0.999822795 0.016618684 -1.153675079 0.007929930 -0.016688954 0.999829292 33.033256531
0.999932051 -0.008610545 -0.007860242 0.489564508 0.008737560 0.999829531 0.016270496 -1.151742339 0.007718805 -0.016338067 0.999836683 33.553085327
0.999926686 -0.008435197 -0.008687266 0.506870806 0.008575824 0.999830782 0.016279781 -1.164852142 0.008548473 -0.016353087 0.999829769 34.080104828
0.999928355 -0.008437300 -0.008490332 0.504791915 0.008577708 0.999824822 0.016639274 -1.180072308 0.008348454 -0.016710911 0.999825478 34.639396667
0.999928355 -0.008583430 -0.008340634 0.483965546 0.008721991 0.999822080 0.016720835 -1.192422867 0.008195629 -0.016792383 0.999825358 35.079082489
0.999915361 -0.009333433 -0.009067466 0.499530494 0.009485634 0.999812305 0.016890058 -1.206893682 0.008908123 -0.016974637 0.999816239 35.638633728
0.999922276 -0.008750925 -0.008886733 0.495312512 0.008893674 0.999829948 0.016152721 -1.204638004 0.008743870 -0.016230499 0.999830067 36.159797668
0.999906123 -0.009797975 -0.009577254 0.506214619 0.009961981 0.999801934 0.017229576 -1.222848415 0.009406542 -0.017323365 0.999805689 36.685012817
0.999897957 -0.009933945 -0.010271374 0.526606679 0.010104028 0.999810398 0.016641755 -1.216170788 0.010104108 -0.016743837 0.999808788 37.266799927
0.999896348 -0.010197469 -0.010169600 0.520187497 0.010366297 0.999807000 0.016689058 -1.229742050 0.009997451 -0.016792746 0.999809027 37.797161102
0.999891818 -0.010898799 -0.009872347 0.509402215 0.011086051 0.999755740 0.019115515 -1.293374062 0.009661601 -0.019222893 0.999768496 38.094043732
0.999901712 -0.010189696 -0.009626286 0.513068080 0.010363119 0.999781668 0.018140759 -1.295698404 0.009439337 -0.018238734 0.999789059 38.633460999
0.999903917 -0.010056123 -0.009533601 0.528289676 0.010226467 0.999785841 0.017990686 -1.296795368 0.009350642 -0.018086456 0.999792695 39.180313110
0.999899983 -0.010095227 -0.009905271 0.539305568 0.010272587 0.999784768 0.018021217 -1.297511578 0.009721211 -0.018121166 0.999788582 39.743247986
0.999894261 -0.010512079 -0.010045912 0.534561396 0.010690269 0.999783397 0.017851507 -1.294752836 0.009856081 -0.017957015 0.999790192 40.260437012
0.999893486 -0.010402538 -0.010238262 0.550501704 0.010593345 0.999767780 0.018762309 -1.326863408 0.010040708 -0.018868767 0.999771595 40.788520813
0.999881983 -0.011518611 -0.010164942 0.534304440 0.011712946 0.999745607 0.019270195 -1.312099218 0.009940392 -0.019386983 0.999762654 41.290691376
0.999904394 -0.010163371 -0.009375049 0.492951572 0.010342488 0.999760985 0.019259218 -1.353336573 0.009177071 -0.019354338 0.999770522 41.641334534
0.999906659 -0.009628613 -0.009696655 0.497277081 0.009805213 0.999783814 0.018332837 -1.348506451 0.009518039 -0.018426204 0.999784887 42.185131073
0.999910891 -0.009367767 -0.009505287 0.505245686 0.009534477 0.999798775 0.017647708 -1.342334390 0.009338054 -0.017736763 0.999799073 42.735240936
0.999911308 -0.008871405 -0.009926351 0.519915760 0.009040540 0.999812484 0.017125975 -1.334652543 0.009772559 -0.017214196 0.999804080 43.261383057
0.999926984 -0.007034235 -0.009829615 0.517480493 0.007190906 0.999846160 0.015995286 -1.348860502 0.009715589 -0.016064798 0.999823749 43.770465851
0.999933660 -0.007423746 -0.008804585 0.498566866 0.007573401 0.999825299 0.017087596 -1.371488094 0.008676194 -0.017153144 0.999815226 44.261390686
0.999935210 -0.006728703 -0.009175259 0.548861980 0.006900902 0.999798179 0.018867064 -1.426737070 0.009046456 -0.018929161 0.999779880 44.643424988
0.999925911 -0.007148773 -0.009856701 0.574190855 0.007333069 0.999796569 0.018789811 -1.425106406 0.009720372 -0.018860696 0.999774873 45.174980164
0.999930799 -0.006712591 -0.009657633 0.559011579 0.006895991 0.999794126 0.019083915 -1.437712431 0.009527543 -0.019149195 0.999771178 45.735359192
0.999941111 -0.006061471 -0.009003778 0.544458985 0.006221958 0.999820352 0.017904779 -1.429914832 0.008893631 -0.017959744 0.999799132 46.267345428
0.999945223 -0.005984536 -0.008591848 0.550955892 0.006143922 0.999807239 0.018645858 -1.446911335 0.008478606 -0.018697623 0.999789178 46.808349609
0.999948084 -0.005567997 -0.008535078 0.536921978 0.005718595 0.999826550 0.017722877 -1.439540863 0.008434917 -0.017770765 0.999806464 47.358169556
0.999942005 -0.006057428 -0.008902113 0.559356451 0.006217541 0.999817371 0.018069657 -1.447645903 0.008791032 -0.018123960 0.999797046 47.604827881
0.999946117 -0.006019721 -0.008460767 0.555153728 0.006174471 0.999811888 0.018384732 -1.455814838 0.008348503 -0.018435981 0.999795198 48.165271759
0.999941707 -0.006266817 -0.008796658 0.577401519 0.006413802 0.999838531 0.016781475 -1.448409081 0.008690072 -0.016836915 0.999820411 48.726551056
0.999935329 -0.006476940 -0.009350130 0.607328057 0.006629877 0.999843180 0.016419372 -1.439949989 0.009242319 -0.016480299 0.999821424 49.257110596
0.999921918 -0.007169221 -0.010230139 0.621336520 0.007339516 0.999833405 0.016707186 -1.449342489 0.010108659 -0.016780965 0.999808133 49.778934479
0.999936521 -0.006692043 -0.009057482 0.580007315 0.006851318 0.999820411 0.017669693 -1.471615195 0.008937608 -0.017730631 0.999802768 50.147953033
0.999934793 -0.006631672 -0.009296500 0.587350667 0.006794643 0.999821842 0.017609727 -1.477193713 0.009178061 -0.017671747 0.999801636 50.692760468
0.999933481 -0.006836214 -0.009288545 0.603064299 0.006994265 0.999829412 0.017091066 -1.480352879 0.009170122 -0.017154897 0.999810755 51.221290588
0.999952257 -0.005469582 -0.008107306 0.538121462 0.005609905 0.999833107 0.017387714 -1.492638469 0.008010850 -0.017432366 0.999815881 51.720191956
0.999946356 -0.005734181 -0.008630022 0.589461803 0.005884778 0.999829054 0.017527387 -1.506672144 0.008528043 -0.017577233 0.999809086 52.230667114
0.999949634 -0.005429458 -0.008440543 0.591349244 0.005578186 0.999827862 0.017698130 -1.498154163 0.008342999 -0.017744323 0.999807656 52.792278290
0.999943614 -0.005707888 -0.008956946 0.590708017 0.005870184 0.999817073 0.018199049 -1.515965700 0.008851429 -0.018250600 0.999794245 53.075862885
0.999946356 -0.006052495 -0.008418404 0.586465478 0.006205577 0.999813616 0.018278515 -1.533616781 0.008306206 -0.018329775 0.999797463 53.604110718
0.999938071 -0.006268785 -0.009193493 0.610576510 0.006423173 0.999837160 0.016860846 -1.510563016 0.009086299 -0.016918853 0.999815524 54.178089142
0.999940693 -0.006430239 -0.008791219 0.594572902 0.006574347 0.999842823 0.016462797 -1.530179858 0.008683979 -0.016519615 0.999825835 54.718238831
0.999940097 -0.006479067 -0.008820473 0.621412218 0.006620347 0.999848664 0.016083563 -1.518676281 0.008714933 -0.016140996 0.999831736 55.264965057
0.999941707 -0.006125708 -0.008894493 0.600258112 0.006282995 0.999822438 0.017764803 -1.538179636 0.008784091 -0.017819652 0.999802589 55.581119537
0.999942064 -0.006431291 -0.008629048 0.604781628 0.006585084 0.999817908 0.017914295 -1.546912432 0.008512264 -0.017970081 0.999802291 56.128112793
0.999935925 -0.006827818 -0.009032238 0.628170550 0.006978156 0.999835849 0.016719088 -1.546060920 0.008916603 -0.016781047 0.999819398 56.680385590
0.999942124 -0.006009009 -0.008925324 0.620557845 0.006154360 0.999847412 0.016348062 -1.538818598 0.008825727 -0.016402045 0.999826550 57.212848663
0.999936402 -0.006777686 -0.009011038 0.634622753 0.006922674 0.999845505 0.016157452 -1.548720241 0.008900137 -0.016218808 0.999828815 57.728752136
0.999936521 -0.006542992 -0.009170403 0.619276226 0.006710283 0.999809444 0.018332109 -1.562770247 0.009048708 -0.018392483 0.999789834 58.005233765
0.999944746 -0.006079389 -0.008574260 0.609485626 0.006234775 0.999814689 0.018213632 -1.565512538 0.008461942 -0.018266084 0.999797285 58.565029144
0.999939024 -0.006570880 -0.008870821 0.636485279 0.006726368 0.999822319 0.017613553 -1.571116805 0.008753506 -0.017672146 0.999805510 59.103733063
0.999940515 -0.006406487 -0.008827681 0.637186110 0.006566628 0.999812186 0.018232895 -1.575133562 0.008709214 -0.018289777 0.999794722 59.582801819
0.999938190 -0.006596156 -0.008943963 0.662384987 0.006754005 0.999819934 0.017734932 -1.593734980 0.008825370 -0.017794244 0.999802768 60.140636444
0.999929905 -0.006648852 -0.009794918 0.680113316 0.006819838 0.999823153 0.017527867 -1.578528166 0.009676644 -0.017593438 0.999798357 60.622062683
0.999937117 -0.006322502 -0.009257789 0.654780507 0.006492113 0.999809623 0.018407086 -1.608346820 0.009139646 -0.018466033 0.999787688 61.038314819
0.999933720 -0.006182956 -0.009721842 0.673111677 0.006357550 0.999817252 0.018031811 -1.613639832 0.009608575 -0.018092422 0.999790132 61.586570740
0.999936521 -0.007092177 -0.008767223 0.673471689 0.007248488 0.999812961 0.017927676 -1.620096207 0.008638438 -0.017990084 0.999800861 62.128234863
0.999933839 -0.006785824 -0.009289362 0.682314694 0.006944897 0.999827981 0.017200427 -1.591516972 0.009171044 -0.017263804 0.999808908 62.522747040
0.999927580 -0.007141542 -0.009687298 0.699854851 0.007318790 0.999804139 0.018386500 -1.624499083 0.009554092 -0.018456070 0.999783993 63.024868011
0.999934852 -0.006614519 -0.009303325 0.698669255 0.006777803 0.999821603 0.017630562 -1.624614477 0.009185048 -0.017692471 0.999801397 63.580291748
0.999937952 -0.006951152 -0.008716097 0.672397733 0.007110402 0.999805868 0.018374816 -1.635123730 0.008586680 -0.018435650 0.999793172 64.149147034
0.999927640 -0.007832697 -0.009136150 0.697388709 0.007997761 0.999802828 0.018172845 -1.629437923 0.008992008 -0.018244600 0.999793172 64.752799988
0.999933124 -0.006777132 -0.009365629 0.698398829 0.006952575 0.999798477 0.018828774 -1.654676437 0.009236138 -0.018892629 0.999778867 65.100059509
0.999940038 -0.006049294 -0.009122708 0.711506248 0.006220343 0.999803185 0.018839579 -1.667090058 0.009006946 -0.018895198 0.999780953 65.626464844
0.999931574 -0.006950113 -0.009413913 0.715734065 0.007124139 0.999801934 0.018580323 -1.662129045 0.009282914 -0.018646115 0.999783039 66.192794800
0.999953091 -0.005854452 -0.007718066 0.699154556 0.006007987 0.999781430 0.020022163 -1.698441505 0.007599161 -0.020067595 0.999769747 66.709426880
0.999941289 -0.006412780 -0.008733843 0.719938099 0.006572612 0.999809146 0.018396199 -1.673424840 0.008614204 -0.018452521 0.999792635 67.217987061
0.999949038 -0.005434742 -0.008506159 0.683768511 0.005592946 0.999809742 0.018686797 -1.693220377 0.008402981 -0.018733419 0.999789178 67.672210693
0.999948204 -0.005771470 -0.008387743 0.690657556 0.005924430 0.999814570 0.018327257 -1.697673082 0.008280410 -0.018375998 0.999796808 68.234191895
0.999951482 -0.004922675 -0.008535854 0.704683244 0.005081431 0.999812603 0.018677820 -1.715042353 0.008442309 -0.018720284 0.999789119 68.773223877
0.999950767 -0.004965352 -0.008584595 0.699155033 0.005118860 0.999825776 0.017953256 -1.702032208 0.008493955 -0.017996317 0.999801934 69.352851868
0.999952614 -0.005232436 -0.008209059 0.717203796 0.005386919 0.999806643 0.018910654 -1.715098262 0.008108524 -0.018953979 0.999787450 69.979972839
0.999943912 -0.006246346 -0.008547744 0.723937631 0.006407481 0.999799788 0.018955544 -1.714040160 0.008427629 -0.019009251 0.999783814 70.268295288
0.999945939 -0.005773728 -0.008646514 0.730355263 0.005934813 0.999807060 0.018721761 -1.719954252 0.008536751 -0.018772064 0.999787390 70.809577942
0.999934733 -0.006427933 -0.009445926 0.736617088 0.006608303 0.999794006 0.019189488 -1.729956865 0.009320633 -0.019250656 0.999771297 71.347312927
0.999933600 -0.006605098 -0.009442488 0.795668125 0.006786917 0.999789655 0.019354930 -1.748634934 0.009312661 -0.019417731 0.999768138 71.831085205
0.999940753 -0.005989195 -0.009091383 0.776663244 0.006163781 0.999794781 0.019298485 -1.757936597 0.008973936 -0.019353380 0.999772489 72.337707520
0.999934435 -0.006819439 -0.009209990 0.761710644 0.006989475 0.999803364 0.018557850 -1.729821205 0.009081626 -0.018621007 0.999785304 72.838150024
0.999930501 -0.006806295 -0.009624172 0.769787252 0.006993975 0.999783337 0.019603584 -1.738868952 0.009488659 -0.019669535 0.999761462 73.394927979
0.999932110 -0.006899478 -0.009391319 0.730665326 0.007073724 0.999801040 0.018648887 -1.724339843 0.009260785 -0.018714052 0.999781966 73.992843628
0.999925673 -0.007537222 -0.009577359 0.752776206 0.007715745 0.999794602 0.018741839 -1.735777736 0.009434132 -0.018814344 0.999778450 74.465835571
0.999932945 -0.007197460 -0.009067777 0.730664968 0.007360883 0.999808788 0.018119697 -1.719105601 0.008935626 -0.018185232 0.999794662 75.076591492
0.999940932 -0.006569675 -0.008652360 0.737805963 0.006731680 0.999800026 0.018829595 -1.738874912 0.008526927 -0.018886730 0.999785244 75.559387207
0.999956012 -0.006118077 -0.007104366 0.741560817 0.006250873 0.999803245 0.018822964 -1.749504328 0.006987810 -0.018866545 0.999797583 76.013679504
0.999963641 -0.006453049 -0.005571152 0.739317536 0.006554677 0.999808788 0.018420458 -1.757250428 0.005451219 -0.018456304 0.999814808 76.560531616
0.999963820 -0.006982482 -0.004863288 0.764834046 0.007073842 0.999793887 0.019028770 -1.776711345 0.004729419 -0.019062484 0.999807060 77.133171082
0.999982297 -0.005053149 -0.003154520 0.739332795 0.005113955 0.999795318 0.019574495 -1.801395297 0.003054963 -0.019590281 0.999803364 77.682456970
0.999982178 -0.005928110 -0.000696925 0.768584013 0.005940111 0.999807417 0.018705457 -1.762065053 0.000585903 -0.018709267 0.999824762 78.119224548
0.999977529 -0.005974501 0.003029572 0.787545919 0.005917261 0.999810159 0.018563462 -1.755976915 -0.003139904 -0.018545121 0.999823034 78.665863037
0.999962628 -0.006456359 0.005747336 0.814984620 0.006349850 0.999811292 0.018361177 -1.758750677 -0.005864798 -0.018323999 0.999814868 79.201522827
0.999932110 -0.006074916 0.009941105 0.835220337 0.005900099 0.999829113 0.017521143 -1.748115778 -0.010045844 -0.017461300 0.999797106 79.725631714
0.999852180 -0.006821408 0.015782591 0.862501383 0.006529431 0.999808013 0.018478036 -1.765498877 -0.015905607 -0.018372256 0.999704719 80.283020020
0.999733448 -0.004303292 0.022681516 0.879452586 0.003874211 0.999813378 0.018927766 -1.814209223 -0.022758735 -0.018834852 0.999563575 80.732543945
0.999579608 -0.004441706 0.028648723 0.844913125 0.003890664 0.999806821 0.019261612 -1.812201738 -0.028728744 -0.019142052 0.999403894 81.350051880
0.999321043 -0.004417989 0.036578383 0.899829626 0.003732112 0.999816358 0.018798003 -1.809336901 -0.036654718 -0.018648725 0.999153972 81.906570435
0.998952091 -0.004515283 0.045546047 0.935291052 0.003610915 0.999795020 0.019918906 -1.831401110 -0.045626651 -0.019733565 0.998763621 82.431793213
0.998645961 -0.005279886 0.051753290 0.989837885 0.004286456 0.999804676 0.019287728 -1.823427081 -0.051845022 -0.019039771 0.998473585 82.986015320
0.998166978 -0.006131497 0.060210090 1.039115429 0.004987437 0.999804497 0.019133061 -1.829772949 -0.060315631 -0.018797694 0.998002291 83.578178406
0.997475863 -0.007008239 0.070660904 1.068219662 0.005675511 0.999802530 0.019044066 -1.834119081 -0.070780419 -0.018594956 0.997318625 84.089370728
0.996804416 -0.005854963 0.079666570 1.140715599 0.004308265 0.999799192 0.019572701 -1.867825508 -0.079765171 -0.019166930 0.996629357 84.695281982
0.996063530 -0.005101730 0.088495560 1.175846100 0.003352611 0.999796331 0.019902434 -1.861855626 -0.088579074 -0.019527396 0.995877743 85.126350403
0.995089710 -0.004463291 0.098877631 1.252436161 0.002565567 0.999810278 0.019311491 -1.859027267 -0.098945059 -0.018962987 0.994912207 85.675140381
0.993922651 -0.004078989 0.110004149 1.317481995 0.001913087 0.999802411 0.019787638 -1.859663367 -0.110063128 -0.019456936 0.993734121 86.236572266
0.992793798 -0.003181304 0.119792834 1.393863678 0.000803739 0.999801874 0.019890387 -1.857918024 -0.119832382 -0.019650768 0.992599666 86.813087463
0.991517365 -0.004358761 0.129901513 1.508791924 0.001752643 0.999795079 0.020169828 -1.869092584 -0.129962832 -0.019771060 0.991321743 87.285308838
0.989708543 -0.002297008 0.143079042 1.591769218 -0.000701573 0.999781191 0.020903541 -1.895601988 -0.143095762 -0.020788789 0.989490509 87.878410339
0.988091111 -0.003761527 0.153823778 1.638073921 0.000711392 0.999802053 0.019879000 -1.840573907 -0.153868094 -0.019532831 0.987898290 88.432800293
0.986616850 -0.004108666 0.163004220 1.755849838 0.000843312 0.999797583 0.020096473 -1.845415592 -0.163053796 -0.019690055 0.986420572 88.974990845
0.984359860 -0.003778907 0.176128760 1.856960297 0.000230688 0.999796569 0.020161727 -1.853960395 -0.176169127 -0.019805761 0.984160721 89.518028259
0.982008219 -0.002462417 0.188821867 1.975468636 -0.001502280 0.999781430 0.020851031 -1.875314951 -0.188831955 -0.020759545 0.981790006 90.037315369
0.980046868 -0.005474517 0.198690847 2.129697800 0.001529628 0.999798775 0.020002475 -1.854641438 -0.198760360 -0.019299436 0.979858100 90.642311096
0.977181494 -0.004820796 0.212351561 2.263856888 0.000603261 0.999801397 0.019921415 -1.861412287 -0.212405428 -0.019338734 0.976990223 91.201271057
0.974030137 -0.005272743 0.226356909 2.408802032 0.000637710 0.999788702 0.020544909 -1.870571613 -0.226417422 -0.019867007 0.973827779 91.726333618
0.971275568 -0.004130673 0.237921506 2.576227188 -0.000975452 0.999771833 0.021339653 -1.905923128 -0.237955391 -0.020958768 0.971049964 92.227310181
0.967978477 -0.004661476 0.250989854 2.664823532 -0.000836869 0.999762058 0.021795457 -1.947035432 -0.251031727 -0.021307576 0.967744350 92.745628357
0.964383602 -0.004294909 0.264473200 2.877710342 -0.001019202 0.999800384 0.019952694 -1.857649565 -0.264506161 -0.019511601 0.964186609 93.395896912
0.960760832 -0.004697748 0.277338266 3.054847717 -0.000979456 0.999792755 0.020328235 -1.871928930 -0.277376354 -0.019802213 0.960557282 93.908996582
0.957628906 -0.006543918 0.287930816 3.242773056 0.000805046 0.999798775 0.020045318 -1.870175004 -0.288004071 -0.018964179 0.957441390 94.427536011
0.953195155 -0.005656575 0.302303016 3.430456161 -0.000510792 0.999793351 0.020318322 -1.878355980 -0.302355528 -0.019521741 0.952995360 95.013656616
0.948713958 -0.006223668 0.316074550 3.638858795 -0.000500925 0.999775231 0.021189636 -1.888340950 -0.316135496 -0.020261232 0.948497653 95.525352478
0.944648385 -0.005834836 0.328032523 3.814517975 -0.000708702 0.999803185 0.019824747 -1.876841426 -0.328083634 -0.018959893 0.944458485 95.985420227
0.940339565 -0.006232274 0.340180397 4.068143845 -0.000695306 0.999794900 0.020238724 -1.881143808 -0.340236783 -0.019267799 0.940142393 96.657135010
0.935157478 -0.005147452 0.354194790 4.290567398 -0.002065408 0.999798179 0.019983059 -1.880173087 -0.354226202 -0.019418860 0.934958160 97.178215027
0.930468857 -0.007302108 0.366298169 4.520341873 0.000048850 0.999803901 0.019806875 -1.881925344 -0.366370976 -0.018411787 0.930286705 97.682373047
0.925653398 -0.006838041 0.378310621 4.748041153 -0.000530370 0.999812305 0.019369518 -1.894450426 -0.378372073 -0.018130107 0.925476015 98.216629028
0.920198202 -0.008725245 0.391355455 5.004840851 0.000814083 0.999792099 0.020376140 -1.915154576 -0.391451836 -0.018431490 0.920014024 98.647583008
0.914541781 -0.008722935 0.404397488 5.232688904 0.000213377 0.999777734 0.021082858 -1.945932508 -0.404491544 -0.019194862 0.914340377 99.108795166
0.909365952 -0.006954386 0.415938884 5.463451385 -0.001470774 0.999800265 0.019931942 -1.888214469 -0.415994406 -0.018737182 0.909174085 99.680778503
0.903921068 -0.007540723 0.427632898 5.721313477 -0.001160053 0.999797642 0.020082165 -1.897346973 -0.427697867 -0.018648766 0.903729379 100.156425476
0.897243798 -0.006876606 0.441481799 5.983741760 -0.002276684 0.999793410 0.020199986 -1.907456398 -0.441529423 -0.019129425 0.897042751 100.657623291
0.891261578 -0.007620303 0.453425527 6.251960754 -0.001568802 0.999801040 0.019886395 -1.905443430 -0.453486830 -0.018435316 0.891072214 101.140899658
0.885253847 -0.006846737 0.465057760 6.534305573 -0.002687652 0.999799669 0.019835427 -1.906480432 -0.465100408 -0.018809298 0.885058045 101.641876221
0.878179252 -0.007065821 0.478279352 6.836048126 -0.002576855 0.999806464 0.019501982 -1.911313057 -0.478324622 -0.018358693 0.877991140 102.143600464
0.870347381 -0.007618287 0.492379308 7.075183868 -0.002472149 0.999800086 0.019839162 -1.906469703 -0.492432028 -0.018484201 0.870154619 102.648361206
