1.000000000 0.000000000 0.000000000 0.000000000 0.000000000 1.000000000 0.000000000 0.000000000 0.000000000 0.000000000 1.000000000 0.000000000
1.000000000 0.000064164 0.000005877 -0.000258745 -0.000064164 1.000000000 0.000074314 -0.000018762 -0.000005872 -0.000074314 1.000000000 -0.000130231
1.000000000 0.000076986 0.000010149 -0.000671759 -0.000076985 1.000000000 -0.000031167 0.000566210 -0.000010151 0.000031166 1.000000000 -0.000218212
1.000000000 0.000076608 0.000122914 -0.000938190 -0.000076614 1.000000000 0.000044869 -0.000389696 -0.000122911 -0.000044879 1.000000000 -0.000007464
0.999999940 0.000104609 0.000265657 -0.001769255 -0.000104605 1.000000000 -0.000016815 0.000551854 -0.000265659 0.000016788 0.999999940 0.000718547
1.000000000 -0.000108092 0.000052001 -0.000409160 0.000108091 1.000000000 0.000010316 0.000161273 -0.000052002 -0.000010310 1.000000000 0.000243611
1.000000000 0.000107262 0.000168935 -0.002079833 -0.000107273 1.000000000 0.000063183 -0.000337934 -0.000168928 -0.000063202 1.000000000 -0.001007956
1.000000000 0.000157388 0.000117352 -0.001453024 -0.000157382 1.000000000 -0.000055174 -0.000069065 -0.000117360 0.000055155 1.000000000 -0.001063618
1.000000000 0.000100925 0.000164773 -0.001793368 -0.000100926 1.000000000 0.000002017 -0.000858289 -0.000164773 -0.000002034 1.000000000 -0.001750348
1.000000000 0.000124586 0.000128769 -0.001976497 -0.000124599 1.000000000 0.000106597 -0.000833784 -0.000128756 -0.000106613 1.000000000 0.000166744
1.000000000 0.000032874 0.000125358 -0.001057445 -0.000032887 1.000000000 0.000104527 -0.001113770 -0.000125355 -0.000104531 1.000000000 -0.000920015
1.000000000 0.000170983 0.000168834 -0.001521011 -0.000170977 1.000000000 -0.000033060 -0.000442906 -0.000168840 0.000033032 1.000000000 -0.000056135
1.000000000 0.000004556 0.000163130 -0.001323161 -0.000004564 1.000000000 0.000049228 0.000618065 -0.000163130 -0.000049229 1.000000000 0.000261284
0.999999940 0.000179790 0.000195914 -0.002645520 -0.000179766 1.000000000 -0.000121434 0.001152173 -0.000195936 0.000121399 1.000000000 -0.000044776
0.999999940 0.000248467 0.000170260 -0.002051232 -0.000248470 0.999999940 0.000015880 0.001072907 -0.000170256 -0.000015922 1.000000000 0.001646066
0.999999940 0.000300506 0.000222457 -0.002471051 -0.000300500 0.999999940 -0.000029196 0.001013288 -0.000222466 0.000029129 1.000000000 0.001703563
0.999999881 0.000388018 0.000301279 -0.003006736 -0.000387993 0.999999940 -0.000083426 0.001223483 -0.000301311 0.000083309 0.999999940 0.000636059
0.999999940 0.000239597 0.000271804 -0.002406601 -0.000239592 1.000000000 -0.000020525 0.001714763 -0.000271809 0.000020460 0.999999940 0.002346502
0.999999940 0.000214881 0.000322657 -0.002761477 -0.000214856 1.000000000 -0.000075705 0.001536504 -0.000322673 0.000075636 0.999999940 0.001535205
0.999999940 0.000284895 0.000239613 -0.002591984 -0.000284907 0.999999940 0.000051825 0.001060324 -0.000239598 -0.000051893 0.999999940 0.002456514
0.999999881 0.000353009 0.000251884 -0.003147351 -0.000352995 0.999999940 -0.000051927 0.001970398 -0.000251902 0.000051838 0.999999940 0.002683721
0.999999940 0.000188126 0.000171681 -0.001864045 -0.000188109 1.000000000 -0.000099331 0.001699896 -0.000171700 0.000099299 1.000000000 0.002213435
0.999999940 0.000234260 0.000204745 -0.002660582 -0.000234272 1.000000000 0.000058731 0.001119567 -0.000204732 -0.000058779 1.000000000 0.001711009
0.999999821 0.000486800 0.000257869 -0.003214745 -0.000486794 0.999999881 -0.000022770 0.001569303 -0.000257880 0.000022645 0.999999940 0.002935271
0.999999940 0.000324867 0.000248640 -0.002187036 -0.000324860 0.999999940 -0.000026390 0.001842441 -0.000248649 0.000026309 0.999999940 0.001670938
0.999999940 0.000298237 0.000222098 -0.002827415 -0.000298215 0.999999940 -0.000099980 0.002972017 -0.000222127 0.000099914 1.000000000 0.004026267
0.999999881 0.000386451 0.000245338 -0.002883981 -0.000386466 0.999999940 0.000063321 0.001061674 -0.000245314 -0.000063416 0.999999940 0.002332602
0.999999940 0.000371399 0.000195238 -0.002621781 -0.000371377 0.999999940 -0.000108278 0.002064118 -0.000195278 0.000108205 1.000000000 0.001651626
0.999999940 0.000332672 0.000207557 -0.002650666 -0.000332646 0.999999940 -0.000126368 0.003092757 -0.000207599 0.000126299 1.000000000 0.002830145
0.999999881 0.000358230 0.000281898 -0.002220116 -0.000358208 0.999999940 -0.000078462 0.001866625 -0.000281927 0.000078361 0.999999940 0.002730431
0.999999881 0.000367214 0.000327433 -0.003062017 -0.000367184 0.999999940 -0.000093899 0.002295746 -0.000327467 0.000093779 0.999999940 0.002689954
0.999999940 0.000305308 0.000170774 -0.001723355 -0.000305290 0.999999940 -0.000101361 0.001960884 -0.000170804 0.000101309 1.000000000 0.002714576
0.999999821 0.000525785 0.000326315 -0.002250390 -0.000525793 0.999999881 0.000023057 0.000630436 -0.000326303 -0.000023229 0.999999940 0.000921482
0.999999821 0.000502105 0.000331275 -0.003428489 -0.000502052 0.999999881 -0.000159438 0.001858995 -0.000331355 0.000159271 0.999999940 0.002364849
0.999999821 0.000526465 0.000295432 -0.002450293 -0.000526419 0.999999821 -0.000155900 0.001947236 -0.000295514 0.000155744 0.999999940 0.002488478
0.999999881 0.000396431 0.000326167 -0.003655518 -0.000396410 0.999999940 -0.000062838 0.002066690 -0.000326192 0.000062709 0.999999940 0.002416633
0.999999821 0.000489272 0.000288297 -0.003498653 -0.000489236 0.999999881 -0.000126147 0.003325685 -0.000288359 0.000126006 0.999999940 0.003033036
0.999999821 0.000520153 0.000334400 -0.003352733 -0.000520140 0.999999881 -0.000038982 0.001255843 -0.000334420 0.000038808 0.999999940 0.002654498
0.999999881 0.000400215 0.000214084 -0.001248612 -0.000400207 0.999999940 -0.000034429 0.001865574 -0.000214097 0.000034344 1.000000000 0.000813398
0.999999940 0.000264952 0.000231181 -0.002339319 -0.000264925 0.999999940 -0.000118047 0.001177076 -0.000231212 0.000117986 0.999999940 0.001699023
0.999999821 0.000455631 0.000376165 -0.002618380 -0.000455404 0.999999702 -0.000601556 -0.000012797 -0.000376439 0.000601385 0.999999762 0.050196126
0.999999881 0.000392072 0.000370179 -0.003025086 -0.000391624 0.999999166 -0.001209476 -0.003863603 -0.000370653 0.001209331 0.999999225 0.137727022
0.999999881 0.000286015 0.000354091 0.001995108 -0.000285512 0.999998927 -0.001419456 -0.007276399 -0.000354497 0.001419355 0.999998927 0.251733303
0.999999702 0.000690456 0.000323211 0.002889417 -0.000690127 0.999999225 -0.001015342 -0.012981418 -0.000323911 0.001015119 0.999999404 0.381994486
0.999999523 0.000819441 0.000547058 0.002082749 -0.000818950 0.999999285 -0.000897182 -0.013854837 -0.000547793 0.000896733 0.999999464 0.533099532
0.999999940 0.000097843 0.000308164 0.011146134 -0.000097609 0.999999702 -0.000759595 -0.019192964 -0.000308238 0.000759565 0.999999642 0.694022357
0.999999523 0.000689104 0.000679394 0.006643025 -0.000688697 0.999999583 -0.000598355 -0.021555346 -0.000679806 0.000597886 0.999999583 0.844236732
0.999998808 0.001113839 0.001041935 0.003624158 -0.001114576 0.999999106 0.000706979 -0.046076369 -0.001041147 -0.000708140 0.999999166 1.025802255
0.999998689 0.001337666 0.000929815 0.008405115 -0.001338484 0.999998689 0.000879401 -0.052239679 -0.000928638 -0.000880645 0.999999166 1.200234652
0.999998510 0.001216751 0.001226533 0.010609761 -0.001218222 0.999998510 0.001199307 -0.058629047 -0.001225072 -0.001200800 0.999998510 1.380917549
0.999998152 0.001496519 0.001158986 0.014758182 -0.001498275 0.999997675 0.001515623 -0.064691417 -0.001156715 -0.001517356 0.999998152 1.580048680
0.999998152 0.001454188 0.001254051 0.020993417 -0.001456230 0.999997616 0.001629237 -0.068037093 -0.001251679 -0.001631060 0.999997795 1.781554699
0.999998271 0.001236913 0.001373647 0.024643663 -0.001239408 0.999997616 0.001816930 -0.075924739 -0.001371396 -0.001818630 0.999997377 1.982292056
0.999998271 0.001232158 0.001369231 0.022660522 -0.001234966 0.999997079 0.002051623 -0.085388675 -0.001366699 -0.002053310 0.999996960 2.188556910
0.999997854 0.001321095 0.001649138 0.028241750 -0.001324503 0.999996960 0.002067075 -0.088786021 -0.001646403 -0.002069255 0.999996483 2.408763170
0.999997854 0.001492753 0.001513930 0.034363467 -0.001495329 0.999997437 0.001701639 -0.092076406 -0.001511386 -0.001703899 0.999997377 2.636977434
0.999997079 0.001812437 0.001566075 0.040710837 -0.001815079 0.999996901 0.001687721 -0.100360818 -0.001563011 -0.001690559 0.999997377 2.867514133
0.999997854 0.001135025 0.001743545 0.038909290 -0.001138356 0.999997556 0.001910425 -0.107124820 -0.001741372 -0.001912405 0.999996662 3.104988098
0.999997079 0.001723624 0.001743798 0.043115895 -0.001727287 0.999996364 0.002101072 -0.116454773 -0.001740170 -0.002104078 0.999996245 3.337260962
0.999996841 0.001615576 0.001944644 0.045346409 -0.001619634 0.999996483 0.002086673 -0.122771084 -0.001941266 -0.002089816 0.999995887 3.590588093
0.999996603 0.001695441 0.001983867 0.053746995 -0.001699775 0.999996185 0.002184925 -0.128428832 -0.001980155 -0.002188290 0.999995649 3.851039886
0.999994755 0.002430559 0.002145384 0.054055918 -0.002434778 0.999995112 0.001966289 -0.132196069 -0.002140595 -0.001971503 0.999995768 4.109044075
0.999994814 0.002115714 0.002425816 0.061112992 -0.002119998 0.999996245 0.001764805 -0.133875176 -0.002422072 -0.001769939 0.999995530 4.372322559
0.999993801 0.002468176 0.002540278 0.063984722 -0.002472123 0.999995768 0.001551425 -0.139458045 -0.002536437 -0.001557695 0.999995530 4.631423950
0.999993026 0.002623481 0.002662604 0.071624056 -0.002627431 0.999995530 0.001480888 -0.147676378 -0.002658707 -0.001487873 0.999995351 4.897891998
0.999993980 0.002550289 0.002352044 0.078334466 -0.002555671 0.999994099 0.002287950 -0.157326415 -0.002346196 -0.002293948 0.999994636 5.151591778
0.999993801 0.002485875 0.002478657 0.083116055 -0.002490672 0.999995053 0.001933974 -0.161502689 -0.002473837 -0.001940135 0.999995112 5.415999413
0.999993682 0.002573078 0.002421161 0.088592395 -0.002578539 0.999994099 0.002255519 -0.174136326 -0.002415343 -0.002261748 0.999994516 5.683375359
0.999995589 0.002095937 0.002088404 0.095247611 -0.002100091 0.999995887 0.001989155 -0.179049373 -0.002084227 -0.001993532 0.999995828 5.955114365
0.999992192 0.002850932 0.002712840 0.095136903 -0.002855567 0.999994516 0.001705967 -0.183585674 -0.002707962 -0.001713700 0.999994814 6.241606712
0.999993086 0.002493687 0.002808744 0.102180608 -0.002500309 0.999994099 0.002356216 -0.195784390 -0.002802852 -0.002363222 0.999993265 6.516701698
0.999991655 0.002927349 0.002881736 0.105878256 -0.002935230 0.999991953 0.002734150 -0.203952864 -0.002873709 -0.002742585 0.999992132 6.814124107
0.999991059 0.003107175 0.002867659 0.108801462 -0.003113524 0.999992728 0.002212095 -0.209207639 -0.002860764 -0.002221003 0.999993443 7.105063915
0.999992728 0.002683185 0.002719117 0.115787938 -0.002689529 0.999993801 0.002332147 -0.218967602 -0.002712842 -0.002339443 0.999993622 7.400834084
0.999993086 0.002446081 0.002796430 0.128448427 -0.002452427 0.999994516 0.002268265 -0.226138458 -0.002790866 -0.002275108 0.999993503 7.705192089
0.999990940 0.002875361 0.003129506 0.133915499 -0.002883703 0.999992311 0.002664446 -0.244531080 -0.003121821 -0.002673447 0.999991596 8.009075165
0.999989033 0.003184771 0.003413158 0.130879432 -0.003194168 0.999991119 0.002751209 -0.252946019 -0.003404365 -0.002762081 0.999990404 8.339653969
0.999992669 0.002549776 0.002858609 0.145014673 -0.002557292 0.999993324 0.002628447 -0.258952349 -0.002851888 -0.002635738 0.999992430 8.667398453
0.999988973 0.003188899 0.003444441 0.144741327 -0.003198071 0.999991357 0.002660720 -0.262081772 -0.003435927 -0.002671706 0.999990463 9.012883186
0.999988437 0.003531768 0.003234246 0.155275315 -0.003541902 0.999988794 0.003132973 -0.282293528 -0.003223144 -0.003144393 0.999989867 9.337616920
0.999985397 0.003851015 0.003787408 0.150136545 -0.003860540 0.999989390 0.002510659 -0.289714992 -0.003777699 -0.002525244 0.999989688 9.665956497
0.999987364 0.003509107 0.003594071 0.165315568 -0.003517273 0.999991238 0.002268423 -0.298338860 -0.003586079 -0.002281036 0.999990940 10.021576881
0.999988258 0.003362729 0.003505093 0.171766102 -0.003371251 0.999991357 0.002428029 -0.306888312 -0.003496897 -0.002439816 0.999990880 10.377801895
0.999988258 0.003337715 0.003498137 0.185006753 -0.003345216 0.999992132 0.002140726 -0.314339757 -0.003490964 -0.002152403 0.999991596 10.746064186
0.999988496 0.003268706 0.003512574 0.190281838 -0.003277824 0.999991238 0.002593023 -0.324801475 -0.003504067 -0.002604507 0.999990404 11.104293823
0.999987483 0.003422529 0.003651890 0.195200279 -0.003433615 0.999989450 0.003033612 -0.336078554 -0.003641468 -0.003046113 0.999988735 11.479774475
0.999985397 0.003814013 0.003828353 0.203247190 -0.003824389 0.999988973 0.002706814 -0.343112558 -0.003817987 -0.002721415 0.999988973 11.865693092
0.999981403 0.004146878 0.004468605 0.208176970 -0.004160700 0.999986529 0.003088459 -0.356156379 -0.004455737 -0.003106994 0.999985218 12.246591568
0.999985754 0.003297448 0.004197751 0.230296969 -0.003311934 0.999988496 0.003448770 -0.373300701 -0.004186331 -0.003462624 0.999985218 12.598937035
0.999985099 0.003268644 0.004373332 0.231697798 -0.003282625 0.999989510 0.003193476 -0.387405336 -0.004362849 -0.003207784 0.999985337 13.023583412
0.999985278 0.003456654 0.004181720 0.251986772 -0.003470555 0.999988437 0.003321553 -0.400847405 -0.004170190 -0.003336017 0.999985695 13.416294098
0.999983132 0.003560795 0.004584138 0.248856753 -0.003576234 0.999988079 0.003364222 -0.410274923 -0.004572103 -0.003380559 0.999983788 13.832454681
0.999980092 0.004052865 0.004821656 0.253669798 -0.004071010 0.999984682 0.003759478 -0.420525372 -0.004806345 -0.003779032 0.999981284 14.252302170
0.999978542 0.003649308 0.005439406 0.265596509 -0.003669876 0.999986112 0.003776128 -0.437468708 -0.005425551 -0.003796009 0.999978065 14.659497261
0.999977469 0.004031015 0.005369395 0.273850292 -0.004051203 0.999984741 0.003754367 -0.446164459 -0.005354179 -0.003776035 0.999978542 15.089101791
0.999977589 0.003802306 0.005504425 0.288386703 -0.003826248 0.999983191 0.004345553 -0.466617167 -0.005487810 -0.004366518 0.999975383 15.520470619
0.999973416 0.003598438 0.006339234 0.295373380 -0.003623043 0.999985933 0.003874253 -0.474117905 -0.006325203 -0.003897118 0.999972343 15.979215622
0.999972403 0.004043133 0.006223543 0.311582029 -0.004067312 0.999984264 0.003877276 -0.484493881 -0.006207767 -0.003902483 0.999973118 16.422271729
0.999974608 0.003445518 0.006234536 0.323932201 -0.003470135 0.999986172 0.003941967 -0.491933525 -0.006220868 -0.003963502 0.999972820 16.884418488
0.999962211 0.004049228 0.007686170 0.320656002 -0.004082514 0.999982357 0.004319973 -0.519257903 -0.007668543 -0.004351189 0.999961138 17.312032700
0.999958515 0.004356553 0.007998698 0.333478719 -0.004393332 0.999979913 0.004586254 -0.530667305 -0.007978558 -0.004621204 0.999957442 17.779228210
0.999960423 0.004238985 0.007825899 0.347944081 -0.004271356 0.999982357 0.004124268 -0.536458790 -0.007808279 -0.004157532 0.999960840 18.248113632
0.999959469 0.003736677 0.008196509 0.364013344 -0.003768156 0.999985576 0.003828401 -0.545320153 -0.008182086 -0.003859132 0.999959052 18.721601486
0.999958694 0.003347106 0.008444153 0.366286606 -0.003384762 0.999984384 0.004449021 -0.576716363 -0.008429129 -0.004477418 0.999954462 19.185550690
0.999950588 0.003990193 0.009100777 0.377527893 -0.004036496 0.999978960 0.005075144 -0.588194668 -0.009080335 -0.005111629 0.999945700 19.669918060
0.999950886 0.003618762 0.009229491 0.381153643 -0.003661509 0.999982536 0.004618826 -0.595236480 -0.009212616 -0.004652393 0.999946773 20.162382126
0.999955416 0.003076981 0.008925528 0.400976211 -0.003120250 0.999983430 0.004837941 -0.617873669 -0.008910495 -0.004865575 0.999948442 20.662662506
0.999963045 0.002976924 0.008065054 0.418396086 -0.003015252 0.999984205 0.004744274 -0.627011001 -0.008050805 -0.004768417 0.999956191 21.159751892
0.999962330 0.003067172 0.008116314 0.430478752 -0.003100609 0.999986768 0.004110441 -0.632285416 -0.008103600 -0.004135452 0.999958575 21.664411545
0.999968052 0.003003205 0.007404212 0.442792267 -0.003038771 0.999983907 0.004796998 -0.654988885 -0.007389687 -0.004819345 0.999961019 22.163995743
0.999971271 0.003171692 0.006878250 0.459575772 -0.003203820 0.999984026 0.004665087 -0.664261758 -0.006863344 -0.004686990 0.999965429 22.687194824
0.999967515 0.003917579 0.007043274 0.468108237 -0.003948038 0.999982953 0.004315849 -0.671276510 -0.007026245 -0.004343516 0.999965906 23.196456909
0.999979138 0.002292260 0.006038473 0.473942369 -0.002322999 0.999984384 0.005088614 -0.698904812 -0.006026714 -0.005102534 0.999968827 23.705612183
0.999989033 0.000709831 0.004631017 0.495386660 -0.000731651 0.999988675 0.004711521 -0.712376118 -0.004627620 -0.004714858 0.999978244 24.237071991
0.999987960 0.001372607 0.004701651 0.502130985 -0.001393161 0.999989510 0.004371178 -0.717255831 -0.004695602 -0.004377676 0.999979377 24.779184341
0.999984980 0.002593340 0.004833056 0.501156032 -0.002618528 0.999982953 0.005212664 -0.740397573 -0.004819455 -0.005225241 0.999974728 25.300470352
0.999983072 0.003864284 0.004360013 0.509909332 -0.003888142 0.999977410 0.005476729 -0.752406418 -0.004338751 -0.005493588 0.999975443 25.851633072
0.999985635 0.003268878 0.004271450 0.526530325 -0.003290586 0.999981642 0.005085169 -0.760560751 -0.004254748 -0.005099151 0.999978006 26.406808853
0.999989927 0.002585986 0.003674801 0.537672222 -0.002606163 0.999981642 0.005496681 -0.774922311 -0.003660519 -0.005506203 0.999978125 26.964181900
0.999990165 0.002966382 0.003312238 0.552093506 -0.002984280 0.999980927 0.005411586 -0.788112819 -0.003296122 -0.005421418 0.999979854 27.521856308
0.999991298 0.003339766 0.002504743 0.566939652 -0.003352879 0.999980628 0.005249362 -0.801073074 -0.002487163 -0.005257714 0.999983072 28.049118042
0.999991059 0.003333192 0.002594522 0.571012616 -0.003347254 0.999979615 0.005434179 -0.813636601 -0.002576356 -0.005442815 0.999981880 28.626953125
0.999994338 0.002674617 0.002038613 0.589739680 -0.002686388 0.999979556 0.005793172 -0.827958465 -0.002023077 -0.005798616 0.999981105 29.187290192
0.999991596 0.003402556 0.002284484 0.593103886 -0.003415157 0.999978781 0.005534779 -0.835487902 -0.002265603 -0.005542535 0.999982059 29.724626541
0.999992788 0.003376609 0.001747582 0.602583468 -0.003385825 0.999980211 0.005297208 -0.848745644 -0.001729661 -0.005303087 0.999984443 30.284372330
0.999994516 0.003144023 0.001077989 0.623648047 -0.003149892 0.999979913 0.005486580 -0.864325166 -0.001060717 -0.005489946 0.999984384 30.822910309
0.999992311 0.003653008 0.001435235 0.621025503 -0.003660975 0.999977708 0.005587749 -0.877802968 -0.001414791 -0.005592961 0.999983370 31.356306076
0.999987960 0.004689826 0.001446769 0.627954662 -0.004697330 0.999975324 0.005227838 -0.888618946 -0.001422216 -0.005234572 0.999985278 31.898077011
0.999992192 0.003838927 0.000945386 0.643159628 -0.003843777 0.999979138 0.005181556 -0.897015095 -0.000925475 -0.005185150 0.999986112 32.452625275
0.999992251 0.003916307 0.000438149 0.648969471 -0.003918560 0.999978483 0.005263844 -0.909768343 -0.000417525 -0.005265520 0.999986053 32.997428894
0.999993145 0.003674536 0.000413223 0.662163258 -0.003676725 0.999978483 0.005430546 -0.925291479 -0.000393260 -0.005432029 0.999985099 33.548389435
0.999992907 0.003738901 0.000402792 0.676519334 -0.003741072 0.999977708 0.005531250 -0.936426818 -0.000382102 -0.005532717 0.999984622 34.092159271
0.999995112 0.003063781 -0.000716533 0.696746945 -0.003059797 0.999980211 0.005497620 -0.947966456 0.000733362 -0.005495400 0.999984682 34.637397766
0.999992788 0.003788041 0.000237557 0.686598539 -0.003789260 0.999978483 0.005359626 -0.963900924 -0.000217249 -0.005360486 0.999985576 35.172786713
0.999992847 0.003732680 -0.000544568 0.704672694 -0.003729502 0.999976814 0.005723638 -0.976042747 0.000565920 -0.005721567 0.999983490 35.717723846
0.999994516 0.003305276 -0.000294516 0.712468684 -0.003303678 0.999980688 0.005273830 -0.989146709 0.000311942 -0.005272828 0.999986112 36.268333435
0.999994218 0.003401821 0.000168817 0.709011853 -0.003402686 0.999979496 0.005417933 -1.002509594 -0.000150383 -0.005418476 0.999985337 36.844524384
0.999993443 0.003620508 -0.000335804 0.720868945 -0.003618740 0.999980390 0.005123894 -1.011940837 0.000354348 -0.005122645 0.999986887 37.392761230
0.999993980 0.003377419 -0.000856162 0.742443383 -0.003372954 0.999980927 0.005163843 -1.024557590 0.000873586 -0.005160923 0.999986351 37.938796997
0.999989927 0.004471440 -0.000236560 0.732521117 -0.004470179 0.999977052 0.005087720 -1.036933064 0.000259304 -0.005086611 0.999987006 38.472991943
0.999987662 0.004954802 0.000121058 0.741354764 -0.004955292 0.999977767 0.004450505 -1.042369723 -0.000099003 -0.004451050 0.999990106 39.022357941
0.999992490 0.003868173 -0.000240016 0.752055526 -0.003866885 0.999979258 0.005151059 -1.061018944 0.000259936 -0.005150093 0.999986708 39.549083710
0.999993026 0.003644815 -0.000801234 0.763930678 -0.003641215 0.999983490 0.004449782 -1.069457889 0.000817439 -0.004446834 0.999989748 40.101718903
0.999992549 0.003791734 -0.000816390 0.784640253 -0.003787776 0.999981344 0.004796667 -1.086462617 0.000834563 -0.004793540 0.999988139 40.630306244
0.999990046 0.004417936 0.000472668 0.766329587 -0.004420265 0.999977469 0.005046470 -1.102406621 -0.000450361 -0.005048509 0.999987125 41.177078247
0.999984145 0.005569063 0.000794155 0.773360848 -0.005573096 0.999971092 0.005171082 -1.110317826 -0.000765335 -0.005175426 0.999986291 41.719791412
0.999983132 0.005764224 0.000606355 0.789124906 -0.005766864 0.999973476 0.004448255 -1.112096310 -0.000580698 -0.004451676 0.999989986 42.254653931
0.999988437 0.004798246 0.000263577 0.790348768 -0.004799533 0.999975383 0.005120959 -1.135815620 -0.000238999 -0.005122165 0.999986768 42.743843079
0.999988139 0.004857595 0.000064984 0.794574201 -0.004857856 0.999976039 0.004937829 -1.142386436 -0.000040996 -0.004938086 0.999987781 43.308959961
0.999986172 0.005234400 0.000553184 0.811200678 -0.005236944 0.999975204 0.004701129 -1.159170151 -0.000528563 -0.004703961 0.999988794 43.838802338
0.999985158 0.005407106 0.000633158 0.813297689 -0.005410173 0.999973118 0.004946997 -1.172245741 -0.000606391 -0.004950349 0.999987543 44.361103058
0.999986589 0.005119617 0.000752618 0.823195279 -0.005123242 0.999974787 0.004895695 -1.182444334 -0.000727535 -0.004899485 0.999987662 44.917362213
0.999986112 0.005220077 0.000669142 0.838859499 -0.005223115 0.999975622 0.004624003 -1.196396112 -0.000644989 -0.004627434 0.999989033 45.459079742
0.999982834 0.005818097 0.000735479 0.837113798 -0.005821533 0.999971747 0.004757107 -1.212433100 -0.000707781 -0.004761308 0.999988437 45.958786011
0.999982536 0.005798006 0.001150952 0.842888474 -0.005802710 0.999974608 0.004126071 -1.221715808 -0.001127000 -0.004132678 0.999990880 46.506526947
0.999980330 0.006229923 0.000792931 0.859402537 -0.006233873 0.999967694 0.005079721 -1.244497657 -0.000761260 -0.005084564 0.999986827 47.052551270
0.999985278 0.005376045 0.000748088 0.851948142 -0.005379688 0.999973238 0.004954161 -1.248711586 -0.000721434 -0.004958113 0.999987423 47.575706482
0.999985099 0.005435169 0.000554162 0.860536695 -0.005437918 0.999972284 0.005085004 -1.259632349 -0.000526508 -0.005087942 0.999986947 48.127021790
0.999982715 0.005851305 0.000517328 0.876122534 -0.005853461 0.999973774 0.004273433 -1.268050075 -0.000492309 -0.004276387 0.999990761 48.676689148
0.999987721 0.004955818 -0.000104353 0.894230843 -0.004955336 0.999978960 0.004198971 -1.279160023 0.000125160 -0.004198402 0.999991179 49.219085693
0.999983490 0.005616715 0.001176203 0.882407904 -0.005623188 0.999968648 0.005575165 -1.310791731 -0.001144852 -0.005581688 0.999983788 49.745841980
0.999985278 0.005284765 0.001252511 0.889402211 -0.005291761 0.999969959 0.005650354 -1.321808457 -0.001222612 -0.005656898 0.999983191 50.285545349
0.999990165 0.004201116 0.001371498 0.899125993 -0.004208419 0.999976814 0.005366825 -1.335758209 -0.001348919 -0.005372546 0.999984741 50.821102142
0.999985576 0.005137278 0.001598452 0.905443490 -0.005146082 0.999971390 0.005553358 -1.348742247 -0.001569877 -0.005561503 0.999983311 51.397460938
0.999982238 0.005765009 0.001521760 0.916473925 -0.005773701 0.999966681 0.005770665 -1.359892249 -0.001488443 -0.005779348 0.999982178 51.886306763
0.999980271 0.005944449 0.002079008 0.926473439 -0.005956135 0.999966264 0.005660527 -1.370919466 -0.002045289 -0.005672798 0.999981761 52.439575195
0.999981642 0.005781198 0.001817421 0.933378220 -0.005791190 0.999967813 0.005541197 -1.382015467 -0.001785328 -0.005551619 0.999982953 52.957695007
0.999979198 0.006161673 0.001877151 0.940009832 -0.006171811 0.999966145 0.005443953 -1.393819809 -0.001843544 -0.005455425 0.999983430 53.507514954
0.999980986 0.005829850 0.001979631 0.950118601 -0.005840530 0.999968171 0.005433109 -1.409760237 -0.001947893 -0.005444568 0.999983311 54.026885986
0.999976456 0.006442061 0.002338257 0.955083787 -0.006455145 0.999963224 0.005631999 -1.422217727 -0.002301889 -0.005646960 0.999981403 54.558914185
0.999972343 0.006965447 0.002586404 0.964960456 -0.006979748 0.999960065 0.005561953 -1.434893847 -0.002547560 -0.005579852 0.999981225 55.107322693
0.999980628 0.005777618 0.002294077 0.976886392 -0.005789869 0.999968767 0.005370577 -1.446255445 -0.002262975 -0.005383756 0.999982953 55.628028870
0.999976575 0.006311205 0.002624191 0.981877387 -0.006324764 0.999966502 0.005191573 -1.455217600 -0.002591338 -0.005208049 0.999983072 56.178485870
0.999979734 0.005905776 0.002389326 0.999314785 -0.005918597 0.999968052 0.005394982 -1.470259786 -0.002357388 -0.005409015 0.999982595 56.703296661
0.999974787 0.006626136 0.002595604 1.007502556 -0.006640749 0.999961913 0.005662302 -1.485195160 -0.002557987 -0.005679396 0.999980628 57.233432770
0.999974012 0.006659615 0.002754046 1.020565629 -0.006673334 0.999965191 0.005002278 -1.498304844 -0.002720636 -0.005020527 0.999983728 57.763996124
0.999973416 0.006647418 0.002989561 1.023828626 -0.006663833 0.999962568 0.005514560 -1.506388187 -0.002952792 -0.005534336 0.999980330 58.290157318
0.999977171 0.006132484 0.002826239 1.037626624 -0.006147999 0.999965847 0.005513567 -1.514113188 -0.002792331 -0.005530817 0.999980807 58.840469360
0.999975979 0.006283521 0.002914991 1.050017476 -0.006296802 0.999969661 0.004569456 -1.527090669 -0.002886191 -0.004587702 0.999985278 59.368682861
0.999972701 0.006737361 0.003030683 1.052257419 -0.006751197 0.999966741 0.004578516 -1.534029841 -0.002999736 -0.004598852 0.999984860 59.886501312
0.999969006 0.007359562 0.002799583 1.064340234 -0.007372859 0.999961376 0.004769686 -1.541443944 -0.002764373 -0.004790179 0.999984682 60.444587708
0.999969184 0.007221240 0.003093610 1.079397202 -0.007232907 0.999966681 0.003776848 -1.553100586 -0.003066233 -0.003799107 0.999988079 60.983497620
0.999969840 0.007047897 0.003238386 1.083394885 -0.007063735 0.999962986 0.004905747 -1.564567327 -0.003203689 -0.004928474 0.999982715 61.494480133
0.999957800 0.008344183 0.003838287 1.088105083 -0.008361853 0.999954402 0.004610219 -1.576423168 -0.003799642 -0.004642120 0.999982059 62.039779663
0.999968827 0.007061675 0.003522009 1.102966905 -0.007077742 0.999964476 0.004570537 -1.590566874 -0.003489608 -0.004595322 0.999983370 62.569683075
0.999965549 0.007360278 0.003826957 1.109536767 -0.007379681 0.999959886 0.005080871 -1.601318121 -0.003789406 -0.005108938 0.999979794 63.115325928
0.999969363 0.006904681 0.003687266 1.133907795 -0.006919266 0.999968290 0.003957334 -1.612221003 -0.003659825 -0.003982724 0.999985397 63.668106079
0.999963820 0.007595324 0.003814125 1.128793001 -0.007612710 0.999960601 0.004564414 -1.627753496 -0.003779307 -0.004593285 0.999982238 64.139083862
0.999954641 0.008115958 0.004979070 1.135155201 -0.008136567 0.999958336 0.004132647 -1.635698080 -0.004945322 -0.004172973 0.999979079 64.683242798
0.999952376 0.008223921 0.005249408 1.144551873 -0.008244848 0.999958098 0.003977204 -1.648747206 -0.005216479 -0.004020295 0.999978304 65.232818604
0.999963403 0.007288253 0.004475407 1.158303857 -0.007307902 0.999963582 0.004390128 -1.664981008 -0.004443248 -0.004422673 0.999980330 65.715042114
0.999962866 0.007174164 0.004773249 1.164923787 -0.007194114 0.999965370 0.004175998 -1.674640417 -0.004743125 -0.004210182 0.999979794 66.266418457
0.999958336 0.007578150 0.005085089 1.181933761 -0.007596328 0.999964714 0.003564983 -1.685919642 -0.005057894 -0.003603462 0.999980688 66.818710327
0.999954164 0.008212425 0.004924017 1.188555717 -0.008232528 0.999957800 0.004076764 -1.707211614 -0.004890329 -0.004117114 0.999979556 67.317909241
0.999964058 0.007292315 0.004330138 1.206940174 -0.007308628 0.999966204 0.003763463 -1.717935324 -0.004302548 -0.003794975 0.999983549 67.858261108
0.999960124 0.007522839 0.004796989 1.215510130 -0.007541360 0.999964237 0.003854799 -1.727549911 -0.004767818 -0.003890822 0.999981046 68.390014648
0.999957860 0.007908017 0.004646726 1.228635192 -0.007927788 0.999959528 0.004252012 -1.744732380 -0.004612913 -0.004288672 0.999980152 68.930465698
0.999948382 0.008848790 0.004988531 1.238512516 -0.008866704 0.999954283 0.003580563 -1.759890318 -0.004956619 -0.003624609 0.999981105 69.465682983
0.999953687 0.008144506 0.005127539 1.244889259 -0.008164973 0.999958694 0.003982797 -1.766599059 -0.005094889 -0.004024479 0.999978900 69.941024780
0.999943972 0.009002285 0.005564502 1.250203729 -0.009022500 0.999952734 0.003618169 -1.778474092 -0.005531666 -0.003668172 0.999978006 70.490295410
0.999951661 0.008387430 0.005122120 1.275147200 -0.008407049 0.999957383 0.003820526 -1.791585803 -0.005089857 -0.003863404 0.999979556 71.014839172
0.999953926 0.008085015 0.005165040 1.286891699 -0.008105027 0.999959707 0.003865201 -1.805215120 -0.005133581 -0.003906887 0.999979198 71.537918091
0.999955297 0.008196104 0.004709976 1.303341866 -0.008214723 0.999958515 0.003947217 -1.822151899 -0.004677428 -0.003985732 0.999981165 72.097984314
0.999941945 0.009253283 0.005517862 1.304776192 -0.009272401 0.999951065 0.003449331 -1.833264947 -0.005485674 -0.003500294 0.999978781 72.642539978
0.999949694 0.008332721 0.005571051 1.316386938 -0.008355787 0.999956548 0.004130371 -1.845331311 -0.005536391 -0.004176715 0.999975979 73.143760681
0.999949932 0.008152166 0.005802745 1.333428860 -0.008171646 0.999961019 0.003341091 -1.856722593 -0.005775282 -0.003388342 0.999977589 73.696701050
0.999945164 0.008870216 0.005560427 1.352480888 -0.008888280 0.999955177 0.003232357 -1.863533020 -0.005531507 -0.003281603 0.999979317 74.245445251
0.999945819 0.008767439 0.005613315 1.365440607 -0.008789245 0.999953806 0.003872016 -1.877390385 -0.005579108 -0.003921143 0.999976754 74.738784790
0.999951065 0.008243436 0.005461326 1.384643674 -0.008263138 0.999959350 0.003594826 -1.887669086 -0.005431470 -0.003639776 0.999978602 75.287445068
0.999947071 0.008722997 0.005462926 1.394496083 -0.008744132 0.999954283 0.003856681 -1.909334183 -0.005429035 -0.003904244 0.999977648 75.805488586
0.999938726 0.009354977 0.005914771 1.411097169 -0.009374407 0.999950707 0.003265878 -1.912660956 -0.005883927 -0.003321125 0.999977171 76.330513000
0.999931812 0.009996944 0.006024874 1.423283935 -0.010018889 0.999943197 0.003623437 -1.924821973 -0.005988308 -0.003683553 0.999975264 76.881202698
0.999938369 0.009468357 0.005801955 1.423986197 -0.009488344 0.999949038 0.003426897 -1.935748577 -0.005769212 -0.003481736 0.999977291 77.370697021
0.999940753 0.009031807 0.006086423 1.442201734 -0.009051075 0.999954104 0.003145601 -1.950496793 -0.006057733 -0.003200504 0.999976516 77.914688110
0.999933600 0.009610925 0.006356511 1.452693701 -0.009631763 0.999948263 0.003255712 -1.960142732 -0.006324892 -0.003316721 0.999974489 78.431640625
0.999938190 0.009584128 0.005643362 1.469795823 -0.009600176 0.999949932 0.002823512 -1.971165180 -0.005616018 -0.002877514 0.999980152 78.990348816
0.999942660 0.008731676 0.006191648 1.489414215 -0.008749201 0.999957740 0.002808931 -1.985475302 -0.006166859 -0.002862941 0.999976873 79.508789062
0.999929368 0.009322603 0.007371376 1.497917056 -0.009343954 0.999952197 0.002867271 -2.000017166 -0.007344294 -0.002935946 0.999968708 80.057067871
0.999916494 0.009440139 0.008816587 1.518991232 -0.009465807 0.999951065 0.002873996 -2.017873764 -0.008789024 -0.002957212 0.999956965 80.603042603
0.999904037 0.009977972 0.009609221 1.534064531 -0.010003306 0.999946594 0.002591991 -2.024762154 -0.009582845 -0.002687866 0.999950469 81.136642456
0.999887824 0.009712121 0.011402083 1.545442700 -0.009743243 0.999948978 0.002676955 -2.037734509 -0.011375502 -0.002787748 0.999931395 81.684455872
0.999841690 0.010608744 0.014279775 1.564194202 -0.010646987 0.999940038 0.002604665 -2.052522421 -0.014251284 -0.002756290 0.999894619 82.221748352
0.999778867 0.010463972 0.018242130 1.585949779 -0.010517514 0.999940693 0.002841430 -2.069010258 -0.018211316 -0.003032663 0.999829531 82.759162903
0.999726057 0.009813740 0.021249697 1.615033746 -0.009882831 0.999946177 0.003148783 -2.083806276 -0.021217654 -0.003357927 0.999769211 83.276397705
0.999618411 0.010154267 0.025686421 1.642452717 -0.010234600 0.999943137 0.002997866 -2.098690033 -0.025654521 -0.003259613 0.999665558 83.819786072
0.999451578 0.010056806 0.031552278 1.675583839 -0.010158697 0.999943674 0.003070616 -2.111170769 -0.031519625 -0.003389461 0.999497414 84.378211975
0.999247432 0.009574312 0.037588395 1.702219367 -0.009673670 0.999950111 0.002462307 -2.119994879 -0.037562948 -0.002824072 0.999290287 84.873832703
0.998985589 0.009805823 0.043951128 1.739330292 -0.009940305 0.999946535 0.002842244 -2.134878159 -0.043920916 -0.003276248 0.999029636 85.416648865
0.998642325 0.008470187 0.051398210 1.792252541 -0.008628631 0.999958634 0.002861536 -2.147256136 -0.051371843 -0.003301147 0.998674214 85.962173462
0.998116314 0.009863112 0.060551859 1.834064245 -0.010014394 0.999947369 0.002195434 -2.158759594 -0.060527008 -0.002797689 0.998162627 86.507438660
0.997660339 0.009714369 0.067673050 1.888477564 -0.009863506 0.999949574 0.001870004 -2.168291330 -0.067651473 -0.002533123 0.997705758 87.056800842
0.996974647 0.010114616 0.077065870 1.945693493 -0.010314646 0.999944448 0.002197960 -2.186496973 -0.077039354 -0.002986217 0.997023523 87.611160278
0.996198595 0.009572223 0.086583942 2.017987251 -0.009778723 0.999950290 0.001961149 -2.206373692 -0.086560875 -0.002800374 0.996242642 88.117935181
0.995382905 0.009214805 0.095540546 2.084364414 -0.009440407 0.999953628 0.001909584 -2.211064100 -0.095518515 -0.002802708 0.995423794 88.675247192
0.994674563 0.008967449 0.102676138 2.154826164 -0.009163322 0.999956965 0.001436132 -2.227957726 -0.102658831 -0.002369338 0.994713724 89.215530396
0.993542254 0.010110028 0.113011494 2.233646393 -0.010345319 0.999945402 0.001495744 -2.245878458 -0.112990193 -0.002655224 0.993592501 89.752624512
0.992343426 0.008202796 0.123236246 2.323620796 -0.008406819 0.999963999 0.001135641 -2.252610207 -0.123222485 -0.002162971 0.992376685 90.311172485
0.991092980 0.007836775 0.132941052 2.415575981 -0.008068060 0.999966681 0.001201163 -2.267028809 -0.132927209 -0.002263041 0.991123199 90.869873047
0.989491105 0.007411378 0.144403711 2.517114639 -0.007631116 0.999970436 0.000967853 -2.283186197 -0.144392267 -0.002059643 0.989518344 91.392677307
0.987614691 0.008063685 0.156691238 2.627348900 -0.008360671 0.999964237 0.001236337 -2.297165155 -0.156675667 -0.002531068 0.987646878 91.944877625
0.985766590 0.007510332 0.167951971 2.742084503 -0.007788952 0.999969184 0.001000196 -2.307934761 -0.167939290 -0.002294129 0.985794663 92.499633789
0.983974934 0.007681232 0.178141475 2.857415199 -0.008000594 0.999967337 0.001074451 -2.324523926 -0.178127423 -0.002482470 0.984004319 93.034034729
0.981560290 0.006978081 0.191025600 2.984024048 -0.007339717 0.999972284 0.001185637 -2.342072010 -0.191012040 -0.002565849 0.981584311 93.573539734
0.979072988 0.007220876 0.203380957 3.110175133 -0.007514081 0.999971569 0.000669487 -2.351221323 -0.203370333 -0.002183698 0.979099393 94.098007202
0.976931393 0.007319691 0.213427618 3.245834351 -0.007698503 0.999969959 0.000943828 -2.367008448 -0.213414282 -0.002565128 0.976958454 94.630462646
0.973990798 0.006294359 0.226499796 3.391170502 -0.006582532 0.999978185 0.000517026 -2.377379894 -0.226491600 -0.001994521 0.974011004 95.162902832
0.970780551 0.005997009 0.239893809 3.544532776 -0.006250076 0.999980390 0.000294143 -2.388603926 -0.239887342 -0.001784903 0.970799029 95.700462341
0.968122721 0.004616155 0.250433981 3.705762863 -0.004732170 0.999988794 -0.000138891 -2.403183460 -0.250431806 -0.001050632 0.968133688 96.206764221
0.965238214 0.004172347 0.261338294 3.880489349 -0.004346025 0.999990582 0.000086644 -2.427945375 -0.261335433 -0.001219415 0.965247273 96.708076477
0.961607039 0.004064236 0.274399936 4.045896530 -0.004366240 0.999990344 0.000489833 -2.441892385 -0.274395347 -0.001669123 0.961615503 97.191627502
0.957887113 0.004206130 0.287114233 4.224500656 -0.004489114 0.999989867 0.000327314 -2.457511663 -0.287109971 -0.001602418 0.957896233 97.721595764
0.954484522 0.003312285 0.298242033 4.412738800 -0.003324682 0.999994397 -0.000465759 -2.460601568 -0.298241913 -0.000547000 0.954490185 98.260185242
0.949742734 0.003782484 0.313008666 4.583299637 -0.004070525 0.999991596 0.000266764 -2.489797592 -0.313005120 -0.001527467 0.949750245 98.767379761
0.945182562 0.003112859 0.326527476 4.795000076 -0.003583669 0.999993145 0.000840308 -2.507227421 -0.326522708 -0.001964410 0.945187330 99.291755676
0.941244125 0.001815802 0.337722182 5.012971878 -0.001803844 0.999998271 -0.000349229 -2.513855219 -0.337722242 -0.000280488 0.941245794 99.798553467
0.936483920 0.001755096 0.350706190 5.224996567 -0.001771323 0.999998331 -0.000274530 -2.529571772 -0.350706100 -0.000364121 0.936485529 100.278991699
0.930756867 0.001104774 0.365636975 5.424341202 -0.001183151 0.999999225 -0.000009700 -2.552676916 -0.365636706 -0.000423575 0.930757463 100.825958252
0.926055133 0.000562582 0.377387911 5.660890579 -0.000600268 0.999999762 -0.000017759 -2.564324856 -0.377387881 -0.000210088 0.926055253 101.332412720
0.920910716 0.000444631 0.389773279 5.888700485 -0.000550380 0.999999881 0.000159631 -2.579543591 -0.389773160 -0.000361530 0.920910776 101.852531433
0.914813519 -0.000414269 0.403876245 6.125598907 0.000599020 0.999999762 -0.000331097 -2.578589678 -0.403876036 0.000544822 0.914813519 102.366134644
0.909085393 -0.000948654 0.416608781 6.388603210 0.001134764 0.999999344 -0.000199094 -2.616262674 -0.416608274 0.000653746 0.909085810 102.856323242
0.904102147 -0.001161043 0.427314758 6.642284393 0.001420881 0.999999046 -0.000289202 -2.631612778 -0.427313983 0.000868632 0.904102862 103.335311890
0.898282528 -0.001662583 0.439415246 6.902690887 0.001736674 0.999998450 0.000233395 -2.649951458 -0.439414918 0.000553467 0.898284078 103.824798584
0.891596675 -0.001384304 0.452828318 7.182514191 0.001660283 0.999998689 -0.000212004 -2.664881468 -0.452827364 0.000940845 0.891597807 104.322219849
0.885490894 -0.001391166 0.464654595 7.477966309 0.001618486 0.999998748 -0.000090370 -2.685208559 -0.464653850 0.000832059 0.885492027 104.823295593
0.880223215 -0.004994282 0.474533528 7.760574341 0.005363592 0.999985456 0.000575409 -2.708769560 -0.474529564 0.002038716 0.880237222 105.305839539
0.872490227 -0.004814432 0.488607675 8.053058624 0.005028619 0.999987066 0.000873805 -2.724000931 -0.488605529 0.001694636 0.872503102 105.788894653
0.865160763 -0.005031839 0.501469135 8.343318939 0.005445910 0.999984980 0.000638473 -2.737675190 -0.501464844 0.002178574 0.865175307 106.244094849
