1.000000000 0.000000000 0.000000000 0.000000000 0.000000000 1.000000000 0.000000000 0.000000000 0.000000000 0.000000000 1.000000000 0.000000000
1.000000000 0.000046222 0.000016567 0.000195074 -0.000046221 1.000000000 -0.000030813 0.000658217 -0.000016568 0.000030813 1.000000000 0.000299138
1.000000000 0.000045494 0.000037956 -0.000094845 -0.000045496 1.000000000 0.000048926 -0.000046919 -0.000037953 -0.000048927 1.000000000 0.000129040
1.000000000 -0.000161209 0.000052211 0.000028181 0.000161209 1.000000000 -0.000004129 0.000506527 -0.000052210 0.000004138 1.000000000 0.000331177
1.000000000 -0.000100804 0.000036880 -0.000047980 0.000100803 1.000000000 0.000049644 -0.000224248 -0.000036885 -0.000049640 1.000000000 -0.000341857
1.000000000 -0.000015715 0.000134319 -0.000652969 0.000015715 1.000000000 0.000004127 0.000587529 -0.000134319 -0.000004125 1.000000000 0.000082446
1.000000000 -0.000133245 0.000064842 0.000219020 0.000133245 1.000000000 -0.000002271 0.000490366 -0.000064842 0.000002279 1.000000000 -0.000009684
1.000000000 -0.000001101 0.000073217 -0.000416712 0.000001094 1.000000000 0.000096061 -0.000241757 -0.000073217 -0.000096061 1.000000000 -0.000128219
1.000000000 -0.000020808 -0.000004349 -0.000529978 0.000020808 1.000000000 -0.000040627 -0.000163498 0.000004350 0.000040627 1.000000000 -0.001045570
1.000000000 -0.000105193 0.000060573 -0.000556871 0.000105188 1.000000000 0.000078719 -0.001270952 -0.000060582 -0.000078712 1.000000000 -0.001077126
1.000000000 0.000045101 0.000065561 -0.001104613 -0.000045106 1.000000000 0.000085786 -0.001016083 -0.000065557 -0.000085789 1.000000000 -0.000751002
1.000000000 -0.000053772 0.000074970 -0.001005497 0.000053767 1.000000000 0.000062829 -0.000425389 -0.000074973 -0.000062825 1.000000000 -0.001436301
1.000000000 0.000016477 -0.000016000 -0.000626747 -0.000016477 1.000000000 -0.000034193 -0.000228859 0.000015999 0.000034193 1.000000000 -0.001086372
1.000000000 -0.000019427 0.000051612 -0.001098625 0.000019427 1.000000000 -0.000008421 0.000971747 -0.000051612 0.000008422 1.000000000 0.000917225
1.000000000 0.000063267 0.000088926 -0.000661560 -0.000063259 1.000000000 -0.000088541 0.001459751 -0.000088932 0.000088535 1.000000000 0.000555418
1.000000000 -0.000068430 -0.000046384 0.000730165 0.000068426 1.000000000 -0.000074844 0.001557055 0.000046389 0.000074841 1.000000000 0.001447994
1.000000000 0.000025243 0.000085393 -0.000718944 -0.000025230 1.000000000 -0.000152810 0.002642318 -0.000085397 0.000152808 1.000000000 0.003114785
1.000000000 0.000117706 0.000090140 -0.001504074 -0.000117693 1.000000000 -0.000137841 0.001705382 -0.000090156 0.000137831 1.000000000 0.001668999
1.000000000 0.000116035 0.000147407 -0.001613616 -0.000116023 1.000000000 -0.000081417 0.002207073 -0.000147416 0.000081400 1.000000000 0.002751913
1.000000000 0.000036832 0.000122983 -0.001062353 -0.000036823 1.000000000 -0.000077146 0.001157259 -0.000122986 0.000077142 1.000000000 0.001525136
1.000000000 0.000055868 0.000134156 -0.001534487 -0.000055858 1.000000000 -0.000078554 0.001227405 -0.000134161 0.000078547 1.000000000 0.001705348
1.000000000 0.000154064 0.000072091 -0.001129179 -0.000154059 1.000000000 -0.000069734 0.001819052 -0.000072102 0.000069723 1.000000000 0.001231673
1.000000000 0.000051106 -0.000013903 -0.000211789 -0.000051107 1.000000000 -0.000084827 0.001850370 0.000013898 0.000084827 1.000000000 0.002792664
1.000000000 0.000017799 0.000037699 -0.000812879 -0.000017796 1.000000000 -0.000067957 0.002009632 -0.000037700 0.000067956 1.000000000 0.002728203
0.999999940 0.000290888 0.000031143 -0.000661773 -0.000290886 0.999999940 -0.000047014 0.002292633 -0.000031156 0.000047005 1.000000000 0.003526467
0.999999940 0.000254266 0.000101491 -0.001408835 -0.000254262 0.999999940 -0.000041129 0.001648134 -0.000101501 0.000041103 1.000000000 0.002199742
1.000000000 0.000084352 0.000150700 -0.001413009 -0.000084346 1.000000000 -0.000036732 0.002558564 -0.000150703 0.000036720 1.000000000 0.003399906
1.000000000 0.000115882 0.000152615 -0.001584340 -0.000115878 1.000000000 -0.000026504 0.001945859 -0.000152618 0.000026487 1.000000000 0.002928123
1.000000000 0.000101070 0.000083351 -0.001130697 -0.000101061 1.000000000 -0.000110141 0.002868406 -0.000083362 0.000110133 1.000000000 0.002784515
1.000000000 0.000071556 0.000128204 -0.001549534 -0.000071546 1.000000000 -0.000076677 0.001595292 -0.000128209 0.000076668 1.000000000 0.002272849
1.000000000 0.000061362 0.000167502 -0.001734790 -0.000061360 1.000000000 -0.000016033 0.001366872 -0.000167503 0.000016023 1.000000000 0.002868408
1.000000000 0.000087355 0.000154912 -0.000711364 -0.000087343 1.000000000 -0.000076460 0.002775385 -0.000154919 0.000076446 1.000000000 0.004139110
1.000000000 0.000120769 0.000059503 -0.000129566 -0.000120757 1.000000000 -0.000201171 0.003771611 -0.000059527 0.000201164 1.000000000 0.004286851
1.000000000 0.000095261 0.000167091 -0.001324219 -0.000095249 1.000000000 -0.000072748 0.001955260 -0.000167098 0.000072733 1.000000000 0.002811314
0.999999940 0.000189133 0.000173764 -0.002424834 -0.000189105 0.999999940 -0.000159573 0.002557027 -0.000173794 0.000159541 1.000000000 0.002824188
0.999999940 0.000184267 0.000190492 -0.001645164 -0.000184244 1.000000000 -0.000119801 0.002006743 -0.000190514 0.000119766 1.000000000 0.002732128
1.000000000 0.000120436 0.000101161 -0.001221353 -0.000120429 1.000000000 -0.000071007 0.002207546 -0.000101169 0.000070995 1.000000000 0.002341836
1.000000000 0.000171226 0.000127730 -0.001638915 -0.000171218 1.000000000 -0.000066924 0.003010081 -0.000127741 0.000066902 1.000000000 0.003566935
0.999999940 0.000234146 0.000187207 -0.001797014 -0.000234133 0.999999940 -0.000069410 0.002833628 -0.000187224 0.000069366 1.000000000 0.003032398
1.000000000 0.000177972 0.000094148 -0.000325754 -0.000177964 1.000000000 -0.000087165 0.003277011 -0.000094164 0.000087149 1.000000000 0.003674292
1.000000000 0.000083537 0.000134817 -0.000883984 -0.000083521 1.000000000 -0.000124762 0.002358191 -0.000134828 0.000124751 1.000000000 0.004482724
0.999999821 0.000410953 0.000184140 -0.000479644 -0.000410845 0.999999762 -0.000582099 -0.001337981 -0.000184379 0.000582023 0.999999821 0.053480163
0.999999881 0.000285189 0.000186142 0.001963345 -0.000284960 0.999999285 -0.001227375 -0.002140689 -0.000186491 0.001227322 0.999999285 0.143560484
0.999999762 0.000621747 -0.000218105 0.005271216 -0.000621998 0.999999166 -0.001153987 -0.007016667 0.000217388 0.001154122 0.999999285 0.253702551
0.999999762 0.000640401 -0.000170305 0.008296056 -0.000640589 0.999999166 -0.001101427 -0.009766491 0.000169600 0.001101536 0.999999285 0.386156172
0.999999821 0.000565236 -0.000235364 0.010052412 -0.000565430 0.999999523 -0.000823415 -0.014007638 0.000234899 0.000823548 0.999999583 0.528642952
0.999999881 -0.000149078 0.000339256 0.013112571 0.000149061 1.000000000 0.000049412 -0.025503609 -0.000339264 -0.000049362 0.999999940 0.679452002
0.999999881 -0.000380185 0.000340770 0.018303234 0.000380109 0.999999881 0.000224345 -0.027879629 -0.000340855 -0.000224215 0.999999940 0.840117872
1.000000000 0.000021450 0.000126210 0.019188525 -0.000021454 1.000000000 0.000035031 -0.030089667 -0.000126209 -0.000035034 1.000000000 1.019754052
1.000000000 0.000119947 0.000079311 0.024390703 -0.000119950 1.000000000 0.000038356 -0.034338512 -0.000079306 -0.000038365 1.000000000 1.196759224
0.999999821 0.000497537 0.000290106 0.023650212 -0.000497674 0.999999762 0.000470432 -0.041632142 -0.000289872 -0.000470576 0.999999821 1.380817533
0.999999702 0.000677681 0.000166080 0.027502539 -0.000677733 0.999999583 0.000310581 -0.043698605 -0.000165869 -0.000310694 0.999999881 1.574617743
0.999999881 -0.000111058 0.000244078 0.030541420 0.000110868 0.999999702 0.000780669 -0.053934600 -0.000244164 -0.000780642 0.999999642 1.774557590
0.999999762 0.000436925 0.000549972 0.032016970 -0.000437417 0.999999464 0.000894370 -0.061201438 -0.000549581 -0.000894610 0.999999464 1.977222443
0.999999881 -0.000112108 0.000399680 0.039861638 0.000111755 0.999999583 0.000883171 -0.066696435 -0.000399779 -0.000883126 0.999999464 2.191397190
0.999999940 0.000089995 0.000410991 0.043857757 -0.000090381 0.999999583 0.000939920 -0.070616290 -0.000410906 -0.000939957 0.999999404 2.411169291
0.999999821 0.000413340 0.000545604 0.048164602 -0.000413832 0.999999583 0.000902497 -0.075697064 -0.000545231 -0.000902722 0.999999464 2.636484861
0.999999702 0.000419218 0.000677562 0.053452939 -0.000419788 0.999999583 0.000841491 -0.084185041 -0.000677209 -0.000841776 0.999999404 2.859221697
0.999999762 0.000312809 0.000698519 0.058592528 -0.000313458 0.999999583 0.000929016 -0.088988207 -0.000698228 -0.000929235 0.999999344 3.098213434
0.999999821 0.000515900 0.000580414 0.064463638 -0.000516595 0.999999166 0.001197933 -0.096206158 -0.000579795 -0.001198233 0.999999046 3.332422495
0.999999821 -0.000057974 0.000427406 0.069313027 0.000057411 0.999999106 0.001315704 -0.104327343 -0.000427482 -0.001315679 0.999999046 3.584671259
0.999999762 0.000330436 0.000573845 0.071954340 -0.000331128 0.999999166 0.001206964 -0.110684663 -0.000573446 -0.001207154 0.999999046 3.844890118
0.999999642 0.000246418 0.000950269 0.073412515 -0.000247510 0.999999404 0.001149032 -0.118356459 -0.000949985 -0.001149267 0.999998868 4.092879295
0.999999523 0.000656578 0.000791445 0.079062551 -0.000657604 0.999998927 0.001297191 -0.123443492 -0.000790593 -0.001297711 0.999998868 4.350068569
0.999999464 0.000404002 0.000966399 0.084402345 -0.000405336 0.999998987 0.001380544 -0.133386195 -0.000965840 -0.001380935 0.999998569 4.608359337
0.999999225 0.000407357 0.001156948 0.090617962 -0.000408763 0.999999166 0.001215079 -0.136828512 -0.001156452 -0.001215551 0.999998510 4.873747826
0.999998987 0.000835535 0.001084221 0.095249802 -0.000837007 0.999998689 0.001358064 -0.143352285 -0.001083085 -0.001358970 0.999998450 5.131564140
0.999998927 0.000849194 0.001210862 0.098684967 -0.000850750 0.999998808 0.001285326 -0.152200431 -0.001209769 -0.001286354 0.999998450 5.395834923
0.999998927 0.000619454 0.001316409 0.102614038 -0.000621029 0.999999046 0.001196826 -0.161089137 -0.001315667 -0.001197642 0.999998391 5.663616180
0.999999344 0.000429475 0.001080904 0.103898287 -0.000430948 0.999998987 0.001362259 -0.167951733 -0.001080318 -0.001362724 0.999998510 5.935647964
0.999999106 0.000582320 0.001221582 0.108879425 -0.000584051 0.999998808 0.001417296 -0.178279236 -0.001220755 -0.001418008 0.999998271 6.214437008
0.999999285 0.000378094 0.001111813 0.124028377 -0.000379611 0.999998987 0.001364312 -0.177872002 -0.001111297 -0.001364734 0.999998450 6.511710167
0.999998987 0.000728019 0.001221457 0.125264049 -0.000729952 0.999998510 0.001582582 -0.191340387 -0.001220303 -0.001583472 0.999997973 6.791526318
0.999998987 0.000722010 0.001152364 0.133389905 -0.000723777 0.999998510 0.001533534 -0.199935749 -0.001151255 -0.001534367 0.999998152 7.093455315
0.999999404 0.000340682 0.000981113 0.142569929 -0.000342274 0.999998629 0.001622434 -0.207563713 -0.000980559 -0.001622768 0.999998212 7.399824619
0.999999046 0.000656533 0.001176849 0.145789564 -0.000658294 0.999998629 0.001496803 -0.218898982 -0.001175865 -0.001497576 0.999998152 7.701184273
0.999999344 0.000368670 0.001078411 0.156627864 -0.000370317 0.999998748 0.001527497 -0.226003960 -0.001077847 -0.001527896 0.999998271 8.026893616
0.999998689 0.000708600 0.001480060 0.157835498 -0.000711286 0.999998152 0.001815078 -0.233301625 -0.001478771 -0.001816128 0.999997199 8.349892616
0.999999225 0.000193379 0.001162713 0.168097720 -0.000195372 0.999998450 0.001713760 -0.246201158 -0.001162380 -0.001713986 0.999997914 8.667916298
0.999998093 0.000868763 0.001720926 0.169905007 -0.000871162 0.999998569 0.001393334 -0.252149016 -0.001719713 -0.001394831 0.999997556 9.015892982
0.999998331 0.000970201 0.001577125 0.178553164 -0.000972393 0.999998569 0.001389423 -0.264138609 -0.001575774 -0.001390954 0.999997795 9.356000900
0.999998748 0.001003372 0.001202236 0.187781394 -0.001005774 0.999997497 0.001999331 -0.281405300 -0.001200227 -0.002000538 0.999997258 9.695200920
0.999998331 0.000984656 0.001520480 0.195342988 -0.000987740 0.999997437 0.002029315 -0.290962815 -0.001518478 -0.002030813 0.999996841 10.048077583
0.999998152 0.001294836 0.001428571 0.199562579 -0.001297864 0.999996901 0.002120077 -0.301341623 -0.001425822 -0.002121927 0.999996722 10.409982681
0.999997735 0.001501003 0.001494401 0.207912758 -0.001503928 0.999996960 0.001957973 -0.310547113 -0.001491458 -0.001960217 0.999996901 10.770678520
0.999998391 0.001226096 0.001279976 0.216359541 -0.001228768 0.999997079 0.002088994 -0.319353580 -0.001277411 -0.002090564 0.999996960 11.137765884
0.999998927 0.000917190 0.001145474 0.229597852 -0.000919513 0.999997437 0.002028934 -0.331225127 -0.001143611 -0.002029985 0.999997258 11.509959221
0.999998391 0.001271288 0.001277992 0.236965612 -0.001273929 0.999997079 0.002067666 -0.340678334 -0.001275360 -0.002069290 0.999997020 11.892747879
0.999997735 0.001569044 0.001437222 0.237829655 -0.001571681 0.999997079 0.001835702 -0.351176977 -0.001434338 -0.001837957 0.999997258 12.273093224
0.999997199 0.001699315 0.001698090 0.246717423 -0.001703559 0.999995410 0.002501021 -0.369304568 -0.001693832 -0.002503907 0.999995410 12.658996582
0.999997079 0.001400422 0.001975396 0.250723720 -0.001404942 0.999996543 0.002288167 -0.373316467 -0.001972184 -0.002290936 0.999995410 13.057812691
0.999997437 0.001245997 0.001893946 0.262600183 -0.001250237 0.999996722 0.002239039 -0.386728346 -0.001891151 -0.002241401 0.999995708 13.464438438
0.999996424 0.001378783 0.002292805 0.271519482 -0.001384394 0.999996066 0.002447372 -0.399599969 -0.002289421 -0.002450537 0.999994397 13.866127968
0.999995887 0.001591899 0.002386081 0.283322096 -0.001597369 0.999996066 0.002292690 -0.406571597 -0.002382422 -0.002296492 0.999994457 14.283095360
0.999992907 0.002345636 0.002954431 0.289181799 -0.002352926 0.999994218 0.002466265 -0.421678007 -0.002948629 -0.002473200 0.999992549 14.698473930
0.999994099 0.001715266 0.003023674 0.303039223 -0.001722887 0.999995291 0.002519703 -0.431214780 -0.003019338 -0.002524897 0.999992192 15.142307281
0.999992251 0.001936939 0.003434269 0.312608510 -0.001945492 0.999994993 0.002488908 -0.446933627 -0.003429431 -0.002495570 0.999991000 15.582050323
0.999988616 0.002199678 0.004245854 0.319780946 -0.002208216 0.999995530 0.002006960 -0.453674465 -0.004241421 -0.002016313 0.999988914 16.029167175
0.999988258 0.002443822 0.004182668 0.330415636 -0.002454368 0.999993801 0.002518198 -0.465936661 -0.004176488 -0.002528433 0.999988079 16.458314896
0.999986112 0.002783645 0.004482811 0.334102392 -0.002794580 0.999993086 0.002434851 -0.481613845 -0.004476003 -0.002447345 0.999986947 16.898992538
0.999988079 0.002251291 0.004334058 0.355277121 -0.002263272 0.999993563 0.002761484 -0.497183502 -0.004327814 -0.002771260 0.999986768 17.352661133
0.999988139 0.001834106 0.004494480 0.365108460 -0.001846633 0.999994397 0.002784656 -0.508737504 -0.004489347 -0.002792923 0.999985993 17.817520142
0.999989212 0.001224355 0.004470820 0.381076902 -0.001234809 0.999996483 0.002336264 -0.518206179 -0.004467944 -0.002341759 0.999987304 18.284084320
0.999988556 0.001313931 0.004586036 0.397884011 -0.001323782 0.999996841 0.002145748 -0.525664926 -0.004583201 -0.002151794 0.999987185 18.760669708
0.999983609 0.002239450 0.005275081 0.402266920 -0.002254617 0.999993265 0.002870999 -0.549919665 -0.005268616 -0.002882845 0.999981940 19.231466293
0.999980927 0.002322887 0.005710445 0.412261665 -0.002336951 0.999994278 0.002457537 -0.554848552 -0.005704704 -0.002470836 0.999980628 19.713266373
0.999981940 0.002427879 0.005487351 0.420104444 -0.002443595 0.999992967 0.002859153 -0.568646252 -0.005480370 -0.002872510 0.999980867 20.205530167
0.999979973 0.002282640 0.005901214 0.440553248 -0.002299947 0.999993026 0.002927594 -0.587084472 -0.005894491 -0.002941108 0.999978304 20.683530807
0.999987185 0.001899649 0.004710602 0.456723928 -0.001915440 0.999992549 0.003350019 -0.604903996 -0.004704204 -0.003359000 0.999983311 21.181089401
0.999984801 0.002072720 0.005104999 0.466269791 -0.002089167 0.999992549 0.003218558 -0.618737817 -0.005098290 -0.003229174 0.999981761 21.716156006
0.999986053 0.002138293 0.004825400 0.474059343 -0.002153827 0.999992490 0.003216414 -0.630851865 -0.004818486 -0.003226763 0.999983191 22.229412079
0.999989390 0.002122115 0.004091150 0.492281765 -0.002134623 0.999993026 0.003055346 -0.644608974 -0.004084639 -0.003064047 0.999986947 22.737216949
0.999991298 0.001774305 0.003759606 0.497525513 -0.001786865 0.999992847 0.003339793 -0.660200477 -0.003753653 -0.003346482 0.999987364 23.262094498
0.999994040 0.001867385 0.002902555 0.516441762 -0.001877702 0.999991894 0.003555715 -0.677552521 -0.002895892 -0.003561144 0.999989450 23.796819687
0.999997020 0.000406476 0.002406918 0.523505807 -0.000414584 0.999994218 0.003369110 -0.695077181 -0.002405534 -0.003370097 0.999991417 24.318141937
0.999996245 0.001589128 0.002244916 0.530826688 -0.001596648 0.999993086 0.003351875 -0.705593586 -0.002239574 -0.003355447 0.999991834 24.862888336
0.999996245 0.002172649 0.001663974 0.544421554 -0.002178529 0.999991357 0.003539868 -0.715989470 -0.001656269 -0.003543480 0.999992371 25.393938065
0.999996006 0.002679182 0.000893358 0.557544589 -0.002682306 0.999990225 0.003513556 -0.730774879 -0.000883936 -0.003515939 0.999993443 25.940792084
0.999995589 0.002885011 0.000662710 0.563937902 -0.002887338 0.999989569 0.003537479 -0.746364176 -0.000652498 -0.003539377 0.999993503 26.500957489
0.999997079 0.002365460 0.000429863 0.575092256 -0.002367041 0.999990284 0.003716765 -0.754325330 -0.000421067 -0.003717772 0.999992967 27.066570282
0.999996305 0.002684082 0.000188186 0.584149837 -0.002684853 0.999987602 0.004223877 -0.777444601 -0.000176846 -0.004224368 0.999991000 27.616973877
0.999996185 0.002762529 -0.000220688 0.595912814 -0.002761602 0.999987781 0.004096260 -0.793540478 0.000232001 -0.004095635 0.999991596 28.163928986
0.999994516 0.003276637 -0.000233739 0.603573203 -0.003275675 0.999986649 0.004003603 -0.801753640 0.000246854 -0.004002816 0.999991953 28.709550858
0.999995172 0.003029990 -0.000655054 0.617417514 -0.003027083 0.999985695 0.004394714 -0.818312407 0.000668361 -0.004392709 0.999990106 29.269973755
0.999994636 0.003143976 -0.000928809 0.627449155 -0.003140181 0.999986768 0.004060719 -0.828252554 0.000941564 -0.004057780 0.999991298 29.814447403
0.999993145 0.003535999 -0.001098241 0.636659265 -0.003531462 0.999985337 0.004104763 -0.844679475 0.001112739 -0.004100857 0.999990940 30.350011826
0.999991894 0.003785647 -0.001352286 0.645581722 -0.003780096 0.999984443 0.004084204 -0.853793681 0.001367726 -0.004079059 0.999990702 30.907438278
0.999992132 0.003510920 -0.001809753 0.667003214 -0.003503351 0.999985158 0.004167784 -0.869193196 0.001824359 -0.004161411 0.999989629 31.447603226
0.999986947 0.004775982 -0.001801205 0.673236310 -0.004767964 0.999978840 0.004429954 -0.879938424 0.001822325 -0.004421308 0.999988556 31.998529434
0.999992192 0.003158411 -0.002374751 0.685904622 -0.003148762 0.999986827 0.004055625 -0.891216576 0.002387529 -0.004048116 0.999988973 32.561489105
0.999987543 0.003301746 -0.003728506 0.701811612 -0.003286922 0.999986649 0.003975206 -0.888362348 0.003741582 -0.003962900 0.999985099 33.131721497
0.999991238 0.003195667 -0.002701206 0.707269907 -0.003184280 0.999986053 0.004209461 -0.923023403 0.002714620 -0.004200822 0.999987483 33.651603699
0.999990642 0.003439754 -0.002658532 0.713377357 -0.003428060 0.999984503 0.004390671 -0.936660171 0.002673594 -0.004381517 0.999986768 34.202339172
0.999989927 0.003606870 -0.002666919 0.718124270 -0.003594753 0.999983251 0.004534799 -0.947941780 0.002683232 -0.004525167 0.999986172 34.735050201
0.999988616 0.003743760 -0.002967689 0.729277611 -0.003731079 0.999983907 0.004267471 -0.966554701 0.002983618 -0.004256350 0.999986529 35.264694214
0.999988675 0.003490404 -0.003243909 0.739430785 -0.003475721 0.999983728 0.004520871 -0.973676026 0.003259636 -0.004509544 0.999984503 35.806247711
0.999986649 0.003666100 -0.003651384 0.751760125 -0.003648777 0.999982119 0.004739456 -0.988953412 0.003668695 -0.004726070 0.999982119 36.353740692
0.999989867 0.003412737 -0.002920559 0.757666588 -0.003401445 0.999986708 0.003862202 -0.996507883 0.002933700 -0.003852228 0.999988198 36.918025970
0.999987900 0.003522920 -0.003428241 0.765516758 -0.003509066 0.999985695 0.004038981 -1.008848310 0.003442421 -0.004026902 0.999985993 37.464263916
0.999987423 0.003370554 -0.003713826 0.777876139 -0.003357024 0.999987781 0.003643279 -1.018683434 0.003726060 -0.003630766 0.999986470 38.018081665
0.999985278 0.003792664 -0.003876587 0.787205160 -0.003779514 0.999987125 0.003394028 -1.029572248 0.003889411 -0.003379327 0.999986708 38.560497284
0.999984801 0.004456825 -0.003242832 0.790221155 -0.004448096 0.999986529 0.002693929 -1.036317587 0.003254795 -0.002679463 0.999991119 39.110717773
0.999984026 0.003631585 -0.004333703 0.803760409 -0.003618367 0.999988794 0.003054083 -1.050050378 0.004344745 -0.003038353 0.999985874 39.663185120
0.999983847 0.003365178 -0.004568587 0.814925849 -0.003352623 0.999990582 0.002752849 -1.061380386 0.004577808 -0.002737488 0.999985695 40.223182678
0.999983132 0.003237671 -0.004825649 0.825873137 -0.003223567 0.999990523 0.002927592 -1.077502728 0.004835082 -0.002911987 0.999984026 40.773433685
0.999984682 0.003342107 -0.004415871 0.828790545 -0.003331979 0.999991834 0.002298770 -1.081908941 0.004423517 -0.002284022 0.999987602 41.337001801
0.999981225 0.004414850 -0.004258781 0.827971876 -0.004404428 0.999987304 0.002453369 -1.094547153 0.004269558 -0.002434565 0.999987960 41.885807037
0.999982297 0.004278271 -0.004125835 0.836857378 -0.004269447 0.999988496 0.002145146 -1.109750509 0.004134966 -0.002127493 0.999989212 42.420654297
0.999983728 0.004055478 -0.004030767 0.849180341 -0.004046674 0.999989331 0.002189878 -1.121797323 0.004039605 -0.002173531 0.999989510 42.973186493
0.999983847 0.004557083 -0.003371288 0.846458614 -0.004549455 0.999987066 0.002266803 -1.137063265 0.003381575 -0.002251429 0.999991715 43.557132721
0.999983132 0.004688843 -0.003426347 0.856646955 -0.004682459 0.999987245 0.001869050 -1.147645473 0.003435066 -0.001852975 0.999992371 44.098594666
0.999981940 0.005352575 -0.002736023 0.865582943 -0.005346744 0.999983490 0.002133836 -1.161792397 0.002747399 -0.002119168 0.999993980 44.650104523
0.999981761 0.005127897 -0.003180236 0.868487179 -0.005118744 0.999982774 0.002879645 -1.179125786 0.003194948 -0.002863313 0.999990821 45.188358307
0.999983907 0.004514147 -0.003440774 0.880194306 -0.004507461 0.999987960 0.001948401 -1.188105583 0.003449527 -0.001932861 0.999992192 45.750843048
0.999982655 0.005095433 -0.002965743 0.885087311 -0.005090888 0.999985874 0.001537613 -1.197906971 0.002973536 -0.001522487 0.999994457 46.299423218
0.999985576 0.004436774 -0.003022571 0.893527269 -0.004431097 0.999988437 0.001882561 -1.218200088 0.003030890 -0.001869140 0.999993622 46.845855713
0.999983370 0.004664985 -0.003369309 0.908517838 -0.004657459 0.999986649 0.002238189 -1.232635856 0.003379706 -0.002222460 0.999991834 47.396408081
0.999980390 0.005142299 -0.003569879 0.924161911 -0.005131877 0.999982536 0.002922637 -1.252057791 0.003584846 -0.002904259 0.999989331 47.937938690
0.999982595 0.005017369 -0.003089699 0.934898496 -0.005009127 0.999983907 0.002669471 -1.266932130 0.003103043 -0.002653948 0.999991655 48.472789764
0.999981225 0.005467571 -0.002766049 0.946623802 -0.005458735 0.999980032 0.003192282 -1.285389423 0.002783447 -0.003177123 0.999991059 48.995738983
0.999978900 0.005853056 -0.002812755 0.956356168 -0.005846050 0.999979913 0.002492198 -1.292716980 0.002827285 -0.002475702 0.999992907 49.546150208
0.999978185 0.005878139 -0.002985012 0.986897051 -0.005868713 0.999977708 0.003156686 -1.311892390 0.003003502 -0.003139099 0.999990582 50.058429718
0.999978006 0.006068275 -0.002665885 0.993576407 -0.006059347 0.999976158 0.003343907 -1.323767543 0.002686114 -0.003327680 0.999990880 50.575790405
0.999977589 0.006391230 -0.001988720 0.988786399 -0.006383797 0.999972701 0.003721280 -1.344649315 0.002012449 -0.003708502 0.999991119 51.107986450
0.999976873 0.005997808 -0.003196214 1.033558726 -0.005986358 0.999975681 0.003580320 -1.351202369 0.003217611 -0.003561104 0.999988496 51.627868652
0.999973476 0.006310286 -0.003672527 1.045487642 -0.006296655 0.999973297 0.003711778 -1.364111781 0.003695852 -0.003688554 0.999986351 52.153129578
0.999973834 0.006359881 -0.003445867 1.055619955 -0.006348527 0.999974430 0.003295955 -1.377102613 0.003466741 -0.003273993 0.999988556 52.680450439
0.999975264 0.006077807 -0.003533494 1.066502094 -0.006065510 0.999975502 0.003480364 -1.387441874 0.003554561 -0.003458846 0.999987721 53.213794708
0.999972522 0.006554464 -0.003443285 1.075646281 -0.006542743 0.999972820 0.003404628 -1.401021123 0.003465508 -0.003382006 0.999988258 53.753829956
0.999971151 0.006855681 -0.003266810 1.083818674 -0.006845957 0.999972045 0.002978542 -1.412693143 0.003287139 -0.002956092 0.999990225 54.294605255
0.999971509 0.007023107 -0.002760752 1.086866617 -0.007014527 0.999970496 0.003105295 -1.425416350 0.002782480 -0.003085841 0.999991298 54.831909180
0.999971569 0.006985525 -0.002816376 1.096186399 -0.006976829 0.999970794 0.003085659 -1.438207507 0.002837849 -0.003065922 0.999991179 55.382579803
0.999970376 0.006819064 -0.003576873 1.116242886 -0.006809303 0.999973059 0.002733811 -1.448116660 0.003595419 -0.002709374 0.999989867 55.951072693
0.999972165 0.006389932 -0.003842468 1.123223782 -0.006377755 0.999974608 0.003172827 -1.465918541 0.003862645 -0.003148232 0.999987602 56.502075195
0.999971509 0.006539473 -0.003769044 1.130920649 -0.006528533 0.999974489 0.002907528 -1.479913592 0.003787962 -0.002882839 0.999988675 57.065937042
0.999971390 0.006644334 -0.003641465 1.135662556 -0.006634589 0.999974370 0.002681540 -1.491308212 0.003659189 -0.002657303 0.999989748 57.620075226
0.999971509 0.006553532 -0.003723572 1.145459294 -0.006543428 0.999974906 0.002719055 -1.507326007 0.003741300 -0.002694613 0.999989390 58.166210175
0.999973297 0.006312651 -0.003708509 1.154662848 -0.006303180 0.999976873 0.002560016 -1.518519878 0.003724582 -0.002536572 0.999989867 58.715606689
0.999971569 0.006443597 -0.003916042 1.162346601 -0.006433178 0.999975681 0.002667511 -1.532698631 0.003933135 -0.002642242 0.999988794 59.252861023
0.999974191 0.006044946 -0.003887215 1.172706008 -0.006034638 0.999978244 0.002658382 -1.550344467 0.003903200 -0.002634856 0.999988914 59.798557281
0.999973357 0.005801502 -0.004430629 1.183459520 -0.005790422 0.999980032 0.002509640 -1.563210845 0.004445097 -0.002483917 0.999986947 60.353290558
0.999973059 0.005718734 -0.004593726 1.195652008 -0.005707889 0.999980927 0.002370519 -1.567734838 0.004607196 -0.002344235 0.999986649 60.931682587
0.999971032 0.006820882 -0.003361235 1.187360525 -0.006813237 0.999974191 0.002280288 -1.587795496 0.003376703 -0.002257321 0.999991775 61.428226471
0.999969840 0.007197205 -0.002904724 1.189823985 -0.007189761 0.999970853 0.002564165 -1.602389455 0.002923095 -0.002543204 0.999992490 61.963920593
0.999968231 0.007422053 -0.002901026 1.192466259 -0.007414987 0.999969542 0.002439337 -1.620110154 0.002919042 -0.002417748 0.999992788 62.492412567
0.999968588 0.007483590 -0.002614860 1.199237227 -0.007477739 0.999969542 0.002240387 -1.634396911 0.002631546 -0.002220764 0.999994099 63.035064697
0.999965012 0.007829520 -0.002951388 1.208571911 -0.007823220 0.999967039 0.002140554 -1.646145821 0.002968049 -0.002117389 0.999993265 63.572910309
0.999966025 0.007672525 -0.003023200 1.216102362 -0.007666470 0.999968529 0.002009562 -1.664624810 0.003038523 -0.001986316 0.999993384 64.112342834
0.999965429 0.007908015 -0.002578175 1.221359849 -0.007902722 0.999966621 0.002056913 -1.680829763 0.002594355 -0.002036467 0.999994576 64.639709473
0.999963105 0.008219765 -0.002475323 1.226297736 -0.008214694 0.999964178 0.002051877 -1.694794536 0.002492100 -0.002031467 0.999994755 65.184669495
0.999967217 0.007614968 -0.002742261 1.241093516 -0.007609752 0.999969244 0.001907099 -1.710494518 0.002756699 -0.001886169 0.999994397 65.724426270
0.999967873 0.007723555 -0.002123478 1.246577382 -0.007719638 0.999968469 0.001846473 -1.724173784 0.002137672 -0.001830022 0.999996006 66.263626099
0.999969304 0.007388424 -0.002588864 1.250565767 -0.007384837 0.999971688 0.001392397 -1.736204982 0.002599079 -0.001373236 0.999995708 66.811820984
0.999973714 0.006532853 -0.003146552 1.263564110 -0.006526193 0.999976397 0.002121931 -1.759303808 0.003160341 -0.002101341 0.999992847 67.357658386
0.999969542 0.007254493 -0.002871122 1.272601247 -0.007250475 0.999972701 0.001407286 -1.772399187 0.002881253 -0.001386426 0.999994814 67.891143799
0.999969423 0.007360537 -0.002611665 1.282800436 -0.007356901 0.999971926 0.001398498 -1.791005373 0.002621884 -0.001379242 0.999995530 68.421310425
0.999969304 0.007345464 -0.002728482 1.291150331 -0.007342293 0.999972463 0.001170366 -1.804443717 0.002737003 -0.001150297 0.999995530 68.959175110
0.999966085 0.007752342 -0.002819379 1.297989845 -0.007748086 0.999968827 0.001517236 -1.821179390 0.002831053 -0.001495340 0.999994874 69.483772278
0.999965727 0.007814799 -0.002738936 1.310594320 -0.007811183 0.999968529 0.001328589 -1.839062452 0.002749233 -0.001307149 0.999995351 70.012039185
0.999966681 0.007698344 -0.002686346 1.320558071 -0.007694506 0.999969363 0.001436029 -1.856489062 0.002697319 -0.001415311 0.999995291 70.546157837
0.999965727 0.007872758 -0.002548064 1.327916861 -0.007869601 0.999968231 0.001246524 -1.871045947 0.002557797 -0.001226429 0.999995947 71.092353821
0.999973357 0.006796049 -0.002665899 1.340374708 -0.006793016 0.999976218 0.001145259 -1.886564732 0.002673621 -0.001127118 0.999995768 71.622253418
0.999972582 0.006921359 -0.002641709 1.348434925 -0.006918078 0.999975264 0.001249061 -1.902286649 0.002650290 -0.001230752 0.999995708 72.152015686
0.999972165 0.006967389 -0.002642724 1.358484626 -0.006964801 0.999975204 0.000987084 -1.917533159 0.002649536 -0.000968650 0.999996006 72.696075439
0.999972045 0.006886786 -0.002904124 1.370913267 -0.006883523 0.999975622 0.001132153 -1.933988333 0.002911850 -0.001112131 0.999995112 73.233238220
0.999968290 0.007569582 -0.002445344 1.373428106 -0.007567555 0.999971032 0.000836856 -1.944997668 0.002451608 -0.000818324 0.999996662 73.788879395
0.999971330 0.007112280 -0.002600318 1.388728261 -0.007109894 0.999974310 0.000925434 -1.963790536 0.002606833 -0.000906919 0.999996185 74.303932190
0.999968588 0.007514051 -0.002518096 1.400035977 -0.007511050 0.999971211 0.001198440 -1.976649404 0.002527027 -0.001179489 0.999996126 74.844223022
0.999971807 0.006999657 -0.002766182 1.411979437 -0.006997047 0.999975085 0.000952736 -1.991724014 0.002772780 -0.000933355 0.999995708 75.389518738
0.999969661 0.007303323 -0.002755735 1.423823714 -0.007301691 0.999973118 0.000602532 -2.006012201 0.002760064 -0.000582391 0.999996006 75.928054810
0.999967158 0.007776034 -0.002286661 1.427652955 -0.007775024 0.999969661 0.000449970 -2.019386768 0.002290090 -0.000432176 0.999997258 76.470832825
0.999970376 0.007277325 -0.002498048 1.442972183 -0.007276395 0.999973476 0.000381177 -2.035402298 0.002500755 -0.000362989 0.999996781 77.026092529
0.999968827 0.007459284 -0.002595587 1.452331662 -0.007459184 0.999972105 0.000048513 -2.047511339 0.002595878 -0.000029150 0.999996603 77.568916321
0.999966681 0.007675905 -0.002772488 1.463191390 -0.007675140 0.999970496 0.000286463 -2.062050343 0.002774603 -0.000265174 0.999996126 78.118019104
0.999971867 0.007029178 -0.002624951 1.478738904 -0.007028742 0.999975264 0.000175467 -2.077496052 0.002626119 -0.000157012 0.999996543 78.640052795
0.999968648 0.007566271 -0.002334498 1.489556313 -0.007565737 0.999971271 0.000237122 -2.094504595 0.002336225 -0.000219452 0.999997258 79.171546936
0.999968410 0.007448429 -0.002768227 1.501632810 -0.007447511 0.999972224 0.000341605 -2.110991478 0.002770693 -0.000320977 0.999996066 79.726379395
0.999968708 0.007645109 -0.002024019 1.508541822 -0.007645226 0.999970734 -0.000050540 -2.128496885 0.002023573 0.000066013 0.999997973 80.261543274
0.999969482 0.007707462 -0.001227395 1.513611197 -0.007707221 0.999970257 0.000199661 -2.145551205 0.001228898 -0.000190195 0.999999166 80.827850342
0.999973416 0.007284447 -0.000309497 1.526798368 -0.007284480 0.999973476 -0.000107550 -2.160077572 0.000308705 0.000109802 0.999999940 81.380317688
0.999978900 0.006474404 0.000478737 1.546921492 -0.006474266 0.999979019 -0.000286648 -2.173686266 -0.000480582 0.000283543 0.999999821 81.915794373
0.999972463 0.007179681 0.001834464 1.552690744 -0.007179027 0.999974132 -0.000362673 -2.185921669 -0.001837020 0.000349494 0.999998271 82.465042114
0.999963522 0.006945465 0.005001321 1.573242664 -0.006943617 0.999975801 -0.000386822 -2.203477859 -0.005003887 0.000352081 0.999987364 83.012069702
0.999933243 0.007421757 0.008848511 1.590894938 -0.007421374 0.999972403 -0.000076134 -2.219483614 -0.008848833 0.000010461 0.999960840 83.546791077
0.999898672 0.007662092 0.011995320 1.611481905 -0.007658122 0.999970615 -0.000376937 -2.237362385 -0.011997855 0.000285037 0.999927998 84.092086792
0.999844134 0.007545899 0.015962664 1.634674907 -0.007540019 0.999971449 -0.000428581 -2.254386663 -0.015965445 0.000308155 0.999872446 84.644584656
0.999721289 0.007650601 0.022333318 1.659387231 -0.007642405 0.999970615 -0.000452392 -2.272181273 -0.022336125 0.000281586 0.999750495 85.182304382
0.999583662 0.007487574 0.027864244 1.697582126 -0.007477450 0.999971867 -0.000467496 -2.290842772 -0.027866960 0.000258948 0.999611557 85.724639893
0.999380827 0.007565271 0.034362156 1.727164388 -0.007550631 0.999971330 -0.000555839 -2.308374882 -0.034365375 0.000296038 0.999409318 86.268035889
0.999066114 0.007644580 0.042525496 1.771064997 -0.007643170 0.999970913 -0.000195748 -2.332227707 -0.042525746 -0.000129464 0.999095500 86.816490173
0.998674691 0.007409007 0.050930880 1.814521790 -0.007371190 0.999972522 -0.000930287 -2.342546463 -0.050936360 0.000553633 0.998701870 87.371688843
0.998274744 0.007140043 0.058278665 1.859150171 -0.007106883 0.999974430 -0.000776252 -2.358657122 -0.058282722 0.000360734 0.998300076 87.911460876
0.997671485 0.007293412 0.067810997 1.904370785 -0.007235650 0.999973238 -0.001097366 -2.373252392 -0.067817189 0.000604154 0.997697592 88.460441589
0.996986806 0.006431332 0.077304497 1.970697880 -0.006374652 0.999979198 -0.000979946 -2.399882793 -0.077309191 0.000484205 0.997007072 88.990928650
0.996270180 0.006093382 0.086072259 2.032850742 -0.005969132 0.999980748 -0.001700856 -2.405101776 -0.086080976 0.001180736 0.996287465 89.543617249
0.995613933 0.006145074 0.093354627 2.107415199 -0.005942014 0.999979317 -0.002452953 -2.421043158 -0.093367770 0.001887480 0.995629907 90.102813721
0.994636178 0.006703150 0.103218123 2.184020519 -0.006485353 0.999975979 -0.002445535 -2.437649727 -0.103232034 0.001763011 0.994655788 90.640090942
0.993378818 0.006925172 0.114675596 2.249420166 -0.006729557 0.999975145 -0.002092856 -2.468969584 -0.114687227 0.001307284 0.993400753 91.263046265
0.992242634 0.006585923 0.124141864 2.335659027 -0.006390403 0.999977648 -0.001973101 -2.489871025 -0.124152072 0.001164477 0.992262483 91.824859619
0.990571618 0.006725891 0.136830658 2.419698715 -0.006480710 0.999976456 -0.002237266 -2.503978252 -0.136842489 0.001329412 0.990591943 92.376098633
0.988851488 0.005568556 0.148800626 2.530022621 -0.005205253 0.999982357 -0.002830881 -2.523851395 -0.148813769 0.002024776 0.988863170 92.914726257
0.987176239 0.005392543 0.159542933 2.638898849 -0.005017750 0.999983549 -0.002751926 -2.538644552 -0.159555182 0.001916089 0.987187207 93.471076965
0.985462844 0.005197000 0.169811428 2.759607315 -0.004745632 0.999984145 -0.003063826 -2.569190025 -0.169824645 0.002213424 0.985471785 94.041221619
0.983242691 0.004524840 0.182245612 2.881732941 -0.004170174 0.999988616 -0.002329252 -2.571515560 -0.182254076 0.001530224 0.983250260 94.556823730
0.980818987 0.000554730 0.194920719 3.038649559 0.000416391 0.999987721 -0.004941124 -2.635614634 -0.194921061 0.004927511 0.980806530 95.288978577
0.978710413 0.000687713 0.205244899 3.169046402 0.000302480 0.999988496 -0.004793032 -2.650728464 -0.205245823 0.004753072 0.978698909 95.825363159
0.975896537 0.000726290 0.218232930 3.314832687 0.000250824 0.999990165 -0.004449653 -2.674327135 -0.218234003 0.004397139 0.975886524 96.353309631
0.972941458 -0.000450771 0.231051385 3.472593307 0.001678968 0.999985456 -0.005119092 -2.687547207 -0.231045753 0.005368506 0.972928107 96.884902954
0.970342457 -0.000385468 0.241733849 3.626266479 0.001508054 0.999988914 -0.004458893 -2.701678514 -0.241729438 0.004691201 0.970332325 97.422340393
0.967555583 0.001232865 0.252655059 3.778507233 -0.000438827 0.999994814 -0.003199099 -2.737353802 -0.252657652 0.002984434 0.967551112 97.862289429
0.964118659 0.001437715 0.265467793 3.950174332 -0.000955358 0.999997735 -0.001946126 -2.762547970 -0.265469939 0.001622680 0.964117765 98.379127502
0.960672081 -0.003546024 0.277662635 4.157363892 0.005114056 0.999974787 -0.004923228 -2.759334087 -0.277638227 0.006149590 0.960666001 98.954048157
0.957395852 -0.003496527 0.288757592 4.339025497 0.004908916 0.999979258 -0.004167232 -2.788527727 -0.288737118 0.005407178 0.957393169 99.458282471
0.953144908 -0.003709854 0.302491367 4.535699844 0.005135041 0.999979138 -0.003916348 -2.809008360 -0.302470475 0.005286152 0.953144073 99.959716797
0.948671281 -0.004672610 0.316229314 4.735311508 0.006225044 0.999972939 -0.003899184 -2.826503754 -0.316202611 0.005667585 0.948674679 100.461540222
0.944800556 -0.004846699 0.327610195 4.939758301 0.006627137 0.999968648 -0.004318469 -2.839642286 -0.327579111 0.006251209 0.944803059 100.979896545
0.940196276 -0.005820048 0.340583503 5.158214569 0.007444851 0.999966264 -0.003463964 -2.866619110 -0.340551853 0.005792398 0.940207899 101.477401733
0.935108423 -0.005038253 0.354325920 5.377918243 0.006642968 0.999972403 -0.003312717 -2.886503220 -0.354299486 0.005451525 0.935116112 101.995178223
0.930504322 -0.006344357 0.366226137 5.598115921 0.007992896 0.999963582 -0.002985308 -2.902165413 -0.366193891 0.005705049 0.930521071 102.484756470
0.925477087 -0.006775487 0.378742993 5.849966049 0.008328312 0.999962270 -0.002461909 -2.938059807 -0.378711969 0.005432729 0.925498605 103.003623962
0.919761777 -0.007359619 0.392408311 6.044273376 0.008867905 0.999958515 -0.002031164 -2.955178738 -0.392377079 0.005348028 0.919788837 103.471282959
0.913943112 -0.007924159 0.405764759 6.344501495 0.009510941 0.999952972 -0.001894385 -2.977058649 -0.405730635 0.005590566 0.913975596 104.005645752
0.908834100 -0.008157707 0.417078137 6.578861237 0.009748865 0.999951005 -0.001685037 -2.990319252 -0.417043924 0.005597459 0.908869028 104.492401123
0.903336346 -0.009356021 0.428830713 6.851837158 0.011331407 0.999933660 -0.002053663 -3.007610559 -0.428783029 0.006714405 0.903382540 104.990798950
0.896938622 -0.009644950 0.442049742 7.120571136 0.011476769 0.999933064 -0.001469642 -3.025893450 -0.442005962 0.006391481 0.896989286 105.480476379
0.890708923 -0.009662592 0.454471171 7.390590668 0.011639445 0.999931037 -0.001552208 -3.045636177 -0.454424918 0.006672359 0.890760064 105.966255188
0.884975255 -0.010363079 0.465522587 7.664840698 0.012479765 0.999921024 -0.001465072 -3.056654930 -0.465470761 0.007106165 0.885034680 106.482200623
0.877635956 -0.010810638 0.479205877 7.971572876 0.012816326 0.999917448 -0.000914686 -3.086194277 -0.479156494 0.006944420 0.877702057 106.912170410
