1.000000000 0.000000000 0.000000000 0.000000000 0.000000000 1.000000000 0.000000000 0.000000000 0.000000000 0.000000000 1.000000000 0.000000000
1.000000000 0.000070061 0.000103315 -0.000613374 -0.000070072 1.000000000 0.000109611 -0.000084082 -0.000103307 -0.000109618 1.000000000 0.000523989
1.000000000 0.000064417 0.000084181 -0.000861290 -0.000064417 1.000000000 -0.000000545 0.000609226 -0.000084182 0.000000540 1.000000000 0.000149921
1.000000000 0.000055151 0.000023790 -0.000162992 -0.000055153 1.000000000 0.000066218 -0.000544773 -0.000023786 -0.000066219 1.000000000 -0.000494683
1.000000000 0.000054192 0.000169086 -0.001165838 -0.000054210 1.000000000 0.000104149 -0.000314997 -0.000169080 -0.000104158 1.000000000 -0.000001768
1.000000000 -0.000048273 0.000027575 -0.000544567 0.000048272 1.000000000 0.000013841 -0.000165724 -0.000027576 -0.000013840 1.000000000 0.000027573
1.000000000 0.000067610 0.000083884 -0.000929782 -0.000067622 1.000000000 0.000142107 -0.000815086 -0.000083875 -0.000142112 1.000000000 -0.001103834
1.000000000 0.000071654 0.000046590 -0.000777481 -0.000071652 1.000000000 -0.000044906 0.000759242 -0.000046593 0.000044903 1.000000000 0.000208264
1.000000000 0.000064109 0.000152275 -0.001379763 -0.000064111 1.000000000 0.000008797 0.000271907 -0.000152275 -0.000008807 1.000000000 0.000827113
1.000000000 0.000128915 0.000109748 -0.001133284 -0.000128929 1.000000000 0.000128230 0.000277498 -0.000109732 -0.000128244 1.000000000 0.000654755
1.000000000 -0.000006511 0.000099678 -0.000454921 0.000006500 1.000000000 0.000104253 -0.000309087 -0.000099679 -0.000104252 1.000000000 0.000863071
1.000000000 -0.000022967 0.000090029 -0.000557289 0.000022969 1.000000000 -0.000023677 -0.000108578 -0.000090029 0.000023679 1.000000000 0.000236168
1.000000000 -0.000046796 0.000029436 0.000191327 0.000046793 1.000000000 0.000100977 -0.000476704 -0.000029441 -0.000100976 1.000000000 0.000697886
1.000000000 0.000050954 0.000073485 -0.000736657 -0.000050949 1.000000000 -0.000060912 0.000945664 -0.000073488 0.000060908 1.000000000 0.000597603
1.000000000 -0.000050864 0.000043329 0.000146372 0.000050864 1.000000000 0.000006635 0.000373082 -0.000043329 -0.000006633 1.000000000 0.000756365
1.000000000 0.000184829 0.000122799 -0.001056619 -0.000184832 1.000000000 0.000028929 0.000749130 -0.000122794 -0.000028952 1.000000000 0.001776694
1.000000000 0.000192512 0.000142641 -0.001442387 -0.000192508 1.000000000 -0.000026043 0.000649981 -0.000142646 0.000026016 1.000000000 0.001094706
1.000000000 0.000078439 0.000145047 -0.001391516 -0.000078439 1.000000000 0.000001444 0.000711357 -0.000145047 -0.000001455 1.000000000 0.001771721
1.000000000 0.000091405 0.000215528 -0.001837860 -0.000091393 1.000000000 -0.000052577 0.000870925 -0.000215533 0.000052557 1.000000000 0.001481257
1.000000000 0.000126688 0.000162955 -0.001599680 -0.000126692 1.000000000 0.000020507 0.000578250 -0.000162953 -0.000020528 1.000000000 0.001428928
0.999999940 0.000226509 0.000148838 -0.001899341 -0.000226508 1.000000000 -0.000008923 0.001156487 -0.000148840 0.000008889 1.000000000 0.001972024
1.000000000 0.000113860 0.000149066 -0.001191177 -0.000113847 1.000000000 -0.000084306 0.000969228 -0.000149075 0.000084289 1.000000000 0.001506522
1.000000000 0.000146845 0.000111010 -0.001760510 -0.000146855 1.000000000 0.000088421 0.000426132 -0.000110997 -0.000088437 1.000000000 0.000985970
0.999999940 0.000347913 0.000123847 -0.001618828 -0.000347921 0.999999940 0.000062635 0.001022083 -0.000123825 -0.000062678 1.000000000 0.002472787
0.999999940 0.000259174 0.000237675 -0.001999707 -0.000259182 0.999999940 0.000035082 0.001368615 -0.000237666 -0.000035143 1.000000000 0.002140276
1.000000000 0.000188081 0.000131291 -0.000944703 -0.000188080 1.000000000 -0.000003216 0.001933841 -0.000131292 0.000003191 1.000000000 0.003239050
0.999999940 0.000277241 0.000200875 -0.001899180 -0.000277257 0.999999940 0.000078070 0.000824069 -0.000200854 -0.000078126 1.000000000 0.002203170
1.000000000 0.000187115 0.000113898 -0.001013481 -0.000187107 1.000000000 -0.000070690 0.001582940 -0.000113911 0.000070669 1.000000000 0.002006286
0.999999940 0.000254045 0.000155628 -0.001406658 -0.000254041 0.999999940 -0.000026373 0.001270807 -0.000155635 0.000026333 1.000000000 0.001757450
0.999999940 0.000247072 0.000216655 -0.001767895 -0.000247049 0.999999940 -0.000109523 0.001702505 -0.000216682 0.000109470 1.000000000 0.002218578
0.999999940 0.000187715 0.000234969 -0.001760546 -0.000187707 1.000000000 -0.000032909 0.001083345 -0.000234975 0.000032864 1.000000000 0.001284114
1.000000000 0.000183081 0.000123372 -0.000629494 -0.000183077 1.000000000 -0.000033526 0.001023952 -0.000123378 0.000033503 1.000000000 0.002220434
0.999999940 0.000331385 0.000175286 -0.001532743 -0.000331390 0.999999940 0.000031491 0.001186803 -0.000175275 -0.000031549 1.000000000 0.002211228
0.999999940 0.000341921 0.000239244 -0.001968155 -0.000341940 0.999999940 0.000082138 0.000608193 -0.000239216 -0.000082220 0.999999940 0.001993303
0.999999940 0.000296751 0.000157378 -0.001525796 -0.000296741 0.999999940 -0.000065197 0.001175595 -0.000157398 0.000065151 1.000000000 0.002471112
0.999999940 0.000220519 0.000182943 -0.001176047 -0.000220526 1.000000000 0.000036279 0.000806632 -0.000182935 -0.000036320 1.000000000 0.001323315
0.999999940 0.000229464 0.000157798 -0.001844775 -0.000229471 1.000000000 0.000042324 0.000890825 -0.000157788 -0.000042361 1.000000000 0.001947499
0.999999940 0.000327836 0.000194567 -0.001797150 -0.000327837 0.999999940 0.000003447 0.000980599 -0.000194566 -0.000003511 1.000000000 0.002234781
0.999999940 0.000249897 0.000187361 -0.001334985 -0.000249894 0.999999940 -0.000011745 0.001225192 -0.000187364 0.000011698 1.000000000 0.001605594
1.000000000 0.000128362 0.000178513 -0.001743381 -0.000128345 1.000000000 -0.000093204 0.000686296 -0.000178525 0.000093181 1.000000000 0.002052648
0.999999940 0.000210066 0.000284661 -0.001068934 -0.000209904 0.999999821 -0.000571194 -0.002099585 -0.000284781 0.000571134 0.999999821 0.049087066
0.999999940 0.000318714 0.000150696 0.001457333 -0.000318527 0.999999166 -0.001235676 -0.003604827 -0.000151090 0.001235628 0.999999225 0.138955012
1.000000000 0.000150389 0.000173178 0.003283155 -0.000150143 0.999998987 -0.001419249 -0.006584732 -0.000173391 0.001419223 0.999998987 0.255095840
0.999999583 0.000851213 0.000409105 0.005349471 -0.000850668 0.999998748 -0.001328950 -0.010083267 -0.000410235 0.001328601 0.999999046 0.391634554
0.999999940 0.000361629 0.000214963 0.007116629 -0.000361393 0.999999344 -0.001092841 -0.014457134 -0.000215358 0.001092763 0.999999404 0.534288108
0.999999940 -0.000224865 0.000183601 0.013137160 0.000225051 0.999999464 -0.001010623 -0.018718580 -0.000183374 0.001010665 0.999999464 0.691765010
1.000000000 -0.000069731 0.000080117 0.022136161 0.000069785 0.999999762 -0.000676433 -0.022725774 -0.000080070 0.000676439 0.999999762 0.853301764
0.999999821 0.000350503 0.000428244 0.015986731 -0.000350179 0.999999642 -0.000757357 -0.027186863 -0.000428509 0.000757207 0.999999642 1.022611737
0.999999940 -0.000238570 0.000073725 0.024306539 0.000238650 0.999999404 -0.001087295 -0.025935527 -0.000073466 0.001087312 0.999999404 1.211037755
0.999999821 0.000057088 0.000569499 0.012676855 -0.000056820 0.999999881 -0.000470159 -0.042117737 -0.000569526 0.000470127 0.999999702 1.385515094
0.999999762 0.000504303 0.000471330 0.024671750 -0.000504105 0.999999762 -0.000419083 -0.040579226 -0.000471541 0.000418846 0.999999821 1.553038239
0.999999523 -0.000968162 -0.000007375 0.026589209 0.000968164 0.999999464 0.000307479 -0.062758319 0.000007077 -0.000307486 0.999999940 1.732580543
0.999999642 -0.000841732 0.000046801 0.026455348 0.000841699 0.999999404 0.000687367 -0.070452087 -0.000047379 -0.000687328 0.999999762 1.934948206
0.999999285 -0.001184105 -0.000130573 0.034207311 0.001184171 0.999999166 0.000508655 -0.076217510 0.000129971 -0.000508809 0.999999881 2.140237093
0.999999344 -0.001110031 0.000049346 0.038065080 0.001110003 0.999999166 0.000565739 -0.079814181 -0.000049974 -0.000565684 0.999999821 2.363157272
0.999999523 -0.000967737 -0.000026295 0.043729559 0.000967743 0.999999464 0.000222393 -0.083634615 0.000026080 -0.000222418 1.000000000 2.593290329
0.999999464 -0.000941254 0.000456070 0.045142494 0.000941054 0.999999464 0.000439681 -0.091273911 -0.000456484 -0.000439252 0.999999821 2.822781801
0.999999106 -0.001337451 0.000163294 0.049942326 0.001337320 0.999998808 0.000799400 -0.101518340 -0.000164363 -0.000799181 0.999999583 3.035095930
0.999998450 -0.001774682 0.000167214 0.053934559 0.001774478 0.999997675 0.001212903 -0.112282529 -0.000169367 -0.001212605 0.999999225 3.270629883
0.999998927 -0.001419365 0.000328833 0.057426352 0.001419012 0.999998391 0.001069400 -0.118000254 -0.000330351 -0.001068933 0.999999344 3.520650625
0.999999404 -0.000933292 0.000584710 0.059234533 0.000932748 0.999999106 0.000929202 -0.123639897 -0.000585577 -0.000928656 0.999999404 3.775273085
0.999999285 -0.001114163 0.000448131 0.066128910 0.001113524 0.999998450 0.001424002 -0.131641895 -0.000449717 -0.001423502 0.999998868 4.036559105
0.999999106 -0.001327158 0.000116432 0.074340574 0.001327001 0.999998212 0.001332011 -0.137219757 -0.000118200 -0.001331856 0.999999106 4.267524242
0.999999166 -0.001215679 0.000338790 0.078259602 0.001215197 0.999998212 0.001418508 -0.145765871 -0.000340514 -0.001418095 0.999998927 4.526323318
0.999999344 -0.001048253 0.000344401 0.089414969 0.001047766 0.999998450 0.001409184 -0.151503578 -0.000345878 -0.001408822 0.999998927 4.790291309
0.999999106 -0.001181524 0.000593884 0.091836408 0.001180650 0.999998212 0.001469795 -0.156196907 -0.000595619 -0.001469093 0.999998748 5.038947105
0.999999166 -0.001198400 0.000535042 0.105290376 0.001197707 0.999998450 0.001294262 -0.164362594 -0.000536592 -0.001293620 0.999998987 5.294447899
0.999999523 -0.000686765 0.000591697 0.093260080 0.000685897 0.999998689 0.001466310 -0.172662050 -0.000592704 -0.001465904 0.999998748 5.555526733
0.999999344 -0.000976583 0.000638070 0.097220398 0.000975701 0.999998569 0.001381499 -0.180806011 -0.000639419 -0.001380876 0.999998808 5.825204372
0.999999523 -0.000631513 0.000768724 0.097944260 0.000630474 0.999998868 0.001351487 -0.186430126 -0.000769577 -0.001351002 0.999998808 6.109958172
0.999999702 -0.000469538 0.000683970 0.116819575 0.000468435 0.999998569 0.001612523 -0.189605623 -0.000684727 -0.001612202 0.999998450 6.405638695
0.999999225 -0.001141861 0.000455192 0.119842626 0.001141314 0.999998629 0.001199036 -0.194879889 -0.000456561 -0.001198516 0.999999166 6.708365440
0.999999225 -0.001183611 0.000625082 0.119358823 0.001182662 0.999998152 0.001516722 -0.212679967 -0.000626876 -0.001515981 0.999998629 6.949787617
0.999998629 -0.001586072 0.000389018 0.126111880 0.001585394 0.999997139 0.001736776 -0.225264847 -0.000391772 -0.001736157 0.999998391 7.237853050
0.999998450 -0.001655986 0.000742057 0.129463896 0.001654701 0.999997199 0.001730084 -0.239176095 -0.000744919 -0.001728853 0.999998152 7.541537762
0.999998748 -0.001046869 0.001227615 0.131956607 0.001044665 0.999997854 0.001794750 -0.239897385 -0.001229492 -0.001793465 0.999997616 7.881031513
0.999998987 -0.001301368 0.000591867 0.144281790 0.001300463 0.999998093 0.001526680 -0.248268664 -0.000593853 -0.001525909 0.999998689 8.177356720
0.999998510 -0.001650638 0.000485803 0.153471872 0.001649986 0.999997795 0.001338504 -0.256933689 -0.000488011 -0.001337701 0.999999046 8.501052856
0.999998510 -0.001560995 0.000684753 0.160145164 0.001559909 0.999997497 0.001583680 -0.262695670 -0.000687223 -0.001582609 0.999998569 8.847724915
0.999998987 -0.001332634 0.000487942 0.169765294 0.001332001 0.999998271 0.001295476 -0.274010360 -0.000489668 -0.001294825 0.999999106 9.186823845
0.999999225 -0.000912208 0.000872860 0.161251858 0.000910974 0.999998569 0.001412828 -0.286212325 -0.000874148 -0.001412032 0.999998629 9.484835625
0.999998927 -0.001451125 0.000377058 0.175088778 0.001450652 0.999998152 0.001253103 -0.293713391 -0.000378875 -0.001252554 0.999999106 9.838103294
0.999999464 -0.000905301 0.000565665 0.178457215 0.000904666 0.999998927 0.001122080 -0.302926719 -0.000566681 -0.001121568 0.999999166 10.195500374
0.999999106 -0.001295532 0.000429245 0.195745215 0.001295061 0.999998510 0.001096791 -0.309602261 -0.000430665 -0.001096234 0.999999344 10.564984322
0.999998689 -0.001552353 0.000405360 0.195441723 0.001551668 0.999997377 0.001683572 -0.325652063 -0.000407972 -0.001682941 0.999998450 10.874390602
0.999998689 -0.001596264 0.000235961 0.202497900 0.001595879 0.999997437 0.001621831 -0.335327893 -0.000238549 -0.001621453 0.999998629 11.249781609
0.999999225 -0.001120938 0.000449049 0.211902514 0.001120114 0.999997675 0.001828882 -0.344921768 -0.000451098 -0.001828377 0.999998271 11.630803108
0.999999106 -0.000855667 0.001045061 0.217734799 0.000853534 0.999997556 0.002039907 -0.358078182 -0.001046804 -0.002039013 0.999997377 12.011049271
0.999998271 -0.001709187 0.000729649 0.228791758 0.001707651 0.999996305 0.002101260 -0.369944036 -0.000733238 -0.002100010 0.999997497 12.382158279
0.999998152 -0.001467854 0.001247465 0.219195083 0.001464722 0.999995768 0.002508045 -0.388745934 -0.001251142 -0.002506213 0.999996066 12.755234718
0.999997437 -0.001903574 0.001260953 0.237636954 0.001900236 0.999994695 0.002642998 -0.402263105 -0.001265978 -0.002640595 0.999995708 13.156996727
0.999997616 -0.001547027 0.001511724 0.235559464 0.001542714 0.999994755 0.002850019 -0.415952206 -0.001516125 -0.002847680 0.999994755 13.556473732
0.999997675 -0.000226894 0.002144025 0.236401081 0.000221161 0.999996483 0.002673646 -0.418742269 -0.002144624 -0.002673165 0.999994099 13.999230385
0.999997675 -0.001338548 0.001695714 0.250066608 0.001334095 0.999995649 0.002624603 -0.436201513 -0.001699220 -0.002622335 0.999995112 14.377780914
0.999998510 -0.000957530 0.001459163 0.258412808 0.000953694 0.999996066 0.002627216 -0.448186815 -0.001461673 -0.002625821 0.999995530 14.804461479
0.999996245 -0.001579831 0.002252565 0.271510184 0.001573858 0.999995291 0.002651041 -0.461725473 -0.002256742 -0.002647486 0.999993980 15.244733810
0.999995232 -0.001632488 0.002595989 0.283474326 0.001624658 0.999994099 0.003015222 -0.473130643 -0.002600896 -0.003010991 0.999992013 15.689122200
0.999993920 -0.001717958 0.003029282 0.273638219 0.001708837 0.999993980 0.003010843 -0.487827569 -0.003034438 -0.003005648 0.999990880 16.087408066
0.999992788 -0.001769876 0.003337107 0.281648308 0.001761830 0.999995470 0.002412624 -0.498524517 -0.003341363 -0.002406728 0.999991536 16.538455963
0.999992371 -0.002223772 0.003192986 0.298564285 0.002214809 0.999993563 0.002807840 -0.509044230 -0.003199209 -0.002800748 0.999991000 17.000835419
0.999991179 -0.001841280 0.003781964 0.293914169 0.001828263 0.999992371 0.003442550 -0.529698133 -0.003788272 -0.003435605 0.999986947 17.419050217
0.999990463 -0.002298624 0.003729481 0.309137225 0.002287104 0.999992669 0.003090257 -0.540119648 -0.003736557 -0.003081698 0.999988317 17.889698029
0.999990582 -0.002217164 0.003750702 0.325501472 0.002204618 0.999992013 0.003345965 -0.550898731 -0.003758091 -0.003337665 0.999987423 18.364702225
0.999989152 -0.001969578 0.004210516 0.326132536 0.001954769 0.999991894 0.003518431 -0.568898678 -0.004217411 -0.003510162 0.999984860 18.802196503
0.999988973 -0.001737536 0.004368050 0.342858672 0.001723141 0.999993086 0.003297103 -0.578188181 -0.004373748 -0.003289540 0.999984980 19.274135590
0.999986947 -0.001863107 0.004755751 0.339059919 0.001845308 0.999991357 0.003744159 -0.587513745 -0.004762685 -0.003735334 0.999981642 19.781127930
0.999989033 -0.002321608 0.004066268 0.367127150 0.002306180 0.999990165 0.003794590 -0.608133674 -0.004075038 -0.003785171 0.999984562 20.210996628
0.999992430 -0.002166470 0.003242758 0.381027102 0.002154374 0.999990761 0.003729051 -0.616413176 -0.003250808 -0.003722036 0.999987841 20.711668015
0.999993503 -0.002212893 0.002850181 0.391406655 0.002202213 0.999990582 0.003744819 -0.631911039 -0.002858442 -0.003738518 0.999988914 21.199916840
0.999994099 -0.002562046 0.002280423 0.408428639 0.002553764 0.999990225 0.003627229 -0.645659566 -0.002289694 -0.003621384 0.999990880 21.709775925
0.999994576 -0.002137139 0.002524641 0.410871148 0.002128756 0.999992251 0.003318297 -0.653435051 -0.002531713 -0.003312904 0.999991298 22.212078094
0.999995649 -0.002458122 0.001626779 0.417873800 0.002451862 0.999989629 0.003838714 -0.671949565 -0.001636198 -0.003834708 0.999991298 22.719236374
0.999996603 -0.002475344 0.000749839 0.424933910 0.002472349 0.999989033 0.003969463 -0.686262548 -0.000759657 -0.003967596 0.999991834 23.253356934
0.999992430 -0.003878074 0.000314216 0.432894349 0.003876894 0.999985754 0.003674575 -0.698329389 -0.000328461 -0.003673329 0.999993205 23.793634415
0.999995530 -0.002969006 0.000323604 0.437556744 0.002967951 0.999990344 0.003215278 -0.703241527 -0.000333147 -0.003214303 0.999994695 24.257774353
0.999996126 -0.002748727 -0.000126228 0.451159805 0.002749176 0.999989271 0.003706990 -0.716180325 0.000116037 -0.003707323 0.999993026 24.800424576
0.999995112 -0.002932644 -0.001109463 0.454071999 0.002936664 0.999989092 0.003639260 -0.729848146 0.001098778 -0.003642500 0.999992728 25.311096191
0.999995649 -0.002525029 -0.001519319 0.463798761 0.002530541 0.999990165 0.003636751 -0.743918002 0.001510121 -0.003640580 0.999992311 25.869785309
0.999993980 -0.002932803 -0.001874375 0.475481123 0.002940502 0.999987245 0.004117724 -0.752419710 0.001862274 -0.004123211 0.999989808 26.395019531
0.999992549 -0.003002401 -0.002412613 0.480845988 0.003012428 0.999986708 0.004163241 -0.773988187 0.002400082 -0.004170477 0.999988437 26.922813416
0.999996006 -0.001715645 -0.002270531 0.488668293 0.001724947 0.999990046 0.004100723 -0.790873289 0.002263473 -0.004104623 0.999989033 27.469551086
0.999994457 -0.001659623 -0.002904133 0.496946871 0.001671192 0.999990582 0.003985932 -0.798182249 0.002897491 -0.003990762 0.999987841 28.028554916
0.999992847 -0.002229838 -0.003064230 0.496124774 0.002242536 0.999988854 0.004146715 -0.813050389 0.003054950 -0.004153558 0.999986708 28.542184830
0.999989510 -0.002773666 -0.003651132 0.508367062 0.002789321 0.999986887 0.004289662 -0.826368630 0.003639186 -0.004299802 0.999984145 29.095884323
0.999989510 -0.002419105 -0.003873234 0.514124036 0.002436560 0.999986947 0.004508290 -0.838158846 0.003862276 -0.004517681 0.999982357 29.637672424
0.999991655 -0.001859142 -0.003654639 0.509914339 0.001876631 0.999986768 0.004787781 -0.862093151 0.003645689 -0.004794600 0.999981821 30.134988785
0.999989450 -0.002320842 -0.003957524 0.520716012 0.002336939 0.999988973 0.004067498 -0.862895548 0.003948041 -0.004076704 0.999983847 30.663324356
0.999990046 -0.001970258 -0.004008388 0.526592433 0.001985673 0.999990642 0.003845239 -0.872930884 0.004000774 -0.003853160 0.999984622 31.210374832
0.999984980 -0.002438942 -0.004893200 0.547128439 0.002458562 0.999988914 0.004007559 -0.894719660 0.004883371 -0.004019529 0.999980032 31.729595184
0.999983013 -0.002353139 -0.005318773 0.552401423 0.002376216 0.999987721 0.004336671 -0.902090549 0.005308502 -0.004349235 0.999976397 32.300003052
0.999982357 -0.002901197 -0.005183286 0.548754156 0.002922465 0.999987245 0.004100163 -0.911682248 0.005171324 -0.004115239 0.999978185 32.811138153
0.999982834 -0.002656720 -0.005233632 0.556325316 0.002677402 0.999988556 0.003948688 -0.923110962 0.005223081 -0.003962632 0.999978542 33.368721008
0.999975681 -0.003067890 -0.006263662 0.572880805 0.003091180 0.999988317 0.003711933 -0.934559345 0.006252200 -0.003731206 0.999973536 33.903190613
0.999976099 -0.002880620 -0.006289223 0.572404265 0.002906902 0.999987066 0.004173866 -0.956681490 0.006277118 -0.004192048 0.999971569 34.422134399
0.999978662 -0.003013280 -0.005798081 0.566453457 0.003037302 0.999986827 0.004138805 -0.954783082 0.005785534 -0.004156325 0.999974608 34.923000336
0.999980390 -0.002492628 -0.005735666 0.575078130 0.002515678 0.999988854 0.004015018 -0.964997411 0.005725595 -0.004029368 0.999975502 35.471500397
0.999968290 -0.004060267 -0.006840985 0.594892800 0.004084852 0.999985158 0.003583559 -0.977808177 0.006826334 -0.003611389 0.999970138 36.042106628
0.999973297 -0.003780860 -0.006252339 0.583551645 0.003805117 0.999985278 0.003872315 -0.992319643 0.006237606 -0.003896003 0.999972939 36.537467957
0.999970973 -0.004026651 -0.006471234 0.600556970 0.004052142 0.999984026 0.003930775 -1.008844018 0.006455304 -0.003956883 0.999971330 37.082492828
0.999969840 -0.003630127 -0.006865073 0.598794281 0.003659995 0.999983847 0.004343271 -1.024199128 0.006849196 -0.004368266 0.999966979 37.629669189
0.999971628 -0.003869937 -0.006458622 0.594457746 0.003895223 0.999984741 0.003907057 -1.031455159 0.006443404 -0.003932105 0.999971509 38.145412445
0.999973953 -0.003394144 -0.006367302 0.604264796 0.003418924 0.999986589 0.003884734 -1.042015314 0.006354032 -0.003906402 0.999972165 38.698291779
0.999972343 -0.003840580 -0.006368421 0.602541506 0.003865199 0.999985099 0.003857870 -1.051786304 0.006353510 -0.003882379 0.999972284 39.216899872
0.999968946 -0.003716413 -0.006956482 0.617586672 0.003745714 0.999984205 0.004203561 -1.076163530 0.006940749 -0.004229487 0.999967039 39.752529144
0.999967933 -0.003994232 -0.006933575 0.625060499 0.004018608 0.999985814 0.003505377 -1.073550940 0.006919475 -0.003533128 0.999969780 40.313907623
0.999970973 -0.003745247 -0.006623410 0.615597486 0.003770377 0.999985754 0.003785859 -1.089410305 0.006609137 -0.003810722 0.999970913 40.817821503
0.999971867 -0.003830607 -0.006452365 0.623806953 0.003855104 0.999985456 0.003788420 -1.102443576 0.006437759 -0.003813189 0.999972045 41.374706268
0.999970615 -0.003946932 -0.006573503 0.632294416 0.003971920 0.999984980 0.003792580 -1.117123008 0.006558436 -0.003818578 0.999971211 41.905361176
0.999973178 -0.003462825 -0.006450108 0.628051400 0.003484760 0.999988198 0.003392689 -1.115410089 0.006438283 -0.003415075 0.999973416 42.414840698
0.999975622 -0.003032930 -0.006285550 0.634559155 0.003051755 0.999990880 0.002987496 -1.130693555 0.006276431 -0.003006605 0.999975801 42.965694427
0.999970257 -0.003677387 -0.006776854 0.654372275 0.003702945 0.999986112 0.003762589 -1.152450204 0.006762924 -0.003787572 0.999969959 43.486282349
0.999975860 -0.003144929 -0.006195382 0.637354255 0.003163457 0.999990523 0.002983132 -1.148952484 0.006185942 -0.003002660 0.999976337 44.001029968
0.999976575 -0.002757586 -0.006260494 0.645680189 0.002777751 0.999990880 0.003214587 -1.164483905 0.006251573 -0.003231902 0.999975264 44.550758362
0.999980688 -0.001949935 -0.005895532 0.643556833 0.001963856 0.999995232 0.002356596 -1.171591640 0.005890909 -0.002368129 0.999979854 45.106719971
0.999978483 -0.002828910 -0.005935324 0.645455599 0.002844868 0.999992311 0.002681739 -1.185407996 0.005927692 -0.002698567 0.999978781 45.618431091
0.999980032 -0.002214425 -0.005927730 0.650980711 0.002230231 0.999993980 0.002660924 -1.192078829 0.005921802 -0.002674091 0.999978900 46.172042847
0.999974668 -0.002579125 -0.006641279 0.668985784 0.002597098 0.999993026 0.002699095 -1.207925558 0.006634271 -0.002716274 0.999974310 46.717449188
0.999973714 -0.003536234 -0.006334094 0.660987496 0.003551215 0.999990940 0.002355535 -1.216119885 0.006325707 -0.002377967 0.999977171 47.222686768
0.999975026 -0.003277972 -0.006259700 0.663744271 0.003297048 0.999989986 0.003039614 -1.236472368 0.006249674 -0.003060177 0.999975801 47.761360168
0.999971092 -0.003904484 -0.006522914 0.673064470 0.003922721 0.999988437 0.002785397 -1.242725372 0.006511964 -0.002810904 0.999974847 48.324085236
0.999974251 -0.003564269 -0.006234770 0.682395101 0.003581067 0.999989986 0.002685319 -1.257709026 0.006225137 -0.002707577 0.999977052 48.861572266
0.999980688 -0.002659713 -0.005614913 0.665650845 0.002674155 0.999993086 0.002565808 -1.265450716 0.005608050 -0.002580773 0.999980927 49.344867706
0.999983728 -0.002377322 -0.005191086 0.671445727 0.002391510 0.999993384 0.002728425 -1.283821344 0.005184565 -0.002740795 0.999982834 49.880359650
0.999978244 -0.003098315 -0.005828333 0.691468239 0.003115532 0.999990821 0.002947241 -1.299846053 0.005819147 -0.002965336 0.999978662 50.438980103
0.999982595 -0.002256866 -0.005453898 0.684738874 0.002271671 0.999993861 0.002709791 -1.305796742 0.005447750 -0.002722134 0.999981463 50.935523987
0.999982595 -0.002378656 -0.005389327 0.695051312 0.002394270 0.999992967 0.002892631 -1.324578404 0.005382409 -0.002905485 0.999981344 51.480426788
0.999982476 -0.002151005 -0.005512424 0.701640606 0.002165037 0.999994457 0.002541075 -1.332066774 0.005506927 -0.002552964 0.999981523 52.035514832
0.999985039 -0.002160946 -0.005022531 0.693484187 0.002173949 0.999994278 0.002584853 -1.345019698 0.005016916 -0.002595733 0.999984026 52.537376404
0.999987602 -0.001680832 -0.004676653 0.693878174 0.001692513 0.999995470 0.002494914 -1.357364655 0.004672439 -0.002502799 0.999985933 53.079109192
0.999989033 -0.001383853 -0.004484707 0.698641896 0.001391074 0.999997735 0.001607381 -1.369613409 0.004482471 -0.001613602 0.999988675 53.620841980
0.999984443 -0.002350428 -0.005062569 0.710173368 0.002363513 0.999993861 0.002579998 -1.392330170 0.005056474 -0.002591923 0.999983847 54.128372192
0.999984324 -0.002213721 -0.005145190 0.721982718 0.002226485 0.999994397 0.002476385 -1.401151061 0.005139680 -0.002487801 0.999983668 54.676677704
0.999984980 -0.002048173 -0.005082242 0.731288195 0.002059561 0.999995351 0.002236640 -1.416529059 0.005077637 -0.002247073 0.999984503 55.202991486
0.999984622 -0.002159633 -0.005090788 0.730963349 0.002171792 0.999994755 0.002384216 -1.427213669 0.005085611 -0.002395236 0.999984205 55.719490051
0.999987423 -0.001836245 -0.004657598 0.733475804 0.001847440 0.999995351 0.002400417 -1.440560699 0.004653168 -0.002408991 0.999986231 56.256248474
0.999984920 -0.002094459 -0.005059707 0.741369605 0.002106115 0.999995112 0.002299497 -1.460234880 0.005054865 -0.002310119 0.999984562 56.803310394
0.999987841 -0.002098190 -0.004460699 0.737128258 0.002109235 0.999994636 0.002472788 -1.464372039 0.004455487 -0.002482167 0.999986947 57.287651062
0.999987543 -0.001992727 -0.004577664 0.747456968 0.002002644 0.999995589 0.002162784 -1.470910788 0.004573334 -0.002171925 0.999987125 57.839511871
0.999989092 -0.002270032 -0.004072636 0.747241676 0.002278500 0.999995172 0.002076064 -1.492522001 0.004067904 -0.002085322 0.999989569 58.369346619
0.999987662 -0.001933824 -0.004606329 0.748916745 0.001944186 0.999995589 0.002246015 -1.501015067 0.004601966 -0.002254942 0.999986887 58.836071014
0.999988735 -0.002130837 -0.004244833 0.757004976 0.002139772 0.999995530 0.002101459 -1.512522936 0.004240336 -0.002110518 0.999988794 59.386573792
0.999991357 -0.001412523 -0.003938944 0.770829022 0.001420116 0.999997139 0.001925487 -1.524307609 0.003936214 -0.001931063 0.999990404 59.927406311
0.999992669 -0.001638011 -0.003475951 0.776347935 0.001643068 0.999997616 0.001452216 -1.534621119 0.003473565 -0.001457916 0.999992847 60.464107513
0.999991119 -0.001313516 -0.004040394 0.766030908 0.001321442 0.999997199 0.001959288 -1.546852946 0.004037809 -0.001964610 0.999989867 60.922664642
0.999991179 -0.001171018 -0.004039967 0.774276912 0.001180972 0.999996185 0.002462143 -1.561469316 0.004037069 -0.002466892 0.999988735 61.474346161
0.999991417 -0.001778473 -0.003740036 0.787609100 0.001786577 0.999996126 0.002164662 -1.574166059 0.003736171 -0.002171325 0.999990702 62.025012970
0.999992490 -0.000895283 -0.003763052 0.787526786 0.000902910 0.999997497 0.002025368 -1.593391418 0.003761230 -0.002028751 0.999990821 62.516143799
0.999993801 -0.000012630 -0.003488324 0.790729225 0.000019334 0.999998152 0.001921578 -1.606225729 0.003488292 -0.001921633 0.999992073 63.061130524
0.999994218 -0.000869730 -0.003270700 0.800169408 0.000875581 0.999997973 0.001787804 -1.621676207 0.003269138 -0.001790658 0.999993026 63.597267151
0.999994814 -0.000647691 -0.003145799 0.795021594 0.000653330 0.999998152 0.001792014 -1.628353357 0.003144633 -0.001794060 0.999993443 64.100547791
0.999995410 -0.000334116 -0.002999696 0.803176284 0.000338448 0.999998808 0.001443455 -1.639442563 0.002999210 -0.001444464 0.999994397 64.647834778
0.999994576 -0.000787235 -0.003197523 0.814642191 0.000790272 0.999999166 0.000948585 -1.648177743 0.003196774 -0.000951107 0.999994457 65.210853577
0.999995530 -0.000853150 -0.002837347 0.810612738 0.000857081 0.999998689 0.001385551 -1.666177392 0.002836161 -0.001387976 0.999994993 65.690147400
0.999995053 -0.000754973 -0.003016045 0.821893156 0.000759105 0.999998868 0.001369619 -1.681569338 0.003015007 -0.001371902 0.999994516 66.233390808
0.999996722 -0.000130011 -0.002568593 0.824824333 0.000133402 0.999999046 0.001320048 -1.692245007 0.002568419 -0.001320387 0.999995828 66.764251709
0.999998391 0.000657537 -0.001682673 0.834832072 -0.000654292 0.999997973 0.001928281 -1.714127660 0.001683937 -0.001927176 0.999996781 67.311111450
0.999997318 0.000933136 -0.002120835 0.829954863 -0.000929477 0.999997973 0.001726323 -1.732370257 0.002122442 -0.001724347 0.999996245 67.831939697
0.999997318 0.000893165 -0.002143294 0.840465963 -0.000890418 0.999998748 0.001282433 -1.737168789 0.002144437 -0.001280521 0.999996841 68.321311951
0.999998212 0.000418479 -0.001877038 0.850765228 -0.000416164 0.999999106 0.001233005 -1.751826882 0.001877552 -0.001232221 0.999997497 68.864578247
0.999998450 0.000634150 -0.001661386 0.852806091 -0.000631721 0.999998689 0.001462592 -1.769390821 0.001662311 -0.001461540 0.999997497 69.374610901
0.999997377 -0.000168937 -0.002267939 0.869617343 0.000171738 0.999999344 0.001234823 -1.778826237 0.002267728 -0.001235210 0.999996603 69.893081665
0.999997497 -0.000351259 -0.002228110 0.877948761 0.000354836 0.999998629 0.001604951 -1.797443032 0.002227544 -0.001605737 0.999996185 70.438156128
0.999997616 0.000619613 -0.002110951 0.881385684 -0.000616996 0.999999046 0.001240673 -1.809916735 0.002111717 -0.001239367 0.999996960 71.000396729
0.999997556 -0.000256629 -0.002241616 0.886014640 0.000258932 0.999999404 0.001026003 -1.817463636 0.002241351 -0.001026581 0.999996960 71.474906921
0.999997616 0.000161529 -0.002179289 0.890375137 -0.000158270 0.999998868 0.001495216 -1.833294392 0.002179528 -0.001494867 0.999996483 72.031829834
0.999998033 0.001223547 -0.001519860 0.892786026 -0.001222846 0.999999225 0.000462036 -1.844270229 0.001520424 -0.000460176 0.999998748 72.590515137
0.999997914 0.000236138 -0.002017702 0.909181416 -0.000233772 0.999999225 0.001172523 -1.855734587 0.002017977 -0.001172049 0.999997258 73.068290710
0.999998450 0.000103326 -0.001759400 0.918152273 -0.000102562 0.999999940 0.000434223 -1.865109324 0.001759445 -0.000434042 0.999998331 73.627281189
0.999997497 -0.000551273 -0.002152191 0.940326691 0.000552110 0.999999702 0.000388531 -1.881055236 0.002151976 -0.000389718 0.999997675 74.149650574
0.999996841 0.000377093 -0.002447594 0.945026159 -0.000375638 0.999999642 0.000594600 -1.893798828 0.002447818 -0.000593679 0.999996841 74.682106018
0.999998391 0.000723619 -0.001658390 0.945962667 -0.000722345 0.999999464 0.000768768 -1.914451241 0.001658945 -0.000767569 0.999998331 75.217620850
0.999998212 0.001255178 -0.001445701 0.953539312 -0.001254350 0.999999106 0.000574170 -1.928004026 0.001446420 -0.000572355 0.999998808 75.755859375
0.999998868 0.000444248 -0.001472784 0.963056982 -0.000443109 0.999999642 0.000773742 -1.946047902 0.001473127 -0.000773088 0.999998569 76.280899048
0.999998868 -0.000129447 -0.001468947 0.979910493 0.000129777 0.999999940 0.000225364 -1.951403499 0.001468918 -0.000225555 0.999998808 76.850639343
0.999998987 0.000432623 -0.001362693 0.957529068 -0.000431456 0.999999523 0.000855628 -1.967129588 0.001363063 -0.000855039 0.999998689 77.331855774
0.999998689 0.001093023 -0.001163887 0.965736032 -0.001092942 0.999999344 0.000070548 -1.976152301 0.001163964 -0.000069276 0.999999344 77.886444092
0.999998689 0.000622856 -0.001480030 0.982661903 -0.000622098 0.999999642 0.000513653 -1.998924851 0.001480350 -0.000512732 0.999998748 78.453315735
0.999999583 0.000833166 -0.000225214 0.983622968 -0.000833029 0.999999583 0.000608385 -2.004507303 0.000225721 -0.000608197 0.999999702 78.951644897
0.999998212 0.001498043 0.001158732 0.992076993 -0.001499166 0.999998450 0.000968963 -2.023923635 -0.001157278 -0.000970698 0.999998808 79.490020752
0.999997795 0.000840012 0.001935993 1.016040325 -0.000840971 0.999999464 0.000495215 -2.041095257 -0.001935576 -0.000496842 0.999997973 80.013298035
0.999993443 0.000971856 0.003494520 1.008063078 -0.000972833 0.999999404 0.000277835 -2.045836687 -0.003494248 -0.000281233 0.999993801 80.548377991
0.999975264 0.001267507 0.006921822 1.020460844 -0.001271907 0.999998868 0.000631312 -2.059892416 -0.006921014 -0.000640100 0.999975801 81.117355347
0.999946058 0.000881290 0.010347499 1.053399682 -0.000885129 0.999999523 0.000366363 -2.072713852 -0.010347171 -0.000375502 0.999946415 81.664207458
0.999904096 0.001134320 0.013803706 1.060212970 -0.001138325 0.999999285 0.000282424 -2.084880590 -0.013803376 -0.000298110 0.999904692 82.178474426
0.999841988 0.000475567 0.017767254 1.090272665 -0.000484004 0.999999762 0.000470628 -2.099159956 -0.017767027 -0.000479153 0.999842048 82.727752686
0.999717414 0.000601987 0.023764826 1.114439487 -0.000611648 0.999999702 0.000399235 -2.113346577 -0.023764579 -0.000413658 0.999717474 83.260154724
0.999551117 0.000817310 0.029948784 1.128644824 -0.000809290 0.999999642 -0.000280009 -2.111752272 -0.029949000 0.000255646 0.999551415 83.798126221
0.999328911 0.001699575 0.036590405 1.156908274 -0.001700065 0.999998569 -0.000017753 -2.127886772 -0.036590382 -0.000044464 0.999330342 84.345726013
0.998997092 0.001112170 0.044763006 1.193976402 -0.001124580 0.999999404 0.000252049 -2.142493010 -0.044762701 -0.000302135 0.998997569 84.906402588
0.998601973 0.001020939 0.052849185 1.244616508 -0.001006206 0.999999464 -0.000305378 -2.161126852 -0.052849464 0.000251774 0.998602450 85.466735840
0.998227000 0.000561008 0.059519388 1.294024467 -0.000564819 0.999999762 0.000047216 -2.172235489 -0.059519351 -0.000080750 0.998227119 85.945014954
0.997621417 0.000769370 0.068927199 1.347985744 -0.000750149 0.999999583 -0.000304723 -2.182781219 -0.068927407 0.000252293 0.997621655 86.494918823
0.996909201 0.000140663 0.078562021 1.424224854 -0.000092764 0.999999762 -0.000613349 -2.197216749 -0.078562088 0.000604166 0.996908963 87.020935059
0.996169269 0.000065043 0.087445147 1.475699425 -0.000018791 0.999999881 -0.000529749 -2.207357407 -0.087445170 0.000526077 0.996169150 87.594322205
0.995480001 -0.000233532 0.094970688 1.545717239 0.000309352 0.999999642 -0.000783629 -2.223313332 -0.094970480 0.000809466 0.995479763 88.131584167
0.994471610 -0.000257645 0.105005018 1.621797562 0.000342624 0.999999702 -0.000791251 -2.236129761 -0.105004765 0.000822854 0.994471431 88.673278809
0.993293166 -0.000001918 0.115623035 1.697790146 0.000090584 0.999999702 -0.000761590 -2.248686552 -0.115623005 0.000766955 0.993292928 89.227470398
0.992219031 -0.000869049 0.124501124 1.793714523 0.001007060 0.999998927 -0.001045588 -2.252200365 -0.124500081 0.001162832 0.992219031 89.761871338
0.990658879 -0.000292160 0.136363462 1.882833481 0.000411315 0.999999523 -0.000845633 -2.265798807 -0.136363149 0.000893822 0.990658522 90.306823730
0.988856196 -0.000475066 0.148873270 1.974680901 0.000599096 0.999999464 -0.000788286 -2.284775972 -0.148872852 0.000868691 0.988855958 90.840293884
0.987144887 -0.001025077 0.159824595 2.089125633 0.001129261 0.999999225 -0.000561044 -2.297415972 -0.159823895 0.000734315 0.987145245 91.383392334
0.985462368 -0.001620702 0.169885740 2.202836990 0.001783043 0.999998152 -0.000803031 -2.311116219 -0.169884115 0.001094271 0.985463381 91.922103882
0.983124256 -0.001227216 0.182934672 2.321741104 0.001407730 0.999998689 -0.000856910 -2.326189280 -0.182933375 0.001099972 0.983124673 92.446556091
0.980718791 -0.001895287 0.195414752 2.450283051 0.002108879 0.999997377 -0.000884970 -2.333914757 -0.195412561 0.001280013 0.980720222 93.014671326
0.978634298 -0.002231438 0.205596387 2.581007004 0.002409902 0.999996901 -0.000617628 -2.352222204 -0.205594361 0.001099899 0.978636622 93.548866272
0.975792050 -0.002264093 0.218688607 2.720186234 0.002423917 0.999996901 -0.000462545 -2.373475075 -0.218686908 0.000981430 0.975794613 94.061416626
0.972630560 -0.002029092 0.232348159 2.851472855 0.002262859 0.999997139 -0.000739580 -2.366771221 -0.232345983 0.001245110 0.972632349 94.620834351
0.969889164 -0.002048415 0.243538067 3.002519608 0.002360093 0.999996722 -0.000988020 -2.377151251 -0.243535236 0.001533042 0.969890833 95.145790100
0.967270672 -0.003070585 0.253728151 3.176452637 0.003401950 0.999993742 -0.000867229 -2.406334400 -0.253723949 0.001702016 0.967275143 95.628097534
0.963505745 -0.002709605 0.267673939 3.322681427 0.002939654 0.999995589 -0.000458694 -2.408348799 -0.267671555 0.001228823 0.963509440 96.118415833
0.959980965 -0.002985554 0.280049324 3.497890472 0.003271936 0.999994576 -0.000555117 -2.427399158 -0.280046135 0.001449206 0.959985495 96.647605896
0.956482947 -0.003266316 0.291769952 3.679639816 0.003551971 0.999993503 -0.000449344 -2.443247080 -0.291766584 0.001466148 0.956488431 97.165985107
0.952001095 -0.002871457 0.306081265 3.865976334 0.003093514 0.999995232 -0.000240409 -2.458842516 -0.306079090 0.001175737 0.952005386 97.688377380
0.947464526 -0.003567119 0.319840997 4.051361084 0.003919910 0.999992132 -0.000459238 -2.455542326 -0.319836885 0.001688860 0.947471142 98.208732605
0.943624258 -0.003852291 0.330995947 4.258541107 0.004267768 0.999990702 -0.000528445 -2.468586683 -0.330990940 0.001911267 0.943632066 98.726028442
0.938791513 -0.003970689 0.344462812 4.465467453 0.004343754 0.999990463 -0.000311290 -2.488537788 -0.344458342 0.001788497 0.938799977 99.226623535
0.933712542 -0.005474538 0.357981563 4.688097000 0.006054600 0.999981582 -0.000499524 -2.501036167 -0.357972205 0.002633847 0.933728516 99.713615417
0.928905129 -0.005266434 0.370280117 4.899497986 0.005687085 0.999983788 -0.000044330 -2.526367664 -0.370273888 0.002146993 0.928920209 100.175941467
0.923943639 -0.004887869 0.382497430 5.095117569 0.005227271 0.999986351 0.000151891 -2.524335861 -0.382492959 0.001859079 0.923956454 100.677970886
0.917928040 -0.004766635 0.396718085 5.333290100 0.005208572 0.999986529 -0.000036615 -2.534998894 -0.396712512 0.002099945 0.917940497 101.177734375
0.912066221 -0.005604377 0.410004735 5.571453094 0.006049698 0.999981761 0.000211092 -2.545202017 -0.409998387 0.002287875 0.912083387 101.666069031
0.907418907 -0.006555212 0.420175999 5.833621979 0.007382832 0.999972701 -0.000343404 -2.560986519 -0.420162231 0.003413700 0.907442570 102.147499084
0.901647031 -0.006022338 0.432430893 6.108741760 0.006466778 0.999978960 0.000442754 -2.592399359 -0.432424456 0.002397227 0.901666939 102.650253296
0.894768178 -0.006445242 0.446484327 6.323368073 0.007059922 0.999974966 0.000286880 -2.576843262 -0.446474999 0.002895454 0.894791424 103.122184753
0.888693988 -0.006831650 0.458449692 6.594005585 0.007625924 0.999970913 0.000118522 -2.588421822 -0.458437145 0.003390773 0.888720393 103.602783203
0.882830501 -0.006302947 0.469649434 6.884891510 0.007081732 0.999974847 0.000108209 -2.598117590 -0.469638348 0.003230401 0.882852912 104.108055115
0.875391364 -0.007102894 0.483362883 7.156730652 0.007831851 0.999969184 0.000510469 -2.621449947 -0.483351648 0.003338767 0.875419915 104.530868530
0.868141234 -0.007252771 0.496264368 7.431102753 0.008068460 0.999967337 0.000499676 -2.629721403 -0.496251762 0.003570300 0.868171334 104.955917358
