1.000000000 0.000000000 0.000000000 0.000000000 0.000000000 1.000000000 0.000000000 0.000000000 0.000000000 0.000000000 1.000000000 0.000000000
1.000000000 -0.000040715 0.000120744 -0.001339393 0.000040702 1.000000000 0.000101662 0.000177869 -0.000120748 -0.000101657 1.000000000 0.001829759
1.000000000 0.000170837 0.000145468 -0.000717424 -0.000170863 0.999999940 0.000177414 -0.000352647 -0.000145437 -0.000177439 1.000000000 0.000149838
1.000000000 0.000177044 -0.000070887 0.000712110 -0.000177031 0.999999940 0.000176193 -0.001188587 0.000070918 -0.000176181 1.000000000 -0.000776433
0.999999940 0.000306044 0.000146252 -0.001644690 -0.000306066 0.999999940 0.000151602 -0.000238966 -0.000146206 -0.000151646 1.000000000 0.000827895
1.000000000 0.000147792 0.000091048 -0.001635218 -0.000147806 1.000000000 0.000151446 -0.000335949 -0.000091025 -0.000151459 1.000000000 -0.000468841
1.000000000 0.000023402 0.000172514 -0.001435972 -0.000023416 1.000000000 0.000085312 0.000088281 -0.000172512 -0.000085316 1.000000000 0.000979735
0.999999940 -0.000116756 0.000292059 -0.002325899 0.000116734 1.000000000 0.000075440 0.001349870 -0.000292068 -0.000075406 0.999999940 0.003896513
0.999999940 0.000142381 0.000258233 -0.001980390 -0.000142416 1.000000000 0.000135403 0.000662584 -0.000258214 -0.000135439 0.999999940 0.003218407
1.000000000 0.000098565 0.000194868 -0.001020531 -0.000098588 1.000000000 0.000120225 0.000199948 -0.000194856 -0.000120244 1.000000000 0.001701554
0.999999940 0.000057759 0.000263408 -0.001351011 -0.000057768 1.000000000 0.000033455 0.001650725 -0.000263406 -0.000033470 0.999999940 0.003048715
1.000000000 -0.000081537 0.000024933 -0.000136377 0.000081533 1.000000000 0.000149142 -0.000367188 -0.000024946 -0.000149140 1.000000000 0.000653121
0.999999940 0.000225078 0.000228690 -0.002828267 -0.000225086 1.000000000 0.000034214 0.002091701 -0.000228683 -0.000034265 1.000000000 0.005714696
0.999999940 -0.000060478 0.000281755 -0.002001243 0.000060402 0.999999940 0.000273132 -0.000653010 -0.000281772 -0.000273115 0.999999940 0.001370570
0.999999940 0.000204528 0.000261262 -0.002051536 -0.000204588 0.999999940 0.000228398 -0.001101985 -0.000261215 -0.000228451 0.999999940 0.000093809
1.000000000 0.000139052 0.000176811 -0.000541886 -0.000139078 1.000000000 0.000145414 -0.001271788 -0.000176790 -0.000145438 1.000000000 -0.001627244
1.000000000 0.000038349 0.000102314 -0.000100502 -0.000038368 1.000000000 0.000180524 -0.001134396 -0.000102307 -0.000180528 1.000000000 -0.001460403
0.999999881 0.000261349 0.000420755 -0.002814278 -0.000261411 0.999999940 0.000148770 0.000116161 -0.000420716 -0.000148880 0.999999881 0.001550385
0.999999940 0.000224042 0.000355547 -0.003752720 -0.000224085 0.999999940 0.000120858 0.000841264 -0.000355520 -0.000120938 0.999999940 0.004207979
0.999999940 0.000224832 0.000205029 -0.002326448 -0.000224861 0.999999940 0.000139589 0.000522798 -0.000204998 -0.000139636 0.999999940 0.003017915
0.999999881 0.000402119 0.000306898 -0.002575585 -0.000402210 0.999999881 0.000298506 -0.000749641 -0.000306778 -0.000298629 0.999999881 0.001543590
0.999999762 0.000525140 0.000383974 -0.003446982 -0.000525213 0.999999821 0.000189548 -0.000072314 -0.000383875 -0.000189750 0.999999881 0.001841858
0.999999881 0.000297499 0.000352081 -0.002802095 -0.000297585 0.999999940 0.000243957 -0.001122174 -0.000352009 -0.000244061 0.999999881 0.000332253
0.999999881 0.000176974 0.000393054 -0.002704282 -0.000177067 0.999999940 0.000237659 -0.000883265 -0.000393012 -0.000237729 0.999999881 0.002702476
0.999999940 0.000197576 0.000332428 -0.002475480 -0.000197644 0.999999940 0.000204877 -0.000534823 -0.000332388 -0.000204942 0.999999940 0.000343812
0.999999881 0.000238786 0.000356829 -0.002665969 -0.000238826 0.999999940 0.000110962 0.001110299 -0.000356802 -0.000111047 0.999999940 0.003166190
0.999999940 0.000057293 0.000299425 -0.001780310 -0.000057297 1.000000000 0.000012360 0.000534018 -0.000299424 -0.000012378 0.999999940 0.000252944
0.999999940 0.000212760 0.000291575 -0.002438483 -0.000212781 1.000000000 0.000072141 0.000918903 -0.000291560 -0.000072203 0.999999940 0.003020148
0.999999821 0.000397302 0.000435839 -0.004347743 -0.000397285 0.999999940 -0.000038706 0.002283263 -0.000435855 0.000038533 0.999999881 0.004470904
0.999999940 0.000174331 0.000274515 -0.002853108 -0.000174375 1.000000000 0.000159187 0.001027188 -0.000274488 -0.000159235 0.999999940 0.002936544
0.999999940 0.000191482 0.000254377 -0.002488264 -0.000191509 1.000000000 0.000106798 0.000609022 -0.000254357 -0.000106847 0.999999940 0.002640213
0.999999940 0.000001666 0.000259723 -0.002023415 -0.000001718 1.000000000 0.000199187 -0.000014363 -0.000259723 -0.000199188 0.999999940 0.001703427
0.999999940 0.000077308 0.000279404 -0.002519367 -0.000077312 1.000000000 0.000016622 0.001773025 -0.000279403 -0.000016643 0.999999940 0.003615479
0.999999940 0.000037727 0.000334704 -0.001897020 -0.000037754 1.000000000 0.000081845 0.000723935 -0.000334701 -0.000081858 0.999999940 0.001955156
1.000000000 0.000004434 0.000183910 -0.000305940 -0.000004478 1.000000000 0.000243438 -0.001261767 -0.000183909 -0.000243439 0.999999940 -0.000473915
0.999999881 0.000391785 0.000331265 -0.001824197 -0.000391848 0.999999881 0.000188497 -0.000436378 -0.000331191 -0.000188627 0.999999940 -0.000560999
0.999999940 0.000245518 0.000266886 -0.002925380 -0.000245535 0.999999940 0.000063741 0.003401679 -0.000266870 -0.000063806 0.999999940 0.006818444
0.999999940 -0.000017259 0.000302769 -0.002605190 0.000017244 1.000000000 0.000051811 0.002028699 -0.000302770 -0.000051806 0.999999940 0.005143757
0.999999940 0.000118662 0.000303790 -0.003339818 -0.000118737 0.999999940 0.000248865 0.001127294 -0.000303760 -0.000248901 0.999999940 0.005314532
0.999999940 -0.000108578 0.000305510 -0.001191305 0.000108538 1.000000000 0.000132442 0.000515501 -0.000305524 -0.000132409 0.999999940 0.001611163
0.999999881 -0.000081193 0.000419224 -0.002030864 0.000081160 1.000000000 0.000079501 0.000354587 -0.000419230 -0.000079467 0.999999881 0.002753534
0.999999940 -0.000252504 0.000242476 0.000324722 0.000252668 0.999999762 -0.000675128 0.000419808 -0.000242305 0.000675190 0.999999762 0.054428048
0.999999881 0.000226337 0.000378736 -0.002111628 -0.000225938 0.999999404 -0.001053924 -0.005157374 -0.000378974 0.001053838 0.999999344 0.136356398
1.000000000 0.000195640 0.000017512 0.003305232 -0.000195612 0.999998808 -0.001539225 -0.004631867 -0.000017814 0.001539221 0.999998808 0.254939318
1.000000000 0.000231316 -0.000030373 0.005466586 -0.000231350 0.999999344 -0.001110915 -0.012527565 0.000030116 0.001110922 0.999999404 0.386577308
0.999999940 0.000394613 0.000074105 0.007894168 -0.000394559 0.999999642 -0.000726999 -0.020440042 -0.000074392 0.000726970 0.999999762 0.522248864
0.999999881 0.000494789 0.000065460 0.011772281 -0.000494750 0.999999702 -0.000591888 -0.027934661 -0.000065753 0.000591855 0.999999821 0.669528782
0.999999881 0.000414078 0.000239894 0.016925089 -0.000413909 0.999999642 -0.000705015 -0.026938435 -0.000240186 0.000704916 0.999999702 0.837029338
1.000000000 0.000175219 0.000049379 0.018465968 -0.000175193 0.999999821 -0.000519379 -0.029497785 -0.000049470 0.000519370 0.999999881 1.014168024
0.999999702 0.000778716 0.000134598 0.020644885 -0.000778714 0.999999702 -0.000010306 -0.037601113 -0.000134606 0.000010201 1.000000000 1.186819434
0.999999940 0.000391402 0.000158411 0.021610934 -0.000391383 0.999999940 -0.000120393 -0.041139871 -0.000158458 0.000120331 1.000000000 1.370674253
0.999999881 0.000470076 -0.000047428 0.038178932 -0.000470073 0.999999881 0.000071780 -0.052228969 0.000047462 -0.000071758 1.000000000 1.565205574
0.999999940 0.000352851 0.000172275 0.038720272 -0.000352875 0.999999940 0.000139524 -0.055567194 -0.000172226 -0.000139584 1.000000000 1.755700707
0.999998808 0.001547644 0.000061663 0.034594152 -0.001547650 0.999998808 0.000096105 -0.076164991 -0.000061514 -0.000096200 1.000000000 1.954489112
0.999998212 0.001870670 0.000429161 0.034468070 -0.001870660 0.999998271 -0.000026154 -0.083337262 -0.000429210 0.000025351 0.999999940 2.157168865
0.999997675 0.002071029 0.000548912 0.038968362 -0.002070749 0.999997735 -0.000509803 -0.083657272 -0.000549967 0.000508665 0.999999702 2.383610249
0.999998212 0.001787013 0.000593559 0.040656015 -0.001786947 0.999998391 -0.000112078 -0.093067236 -0.000593758 0.000111017 0.999999821 2.606207371
0.999997616 0.002090721 0.000654029 0.046019807 -0.002090751 0.999997795 0.000043804 -0.102695189 -0.000653936 -0.000045172 0.999999762 2.830725193
0.999998689 0.001548237 0.000455505 0.053011972 -0.001548202 0.999998808 -0.000076989 -0.106108055 -0.000455624 0.000076284 0.999999881 3.065669060
0.999998808 0.001473893 0.000506431 0.057420604 -0.001473622 0.999998748 -0.000535987 -0.110086732 -0.000507220 0.000535240 0.999999702 3.317622662
0.999998569 0.001607183 0.000690762 0.056831684 -0.001607533 0.999998569 0.000506940 -0.124639899 -0.000689947 -0.000508050 0.999999642 3.553498745
0.999998331 0.001608354 0.000825636 0.063876435 -0.001608595 0.999998689 0.000292065 -0.128100604 -0.000825165 -0.000293392 0.999999583 3.806104422
0.999998808 0.001325052 0.000850205 0.066597909 -0.001325098 0.999999166 0.000054353 -0.134250090 -0.000850132 -0.000055480 0.999999702 4.066727638
0.999997675 0.001813945 0.001184977 0.062462151 -0.001814716 0.999998152 0.000649801 -0.142218754 -0.001183796 -0.000651950 0.999999106 4.326434135
0.999997735 0.001866215 0.000959678 0.071979120 -0.001866658 0.999998152 0.000460271 -0.148605719 -0.000958817 -0.000462061 0.999999464 4.586773396
0.999998212 0.001600928 0.000990474 0.080496147 -0.001601889 0.999998331 0.000970314 -0.159429386 -0.000988919 -0.000971899 0.999998987 4.837611675
0.999997795 0.001780058 0.001110788 0.082594901 -0.001780797 0.999998212 0.000664375 -0.161758915 -0.001109603 -0.000666351 0.999999166 5.101198673
0.999996722 0.002112809 0.001420314 0.083402693 -0.002113873 0.999997497 0.000748260 -0.178301007 -0.001418730 -0.000751260 0.999998689 5.361667156
0.999997675 0.001688835 0.001327764 0.090891249 -0.001689720 0.999998391 0.000665611 -0.182767481 -0.001326638 -0.000667853 0.999998868 5.634653091
0.999997318 0.001887171 0.001344389 0.096480288 -0.001888316 0.999997854 0.000850862 -0.191716328 -0.001342780 -0.000853398 0.999998748 5.903052330
0.999996543 0.002231536 0.001401206 0.106165662 -0.002233071 0.999997020 0.001095130 -0.204522744 -0.001398758 -0.001098255 0.999998331 6.172615051
0.999995947 0.002271750 0.001671766 0.103589103 -0.002273305 0.999996901 0.000928682 -0.212233767 -0.001669651 -0.000932479 0.999998152 6.468042850
0.999996006 0.002160357 0.001770159 0.105184712 -0.002162206 0.999997079 0.001043831 -0.220875964 -0.001767899 -0.001047655 0.999997854 6.761958122
0.999996245 0.002012964 0.001860237 0.115723416 -0.002015488 0.999997020 0.001356361 -0.232858345 -0.001857501 -0.001360105 0.999997318 7.057174206
0.999996424 0.001976597 0.001797539 0.124836445 -0.001978581 0.999997377 0.001102451 -0.239025131 -0.001795356 -0.001106003 0.999997795 7.343329906
0.999994457 0.002349103 0.002336727 0.129342049 -0.002350537 0.999997020 0.000610962 -0.244980216 -0.002335285 -0.000616452 0.999997079 7.644159794
0.999994040 0.002730427 0.002119127 0.138264000 -0.002732633 0.999995589 0.001038553 -0.258418053 -0.002116282 -0.001044338 0.999997258 7.972926140
0.999994099 0.002181678 0.002651577 0.134242266 -0.002186673 0.999995768 0.001882430 -0.280329168 -0.002647459 -0.001888217 0.999994695 8.289697647
0.999991477 0.002846010 0.003019971 0.141456753 -0.002850988 0.999994576 0.001645384 -0.289266318 -0.003015272 -0.001653980 0.999994040 8.612692833
0.999993443 0.002049696 0.002959596 0.149153948 -0.002055938 0.999995649 0.002107415 -0.302009284 -0.002955263 -0.002113486 0.999993324 8.945863724
0.999994099 0.001883300 0.002862683 0.158483371 -0.001890242 0.999995291 0.002424122 -0.318043411 -0.002858105 -0.002429519 0.999992907 9.276198387
0.999992192 0.002299038 0.003203108 0.162773475 -0.002306600 0.999994516 0.002359086 -0.323725641 -0.003197667 -0.002366456 0.999992132 9.628360748
0.999993742 0.001904608 0.002989247 0.170348972 -0.001910666 0.999996245 0.002024956 -0.329734355 -0.002985378 -0.002030655 0.999993503 9.985097885
0.999992251 0.002327354 0.003192762 0.176680356 -0.002333501 0.999995410 0.001922748 -0.338293314 -0.003188272 -0.001930184 0.999993086 10.338675499
0.999991953 0.002103075 0.003412595 0.182239711 -0.002110602 0.999995291 0.002203447 -0.349545509 -0.003407945 -0.002210632 0.999991775 10.693223000
0.999991298 0.002159223 0.003562294 0.188914478 -0.002165728 0.999996006 0.001823242 -0.352456570 -0.003558343 -0.001830942 0.999992013 11.066711426
0.999989927 0.002490246 0.003726442 0.196081609 -0.002498399 0.999994516 0.002184741 -0.368633538 -0.003720981 -0.002194029 0.999990642 11.443091393
0.999990880 0.002010628 0.003769440 0.204516128 -0.002019525 0.999995112 0.002357836 -0.378119439 -0.003764681 -0.002365426 0.999990106 11.826492310
0.999990344 0.002132283 0.003839136 0.212693185 -0.002140276 0.999995530 0.002079035 -0.387399077 -0.003834686 -0.002087232 0.999990404 12.209431648
0.999991477 0.001752954 0.003731435 0.225002587 -0.001761763 0.999995649 0.002358828 -0.405081838 -0.003727284 -0.002365382 0.999990225 12.592602730
0.999987781 0.002314148 0.004370095 0.227381527 -0.002323991 0.999994755 0.002248765 -0.408046842 -0.004364869 -0.002258893 0.999987900 12.996313095
0.999987304 0.002400664 0.004426482 0.237472132 -0.002410801 0.999994457 0.002286200 -0.419987530 -0.004420969 -0.002296843 0.999987602 13.391823769
0.999986291 0.002290677 0.004697348 0.247960970 -0.002301542 0.999994636 0.002309021 -0.429178178 -0.004692034 -0.002319801 0.999986351 13.800629616
0.999983013 0.002663076 0.005183485 0.255153239 -0.002675186 0.999993622 0.002330645 -0.439105093 -0.005177247 -0.002344472 0.999983847 14.228789330
0.999982595 0.002365096 0.005404292 0.268695474 -0.002377267 0.999994576 0.002246753 -0.450106084 -0.005398950 -0.002259561 0.999982893 14.647513390
0.999981046 0.002352129 0.005694333 0.277423739 -0.002367963 0.999993324 0.002775619 -0.465768814 -0.005687767 -0.002789050 0.999979913 15.071364403
0.999980927 0.002376821 0.005703822 0.291597307 -0.002390940 0.999994099 0.002469746 -0.474542141 -0.005697919 -0.002483337 0.999980688 15.508931160
0.999977589 0.002112440 0.006356491 0.302025378 -0.002128805 0.999994457 0.002568878 -0.488322526 -0.006351029 -0.002582352 0.999976456 15.947613716
0.999976158 0.002285137 0.006513585 0.315429688 -0.002301056 0.999994338 0.002437451 -0.498452246 -0.006507980 -0.002452381 0.999975801 16.390977859
0.999975324 0.001991713 0.006723792 0.328371912 -0.002008582 0.999994814 0.002502974 -0.513131320 -0.006718772 -0.002516417 0.999974251 16.829456329
0.999970675 0.002535449 0.007214188 0.339085370 -0.002554447 0.999993265 0.002625435 -0.522829056 -0.007207483 -0.002643787 0.999970555 17.300065994
0.999965847 0.002998506 0.007691575 0.346369207 -0.003019899 0.999991596 0.002771314 -0.532551825 -0.007683201 -0.002794448 0.999966621 17.766613007
0.999962687 0.002612849 0.008223581 0.359926164 -0.002634045 0.999993205 0.002567646 -0.544985771 -0.008216816 -0.002589211 0.999962866 18.228313446
0.999959648 0.003105227 0.008416855 0.372710168 -0.003125130 0.999992251 0.002352512 -0.554785609 -0.008409483 -0.002378721 0.999961793 18.700696945
0.999957740 0.002803656 0.008758405 0.388293922 -0.002828109 0.999992073 0.002780818 -0.570666254 -0.008750539 -0.002805470 0.999957800 19.167169571
0.999956012 0.002746814 0.008969950 0.405338913 -0.002768492 0.999993205 0.002405182 -0.579390526 -0.008963281 -0.002429909 0.999956846 19.651565552
0.999950349 0.003285858 0.009407362 0.408038497 -0.003311584 0.999990821 0.002720357 -0.588441789 -0.009398337 -0.002751375 0.999952018 20.146368027
0.999958873 0.003111083 0.008516172 0.435794085 -0.003135827 0.999990880 0.002893835 -0.613426149 -0.008507093 -0.002920421 0.999959528 20.639577866
0.999956727 0.003111511 0.008769754 0.445916355 -0.003131932 0.999992371 0.002315822 -0.618300736 -0.008762483 -0.002343187 0.999958873 21.144956589
0.999961853 0.002788673 0.008270324 0.458234727 -0.002803170 0.999994516 0.001741816 -0.621209741 -0.008265423 -0.001764933 0.999964237 21.656589508
0.999965847 0.003309056 0.007572333 0.482997656 -0.003332189 0.999989808 0.003044419 -0.649062216 -0.007562182 -0.003069548 0.999966681 22.161251068
0.999968529 0.003218066 0.007253221 0.503443956 -0.003241195 0.999989629 0.003179312 -0.660241067 -0.007242914 -0.003202721 0.999968648 22.660755157
0.999974072 0.003300403 0.006404632 0.514904857 -0.003320917 0.999989390 0.003195105 -0.677084148 -0.006394018 -0.003216291 0.999974370 23.194568634
0.999974012 0.003822186 0.006123765 0.520586252 -0.003839466 0.999988675 0.002812602 -0.688714266 -0.006112945 -0.002836041 0.999977291 23.726490021
0.999982595 0.002178836 0.005484442 0.540779591 -0.002195506 0.999992967 0.003035297 -0.708652318 -0.005477790 -0.003047286 0.999980271 24.243019104
0.999981225 0.003289568 0.005174676 0.552768528 -0.003307389 0.999988616 0.003439127 -0.721377194 -0.005163304 -0.003456177 0.999980628 24.776092529
0.999985993 0.003304487 0.004130110 0.575648069 -0.003319857 0.999987543 0.003720106 -0.738304555 -0.004117765 -0.003733766 0.999984562 25.323518753
0.999988198 0.003451263 0.003422907 0.589042664 -0.003463578 0.999987483 0.003598433 -0.748921216 -0.003410446 -0.003610246 0.999987662 25.863920212
0.999989152 0.003343005 0.003236800 0.591235399 -0.003355282 0.999987125 0.003794838 -0.763108134 -0.003224072 -0.003805656 0.999987483 26.426420212
0.999990582 0.003176309 0.002944695 0.603514075 -0.003189715 0.999984503 0.004558984 -0.777424693 -0.002930169 -0.004568333 0.999985218 26.972131729
0.999993801 0.002379387 0.002593309 0.622096837 -0.002391060 0.999987006 0.004507222 -0.795135558 -0.002582551 -0.004513395 0.999986470 27.540258408
0.999992430 0.003022084 0.002449733 0.638160169 -0.003033570 0.999984443 0.004698505 -0.817777276 -0.002435495 -0.004705899 0.999985933 28.078022003
0.999988198 0.004096579 0.002591835 0.634140909 -0.004109282 0.999979496 0.004914661 -0.827763021 -0.002571648 -0.004925254 0.999984503 28.638219833
0.999991715 0.003442159 0.002174363 0.645374417 -0.003452239 0.999983251 0.004649200 -0.834570706 -0.002158323 -0.004656669 0.999986827 29.177108765
0.999992311 0.003413420 0.001937970 0.658138216 -0.003421871 0.999984622 0.004373904 -0.837822556 -0.001923010 -0.004380503 0.999988556 29.737995148
0.999991775 0.003662705 0.001730687 0.669204831 -0.003670378 0.999983370 0.004451141 -0.857288599 -0.001714355 -0.004457457 0.999988556 30.278036118
0.999991357 0.003828501 0.001635071 0.682394087 -0.003835969 0.999982119 0.004588675 -0.874500275 -0.001617474 -0.004594907 0.999988139 30.828147888
0.999991596 0.003844557 0.001444637 0.695706546 -0.003851232 0.999981761 0.004646487 -0.886293948 -0.001426747 -0.004652012 0.999988079 31.374061584
0.999991655 0.003954658 0.001013288 0.709168613 -0.003959396 0.999981046 0.004717704 -0.900570333 -0.000994612 -0.004721677 0.999988377 31.925834656
0.999993086 0.003620491 0.000882201 0.722069204 -0.003624678 0.999981940 0.004792035 -0.915219843 -0.000864835 -0.004795200 0.999988079 32.477870941
0.999991238 0.004116301 0.000694125 0.729835629 -0.004119545 0.999980271 0.004737756 -0.925632656 -0.000674610 -0.004740573 0.999988496 33.020748138
0.999990463 0.004307656 0.000723088 0.741236985 -0.004311124 0.999978900 0.004864673 -0.942228436 -0.000702118 -0.004867743 0.999987900 33.560569763
0.999991357 0.004140002 0.000358043 0.753224909 -0.004141668 0.999979913 0.004782627 -0.952493072 -0.000338236 -0.004784068 0.999988496 34.111564636
0.999991596 0.004086390 0.000399988 0.762487829 -0.004088320 0.999979317 0.004948522 -0.966976404 -0.000379758 -0.004950117 0.999987662 34.660236359
0.999992847 0.003785139 0.000088152 0.776509285 -0.003785518 0.999981284 0.004802034 -0.979438841 -0.000069974 -0.004802333 0.999988437 35.210918427
0.999993026 0.003695547 0.000571483 0.786696911 -0.003698175 0.999982297 0.004668499 -0.991909742 -0.000554220 -0.004670580 0.999988914 35.750282288
0.999992847 0.003780917 -0.000154702 0.800396979 -0.003780195 0.999983072 0.004427366 -0.994035482 0.000171438 -0.004426748 0.999990165 36.300601959
0.999988079 0.004866885 -0.000401323 0.808284163 -0.004865390 0.999981523 0.003647567 -1.002106667 0.000419067 -0.003645570 0.999993205 36.847621918
0.999993801 0.003505669 -0.000283895 0.826651037 -0.003504394 0.999984264 0.004373208 -1.018318653 0.000299222 -0.004372185 0.999990404 37.406406403
0.999991894 0.004023170 -0.000217722 0.836413085 -0.004022255 0.999983788 0.004051296 -1.031013489 0.000234017 -0.004050387 0.999991775 37.954326630
0.999992013 0.003957626 -0.000590054 0.848555028 -0.003954797 0.999981046 0.004721355 -1.055602431 0.000608728 -0.004718983 0.999988675 38.495689392
0.999993443 0.003613649 -0.000411343 0.856245160 -0.003611686 0.999982536 0.004677558 -1.068072081 0.000428238 -0.004676041 0.999988914 39.041889191
0.999992132 0.003975434 0.000157344 0.865105808 -0.003976123 0.999981284 0.004651858 -1.081836581 -0.000138847 -0.004652447 0.999989152 39.584407806
0.999990106 0.004399157 -0.000650515 0.892204881 -0.004395233 0.999972880 0.005915684 -1.107742548 0.000676521 -0.005912765 0.999982297 40.127902985
0.999992669 0.003775545 -0.000676777 0.888496757 -0.003771199 0.999973118 0.006311533 -1.135698318 0.000700589 -0.006308935 0.999979794 40.682941437
0.999993145 0.003613182 -0.000761737 0.899116337 -0.003608595 0.999975860 0.005939201 -1.141380310 0.000783178 -0.005936412 0.999981999 41.237693787
0.999993742 0.003545293 -0.000174062 0.908035576 -0.003544086 0.999972641 0.006502621 -1.156507730 0.000197111 -0.006501964 0.999978840 41.778789520
0.999993384 0.003611370 0.000472543 0.903776348 -0.003614369 0.999972343 0.006509318 -1.171664953 -0.000449022 -0.006510983 0.999978721 42.303958893
0.999991894 0.004026747 -0.000041286 0.932296097 -0.004026413 0.999972701 0.006195835 -1.178320050 0.000066234 -0.006195618 0.999980807 42.865562439
0.999988377 0.004814899 -0.000271614 0.941151261 -0.004813126 0.999969363 0.006183791 -1.189002037 0.000301380 -0.006182413 0.999980807 43.420986176
0.999987960 0.004913361 -0.000274465 0.954453468 -0.004911521 0.999967754 0.006347832 -1.204649448 0.000305645 -0.006346407 0.999979794 43.966636658
0.999993682 0.003504391 -0.000594032 0.968386233 -0.003500047 0.999968171 0.007161800 -1.225473285 0.000619111 -0.007159676 0.999974191 44.523750305
0.999990284 0.004409015 -0.000232636 0.976099551 -0.004407329 0.999967158 0.006803496 -1.230796337 0.000262625 -0.006802404 0.999976873 45.074710846
0.999992013 0.003943186 -0.000553241 0.995443225 -0.003938942 0.999964297 0.007472381 -1.248623371 0.000582686 -0.007470143 0.999971867 45.627151489
0.999993026 0.003736710 -0.000267014 1.006793261 -0.003734376 0.999958873 0.008263548 -1.265437841 0.000297881 -0.008262493 0.999965787 46.169876099
0.999994338 0.003129232 -0.001234333 1.024482965 -0.003119856 0.999966800 0.007526336 -1.271202564 0.001257844 -0.007522443 0.999970913 46.715320587
0.999993324 0.003575346 -0.000842581 1.035321832 -0.003568680 0.999963284 0.007784077 -1.285257578 0.000870381 -0.007781019 0.999969363 47.272590637
0.999993861 0.003317618 -0.001130144 1.050414085 -0.003308895 0.999965310 0.007635454 -1.297411680 0.001155437 -0.007631667 0.999970138 47.828136444
0.999993443 0.003557089 -0.000682504 1.060485721 -0.003551826 0.999965131 0.007562913 -1.307264805 0.000709382 -0.007560441 0.999971092 48.383312225
0.999993265 0.003591005 -0.000794652 1.079872608 -0.003584558 0.999961853 0.007971268 -1.322867870 0.000823246 -0.007968366 0.999967873 48.932571411
0.999994397 0.002973878 -0.001544649 1.093298435 -0.002961268 0.999962807 0.008103054 -1.337558150 0.001568689 -0.008098435 0.999965966 49.495597839
0.999993324 0.003536863 -0.000953280 1.103525877 -0.003529205 0.999962509 0.007919651 -1.346118808 0.000981255 -0.007916234 0.999968171 50.044223785
0.999993324 0.003160828 -0.001838387 1.124389648 -0.003145580 0.999961138 0.008238683 -1.354553342 0.001864357 -0.008232847 0.999964297 50.590721130
0.999988139 0.004712382 -0.001242717 1.134713292 -0.004702384 0.999957442 0.007929002 -1.366699100 0.001280029 -0.007923063 0.999967754 51.134288788
0.999992847 0.003668916 -0.000907242 1.140243530 -0.003661591 0.999961734 0.007948162 -1.374700665 0.000936369 -0.007944783 0.999967933 51.684261322
0.999990761 0.003407920 -0.002622213 1.172777891 -0.003387248 0.999963462 0.007848213 -1.388278246 0.002648863 -0.007839259 0.999965787 52.251274109
0.999991119 0.003212250 -0.002720331 1.188505173 -0.003191436 0.999965847 0.007621329 -1.399889469 0.002744720 -0.007612580 0.999967277 52.803977966
0.999993265 0.003119424 -0.001902481 1.189820409 -0.003104724 0.999965668 0.007681450 -1.410596132 0.001926377 -0.007675492 0.999968767 53.352218628
0.999992847 0.002009924 -0.003207261 1.215241671 -0.001983399 0.999963939 0.008252282 -1.427516460 0.003223732 -0.008245859 0.999960780 53.896915436
0.999992490 0.002305470 -0.003118739 1.237875819 -0.002280860 0.999966443 0.007871800 -1.437391520 0.003136783 -0.007864629 0.999964118 54.443782806
0.999990165 0.002895626 -0.003357957 1.246425509 -0.002866977 0.999959648 0.008505356 -1.452082157 0.003382450 -0.008495644 0.999958217 54.988235474
0.999990940 0.001899206 -0.003813757 1.265953422 -0.001868996 0.999966919 0.007909148 -1.464143276 0.003828653 -0.007901949 0.999961376 55.542476654
0.999991477 0.002401162 -0.003342566 1.269373417 -0.002374629 0.999965787 0.007919583 -1.470931292 0.003361468 -0.007911577 0.999963045 56.103805542
0.999990880 0.002352413 -0.003564518 1.280898809 -0.002324284 0.999966264 0.007875138 -1.478527665 0.003582923 -0.007866781 0.999962628 56.665481567
0.999989569 0.002026929 -0.004086593 1.306149006 -0.001995461 0.999968469 0.007689885 -1.492721677 0.004102051 -0.007681651 0.999962091 57.203945160
0.999990642 0.001974910 -0.003856468 1.315057397 -0.001945269 0.999968588 0.007674618 -1.497870326 0.003871504 -0.007667044 0.999963105 57.770816803
0.999990702 0.002317583 -0.003642955 1.317917943 -0.002290682 0.999970198 0.007371450 -1.510352373 0.003659930 -0.007363036 0.999966204 58.330722809
0.999987185 0.001784810 -0.004728666 1.360976338 -0.001750381 0.999972105 0.007274987 -1.526431441 0.004741518 -0.007266618 0.999962270 58.862022400
0.999988794 0.001853615 -0.004363255 1.362466335 -0.001821196 0.999970794 0.007422383 -1.533801913 0.004376886 -0.007414353 0.999962926 59.415199280
0.999985933 0.001449680 -0.005106800 1.388705611 -0.001413528 0.999973953 0.007075458 -1.548389077 0.005116924 -0.007068140 0.999961913 59.950473785
0.999986827 0.002224881 -0.004623665 1.396795273 -0.002192341 0.999972880 0.007030798 -1.558872700 0.004639182 -0.007020568 0.999964595 60.493930817
0.999963343 0.000075995 -0.008573787 1.476258993 -0.000015610 0.999975145 0.007042783 -1.571232438 0.008574110 -0.007042390 0.999938428 61.052005768
0.999982893 0.002043958 -0.005480403 1.441103935 -0.002002571 0.999969542 0.007546605 -1.586236715 0.005495661 -0.007535500 0.999956429 61.625705719
0.999981880 0.002016728 -0.005672396 1.452931046 -0.001975308 0.999971509 0.007298086 -1.595560789 0.005686952 -0.007286749 0.999957204 62.177322388
0.999981642 0.002607794 -0.005471887 1.451895475 -0.002566782 0.999968648 0.007488626 -1.606775522 0.005491245 -0.007474442 0.999956906 62.735721588
0.999975383 0.001864878 -0.006782326 1.465585113 -0.001813683 0.999969840 0.007546550 -1.625183344 0.006796195 -0.007534061 0.999948502 63.278175354
0.999983191 0.002694234 -0.005134403 1.454405546 -0.002653768 0.999965429 0.007872149 -1.634678841 0.005155435 -0.007858393 0.999955833 63.854244232
0.999983430 0.002995251 -0.004911525 1.458701611 -0.002956735 0.999964952 0.007830719 -1.648529887 0.004934807 -0.007816068 0.999957323 64.401084900
0.999987304 0.002453203 -0.004403613 1.452578783 -0.002420309 0.999969244 0.007459602 -1.656279087 0.004421777 -0.007448850 0.999962509 64.946029663
0.999984086 0.002728240 -0.004934427 1.470355153 -0.002691361 0.999968469 0.007465194 -1.667093039 0.004954639 -0.007451795 0.999959946 65.478157043
0.999985695 0.003332927 -0.004163559 1.458694816 -0.003298854 0.999961257 0.008163860 -1.689060688 0.004190607 -0.008150009 0.999957979 66.044242859
0.999987066 0.002658142 -0.004339717 1.473225594 -0.002623514 0.999964833 0.007965685 -1.693766832 0.004360739 -0.007954196 0.999958873 66.592071533
0.999986470 0.003135290 -0.004153586 1.477413535 -0.003105384 0.999969423 0.007187084 -1.694091916 0.004175993 -0.007174089 0.999965549 67.165657043
0.999985933 0.003329310 -0.004123930 1.478300214 -0.003294183 0.999958515 0.008495473 -1.725826025 0.004152043 -0.008481769 0.999955416 67.692039490
0.999987483 0.002678264 -0.004215476 1.484005570 -0.002642527 0.999960721 0.008460335 -1.734255791 0.004237970 -0.008449089 0.999955356 68.244003296
0.999984384 0.003856885 -0.004045113 1.491048574 -0.003820160 0.999951780 0.009047769 -1.756952524 0.004079814 -0.009032174 0.999950886 68.778106689
0.999985814 0.004026676 -0.003473025 1.488805056 -0.004001478 0.999965847 0.007232199 -1.747420788 0.003502028 -0.007218198 0.999967813 69.334259033
0.999986053 0.003721194 -0.003742819 1.501399636 -0.003694126 0.999967217 0.007213239 -1.750554562 0.003769538 -0.007199312 0.999967039 69.881340027
0.999985516 0.003733186 -0.003891871 1.514280677 -0.003703889 0.999965012 0.007508105 -1.769271493 0.003919763 -0.007493581 0.999964178 70.421966553
0.999994934 0.002832962 -0.001451256 1.469168186 -0.002820091 0.999957263 0.008794591 -1.804361582 0.001476109 -0.008790456 0.999960244 70.982795715
0.999993205 0.002853319 -0.002323088 1.486758828 -0.002835018 0.999965191 0.007843201 -1.806430340 0.002345386 -0.007836563 0.999966562 71.535972595
0.999993980 0.002945755 -0.001856183 1.485712409 -0.002930510 0.999962389 0.008162512 -1.820221543 0.001880158 -0.008157023 0.999964952 72.061080933
0.999991298 0.003983986 -0.001254509 1.488029122 -0.003972901 0.999954104 0.008717163 -1.836385727 0.001289180 -0.008712104 0.999961197 72.648345947
0.999990404 0.004046931 -0.001704392 1.500070691 -0.004032340 0.999955952 0.008479070 -1.846416831 0.001738630 -0.008472117 0.999962568 73.201454163
0.999995351 0.002884010 -0.000930824 1.501476169 -0.002875596 0.999956071 0.008918276 -1.863808393 0.000956504 -0.008915558 0.999959826 73.735809326
0.999995291 0.002803742 -0.001210897 1.510395646 -0.002792718 0.999955475 0.009012121 -1.872542143 0.001236111 -0.009008697 0.999958694 74.283752441
0.999993742 0.003218119 -0.001450791 1.516676068 -0.003204922 0.999954283 0.009009558 -1.884372830 0.001479719 -0.009004852 0.999958336 74.826583862
0.999993563 0.003356151 -0.001280498 1.530983925 -0.003343528 0.999947011 0.009735393 -1.900802255 0.001313104 -0.009731049 0.999951780 75.360435486
0.999995708 0.002814662 -0.000859607 1.539682269 -0.002806055 0.999947488 0.009855030 -1.911818862 0.000887300 -0.009852576 0.999951124 75.901466370
0.999996483 0.002501012 -0.000812220 1.543125510 -0.002493316 0.999953270 0.009342109 -1.924065351 0.000835546 -0.009340052 0.999955952 76.448570251
0.999995947 0.002638046 -0.001029091 1.553802013 -0.002628871 0.999957621 0.008817134 -1.930376530 0.001052307 -0.008814394 0.999960542 76.995101929
0.999997318 0.002076969 -0.001037524 1.567729592 -0.002067835 0.999959826 0.008728968 -1.938758135 0.001055612 -0.008726800 0.999961317 77.544639587
0.999995649 0.002940609 -0.000170448 1.544677496 -0.002939044 0.999959052 0.008557389 -1.944669366 0.000195605 -0.008556851 0.999963284 78.086837769
0.999997854 0.001981445 -0.000668104 1.571111679 -0.001975561 0.999960184 0.008696286 -1.958737969 0.000685309 -0.008694948 0.999961913 78.619834900
0.999996126 0.002709969 -0.000638830 1.565182209 -0.002704150 0.999956310 0.008940102 -1.972403049 0.000663029 -0.008938339 0.999959826 79.158790588
0.999996960 0.002318461 -0.000868390 1.583733439 -0.002310645 0.999957740 0.008894694 -1.981839061 0.000888974 -0.008892660 0.999960065 79.708099365
0.999995410 0.002991876 -0.000494546 1.585770726 -0.002987795 0.999963045 0.008056466 -1.981362104 0.000518631 -0.008054952 0.999967337 80.241409302
0.999994755 0.003231881 -0.000206807 1.604578733 -0.003230094 0.999961793 0.008124566 -1.993042707 0.000233057 -0.008123855 0.999966979 80.803741455
0.999993980 0.003408824 0.000676989 1.613774180 -0.003414393 0.999958873 0.008403527 -2.008285284 -0.000648315 -0.008405788 0.999964416 81.349647522
0.999991000 0.003855370 0.001756954 1.628090382 -0.003870137 0.999956548 0.008480672 -2.018772125 -0.001724181 -0.008487395 0.999962509 81.912780762
0.999987662 0.003625112 0.003377558 1.631492734 -0.003654727 0.999954581 0.008803203 -2.033306360 -0.003345492 -0.008815439 0.999955475 82.436119080
0.999984860 0.003503142 0.004245534 1.651088595 -0.003540673 0.999954462 0.008865082 -2.044644356 -0.004214285 -0.008879981 0.999951661 82.985733032
0.999966323 0.003656099 0.007339691 1.670688510 -0.003716965 0.999958694 0.008296292 -2.051512241 -0.007309056 -0.008323295 0.999938607 83.540817261
0.999932647 0.003067418 0.011185830 1.690140247 -0.003165193 0.999956787 0.008733829 -2.071628094 -0.011158556 -0.008768646 0.999899268 84.059974670
0.999887049 0.002897422 0.014747690 1.702983856 -0.003027016 0.999956965 0.008772695 -2.078675508 -0.014721638 -0.008816347 0.999852777 84.625808716
0.999799788 0.003359957 0.019726835 1.715513229 -0.003532537 0.999955714 0.008720149 -2.092498541 -0.019696664 -0.008788087 0.999767363 85.163055420
0.999664485 0.003554153 0.025657777 1.744148016 -0.003773882 0.999956608 0.008520489 -2.104400158 -0.025626382 -0.008614459 0.999634445 85.714958191
0.999504924 0.003675923 0.031247431 1.777223825 -0.003960970 0.999951065 0.009065281 -2.119327545 -0.031212576 -0.009184564 0.999470532 86.258171082
0.999314785 0.003198930 0.036874734 1.813970685 -0.003520627 0.999956250 0.008662436 -2.125844717 -0.036845408 -0.008786323 0.999282300 86.800827026
0.998963118 0.003297290 0.045407005 1.843631268 -0.003724112 0.999949574 0.009318522 -2.146896601 -0.045373999 -0.009477961 0.998925209 87.345214844
0.998561800 0.003237953 0.053514495 1.897475481 -0.003733639 0.999951005 0.009165268 -2.158066750 -0.053482197 -0.009351891 0.998525023 87.882087708
0.998144925 0.003094447 0.060804706 1.940871954 -0.003657911 0.999951363 0.009157673 -2.168534517 -0.060773414 -0.009363101 0.998107731 88.428138733
0.997563183 0.002675954 0.069717780 1.991256237 -0.003330482 0.999951363 0.009273724 -2.177232027 -0.069689579 -0.009483318 0.997523665 88.996948242
0.996773005 0.002108985 0.080243886 2.055920124 -0.002843816 0.999954998 0.009044293 -2.183976412 -0.080221221 -0.009243306 0.996734262 89.528343201
0.996082604 0.002315608 0.088396840 2.129278660 -0.003152002 0.999951601 0.009323390 -2.202377319 -0.088370979 -0.009565495 0.996041715 90.076072693
0.995355129 0.003471731 0.096209884 2.190578461 -0.004323057 0.999953270 0.008641604 -2.210864067 -0.096175417 -0.009017386 0.995323479 90.643783569
0.994315028 0.003351960 0.106425360 2.278102398 -0.004306158 0.999952614 0.008737360 -2.215803146 -0.106391020 -0.009145973 0.994282246 91.198417664
0.992950380 0.003157702 0.118488364 2.333706856 -0.004323903 0.999944687 0.009586550 -2.247650623 -0.118451543 -0.010031301 0.992909074 91.732589722
0.991854608 0.003093750 0.127338350 2.420687675 -0.004314509 0.999947309 0.009312022 -2.255776405 -0.127302855 -0.009785573 0.991815627 92.279624939
0.990326524 0.003220795 0.138719901 2.510931969 -0.004541116 0.999947309 0.009202437 -2.260120630 -0.138682947 -0.009743359 0.990288913 92.817604065
0.988580883 0.001817283 0.150679767 2.607815742 -0.003270411 0.999950528 0.009396566 -2.274878979 -0.150655240 -0.009782051 0.988537908 93.375534058
0.986838818 0.002428748 0.161688238 2.713918686 -0.004003242 0.999947667 0.009412756 -2.287933350 -0.161656931 -0.009936149 0.986796975 93.925308228
0.985019207 0.002179607 0.172431052 2.823628426 -0.003884899 0.999946833 0.009552860 -2.295537949 -0.172401071 -0.010079627 0.984975278 94.473213196
0.982709110 0.001712332 0.185148373 2.945249557 -0.003530802 0.999948740 0.009492426 -2.305420160 -0.185122624 -0.009982013 0.982664704 94.999549866
0.980299473 0.001394907 0.197512195 3.073702812 -0.003349138 0.999948740 0.009560536 -2.318376303 -0.197488725 -0.010033679 0.980253875 95.520568848
0.978261173 0.000919786 0.207375050 3.210563660 -0.002885380 0.999953747 0.009176183 -2.321936607 -0.207357019 -0.009575059 0.978218496 96.059455872
0.975106061 0.001180914 0.221736357 3.331686020 -0.003436764 0.999946117 0.009788017 -2.339092016 -0.221712902 -0.010306409 0.975057542 96.609039307
0.972038329 0.000633536 0.234821558 3.488252640 -0.003085008 0.999944448 0.010072523 -2.349339485 -0.234802157 -0.010515305 0.971986353 97.132286072
0.969361067 0.000469813 0.245639786 3.643302917 -0.003037113 0.999944568 0.010072765 -2.363266706 -0.245621473 -0.010510182 0.969308794 97.653312683
0.966047525 0.000650879 0.258363605 3.781068802 -0.003368568 0.999943554 0.010076317 -2.378264427 -0.258342475 -0.010604518 0.965995193 98.208961487
0.962232351 0.000758686 0.272228569 3.955398560 -0.003768882 0.999937356 0.010534900 -2.393081427 -0.272203505 -0.011163021 0.962175012 98.731834412
0.958224714 -0.000112614 0.286016405 4.096670151 -0.002939979 0.999943137 0.010243354 -2.399405956 -0.286001384 -0.010656317 0.958169937 99.291252136
0.954877913 -0.000366030 0.296998352 4.289886475 -0.002841105 0.999942183 0.010366782 -2.407396317 -0.296985030 -0.010742814 0.954821646 99.809921265
0.950610757 -0.000982604 0.310384423 4.485351562 -0.002446894 0.999940217 0.010659651 -2.424974442 -0.310376287 -0.010892653 0.950551391 100.332283020
0.946109176 -0.000649939 0.323847026 4.688301086 -0.002861175 0.999942183 0.010365652 -2.434616327 -0.323835045 -0.010733623 0.946052611 100.844039917
0.942165077 -0.001672951 0.335144758 4.894195557 -0.001989893 0.999942005 0.010585463 -2.445501328 -0.335142970 -0.010640156 0.942107201 101.357307434
0.937390447 -0.001519131 0.348276883 5.112117767 -0.002007088 0.999950230 0.009763724 -2.444382668 -0.348274410 -0.009851445 0.937340856 101.894454956
0.932069123 -0.002116169 0.362274319 5.335929871 -0.001620048 0.999948621 0.010009149 -2.461848259 -0.362276852 -0.009916118 0.932017803 102.398872375
0.927241981 -0.002097890 0.374456912 5.563949585 -0.001976634 0.999943018 0.010496769 -2.479109764 -0.374457568 -0.010473209 0.927184880 102.901031494
0.922439098 -0.003883920 0.386123121 5.791311264 0.000155390 0.999953210 0.009687064 -2.475155354 -0.386142552 -0.008875729 0.922396421 103.421966553
0.916355610 -0.004049102 0.400344938 6.029613495 0.000094622 0.999951005 0.009896955 -2.485264301 -0.400365412 -0.009031248 0.916311085 103.908149719
0.910300791 -0.003981145 0.413928539 6.279640198 0.000148486 0.999956846 0.009290986 -2.484426498 -0.413947791 -0.008396130 0.910261929 104.434730530
0.905199230 -0.003970677 0.424968809 6.529407501 0.000012376 0.999956608 0.009316687 -2.498703241 -0.424987346 -0.008428201 0.905160010 104.927627563
0.899228990 -0.004924342 0.437450439 6.793403625 0.000647202 0.999950528 0.009925955 -2.511954069 -0.437477767 -0.008642589 0.899187624 105.376098633
0.892397702 -0.004531937 0.451226890 7.061580658 -0.000221144 0.999945045 0.010480392 -2.529558659 -0.451249599 -0.009452465 0.892347634 105.855735779
0.886198401 -0.005535140 0.463272899 7.326400757 0.001066548 0.999950349 0.009907101 -2.528247595 -0.463304788 -0.008285554 0.886160314 106.349319458
0.880244136 -0.005602849 0.474488050 7.598426819 0.000994493 0.999949872 0.009962681 -2.536965132 -0.474520028 -0.008297717 0.880205631 106.828796387
0.873050094 -0.005241090 0.487602383 7.887481689 0.000263637 0.999947131 0.010276088 -2.549661160 -0.487630486 -0.008842989 0.873005390 107.298011780
