1.000000000 0.000000000 0.000000000 0.000000000 0.000000000 1.000000000 0.000000000 0.000000000 0.000000000 0.000000000 1.000000000 0.000000000
1.000000000 0.000162725 0.000124923 -0.003259495 -0.000162709 1.000000000 -0.000126538 0.002935326 -0.000124944 0.000126517 1.000000000 0.004470577
1.000000000 0.000110197 0.000039368 -0.000017367 -0.000110195 1.000000000 -0.000056754 0.001699489 -0.000039374 0.000056750 1.000000000 0.004442590
0.999999940 0.000283544 0.000111244 -0.000348760 -0.000283540 0.999999940 -0.000034585 0.001547924 -0.000111254 0.000034554 1.000000000 -0.000785478
1.000000000 0.000152154 0.000026440 0.001860209 -0.000152153 1.000000000 -0.000041274 0.001624351 -0.000026446 0.000041270 1.000000000 0.001117725
1.000000000 0.000036858 -0.000035855 0.000465028 -0.000036859 1.000000000 -0.000013095 0.000714853 0.000035855 0.000013096 1.000000000 -0.000069766
1.000000000 0.000116614 0.000178243 -0.005519984 -0.000116591 1.000000000 -0.000130429 0.002674922 -0.000178258 0.000130408 1.000000000 0.002248696
1.000000000 0.000002880 -0.000009540 0.000094380 -0.000002879 1.000000000 0.000021892 0.000907071 0.000009540 -0.000021892 1.000000000 -0.001291233
1.000000000 -0.000021567 0.000129833 -0.003795357 0.000021571 1.000000000 -0.000035977 0.001689833 -0.000129833 0.000035980 1.000000000 0.001928190
0.999999940 0.000187747 0.000210661 -0.003980543 -0.000187718 1.000000000 -0.000137624 0.001585212 -0.000210687 0.000137584 0.999999940 0.000011513
1.000000000 0.000173696 0.000072578 0.001501223 -0.000173697 1.000000000 0.000015720 0.001358493 -0.000072576 -0.000015733 1.000000000 -0.003239089
1.000000000 0.000068570 0.000107170 -0.000624805 -0.000068564 1.000000000 -0.000049269 0.001001993 -0.000107174 0.000049261 1.000000000 -0.004546434
1.000000000 -0.000005282 0.000070904 -0.002928456 0.000005284 1.000000000 -0.000028289 0.000831719 -0.000070904 0.000028289 1.000000000 -0.005141766
1.000000000 -0.000075312 0.000134075 -0.002238120 0.000075315 1.000000000 -0.000025053 -0.000054962 -0.000134073 0.000025063 1.000000000 0.000226525
1.000000000 0.000033994 0.000050276 0.000161192 -0.000033992 1.000000000 -0.000038947 0.000509345 -0.000050278 0.000038945 1.000000000 -0.003121069
1.000000000 -0.000182862 -0.000108082 0.002382615 0.000182856 1.000000000 -0.000051709 0.000643470 0.000108091 0.000051690 1.000000000 -0.005746854
1.000000000 -0.000053028 0.000047028 -0.002238395 0.000053030 1.000000000 -0.000056471 0.000484012 -0.000047025 0.000056474 1.000000000 -0.002746646
1.000000000 0.000014212 0.000208258 -0.003996108 -0.000014232 1.000000000 0.000094942 -0.001757181 -0.000208256 -0.000094945 1.000000000 -0.003631121
1.000000000 0.000080798 0.000028630 0.000458199 -0.000080799 1.000000000 0.000044791 0.001061887 -0.000028626 -0.000044794 1.000000000 -0.005825601
1.000000000 -0.000149715 0.000001271 -0.000636744 0.000149715 1.000000000 0.000027382 -0.000870252 -0.000001275 -0.000027382 1.000000000 -0.007450405
1.000000000 0.000010255 0.000062301 -0.000558301 -0.000010255 1.000000000 0.000008103 -0.000364125 -0.000062301 -0.000008104 1.000000000 -0.007056043
1.000000000 -0.000112376 0.000043533 -0.000101186 0.000112373 1.000000000 0.000066962 -0.001742879 -0.000043540 -0.000066957 1.000000000 -0.004510541
1.000000000 0.000094231 0.000115184 -0.002959629 -0.000094227 1.000000000 -0.000030670 0.000362792 -0.000115187 0.000030660 1.000000000 0.000261027
1.000000000 -0.000044376 -0.000047475 0.001631019 0.000044375 1.000000000 -0.000016591 -0.000104294 0.000047475 0.000016589 1.000000000 -0.001683380
1.000000000 -0.000026806 0.000061396 -0.002704706 0.000026801 1.000000000 0.000073103 0.000319006 -0.000061398 -0.000073101 1.000000000 -0.000567771
1.000000000 -0.000102770 -0.000113738 0.004321274 0.000102759 1.000000000 -0.000090326 0.001860926 0.000113747 0.000090315 1.000000000 -0.007085283
1.000000000 -0.000057891 0.000066972 -0.002688897 0.000057897 1.000000000 -0.000100985 0.002553878 -0.000066967 0.000100989 1.000000000 -0.000069083
0.999999940 0.000256612 0.000164107 -0.004432228 -0.000256593 0.999999940 -0.000116081 0.002054426 -0.000164137 0.000116039 1.000000000 -0.000876104
1.000000000 0.000029497 0.000107220 -0.002945673 -0.000029498 1.000000000 0.000010693 0.001214108 -0.000107220 -0.000010696 1.000000000 0.000163592
1.000000000 -0.000058216 0.000027624 -0.003765042 0.000058218 1.000000000 -0.000052521 0.002989386 -0.000027621 0.000052523 1.000000000 -0.001280504
1.000000000 -0.000001941 0.000086003 -0.003540820 0.000001943 1.000000000 -0.000025045 0.001301744 -0.000086003 0.000025045 1.000000000 -0.000372428
1.000000000 -0.000072438 0.000072990 -0.003148645 0.000072428 1.000000000 0.000130316 0.000273459 -0.000072999 -0.000130310 1.000000000 0.002243472
1.000000000 -0.000166149 0.000022061 -0.003380048 0.000166148 1.000000000 0.000023072 0.000094893 -0.000022065 -0.000023068 1.000000000 -0.004972013
1.000000000 -0.000120806 -0.000010943 -0.001619642 0.000120807 1.000000000 0.000052863 0.000229463 0.000010937 -0.000052864 1.000000000 -0.006604871
0.999999940 0.000226427 0.000167288 -0.004266405 -0.000226426 1.000000000 -0.000008644 0.000944374 -0.000167290 0.000008606 1.000000000 -0.001809747
1.000000000 0.000019668 0.000145051 -0.003908066 -0.000019665 1.000000000 -0.000017879 0.001234025 -0.000145052 0.000017877 1.000000000 -0.000164280
1.000000000 0.000064255 0.000098259 -0.005412061 -0.000064250 1.000000000 -0.000046550 0.002166445 -0.000098262 0.000046544 1.000000000 -0.000568598
1.000000000 0.000052057 0.000083917 -0.004109256 -0.000052046 1.000000000 -0.000130225 0.002893221 -0.000083923 0.000130220 1.000000000 -0.001247665
1.000000000 -0.000144046 0.000046336 -0.002815568 0.000144044 1.000000000 0.000045354 0.001078742 -0.000046342 -0.000045348 1.000000000 0.000679500
1.000000000 -0.000107204 -0.000009321 0.000072334 0.000107205 1.000000000 0.000106841 -0.000490314 0.000009310 -0.000106842 1.000000000 -0.006636469
1.000000000 -0.000226974 -0.000017025 -0.002608988 0.000226974 1.000000000 0.000029456 -0.000677728 0.000017018 -0.000029460 1.000000000 -0.000874635
1.000000000 0.000114435 0.000078035 0.002303440 -0.000114396 0.999999881 -0.000501839 -0.005253966 -0.000078092 0.000501830 0.999999881 0.051265251
1.000000000 0.000093046 0.000043503 0.002945028 -0.000092992 0.999999225 -0.001249858 -0.003311504 -0.000043619 0.001249854 0.999999225 0.148562297
1.000000000 0.000007799 -0.000067784 0.004872328 -0.000007901 0.999998868 -0.001508934 -0.010202623 0.000067772 0.001508935 0.999998868 0.261229545
1.000000000 -0.000019043 0.000059297 0.002436094 0.000019125 0.999999046 -0.001387133 -0.016238922 -0.000059270 0.001387135 0.999999046 0.391789317
1.000000000 0.000034571 -0.000098973 0.005122553 -0.000034682 0.999999344 -0.001121453 -0.020389225 0.000098934 0.001121456 0.999999344 0.533513546
0.999999940 -0.000095940 -0.000228667 0.017388785 0.000095723 0.999999523 -0.000948652 -0.028473087 0.000228758 0.000948630 0.999999523 0.691555083
0.999999881 -0.000450298 -0.000179751 0.022119630 0.000450205 0.999999762 -0.000519053 -0.032975171 0.000179985 0.000518972 0.999999821 0.849880338
0.999999881 -0.000174278 -0.000400018 0.028928977 0.000174043 0.999999821 -0.000586782 -0.038495656 0.000400120 0.000586712 0.999999762 1.034853458
1.000000000 -0.000044792 0.000017028 0.017589442 0.000044802 0.999999821 -0.000584720 -0.045246571 -0.000017002 0.000584721 0.999999821 1.209367037
0.999999821 -0.000504296 -0.000381780 0.039071731 0.000504141 0.999999762 -0.000406033 -0.049959648 0.000381985 0.000405840 0.999999821 1.420309901
0.999999464 -0.000624585 -0.000860582 0.045249842 0.000624573 0.999999821 -0.000014355 -0.061399970 0.000860590 0.000013817 0.999999642 1.606337190
0.999999702 -0.000163389 0.000728748 0.014313220 0.000163723 0.999999881 -0.000457508 -0.067745097 -0.000728673 0.000457627 0.999999642 1.836638331
0.999999583 -0.000341061 0.000828384 0.025806991 0.000341221 0.999999940 -0.000193483 -0.078113794 -0.000828318 0.000193766 0.999999642 2.036571026
0.999999464 -0.000149085 0.000944039 0.019691257 0.000149375 0.999999940 -0.000306537 -0.086039931 -0.000943993 0.000306678 0.999999464 2.256137609
0.999999344 0.000158251 0.001154973 0.022744015 -0.000157964 1.000000000 -0.000249093 -0.090656966 -0.001155012 0.000248910 0.999999285 2.473210096
0.999999285 0.000795063 0.000890999 0.032820839 -0.000794818 0.999999642 -0.000275525 -0.089788780 -0.000891218 0.000274816 0.999999523 2.727579117
0.999998808 0.000238506 0.001528928 0.026125453 -0.000238756 0.999999940 0.000163440 -0.106690958 -0.001528889 -0.000163805 0.999998808 2.952273846
0.999999344 0.000242926 0.001121890 0.039779406 -0.000243158 0.999999940 0.000207186 -0.115692101 -0.001121840 -0.000207458 0.999999344 3.177454948
0.999999106 0.000600876 0.001301460 0.042122524 -0.000600993 0.999999821 0.000089510 -0.121412292 -0.001301406 -0.000090292 0.999999166 3.420012712
0.999999106 0.000351228 0.001307390 0.048498154 -0.000351569 0.999999940 0.000260591 -0.128874615 -0.001307299 -0.000261050 0.999999046 3.680889845
0.999998569 0.001003126 0.001384960 0.048932858 -0.001003277 0.999999464 0.000108058 -0.137687832 -0.001384851 -0.000109448 0.999998927 3.915234089
0.999999225 0.000258644 0.001222299 0.063501969 -0.000258909 0.999999940 0.000217160 -0.143994138 -0.001222243 -0.000217476 0.999999166 4.184649944
0.999998152 0.000369636 0.001901827 0.045420047 -0.000370727 0.999999702 0.000573472 -0.165066272 -0.001901615 -0.000574176 0.999997973 4.417275906
0.999998331 0.000785709 0.001643183 0.057591096 -0.000786349 0.999999583 0.000388311 -0.171652824 -0.001642877 -0.000389603 0.999998569 4.679954529
0.999997020 0.000786883 0.002289396 0.059696656 -0.000788270 0.999999404 0.000605071 -0.179253235 -0.002288919 -0.000606874 0.999997199 4.944643497
0.999996245 0.001329176 0.002416576 0.076220684 -0.001329712 0.999999046 0.000220357 -0.184869140 -0.002416281 -0.000223570 0.999997020 5.222140312
0.999996185 0.001352746 0.002394954 0.063533477 -0.001355133 0.999998569 0.000995553 -0.197682947 -0.002393604 -0.000998795 0.999996603 5.477695465
0.999996305 0.000651745 0.002628202 0.054826908 -0.000655736 0.999998569 0.001517906 -0.229918331 -0.002627210 -0.001519624 0.999995351 5.714942932
0.999996185 0.001176329 0.002487037 0.064732045 -0.001179981 0.999998152 0.001467466 -0.236213669 -0.002485307 -0.001470395 0.999995828 5.988936901
0.999994814 0.000949632 0.003079814 0.060672250 -0.000953673 0.999998689 0.001311132 -0.242592350 -0.003078565 -0.001314062 0.999994397 6.280496597
0.999992967 0.001798905 0.003252804 0.067870945 -0.001805254 0.999996364 0.001950077 -0.257507980 -0.003249284 -0.001955936 0.999992788 6.543749809
0.999995589 0.001124415 0.002755694 0.077748775 -0.001128686 0.999998152 0.001548766 -0.266236573 -0.002753947 -0.001551869 0.999994993 6.829745293
0.999995530 0.000807378 0.002876990 0.091092579 -0.000811964 0.999998450 0.001593168 -0.277185500 -0.002875699 -0.001595497 0.999994576 7.122119904
0.999995828 0.000907993 0.002754644 0.101724967 -0.000912740 0.999998033 0.001722287 -0.287493795 -0.002753075 -0.001724794 0.999994755 7.417237282
0.999994934 0.001070747 0.002999891 0.104641005 -0.001075887 0.999997914 0.001712073 -0.298084676 -0.002998051 -0.001715291 0.999993980 7.728702068
0.999995947 0.000927685 0.002661881 0.108538002 -0.000932719 0.999997795 0.001890539 -0.308874100 -0.002660121 -0.001893014 0.999994695 8.082798958
0.999995828 0.001301958 0.002574193 0.116926134 -0.001305759 0.999998093 0.001475679 -0.314438432 -0.002572266 -0.001479034 0.999995589 8.402305603
0.999996722 0.000634820 0.002494356 0.129967272 -0.000637111 0.999999464 0.000917488 -0.313727111 -0.002493772 -0.000919074 0.999996483 8.725638390
0.999994278 0.000846850 0.003269604 0.121913210 -0.000852724 0.999998033 0.001795475 -0.326420307 -0.003268077 -0.001798253 0.999993086 9.070402145
0.999996245 0.000415005 0.002705233 0.135734349 -0.000419603 0.999998450 0.001699525 -0.341883600 -0.002704524 -0.001700653 0.999994814 9.380241394
0.999997079 -0.000074474 0.002399136 0.149768591 0.000071346 0.999999106 0.001303833 -0.346755087 -0.002399231 -0.001303658 0.999996245 9.725377083
0.999997079 -0.000105439 0.002417983 0.153250545 0.000101560 0.999998748 0.001604134 -0.353581011 -0.002418149 -0.001603884 0.999995768 10.072395325
0.999996066 0.000181443 0.002825412 0.158137709 -0.000186570 0.999998331 0.001814451 -0.369348973 -0.002825078 -0.001814971 0.999994338 10.430806160
0.999996781 -0.000235248 0.002520466 0.170421362 0.000229968 0.999997795 0.002095058 -0.382214129 -0.002520953 -0.002094471 0.999994576 10.801285744
0.999994814 -0.000198903 0.003214468 0.166304469 0.000193710 0.999998569 0.001615810 -0.381332248 -0.003214786 -0.001615179 0.999993503 11.173847198
0.999994993 0.000707095 0.003059379 0.186829716 -0.000714038 0.999997199 0.002269137 -0.427688211 -0.003057765 -0.002271310 0.999992728 11.520404816
0.999995470 0.000464965 0.002953400 0.197317407 -0.000471766 0.999997318 0.002302812 -0.431985646 -0.002952321 -0.002304195 0.999992967 11.912521362
0.999994814 0.000366082 0.003198059 0.207405508 -0.000374162 0.999996781 0.002526131 -0.442509681 -0.003197124 -0.002527315 0.999991655 12.264919281
0.999994218 0.000188147 0.003397345 0.207089514 -0.000196932 0.999996662 0.002585755 -0.453482330 -0.003396847 -0.002586409 0.999990940 12.666739464
0.999994516 0.000833233 0.003171518 0.229398966 -0.000840952 0.999996722 0.002433497 -0.464696288 -0.003169479 -0.002436151 0.999992013 13.050092697
0.999994874 0.000456107 0.003160758 0.236032128 -0.000465456 0.999995530 0.002957871 -0.492420524 -0.003159394 -0.002959326 0.999990642 13.442520142
0.999992311 0.001022002 0.003782481 0.241281405 -0.001033033 0.999995291 0.002915559 -0.503526032 -0.003779483 -0.002919444 0.999988616 13.860430717
0.999988675 0.001792364 0.004409416 0.248521000 -0.001807650 0.999992430 0.003465092 -0.521521747 -0.004403172 -0.003473022 0.999984324 14.271838188
0.999992073 0.000762213 0.003898527 0.273460895 -0.000776919 0.999992669 0.003772100 -0.538270950 -0.003895623 -0.003775099 0.999985218 14.695249557
0.999991834 0.000855469 0.003941619 0.278410524 -0.000872021 0.999990821 0.004199505 -0.564300060 -0.003937990 -0.004202908 0.999983430 15.037153244
0.999991953 0.000352641 0.004023012 0.290829569 -0.000370055 0.999990582 0.004328575 -0.577441156 -0.004021448 -0.004330028 0.999982595 15.460865021
0.999985456 0.001651403 0.005155560 0.301781923 -0.001671189 0.999991179 0.003835799 -0.578810155 -0.005149181 -0.003844359 0.999979377 15.939359665
0.999985933 0.001561508 0.005069343 0.313038677 -0.001582865 0.999989927 0.004211851 -0.593317926 -0.005062715 -0.004219816 0.999978364 16.363996506
0.999986827 0.000743761 0.005083812 0.323972344 -0.000763132 0.999992490 0.003809488 -0.608645201 -0.005080941 -0.003813318 0.999979854 16.806417465
0.999984384 0.000257832 0.005583719 0.332127184 -0.000281268 0.999991119 0.004196757 -0.635510266 -0.005582589 -0.004198261 0.999975562 17.210296631
0.999983668 0.000553377 0.005692985 0.345910043 -0.000577207 0.999991179 0.004185006 -0.645485282 -0.005690617 -0.004188223 0.999975085 17.673202515
0.999981940 0.000091486 0.006022646 0.355289310 -0.000117364 0.999990761 0.004296615 -0.660421669 -0.006022197 -0.004297243 0.999972701 18.146406174
0.999977410 -0.000036369 0.006719427 0.370975584 0.000005020 0.999989092 0.004665307 -0.669195533 -0.006719524 -0.004665169 0.999966562 18.604177475
0.999978483 -0.000593377 0.006528302 0.385708749 0.000563909 0.999989688 0.004514771 -0.687796831 -0.006530914 -0.004510992 0.999968529 19.062028885
0.999976993 0.000166818 0.006781164 0.405253917 -0.000196993 0.999990106 0.004449361 -0.702055335 -0.006780354 -0.004450596 0.999967098 19.554676056
0.999979198 0.000756276 0.006403239 0.429292500 -0.000790055 0.999985754 0.005274340 -0.740737259 -0.006399161 -0.005279289 0.999965608 19.921463013
0.999981523 -0.000023265 0.006085932 0.445268571 -0.000010719 0.999984384 0.005583909 -0.756940007 -0.006085967 -0.005583871 0.999965966 20.405389786
0.999975741 0.000359588 0.006952931 0.442919910 -0.000399528 0.999983430 0.005743710 -0.778965414 -0.006950750 -0.005746349 0.999959350 20.927810669
0.999981582 0.000609628 0.006042784 0.452928126 -0.000642295 0.999985158 0.005405585 -0.785028696 -0.006039400 -0.005409366 0.999967158 21.464653015
0.999976516 0.002559949 0.006353578 0.440289617 -0.002597748 0.999978960 0.005948062 -0.822815776 -0.006338218 -0.005964428 0.999962151 21.884653091
0.999982893 0.001262178 0.005703109 0.454556316 -0.001295310 0.999982357 0.005809521 -0.828619182 -0.005695675 -0.005816809 0.999966860 22.418941498
0.999983132 0.001544692 0.005614756 0.450787187 -0.001579106 0.999980032 0.006129875 -0.852682173 -0.005605175 -0.006138639 0.999965489 22.940431595
0.999983311 0.002007717 0.005407847 0.451514989 -0.002043752 0.999975741 0.006666025 -0.871655583 -0.005394331 -0.006676967 0.999963164 23.467401505
0.999990344 0.000474674 0.004360376 0.467335135 -0.000501441 0.999980986 0.006139634 -0.885933101 -0.004357379 -0.006141762 0.999971628 23.931497574
0.999991536 0.001389845 0.003870568 0.474695534 -0.001414455 0.999978721 0.006362684 -0.897612333 -0.003861643 -0.006368104 0.999972284 24.466136932
0.999995172 0.001558826 0.002677544 0.495029509 -0.001576254 0.999977469 0.006519173 -0.910051823 -0.002667321 -0.006523362 0.999975204 24.994190216
0.999994516 0.001749643 0.002806189 0.495948523 -0.001767099 0.999979019 0.006230443 -0.917350411 -0.002795229 -0.006235368 0.999976635 25.539028168
0.999997854 0.000416282 0.002034110 0.515192091 -0.000429476 0.999978840 0.006490081 -0.931649923 -0.002031365 -0.006490941 0.999976814 26.089736938
0.999997258 0.001141149 0.002097351 0.522963047 -0.001155403 0.999976158 0.006807621 -0.940458417 -0.002089532 -0.006810025 0.999974608 26.613595963
0.999997556 0.001302077 0.001823959 0.535271823 -0.001314300 0.999976516 0.006716105 -0.954184949 -0.001815172 -0.006718485 0.999975801 27.153070450
0.999995887 0.002416092 0.001526125 0.554359436 -0.002426527 0.999973416 0.006872976 -0.975628674 -0.001509478 -0.006876653 0.999975264 27.689397812
0.999997795 0.001848725 0.001001682 0.557796061 -0.001855579 0.999974549 0.006885960 -0.986955702 -0.000988926 -0.006887802 0.999975801 28.217279434
0.999997079 0.002178490 0.001045890 0.565161765 -0.002185970 0.999971688 0.007205598 -1.005357623 -0.001030163 -0.007207863 0.999973476 28.770835876
0.999999464 0.000969492 0.000081529 0.584570289 -0.000970042 0.999974668 0.007036861 -1.021085739 -0.000074705 -0.007036936 0.999975264 29.367164612
0.999998152 0.001935426 -0.000012271 0.579392195 -0.001935286 0.999971688 0.007264505 -1.033412576 0.000026331 -0.007264467 0.999973595 29.841844559
0.999998152 0.001935596 -0.000008305 0.594697773 -0.001935485 0.999971628 0.007275038 -1.047417998 0.000022386 -0.007275008 0.999973536 30.385622025
0.999998033 0.001962970 -0.000388121 0.608939648 -0.001959919 0.999968410 0.007712019 -1.061362624 0.000403247 -0.007711243 0.999970138 30.934339523
0.999998152 0.001903163 -0.000280022 0.597624958 -0.001900908 0.999967456 0.007841386 -1.085083604 0.000294937 -0.007840840 0.999969244 31.451519012
0.999998212 0.001686907 -0.000823376 0.618800461 -0.001680398 0.999967813 0.007843658 -1.100012898 0.000836581 -0.007842259 0.999968946 31.988206863
0.999996960 0.002433205 -0.000349482 0.616184473 -0.002430421 0.999966979 0.007755305 -1.107678890 0.000368341 -0.007754432 0.999969900 32.512527466
0.999998927 0.001367009 -0.000348995 0.603702188 -0.001364157 0.999966681 0.008045222 -1.129167795 0.000359980 -0.008044739 0.999967515 33.025314331
0.999998271 0.001770162 -0.000542517 0.618990183 -0.001766032 0.999970138 0.007522011 -1.138101459 0.000555816 -0.007521042 0.999971509 33.585582733
0.999998689 0.001337145 -0.000816412 0.621823072 -0.001330219 0.999963641 0.008426711 -1.158545971 0.000827650 -0.008425616 0.999964178 34.124675751
0.999997675 0.001520493 -0.001468914 0.659143090 -0.001508951 0.999968171 0.007827096 -1.161149502 0.001480768 -0.007824862 0.999968290 34.651447296
0.999997556 0.001360951 -0.001757098 0.670993984 -0.001347105 0.999968171 0.007857217 -1.168112993 0.001767736 -0.007854828 0.999967575 35.178680420
0.999997199 0.001342990 -0.001963515 0.670409322 -0.001327516 0.999968171 0.007860597 -1.183023572 0.001974009 -0.007857968 0.999967158 35.735748291
0.999996364 0.001921329 -0.001878347 0.693320751 -0.001907016 0.999969363 0.007591878 -1.193055391 0.001892876 -0.007588267 0.999969363 36.286830902
0.999997497 0.001332529 -0.001754983 0.683593392 -0.001317845 0.999964356 0.008341537 -1.225046992 0.001766036 -0.008339204 0.999963641 36.788913727
0.999996901 0.001093165 -0.002225392 0.702462196 -0.001075712 0.999968767 0.007829073 -1.230247855 0.002233881 -0.007826655 0.999966860 37.347381592
0.999997079 0.000923676 -0.002236237 0.714632988 -0.000904156 0.999961615 0.008714288 -1.247224450 0.002244200 -0.008712240 0.999959528 37.902660370
0.999996543 0.000084455 -0.002652225 0.711664915 -0.000060549 0.999959469 0.009012659 -1.274691463 0.002652879 -0.009012468 0.999955833 38.424118042
0.999993503 0.000218510 -0.003600682 0.755775452 -0.000188733 0.999965847 0.008268303 -1.268326759 0.003602365 -0.008267570 0.999959350 38.989135742
0.999993324 -0.000422355 -0.003618362 0.771918237 0.000457249 0.999953330 0.009648348 -1.290528536 0.003614118 -0.009649939 0.999946892 39.434963226
0.999992073 -0.000766080 -0.003880694 0.792750895 0.000807142 0.999943554 0.010590482 -1.325356007 0.003872361 -0.010593531 0.999936402 39.991344452
0.999995589 0.000128385 -0.002968648 0.776213408 -0.000100130 0.999954700 0.009515773 -1.342709780 0.002969736 -0.009515434 0.999950290 40.564743042
0.999995887 -0.000118942 -0.002858780 0.786818862 0.000148192 0.999947608 0.010233794 -1.354276061 0.002857413 -0.010234176 0.999943554 41.124362946
0.999995589 -0.000391531 -0.002921762 0.791142762 0.000420420 0.999951005 0.009893415 -1.354794264 0.002917746 -0.009894598 0.999946773 41.660011292
0.999993026 -0.000570398 -0.003675658 0.807144582 0.000607645 0.999948382 0.010140168 -1.381595135 0.003669685 -0.010142331 0.999941826 42.168674469
0.999993145 -0.000550866 -0.003660549 0.816193104 0.000587246 0.999950349 0.009944590 -1.387764096 0.003654890 -0.009946670 0.999943852 42.728805542
0.999993622 -0.000576039 -0.003525841 0.818209767 0.000612348 0.999946713 0.010305523 -1.408714771 0.003519716 -0.010307614 0.999940693 43.250831604
0.999993801 -0.000549534 -0.003459776 0.821683884 0.000586042 0.999944031 0.010560156 -1.423136950 0.003453780 -0.010562118 0.999938250 43.780155182
0.999993563 -0.000670227 -0.003533034 0.835166633 0.000705681 0.999949336 0.010043502 -1.426205635 0.003526123 -0.010045928 0.999943316 44.328945160
0.999993920 -0.000798231 -0.003394887 0.841897130 0.000831885 0.999950409 0.009923318 -1.437888145 0.003386797 -0.009926082 0.999944925 44.865978241
0.999994993 -0.000604766 -0.003129944 0.841094434 0.000636615 0.999948025 0.010184683 -1.450090647 0.003123622 -0.010186624 0.999943197 45.404087067
0.999993801 -0.000989401 -0.003382555 0.860889196 0.001024033 0.999946892 0.010251806 -1.464064360 0.003372232 -0.010255203 0.999941707 45.938396454
0.999993563 -0.000687833 -0.003519933 0.883516788 0.000726811 0.999938309 0.011084339 -1.494893193 0.003512091 -0.011086824 0.999932349 46.467712402
0.999990284 -0.001236338 -0.004246867 0.903579533 0.001283150 0.999938309 0.011037714 -1.499398708 0.004232959 -0.011043055 0.999930084 47.038696289
0.999993801 -0.000947185 -0.003374532 0.883261681 0.000983383 0.999941826 0.010741181 -1.504952669 0.003364162 -0.010744434 0.999936640 47.544944763
0.999991298 -0.001392513 -0.003929660 0.908885002 0.001435338 0.999939382 0.010916172 -1.519784451 0.003914220 -0.010921718 0.999932766 48.078315735
0.999991238 -0.001578039 -0.003890823 0.908016443 0.001620083 0.999940097 0.010826722 -1.528974056 0.003873505 -0.010832929 0.999933779 48.632175446
0.999994099 -0.001034597 -0.003319242 0.910521626 0.001071886 0.999936044 0.011252210 -1.546562672 0.003307387 -0.011255699 0.999931157 49.168037415
0.999994278 -0.000860950 -0.003286213 0.911112726 0.000899537 0.999930382 0.011758905 -1.556507111 0.003275861 -0.011761792 0.999925435 49.723258972
0.999994695 -0.001095387 -0.003052663 0.919098377 0.001130800 0.999931753 0.011623141 -1.571581006 0.003039723 -0.011626530 0.999927759 50.246849060
0.999995828 -0.000423668 -0.002841599 0.921379805 0.000456281 0.999934018 0.011486328 -1.581245542 0.002836545 -0.011487579 0.999929965 50.788387299
0.999994993 -0.000887476 -0.003032709 0.932943285 0.000922925 0.999931097 0.011707603 -1.586997747 0.003022110 -0.011710344 0.999926925 51.314895630
0.999992251 -0.001535762 -0.003630077 0.936576843 0.001579652 0.999925315 0.012119055 -1.616660595 0.003611194 -0.012124695 0.999919951 51.849243164
0.999991000 -0.001783086 -0.003873458 0.949875891 0.001829698 0.999925554 0.012063554 -1.618483067 0.003851659 -0.012070531 0.999919713 52.394550323
0.999995351 -0.001173454 -0.002808153 0.931094468 0.001208522 0.999920964 0.012519072 -1.645094872 0.002793239 -0.012522409 0.999917626 52.931217194
0.999993026 -0.002115821 -0.003068059 0.948857486 0.002154904 0.999915838 0.012791866 -1.670514345 0.003040736 -0.012798388 0.999913454 53.451519012
0.999991775 -0.001985959 -0.003534932 0.957903743 0.002032009 0.999912560 0.013071425 -1.679041862 0.003508664 -0.013078500 0.999908268 53.999877930
0.999994636 -0.001185879 -0.003037964 0.963608086 0.001224685 0.999917269 0.012803740 -1.682699442 0.003022529 -0.012807392 0.999913394 54.549037933
0.999993742 -0.001857331 -0.003013796 0.963489652 0.001896144 0.999914587 0.012927027 -1.698294401 0.002989529 -0.012932661 0.999911845 55.059745789
0.999996364 -0.001281101 -0.002378622 0.963416100 0.001312012 0.999914050 0.013039658 -1.702200294 0.002361712 -0.013042732 0.999912143 55.633693695
0.999993682 -0.001881874 -0.003012471 0.991122007 0.001922429 0.999906778 0.013516325 -1.727164388 0.002986754 -0.013522032 0.999904037 56.201145172
0.999996841 -0.001377666 -0.002112784 0.961989403 0.001405116 0.999913871 0.013046448 -1.731605887 0.002094628 -0.013049375 0.999912679 56.673080444
0.999996543 -0.001865081 -0.001842450 0.971048355 0.001889825 0.999906778 0.013520969 -1.744573712 0.001817063 -0.013524405 0.999906898 57.204750061
0.999995649 -0.002143122 -0.002016153 0.982622147 0.002169435 0.999911249 0.013140758 -1.755255461 0.001987813 -0.013145073 0.999911666 57.733592987
0.999994814 -0.002449402 -0.002096774 0.995833278 0.002476341 0.999913156 0.012942721 -1.756363034 0.002064890 -0.012947846 0.999914050 58.268505096
0.999995172 -0.002328702 -0.002061755 1.009550095 0.002355644 0.999910533 0.013162732 -1.765792847 0.002030919 -0.013167525 0.999911249 58.802814484
0.999992728 -0.002888950 -0.002491368 1.023664951 0.002920790 0.999912858 0.012872509 -1.775974751 0.002453963 -0.012879691 0.999914050 59.344028473
0.999994576 -0.002515380 -0.002136596 1.019287825 0.002542310 0.999916136 0.012696435 -1.777376652 0.002104480 -0.012701797 0.999917090 59.882694244
0.999994516 -0.002459667 -0.002214152 1.033087611 0.002487301 0.999917865 0.012565550 -1.790113688 0.002183063 -0.012570988 0.999918580 60.431663513
0.999996722 -0.001469230 -0.002108458 1.083061099 0.001497596 0.999907553 0.013515319 -1.829024196 0.002088404 -0.013518432 0.999906421 60.899070740
0.999990642 -0.003561203 -0.002431229 1.049866915 0.003593144 0.999905527 0.013262061 -1.828750372 0.002383770 -0.013270672 0.999909103 61.485893250
0.999990642 -0.003496803 -0.002538750 1.063960433 0.003530403 0.999904573 0.013353310 -1.836524367 0.002491813 -0.013362147 0.999907613 62.028213501
0.999989271 -0.003545674 -0.002981896 1.075776100 0.003586744 0.999897182 0.013882177 -1.843436241 0.002932368 -0.013892723 0.999899209 62.541503906
0.999992311 -0.003401925 -0.001957945 1.068478823 0.003428016 0.999903262 0.013480193 -1.860293746 0.001911895 -0.013486803 0.999907196 63.095222473
0.999992967 -0.003113411 -0.002120080 1.070959091 0.003143014 0.999895632 0.014106191 -1.877245426 0.002075940 -0.014112755 0.999898195 63.641651154
0.999989390 -0.003964961 -0.002370400 1.079406023 0.003997666 0.999894619 0.013955716 -1.886334062 0.002314817 -0.013965043 0.999899745 64.188217163
0.999988556 -0.004406023 -0.001855540 1.078074336 0.004431898 0.999889612 0.014178553 -1.903335333 0.001792864 -0.014186616 0.999897718 64.689125061
0.999984920 -0.005140013 -0.001915374 1.095145941 0.005166864 0.999884546 0.014287919 -1.911569238 0.001841714 -0.014297599 0.999896049 65.225807190
0.999982595 -0.005499671 -0.002156805 1.115498781 0.005530278 0.999880254 0.014451153 -1.921154022 0.002077071 -0.014462830 0.999893248 65.786193848
0.999978781 -0.006005448 -0.002516867 1.132437468 0.006040477 0.999881685 0.014149110 -1.908801556 0.002431598 -0.014164014 0.999896705 66.302749634
0.999987602 -0.004647495 -0.001786808 1.127869725 0.004672234 0.999889672 0.014100211 -1.925644875 0.001721080 -0.014108386 0.999898911 66.834449768
0.999985754 -0.004873317 -0.002174642 1.144425631 0.004903839 0.999886274 0.014258435 -1.939308763 0.002104909 -0.014268896 0.999895930 67.372482300
0.999975383 -0.006423069 -0.002849338 1.157673955 0.006461628 0.999884725 0.013736287 -1.945218205 0.002760781 -0.013754359 0.999901533 67.865493774
0.999979019 -0.006001154 -0.002435207 1.173387170 0.006035020 0.999881685 0.014146091 -1.950781941 0.002350025 -0.014160492 0.999897003 68.373634338
0.999977469 -0.006225770 -0.002509476 1.186529875 0.006261043 0.999878109 0.014301888 -1.961323023 0.002420129 -0.014317277 0.999894619 68.918533325
0.999973476 -0.006782585 -0.002656983 1.193238735 0.006819112 0.999878883 0.013988302 -1.963753462 0.002561784 -0.014006049 0.999898612 69.481765747
0.999972701 -0.006732902 -0.003017404 1.219374537 0.006773552 0.999883592 0.013670563 -1.965062141 0.002925011 -0.013690629 0.999902010 70.003479004
0.999976337 -0.006506165 -0.002284126 1.216097713 0.006538184 0.999876261 0.014302148 -1.982328534 0.002190793 -0.014316739 0.999895215 70.476181030
0.999974310 -0.006862024 -0.002097605 1.239988923 0.006892119 0.999868214 0.014693202 -1.996936917 0.001996503 -0.014707280 0.999889851 70.999374390
0.999955952 -0.008729598 -0.003461150 1.276125550 0.008779730 0.999852717 0.014743081 -2.012646675 0.003331940 -0.014772818 0.999885380 71.541854858
0.999984741 -0.005095894 -0.002145926 1.309861660 0.005126908 0.999878705 0.014703699 -2.038766861 0.002070737 -0.014714477 0.999889612 71.960464478
0.999973655 -0.006685267 -0.002833075 1.309705496 0.006725001 0.999875784 0.014255393 -2.020219088 0.002737421 -0.014274068 0.999894381 72.551422119
0.999974310 -0.006479195 -0.003069343 1.320239544 0.006523685 0.999870479 0.014713507 -2.035784245 0.002973614 -0.014733152 0.999887049 73.100563049
0.999964654 -0.007730360 -0.003315109 1.348550081 0.007777839 0.999863803 0.014556454 -2.048921108 0.003202132 -0.014581722 0.999888599 73.641159058
0.999983788 -0.005305164 -0.002047618 1.333644271 0.005335467 0.999871910 0.015088974 -2.054145575 0.001967307 -0.015099654 0.999884129 74.139076233
0.999974489 -0.006785974 -0.002227398 1.337476134 0.006817316 0.999873400 0.014378496 -2.059820652 0.002129544 -0.014393314 0.999894142 74.644111633
0.999973059 -0.006919898 -0.002475004 1.360069513 0.006955536 0.999867916 0.014692561 -2.073555946 0.002373006 -0.014709381 0.999889016 75.174072266
0.999972880 -0.006978675 -0.002356402 1.378980875 0.007012414 0.999868453 0.014626073 -2.084571600 0.002254021 -0.014642200 0.999890268 75.745185852
0.999975145 -0.006759865 -0.001963570 1.361995101 0.006787473 0.999873102 0.014411586 -2.081313372 0.001865901 -0.014424557 0.999894202 76.244537354
0.999973059 -0.007037221 -0.002090399 1.369061947 0.007066533 0.999871790 0.014363289 -2.081861019 0.001989052 -0.014377672 0.999894679 76.810127258
0.999979734 -0.006204166 -0.001369491 1.373148680 0.006223458 0.999874592 0.014564478 -2.100307941 0.001278959 -0.014572707 0.999893010 77.287704468
0.999980092 -0.006208416 -0.001131467 1.380406618 0.006224499 0.999870956 0.014813678 -2.102195263 0.001039351 -0.014820424 0.999889672 77.836944580
0.999977767 -0.006503888 -0.001472919 1.392641783 0.006524740 0.999871731 0.014625148 -2.111958742 0.001377610 -0.014634433 0.999891937 78.341987610
0.999982774 -0.005798475 -0.000867468 1.402452350 0.005810156 0.999883235 0.014131832 -2.113592863 0.000785424 -0.014136630 0.999899685 78.904525757
0.999983311 -0.005768530 0.000232873 1.418461323 0.005764475 0.999874949 0.014727099 -2.133858919 -0.000317799 -0.014725509 0.999891460 79.402351379
0.999986291 -0.004625506 0.002451107 1.419090867 0.004589791 0.999886096 0.014381734 -2.145694494 -0.002517351 -0.014370288 0.999893546 79.948623657
0.999984860 -0.003874433 0.003898193 1.416783094 0.003817702 0.999888122 0.014456848 -2.164237022 -0.003953769 -0.014441747 0.999887824 80.510368347
0.999973834 -0.005646332 0.004523081 1.441633463 0.005578845 0.999874949 0.014796583 -2.165426254 -0.004606063 -0.014770960 0.999880254 81.020057678
0.999957025 -0.005991131 0.007066337 1.464200497 0.005885088 0.999871194 0.014933279 -2.176191807 -0.007154894 -0.014891050 0.999863505 81.567634583
0.999924004 -0.004430967 0.011511555 1.474036217 0.004255625 0.999875247 0.015211929 -2.194226265 -0.011577522 -0.015161781 0.999817967 82.127952576
0.999885738 -0.004345513 0.014478280 1.489775538 0.004127746 0.999878407 0.015037091 -2.195892334 -0.014541863 -0.014975610 0.999782085 82.563949585
0.999819577 -0.004582777 0.018432751 1.528287649 0.004306234 0.999877989 0.015014630 -2.211824894 -0.018499309 -0.014932544 0.999717355 83.100028992
0.999673367 -0.002531834 0.025429893 1.535205007 0.002150196 0.999884844 0.015023655 -2.218124866 -0.025465000 -0.014964067 0.999563694 83.626670837
0.999509335 -0.003405368 0.031135794 1.579449177 0.002967308 0.999896049 0.014104752 -2.197315693 -0.031180589 -0.014005440 0.999415696 84.173995972
0.999296665 -0.004160028 0.037265968 1.560769439 0.003582700 0.999872684 0.015545513 -2.245593786 -0.037325896 -0.015401067 0.999184430 84.703697205
0.998938382 -0.004188135 0.045873884 1.609264374 0.003487786 0.999876320 0.015336260 -2.248194218 -0.045932438 -0.015159979 0.998829484 85.257514954
0.998515010 -0.003586247 0.054360949 1.657318592 0.002731190 0.999871492 0.015795380 -2.265158176 -0.054410610 -0.015623454 0.998396456 85.778793335
0.998101950 -0.003135284 0.061502509 1.707309961 0.002167432 0.999872804 0.015797194 -2.272642374 -0.061544221 -0.015633905 0.997981966 86.345504761
0.997561455 -0.004014785 0.069677025 1.773692131 0.002932923 0.999873579 0.015622181 -2.284407616 -0.069730937 -0.015379728 0.997447252 86.864875793
0.996776104 -0.003304409 0.080164440 1.836274147 0.002043635 0.999872923 0.015804287 -2.294861078 -0.080206491 -0.015589510 0.996656299 87.409561157
0.996000111 -0.004027761 0.089261338 1.879349709 0.002630936 0.999872267 0.015760856 -2.298549175 -0.089313418 -0.015462972 0.995883524 87.920578003
0.995265841 -0.003658480 0.097121455 1.963598728 0.002045162 0.999858499 0.016705701 -2.337317467 -0.097168833 -0.016427986 0.995132327 88.456047058
0.994149745 -0.003319116 0.107960016 2.043415070 0.001563089 0.999865234 0.016346091 -2.336906910 -0.107999720 -0.016081711 0.994020879 89.009864807
0.992909372 -0.002841369 0.118840232 2.124787331 0.000859896 0.999859810 0.016721381 -2.351935387 -0.118871085 -0.016500626 0.992772460 89.540245056
0.991926551 -0.004909575 0.126718134 2.236898422 0.002794703 0.999853909 0.016861973 -2.374286652 -0.126782402 -0.016371701 0.991795421 89.975059509
0.990443408 -0.004620144 0.137842789 2.333704948 0.002400288 0.999864817 0.016266141 -2.363503456 -0.137899309 -0.015779829 0.990320563 90.533264160
0.988648593 -0.004742543 0.150171071 2.436609268 0.002269811 0.999859095 0.016633218 -2.384140491 -0.150228798 -0.016103549 0.988520086 91.079437256
0.986889899 -0.005151927 0.161312923 2.549623489 0.002557084 0.999864101 0.016289249 -2.392008305 -0.161374897 -0.015663205 0.986768782 91.622871399
0.985313833 -0.004743034 0.170686930 2.662073135 0.001932835 0.999859929 0.016626460 -2.396414757 -0.170741886 -0.016052375 0.985184968 92.159149170
0.983076394 -0.004835965 0.183132306 2.786048889 0.001762421 0.999854982 0.016942227 -2.404819012 -0.183187664 -0.016332747 0.982942224 92.699218750
0.980727732 -0.004927453 0.195316687 2.917269707 0.001673350 0.999857187 0.016822156 -2.415901184 -0.195371673 -0.016171122 0.980595946 93.228927612
0.978585720 -0.006409681 0.205739766 3.054452896 0.003052781 0.999857008 0.016629538 -2.424859285 -0.205816954 -0.015645348 0.978465438 93.744491577
0.975647569 -0.005694936 0.219270125 3.191959381 0.002037831 0.999855042 0.016901098 -2.428876400 -0.219334632 -0.016042676 0.975517750 94.301750183
0.972445905 -0.005477580 0.233064175 3.343055725 0.001559061 0.999854386 0.016993947 -2.439423084 -0.233123332 -0.016162336 0.972312808 94.840789795
0.969599605 -0.005257824 0.244640291 3.495672226 0.001101637 0.999852836 0.017122701 -2.448966026 -0.244694322 -0.016332660 0.969462752 95.375503540
0.966695786 -0.006377283 0.255848765 3.683851242 0.002073249 0.999851882 0.017088750 -2.467130661 -0.255919844 -0.015989186 0.966565728 95.873504639
0.962774694 -0.008886225 0.270158798 3.850862503 0.004232590 0.999832511 0.017803255 -2.506598949 -0.270271778 -0.015997052 0.962651134 96.427833557
0.959091723 -0.008707318 0.282961577 4.031969070 0.003865791 0.999836504 0.017664041 -2.510613203 -0.283069134 -0.015847571 0.958968520 96.952789307
0.955793917 -0.010085913 0.293864429 4.198728561 0.005047813 0.999827087 0.017897710 -2.518642902 -0.293994159 -0.015623149 0.955679655 97.441368103
0.951381445 -0.009755780 0.307860672 4.385583878 0.004379483 0.999825656 0.018149506 -2.526122093 -0.307984084 -0.015918834 0.951258361 97.971199036
0.946637511 -0.009505588 0.322159976 4.582628250 0.003769950 0.999823213 0.018422928 -2.541259289 -0.322278142 -0.016225306 0.946506023 98.484207153
0.942902505 -0.010147817 0.332914233 4.784303665 0.004338120 0.999825120 0.018189725 -2.538998365 -0.333040625 -0.015706915 0.942781627 98.996864319
0.938361764 -0.010112851 0.345506907 5.000892639 0.003890341 0.999817491 0.018698497 -2.553164482 -0.345633030 -0.016201815 0.938229859 99.506668091
0.933118284 -0.010783429 0.359407693 5.212413788 0.004182412 0.999808073 0.019138919 -2.560724020 -0.359545082 -0.016355682 0.932984293 100.019813538
0.928220868 -0.012423578 0.371822149 5.429134369 0.005841344 0.999805868 0.018823804 -2.570355892 -0.371983737 -0.015300705 0.928113103 100.527534485
0.923378289 -0.011673705 0.383713752 5.656356812 0.004527800 0.999799192 0.019521035 -2.584802151 -0.383864552 -0.016287919 0.923245788 101.023002625
0.917460799 -0.013038212 0.397612453 5.893077850 0.006020682 0.999803364 0.018892538 -2.585793972 -0.397780597 -0.014939264 0.917358935 101.521621704
0.911996722 -0.013305684 0.409981757 6.147891998 0.006163419 0.999805450 0.018737605 -2.593110323 -0.410151333 -0.014561743 0.911901236 102.013282776
0.906756878 -0.013891338 0.421424836 6.389823914 0.006471821 0.999797881 0.019031065 -2.599613428 -0.421604037 -0.014529165 0.906663597 102.497047424
0.901114285 -0.014066312 0.433353275 6.667354584 0.006322411 0.999793589 0.019305708 -2.587084293 -0.433535486 -0.014656808 0.901017308 103.060867310
0.894790292 -0.017159939 0.446156800 6.925304413 0.009418784 0.999764264 0.019562757 -2.634722233 -0.446387380 -0.013302310 0.894740939 103.492942810
0.888653040 -0.015986979 0.458301544 7.196083069 0.007927480 0.999778330 0.019503878 -2.631481171 -0.458511800 -0.013699003 0.888582706 103.998847961
0.882884204 -0.015924461 0.469320506 7.452407837 0.007419753 0.999773085 0.019965174 -2.656142712 -0.469532013 -0.014144694 0.882802129 104.409240723
0.875511885 -0.015562464 0.482945949 7.737892151 0.006816568 0.999779582 0.019859463 -2.666075468 -0.483148575 -0.014095164 0.875424922 104.877090454
