1.000000000 0.000000000 0.000000000 0.000000000 0.000000000 1.000000000 0.000000000 0.000000000 0.000000000 0.000000000 1.000000000 0.000000000
1.000000000 0.000056304 -0.000009307 -0.000058562 -0.000056304 1.000000000 -0.000035572 0.000247954 0.000009305 0.000035573 1.000000000 -0.000553214
1.000000000 0.000040819 0.000038195 -0.000643968 -0.000040821 1.000000000 0.000041872 -0.000561795 -0.000038194 -0.000041873 1.000000000 -0.000903839
1.000000000 -0.000128515 0.000080483 -0.000199095 0.000128516 1.000000000 -0.000013067 0.000443994 -0.000080481 0.000013077 1.000000000 0.000407313
1.000000000 -0.000080609 0.000057774 -0.000316025 0.000080607 1.000000000 0.000032797 -0.000088636 -0.000057777 -0.000032793 1.000000000 -0.000342709
1.000000000 -0.000021935 0.000163418 -0.001216340 0.000021942 1.000000000 -0.000041515 0.000824463 -0.000163417 0.000041519 1.000000000 -0.000026688
1.000000000 -0.000114376 0.000085685 0.000590107 0.000114380 1.000000000 -0.000045600 0.000292851 -0.000085680 0.000045610 1.000000000 -0.000003433
1.000000000 0.000011246 0.000085128 -0.000617403 -0.000011253 1.000000000 0.000087488 -0.000497323 -0.000085127 -0.000087488 1.000000000 -0.000543092
1.000000000 0.000010860 0.000020745 -0.000419992 -0.000010859 1.000000000 -0.000067966 0.000151508 -0.000020746 0.000067965 1.000000000 -0.000051850
1.000000000 -0.000031234 0.000121157 -0.000438335 0.000031227 1.000000000 0.000056036 -0.001047516 -0.000121159 -0.000056032 1.000000000 -0.000263235
1.000000000 0.000066722 0.000109968 -0.001472929 -0.000066728 1.000000000 0.000055951 -0.000503919 -0.000109964 -0.000055958 1.000000000 -0.000103354
1.000000000 0.000014149 0.000123848 -0.000636780 -0.000014146 1.000000000 -0.000022591 0.000899026 -0.000123848 0.000022589 1.000000000 0.000019974
1.000000000 0.000032658 0.000018718 -0.000804518 -0.000032657 1.000000000 -0.000062286 -0.000387160 -0.000018720 0.000062286 1.000000000 -0.001123284
1.000000000 -0.000003104 0.000090453 -0.001366802 0.000003104 1.000000000 -0.000005983 0.001027879 -0.000090453 0.000005983 1.000000000 0.000759752
1.000000000 -0.000013025 0.000080045 -0.001693585 0.000013031 1.000000000 -0.000083203 0.000792541 -0.000080044 0.000083204 1.000000000 -0.000444313
1.000000000 0.000065876 -0.000005967 0.000148929 -0.000065877 1.000000000 -0.000097514 0.002288376 0.000005960 0.000097515 1.000000000 0.002154939
1.000000000 0.000091603 0.000123234 -0.001219795 -0.000091584 1.000000000 -0.000152960 0.002707340 -0.000123248 0.000152948 1.000000000 0.003104747
1.000000000 0.000139132 0.000100610 -0.001421125 -0.000139118 1.000000000 -0.000141518 0.001550503 -0.000100630 0.000141504 1.000000000 0.001490851
0.999999940 0.000169330 0.000189070 -0.002520342 -0.000169309 1.000000000 -0.000107678 0.002814949 -0.000189088 0.000107646 1.000000000 0.003363979
1.000000000 0.000095819 0.000166158 -0.001354431 -0.000095801 1.000000000 -0.000104350 0.001976945 -0.000166168 0.000104334 1.000000000 0.002203045
1.000000000 0.000129503 0.000189070 -0.001838936 -0.000129482 1.000000000 -0.000108426 0.001705068 -0.000189085 0.000108402 1.000000000 0.002207952
1.000000000 0.000187370 0.000131406 -0.002173325 -0.000187357 1.000000000 -0.000102789 0.002740055 -0.000131425 0.000102764 1.000000000 0.002450748
1.000000000 0.000152686 0.000062408 -0.000888186 -0.000152678 1.000000000 -0.000117395 0.002761544 -0.000062426 0.000117386 1.000000000 0.003654120
1.000000000 0.000187544 0.000097968 -0.001696768 -0.000187534 1.000000000 -0.000103225 0.003085839 -0.000097987 0.000103206 1.000000000 0.003522818
0.999999940 0.000358220 0.000071618 -0.001744653 -0.000358212 0.999999940 -0.000119580 0.003615802 -0.000071661 0.000119554 1.000000000 0.004387646
0.999999940 0.000275110 0.000089332 -0.001391678 -0.000275104 0.999999940 -0.000070671 0.002004336 -0.000089351 0.000070647 1.000000000 0.002105883
1.000000000 0.000108424 0.000172633 -0.002015176 -0.000108406 1.000000000 -0.000103819 0.003309598 -0.000172645 0.000103801 1.000000000 0.003894808
0.999999940 0.000148698 0.000198262 -0.002469940 -0.000148689 1.000000000 -0.000046602 0.002290530 -0.000198269 0.000046572 1.000000000 0.003398841
1.000000000 0.000105947 0.000089244 -0.001502968 -0.000105934 1.000000000 -0.000148601 0.003263945 -0.000089260 0.000148591 1.000000000 0.002972317
1.000000000 0.000147044 0.000186085 -0.002537098 -0.000147018 1.000000000 -0.000141100 0.003188739 -0.000186106 0.000141072 1.000000000 0.003791374
0.999999940 0.000124168 0.000216401 -0.001684617 -0.000124155 1.000000000 -0.000059691 0.002067992 -0.000216408 0.000059664 1.000000000 0.003475217
1.000000000 0.000110373 0.000183940 -0.001227119 -0.000110356 1.000000000 -0.000093142 0.003582335 -0.000183950 0.000093122 1.000000000 0.004297961
1.000000000 0.000174943 0.000089000 -0.000510163 -0.000174924 0.999999940 -0.000213583 0.004323824 -0.000089038 0.000213567 1.000000000 0.004429736
1.000000000 0.000098993 0.000146155 -0.001233458 -0.000098982 1.000000000 -0.000074650 0.002052911 -0.000146163 0.000074636 1.000000000 0.002710935
0.999999940 0.000229158 0.000157872 -0.002211961 -0.000229139 0.999999940 -0.000120796 0.002075234 -0.000157900 0.000120759 1.000000000 0.002317597
0.999999940 0.000194610 0.000180418 -0.001638881 -0.000194585 1.000000000 -0.000142177 0.002707845 -0.000180445 0.000142142 1.000000000 0.002702830
1.000000000 0.000134037 0.000127288 -0.001506231 -0.000134025 1.000000000 -0.000093789 0.002612879 -0.000127301 0.000093772 1.000000000 0.002604046
1.000000000 0.000193670 0.000131030 -0.001753417 -0.000193661 1.000000000 -0.000068172 0.003024146 -0.000131043 0.000068146 1.000000000 0.004047669
0.999999940 0.000248182 0.000192750 -0.001625750 -0.000248158 0.999999940 -0.000120706 0.003166072 -0.000192780 0.000120658 1.000000000 0.002607124
1.000000000 0.000161420 0.000111921 -0.000697514 -0.000161399 0.999999940 -0.000192319 0.004687398 -0.000111952 0.000192301 1.000000000 0.003852323
1.000000000 0.000056842 0.000077637 -0.000051281 -0.000056831 1.000000000 -0.000141953 0.002067295 -0.000077645 0.000141948 1.000000000 0.004243170
0.999999881 0.000425307 0.000162174 0.000741213 -0.000425211 0.999999762 -0.000593624 -0.001603105 -0.000162427 0.000593555 0.999999821 0.051541571
0.999999881 0.000425064 0.000138670 0.002113968 -0.000424902 0.999999225 -0.001167147 -0.004150307 -0.000139166 0.001167088 0.999999285 0.139184222
0.999999881 0.000172272 0.000473929 -0.000029716 -0.000171907 0.999999702 -0.000769974 -0.020724462 -0.000474062 0.000769893 0.999999583 0.253875524
0.999999821 0.000313694 0.000563818 0.002693663 -0.000313339 0.999999821 -0.000629317 -0.023908155 -0.000564015 0.000629140 0.999999642 0.385538459
0.999999821 0.000224588 0.000608454 0.004691414 -0.000224351 0.999999940 -0.000389565 -0.027203923 -0.000608541 0.000389429 0.999999762 0.532136321
0.999999821 0.000012577 0.000553510 0.012826564 -0.000012339 0.999999821 -0.000429341 -0.029262574 -0.000553515 0.000429334 0.999999702 0.679069459
0.999999762 -0.000150571 0.000676206 0.016302673 0.000150646 0.999999940 -0.000109843 -0.033238757 -0.000676190 0.000109945 0.999999762 0.840583622
0.999999642 0.000085027 0.000767427 0.018656451 -0.000085017 0.999999940 -0.000013035 -0.037143450 -0.000767428 0.000012970 0.999999702 1.016761899
0.999999762 0.000149990 0.000710258 0.021695727 -0.000150039 0.999999940 0.000069177 -0.039455611 -0.000710248 -0.000069283 0.999999762 1.189381242
0.999999404 0.000521179 0.000869196 0.018570591 -0.000521599 0.999999702 0.000483358 -0.056464851 -0.000868943 -0.000483811 0.999999523 1.361565351
0.999999583 0.000604152 0.000638344 0.023482330 -0.000604349 0.999999762 0.000308523 -0.059143186 -0.000638158 -0.000308909 0.999999762 1.554481506
0.999999762 -0.000100179 0.000600712 0.031666961 0.000099844 0.999999762 0.000556680 -0.066197224 -0.000600768 -0.000556620 0.999999642 1.762132168
0.999999464 0.000569376 0.000895677 0.034120731 -0.000570050 0.999999642 0.000752467 -0.069168292 -0.000895248 -0.000752977 0.999999285 1.964996696
0.999999642 0.000024848 0.000816933 0.031941783 -0.000025676 0.999999464 0.001013309 -0.084641702 -0.000816907 -0.001013330 0.999999106 2.172477245
0.999999523 0.000030931 0.000969818 0.035520375 -0.000031841 0.999999523 0.000938566 -0.087881505 -0.000969788 -0.000938597 0.999999046 2.395423174
0.999999404 0.000874816 0.000703216 0.040493004 -0.000875337 0.999999404 0.000741353 -0.091326967 -0.000702567 -0.000741969 0.999999464 2.622567415
0.999999106 0.000714871 0.001132433 0.045459840 -0.000715955 0.999999344 0.000956690 -0.101302341 -0.001131748 -0.000957500 0.999998927 2.850228310
0.999999464 0.000191301 0.001032665 0.056194350 -0.000192593 0.999999344 0.001251928 -0.106397986 -0.001032425 -0.001252126 0.999998629 3.084443092
0.999999464 0.000259369 0.001028680 0.062298328 -0.000260819 0.999998987 0.001409176 -0.114181116 -0.001028313 -0.001409443 0.999998510 3.323863983
0.999999166 0.000447945 0.001202574 0.064330451 -0.000449310 0.999999344 0.001135029 -0.121042751 -0.001202064 -0.001135568 0.999998629 3.579938173
0.999999166 0.000534434 0.001161661 0.067334555 -0.000535607 0.999999285 0.001009623 -0.126513645 -0.001161121 -0.001010244 0.999998808 3.836301088
0.999999046 0.000424990 0.001284035 0.071811564 -0.000426569 0.999999166 0.001229488 -0.132489920 -0.001283512 -0.001230034 0.999998331 4.100176334
0.999998987 0.000647222 0.001239978 0.078168772 -0.000648393 0.999999344 0.000944249 -0.134408832 -0.001239366 -0.000945052 0.999998689 4.361517906
0.999999046 0.000384671 0.001347844 0.082642175 -0.000385935 0.999999464 0.000938019 -0.142660499 -0.001347483 -0.000938538 0.999998629 4.619865417
0.999997914 0.001220960 0.001654448 0.086344048 -0.001222972 0.999998510 0.001215876 -0.152799681 -0.001652961 -0.001217897 0.999997914 4.876675129
0.999997497 0.001466471 0.001707167 0.091799773 -0.001469022 0.999997735 0.001494369 -0.160173655 -0.001704972 -0.001496873 0.999997437 5.134468079
0.999997377 0.001426306 0.001788979 0.097416177 -0.001428577 0.999998212 0.001269210 -0.166123658 -0.001787166 -0.001271763 0.999997616 5.400086403
0.999996781 0.001753506 0.001811203 0.100864269 -0.001756009 0.999997437 0.001381586 -0.177141950 -0.001808776 -0.001384762 0.999997377 5.665977001
0.999997497 0.001346589 0.001776399 0.106407493 -0.001348681 0.999998391 0.001176819 -0.184378386 -0.001774812 -0.001179212 0.999997735 5.937977314
0.999996364 0.001701278 0.002098642 0.110755913 -0.001704034 0.999997675 0.001312039 -0.189857200 -0.002096405 -0.001315610 0.999996901 6.226523399
0.999995887 0.001968838 0.002104424 0.119309664 -0.001971533 0.999997258 0.001279822 -0.192732617 -0.002101899 -0.001283966 0.999996901 6.523320675
0.999997795 0.001323928 0.001638138 0.123657115 -0.001325711 0.999998510 0.001087528 -0.201756671 -0.001636696 -0.001089697 0.999998093 6.821493626
0.999996364 0.001839614 0.001991509 0.128815800 -0.001840945 0.999998093 0.000666704 -0.204827800 -0.001990279 -0.000670367 0.999997795 7.125083447
0.999997973 0.001045599 0.001694645 0.135874510 -0.001047903 0.999998510 0.001358917 -0.220199749 -0.001693221 -0.001360690 0.999997616 7.417935371
0.999997199 0.001271471 0.002004044 0.137295201 -0.001274032 0.999998331 0.001277370 -0.231538683 -0.002002416 -0.001279920 0.999997139 7.728202343
0.999996960 0.001390856 0.002025506 0.147036552 -0.001393619 0.999998093 0.001363050 -0.236347154 -0.002023607 -0.001365869 0.999996960 8.050049782
0.999996424 0.001512529 0.002207313 0.146733359 -0.001516101 0.999997616 0.001617453 -0.248920262 -0.002204861 -0.001620793 0.999996245 8.364060402
0.999996841 0.001141414 0.002246207 0.157886565 -0.001145161 0.999998093 0.001667275 -0.261400819 -0.002244299 -0.001669842 0.999996126 8.674429893
0.999995947 0.001575767 0.002422825 0.157486007 -0.001578167 0.999998391 0.000989077 -0.262503982 -0.002421263 -0.000992896 0.999996603 9.034802437
0.999995708 0.001833836 0.002278156 0.164712399 -0.001836729 0.999997437 0.001268132 -0.276639134 -0.002275825 -0.001272311 0.999996662 9.374658585
0.999994695 0.002266503 0.002325273 0.176727742 -0.002268990 0.999996901 0.001067362 -0.286091536 -0.002322847 -0.001072633 0.999996781 9.711810112
0.999994993 0.002077957 0.002366799 0.176824063 -0.002081401 0.999996781 0.001453635 -0.298007280 -0.002363771 -0.001458554 0.999996185 10.058638573
0.999995112 0.002047403 0.002350928 0.186862975 -0.002050735 0.999996841 0.001415866 -0.312939495 -0.002348022 -0.001420680 0.999996245 10.416020393
0.999994159 0.002354571 0.002456565 0.194842964 -0.002357476 0.999996543 0.001180447 -0.321998030 -0.002453777 -0.001186231 0.999996245 10.778221130
0.999995172 0.001933968 0.002426156 0.203519046 -0.001936048 0.999997735 0.000854944 -0.326693892 -0.002424496 -0.000859638 0.999996662 11.149380684
0.999996066 0.001534726 0.002327422 0.214020878 -0.001537821 0.999997973 0.001328337 -0.337234557 -0.002325378 -0.001331912 0.999996424 11.544178963
0.999993980 0.002347936 0.002555964 0.217269093 -0.002353064 0.999995232 0.002004833 -0.357309997 -0.002551244 -0.002010836 0.999994695 11.890813828
0.999994695 0.002024299 0.002549901 0.226833940 -0.002029066 0.999996305 0.001868350 -0.367392212 -0.002546109 -0.001873514 0.999994993 12.280236244
0.999994993 0.001780237 0.002615074 0.240125969 -0.001786112 0.999995887 0.002245715 -0.381597221 -0.002611066 -0.002250375 0.999993980 12.660558701
0.999993861 0.001949761 0.002911313 0.240268350 -0.001956188 0.999995589 0.002206181 -0.390473664 -0.002906999 -0.002211862 0.999993324 13.069009781
0.999994397 0.001811274 0.002818608 0.255432695 -0.001816254 0.999996781 0.001765196 -0.399606675 -0.002815402 -0.001770306 0.999994516 13.459832191
0.999992371 0.002081427 0.003311988 0.255847543 -0.002089007 0.999995232 0.002286851 -0.414256841 -0.003307213 -0.002293753 0.999991834 13.879443169
0.999991000 0.002507614 0.003439567 0.265029341 -0.002513996 0.999995172 0.001852407 -0.421977073 -0.003434905 -0.001861037 0.999992371 14.299878120
0.999990582 0.002125641 0.003787480 0.275781363 -0.002133262 0.999995708 0.002009460 -0.431053430 -0.003783192 -0.002017521 0.999990821 14.711605072
0.999990582 0.001983688 0.003842601 0.284546196 -0.001992848 0.999995291 0.002381468 -0.449034125 -0.003837859 -0.002389103 0.999989808 15.134564400
0.999989033 0.002157664 0.004130057 0.296713233 -0.002165870 0.999995708 0.001983510 -0.457905293 -0.004125759 -0.001992433 0.999989569 15.569251060
0.999986947 0.002146193 0.004621951 0.300775349 -0.002156858 0.999994993 0.002303715 -0.468738139 -0.004616983 -0.002313654 0.999986649 16.027675629
0.999986410 0.002396963 0.004633280 0.314762324 -0.002408042 0.999994278 0.002387051 -0.478434622 -0.004627533 -0.002398175 0.999986410 16.470136642
0.999986589 0.002075801 0.004745727 0.327248633 -0.002085088 0.999995947 0.001952791 -0.490448982 -0.004741655 -0.001962660 0.999986827 16.911075592
0.999982953 0.002491392 0.005284514 0.332186639 -0.002504848 0.999993563 0.002541134 -0.509660006 -0.005278150 -0.002554327 0.999982834 17.360008240
0.999981165 0.002441038 0.005629991 0.344407856 -0.002458414 0.999992192 0.003081407 -0.523095310 -0.005622424 -0.003095190 0.999979436 17.827541351
0.999978840 0.002802110 0.005882126 0.355120540 -0.002816970 0.999992847 0.002519619 -0.528949440 -0.005875024 -0.002536136 0.999979556 18.297479630
0.999981165 0.002199957 0.005723518 0.370032549 -0.002212913 0.999994934 0.002258365 -0.535612524 -0.005718521 -0.002270988 0.999981105 18.761922836
0.999978364 0.002240937 0.006186065 0.376412630 -0.002255403 0.999994695 0.002332639 -0.554534137 -0.006180806 -0.002346540 0.999978125 19.248771667
0.999976754 0.002220677 0.006442680 0.391579628 -0.002234784 0.999995112 0.002183407 -0.565627098 -0.006437800 -0.002197754 0.999976873 19.728979111
0.999974489 0.001950051 0.006866973 0.392403662 -0.001965640 0.999995530 0.002264221 -0.573267817 -0.006862527 -0.002277661 0.999973834 20.224355698
0.999975204 0.002116900 0.006696612 0.402705610 -0.002137286 0.999993086 0.003038812 -0.609621704 -0.006690133 -0.003053049 0.999972939 20.679744720
0.999979913 0.002274568 0.005903537 0.418212295 -0.002289515 0.999994159 0.002526463 -0.615666986 -0.005897757 -0.002539929 0.999979377 21.184951782
0.999979794 0.002903927 0.005626830 0.429657370 -0.002918924 0.999992251 0.002658871 -0.624862313 -0.005619064 -0.002675242 0.999980628 21.699035645
0.999985099 0.001756097 0.005171782 0.431551963 -0.001772123 0.999993622 0.003095804 -0.649787605 -0.005166313 -0.003104923 0.999981761 22.166225433
0.999989927 0.001208832 0.004334301 0.450870931 -0.001221210 0.999995232 0.002854198 -0.659143627 -0.004330831 -0.002859463 0.999986470 22.687307358
0.999986827 0.002416806 0.004550057 0.453462929 -0.002429317 0.999993265 0.002746205 -0.669992030 -0.004543390 -0.002757222 0.999985874 23.194347382
0.999986291 0.002468165 0.004616802 0.442527980 -0.002482436 0.999992073 0.003087746 -0.695232630 -0.004609145 -0.003099164 0.999984562 23.696182251
0.999991477 0.001350813 0.003878142 0.456586808 -0.001362045 0.999994874 0.002895160 -0.709641695 -0.003874212 -0.002900418 0.999988258 24.230371475
0.999990046 0.002217176 0.003858704 0.467118084 -0.002228801 0.999992907 0.003010985 -0.722882330 -0.003852000 -0.003019555 0.999988019 24.756177902
0.999993682 0.002225114 0.002782511 0.478896677 -0.002235118 0.999991059 0.003597328 -0.743062973 -0.002774482 -0.003603525 0.999989569 25.293064117
0.999990463 0.003589034 0.002497808 0.487033397 -0.003597688 0.999987543 0.003468927 -0.753929436 -0.002485327 -0.003477880 0.999990821 25.837987900
0.999991775 0.003338925 0.002301134 0.492522329 -0.003346638 0.999988794 0.003356457 -0.764445245 -0.002289901 -0.003364132 0.999991655 26.392459869
0.999993324 0.003101607 0.001949770 0.501863599 -0.003108678 0.999988556 0.003634076 -0.778552473 -0.001938476 -0.003640113 0.999991477 26.944723129
0.999997735 0.001904713 0.000921372 0.519861221 -0.001908435 0.999989927 0.004056011 -0.799880445 -0.000913638 -0.004057760 0.999991357 27.465562820
0.999996603 0.002522346 0.000657528 0.531292856 -0.002524921 0.999988973 0.003945802 -0.813202679 -0.000647568 -0.003947449 0.999992073 28.019189835
0.999997139 0.002340936 0.000056349 0.542943060 -0.002341153 0.999988317 0.004207293 -0.825850189 -0.000046499 -0.004207412 0.999991179 28.576398849
0.999995232 0.003044448 0.000493533 0.545657218 -0.003046347 0.999987781 0.003892415 -0.838605702 -0.000481677 -0.003893900 0.999992311 29.093622208
0.999995351 0.003035285 0.000020446 0.553037524 -0.003035340 0.999987960 0.003842497 -0.852218032 -0.000008782 -0.003842541 0.999992669 29.647676468
0.999995112 0.003106786 -0.000408526 0.564538002 -0.003105256 0.999988317 0.003691689 -0.860714257 0.000419990 -0.003690402 0.999993086 30.171867371
0.999996722 0.002469793 -0.000661736 0.582406521 -0.002467155 0.999989092 0.003958343 -0.882999063 0.000671506 -0.003956697 0.999991953 30.698919296
0.999994874 0.003097554 -0.000845841 0.586739063 -0.003094309 0.999987900 0.003812132 -0.889005005 0.000857639 -0.003809495 0.999992371 31.262605667
0.999990284 0.004373143 -0.000737771 0.591116607 -0.004370481 0.999984086 0.003571224 -0.900518537 0.000753377 -0.003567965 0.999993324 31.814085007
0.999993742 0.003346244 -0.001112127 0.606271386 -0.003341858 0.999986649 0.003922191 -0.918834925 0.001125237 -0.003918451 0.999991715 32.343124390
0.999993861 0.003005859 -0.001831323 0.615318358 -0.002998347 0.999987066 0.004091404 -0.933605492 0.001843598 -0.004085888 0.999989986 32.892738342
0.999994099 0.003076291 -0.001561568 0.618250549 -0.003068981 0.999984384 0.004662755 -0.959483027 0.001575888 -0.004657935 0.999987960 33.426002502
0.999994338 0.002890597 -0.001722287 0.628552616 -0.002883017 0.999986172 0.004387909 -0.960977197 0.001734947 -0.004382918 0.999988914 33.958206177
0.999992490 0.003493571 -0.001667588 0.634446859 -0.003486374 0.999984622 0.004299948 -0.971837997 0.001682585 -0.004294102 0.999989390 34.500476837
0.999990284 0.003955334 -0.001917557 0.644361377 -0.003947085 0.999982953 0.004287319 -0.989706159 0.001934482 -0.004279709 0.999989033 35.026828766
0.999993324 0.003135619 -0.001850028 0.663731456 -0.003127894 0.999986470 0.004164169 -0.993783832 0.001863060 -0.004158354 0.999989688 35.587554932
0.999992192 0.003075473 -0.002474180 0.666700900 -0.003065634 0.999987423 0.003970168 -1.003728867 0.002486359 -0.003962551 0.999989033 36.115985870
0.999991894 0.003172032 -0.002476728 0.675730824 -0.003162917 0.999988258 0.003675564 -1.014946342 0.002488359 -0.003667701 0.999990165 36.671352386
0.999992311 0.002669094 -0.002893758 0.683355331 -0.002659255 0.999990702 0.003398688 -1.024210334 0.002902802 -0.003390967 0.999989986 37.224590302
0.999990344 0.003714422 -0.002342199 0.688868999 -0.003704769 0.999984622 0.004112575 -1.049897075 0.002357439 -0.004103857 0.999988794 37.745891571
0.999989510 0.003239883 -0.003233158 0.704343855 -0.003226909 0.999986708 0.004010357 -1.062592745 0.003246109 -0.003999881 0.999986768 38.292037964
0.999989450 0.003295946 -0.003179771 0.710438490 -0.003285219 0.999988914 0.003372829 -1.066769361 0.003190853 -0.003362349 0.999989271 38.853363037
0.999990642 0.003172959 -0.002949045 0.711914122 -0.003162010 0.999988258 0.003710371 -1.084269762 0.002960782 -0.003701012 0.999988794 39.357135773
0.999991000 0.002698789 -0.003279352 0.723908544 -0.002685977 0.999988794 0.003905079 -1.099670887 0.003289855 -0.003896235 0.999987125 39.909633636
0.999991357 0.002054455 -0.003611422 0.744068027 -0.002040503 0.999990463 0.003862783 -1.116898060 0.003619323 -0.003855381 0.999986053 40.439102173
0.999990165 0.003128854 -0.003130322 0.737141669 -0.003118783 0.999989986 0.003216865 -1.119574308 0.003140356 -0.003207070 0.999989927 40.983154297
0.999988437 0.003614086 -0.003191852 0.744324982 -0.003604223 0.999988794 0.003090339 -1.127885699 0.003202985 -0.003078799 0.999990165 41.530334473
0.999990463 0.003151844 -0.003020321 0.756908655 -0.003141077 0.999988735 0.003563270 -1.149254084 0.003031517 -0.003553748 0.999989033 42.049442291
0.999991059 0.003054039 -0.002910999 0.769387364 -0.003042921 0.999988079 0.003815836 -1.161604404 0.002922617 -0.003806944 0.999988437 42.596759796
0.999989748 0.003254815 -0.003146033 0.785730660 -0.003241475 0.999985814 0.004236237 -1.184424996 0.003159777 -0.004225996 0.999985993 43.115390778
0.999990821 0.002596673 -0.003409842 0.793794394 -0.002580901 0.999985993 0.004621909 -1.205013037 0.003421796 -0.004613065 0.999983490 43.621379852
0.999987185 0.004035280 -0.003052230 0.787488341 -0.004024670 0.999985874 0.003474355 -1.196438670 0.003066207 -0.003462026 0.999989331 44.167499542
0.999987066 0.004245536 -0.002779074 0.791665494 -0.004235765 0.999984860 0.003512764 -1.208183169 0.002793946 -0.003500947 0.999990046 44.726325989
0.999988556 0.002802549 -0.003874697 0.812003016 -0.002788098 0.999989092 0.003729926 -1.218773842 0.003885108 -0.003719080 0.999985576 45.286159515
0.999987423 0.004529509 -0.002170769 0.810526490 -0.004520369 0.999980986 0.004197120 -1.242384553 0.002189738 -0.004187255 0.999988854 45.782531738
0.999987900 0.003667844 -0.003261277 0.816983461 -0.003656890 0.999987602 0.003358235 -1.247065425 0.003273555 -0.003346269 0.999989033 46.312614441
0.999983013 0.005287486 -0.002454033 0.823265553 -0.005282283 0.999983728 0.002121887 -1.247972250 0.002465212 -0.002108888 0.999994695 46.862987518
0.999984562 0.004373929 -0.003411655 0.835956931 -0.004364334 0.999986470 0.002814866 -1.270673394 0.003423921 -0.002799934 0.999990165 47.413288116
0.999987662 0.003041985 -0.003932533 0.862076342 -0.003025581 0.999986768 0.004170447 -1.302932382 0.003945167 -0.004158497 0.999983549 47.980197906
0.999988616 0.003477814 -0.003244903 0.850034952 -0.003465790 0.999987066 0.003703786 -1.295522928 0.003257742 -0.003692499 0.999987900 48.432106018
0.999987423 0.003504719 -0.003569155 0.862988591 -0.003492864 0.999988317 0.003322176 -1.305988789 0.003580756 -0.003309668 0.999988139 48.987205505
0.999984860 0.004226518 -0.003499106 0.873858035 -0.004213620 0.999984264 0.003685292 -1.319949389 0.003514626 -0.003670492 0.999987125 49.529228210
0.999986470 0.004291103 -0.002934432 0.864525437 -0.004281930 0.999985874 0.003125273 -1.325922728 0.002947801 -0.003112666 0.999990821 50.009330750
0.999985754 0.004809418 -0.002296939 0.865599811 -0.004803193 0.999984801 0.002708045 -1.338753700 0.002309928 -0.002696974 0.999993682 50.545280457
0.999986947 0.004258664 -0.002822391 0.888805866 -0.004249773 0.999985933 0.003148963 -1.349811435 0.002835761 -0.003136929 0.999991059 51.087123871
0.999986470 0.004680584 -0.002281398 0.874249220 -0.004672827 0.999983311 0.003393676 -1.369164467 0.002297245 -0.003382969 0.999991596 51.567420959
0.999987006 0.004523464 -0.002368657 0.885208428 -0.004515803 0.999984562 0.003229195 -1.384374380 0.002383228 -0.003218456 0.999991953 52.114654541
0.999987721 0.004163251 -0.002727183 0.896503866 -0.004154154 0.999985754 0.003333438 -1.394726515 0.002741023 -0.003322068 0.999990642 52.638782501
0.999984741 0.004982489 -0.002381650 0.898231745 -0.004974241 0.999981642 0.003456431 -1.414669156 0.002398828 -0.003444532 0.999991179 53.180404663
0.999986887 0.004520317 -0.002412716 0.910004556 -0.004513982 0.999986291 0.002624108 -1.416325808 0.002424545 -0.002613183 0.999993622 53.705348969
0.999985993 0.004834628 -0.002150503 0.913198352 -0.004829300 0.999985278 0.002476299 -1.427947402 0.002162443 -0.002465879 0.999994636 54.238250732
0.999985933 0.004753842 -0.002316015 0.923273444 -0.004748771 0.999986291 0.002190027 -1.440113306 0.002326394 -0.002178999 0.999994934 54.788230896
0.999988616 0.004034470 -0.002514541 0.938740313 -0.004028264 0.999988973 0.002467975 -1.456459522 0.002524470 -0.002457819 0.999993801 55.318294525
0.999987423 0.004362607 -0.002464294 0.943493187 -0.004357130 0.999988079 0.002223460 -1.467574954 0.002473965 -0.002212695 0.999994457 55.857517242
0.999985814 0.004789659 -0.002323518 0.949195623 -0.004783805 0.999985397 0.002518807 -1.482750535 0.002335547 -0.002507656 0.999994099 56.382972717
0.999982655 0.005465763 -0.002183853 0.957420707 -0.005459931 0.999981582 0.002667355 -1.497466087 0.002198391 -0.002655385 0.999993980 56.918861389
0.999985456 0.004626669 -0.002768381 0.979569614 -0.004620585 0.999987006 0.002200007 -1.513428926 0.002778524 -0.002187184 0.999993682 57.471073151
0.999987364 0.004608213 -0.001979319 0.977822423 -0.004602961 0.999985874 0.002649342 -1.524563313 0.001991501 -0.002640198 0.999994516 57.977466583
0.999986827 0.004803444 -0.001821058 0.978183389 -0.004799631 0.999986291 0.002092223 -1.533801079 0.001831083 -0.002083455 0.999996126 58.510746002
0.999986410 0.005080311 -0.001138927 0.984764457 -0.005078520 0.999985814 0.001569368 -1.546384335 0.001146884 -0.001563562 0.999998093 59.071289062
0.999989271 0.003932153 -0.002453753 1.006659746 -0.003926229 0.999989331 0.002414583 -1.567580938 0.002463221 -0.002404923 0.999994099 59.559158325
0.999989033 0.003949696 -0.002569396 1.015999436 -0.003942413 0.999988198 0.002833403 -1.581367850 0.002580557 -0.002823242 0.999992669 60.117183685
0.999988973 0.004143090 -0.002221144 1.021107554 -0.004137822 0.999988616 0.002371100 -1.589480162 0.002230941 -0.002361883 0.999994695 60.626201630
0.999986231 0.004743738 -0.002234885 1.035704255 -0.004738029 0.999985516 0.002552569 -1.603930235 0.002246961 -0.002541945 0.999994218 61.173019409
0.999987483 0.004518558 -0.002147844 1.034581184 -0.004513041 0.999986529 0.002566683 -1.617647409 0.002159413 -0.002556958 0.999994397 61.665592194
0.999985397 0.005131024 -0.001679025 1.042536855 -0.005127825 0.999985039 0.001903749 -1.626720548 0.001688768 -0.001895112 0.999996722 62.216175079
0.999985814 0.004998185 -0.001814971 1.052754164 -0.004993076 0.999983609 0.002808601 -1.646252632 0.001828981 -0.002799500 0.999994397 62.727226257
0.999981880 0.005840601 -0.001408899 1.056771994 -0.005837108 0.999979913 0.002471656 -1.662461877 0.001423307 -0.002463387 0.999995947 63.282062531
0.999986291 0.004878531 -0.001880004 1.071162105 -0.004873904 0.999985099 0.002457883 -1.672667742 0.001891967 -0.002448687 0.999995232 63.787025452
0.999986291 0.004895822 -0.001844820 1.077437997 -0.004891552 0.999985397 0.002311827 -1.684103489 0.001856111 -0.002302771 0.999995649 64.331420898
0.999989629 0.004112862 -0.001959288 1.090727210 -0.004107462 0.999987721 0.002752050 -1.700559139 0.001970583 -0.002743973 0.999994218 64.836250305
0.999990582 0.004228340 -0.001053465 1.093051195 -0.004225522 0.999987543 0.002663722 -1.710977197 0.001064715 -0.002659246 0.999995887 65.381988525
0.999991298 0.003746007 -0.001801579 1.109987020 -0.003741868 0.999990463 0.002295121 -1.723036051 0.001810159 -0.002288360 0.999995768 65.888229370
0.999987721 0.004565708 -0.001889923 1.112495184 -0.004561525 0.999987125 0.002211502 -1.741656065 0.001899996 -0.002202854 0.999995828 66.422157288
0.999989748 0.004255922 -0.001540753 1.127837777 -0.004251776 0.999987364 0.002683766 -1.752982140 0.001552155 -0.002677188 0.999995172 66.928428650
0.999983966 0.005606129 -0.000679405 1.127625346 -0.005604582 0.999981821 0.002257710 -1.765764356 0.000692050 -0.002253866 0.999997199 67.466941833
0.999989271 0.004403594 -0.001450956 1.145909786 -0.004400629 0.999988258 0.002041016 -1.780594587 0.001459927 -0.002034609 0.999996841 68.022338867
0.999987066 0.004615775 -0.002164640 1.157948375 -0.004609663 0.999985397 0.002820496 -1.796738863 0.002177628 -0.002810481 0.999993742 68.571777344
0.999984443 0.005466356 -0.001175793 1.160789132 -0.005462619 0.999980152 0.003157904 -1.821356654 0.001193032 -0.003151432 0.999994338 69.116905212
0.999992013 0.003884736 -0.000931954 1.165513039 -0.003882622 0.999989927 0.002258874 -1.816959739 0.000940720 -0.002255237 0.999997020 69.695579529
0.999993801 0.003239865 -0.001395181 1.180449486 -0.003236288 0.999991536 0.002558172 -1.840218306 0.001403457 -0.002553641 0.999995708 70.118743896
0.999990344 0.004226681 -0.001135421 1.184715748 -0.004224232 0.999988794 0.002150597 -1.858953118 0.001144498 -0.002145780 0.999997020 70.603446960
0.999988794 0.004695157 -0.000578127 1.192239165 -0.004693703 0.999985993 0.002489242 -1.876914144 0.000589806 -0.002486500 0.999996722 71.149009705
0.999989510 0.004381761 -0.001366207 1.203219056 -0.004378494 0.999987662 0.002385020 -1.889044642 0.001376640 -0.002379013 0.999996245 71.717178345
0.999991596 0.003770697 -0.001570621 1.218193293 -0.003767061 0.999990225 0.002311750 -1.902965546 0.001579322 -0.002305814 0.999996066 72.178123474
0.999988139 0.004832306 -0.000571658 1.200948715 -0.004831087 0.999986112 0.002115831 -1.921419144 0.000581874 -0.002113044 0.999997616 72.818412781
0.999990761 0.003988329 -0.001560058 1.234669805 -0.003985043 0.999989808 0.002103450 -1.933032513 0.001568431 -0.002097214 0.999996543 73.235534668
0.999991119 0.003957232 -0.001463930 1.248009205 -0.003954764 0.999990761 0.001685230 -1.933858752 0.001470585 -0.001679425 0.999997437 73.795959473
0.999989867 0.004252783 -0.001489248 1.255555511 -0.004249264 0.999988139 0.002357547 -1.960382462 0.001499257 -0.002351195 0.999996066 74.306442261
0.999990344 0.004070160 -0.001644604 1.268271446 -0.004066632 0.999989450 0.002142806 -1.971843004 0.001653308 -0.002136097 0.999996364 74.860008240
0.999987483 0.004847841 -0.001239755 1.272415996 -0.004845047 0.999985754 0.002247008 -1.988685131 0.001250631 -0.002240973 0.999996722 75.367561340
0.999990284 0.004146070 -0.001497888 1.288853645 -0.004143567 0.999990046 0.001670101 -1.998120785 0.001504798 -0.001663879 0.999997497 75.916496277
0.999987662 0.004841810 -0.001069567 1.291415811 -0.004839606 0.999986172 0.002053344 -2.016895056 0.001079494 -0.002048142 0.999997318 76.434158325
0.999988675 0.004586641 -0.001276690 1.301082611 -0.004583461 0.999986410 0.002482401 -2.032567501 0.001288058 -0.002476521 0.999996126 76.969467163
0.999987304 0.004868025 -0.001257364 1.312979460 -0.004865312 0.999985874 0.002152277 -2.045850277 0.001267824 -0.002146132 0.999996901 77.511421204
0.999987781 0.004823468 -0.001090343 1.326925874 -0.004820990 0.999985754 0.002263939 -2.056705475 0.001101248 -0.002258654 0.999996841 78.018791199
0.999988675 0.004479725 -0.001640915 1.345711708 -0.004475695 0.999986947 0.002451038 -2.073477268 0.001651874 -0.002443666 0.999995649 78.566116333
0.999988735 0.004578749 -0.001190903 1.350757480 -0.004576226 0.999987304 0.002112112 -2.087814808 0.001200560 -0.002106638 0.999997079 79.077041626
0.999988198 0.004833874 0.000343878 1.357508063 -0.004834576 0.999986112 0.002067086 -2.099018097 -0.000333881 -0.002068724 0.999997795 79.623329163
0.999989390 0.004520059 0.001028440 1.375727296 -0.004522064 0.999987841 0.001956782 -2.111320019 -0.001019583 -0.001961411 0.999997556 80.149681091
0.999983609 0.005161727 0.002473747 1.377009869 -0.005165866 0.999985218 0.001669758 -2.121323586 -0.002465092 -0.001682510 0.999995470 80.699707031
0.999987006 0.003936535 0.003229739 1.392941475 -0.003942068 0.999990761 0.001708354 -2.131761789 -0.003222984 -0.001721064 0.999993265 81.205238342
0.999965847 0.004710853 0.006790331 1.412836552 -0.004720006 0.999987900 0.001332655 -2.144539833 -0.006783971 -0.001364660 0.999976039 81.763603210
0.999937773 0.004268187 0.010310395 1.429353237 -0.004276814 0.999990582 0.000814885 -2.144877195 -0.010306819 -0.000858930 0.999946535 82.316307068
0.999889672 0.004932981 0.014013777 1.439523935 -0.004949857 0.999987006 0.001169829 -2.169150352 -0.014007825 -0.001239066 0.999901116 82.858909607
0.999828756 0.004677240 0.017903171 1.464972973 -0.004709448 0.999987364 0.001757206 -2.184543371 -0.017894732 -0.001841219 0.999838114 83.334480286
0.999732018 0.004151889 0.022774231 1.499014735 -0.004199968 0.999989033 0.002063656 -2.197933674 -0.022765417 -0.002158753 0.999738514 83.879768372
0.999539971 0.004661071 0.029968580 1.514438391 -0.004697658 0.999988317 0.001150535 -2.206130981 -0.029962867 -0.001290788 0.999550164 84.502815247
0.999321163 0.005234645 0.036466144 1.546446204 -0.005300936 0.999984503 0.001721444 -2.221180439 -0.036456570 -0.001913580 0.999333382 85.049545288
0.999007285 0.005200760 0.044244822 1.596355677 -0.005274141 0.999984920 0.001541967 -2.242306471 -0.044236131 -0.001773789 0.999019504 85.604560852
0.998601019 0.004757995 0.052663215 1.649050474 -0.004810945 0.999988019 0.000878732 -2.249961376 -0.052658409 -0.001130863 0.998611927 86.159263611
0.998197615 0.004525785 0.059840966 1.699331760 -0.004598155 0.999988854 0.001071730 -2.264351368 -0.059835441 -0.001344956 0.998207390 86.703247070
0.997602284 0.004875618 0.069035336 1.738783360 -0.004974958 0.999986768 0.001267101 -2.282096863 -0.069028266 -0.001607512 0.997613430 87.231285095
0.996879399 0.004709908 0.078798905 1.805297375 -0.004803590 0.999987960 0.000999337 -2.297248125 -0.078793257 -0.001374736 0.996890068 87.756256104
0.996113896 0.004537426 0.087957576 1.875895023 -0.004639005 0.999988794 0.000950483 -2.303076506 -0.087952293 -0.001354825 0.996123791 88.328430176
0.995483935 0.003932582 0.094848916 1.944169044 -0.004017060 0.999991655 0.000699731 -2.318045378 -0.094845384 -0.001077585 0.995491445 88.881347656
0.994451523 0.004018476 0.105118312 2.022721767 -0.004097864 0.999991477 0.000539250 -2.336444139 -0.105115242 -0.000967019 0.994459569 89.451660156
0.993235707 0.004533248 0.116026253 2.104935646 -0.004635105 0.999989092 0.000608076 -2.346667051 -0.116022229 -0.001141756 0.993246019 90.006332397
0.992203772 0.002667778 0.124597721 2.213208199 -0.002709904 0.999996305 0.000168606 -2.360809565 -0.124596804 -0.000504939 0.992207289 90.545669556
0.990616560 0.003341444 0.136630043 2.299471855 -0.003428530 0.999994099 0.000402062 -2.374044895 -0.136627868 -0.000866729 0.990622103 91.080116272
0.988813162 0.003281423 0.149123102 2.394155502 -0.003410426 0.999994040 0.000609375 -2.392664909 -0.149120197 -0.001111132 0.988818467 91.592643738
0.987087190 0.002205129 0.160167933 2.492030144 -0.002215565 0.999997556 -0.000113425 -2.402399302 -0.160167783 -0.000242902 0.987089753 92.148452759
0.985440373 0.002471683 0.170003146 2.624853134 -0.002639715 0.999996245 0.000762388 -2.432415009 -0.170000598 -0.001200048 0.985443234 92.757743835
0.983043373 0.002244775 0.183359295 2.737484932 -0.002410569 0.999996901 0.000681325 -2.447398186 -0.183357179 -0.001111772 0.983045697 93.292320251
0.980838478 0.001547551 0.194816917 2.882809639 -0.001656854 0.999998569 0.000398100 -2.462562323 -0.194816023 -0.000713255 0.980839550 93.818023682
0.978828549 0.000629893 0.204680815 3.009929657 -0.000791349 0.999999464 0.000706974 -2.473574877 -0.204680264 -0.000853980 0.978828490 94.280982971
0.975922465 0.000853606 0.218116030 3.151039124 -0.001066363 0.999999166 0.000857719 -2.491557360 -0.218115106 -0.001069658 0.975922525 94.813507080
0.972888470 -0.000255994 0.231274500 3.303249359 0.000094899 0.999999762 0.000707677 -2.505699396 -0.231274620 -0.000666543 0.972888291 95.349647522
0.970231950 0.000034496 0.242177159 3.452978134 -0.000225394 0.999999642 0.000760557 -2.513398170 -0.242177054 -0.000792502 0.970231712 95.869041443
0.967178822 0.000021254 0.254096657 3.582942963 -0.000287006 0.999999464 0.001008797 -2.545189142 -0.254096508 -0.001048614 0.967178285 96.434440613
0.963549256 0.000454869 0.267530620 3.753145218 -0.000812532 0.999998927 0.001226201 -2.560546637 -0.267529786 -0.001398882 0.963548541 96.950935364
0.960070372 0.000330879 0.279758275 3.928400040 -0.000778177 0.999998689 0.001487807 -2.585369825 -0.279757410 -0.001646101 0.960069299 97.464920044
0.956354141 0.000091074 0.292210191 4.102994919 -0.000377846 0.999999642 0.000924952 -2.576108456 -0.292209983 -0.000994992 0.956353605 98.061500549
0.952091336 0.000388778 0.305813402 4.301904678 -0.000893469 0.999998391 0.001510351 -2.611212254 -0.305812389 -0.001711227 0.952090263 98.560966492
0.947545648 -0.000928203 0.319619387 4.508859634 0.000423162 0.999998569 0.001649574 -2.625045300 -0.319620460 -0.001427796 0.947544634 99.084754944
0.943608761 -0.000543087 0.331062257 4.708578110 0.000061824 0.999998868 0.001464225 -2.632789373 -0.331062734 -0.001361188 0.943607807 99.591636658
0.939280272 -0.001878835 0.343145967 4.923500061 0.001156915 0.999996722 0.002308524 -2.663202763 -0.343149126 -0.001771360 0.939279199 100.046424866
0.933319628 -0.000795847 0.359045714 5.155397415 0.000095965 0.999997973 0.001967101 -2.687540531 -0.359046519 -0.001801478 0.933317900 100.713378906
0.928616107 -0.001177165 0.371039897 5.388734818 0.000608404 0.999998391 0.001649927 -2.699441195 -0.371041268 -0.001306406 0.928615451 101.222473145
0.923716962 -0.001341900 0.383073390 5.603252411 0.000722438 0.999998152 0.001760942 -2.708731413 -0.383075058 -0.001349866 0.923716247 101.729377747
0.918081164 -0.002383745 0.396385282 5.857856750 0.001631163 0.999996126 0.002235692 -2.727688313 -0.396389157 -0.001405978 0.918081522 102.220161438
0.911922932 -0.001658337 0.410358220 6.120971680 0.000586959 0.999996066 0.002736802 -2.748345613 -0.410361081 -0.002254889 0.911920309 102.745422363
0.907084703 -0.002166790 0.420942515 6.374843597 0.001370878 0.999996662 0.002193365 -2.758778572 -0.420945853 -0.001412507 0.907084584 103.227340698
0.901338816 -0.002299395 0.433108747 6.634262085 0.001343195 0.999995947 0.002513715 -2.775683880 -0.433112800 -0.001683960 0.901338100 103.722557068
0.894768834 -0.001819987 0.446525902 6.906616211 0.000505084 0.999995172 0.003063751 -2.793653965 -0.446529329 -0.002515816 0.894765437 104.230796814
0.888876855 -0.003216840 0.458134890 7.200687408 0.002469133 0.999994457 0.002230929 -2.798376322 -0.458139539 -0.000851825 0.888879895 104.722290039
0.883035541 -0.003769126 0.469290942 7.481201172 0.003102403 0.999992788 0.002193875 -2.810377121 -0.469295830 -0.000481340 0.883040905 105.207374573
0.875376165 -0.003189902 0.483431786 7.755531311 0.002550420 0.999994755 0.001980234 -2.824000359 -0.483435571 -0.000500496 0.875379801 105.673515320
