1.000000000 0.000000000 0.000000000 0.000000000 0.000000000 1.000000000 0.000000000 0.000000000 0.000000000 0.000000000 1.000000000 0.000000000
1.000000000 0.000090677 0.000095849 -0.000857801 -0.000090688 1.000000000 0.000112136 -0.000114704 -0.000095839 -0.000112144 1.000000000 0.000353867
1.000000000 0.000050410 0.000134163 -0.001570951 -0.000050411 1.000000000 0.000005749 0.000290834 -0.000134163 -0.000005756 1.000000000 0.000246431
1.000000000 0.000018822 0.000041437 -0.000630565 -0.000018824 1.000000000 0.000064330 -0.000825003 -0.000041436 -0.000064331 1.000000000 -0.000723518
1.000000000 0.000087285 0.000169414 -0.001972915 -0.000087300 1.000000000 0.000086273 -0.000589176 -0.000169406 -0.000086288 1.000000000 -0.000699771
1.000000000 -0.000132335 -0.000013122 0.000140133 0.000132335 1.000000000 -0.000027028 0.000351125 0.000013125 0.000027026 1.000000000 -0.000274263
1.000000000 0.000063290 0.000125113 -0.001838608 -0.000063298 1.000000000 0.000064952 -0.000366468 -0.000125109 -0.000064959 1.000000000 -0.000356129
1.000000000 0.000056807 0.000087480 -0.001555421 -0.000056804 1.000000000 -0.000033343 -0.000080681 -0.000087481 0.000033338 1.000000000 -0.000638613
1.000000000 0.000081273 0.000153053 -0.001395471 -0.000081276 1.000000000 0.000013315 -0.000855357 -0.000153052 -0.000013327 1.000000000 -0.000711226
1.000000000 0.000128621 0.000145077 -0.001889133 -0.000128639 1.000000000 0.000121190 -0.000707067 -0.000145062 -0.000121209 1.000000000 0.000584741
1.000000000 0.000088655 0.000158082 -0.001656324 -0.000088667 1.000000000 0.000072836 -0.000589093 -0.000158076 -0.000072850 1.000000000 -0.000031854
1.000000000 0.000134294 0.000162142 -0.001690035 -0.000134299 1.000000000 0.000030472 -0.001070675 -0.000162138 -0.000030494 1.000000000 -0.001155665
1.000000000 0.000071395 0.000144897 -0.001089367 -0.000071401 1.000000000 0.000041630 0.000274244 -0.000144894 -0.000041640 1.000000000 0.000221950
1.000000000 0.000154988 0.000119382 -0.001630857 -0.000154977 1.000000000 -0.000097507 0.000873071 -0.000119397 0.000097489 1.000000000 0.000631836
1.000000000 0.000097667 0.000116684 -0.001554931 -0.000097673 1.000000000 0.000049142 -0.000172152 -0.000116679 -0.000049154 1.000000000 -0.000072132
0.999999940 0.000261320 0.000188784 -0.002195163 -0.000261308 0.999999940 -0.000063971 0.001502506 -0.000188801 0.000063922 1.000000000 0.001360989
0.999999940 0.000360829 0.000209618 -0.002752491 -0.000360820 0.999999940 -0.000043371 0.001050967 -0.000209633 0.000043295 1.000000000 0.001833887
0.999999940 0.000251824 0.000257429 -0.002370028 -0.000251823 0.999999940 -0.000003440 0.001436398 -0.000257430 0.000003375 0.999999940 0.002238479
0.999999940 0.000200697 0.000269281 -0.002481343 -0.000200679 1.000000000 -0.000066717 0.000445594 -0.000269294 0.000066663 0.999999940 0.000752545
0.999999940 0.000212414 0.000216160 -0.002527781 -0.000212429 1.000000000 0.000070520 -0.000120242 -0.000216145 -0.000070566 1.000000000 0.001663972
0.999999940 0.000302612 0.000170742 -0.001941108 -0.000302606 0.999999940 -0.000031905 0.001304306 -0.000170751 0.000031853 1.000000000 0.001595195
0.999999940 0.000269948 0.000185941 -0.002474169 -0.000269942 0.999999940 -0.000030261 0.000486607 -0.000185950 0.000030211 1.000000000 0.001732683
1.000000000 0.000149559 0.000163427 -0.002205171 -0.000149569 1.000000000 0.000062703 0.000096603 -0.000163417 -0.000062728 1.000000000 0.000891249
0.999999881 0.000380630 0.000186481 -0.002459864 -0.000380632 0.999999940 0.000011737 0.001336937 -0.000186476 -0.000011808 1.000000000 0.003032292
0.999999940 0.000296703 0.000243631 -0.002122858 -0.000296710 0.999999940 0.000027541 0.001325769 -0.000243623 -0.000027613 0.999999940 0.001974768
0.999999940 0.000217793 0.000209246 -0.001453696 -0.000217784 1.000000000 -0.000041886 0.002064925 -0.000209255 0.000041840 1.000000000 0.003088583
0.999999940 0.000320588 0.000236310 -0.002336923 -0.000320600 0.999999940 0.000050479 0.001169733 -0.000236294 -0.000050555 1.000000000 0.002289070
0.999999940 0.000340418 0.000124128 -0.002252900 -0.000340405 0.999999940 -0.000103286 0.001844082 -0.000124163 0.000103244 1.000000000 0.001003698
0.999999940 0.000328559 0.000129333 -0.001949296 -0.000328548 0.999999940 -0.000085270 0.001397126 -0.000129361 0.000085227 1.000000000 0.000740629
0.999999881 0.000345537 0.000263360 -0.002537431 -0.000345533 0.999999940 -0.000017065 0.000213044 -0.000263366 0.000016974 0.999999940 0.001010330
0.999999940 0.000231414 0.000290734 -0.003024717 -0.000231421 1.000000000 0.000024354 0.000146500 -0.000290728 -0.000024421 0.999999940 0.001732297
0.999999940 0.000312177 0.000187090 -0.001987532 -0.000312166 0.999999940 -0.000059178 0.001537745 -0.000187108 0.000059120 1.000000000 0.002437264
0.999999881 0.000413996 0.000244446 -0.002179554 -0.000413998 0.999999940 0.000009884 0.000014734 -0.000244442 -0.000009985 0.999999940 -0.000064176
0.999999881 0.000443378 0.000308866 -0.003485438 -0.000443376 0.999999881 -0.000006636 0.000703965 -0.000308869 0.000006499 0.999999940 0.002710743
0.999999881 0.000407583 0.000247692 -0.002037373 -0.000407560 0.999999940 -0.000092049 0.000714746 -0.000247730 0.000091948 0.999999940 0.001443883
0.999999881 0.000372391 0.000226164 -0.003635486 -0.000372392 0.999999940 0.000004617 0.000695534 -0.000226163 -0.000004701 1.000000000 0.001236697
0.999999881 0.000407615 0.000209345 -0.002710482 -0.000407598 0.999999940 -0.000080175 0.002268609 -0.000209378 0.000080089 1.000000000 0.001373284
0.999999881 0.000404469 0.000310003 -0.003382898 -0.000404472 0.999999940 0.000008872 0.000886968 -0.000309999 -0.000008997 0.999999940 0.001910338
0.999999881 0.000386214 0.000184235 -0.001109076 -0.000386219 0.999999940 0.000024207 0.000701004 -0.000184226 -0.000024278 1.000000000 -0.000143539
0.999999940 0.000262347 0.000195543 -0.001728441 -0.000262333 0.999999940 -0.000068998 0.000565559 -0.000195561 0.000068947 1.000000000 0.000124582
0.999999821 0.000791509 0.000109280 -0.007609751 -0.000791498 0.999999702 -0.000093678 -0.007874529 -0.000109354 0.000093591 1.000000000 0.048541613
0.999999821 0.000667858 0.000125522 -0.006358449 -0.000667776 0.999999583 -0.000656308 -0.009588952 -0.000125961 0.000656224 0.999999762 0.139315441
0.999999583 0.000900053 0.000178381 -0.002727072 -0.000899876 0.999999225 -0.000989093 -0.012604602 -0.000179271 0.000988932 0.999999464 0.251300275
0.999999523 0.000964575 0.000235558 0.000116257 -0.000964347 0.999998987 -0.000965523 -0.015566106 -0.000236489 0.000965296 0.999999523 0.383266836
0.999999523 0.000968930 0.000121384 0.002217348 -0.000968843 0.999999285 -0.000714516 -0.019150585 -0.000122076 0.000714398 0.999999821 0.527711928
0.999999583 0.000835130 0.000279143 0.006201554 -0.000835050 0.999999583 -0.000287961 -0.026847482 -0.000279383 0.000287728 0.999999940 0.680956364
0.999999762 0.000573470 0.000221416 0.012511669 -0.000573460 0.999999881 -0.000045597 -0.031054804 -0.000221442 0.000045470 0.999999940 0.841971576
0.999999642 0.000755941 0.000248016 0.013594536 -0.000755835 0.999999642 -0.000425433 -0.032281041 -0.000248337 0.000425245 0.999999821 1.019785762
0.999999523 0.000958999 0.000247916 0.018023577 -0.000958944 0.999999464 -0.000221792 -0.037615176 -0.000248129 0.000221554 0.999999940 1.193983674
0.999999464 0.000791860 0.000692065 0.025427455 -0.000792153 0.999999583 0.000423119 -0.045808919 -0.000691730 -0.000423667 0.999999642 1.384768009
0.999999583 0.000833789 0.000352554 0.029437466 -0.000833898 0.999999583 0.000308429 -0.048125837 -0.000352296 -0.000308723 0.999999881 1.578651786
0.999999642 0.000717629 0.000492920 0.030326154 -0.000717908 0.999999583 0.000566524 -0.056664813 -0.000492513 -0.000566878 0.999999702 1.777574062
0.999999583 0.000756682 0.000556468 0.030652666 -0.000757133 0.999999344 0.000811382 -0.063353322 -0.000555853 -0.000811803 0.999999464 1.975075006
0.999999821 0.000429996 0.000476578 0.036485229 -0.000430391 0.999999583 0.000830257 -0.071425676 -0.000476221 -0.000830462 0.999999523 2.181963205
0.999999642 0.000661999 0.000515334 0.040064469 -0.000662307 0.999999523 0.000598316 -0.073041148 -0.000514938 -0.000598657 0.999999702 2.403909206
0.999999166 0.001070695 0.000678548 0.041617293 -0.001071097 0.999999166 0.000592789 -0.078545369 -0.000677913 -0.000593515 0.999999642 2.627630949
0.999999464 0.000662806 0.000821645 0.050772071 -0.000663343 0.999999583 0.000653361 -0.085622728 -0.000821212 -0.000653906 0.999999464 2.859085560
0.999999464 0.000651266 0.000816577 0.055611607 -0.000651865 0.999999523 0.000732559 -0.090474509 -0.000816099 -0.000733090 0.999999404 3.099655390
0.999999523 0.000891993 0.000637732 0.060369834 -0.000892648 0.999999166 0.001027410 -0.101262242 -0.000636815 -0.001027979 0.999999285 3.349706173
0.999999881 0.000134306 0.000501957 0.067325689 -0.000134779 0.999999523 0.000941590 -0.107849188 -0.000501830 -0.000941658 0.999999404 3.602676630
0.999999881 0.000310977 0.000349033 0.074754894 -0.000311246 0.999999702 0.000770428 -0.112842143 -0.000348793 -0.000770537 0.999999583 3.854361534
0.999999285 0.000732135 0.000974607 0.071218565 -0.000733073 0.999999285 0.000961547 -0.123026840 -0.000973902 -0.000962261 0.999999046 4.113264084
0.999999404 0.000812229 0.000810363 0.078743115 -0.000813143 0.999999046 0.001128342 -0.127970874 -0.000809446 -0.001129000 0.999998987 4.372246742
0.999999225 0.000705430 0.001040207 0.081415333 -0.000706353 0.999999344 0.000886505 -0.136352181 -0.001039581 -0.000887239 0.999999046 4.629179478
0.999998152 0.001350575 0.001321292 0.083963789 -0.001352270 0.999998271 0.001282289 -0.145309776 -0.001319558 -0.001284074 0.999998271 4.893891811
0.999998271 0.001512828 0.001064792 0.091331780 -0.001514404 0.999997735 0.001481134 -0.153559789 -0.001062549 -0.001482744 0.999998331 5.150263309
0.999998093 0.001272610 0.001440607 0.094159387 -0.001274886 0.999997914 0.001580087 -0.161556378 -0.001438593 -0.001581921 0.999997675 5.423033237
0.999998212 0.001242577 0.001402029 0.098861977 -0.001244571 0.999998152 0.001421633 -0.167316511 -0.001400260 -0.001423375 0.999998033 5.692954540
0.999998212 0.000990675 0.001589522 0.099912629 -0.000993078 0.999998391 0.001512072 -0.175799772 -0.001588022 -0.001513647 0.999997556 5.963360310
0.999997735 0.001352717 0.001626504 0.104261510 -0.001354942 0.999998152 0.001367070 -0.184865326 -0.001624652 -0.001369271 0.999997735 6.242101192
0.999997616 0.001349079 0.001725765 0.113341860 -0.001351372 0.999998212 0.001327907 -0.186775595 -0.001723971 -0.001330236 0.999997616 6.533815384
0.999997616 0.001517255 0.001592498 0.115914792 -0.001519561 0.999997735 0.001447564 -0.194027290 -0.001590298 -0.001449980 0.999997675 6.828455448
0.999997616 0.001253855 0.001768369 0.124481678 -0.001256032 0.999998450 0.001230491 -0.204837173 -0.001766823 -0.001232710 0.999997675 7.127372742
0.999997556 0.001368931 0.001743376 0.132786065 -0.001371820 0.999997675 0.001657329 -0.223715842 -0.001741104 -0.001659716 0.999997079 7.421183586
0.999997735 0.001178074 0.001781267 0.138698697 -0.001180994 0.999997973 0.001638695 -0.233985126 -0.001779332 -0.001640795 0.999997020 7.727652073
0.999997675 0.001239128 0.001746413 0.148258910 -0.001241837 0.999998033 0.001550994 -0.240209788 -0.001744488 -0.001553159 0.999997199 8.063124657
0.999996245 0.001836555 0.002045103 0.148410320 -0.001839552 0.999997258 0.001464684 -0.247612417 -0.002042407 -0.001468441 0.999996781 8.382311821
0.999996006 0.001743749 0.002227453 0.158348024 -0.001747263 0.999997199 0.001576754 -0.257258803 -0.002224697 -0.001580639 0.999996245 8.704330444
0.999997020 0.001585474 0.001856405 0.171482921 -0.001589228 0.999996662 0.002022510 -0.274344593 -0.001853192 -0.002025454 0.999996245 9.036553383
0.999996245 0.001966254 0.001895315 0.178062201 -0.001969934 0.999996185 0.001941928 -0.287229627 -0.001891489 -0.001945654 0.999996364 9.376569748
0.999996364 0.001917548 0.001966574 0.183048308 -0.001921965 0.999995649 0.002246527 -0.299783647 -0.001962258 -0.002250298 0.999995530 9.724347115
0.999995649 0.001888397 0.002299558 0.188538030 -0.001894459 0.999994695 0.002636377 -0.309784621 -0.002294567 -0.002640722 0.999993861 10.080278397
0.999994695 0.002391111 0.002220614 0.195218444 -0.002396028 0.999994695 0.002213834 -0.319518209 -0.002215308 -0.002219143 0.999995112 10.430838585
0.999994636 0.002339675 0.002280019 0.202957094 -0.002344468 0.999995053 0.002101803 -0.328586042 -0.002275090 -0.002107137 0.999995172 10.789508820
0.999995232 0.002266090 0.002092458 0.208476216 -0.002270434 0.999995291 0.002076072 -0.336085081 -0.002087744 -0.002080812 0.999995589 11.165828705
0.999995768 0.001979592 0.002134944 0.220987782 -0.001984528 0.999995470 0.002312635 -0.349426806 -0.002130356 -0.002316862 0.999994993 11.533697128
0.999994814 0.002333065 0.002226272 0.225071728 -0.002338092 0.999994695 0.002258259 -0.358491659 -0.002220992 -0.002263453 0.999994934 11.904494286
0.999994457 0.002130358 0.002558566 0.232269153 -0.002137010 0.999994278 0.002599909 -0.374069273 -0.002553012 -0.002605361 0.999993324 12.303171158
0.999995470 0.001901784 0.002304147 0.244466126 -0.001908892 0.999993384 0.003086518 -0.387212753 -0.002298261 -0.003090903 0.999992549 12.692950249
0.999993026 0.002523728 0.002721197 0.249800310 -0.002531773 0.999992549 0.002957080 -0.397004277 -0.002713714 -0.002963950 0.999991953 13.095252991
0.999995232 0.001753510 0.002543807 0.261948109 -0.001760781 0.999994278 0.002858937 -0.411365151 -0.002538779 -0.002863402 0.999992669 13.490374565
0.999994099 0.001931976 0.002831669 0.269587070 -0.001940240 0.999993861 0.002918815 -0.419983149 -0.002826013 -0.002924293 0.999991715 13.900513649
0.999992609 0.002196880 0.003142229 0.277450293 -0.002206683 0.999992728 0.003119696 -0.429900140 -0.003135352 -0.003126607 0.999990225 14.314582825
0.999990821 0.002464329 0.003492788 0.286082268 -0.002475038 0.999992251 0.003065139 -0.443363011 -0.003485207 -0.003073755 0.999989212 14.729807854
0.999991477 0.002090750 0.003564329 0.298993587 -0.002101788 0.999993026 0.003095901 -0.455506474 -0.003557831 -0.003103366 0.999988854 15.172027588
0.999989390 0.002348544 0.003975553 0.303417444 -0.002361032 0.999992371 0.003139367 -0.468121350 -0.003968150 -0.003148720 0.999987125 15.603220940
0.999986649 0.002525171 0.004504147 0.314634353 -0.002540006 0.999991357 0.003291111 -0.483556569 -0.004495798 -0.003302507 0.999984443 16.036903381
0.999985993 0.002794607 0.004498635 0.330226600 -0.002809254 0.999990761 0.003252921 -0.495705515 -0.004489503 -0.003265513 0.999984562 16.475202560
0.999986649 0.002509855 0.004518626 0.343327165 -0.002522687 0.999992847 0.002836601 -0.503544211 -0.004511475 -0.002847962 0.999985754 16.923252106
0.999982715 0.002716963 0.005206464 0.349722505 -0.002733320 0.999991357 0.003136940 -0.519833863 -0.005197897 -0.003151118 0.999981523 17.381696701
0.999981880 0.002665408 0.005393914 0.361528397 -0.002683532 0.999990761 0.003355686 -0.531254828 -0.005384922 -0.003370099 0.999979794 17.841428757
0.999982357 0.002195816 0.005525356 0.377882183 -0.002212835 0.999992847 0.003076173 -0.540777087 -0.005518563 -0.003088346 0.999979973 18.306108475
0.999981284 0.002013074 0.005772398 0.393276006 -0.002031092 0.999993086 0.003117214 -0.549467206 -0.005766083 -0.003128880 0.999978423 18.783153534
0.999979615 0.002381427 0.005922106 0.403027385 -0.002401638 0.999991298 0.003407955 -0.572124839 -0.005913939 -0.003422109 0.999976635 19.250822067
0.999974728 0.003028829 0.006432458 0.415188789 -0.003051249 0.999989271 0.003478522 -0.586081028 -0.006421854 -0.003498061 0.999973238 19.725158691
0.999975741 0.003082373 0.006252307 0.421790242 -0.003105780 0.999988139 0.003737339 -0.597797215 -0.006240714 -0.003756667 0.999973416 20.216489792
0.999974370 0.002921585 0.006539150 0.444659173 -0.002944184 0.999989688 0.003449052 -0.614175439 -0.006529006 -0.003468216 0.999972701 20.689596176
0.999977887 0.002875507 0.005987150 0.460488975 -0.002897009 0.999989390 0.003585862 -0.627403796 -0.005976775 -0.003603128 0.999975622 21.188541412
0.999979198 0.003086739 0.005660307 0.469733715 -0.003107216 0.999988675 0.003612363 -0.638554811 -0.005649092 -0.003629876 0.999977469 21.694990158
0.999981463 0.002916041 0.005334260 0.478153497 -0.002933622 0.999990284 0.003290880 -0.651369035 -0.005324612 -0.003306468 0.999980271 22.197298050
0.999984443 0.002913014 0.004754633 0.491294444 -0.002929692 0.999989569 0.003504554 -0.666464806 -0.004744375 -0.003518429 0.999982476 22.698596954
0.999988794 0.002512968 0.004008954 0.506720483 -0.002525830 0.999991655 0.003206278 -0.677566051 -0.004000864 -0.003216368 0.999986827 23.227750778
0.999991238 0.002431234 0.003401393 0.520161510 -0.002441848 0.999992251 0.003119843 -0.692752600 -0.003393781 -0.003128122 0.999989331 23.756675720
0.999996543 0.000690138 0.002528652 0.530039191 -0.000697540 0.999995470 0.002927273 -0.711355865 -0.002526620 -0.002929027 0.999992549 24.273223877
0.999995649 0.001752212 0.002368303 0.539202571 -0.001759829 0.999993265 0.003217921 -0.724961996 -0.002362648 -0.003222075 0.999991953 24.813507080
0.999998212 0.001284859 0.001394875 0.553181529 -0.001290105 0.999992013 0.003766506 -0.742311358 -0.001390025 -0.003768299 0.999991894 25.357849121
0.999998629 0.001514168 0.000630488 0.565974534 -0.001516567 0.999991536 0.003822590 -0.757114351 -0.000624695 -0.003823541 0.999992490 25.895233154
0.999999046 0.001352391 0.000231410 0.577726185 -0.001353254 0.999991894 0.003768979 -0.774083674 -0.000226311 -0.003769289 0.999992788 26.446189880
0.999999344 0.001140449 0.000041499 0.587539971 -0.001140608 0.999991179 0.004046611 -0.781110942 -0.000036884 -0.004046655 0.999991834 27.011661530
0.999999225 0.001053166 -0.000686957 0.596484721 -0.001050310 0.999991000 0.004143628 -0.803879082 0.000691314 -0.004142904 0.999991179 27.556798935
0.999997854 0.001755349 -0.001120471 0.606914282 -0.001751105 0.999991417 0.003777355 -0.812607348 0.001127092 -0.003775385 0.999992192 28.120660782
0.999997973 0.001601654 -0.001146175 0.618694782 -0.001596598 0.999989033 0.004399568 -0.830838621 0.001153209 -0.004397730 0.999989688 28.677162170
0.999997258 0.001787308 -0.001494485 0.632294834 -0.001780651 0.999988556 0.004444276 -0.842424333 0.001502411 -0.004441603 0.999988973 29.221315384
0.999997616 0.001338673 -0.001681878 0.637976408 -0.001332178 0.999991655 0.003856387 -0.848873913 0.001687027 -0.003854138 0.999991179 29.774164200
0.999997437 0.001504231 -0.001659899 0.642036378 -0.001497451 0.999990582 0.004078574 -0.862107694 0.001666019 -0.004076078 0.999990284 30.316167831
0.999995947 0.001570033 -0.002377549 0.656644940 -0.001560469 0.999990642 0.004019408 -0.876989245 0.002383839 -0.004015681 0.999989092 30.861366272
0.999995410 0.001519401 -0.002677045 0.667721510 -0.001508558 0.999990642 0.004047999 -0.890547156 0.002683170 -0.004043942 0.999988139 31.405046463
0.999991179 0.002862774 -0.003087233 0.674392462 -0.002851042 0.999988794 0.003798019 -0.898219943 0.003098072 -0.003789184 0.999988019 31.957981110
0.999993563 0.001490531 -0.003266661 0.686625302 -0.001478133 0.999991655 0.003794313 -0.915664732 0.003272290 -0.003789460 0.999987483 32.530944824
0.999992907 0.001080764 -0.003604684 0.689283729 -0.001066581 0.999991655 0.003934315 -0.930989742 0.003608907 -0.003930443 0.999985874 33.072574615
0.999994397 0.001448551 -0.003027470 0.697978079 -0.001436680 0.999991298 0.003919832 -0.947398365 0.003033121 -0.003915461 0.999987662 33.629116058
0.999993145 0.001796343 -0.003245377 0.709537506 -0.001783184 0.999990225 0.004053024 -0.959741354 0.003252625 -0.004047209 0.999986470 34.183452606
0.999992430 0.001789972 -0.003485217 0.715136409 -0.001776206 0.999990642 0.003949076 -0.969566882 0.003492254 -0.003942856 0.999986053 34.732418060
0.999990523 0.001546903 -0.004058131 0.729848027 -0.001530681 0.999990880 0.003997827 -0.991393805 0.004064278 -0.003991579 0.999983728 35.254714966
0.999990046 0.001406954 -0.004230437 0.738720953 -0.001390946 0.999991834 0.003784643 -0.999726653 0.004235728 -0.003778721 0.999983847 35.796134949
0.999988735 0.001884723 -0.004369884 0.742709041 -0.001866734 0.999989808 0.004116947 -1.015281439 0.004377597 -0.004108744 0.999981940 36.344291687
0.999988854 0.001113260 -0.004588391 0.763157487 -0.001098127 0.999993980 0.003299325 -1.024456382 0.004592037 -0.003294250 0.999984026 36.914180756
0.999985278 0.001658775 -0.005161420 0.774057925 -0.001643746 0.999994397 0.002914752 -1.035250545 0.005166226 -0.002906225 0.999982417 37.467700958
0.999984324 0.001671386 -0.005332260 0.783706069 -0.001655953 0.999994397 0.002897301 -1.048148990 0.005337072 -0.002888425 0.999981582 38.020469666
0.999979913 0.000389059 -0.006313075 0.808110893 -0.000368529 0.999994636 0.003252602 -1.072226524 0.006314307 -0.003250211 0.999974787 38.547813416
0.999981403 -0.000079568 -0.006082410 0.809126377 0.000099467 0.999994695 0.003271420 -1.080426455 0.006082117 -0.003271965 0.999976158 39.103466034
0.999982059 0.001038344 -0.005902975 0.814940214 -0.001022095 0.999995708 0.002754916 -1.099644423 0.005905808 -0.002748833 0.999978781 39.632320404
0.999981046 0.000995595 -0.006078925 0.822747946 -0.000974492 0.999993503 0.003473641 -1.121326089 0.006082343 -0.003467650 0.999975502 40.187950134
0.999983370 0.001376518 -0.005603309 0.826724052 -0.001358596 0.999993980 0.003201134 -1.132073402 0.005607682 -0.003193468 0.999979198 40.733695984
0.999982238 0.001106846 -0.005848716 0.836821735 -0.001090486 0.999995530 0.002799596 -1.141471267 0.005851787 -0.002793168 0.999978960 41.285434723
0.999982417 0.000963666 -0.005847530 0.834761798 -0.000947264 0.999995708 0.002807041 -1.156809807 0.005850209 -0.002801452 0.999978960 41.806831360
0.999985516 0.001599984 -0.005147020 0.852416635 -0.001585495 0.999994814 0.002817799 -1.161762714 0.005151502 -0.002809598 0.999982774 42.379173279
0.999983311 0.001542790 -0.005561280 0.839043498 -0.001528618 0.999995589 0.002551778 -1.189823627 0.005565190 -0.002543234 0.999981284 42.883880615
0.999982297 0.001097243 -0.005846885 0.847273588 -0.001082159 0.999996066 0.002582266 -1.196539164 0.005849696 -0.002575892 0.999979556 43.425895691
0.999984324 0.001122217 -0.005479332 0.845110238 -0.001108432 0.999996185 0.002518225 -1.212030172 0.005482137 -0.002512113 0.999981821 43.972496033
0.999986708 0.001477961 -0.004936249 0.851879954 -0.001465552 0.999995708 0.002516499 -1.225517988 0.004939946 -0.002509231 0.999984682 44.516166687
0.999984920 0.001171298 -0.005360596 0.862429440 -0.001158857 0.999996543 0.002323299 -1.237429142 0.005363299 -0.002317052 0.999982953 45.017772675
0.999984682 0.000975276 -0.005443081 0.870649159 -0.000962484 0.999996781 0.002352316 -1.252497315 0.005445357 -0.002347041 0.999982417 45.576545715
0.999984980 0.001577553 -0.005229968 0.877381802 -0.001566114 0.999996305 0.002190505 -1.264206171 0.005233403 -0.002182281 0.999983907 46.116958618
0.999986827 0.001157748 -0.005000005 0.880335629 -0.001148646 0.999997795 0.001822818 -1.280634522 0.005002102 -0.001817051 0.999985754 46.659244537
0.999986291 0.001359079 -0.005058707 0.889680326 -0.001348853 0.999996960 0.002024323 -1.295526505 0.005061443 -0.002017471 0.999985158 47.201141357
0.999986112 0.001240679 -0.005118850 0.896434784 -0.001230870 0.999997318 0.001918809 -1.307989359 0.005121216 -0.001912481 0.999984980 47.753406525
0.999987364 0.001067852 -0.004897379 0.902212977 -0.001058683 0.999997675 0.001874679 -1.325385213 0.004899370 -0.001869470 0.999986231 48.298358917
0.999987185 0.001042062 -0.004952388 0.912119746 -0.001032223 0.999997497 0.001988670 -1.340001822 0.004954446 -0.001983533 0.999985754 48.835346222
0.999985456 0.000636251 -0.005351759 0.919150829 -0.000626781 0.999998212 0.001771120 -1.355419040 0.005352879 -0.001767740 0.999984086 49.383617401
0.999986589 0.001904922 -0.004802321 0.925863981 -0.001895610 0.999996305 0.001942810 -1.372069597 0.004806004 -0.001933681 0.999986589 49.916473389
0.999985874 0.001400481 -0.005150185 0.933388352 -0.001390771 0.999997258 0.001888365 -1.385463715 0.005152814 -0.001881175 0.999984980 50.447727203
0.999986947 0.001331558 -0.004926927 0.937635601 -0.001322505 0.999997437 0.001840497 -1.403161645 0.004929367 -0.001833957 0.999986172 50.974624634
0.999985576 0.001770437 -0.005069983 0.947682381 -0.001759363 0.999996185 0.002188141 -1.418266892 0.005073839 -0.002179189 0.999984741 51.513278961
0.999983788 0.001499528 -0.005495894 0.956826508 -0.001486991 0.999996305 0.002284773 -1.433191299 0.005499296 -0.002276563 0.999982238 52.043785095
0.999987245 0.002234355 -0.004527013 0.956142306 -0.002225649 0.999995649 0.001927111 -1.443924904 0.004531301 -0.001917012 0.999987900 52.583393097
0.999986053 0.002057828 -0.004892129 0.966651797 -0.002048638 0.999996126 0.001882766 -1.456365585 0.004895985 -0.001872717 0.999986231 53.120075226
0.999986529 0.002430861 -0.004587003 0.975225449 -0.002422954 0.999995589 0.001728767 -1.469000340 0.004591185 -0.001717629 0.999987960 53.658271790
0.999986291 0.002536474 -0.004568540 0.983171165 -0.002529459 0.999995589 0.001540780 -1.485993505 0.004572427 -0.001529203 0.999988377 54.190467834
0.999986529 0.003208505 -0.004103992 0.982802093 -0.003203140 0.999993980 0.001312827 -1.498035550 0.004108180 -0.001299663 0.999990702 54.727970123
0.999986947 0.002838776 -0.004246461 0.992106736 -0.002833311 0.999995053 0.001292699 -1.512565494 0.004250108 -0.001280650 0.999990165 55.277736664
0.999987662 0.002506183 -0.004274535 1.009690166 -0.002501435 0.999996245 0.001115823 -1.521168470 0.004277313 -0.001105117 0.999990225 55.813838959
0.999985993 0.002797870 -0.004518370 1.014631748 -0.002791900 0.999995232 0.001327078 -1.534740686 0.004522064 -0.001314444 0.999988914 56.348793030
0.999986112 0.002841704 -0.004435771 1.025509238 -0.002836777 0.999995470 0.001116617 -1.551294804 0.004438923 -0.001104018 0.999989510 56.887321472
0.999985814 0.003345021 -0.004142595 1.028605819 -0.003341597 0.999994040 0.000833052 -1.562881827 0.004145357 -0.000819197 0.999991000 57.421722412
0.999985933 0.003449986 -0.004032656 1.035019875 -0.003445894 0.999993563 0.001021140 -1.581872582 0.004036152 -0.001007230 0.999991357 57.939750671
0.999988854 0.003179716 -0.003497716 1.041222692 -0.003176469 0.999994516 0.000933406 -1.594630599 0.003500665 -0.000922285 0.999993443 58.469951630
0.999987185 0.003301056 -0.003832600 1.049485087 -0.003297442 0.999994099 0.000949181 -1.608148217 0.003835710 -0.000936531 0.999992192 58.994651794
0.999987721 0.003402439 -0.003606135 1.055962920 -0.003399024 0.999993742 0.000952758 -1.626591086 0.003609355 -0.000940489 0.999993026 59.520687103
0.999987543 0.003567399 -0.003492479 1.062620521 -0.003564558 0.999993324 0.000819337 -1.642707348 0.003495378 -0.000806878 0.999993563 60.046371460
0.999986529 0.003755320 -0.003616348 1.071139336 -0.003752216 0.999992609 0.000865202 -1.651633143 0.003619570 -0.000851621 0.999993086 60.594493866
0.999987423 0.004053424 -0.002950535 1.074130297 -0.004051445 0.999991536 0.000676453 -1.668207765 0.002953253 -0.000664491 0.999995351 61.112400055
0.999988198 0.003943591 -0.002846223 1.084439039 -0.003941180 0.999991894 0.000851972 -1.683271050 0.002849559 -0.000840744 0.999995530 61.636802673
0.999988019 0.004043896 -0.002739724 1.092912674 -0.004041425 0.999991417 0.000906717 -1.702100515 0.002743368 -0.000895633 0.999995768 62.152854919
0.999986589 0.004562444 -0.002415723 1.104975820 -0.004560541 0.999989271 0.000792760 -1.723490953 0.002419313 -0.000781732 0.999996781 62.684421539
0.999987602 0.004297250 -0.002519328 1.113772869 -0.004295217 0.999990463 0.000812241 -1.734346271 0.002522795 -0.000801410 0.999996483 63.211376190
0.999982417 0.005558404 -0.002033439 1.108369708 -0.005556572 0.999984145 0.000905500 -1.757448316 0.002038439 -0.000894185 0.999997497 63.736156464
0.999981642 0.005788425 -0.001786462 1.122695327 -0.005787061 0.999982953 0.000768713 -1.772029638 0.001790881 -0.000758361 0.999998093 64.240745544
0.999986529 0.004193669 -0.003033923 1.149013758 -0.004191604 0.999990940 0.000686694 -1.784450173 0.003036777 -0.000673968 0.999995112 64.791656494
0.999979198 0.006277652 -0.001490787 1.122642994 -0.006276189 0.999979794 0.000984986 -1.805358410 0.001496940 -0.000975609 0.999998391 65.328773499
0.999978483 0.006412997 -0.001425921 1.132091522 -0.006411723 0.999979019 0.000896065 -1.820082307 0.001431638 -0.000886903 0.999998569 65.864799500
0.999983430 0.005284497 -0.002289177 1.162341595 -0.005283334 0.999985933 0.000513824 -1.837146163 0.002291860 -0.000501721 0.999997258 66.364128113
0.999984741 0.004952319 -0.002461330 1.164765835 -0.004949653 0.999987125 0.001088547 -1.846915722 0.002466690 -0.001076348 0.999996364 66.972557068
0.999981940 0.005709956 -0.001943793 1.173676014 -0.005709652 0.999983668 0.000161624 -1.863295197 0.001944684 -0.000150523 0.999998093 67.430229187
0.999980032 0.006144616 -0.001432041 1.180784345 -0.006144023 0.999981046 0.000417755 -1.884511709 0.001434581 -0.000408948 0.999998868 67.961395264
0.999979258 0.006291019 -0.001460481 1.189622045 -0.006290697 0.999980211 0.000225439 -1.897544980 0.001461870 -0.000216246 0.999998927 68.489486694
0.999980211 0.006053841 -0.001686444 1.195732713 -0.006053104 0.999981582 0.000441129 -1.912061810 0.001689083 -0.000430912 0.999998450 69.016296387
0.999978900 0.006375682 -0.001246774 1.203278661 -0.006375716 0.999979675 -0.000023151 -1.926307082 0.001246602 0.000031100 0.999999225 69.537994385
0.999979317 0.006399179 -0.000465594 1.208653808 -0.006399137 0.999979556 0.000090642 -1.942359686 0.000466166 -0.000087661 0.999999940 70.092559814
0.999979198 0.006320775 -0.001256987 1.220687866 -0.006320570 0.999980032 0.000167655 -1.957713604 0.001258022 -0.000159706 0.999999166 70.602317810
0.999979854 0.006216520 -0.001262316 1.231724262 -0.006216425 0.999980688 0.000079159 -1.975121498 0.001262783 -0.000071310 0.999999225 71.131469727
0.999982178 0.005829561 -0.001241967 1.240589380 -0.005829784 0.999983013 -0.000176502 -1.986344934 0.001240917 0.000183739 0.999999225 71.661804199
0.999978840 0.006430065 -0.000905490 1.243519783 -0.006430360 0.999979258 -0.000320585 -2.003071785 0.000903410 0.000326401 0.999999523 72.196701050
0.999981642 0.005919964 -0.001246052 1.259362221 -0.005920413 0.999982536 -0.000357789 -2.017169476 0.001243912 0.000365159 0.999999166 72.739868164
0.999980688 0.006106453 -0.001175571 1.262894392 -0.006107034 0.999981225 -0.000490706 -2.032422543 0.001172553 0.000497876 0.999999166 73.266990662
0.999981642 0.005969204 -0.000973932 1.275671124 -0.005969916 0.999981940 -0.000730876 -2.046523094 0.000969552 0.000736677 0.999999285 73.800270081
0.999979794 0.006307631 -0.000705306 1.284541607 -0.006308071 0.999979913 -0.000623636 -2.063186169 0.000701358 0.000628073 0.999999583 74.337753296
0.999978185 0.006566310 -0.000592626 1.291366816 -0.006566740 0.999978125 -0.000727576 -2.079876423 0.000587836 0.000731452 0.999999583 74.876838684
0.999975026 0.007060641 -0.000386361 1.300322771 -0.007061055 0.999974489 -0.001079762 -2.094717264 0.000378728 0.001082463 0.999999344 75.411437988
0.999972820 0.007386574 -0.000048522 1.306843281 -0.007386616 0.999972343 -0.000964688 -2.112138510 0.000041396 0.000965020 0.999999523 75.940902710
0.999974430 0.007150345 -0.000105058 1.319125533 -0.007150461 0.999973774 -0.001151531 -2.128336906 0.000096821 0.001152253 0.999999344 76.482482910
0.999972403 0.007429399 0.000179625 1.323084831 -0.007429173 0.999971569 -0.001234323 -2.144328117 -0.000188791 0.001232955 0.999999225 77.024536133
0.999972224 0.007447285 0.000132600 1.327723265 -0.007447162 0.999971807 -0.000907799 -2.160519361 -0.000139357 0.000906787 0.999999523 77.544639587
0.999970376 0.007689941 0.000403590 1.338522911 -0.007689600 0.999970078 -0.000839041 -2.183158159 -0.000410029 0.000835912 0.999999583 78.071113586
0.999966323 0.008174944 0.000628191 1.349032164 -0.008174093 0.999965668 -0.001343512 -2.189453602 -0.000639152 0.001338331 0.999998927 78.626159668
0.999972522 0.007397224 0.000313860 1.358891726 -0.007396863 0.999972105 -0.001128028 -2.207775831 -0.000322195 0.001125676 0.999999225 79.164916992
0.999970913 0.007624395 0.000293258 1.374565363 -0.007623961 0.999969900 -0.001452976 -2.222595453 -0.000304327 0.001450698 0.999998927 79.687416077
0.999969482 0.007602901 0.001791004 1.369747758 -0.007599943 0.999969780 -0.001653250 -2.228407383 -0.001803519 0.001639588 0.999997020 80.245506287
0.999959946 0.008283148 0.003398769 1.374153018 -0.008278664 0.999964833 -0.001331658 -2.261990309 -0.003409680 0.001303467 0.999993324 80.816444397
0.999971330 0.006665412 0.003590127 1.413014770 -0.006657823 0.999975562 -0.002121611 -2.249620914 -0.003604181 0.002097648 0.999991298 81.351257324
0.999961853 0.007050170 0.005153813 1.418002367 -0.007038431 0.999972522 -0.002292263 -2.265136242 -0.005169833 0.002255901 0.999984086 81.884696960
0.999935687 0.007750517 0.008276915 1.442518711 -0.007731742 0.999967456 -0.002297971 -2.274093390 -0.008294457 0.002233828 0.999963105 82.441329956
0.999905288 0.007052996 0.011813999 1.473756909 -0.007032189 0.999973655 -0.001801738 -2.305511951 -0.011826395 0.001718489 0.999928594 82.992622375
0.999868393 0.006632802 0.014803631 1.499312878 -0.006598305 0.999975383 -0.002377865 -2.317086697 -0.014819038 0.002279874 0.999887526 83.510314941
0.999792337 0.007086390 0.019107761 1.528853297 -0.007037363 0.999971747 -0.002631853 -2.329927206 -0.019125873 0.002496839 0.999813974 84.050170898
0.999662757 0.007271548 0.024927843 1.574510932 -0.007217629 0.999971390 -0.002252206 -2.340471029 -0.024943506 0.002071527 0.999686718 84.590003967
0.999495327 0.007432865 0.030884432 1.613727689 -0.007363262 0.999970078 -0.002366805 -2.359528065 -0.030901100 0.002138200 0.999520183 85.129211426
0.999274433 0.007628644 0.037313975 1.646433473 -0.007567205 0.999969900 -0.001787555 -2.383693933 -0.037326489 0.001503896 0.999301970 85.686012268
0.998936594 0.007460631 0.045497898 1.703411102 -0.007365883 0.999970257 -0.002249783 -2.396091223 -0.045513339 0.001912259 0.998961866 86.257385254
0.998548269 0.007350044 0.053360112 1.769625664 -0.007231000 0.999970913 -0.002423681 -2.423576832 -0.053376377 0.002034315 0.998572528 86.830513000
0.998076320 0.007659349 0.061522014 1.786854506 -0.007511432 0.999968290 -0.002635232 -2.434212208 -0.061540250 0.002168043 0.998102248 87.416374207
0.997508109 0.007348097 0.070168570 1.855473995 -0.007139381 0.999969304 -0.003224832 -2.446208239 -0.070190117 0.002715837 0.997529924 87.977584839
0.996793687 0.006644575 0.079737626 1.940399170 -0.006349846 0.999972045 -0.003949245 -2.460586309 -0.079761632 0.003430261 0.996808052 88.564628601
0.996027768 0.006529647 0.088803329 2.003663063 -0.006187444 0.999972284 -0.004128245 -2.470389366 -0.088827841 0.003562381 0.996040642 89.108863831
0.995370865 0.006007336 0.095920429 2.082833767 -0.005609156 0.999974489 -0.004420245 -2.485185623 -0.095944516 0.003861749 0.995379210 89.695205688
0.994356751 0.005715274 0.105934128 2.164645195 -0.005309047 0.999977350 -0.004116318 -2.521076679 -0.105955265 0.003530679 0.994364560 90.223953247
0.993184090 0.005756137 0.116413981 2.253993988 -0.005249648 0.999975324 -0.004656894 -2.528888226 -0.116437905 0.004014020 0.993189871 90.781997681
0.992068112 0.004877890 0.125607565 2.347781181 -0.004343498 0.999980330 -0.004527974 -2.549065351 -0.125627205 0.003946483 0.992069602 91.329994202
0.990606904 0.005063758 0.136647403 2.465230942 -0.004389528 0.999976635 -0.005234955 -2.554376602 -0.136670738 0.004585965 0.990605891 91.894195557
0.988814473 0.004533992 0.149081767 2.568480492 -0.003841969 0.999980450 -0.004929564 -2.583406687 -0.149101242 0.004301656 0.988812506 92.436531067
0.987163544 0.004220452 0.159656763 2.673871994 -0.003405960 0.999979734 -0.005374824 -2.597336769 -0.159676209 0.004762047 0.987157941 92.976821899
0.985338807 0.004146790 0.170558587 2.823472977 -0.003324983 0.999981403 -0.005103688 -2.632108450 -0.170576558 0.004461758 0.985334337 93.598381042
0.983034670 0.003788779 0.183380798 2.945349693 -0.002942552 0.999983728 -0.004886483 -2.641729832 -0.183396295 0.004263975 0.983029783 94.126800537
0.980659962 0.003033023 0.195695877 3.084030151 -0.002147541 0.999986470 -0.004736814 -2.682727098 -0.195707619 0.004224938 0.980653107 94.682792664
0.978561759 0.002543029 0.205937982 3.197393417 -0.001679517 0.999988973 -0.004367771 -2.706488609 -0.205946833 0.003928258 0.978555322 95.231315613
0.975695014 0.002992307 0.219112337 3.342788696 -0.002158752 0.999989450 -0.004043552 -2.728590012 -0.219122142 0.003472265 0.975691259 95.765365601
0.972619891 0.002273886 0.232390672 3.541252136 -0.001155229 0.999987066 -0.004949677 -2.749981165 -0.232398927 0.004545690 0.972609937 96.410133362
0.969852746 0.001924705 0.243684396 3.693037033 -0.000703200 0.999986708 -0.005099541 -2.763838053 -0.243690982 0.004774444 0.969841123 96.932548523
0.967199683 -0.002343041 0.254006445 3.895565033 0.004269681 0.999966145 -0.007033966 -2.770081043 -0.253981352 0.007887776 0.967176974 97.601699829
0.963420331 0.000885616 0.267993540 4.045322418 0.000344545 0.999989629 -0.004543204 -2.815907717 -0.267994761 0.004469351 0.963410020 98.053909302
0.959896982 0.000641100 0.280352324 4.224422455 0.000750524 0.999987900 -0.004856455 -2.822964907 -0.280352056 0.004872107 0.959884882 98.615470886
0.956313968 0.000116228 0.292341530 4.399221420 0.001279885 0.999988675 -0.004584358 -2.849267483 -0.292338699 0.004758249 0.956303000 99.123825073
0.951948881 0.000519766 0.306256443 4.592304230 0.000929736 0.999989033 -0.004587076 -2.862197161 -0.306255490 0.004651400 0.951937973 99.640762329
0.947559655 -0.001279727 0.319576263 4.806882858 0.002944148 0.999984503 -0.004725156 -2.881521463 -0.319565326 0.005418247 0.947548747 100.150627136
0.943555355 -0.001684872 0.331210375 5.012710571 0.003464092 0.999982536 -0.004781612 -2.897387743 -0.331196517 0.005659060 0.943544745 100.666847229
0.939107239 -0.004494599 0.343594581 5.221305847 0.006942389 0.999958515 -0.005894261 -2.903632641 -0.343553811 0.007920711 0.939099610 101.174011230
0.933720648 -0.004724714 0.357971162 5.439308167 0.007313149 0.999956012 -0.005877384 -2.918124199 -0.357927561 0.008105732 0.933714092 101.682044983
0.928882897 -0.005211703 0.370336860 5.660823822 0.007960486 0.999950945 -0.005894398 -2.933721542 -0.370287895 0.008423267 0.928878903 102.191513062
0.924337089 -0.005674202 0.381534666 5.921092987 0.008356349 0.999950647 -0.005373461 -2.970557451 -0.381485343 0.008155126 0.924338937 102.713829041
0.918377042 -0.005303993 0.395671070 6.161388397 0.007714446 0.999960065 -0.004501180 -2.989408016 -0.395631403 0.007186162 0.918381333 103.215507507
0.912632823 -0.006735123 0.408724755 6.422157288 0.009597264 0.999941647 -0.004952103 -3.016588688 -0.408667624 0.008442092 0.912644267 103.706970215
0.907706976 -0.006532286 0.419553787 6.672676086 0.009441506 0.999943614 -0.004858025 -3.028009176 -0.419498384 0.008370883 0.907717526 104.194793701
0.901815712 -0.006887882 0.432065994 6.937858582 0.009910328 0.999939620 -0.004744236 -3.053069115 -0.432007164 0.008560342 0.901829541 104.697753906
0.895232081 -0.006423756 0.445553869 7.202613831 0.009297340 0.999947727 -0.004264033 -3.062633514 -0.445503145 0.007959765 0.895244956 105.184471130
0.889503539 -0.007654795 0.456864148 7.502502441 0.010941814 0.999929726 -0.004549544 -3.089699268 -0.456797242 0.009045756 0.889524817 105.694824219
0.883855820 -0.008576063 0.467680991 7.781627655 0.011902119 0.999920487 -0.004157480 -3.102131844 -0.467608154 0.009241005 0.883887529 106.160438538
0.876110554 -0.009219998 0.482022136 8.069583893 0.012652314 0.999912441 -0.003870436 -3.122076035 -0.481944174 0.009489625 0.876150489 106.636718750
0.868989229 -0.009235708 0.494744837 8.365982056 0.012795658 0.999910831 -0.003808840 -3.133597374 -0.494665504 0.009640425 0.869029880 107.095474243
