1.000000000 0.000000000 0.000000000 0.000000000 0.000000000 1.000000000 0.000000000 0.000000000 0.000000000 0.000000000 1.000000000 0.000000000
1.000000000 -0.000014047 -0.000136410 0.003903901 0.000014051 1.000000000 0.000032608 -0.000336677 0.000136410 -0.000032610 1.000000000 -0.000665420
1.000000000 0.000096632 -0.000023573 0.000776856 -0.000096631 1.000000000 0.000026258 -0.000541271 0.000023576 -0.000026255 1.000000000 -0.002507201
0.999999940 -0.000207163 -0.000148141 0.006444221 0.000207183 0.999999940 0.000135905 -0.002194070 0.000148113 -0.000135936 1.000000000 -0.002533778
1.000000000 -0.000152582 -0.000172845 0.003998604 0.000152596 1.000000000 0.000083815 -0.001428457 0.000172832 -0.000083841 1.000000000 -0.003013094
1.000000000 0.000020732 0.000010057 -0.000662828 -0.000020731 1.000000000 -0.000041790 -0.000254755 -0.000010058 0.000041789 1.000000000 -0.002169018
1.000000000 -0.000090975 -0.000112120 0.003360971 0.000090993 1.000000000 0.000158127 -0.002251765 0.000112106 -0.000158138 1.000000000 -0.005529665
1.000000000 -0.000066751 -0.000061232 -0.001111618 0.000066755 1.000000000 0.000074282 0.000043006 0.000061227 -0.000074286 1.000000000 0.003013504
1.000000000 -0.000013295 -0.000087441 0.002317140 0.000013297 1.000000000 0.000024082 -0.002838936 0.000087441 -0.000024083 1.000000000 -0.007146902
1.000000000 -0.000083690 -0.000055050 0.001811223 0.000083696 1.000000000 0.000110783 -0.000532364 0.000055040 -0.000110788 1.000000000 -0.005731053
1.000000000 -0.000037908 0.000038054 -0.000104133 0.000037906 1.000000000 0.000073215 -0.000834592 -0.000038056 -0.000073214 1.000000000 -0.002010624
0.999999940 -0.000223259 -0.000126226 0.001289211 0.000223275 0.999999940 0.000121908 -0.002905818 0.000126199 -0.000121936 1.000000000 -0.008166820
1.000000000 -0.000089478 0.000016040 0.000421785 0.000089477 1.000000000 0.000093148 -0.001583194 -0.000016049 -0.000093147 1.000000000 -0.004237270
1.000000000 -0.000105057 -0.000014362 0.001634860 0.000105059 1.000000000 0.000148786 -0.002653233 0.000014346 -0.000148788 1.000000000 -0.006712058
1.000000000 -0.000170018 -0.000080745 0.001737595 0.000170028 1.000000000 0.000122829 -0.001436419 0.000080724 -0.000122842 1.000000000 -0.006234619
1.000000000 -0.000156650 -0.000107759 0.001049457 0.000156663 1.000000000 0.000119174 -0.001615052 0.000107740 -0.000119191 1.000000000 -0.006067152
0.999999940 -0.000261830 -0.000063611 0.001240262 0.000261836 0.999999940 0.000088592 -0.001702559 0.000063588 -0.000088609 1.000000000 -0.007032523
1.000000000 -0.000065085 -0.000083565 0.002749674 0.000065101 1.000000000 0.000180402 -0.003435405 0.000083554 -0.000180408 1.000000000 -0.009972509
0.999999940 -0.000384414 -0.000111509 0.003640872 0.000384439 0.999999881 0.000221932 -0.004518128 0.000111424 -0.000221975 0.999999940 -0.009948554
1.000000000 -0.000168197 -0.000082599 0.002061679 0.000168206 1.000000000 0.000107694 -0.003585145 0.000082581 -0.000107708 1.000000000 -0.006368013
1.000000000 -0.000095827 -0.000065339 0.003463697 0.000095846 0.999999940 0.000294563 -0.006089765 0.000065311 -0.000294569 0.999999940 -0.009100001
1.000000000 -0.000027454 0.000016843 0.000230915 0.000027452 1.000000000 0.000103729 -0.000797084 -0.000016845 -0.000103729 1.000000000 -0.005410605
0.999999940 -0.000190045 -0.000232705 0.006209658 0.000190112 0.999999940 0.000289791 -0.004074540 0.000232650 -0.000289835 0.999999940 -0.013896321
0.999999940 -0.000273392 -0.000067022 -0.000146254 0.000273412 0.999999940 0.000296176 -0.004152535 0.000066941 -0.000296194 0.999999940 -0.007498500
0.999999940 -0.000221563 -0.000182914 0.005608145 0.000221602 0.999999940 0.000213408 -0.003485099 0.000182867 -0.000213448 0.999999940 -0.011986868
0.999999940 -0.000251990 -0.000132566 0.003104395 0.000252028 0.999999940 0.000286268 -0.003730115 0.000132494 -0.000286301 0.999999940 -0.011381067
1.000000000 -0.000106422 -0.000110128 0.001909122 0.000106442 1.000000000 0.000182955 -0.004894394 0.000110108 -0.000182967 1.000000000 -0.011400386
1.000000000 -0.000194716 -0.000106297 0.002637121 0.000194746 0.999999940 0.000279599 -0.004259401 0.000106242 -0.000279620 0.999999940 -0.006674977
1.000000000 -0.000195418 -0.000115378 -0.000229866 0.000195436 0.999999940 0.000156446 0.000294587 0.000115347 -0.000156468 1.000000000 -0.006298798
1.000000000 -0.000067448 -0.000054621 -0.002036492 0.000067457 1.000000000 0.000168293 -0.000441681 0.000054609 -0.000168297 1.000000000 0.000424078
1.000000000 -0.000110492 -0.000078393 -0.000770096 0.000110510 0.999999940 0.000232882 -0.001510534 0.000078367 -0.000232891 0.999999940 -0.001701042
0.999999940 -0.000314021 -0.000186357 -0.001398010 0.000314070 0.999999940 0.000265013 -0.003243738 0.000186274 -0.000265072 0.999999940 -0.010032401
0.999999881 -0.000417151 -0.000191024 0.003101586 0.000417203 0.999999881 0.000269114 -0.003701899 0.000190911 -0.000269194 0.999999940 -0.008450247
1.000000000 -0.000069498 -0.000137461 0.000559238 0.000069514 1.000000000 0.000115675 -0.001609380 0.000137453 -0.000115685 1.000000000 -0.003355656
1.000000000 -0.000217016 -0.000104299 0.001024001 0.000217031 0.999999940 0.000146040 -0.002770985 0.000104267 -0.000146062 1.000000000 -0.003527134
1.000000000 -0.000216549 -0.000052964 -0.000838373 0.000216549 1.000000000 -0.000007466 -0.000487469 0.000052965 0.000007454 1.000000000 -0.006068581
0.999999940 -0.000287275 -0.000129068 0.002821420 0.000287296 0.999999940 0.000164965 -0.002005392 0.000129020 -0.000165002 1.000000000 -0.008668099
0.999999940 -0.000300674 -0.000219948 0.001898619 0.000300713 0.999999940 0.000173172 -0.001026301 0.000219895 -0.000173238 0.999999940 -0.007569998
0.999999940 -0.000230299 -0.000128498 0.000447493 0.000230339 0.999999940 0.000309607 -0.002810097 0.000128427 -0.000309637 0.999999940 -0.009565262
0.999999940 -0.000331822 -0.000193731 0.003268277 0.000331876 0.999999881 0.000275068 -0.005168037 0.000193640 -0.000275133 0.999999940 -0.008344571
0.999999940 -0.000232005 -0.000165887 0.008307487 0.000231942 0.999999881 -0.000379208 -0.009573512 0.000165975 0.000379170 0.999999940 0.042590134
0.999999940 -0.000252663 -0.000219042 0.006695928 0.000252426 0.999999404 -0.001080160 -0.007110440 0.000219314 0.001080105 0.999999404 0.140399933
0.999999940 -0.000252227 -0.000141673 0.003457092 0.000252043 0.999999106 -0.001298541 -0.012934832 0.000142001 0.001298505 0.999999166 0.261761963
0.999999881 -0.000431085 0.000019188 0.001844370 0.000431109 0.999999106 -0.001276050 -0.018725986 -0.000018638 0.001276058 0.999999166 0.395393550
0.999999940 -0.000143302 -0.000246956 0.014770992 0.000143054 0.999999464 -0.001007319 -0.023476372 0.000247100 0.001007284 0.999999464 0.530406415
1.000000000 -0.000096915 -0.000107175 0.015656723 0.000096809 0.999999523 -0.000990822 -0.028662477 0.000107271 0.000990812 0.999999523 0.690548122
0.999999881 -0.000418330 0.000300641 0.010994555 0.000418578 0.999999583 -0.000824935 -0.031889815 -0.000300296 0.000825061 0.999999642 0.868737936
0.999999762 -0.000558257 -0.000408927 0.029858435 0.000558059 0.999999702 -0.000484294 -0.039164752 0.000409197 0.000484066 0.999999821 1.027657032
0.999999940 -0.000248575 0.000123964 0.026004210 0.000248654 0.999999762 -0.000638047 -0.040482227 -0.000123805 0.000638078 0.999999762 1.204308391
0.999999881 -0.000514506 -0.000106830 0.043512255 0.000514480 0.999999821 -0.000239480 -0.056209378 0.000106954 0.000239425 0.999999940 1.417001724
1.000000000 -0.000202331 -0.000100728 0.041536558 0.000202300 0.999999940 -0.000308674 -0.063211307 0.000100791 0.000308654 0.999999940 1.605816364
0.999999881 -0.000421907 0.000291034 0.028327348 0.000421817 0.999999881 0.000309122 -0.071578816 -0.000291165 -0.000308999 0.999999881 1.791466951
0.999998152 -0.001076117 0.001601348 0.033934943 0.001075266 0.999999285 0.000531981 -0.079413265 -0.001601920 -0.000530258 0.999998569 1.985174775
0.999997139 -0.000660334 0.002287287 0.032639910 0.000659836 0.999999762 0.000218404 -0.081948131 -0.002287431 -0.000216894 0.999997318 2.214629650
0.999997735 -0.000451736 0.002073349 0.037059173 0.000451467 0.999999881 0.000129938 -0.083772220 -0.002073408 -0.000129002 0.999997854 2.400998831
0.999997795 -0.000364994 0.002067275 0.044966448 0.000364500 0.999999940 0.000239471 -0.093869157 -0.002067362 -0.000238717 0.999997854 2.629328728
0.999996662 -0.000131035 0.002565643 0.046046510 0.000130098 0.999999881 0.000365169 -0.098082587 -0.002565691 -0.000364834 0.999996603 2.862176180
0.999996960 -0.000558104 0.002404215 0.049217533 0.000557202 0.999999702 0.000375532 -0.106509931 -0.002404424 -0.000374191 0.999997020 3.063710213
0.999996960 0.000065975 0.002460868 0.058130324 -0.000066672 0.999999940 0.000283147 -0.113345005 -0.002460849 -0.000283310 0.999996901 3.317502260
0.999995887 0.000215352 0.002856436 0.059255857 -0.000216465 0.999999881 0.000389341 -0.119728886 -0.002856352 -0.000389958 0.999995828 3.563599110
0.999996185 -0.000056813 0.002766611 0.067748144 0.000054917 0.999999762 0.000685268 -0.129633203 -0.002766650 -0.000685114 0.999995887 3.804713488
0.999996603 -0.000007560 0.002614343 0.079435423 0.000005485 0.999999702 0.000793903 -0.140634656 -0.002614348 -0.000793886 0.999996245 4.071544647
0.999995112 -0.000952875 0.002973024 0.061145179 0.000948632 0.999998510 0.001428428 -0.156870797 -0.002974381 -0.001425601 0.999994576 4.262565613
0.999995947 -0.000966902 0.002700846 0.074532658 0.000963570 0.999998808 0.001234662 -0.161629528 -0.002702037 -0.001232054 0.999995589 4.525857449
0.999994993 -0.001071644 0.002944049 0.084635504 0.001067822 0.999998569 0.001299577 -0.168233231 -0.002945438 -0.001296427 0.999994874 4.785543919
0.999994338 -0.000073623 0.003354821 0.091135852 0.000069505 0.999999225 0.001227685 -0.176800177 -0.003354909 -0.001227445 0.999993682 5.060501575
0.999995232 -0.001225206 0.002840123 0.080970399 0.001220605 0.999997914 0.001620996 -0.187744617 -0.002842103 -0.001617522 0.999994636 5.332501411
0.999993086 -0.000974812 0.003585511 0.065694131 0.000967164 0.999997258 0.002134155 -0.221932694 -0.003587582 -0.002130672 0.999991238 5.533559322
0.999992549 -0.000463176 0.003838517 0.066302717 0.000454599 0.999997258 0.002234798 -0.228136212 -0.003839542 -0.002233037 0.999990106 5.796710491
0.999991834 -0.001357924 0.003812039 0.078486927 0.001349465 0.999996662 0.002220632 -0.239125475 -0.003815041 -0.002215469 0.999990284 6.077586174
0.999991298 -0.001104974 0.004018442 0.080416366 0.001094234 0.999995768 0.002673943 -0.249940783 -0.004021380 -0.002669522 0.999988377 6.358761311
0.999992788 -0.000735428 0.003722425 0.077743068 0.000726350 0.999996781 0.002439611 -0.260338008 -0.003724207 -0.002436890 0.999990106 6.615199566
0.999993265 -0.001304722 0.003430750 0.093670204 0.001295380 0.999995470 0.002723966 -0.271721750 -0.003434288 -0.002719504 0.999990463 6.906254292
0.999992788 -0.000968455 0.003675976 0.100103945 0.000957664 0.999995232 0.002936035 -0.281546265 -0.003678802 -0.002932493 0.999988973 7.204442024
0.999991357 -0.000623026 0.004110677 0.107064560 0.000609890 0.999994695 0.003196078 -0.296537817 -0.004112646 -0.003193544 0.999986529 7.511381626
0.999992073 -0.000873955 0.003888326 0.104600534 0.000862527 0.999995291 0.002939835 -0.299873978 -0.003890877 -0.002936458 0.999988139 7.822800159
0.999992192 -0.001146789 0.003761620 0.115937360 0.001136059 0.999995291 0.002853108 -0.308672041 -0.003764874 -0.002848813 0.999988914 8.139119148
0.999992549 -0.001002614 0.003731098 0.127622962 0.000992545 0.999995887 0.002699545 -0.307885230 -0.003733790 -0.002695822 0.999989390 8.464059830
0.999990344 -0.001225809 0.004233334 0.125864178 0.001214113 0.999995410 0.002764444 -0.319146484 -0.004236704 -0.002759278 0.999987245 8.815287590
0.999990165 -0.001487625 0.004184121 0.126012027 0.001476485 0.999995351 0.002664421 -0.333543241 -0.004188065 -0.002658217 0.999987721 9.096574783
0.999988854 -0.002228914 0.004180656 0.136799306 0.002217162 0.999993622 0.002813458 -0.343555421 -0.004186900 -0.002804158 0.999987364 9.446133614
0.999989510 -0.002341716 0.003935385 0.145863593 0.002330365 0.999993086 0.002886534 -0.346408665 -0.003942118 -0.002877333 0.999988139 9.783810616
0.999989331 -0.001810633 0.004252279 0.149216101 0.001798102 0.999993980 0.002948866 -0.361749470 -0.004257593 -0.002941188 0.999986649 10.147184372
0.999989271 -0.002005833 0.004185873 0.160834938 0.001990108 0.999990880 0.003757461 -0.379534334 -0.004193373 -0.003749091 0.999984145 10.505055428
0.999990940 -0.001462862 0.003999567 0.175818175 0.001447981 0.999991953 0.003720994 -0.400059402 -0.004004979 -0.003715169 0.999985039 10.790165901
0.999990106 -0.000913600 0.004345687 0.177906275 0.000897334 0.999992549 0.003743654 -0.412627548 -0.004349075 -0.003739717 0.999983549 11.174263000
0.999990702 -0.001983135 0.003830803 0.197970808 0.001968754 0.999991000 0.003754409 -0.417475611 -0.003838214 -0.003746832 0.999985635 11.553185463
0.999989569 -0.001027970 0.004464694 0.197226554 0.001008645 0.999990165 0.004328531 -0.431071788 -0.004469100 -0.004323982 0.999980688 11.911440849
0.999986649 -0.001209185 0.005025026 0.204747498 0.001185644 0.999988317 0.004685094 -0.449618191 -0.005030632 -0.004679074 0.999976397 12.278338432
0.999986768 -0.001828445 0.004806933 0.210479289 0.001804928 0.999986410 0.004892066 -0.475958943 -0.004815814 -0.004883324 0.999976397 12.641389847
0.999987543 -0.001630864 0.004701019 0.224828780 0.001605603 0.999984324 0.005372262 -0.495069325 -0.004709706 -0.005364648 0.999974489 13.029583931
0.999985754 -0.001341845 0.005181860 0.230911106 0.001316265 0.999986887 0.004936864 -0.496603191 -0.005188418 -0.004929973 0.999974370 13.433007240
0.999983013 -0.000485758 0.005815249 0.227600813 0.000453116 0.999984205 0.005613186 -0.509322107 -0.005817884 -0.005610456 0.999967277 13.859571457
0.999983370 -0.001949093 0.005430370 0.257241815 0.001920053 0.999983847 0.005347818 -0.538460255 -0.005440706 -0.005337303 0.999970973 14.250694275
0.999980271 -0.002190619 0.005893131 0.270271748 0.002158462 0.999982774 0.005457587 -0.545817196 -0.005904986 -0.005444760 0.999967754 14.685751915
0.999978840 -0.002474851 0.006026399 0.285145193 0.002440244 0.999980569 0.005743020 -0.556673944 -0.006040496 -0.005728192 0.999965370 15.096975327
0.999975860 -0.001141725 0.006862001 0.299666733 0.001098974 0.999979913 0.006230690 -0.574611187 -0.006868978 -0.006222997 0.999957025 15.553394318
0.999974251 -0.002167334 0.006842807 0.297335386 0.002123250 0.999976933 0.006443087 -0.602542698 -0.006856616 -0.006428393 0.999955833 15.954339027
0.999973714 -0.002291753 0.006871581 0.315957040 0.002253205 0.999981701 0.005612290 -0.606072247 -0.006884316 -0.005596659 0.999960721 16.406147003
0.999969244 -0.001341426 0.007735454 0.319013268 0.001299941 0.999984741 0.005365447 -0.608253956 -0.007742533 -0.005355226 0.999955714 16.863109589
0.999969304 -0.001340806 0.007716534 0.337769747 0.001293743 0.999980509 0.006100752 -0.628439248 -0.007724563 -0.006090582 0.999951661 17.329475403
0.999967098 -0.002232934 0.007800110 0.348366857 0.002182038 0.999976337 0.006527468 -0.650105238 -0.007814500 -0.006510233 0.999948263 17.732259750
0.999964416 -0.002996320 0.007889230 0.366805434 0.002944551 0.999974191 0.006565427 -0.657613099 -0.007908697 -0.006541964 0.999947309 18.205823898
0.999964595 -0.003255195 0.007769614 0.386799395 0.003201218 0.999970794 0.006949625 -0.675007463 -0.007792008 -0.006924506 0.999945700 18.673355103
0.999957204 -0.001930506 0.009046417 0.393151969 0.001868299 0.999974668 0.006879812 -0.685492396 -0.009059468 -0.006862615 0.999935389 19.143281937
0.999965966 -0.002109243 0.007970846 0.414650500 0.002051367 0.999971509 0.007262136 -0.714963198 -0.007985936 -0.007245538 0.999941826 19.585641861
0.999965250 -0.002311108 0.008016932 0.424374640 0.002252229 0.999970496 0.007345664 -0.725952387 -0.008033671 -0.007327352 0.999940932 20.075746536
0.999966085 -0.002390193 0.007883648 0.429095626 0.002332731 0.999970734 0.007289912 -0.740870178 -0.007900842 -0.007271274 0.999942303 20.603139877
0.999970436 -0.002313307 0.007334075 0.443142891 0.002257283 0.999968290 0.007637840 -0.754209459 -0.007351512 -0.007621059 0.999943912 21.070793152
0.999975085 -0.001894325 0.006790067 0.453288794 0.001844740 0.999971688 0.007301363 -0.763854742 -0.006803705 -0.007288656 0.999950290 21.581445694
0.999974310 -0.002197780 0.006828319 0.469859838 0.002144704 0.999967515 0.007770546 -0.779953003 -0.006845175 -0.007755700 0.999946475 22.087388992
0.999978423 -0.002923382 0.005884201 0.481031686 0.002880725 0.999969602 0.007244741 -0.780403614 -0.005905201 -0.007227634 0.999956429 22.602569580
0.999982774 -0.003251500 0.004872151 0.517999768 0.003213346 0.999964297 0.007818396 -0.811512351 -0.004897399 -0.007802605 0.999957561 23.055068970
0.999980628 -0.004681111 0.004105407 0.525545835 0.004649448 0.999959707 0.007688383 -0.822290421 -0.004141232 -0.007669146 0.999962032 23.584699631
0.999987483 -0.003416204 0.003633064 0.541072965 0.003388842 0.999966025 0.007510810 -0.832083702 -0.003658599 -0.007498405 0.999965131 24.092817307
0.999989271 -0.003631461 0.002857276 0.555828869 0.003609468 0.999964058 0.007665168 -0.838782370 -0.002885008 -0.007654772 0.999966562 24.639919281
0.999991357 -0.003044658 0.002826873 0.551787853 0.003024230 0.999969602 0.007202600 -0.843770266 -0.002848716 -0.007193990 0.999970078 25.155660629
0.999990880 -0.003440218 0.002547743 0.564097047 0.003422614 0.999970555 0.006882095 -0.854118884 -0.002571344 -0.006873312 0.999973118 25.701858521
0.999992073 -0.003170149 0.002396492 0.579207122 0.003150889 0.999963045 0.007998186 -0.862825871 -0.002421758 -0.007990572 0.999965191 26.249254227
0.999992967 -0.003382508 0.001634180 0.591383100 0.003368849 0.999959946 0.008290065 -0.895986021 -0.001662156 -0.008284504 0.999964297 26.754137039
0.999994218 -0.002748502 0.002052663 0.598069668 0.002732317 0.999965489 0.007846577 -0.907869041 -0.002074159 -0.007840924 0.999967098 27.310220718
0.999995112 -0.002650575 0.001653412 0.605950713 0.002637202 0.999964178 0.008038664 -0.913834155 -0.001674660 -0.008034265 0.999966264 27.851064682
0.999996364 -0.002576151 0.000832518 0.624143243 0.002568943 0.999960124 0.008546328 -0.930982709 -0.000854502 -0.008544159 0.999963105 28.354225159
0.999996960 -0.002432315 0.000570305 0.637751281 0.002427171 0.999957800 0.008853224 -0.946924686 -0.000591815 -0.008851812 0.999960601 28.898651123
0.999997318 -0.002310241 0.000141244 0.648581922 0.002308953 0.999960959 0.008528847 -0.951761484 -0.000160942 -0.008528500 0.999963641 29.435487747
0.999998450 -0.001768819 -0.000005851 0.660763681 0.001768805 0.999962032 0.008526343 -0.964020252 -0.000009231 -0.008526341 0.999963641 29.981634140
0.999996960 -0.002466901 -0.000055873 0.658744693 0.002467303 0.999956727 0.008972935 -0.984646320 0.000033736 -0.008973044 0.999959767 30.490530014
0.999996960 -0.002402332 -0.000583570 0.678134203 0.002407359 0.999958634 0.008771680 -0.999001205 0.000562473 -0.008773058 0.999961436 31.024408340
0.999997258 -0.002328140 -0.000372003 0.697409391 0.002331406 0.999956548 0.009035289 -1.020856023 0.000350951 -0.009036130 0.999959111 31.571208954
0.999996662 -0.002422411 -0.000817642 0.705364466 0.002429352 0.999960065 0.008597966 -1.005359292 0.000796781 -0.008599927 0.999962687 32.059196472
0.999997377 -0.002230799 -0.000465453 0.698684335 0.002234777 0.999959409 0.008729128 -1.021764040 0.000445961 -0.008730148 0.999961793 32.593688965
0.999998033 -0.001836905 -0.000848322 0.713518202 0.001843640 0.999966204 0.008007702 -1.029022336 0.000833584 -0.008009251 0.999967575 33.145336151
0.999996126 -0.002362821 -0.001441113 0.733813763 0.002375777 0.999956191 0.009056238 -1.041366100 0.001419652 -0.009059628 0.999957979 33.684295654
0.999994159 -0.002843435 -0.001906023 0.754053473 0.002860381 0.999955893 0.008947483 -1.047032833 0.001880497 -0.008952884 0.999958158 34.221420288
0.999993622 -0.002589875 -0.002443449 0.789215326 0.002610391 0.999961138 0.008430894 -1.041268945 0.002421519 -0.008437219 0.999961495 34.741607666
0.999995828 -0.002362366 -0.001673572 0.755993724 0.002377515 0.999955714 0.009108751 -1.094158530 0.001651980 -0.009112692 0.999957085 35.305526733
0.999996424 -0.002038634 -0.001756323 0.765958488 0.002054316 0.999957740 0.008973818 -1.102292418 0.001737954 -0.008977395 0.999958098 35.857372284
0.999996662 -0.001849185 -0.001817139 0.775622547 0.001864634 0.999961853 0.008537358 -1.106373549 0.001801282 -0.008540717 0.999961853 36.396335602
0.999994218 -0.002777584 -0.001987215 0.786111534 0.002795735 0.999953806 0.009190186 -1.121933579 0.001961597 -0.009195690 0.999955773 36.925514221
0.999994397 -0.002788894 -0.001850977 0.786654353 0.002807308 0.999945819 0.010021186 -1.164029121 0.001822929 -0.010026326 0.999948084 37.435680389
0.999994695 -0.002746408 -0.001753855 0.787721694 0.002763671 0.999947011 0.009917168 -1.177336454 0.001726525 -0.009921962 0.999949336 37.979751587
0.999992251 -0.003374336 -0.002032097 0.799859881 0.003395012 0.999941587 0.010258499 -1.191424370 0.001997363 -0.010265318 0.999945343 38.515422821
0.999998331 -0.001734361 -0.000561294 0.757878184 0.001739663 0.999952495 0.009588092 -1.167274237 0.000544638 -0.009589054 0.999953866 38.967624664
0.999992847 -0.003157445 -0.002073226 0.828360796 0.003177473 0.999947608 0.009729313 -1.194552660 0.002042397 -0.009735830 0.999950469 39.570598602
0.999991536 -0.003258782 -0.002523266 0.857215941 0.003286224 0.999934673 0.010949101 -1.249939084 0.002487420 -0.010957301 0.999936879 40.108528137
0.999991715 -0.003243084 -0.002448294 0.860672057 0.003270289 0.999932110 0.011190797 -1.259835720 0.002411835 -0.011198713 0.999934375 40.636848450
0.999993324 -0.002659641 -0.002515193 0.874098539 0.002686847 0.999937296 0.010875813 -1.261665821 0.002486110 -0.010882501 0.999937713 41.189819336
0.999993443 -0.002402689 -0.002712266 0.895309389 0.002430983 0.999942183 0.010477278 -1.265022278 0.002686935 -0.010483801 0.999941468 41.739116669
0.999991894 -0.002438802 -0.003212687 0.925068319 0.002471484 0.999944866 0.010208448 -1.271040916 0.003187614 -0.010216305 0.999942780 42.325447083
0.999988914 -0.003495969 -0.003151301 0.906811059 0.003532625 0.999925256 0.011702400 -1.309272528 0.003110154 -0.011713400 0.999926507 42.763496399
0.999989450 -0.003527750 -0.002932811 0.910588443 0.003562254 0.999923468 0.011844108 -1.317243814 0.002890803 -0.011854431 0.999925554 43.308059692
0.999986947 -0.003813506 -0.003407922 0.929921031 0.003852381 0.999926746 0.011474508 -1.321852922 0.003363914 -0.011487489 0.999928355 43.856872559
0.999984801 -0.004023340 -0.003768671 0.939886391 0.004064470 0.999931633 0.010970435 -1.326337576 0.003724276 -0.010985589 0.999932706 44.413711548
0.999987185 -0.004012457 -0.003102990 0.951037884 0.004049665 0.999918818 0.012079239 -1.344010353 0.003054270 -0.012091650 0.999922216 44.938953400
0.999989390 -0.003499886 -0.002986771 0.964812517 0.003533578 0.999929309 0.011350657 -1.356007695 0.002946833 -0.011361090 0.999931037 45.442050934
0.999990344 -0.003123128 -0.003087797 0.980855703 0.003158443 0.999928892 0.011499088 -1.373983383 0.003051665 -0.011508729 0.999929070 45.971443176
0.999989569 -0.003167732 -0.003304034 0.982267678 0.003202899 0.999937654 0.010693285 -1.367153883 0.003269954 -0.010703754 0.999937296 46.540267944
0.999991596 -0.002878375 -0.002929182 0.985360742 0.002911570 0.999930859 0.011391826 -1.386402726 0.002896188 -0.011400257 0.999930739 47.040008545
0.999989152 -0.003251050 -0.003351605 1.007844806 0.003289456 0.999928296 0.011517962 -1.400259256 0.003313919 -0.011528860 0.999927998 47.580177307
0.999989450 -0.003279862 -0.003244505 1.010328054 0.003317830 0.999925196 0.011766901 -1.413145542 0.003205669 -0.011777542 0.999925435 48.122947693
0.999989569 -0.003125341 -0.003323365 1.027262568 0.003165138 0.999922514 0.012037791 -1.423564553 0.003285485 -0.012048187 0.999921978 48.678035736
0.999991059 -0.003033177 -0.002937089 1.028048396 0.003066799 0.999929011 0.011511238 -1.430244803 0.002901967 -0.011520145 0.999929428 49.181358337
0.999992073 -0.002762292 -0.002864406 1.035646200 0.002794408 0.999932528 0.011269209 -1.439610243 0.002833084 -0.011277126 0.999932349 49.721107483
0.999993980 -0.002429010 -0.002470250 1.042523980 0.002457447 0.999929965 0.011574709 -1.450355887 0.002441961 -0.011580712 0.999929965 50.260940552
0.999993622 -0.002477518 -0.002567697 1.042851329 0.002507503 0.999927878 0.011741178 -1.461658001 0.002538423 -0.011747541 0.999927819 50.808250427
0.999992251 -0.002939439 -0.002615459 1.063680530 0.002969227 0.999929845 0.011458903 -1.468712807 0.002581593 -0.011466580 0.999930918 51.324153900
0.999992073 -0.002727416 -0.002894463 1.077105761 0.002761879 0.999924541 0.011970442 -1.482710838 0.002861597 -0.011978341 0.999924183 51.861377716
0.999992669 -0.002741094 -0.002666495 1.080287695 0.002772191 0.999927342 0.011729068 -1.493477345 0.002634152 -0.011736374 0.999927700 52.401641846
0.999996006 -0.001840117 -0.002127821 1.070936084 0.001865405 0.999926925 0.011944368 -1.511900902 0.002105687 -0.011948291 0.999926388 52.955867767
0.999996245 -0.001760996 -0.002076416 1.063190818 0.001786562 0.999921799 0.012375518 -1.516426802 0.002054461 -0.012379182 0.999921203 53.446472168
0.999991834 -0.003004921 -0.002705066 1.121146202 0.003037329 0.999922633 0.012057147 -1.542402983 0.002668625 -0.012065263 0.999923646 53.979358673
0.999990106 -0.003061050 -0.003242305 1.134698749 0.003100714 0.999919534 0.012299845 -1.549916863 0.003204394 -0.012309775 0.999919116 54.521308899
0.999988914 -0.003495484 -0.003163425 1.137719274 0.003535043 0.999914527 0.012587306 -1.563503504 0.003119156 -0.012598350 0.999915779 55.075424194
0.999993861 -0.002613432 -0.002394108 1.150139928 0.002642864 0.999920070 0.012374152 -1.579988480 0.002361578 -0.012380404 0.999920487 55.571342468
0.999995589 -0.002208730 -0.002048778 1.160012960 0.002234518 0.999917209 0.012671170 -1.589331150 0.002020622 -0.012675691 0.999917567 56.120498657
0.999995530 -0.002236164 -0.001974205 1.166854024 0.002261760 0.999912202 0.013059696 -1.604269266 0.001944829 -0.013064105 0.999912798 56.689220428
0.999997020 -0.001821182 -0.001645218 1.177111149 0.001841951 0.999917507 0.012711631 -1.609506369 0.001621932 -0.012714622 0.999917865 57.251747131
0.999994636 -0.002380013 -0.002252130 1.196991086 0.002408236 0.999917567 0.012612715 -1.615260005 0.002221926 -0.012618070 0.999917924 57.717018127
0.999992073 -0.003004594 -0.002596046 1.207060575 0.003035473 0.999923706 0.011973802 -1.621234775 0.002559871 -0.011981586 0.999924958 58.254951477
0.999994755 -0.002285055 -0.002305501 1.217707753 0.002313624 0.999919593 0.012465918 -1.637743473 0.002276831 -0.012471187 0.999919653 58.802974701
0.999995232 -0.002248981 -0.002176576 1.215846062 0.002277416 0.999910891 0.013150923 -1.655698180 0.002146806 -0.013155813 0.999911129 59.316776276
0.999994099 -0.002708724 -0.002145284 1.229439497 0.002735661 0.999916136 0.012654709 -1.665611029 0.002110825 -0.012660502 0.999917567 59.875370026
0.999996901 -0.001568019 -0.001949934 1.274881244 0.001593401 0.999913096 0.013084161 -1.689404488 0.001929250 -0.013087227 0.999912441 60.360767365
0.999994576 -0.002293310 -0.002366817 1.267457128 0.002322701 0.999919295 0.012490264 -1.701539993 0.002337981 -0.012495697 0.999919176 60.945785522
0.999995708 -0.002036269 -0.002078330 1.288298488 0.002063109 0.999913454 0.012994627 -1.701372743 0.002051689 -0.012998859 0.999913394 61.452510834
0.999997973 -0.001219522 -0.001601725 1.288044572 0.001240460 0.999912918 0.013136839 -1.708564401 0.001585565 -0.013138798 0.999912441 61.978847504
0.999996603 -0.001563902 -0.002066983 1.297358871 0.001590309 0.999916375 0.012836599 -1.718570113 0.002046735 -0.012839843 0.999915421 62.510211945
0.999996781 -0.001694893 -0.001939270 1.303457737 0.001720539 0.999910057 0.013299837 -1.742100716 0.001916553 -0.013303133 0.999909699 63.030956268
0.999996662 -0.001765053 -0.001885412 1.297947407 0.001790305 0.999907613 0.013476553 -1.754858255 0.001861450 -0.013479884 0.999907434 63.567390442
0.999994814 -0.002094850 -0.002437712 1.328911304 0.002127268 0.999908268 0.013373014 -1.763524175 0.002409474 -0.013378130 0.999907553 64.128829956
0.999998033 -0.001119946 -0.001642773 1.353781581 0.001141318 0.999913931 0.013066865 -1.757117629 0.001627996 -0.013068713 0.999913216 64.641418457
0.999997377 -0.001437345 -0.001780914 1.379557848 0.001460010 0.999917030 0.012791341 -1.774589062 0.001762380 -0.012793905 0.999916613 65.161521912
0.999999642 0.000039862 -0.000856208 1.364380121 -0.000028941 0.999918699 0.012751253 -1.771698475 0.000856646 -0.012751224 0.999918282 65.732681274
0.999999106 -0.000401959 -0.001222062 1.391225457 0.000417886 0.999914646 0.013060494 -1.781110048 0.001216708 -0.013060994 0.999913931 66.271018982
0.999999464 0.000124830 -0.001051577 1.399623394 -0.000111011 0.999913692 0.013132052 -1.814535379 0.001053127 -0.013131929 0.999913216 66.754646301
0.999999821 0.000189565 -0.000664884 1.407690883 -0.000181037 0.999917984 0.012803460 -1.819598675 0.000667256 -0.012803338 0.999917805 67.295196533
0.999999404 0.000983245 -0.000574567 1.410240531 -0.000975217 0.999904096 0.013808610 -1.846378803 0.000588088 -0.013808041 0.999904454 67.843879700
0.999999404 0.001118033 -0.000129050 1.418390274 -0.001116286 0.999917090 0.012827062 -1.835460424 0.000143381 -0.012826911 0.999917686 68.406867981
0.999999583 0.000644506 -0.000528522 1.443593144 -0.000637267 0.999907553 0.013582694 -1.865999699 0.000537227 -0.013582353 0.999907613 68.865043640
0.999999225 0.001031182 -0.000546465 1.446290016 -0.001023566 0.999904811 0.013757617 -1.874829054 0.000560600 -0.013757048 0.999905229 69.425354004
0.999997973 0.002011355 0.000213238 1.465487838 -0.002014065 0.999905765 0.013575155 -1.893131852 -0.000185913 -0.013575559 0.999907792 69.941093445
0.999999523 0.000915263 -0.000465356 1.505549431 -0.000908761 0.999904573 0.013786173 -1.902177572 0.000477930 -0.013785742 0.999904871 70.473686218
0.999998689 0.000507222 -0.001534489 1.545179129 -0.000485921 0.999903977 0.013849809 -1.931627989 0.001541367 -0.013849043 0.999902904 70.946502686
0.999998331 0.001055474 -0.001514219 1.557775378 -0.001034131 0.999901116 0.014027011 -1.945865870 0.001528874 -0.014025422 0.999900460 71.485595703
0.999996901 0.002471675 -0.000269643 1.542034030 -0.002467744 0.999902844 0.013719305 -1.942161560 0.000303527 -0.013718596 0.999905825 72.062652588
0.999997675 0.002163264 0.000098721 1.559645772 -0.002164400 0.999906361 0.013509398 -1.951606035 -0.000069489 -0.013509580 0.999908745 72.598472595
0.999999285 0.000775573 -0.000916679 1.597845554 -0.000762348 0.999896824 0.014340134 -1.987255096 0.000927705 -0.014339426 0.999896765 73.074607849
0.999999464 0.000958632 -0.000438606 1.605535269 -0.000952388 0.999901175 0.014022672 -1.996507764 0.000452004 -0.014022244 0.999901652 73.620254517
0.999999464 0.000639209 -0.000815636 1.611803412 -0.000627797 0.999902904 0.013914851 -2.006638527 0.000824451 -0.013914328 0.999902904 74.205215454
0.999999166 0.001206198 -0.000518103 1.643015146 -0.001198854 0.999901950 0.013947972 -2.015408993 0.000534877 -0.013947342 0.999902606 74.609336853
0.999999225 0.000940849 -0.000703300 1.659281135 -0.000931055 0.999904335 0.013799031 -2.023702145 0.000716217 -0.013798367 0.999904513 75.164726257
0.999998510 0.001742511 0.000112462 1.665216923 -0.001743963 0.999892652 0.014549040 -2.050391197 -0.000087098 -0.014549214 0.999894142 75.663574219
0.999997318 0.002283421 0.000290335 1.676370144 -0.002287408 0.999891281 0.014566541 -2.062393665 -0.000257041 -0.014567166 0.999893844 76.202117920
0.999998510 0.001711467 0.000145475 1.681458116 -0.001713399 0.999893010 0.014526820 -2.069400787 -0.000120597 -0.014527050 0.999894440 76.671066284
0.999997556 0.002195397 0.000335612 1.688325882 -0.002200019 0.999893069 0.014458214 -2.067525864 -0.000303835 -0.014458917 0.999895394 77.227142334
0.999998093 0.001930256 0.000312745 1.706003547 -0.001934699 0.999887228 0.014887162 -2.087594986 -0.000283974 -0.014887735 0.999889076 77.708526611
0.999998689 0.001537266 0.000500668 1.718972445 -0.001544241 0.999897361 0.014241170 -2.086530209 -0.000478724 -0.014241923 0.999898434 78.262672424
0.999996066 0.002165844 0.001758190 1.765634775 -0.002193283 0.999873400 0.015757577 -2.130391598 -0.001723838 -0.015761370 0.999874294 78.732360840
0.999993801 0.001703759 0.003077323 1.769506216 -0.001749261 0.999888301 0.014844434 -2.131774664 -0.003051688 -0.014849725 0.999885142 79.279617310
0.999981642 0.003581355 0.004897972 1.777158260 -0.003655670 0.999877036 0.015248784 -2.158215523 -0.004842759 -0.015266408 0.999871731 79.795867920
0.999968290 0.004361647 0.006665379 1.766314626 -0.004464256 0.999870598 0.015457724 -2.168882132 -0.006597095 -0.015486989 0.999858260 80.412811279
0.999948263 0.003497496 0.009549106 1.799806714 -0.003641331 0.999879479 0.015086963 -2.171560049 -0.009495189 -0.015120953 0.999840558 80.858947754
0.999902487 0.004187201 0.013311025 1.820732355 -0.004389728 0.999874473 0.015222364 -2.176374912 -0.013245615 -0.015279314 0.999795496 81.395019531
0.999868989 0.003714428 0.015754249 1.857465506 -0.003957751 0.999872923 0.015441963 -2.197359085 -0.015694892 -0.015502297 0.999756575 81.949645996
0.999792695 0.003386624 0.020076264 1.878880858 -0.003689170 0.999879837 0.015052004 -2.200801849 -0.020022877 -0.015122947 0.999685049 82.471893311
0.999597847 0.004120398 0.028055793 1.876294494 -0.004554263 0.999870718 0.015418089 -2.190299988 -0.027988635 -0.015539661 0.999487460 82.938049316
0.999401867 0.004517895 0.034283370 1.896622419 -0.005025852 0.999878585 0.014744753 -2.186222553 -0.034212589 -0.014908237 0.999303401 83.503326416
0.999195576 0.003914862 0.039908666 1.945476174 -0.004517894 0.999876678 0.015031319 -2.202111244 -0.039844908 -0.015199530 0.999090374 84.015144348
0.998597324 -0.000765244 0.052941270 1.843346357 0.000094587 0.999919713 0.012669289 -2.182568550 -0.052946713 -0.012646515 0.998517215 84.831436157
0.998137593 0.000271320 0.061002739 1.922091484 -0.001073279 0.999913394 0.013113902 -2.209512711 -0.060993899 -0.013154949 0.998051465 85.339714050
0.997634828 0.000166647 0.068737067 1.945806742 -0.001103820 0.999906957 0.013596420 -2.211259842 -0.068728402 -0.013640137 0.997542143 85.908325195
0.996990860 -0.000609312 0.077516675 2.013547421 -0.000337571 0.999925375 0.012201534 -2.214432240 -0.077518329 -0.012190985 0.996916473 86.487037659
0.996213078 -0.000900263 0.086940676 2.083384991 -0.000159953 0.999925733 0.012186971 -2.225561857 -0.086945206 -0.012154727 0.996138871 86.994125366
0.995153725 -0.006190606 0.098136224 2.075574398 0.005112975 0.999923885 0.011228655 -2.319338083 -0.098198280 -0.010672471 0.995109618 87.764465332
0.994274914 -0.006528843 0.106652372 2.148982048 0.005379844 0.999924421 0.011057463 -2.328290701 -0.106716499 -0.010420387 0.994234860 88.300270081
0.993129134 -0.006114746 0.116863437 2.253046036 0.004823068 0.999924183 0.011332479 -2.338740349 -0.116923869 -0.010690974 0.993083358 88.852455139
0.991796076 -0.006334402 0.127672881 2.340399742 0.004865935 0.999918401 0.011810413 -2.377113819 -0.127737269 -0.011092277 0.991746008 89.300979614
0.990580857 -0.006462338 0.136776075 2.429074287 0.004875248 0.999916852 0.011935375 -2.384134769 -0.136841804 -0.011156140 0.990530133 89.870910645
0.988911867 -0.005853282 0.148388326 2.530075073 0.004173109 0.999923706 0.011631632 -2.388655186 -0.148445085 -0.010883419 0.988860786 90.419898987
0.987073123 -0.006589132 0.160135046 2.613635063 0.004767240 0.999919474 0.011758740 -2.383353472 -0.160199672 -0.010843335 0.987025023 90.950805664
0.985209525 -0.006931489 0.171213672 2.733454704 0.005066299 0.999922931 0.011328475 -2.392069817 -0.171278998 -0.010293503 0.985168815 91.493438721
0.983518004 -0.007086314 0.180671111 2.840157509 0.005066329 0.999919415 0.011639467 -2.388977051 -0.180739060 -0.010532287 0.983474612 92.005661011
0.981272280 -0.007978640 0.192460701 2.979016304 0.005897266 0.999917805 0.011384962 -2.398764372 -0.192535728 -0.010036757 0.981238604 92.525581360
0.978728175 -0.007752872 0.205015108 3.111368179 0.005519105 0.999918997 0.011465204 -2.409775257 -0.205087394 -0.010089819 0.978691638 93.078422546
0.976354241 -0.007906619 0.216031954 3.251510620 0.005535889 0.999917686 0.011576887 -2.415993452 -0.216105729 -0.010107211 0.976317585 93.611305237
0.973213911 -0.006778209 0.229801700 3.390649796 0.004198706 0.999922633 0.011712032 -2.419357300 -0.229863316 -0.010433442 0.973167002 94.175064087
0.969957352 -0.007673155 0.243154004 3.554637909 0.004981603 0.999919355 0.011682287 -2.430243492 -0.243224055 -0.010120022 0.969917357 94.674209595
0.967179954 -0.008071260 0.253963858 3.727968216 0.005294016 0.999918461 0.011617145 -2.418603420 -0.254036903 -0.009891384 0.967143953 95.130210876
0.963903725 -0.007899207 0.266133398 3.900238037 0.004944903 0.999918520 0.011769103 -2.427933455 -0.266204685 -0.010028279 0.963864386 95.644943237
0.960309625 -0.009245045 0.278782874 4.112310410 0.005982111 0.999903262 0.012552679 -2.466786623 -0.278871953 -0.010386747 0.960272133 96.047592163
0.956271768 -0.008987811 0.292341560 4.292856216 0.005785156 0.999913454 0.011817859 -2.455592632 -0.292422473 -0.009609847 0.956240952 96.719573975
0.953148603 -0.010571981 0.302317619 4.501056671 0.007370285 0.999903977 0.011729355 -2.469471455 -0.302412629 -0.008951650 0.953135073 97.216545105
0.948417187 -0.009721295 0.316876233 4.691930771 0.006257287 0.999909163 0.011947541 -2.474059582 -0.316963583 -0.009348468 0.948391736 97.764541626
0.943516314 -0.009279096 0.331196040 4.869426727 0.005429938 0.999906480 0.012545434 -2.488458633 -0.331281513 -0.010038444 0.943478465 98.235755920
0.939354539 -0.008788304 0.342834800 5.080244064 0.004934885 0.999914467 0.012110631 -2.490499496 -0.342911929 -0.009684325 0.939317584 98.771194458
0.934947252 -0.010677028 0.354626149 5.292934418 0.006719054 0.999900639 0.012390535 -2.502620220 -0.354723185 -0.009201747 0.934926093 99.235282898
0.929508686 -0.010833693 0.368641019 5.532239914 0.006511895 0.999894798 0.012965700 -2.525933504 -0.368742675 -0.009651178 0.929481387 99.772605896
0.924448550 -0.011514964 0.381132722 5.735006332 0.007252897 0.999894083 0.012617162 -2.516150951 -0.381237596 -0.008899602 0.924434245 100.246963501
0.919400156 -0.010470740 0.393183887 5.964853287 0.005936639 0.999901056 0.012746091 -2.525063038 -0.393278450 -0.009384568 0.919371545 100.749267578
0.913197517 -0.011100074 0.407365948 6.200088501 0.006430429 0.999897003 0.012830424 -2.540493011 -0.407466441 -0.009097175 0.913174808 101.218025208
0.907542765 -0.011845583 0.419792444 6.462005615 0.007166991 0.999893486 0.012720494 -2.546581745 -0.419898391 -0.008535745 0.907530904 101.699737549
0.902332008 -0.011463360 0.430889100 6.715541840 0.006691166 0.999898374 0.012589174 -2.557425499 -0.430989653 -0.008476471 0.902317107 102.194686890
0.896142542 -0.010719018 0.443636984 6.992458344 0.005757406 0.999904931 0.012529485 -2.558023453 -0.443729103 -0.008674008 0.896118999 102.740356445
0.889444411 -0.012325665 0.456877112 7.230506897 0.006902895 0.999884665 0.013536455 -2.575680256 -0.456991196 -0.008886150 0.889426827 103.152580261
0.883363664 -0.012724102 0.468515456 7.515167236 0.007148018 0.999880970 0.013677853 -2.582026958 -0.468633711 -0.008733559 0.883349419 103.632186890
0.877189159 -0.013391476 0.479957998 7.786201477 0.007806847 0.999876559 0.013629818 -2.585378408 -0.480081320 -0.008208973 0.877185524 104.126388550
0.869631767 -0.012931301 0.493531466 8.073703766 0.007072025 0.999880552 0.013737120 -2.597481251 -0.493650198 -0.008455968 0.869619429 104.589302063
0.862229466 -0.013302855 0.506343305 8.377719879 0.007287240 0.999877334 0.013860066 -2.609688759 -0.506465673 -0.008260709 0.862220585 105.054382324
