1.000000000 0.000000000 0.000000000 0.000000000 0.000000000 1.000000000 0.000000000 0.000000000 0.000000000 0.000000000 1.000000000 0.000000000
1.000000000 0.000079481 0.000026082 -0.001498856 -0.000079480 1.000000000 -0.000067868 0.001540470 -0.000026087 0.000067866 1.000000000 0.003558163
1.000000000 0.000119967 -0.000000744 -0.000372091 -0.000119967 1.000000000 -0.000032886 0.000848925 0.000000740 0.000032886 1.000000000 0.002573669
0.999999940 0.000243763 0.000049696 0.000152469 -0.000243762 0.999999940 -0.000031571 0.000837675 -0.000049703 0.000031559 1.000000000 -0.001285543
1.000000000 0.000100590 0.000016370 0.000936872 -0.000100588 1.000000000 -0.000075868 0.001523061 -0.000016378 0.000075866 1.000000000 -0.001302454
1.000000000 0.000042385 0.000003797 0.000161081 -0.000042385 1.000000000 -0.000011490 0.000454048 -0.000003797 0.000011490 1.000000000 -0.000627610
1.000000000 0.000026492 0.000032539 -0.001612579 -0.000026490 1.000000000 -0.000065277 0.000719418 -0.000032540 0.000065276 1.000000000 0.001290567
1.000000000 0.000075387 0.000029645 0.000018962 -0.000075387 1.000000000 0.000015474 0.000861293 -0.000029644 -0.000015476 1.000000000 -0.000366551
1.000000000 -0.000112281 0.000052532 -0.001730205 0.000112284 1.000000000 -0.000052383 0.001213354 -0.000052526 0.000052389 1.000000000 0.002182416
1.000000000 0.000126619 0.000058814 -0.001655365 -0.000126616 1.000000000 -0.000044718 0.000653902 -0.000058820 0.000044711 1.000000000 -0.000208823
1.000000000 0.000141395 0.000052798 0.000275181 -0.000141395 1.000000000 -0.000000293 0.001675320 -0.000052798 0.000000286 1.000000000 -0.002007145
1.000000000 0.000070430 -0.000009132 0.000068755 -0.000070431 1.000000000 -0.000036997 0.000636249 0.000009129 0.000036998 1.000000000 -0.005232086
1.000000000 0.000147227 0.000139894 -0.003621478 -0.000147228 1.000000000 0.000002549 0.001191046 -0.000139894 -0.000002570 1.000000000 -0.003264842
1.000000000 -0.000091507 0.000036667 -0.000515223 0.000091508 1.000000000 -0.000010614 0.000077644 -0.000036666 0.000010618 1.000000000 -0.000550022
1.000000000 0.000088148 0.000061687 -0.000221795 -0.000088147 1.000000000 -0.000012900 0.000407962 -0.000061688 0.000012894 1.000000000 -0.001906200
1.000000000 -0.000001470 0.000009294 0.000386300 0.000001470 1.000000000 0.000005789 0.000287606 -0.000009294 -0.000005789 1.000000000 -0.002485580
1.000000000 0.000006062 0.000056633 -0.001985733 -0.000006062 1.000000000 0.000000316 0.000453520 -0.000056633 -0.000000317 1.000000000 -0.002776206
1.000000000 0.000031521 0.000069647 -0.000789658 -0.000031522 1.000000000 0.000012979 0.000061776 -0.000069647 -0.000012982 1.000000000 -0.004686195
1.000000000 0.000018487 -0.000017465 0.000707531 -0.000018487 1.000000000 -0.000014025 0.000813289 0.000017465 0.000014025 1.000000000 -0.005174895
1.000000000 -0.000126711 -0.000028327 -0.000272580 0.000126712 1.000000000 0.000025799 -0.000183898 0.000028324 -0.000025803 1.000000000 -0.004925798
1.000000000 0.000058266 0.000053078 -0.000518743 -0.000058266 1.000000000 0.000013491 0.000002555 -0.000053077 -0.000013494 1.000000000 -0.006154105
1.000000000 -0.000109917 0.000004584 0.000438040 0.000109917 1.000000000 0.000022519 -0.001754676 -0.000004586 -0.000022518 1.000000000 -0.004184652
1.000000000 0.000099449 0.000154586 -0.004748160 -0.000099432 1.000000000 -0.000107791 0.002062413 -0.000154597 0.000107776 1.000000000 0.002474170
1.000000000 0.000025848 0.000012781 0.000858658 -0.000025848 1.000000000 -0.000016023 -0.000241429 -0.000012782 0.000016022 1.000000000 -0.001650068
1.000000000 -0.000023554 0.000069213 -0.001828258 0.000023555 1.000000000 -0.000008265 0.001471949 -0.000069213 0.000008267 1.000000000 0.000957934
1.000000000 0.000028815 -0.000018317 0.000976690 -0.000028815 1.000000000 -0.000022340 0.001024785 0.000018316 0.000022341 1.000000000 -0.004479361
1.000000000 -0.000103728 0.000048103 -0.002198874 0.000103729 1.000000000 -0.000018353 0.001175340 -0.000048101 0.000018358 1.000000000 -0.001124186
1.000000000 0.000134616 0.000116950 -0.003570518 -0.000134608 1.000000000 -0.000070936 0.001629357 -0.000116960 0.000070920 1.000000000 -0.000332614
1.000000000 -0.000101792 0.000046868 -0.002431685 0.000101790 1.000000000 0.000051939 0.000072214 -0.000046873 -0.000051934 1.000000000 -0.000473722
1.000000000 -0.000056460 -0.000058280 0.000737156 0.000056460 1.000000000 -0.000004327 0.001085499 0.000058280 0.000004324 1.000000000 -0.003011168
1.000000000 0.000043273 0.000036436 -0.001121976 -0.000043271 1.000000000 -0.000035591 0.000460611 -0.000036437 0.000035589 1.000000000 -0.000098533
1.000000000 0.000021301 0.000048505 -0.002664496 -0.000021303 1.000000000 0.000053720 0.000185096 -0.000048504 -0.000053722 1.000000000 0.002070523
1.000000000 -0.000127960 -0.000009063 -0.002245460 0.000127960 1.000000000 0.000008943 -0.000159629 0.000009062 -0.000008944 1.000000000 -0.002289077
1.000000000 -0.000097372 0.000011426 -0.000718047 0.000097371 1.000000000 0.000055919 -0.001237571 -0.000011431 -0.000055918 1.000000000 -0.001568844
1.000000000 0.000190877 0.000149268 -0.003448697 -0.000190873 1.000000000 -0.000031565 0.000726536 -0.000149274 0.000031536 1.000000000 0.000815660
1.000000000 -0.000065471 0.000031048 -0.001664818 0.000065471 1.000000000 0.000000102 0.000617265 -0.000031048 -0.000000100 1.000000000 0.000595129
1.000000000 0.000053995 0.000079714 -0.004376110 -0.000053994 1.000000000 -0.000009888 0.001316558 -0.000079714 0.000009884 1.000000000 -0.000679715
1.000000000 -0.000054034 -0.000009706 -0.000729027 0.000054033 1.000000000 -0.000071271 0.000987721 0.000009710 0.000071270 1.000000000 -0.003597032
1.000000000 -0.000110882 -0.000016331 0.001330863 0.000110882 1.000000000 0.000016490 -0.000781001 0.000016330 -0.000016492 1.000000000 -0.003817457
1.000000000 -0.000061706 -0.000019262 -0.000121073 0.000061707 1.000000000 0.000022348 0.000638953 0.000019261 -0.000022349 1.000000000 -0.004448304
1.000000000 -0.000180810 -0.000067636 -0.000915610 0.000180809 1.000000000 -0.000006609 -0.000073229 0.000067637 0.000006597 1.000000000 -0.002640801
1.000000000 -0.000010433 0.000073273 0.001000183 0.000010469 0.999999881 -0.000499631 -0.004482444 -0.000073267 0.000499631 0.999999881 0.049361069
1.000000000 -0.000082895 0.000065191 0.003257479 0.000082971 0.999999285 -0.001177409 -0.004177418 -0.000065094 0.001177414 0.999999285 0.143195137
1.000000000 -0.000023756 0.000017462 0.005045204 0.000023780 0.999999046 -0.001378588 -0.011378973 -0.000017429 0.001378588 0.999999046 0.259410530
1.000000000 -0.000005366 0.000086363 0.006032319 0.000005474 0.999999225 -0.001254410 -0.016613802 -0.000086356 0.001254410 0.999999225 0.389066249
1.000000000 0.000152047 0.000012581 0.007716421 -0.000152035 0.999999523 -0.000991174 -0.022781976 -0.000012732 0.000991173 0.999999523 0.532569230
1.000000000 0.000127489 0.000114096 0.007177286 -0.000127399 0.999999702 -0.000788540 -0.032233737 -0.000114197 0.000788525 0.999999702 0.684377611
1.000000000 -0.000065321 -0.000064414 0.018580336 0.000065284 0.999999821 -0.000564588 -0.037596762 0.000064450 0.000564584 0.999999821 0.850341022
1.000000000 0.000078541 -0.000051904 0.020506416 -0.000078568 0.999999881 -0.000519745 -0.037266165 0.000051864 0.000519749 0.999999881 1.025277972
0.999999940 0.000195264 0.000172669 0.017835487 -0.000195174 0.999999821 -0.000521630 -0.040101066 -0.000172771 0.000521596 0.999999762 1.189394712
1.000000000 -0.000034934 -0.000147402 0.033727325 0.000034897 0.999999881 -0.000251069 -0.046170026 0.000147411 0.000251064 0.999999881 1.380547285
0.999999940 0.000255688 0.000325432 0.009864448 -0.000255617 0.999999940 -0.000215924 -0.049284592 -0.000325487 0.000215841 0.999999940 1.583247900
0.999999821 0.000248178 0.000489822 0.015174049 -0.000248120 0.999999881 -0.000118623 -0.053894814 -0.000489852 0.000118501 0.999999881 1.779036880
0.999999642 0.000478652 0.000706552 0.010734189 -0.000478796 0.999999821 0.000203601 -0.063354470 -0.000706454 -0.000203939 0.999999762 1.982047081
0.999999881 0.000277549 0.000458187 0.021289414 -0.000277662 0.999999940 0.000247821 -0.070491880 -0.000458118 -0.000247948 0.999999881 2.192564964
0.999999762 0.000482842 0.000504029 0.030741295 -0.000483056 0.999999821 0.000424888 -0.081343032 -0.000503824 -0.000425131 0.999999762 2.401916981
0.999999583 0.000703923 0.000616869 0.034778357 -0.000704379 0.999999523 0.000739597 -0.090491690 -0.000616348 -0.000740031 0.999999464 2.633974552
0.999999702 0.000329378 0.000642387 0.038975317 -0.000329852 0.999999702 0.000737682 -0.097114123 -0.000642143 -0.000737893 0.999999523 2.867235661
0.999999881 0.000169172 0.000423081 0.044561755 -0.000169553 0.999999523 0.000899522 -0.105535060 -0.000422929 -0.000899593 0.999999523 3.091564417
0.999999881 -0.000305371 0.000318248 0.050917827 0.000305131 0.999999642 0.000753615 -0.112801366 -0.000318478 -0.000753518 0.999999702 3.349503040
0.999999940 -0.000142510 0.000228549 0.057255119 0.000142343 0.999999762 0.000730678 -0.116587371 -0.000228653 -0.000730645 0.999999702 3.588850021
0.999999940 0.000299618 0.000506694 0.055536687 -0.000300248 0.999999166 0.001242686 -0.129929543 -0.000506322 -0.001242838 0.999999046 3.818361282
0.999999940 -0.000013212 0.000364632 0.067744203 0.000012757 0.999999344 0.001248418 -0.134827748 -0.000364648 -0.001248414 0.999999106 4.096595287
0.999999762 0.000448564 0.000450640 0.073634513 -0.000449221 0.999998868 0.001457401 -0.144437477 -0.000449985 -0.001457603 0.999998808 4.349793434
0.999999940 0.000020659 -0.000102194 0.081378639 -0.000020517 0.999998987 0.001388996 -0.152603135 0.000102222 -0.001388994 0.999999046 4.612289429
0.999999881 0.000043243 0.000720551 0.077206098 -0.000044601 0.999998212 0.001885670 -0.174236268 -0.000720468 -0.001885702 0.999997914 4.854590893
0.999999762 0.000166741 0.000745016 0.073216736 -0.000168235 0.999997973 0.002006772 -0.185813457 -0.000744679 -0.002006897 0.999997735 5.107199669
0.999999881 -0.000016429 0.000302815 0.096793093 0.000015866 0.999998271 0.001858733 -0.183720976 -0.000302844 -0.001858728 0.999998152 5.384778023
0.999999881 -0.000513236 0.000363312 0.103221245 0.000512488 0.999997795 0.002057402 -0.194065168 -0.000364367 -0.002057216 0.999997735 5.651583195
0.999999821 -0.000093611 0.000555884 0.098178349 0.000092485 0.999997854 0.002026426 -0.208069503 -0.000556073 -0.002026374 0.999997795 5.918045521
0.999999642 -0.000131121 0.000718792 0.102063261 0.000129511 0.999997497 0.002239435 -0.220323086 -0.000719084 -0.002239342 0.999997199 6.178997040
0.999999702 -0.000229694 0.000809542 0.108002491 0.000227987 0.999997735 0.002107103 -0.226731479 -0.000810024 -0.002106918 0.999997437 6.469808578
0.999999762 -0.000012551 0.000641460 0.112166658 0.000011307 0.999998033 0.001939512 -0.225259677 -0.000641483 -0.001939505 0.999997914 6.750791073
0.999999821 -0.000560430 0.000500815 0.128636718 0.000559319 0.999997318 0.002217114 -0.239854380 -0.000502056 -0.002216834 0.999997377 7.033623695
0.999999940 -0.000017474 0.000401593 0.134785220 0.000016511 0.999997139 0.002397695 -0.254166603 -0.000401634 -0.002397688 0.999997020 7.333652973
0.999999821 -0.000348624 0.000503443 0.141594514 0.000347487 0.999997437 0.002255934 -0.262148619 -0.000504228 -0.002255758 0.999997318 7.639410496
0.999999702 0.000063007 0.000700361 0.153356478 -0.000064799 0.999996722 0.002559096 -0.274172366 -0.000700197 -0.002559141 0.999996424 7.950132847
0.999999523 0.000207991 0.000920908 0.161419600 -0.000210274 0.999996901 0.002479825 -0.282278121 -0.000920390 -0.002480018 0.999996483 8.266587257
0.999999762 0.000242592 0.000685813 0.168349132 -0.000244255 0.999997020 0.002426434 -0.291731656 -0.000685222 -0.002426601 0.999996781 8.594459534
0.999999702 0.000205151 0.000802140 0.167445123 -0.000207171 0.999996781 0.002519016 -0.298125058 -0.000801620 -0.002519181 0.999996543 8.935329437
0.999999404 0.000373291 0.001035733 0.174285829 -0.000375772 0.999997020 0.002395505 -0.304741412 -0.001034836 -0.002395893 0.999996603 9.281773567
0.999999642 -0.000210352 0.000794628 0.187161580 0.000207981 0.999995530 0.002983576 -0.323998839 -0.000795252 -0.002983409 0.999995172 9.597272873
0.999999642 -0.000010923 0.000790344 0.194881707 0.000008581 0.999995649 0.002963228 -0.333100796 -0.000790373 -0.002963221 0.999995232 9.941174507
0.999999344 -0.000025328 0.001171287 0.188754022 0.000022089 0.999996245 0.002765125 -0.337238193 -0.001171352 -0.002765098 0.999995470 10.312078476
0.999999702 0.000006891 0.000733658 0.200196445 -0.000009189 0.999995232 0.003132859 -0.364398569 -0.000733632 -0.003132865 0.999994814 10.665920258
0.999999702 -0.000554753 0.000488694 0.212418467 0.000553123 0.999994338 0.003329958 -0.374592215 -0.000490538 -0.003329687 0.999994338 11.042714119
0.999999762 0.000169918 0.000850416 0.217074931 -0.000172818 0.999994159 0.003410540 -0.394875884 -0.000849831 -0.003410685 0.999993801 11.411297798
0.999999702 0.000030494 0.000735241 0.228777990 -0.000033067 0.999993861 0.003500786 -0.402213007 -0.000735130 -0.003500809 0.999993563 11.794347763
0.999999523 -0.000236557 0.000888053 0.232224360 0.000233166 0.999992669 0.003816095 -0.418271780 -0.000888949 -0.003815886 0.999992251 12.153700829
0.999998987 0.000215946 0.001414577 0.239922941 -0.000221693 0.999991655 0.004063966 -0.430836320 -0.001413688 -0.004064275 0.999990702 12.548692703
0.999999225 0.000342662 0.001161020 0.249931619 -0.000347365 0.999991775 0.004053270 -0.443897545 -0.001159622 -0.004053670 0.999991119 12.913060188
0.999999821 -0.000057353 0.000603744 0.262672931 0.000054741 0.999990642 0.004325811 -0.460707128 -0.000603987 -0.004325778 0.999990404 13.297437668
0.999999344 -0.000601482 0.000950307 0.264860153 0.000596702 0.999987185 0.005022907 -0.495160222 -0.000953316 -0.005022337 0.999986947 13.742290497
0.999998868 -0.000991068 0.001156776 0.274256915 0.000985650 0.999988556 0.004674855 -0.497921318 -0.001161396 -0.004673710 0.999988437 14.164278030
0.999998808 -0.000575823 0.001422433 0.276066512 0.000568507 0.999986589 0.005138194 -0.520801008 -0.001425373 -0.005137380 0.999985754 14.586297035
0.999998868 -0.000251235 0.001455107 0.290277869 0.000243239 0.999984801 0.005492811 -0.536964715 -0.001456465 -0.005492452 0.999983847 14.989595413
0.999998450 -0.000070832 0.001744236 0.297669828 0.000061211 0.999984741 0.005515221 -0.545551538 -0.001744600 -0.005515106 0.999983311 15.418440819
0.999997377 0.000043296 0.002251997 0.314392030 -0.000056032 0.999983966 0.005655216 -0.569626093 -0.002251717 -0.005655328 0.999981403 15.854174614
0.999997318 -0.001145331 0.002016239 0.331536114 0.001134092 0.999983847 0.005566596 -0.580141127 -0.002022583 -0.005564295 0.999982417 16.297851562
0.999996483 -0.000998557 0.002453396 0.338327587 0.000984648 0.999983490 0.005664409 -0.594272614 -0.002459012 -0.005661974 0.999980927 16.727315903
0.999995708 -0.000043841 0.002923177 0.347673625 0.000026257 0.999981821 0.006015052 -0.614367843 -0.002923387 -0.006014948 0.999977648 17.181062698
0.999995887 0.000082762 0.002866196 0.358965516 -0.000100286 0.999981284 0.006114361 -0.623286366 -0.002865637 -0.006114623 0.999977231 17.651351929
0.999994218 -0.000551171 0.003362176 0.365016460 0.000530049 0.999980092 0.006279970 -0.637220860 -0.003365570 -0.006278152 0.999974608 18.087064743
0.999992549 -0.000386020 0.003853867 0.375975549 0.000361849 0.999980211 0.006270880 -0.645472705 -0.003856212 -0.006269439 0.999972880 18.564203262
0.999992132 -0.000546010 0.003934301 0.383858502 0.000521025 0.999979734 0.006348793 -0.660950780 -0.003937687 -0.006346694 0.999972105 19.015790939
0.999992251 -0.000906813 0.003837560 0.392868638 0.000880768 0.999976635 0.006783119 -0.680626392 -0.003843621 -0.006779687 0.999969602 19.449947357
0.999992490 0.000246339 0.003870535 0.418272406 -0.000273657 0.999975026 0.007058997 -0.696145296 -0.003868701 -0.007060003 0.999967515 19.964382172
0.999995172 -0.000106203 0.003096513 0.436444640 0.000084370 0.999975145 0.007050169 -0.711056054 -0.003097185 -0.007049875 0.999970257 20.446304321
0.999994934 -0.000368092 0.003161543 0.435919225 0.000347276 0.999978244 0.006582193 -0.721227884 -0.003163897 -0.006581061 0.999973297 20.975000381
0.999996066 -0.000032192 0.002797364 0.430549771 0.000012089 0.999974132 0.007186299 -0.753925860 -0.002797524 -0.007186236 0.999970257 21.482135773
0.999996006 0.000811166 0.002737541 0.463733882 -0.000831130 0.999972999 0.007299534 -0.760548234 -0.002731546 -0.007301779 0.999969542 21.969186783
0.999996781 -0.001113916 0.002285320 0.478755832 0.001095690 0.999967694 0.007961361 -0.776335776 -0.002294114 -0.007958831 0.999965668 22.403217316
0.999996841 -0.001385759 0.002100630 0.483463615 0.001368239 0.999964416 0.008318974 -0.789581478 -0.002112084 -0.008316073 0.999963105 22.909149170
0.999998331 -0.001705974 0.000624106 0.504316330 0.001700960 0.999966979 0.007947486 -0.802190959 -0.000637644 -0.007946412 0.999968231 23.431703568
0.999997258 -0.002326901 0.000166673 0.513206422 0.002325476 0.999964595 0.008090626 -0.814526320 -0.000185493 -0.008090217 0.999967277 23.952016830
0.999998093 -0.001830576 -0.000541232 0.520101726 0.001834773 0.999967456 0.007860032 -0.823321760 0.000526826 -0.007861010 0.999968946 24.478204727
0.999998391 -0.001373923 -0.001141270 0.534811795 0.001383045 0.999966741 0.008031299 -0.835821807 0.001130198 -0.008032865 0.999967098 25.008871078
0.999996364 -0.001879292 -0.001919066 0.543994308 0.001895388 0.999962747 0.008420677 -0.848030210 0.001903170 -0.008424284 0.999962687 25.530925751
0.999996960 -0.001267420 -0.002102360 0.545484900 0.001284300 0.999966741 0.008047326 -0.856505334 0.002092091 -0.008050002 0.999965429 26.082077026
0.999994874 -0.001763527 -0.002642359 0.554531693 0.001786260 0.999961197 0.008625813 -0.869076371 0.002627044 -0.008630489 0.999959290 26.624019623
0.999994397 -0.001740466 -0.002864030 0.557813168 0.001765706 0.999959409 0.008834023 -0.887867212 0.002848538 -0.008839030 0.999956906 27.146175385
0.999994814 -0.001200201 -0.002969572 0.572030365 0.001226627 0.999959648 0.008913207 -0.902997971 0.002958753 -0.008916805 0.999955833 27.675600052
0.999993145 -0.001259878 -0.003517436 0.582559109 0.001291770 0.999957919 0.009079454 -0.912244081 0.003505849 -0.009083935 0.999952555 28.227373123
0.999991357 -0.001146957 -0.003977981 0.598939359 0.001182583 0.999959111 0.008965055 -0.923084617 0.003967536 -0.008969682 0.999951899 28.756248474
0.999988019 -0.001268774 -0.004708535 0.614350855 0.001311336 0.999958217 0.009047365 -0.936431468 0.004696860 -0.009053432 0.999947965 29.291870117
0.999989390 -0.000699809 -0.004553466 0.608554363 0.000742107 0.999956489 0.009294184 -0.951901376 0.004546765 -0.009297464 0.999946415 29.811773300
0.999989271 -0.000769007 -0.004572702 0.618509412 0.000811721 0.999956012 0.009346453 -0.966776729 0.004565314 -0.009350064 0.999945819 30.345977783
0.999990404 -0.000141252 -0.004401377 0.620239973 0.000183032 0.999954879 0.009493407 -0.983527303 0.004399839 -0.009494120 0.999945164 30.878084183
0.999985695 -0.000504705 -0.005330076 0.647594392 0.000553125 0.999958575 0.009086764 -0.989396572 0.005325269 -0.009089581 0.999944508 31.419321060
0.999982417 -0.001056946 -0.005840525 0.661716700 0.001110550 0.999957263 0.009182355 -1.001132131 0.005830569 -0.009188680 0.999940813 31.975059509
0.999985039 -0.000191022 -0.005467375 0.662923515 0.000243170 0.999954462 0.009539061 -1.011032343 0.005465304 -0.009540249 0.999939501 32.476020813
0.999980211 -0.000745261 -0.006252744 0.673920751 0.000802385 0.999957979 0.009138279 -1.017853498 0.006245670 -0.009143114 0.999938726 33.051036835
0.999983847 -0.000387012 -0.005668884 0.664065599 0.000443536 0.999950171 0.009973003 -1.047284842 0.005664741 -0.009975356 0.999934196 33.514728546
0.999983549 -0.000119298 -0.005737587 0.671755791 0.000179254 0.999945283 0.010450295 -1.066298008 0.005736026 -0.010451150 0.999928951 34.058673859
0.999981880 -0.000819435 -0.005966922 0.669587970 0.000881780 0.999944985 0.010453213 -1.075852752 0.005958028 -0.010458285 0.999927521 34.591190338
0.999979854 -0.000608421 -0.006316848 0.690891027 0.000672030 0.999949038 0.010072454 -1.089426994 0.006310399 -0.010076496 0.999929309 35.116374969
0.999984026 -0.000244873 -0.005664255 0.682339430 0.000302738 0.999947786 0.010217118 -1.092814088 0.005661457 -0.010218670 0.999931812 35.698051453
0.999980986 -0.000614177 -0.006133623 0.690879703 0.000675961 0.999948919 0.010076163 -1.117419124 0.006127122 -0.010080118 0.999930441 36.201416016
0.999981761 0.000485466 -0.006014082 0.708351076 -0.000427841 0.999953985 0.009579398 -1.125730038 0.006018455 -0.009576648 0.999935985 36.775161743
0.999976456 -0.001136867 -0.006769070 0.740930796 0.001209267 0.999942005 0.010701235 -1.112638235 0.006756512 -0.010709168 0.999919772 37.336841583
0.999979734 -0.000855915 -0.006314464 0.719591022 0.000925493 0.999938786 0.011024053 -1.129796982 0.006304641 -0.011029674 0.999919355 37.792293549
0.999976575 -0.000180340 -0.006842145 0.746055424 0.000257375 0.999936581 0.011259676 -1.142183065 0.006839680 -0.011261174 0.999913216 38.280971527
0.999972224 -0.002170695 -0.007136454 0.747375727 0.002249190 0.999936938 0.011009733 -1.123473763 0.007112105 -0.011025477 0.999913931 38.808044434
0.999962032 -0.002143699 -0.008451801 0.830910087 0.002239937 0.999932587 0.011393680 -1.182892203 0.008426804 -0.011412179 0.999899447 39.525306702
0.999964297 -0.002603664 -0.008027772 0.798515022 0.002699554 0.999924839 0.011957183 -1.234085202 0.007996036 -0.011978430 0.999896288 39.908290863
0.999963999 -0.002177924 -0.008190433 0.774370730 0.002280127 0.999919415 0.012489863 -1.271248460 0.008162571 -0.012508091 0.999888420 40.442222595
0.999963939 -0.001793919 -0.008289089 0.779073179 0.001894398 0.999924600 0.012129936 -1.276830435 0.008266706 -0.012145203 0.999892056 40.994770050
0.999966085 -0.001411479 -0.008104511 0.781037867 0.001504362 0.999933183 0.011466011 -1.275904536 0.008087784 -0.011477816 0.999901414 41.527194977
0.999968946 -0.001658800 -0.007707610 0.778622687 0.001754316 0.999921560 0.012402261 -1.296925306 0.007686433 -0.012415397 0.999893367 42.045970917
0.999964535 -0.001802744 -0.008226530 0.797168732 0.001904821 0.999921083 0.012417315 -1.309813499 0.008203495 -0.012432546 0.999889076 42.581237793
0.999966085 -0.001749548 -0.008048293 0.801166415 0.001848981 0.999921799 0.012363769 -1.316905141 0.008026033 -0.012378233 0.999891162 43.106494904
0.999967158 -0.001750311 -0.007913419 0.806142390 0.001849298 0.999919951 0.012518818 -1.326949716 0.007890874 -0.012533039 0.999890327 43.639549255
0.999968827 -0.001541968 -0.007740408 0.813616633 0.001636417 0.999924064 0.012210554 -1.330960870 0.007720991 -0.012222840 0.999895453 44.176826477
0.999966443 -0.001828829 -0.007982217 0.825482845 0.001929187 0.999918997 0.012583181 -1.349181414 0.007958559 -0.012598161 0.999888957 44.703811646
0.999968052 -0.001704649 -0.007813676 0.829780936 0.001802699 0.999919534 0.012558671 -1.354532123 0.007791640 -0.012572356 0.999890625 45.238941193
0.999966323 -0.001873019 -0.007992703 0.835726023 0.001971859 0.999921441 0.012376393 -1.362914324 0.007968893 -0.012391737 0.999891460 45.757499695
0.999964654 -0.001593372 -0.008257973 0.852615535 0.001698830 0.999916971 0.012779203 -1.378982186 0.008236925 -0.012792781 0.999884248 46.338218689
0.999961436 -0.002085024 -0.008536883 0.860930145 0.002192130 0.999918699 0.012556240 -1.376945734 0.008510010 -0.012574469 0.999884725 46.877693176
0.999972522 -0.000608440 -0.007389596 0.846756220 0.000699751 0.999923348 0.012360360 -1.406487226 0.007381511 -0.012365192 0.999896288 47.396026611
0.999962866 -0.002055048 -0.008365205 0.880409539 0.002158508 0.999921083 0.012377741 -1.394612551 0.008339108 -0.012395339 0.999888361 48.022377014
0.999968946 -0.000656554 -0.007855224 0.858475089 0.000752940 0.999924362 0.012273679 -1.428735495 0.007846572 -0.012279211 0.999893785 48.451007843
0.999971509 -0.000313531 -0.007543894 0.874106884 0.000407160 0.999922812 0.012412816 -1.438202143 0.007539423 -0.012415535 0.999894500 48.989635468
0.999969780 -0.000021440 -0.007784740 0.876490116 0.000118363 0.999922514 0.012450187 -1.444424629 0.007783872 -0.012450732 0.999892235 49.540386200
0.999972343 -0.001029978 -0.007355917 0.863870680 0.001123256 0.999918878 0.012687887 -1.469040751 0.007342251 -0.012695800 0.999892473 50.043899536
0.999969304 -0.000740450 -0.007802806 0.882257998 0.000840937 0.999916792 0.012882930 -1.477878332 0.007792617 -0.012889099 0.999886572 50.577007294
0.999969661 -0.000642563 -0.007753629 0.888214350 0.000742799 0.999916077 0.012931649 -1.482200384 0.007744671 -0.012937016 0.999886274 51.093006134
0.999970436 -0.000400680 -0.007676336 0.896615207 0.000500737 0.999914885 0.013037021 -1.496139526 0.007670460 -0.013040480 0.999885559 51.638198853
0.999968886 -0.000774344 -0.007847815 0.915679753 0.000873128 0.999920309 0.012591800 -1.495667934 0.007837441 -0.012598259 0.999889910 52.148612976
0.999975026 -0.000065492 -0.007062168 0.889110744 0.000152555 0.999924064 0.012328251 -1.503463984 0.007060824 -0.012329021 0.999899030 52.713317871
0.999969363 -0.001129115 -0.007748938 0.936827421 0.001230670 0.999913335 0.013113405 -1.515754700 0.007733460 -0.013122541 0.999884009 53.213954926
0.999973357 -0.000528105 -0.007277965 0.900782585 0.000621616 0.999917269 0.012852216 -1.526026487 0.007270574 -0.012856398 0.999890864 53.726726532
0.999968410 -0.000906045 -0.007897944 0.941202939 0.001008912 0.999914587 0.013030311 -1.558035016 0.007885464 -0.013037868 0.999883890 54.162353516
0.999968648 -0.000235396 -0.007911251 0.945142150 0.000339184 0.999913871 0.013120247 -1.563532591 0.007907482 -0.013122518 0.999882638 54.693351746
0.999966383 -0.000445171 -0.008191505 0.959357381 0.000550772 0.999916732 0.012893716 -1.568271041 0.008185084 -0.012897793 0.999883354 55.240619659
0.999968410 -0.000518814 -0.007936560 0.959782004 0.000621661 0.999915838 0.012961661 -1.575990081 0.007929166 -0.012966186 0.999884546 55.746482849
0.999965310 -0.001230824 -0.008236923 0.972718239 0.001342241 0.999907494 0.013534679 -1.597427130 0.008219503 -0.013545265 0.999874413 56.236530304
0.999958217 -0.001415131 -0.009031460 1.001182437 0.001534699 0.999911070 0.013245933 -1.604070306 0.009011913 -0.013259239 0.999871492 56.788326263
0.999968946 -0.000691400 -0.007842247 1.011877179 0.000796430 0.999909937 0.013397650 -1.616212010 0.007832278 -0.013403481 0.999879479 57.172954559
0.999967337 -0.000739389 -0.008050842 1.016537428 0.000848088 0.999908447 0.013506622 -1.625020027 0.008040120 -0.013513008 0.999876380 57.685359955
0.999968231 -0.000844898 -0.007929206 1.025382042 0.000949783 0.999911964 0.013233304 -1.627756119 0.007917327 -0.013240417 0.999880970 58.211376190
0.999966979 -0.000911056 -0.008089782 1.039278865 0.001022663 0.999904215 0.013802586 -1.645390391 0.008076433 -0.013810402 0.999872029 58.735542297
0.999966621 -0.000956801 -0.008117206 1.045624256 0.001070177 0.999901772 0.013974501 -1.651755333 0.008103036 -0.013982721 0.999869406 59.258762360
0.999966085 -0.001365962 -0.008120039 1.056734562 0.001475482 0.999907851 0.013496920 -1.664185524 0.008100855 -0.013508444 0.999875963 59.778930664
0.999962449 -0.001178488 -0.008583498 1.096525669 0.001302185 0.999895096 0.014419775 -1.696855783 0.008565606 -0.014430410 0.999859214 60.283836365
0.999965549 -0.000393014 -0.008296090 1.110147715 0.000508932 0.999902248 0.013975016 -1.690305710 0.008289789 -0.013978757 0.999867976 60.686340332
0.999959528 -0.001256454 -0.008915897 1.152065754 0.001376196 0.999908745 0.013436779 -1.686691999 0.008898200 -0.013448501 0.999869943 61.199878693
0.999959648 -0.000532324 -0.008966699 1.174448967 0.000661756 0.999895573 0.014437959 -1.722970963 0.008958075 -0.014443310 0.999855578 61.668521881
0.999950886 -0.002235857 -0.009656939 1.186041594 0.002375594 0.999892235 0.014482938 -1.737168074 0.009623515 -0.014505167 0.999848485 62.173053741
0.999954343 -0.001889781 -0.009366140 1.168342113 0.002034114 0.999878883 0.015424503 -1.760669470 0.009335856 -0.015442850 0.999837160 62.705596924
0.999959707 -0.001637918 -0.008828992 1.160342455 0.001762340 0.999898970 0.014103126 -1.730066776 0.008805001 -0.014118116 0.999861479 63.339958191
0.999958873 -0.001065311 -0.009013735 1.172996402 0.001192196 0.999900103 0.014083277 -1.742985964 0.008997831 -0.014093445 0.999860108 63.881187439
0.999963582 -0.001006639 -0.008469617 1.161280990 0.001131833 0.999889970 0.014789770 -1.760617971 0.008453796 -0.014798820 0.999854684 64.392646790
0.999958098 -0.002326056 -0.008848869 1.157110333 0.002454337 0.999891579 0.014513792 -1.753981352 0.008814151 -0.014534905 0.999855518 64.787261963
0.999955654 -0.002017766 -0.009207784 1.201006413 0.002149589 0.999894977 0.014329067 -1.740257144 0.009177905 -0.014348224 0.999854863 65.470046997
0.999957263 -0.002566288 -0.008892288 1.179605842 0.002694907 0.999891460 0.014482389 -1.777042627 0.008854156 -0.014505734 0.999855578 65.864898682
0.999958813 -0.001689676 -0.008907646 1.224103212 0.001819817 0.999891460 0.014622220 -1.791952372 0.008881974 -0.014637828 0.999853373 66.226425171
0.999954760 -0.002654521 -0.009130457 1.206461191 0.002789796 0.999886036 0.014835174 -1.805683970 0.009090036 -0.014859978 0.999848247 66.889732361
0.999956250 -0.001874797 -0.009161423 1.240380287 0.002012138 0.999885380 0.015005066 -1.815034986 0.009132241 -0.015022844 0.999845386 67.316040039
0.999958575 -0.001971369 -0.008882907 1.245942831 0.002103434 0.999887049 0.014882480 -1.823571205 0.008852565 -0.014900547 0.999849796 67.876708984
0.999955773 -0.001529033 -0.009281793 1.270850897 0.001673643 0.999876976 0.015592184 -1.839205027 0.009256811 -0.015607027 0.999835372 68.064010620
0.999955833 -0.001592269 -0.009258560 1.275930166 0.001728594 0.999889910 0.014735012 -1.828895092 0.009234080 -0.014750368 0.999848545 68.987014771
0.999950707 -0.002330292 -0.009646099 1.280474663 0.002485581 0.999867022 0.016118124 -1.879228473 0.009607256 -0.016141308 0.999823511 69.092857361
0.999948978 -0.002466137 -0.009792422 1.295115232 0.002625709 0.999863386 0.016316248 -1.890965462 0.009750848 -0.016341127 0.999818921 69.617973328
0.999944568 -0.002594623 -0.010200135 1.310638189 0.002759647 0.999864995 0.016197948 -1.915770411 0.010156728 -0.016225198 0.999816775 70.026039124
0.999962330 -0.000976369 -0.008624761 1.300113440 0.001120491 0.999859512 0.016721239 -1.909754395 0.008607225 -0.016730273 0.999822915 70.684356689
0.999947011 -0.002339541 -0.010025437 1.313823223 0.002504257 0.999861538 0.016448779 -1.936748505 0.009985567 -0.016473014 0.999814391 71.075027466
0.999952018 -0.001884904 -0.009603949 1.317326069 0.002043130 0.999861896 0.016491966 -1.945479631 0.009571538 -0.016510800 0.999817848 71.594924927
0.999954581 -0.001816007 -0.009348719 1.321072698 0.001970744 0.999860764 0.016569238 -1.954448104 0.009317328 -0.016586913 0.999818981 72.144218445
0.999952972 -0.001396570 -0.009592557 1.357657194 0.001560735 0.999852121 0.017127667 -2.025117874 0.009567217 -0.017141836 0.999807239 72.540763855
0.999950230 -0.002183191 -0.009720271 1.349908113 0.002345518 0.999857426 0.016719943 -1.974237204 0.009682383 -0.016741915 0.999812901 73.197113037
0.999944806 -0.003203218 -0.009998887 1.351274729 0.003370057 0.999854565 0.016713697 -2.029716015 0.009943893 -0.016746473 0.999810338 73.823867798
0.999943674 -0.003202353 -0.010109390 1.364279032 0.003368000 0.999859631 0.016411122 -2.043179035 0.010055416 -0.016444245 0.999814272 74.376358032
0.999940515 -0.003699541 -0.010258889 1.370151758 0.003865652 0.999860942 0.016219728 -2.040674686 0.010197456 -0.016258417 0.999815881 74.926513672
0.999937534 -0.003437972 -0.010628904 1.379830480 0.003616553 0.999851882 0.016828114 -2.065238476 0.010569474 -0.016865503 0.999801874 75.586151123
0.999946058 -0.002664596 -0.010037327 1.388518095 0.002830717 0.999858618 0.016572654 -2.075112104 0.009991751 -0.016600173 0.999812305 76.169219971
0.999944985 -0.002658338 -0.010145874 1.398962975 0.002826667 0.999858022 0.016612833 -2.083341360 0.010100270 -0.016640604 0.999810576 76.705368042
0.999951363 -0.001811940 -0.009697666 1.396153450 0.001972693 0.999860406 0.016592681 -2.097540379 0.009666246 -0.016611002 0.999815404 77.287208557
0.999951839 -0.002089088 -0.009587777 1.402358294 0.002246882 0.999861658 0.016476640 -2.100084782 0.009552026 -0.016497388 0.999818265 77.831398010
0.999967635 -0.001232713 -0.007948624 1.410511971 0.001364968 0.999860346 0.016654776 -2.109139442 0.007926984 -0.016665088 0.999829710 78.395790100
0.999976218 -0.001462121 -0.006735590 1.432414055 0.001574298 0.999859631 0.016679367 -2.127240658 0.006710259 -0.016689576 0.999838114 78.915550232
0.999986768 -0.000261406 -0.005124779 1.448778033 0.000346989 0.999860406 0.016706100 -2.148409128 0.005119696 -0.016707662 0.999847233 79.468734741
0.999991179 -0.000838704 -0.004117782 1.444111943 0.000908227 0.999856532 0.016911002 -2.143911600 0.004103008 -0.016914591 0.999848545 80.015068054
1.000000000 0.000119991 -0.000182084 1.453117728 -0.000116937 0.999860942 0.016676284 -2.152779102 0.000184059 -0.016676260 0.999860942 80.567764282
0.999996126 -0.000749859 0.002660090 1.479931474 0.000705588 0.999861896 0.016604947 -2.159265280 -0.002672174 -0.016603006 0.999858618 81.140174866
0.999985993 -0.000389787 0.005281177 1.506651640 0.000300897 0.999858439 0.016821811 -2.175582886 -0.005286987 -0.016819987 0.999844491 81.693199158
0.999952734 -0.000461960 0.009716205 1.534754276 0.000301870 0.999864340 0.016471563 -2.170250893 -0.009722495 -0.016467851 0.999817133 82.221374512
0.999874651 -0.000339541 0.015826015 1.554697633 0.000081285 0.999866903 0.016316185 -2.179555893 -0.015829448 -0.016312856 0.999741554 82.761947632
0.999777913 -0.000975861 0.021050071 1.622101665 0.000643064 0.999874771 0.015810734 -2.156028271 -0.021062864 -0.015793687 0.999653399 83.295288086
0.999609947 -0.000480144 0.027922859 1.598240495 0.000024892 0.999867141 0.016301999 -2.190513611 -0.027926978 -0.016294945 0.999477148 83.798843384
0.999337256 -0.000046003 0.036401238 1.591847181 -0.000559042 0.999861896 0.016611202 -2.202682018 -0.036396969 -0.016620545 0.999199152 84.760116577
0.999019325 -0.000018132 0.044275478 1.662329912 -0.000711666 0.999864161 0.016467320 -2.211946011 -0.044269759 -0.016482679 0.998883724 85.254966736
0.998683035 -0.000618943 0.051299728 1.720092773 -0.000233360 0.999862075 0.016606541 -2.222565651 -0.051302932 -0.016596645 0.998545170 85.782081604
0.998186827 -0.000523260 0.060189772 1.774648666 -0.000456545 0.999867618 0.016263694 -2.240269661 -0.060190324 -0.016261680 0.998054445 86.301307678
0.997547150 -0.000561045 0.069995396 1.830677032 -0.000602709 0.999861956 0.016603926 -2.247415066 -0.069995046 -0.016605387 0.997409105 86.810981750
0.996883214 -0.000130275 0.078891583 1.880253315 -0.001173769 0.999863446 0.016482972 -2.256666183 -0.078882940 -0.016524194 0.996746957 87.343742371
0.996229291 -0.001159072 0.086751513 1.968855381 -0.000259660 0.999866426 0.016340910 -2.264801979 -0.086758874 -0.016301816 0.996096075 87.975090027
0.995262861 -0.001213218 0.097212963 2.059890270 -0.000365843 0.999868453 0.016223850 -2.273034811 -0.097219840 -0.016182562 0.995131314 88.505035400
0.994174659 -0.001325911 0.107772879 2.150084972 -0.000392379 0.999873102 0.015920853 -2.265765429 -0.107780322 -0.015870394 0.994048059 89.075859070
0.993064225 -0.001133629 0.117567070 2.220487595 -0.000712186 0.999877095 0.015656903 -2.263689041 -0.117570378 -0.015632041 0.992941439 89.666313171
0.991732001 -0.001281534 0.128320053 2.320689201 -0.000733600 0.999877155 0.015655475 -2.271464348 -0.128324345 -0.015620169 0.991609156 90.225921631
0.990072966 -0.001525946 0.140546292 2.420177460 -0.000649134 0.999880791 0.015428749 -2.279727459 -0.140553087 -0.015366821 0.989953816 90.756996155
0.988526106 -0.002262474 0.151033059 2.530938148 -0.000028921 0.999884903 0.015167552 -2.286537647 -0.151050001 -0.014997888 0.988412321 91.322853088
0.986976564 -0.002228661 0.160848588 2.646020889 -0.000207666 0.999885499 0.015128317 -2.287914753 -0.160863906 -0.014964697 0.986863077 91.883895874
0.984847784 -0.001602644 0.173413664 2.756821632 -0.001024790 0.999886036 0.015060658 -2.289100647 -0.173418045 -0.015010168 0.984733939 92.414627075
0.982637882 -0.002289103 0.185519636 2.882704735 -0.000512549 0.999886572 0.015052279 -2.297544003 -0.185533077 -0.014886027 0.982525229 92.943473816
0.980467618 -0.002697262 0.196662679 3.003293037 -0.000156675 0.999894917 0.014494833 -2.307054520 -0.196681112 -0.014242524 0.980364084 93.507179260
0.977697432 -0.002738412 0.210000455 3.142219543 -0.000343293 0.999892831 0.014636897 -2.320740461 -0.210018039 -0.014382549 0.977591634 94.037597656
0.974794388 -0.003200543 0.223082170 3.297811508 -0.000134089 0.999888480 0.014931250 -2.324879408 -0.223105088 -0.014584811 0.974685311 94.547599792
0.972163022 -0.003083019 0.234285265 3.451374054 -0.000395974 0.999890447 0.014800894 -2.333720922 -0.234305233 -0.014481653 0.972055256 95.078872681
0.969091237 -0.004156294 0.246668056 3.624752045 0.000628393 0.999896407 0.014379222 -2.321358442 -0.246702269 -0.013779769 0.968993485 95.609733582
0.965483844 -0.004606771 0.260422289 3.811021805 0.000756938 0.999888957 0.014881402 -2.350084782 -0.260461926 -0.014170628 0.965380132 96.168037415
0.961831510 -0.004077686 0.273611784 3.984786987 0.000123483 0.999895334 0.014467538 -2.355077505 -0.273642182 -0.013881548 0.961731374 96.697822571
0.958729982 -0.005508564 0.284264863 4.171470642 0.001166207 0.999880016 0.015442733 -2.385776520 -0.284315825 -0.014473896 0.958621383 97.211967468
0.954372346 -0.004451063 0.298585981 4.356037140 -0.000105242 0.999883831 0.015241793 -2.384151459 -0.298619121 -0.014577770 0.954261005 97.733589172
0.949943602 -0.005298014 0.312376469 4.563537598 0.000523184 0.999881804 0.015367324 -2.393317699 -0.312420994 -0.014434662 0.949833989 98.271560669
0.946077287 -0.006123274 0.323883176 4.763801575 0.001227145 0.999881923 0.015319030 -2.397090197 -0.323938757 -0.014095534 0.945972979 98.793907166
0.941726744 -0.005839365 0.336328238 4.981679916 0.000888137 0.999889016 0.014873366 -2.404425383 -0.336377740 -0.013707943 0.941627324 99.317100525
0.936526418 -0.005882910 0.350547999 5.196622849 0.000611476 0.999885082 0.015146487 -2.415069580 -0.350596786 -0.013970733 0.936422288 99.825843811
0.931928039 -0.006522181 0.362584591 5.414583206 0.001095972 0.999884307 0.015169038 -2.422673702 -0.362641633 -0.013739068 0.931827426 100.324005127
0.927397490 -0.007362728 0.374004960 5.640071869 0.001881228 0.999885380 0.015019150 -2.432909489 -0.374072701 -0.013225134 0.927305102 100.836380005
0.921629012 -0.007552966 0.387998551 5.878965378 0.001878680 0.999885678 0.015001746 -2.434928417 -0.388067514 -0.013097120 0.921537876 101.342613220
0.916422665 -0.009137888 0.400107503 6.128540039 0.003406321 0.999881148 0.015033886 -2.443012238 -0.400197357 -0.012414500 0.916344881 101.831314087
0.911814511 -0.010034760 0.410479665 6.378437042 0.004123338 0.999874592 0.015284029 -2.451514721 -0.410581619 -0.012243653 0.911741674 102.330757141
0.906355202 -0.010137806 0.422394842 6.638141632 0.003952560 0.999871790 0.015516484 -2.464989185 -0.422498018 -0.012393907 0.906279147 102.809234619
0.899784625 -0.010462267 0.436208785 6.905570984 0.004270766 0.999875724 0.015172090 -2.471046925 -0.436313242 -0.011788670 0.899717569 103.308326721
0.894195318 -0.011470412 0.447529793 7.177028656 0.005100979 0.999867857 0.015435003 -2.486498594 -0.447647631 -0.011519069 0.894135833 103.761230469
0.888561785 -0.012484909 0.458586991 7.443840027 0.005931004 0.999858677 0.015728924 -2.497967720 -0.458718598 -0.011256241 0.888510227 104.208183289
0.881617069 -0.012234266 0.471806705 7.737495422 0.005694556 0.999866962 0.015286386 -2.502197504 -0.471930921 -0.010790010 0.881569505 104.704856873
