1.000000000 0.000000000 0.000000000 0.000000000 0.000000000 1.000000000 0.000000000 0.000000000 0.000000000 0.000000000 1.000000000 0.000000000
1.000000000 0.000071365 -0.000030643 0.000300726 -0.000071365 1.000000000 0.000020728 0.000492920 0.000030644 -0.000020726 1.000000000 0.002209300
1.000000000 0.000034735 -0.000045965 0.001063405 -0.000034732 1.000000000 0.000062084 -0.001066398 0.000045967 -0.000062083 1.000000000 0.001034505
1.000000000 -0.000019738 -0.000030098 0.000596611 0.000019737 1.000000000 -0.000038017 0.000343322 0.000030098 0.000038017 1.000000000 -0.001694398
1.000000000 -0.000165735 -0.000111257 0.001128508 0.000165742 1.000000000 0.000062249 -0.000899297 0.000111246 -0.000062268 1.000000000 0.000300866
1.000000000 -0.000155083 -0.000109102 -0.000906975 0.000155086 1.000000000 0.000034496 0.000062948 0.000109097 -0.000034513 1.000000000 -0.000423598
1.000000000 -0.000120208 -0.000055808 0.000778056 0.000120212 1.000000000 0.000060416 -0.000754311 0.000055801 -0.000060423 1.000000000 0.001228258
1.000000000 -0.000152627 -0.000060135 0.000028331 0.000152631 1.000000000 0.000077984 -0.000780583 0.000060123 -0.000077993 1.000000000 -0.000409150
1.000000000 -0.000051145 -0.000095901 0.000675351 0.000051151 1.000000000 0.000060991 -0.000064966 0.000095898 -0.000060996 1.000000000 -0.001904142
1.000000000 -0.000011926 -0.000007869 -0.000441814 0.000011926 1.000000000 0.000041570 0.000619640 0.000007869 -0.000041570 1.000000000 0.002656965
1.000000000 -0.000071574 -0.000070412 0.001025476 0.000071574 1.000000000 -0.000002317 0.000615841 0.000070412 0.000002312 1.000000000 0.000069471
1.000000000 -0.000105149 -0.000134717 0.001111126 0.000105157 1.000000000 0.000056178 0.000119038 0.000134712 -0.000056193 1.000000000 -0.000476510
1.000000000 -0.000095596 -0.000044791 -0.000182353 0.000095595 1.000000000 -0.000028081 0.001784457 0.000044794 0.000028076 1.000000000 0.002555488
0.999999940 -0.000221817 -0.000129860 0.001015908 0.000221830 1.000000000 0.000101324 0.000127475 0.000129837 -0.000101353 1.000000000 -0.001521819
1.000000000 -0.000120963 -0.000145821 0.001150707 0.000120971 1.000000000 0.000054130 -0.000576563 0.000145814 -0.000054148 1.000000000 -0.002276145
1.000000000 -0.000145554 -0.000169703 0.003185702 0.000145577 1.000000000 0.000138630 -0.000860839 0.000169683 -0.000138655 1.000000000 -0.004970874
1.000000000 -0.000127620 -0.000076927 0.001293402 0.000127626 1.000000000 0.000073757 -0.000413004 0.000076917 -0.000073766 1.000000000 -0.003430414
1.000000000 -0.000062004 -0.000090886 0.002195711 0.000062007 1.000000000 0.000032050 -0.000167300 0.000090884 -0.000032056 1.000000000 -0.000494202
1.000000000 -0.000036776 -0.000130166 0.002062024 0.000036792 1.000000000 0.000126185 -0.000752929 0.000130162 -0.000126189 1.000000000 -0.003297677
0.999999940 -0.000227904 -0.000136841 0.001281786 0.000227914 1.000000000 0.000072605 -0.000224657 0.000136824 -0.000072637 1.000000000 -0.003202143
1.000000000 -0.000193839 -0.000112385 0.000956728 0.000193850 1.000000000 0.000092252 0.000280610 0.000112368 -0.000092274 1.000000000 0.001089202
1.000000000 -0.000198813 -0.000123371 0.000579614 0.000198827 1.000000000 0.000113930 -0.001671654 0.000123348 -0.000113954 1.000000000 -0.003888937
1.000000000 -0.000080975 -0.000161838 0.003634580 0.000080995 1.000000000 0.000123510 -0.000697554 0.000161828 -0.000123523 1.000000000 -0.002365174
1.000000000 -0.000094609 -0.000162353 0.003302937 0.000094624 1.000000000 0.000095264 -0.001446710 0.000162344 -0.000095279 1.000000000 -0.002339945
0.999999940 -0.000200161 -0.000187807 0.002846490 0.000200186 1.000000000 0.000131848 -0.001228462 0.000187781 -0.000131885 1.000000000 -0.005189495
0.999999940 -0.000158871 -0.000190997 0.002745110 0.000158889 1.000000000 0.000091984 0.000354850 0.000190983 -0.000092014 1.000000000 -0.001483664
1.000000000 -0.000148980 -0.000143480 0.002914893 0.000148989 1.000000000 0.000061320 0.000016250 0.000143470 -0.000061341 1.000000000 -0.003503683
0.999999940 -0.000233494 -0.000166811 0.003328122 0.000233512 0.999999940 0.000104882 -0.000844228 0.000166786 -0.000104921 1.000000000 -0.003869611
0.999999940 -0.000219665 -0.000111923 0.000313736 0.000219674 1.000000000 0.000080175 -0.001150088 0.000111905 -0.000080199 1.000000000 -0.003133105
1.000000000 -0.000043816 -0.000191501 0.002601887 0.000043843 1.000000000 0.000141305 -0.001138912 0.000191495 -0.000141313 1.000000000 -0.003404612
0.999999940 -0.000233253 -0.000194096 0.003752709 0.000233276 0.999999940 0.000118044 -0.000799693 0.000194069 -0.000118090 1.000000000 -0.003569051
0.999999940 -0.000183973 -0.000213634 0.003014166 0.000184000 1.000000000 0.000127118 -0.000454111 0.000213610 -0.000127157 0.999999940 -0.002871870
0.999999940 -0.000183988 -0.000161768 0.002594691 0.000184006 1.000000000 0.000106248 -0.000384036 0.000161748 -0.000106278 1.000000000 -0.004779153
1.000000000 -0.000097722 -0.000145701 0.002910337 0.000097732 1.000000000 0.000064893 -0.001164358 0.000145694 -0.000064907 1.000000000 -0.003266992
1.000000000 -0.000137851 -0.000155535 0.002657840 0.000137865 1.000000000 0.000086900 -0.000653620 0.000155523 -0.000086921 1.000000000 -0.001583577
0.999999940 -0.000206436 -0.000157972 0.002171689 0.000206460 0.999999940 0.000147802 -0.001654349 0.000157942 -0.000147835 1.000000000 -0.005109597
0.999999940 -0.000195886 -0.000224804 0.003263126 0.000195905 1.000000000 0.000084540 0.000196314 0.000224787 -0.000084584 1.000000000 -0.002604317
0.999999940 -0.000192379 -0.000196532 0.003956650 0.000192406 1.000000000 0.000136798 0.000402544 0.000196505 -0.000136835 1.000000000 -0.004185832
1.000000000 -0.000167448 -0.000119030 0.001121477 0.000167459 1.000000000 0.000090394 -0.000216763 0.000119015 -0.000090414 1.000000000 -0.003285385
0.999999940 -0.000166658 -0.000185896 0.002868627 0.000166686 1.000000000 0.000149996 -0.001501336 0.000185871 -0.000150027 1.000000000 -0.005407586
0.999999940 -0.000169077 -0.000207703 0.004980224 0.000169092 1.000000000 0.000073738 -0.001896600 0.000207691 -0.000073773 1.000000000 -0.001720570
1.000000000 -0.000210519 -0.000007682 0.000888320 0.000210515 0.999999821 -0.000540199 -0.002651800 0.000007796 0.000540198 0.999999881 0.050095838
1.000000000 -0.000024397 -0.000147405 0.003376295 0.000024231 0.999999344 -0.001128928 -0.004052664 0.000147433 0.001128924 0.999999344 0.141462699
1.000000000 -0.000131716 -0.000074943 0.003931829 0.000131606 0.999998927 -0.001473217 -0.007931991 0.000075137 0.001473207 0.999998927 0.258741617
1.000000000 -0.000083476 -0.000034462 0.006257866 0.000083428 0.999999046 -0.001384399 -0.011150438 0.000034578 0.001384396 0.999999046 0.393426776
1.000000000 -0.000033738 -0.000129503 0.010258215 0.000033588 0.999999344 -0.001156901 -0.018618278 0.000129542 0.001156896 0.999999344 0.529206455
1.000000000 0.000051165 -0.000058437 0.012183938 -0.000051230 0.999999344 -0.001118241 -0.020917401 0.000058379 0.001118244 0.999999344 0.686491668
1.000000000 -0.000015595 0.000071619 0.016037401 0.000015661 0.999999583 -0.000912611 -0.024470108 -0.000071605 0.000912612 0.999999583 0.846152902
0.999999940 0.000335885 0.000222071 0.010964165 -0.000335709 0.999999642 -0.000789645 -0.025770485 -0.000222336 0.000789571 0.999999642 1.027815938
1.000000000 0.000078101 -0.000198203 0.025385741 -0.000078216 0.999999821 -0.000578675 -0.037382703 0.000198157 0.000578691 0.999999821 1.187604785
1.000000000 0.000011037 -0.000014002 0.027422022 -0.000011041 0.999999940 -0.000283132 -0.040849991 0.000013999 0.000283132 0.999999940 1.365693450
1.000000000 0.000159367 -0.000121940 0.030544858 -0.000159407 0.999999940 -0.000333050 -0.048797999 0.000121887 0.000333070 0.999999940 1.574087620
0.999996841 0.002203492 -0.001215567 0.044337936 -0.002204082 0.999997437 -0.000483944 -0.087018356 0.001214498 0.000486622 0.999999166 1.766646862
0.999996960 0.001957494 -0.001498554 0.052684598 -0.001957703 0.999998093 -0.000138155 -0.092888042 0.001498281 0.000141088 0.999998927 1.972798347
0.999996305 0.002401126 -0.001268800 0.047421932 -0.002401507 0.999997139 -0.000298766 -0.095499292 0.001268078 0.000301812 0.999999166 2.188531399
0.999996483 0.001950896 -0.001787497 0.061524887 -0.001950825 0.999998093 0.000041871 -0.107189640 0.001787575 -0.000038384 0.999998510 2.394177437
0.999995768 0.002444563 -0.001578951 0.078600138 -0.002444325 0.999997020 0.000152696 -0.123120882 0.001579319 -0.000148836 0.999998748 2.584476471
0.999995828 0.002452068 -0.001538435 0.080637209 -0.002451605 0.999997020 0.000302420 -0.130041465 0.001539172 -0.000298647 0.999998808 2.816178322
0.999995649 0.002645915 -0.001308007 0.081262104 -0.002645555 0.999996483 0.000276436 -0.133514181 0.001308734 -0.000272974 0.999999106 3.058242321
0.999995828 0.002578946 -0.001330211 0.083822928 -0.002578699 0.999996662 0.000187295 -0.139644280 0.001330689 -0.000183864 0.999999166 3.302768469
0.999996245 0.002372004 -0.001369650 0.090608597 -0.002371266 0.999997020 0.000539762 -0.152130842 0.001370927 -0.000536512 0.999998927 3.538610458
0.999995410 0.002755171 -0.001269505 0.094653860 -0.002754597 0.999996126 0.000453684 -0.168453410 0.001270750 -0.000450185 0.999999106 3.795034409
0.999994993 0.002961911 -0.001125106 0.101157904 -0.002961367 0.999995470 0.000485487 -0.172477275 0.001126538 -0.000482153 0.999999285 4.058043003
0.999995470 0.002891702 -0.000822386 0.099169463 -0.002891045 0.999995530 0.000800038 -0.183138058 0.000824696 -0.000797657 0.999999344 4.313062191
0.999996066 0.002674799 -0.000846800 0.105287321 -0.002674003 0.999996006 0.000939343 -0.191665724 0.000849309 -0.000937075 0.999999166 4.569110870
0.999996066 0.002704920 -0.000688024 0.108520098 -0.002704216 0.999995828 0.001023025 -0.198290646 0.000690788 -0.001021161 0.999999225 4.836349964
0.999996841 0.002361696 -0.000878301 0.116973430 -0.002360513 0.999996364 0.001345349 -0.208930433 0.000881475 -0.001343271 0.999998689 5.094470501
0.999996126 0.002720567 -0.000634803 0.112321965 -0.002719731 0.999995351 0.001313834 -0.223019600 0.000638374 -0.001312102 0.999998868 5.332299232
0.999996364 0.002617838 -0.000702261 0.117890738 -0.002616832 0.999995530 0.001428421 -0.231295407 0.000705997 -0.001426578 0.999998748 5.601723671
0.999995351 0.002979315 -0.000588176 0.121591687 -0.002978448 0.999994457 0.001469510 -0.237656355 0.000592551 -0.001467751 0.999998748 5.879464626
0.999997199 0.002225280 -0.000838755 0.127529055 -0.002223998 0.999996364 0.001526241 -0.250663489 0.000842148 -0.001524372 0.999998450 6.158224583
0.999994516 0.003253638 -0.000613341 0.134868845 -0.003252714 0.999993563 0.001500718 -0.260868639 0.000618220 -0.001498715 0.999998689 6.422129631
0.999994695 0.003203331 -0.000652400 0.144331023 -0.003202395 0.999993861 0.001431582 -0.274218589 0.000656982 -0.001429485 0.999998748 6.703342438
0.999994099 0.003363928 -0.000672769 0.151835695 -0.003362918 0.999993205 0.001496701 -0.281365037 0.000677800 -0.001494430 0.999998629 7.015049458
0.999993920 0.003459083 -0.000519498 0.153477997 -0.003458270 0.999992788 0.001558168 -0.289683282 0.000524885 -0.001556362 0.999998689 7.326925278
0.999994457 0.003281732 -0.000495744 0.167073712 -0.003280916 0.999993265 0.001637229 -0.304135323 0.000501114 -0.001635593 0.999998569 7.607232094
0.999996483 0.002643761 -0.000507286 0.166948259 -0.002642644 0.999994218 0.002191096 -0.324449629 0.000513075 -0.002189748 0.999997497 7.900454521
0.999997020 0.002321099 -0.000720565 0.175854787 -0.002319660 0.999995351 0.001991539 -0.329847544 0.000725185 -0.001989862 0.999997795 8.217040062
0.999996722 0.002515777 -0.000553788 0.178435951 -0.002514699 0.999994934 0.001940153 -0.335919052 0.000558666 -0.001938754 0.999997973 8.556764603
0.999995589 0.002949833 -0.000276766 0.178917617 -0.002949304 0.999993801 0.001895003 -0.342976749 0.000282355 -0.001894178 0.999998212 8.904685020
0.999996245 0.002729194 -0.000181595 0.186046213 -0.002728774 0.999993682 0.002274254 -0.361595899 0.000187800 -0.002273750 0.999997437 9.233313560
0.999992788 0.003801232 -0.000046725 0.189966634 -0.003801120 0.999990284 0.002216562 -0.385049582 0.000055150 -0.002216368 0.999997497 9.571007729
0.999991953 0.003999976 -0.000197341 0.198800966 -0.003999557 0.999989808 0.002078169 -0.391851366 0.000205652 -0.002077363 0.999997795 9.917016983
0.999992788 0.003799111 -0.000013961 0.199483559 -0.003799071 0.999990404 0.002200596 -0.400109231 0.000022321 -0.002200527 0.999997616 10.291810989
0.999993443 0.003629710 -0.000093291 0.214563340 -0.003629487 0.999990821 0.002289295 -0.411888540 0.000101599 -0.002288941 0.999997377 10.644052505
0.999992967 0.003755748 0.000090138 0.224764869 -0.003755999 0.999988496 0.002979737 -0.437246740 -0.000078946 -0.002980054 0.999995470 10.979400635
0.999993563 0.003598935 -0.000242316 0.234938920 -0.003598206 0.999989212 0.002944750 -0.449052960 0.000252911 -0.002943859 0.999995589 11.356582642
0.999991238 0.004204486 0.000131557 0.239710554 -0.004204853 0.999986887 0.002927668 -0.454301894 -0.000119246 -0.002928195 0.999995708 11.748172760
0.999993443 0.003616490 -0.000219392 0.250590980 -0.003615767 0.999988258 0.003212713 -0.467141837 0.000231008 -0.003211899 0.999994814 12.122361183
0.999993861 0.003491898 0.000049007 0.260855973 -0.003492039 0.999988616 0.003242342 -0.482657164 -0.000037684 -0.003242494 0.999994755 12.472391129
0.999993205 0.003700258 0.000096734 0.265098274 -0.003700573 0.999987066 0.003490350 -0.492433310 -0.000083818 -0.003490685 0.999993861 12.882182121
0.999993384 0.003627731 -0.000129926 0.283141792 -0.003627260 0.999987364 0.003458152 -0.507930696 0.000142470 -0.003457658 0.999994040 13.263342857
0.999993563 0.003592853 0.000158917 0.287045658 -0.003593392 0.999987245 0.003535172 -0.515533924 -0.000146214 -0.003535720 0.999993742 13.688488960
0.999992907 0.003763127 0.000307129 0.301393837 -0.003764229 0.999986172 0.003669518 -0.529944062 -0.000293316 -0.003670648 0.999993265 14.095642090
0.999993622 0.003462375 0.000800746 0.300349116 -0.003465796 0.999984682 0.004311162 -0.565016687 -0.000785807 -0.004313910 0.999990404 14.446932793
0.999993861 0.003377635 0.000976381 0.309771448 -0.003382011 0.999984086 0.004516118 -0.575024009 -0.000961111 -0.004519393 0.999989331 14.867136002
0.999993086 0.003517281 0.001161792 0.322707981 -0.003522862 0.999982119 0.004837321 -0.593837500 -0.001144757 -0.004841380 0.999987602 15.294760704
0.999992907 0.003390068 0.001623789 0.329517335 -0.003397985 0.999982238 0.004897714 -0.607826293 -0.001607157 -0.004903196 0.999986708 15.703255653
0.999991953 0.003531573 0.001880119 0.340537131 -0.003540934 0.999981284 0.004999158 -0.619513988 -0.001862429 -0.005005775 0.999985814 16.147449493
0.999992728 0.003351233 0.001823786 0.355886906 -0.003360287 0.999981940 0.004984180 -0.634342194 -0.001807050 -0.004990272 0.999985933 16.585498810
0.999993742 0.002933446 0.001957300 0.364717126 -0.002943118 0.999983370 0.004957558 -0.647570252 -0.001942724 -0.004963288 0.999985754 17.034141541
0.999993861 0.002621073 0.002316508 0.374017745 -0.002632689 0.999983847 0.005025567 -0.657305777 -0.002303298 -0.005031635 0.999984741 17.501390457
0.999993980 0.002463480 0.002452741 0.389536679 -0.002475491 0.999984920 0.004905934 -0.667428672 -0.002440618 -0.004911977 0.999984980 17.966749191
0.999992788 0.002644970 0.002728227 0.395844936 -0.002658511 0.999984086 0.004971711 -0.678660214 -0.002715033 -0.004978927 0.999983907 18.412107468
0.999994278 0.002340820 0.002412310 0.409342408 -0.002353024 0.999984443 0.005069096 -0.691624761 -0.002400407 -0.005074744 0.999984205 18.877988815
0.999994576 0.002374485 0.002301095 0.428851634 -0.002386314 0.999983847 0.005151477 -0.700242400 -0.002288826 -0.005156940 0.999984086 19.374296188
0.999990404 0.003337776 0.002831543 0.428126663 -0.003353101 0.999979615 0.005425069 -0.721594036 -0.002813377 -0.005434513 0.999981284 19.843935013
0.999992073 0.003079176 0.002500806 0.448722661 -0.003093034 0.999979913 0.005556971 -0.742745459 -0.002483645 -0.005564663 0.999981403 20.259370804
0.999994457 0.002640146 0.002013320 0.460060656 -0.002651748 0.999979794 0.005782249 -0.755616784 -0.001998013 -0.005787556 0.999981225 20.750278473
0.999995172 0.002687111 0.001575525 0.470666677 -0.002696118 0.999979913 0.005742812 -0.760872722 -0.001560062 -0.005747032 0.999982238 21.255815506
0.999996305 0.002469519 0.001126942 0.471971929 -0.002476737 0.999976158 0.006449727 -0.800782621 -0.001110987 -0.006452494 0.999978542 21.699518204
0.999995172 0.002983722 0.000924532 0.482348561 -0.002989693 0.999974310 0.006525701 -0.805985272 -0.000905038 -0.006528433 0.999978304 22.203628540
0.999996305 0.002661818 0.000488240 0.493227780 -0.002664847 0.999976516 0.006311226 -0.819167137 -0.000471429 -0.006312503 0.999979913 22.741386414
0.999997079 0.002388327 -0.000038915 0.508171260 -0.002388010 0.999974489 0.006735242 -0.843800664 0.000055000 -0.006735129 0.999977291 23.204969406
0.999998391 0.001793374 -0.000209177 0.513579488 -0.001791952 0.999976575 0.006611378 -0.857386947 0.000221028 -0.006610993 0.999978065 23.728256226
0.999998391 0.001386831 -0.001157968 0.525174022 -0.001379054 0.999976635 0.006690566 -0.867025316 0.001167219 -0.006688959 0.999976873 24.219039917
0.999996662 0.001068547 -0.002321601 0.539601743 -0.001051813 0.999973536 0.007197261 -0.886719346 0.002329230 -0.007194796 0.999971390 24.755588531
0.999995053 0.001209091 -0.002887341 0.543991208 -0.001187700 0.999971926 0.007398547 -0.896084011 0.002896206 -0.007395081 0.999968469 25.285278320
0.999993443 0.001784971 -0.003127897 0.547609806 -0.001763322 0.999974549 0.006910480 -0.899735570 0.003140153 -0.006904920 0.999971151 25.790746689
0.999992728 0.001341865 -0.003555294 0.556310534 -0.001314971 0.999970555 0.007555861 -0.914752305 0.003565328 -0.007551131 0.999965131 26.336902618
0.999987960 0.000895517 -0.004822845 0.578361094 -0.000859846 0.999972224 0.007393318 -0.922786236 0.004829332 -0.007389082 0.999961019 26.904363632
0.999988079 0.002127014 -0.004397323 0.568047881 -0.002095738 0.999972522 0.007105107 -0.939550757 0.004412315 -0.007095806 0.999965072 27.378900528
0.999985933 0.002028751 -0.004912341 0.574331105 -0.001992239 0.999970496 0.007426376 -0.951772869 0.004927262 -0.007416484 0.999960363 27.921966553
0.999984801 0.002219916 -0.005049934 0.587274134 -0.002179770 0.999966085 0.007941572 -0.976293743 0.005067392 -0.007930443 0.999955714 28.459974289
0.999982178 0.002741332 -0.005299851 0.601637483 -0.002702797 0.999969900 0.007264571 -0.973048151 0.005319606 -0.007250116 0.999959528 28.994167328
0.999981880 0.002455120 -0.005491856 0.594632804 -0.002412446 0.999966979 0.007763529 -1.000605464 0.005510735 -0.007750141 0.999954760 29.439970016
0.999982238 0.002574932 -0.005376180 0.603109598 -0.002533951 0.999967813 0.007615589 -1.013263464 0.005395616 -0.007601831 0.999956548 29.992149353
0.999979436 0.002289587 -0.005989779 0.611826122 -0.002243362 0.999967694 0.007712658 -1.023940086 0.006007244 -0.007699062 0.999952316 30.507505417
0.999977231 0.002116983 -0.006406950 0.626339614 -0.002066863 0.999967277 0.007819287 -1.043524384 0.006423294 -0.007805867 0.999948919 31.037513733
0.999972463 0.002413158 -0.007010348 0.658225119 -0.002356096 0.999964058 0.008136557 -1.073438644 0.007029731 -0.008119817 0.999942362 31.535522461
0.999974847 0.002225452 -0.006722099 0.658873498 -0.002173237 0.999967456 0.007765055 -1.067412138 0.006739160 -0.007750251 0.999947309 32.075660706
0.999974906 0.001750297 -0.006861318 0.631746233 -0.001692774 0.999963403 0.008380581 -1.087286711 0.006875736 -0.008368758 0.999941289 32.612819672
0.999974549 0.001842547 -0.006883393 0.637516499 -0.001784450 0.999962807 0.008436744 -1.095807433 0.006898682 -0.008424246 0.999940753 33.172489166
0.999971747 0.002712723 -0.007007554 0.635239184 -0.002655465 0.999963164 0.008167246 -1.100675344 0.007029451 -0.008148408 0.999942064 33.723213196
0.999971151 0.002283491 -0.007232797 0.652456880 -0.002222365 0.999961853 0.008447967 -1.118980169 0.007251812 -0.008431648 0.999938130 34.228420258
0.999968886 0.002425232 -0.007505969 0.661986828 -0.002363015 0.999962866 0.008286796 -1.132120848 0.007525787 -0.008268802 0.999937534 34.733673096
0.999970436 0.001531234 -0.007523822 0.662622511 -0.001464725 0.999959886 0.008837300 -1.162700891 0.007537053 -0.008826020 0.999932587 35.210639954
0.999968052 0.002566057 -0.007560839 0.668188810 -0.002499807 0.999958515 0.008758641 -1.175361633 0.007583001 -0.008739460 0.999933064 35.752273560
0.999964952 0.002612746 -0.007941620 0.676055193 -0.002542811 0.999957979 0.008803551 -1.189892411 0.007964288 -0.008783049 0.999929667 36.293952942
0.999965608 0.001782258 -0.008094414 0.689319849 -0.001711721 0.999960601 0.008712875 -1.191729903 0.008109624 -0.008698720 0.999929249 36.808845520
0.999965131 0.002021537 -0.008090748 0.687474012 -0.001952807 0.999962032 0.008493704 -1.200721979 0.008107610 -0.008477608 0.999931157 37.399074554
0.999962986 0.002289783 -0.008286189 0.676180482 -0.002218695 0.999960721 0.008578072 -1.206943035 0.008305507 -0.008559369 0.999928832 37.889739990
0.999964297 0.001026485 -0.008380977 0.687616229 -0.000946680 0.999954164 0.009520547 -1.250139117 0.008390365 -0.009512274 0.999919474 38.389297485
0.999963880 0.000807783 -0.008455358 0.697008014 -0.000724237 0.999950945 0.009879275 -1.265512705 0.008462923 -0.009872793 0.999915421 38.930572510
0.999961853 0.001009135 -0.008670048 0.714058995 -0.000918285 0.999944568 0.010476279 -1.287956834 0.008680140 -0.010467917 0.999907494 39.471561432
0.999959826 0.000538613 -0.008951114 0.715289593 -0.000446862 0.999947369 0.010249121 -1.296432018 0.008956162 -0.010244709 0.999907315 40.035785675
0.999964178 0.001596136 -0.008308797 0.700490594 -0.001517098 0.999953687 0.009510264 -1.286129117 0.008323590 -0.009497318 0.999920249 40.551609039
0.999958634 0.001371219 -0.008988217 0.718176365 -0.001288507 0.999956846 0.009201625 -1.288348436 0.009000446 -0.009189663 0.999917269 41.128414154
0.999958515 0.000932295 -0.009062218 0.719559908 -0.000846962 0.999955297 0.009415587 -1.298553586 0.009070591 -0.009407520 0.999914587 41.654430389
0.999957144 0.001542029 -0.009124967 0.733328700 -0.001450586 0.999948740 0.010019259 -1.353286147 0.009139950 -0.010005593 0.999908149 42.105850220
0.999956906 0.001113720 -0.009215833 0.741010070 -0.001022834 0.999950826 0.009860860 -1.365550876 0.009226360 -0.009851009 0.999908924 42.662197113
0.999957860 0.001477926 -0.009062717 0.738961339 -0.001389086 0.999951124 0.009801249 -1.376752138 0.009076758 -0.009788248 0.999910891 43.165275574
0.999958396 0.001615485 -0.008978922 0.740668774 -0.001528512 0.999951959 0.009684697 -1.386440516 0.008994138 -0.009670570 0.999912798 43.695652008
0.999956131 0.001540793 -0.009237085 0.748755336 -0.001453086 0.999953926 0.009494227 -1.399681211 0.009251286 -0.009480388 0.999912322 44.256191254
0.999956667 0.001928750 -0.009097052 0.757050395 -0.001842122 0.999953091 0.009521459 -1.413740754 0.009114989 -0.009504289 0.999913335 44.746803284
0.999955535 0.001878827 -0.009244203 0.767728806 -0.001787697 0.999949813 0.009856443 -1.430967808 0.009262257 -0.009839478 0.999908745 45.276477814
0.999952316 0.002133133 -0.009534121 0.806412935 -0.002035640 0.999945760 0.010223744 -1.447511435 0.009555412 -0.010203848 0.999902308 45.759075165
0.999957383 0.001794121 -0.009050706 0.761577427 -0.001700287 0.999944806 0.010364667 -1.455039501 0.009068803 -0.010348838 0.999905288 46.321441650
0.999956489 0.001191283 -0.009250310 0.770103633 -0.001099273 0.999949992 0.009945345 -1.461251020 0.009261697 -0.009934744 0.999907732 46.862762451
0.999957383 0.001366369 -0.009128345 0.776273906 -0.001270725 0.999944329 0.010475304 -1.477061272 0.009142152 -0.010463258 0.999903440 47.370815277
0.999954164 0.001116460 -0.009504716 0.787610471 -0.001019965 0.999947965 0.010151142 -1.487476230 0.009515556 -0.010140982 0.999903262 47.918708801
0.999956369 0.001209731 -0.009261189 0.785804391 -0.001112511 0.999944270 0.010495457 -1.497508287 0.009273371 -0.010484696 0.999901950 48.431228638
0.999956250 0.001450825 -0.009238866 0.797799289 -0.001355073 0.999945402 0.010361895 -1.505514026 0.009253396 -0.010348925 0.999903560 49.002304077
0.999955237 0.001677321 -0.009302618 0.800619125 -0.001579151 0.999943078 0.010550253 -1.521633387 0.009319784 -0.010535092 0.999901056 49.478473663
0.999958456 0.002279040 -0.008822467 0.802406609 -0.002186625 0.999942720 0.010470575 -1.529088855 0.008845827 -0.010450847 0.999906242 50.026840210
0.999954879 0.001431146 -0.009393235 0.812356770 -0.001330343 0.999941587 0.010728951 -1.540656090 0.009408042 -0.010715967 0.999898255 50.526870728
0.999955177 0.001161325 -0.009402859 0.821032703 -0.001063769 0.999945700 0.010373456 -1.552062869 0.009414396 -0.010362988 0.999901950 51.078365326
0.999956429 0.001689307 -0.009182790 0.820652127 -0.001589899 0.999940097 0.010822055 -1.564140320 0.009200525 -0.010806983 0.999899268 51.600948334
0.999954045 0.001836758 -0.009416364 0.831986666 -0.001739867 0.999945641 0.010287549 -1.562016845 0.009434748 -0.010270693 0.999902725 52.168861389
0.999956608 0.001659503 -0.009172983 0.825027108 -0.001564676 0.999945343 0.010335254 -1.583372831 0.009189633 -0.010320452 0.999904513 52.706382751
0.999956071 0.001896305 -0.009178142 0.841418624 -0.001795625 0.999938250 0.010965386 -1.594904542 0.009198368 -0.010948422 0.999897778 53.187217712
0.999957860 0.001909293 -0.008983247 0.841423035 -0.001812465 0.999940336 0.010774566 -1.608501196 0.009003284 -0.010757830 0.999901593 53.739841461
0.999956965 0.001866998 -0.009102530 0.849753380 -0.001768737 0.999940217 0.010791126 -1.614530802 0.009122134 -0.010774561 0.999900341 54.245910645
0.999958098 0.002238347 -0.008865568 0.855574131 -0.002144741 0.999942064 0.010553878 -1.610103130 0.008888677 -0.010534422 0.999904990 54.863018036
0.999961495 0.002096502 -0.008525106 0.857822478 -0.002006032 0.999941707 0.010606999 -1.634254217 0.008546847 -0.010589489 0.999907494 55.336334229
0.999960124 0.001616224 -0.008788929 0.858742237 -0.001521530 0.999940872 0.010770211 -1.641660333 0.008805819 -0.010756408 0.999903381 55.905609131
0.999962986 0.002582721 -0.008201206 0.857907534 -0.002492107 0.999935925 0.011039954 -1.642831802 0.008229194 -0.011019107 0.999905467 56.546020508
0.999961138 0.002280060 -0.008509462 0.884031177 -0.002184196 0.999934196 0.011257882 -1.673821568 0.008534571 -0.011238858 0.999900401 56.876869202
0.999954879 0.001666612 -0.009341343 0.899011910 -0.001562193 0.999936342 0.011174369 -1.683815479 0.009359370 -0.011159272 0.999893904 57.411888123
0.999958098 0.002990032 -0.008645445 0.900101900 -0.002893400 0.999933422 0.011168248 -1.694719315 0.008678261 -0.011142767 0.999900281 57.947597504
0.999956071 0.002781505 -0.008951511 0.912975669 -0.002684226 0.999937356 0.010861095 -1.702521801 0.008981162 -0.010836589 0.999900937 58.475685120
0.999962032 0.002221335 -0.008425534 0.906629086 -0.002123703 0.999930680 0.011578928 -1.713471651 0.008450673 -0.011560596 0.999897480 59.037490845
0.999963641 0.002494545 -0.008157524 0.916106939 -0.002403060 0.999934256 0.011205328 -1.723335266 0.008184941 -0.011185316 0.999903917 59.586978912
0.999957860 0.002277896 -0.008891685 0.936713696 -0.002173163 0.999928355 0.011770696 -1.734791279 0.008917860 -0.011750878 0.999891222 60.136238098
0.999952912 0.001876118 -0.009512438 0.945572674 -0.001760399 0.999924421 0.012158822 -1.752893448 0.009534533 -0.012141504 0.999880850 60.675216675
0.999954998 0.001697001 -0.009327969 0.944793224 -0.001588997 0.999931753 0.011573736 -1.764278173 0.009346974 -0.011558395 0.999889493 61.199687958
0.999959648 0.002203424 -0.008708375 0.967417359 -0.002095697 0.999921441 0.012360252 -1.803880215 0.008734926 -0.012341504 0.999885619 61.638172150
0.999957740 0.001970628 -0.008986021 0.978681684 -0.001862194 0.999925494 0.012059475 -1.814594984 0.009009117 -0.012042229 0.999886870 62.184642792
0.999955773 0.001716954 -0.009253018 0.991723239 -0.001608833 0.999930501 0.011679697 -1.814886212 0.009272428 -0.011664292 0.999888957 62.727317810
0.999952435 0.001646604 -0.009619982 1.001291513 -0.001528801 0.999923944 0.012240241 -1.826145649 0.009639405 -0.012224953 0.999878764 63.287891388
0.999956667 0.002424770 -0.008983508 0.999595940 -0.002314475 0.999922037 0.012267653 -1.837068319 0.009012552 -0.012246329 0.999884307 63.821868896
0.999958515 0.002863267 -0.008641002 1.000945091 -0.002757928 0.999922037 0.012177858 -1.868760705 0.008675197 -0.012153521 0.999888539 64.279243469
0.999957860 0.002479334 -0.008840702 1.005788803 -0.002368423 0.999918640 0.012533941 -1.876571894 0.008871061 -0.012512475 0.999882340 64.836326599
0.999958992 0.002942966 -0.008561508 1.012262821 -0.002836835 0.999919295 0.012382134 -1.886189938 0.008597257 -0.012357340 0.999886692 65.370323181
0.999957561 0.001915948 -0.009004481 1.027572870 -0.001808137 0.999926746 0.011965982 -1.896463156 0.009026750 -0.011949194 0.999887943 65.890411377
0.999960065 0.002344624 -0.008627797 1.025783300 -0.002244002 0.999929607 0.011653749 -1.908170104 0.008654515 -0.011633923 0.999894857 66.430755615
0.999960124 0.003147615 -0.008357113 0.991300106 -0.003044297 0.999919116 0.012346887 -1.942340255 0.008395301 -0.012320955 0.999888837 66.942756653
0.999957979 0.003026733 -0.008654458 1.002303004 -0.002921514 0.999921978 0.012144601 -1.947382808 0.008690544 -0.012118807 0.999888778 67.491706848
0.999956369 0.003032698 -0.008845737 1.016139030 -0.002925729 0.999922752 0.012080775 -1.962737083 0.008881692 -0.012054367 0.999887943 68.028640747
0.999957383 0.002544848 -0.008874401 1.021889210 -0.002435540 0.999921322 0.012306343 -1.967880964 0.008905019 -0.012284207 0.999884903 68.537902832
0.999959528 0.002538179 -0.008638150 1.019957304 -0.002432307 0.999921978 0.012244825 -1.968739986 0.008668557 -0.012223318 0.999887705 69.076034546
0.999958813 0.002863197 -0.008622742 1.019362450 -0.002762588 0.999928176 0.011657411 -1.970141888 0.008655503 -0.011633109 0.999894857 69.600074768
0.999961555 0.003070384 -0.008216111 1.026915550 -0.002967020 0.999916792 0.012563467 -2.004170179 0.008254004 -0.012538608 0.999887347 70.032798767
0.999957025 0.003632779 -0.008538118 1.030383110 -0.003526212 0.999916136 0.012463434 -2.015137672 0.008582680 -0.012432790 0.999885917 70.576675415
0.999960721 0.003557468 -0.008123069 1.028635144 -0.003459748 0.999921918 0.012012415 -2.012953281 0.008165168 -0.011983839 0.999894857 71.156875610
0.999961376 0.003482093 -0.008061082 1.043613553 -0.003381363 0.999916553 0.012475780 -2.032312870 0.008103851 -0.012448044 0.999889612 71.621917725
0.999961138 0.003835230 -0.007933402 1.048884869 -0.003741925 0.999924064 0.011742623 -2.011938095 0.007977837 -0.011712478 0.999899626 72.263160706
0.999962211 0.003249609 -0.008065556 1.056511641 -0.003148520 0.999916732 0.012514682 -2.055397272 0.008105553 -0.012488816 0.999889135 72.662330627
0.999960959 0.003659396 -0.008047328 1.062774897 -0.003560297 0.999917984 0.012294619 -2.066980600 0.008091659 -0.012265488 0.999892056 73.216033936
0.999961793 0.003723418 -0.007920423 1.074365258 -0.003624589 0.999915779 0.012455632 -2.078706503 0.007966132 -0.012426447 0.999891043 73.733833313
0.999960423 0.003724002 -0.008087301 1.070451498 -0.003624260 0.999917626 0.012312908 -2.083996773 0.008132488 -0.012283109 0.999891460 74.274383545
0.999965191 0.003525387 -0.007561659 1.036443353 -0.003433334 0.999920249 0.012152274 -2.097939968 0.007603898 -0.012125891 0.999897540 74.771713257
0.999965549 0.003505616 -0.007521820 1.070434809 -0.003411200 0.999915719 0.012528535 -2.100143671 0.007565106 -0.012502445 0.999893248 75.284294128
0.999963701 0.003607634 -0.007724596 1.075835228 -0.003512829 0.999918759 0.012251778 -2.107806921 0.007768170 -0.012224196 0.999895155 75.838386536
0.999965847 0.003336232 -0.007562796 1.086969137 -0.003243432 0.999919772 0.012249907 -2.116580963 0.007603058 -0.012224956 0.999896407 76.360710144
0.999965668 0.002730191 -0.007817633 1.087484360 -0.002632336 0.999918401 0.012500233 -2.116040468 0.007851122 -0.012479226 0.999891281 76.844543457
0.999967933 0.002996115 -0.007426620 1.090749025 -0.002904703 0.999920189 0.012289062 -2.128133774 0.007462845 -0.012267094 0.999896824 77.383628845
0.999967813 0.003115090 -0.007409144 1.106748819 -0.003024168 0.999920309 0.012251307 -2.132957935 0.007446717 -0.012228505 0.999897420 77.918334961
0.999970019 0.002529136 -0.007321165 1.111146927 -0.002442069 0.999926627 0.011877153 -2.133693457 0.007350666 -0.011858918 0.999902666 78.484893799
0.999978244 0.002885477 -0.005932787 1.113526344 -0.002815962 0.999927640 0.011692271 -2.146336317 0.005966096 -0.011675310 0.999914050 78.997169495
0.999984503 0.002971141 -0.004705122 1.132107377 -0.002916404 0.999928474 0.011597966 -2.147637367 0.004739245 -0.011584065 0.999921679 79.526573181
0.999991536 0.002277526 -0.003404459 1.145865679 -0.002238696 0.999932885 0.011366211 -2.146899223 0.003430117 -0.011358495 0.999929547 80.068672180
0.999997795 0.002059255 -0.000145081 1.163820386 -0.002057493 0.999934673 0.011246648 -2.157218456 0.000168231 -0.011246324 0.999936700 80.613632202
0.999992609 0.001577978 0.003505242 1.188453674 -0.001618442 0.999931753 0.011571242 -2.166243076 -0.003486744 -0.011576830 0.999926925 81.154052734
0.999975204 0.002123774 0.006716399 1.191963673 -0.002199817 0.999933362 0.011335031 -2.177046537 -0.006691878 -0.011349526 0.999913216 81.751655579
0.999927998 0.002482724 0.011735782 1.226977706 -0.002613056 0.999934912 0.011103201 -2.152871847 -0.011707452 -0.011133067 0.999869466 82.323738098
0.999833107 0.002782037 0.018051250 1.225934029 -0.002983626 0.999933362 0.011150301 -2.195351362 -0.018019028 -0.011202298 0.999774873 82.847862244
0.999713957 0.002701772 0.023764035 1.256286144 -0.002973061 0.999930680 0.011387993 -2.207973003 -0.023731619 -0.011455386 0.999652743 83.397781372
0.999579906 0.002265894 0.028895020 1.304135323 -0.002590928 0.999933720 0.011216326 -2.215591431 -0.028867690 -0.011286477 0.999519527 83.941215515
0.999313414 0.002620935 0.036956307 1.330150843 -0.003033560 0.999933660 0.011113584 -2.219907761 -0.036924727 -0.011218062 0.999255121 84.506164551
0.998994052 0.001806336 0.044806432 1.388261080 -0.002303727 0.999936223 0.011051731 -2.239963531 -0.044783611 -0.011143835 0.998934507 85.051246643
0.998677433 0.000784686 0.051407535 1.431007862 -0.001338930 0.999941349 0.010747824 -2.239005566 -0.051396079 -0.010802439 0.998620033 85.634796143
0.998176455 0.001638280 0.060340934 1.474088669 -0.002292930 0.999939203 0.010781541 -2.246748447 -0.060319606 -0.010900239 0.998119593 86.195709229
0.997566223 0.000163645 0.069725543 1.553578377 -0.000914589 0.999942064 0.010738209 -2.265382051 -0.069719739 -0.010775844 0.997508407 86.741699219
0.996955931 -0.000431979 0.077965818 1.627855778 -0.000412493 0.999941409 0.010814881 -2.276727200 -0.077965915 -0.010814121 0.996897399 87.303085327
0.996236563 -0.000150643 0.086676002 1.685271263 -0.000743191 0.999946833 0.010279985 -2.284743309 -0.086672939 -0.010305715 0.996183455 87.859588623
0.995256424 0.000091695 0.097286820 1.756198406 -0.001123669 0.999943674 0.010552809 -2.294096947 -0.097280376 -0.010612068 0.995200396 88.397430420
0.994166195 -0.000425343 0.107857957 1.878438950 -0.000652653 0.999950290 0.009959091 -2.310561657 -0.107856825 -0.009971387 0.994116426 88.990768433
0.993172586 -0.001063194 0.116649143 1.975777626 -0.000170651 0.999944150 0.010566908 -2.328449488 -0.116653845 -0.010514668 0.993116975 89.563636780
0.991807520 -0.001414403 0.127733886 2.067149162 0.000051482 0.999943018 0.010672677 -2.334159374 -0.127741694 -0.010578664 0.991751075 90.109565735
0.990213633 -0.002357566 0.139539421 2.200525284 0.000909293 0.999945045 0.010441801 -2.346906185 -0.139556363 -0.010212730 0.990161479 90.703666687
0.988734066 -0.003049126 0.149651945 2.314976692 0.001592888 0.999950230 0.009849732 -2.354806423 -0.149674505 -0.009500385 0.988689601 91.270683289
0.987017810 -0.002348891 0.160593525 2.429557800 0.000698208 0.999946296 0.010334306 -2.361642838 -0.160609171 -0.010088014 0.986966491 91.846672058
0.984917700 -0.003285390 0.172992289 2.557052612 0.001570716 0.999948204 0.010047816 -2.371262789 -0.173016340 -0.009624550 0.984871864 92.372749329
0.982722700 -0.004511978 0.185029119 2.715916634 0.002773143 0.999949515 0.009655345 -2.378171921 -0.185063347 -0.008975415 0.982685626 93.030609131
0.980648637 -0.004698932 0.195719644 2.835583687 0.002930872 0.999952257 0.009322273 -2.370700121 -0.195754096 -0.008568246 0.980615497 93.633949280
0.977983594 -0.005168282 0.208617657 2.982082367 0.003238153 0.999948800 0.009592459 -2.384923458 -0.208656520 -0.008705731 0.977950156 94.152091980
0.974951684 -0.007382359 0.222294018 3.145229340 0.005361627 0.999938607 0.009692471 -2.419785261 -0.222351924 -0.008257833 0.974931419 94.719627380
0.972424448 -0.005633542 0.233150437 3.276699066 0.003324732 0.999941409 0.010294475 -2.415832758 -0.233194798 -0.009235436 0.972386181 95.198326111
0.969258130 -0.007638338 0.245927319 3.457656860 0.005497865 0.999940813 0.009389098 -2.436882019 -0.245984465 -0.007748382 0.969242811 95.792579651
0.965629041 -0.006932044 0.259831727 3.623394012 0.004483745 0.999939799 0.010014146 -2.452290297 -0.259885490 -0.008504929 0.965601981 96.315002441
0.962240279 -0.007335200 0.272102475 3.795446396 0.004880189 0.999941051 0.009698016 -2.458182812 -0.272157580 -0.008003909 0.962219477 96.857894897
0.959077835 -0.008484429 0.283015251 3.987098694 0.006137092 0.999939024 0.009179584 -2.450525045 -0.283075869 -0.007067047 0.959071457 97.411956787
0.954848766 -0.008526776 0.296970040 4.176429749 0.006008673 0.999937892 0.009391086 -2.447709560 -0.297031671 -0.007182671 0.954840660 97.947059631
0.950497150 -0.008895663 0.310605735 4.385042191 0.006182405 0.999933600 0.009718799 -2.472560883 -0.310671568 -0.007317401 0.950489104 98.451812744
0.946827888 -0.008541040 0.321627140 4.579710007 0.005734546 0.999936759 0.009672293 -2.477542877 -0.321689427 -0.007313612 0.946816921 98.953186035
0.942474067 -0.008453465 0.334172457 4.779117584 0.005502410 0.999937057 0.009776557 -2.490706205 -0.334234059 -0.007375397 0.942461371 99.435295105
0.937183678 -0.008214154 0.348739564 4.990653992 0.004932123 0.999934793 0.010297980 -2.509680748 -0.348801464 -0.007931073 0.937163115 99.925926208
0.932556152 -0.010584432 0.360869795 5.212001801 0.007315145 0.999918938 0.010424235 -2.510614872 -0.360950857 -0.007081368 0.932557940 100.475578308
0.928468645 -0.008701502 0.371308655 5.413816452 0.005277397 0.999933660 0.010236841 -2.524373531 -0.371373057 -0.007545044 0.928453088 100.903579712
0.922957897 -0.008936635 0.384797454 5.657447815 0.005382001 0.999932349 0.010313664 -2.527681589 -0.384863585 -0.007448097 0.922943413 101.439025879
0.917308152 -0.011343502 0.398016483 5.912345886 0.007930402 0.999916315 0.010220511 -2.534993649 -0.398099095 -0.006218927 0.917321324 101.962562561
0.912351370 -0.011843024 0.409236938 6.161495209 0.008441578 0.999913275 0.010117154 -2.546872616 -0.409321249 -0.005775793 0.912371993 102.452819824
0.906110942 -0.012206841 0.422863960 6.426692963 0.008543674 0.999907792 0.010557055 -2.558528900 -0.422953874 -0.005953052 0.906131685 102.948928833
0.899327219 -0.012473561 0.437098324 6.695262909 0.008714235 0.999905765 0.010605020 -2.569506645 -0.437189430 -0.005728405 0.899351180 103.439971924
0.893571436 -0.013253371 0.448725283 6.968925476 0.009407742 0.999897420 0.010798413 -2.581365347 -0.448822379 -0.005427663 0.893604517 103.919845581
0.887893438 -0.013957381 0.459837377 7.241840363 0.010203513 0.999891222 0.010647743 -2.582340240 -0.459935933 -0.004762105 0.887939334 104.415512085
0.880484283 -0.013644704 0.473878890 7.522029877 0.009849878 0.999896407 0.010489234 -2.587733269 -0.473972976 -0.004567955 0.880527556 104.894813538
