1.000000000 0.000000000 0.000000000 0.000000000 0.000000000 1.000000000 0.000000000 0.000000000 0.000000000 0.000000000 1.000000000 0.000000000
1.000000000 0.000080557 0.000043529 -0.000346796 -0.000080557 1.000000000 -0.000001048 -0.000809001 -0.000043529 0.000001044 1.000000000 -0.000750237
1.000000000 0.000139741 0.000041575 0.001835453 -0.000139743 1.000000000 0.000028409 0.000552030 -0.000041571 -0.000028415 1.000000000 -0.001673245
1.000000000 0.000020938 -0.000004744 -0.000071588 -0.000020938 1.000000000 0.000049420 0.000309255 0.000004745 -0.000049420 1.000000000 0.001903674
1.000000000 -0.000029921 0.000030063 -0.000288166 0.000029920 1.000000000 0.000034833 0.000633792 -0.000030065 -0.000034832 1.000000000 0.001523258
1.000000000 -0.000003171 0.000076476 -0.000349576 0.000003161 1.000000000 0.000128667 -0.000098591 -0.000076476 -0.000128667 1.000000000 -0.003944172
1.000000000 -0.000093377 0.000079779 -0.001361325 0.000093372 1.000000000 0.000060035 0.000419413 -0.000079784 -0.000060027 1.000000000 -0.002110008
1.000000000 0.000074270 0.000062977 0.000034999 -0.000074270 1.000000000 -0.000000861 -0.000310922 -0.000062977 0.000000857 1.000000000 -0.000480967
1.000000000 -0.000013579 0.000059094 0.000099991 0.000013579 1.000000000 0.000012244 -0.000001372 -0.000059094 -0.000012244 1.000000000 -0.000846855
1.000000000 -0.000003374 -0.000016340 -0.000288678 0.000003375 1.000000000 0.000028360 0.000241415 0.000016340 -0.000028360 1.000000000 -0.003583782
1.000000000 -0.000146126 -0.000008224 0.000781178 0.000146127 1.000000000 0.000037520 -0.000821217 0.000008219 -0.000037521 1.000000000 0.000281841
1.000000000 -0.000202080 -0.000003918 0.000026217 0.000202080 1.000000000 0.000070103 -0.000561418 0.000003904 -0.000070104 1.000000000 -0.000820613
1.000000000 -0.000033638 0.000091080 0.000467364 0.000033638 1.000000000 0.000003827 -0.000069642 -0.000091080 -0.000003824 1.000000000 -0.000989837
0.999999940 -0.000264579 -0.000001756 -0.000020883 0.000264579 0.999999940 0.000131005 0.000100159 0.000001721 -0.000131005 1.000000000 -0.002480716
1.000000000 -0.000174160 0.000023228 -0.000312798 0.000174160 1.000000000 0.000031156 -0.000168300 -0.000023233 -0.000031152 1.000000000 -0.001133046
1.000000000 -0.000161233 0.000045507 -0.000968034 0.000161232 1.000000000 0.000030324 -0.000740196 -0.000045512 -0.000030317 1.000000000 -0.001832000
1.000000000 -0.000056112 -0.000011239 -0.000796457 0.000056113 1.000000000 0.000072029 -0.000224417 0.000011235 -0.000072029 1.000000000 -0.005218662
1.000000000 -0.000223560 -0.000019000 0.000647324 0.000223561 1.000000000 0.000053624 -0.000626572 0.000018988 -0.000053629 1.000000000 -0.002694761
1.000000000 -0.000086622 -0.000024366 0.000921509 0.000086622 1.000000000 0.000025293 -0.000156995 0.000024364 -0.000025295 1.000000000 -0.007240146
1.000000000 -0.000198937 -0.000056304 0.002341644 0.000198943 1.000000000 0.000111071 -0.002836826 0.000056282 -0.000111082 1.000000000 -0.006079715
1.000000000 -0.000057055 0.000064012 -0.000799793 0.000057049 1.000000000 0.000095391 -0.002284316 -0.000064017 -0.000095387 1.000000000 -0.002819921
1.000000000 0.000003944 0.000078710 -0.000929972 -0.000003958 1.000000000 0.000176212 -0.002512225 -0.000078709 -0.000176213 1.000000000 -0.005497065
1.000000000 -0.000122015 0.000079801 -0.000485326 0.000122011 1.000000000 0.000046889 0.001351332 -0.000079807 -0.000046880 1.000000000 -0.006224127
1.000000000 -0.000077997 0.000034828 0.001159897 0.000077994 1.000000000 0.000086604 -0.000454052 -0.000034834 -0.000086601 1.000000000 -0.006607007
1.000000000 -0.000122104 -0.000006395 0.000760921 0.000122105 1.000000000 0.000120125 -0.001618160 0.000006380 -0.000120126 1.000000000 -0.003742189
1.000000000 -0.000048748 0.000101485 -0.002882407 0.000048745 1.000000000 0.000027974 -0.000563501 -0.000101486 -0.000027969 1.000000000 -0.001760241
1.000000000 -0.000189837 0.000029981 -0.002106023 0.000189835 1.000000000 0.000063221 0.000294034 -0.000029993 -0.000063215 1.000000000 -0.001031102
1.000000000 -0.000177549 -0.000000657 -0.001921288 0.000177549 1.000000000 0.000093955 0.001885069 0.000000640 -0.000093956 1.000000000 -0.001448127
1.000000000 -0.000160180 -0.000007744 -0.000061624 0.000160181 1.000000000 0.000062995 -0.001328056 0.000007734 -0.000062996 1.000000000 0.002041223
1.000000000 -0.000156514 0.000082645 -0.003332181 0.000156506 1.000000000 0.000096368 -0.001330739 -0.000082660 -0.000096355 1.000000000 0.002687536
1.000000000 -0.000239198 0.000037500 -0.002469636 0.000239192 0.999999940 0.000155247 -0.001962169 -0.000037537 -0.000155238 1.000000000 -0.003499745
1.000000000 -0.000134655 0.000029200 0.000156178 0.000134651 1.000000000 0.000132234 -0.002196783 -0.000029218 -0.000132230 1.000000000 -0.004318418
1.000000000 0.000004206 0.000047350 -0.003585058 -0.000004210 1.000000000 0.000072125 -0.000768660 -0.000047350 -0.000072125 1.000000000 -0.004316993
1.000000000 -0.000083626 -0.000000084 -0.001616428 0.000083626 1.000000000 -0.000002882 0.001413917 0.000000084 0.000002882 1.000000000 -0.004501321
1.000000000 -0.000094473 0.000049084 -0.002968455 0.000094474 1.000000000 -0.000030798 0.001816622 -0.000049081 0.000030803 1.000000000 -0.000342632
1.000000000 -0.000092615 0.000063874 -0.001793926 0.000092614 1.000000000 0.000005844 -0.000067470 -0.000063874 -0.000005838 1.000000000 -0.003740095
0.999999940 -0.000241278 0.000053385 -0.003413696 0.000241274 0.999999940 0.000065105 -0.002370376 -0.000053400 -0.000065092 1.000000000 -0.001308581
1.000000000 -0.000156882 0.000039818 -0.000652541 0.000156882 1.000000000 0.000007837 -0.000189963 -0.000039819 -0.000007831 1.000000000 0.000117125
0.999999940 -0.000349380 -0.000032723 0.000347077 0.000349384 0.999999940 0.000145587 -0.002102942 0.000032672 -0.000145599 1.000000000 0.000187893
1.000000000 -0.000121879 0.000054567 0.002066496 0.000121910 0.999999821 -0.000576129 -0.005337199 -0.000054496 0.000576136 0.999999821 0.048060771
1.000000000 -0.000073034 0.000042251 0.002897992 0.000073083 0.999999344 -0.001153585 -0.004858145 -0.000042166 0.001153588 0.999999344 0.139374137
0.999999940 -0.000296454 -0.000105574 0.008308041 0.000296303 0.999998927 -0.001424028 -0.011543773 0.000105996 0.001423996 0.999998987 0.255502015
1.000000000 -0.000094961 0.000158099 0.003421668 0.000095151 0.999999285 -0.001203413 -0.018225959 -0.000157985 0.001203428 0.999999285 0.385947496
1.000000000 0.000076543 0.000023268 0.008484351 -0.000076517 0.999999404 -0.001093687 -0.021483207 -0.000023352 0.001093686 0.999999404 0.533170104
0.999999940 0.000377388 0.000176703 0.009963603 -0.000377208 0.999999344 -0.001018228 -0.023763586 -0.000177087 0.001018161 0.999999464 0.694685280
1.000000000 0.000113380 0.000066313 0.020624295 -0.000113321 0.999999523 -0.000898770 -0.026458235 -0.000066415 0.000898763 0.999999583 0.861982644
0.999999940 0.000241179 -0.000176689 0.018863715 -0.000241287 0.999999762 -0.000610318 -0.033654008 0.000176542 0.000610361 0.999999821 1.024759412
0.999999881 0.000400050 -0.000176918 0.023346821 -0.000400159 0.999999702 -0.000618504 -0.039617144 0.000176671 0.000618574 0.999999821 1.199264050
1.000000000 0.000180485 -0.000004574 0.025690557 -0.000180485 0.999999940 -0.000018234 -0.052726280 0.000004571 0.000018235 1.000000000 1.390101194
0.999999881 0.000501935 -0.000078406 0.032626994 -0.000501931 0.999999881 0.000062817 -0.058718801 0.000078437 -0.000062777 0.999999940 1.583496809
0.999999881 0.000390390 0.000253838 0.031672798 -0.000390465 0.999999821 0.000294933 -0.066560365 -0.000253723 -0.000295032 0.999999881 1.787627578
1.000000000 -0.000001073 0.000199420 0.029449051 0.000000997 0.999999940 0.000379773 -0.071613297 -0.000199421 -0.000379772 0.999999881 1.986572742
0.999999940 0.000045713 0.000282898 0.034353331 -0.000045848 0.999999881 0.000476607 -0.079422362 -0.000282876 -0.000476620 0.999999821 2.202404737
0.999999940 0.000336472 0.000229119 0.042619288 -0.000336588 0.999999821 0.000507382 -0.085823856 -0.000228948 -0.000507459 0.999999821 2.418835878
0.999999642 0.000708964 0.000514857 0.041729141 -0.000709252 0.999999583 0.000558603 -0.090015002 -0.000514460 -0.000558968 0.999999642 2.654980659
0.999999881 0.000334757 0.000360524 0.048782706 -0.000334963 0.999999702 0.000571225 -0.098088801 -0.000360333 -0.000571345 0.999999702 2.878166437
0.999999702 0.000693000 0.000340242 0.057859674 -0.000693272 0.999999404 0.000801736 -0.103721455 -0.000339686 -0.000801972 0.999999583 3.119756222
0.999999881 0.000385754 0.000342260 0.060313486 -0.000386003 0.999999642 0.000730069 -0.115836494 -0.000341978 -0.000730201 0.999999702 3.354673147
0.999999762 0.000612908 0.000569189 0.062036369 -0.000613331 0.999999583 0.000743489 -0.121220388 -0.000568733 -0.000743838 0.999999642 3.599997759
0.999999821 0.000394968 0.000360564 0.071763165 -0.000395233 0.999999642 0.000734717 -0.129612237 -0.000360273 -0.000734860 0.999999583 3.857460260
0.999999821 0.000277557 0.000500690 0.079019040 -0.000278013 0.999999642 0.000912843 -0.135979652 -0.000500437 -0.000912982 0.999999464 4.122090340
0.999999642 0.000549442 0.000573073 0.079950988 -0.000550023 0.999999344 0.001014198 -0.144373223 -0.000572515 -0.001014513 0.999999285 4.373787403
0.999999940 0.000505655 0.000283924 0.089912862 -0.000505964 0.999999225 0.001090764 -0.150327757 -0.000283372 -0.001090908 0.999999344 4.636879444
0.999999702 0.000316962 0.000692874 0.094892547 -0.000317600 0.999999523 0.000921912 -0.162405565 -0.000692581 -0.000922132 0.999999344 4.889119625
0.999999642 0.000443188 0.000718745 0.094814979 -0.000443795 0.999999464 0.000844844 -0.168421403 -0.000718370 -0.000845162 0.999999404 5.149648190
0.999999702 0.000522992 0.000595886 0.103337832 -0.000523738 0.999999106 0.001252619 -0.179782540 -0.000595230 -0.001252930 0.999999046 5.416463852
0.999999940 -0.000092291 0.000367828 0.106857061 0.000091817 0.999999166 0.001290168 -0.187838644 -0.000367947 -0.001290135 0.999999106 5.669119835
0.999999583 0.000754850 0.000501930 0.110587582 -0.000755562 0.999998689 0.001420656 -0.202416465 -0.000500857 -0.001421035 0.999998868 5.956445694
0.999999702 0.000517516 0.000609848 0.113200679 -0.000518411 0.999998808 0.001467776 -0.211857662 -0.000609087 -0.001468092 0.999998748 6.217924595
0.999999285 0.000813159 0.000827192 0.117945708 -0.000814367 0.999998689 0.001461095 -0.214591607 -0.000826003 -0.001461768 0.999998569 6.511915684
0.999999225 0.000875237 0.000903953 0.126326963 -0.000876437 0.999998748 0.001327816 -0.226259544 -0.000902790 -0.001328608 0.999998629 6.795446873
0.999999523 0.000277931 0.000964052 0.135425001 -0.000279340 0.999998927 0.001461331 -0.233309388 -0.000963644 -0.001461599 0.999998450 7.093322754
0.999999344 0.000825630 0.000715323 0.147965282 -0.000826713 0.999998510 0.001515547 -0.246055633 -0.000714071 -0.001516138 0.999998569 7.382111073
0.999999881 0.000423235 0.000451537 0.160597414 -0.000423911 0.999998808 0.001499045 -0.260327548 -0.000450902 -0.001499236 0.999998748 7.681899071
0.999999642 0.000477651 0.000717054 0.167113423 -0.000479085 0.999997854 0.002002049 -0.273309857 -0.000716097 -0.002002392 0.999997675 8.002707481
0.999999583 0.000665994 0.000621578 0.177940428 -0.000667244 0.999997735 0.002012822 -0.287785560 -0.000620236 -0.002013236 0.999997735 8.313641548
0.999999106 0.001053565 0.000781088 0.181844726 -0.001055118 0.999997556 0.001991364 -0.290779233 -0.000778988 -0.001992187 0.999997735 8.657658577
0.999999106 0.001016039 0.000934046 0.183313772 -0.001018168 0.999996841 0.002281293 -0.299621552 -0.000931725 -0.002282242 0.999996960 8.998244286
0.999998510 0.001158154 0.001316748 0.183047727 -0.001160800 0.999997258 0.002010919 -0.304622382 -0.001314416 -0.002012444 0.999997139 9.351913452
0.999999404 0.000393118 0.000978522 0.201655388 -0.000395230 0.999997735 0.002158713 -0.322180927 -0.000977671 -0.002159099 0.999997199 9.678084373
0.999999285 0.000825071 0.000767221 0.211142004 -0.000826443 0.999998093 0.001788959 -0.331375152 -0.000765744 -0.001789592 0.999998152 10.021861076
0.999999642 0.000341918 0.000784242 0.223505452 -0.000343515 0.999997973 0.002037647 -0.347911388 -0.000783544 -0.002037917 0.999997556 10.365468979
0.999999106 0.001023966 0.000853985 0.225779563 -0.001025753 0.999997318 0.002093484 -0.357409686 -0.000851840 -0.002094358 0.999997377 10.718571663
0.999999583 0.000707445 0.000768728 0.236857742 -0.000709129 0.999997318 0.002192853 -0.367954373 -0.000767175 -0.002193398 0.999997258 11.111278534
0.999999166 0.000807852 0.000919881 0.245596826 -0.000810134 0.999996603 0.002483050 -0.382618278 -0.000917872 -0.002483794 0.999996483 11.479864120
0.999998689 0.001077750 0.001169251 0.251251966 -0.001081088 0.999995351 0.002858119 -0.393513739 -0.001166166 -0.002859379 0.999995232 11.864976883
0.999998868 0.000997408 0.001036574 0.267365634 -0.001000387 0.999995351 0.002876785 -0.404789120 -0.001033700 -0.002877819 0.999995351 12.228706360
0.999998689 0.000799988 0.001349046 0.264365703 -0.000804046 0.999995172 0.003009966 -0.420532316 -0.001346632 -0.003011047 0.999994516 12.607000351
0.999999046 0.000871528 0.001074508 0.273194849 -0.000874841 0.999994874 0.003086556 -0.430998057 -0.001071812 -0.003087493 0.999994576 12.997861862
0.999999106 0.000956909 0.000934592 0.286443710 -0.000959856 0.999994576 0.003158285 -0.453629881 -0.000931564 -0.003159179 0.999994576 13.422817230
0.999997079 0.001649889 0.001760416 0.289184988 -0.001656309 0.999992013 0.003652191 -0.469624847 -0.001754376 -0.003655096 0.999991834 13.837026596
0.999996424 0.001663760 0.002088719 0.293174446 -0.001671600 0.999991536 0.003757164 -0.482726425 -0.002082450 -0.003760642 0.999990761 14.246069908
0.999998391 0.000666557 0.001666012 0.308835566 -0.000672907 0.999992490 0.003813865 -0.508910239 -0.001663457 -0.003814980 0.999991357 14.666935921
0.999997199 0.001232973 0.002013926 0.321981341 -0.001241709 0.999989748 0.004342619 -0.529266894 -0.002008551 -0.004345108 0.999988496 15.066012383
0.999997556 0.000630536 0.002089427 0.334812552 -0.000639986 0.999989450 0.004525082 -0.540377736 -0.002086552 -0.004526408 0.999987662 15.503658295
0.999997616 0.000415808 0.002148559 0.359308302 -0.000425700 0.999989271 0.004605721 -0.575349748 -0.002146621 -0.004606624 0.999987066 15.932861328
0.999996841 -0.000121575 0.002548149 0.371859372 0.000110409 0.999990344 0.004381408 -0.583216310 -0.002548657 -0.004381113 0.999987125 16.376529694
0.999997556 -0.000009994 0.002244876 0.382088304 -0.000000446 0.999989271 0.004650680 -0.599725485 -0.002244898 -0.004650670 0.999986589 16.814025879
0.999994040 0.001073673 0.003273959 0.386058390 -0.001089785 0.999987304 0.004923481 -0.614638209 -0.003268631 -0.004927021 0.999982476 17.283184052
0.999994576 0.000561162 0.003247301 0.396543324 -0.000577707 0.999986827 0.005096266 -0.627284646 -0.003244399 -0.005098113 0.999981761 17.740253448
0.999994457 -0.000348964 0.003312146 0.408897072 0.000333153 0.999988556 0.004773066 -0.639070392 -0.003313774 -0.004771936 0.999983132 18.214626312
0.999993443 -0.000227026 0.003587199 0.419146866 0.000209741 0.999988377 0.004818231 -0.645195305 -0.003588252 -0.004817447 0.999981999 18.688417435
0.999992907 -0.000168070 0.003764348 0.429279417 0.000149354 0.999987662 0.004971768 -0.659867942 -0.003765137 -0.004971169 0.999980569 19.147785187
0.999991894 -0.000054533 0.004023128 0.442048490 0.000031619 0.999983728 0.005695455 -0.688673854 -0.004023374 -0.005695282 0.999975681 19.601577759
0.999991715 0.000268513 0.004073837 0.453005642 -0.000292410 0.999982774 0.005866588 -0.702014446 -0.004072191 -0.005867731 0.999974489 20.080690384
0.999990761 0.000382621 0.004275097 0.465960830 -0.000410243 0.999979019 0.006462257 -0.727674246 -0.004272535 -0.006463951 0.999969900 20.576389313
0.999989867 0.000237925 0.004498367 0.472092211 -0.000262929 0.999984443 0.005558723 -0.719776869 -0.004496974 -0.005559849 0.999974430 21.081394196
0.999994516 -0.000698122 0.003249222 0.482186019 0.000676465 0.999977529 0.006661859 -0.753093123 -0.003253799 -0.006659624 0.999972522 21.594232559
0.999994516 -0.000307408 0.003337037 0.502077579 0.000286333 0.999979973 0.006314124 -0.763703048 -0.003338912 -0.006313133 0.999974430 22.089256287
0.999993563 0.000015610 0.003582338 0.512245059 -0.000037856 0.999980688 0.006209997 -0.775100529 -0.003582171 -0.006210093 0.999974251 22.612464905
0.999996066 -0.000478390 0.002769554 0.523286939 0.000459509 0.999976635 0.006813945 -0.791573524 -0.002772750 -0.006812644 0.999972880 23.118455887
0.999998093 -0.000535887 0.001844811 0.538385332 0.000523253 0.999976456 0.006841945 -0.807917833 -0.001848434 -0.006840968 0.999974847 23.649465561
0.999998510 -0.001292324 0.001070337 0.551415145 0.001285479 0.999978840 0.006371340 -0.816275120 -0.001078549 -0.006369955 0.999979079 24.166416168
0.999999762 -0.000492593 0.000663885 0.561169982 0.000488181 0.999977887 0.006630296 -0.829850137 -0.000667136 -0.006629970 0.999977767 24.680999756
0.999999940 -0.000009109 0.000243926 0.570846617 0.000007430 0.999976337 0.006883187 -0.839258015 -0.000243983 -0.006883184 0.999976277 25.214382172
0.999999940 -0.000281013 -0.000272481 0.578209400 0.000282861 0.999976754 0.006805335 -0.850368738 0.000270563 -0.006805411 0.999976814 25.745595932
0.999999762 0.000201655 -0.000685645 0.594608128 -0.000197055 0.999977529 0.006702313 -0.864004314 0.000686981 -0.006702176 0.999977291 26.280370712
0.999999285 -0.000635006 -0.000941556 0.608556509 0.000642001 0.999971986 0.007447822 -0.878459632 0.000936800 -0.007448422 0.999971807 26.821523666
0.999998748 -0.000328672 -0.001523329 0.617128611 0.000340408 0.999970138 0.007709934 -0.895427585 0.001520749 -0.007710444 0.999969065 27.347984314
0.999998748 0.000320839 -0.001555908 0.629206300 -0.000308886 0.999970496 0.007676090 -0.912575066 0.001558324 -0.007675599 0.999969244 27.886842728
0.999998093 -0.000229208 -0.001929311 0.635647833 0.000243873 0.999971032 0.007604698 -0.924322128 0.001927512 -0.007605154 0.999969244 28.434194565
0.999996543 -0.000238281 -0.002627720 0.656942010 0.000258555 0.999970198 0.007717970 -0.939271450 0.002625803 -0.007718623 0.999966681 28.966541290
0.999995708 -0.000109318 -0.002944950 0.665573776 0.000132661 0.999968648 0.007927392 -0.953054786 0.002943991 -0.007927749 0.999964237 29.505615234
0.999995768 -0.000147953 -0.002881686 0.670650959 0.000170778 0.999968588 0.007922020 -0.967514992 0.002880423 -0.007922480 0.999964416 30.050247192
0.999995530 0.000045322 -0.002987304 0.678738177 -0.000021244 0.999967515 0.008059489 -0.982611895 0.002987573 -0.008059390 0.999962986 30.580238342
0.999995410 0.000680688 -0.002943950 0.689362168 -0.000657003 0.999967456 0.008038626 -0.993525863 0.002949326 -0.008036655 0.999963343 31.123569489
0.999994934 0.001024675 -0.003013595 0.698955297 -0.000999348 0.999964297 0.008393696 -1.013521552 0.003022088 -0.008390642 0.999960244 31.644510269
0.999993622 0.000265011 -0.003555635 0.719470143 -0.000237497 0.999970019 0.007736449 -1.019319296 0.003557578 -0.007735555 0.999963760 32.175415039
0.999993920 0.001070201 -0.003295423 0.720377326 -0.001045994 0.999972522 0.007338555 -1.020006061 0.003303185 -0.007335063 0.999967694 32.716014862
0.999994695 0.000560029 -0.003199504 0.713905036 -0.000533088 0.999964476 0.008415061 -1.058974624 0.003204103 -0.008413311 0.999959469 33.225952148
0.999993861 0.000258057 -0.003476382 0.728801668 -0.000226564 0.999958932 0.009056525 -1.088496566 0.003478576 -0.009055682 0.999952972 33.772285461
0.999991119 0.000650498 -0.004144922 0.733200669 -0.000611310 0.999955177 0.009448932 -1.104453087 0.004150883 -0.009446314 0.999946833 34.330730438
0.999991357 0.000281131 -0.004141067 0.748748720 -0.000242877 0.999957323 0.009235278 -1.119034529 0.004143486 -0.009234191 0.999948800 34.860603333
0.999991000 0.000351134 -0.004225651 0.758391738 -0.000314382 0.999962151 0.008694802 -1.124568224 0.004228544 -0.008693396 0.999953270 35.351116180
0.999989450 0.000024240 -0.004595425 0.767057002 0.000018278 0.999957144 0.009252123 -1.142210007 0.004595452 -0.009252109 0.999946594 35.898620605
0.999989808 0.000558393 -0.004495964 0.776095629 -0.000518665 0.999960840 0.008832720 -1.149418116 0.004500720 -0.008830298 0.999950886 36.460681915
0.999988616 -0.000194185 -0.004760008 0.786751211 0.000239226 0.999955177 0.009463761 -1.160466790 0.004757957 -0.009464793 0.999943852 36.967350006
0.999983728 -0.000519762 -0.005681458 0.798858285 0.000571382 0.999958575 0.009087979 -1.170702696 0.005676500 -0.009091078 0.999942541 37.493549347
0.999983013 -0.000204500 -0.005822703 0.820491731 0.000255906 0.999960959 0.008829281 -1.169132590 0.005820671 -0.008830621 0.999944091 38.013061523
0.999984980 -0.000140663 -0.005493608 0.814916492 0.000191486 0.999957144 0.009252011 -1.186138391 0.005492072 -0.009252923 0.999942124 38.535663605
0.999985993 -0.000052082 -0.005295227 0.793296397 0.000102290 0.999954998 0.009481739 -1.192946911 0.005294495 -0.009482148 0.999940991 39.061370850
0.999984443 -0.000458555 -0.005552635 0.828510523 0.000513008 0.999951720 0.009809322 -1.205778956 0.005547869 -0.009812018 0.999936461 39.614330292
0.999982655 -0.001035156 -0.005795031 0.841420889 0.001090437 0.999953866 0.009544289 -1.250216961 0.005784885 -0.009550444 0.999937594 40.211051941
0.999986529 -0.000285518 -0.005181162 0.852938235 0.000333344 0.999957323 0.009232226 -1.263990164 0.005178305 -0.009233829 0.999943972 40.748794556
0.999984503 -0.000391028 -0.005555609 0.862727165 0.000441815 0.999958098 0.009143240 -1.269795656 0.005551802 -0.009145552 0.999942780 41.301322937
0.999984980 0.000455204 -0.005470959 0.874576807 -0.000404291 0.999956667 0.009303502 -1.281858683 0.005474957 -0.009301151 0.999941766 41.829723358
0.999984026 0.000233137 -0.005649251 0.889111757 -0.000181206 0.999957740 0.009191301 -1.295901299 0.005651155 -0.009190130 0.999941826 42.377208710
0.999983728 -0.000163310 -0.005725538 0.896328926 0.000221216 0.999948740 0.010114466 -1.317973614 0.005723594 -0.010115567 0.999932408 42.911159515
0.999985576 0.000131658 -0.005361664 0.901680827 -0.000078739 0.999951243 0.009869109 -1.326872587 0.005362702 -0.009868545 0.999936938 43.451412201
0.999985218 -0.000112214 -0.005430824 0.908622205 0.000165681 0.999951541 0.009845736 -1.332495809 0.005429456 -0.009846490 0.999936759 43.978668213
0.999984443 -0.000223809 -0.005571659 0.922030509 0.000280320 0.999948502 0.010143898 -1.348510385 0.005569102 -0.010145304 0.999932945 44.518047333
0.999984682 -0.000428084 -0.005522843 0.931604683 0.000483233 0.999949992 0.009988133 -1.358961821 0.005518291 -0.009990650 0.999934793 45.057174683
0.999985516 -0.000311004 -0.005374360 0.935509741 0.000363705 0.999951839 0.009807734 -1.368019700 0.005371052 -0.009809547 0.999937415 45.586856842
0.999984980 -0.000307661 -0.005490027 0.945953250 0.000361878 0.999951124 0.009877047 -1.383848071 0.005486720 -0.009878884 0.999936104 46.129550934
0.999984384 -0.000531370 -0.005567450 0.953118920 0.000587427 0.999949157 0.010071830 -1.398268461 0.005561815 -0.010074943 0.999933779 46.694076538
0.999982417 -0.000841593 -0.005873825 0.959965825 0.000899482 0.999951005 0.009859603 -1.403576612 0.005865240 -0.009864712 0.999934137 47.205459595
0.999981880 -0.000437875 -0.005997391 0.979405165 0.000497643 0.999950171 0.009967859 -1.409695745 0.005992728 -0.009970662 0.999932289 47.774795532
0.999984205 -0.000195770 -0.005619544 0.961520374 0.000251756 0.999950349 0.009963728 -1.425788522 0.005617313 -0.009964983 0.999934554 48.241443634
0.999981165 -0.000090836 -0.006133545 0.980786979 0.000151309 0.999951363 0.009859810 -1.434537888 0.006132351 -0.009860552 0.999932587 48.777553558
0.999983549 0.000192218 -0.005734496 0.989128530 -0.000135147 0.999950409 0.009950837 -1.448448896 0.005736125 -0.009949897 0.999934018 49.293434143
0.999980867 -0.000317519 -0.006177510 1.000735283 0.000379037 0.999950349 0.009959796 -1.456007957 0.006174041 -0.009961948 0.999931335 49.833679199
0.999982417 -0.000343277 -0.005908346 0.998592973 0.000403429 0.999948084 0.010182728 -1.479716063 0.005904544 -0.010184933 0.999930680 50.348739624
0.999982119 -0.000372360 -0.005965055 1.004426003 0.000434714 0.999945223 0.010455406 -1.490333557 0.005960835 -0.010457811 0.999927521 50.878166199
0.999982119 -0.000407667 -0.005970780 1.012501001 0.000470585 0.999944329 0.010540052 -1.501856089 0.005966151 -0.010542675 0.999926567 51.403392792
0.999982476 -0.000137935 -0.005920531 1.012058258 0.000199669 0.999945581 0.010427707 -1.515065312 0.005918770 -0.010428709 0.999928057 51.936145782
0.999984443 0.000575686 -0.005545254 1.014157176 -0.000516186 0.999942362 0.010725244 -1.529268026 0.005551108 -0.010722215 0.999927044 52.442531586
0.999986827 0.000053311 -0.005129216 1.012115240 0.000001421 0.999943018 0.010669890 -1.540043235 0.005129493 -0.010669757 0.999929905 52.973899841
0.999985635 0.000877580 -0.005301464 1.012353301 -0.000821355 0.999943495 0.010598484 -1.562686443 0.005310465 -0.010593977 0.999929726 53.476516724
0.999984860 0.001142267 -0.005381138 1.004091501 -0.001084548 0.999941945 0.010716736 -1.563357472 0.005393066 -0.010710738 0.999928057 54.020389557
0.999986947 0.000926998 -0.005030579 1.016890764 -0.000870987 0.999937654 0.011124929 -1.603367448 0.005040579 -0.011120403 0.999925435 54.457099915
0.999988258 0.002021294 -0.004398352 0.985354900 -0.001973489 0.999939203 0.010846363 -1.581390142 0.004420009 -0.010837555 0.999931455 55.131301880
0.999987364 0.001355349 -0.004825512 1.022944331 -0.001303834 0.999942243 0.010662642 -1.625204563 0.004839685 -0.010656216 0.999931514 55.549247742
0.999988616 0.000540444 -0.004749087 1.037919760 -0.000487476 0.999937713 0.011147404 -1.633547068 0.004754815 -0.011144962 0.999926627 56.006977081
0.999987364 0.000437160 -0.005006073 1.048661113 -0.000376594 0.999926925 0.012093058 -1.641810775 0.005010993 -0.012091020 0.999914348 56.444801331
0.999982655 0.000418939 -0.005867623 1.056250095 -0.000348948 0.999928772 0.011924301 -1.638591290 0.005872200 -0.011922047 0.999911666 57.133563995
0.999986708 0.000724488 -0.005098682 1.072009325 -0.000663789 0.999929130 0.011896504 -1.662607431 0.005106939 -0.011892964 0.999916196 57.465557098
0.999988556 0.000437929 -0.004769948 1.074908733 -0.000379848 0.999925852 0.012170400 -1.678117275 0.004774923 -0.012168450 0.999914527 57.993316650
0.999988198 0.000678370 -0.004806904 1.094265580 -0.000620360 0.999927104 0.012059346 -1.687350988 0.004814735 -0.012056221 0.999915659 58.515274048
0.999989629 0.000629901 -0.004514853 1.103057265 -0.000571900 0.999917507 0.012836537 -1.704178333 0.004522566 -0.012833822 0.999907374 59.058784485
0.999989271 0.000370255 -0.004623520 1.089713573 -0.000313998 0.999925911 0.012162233 -1.713846087 0.004627679 -0.012160650 0.999915361 59.574432373
0.999990880 0.000993891 -0.004143754 1.136801839 -0.000942322 0.999922335 0.012428284 -1.717783809 0.004155784 -0.012424265 0.999914169 60.141902924
0.999989927 0.000912885 -0.004419716 1.120861292 -0.000858000 0.999922693 0.012403998 -1.738232136 0.004430698 -0.012400079 0.999913335 60.658412933
0.999987125 0.000508498 -0.005066066 1.160690308 -0.000444554 0.999920309 0.012614842 -1.770473599 0.005072077 -0.012612427 0.999907613 61.185165405
0.999988794 0.000805850 -0.004691896 1.154309511 -0.000747760 0.999923170 0.012369555 -1.766881943 0.004701503 -0.012365906 0.999912500 61.739181519
0.999983251 0.001739472 -0.005527242 1.254257560 -0.001679232 0.999939322 0.010884338 -1.729357243 0.005545839 -0.010874875 0.999925554 62.208927155
0.999985039 0.002184393 -0.005035219 1.263584614 -0.002122706 0.999922991 0.012223962 -1.801459074 0.005061533 -0.012213088 0.999912620 62.797508240
0.999988854 0.001172404 -0.004581879 1.201012492 -0.001114369 0.999919415 0.012648334 -1.793495178 0.004596339 -0.012643087 0.999909520 63.247470856
0.999986708 0.000900711 -0.005071264 1.216218233 -0.000836275 0.999918997 0.012694026 -1.802398443 0.005082287 -0.012689617 0.999906480 63.604419708
0.999985278 0.001420074 -0.005232689 1.232517958 -0.001356501 0.999925554 0.012132761 -1.811844587 0.005249529 -0.012125486 0.999912679 64.146621704
0.999985278 0.000315312 -0.005415828 1.245461226 -0.000246798 0.999919951 0.012646752 -1.825381756 0.005419383 -0.012645232 0.999905348 64.706459045
0.999981999 -0.000786104 -0.005957859 1.252004385 0.000863887 0.999914229 0.013064209 -1.824675798 0.005947079 -0.013069122 0.999896884 65.168914795
0.999988556 0.002249003 -0.004218880 1.233122110 -0.002193459 0.999911427 0.013124406 -1.874012470 0.004248024 -0.013115000 0.999904990 65.538375854
0.999991477 0.001771614 -0.003733553 1.193185091 -0.001721518 0.999908984 0.013378461 -1.885970354 0.003756914 -0.013371919 0.999903440 66.289413452
0.999987543 0.003241416 -0.003801914 1.283169866 -0.003190673 0.999906778 0.013277671 -1.900027752 0.003844599 -0.013265377 0.999904633 66.453910828
0.999987066 0.003292188 -0.003886905 1.302657127 -0.003241174 0.999909520 0.013058640 -1.917597771 0.003929545 -0.013045874 0.999907136 66.977607727
0.999988437 0.003026224 -0.003761275 1.305884361 -0.002975332 0.999904931 0.013463470 -1.922188044 0.003801660 -0.013452120 0.999902308 67.526901245
0.999981940 0.003307653 -0.005017548 1.395284414 -0.003239431 0.999903023 0.013544522 -1.909514189 0.005061863 -0.013528025 0.999895632 67.934341431
0.999987364 0.002316712 -0.004463432 1.356445551 -0.002254781 0.999901831 0.013830647 -1.929019213 0.004495035 -0.013820410 0.999894381 68.278366089
0.999985993 0.002054323 -0.004865676 1.365735054 -0.001987420 0.999903977 0.013715312 -1.935400248 0.004893384 -0.013705450 0.999894142 68.809547424
0.999988317 0.002181425 -0.004319581 1.378681898 -0.002121228 0.999901235 0.013891705 -1.954771042 0.004349458 -0.013882379 0.999894142 69.340728760
0.999988496 0.002636333 -0.004008319 1.388131857 -0.002580856 0.999901652 0.013782850 -1.962383866 0.004044261 -0.013772348 0.999896944 69.866394043
0.999988198 0.002553707 -0.004136270 1.396018982 -0.002495873 0.999899864 0.013927410 -1.977087855 0.004171423 -0.013916924 0.999894381 70.385520935
0.999986708 0.003605536 -0.003705480 1.414323688 -0.003553807 0.999897420 0.013873487 -1.997214556 0.003755122 -0.013860134 0.999896824 70.909645081
0.999987006 0.003206188 -0.003959686 1.438412905 -0.003148947 0.999891639 0.014378545 -2.021408319 0.004005359 -0.014365888 0.999888778 71.413604736
0.999987543 0.003204992 -0.003854358 1.448193312 -0.003149667 0.999893069 0.014275335 -2.028674364 0.003899699 -0.014263015 0.999890625 71.965667725
0.999988139 0.003420057 -0.003452067 1.454826236 -0.003370426 0.999892294 0.014281743 -2.039771557 0.003500540 -0.014269939 0.999891996 72.513870239
0.999988616 0.003255909 -0.003484171 1.456621051 -0.003206237 0.999894500 0.014168479 -2.053953171 0.003529935 -0.014157146 0.999893546 73.087036133
0.999989331 0.002616180 -0.003788360 1.472151279 -0.002562426 0.999896884 0.014125183 -2.061934948 0.003824923 -0.014115325 0.999893069 73.644096375
0.999987841 0.003491114 -0.003454054 1.485862970 -0.003441839 0.999893606 0.014170215 -2.073553324 0.003503157 -0.014158157 0.999893665 74.170318604
0.999988914 0.002984156 -0.003640930 1.498226762 -0.002931878 0.999893725 0.014280270 -2.091408968 0.003683158 -0.014269437 0.999891400 74.727012634
0.999987721 0.003216857 -0.003777120 1.494060516 -0.003160701 0.999885738 0.014780656 -2.093862534 0.003824236 -0.014768537 0.999883592 75.196128845
0.999987662 0.003520126 -0.003503979 1.512251735 -0.003469337 0.999890268 0.014397627 -2.103796482 0.003554276 -0.014385292 0.999890149 75.836395264
0.999987781 0.003474548 -0.003523250 1.528126955 -0.003424953 0.999896348 0.013986017 -2.115853786 0.003571479 -0.013973777 0.999895930 76.382171631
0.999988556 0.003127879 -0.003602958 1.544302106 -0.003076683 0.999895334 0.014128508 -2.124151230 0.003646773 -0.014117260 0.999893725 76.917510986
0.999986947 0.003383422 -0.003807368 1.555864453 -0.003329258 0.999894440 0.014143476 -2.136392832 0.003854819 -0.014130617 0.999892652 77.461257935
0.999988198 0.003341772 -0.003509884 1.567920089 -0.003292773 0.999898314 0.013874468 -2.141636848 0.003555892 -0.013862750 0.999897599 78.028999329
0.999992669 0.003066709 -0.002282298 1.587323785 -0.003034526 0.999897718 0.013973614 -2.156857967 0.002324919 -0.013966586 0.999899745 78.561378479
0.999994457 0.003168076 -0.001030159 1.601283669 -0.003153660 0.999901056 0.013707356 -2.165150166 0.001073483 -0.013704028 0.999905467 79.121879578
0.999993980 0.003481606 0.000358905 1.611382961 -0.003486272 0.999896705 0.013942665 -2.180344820 -0.000310325 -0.013943833 0.999902725 79.645271301
0.999993503 0.003283516 0.001473188 1.620718956 -0.003304323 0.999891579 0.014350838 -2.187980652 -0.001425907 -0.014355615 0.999895930 80.209365845
0.999977589 0.004094125 0.005291468 1.635087729 -0.004167715 0.999893725 0.013971779 -2.198500156 -0.005233703 -0.013993521 0.999888361 80.761039734
0.999963820 0.003526896 0.007730265 1.671432018 -0.003636353 0.999892712 0.014191528 -2.214832067 -0.007679383 -0.014219124 0.999869406 81.346809387
0.999947548 0.002613656 0.009906178 1.711831212 -0.002760684 0.999885798 0.014857624 -2.232289553 -0.009866215 -0.014884193 0.999840498 81.880149841
0.999884784 0.003366659 0.014796153 1.726300120 -0.003568488 0.999900699 0.013635431 -2.213574409 -0.014748777 -0.013686661 0.999797523 82.418838501
0.999807358 0.002352170 0.019484071 1.763879895 -0.002630174 0.999894977 0.014254938 -2.234950542 -0.019448493 -0.014303436 0.999708533 82.997924805
0.999680936 0.001503790 0.025211025 1.794341326 -0.001867016 0.999894679 0.014390070 -2.233275414 -0.025186731 -0.014432549 0.999578595 83.448677063
0.999453843 0.003045496 0.032902721 1.799099326 -0.003509972 0.999894798 0.014068127 -2.274574041 -0.032856416 -0.014175931 0.999359548 84.208633423
0.999210000 0.002881251 0.039636254 1.889138579 -0.003451225 0.999891460 0.014319222 -2.282427311 -0.039590694 -0.014444703 0.999111593 84.485305786
0.998788834 0.003356422 0.049087875 1.895007610 -0.004075310 0.999885798 0.014552164 -2.303100824 -0.049033426 -0.014734587 0.998688459 85.316329956
0.998439133 0.002742874 0.055781763 1.952120304 -0.003543142 0.999892175 0.014252538 -2.305087090 -0.055736657 -0.014427934 0.998341262 85.869483948
0.997916460 0.002333597 0.064475864 2.019759178 -0.003233241 0.999898851 0.013852369 -2.314483404 -0.064437017 -0.014031975 0.997823060 86.417434692
0.997200787 0.002770657 0.074716948 2.084236622 -0.003844271 0.999891400 0.014229086 -2.334322453 -0.074669406 -0.014476488 0.997103274 86.953483582
0.996528447 0.002016191 0.083228707 2.146539211 -0.003186617 0.999897838 0.013932317 -2.338863850 -0.083192118 -0.014149167 0.996433079 87.515754700
0.995808840 0.001992893 0.091436848 2.217457771 -0.003272564 0.999898791 0.013847334 -2.349404812 -0.091399983 -0.014088534 0.995714605 88.062393188
0.994802356 0.001376950 0.101815313 2.306783199 -0.002819178 0.999897718 0.014022599 -2.363746643 -0.101785593 -0.014236751 0.994704425 88.597846985
0.993690968 0.001274370 0.112145789 2.391405582 -0.002882243 0.999895334 0.014176389 -2.370553493 -0.112115987 -0.014410179 0.993590653 89.162811279
0.992598832 0.000744955 0.121437341 2.476669312 -0.002458468 0.999899507 0.013961044 -2.382085323 -0.121414721 -0.014156266 0.992500901 89.705505371
0.991161406 0.001259044 0.132655039 2.569516182 -0.003133435 0.999898195 0.013922020 -2.386538982 -0.132624030 -0.014214636 0.991064489 90.257415771
0.989442647 0.001379574 0.144919261 2.669715881 -0.003388284 0.999901533 0.013614992 -2.395046949 -0.144886240 -0.013962277 0.989349723 90.807128906
0.987801254 0.000864310 0.155717507 2.779208183 -0.002992011 0.999905348 0.013429985 -2.406593561 -0.155691162 -0.013732065 0.987710357 91.351982117
0.986237884 0.000613867 0.165331528 2.891786575 -0.002922129 0.999901652 0.013718546 -2.416234016 -0.165306866 -0.014012869 0.986142635 91.899772644
0.984080851 0.000591152 0.177719876 3.014526367 -0.003065630 0.999902010 0.013649196 -2.427856922 -0.177694410 -0.013976735 0.983986437 92.445892334
0.981780648 0.000417174 0.190017194 3.141983032 -0.003024385 0.999905169 0.013431147 -2.434452057 -0.189993590 -0.013761125 0.981688857 92.978828430
0.979683816 -0.000041510 0.200548247 3.275562286 -0.002692689 0.999907136 0.013360824 -2.442294598 -0.200530171 -0.013629397 0.979592741 93.512626648
0.977025509 -0.001582643 0.213116527 3.421497345 -0.001189902 0.999916315 0.012880629 -2.448333740 -0.213119090 -0.012838291 0.976941884 94.044349670
0.973837316 -0.000896597 0.227244169 3.571514130 -0.002196315 0.999908388 0.013357299 -2.462281704 -0.227235332 -0.013506938 0.973746181 94.582969666
0.970780730 0.000703734 0.239967123 3.719188690 -0.004104917 0.999898136 0.013674008 -2.478634357 -0.239933044 -0.014259510 0.970684767 95.118637085
0.968003571 -0.001307857 0.250933021 3.907228470 -0.002137566 0.999907076 0.013457405 -2.487201691 -0.250927329 -0.013563202 0.967910886 95.707382202
0.964351773 -0.001744243 0.264617920 4.089950562 -0.001981144 0.999902606 0.013810826 -2.508834362 -0.264616251 -0.013842742 0.964254439 96.200714111
0.960680187 -0.001860055 0.277651042 4.266790390 -0.002021523 0.999904156 0.013693145 -2.521256685 -0.277649850 -0.013716009 0.960584402 96.715194702
0.957462132 -0.002586742 0.288547069 4.461597443 -0.001563511 0.999898612 0.014151875 -2.537834167 -0.288554400 -0.014001029 0.957361102 97.216140747
0.953161955 -0.002416623 0.302450657 4.656906128 -0.001934844 0.999898911 0.014086917 -2.547629356 -0.302454114 -0.014012311 0.953060925 97.732749939
0.948744297 -0.003046276 0.316029906 4.867223740 -0.001446189 0.999901235 0.013979813 -2.558915138 -0.316041321 -0.013720307 0.948646128 98.251296997
0.944984615 -0.003691666 0.327093780 5.075622559 -0.000889338 0.999903619 0.013854498 -2.565197468 -0.327113360 -0.013383186 0.944890261 98.774513245
0.940326333 -0.003436529 0.340256542 5.282226562 -0.001561269 0.999894917 0.014413445 -2.584028721 -0.340270370 -0.014084577 0.940222144 99.300285339
0.935244322 -0.004276256 0.353977144 5.510517120 -0.000817571 0.999898255 0.014239475 -2.587518692 -0.354002029 -0.013606789 0.935145676 99.824714661
0.930350840 -0.004551967 0.366642594 5.732425690 -0.000781072 0.999895990 0.014395942 -2.597835779 -0.366670072 -0.013679650 0.930250466 100.336921692
0.925691247 -0.005116574 0.378245354 5.960777283 -0.000314245 0.999897778 0.014294803 -2.611269474 -0.378279895 -0.013351436 0.925594985 100.854743958
0.920006454 -0.005408675 0.391865969 6.217414856 -0.000180602 0.999898791 0.014224976 -2.615440607 -0.391903192 -0.013157840 0.919912338 101.382125854
0.914491117 -0.006379510 0.404555708 6.475200653 0.000648043 0.999897480 0.014302671 -2.623852730 -0.404605538 -0.012817496 0.914401412 101.888839722
0.909850180 -0.007259582 0.414873093 6.731163025 0.001497555 0.999897897 0.014212275 -2.636136293 -0.414933890 -0.012309746 0.909768283 102.391288757
0.904382050 -0.008045335 0.426647872 7.001289368 0.001950471 0.999889731 0.014720516 -2.653851986 -0.426719278 -0.012480807 0.904298007 102.879249573
0.897807539 -0.008407077 0.440307826 7.264446259 0.002146052 0.999889433 0.014715625 -2.664943218 -0.440382838 -0.012266875 0.897726297 103.357376099
0.891846955 -0.008673158 0.452254117 7.543563843 0.002337004 0.999891102 0.014566956 -2.671630383 -0.452331215 -0.011934575 0.891770184 103.856399536
0.886125445 -0.009539847 0.463347256 7.821765900 0.003116553 0.999888182 0.014626445 -2.681840420 -0.463434994 -0.011516818 0.886056006 104.326751709
0.879025042 -0.009566688 0.476679534 8.115467072 0.003024976 0.999890566 0.014488995 -2.693185568 -0.476766020 -0.011294248 0.878957629 104.802734375
0.871855617 -0.010654702 0.489647120 8.413440704 0.003864253 0.999881864 0.014876780 -2.700162888 -0.489747763 -0.011078284 0.871793687 105.280769348
0.866171360 -0.011111219 0.499623597 8.712753296 0.004420330 0.999883950 0.014573311 -2.709126711 -0.499727517 -0.010414482 0.866120040 105.738945007
