1.000000000 0.000000000 0.000000000 0.000000000 0.000000000 1.000000000 0.000000000 0.000000000 0.000000000 0.000000000 1.000000000 0.000000000
1.000000000 0.000051875 -0.000015633 0.000024238 -0.000051875 1.000000000 -0.000025559 0.000138820 0.000015632 0.000025560 1.000000000 -0.000699040
1.000000000 -0.000010050 0.000025214 0.000003924 0.000010048 1.000000000 0.000082232 -0.000575156 -0.000025215 -0.000082232 1.000000000 -0.000222402
1.000000000 -0.000102685 0.000087177 0.000113900 0.000102687 1.000000000 -0.000021603 0.000779128 -0.000087175 0.000021612 1.000000000 0.000991455
1.000000000 -0.000100705 0.000029624 -0.000085523 0.000100704 1.000000000 0.000046443 -0.000509083 -0.000029629 -0.000046440 1.000000000 -0.000725031
1.000000000 0.000048697 0.000148430 -0.000142064 -0.000048686 1.000000000 -0.000073223 0.001039686 -0.000148434 0.000073216 1.000000000 0.000540513
1.000000000 -0.000088881 0.000077717 0.000140529 0.000088881 1.000000000 -0.000006459 0.000079322 -0.000077716 0.000006466 1.000000000 -0.000336879
1.000000000 0.000047861 0.000074569 -0.000648581 -0.000047869 1.000000000 0.000110213 -0.000625652 -0.000074564 -0.000110217 1.000000000 -0.000697337
1.000000000 -0.000025047 -0.000027305 -0.000347171 0.000025046 1.000000000 -0.000056664 -0.000498981 0.000027306 0.000056663 1.000000000 -0.001288975
1.000000000 -0.000023215 0.000054258 -0.000571442 0.000023211 1.000000000 0.000069301 -0.001387331 -0.000054259 -0.000069300 1.000000000 -0.001732023
1.000000000 0.000040013 0.000042101 -0.000589996 -0.000040017 1.000000000 0.000092224 -0.001005766 -0.000042097 -0.000092226 1.000000000 -0.000196781
1.000000000 -0.000008194 0.000061092 -0.000887575 0.000008190 1.000000000 0.000063241 -0.000975494 -0.000061092 -0.000063241 1.000000000 -0.001667257
1.000000000 0.000041520 0.000014976 -0.000874922 -0.000041519 1.000000000 -0.000071743 -0.000642894 -0.000014979 0.000071742 1.000000000 -0.001540066
1.000000000 0.000014493 0.000066228 -0.001233309 -0.000014492 1.000000000 -0.000022011 0.000608035 -0.000066228 0.000022010 1.000000000 0.000217900
1.000000000 -0.000007703 0.000048151 -0.001845214 0.000007709 1.000000000 -0.000115497 0.000595524 -0.000048150 0.000115497 1.000000000 -0.000590742
1.000000000 0.000198972 0.000005601 -0.000202396 -0.000198971 1.000000000 -0.000122359 0.001803268 -0.000005625 0.000122358 1.000000000 0.002220875
1.000000000 0.000135722 0.000123001 -0.001202647 -0.000135705 1.000000000 -0.000142133 0.002117265 -0.000123021 0.000142116 1.000000000 0.002769486
1.000000000 0.000203044 0.000089205 -0.001347244 -0.000203032 1.000000000 -0.000127303 0.001460782 -0.000089231 0.000127285 1.000000000 0.000656501
0.999999940 0.000246877 0.000163194 -0.001986825 -0.000246860 0.999999940 -0.000105666 0.002039978 -0.000163220 0.000105626 1.000000000 0.002421255
1.000000000 0.000146216 0.000156005 -0.001723822 -0.000146197 1.000000000 -0.000120604 0.001653493 -0.000156023 0.000120581 1.000000000 0.002017585
1.000000000 0.000138466 0.000145406 -0.001609735 -0.000138453 1.000000000 -0.000089420 0.001580895 -0.000145418 0.000089400 1.000000000 0.001727298
1.000000000 0.000187838 0.000074968 -0.001862830 -0.000187830 1.000000000 -0.000106802 0.002148109 -0.000074988 0.000106788 1.000000000 0.001816763
1.000000000 0.000191623 0.000034952 -0.000767941 -0.000191620 1.000000000 -0.000109920 0.002134201 -0.000034973 0.000109913 1.000000000 0.003003007
1.000000000 0.000207367 0.000088836 -0.001720336 -0.000207361 1.000000000 -0.000070486 0.002767304 -0.000088851 0.000070467 1.000000000 0.003587844
0.999999881 0.000444602 0.000068875 -0.002072568 -0.000444601 0.999999881 -0.000017268 0.002202419 -0.000068883 0.000017238 1.000000000 0.003970446
0.999999940 0.000349516 0.000092652 -0.001633839 -0.000349509 0.999999940 -0.000068677 0.002071837 -0.000092676 0.000068645 1.000000000 0.001971518
0.999999940 0.000212858 0.000169462 -0.002274885 -0.000212846 1.000000000 -0.000069049 0.002670838 -0.000169477 0.000069013 1.000000000 0.003791417
0.999999940 0.000236531 0.000217481 -0.002765371 -0.000236533 1.000000000 0.000009588 0.001588551 -0.000217478 -0.000009640 1.000000000 0.002824677
1.000000000 0.000202186 0.000100031 -0.001724565 -0.000202179 1.000000000 -0.000070180 0.002320305 -0.000100045 0.000070160 1.000000000 0.002508546
0.999999940 0.000242484 0.000193300 -0.002543165 -0.000242460 0.999999940 -0.000124227 0.002777701 -0.000193330 0.000124180 1.000000000 0.003350302
0.999999940 0.000211247 0.000194480 -0.001758971 -0.000211245 1.000000000 -0.000010305 0.001870331 -0.000194482 0.000010264 1.000000000 0.003153875
0.999999940 0.000174803 0.000193650 -0.001525496 -0.000174785 1.000000000 -0.000088651 0.003006910 -0.000193666 0.000088617 1.000000000 0.004207565
0.999999940 0.000233258 0.000091304 -0.000810891 -0.000233238 0.999999940 -0.000213423 0.003667791 -0.000091354 0.000213402 1.000000000 0.004179790
0.999999940 0.000237782 0.000204266 -0.001395738 -0.000237765 0.999999940 -0.000080135 0.002068410 -0.000204285 0.000080086 1.000000000 0.001895531
0.999999881 0.000344767 0.000247829 -0.002771408 -0.000344732 0.999999940 -0.000142150 0.002142336 -0.000247878 0.000142064 0.999999940 0.001664595
0.999999940 0.000279335 0.000207165 -0.001646767 -0.000279306 0.999999940 -0.000136426 0.002044190 -0.000207203 0.000136368 0.999999940 0.002536662
1.000000000 0.000157342 0.000120997 -0.000746006 -0.000157337 1.000000000 -0.000039884 0.002184423 -0.000121003 0.000039865 1.000000000 0.002014285
0.999999940 0.000299590 0.000205681 -0.002997574 -0.000299571 0.999999940 -0.000091999 0.003237775 -0.000205708 0.000091938 1.000000000 0.003930564
0.999999881 0.000352765 0.000234838 -0.002094743 -0.000352757 0.999999940 -0.000032340 0.001861148 -0.000234849 0.000032258 1.000000000 0.002640323
0.999999940 0.000282158 0.000137801 -0.000933866 -0.000282147 0.999999940 -0.000082931 0.003407232 -0.000137824 0.000082892 1.000000000 0.003298617
1.000000000 0.000112199 0.000091791 -0.000759309 -0.000112188 1.000000000 -0.000128254 0.002078376 -0.000091805 0.000128244 1.000000000 0.004771926
0.999999881 0.000440622 0.000154153 0.000515891 -0.000440536 0.999999762 -0.000563807 -0.001798557 -0.000154401 0.000563739 0.999999821 0.051869377
0.999999940 0.000352455 0.000098406 0.000057640 -0.000352339 0.999999225 -0.001169564 -0.002597649 -0.000098818 0.001169529 0.999999285 0.137608349
0.999999940 0.000159786 -0.000214668 0.007002186 -0.000160070 0.999999106 -0.001324911 -0.000919022 0.000214457 0.001324946 0.999999106 0.260883451
0.999999940 0.000252332 -0.000222411 0.009775092 -0.000252608 0.999999166 -0.001242360 -0.003554069 0.000222098 0.001242417 0.999999225 0.392729104
1.000000000 0.000227624 -0.000030256 0.010877541 -0.000227652 0.999999523 -0.000914163 -0.008074525 0.000030048 0.000914170 0.999999583 0.537813008
0.999999881 -0.000233501 -0.000438356 0.019982578 0.000233176 0.999999702 -0.000741750 -0.016121222 0.000438529 0.000741647 0.999999642 0.690354288
0.999999940 -0.000186117 -0.000314532 0.023290845 0.000186012 0.999999881 -0.000335911 -0.019772176 0.000314595 0.000335852 0.999999940 0.851312995
0.999999821 -0.000151445 -0.000379026 0.024552153 0.000151454 0.999999940 0.000023591 -0.025300782 0.000379023 -0.000023648 1.000000000 1.028869152
0.999999940 0.000087590 -0.000273742 0.027604926 -0.000087750 0.999999821 -0.000583835 -0.026965449 0.000273691 0.000583859 0.999999821 1.204796195
1.000000000 0.000261556 0.000045640 0.028180595 -0.000261555 0.999999940 -0.000033656 -0.034736507 -0.000045649 0.000033644 1.000000000 1.388628960
0.999999821 0.000508643 -0.000082494 0.032014884 -0.000508670 0.999999702 -0.000331287 -0.035107657 0.000082325 0.000331329 0.999999940 1.593407512
1.000000000 0.000135340 -0.000124003 0.038576677 -0.000135345 0.999999940 -0.000041673 -0.042920634 0.000123998 0.000041690 0.999999940 1.798139572
1.000000000 -0.000072115 0.000160654 0.037963133 0.000072058 0.999999940 0.000356219 -0.050512765 -0.000160679 -0.000356208 0.999999940 1.996960521
0.999999762 -0.000700225 -0.000034429 0.046066325 0.000700234 0.999999762 0.000264180 -0.056760959 0.000034244 -0.000264204 0.999999940 2.210255861
0.999999881 -0.000458064 0.000007756 0.048395801 0.000458060 0.999999762 0.000470473 -0.062559083 -0.000007972 -0.000470470 0.999999940 2.432364225
0.999999940 -0.000341070 -0.000010699 0.056249041 0.000341070 0.999999881 0.000059800 -0.066018797 0.000010679 -0.000059804 0.999999940 2.656979799
0.999999881 -0.000434582 0.000073422 0.060778197 0.000434563 0.999999821 0.000262505 -0.074690551 -0.000073536 -0.000262473 1.000000000 2.891372204
0.999999881 -0.000584258 0.000123632 0.063739002 0.000584212 0.999999762 0.000376305 -0.080104440 -0.000123852 -0.000376233 0.999999940 3.131763458
0.999999940 0.000217025 0.000251202 0.067604624 -0.000217177 0.999999821 0.000605878 -0.089370497 -0.000251070 -0.000605933 0.999999762 3.372631550
0.999999881 0.000206320 0.000398696 0.071176432 -0.000206636 0.999999702 0.000792516 -0.096415594 -0.000398533 -0.000792599 0.999999583 3.621829987
0.999999762 0.000254094 0.000565322 0.075488910 -0.000254512 0.999999702 0.000739217 -0.103117749 -0.000565134 -0.000739361 0.999999523 3.883337498
0.999999344 0.000603729 0.000948751 0.075175345 -0.000604194 0.999999642 0.000489420 -0.105495527 -0.000948455 -0.000489993 0.999999404 4.142978668
0.999999106 0.000471976 0.001208629 0.081419609 -0.000472523 0.999999702 0.000451899 -0.108887576 -0.001208416 -0.000452469 0.999999166 4.405331135
0.999999464 0.000265817 0.000970432 0.085673898 -0.000266039 0.999999940 0.000228773 -0.114431791 -0.000970371 -0.000229031 0.999999523 4.665561676
0.999998748 0.000912874 0.001227047 0.094523124 -0.000913593 0.999999404 0.000585271 -0.123415343 -0.001226512 -0.000586392 0.999999046 4.914595127
0.999998689 0.000912492 0.001282924 0.099802539 -0.000913369 0.999999344 0.000682799 -0.133341908 -0.001282300 -0.000683970 0.999998927 5.172461510
0.999998271 0.000797430 0.001631432 0.100737296 -0.000798253 0.999999583 0.000504420 -0.138837472 -0.001631028 -0.000505722 0.999998450 5.442028522
0.999997973 0.000799751 0.001833469 0.100799195 -0.000800810 0.999999523 0.000576865 -0.146796539 -0.001833007 -0.000578332 0.999998152 5.695379734
0.999997675 0.000700010 0.002016502 0.103694677 -0.000700614 0.999999762 0.000298770 -0.152765483 -0.002016292 -0.000300182 0.999997854 5.967716217
0.999996781 0.000986915 0.002282482 0.107563429 -0.000987668 0.999999404 0.000328573 -0.158324420 -0.002282156 -0.000330827 0.999997377 6.258528709
0.999996245 0.001332361 0.002381463 0.123757765 -0.001332470 0.999999106 0.000044131 -0.159492344 -0.002381402 -0.000047304 0.999997139 6.558358192
0.999996841 0.001030281 0.002291184 0.116481543 -0.001031449 0.999999344 0.000508775 -0.173869357 -0.002290659 -0.000511137 0.999997258 6.843682289
0.999997318 0.000971910 0.002113102 0.124371707 -0.000972408 0.999999523 0.000234765 -0.178921491 -0.002112872 -0.000236819 0.999997735 7.147338390
0.999997735 0.000683594 0.002040187 0.132498324 -0.000684147 0.999999762 0.000270236 -0.188519374 -0.002040002 -0.000271631 0.999997854 7.448632240
0.999997795 0.000519054 0.002029693 0.138363943 -0.000519947 0.999999702 0.000439324 -0.200944439 -0.002029465 -0.000440378 0.999997795 7.744128227
0.999996841 0.000798393 0.002366575 0.142163157 -0.000799918 0.999999464 0.000643762 -0.211673930 -0.002366059 -0.000645653 0.999997020 8.069643021
0.999995530 0.001559836 0.002550699 0.143528521 -0.001561515 0.999998569 0.000656615 -0.220847130 -0.002549671 -0.000660595 0.999996603 8.386558533
0.999996066 0.001304107 0.002512719 0.151213199 -0.001305111 0.999999106 0.000398229 -0.225536108 -0.002512197 -0.000401507 0.999996841 8.722764969
0.999994695 0.001448385 0.002910719 0.157176316 -0.001450510 0.999998629 0.000728010 -0.235129938 -0.002909661 -0.000732228 0.999995530 9.058582306
0.999996543 0.000967236 0.002444736 0.170314386 -0.000968605 0.999999404 0.000558855 -0.251955658 -0.002444194 -0.000561221 0.999996841 9.378208160
0.999995828 0.001637617 0.002360827 0.176111251 -0.001638757 0.999998629 0.000480810 -0.263259649 -0.002360037 -0.000484677 0.999997079 9.721443176
0.999995232 0.001502665 0.002699114 0.179180294 -0.001504646 0.999998629 0.000732276 -0.270697057 -0.002698009 -0.000736334 0.999996126 10.074154854
0.999994218 0.001715392 0.002930311 0.189112589 -0.001717865 0.999998152 0.000841692 -0.284358293 -0.002928863 -0.000846721 0.999995351 10.427603722
0.999994695 0.001342123 0.002953168 0.197156772 -0.001343555 0.999998987 0.000482961 -0.291599721 -0.002952517 -0.000486926 0.999995530 10.796872139
0.999994993 0.001085586 0.002954953 0.205476657 -0.001087187 0.999999225 0.000540198 -0.299556553 -0.002954365 -0.000543408 0.999995530 11.158549309
0.999994516 0.001540322 0.002939722 0.210892946 -0.001543583 0.999998212 0.001107184 -0.315002590 -0.002938011 -0.001111716 0.999995112 11.540294647
0.999993324 0.001796403 0.003174384 0.216545954 -0.001800556 0.999997497 0.001305624 -0.327378213 -0.003172030 -0.001311331 0.999994099 11.893642426
0.999992549 0.002102697 0.003257811 0.225375414 -0.002108276 0.999996364 0.001710126 -0.340607285 -0.003254203 -0.001716982 0.999993265 12.287165642
0.999992788 0.001373578 0.003542380 0.233873859 -0.001380129 0.999997437 0.001847719 -0.352266669 -0.003539833 -0.001852595 0.999992073 12.676107407
0.999992013 0.001802965 0.003554426 0.241898730 -0.001808649 0.999997020 0.001596710 -0.360801309 -0.003551536 -0.001603125 0.999992430 13.069281578
0.999992669 0.001402918 0.003575929 0.258996189 -0.001408924 0.999997556 0.001677411 -0.373210460 -0.003573568 -0.001682436 0.999992251 13.468834877
0.999989390 0.002259161 0.004027670 0.259848028 -0.002267714 0.999995112 0.002120294 -0.387102783 -0.004022861 -0.002129405 0.999989688 13.867816925
0.999991179 0.001944707 0.003711838 0.273797005 -0.001951119 0.999996603 0.001724645 -0.392774105 -0.003708472 -0.001731872 0.999991596 14.287389755
0.999988914 0.002083265 0.004221176 0.279923141 -0.002087294 0.999997377 0.000950203 -0.404190838 -0.004219185 -0.000959003 0.999990582 14.706493378
0.999989152 0.001600456 0.004372708 0.290725559 -0.001607480 0.999997437 0.001603196 -0.419131130 -0.004370130 -0.001610208 0.999989152 15.134631157
0.999985695 0.001791489 0.005039224 0.293792099 -0.001798670 0.999997377 0.001420845 -0.429215550 -0.005036666 -0.001429889 0.999986291 15.575967789
0.999985039 0.001357598 0.005304367 0.303910732 -0.001366457 0.999997675 0.001666842 -0.439541936 -0.005302092 -0.001674066 0.999984562 16.026502609
0.999981701 0.002603504 0.005458141 0.317582846 -0.002612438 0.999995232 0.001630227 -0.453976423 -0.005453871 -0.001644456 0.999983788 16.465171814
0.999984562 0.002136262 0.005130842 0.329684883 -0.002143028 0.999996901 0.001313651 -0.465510011 -0.005128020 -0.001324627 0.999986053 16.915323257
0.999977589 0.002784430 0.006086931 0.336803496 -0.002794317 0.999994814 0.001616475 -0.482828796 -0.006082399 -0.001633447 0.999980092 17.362865448
0.999977648 0.002448975 0.006221831 0.348029166 -0.002460586 0.999995232 0.001859197 -0.493741751 -0.006217248 -0.001874465 0.999978900 17.833908081
0.999972701 0.002967386 0.006769272 0.358834356 -0.002978319 0.999994218 0.001605540 -0.502351463 -0.006764469 -0.001625657 0.999975741 18.301759720
0.999974370 0.001976326 0.006874217 0.375045300 -0.001989107 0.999996305 0.001852933 -0.520671964 -0.006870529 -0.001866559 0.999974668 18.767873764
0.999972761 0.001962008 0.007107946 0.389592707 -0.001975281 0.999996424 0.001860883 -0.531597137 -0.007104269 -0.001874873 0.999972999 19.250692368
0.999968290 0.002565701 0.007538545 0.404582441 -0.002578084 0.999995351 0.001633487 -0.543326318 -0.007534319 -0.001652870 0.999970257 19.739229202
0.999968231 0.002812603 0.007458893 0.407866925 -0.002832078 0.999992609 0.002601785 -0.574347258 -0.007451520 -0.002622826 0.999968827 20.199106216
0.999971032 0.002538577 0.007174889 0.425342321 -0.002553428 0.999994695 0.002061504 -0.585266888 -0.007169617 -0.002079765 0.999972224 20.690370560
0.999974728 0.002269062 0.006736949 0.439972758 -0.002283531 0.999995053 0.002140922 -0.594467163 -0.006732058 -0.002156253 0.999974966 21.205526352
0.999978483 0.001670491 0.006343171 0.456267178 -0.001684089 0.999996245 0.002139009 -0.607799709 -0.006339575 -0.002149645 0.999977648 21.695302963
0.999977291 0.002421722 0.006285942 0.462924808 -0.002435729 0.999994576 0.002221697 -0.626769543 -0.006280527 -0.002236957 0.999977767 22.186504364
0.999982595 0.002110604 0.005511949 0.483135998 -0.002121129 0.999996006 0.001904286 -0.635708809 -0.005507907 -0.001915944 0.999982953 22.706394196
0.999983490 0.001846781 0.005439415 0.490101635 -0.001858731 0.999995887 0.002192623 -0.655185044 -0.005435343 -0.002202698 0.999982774 23.212631226
0.999982953 0.002616060 0.005220090 0.500164330 -0.002630186 0.999992907 0.002701098 -0.671930075 -0.005212986 -0.002714781 0.999982715 23.742172241
0.999988019 0.001324129 0.004705440 0.511640966 -0.001335851 0.999996006 0.002488783 -0.683729649 -0.004702126 -0.002495038 0.999985814 24.258247375
0.999991119 0.001638409 0.003862716 0.522806525 -0.001645907 0.999996781 0.001938706 -0.699923635 -0.003859527 -0.001945046 0.999990582 24.801019669
0.999994576 0.001594883 0.002875714 0.543665946 -0.001601042 0.999996364 0.002140996 -0.715042233 -0.002872289 -0.002145588 0.999993563 25.350873947
0.999995053 0.002127368 0.002346191 0.549614370 -0.002132839 0.999994993 0.002331667 -0.727721989 -0.002341219 -0.002336660 0.999994516 25.906248093
0.999996245 0.001942656 0.001903150 0.562541902 -0.001947418 0.999994934 0.002503868 -0.748840213 -0.001898276 -0.002507565 0.999995053 26.451951981
0.999997914 0.001305741 0.001547094 0.573171616 -0.001309287 0.999996543 0.002292880 -0.758478701 -0.001544095 -0.002294901 0.999996185 27.000751495
0.999999642 0.000671064 0.000508067 0.586363554 -0.000672041 0.999997914 0.001925542 -0.771224916 -0.000506774 -0.001925882 0.999998033 27.575508118
0.999999046 0.001334476 0.000327816 0.605486691 -0.001335382 0.999995232 0.002779323 -0.803791404 -0.000324106 -0.002779758 0.999996006 28.091630936
0.999996305 0.002597230 0.000874695 0.612029016 -0.002599548 0.999993145 0.002659198 -0.810926557 -0.000867782 -0.002661461 0.999996066 28.651958466
0.999997437 0.002258118 0.000465126 0.625450790 -0.002259526 0.999992788 0.003048750 -0.831024766 -0.000458239 -0.003049793 0.999995232 29.180988312
0.999998093 0.001891601 -0.000467930 0.641262949 -0.001890235 0.999993980 0.002901302 -0.841344237 0.000473416 -0.002900412 0.999995708 29.734580994
0.999998271 0.001451041 -0.001174779 0.648492098 -0.001447757 0.999995112 0.002791380 -0.850917220 0.001178824 -0.002789674 0.999995410 30.286609650
0.999997854 0.002055040 -0.000299122 0.650891364 -0.002054148 0.999993443 0.002952117 -0.871914625 0.000305186 -0.002951497 0.999995589 30.813913345
0.999997258 0.002313784 -0.000325685 0.661911845 -0.002312778 0.999992609 0.003053647 -0.886397779 0.000332749 -0.003052885 0.999995291 31.359199524
0.999995887 0.002747657 -0.000819912 0.673039496 -0.002745437 0.999992490 0.002695337 -0.895248055 0.000827312 -0.002693075 0.999996066 31.915498734
0.999996066 0.002755474 -0.000447644 0.678346932 -0.002754172 0.999992013 0.002883005 -0.915221155 0.000455585 -0.002881761 0.999995708 32.454395294
0.999995530 0.002746338 -0.001099621 0.689390779 -0.002743110 0.999991894 0.002926226 -0.929430068 0.001107648 -0.002923197 0.999995112 32.997890472
0.999996603 0.002422740 -0.000908899 0.701369405 -0.002419732 0.999991596 0.003295711 -0.951965392 0.000916877 -0.003293501 0.999994159 33.526374817
0.999996662 0.002221717 -0.001296033 0.707785249 -0.002217434 0.999992073 0.003296151 -0.962021112 0.001303346 -0.003293266 0.999993742 34.082424164
0.999996722 0.002102950 -0.001500208 0.717543483 -0.002097697 0.999991655 0.003493963 -0.977222919 0.001507544 -0.003490804 0.999992847 34.624294281
0.999996662 0.001858079 -0.001795348 0.726512194 -0.001851162 0.999990940 0.003846718 -0.998970747 0.001802479 -0.003843381 0.999991059 35.143367767
0.999996185 0.002072832 -0.001819356 0.736032546 -0.002065987 0.999990761 0.003756066 -1.003970385 0.001827125 -0.003752294 0.999991298 35.685005188
0.999996006 0.002211121 -0.001763374 0.747776210 -0.002204982 0.999991536 0.003475685 -1.010486245 0.001771045 -0.003471783 0.999992430 36.241611481
0.999995112 0.002501799 -0.001873981 0.756490290 -0.002494673 0.999989688 0.003794712 -1.034076810 0.001883455 -0.003790018 0.999991059 36.806758881
0.999996364 0.001790062 -0.001977187 0.767789245 -0.001783294 0.999992549 0.003419581 -1.041292667 0.001983293 -0.003416043 0.999992192 37.331924438
0.999995410 0.002191369 -0.002070458 0.782915533 -0.002185490 0.999993563 0.002837367 -1.053732276 0.002076662 -0.002832829 0.999993801 37.874919891
0.999993265 0.002452341 -0.002726572 0.788858235 -0.002443397 0.999991596 0.003279206 -1.069328666 0.002734591 -0.003272522 0.999990880 38.432460785
0.999995470 0.002236119 -0.002009808 0.786710262 -0.002229947 0.999992788 0.003067858 -1.082263947 0.002016653 -0.003063363 0.999993265 38.948875427
0.999994516 0.002634305 -0.002040035 0.794740617 -0.002627908 0.999991655 0.003132418 -1.095474362 0.002048269 -0.003127040 0.999993026 39.499397278
0.999994695 0.002638338 -0.001928076 0.810088754 -0.002633196 0.999992967 0.002665230 -1.105544090 0.001935094 -0.002660139 0.999994516 40.062580109
0.999996364 0.001563922 -0.002209238 0.818296552 -0.001556048 0.999992430 0.003561385 -1.132758379 0.002214791 -0.003557935 0.999991238 40.566463470
0.999995172 0.001918868 -0.002487529 0.830199063 -0.001910736 0.999992847 0.003267472 -1.143499851 0.002493781 -0.003262703 0.999991596 41.119380951
0.999995530 0.002126725 -0.002117565 0.839700878 -0.002119436 0.999991775 0.003438368 -1.156190753 0.002124860 -0.003433865 0.999991894 41.676094055
0.999995649 0.001884288 -0.002276719 0.850265086 -0.001877076 0.999993205 0.003165588 -1.170228362 0.002282669 -0.003161300 0.999992311 42.195735931
0.999995291 0.001614813 -0.002648838 0.866834879 -0.001605016 0.999991894 0.003696518 -1.185467958 0.002654786 -0.003692248 0.999989688 42.744815826
0.999994338 0.001961425 -0.002741128 0.879440427 -0.001950948 0.999990761 0.003819630 -1.200312376 0.002748595 -0.003814260 0.999988914 43.274475098
0.999994397 0.002173920 -0.002524450 0.873637795 -0.002165227 0.999991834 0.003440999 -1.213735819 0.002531910 -0.003435515 0.999990880 43.799720764
0.999994576 0.001934193 -0.002639090 0.883240461 -0.001925727 0.999993026 0.003207126 -1.225552440 0.002645275 -0.003202026 0.999991417 44.338573456
0.999993682 0.002506210 -0.002527367 0.891068637 -0.002498004 0.999991536 0.003244404 -1.236221313 0.002535477 -0.003238071 0.999991477 44.874301910
0.999995172 0.002324651 -0.002058376 0.883273840 -0.002317955 0.999992013 0.003249668 -1.248491645 0.002065914 -0.003244882 0.999992609 45.396949768
0.999995947 0.001995476 -0.002021563 0.897715807 -0.001988643 0.999992311 0.003376148 -1.259970427 0.002028285 -0.003372115 0.999992251 45.940700531
0.999994934 0.002519417 -0.001936121 0.894362152 -0.002513713 0.999992490 0.002942964 -1.271761060 0.001943520 -0.002938082 0.999993742 46.476261139
0.999994218 0.002497661 -0.002322417 0.911382318 -0.002492710 0.999994636 0.002132054 -1.275998473 0.002327728 -0.002126252 0.999994993 47.021476746
0.999992907 0.001944075 -0.003219456 0.938093841 -0.001938094 0.999996364 0.001860013 -1.284223199 0.003223060 -0.001853760 0.999993086 47.592670441
0.999996901 0.001854315 -0.001657400 0.920788109 -0.001849065 0.999993265 0.003163022 -1.315732956 0.001663254 -0.003159947 0.999993563 48.077354431
0.999996006 0.002368015 -0.001555488 0.929406643 -0.002363548 0.999993086 0.002866850 -1.324478269 0.001562266 -0.002863162 0.999994695 48.627502441
0.999996603 0.001321835 -0.002279424 0.943531215 -0.001314681 0.999994218 0.003137126 -1.340065360 0.002283558 -0.003134118 0.999992490 49.153221130
0.999996841 0.002258964 -0.001062148 0.940286040 -0.002255080 0.999990821 0.003644211 -1.357189655 0.001070370 -0.003641806 0.999992728 49.680427551
0.999995887 0.002755409 -0.000824576 0.943262935 -0.002752561 0.999990344 0.003435716 -1.367017150 0.000834035 -0.003433432 0.999993742 50.228157043
0.999996245 0.002436852 -0.001263659 0.955286980 -0.002432877 0.999992192 0.003138146 -1.384259701 0.001271295 -0.003135061 0.999994218 50.746311188
0.999996662 0.002403204 -0.000959546 0.962710440 -0.002399695 0.999990463 0.003641084 -1.394860506 0.000968289 -0.003638769 0.999992907 51.265037537
0.999995947 0.002538389 -0.001346800 0.969306946 -0.002533772 0.999991000 0.003418393 -1.405092120 0.001355464 -0.003414967 0.999993205 51.806285858
0.999996543 0.002598718 -0.000459226 0.976291358 -0.002597199 0.999991238 0.003280291 -1.417561769 0.000467747 -0.003279087 0.999994516 52.336696625
0.999996364 0.002661058 -0.000443449 0.982965529 -0.002659608 0.999991238 0.003238526 -1.429304361 0.000452063 -0.003237335 0.999994636 52.878639221
0.999996006 0.002783429 -0.000635844 0.990882158 -0.002781244 0.999990404 0.003411015 -1.446873903 0.000645333 -0.003409232 0.999993980 53.429473877
0.999996424 0.002653837 -0.000264206 1.001258731 -0.002653036 0.999992013 0.002986228 -1.456684470 0.000272129 -0.002985517 0.999995470 53.951511383
0.999994636 0.003253769 0.000090615 1.004699707 -0.003254023 0.999990284 0.002960926 -1.469748497 -0.000080980 -0.002961206 0.999995589 54.486923218
0.999994338 0.003345357 -0.000182841 1.019730806 -0.003344842 0.999990642 0.002747333 -1.481423140 0.000192030 -0.002746706 0.999996245 55.032184601
0.999996185 0.002733321 0.000218873 1.029982567 -0.002733960 0.999991775 0.002974722 -1.494562864 -0.000210738 -0.002975309 0.999995530 55.561805725
0.999994755 0.003243907 -0.000232401 1.040968895 -0.003243190 0.999990225 0.003017846 -1.508468032 0.000242189 -0.003017077 0.999995470 56.107303619
0.999996662 0.002572083 -0.000041902 1.048252106 -0.002571939 0.999991834 0.003124219 -1.524514198 0.000049938 -0.003124101 0.999995112 56.630500793
0.999996364 0.002687945 0.000123025 1.059651375 -0.002688309 0.999991715 0.003061972 -1.539753914 -0.000114793 -0.003062292 0.999995291 57.165985107
0.999997675 0.002130052 -0.000362477 1.072308421 -0.002128958 0.999993265 0.002991867 -1.549707651 0.000368849 -0.002991089 0.999995470 57.733520508
0.999995351 0.002969068 0.000639227 1.071643591 -0.002970905 0.999991357 0.002890832 -1.562765121 -0.000630636 -0.002892718 0.999995589 58.235710144
0.999994934 0.003120531 0.000670099 1.082148314 -0.003122515 0.999990702 0.002980705 -1.573537588 -0.000660790 -0.002982782 0.999995291 58.781352997
0.999993622 0.003450801 0.000898647 1.089669347 -0.003452634 0.999991953 0.002045433 -1.587472796 -0.000891581 -0.002048523 0.999997497 59.313804626
0.999996364 0.002636163 0.000550124 1.103950620 -0.002637388 0.999993980 0.002237973 -1.596815109 -0.000544221 -0.002239416 0.999997258 59.842239380
0.999994576 0.003121151 0.001084744 1.110287547 -0.003124282 0.999990940 0.002897130 -1.609725833 -0.001075692 -0.002900504 0.999995112 60.395984650
0.999994338 0.003284475 0.000897090 1.119820356 -0.003286554 0.999991894 0.002326237 -1.622847676 -0.000889445 -0.002329172 0.999996841 60.932044983
0.999995410 0.002848352 0.001011154 1.135518432 -0.002850610 0.999993384 0.002239552 -1.635833383 -0.001004770 -0.002242424 0.999996960 61.476871490
0.999995351 0.002791058 0.001223020 1.135537744 -0.002793867 0.999993443 0.002301878 -1.648433924 -0.001216587 -0.002305284 0.999996603 61.994995117
0.999992728 0.003632791 0.001210149 1.144493699 -0.003634183 0.999992728 0.001150234 -1.654750347 -0.001205961 -0.001154623 0.999998629 62.542991638
0.999993980 0.003094362 0.001529853 1.148231387 -0.003097384 0.999993265 0.001976315 -1.671410441 -0.001523728 -0.001981041 0.999996841 63.073886871
0.999994159 0.002899559 0.001786423 1.161323905 -0.002903075 0.999993861 0.001968573 -1.690844178 -0.001780703 -0.001973748 0.999996483 63.625091553
0.999993801 0.003200020 0.001455267 1.172348022 -0.003202886 0.999992907 0.001971575 -1.705754876 -0.001448948 -0.001976224 0.999996960 64.130538940
0.999990940 0.003850392 0.001807970 1.180263162 -0.003853329 0.999991238 0.001623917 -1.716282368 -0.001801700 -0.001630869 0.999997079 64.677803040
0.999993205 0.003167407 0.001900134 1.187611580 -0.003171097 0.999993026 0.001941610 -1.730994582 -0.001893974 -0.001947622 0.999996245 65.205833435
0.999993324 0.002877889 0.002269386 1.198486686 -0.002882038 0.999994159 0.001826986 -1.742624998 -0.002264117 -0.001833515 0.999995708 65.756515503
0.999993384 0.002960964 0.002120860 1.204966426 -0.002964400 0.999994278 0.001619086 -1.755450964 -0.002116056 -0.001625363 0.999996424 66.285079956
0.999989152 0.003737760 0.002767737 1.211302280 -0.003741169 0.999992192 0.001227470 -1.771680951 -0.002763129 -0.001237811 0.999995410 66.828216553
0.999994576 0.002733742 0.001861824 1.235837579 -0.002736757 0.999994874 0.001618432 -1.784782052 -0.001857391 -0.001623519 0.999996901 67.373664856
0.999994993 0.002519277 0.001904868 1.254114509 -0.002522384 0.999995470 0.001630427 -1.805837750 -0.001900750 -0.001635224 0.999996841 67.881935120
0.999990046 0.003604830 0.002603895 1.256055593 -0.003609122 0.999992192 0.001645889 -1.818459988 -0.002597942 -0.001655270 0.999995232 68.452537537
0.999993026 0.002968766 0.002254447 1.267649412 -0.002973574 0.999993324 0.002132234 -1.837353945 -0.002248102 -0.002138923 0.999995172 68.999137878
0.999989808 0.003560585 0.002784204 1.272763968 -0.003565252 0.999992251 0.001673170 -1.849009633 -0.002778226 -0.001683080 0.999994695 69.491554260
0.999988616 0.003638232 0.003109046 1.281277895 -0.003640611 0.999993145 0.000759832 -1.856480360 -0.003106260 -0.000771142 0.999994814 70.054496765
0.999987543 0.003444588 0.003621322 1.288194180 -0.003448313 0.999993563 0.001022950 -1.875327826 -0.003617775 -0.001035425 0.999992907 70.615226746
0.999994099 0.002414608 0.002444461 1.316940904 -0.002418655 0.999995708 0.001653938 -1.898069143 -0.002440454 -0.001659840 0.999995649 71.119087219
0.999992311 0.002637234 0.002903543 1.324645996 -0.002642601 0.999994874 0.001846045 -1.911931992 -0.002898657 -0.001853704 0.999994159 71.669662476
0.999986529 0.004389310 0.002796949 1.332831502 -0.004394941 0.999988377 0.002010358 -1.928255916 -0.002788094 -0.002022624 0.999994099 72.235099792
0.999991596 0.002713029 0.003049782 1.341197371 -0.002717545 0.999995232 0.001477500 -1.944167256 -0.003045757 -0.001485776 0.999994278 72.744285583
0.999992013 0.002404572 0.003181413 1.351521254 -0.002410501 0.999995291 0.001861106 -1.958076358 -0.003176922 -0.001868760 0.999993265 73.291732788
0.999990702 0.002936613 0.003164666 1.366313457 -0.002942123 0.999994159 0.001737824 -1.974890709 -0.003159544 -0.001747118 0.999993503 73.834899902
0.999989092 0.003659211 0.002927513 1.377460837 -0.003663139 0.999992371 0.001337474 -1.980326653 -0.002922598 -0.001348183 0.999994814 74.391128540
0.999988794 0.003460171 0.003230379 1.392813683 -0.003465794 0.999992430 0.001736528 -2.000091791 -0.003224346 -0.001747704 0.999993265 74.922492981
0.999988139 0.003661224 0.003208053 1.407837033 -0.003667425 0.999991357 0.001929047 -2.014271975 -0.003200962 -0.001940789 0.999993026 75.475929260
0.999985993 0.004072573 0.003386900 1.412626863 -0.004078239 0.999990284 0.001668053 -2.029325962 -0.003380075 -0.001681842 0.999992788 76.001350403
0.999987721 0.003494644 0.003532751 1.430898070 -0.003499211 0.999993086 0.001287893 -2.039825678 -0.003528226 -0.001300239 0.999992847 76.554153442
0.999985754 0.003881576 0.003675212 1.439245701 -0.003885479 0.999991834 0.001055696 -2.057707071 -0.003671085 -0.001069960 0.999992669 77.114868164
0.999986231 0.003763657 0.003663068 1.447852612 -0.003770343 0.999991238 0.001820229 -2.077975512 -0.003656186 -0.001834015 0.999991596 77.588623047
0.999983609 0.004165511 0.003921296 1.465020657 -0.004171306 0.999990165 0.001470936 -2.093104601 -0.003915130 -0.001487268 0.999991238 78.120964050
0.999982119 0.004395829 0.004037512 1.477433443 -0.004401072 0.999989450 0.001290740 -2.104518414 -0.004031796 -0.001308487 0.999991059 78.669174194
0.999982417 0.004622685 0.003691004 1.490255594 -0.004626624 0.999988735 0.001059498 -2.116066456 -0.003686064 -0.001076556 0.999992609 79.234230042
0.999981582 0.004240803 0.004335706 1.497677326 -0.004248442 0.999989450 0.001754138 -2.141211987 -0.004328222 -0.001772526 0.999989033 79.729225159
0.999979317 0.003918774 0.005093518 1.511097908 -0.003927292 0.999990940 0.001663353 -2.152767897 -0.005086953 -0.001683323 0.999985695 80.277862549
0.999970555 0.004483141 0.006230507 1.528449774 -0.004491351 0.999989092 0.001304312 -2.168824196 -0.006224592 -0.001332257 0.999979675 80.823554993
0.999962509 0.004156184 0.007594486 1.540904999 -0.004166715 0.999990404 0.001371339 -2.186501741 -0.007588713 -0.001402931 0.999970198 81.361671448
0.999954462 0.004010999 0.008661464 1.553999066 -0.004024748 0.999990642 0.001570646 -2.203162909 -0.008655083 -0.001605434 0.999961257 81.903976440
0.999911785 0.005144163 0.012247251 1.569486856 -0.005162235 0.999985635 0.001444440 -2.218469858 -0.012239645 -0.001507536 0.999923944 82.465576172
0.999858141 0.005149262 0.016036915 1.591687441 -0.005170988 0.999985814 0.001313576 -2.228060961 -0.016029920 -0.001396317 0.999870539 83.012176514
0.999805927 0.004808654 0.019109394 1.618884683 -0.004835097 0.999987423 0.001337804 -2.250923634 -0.019102721 -0.001429940 0.999816477 83.544288635
0.999721289 0.004290157 0.023213848 1.652059674 -0.004325022 0.999989569 0.001451857 -2.262921572 -0.023207380 -0.001551852 0.999729455 84.058265686
0.999580443 0.004131027 0.028669953 1.684299707 -0.004181903 0.999989748 0.001714834 -2.273967028 -0.028662581 -0.001834010 0.999587476 84.612747192
0.999385476 0.004130118 0.034807745 1.728912950 -0.004177922 0.999990344 0.001300729 -2.290632486 -0.034802042 -0.001445354 0.999393165 85.156677246
0.999157727 0.004601726 0.040775679 1.761836410 -0.004677543 0.999987543 0.001764141 -2.309519529 -0.040767051 -0.001953386 0.999166727 85.697387695
0.998793304 0.003691393 0.048971124 1.810123205 -0.003767156 0.999991834 0.001454894 -2.317979574 -0.048965357 -0.001637621 0.998799145 86.268310547
0.998341441 0.003210247 0.057480168 1.863497019 -0.003260201 0.999994397 0.000775299 -2.325050831 -0.057477355 -0.000961410 0.998346388 86.829895020
0.997959971 0.001908559 0.063813955 1.924948931 -0.001939151 0.999998093 0.000417459 -2.335288048 -0.063813031 -0.000540353 0.997961640 87.365020752
0.997292757 0.003336849 0.073456831 1.972549438 -0.003424965 0.999993563 0.001073630 -2.358979225 -0.073452763 -0.001322311 0.997297823 87.924087524
0.996529520 0.003108982 0.083181828 2.046163082 -0.003198798 0.999994516 0.000946503 -2.376851082 -0.083178431 -0.001209300 0.996533871 88.445816040
0.995770276 0.002511603 0.091843262 2.119506836 -0.002608475 0.999996185 0.000934737 -2.385199547 -0.091840558 -0.001170354 0.995773017 89.009445190
0.995043457 0.002577046 0.099408649 2.180754662 -0.002690546 0.999995887 0.001007702 -2.401045799 -0.099405654 -0.001270171 0.995046198 89.565826416
0.993970811 0.002585628 0.109614067 2.261891842 -0.002726720 0.999995649 0.001137296 -2.413233995 -0.109610632 -0.001429326 0.993973613 90.110336304
0.992877662 0.002645479 0.119108506 2.355478287 -0.002817699 0.999995112 0.001277525 -2.434779406 -0.119104557 -0.001604038 0.992880464 90.637489319
0.991679013 0.001381230 0.128727794 2.447464943 -0.001500214 0.999998510 0.000827350 -2.439102650 -0.128726467 -0.001013585 0.991679609 91.131248474
0.990191758 0.001766984 0.139704004 2.545186996 -0.001871258 0.999998033 0.000615038 -2.450582981 -0.139702633 -0.000870428 0.990193129 91.665802002
0.988294005 0.001522130 0.152553767 2.649935722 -0.001681211 0.999998093 0.000913803 -2.467329264 -0.152552098 -0.001159581 0.988294721 92.240699768
0.986564159 0.001367450 0.163369149 2.758498192 -0.001598126 0.999997914 0.001280579 -2.482293606 -0.163367033 -0.001524457 0.986564279 92.782730103
0.984814942 0.000444209 0.173606873 2.882289886 -0.000594223 0.999999523 0.000812132 -2.495674133 -0.173606440 -0.000902961 0.984814644 93.338333130
0.982373476 0.000061227 0.186928689 3.000382423 -0.000172005 0.999999821 0.000576398 -2.511032820 -0.186928630 -0.000598391 0.982373297 93.863769531
0.980172932 -0.001366157 0.198139533 3.146235466 0.001245694 0.999999106 0.000732616 -2.524889946 -0.198140338 -0.000471269 0.980173469 94.398979187
0.977962911 -0.000639796 0.208777487 3.270231247 0.000357190 0.999998987 0.001391324 -2.547249317 -0.208778143 -0.001286090 0.977962196 94.962982178
0.975145280 -0.001377327 0.221561983 3.424568176 0.001080173 0.999998391 0.001462341 -2.561373949 -0.221563607 -0.001186670 0.975145280 95.498695374
0.971942961 -0.001138718 0.235213771 3.565824509 0.000770902 0.999998331 0.001655697 -2.578388929 -0.235215247 -0.001427916 0.971942365 96.030006409
0.969208837 -0.001789872 0.246233389 3.719627380 0.001520441 0.999998093 0.001284323 -2.584376097 -0.246235177 -0.000870394 0.969209790 96.549034119
0.966301680 -0.002054016 0.257404149 3.883941650 0.001867862 0.999997795 0.000967713 -2.600322485 -0.257405579 -0.000454307 0.966303349 97.124481201
0.962731063 -0.002613431 0.270448267 4.059637070 0.002248616 0.999996066 0.001658764 -2.623282671 -0.270451546 -0.000988809 0.962733090 97.635795593
0.959131420 -0.002578728 0.282949060 4.232263565 0.002244196 0.999996364 0.001506418 -2.632667303 -0.282951921 -0.000809860 0.959133744 98.172546387
0.955507338 -0.003432050 0.294947177 4.417821884 0.003171779 0.999994040 0.001360824 -2.645644665 -0.294950068 -0.000364770 0.955512583 98.712318420
0.950961590 -0.002517545 0.309298903 4.611166000 0.002179362 0.999996662 0.001438889 -2.656855106 -0.309301496 -0.000694254 0.950963855 99.256431580
0.946561337 -0.003903746 0.322500139 4.826892853 0.003470989 0.999992073 0.001916933 -2.680294752 -0.322505146 -0.000695100 0.946567476 99.764579773
0.942483068 -0.004880257 0.334218323 5.032285690 0.004838777 0.999987841 0.000956657 -2.685775518 -0.334218949 0.000715576 0.942495167 100.286026001
0.937831998 -0.004620300 0.347058713 5.242788315 0.004480802 0.999989212 0.001204435 -2.704565048 -0.347060502 0.000425544 0.937842667 100.802230835
0.932286620 -0.004857771 0.361687750 5.467903137 0.004528402 0.999988317 0.001758267 -2.723647118 -0.361692071 -0.000001341 0.932297647 101.325805664
0.927447557 -0.005861379 0.373907238 5.701402664 0.005567056 0.999982715 0.001867108 -2.737796783 -0.373911738 0.000349918 0.927464247 101.831047058
0.922552586 -0.005173952 0.385836542 5.928979874 0.004770208 0.999986589 0.002003737 -2.747426271 -0.385841787 -0.000008033 0.922564924 102.355979919
0.916671157 -0.005463351 0.399604827 6.172744751 0.005012912 0.999985099 0.002172339 -2.759586811 -0.399610728 0.000011862 0.916684926 102.839904785
0.910684645 -0.006625786 0.413049072 6.449298859 0.006022138 0.999978065 0.002763284 -2.785664558 -0.413058370 -0.000029042 0.910704553 103.394729614
0.905885875 -0.006988963 0.423464090 6.702423096 0.006699170 0.999975264 0.002172807 -2.795163631 -0.423468798 0.000868543 0.905910254 103.873184204
0.900102198 -0.007570050 0.435612947 6.965431213 0.007378376 0.999970555 0.002131558 -2.809972763 -0.435616225 0.001295495 0.900131583 104.368858337
0.893577874 -0.007646534 0.448843032 7.235893250 0.007178741 0.999970496 0.002743819 -2.825139761 -0.448850751 0.000770311 0.893606424 104.862937927
0.887220681 -0.007749896 0.461280257 7.519985199 0.007349052 0.999969423 0.002665257 -2.841334105 -0.461286753 0.001025301 0.887250483 105.371795654
0.881382048 -0.008224655 0.472332656 7.803428650 0.007647696 0.999965727 0.003141497 -2.854059696 -0.472342372 0.000843398 0.881414771 105.864562988
0.874048710 -0.009257228 0.485750318 8.087142944 0.008780929 0.999956131 0.003256535 -2.871854305 -0.485759139 0.001418969 0.874091506 106.305870056
