1.000000000 0.000000000 0.000000000 0.000000000 0.000000000 1.000000000 0.000000000 0.000000000 0.000000000 0.000000000 1.000000000 0.000000000
1.000000000 -0.000043537 0.000100107 -0.003732996 0.000043556 1.000000000 -0.000195367 0.004798626 -0.000100099 0.000195372 1.000000000 0.004278734
1.000000000 -0.000099921 0.000037713 -0.002128613 0.000099926 1.000000000 -0.000128686 0.001885411 -0.000037700 0.000128690 1.000000000 0.000988741
1.000000000 0.000179639 0.000054062 0.001319769 -0.000179635 1.000000000 -0.000083610 0.002351220 -0.000054077 0.000083601 1.000000000 -0.004929950
1.000000000 0.000044831 -0.000043350 0.003470656 -0.000044833 1.000000000 -0.000041334 0.002285663 0.000043348 0.000041336 1.000000000 -0.002751419
1.000000000 0.000100132 0.000019858 0.001277578 -0.000100132 1.000000000 -0.000034676 0.002742320 -0.000019862 0.000034675 1.000000000 -0.002806775
1.000000000 -0.000029655 0.000047738 0.000881896 0.000029661 1.000000000 -0.000120667 0.002689351 -0.000047735 0.000120668 1.000000000 -0.002399765
1.000000000 -0.000019070 -0.000027343 0.000854777 0.000019069 1.000000000 -0.000042727 0.003038364 0.000027344 0.000042727 1.000000000 -0.001938302
1.000000000 -0.000055194 0.000114064 -0.005985764 0.000055222 0.999999940 -0.000239138 0.004547797 -0.000114051 0.000239144 0.999999940 0.004653477
1.000000000 0.000082201 0.000157898 -0.004215553 -0.000082176 1.000000000 -0.000160539 0.002747897 -0.000157912 0.000160526 1.000000000 0.001412054
1.000000000 0.000051657 0.000100985 -0.002234707 -0.000051640 1.000000000 -0.000166913 0.003283483 -0.000100994 0.000166908 1.000000000 -0.000613191
1.000000000 0.000014296 -0.000011811 0.002520249 -0.000014297 1.000000000 -0.000084400 0.002631929 0.000011810 0.000084400 1.000000000 -0.005949596
0.999999940 0.000160011 0.000192058 -0.004566432 -0.000159997 1.000000000 -0.000068399 0.001769498 -0.000192069 0.000068369 1.000000000 -0.001251406
1.000000000 -0.000148188 0.000051382 -0.001676970 0.000148192 1.000000000 -0.000072951 0.000351758 -0.000051371 0.000072958 1.000000000 -0.002549871
1.000000000 -0.000115738 -0.000033548 0.002652582 0.000115735 1.000000000 -0.000089756 0.002612035 0.000033558 0.000089752 1.000000000 -0.003340328
1.000000000 -0.000184344 -0.000137097 0.004408604 0.000184331 1.000000000 -0.000088885 0.004224333 0.000137114 0.000088860 1.000000000 -0.003276568
1.000000000 -0.000205219 0.000031144 -0.003253733 0.000205224 0.999999940 -0.000152999 0.002686799 -0.000031113 0.000153005 1.000000000 -0.001967332
1.000000000 -0.000053303 0.000119560 -0.002582052 0.000053310 1.000000000 -0.000058852 0.000849774 -0.000119557 0.000058859 1.000000000 -0.000656778
1.000000000 0.000086355 0.000027266 0.000757259 -0.000086353 1.000000000 -0.000063668 0.003290283 -0.000027272 0.000063665 1.000000000 -0.005063729
1.000000000 -0.000081520 -0.000002742 -0.000857503 0.000081520 1.000000000 -0.000056437 0.000212688 0.000002746 0.000056437 1.000000000 -0.003767043
1.000000000 -0.000040154 0.000067835 -0.002090462 0.000040157 1.000000000 -0.000052300 0.001843771 -0.000067833 0.000052302 1.000000000 -0.003949829
1.000000000 -0.000107956 0.000042464 -0.001135206 0.000107957 1.000000000 -0.000016588 -0.000042731 -0.000042463 0.000016592 1.000000000 -0.001126419
1.000000000 0.000020691 0.000144910 -0.006311998 -0.000020668 1.000000000 -0.000161976 0.003479730 -0.000144914 0.000161973 1.000000000 0.002770744
0.999999940 -0.000218856 -0.000112993 0.001340074 0.000218845 1.000000000 -0.000092340 0.001300784 0.000113013 0.000092316 1.000000000 0.000040374
1.000000000 -0.000164686 -0.000081702 0.001115826 0.000164686 1.000000000 0.000001584 0.000558131 0.000081702 -0.000001597 1.000000000 -0.000706099
1.000000000 0.000026582 -0.000057667 0.003526187 -0.000026591 1.000000000 -0.000158915 0.004893930 0.000057663 0.000158917 1.000000000 -0.006099088
1.000000000 -0.000003080 0.000085348 -0.002101550 0.000003088 1.000000000 -0.000100830 0.003728469 -0.000085347 0.000100830 1.000000000 -0.000528018
0.999999940 0.000194869 0.000191419 -0.005187354 -0.000194843 1.000000000 -0.000132623 0.002939950 -0.000191444 0.000132586 1.000000000 -0.002927813
1.000000000 -0.000068801 0.000065767 -0.002608864 0.000068801 1.000000000 0.000000084 0.002808235 -0.000065767 -0.000000079 1.000000000 0.002440046
1.000000000 -0.000197810 0.000009181 -0.003371806 0.000197811 0.999999940 -0.000168255 0.007530313 -0.000009148 0.000168257 1.000000000 0.005245196
1.000000000 -0.000201610 0.000027366 -0.002380604 0.000201612 1.000000000 -0.000074084 0.002931351 -0.000027351 0.000074089 1.000000000 0.004588242
1.000000000 -0.000207004 0.000051464 -0.001416707 0.000207002 1.000000000 0.000041380 0.000491412 -0.000051473 -0.000041369 1.000000000 0.001602212
1.000000000 -0.000186584 0.000044566 -0.003906398 0.000186586 1.000000000 -0.000045841 0.003472549 -0.000044557 0.000045849 1.000000000 0.002638064
1.000000000 -0.000046324 -0.000005250 -0.002345629 0.000046324 1.000000000 0.000025233 0.002656060 0.000005249 -0.000025234 1.000000000 -0.001543383
1.000000000 0.000043508 0.000032245 -0.001733099 -0.000043504 1.000000000 -0.000110920 0.003341903 -0.000032250 0.000110918 1.000000000 0.000576667
1.000000000 -0.000141896 -0.000006547 -0.003358816 0.000141896 1.000000000 -0.000030073 0.003715422 0.000006551 0.000030072 1.000000000 0.002093856
1.000000000 -0.000042890 0.000013122 -0.004817029 0.000042891 1.000000000 -0.000072860 0.005679162 -0.000013119 0.000072861 1.000000000 0.002849211
1.000000000 -0.000033561 0.000080671 -0.002700376 0.000033574 1.000000000 -0.000168263 0.006113349 -0.000080665 0.000168266 1.000000000 0.001941992
1.000000000 -0.000119607 0.000081288 -0.003472039 0.000119611 1.000000000 -0.000051804 0.003135519 -0.000081281 0.000051814 1.000000000 0.002056843
1.000000000 -0.000035916 0.000041074 -0.002027077 0.000035911 1.000000000 0.000125756 0.001112928 -0.000041079 -0.000125755 1.000000000 -0.001378671
1.000000000 -0.000229945 -0.000029454 -0.003127750 0.000229945 1.000000000 0.000001123 0.001229954 0.000029453 -0.000001129 1.000000000 0.000111196
1.000000000 0.000022413 -0.000000264 0.005495657 -0.000022413 0.999999821 -0.000604731 -0.004571060 0.000000250 0.000604731 0.999999821 0.044732913
1.000000000 -0.000081413 -0.000017741 0.002672250 0.000081389 0.999999046 -0.001371522 -0.001474025 0.000017853 0.001371521 0.999999046 0.144731298
1.000000000 0.000081102 -0.000189036 0.011887067 -0.000081383 0.999998868 -0.001483965 -0.008626960 0.000188916 0.001483980 0.999998868 0.263468027
1.000000000 -0.000160556 -0.000003121 0.002804559 0.000160552 0.999998868 -0.001502136 -0.009991086 0.000003362 0.001502136 0.999998868 0.397866637
1.000000000 0.000072092 -0.000120540 0.003119332 -0.000072229 0.999999344 -0.001138030 -0.019622292 0.000120458 0.001138038 0.999999344 0.541459203
1.000000000 0.000033617 0.000055410 0.014367983 -0.000033539 0.999999046 -0.001395541 -0.023302888 -0.000055457 0.001395539 0.999999046 0.694870651
0.999999940 -0.000393322 -0.000088392 0.023736762 0.000393275 0.999999762 -0.000536850 -0.036504008 0.000088603 0.000536815 0.999999881 0.842154980
1.000000000 -0.000122576 -0.000131534 0.023727791 0.000122481 0.999999762 -0.000717531 -0.034261756 0.000131621 0.000717514 0.999999762 1.037043691
0.999999940 0.000179250 0.000356019 0.008594790 -0.000178987 0.999999702 -0.000739570 -0.045578741 -0.000356152 0.000739506 0.999999642 1.221453667
0.999999821 -0.000491090 -0.000279546 0.037165914 0.000490949 0.999999762 -0.000501103 -0.045380354 0.000279792 0.000500966 0.999999821 1.421582699
0.999998212 0.000485925 0.001790067 0.007863458 -0.000487179 0.999999583 0.000699933 -0.071328461 -0.001789726 -0.000700804 0.999998152 1.510775924
0.999997377 0.000001254 0.002305821 0.002055020 -0.000002629 0.999999821 0.000596406 -0.072524369 -0.002305820 -0.000596410 0.999997199 1.720904589
0.999998510 -0.000474031 0.001656600 0.017722892 0.000471924 0.999999106 0.001271605 -0.084392451 -0.001657201 -0.001270822 0.999997735 1.899126530
0.999998569 -0.000444752 0.001620951 0.024535909 0.000442951 0.999999225 0.001111424 -0.091119587 -0.001621444 -0.001110704 0.999998033 2.126014233
0.999998152 -0.000000841 0.001908961 0.022502609 -0.000001714 0.999999166 0.001338287 -0.094895542 -0.001908961 -0.001338288 0.999997258 2.336171389
0.999998391 -0.000203019 0.001752681 0.040201344 0.000200327 0.999998748 0.001535892 -0.106773123 -0.001752990 -0.001535539 0.999997318 2.589237690
0.999997854 -0.000654123 0.001982192 0.037629765 0.000650406 0.999998033 0.001875243 -0.114302501 -0.001983415 -0.001873950 0.999996305 2.799746037
0.999998450 -0.001092129 0.001369053 0.053504765 0.001089165 0.999997199 0.002164001 -0.128558293 -0.001371412 -0.002162507 0.999996722 2.993858576
0.999998450 -0.000902562 0.001471038 0.054064352 0.000900156 0.999998212 0.001635756 -0.130734086 -0.001472512 -0.001634429 0.999997616 3.249747753
0.999998331 -0.000710365 0.001672549 0.056036588 0.000706435 0.999996960 0.002348898 -0.139719397 -0.001674213 -0.002347712 0.999995828 3.479162455
0.999998927 -0.000430269 0.001425121 0.071083270 0.000426937 0.999997258 0.002337480 -0.145341769 -0.001426123 -0.002336869 0.999996245 3.728091478
0.999998331 -0.001024203 0.001480451 0.070645571 0.001020674 0.999996662 0.002382650 -0.156889468 -0.001482887 -0.002381135 0.999996066 4.001707077
0.999996483 -0.002587157 0.000593426 0.076614968 0.002585256 0.999991596 0.003182321 -0.180014968 -0.000601654 -0.003180776 0.999994695 4.161490440
0.999997973 -0.001998137 0.000514808 0.087249838 0.001996608 0.999993682 0.002953067 -0.182020262 -0.000520705 -0.002952033 0.999995530 4.429355145
0.999997199 -0.002334347 0.000498197 0.095680825 0.002332710 0.999991953 0.003263003 -0.194474861 -0.000505810 -0.003261832 0.999994516 4.672801018
0.999996841 -0.002368759 0.000744855 0.109046221 0.002366399 0.999992192 0.003154130 -0.196643516 -0.000752320 -0.003152357 0.999994695 4.956248760
0.999995530 -0.002973117 0.000391049 0.101506613 0.002971773 0.999989867 0.003394251 -0.205350012 -0.000401136 -0.003393074 0.999994159 5.217975616
0.999997675 -0.000673613 0.002021333 0.067837894 0.000667044 0.999994516 0.003248511 -0.227294922 -0.002023510 -0.003247155 0.999992669 5.323646545
0.999997556 -0.001191497 0.001824751 0.076060154 0.001185655 0.999994218 0.003199165 -0.238482744 -0.001828552 -0.003196995 0.999993145 5.588628769
0.999997854 -0.000549366 0.001979686 0.080665164 0.000542616 0.999994040 0.003408793 -0.246410519 -0.001981547 -0.003407711 0.999992251 5.866809845
0.999997318 -0.000845649 0.002170903 0.084491044 0.000837823 0.999993205 0.003603577 -0.255812824 -0.002173936 -0.003601749 0.999991179 6.144173145
0.999997675 -0.000595766 0.002074554 0.089169450 0.000588981 0.999994516 0.003269691 -0.256303906 -0.002076491 -0.003268462 0.999992490 6.425553322
0.999997199 -0.001150298 0.002075579 0.110566452 0.001142988 0.999993205 0.003519711 -0.263909519 -0.002079613 -0.003517329 0.999991596 6.732436180
0.999997318 -0.000884209 0.002138335 0.107886910 0.000876723 0.999993503 0.003499469 -0.273681819 -0.002141416 -0.003497585 0.999991536 7.016452312
0.999996841 -0.001312837 0.002155316 0.087992735 0.001304527 0.999991834 0.003852226 -0.300043106 -0.002160355 -0.003849403 0.999990284 7.303045750
0.999997616 -0.001080969 0.001887881 0.105857089 0.001072549 0.999989510 0.004455384 -0.315374821 -0.001892678 -0.004453349 0.999988377 7.612051010
0.999997199 -0.001173581 0.002060391 0.101387218 0.001164436 0.999989510 0.004434180 -0.322204649 -0.002065573 -0.004431768 0.999988079 7.934452057
0.999997854 -0.001251093 0.001631360 0.119890861 0.001244087 0.999989986 0.004288551 -0.328842342 -0.001636709 -0.004286513 0.999989510 8.266646385
0.999997437 -0.001749880 0.001438794 0.129280806 0.001743900 0.999989808 0.004147318 -0.333351314 -0.001446037 -0.004144798 0.999990404 8.572743416
0.999997854 -0.001008749 0.001831810 0.130835950 0.001000543 0.999989510 0.004474938 -0.345067561 -0.001836305 -0.004473096 0.999988317 8.935556412
0.999996841 -0.001717843 0.001839225 0.115887433 0.001710051 0.999989510 0.004229653 -0.356138527 -0.001846472 -0.004226494 0.999989390 9.149528503
0.999996841 -0.001763437 0.001809632 0.125983536 0.001755814 0.999989629 0.004205421 -0.368387163 -0.001817029 -0.004202230 0.999989569 9.491769791
0.999996781 -0.001013840 0.002319860 0.119342938 0.001005079 0.999992311 0.003774372 -0.377693534 -0.002323668 -0.003772028 0.999990165 9.865294456
0.999996901 -0.001620790 0.001907495 0.136831537 0.001612663 0.999989629 0.004254495 -0.385113329 -0.001914371 -0.004251406 0.999989152 10.228475571
0.999996185 -0.002021156 0.001876369 0.144894242 0.002013854 0.999990344 0.003885197 -0.388546467 -0.001884203 -0.003881404 0.999990702 10.614011765
0.999996424 -0.001917384 0.001864464 0.137669832 0.001909124 0.999988377 0.004421863 -0.414296567 -0.001872921 -0.004418287 0.999988556 10.977684975
0.999995053 -0.002711981 0.001610967 0.159841597 0.002704662 0.999986053 0.004528133 -0.425046235 -0.001623225 -0.004523754 0.999988496 11.299153328
0.999994814 -0.002626916 0.001847911 0.145280063 0.002617975 0.999984920 0.004824401 -0.453093767 -0.001860556 -0.004819538 0.999986649 11.550585747
0.999994695 -0.002540339 0.002014635 0.156482965 0.002530833 0.999985754 0.004706784 -0.460783333 -0.002026564 -0.004701660 0.999986827 11.940446854
0.999993265 -0.003229598 0.001717765 0.173417524 0.003220678 0.999981463 0.005170734 -0.470483392 -0.001734433 -0.005165167 0.999985158 12.331920624
0.999992371 -0.003603864 0.001506103 0.197237462 0.003596184 0.999980688 0.005071620 -0.478568375 -0.001524351 -0.005066165 0.999985993 12.721644402
0.999994159 -0.002132409 0.002677186 0.189403847 0.002116156 0.999979436 0.006058831 -0.514636338 -0.002690051 -0.006053130 0.999978006 13.179141045
0.999994695 -0.001685970 0.002777215 0.184884652 0.001668457 0.999978781 0.006296397 -0.523999393 -0.002787771 -0.006291730 0.999976337 13.590472221
0.999990225 -0.003850505 0.002163337 0.204185754 0.003836901 0.999973059 0.006257725 -0.530519545 -0.002187375 -0.006249364 0.999978065 14.052340508
0.999983728 -0.005421124 0.001730959 0.220043287 0.005408844 0.999960661 0.007022514 -0.618623376 -0.001768961 -0.007013038 0.999973834 14.252084732
0.999975622 -0.006811577 0.001501744 0.239298314 0.006801457 0.999954820 0.006643695 -0.624235213 -0.001546930 -0.006633319 0.999976754 14.693980217
0.999984145 -0.004841402 0.002867076 0.241008773 0.004820755 0.999962747 0.007165263 -0.634022474 -0.002901658 -0.007151328 0.999970198 15.152414322
0.999984562 -0.004652083 0.003021455 0.252558470 0.004628583 0.999959290 0.007738890 -0.648773074 -0.003057334 -0.007724786 0.999965489 15.580674171
0.999985754 -0.004443794 0.002937804 0.254370570 0.004420317 0.999958634 0.007949927 -0.662847161 -0.002973010 -0.007936828 0.999964118 15.998859406
0.999978721 -0.005867148 0.002841388 0.275924295 0.005845506 0.999954283 0.007566290 -0.676363766 -0.002885651 -0.007549521 0.999967337 16.485723495
0.999986649 -0.003541228 0.003748034 0.282259673 0.003511966 0.999963522 0.007785565 -0.675707757 -0.003775468 -0.007772299 0.999962687 16.909404755
0.999980688 -0.005325225 0.003207370 0.278558373 0.005298678 0.999952078 0.008229122 -0.728320658 -0.003251038 -0.008211968 0.999961019 17.266040802
0.999978483 -0.005595549 0.003437179 0.295089990 0.005567274 0.999951005 0.008181381 -0.732165694 -0.003482790 -0.008162069 0.999960661 17.738061905
0.999981582 -0.005146134 0.003227858 0.311312228 0.005119122 0.999952197 0.008321639 -0.747377515 -0.003270529 -0.008304960 0.999960184 18.204524994
0.999981761 -0.004824754 0.003658156 0.324594915 0.004792365 0.999949694 0.008811438 -0.761351228 -0.003700485 -0.008793747 0.999954462 18.675151825
0.999984920 -0.003545703 0.004215094 0.318769068 0.003509438 0.999956965 0.008579989 -0.769993782 -0.004245334 -0.008565065 0.999954283 19.193096161
0.999981165 -0.004724912 0.003923762 0.330697566 0.004689589 0.999948859 0.008963197 -0.786027133 -0.003965911 -0.008944628 0.999952137 19.604917526
0.999983788 -0.004501625 0.003491890 0.345665097 0.004470606 0.999950945 0.008840878 -0.800941348 -0.003531517 -0.008825124 0.999954820 20.103212357
0.999986887 -0.004044309 0.003163070 0.360226393 0.004016052 0.999952495 0.008889169 -0.811768711 -0.003198870 -0.008876348 0.999955535 20.607530594
0.999984026 -0.004924747 0.002788858 0.369002640 0.004900049 0.999949336 0.008794448 -0.824298441 -0.002832027 -0.008780641 0.999957442 21.117210388
0.999987125 -0.004076296 0.003025156 0.355937183 0.004047886 0.999948323 0.009338957 -0.836870849 -0.003063068 -0.009326592 0.999951839 21.477243423
0.999987423 -0.004490262 0.002279314 0.357730389 0.004469842 0.999950528 0.008886817 -0.841440916 -0.002319105 -0.008876516 0.999957979 21.986587524
0.999987662 -0.004553685 0.001941607 0.365629643 0.004535723 0.999947846 0.009157032 -0.857426763 -0.001983203 -0.009148113 0.999956250 22.535573959
0.999987483 -0.004781173 0.001471836 0.364996910 0.004767223 0.999944985 0.009340300 -0.879312813 -0.001516413 -0.009333168 0.999955297 23.075428009
0.999994457 -0.003104593 0.001154922 0.359108597 0.003094030 0.999954343 0.009038106 -0.869143605 -0.001182929 -0.009034483 0.999958515 23.629426956
0.999994159 -0.003375080 0.000533070 0.376728028 0.003370005 0.999951541 0.009251403 -0.916699648 -0.000564268 -0.009249553 0.999957025 23.936258316
0.999991477 -0.004120151 -0.000268352 0.385345817 0.004122389 0.999951363 0.008955210 -0.923743308 0.000231442 -0.008956240 0.999959826 24.464210510
0.999989569 -0.004542186 -0.000521411 0.395441145 0.004546846 0.999946296 0.009313542 -0.934500098 0.000479080 -0.009315816 0.999956548 25.017559052
0.999985039 -0.005370458 -0.001072915 0.401441872 0.005380574 0.999938905 0.009659726 -0.957037091 0.001020972 -0.009665355 0.999952853 25.598739624
0.999986649 -0.004902299 -0.001622833 0.398016781 0.004918412 0.999937117 0.010078432 -0.992419481 0.001573323 -0.010086280 0.999947965 26.178880692
0.999987602 -0.004389670 -0.002359812 0.420468181 0.004414653 0.999933124 0.010688001 -0.989198804 0.002312738 -0.010698287 0.999940097 26.529796600
0.999987304 -0.004340682 -0.002585070 0.428727001 0.004369370 0.999927819 0.011197238 -1.003044605 0.002536280 -0.011208390 0.999934018 27.084171295
0.999986887 -0.004232142 -0.002870325 0.431143194 0.004262994 0.999932230 0.010829021 -1.012438774 0.002824300 -0.010841116 0.999937177 27.679670334
0.999990582 -0.003143828 -0.002994128 0.436794937 0.003176062 0.999936342 0.010822507 -1.025771618 0.002959913 -0.010831912 0.999936998 28.248426437
0.999989033 -0.003272874 -0.003347714 0.425356656 0.003309825 0.999933004 0.011092351 -1.044872165 0.003311186 -0.011103308 0.999932885 28.622743607
0.999990165 -0.003075516 -0.003195615 0.435249150 0.003111706 0.999930382 0.011382191 -1.065866470 0.003160386 -0.011392023 0.999930203 29.164365768
0.999986827 -0.003362528 -0.003861962 0.454967797 0.003406527 0.999928713 0.011443498 -1.070132256 0.003823208 -0.011456504 0.999927104 29.732204437
0.999988854 -0.002833851 -0.003783353 0.457902133 0.002878445 0.999925852 0.011833898 -1.109416962 0.003749537 -0.011844656 0.999922752 30.198381424
0.999988317 -0.002985453 -0.003812182 0.465069205 0.003030976 0.999923587 0.011992066 -1.119185090 0.003776089 -0.012003480 0.999920785 30.756525040
0.999984801 -0.003389389 -0.004347404 0.472834826 0.003439107 0.999928176 0.011480127 -1.113847852 0.004308181 -0.011494903 0.999924600 31.284667969
0.999989688 -0.002599536 -0.003728711 0.441166520 0.002645887 0.999918640 0.012480200 -1.161116242 0.003695965 -0.012489935 0.999915123 31.779031754
0.999986470 -0.002943932 -0.004285017 0.455985844 0.002996478 0.999919713 0.012308405 -1.171936035 0.004248439 -0.012321077 0.999915063 32.294326782
0.999988735 -0.002502569 -0.004038929 0.464817524 0.002552305 0.999920309 0.012356193 -1.184031487 0.004007686 -0.012366361 0.999915540 32.833145142
0.999982893 -0.003283013 -0.004832302 0.469638467 0.003343831 0.999914646 0.012631801 -1.185557842 0.004790418 -0.012647743 0.999908507 33.336910248
0.999985397 -0.002998214 -0.004482754 0.450461417 0.003052410 0.999921679 0.012132427 -1.175695896 0.004446028 -0.012145933 0.999916315 33.899349213
0.999984622 -0.002816617 -0.004766100 0.452252209 0.002877306 0.999914229 0.012774822 -1.225034714 0.004729710 -0.012788340 0.999907017 34.458068848
0.999988854 -0.002024991 -0.004267951 0.425427377 0.002080271 0.999913454 0.012987955 -1.230699658 0.004241281 -0.012996689 0.999906540 34.863124847
0.999988317 -0.002231128 -0.004300924 0.429605752 0.002286832 0.999912977 0.012990434 -1.241955519 0.004271566 -0.013000118 0.999906361 35.412437439
0.999989271 -0.002087416 -0.004148845 0.426175177 0.002140617 0.999915004 0.012860163 -1.244533539 0.004121647 -0.012868905 0.999908686 35.933624268
0.999984205 -0.002912778 -0.004810001 0.447977006 0.002979557 0.999898493 0.013935074 -1.278295636 0.004768923 -0.013949186 0.999891341 36.462615967
0.999979317 -0.003843218 -0.005157881 0.468882352 0.003913530 0.999898553 0.013691783 -1.281589508 0.005104738 -0.013711685 0.999892950 37.036750793
0.999982893 -0.003114494 -0.004952645 0.465612501 0.003183114 0.999898195 0.013908190 -1.296509504 0.004908824 -0.013923717 0.999890983 37.564292908
0.999974728 -0.004201792 -0.005728108 0.490466475 0.004285613 0.999882698 0.014700379 -1.305592775 0.005665668 -0.014724556 0.999875486 38.231864929
0.999978125 -0.003697895 -0.005491440 0.496438980 0.003779040 0.999882758 0.014840586 -1.320656419 0.005435917 -0.014861013 0.999874771 38.745235443
0.999978602 -0.003540158 -0.005504085 0.508444667 0.003622763 0.999879897 0.015071066 -1.334927797 0.005450071 -0.015090683 0.999871314 39.304103851
0.999980569 -0.003331766 -0.005261948 0.518867016 0.003412138 0.999876499 0.015339846 -1.360666633 0.005210190 -0.015357503 0.999868512 39.854648590
0.999974370 -0.004029164 -0.005914166 0.528529942 0.004118333 0.999876916 0.015143277 -1.352244377 0.005852422 -0.015167245 0.999867857 40.375820160
0.999967694 -0.004535603 -0.006641403 0.578463554 0.004642148 0.999859333 0.016115947 -1.386093855 0.006567372 -0.016146256 0.999848068 40.922451019
0.999966085 -0.004821473 -0.006679328 0.582076132 0.004928790 0.999857545 0.016145017 -1.376755238 0.006600533 -0.016177390 0.999847353 41.439792633
0.999963284 -0.004593031 -0.007238653 0.594604969 0.004709545 0.999858320 0.016161984 -1.399737835 0.007163395 -0.016195478 0.999843180 42.039558411
0.999979317 -0.003328167 -0.005504345 0.559118092 0.003413998 0.999871552 0.015658090 -1.390733957 0.005451526 -0.015676560 0.999862254 42.542114258
0.999977171 -0.002669816 -0.006224498 0.598785400 0.002758979 0.999893010 0.014360196 -1.387222290 0.006185494 -0.014377042 0.999877453 43.149093628
0.999972343 -0.003141678 -0.006742744 0.617568493 0.003238668 0.999890745 0.014421917 -1.396427631 0.006696698 -0.014443357 0.999873281 43.709384918
0.999968708 -0.003524944 -0.007079083 0.630371332 0.003632844 0.999876499 0.015287361 -1.403515816 0.007024322 -0.015312601 0.999858022 44.233257294
0.999968350 -0.003599362 -0.007101170 0.639547706 0.003708423 0.999874413 0.015405262 -1.411143780 0.007044828 -0.015431107 0.999856114 44.761302948
0.999976397 -0.002542239 -0.006375283 0.606318593 0.002634943 0.999890268 0.014575292 -1.425967693 0.006337530 -0.014591748 0.999873400 45.349487305
0.999982655 -0.001455353 -0.005709934 0.613679767 0.001543673 0.999878764 0.015493913 -1.461842179 0.005686691 -0.015502458 0.999863684 45.890075684
0.999980986 -0.001984905 -0.005841410 0.608732522 0.002074658 0.999879301 0.015399264 -1.469930410 0.005810136 -0.015411090 0.999864340 46.455486298
0.999979854 -0.002035686 -0.006019787 0.615284622 0.002128972 0.999877155 0.015531016 -1.481912374 0.005987431 -0.015543520 0.999861181 47.007793427
0.999978244 -0.001883326 -0.006312232 0.626816869 0.001979601 0.999881268 0.015280714 -1.489705801 0.006282703 -0.015292879 0.999863207 47.549381256
0.999974668 -0.002794399 -0.006545600 0.644631982 0.002896529 0.999873519 0.015645670 -1.496131778 0.006501051 -0.015664233 0.999856114 48.124866486
0.999979317 -0.002145122 -0.006080906 0.644322395 0.002238123 0.999879956 0.015328424 -1.500329018 0.006047296 -0.015341714 0.999863982 48.668128967
0.999977171 -0.002649306 -0.006222340 0.631903887 0.002748276 0.999869049 0.015951352 -1.520242333 0.006179265 -0.015968086 0.999853373 49.251068115
0.999980390 -0.002326419 -0.005809529 0.644518912 0.002421953 0.999861062 0.016491806 -1.535224676 0.005770354 -0.016505552 0.999847114 49.760959625
0.999980450 -0.002396078 -0.005767451 0.643178225 0.002490879 0.999860942 0.016486503 -1.541097641 0.005727145 -0.016500546 0.999847472 50.311676025
0.999983549 -0.001757149 -0.005456220 0.648583353 0.001845038 0.999867916 0.016144946 -1.548956990 0.005427131 -0.016154746 0.999854743 50.847141266
0.999976695 -0.003620161 -0.005771082 0.676742971 0.003724175 0.999828994 0.018115532 -1.558296442 0.005704514 -0.018136602 0.999819219 51.419250488
0.999985993 -0.001696984 -0.005012653 0.635989904 0.001778170 0.999866664 0.016236527 -1.568080664 0.004984432 -0.016245211 0.999855518 51.906898499
0.999982655 -0.002015919 -0.005525441 0.635702848 0.002113226 0.999841750 0.017661799 -1.598486423 0.005488963 -0.017673166 0.999828756 52.385543823
0.999982357 -0.001860116 -0.005630189 0.635053873 0.001957275 0.999848425 0.017300850 -1.600626230 0.005597154 -0.017311566 0.999834478 52.938880920
0.999978781 -0.002376698 -0.006062203 0.653454244 0.002484167 0.999838829 0.017782182 -1.616773009 0.006018962 -0.017796863 0.999823511 53.492225647
0.999975860 -0.003003713 -0.006269332 0.678567290 0.003109643 0.999851406 0.016955718 -1.599468589 0.006217469 -0.016974801 0.999836564 54.056911469
0.999974847 -0.002548602 -0.006626165 0.669435501 0.002668796 0.999830902 0.018194109 -1.634804845 0.006578675 -0.018211331 0.999812484 54.560497284
0.999972582 -0.002744119 -0.006875262 0.698149920 0.002863507 0.999844253 0.017415751 -1.638984680 0.006826398 -0.017434960 0.999824703 55.262310028
0.999979198 -0.002239696 -0.006052222 0.671054840 0.002347615 0.999837339 0.017883429 -1.633592129 0.006011185 -0.017897267 0.999821723 55.501770020
0.999984801 -0.001415701 -0.005343908 0.678466916 0.001512892 0.999832749 0.018227044 -1.652097940 0.005317210 -0.018234851 0.999819577 56.075027466
0.999982357 -0.001721309 -0.005702931 0.695746958 0.001818086 0.999853730 0.017008070 -1.640268803 0.005672821 -0.017018139 0.999839067 56.632080078
0.999982297 -0.001631927 -0.005739904 0.698689580 0.001733825 0.999840200 0.017792543 -1.651236534 0.005709951 -0.017802179 0.999825239 57.199386597
0.999979854 -0.002076355 -0.005998104 0.687556267 0.002178977 0.999850512 0.017153518 -1.649735928 0.005961591 -0.017166244 0.999834895 57.692874908
0.999982357 -0.002093898 -0.005547405 0.666273117 0.002199173 0.999816239 0.019039797 -1.699917316 0.005506520 -0.019051660 0.999803364 58.111953735
0.999981105 -0.002167160 -0.005752967 0.669771671 0.002275764 0.999818027 0.018938970 -1.701331377 0.005710877 -0.018951705 0.999804139 58.676692963
0.999982357 -0.002474824 -0.005410687 0.677444696 0.002573297 0.999829710 0.018269146 -1.704337120 0.005364554 -0.018282747 0.999818504 59.206516266
0.999982715 -0.001950214 -0.005535335 0.721736968 0.002052537 0.999825954 0.018540321 -1.718692422 0.005498214 -0.018551366 0.999812782 59.677192688
0.999983132 -0.001970169 -0.005460627 0.728835821 0.002074631 0.999813676 0.019190887 -1.736576319 0.005421801 -0.019201891 0.999800980 60.214145660
0.999979615 -0.002312573 -0.005946509 0.735437512 0.002422984 0.999823570 0.018627673 -1.705513716 0.005902380 -0.018641703 0.999808788 60.683933258
0.999979734 -0.002726143 -0.005754349 0.737576842 0.002830664 0.999829710 0.018234557 -1.709874630 0.005703658 -0.018250475 0.999817133 61.205760956
0.999979854 -0.002724761 -0.005741526 0.736406326 0.002825375 0.999841273 0.017589208 -1.711028934 0.005692690 -0.017605074 0.999828815 61.762985229
0.999981523 -0.002497705 -0.005545032 0.742801130 0.002596600 0.999836445 0.017899889 -1.709170461 0.005499416 -0.017913960 0.999824405 62.305446625
0.999975383 -0.002458108 -0.006572840 0.821672559 0.002575922 0.999835074 0.017976407 -1.686234117 0.006527570 -0.017992897 0.999816775 62.783988953
0.999972343 -0.003610229 -0.006498815 0.763736010 0.003735658 0.999804914 0.019392755 -1.755690455 0.006427535 -0.019416494 0.999790847 63.279800415
0.999976039 -0.003508188 -0.005956696 0.773690343 0.003623312 0.999804616 0.019427344 -1.765178680 0.005887378 -0.019448461 0.999793530 63.810485840
0.999979258 -0.003434081 -0.005465591 0.775400996 0.003539166 0.999806702 0.019334445 -1.770814061 0.005398137 -0.019353380 0.999798238 64.361671448
0.999977350 -0.003517807 -0.005750558 0.777763605 0.003627548 0.999809265 0.019185776 -1.769186974 0.005681968 -0.019206196 0.999799430 64.884963989
0.999971986 -0.003632097 -0.006536278 0.812117457 0.003760993 0.999796510 0.019817278 -1.780392170 0.006462972 -0.019841308 0.999782264 65.315086365
0.999969780 -0.003897273 -0.006725551 0.825187981 0.004025798 0.999807537 0.019203402 -1.773980856 0.006649415 -0.019229896 0.999792993 65.862434387
0.999970734 -0.003764995 -0.006663111 0.840953529 0.003889548 0.999816060 0.018779758 -1.778818250 0.006591181 -0.018805122 0.999801517 66.399848938
0.999971211 -0.003443054 -0.006763475 0.838811636 0.003577081 0.999795496 0.019905280 -1.795458198 0.006693555 -0.019928901 0.999778986 66.827590942
0.999972165 -0.003211760 -0.006736677 0.856163502 0.003343186 0.999802589 0.019589350 -1.796422839 0.006672432 -0.019611321 0.999785483 67.338562012
0.999972045 -0.003155556 -0.006788728 0.851329148 0.003288018 0.999802649 0.019590145 -1.803060174 0.006725570 -0.019611917 0.999785066 67.897888184
0.999971747 -0.003245183 -0.006777519 0.869178057 0.003374487 0.999810874 0.019154929 -1.797010303 0.006714076 -0.019177262 0.999793589 68.418869019
0.999964535 -0.003942214 -0.007445480 0.892754793 0.004081040 0.999816418 0.018723326 -1.794938445 0.007370302 -0.018753046 0.999796987 68.956214905
0.999961913 -0.004633631 -0.007397051 0.894295037 0.004777862 0.999796391 0.019601252 -1.798007607 0.007304720 -0.019635851 0.999780536 69.347221375
0.999963403 -0.004568375 -0.007230539 0.901545763 0.004708511 0.999799013 0.019484201 -1.809800982 0.007140073 -0.019517533 0.999784052 69.899078369
0.999966145 -0.004066610 -0.007151529 0.908085763 0.004206714 0.999797344 0.019686086 -1.821451783 0.007070024 -0.019715505 0.999780715 70.443733215
0.999945819 -0.006413771 -0.008198432 0.949759007 0.006567177 0.999801219 0.018823812 -1.790208459 0.008076070 -0.018876635 0.999789178 71.093643188
0.999955475 -0.005437757 -0.007714596 0.960011363 0.005583116 0.999804974 0.018947287 -1.816434979 0.007610060 -0.018989516 0.999790728 71.614189148
0.999951422 -0.005830352 -0.007943742 0.971775234 0.005981924 0.999797881 0.019192284 -1.823898077 0.007830238 -0.019238872 0.999784350 71.989997864
0.999963284 -0.004601944 -0.007244001 0.955840945 0.004741204 0.999801934 0.019325834 -1.829216838 0.007153631 -0.019359469 0.999786973 72.382438660
0.999961376 -0.004617267 -0.007486904 0.960095525 0.004763633 0.999795556 0.019650983 -1.841142774 0.007394637 -0.019685889 0.999778867 72.899078369
0.999951363 -0.006010219 -0.007819021 0.972399414 0.006157554 0.999801338 0.018957475 -1.830752015 0.007703529 -0.019004697 0.999789715 73.454292297
0.999967992 -0.004068682 -0.006878759 0.963289380 0.004197314 0.999814689 0.018790079 -1.845403552 0.006801034 -0.018818351 0.999799728 74.015541077
0.999955535 -0.005533190 -0.007636015 0.976213038 0.005673655 0.999812782 0.018497640 -1.840810776 0.007532234 -0.018540144 0.999799728 74.521377563
0.999961555 -0.005043612 -0.007176435 0.957742393 0.005180686 0.999801993 0.019211911 -1.836261392 0.007078119 -0.019248351 0.999789655 74.934661865
0.999958396 -0.005413104 -0.007339419 0.973423421 0.005550064 0.999808371 0.018770831 -1.841228962 0.007236404 -0.018810786 0.999796867 75.481552124
0.999953091 -0.006188356 -0.007444691 0.984940708 0.006327561 0.999802768 0.018822582 -1.839268804 0.007326744 -0.018868808 0.999795079 76.008285522
0.999940872 -0.007044307 -0.008298133 1.016132355 0.007201542 0.999792159 0.019073278 -1.840996385 0.008162051 -0.019131906 0.999783695 76.537117004
0.999961674 -0.005238391 -0.007014924 0.998315632 0.005367667 0.999813616 0.018538503 -1.871216655 0.006916507 -0.018575447 0.999803603 77.055343628
0.999975801 -0.004487094 -0.005314702 0.967067480 0.004586778 0.999810934 0.018894929 -1.848818779 0.005228914 -0.018918851 0.999807298 77.540061951
0.999981582 -0.004835136 -0.003660634 0.967914701 0.004901301 0.999820709 0.018286824 -1.849751472 0.003571560 -0.018304428 0.999826133 78.101898193
0.999988496 -0.004147464 -0.002415682 0.973796844 0.004192599 0.999810815 0.018988242 -1.869527340 0.002336472 -0.018998154 0.999816835 78.674339294
0.999985278 -0.005079209 -0.001923474 0.995986462 0.005113625 0.999818861 0.018331476 -1.847177386 0.001830017 -0.018341042 0.999830127 79.146858215
0.999991655 -0.003672094 0.001780073 0.990318179 0.003637681 0.999813437 0.018964605 -1.867609382 -0.001849382 -0.018957971 0.999818563 79.629325867
0.999976575 -0.004385598 0.005246785 1.011228323 0.004286084 0.999813437 0.018829972 -1.854558468 -0.005328387 -0.018807041 0.999808848 80.163909912
0.999954641 -0.003602489 0.008811861 1.022496819 0.003434763 0.999814034 0.018975757 -1.863429546 -0.008878583 -0.018944630 0.999781132 80.707229614
0.999911606 -0.003630531 0.012782268 1.057933569 0.003390107 0.999817967 0.018780820 -1.860244155 -0.012848125 -0.018735830 0.999741912 81.243919373
0.999818563 -0.003806152 0.018663703 1.071647167 0.003444653 0.999806643 0.019363118 -1.870462894 -0.018733794 -0.019295312 0.999638259 81.795066833
0.999688327 -0.003523521 0.024713686 1.131097317 0.003049827 0.999811411 0.019178828 -1.911355257 -0.024776604 -0.019097477 0.999510586 82.215019226
0.999521017 -0.002421292 0.030853719 1.175713778 0.001837212 0.999818802 0.018944921 -1.894286394 -0.030894000 -0.018879162 0.999344289 82.782646179
0.999277771 -0.006044006 0.037515506 1.164286017 0.005353929 0.999815106 0.018467724 -1.839112639 -0.037620187 -0.018253529 0.999125361 83.284835815
0.998925984 -0.005577224 0.045997389 1.227515936 0.004714469 0.999811292 0.018843791 -1.851980805 -0.046093807 -0.018606700 0.998763800 83.798805237
0.998581469 -0.005959149 0.052910350 1.260554314 0.004960855 0.999807537 0.018978989 -1.849338531 -0.053013261 -0.018689586 0.998418868 84.388221741
0.998104692 -0.006517144 0.061192252 1.314126253 0.005424769 0.999823213 0.018000729 -1.849654198 -0.061298743 -0.017634658 0.997963548 84.988182068
0.997423649 -0.005384888 0.071533114 1.406507015 0.004061084 0.999817967 0.018638730 -1.875553608 -0.071620464 -0.018300207 0.997264028 85.540496826
0.996697307 -0.006144734 0.080974385 1.455691814 0.004645184 0.999814451 0.018694218 -1.895648360 -0.081074223 -0.018256333 0.996540844 86.126190186
0.996102631 -0.007916277 0.087846175 1.546421051 0.006372704 0.999820530 0.017837891 -1.829283476 -0.087971620 -0.017208552 0.995974362 86.511032104
0.995188951 -0.006222813 0.097776391 1.683928013 0.004496465 0.999830246 0.017866528 -1.840657711 -0.097870976 -0.017340919 0.995047987 86.999961853
0.993961513 -0.005116149 0.109609954 1.653404713 0.002949306 0.999797106 0.019921692 -1.993201137 -0.109689631 -0.019478124 0.993775010 87.428871155
0.992777705 -0.004923487 0.119867988 1.727738380 0.002495142 0.999788702 0.020400159 -2.008191109 -0.119943112 -0.019953733 0.992580295 87.967674255
0.991484582 -0.005390354 0.130112723 1.830357552 0.002744418 0.999785900 0.020506460 -2.003610849 -0.130195409 -0.019974753 0.991287112 88.512748718
0.989727616 -0.003941499 0.142912015 1.917810440 0.001048487 0.999793053 0.020312967 -2.017543793 -0.142962545 -0.019954458 0.989526927 89.067886353
0.988212049 -0.005527536 0.152991787 2.035418510 0.002530818 0.999801159 0.019775271 -2.021769524 -0.153070703 -0.019154962 0.988029540 89.594383240
0.986782253 -0.005884532 0.161945090 2.141867638 0.002592457 0.999785721 0.020532152 -2.035779476 -0.162031233 -0.019840924 0.986586154 90.126632690
0.984705329 -0.007086693 0.174083769 2.256936073 0.003694043 0.999796987 0.019804897 -2.016879797 -0.174188793 -0.018858917 0.984531701 90.634704590
0.982620478 -0.007595676 0.185470596 2.451500893 0.003783678 0.999774337 0.020898426 -2.073497057 -0.185587496 -0.019833460 0.982427537 91.036682129
0.980924845 -0.008840652 0.194186196 2.924628258 0.004817385 0.999764025 0.021181080 -2.248751640 -0.194327652 -0.019841574 0.980735958 91.834648132
0.977780521 -0.007819638 0.209485322 2.712631226 0.003481169 0.999771833 0.021070851 -2.104863167 -0.209602341 -0.019873410 0.977584779 92.026115417
0.974874198 -0.008884210 0.222579181 2.903987885 0.004272673 0.999766231 0.021191631 -2.178091049 -0.222715437 -0.019708164 0.974684238 92.457160950
0.971435964 -0.006649762 0.237208426 2.924821854 0.002107588 0.999809623 0.019396903 -1.987333775 -0.237292245 -0.018342916 0.971265137 93.604461670
0.968549132 -0.006596083 0.248734713 3.103168488 0.001677244 0.999798954 0.019982180 -2.003305912 -0.248816505 -0.018936537 0.968365431 94.102172852
0.964846730 -0.007659586 0.262701482 3.265815735 0.002591738 0.999803841 0.019632375 -1.996855259 -0.262800306 -0.018261379 0.964677453 94.630470276
0.961160302 -0.006381291 0.275917202 3.447065353 0.000993024 0.999806166 0.019663870 -2.011531353 -0.275989205 -0.018626137 0.960980296 95.122032166
0.957750618 -0.007098589 0.287512302 3.588378906 0.001543035 0.999807775 0.019544836 -2.007993221 -0.287595779 -0.018275434 0.957577586 95.693908691
0.953871429 -0.007974455 0.300109297 3.853115082 0.002288562 0.999811172 0.019292824 -2.033067703 -0.300206482 -0.017716056 0.953709722 96.206901550
0.949170530 -0.007150749 0.314681202 4.052694321 0.001076769 0.999809861 0.019471616 -2.033650875 -0.314760625 -0.018143043 0.948997676 96.643470764
0.944893062 -0.006346088 0.327317625 4.184818268 -0.000069281 0.999808133 0.019584443 -2.022514105 -0.327379167 -0.018527880 0.944711328 97.160644531
0.940926075 -0.008874971 0.338495702 4.393070221 0.002357807 0.999803960 0.019659666 -2.024836540 -0.338603795 -0.017700180 0.940762639 97.794731140
0.935492516 -0.008824239 0.353236288 4.606485367 0.002085382 0.999808669 0.019453524 -2.022616386 -0.353340358 -0.017461993 0.935331881 98.317749023
0.930959702 -0.009307967 0.365003169 4.839792252 0.002355891 0.999807358 0.019487314 -2.032508373 -0.365114272 -0.017282000 0.930802226 98.837112427
0.926275492 -0.009265817 0.376733094 5.072645187 0.002204503 0.999813795 0.019170374 -2.033354759 -0.376840562 -0.016926538 0.926123500 99.361846924
0.920745134 -0.010137439 0.390032649 5.325721741 0.002628986 0.999800920 0.019779868 -2.042334557 -0.390155494 -0.017186830 0.920588493 99.816520691
0.915004730 -0.009059587 0.403341234 5.585128784 0.001586953 0.999820948 0.018857226 -2.032705784 -0.403439850 -0.016614368 0.914855301 100.334808350
0.910012364 -0.010411458 0.414450467 5.725749969 0.002602976 0.999808431 0.019400932 -2.027115822 -0.414573014 -0.016576285 0.909865022 100.749214172
0.903990328 -0.008645246 0.427465498 6.002262115 0.000022729 0.999796510 0.020172253 -2.009877205 -0.427552909 -0.018225802 0.903806567 101.388237000
0.897193909 -0.007966432 0.441564888 6.265167236 -0.000794533 0.999806523 0.019652247 -2.010844946 -0.441636026 -0.017982708 0.897013962 101.891174316
0.891417682 -0.009593261 0.453081101 6.530235291 0.001073431 0.999817789 0.019057600 -2.004652739 -0.453181386 -0.016501930 0.891265512 102.375228882
0.885735452 -0.009889120 0.464084953 6.809753418 0.001026848 0.999812365 0.019345054 -2.009079933 -0.464189142 -0.016658057 0.885579407 102.867240906
0.878080904 -0.008526907 0.478436142 7.090938568 -0.000484578 0.999824882 0.018708691 -2.011049271 -0.478511870 -0.016659582 0.877923071 103.361633301
