1.000000000 0.000000000 0.000000000 0.000000000 0.000000000 1.000000000 0.000000000 0.000000000 0.000000000 0.000000000 1.000000000 0.000000000
1.000000000 0.000010798 0.000046702 0.000213118 -0.000010803 1.000000000 0.000097919 -0.000514552 -0.000046701 -0.000097919 1.000000000 -0.000363717
1.000000000 0.000027683 -0.000113639 0.001158792 -0.000027679 1.000000000 0.000041745 -0.000708597 0.000113640 -0.000041742 1.000000000 -0.001259193
1.000000000 0.000061690 -0.000066105 0.000509635 -0.000061689 1.000000000 0.000019588 0.000084351 0.000066106 -0.000019584 1.000000000 0.001629883
1.000000000 0.000048128 -0.000001515 -0.000252844 -0.000048128 1.000000000 0.000017455 -0.000219683 0.000001515 -0.000017455 1.000000000 -0.000261207
1.000000000 0.000039725 -0.000052705 -0.000261336 -0.000039724 1.000000000 0.000015271 -0.000327091 0.000052706 -0.000015269 1.000000000 -0.000417416
1.000000000 0.000091596 -0.000088954 0.000863401 -0.000091594 1.000000000 0.000021566 -0.000860687 0.000088955 -0.000021557 1.000000000 -0.001776788
1.000000000 0.000017162 -0.000027196 0.000643897 -0.000017164 1.000000000 -0.000063453 0.000288520 0.000027195 0.000063453 1.000000000 -0.000360843
1.000000000 -0.000037761 0.000102067 0.000442483 0.000037758 1.000000000 0.000032515 -0.000693210 -0.000102068 -0.000032511 1.000000000 -0.001565007
1.000000000 -0.000180003 -0.000015965 0.000886214 0.000180002 1.000000000 -0.000059031 0.001068527 0.000015976 0.000059028 1.000000000 0.001692628
1.000000000 -0.000093258 -0.000057349 0.000829715 0.000093259 1.000000000 0.000004387 0.000097314 0.000057349 -0.000004393 1.000000000 0.002116657
1.000000000 -0.000014295 0.000037444 0.000214844 0.000014302 1.000000000 -0.000203725 0.002346380 -0.000037441 0.000203726 1.000000000 0.003236681
1.000000000 -0.000133842 -0.000009449 0.000284321 0.000133842 1.000000000 0.000035125 0.000240514 0.000009445 -0.000035126 1.000000000 0.001337626
1.000000000 -0.000107611 -0.000000758 0.000537892 0.000107611 1.000000000 0.000079392 0.000290934 0.000000750 -0.000079392 1.000000000 0.001005460
1.000000000 -0.000112385 -0.000083666 0.001111150 0.000112393 1.000000000 0.000095219 -0.000646161 0.000083655 -0.000095228 1.000000000 0.000114884
1.000000000 -0.000092644 -0.000039612 0.000012601 0.000092645 1.000000000 0.000018358 -0.000154209 0.000039611 -0.000018362 1.000000000 -0.000202178
1.000000000 0.000172933 0.000130285 -0.001239303 -0.000172938 1.000000000 0.000034211 0.000192512 -0.000130279 -0.000034234 1.000000000 0.001253296
1.000000000 -0.000001320 -0.000236029 0.001226720 0.000001289 1.000000000 -0.000129844 0.000675004 0.000236029 0.000129844 0.999999940 0.000398953
0.999999940 -0.000241303 -0.000068122 0.001011547 0.000241299 0.999999940 -0.000047752 -0.000017457 0.000068133 0.000047736 1.000000000 0.000670451
1.000000000 -0.000070943 0.000045205 0.000426430 0.000070945 1.000000000 -0.000041243 0.000615449 -0.000045202 0.000041246 1.000000000 0.001714560
1.000000000 0.000134968 0.000044171 -0.000686978 -0.000134965 1.000000000 -0.000071923 0.001002734 -0.000044180 0.000071917 1.000000000 0.002341926
1.000000000 -0.000138450 -0.000090202 0.000941847 0.000138449 1.000000000 -0.000006653 0.000622762 0.000090203 0.000006641 1.000000000 0.000352711
1.000000000 -0.000126063 -0.000065742 0.001834988 0.000126061 1.000000000 -0.000024466 0.000645604 0.000065745 0.000024457 1.000000000 0.001939778
1.000000000 -0.000011320 0.000150177 -0.000119410 0.000011324 1.000000000 -0.000023362 0.001115016 -0.000150177 0.000023363 1.000000000 0.000203330
1.000000000 0.000039935 -0.000061297 0.001223554 -0.000039937 1.000000000 -0.000019263 0.000709790 0.000061297 0.000019265 1.000000000 0.000684335
1.000000000 0.000130530 0.000023237 0.000013421 -0.000130528 1.000000000 -0.000100287 0.001131636 -0.000023250 0.000100284 1.000000000 -0.000088664
1.000000000 0.000072084 0.000154315 -0.000841921 -0.000072066 1.000000000 -0.000112799 0.000090042 -0.000154323 0.000112788 1.000000000 -0.001211527
1.000000000 -0.000042755 -0.000048451 0.000296446 0.000042750 1.000000000 -0.000093959 0.000583884 0.000048455 0.000093957 1.000000000 0.000127495
1.000000000 -0.000045515 -0.000023244 -0.001012185 0.000045515 1.000000000 -0.000016460 0.001568114 0.000023245 0.000016459 1.000000000 0.002660880
1.000000000 0.000068845 0.000140529 -0.000932178 -0.000068834 1.000000000 -0.000074321 0.001478414 -0.000140534 0.000074311 1.000000000 0.001578372
1.000000000 0.000025063 0.000004964 0.000267666 -0.000025063 1.000000000 0.000065851 0.000304305 -0.000004962 -0.000065851 1.000000000 0.000120858
1.000000000 0.000053916 0.000095205 -0.001212919 -0.000053922 1.000000000 0.000064714 0.000354399 -0.000095201 -0.000064719 1.000000000 0.001757330
1.000000000 -0.000079993 0.000066284 -0.000756490 0.000079993 1.000000000 0.000007613 0.000130096 -0.000066284 -0.000007608 1.000000000 0.001284016
1.000000000 -0.000079280 0.000039825 -0.000583198 0.000079279 1.000000000 0.000030465 0.000870905 -0.000039827 -0.000030462 1.000000000 0.001782562
1.000000000 0.000047834 0.000146246 -0.001321846 -0.000047824 1.000000000 -0.000071044 0.001969453 -0.000146250 0.000071037 1.000000000 0.003138394
1.000000000 0.000104134 0.000177345 -0.002129471 -0.000104120 1.000000000 -0.000079990 0.002633357 -0.000177353 0.000079972 1.000000000 0.003696357
0.999999940 -0.000250927 0.000029037 -0.000143907 0.000250927 0.999999940 0.000011636 0.000881859 -0.000029040 -0.000011629 1.000000000 0.001908744
1.000000000 -0.000033116 0.000082178 -0.000981758 0.000033110 1.000000000 0.000074009 0.000650306 -0.000082180 -0.000074006 1.000000000 0.001079656
1.000000000 -0.000139722 -0.000020866 -0.000088131 0.000139721 1.000000000 -0.000024396 0.001169806 0.000020870 0.000024394 1.000000000 0.001537472
0.999999940 0.000053476 0.000244154 -0.001683539 -0.000053488 1.000000000 0.000051666 -0.000624862 -0.000244151 -0.000051679 0.999999940 0.001816835
0.999999940 -0.000081238 0.000274660 -0.000648886 0.000081426 0.999999762 -0.000684512 -0.001834766 -0.000274604 0.000684534 0.999999702 0.052010547
0.999999940 0.000205344 0.000215534 -0.000169829 -0.000205079 0.999999225 -0.001228863 -0.004876325 -0.000215786 0.001228819 0.999999225 0.134128600
0.999999881 0.000494564 -0.000016248 0.003146795 -0.000494587 0.999998868 -0.001428046 -0.004339905 0.000015541 0.001428053 0.999998987 0.253695875
0.999999940 0.000338445 0.000008326 0.004726254 -0.000338435 0.999999225 -0.001198407 -0.013315922 -0.000008731 0.001198404 0.999999285 0.382256418
0.999999881 0.000436461 0.000143859 0.006565144 -0.000436297 0.999999285 -0.001135697 -0.015926959 -0.000144355 0.001135634 0.999999344 0.527504921
1.000000000 0.000166103 0.000028222 0.012993790 -0.000166069 0.999999225 -0.001217635 -0.018106380 -0.000028424 0.001217630 0.999999285 0.680702806
1.000000000 0.000067698 0.000220227 0.015088691 -0.000067459 0.999999404 -0.001083471 -0.020820461 -0.000220300 0.001083456 0.999999404 0.850808740
0.999999881 0.000448593 0.000310774 0.013864993 -0.000448339 0.999999583 -0.000816021 -0.025831774 -0.000311140 0.000815881 0.999999642 1.018483043
0.999999881 0.000225073 0.000417275 0.017144317 -0.000224975 0.999999940 -0.000235621 -0.034701776 -0.000417328 0.000235527 0.999999881 1.188533425
0.999999881 0.000423698 0.000255697 0.018023180 -0.000423553 0.999999762 -0.000566144 -0.034884803 -0.000255937 0.000566035 0.999999821 1.378644586
0.999999881 0.000412454 0.000147947 0.030036310 -0.000412389 0.999999821 -0.000439602 -0.045346241 -0.000148128 0.000439541 0.999999881 1.568736196
0.999998868 0.001271507 0.000789934 0.023243252 -0.001271212 0.999999106 -0.000373776 -0.048140414 -0.000790408 0.000372772 0.999999642 1.767815709
0.999999881 0.000536437 -0.000014914 0.040595312 -0.000536445 0.999999762 -0.000482283 -0.049719941 0.000014656 0.000482291 0.999999881 1.960128069
0.999999344 0.000690526 0.000919949 0.030217415 -0.000689946 0.999999583 -0.000630638 -0.054781694 -0.000920384 0.000630003 0.999999404 2.181792736
0.999999166 0.000901938 0.000911501 0.029763188 -0.000901217 0.999999285 -0.000791230 -0.061900061 -0.000912214 0.000790408 0.999999285 2.388100624
0.999998093 0.001557680 -0.001116926 0.071544372 -0.001557631 0.999998808 0.000044811 -0.083053224 0.001116994 -0.000043071 0.999999404 2.598962784
0.999998510 0.001018637 -0.001407227 0.081684373 -0.001018020 0.999999404 0.000438740 -0.095078923 0.001407673 -0.000437307 0.999998927 2.819541931
0.999997735 0.001494360 -0.001482444 0.087178901 -0.001494140 0.999998868 0.000149651 -0.096731722 0.001482666 -0.000147436 0.999998868 3.059993982
0.999997377 0.001309140 -0.001885340 0.096839815 -0.001309427 0.999999166 -0.000151178 -0.099673703 0.001885140 0.000153646 0.999998212 3.294710398
0.999998510 0.000978788 -0.001436371 0.097496212 -0.000978496 0.999999464 0.000204458 -0.112813212 0.001436571 -0.000203053 0.999998927 3.528126717
0.999998271 0.000885288 -0.001611707 0.105251081 -0.000884623 0.999999523 0.000413398 -0.117760450 0.001612072 -0.000411972 0.999998569 3.801864862
0.999998450 0.001034364 -0.001445750 0.107714541 -0.001034157 0.999999523 0.000143950 -0.123091616 0.001445898 -0.000142455 0.999998868 4.061120033
0.999998569 0.001191006 -0.001170598 0.109394893 -0.001190397 0.999999106 0.000520311 -0.131414160 0.001171217 -0.000518917 0.999999166 4.319139004
0.999998868 0.000781961 -0.001267616 0.118132897 -0.000781141 0.999999464 0.000646861 -0.136499226 0.001268121 -0.000645870 0.999999046 4.566570282
0.999998093 0.001387966 -0.001475348 0.123253919 -0.001387375 0.999998927 0.000401784 -0.139090165 0.001475904 -0.000399737 0.999998808 4.833246231
0.999998212 0.001182882 -0.001504409 0.127617866 -0.001182634 0.999999344 0.000165119 -0.141693935 0.001504603 -0.000163340 0.999998868 5.095331192
0.999997854 0.001657480 -0.001277734 0.129829869 -0.001657482 0.999998629 -0.000000789 -0.152675524 0.001277731 0.000002906 0.999999166 5.358873367
0.999997914 0.001300839 -0.001591644 0.142018870 -0.001300275 0.999999046 0.000355916 -0.160679519 0.001592105 -0.000353845 0.999998629 5.627747536
0.999997437 0.001812815 -0.001388649 0.142785355 -0.001812250 0.999998271 0.000407898 -0.170202360 0.001389386 -0.000405381 0.999998987 5.892428398
0.999998033 0.001178388 -0.001599688 0.152520686 -0.001177774 0.999999225 0.000384685 -0.177405596 0.001600140 -0.000382800 0.999998689 6.173597813
0.999997735 0.001676704 -0.001323062 0.154894918 -0.001675990 0.999998569 0.000540213 -0.187001750 0.001323966 -0.000537994 0.999998987 6.454117775
0.999997854 0.001635596 -0.001282514 0.160119399 -0.001634787 0.999998450 0.000631428 -0.197804168 0.001283545 -0.000629330 0.999998987 6.745532036
0.999997854 0.001843962 -0.000974329 0.165108338 -0.001843544 0.999998152 0.000430559 -0.202639133 0.000975122 -0.000428762 0.999999404 7.035681248
0.999998391 0.001362477 -0.001253991 0.176951408 -0.001361446 0.999998689 0.000823316 -0.219700322 0.001255112 -0.000821607 0.999998927 7.323462963
0.999998271 0.001555692 -0.001039342 0.174079612 -0.001555848 0.999998808 -0.000148629 -0.217324466 0.001039109 0.000150246 0.999999464 7.666045189
0.999997973 0.001598126 -0.001184459 0.183575809 -0.001597195 0.999998391 0.000786882 -0.234858707 0.001185714 -0.000784988 0.999999046 7.974433899
0.999997675 0.001927345 -0.001002381 0.190928578 -0.001926705 0.999997914 0.000638866 -0.240588218 0.001003610 -0.000636933 0.999999344 8.296231270
0.999997616 0.002136301 -0.000640251 0.191738039 -0.002135949 0.999997616 0.000549719 -0.252268672 0.000641424 -0.000548350 0.999999702 8.622279167
0.999998629 0.001251988 -0.001078159 0.203144521 -0.001251401 0.999999046 0.000545145 -0.261393070 0.001078840 -0.000543795 0.999999285 8.952717781
0.999998510 0.000826239 -0.001497408 0.217473820 -0.000825243 0.999999404 0.000665293 -0.276735693 0.001497957 -0.000664057 0.999998689 9.285566330
0.999998689 0.001149455 -0.001089299 0.221432537 -0.001148228 0.999998689 0.001126185 -0.291003317 0.001090592 -0.001124933 0.999998748 9.623468399
0.999998450 0.001273934 -0.001187240 0.227872044 -0.001272702 0.999998629 0.001038378 -0.295023024 0.001188561 -0.001036866 0.999998808 9.976212502
0.999998391 0.001297958 -0.001176508 0.224174485 -0.001296797 0.999998629 0.000987263 -0.307713419 0.001177787 -0.000985736 0.999998808 10.342487335
0.999998629 0.001429043 -0.000889550 0.231259257 -0.001427891 0.999998152 0.001294812 -0.321071357 0.000891399 -0.001293540 0.999998808 10.699953079
0.999998391 0.001626891 -0.000747307 0.235313356 -0.001626032 0.999998033 0.001149086 -0.325543910 0.000749175 -0.001147869 0.999999106 11.065022469
0.999998808 0.001437712 -0.000747632 0.236781225 -0.001437035 0.999998569 0.000906209 -0.336223662 0.000748935 -0.000905133 0.999999285 11.458799362
0.999998808 0.001521582 -0.000250545 0.244291276 -0.001521384 0.999998569 0.000787865 -0.344152957 0.000251743 -0.000787483 0.999999642 11.832582474
0.999998689 0.001461004 -0.000654568 0.250948846 -0.001460624 0.999998748 0.000581281 -0.354681015 0.000655417 -0.000580325 0.999999583 12.229122162
0.999998987 0.001272424 -0.000736752 0.261079907 -0.001272199 0.999999166 0.000305808 -0.364117831 0.000737141 -0.000304870 0.999999702 12.624321938
0.999999464 0.000918043 -0.000427003 0.266624629 -0.000917510 0.999998808 0.001247176 -0.381033033 0.000428148 -0.001246784 0.999999046 13.003682137
0.999999106 0.001264422 -0.000669088 0.279141694 -0.001263585 0.999998391 0.001251277 -0.396340758 0.000670670 -0.001250430 0.999998987 13.406079292
0.999999464 0.001015406 -0.000223996 0.285624683 -0.001015126 0.999998629 0.001242345 -0.404390484 0.000225258 -0.001242117 0.999999166 13.818474770
0.999999225 0.001236008 0.000014075 0.287966579 -0.001236026 0.999998391 0.001307145 -0.416463464 -0.000012459 -0.001307161 0.999999106 14.240729332
0.999999642 0.000869515 0.000171938 0.300377935 -0.000869828 0.999997973 0.001832474 -0.432626754 -0.000170344 -0.001832623 0.999998271 14.657601357
0.999999702 0.000755934 0.000171225 0.309164613 -0.000756257 0.999998033 0.001893046 -0.445965409 -0.000169794 -0.001893175 0.999998212 15.092114449
0.999999344 0.001018246 0.000390732 0.320299864 -0.001018921 0.999997914 0.001730202 -0.455566049 -0.000388971 -0.001730599 0.999998450 15.526631355
0.999999166 0.001057065 0.000726186 0.330886841 -0.001058141 0.999998271 0.001483388 -0.464401603 -0.000724618 -0.001484155 0.999998629 15.970648766
0.999999106 0.001003048 0.000868375 0.339569062 -0.001004322 0.999998391 0.001468105 -0.475217968 -0.000866900 -0.001468976 0.999998569 16.416650772
0.999998152 0.001345573 0.001379490 0.345313847 -0.001347706 0.999997914 0.001546578 -0.488787889 -0.001377406 -0.001548434 0.999997854 16.866264343
0.999998093 0.001111005 0.001610898 0.357473940 -0.001113954 0.999997675 0.001830540 -0.506568432 -0.001608860 -0.001832331 0.999997020 17.317649841
0.999997795 0.001114545 0.001791914 0.364323497 -0.001117823 0.999997675 0.001829688 -0.515353024 -0.001789869 -0.001831686 0.999996662 17.788549423
0.999996781 0.001177628 0.002254019 0.374516249 -0.001181372 0.999997914 0.001660679 -0.525226951 -0.002252058 -0.001663336 0.999996066 18.250417709
0.999996901 0.000863981 0.002336522 0.386587769 -0.000869017 0.999997258 0.002154745 -0.538969934 -0.002334655 -0.002156769 0.999994934 18.725755692
0.999996185 0.001329449 0.002391030 0.398242354 -0.001333152 0.999997914 0.001547702 -0.548361957 -0.002388966 -0.001550885 0.999995947 19.193363190
0.999998212 0.000757982 0.001751346 0.415126711 -0.000760520 0.999998689 0.001449061 -0.561392069 -0.001750244 -0.001450391 0.999997377 19.668970108
0.999997079 0.000456713 0.002353222 0.426225454 -0.000462783 0.999996543 0.002579753 -0.584762394 -0.002352037 -0.002580834 0.999993980 20.136569977
0.999996901 0.001332948 0.002099738 0.434582233 -0.001336036 0.999998033 0.001469794 -0.584085464 -0.002097775 -0.001472595 0.999996722 20.653791428
0.999995530 0.001798843 0.002386382 0.439527720 -0.001802732 0.999997079 0.001628669 -0.594345868 -0.002383446 -0.001632964 0.999995768 21.156740189
0.999996841 0.001602635 0.001942891 0.450675994 -0.001605433 0.999997675 0.001439050 -0.601929665 -0.001940580 -0.001442165 0.999997020 21.662902832
0.999998152 0.001535250 0.001154297 0.458625615 -0.001537237 0.999997318 0.001721799 -0.628429174 -0.001151651 -0.001723570 0.999997854 22.163284302
0.999997973 0.001792152 0.000890859 0.469621688 -0.001793653 0.999996901 0.001686229 -0.636513174 -0.000887835 -0.001687824 0.999998212 22.675973892
0.999998450 0.001753464 0.000018620 0.478056729 -0.001753490 0.999997437 0.001525856 -0.651613832 -0.000015943 -0.001525887 0.999998808 23.201223373
0.999998689 0.001528902 -0.000554872 0.489517897 -0.001528189 0.999998033 0.001282283 -0.668623686 0.000556831 -0.001281433 0.999998987 23.716014862
0.999998808 0.000885987 -0.001262193 0.497926503 -0.000884619 0.999998987 0.001083651 -0.681109369 0.001263152 -0.001082533 0.999998569 24.257413864
0.999997854 0.001021309 -0.001785023 0.507660925 -0.001018140 0.999997854 0.001775313 -0.696220458 0.001786833 -0.001773492 0.999996781 24.791492462
0.999994457 0.002098755 -0.002579912 0.516015649 -0.002094517 0.999996483 0.001644294 -0.710862100 0.002583354 -0.001638881 0.999995291 25.336925507
0.999992669 0.002056292 -0.003198287 0.520008147 -0.002053218 0.999997497 0.000964289 -0.717386007 0.003200262 -0.000957715 0.999994338 25.902763367
0.999991775 0.001918793 -0.003559927 0.537305593 -0.001911979 0.999996364 0.001916538 -0.744544983 0.003563591 -0.001909716 0.999991834 26.434659958
0.999991179 0.001706109 -0.003824793 0.536984801 -0.001697364 0.999995947 0.002288289 -0.755133986 0.003828682 -0.002281777 0.999989986 26.963521957
0.999991119 0.001625392 -0.003883499 0.546971917 -0.001616037 0.999995768 0.002410827 -0.774821699 0.003887401 -0.002404530 0.999989510 27.506034851
0.999988198 0.002913646 -0.003879204 0.563574374 -0.002903769 0.999992549 0.002549340 -0.800773084 0.003886603 -0.002538046 0.999989152 28.025907516
0.999986708 0.002690760 -0.004391300 0.550867617 -0.002679843 0.999993324 0.002489964 -0.802888215 0.004397970 -0.002478163 0.999987245 28.603506088
0.999986470 0.002382325 -0.004620329 0.559616983 -0.002371022 0.999994278 0.002450251 -0.814964354 0.004626140 -0.002439263 0.999986291 29.145097733
0.999983251 0.002667302 -0.005130921 0.569805324 -0.002653468 0.999992788 0.002701172 -0.832628012 0.005138089 -0.002687511 0.999983191 29.689680099
0.999981344 0.002893380 -0.005369404 0.572079003 -0.002878452 0.999991953 0.002785850 -0.843915462 0.005377422 -0.002770342 0.999981642 30.236560822
0.999980867 0.002965385 -0.005423103 0.583524644 -0.002950656 0.999991953 0.002721925 -0.861510217 0.005431131 -0.002705872 0.999981523 30.777587891
0.999978065 0.002914608 -0.005938199 0.589187503 -0.002899424 0.999992490 0.002564013 -0.873378992 0.005945628 -0.002546740 0.999979019 31.333116531
0.999975324 0.003126323 -0.006293920 0.597303629 -0.003109354 0.999991536 0.002704187 -0.885822833 0.006302321 -0.002684550 0.999976516 31.880140305
0.999973118 0.002824068 -0.006776646 0.611021876 -0.002805309 0.999992251 0.002776186 -0.903693378 0.006784433 -0.002757101 0.999973238 32.419452667
0.999973893 0.003153852 -0.006500851 0.610581458 -0.003135484 0.999991059 0.002833704 -0.911664903 0.006509731 -0.002813247 0.999974847 32.965343475
0.999971569 0.003319161 -0.006777065 0.617801547 -0.003300981 0.999990940 0.002691975 -0.928392947 0.006785940 -0.002669528 0.999973416 33.505378723
0.999971390 0.003425757 -0.006742614 0.621442735 -0.003407964 0.999990642 0.002648728 -0.937075317 0.006751626 -0.002625673 0.999973714 34.054725647
0.999972880 0.002999515 -0.006728427 0.624449492 -0.002982399 0.999992251 0.002552516 -0.952145696 0.006736032 -0.002532380 0.999974132 34.602619171
0.999971092 0.003327675 -0.006827680 0.630363822 -0.003309303 0.999990880 0.002700472 -0.966181517 0.006836604 -0.002677799 0.999972999 35.134773254
0.999973118 0.002899944 -0.006729092 0.637886643 -0.002882771 0.999992609 0.002560281 -0.978313565 0.006736467 -0.002540814 0.999974072 35.680770874
0.999969482 0.003791566 -0.006823236 0.651343942 -0.003772079 0.999988794 0.002866638 -1.005441904 0.006834028 -0.002840813 0.999972582 36.218326569
0.999966919 0.003591320 -0.007298835 0.651786149 -0.003572813 0.999990344 0.002547037 -1.009088278 0.007307912 -0.002520875 0.999970138 36.770462036
0.999967575 0.004092451 -0.006931065 0.657040358 -0.004074510 0.999988317 0.002600675 -1.023240924 0.006941627 -0.002572349 0.999972641 37.312133789
0.999964535 0.003727410 -0.007552086 0.662534475 -0.003709411 0.999990225 0.002395955 -1.034106612 0.007560944 -0.002367856 0.999968588 37.860370636
0.999966204 0.003264048 -0.007548156 0.670348406 -0.003247149 0.999992192 0.002249936 -1.046054840 0.007555441 -0.002225350 0.999968946 38.407039642
0.999967158 0.004037044 -0.007031113 0.668303132 -0.004022158 0.999989688 0.002130026 -1.062620282 0.007039640 -0.002101676 0.999972999 38.955905914
0.999961376 0.003876752 -0.007883311 0.679912686 -0.003858290 0.999989808 0.002355854 -1.075794101 0.007892365 -0.002325347 0.999966085 39.493614197
0.999960005 0.004110724 -0.007945525 0.693575084 -0.004091220 0.999988675 0.002469429 -1.093195558 0.007955586 -0.002436823 0.999965370 40.035247803
0.999958098 0.004130435 -0.008172945 0.710380971 -0.004106384 0.999987185 0.002957421 -1.118662000 0.008185057 -0.002923736 0.999962211 40.566371918
0.999958217 0.003961027 -0.008242032 0.712731957 -0.003944761 0.999990344 0.001988797 -1.115397692 0.008249830 -0.001956202 0.999964058 41.135185242
0.999957323 0.003997623 -0.008324574 0.709897280 -0.003978956 0.999989510 0.002257711 -1.124603748 0.008333511 -0.002224492 0.999962807 41.676887512
0.999955356 0.004085855 -0.008522453 0.718082786 -0.004070412 0.999990046 0.001828530 -1.137099981 0.008529839 -0.001793759 0.999962032 42.220443726
0.999956250 0.004152325 -0.008390960 0.732191145 -0.004134021 0.999989033 0.002197549 -1.153088450 0.008399993 -0.002162765 0.999962389 42.758285522
0.999950647 0.003947913 -0.009122688 0.752208471 -0.003918006 0.999986947 0.003293798 -1.177747369 0.009135571 -0.003257893 0.999952972 43.301170349
0.999960244 0.004261435 -0.007830525 0.713387012 -0.004241658 0.999987781 0.002540505 -1.177881002 0.007841256 -0.002507190 0.999966085 43.856807709
0.999961972 0.004172170 -0.007643865 0.716644228 -0.004148925 0.999986768 0.003054317 -1.196245909 0.007656507 -0.003022487 0.999966145 44.397499084
0.999962986 0.004881368 -0.007084067 0.713844001 -0.004859847 0.999983490 0.003051996 -1.211361289 0.007098849 -0.003017455 0.999970198 44.938568115
0.999955416 0.005928533 -0.007348851 0.735247612 -0.005902651 0.999976277 0.003538584 -1.227485180 0.007369655 -0.003495048 0.999966741 45.467990875
0.999960065 0.004234864 -0.007873269 0.736425877 -0.004213411 0.999987304 0.002739391 -1.234270334 0.007884771 -0.002706108 0.999965250 46.049987793
0.999959946 0.003151679 -0.008380856 0.747783542 -0.003132015 0.999992311 0.002358432 -1.249933124 0.008388226 -0.002332088 0.999962091 46.592254639
0.999963820 0.004156644 -0.007428732 0.750531137 -0.004136496 0.999987721 0.002725477 -1.261641502 0.007439970 -0.002694649 0.999968708 47.110298157
0.999960959 0.004106292 -0.007827092 0.757782280 -0.004088014 0.999988914 0.002349800 -1.270749450 0.007836654 -0.002317711 0.999966621 47.670143127
0.999961734 0.004714814 -0.007366402 0.746278465 -0.004696736 0.999985933 0.002469341 -1.278578520 0.007377941 -0.002434649 0.999969840 48.218860626
0.999961317 0.003458960 -0.008093203 0.765146494 -0.003435772 0.999989927 0.002877228 -1.296746612 0.008103075 -0.002849310 0.999963105 48.765502930
0.999961317 0.004318052 -0.007666365 0.779014587 -0.004294473 0.999985993 0.003089477 -1.315461278 0.007679598 -0.003056434 0.999965847 49.311340332
0.999961376 0.004413035 -0.007598938 0.775887668 -0.004394628 0.999987364 0.002437439 -1.322588682 0.007609599 -0.002403951 0.999968171 49.860996246
0.999963164 0.004565173 -0.007266012 0.778335333 -0.004544825 0.999985754 0.002814430 -1.336876273 0.007278757 -0.002781303 0.999969661 50.400081635
0.999966085 0.004972528 -0.006560992 0.773980618 -0.004959323 0.999985635 0.002027483 -1.342314959 0.006570979 -0.001994877 0.999976397 50.937606812
0.999959528 0.004834435 -0.007579592 0.794552088 -0.004818220 0.999986053 0.002156047 -1.360507369 0.007589909 -0.002119440 0.999968946 51.492240906
0.999957025 0.005127110 -0.007714029 0.803284407 -0.005112397 0.999985099 0.001925815 -1.371433854 0.007723787 -0.001886295 0.999968410 52.037284851
0.999961376 0.005652720 -0.006717373 0.798939705 -0.005642054 0.999982834 0.001605792 -1.387763500 0.006726334 -0.001567830 0.999976158 52.590774536
0.999960065 0.003758640 -0.008100503 0.820497870 -0.003746092 0.999991715 0.001563558 -1.396885276 0.008106312 -0.001533150 0.999965966 53.131786346
0.999958277 0.003823735 -0.008290496 0.826548338 -0.003810308 0.999991417 0.001634605 -1.412979841 0.008296673 -0.001602948 0.999964297 53.679908752
0.999965072 0.004118005 -0.007269022 0.826069951 -0.004108864 0.999990761 0.001271952 -1.423424602 0.007274192 -0.001242040 0.999972820 54.236354828
0.999958515 0.004393902 -0.007970419 0.832278848 -0.004381081 0.999989092 0.001625368 -1.437777996 0.007977473 -0.001590382 0.999966919 54.774883270
0.999960065 0.005095330 -0.007337788 0.826084614 -0.005084270 0.999985933 0.001525053 -1.451373577 0.007345455 -0.001487685 0.999971867 55.328292847
0.999956012 0.004630398 -0.008158109 0.849491715 -0.004617295 0.999988019 0.001624171 -1.470337868 0.008165533 -0.001586431 0.999965429 55.861148834
0.999954641 0.004572432 -0.008354451 0.853201807 -0.004558637 0.999988198 0.001669441 -1.484314442 0.008361985 -0.001631280 0.999963701 56.404483795
0.999959230 0.004363867 -0.007906900 0.862415791 -0.004349266 0.999988794 0.001863000 -1.502676129 0.007914941 -0.001828534 0.999966979 56.948135376
0.999957323 0.004631808 -0.007993422 0.873916864 -0.004618619 0.999987960 0.001667517 -1.513289690 0.008001049 -0.001630528 0.999966681 57.499591827
0.999947846 0.004645319 -0.009090617 0.880152941 -0.004626854 0.999987125 0.002051154 -1.531405687 0.009100029 -0.002008986 0.999956548 58.059272766
0.999946952 0.003814799 -0.009568694 0.891040683 -0.003801913 0.999991834 0.001364361 -1.537569046 0.009573822 -0.001327909 0.999953330 58.603969574
0.999958336 0.004708843 -0.007822579 0.882566094 -0.004698358 0.999988019 0.001358166 -1.551371694 0.007828882 -0.001321356 0.999968410 59.121444702
0.999958158 0.004851181 -0.007752837 0.890023470 -0.004844689 0.999987781 0.000855875 -1.566519141 0.007756896 -0.000818279 0.999969542 59.663021088
0.999959350 0.004784312 -0.007647807 0.895028234 -0.004776568 0.999988019 0.001030504 -1.577038407 0.007652647 -0.000993932 0.999970198 60.217914581
0.999955952 0.004678292 -0.008133462 0.903624058 -0.004670186 0.999988496 0.001015312 -1.585044861 0.008138118 -0.000977282 0.999966383 60.748100281
0.999958813 0.004518370 -0.007872598 0.913248181 -0.004510764 0.999989331 0.000983692 -1.603178859 0.007876958 -0.000948140 0.999968529 61.295753479
0.999956250 0.005006953 -0.007902467 0.916785717 -0.004999786 0.999987006 0.000926449 -1.612699032 0.007907003 -0.000886898 0.999968290 61.851646423
0.999952614 0.005020334 -0.008338804 0.930864334 -0.005010915 0.999986768 0.001150010 -1.632543802 0.008344469 -0.001108171 0.999964535 62.355491638
0.999954104 0.005116226 -0.008099053 0.937752843 -0.005107812 0.999986351 0.001059177 -1.650037885 0.008104362 -0.001017760 0.999966621 62.899101257
0.999951959 0.005603881 -0.008035128 0.940196097 -0.005586860 0.999982059 0.002139070 -1.672455549 0.008046971 -0.002094076 0.999965370 63.447326660
0.999951482 0.005050407 -0.008447592 0.949027658 -0.005038634 0.999986291 0.001414251 -1.679276466 0.008454619 -0.001371618 0.999963284 63.959243774
0.999955118 0.004885606 -0.008114628 0.949263573 -0.004874094 0.999987066 0.001437864 -1.695086241 0.008121549 -0.001398248 0.999966025 64.505218506
0.999947011 0.005646138 -0.008609960 0.964788556 -0.005632026 0.999982774 0.001662375 -1.706065774 0.008619197 -0.001613795 0.999961615 65.036415100
0.999953628 0.005314560 -0.008031238 0.957790613 -0.005304424 0.999985099 0.001282964 -1.713484406 0.008037937 -0.001240303 0.999966919 65.579444885
0.999949157 0.005402372 -0.008512402 0.975557983 -0.005393655 0.999984860 0.001046535 -1.723627806 0.008517928 -0.001000569 0.999963164 66.121589661
0.999949932 0.005353537 -0.008454344 0.976926565 -0.005351062 0.999985635 0.000315286 -1.730240703 0.008455911 -0.000270031 0.999964178 66.676673889
0.999949157 0.005480829 -0.008460961 0.989906430 -0.005474268 0.999984622 0.000798284 -1.754859447 0.008465207 -0.000751926 0.999963880 67.224502563
0.999944329 0.005218518 -0.009168961 1.004837990 -0.005204991 0.999985337 0.001498611 -1.776887536 0.009176648 -0.001450803 0.999956787 67.754722595
0.999943316 0.005776174 -0.008930885 1.010859966 -0.005761453 0.999982059 0.001673257 -1.795710206 0.008940389 -0.001621708 0.999958634 68.289497375
0.999945223 0.005419832 -0.008958585 1.021142125 -0.005410369 0.999984741 0.001080143 -1.806714535 0.008964303 -0.001031615 0.999959290 68.837829590
0.999943078 0.005811424 -0.008945565 1.017148018 -0.005799490 0.999982178 0.001359518 -1.820668340 0.008953308 -0.001307561 0.999958992 69.389602661
0.999940276 0.005908295 -0.009195598 1.029976606 -0.005896927 0.999981761 0.001262882 -1.834290266 0.009202893 -0.001208581 0.999956906 69.931648254
0.999943793 0.006248829 -0.008563632 1.030972362 -0.006233947 0.999979019 0.001763434 -1.858187914 0.008574472 -0.001709950 0.999961734 70.476974487
0.999944985 0.005943134 -0.008632953 1.023418903 -0.005937270 0.999982238 0.000704672 -1.852900624 0.008636986 -0.000653377 0.999962509 71.023414612
0.999945343 0.005579410 -0.008834011 1.037418008 -0.005574972 0.999984324 0.000526935 -1.869895458 0.008836811 -0.000477656 0.999960899 71.565467834
0.999948382 0.006511690 -0.007794122 1.032500982 -0.006507433 0.999978721 0.000571402 -1.882021666 0.007797677 -0.000520653 0.999969482 72.121582031
0.999942303 0.006567859 -0.008491618 1.041634560 -0.006557996 0.999977767 0.001188757 -1.907313347 0.008499235 -0.001133000 0.999963224 72.653633118
0.999947608 0.006057953 -0.008254462 1.050184608 -0.006049475 0.999981105 0.001051731 -1.924076557 0.008260678 -0.001001741 0.999965429 73.199676514
0.999946773 0.005284847 -0.008848344 1.057073832 -0.005273541 0.999985218 0.001300479 -1.938220978 0.008855085 -0.001253748 0.999960005 73.751792908
0.999946237 0.005832019 -0.008572420 1.060764551 -0.005821790 0.999982238 0.001217864 -1.948923111 0.008579371 -0.001167892 0.999962509 74.278732300
0.999943376 0.005939983 -0.008827493 1.074011326 -0.005926333 0.999981225 0.001571627 -1.965959787 0.008836663 -0.001519224 0.999959767 74.813919067
0.999939859 0.006150121 -0.009076670 1.079720974 -0.006132886 0.999979377 0.001925501 -1.983586788 0.009088324 -0.001869719 0.999956965 75.352844238
0.999945641 0.005473627 -0.008872095 1.084754705 -0.005463361 0.999984384 0.001181126 -1.993325233 0.008878421 -0.001132590 0.999959946 75.919136047
0.999935508 0.006501454 -0.009312983 1.092114449 -0.006485175 0.999977350 0.001777227 -2.015119553 0.009324325 -0.001716716 0.999955118 76.462547302
0.999943674 0.005818556 -0.008873244 1.102555275 -0.005809645 0.999982595 0.001029690 -2.023710251 0.008879080 -0.000978081 0.999960124 77.025856018
0.999938071 0.005982105 -0.009383628 1.110913038 -0.005973497 0.999981761 0.000945131 -2.037775278 0.009389111 -0.000889019 0.999955535 77.567962646
0.999938905 0.005441027 -0.009612639 1.128874779 -0.005426356 0.999984026 0.001551614 -2.060442448 0.009620928 -0.001499358 0.999952614 78.111122131
0.999944150 0.005970303 -0.008721894 1.115668297 -0.005961415 0.999981701 0.001044733 -2.069351196 0.008727971 -0.000992680 0.999961436 78.658386230
0.999945760 0.005368487 -0.008923193 1.131222248 -0.005358940 0.999985039 0.001093397 -2.084654808 0.008928929 -0.001045518 0.999959648 79.204612732
0.999953270 0.005463606 -0.007987234 1.124445438 -0.005457458 0.999984741 0.000791424 -2.094510794 0.007991437 -0.000747796 0.999967813 79.759857178
0.999940753 0.006178531 -0.008965139 1.144026995 -0.006171952 0.999980688 0.000761295 -2.109049320 0.008969670 -0.000705918 0.999959528 80.304313660
0.999947488 0.006258519 -0.008118321 1.156495571 -0.006250906 0.999979973 0.000962855 -2.125178337 0.008124186 -0.000912058 0.999966562 80.860557556
0.999953210 0.006438659 -0.007222713 1.165832043 -0.006432985 0.999978960 0.000808717 -2.138640881 0.007227769 -0.000762216 0.999973536 81.401733398
0.999961972 0.006529381 -0.005780841 1.173170090 -0.006524744 0.999978364 0.000820644 -2.151719093 0.005786074 -0.000782895 0.999982953 81.952507019
0.999969780 0.006569488 -0.004145569 1.180251122 -0.006564776 0.999977767 0.001149127 -2.168977499 0.004153026 -0.001121878 0.999990702 82.494598389
0.999975502 0.006903759 -0.001153220 1.197320819 -0.006903012 0.999975979 0.000650682 -2.182801008 0.001157684 -0.000642706 0.999999106 83.042549133
0.999973238 0.006723317 0.002892973 1.201016903 -0.006725953 0.999976933 0.000902662 -2.193886995 -0.002886838 -0.000922096 0.999995410 83.589500427
0.999959171 0.006826467 0.005922586 1.221537709 -0.006833520 0.999975979 0.001171351 -2.213793755 -0.005914446 -0.001211775 0.999981821 84.131935120
0.999914706 0.007358537 0.010788085 1.245999575 -0.007368662 0.999972582 0.000899137 -2.227480412 -0.010781172 -0.000978554 0.999941409 84.695426941
0.999835253 0.006964465 0.016761996 1.269694805 -0.006977963 0.999975443 0.000746850 -2.241793633 -0.016756382 -0.000863691 0.999859273 85.249580383
0.999727190 0.007202704 0.022213874 1.296433687 -0.007232905 0.999973059 0.001279581 -2.260684967 -0.022204060 -0.001439903 0.999752462 85.784698486
0.999585330 0.006392548 0.028075285 1.327419400 -0.006418242 0.999979079 0.000825168 -2.268792152 -0.028069427 -0.001005020 0.999605477 86.340934753
0.999327242 0.006286993 0.036133055 1.359788656 -0.006316901 0.999979854 0.000713626 -2.279494286 -0.036127836 -0.000941395 0.999346673 86.901428223
0.998974621 0.007268365 0.044687670 1.402268171 -0.007325698 0.999972463 0.001119321 -2.304705620 -0.044678308 -0.001445542 0.999000371 87.432273865
0.998652995 0.006770963 0.051443104 1.440969229 -0.006819376 0.999976456 0.000765618 -2.318153620 -0.051436707 -0.001115397 0.998675644 87.983634949
0.998131871 0.006757816 0.060720995 1.495161533 -0.006803324 0.999976695 0.000542757 -2.332401752 -0.060715917 -0.000954847 0.998154640 88.532539368
0.997492373 0.006382956 0.070486516 1.560967922 -0.006431224 0.999979258 0.000457861 -2.349331141 -0.070482135 -0.000910027 0.997512579 89.048500061
0.996862113 0.006296250 0.078906827 1.615436077 -0.006353471 0.999979675 0.000474140 -2.362116814 -0.078902245 -0.000973984 0.996881902 89.633697510
0.996189773 0.006101582 0.086998552 1.684252739 -0.006179904 0.999980628 0.000630966 -2.380797625 -0.086993024 -0.001166204 0.996208310 90.176437378
0.995193839 0.006103254 0.097733170 1.753894329 -0.006197070 0.999980569 0.000656380 -2.399724007 -0.097727269 -0.001258885 0.995212495 90.709960938
0.994046509 0.006416789 0.108767413 1.824745178 -0.006523096 0.999978542 0.000621600 -2.413723469 -0.108761072 -0.001327399 0.994067013 91.285476685
0.993053734 0.005048544 0.117553212 1.914022446 -0.005093989 0.999987066 0.000086147 -2.422800541 -0.117551267 -0.000684364 0.993066609 91.828826904
0.991640687 0.006303433 0.128875136 1.993524551 -0.006401366 0.999979496 0.000345704 -2.433771372 -0.128870308 -0.001167792 0.991660714 92.376571655
0.989983261 0.005248736 0.141087309 2.097636223 -0.005343152 0.999985695 0.000290384 -2.459386587 -0.141083762 -0.001041326 0.989997089 92.929397583
0.988481879 0.005173531 0.151250765 2.203407288 -0.005344273 0.999985456 0.000722379 -2.478715658 -0.151244849 -0.001522384 0.988495111 93.480255127
0.986682892 0.004784634 0.162584856 2.301172256 -0.004923032 0.999987781 0.000448363 -2.485172033 -0.162580714 -0.001242803 0.986694455 94.020919800
0.984447777 0.004768975 0.175612643 2.420152664 -0.004944084 0.999987602 0.000559620 -2.505215645 -0.175607800 -0.001419160 0.984459221 94.542709351
0.982154965 0.004516151 0.188019931 2.542446136 -0.004655085 0.999989212 0.000297377 -2.514225960 -0.188016579 -0.001167319 0.982165098 95.090133667
0.980147004 0.004408353 0.198223457 2.669145584 -0.004584282 0.999989390 0.000428628 -2.528585911 -0.198219478 -0.001328831 0.980156720 95.620697021
0.977379024 0.004437244 0.211448625 2.809598923 -0.004597286 0.999989331 0.000265280 -2.544446468 -0.211445197 -0.001231369 0.977389038 96.169082642
0.974404871 0.003922046 0.224765927 2.960010529 -0.004134386 0.999991298 0.000474062 -2.562494516 -0.224762112 -0.001391197 0.974412620 96.693984985
0.971851051 0.003459128 0.235570773 3.112121582 -0.003711756 0.999992967 0.000628983 -2.577441454 -0.235566944 -0.001485660 0.971856952 97.210685730
0.968873978 0.002815671 0.247538537 3.266670227 -0.003082579 0.999994934 0.000690694 -2.598285437 -0.247535333 -0.001432253 0.968877733 97.749565125
0.965168536 0.002966173 0.261611938 3.428602219 -0.003230191 0.999994636 0.000579187 -2.609964848 -0.261608809 -0.001404069 0.965172946 98.281135559
0.961731553 0.003137260 0.273975730 3.599431992 -0.003364765 0.999994278 0.000360465 -2.619171858 -0.273973048 -0.001268534 0.961736500 98.799468994
0.958408713 0.002792504 0.285385698 3.769645691 -0.003080696 0.999995112 0.000560910 -2.641835213 -0.285382718 -0.001416768 0.958412588 99.344223022
0.954246163 0.002873863 0.299008548 3.952327728 -0.003253488 0.999994457 0.000771821 -2.657923937 -0.299004614 -0.001709328 0.954250157 99.850532532
0.949766338 0.002742843 0.312947750 4.145992279 -0.002992655 0.999995470 0.000317922 -2.669276953 -0.312945426 -0.001238497 0.949770272 100.376167297
0.945958257 0.002038852 0.324282020 4.345657349 -0.002292630 0.999997258 0.000400532 -2.678543091 -0.324280262 -0.001122345 0.945960343 100.905876160
0.941440403 0.001720801 0.337175041 4.556711197 -0.001975070 0.999997973 0.000411099 -2.695737362 -0.337173671 -0.001052970 0.941441834 101.426818848
0.936205089 0.002096565 0.351447940 4.763389587 -0.002488590 0.999996662 0.000663748 -2.716310740 -0.351445377 -0.001496014 0.936207175 101.912551880
0.931411743 0.001527712 0.363964081 4.985080719 -0.001858467 0.999998212 0.000558540 -2.731415272 -0.363962591 -0.001196646 0.931412816 102.452095032
0.926712692 0.001174148 0.375768572 5.215629578 -0.001174094 0.999999285 -0.000229127 -2.739750147 -0.375768572 -0.000228853 0.926713467 102.966964722
0.920909345 0.000762265 0.389775962 5.446144104 -0.000959351 0.999999464 0.000310976 -2.757759809 -0.389775485 -0.000660313 0.920909643 103.456474304
0.915175796 -0.000322372 0.403054893 5.687145233 0.000284871 0.999999881 0.000152994 -2.769533873 -0.403054923 -0.000025198 0.915175736 103.943527222
0.910307229 -0.000580576 0.413932920 5.928722382 0.000387928 0.999999762 0.000549467 -2.790827274 -0.413933098 -0.000339607 0.910307169 104.424232483
0.903969169 -0.000614822 0.427597106 6.189048767 0.000273076 0.999999523 0.000860552 -2.813102007 -0.427597404 -0.000661146 0.903968990 104.931442261
0.897742748 -0.000816701 0.440519422 6.457481384 0.000269584 0.999999106 0.001304559 -2.837182045 -0.440520078 -0.001052402 0.897742093 105.390762329
0.892027318 -0.001247698 0.451979727 6.733699799 0.001006993 0.999999225 0.000773114 -2.846498966 -0.451980293 -0.000234499 0.892027915 105.890930176
0.885891378 -0.002218192 0.463887334 6.987770081 0.001951030 0.999997556 0.001055830 -2.856472492 -0.463888526 -0.000030293 0.885893583 106.386825562
0.878855705 -0.002624359 0.477080435 7.276580811 0.002494755 0.999996483 0.000905131 -2.869979620 -0.477081150 0.000394720 0.878859103 106.861373901
0.871747673 -0.002573505 0.489948481 7.558692932 0.002314829 0.999996662 0.001133895 -2.887750864 -0.489949793 0.000145676 0.871750712 107.330070496
