1.000000000 0.000000000 0.000000000 0.000000000 0.000000000 1.000000000 0.000000000 0.000000000 0.000000000 0.000000000 1.000000000 0.000000000
1.000000000 0.000109945 0.000105774 -0.003092540 -0.000109931 1.000000000 -0.000135646 0.003901891 -0.000105789 0.000135634 1.000000000 0.003622708
1.000000000 0.000016859 0.000028141 -0.001821480 -0.000016856 1.000000000 -0.000126164 0.002135438 -0.000028143 0.000126164 1.000000000 0.000990055
0.999999940 0.000336041 0.000139837 -0.000631056 -0.000336021 0.999999940 -0.000142017 0.003355220 -0.000139885 0.000141970 1.000000000 -0.002256627
1.000000000 0.000205967 0.000048374 0.002556674 -0.000205965 1.000000000 -0.000043861 0.001569806 -0.000048383 0.000043851 1.000000000 -0.001256375
1.000000000 0.000134090 0.000012333 0.000990626 -0.000134090 1.000000000 -0.000021638 0.001508838 -0.000012335 0.000021637 1.000000000 -0.002454327
1.000000000 0.000112293 0.000103901 -0.002071744 -0.000112277 1.000000000 -0.000158378 0.002715043 -0.000103919 0.000158367 1.000000000 -0.000726749
1.000000000 0.000024212 -0.000007703 0.000149641 -0.000024212 1.000000000 -0.000033902 0.002155533 0.000007702 0.000033902 1.000000000 -0.002697396
1.000000000 0.000094017 0.000156006 -0.005546522 -0.000093993 1.000000000 -0.000153409 0.003893903 -0.000156021 0.000153395 1.000000000 0.003964949
0.999999940 0.000206264 0.000207145 -0.005061939 -0.000206243 1.000000000 -0.000102252 0.001433094 -0.000207166 0.000102209 1.000000000 -0.001262451
0.999999940 0.000203596 0.000140560 0.000304303 -0.000203577 0.999999940 -0.000139689 0.001607497 -0.000140588 0.000139660 1.000000000 -0.003696469
0.999999940 0.000220537 0.000158022 -0.002571963 -0.000220524 1.000000000 -0.000083078 0.002098669 -0.000158041 0.000083043 1.000000000 -0.002757184
1.000000000 0.000097007 0.000178092 -0.005174741 -0.000097000 1.000000000 -0.000039740 -0.000097871 -0.000178096 0.000039723 1.000000000 -0.002680130
1.000000000 0.000036880 0.000120885 -0.003369383 -0.000036871 1.000000000 -0.000075158 0.000061072 -0.000120888 0.000075154 1.000000000 -0.001425380
1.000000000 0.000100626 0.000085517 -0.000843444 -0.000100615 1.000000000 -0.000135386 0.002444876 -0.000085531 0.000135378 1.000000000 -0.003780468
1.000000000 -0.000130270 -0.000080829 0.001645412 0.000130267 1.000000000 -0.000035105 0.001175492 0.000080833 0.000035094 1.000000000 -0.005716159
1.000000000 -0.000189362 -0.000015317 -0.002312463 0.000189360 1.000000000 -0.000147807 0.000953889 0.000015345 0.000147804 1.000000000 -0.004872858
1.000000000 -0.000082029 0.000050674 -0.000310344 0.000082033 1.000000000 -0.000060507 0.000496093 -0.000050670 0.000060511 1.000000000 -0.006283005
1.000000000 0.000099468 -0.000003463 -0.000440754 -0.000099468 1.000000000 -0.000031831 0.002364332 0.000003460 0.000031831 1.000000000 -0.007176761
1.000000000 -0.000037921 -0.000014518 -0.001761264 0.000037920 1.000000000 -0.000074406 0.000088312 0.000014520 0.000074406 1.000000000 -0.007468350
1.000000000 -0.000003404 0.000052088 -0.000565838 0.000003408 1.000000000 -0.000089782 0.001497966 -0.000052088 0.000089783 1.000000000 -0.008719131
1.000000000 -0.000119024 0.000039502 -0.000777812 0.000119024 1.000000000 -0.000000126 -0.000664822 -0.000039502 0.000000131 1.000000000 -0.005731832
1.000000000 0.000119083 0.000179281 -0.007688431 -0.000119038 0.999999940 -0.000253521 0.003597962 -0.000179311 0.000253499 0.999999940 0.003216456
1.000000000 -0.000142554 -0.000093251 0.001052067 0.000142542 1.000000000 -0.000127550 0.000578965 0.000093269 0.000127537 1.000000000 -0.001337916
1.000000000 0.000006526 0.000055205 -0.001977256 -0.000006522 1.000000000 -0.000063766 0.002907139 -0.000055205 0.000063766 1.000000000 0.001440251
1.000000000 0.000052821 -0.000018363 0.001963904 -0.000052824 1.000000000 -0.000194935 0.003977459 0.000018353 0.000194936 1.000000000 -0.006480709
1.000000000 -0.000060873 0.000097839 -0.002500729 0.000060885 1.000000000 -0.000125890 0.002894043 -0.000097832 0.000125896 1.000000000 -0.003565600
0.999999940 0.000201290 0.000211379 -0.004335904 -0.000201242 0.999999940 -0.000225577 0.003013294 -0.000211424 0.000225534 0.999999940 -0.001913622
1.000000000 0.000045245 0.000149817 -0.004533819 -0.000045238 1.000000000 -0.000044960 0.002504035 -0.000149819 0.000044953 1.000000000 0.000420900
1.000000000 -0.000045054 0.000076617 -0.005114023 0.000045062 1.000000000 -0.000111711 0.005533057 -0.000076612 0.000111715 1.000000000 0.002959318
1.000000000 -0.000014498 0.000067545 -0.004296877 0.000014504 1.000000000 -0.000099350 0.002761769 -0.000067543 0.000099351 1.000000000 0.001779563
1.000000000 -0.000047597 0.000174092 -0.004878049 0.000047598 1.000000000 -0.000006943 0.001835254 -0.000174092 0.000006952 1.000000000 0.001312029
1.000000000 -0.000129951 0.000104174 -0.005914426 0.000129954 1.000000000 -0.000031248 0.002348625 -0.000104170 0.000031262 1.000000000 -0.000105881
1.000000000 -0.000086697 0.000054785 -0.003058512 0.000086697 1.000000000 0.000007792 0.001662045 -0.000054786 -0.000007787 1.000000000 -0.003119830
1.000000000 0.000075595 0.000068493 -0.003835161 -0.000075584 1.000000000 -0.000161113 0.001490940 -0.000068505 0.000161107 1.000000000 -0.000268398
1.000000000 0.000059268 0.000108308 -0.004409773 -0.000059256 1.000000000 -0.000110218 0.002509422 -0.000108314 0.000110212 1.000000000 0.000393836
1.000000000 -0.000136644 -0.000125285 0.002718142 0.000136653 1.000000000 0.000072843 -0.000179129 0.000125275 -0.000072860 1.000000000 -0.012884527
1.000000000 0.000002353 0.000071250 -0.003573832 -0.000002334 0.999999940 -0.000271341 0.004635314 -0.000071250 0.000271341 0.999999940 0.001290538
1.000000000 -0.000070309 0.000147754 -0.004176599 0.000070319 1.000000000 -0.000062471 0.001922815 -0.000147750 0.000062482 1.000000000 0.000123116
1.000000000 0.000001078 -0.000006229 0.000277962 -0.000001077 1.000000000 0.000116216 -0.000670785 0.000006229 -0.000116216 1.000000000 -0.007953455
0.999999940 -0.000247969 -0.000117771 0.000127344 0.000247966 0.999999940 -0.000032511 -0.000643873 0.000117779 0.000032482 1.000000000 -0.000941429
1.000000000 -0.000066689 0.000047794 0.002080719 0.000066721 0.999999762 -0.000668460 -0.004026863 -0.000047750 0.000668463 0.999999762 0.050277535
1.000000000 0.000030324 0.000013958 0.000729822 -0.000030304 0.999998987 -0.001438149 -0.000487109 -0.000014001 0.001438148 0.999998987 0.147030562
1.000000000 -0.000126250 -0.000069070 0.004901082 0.000126149 0.999998927 -0.001472110 -0.009497971 0.000069256 0.001472101 0.999998927 0.262474775
1.000000000 -0.000149983 -0.000028899 0.004356900 0.000149945 0.999999106 -0.001326081 -0.012746400 0.000029098 0.001326077 0.999999106 0.393077552
1.000000000 0.000076040 -0.000110386 0.005675641 -0.000076178 0.999999225 -0.001256401 -0.017717436 0.000110291 0.001256409 0.999999225 0.535756648
0.999999940 0.000174553 0.000363595 -0.003663948 -0.000174151 0.999999404 -0.001104696 -0.031932276 -0.000363787 0.001104632 0.999999344 0.692581654
0.999999940 -0.000298573 0.000047422 0.015295074 0.000298607 0.999999702 -0.000710982 -0.030225165 -0.000047209 0.000710996 0.999999762 0.854846835
0.999999940 -0.000235697 -0.000212965 0.024646185 0.000235583 0.999999821 -0.000533460 -0.037516002 0.000213091 0.000533410 0.999999821 1.032657743
1.000000000 -0.000188226 0.000101039 0.019687625 0.000188303 0.999999702 -0.000769933 -0.033969160 -0.000100894 0.000769952 0.999999702 1.212293148
0.999999821 -0.000482407 -0.000324627 0.037422165 0.000482265 0.999999762 -0.000437499 -0.046063699 0.000324838 0.000437343 0.999999881 1.413761616
0.999999583 -0.000560480 -0.000699655 0.043423451 0.000560434 0.999999821 -0.000064951 -0.062182523 0.000699692 0.000064558 0.999999762 1.608543396
0.999997139 -0.002036925 0.001246150 -0.001234027 0.002034815 0.999996424 0.001692247 -0.097411826 -0.001249593 -0.001689707 0.999997795 1.769910932
0.999996543 -0.002349068 0.001168805 0.007722532 0.002346718 0.999995112 0.002007593 -0.104324758 -0.001173515 -0.002004843 0.999997318 1.974096656
0.999997020 -0.002119761 0.001206267 0.003971816 0.002117415 0.999995887 0.001942702 -0.113602854 -0.001210380 -0.001940142 0.999997377 2.178574800
0.999996781 -0.002314425 0.001011695 0.011861300 0.002312169 0.999994874 0.002225131 -0.119938232 -0.001016840 -0.002222785 0.999997020 2.396865606
0.999997437 -0.001882936 0.001220765 0.007176705 0.001880139 0.999995649 0.002288479 -0.124083616 -0.001225068 -0.002286178 0.999996603 2.633151054
0.999997020 -0.001536267 0.001876454 0.006437227 0.001531711 0.999995887 0.002426887 -0.135445341 -0.001880175 -0.002424005 0.999995291 2.862143993
0.999996185 -0.002742599 0.000256337 0.031887468 0.002741848 0.999992013 0.002885223 -0.149145544 -0.000264248 -0.002884510 0.999995768 3.071470976
0.999997079 -0.002367922 0.000495573 0.027485928 0.002366676 0.999994099 0.002497694 -0.148471728 -0.000501484 -0.002496514 0.999996781 3.334802151
0.999997020 -0.002334386 0.000690170 0.031153293 0.002332439 0.999993324 0.002808926 -0.157744944 -0.000696722 -0.002807308 0.999995828 3.570297003
0.999997556 -0.002192968 0.000231315 0.053792849 0.002192339 0.999994040 0.002685992 -0.160505131 -0.000237204 -0.002685479 0.999996424 3.821641207
0.999993265 -0.003664623 -0.000321910 0.068389386 0.003665619 0.999988317 0.003150693 -0.172139496 0.000310360 -0.003151851 0.999995053 4.099493504
0.999995112 -0.003018102 0.000846122 0.034597047 0.003015118 0.999989271 0.003505566 -0.193951771 -0.000856694 -0.003502997 0.999993503 4.285356045
0.999995887 -0.002723802 0.000930366 0.045154620 0.002720612 0.999990463 0.003413546 -0.197913572 -0.000939655 -0.003411000 0.999993742 4.548343658
0.999996960 -0.002226194 0.001134850 0.054640397 0.002222137 0.999991238 0.003564039 -0.206689969 -0.001142774 -0.003561507 0.999992967 4.806523323
0.999996543 -0.002377205 0.001141423 0.069997445 0.002373392 0.999991536 0.003330782 -0.213308692 -0.001149331 -0.003328061 0.999993801 5.083624363
0.999995828 -0.002760047 0.000908909 0.065091781 0.002756629 0.999989212 0.003741130 -0.224278942 -0.000919225 -0.003738609 0.999992549 5.354471684
0.999994576 -0.002403484 0.002256377 0.023501690 0.002394742 0.999989629 0.003869196 -0.252885461 -0.002265654 -0.003863771 0.999989986 5.538753033
0.999995112 -0.002363687 0.002061715 0.032780476 0.002355464 0.999989331 0.003981929 -0.263562411 -0.002071105 -0.003977053 0.999989927 5.805685520
0.999994636 -0.002381563 0.002246394 0.035471454 0.002372793 0.999989569 0.003898821 -0.267276347 -0.002255656 -0.003893470 0.999989867 6.092574596
0.999993920 -0.002424045 0.002505042 0.041645251 0.002414251 0.999989450 0.003905395 -0.276757330 -0.002514482 -0.003899323 0.999989271 6.363224506
0.999993861 -0.002816012 0.002106340 0.055485167 0.002807258 0.999987483 0.004147733 -0.290148646 -0.002117994 -0.004141795 0.999989271 6.654593468
0.999992073 -0.003196269 0.002364852 0.062900327 0.003186494 0.999986410 0.004125719 -0.287044942 -0.002378007 -0.004118151 0.999988675 6.952552319
0.999993622 -0.002625260 0.002421625 0.053587727 0.002615170 0.999987841 0.004160360 -0.302399874 -0.002432518 -0.004154000 0.999988437 7.201474190
0.999994457 -0.002479021 0.002225169 0.063607670 0.002469695 0.999988139 0.004183829 -0.316035509 -0.002235514 -0.004178311 0.999988735 7.505589962
0.999992728 -0.003286401 0.001921882 0.083764546 0.003277498 0.999983966 0.004617079 -0.326445848 -0.001937025 -0.004610746 0.999987483 7.840777397
0.999994218 -0.002625501 0.002180367 0.078429192 0.002615790 0.999986708 0.004444609 -0.330728233 -0.002192008 -0.004438880 0.999987781 8.148474693
0.999994576 -0.002054314 0.002573918 0.079768047 0.002042652 0.999987662 0.004525294 -0.333556503 -0.002583183 -0.004520012 0.999986470 8.483370781
0.999993205 -0.002681249 0.002528403 0.076457210 0.002669855 0.999986351 0.004498983 -0.340855181 -0.002540431 -0.004492203 0.999986708 8.814323425
0.999993742 -0.002258287 0.002694767 0.073618367 0.002246321 0.999987602 0.004435258 -0.356352776 -0.002704750 -0.004429177 0.999986529 9.076199532
0.999992669 -0.003010423 0.002373720 0.090924725 0.003000011 0.999985993 0.004377784 -0.362760752 -0.002386866 -0.004370632 0.999987602 9.420156479
0.999992371 -0.003340809 0.002017953 0.103146851 0.003331302 0.999983370 0.004696169 -0.371715486 -0.002033608 -0.004689411 0.999986947 9.774632454
0.999992490 -0.003031692 0.002435018 0.104851529 0.003020963 0.999985814 0.004397776 -0.379873425 -0.002448316 -0.004390387 0.999987364 10.128551483
0.999992967 -0.003250381 0.001853344 0.117652707 0.003241593 0.999983609 0.004725064 -0.390038490 -0.001868672 -0.004719024 0.999987066 10.508447647
0.999989748 -0.004027857 0.002020291 0.145893231 0.004017269 0.999978364 0.005217632 -0.392974764 -0.002041263 -0.005209463 0.999984324 10.855458260
0.999991894 -0.003518829 0.001923426 0.152533069 0.003508181 0.999978721 0.005511387 -0.410334408 -0.001942778 -0.005504595 0.999982953 11.223530769
0.999989688 -0.003847002 0.002399083 0.144304082 0.003834258 0.999978662 0.005294351 -0.415697515 -0.002419400 -0.005285097 0.999983072 11.580718994
0.999991596 -0.003230086 0.002525994 0.124691553 0.003215651 0.999978602 0.005697941 -0.459520161 -0.002544344 -0.005689771 0.999980569 11.878520966
0.999989748 -0.003614614 0.002709746 0.137148589 0.003598440 0.999975801 0.005949849 -0.468939245 -0.002731187 -0.005940037 0.999978662 12.268539429
0.999988317 -0.004291273 0.002208785 0.155864865 0.004278384 0.999973953 0.005807564 -0.472592115 -0.002233649 -0.005798047 0.999980688 12.657100677
0.999986827 -0.004780363 0.001806496 0.178203270 0.004769078 0.999969482 0.006200252 -0.488028079 -0.001836080 -0.006191556 0.999979138 13.043686867
0.999989510 -0.003687899 0.002680259 0.161991283 0.003670235 0.999971628 0.006565794 -0.510299146 -0.002704397 -0.006555889 0.999974787 13.520607948
0.999988973 -0.003737376 0.002851247 0.177066475 0.003718134 0.999970496 0.006724420 -0.507013559 -0.002876295 -0.006713744 0.999973357 13.920144081
0.999979079 -0.005789151 0.002888318 0.176748738 0.005769286 0.999959946 0.006839322 -0.558157623 -0.002927796 -0.006822515 0.999972463 14.176644325
0.999982238 -0.005130312 0.003041944 0.191721946 0.005107894 0.999960124 0.007332390 -0.571355820 -0.003079440 -0.007316722 0.999968529 14.595105171
0.999976754 -0.006284431 0.002650707 0.205568567 0.006264828 0.999953389 0.007340239 -0.583923578 -0.002696713 -0.007323462 0.999969602 15.001732826
0.999980628 -0.005510460 0.002881584 0.224577352 0.005489879 0.999959648 0.007101833 -0.586758912 -0.002920602 -0.007085876 0.999970615 15.454588890
0.999980569 -0.005021256 0.003703410 0.226072252 0.004995527 0.999963522 0.006924281 -0.600128353 -0.003738043 -0.006905646 0.999969184 15.996520042
0.999974430 -0.006000774 0.003896629 0.231401756 0.005973550 0.999957919 0.006961103 -0.611485362 -0.003938238 -0.006937648 0.999968171 16.462083817
0.999977827 -0.004958767 0.004453517 0.226510063 0.004924495 0.999958396 0.007673828 -0.638407946 -0.004491385 -0.007651728 0.999960601 16.826055527
0.999978125 -0.005379212 0.003850433 0.258608758 0.005349733 0.999956489 0.007625904 -0.654892683 -0.003891287 -0.007605138 0.999963462 17.320920944
0.999971986 -0.006130619 0.004279665 0.246506736 0.006094773 0.999946654 0.008339003 -0.683930039 -0.004330559 -0.008312686 0.999956071 17.541339874
0.999965608 -0.006905844 0.004571771 0.264609605 0.006867534 0.999941647 0.008343056 -0.690613210 -0.004629120 -0.008311371 0.999954760 18.012937546
0.999970317 -0.006373448 0.004331701 0.277668834 0.006335837 0.999942601 0.008641823 -0.704922020 -0.004386532 -0.008614122 0.999953270 18.477783203
0.999966085 -0.006930218 0.004444764 0.294479311 0.006890264 0.999936283 0.008942149 -0.720390141 -0.004506453 -0.008911221 0.999950171 18.941289902
0.999967039 -0.006888284 0.004301157 0.309507787 0.006851835 0.999940991 0.008432324 -0.729963005 -0.004358988 -0.008402576 0.999955177 19.440511703
0.999969244 -0.006628120 0.004195775 0.303820729 0.006590764 0.999939084 0.008855348 -0.736987710 -0.004254214 -0.008827423 0.999951959 19.787147522
0.999968648 -0.006817568 0.004038437 0.321158141 0.006781360 0.999937296 0.008912561 -0.747245789 -0.004098945 -0.008884897 0.999952137 20.294965744
0.999975741 -0.005973021 0.003573322 0.338933110 0.005940339 0.999941111 0.009087982 -0.772680998 -0.003627393 -0.009066534 0.999952257 20.806825638
0.999975085 -0.006350289 0.003095040 0.335337460 0.006323213 0.999942362 0.008680947 -0.769466579 -0.003149988 -0.008661159 0.999957442 21.334888458
0.999962628 -0.008242961 0.002646106 0.343467355 0.008214484 0.999910116 0.010598370 -0.819414496 -0.002733230 -0.010576237 0.999940276 21.620824814
0.999964833 -0.008134988 0.002075983 0.343384862 0.008114027 0.999917984 0.009913038 -0.822967589 -0.002156455 -0.009895844 0.999948680 22.138328552
0.999956965 -0.009156428 0.001448437 0.355727196 0.009142669 0.999915600 0.009236477 -0.827704549 -0.001532888 -0.009222837 0.999956310 22.681009293
0.999970675 -0.007431366 0.001821959 0.342138499 0.007412840 0.999922872 0.009972342 -0.844114721 -0.001895926 -0.009958545 0.999948621 23.226823807
0.999965131 -0.008346651 0.000310635 0.367725670 0.008343031 0.999912739 0.010243389 -0.857375622 -0.000396106 -0.010240441 0.999947488 23.596773148
0.999966264 -0.008205449 -0.000346189 0.383021414 0.008208517 0.999915719 0.010058217 -0.856477201 0.000263628 -0.010060720 0.999949336 24.150354385
0.999965608 -0.008206666 -0.001214667 0.386162102 0.008218504 0.999915361 0.010084880 -0.863278151 0.001131801 -0.010094516 0.999948382 24.697410583
0.999968350 -0.007907417 -0.000944607 0.392148525 0.007916348 0.999920011 0.009858981 -0.871405900 0.000866572 -0.009866147 0.999950945 25.228149414
0.999963462 -0.008401648 -0.001590969 0.355646610 0.008418488 0.999905229 0.010891513 -0.912447274 0.001499312 -0.010904508 0.999939442 25.684745789
0.999959826 -0.008690774 -0.002198888 0.366147578 0.008713447 0.999906719 0.010520288 -0.922861218 0.002107253 -0.010539025 0.999942303 26.233955383
0.999974072 -0.006941227 -0.001977792 0.365328699 0.006962838 0.999913692 0.011137526 -0.940132022 0.001900313 -0.011151006 0.999936044 26.797042847
0.999963701 -0.008014127 -0.002915377 0.377579659 0.008044545 0.999911785 0.010575646 -0.941278934 0.002830366 -0.010598714 0.999939799 27.335992813
0.999960482 -0.008241583 -0.003313938 0.370414913 0.008279068 0.999900043 0.011461936 -0.981308043 0.003219143 -0.011488920 0.999928832 27.763698578
0.999956191 -0.008651248 -0.003568544 0.385228604 0.008693041 0.999891818 0.011867588 -0.996174097 0.003465489 -0.011898090 0.999923229 28.310018539
0.999953151 -0.008593459 -0.004463059 0.398140490 0.008641346 0.999904096 0.010823894 -0.985533118 0.004369617 -0.010861954 0.999931455 28.881771088
0.999951065 -0.008760593 -0.004600713 0.406446099 0.008808978 0.999904990 0.010603990 -0.997911334 0.004507379 -0.010643999 0.999933183 29.464513779
0.999961138 -0.007622094 -0.004459837 0.389434695 0.007676658 0.999894321 0.012347736 -1.061800122 0.004365250 -0.012381491 0.999913812 29.823823929
0.999953866 -0.008117615 -0.005130939 0.404031098 0.008183438 0.999882758 0.012940519 -1.081977248 0.005025292 -0.012981910 0.999903083 30.355957031
0.999953628 -0.008206112 -0.005037945 0.418613613 0.008269269 0.999885917 0.012646152 -1.091868520 0.004933595 -0.012687225 0.999907374 30.930097580
0.999960721 -0.007197344 -0.005188785 0.436078370 0.007259310 0.999901354 0.012023848 -1.078277230 0.005101733 -0.012061041 0.999914289 31.407310486
0.999960482 -0.007283036 -0.005081699 0.384949863 0.007345042 0.999897480 0.012291797 -1.106698275 0.004991657 -0.012328638 0.999911547 31.872568130
0.999958932 -0.007601647 -0.004935527 0.381704330 0.007662791 0.999892712 0.012490237 -1.118576765 0.004840052 -0.012527545 0.999909878 32.437660217
0.999964535 -0.006744229 -0.005039936 0.394951761 0.006804853 0.999903560 0.012109802 -1.115902185 0.004957779 -0.012143671 0.999913931 32.991180420
0.999954641 -0.007614553 -0.005718934 0.399557292 0.007685810 0.999891758 0.012542751 -1.142305374 0.005622809 -0.012586135 0.999904931 33.528781891
0.999952555 -0.008067742 -0.005450168 0.366858423 0.008138155 0.999882102 0.013023291 -1.162339330 0.005344456 -0.013067028 0.999900341 33.928089142
0.999951422 -0.008170141 -0.005508674 0.364991724 0.008242927 0.999877334 0.013322411 -1.175140977 0.005399152 -0.013367171 0.999896049 34.492176056
0.999953628 -0.007718863 -0.005744884 0.386097699 0.007787214 0.999897957 0.011972002 -1.164495111 0.005651889 -0.012016184 0.999911785 35.073181152
0.999955058 -0.007554315 -0.005734483 0.401788890 0.007624432 0.999895215 0.012305370 -1.169880867 0.005640922 -0.012348536 0.999907851 35.602962494
0.999951422 -0.007850692 -0.005962340 0.414995492 0.007919967 0.999900341 0.011685391 -1.175307751 0.005870007 -0.011732045 0.999913990 36.184169769
0.999972522 -0.005470918 -0.005011214 0.418927014 0.005529720 0.999915123 0.011796318 -1.179893851 0.004946253 -0.011823704 0.999917865 36.721965790
0.999945998 -0.008529353 -0.005935712 0.373437583 0.008610314 0.999868393 0.013750435 -1.238158584 0.005817649 -0.013800801 0.999887824 36.987762451
0.999942958 -0.008650602 -0.006268957 0.394339442 0.008743309 0.999850571 0.014915203 -1.285615683 0.006138995 -0.014969164 0.999869108 37.527935028
0.999957860 -0.007017910 -0.005901598 0.401354730 0.007098038 0.999881327 0.013667783 -1.258459568 0.005804979 -0.013709098 0.999889135 38.084037781
0.999951363 -0.007612425 -0.006264559 0.420829892 0.007697050 0.999877989 0.013597078 -1.273688197 0.006160287 -0.013644637 0.999887943 38.672702789
0.999945283 -0.008140759 -0.006561803 0.423997819 0.008235457 0.999860406 0.014536522 -1.302641869 0.006442549 -0.014589770 0.999872744 39.205917358
0.999951720 -0.007362663 -0.006517477 0.448745936 0.007454716 0.999871135 0.014214107 -1.318748474 0.006411983 -0.014262008 0.999877751 39.756519318
0.999952972 -0.007427216 -0.006229657 0.445295036 0.007516337 0.999867976 0.014406511 -1.327438593 0.006121836 -0.014452660 0.999876738 40.305698395
0.999951303 -0.007326744 -0.006604977 0.455157489 0.007419324 0.999872983 0.014102947 -1.323495626 0.006500808 -0.014151266 0.999878764 40.867305756
0.999943316 -0.008347364 -0.006604600 0.463879675 0.008435677 0.999873817 0.013458342 -1.298745632 0.006491425 -0.013513293 0.999887645 41.452629089
0.999939322 -0.008811896 -0.006601359 0.359551311 0.008903813 0.999861956 0.014026522 -1.334462404 0.006476847 -0.014084448 0.999879837 41.663562775
0.999942303 -0.008642994 -0.006375182 0.360056311 0.008732392 0.999862015 0.014130719 -1.344402313 0.006252172 -0.014185576 0.999879837 42.200824738
0.999936342 -0.008802630 -0.007059532 0.381633610 0.008890611 0.999881923 0.012529633 -1.325956464 0.006948403 -0.012591599 0.999896586 42.778675079
0.999935865 -0.008740089 -0.007208067 0.394034475 0.008832399 0.999878168 0.012875509 -1.332332373 0.007094657 -0.012938345 0.999891102 43.308498383
0.999953389 -0.007190874 -0.006440479 0.400841683 0.007266202 0.999904573 0.011750053 -1.340590715 0.006355373 -0.011796303 0.999910176 43.827232361
0.999947548 -0.008224519 -0.006107474 0.352353841 0.008313448 0.999857664 0.014680929 -1.415457726 0.005985862 -0.014730935 0.999873519 44.225124359
0.999952018 -0.007750006 -0.006012680 0.352831483 0.007837101 0.999862731 0.014599347 -1.423826694 0.005898710 -0.014645766 0.999875307 44.776695251
0.999956608 -0.007232294 -0.005882733 0.351827443 0.007316578 0.999869049 0.014434047 -1.426725626 0.005777571 -0.014476462 0.999878526 45.324352264
0.999958336 -0.006903080 -0.005979784 0.354694873 0.006986320 0.999877393 0.014013094 -1.432397366 0.005882317 -0.014054287 0.999883890 45.850837708
0.999956906 -0.007038249 -0.006065246 0.374222875 0.007121200 0.999879837 0.013764814 -1.429196358 0.005967639 -0.013807409 0.999886870 46.367454529
0.999946475 -0.007808370 -0.006800676 0.410659254 0.007904412 0.999867678 0.014211902 -1.445654392 0.006688804 -0.014264894 0.999875844 46.945190430
0.999939382 -0.008956243 -0.006408955 0.367597312 0.009043137 0.999865830 0.013660038 -1.447996259 0.006285754 -0.013717166 0.999886155 47.228893280
0.999931633 -0.009503991 -0.006828627 0.374476343 0.009589483 0.999874711 0.012597820 -1.446194410 0.006708042 -0.012662440 0.999897301 47.777900696
0.999943674 -0.008674824 -0.006119377 0.366687417 0.008751402 0.999882281 0.012600277 -1.456325054 0.006009352 -0.012653121 0.999901831 48.318431854
0.999948919 -0.008423816 -0.005587498 0.379193217 0.008493127 0.999885798 0.012499046 -1.459782243 0.005481569 -0.012545862 0.999906182 48.861133575
0.999948323 -0.007946476 -0.006329231 0.378497541 0.008034947 0.999868631 0.014077645 -1.475914478 0.006216530 -0.014127773 0.999880850 49.228244781
0.999945343 -0.008070218 -0.006643848 0.393436909 0.008157934 0.999878466 0.013282907 -1.481870890 0.006535843 -0.013336383 0.999889672 49.771293640
0.999946415 -0.008203642 -0.006321019 0.426979333 0.008285195 0.999881387 0.012985397 -1.463829637 0.006213741 -0.013037074 0.999895692 50.298381805
0.999932408 -0.009532063 -0.006660663 0.411048293 0.009615751 0.999873757 0.012647332 -1.491212964 0.006539266 -0.012710527 0.999897778 50.822628021
0.999954343 -0.007638882 -0.005745116 0.378174424 0.007719368 0.999870479 0.014120298 -1.511320353 0.005636509 -0.014164002 0.999883711 51.238826752
0.999954939 -0.007597069 -0.005704888 0.376769692 0.007675691 0.999874115 0.013888420 -1.518106222 0.005598658 -0.013931583 0.999887228 51.785915375
0.999960184 -0.006980285 -0.005555698 0.389828622 0.007050401 0.999894381 0.012702581 -1.513262749 0.005466443 -0.012741246 0.999903798 52.346313477
0.999952376 -0.007577963 -0.006152597 0.412071377 0.007653445 0.999894559 0.012338917 -1.500417948 0.006058444 -0.012385419 0.999904871 52.850738525
0.999953568 -0.007518411 -0.006041680 0.447292387 0.007590977 0.999898195 0.012079068 -1.500232935 0.005950248 -0.012124369 0.999908745 53.430801392
0.999960244 -0.007244600 -0.005185406 0.382991076 0.007315774 0.999877453 0.013840876 -1.544070482 0.005084497 -0.013878263 0.999890685 53.698257446
0.999954283 -0.007694641 -0.005674893 0.399109125 0.007770290 0.999879599 0.013431061 -1.548948050 0.005570861 -0.013474544 0.999893665 54.227722168
0.999960721 -0.007325000 -0.004976652 0.403893054 0.007384554 0.999900043 0.012055424 -1.543733001 0.004887849 -0.012091702 0.999914944 54.803291321
0.999958873 -0.007526782 -0.005060601 0.413963139 0.007586854 0.999899805 0.011957847 -1.547085047 0.004970089 -0.011995748 0.999915719 55.384170532
0.999948621 -0.008213772 -0.005937134 0.435556561 0.008296002 0.999868155 0.013960661 -1.568114758 0.005821682 -0.014009199 0.999884844 55.711162567
0.999952912 -0.007938137 -0.005586174 0.442398310 0.008011390 0.999880612 0.013215167 -1.575472355 0.005480604 -0.013259297 0.999897122 56.260181427
0.999956131 -0.007815408 -0.005163335 0.456931680 0.007884284 0.999878347 0.013456609 -1.583023071 0.005057538 -0.013496726 0.999896109 56.805858612
0.999963343 -0.007115717 -0.004772528 0.448786974 0.007179123 0.999884486 0.013402967 -1.587680817 0.004676605 -0.013436737 0.999898791 57.330200195
0.999950707 -0.008091358 -0.005749211 0.474829406 0.008164198 0.999885261 0.012761388 -1.589263439 0.005645295 -0.012807696 0.999902070 57.870841980
0.999953926 -0.007559287 -0.005916195 0.492849261 0.007641134 0.999873698 0.013936221 -1.607534766 0.005810098 -0.013980785 0.999885321 58.177333832
0.999959230 -0.007280000 -0.005351186 0.492626488 0.007352628 0.999879360 0.013680296 -1.612862945 0.005250948 -0.013719082 0.999892056 58.720775604
0.999958336 -0.007595430 -0.005073736 0.507479548 0.007659328 0.999890029 0.012695440 -1.611069441 0.004976750 -0.012733768 0.999906540 59.260707855
0.999967098 -0.006213526 -0.005230945 0.566396952 0.006278830 0.999901414 0.012561531 -1.591094494 0.005152378 -0.012593960 0.999907374 59.738143921
0.999955893 -0.007765657 -0.005276523 0.486082286 0.007838166 0.999873102 0.013863231 -1.644500732 0.005168196 -0.013903977 0.999889970 60.150909424
0.999962211 -0.007028055 -0.005120040 0.489563912 0.007101050 0.999871433 0.014381110 -1.654963493 0.005018311 -0.014416925 0.999883413 60.700405121
0.999958038 -0.007489852 -0.005280009 0.498841226 0.007559998 0.999881685 0.013392863 -1.655097842 0.005179073 -0.013432218 0.999896407 61.255481720
0.999967217 -0.006760055 -0.004476076 0.487919182 0.006819948 0.999885499 0.013503531 -1.682507038 0.004384278 -0.013533614 0.999898851 61.734668732
0.999948084 -0.008476291 -0.005658627 0.487641871 0.008553980 0.999867439 0.013849050 -1.662702799 0.005540487 -0.013896733 0.999888062 62.139827728
0.999948859 -0.008502656 -0.005471390 0.507841885 0.008575720 0.999872506 0.013471934 -1.676187992 0.005356145 -0.013518166 0.999894261 62.660877228
0.999951184 -0.008386304 -0.005229479 0.512844205 0.008452694 0.999882281 0.012804942 -1.670426011 0.005121477 -0.012848520 0.999904275 63.211299896
0.999953866 -0.008092524 -0.005185790 0.564279199 0.008155648 0.999891400 0.012269158 -1.651844740 0.005085939 -0.012310884 0.999911308 63.759735107
0.999939263 -0.009352060 -0.005818592 0.510888696 0.009429706 0.999864876 0.013463555 -1.681801319 0.005691896 -0.013517605 0.999892414 64.110366821
0.999937177 -0.009906648 -0.005243794 0.509418488 0.009975727 0.999861538 0.013315548 -1.683718681 0.005111156 -0.013367022 0.999897599 64.655189514
0.999937415 -0.009493178 -0.005924258 0.529994845 0.009568091 0.999872863 0.012747677 -1.696279764 0.005802490 -0.012803562 0.999901116 65.209060669
0.999949753 -0.008473647 -0.005356160 0.506585240 0.008542774 0.999878705 0.013017653 -1.704342246 0.005245202 -0.013062757 0.999900877 65.632843018
0.999943256 -0.008968669 -0.005749574 0.525541425 0.009040033 0.999880850 0.012508568 -1.707967758 0.005636704 -0.012559836 0.999905288 66.187004089
0.999949992 -0.008384122 -0.005453108 0.550021052 0.008450577 0.999888837 0.012279853 -1.718136072 0.005349545 -0.012325323 0.999909699 66.706596375
0.999956548 -0.007536029 -0.005484188 0.610272229 0.007602217 0.999897242 0.012149487 -1.739090800 0.005392064 -0.012190650 0.999911189 67.124923706
0.999950469 -0.008374747 -0.005374598 0.563889623 0.008443925 0.999880075 0.012980269 -1.742523313 0.005265246 -0.013025008 0.999901235 67.590385437
0.999938786 -0.009564308 -0.005558866 0.575569987 0.009631961 0.999878287 0.012273353 -1.747453213 0.005440804 -0.012326144 0.999909163 68.151573181
0.999946654 -0.008317970 -0.006118371 0.581619859 0.008393488 0.999887526 0.012422503 -1.757997274 0.006014354 -0.012473194 0.999904096 68.700256348
0.999943852 -0.008997738 -0.005600642 0.583413363 0.009063432 0.999889135 0.011816961 -1.755953550 0.005493696 -0.011867058 0.999914467 69.266441345
0.999932051 -0.009958326 -0.006060672 0.607685030 0.010028859 0.999881029 0.011720816 -1.763902187 0.005943231 -0.011780799 0.999912918 69.828620911
0.999944270 -0.009159658 -0.005251175 0.559911966 0.009225322 0.999877810 0.012619678 -1.759880304 0.005134942 -0.012667418 0.999906600 70.059661865
0.999949515 -0.008546500 -0.005282940 0.567880750 0.008612044 0.999884605 0.012510948 -1.769864082 0.005175405 -0.012555814 0.999907732 70.600761414
0.999931097 -0.009952739 -0.006224270 0.574594259 0.010029104 0.999873281 0.012360356 -1.779170752 0.006100459 -0.012421929 0.999904275 71.133842468
0.999937177 -0.009453847 -0.006032388 0.637800753 0.009529491 0.999874711 0.012636274 -1.796453357 0.005912172 -0.012692966 0.999902010 71.604110718
0.999922574 -0.010570928 -0.006563762 0.645205498 0.010644428 0.999879956 0.011265622 -1.763627768 0.006443885 -0.011334619 0.999915004 72.090347290
0.999931514 -0.010115386 -0.005881542 0.582192600 0.010187644 0.999871373 0.012388069 -1.785849810 0.005755476 -0.012447140 0.999905944 72.516044617
0.999927282 -0.010333043 -0.006219036 0.584918737 0.010410354 0.999867320 0.012529845 -1.785077333 0.006088739 -0.012593676 0.999902129 73.088417053
0.999935389 -0.009705213 -0.005916991 0.559999704 0.009772236 0.999887228 0.011405547 -1.779265523 0.005805630 -0.011462633 0.999917448 73.672103882
0.999926269 -0.010397840 -0.006265989 0.600817919 0.010471144 0.999875784 0.011781488 -1.775699258 0.006142708 -0.011846233 0.999910891 74.119979858
0.999932408 -0.010051878 -0.005842884 0.588965178 0.010123666 0.999871969 0.012389552 -1.803638220 0.005717599 -0.012447866 0.999906182 74.502769470
0.999921262 -0.010965725 -0.006107064 0.603125095 0.011038969 0.999865890 0.012091549 -1.806894541 0.005973653 -0.012158013 0.999908209 75.062728882
0.999927521 -0.010998345 -0.004889157 0.600919425 0.011053197 0.999874592 0.011337427 -1.808295727 0.004763850 -0.011390646 0.999923766 75.641571045
0.999946177 -0.009911598 -0.003061536 0.586695135 0.009947571 0.999879003 0.011967590 -1.812946558 0.002942547 -0.011997403 0.999923706 76.040374756
0.999945343 -0.010381219 -0.001227842 0.583698571 0.010394739 0.999879003 0.011570494 -1.817228079 0.001107578 -0.011582622 0.999932289 76.602790833
0.999951780 -0.009810729 -0.000432098 0.605466425 0.009815150 0.999881983 0.011814289 -1.824898958 0.000316141 -0.011817960 0.999930143 77.129600525
0.999946833 -0.009975240 0.002604425 0.589048624 0.009945066 0.999886096 0.011352377 -1.805122137 -0.002717371 -0.011325873 0.999932170 77.568153381
0.999932349 -0.009729169 0.006374060 0.600727439 0.009655592 0.999887586 0.011474116 -1.811701298 -0.006484977 -0.011411794 0.999913871 78.091445923
0.999907374 -0.009822252 0.009421151 0.614827156 0.009716464 0.999889910 0.011209585 -1.820567727 -0.009530218 -0.011117007 0.999892831 78.618835449
0.999857605 -0.010237335 0.013416706 0.622057080 0.010092546 0.999890566 0.010815419 -1.818937302 -0.013525959 -0.010678469 0.999851525 79.104972839
0.999757111 -0.009150829 0.020052442 0.641334713 0.008920574 0.999893606 0.011542210 -1.836927891 -0.020155933 -0.011360530 0.999732316 79.587318420
0.999631464 -0.010213492 0.025152320 0.698809505 0.009949860 0.999894500 0.010584354 -1.839492559 -0.025257772 -0.010330191 0.999627590 80.040176392
0.999459743 -0.009663362 0.031413056 0.672717094 0.009304405 0.999889910 0.011553179 -1.833540440 -0.031521242 -0.011254658 0.999439657 80.636848450
0.999162734 -0.009877616 0.039702281 0.721747637 0.009411917 0.999884903 0.011899635 -1.840229034 -0.039815251 -0.011515998 0.999140620 81.193527222
0.998808026 -0.010124603 0.047749430 0.772506237 0.009527414 0.999873757 0.012717795 -1.862951875 -0.047872163 -0.012247707 0.998778403 81.709732056
0.998420358 -0.009918891 0.055303615 0.810688019 0.009302378 0.999891818 0.011394102 -1.854455233 -0.055410653 -0.010861648 0.998404622 82.287216187
0.997958004 -0.010923971 0.062932864 0.881432533 0.010255586 0.999887645 0.010933886 -1.857204437 -0.063045233 -0.010266146 0.997957885 82.853469849
0.997296512 -0.013844708 0.072166495 0.946363449 0.013168767 0.999864936 0.009833848 -1.809693098 -0.072292887 -0.008856919 0.997344196 83.308631897
0.996581495 -0.011886779 0.081756137 1.046911240 0.011012845 0.999877453 0.011132168 -1.859435558 -0.081878446 -0.010193744 0.996590197 83.763648987
0.995823443 -0.011266571 0.090602092 0.998630047 0.010228710 0.999876678 0.011911358 -1.873627424 -0.090725124 -0.010934868 0.995815933 84.136863708
0.994814336 -0.010797168 0.101133078 1.078193665 0.009630477 0.999881387 0.012017351 -1.878257632 -0.101250842 -0.010981074 0.994800329 84.687896729
0.993649065 -0.010677279 0.112016521 1.151070595 0.009374536 0.999882221 0.012150211 -1.883726835 -0.112133048 -0.011022943 0.993632078 85.245552063
0.992495716 -0.009869681 0.121880740 1.231134415 0.008543507 0.999898493 0.011398727 -1.875804424 -0.121980876 -0.010271898 0.992479324 85.840599060
0.991250753 -0.011225151 0.131514207 1.368102074 0.009758323 0.999882877 0.011792569 -1.908397317 -0.131631166 -0.010406036 0.991244078 86.333236694
0.989407957 -0.010669437 0.144769147 1.359401703 0.009068780 0.999890268 0.011712052 -1.872955322 -0.144878238 -0.010275119 0.989396095 86.826980591
0.987695456 -0.011450587 0.155969486 1.468263626 0.009702535 0.999881327 0.011964376 -1.881921053 -0.156087980 -0.010303861 0.987689435 87.377044678
0.986157417 -0.011508472 0.165412024 1.588928223 0.009692804 0.999883652 0.011779686 -1.889631987 -0.165528312 -0.010013320 0.986154199 87.923965454
0.984018147 -0.010643152 0.177750081 1.698220253 0.008609611 0.999888361 0.012207882 -1.897684932 -0.177860200 -0.010482417 0.983999908 88.472274780
0.981710017 -0.010760251 0.190078437 1.829465866 0.008618692 0.999889731 0.012089786 -1.908010006 -0.190187544 -0.010230437 0.981694520 89.041748047
0.979688644 -0.011010117 0.200222716 2.022872925 0.008923215 0.999896049 0.011322399 -1.909650564 -0.200326562 -0.009305795 0.979684949 89.584831238
0.976402760 -0.009415586 0.215752110 1.859201431 0.006877304 0.999898195 0.012512545 -1.848981142 -0.215847924 -0.010733492 0.976368010 89.830200195
0.973265409 -0.009322119 0.229494318 2.008888245 0.006581215 0.999897659 0.012705745 -1.857048750 -0.229589298 -0.010855711 0.973227084 90.349891663
0.970368624 -0.010230238 0.241412625 2.160329819 0.007385449 0.999892235 0.012685867 -1.862370968 -0.241516382 -0.010527027 0.970339656 90.893203735
0.967518508 -0.010255218 0.252591997 2.355352402 0.007159275 0.999887586 0.013172770 -1.881148458 -0.252698720 -0.010936523 0.967483222 91.358581543
0.963571489 -0.009921328 0.267266750 2.473173141 0.006647861 0.999891460 0.013150014 -1.856455922 -0.267368197 -0.010894227 0.963532865 91.925552368
0.959833741 -0.009976136 0.280391902 2.647487640 0.006719992 0.999898434 0.012571854 -1.863633513 -0.280488789 -0.010182658 0.959803343 92.437660217
0.956415594 -0.009110520 0.291866869 2.830488205 0.005510379 0.999898255 0.013154562 -1.879584551 -0.291957021 -0.010972932 0.956368446 92.961456299
0.952215612 -0.009955629 0.305264384 3.009948730 0.006216963 0.999893308 0.013216997 -1.890226483 -0.305363417 -0.010687614 0.952175856 93.458389282
0.947675943 -0.009987713 0.319077700 3.237184525 0.005921226 0.999888480 0.013712007 -1.887148619 -0.319179058 -0.011105208 0.947629333 94.047653198
0.943926394 -0.010129279 0.330000639 3.454450607 0.005914896 0.999887705 0.013772442 -1.893324018 -0.330103070 -0.011048251 0.943880200 94.561897278
0.939305186 -0.010603239 0.342918783 3.645807266 0.006307994 0.999887228 0.013638536 -1.900778174 -0.343024641 -0.010647617 0.939266026 95.055175781
0.934240460 -0.010574489 0.356487155 3.883539200 0.005958342 0.999883652 0.014044645 -1.931544900 -0.356594145 -0.010997000 0.934194684 95.537956238
0.929380715 -0.012017678 0.368926495 4.114990234 0.007177598 0.999869287 0.014489020 -1.920368433 -0.369052440 -0.010817814 0.929345608 96.146621704
0.924695551 -0.011754639 0.380525678 4.353181839 0.007102926 0.999881983 0.013626426 -1.920707226 -0.380640954 -0.009897452 0.924669981 96.665946960
0.918733716 -0.011657789 0.394705504 4.595823288 0.006542622 0.999876380 0.014302864 -1.935787201 -0.394823432 -0.010558114 0.918696344 97.146827698
0.913154125 -0.013063950 0.407405049 4.832122803 0.007788372 0.999863029 0.014605061 -1.944313169 -0.407540023 -0.010163650 0.913130760 97.634529114
0.908361435 -0.013883957 0.417955428 5.080734253 0.008478368 0.999854863 0.014787504 -1.953129292 -0.418099970 -0.009888818 0.908347189 98.109588623
0.902667582 -0.013989960 0.430110931 5.340328217 0.008491679 0.999855936 0.014700344 -1.961331844 -0.430254608 -0.009617161 0.902656317 98.604385376
0.895922780 -0.013938307 0.443991065 5.611133575 0.008290103 0.999858260 0.014660292 -1.974407911 -0.444132447 -0.009453759 0.895911217 99.105148315
0.889784634 -0.013276722 0.456187546 5.884349823 0.008036771 0.999877632 0.013424525 -1.961825132 -0.456310004 -0.008278661 0.889782310 99.633789062
0.883987248 -0.013845851 0.467305869 6.179721832 0.008175555 0.999866366 0.014159703 -1.975582838 -0.467439532 -0.008696511 0.883982182 100.133789062
0.876539409 -0.013549851 0.481139332 6.421329498 0.007328680 0.999863505 0.014806782 -1.957405090 -0.481274277 -0.009452612 0.876519084 100.570823669
