1.000000000 0.000000000 0.000000000 0.000000000 0.000000000 1.000000000 0.000000000 0.000000000 0.000000000 0.000000000 1.000000000 0.000000000
1.000000000 0.000010684 -0.000021427 0.000421306 -0.000010684 1.000000000 0.000014452 0.000067079 0.000021427 -0.000014452 1.000000000 -0.000303014
1.000000000 0.000039962 0.000099294 0.000431258 -0.000039968 1.000000000 0.000064279 0.000285876 -0.000099291 -0.000064283 1.000000000 0.000820381
1.000000000 -0.000138374 0.000019238 0.000922695 0.000138375 1.000000000 -0.000018531 0.000841106 -0.000019236 0.000018533 1.000000000 0.001002905
1.000000000 0.000093788 0.000110580 -0.000543084 -0.000093799 1.000000000 0.000092091 0.000417040 -0.000110571 -0.000092102 1.000000000 0.000943914
1.000000000 0.000132755 0.000089327 -0.001346318 -0.000132756 1.000000000 0.000015131 -0.000422165 -0.000089325 -0.000015143 1.000000000 -0.000099479
1.000000000 -0.000078555 0.000093134 -0.000059414 0.000078559 1.000000000 -0.000035465 0.000206378 -0.000093131 0.000035473 1.000000000 -0.000196436
1.000000000 0.000050364 0.000047994 -0.000624676 -0.000050367 1.000000000 0.000059678 0.000151973 -0.000047991 -0.000059680 1.000000000 0.000115986
1.000000000 0.000173996 0.000099970 -0.000921372 -0.000174006 1.000000000 0.000104060 -0.000322778 -0.000099952 -0.000104077 1.000000000 0.000116497
0.999999940 0.000241177 0.000054485 -0.000592298 -0.000241178 1.000000000 0.000023175 0.000008457 -0.000054480 -0.000023188 1.000000000 -0.000622988
1.000000000 -0.000005799 0.000067057 -0.000394272 0.000005798 1.000000000 0.000006976 -0.000254483 -0.000067057 -0.000006976 1.000000000 -0.000048306
1.000000000 0.000127003 0.000028879 -0.000721265 -0.000127000 1.000000000 -0.000094054 0.001387110 -0.000028891 0.000094050 1.000000000 0.000728151
1.000000000 0.000034029 0.000094900 -0.000693446 -0.000034024 1.000000000 -0.000050834 0.001594128 -0.000094901 0.000050831 1.000000000 0.001488646
1.000000000 0.000136751 0.000128951 -0.001273223 -0.000136735 1.000000000 -0.000123382 0.002431946 -0.000128968 0.000123364 1.000000000 0.002022072
1.000000000 0.000165684 0.000083444 -0.001317993 -0.000165676 1.000000000 -0.000096134 0.001601370 -0.000083460 0.000096120 1.000000000 0.000938360
0.999999940 0.000228445 0.000148344 -0.001232948 -0.000228441 1.000000000 -0.000027236 0.002142406 -0.000148350 0.000027202 1.000000000 0.001790434
0.999999940 0.000227834 0.000181345 -0.001692280 -0.000227821 1.000000000 -0.000070177 0.001514605 -0.000181361 0.000070136 1.000000000 0.000733610
0.999999940 0.000210162 0.000202505 -0.002757506 -0.000210172 1.000000000 0.000050709 0.000934681 -0.000202494 -0.000050751 1.000000000 0.001129605
1.000000000 0.000206403 0.000096317 -0.001789588 -0.000206406 1.000000000 0.000029768 0.001005459 -0.000096311 -0.000029788 1.000000000 0.000319124
0.999999940 0.000190026 0.000166667 -0.002096003 -0.000190022 1.000000000 -0.000020629 0.001711577 -0.000166671 0.000020597 1.000000000 0.002320120
0.999999940 0.000188098 0.000160874 -0.002200260 -0.000188108 1.000000000 0.000060248 0.001548622 -0.000160863 -0.000060278 1.000000000 0.002465073
0.999999940 0.000364736 0.000147515 -0.002370800 -0.000364729 0.999999940 -0.000046004 0.002278935 -0.000147531 0.000045951 1.000000000 0.002717471
0.999999940 0.000194175 0.000212157 -0.001633257 -0.000194173 1.000000000 -0.000009684 0.001511728 -0.000212159 0.000009643 1.000000000 0.001681339
1.000000000 0.000113146 0.000187225 -0.002197474 -0.000113144 1.000000000 -0.000010159 0.002267691 -0.000187226 0.000010138 1.000000000 0.002380243
1.000000000 0.000141971 0.000151880 -0.001999913 -0.000141967 1.000000000 -0.000026055 0.002222816 -0.000151883 0.000026034 1.000000000 0.002857072
1.000000000 0.000172645 0.000072378 -0.002956716 -0.000172649 1.000000000 0.000047028 0.001260330 -0.000072370 -0.000047040 1.000000000 0.000317996
1.000000000 0.000126583 0.000115203 -0.001870298 -0.000126588 1.000000000 0.000042649 0.001089795 -0.000115197 -0.000042664 1.000000000 0.001210090
1.000000000 0.000080148 0.000153964 -0.001414889 -0.000080145 1.000000000 -0.000018738 0.001819230 -0.000153966 0.000018726 1.000000000 0.002592302
1.000000000 0.000134272 0.000179506 -0.001695290 -0.000134275 1.000000000 0.000016327 0.001664025 -0.000179503 -0.000016351 1.000000000 0.002709812
0.999999940 0.000260728 0.000179114 -0.002350214 -0.000260717 0.999999940 -0.000057217 0.002377261 -0.000179129 0.000057171 1.000000000 0.002570339
0.999999881 0.000366615 0.000250647 -0.002013178 -0.000366633 0.999999940 0.000071689 0.000830761 -0.000250621 -0.000071781 0.999999940 0.000217834
0.999999940 0.000277469 0.000160352 -0.002485022 -0.000277475 0.999999940 0.000037402 0.000423414 -0.000160341 -0.000037446 1.000000000 0.001551003
0.999999940 0.000258881 0.000178749 -0.001516614 -0.000258875 0.999999940 -0.000034436 0.000743160 -0.000178758 0.000034390 1.000000000 0.002034509
0.999999940 0.000293547 0.000144706 -0.003176016 -0.000293559 0.999999940 0.000085102 0.000778572 -0.000144681 -0.000085144 1.000000000 0.001446353
1.000000000 0.000108348 0.000145158 -0.002291235 -0.000108352 1.000000000 0.000026887 0.001709712 -0.000145155 -0.000026903 1.000000000 0.002009346
0.999999940 0.000269173 0.000198292 -0.002815174 -0.000269178 0.999999940 0.000023365 0.001167484 -0.000198286 -0.000023418 1.000000000 0.001193878
1.000000000 0.000163051 0.000101724 -0.000198425 -0.000163050 1.000000000 -0.000006641 0.001787774 -0.000101725 0.000006624 1.000000000 0.001741491
1.000000000 0.000102294 0.000113972 -0.000771792 -0.000102283 1.000000000 -0.000102625 0.001742130 -0.000113982 0.000102613 1.000000000 0.001448576
0.999999881 0.000343943 0.000310944 -0.003084279 -0.000343748 0.999999762 -0.000625530 -0.002469879 -0.000311159 0.000625423 0.999999762 0.047583811
0.999999940 -0.000090719 0.000266422 0.000990209 0.000090955 0.999999523 -0.000883063 -0.007457252 -0.000266342 0.000883087 0.999999523 0.137876943
0.999999940 0.000361118 0.000155092 0.003808842 -0.000360882 0.999998868 -0.001522225 -0.006274025 -0.000155641 0.001522169 0.999998748 0.252895921
0.999999940 0.000420854 0.000168729 0.006798686 -0.000420594 0.999998689 -0.001538143 -0.008836715 -0.000169376 0.001538071 0.999998808 0.384184748
0.999999940 0.000197927 -0.000000651 0.011076120 -0.000197928 0.999999225 -0.001193841 -0.014551430 0.000000414 0.001193841 0.999999285 0.523457348
1.000000000 -0.000053421 0.000057478 0.012610077 0.000053480 0.999999404 -0.001040922 -0.020316616 -0.000057423 0.001040925 0.999999464 0.675692976
0.999999344 0.001036405 0.000321719 0.011595771 -0.001035994 0.999998569 -0.001275291 -0.019311517 -0.000323040 0.001274957 0.999999106 0.846423388
0.999999404 0.001010768 0.000393927 0.013120441 -0.001010268 0.999998629 -0.001267492 -0.022832474 -0.000395208 0.001267094 0.999999046 1.019977450
0.999999344 0.001080847 0.000229296 0.019096127 -0.001080546 0.999998510 -0.001311487 -0.027098801 -0.000230713 0.001311239 0.999999046 1.193406820
0.999999166 0.001264108 -0.000193154 0.023781426 -0.001264215 0.999998987 -0.000556577 -0.035964388 0.000192450 0.000556820 0.999999762 1.375731349
0.999998748 0.001525728 -0.000422448 0.027843075 -0.001525969 0.999998629 -0.000568005 -0.038409799 0.000421581 0.000568649 0.999999762 1.569737315
1.000000000 -0.000230494 0.000070848 0.037060227 0.000230483 0.999999940 0.000153223 -0.055332202 -0.000070883 -0.000153207 1.000000000 1.761503577
0.999999583 0.000804467 0.000427323 0.032033660 -0.000804509 0.999999642 0.000098386 -0.058019966 -0.000427244 -0.000098730 0.999999881 1.965862036
0.999999881 -0.000281890 0.000029456 0.043851029 0.000281882 0.999999881 0.000296816 -0.068865009 -0.000029540 -0.000296808 0.999999940 2.179111481
0.999999821 0.000428394 0.000369368 0.044572003 -0.000428568 0.999999821 0.000472147 -0.073885240 -0.000369166 -0.000472305 0.999999821 2.394435883
0.999999642 0.000734143 0.000524114 0.048023511 -0.000734263 0.999999762 0.000230136 -0.078927197 -0.000523945 -0.000230521 0.999999821 2.618046522
0.999999881 0.000127496 0.000440269 0.055769108 -0.000127548 0.999999940 0.000118158 -0.084108979 -0.000440254 -0.000118214 0.999999881 2.852142572
0.999999821 0.000076569 0.000537311 0.059970271 -0.000076643 1.000000000 0.000137325 -0.087759696 -0.000537301 -0.000137366 0.999999762 3.094653368
0.999999583 0.000686750 0.000603262 0.064605743 -0.000687287 0.999999285 0.000889604 -0.100244135 -0.000602650 -0.000890018 0.999999404 3.316630125
0.999999702 0.000312505 0.000696949 0.069665857 -0.000312961 0.999999702 0.000653770 -0.106996082 -0.000696745 -0.000653988 0.999999523 3.574495316
0.999999404 0.000573063 0.000951328 0.073584341 -0.000573878 0.999999523 0.000856576 -0.114874735 -0.000950837 -0.000857122 0.999999166 3.822892427
0.999999166 0.001048545 0.000750782 0.074648112 -0.001049015 0.999999225 0.000625763 -0.118895806 -0.000750125 -0.000626550 0.999999464 4.076745510
0.999998748 0.001371056 0.000776102 0.080512241 -0.001371381 0.999998927 0.000419147 -0.122008629 -0.000775526 -0.000420210 0.999999642 4.334911346
0.999999225 0.001070655 0.000814571 0.085448943 -0.001071044 0.999999344 0.000476823 -0.131355181 -0.000814060 -0.000477695 0.999999583 4.593820572
0.999998987 0.001081012 0.000907154 0.090660378 -0.001081862 0.999998987 0.000937254 -0.140753552 -0.000906140 -0.000938234 0.999999166 4.846963406
0.999998748 0.001088529 0.001077828 0.096043743 -0.001089775 0.999998748 0.001155471 -0.148590505 -0.001076569 -0.001156644 0.999998808 5.104424000
0.999999106 0.000893565 0.000971326 0.102872990 -0.000894613 0.999998987 0.001078877 -0.156839356 -0.000970360 -0.001079745 0.999998927 5.361938000
0.999998629 0.001172600 0.001177081 0.105424866 -0.001173873 0.999998748 0.001081080 -0.166299000 -0.001175812 -0.001082460 0.999998748 5.630132675
0.999998093 0.001360476 0.001407997 0.105545565 -0.001362056 0.999998391 0.001121970 -0.172350377 -0.001406468 -0.001123886 0.999998331 5.898583889
0.999997914 0.001487461 0.001386347 0.113457471 -0.001488678 0.999998510 0.000877558 -0.176841468 -0.001385040 -0.000879620 0.999998629 6.187310696
0.999997616 0.001465031 0.001625646 0.118884444 -0.001466734 0.999998450 0.001046992 -0.183050469 -0.001624110 -0.001049374 0.999998152 6.480195999
0.999998152 0.001417376 0.001252014 0.127159193 -0.001419032 0.999998093 0.001322686 -0.195022017 -0.001250137 -0.001324460 0.999998331 6.761310101
0.999998748 0.001484590 0.000529415 0.135929778 -0.001485184 0.999998212 0.001124057 -0.204647228 -0.000527745 -0.001124842 0.999999166 7.059798241
0.999998927 0.001408187 0.000353972 0.142524689 -0.001408694 0.999997914 0.001435244 -0.216349736 -0.000351950 -0.001435741 0.999998927 7.357516289
0.999998510 0.001068191 0.001357115 0.143093213 -0.001070519 0.999997914 0.001716222 -0.230993107 -0.001355279 -0.001717672 0.999997616 7.662278652
0.999998152 0.001218403 0.001491328 0.150267676 -0.001220743 0.999997973 0.001569077 -0.235687464 -0.001489413 -0.001570894 0.999997675 7.987240314
0.999998748 0.001082304 0.001137150 0.161184102 -0.001083883 0.999998450 0.001389126 -0.245336875 -0.001135645 -0.001390357 0.999998391 8.285719872
0.999998868 0.000763948 0.001304066 0.168537557 -0.000765451 0.999999046 0.001152557 -0.251748651 -0.001303184 -0.001153554 0.999998450 8.613576889
0.999997973 0.001268168 0.001541766 0.168115795 -0.001269802 0.999998569 0.001059590 -0.253464848 -0.001540421 -0.001061545 0.999998271 8.958678246
0.999998152 0.001485616 0.001245213 0.175796360 -0.001487032 0.999998271 0.001137171 -0.265393823 -0.001243521 -0.001139021 0.999998569 9.297482491
0.999996662 0.001889353 0.001753861 0.181129783 -0.001892156 0.999996960 0.001598199 -0.282455981 -0.001750836 -0.001601513 0.999997199 9.619713783
0.999996006 0.002069159 0.001917047 0.185168639 -0.002073081 0.999995828 0.002045995 -0.294432193 -0.001912806 -0.002049961 0.999996066 9.970756531
0.999995828 0.002266939 0.001780370 0.195311159 -0.002270461 0.999995470 0.001978844 -0.307876974 -0.001775876 -0.001982878 0.999996483 10.326213837
0.999997497 0.001556950 0.001607212 0.207433224 -0.001560253 0.999996603 0.002056041 -0.315226972 -0.001604005 -0.002058543 0.999996603 10.681768417
0.999997556 0.001596096 0.001496330 0.214036435 -0.001599117 0.999996603 0.002020445 -0.323923320 -0.001493101 -0.002022833 0.999996781 11.053635597
0.999997616 0.001379473 0.001706499 0.225657001 -0.001384298 0.999994993 0.002829246 -0.348329365 -0.001702588 -0.002831602 0.999994457 11.436815262
0.999997199 0.001678287 0.001669298 0.228569672 -0.001683107 0.999994516 0.002889912 -0.356156111 -0.001664438 -0.002892714 0.999994457 11.813505173
0.999996006 0.002092283 0.001858955 0.236550122 -0.002097361 0.999994159 0.002734026 -0.365412295 -0.001853224 -0.002737914 0.999994516 12.201447487
0.999996185 0.001998508 0.001859711 0.249384046 -0.002004638 0.999992549 0.003300202 -0.380799204 -0.001853102 -0.003303918 0.999992788 12.591139793
0.999997079 0.001663549 0.001813338 0.256172419 -0.001668501 0.999994874 0.002732246 -0.381510437 -0.001808783 -0.002735263 0.999994576 12.989816666
0.999997377 0.001416872 0.001814843 0.268452823 -0.001422342 0.999994397 0.003016549 -0.400144130 -0.001810558 -0.003019123 0.999993801 13.381983757
0.999994695 0.002247224 0.002354085 0.269586891 -0.002254716 0.999992371 0.003184757 -0.407967329 -0.002346910 -0.003190048 0.999992132 13.788567543
0.999994397 0.002208043 0.002524439 0.282235742 -0.002216358 0.999992132 0.003296009 -0.416545212 -0.002517141 -0.003301585 0.999991298 14.188231468
0.999994695 0.002218349 0.002406385 0.291651309 -0.002226393 0.999991953 0.003345433 -0.430455804 -0.002398944 -0.003350773 0.999991417 14.601452827
0.999995291 0.001531390 0.002659400 0.310402572 -0.001539508 0.999994099 0.003053276 -0.439536333 -0.002654709 -0.003057355 0.999991775 15.040743828
0.999994874 0.001771573 0.002670499 0.318341404 -0.001780029 0.999993384 0.003167052 -0.453151137 -0.002664871 -0.003171789 0.999991417 15.479650497
0.999992549 0.002081626 0.003243216 0.325442016 -0.002091618 0.999993145 0.003080498 -0.462935150 -0.003236780 -0.003087258 0.999989986 15.926235199
0.999990642 0.002398838 0.003601394 0.331748456 -0.002410301 0.999992013 0.003182032 -0.474261701 -0.003593734 -0.003190683 0.999988377 16.359550476
0.999990582 0.002359188 0.003650132 0.337400347 -0.002368569 0.999993920 0.002567686 -0.483307213 -0.003644051 -0.002576308 0.999989986 16.802093506
0.999986827 0.002744014 0.004342993 0.345692456 -0.002760881 0.999988616 0.003882301 -0.513951600 -0.004332290 -0.003894240 0.999983013 17.242931366
0.999983549 0.002798341 0.004993196 0.352338940 -0.002818557 0.999987841 0.004046095 -0.522376537 -0.004981813 -0.004060102 0.999979377 17.687398911
0.999985993 0.001956932 0.004914133 0.373992860 -0.001975342 0.999991059 0.003744025 -0.536712527 -0.004906762 -0.003753680 0.999980927 18.156934738
0.999987364 0.001457215 0.004802656 0.391768634 -0.001475042 0.999992073 0.003710367 -0.544685841 -0.004797212 -0.003717404 0.999981582 18.623550415
0.999982655 0.002873930 0.005144371 0.399131417 -0.002890142 0.999990821 0.003146695 -0.551330805 -0.005135281 -0.003161508 0.999981821 19.098983765
0.999978304 0.003435512 0.005624057 0.408771306 -0.003457901 0.999986231 0.003976155 -0.577900231 -0.005610319 -0.003995516 0.999976277 19.571783066
0.999979496 0.003250872 0.005527358 0.416522145 -0.003273374 0.999986351 0.004066831 -0.589956701 -0.005514062 -0.004084840 0.999976456 20.060014725
0.999980927 0.002295242 0.005738123 0.436454654 -0.002319328 0.999988496 0.004194451 -0.606397390 -0.005728430 -0.004207679 0.999974728 20.515926361
0.999982893 0.002050300 0.005496160 0.433922440 -0.002070768 0.999990940 0.003721055 -0.606272280 -0.005488481 -0.003732373 0.999977946 21.041147232
0.999983132 0.002934757 0.005008993 0.454001844 -0.002955126 0.999987364 0.004063785 -0.622594714 -0.004997004 -0.004078519 0.999979138 21.529548645
0.999986529 0.002723725 0.004423194 0.463770598 -0.002742618 0.999987066 0.004271125 -0.633488297 -0.004411504 -0.004283198 0.999981105 22.057739258
0.999988258 0.002646132 0.004081537 0.480806381 -0.002664430 0.999986410 0.004484151 -0.646807492 -0.004069617 -0.004494973 0.999981642 22.569253922
0.999986529 0.003401050 0.003910332 0.488871872 -0.003417586 0.999985218 0.004230021 -0.670635402 -0.003895888 -0.004243328 0.999983430 23.046281815
0.999983191 0.004540344 0.003585445 0.490962148 -0.004556093 0.999979913 0.004396536 -0.682996452 -0.003565411 -0.004412798 0.999983907 23.559385300
0.999990404 0.003130829 0.003030565 0.500292122 -0.003143622 0.999986172 0.004225724 -0.697855711 -0.003017293 -0.004235211 0.999986470 24.085325241
0.999997377 0.001226739 0.001923885 0.532445073 -0.001236765 0.999985635 0.005218884 -0.718354285 -0.001917455 -0.005221250 0.999984503 24.542274475
0.999993622 0.003203213 0.001587346 0.533816814 -0.003210375 0.999984562 0.004530095 -0.722810030 -0.001572811 -0.004535162 0.999988496 25.164749146
0.999995172 0.002661785 0.001548532 0.559971511 -0.002670355 0.999980986 0.005558110 -0.747779846 -0.001533708 -0.005562219 0.999983370 25.535610199
0.999993563 0.003395891 0.001139648 0.562110901 -0.003401930 0.999979973 0.005341128 -0.774763644 -0.001121488 -0.005344970 0.999985099 26.267539978
0.999996006 0.002740204 0.000687334 0.581285834 -0.002743812 0.999982178 0.005303978 -0.786128104 -0.000672788 -0.005305843 0.999985635 26.836223602
0.999996483 0.002641888 0.000175791 0.595583141 -0.002642815 0.999981403 0.005497945 -0.799035192 -0.000161263 -0.005498390 0.999984860 27.404424667
0.999993742 0.003544772 -0.000034093 0.604461610 -0.003544558 0.999981344 0.004979305 -0.807747364 0.000051743 -0.004979153 0.999987602 27.964120865
0.999990165 0.004437318 0.000000140 0.613152325 -0.004437254 0.999975562 0.005388760 -0.821728230 0.000023772 -0.005388706 0.999985516 28.514759064
0.999990344 0.004407610 0.000013018 0.623214364 -0.004407616 0.999976337 0.005277311 -0.832094967 0.000010242 -0.005277317 0.999986053 29.074665070
0.999993920 0.003362267 -0.000988301 0.647997200 -0.003357040 0.999980569 0.005241956 -0.841150105 0.001005907 -0.005238606 0.999985754 29.635845184
0.999990821 0.004266860 -0.000694680 0.647711337 -0.004263203 0.999977469 0.005183024 -0.855253994 0.000716779 -0.005180016 0.999986351 30.168201447
0.999991000 0.004199028 -0.000650307 0.636860192 -0.004195236 0.999974787 0.005728917 -0.874508560 0.000674346 -0.005726137 0.999983370 30.641530991
0.999989867 0.004440099 -0.000763685 0.667038858 -0.004435288 0.999970973 0.006191832 -0.891736865 0.000791155 -0.006188382 0.999980450 31.210882187
0.999984980 0.005429361 -0.000802727 0.670420766 -0.005424371 0.999966681 0.006093238 -0.900968730 0.000835783 -0.006088792 0.999981046 31.763019562
0.999993503 0.003417741 -0.001100679 0.680975676 -0.003410660 0.999973834 0.006373075 -0.933709621 0.001122431 -0.006369279 0.999979079 32.330657959
0.999992311 0.003379701 -0.001968971 0.685641766 -0.003366915 0.999973476 0.006461199 -0.951214790 0.001990756 -0.006454520 0.999977231 32.872165680
0.999993443 0.002701903 -0.002409538 0.698846281 -0.002685949 0.999974608 0.006600311 -0.971597075 0.002427311 -0.006593795 0.999975324 33.474624634
0.999984264 0.005499473 -0.001103615 0.667229772 -0.005492587 0.999965966 0.006148944 -0.959334135 0.001137393 -0.006142785 0.999980509 34.026538849
0.999985576 0.004881918 -0.002251741 0.702105403 -0.004866355 0.999964535 0.006866490 -1.008396983 0.002285183 -0.006855432 0.999973893 34.588298798
0.999983966 0.004892213 -0.002869883 0.714921236 -0.004871160 0.999961495 0.007297606 -1.031095982 0.002905474 -0.007283508 0.999969244 35.110572815
0.999988914 0.004135475 -0.002258104 0.727895677 -0.004120306 0.999969184 0.006681516 -1.041476250 0.002285666 -0.006672138 0.999975145 35.663696289
0.999986410 0.004798635 -0.002035953 0.733634830 -0.004785188 0.999967039 0.006559515 -1.052644372 0.002067362 -0.006549683 0.999976456 36.216468811
0.999988079 0.004019705 -0.002741692 0.752322733 -0.004000987 0.999968886 0.006798659 -1.063556194 0.002768935 -0.006787609 0.999973118 36.788089752
0.999987245 0.003708188 -0.003435018 0.766443133 -0.003686325 0.999973059 0.006349118 -1.067604065 0.003458470 -0.006336375 0.999973953 37.342315674
0.999986827 0.003844243 -0.003407957 0.776483238 -0.003824543 0.999976039 0.005768360 -1.074803710 0.003430050 -0.005755251 0.999977589 37.898422241
0.999989271 0.003302486 -0.003249327 0.774778605 -0.003280111 0.999970973 0.006867524 -1.105064631 0.003271913 -0.006856793 0.999971092 38.427703857
0.999989629 0.003409179 -0.003018013 0.781351149 -0.003389855 0.999973893 0.006385047 -1.113996148 0.003039701 -0.006374751 0.999975026 38.978450775
0.999987304 0.002976918 -0.004067967 0.806715786 -0.002951884 0.999976695 0.006145885 -1.125551820 0.004086169 -0.006133799 0.999972820 39.532333374
0.999987841 0.002842701 -0.004035851 0.808892727 -0.002815569 0.999973476 0.006712355 -1.147260070 0.004054826 -0.006700910 0.999969304 40.080242157
0.999985456 0.003630990 -0.003992388 0.813156009 -0.003603149 0.999969304 0.006958716 -1.162610054 0.004017533 -0.006944230 0.999967813 40.624610901
0.999985695 0.003441329 -0.004095246 0.822437763 -0.003414477 0.999972641 0.006545947 -1.169734240 0.004117662 -0.006531871 0.999970138 41.178318024
0.999985993 0.003213630 -0.004202758 0.832680047 -0.003184331 0.999970734 0.006959428 -1.187296629 0.004225000 -0.006945947 0.999966979 41.709392548
0.999986053 0.003959632 -0.003490090 0.833303392 -0.003937076 0.999971509 0.006446007 -1.199263215 0.003515514 -0.006432176 0.999973118 42.260753632
0.999986529 0.003330551 -0.003976169 0.840333879 -0.003301239 0.999967515 0.007356068 -1.229439259 0.004000539 -0.007342842 0.999965072 42.822307587
0.999986768 0.002692071 -0.004387628 0.851230562 -0.002660922 0.999971330 0.007089657 -1.233488560 0.004406588 -0.007077888 0.999965250 43.355194092
0.999984324 0.003390993 -0.004453882 0.857441723 -0.003361562 0.999972582 0.006598752 -1.240062594 0.004476135 -0.006583677 0.999968290 43.905807495
0.999985576 0.003356417 -0.004204664 0.867502272 -0.003328467 0.999972463 0.006636934 -1.250541925 0.004226825 -0.006622844 0.999969065 44.453769684
0.999988854 0.002897215 -0.003730541 0.867257893 -0.002873003 0.999975026 0.006479330 -1.265246868 0.003749220 -0.006468541 0.999972045 44.967678070
0.999988973 0.003087473 -0.003540606 0.877384424 -0.003064901 0.999975026 0.006363099 -1.276746154 0.003560164 -0.006352177 0.999973476 45.518589020
0.999988437 0.003557588 -0.003256621 0.886048913 -0.003537727 0.999975264 0.006084129 -1.285672426 0.003278185 -0.006072537 0.999976218 46.064243317
0.999992192 0.002818921 -0.002737491 0.888440371 -0.002800428 0.999973416 0.006736154 -1.312513351 0.002756407 -0.006728434 0.999973536 46.619503021
0.999989450 0.003648364 -0.002783354 0.898503482 -0.003630043 0.999971926 0.006559441 -1.320421219 0.002807207 -0.006549268 0.999974608 47.160057068
0.999987364 0.004138207 -0.002829180 0.911499679 -0.004123282 0.999977589 0.005261071 -1.309201956 0.002850888 -0.005249339 0.999982178 47.724449158
0.999986947 0.004152223 -0.003011228 0.923521936 -0.004133126 0.999971509 0.006320593 -1.340206027 0.003037387 -0.006308064 0.999975443 48.254028320
0.999989331 0.003308358 -0.003216384 0.933213949 -0.003287256 0.999973297 0.006543933 -1.354727983 0.003237948 -0.006533292 0.999973357 48.787441254
0.999988914 0.004328321 -0.001848551 0.916952610 -0.004317538 0.999973893 0.005798014 -1.359067678 0.001873598 -0.005789968 0.999981403 49.334163666
0.999985337 0.004771348 -0.002555799 0.953650415 -0.004752872 0.999962866 0.007187285 -1.388244390 0.002589996 -0.007175033 0.999970913 49.882030487
0.999988854 0.003917978 -0.002644053 0.959179580 -0.003899548 0.999968231 0.006940212 -1.397840261 0.002671161 -0.006929825 0.999972403 50.407318115
0.999985397 0.004640750 -0.002775076 0.966909528 -0.004623392 0.999969900 0.006228987 -1.403644919 0.002803900 -0.006216065 0.999976695 50.920581818
0.999987006 0.004276881 -0.002779877 0.985215485 -0.004257602 0.999967098 0.006904517 -1.416667819 0.002809316 -0.006892592 0.999972284 51.482021332
0.999984384 0.005045638 -0.002396409 0.984591007 -0.005029193 0.999964118 0.006820193 -1.432023644 0.002430735 -0.006808034 0.999973893 52.002960205
0.999985516 0.004883317 -0.002241255 0.997329772 -0.004868187 0.999965668 0.006705864 -1.445034385 0.002273923 -0.006694857 0.999975026 52.535564423
0.999986768 0.004646097 -0.002201404 1.007495522 -0.004631330 0.999967039 0.006665408 -1.452448606 0.002232298 -0.006655125 0.999975383 53.064487457
0.999985337 0.005131632 -0.001697278 1.001717687 -0.005120337 0.999965131 0.006595476 -1.470232010 0.001731065 -0.006586689 0.999976814 53.600502014
0.999987483 0.004756336 -0.001562534 1.013683915 -0.004746613 0.999969661 0.006168214 -1.485280752 0.001591825 -0.006160719 0.999979734 54.135494232
0.999987304 0.004837667 -0.001383043 1.026771903 -0.004828749 0.999967992 0.006379513 -1.500088334 0.001413861 -0.006372755 0.999978662 54.656681061
0.999987364 0.004784781 -0.001506566 1.038267970 -0.004774747 0.999966800 0.006594394 -1.513402224 0.001538070 -0.006587117 0.999977112 55.203834534
0.999983966 0.005452150 -0.001525410 1.057076812 -0.005442315 0.999964833 0.006379458 -1.527465224 0.001560138 -0.006371054 0.999978483 55.736347198
0.999984205 0.005287632 -0.001911279 1.065768957 -0.005274211 0.999961853 0.006959690 -1.543414235 0.001948007 -0.006949499 0.999973953 56.278564453
0.999986231 0.004988300 -0.001714179 1.073403120 -0.004976181 0.999963105 0.007004204 -1.562542677 0.001749056 -0.006995577 0.999973953 56.837165833
0.999979734 0.006022210 -0.002028161 1.091043949 -0.006007770 0.999957085 0.007052327 -1.590757132 0.002070544 -0.007039999 0.999973059 57.389106750
0.999974191 0.006989276 -0.001668298 1.082095146 -0.006977084 0.999949694 0.007205607 -1.597111702 0.001718576 -0.007193781 0.999972582 57.907482147
0.999977231 0.006619389 -0.001299955 1.111010671 -0.006610867 0.999957442 0.006453453 -1.595738411 0.001342617 -0.006444713 0.999978304 58.462848663
0.999972463 0.007360370 -0.000857276 1.104158401 -0.007354194 0.999948442 0.006997885 -1.609286070 0.000908740 -0.006991388 0.999975145 59.011047363
0.999976814 0.006717970 -0.001091316 1.117781520 -0.006709978 0.999951661 0.007168942 -1.628362298 0.001139425 -0.007161453 0.999973774 59.557544708
0.999982715 0.005617123 -0.001736259 1.126403570 -0.005605031 0.999960542 0.006893471 -1.637220979 0.001774912 -0.006883620 0.999974728 60.133663177
0.999979615 0.006250553 -0.001314813 1.141535521 -0.006241488 0.999957502 0.006788245 -1.641243100 0.001357187 -0.006779900 0.999976099 60.679569244
0.999983191 0.005576203 -0.001573439 1.149545193 -0.005565589 0.999962270 0.006670268 -1.652408600 0.001610575 -0.006661400 0.999976516 61.266628265
0.999985993 0.005106912 -0.001471348 1.162100911 -0.005096940 0.999964535 0.006702805 -1.659839511 0.001505526 -0.006695210 0.999976456 61.822933197
0.999987781 0.004750852 -0.001461380 1.174294829 -0.004741214 0.999967456 0.006529475 -1.668718934 0.001492353 -0.006522466 0.999977589 62.384384155
0.999986470 0.005052622 -0.001195532 1.185736656 -0.005044880 0.999966860 0.006393643 -1.686875224 0.001227796 -0.006387526 0.999978781 62.922836304
0.999982238 0.005816821 -0.001258380 1.188502073 -0.005808039 0.999959648 0.006873493 -1.701456070 0.001298312 -0.006866063 0.999975562 63.463359833
0.999984682 0.005439633 -0.000954908 1.207244754 -0.005433261 0.999963760 0.006553766 -1.711190820 0.000990524 -0.006548477 0.999978065 64.011703491
0.999985278 0.005342795 -0.000929541 1.216941357 -0.005336332 0.999962509 0.006820863 -1.726355672 0.000965948 -0.006815804 0.999976277 64.547622681
0.999985456 0.005305696 -0.000904849 1.225505590 -0.005299735 0.999965012 0.006468439 -1.735608816 0.000939137 -0.006463550 0.999978662 65.083198547
0.999987960 0.004808897 -0.000981535 1.244993329 -0.004802430 0.999967396 0.006487812 -1.746296644 0.001012702 -0.006483019 0.999978483 65.613121033
0.999986947 0.005012074 -0.000976340 1.259262800 -0.005005660 0.999966502 0.006463999 -1.762624264 0.001008706 -0.006459027 0.999978602 66.153511047
0.999988437 0.004695068 -0.001048915 1.267773867 -0.004688796 0.999971569 0.005905950 -1.766017079 0.001076614 -0.005900965 0.999981999 66.716285706
0.999987841 0.004827280 -0.000932382 1.279219270 -0.004821314 0.999968469 0.006301554 -1.789881706 0.000962772 -0.006296983 0.999979734 67.255989075
0.999987602 0.004910714 -0.000858848 1.293246746 -0.004905424 0.999969542 0.006056914 -1.798473716 0.000888566 -0.006052626 0.999981284 67.793464661
0.999986827 0.004994839 -0.001142955 1.307737708 -0.004988294 0.999971509 0.005660734 -1.808937430 0.001171197 -0.005654960 0.999983251 68.344223022
0.999985278 0.005279435 -0.001234893 1.321361542 -0.005271858 0.999967694 0.006062871 -1.827363849 0.001266862 -0.006056271 0.999980867 68.885841370
0.999987423 0.004819817 -0.001356005 1.324756742 -0.004811483 0.999969840 0.006084276 -1.838855147 0.001385290 -0.006077675 0.999980569 69.432579041
0.999985218 0.005370141 -0.000856876 1.338498712 -0.005365324 0.999970317 0.005528303 -1.854136944 0.000886539 -0.005523624 0.999984324 69.977386475
0.999986827 0.005083118 -0.000692358 1.345870018 -0.005078920 0.999969482 0.005935838 -1.867934108 0.000722510 -0.005932243 0.999982119 70.528892517
0.999988198 0.004770999 -0.000819508 1.360229611 -0.004766676 0.999975085 0.005200080 -1.860233784 0.000844297 -0.005196113 0.999986172 71.097343445
0.999989986 0.004396125 -0.000723918 1.371364832 -0.004392397 0.999977469 0.005072159 -1.874356389 0.000746200 -0.005068928 0.999986827 71.673561096
0.999980688 0.006117623 0.001098889 1.362661362 -0.006124323 0.999962032 0.006199899 -1.902759314 -0.001060918 -0.006206509 0.999980152 72.195892334
0.999988973 0.004678828 -0.000265784 1.381918192 -0.004677338 0.999974847 0.005355626 -1.905509949 0.000290835 -0.005354324 0.999985576 72.762794495
0.999992907 0.003717394 -0.000538063 1.403362274 -0.003714584 0.999979913 0.005130062 -1.919991016 0.000557121 -0.005128027 0.999986708 73.305854797
0.999979377 0.006352542 0.000948229 1.387688756 -0.006357225 0.999967217 0.005020380 -1.926778674 -0.000916305 -0.005026305 0.999986947 73.790367126
0.999978244 0.006539295 0.000854749 1.403572679 -0.006543288 0.999967277 0.004753146 -1.934918165 -0.000823639 -0.004758635 0.999988317 74.295356750
0.999979556 0.006349883 0.000753176 1.417180896 -0.006353382 0.999968529 0.004736748 -1.942424178 -0.000723075 -0.004741436 0.999988496 74.797119141
0.999975443 0.006849123 0.001487448 1.418090343 -0.006857393 0.999960661 0.005627643 -1.959653378 -0.001448845 -0.005637705 0.999983072 75.314529419
0.999975026 0.006985086 0.001101844 1.420095325 -0.006990462 0.999963284 0.004953299 -1.969002485 -0.001067205 -0.004960876 0.999987125 75.842025757
0.999969125 0.007632690 0.001856408 1.422379255 -0.007641505 0.999959290 0.004790295 -1.983628511 -0.001819769 -0.004804333 0.999986827 76.358673096
0.999968410 0.007602999 0.002306796 1.395229578 -0.007614966 0.999957383 0.005224133 -1.997179747 -0.002266980 -0.005241534 0.999983609 76.836860657
0.999967933 0.007757948 0.001999744 1.398997784 -0.007768055 0.999956846 0.005096773 -2.008946657 -0.001960117 -0.005112143 0.999985039 77.330116272
0.999967277 0.007874056 0.001858304 1.418419957 -0.007884108 0.999953985 0.005464930 -2.028381109 -0.001815188 -0.005479401 0.999983311 77.872184753
0.999973834 0.006981142 0.001889927 1.431973219 -0.006990794 0.999962330 0.005149932 -2.025520086 -0.001853904 -0.005163010 0.999984920 78.398078918
0.999963343 0.008149177 0.002619900 1.437311411 -0.008161825 0.999954939 0.004853121 -2.043539047 -0.002580233 -0.004874326 0.999984741 78.940864563
0.999966323 0.007824053 0.002482147 1.449057579 -0.007837490 0.999954402 0.005450596 -2.069982052 -0.002439388 -0.005469867 0.999982059 79.465293884
0.999969602 0.007507434 0.002071667 1.475113392 -0.007517353 0.999960065 0.004822654 -2.078309059 -0.002035379 -0.004838081 0.999986172 80.002861023
0.999971271 0.006664194 0.003600173 1.480400681 -0.006682785 0.999964297 0.005177166 -2.090554714 -0.003565543 -0.005201077 0.999980092 80.515792847
0.999959648 0.007576666 0.004810113 1.487857461 -0.007598115 0.999961197 0.004456982 -2.102209091 -0.004776157 -0.004493352 0.999978483 81.057235718
0.999963105 0.006650980 0.005440022 1.521813035 -0.006675629 0.999967456 0.004525441 -2.108820438 -0.005409747 -0.004561590 0.999974906 81.628417969
0.999956191 0.006649208 0.006578096 1.524521828 -0.006676951 0.999968827 0.004204714 -2.114197493 -0.006549933 -0.004248451 0.999969542 82.129638672
0.999924719 0.007023219 0.010063111 1.545644760 -0.007064217 0.999966860 0.004044397 -2.127625942 -0.010034373 -0.004115181 0.999941111 82.657524109
0.999867380 0.007693926 0.014353671 1.554777861 -0.007761599 0.999958992 0.004664820 -2.145557165 -0.014317189 -0.004775609 0.999886096 83.204879761
0.999813676 0.008015846 0.017559079 1.576852560 -0.008106475 0.999954104 0.005096338 -2.167533159 -0.017517425 -0.005237731 0.999832809 83.733230591
0.999740422 0.007518511 0.021505564 1.607511878 -0.007630454 0.999957860 0.005128065 -2.178184509 -0.021466099 -0.005290831 0.999755561 84.286972046
0.999589324 0.008129220 0.027477099 1.630568504 -0.008284994 0.999950230 0.005560233 -2.189452887 -0.027430531 -0.005785597 0.999606907 84.789794922
0.999409676 0.008115084 0.033382583 1.666929960 -0.008284123 0.999953568 0.004928444 -2.199432850 -0.033341039 -0.005202079 0.999430478 85.344139099
0.999189794 0.008275169 0.039385721 1.701481700 -0.008472680 0.999952316 0.004850474 -2.211286306 -0.039343711 -0.005180248 0.999212265 85.890777588
0.998824060 0.008596452 0.047714051 1.742699146 -0.008839407 0.999948919 0.004883223 -2.224945068 -0.047669645 -0.005299245 0.998849094 86.436088562
0.998416901 0.007797806 0.055703375 1.799571753 -0.008049693 0.999958336 0.004298964 -2.235963583 -0.055667527 -0.004740554 0.998438060 86.987205505
0.997988880 0.008018231 0.062880524 1.844318151 -0.008307103 0.999956131 0.004333861 -2.246415138 -0.062843017 -0.004847500 0.998011649 87.551521301
0.997374237 0.007871126 0.071991041 1.894753456 -0.008231873 0.999954998 0.004715698 -2.267116070 -0.071950682 -0.005295937 0.997394145 88.070777893
0.996599674 0.007726939 0.082033113 1.958414555 -0.008094950 0.999958634 0.004154470 -2.278544903 -0.081997618 -0.004804397 0.996620953 88.603614807
0.995860755 0.007495072 0.090582035 2.030361652 -0.007899594 0.999960363 0.004108119 -2.293839931 -0.090547621 -0.004806677 0.995880663 89.159523010
0.995149493 0.006835241 0.098135673 2.093142509 -0.007230485 0.999967098 0.003672437 -2.297002316 -0.098107331 -0.004364193 0.995166242 89.717872620
0.994090497 0.006970223 0.108329833 2.174039841 -0.007402778 0.999966145 0.003591299 -2.310881615 -0.108301140 -0.004372018 0.994108498 90.236793518
0.992982447 0.006785044 0.118067212 2.268665314 -0.007251942 0.999967515 0.003525341 -2.321278095 -0.118039452 -0.004356819 0.992999375 90.786895752
0.991839230 0.005769931 0.127363935 2.359547615 -0.006217541 0.999975801 0.003117126 -2.335875511 -0.127342850 -0.003883579 0.991851151 91.327980042
0.990277886 0.005880511 0.138978943 2.454471588 -0.006399909 0.999974072 0.003290634 -2.351032257 -0.138956025 -0.004148094 0.990289867 91.865753174
0.988434434 0.005296533 0.151555538 2.560149193 -0.005834315 0.999978185 0.003103947 -2.362501144 -0.151535779 -0.003952271 0.988443851 92.408294678
0.986691058 0.005465437 0.162514359 2.666715622 -0.006105097 0.999975443 0.003436887 -2.383233070 -0.162491620 -0.004383313 0.986700177 92.956207275
0.984965026 0.005044011 0.172680363 2.788689613 -0.005662289 0.999979198 0.003088080 -2.392291546 -0.172661200 -0.004019416 0.984973073 93.504798889
0.982700408 0.004304360 0.185152680 2.911398888 -0.004924817 0.999983728 0.002891288 -2.407203913 -0.185137212 -0.003753113 0.982705534 94.032218933
0.980131269 0.004793879 0.198291883 3.038689613 -0.005545540 0.999979377 0.003235514 -2.424213171 -0.198272288 -0.004270864 0.980137646 94.597404480
0.978018641 0.004570043 0.208467275 3.166561127 -0.005398172 0.999979734 0.003403710 -2.439215183 -0.208447456 -0.004454235 0.978023350 95.132644653
0.975265861 0.004401011 0.220991164 3.315460205 -0.005236983 0.999981105 0.003197060 -2.456682444 -0.220972911 -0.004275310 0.975270510 95.658538818
0.972022891 0.004203385 0.234848425 3.455030441 -0.005093949 0.999981940 0.003185569 -2.465159416 -0.234830767 -0.004292752 0.972026765 96.184753418
0.969199061 0.004488495 0.246237546 3.606708527 -0.005522056 0.999978602 0.003507068 -2.478296757 -0.246216506 -0.004758785 0.969203115 96.706146240
0.966442883 0.003487923 0.256857872 3.780403137 -0.004429341 0.999985397 0.003086662 -2.500835657 -0.256843328 -0.004120793 0.966444373 97.230476379
0.962810278 0.003451261 0.270156413 3.951782227 -0.004553791 0.999983668 0.003454417 -2.515233040 -0.270140082 -0.004556186 0.962810278 97.752098083
0.959274292 0.002840859 0.282461971 4.131650925 -0.003749655 0.999989390 0.002676888 -2.522558689 -0.282451391 -0.003627005 0.959274888 98.292304993
0.955825269 0.002419538 0.293925434 4.315576553 -0.003449785 0.999989569 0.002986741 -2.544137239 -0.293915153 -0.003868781 0.955823660 98.805564880
0.951476455 0.002436253 0.307711840 4.506525040 -0.003583821 0.999988556 0.003164312 -2.556992292 -0.307700634 -0.004113553 0.951474249 99.314834595
0.946949542 0.001838827 0.321377009 4.708103180 -0.003010242 0.999990523 0.003148135 -2.572168112 -0.321368217 -0.003948548 0.946946084 99.815101624
0.942986131 0.001520157 0.332828283 4.916452408 -0.002620256 0.999992490 0.002856488 -2.581810236 -0.332821429 -0.003565724 0.942983150 100.338821411
0.938334346 0.001300667 0.345726818 5.124599457 -0.002549510 0.999991775 0.003157515 -2.601346731 -0.345719784 -0.003844239 0.938329935 100.850227356
0.932700753 0.000758789 0.360650480 5.333946228 -0.001930529 0.999993980 0.002888728 -2.618308306 -0.360646039 -0.003390565 0.932696640 101.354156494
0.927953660 -0.000200999 0.372695774 5.551929474 -0.000838337 0.999996126 0.002626638 -2.631436825 -0.372694820 -0.002749843 0.927949905 101.845848083
0.923237681 0.000032211 0.384229392 5.807916641 -0.001463192 0.999992967 0.003431969 -2.661736727 -0.384226590 -0.003730724 0.923231304 102.384979248
0.916995108 0.001452017 0.398895800 6.042530060 -0.003594709 0.999982774 0.004623610 -2.679451704 -0.398882240 -0.005673741 0.916984677 102.887031555
0.911225677 -0.000200175 0.411907464 6.314983368 -0.001392029 0.999992669 0.003565427 -2.693039656 -0.411905169 -0.003822294 0.911218703 103.451194763
0.906194031 0.000276576 0.422862023 6.564365387 -0.001889856 0.999992430 0.003395911 -2.702197075 -0.422857910 -0.003876503 0.906187654 103.935302734
0.900142908 -0.000648721 0.435594261 6.831470490 -0.000942104 0.999993682 0.003436098 -2.720334768 -0.435593724 -0.003503354 0.900136530 104.465675354
0.893433392 -0.000171079 0.449195713 7.100063324 -0.001480744 0.999993384 0.003325997 -2.725425720 -0.449193388 -0.003636700 0.893427134 104.954811096
0.887347519 -0.001119687 0.461099923 7.382652283 -0.000544344 0.999993801 0.003475825 -2.749629021 -0.461100906 -0.003335262 0.887341440 105.463058472
0.881470203 -0.001916430 0.472235709 7.663787842 0.000170098 0.999993026 0.003740674 -2.758200645 -0.472239584 -0.003216967 0.881464422 105.935447693
0.873989165 -0.001450807 0.485943288 7.959426880 -0.000528707 0.999992132 0.003936424 -2.780798435 -0.485945106 -0.003697314 0.873981476 106.441253662
0.866883278 -0.001506375 0.498508722 8.257678986 -0.000419436 0.999992907 0.003751121 -2.790033579 -0.498510838 -0.003460877 0.866876543 106.897064209
0.860430181 -0.002188379 0.509563684 8.566070557 0.000341514 0.999993026 0.003717915 -2.804859161 -0.509568274 -0.003024983 0.860424876 107.396484375
0.852675080 -0.001868606 0.522438288 8.883106232 0.000011829 0.999993742 0.003557372 -2.810989141 -0.522441626 -0.003027102 0.852669597 107.858047485
