1.000000000 0.000000000 0.000000000 0.000000000 0.000000000 1.000000000 0.000000000 0.000000000 0.000000000 0.000000000 1.000000000 0.000000000
1.000000000 0.000068276 0.000162245 -0.006207473 -0.000068281 1.000000000 0.000028498 -0.000851348 -0.000162243 -0.000028509 1.000000000 -0.006025360
0.999999940 0.000264929 0.000081292 0.001594780 -0.000264927 0.999999940 -0.000023993 0.005209811 -0.000081299 0.000023971 1.000000000 -0.004600151
1.000000000 0.000031023 0.000030046 -0.000563449 -0.000031022 1.000000000 -0.000042994 0.002372459 -0.000030048 0.000042993 1.000000000 0.003061915
1.000000000 0.000092685 0.000182839 -0.004455450 -0.000092671 1.000000000 -0.000072842 0.001618374 -0.000182845 0.000072825 1.000000000 -0.000685235
1.000000000 0.000004157 -0.000003682 -0.002428079 -0.000004157 1.000000000 0.000078745 0.001112924 0.000003682 -0.000078745 1.000000000 -0.009841509
1.000000000 0.000097973 0.000099018 -0.005001033 -0.000097979 1.000000000 0.000058297 0.001365532 -0.000099013 -0.000058307 1.000000000 -0.005251880
1.000000000 0.000166749 0.000112665 -0.002033886 -0.000166734 1.000000000 -0.000135283 0.001326604 -0.000112688 0.000135264 1.000000000 -0.005660872
1.000000000 0.000148436 0.000158736 -0.002530442 -0.000148426 1.000000000 -0.000067943 0.002591321 -0.000158746 0.000067919 1.000000000 -0.003530586
1.000000000 0.000163788 0.000088294 -0.001729787 -0.000163783 1.000000000 -0.000051109 0.002973991 -0.000088303 0.000051095 1.000000000 -0.008757710
1.000000000 -0.000008248 0.000084569 -0.002781054 0.000008244 1.000000000 0.000050271 -0.001057928 -0.000084569 -0.000050270 1.000000000 -0.006253347
1.000000000 -0.000068952 0.000025627 -0.002148576 0.000068951 1.000000000 0.000005785 -0.000797775 -0.000025627 -0.000005783 1.000000000 -0.004718694
1.000000000 -0.000026661 0.000068687 0.000998078 0.000026664 1.000000000 -0.000047626 0.002094196 -0.000068686 0.000047628 1.000000000 -0.002666835
1.000000000 -0.000058555 0.000048361 -0.003962363 0.000058554 1.000000000 0.000008608 0.003788728 -0.000048361 -0.000008605 1.000000000 -0.004097539
0.999999940 -0.000294978 -0.000025588 -0.001733238 0.000294980 0.999999940 0.000110246 -0.000579698 0.000025556 -0.000110253 1.000000000 -0.003237345
1.000000000 -0.000052315 0.000141979 -0.006594862 0.000052310 1.000000000 0.000030497 -0.000829955 -0.000141980 -0.000030489 1.000000000 -0.003728754
1.000000000 0.000037931 0.000061050 -0.003557550 -0.000037934 1.000000000 0.000055976 0.001126345 -0.000061047 -0.000055978 1.000000000 -0.006744487
1.000000000 -0.000200311 -0.000009725 -0.002156191 0.000200312 1.000000000 0.000082388 -0.000322237 0.000009708 -0.000082390 1.000000000 -0.006550911
1.000000000 0.000055093 -0.000036519 0.000044682 -0.000055094 1.000000000 -0.000038041 0.000612867 0.000036517 0.000038043 1.000000000 -0.010892373
1.000000000 -0.000061346 0.000050602 -0.001032363 0.000061344 1.000000000 0.000026622 0.000099268 -0.000050603 -0.000026619 1.000000000 -0.010212838
1.000000000 0.000081863 0.000226116 -0.006975757 -0.000081871 1.000000000 0.000036909 0.000151498 -0.000226113 -0.000036927 1.000000000 -0.006577692
1.000000000 -0.000054091 0.000079963 -0.001391717 0.000054087 1.000000000 0.000048050 0.000968101 -0.000079966 -0.000048046 1.000000000 -0.009332992
1.000000000 -0.000105851 0.000047325 -0.001873381 0.000105846 1.000000000 0.000109662 0.001526834 -0.000047336 -0.000109657 1.000000000 -0.006324062
1.000000000 0.000056889 -0.000082461 0.005131207 -0.000056883 1.000000000 0.000073582 0.000545704 0.000082466 -0.000073578 1.000000000 -0.007397783
1.000000000 -0.000023422 0.000008904 -0.000327292 0.000023421 1.000000000 0.000096792 -0.001063018 -0.000008907 -0.000096792 1.000000000 -0.007018324
1.000000000 0.000069323 0.000176255 -0.005700507 -0.000069323 1.000000000 0.000002048 -0.001315527 -0.000176254 -0.000002060 1.000000000 -0.007543087
1.000000000 0.000078329 0.000123518 -0.005335766 -0.000078344 1.000000000 0.000118349 -0.000399551 -0.000123508 -0.000118358 1.000000000 -0.006835219
1.000000000 -0.000183114 -0.000014080 -0.004196653 0.000183114 1.000000000 0.000021906 0.002669057 0.000014076 -0.000021908 1.000000000 -0.006042982
1.000000000 -0.000180517 -0.000004344 -0.000834656 0.000180517 1.000000000 0.000127144 -0.002351412 0.000004321 -0.000127145 1.000000000 -0.000677610
1.000000000 -0.000162455 0.000082653 -0.005031866 0.000162449 1.000000000 0.000080406 0.000445441 -0.000082666 -0.000080392 1.000000000 -0.002219743
1.000000000 -0.000224321 0.000080907 -0.004159690 0.000224306 0.999999940 0.000191323 -0.000914221 -0.000080950 -0.000191305 1.000000000 -0.005120168
1.000000000 -0.000137318 -0.000020829 0.000123297 0.000137319 1.000000000 0.000030588 0.000683268 0.000020825 -0.000030591 1.000000000 -0.005048512
1.000000000 -0.000127594 0.000001991 -0.003901470 0.000127594 1.000000000 -0.000046108 0.001199357 -0.000001985 0.000046108 1.000000000 -0.005416751
1.000000000 0.000046040 0.000049995 -0.005181805 -0.000046037 1.000000000 -0.000063847 0.005362072 -0.000049998 0.000063844 1.000000000 -0.008931556
1.000000000 -0.000079040 0.000053047 -0.006556539 0.000079042 1.000000000 -0.000051070 0.002546089 -0.000053043 0.000051074 1.000000000 -0.011356636
1.000000000 -0.000178996 -0.000085064 0.000156016 0.000178995 1.000000000 -0.000009009 -0.000039078 0.000085066 0.000008994 1.000000000 -0.003015937
0.999999940 -0.000310289 0.000011179 -0.003580942 0.000310287 0.999999940 0.000210454 -0.002569062 -0.000011244 -0.000210451 1.000000000 -0.004981303
1.000000000 -0.000022909 0.000035617 -0.000058560 0.000022903 1.000000000 0.000170524 -0.002279211 -0.000035621 -0.000170523 1.000000000 0.003029978
0.999999881 -0.000412010 -0.000201296 0.002685115 0.000412048 0.999999881 0.000192215 -0.002294428 0.000201217 -0.000192298 0.999999940 -0.006052420
1.000000000 -0.000130714 0.000036007 0.002824498 0.000130737 0.999999762 -0.000635251 -0.004349839 -0.000035924 0.000635256 0.999999821 0.049850468
1.000000000 0.000014575 -0.000104357 0.002727879 -0.000014712 0.999999166 -0.001308947 -0.002968288 0.000104338 0.001308948 0.999999166 0.138930589
0.999999940 -0.000277041 -0.000256107 0.008355737 0.000276702 0.999999106 -0.001322588 -0.010824879 0.000256473 0.001322517 0.999999106 0.259190917
0.999999940 -0.000264483 -0.000045086 0.002419602 0.000264429 0.999999225 -0.001201127 -0.017042169 0.000045403 0.001201115 0.999999285 0.389650226
1.000000000 -0.000019337 -0.000188243 0.008507779 0.000019097 0.999999166 -0.001273820 -0.018483916 0.000188267 0.001273817 0.999999166 0.540211380
0.999999940 0.000278148 0.000167355 0.007298396 -0.000277956 0.999999285 -0.001145580 -0.028816899 -0.000167674 0.001145533 0.999999344 0.689456642
0.999999940 -0.000323337 0.000198309 0.017318692 0.000323496 0.999999642 -0.000805795 -0.029652312 -0.000198048 0.000805859 0.999999642 0.870865881
1.000000000 -0.000137400 0.000012540 0.014823114 0.000137407 0.999999881 -0.000488468 -0.034102239 -0.000012473 0.000488470 0.999999881 1.020265937
1.000000000 -0.000057478 0.000145620 0.020547651 0.000057566 0.999999821 -0.000605754 -0.043327570 -0.000145585 0.000605763 0.999999821 1.233859420
0.999999762 -0.000471978 -0.000503375 0.045247529 0.000471661 0.999999702 -0.000629510 -0.050957892 0.000503672 0.000629273 0.999999702 1.447183251
0.999999821 -0.000631251 0.000117919 0.034110308 0.000631060 0.999998510 0.001611378 -0.101670466 -0.000118936 -0.001611303 0.999998689 1.630235076
0.999999523 -0.000695447 0.000762497 0.033888899 0.000694332 0.999998689 0.001462345 -0.104785353 -0.000763513 -0.001461815 0.999998629 1.839944243
0.999999046 -0.001347244 -0.000002960 0.042649135 0.001347247 0.999996662 0.002170383 -0.117059857 0.000000036 -0.002170385 0.999997616 2.038227081
0.999998868 -0.001539327 0.000072019 0.048728716 0.001539176 0.999996662 0.002048432 -0.124364927 -0.000075172 -0.002048319 0.999997854 2.263954401
0.999999285 -0.001145465 0.000373799 0.048879664 0.001144687 0.999997199 0.002073860 -0.126368180 -0.000376174 -0.002073431 0.999997795 2.473662376
0.999998927 -0.001420759 -0.000131568 0.057967201 0.001421023 0.999996841 0.002023288 -0.134724721 0.000128693 -0.002023472 0.999997914 2.710586786
0.999998689 -0.001535458 0.000572139 0.059003010 0.001533989 0.999995589 0.002559585 -0.145744890 -0.000576066 -0.002558704 0.999996543 2.948025942
0.999999046 -0.001132153 0.000809353 0.057558253 0.001129839 0.999995232 0.002853267 -0.161570445 -0.000812579 -0.002852349 0.999995530 3.183516502
0.999999166 -0.000898406 0.000937218 0.059876010 0.000896166 0.999996722 0.002387866 -0.163823411 -0.000939360 -0.002387024 0.999996722 3.441181898
0.999999106 -0.001015532 0.000856700 0.065552153 0.001013066 0.999995351 0.002874932 -0.174322918 -0.000859615 -0.002874061 0.999995470 3.677536488
0.999999523 -0.000601183 0.000793031 0.072648071 0.000598828 0.999995470 0.002965787 -0.179472581 -0.000794810 -0.002965311 0.999995291 3.928776503
0.999999166 -0.001118828 0.000591628 0.089173630 0.001117160 0.999995410 0.002811213 -0.184413895 -0.000594771 -0.002810550 0.999995887 4.205892563
0.999999106 -0.001068002 0.000825974 0.080632150 0.001065013 0.999993026 0.003610382 -0.211462423 -0.000829824 -0.003609500 0.999993086 4.451555729
0.999999106 -0.001048845 0.000788105 0.093846962 0.001046121 0.999993503 0.003449254 -0.211622357 -0.000791717 -0.003448427 0.999993742 4.717053413
0.999999225 -0.000752724 0.001078214 0.097820297 0.000748746 0.999992907 0.003685438 -0.222243220 -0.001080980 -0.003684628 0.999992609 4.973169327
0.999999166 0.000008054 0.001301945 0.112856232 -0.000012731 0.999993503 0.003592692 -0.227234229 -0.001301907 -0.003592706 0.999992669 5.243493557
0.999998868 -0.000299841 0.001509938 0.095221758 0.000294091 0.999992728 0.003806863 -0.236103401 -0.001511068 -0.003806414 0.999991655 5.519312382
0.999998808 -0.000264906 0.001509169 0.092196241 0.000259496 0.999993563 0.003583662 -0.256667674 -0.001510108 -0.003583267 0.999992430 5.792250633
0.999998927 0.000072559 0.001490994 0.095768407 -0.000078325 0.999992430 0.003867332 -0.266741097 -0.001490702 -0.003867444 0.999991357 6.058454037
0.999998510 -0.000584005 0.001643132 0.104521826 0.000577155 0.999991179 0.004166470 -0.276262045 -0.001645551 -0.004165515 0.999989986 6.342751503
0.999998391 -0.000742255 0.001677674 0.107059054 0.000735071 0.999990582 0.004279119 -0.285788208 -0.001680834 -0.004277879 0.999989450 6.623988628
0.999998450 -0.000610349 0.001626182 0.111687280 0.000603502 0.999991000 0.004207296 -0.291838378 -0.001628735 -0.004206308 0.999989867 6.930646420
0.999998689 -0.000761166 0.001412103 0.142883420 0.000754952 0.999989986 0.004395816 -0.308520496 -0.001415435 -0.004394745 0.999989271 7.254452705
0.999998629 -0.001195461 0.001172936 0.153531134 0.001190381 0.999989927 0.004322074 -0.314577192 -0.001178091 -0.004320672 0.999989986 7.560923100
0.999998391 -0.001364129 0.001120608 0.159255356 0.001358905 0.999988198 0.004649430 -0.335097849 -0.001126937 -0.004647900 0.999988556 7.879122734
0.999998450 -0.000680445 0.001618942 0.161899179 0.000672840 0.999988794 0.004693327 -0.337841839 -0.001622118 -0.004692231 0.999987721 8.185949326
0.999997914 -0.000239218 0.002058452 0.157032847 0.000229471 0.999988794 0.004733927 -0.341278762 -0.002059562 -0.004733444 0.999986708 8.503959656
0.999997735 -0.000765804 0.001994462 0.174138844 0.000757270 0.999990582 0.004276248 -0.353605777 -0.001997718 -0.004274728 0.999988854 8.861019135
0.999997258 -0.001128083 0.002054663 0.178688616 0.001118915 0.999989390 0.004457679 -0.361566603 -0.002059670 -0.004455367 0.999987960 9.191326141
0.999997318 -0.001575240 0.001680660 0.198041946 0.001566699 0.999985933 0.005071536 -0.378738225 -0.001688625 -0.005068889 0.999985695 9.513956070
0.999997258 -0.001763529 0.001557819 0.208200216 0.001755617 0.999985576 0.005065844 -0.386305839 -0.001566731 -0.005063096 0.999985933 9.860898972
0.999998152 -0.000952566 0.001700074 0.210204616 0.000943911 0.999986649 0.005084699 -0.392152101 -0.001704895 -0.005083085 0.999985576 10.200486183
0.999997377 -0.000681329 0.002167899 0.223534331 0.000670170 0.999986589 0.005144127 -0.400766045 -0.002171375 -0.005142661 0.999984443 10.528214455
0.999996722 -0.000204123 0.002547668 0.227449715 0.000191653 0.999988019 0.004893647 -0.414010704 -0.002548637 -0.004893143 0.999984801 10.987325668
0.999997079 -0.000964270 0.002225787 0.237952352 0.000953056 0.999986887 0.005033683 -0.421422422 -0.002230613 -0.005031548 0.999984860 11.361444473
0.999996722 -0.000281700 0.002542427 0.240360081 0.000268285 0.999986053 0.005275255 -0.434722155 -0.002543877 -0.005274556 0.999982834 11.749079704
0.999997258 -0.000942263 0.002125277 0.261059940 0.000930476 0.999984205 0.005540451 -0.439263046 -0.002130464 -0.005538458 0.999982357 12.118956566
0.999997199 -0.001037264 0.002114685 0.265493870 0.001025357 0.999983668 0.005624068 -0.452432007 -0.002120483 -0.005621884 0.999981999 12.517663002
0.999995530 -0.000613277 0.002922961 0.280786753 0.000598206 0.999986529 0.005154252 -0.467721254 -0.002926083 -0.005152481 0.999982417 12.913377762
0.999995470 -0.001206721 0.002740605 0.296426266 0.001192393 0.999985635 0.005223361 -0.470441997 -0.002746869 -0.005220070 0.999982595 13.318047523
0.999995708 -0.000872390 0.002796372 0.306315184 0.000858525 0.999987364 0.004955561 -0.480946273 -0.002800660 -0.004953139 0.999983728 13.732294083
0.999993384 0.000291672 0.003638164 0.317236125 -0.000309618 0.999987841 0.004932879 -0.488627940 -0.003636681 -0.004933972 0.999981165 14.149987221
0.999995172 -0.001200767 0.002882542 0.326087713 0.001183027 0.999980390 0.006148200 -0.513890326 -0.002889868 -0.006144760 0.999976873 14.560033798
0.999995053 -0.001117752 0.002936788 0.347668976 0.001101888 0.999984860 0.005397961 -0.527013898 -0.002942777 -0.005394699 0.999981046 15.023756981
0.999993205 -0.002490787 0.002717723 0.412834346 0.002472656 0.999974787 0.006654515 -0.604561925 -0.002734230 -0.006647752 0.999974132 15.450694084
0.999991417 -0.003101153 0.002765960 0.428986251 0.003081766 0.999970913 0.006985802 -0.617562950 -0.002787544 -0.006977217 0.999971807 15.895622253
0.999990702 -0.001311759 0.004092099 0.434142292 0.001284117 0.999976397 0.006750131 -0.622094870 -0.004100857 -0.006744814 0.999968886 16.352092743
0.999990523 -0.001839689 0.003913046 0.454078525 0.001811104 0.999971747 0.007295812 -0.633246005 -0.003926357 -0.007288658 0.999965727 16.789611816
0.999990225 -0.002443575 0.003670590 0.454497963 0.002416012 0.999968946 0.007494702 -0.653303921 -0.003688789 -0.007485760 0.999965191 17.206840515
0.999987304 -0.002550856 0.004356435 0.467525691 0.002518827 0.999969900 0.007341841 -0.672493935 -0.004375032 -0.007330773 0.999963641 17.671411514
0.999989390 -0.001587940 0.004321427 0.493515342 0.001552825 0.999965906 0.008116985 -0.685207605 -0.004334169 -0.008110190 0.999957800 18.134080887
0.999985814 -0.001723695 0.005040578 0.504721880 0.001684701 0.999968708 0.007730152 -0.713957548 -0.005053745 -0.007721551 0.999957442 18.654783249
0.999983549 -0.002497262 0.005168437 0.522705197 0.002457601 0.999967575 0.007665769 -0.716981232 -0.005187413 -0.007652940 0.999957323 19.131187439
0.999985576 -0.001775103 0.005069936 0.537752450 0.001731701 0.999961913 0.008552157 -0.740815222 -0.005084924 -0.008543254 0.999950588 19.595605850
0.999980152 -0.001275745 0.006165501 0.536752224 0.001221037 0.999959886 0.008868944 -0.759228110 -0.006176569 -0.008861240 0.999941647 20.116239548
0.999980628 -0.001655377 0.005994847 0.564509213 0.001603531 0.999961376 0.008642998 -0.754392803 -0.006008923 -0.008633218 0.999944687 20.584026337
0.999983490 -0.001640685 0.005510658 0.578835011 0.001592645 0.999960780 0.008710667 -0.794860303 -0.005524734 -0.008701749 0.999946892 21.035081863
0.999985754 -0.002144823 0.004891531 0.598743737 0.002099996 0.999955952 0.009150930 -0.811067045 -0.004910943 -0.009140530 0.999946177 21.527666092
0.999987483 -0.001355917 0.004821236 0.608276188 0.001316513 0.999965847 0.008166617 -0.807699680 -0.004832143 -0.008160168 0.999955058 22.055541992
0.999988019 -0.002199041 0.004374340 0.624151051 0.002160321 0.999958575 0.008836851 -0.823859632 -0.004393592 -0.008827294 0.999951422 22.564689636
0.999992371 -0.001982329 0.003374226 0.657308698 0.001951308 0.999956012 0.009171966 -0.834086895 -0.003392259 -0.009165312 0.999952257 23.076543808
0.999989450 -0.003636879 0.002812875 0.669512808 0.003609184 0.999945581 0.009789160 -0.886852920 -0.002848324 -0.009778905 0.999948144 23.583766937
0.999989629 -0.004252944 0.001632814 0.680114508 0.004236487 0.999941468 0.009953592 -0.906786799 -0.001675050 -0.009946573 0.999949157 24.106466293
0.999991357 -0.003851495 0.001565064 0.683540046 0.003835059 0.999938786 0.010372554 -0.918896437 -0.001604919 -0.010366462 0.999944985 24.639598846
0.999991477 -0.004016785 0.000894133 0.710250854 0.004007920 0.999944866 0.009704579 -0.921316862 -0.000933065 -0.009700916 0.999952435 25.169197083
0.999993443 -0.003601242 0.000336518 0.720748603 0.003597839 0.999947309 0.009619457 -0.925623417 -0.000371142 -0.009618184 0.999953628 25.714012146
0.999992669 -0.003775727 -0.000757698 0.733748198 0.003782588 0.999949813 0.009266328 -0.925260603 0.000722672 -0.009269125 0.999956727 26.260652542
0.999992847 -0.003730932 -0.000457844 0.738350749 0.003735322 0.999943018 0.009995552 -0.955155492 0.000420525 -0.009997193 0.999949932 26.793685913
0.999991477 -0.003929459 -0.001217103 0.753766894 0.003941746 0.999939620 0.010262928 -0.958977580 0.001176701 -0.010267639 0.999946594 27.345079422
0.999993384 -0.003540853 -0.000853159 0.751586735 0.003549285 0.999942720 0.010093973 -0.974152684 0.000817369 -0.010096935 0.999948680 27.910135269
0.999993980 -0.003261799 -0.001179239 0.771499574 0.003274449 0.999935269 0.010889705 -1.001748800 0.001143643 -0.010893500 0.999939978 28.458786011
0.999994457 -0.002885770 -0.001672111 0.778308928 0.002903783 0.999936700 0.010872507 -1.009849310 0.001640630 -0.010877301 0.999939442 29.024108887
0.999994397 -0.002719749 -0.001934993 0.774921596 0.002740663 0.999936938 0.010888788 -1.020895243 0.001905257 -0.010894027 0.999938846 29.568628311
0.999990940 -0.003708452 -0.002083885 0.797656298 0.003732184 0.999926805 0.011501973 -1.035339594 0.002041078 -0.011509645 0.999931693 30.110406876
0.999990463 -0.003456266 -0.002667229 0.813500702 0.003485468 0.999933064 0.011022699 -1.038134933 0.002628954 -0.011031890 0.999935746 30.663267136
0.999991179 -0.003412452 -0.002423870 0.809998453 0.003439391 0.999931335 0.011198158 -1.060387254 0.002385491 -0.011206397 0.999934435 31.201845169
0.999990880 -0.003017924 -0.003023574 0.842045248 0.003054752 0.999920249 0.012250626 -1.092170358 0.002986363 -0.012259750 0.999920368 31.747762680
0.999992609 -0.002707989 -0.002744908 0.850581586 0.002742140 0.999917984 0.012515053 -1.105100632 0.002710792 -0.012522487 0.999917924 32.291858673
0.999991655 -0.003151012 -0.002585277 0.869900763 0.003182668 0.999918878 0.012333720 -1.102278113 0.002546203 -0.012341846 0.999920607 32.869777679
0.999988139 -0.003310498 -0.003579752 0.881403804 0.003353650 0.999920964 0.012116272 -1.107509851 0.003539358 -0.012128133 0.999920189 33.391323090
0.999992192 -0.002484948 -0.003088694 0.872051418 0.002519847 0.999932468 0.011346874 -1.110615849 0.003060289 -0.011354566 0.999930859 33.921497345
0.999990821 -0.002670143 -0.003367714 0.881596684 0.002708569 0.999930620 0.011457776 -1.125276804 0.003336887 -0.011466790 0.999928713 34.472053528
0.999985218 -0.003532724 -0.004113396 0.926770508 0.003583153 0.999917686 0.012317295 -1.129552364 0.004069544 -0.012331854 0.999915600 35.004398346
0.999987245 -0.003371727 -0.003747809 0.916330040 0.003415892 0.999924123 0.011840772 -1.126438260 0.003707601 -0.011853425 0.999922812 35.531524658
0.999985397 -0.002737297 -0.004634606 0.949717462 0.002792726 0.999924183 0.011995865 -1.146626115 0.004601419 -0.012008634 0.999917209 36.053550720
0.999983728 -0.003448501 -0.004535605 0.941505551 0.003506314 0.999911904 0.012800762 -1.182677031 0.004491062 -0.012816458 0.999907792 36.634994507
0.999988437 -0.002328322 -0.004237059 0.942518294 0.002380800 0.999919951 0.012422773 -1.186220169 0.004207795 -0.012432717 0.999913871 37.171230316
0.999987960 -0.002374886 -0.004282489 0.962932944 0.002425852 0.999925792 0.011935295 -1.180459023 0.004253828 -0.011945541 0.999919593 37.719669342
0.999987900 -0.002806674 -0.004050587 0.959553242 0.002854022 0.999927044 0.011731021 -1.196435690 0.004017367 -0.011742439 0.999923050 38.278095245
0.999981761 -0.003709654 -0.004763738 0.983338177 0.003771073 0.999908984 0.012949510 -1.232132912 0.004715265 -0.012967238 0.999904811 38.878906250
0.999980867 -0.003534132 -0.005092687 0.993775964 0.003597206 0.999916255 0.012429698 -1.236329556 0.005048332 -0.012447780 0.999909818 39.439861298
0.999979079 -0.003739594 -0.005259332 0.993404865 0.003802639 0.999920368 0.012028897 -1.232108712 0.005213931 -0.012048645 0.999913752 39.943309784
0.999979615 -0.003941302 -0.005014414 1.009515047 0.004008329 0.999901831 0.013427887 -1.267479420 0.004960999 -0.013447714 0.999897242 40.483203888
0.999984980 -0.003387681 -0.004321883 1.004573584 0.003445430 0.999903977 0.013425136 -1.280891776 0.004275989 -0.013439824 0.999900520 41.035606384
0.999984980 -0.003144299 -0.004499018 1.025012016 0.003198653 0.999921441 0.012125649 -1.276985765 0.004460538 -0.012139860 0.999916315 41.573799133
0.999983609 -0.003001536 -0.004896434 1.042293549 0.003061390 0.999920249 0.012262723 -1.287604809 0.004859239 -0.012277513 0.999912739 42.152164459
0.999989867 -0.001666243 -0.004187652 1.031777501 0.001717963 0.999921978 0.012377324 -1.301692486 0.004166702 -0.012384394 0.999914587 42.686222076
0.999987185 -0.002099923 -0.004614989 1.059807897 0.002155649 0.999924481 0.012103450 -1.307375908 0.004589223 -0.012113244 0.999916077 43.225433350
0.999983191 -0.003167810 -0.004860692 1.079881310 0.003234760 0.999899030 0.013828254 -1.328784227 0.004816396 -0.013843745 0.999892592 43.742679596
0.999982119 -0.003239169 -0.005027378 1.085417986 0.003313362 0.999884665 0.014820220 -1.342049599 0.004978791 -0.014836613 0.999877572 44.280517578
0.999985337 -0.002862742 -0.004592588 1.101862907 0.002925579 0.999901414 0.013734378 -1.333872080 0.004552817 -0.013747614 0.999895096 44.864685059
0.999985039 -0.003140284 -0.004465254 1.097876310 0.003202592 0.999896646 0.014016190 -1.348565578 0.004420776 -0.014030281 0.999891818 45.381008148
0.999986231 -0.002989533 -0.004315077 1.130697727 0.003045986 0.999909103 0.013135946 -1.338462114 0.004275413 -0.013148909 0.999904394 45.897441864
0.999987006 -0.003056887 -0.004057674 1.124295712 0.003113437 0.999897122 0.014003762 -1.371626139 0.004014448 -0.014016216 0.999893665 46.489143372
0.999983430 -0.003921167 -0.004218296 1.139963984 0.003980048 0.999893486 0.014041872 -1.379122853 0.004162786 -0.014058429 0.999892473 47.036872864
0.999990344 -0.002449172 -0.003649846 1.130802512 0.002498288 0.999905527 0.013513949 -1.388161659 0.003616404 -0.013522939 0.999902010 47.617557526
0.999985516 -0.002972197 -0.004489803 1.178882837 0.003031293 0.999908149 0.013213505 -1.386677742 0.004450116 -0.013226924 0.999902546 48.195156097
0.999987960 -0.002083443 -0.004444784 1.187595606 0.002144586 0.999902606 0.013796144 -1.392383575 0.004415606 -0.013805511 0.999894857 48.680335999
0.999985933 -0.003457735 -0.004018575 1.173951745 0.003516577 0.999885380 0.014728721 -1.434599161 0.003967187 -0.014742646 0.999883413 49.260463715
0.999988496 -0.003163444 -0.003607993 1.173649549 0.003215943 0.999887586 0.014639257 -1.441740274 0.003561277 -0.014650693 0.999886274 49.779891968
0.999988437 -0.003208086 -0.003584503 1.187819958 0.003259825 0.999889195 0.014522506 -1.447348833 0.003537516 -0.014534023 0.999888062 50.329322815
0.999984682 -0.004138442 -0.003693832 1.195647120 0.004190481 0.999890387 0.014193337 -1.450217366 0.003634691 -0.014208597 0.999892354 50.888134003
0.999985695 -0.003364842 -0.004176764 1.211481214 0.003420975 0.999902904 0.013505814 -1.446918726 0.004130915 -0.013519909 0.999900043 51.466739655
0.999990344 -0.003041282 -0.003157302 1.213390589 0.003088262 0.999882996 0.014983574 -1.469312668 0.003111363 -0.014993181 0.999882698 51.945415497
0.999993026 -0.002229138 -0.002986764 1.205971479 0.002275515 0.999875486 0.015615304 -1.477753639 0.002951584 -0.015621992 0.999873519 52.486904144
0.999993324 -0.002543861 -0.002600848 1.215314150 0.002580777 0.999894619 0.014290337 -1.477933884 0.002564219 -0.014296953 0.999894559 53.033386230
0.999994040 -0.002726574 -0.002154978 1.227047801 0.002757767 0.999889433 0.014606933 -1.481860161 0.002114911 -0.014612788 0.999890983 53.569351196
0.999991238 -0.003105791 -0.002816297 1.248123169 0.003147714 0.999882460 0.015005733 -1.499023676 0.002769362 -0.015014470 0.999883413 54.101825714
0.999993265 -0.002869699 -0.002308320 1.252192140 0.002904665 0.999878824 0.015289506 -1.510477304 0.002264164 -0.015296108 0.999880433 54.630634308
0.999994278 -0.002704802 -0.002056766 1.227114439 0.002735477 0.999882817 0.015059906 -1.513814211 0.002015792 -0.015065449 0.999884427 55.149662018
0.999989271 -0.003379991 -0.003168874 1.284246206 0.003425318 0.999890387 0.014409092 -1.519130945 0.003119824 -0.014419792 0.999891222 55.693592072
0.999993145 -0.002632404 -0.002655361 1.277767897 0.002670783 0.999890566 0.014554943 -1.513060093 0.002616755 -0.014561934 0.999890506 56.211723328
0.999995232 -0.002668718 -0.001545890 1.262701154 0.002692587 0.999873936 0.015649369 -1.555776119 0.001503929 -0.015653454 0.999876320 56.736171722
0.999995351 -0.002795184 -0.001187664 1.275472164 0.002813449 0.999873340 0.015665866 -1.571619153 0.001143723 -0.015669135 0.999876559 57.287532806
0.999994338 -0.003028279 -0.001452997 1.288063765 0.003051403 0.999864340 0.016185591 -1.575074911 0.001403785 -0.016189933 0.999867916 57.834609985
0.999994993 -0.002870661 -0.001332504 1.298758507 0.002891031 0.999875009 0.015545370 -1.580799103 0.001287712 -0.015549144 0.999878287 58.414562225
0.999993980 -0.003256775 -0.001241148 1.282639265 0.003274606 0.999887407 0.014645889 -1.581720591 0.001193311 -0.014649866 0.999891877 58.974182129
0.999996066 -0.002743762 -0.000628749 1.289192200 0.002753453 0.999868691 0.015970316 -1.615979195 0.000584848 -0.015971981 0.999872267 59.407245636
0.999997199 -0.002302473 -0.000436254 1.292177081 0.002308850 0.999881387 0.015229031 -1.615463257 0.000401139 -0.015230000 0.999884009 59.938140869
0.999996126 -0.002776480 -0.000417133 1.319402695 0.002782549 0.999878585 0.015329511 -1.625161409 0.000374522 -0.015330611 0.999882460 60.502300262
0.999998569 -0.001714394 0.000279094 1.296704650 0.001709737 0.999871910 0.015912974 -1.626096010 -0.000306338 -0.015912471 0.999873400 61.026222229
0.999996364 -0.002686956 0.000216870 1.324475408 0.002683176 0.999870539 0.015864499 -1.645193458 -0.000259469 -0.015863864 0.999874115 61.520992279
0.999996006 -0.002768142 -0.000633272 1.332198858 0.002777754 0.999872506 0.015717629 -1.636815071 0.000589681 -0.015719324 0.999876261 62.094932556
0.999993920 -0.003431503 -0.000607509 1.336871862 0.003440601 0.999871254 0.015668532 -1.648566723 0.000553663 -0.015670527 0.999877036 62.624309540
0.999994040 -0.003449004 -0.000342093 1.353627086 0.003453923 0.999872267 0.015606510 -1.644122005 0.000288222 -0.015607598 0.999878228 63.163452148
0.999996305 -0.002688787 0.000407566 1.371559739 0.002681949 0.999869347 0.015939513 -1.663513899 -0.000450369 -0.015938362 0.999872863 63.627578735
0.999994993 -0.003161780 0.000230960 1.393677592 0.003157863 0.999877214 0.015350064 -1.669971347 -0.000279467 -0.015349258 0.999882102 64.180381775
0.999995649 -0.002795293 0.000883712 1.371719956 0.002781145 0.999873996 0.015624532 -1.691529036 -0.000927276 -0.015622008 0.999877512 64.719703674
0.999996841 -0.002470792 0.000359856 1.417517185 0.002464981 0.999879301 0.015341384 -1.674435735 -0.000397717 -0.015340451 0.999882221 65.255897522
0.999996841 -0.002402154 0.000812395 1.423828483 0.002389495 0.999880970 0.015240355 -1.680932879 -0.000848909 -0.015238365 0.999883533 65.845764160
0.999993324 -0.003610172 0.000399018 1.470023155 0.003603797 0.999881566 0.014964136 -1.659333944 -0.000452995 -0.014962600 0.999887943 66.345993042
0.999991655 -0.003911055 0.001172772 1.433826089 0.003892056 0.999867737 0.015786787 -1.704833746 -0.001234360 -0.015782090 0.999874711 66.801467896
0.999992073 -0.003661167 0.001571446 1.438094020 0.003636968 0.999878764 0.015134891 -1.707666159 -0.001626666 -0.015129055 0.999884248 67.358100891
0.999993443 -0.003260714 0.001560583 1.454640031 0.003236391 0.999876976 0.015342538 -1.721874833 -0.001610419 -0.015337387 0.999881089 67.891151428
0.999993384 -0.003399012 0.001304893 1.476262093 0.003377370 0.999862254 0.016244030 -1.756990194 -0.001359927 -0.016239515 0.999867201 68.443664551
0.999988377 -0.004425633 0.001964743 1.466541767 0.004394913 0.999872088 0.015374557 -1.731044054 -0.002032536 -0.015365741 0.999879897 68.915351868
0.999990284 -0.004013659 0.001806991 1.470961571 0.003986340 0.999881327 0.014876096 -1.722222924 -0.001866486 -0.014868747 0.999887705 69.472221375
0.999994040 -0.002952759 0.001739725 1.512682438 0.002926106 0.999881268 0.015128401 -1.748827457 -0.001784189 -0.015123222 0.999884069 69.965812683
0.999989212 -0.004173592 0.002018185 1.516859531 0.004143436 0.999882936 0.014722541 -1.740879774 -0.002079392 -0.014714021 0.999889612 70.505722046
0.999989092 -0.004077720 0.002264503 1.506065607 0.004041612 0.999868155 0.015727490 -1.749916911 -0.002328337 -0.015718164 0.999873757 70.976928711
0.999989808 -0.003919407 0.002224542 1.525759339 0.003885557 0.999879658 0.015022188 -1.752409697 -0.002283152 -0.015013393 0.999884725 71.556541443
0.999989450 -0.003761076 0.002629230 1.524415970 0.003720391 0.999875784 0.015311958 -1.766707301 -0.002686493 -0.015302015 0.999879301 72.087768555
0.999978006 -0.006418166 0.001686002 1.564394832 0.006391139 0.999858260 0.015574314 -1.765859127 -0.001785722 -0.015563196 0.999877274 72.535102844
0.999981642 -0.005690117 0.002125709 1.566183686 0.005657120 0.999868095 0.015219319 -1.777486086 -0.002212029 -0.015207009 0.999881864 73.095962524
0.999980867 -0.005853670 0.001991717 1.588277578 0.005822846 0.999868274 0.015145391 -1.772365689 -0.002080110 -0.015133505 0.999883354 73.638458252
0.999979258 -0.006172202 0.001819568 1.610521436 0.006143784 0.999865055 0.015230414 -1.782593727 -0.001913326 -0.015218917 0.999882400 74.173034668
0.999977827 -0.006087625 0.002694263 1.613605499 0.006044743 0.999859214 0.015647974 -1.801873088 -0.002789144 -0.015631339 0.999873936 74.560714722
0.999979734 -0.005690255 0.002828316 1.622548223 0.005647681 0.999873817 0.014839485 -1.800162792 -0.002912400 -0.014823213 0.999885917 75.106185913
0.999981701 -0.005340607 0.002839350 1.613748312 0.005297373 0.999873102 0.015022274 -1.812454939 -0.002919217 -0.015006959 0.999883175 75.629447937
0.999972880 -0.007031796 0.002196450 1.665691376 0.006998058 0.999862850 0.015007474 -1.809921265 -0.002301678 -0.014991693 0.999884963 76.153816223
0.999973595 -0.006563189 0.003100553 1.654668927 0.006514457 0.999859035 0.015474048 -1.839382768 -0.003201675 -0.015453442 0.999875486 76.590988159
0.999978185 -0.006009613 0.002731890 1.674714565 0.005967556 0.999867320 0.015150297 -1.846235752 -0.002822574 -0.015133660 0.999881566 77.132438660
0.999974787 -0.006666050 0.002423034 1.690270066 0.006627382 0.999855876 0.015630620 -1.853047729 -0.002526880 -0.015614168 0.999874949 77.621513367
0.999967039 -0.007787675 0.002288349 1.696516514 0.007751478 0.999850988 0.015422111 -1.845388770 -0.002408111 -0.015403861 0.999878526 78.169860840
0.999964714 -0.008033829 0.002457314 1.727291942 0.007995383 0.999851286 0.015274637 -1.840233326 -0.002579662 -0.015254453 0.999880373 78.652496338
0.999964595 -0.007693376 0.003413889 1.704506516 0.007639793 0.999851584 0.015440498 -1.844503522 -0.003532175 -0.015413875 0.999874890 79.128387451
0.999966681 -0.007170460 0.003928153 1.717875004 0.007108597 0.999853969 0.015542157 -1.850846648 -0.004039025 -0.015513714 0.999871433 79.693565369
0.999961615 -0.007391118 0.004712292 1.725111127 0.007321090 0.999864995 0.014708315 -1.848473191 -0.004820366 -0.014673250 0.999880731 80.263542175
0.999953270 -0.007227454 0.006420407 1.719229698 0.007138383 0.999879420 0.013789577 -1.839360833 -0.006519294 -0.013743103 0.999884307 80.861824036
0.999943435 -0.007173161 0.007849049 1.752677441 0.007052273 0.999857664 0.015322272 -1.874863505 -0.007957840 -0.015266052 0.999851823 81.218650818
0.999933958 -0.007481114 0.008721644 1.766945601 0.007344748 0.999851763 0.015564044 -1.883504868 -0.008836788 -0.015498956 0.999840915 81.768196106
0.999908566 -0.007018204 0.011565277 1.773666143 0.006839212 0.999857187 0.015444328 -1.905528426 -0.011672018 -0.015363819 0.999813855 82.291046143
0.999855578 -0.007755671 0.015126955 1.810692310 0.007510486 0.999840617 0.016198555 -1.932195663 -0.015250175 -0.016082603 0.999754369 82.865524292
0.999792516 -0.008131224 0.018675568 1.813425779 0.007848986 0.999854565 0.015136591 -1.856840611 -0.018795932 -0.014986870 0.999711037 83.350784302
0.999712944 -0.008146698 0.022529410 1.847340703 0.007807154 0.999855161 0.015118286 -1.868366361 -0.022649312 -0.014938057 0.999631882 83.894508362
0.999547124 -0.007736775 0.029078554 1.863333464 0.007330605 0.999874413 0.014048778 -1.854834437 -0.029183596 -0.013829254 0.999478400 84.443016052
0.999384761 -0.008166214 0.034109861 1.928014755 0.007682377 0.999868333 0.014291739 -1.868646026 -0.034222081 -0.014020907 0.999315977 84.892875671
0.999165595 -0.008631658 0.039919700 1.949122429 0.008070542 0.999866664 0.014195953 -1.871817708 -0.040036913 -0.013861936 0.999102116 85.473983765
0.998771250 -0.008419436 0.048836961 1.978265524 0.007702968 0.999860227 0.014840342 -1.889710307 -0.048955079 -0.014445917 0.998696566 85.992507935
0.998406529 -0.010062088 0.055524960 2.046146393 0.009306218 0.999860764 0.013854961 -1.872122169 -0.055656638 -0.013316156 0.998361170 86.518898010
0.997890115 -0.007275561 0.064516626 2.087498903 0.006234309 0.999847293 0.016325945 -1.943757534 -0.064625554 -0.015889285 0.997783065 87.007362366
0.997271001 -0.007533507 0.073442757 2.151213169 0.006406824 0.999858260 0.015564525 -1.944324255 -0.073549613 -0.015051511 0.997177958 87.553176880
0.996454358 -0.007939703 0.083759665 2.208658695 0.006675312 0.999859571 0.015364734 -1.947816491 -0.083869904 -0.014751136 0.996367514 88.115196228
0.995733500 -0.009667413 0.091767251 2.276299953 0.008324191 0.999852717 0.015008751 -1.950206280 -0.091898836 -0.014180827 0.995667398 88.683799744
0.994883895 -0.007655032 0.100734271 2.349579811 0.006023794 0.999845922 0.016487701 -1.971745253 -0.100844964 -0.015796550 0.994776726 89.235618591
0.993746579 -0.010530812 0.111160569 2.457126617 0.008780323 0.999829829 0.016225198 -2.008764029 -0.111312516 -0.015147712 0.993669987 89.717727661
0.992552817 -0.010538487 0.121357650 2.555319786 0.008571788 0.999823570 0.016716475 -2.021128654 -0.121512391 -0.015551738 0.992468059 90.249160767
0.991360843 -0.011750704 0.130635008 2.641349792 0.009855782 0.999836743 0.015142569 -2.014497280 -0.130791619 -0.013724240 0.991314888 90.780944824
0.989847183 -0.012658211 0.141570881 2.741832733 0.010498795 0.999816954 0.015989833 -2.029042482 -0.141747355 -0.014341166 0.989798963 91.368095398
0.988002956 -0.013350497 0.153857201 2.851001740 0.011151061 0.999823034 0.015149474 -2.026988983 -0.154032260 -0.013252055 0.987976968 91.900222778
0.986202419 -0.013145362 0.165021375 2.958916664 0.010695698 0.999819160 0.015724396 -2.042375803 -0.165198252 -0.013742419 0.986164629 92.446357727
0.984693408 -0.013593263 0.173765123 3.081029892 0.011068636 0.999818742 0.015489816 -2.040760040 -0.173944175 -0.013329374 0.984665334 92.988899231
0.982339382 -0.013524856 0.186618507 3.211148262 0.010727528 0.999814570 0.015991312 -2.055077553 -0.186800197 -0.013706941 0.982302308 93.527679443
0.979906559 -0.013279373 0.199014649 3.301567078 0.010121696 0.999806345 0.016875569 -2.073206902 -0.199200243 -0.014522118 0.979851186 93.971099854
0.977784812 -0.013647342 0.209166512 3.443943024 0.010408225 0.999808371 0.016578769 -2.073690414 -0.209352657 -0.014033417 0.977739513 94.498771667
0.974767625 -0.014582503 0.222745255 3.585304260 0.011172247 0.999800384 0.016562629 -2.079483986 -0.222942308 -0.013656145 0.974736094 95.041740417
0.971511900 -0.013450397 0.236608908 3.725543976 0.009515589 0.999796927 0.017764162 -2.086845636 -0.236799806 -0.015006620 0.971442521 95.548660278
0.968379021 -0.014590856 0.249056265 3.876136780 0.010444502 0.999784112 0.017961673 -2.117276192 -0.249264568 -0.014792440 0.968322456 96.156051636
0.965268195 -0.015536577 0.260798514 4.051712036 0.011171143 0.999771714 0.018212844 -2.123703957 -0.261021942 -0.014666865 0.965221405 96.668251038
0.961586356 -0.015991140 0.274036199 4.238262177 0.011350803 0.999764264 0.018510666 -2.141219616 -0.274267644 -0.014689075 0.961541235 97.140998840
0.957900524 -0.014686841 0.286724299 4.429462433 0.010005778 0.999791741 0.017784480 -2.128751755 -0.286925822 -0.014166862 0.957848012 97.643928528
0.954541266 -0.021755282 0.297283620 4.582801819 0.017101595 0.999687254 0.018246198 -2.168697834 -0.297587603 -0.012332727 0.954614758 98.341300964
0.949990809 -0.021408232 0.311543018 4.770620346 0.016128903 0.999679506 0.019512746 -2.185428619 -0.311860889 -0.013512085 0.950031638 98.869918823
0.944984019 -0.020650594 0.326463759 4.952222824 0.015020846 0.999692023 0.019756462 -2.194262028 -0.326771200 -0.013765782 0.945003152 99.382698059
0.941338301 -0.022400863 0.336720020 5.175683975 0.016804576 0.999668062 0.019525522 -2.187439919 -0.337045640 -0.012721687 0.941402316 99.910018921
0.936654210 -0.022195397 0.349551529 5.386024475 0.016523765 0.999679148 0.019199522 -2.179746151 -0.349865407 -0.012207405 0.936720550 100.371597290
0.931153893 -0.022467943 0.363933384 5.615396500 0.016407261 0.999670684 0.019736733 -2.181728363 -0.364256859 -0.012406788 0.931216002 100.892623901
0.926334560 -0.022808861 0.376010507 5.843849182 0.016560476 0.999665976 0.019841731 -2.190251827 -0.376337439 -0.012153169 0.926402926 101.396041870
0.921687484 -0.023384800 0.387227833 6.088487625 0.017378263 0.999668300 0.019006168 -2.181253910 -0.387543827 -0.010788399 0.921788096 101.897521973
0.915750802 -0.023592759 0.401053518 6.322299957 0.016921407 0.999653399 0.020168854 -2.211097002 -0.401390314 -0.011683256 0.915832579 102.350532532
0.909829736 -0.024029579 0.414285451 6.591236115 0.017129729 0.999645889 0.020362612 -2.214311600 -0.414628059 -0.011429913 0.909919202 102.891487122
0.905114532 -0.023866387 0.424497366 6.841289520 0.016682271 0.999647915 0.020632908 -2.220520496 -0.424840391 -0.011593565 0.905194044 103.365493774
0.899629653 -0.025720919 0.435895592 7.118064880 0.018395109 0.999609828 0.021019019 -2.224932671 -0.436266154 -0.010890983 0.899751782 103.865928650
0.892781734 -0.026707187 0.449696928 7.390926361 0.019078385 0.999587059 0.021488519 -2.239904642 -0.450085193 -0.010605067 0.892922699 104.340377808
0.886892200 -0.026121093 0.461237401 7.669719696 0.018848386 0.999614894 0.020368138 -2.235288620 -0.461591750 -0.009370761 0.887042999 104.847373962
0.880659997 -0.024882851 0.473094940 7.962234497 0.017227774 0.999641299 0.020507747 -2.234925270 -0.473435462 -0.009909978 0.880772769 105.350692749
0.872577548 -0.024418825 0.487864882 8.148376465 0.015973698 0.999642015 0.021464536 -2.205539227 -0.488214344 -0.010936464 0.872655153 105.694557190
0.866139829 -0.025485925 0.499151587 8.457195282 0.016462242 0.999611974 0.022473000 -2.228434086 -0.499530554 -0.011247606 0.866223216 106.124771118
0.859910429 -0.025840186 0.509790480 8.747390747 0.016873963 0.999611020 0.022205280 -2.214858294 -0.510165930 -0.010492366 0.860011995 106.614440918
