1.000000000 0.000000000 0.000000000 0.000000000 0.000000000 1.000000000 0.000000000 0.000000000 0.000000000 0.000000000 1.000000000 0.000000000
1.000000000 0.000041684 -0.000021564 0.000443591 -0.000041683 1.000000000 0.000013526 -0.000358452 0.000021564 -0.000013525 1.000000000 0.001361112
1.000000000 0.000004874 -0.000014650 0.001042305 -0.000004874 1.000000000 0.000042117 -0.000642163 0.000014650 -0.000042116 1.000000000 0.001148129
1.000000000 -0.000024791 -0.000057105 0.001643628 0.000024789 1.000000000 -0.000041333 -0.000791455 0.000057106 0.000041331 1.000000000 -0.001031867
1.000000000 -0.000075905 -0.000092334 0.001474641 0.000075912 1.000000000 0.000077147 -0.000907060 0.000092328 -0.000077154 1.000000000 -0.000299604
1.000000000 -0.000076633 -0.000063162 -0.000739454 0.000076633 1.000000000 0.000011270 0.000972855 0.000063161 -0.000011275 1.000000000 0.002263699
1.000000000 -0.000084685 -0.000071273 0.000706025 0.000084692 1.000000000 0.000098461 -0.000404273 0.000071265 -0.000098467 1.000000000 0.000902487
1.000000000 -0.000033352 -0.000010231 -0.000337324 0.000033352 1.000000000 0.000076059 -0.001074415 0.000010228 -0.000076059 1.000000000 -0.000799557
1.000000000 0.000037482 -0.000047347 0.001150470 -0.000037478 1.000000000 0.000081370 -0.000757324 0.000047350 -0.000081368 1.000000000 -0.001817944
1.000000000 0.000058931 0.000000520 -0.000088666 -0.000058931 1.000000000 0.000067063 0.000061250 -0.000000516 -0.000067063 1.000000000 0.001764216
1.000000000 0.000033337 -0.000002971 0.000046954 -0.000033337 1.000000000 0.000020291 -0.000349117 0.000002971 -0.000020290 1.000000000 0.000052573
1.000000000 -0.000056554 -0.000099217 0.001228392 0.000056562 1.000000000 0.000083046 -0.000793598 0.000099213 -0.000083052 1.000000000 -0.000963520
1.000000000 -0.000022935 -0.000034371 0.000325077 0.000022935 1.000000000 -0.000003588 0.000452846 0.000034371 0.000003587 1.000000000 0.001758800
1.000000000 -0.000101258 -0.000105469 0.000569937 0.000101271 1.000000000 0.000127609 -0.000426755 0.000105456 -0.000127620 1.000000000 0.000124079
1.000000000 0.000032290 -0.000069975 0.000998814 -0.000032287 1.000000000 0.000044388 -0.000244708 0.000069976 -0.000044386 1.000000000 -0.003394303
1.000000000 -0.000023973 -0.000108735 0.002862651 0.000023986 1.000000000 0.000118081 -0.001183249 0.000108732 -0.000118084 1.000000000 -0.002204161
1.000000000 -0.000084414 -0.000082404 0.002549838 0.000084425 1.000000000 0.000133948 -0.001529118 0.000082392 -0.000133955 1.000000000 -0.002738671
1.000000000 -0.000055210 -0.000076984 0.002750670 0.000055215 1.000000000 0.000070901 -0.000704335 0.000076980 -0.000070905 1.000000000 -0.001239776
1.000000000 0.000082157 -0.000067241 0.001938484 -0.000082148 1.000000000 0.000136400 -0.001014927 0.000067252 -0.000136395 1.000000000 -0.002425787
1.000000000 -0.000067112 -0.000095602 0.002539621 0.000067121 1.000000000 0.000090502 -0.001553200 0.000095596 -0.000090509 1.000000000 -0.004193849
1.000000000 -0.000074209 -0.000100478 0.001379391 0.000074215 1.000000000 0.000066967 0.000261567 0.000100473 -0.000066975 1.000000000 0.002008598
1.000000000 -0.000105789 -0.000092631 0.001481006 0.000105801 1.000000000 0.000125697 -0.001704251 0.000092617 -0.000125707 1.000000000 -0.004664678
1.000000000 0.000027719 -0.000120442 0.003418080 -0.000027703 1.000000000 0.000135083 -0.001449861 0.000120446 -0.000135080 1.000000000 -0.002140640
1.000000000 -0.000062045 -0.000145936 0.002875158 0.000062059 1.000000000 0.000096240 -0.001084629 0.000145930 -0.000096249 1.000000000 -0.002481848
1.000000000 -0.000100112 -0.000113108 0.002262515 0.000100123 1.000000000 0.000096640 -0.001292554 0.000113099 -0.000096651 1.000000000 -0.002882615
1.000000000 -0.000036114 -0.000130958 0.002856486 0.000036123 1.000000000 0.000067477 -0.000442792 0.000130956 -0.000067482 1.000000000 -0.001187475
1.000000000 -0.000027158 -0.000078476 0.003138057 0.000027162 1.000000000 0.000048285 -0.000488554 0.000078475 -0.000048287 1.000000000 -0.001493999
1.000000000 -0.000162529 -0.000162746 0.002212243 0.000162550 1.000000000 0.000125045 -0.000679476 0.000162726 -0.000125072 1.000000000 -0.003424221
1.000000000 -0.000158927 -0.000108654 0.001737853 0.000158935 1.000000000 0.000067524 -0.000985580 0.000108643 -0.000067541 1.000000000 -0.001241643
1.000000000 -0.000041327 -0.000176806 0.004494396 0.000041361 1.000000000 0.000195003 -0.002615625 0.000176798 -0.000195010 0.999999940 -0.004944495
1.000000000 -0.000149409 -0.000156956 0.004100043 0.000149426 1.000000000 0.000110847 -0.001361383 0.000156939 -0.000110871 1.000000000 -0.002911511
1.000000000 -0.000078623 -0.000155132 0.003209099 0.000078639 1.000000000 0.000106307 -0.000835242 0.000155123 -0.000106319 1.000000000 -0.002998938
1.000000000 -0.000099628 -0.000118341 0.003159194 0.000099642 1.000000000 0.000120184 -0.001457231 0.000118329 -0.000120196 1.000000000 -0.004994589
1.000000000 -0.000003523 -0.000069150 0.002041571 0.000003527 1.000000000 0.000052829 -0.000203147 0.000069150 -0.000052829 1.000000000 -0.001887163
1.000000000 -0.000044573 -0.000103424 0.002078780 0.000044583 1.000000000 0.000104758 -0.000692721 0.000103419 -0.000104763 1.000000000 -0.001434926
1.000000000 -0.000152917 -0.000116269 0.002392656 0.000152937 1.000000000 0.000171115 -0.002745020 0.000116243 -0.000171133 1.000000000 -0.004117705
1.000000000 -0.000081922 -0.000141423 0.003073920 0.000081936 1.000000000 0.000098674 -0.000601368 0.000141415 -0.000098686 1.000000000 -0.002893865
1.000000000 -0.000058709 -0.000155021 0.005205942 0.000058736 1.000000000 0.000172032 -0.001485261 0.000155011 -0.000172041 1.000000000 -0.005625722
1.000000000 -0.000094782 -0.000090820 0.001743669 0.000094790 1.000000000 0.000093975 -0.000797070 0.000090811 -0.000093983 1.000000000 -0.002883004
1.000000000 -0.000147290 -0.000171525 0.003022819 0.000147318 1.000000000 0.000163608 -0.001829678 0.000171501 -0.000163634 1.000000000 -0.004966646
1.000000000 -0.000062736 -0.000171826 0.004541824 0.000062747 1.000000000 0.000062546 -0.001724119 0.000171822 -0.000062557 1.000000000 -0.002042906
1.000000000 -0.000228175 -0.000042064 0.002266521 0.000228153 0.999999821 -0.000516200 -0.003074615 0.000042181 0.000516190 0.999999881 0.049892467
1.000000000 0.000016568 -0.000117969 0.004199198 -0.000016703 0.999999344 -0.001146099 -0.005772502 0.000117949 0.001146101 0.999999344 0.138006315
1.000000000 -0.000014445 0.000003010 0.005180294 0.000014449 0.999998927 -0.001458792 -0.009194107 -0.000002989 0.001458792 0.999998927 0.254533231
1.000000000 0.000021754 -0.000020491 0.008354130 -0.000021784 0.999998927 -0.001451872 -0.012095246 0.000020460 0.001451872 0.999998927 0.387497813
1.000000000 0.000049403 -0.000013674 0.010704537 -0.000049419 0.999999285 -0.001213377 -0.016782099 0.000013615 0.001213378 0.999999285 0.527220309
1.000000000 0.000188427 0.000039047 0.014763128 -0.000188386 0.999999464 -0.001035757 -0.023859259 -0.000039242 0.001035750 0.999999464 0.679781973
1.000000000 0.000010290 0.000129746 0.014680476 -0.000010176 0.999999642 -0.000875977 -0.028767522 -0.000129755 0.000875975 0.999999583 0.844293535
0.999999881 0.000410130 0.000295753 0.014363462 -0.000409917 0.999999642 -0.000719859 -0.028163170 -0.000296048 0.000719738 0.999999702 1.020795703
0.999999940 0.000294973 0.000029656 0.024557289 -0.000294956 0.999999821 -0.000572074 -0.036195241 -0.000029825 0.000572065 0.999999821 1.189116597
0.999999940 0.000134647 0.000209191 0.024609560 -0.000134639 1.000000000 -0.000040687 -0.046226196 -0.000209197 0.000040659 1.000000000 1.371133089
0.999999881 0.000313183 0.000068831 0.027949648 -0.000313176 1.000000000 -0.000093032 -0.048887156 -0.000068860 0.000093011 1.000000000 1.565363288
0.999999881 -0.000055214 0.000263301 0.028995968 0.000055224 0.999999940 -0.000036645 -0.051015828 -0.000263299 0.000036660 0.999999940 1.775488138
1.000000000 0.000018696 0.000060910 0.037800133 -0.000018702 1.000000000 0.000090204 -0.057500493 -0.000060909 -0.000090205 1.000000000 1.977841735
0.999999940 -0.000066427 0.000287497 0.039518736 0.000066402 1.000000000 0.000088487 -0.063417248 -0.000287503 -0.000088468 0.999999940 2.187108040
0.999999821 0.000493899 0.000364985 0.040941987 -0.000494004 0.999999881 0.000287999 -0.069942601 -0.000364843 -0.000288179 0.999999881 2.405601263
0.999999940 -0.000297254 0.000074388 0.054288492 0.000297194 0.999999642 0.000802539 -0.084064186 -0.000074626 -0.000802516 0.999999702 2.621239424
0.999999881 -0.000597219 0.000034358 0.057405572 0.000597193 0.999999642 0.000746829 -0.088419735 -0.000034804 -0.000746809 0.999999762 2.855413198
0.999999940 -0.000357568 0.000171307 0.060658325 0.000357409 0.999999523 0.000931745 -0.094445817 -0.000171640 -0.000931683 0.999999583 3.085169554
0.999999762 -0.000624420 0.000160238 0.067435369 0.000624278 0.999999404 0.000883079 -0.104224890 -0.000160789 -0.000882979 0.999999642 3.327740431
0.999999940 -0.000247130 0.000244862 0.075739928 0.000246880 0.999999404 0.001020262 -0.119952947 -0.000245114 -0.001020202 0.999999464 3.540853739
1.000000000 0.000135943 0.000202187 0.080880471 -0.000136190 0.999999285 0.001224447 -0.124982812 -0.000202021 -0.001224475 0.999999225 3.792361498
0.999999940 -0.000356961 0.000308960 0.088136584 0.000356598 0.999999285 0.001173757 -0.134650677 -0.000309379 -0.001173647 0.999999285 4.050209999
0.999999702 -0.000308816 0.000592636 0.079994738 0.000307655 0.999997973 0.001958926 -0.147313848 -0.000593240 -0.001958743 0.999997914 4.298732758
0.999999702 -0.000407113 0.000569003 0.084734902 0.000406043 0.999998093 0.001878332 -0.155087292 -0.000569766 -0.001878100 0.999998093 4.557658195
0.999999583 -0.000276068 0.000784287 0.091727354 0.000274306 0.999997377 0.002245168 -0.162199959 -0.000784905 -0.002244952 0.999997199 4.807073116
0.999999642 -0.000459600 0.000717444 0.094330378 0.000458136 0.999997795 0.002038999 -0.169381231 -0.000718380 -0.002038669 0.999997675 5.073295593
0.999999821 -0.000444996 0.000390852 0.101968452 0.000444260 0.999998093 0.001882630 -0.173947155 -0.000391689 -0.001882456 0.999998212 5.343998432
0.999999642 0.000161567 0.000861062 0.102951899 -0.000163254 0.999998152 0.001958750 -0.181590721 -0.000860744 -0.001958890 0.999997735 5.611973763
0.999999821 0.000034716 0.000605096 0.111769050 -0.000035924 0.999998033 0.001996224 -0.194500208 -0.000605026 -0.001996245 0.999997854 5.871555328
0.999999821 -0.000281372 0.000495592 0.118613154 0.000280424 0.999998152 0.001911616 -0.203357607 -0.000496129 -0.001911476 0.999998093 6.149008751
0.999999762 -0.000434229 0.000533171 0.122080430 0.000433084 0.999997616 0.002145152 -0.213654548 -0.000534102 -0.002144921 0.999997556 6.434520245
0.999999821 -0.000241681 0.000498869 0.131156534 0.000240612 0.999997675 0.002141123 -0.223041877 -0.000499386 -0.002141003 0.999997616 6.710296154
0.999999821 -0.000087088 0.000592684 0.136061609 0.000085706 0.999997199 0.002331860 -0.232584864 -0.000592885 -0.002331809 0.999997079 7.010972977
0.999999881 -0.000392656 0.000356775 0.142553464 0.000391843 0.999997318 0.002276661 -0.240465000 -0.000357668 -0.002276521 0.999997318 7.321739197
0.999999642 -0.000181826 0.000751291 0.150232747 0.000180102 0.999997318 0.002294794 -0.250477582 -0.000751706 -0.002294658 0.999997079 7.629527092
0.999999642 -0.000730599 0.000415030 0.161030933 0.000729539 0.999996483 0.002547168 -0.261799872 -0.000416890 -0.002546864 0.999996603 7.947890282
0.999999464 -0.000440019 0.000959544 0.154711038 0.000437203 0.999995589 0.002933432 -0.277954459 -0.000960831 -0.002933010 0.999995232 8.245034218
0.999999464 -0.000611096 0.000852639 0.172561809 0.000608540 0.999995351 0.002995275 -0.289893717 -0.000854466 -0.002994754 0.999995172 8.553699493
0.999998927 0.000182502 0.001460136 0.166168764 -0.000187087 0.999995112 0.003140511 -0.294704646 -0.001459555 -0.003140781 0.999994040 8.903093338
0.999999106 -0.000015393 0.001311096 0.174565822 0.000011258 0.999995053 0.003153402 -0.307615817 -0.001311138 -0.003153384 0.999994159 9.263519287
0.999999523 0.000213858 0.000953132 0.182994336 -0.000216640 0.999995828 0.002919643 -0.317957431 -0.000952503 -0.002919848 0.999995291 9.591325760
0.999999166 0.000617984 0.001200770 0.187224776 -0.000621445 0.999995768 0.002884388 -0.323577344 -0.001198982 -0.002885132 0.999995112 9.943190575
0.999999583 0.000298036 0.001024868 0.194372743 -0.000300997 0.999995768 0.002890628 -0.335688561 -0.001024002 -0.002890935 0.999995291 10.306482315
0.999999046 0.000255533 0.001358795 0.202655151 -0.000259961 0.999994636 0.003259510 -0.347118855 -0.001357955 -0.003259860 0.999993742 10.659762383
0.999998868 0.000186993 0.001435543 0.209767610 -0.000191688 0.999994576 0.003271511 -0.356520653 -0.001434923 -0.003271782 0.999993622 11.021375656
0.999999046 0.000422460 0.001318714 0.213897943 -0.000426812 0.999994457 0.003301246 -0.368867099 -0.001317312 -0.003301806 0.999993682 11.398411751
0.999998331 0.000891361 0.001593798 0.219197676 -0.000896529 0.999994338 0.003244439 -0.375336856 -0.001590896 -0.003245862 0.999993503 11.779532433
0.999999046 0.000417597 0.001320624 0.237113208 -0.000422356 0.999993384 0.003605205 -0.394418776 -0.001319110 -0.003605759 0.999992609 12.163898468
0.999998629 0.000851930 0.001407634 0.245461419 -0.000857194 0.999992609 0.003742708 -0.402408659 -0.001404435 -0.003743910 0.999992013 12.550572395
0.999998689 0.000251582 0.001596509 0.259311169 -0.000257645 0.999992669 0.003798559 -0.425400317 -0.001595542 -0.003798966 0.999991536 12.959085464
0.999998271 0.000653991 0.001734461 0.273500323 -0.000660915 0.999991834 0.003994467 -0.436563909 -0.001731835 -0.003995606 0.999990582 13.367337227
0.999997675 0.000912609 0.001981879 0.281836838 -0.000920664 0.999991298 0.004067517 -0.449369639 -0.001978149 -0.004069332 0.999989808 13.771007538
0.999996901 0.001049633 0.002258844 0.282221645 -0.001059666 0.999989510 0.004445236 -0.456360221 -0.002254155 -0.004447616 0.999987602 14.189828873
0.999998212 0.000490878 0.001797939 0.308269650 -0.000498643 0.999990523 0.004321340 -0.484784901 -0.001795801 -0.004322229 0.999989033 14.583907127
0.999998510 0.000273344 0.001743417 0.318675369 -0.000281585 0.999988735 0.004728932 -0.497588724 -0.001742105 -0.004729415 0.999987304 15.010216713
0.999997735 -0.000088589 0.002126971 0.336992085 0.000078879 0.999989510 0.004565008 -0.516070008 -0.002127353 -0.004564831 0.999987304 15.441675186
0.999996185 0.000140868 0.002744171 0.346113503 -0.000154701 0.999987304 0.005041386 -0.531673431 -0.002743426 -0.005041792 0.999983490 15.877927780
0.999994993 0.000684488 0.003078632 0.354045451 -0.000701254 0.999984860 0.005448057 -0.541876614 -0.003074856 -0.005450189 0.999980390 16.339492798
0.999996185 -0.000159735 0.002758264 0.371372432 0.000145946 0.999987483 0.004998862 -0.551636338 -0.002759027 -0.004998441 0.999983728 16.772867203
0.999995351 0.000065605 0.003085874 0.382755727 -0.000081944 0.999985933 0.005294840 -0.563587785 -0.003085483 -0.005295068 0.999981225 17.237882614
0.999993563 0.000145914 0.003588420 0.392704487 -0.000165609 0.999984980 0.005488925 -0.574700415 -0.003587565 -0.005489484 0.999978542 17.701791763
0.999992728 -0.000225118 0.003794502 0.402331054 0.000204748 0.999985516 0.005367829 -0.591524243 -0.003795655 -0.005367015 0.999978423 18.112392426
0.999990880 0.000012063 0.004258236 0.413532019 -0.000035606 0.999984741 0.005528578 -0.601892948 -0.004258104 -0.005528679 0.999975681 18.585517883
0.999992013 -0.000687631 0.003941746 0.431398749 0.000666114 0.999984860 0.005457471 -0.615654469 -0.003945440 -0.005454803 0.999977350 19.049045563
0.999991596 0.000021673 0.004087803 0.444657117 -0.000044518 0.999984443 0.005588398 -0.625342369 -0.004087617 -0.005588534 0.999975979 19.529287338
0.999991357 0.000282503 0.004131978 0.455185473 -0.000307274 0.999981999 0.005995491 -0.659788013 -0.004130211 -0.005996710 0.999973416 20.014326096
0.999992430 -0.000587984 0.003823518 0.469980001 0.000564194 0.999980509 0.006220152 -0.670800567 -0.003827101 -0.006217949 0.999973357 20.514690399
0.999993742 -0.000437774 0.003499566 0.495362043 0.000416881 0.999982119 0.005968686 -0.688436270 -0.003502116 -0.005967190 0.999976039 20.963130951
0.999995470 -0.000131872 0.003011951 0.506075740 0.000113385 0.999981105 0.006137363 -0.699151933 -0.003012704 -0.006136992 0.999976635 21.471055984
0.999997377 -0.000434112 0.002251972 0.519991934 0.000420410 0.999981463 0.006081157 -0.716501713 -0.002254570 -0.006080194 0.999978960 21.966400146
0.999997139 -0.000196520 0.002441875 0.529881895 0.000180729 0.999979079 0.006465515 -0.734978795 -0.002443095 -0.006465054 0.999976099 22.474954605
0.999998987 -0.000766113 0.001253251 0.549112141 0.000757931 0.999978483 0.006516355 -0.749575853 -0.001258216 -0.006515399 0.999977946 22.982944489
0.999998808 -0.001004393 0.001159943 0.553378463 0.000996502 0.999976456 0.006784176 -0.761880517 -0.001166730 -0.006783013 0.999976337 23.489168167
0.999998510 -0.001405504 0.001017452 0.555451155 0.001398542 0.999975860 0.006811044 -0.778424144 -0.001027000 -0.006809611 0.999976337 24.006088257
0.999999106 -0.001217310 0.000367508 0.565549374 0.001214776 0.999976039 0.006816468 -0.787773490 -0.000375797 -0.006816016 0.999976695 24.527708054
0.999999940 -0.000323140 -0.000205742 0.575492322 0.000324567 0.999975562 0.006971742 -0.801753461 0.000203484 -0.006971808 0.999975681 25.057500839
0.999999523 -0.000247339 -0.000933221 0.584497273 0.000253845 0.999975741 0.006978360 -0.811079025 0.000931472 -0.006978594 0.999975145 25.593778610
0.999998331 -0.000805313 -0.001609416 0.598389328 0.000816453 0.999975622 0.006933275 -0.822612584 0.001603793 -0.006934577 0.999974668 26.154571533
0.999997377 -0.001619907 -0.001596389 0.599799335 0.001632239 0.999968588 0.007754267 -0.840840757 0.001583778 -0.007756852 0.999968648 26.682270050
0.999995708 -0.001985332 -0.002141227 0.616612494 0.002002319 0.999966264 0.007960387 -0.865270138 0.002125351 -0.007964640 0.999966025 27.220491409
0.999996364 -0.000930819 -0.002516230 0.612288058 0.000950572 0.999968648 0.007860700 -0.870561421 0.002508834 -0.007863063 0.999965966 27.757955551
0.999995530 -0.000518341 -0.002941438 0.622420609 0.000542512 0.999966025 0.008222553 -0.885596752 0.002937076 -0.008224112 0.999961913 28.299198151
0.999995589 -0.000236296 -0.002962995 0.629442155 0.000260679 0.999966085 0.008231428 -0.900615752 0.002960949 -0.008232166 0.999961734 28.866735458
0.999994397 -0.000426875 -0.003304599 0.638213634 0.000453952 0.999966323 0.008197336 -0.913109779 0.003300988 -0.008198791 0.999960959 29.401243210
0.999993682 -0.000452137 -0.003566883 0.647510290 0.000481297 0.999966443 0.008178554 -0.923733115 0.003563065 -0.008180219 0.999960184 29.931138992
0.999994099 0.000010801 -0.003462180 0.656157851 0.000017398 0.999966860 0.008144654 -0.939132571 0.003462153 -0.008144666 0.999960840 30.482315063
0.999991536 -0.000362722 -0.004104031 0.679827631 0.000395471 0.999968052 0.007981691 -0.946188450 0.004101005 -0.007983248 0.999959648 31.036733627
0.999993324 -0.000138350 -0.003664652 0.678445756 0.000168302 0.999966621 0.008174201 -0.960927963 0.003663398 -0.008174761 0.999959886 31.567750931
0.999988914 -0.000374685 -0.004707764 0.713616967 0.000413720 0.999965549 0.008293354 -0.982864141 0.004704494 -0.008295210 0.999954522 32.104347229
0.999987483 -0.001191133 -0.004864088 0.735223055 0.001233533 0.999961138 0.008723217 -1.011035562 0.004853509 -0.008729108 0.999950051 32.640682220
0.999984443 -0.001387438 -0.005398568 0.747116387 0.001435829 0.999958694 0.008970124 -1.028237104 0.005385899 -0.008977735 0.999945104 33.180240631
0.999982059 -0.001595257 -0.005789005 0.756486058 0.001646296 0.999959707 0.008822381 -1.035823464 0.005774698 -0.008831755 0.999944329 33.718734741
0.999980748 -0.001938067 -0.005906386 0.765450299 0.001993126 0.999954402 0.009330288 -1.048937559 0.005888035 -0.009341879 0.999938965 34.273689270
0.999976695 -0.002276819 -0.006432562 0.779871941 0.002337971 0.999952018 0.009515159 -1.068334818 0.006410589 -0.009529975 0.999933958 34.812606812
0.999981761 -0.001877680 -0.005733682 0.770598948 0.001932920 0.999951601 0.009643990 -1.071976542 0.005715296 -0.009654895 0.999936998 35.357147217
0.999979854 -0.001600202 -0.006146439 0.775418580 0.001660614 0.999950230 0.009836303 -1.102416158 0.006130394 -0.009846312 0.999932647 35.942604065
0.999978542 -0.001401356 -0.006396781 0.789088428 0.001463978 0.999950945 0.009795432 -1.116496563 0.006382741 -0.009804584 0.999931514 36.490043640
0.999980748 -0.000636128 -0.006172454 0.777431488 0.000697028 0.999951065 0.009869269 -1.132318377 0.006165873 -0.009873381 0.999932230 37.029056549
0.999980271 -0.000385914 -0.006272729 0.785887539 0.000447463 0.999951720 0.009813799 -1.145956755 0.006268639 -0.009816411 0.999932170 37.568748474
0.999980271 -0.000204537 -0.006287936 0.798068583 0.000266142 0.999952018 0.009798055 -1.153187990 0.006285630 -0.009799534 0.999932230 38.129776001
0.999980211 0.000507400 -0.006264206 0.782593727 -0.000444342 0.999949217 0.010063913 -1.162164688 0.006268993 -0.010060930 0.999929726 38.669075012
0.999977946 -0.000252228 -0.006623731 0.798177242 0.000317539 0.999951363 0.009861010 -1.174888968 0.006620921 -0.009862898 0.999929428 39.205917358
0.999978840 0.000204830 -0.006515407 0.810784817 -0.000137769 0.999947011 0.010291414 -1.201460600 0.006517170 -0.010290299 0.999925792 39.737068176
0.999979079 0.000827973 -0.006414347 0.813843012 -0.000767647 0.999955595 0.009401715 -1.196480274 0.006421846 -0.009396594 0.999935210 40.312728882
0.999979198 0.000518934 -0.006426405 0.821866035 -0.000453737 0.999948502 0.010142501 -1.215440512 0.006431336 -0.010139375 0.999927938 40.863685608
0.999977231 -0.000324902 -0.006742899 0.833025813 0.000396123 0.999944150 0.010563654 -1.281917572 0.006739091 -0.010566084 0.999921441 41.469558716
0.999973416 -0.000173633 -0.007296935 0.849761844 0.000249207 0.999946415 0.010357238 -1.293357611 0.007294745 -0.010358780 0.999919713 42.015483856
0.999975145 0.000083667 -0.007049130 0.859358072 -0.000009859 0.999945283 0.010469834 -1.301957488 0.007049620 -0.010469504 0.999920309 42.559009552
0.999972224 -0.000289370 -0.007448795 0.862384439 0.000370319 0.999940872 0.010868330 -1.311908603 0.007445210 -0.010870786 0.999913156 43.096431732
0.999967277 -0.001139581 -0.008006967 0.871717751 0.001226936 0.999939680 0.010913529 -1.317507863 0.007994046 -0.010922998 0.999908388 43.623405457
0.999969482 -0.000871746 -0.007762907 0.883292198 0.000956109 0.999940455 0.010870310 -1.330291390 0.007752969 -0.010877399 0.999910772 44.150386810
0.999969482 -0.000725036 -0.007778091 0.882413328 0.000811098 0.999938428 0.011067159 -1.343137145 0.007769588 -0.011073133 0.999908507 44.690147400
0.999969900 -0.000157773 -0.007753225 0.888461113 0.000240402 0.999943197 0.010657605 -1.351866245 0.007751103 -0.010659150 0.999913096 45.240875244
0.999970675 -0.000691543 -0.007621145 0.900180042 0.000774767 0.999940038 0.010922727 -1.361952066 0.007613134 -0.010928311 0.999911308 45.767158508
0.999966562 -0.000669170 -0.008152958 0.911154687 0.000754427 0.999945045 0.010458549 -1.364666462 0.008145512 -0.010464352 0.999912024 46.315143585
0.999966443 -0.000764122 -0.008150927 0.921650887 0.000853255 0.999939799 0.010937373 -1.384675980 0.008142078 -0.010943961 0.999907017 46.860321045
0.999963880 -0.001584902 -0.008342206 0.917531490 0.001679420 0.999934256 0.011335347 -1.403533101 0.008323693 -0.011348950 0.999900877 47.412902832
0.999967515 -0.000212436 -0.008058905 0.938161016 0.000297786 0.999943852 0.010591019 -1.392464757 0.008056202 -0.010593073 0.999911427 47.964279175
0.999966085 -0.001412826 -0.008111414 0.930489063 0.001505997 0.999932826 0.011491823 -1.449696064 0.008094633 -0.011503651 0.999901056 48.398456573
0.999964416 -0.001596993 -0.008288983 0.941591382 0.001691865 0.999933004 0.011451080 -1.461171031 0.008270141 -0.011464695 0.999900103 48.947299957
0.999962211 -0.002146355 -0.008424858 0.953570247 0.002245833 0.999927640 0.011816047 -1.468057156 0.008398888 -0.011834523 0.999894619 49.476680756
0.999966860 -0.001137640 -0.008061815 0.953035831 0.001227054 0.999937713 0.011094809 -1.470124722 0.008048691 -0.011104332 0.999905944 50.044666290
0.999964774 -0.001724451 -0.008212401 0.949506164 0.001823467 0.999925554 0.012064666 -1.488605142 0.008190985 -0.012079218 0.999893427 50.567054749
0.999965847 -0.001241236 -0.008179822 0.954366088 0.001340773 0.999925017 0.012174380 -1.496950388 0.008164097 -0.012184932 0.999892414 51.118240356
0.999963999 -0.001764931 -0.008296969 0.937973261 0.001867408 0.999921858 0.012359587 -1.526536703 0.008274508 -0.012374636 0.999889195 51.705921173
0.999963045 -0.001950755 -0.008372493 0.947173238 0.002053311 0.999922752 0.012258021 -1.537954092 0.008347934 -0.012274760 0.999889791 52.235725403
0.999964893 -0.001576179 -0.008229778 0.952854753 0.001677027 0.999923408 0.012261653 -1.545590639 0.008209822 -0.012275025 0.999890924 52.790248871
0.999964893 -0.001311444 -0.008269564 0.959731162 0.001411503 0.999925733 0.012105442 -1.554166794 0.008253074 -0.012116690 0.999892533 53.336151123
0.999968529 -0.001191212 -0.007841989 0.952212572 0.001285356 0.999926984 0.012011094 -1.558048606 0.007827110 -0.012020794 0.999897063 53.859066010
0.999964058 -0.001261203 -0.008387526 0.979467988 0.001363930 0.999924004 0.012253077 -1.576333523 0.008371436 -0.012264078 0.999889731 54.421363831
0.999971032 -0.000792405 -0.007569246 0.950428545 0.000883919 0.999926567 0.012094500 -1.573013663 0.007559107 -0.012100843 0.999898195 54.946231842
0.999971509 -0.000796704 -0.007504496 0.951909661 0.000888631 0.999924541 0.012254169 -1.579508781 0.007494167 -0.012260491 0.999896765 55.482208252
0.999969304 -0.000962749 -0.007774443 0.960485458 0.001058186 0.999924064 0.012281002 -1.583366752 0.007762029 -0.012288854 0.999894381 56.030097961
0.999969661 -0.001165461 -0.007703407 0.969728231 0.001262691 0.999919415 0.012628765 -1.600788116 0.007688069 -0.012638109 0.999890566 56.575260162
0.999967813 -0.001861745 -0.007798800 0.975166559 0.001960354 0.999917984 0.012655591 -1.618401527 0.007774598 -0.012670472 0.999889493 57.066730499
0.999967635 -0.001358613 -0.007931706 1.007371187 0.001451049 0.999930918 0.011659845 -1.590111136 0.007915316 -0.011670975 0.999900520 57.725841522
0.999972105 -0.001620006 -0.007290460 0.973064542 0.001712354 0.999918163 0.012678538 -1.639053106 0.007269325 -0.012690670 0.999893010 58.126674652
0.999970138 -0.001669427 -0.007544240 0.983724833 0.001766792 0.999914944 0.012917558 -1.647623420 0.007522033 -0.012930502 0.999888122 58.646709442
0.999969125 -0.001659444 -0.007678075 0.996502221 0.001758374 0.999915302 0.012896007 -1.658653736 0.007656024 -0.012909112 0.999887407 59.181346893
0.999973178 -0.001447472 -0.007183721 0.996673465 0.001541904 0.999912202 0.013157160 -1.668081045 0.007164046 -0.013167884 0.999887586 59.697319031
0.999971807 -0.001701499 -0.007312650 1.005904555 0.001797916 0.999911249 0.013198694 -1.668294191 0.007289543 -0.013211471 0.999886215 60.325096130
0.999975860 -0.001377172 -0.006827690 1.012591362 0.001468766 0.999908805 0.013428211 -1.685638905 0.006808574 -0.013437913 0.999886513 60.814693451
0.999972939 -0.001506446 -0.007199137 1.019713521 0.001607106 0.999900758 0.013996928 -1.691073298 0.007177336 -0.014008121 0.999876142 61.385059357
0.999968708 -0.002113753 -0.007634968 1.026142597 0.002220012 0.999900520 0.013935852 -1.703204155 0.007604750 -0.013952365 0.999873757 61.919548035
0.999970555 -0.001965104 -0.007420412 1.023607016 0.002072632 0.999892473 0.014511109 -1.727971196 0.007391099 -0.014526063 0.999867201 62.403511047
0.999966979 -0.002521433 -0.007728702 1.022595525 0.002627004 0.999902904 0.013679903 -1.714426160 0.007693459 -0.013699754 0.999876559 63.000968933
0.999973655 -0.001579953 -0.007085328 0.976813316 0.001686847 0.999884486 0.015106247 -1.797064781 0.007060641 -0.015117802 0.999860823 63.570171356
0.999978423 -0.002003317 -0.006267167 0.932144523 0.002101169 0.999875367 0.015646074 -1.838332772 0.006235042 -0.015658906 0.999857903 64.074234009
0.999969602 -0.000981519 -0.007734450 1.054491162 0.001091570 0.999898076 0.014237379 -1.751461744 0.007719688 -0.014245391 0.999868751 64.309135437
0.999976456 -0.000009111 -0.006873977 1.070442438 0.000111528 0.999889016 0.014899080 -1.753992319 0.006873078 -0.014899495 0.999865413 65.423423767
0.999971390 -0.000984254 -0.007497413 1.071235776 0.001089238 0.999901235 0.014011392 -1.763918161 0.007482881 -0.014019161 0.999873698 65.349983215
0.999968171 -0.001199774 -0.007884635 1.076764941 0.001309137 0.999902844 0.013879904 -1.770204067 0.007867215 -0.013889786 0.999872506 65.902770996
0.999966800 -0.001172380 -0.008071455 1.087843418 0.001283256 0.999904752 0.013745456 -1.778420687 0.008054573 -0.013755359 0.999872863 66.442718506
0.999962330 -0.002269441 -0.008380029 1.093045950 0.002386186 0.999899983 0.013947580 -1.791573763 0.008347538 -0.013967051 0.999867558 66.927146912
0.999971509 0.000506891 -0.007528672 1.138734818 -0.000397469 0.999894381 0.014528413 -1.826507568 0.007535241 -0.014525006 0.999866128 67.326713562
0.999951601 -0.003315635 -0.009257243 1.132464170 0.003436937 0.999908149 0.013118423 -1.781587839 0.009212895 -0.013149607 0.999871075 68.222129822
0.999969602 0.000419578 -0.007786163 1.169054031 -0.000300009 0.999882102 0.015351351 -1.867625952 0.007791685 -0.015348551 0.999851823 68.360809326
0.999968886 0.000058755 -0.007895987 1.174294233 0.000057703 0.999891222 0.014747984 -1.860974193 0.007895993 -0.014747980 0.999860048 68.925697327
0.999972284 0.000411949 -0.007434887 1.143911242 -0.000302324 0.999891281 0.014739754 -1.846289158 0.007440151 -0.014737098 0.999863744 69.375442505
0.999973059 0.000430981 -0.007327647 1.149230957 -0.000322161 0.999889672 0.014845354 -1.861294031 0.007333237 -0.014842593 0.999862969 69.909439087
0.999973059 -0.000121575 -0.007346895 1.163406730 0.000230122 0.999890745 0.014775541 -1.871375680 0.007344296 -0.014776832 0.999863863 70.448379517
0.999967754 -0.000647596 -0.008003633 1.179260492 0.000767727 0.999886930 0.015015550 -1.888672829 0.007993005 -0.015021211 0.999855220 70.921081543
0.999975026 0.000429427 -0.007056668 1.183797359 -0.000318302 0.999876022 0.015741037 -1.902431130 0.007062554 -0.015738400 0.999851167 71.502540588
0.999971986 -0.000319454 -0.007477324 1.180524111 0.000432701 0.999885142 0.015148757 -1.910111547 0.007471627 -0.015151570 0.999857306 72.028137207
0.999971390 -0.000112331 -0.007562981 1.189449310 0.000226618 0.999885798 0.015112221 -1.913790703 0.007560419 -0.015113505 0.999857247 72.574592590
0.999973714 -0.000019344 -0.007249175 1.184874654 0.000127868 0.999887943 0.014970406 -1.923023820 0.007248072 -0.014970939 0.999861598 73.116889954
0.999972999 -0.000336913 -0.007339208 1.199935436 0.000451431 0.999878049 0.015607581 -1.934849024 0.007333055 -0.015610475 0.999851286 73.679054260
0.999973595 0.000065794 -0.007254684 1.201727509 0.000041764 0.999890089 0.014824916 -1.942863703 0.007254861 -0.014824828 0.999863803 74.200286865
0.999973774 -0.000299657 -0.007218403 1.213058233 0.000406501 0.999890268 0.014804749 -1.949090242 0.007213175 -0.014807297 0.999864340 74.737998962
0.999972880 -0.000560079 -0.007346661 1.221508026 0.000670068 0.999887586 0.014977468 -1.959130168 0.007337446 -0.014981982 0.999860883 75.274787903
0.999977887 0.000671289 -0.006617000 1.206988573 -0.000574316 0.999892533 0.014646107 -1.964574456 0.006626121 -0.014641981 0.999870837 75.851127625
0.999973893 -0.000573525 -0.007208668 1.228991628 0.000673865 0.999902844 0.013924567 -1.936102867 0.007199981 -0.013929061 0.999877095 76.431282043
0.999975979 0.000478968 -0.006908954 1.226673126 -0.000374195 0.999885023 0.015158101 -1.991895080 0.006915419 -0.015155151 0.999861181 76.981430054
0.999979556 0.000637424 -0.006358595 1.230758786 -0.000540706 0.999884307 0.015200769 -1.997340083 0.006367548 -0.015197021 0.999864221 77.531890869
0.999980211 0.000732929 -0.006233899 1.230569124 -0.000640664 0.999890447 0.014789787 -2.004049778 0.006244056 -0.014785503 0.999871135 78.107360840
0.999980330 0.000848443 -0.006217516 1.234955192 -0.000756882 0.999891400 0.014713828 -2.011462212 0.006229325 -0.014708832 0.999872327 78.659393311
0.999981642 0.000703295 -0.006015462 1.239686728 -0.000613777 0.999889255 0.014870371 -2.025533199 0.006025253 -0.014866409 0.999871254 79.227172852
0.999983013 0.000563234 -0.005805152 1.250658512 -0.000476773 0.999889016 0.014884540 -2.027950764 0.005812891 -0.014881520 0.999872386 79.806777954
0.999989986 0.001194656 -0.004317964 1.255587459 -0.001132021 0.999894559 0.014478982 -2.033549309 0.004334806 -0.014473948 0.999885857 80.373992920
0.999994099 0.000740053 -0.003346555 1.269981027 -0.000691153 0.999893308 0.014589586 -2.041711807 0.003356995 -0.014587187 0.999887943 80.940773010
0.999997973 0.001140195 -0.001630222 1.281619310 -0.001116161 0.999891818 0.014668378 -2.050882816 0.001646771 -0.014666528 0.999891102 81.500312805
0.999997318 0.001326060 0.001889659 1.293829441 -0.001353307 0.999894083 0.014491156 -2.058090925 -0.001870243 -0.014493676 0.999893129 82.067749023
0.999983251 0.000720306 0.005725056 1.318334699 -0.000807058 0.999884665 0.015165177 -2.074463844 -0.005713472 -0.015169545 0.999868572 82.598976135
0.999963820 0.000475504 0.008485246 1.343063474 -0.000601680 0.999889135 0.014873671 -2.081459284 -0.008477232 -0.014878239 0.999853373 83.174125671
0.999920368 -0.000027752 0.012627360 1.380580544 -0.000163684 0.999885023 0.015159158 -2.097081900 -0.012626330 -0.015160017 0.999805331 83.649742126
0.999811590 0.000930194 0.019384084 1.396784186 -0.001224123 0.999884367 0.015157077 -2.099627018 -0.019367743 -0.015177951 0.999697208 84.302848816
0.999696791 0.000680588 0.024614330 1.431321979 -0.001053096 0.999885082 0.015123968 -2.107786179 -0.024601206 -0.015145304 0.999582648 84.850013733
0.999527693 0.000928714 0.030717021 1.460894704 -0.001385152 0.999888837 0.014841498 -2.110977411 -0.030699821 -0.014877035 0.999417901 85.421829224
0.999254644 0.001009077 0.038589038 1.502338886 -0.001587344 0.999886811 0.014957541 -2.117878437 -0.038569584 -0.015007646 0.999143124 85.991165161
0.998913407 0.000721686 0.046598967 1.551797152 -0.001419239 0.999887347 0.014937919 -2.130238533 -0.046582945 -0.014987824 0.998801947 86.546424866
0.998574555 0.000567087 0.053372048 1.600114346 -0.001381327 0.999883235 0.015220264 -2.136838436 -0.053357188 -0.015272293 0.998458624 87.103408813
0.998056948 0.000850201 0.062304307 1.651857138 -0.001775972 0.999888778 0.014804974 -2.139783382 -0.062284794 -0.014886856 0.997947395 87.659164429
0.997355819 0.000975860 0.072666109 1.710320473 -0.002071554 0.999885201 0.015004630 -2.148540020 -0.072643131 -0.015115486 0.997243464 88.216186523
0.996707261 0.000862701 0.081079863 1.780385017 -0.002109517 0.999880850 0.015293228 -2.160616159 -0.081057005 -0.015413908 0.996590257 88.752235413
0.996032298 0.000810370 0.088988878 1.849248409 -0.002139648 0.999887526 0.014843206 -2.169911861 -0.088966846 -0.014974717 0.995921969 89.291534424
0.995015323 0.000446138 0.099721014 1.924036980 -0.001961465 0.999884009 0.015098134 -2.175271273 -0.099702708 -0.015218473 0.994900882 89.832138062
0.993848145 0.000708002 0.110748865 2.003913879 -0.002420508 0.999879599 0.015329284 -2.181774616 -0.110724673 -0.015503049 0.993730187 90.384208679
0.992849052 -0.000218275 0.119376101 2.097710609 -0.001587292 0.999885738 0.015029732 -2.188177586 -0.119365767 -0.015111740 0.992735326 90.943763733
0.991487503 -0.000178562 0.130201623 2.197698593 -0.001812670 0.999883175 0.015174770 -2.197649956 -0.130189136 -0.015281608 0.991371393 91.480895996
0.989764929 -0.000245588 0.142707080 2.291027069 -0.001952952 0.999881506 0.015265689 -2.207090378 -0.142693937 -0.015388144 0.989647150 92.019126892
0.988141239 -0.000926369 0.153544813 2.402923584 -0.001404169 0.999885440 0.015069079 -2.213613033 -0.153541222 -0.015105983 0.988026798 92.578216553
0.986511350 -0.001361872 0.163687289 2.518405914 -0.001096663 0.999887884 0.014928402 -2.219159603 -0.163689300 -0.014906547 0.986399293 93.120437622
0.984270990 -0.001446939 0.176659450 2.639235497 -0.001200606 0.999888599 0.014878902 -2.227891922 -0.176661327 -0.014856970 0.984159589 93.651519775
0.982016444 -0.002330092 0.188780725 2.766768456 -0.000431202 0.999893546 0.014584601 -2.232801914 -0.188794598 -0.014403721 0.981910944 94.192749023
0.980060458 -0.003043656 0.198676214 2.899730682 0.000153640 0.999893963 0.014560158 -2.242541790 -0.198699445 -0.014239310 0.979956985 94.719902039
0.977310538 -0.003001000 0.211790144 3.038438797 -0.000052856 0.999896109 0.014412125 -2.246948242 -0.211811408 -0.014096315 0.977208853 95.255271912
0.974389613 -0.003908202 0.224832386 3.194396973 0.000655490 0.999894083 0.014540100 -2.256264687 -0.224865392 -0.014020346 0.974288881 95.791435242
0.971779406 -0.004512967 0.235848203 3.348903656 0.001127692 0.999894381 0.014486531 -2.262169361 -0.235888690 -0.013811749 0.971681952 96.339050293
0.968858838 -0.004906500 0.247564912 3.515800476 0.001413862 0.999896944 0.014283781 -2.267860889 -0.247609451 -0.013488946 0.968766034 96.872406006
0.965209007 -0.005061506 0.261430651 3.684898376 0.001408260 0.999898672 0.014159509 -2.270869732 -0.261475861 -0.013298720 0.965118408 97.408676147
0.961773932 -0.005697148 0.273785144 3.860189438 0.001942297 0.999900341 0.013983708 -2.275164127 -0.273837477 -0.012917394 0.961689234 97.943153381
0.958592772 -0.006306737 0.284710616 4.043926239 0.002344034 0.999895632 0.014256946 -2.283445835 -0.284770846 -0.012999234 0.958507419 98.474182129
0.954381466 -0.006574260 0.298517495 4.240695953 0.002390931 0.999893725 0.014376722 -2.295325041 -0.298580229 -0.013007142 0.954295874 98.998931885
0.949890494 -0.006705053 0.312511325 4.437147141 0.002397444 0.999896765 0.014166052 -2.299708843 -0.312574118 -0.012706967 0.949808359 99.523445129
0.946172476 -0.007400531 0.323578656 4.634120941 0.002911158 0.999892652 0.014355957 -2.309017420 -0.323650211 -0.012641221 0.946092367 100.027435303
0.941653192 -0.007667523 0.336497307 4.845401764 0.002959322 0.999890447 0.014502428 -2.316114664 -0.336571664 -0.012660452 0.941572726 100.549507141
0.936503172 -0.007598212 0.350576699 5.059534073 0.002572067 0.999887109 0.014800200 -2.324795723 -0.350649655 -0.012958729 0.936417043 101.058395386
0.931843936 -0.008347038 0.362763286 5.281398773 0.003295038 0.999888778 0.014542956 -2.327744961 -0.362844259 -0.012356446 0.931767881 101.570045471
0.927661300 -0.008831093 0.373318523 5.510156631 0.003650469 0.999887109 0.014581908 -2.335986137 -0.373405159 -0.012164284 0.927588642 102.080627441
0.922127545 -0.008772944 0.386786580 5.748332977 0.003500258 0.999891162 0.014334273 -2.335618973 -0.386870265 -0.011864175 0.922057748 102.590110779
0.916548729 -0.009596256 0.399807841 5.992427826 0.004167076 0.999886990 0.014446548 -2.341015339 -0.399901271 -0.011574938 0.916485131 103.089370728
0.911752343 -0.010423391 0.410608083 6.250865936 0.005014603 0.999885917 0.014247469 -2.347776413 -0.410709769 -0.010931126 0.911700606 103.588745117
0.905321836 -0.010303203 0.424601346 6.505439758 0.004534075 0.999883235 0.014595344 -2.359917641 -0.424702197 -0.011288309 0.905262768 104.068656921
0.898719132 -0.011045444 0.438385576 6.790397644 0.005228957 0.999881566 0.014473043 -2.361274719 -0.438493609 -0.010714902 0.898670435 104.593284607
0.892788351 -0.011603510 0.450326800 7.064708710 0.005681820 0.999878764 0.014499336 -2.366240501 -0.450440466 -0.010386161 0.892745972 105.082809448
0.887278736 -0.012141512 0.461073697 7.346828461 0.006169018 0.999876440 0.014458369 -2.371664047 -0.461192340 -0.009984232 0.887244046 105.569213867
0.880216658 -0.012658889 0.474403173 7.640003204 0.006654080 0.999875128 0.014334386 -2.377870798 -0.474525332 -0.009460648 0.880190969 106.057273865
