1.000000000 0.000000000 0.000000000 0.000000000 0.000000000 1.000000000 0.000000000 0.000000000 0.000000000 0.000000000 1.000000000 0.000000000
1.000000000 0.000022694 -0.000021273 0.000444024 -0.000022695 1.000000000 -0.000038031 0.000772573 0.000021272 0.000038031 1.000000000 0.000389149
1.000000000 0.000027604 0.000033132 -0.000056429 -0.000027606 1.000000000 0.000036469 0.000067035 -0.000033131 -0.000036470 1.000000000 0.000086183
1.000000000 -0.000132534 0.000062211 -0.000082543 0.000132536 1.000000000 -0.000023579 0.000768948 -0.000062207 0.000023587 1.000000000 0.000177357
1.000000000 -0.000138834 0.000039868 -0.000102038 0.000138832 1.000000000 0.000032377 -0.000134590 -0.000039872 -0.000032372 1.000000000 -0.000529887
1.000000000 0.000034397 0.000116146 -0.000462837 -0.000034394 1.000000000 -0.000025506 0.000818146 -0.000116146 0.000025502 1.000000000 0.000058087
1.000000000 -0.000095671 0.000070574 0.000162435 0.000095671 1.000000000 -0.000001170 0.000481066 -0.000070574 0.000001177 1.000000000 0.000257165
1.000000000 0.000011294 0.000064859 -0.000536414 -0.000011299 1.000000000 0.000087540 -0.000083972 -0.000064858 -0.000087541 1.000000000 -0.000094829
1.000000000 -0.000034910 -0.000001728 -0.000721973 0.000034910 1.000000000 -0.000083429 -0.000086004 0.000001730 0.000083429 1.000000000 -0.001089648
1.000000000 -0.000046213 0.000080970 -0.000089071 0.000046210 1.000000000 0.000040908 -0.000724645 -0.000080972 -0.000040904 1.000000000 -0.000410611
1.000000000 0.000072026 0.000053060 -0.000834150 -0.000072029 1.000000000 0.000056692 -0.000900461 -0.000053056 -0.000056696 1.000000000 -0.000636299
1.000000000 -0.000030707 0.000077865 -0.001072796 0.000030704 1.000000000 0.000039186 -0.000370351 -0.000077867 -0.000039184 1.000000000 -0.000961220
1.000000000 0.000053407 0.000033274 -0.000812212 -0.000053405 1.000000000 -0.000075491 -0.000338755 -0.000033278 0.000075489 1.000000000 -0.001540912
1.000000000 0.000042949 0.000069554 -0.000992761 -0.000042947 1.000000000 -0.000028479 0.000497355 -0.000069555 0.000028476 1.000000000 0.000294777
1.000000000 0.000034672 0.000051569 -0.001029625 -0.000034666 1.000000000 -0.000122097 0.001344926 -0.000051573 0.000122095 1.000000000 0.000975217
1.000000000 -0.000006305 -0.000034203 0.000337458 0.000006302 1.000000000 -0.000086687 0.001329289 0.000034204 0.000086687 1.000000000 0.001319947
1.000000000 0.000101926 0.000110053 -0.001039846 -0.000101909 1.000000000 -0.000158017 0.002313596 -0.000110069 0.000158006 1.000000000 0.002540897
1.000000000 0.000186279 0.000087046 -0.001376895 -0.000186264 0.999999940 -0.000170657 0.001893669 -0.000087078 0.000170641 1.000000000 0.001580286
0.999999940 0.000188698 0.000158181 -0.001553754 -0.000188682 1.000000000 -0.000100741 0.001953059 -0.000158200 0.000100711 1.000000000 0.002276705
1.000000000 0.000091332 0.000150080 -0.001393397 -0.000091318 1.000000000 -0.000092132 0.000982137 -0.000150088 0.000092118 1.000000000 0.001281548
1.000000000 0.000033457 0.000074751 -0.001073675 -0.000033455 1.000000000 -0.000029922 0.000363813 -0.000074752 0.000029920 1.000000000 0.000738268
1.000000000 0.000155328 0.000048497 -0.000788801 -0.000155327 1.000000000 -0.000025303 0.001278538 -0.000048501 0.000025296 1.000000000 0.000918654
1.000000000 0.000108583 0.000014184 -0.000633029 -0.000108582 1.000000000 -0.000082182 0.001367580 -0.000014193 0.000082180 1.000000000 0.002168931
1.000000000 0.000097130 0.000078924 -0.001192955 -0.000097125 1.000000000 -0.000062937 0.001646198 -0.000078930 0.000062930 1.000000000 0.002452779
0.999999940 0.000336897 0.000045478 -0.001146455 -0.000336894 0.999999940 -0.000059252 0.002312628 -0.000045498 0.000059236 1.000000000 0.003659310
0.999999940 0.000238260 0.000106142 -0.001519079 -0.000238253 0.999999940 -0.000065250 0.002204144 -0.000106158 0.000065224 1.000000000 0.001894724
1.000000000 0.000052237 0.000105310 -0.000500716 -0.000052230 1.000000000 -0.000071060 0.002436552 -0.000105313 0.000071054 1.000000000 0.002969581
1.000000000 0.000122887 0.000179759 -0.001788557 -0.000122880 1.000000000 -0.000037167 0.001563246 -0.000179763 0.000037145 1.000000000 0.002297557
1.000000000 0.000126845 0.000071841 -0.001258072 -0.000126839 1.000000000 -0.000077105 0.002368539 -0.000071850 0.000077096 1.000000000 0.002304177
1.000000000 0.000024498 0.000085385 -0.001518077 -0.000024492 1.000000000 -0.000072136 0.001068355 -0.000085386 0.000072134 1.000000000 0.001651851
1.000000000 0.000128290 0.000197306 -0.001903698 -0.000128288 1.000000000 -0.000010701 0.000964144 -0.000197308 0.000010675 1.000000000 0.001922315
1.000000000 0.000082877 0.000191081 -0.001377501 -0.000082865 1.000000000 -0.000062675 0.002148568 -0.000191086 0.000062659 1.000000000 0.003753568
1.000000000 0.000206756 0.000098584 -0.000893234 -0.000206735 0.999999940 -0.000211718 0.003331116 -0.000098627 0.000211697 1.000000000 0.003801480
1.000000000 0.000108190 0.000125636 -0.000859458 -0.000108179 1.000000000 -0.000089293 0.001608465 -0.000125645 0.000089280 1.000000000 0.001879605
0.999999940 0.000204346 0.000184727 -0.002501971 -0.000204318 0.999999940 -0.000152687 0.002101138 -0.000184758 0.000152649 1.000000000 0.002562690
0.999999940 0.000167723 0.000178712 -0.001767793 -0.000167707 1.000000000 -0.000087967 0.000982706 -0.000178727 0.000087937 1.000000000 0.001463320
1.000000000 0.000096471 0.000048048 -0.001994826 -0.000096473 1.000000000 0.000028334 0.000548715 -0.000048045 -0.000028338 1.000000000 0.000434357
1.000000000 0.000127298 0.000081102 -0.001452667 -0.000127295 1.000000000 -0.000036862 0.001810225 -0.000081107 0.000036852 1.000000000 0.002210544
1.000000000 0.000128373 0.000153318 -0.001936166 -0.000128367 1.000000000 -0.000038069 0.001520159 -0.000153323 0.000038050 1.000000000 0.001302132
1.000000000 0.000182847 0.000119176 -0.000871832 -0.000182836 1.000000000 -0.000093433 0.002890332 -0.000119193 0.000093411 1.000000000 0.003202389
1.000000000 -0.000007151 0.000059516 0.000274447 0.000007157 1.000000000 -0.000102354 0.000805466 -0.000059515 0.000102354 1.000000000 0.002519276
0.999999762 0.000543390 0.000147641 -0.000072831 -0.000543297 0.999999642 -0.000630260 -0.001359569 -0.000147983 0.000630180 0.999999702 0.052683469
0.999999821 0.000450690 0.000179083 0.001464129 -0.000450464 0.999999046 -0.001259665 -0.002274320 -0.000179651 0.001259584 0.999999106 0.142312020
0.999999762 0.000606357 0.000247517 0.002542729 -0.000606016 0.999998808 -0.001377333 -0.008901383 -0.000248352 0.001377183 0.999998987 0.254854351
0.999999762 0.000586898 0.000268652 0.005672534 -0.000586534 0.999998927 -0.001350986 -0.011762423 -0.000269444 0.001350828 0.999999106 0.387215376
0.999999762 0.000608360 0.000246937 0.006975166 -0.000608081 0.999999225 -0.001128373 -0.015235371 -0.000247623 0.001128223 0.999999404 0.531543851
0.999999881 0.000251408 0.000261914 0.012822291 -0.000251331 0.999999940 -0.000295172 -0.026166739 -0.000261989 0.000295106 0.999999940 0.682262480
0.999999940 -0.000083152 0.000255264 0.018489182 0.000083186 1.000000000 -0.000133071 -0.029869545 -0.000255253 0.000133092 1.000000000 0.843658686
0.999999881 0.000307044 0.000120935 0.019288139 -0.000306986 0.999999762 -0.000479464 -0.029964205 -0.000121082 0.000479427 0.999999881 1.023894787
0.999999821 0.000419977 0.000122581 0.023513621 -0.000419934 0.999999762 -0.000353089 -0.035354003 -0.000122730 0.000353038 0.999999940 1.198695660
0.999999523 0.000850207 0.000478331 0.024740050 -0.000850215 0.999999642 0.000015321 -0.043464921 -0.000478318 -0.000015728 0.999999881 1.383758426
0.999999642 0.000884481 0.000094600 0.028815420 -0.000884472 0.999999642 -0.000096102 -0.045643695 -0.000094685 0.000096018 1.000000000 1.578075767
0.999999762 0.000614704 0.000297601 0.030046470 -0.000614739 0.999999821 0.000117346 -0.053624086 -0.000297528 -0.000117529 0.999999940 1.780173063
0.999999881 0.000325335 0.000222585 0.036217317 -0.000325482 0.999999642 0.000660862 -0.064328469 -0.000222370 -0.000660935 0.999999762 1.977879286
0.999999940 -0.000164118 0.000325356 0.039937146 0.000163850 0.999999642 0.000825118 -0.073256239 -0.000325491 -0.000825065 0.999999583 2.191178083
0.999999940 0.000188537 0.000278998 0.044438004 -0.000188771 0.999999642 0.000839894 -0.076311395 -0.000278840 -0.000839947 0.999999583 2.410543442
0.999999702 0.000595519 0.000482317 0.046089601 -0.000595892 0.999999523 0.000773797 -0.082014702 -0.000481856 -0.000774084 0.999999583 2.632435322
0.999999762 0.000434430 0.000519208 0.052165341 -0.000434828 0.999999583 0.000766292 -0.088703565 -0.000518875 -0.000766517 0.999999583 2.861456394
0.999999702 0.000440900 0.000619811 0.056696471 -0.000441487 0.999999464 0.000946322 -0.093206674 -0.000619393 -0.000946595 0.999999404 3.107396603
0.999999762 0.000501344 0.000528861 0.058828756 -0.000501796 0.999999464 0.000854053 -0.104059309 -0.000528432 -0.000854318 0.999999523 3.324194193
0.999999583 0.000569562 0.000798302 0.060797475 -0.000570372 0.999999285 0.001015729 -0.111031137 -0.000797723 -0.001016184 0.999999106 3.576779604
0.999999940 0.000093785 0.000367705 0.073858507 -0.000094062 0.999999702 0.000753235 -0.111849934 -0.000367634 -0.000753270 0.999999642 3.846312046
0.999999762 -0.000085615 0.000703318 0.077773623 0.000085068 0.999999702 0.000776959 -0.117624812 -0.000703384 -0.000776899 0.999999464 4.097329617
0.999998868 0.001206435 0.000898144 0.078783542 -0.001207462 0.999998629 0.001144477 -0.130208358 -0.000896762 -0.001145560 0.999998927 4.354534149
0.999998569 0.001079013 0.001324373 0.078362532 -0.001080937 0.999998391 0.001452877 -0.138133407 -0.001322803 -0.001454307 0.999998033 4.616719723
0.999998927 0.001134484 0.000907094 0.093368754 -0.001135413 0.999998808 0.001024060 -0.145353228 -0.000905932 -0.001025089 0.999998987 4.870285988
0.999998987 0.001271550 0.000540630 0.101871252 -0.001272226 0.999998331 0.001251596 -0.151136592 -0.000539037 -0.001252283 0.999999106 5.134177208
0.999998152 0.001568981 0.001076619 0.099795103 -0.001570199 0.999998093 0.001131711 -0.158347189 -0.001074842 -0.001133400 0.999998808 5.390737057
0.999998271 0.001287675 0.001304546 0.103848957 -0.001289465 0.999998152 0.001371968 -0.165179744 -0.001302777 -0.001373647 0.999998212 5.658621311
0.999998569 0.001105683 0.001231777 0.106578439 -0.001107015 0.999998808 0.001081727 -0.170424953 -0.001230580 -0.001083089 0.999998629 5.930388927
0.999998271 0.001196760 0.001436384 0.108952545 -0.001198659 0.999998391 0.001321841 -0.182848260 -0.001434799 -0.001323560 0.999998093 6.203862190
0.999998510 0.001082342 0.001317629 0.117790267 -0.001084147 0.999998450 0.001370210 -0.187403888 -0.001316144 -0.001371637 0.999998212 6.498311996
0.999997437 0.001596609 0.001602409 0.122372441 -0.001598548 0.999997914 0.001209156 -0.193796381 -0.001600476 -0.001211714 0.999997973 6.780906677
0.999997914 0.001432698 0.001463328 0.128476411 -0.001434465 0.999998212 0.001207074 -0.202104449 -0.001461596 -0.001209170 0.999998212 7.079867840
0.999998748 0.000983285 0.001317426 0.137648106 -0.000985278 0.999998391 0.001513057 -0.218672931 -0.001315936 -0.001514353 0.999997973 7.382185459
0.999998212 0.001186569 0.001471062 0.142308488 -0.001188576 0.999998391 0.001363691 -0.226517066 -0.001469441 -0.001365437 0.999997973 7.688699245
0.999997616 0.001457098 0.001601282 0.154094607 -0.001459388 0.999997914 0.001430257 -0.235840142 -0.001599195 -0.001432590 0.999997675 8.007961273
0.999996483 0.001767321 0.001982471 0.149403542 -0.001770590 0.999997079 0.001648680 -0.247090444 -0.001979552 -0.001652184 0.999996662 8.313810349
0.999996781 0.001620978 0.001933004 0.158994615 -0.001623955 0.999997437 0.001539551 -0.255608618 -0.001930504 -0.001542685 0.999996960 8.634031296
0.999994993 0.002082990 0.002378684 0.165037408 -0.002086677 0.999996543 0.001548514 -0.264712542 -0.002375451 -0.001553470 0.999995947 8.978481293
0.999995470 0.002014538 0.002221359 0.175930455 -0.002018157 0.999996603 0.001628207 -0.277442783 -0.002218072 -0.001632683 0.999996185 9.318991661
0.999994576 0.002373958 0.002266663 0.187856629 -0.002377612 0.999995828 0.001610617 -0.289721996 -0.002262830 -0.001615997 0.999996126 9.662798882
0.999994636 0.002272428 0.002335356 0.195851207 -0.002277400 0.999995112 0.002128741 -0.302031606 -0.002330506 -0.002134049 0.999994993 10.016262054
0.999996603 0.002047158 0.001595920 0.198592275 -0.002050051 0.999996245 0.001813206 -0.309569120 -0.001592202 -0.001816472 0.999997079 10.360949516
0.999996722 0.001819672 0.001795397 0.206961334 -0.001822584 0.999997079 0.001621575 -0.318102807 -0.001792441 -0.001624842 0.999997079 10.722370148
0.999996126 0.002069064 0.001844033 0.213659853 -0.002072095 0.999996483 0.001643123 -0.327623785 -0.001840627 -0.001646938 0.999996901 11.099557877
0.999996960 0.001704068 0.001775376 0.223448783 -0.001707693 0.999996483 0.002042025 -0.341107607 -0.001771890 -0.002045051 0.999996364 11.475632668
0.999994874 0.002333248 0.002240555 0.222859159 -0.002337609 0.999995351 0.001945989 -0.349151433 -0.002236004 -0.001951216 0.999995589 11.862452507
0.999994934 0.002215172 0.002278357 0.232014805 -0.002219207 0.999995947 0.001769925 -0.360225230 -0.002274427 -0.001774972 0.999995828 12.243462563
0.999995410 0.001844057 0.002426582 0.245473549 -0.001849114 0.999996126 0.002083344 -0.375102341 -0.002422730 -0.002087822 0.999994874 12.631797791
0.999993265 0.002777679 0.002402918 0.248314828 -0.002783102 0.999993563 0.002256350 -0.385846317 -0.002396636 -0.002263023 0.999994516 13.023576736
0.999994397 0.001782308 0.002812496 0.248199940 -0.001788719 0.999995768 0.002278595 -0.401441067 -0.002808423 -0.002283613 0.999993384 13.427119255
0.999995112 0.001629326 0.002675249 0.265633941 -0.001635832 0.999995708 0.002430954 -0.411030024 -0.002671277 -0.002435318 0.999993443 13.835022926
0.999993205 0.002410692 0.002792861 0.274880350 -0.002418181 0.999993503 0.002681315 -0.424247384 -0.002786378 -0.002688051 0.999992490 14.251836777
0.999990702 0.002962407 0.003139291 0.281128496 -0.002970701 0.999992132 0.002640616 -0.439268708 -0.003131444 -0.002649917 0.999991596 14.665115356
0.999988675 0.002963728 0.003703087 0.288957000 -0.002972938 0.999992490 0.002484253 -0.443804979 -0.003695697 -0.002495234 0.999989986 15.086336136
0.999985278 0.003544001 0.004100727 0.292225540 -0.003555394 0.999989808 0.002774471 -0.456469953 -0.004090853 -0.002789010 0.999987721 15.521058083
0.999988616 0.002514492 0.004038931 0.313423157 -0.002527141 0.999991834 0.003129655 -0.478111565 -0.004031029 -0.003139827 0.999986887 15.976429939
0.999981761 0.003847215 0.004641432 0.320555866 -0.003861207 0.999988019 0.003009554 -0.488208979 -0.004629799 -0.003027420 0.999984682 16.419282913
0.999984324 0.003286521 0.004515430 0.336017072 -0.003298663 0.999990880 0.002684249 -0.500858784 -0.004506569 -0.002699101 0.999986172 16.858503342
0.999979377 0.003672986 0.005253472 0.334676743 -0.003689877 0.999988019 0.003209218 -0.523607433 -0.005241621 -0.003228537 0.999981046 17.298229218
0.999980509 0.003661023 0.005044895 0.347784996 -0.003679031 0.999986887 0.003564881 -0.538762927 -0.005031777 -0.003583372 0.999980927 17.763252258
0.999981523 0.003033376 0.005292580 0.366778433 -0.003048740 0.999991179 0.002896986 -0.539076090 -0.005283747 -0.002913069 0.999981761 18.243896484
0.999981225 0.002840671 0.005428687 0.376667291 -0.002857696 0.999991119 0.003130918 -0.549512267 -0.005419744 -0.003146373 0.999980390 18.704212189
0.999982774 0.002147759 0.005459740 0.390326172 -0.002166698 0.999991655 0.003465344 -0.575786591 -0.005452252 -0.003477114 0.999979019 19.200113297
0.999979377 0.002569804 0.005886316 0.397888124 -0.002587208 0.999992371 0.002950946 -0.584041595 -0.005878688 -0.002966114 0.999978304 19.678533554
0.999981225 0.002703095 0.005505913 0.406278044 -0.002724839 0.999988556 0.003945482 -0.600175321 -0.005495185 -0.003960412 0.999976993 20.171802521
0.999973953 0.004245271 0.005829080 0.432492971 -0.004269608 0.999982178 0.004169188 -0.632442355 -0.005811276 -0.004193968 0.999974310 20.642793655
0.999978483 0.003887451 0.005285276 0.446177483 -0.003909268 0.999983907 0.004123986 -0.641975701 -0.005269159 -0.004144560 0.999977469 21.145448685
0.999980628 0.003706581 0.005022876 0.447264969 -0.003723844 0.999987125 0.003431775 -0.643868387 -0.005010093 -0.003450413 0.999981463 21.632795334
0.999981821 0.003853475 0.004638904 0.458176255 -0.003870104 0.999986053 0.003581167 -0.654227912 -0.004625039 -0.003599055 0.999982834 22.148157120
0.999985278 0.003356569 0.004246287 0.475004911 -0.003370886 0.999988616 0.003369044 -0.676486373 -0.004234930 -0.003383309 0.999985337 22.646379471
0.999985039 0.003748908 0.003984025 0.482737899 -0.003763225 0.999986470 0.003592182 -0.690666914 -0.003970503 -0.003607121 0.999985635 23.163213730
0.999987602 0.003460729 0.003571576 0.485583544 -0.003473162 0.999987900 0.003481013 -0.706677794 -0.003559486 -0.003493375 0.999987543 23.665832520
0.999993026 0.002425703 0.002847064 0.495644152 -0.002434357 0.999992430 0.003040110 -0.722790778 -0.002839668 -0.003047019 0.999991298 24.195238113
0.999993086 0.003077360 0.002093279 0.502567947 -0.003085386 0.999987841 0.003841538 -0.748897910 -0.002081431 -0.003847970 0.999990404 24.699636459
0.999990880 0.003964020 0.001561669 0.508484006 -0.003970173 0.999984264 0.003956903 -0.761616826 -0.001545959 -0.003963068 0.999990940 25.239137650
0.999991834 0.003890594 0.001066079 0.516769767 -0.003894649 0.999985099 0.003828362 -0.777568698 -0.001051168 -0.003832483 0.999992132 25.780776978
0.999992669 0.003747264 0.000752867 0.528708160 -0.003750028 0.999986053 0.003703080 -0.791966975 -0.000738980 -0.003705876 0.999992847 26.329500198
0.999994695 0.003254649 0.000011959 0.541118205 -0.003254669 0.999985635 0.004251509 -0.800137699 0.000001879 -0.004251525 0.999990880 26.885231018
0.999992907 0.003732878 -0.000282870 0.550030470 -0.003731652 0.999984145 0.004213488 -0.822595537 0.000298594 -0.004212402 0.999991059 27.434690475
0.999990940 0.004220943 -0.000504651 0.558733165 -0.004218829 0.999982595 0.004117852 -0.834289253 0.000522023 -0.004115685 0.999991417 27.991558075
0.999986708 0.005107062 -0.000741818 0.572073162 -0.005103823 0.999977708 0.004305042 -0.858186305 0.000763788 -0.004301199 0.999990463 28.546077728
0.999988556 0.004717923 -0.000797048 0.588877141 -0.004714077 0.999977589 0.004759343 -0.873498797 0.000819484 -0.004755531 0.999988317 29.101186752
0.999987364 0.004905126 -0.001079557 0.595120668 -0.004899917 0.999976516 0.004775812 -0.886358738 0.001102957 -0.004770462 0.999987960 29.644512177
0.999987185 0.004913927 -0.001211576 0.598729312 -0.004908088 0.999976516 0.004777091 -0.897416651 0.001235022 -0.004771084 0.999987781 30.195562363
0.999985814 0.005057220 -0.001633254 0.616367936 -0.005049193 0.999975264 0.004881389 -0.914630890 0.001657900 -0.004873072 0.999986768 30.735298157
0.999984801 0.005119860 -0.002012865 0.631126463 -0.005110134 0.999975383 0.004807199 -0.924993098 0.002037427 -0.004796841 0.999986410 31.283697128
0.999979556 0.005901647 -0.002445240 0.638205171 -0.005889185 0.999969780 0.005072696 -0.937370896 0.002475103 -0.005058192 0.999984145 31.836265564
0.999982119 0.005519204 -0.002285377 0.646169603 -0.005507955 0.999972820 0.004899761 -0.956601560 0.002312358 -0.004887086 0.999985397 32.410850525
0.999975324 0.006375943 -0.002953315 0.652422786 -0.006360789 0.999966681 0.005112464 -0.973072052 0.002985813 -0.005093552 0.999982655 32.952583313
0.999983430 0.005091192 -0.002694761 0.658421040 -0.005078377 0.999975860 0.004741268 -0.977773547 0.002718835 -0.004727504 0.999985158 33.474269867
0.999982417 0.005243518 -0.002763403 0.673549771 -0.005228885 0.999972343 0.005276219 -0.998548388 0.002790992 -0.005261677 0.999982178 34.055530548
0.999980509 0.005527228 -0.002885488 0.676013350 -0.005511795 0.999970615 0.005328987 -1.012173176 0.002914857 -0.005312979 0.999981642 34.606361389
0.999978364 0.005820686 -0.003068592 0.687567353 -0.005804111 0.999968708 0.005382943 -1.032003760 0.003099828 -0.005365016 0.999980807 35.134349823
0.999979734 0.005171168 -0.003721346 0.709164321 -0.005152159 0.999973714 0.005099371 -1.036452413 0.003747619 -0.005080095 0.999980092 35.690975189
0.999980748 0.005334920 -0.003190872 0.709523201 -0.005317247 0.999970675 0.005521675 -1.055457234 0.003220237 -0.005504602 0.999979675 36.241119385
0.999979615 0.005367198 -0.003458312 0.725436747 -0.005350101 0.999973536 0.004933999 -1.062929511 0.003484702 -0.004915397 0.999981761 36.810092926
0.999975860 0.005952501 -0.003574362 0.734032989 -0.005934412 0.999969780 0.005050272 -1.076468945 0.003604315 -0.005028939 0.999980867 37.353870392
0.999976337 0.005918930 -0.003496386 0.743498027 -0.005901280 0.999969840 0.005036988 -1.086610675 0.003526093 -0.005016234 0.999981225 37.915504456
0.999971747 0.006163265 -0.004300477 0.753520846 -0.006145127 0.999972224 0.004218010 -1.094209194 0.004326355 -0.004191465 0.999981880 38.445133209
0.999975204 0.005842246 -0.003925473 0.754921257 -0.005826169 0.999974668 0.004094198 -1.104134202 0.003949293 -0.004071227 0.999983966 39.002223969
0.999967039 0.007103894 -0.003912612 0.746894121 -0.007088547 0.999967098 0.003922584 -1.099673629 0.003940349 -0.003894721 0.999984682 39.530441284
0.999968112 0.006989684 -0.003859958 0.753035665 -0.006975203 0.999968767 0.003752283 -1.109067678 0.003886064 -0.003725239 0.999985516 40.070720673
0.999966502 0.006846276 -0.004468755 0.766107261 -0.006830166 0.999970078 0.003610678 -1.119452715 0.004493342 -0.003580035 0.999983490 40.614650726
0.999965966 0.007044739 -0.004289672 0.774879158 -0.007032790 0.999971271 0.002794188 -1.126741886 0.004309233 -0.002763925 0.999986887 41.169288635
0.999961615 0.007579235 -0.004384986 0.773210704 -0.007562967 0.999964476 0.003714474 -1.153568745 0.004412983 -0.003681167 0.999983490 41.721916199
0.999957502 0.008502590 -0.003527151 0.777530909 -0.008491533 0.999958992 0.003138129 -1.163328886 0.003553689 -0.003108046 0.999988914 42.279155731
0.999958813 0.008222673 -0.003831584 0.788163781 -0.008207955 0.999958932 0.003841027 -1.188640833 0.003863010 -0.003809420 0.999985337 42.809890747
0.999966979 0.006441755 -0.004958679 0.818041921 -0.006424176 0.999973059 0.003552733 -1.204777122 0.004981431 -0.003520760 0.999981344 43.398220062
0.999954939 0.008314096 -0.004614091 0.813949406 -0.008299905 0.999960780 0.003086590 -1.213577628 0.004639572 -0.003048154 0.999984562 43.942722321
0.999953032 0.008620351 -0.004448098 0.823996365 -0.008607604 0.999958754 0.002876999 -1.224376440 0.004472716 -0.002838576 0.999985933 44.488822937
0.999951124 0.009146538 -0.003749338 0.805176198 -0.009135001 0.999953628 0.003082327 -1.237433672 0.003777357 -0.003047927 0.999988198 45.018077850
0.999955773 0.008404969 -0.004213035 0.817797780 -0.008393196 0.999960840 0.002804400 -1.248363256 0.004236441 -0.002768916 0.999987185 45.569866180
0.999952495 0.008977443 -0.003779741 0.825979829 -0.008968201 0.999956787 0.002454671 -1.261062741 0.003801614 -0.002420658 0.999989808 46.108165741
0.999951661 0.008938670 -0.004082163 0.827237129 -0.008926908 0.999955952 0.002890320 -1.279922247 0.004107819 -0.002853739 0.999987423 46.666240692
0.999949694 0.009051478 -0.004315320 0.839185059 -0.009039721 0.999955356 0.002736825 -1.289618373 0.004339899 -0.002697678 0.999986947 47.198566437
0.999950528 0.008727174 -0.004770324 0.849881053 -0.008714289 0.999958277 0.002715420 -1.302651405 0.004793823 -0.002673716 0.999984860 47.757007599
0.999957144 0.007985681 -0.004670912 0.856213093 -0.007972984 0.999964476 0.002730609 -1.321046948 0.004692551 -0.002693250 0.999985278 48.305568695
0.999965012 0.007262728 -0.004150298 0.866854966 -0.007249029 0.999968171 0.003306432 -1.346374989 0.004174181 -0.003276231 0.999985933 48.830951691
0.999956965 0.008155935 -0.004403199 0.856592953 -0.008145140 0.999963820 0.002463790 -1.341324329 0.004423134 -0.002427820 0.999987185 49.386184692
0.999950349 0.008964270 -0.004348381 0.862549722 -0.008952743 0.999956369 0.002662951 -1.354991913 0.004372063 -0.002623889 0.999987006 49.937118530
0.999950469 0.009161891 -0.003891312 0.857121229 -0.009152080 0.999954939 0.002531060 -1.365071774 0.003914325 -0.002495321 0.999989212 50.473892212
0.999950290 0.009464512 -0.003136502 0.854299664 -0.009456395 0.999951959 0.002592019 -1.382694364 0.003160883 -0.002562230 0.999991775 50.997402191
0.999947071 0.009578546 -0.003741303 0.862890840 -0.009567729 0.999950051 0.002898013 -1.393935680 0.003768875 -0.002862063 0.999988794 51.563022614
0.999943912 0.009986566 -0.003560600 0.866585374 -0.009975102 0.999944985 0.003223819 -1.409576178 0.003592599 -0.003188120 0.999988377 52.098396301
0.999944031 0.009966021 -0.003544110 0.874027371 -0.009956324 0.999946594 0.002744131 -1.421788335 0.003571269 -0.002708691 0.999989927 52.656467438
0.999945402 0.009838761 -0.003505755 0.873007417 -0.009828360 0.999947250 0.002971277 -1.435215950 0.003534804 -0.002936659 0.999989390 53.190433502
0.999942541 0.010208748 -0.003278305 0.874135971 -0.010200048 0.999944389 0.002660763 -1.448139906 0.003305286 -0.002627171 0.999991059 53.726917267
0.999938369 0.010730169 -0.002848539 0.875368178 -0.010724200 0.999940276 0.002102024 -1.459241748 0.002870925 -0.002071346 0.999993742 54.267692566
0.999939680 0.010646049 -0.002680600 0.880636752 -0.010640753 0.999941349 0.001982157 -1.472298622 0.002701544 -0.001953514 0.999994457 54.799015045
0.999939680 0.010655352 -0.002665221 0.886354506 -0.010650379 0.999941528 0.001873136 -1.485379696 0.002685024 -0.001844638 0.999994695 55.345932007
0.999945343 0.010063208 -0.002834674 0.895507216 -0.010057796 0.999947608 0.001917530 -1.496336818 0.002853821 -0.001888914 0.999994099 55.888946533
0.999945402 0.009985697 -0.003058184 0.902250290 -0.009978906 0.999947667 0.002226991 -1.511302948 0.003080263 -0.002196353 0.999992847 56.430942535
0.999942183 0.010377293 -0.002814214 0.909866214 -0.010371529 0.999944210 0.002054998 -1.525084853 0.002835382 -0.002025691 0.999993920 56.976043701
0.999938250 0.010868774 -0.002319609 0.909437656 -0.010864547 0.999939263 0.001827313 -1.536055326 0.002339328 -0.001801998 0.999995649 57.515663147
0.999941289 0.010585486 -0.002326234 0.916601419 -0.010580880 0.999942183 0.001983245 -1.552359581 0.002347092 -0.001958516 0.999995351 58.050735474
0.999937296 0.011037152 -0.001860301 0.920668125 -0.011034060 0.999937713 0.001665731 -1.562683225 0.001878569 -0.001645100 0.999996841 58.585552216
0.999934793 0.011239947 -0.001998530 0.929307878 -0.011236382 0.999935269 0.001785435 -1.575227737 0.002018469 -0.001762862 0.999996424 59.110115051
0.999938369 0.010935583 -0.001878028 0.936400771 -0.010932876 0.999939203 0.001445425 -1.589679718 0.001893721 -0.001424804 0.999997199 59.647342682
0.999938190 0.010942481 -0.001973962 0.945310175 -0.010939875 0.999939263 0.001326026 -1.603341222 0.001988353 -0.001304349 0.999997199 60.190341949
0.999935448 0.011252037 -0.001577738 0.945211053 -0.011250065 0.999935925 0.001253824 -1.614196897 0.001591745 -0.001235993 0.999997973 60.735679626
0.999927640 0.011974188 -0.001274265 0.951980591 -0.011972631 0.999927521 0.001225073 -1.631251812 0.001288841 -0.001209728 0.999998391 61.280696869
0.999928594 0.011903372 -0.000973756 0.960717559 -0.011902184 0.999928415 0.001215261 -1.642545700 0.000988153 -0.001203585 0.999998808 61.822891235
0.999927342 0.012009899 -0.000954314 0.968395233 -0.012008788 0.999927223 0.001160711 -1.660847068 0.000968184 -0.001149166 0.999998868 62.353111267
0.999921679 0.012495157 -0.000724296 0.976666808 -0.012494486 0.999921501 0.000924978 -1.676929474 0.000735797 -0.000915856 0.999999285 62.890464783
0.999918461 0.012741033 -0.000812095 0.983236969 -0.012740225 0.999918282 0.000992413 -1.687591434 0.000824673 -0.000981985 0.999999106 63.425640106
0.999911666 0.013280661 -0.000435832 0.983179152 -0.013280318 0.999911487 0.000781726 -1.704794884 0.000446176 -0.000775869 0.999999583 63.961475372
0.999912679 0.013210595 -0.000290802 0.990245342 -0.013210371 0.999912381 0.000759249 -1.719933867 0.000300806 -0.000755341 0.999999642 64.485374451
0.999909639 0.013436192 0.000095052 0.992090642 -0.013436265 0.999909401 0.000833811 -1.736240029 -0.000083840 -0.000835013 0.999999583 65.004570007
0.999907136 0.013618237 0.000453923 1.000405788 -0.013618680 0.999906898 0.000990791 -1.757851601 -0.000440388 -0.000996881 0.999999404 65.507789612
0.999905288 0.013723636 0.001025887 1.007658601 -0.013724170 0.999905765 0.000516434 -1.769132733 -0.001018703 -0.000530465 0.999999404 66.045211792
0.999901652 0.014002466 0.000806458 0.985601008 -0.014001898 0.999901712 -0.000706301 -1.757043958 -0.000816268 0.000694940 0.999999404 66.746940613
0.999914110 0.013098677 0.000327247 1.012369156 -0.013098635 0.999914229 -0.000128696 -1.788407922 -0.000328905 0.000124399 0.999999940 67.238044739
0.999909401 0.013459741 0.000454225 1.022885680 -0.013459679 0.999909341 -0.000145244 -1.804184079 -0.000456139 0.000139117 0.999999881 67.783813477
0.999914050 0.013109555 0.000156209 1.040393472 -0.013109540 0.999913990 -0.000100659 -1.822622776 -0.000157516 0.000098602 1.000000000 68.322891235
0.999908924 0.013489481 0.000417466 1.046334267 -0.013489466 0.999908984 -0.000033308 -1.837092996 -0.000417877 0.000027673 0.999999940 68.859107971
0.999905884 0.013716947 0.000040840 1.054894090 -0.013716950 0.999905944 0.000078764 -1.855033040 -0.000039756 -0.000079317 1.000000000 69.386299133
0.999900341 0.014110764 0.000628995 1.063560724 -0.014110582 0.999900401 -0.000295939 -1.871708989 -0.000633108 0.000287034 0.999999702 69.927238464
0.999902308 0.013957433 0.000654524 1.073953748 -0.013957493 0.999902546 0.000084466 -1.891270995 -0.000653281 -0.000093594 0.999999762 70.467689514
0.999906063 0.013689214 0.000630390 1.084763527 -0.013689320 0.999906301 0.000161197 -1.907436371 -0.000628124 -0.000169812 0.999999762 71.020431519
0.999905944 0.013696984 0.000628930 1.095128536 -0.013697087 0.999906123 0.000159164 -1.926764965 -0.000626690 -0.000167764 0.999999762 71.558532715
0.999907672 0.013570610 0.000627219 1.103981495 -0.013570682 0.999907911 0.000113550 -1.942162514 -0.000625620 -0.000122052 0.999999821 72.090255737
0.999903202 0.013896758 0.000708941 1.113919020 -0.013896690 0.999903440 -0.000102589 -1.958922029 -0.000710298 0.000092727 0.999999762 72.640167236
0.999901652 0.014006206 0.000593021 1.127422810 -0.014006265 0.999901831 0.000097063 -1.977707267 -0.000591603 -0.000105359 0.999999821 73.174339294
0.999894857 0.014476908 0.000774927 1.134256721 -0.014477191 0.999895155 0.000362079 -1.993866563 -0.000769604 -0.000373259 0.999999583 73.712722778
0.999897301 0.014294080 0.001048533 1.146662474 -0.014294267 0.999897838 0.000168244 -2.011317730 -0.001046021 -0.000183215 0.999999464 74.243789673
0.999891222 0.014713480 0.001031647 1.159857988 -0.014713908 0.999891639 0.000408071 -2.026171923 -0.001025531 -0.000423207 0.999999404 74.782943726
0.999888301 0.014895180 0.001244759 1.166303635 -0.014895627 0.999888957 0.000350149 -2.043391466 -0.001239405 -0.000368651 0.999999166 75.325531006
0.999887466 0.014945469 0.001402795 1.177517891 -0.014945436 0.999888241 -0.000034590 -2.058144569 -0.001403156 0.000013621 0.999998987 75.860877991
0.999872625 0.015864562 0.001759248 1.182601571 -0.015864467 0.999874175 -0.000068227 -2.073178768 -0.001760109 0.000040309 0.999998450 76.404129028
0.999872565 0.015838074 0.001968998 1.196244478 -0.015837934 0.999874592 -0.000085458 -2.092305422 -0.001970105 0.000054263 0.999997973 76.950958252
0.999868095 0.016095720 0.002175193 1.205602169 -0.016095785 0.999870479 0.000012810 -2.109978437 -0.002174705 -0.000047820 0.999997616 77.488800049
0.999869406 0.016078571 0.001592805 1.214501500 -0.016078942 0.999870718 0.000220884 -2.126679897 -0.001589048 -0.000246466 0.999998689 78.025505066
0.999870241 0.015996110 0.001892643 1.225599527 -0.015996506 0.999871969 0.000194911 -2.146472931 -0.001889283 -0.000225162 0.999998152 78.554130554
0.999867857 0.016117204 0.002127996 1.237448454 -0.016117351 0.999870121 0.000051256 -2.158646584 -0.002126893 -0.000085547 0.999997735 79.093132019
0.999861062 0.016515095 0.002231257 1.247837186 -0.016515443 0.999863625 0.000139249 -2.175834656 -0.002228652 -0.000176080 0.999997497 79.623619080
0.999862492 0.016458761 0.002017058 1.267348886 -0.016458876 0.999864519 0.000038784 -2.192544222 -0.002016146 -0.000071978 0.999997973 80.155326843
0.999850690 0.016930068 0.003462533 1.271373272 -0.016928704 0.999856591 -0.000422758 -2.201218843 -0.003469194 0.000364078 0.999993920 80.695770264
0.999853790 0.016600518 0.004095074 1.295193672 -0.016597891 0.999862015 -0.000674457 -2.214322805 -0.004105705 0.000606389 0.999991417 81.229202271
0.999855757 0.016158059 0.005230045 1.309447527 -0.016155310 0.999869347 -0.000567348 -2.228466511 -0.005238529 0.000482773 0.999986172 81.758033752
0.999849439 0.016129849 0.006392932 1.323714972 -0.016123800 0.999869525 -0.000996846 -2.240609646 -0.006408177 0.000893617 0.999979079 82.288093567
0.999813437 0.016588215 0.009889225 1.345421433 -0.016578907 0.999861956 -0.001022374 -2.254110336 -0.009904820 0.000858230 0.999950528 82.829177856
0.999780059 0.016037554 0.013510981 1.364166737 -0.016022455 0.999870837 -0.001225006 -2.263214350 -0.013528883 0.001008258 0.999907970 83.369598389
0.999732316 0.016221214 0.016506486 1.391072273 -0.016208408 0.999868214 -0.000909306 -2.285749912 -0.016519062 0.000641518 0.999863327 83.892929077
0.999654055 0.016322073 0.020622624 1.416159511 -0.016302435 0.999866486 -0.001120112 -2.300722599 -0.020638157 0.000783526 0.999786615 84.433181763
0.999510407 0.016533677 0.026560072 1.449054956 -0.016509626 0.999863029 -0.001124563 -2.316809416 -0.026575029 0.000685515 0.999646544 84.966690063
0.999358356 0.015966473 0.032061223 1.489754081 -0.015929881 0.999872088 -0.001396485 -2.334798336 -0.032079421 0.000884858 0.999484956 85.489448547
0.999155641 0.015438538 0.038074885 1.529561996 -0.015414591 0.999880791 -0.000922481 -2.352760553 -0.038084589 0.000334793 0.999274492 86.027778625
0.998813033 0.015742255 0.046093848 1.576695204 -0.015694028 0.999875844 -0.001408088 -2.370520115 -0.046110287 0.000683018 0.998936117 86.561782837
0.998423755 0.015191460 0.054031990 1.629575729 -0.015085396 0.999883354 -0.002370362 -2.380872726 -0.054061700 0.001551532 0.998536408 87.121154785
0.997992754 0.015227254 0.061470721 1.674763441 -0.015114594 0.999883115 -0.002297306 -2.399384499 -0.061498512 0.001363590 0.998106182 87.652427673
0.997386873 0.015415864 0.070581898 1.729155064 -0.015267259 0.999879956 -0.002644453 -2.414709568 -0.070614181 0.001559951 0.997502506 88.194374084
0.996652186 0.014462993 0.080469191 1.802599430 -0.014294633 0.999894261 -0.002667948 -2.434087276 -0.080499254 0.001508739 0.996753514 88.702583313
0.995906591 0.014227062 0.089262947 1.870993614 -0.014011686 0.999897242 -0.003039040 -2.443381786 -0.089297034 0.001775875 0.996003449 89.262336731
0.995247900 0.013508949 0.096431844 1.941758633 -0.013234263 0.999906361 -0.003487555 -2.454166889 -0.096469931 0.002194777 0.995333493 89.787551880
0.994238615 0.012971019 0.106401458 2.029336929 -0.012627443 0.999912620 -0.003902159 -2.465746880 -0.106442779 0.002536098 0.994315624 90.301605225
0.993095040 0.013584280 0.116523191 2.121604919 -0.013250074 0.999905586 -0.003642312 -2.484829903 -0.116561681 0.002073220 0.993181288 90.856506348
0.992015183 0.011953335 0.125550225 2.217335701 -0.011494553 0.999924302 -0.004378013 -2.499032974 -0.125593066 0.002899912 0.992077529 91.391143799
0.990469813 0.012377260 0.137172475 2.309152603 -0.011930827 0.999920487 -0.004076257 -2.520120621 -0.137212038 0.002400829 0.990538776 91.923126221
0.988642573 0.012369138 0.149776116 2.414244652 -0.011865648 0.999920547 -0.004254816 -2.541874409 -0.149816856 0.002429301 0.988710701 92.458518982
0.986928701 0.011983551 0.160711795 2.520206451 -0.011369914 0.999924123 -0.004737355 -2.556646585 -0.160756409 0.002848152 0.986989975 93.001708984
0.985239863 0.011532288 0.170790747 2.673602104 -0.010803570 0.999928236 -0.005195550 -2.585989475 -0.170838356 0.003273712 0.985293627 93.567962646
0.982658803 0.011229592 0.185082316 2.743115425 -0.010601548 0.999934196 -0.004382631 -2.598143101 -0.185119361 0.002344472 0.982713163 94.060676575
0.980555177 0.011430745 0.195910364 2.937169075 -0.010546479 0.999928892 -0.005556260 -2.628612995 -0.195959955 0.003382054 0.980606079 94.638977051
0.978409708 0.011163137 0.206373051 3.062971115 -0.010320620 0.999933422 -0.005158614 -2.654512644 -0.206416845 0.002917340 0.978459716 95.169364929
0.975672901 0.010261246 0.218991518 3.213407516 -0.009250966 0.999941349 -0.005638244 -2.675857782 -0.219036490 0.003475199 0.975710392 95.695457458
0.972592652 0.009594579 0.232317567 3.389154434 -0.008736456 0.999950707 -0.004722383 -2.718580008 -0.232351452 0.002563323 0.972628534 96.210708618
0.969880521 0.008982572 0.243415639 3.543354034 -0.007965238 0.999954939 -0.005163348 -2.732266188 -0.243451074 0.003068967 0.969908357 96.736083984
0.967249334 0.008110428 0.253698617 3.739406586 -0.007068072 0.999962449 -0.005019876 -2.768344641 -0.253729820 0.003062312 0.967270315 97.314270020
0.963465214 0.009366184 0.267669857 3.901973724 -0.008353445 0.999953032 -0.004922077 -2.789273739 -0.267703444 0.002506283 0.963498175 97.829566956
0.960123479 0.007946244 0.279463291 4.107358932 -0.006706270 0.999962926 -0.005392851 -2.810749054 -0.279495776 0.003303648 0.960141242 98.417747498
0.956787407 0.006960040 0.290705025 4.295396805 -0.005755195 0.999970913 -0.004999356 -2.841521263 -0.290731430 0.003110257 0.956799626 98.907981873
0.952525198 0.005108971 0.304416656 4.521533966 -0.003636801 0.999978781 -0.005402849 -2.858488321 -0.304437786 0.004039247 0.952523589 99.522972107
0.948090076 0.004633484 0.317968160 4.725019455 -0.002984256 0.999979436 -0.005673671 -2.875477791 -0.317987859 0.004430253 0.948084414 100.043060303
0.944219768 0.004151956 0.329289973 4.932300568 -0.002339142 0.999979854 -0.005901208 -2.891764879 -0.329307854 0.004801780 0.944210410 100.557640076
0.939490438 0.005041566 0.342538059 5.139282227 -0.003474047 0.999980450 -0.005189596 -2.917306900 -0.342557549 0.003685582 0.939489603 101.079689026
0.934468150 0.004725331 0.356015325 5.384510040 -0.003234882 0.999983370 -0.004781701 -2.929278851 -0.356031984 0.003316680 0.934467912 101.601089478
0.929394722 0.004813396 0.369055837 5.588750839 -0.003230328 0.999982715 -0.004907289 -2.947723389 -0.369073123 0.003368637 0.929394305 102.109436035
0.924614847 0.003148118 0.380890310 5.825798035 -0.001351557 0.999986649 -0.004984129 -2.988281727 -0.380900919 0.004093605 0.924606800 102.638603210
0.918542683 0.003902212 0.395302534 6.066329956 -0.002592458 0.999989212 -0.003847398 -3.009717703 -0.395313293 0.002509194 0.918542862 103.141777039
0.912790477 0.002395189 0.408421189 6.325286865 -0.000333700 0.999986827 -0.005118635 -3.026071548 -0.408428013 0.004535951 0.912779272 103.675819397
0.907794654 0.002846939 0.419405282 6.575740814 -0.000699123 0.999985874 -0.005274704 -3.042344570 -0.419414312 0.004495132 0.907783806 104.157867432
0.902023256 0.001459869 0.431684881 6.846942902 0.000628069 0.999988794 -0.004694132 -3.066587925 -0.431686968 0.004505345 0.902012169 104.698471069
0.895505309 0.001233190 0.445049167 7.111087799 0.001065769 0.999987364 -0.004915359 -3.081396580 -0.445049554 0.004876051 0.895492673 105.192733765
0.889704168 0.000878166 0.456536859 7.383537292 0.001462157 0.999987543 -0.004772983 -3.100216150 -0.456535310 0.004914070 0.889691770 105.668197632
0.883578718 0.000362436 0.468282551 7.661487579 0.001956959 0.999988139 -0.004466448 -3.120320797 -0.468278617 0.004862868 0.883567452 106.143524170
0.875954330 0.000625215 0.482393622 7.952819824 0.001798054 0.999987960 -0.004561050 -3.139296055 -0.482390672 0.004862641 0.875942707 106.631591797
