1.000000000 0.000000000 0.000000000 0.000000000 0.000000000 1.000000000 0.000000000 0.000000000 0.000000000 0.000000000 1.000000000 0.000000000
1.000000000 0.000077384 0.000039395 -0.000188908 -0.000077383 1.000000000 -0.000014739 0.000389360 -0.000039396 0.000014736 1.000000000 0.000263447
1.000000000 0.000071801 0.000101001 -0.000711829 -0.000071802 1.000000000 0.000010901 0.000028793 -0.000101001 -0.000010909 1.000000000 0.000241948
1.000000000 0.000069173 0.000053973 -0.000412480 -0.000069169 1.000000000 -0.000071756 0.000839031 -0.000053978 0.000071752 1.000000000 0.000413977
1.000000000 0.000041445 0.000077474 -0.000404611 -0.000041442 1.000000000 -0.000044192 0.000532266 -0.000077476 0.000044189 1.000000000 0.000282298
1.000000000 0.000153232 0.000106901 -0.001175301 -0.000153228 1.000000000 -0.000028976 0.000738087 -0.000106905 0.000028959 1.000000000 0.000129242
1.000000000 0.000050605 0.000020933 -0.000385387 -0.000050604 1.000000000 -0.000015788 0.000227597 -0.000020934 0.000015787 1.000000000 0.000055632
1.000000000 0.000107823 0.000037658 -0.000010403 -0.000107823 1.000000000 0.000011222 0.000397001 -0.000037657 -0.000011226 1.000000000 0.000800501
1.000000000 0.000122471 0.000018002 -0.000273506 -0.000122470 1.000000000 -0.000085931 0.000012388 -0.000018013 0.000085929 1.000000000 -0.000186416
1.000000000 0.000142985 0.000048156 -0.000572772 -0.000142982 1.000000000 -0.000055786 0.000116576 -0.000048164 0.000055779 1.000000000 0.000973919
0.999999940 0.000303651 0.000127426 -0.001236800 -0.000303649 0.999999940 -0.000013344 0.000532903 -0.000127430 0.000013305 1.000000000 0.000691362
1.000000000 0.000151292 0.000064428 -0.000304493 -0.000151288 1.000000000 -0.000070024 0.001340908 -0.000064438 0.000070014 1.000000000 0.001824945
1.000000000 0.000101987 0.000045485 -0.000523741 -0.000101984 1.000000000 -0.000064046 0.000325852 -0.000045491 0.000064041 1.000000000 0.000217155
1.000000000 0.000121983 0.000037889 -0.000619801 -0.000121979 1.000000000 -0.000083538 0.001194924 -0.000037899 0.000083533 1.000000000 0.000860155
1.000000000 0.000080944 0.000091805 -0.001477437 -0.000080937 1.000000000 -0.000069961 0.000973438 -0.000091811 0.000069954 1.000000000 0.000442940
1.000000000 0.000074639 0.000060229 -0.000279207 -0.000074637 1.000000000 -0.000033756 0.001415049 -0.000060231 0.000033752 1.000000000 0.002120977
1.000000000 0.000153322 0.000100413 -0.000955689 -0.000153316 1.000000000 -0.000064417 0.001380988 -0.000100423 0.000064402 1.000000000 0.001670339
1.000000000 0.000175819 0.000094335 -0.001390162 -0.000175812 1.000000000 -0.000072414 0.001204935 -0.000094348 0.000072398 1.000000000 0.001536658
0.999999940 0.000251475 0.000159820 -0.001914881 -0.000251470 0.999999940 -0.000032055 0.001476786 -0.000159828 0.000032015 1.000000000 0.001125118
1.000000000 0.000166620 0.000151328 -0.001632740 -0.000166609 1.000000000 -0.000074291 0.001733432 -0.000151340 0.000074265 1.000000000 0.002135558
0.999999940 0.000236486 0.000172886 -0.002186450 -0.000236475 0.999999940 -0.000068424 0.001375583 -0.000172903 0.000068383 1.000000000 0.001730165
1.000000000 0.000148394 0.000109287 -0.001728210 -0.000148386 1.000000000 -0.000068987 0.001587004 -0.000109297 0.000068971 1.000000000 0.001614228
1.000000000 0.000225820 0.000079577 -0.000892576 -0.000225813 1.000000000 -0.000089097 0.001773200 -0.000079597 0.000089079 1.000000000 0.002443118
1.000000000 0.000225748 0.000090759 -0.001627920 -0.000225742 1.000000000 -0.000062103 0.002310087 -0.000090773 0.000062082 1.000000000 0.002889130
0.999999940 0.000394930 0.000144010 -0.002184881 -0.000394919 0.999999940 -0.000074948 0.002037585 -0.000144040 0.000074891 1.000000000 0.002032456
0.999999940 0.000364907 0.000117354 -0.001461442 -0.000364908 0.999999940 0.000008490 0.001087748 -0.000117350 -0.000008533 1.000000000 0.001723925
0.999999940 0.000244168 0.000183752 -0.002070543 -0.000244163 0.999999940 -0.000027704 0.002501087 -0.000183759 0.000027660 1.000000000 0.002528846
0.999999940 0.000273573 0.000196747 -0.002094028 -0.000273574 0.999999940 0.000005080 0.001587583 -0.000196746 -0.000005134 1.000000000 0.002467951
0.999999940 0.000240896 0.000144531 -0.002022598 -0.000240892 1.000000000 -0.000031919 0.002120181 -0.000144539 0.000031884 1.000000000 0.002282352
0.999999940 0.000301345 0.000148395 -0.001899890 -0.000301340 0.999999940 -0.000033533 0.002068549 -0.000148405 0.000033488 1.000000000 0.001997958
0.999999940 0.000231617 0.000166851 -0.001467070 -0.000231610 1.000000000 -0.000044722 0.001496594 -0.000166862 0.000044684 1.000000000 0.002362243
1.000000000 0.000170368 0.000159453 -0.001069094 -0.000170360 1.000000000 -0.000049713 0.002431714 -0.000159462 0.000049686 1.000000000 0.003190583
1.000000000 0.000220694 0.000087384 -0.000512517 -0.000220685 1.000000000 -0.000094890 0.002339847 -0.000087405 0.000094870 1.000000000 0.003003718
1.000000000 0.000188714 0.000144280 -0.001232644 -0.000188704 1.000000000 -0.000072633 0.001715166 -0.000144294 0.000072605 1.000000000 0.002128155
0.999999940 0.000329301 0.000209017 -0.002535761 -0.000329293 0.999999940 -0.000041277 0.001769723 -0.000209031 0.000041208 1.000000000 0.001998121
0.999999940 0.000335171 0.000228450 -0.001677947 -0.000335165 0.999999940 -0.000023874 0.001228854 -0.000228458 0.000023797 1.000000000 0.001592437
0.999999940 0.000277179 0.000150066 -0.001601271 -0.000277183 0.999999940 0.000021616 0.001624737 -0.000150060 -0.000021658 1.000000000 0.002017638
0.999999940 0.000242779 0.000106396 -0.001552091 -0.000242776 0.999999940 -0.000027591 0.002137017 -0.000106402 0.000027565 1.000000000 0.002488610
0.999999940 0.000341750 0.000174402 -0.001336932 -0.000341741 0.999999940 -0.000056398 0.002117465 -0.000174422 0.000056338 1.000000000 0.001813122
0.999999940 0.000263287 0.000091800 -0.000538104 -0.000263280 0.999999940 -0.000073897 0.002613247 -0.000091819 0.000073873 1.000000000 0.002606130
1.000000000 0.000115846 0.000084353 -0.000267051 -0.000115838 1.000000000 -0.000090342 0.001616030 -0.000084363 0.000090332 1.000000000 0.002923585
0.999999940 0.000316666 0.000211307 -0.000337334 -0.000316511 0.999999702 -0.000736270 -0.001479831 -0.000211540 0.000736203 0.999999702 0.050935663
0.999999940 0.000357085 0.000172922 0.001918306 -0.000356865 0.999999046 -0.001272143 -0.003071428 -0.000173376 0.001272081 0.999999166 0.140844107
1.000000000 0.000254136 0.000094480 0.004454522 -0.000254001 0.999998987 -0.001429736 -0.008455904 -0.000094844 0.001429712 0.999998987 0.251874000
0.999999940 0.000292542 0.000092723 0.006943651 -0.000292411 0.999998868 -0.001412870 -0.010185211 -0.000093136 0.001412843 0.999998927 0.385042161
0.999999821 0.000398471 0.000217400 0.008198133 -0.000398215 0.999999166 -0.001179336 -0.015987206 -0.000217869 0.001179249 0.999999285 0.530815244
0.999999821 0.000387844 0.000213082 0.011110375 -0.000387631 0.999999404 -0.000996273 -0.020640602 -0.000213468 0.000996191 0.999999523 0.683237731
0.999999821 0.000513939 0.000259126 0.016301658 -0.000513703 0.999999583 -0.000911360 -0.023165680 -0.000259595 0.000911227 0.999999464 0.848380446
0.999999821 0.000371302 0.000227463 0.020040201 -0.000371118 0.999999523 -0.000809001 -0.027943373 -0.000227763 0.000808917 0.999999642 1.016710520
0.999999881 0.000427972 0.000215575 0.023110127 -0.000427783 0.999999523 -0.000871889 -0.032961443 -0.000215948 0.000871797 0.999999583 1.192011356
0.999999821 0.000553338 0.000305679 0.025937909 -0.000553141 0.999999642 -0.000642920 -0.036912140 -0.000306035 0.000642751 0.999999702 1.379104853
0.999999881 0.000466595 0.000259422 0.028195580 -0.000466423 0.999999702 -0.000659937 -0.041166149 -0.000259730 0.000659816 0.999999762 1.569767714
0.999999821 0.000348804 0.000253759 0.034456745 -0.000348710 0.999999881 -0.000371182 -0.048270557 -0.000253888 0.000371093 0.999999821 1.767481208
0.999999762 0.000582161 0.000329866 0.038088471 -0.000582014 0.999999642 -0.000445505 -0.053572439 -0.000330125 0.000445313 0.999999762 1.973234415
0.999999881 0.000357402 0.000339794 0.043277241 -0.000357316 0.999999821 -0.000251827 -0.060078707 -0.000339884 0.000251706 0.999999881 2.183965683
0.999999762 0.000489085 0.000278159 0.046642967 -0.000489006 0.999999762 -0.000285119 -0.065493390 -0.000278298 0.000284983 0.999999940 2.398745775
0.999999762 0.000531722 0.000157142 0.052219220 -0.000531662 0.999999702 -0.000379322 -0.071274117 -0.000157344 0.000379239 0.999999940 2.628728628
0.999999881 0.000416583 0.000255473 0.056175105 -0.000416528 0.999999881 -0.000215699 -0.078377016 -0.000255563 0.000215592 0.999999940 2.854963541
0.999999702 0.000588669 0.000500435 0.060990531 -0.000588639 0.999999821 -0.000060655 -0.082352601 -0.000500471 0.000060360 0.999999881 3.097279787
0.999999821 0.000512874 0.000270458 0.068630069 -0.000512867 0.999999881 -0.000027832 -0.089969590 -0.000270472 0.000027694 0.999999881 3.339847803
0.999999821 0.000438009 0.000376831 0.071700275 -0.000438044 0.999999881 0.000093151 -0.098437697 -0.000376790 -0.000093316 0.999999940 3.590565205
0.999999762 0.000404868 0.000391307 0.075445317 -0.000404935 0.999999821 0.000169981 -0.106062613 -0.000391238 -0.000170140 0.999999881 3.844811916
0.999999762 0.000607818 0.000624247 0.079595119 -0.000607855 0.999999821 0.000058023 -0.111511521 -0.000624212 -0.000058402 0.999999821 4.103186607
0.999999702 0.000503313 0.000553925 0.087104060 -0.000503584 0.999999762 0.000488220 -0.119263180 -0.000553679 -0.000488498 0.999999702 4.360669613
0.999999583 0.000513224 0.000633519 0.091370292 -0.000513475 0.999999762 0.000396966 -0.126397699 -0.000633315 -0.000397291 0.999999702 4.618896008
0.999999464 0.000533853 0.000902131 0.096466683 -0.000534062 0.999999821 0.000231969 -0.133805901 -0.000902007 -0.000232451 0.999999583 4.874579906
0.999999166 0.000929505 0.000867278 0.102296039 -0.000929742 0.999999642 0.000273012 -0.139955655 -0.000867024 -0.000273818 0.999999583 5.144229412
0.999998748 0.001152892 0.001095959 0.106815219 -0.001153097 0.999999344 0.000187244 -0.146545142 -0.001095742 -0.000188508 0.999999344 5.404200554
0.999998927 0.000821371 0.001150279 0.112880968 -0.000821432 0.999999642 0.000052385 -0.155928954 -0.001150236 -0.000053330 0.999999344 5.675697327
0.999998450 0.000971563 0.001429803 0.114303522 -0.000971800 0.999999464 0.000164410 -0.164256349 -0.001429642 -0.000165799 0.999998987 5.948154449
0.999999106 0.000859152 0.001119994 0.122368500 -0.000859456 0.999999702 0.000270924 -0.175081402 -0.001119761 -0.000271886 0.999999344 6.223235607
0.999998868 0.000995132 0.001152284 0.129566297 -0.000995425 0.999999404 0.000253356 -0.181545511 -0.001152032 -0.000254503 0.999999225 6.510460854
0.999998868 0.001278231 0.000797187 0.134529740 -0.001278362 0.999999106 0.000162976 -0.189128056 -0.000796977 -0.000163994 0.999999642 6.806620121
0.999999225 0.000905486 0.000819929 0.143964812 -0.000905557 0.999999523 0.000086431 -0.198454037 -0.000819851 -0.000087174 0.999999642 7.110132217
0.999999225 0.000913689 0.000838121 0.147090986 -0.000914129 0.999999464 0.000525438 -0.212149501 -0.000837640 -0.000526204 0.999999523 7.404411316
0.999998987 0.000886438 0.001063031 0.151135236 -0.000886920 0.999999523 0.000453229 -0.222976163 -0.001062628 -0.000454172 0.999999344 7.707437038
0.999998868 0.000819476 0.001253182 0.156520769 -0.000820238 0.999999404 0.000607172 -0.233137250 -0.001252684 -0.000608199 0.999999046 8.014276505
0.999998212 0.001240612 0.001434189 0.160836503 -0.001241570 0.999998987 0.000667309 -0.243012130 -0.001433360 -0.000669088 0.999998748 8.326884270
0.999997377 0.001324769 0.001878590 0.163952664 -0.001325363 0.999999046 0.000315054 -0.251978755 -0.001878170 -0.000317543 0.999998152 8.651778221
0.999997318 0.001466074 0.001794450 0.172246546 -0.001466929 0.999998808 0.000475137 -0.261598825 -0.001793751 -0.000477768 0.999998271 8.988293648
0.999997616 0.001420436 0.001666127 0.179942846 -0.001421484 0.999998808 0.000628146 -0.274962425 -0.001665233 -0.000630513 0.999998331 9.327646255
0.999997735 0.001312966 0.001677662 0.189233482 -0.001314524 0.999998689 0.000928211 -0.287854195 -0.001676441 -0.000930414 0.999998152 9.668490410
0.999996781 0.001680772 0.001908290 0.193636760 -0.001683053 0.999997854 0.001194422 -0.298583776 -0.001906278 -0.001197629 0.999997437 10.021739960
0.999997258 0.001624703 0.001691075 0.203085348 -0.001626299 0.999998212 0.000942539 -0.306594163 -0.001689541 -0.000945287 0.999998152 10.386057854
0.999996841 0.001644442 0.001857058 0.210737109 -0.001646425 0.999998093 0.001067002 -0.319610924 -0.001855300 -0.001070056 0.999997735 10.743650436
0.999997258 0.001665116 0.001654723 0.217619389 -0.001667229 0.999997795 0.001276429 -0.326662511 -0.001652594 -0.001279184 0.999997795 11.116769791
0.999997735 0.001549386 0.001449639 0.228207052 -0.001551572 0.999997675 0.001507809 -0.343764037 -0.001447300 -0.001510055 0.999997795 11.482497215
0.999997497 0.001831466 0.001282982 0.237923801 -0.001832959 0.999997616 0.001164063 -0.349987537 -0.001280847 -0.001166412 0.999998510 11.862023354
0.999998152 0.001586892 0.001077771 0.247732833 -0.001588378 0.999997735 0.001379983 -0.362434477 -0.001075579 -0.001381692 0.999998450 12.245528221
0.999997079 0.001778851 0.001624295 0.255321145 -0.001781299 0.999997199 0.001506880 -0.375287563 -0.001621610 -0.001509769 0.999997556 12.633855820
0.999997377 0.001746118 0.001435033 0.264762580 -0.001748922 0.999996543 0.001955143 -0.387614191 -0.001431614 -0.001957648 0.999997020 13.034180641
0.999996483 0.001929520 0.001788608 0.274269283 -0.001932555 0.999996662 0.001697260 -0.400846839 -0.001785327 -0.001700711 0.999996960 13.424613953
0.999994755 0.002223261 0.002346575 0.280499846 -0.002226498 0.999996543 0.001377456 -0.408595115 -0.002343504 -0.001382674 0.999996305 13.842967033
0.999995947 0.001954830 0.002117103 0.289627820 -0.001958263 0.999996781 0.001620195 -0.420179129 -0.002113929 -0.001624334 0.999996364 14.263643265
0.999994636 0.002309590 0.002361138 0.300790071 -0.002313726 0.999995768 0.001750556 -0.436559260 -0.002357085 -0.001756010 0.999995708 14.677797318
0.999994457 0.002292644 0.002421937 0.311666280 -0.002296796 0.999995828 0.001712863 -0.445894808 -0.002418000 -0.001718416 0.999995589 15.107132912
0.999994516 0.002251760 0.002403288 0.323370695 -0.002257173 0.999994934 0.002252441 -0.462831199 -0.002398204 -0.002257854 0.999994576 15.534199715
0.999994278 0.001487960 0.003018465 0.335498393 -0.001495129 0.999996066 0.002374223 -0.472673297 -0.003014921 -0.002378722 0.999992609 15.985997200
0.999991596 0.002154774 0.003482052 0.342896253 -0.002162831 0.999995112 0.002312025 -0.483247459 -0.003477053 -0.002319537 0.999991179 16.427850723
0.999990404 0.002211881 0.003780577 0.351736277 -0.002219968 0.999995232 0.002136181 -0.494075388 -0.003775834 -0.002144553 0.999990582 16.869318008
0.999989271 0.002372271 0.003981244 0.364742219 -0.002381018 0.999994695 0.002193700 -0.509774804 -0.003976019 -0.002203156 0.999989688 17.323844910
0.999989629 0.002236069 0.003966687 0.374414921 -0.002244466 0.999995232 0.002113703 -0.520509362 -0.003961942 -0.002122585 0.999989867 17.791473389
0.999986351 0.002475508 0.004592107 0.383953720 -0.002484422 0.999995053 0.001936566 -0.529586613 -0.004587289 -0.001947948 0.999987543 18.261894226
0.999986768 0.002083696 0.004705474 0.398163944 -0.002093922 0.999995470 0.002169379 -0.543019116 -0.004700933 -0.002179204 0.999986589 18.728443146
0.999986589 0.002411135 0.004577484 0.412413776 -0.002420807 0.999994874 0.002108636 -0.555436432 -0.004572376 -0.002119689 0.999987304 19.207483292
0.999988198 0.002364450 0.004227256 0.432529688 -0.002371516 0.999995768 0.001667268 -0.561644614 -0.004223296 -0.001677273 0.999989688 19.699684143
0.999987483 0.002394884 0.004398922 0.439244151 -0.002404006 0.999994993 0.002069662 -0.577509820 -0.004393944 -0.002080211 0.999988198 20.187246323
0.999988914 0.002049106 0.004236874 0.457007498 -0.002056651 0.999996305 0.001777204 -0.589620173 -0.004233217 -0.001785899 0.999989390 20.675556183
0.999991536 0.001858359 0.003675981 0.470802426 -0.001867282 0.999995291 0.002425358 -0.602324128 -0.003671457 -0.002432202 0.999990225 21.182531357
0.999992192 0.002138949 0.003317576 0.480102330 -0.002146575 0.999994993 0.002296666 -0.613162458 -0.003312648 -0.002303769 0.999991775 21.688131332
0.999989212 0.002821569 0.003671633 0.487277478 -0.002827377 0.999994755 0.001577537 -0.620683312 -0.003667163 -0.001587901 0.999992013 22.199542999
0.999989212 0.003094131 0.003461960 0.498793900 -0.003099891 0.999993742 0.001659611 -0.636155307 -0.003456804 -0.001670325 0.999992549 22.703577042
0.999989033 0.003270271 0.003357656 0.505553007 -0.003274959 0.999993622 0.001391498 -0.648049653 -0.003353084 -0.001402479 0.999993324 23.215589523
0.999993324 0.002834203 0.002307200 0.520077288 -0.002837766 0.999994755 0.001542216 -0.665390134 -0.002302817 -0.001548753 0.999996126 23.731798172
0.999997020 0.001757133 0.001687785 0.531506836 -0.001759345 0.999997556 0.001309673 -0.681589365 -0.001685480 -0.001312639 0.999997675 24.253700256
0.999999046 0.001041097 0.000847381 0.548303187 -0.001042467 0.999998093 0.001618666 -0.696765304 -0.000845694 -0.001619547 0.999998331 24.782363892
0.999998152 0.001575884 0.001083031 0.557317674 -0.001578042 0.999996722 0.001994466 -0.713916063 -0.001079884 -0.001996171 0.999997437 25.316429138
0.999998152 0.001884203 -0.000411120 0.574151456 -0.001883399 0.999996424 0.001947191 -0.727817476 0.000414788 -0.001946414 0.999998033 25.852329254
0.999997199 0.002325170 -0.000250053 0.580685019 -0.002324685 0.999995470 0.001921859 -0.740237296 0.000254521 -0.001921272 0.999998093 26.408845901
0.999998450 0.001640415 -0.000646968 0.590188861 -0.001638999 0.999996185 0.002185118 -0.751870275 0.000650550 -0.002184054 0.999997377 26.955564499
0.999998152 0.001804656 -0.000651471 0.602342188 -0.001803220 0.999995947 0.002197860 -0.769400597 0.000655435 -0.002196681 0.999997318 27.504323959
0.999996543 0.002533048 -0.000690719 0.608387530 -0.002531671 0.999994934 0.001985375 -0.784815073 0.000695745 -0.001983620 0.999997795 28.048082352
0.999995887 0.002757471 -0.000751464 0.617412508 -0.002756086 0.999994457 0.001838841 -0.794999838 0.000756531 -0.001836763 0.999998033 28.602508545
0.999995053 0.003086035 -0.000646357 0.628800929 -0.003084664 0.999992967 0.002113323 -0.817379117 0.000652874 -0.002111319 0.999997556 29.142566681
0.999996364 0.002587227 -0.000787847 0.635896206 -0.002585607 0.999994576 0.002050136 -0.830124617 0.000793146 -0.002048092 0.999997556 29.688108444
0.999994397 0.003054468 -0.001314903 0.646060050 -0.003051574 0.999992907 0.002197011 -0.843879223 0.001321605 -0.002192987 0.999996662 30.239688873
0.999994159 0.003114894 -0.001397226 0.655952275 -0.003111560 0.999992311 0.002382530 -0.861476839 0.001404637 -0.002378169 0.999996185 30.787647247
0.999995410 0.002723269 -0.001302419 0.667008102 -0.002720152 0.999993384 0.002389342 -0.875014842 0.001308917 -0.002385788 0.999996305 31.326705933
0.999991298 0.003745540 -0.001835457 0.676886380 -0.003741336 0.999990404 0.002288360 -0.888521135 0.001844010 -0.002281473 0.999995708 31.866188049
0.999992549 0.003395259 -0.001841520 0.689278960 -0.003391450 0.999992132 0.002067738 -0.903845072 0.001848526 -0.002061477 0.999996126 32.412914276
0.999991477 0.003510406 -0.002174963 0.697173834 -0.003505294 0.999991119 0.002349589 -0.919136643 0.002183191 -0.002341945 0.999994874 32.958213806
0.999990821 0.003755120 -0.002117737 0.705908656 -0.003749287 0.999989212 0.002751695 -0.943199992 0.002128046 -0.002743730 0.999993980 33.490615845
0.999990761 0.003643870 -0.002330653 0.723903954 -0.003637211 0.999989331 0.002855273 -0.958842337 0.002341033 -0.002846769 0.999993205 34.035991669
0.999989986 0.003546434 -0.002782093 0.734555602 -0.003538415 0.999989510 0.002882089 -0.974651098 0.002792286 -0.002872216 0.999991953 34.575672150
0.999987960 0.003634249 -0.003292588 0.746627033 -0.003624632 0.999989152 0.002922230 -0.994264305 0.003303173 -0.002910261 0.999990284 35.107364655
0.999988735 0.003471453 -0.003242148 0.755825639 -0.003460862 0.999988616 0.003266423 -1.008519411 0.003253452 -0.003255165 0.999989390 35.652576447
0.999987781 0.003142154 -0.003814976 0.778500676 -0.003131269 0.999990940 0.002855731 -1.020860314 0.003823914 -0.002843750 0.999988675 36.193542480
0.999987185 0.003232523 -0.003889103 0.786844611 -0.003220136 0.999989688 0.003187095 -1.034913540 0.003899366 -0.003174531 0.999987364 36.744693756
0.999985695 0.003419277 -0.004114402 0.796697199 -0.003408984 0.999991059 0.002506335 -1.046250463 0.004122935 -0.002492273 0.999988377 37.295658112
0.999985576 0.003363622 -0.004191027 0.804756165 -0.003351485 0.999990165 0.002899589 -1.061799765 0.004200738 -0.002885501 0.999987006 37.845771790
0.999983907 0.003474997 -0.004483472 0.817419887 -0.003464445 0.999991238 0.002359326 -1.071017861 0.004491632 -0.002343755 0.999987185 38.400669098
0.999981761 0.003715857 -0.004757564 0.824567437 -0.003704419 0.999990284 0.002410859 -1.084049463 0.004766475 -0.002393191 0.999985754 38.949234009
0.999985039 0.003433180 -0.004254203 0.826275110 -0.003422290 0.999990880 0.002564467 -1.096572042 0.004262968 -0.002549869 0.999987662 39.514431000
0.999985516 0.003686726 -0.003919508 0.833063960 -0.003675998 0.999989629 0.002740636 -1.112014532 0.003929571 -0.002726188 0.999988556 40.068729401
0.999985933 0.003985211 -0.003499863 0.839314044 -0.003976997 0.999989331 0.002350697 -1.125233650 0.003509194 -0.002336745 0.999991119 40.619125366
0.999987245 0.003267878 -0.003850046 0.851997137 -0.003256949 0.999990642 0.002841584 -1.136861920 0.003859297 -0.002829008 0.999988556 41.176116943
0.999987125 0.003232684 -0.003913560 0.859843612 -0.003221603 0.999990761 0.002834630 -1.151074529 0.003922689 -0.002821985 0.999988317 41.721832275
0.999985933 0.003825717 -0.003675459 0.868415117 -0.003817952 0.999990463 0.002117417 -1.159129143 0.003683523 -0.002103354 0.999991000 42.276111603
0.999985278 0.004052267 -0.003640498 0.879864454 -0.004044753 0.999989688 0.002068875 -1.172788620 0.003648844 -0.002054120 0.999991179 42.820884705
0.999984741 0.003699340 -0.004109779 0.892663836 -0.003690742 0.999990940 0.002097500 -1.189477205 0.004117501 -0.002082299 0.999989331 43.363025665
0.999983609 0.004048978 -0.004055026 0.904137433 -0.004040116 0.999989569 0.002190984 -1.203865409 0.004063854 -0.002174566 0.999989331 43.912590027
0.999984562 0.003219905 -0.004519749 0.920006990 -0.003208941 0.999992013 0.002430671 -1.218328357 0.004527540 -0.002416130 0.999986827 44.459732056
0.999983311 0.003463997 -0.004606210 0.930157304 -0.003453364 0.999991357 0.002314409 -1.229611039 0.004614191 -0.002298463 0.999986708 45.024551392
0.999982834 0.003628518 -0.004600432 0.938829958 -0.003617818 0.999990761 0.002332134 -1.250183940 0.004608850 -0.002315451 0.999986708 45.559608459
0.999982357 0.003617801 -0.004710937 0.949917674 -0.003607197 0.999990940 0.002257562 -1.262857318 0.004719062 -0.002240530 0.999986351 46.105419159
0.999980867 0.004109538 -0.004618325 0.957161546 -0.004100596 0.999989688 0.001944307 -1.273703694 0.004626269 -0.001925332 0.999987364 46.652587891
0.999983251 0.004134947 -0.004049478 0.959132910 -0.004126538 0.999989331 0.002082840 -1.289827824 0.004058047 -0.002066095 0.999989629 47.204196930
0.999982893 0.003408751 -0.004754536 0.973318696 -0.003395907 0.999990582 0.002706923 -1.305833817 0.004763716 -0.002690730 0.999985039 47.759231567
0.999982893 0.003733270 -0.004509242 0.981611669 -0.003723218 0.999990523 0.002235300 -1.316053033 0.004517545 -0.002218473 0.999987364 48.314533234
0.999981046 0.004023912 -0.004643524 0.987477720 -0.004012060 0.999988675 0.002558771 -1.331520081 0.004653767 -0.002540093 0.999985933 48.859016418
0.999984503 0.003700838 -0.004142569 0.992483735 -0.003691444 0.999990523 0.002272729 -1.348049402 0.004150941 -0.002257402 0.999988854 49.383354187
0.999985337 0.004022314 -0.003620172 0.991068840 -0.004013030 0.999988616 0.002567800 -1.365510941 0.003630461 -0.002553235 0.999990106 49.908821106
0.999985337 0.003883468 -0.003767300 0.998927593 -0.003874484 0.999989629 0.002389116 -1.378593564 0.003776539 -0.002374485 0.999989986 50.423786163
0.999985278 0.003844796 -0.003830593 1.006944656 -0.003836484 0.999990284 0.002175018 -1.393647075 0.003838917 -0.002160290 0.999990225 50.949447632
0.999986172 0.003580125 -0.003853068 1.016553879 -0.003570652 0.999990582 0.002462292 -1.413204074 0.003861845 -0.002448500 0.999989510 51.475688934
0.999986053 0.003697049 -0.003766993 1.018929720 -0.003686236 0.999989033 0.002872975 -1.432553768 0.003777572 -0.002859048 0.999988794 51.991359711
0.999986589 0.003696440 -0.003626933 1.020874500 -0.003686442 0.999989390 0.002759163 -1.452646971 0.003637095 -0.002745755 0.999989629 52.501991272
0.999987125 0.004047354 -0.003104589 1.012346029 -0.004037954 0.999987245 0.003028415 -1.469701409 0.003116806 -0.003015839 0.999990582 53.034080505
0.999987185 0.004002332 -0.003072707 1.017637253 -0.003993465 0.999987841 0.002886800 -1.484655499 0.003084227 -0.002874492 0.999991119 53.553974152
0.999987900 0.004059221 -0.002785258 1.022279978 -0.004051884 0.999988317 0.002634913 -1.498251438 0.002795919 -0.002623596 0.999992669 54.075923920
0.999987781 0.004228739 -0.002548892 1.022628546 -0.004222508 0.999988079 0.002444853 -1.513418317 0.002559200 -0.002434060 0.999993742 54.595291138
0.999988735 0.004136998 -0.002320920 1.028211355 -0.004131039 0.999988198 0.002566408 -1.531678081 0.002331508 -0.002556792 0.999994040 55.116153717
0.999990165 0.003847102 -0.002214485 1.035988450 -0.003841770 0.999989748 0.002406779 -1.543104649 0.002223721 -0.002398247 0.999994576 55.637950897
0.999989808 0.003937085 -0.002217475 1.039078832 -0.003931411 0.999989033 0.002556831 -1.556187868 0.002227519 -0.002548087 0.999994278 56.163604736
0.999989867 0.004064172 -0.001891755 1.044814229 -0.004059420 0.999988735 0.002508254 -1.572942853 0.001901925 -0.002500549 0.999995053 56.693931580
0.999990344 0.004045514 -0.001667931 1.049592257 -0.004041410 0.999988794 0.002457271 -1.586009502 0.001677855 -0.002450506 0.999995589 57.223865509
0.999989450 0.004401403 -0.001331141 1.049656510 -0.004398466 0.999987900 0.002201936 -1.600472689 0.001340816 -0.002196058 0.999996662 57.752044678
0.999991000 0.004077750 -0.001190184 1.052344799 -0.004074974 0.999988973 0.002325529 -1.620918036 0.001199656 -0.002320658 0.999996603 58.274696350
0.999990046 0.004351465 -0.000952478 1.051035285 -0.004349258 0.999987900 0.002306339 -1.635419130 0.000962502 -0.002302173 0.999996901 58.796108246
0.999990761 0.004195651 -0.000949228 1.050856590 -0.004193381 0.999988377 0.002381706 -1.655493498 0.000959210 -0.002377703 0.999996722 59.316570282
0.999992013 0.003895723 -0.000884843 1.052013874 -0.003893453 0.999989152 0.002552666 -1.672512531 0.000894778 -0.002549200 0.999996364 59.849372864
0.999992073 0.003927554 -0.000640799 1.051362276 -0.003925870 0.999988914 0.002608246 -1.689901114 0.000651034 -0.002605711 0.999996305 60.374351501
0.999990702 0.004293083 -0.000399350 1.053298354 -0.004291908 0.999986589 0.002897277 -1.713331819 0.000411785 -0.002895536 0.999995708 60.890625000
0.999991417 0.004139320 0.000023167 1.053405285 -0.004139373 0.999986649 0.003100179 -1.728226781 -0.000010335 -0.003100248 0.999995112 61.438983917
0.999988019 0.004873096 0.000508834 1.040844679 -0.004874674 0.999983132 0.003145034 -1.753868103 -0.000493501 -0.003147476 0.999994934 61.963733673
0.999987125 0.004983645 0.000888239 1.042484879 -0.004986184 0.999983370 0.002879117 -1.770713568 -0.000873874 -0.002883509 0.999995470 62.532566071
0.999986768 0.005064973 0.000879542 1.047851443 -0.005067457 0.999983132 0.002844277 -1.785797715 -0.000865121 -0.002848697 0.999995530 63.091781616
0.999987245 0.004918126 0.001172283 1.051302552 -0.004921359 0.999984026 0.002772676 -1.809623718 -0.001158629 -0.002778410 0.999995410 63.644058228
0.999987543 0.004823677 0.001304572 1.051090479 -0.004828095 0.999982476 0.003404383 -1.845723748 -0.001288126 -0.003410639 0.999993384 64.187606812
0.999987125 0.004849510 0.001461252 1.050669432 -0.004854447 0.999982417 0.003393319 -1.857890964 -0.001444770 -0.003400369 0.999993086 64.755401611
0.999986589 0.004826650 0.001868816 1.049049377 -0.004832039 0.999984086 0.002889422 -1.861749530 -0.001854838 -0.002898413 0.999994099 65.286514282
0.999985158 0.005040260 0.002055655 1.053309798 -0.005045855 0.999983549 0.002725827 -1.873612046 -0.002041882 -0.002736159 0.999994159 65.821846008
0.999984205 0.005090862 0.002375982 1.054290533 -0.005097008 0.999983668 0.002587760 -1.884858727 -0.002362772 -0.002599830 0.999993742 66.370201111
0.999984384 0.005038333 0.002429204 1.060168862 -0.005044854 0.999983668 0.002685405 -1.905937076 -0.002415633 -0.002697618 0.999993443 66.899063110
0.999980927 0.005507573 0.002791733 1.062100172 -0.005515748 0.999980628 0.002929151 -1.924986005 -0.002775546 -0.002944494 0.999991834 67.450691223
0.999977052 0.005888676 0.003327153 1.057096481 -0.005898071 0.999978602 0.002821168 -1.940901041 -0.003310469 -0.002840728 0.999990463 67.984939575
0.999976397 0.005804574 0.003654612 1.062007785 -0.005814649 0.999979317 0.002752355 -1.954824805 -0.003638560 -0.002773540 0.999989510 68.518836975
0.999975383 0.005970503 0.003682492 1.062281370 -0.005981097 0.999977946 0.002872337 -1.970569491 -0.003665260 -0.002894291 0.999989092 69.045578003
0.999972820 0.006197201 0.003987476 1.073987961 -0.006208058 0.999977052 0.002716360 -1.986874104 -0.003970553 -0.002741041 0.999988317 69.583366394
0.999971390 0.006196977 0.004344321 1.083869815 -0.006210015 0.999976158 0.002993869 -2.004960299 -0.004325666 -0.003020762 0.999985993 70.116134644
0.999968946 0.006556269 0.004366171 1.095672131 -0.006567431 0.999975204 0.002546981 -2.018559456 -0.004349364 -0.002575576 0.999987245 70.655509949
0.999969900 0.006440111 0.004329929 1.104352236 -0.006452151 0.999975324 0.002772641 -2.038800716 -0.004311966 -0.002800495 0.999986768 71.198570251
0.999968708 0.006395720 0.004642191 1.114239931 -0.006408975 0.999975324 0.002845959 -2.054371357 -0.004623874 -0.002875621 0.999985158 71.731040955
0.999966323 0.006692907 0.004752758 1.126898646 -0.006706309 0.999973476 0.002809810 -2.076524973 -0.004733827 -0.002841589 0.999984741 72.275489807
0.999960840 0.007184529 0.005150858 1.140447021 -0.007199286 0.999970138 0.002852236 -2.096133232 -0.005130210 -0.002889207 0.999982655 72.841323853
0.999962866 0.006915845 0.005132568 1.153401375 -0.006930040 0.999972224 0.002752941 -2.114062071 -0.005113385 -0.002788408 0.999983013 73.385681152
0.999961376 0.006953981 0.005379745 1.171315432 -0.006968250 0.999972224 0.002638107 -2.134884596 -0.005361250 -0.002675493 0.999982059 73.928474426
0.999960303 0.007230805 0.005201671 1.192747116 -0.007248083 0.999968231 0.003310054 -2.160569668 -0.005177571 -0.003347625 0.999980927 74.467582703
0.999958515 0.007330118 0.005407533 1.209278941 -0.007347103 0.999968112 0.003127786 -2.177890539 -0.005384433 -0.003167386 0.999980509 75.012672424
0.999957800 0.007354437 0.005502376 1.228240967 -0.007369881 0.999968946 0.002791999 -2.192870855 -0.005481672 -0.002832434 0.999980986 75.556556702
0.999954343 0.007581043 0.005812108 1.241594195 -0.007598572 0.999966621 0.002999907 -2.209988117 -0.005789171 -0.003043934 0.999978602 76.105422974
0.999951005 0.007801250 0.006089822 1.255944490 -0.007817367 0.999965906 0.002627461 -2.224522114 -0.006069117 -0.002674939 0.999978006 76.663436890
0.999947548 0.008028144 0.006357949 1.269115567 -0.008044162 0.999964535 0.002497415 -2.235827446 -0.006337675 -0.002548428 0.999976635 77.204475403
0.999947727 0.008001012 0.006364811 1.280688524 -0.008019699 0.999963522 0.002915976 -2.250357389 -0.006341250 -0.002966867 0.999975502 77.743164062
0.999946833 0.008068775 0.006441997 1.295080185 -0.008086093 0.999963760 0.002666583 -2.267798424 -0.006420250 -0.002718531 0.999975622 78.276786804
0.999942660 0.008475076 0.006541883 1.313453197 -0.008490508 0.999961257 0.002334793 -2.276890993 -0.006521842 -0.002390203 0.999975860 78.839408875
0.999942958 0.008460416 0.006510257 1.337384224 -0.008474212 0.999961913 0.002094446 -2.288635969 -0.006492289 -0.002149496 0.999976635 79.401420593
0.999945283 0.008247797 0.006432349 1.361140966 -0.008259792 0.999964118 0.001840288 -2.300629616 -0.006416940 -0.001893317 0.999977589 79.955108643
0.999947786 0.007334570 0.007107193 1.388749599 -0.007349397 0.999970853 0.002062060 -2.317057133 -0.007091861 -0.002114186 0.999972641 80.516967773
0.999932170 0.007836412 0.008613802 1.406351328 -0.007851448 0.999967694 0.001713207 -2.328560829 -0.008600098 -0.001780722 0.999961436 81.075569153
0.999924183 0.007614212 0.009670052 1.434606075 -0.007630344 0.999969482 0.001632400 -2.343969822 -0.009657327 -0.001706062 0.999951899 81.638206482
0.999909520 0.007825043 0.010937687 1.454729557 -0.007843601 0.999967873 0.001654661 -2.355062962 -0.010924387 -0.001740302 0.999938786 82.218109131
0.999871194 0.007670837 0.014098186 1.488583565 -0.007693124 0.999969244 0.001527253 -2.366487980 -0.014086037 -0.001635515 0.999899447 82.788032532
0.999812722 0.007725096 0.017750269 1.525390744 -0.007750222 0.999969065 0.001347187 -2.376889706 -0.017739315 -0.001484503 0.999841571 83.356269836
0.999768019 0.007002364 0.020367065 1.572447896 -0.007034459 0.999974072 0.001504721 -2.401242971 -0.020356003 -0.001647644 0.999791384 83.900138855
0.999671161 0.007218618 0.024603453 1.618512392 -0.007258886 0.999972463 0.001547721 -2.414622784 -0.024591602 -0.001725806 0.999696016 84.464508057
0.999534607 0.006337149 0.029843470 1.684318066 -0.006370200 0.999979198 0.001012510 -2.418983459 -0.029836437 -0.001202147 0.999554098 85.048858643
0.999328911 0.006536474 0.036041223 1.725440264 -0.006568694 0.999978125 0.000775677 -2.431616068 -0.036035363 -0.001011900 0.999350131 85.615005493
0.999097407 0.006351857 0.042002756 1.775485754 -0.006390777 0.999979258 0.000792361 -2.444623232 -0.041996852 -0.001060076 0.999117315 86.180137634
0.998725712 0.006136910 0.050092727 1.831716061 -0.006176191 0.999980748 0.000629438 -2.455848455 -0.050087899 -0.000938018 0.998744369 86.761047363
0.998274624 0.005900642 0.058420796 1.891508579 -0.005918075 0.999982476 0.000125406 -2.466154337 -0.058419034 -0.000470929 0.998292029 87.330055237
0.997827888 0.005480198 0.065646142 1.950213194 -0.005503835 0.999984801 0.000179205 -2.479206085 -0.065644160 -0.000540121 0.997842968 87.891113281
0.997191370 0.005265503 0.074710205 2.013715267 -0.005269771 0.999986112 -0.000139986 -2.488433123 -0.074709885 -0.000254113 0.997205257 88.467658997
0.996393740 0.005126935 0.084694751 2.087578773 -0.005124771 0.999986768 -0.000242960 -2.505966663 -0.084694907 -0.000191958 0.996406853 89.022499084
0.995630980 0.004820840 0.093250059 2.162975788 -0.004783665 0.999988377 -0.000622182 -2.510461092 -0.093251966 0.000173387 0.995642543 89.583099365
0.994941711 0.003751320 0.100383975 2.242920399 -0.003639733 0.999992549 -0.001294732 -2.519466877 -0.100388080 0.000922812 0.994947910 90.148132324
0.993876517 0.003798548 0.110431083 2.330252647 -0.003687908 0.999992430 -0.001206132 -2.534741879 -0.110434838 0.000791486 0.993883014 90.696083069
0.992661476 0.003727288 0.120868787 2.421728134 -0.003612785 0.999992728 -0.001166473 -2.543513298 -0.120872281 0.000721241 0.992667794 91.271652222
0.991469741 0.003235491 0.130296722 2.515869141 -0.003076977 0.999994218 -0.001417856 -2.557965755 -0.130300552 0.001004840 0.991474032 91.827346802
0.989896894 0.003123322 0.141754583 2.618486404 -0.002945418 0.999994516 -0.001464817 -2.566776276 -0.141758382 0.001032492 0.989900768 92.393981934
0.988008201 0.002788313 0.154377013 2.725973129 -0.002556067 0.999995291 -0.001702875 -2.581813097 -0.154381007 0.001287856 0.988010526 92.951187134
0.986223519 0.002538190 0.165399477 2.833267212 -0.002271097 0.999995768 -0.001803932 -2.597086906 -0.165403366 0.001403442 0.986225009 93.507781982
0.984418809 0.002248509 0.175825343 2.952512741 -0.001927005 0.999996126 -0.001999255 -2.605416298 -0.175829157 0.001629288 0.984419346 94.080039978
0.982059598 0.000604520 0.188569427 3.080579758 -0.000101698 0.999996424 -0.002676175 -2.606509924 -0.188570321 0.002608987 0.982056320 94.674240112
0.979482710 0.002192383 0.201516375 3.203226089 -0.001750251 0.999995768 -0.002372178 -2.632788420 -0.201520696 0.001970803 0.979482293 95.195564270
0.977344215 0.001448111 0.211651042 3.338365555 -0.000976455 0.999996781 -0.002332968 -2.650516272 -0.211653709 0.002073446 0.977342665 95.717720032
0.974328339 0.001557900 0.225126013 3.483707428 -0.001055651 0.999996662 -0.002351324 -2.669752598 -0.225128934 0.002053307 0.974326849 96.246444702
0.971462667 -0.000521222 0.237191767 3.649705887 0.001134483 0.999996305 -0.002449024 -2.672853947 -0.237189636 0.002648226 0.971459746 96.804244995
0.968516588 0.000282219 0.248948932 3.789566040 0.000432212 0.999995947 -0.002815126 -2.691928864 -0.248948693 0.002834095 0.968512535 97.306732178
0.965589464 -0.000217732 0.260070920 3.945514679 0.000927266 0.999996305 -0.002605546 -2.709769487 -0.260069370 0.002757043 0.965585947 97.814140320
0.961878479 0.000140480 0.273476839 4.118350983 0.000583724 0.999996543 -0.002566766 -2.723789215 -0.273476273 0.002628552 0.961875081 98.355850220
0.958245277 -0.000801046 0.285946131 4.299688339 0.001630827 0.999995112 -0.002663755 -2.748427868 -0.285942554 0.003018859 0.958241999 98.868751526
0.954798698 -0.001060963 0.297250956 4.489274979 0.001908414 0.999994874 -0.002560779 -2.764810801 -0.297246754 0.003012306 0.954795957 99.387031555
0.950650394 -0.002558895 0.310253590 4.704902649 0.003368435 0.999992192 -0.002073560 -2.784679651 -0.310245961 0.003016300 0.950651467 99.904556274
0.945946991 -0.002439122 0.324312061 4.904396057 0.003313831 0.999992132 -0.002144865 -2.798871994 -0.324304312 0.003103643 0.945947707 100.423469543
0.941934049 -0.002924819 0.335785449 5.111480713 0.003904497 0.999989867 -0.002242471 -2.812038422 -0.335775524 0.003423334 0.941935897 100.939826965
0.937210321 -0.004276488 0.348738432 5.329328537 0.005480264 0.999981940 -0.002465314 -2.832086802 -0.348721623 0.004221697 0.937216759 101.405532837
0.931746781 -0.003739685 0.363089532 5.542753220 0.004787505 0.999986649 -0.001986033 -2.850390434 -0.363077313 0.003588773 0.931752086 101.909469604
0.926885128 -0.003866003 0.375325412 5.781393051 0.005001623 0.999985397 -0.002051508 -2.862280369 -0.375312001 0.003778748 0.926890850 102.436355591
0.922064543 -0.004666927 0.387007982 6.004531860 0.005903959 0.999980569 -0.002007697 -2.879088640 -0.386991084 0.004136106 0.922074199 102.922233582
0.915966928 -0.004374316 0.401229948 6.241191864 0.005527981 0.999983251 -0.001717731 -2.895031214 -0.401215672 0.003791376 0.915975809 103.412918091
0.910126507 -0.005484654 0.414294451 6.486732483 0.006658138 0.999976873 -0.001388431 -2.908057213 -0.414277256 0.004022077 0.910141885 103.880149841
0.905348957 -0.006148739 0.424623877 6.742481232 0.007366214 0.999972105 -0.001225619 -2.927185774 -0.424604475 0.004237484 0.905369043 104.360725403
0.899304092 -0.004949912 0.437295824 6.997760773 0.006242293 0.999979377 -0.001518216 -2.941918612 -0.437279224 0.004095067 0.899316430 104.852867126
0.892733097 -0.006004422 0.450545907 7.269130707 0.007419150 0.999971569 -0.001374044 -2.958541155 -0.450524807 0.004569323 0.892752171 105.336929321
0.886505008 -0.006397134 0.462674737 7.548625946 0.008012191 0.999966741 -0.001525752 -2.977787256 -0.462649584 0.005059625 0.886526823 105.806617737
0.880948186 -0.006458760 0.473168671 7.831047058 0.007938075 0.999967933 -0.001129578 -2.992523670 -0.473146170 0.004751147 0.880971134 106.284446716
0.873133481 -0.006935541 0.487431884 8.116783142 0.008734073 0.999960840 -0.001417107 -3.010375023 -0.487402946 0.005494589 0.873159885 106.761116028
