1.000000000 0.000000000 0.000000000 0.000000000 0.000000000 1.000000000 0.000000000 0.000000000 0.000000000 0.000000000 1.000000000 0.000000000
1.000000000 0.000022688 -0.000021277 0.000444024 -0.000022689 1.000000000 -0.000038032 0.000772561 0.000021276 0.000038033 1.000000000 0.000389112
1.000000000 0.000027604 0.000033132 -0.000056429 -0.000027606 1.000000000 0.000036469 0.000067035 -0.000033131 -0.000036470 1.000000000 0.000086181
1.000000000 -0.000128954 0.000060225 -0.000078714 0.000128956 1.000000000 -0.000024212 0.000755903 -0.000060222 0.000024219 1.000000000 0.000120295
1.000000000 -0.000119243 0.000031689 -0.000100596 0.000119242 1.000000000 0.000020638 -0.000085887 -0.000031692 -0.000020635 1.000000000 -0.000564971
1.000000000 0.000034647 0.000116203 -0.000464246 -0.000034644 1.000000000 -0.000025584 0.000819642 -0.000116203 0.000025580 1.000000000 0.000058539
1.000000000 -0.000078206 0.000071605 0.000139509 0.000078206 1.000000000 -0.000003819 0.000491567 -0.000071604 0.000003825 1.000000000 0.000224617
1.000000000 0.000009456 0.000047898 -0.000406906 -0.000009461 1.000000000 0.000094717 -0.000110513 -0.000047897 -0.000094717 1.000000000 -0.000124368
1.000000000 -0.000034967 -0.000002033 -0.000720117 0.000034967 1.000000000 -0.000083498 -0.000085475 0.000002036 0.000083498 1.000000000 -0.001089260
1.000000000 -0.000046214 0.000080987 -0.000088754 0.000046211 1.000000000 0.000040928 -0.000724893 -0.000080989 -0.000040924 1.000000000 -0.000410948
1.000000000 0.000072026 0.000053060 -0.000834150 -0.000072029 1.000000000 0.000056692 -0.000900462 -0.000053056 -0.000056696 1.000000000 -0.000636300
1.000000000 -0.000030298 0.000077550 -0.001070959 0.000030295 1.000000000 0.000039094 -0.000369940 -0.000077551 -0.000039092 1.000000000 -0.000962549
1.000000000 0.000052313 0.000033670 -0.000812499 -0.000052310 1.000000000 -0.000075657 -0.000338565 -0.000033674 0.000075655 1.000000000 -0.001540428
1.000000000 0.000045463 0.000071922 -0.000997484 -0.000045461 1.000000000 -0.000028257 0.000501679 -0.000071923 0.000028254 1.000000000 0.000307695
1.000000000 0.000029767 0.000048559 -0.000984570 -0.000029761 1.000000000 -0.000116416 0.001257591 -0.000048563 0.000116414 1.000000000 0.000899659
1.000000000 -0.000018172 -0.000039594 0.000386839 0.000018169 1.000000000 -0.000083792 0.001315625 0.000039595 0.000083791 1.000000000 0.001332828
1.000000000 0.000090001 0.000109251 -0.001020619 -0.000089984 1.000000000 -0.000159477 0.002324877 -0.000109266 0.000159468 1.000000000 0.002553026
1.000000000 0.000169094 0.000079542 -0.001305572 -0.000169081 1.000000000 -0.000167003 0.001874450 -0.000079570 0.000166990 1.000000000 0.001593554
0.999999940 0.000189395 0.000158750 -0.001498075 -0.000189379 1.000000000 -0.000099879 0.002107611 -0.000158769 0.000099849 1.000000000 0.002457498
1.000000000 0.000115656 0.000157606 -0.001397863 -0.000115641 1.000000000 -0.000094351 0.001097253 -0.000157616 0.000094333 1.000000000 0.001365063
1.000000000 0.000041192 0.000079447 -0.001099612 -0.000041189 1.000000000 -0.000030952 0.000329585 -0.000079448 0.000030949 1.000000000 0.000684258
1.000000000 0.000151901 0.000059073 -0.000800766 -0.000151900 1.000000000 -0.000022062 0.001284720 -0.000059077 0.000022053 1.000000000 0.000853062
1.000000000 0.000092196 0.000006966 -0.000566573 -0.000092196 1.000000000 -0.000078351 0.001345471 -0.000006973 0.000078350 1.000000000 0.002180260
1.000000000 0.000099805 0.000083158 -0.001196801 -0.000099800 1.000000000 -0.000065376 0.001655330 -0.000083165 0.000065367 1.000000000 0.002473178
0.999999940 0.000362740 0.000048167 -0.001215900 -0.000362737 0.999999940 -0.000070612 0.002365071 -0.000048193 0.000070595 1.000000000 0.003642918
0.999999940 0.000228580 0.000098712 -0.001403634 -0.000228573 1.000000000 -0.000064846 0.002148932 -0.000098726 0.000064823 1.000000000 0.001756214
1.000000000 0.000057283 0.000112606 -0.000548993 -0.000057276 1.000000000 -0.000065348 0.002415814 -0.000112610 0.000065341 1.000000000 0.002990235
1.000000000 0.000142368 0.000170532 -0.001771678 -0.000142365 1.000000000 -0.000022119 0.001466337 -0.000170535 0.000022095 1.000000000 0.002296392
1.000000000 0.000149414 0.000074851 -0.001294900 -0.000149409 1.000000000 -0.000072000 0.002262053 -0.000074862 0.000071989 1.000000000 0.002176074
1.000000000 0.000024487 0.000085378 -0.001517988 -0.000024481 1.000000000 -0.000072136 0.001068303 -0.000085380 0.000072134 1.000000000 0.001651769
0.999999940 0.000153371 0.000201224 -0.001948209 -0.000153367 1.000000000 -0.000019092 0.001024603 -0.000201227 0.000019061 1.000000000 0.001911124
1.000000000 0.000107540 0.000186553 -0.001383693 -0.000107526 1.000000000 -0.000073565 0.002106938 -0.000186561 0.000073545 1.000000000 0.003728276
1.000000000 0.000206756 0.000098584 -0.000893249 -0.000206736 0.999999940 -0.000211718 0.003331122 -0.000098628 0.000211697 1.000000000 0.003801476
1.000000000 0.000108234 0.000125637 -0.000859329 -0.000108222 1.000000000 -0.000089322 0.001607788 -0.000125647 0.000089308 1.000000000 0.001878363
0.999999940 0.000204017 0.000184784 -0.002501577 -0.000203989 0.999999940 -0.000152288 0.002096753 -0.000184815 0.000152250 1.000000000 0.002560032
1.000000000 0.000142207 0.000179523 -0.001724757 -0.000142189 1.000000000 -0.000102551 0.001068178 -0.000179537 0.000102526 1.000000000 0.001452097
1.000000000 0.000102514 0.000047922 -0.001971819 -0.000102515 1.000000000 0.000022941 0.000568034 -0.000047920 -0.000022946 1.000000000 0.000384432
1.000000000 0.000148068 0.000091281 -0.001553833 -0.000148064 1.000000000 -0.000035803 0.001971325 -0.000091286 0.000035790 1.000000000 0.002437724
1.000000000 0.000154495 0.000157065 -0.002018922 -0.000154487 1.000000000 -0.000050338 0.001591303 -0.000157073 0.000050314 1.000000000 0.001323798
1.000000000 0.000195374 0.000125957 -0.000863498 -0.000195362 1.000000000 -0.000093303 0.002983690 -0.000125976 0.000093279 1.000000000 0.003282473
1.000000000 0.000007587 0.000060509 0.000298649 -0.000007581 1.000000000 -0.000093571 0.000873373 -0.000060510 0.000093571 1.000000000 0.002577052
0.999999821 0.000521554 0.000150021 -0.000018726 -0.000521461 0.999999583 -0.000621686 -0.001673730 -0.000150345 0.000621608 0.999999821 0.052710429
0.999999881 0.000420377 0.000193612 0.001390538 -0.000420133 0.999999046 -0.001262692 -0.002443682 -0.000194143 0.001262610 0.999999225 0.142283350
0.999999106 0.001128556 0.000730740 -0.012162279 -0.001127417 0.999998152 -0.001557907 -0.004612983 -0.000732497 0.001557082 0.999998510 0.256486863
0.999999166 0.001098647 0.000742499 -0.008839798 -0.001097501 0.999998212 -0.001541625 -0.007459978 -0.000744191 0.001540808 0.999998510 0.388754606
0.999999106 0.001121063 0.000724865 -0.007535284 -0.001120106 0.999998510 -0.001319572 -0.010893738 -0.000726343 0.001318759 0.999998808 0.533100009
0.999999464 0.000980095 0.000314595 0.013821606 -0.000979865 0.999999225 -0.000730761 -0.019305794 -0.000315311 0.000730452 0.999999702 0.675567031
0.999999762 0.000629132 0.000286661 0.019765005 -0.000628970 0.999999583 -0.000564530 -0.023081506 -0.000287016 0.000564350 0.999999821 0.836672723
0.999999523 0.000880401 0.000306245 0.019249121 -0.000880213 0.999999404 -0.000613725 -0.030212255 -0.000306786 0.000613455 0.999999762 1.007390976
0.999999523 0.000980419 0.000226624 0.024389369 -0.000980298 0.999999404 -0.000532939 -0.035015807 -0.000227146 0.000532717 0.999999821 1.182347298
0.999998927 0.001384844 0.000530754 0.024511727 -0.001384614 0.999998927 -0.000434497 -0.040714979 -0.000531355 0.000433762 0.999999762 1.374650121
0.999999046 0.001445275 0.000162685 0.029369377 -0.001445184 0.999998808 -0.000564213 -0.043146957 -0.000163500 0.000563978 0.999999821 1.568602920
0.999999583 0.000827079 0.000334877 0.032560635 -0.000827205 0.999999583 0.000376805 -0.062562115 -0.000334565 -0.000377082 0.999999881 1.777704239
0.999998808 0.001371841 0.000641915 0.032942299 -0.001372189 0.999998927 0.000542011 -0.067135416 -0.000641171 -0.000542891 0.999999583 1.966858864
0.999999762 0.000417598 0.000445565 0.037029281 -0.000418076 0.999999344 0.001073545 -0.081432119 -0.000445117 -0.001073731 0.999999344 2.180042982
0.999999642 0.000607594 0.000554469 0.043236159 -0.000608274 0.999999046 0.001227220 -0.085591055 -0.000553723 -0.001227557 0.999999106 2.406586170
0.999999344 0.000943106 0.000614846 0.047312327 -0.000943765 0.999998987 0.001071396 -0.089752793 -0.000613835 -0.001071976 0.999999285 2.633231401
0.999999702 0.000628433 0.000499919 0.051338341 -0.000628770 0.999999583 0.000674613 -0.096742898 -0.000499495 -0.000674927 0.999999642 2.859924078
0.999999702 0.000539886 0.000449857 0.056223728 -0.000540258 0.999999464 0.000827247 -0.102405593 -0.000449410 -0.000827490 0.999999583 3.100159883
0.999998569 0.001492085 0.000807198 0.056165498 -0.001492729 0.999998510 0.000797458 -0.106306575 -0.000806006 -0.000798662 0.999999344 3.337357759
0.999998033 0.001639700 0.001148014 0.058939684 -0.001640856 0.999998093 0.001007149 -0.114767991 -0.001146360 -0.001009030 0.999998808 3.586584091
0.999999225 0.001011508 0.000742046 0.068682872 -0.001012164 0.999999106 0.000884461 -0.115225591 -0.000741151 -0.000885212 0.999999285 3.863604069
0.999999225 0.000719148 0.001069290 0.073201649 -0.000720228 0.999999225 0.001010512 -0.122152142 -0.001068563 -0.001011281 0.999998927 4.113129616
0.999997854 0.001585451 0.001344580 0.076550007 -0.001586676 0.999998271 0.000910085 -0.128702730 -0.001343135 -0.000912216 0.999998689 4.388001919
0.999997139 0.001581611 0.001772476 0.076617688 -0.001583410 0.999998212 0.001013722 -0.134937420 -0.001770870 -0.001016525 0.999997973 4.647030830
0.999997973 0.001512733 0.001310626 0.087017007 -0.001513874 0.999998450 0.000870245 -0.146619141 -0.001309308 -0.000872227 0.999998689 4.892141342
0.999997616 0.001780250 0.001241872 0.095102735 -0.001781578 0.999997735 0.001069380 -0.153428972 -0.001239966 -0.001071590 0.999998629 5.156498432
0.999998212 0.001570474 0.001063746 0.103902154 -0.001571454 0.999998450 0.000922025 -0.161172494 -0.001062296 -0.000923695 0.999998927 5.420665264
0.999997795 0.001746617 0.001161473 0.107987963 -0.001747633 0.999998093 0.000874135 -0.165500343 -0.001159944 -0.000876163 0.999998927 5.692165852
0.999996722 0.002016567 0.001587006 0.099601664 -0.002018172 0.999997556 0.001010775 -0.174921438 -0.001584963 -0.001013975 0.999998212 5.961951256
0.999997735 0.001532993 0.001470087 0.111053452 -0.001534189 0.999998450 0.000812737 -0.180066437 -0.001468839 -0.000814990 0.999998510 6.244658470
0.999997199 0.001778782 0.001566287 0.116532885 -0.001780203 0.999998033 0.000906413 -0.186759308 -0.001564671 -0.000909199 0.999998331 6.533370495
0.999997914 0.001670537 0.001175897 0.125672102 -0.001671827 0.999997973 0.001096951 -0.197005823 -0.001174063 -0.001098915 0.999998689 6.815040112
0.999998629 0.001382642 0.000942484 0.135803148 -0.001383535 0.999998569 0.000947647 -0.205004081 -0.000941173 -0.000948950 0.999999046 7.117057800
0.999998927 0.001167404 0.000872675 0.141252398 -0.001168422 0.999998569 0.001166923 -0.217931345 -0.000871312 -0.001167941 0.999998927 7.411501884
0.999998689 0.001143185 0.001142588 0.145160317 -0.001144333 0.999998808 0.001004949 -0.225490600 -0.001141437 -0.001006255 0.999998868 7.719407558
0.999998629 0.001301344 0.001003716 0.156666592 -0.001302340 0.999998629 0.000992112 -0.230707839 -0.001002423 -0.000993418 0.999998987 8.045669556
0.999997556 0.001792778 0.001309703 0.157972425 -0.001794233 0.999997795 0.001110431 -0.240440115 -0.001307710 -0.001112778 0.999998510 8.357711792
0.999998629 0.001237443 0.001121803 0.168648809 -0.001238153 0.999999046 0.000632654 -0.248217851 -0.001121019 -0.000634042 0.999999166 8.684208870
0.999997258 0.001703781 0.001576740 0.170498520 -0.001705195 0.999998152 0.000895655 -0.256837189 -0.001575210 -0.000898341 0.999998331 9.030015945
0.999997616 0.001879956 0.001131638 0.181428790 -0.001881327 0.999997497 0.001212133 -0.270774692 -0.001129356 -0.001214259 0.999998629 9.371508598
0.999996006 0.002363799 0.001524084 0.185535848 -0.002365509 0.999996722 0.001120964 -0.283864617 -0.001521429 -0.001124565 0.999998212 9.707921028
0.999996901 0.002033344 0.001423767 0.194806635 -0.002035303 0.999997020 0.001375402 -0.294707179 -0.001420966 -0.001378296 0.999998093 10.060710907
0.999995708 0.002435243 0.001579730 0.191503942 -0.002436999 0.999996424 0.001110694 -0.304293543 -0.001577019 -0.001114539 0.999998152 10.420036316
0.999996722 0.002119072 0.001433726 0.200413913 -0.002120740 0.999997079 0.001162734 -0.313433915 -0.001431258 -0.001165771 0.999998331 10.785206795
0.999998093 0.001462815 0.001376888 0.207751602 -0.001464277 0.999998391 0.001061404 -0.319766343 -0.001375333 -0.001063418 0.999998510 11.152790070
0.999997735 0.001420812 0.001614331 0.216819286 -0.001422309 0.999998510 0.000926136 -0.326982915 -0.001613013 -0.000928430 0.999998331 11.547106743
0.999995351 0.002413444 0.001849216 0.213093951 -0.002416236 0.999995947 0.001509098 -0.348400265 -0.001845566 -0.001513559 0.999997139 11.916317940
0.999996126 0.002079511 0.001865229 0.223452568 -0.002081788 0.999997079 0.001219705 -0.357061565 -0.001862687 -0.001223583 0.999997497 12.306802750
0.999997556 0.001605258 0.001530612 0.239393279 -0.001607626 0.999997497 0.001546987 -0.372373283 -0.001528125 -0.001549444 0.999997616 12.692481995
0.999993443 0.002598389 0.002531295 0.234116405 -0.002602686 0.999995112 0.001695632 -0.384079814 -0.002526877 -0.001702209 0.999995291 13.103667259
0.999995172 0.002088621 0.002282291 0.248264462 -0.002092798 0.999996066 0.001829318 -0.399584800 -0.002278461 -0.001834086 0.999995708 13.493327141
0.999993026 0.002626013 0.002660081 0.252701730 -0.002631566 0.999994338 0.002086482 -0.410183877 -0.002654586 -0.002093468 0.999994278 13.909366608
0.999993503 0.002574712 0.002504540 0.262439132 -0.002580065 0.999994397 0.002136807 -0.418240875 -0.002499024 -0.002143255 0.999994576 14.324651718
0.999989033 0.003148908 0.003449382 0.266949385 -0.003155815 0.999993026 0.001998526 -0.430826098 -0.003443065 -0.002009390 0.999992073 14.742662430
0.999991655 0.002527142 0.003213885 0.284159005 -0.002533792 0.999994636 0.002066694 -0.442958295 -0.003208645 -0.002074820 0.999992669 15.178643227
0.999989808 0.002906525 0.003446302 0.291745991 -0.002914819 0.999992967 0.002404041 -0.456412315 -0.003439289 -0.002414062 0.999991179 15.615420341
0.999987960 0.003030443 0.003863893 0.301514387 -0.003038034 0.999993443 0.001959997 -0.462116987 -0.003857927 -0.001971711 0.999990642 16.052164078
0.999984443 0.003571781 0.004286217 0.306275725 -0.003580369 0.999991596 0.001997985 -0.471209675 -0.004279044 -0.002013301 0.999988735 16.496921539
0.999985456 0.003272975 0.004286335 0.319572031 -0.003279986 0.999993265 0.001629905 -0.483729929 -0.004280971 -0.001643940 0.999989390 16.938093185
0.999982715 0.003592236 0.004656650 0.329150110 -0.003602730 0.999990940 0.002247046 -0.503627419 -0.004648536 -0.002263784 0.999986649 17.392917633
0.999984026 0.003095339 0.004725917 0.339892358 -0.003107929 0.999991596 0.002659001 -0.519667208 -0.004717646 -0.002673647 0.999985278 17.854183197
0.999986291 0.002682999 0.004486131 0.358183980 -0.002694140 0.999993324 0.002479079 -0.531528711 -0.004479450 -0.002491132 0.999986827 18.320627213
0.999983907 0.003079111 0.004768423 0.369947821 -0.003090765 0.999992251 0.002438680 -0.540394247 -0.004760877 -0.002453379 0.999985635 18.797330856
0.999979317 0.003348094 0.005494808 0.380036741 -0.003361226 0.999991536 0.002382383 -0.557549417 -0.005486785 -0.002400803 0.999981999 19.269134521
0.999979377 0.003339252 0.005488180 0.397176534 -0.003355039 0.999990165 0.002869821 -0.570908666 -0.005478543 -0.002888175 0.999980807 19.754451752
0.999982476 0.003358974 0.004894042 0.409561723 -0.003372592 0.999990404 0.002776998 -0.580086410 -0.004884668 -0.002793455 0.999984145 20.242803574
0.999975502 0.003762187 0.005905824 0.413481772 -0.003780742 0.999987960 0.003133717 -0.603061557 -0.005893963 -0.003155969 0.999977648 20.700935364
0.999980867 0.003306818 0.005236675 0.426428080 -0.003322692 0.999989927 0.003025279 -0.614610434 -0.005226618 -0.003042621 0.999981701 21.205965042
0.999982297 0.003778901 0.004626123 0.445779353 -0.003791818 0.999988854 0.002786505 -0.626708508 -0.004615542 -0.002803996 0.999985397 21.721658707
0.999983013 0.003410143 0.004722114 0.449976742 -0.003425286 0.999989033 0.003202433 -0.645162463 -0.004711141 -0.003218553 0.999983728 22.219692230
0.999986470 0.003138430 0.004162624 0.465856045 -0.003152072 0.999989748 0.003274783 -0.658204794 -0.004152304 -0.003287859 0.999985933 22.739433289
0.999987960 0.003439848 0.003492996 0.475137532 -0.003450561 0.999989271 0.003065431 -0.669088900 -0.003482414 -0.003077447 0.999989152 23.238498688
0.999990642 0.003192612 0.002923486 0.486525834 -0.003203094 0.999988437 0.003587916 -0.683440089 -0.002911997 -0.003597246 0.999989271 23.759967804
0.999996662 0.001317424 0.002241168 0.495712787 -0.001325101 0.999993265 0.003427157 -0.701296806 -0.002236638 -0.003430116 0.999991655 24.286510468
0.999992549 0.003031658 0.002377857 0.499675035 -0.003040132 0.999989033 0.003568543 -0.723631620 -0.002367013 -0.003575745 0.999990821 24.799089432
0.999993682 0.003004171 0.001869827 0.508883953 -0.003011271 0.999988198 0.003805952 -0.737565637 -0.001858371 -0.003811559 0.999991000 25.342569351
0.999993324 0.003485831 0.001109631 0.516308784 -0.003490132 0.999986291 0.003897458 -0.746995389 -0.001096030 -0.003901304 0.999991775 25.886255264
0.999993265 0.003596450 0.000748121 0.529496074 -0.003599484 0.999985099 0.004096473 -0.770511925 -0.000733377 -0.004099139 0.999991298 26.439001083
0.999995112 0.003085397 0.000483623 0.539984107 -0.003087437 0.999986053 0.004277012 -0.781384647 -0.000470420 -0.004278484 0.999990761 26.989236832
0.999995708 0.002936529 0.000021861 0.547277391 -0.002936599 0.999985039 0.004612482 -0.804467618 -0.000008316 -0.004612526 0.999989390 27.557174683
0.999993086 0.003713657 -0.000174823 0.553193390 -0.003712910 0.999984801 0.004086553 -0.814946830 0.000189997 -0.004085876 0.999991655 28.110412598
0.999990463 0.004310230 -0.000601191 0.572283208 -0.004307545 0.999981046 0.004398156 -0.838773668 0.000620137 -0.004395525 0.999990165 28.652915955
0.999990523 0.004239109 -0.000953907 0.581712842 -0.004234834 0.999981165 0.004439632 -0.853633285 0.000972709 -0.004435551 0.999989688 29.207145691
0.999991059 0.004040189 -0.001241025 0.587995589 -0.004034981 0.999983132 0.004170770 -0.868569553 0.001257855 -0.004165725 0.999990523 29.751689911
0.999991119 0.003789325 -0.001854929 0.600910485 -0.003781301 0.999983549 0.004310668 -0.871071458 0.001871233 -0.004303616 0.999988973 30.315732956
0.999988377 0.004373450 -0.002033741 0.612365961 -0.004364722 0.999981344 0.004276054 -0.887437582 0.002052404 -0.004267126 0.999988735 30.839355469
0.999988973 0.003828388 -0.002689488 0.627065420 -0.003816536 0.999983013 0.004398043 -0.901290059 0.002706280 -0.004387730 0.999986708 31.391279221
0.999985635 0.004484685 -0.002930038 0.632746816 -0.004472471 0.999981403 0.004161739 -0.911059976 0.002948647 -0.004148575 0.999987066 31.939455032
0.999985576 0.004507441 -0.002908599 0.643652201 -0.004495873 0.999981940 0.003971428 -0.925392389 0.002926447 -0.003958294 0.999987900 32.502716064
0.999983370 0.004851138 -0.003105920 0.645976841 -0.004838364 0.999979794 0.004107427 -0.940995574 0.003125783 -0.004092331 0.999986708 33.041027069
0.999985695 0.004373507 -0.003088552 0.652041018 -0.004359441 0.999980271 0.004546113 -0.959651291 0.003108374 -0.004532584 0.999984920 33.590850830
0.999983728 0.004665340 -0.003282714 0.665135443 -0.004649917 0.999978125 0.004690283 -0.967365503 0.003304524 -0.004674943 0.999983549 34.151771545
0.999981284 0.005025356 -0.003472862 0.669815898 -0.005009905 0.999977589 0.004443344 -0.981091976 0.003495113 -0.004425863 0.999984086 34.692920685
0.999977946 0.005242758 -0.004072016 0.680238008 -0.005225413 0.999977291 0.004258508 -0.998868287 0.004094249 -0.004237136 0.999982655 35.221305847
0.999978662 0.005231858 -0.003910765 0.691841960 -0.005214639 0.999976695 0.004400670 -1.007696509 0.003933698 -0.004380183 0.999982655 35.772068024
0.999983847 0.004358243 -0.003649967 0.688255310 -0.004344257 0.999983251 0.003830874 -1.020535111 0.003666602 -0.003814955 0.999985993 36.304542542
0.999983609 0.003688071 -0.004371360 0.704863727 -0.003667845 0.999982536 0.004625951 -1.044966936 0.004388344 -0.004609842 0.999979675 36.855628967
0.999976516 0.004269681 -0.005359103 0.720341146 -0.004244167 0.999979615 0.004763120 -1.056991100 0.005379331 -0.004740263 0.999974310 37.404689789
0.999973118 0.004380069 -0.005867149 0.732923746 -0.004352134 0.999979138 0.004765593 -1.072381020 0.005887900 -0.004739931 0.999971449 37.936916351
0.999979138 0.004178318 -0.004929952 0.732732832 -0.004157857 0.999982715 0.004153623 -1.080525517 0.004947221 -0.004133038 0.999979198 38.515903473
0.999979913 0.004195138 -0.004762333 0.738328815 -0.004175816 0.999983132 0.004059917 -1.091710925 0.004779284 -0.004039949 0.999980390 39.063037872
0.999976993 0.004498791 -0.005059740 0.754420280 -0.004476979 0.999980688 0.004313923 -1.112973809 0.005079049 -0.004291172 0.999977887 39.584373474
0.999977708 0.004100907 -0.005268617 0.763104081 -0.004079237 0.999983191 0.004117238 -1.124422669 0.005285413 -0.004095654 0.999977648 40.128566742
0.999976814 0.004400193 -0.005192636 0.769617260 -0.004377454 0.999980807 0.004382286 -1.139053345 0.005211819 -0.004359453 0.999976933 40.680309296
0.999977529 0.004334413 -0.005109627 0.779999495 -0.004313823 0.999982595 0.004033820 -1.147649288 0.005127022 -0.004011687 0.999978840 41.235527039
0.999975801 0.003662720 -0.005904844 0.784849346 -0.003639778 0.999985814 0.003891399 -1.160094380 0.005919013 -0.003869812 0.999974966 41.736248016
0.999975562 0.004125623 -0.005624545 0.787690699 -0.004107248 0.999986291 0.003274668 -1.171298742 0.005637976 -0.003251487 0.999978840 42.287914276
0.999977827 0.003589878 -0.005605063 0.799494147 -0.003567450 0.999985576 0.004006265 -1.190619826 0.005619363 -0.003986180 0.999976218 42.827037811
0.999976039 0.004217889 -0.005508187 0.807085693 -0.004195557 0.999982953 0.004059439 -1.205134034 0.005525216 -0.004036231 0.999976575 43.371791840
0.999976754 0.004011547 -0.005504316 0.821835577 -0.003991019 0.999984980 0.003735257 -1.216994524 0.005519218 -0.003713202 0.999977887 43.915641785
0.999978125 0.004183858 -0.005115095 0.829113960 -0.004166493 0.999985516 0.003400654 -1.227523088 0.005129250 -0.003379267 0.999981225 44.462257385
0.999974847 0.004526303 -0.005455239 0.838821530 -0.004507896 0.999984086 0.003381741 -1.238082528 0.005470459 -0.003357064 0.999979377 44.959415436
0.999975264 0.004836808 -0.005092957 0.843103647 -0.004820440 0.999983132 0.003221603 -1.258390903 0.005108454 -0.003196974 0.999981701 45.507499695
0.999972761 0.004679662 -0.005694537 0.857393682 -0.004660252 0.999983370 0.003417155 -1.273355603 0.005710432 -0.003390524 0.999977887 46.049530029
0.999974549 0.004909596 -0.005167172 0.869216383 -0.004893131 0.999983072 0.003194410 -1.296957970 0.005182767 -0.003169045 0.999981463 46.638721466
0.999969721 0.005804242 -0.005180743 0.868580818 -0.005786452 0.999977350 0.003441917 -1.305522680 0.005200603 -0.003411835 0.999980628 47.146812439
0.999969840 0.005752193 -0.005211634 0.869444251 -0.005736589 0.999979019 0.003004218 -1.310344696 0.005228806 -0.002974232 0.999981880 47.707439423
0.999964416 0.006765060 -0.005037363 0.874137282 -0.006746354 0.999970317 0.003721242 -1.337040544 0.005062388 -0.003687126 0.999980390 48.231010437
0.999967158 0.006245874 -0.005162559 0.884694219 -0.006228771 0.999975085 0.003322645 -1.341903210 0.005183182 -0.003290380 0.999981165 48.783386230
0.999970376 0.005702592 -0.005173378 0.895451188 -0.005688115 0.999979854 0.002808798 -1.351375103 0.005189291 -0.002779288 0.999982655 49.335777283
0.999971390 0.005470083 -0.005219963 0.895264030 -0.005453760 0.999980152 0.003136167 -1.367286325 0.005237014 -0.003107608 0.999981463 49.872219086
0.999962151 0.006637338 -0.005622585 0.910478711 -0.006618111 0.999972165 0.003431291 -1.389250517 0.005645204 -0.003393951 0.999978304 50.407409668
0.999963164 0.006255383 -0.005875085 0.916272044 -0.006232900 0.999973238 0.003837283 -1.409541368 0.005898932 -0.003800523 0.999975443 50.934547424
0.999963045 0.006624003 -0.005484662 0.928118587 -0.006609131 0.999974430 0.002725291 -1.412205696 0.005502574 -0.002688942 0.999981225 51.500286102
0.999965489 0.005874276 -0.005859749 0.939167142 -0.005854509 0.999977112 0.003384758 -1.435423374 0.005879499 -0.003350336 0.999977112 52.044857025
0.999966383 0.005406972 -0.006162215 0.950520337 -0.005388724 0.999981046 0.002973947 -1.443186879 0.006178178 -0.002940640 0.999976575 52.595016479
0.999966025 0.005788492 -0.005857654 0.954988599 -0.005769443 0.999978006 0.003263290 -1.460886836 0.005876414 -0.003229384 0.999977529 53.133102417
0.999964416 0.005890564 -0.006032138 0.965458572 -0.005873550 0.999978721 0.002834321 -1.470991969 0.006048706 -0.002798790 0.999977767 53.689502716
0.999961913 0.006300539 -0.006037310 0.975986242 -0.006284626 0.999976754 0.002651145 -1.483908176 0.006053873 -0.002613101 0.999978244 54.245090485
0.999961853 0.006755796 -0.005536317 0.975892782 -0.006741847 0.999974072 0.002534238 -1.496785283 0.005553294 -0.002496816 0.999981403 54.773204803
0.999961257 0.006298401 -0.006154862 0.985982180 -0.006284633 0.999977708 0.002253857 -1.510108232 0.006168921 -0.002215088 0.999978423 55.321865082
0.999963939 0.005787796 -0.006205989 0.998925567 -0.005774724 0.999981046 0.002122308 -1.524017096 0.006218153 -0.002086394 0.999978423 55.871978760
0.999962926 0.005823141 -0.006345864 1.008511543 -0.005806132 0.999979496 0.002695379 -1.538466215 0.006361431 -0.002658434 0.999976218 56.424568176
0.999961495 0.005875188 -0.006536470 1.026129365 -0.005859222 0.999979794 0.002459063 -1.561965823 0.006550788 -0.002420670 0.999975622 56.942749023
0.999959409 0.006943059 -0.005762770 1.012289524 -0.006926885 0.999972045 0.002821901 -1.563226700 0.005782202 -0.002781868 0.999979377 57.497886658
0.999962926 0.005802516 -0.006353817 1.026687741 -0.005787185 0.999980330 0.002428602 -1.583066583 0.006367784 -0.002391742 0.999976814 58.049297333
0.999964714 0.005966145 -0.005932917 1.037245512 -0.005953069 0.999979794 0.002219505 -1.590555906 0.005946041 -0.002184107 0.999979913 58.569526672
0.999961615 0.006349162 -0.006036231 1.042716503 -0.006335638 0.999977350 0.002256907 -1.600445151 0.006050424 -0.002218577 0.999979258 59.096637726
0.999963284 0.006372115 -0.005731065 1.047407866 -0.006361929 0.999978065 0.001793962 -1.618594646 0.005742372 -0.001757435 0.999981940 59.621143341
0.999964833 0.005752945 -0.006106031 1.061138988 -0.005741009 0.999981582 0.001970360 -1.631559491 0.006117254 -0.001935236 0.999979436 60.163330078
0.999957860 0.007172321 -0.005728395 1.062901974 -0.007157255 0.999970913 0.002646349 -1.654085994 0.005747209 -0.002605238 0.999980032 60.704006195
0.999958277 0.007514661 -0.005199221 1.068186283 -0.007503999 0.999969721 0.002067086 -1.658056855 0.005214598 -0.002027985 0.999984324 61.252628326
0.999963880 0.006463753 -0.005521723 1.085889578 -0.006450772 0.999976397 0.002365472 -1.677729368 0.005536881 -0.002329767 0.999981940 61.793487549
0.999960959 0.007070292 -0.005295181 1.087541580 -0.007058661 0.999972641 0.002211866 -1.691863418 0.005310674 -0.002174403 0.999983549 62.341232300
0.999962509 0.007199410 -0.004812461 1.095759273 -0.007189348 0.999971926 0.002104887 -1.707299948 0.004827480 -0.002070209 0.999986231 62.881458282
0.999955177 0.007626338 -0.005609885 1.112047911 -0.007615810 0.999969184 0.001895650 -1.718929529 0.005624170 -0.001852841 0.999982476 63.427536011
0.999950707 0.008606807 -0.004941994 1.111735582 -0.008595350 0.999960303 0.002335060 -1.742981434 0.004961895 -0.002292467 0.999985039 63.976837158
0.999953091 0.008429203 -0.004752555 1.110972166 -0.008421910 0.999963343 0.001552489 -1.743160844 0.004765468 -0.001512391 0.999987483 64.535278320
0.999951899 0.008417858 -0.005030779 1.125350237 -0.008407501 0.999962509 0.002075918 -1.774128556 0.005048065 -0.002033522 0.999985158 65.004974365
0.999963045 0.007221125 -0.004662377 1.124536514 -0.007214725 0.999972999 0.001388259 -1.769531488 0.004672275 -0.001354570 0.999988079 65.563697815
0.999966264 0.006846775 -0.004533789 1.132231712 -0.006841929 0.999975979 0.001083906 -1.782589674 0.004541101 -0.001052850 0.999989092 66.102783203
0.999962866 0.007442717 -0.004350832 1.143681049 -0.007439991 0.999972105 0.000641872 -1.794930100 0.004355488 -0.000609478 0.999990344 66.680694580
0.999966860 0.006588085 -0.004780460 1.163768649 -0.006582166 0.999977469 0.001252684 -1.825717449 0.004788605 -0.001221177 0.999987721 67.214042664
0.999961257 0.007471722 -0.004649907 1.174143791 -0.007467058 0.999971569 0.001019747 -1.837069273 0.004657395 -0.000984987 0.999988616 67.769180298
0.999962807 0.007474093 -0.004306737 1.178580284 -0.007471529 0.999971926 0.000611350 -1.853702903 0.004311185 -0.000579149 0.999990463 68.320648193
0.999951422 0.008674937 -0.004682144 1.197218537 -0.008672132 0.999962211 0.000619066 -1.875977278 0.004687337 -0.000578431 0.999988854 68.811454773
0.999946773 0.008626463 -0.005662677 1.235348105 -0.008618565 0.999961853 0.001417994 -1.925315142 0.005674693 -0.001369115 0.999982953 69.241386414
0.999953032 0.008545488 -0.004567139 1.210352778 -0.008544425 0.999963462 0.000252382 -1.901478291 0.004569129 -0.000213347 0.999989510 69.965896606
0.999956369 0.008264200 -0.004353209 1.215325832 -0.008263760 0.999965847 0.000119084 -1.914145708 0.004354045 -0.000083104 0.999990523 70.524703979
0.999954402 0.008517340 -0.004299268 1.213328719 -0.008512121 0.999962926 0.001231402 -1.953823924 0.004309597 -0.001194750 0.999989927 70.961791992
0.999953568 0.008954435 -0.003556904 1.199093580 -0.008951372 0.999959528 0.000875669 -1.977892399 0.003564601 -0.000843789 0.999993265 71.462745667
0.999959469 0.008311789 -0.003457139 1.192551255 -0.008308354 0.999964952 0.001006774 -1.998670340 0.003465386 -0.000978010 0.999993443 71.945899963
0.999949217 0.009432269 -0.003554962 1.210826516 -0.009428909 0.999955058 0.000960716 -2.003348589 0.003563864 -0.000927148 0.999993205 72.528511047
0.999957204 0.008397968 -0.003886044 1.216984034 -0.008394843 0.999964356 0.000820651 -2.008292198 0.003892798 -0.000787993 0.999992073 73.055496216
0.999952376 0.009034376 -0.003692317 1.228053570 -0.009030091 0.999958515 0.001175566 -2.029379129 0.003702784 -0.001142168 0.999992430 73.562988281
0.999952257 0.009206782 -0.003267705 1.228918672 -0.009204221 0.999957323 0.000798043 -2.044014454 0.003274912 -0.000767928 0.999994338 74.104690552
0.999948621 0.009515303 -0.003472851 1.242052436 -0.009512302 0.999954343 0.000879920 -2.052016020 0.003481066 -0.000846840 0.999993563 74.607383728
0.999950469 0.009330605 -0.003471062 1.246888161 -0.009327209 0.999956012 0.000992829 -2.066493034 0.003480174 -0.000960404 0.999993503 75.105422974
0.999947250 0.009579644 -0.003681586 1.281633139 -0.009576377 0.999953747 0.000903863 -2.081733227 0.003690075 -0.000868559 0.999992788 75.604614258
0.999951243 0.009111886 -0.003813162 1.291468382 -0.009108572 0.999958038 0.000885741 -2.095354080 0.003821073 -0.000850966 0.999992311 76.143821716
0.999946415 0.009842420 -0.003196570 1.298895001 -0.009839153 0.999951065 0.001035926 -2.123865604 0.003206609 -0.001004419 0.999994338 76.648529053
0.999946654 0.009656406 -0.003650279 1.318554401 -0.009654201 0.999953210 0.000621218 -2.123703480 0.003656106 -0.000585944 0.999993145 77.200363159
0.999946654 0.009589671 -0.003822197 1.317144394 -0.009585596 0.999953389 0.001083092 -2.145143747 0.003832406 -0.001046397 0.999992073 77.719978333
0.999946117 0.009799801 -0.003429568 1.327733278 -0.009795885 0.999951363 0.001156800 -2.171072006 0.003440737 -0.001123142 0.999993443 78.222885132
0.999947786 0.009713141 -0.003147348 1.324101567 -0.009709806 0.999952257 0.001072835 -2.184982538 0.003157617 -0.001042219 0.999994457 78.780784607
0.999947786 0.009606989 -0.003472625 1.337687016 -0.009603175 0.999953270 0.001112839 -2.202982426 0.003483154 -0.001079433 0.999993324 79.319465637
0.999948263 0.009434736 -0.003835262 1.355514169 -0.009432058 0.999955237 0.000715499 -2.211527824 0.003841840 -0.000679287 0.999992371 79.896827698
0.999943614 0.010336652 -0.002424586 1.354029655 -0.010334379 0.999946296 0.000948071 -2.228811264 0.002434256 -0.000922961 0.999996603 80.413543701
0.999947906 0.010104999 -0.001527447 1.380069375 -0.010104068 0.999948740 0.000615658 -2.240785837 0.001533590 -0.000600192 0.999998629 80.964622498
0.999951601 0.009834757 -0.000361737 1.377891421 -0.009834629 0.999951541 0.000355427 -2.249245644 0.000365215 -0.000351852 0.999999881 81.516525269
0.999947369 0.010183034 0.001186363 1.382249832 -0.010183994 0.999947727 0.000807059 -2.271587372 -0.001178082 -0.000819099 0.999998987 82.060554504
0.999935567 0.010454656 0.004418109 1.394908786 -0.010456561 0.999945223 0.000408332 -2.289868116 -0.004413598 -0.000454504 0.999990165 82.609329224
0.999913335 0.010462994 0.007987732 1.417459011 -0.010470245 0.999944806 0.000866820 -2.300837517 -0.007978222 -0.000950379 0.999967635 83.188072205
0.999875069 0.010762508 0.011574904 1.430760860 -0.010768023 0.999941945 0.000414263 -2.299527168 -0.011569774 -0.000538850 0.999932945 83.744064331
0.999810398 0.010918393 0.016121950 1.444025874 -0.010930580 0.999940038 0.000668030 -2.327032328 -0.016113689 -0.000844125 0.999869823 84.328475952
0.999692559 0.011146889 0.022146797 1.473673105 -0.011152330 0.999937773 0.000122224 -2.339821339 -0.022144057 -0.000369175 0.999754727 84.883255005
0.999540508 0.011108987 0.028202333 1.510427356 -0.011122337 0.999938190 0.000316549 -2.355763435 -0.028197067 -0.000630079 0.999602199 85.412078857
0.999359190 0.011134684 0.034018189 1.550964952 -0.011143383 0.999937892 0.000066059 -2.369777441 -0.034015339 -0.000445094 0.999421179 85.955230713
0.999031067 0.011909761 0.042367853 1.585221291 -0.011945651 0.999928415 0.000594032 -2.390586138 -0.042357743 -0.001099568 0.999101818 86.504783630
0.998654008 0.011370393 0.050603691 1.631524324 -0.011379953 0.999935269 -0.000099198 -2.398605347 -0.050601549 -0.000476804 0.998718798 87.071296692
0.998277903 0.011215540 0.057579380 1.678948402 -0.011240076 0.999936819 0.000102313 -2.413982153 -0.057574593 -0.000749334 0.998340905 87.619354248
0.997672677 0.011729158 0.067168795 1.728348255 -0.011752550 0.999930918 -0.000046901 -2.434786081 -0.067164712 -0.000742614 0.997741580 88.158683777
0.996966302 0.011076565 0.077041201 1.792118549 -0.011080025 0.999938488 -0.000382543 -2.450485706 -0.077040695 -0.000472235 0.997027814 88.691726685
0.996219516 0.011586504 0.086094767 1.852322102 -0.011581269 0.999932706 -0.000560307 -2.460706234 -0.086095452 -0.000438898 0.996286809 89.247146606
0.995603144 0.010662436 0.093063101 1.923849106 -0.010610892 0.999943137 -0.001048687 -2.477296352 -0.093068987 0.000056594 0.995659649 89.792518616
0.994586945 0.011106866 0.103313625 1.996146202 -0.011048829 0.999938309 -0.001134061 -2.491193295 -0.103319839 -0.000013572 0.994648099 90.329330444
0.993464470 0.010660014 0.113642842 2.090266228 -0.010578495 0.999943197 -0.001320353 -2.506748676 -0.113650456 0.000109554 0.993520916 90.874267578
0.992408454 0.009919466 0.122584715 2.180038452 -0.009792375 0.999950707 -0.001639203 -2.524404287 -0.122594923 0.000426363 0.992456675 91.414184570
0.990854263 0.010520064 0.134525850 2.272726059 -0.010441058 0.999944627 -0.001292803 -2.542240143 -0.134532005 -0.000123613 0.990909219 91.962402344
0.989085913 0.010007924 0.146999642 2.374835968 -0.009884021 0.999950051 -0.001573308 -2.562098026 -0.147008061 0.000103189 0.989135265 92.501846313
0.987444580 0.009063520 0.157706097 2.480847359 -0.008789534 0.999958515 -0.002434690 -2.573595524 -0.157721609 0.001017958 0.987483144 93.039146423
0.985666752 0.009547613 0.168434337 2.597326279 -0.009377756 0.999954402 -0.001803885 -2.593962908 -0.168443859 0.000198493 0.985711217 93.589195251
0.983471036 0.008027585 0.180887699 2.720499039 -0.007830378 0.999967754 -0.001804303 -2.606770754 -0.180896357 0.000358061 0.983502150 94.118896484
0.981031060 0.009193259 0.193632558 2.851066589 -0.009045855 0.999957740 -0.001645411 -2.635500908 -0.193639517 -0.000137373 0.981072664 94.657707214
0.978930831 0.008936794 0.203996375 2.974628448 -0.008785155 0.999960065 -0.001648932 -2.654220104 -0.204002932 -0.000177949 0.978970230 95.192436218
0.976179481 0.009225894 0.216768250 3.118635178 -0.009152145 0.999957204 -0.001344122 -2.675346613 -0.216771349 -0.000671790 0.976222157 95.722282410
0.973045647 0.007964090 0.230474934 3.267477036 -0.007725500 0.999968290 -0.001937622 -2.685986757 -0.230483025 0.000104862 0.973076344 96.268615723
0.970366776 0.007646159 0.241515622 3.420684814 -0.007476345 0.999970794 -0.001619519 -2.704694033 -0.241520911 -0.000234126 0.970395625 96.784843445
0.967608571 0.007571426 0.252341598 3.585550308 -0.007213447 0.999971151 -0.002343706 -2.716460943 -0.252352089 0.000447538 0.967635393 97.346450806
0.964044750 0.008363043 0.265608370 3.754226685 -0.008261397 0.999964774 -0.001499921 -2.737280369 -0.265611529 -0.000748304 0.964079857 97.862655640
0.960460782 0.007476616 0.278314739 3.929168701 -0.007052769 0.999972045 -0.002524106 -2.752635479 -0.278325796 0.000461415 0.960486531 98.392211914
0.957077265 0.007100799 0.289745957 4.105625153 -0.006644154 0.999974668 -0.002559656 -2.767843246 -0.289756835 0.000524672 0.957100153 98.912162781
0.952682614 0.006614911 0.303894758 4.295238495 -0.006066389 0.999977767 -0.002749048 -2.781698704 -0.303906262 0.000775426 0.952701628 99.431762695
0.948197901 0.005993537 0.317623675 4.491991043 -0.005388740 0.999981582 -0.002782646 -2.800752401 -0.317634493 0.000926908 0.948212802 99.940444946
0.944214761 0.006076302 0.329274386 4.696531296 -0.005286619 0.999980628 -0.003293548 -2.812264442 -0.329288006 0.001369068 0.944228590 100.460494995
0.939547896 0.005848136 0.342367530 4.906978607 -0.005048131 0.999981999 -0.003227729 -2.837108612 -0.342380255 0.001304291 0.939560652 100.952064514
0.934369087 0.004963688 0.356272072 5.118663788 -0.004174014 0.999986827 -0.002985226 -2.852388620 -0.356282264 0.001302218 0.934377491 101.486946106
0.928619206 0.006631167 0.370975077 5.330362320 -0.005975396 0.999977946 -0.002917049 -2.868768930 -0.370986253 0.000492105 0.928638220 102.005393982
0.924750149 0.004213064 0.380551249 5.590135574 -0.003247165 0.999989688 -0.003180135 -2.886119604 -0.380560666 0.001705118 0.924754381 102.531517029
0.918680549 0.004438439 0.394976407 5.830951691 -0.003595114 0.999989450 -0.002875187 -2.901991844 -0.394984990 0.001221393 0.918686807 103.036361694
0.913114488 0.003738408 0.407686114 6.081607819 -0.002733256 0.999991596 -0.003047935 -2.922450066 -0.407694101 0.001668803 0.913117051 103.548431396
0.908175826 0.003610111 0.418573409 6.332000732 -0.002638915 0.999992311 -0.002899096 -2.935330629 -0.418580711 0.001528310 0.908178329 104.034324646
0.902487397 0.002458174 0.430709302 6.594196320 -0.001000427 0.999992967 -0.003610984 -2.951271057 -0.430715084 0.002827974 0.902483523 104.544776917
0.895714641 0.002832749 0.444620401 6.861415863 -0.001263920 0.999991894 -0.003824870 -2.959712505 -0.444627553 0.002864027 0.895711005 105.028442383
0.889866412 0.001345390 0.456219137 7.123500824 0.000501282 0.999992192 -0.003926739 -2.984320879 -0.456220895 0.003722968 0.889858782 105.510307312
0.884186566 0.001469636 0.467131346 7.404899597 0.000196893 0.999993861 -0.003518746 -2.998410225 -0.467133611 0.003203203 0.884180963 105.984497070
0.876629949 0.000837773 0.481164396 7.694087982 0.001119630 0.999992371 -0.003780968 -3.018070698 -0.481163889 0.003853237 0.876622200 106.484352112
