1.000000000 0.000000000 0.000000000 0.000000000 0.000000000 1.000000000 0.000000000 0.000000000 0.000000000 0.000000000 1.000000000 0.000000000
1.000000000 0.000082439 -0.000012488 -0.000105313 -0.000082440 1.000000000 -0.000038079 0.000164115 0.000012485 0.000038080 1.000000000 -0.000544193
1.000000000 0.000069523 0.000044083 -0.000736142 -0.000069526 1.000000000 0.000070974 -0.000690530 -0.000044079 -0.000070977 1.000000000 -0.000894800
1.000000000 -0.000094330 0.000086707 -0.000281847 0.000094333 1.000000000 -0.000032092 0.000541511 -0.000086704 0.000032100 1.000000000 0.000352144
1.000000000 -0.000090063 0.000054957 -0.000294635 0.000090062 1.000000000 0.000020723 -0.000015075 -0.000054959 -0.000020718 1.000000000 -0.000367310
1.000000000 0.000031626 0.000153122 -0.001230554 -0.000031621 1.000000000 -0.000031750 0.000752110 -0.000153123 0.000031745 1.000000000 -0.000043722
1.000000000 -0.000090443 0.000088975 0.000527001 0.000090445 1.000000000 -0.000014435 0.000141825 -0.000088974 0.000014443 1.000000000 0.000043909
1.000000000 0.000023505 0.000088274 -0.000622117 -0.000023509 1.000000000 0.000053612 -0.000364092 -0.000088273 -0.000053614 1.000000000 -0.000646402
1.000000000 0.000030422 0.000032890 -0.000810011 -0.000030420 1.000000000 -0.000083661 0.000486354 -0.000032892 0.000083660 1.000000000 0.000116944
1.000000000 -0.000046269 0.000090672 -0.000281152 0.000046264 1.000000000 0.000057943 -0.001110288 -0.000090675 -0.000057939 1.000000000 -0.000419952
1.000000000 0.000071851 0.000097076 -0.001190714 -0.000071857 1.000000000 0.000064818 -0.000770302 -0.000097072 -0.000064825 1.000000000 -0.000287475
1.000000000 0.000035025 0.000101417 -0.001184945 -0.000035024 1.000000000 -0.000006107 -0.000097135 -0.000101417 0.000006104 1.000000000 -0.001345650
1.000000000 0.000080534 0.000043051 -0.000877628 -0.000080530 1.000000000 -0.000087849 -0.000420635 -0.000043058 0.000087846 1.000000000 -0.001463861
1.000000000 0.000088673 0.000104594 -0.001837620 -0.000088665 1.000000000 -0.000084999 0.001663437 -0.000104601 0.000084990 1.000000000 0.000795284
1.000000000 0.000007597 0.000077711 -0.001906522 -0.000007588 1.000000000 -0.000115873 0.001314977 -0.000077712 0.000115873 1.000000000 -0.000233196
1.000000000 0.000110594 0.000031771 -0.000392376 -0.000110590 1.000000000 -0.000122132 0.002439106 -0.000031784 0.000122128 1.000000000 0.001916028
1.000000000 0.000139921 0.000152464 -0.001337769 -0.000139899 1.000000000 -0.000146252 0.002371108 -0.000152485 0.000146231 1.000000000 0.002589313
1.000000000 0.000104549 0.000084774 -0.001236096 -0.000104538 1.000000000 -0.000124871 0.001494851 -0.000084787 0.000124863 1.000000000 0.001559948
0.999999940 0.000204385 0.000172043 -0.002171406 -0.000204365 1.000000000 -0.000116042 0.002492279 -0.000172067 0.000116006 1.000000000 0.002523288
1.000000000 0.000176820 0.000164717 -0.001683110 -0.000176797 1.000000000 -0.000137147 0.002219257 -0.000164741 0.000137118 1.000000000 0.001924282
1.000000000 0.000115056 0.000171089 -0.001962247 -0.000115038 1.000000000 -0.000104847 0.001980710 -0.000171101 0.000104827 1.000000000 0.002431972
0.999999940 0.000223688 0.000145310 -0.002189263 -0.000223677 1.000000000 -0.000077564 0.002310530 -0.000145328 0.000077532 1.000000000 0.001970439
1.000000000 0.000213614 0.000099775 -0.001056633 -0.000213602 1.000000000 -0.000115646 0.002413185 -0.000099800 0.000115625 1.000000000 0.003098413
1.000000000 0.000186724 0.000116234 -0.001778780 -0.000186712 1.000000000 -0.000101280 0.003180512 -0.000116253 0.000101259 1.000000000 0.003504701
0.999999940 0.000361313 0.000086594 -0.001872069 -0.000361306 0.999999940 -0.000072003 0.003100484 -0.000086620 0.000071971 1.000000000 0.003969491
0.999999940 0.000329767 0.000139531 -0.001987332 -0.000329760 0.999999940 -0.000051291 0.001975075 -0.000139548 0.000051245 1.000000000 0.001945552
1.000000000 0.000119696 0.000178130 -0.001715688 -0.000119684 1.000000000 -0.000069507 0.002754032 -0.000178139 0.000069486 1.000000000 0.003050804
0.999999940 0.000189314 0.000205287 -0.002084499 -0.000189307 1.000000000 -0.000032654 0.001539094 -0.000205293 0.000032615 1.000000000 0.002488616
1.000000000 0.000154581 0.000107432 -0.001725034 -0.000154574 1.000000000 -0.000065153 0.002596239 -0.000107442 0.000065136 1.000000000 0.002671808
0.999999940 0.000158369 0.000192022 -0.002414325 -0.000158343 1.000000000 -0.000138080 0.002892034 -0.000192043 0.000138049 1.000000000 0.003218540
0.999999940 0.000168245 0.000245665 -0.001772115 -0.000168235 1.000000000 -0.000040781 0.001663278 -0.000245672 0.000040740 0.999999940 0.002927853
0.999999940 0.000126220 0.000226582 -0.001422602 -0.000126200 1.000000000 -0.000088775 0.003282557 -0.000226593 0.000088746 1.000000000 0.003948934
1.000000000 0.000221942 0.000092172 -0.000519960 -0.000221923 0.999999940 -0.000203960 0.003933367 -0.000092217 0.000203940 1.000000000 0.003885238
1.000000000 0.000107501 0.000157077 -0.001317078 -0.000107486 1.000000000 -0.000094709 0.002111518 -0.000157087 0.000094692 1.000000000 0.002639271
0.999999940 0.000233609 0.000179694 -0.002777287 -0.000233581 0.999999940 -0.000155831 0.002640380 -0.000179730 0.000155789 1.000000000 0.002502229
0.999999940 0.000255679 0.000242678 -0.002108347 -0.000255649 0.999999940 -0.000124567 0.002400694 -0.000242709 0.000124505 0.999999940 0.002391157
1.000000000 0.000103457 0.000145872 -0.001633214 -0.000103445 1.000000000 -0.000081845 0.002678509 -0.000145880 0.000081830 1.000000000 0.002512689
1.000000000 0.000200118 0.000137257 -0.002161583 -0.000200106 1.000000000 -0.000084736 0.003491483 -0.000137274 0.000084708 1.000000000 0.004229610
0.999999940 0.000311958 0.000230857 -0.002165007 -0.000311931 0.999999940 -0.000117228 0.003164174 -0.000230893 0.000117156 0.999999940 0.002398247
0.999999940 0.000233733 0.000108444 -0.000594768 -0.000233720 0.999999940 -0.000125176 0.004004001 -0.000108473 0.000125151 1.000000000 0.003327319
1.000000000 0.000046235 0.000074422 0.000003119 -0.000046226 1.000000000 -0.000130658 0.002007655 -0.000074428 0.000130655 1.000000000 0.004169073
0.999999881 0.000485144 0.000234730 0.000069533 -0.000484996 0.999999702 -0.000630995 -0.001383737 -0.000235036 0.000630881 0.999999762 0.051606063
0.999999881 0.000396783 0.000278792 -0.000392823 -0.000396588 0.999999702 -0.000700173 -0.006752604 -0.000279069 0.000700062 0.999999702 0.139096364
0.999999881 0.000350506 0.000229402 0.001732746 -0.000350290 0.999999464 -0.000940676 -0.010520763 -0.000229732 0.000940595 0.999999464 0.252418458
0.999999881 0.000427095 0.000232956 0.004746310 -0.000426906 0.999999642 -0.000807834 -0.013222980 -0.000233301 0.000807734 0.999999642 0.384675950
0.999999881 0.000388287 0.000237376 0.006962207 -0.000388044 0.999999404 -0.001023462 -0.015754025 -0.000237773 0.001023369 0.999999464 0.522130370
0.999999940 0.000045282 0.000122519 0.011596827 -0.000045174 0.999999583 -0.000880383 -0.020163935 -0.000122559 0.000880378 0.999999583 0.672763586
0.999999881 0.000005925 0.000223246 0.015432545 -0.000005794 0.999999762 -0.000587763 -0.024798742 -0.000223250 0.000587762 0.999999821 0.835717797
0.999999940 0.000241671 0.000264587 0.016357573 -0.000241523 0.999999821 -0.000560234 -0.027866654 -0.000264722 0.000560170 0.999999821 1.007430792
1.000000000 -0.000133378 0.000065071 0.021335186 0.000133417 0.999999881 -0.000587501 -0.030948820 -0.000064993 0.000587510 0.999999821 1.185925603
0.999999821 0.000398443 0.000240605 0.022789646 -0.000398443 0.999999940 -0.000000553 -0.041645423 -0.000240605 0.000000457 1.000000000 1.369161606
0.999999642 0.000893145 0.000109581 0.025263870 -0.000893125 0.999999583 -0.000179462 -0.042838201 -0.000109741 0.000179364 1.000000000 1.559393644
0.999999940 0.000334978 0.000066091 0.030250244 -0.000334989 0.999999881 0.000152111 -0.050525170 -0.000066040 -0.000152133 1.000000000 1.763951182
0.999999881 0.000358188 0.000379882 0.030931441 -0.000358295 0.999999821 0.000280275 -0.058221862 -0.000379782 -0.000280411 0.999999821 1.965765238
0.999999940 -0.000376403 0.000129551 0.038108561 0.000376347 0.999999762 0.000429717 -0.066493973 -0.000129713 -0.000429668 0.999999881 2.176213741
0.999999881 0.000006896 0.000508252 0.041548599 -0.000007265 0.999999762 0.000726885 -0.073961653 -0.000508247 -0.000726889 0.999999523 2.399754286
0.999999940 0.000281380 0.000376823 0.047547422 -0.000281630 0.999999821 0.000664716 -0.081724584 -0.000376636 -0.000664822 0.999999642 2.618971825
0.999999464 0.000534835 0.000845611 0.045247044 -0.000535432 0.999999642 0.000706348 -0.086438969 -0.000845233 -0.000706801 0.999999344 2.857229233
0.999999642 -0.000085629 0.000832696 0.054108821 0.000084960 0.999999702 0.000802447 -0.095483005 -0.000832764 -0.000802376 0.999999344 3.097063541
0.999999642 0.000106718 0.000798477 0.058147755 -0.000107563 0.999999523 0.001058324 -0.106656015 -0.000798364 -0.001058409 0.999999166 3.332564592
0.999999464 0.000325729 0.000908987 0.060183968 -0.000326631 0.999999464 0.000992554 -0.113783054 -0.000908663 -0.000992850 0.999999106 3.585536957
0.999999285 0.000545308 0.001036124 0.061590243 -0.000546479 0.999999225 0.001130338 -0.121376589 -0.001035507 -0.001130903 0.999998868 3.838694811
0.999999702 0.000176858 0.000909336 0.070337661 -0.000177781 0.999999464 0.001014489 -0.122919798 -0.000909156 -0.001014651 0.999999046 4.098068714
0.999999404 0.000454209 0.001039893 0.077548087 -0.000455143 0.999999523 0.000897828 -0.125106961 -0.001039485 -0.000898301 0.999999046 4.360248566
0.999999344 0.000365936 0.001028041 0.080673546 -0.000366720 0.999999583 0.000762379 -0.133218572 -0.001027761 -0.000762755 0.999999166 4.619364262
0.999999106 0.000852979 0.001012670 0.085397482 -0.000853897 0.999999225 0.000906271 -0.140604302 -0.001011896 -0.000907135 0.999999106 4.874740601
0.999998510 0.001435385 0.000927252 0.089994490 -0.001436386 0.999998391 0.001079171 -0.148073718 -0.000925701 -0.001080502 0.999999046 5.133043289
0.999998808 0.000935260 0.001209794 0.093322761 -0.000936357 0.999999166 0.000905886 -0.152891368 -0.001208946 -0.000907018 0.999998868 5.398338318
0.999998808 0.000874376 0.001239517 0.098647550 -0.000875635 0.999999106 0.001015591 -0.161620557 -0.001238628 -0.001016675 0.999998748 5.666929245
0.999998808 0.000833952 0.001295251 0.100885868 -0.000835345 0.999998987 0.001074875 -0.170198992 -0.001294353 -0.001075955 0.999998510 5.931652069
0.999998450 0.000841011 0.001581422 0.105422631 -0.000842568 0.999999166 0.000984449 -0.180575639 -0.001580593 -0.000985780 0.999998212 6.210090160
0.999998748 0.000940194 0.001312371 0.118606135 -0.000941323 0.999999225 0.000859555 -0.180225626 -0.001311561 -0.000860789 0.999998808 6.509835720
0.999998212 0.001304733 0.001382490 0.120748319 -0.001306339 0.999998391 0.001161363 -0.196117088 -0.001380972 -0.001163166 0.999998391 6.791544914
0.999998331 0.001206006 0.001360317 0.127778053 -0.001207496 0.999998689 0.001095010 -0.201480687 -0.001358995 -0.001096651 0.999998450 7.090347290
0.999998629 0.001086442 0.001248172 0.134178683 -0.001088352 0.999998212 0.001530916 -0.215694144 -0.001246506 -0.001532272 0.999998033 7.388912678
0.999997497 0.001530184 0.001603597 0.140602082 -0.001532641 0.999997675 0.001532458 -0.230474576 -0.001601248 -0.001534912 0.999997497 7.689159870
0.999996603 0.001887374 0.001782048 0.149309337 -0.001889968 0.999997199 0.001454899 -0.235258281 -0.001779297 -0.001458262 0.999997318 8.012181282
0.999996006 0.001936387 0.002050661 0.151539281 -0.001939633 0.999996901 0.001582159 -0.247758597 -0.002047591 -0.001586130 0.999996722 8.327309608
0.999997437 0.001456824 0.001698640 0.158834994 -0.001458511 0.999998450 0.000992494 -0.245788693 -0.001697191 -0.000994969 0.999998033 8.659313202
0.999997199 0.001425287 0.001871089 0.166425958 -0.001427033 0.999998569 0.000932642 -0.254938632 -0.001869757 -0.000935309 0.999997854 8.993846893
0.999997377 0.001571975 0.001677311 0.169294894 -0.001574150 0.999997914 0.001296156 -0.268757015 -0.001675270 -0.001298794 0.999997735 9.333924294
0.999996305 0.002031392 0.001805008 0.173868835 -0.002033731 0.999997079 0.001295135 -0.279435724 -0.001802372 -0.001298801 0.999997497 9.674337387
0.999995530 0.002257616 0.002000391 0.180284739 -0.002260203 0.999996543 0.001291621 -0.286737323 -0.001997468 -0.001296136 0.999997139 10.027231216
0.999995947 0.002039885 0.001980433 0.187417164 -0.002042082 0.999997318 0.001107847 -0.296836406 -0.001978167 -0.001111886 0.999997437 10.398218155
0.999994874 0.002214563 0.002302539 0.193542749 -0.002217548 0.999996781 0.001294590 -0.307690531 -0.002299664 -0.001299690 0.999996543 10.763654709
0.999996543 0.001843926 0.001893562 0.202989876 -0.001846462 0.999997377 0.001337839 -0.314749062 -0.001891090 -0.001341331 0.999997377 11.130843163
0.999997139 0.001673382 0.001706344 0.218808010 -0.001675700 0.999997616 0.001357594 -0.324507236 -0.001704069 -0.001360449 0.999997616 11.507020950
0.999996126 0.002319118 0.001559135 0.228929162 -0.002320878 0.999996662 0.001127966 -0.328486562 -0.001556514 -0.001131580 0.999998152 11.890444756
0.999996603 0.001642761 0.001998345 0.233446866 -0.001646573 0.999996841 0.001907177 -0.350662351 -0.001995206 -0.001910460 0.999996185 12.269782066
0.999995410 0.001868157 0.002361064 0.243100017 -0.001872868 0.999996305 0.001994435 -0.361464083 -0.002357329 -0.001998848 0.999995172 12.658606529
0.999994397 0.002259029 0.002463182 0.247410938 -0.002263876 0.999995530 0.001966677 -0.373084784 -0.002458729 -0.001972242 0.999995053 13.054515839
0.999995589 0.001673744 0.002433978 0.261834890 -0.001677994 0.999997020 0.001744860 -0.385379076 -0.002431051 -0.001748936 0.999995530 13.456374168
0.999995410 0.001622705 0.002559290 0.270481646 -0.001627913 0.999996603 0.002034103 -0.396552831 -0.002555980 -0.002038260 0.999994636 13.872435570
0.999993980 0.002244531 0.002652598 0.276295900 -0.002250520 0.999994934 0.002257176 -0.409910560 -0.002647518 -0.002263132 0.999993920 14.291190147
0.999992967 0.002097279 0.003116416 0.290914804 -0.002103543 0.999995768 0.002008113 -0.419519037 -0.003112192 -0.002014654 0.999993145 14.709030151
0.999993265 0.001960346 0.003108818 0.296416253 -0.001965909 0.999996483 0.001787570 -0.430809230 -0.003105303 -0.001793670 0.999993622 15.137585640
0.999991000 0.002255693 0.003575451 0.311614662 -0.002263275 0.999995172 0.002118221 -0.443757921 -0.003570655 -0.002126294 0.999991357 15.572380066
0.999990344 0.001747875 0.004022069 0.316850245 -0.001755762 0.999996483 0.001958147 -0.455393761 -0.004018632 -0.001965190 0.999989986 16.016460419
0.999989569 0.001990865 0.004104400 0.331818670 -0.002000311 0.999995351 0.002298428 -0.471497387 -0.004099805 -0.002306614 0.999988914 16.440092087
0.999989271 0.002417626 0.003946641 0.342903912 -0.002427220 0.999994159 0.002427849 -0.485567272 -0.003940748 -0.002437403 0.999989271 16.879379272
0.999985933 0.002434141 0.004706512 0.353833050 -0.002446169 0.999993742 0.002551564 -0.504037201 -0.004700271 -0.002563041 0.999985695 17.350021362
0.999984682 0.002553484 0.004901708 0.365343034 -0.002565751 0.999993563 0.002498017 -0.513274431 -0.004895297 -0.002510556 0.999984860 17.815280914
0.999983251 0.002411557 0.005263615 0.376518369 -0.002423757 0.999994338 0.002312635 -0.522544622 -0.005258009 -0.002325353 0.999983490 18.287057877
0.999982476 0.002416201 0.005404962 0.389471620 -0.002430422 0.999993622 0.002626239 -0.532750666 -0.005398582 -0.002639329 0.999981999 18.762050629
0.999980569 0.002495738 0.005708905 0.397127062 -0.002512033 0.999992788 0.002848779 -0.554089665 -0.005701754 -0.002863065 0.999979675 19.236072540
0.999976814 0.003140207 0.006043316 0.410686016 -0.003156458 0.999991357 0.002681277 -0.566193402 -0.006034845 -0.002700290 0.999978125 19.724275589
0.999973118 0.003529430 0.006426201 0.413212061 -0.003549335 0.999988914 0.003088603 -0.579263389 -0.006415229 -0.003111328 0.999974549 20.217138290
0.999970198 0.003367957 0.006952334 0.430453390 -0.003389634 0.999989450 0.003108517 -0.597191274 -0.006941792 -0.003131990 0.999970973 20.694921494
0.999983191 0.002288712 0.005326640 0.448441625 -0.002304960 0.999992728 0.003046125 -0.607607841 -0.005319629 -0.003058352 0.999981165 21.201528549
0.999987304 0.001698960 0.004760751 0.463121861 -0.001711983 0.999994874 0.002732788 -0.614361227 -0.004756084 -0.002740903 0.999984980 21.708217621
0.999985039 0.002465169 0.004875607 0.469785392 -0.002477971 0.999993503 0.002621499 -0.625303090 -0.004869114 -0.002633541 0.999984682 22.219610214
0.999984324 0.003063338 0.004681694 0.487749517 -0.003075577 0.999991834 0.002609279 -0.643533349 -0.004673663 -0.002623637 0.999985576 22.699798584
0.999986827 0.003535031 0.003713899 0.499112129 -0.003544540 0.999990404 0.002557201 -0.659099698 -0.003704824 -0.002570331 0.999989748 23.218990326
0.999989092 0.002965323 0.003614162 0.497032970 -0.002976070 0.999991179 0.002971853 -0.678879201 -0.003605318 -0.002982577 0.999989033 23.735759735
0.999996841 0.000828075 0.002359791 0.515817761 -0.000834987 0.999995470 0.002929627 -0.694367409 -0.002357354 -0.002931588 0.999992907 24.272789001
0.999994278 0.002312426 0.002462697 0.520177841 -0.002318901 0.999993801 0.002629385 -0.709579349 -0.002456602 -0.002635081 0.999993503 24.806507111
0.999996662 0.002063909 0.001539851 0.540352941 -0.002068364 0.999993682 0.002897009 -0.726814151 -0.001533862 -0.002900185 0.999994576 25.352897644
0.999996603 0.002458428 0.000831741 0.552118003 -0.002460879 0.999992609 0.002958899 -0.741223514 -0.000824461 -0.002960935 0.999995291 25.894163132
0.999996841 0.002447651 0.000565332 0.555393338 -0.002449190 0.999993205 0.002736524 -0.754858375 -0.000558631 -0.002737900 0.999996126 26.449512482
0.999998629 0.001609830 -0.000057461 0.568725646 -0.001609611 0.999992073 0.003629470 -0.771068633 0.000063303 -0.003629373 0.999993443 27.012472153
0.999997973 0.001960797 -0.000408811 0.573071837 -0.001959364 0.999991953 0.003477477 -0.789408922 0.000415627 -0.003476668 0.999993861 27.564495087
0.999996483 0.002624841 -0.000249195 0.580429614 -0.002624005 0.999991059 0.003296736 -0.804860115 0.000257847 -0.003296071 0.999994576 28.118650436
0.999996066 0.002635635 -0.000969915 0.588163018 -0.002632558 0.999991536 0.003160487 -0.811359406 0.000978236 -0.003157921 0.999994457 28.664579391
0.999995351 0.002580491 -0.001611584 0.600875616 -0.002575125 0.999991179 0.003323174 -0.825567365 0.001620146 -0.003319008 0.999993145 29.202226639
0.999993742 0.003084920 -0.001732958 0.606745422 -0.003080185 0.999991536 0.002728768 -0.833865464 0.001741361 -0.002723412 0.999994755 29.752233505
0.999993503 0.002778518 -0.002290063 0.614589632 -0.002771554 0.999991536 0.003038543 -0.846865594 0.002298486 -0.003032177 0.999992788 30.308837891
0.999993145 0.002546076 -0.002685311 0.628201962 -0.002537871 0.999992132 0.003054567 -0.864031732 0.002693067 -0.003047731 0.999991715 30.839609146
0.999992251 0.002615883 -0.002983965 0.636636078 -0.002606563 0.999991655 0.003122809 -0.879912317 0.002992109 -0.003115006 0.999990702 31.388738632
0.999989629 0.003556700 -0.002850925 0.642044783 -0.003547941 0.999988973 0.003071808 -0.894614756 0.002861819 -0.003061661 0.999991238 31.937973022
0.999989569 0.002809663 -0.003603918 0.653924167 -0.002797621 0.999990523 0.003342007 -0.912376404 0.003613274 -0.003331890 0.999987841 32.493213654
0.999987721 0.003378471 -0.003644877 0.654578090 -0.003366656 0.999989092 0.003242873 -0.926779211 0.003655793 -0.003230562 0.999988079 33.035633087
0.999988616 0.002072565 -0.004284212 0.672138274 -0.002058869 0.999992907 0.003198798 -0.938485861 0.004290811 -0.003189941 0.999985635 33.586044312
0.999987721 0.002312183 -0.004377754 0.680124164 -0.002299913 0.999993503 0.002805835 -0.949248612 0.004384213 -0.002795732 0.999986410 34.143577576
0.999985397 0.002542080 -0.004767308 0.685756922 -0.002528942 0.999993086 0.002759800 -0.963696003 0.004774290 -0.002747703 0.999984801 34.679962158
0.999987602 0.002674615 -0.004205582 0.679504693 -0.002660419 0.999990761 0.003377546 -0.989901900 0.004214578 -0.003366316 0.999985456 35.189548492
0.999986529 0.001816352 -0.004880962 0.696287513 -0.001799342 0.999992311 0.003487147 -1.004432201 0.004887260 -0.003478318 0.999981999 35.733234406
0.999987900 0.001937950 -0.004516651 0.701279163 -0.001922848 0.999992549 0.003345578 -1.019265413 0.004523102 -0.003336853 0.999984205 36.283256531
0.999987423 0.002541088 -0.004304936 0.692800939 -0.002527163 0.999991536 0.003237128 -1.037084579 0.004313126 -0.003226208 0.999985516 36.817665100
0.999986649 0.002728691 -0.004366870 0.697073162 -0.002712076 0.999989033 0.003806326 -1.054045677 0.004377209 -0.003794432 0.999983251 37.369232178
0.999984384 0.002914947 -0.004765868 0.712870598 -0.002897021 0.999988735 0.003764148 -1.073094249 0.004776786 -0.003750282 0.999981582 37.896717072
0.999984860 0.002962568 -0.004642986 0.718163431 -0.002944489 0.999988139 0.003895763 -1.088010430 0.004654472 -0.003882033 0.999981701 38.441841125
0.999982238 0.002939460 -0.005178388 0.732029319 -0.002921160 0.999989450 0.003538023 -1.092249155 0.005188734 -0.003522832 0.999980390 38.993827820
0.999985337 0.002304613 -0.004902031 0.733030200 -0.002288066 0.999991655 0.003378397 -1.110303998 0.004909777 -0.003367131 0.999982238 39.515071869
0.999985576 0.002078558 -0.004948986 0.740984201 -0.002061484 0.999991894 0.003452551 -1.126227021 0.004956123 -0.003442299 0.999981761 40.065395355
0.999983132 0.001554117 -0.005600513 0.762230575 -0.001535904 0.999993503 0.003254765 -1.136223555 0.005605537 -0.003246108 0.999979019 40.598827362
0.999983191 0.001609355 -0.005577929 0.770591855 -0.001592342 0.999994099 0.003053170 -1.149144292 0.005582811 -0.003044236 0.999979794 41.148929596
0.999980867 0.001639258 -0.005964248 0.779685557 -0.001620118 0.999993503 0.003212605 -1.159717798 0.005969477 -0.003202880 0.999977052 41.691276550
0.999982893 0.002162873 -0.005431033 0.776951075 -0.002145247 0.999992430 0.003249316 -1.182409048 0.005438022 -0.003237610 0.999979973 42.233409882
0.999982297 0.002056352 -0.005585535 0.786280632 -0.002040478 0.999993920 0.002846196 -1.192776203 0.005591355 -0.002834749 0.999980390 42.786975861
0.999983490 0.002224355 -0.005289940 0.792203844 -0.002207311 0.999992371 0.003225489 -1.212346911 0.005297074 -0.003213760 0.999980807 43.318042755
0.999982238 0.001707755 -0.005712518 0.802766263 -0.001689040 0.999993205 0.003279234 -1.221882939 0.005718078 -0.003269527 0.999978304 43.843475342
0.999983490 0.001854027 -0.005446620 0.806423008 -0.001835779 0.999992728 0.003353469 -1.235786676 0.005452798 -0.003343415 0.999979496 44.387248993
0.999982595 0.000692680 -0.005857217 0.811908245 -0.000671760 0.999993384 0.003572910 -1.244448543 0.005859653 -0.003568912 0.999976456 44.928607941
0.999982059 0.001380733 -0.005825940 0.819355607 -0.001362564 0.999994159 0.003121325 -1.254089355 0.005830217 -0.003113331 0.999978125 45.479240417
0.999984801 0.001693452 -0.005249034 0.828924775 -0.001676680 0.999993503 0.003198162 -1.269784570 0.005254415 -0.003189313 0.999981105 46.028789520
0.999984443 0.001167002 -0.005453308 0.828106403 -0.001150538 0.999994755 0.003021239 -1.286182165 0.005456805 -0.003014918 0.999980569 46.560787201
0.999982893 0.000758759 -0.005802362 0.841691494 -0.000740641 0.999994874 0.003124037 -1.295377135 0.005804703 -0.003119686 0.999978304 47.109310150
0.999984562 0.001124860 -0.005442024 0.845340252 -0.001107344 0.999994218 0.003220428 -1.315255284 0.005445617 -0.003214353 0.999980032 47.648899078
0.999987125 0.001182430 -0.004941235 0.851136148 -0.001167750 0.999994874 0.002972855 -1.329189777 0.004944726 -0.002967047 0.999983430 48.194015503
0.999986887 0.002586026 -0.004448990 0.858056784 -0.002570281 0.999990404 0.003541011 -1.360150218 0.004458107 -0.003529529 0.999983847 48.601749420
0.999985576 0.003080127 -0.004414694 0.863764465 -0.003065191 0.999989569 0.003386068 -1.371537209 0.004425080 -0.003372487 0.999984562 49.151435852
0.999986589 0.003390409 -0.003919636 0.870007277 -0.003376859 0.999988258 0.003458355 -1.378964186 0.003931317 -0.003445072 0.999986351 49.555255890
0.999985635 0.003730556 -0.003853717 0.876892149 -0.003716344 0.999986291 0.003688573 -1.390346646 0.003867425 -0.003674198 0.999985695 50.052288055
0.999986768 0.003673193 -0.003629931 0.880185366 -0.003660585 0.999987304 0.003474173 -1.402721643 0.003642648 -0.003460839 0.999987364 50.594066620
0.999983966 0.004007337 -0.003985412 0.902702510 -0.003991702 0.999984324 0.003923411 -1.425203800 0.004001070 -0.003907440 0.999984384 51.090400696
0.999983370 0.003360603 -0.004683965 0.913609087 -0.003340831 0.999985456 0.004222432 -1.442327142 0.004698090 -0.004206713 0.999980032 51.599071503
0.999982357 0.004486825 -0.003898157 0.909045339 -0.004471686 0.999982476 0.003883826 -1.451226234 0.003915513 -0.003866326 0.999984801 52.123607635
0.999984622 0.003828167 -0.003991571 0.918640971 -0.003810432 0.999982893 0.004441264 -1.467241406 0.004008505 -0.004425987 0.999982178 52.640472412
0.999983490 0.003742999 -0.004331097 0.932491899 -0.003725821 0.999985158 0.003967408 -1.480893493 0.004345884 -0.003951207 0.999982774 53.179351807
0.999983430 0.004108449 -0.004038585 0.941305995 -0.004092789 0.999984026 0.003878614 -1.487405658 0.004054457 -0.003862021 0.999984324 53.714763641
0.999982774 0.004674747 -0.003554609 0.940302551 -0.004661602 0.999982297 0.003696871 -1.494894266 0.003571828 -0.003680237 0.999986827 54.238651276
0.999982417 0.004667215 -0.003656544 0.949227333 -0.004655774 0.999984205 0.003131098 -1.505647659 0.003671100 -0.003114019 0.999988377 54.788520813
0.999985993 0.003789331 -0.003683241 0.960489750 -0.003775085 0.999985397 0.003867215 -1.514885426 0.003697839 -0.003853257 0.999985754 55.287376404
0.999984801 0.004230469 -0.003520041 0.960439563 -0.004216561 0.999983370 0.003949001 -1.526826620 0.003536687 -0.003934098 0.999985993 55.833663940
0.999983609 0.004183535 -0.003886926 0.969585299 -0.004169051 0.999984384 0.003727087 -1.543570518 0.003902459 -0.003710821 0.999985516 56.345882416
0.999982655 0.004573212 -0.003701465 0.974752069 -0.004559230 0.999982476 0.003776994 -1.557230592 0.003718674 -0.003760052 0.999986053 56.887454987
0.999984741 0.004066020 -0.003738684 0.973654687 -0.004051310 0.999984086 0.003933693 -1.570003390 0.003754618 -0.003918487 0.999985278 57.402755737
0.999985814 0.003989923 -0.003533503 0.978841960 -0.003977112 0.999985516 0.003625061 -1.578344584 0.003547915 -0.003610956 0.999987185 57.940654755
0.999984384 0.004425107 -0.003432642 0.988263786 -0.004413833 0.999984860 0.003284797 -1.586598635 0.003447126 -0.003269594 0.999988735 58.475631714
0.999987245 0.003927335 -0.003172681 0.983263016 -0.003916007 0.999985993 0.003568768 -1.608931899 0.003186653 -0.003556299 0.999988616 58.994911194
0.999987781 0.003768628 -0.003191913 0.989043236 -0.003758217 0.999987602 0.003261212 -1.619065404 0.003204163 -0.003249176 0.999989569 59.527782440
0.999988914 0.003298646 -0.003353955 1.000168920 -0.003286840 0.999988377 0.003519278 -1.628370166 0.003365525 -0.003508214 0.999988139 60.087959290
0.999986351 0.004413219 -0.002792510 0.992312491 -0.004403597 0.999984324 0.003442410 -1.655114651 0.002807658 -0.003430066 0.999990165 60.617652893
0.999986470 0.004505185 -0.002592024 0.999371886 -0.004496007 0.999983609 0.003535794 -1.670896530 0.002607910 -0.003524092 0.999990404 61.178970337
0.999986887 0.004366476 -0.002657969 1.006536007 -0.004357370 0.999984682 0.003422285 -1.684067726 0.002672872 -0.003410659 0.999990642 61.727252960
0.999988377 0.004209387 -0.002345484 1.009711504 -0.004201888 0.999986053 0.003192938 -1.699525356 0.002358892 -0.003183046 0.999992132 62.256511688
0.999984503 0.005138551 -0.002102830 1.008282185 -0.005131769 0.999981642 0.003217370 -1.711417079 0.002119325 -0.003206529 0.999992609 62.795963287
0.999984205 0.005357401 -0.001656257 1.018734217 -0.005351638 0.999979675 0.003464168 -1.731717587 0.001674782 -0.003455250 0.999992609 63.347072601
0.999984503 0.005192766 -0.002070016 1.019459844 -0.005186343 0.999981761 0.003095909 -1.733715534 0.002086055 -0.003085125 0.999993086 63.812896729
0.999983966 0.005408610 -0.001669354 1.023505688 -0.005403148 0.999980092 0.003259166 -1.745290995 0.001686948 -0.003250094 0.999993324 64.346023560
0.999984860 0.005325965 -0.001366447 1.033164263 -0.005321367 0.999980271 0.003346922 -1.758563280 0.001384245 -0.003339600 0.999993563 64.892402649
0.999985039 0.005234163 -0.001572076 1.033012033 -0.005228875 0.999980688 0.003349689 -1.772888660 0.001589577 -0.003341418 0.999993145 65.388565063
0.999985933 0.005181432 -0.001154198 1.040553331 -0.005177649 0.999981284 0.003256956 -1.782624602 0.001171053 -0.003250934 0.999994040 65.922981262
0.999983132 0.005703195 -0.001186174 1.047193885 -0.005699407 0.999978781 0.003173864 -1.798076868 0.001204250 -0.003167049 0.999994278 66.471290588
0.999986410 0.004935156 -0.001684356 1.062879682 -0.004929967 0.999983251 0.003070594 -1.805151463 0.001699480 -0.003062249 0.999993801 66.985221863
0.999984324 0.005433395 -0.001364280 1.066368103 -0.005429202 0.999980628 0.003058421 -1.817240953 0.001380872 -0.003050966 0.999994397 67.521049500
0.999984801 0.005345053 -0.001350871 1.063295364 -0.005341010 0.999981284 0.002979452 -1.827986360 0.001366772 -0.002972192 0.999994636 68.047828674
0.999983668 0.005465594 -0.001654475 1.074023247 -0.005460720 0.999980748 0.002935444 -1.839689136 0.001670487 -0.002926362 0.999994338 68.599243164
0.999984622 0.005425378 -0.001140731 1.079985380 -0.005422432 0.999981999 0.002570113 -1.856714129 0.001154653 -0.002563888 0.999996066 69.076202393
0.999983847 0.005622174 -0.000751681 1.084932566 -0.005620468 0.999981701 0.002252447 -1.867883801 0.000764330 -0.002248186 0.999997199 69.634887695
0.999986947 0.005067785 -0.000721819 1.099103689 -0.005066019 0.999984264 0.002429110 -1.885507345 0.000734117 -0.002425422 0.999996781 70.201087952
0.999979675 0.006364737 -0.000177938 1.069982171 -0.006364200 0.999975562 0.002869562 -1.918696642 0.000196198 -0.002868372 0.999995828 70.627548218
0.999983370 0.005739204 -0.000612778 1.084922910 -0.005736877 0.999976575 0.003731876 -1.938808680 0.000634182 -0.003728298 0.999992847 71.175666809
0.999978364 0.006565333 0.000190604 1.071830988 -0.006565857 0.999974251 0.002895362 -1.950559378 -0.000171591 -0.002896552 0.999995708 71.661766052
0.999983013 0.005812506 -0.000374931 1.086014986 -0.005811394 0.999978900 0.002902851 -1.963985205 0.000391795 -0.002900623 0.999995589 72.207489014
0.999976635 0.006821345 0.000313904 1.082765222 -0.006822328 0.999971449 0.003245241 -1.983751297 -0.000291759 -0.003247307 0.999994636 72.707893372
0.999971747 0.007474127 0.000803181 1.085288525 -0.007476513 0.999967515 0.003008444 -1.998952150 -0.000780670 -0.003014364 0.999995172 73.242942810
0.999970078 0.007673074 0.000932811 1.094996095 -0.007675911 0.999965847 0.003075378 -2.001676321 -0.000909182 -0.003082446 0.999994874 73.812850952
0.999971867 0.007403024 0.001188393 1.101563454 -0.007406641 0.999967873 0.003068696 -2.027026892 -0.001165637 -0.003077412 0.999994576 74.341178894
0.999972045 0.007337298 0.001404326 1.115388751 -0.007341249 0.999969006 0.002830260 -2.040022373 -0.001383516 -0.002840490 0.999994934 74.882270813
0.999971628 0.007418731 0.001325899 1.126014471 -0.007422303 0.999968708 0.002711562 -2.054870605 -0.001305741 -0.002721326 0.999995470 75.414955139
0.999969423 0.007696457 0.001375399 1.136758924 -0.007700046 0.999966860 0.002623423 -2.068580389 -0.001355162 -0.002633933 0.999995589 75.979003906
0.999967337 0.008038067 0.000850073 1.151232839 -0.008040112 0.999964774 0.002431597 -2.083377123 -0.000830497 -0.002438352 0.999996722 76.515495300
0.999976039 0.006813712 0.001188985 1.162190199 -0.006816915 0.999973059 0.002710244 -2.098516226 -0.001170486 -0.002718284 0.999995589 77.064140320
0.999979258 0.006289667 0.001383641 1.182198524 -0.006293010 0.999977231 0.002425233 -2.112837315 -0.001368355 -0.002433890 0.999996126 77.598739624
0.999978602 0.006358447 0.001570447 1.194544792 -0.006361818 0.999977410 0.002150747 -2.121992826 -0.001556736 -0.002160692 0.999996483 78.151947021
0.999975264 0.006827747 0.001641921 1.208361387 -0.006831717 0.999973714 0.002425015 -2.140231609 -0.001625321 -0.002436172 0.999995649 78.688423157
0.999976099 0.006777601 0.001359063 1.232491136 -0.006780154 0.999975324 0.001882841 -2.156646967 -0.001346268 -0.001892011 0.999997318 79.321929932
0.999968708 0.007323813 0.002976229 1.225475907 -0.007330139 0.999970913 0.002120652 -2.168136358 -0.002960611 -0.002142403 0.999993265 79.776069641
0.999968112 0.006830082 0.004130522 1.250389814 -0.006839405 0.999974132 0.002247026 -2.178902864 -0.004115068 -0.002275205 0.999988914 80.378730774
0.999964416 0.006771049 0.005023017 1.262199163 -0.006779055 0.999975741 0.001578580 -2.198751688 -0.005012206 -0.001612575 0.999986112 80.863739014
0.999940276 0.008288505 0.007124568 1.265201092 -0.008300362 0.999964178 0.001636179 -2.213481188 -0.007110752 -0.001695218 0.999973238 81.412757874
0.999924660 0.007407086 0.009790888 1.290837526 -0.007420299 0.999971747 0.001313865 -2.222561598 -0.009780878 -0.001386417 0.999951184 81.983894348
0.999881148 0.007330327 0.013565207 1.308833361 -0.007348608 0.999972105 0.001298302 -2.234524488 -0.013555313 -0.001397832 0.999907136 82.524131775
0.999828577 0.007415990 0.016961074 1.332380652 -0.007438447 0.999971509 0.001261284 -2.253502369 -0.016951237 -0.001387232 0.999855340 83.060371399
0.999768078 0.006908254 0.020393526 1.366859913 -0.006930541 0.999975383 0.001022406 -2.261138678 -0.020385962 -0.001163507 0.999791443 83.664215088
0.999603510 0.007654848 0.027094379 1.389897823 -0.007686684 0.999969840 0.001071050 -2.269661188 -0.027085368 -0.001278891 0.999632359 84.216468811
0.999428809 0.007439410 0.032966010 1.428382993 -0.007462346 0.999971986 0.000572726 -2.286204100 -0.032960828 -0.000818403 0.999456286 84.755058289
0.999191105 0.007856720 0.039439492 1.459815741 -0.007891101 0.999968648 0.000716114 -2.300928831 -0.039432637 -0.001026756 0.999221683 85.300483704
0.998878360 0.006645228 0.046881478 1.516505003 -0.006682696 0.999977469 0.000642530 -2.321249008 -0.046876144 -0.000955104 0.998900235 85.851875305
0.998454452 0.006180737 0.055231892 1.569300413 -0.006193360 0.999980807 0.000057357 -2.330262184 -0.055230483 -0.000399339 0.998473525 86.427619934
0.998040974 0.006292381 0.062246758 1.619338036 -0.006324286 0.999979973 0.000315516 -2.345577478 -0.062243525 -0.000708564 0.998060763 86.976455688
0.997405291 0.006694273 0.071680233 1.670677185 -0.006700650 0.999977469 -0.000151533 -2.358471394 -0.071679629 -0.000329164 0.997427642 87.534736633
0.996713400 0.006138699 0.080775544 1.741739273 -0.006126830 0.999981165 -0.000394826 -2.378211021 -0.080776438 -0.000101370 0.996732235 88.041046143
0.995886266 0.006079106 0.090407528 1.811143875 -0.006035031 0.999981463 -0.000760877 -2.382002592 -0.090410471 0.000212135 0.995904624 88.626220703
0.995181024 0.005782978 0.097883850 1.878265858 -0.005765378 0.999983251 -0.000462656 -2.404897928 -0.097884908 -0.000103912 0.995197713 89.187538147
0.994163215 0.005887814 0.107725173 1.960680962 -0.005851173 0.999982655 -0.000656215 -2.413415909 -0.107727170 0.000022066 0.994180501 89.732887268
0.992975473 0.004994498 0.118214890 2.069437981 -0.004930019 0.999987423 -0.000837862 -2.430978060 -0.118217587 0.000249174 0.992987692 90.345748901
0.991846442 0.004342379 0.127364263 2.155418396 -0.004220430 0.999990344 -0.001227338 -2.447957039 -0.127368376 0.000679799 0.991855204 90.886764526
0.990288496 0.004632493 0.138950706 2.246961594 -0.004579078 0.999989271 -0.000704096 -2.469015837 -0.138952464 0.000060992 0.990299106 91.410995483
0.988379478 0.005026114 0.151923060 2.331543922 -0.005057686 0.999987125 -0.000178626 -2.499935389 -0.151922032 -0.000591829 0.988392293 91.963745117
0.986710608 0.003922280 0.162439525 2.445329666 -0.003895886 0.999992251 -0.000481032 -2.511429071 -0.162440166 -0.000158206 0.986718357 92.504493713
0.984875917 0.004058554 0.173213556 2.556417465 -0.003937604 0.999991715 -0.001041889 -2.516617298 -0.173216373 0.000344086 0.984883726 93.070617676
0.982375562 0.004111698 0.186872751 2.669574738 -0.004152603 0.999991298 -0.000172559 -2.543494701 -0.186871856 -0.000606491 0.982384086 93.612983704
0.980131567 0.003279817 0.198321044 2.827127457 -0.003194552 0.999994636 -0.000749875 -2.568768263 -0.198322415 0.000101429 0.980136812 94.193176270
0.977980077 0.002572585 0.208682701 2.957302094 -0.002446994 0.999996662 -0.000859977 -2.584560633 -0.208684221 0.000330395 0.977982998 94.726921082
0.975183547 0.003008237 0.221377850 3.107095718 -0.002996587 0.999995410 -0.000388476 -2.606266022 -0.221378013 -0.000284542 0.975188017 95.246910095
0.972009778 0.003152767 0.234918997 3.252506256 -0.003236517 0.999994814 -0.000029043 -2.618268251 -0.234917819 -0.000732089 0.972014904 95.784240723
0.969118714 0.002225925 0.246585041 3.402099609 -0.001900722 0.999996960 -0.001556839 -2.620378017 -0.246587753 0.001040073 0.969119906 96.323974609
0.966324806 0.001944048 0.257317960 3.567300797 -0.001693832 0.999997795 -0.001194053 -2.644592285 -0.257319719 0.000717989 0.966326058 96.882362366
0.962591708 0.002837978 0.270941138 3.736557007 -0.002742979 0.999995947 -0.000729298 -2.662886143 -0.270942122 -0.000041169 0.962595701 97.399513245
0.958873570 0.003365069 0.283813804 3.906845093 -0.003272595 0.999994338 -0.000799980 -2.678209305 -0.283814937 -0.000161728 0.958879054 97.939186096
0.955489278 0.001152096 0.295023561 4.121936798 -0.000737916 0.999998510 -0.001515217 -2.689358473 -0.295024902 0.001230071 0.955488801 98.531181335
0.950919032 0.001004985 0.309437811 4.313385010 -0.000546245 0.999998629 -0.001569135 -2.700787544 -0.309439003 0.001323091 0.950918376 99.066528320
0.946330011 0.000852814 0.323201209 4.532649994 -0.000594965 0.999999404 -0.000896593 -2.726384163 -0.323201805 0.000656179 0.946329772 99.627357483
0.942441583 0.001001228 0.334369540 4.739131927 -0.000752787 0.999999225 -0.000872599 -2.740888596 -0.334370226 0.000570665 0.942441642 100.128486633
0.937540889 0.001062789 0.347873598 4.950658798 -0.000792115 0.999999285 -0.000920300 -2.761401653 -0.347874343 0.000587263 0.937540948 100.629669189
0.932000875 0.000120968 0.362456322 5.156923294 0.000336644 0.999999225 -0.001199373 -2.768629074 -0.362456173 0.001239836 0.931999922 101.133216858
0.927208483 -0.000213140 0.374545515 5.397550583 0.000911159 0.999998152 -0.001686565 -2.777377129 -0.374544472 0.001905067 0.927207053 101.654060364
0.922644258 -0.002172137 0.385646105 5.655525208 0.003007098 0.999994278 -0.001561941 -2.803562641 -0.385640442 0.002600792 0.922645450 102.221435547
0.916583300 -0.002217613 0.399837762 5.897060394 0.003011236 0.999994576 -0.001356667 -2.818657875 -0.399832577 0.002447504 0.916584909 102.722564697
0.910609961 -0.002914384 0.413256586 6.137409210 0.003911283 0.999991179 -0.001566327 -2.830710173 -0.413248360 0.003042676 0.910613239 103.199264526
0.905537844 -0.003100283 0.424254209 6.390193939 0.004034912 0.999991000 -0.001304666 -2.849933624 -0.424246281 0.002893253 0.905542195 103.677841187
0.900215328 -0.005541384 0.435409695 6.697566986 0.006949063 0.999974489 -0.001640778 -2.871033907 -0.435389519 0.004502743 0.900230825 104.254104614
0.893627644 -0.005779939 0.448772073 6.967395782 0.007459701 0.999970257 -0.001975227 -2.883713722 -0.448747277 0.005112823 0.893644035 104.742156982
0.887922823 -0.006788612 0.459942400 7.245731354 0.009021043 0.999955714 -0.002656152 -2.894287586 -0.459904015 0.006507619 0.887944758 105.211349487
0.881924927 -0.007127241 0.471335888 7.512001038 0.008905621 0.999959052 -0.001542721 -2.922964811 -0.471305609 0.005558103 0.881952405 105.653892517
0.874039292 -0.005577731 0.485823065 7.760387421 0.006874061 0.999975979 -0.000886337 -2.941388845 -0.485806435 0.004114271 0.874056697 106.043731689
