1.000000000 0.000000000 0.000000000 0.000000000 0.000000000 1.000000000 0.000000000 0.000000000 0.000000000 0.000000000 1.000000000 0.000000000
1.000000000 0.000017707 -0.000036129 0.000114395 -0.000017710 1.000000000 -0.000089897 0.000852225 0.000036128 0.000089898 1.000000000 0.000110544
1.000000000 -0.000105942 -0.000060647 -0.000063493 0.000105942 1.000000000 0.000008244 0.000239021 0.000060646 -0.000008251 1.000000000 0.001309811
1.000000000 -0.000094916 -0.000086448 -0.001335983 0.000094916 1.000000000 0.000002707 0.000555034 0.000086448 -0.000002715 1.000000000 -0.000514694
1.000000000 -0.000008590 -0.000005328 -0.000945927 0.000008590 1.000000000 0.000004793 0.000321948 0.000005328 -0.000004793 1.000000000 0.000184841
1.000000000 -0.000154081 -0.000019445 -0.000303878 0.000154080 1.000000000 -0.000038560 0.000344885 0.000019451 0.000038557 1.000000000 -0.000779661
1.000000000 0.000002641 -0.000078825 0.000331465 -0.000002645 1.000000000 -0.000045247 0.000846715 0.000078824 0.000045247 1.000000000 -0.002402866
1.000000000 -0.000022855 0.000002485 -0.000286752 0.000022855 1.000000000 -0.000044904 0.001412477 -0.000002484 0.000044904 1.000000000 0.001875378
1.000000000 0.000046261 0.000016005 -0.001198608 -0.000046260 1.000000000 -0.000046228 0.002044463 -0.000016007 0.000046227 1.000000000 0.001672958
1.000000000 -0.000072658 -0.000058777 -0.000710248 0.000072658 1.000000000 0.000001397 0.001370398 0.000058777 -0.000001401 1.000000000 0.001846637
1.000000000 -0.000038885 -0.000037355 -0.001365116 0.000038883 1.000000000 -0.000057039 0.001753881 0.000037357 0.000057038 1.000000000 0.002061880
1.000000000 -0.000041905 -0.000037427 -0.001671754 0.000041905 1.000000000 0.000013891 0.001546586 0.000037427 -0.000013892 1.000000000 0.001827495
1.000000000 -0.000087940 -0.000064038 -0.000450064 0.000087938 1.000000000 -0.000024712 0.001295084 0.000064041 0.000024706 1.000000000 0.000231306
1.000000000 -0.000102594 -0.000091546 0.000910550 0.000102597 1.000000000 0.000036620 0.000460834 0.000091542 -0.000036629 1.000000000 -0.002489045
1.000000000 -0.000099290 -0.000058528 0.000672705 0.000099291 1.000000000 0.000018523 0.000880668 0.000058527 -0.000018529 1.000000000 -0.001610383
1.000000000 -0.000031956 -0.000054723 0.000299616 0.000031954 1.000000000 -0.000031739 0.001878785 0.000054724 0.000031738 1.000000000 0.001002956
1.000000000 -0.000077281 -0.000085523 0.000397774 0.000077285 1.000000000 0.000036460 0.000812957 0.000085520 -0.000036467 1.000000000 -0.001370391
1.000000000 -0.000091717 -0.000074383 -0.000527503 0.000091717 1.000000000 -0.000010774 0.000843718 0.000074384 0.000010768 1.000000000 -0.001049669
1.000000000 -0.000125626 -0.000069183 -0.000769592 0.000125626 1.000000000 -0.000000766 0.001646191 0.000069183 0.000000757 1.000000000 0.002444097
1.000000000 -0.000119100 -0.000031122 -0.001970962 0.000119100 1.000000000 0.000009188 0.000728316 0.000031121 -0.000009192 1.000000000 0.001108083
1.000000000 -0.000156745 -0.000122725 0.001341103 0.000156752 1.000000000 0.000052533 0.000352634 0.000122717 -0.000052552 1.000000000 -0.000740848
1.000000000 -0.000049033 -0.000048556 0.000259990 0.000049033 1.000000000 0.000017721 0.000751567 0.000048555 -0.000017723 1.000000000 -0.000313819
1.000000000 -0.000190317 -0.000117943 0.000063250 0.000190321 1.000000000 0.000036580 0.000899881 0.000117936 -0.000036602 1.000000000 -0.000890561
0.999999940 -0.000203262 -0.000140158 0.001358912 0.000203267 1.000000000 0.000037211 0.000878354 0.000140151 -0.000037239 1.000000000 -0.001660929
1.000000000 -0.000206622 -0.000100637 0.000595466 0.000206621 1.000000000 -0.000002853 0.001964830 0.000100638 0.000002832 1.000000000 0.000725741
1.000000000 -0.000169029 -0.000099276 0.001094384 0.000169032 1.000000000 0.000032778 0.000933738 0.000099270 -0.000032795 1.000000000 -0.001512948
0.999999940 -0.000287176 -0.000081199 -0.000793876 0.000287176 0.999999940 0.000009311 0.001167085 0.000081196 -0.000009335 1.000000000 -0.000715173
0.999999940 -0.000189154 -0.000178821 0.001630181 0.000189165 1.000000000 0.000060616 0.000662134 0.000178809 -0.000060649 1.000000000 -0.002357528
1.000000000 -0.000178959 -0.000138965 0.001885551 0.000178968 1.000000000 0.000058243 0.000677454 0.000138955 -0.000058268 1.000000000 -0.001545778
0.999999940 -0.000210689 -0.000167715 0.000840075 0.000210694 1.000000000 0.000033456 0.001325255 0.000167708 -0.000033491 1.000000000 -0.000893013
1.000000000 -0.000192953 -0.000127504 0.000724604 0.000192958 1.000000000 0.000039014 0.000769139 0.000127496 -0.000039038 1.000000000 -0.002620086
1.000000000 -0.000189876 -0.000136145 0.001284486 0.000189875 1.000000000 -0.000011687 0.000884889 0.000136147 0.000011662 1.000000000 -0.002571616
1.000000000 -0.000084131 -0.000056428 -0.000379770 0.000084132 1.000000000 0.000021063 0.000872678 0.000056426 -0.000021067 1.000000000 -0.000018223
1.000000000 -0.000171047 -0.000098035 0.000786866 0.000171050 1.000000000 0.000030832 -0.000051089 0.000098030 -0.000030849 1.000000000 -0.002565688
0.999999940 -0.000209881 -0.000153733 0.001449693 0.000209880 1.000000000 -0.000007339 0.001039727 0.000153735 0.000007307 1.000000000 -0.002667539
0.999999940 -0.000223355 -0.000126732 0.002236811 0.000223371 0.999999940 0.000122594 0.000241333 0.000126705 -0.000122623 1.000000000 -0.002636238
1.000000000 -0.000196887 -0.000121911 0.000428906 0.000196893 1.000000000 0.000050493 0.000492902 0.000121901 -0.000050517 1.000000000 -0.001900690
0.999999940 -0.000208486 -0.000135102 0.000910415 0.000208493 1.000000000 0.000056022 0.000355753 0.000135091 -0.000056050 1.000000000 -0.002120190
0.999999940 -0.000225999 -0.000191979 0.001748859 0.000225993 1.000000000 -0.000029787 0.000371438 0.000191986 0.000029744 1.000000000 0.001503094
0.999999940 -0.000249067 -0.000079796 0.001201688 0.000249023 0.999999821 -0.000547911 -0.001871906 0.000079932 0.000547891 0.999999821 0.051648945
1.000000000 -0.000091560 -0.000102599 0.001341771 0.000091441 0.999999344 -0.001160332 -0.002417573 0.000102706 0.001160322 0.999999344 0.144095257
1.000000000 -0.000192108 -0.000064796 0.002649006 0.000192009 0.999998808 -0.001526331 -0.006591666 0.000065089 0.001526319 0.999998808 0.259998709
1.000000000 -0.000161999 -0.000094863 0.005464874 0.000161868 0.999999046 -0.001372852 -0.011222165 0.000095085 0.001372837 0.999999046 0.391644865
1.000000000 -0.000069646 -0.000145427 0.008864271 0.000069477 0.999999344 -0.001159166 -0.016895929 0.000145507 0.001159156 0.999999344 0.529563367
1.000000000 -0.000003003 -0.000045970 0.011564349 0.000002953 0.999999404 -0.001095132 -0.020198418 0.000045973 0.001095132 0.999999404 0.690299094
1.000000000 0.000192541 -0.000054987 0.018709539 -0.000192596 0.999999464 -0.000998364 -0.024174856 0.000054794 0.000998375 0.999999523 0.846062243
0.999999940 0.000366632 0.000035593 0.016180661 -0.000366601 0.999999583 -0.000858592 -0.024185147 -0.000035908 0.000858579 0.999999642 1.023385763
1.000000000 -0.000061649 -0.000209595 0.027817639 0.000061518 0.999999821 -0.000622350 -0.031233454 0.000209633 0.000622337 0.999999762 1.194565654
1.000000000 -0.000011430 -0.000027464 0.026763819 0.000011421 0.999999940 -0.000301965 -0.035895351 0.000027468 0.000301964 0.999999940 1.385961533
0.999999881 0.000458942 0.000230818 0.037229918 -0.000459080 0.999999642 0.000596763 -0.100821912 -0.000230544 -0.000596869 0.999999762 1.621815920
0.999999881 0.000391003 0.000375299 0.037214860 -0.000391210 0.999999702 0.000550741 -0.103960112 -0.000375084 -0.000550888 0.999999762 1.822643757
0.999999940 0.000134963 0.000202473 0.047398850 -0.000135142 0.999999523 0.000886497 -0.112458505 -0.000202353 -0.000886524 0.999999583 2.024557829
0.999999642 0.000604757 0.000629183 0.040247776 -0.000605309 0.999999404 0.000877030 -0.117763050 -0.000628652 -0.000877411 0.999999464 2.247718096
0.999999642 0.000676020 0.000449932 0.051506702 -0.000676557 0.999999046 0.001195458 -0.124934085 -0.000449123 -0.001195762 0.999999106 2.459358215
0.999999702 0.000551812 0.000457774 0.057132497 -0.000552413 0.999998987 0.001312771 -0.130511224 -0.000457049 -0.001313023 0.999999046 2.685755968
0.999999583 0.000676749 0.000600334 0.060927246 -0.000677486 0.999998987 0.001227984 -0.138233855 -0.000599503 -0.001228390 0.999999046 2.917258024
0.999999523 0.000807153 0.000559416 0.068141177 -0.000807834 0.999998987 0.001216918 -0.141683981 -0.000558434 -0.001217370 0.999999106 3.143647671
0.999999762 0.000243225 0.000580298 0.067974761 -0.000243934 0.999999166 0.001223210 -0.151752234 -0.000580000 -0.001223351 0.999999046 3.384916067
0.999999523 0.000810140 0.000562464 0.077281363 -0.000810736 0.999999046 0.001059636 -0.158098176 -0.000561605 -0.001060091 0.999999285 3.611381769
0.999999583 0.000843659 0.000422457 0.081735991 -0.000844192 0.999998868 0.001263789 -0.164826259 -0.000421390 -0.001264145 0.999999166 3.863716841
0.999999106 0.001084087 0.000784122 0.082449704 -0.001085089 0.999998510 0.001279305 -0.173165500 -0.000782734 -0.001280155 0.999998868 4.126691818
0.999999404 0.000796858 0.000712569 0.084509790 -0.000798300 0.999997616 0.002025620 -0.186337739 -0.000710953 -0.002026187 0.999997675 4.401846886
0.999999762 0.000452045 0.000479472 0.091963328 -0.000453027 0.999997735 0.002049569 -0.195199862 -0.000478545 -0.002049785 0.999997795 4.657440186
0.999999285 0.000815652 0.000851074 0.094929270 -0.000817589 0.999997079 0.002277244 -0.200867862 -0.000849214 -0.002277938 0.999997020 4.919367313
0.999999464 0.000628681 0.000692888 0.103026837 -0.000630399 0.999996662 0.002482770 -0.212375417 -0.000691325 -0.002483206 0.999996662 5.177544117
0.999999344 0.000898737 0.000704129 0.112208866 -0.000900408 0.999996722 0.002376647 -0.220940232 -0.000701990 -0.002377279 0.999996901 5.445217609
0.999999523 0.000921138 0.000489047 0.120263398 -0.000922297 0.999996722 0.002376111 -0.229946032 -0.000486857 -0.002376561 0.999997079 5.707641125
0.999999106 0.001230718 0.000583413 0.122759208 -0.001232171 0.999996126 0.002495683 -0.234303415 -0.000580340 -0.002496399 0.999996722 5.989697456
0.999999642 0.000746948 0.000403579 0.127937540 -0.000747893 0.999996960 0.002345212 -0.247164115 -0.000401826 -0.002345513 0.999997139 6.266644001
0.999997616 0.001838601 0.001126784 0.124960601 -0.001841770 0.999994278 0.002818390 -0.269737273 -0.001121596 -0.002820458 0.999995410 6.534864902
0.999998212 0.001565756 0.001099315 0.131538749 -0.001568664 0.999995232 0.002649767 -0.278152227 -0.001095161 -0.002651486 0.999995887 6.822147846
0.999997914 0.001757592 0.001091403 0.148150116 -0.001760623 0.999994636 0.002781904 -0.292860657 -0.001086507 -0.002783820 0.999995530 7.106852055
0.999997675 0.001858233 0.001090623 0.150372386 -0.001861423 0.999993980 0.002931855 -0.301051170 -0.001085168 -0.002933878 0.999995112 7.401319504
0.999996841 0.002189225 0.001230473 0.157447875 -0.002192952 0.999992967 0.003036052 -0.312126875 -0.001223818 -0.003038741 0.999994695 7.707675934
0.999997556 0.001636821 0.001470263 0.155199364 -0.001641521 0.999993503 0.003201287 -0.322833121 -0.001465013 -0.003203692 0.999993801 8.030030251
0.999998331 0.001267554 0.001252942 0.165915370 -0.001271388 0.999994457 0.003063586 -0.327475697 -0.001249052 -0.003065174 0.999994516 8.343270302
0.999997914 0.001541955 0.001298631 0.171132728 -0.001546074 0.999993742 0.003176717 -0.335122555 -0.001293724 -0.003178718 0.999994159 8.683366776
0.999995768 0.002327842 0.001717069 0.173817053 -0.002333526 0.999991834 0.003315704 -0.345313370 -0.001709337 -0.003319697 0.999993026 9.018184662
0.999997377 0.001708482 0.001507158 0.176332250 -0.001713695 0.999992549 0.003464466 -0.358207196 -0.001501228 -0.003467040 0.999992847 9.355556488
0.999996245 0.001961553 0.001909458 0.180156291 -0.001967511 0.999993205 0.003123491 -0.374614656 -0.001903318 -0.003127236 0.999993324 9.686166763
0.999994695 0.002542137 0.002039491 0.189719945 -0.002548470 0.999991953 0.003108971 -0.383278310 -0.002031571 -0.003114152 0.999993145 10.027791023
0.999996960 0.001670260 0.001800298 0.193801358 -0.001675808 0.999993861 0.003084402 -0.389561832 -0.001795135 -0.003087410 0.999993682 10.403510094
0.999995947 0.002076218 0.001911916 0.203393310 -0.002082457 0.999992490 0.003266845 -0.399583191 -0.001905119 -0.003270814 0.999992847 10.768316269
0.999996841 0.001661565 0.001887552 0.209295228 -0.001669639 0.999989450 0.004283928 -0.435775876 -0.001880414 -0.004287066 0.999989033 11.106053352
0.999997556 0.001338957 0.001773635 0.220283434 -0.001346507 0.999990046 0.004262445 -0.445731789 -0.001767910 -0.004264822 0.999989331 11.480904579
0.999995828 0.001985492 0.002099636 0.225367486 -0.001994425 0.999988973 0.004261201 -0.452576995 -0.002091153 -0.004265372 0.999988675 11.875414848
0.999997377 0.001483061 0.001772293 0.237303689 -0.001491091 0.999988556 0.004537883 -0.466950178 -0.001765543 -0.004540513 0.999988079 12.242142677
0.999996066 0.001935969 0.002027583 0.257205695 -0.001945673 0.999986589 0.004794882 -0.486586571 -0.002018273 -0.004798808 0.999986470 12.618405342
0.999995649 0.002009680 0.002188793 0.262744844 -0.002020190 0.999986410 0.004810072 -0.495718271 -0.002179097 -0.004814472 0.999986053 13.024055481
0.999996662 0.001851995 0.001817977 0.281328827 -0.001861063 0.999985814 0.004999238 -0.514825106 -0.001808693 -0.005002605 0.999985874 13.412240982
0.999994934 0.002213326 0.002261563 0.286519468 -0.002225176 0.999983728 0.005250798 -0.521030903 -0.002249904 -0.005255804 0.999983668 13.827847481
0.999995112 0.002222475 0.002214198 0.305268019 -0.002234772 0.999981999 0.005566862 -0.535847604 -0.002201786 -0.005571784 0.999982119 14.226239204
0.999996543 0.001204994 0.002341659 0.308546424 -0.001218101 0.999983549 0.005603797 -0.570787847 -0.002334868 -0.005606630 0.999981523 14.623785973
0.999996781 0.000802037 0.002411276 0.319294244 -0.000815657 0.999983668 0.005652653 -0.580673337 -0.002406704 -0.005654601 0.999981105 15.042636871
0.999995470 0.001132438 0.002799763 0.328775764 -0.001148918 0.999981880 0.005891829 -0.594601572 -0.002793040 -0.005895019 0.999978721 15.478923798
0.999994576 0.001079085 0.003119111 0.337268412 -0.001097989 0.999980927 0.006065358 -0.612952828 -0.003112507 -0.006068750 0.999976754 15.878051758
0.999994278 0.000956022 0.003260574 0.349497050 -0.000975443 0.999981761 0.005959950 -0.621967733 -0.003254817 -0.005963096 0.999976933 16.325023651
0.999993205 0.001164902 0.003496032 0.362257570 -0.001186188 0.999980688 0.006092690 -0.635748208 -0.003488868 -0.006096796 0.999975264 16.769214630
0.999994755 0.000576731 0.003176652 0.379119724 -0.000596263 0.999980927 0.006151140 -0.650710881 -0.003173044 -0.006153001 0.999976039 17.200908661
0.999993086 0.000604974 0.003656430 0.386553913 -0.000628156 0.999979734 0.006342251 -0.659527302 -0.003652520 -0.006344505 0.999973238 17.673925400
0.999993145 0.000126662 0.003696066 0.405757010 -0.000149868 0.999980211 0.006278748 -0.672793031 -0.003695198 -0.006279259 0.999973416 18.127212524
0.999992549 0.000199591 0.003864808 0.419028103 -0.000223670 0.999980628 0.006230773 -0.682291210 -0.003863488 -0.006231591 0.999973118 18.601041794
0.999991536 0.000534099 0.004075535 0.420410216 -0.000559754 0.999979973 0.006296517 -0.702412069 -0.004072091 -0.006298744 0.999971807 19.047382355
0.999992251 0.000303594 0.003932822 0.438621640 -0.000329726 0.999977827 0.006645746 -0.712391913 -0.003930717 -0.006646990 0.999970138 19.529743195
0.999990523 0.001073743 0.004228461 0.447073966 -0.001103133 0.999975204 0.006954489 -0.727800190 -0.004220889 -0.006959086 0.999966860 20.011011124
0.999991000 0.000605751 0.004198983 0.457952023 -0.000633747 0.999977529 0.006669200 -0.733457386 -0.004194850 -0.006671801 0.999968946 20.509227753
0.999995410 0.000177747 0.003059538 0.479142547 -0.000197625 0.999978781 0.006498149 -0.761752307 -0.003058319 -0.006498724 0.999974191 20.960411072
0.999996781 0.000152464 0.002550631 0.485298842 -0.000168587 0.999979913 0.006321997 -0.766377449 -0.002549616 -0.006322406 0.999976754 21.475252151
0.999996781 0.000305038 0.002526291 0.483528227 -0.000322279 0.999976575 0.006826867 -0.787920654 -0.002524150 -0.006827659 0.999973476 21.971981049
0.999996364 0.000705664 0.002600124 0.494423509 -0.000723570 0.999975979 0.006892378 -0.791761756 -0.002595197 -0.006894235 0.999972880 22.478218079
0.999998689 -0.000579845 0.001499514 0.517241955 0.000569368 0.999975502 0.006977764 -0.812385798 -0.001503524 -0.006976902 0.999974549 22.943376541
0.999999166 -0.001049822 0.000698471 0.529062629 0.001045204 0.999977827 0.006579638 -0.825463593 -0.000705363 -0.006578902 0.999978125 23.468467712
0.999998629 -0.001719106 0.000031539 0.538826942 0.001718835 0.999972820 0.007171349 -0.849697232 -0.000043867 -0.007171284 0.999974310 23.968935013
0.999999583 -0.000895981 -0.000289961 0.545872450 0.000898061 0.999973297 0.007253163 -0.857200980 0.000283455 -0.007253421 0.999973595 24.498756409
0.999998689 -0.001007657 -0.001244835 0.561546326 0.001017084 0.999970615 0.007595425 -0.871201336 0.001237145 -0.007596681 0.999970376 25.031967163
0.999998152 -0.000743867 -0.001779793 0.563857079 0.000757555 0.999969959 0.007702693 -0.882436812 0.001774010 -0.007704027 0.999968767 25.546844482
0.999997377 -0.000739116 -0.002165682 0.571660817 0.000755096 0.999972403 0.007387551 -0.889933646 0.002160162 -0.007389168 0.999970376 26.108701706
0.999994099 -0.001962204 -0.002827707 0.582906961 0.001985360 0.999964356 0.008209571 -0.904011726 0.002811498 -0.008215137 0.999962330 26.624599457
0.999992788 -0.001549863 -0.003478140 0.595668912 0.001578486 0.999964833 0.008241736 -0.918052018 0.003465244 -0.008247167 0.999960005 27.174268723
0.999991894 -0.001312188 -0.003794177 0.600770235 0.001343941 0.999963939 0.008378567 -0.934554875 0.003783046 -0.008383596 0.999957681 27.704574585
0.999989510 -0.001528145 -0.004311957 0.606199980 0.001563585 0.999964893 0.008227808 -0.942801714 0.004299232 -0.008234464 0.999956787 28.249036789
0.999986827 -0.001429484 -0.004925468 0.613099933 0.001470133 0.999964833 0.008259136 -0.959345400 0.004913488 -0.008266268 0.999953747 28.821020126
0.999986887 -0.001397025 -0.004922774 0.624007523 0.001438650 0.999963164 0.008462172 -0.968935490 0.004910771 -0.008469145 0.999952018 29.322719574
0.999983907 -0.001672081 -0.005414029 0.630900323 0.001716860 0.999964297 0.008276896 -0.983259320 0.005399996 -0.008286059 0.999951065 29.846904755
0.999984026 -0.001443194 -0.005450267 0.638225615 0.001490033 0.999961913 0.008599742 -0.990946651 0.005437647 -0.008607727 0.999948144 30.402679443
0.999983966 -0.001424234 -0.005473774 0.638615012 0.001473450 0.999958396 0.008997808 -1.002946734 0.005460730 -0.009005730 0.999944508 30.937353134
0.999981284 -0.001606996 -0.005898993 0.645656407 0.001658251 0.999960840 0.008694232 -1.007005453 0.005884790 -0.008703852 0.999944746 31.476434708
0.999980450 -0.001303998 -0.006105293 0.661218882 0.001356817 0.999961615 0.008655259 -1.028245568 0.006093772 -0.008663374 0.999943912 32.075168610
0.999975443 -0.002205069 -0.006648665 0.672265172 0.002267259 0.999953568 0.009360693 -1.069481373 0.006627716 -0.009375538 0.999934077 32.531036377
0.999973595 -0.002386667 -0.006851239 0.671047330 0.002450982 0.999952912 0.009394331 -1.076547146 0.006828494 -0.009410878 0.999932349 33.097404480
0.999973595 -0.001998747 -0.006992521 0.667521417 0.002062534 0.999956250 0.009126783 -1.080962300 0.006973973 -0.009140966 0.999933839 33.647171021
0.999969244 -0.002116842 -0.007546408 0.681866288 0.002188792 0.999952078 0.009538769 -1.100267768 0.007525855 -0.009554993 0.999926031 34.168067932
0.999970138 -0.002419874 -0.007339232 0.685536981 0.002487750 0.999954104 0.009253286 -1.112362146 0.007316504 -0.009271267 0.999930322 34.685920715
0.999974430 -0.001694261 -0.006948967 0.677240312 0.001761654 0.999951363 0.009703644 -1.148741722 0.006932188 -0.009715637 0.999928772 35.217201233
0.999971509 -0.002270993 -0.007204615 0.683790445 0.002338598 0.999953151 0.009389115 -1.153019309 0.007182955 -0.009405697 0.999929905 35.778308868
0.999976099 -0.000868009 -0.006859374 0.688508987 0.000930979 0.999957442 0.009182327 -1.168059587 0.006851112 -0.009188495 0.999934256 36.334003448
0.999973893 -0.001502578 -0.007068420 0.689192176 0.001573465 0.999948502 0.010033803 -1.183783054 0.007052979 -0.010044664 0.999924660 36.845912933
0.999971628 -0.001446075 -0.007396233 0.697598457 0.001518385 0.999950945 0.009780258 -1.192761779 0.007381727 -0.009791210 0.999924779 37.402015686
0.999966145 -0.002182490 -0.007931463 0.709943950 0.002263681 0.999945104 0.010242045 -1.213867545 0.007908675 -0.010259653 0.999916017 37.924194336
0.999964893 -0.001828333 -0.008168614 0.715932012 0.001913064 0.999944329 0.010377011 -1.220278502 0.008149188 -0.010392275 0.999912739 38.475875854
0.999960661 -0.002430137 -0.008531167 0.735907674 0.002519556 0.999941945 0.010486435 -1.231287837 0.008505188 -0.010507517 0.999908566 39.005451202
0.999954700 -0.002735816 -0.009111417 0.744140744 0.002833985 0.999937952 0.010778903 -1.241834283 0.009081362 -0.010804235 0.999900401 39.540439606
0.999955535 -0.002347863 -0.009136501 0.763526976 0.002444828 0.999940693 0.010616268 -1.252257109 0.009111034 -0.010638134 0.999901831 40.063312531
0.999958634 -0.002651469 -0.008700989 0.734633207 0.002742025 0.999941945 0.010412227 -1.257633328 0.008672876 -0.010435654 0.999907851 40.535366058
0.999954104 -0.002975999 -0.009109845 0.745758533 0.003078597 0.999931693 0.011269085 -1.309585571 0.009075688 -0.011296613 0.999894917 41.169673920
0.999954343 -0.002764025 -0.009149484 0.755494118 0.002868643 0.999930382 0.011441049 -1.324669361 0.009117226 -0.011466775 0.999892592 41.709278107
0.999946773 -0.003616991 -0.009661704 0.764643908 0.003731168 0.999923110 0.011825684 -1.337182760 0.009618187 -0.011861105 0.999883294 42.257900238
0.999949694 -0.003066740 -0.009552740 0.759546399 0.003176812 0.999928474 0.011528674 -1.335100889 0.009516702 -0.011558440 0.999887824 42.799301147
0.999943614 -0.004236245 -0.009739187 0.770478606 0.004352140 0.999919593 0.011909663 -1.362363577 0.009687952 -0.011951378 0.999881625 43.336776733
0.999942124 -0.004334975 -0.009847258 0.775640965 0.004450511 0.999921143 0.011741259 -1.367430687 0.009795584 -0.011784406 0.999882579 43.876533508
0.999942958 -0.004141433 -0.009845620 0.781631887 0.004258341 0.999920309 0.011882881 -1.380295992 0.009795621 -0.011924131 0.999880910 44.411609650
0.999946117 -0.003725221 -0.009684381 0.787148833 0.003837635 0.999925137 0.011615041 -1.390085816 0.009640387 -0.011651580 0.999885619 44.960918427
0.999939382 -0.004362680 -0.010115353 0.807506680 0.004485874 0.999915659 0.012188228 -1.408267021 0.010061326 -0.012232865 0.999874532 45.466266632
0.999939144 -0.004042474 -0.010270035 0.815128803 0.004167142 0.999917567 0.012146828 -1.430664420 0.010220082 -0.012188886 0.999873459 45.970275879
0.999942005 -0.003902644 -0.010041774 0.830730855 0.004027494 0.999914467 0.012442908 -1.432062149 0.009992355 -0.012482629 0.999872088 46.474819183
0.999940693 -0.004261440 -0.010019868 0.797326446 0.004386222 0.999912679 0.012464534 -1.444818735 0.009965878 -0.012507745 0.999872088 47.120185852
0.999941587 -0.004135692 -0.009981642 0.801583648 0.004256096 0.999918103 0.012071644 -1.450673819 0.009930899 -0.012113422 0.999877274 47.663776398
0.999938428 -0.004465181 -0.010157919 0.819012046 0.004596743 0.999905348 0.012965417 -1.475784540 0.010099065 -0.013011312 0.999864280 48.168506622
0.999935329 -0.004678322 -0.010363629 0.829885781 0.004813848 0.999902666 0.013090997 -1.487426996 0.010301377 -0.013140038 0.999860585 48.711635590
0.999935746 -0.004721235 -0.010318439 0.821303308 0.004850519 0.999909580 0.012540480 -1.492733002 0.010258299 -0.012589723 0.999868035 49.222328186
0.999940276 -0.004354856 -0.010028585 0.817915320 0.004481541 0.999909997 0.012644718 -1.497761011 0.009972618 -0.012688906 0.999869704 49.764877319
0.999931931 -0.005115908 -0.010484674 0.835655868 0.005248835 0.999905646 0.012690193 -1.515660763 0.010418763 -0.012744361 0.999864519 50.283679962
0.999941528 -0.004452624 -0.009857140 0.825286865 0.004575677 0.999911427 0.012496456 -1.515264750 0.009800625 -0.012540827 0.999873221 50.847373962
0.999933779 -0.004835989 -0.010436753 0.838029325 0.004971058 0.999903738 0.012954739 -1.530355453 0.010373100 -0.013005762 0.999861538 51.348648071
0.999933660 -0.004765908 -0.010479040 0.845195591 0.004899917 0.999906063 0.012799953 -1.539690971 0.010417052 -0.012850451 0.999863148 51.887687683
0.999934852 -0.004605312 -0.010447066 0.851817369 0.004741663 0.999903440 0.013064541 -1.549341679 0.010385892 -0.013113226 0.999860108 52.425098419
0.999929786 -0.005008974 -0.010746182 0.859724343 0.005148616 0.999902189 0.013006471 -1.559181929 0.010679983 -0.013060884 0.999857724 52.969875336
0.999932289 -0.004682668 -0.010651021 0.860295832 0.004819962 0.999905229 0.012901179 -1.571815252 0.010589599 -0.012951642 0.999860048 53.515094757
0.999934912 -0.004658434 -0.010412297 0.857922435 0.004793331 0.999904394 0.012968403 -1.574320316 0.010350891 -0.013017469 0.999861717 54.034027100
0.999933600 -0.005207319 -0.010275357 0.858634710 0.005339273 0.999903023 0.012856448 -1.591824889 0.010207414 -0.012910457 0.999864578 54.580085754
0.999935448 -0.004708084 -0.010333261 0.866285264 0.004841146 0.999905169 0.012890073 -1.590485811 0.010271594 -0.012939267 0.999863505 55.105270386
0.999939561 -0.004441029 -0.010056295 0.871457577 0.004569595 0.999907672 0.012797914 -1.596544623 0.009998533 -0.012843097 0.999867499 55.649036407
0.999935567 -0.004883074 -0.010250402 0.870764256 0.005016827 0.999902070 0.013063620 -1.615170836 0.010185609 -0.013114204 0.999862134 56.158153534
0.999937654 -0.004736035 -0.010119393 0.876358867 0.004868314 0.999902487 0.013087452 -1.622424722 0.010056424 -0.013135900 0.999863148 56.701469421
0.999934733 -0.004875629 -0.010331835 0.887509108 0.005014440 0.999896884 0.013452234 -1.643264771 0.010265183 -0.013503162 0.999856174 57.214626312
0.999935925 -0.004850818 -0.010228222 0.891317606 0.004988150 0.999897182 0.013444204 -1.651420116 0.010161955 -0.013494365 0.999857247 57.731269836
0.999933660 -0.004979735 -0.010384051 0.900021017 0.005115564 0.999901235 0.013095323 -1.659610271 0.010317814 -0.013147575 0.999860287 58.275657654
0.999936223 -0.004807311 -0.010214459 0.905514598 0.004944179 0.999897778 0.013416739 -1.666423917 0.010148916 -0.013466389 0.999857783 58.783565521
0.999940872 -0.004334411 -0.009971741 0.914881587 0.004467000 0.999901414 0.013312869 -1.671816587 0.009913055 -0.013356627 0.999861658 59.360095978
0.999938309 -0.004618641 -0.010103897 0.916008830 0.004755400 0.999896824 0.013553251 -1.681340218 0.010040257 -0.013600461 0.999857068 59.879352570
0.999934077 -0.004660902 -0.010494414 0.956485569 0.004800642 0.999899626 0.013330101 -1.688478708 0.010431228 -0.013379603 0.999856055 60.379478455
0.999931395 -0.004708971 -0.010721041 0.976545572 0.004855650 0.999894381 0.013696623 -1.713379383 0.010655412 -0.013747742 0.999848664 60.915744781
0.999931931 -0.004762132 -0.010648991 0.978768229 0.004897825 0.999906719 0.012752794 -1.696320295 0.010587266 -0.012804083 0.999862015 61.445129395
0.999930620 -0.004988121 -0.010664281 0.994320452 0.005124062 0.999905527 0.012758255 -1.714488506 0.010599634 -0.012812014 0.999861777 61.965339661
0.999930620 -0.005008811 -0.010661310 0.962790012 0.005162118 0.999882996 0.014401166 -1.782223701 0.010587932 -0.014455204 0.999839485 62.471458435
0.999927223 -0.005126896 -0.010924091 0.977259398 0.005281515 0.999885678 0.014172515 -1.792655945 0.010850182 -0.014229179 0.999839902 63.009555817
0.999933422 -0.004526598 -0.010612923 0.985374451 0.004677201 0.999888182 0.014208925 -1.802119017 0.010547420 -0.014257620 0.999842703 63.532905579
0.999931514 -0.004822842 -0.010666782 0.982910514 0.004975950 0.999884367 0.014374025 -1.806401014 0.010596227 -0.014426119 0.999839842 64.106903076
0.999932647 -0.004700000 -0.010609218 0.981021643 0.004852837 0.999884248 0.014426563 -1.813475132 0.010540186 -0.014477077 0.999839604 64.665130615
0.999939740 -0.003937057 -0.010241568 0.987784743 0.004086192 0.999885261 0.014581705 -1.841743708 0.010182985 -0.014622676 0.999841154 65.133705139
0.999940693 -0.003676944 -0.010250337 0.988479793 0.003821307 0.999893308 0.014099928 -1.844439030 0.010197400 -0.014138262 0.999848008 65.692184448
0.999941945 -0.003563424 -0.010161698 0.994511843 0.003706074 0.999894321 0.014053872 -1.852464437 0.010110546 -0.014090715 0.999849558 66.227554321
0.999931931 -0.004528556 -0.010743898 1.008518219 0.004678729 0.999891102 0.013993890 -1.868983746 0.010679357 -0.014043206 0.999844253 66.743438721
0.999936104 -0.004599818 -0.010318866 1.010605097 0.004746031 0.999888122 0.014190062 -1.878648400 0.010252440 -0.014238130 0.999846101 67.275672913
0.999946356 -0.003490237 -0.009750015 0.989433765 0.003634341 0.999883771 0.014801543 -1.908790469 0.009697221 -0.014836185 0.999842882 67.735786438
0.999941349 -0.003799471 -0.010136894 0.999271810 0.003946434 0.999886751 0.014517399 -1.911714196 0.010080590 -0.014556553 0.999843180 68.282035828
0.999939322 -0.003838525 -0.010320848 1.010659814 0.003985460 0.999890387 0.014254046 -1.925752878 0.010265003 -0.014294316 0.999845088 68.815315247
0.999949217 -0.002547693 -0.009751196 1.013381004 0.002685804 0.999895871 0.014176765 -1.928159475 0.009714064 -0.014202234 0.999851942 69.340309143
0.999942780 -0.003480420 -0.010113262 1.031822920 0.003621970 0.999895215 0.014012017 -1.932540655 0.010063434 -0.014047847 0.999850690 69.902076721
0.999945641 -0.003566365 -0.009793718 1.018544436 0.003714635 0.999878109 0.015163133 -1.961089253 0.009738448 -0.015198689 0.999836981 70.399665833
0.999941945 -0.003434890 -0.010211149 1.026169419 0.003590735 0.999876738 0.015283289 -1.967922688 0.010157395 -0.015319069 0.999831021 70.945770264
0.999946356 -0.002725582 -0.009985948 1.027202249 0.002874788 0.999883950 0.014957818 -1.972066045 0.009944022 -0.014985725 0.999838173 71.507057190
0.999942720 -0.003401843 -0.010150958 1.041375637 0.003554835 0.999879718 0.015091836 -1.991035461 0.010098398 -0.015127057 0.999834478 71.993911743
0.999946773 -0.003503304 -0.009703282 1.038644314 0.003651597 0.999876142 0.015307391 -1.992080808 0.009648454 -0.015342008 0.999835730 72.522018433
0.999945760 -0.003605714 -0.009768717 1.049064040 0.003752298 0.999879956 0.015028968 -1.998072386 0.009713356 -0.015064807 0.999839306 73.080726624
0.999945164 -0.003642464 -0.009830186 1.051288843 0.003792172 0.999876380 0.015253996 -2.005691767 0.009773414 -0.015290435 0.999835253 73.571784973
0.999952674 -0.002932927 -0.009282144 1.033613443 0.003073662 0.999879956 0.015184094 -2.019995689 0.009236498 -0.015211903 0.999841571 74.140701294
0.999946058 -0.003724844 -0.009694839 1.066076279 0.003867378 0.999884009 0.014724964 -2.019690037 0.009638869 -0.014761663 0.999844491 74.650390625
0.999947011 -0.003442439 -0.009708233 1.065230608 0.003583773 0.999887168 0.014578499 -2.023659706 0.009656955 -0.014612516 0.999846578 75.195098877
0.999952257 -0.002841240 -0.009354556 1.065018058 0.002976762 0.999890327 0.014505330 -2.034221411 0.009312320 -0.014532484 0.999850929 75.723136902
0.999956548 -0.002833927 -0.008878149 1.059858084 0.002963443 0.999888897 0.014609115 -2.043368340 0.008835762 -0.014634793 0.999853849 76.249534607
0.999948800 -0.003384192 -0.009537694 1.049093962 0.003532387 0.999872625 0.015563985 -2.066827297 0.009483807 -0.015596880 0.999833345 76.662063599
0.999945283 -0.003791753 -0.009749676 1.057778597 0.003940691 0.999875128 0.015302605 -2.071058273 0.009690436 -0.015340187 0.999835312 77.215583801
0.999949098 -0.003635773 -0.009424217 1.057629347 0.003779843 0.999875605 0.015314718 -2.075889587 0.009367365 -0.015349559 0.999838293 77.716300964
0.999950707 -0.003559132 -0.009271011 1.061119795 0.003698637 0.999879539 0.015073986 -2.082679272 0.009216243 -0.015107533 0.999843419 78.245895386
0.999952674 -0.003296335 -0.009151754 1.070232749 0.003433229 0.999881864 0.014983154 -2.089637280 0.009101281 -0.015013865 0.999845862 78.779602051
0.999956608 -0.003232484 -0.008735060 1.075389147 0.003362091 0.999883890 0.014863905 -2.092088461 0.008686000 -0.014892628 0.999851286 79.318977356
0.999965429 -0.003312723 -0.007644222 1.082021475 0.003423175 0.999889255 0.014481405 -2.092283249 0.007595404 -0.014507067 0.999865890 79.863609314
0.999972939 -0.003626170 -0.006405700 1.096670151 0.003717430 0.999890924 0.014292784 -2.099762440 0.006353172 -0.014316209 0.999877334 80.410942078
0.999982059 -0.003409305 -0.004926686 1.099148512 0.003479773 0.999890745 0.014366288 -2.106896162 0.004877169 -0.014383176 0.999884665 80.918670654
0.999992609 -0.003522789 -0.001556682 1.130332947 0.003544759 0.999890804 0.014343148 -2.116325617 0.001505984 -0.014348559 0.999895871 81.501869202
0.999991715 -0.003147574 0.002593712 1.132889986 0.003108453 0.999883413 0.014951680 -2.131422043 -0.002640472 -0.014943494 0.999884844 81.991470337
0.999978244 -0.003677718 0.005464963 1.154886365 0.003597477 0.999886632 0.014620774 -2.125867367 -0.005518114 -0.014600798 0.999878109 82.518798828
0.999944866 -0.003257160 0.009982506 1.196100950 0.003113430 0.999891698 0.014380102 -2.140996933 -0.010028262 -0.014348228 0.999846756 83.053077698
0.999862254 -0.003644455 0.016193533 1.204457045 0.003407401 0.999886990 0.014642392 -2.142545223 -0.016245071 -0.014585200 0.999761641 83.613746643
0.999757946 -0.003707600 0.021687288 1.234315038 0.003388885 0.999885976 0.014714297 -2.152517319 -0.021739367 -0.014637239 0.999656498 84.164878845
0.999614239 -0.003346063 0.027570922 1.263666749 0.002945751 0.999889851 0.014547216 -2.153482914 -0.027616564 -0.014460388 0.999513984 84.676460266
0.999387145 -0.004093583 0.034764979 1.308154106 0.003581374 0.999884248 0.014782974 -2.162691832 -0.034821473 -0.014649408 0.999286175 85.268814087
0.999064684 -0.004442560 0.043012224 1.350220203 0.003823411 0.999888062 0.014466290 -2.168175220 -0.043071676 -0.014288306 0.998969793 85.762794495
0.998772144 -0.005594798 0.049223058 1.397685528 0.004897969 0.999886215 0.014265811 -2.169790745 -0.049297273 -0.014007200 0.998685956 86.303222656
0.998286307 -0.004615191 0.058336232 1.443932533 0.003780737 0.999889016 0.014406491 -2.178157568 -0.058396261 -0.014161249 0.998192966 86.843452454
0.997632921 -0.004615933 0.068608239 1.499093533 0.003617810 0.999885917 0.014665292 -2.187762737 -0.068668112 -0.014382370 0.997535825 87.394241333
0.997009158 -0.004919350 0.077127099 1.565827370 0.003806609 0.999886632 0.014567760 -2.196545601 -0.077190012 -0.014230595 0.996914983 87.926452637
0.996360958 -0.005253901 0.085071594 1.630003452 0.004036154 0.999886990 0.014480049 -2.205819130 -0.085138045 -0.014083995 0.996269584 88.470451355
0.995377243 -0.004976430 0.095913358 1.700664043 0.003579282 0.999885082 0.014733314 -2.211600542 -0.095975667 -0.014321905 0.995280623 89.013618469
0.994345367 -0.006107611 0.106018655 1.790614605 0.004590545 0.999883652 0.014547560 -2.224040985 -0.106095165 -0.013978619 0.994257689 89.540382385
0.993354738 -0.006599441 0.114902757 1.888870239 0.004954639 0.999881208 0.014594438 -2.234673977 -0.114985406 -0.013928153 0.993269622 90.079162598
0.992017567 -0.006456031 0.125934064 1.978404045 0.004650421 0.999882162 0.014626472 -2.239205360 -0.126013666 -0.013924072 0.991930723 90.618110657
0.990395308 -0.006623518 0.138105571 2.078271866 0.004619456 0.999879360 0.014826566 -2.250227451 -0.138187096 -0.014046188 0.990306556 91.157440186
0.988832057 -0.007004819 0.148868814 2.183848381 0.004826566 0.999875963 0.014988277 -2.260547876 -0.148955330 -0.014102366 0.988743365 91.710464478
0.987234294 -0.007462909 0.159099907 2.300993919 0.005174940 0.999877214 0.014790166 -2.265462875 -0.159190759 -0.013778026 0.987151682 92.248695374
0.985066712 -0.007486699 0.172010079 2.418084145 0.005013444 0.999877751 0.014808469 -2.271632671 -0.172099888 -0.013724967 0.984983861 92.789413452
0.982813179 -0.007677824 0.184443191 2.540724754 0.004982901 0.999873936 0.015070198 -2.282151937 -0.184535682 -0.013892126 0.982727647 93.315467834
0.980874896 -0.008469834 0.194454908 2.667204857 0.005676157 0.999872565 0.014919425 -2.285299778 -0.194556490 -0.013530333 0.980798006 93.843757629
0.978283465 -0.008676040 0.207089648 2.804630280 0.005609038 0.999865830 0.015392596 -2.296620369 -0.207195342 -0.013896748 0.978200853 94.364601135
0.975201368 -0.008832106 0.221143663 2.938816071 0.005589168 0.999867558 0.015285866 -2.298037529 -0.221249431 -0.013670789 0.975121439 94.909858704
0.972572863 -0.008788844 0.232432514 3.098264694 0.005245436 0.999860525 0.015858579 -2.311128378 -0.232539445 -0.014204413 0.972483277 95.438926697
0.969665527 -0.009167566 0.244263723 3.245765686 0.005557596 0.999864995 0.015464102 -2.313805580 -0.244372487 -0.013637485 0.969585538 95.963989258
0.966126025 -0.009682041 0.257889122 3.414184570 0.005895852 0.999863207 0.015450751 -2.321291924 -0.258003443 -0.013406896 0.966050982 96.477661133
0.962667346 -0.009346027 0.270526141 3.582759857 0.005449191 0.999870360 0.015152168 -2.322719097 -0.270632654 -0.013112346 0.962593377 97.025085449
0.959391117 -0.009537843 0.281917870 3.778770447 0.005387570 0.999865413 0.015493074 -2.324204445 -0.282027662 -0.013345066 0.959313452 97.577835083
0.955093622 -0.009186186 0.296162009 3.956882477 0.004673048 0.999862015 0.015943028 -2.337460518 -0.296267629 -0.013843101 0.955004632 98.074768066
0.950894117 -0.010206675 0.309347928 4.177377701 0.005596318 0.999859691 0.015787203 -2.335578203 -0.309465647 -0.013280749 0.950817883 98.640090942
0.947177947 -0.010836030 0.320525348 4.376577377 0.006079079 0.999856114 0.015838062 -2.339977264 -0.320650876 -0.013052966 0.947107434 99.154144287
0.942639530 -0.010885064 0.333634913 4.581409454 0.005805263 0.999851584 0.016218856 -2.350318909 -0.333762020 -0.013351698 0.942562819 99.672828674
0.937581182 -0.011182387 0.347586632 4.794801712 0.005991007 0.999853909 0.016006652 -2.354900837 -0.347714871 -0.012925143 0.937511146 100.182899475
0.932983875 -0.011578804 0.359731913 5.017766953 0.006146910 0.999849200 0.016240118 -2.361986399 -0.359865755 -0.012940530 0.932914317 100.689498901
0.928846359 -0.012217429 0.370263636 5.242898941 0.006653169 0.999844968 0.016301259 -2.367474556 -0.370405376 -0.012677939 0.928783596 101.205749512
0.923275173 -0.012232739 0.383944631 5.470361710 0.006448422 0.999845564 0.016349189 -2.368578196 -0.384085447 -0.012618962 0.923211336 101.707450867
0.917816937 -0.012752117 0.396798998 5.712272644 0.006787258 0.999841869 0.016433114 -2.374793053 -0.396945745 -0.012389413 0.917758584 102.200195312
0.912828565 -0.013446601 0.408121526 5.963859558 0.007372101 0.999837399 0.016453313 -2.382834911 -0.408276409 -0.012010341 0.912779331 102.700035095
0.906545222 -0.013651067 0.421887934 6.226112366 0.007293091 0.999834239 0.016680472 -2.386839867 -0.422045678 -0.012044735 0.906494558 103.198738098
0.899893045 -0.013728837 0.435894459 6.497238159 0.007225889 0.999836564 0.016572973 -2.394098043 -0.436050743 -0.011764177 0.899845183 103.689468384
0.893908978 -0.014104481 0.448026538 6.765708923 0.007352309 0.999831676 0.016806621 -2.402753115 -0.448188215 -0.011729559 0.893862307 104.169746399
0.888414681 -0.014744904 0.458804935 7.046783447 0.007877989 0.999826491 0.016877381 -2.401233673 -0.458974183 -0.011379654 0.888376832 104.661384583
0.881556213 -0.015365685 0.471829146 7.334373474 0.008431775 0.999823153 0.016806694 -2.404758453 -0.472004056 -0.010837685 0.881529808 105.133308411
0.875136852 -0.016167613 0.483605295 7.620162964 0.008953144 0.999811590 0.017223429 -2.419432163 -0.483792663 -0.010743069 0.875116765 105.563621521
0.869126081 -0.016543271 0.494313896 7.918609619 0.009159073 0.999807417 0.017356787 -2.418539524 -0.494505793 -0.010557773 0.869110167 106.067436218
