1.000000000 0.000000000 0.000000000 0.000000000 0.000000000 1.000000000 0.000000000 0.000000000 0.000000000 0.000000000 1.000000000 0.000000000
1.000000000 -0.000004747 0.000157546 -0.001646160 0.000004726 1.000000000 0.000130733 0.000225175 -0.000157547 -0.000130733 1.000000000 0.002263872
1.000000000 0.000172182 0.000082956 -0.001135245 -0.000172197 0.999999940 0.000179945 0.000441431 -0.000082925 -0.000179960 1.000000000 0.002388780
1.000000000 0.000136919 -0.000135943 0.000889794 -0.000136900 1.000000000 0.000140072 -0.000611779 0.000135962 -0.000140054 1.000000000 -0.000599913
0.999999940 0.000379349 0.000159031 -0.001936147 -0.000379370 0.999999940 0.000132897 0.000039470 -0.000158980 -0.000132957 1.000000000 0.001289809
0.999999940 0.000247851 0.000065102 -0.001360203 -0.000247860 0.999999940 0.000141855 -0.000161834 -0.000065067 -0.000141872 1.000000000 -0.000554343
1.000000000 -0.000048785 0.000066398 -0.000116904 0.000048772 1.000000000 0.000198117 -0.001238068 -0.000066408 -0.000198114 1.000000000 -0.000829209
0.999999940 -0.000258758 0.000158688 -0.000501144 0.000258722 0.999999940 0.000226844 -0.000388975 -0.000158746 -0.000226803 0.999999940 0.001406978
1.000000000 -0.000008045 0.000146054 -0.000967525 0.000008033 1.000000000 0.000084983 0.000714917 -0.000146055 -0.000084982 1.000000000 0.002668688
1.000000000 -0.000066680 0.000118710 -0.000474737 0.000066663 1.000000000 0.000138771 0.000065753 -0.000118719 -0.000138763 1.000000000 0.001189925
0.999999940 -0.000090937 0.000245959 -0.001478519 0.000090946 1.000000000 -0.000037205 0.002155366 -0.000245956 0.000037227 0.999999940 0.003025912
1.000000000 -0.000016502 0.000074333 -0.000401677 0.000016487 1.000000000 0.000207338 -0.000137737 -0.000074336 -0.000207337 1.000000000 0.001586702
1.000000000 0.000059664 0.000196956 -0.002520596 -0.000059650 1.000000000 -0.000071043 0.002860638 -0.000196960 0.000071031 1.000000000 0.005504982
1.000000000 -0.000122130 0.000189978 -0.002158841 0.000122076 0.999999940 0.000285641 -0.000064021 -0.000190012 -0.000285618 0.999999940 0.002831130
1.000000000 0.000035923 0.000185596 -0.001647046 -0.000035970 0.999999940 0.000252843 -0.000947371 -0.000185587 -0.000252850 0.999999940 0.000184780
1.000000000 0.000080197 0.000113303 0.000068728 -0.000080223 1.000000000 0.000226034 -0.001362370 -0.000113285 -0.000226043 0.999999940 -0.001769622
1.000000000 -0.000124500 0.000006747 -0.000057543 0.000124499 1.000000000 0.000149540 -0.000671019 -0.000006766 -0.000149539 1.000000000 -0.001112622
0.999999940 0.000045785 0.000254659 -0.001136822 -0.000045822 1.000000000 0.000144187 -0.000109404 -0.000254652 -0.000144199 0.999999940 0.000185188
0.999999940 0.000029874 0.000297747 -0.003061674 -0.000029903 1.000000000 0.000097626 0.001057522 -0.000297744 -0.000097635 0.999999940 0.003875079
0.999999940 0.000213742 0.000130567 -0.001616470 -0.000213763 0.999999940 0.000158897 0.000443718 -0.000130533 -0.000158924 1.000000000 0.002602673
0.999999940 0.000290773 0.000222110 -0.001745175 -0.000290838 0.999999940 0.000295869 -0.000654132 -0.000222024 -0.000295934 0.999999940 0.001076935
0.999999881 0.000381167 0.000272678 -0.002960445 -0.000381221 0.999999881 0.000198648 -0.000405952 -0.000272602 -0.000198752 0.999999940 0.000677808
1.000000000 0.000086724 0.000117208 -0.001706122 -0.000086760 0.999999940 0.000301694 -0.000021686 -0.000117182 -0.000301704 0.999999940 0.002392809
1.000000000 0.000059037 0.000219869 -0.001682190 -0.000059101 0.999999940 0.000287456 -0.000630544 -0.000219852 -0.000287469 0.999999940 0.002712743
1.000000000 0.000135617 0.000158207 -0.001047357 -0.000135657 0.999999940 0.000254712 -0.000409850 -0.000158173 -0.000254734 0.999999940 0.000274426
1.000000000 0.000045934 0.000169736 -0.001928577 -0.000045941 1.000000000 0.000042801 0.002052949 -0.000169734 -0.000042809 1.000000000 0.004572547
1.000000000 -0.000132829 0.000100842 -0.000587378 0.000132828 1.000000000 0.000002903 0.001101994 -0.000100843 -0.000002890 1.000000000 0.000439178
1.000000000 0.000074199 0.000120688 -0.001072440 -0.000074211 1.000000000 0.000096255 0.000717033 -0.000120681 -0.000096264 1.000000000 0.002241048
0.999999940 0.000231618 0.000334052 -0.003311374 -0.000231630 1.000000000 0.000035597 0.001724338 -0.000334043 -0.000035674 0.999999940 0.003361735
1.000000000 -0.000115181 0.000136436 -0.001944868 0.000115168 1.000000000 0.000092802 0.002401295 -0.000136447 -0.000092786 1.000000000 0.004707171
1.000000000 0.000009638 0.000170499 -0.001574373 -0.000009642 1.000000000 0.000022054 0.001413831 -0.000170499 -0.000022055 1.000000000 0.002775476
0.999999940 -0.000330204 0.000072073 -0.000897210 0.000330197 0.999999940 0.000105343 0.001448531 -0.000072108 -0.000105319 1.000000000 0.003315032
1.000000000 -0.000198849 0.000134431 -0.001363061 0.000198847 1.000000000 0.000009471 0.001755561 -0.000134433 -0.000009444 1.000000000 0.003289621
0.999999940 -0.000008813 0.000301984 -0.002136683 0.000008810 1.000000000 0.000010749 0.001898677 -0.000301984 -0.000010746 0.999999940 0.003757711
1.000000000 -0.000128593 0.000118546 -0.001477563 0.000128586 1.000000000 0.000054718 0.001435952 -0.000118553 -0.000054703 1.000000000 0.003355417
0.999999940 0.000189000 0.000213288 -0.001146922 -0.000189040 0.999999940 0.000187399 0.000169289 -0.000213253 -0.000187439 0.999999940 0.000502618
1.000000000 0.000057982 0.000106252 -0.000256993 -0.000058001 1.000000000 0.000171611 0.001640998 -0.000106242 -0.000171618 1.000000000 0.002296835
1.000000000 -0.000135619 0.000123761 -0.001163921 0.000135598 1.000000000 0.000171004 0.001345016 -0.000123784 -0.000170988 1.000000000 0.004148268
1.000000000 -0.000089947 0.000163995 -0.002329309 0.000089916 1.000000000 0.000189418 0.001541762 -0.000164012 -0.000189403 0.999999940 0.004869604
1.000000000 -0.000212575 0.000095288 -0.000082757 0.000212559 0.999999940 0.000160648 0.000525484 -0.000095322 -0.000160628 1.000000000 0.001737078
0.999999940 -0.000285800 0.000224536 -0.000691586 0.000285783 0.999999940 0.000072972 0.000952952 -0.000224557 -0.000072908 1.000000000 0.002812685
0.999999940 -0.000354422 0.000180962 0.001621139 0.000354531 0.999999762 -0.000599196 -0.000183680 -0.000180750 0.000599260 0.999999821 0.051010247
0.999999940 0.000149919 0.000228762 -0.001471408 -0.000149666 0.999999404 -0.001106328 -0.003653713 -0.000228928 0.001106294 0.999999344 0.137477621
1.000000000 0.000180151 0.000138670 0.001499207 -0.000179943 0.999998868 -0.001496120 -0.004382005 -0.000138940 0.001496095 0.999998868 0.253914386
0.999999940 0.000176237 -0.000171227 0.006878666 -0.000176433 0.999999344 -0.001145613 -0.011948450 0.000171025 0.001145643 0.999999344 0.383807451
0.999999940 0.000241897 -0.000055106 0.009141899 -0.000241941 0.999999642 -0.000807353 -0.017103564 0.000054910 0.000807366 0.999999702 0.523051500
0.999999940 0.000276499 0.000000746 0.012669703 -0.000276499 0.999999821 -0.000491200 -0.028940201 -0.000000882 0.000491200 0.999999881 0.663876712
1.000000000 0.000201211 0.000058445 0.017665293 -0.000201161 0.999999642 -0.000843651 -0.025028292 -0.000058614 0.000843639 0.999999642 0.835135221
1.000000000 0.000018331 -0.000147642 0.020487130 -0.000018442 0.999999702 -0.000751396 -0.026640343 0.000147628 0.000751399 0.999999702 1.012547255
0.999998987 0.001422523 0.000208191 0.023223557 -0.001422835 0.999997795 0.001507508 -0.064092033 -0.000206046 -0.001507803 0.999998808 1.168896437
0.999998569 0.001650354 0.000376737 0.026712624 -0.001651182 0.999996126 0.002208295 -0.074560516 -0.000373091 -0.002208914 0.999997437 1.351495385
0.999998629 0.001597977 0.000403395 0.032192267 -0.001598752 0.999996781 0.001929013 -0.078039572 -0.000400311 -0.001929656 0.999998033 1.537069082
0.999998748 0.001568990 0.000287369 0.035946093 -0.001569545 0.999996781 0.001937717 -0.078637332 -0.000284328 -0.001938166 0.999998093 1.737946749
0.999999166 0.001226283 -0.000258836 0.047168121 -0.001225737 0.999997020 0.002100777 -0.086388133 0.000261411 -0.002100458 0.999997735 1.933138371
0.999998271 0.001763193 0.000554855 0.043689154 -0.001764556 0.999995410 0.002466177 -0.094366588 -0.000550504 -0.002467152 0.999996781 2.150649786
0.999998927 0.001471864 0.000330641 0.050639957 -0.001472694 0.999995828 0.002523371 -0.101520039 -0.000326926 -0.002523855 0.999996781 2.361090183
0.999998927 0.001491777 0.000177059 0.062441986 -0.001492288 0.999994636 0.002919195 -0.111336447 -0.000172704 -0.002919456 0.999995708 2.573021889
0.999997437 0.002114559 0.000751147 0.058321897 -0.002116428 0.999994695 0.002495955 -0.113401592 -0.000745865 -0.002497538 0.999996603 2.813259602
0.999998331 0.001801336 0.000359069 0.066312596 -0.001802302 0.999994636 0.002709551 -0.119154476 -0.000354187 -0.002710194 0.999996245 3.046978474
0.999998212 0.001883643 0.000303690 0.073463976 -0.001884243 0.999996245 0.001985101 -0.115563050 -0.000299950 -0.001985670 0.999997914 3.295204401
0.999998748 0.001592789 0.000189026 0.077194825 -0.001593233 0.999995887 0.002370236 -0.127058715 -0.000185250 -0.002370535 0.999997139 3.533833981
0.999998689 0.001582301 0.000261544 0.081832170 -0.001582945 0.999995649 0.002479532 -0.135101065 -0.000257620 -0.002479943 0.999996901 3.795721769
0.999998987 0.001311716 0.000539672 0.085699357 -0.001312915 0.999996603 0.002228279 -0.139310047 -0.000536747 -0.002228985 0.999997437 4.059746265
0.999998152 0.001915191 0.000249341 0.087816760 -0.001915884 0.999994159 0.002811194 -0.149794593 -0.000243956 -0.002811667 0.999995947 4.305898190
0.999997914 0.002031346 0.000341334 0.092875138 -0.002032285 0.999994099 0.002773923 -0.156980097 -0.000335697 -0.002774611 0.999996066 4.563333988
0.999998391 0.001778436 0.000277092 0.105767660 -0.001779231 0.999994218 0.002895640 -0.161736444 -0.000271941 -0.002896129 0.999995768 4.824887753
0.999999106 0.001318833 0.000294016 0.109124668 -0.001319742 0.999994278 0.003110920 -0.169627562 -0.000289912 -0.003111306 0.999995053 5.081888199
0.999999166 0.001196892 0.000566066 0.113227300 -0.001198667 0.999994278 0.003146640 -0.178833202 -0.000562297 -0.003147315 0.999994814 5.347463608
0.999998152 0.001756576 0.000690639 0.115399837 -0.001758502 0.999994457 0.002797615 -0.182622239 -0.000685721 -0.002798825 0.999995828 5.623116016
0.999999523 0.000859143 0.000478971 0.120040506 -0.000860838 0.999993324 0.003550994 -0.199211136 -0.000475917 -0.003551405 0.999993563 5.888862133
0.999999821 0.000377413 0.000481590 0.130156577 -0.000379237 0.999992728 0.003791492 -0.204867989 -0.000480156 -0.003791673 0.999992728 6.165821075
0.999999106 0.001339156 0.000268095 0.133683592 -0.001340074 0.999993145 0.003457313 -0.211022317 -0.000263463 -0.003457669 0.999993980 6.463932514
0.999999523 0.000883772 0.000420616 0.139128253 -0.000885115 0.999994457 0.003203775 -0.219437376 -0.000417783 -0.003204145 0.999994755 6.739923000
0.999998391 0.001660650 0.000706950 0.138936371 -0.001663207 0.999991953 0.003632205 -0.235005453 -0.000700913 -0.003633375 0.999993145 7.032472134
0.999999523 0.000858443 0.000500701 0.143885598 -0.000860349 0.999992311 0.003818811 -0.241394088 -0.000497419 -0.003819240 0.999992549 7.335334301
0.999999046 0.001205148 0.000650164 0.153946117 -0.001207620 0.999991953 0.003815278 -0.253062516 -0.000645561 -0.003816060 0.999992430 7.643552780
0.999999046 0.001039420 0.000882899 0.159591317 -0.001043095 0.999990702 0.004172050 -0.264187336 -0.000878554 -0.004172967 0.999990940 7.950511456
0.999998748 0.001341832 0.000829494 0.165473238 -0.001345296 0.999990344 0.004190194 -0.272013783 -0.000823864 -0.004191305 0.999990880 8.283285141
0.999998629 0.001463591 0.000805247 0.172744989 -0.001466962 0.999990046 0.004201575 -0.285531104 -0.000799090 -0.004202750 0.999990761 8.603252411
0.999998152 0.001589889 0.001118108 0.176908910 -0.001594752 0.999989212 0.004361883 -0.293133020 -0.001111161 -0.004363658 0.999989808 8.945424080
0.999999106 0.001146536 0.000665473 0.184774682 -0.001149443 0.999989748 0.004385421 -0.301471025 -0.000660438 -0.004386182 0.999990165 9.277415276
0.999998689 0.001429519 0.000880451 0.192826748 -0.001433805 0.999987125 0.004886894 -0.312825978 -0.000873453 -0.004888149 0.999987721 9.621675491
0.999998808 0.001292338 0.000814955 0.202400208 -0.001296131 0.999988198 0.004670770 -0.324033201 -0.000808909 -0.004671820 0.999988735 9.965914726
0.999998212 0.001608735 0.001020490 0.208272919 -0.001614036 0.999985099 0.005215330 -0.338313639 -0.001012085 -0.005216968 0.999985874 10.316484451
0.999998927 0.001265502 0.000762995 0.222348347 -0.001269582 0.999984801 0.005370374 -0.348501176 -0.000756187 -0.005371337 0.999985278 10.665473938
0.999998569 0.001562839 0.000602378 0.223288491 -0.001565910 0.999985576 0.005132738 -0.355532765 -0.000594347 -0.005133674 0.999986649 11.061790466
0.999997914 0.001548894 0.001269383 0.228437409 -0.001555012 0.999987066 0.004832752 -0.360243559 -0.001261882 -0.004834717 0.999987483 11.437240601
0.999998331 0.001147132 0.001383176 0.238335431 -0.001154176 0.999986231 0.005102927 -0.369556040 -0.001377304 -0.005104516 0.999986053 11.816348076
0.999999106 0.000937843 0.000942999 0.247920081 -0.000942805 0.999985635 0.005275490 -0.388798535 -0.000938038 -0.005276375 0.999985635 12.208541870
0.999998331 0.001436392 0.001111105 0.254784316 -0.001442519 0.999983668 0.005533490 -0.399640083 -0.001103139 -0.005535084 0.999984086 12.598125458
0.999998927 0.001007165 0.001069006 0.257922262 -0.001013197 0.999983490 0.005656810 -0.408740044 -0.001063291 -0.005657887 0.999983430 12.998194695
0.999998331 0.001205335 0.001321118 0.266315401 -0.001212439 0.999984741 0.005389429 -0.421412468 -0.001314601 -0.005391022 0.999984622 13.404141426
0.999997318 0.001464560 0.001749677 0.273705244 -0.001473679 0.999985278 0.005222423 -0.432131648 -0.001742003 -0.005224988 0.999984860 13.809206009
0.999997437 0.001227846 0.001913142 0.277680933 -0.001238186 0.999984562 0.005412753 -0.437023222 -0.001906466 -0.005415108 0.999983549 14.253358841
0.999997675 0.000935338 0.001935415 0.291895032 -0.000945710 0.999985039 0.005365117 -0.448457718 -0.001930368 -0.005366934 0.999983788 14.675704956
0.999997556 0.000634373 0.002094643 0.303443640 -0.000646641 0.999982595 0.005861505 -0.463572025 -0.002090888 -0.005862846 0.999980628 15.104262352
0.999996841 0.001263523 0.002160564 0.317367196 -0.001276335 0.999981463 0.005938881 -0.476136923 -0.002153020 -0.005941620 0.999980032 15.555229187
0.999995887 0.001226889 0.002600648 0.326067716 -0.001242650 0.999980807 0.006067514 -0.492523879 -0.002593153 -0.006070721 0.999978185 15.984712601
0.999995947 0.000839543 0.002698471 0.337856740 -0.000856279 0.999980390 0.006206923 -0.499982566 -0.002693207 -0.006209210 0.999977052 16.434913635
0.999992907 0.001218649 0.003563745 0.338358968 -0.001238437 0.999983847 0.005555579 -0.508772969 -0.003556917 -0.005559953 0.999978244 16.883401871
0.999992013 0.001470001 0.003714846 0.351869881 -0.001491509 0.999982119 0.005793744 -0.517696381 -0.003706263 -0.005799239 0.999976337 17.348138809
0.999990404 0.001128902 0.004210146 0.363635510 -0.001157586 0.999976039 0.006816802 -0.538625240 -0.004202351 -0.006821609 0.999967992 17.790946960
0.999990344 0.001410931 0.004142155 0.371289551 -0.001434964 0.999982119 0.005805028 -0.538584828 -0.004133890 -0.005810916 0.999974549 18.271657944
0.999987841 0.001697336 0.004613369 0.380662173 -0.001724042 0.999981701 0.005790952 -0.547401011 -0.004603455 -0.005798835 0.999972582 18.740827560
0.999987066 0.002312381 0.004534890 0.399747431 -0.002340279 0.999978304 0.006156196 -0.563962936 -0.004520556 -0.006166729 0.999970794 19.204170227
0.999987066 0.001989285 0.004688876 0.412330270 -0.002016338 0.999981344 0.005772081 -0.571962655 -0.004677306 -0.005781460 0.999972403 19.686948776
0.999985635 0.002093120 0.004936485 0.421613455 -0.002123243 0.999979138 0.006104852 -0.580424428 -0.004923604 -0.006115246 0.999969304 20.179515839
0.999989510 0.001717932 0.004225051 0.442808926 -0.001747456 0.999974012 0.006994241 -0.615942478 -0.004212926 -0.007001552 0.999966562 20.688215256
0.999987960 0.002135808 0.004410272 0.449534893 -0.002163550 0.999977887 0.006295098 -0.616126835 -0.004396729 -0.006304565 0.999970496 21.201477051
0.999989986 0.001918901 0.004041486 0.456995159 -0.001942562 0.999980927 0.005858638 -0.621259153 -0.004030167 -0.005866431 0.999974668 21.702457428
0.999992967 0.001708971 0.003347411 0.463398039 -0.001733041 0.999972522 0.007200872 -0.652340055 -0.003335014 -0.007206622 0.999968469 22.191621780
0.999992371 0.001727244 0.003500816 0.472122639 -0.001752454 0.999972463 0.007211104 -0.657941520 -0.003488265 -0.007217183 0.999967873 22.701005936
0.999992967 0.002315826 0.002932052 0.472933173 -0.002336713 0.999971867 0.007140428 -0.676011682 -0.002915433 -0.007147231 0.999970198 23.218793869
0.999994993 0.002228586 0.002240559 0.486773789 -0.002245384 0.999969184 0.007523367 -0.695365489 -0.002223723 -0.007528361 0.999969125 23.740242004
0.999998331 0.000858661 0.001624984 0.494601607 -0.000869867 0.999975681 0.006908546 -0.703416884 -0.001619013 -0.006909948 0.999974728 24.278619766
0.999997020 0.002098382 0.001240607 0.502389431 -0.002107191 0.999972224 0.007142834 -0.708889604 -0.001225583 -0.007145428 0.999973655 24.813871384
0.999996603 0.002588038 0.000064755 0.522995234 -0.002588464 0.999966383 0.007779211 -0.727394283 -0.000044621 -0.007779352 0.999969721 25.356904984
0.999996781 0.002517371 -0.000415088 0.534305990 -0.002513940 0.999964297 0.008068811 -0.735870421 0.000435385 -0.008067742 0.999967337 25.900573730
0.999995053 0.003107929 -0.000386992 0.531492233 -0.003104937 0.999966979 0.007503367 -0.740163207 0.000410299 -0.007502128 0.999971747 26.468179703
0.999996662 0.002192422 -0.001360884 0.552711248 -0.002181137 0.999963701 0.008238951 -0.765979052 0.001378898 -0.008235956 0.999965131 26.999502182
0.999995947 0.002187791 -0.001792377 0.560591638 -0.002173365 0.999965489 0.008011565 -0.776096463 0.001809843 -0.008007637 0.999966264 27.559934616
0.999993801 0.003039399 -0.001773435 0.566733181 -0.003025564 0.999965370 0.007752272 -0.787944913 0.001796936 -0.007746859 0.999968350 28.113344193
0.999992788 0.002803693 -0.002533944 0.576676905 -0.002782767 0.999962449 0.008224486 -0.799449444 0.002556907 -0.008217377 0.999962986 28.633317947
0.999992847 0.003133215 -0.002130065 0.583504617 -0.003115181 0.999959767 0.008418201 -0.814283669 0.002156355 -0.008411505 0.999962330 29.165046692
0.999991715 0.002754451 -0.002980631 0.592029333 -0.002727907 0.999956846 0.008873569 -0.830443382 0.003004944 -0.008865364 0.999956191 29.734806061
0.999990404 0.003342053 -0.002826917 0.592396617 -0.003317962 0.999958515 0.008484464 -0.837171555 0.002855156 -0.008475003 0.999960005 30.280527115
0.999989152 0.003324015 -0.003237924 0.613611639 -0.003295023 0.999954760 0.008918244 -0.854334712 0.003267422 -0.008907479 0.999954998 30.816017151
0.999987125 0.003631752 -0.003524306 0.613672137 -0.003600837 0.999955356 0.008739062 -0.863225818 0.003555887 -0.008726259 0.999955595 31.365413666
0.999986410 0.003522145 -0.003834098 0.623047769 -0.003488504 0.999955595 0.008745939 -0.873143554 0.003864733 -0.008732446 0.999954343 31.915086746
0.999986768 0.003486805 -0.003788498 0.630945563 -0.003453063 0.999954581 0.008876738 -0.886199355 0.003819278 -0.008863539 0.999953389 32.461139679
0.999985278 0.003718079 -0.003959043 0.635437250 -0.003682702 0.999953568 0.008905709 -0.892866015 0.003991972 -0.008890999 0.999952435 33.011943817
0.999983072 0.004487463 -0.003717467 0.632662594 -0.004453751 0.999949336 0.009027841 -0.904974103 0.003757791 -0.009011131 0.999952316 33.555847168
0.999981046 0.003926455 -0.004745849 0.661107183 -0.003884395 0.999953389 0.008839157 -0.916504979 0.004780334 -0.008820555 0.999949694 34.106742859
0.999981821 0.003746805 -0.004725052 0.665863335 -0.003704106 0.999952435 0.009013473 -0.927191019 0.004758599 -0.008995806 0.999948204 34.652935028
0.999982774 0.003571184 -0.004648017 0.673922658 -0.003528049 0.999950886 0.009256004 -0.942205548 0.004680843 -0.009239445 0.999946356 35.200210571
0.999984026 0.003797599 -0.004179055 0.682067156 -0.003759751 0.999952197 0.009027500 -0.947769880 0.004213138 -0.009011644 0.999950469 35.748992920
0.999984384 0.003101511 -0.004639891 0.697861314 -0.003059740 0.999954939 0.008982550 -0.969518661 0.004667541 -0.008968213 0.999948919 36.279384613
0.999982476 0.003748917 -0.004579634 0.680125833 -0.003707413 0.999952257 0.009037839 -0.975412607 0.004613298 -0.009020702 0.999948680 36.845401764
0.999984145 0.004005270 -0.003940318 0.681714833 -0.003969289 0.999950707 0.009097263 -0.985694766 0.003976561 -0.009081479 0.999950886 37.389408112
0.999984086 0.003979194 -0.003981932 0.691011131 -0.003945787 0.999957204 0.008362905 -0.990639925 0.004015040 -0.008347061 0.999957085 37.926204681
0.999980986 0.004282019 -0.004425414 0.692267895 -0.004240443 0.999947309 0.009361732 -1.013465285 0.004465268 -0.009342791 0.999946296 38.480609894
0.999980927 0.004456653 -0.004281140 0.702052176 -0.004415933 0.999945402 0.009474405 -1.023828745 0.004323131 -0.009455319 0.999945879 39.020347595
0.999981165 0.004383242 -0.004299814 0.709512830 -0.004342905 0.999946892 0.009345986 -1.038040280 0.004340552 -0.009327136 0.999947071 39.568294525
0.999977171 0.004098315 -0.005358360 0.729840636 -0.004044675 0.999942005 0.009983173 -1.054477811 0.005398963 -0.009961274 0.999935746 40.127002716
0.999976754 0.004359839 -0.005229730 0.742995143 -0.004306261 0.999938488 0.010212913 -1.071119070 0.005273935 -0.010190156 0.999934137 40.654476166
0.999975801 0.004522354 -0.005287096 0.749247909 -0.004474825 0.999949813 0.008967123 -1.069388747 0.005327383 -0.008943247 0.999945879 41.229873657
0.999975741 0.004443902 -0.005366163 0.746422708 -0.004394908 0.999948859 0.009107937 -1.073220015 0.005406363 -0.009084132 0.999944150 41.783489227
0.999975920 0.003925125 -0.005725889 0.764690816 -0.003868214 0.999943435 0.009916656 -1.092574000 0.005764488 -0.009894267 0.999934494 42.319820404
0.999970973 0.004180563 -0.006369326 0.779664993 -0.004118300 0.999943912 0.009757424 -1.099639297 0.006409760 -0.009730910 0.999932110 42.859394073
0.999974668 0.004241962 -0.005712765 0.761420131 -0.004188385 0.999947548 0.009358025 -1.099022865 0.005752162 -0.009333862 0.999939919 43.430011749
0.999977767 0.004648351 -0.004778767 0.761291087 -0.004603285 0.999945223 0.009398458 -1.110637426 0.004822193 -0.009376250 0.999944448 43.983707428
0.999981999 0.003841971 -0.004613263 0.753737748 -0.003795651 0.999942660 0.010007688 -1.130675077 0.004651448 -0.009989996 0.999939203 44.524162292
0.999978721 0.004005944 -0.005156248 0.763053715 -0.003955383 0.999944329 0.009778902 -1.138045073 0.005195135 -0.009758297 0.999938846 45.067985535
0.999981344 0.003802459 -0.004777103 0.774387062 -0.003754815 0.999943435 0.009943224 -1.148364186 0.004814642 -0.009925102 0.999939084 45.633934021
0.999981105 0.004012471 -0.004647594 0.783797979 -0.003966503 0.999943495 0.009857949 -1.154716253 0.004686887 -0.009839329 0.999940574 46.183517456
0.999980867 0.003485896 -0.005095941 0.791815042 -0.003434143 0.999942780 0.010129473 -1.171529651 0.005130959 -0.010111780 0.999935687 46.738147736
0.999980509 0.004374275 -0.004452357 0.795772731 -0.004329881 0.999941289 0.009932209 -1.180448771 0.004495542 -0.009912737 0.999940753 47.291702271
0.999981761 0.003216860 -0.005114378 0.803003967 -0.003166386 0.999946535 0.009846522 -1.180414319 0.005145780 -0.009830149 0.999938369 47.839679718
0.999981105 0.003431474 -0.005088415 0.816774428 -0.003380897 0.999945223 0.009915066 -1.192208529 0.005122159 -0.009897676 0.999937892 48.387355804
0.999979794 0.003218645 -0.005479821 0.827880383 -0.003167223 0.999951124 0.009366676 -1.190737605 0.005509702 -0.009349131 0.999941111 48.952884674
0.999980807 0.002988949 -0.005426602 0.835718155 -0.002936435 0.999949098 0.009659469 -1.205942869 0.005455198 -0.009643349 0.999938607 49.496334076
0.999982059 0.003024649 -0.005162536 0.845244050 -0.002976577 0.999952316 0.009294190 -1.209082365 0.005190402 -0.009278656 0.999943495 50.052482605
0.999981701 0.002731819 -0.005389870 0.842847705 -0.002682924 0.999955356 0.009058228 -1.215410829 0.005414374 -0.009043601 0.999944448 50.599628448
0.999981105 0.002708668 -0.005520226 0.849857390 -0.002660706 0.999958754 0.008677341 -1.223562479 0.005543502 -0.008662488 0.999947131 51.145877838
0.999983072 0.003310017 -0.004801967 0.853908837 -0.003268907 0.999958098 0.008543660 -1.233685732 0.004830047 -0.008527817 0.999951959 51.691780090
0.999977291 0.003016170 -0.006013259 0.873647571 -0.002963857 0.999957860 0.008689851 -1.245074391 0.006039215 -0.008671831 0.999944150 52.244201660
0.999979675 0.002616501 -0.005807252 0.878953636 -0.002567048 0.999960542 0.008506818 -1.254294157 0.005829280 -0.008491738 0.999946952 52.796882629
0.999981582 0.002429324 -0.005565006 0.882803917 -0.002381560 0.999960423 0.008573464 -1.263300896 0.005585613 -0.008560052 0.999947786 53.355331421
0.999980450 0.002657053 -0.005655815 0.889695883 -0.002608777 0.999960184 0.008525758 -1.274542928 0.005678243 -0.008510835 0.999947667 53.896690369
0.999982238 0.003312087 -0.004965770 0.893825650 -0.003270027 0.999958873 0.008454128 -1.284544468 0.004993567 -0.008437739 0.999951959 54.445152283
0.999982297 0.002559960 -0.005374744 0.901462018 -0.002514179 0.999960601 0.008507356 -1.293399334 0.005396311 -0.008493691 0.999949396 54.982154846
0.999981105 0.002784708 -0.005492208 0.907464266 -0.002741994 0.999966025 0.007769399 -1.299722552 0.005513656 -0.007754193 0.999954760 55.535461426
0.999980450 0.003028279 -0.005466186 0.920606673 -0.002982267 0.999960244 0.008406214 -1.312360764 0.005491426 -0.008389750 0.999949694 56.090515137
0.999980390 0.002664805 -0.005662127 0.926792860 -0.002619084 0.999964058 0.008067083 -1.317698121 0.005683421 -0.008052095 0.999951422 56.645385742
0.999982417 0.002958460 -0.005134773 0.935532868 -0.002914400 0.999959052 0.008567028 -1.342258692 0.005159908 -0.008551911 0.999950111 57.172283173
0.999979079 0.002870010 -0.005784410 0.949470878 -0.002820213 0.999959052 0.008598610 -1.344347239 0.005808850 -0.008582117 0.999946296 57.742877960
0.999979794 0.002831952 -0.005679707 0.948991418 -0.002785133 0.999962270 0.008234172 -1.352128744 0.005702810 -0.008218186 0.999950051 58.305728912
0.999981403 0.002613360 -0.005504752 0.958762050 -0.002571151 0.999967277 0.007660856 -1.358509660 0.005524592 -0.007646560 0.999955475 58.833213806
0.999983311 0.002842454 -0.005036474 0.961882234 -0.002804261 0.999967396 0.007574167 -1.360964775 0.005057839 -0.007559916 0.999958575 59.387413025
0.999983907 0.002923804 -0.004869684 0.968137741 -0.002886733 0.999966979 0.007602477 -1.374874115 0.004891751 -0.007588298 0.999959171 59.941116333
0.999979496 0.003413958 -0.005419056 0.978588581 -0.003376222 0.999970198 0.006957284 -1.377950072 0.005442645 -0.006938846 0.999961138 60.488510132
0.999980092 0.002983933 -0.005563151 0.982989907 -0.002944886 0.999971032 0.007014084 -1.385872364 0.005583920 -0.006997561 0.999959946 61.042648315
0.999981642 0.003142097 -0.005189989 0.995677233 -0.003107931 0.999973536 0.006578270 -1.397672772 0.005210521 -0.006562019 0.999964952 61.587791443
0.999980509 0.003285276 -0.005293620 0.998523831 -0.003249852 0.999972343 0.006686590 -1.402971387 0.005315441 -0.006669256 0.999963641 62.134929657
0.999972463 0.003271482 -0.006654650 1.011927009 -0.003225731 0.999971151 0.006874172 -1.419171095 0.006676946 -0.006852516 0.999954283 62.691890717
0.999980688 0.003336698 -0.005246587 1.009144425 -0.003301363 0.999971926 0.006729203 -1.427046418 0.005268893 -0.006711752 0.999963582 63.230815887
0.999981105 0.003010084 -0.005358866 1.016221642 -0.002974827 0.999973953 0.006575065 -1.434280396 0.005378518 -0.006558999 0.999964058 63.781768799
0.999982595 0.003419064 -0.004803528 1.016142607 -0.003386242 0.999970973 0.006824442 -1.450753331 0.004826721 -0.006808057 0.999965191 64.327522278
0.999980390 0.003513709 -0.005178406 1.027424812 -0.003484076 0.999977589 0.005720219 -1.445236444 0.005198389 -0.005702065 0.999970198 64.884307861
0.999979973 0.004051193 -0.004859806 1.035455346 -0.004024838 0.999977231 0.005420756 -1.453269720 0.004881656 -0.005401087 0.999973476 65.425460815
0.999978185 0.004202240 -0.005073422 1.048375487 -0.004176162 0.999978125 0.005140016 -1.463968396 0.005094910 -0.005118717 0.999973893 65.978996277
0.999982119 0.004477556 -0.003942897 1.044644475 -0.004455560 0.999974608 0.005569888 -1.474751472 0.003967736 -0.005552221 0.999976754 66.531837463
0.999981821 0.003003324 -0.005232758 1.058159232 -0.002977696 0.999983549 0.004898523 -1.472567797 0.005247384 -0.004882853 0.999974310 67.051414490
0.999981523 0.003045602 -0.005263012 1.069588304 -0.003021732 0.999985158 0.004537348 -1.480972528 0.005276753 -0.004521361 0.999975860 67.605285645
0.999982119 0.002223824 -0.005546017 1.075484037 -0.002200762 0.999989033 0.004160868 -1.484212041 0.005555208 -0.004148589 0.999975979 68.150924683
0.999983370 0.002548474 -0.005182723 1.079156041 -0.002528884 0.999989629 0.003782786 -1.502508879 0.005192310 -0.003769617 0.999979436 68.694938660
0.999984860 0.003260795 -0.004443954 1.086565256 -0.003243829 0.999987423 0.003819797 -1.513201714 0.004456354 -0.003805324 0.999982834 69.240936279
0.999981999 0.002673067 -0.005371058 1.095612645 -0.002650474 0.999987602 0.004209252 -1.529087067 0.005382244 -0.004194941 0.999976635 69.785324097
0.999984741 0.002995649 -0.004641798 1.102222323 -0.002975485 0.999986112 0.004344739 -1.542576671 0.004654749 -0.004330861 0.999979734 70.328132629
0.999984026 0.003494459 -0.004436965 1.105236650 -0.003473188 0.999982476 0.004792638 -1.553223133 0.004453634 -0.004777150 0.999978662 70.879722595
0.999982774 0.002841251 -0.005126377 1.118711591 -0.002819277 0.999986827 0.004288375 -1.569459558 0.005138494 -0.004273849 0.999977648 71.419342041
0.999976277 0.002449613 -0.006439886 1.138108730 -0.002423623 0.999988914 0.004040662 -1.584257960 0.006449712 -0.004024959 0.999971092 71.964492798
0.999982178 0.003108811 -0.005096988 1.132971168 -0.003086027 0.999985218 0.004471838 -1.595527887 0.005110815 -0.004456029 0.999976993 72.511230469
0.999979258 0.003452467 -0.005436616 1.142983675 -0.003430525 0.999985874 0.004040025 -1.608237743 0.005450487 -0.004021291 0.999976993 73.058151245
0.999981523 0.003493939 -0.004960286 1.141465187 -0.003472532 0.999984622 0.004317500 -1.622147799 0.004975295 -0.004300195 0.999978364 73.593444824
0.999982238 0.003331821 -0.004945018 1.146492600 -0.003309293 0.999984145 0.004557015 -1.637895226 0.004960123 -0.004540570 0.999977410 74.128944397
0.999982774 0.003004891 -0.005037183 1.158592939 -0.002982394 0.999985576 0.004467553 -1.651231885 0.005050535 -0.004452453 0.999977350 74.680168152
0.999983728 0.002997250 -0.004850563 1.168368578 -0.002973810 0.999983847 0.004832273 -1.665374279 0.004864968 -0.004817770 0.999976575 75.233177185
0.999982834 0.002504548 -0.005296191 1.178838730 -0.002479493 0.999985754 0.004732053 -1.676135063 0.005307967 -0.004718841 0.999974787 75.771675110
0.999985218 0.002260706 -0.004937029 1.186109900 -0.002237907 0.999986768 0.004618626 -1.687466145 0.004947404 -0.004607508 0.999977171 76.312782288
0.999984443 0.003282195 -0.004511761 1.186668158 -0.003259049 0.999981523 0.005128024 -1.703970194 0.004528509 -0.005113240 0.999976754 76.855445862
0.999983490 0.002748384 -0.005066719 1.201854706 -0.002722383 0.999983072 0.005131470 -1.721274972 0.005080738 -0.005117591 0.999973953 77.396789551
0.999986172 0.002056865 -0.004848667 1.208842754 -0.002035894 0.999988496 0.004325802 -1.721806884 0.004857509 -0.004315871 0.999978900 77.954742432
0.999984741 0.002121676 -0.005103549 1.211450219 -0.002098005 0.999987066 0.004639029 -1.743055224 0.005113325 -0.004628250 0.999976218 78.481552124
0.999985516 0.001712248 -0.005094255 1.227810264 -0.001690726 0.999989688 0.004226157 -1.753006458 0.005101439 -0.004217484 0.999978065 79.039115906
0.999984026 0.002756415 -0.004933181 1.237408280 -0.002738401 0.999989569 0.003654578 -1.754835486 0.004943203 -0.003641010 0.999981165 79.578468323
0.999985397 0.002627128 -0.004730031 1.241672754 -0.002611174 0.999990880 0.003375983 -1.765725851 0.004738857 -0.003363582 0.999983132 80.127891541
0.999983609 0.002328981 -0.005227102 1.259140849 -0.002308556 0.999989688 0.003910351 -1.787208557 0.005236155 -0.003898220 0.999978721 80.660247803
0.999986410 0.002781000 -0.004403344 1.266843081 -0.002762551 0.999987423 0.004190241 -1.801112890 0.004414942 -0.004178020 0.999981463 81.212265015
0.999990821 0.002901545 -0.003152871 1.274564505 -0.002888170 0.999986827 0.004238395 -1.816612840 0.003165128 -0.004229250 0.999986053 81.758255005
0.999993503 0.003099089 -0.001828772 1.283506989 -0.003092026 0.999987781 0.003852530 -1.826182127 0.001840689 -0.003846850 0.999990880 82.294197083
0.999997497 0.002246775 -0.000016306 1.289251685 -0.002246689 0.999989152 0.004072977 -1.839256525 0.000025458 -0.004072931 0.999991655 82.826614380
0.999991536 0.003165395 0.002627489 1.324097633 -0.003174717 0.999988675 0.003551022 -1.856476545 -0.002616219 -0.003559333 0.999990225 83.379692078
0.999973953 0.002466933 0.006781774 1.336996794 -0.002494112 0.999988854 0.004002151 -1.856278062 -0.006771826 -0.004018961 0.999969006 83.921463013
0.999946237 0.002006639 0.010173963 1.338775992 -0.002047800 0.999989748 0.004036900 -1.882807970 -0.010165756 -0.004057517 0.999940038 84.448844910
0.999894917 0.002509856 0.014274663 1.373713374 -0.002566061 0.999989033 0.003920373 -1.897181273 -0.014264670 -0.003956591 0.999890387 84.986572266
0.999782741 0.002978225 0.020628717 1.394034982 -0.003064757 0.999986649 0.004164349 -1.906283498 -0.020616038 -0.004226667 0.999778509 85.535385132
0.999664426 0.002130355 0.025814638 1.434076667 -0.002227078 0.999990582 0.003718671 -1.918291330 -0.025806464 -0.003774915 0.999659777 86.064102173
0.999505579 0.002047383 0.031373817 1.467312813 -0.002163285 0.999990880 0.003660717 -1.928606749 -0.031366047 -0.003726778 0.999500990 86.606910706
0.999186099 0.002283923 0.040272798 1.501481295 -0.002422825 0.999991298 0.003400540 -1.924684763 -0.040264685 -0.003495346 0.999183059 87.184257507
0.998839557 0.001802912 0.048127081 1.554618835 -0.001975829 0.999991775 0.003545584 -1.940091014 -0.048120301 -0.003636561 0.998834968 87.725067139
0.998470843 0.001906625 0.055247895 1.583848953 -0.002113863 0.999990940 0.003692862 -1.955070496 -0.055240344 -0.003804000 0.998465955 88.221389771
0.997923970 0.002240377 0.064363994 1.639243603 -0.002468369 0.999990940 0.003462917 -1.966003060 -0.064355657 -0.003614602 0.997920454 88.781028748
0.997215450 0.002112444 0.074544191 1.700546741 -0.002385909 0.999990761 0.003579634 -1.979755163 -0.074535951 -0.003747523 0.997211277 89.312576294
0.996560752 0.002058129 0.082839482 1.773516178 -0.002317702 0.999992669 0.003037384 -1.993798733 -0.082832627 -0.003218935 0.996558249 89.905921936
0.995895982 0.001746781 0.090487048 1.842561245 -0.001998503 0.999994397 0.002691330 -2.006223679 -0.090481840 -0.002861124 0.995894015 90.460700989
0.994854271 0.001190788 0.101309128 1.924234390 -0.001590358 0.999991298 0.003863384 -2.048527718 -0.101303644 -0.004004621 0.994847476 90.983940125
0.993693769 0.001554144 0.112117432 1.998079300 -0.001991231 0.999990761 0.003786606 -2.061748743 -0.112110518 -0.003985978 0.993687749 91.548194885
0.992594004 0.000790621 0.121476643 2.083927155 -0.001251326 0.999992311 0.003716301 -2.076989174 -0.121472768 -0.003840785 0.992587328 92.087692261
0.991192400 0.000547003 0.132428452 2.172821999 -0.001071975 0.999991775 0.003892929 -2.083019733 -0.132425219 -0.004000601 0.991184950 92.610824585
0.989549518 0.000173394 0.144193366 2.276071548 -0.000746451 0.999992013 0.003920142 -2.099881649 -0.144191504 -0.003986808 0.989541769 93.157653809
0.987937570 0.000110994 0.154853076 2.381530762 -0.000754934 0.999991298 0.004099597 -2.118700504 -0.154851288 -0.004167050 0.987928987 93.705299377
0.986118495 -0.000079870 0.166042700 2.487523079 -0.000571887 0.999992311 0.003877423 -2.124163151 -0.166041747 -0.003918556 0.986110866 94.255050659
0.984079301 -0.000723388 0.177728415 2.615141869 -0.000045673 0.999990702 0.004323038 -2.140017509 -0.177729920 -0.004262330 0.984070003 94.750289917
0.981536865 -0.000885379 0.191271052 2.723970413 0.000087594 0.999991238 0.004179376 -2.155485630 -0.191273078 -0.004085458 0.981528342 95.291366577
0.979529440 -0.000757308 0.201299459 2.859678268 -0.000062590 0.999991715 0.004066635 -2.161040783 -0.201300874 -0.003995987 0.979521334 95.832046509
0.976870120 -0.000997956 0.213830918 3.008041382 0.000103149 0.999991179 0.004195763 -2.175763369 -0.213833198 -0.004076658 0.976861715 96.360275269
0.973787189 -0.001526229 0.227455825 3.156585693 0.000535450 0.999990106 0.004417559 -2.188592672 -0.227460325 -0.004179971 0.973778367 96.889511108
0.970834136 -0.000840606 0.239750549 3.264062881 -0.000198137 0.999990702 0.004308458 -2.211328506 -0.239751950 -0.004230300 0.970824957 97.451828003
0.967715561 -0.001119061 0.252041996 3.426273346 0.000015443 0.999990463 0.004380642 -2.228005648 -0.252044469 -0.004235324 0.967706382 97.983032227
0.964258909 -0.001238260 0.264958858 3.598958969 -0.000011275 0.999988854 0.004714390 -2.239974022 -0.264961749 -0.004548879 0.964248180 98.484046936
0.960744858 -0.001124404 0.277431399 3.766653061 -0.000069705 0.999990702 0.004294264 -2.248743534 -0.277433634 -0.004145030 0.960735857 99.008087158
0.957408309 -0.002240434 0.288728803 3.953783035 0.000922134 0.999988556 0.004701820 -2.261137247 -0.288736016 -0.004235315 0.957399428 99.523696899
0.953165829 -0.002004568 0.302441567 4.120309830 0.000498362 0.999987066 0.005057240 -2.277177811 -0.302447855 -0.004669663 0.953154504 100.017494202
0.948812544 -0.002115405 0.315832764 4.315279007 0.000577922 0.999987543 0.004961611 -2.288275242 -0.315839320 -0.004525112 0.948801875 100.538215637
0.944815099 -0.003209908 0.327588141 4.512777328 0.001752951 0.999987245 0.004742699 -2.293863058 -0.327599198 -0.003906728 0.944808722 101.044761658
0.940207958 -0.003522995 0.340582520 4.721471786 0.002228217 0.999988735 0.004192724 -2.301865339 -0.340593457 -0.003183140 0.940205276 101.559127808
0.934849977 -0.003499195 0.355025738 4.938730240 0.002220551 0.999989629 0.004008939 -2.309746742 -0.355036050 -0.002959404 0.934847951 102.070892334
0.930221319 -0.004046790 0.366976738 5.155399323 0.002349995 0.999984384 0.005070382 -2.335638046 -0.366991460 -0.003854184 0.930216312 102.579818726
0.925841212 -0.004630392 0.377884269 5.387464523 0.003316736 0.999986053 0.004127072 -2.342360497 -0.377898067 -0.002567672 0.925843596 103.083549500
0.919639051 -0.004491458 0.392738938 5.617683411 0.002778392 0.999984086 0.004930165 -2.356240988 -0.392754734 -0.003442790 0.919636786 103.581535339
0.914076328 -0.005399586 0.405506253 5.864467621 0.003814561 0.999981523 0.004716787 -2.363314152 -0.405524313 -0.002764676 0.914080083 104.086585999
0.909142017 -0.005858183 0.416445017 6.109745026 0.004300334 0.999979734 0.004678769 -2.377000332 -0.416464031 -0.002462812 0.909148872 104.569992065
0.902717829 -0.006006654 0.430190921 6.382785797 0.004422730 0.999979258 0.004681763 -2.384947777 -0.430209994 -0.002323693 0.902725935 105.083900452
0.896601677 -0.006217245 0.442794114 6.652374268 0.004244683 0.999976218 0.005445662 -2.409130573 -0.442817330 -0.003003070 0.896606863 105.552856445
0.890258372 -0.007191247 0.455398977 6.914489746 0.005454163 0.999971986 0.005128319 -2.423011303 -0.455423117 -0.002081709 0.890272677 106.040893555
0.884617686 -0.007620591 0.466254681 7.187419891 0.005654753 0.999968231 0.005615074 -2.437211990 -0.466282666 -0.002330639 0.884632647 106.516052246
0.877382100 -0.007752438 0.479729712 7.453620911 0.005730809 0.999967575 0.005678357 -2.449077368 -0.479758084 -0.002232849 0.877397895 106.973258972
