1.000000000 0.000000000 0.000000000 0.000000000 0.000000000 1.000000000 0.000000000 0.000000000 0.000000000 0.000000000 1.000000000 0.000000000
1.000000000 0.000041684 -0.000021564 0.000443591 -0.000041683 1.000000000 0.000013526 -0.000358452 0.000021564 -0.000013525 1.000000000 0.001361112
1.000000000 0.000007074 -0.000015535 0.001097861 -0.000007074 1.000000000 0.000046363 -0.000761714 0.000015536 -0.000046363 1.000000000 0.000984335
1.000000000 -0.000025709 -0.000054621 0.001607222 0.000025706 1.000000000 -0.000037981 -0.000766655 0.000054622 0.000037979 1.000000000 -0.000955447
1.000000000 -0.000054487 -0.000088130 0.001309887 0.000054495 1.000000000 0.000085926 -0.000942879 0.000088125 -0.000085930 1.000000000 -0.000106856
1.000000000 -0.000022451 -0.000068543 -0.000779600 0.000022448 1.000000000 -0.000043288 0.001425427 0.000068544 0.000043287 1.000000000 0.002103435
1.000000000 -0.000095980 -0.000069053 0.000862076 0.000095987 1.000000000 0.000099889 -0.000541473 0.000069043 -0.000099895 1.000000000 0.000559548
1.000000000 -0.000034354 -0.000008516 -0.000371982 0.000034354 1.000000000 0.000077478 -0.001090347 0.000008513 -0.000077479 1.000000000 -0.000808964
1.000000000 0.000065627 -0.000040276 0.001066279 -0.000065623 1.000000000 0.000084974 -0.000866615 0.000040282 -0.000084972 1.000000000 -0.001859856
1.000000000 0.000056360 0.000007154 -0.000232473 -0.000056360 1.000000000 0.000072987 0.000157449 -0.000007149 -0.000072987 1.000000000 0.001994153
1.000000000 0.000035333 0.000000683 0.000014973 -0.000035333 1.000000000 0.000028786 -0.000457221 -0.000000682 -0.000028786 1.000000000 0.000034625
1.000000000 -0.000052513 -0.000092952 0.000845053 0.000052522 1.000000000 0.000094377 -0.000829282 0.000092947 -0.000094382 1.000000000 -0.000955125
1.000000000 -0.000041528 -0.000037080 0.000377511 0.000041528 1.000000000 0.000007283 0.000399924 0.000037080 -0.000007285 1.000000000 0.001783134
1.000000000 -0.000137301 -0.000106705 0.000674009 0.000137314 1.000000000 0.000122133 -0.000027279 0.000106688 -0.000122147 1.000000000 0.000052266
1.000000000 0.000010626 -0.000090541 0.001281697 -0.000010623 1.000000000 0.000039683 -0.000338649 0.000090541 -0.000039682 1.000000000 -0.003582431
1.000000000 -0.000054518 -0.000135717 0.003081578 0.000054533 1.000000000 0.000111210 -0.001062981 0.000135711 -0.000111218 1.000000000 -0.002260813
1.000000000 -0.000055571 -0.000090569 0.002521624 0.000055581 1.000000000 0.000111939 -0.001427561 0.000090563 -0.000111944 1.000000000 -0.002870805
1.000000000 -0.000066460 -0.000084291 0.002818863 0.000066465 1.000000000 0.000054174 -0.000561004 0.000084288 -0.000054180 1.000000000 -0.001445365
1.000000000 0.000079600 -0.000072604 0.001838855 -0.000079591 1.000000000 0.000115179 -0.001143461 0.000072613 -0.000115173 1.000000000 -0.002755645
1.000000000 -0.000100788 -0.000100298 0.002662174 0.000100799 1.000000000 0.000107472 -0.001805469 0.000100287 -0.000107482 1.000000000 -0.004095421
1.000000000 -0.000098462 -0.000101069 0.001445724 0.000098470 1.000000000 0.000076247 0.000174946 0.000101062 -0.000076257 1.000000000 0.001792667
1.000000000 -0.000122373 -0.000092969 0.001189072 0.000122386 1.000000000 0.000132999 -0.002209575 0.000092953 -0.000133010 1.000000000 -0.005393556
1.000000000 0.000052727 -0.000112303 0.003181141 -0.000052713 1.000000000 0.000121978 -0.001096476 0.000112309 -0.000121972 1.000000000 -0.002102540
1.000000000 -0.000058820 -0.000145704 0.002740889 0.000058833 1.000000000 0.000084506 -0.000992022 0.000145699 -0.000084515 1.000000000 -0.002345935
1.000000000 -0.000089099 -0.000114269 0.002215502 0.000089110 1.000000000 0.000092689 -0.001316689 0.000114260 -0.000092699 1.000000000 -0.002836219
1.000000000 -0.000038644 -0.000136649 0.002991977 0.000038653 1.000000000 0.000068981 -0.000458273 0.000136646 -0.000068987 1.000000000 -0.001355308
1.000000000 -0.000054541 -0.000082500 0.003196243 0.000054544 1.000000000 0.000036856 -0.000456114 0.000082498 -0.000036860 1.000000000 -0.001555325
1.000000000 -0.000152670 -0.000160466 0.002238166 0.000152693 1.000000000 0.000138552 -0.000807206 0.000160445 -0.000138577 1.000000000 -0.003446249
1.000000000 -0.000169402 -0.000114083 0.001847269 0.000169412 1.000000000 0.000084770 -0.001667519 0.000114069 -0.000084790 1.000000000 -0.001442116
1.000000000 -0.000030168 -0.000174929 0.004395759 0.000030203 1.000000000 0.000203366 -0.002645985 0.000174923 -0.000203371 0.999999940 -0.004861073
1.000000000 -0.000160577 -0.000171391 0.004482897 0.000160594 1.000000000 0.000100104 -0.001213516 0.000171375 -0.000100132 1.000000000 -0.002831259
1.000000000 -0.000091008 -0.000157657 0.003305819 0.000091024 1.000000000 0.000097807 -0.000782863 0.000157649 -0.000097822 1.000000000 -0.002952959
1.000000000 -0.000124107 -0.000123835 0.003498330 0.000124123 1.000000000 0.000132293 -0.001420223 0.000123819 -0.000132309 1.000000000 -0.004822636
1.000000000 0.000012743 -0.000064425 0.001914141 -0.000012739 1.000000000 0.000068007 -0.000212080 0.000064426 -0.000068006 1.000000000 -0.001666684
1.000000000 -0.000032810 -0.000094464 0.002033749 0.000032821 1.000000000 0.000108200 -0.000750907 0.000094460 -0.000108204 1.000000000 -0.001518693
1.000000000 -0.000164080 -0.000110157 0.002339072 0.000164099 1.000000000 0.000173212 -0.002789471 0.000110128 -0.000173230 1.000000000 -0.004138430
1.000000000 -0.000094571 -0.000151933 0.003222572 0.000094585 1.000000000 0.000094077 -0.000658595 0.000151924 -0.000094092 1.000000000 -0.002981995
1.000000000 -0.000080675 -0.000160560 0.005250448 0.000080701 1.000000000 0.000159957 -0.001444406 0.000160547 -0.000159970 1.000000000 -0.005639508
1.000000000 -0.000072905 -0.000082664 0.001606133 0.000072912 1.000000000 0.000090982 -0.000761931 0.000082657 -0.000090988 1.000000000 -0.002767255
0.999999940 -0.000172488 -0.000179988 0.003118747 0.000172518 1.000000000 0.000171821 -0.001896279 0.000179958 -0.000171852 0.999999940 -0.004969998
1.000000000 -0.000063033 -0.000171422 0.004536688 0.000063043 1.000000000 0.000060144 -0.001720452 0.000171418 -0.000060155 1.000000000 -0.002027133
1.000000000 -0.000220480 -0.000042680 0.002261309 0.000220458 0.999999821 -0.000519404 -0.003034076 0.000042795 0.000519394 0.999999881 0.049912687
1.000000000 0.000037166 -0.000112241 0.004115049 -0.000037294 0.999999344 -0.001141390 -0.005797755 0.000112199 0.001141395 0.999999344 0.137987688
1.000000000 -0.000013241 -0.000004874 0.005171658 0.000013234 0.999998927 -0.001459273 -0.009198947 0.000004893 0.001459273 0.999998927 0.254618764
1.000000000 0.000010146 -0.000007626 0.008252669 -0.000010157 0.999998927 -0.001455001 -0.012095072 0.000007611 0.001455002 0.999998927 0.387470990
1.000000000 0.000032042 -0.000013571 0.010816238 -0.000032059 0.999999285 -0.001210897 -0.017044971 0.000013532 0.001210897 0.999999285 0.526973546
1.000000000 0.000186646 0.000038009 0.014805257 -0.000186607 0.999999464 -0.001039766 -0.023811143 -0.000038203 0.001039759 0.999999464 0.679705203
1.000000000 0.000020854 0.000132663 0.014491240 -0.000020738 0.999999642 -0.000872891 -0.029270345 -0.000132682 0.000872888 0.999999583 0.843655229
0.999999881 0.000404326 0.000288011 0.013932388 -0.000404118 0.999999642 -0.000720062 -0.028284129 -0.000288302 0.000719945 0.999999702 1.020681739
0.999999940 0.000297276 0.000045180 0.024083398 -0.000297250 0.999999821 -0.000571540 -0.036290422 -0.000045350 0.000571526 0.999999821 1.188260317
1.000000000 -0.000092982 -0.000002012 0.030316841 0.000092982 0.999999881 0.000265204 -0.046506844 0.000001988 -0.000265204 0.999999881 1.367800117
0.999999940 -0.000039332 -0.000210118 0.035878833 0.000039383 0.999999881 0.000243010 -0.049977772 0.000210108 -0.000243018 0.999999881 1.560738564
0.999999881 -0.000229129 -0.000202524 0.020735731 0.000229287 0.999999583 0.000778080 -0.066863477 0.000202345 -0.000778127 0.999999702 1.761574626
0.999999881 -0.000113481 -0.000376749 0.028077485 0.000113811 0.999999583 0.000875915 -0.072548188 0.000376649 -0.000875958 0.999999583 1.966907978
0.999999940 -0.000238753 -0.000174336 0.031192269 0.000238909 0.999999523 0.000893223 -0.078238033 0.000174122 -0.000893265 0.999999642 2.174365520
0.999999881 0.000269763 -0.000167231 0.030578541 -0.000269597 0.999999464 0.000997394 -0.083307870 0.000167500 -0.000997348 0.999999523 2.388643026
0.999999940 0.000242787 -0.000299435 0.034391742 -0.000242333 0.999998808 0.001512301 -0.092395186 0.000299801 -0.001512228 0.999998808 2.616577625
0.999999940 -0.000043193 -0.000329858 0.039035127 0.000043709 0.999998748 0.001564771 -0.100280546 0.000329790 -0.001564785 0.999998689 2.842898607
0.999999940 0.000040955 -0.000230209 0.042012442 -0.000040567 0.999998629 0.001685104 -0.103657693 0.000230278 -0.001685095 0.999998510 3.080681086
0.999999940 -0.000109240 -0.000212270 0.045923036 0.000109584 0.999998629 0.001619993 -0.112153836 0.000212092 -0.001620017 0.999998689 3.320387363
0.999999762 -0.000657146 -0.000023279 0.055845030 0.000657184 0.999998391 0.001683677 -0.127050772 0.000022173 -0.001683692 0.999998569 3.544390440
0.999999881 -0.000373894 -0.000063981 0.062484790 0.000374022 0.999997914 0.002010800 -0.133923054 0.000063230 -0.002010824 0.999997973 3.793452978
0.999999702 -0.000778212 -0.000007284 0.067901105 0.000778225 0.999997973 0.001885658 -0.140936047 0.000005816 -0.001885663 0.999998212 4.055086136
0.999999583 -0.000811881 0.000339220 0.059947394 0.000811015 0.999996364 0.002542980 -0.152021885 -0.000341283 -0.002542703 0.999996722 4.315547466
0.999999583 -0.000864068 0.000364380 0.064582936 0.000863196 0.999996722 0.002386038 -0.156843245 -0.000366441 -0.002385722 0.999997139 4.574429989
0.999999583 -0.000704282 0.000575069 0.072025232 0.000702659 0.999995708 0.002816936 -0.165176973 -0.000577051 -0.002816531 0.999995947 4.828118324
0.999999642 -0.000847387 0.000136315 0.089219622 0.000846983 0.999995232 0.002942012 -0.182044551 -0.000138808 -0.002941896 0.999995649 5.065048218
0.999999642 -0.000882510 -0.000191826 0.095223956 0.000883029 0.999995947 0.002723408 -0.185682982 0.000189422 -0.002723577 0.999996245 5.331893444
0.999999940 -0.000498733 0.000180506 0.099682674 0.000498218 0.999995828 0.002841676 -0.194624513 -0.000181922 -0.002841586 0.999995947 5.604032993
0.999999762 0.000217881 0.000652591 0.098737083 -0.000219677 0.999996185 0.002753251 -0.192813590 -0.000651989 -0.002753394 0.999996006 5.866554260
0.999999881 0.000042758 0.000575327 0.104210697 -0.000044285 0.999996483 0.002653223 -0.201209530 -0.000575212 -0.002653248 0.999996305 6.148279667
0.999999881 -0.000137988 0.000590083 0.108624443 0.000136303 0.999995887 0.002855133 -0.209694058 -0.000590475 -0.002855052 0.999995768 6.429965019
0.999999762 0.000164616 0.000666676 0.115543313 -0.000166506 0.999995947 0.002836904 -0.219055593 -0.000666207 -0.002837015 0.999995768 6.706818104
0.999999702 -0.000782652 -0.000081548 0.138158768 0.000782914 0.999994338 0.003266399 -0.235970363 0.000078991 -0.003266462 0.999994636 7.017755508
0.999999404 -0.001113419 -0.000304461 0.144087255 0.001114417 0.999993920 0.003296284 -0.244125679 0.000300789 -0.003296621 0.999994516 7.324581146
0.999999583 -0.000851188 0.000009711 0.152944833 0.000851152 0.999994278 0.003275159 -0.253520608 -0.000012499 -0.003275150 0.999994576 7.631367683
0.999999046 -0.001329810 -0.000349705 0.165469274 0.001331016 0.999993086 0.003471333 -0.266006768 0.000345086 -0.003471795 0.999993861 7.945795059
0.999999642 -0.000453428 0.000683683 0.153611958 0.000450423 0.999990284 0.004389478 -0.306873232 -0.000685667 -0.004389169 0.999990106 8.237082481
0.999999583 -0.000638647 0.000591221 0.169244200 0.000635911 0.999989212 0.004617583 -0.317511827 -0.000594164 -0.004617206 0.999989152 8.552037239
0.999999523 -0.000038885 0.000942879 0.167723179 0.000034597 0.999989629 0.004547243 -0.322910398 -0.000943046 -0.004547209 0.999989152 8.895379066
0.999999344 -0.000153905 0.001101079 0.175092921 0.000148837 0.999989390 0.004601815 -0.335136712 -0.001101776 -0.004601648 0.999988794 9.254979134
0.999999404 -0.000938934 0.000572205 0.173386693 0.000936637 0.999991536 0.004002403 -0.331421196 -0.000575958 -0.004001865 0.999991775 9.585807800
0.999999523 -0.000482234 0.000931704 0.176915526 0.000478591 0.999992192 0.003906344 -0.336419106 -0.000933581 -0.003905896 0.999991894 9.935893059
0.999999404 -0.000826130 0.000797393 0.183626354 0.000823026 0.999992132 0.003886110 -0.347693861 -0.000800598 -0.003885451 0.999992132 10.301104546
0.999999583 -0.000573226 0.000743835 0.190290585 0.000570150 0.999991238 0.004129228 -0.355054915 -0.000746195 -0.004128802 0.999991179 10.668191910
0.999999404 -0.000633518 0.000909814 0.197218955 0.000629715 0.999991059 0.004173624 -0.363104641 -0.000912450 -0.004173049 0.999990821 11.028179169
0.999999285 -0.000407553 0.001110844 0.197152138 0.000402866 0.999991000 0.004216499 -0.373031467 -0.001112553 -0.004216049 0.999990523 11.402830124
0.999999225 -0.000239517 0.001160205 0.205440253 0.000234649 0.999991119 0.004194593 -0.378995121 -0.001161199 -0.004194317 0.999990582 11.782373428
0.999999225 -0.000897796 0.000819243 0.222672015 0.000894159 0.999989748 0.004428988 -0.397985458 -0.000823211 -0.004428253 0.999989867 12.164479256
0.999999285 0.000007987 0.001185130 0.235460922 -0.000013306 0.999989927 0.004487950 -0.411520034 -0.001185082 -0.004487963 0.999989212 12.569671631
0.999999583 -0.000590423 0.000645899 0.249359995 0.000587489 0.999989510 0.004533572 -0.422541469 -0.000648569 -0.004533191 0.999989450 12.958392143
0.999999225 0.000266194 0.001230072 0.255685210 -0.000272144 0.999988258 0.004839125 -0.432720542 -0.001228769 -0.004839456 0.999987543 13.360466003
0.999998629 0.000401170 0.001592300 0.263957858 -0.000408926 0.999988019 0.004873252 -0.441380620 -0.001590325 -0.004873897 0.999986827 13.771888733
0.999998808 -0.000841435 0.001281053 0.285073429 0.000835040 0.999987245 0.004984092 -0.468277633 -0.001285230 -0.004983016 0.999986768 14.176915169
0.999998331 -0.001297070 0.001293999 0.298501223 0.001290744 0.999987364 0.004877263 -0.481261045 -0.001300309 -0.004875585 0.999987304 14.598895073
0.999997497 -0.001549564 0.001602587 0.309112757 0.001540834 0.999984086 0.005434114 -0.501729071 -0.001610981 -0.005431633 0.999983966 15.000097275
0.999998033 -0.000852446 0.001794077 0.317316502 0.000841698 0.999981761 0.005982738 -0.518220305 -0.001799144 -0.005981218 0.999980509 15.451822281
0.999997020 -0.000981762 0.002224023 0.325378925 0.000968156 0.999980807 0.006110650 -0.527494013 -0.002229980 -0.006108479 0.999978840 15.895351410
0.999996006 -0.000465311 0.002782703 0.335533381 0.000447682 0.999979854 0.006332403 -0.539734602 -0.002785593 -0.006331131 0.999976039 16.336332321
0.999996901 -0.001354184 0.002082244 0.348977119 0.001341623 0.999980927 0.006022041 -0.560186565 -0.002090358 -0.006019230 0.999979675 16.783361435
0.999997079 -0.001184610 0.002113824 0.362419367 0.001171894 0.999981344 0.006006736 -0.570415854 -0.002120900 -0.006004241 0.999979675 17.245914459
0.999995589 -0.001214912 0.002690876 0.373738438 0.001197969 0.999979496 0.006289191 -0.581615448 -0.002698462 -0.006285940 0.999976575 17.707227707
0.999994934 -0.001401764 0.002868281 0.383152604 0.001383489 0.999978781 0.006363166 -0.591729105 -0.002877140 -0.006359166 0.999975622 18.181289673
0.999993145 -0.000760669 0.003626993 0.388398468 0.000736598 0.999977708 0.006633512 -0.599935234 -0.003631958 -0.006630795 0.999971449 18.658109665
0.999993980 -0.001343087 0.003195587 0.407841653 0.001322461 0.999978304 0.006447820 -0.615561068 -0.003204178 -0.006443555 0.999974132 19.120691299
0.999994040 -0.001367603 0.003200016 0.424352437 0.001346132 0.999976635 0.006702164 -0.629294395 -0.003209108 -0.006697815 0.999972403 19.588726044
0.999994934 -0.001149404 0.002963034 0.451158255 0.001129973 0.999977827 0.006551314 -0.643581033 -0.002970499 -0.006547933 0.999974132 20.055088043
0.999994457 -0.001645240 0.002873260 0.462762058 0.001626590 0.999977708 0.006481190 -0.652259886 -0.002883859 -0.006476481 0.999974847 20.553426743
0.999995649 -0.001533213 0.002534664 0.472325981 0.001517259 0.999979019 0.006284295 -0.661145210 -0.002544245 -0.006280422 0.999977052 21.050096512
0.999996901 -0.001459570 0.002008140 0.469668746 0.001445946 0.999976039 0.006769111 -0.690623879 -0.002017972 -0.006766187 0.999975026 21.546831131
0.999997616 -0.001542236 0.001530646 0.477854222 0.001531963 0.999976456 0.006690303 -0.707029402 -0.001540928 -0.006687942 0.999976456 22.048171997
0.999996364 -0.002331614 0.001335222 0.498482466 0.002321754 0.999970317 0.007339287 -0.727259159 -0.001352294 -0.007336160 0.999972165 22.522912979
0.999997675 -0.001817396 0.001124576 0.507949710 0.001809357 0.999973059 0.007108629 -0.738912940 -0.001137465 -0.007106577 0.999974132 23.047456741
0.999996781 -0.002525795 0.000260328 0.520084500 0.002523777 0.999968827 0.007480588 -0.754192591 -0.000279215 -0.007479908 0.999971986 23.531160355
0.999993920 -0.003503368 -0.000132635 0.531060874 0.003504271 0.999965250 0.007562325 -0.773446500 0.000106137 -0.007562742 0.999971390 24.039194107
0.999994695 -0.003131527 -0.000911966 0.535815954 0.003138125 0.999968231 0.007326706 -0.777462900 0.000888993 -0.007329529 0.999972701 24.573778152
0.999992192 -0.003545016 -0.001733639 0.555002034 0.003558545 0.999962747 0.007864071 -0.794350863 0.001705696 -0.007870179 0.999967575 25.104257584
0.999995530 -0.002182274 -0.002052753 0.549293578 0.002198492 0.999966085 0.007932086 -0.807591438 0.002035374 -0.007936563 0.999966383 25.619756699
0.999994934 -0.002386525 -0.002150892 0.557127893 0.002403125 0.999967039 0.007748596 -0.818697691 0.002132329 -0.007753724 0.999967635 26.169071198
0.999989033 -0.003409471 -0.003211995 0.576378942 0.003436576 0.999958217 0.008471448 -0.834094048 0.003182978 -0.008482393 0.999958932 26.737585068
0.999987841 -0.003161327 -0.003789857 0.594084024 0.003195022 0.999955118 0.008918018 -0.858051062 0.003761494 -0.008930018 0.999953032 27.276094437
0.999986291 -0.003034984 -0.004259363 0.607248068 0.003071731 0.999957919 0.008647583 -0.874627471 0.004232938 -0.008660549 0.999953449 27.825181961
0.999984205 -0.002691557 -0.004927248 0.619046807 0.002734320 0.999958515 0.008692769 -0.886727810 0.004903645 -0.008706104 0.999950051 28.365919113
0.999983549 -0.002678549 -0.005070405 0.637433767 0.002723285 0.999957263 0.008836754 -0.914947569 0.005046519 -0.008850416 0.999948084 28.896526337
0.999983311 -0.002476783 -0.005215868 0.642716944 0.002523948 0.999955773 0.009055740 -0.928473651 0.005193209 -0.009068754 0.999945343 29.441890717
0.999976337 -0.003701691 -0.005798596 0.648722589 0.003755255 0.999950111 0.009253935 -0.935680628 0.005764051 -0.009275491 0.999940395 29.918813705
0.999976635 -0.003461892 -0.005902981 0.658957064 0.003517128 0.999949872 0.009372753 -0.949634194 0.005870238 -0.009393296 0.999938607 30.473936081
0.999971747 -0.004025010 -0.006340805 0.661891699 0.004083215 0.999949336 0.009193394 -0.946954250 0.006303481 -0.009219024 0.999937654 30.996366501
0.999968290 -0.004161341 -0.006784047 0.681622267 0.004221726 0.999951363 0.008911236 -0.960401654 0.006746636 -0.008939594 0.999937296 31.541213989
0.999966323 -0.003857057 -0.007240107 0.695324123 0.003920840 0.999953449 0.008816241 -0.977266431 0.007205766 -0.008844332 0.999934912 32.071559906
0.999964237 -0.004535153 -0.007134297 0.677128613 0.004604083 0.999942541 0.009675269 -1.016395092 0.007090008 -0.009707769 0.999927759 32.595680237
0.999959528 -0.004890461 -0.007546876 0.686498463 0.004964165 0.999939859 0.009778659 -1.031775236 0.007498600 -0.009815727 0.999923766 33.135299683
0.999957800 -0.004914229 -0.007755704 0.689992487 0.004990642 0.999938905 0.009864258 -1.036128640 0.007706755 -0.009902548 0.999921262 33.671962738
0.999954224 -0.004855194 -0.008247854 0.705523610 0.004936055 0.999939620 0.009811800 -1.047182202 0.008199719 -0.009852062 0.999917865 34.224681854
0.999953151 -0.005156226 -0.008188765 0.703999281 0.005237699 0.999936700 0.009959347 -1.058113575 0.008136895 -0.010001770 0.999916911 34.758632660
0.999958336 -0.004891168 -0.007699744 0.690364718 0.004969027 0.999936461 0.010125571 -1.070095301 0.007649728 -0.010163411 0.999919057 35.292884827
0.999959230 -0.004154011 -0.008015958 0.688738704 0.004236310 0.999938190 0.010277414 -1.102526069 0.007972770 -0.010310955 0.999915063 35.763946533
0.999961436 -0.004066773 -0.007788638 0.698787510 0.004150090 0.999933958 0.010711150 -1.121088266 0.007744565 -0.010743063 0.999912322 36.299308777
0.999960124 -0.003746296 -0.008107260 0.701482654 0.003832011 0.999936640 0.010583104 -1.130266309 0.008067099 -0.010613751 0.999911129 36.809329987
0.999959290 -0.003796158 -0.008189436 0.710209191 0.003881883 0.999937594 0.010477355 -1.142092228 0.008149153 -0.010508719 0.999911606 37.352375031
0.999956727 -0.003764212 -0.008502404 0.725412369 0.003856293 0.999933779 0.010839717 -1.157496929 0.008461040 -0.010872037 0.999905109 37.924007416
0.999952972 -0.004095522 -0.008789616 0.698324084 0.004187466 0.999936461 0.010467784 -1.154722214 0.008746186 -0.010504100 0.999906600 38.404903412
0.999948144 -0.004417195 -0.009173634 0.710313797 0.004511627 0.999936879 0.010298872 -1.166260123 0.009127564 -0.010339728 0.999904931 38.942794800
0.999945700 -0.004848743 -0.009233375 0.716731966 0.004946997 0.999931157 0.010648223 -1.183093309 0.009181109 -0.010693322 0.999900699 39.487628937
0.999949932 -0.004423697 -0.008972781 0.724691629 0.004518489 0.999933958 0.010571666 -1.189581633 0.008925423 -0.010611681 0.999903917 40.053756714
0.999946415 -0.004307827 -0.009403771 0.727103710 0.004406953 0.999934673 0.010545838 -1.200511217 0.009357727 -0.010586716 0.999900222 40.575897217
0.999953628 -0.004039212 -0.008743277 0.721187830 0.004134889 0.999931455 0.010952635 -1.229387283 0.008698437 -0.010988279 0.999901772 41.076229095
0.999933958 -0.005425641 -0.010133066 0.745772719 0.005539875 0.999921083 0.011279519 -1.245378971 0.010071065 -0.011334908 0.999885082 41.615150452
0.999928832 -0.005712253 -0.010473842 0.758152723 0.005829789 0.999920011 0.011225959 -1.252843499 0.010408877 -0.011286221 0.999882162 42.167495728
0.999927759 -0.005618096 -0.010620496 0.754254818 0.005741635 0.999915719 0.011637669 -1.261321783 0.010554219 -0.011697807 0.999875903 42.711765289
0.999945223 -0.004683840 -0.009354225 0.726671576 0.004792793 0.999920487 0.011659181 -1.282019615 0.009298871 -0.011703374 0.999888301 43.247055054
0.999938190 -0.005087255 -0.009897302 0.735203803 0.005202042 0.999919116 0.011606822 -1.295240998 0.009837453 -0.011657589 0.999883652 43.793098450
0.999942243 -0.004978199 -0.009524545 0.721204638 0.005091346 0.999916255 0.011892387 -1.306822062 0.009464545 -0.011940193 0.999883890 44.289676666
0.999944925 -0.004691170 -0.009384532 0.724784493 0.004800138 0.999920905 0.011622909 -1.315810919 0.009329263 -0.011667317 0.999888420 44.832435608
0.999938965 -0.004897358 -0.009904016 0.778368831 0.005017433 0.999913752 0.012135581 -1.331275344 0.009843729 -0.012184534 0.999877274 45.393867493
0.999936223 -0.004821525 -0.010210704 0.763484657 0.004936487 0.999924302 0.011263845 -1.329876184 0.010155624 -0.011313532 0.999884427 45.950683594
0.999934077 -0.005144497 -0.010264114 0.803825021 0.005273374 0.999907076 0.012568706 -1.358974695 0.010198501 -0.012622003 0.999868274 46.474296570
0.999940574 -0.004796418 -0.009788964 0.753845572 0.004918524 0.999909937 0.012488072 -1.364793062 0.009728184 -0.012535475 0.999874115 47.009250641
0.999939859 -0.004832494 -0.009849347 0.805804849 0.004960439 0.999903142 0.013007461 -1.380971432 0.009785535 -0.013055535 0.999866962 47.553104401
0.999940932 -0.004974904 -0.009657075 0.789585352 0.005091966 0.999913335 0.012135363 -1.369940042 0.009595866 -0.012183821 0.999879658 48.097480774
0.999942601 -0.005219360 -0.009364176 0.794805169 0.005333918 0.999910712 0.012250590 -1.380170822 0.009299401 -0.012299835 0.999881089 48.651866913
0.999937057 -0.005029516 -0.010024451 0.787896872 0.005151469 0.999912560 0.012177157 -1.394886017 0.009962330 -0.012228030 0.999875605 49.131046295
0.999939859 -0.004625924 -0.009946879 0.788481832 0.004751019 0.999909520 0.012589676 -1.404046416 0.009887740 -0.012636176 0.999871314 49.673881531
0.999930024 -0.005539199 -0.010446301 0.789608002 0.005668994 0.999906540 0.012436562 -1.420797586 0.010376438 -0.012494913 0.999868035 50.211608887
0.999928951 -0.005343086 -0.010661561 0.796774626 0.005472366 0.999911368 0.012133688 -1.427892685 0.010595785 -0.012191171 0.999869525 50.760417938
0.999931693 -0.005553223 -0.010282425 0.802318275 0.005683518 0.999903381 0.012686165 -1.440904617 0.010210984 -0.012743739 0.999866664 51.309455872
0.999930024 -0.005725395 -0.010360916 0.806062043 0.005856769 0.999902368 0.012694138 -1.448135614 0.010287225 -0.012753932 0.999865770 51.860939026
0.999926209 -0.006183709 -0.010459184 0.811887681 0.006317238 0.999898374 0.012782162 -1.456237793 0.010379081 -0.012847290 0.999863565 52.415596008
0.999929667 -0.005996725 -0.010236694 0.815769136 0.006124393 0.999903321 0.012486113 -1.463460922 0.010160829 -0.012547928 0.999869645 52.964073181
0.999931037 -0.005594811 -0.010322324 0.819401622 0.005725662 0.999903083 0.012690852 -1.478094339 0.010250321 -0.012749079 0.999866188 53.519798279
0.999928176 -0.005751756 -0.010518092 0.822072685 0.005885859 0.999901175 0.012763538 -1.487682819 0.010443640 -0.012824529 0.999863267 54.068218231
0.999934971 -0.005209712 -0.010147206 0.818706393 0.005339462 0.999903738 0.012801946 -1.495336771 0.010079537 -0.012855293 0.999866545 54.595973969
0.999938488 -0.005041354 -0.009892514 0.817924142 0.005168791 0.999903440 0.012899103 -1.508317709 0.009826532 -0.012949439 0.999867797 55.121395111
0.999938488 -0.004817541 -0.009989879 0.822402537 0.004946772 0.999903858 0.012952112 -1.510412574 0.009926521 -0.013000730 0.999866188 55.672836304
0.999940336 -0.005152347 -0.009635041 0.829750240 0.005278522 0.999900043 0.013116152 -1.527233124 0.009566499 -0.013166227 0.999867499 56.218196869
0.999938011 -0.005155114 -0.009866442 0.825749040 0.005287996 0.999895036 0.013489662 -1.551828384 0.009795866 -0.013541001 0.999860287 56.628818512
0.999936163 -0.005142642 -0.010066159 0.856332302 0.005263092 0.999914408 0.011976184 -1.500894785 0.010003710 -0.012028399 0.999877572 57.390304565
0.999933481 -0.005534796 -0.010111216 0.839586318 0.005671789 0.999891758 0.013570629 -1.578907728 0.010035012 -0.013627077 0.999856770 57.718109131
0.999936640 -0.005570996 -0.009783794 0.856633902 0.005701680 0.999894142 0.013380486 -1.571399927 0.009708216 -0.013435421 0.999862611 58.204952240
0.999935687 -0.004953200 -0.010202095 0.865849912 0.005086640 0.999901295 0.013095522 -1.554095268 0.010136221 -0.013146575 0.999862194 58.855609894
0.999934256 -0.005181741 -0.010223889 0.873468220 0.005324798 0.999887586 0.014015211 -1.625777960 0.010150116 -0.014068733 0.999849439 59.235195160
0.999937296 -0.005158673 -0.009939584 0.880077600 0.005298085 0.999887228 0.014051072 -1.631677628 0.009865979 -0.014102853 0.999851823 59.793746948
0.999935925 -0.005320128 -0.009993883 0.893218696 0.005456167 0.999892175 0.013634612 -1.643470526 0.009920267 -0.013688267 0.999857068 60.329593658
0.999935031 -0.005229518 -0.010126322 0.902159393 0.005377302 0.999878526 0.014622113 -1.650555015 0.010048625 -0.014675613 0.999841809 60.888652802
0.999937177 -0.004878992 -0.010092877 0.907967627 0.005025287 0.999881864 0.014520656 -1.661098957 0.010020839 -0.014570463 0.999843597 61.417598724
0.999931633 -0.005481704 -0.010330195 0.930952191 0.005629017 0.999882042 0.014285672 -1.676337600 0.010250666 -0.014342843 0.999844551 61.968151093
0.999926627 -0.005901167 -0.010580572 0.947626948 0.006054261 0.999876618 0.014496290 -1.663088560 0.010493720 -0.014559285 0.999838889 62.328739166
0.999929428 -0.005497798 -0.010542733 0.955358982 0.005648820 0.999881148 0.014348922 -1.668866873 0.010462590 -0.014407464 0.999841452 62.882320404
0.999934852 -0.004879488 -0.010324995 0.959169805 0.005029064 0.999882042 0.014510646 -1.674050331 0.010252974 -0.014561627 0.999841392 63.435867310
0.999929488 -0.005122325 -0.010715738 0.968172312 0.005278138 0.999880075 0.014563271 -1.681701660 0.010639854 -0.014618804 0.999836504 63.984565735
0.999931633 -0.005120716 -0.010505676 0.967067778 0.005271960 0.999882221 0.014419529 -1.690731049 0.010430600 -0.014473929 0.999840796 64.536201477
0.999911070 -0.006997615 -0.011353776 1.007645488 0.007165852 0.999864101 0.014845361 -1.689543724 0.011248350 -0.014925399 0.999825299 64.857986450
0.999903500 -0.007409514 -0.011749566 1.013456225 0.007579048 0.999866843 0.014450651 -1.692710280 0.011640930 -0.014538308 0.999826550 65.417289734
0.999912560 -0.006916632 -0.011270251 1.017326117 0.007080861 0.999868333 0.014597755 -1.704394341 0.011167799 -0.014676282 0.999829888 65.949943542
0.999890745 -0.008422760 -0.012143195 1.032376409 0.008600594 0.999855459 0.014667690 -1.715314507 0.012017895 -0.014770528 0.999818683 66.475517273
0.999907255 -0.006976297 -0.011705531 1.058302402 0.007149544 0.999864519 0.014824294 -1.732332230 0.011600526 -0.014906604 0.999821603 66.878845215
0.999908924 -0.006792265 -0.011661098 1.068157434 0.006967559 0.999862313 0.015058151 -1.742265105 0.011557214 -0.015138027 0.999818683 67.419754028
0.999913573 -0.006433977 -0.011464085 1.060516834 0.006609636 0.999860287 0.015351210 -1.744992495 0.011363714 -0.015425655 0.999816418 67.989433289
0.999907434 -0.006747373 -0.011816022 1.079031587 0.006928511 0.999858081 0.015356601 -1.757849336 0.011710729 -0.015437047 0.999812245 68.484199524
0.999896765 -0.007924499 -0.011983327 1.068332553 0.008105966 0.999852061 0.015171402 -1.754248142 0.011861327 -0.015266969 0.999813080 68.888702393
0.999897957 -0.007611998 -0.012093540 1.067214012 0.007793511 0.999856651 0.015033534 -1.755490303 0.011977369 -0.015126251 0.999813855 69.443710327
0.999899745 -0.007858545 -0.011776244 1.080594897 0.008037031 0.999852419 0.015186585 -1.768711686 0.011655160 -0.015279708 0.999815345 69.972030640
0.999903202 -0.007470997 -0.011739677 1.091981888 0.007652140 0.999851167 0.015461717 -1.790301800 0.011622413 -0.015550049 0.999811530 70.385063171
0.999899387 -0.007567002 -0.012002980 1.093155622 0.007751300 0.999851644 0.015382928 -1.794649720 0.011884796 -0.015474417 0.999809623 70.940010071
0.999913037 -0.006960873 -0.011199874 1.087808251 0.007134460 0.999853909 0.015534464 -1.808007479 0.011090104 -0.015613019 0.999816597 71.440216064
0.999911427 -0.006878352 -0.011398542 1.095782638 0.007055382 0.999854028 0.015564135 -1.811534643 0.011289821 -0.015643176 0.999813914 71.985481262
0.999907434 -0.007315892 -0.011472855 1.099911451 0.007491600 0.999854028 0.015347590 -1.817292690 0.011358898 -0.015432119 0.999816418 72.521247864
0.999911547 -0.006871581 -0.011385246 1.098987579 0.007049450 0.999852598 0.015656885 -1.829848170 0.011275981 -0.015735760 0.999812603 73.064994812
0.999911964 -0.006787008 -0.011397537 1.104893208 0.006959770 0.999860466 0.015187212 -1.834736824 0.011292871 -0.015265202 0.999819696 73.620941162
0.999912441 -0.006856695 -0.011316477 1.114481807 0.007031411 0.999855578 0.015472127 -1.849259138 0.011208756 -0.015550343 0.999816298 74.108169556
0.999915302 -0.006941296 -0.011010759 1.107074022 0.007108867 0.999858320 0.015253453 -1.847100496 0.010903318 -0.015330432 0.999823153 74.677482605
0.999906123 -0.007332557 -0.011579011 1.110862970 0.007505789 0.999859452 0.014989053 -1.854758263 0.011467474 -0.015074553 0.999820709 75.242698669
0.999918699 -0.006604186 -0.010909084 1.108309507 0.006766311 0.999866188 0.014892006 -1.856612086 0.010809277 -0.014964611 0.999829590 75.784339905
0.999919951 -0.006725286 -0.010717802 1.055160403 0.006890116 0.999857426 0.015417161 -1.926926851 0.010612589 -0.015489773 0.999823630 76.454574585
0.999913454 -0.007744431 -0.010637614 1.064490557 0.007909791 0.999847174 0.015591769 -1.936453342 0.010515238 -0.015674561 0.999821782 76.987922668
0.999922335 -0.006652462 -0.010535266 1.084041715 0.006815502 0.999856412 0.015516039 -1.953196645 0.010430535 -0.015586636 0.999824047 77.515655518
0.999927998 -0.006212021 -0.010261711 1.071578026 0.006366152 0.999866366 0.015056306 -1.958362579 0.010166810 -0.015120552 0.999834001 78.112274170
0.999934256 -0.005728323 -0.009934416 1.080380917 0.005883171 0.999860585 0.015628565 -1.980057359 0.009843506 -0.015685983 0.999828517 78.658195496
0.999930501 -0.006469566 -0.009856826 1.099833965 0.006622977 0.999856174 0.015611555 -1.982945323 0.009754408 -0.015675751 0.999829531 79.181793213
0.999952316 -0.005278435 -0.008211830 1.091970205 0.005403795 0.999868035 0.015319305 -1.988346815 0.008129884 -0.015362951 0.999848843 79.741127014
0.999957860 -0.005773834 -0.007132789 1.104251623 0.005882415 0.999865711 0.015296964 -2.005326271 0.007043508 -0.015338277 0.999857485 80.334259033
0.999960601 -0.006521243 -0.006012551 1.134211659 0.006611333 0.999864340 0.015087516 -2.007394314 0.005913346 -0.015126673 0.999868035 80.892189026
0.999980867 -0.005853246 -0.001983247 1.142246008 0.005882539 0.999868691 0.015101516 -2.016478062 0.001894593 -0.015112892 0.999884009 81.426345825
0.999973238 -0.007186016 0.001353640 1.163221836 0.007164491 0.999857485 0.015285801 -2.024576187 -0.001463291 -0.015275694 0.999882221 82.010711670
0.999970973 -0.006173978 0.004465181 1.187176228 0.006103639 0.999859631 0.015598238 -2.040690899 -0.004560858 -0.015570531 0.999868333 82.529220581
0.999938607 -0.005750314 0.009470087 1.202388167 0.005606080 0.999868870 0.015187235 -2.043163300 -0.009556178 -0.015133211 0.999839842 83.088340759
0.999866843 -0.005959457 0.015187093 1.235288620 0.005714796 0.999854028 0.016102640 -2.056023121 -0.015280836 -0.016013704 0.999755025 83.667205811
0.999749064 -0.006259409 0.021505788 1.258506060 0.005915651 0.999854207 0.016011050 -2.054868221 -0.021602873 -0.015879810 0.999640465 84.215591431
0.999624670 -0.005706211 0.026791692 1.284900904 0.005290490 0.999864936 0.015562121 -2.060191154 -0.026876871 -0.015414540 0.999519885 84.777000427
0.999386191 -0.005823724 0.034542162 1.328613281 0.005288690 0.999864876 0.015560498 -2.064890623 -0.034628119 -0.015368262 0.999282122 85.356376648
0.999067187 -0.005879322 0.042780381 1.368180037 0.005216404 0.999864817 0.015591018 -2.074854851 -0.042866271 -0.015353315 0.998962820 85.909065247
0.998767614 -0.006384316 0.049221367 1.418748379 0.005622943 0.999862611 0.015591305 -2.076503277 -0.049314149 -0.015295316 0.998666108 86.454711914
0.998283148 -0.006683796 0.058189087 1.469816685 0.005807768 0.999867380 0.015210975 -2.081417084 -0.058283042 -0.014846914 0.998189688 87.006057739
0.997645557 -0.006255464 0.068295129 1.526386261 0.005220227 0.999868870 0.015326237 -2.086190939 -0.068382062 -0.014933637 0.997547448 87.562561035
0.997055769 -0.007125104 0.076347947 1.594262600 0.005980069 0.999866366 0.015215721 -2.091544151 -0.076446153 -0.014714358 0.996965110 88.099700928
0.996395469 -0.007030305 0.084537975 1.656664371 0.005784659 0.999871194 0.014970689 -2.092017651 -0.084632345 -0.014427703 0.996307731 88.662048340
0.995454013 -0.007298322 0.094962880 1.734774590 0.005892591 0.999868989 0.015074972 -2.105552912 -0.095060453 -0.014446865 0.995366693 89.178672791
0.994394898 -0.007650095 0.105452530 1.818624496 0.006068994 0.999864459 0.015306233 -2.117332458 -0.105555326 -0.014580448 0.994306505 89.725341797
0.993362129 -0.008103927 0.114743315 1.907596588 0.006400428 0.999863863 0.015206818 -2.119205952 -0.114850923 -0.014371470 0.993278742 90.293731689
0.992035866 -0.008260074 0.125684679 2.005973816 0.006353167 0.999858677 0.015565431 -2.128768444 -0.125795484 -0.014642971 0.991948128 90.829711914
0.990376651 -0.007548243 0.138191879 2.106018066 0.005402040 0.999858975 0.015899085 -2.145299196 -0.138292357 -0.014999564 0.990277827 91.392135620
0.988834620 -0.008612906 0.148767829 2.216275215 0.006371549 0.999859035 0.015536170 -2.149763584 -0.148880661 -0.014414823 0.988750100 91.954063416
0.987190664 -0.007919769 0.159348249 2.324956894 0.005467444 0.999859869 0.015822252 -2.161450863 -0.159451216 -0.014748354 0.987095594 92.509872437
0.985030293 -0.009545254 0.172117010 2.441055298 0.007004956 0.999857426 0.015360484 -2.161515236 -0.172239110 -0.013924870 0.984956741 93.052101135
0.982871294 -0.010120704 0.184015736 2.593948364 0.007312442 0.999846339 0.015933214 -2.167454720 -0.184148699 -0.014314690 0.982794166 93.593612671
0.980952561 -0.010642224 0.193955645 2.720267296 0.007695598 0.999843299 0.015939420 -2.173907280 -0.194094896 -0.014143210 0.980880797 94.124847412
0.978223681 -0.010083195 0.207308412 2.865337372 0.006930179 0.999849081 0.015929924 -2.181887865 -0.207437709 -0.014146342 0.978145957 94.666801453
0.975276709 -0.011200858 0.220703259 3.020605087 0.007763088 0.999834776 0.016437678 -2.194473505 -0.220850885 -0.014317947 0.975202441 95.213058472
0.972654641 -0.011294793 0.231981397 3.169080734 0.007713404 0.999836743 0.016339546 -2.199597359 -0.232128099 -0.014103370 0.972582936 95.749198914
0.969747484 -0.011703650 0.243829697 3.326080322 0.008063836 0.999840736 0.015920551 -2.202922583 -0.243977204 -0.013472710 0.969687402 96.267181396
0.966149032 -0.012105959 0.257700145 3.496181488 0.008044651 0.999826312 0.016808391 -2.217970133 -0.257858843 -0.014166305 0.966078758 96.790145874
0.962822795 -0.012319509 0.269852519 3.664873123 0.008145668 0.999829292 0.016581543 -2.218640566 -0.270010769 -0.013766961 0.962758839 97.293151855
0.959558606 -0.012833736 0.281216204 3.851451874 0.008377680 0.999819636 0.017042229 -2.225884914 -0.281384170 -0.013997073 0.959493101 97.865875244
0.955366611 -0.012657369 0.295151442 4.042158127 0.007929943 0.999820471 0.017208435 -2.232506752 -0.295316279 -0.014099831 0.955295503 98.388595581
0.951019049 -0.013451900 0.308839351 4.240381241 0.008568665 0.999816000 0.017162519 -2.236147404 -0.309013426 -0.013675541 0.950959265 98.906860352
0.947315454 -0.014229048 0.319985926 4.436061859 0.009181007 0.999808550 0.017278926 -2.239489079 -0.320170552 -0.013430801 0.947264671 99.422996521
0.942950070 -0.014664926 0.332610935 4.651748657 0.009453936 0.999806106 0.017279927 -2.244281292 -0.332799852 -0.013149626 0.942905724 99.945785522
0.937980771 -0.014971389 0.346363902 4.873527527 0.009621767 0.999806583 0.017159572 -2.246793747 -0.346553773 -0.012762719 0.937943280 100.463996887
0.933295906 -0.014964605 0.358796149 5.095823288 0.009224243 0.999800682 0.017705519 -2.254327774 -0.358989567 -0.013214867 0.933247983 100.990951538
0.929230154 -0.015834732 0.369161904 5.322772980 0.009996243 0.999792993 0.017722961 -2.257645845 -0.369366139 -0.012778479 0.929196000 101.500602722
0.923793733 -0.015818145 0.382563412 5.555105209 0.009725267 0.999793291 0.017855164 -2.259903193 -0.382766813 -0.012773957 0.923756659 101.996856689
0.918291628 -0.016309205 0.395568430 5.798557281 0.010117543 0.999791503 0.017733844 -2.261150360 -0.395775229 -0.012282661 0.918265283 102.501098633
0.913383603 -0.017329233 0.406730890 6.047870636 0.010915691 0.999776900 0.018083582 -2.270930767 -0.406953484 -0.012077502 0.913369000 102.989471436
0.907116652 -0.016996115 0.420536041 6.302867889 0.010529407 0.999788046 0.017694341 -2.272824287 -0.420747638 -0.011622836 0.907103181 103.479446411
0.900021434 -0.016616261 0.435528666 6.565425873 0.009778284 0.999791324 0.017937111 -2.270559072 -0.435735852 -0.011885063 0.899996102 104.008468628
0.894440114 -0.017498402 0.446845263 6.833812714 0.010401124 0.999777913 0.018331476 -2.275703430 -0.447066754 -0.011748714 0.894423425 104.487426758
0.888275623 -0.017719455 0.458968759 7.115814209 0.010384007 0.999774873 0.018501488 -2.275552034 -0.459193230 -0.011668487 0.888259709 105.003616333
0.881137311 -0.018205548 0.472509891 7.398143768 0.010703782 0.999770463 0.018560184 -2.282600403 -0.472739339 -0.011296429 0.881129920 105.479644775
