1.000000000 0.000000000 0.000000000 0.000000000 0.000000000 1.000000000 0.000000000 0.000000000 0.000000000 0.000000000 1.000000000 0.000000000
1.000000000 0.000070378 0.000107514 -0.003169933 -0.000070360 1.000000000 -0.000171478 0.004188824 -0.000107526 0.000171470 1.000000000 0.003839684
1.000000000 0.000064774 0.000066405 -0.002291223 -0.000064762 1.000000000 -0.000168715 0.002828822 -0.000066416 0.000168710 1.000000000 0.000954963
0.999999940 0.000302756 0.000142461 -0.000788947 -0.000302736 0.999999940 -0.000140666 0.003448730 -0.000142503 0.000140623 1.000000000 -0.001993349
1.000000000 0.000182967 0.000040320 0.002724878 -0.000182965 1.000000000 -0.000067377 0.001800984 -0.000040333 0.000067370 1.000000000 -0.001144491
1.000000000 0.000117660 0.000019965 0.000925258 -0.000117661 1.000000000 0.000008959 0.001172053 -0.000019964 -0.000008961 1.000000000 -0.003011333
1.000000000 0.000018480 0.000098623 -0.002438579 -0.000018468 1.000000000 -0.000119568 0.001500583 -0.000098625 0.000119566 1.000000000 -0.002041960
1.000000000 -0.000000997 -0.000017352 0.000478105 0.000000996 1.000000000 -0.000026047 0.001705182 0.000017352 0.000026047 1.000000000 -0.002810865
1.000000000 -0.000002512 0.000120633 -0.005333276 0.000002533 1.000000000 -0.000174432 0.003968529 -0.000120632 0.000174433 1.000000000 0.004065779
0.999999940 0.000179754 0.000239936 -0.005717620 -0.000179716 1.000000000 -0.000158599 0.002891405 -0.000239964 0.000158556 0.999999940 -0.000843494
1.000000000 0.000202693 0.000118649 0.000533800 -0.000202676 0.999999940 -0.000141505 0.002345853 -0.000118677 0.000141481 1.000000000 -0.004118331
0.999999940 0.000221175 0.000159808 -0.002432086 -0.000221162 1.000000000 -0.000079829 0.002668491 -0.000159826 0.000079794 1.000000000 -0.003115692
1.000000000 0.000094850 0.000181091 -0.005285731 -0.000094837 1.000000000 -0.000072981 0.000573293 -0.000181098 0.000072963 1.000000000 -0.002015921
1.000000000 -0.000033365 0.000112870 -0.002771063 0.000033371 1.000000000 -0.000057076 0.000231390 -0.000112868 0.000057080 1.000000000 -0.001976730
1.000000000 0.000050640 0.000049166 0.000133277 -0.000050636 1.000000000 -0.000082165 0.001807211 -0.000049170 0.000082163 1.000000000 -0.005505339
1.000000000 -0.000157450 -0.000079553 0.001893811 0.000157453 1.000000000 0.000033206 0.000539111 0.000079548 -0.000033218 1.000000000 -0.006569256
0.999999940 -0.000305249 -0.000100882 0.002046854 0.000305246 0.999999940 -0.000030806 -0.000944762 0.000100891 0.000030776 1.000000000 -0.009059595
1.000000000 -0.000055121 0.000125271 -0.003705793 0.000055126 1.000000000 -0.000038665 0.000153125 -0.000125269 0.000038672 1.000000000 -0.003010018
1.000000000 0.000093958 -0.000019590 0.000036283 -0.000093957 1.000000000 0.000048137 0.001515476 0.000019594 -0.000048135 1.000000000 -0.007662904
1.000000000 -0.000093074 -0.000023111 -0.001633379 0.000093073 1.000000000 -0.000033994 -0.000227340 0.000023114 0.000033992 1.000000000 -0.006888524
1.000000000 0.000009703 0.000049293 -0.001116712 -0.000009698 1.000000000 -0.000097112 0.001747630 -0.000049294 0.000097112 1.000000000 -0.007156800
1.000000000 -0.000117304 0.000054266 -0.001148554 0.000117303 1.000000000 0.000004286 -0.000687821 -0.000054267 -0.000004279 1.000000000 -0.005155827
1.000000000 0.000133761 0.000174656 -0.006707485 -0.000133726 1.000000000 -0.000201852 0.003192387 -0.000174683 0.000201829 0.999999940 0.002561893
1.000000000 -0.000102709 -0.000065784 -0.000023913 0.000102701 1.000000000 -0.000116826 0.000819121 0.000065796 0.000116819 1.000000000 0.001000980
1.000000000 -0.000051280 0.000037487 -0.001471197 0.000051280 1.000000000 0.000000701 0.002146370 -0.000037487 -0.000000699 1.000000000 0.000731171
1.000000000 0.000079587 -0.000022920 0.002178986 -0.000079589 1.000000000 -0.000088459 0.002857556 0.000022913 0.000088461 1.000000000 -0.006785007
1.000000000 -0.000070673 0.000080647 -0.001817692 0.000070680 1.000000000 -0.000093243 0.002466280 -0.000080640 0.000093249 1.000000000 -0.004624728
0.999999940 0.000226653 0.000239261 -0.005374041 -0.000226599 0.999999940 -0.000222828 0.003134986 -0.000239311 0.000222773 0.999999940 0.000256158
1.000000000 0.000047258 0.000150147 -0.005040683 -0.000047257 1.000000000 -0.000006835 0.001896210 -0.000150147 0.000006828 1.000000000 -0.000550801
1.000000000 -0.000138931 0.000058197 -0.004891950 0.000138938 1.000000000 -0.000118167 0.005744924 -0.000058181 0.000118175 1.000000000 0.003026758
1.000000000 -0.000100820 0.000024467 -0.002372761 0.000100821 1.000000000 -0.000034738 0.001766257 -0.000024463 0.000034740 1.000000000 -0.001685009
1.000000000 -0.000170010 0.000102227 -0.004286337 0.000170005 1.000000000 0.000044028 0.001618832 -0.000102235 -0.000044011 1.000000000 0.002043678
1.000000000 -0.000171822 0.000088815 -0.003716566 0.000171814 1.000000000 0.000084733 0.000425256 -0.000088830 -0.000084718 1.000000000 -0.005097061
1.000000000 -0.000186518 -0.000009443 -0.001213188 0.000186519 1.000000000 0.000073550 0.001042286 0.000009429 -0.000073552 1.000000000 -0.005005645
1.000000000 0.000043364 0.000059810 -0.003236620 -0.000043358 1.000000000 -0.000087225 0.000774300 -0.000059814 0.000087223 1.000000000 -0.001894234
1.000000000 0.000027664 0.000101897 -0.004147930 -0.000027654 1.000000000 -0.000097126 0.002574121 -0.000101899 0.000097123 1.000000000 -0.000478246
1.000000000 -0.000177457 -0.000148375 0.002394214 0.000177474 1.000000000 0.000109782 -0.000005521 0.000148356 -0.000109808 1.000000000 -0.011589168
1.000000000 -0.000028503 0.000066947 -0.003354967 0.000028519 1.000000000 -0.000235480 0.004222024 -0.000066940 0.000235482 0.999999940 0.000506729
1.000000000 -0.000159899 0.000112637 -0.003522861 0.000159898 1.000000000 0.000011410 0.001667149 -0.000112639 -0.000011392 1.000000000 0.000058307
1.000000000 -0.000000915 -0.000044053 0.001478249 0.000000924 1.000000000 0.000217978 -0.002190013 0.000044053 -0.000217978 1.000000000 -0.009484922
0.999999940 -0.000281972 -0.000148008 0.000398744 0.000281984 0.999999940 0.000080967 -0.001624897 0.000147985 -0.000081009 1.000000000 -0.001146328
1.000000000 0.000102204 0.000074703 0.002399910 -0.000102162 0.999999821 -0.000571386 -0.004858783 -0.000074762 0.000571378 0.999999821 0.048720874
1.000000000 0.000054855 -0.000021723 0.000980122 -0.000054886 0.999998987 -0.001422723 -0.000292489 0.000021645 0.001422724 0.999998987 0.149210945
1.000000000 -0.000071765 -0.000065904 0.004169208 0.000071673 0.999999046 -0.001392173 -0.010106171 0.000066004 0.001392168 0.999999046 0.263410658
0.999999940 -0.000269182 0.000024821 0.001708476 0.000269216 0.999998987 -0.001379243 -0.010446572 -0.000024450 0.001379250 0.999999046 0.391761899
1.000000000 0.000009972 -0.000175638 0.007755583 -0.000010179 0.999999285 -0.001176252 -0.018107517 0.000175626 0.001176254 0.999999285 0.534168720
1.000000000 0.000009361 0.000014379 0.007740112 -0.000009349 0.999999642 -0.000843900 -0.033691347 -0.000014386 0.000843900 0.999999642 0.679186583
0.999999821 -0.000571927 -0.000138912 0.015772644 0.000571852 0.999999702 -0.000534918 -0.032818094 0.000139218 0.000534838 0.999999821 0.854582131
0.999999940 -0.000223483 -0.000323731 0.026776094 0.000223309 0.999999821 -0.000537095 -0.036659807 0.000323851 0.000537023 0.999999821 1.028419375
1.000000000 -0.000127136 0.000035607 0.024265610 0.000127161 0.999999762 -0.000701784 -0.035485812 -0.000035518 0.000701789 0.999999762 1.205535293
0.999999762 -0.000588429 -0.000308593 0.039082281 0.000588279 0.999999702 -0.000486085 -0.046224218 0.000308879 0.000485904 0.999999821 1.414096832
0.999999464 -0.000659813 -0.000792201 0.043933965 0.000659697 0.999999762 -0.000146978 -0.061630528 0.000792298 0.000146455 0.999999702 1.610218287
0.999998808 -0.000314626 0.001482060 0.007822652 0.000313148 0.999999464 0.000996785 -0.065880671 -0.001482372 -0.000996319 0.999998391 1.685510755
0.999998927 -0.001072757 0.001009994 0.022411708 0.001071394 0.999998510 0.001349043 -0.073130228 -0.001011440 -0.001347960 0.999998510 1.886386991
0.999998808 -0.001113897 0.001053801 0.031062143 0.001112587 0.999998569 0.001242621 -0.080407180 -0.001055183 -0.001241447 0.999998689 2.108940601
0.999998868 -0.000817447 0.001275052 0.035121322 0.000815644 0.999998748 0.001414293 -0.082539678 -0.001276207 -0.001413251 0.999998212 2.308905125
0.999999285 -0.000383415 0.001117791 0.036835209 0.000382000 0.999999106 0.001266027 -0.088069998 -0.001118276 -0.001265599 0.999998569 2.553969622
0.999998450 -0.000164852 0.001764153 0.034049090 0.000162148 0.999998808 0.001532507 -0.104786009 -0.001764403 -0.001532219 0.999997258 2.796135664
0.999998271 -0.000228025 0.001855704 0.043682199 0.000224746 0.999998450 0.001766714 -0.113826983 -0.001856104 -0.001766294 0.999996722 3.034829140
0.999998868 -0.000220277 0.001477415 0.056039602 0.000218070 0.999998868 0.001493511 -0.114628583 -0.001477742 -0.001493187 0.999997795 3.293815613
0.999998391 -0.000167810 0.001795409 0.063320324 0.000164508 0.999998331 0.001839301 -0.124282882 -0.001795715 -0.001839002 0.999996722 3.548404694
0.999998629 -0.000276995 0.001636658 0.057982229 0.000274516 0.999998808 0.001515011 -0.135671079 -0.001637076 -0.001514560 0.999997497 3.829556704
0.999998271 -0.001296476 0.001354824 0.065206498 0.001293966 0.999997377 0.001851773 -0.146561056 -0.001357221 -0.001850016 0.999997318 4.096166611
0.999998689 -0.000552676 0.001563736 0.066666342 0.000549434 0.999997735 0.002072602 -0.150130287 -0.001564878 -0.002071740 0.999996603 4.351290703
0.999998033 -0.000911900 0.001764217 0.074016638 0.000908215 0.999997377 0.002088298 -0.161291301 -0.001766117 -0.002086692 0.999996245 4.601830959
0.999998450 -0.000659233 0.001645308 0.073519900 0.000654926 0.999996364 0.002616961 -0.180445045 -0.001647027 -0.002615880 0.999995232 4.917205334
0.999998093 -0.000788346 0.001808717 0.078143679 0.000783938 0.999996781 0.002436720 -0.188180342 -0.001810633 -0.002435298 0.999995351 5.178482056
0.999998629 -0.000682238 0.001521543 0.086696118 0.000678512 0.999996781 0.002448190 -0.190843999 -0.001523208 -0.002447154 0.999995828 5.441354752
0.999997437 -0.001160619 0.001941107 0.085579842 0.001156220 0.999996722 0.002266041 -0.196136013 -0.001943731 -0.002263791 0.999995530 5.710610390
0.999998212 -0.001054732 0.001568725 0.093949459 0.001050839 0.999996424 0.002480453 -0.206940442 -0.001571336 -0.002478800 0.999995708 5.985020638
0.999998450 -0.000560789 0.001689130 0.109436356 0.000555957 0.999995708 0.002859857 -0.222220153 -0.001690727 -0.002858913 0.999994516 6.226200581
0.999996960 -0.002396187 0.000787208 0.107765332 0.002394332 0.999994397 0.002349693 -0.219315931 -0.000792834 -0.002347801 0.999996901 6.727431774
0.999997377 -0.002213948 0.000626359 0.115557991 0.002212736 0.999995708 0.001929219 -0.229973689 -0.000630627 -0.001927828 0.999997973 7.008271217
0.999997497 -0.002127527 0.000741432 0.115613557 0.002125978 0.999995530 0.002084815 -0.232979894 -0.000745864 -0.002083233 0.999997497 7.317981243
0.999996483 -0.002656131 0.000311955 0.136529878 0.002655444 0.999994218 0.002182175 -0.244918481 -0.000317750 -0.002181339 0.999997556 7.617021084
0.999997735 -0.001863721 0.001038273 0.127208576 0.001861570 0.999996185 0.002068390 -0.253517747 -0.001042123 -0.002066453 0.999997318 7.938803196
0.999997735 -0.001964529 0.000796592 0.136828855 0.001962373 0.999994457 0.002697912 -0.277771622 -0.000801888 -0.002696342 0.999996006 8.244490623
0.999993861 -0.003433199 0.000708706 0.101313680 0.003431146 0.999989986 0.002878426 -0.306152195 -0.000718582 -0.002875977 0.999995530 8.774713516
0.999992907 -0.003760816 0.000158268 0.117330581 0.003760369 0.999989152 0.002737717 -0.314508677 -0.000168562 -0.002737103 0.999996185 9.103030205
0.999992132 -0.003950869 0.000359305 0.118553050 0.003949897 0.999988616 0.002665379 -0.318752140 -0.000369831 -0.002663939 0.999996364 9.444026947
0.999994159 -0.003388796 0.000551609 0.124534249 0.003387240 0.999990404 0.002797847 -0.331200540 -0.000561085 -0.002795963 0.999995887 9.785389900
0.999992609 -0.003780273 0.000585277 0.138003379 0.003778465 0.999988139 0.003059466 -0.344524622 -0.000596835 -0.003057232 0.999995172 10.116258621
0.999994159 -0.003385251 0.000399133 0.143415630 0.003383968 0.999989271 0.003172393 -0.349077314 -0.000409868 -0.003171024 0.999994814 10.462043762
0.999986827 -0.005110278 -0.000428060 0.103914656 0.005111640 0.999981701 0.003244249 -0.393337786 0.000411473 -0.003246395 0.999994636 11.108083725
0.999986589 -0.005162296 -0.000387084 0.112245888 0.005163611 0.999980628 0.003477534 -0.404311240 0.000369125 -0.003479486 0.999993920 11.466649055
0.999984205 -0.005565697 -0.000745184 0.116303705 0.005568432 0.999977529 0.003719926 -0.414041042 0.000724463 -0.003724016 0.999992788 11.844905853
0.999980807 -0.006134365 -0.000841282 0.126331061 0.006137647 0.999973357 0.003956076 -0.426199079 0.000816992 -0.003961164 0.999991775 12.217125893
0.999981403 -0.006026612 -0.000895994 0.147551686 0.006029694 0.999975741 0.003478331 -0.430528820 0.000875010 -0.003483669 0.999993503 12.592218399
0.999981999 -0.005975118 -0.000519240 0.137705192 0.005977246 0.999973297 0.004197047 -0.446860850 0.000494148 -0.004200075 0.999991000 12.955712318
0.999987900 -0.004903154 -0.000421470 0.154520497 0.004904907 0.999978900 0.004266076 -0.460362494 0.000400544 -0.004268092 0.999990761 13.335737228
0.999977589 -0.006645222 -0.000838008 0.124747194 0.006648649 0.999969244 0.004155075 -0.488452733 0.000810371 -0.004160554 0.999990940 14.063796997
0.999975741 -0.006840317 -0.001308568 0.136887312 0.006846149 0.999966383 0.004505934 -0.505941570 0.001277702 -0.004514784 0.999988914 14.442951202
0.999983251 -0.005764911 -0.000431005 0.144397825 0.005766863 0.999972403 0.004672692 -0.509811759 0.000404055 -0.004675099 0.999989033 14.871222496
0.999984384 -0.005571785 -0.000428822 0.139905661 0.005573813 0.999972522 0.004881684 -0.519444346 0.000401610 -0.004883998 0.999987960 15.280498505
0.999984443 -0.005571425 -0.000368527 0.132599965 0.005573021 0.999974430 0.004480251 -0.529581308 0.000343556 -0.004482235 0.999989867 15.715458870
0.999973655 -0.007227008 -0.000697352 0.157327607 0.007230570 0.999960065 0.005247169 -0.583448052 0.000659403 -0.005252074 0.999985993 16.307762146
0.999968350 -0.007938160 -0.000613481 0.172688141 0.007941108 0.999956131 0.004963825 -0.592500210 0.000574050 -0.004968541 0.999987483 16.747568130
0.999977708 -0.006652390 0.000539913 0.175635755 0.006649557 0.999964952 0.005087740 -0.601089895 -0.000573740 -0.005084036 0.999986947 17.198654175
0.999977231 -0.006710298 0.000734654 0.187947810 0.006705814 0.999959826 0.005944467 -0.618453979 -0.000774514 -0.005939405 0.999982059 17.627998352
0.999973118 -0.007332163 -0.000036239 0.191896975 0.007332252 0.999960482 0.005022453 -0.618674099 -0.000000588 -0.005022584 0.999987423 18.070547104
0.999970078 -0.007733065 0.000226608 0.215578586 0.007731691 0.999954820 0.005536565 -0.639683366 -0.000269412 -0.005534646 0.999984682 18.504959106
0.999966085 -0.008236669 0.000172029 0.198811144 0.008235619 0.999951482 0.005402199 -0.671319962 -0.000216517 -0.005400599 0.999985337 19.130403519
0.999967754 -0.007974460 0.000952442 0.204255715 0.007969197 0.999953628 0.005405780 -0.684167922 -0.000995505 -0.005398016 0.999984920 19.600114822
0.999965489 -0.008231327 0.001156155 0.219262540 0.008224744 0.999950528 0.005587333 -0.692764461 -0.001202089 -0.005577632 0.999983728 20.069602966
0.999958992 -0.009038393 0.000536731 0.243517578 0.009035242 0.999943316 0.005612337 -0.711562276 -0.000587427 -0.005607257 0.999984145 20.556932449
0.999973595 -0.007155202 0.001305168 0.239419222 0.007147200 0.999956131 0.006035409 -0.724922001 -0.001348295 -0.006025921 0.999980927 20.975183487
0.999963522 -0.008419784 0.001428417 0.246220231 0.008411412 0.999947965 0.005768656 -0.728989720 -0.001476914 -0.005756431 0.999982297 21.522529602
0.999967217 -0.008010045 0.001120049 0.252576172 0.008003360 0.999950826 0.005849618 -0.743355095 -0.001166850 -0.005840464 0.999982297 22.012760162
0.999970317 -0.007597581 0.001313989 0.249179378 0.007589380 0.999952316 0.006137332 -0.764622390 -0.001360555 -0.006127177 0.999980330 22.519723892
0.999957919 -0.009160679 0.000207280 0.275795788 0.009159328 0.999941289 0.005777941 -0.776444077 -0.000260197 -0.005775800 0.999983251 23.047388077
0.999962151 -0.008691886 0.000582436 0.241064191 0.008687720 0.999939084 0.006810572 -0.806509554 -0.000641597 -0.006805253 0.999976635 23.499969482
0.999960780 -0.008857688 0.000093749 0.250139236 0.008856724 0.999932110 0.007573092 -0.821685672 -0.000160823 -0.007571965 0.999971330 24.041223526
0.999964476 -0.008417767 0.000056302 0.245220780 0.008417165 0.999939919 0.007020940 -0.830757499 -0.000115399 -0.007020217 0.999975383 24.571184158
0.999956191 -0.009329837 -0.000652471 0.239813998 0.009334612 0.999926448 0.007745591 -0.860825837 0.000580158 -0.007751344 0.999969780 24.989957809
0.999946117 -0.010300708 -0.001277535 0.245950341 0.010310495 0.999915540 0.007907753 -0.878500342 0.001195972 -0.007920500 0.999967933 25.527599335
0.999951243 -0.009713873 -0.001731683 0.245155826 0.009726535 0.999924898 0.007459728 -0.883868039 0.001659090 -0.007476209 0.999970615 26.062986374
0.999950826 -0.009437161 -0.003045275 0.285115182 0.009461226 0.999923348 0.007987077 -0.899474680 0.002969666 -0.008015497 0.999963462 26.507215500
0.999945402 -0.009721069 -0.003828465 0.290419430 0.009751945 0.999919415 0.008130943 -0.907197177 0.003749115 -0.008167836 0.999959648 27.047662735
0.999950290 -0.009204010 -0.003825118 0.288109601 0.009234959 0.999924123 0.008153629 -0.918896854 0.003749782 -0.008188548 0.999959409 27.585191727
0.999931037 -0.010610423 -0.005026413 0.324750572 0.010653100 0.999906778 0.008541293 -0.917901158 0.004935318 -0.008594253 0.999950886 28.141895294
0.999943256 -0.009930490 -0.003851107 0.281293243 0.009965817 0.999907434 0.009265108 -0.956356585 0.003758744 -0.009302964 0.999949634 28.573575974
0.999946356 -0.009320674 -0.004505953 0.296907872 0.009363179 0.999911070 0.009505717 -0.977222800 0.004416952 -0.009547397 0.999944687 29.119468689
0.999939859 -0.009978618 -0.004548598 0.298897713 0.010020373 0.999907017 0.009251508 -0.981666088 0.004455857 -0.009296528 0.999946833 29.662700653
0.999939859 -0.009611640 -0.005292541 0.321976900 0.009661715 0.999907970 0.009518465 -0.994174004 0.005200567 -0.009569027 0.999940634 30.181879044
0.999936759 -0.009907873 -0.005304960 0.319622815 0.009959844 0.999901772 0.009861590 -1.007684231 0.005206731 -0.009913803 0.999937296 30.769266129
0.999922276 -0.010458743 -0.006787775 0.337837785 0.010526216 0.999894798 0.009981900 -1.015435815 0.006682662 -0.010052573 0.999927163 31.099958420
0.999930263 -0.009938163 -0.006387141 0.348959982 0.010003761 0.999896765 0.010321891 -1.034738421 0.006283900 -0.010385067 0.999926388 31.638792038
0.999924481 -0.009971146 -0.007175567 0.356036186 0.010043316 0.999898672 0.010093246 -1.044555187 0.007074199 -0.010164553 0.999923348 32.202251434
0.999927640 -0.009304976 -0.007614374 0.376452267 0.009380796 0.999906182 0.009983256 -1.045352817 0.007520766 -0.010053964 0.999921203 32.710952759
0.999920309 -0.010135231 -0.007524753 0.365830302 0.010205968 0.999903560 0.009422489 -1.053002596 0.007428528 -0.009498538 0.999927282 33.226982117
0.999926627 -0.009784119 -0.007142288 0.340570569 0.009858025 0.999897480 0.010386952 -1.095482349 0.007039929 -0.010456597 0.999920487 33.644424438
0.999918342 -0.010333912 -0.007508682 0.349584758 0.010413532 0.999889195 0.010643334 -1.114314556 0.007397862 -0.010720657 0.999915123 34.182960510
0.999917388 -0.010487408 -0.007430615 0.335612059 0.010570782 0.999880612 0.011271313 -1.132616520 0.007311520 -0.011348928 0.999908864 34.716644287
0.999904990 -0.011243003 -0.007978620 0.338164717 0.011340286 0.999860644 0.012254404 -1.162422657 0.007839733 -0.012343720 0.999893010 35.192913055
0.999907196 -0.011096101 -0.007905525 0.312159598 0.011189709 0.999866605 0.011897012 -1.150608778 0.007772461 -0.011984369 0.999897957 35.738571167
0.999903679 -0.011150142 -0.008256425 0.296441138 0.011245022 0.999870241 0.011535773 -1.183664203 0.008126727 -0.011627508 0.999899387 36.199588776
0.999910355 -0.010794016 -0.007915890 0.287292987 0.010885539 0.999873281 0.011611700 -1.196180224 0.007789552 -0.011696829 0.999901235 36.762252808
0.999919772 -0.009462932 -0.008416638 0.293036997 0.009557890 0.999890327 0.011314348 -1.200920343 0.008308647 -0.011393886 0.999900639 37.274078369
0.999914169 -0.010063208 -0.008382910 0.286023438 0.010162788 0.999877214 0.011922229 -1.222858071 0.008261905 -0.012006399 0.999893785 37.766010284
0.999905109 -0.010834832 -0.008501698 0.289842010 0.010932337 0.999874055 0.011507415 -1.227860570 0.008375948 -0.011599267 0.999897718 38.342144012
0.999901950 -0.010673445 -0.009065241 0.315074652 0.010795412 0.999850392 0.013513744 -1.267982483 0.008919646 -0.013610281 0.999867558 38.893890381
0.999870956 -0.012674306 -0.009873230 0.331465602 0.012799648 0.999836981 0.012737062 -1.279895306 0.009710189 -0.012861791 0.999870121 39.498668671
0.999890327 -0.011081045 -0.009819396 0.373324245 0.011202978 0.999859750 0.012450581 -1.295560837 0.009680052 -0.012559223 0.999874294 40.105499268
0.999897480 -0.010678797 -0.009540881 0.374828935 0.010809216 0.999847353 0.013724136 -1.322350740 0.009392868 -0.013825857 0.999860287 40.212230682
0.999915183 -0.010113276 -0.008209691 0.361103743 0.010224404 0.999855101 0.013608770 -1.344141364 0.008070871 -0.013691551 0.999873698 40.720745087
0.999903798 -0.010517446 -0.009050564 0.366186112 0.010641301 0.999848902 0.013747089 -1.348286867 0.008904614 -0.013842076 0.999864459 41.319110870
0.999883354 -0.011242983 -0.010336082 0.418530643 0.011383172 0.999842644 0.013605596 -1.356550217 0.010181488 -0.013721664 0.999853969 41.861412048
0.999897599 -0.010114801 -0.010121552 0.400160074 0.010262568 0.999839962 0.014655209 -1.381227016 0.009971699 -0.014757581 0.999841392 42.397277832
0.999909818 -0.009635072 -0.009362205 0.388788670 0.009770843 0.999846160 0.014566118 -1.394070864 0.009220420 -0.014656279 0.999850094 42.948963165
0.999894261 -0.010420190 -0.010140382 0.420142978 0.010559842 0.999848843 0.013817176 -1.371116400 0.009994872 -0.013922797 0.999853134 43.490497589
0.999929488 -0.008032555 -0.008753969 0.396153182 0.008158205 0.999862850 0.014413492 -1.405972719 0.008636991 -0.014483891 0.999857783 44.048938751
0.999930739 -0.008115468 -0.008521438 0.405145675 0.008238753 0.999860525 0.014533596 -1.411124945 0.008402304 -0.014602796 0.999858022 44.538177490
0.999929368 -0.008395808 -0.008412937 0.407746464 0.008507935 0.999874234 0.013382252 -1.383783579 0.008299524 -0.013452888 0.999875069 44.718208313
0.999933064 -0.007989299 -0.008360448 0.416259319 0.008101126 0.999877036 0.013428411 -1.390812874 0.008252135 -0.013495242 0.999874890 45.273159027
0.999929249 -0.008291894 -0.008523196 0.424361140 0.008408685 0.999869943 0.013759522 -1.399283648 0.008407994 -0.013830218 0.999868989 45.790470123
0.999943316 -0.006896551 -0.008108437 0.421506464 0.007006390 0.999882996 0.013596788 -1.412384868 0.008013716 -0.013652828 0.999874711 46.299945831
0.999948919 -0.006843799 -0.007438635 0.382815510 0.006938295 0.999894559 0.012752608 -1.399939537 0.007350573 -0.012803569 0.999890983 46.883468628
0.999946237 -0.006742632 -0.007880975 0.434619427 0.006844603 0.999892235 0.012984365 -1.423968315 0.007792577 -0.013037610 0.999884605 47.394611359
0.999951065 -0.005475628 -0.008229596 0.436838865 0.005586596 0.999892950 0.013522131 -1.456172228 0.008154670 -0.013567445 0.999874711 47.992740631
0.999947786 -0.006809480 -0.007621089 0.410191149 0.006910173 0.999888122 0.013265282 -1.457521439 0.007529904 -0.013317253 0.999882936 48.509181976
0.999934673 -0.007978281 -0.008177119 0.451758832 0.008100533 0.999854207 0.015028054 -1.492252827 0.008056027 -0.015093311 0.999853611 48.663322449
0.999932706 -0.008040673 -0.008358967 0.463519752 0.008164728 0.999855459 0.014914420 -1.498813987 0.008237836 -0.014981666 0.999853790 49.212326050
0.999912620 -0.009656822 -0.009028372 0.475620657 0.009790513 0.999841332 0.014882882 -1.508285165 0.008883220 -0.014969976 0.999848425 49.768768311
0.999925733 -0.008671344 -0.008565617 0.482698500 0.008797249 0.999852180 0.014772173 -1.505424976 0.008436257 -0.014846430 0.999854147 50.351932526
0.999935746 -0.007813985 -0.008213320 0.492861539 0.007938943 0.999851584 0.015293106 -1.517197490 0.008092600 -0.015357328 0.999849200 50.857681274
0.999934077 -0.007971928 -0.008276119 0.476361275 0.008100887 0.999844432 0.015667031 -1.540607452 0.008149937 -0.015733043 0.999842942 51.148933411
0.999941707 -0.007489345 -0.007770025 0.481723815 0.007603797 0.999861479 0.014806490 -1.543449521 0.007658058 -0.014864710 0.999860227 51.698841095
0.999924183 -0.008779716 -0.008624459 0.514300346 0.008903555 0.999856293 0.014427318 -1.530637503 0.008496551 -0.014503017 0.999858737 52.241374969
0.999921978 -0.008823426 -0.008841387 0.500514627 0.008954786 0.999848425 0.014929581 -1.566414475 0.008708317 -0.015007587 0.999849379 52.741870880
0.999931753 -0.009044815 -0.007400694 0.429713041 0.009161351 0.999832153 0.015867261 -1.628333807 0.007255935 -0.015933977 0.999846697 53.257438660
0.999928594 -0.008725970 -0.008164618 0.463116467 0.008858529 0.999827206 0.016342981 -1.580875874 0.008020599 -0.016414143 0.999833047 53.664474487
0.999939561 -0.007882414 -0.007650843 0.448801637 0.008007227 0.999833047 0.016422633 -1.592456102 0.007520114 -0.016482906 0.999835849 54.206966400
0.999935210 -0.008414656 -0.007675995 0.452934831 0.008536816 0.999835193 0.016023058 -1.596601248 0.007539902 -0.016087553 0.999842167 54.752559662
0.999936759 -0.008269290 -0.007625017 0.478084266 0.008391081 0.999835491 0.016081251 -1.594695330 0.007490783 -0.016144218 0.999841630 55.298866272
0.999944329 -0.007449788 -0.007475962 0.540120006 0.007569515 0.999841511 0.016116604 -1.612919331 0.007354710 -0.016172297 0.999842167 55.795978546
0.999933124 -0.007284126 -0.008983998 0.663072884 0.007438906 0.999822319 0.017316880 -1.689652324 0.008856262 -0.017382551 0.999809682 56.285919189
0.999948561 -0.006545101 -0.007751029 0.585852265 0.006680659 0.999822915 0.017594300 -1.661657095 0.007634501 -0.017645178 0.999815106 56.560077667
0.999950945 -0.006714760 -0.007299096 0.588562489 0.006840683 0.999825835 0.017365981 -1.668927431 0.007181218 -0.017415058 0.999822557 57.099456787
0.999944627 -0.007025279 -0.007837678 0.603373528 0.007154441 0.999837041 0.016575189 -1.657024145 0.007719955 -0.016630346 0.999831915 57.637069702
0.999952376 -0.006610407 -0.007190265 0.612910032 0.006727723 0.999842644 0.016416160 -1.666469336 0.007080616 -0.016463753 0.999839425 58.176059723
0.999955952 -0.006485581 -0.006787037 0.588232040 0.006605653 0.999819338 0.017821051 -1.689425945 0.006670232 -0.017865099 0.999818146 58.682998657
0.999948144 -0.006881097 -0.007501919 0.588654160 0.007016192 0.999810874 0.018133109 -1.697544456 0.007375725 -0.018184800 0.999807417 59.075141907
0.999949336 -0.006816132 -0.007410529 0.601831496 0.006948909 0.999813020 0.018041736 -1.707083106 0.007286170 -0.018092314 0.999809742 59.629146576
0.999938786 -0.006986354 -0.008583803 0.674769104 0.007145985 0.999799311 0.018708883 -1.735697746 0.008451375 -0.018769076 0.999788165 60.098262787
0.999947369 -0.006961992 -0.007543118 0.644087672 0.007097381 0.999811411 0.018073099 -1.722930908 0.007415872 -0.018125685 0.999808192 60.647918701
0.999956846 -0.006089154 -0.007017429 0.638687015 0.006215934 0.999815166 0.018188505 -1.718607903 0.006905381 -0.018231340 0.999809921 61.156501770
0.999954164 -0.006208600 -0.007301640 0.623716056 0.006344415 0.999804437 0.018726680 -1.726806641 0.007183945 -0.018772146 0.999798000 61.560283661
0.999955833 -0.006200549 -0.007065436 0.629319131 0.006330333 0.999808908 0.018496972 -1.738208055 0.006949395 -0.018540880 0.999803960 62.110378265
0.999954522 -0.006648512 -0.006832052 0.614010990 0.006778747 0.999792337 0.019219432 -1.775513649 0.006702853 -0.019264873 0.999791980 62.626579285
0.999950588 -0.006543540 -0.007482167 0.654488742 0.006685764 0.999794424 0.019143943 -1.749976039 0.007355360 -0.019193022 0.999788761 63.167633057
0.999958098 -0.005803880 -0.007078256 0.667384744 0.005936217 0.999805272 0.018820871 -1.764691710 0.006967643 -0.018862100 0.999797881 63.702129364
0.999949992 -0.006348560 -0.007723220 0.663844347 0.006496833 0.999792099 0.019327279 -1.779203534 0.007598916 -0.019376490 0.999783397 64.083923340
0.999956369 -0.005949031 -0.007212575 0.670106471 0.006090615 0.999785960 0.019769937 -1.796513915 0.007093420 -0.019813005 0.999778569 64.608093262
0.999956310 -0.006236564 -0.006964100 0.677243948 0.006369448 0.999794900 0.019225100 -1.790914774 0.006842771 -0.019268615 0.999790967 65.167991638
0.999957323 -0.006434243 -0.006632650 0.689738214 0.006558913 0.999798894 0.018949248 -1.789174557 0.006509393 -0.018991942 0.999798477 65.711174011
0.999951959 -0.006122724 -0.007654784 0.733125865 0.006269309 0.999794602 0.019274577 -1.788561225 0.007535199 -0.019321641 0.999784946 66.226852417
0.999952078 -0.006174119 -0.007598425 0.690954983 0.006323189 0.999784887 0.019753514 -1.818209291 0.007474830 -0.019800613 0.999775946 66.610717773
0.999963343 -0.005407725 -0.006644703 0.666167080 0.005537760 0.999790370 0.019709779 -1.831472039 0.006536725 -0.019745853 0.999783695 67.167655945
0.999967456 -0.004140396 -0.006925058 0.696752429 0.004276473 0.999795735 0.019751994 -1.849920988 0.006841862 -0.019780966 0.999780953 67.661132812
0.999957204 -0.005628138 -0.007347571 0.704323471 0.005768646 0.999798059 0.019243680 -1.835235000 0.007237781 -0.019285239 0.999787807 68.211738586
0.999950886 -0.005632726 -0.008144413 0.721803784 0.005789299 0.999796271 0.019330649 -1.838308334 0.008033871 -0.019376852 0.999779999 68.718025208
0.999965310 -0.004631870 -0.006923600 0.717790067 0.004773051 0.999778271 0.020515695 -1.884027481 0.006827034 -0.020548033 0.999765575 69.145751953
0.999965847 -0.004458751 -0.006960303 0.747953057 0.004597922 0.999787331 0.020108804 -1.881951928 0.006869162 -0.020140121 0.999773622 69.668266296
0.999964416 -0.004825733 -0.006918151 0.748039126 0.004961761 0.999792099 0.019782070 -1.892298818 0.006821250 -0.019815693 0.999780416 70.183692932
0.999973416 -0.002207007 -0.006952199 0.814510465 0.002350916 0.999781728 0.020759983 -1.936967969 0.006904865 -0.020775778 0.999760389 70.626579285
0.999963284 -0.003663279 -0.007745719 0.838692129 0.003814306 0.999801159 0.019574162 -1.900208473 0.007672475 -0.019602988 0.999778450 71.208229065
0.999963701 -0.004804373 -0.007034496 0.759108722 0.004949101 0.999773443 0.020703346 -1.917035937 0.006933433 -0.020737410 0.999760926 71.785545349
0.999957442 -0.005752629 -0.007214828 0.768175364 0.005903530 0.999760628 0.021071590 -1.925371170 0.007091884 -0.021113290 0.999751985 72.343505859
0.999965012 -0.004962284 -0.006741127 0.766196907 0.005097344 0.999783635 0.020167980 -1.909115434 0.006639588 -0.020201638 0.999773920 72.828468323
0.999952853 -0.006132641 -0.007535676 0.783865273 0.006288525 0.999763191 0.020839529 -1.925026536 0.007406091 -0.020885935 0.999754429 73.300346375
0.999945700 -0.006641259 -0.008031619 0.860469460 0.006809819 0.999753237 0.021145057 -1.953236103 0.007889207 -0.021198604 0.999744177 73.711044312
0.999956727 -0.005925616 -0.007170165 0.774691761 0.006077467 0.999753714 0.021344988 -1.959063053 0.007041917 -0.021387640 0.999746442 74.314086914
0.999958873 -0.005538740 -0.007182754 0.777152240 0.005690046 0.999758720 0.021218669 -1.969521642 0.007063496 -0.021258663 0.999749064 74.842041016
0.999955356 -0.006066546 -0.007246407 0.791242838 0.006221105 0.999749541 0.021500278 -1.970514297 0.007114160 -0.021544401 0.999742568 75.314514160
0.999945700 -0.007033146 -0.007691212 0.782290220 0.007188848 0.999765933 0.020407375 -1.945511222 0.007545884 -0.020461559 0.999762118 75.939010620
0.999944329 -0.007223086 -0.007688420 0.808007598 0.007383707 0.999750733 0.021072077 -1.956267118 0.007534299 -0.021127675 0.999748349 76.386894226
0.999962807 -0.005044070 -0.006998761 0.795619607 0.005195154 0.999750257 0.021739688 -1.985219836 0.006887357 -0.021775240 0.999739170 76.977043152
0.999956906 -0.005815419 -0.007240101 0.803647935 0.005970122 0.999750316 0.021532569 -1.979658842 0.007113073 -0.021574864 0.999741912 77.423606873
0.999967098 -0.005836730 -0.005632416 0.809185982 0.005958140 0.999744952 0.021785136 -1.977291942 0.005503825 -0.021817978 0.999746799 77.968154907
0.999968350 -0.006179393 -0.005009673 0.829912424 0.006286407 0.999746144 0.021634858 -1.992643714 0.004874711 -0.021665664 0.999753356 78.519851685
0.999981642 -0.005022927 -0.003392511 0.844795942 0.005095234 0.999752581 0.021651952 -1.988073707 0.003282915 -0.021668838 0.999759793 79.001251221
0.999984026 -0.005026794 -0.002607404 0.848865092 0.005082092 0.999752641 0.021653470 -1.992835522 0.002497911 -0.021666370 0.999762118 79.546569824
0.999987602 -0.004991531 0.000185246 0.846527755 0.004986181 0.999740481 0.022228684 -2.024823666 -0.000296153 -0.022227481 0.999752879 80.047302246
0.999983609 -0.003705852 0.004356824 0.859783769 0.003604810 0.999729514 0.022975221 -2.054284096 -0.004440788 -0.022959139 0.999726534 80.600929260
0.999956846 -0.004431219 0.008168123 0.846020997 0.004249200 0.999745369 0.022168342 -2.005365372 -0.008264274 -0.022132676 0.999720871 81.097846985
0.999919176 -0.004421304 0.011924438 0.888762891 0.004157394 0.999747932 0.022066642 -2.015799522 -0.012018995 -0.022015283 0.999685347 81.648643494
0.999829650 -0.004095274 0.017997986 0.901612103 0.003688787 0.999738634 0.022560630 -2.025370359 -0.018085673 -0.022490397 0.999583364 82.185371399
0.999725878 -0.004253476 0.023025274 0.954573929 0.003722813 0.999727607 0.023040978 -2.047936201 -0.023117006 -0.022948943 0.999469340 82.649658203
0.999565899 -0.003520322 0.029251240 0.984713435 0.002841289 0.999726295 0.023223048 -2.055013895 -0.029324986 -0.023129858 0.999302268 83.193359375
0.999259412 -0.003003894 0.038361289 0.972011089 0.002140453 0.999743879 0.022529393 -2.035710812 -0.038419131 -0.022430595 0.999009907 83.729080200
0.998942614 -0.002786840 0.045889001 1.048913479 0.001707918 0.999721527 0.023534019 -2.064568758 -0.045941807 -0.023430761 0.998669207 84.221237183
0.998530388 -0.002414502 0.054140978 1.071619987 0.001128284 0.999716640 0.023774816 -2.060958147 -0.054183040 -0.023678791 0.998250246 84.779624939
0.998043060 -0.004633670 0.062358212 1.113009453 0.003215309 0.999734223 0.022826545 -2.041906357 -0.062447410 -0.022581378 0.997792780 85.417457581
0.997360528 -0.003925157 0.072502062 1.180335045 0.002285155 0.999739885 0.022689180 -2.055607319 -0.072572261 -0.022463616 0.997110069 85.933883667
0.996595621 -0.002090869 0.082418263 1.204609871 0.000083872 0.999703526 0.024347305 -2.082568407 -0.082444742 -0.024257507 0.996300399 86.466003418
0.995913565 -0.003234319 0.090253815 1.260036469 0.001088126 0.999715686 0.023818593 -2.119098425 -0.090305187 -0.023623053 0.995634079 87.007499695
0.994870722 -0.003684040 0.101087168 1.337696075 0.001317551 0.999723732 0.023467153 -2.114890337 -0.101145700 -0.023213601 0.994600773 87.552200317
0.993767738 -0.002616735 0.111439399 1.408869743 -0.000054745 0.999712884 0.023962682 -2.122177362 -0.111470126 -0.023819443 0.993482351 88.115097046
0.992552757 -0.001529868 0.121806204 1.486540794 -0.001445561 0.999702811 0.024335453 -2.121873617 -0.121807232 -0.024330303 0.992255509 88.722450256
0.991203606 -0.002184238 0.132328048 1.605172157 -0.001040117 0.999704361 0.024292348 -2.135731459 -0.132342011 -0.024216302 0.990908325 89.237571716
0.989557743 -0.002038047 0.144123048 1.718782425 -0.001566260 0.999688923 0.024890659 -2.162313461 -0.144128963 -0.024856478 0.989246726 89.780784607
0.987775147 -0.002227356 0.155869275 1.683562279 -0.001579135 0.999703765 0.024292966 -2.100590229 -0.155877173 -0.024242133 0.987478912 90.332328796
0.986217380 -0.001522040 0.165448129 1.797636986 -0.002553788 0.999698520 0.024419563 -2.102196932 -0.165435389 -0.024505518 0.985916078 90.876083374
0.984051466 -0.001786206 0.177874804 1.906559944 -0.002668363 0.999688864 0.024800913 -2.111271143 -0.177863732 -0.024880014 0.983740568 91.413269043
0.981686354 -0.001037421 0.190501571 2.026802063 -0.003836121 0.999674797 0.025212130 -2.125942469 -0.190465748 -0.025481198 0.981363058 91.942222595
0.979659021 -0.003430911 0.200639859 2.164659500 -0.001370494 0.999716043 0.023786670 -2.114189148 -0.200664520 -0.023577802 0.979376197 92.506538391
0.976985753 -0.003718907 0.213272095 2.354265213 -0.001345810 0.999720633 0.023597578 -2.148014545 -0.213300258 -0.023341523 0.976707816 93.052528381
0.973291934 -0.001640847 0.229564816 2.369768143 -0.003921161 0.999709785 0.023770206 -2.033876896 -0.229537204 -0.024035515 0.973003089 93.689430237
0.970384240 -0.002178185 0.241556630 2.517984390 -0.003478331 0.999729693 0.022988040 -2.029614449 -0.241541386 -0.023147447 0.970114470 94.245697021
0.967260659 -0.001771543 0.253778815 2.697954178 -0.004289956 0.999718666 0.023329569 -2.041614532 -0.253748745 -0.023654478 0.966980934 94.776596069
0.963623822 0.000424168 0.267261773 2.885389328 -0.007103112 0.999686122 0.024023991 -2.066001415 -0.267167687 -0.025048478 0.963324487 95.318901062
0.959768295 0.000298017 0.280792981 3.022621155 -0.007606477 0.999660075 0.024938444 -2.092804909 -0.280690134 -0.026070971 0.959444284 95.803237915
0.956607759 -0.003628067 0.291356266 3.205949783 -0.003486147 0.999708414 0.023894746 -2.054332733 -0.291357994 -0.023873607 0.956316113 96.390205383
0.952201307 -0.002893723 0.305457562 3.393926620 -0.004503754 0.999713540 0.023510221 -2.053496838 -0.305438042 -0.023762168 0.951915383 96.925323486
0.947769523 -0.004288886 0.318927228 3.591403961 -0.003443143 0.999713778 0.023676140 -2.052145004 -0.318937421 -0.023537632 0.947483420 97.448554993
0.943602741 -0.003480518 0.331061482 3.775268555 -0.004725198 0.999701321 0.023977991 -2.071528435 -0.331046045 -0.024190031 0.943304479 97.962364197
0.939165115 -0.003774440 0.343445301 4.000173569 -0.004563482 0.999714255 0.023465812 -2.068288326 -0.343435675 -0.023605578 0.938879430 98.510437012
0.934179068 -0.003970583 0.356782258 4.247814178 -0.004750944 0.999710977 0.023565264 -2.065139294 -0.356772751 -0.023709225 0.933890283 99.027664185
0.929278553 -0.004491115 0.369352400 4.476398468 -0.004661175 0.999703825 0.023883199 -2.067651033 -0.369350284 -0.023915758 0.928982496 99.564041138
0.924710333 -0.004535683 0.380644351 4.715091705 -0.004708753 0.999716282 0.023351533 -2.066615105 -0.380642295 -0.023385767 0.924426675 100.070281982
0.918724656 -0.004712078 0.394870400 4.942848206 -0.005031885 0.999707937 0.023637172 -2.072192669 -0.394866467 -0.023702996 0.918432772 100.538742065
0.913074017 -0.005318704 0.407759070 5.179721832 -0.004483314 0.999723613 0.023079397 -2.075645208 -0.407769054 -0.022901310 0.912797868 101.045570374
0.908007979 -0.005151941 0.418920994 5.459758759 -0.004755382 0.999733269 0.022602096 -2.066462755 -0.418925673 -0.022515014 0.907741308 101.597618103
0.902636707 -0.005295766 0.430370688 5.699443817 -0.005243257 0.999714792 0.023298547 -2.058319092 -0.430371255 -0.023286670 0.902351499 102.079864502
0.895767272 -0.005086527 0.444494098 5.964660645 -0.005732809 0.999719203 0.022993246 -2.060327768 -0.444486231 -0.023144796 0.895486593 102.573562622
0.890181303 -0.007281334 0.455548376 6.233448029 -0.003513051 0.999732852 0.022844203 -2.059270144 -0.455593050 -0.021935845 0.889917850 103.058372498
0.884211719 -0.007591037 0.467024535 6.514099121 -0.003544820 0.999730110 0.022961013 -2.059633970 -0.467072845 -0.021957917 0.883946121 103.547508240
0.876935959 -0.007029669 0.480555832 6.777843475 -0.004696083 0.999719918 0.023193695 -2.064578295 -0.480584234 -0.022596115 0.876657307 104.001365662
