1.000000000 0.000000000 0.000000000 0.000000000 0.000000000 1.000000000 0.000000000 0.000000000 0.000000000 0.000000000 1.000000000 0.000000000
1.000000000 0.000090849 0.000095934 -0.000862612 -0.000090860 1.000000000 0.000111649 -0.000109025 -0.000095924 -0.000111658 1.000000000 0.000361956
1.000000000 0.000050208 0.000134121 -0.001569830 -0.000050208 1.000000000 0.000005616 0.000292065 -0.000134121 -0.000005623 1.000000000 0.000246552
1.000000000 0.000018995 0.000041574 -0.000631608 -0.000018998 1.000000000 0.000064388 -0.000825031 -0.000041573 -0.000064389 1.000000000 -0.000723057
1.000000000 0.000087126 0.000169473 -0.001972898 -0.000087140 1.000000000 0.000086213 -0.000589123 -0.000169465 -0.000086228 1.000000000 -0.000700173
1.000000000 -0.000132306 -0.000013166 0.000140403 0.000132306 1.000000000 -0.000027022 0.000351093 0.000013169 0.000027020 1.000000000 -0.000274327
1.000000000 0.000044865 0.000125065 -0.001798273 -0.000044874 1.000000000 0.000070504 -0.000388353 -0.000125062 -0.000070510 1.000000000 -0.000346186
1.000000000 0.000056698 0.000087385 -0.001554718 -0.000056695 1.000000000 -0.000033197 -0.000081301 -0.000087387 0.000033192 1.000000000 -0.000638191
1.000000000 0.000070557 0.000138711 -0.001352027 -0.000070559 1.000000000 0.000016391 -0.000926882 -0.000138710 -0.000016401 1.000000000 -0.000870896
1.000000000 0.000128855 0.000145100 -0.001890225 -0.000128873 1.000000000 0.000121183 -0.000707193 -0.000145084 -0.000121202 1.000000000 0.000583715
1.000000000 0.000083306 0.000142250 -0.001560023 -0.000083316 1.000000000 0.000069244 -0.000575792 -0.000142244 -0.000069256 1.000000000 -0.000034213
1.000000000 0.000134291 0.000162141 -0.001689990 -0.000134296 1.000000000 0.000030470 -0.001070598 -0.000162137 -0.000030492 1.000000000 -0.001155519
1.000000000 0.000073367 0.000142918 -0.001100003 -0.000073373 1.000000000 0.000041491 0.000250688 -0.000142915 -0.000041501 1.000000000 0.000203132
1.000000000 0.000154287 0.000118238 -0.001607309 -0.000154276 1.000000000 -0.000097247 0.000865744 -0.000118253 0.000097229 1.000000000 0.000615860
1.000000000 0.000099584 0.000116505 -0.001564540 -0.000099589 1.000000000 0.000046140 -0.000190081 -0.000116500 -0.000046151 1.000000000 -0.000083911
0.999999940 0.000254199 0.000177718 -0.002209738 -0.000254188 0.999999940 -0.000057298 0.001373441 -0.000177732 0.000057253 1.000000000 0.001133075
0.999999940 0.000356668 0.000206716 -0.002668941 -0.000356659 0.999999940 -0.000043099 0.001021331 -0.000206731 0.000043025 1.000000000 0.001878631
0.999999940 0.000240536 0.000253983 -0.002418269 -0.000240535 1.000000000 -0.000005653 0.001337964 -0.000253985 0.000005592 0.999999940 0.002127130
0.999999940 0.000205483 0.000275346 -0.002529411 -0.000205464 1.000000000 -0.000066085 0.000447989 -0.000275359 0.000066029 0.999999940 0.000763254
0.999999940 0.000215094 0.000212147 -0.002503557 -0.000215109 1.000000000 0.000071024 -0.000121562 -0.000212132 -0.000071070 1.000000000 0.001660856
0.999999940 0.000300064 0.000166687 -0.001942754 -0.000300059 0.999999940 -0.000029103 0.001292739 -0.000166696 0.000029053 1.000000000 0.001574500
0.999999940 0.000250049 0.000181715 -0.002417106 -0.000250045 0.999999940 -0.000020552 0.000399948 -0.000181720 0.000020506 1.000000000 0.001737788
1.000000000 0.000150077 0.000164073 -0.002209844 -0.000150087 1.000000000 0.000062745 0.000097145 -0.000164064 -0.000062769 1.000000000 0.000892724
0.999999881 0.000394391 0.000197105 -0.002561229 -0.000394392 0.999999940 0.000004403 0.001394495 -0.000197103 -0.000004481 1.000000000 0.003048923
0.999999940 0.000296722 0.000243646 -0.002122988 -0.000296729 0.999999940 0.000027528 0.001326020 -0.000243638 -0.000027600 0.999999940 0.001974948
0.999999940 0.000217596 0.000209114 -0.001451503 -0.000217587 1.000000000 -0.000042052 0.002068126 -0.000209123 0.000042006 1.000000000 0.003092545
0.999999940 0.000340385 0.000238234 -0.002393513 -0.000340394 0.999999940 0.000039560 0.001222659 -0.000238221 -0.000039641 1.000000000 0.002277546
0.999999940 0.000340418 0.000124128 -0.002252900 -0.000340405 0.999999940 -0.000103286 0.001844081 -0.000124163 0.000103244 1.000000000 0.001003698
0.999999940 0.000322316 0.000130446 -0.001985386 -0.000322305 0.999999940 -0.000090337 0.001518234 -0.000130476 0.000090295 1.000000000 0.000837748
0.999999881 0.000344377 0.000262744 -0.002496929 -0.000344373 0.999999940 -0.000015537 0.000224019 -0.000262750 0.000015447 0.999999940 0.001006565
0.999999940 0.000231414 0.000290734 -0.003024716 -0.000231421 1.000000000 0.000024355 0.000146497 -0.000290728 -0.000024422 0.999999940 0.001732292
0.999999940 0.000314087 0.000186941 -0.001997214 -0.000314075 0.999999940 -0.000062176 0.001518746 -0.000186961 0.000062117 1.000000000 0.002426054
0.999999881 0.000413996 0.000244446 -0.002179555 -0.000413998 0.999999940 0.000009884 0.000014735 -0.000244442 -0.000009985 0.999999940 -0.000064175
0.999999881 0.000443378 0.000308865 -0.003485441 -0.000443376 0.999999881 -0.000006638 0.000703966 -0.000308868 0.000006501 0.999999940 0.002710742
0.999999881 0.000380059 0.000239582 -0.001927070 -0.000380039 0.999999940 -0.000083793 0.000704664 -0.000239614 0.000083702 0.999999940 0.001446368
0.999999940 0.000353750 0.000226282 -0.003594427 -0.000353753 0.999999940 0.000009685 0.000679125 -0.000226278 -0.000009765 1.000000000 0.001243719
0.999999881 0.000400491 0.000206554 -0.002737786 -0.000400473 0.999999940 -0.000085685 0.002160666 -0.000206589 0.000085603 1.000000000 0.001292668
0.999999881 0.000431452 0.000309765 -0.003475131 -0.000431451 0.999999881 -0.000000896 0.000934687 -0.000309765 0.000000763 0.999999940 0.001886315
0.999999881 0.000386225 0.000184241 -0.001109229 -0.000386229 0.999999940 0.000024229 0.000700607 -0.000184232 -0.000024300 1.000000000 -0.000143990
0.999999940 0.000253493 0.000194313 -0.001775000 -0.000253479 0.999999940 -0.000071338 0.000474116 -0.000194331 0.000071288 1.000000000 0.000038855
0.999999881 0.000482403 0.000250003 -0.000992298 -0.000482257 0.999999702 -0.000586022 -0.002242459 -0.000250286 0.000585901 0.999999821 0.049727220
0.999999523 0.000857840 -0.000225678 0.000223812 -0.000858110 0.999998868 -0.001197866 -0.003543416 0.000224650 0.001198059 0.999999285 0.139039040
0.999999583 0.000864230 -0.000236408 0.001208502 -0.000864536 0.999998808 -0.001299496 -0.008190284 0.000235285 0.001299700 0.999999166 0.252369523
0.999999046 0.001364126 -0.000153982 0.003697247 -0.001364299 0.999998450 -0.001130209 -0.012068192 0.000152439 0.001130417 0.999999404 0.385607928
0.999999762 0.000626856 0.000229441 0.009010670 -0.000626737 0.999999642 -0.000517243 -0.023790676 -0.000229765 0.000517099 0.999999821 0.514958084
0.999999940 0.000272141 0.000246318 0.012244634 -0.000272037 0.999999881 -0.000425222 -0.028130643 -0.000246434 0.000425155 0.999999821 0.666391373
0.999999881 0.000377305 0.000229295 0.017594002 -0.000377248 0.999999881 -0.000249879 -0.029603520 -0.000229390 0.000249793 0.999999881 0.829979300
0.999999702 0.000667032 0.000422049 0.016344506 -0.000666911 0.999999762 -0.000285963 -0.033604708 -0.000422240 0.000285682 0.999999821 1.006185293
0.999999702 0.000672267 0.000281640 0.020214809 -0.000672156 0.999999702 -0.000394119 -0.036072083 -0.000281904 0.000393929 0.999999821 1.182301641
0.999999583 0.000734488 0.000344901 0.028597666 -0.000734661 0.999999523 0.000501651 -0.048244461 -0.000344533 -0.000501904 0.999999821 1.364650846
0.999999344 0.001095398 -0.000005867 0.032660589 -0.001095396 0.999999344 0.000226570 -0.049567398 0.000006115 -0.000226564 0.999999940 1.557327867
0.999999821 0.000451958 0.000130950 0.036509953 -0.000452053 0.999999583 0.000724570 -0.058532652 -0.000130623 -0.000724629 0.999999762 1.756562591
0.999999464 0.000772122 0.000653449 0.031631049 -0.000772574 0.999999464 0.000692557 -0.063524298 -0.000652914 -0.000693062 0.999999464 1.955488920
0.999999583 0.000712136 0.000568683 0.036250163 -0.000712769 0.999999225 0.001113270 -0.075419329 -0.000567889 -0.001113675 0.999999225 2.163575411
0.999999821 0.000365456 0.000406780 0.040375225 -0.000365871 0.999999404 0.001021798 -0.080135345 -0.000406406 -0.001021947 0.999999344 2.379395247
0.999999404 0.000871009 0.000584969 0.046916902 -0.000871545 0.999999166 0.000916329 -0.088370793 -0.000584170 -0.000916838 0.999999404 2.600166082
0.999999344 0.000892332 0.000680759 0.050363779 -0.000892990 0.999999166 0.000967020 -0.095901765 -0.000679895 -0.000967627 0.999999285 2.827673912
1.000000000 0.000348482 0.000413749 0.060518727 -0.000348869 0.999999523 0.000934034 -0.096475147 -0.000413423 -0.000934179 0.999999404 3.072629213
0.999999881 0.000458008 0.000124465 0.068637088 -0.000458136 0.999999344 0.001027884 -0.103534065 -0.000123994 -0.001027941 0.999999404 3.311551809
0.999999762 0.000078626 0.000644239 0.066851534 -0.000079736 0.999998450 0.001723805 -0.119316615 -0.000644103 -0.001723856 0.999998331 3.551606655
0.999999523 0.000251542 0.000900838 0.068677686 -0.000253122 0.999998450 0.001754400 -0.124972440 -0.000900395 -0.001754627 0.999998093 3.804771662
0.999999762 0.000020127 0.000650237 0.080051765 -0.000021064 0.999998987 0.001441193 -0.126467824 -0.000650208 -0.001441207 0.999998748 4.071773052
0.999999702 0.000109611 0.000781390 0.086370006 -0.000110677 0.999999106 0.001364882 -0.129095837 -0.000781240 -0.001364968 0.999998748 4.331791401
0.999999702 -0.000178792 0.000752649 0.089510985 0.000177883 0.999999344 0.001206957 -0.137185141 -0.000752864 -0.001206822 0.999999046 4.585803509
0.999998569 0.001640801 0.000459264 0.092095278 -0.001641360 0.999997914 0.001220229 -0.143600628 -0.000457261 -0.001220981 0.999999166 4.827314854
0.999997854 0.002015922 0.000582290 0.097003497 -0.002016718 0.999997020 0.001369789 -0.152023211 -0.000579527 -0.001370960 0.999998868 5.084047794
0.999998212 0.001725785 0.000733764 0.102049291 -0.001726798 0.999997556 0.001382215 -0.156492382 -0.000731377 -0.001383480 0.999998748 5.351241112
0.999997795 0.001950913 0.000766859 0.110845789 -0.001951905 0.999997258 0.001295389 -0.164198011 -0.000764330 -0.001296884 0.999998868 5.613770008
0.999998927 0.001316916 0.000548009 0.111532971 -0.001317857 0.999997675 0.001721190 -0.176335454 -0.000545741 -0.001721911 0.999998331 5.882107258
0.999998391 0.001624746 0.000731006 0.114339188 -0.001625998 0.999997258 0.001715910 -0.186416581 -0.000728216 -0.001717096 0.999998271 6.153188705
0.999998271 0.001615600 0.000926927 0.120238498 -0.001617103 0.999997318 0.001623803 -0.188789234 -0.000924301 -0.001625299 0.999998271 6.447409153
0.999997973 0.001887378 0.000777339 0.122760400 -0.001888688 0.999996841 0.001688705 -0.194613665 -0.000774150 -0.001690170 0.999998331 6.740247250
0.999997973 0.001869479 0.000649202 0.137032688 -0.001870198 0.999997556 0.001107839 -0.199615657 -0.000647130 -0.001109051 0.999999166 7.040972233
0.999998093 0.001957762 0.000110170 0.148490757 -0.001957998 0.999995828 0.002189858 -0.226878673 -0.000105882 -0.002190070 0.999997616 7.343032837
0.999998271 0.001857316 0.000167171 0.151820138 -0.001857676 0.999995887 0.002185608 -0.236810163 -0.000163111 -0.002185914 0.999997616 7.645474911
0.999998331 0.001558834 0.000898384 0.155330241 -0.001560537 0.999996960 0.001897684 -0.240855455 -0.000895423 -0.001899082 0.999997795 7.972721100
0.999997854 0.001774196 0.001030157 0.157585531 -0.001776069 0.999996662 0.001819981 -0.248508468 -0.001026925 -0.001821807 0.999997795 8.291995049
0.999998093 0.001626242 0.001101767 0.167532593 -0.001628033 0.999997318 0.001626103 -0.257078141 -0.001099120 -0.001627894 0.999998093 8.614907265
0.999997914 0.001716886 0.001120343 0.167497441 -0.001719035 0.999996662 0.001920278 -0.261773527 -0.001117043 -0.001922200 0.999997556 8.948024750
0.999997258 0.002139517 0.000958429 0.174526379 -0.002141117 0.999996305 0.001670892 -0.272780955 -0.000954850 -0.001672939 0.999998212 9.284785271
0.999996066 0.002519575 0.001230726 0.178276896 -0.002522615 0.999993861 0.002474496 -0.291846603 -0.001224483 -0.002477591 0.999996185 9.615994453
0.999996245 0.002329607 0.001435020 0.187060028 -0.002333374 0.999993861 0.002628694 -0.301268250 -0.001428887 -0.002632033 0.999995530 9.970664024
0.999996364 0.002383818 0.001226646 0.190568253 -0.002386281 0.999995112 0.002010795 -0.309438586 -0.001221847 -0.002013715 0.999997139 10.327242851
0.999996364 0.002372455 0.001261095 0.200359732 -0.002375373 0.999994516 0.002317858 -0.321977973 -0.001255589 -0.002320846 0.999996543 10.686498642
0.999996901 0.002218208 0.001125197 0.203373581 -0.002220511 0.999995470 0.002050165 -0.327410430 -0.001120644 -0.002052657 0.999997318 11.063030243
0.999998271 0.001694612 0.000687549 0.226116449 -0.001696088 0.999996185 0.002151988 -0.337765276 -0.000683900 -0.002153150 0.999997437 11.435608864
0.999997735 0.001956986 0.000770118 0.231783628 -0.001958539 0.999996066 0.002020770 -0.345532000 -0.000766160 -0.002022274 0.999997675 11.810091972
0.999995172 0.002618390 0.001743959 0.228296399 -0.002623627 0.999991953 0.003007086 -0.372102886 -0.001736072 -0.003011647 0.999993920 12.180365562
0.999994695 0.002657948 0.001891277 0.238157183 -0.002664629 0.999990106 0.003538633 -0.387804180 -0.001881853 -0.003543654 0.999991953 12.568222046
0.999995470 0.002431295 0.001844581 0.242919981 -0.002437104 0.999992073 0.003153217 -0.388853431 -0.001836900 -0.003157698 0.999993324 12.981531143
0.999995768 0.002029923 0.002093176 0.249153808 -0.002036590 0.999992847 0.003187734 -0.397156537 -0.002086690 -0.003191984 0.999992728 13.377389908
0.999994576 0.002441825 0.002194892 0.259247750 -0.002449346 0.999991119 0.003430359 -0.413608640 -0.002186496 -0.003435716 0.999991715 13.774147034
0.999994040 0.002398769 0.002488221 0.267441064 -0.002406689 0.999992013 0.003185037 -0.419882476 -0.002480561 -0.003191006 0.999991834 14.186489105
0.999992788 0.002827143 0.002571131 0.276027352 -0.002834711 0.999991596 0.002945042 -0.431807041 -0.002562783 -0.002952309 0.999992311 14.605614662
0.999992311 0.002160577 0.003264642 0.287883610 -0.002171294 0.999992251 0.003282565 -0.442728639 -0.003257525 -0.003289629 0.999989212 15.035708427
0.999990761 0.002582180 0.003420707 0.294266701 -0.002594534 0.999990165 0.003611925 -0.460436612 -0.003411347 -0.003620767 0.999987602 15.465221405
0.999993145 0.001563549 0.003355287 0.309776574 -0.001573857 0.999993980 0.003071934 -0.461724132 -0.003350463 -0.003077193 0.999989629 15.908541679
0.999992073 0.002067744 0.003396735 0.324334800 -0.002081294 0.999989808 0.003990004 -0.490384758 -0.003388451 -0.003997041 0.999986291 16.317541122
0.999989569 0.002653339 0.003712934 0.332318902 -0.002665697 0.999990940 0.003327268 -0.495086491 -0.003704072 -0.003337131 0.999987602 16.772411346
0.999986529 0.002806614 0.004365022 0.341250360 -0.002822752 0.999989212 0.003695192 -0.514648318 -0.004354603 -0.003707463 0.999983609 17.222724915
0.999982774 0.003294814 0.004855226 0.350066602 -0.003313234 0.999987364 0.003790624 -0.528069735 -0.004842675 -0.003806645 0.999980986 17.686742783
0.999983072 0.002580368 0.005209452 0.367440641 -0.002600078 0.999989390 0.003780179 -0.528059065 -0.005199643 -0.003793661 0.999979258 18.165023804
0.999986529 0.001432863 0.004992464 0.383841157 -0.001451861 0.999991715 0.003803904 -0.539217949 -0.004986973 -0.003811101 0.999980271 18.629671097
0.999988019 0.001876639 0.004527324 0.401071936 -0.001893783 0.999991000 0.003785741 -0.549581051 -0.004520179 -0.003794270 0.999982595 19.128894806
0.999976516 0.003064209 0.006128057 0.398269594 -0.003088419 0.999987543 0.003945241 -0.576989293 -0.006115891 -0.003964075 0.999973416 19.546251297
0.999977231 0.003216774 0.005928036 0.408754319 -0.003238932 0.999987781 0.003732150 -0.585842490 -0.005915958 -0.003751266 0.999975443 20.036329269
0.999980450 0.002552447 0.005706892 0.429334015 -0.002571860 0.999990940 0.003396979 -0.595506608 -0.005698170 -0.003411590 0.999977946 20.527530670
0.999983430 0.002473750 0.005184331 0.474012166 -0.002495303 0.999988258 0.004154906 -0.607663333 -0.005173991 -0.004167773 0.999977946 21.016895294
0.999986172 0.002714991 0.004487836 0.485757291 -0.002731700 0.999989271 0.003721289 -0.616461456 -0.004477685 -0.003733497 0.999983013 21.522035599
0.999973178 0.004890921 0.005456901 0.468532920 -0.004912268 0.999980330 0.003905306 -0.634845138 -0.005437693 -0.003932007 0.999977469 22.008178711
0.999976635 0.004512640 0.005139469 0.484145433 -0.004533442 0.999981582 0.004043222 -0.649151504 -0.005121129 -0.004066426 0.999978602 22.506187439
0.999985635 0.002729312 0.004612662 0.513811469 -0.002745796 0.999989867 0.003571354 -0.653848112 -0.004602868 -0.003583968 0.999983013 23.010532379
0.999983668 0.003881522 0.004188778 0.496077180 -0.003897656 0.999984980 0.003850506 -0.679015458 -0.004173770 -0.003866769 0.999983788 23.532030106
0.999992371 0.002113199 0.003284554 0.509405434 -0.002125453 0.999990821 0.003731602 -0.695655525 -0.003276637 -0.003738554 0.999987662 24.057310104
0.999991119 0.002996693 0.002957619 0.539439917 -0.003009647 0.999985874 0.004385091 -0.703003645 -0.002944437 -0.004393953 0.999985993 24.549980164
0.999987662 0.004017071 0.002958642 0.532064438 -0.004029224 0.999983430 0.004112997 -0.706412017 -0.002942071 -0.004124867 0.999987185 25.087892532
0.999991596 0.003623685 0.001906546 0.556606650 -0.003630859 0.999986410 0.003772578 -0.705582976 -0.001892849 -0.003779469 0.999991059 25.588199615
0.999984086 0.005065992 0.002479861 0.557729661 -0.005074809 0.999980807 0.003562020 -0.716171861 -0.002461769 -0.003574548 0.999990523 26.150768280
0.999992847 0.003449855 0.001546936 0.592877507 -0.003457222 0.999982595 0.004784486 -0.736174643 -0.001530404 -0.004789800 0.999987364 26.681518555
0.999995112 0.003090860 0.000516767 0.604878843 -0.003093240 0.999984324 0.004669310 -0.751984835 -0.000502327 -0.004670886 0.999988973 27.220693588
0.999994397 0.003340777 -0.000000669 0.614192426 -0.003340742 0.999984980 0.004355061 -0.761821389 0.000015219 -0.004355035 0.999990523 27.778020859
0.999991715 0.003963851 0.000830424 0.620442629 -0.003967339 0.999983132 0.004242979 -0.778942347 -0.000813591 -0.004246238 0.999990642 28.341659546
0.999985456 0.005302836 0.001001367 0.626951456 -0.005306993 0.999977112 0.004194674 -0.791792035 -0.000979100 -0.004199928 0.999990702 28.899272919
0.999984145 0.005591553 0.000635365 0.635435998 -0.005593783 0.999977946 0.003564567 -0.800963640 -0.000615419 -0.003568065 0.999993384 29.443513870
0.999990761 0.004299462 0.000023237 0.645063221 -0.004299524 0.999980807 0.004459275 -0.815585017 -0.000004065 -0.004459334 0.999990046 29.979942322
0.999990880 0.004246362 -0.000459399 0.659829378 -0.004244488 0.999982953 0.004007345 -0.820932269 0.000476408 -0.004005358 0.999991894 30.504859924
0.999986172 0.005257204 -0.000233291 0.657920122 -0.005256254 0.999978483 0.003903022 -0.832715511 0.000253806 -0.003901742 0.999992371 31.054805756
0.999977231 0.006757247 -0.000169764 0.660544991 -0.006756577 0.999970436 0.003681052 -0.845528901 0.000194633 -0.003679821 0.999993265 31.601007462
0.999986649 0.005116852 -0.000755831 0.693686068 -0.005113467 0.999977171 0.004415648 -0.858327270 0.000778408 -0.004411724 0.999989986 32.161270142
0.999982595 0.005561335 -0.001981658 0.703153193 -0.005552751 0.999975264 0.004311850 -0.868358374 0.002005589 -0.004300772 0.999988735 32.699653625
0.999984682 0.005489954 -0.000618867 0.690228939 -0.005487616 0.999977946 0.003719945 -0.890151978 0.000639274 -0.003716492 0.999992907 33.220790863
0.999982476 0.005854174 -0.000859866 0.706409693 -0.005850562 0.999974251 0.004146690 -0.909330964 0.000884118 -0.004141586 0.999991059 33.759788513
0.999985039 0.005364188 -0.001153810 0.704301834 -0.005359621 0.999977946 0.003924902 -0.900269151 0.001174838 -0.003918659 0.999991596 34.307113647
0.999983966 0.005475066 -0.001468526 0.716567159 -0.005469105 0.999976933 0.004032775 -0.921382368 0.001490572 -0.004024679 0.999990761 34.827510834
0.999981999 0.005807156 -0.001495958 0.741261601 -0.005801872 0.999976993 0.003513135 -0.912696302 0.001516325 -0.003504393 0.999992728 35.351619720
0.999981403 0.005929555 -0.001380528 0.745841265 -0.005924322 0.999975383 0.003764414 -0.925333977 0.001402816 -0.003756166 0.999991953 35.900886536
0.999984443 0.005397965 -0.001390890 0.746244907 -0.005392938 0.999979019 0.003592822 -0.959677398 0.001410255 -0.003585265 0.999992549 36.494686127
0.999986708 0.004595788 -0.002323144 0.767531216 -0.004586975 0.999982297 0.003784223 -0.987689734 0.002340495 -0.003773517 0.999990165 37.028877258
0.999984801 0.004986089 -0.002361954 0.776579976 -0.004978069 0.999981880 0.003389156 -0.997497737 0.002378811 -0.003377347 0.999991536 37.584362030
0.999981701 0.005770936 -0.001766826 0.760983884 -0.005765206 0.999978185 0.003230831 -1.013405800 0.001785432 -0.003220586 0.999993145 38.107200623
0.999985993 0.005097539 -0.001347640 0.768752337 -0.005093643 0.999982953 0.002879274 -1.023550034 0.001362294 -0.002872369 0.999994874 38.652915955
0.999976218 0.006751395 -0.001407976 0.754990757 -0.006747471 0.999973357 0.002773787 -1.044532418 0.001426665 -0.002764221 0.999995172 39.242576599
0.999974668 0.006978391 -0.001480213 0.777645171 -0.006973216 0.999969661 0.003473030 -1.075399876 0.001504404 -0.003462620 0.999992847 39.761486053
0.999973357 0.007140154 -0.001514864 0.787596822 -0.007135183 0.999969184 0.003261537 -1.089040995 0.001538106 -0.003250642 0.999993503 40.308338165
0.999978185 0.006305667 -0.001933390 0.785319865 -0.006298085 0.999972522 0.003902525 -1.131849051 0.001957942 -0.003890264 0.999990463 40.922286987
0.999974072 0.007083033 -0.001244859 0.787267625 -0.007077225 0.999964297 0.004609325 -1.145857453 0.001277463 -0.004600395 0.999988556 41.462913513
0.999975085 0.006711185 -0.002188884 0.817478836 -0.006703871 0.999971986 0.003331532 -1.144160390 0.002211182 -0.003316774 0.999992013 42.037540436
0.999974012 0.007085036 -0.001346684 0.822937012 -0.007081131 0.999970853 0.002883079 -1.151392460 0.001367071 -0.002873467 0.999994934 42.595977783
0.999974370 0.006772206 -0.002319714 0.845262051 -0.006763673 0.999970376 0.003666798 -1.181159496 0.002344477 -0.003651015 0.999990582 43.113384247
0.999970078 0.007417156 -0.002210348 0.855098128 -0.007410954 0.999968529 0.002801117 -1.185885310 0.002231054 -0.002784652 0.999993622 43.685203552
0.999966204 0.008101705 -0.001421982 0.862652719 -0.008097279 0.999962389 0.003091238 -1.200262189 0.001446973 -0.003079619 0.999994218 44.233985901
0.999973118 0.007168490 -0.001511827 0.863493502 -0.007163777 0.999969542 0.003100061 -1.191473842 0.001534005 -0.003089147 0.999994040 44.743949890
0.999975562 0.006796245 -0.001642006 0.867118418 -0.006791179 0.999972224 0.003070938 -1.212130308 0.001662832 -0.003059712 0.999993920 45.310043335
0.999973536 0.007122891 -0.001508616 0.877107322 -0.007118349 0.999970257 0.002995483 -1.224387884 0.001529908 -0.002984665 0.999994397 45.854011536
0.999973595 0.007115623 -0.001460628 0.900046349 -0.007110937 0.999969602 0.003189591 -1.241526127 0.001483279 -0.003179120 0.999993861 46.358947754
0.999974012 0.007060139 -0.001445826 0.926280618 -0.007055339 0.999969661 0.003299671 -1.245144606 0.001469079 -0.003289385 0.999993503 46.912097931
0.999972582 0.007064760 -0.002232283 0.943780363 -0.007058365 0.999971032 0.002859012 -1.246145487 0.002252417 -0.002843177 0.999993443 47.484428406
0.999973893 0.007034477 -0.001609580 0.944238782 -0.007029667 0.999970794 0.002976395 -1.266232848 0.001630471 -0.002965003 0.999994278 48.060241699
0.999974549 0.006894233 -0.001807844 0.948890030 -0.006889864 0.999973297 0.002412787 -1.272141695 0.001824430 -0.002400270 0.999995470 48.609485626
0.999974132 0.006798861 -0.002352823 0.961960554 -0.006794585 0.999975204 0.001820989 -1.281994343 0.002365145 -0.001804956 0.999995530 49.154159546
0.999972343 0.007222989 -0.001756483 0.964754701 -0.007218543 0.999970675 0.002523616 -1.300154209 0.001774659 -0.002510867 0.999995291 49.714855194
0.999975264 0.006769669 -0.001865027 0.985392451 -0.006764230 0.999972880 0.002908052 -1.309082508 0.001884664 -0.002895365 0.999994040 50.249538422
0.999975026 0.006888161 -0.001577016 0.990555167 -0.006883471 0.999971926 0.002961595 -1.327546000 0.001597371 -0.002950666 0.999994338 50.772857666
0.999974608 0.006809004 -0.002114827 1.010507584 -0.006803250 0.999973118 0.002715767 -1.340824127 0.002133261 -0.002701310 0.999994040 51.357566833
0.999977827 0.006548113 -0.001311494 0.978045702 -0.006544767 0.999975383 0.002541005 -1.336717963 0.001328101 -0.002532365 0.999995887 51.893825531
0.999967515 0.007923421 -0.001478040 1.030715942 -0.007919160 0.999964535 0.002867364 -1.391582966 0.001500707 -0.002855566 0.999994814 52.415218353
0.999977589 0.006418132 -0.001953118 1.033317208 -0.006412673 0.999975502 0.002789109 -1.377915621 0.001970970 -0.002776521 0.999994159 52.986686707
0.999972165 0.007155547 -0.002076974 1.052811146 -0.007150110 0.999971032 0.002613995 -1.398052812 0.002095617 -0.002599071 0.999994397 53.510471344
0.999970138 0.007467693 -0.001977053 1.067015529 -0.007462326 0.999968469 0.002707506 -1.424394608 0.001997210 -0.002692672 0.999994338 54.050212860
0.999968827 0.007740250 -0.001574027 1.069257498 -0.007734968 0.999964476 0.003333869 -1.498933792 0.001599775 -0.003321589 0.999993205 54.694625854
0.999974847 0.006924858 -0.001531762 1.072617888 -0.006920104 0.999971211 0.003087271 -1.487995625 0.001553097 -0.003076593 0.999993980 55.152503967
0.999973834 0.007081343 -0.001457973 1.062759161 -0.007077697 0.999971867 0.002490165 -1.482242584 0.001475564 -0.002479780 0.999995828 55.701957703
0.999973416 0.007103967 -0.001625334 1.083135724 -0.007099400 0.999970853 0.002798899 -1.489968657 0.001645169 -0.002787285 0.999994755 56.179107666
0.999974966 0.006956951 -0.001302762 1.071388125 -0.006954602 0.999974191 0.001798125 -1.471800685 0.001315237 -0.001789020 0.999997497 56.741554260
0.999972701 0.007235331 -0.001443041 1.109507918 -0.007231804 0.999970853 0.002434556 -1.499892712 0.001460613 -0.002424054 0.999996006 57.257530212
0.999969006 0.007686416 -0.001691484 1.140894175 -0.007681340 0.999966025 0.002988153 -1.554988503 0.001714395 -0.002975068 0.999994099 57.768428802
0.999970555 0.007590349 -0.001107685 1.121622086 -0.007587561 0.999968112 0.002499190 -1.551442027 0.001126619 -0.002490712 0.999996245 58.330024719
0.999967337 0.007900037 -0.001708280 1.161654949 -0.007895073 0.999964654 0.002893360 -1.579437971 0.001731077 -0.002879778 0.999994278 58.835166931
0.999969840 0.007580820 -0.001691964 1.170284986 -0.007576153 0.999967515 0.002749006 -1.598514557 0.001712749 -0.002736105 0.999994695 59.375701904
0.999973416 0.006337265 -0.003599514 1.248270154 -0.006325836 0.999974906 0.003177621 -1.646549463 0.003619561 -0.003154767 0.999988496 59.966281891
0.999970019 0.007017370 -0.003248523 1.235675812 -0.007006130 0.999969482 0.003459033 -1.654471159 0.003272697 -0.003436171 0.999988735 60.446037292
0.999967754 0.007741648 -0.002116850 1.220325351 -0.007734776 0.999964952 0.003236194 -1.657865286 0.002141829 -0.003219717 0.999992490 60.935611725
0.999970973 0.007490837 -0.001362978 1.196338296 -0.007487039 0.999968112 0.002771628 -1.647722960 0.001383697 -0.002761343 0.999995232 61.484661102
0.999971449 0.007409795 -0.001433835 1.209160805 -0.007405859 0.999968767 0.002732099 -1.649738312 0.001454036 -0.002721402 0.999995172 61.980438232
0.999970436 0.007639044 -0.000867635 1.194495201 -0.007636994 0.999968112 0.002340503 -1.670381427 0.000885485 -0.002333808 0.999996901 62.530982971
0.999970198 0.007641559 -0.001071308 1.204806447 -0.007638665 0.999967217 0.002679972 -1.690533042 0.001091752 -0.002671709 0.999995768 63.057128906
0.999969840 0.007668261 -0.001246184 1.221326113 -0.007665896 0.999968767 0.001891819 -1.684553862 0.001260652 -0.001882209 0.999997377 63.586231232
0.999973774 0.007134216 -0.001255609 1.222779512 -0.007131599 0.999972343 0.002077483 -1.704506516 0.001270396 -0.002068474 0.999997079 64.128173828
0.999974191 0.007085049 -0.001210043 1.231127858 -0.007082646 0.999972939 0.001979206 -1.712240815 0.001224033 -0.001970585 0.999997258 64.648437500
0.999972880 0.007251276 -0.001301986 1.247037768 -0.007248554 0.999971569 0.002083122 -1.731256008 0.001317054 -0.002073627 0.999996960 65.183753967
0.999973595 0.007172864 -0.001191962 1.257563353 -0.007170466 0.999972343 0.002003084 -1.744353771 0.001206296 -0.001994484 0.999997258 65.724342346
0.999970138 0.007643962 -0.001151965 1.266637444 -0.007641693 0.999968886 0.001963448 -1.768670201 0.001166937 -0.001954587 0.999997377 66.217025757
0.999971747 0.007456628 -0.000976972 1.269831657 -0.007454314 0.999969423 0.002351149 -1.779849887 0.000994474 -0.002343800 0.999996781 66.768432617
0.999973893 0.007104808 -0.001307809 1.303452373 -0.007101674 0.999971926 0.002386802 -1.806190133 0.001324730 -0.002377452 0.999996245 67.289741516
0.999972522 0.007308824 -0.001176477 1.317069292 -0.007306139 0.999970853 0.002269430 -1.827360153 0.001193030 -0.002260772 0.999996722 67.814559937
0.999974787 0.006996346 -0.001199491 1.323482037 -0.006993754 0.999973357 0.002151088 -1.832226992 0.001214509 -0.002142645 0.999996960 68.364151001
0.999974012 0.007059734 -0.001463015 1.338322878 -0.007055969 0.999971807 0.002562058 -1.851718545 0.001481060 -0.002551669 0.999995649 68.851135254
0.999972999 0.007167931 -0.001607015 1.351804376 -0.007163389 0.999970317 0.002815576 -1.867327213 0.001627149 -0.002803988 0.999994755 69.401184082
0.999976993 0.006720736 -0.001039252 1.354363322 -0.006718046 0.999974132 0.002571483 -1.895947099 0.001056507 -0.002564442 0.999996066 69.924736023
0.999981105 0.005996304 -0.001392689 1.361964107 -0.005992596 0.999978602 0.002652606 -1.915863037 0.001408565 -0.002644210 0.999995470 70.444770813
0.999980569 0.005908845 -0.001983118 1.408461452 -0.005904592 0.999980271 0.002143465 -1.916442275 0.001995744 -0.002131714 0.999995708 70.968750000
0.999982655 0.005687621 -0.001492624 1.395622253 -0.005683826 0.999980628 0.002534360 -1.952366471 0.001507010 -0.002525833 0.999995589 71.533592224
0.999982893 0.005642908 -0.001496129 1.404531717 -0.005639345 0.999981284 0.002374125 -1.967474937 0.001509498 -0.002365648 0.999996066 72.087837219
0.999979317 0.006251764 -0.001478987 1.415597558 -0.006247977 0.999977231 0.002549765 -1.975169539 0.001494894 -0.002540472 0.999995649 72.595924377
0.999979198 0.006315499 -0.001316680 1.412765384 -0.006311969 0.999976516 0.002667585 -1.982825041 0.001333497 -0.002659219 0.999995589 73.170028687
0.999978065 0.006494227 -0.001320275 1.445746541 -0.006490303 0.999974549 0.002955555 -2.011374235 0.001339433 -0.002946921 0.999994755 73.653884888
0.999980330 0.006042851 -0.001673505 1.460670710 -0.006038528 0.999978423 0.002575786 -2.002545357 0.001689034 -0.002565630 0.999995291 74.197685242
0.999976575 0.006641418 -0.001612534 1.472746372 -0.006636527 0.999973416 0.003019325 -2.029546499 0.001632544 -0.003008554 0.999994159 74.726348877
0.999974251 0.007055108 -0.001298182 1.478684068 -0.007051616 0.999971569 0.002674038 -2.045571804 0.001317012 -0.002664815 0.999995589 75.223960876
0.999973059 0.007231052 -0.001206753 1.483015299 -0.007227630 0.999969900 0.002816733 -2.062583685 0.001227085 -0.002807936 0.999995232 75.754959106
0.999971271 0.007471626 -0.001230136 1.503211021 -0.007468304 0.999968469 0.002681552 -2.078177214 0.001250132 -0.002672289 0.999995589 76.297119141
0.999970436 0.007616318 -0.001029476 1.494592071 -0.007613900 0.999968290 0.002333368 -2.092691660 0.001047215 -0.002325460 0.999996722 76.830207825
0.999971688 0.007383999 -0.001422558 1.508204937 -0.007380032 0.999968886 0.002773292 -2.109605074 0.001442991 -0.002762715 0.999995112 77.351242065
0.999974430 0.006986781 -0.001518758 1.525022268 -0.006983235 0.999972880 0.002327970 -2.123900652 0.001534982 -0.002317304 0.999996066 77.875289917
0.999969184 0.007809291 -0.000701704 1.523708582 -0.007807537 0.999966443 0.002468925 -2.134092569 0.000720961 -0.002463370 0.999996722 78.406158447
0.999973178 0.007237717 -0.001055966 1.530929804 -0.007235349 0.999971330 0.002228111 -2.144644499 0.001072061 -0.002220411 0.999996960 78.973823547
0.999970615 0.007589013 -0.001049438 1.545429826 -0.007586867 0.999969125 0.002032934 -2.162092924 0.001064834 -0.002024912 0.999997377 79.518341064
0.999974608 0.007124680 -0.000031807 1.547952294 -0.007124589 0.999971986 0.002285840 -2.179183245 0.000048092 -0.002285556 0.999997318 80.043685913
0.999971032 0.007500966 0.001262559 1.559045792 -0.007503712 0.999969423 0.002184255 -2.196542501 -0.001246136 -0.002193665 0.999996841 80.622200012
0.999970794 0.007338309 0.002128459 1.575288296 -0.007342947 0.999970675 0.002178897 -2.216617107 -0.002112407 -0.002194462 0.999995351 81.145225525
0.999964476 0.007607253 0.003620151 1.582306981 -0.007614603 0.999968886 0.002020800 -2.226953268 -0.003604666 -0.002048294 0.999991477 81.696723938
0.999946058 0.007453499 0.007225221 1.580404520 -0.007469482 0.999969661 0.002187657 -2.229199648 -0.007208696 -0.002241508 0.999971449 82.231719971
0.999917448 0.006845738 0.010873584 1.601060033 -0.006865226 0.999974847 0.001755904 -2.231130600 -0.010861292 -0.001830409 0.999939263 82.775672913
0.999873638 0.007726716 0.013888507 1.618798852 -0.007755923 0.999967813 0.002050263 -2.254655600 -0.013872219 -0.002157722 0.999901474 83.311416626
0.999800265 0.007814474 0.018400503 1.636363745 -0.007855967 0.999966741 0.002183717 -2.268710375 -0.018382829 -0.002327834 0.999828339 83.875724792
0.999678493 0.007429193 0.024243210 1.667346120 -0.007473518 0.999970555 0.001738298 -2.278824806 -0.024229579 -0.001918921 0.999704599 84.422782898
0.999514818 0.007519228 0.030225173 1.695582628 -0.007573958 0.999969840 0.001696672 -2.299220085 -0.030211505 -0.001924773 0.999541700 84.946578979
0.999316812 0.007507898 0.036190275 1.726217270 -0.007582413 0.999969423 0.001922164 -2.315535784 -0.036174741 -0.002195260 0.999343097 85.501388550
0.998978913 0.007630886 0.044530232 1.766657829 -0.007727882 0.999968112 0.002006509 -2.331184149 -0.044513494 -0.002348585 0.999005973 86.054885864
0.998582184 0.007377830 0.052717548 1.816871643 -0.007461270 0.999971211 0.001386121 -2.347030640 -0.052705806 -0.001777496 0.998608470 86.589843750
0.998180389 0.007432677 0.059838943 1.865256310 -0.007548996 0.999969959 0.001718048 -2.359934568 -0.059824388 -0.002166646 0.998206556 87.141838074
0.997586310 0.007643998 0.069015197 1.918450356 -0.007789003 0.999967992 0.001832204 -2.381518602 -0.068998985 -0.002365341 0.997613907 87.692588806
0.996844471 0.007009579 0.079069279 1.986406326 -0.007143365 0.999973416 0.001409275 -2.395720243 -0.079057306 -0.001969649 0.996868134 88.223587036
0.996114016 0.007188341 0.087779425 2.046623230 -0.007326490 0.999972403 0.001251704 -2.402545929 -0.087768018 -0.001889955 0.996139169 88.779914856
0.995450258 0.006385806 0.095069550 2.115217209 -0.006505949 0.999978304 0.000953824 -2.419128180 -0.095061414 -0.001568002 0.995470166 89.325805664
0.994453669 0.006506890 0.104974180 2.194711208 -0.006628537 0.999977708 0.000809987 -2.431521177 -0.104966573 -0.001501320 0.994474590 89.869606018
0.993299425 0.006380537 0.115393080 2.279315948 -0.006580883 0.999977410 0.001355314 -2.449555874 -0.115381829 -0.002105621 0.993319094 90.403396606
0.992230952 0.005625770 0.124281965 2.371909142 -0.005774940 0.999982953 0.000840036 -2.467381239 -0.124275133 -0.001551231 0.992246568 90.945899963
0.990618050 0.006179633 0.136519834 2.454014778 -0.006398655 0.999978781 0.001165555 -2.481725931 -0.136509717 -0.002028163 0.990636647 91.492424011
0.988843083 0.005605222 0.148856282 2.556504250 -0.005853186 0.999982119 0.001227757 -2.499572515 -0.148846775 -0.002085343 0.988858104 92.038284302
0.987212241 0.004830111 0.159338340 2.666376114 -0.005050227 0.999986768 0.000976518 -2.512592316 -0.159331515 -0.001768725 0.987223566 92.577857971
0.985343099 0.005206642 0.170505598 2.770617485 -0.005413466 0.999985039 0.000748101 -2.525715113 -0.170499131 -0.001660163 0.985356450 93.130889893
0.983051479 0.005081434 0.183260009 2.895049095 -0.005485972 0.999983490 0.001700545 -2.545323849 -0.183248341 -0.002677082 0.983062983 93.661392212
0.980722547 0.004435192 0.195355117 3.027554512 -0.004708436 0.999988496 0.000934351 -2.562003613 -0.195348755 -0.001836156 0.980732143 94.195182800
0.978632689 0.004108035 0.205575138 3.156440735 -0.004467874 0.999989331 0.001286232 -2.578454733 -0.205567583 -0.002177233 0.978640437 94.721710205
0.975907564 0.003661730 0.218153909 3.305866241 -0.003935244 0.999992013 0.000819301 -2.590131760 -0.218149126 -0.001658051 0.975914061 95.255767822
0.972761989 0.002998659 0.231786907 3.451482773 -0.003147187 0.999995053 0.000271027 -2.597894430 -0.231784940 -0.000993122 0.972766519 95.774581909
0.970078707 0.003134063 0.242770046 3.601047516 -0.003376367 0.999994218 0.000582023 -2.613809824 -0.242766768 -0.001384289 0.970083714 96.297393799
0.967187345 0.003438573 0.254041016 3.772897720 -0.003694774 0.999993026 0.000531372 -2.645550728 -0.254037440 -0.001452561 0.967193246 96.859458923
0.963511825 0.003965740 0.267636359 3.943244934 -0.004354808 0.999990225 0.000860151 -2.662606239 -0.267630309 -0.001994271 0.963519633 97.377410889
0.959981382 0.002748033 0.280050337 4.118179321 -0.003087364 0.999994934 0.000770556 -2.677630186 -0.280046880 -0.001604337 0.959984958 97.903312683
0.956561327 0.002105722 0.291523397 4.296789169 -0.002452349 0.999996662 0.000823627 -2.698111057 -0.291520655 -0.001502767 0.956563354 98.415237427
0.952141106 0.002394382 0.305649459 4.486913681 -0.002807766 0.999995649 0.000912867 -2.711200237 -0.305645943 -0.001727371 0.952143669 98.937507629
0.947721183 0.000752675 0.319098681 4.696655273 -0.001113429 0.999998927 0.000948127 -2.728350163 -0.319097668 -0.001253854 0.947720945 99.466262817
0.943721056 0.001063444 0.330740720 4.902772903 -0.001386936 0.999998808 0.000742084 -2.740990877 -0.330739558 -0.001159036 0.943721354 99.983428955
0.938951790 0.000624441 0.344048470 5.104871750 -0.001065475 0.999998808 0.001092838 -2.763123512 -0.344047457 -0.001392698 0.938951254 100.516876221
0.933718741 0.000793574 0.358006656 5.329183578 -0.001365476 0.999998212 0.001344662 -2.774910212 -0.358004928 -0.001744385 0.933718145 101.027000427
0.929054201 0.000148773 0.369943976 5.550903320 -0.000850919 0.999998152 0.001734796 -2.805575132 -0.369942993 -0.001926512 0.929052532 101.474304199
0.923991740 -0.000617101 0.382411718 5.784364700 0.000010240 0.999998868 0.001588963 -2.834638834 -0.382412195 -0.001464273 0.923990667 102.045364380
0.917979419 0.000061249 0.396627903 6.023719788 -0.000901318 0.999997795 0.001931639 -2.852125168 -0.396626890 -0.002130693 0.917977393 102.546646118
0.912335873 -0.000786997 0.409441888 6.286651611 0.000038170 0.999998331 0.001837066 -2.868271828 -0.409442604 -0.001660393 0.912334383 103.084083557
0.907296240 -0.001333967 0.420489818 6.534290314 0.000665277 0.999998271 0.001736930 -2.877293110 -0.420491427 -0.001296168 0.907295644 103.576965332
0.901820958 -0.002600777 0.432102054 6.809936523 0.002010132 0.999996245 0.001823617 -2.904065609 -0.432105213 -0.000775994 0.901822865 104.076499939
0.895170271 -0.002601086 0.445716679 7.065635681 0.001927485 0.999996185 0.001964587 -2.917469025 -0.445720106 -0.000899528 0.895172000 104.555587769
0.889463425 -0.005127101 0.456977606 7.356040955 0.004677727 0.999986827 0.002114690 -2.942320585 -0.456982434 0.000256677 0.889475703 105.056732178
0.883580685 -0.005325085 0.468248665 7.623100281 0.004942817 0.999985695 0.002045135 -2.957074881 -0.468252867 0.000507425 0.883594394 105.520904541
0.876132071 -0.004309790 0.482051909 7.932048798 0.003718005 0.999990702 0.002182933 -2.968335152 -0.482056856 -0.000120266 0.876139939 106.009414673
0.868965507 -0.003861548 0.494857728 8.213840485 0.003378062 0.999992549 0.001871449 -2.980102777 -0.494861245 0.000045435 0.868972063 106.465110779
