1.000000000 0.000000000 0.000000000 0.000000000 0.000000000 1.000000000 0.000000000 0.000000000 0.000000000 0.000000000 1.000000000 0.000000000
1.000000000 0.000026686 0.000145023 -0.000900329 -0.000026694 1.000000000 0.000053966 -0.000167696 -0.000145022 -0.000053970 1.000000000 0.000080173
1.000000000 0.000120563 0.000153973 -0.001504599 -0.000120581 1.000000000 0.000117833 0.000694826 -0.000153959 -0.000117851 1.000000000 0.002348956
1.000000000 0.000194503 -0.000006458 0.000226605 -0.000194502 0.999999940 0.000152306 -0.001032379 0.000006488 -0.000152305 1.000000000 -0.000269711
0.999999940 0.000231189 0.000127820 -0.001082232 -0.000231200 0.999999940 0.000084868 -0.000023951 -0.000127800 -0.000084897 1.000000000 0.000564685
1.000000000 -0.000025544 0.000037563 -0.000521768 0.000025542 1.000000000 0.000067707 -0.000291205 -0.000037565 -0.000067706 1.000000000 -0.000714605
1.000000000 -0.000032061 0.000135784 -0.001540550 0.000032069 1.000000000 -0.000055595 0.001127404 -0.000135783 0.000055599 1.000000000 0.002136108
1.000000000 -0.000115025 0.000158677 -0.000766807 0.000115018 1.000000000 0.000045049 0.000541282 -0.000158682 -0.000045031 1.000000000 0.001816957
1.000000000 0.000017550 0.000152768 -0.001322286 -0.000017550 1.000000000 -0.000000806 0.000925640 -0.000152768 0.000000803 1.000000000 0.002556736
1.000000000 -0.000031209 0.000196341 -0.000990877 0.000031205 1.000000000 0.000022797 0.000256881 -0.000196342 -0.000022791 1.000000000 0.000244211
1.000000000 -0.000065765 0.000234662 -0.001070703 0.000065762 1.000000000 0.000008740 0.001446092 -0.000234663 -0.000008725 1.000000000 0.002639143
1.000000000 -0.000037489 0.000107033 -0.000330048 0.000037480 1.000000000 0.000080744 -0.000140137 -0.000107036 -0.000080740 1.000000000 0.000535934
1.000000000 0.000008499 0.000164772 -0.001428448 -0.000008497 1.000000000 -0.000014749 0.001882017 -0.000164772 0.000014748 1.000000000 0.004355873
0.999999940 -0.000070720 0.000282353 -0.002421908 0.000070675 1.000000000 0.000160303 0.001148648 -0.000282365 -0.000160283 0.999999940 0.004045096
1.000000000 0.000021332 0.000161727 -0.001872682 -0.000021342 1.000000000 0.000061992 0.001115701 -0.000161726 -0.000061996 1.000000000 0.003489481
1.000000000 0.000093526 0.000108823 -0.001468008 -0.000093537 1.000000000 0.000093084 0.000116649 -0.000108814 -0.000093094 1.000000000 0.002044815
1.000000000 -0.000027278 0.000136165 -0.000429953 0.000027259 1.000000000 0.000140732 -0.001209001 -0.000136169 -0.000140728 1.000000000 -0.001352968
0.999999940 0.000105994 0.000321934 -0.001584616 -0.000106029 1.000000000 0.000106330 0.000030041 -0.000321922 -0.000106364 0.999999940 0.001102683
0.999999940 0.000119775 0.000279362 -0.003087847 -0.000119806 1.000000000 0.000110505 0.000481877 -0.000279349 -0.000110539 0.999999940 0.003177730
1.000000000 0.000163442 0.000172260 -0.001841056 -0.000163464 1.000000000 0.000128218 0.000657632 -0.000172239 -0.000128246 1.000000000 0.003432435
0.999999881 0.000325482 0.000300032 -0.002881709 -0.000325540 0.999999940 0.000193089 0.000563487 -0.000299969 -0.000193187 0.999999940 0.003866212
0.999999881 0.000403785 0.000308857 -0.002605232 -0.000403816 0.999999940 0.000099319 0.000151040 -0.000308817 -0.000099443 0.999999940 0.001432685
1.000000000 0.000062231 0.000224816 -0.002247789 -0.000062243 1.000000000 0.000050003 0.001065270 -0.000224813 -0.000050017 1.000000000 0.002923290
0.999999940 0.000166630 0.000330326 -0.001807752 -0.000166676 1.000000000 0.000138306 -0.000185040 -0.000330303 -0.000138361 0.999999940 0.002025151
0.999999940 0.000054982 0.000301733 -0.002296490 -0.000054986 1.000000000 0.000013569 0.000858263 -0.000301732 -0.000013586 0.999999940 0.000854318
0.999999940 0.000065271 0.000239892 -0.001122350 -0.000065281 1.000000000 0.000041274 0.001055118 -0.000239889 -0.000041289 1.000000000 0.001912921
0.999999940 0.000054452 0.000322120 -0.002378619 -0.000054477 1.000000000 0.000077482 0.000594979 -0.000322116 -0.000077499 0.999999940 0.001699577
1.000000000 0.000078296 0.000229882 -0.000589235 -0.000078308 1.000000000 0.000051843 0.000442149 -0.000229878 -0.000051861 1.000000000 0.000493776
0.999999881 0.000321089 0.000384455 -0.003899022 -0.000321072 0.999999940 -0.000045318 0.002251796 -0.000384470 0.000045195 0.999999940 0.004004588
0.999999940 0.000075252 0.000271170 -0.003387654 -0.000075251 1.000000000 -0.000004186 0.002440993 -0.000271171 0.000004166 0.999999940 0.004857618
0.999999940 0.000154244 0.000352272 -0.002947022 -0.000154271 1.000000000 0.000077671 0.001165288 -0.000352260 -0.000077726 0.999999940 0.003147920
1.000000000 -0.000042370 0.000234713 -0.001252563 0.000042340 1.000000000 0.000126127 0.000317243 -0.000234718 -0.000126117 0.999999940 0.001190284
0.999999940 0.000119399 0.000355116 -0.003447069 -0.000119392 1.000000000 -0.000019500 0.001808581 -0.000355118 0.000019457 0.999999940 0.003391718
0.999999881 0.000144698 0.000415452 -0.002706042 -0.000144676 1.000000000 -0.000052220 0.001850020 -0.000415459 0.000052160 0.999999940 0.003347434
0.999999940 0.000164905 0.000251326 -0.000913717 -0.000164928 1.000000000 0.000093068 0.000045116 -0.000251310 -0.000093110 0.999999940 0.000383395
0.999999940 0.000153516 0.000340428 -0.002722205 -0.000153493 1.000000000 -0.000068302 0.003209830 -0.000340438 0.000068250 0.999999940 0.005337514
0.999999940 0.000167882 0.000305700 -0.003358822 -0.000167849 1.000000000 -0.000106917 0.004626968 -0.000305718 0.000106866 0.999999940 0.007186696
0.999999940 -0.000061567 0.000271110 -0.001317392 0.000061552 1.000000000 0.000057750 0.001246216 -0.000271114 -0.000057733 0.999999940 0.002821997
0.999999940 0.000176822 0.000301668 -0.002926456 -0.000176850 1.000000000 0.000091009 0.002016097 -0.000301651 -0.000091062 0.999999940 0.005108921
1.000000000 -0.000084735 0.000224419 -0.001120715 0.000084723 1.000000000 0.000053558 0.001472649 -0.000224423 -0.000053539 1.000000000 0.002961276
0.999999881 0.000039521 0.000458558 -0.003004576 -0.000039520 1.000000000 -0.000001927 0.001599826 -0.000458558 0.000001909 0.999999881 0.005018063
0.999999940 -0.000261008 0.000218359 0.000374000 0.000261172 0.999999702 -0.000748438 0.000703679 -0.000218163 0.000748495 0.999999702 0.055203002
0.999999940 0.000204728 0.000350584 -0.001296487 -0.000204343 0.999999404 -0.001098147 -0.005620304 -0.000350808 0.001098075 0.999999344 0.133596495
1.000000000 0.000096932 0.000110451 0.003002401 -0.000096738 0.999998450 -0.001757609 -0.002035186 -0.000110621 0.001757598 0.999998450 0.256794065
1.000000000 0.000091167 0.000125048 0.004685493 -0.000091017 0.999999285 -0.001194319 -0.011700778 -0.000125156 0.001194307 0.999999285 0.386902213
1.000000000 0.000106983 0.000187806 0.008453429 -0.000106805 0.999999523 -0.000945799 -0.017121494 -0.000187907 0.000945779 0.999999523 0.525625050
0.999999940 0.000214405 0.000124805 0.013188205 -0.000214297 0.999999583 -0.000863182 -0.024974365 -0.000124990 0.000863155 0.999999642 0.669669747
0.999999821 0.000433062 0.000463112 0.015620350 -0.000432634 0.999999464 -0.000923720 -0.023790484 -0.000463512 0.000923519 0.999999464 0.842461228
0.999999940 0.000279852 0.000092307 0.017860228 -0.000279795 0.999999762 -0.000610456 -0.027067754 -0.000092478 0.000610430 0.999999821 1.017938018
1.000000000 -0.000061585 -0.000050619 0.021713527 0.000061572 0.999999940 -0.000258604 -0.033933923 0.000050635 0.000258601 0.999999940 1.193627954
0.999999881 0.000269797 0.000345338 0.017901307 -0.000269579 0.999999762 -0.000631678 -0.035381988 -0.000345509 0.000631585 0.999999762 1.371829391
1.000000000 -0.000220909 -0.000043873 0.037082043 0.000220919 0.999999940 0.000217188 -0.053731959 0.000043825 -0.000217198 1.000000000 1.566563487
0.999999881 0.000312414 0.000305811 0.037729982 -0.000312397 0.999999940 -0.000054886 -0.052605040 -0.000305828 0.000054791 0.999999940 1.762644887
0.999999940 0.000249245 -0.000169308 0.039689917 -0.000249326 0.999999881 -0.000481041 -0.051454376 0.000169188 0.000481083 0.999999881 1.961582065
0.999999821 0.000407192 0.000401062 0.038799644 -0.000407115 0.999999881 -0.000192126 -0.062847830 -0.000401141 0.000191963 0.999999881 2.166766167
0.999996424 0.002611318 0.000397412 0.032567799 -0.002610602 0.999994934 -0.001792897 -0.049779151 -0.000402092 0.001791853 0.999998331 2.389157772
0.999995291 0.003077721 0.000146937 0.044013593 -0.003077510 0.999994278 -0.001423313 -0.060464926 -0.000151317 0.001422854 0.999998987 2.602894545
0.999995589 0.002945045 0.000323257 0.044192914 -0.002944508 0.999994278 -0.001650564 -0.066816889 -0.000328116 0.001649605 0.999998569 2.829971552
0.999996305 0.002716784 0.000040399 0.052158833 -0.002716723 0.999995232 -0.001434023 -0.074156389 -0.000044295 0.001433907 0.999998987 3.065477371
0.999996364 0.002675639 0.000152631 0.052123327 -0.002675337 0.999994457 -0.001949622 -0.074795723 -0.000157847 0.001949207 0.999998033 3.308267355
0.999996126 0.002729363 0.000386227 0.056918483 -0.002728703 0.999994814 -0.001698703 -0.084794812 -0.000390861 0.001697643 0.999998510 3.546908140
0.999996841 0.002508898 0.000132913 0.063663505 -0.002508635 0.999994934 -0.001948580 -0.088863820 -0.000137801 0.001948240 0.999998093 3.805554152
0.999996722 0.002489538 0.000473633 0.065022647 -0.002488563 0.999994814 -0.002046845 -0.095354468 -0.000478726 0.002045659 0.999997854 4.066320419
0.999996066 0.002779980 0.000323981 0.070926182 -0.002779453 0.999994814 -0.001616310 -0.104608081 -0.000328473 0.001615403 0.999998629 4.321999550
0.999996305 0.002684711 0.000256513 0.077188239 -0.002684221 0.999994576 -0.001891606 -0.108008817 -0.000261590 0.001890911 0.999998152 4.581851959
0.999996185 0.002725400 0.000419519 0.082600132 -0.002724699 0.999995053 -0.001663296 -0.118492112 -0.000424050 0.001662147 0.999998510 4.836557865
0.999996245 0.002724922 0.000093468 0.088616930 -0.002724776 0.999995112 -0.001526900 -0.125671118 -0.000097628 0.001526640 0.999998808 5.101020813
0.999996006 0.002768456 0.000616400 0.087999254 -0.002767430 0.999994814 -0.001660037 -0.136159211 -0.000620993 0.001658325 0.999998391 5.363877296
0.999995768 0.002780778 0.000859285 0.093114257 -0.002779343 0.999994755 -0.001667305 -0.142528653 -0.000863917 0.001664909 0.999998212 5.638306141
0.999995947 0.002794256 0.000607415 0.099599257 -0.002793420 0.999995232 -0.001373651 -0.152432650 -0.000611251 0.001371949 0.999998868 5.904435635
0.999996483 0.002640318 0.000340259 0.111476406 -0.002639895 0.999995768 -0.001237131 -0.162882641 -0.000343524 0.001236229 0.999999225 6.182618618
0.999995947 0.002799222 0.000365407 0.114170626 -0.002798745 0.999995172 -0.001300209 -0.173623145 -0.000369044 0.001299181 0.999999106 6.446121693
0.999996841 0.002448741 0.000458072 0.113990650 -0.002447967 0.999995530 -0.001682788 -0.178921700 -0.000462190 0.001681662 0.999998510 6.743416309
0.999996006 0.002782847 0.000524526 0.121323764 -0.002782091 0.999995053 -0.001435188 -0.190554142 -0.000528518 0.001433723 0.999998868 7.040524483
0.999995708 0.002894816 0.000467871 0.135549292 -0.002894325 0.999995351 -0.001046153 -0.204080582 -0.000470898 0.001044794 0.999999344 7.322624683
0.999995649 0.002863624 0.000662217 0.142077520 -0.002862567 0.999994636 -0.001591256 -0.211383507 -0.000666771 0.001589353 0.999998510 7.644331455
0.999995351 0.002886113 0.000963164 0.135328978 -0.002885168 0.999995351 -0.000980527 -0.225346059 -0.000965989 0.000977743 0.999999046 7.930885792
0.999996603 0.002542245 0.000564716 0.143261656 -0.002541788 0.999996483 -0.000809942 -0.232998103 -0.000566773 0.000808504 0.999999523 8.254039764
0.999994934 0.002872863 0.001402936 0.143593326 -0.002871341 0.999995291 -0.001086229 -0.242855847 -0.001406050 0.001082195 0.999998391 8.582204819
0.999993742 0.003121772 0.001705000 0.142862856 -0.003118985 0.999993861 -0.001634696 -0.241733894 -0.001710092 0.001629367 0.999997199 8.933177948
0.999995232 0.002612362 0.001646715 0.153090298 -0.002611506 0.999996483 -0.000521896 -0.267067820 -0.001648072 0.000517593 0.999998510 9.236235619
0.999991655 0.003405703 0.002232191 0.156894967 -0.003403700 0.999993861 -0.000900469 -0.273368746 -0.002235244 0.000892864 0.999997139 9.581234932
0.999993563 0.003057371 0.001871169 0.167235091 -0.003055975 0.999995053 -0.000748734 -0.287848681 -0.001873449 0.000743011 0.999997973 9.921476364
0.999993443 0.002951353 0.002069766 0.163677558 -0.002950895 0.999995649 -0.000224061 -0.301930547 -0.002070419 0.000217952 0.999997854 10.281589508
0.999993563 0.002852781 0.002165881 0.172866285 -0.002853772 0.999995887 0.000454700 -0.318207920 -0.002164575 -0.000460878 0.999997556 10.631193161
0.999992549 0.002878376 0.002555081 0.177476808 -0.002878656 0.999995828 0.000105992 -0.323736817 -0.002554766 -0.000113346 0.999996722 10.996970177
0.999993861 0.002812433 0.002082286 0.188169420 -0.002812069 0.999996006 -0.000177656 -0.335323572 -0.002082778 0.000171799 0.999997795 11.380037308
0.999995351 0.002223617 0.002098229 0.198867381 -0.002223352 0.999997497 -0.000128659 -0.343874127 -0.002098510 0.000123993 0.999997795 11.759127617
0.999994814 0.002300170 0.002251287 0.203786939 -0.002299526 0.999997318 -0.000288425 -0.355671823 -0.002251944 0.000283246 0.999997437 12.139970779
0.999994636 0.002239192 0.002371713 0.214186773 -0.002238802 0.999997497 -0.000166892 -0.367426157 -0.002372081 0.000161582 0.999997199 12.534690857
0.999995649 0.001832018 0.002292183 0.225262925 -0.001832410 0.999998331 0.000168842 -0.380818009 -0.002291871 -0.000173042 0.999997377 12.938398361
0.999992669 0.002780106 0.002599518 0.227081999 -0.002780400 0.999996126 0.000109596 -0.389643520 -0.002599203 -0.000116823 0.999996543 13.328990936
0.999991357 0.002630030 0.003198776 0.235863596 -0.002631546 0.999996424 0.000469810 -0.401599735 -0.003197529 -0.000478224 0.999994755 13.737052917
0.999991596 0.002533485 0.003262601 0.240411490 -0.002533191 0.999996781 -0.000094404 -0.405573815 -0.003262830 0.000086138 0.999994695 14.157804489
0.999990463 0.002195366 0.003772714 0.250726938 -0.002195861 0.999997556 0.000127140 -0.418399632 -0.003772425 -0.000135423 0.999992907 14.581888199
0.999989331 0.002579988 0.003823749 0.260567904 -0.002580131 0.999996603 0.000032708 -0.431868047 -0.003823652 -0.000042574 0.999992669 15.002731323
0.999991953 0.002315236 0.003282867 0.274229348 -0.002315711 0.999997318 0.000140803 -0.444522679 -0.003282532 -0.000148404 0.999994576 15.442152977
0.999989212 0.002458715 0.003945484 0.282712519 -0.002459348 0.999996901 0.000155636 -0.457519501 -0.003945091 -0.000165337 0.999992132 15.879351616
0.999989927 0.002099155 0.003963189 0.293615848 -0.002099735 0.999997735 0.000141988 -0.466046095 -0.003962882 -0.000150308 0.999992132 16.330284119
0.999986708 0.002596550 0.004460904 0.300119191 -0.002596304 0.999996603 -0.000060787 -0.479212284 -0.004461047 0.000049205 0.999990046 16.781585693
0.999984860 0.002856358 0.004703533 0.311338156 -0.002857135 0.999995887 0.000158486 -0.494890243 -0.004703062 -0.000171922 0.999988914 17.238729477
0.999982536 0.003191491 0.004969822 0.317757398 -0.003191810 0.999994934 0.000056298 -0.503811717 -0.004969617 -0.000072160 0.999987662 17.710788727
0.999983728 0.002709042 0.005021750 0.328867257 -0.002709091 0.999996305 0.000003113 -0.515028298 -0.005021724 -0.000016718 0.999987423 18.179744720
0.999983788 0.002425450 0.005154664 0.350154579 -0.002424523 0.999997079 -0.000186142 -0.522998214 -0.005155100 0.000173641 0.999986708 18.648975372
0.999978960 0.003244197 0.005622553 0.349482298 -0.003243065 0.999994695 -0.000210463 -0.539758444 -0.005623206 0.000192224 0.999984145 19.118150711
0.999978364 0.002585926 0.006057390 0.366269410 -0.002585743 0.999996662 -0.000038000 -0.552547872 -0.006057467 0.000022336 0.999981642 19.597450256
0.999977767 0.002941617 0.005980150 0.376848400 -0.002940516 0.999995649 -0.000192858 -0.566364586 -0.005980693 0.000175269 0.999982059 20.071853638
0.999978781 0.003149680 0.005692917 0.386937827 -0.003149140 0.999995053 -0.000103748 -0.576624870 -0.005693215 0.000085818 0.999983788 20.588258743
0.999979436 0.003122259 0.005599868 0.397471130 -0.003120788 0.999995112 -0.000271550 -0.585601032 -0.005600689 0.000254068 0.999984324 21.087194443
0.999978602 0.003347462 0.005623700 0.400871664 -0.003342499 0.999994099 -0.000891643 -0.590438724 -0.005626652 0.000872827 0.999983728 21.600391388
0.999984741 0.003386986 0.004343929 0.421181798 -0.003388215 0.999994218 0.000275549 -0.616730213 -0.004342970 -0.000290263 0.999990523 22.114143372
0.999985874 0.003535467 0.003957412 0.436587185 -0.003535375 0.999993742 -0.000030286 -0.624897778 -0.003957494 0.000016294 0.999992192 22.622140884
0.999987841 0.003312262 0.003648372 0.436107278 -0.003311744 0.999994516 -0.000147989 -0.639891922 -0.003648843 0.000135904 0.999993324 23.164947510
0.999991715 0.002904530 0.002833282 0.451684892 -0.002904668 0.999995828 0.000044373 -0.658854783 -0.002833141 -0.000052603 0.999995947 23.684251785
0.999995589 0.001941980 0.002233296 0.463034391 -0.001940864 0.999997914 -0.000501555 -0.669454396 -0.002234266 0.000497218 0.999997377 24.218004227
0.999994099 0.002862744 0.001905209 0.471431106 -0.002863141 0.999995887 0.000206139 -0.686468661 -0.001904612 -0.000211593 0.999998152 24.754577637
0.999994814 0.003088936 0.000844716 0.488346487 -0.003089342 0.999995053 0.000481021 -0.705356419 -0.000843226 -0.000483628 0.999999523 25.290519714
0.999994099 0.003365558 0.000703730 0.492856771 -0.003365619 0.999994338 0.000085980 -0.715208888 -0.000703437 -0.000088348 0.999999762 25.840904236
0.999994934 0.003164604 0.000268677 0.507740259 -0.003164709 0.999994874 0.000391849 -0.736197948 -0.000267435 -0.000392697 0.999999881 26.394144058
0.999998450 0.001658750 -0.000559842 0.513569891 -0.001657995 0.999997735 0.001345348 -0.749251604 0.000562072 -0.001344418 0.999998927 26.943393707
0.999997914 0.001950048 -0.000550237 0.524967015 -0.001949209 0.999996960 0.001521095 -0.772467315 0.000553202 -0.001520020 0.999998629 27.484064102
0.999994814 0.003177684 -0.000506643 0.531610668 -0.003177355 0.999994814 0.000649070 -0.781708717 0.000508703 -0.000647457 0.999999642 28.037157059
0.999994338 0.003113993 -0.001215209 0.533860326 -0.003112477 0.999994397 0.001247017 -0.787957847 0.001219086 -0.001243227 0.999998510 28.592264175
0.999994993 0.002878144 -0.001251892 0.542904556 -0.002876852 0.999995351 0.001031834 -0.801640511 0.001254855 -0.001028227 0.999998748 29.131752014
0.999992788 0.003449818 -0.001563898 0.554261744 -0.003448311 0.999993563 0.000965294 -0.816357255 0.001567218 -0.000959894 0.999998331 29.685289383
0.999993145 0.003102667 -0.002002495 0.561695158 -0.003099318 0.999993801 0.001673222 -0.830784798 0.002007674 -0.001667004 0.999996603 30.230901718
0.999993682 0.002828219 -0.002177846 0.576753736 -0.002824619 0.999994636 0.001654450 -0.849109411 0.002182513 -0.001648288 0.999996305 30.772924423
0.999990821 0.003403257 -0.002572218 0.580193996 -0.003399236 0.999992967 0.001566208 -0.861711621 0.002577530 -0.001557451 0.999995410 31.342365265
0.999988139 0.003890346 -0.002920447 0.587973714 -0.003886283 0.999991417 0.001395423 -0.873112023 0.002925851 -0.001384057 0.999994755 31.895982742
0.999988437 0.003547203 -0.003216238 0.602493942 -0.003542080 0.999992371 0.001596916 -0.892730653 0.003221878 -0.001585506 0.999993563 32.444358826
0.999985516 0.004207152 -0.003352510 0.606890678 -0.004202438 0.999990165 0.001411980 -0.903323650 0.003358417 -0.001397871 0.999993384 33.000400543
0.999980986 0.004524420 -0.004191554 0.620159626 -0.004520412 0.999989390 0.000964838 -0.918597519 0.004195875 -0.000945872 0.999990761 33.535472870
0.999984980 0.003939365 -0.003812222 0.626500309 -0.003933832 0.999991179 0.001457750 -0.931007624 0.003817931 -0.001442732 0.999991596 34.114601135
0.999983609 0.004133140 -0.003960032 0.628610253 -0.004127113 0.999990284 0.001528789 -0.945830822 0.003966311 -0.001512420 0.999991000 34.664989471
0.999986410 0.003340579 -0.004005461 0.640595555 -0.003333174 0.999992728 0.001854009 -0.962965667 0.004011626 -0.001840633 0.999990225 35.204006195
0.999986589 0.003671464 -0.003632446 0.641505480 -0.003666049 0.999992132 0.001496090 -0.973162293 0.003637910 -0.001482753 0.999992311 35.753784180
0.999984086 0.004305878 -0.003641767 0.658439815 -0.004297796 0.999988258 0.002224436 -1.001801610 0.003651302 -0.002208748 0.999990940 36.291278839
0.999982595 0.004024565 -0.004320062 0.669666290 -0.004017856 0.999990821 0.001560778 -1.002387047 0.004326303 -0.001543394 0.999989450 36.849418640
0.999980927 0.004946474 -0.003707314 0.673725963 -0.004941177 0.999986768 0.001436926 -1.014542580 0.003714372 -0.001418580 0.999992132 37.393848419
0.999982834 0.003823066 -0.004434913 0.682683468 -0.003816693 0.999991655 0.001444592 -1.029257059 0.004440399 -0.001427640 0.999989152 37.954643250
0.999986470 0.003306719 -0.003999779 0.686553121 -0.003302808 0.999994040 0.000983842 -1.040876389 0.004003008 -0.000970618 0.999991596 38.506164551
0.999983966 0.004191077 -0.003783586 0.690777302 -0.004186006 0.999990225 0.001347297 -1.058177233 0.003789196 -0.001331437 0.999991953 39.056377411
0.999981403 0.004315963 -0.004303475 0.710940838 -0.004309902 0.999989688 0.001416632 -1.073472619 0.004309545 -0.001398058 0.999989748 39.599437714
0.999978483 0.005318344 -0.003813280 0.716845572 -0.005312970 0.999984920 0.001417991 -1.086482406 0.003820763 -0.001397700 0.999991715 40.151573181
0.999978185 0.005039555 -0.004273527 0.740012348 -0.005033521 0.999986351 0.001421569 -1.110552907 0.004280632 -0.001400027 0.999989867 40.689376831
0.999978721 0.004115930 -0.005058257 0.753351152 -0.004109636 0.999990761 0.001253981 -1.118788958 0.005063372 -0.001233167 0.999986410 41.253688812
0.999976933 0.004435347 -0.005151371 0.765814185 -0.004425917 0.999988556 0.001840594 -1.134761453 0.005159475 -0.001817752 0.999985039 41.801586151
0.999976039 0.004394350 -0.005332337 0.783236265 -0.004383577 0.999988317 0.002030357 -1.157038212 0.005341196 -0.002006934 0.999983728 42.339447021
0.999973118 0.005752299 -0.004541685 0.776845396 -0.005746280 0.999982595 0.001337512 -1.153361082 0.004549300 -0.001311378 0.999988794 42.919952393
0.999975741 0.004663181 -0.005162937 0.796064496 -0.004653665 0.999987423 0.001853797 -1.173571706 0.005171516 -0.001829725 0.999984980 43.446582794
0.999969542 0.006099856 -0.004886190 0.806068361 -0.006092842 0.999980509 0.001449020 -1.185557365 0.004894933 -0.001419205 0.999987066 44.004951477
0.999981105 0.004871836 -0.003742920 0.796285987 -0.004866134 0.999987006 0.001531178 -1.199476719 0.003750331 -0.001512935 0.999991834 44.559333801
0.999980748 0.005125975 -0.003486272 0.805665612 -0.005123222 0.999986529 0.000797934 -1.208190203 0.003490315 -0.000780058 0.999993622 45.110515594
0.999981821 0.005120217 -0.003193736 0.817802370 -0.005116955 0.999986470 0.001028874 -1.218197823 0.003198961 -0.001012514 0.999994338 45.647930145
0.999982893 0.005141591 -0.002785850 0.822928667 -0.005137228 0.999985576 0.001570565 -1.243488669 0.002793885 -0.001556226 0.999994874 46.197669983
0.999983013 0.005008522 -0.002953928 0.836278796 -0.005005513 0.999986887 0.001025087 -1.256302238 0.002959023 -0.001010284 0.999995112 46.740447998
0.999979138 0.005531144 -0.003316802 0.856197715 -0.005525334 0.999983132 0.001757906 -1.281646013 0.003326469 -0.001739543 0.999992907 47.263034821
0.999985278 0.004733193 -0.002651916 0.838234961 -0.004730153 0.999988139 0.001151833 -1.280079722 0.002657336 -0.001139272 0.999995828 47.842327118
0.999982119 0.005490287 -0.002351718 0.841099262 -0.005487859 0.999984384 0.001037488 -1.292175293 0.002357378 -0.001024564 0.999996722 48.391094208
0.999985933 0.004739778 -0.002355679 0.856967747 -0.004737115 0.999988079 0.001134102 -1.309432745 0.002361026 -0.001122927 0.999996603 48.934402466
0.999983788 0.005508487 -0.001387158 0.848141074 -0.005506393 0.999983728 0.001507749 -1.326586127 0.001395441 -0.001500086 0.999997914 49.491119385
0.999983668 0.005546476 -0.001294438 0.863140404 -0.005544759 0.999983728 0.001325885 -1.340654016 0.001301771 -0.001318686 0.999998331 50.037345886
0.999982595 0.005795715 -0.001055556 0.871579230 -0.005794068 0.999981999 0.001557172 -1.356848598 0.001064562 -0.001551029 0.999998271 50.588958740
0.999986708 0.005094916 -0.000668519 0.886338830 -0.005094169 0.999986529 0.001114489 -1.372718215 0.000674189 -0.001111069 0.999999166 51.127754211
0.999985933 0.005293130 -0.000206886 0.894785345 -0.005292848 0.999985099 0.001347771 -1.386901736 0.000214017 -0.001346657 0.999999106 51.684387207
0.999986827 0.005124057 -0.000298743 0.907588303 -0.005123693 0.999986172 0.001208170 -1.404018044 0.000304929 -0.001206623 0.999999166 52.228843689
0.999986649 0.004867794 0.001751223 0.920791626 -0.004869550 0.999987662 0.000999341 -1.416022182 -0.001746337 -0.001007856 0.999997973 52.772708893
0.999986768 0.004688328 0.002163250 0.926490068 -0.004690193 0.999988675 0.000857843 -1.429001689 -0.002159204 -0.000867978 0.999997258 53.309913635
0.999977887 0.005007265 0.004379938 0.930804551 -0.005011198 0.999987006 0.000887264 -1.445980668 -0.004375439 -0.000909193 0.999989986 53.852943420
0.999976635 0.005067577 0.004603996 0.946057677 -0.005071595 0.999986768 0.000861482 -1.461010098 -0.004599569 -0.000884811 0.999989033 54.400131226
0.999967396 0.005702197 0.005720300 0.948369145 -0.005708820 0.999983072 0.001142211 -1.473615885 -0.005713690 -0.001174830 0.999983013 54.952342987
0.999969244 0.005372872 0.005726296 0.957072794 -0.005377740 0.999985278 0.000835215 -1.488200068 -0.005721723 -0.000865984 0.999983311 55.502708435
0.999952018 0.003834117 0.009016031 0.973228037 -0.003836067 0.999992549 0.000198939 -1.502094269 -0.009015203 -0.000233516 0.999959290 56.014419556
0.999944508 0.005925944 0.008710436 0.987581730 -0.005933394 0.999982059 0.000829703 -1.508852482 -0.008705363 -0.000881339 0.999961734 56.561786652
0.999941111 0.006081392 0.008986245 1.008584261 -0.006091084 0.999980867 0.001051701 -1.527705550 -0.008979677 -0.001106375 0.999959111 57.105823517
0.999853730 0.008672881 0.014740772 1.028727412 -0.008726005 0.999955773 0.003543417 -1.514001608 -0.014709387 -0.003671528 0.999885023 57.515308380
0.999851525 0.009045195 0.014665370 1.046504617 -0.009100185 0.999951780 0.003687197 -1.532764912 -0.014631311 -0.003820108 0.999885678 58.051361084
0.999854863 0.009271698 0.014292406 1.072289705 -0.009325978 0.999949574 0.003735808 -1.544547677 -0.014257048 -0.003868557 0.999890804 58.586746216
0.999456227 0.003504904 0.032784451 1.155658960 -0.003040623 0.999894500 -0.014200805 -1.479574323 -0.032830764 0.014093397 0.999361575 59.702442169
0.999472857 0.003076392 0.032316491 1.189967394 -0.002606708 0.999890506 -0.014565989 -1.503397942 -0.032357760 0.014474072 0.999371588 60.239093781
0.999450803 0.003900354 0.032906737 1.217666388 -0.003429475 0.999891102 -0.014353853 -1.525106430 -0.032959141 0.014233115 0.999355376 60.793960571
0.999427080 0.013765633 0.030919887 1.416075826 -0.013772983 0.999905109 0.000024685 -1.632707953 -0.030916616 -0.000450530 0.999521792 60.736572266
0.999413252 0.014341190 0.031106530 1.446947336 -0.014349431 0.999897063 0.000041700 -1.653842449 -0.031102730 -0.000488037 0.999516070 61.279685974
0.999412358 0.014036658 0.031270407 1.475512743 -0.014044883 0.999901354 0.000043384 -1.664237261 -0.031266712 -0.000482547 0.999510884 61.831336975
0.999202490 0.013925358 0.037423458 1.489927173 -0.013911951 0.999903023 -0.000618624 -1.679663062 -0.037428446 0.000097498 0.999299288 62.432487488
0.999189079 0.013830210 0.037814677 1.520658731 -0.013831684 0.999904275 -0.000222609 -1.701543570 -0.037814137 -0.000300613 0.999284744 62.975688934
0.999182880 0.014180899 0.037848834 1.546524048 -0.014196574 0.999899268 0.000145452 -1.718316913 -0.037842959 -0.000682657 0.999283493 63.522674561
0.999117196 0.014774294 0.039324794 1.630939722 -0.014802153 0.999890268 0.000417375 -1.730878353 -0.039314311 -0.000999099 0.999226391 64.076118469
0.999119222 0.014634551 0.039325457 1.659723282 -0.014654988 0.999892533 0.000231486 -1.744162798 -0.039317839 -0.000807597 0.999226451 64.628341675
0.999097288 0.015617556 0.039506394 1.692569971 -0.015656307 0.999877155 0.000671692 -1.761365414 -0.039491057 -0.001289609 0.999219000 65.161392212
0.999086618 0.015129774 0.039964326 1.711809874 -0.015151272 0.999885082 0.000235075 -1.768624067 -0.039956179 -0.000840371 0.999201059 65.693595886
0.999017715 0.012533967 0.042501703 1.802204728 -0.012569988 0.999920845 0.000580389 -1.794747233 -0.042491063 -0.001114065 0.999096155 66.249343872
0.998999834 0.012749013 0.042856630 1.832417965 -0.012782140 0.999918222 0.000499071 -1.805981517 -0.042846765 -0.001046372 0.999081016 66.801795959
0.999020875 0.012395101 0.042468209 1.873568058 -0.012407164 0.999922991 0.000020540 -1.823447704 -0.042464685 -0.000547430 0.999097764 67.346260071
0.999028981 0.011477528 0.042535596 1.876378775 -0.011792415 0.999904811 0.007159389 -1.828039050 -0.042449374 -0.007654035 0.999069273 67.621139526
0.999006450 0.012196177 0.042866673 1.912208080 -0.012539385 0.999891400 0.007746643 -1.846499920 -0.042767540 -0.008276467 0.999050796 68.152061462
0.998988748 0.012172977 0.043281466 1.945130348 -0.012480129 0.999898791 0.006833516 -1.854089737 -0.043193899 -0.007366763 0.999039531 68.703216553
0.998360217 0.013723566 0.055577174 1.961988211 -0.013149668 0.999856532 -0.010678763 -1.824044704 -0.055715758 0.009930429 0.998397291 69.726173401
0.998381555 0.013309766 0.055291731 2.009854317 -0.012722845 0.999859095 -0.010953466 -1.840852022 -0.055429731 0.010232272 0.998410106 70.270423889
0.998318911 0.013465211 0.056374524 2.042311668 -0.012882420 0.999859929 -0.010688500 -1.867852926 -0.056510545 0.009944291 0.998352528 70.817001343
0.998673439 0.009077261 0.050683673 2.157629490 -0.009050743 0.999958873 -0.000752676 -1.937207699 -0.050688412 0.000292953 0.998714447 71.139411926
0.998674214 0.009343259 0.050620925 2.203710079 -0.009299283 0.999956191 -0.001104197 -1.951983929 -0.050629023 0.000631995 0.998717308 71.682731628
0.998646140 0.009661316 0.051113121 2.237547874 -0.009640358 0.999953270 -0.000656571 -1.969165921 -0.051117081 0.000162933 0.998692632 72.231025696
0.998607814 0.008909800 0.051990625 2.276782036 -0.008877893 0.999960244 -0.000844641 -1.992359757 -0.051996082 0.000381899 0.998647213 72.767364502
0.998623610 0.008306881 0.051785536 2.321488619 -0.008286240 0.999965429 -0.000613290 -2.011566162 -0.051788837 0.000183338 0.998658061 73.313903809
0.998591244 0.008542263 0.052369732 2.353560448 -0.008522577 0.999963522 -0.000599221 -2.026366234 -0.052372944 0.000152051 0.998627543 73.866561890
0.998564541 0.007458055 0.053040277 2.398075819 -0.007423867 0.999972105 -0.000841571 -2.040564775 -0.053045075 0.000446599 0.998591959 74.394546509
0.998548329 0.008009383 0.053263400 2.443100452 -0.007988201 0.999967873 -0.000610547 -2.058391571 -0.053266574 0.000184182 0.998580337 74.930755615
0.998535395 0.008507569 0.053428438 2.476705074 -0.008509225 0.999963760 -0.000196477 -2.077599049 -0.053428166 -0.000258445 0.998571754 75.472518921
0.998593807 0.007421215 0.052489724 2.523483276 -0.007386848 0.999972284 -0.000848717 -2.095090151 -0.052494567 0.000459790 0.998621106 76.012710571
0.998612702 0.007526336 0.052115396 2.564467430 -0.007498526 0.999971628 -0.000729166 -2.112399101 -0.052119404 0.000337366 0.998640835 76.555511475
0.998609841 0.008615499 0.052001428 2.606181622 -0.008584748 0.999962807 -0.000814694 -2.125958920 -0.052006513 0.000367142 0.998646677 77.115165710
0.998630345 0.008419311 0.051638696 2.648552895 -0.008389797 0.999964476 -0.000788291 -2.139560699 -0.051643498 0.000353973 0.998665512 77.662948608
0.998616338 0.008399587 0.051912431 2.694839954 -0.008384961 0.999964774 -0.000499528 -2.161423445 -0.051914796 0.000063553 0.998651505 78.211448669
0.998585641 0.008680820 0.052453190 2.731934786 -0.008639075 0.999962151 -0.001022524 -2.172156334 -0.052460082 0.000567931 0.998622835 78.742668152
0.998583019 0.008245846 0.052572224 2.778322220 -0.008205935 0.999965906 -0.000974993 -2.186871290 -0.052578468 0.000542208 0.998616636 79.289436340
0.998548508 0.008196281 0.053231556 2.807433605 -0.008123181 0.999965727 -0.001589465 -2.197635174 -0.053242758 0.001154748 0.998580873 79.842414856
0.998620629 0.008346992 0.051837713 2.858783722 -0.008288455 0.999964774 -0.001344067 -2.215531349 -0.051847104 0.000912558 0.998654604 80.372367859
0.998536468 0.007866695 0.053507380 2.896580935 -0.007811791 0.999968708 -0.001235181 -2.230149746 -0.053515423 0.000815384 0.998566687 80.926017761
0.998436153 0.006961862 0.055469077 2.935547113 -0.006894334 0.999975264 -0.001408684 -2.244489670 -0.055477511 0.001024059 0.998459399 81.465042114
0.998378396 0.007130883 0.056478567 2.976844788 -0.007091765 0.999974430 -0.000893042 -2.266473532 -0.056483496 0.000491061 0.998403370 81.990554810
0.998280942 0.008908689 0.057928804 3.012792587 -0.008844043 0.999959886 -0.001372216 -2.273681164 -0.057938710 0.000857532 0.998319745 82.550521851
0.998130679 0.008762320 0.060483735 3.062282085 -0.008678625 0.999960959 -0.001646288 -2.289298058 -0.060495801 0.001118295 0.998167753 83.100044250
0.997908711 0.008661881 0.064056516 3.118044376 -0.008616767 0.999962330 -0.000980499 -2.313800335 -0.064062603 0.000426488 0.997945786 83.633361816
0.997681439 0.008816049 0.067483529 3.174072027 -0.008772379 0.999961078 -0.000943422 -2.333259821 -0.067489222 0.000349243 0.997719944 84.194778442
0.997338653 0.008274209 0.072437309 3.232939959 -0.008229165 0.999965668 -0.000920273 -2.352456331 -0.072442450 0.000321725 0.997372448 84.737770081
0.996855915 0.009334850 0.078683704 3.288345098 -0.009299740 0.999956489 -0.000812646 -2.368563652 -0.078687869 0.000078353 0.996899247 85.290367126
0.996516764 0.007868006 0.083020747 3.358087063 -0.007828070 0.999969006 -0.000806562 -2.392887115 -0.083024517 0.000153860 0.996547520 85.857757568
0.996042490 0.006401449 0.088646680 3.428980350 -0.006334867 0.999979317 -0.001032438 -2.405462980 -0.088651456 0.000466788 0.996062636 86.398048401
0.995245576 0.006260409 0.097196296 3.496856213 -0.006212036 0.999980330 -0.000800313 -2.425586700 -0.097199388 0.000192721 0.995264947 86.947563171
0.994397938 0.008822144 0.105332613 3.562120914 -0.008783932 0.999961078 -0.000826685 -2.444751740 -0.105335809 -0.000103181 0.994436681 87.493331909
0.993599892 0.008707422 0.112621076 3.634653568 -0.008699561 0.999962032 -0.000561241 -2.460511923 -0.112621687 -0.000422105 0.993637860 88.038978577
0.992556751 0.008364452 0.121495351 3.719600201 -0.008318496 0.999965072 -0.000885467 -2.470425844 -0.121498518 -0.000131782 0.992591500 88.580848694
0.991266251 0.008109818 0.131626233 3.808122158 -0.008019378 0.999967098 -0.001217178 -2.480417013 -0.131631792 0.000150987 0.991298616 89.134323120
0.990134835 0.007520618 0.139915705 3.903532982 -0.007344380 0.999971449 -0.001775906 -2.490143776 -0.139925063 0.000730793 0.990161836 89.676612854
0.988979340 0.007625629 0.147856563 4.007620811 -0.007448564 0.999970675 -0.001751221 -2.508314610 -0.147865579 0.000630602 0.989007294 90.224189758
0.987376451 0.008116252 0.158182919 4.118165970 -0.007880761 0.999966681 -0.002115928 -2.522308588 -0.158194825 0.000842615 0.987407565 90.761222839
0.985533178 0.007738549 0.169305488 4.223868370 -0.007580928 0.999969959 -0.001577390 -2.542160511 -0.169312596 0.000271077 0.985562444 91.303497314
0.983896255 0.006510003 0.178621769 4.346275330 -0.006344415 0.999978721 -0.001498243 -2.562918186 -0.178627715 0.000340865 0.983916700 91.865798950
0.981792033 0.006582639 0.189844519 4.461071014 -0.006395900 0.999978244 -0.001596314 -2.570746660 -0.189850897 0.000353021 0.981812894 92.398132324
0.979431808 0.006723793 0.201663524 4.592184067 -0.006532552 0.999977350 -0.001613828 -2.592911959 -0.201669753 0.000263257 0.979453504 92.956489563
0.977100730 0.006805137 0.212669045 4.728723526 -0.006685753 0.999976814 -0.001280515 -2.615675211 -0.212672830 -0.000170661 0.977123439 93.491432190
0.975018501 0.006399732 0.222031549 4.877767563 -0.006225372 0.999979496 -0.001485140 -2.629836082 -0.222036496 0.000065810 0.975038290 94.008682251
0.972437859 0.006002035 0.233085170 5.038675308 -0.005803351 0.999981940 -0.001538189 -2.647089958 -0.233090222 0.000143118 0.972455084 94.536521912
0.968737781 0.005665324 0.248022243 5.177209854 -0.005394612 0.999983907 -0.001771084 -2.656391144 -0.248028293 0.000377732 0.968752682 95.095703125
0.966089606 0.005249990 0.258153558 5.335319519 -0.004882374 0.999985993 -0.002065070 -2.669835806 -0.258160770 0.000734641 0.966101706 95.618446350
0.962564230 0.005859341 0.270990193 5.510345459 -0.005588336 0.999982893 -0.001771679 -2.694112301 -0.270995915 0.000190971 0.962580502 96.150177002
0.958908737 0.006688914 0.283635825 5.680683136 -0.006381666 0.999977648 -0.002007254 -2.702269793 -0.283642858 0.000114705 0.958930075 96.657958984
0.955569208 0.006532331 0.294694155 5.856935501 -0.006256424 0.999978721 -0.001879050 -2.722472429 -0.294700146 -0.000048169 0.955589712 97.183189392
0.951924682 0.006137336 0.306270719 6.045301437 -0.005806625 0.999981165 -0.001990888 -2.736125231 -0.306277126 0.000116776 0.951942384 97.690093994
0.947371304 0.006885551 0.320062667 6.244022369 -0.006673339 0.999976158 -0.001759833 -2.759850264 -0.320067167 -0.000468672 0.947394729 98.218223572
0.943142235 0.006502201 0.332325876 6.445480347 -0.006027726 0.999978781 -0.002458615 -2.766969919 -0.332334846 0.000315654 0.943161368 98.743431091
0.939279795 0.005737332 0.343104213 6.663957596 -0.005300047 0.999983430 -0.002212188 -2.788899183 -0.343111157 0.000259396 0.939294696 99.249725342
0.934128702 0.003285640 0.356921196 6.868528366 -0.002936809 0.999994516 -0.001519283 -2.806109190 -0.356924295 0.000370996 0.934133232 99.751052856
0.929026067 0.003090885 0.370001316 7.094793320 -0.002724523 0.999995112 -0.001512742 -2.820029497 -0.370004237 0.000397299 0.929030001 100.247314453
0.924543798 0.003429533 0.381060392 7.325477600 -0.002916267 0.999993920 -0.001924355 -2.831835747 -0.381064683 0.000667877 0.924548149 100.769340515
0.919187129 0.003133958 0.393808752 7.564973831 -0.002549395 0.999994814 -0.002007500 -2.850560904 -0.393813014 0.000841294 0.919190228 101.271469116
0.913156033 0.003249500 0.407597274 7.808927536 -0.002612570 0.999994397 -0.002119244 -2.864325047 -0.407601863 0.000870324 0.913159370 101.760726929
0.907747209 0.003151592 0.419505894 8.053710938 -0.002788346 0.999994993 -0.001479033 -2.888485432 -0.419508517 0.000172860 0.907751322 102.269134521
0.902031302 -0.000050817 0.431670547 8.324932098 0.000707002 0.999998927 -0.001359649 -2.898167372 -0.431670010 0.001531638 0.902030289 102.761878967
0.895335853 0.000087942 0.445391566 8.588626862 0.000557523 0.999998987 -0.001318194 -2.915810108 -0.445391208 0.001428543 0.895334959 103.239295959
0.888859689 0.000074747 0.458179414 8.866760254 0.000609051 0.999998868 -0.001344687 -2.932926893 -0.458179057 0.001474294 0.888858616 103.733139038
0.883459806 -0.000261291 0.468506843 9.144588470 0.000830034 0.999999166 -0.001007479 -2.958300114 -0.468506247 0.001278944 0.883459210 104.189727783
0.876735091 -0.000996591 0.480972558 9.434772491 0.001384635 0.999998868 -0.000451935 -2.986248493 -0.480971575 0.001062199 0.876735449 104.635269165
0.869901180 0.004303488 0.493207216 9.730602264 -0.003599854 0.999990702 -0.002376142 -2.994457722 -0.493212789 0.000291534 0.869908631 105.134048462
0.863256156 0.003560991 0.504753411 10.025074005 -0.002606364 0.999993265 -0.002597321 -3.009101629 -0.504759252 0.000926582 0.863259673 105.597152710
0.857024908 0.003856485 0.515260518 10.327301025 -0.003018548 0.999992430 -0.002463773 -3.021280766 -0.515266120 0.000556176 0.857029974 106.085433960
0.848882437 0.003203164 0.528571963 10.627288818 -0.002199414 0.999994397 -0.002527758 -3.043234110 -0.528577089 0.000983221 0.848884642 106.528854370
