1.000000000 0.000000000 0.000000000 0.000000000 0.000000000 1.000000000 0.000000000 0.000000000 0.000000000 0.000000000 1.000000000 0.000000000
1.000000000 0.000043681 -0.000000454 0.000288848 -0.000043681 1.000000000 0.000035259 -0.000640492 0.000000456 -0.000035259 1.000000000 -0.001396499
1.000000000 -0.000016165 -0.000014830 0.001223227 0.000016165 1.000000000 -0.000000467 -0.000312169 0.000014830 0.000000466 1.000000000 -0.001605321
1.000000000 -0.000116877 -0.000124768 0.002160328 0.000116878 1.000000000 0.000010755 -0.001197566 0.000124767 -0.000010770 1.000000000 -0.004192649
1.000000000 -0.000176895 -0.000134738 0.000434420 0.000176899 1.000000000 0.000030600 0.000167995 0.000134733 -0.000030624 1.000000000 -0.002693371
1.000000000 -0.000156619 -0.000052174 0.001294829 0.000156620 1.000000000 0.000031130 -0.000415315 0.000052169 -0.000031138 1.000000000 -0.000680283
1.000000000 -0.000161314 -0.000025246 0.000660616 0.000161316 1.000000000 0.000046057 -0.001354158 0.000025239 -0.000046061 1.000000000 -0.003522880
1.000000000 -0.000051270 -0.000078914 0.001211300 0.000051271 1.000000000 0.000019575 0.000021740 0.000078913 -0.000019579 1.000000000 -0.003084951
1.000000000 -0.000074111 -0.000018365 0.000331486 0.000074111 1.000000000 0.000012017 0.000365747 0.000018364 -0.000012019 1.000000000 -0.000482441
1.000000000 0.000021952 -0.000011689 -0.000594444 -0.000021952 1.000000000 0.000005621 0.000981399 0.000011689 -0.000005621 1.000000000 0.000162551
1.000000000 -0.000109371 -0.000116242 0.001322358 0.000109376 1.000000000 0.000045222 -0.001023945 0.000116238 -0.000045234 1.000000000 -0.001881602
1.000000000 -0.000102590 -0.000068557 0.001013639 0.000102587 1.000000000 -0.000037100 0.000343826 0.000068561 0.000037093 1.000000000 -0.000066038
1.000000000 -0.000179471 -0.000059982 -0.000455111 0.000179472 1.000000000 0.000017417 0.000815539 0.000059979 -0.000017428 1.000000000 0.000528337
1.000000000 -0.000171904 -0.000039476 0.000521873 0.000171905 1.000000000 0.000021299 0.000212256 0.000039473 -0.000021306 1.000000000 -0.003217872
1.000000000 -0.000040500 -0.000065433 0.002364074 0.000040504 1.000000000 0.000063760 -0.000446504 0.000065431 -0.000063763 1.000000000 -0.002770218
1.000000000 -0.000065960 -0.000058611 0.002713821 0.000065967 1.000000000 0.000115385 -0.001358287 0.000058603 -0.000115389 1.000000000 -0.004433221
1.000000000 -0.000110052 -0.000066460 0.002090218 0.000110053 1.000000000 0.000011551 0.000552915 0.000066459 -0.000011559 1.000000000 -0.002183991
1.000000000 -0.000006821 -0.000082587 0.001938519 0.000006827 1.000000000 0.000068101 -0.000277211 0.000082587 -0.000068101 1.000000000 -0.002943126
1.000000000 -0.000158906 -0.000129317 0.002453512 0.000158910 1.000000000 0.000031202 -0.000988718 0.000129312 -0.000031223 1.000000000 -0.002277309
1.000000000 -0.000179996 -0.000096593 0.001563089 0.000179997 1.000000000 0.000001824 0.000599131 0.000096593 -0.000001842 1.000000000 0.000462998
1.000000000 -0.000177323 -0.000071524 0.000404869 0.000177326 1.000000000 0.000045526 -0.000606041 0.000071516 -0.000045539 1.000000000 -0.005524066
1.000000000 -0.000120823 -0.000097214 0.004110784 0.000120828 1.000000000 0.000057355 -0.000955883 0.000097207 -0.000057367 1.000000000 -0.002109448
1.000000000 -0.000138613 -0.000140034 0.003154942 0.000138624 1.000000000 0.000078601 -0.000861173 0.000140024 -0.000078621 1.000000000 -0.002757084
1.000000000 -0.000199331 -0.000124359 0.001596817 0.000199336 1.000000000 0.000042720 0.000018749 0.000124351 -0.000042745 1.000000000 -0.002610509
1.000000000 -0.000143206 -0.000135546 0.003527271 0.000143213 1.000000000 0.000046715 -0.000005187 0.000135539 -0.000046734 1.000000000 -0.001462714
1.000000000 -0.000202068 -0.000108911 0.002447855 0.000202071 1.000000000 0.000026427 0.000412864 0.000108906 -0.000026449 1.000000000 -0.001071300
0.999999940 -0.000258495 -0.000162042 0.002367281 0.000258512 0.999999940 0.000102018 -0.000755089 0.000162016 -0.000102060 1.000000000 -0.005400058
0.999999940 -0.000329725 -0.000090406 0.001826071 0.000329732 0.999999940 0.000068974 -0.001100086 0.000090383 -0.000069004 1.000000000 -0.002639056
1.000000000 -0.000096832 -0.000119621 0.002364099 0.000096840 1.000000000 0.000071728 -0.001107532 0.000119614 -0.000071739 1.000000000 -0.004032752
0.999999940 -0.000216386 -0.000147054 0.003478711 0.000216402 0.999999940 0.000114094 -0.001508466 0.000147030 -0.000114126 1.000000000 -0.003993562
0.999999940 -0.000284890 -0.000160646 0.001969277 0.000284900 0.999999940 0.000066027 -0.000607149 0.000160628 -0.000066073 1.000000000 -0.003012314
0.999999940 -0.000287287 -0.000147431 0.002101755 0.000287305 0.999999940 0.000124522 -0.001353555 0.000147395 -0.000124564 1.000000000 -0.004623130
0.999999940 -0.000225810 -0.000139738 0.002119732 0.000225817 1.000000000 0.000045783 -0.000397401 0.000139727 -0.000045814 1.000000000 -0.002523593
1.000000000 -0.000185011 -0.000103212 0.000926465 0.000185011 1.000000000 0.000008116 0.000050891 0.000103210 -0.000008135 1.000000000 -0.001835798
0.999999940 -0.000344181 -0.000150776 0.002944628 0.000344200 0.999999940 0.000124508 -0.001503183 0.000150733 -0.000124560 1.000000000 -0.006846327
0.999999940 -0.000204185 -0.000133970 0.002484256 0.000204184 1.000000000 -0.000010097 0.000007870 0.000133972 0.000010070 1.000000000 -0.002525181
1.000000000 -0.000181064 -0.000148613 0.004347206 0.000181084 1.000000000 0.000134044 -0.001396863 0.000148589 -0.000134071 1.000000000 -0.006464922
0.999999940 -0.000302135 -0.000171984 0.002428302 0.000302151 0.999999940 0.000091692 -0.000957817 0.000171956 -0.000091744 1.000000000 -0.005467843
0.999999940 -0.000245540 -0.000162918 0.002495143 0.000245560 0.999999940 0.000127120 -0.001452280 0.000162887 -0.000127160 1.000000000 -0.004533882
0.999999940 -0.000174958 -0.000198345 0.003653284 0.000174961 1.000000000 0.000015241 -0.001144801 0.000198343 -0.000015275 1.000000000 -0.001835425
1.000000000 -0.000215737 -0.000090499 0.001759623 0.000215687 0.999999821 -0.000552908 -0.001087836 0.000090618 0.000552889 0.999999821 0.046092916
1.000000000 -0.000090087 -0.000190253 0.003513841 0.000089879 0.999999404 -0.001091394 -0.004743209 0.000190351 0.001091377 0.999999404 0.136911735
1.000000000 -0.000158329 -0.000107426 0.005445446 0.000158174 0.999998927 -0.001440954 -0.006756229 0.000107654 0.001440937 0.999998927 0.253037870
1.000000000 -0.000184320 -0.000060129 0.006584172 0.000184233 0.999998927 -0.001443454 -0.011548963 0.000060395 0.001443443 0.999998927 0.387189031
1.000000000 -0.000066683 -0.000128787 0.012370488 0.000066529 0.999999285 -0.001199287 -0.017276201 0.000128867 0.001199279 0.999999285 0.524111927
1.000000000 -0.000160016 0.000014326 0.014232983 0.000160031 0.999999464 -0.001030789 -0.022804093 -0.000014161 0.001030792 0.999999464 0.676712930
0.999999940 -0.000262044 -0.000123506 0.019689219 0.000261924 0.999999523 -0.000971703 -0.024903765 0.000123761 0.000971671 0.999999523 0.842160344
0.999999940 0.000318242 0.000124572 0.018306542 -0.000318137 0.999999583 -0.000846577 -0.023876486 -0.000124842 0.000846537 0.999999642 1.021273851
1.000000000 0.000115045 -0.000105332 0.027706191 -0.000115119 0.999999762 -0.000706747 -0.033510372 0.000105250 0.000706760 0.999999762 1.190073848
1.000000000 0.000071630 0.000225632 0.027200295 -0.000071573 0.999999940 -0.000249545 -0.042999547 -0.000225650 0.000249528 0.999999940 1.362806439
1.000000000 0.000222165 0.000096356 0.032271329 -0.000222141 0.999999940 -0.000251093 -0.046337903 -0.000096412 0.000251071 0.999999940 1.554202676
0.999999881 0.000068842 0.000443336 0.029912209 -0.000068848 1.000000000 0.000013959 -0.055185944 -0.000443335 -0.000013990 0.999999821 1.751799107
0.999999940 0.000155144 0.000328618 0.036915630 -0.000155193 1.000000000 0.000148622 -0.061117649 -0.000328595 -0.000148673 0.999999940 1.957744122
0.999999881 -0.000067350 0.000417279 0.042761791 0.000067267 0.999999940 0.000198239 -0.068057418 -0.000417293 -0.000198211 0.999999881 2.160879850
0.999999642 0.000636887 0.000622623 0.040409155 -0.000637089 0.999999702 0.000324297 -0.072455309 -0.000622416 -0.000324693 0.999999762 2.383876801
0.999999881 0.000135403 0.000392705 0.053319126 -0.000135607 0.999999881 0.000520279 -0.084149994 -0.000392634 -0.000520332 0.999999762 2.598365307
0.999999940 -0.000056108 0.000254378 0.057079390 0.000055995 0.999999940 0.000445216 -0.090674706 -0.000254403 -0.000445202 0.999999881 2.832618713
0.999999940 0.000067114 0.000418237 0.059488855 -0.000067339 0.999999821 0.000538409 -0.094333157 -0.000418201 -0.000538437 0.999999762 3.064216137
0.999999881 -0.000263326 0.000364687 0.066539459 0.000263119 0.999999821 0.000565931 -0.104198277 -0.000364836 -0.000565835 0.999999762 3.303827763
0.999999821 0.000080574 0.000566119 0.069078572 -0.000081043 0.999999762 0.000829128 -0.115049846 -0.000566052 -0.000829173 0.999999464 3.531775951
0.999999762 0.000198476 0.000519505 0.073343985 -0.000199033 0.999999464 0.001073315 -0.120565556 -0.000519291 -0.001073418 0.999999344 3.781782866
0.999999821 -0.000371605 0.000483737 0.083003305 0.000371018 0.999999166 0.001213344 -0.129992813 -0.000484187 -0.001213164 0.999999166 4.042245865
0.999999642 0.000008395 0.000732817 0.078068942 -0.000009494 0.999998868 0.001500699 -0.138205573 -0.000732804 -0.001500705 0.999998629 4.291226864
0.999999642 -0.000026719 0.000749053 0.082272269 0.000025639 0.999998927 0.001442553 -0.145469621 -0.000749090 -0.001442534 0.999998689 4.548130989
0.999999642 -0.000152668 0.000782214 0.092581026 0.000151280 0.999998391 0.001774078 -0.153129339 -0.000782483 -0.001773959 0.999998152 4.800181389
0.999999642 -0.000211099 0.000820319 0.093415871 0.000209557 0.999998212 0.001879263 -0.166372463 -0.000820714 -0.001879090 0.999997914 5.047459126
0.999999881 -0.000008902 0.000608995 0.099662364 0.000007896 0.999998629 0.001651928 -0.171121910 -0.000609009 -0.001651923 0.999998450 5.317075253
0.999999583 0.000221842 0.000948315 0.103424050 -0.000223638 0.999998271 0.001894560 -0.181549951 -0.000947893 -0.001894771 0.999997795 5.582846165
0.999999583 0.000112560 0.000878957 0.109613553 -0.000114425 0.999997675 0.002122393 -0.192035526 -0.000878716 -0.002122493 0.999997377 5.848852634
0.999999762 -0.000211211 0.000767932 0.117182754 0.000209666 0.999997973 0.002012181 -0.200994372 -0.000768355 -0.002012019 0.999997735 6.126176357
0.999999523 -0.000291680 0.000911657 0.119774900 0.000289693 0.999997616 0.002178499 -0.210252970 -0.000912290 -0.002178235 0.999997258 6.413879871
0.999999523 0.000043246 0.000855972 0.129967034 -0.000045177 0.999997437 0.002255995 -0.220172942 -0.000855872 -0.002256033 0.999997139 6.686777592
0.999999225 0.000687093 0.001060986 0.132544801 -0.000689440 0.999997318 0.002212928 -0.232826844 -0.001059462 -0.002213657 0.999996960 6.977244377
0.999999344 0.000531392 0.001010939 0.135884315 -0.000533556 0.999997556 0.002140969 -0.238886967 -0.001009799 -0.002141506 0.999997199 7.286545753
0.999998927 0.000878753 0.001173810 0.148416474 -0.000881296 0.999997258 0.002167829 -0.250555217 -0.001171902 -0.002168861 0.999996960 7.591668129
0.999999642 0.000313575 0.000854983 0.160452113 -0.000315663 0.999996960 0.002442855 -0.264417380 -0.000854215 -0.002443124 0.999996603 7.906600952
0.999999285 0.000191354 0.001171326 0.157697693 -0.000194333 0.999996722 0.002543786 -0.271680057 -0.001170836 -0.002544012 0.999996006 8.205419540
0.999999404 -0.000066473 0.001064563 0.172970772 0.000063596 0.999996305 0.002702684 -0.281547666 -0.001064739 -0.002702615 0.999995768 8.519309998
0.999998808 0.000562640 0.001448158 0.172191784 -0.000566634 0.999996006 0.002759210 -0.289293826 -0.001446600 -0.002760027 0.999995112 8.857856750
0.999999046 0.000178667 0.001355316 0.181522399 -0.000182472 0.999996066 0.002807808 -0.303195864 -0.001354809 -0.002808053 0.999995172 9.222590446
0.999999046 0.000461338 0.001295973 0.185028613 -0.000464821 0.999996305 0.002688939 -0.314432532 -0.001294728 -0.002689539 0.999995530 9.546736717
0.999998510 0.000894745 0.001461135 0.188382715 -0.000898558 0.999996245 0.002611242 -0.319554657 -0.001458793 -0.002612551 0.999995530 9.897169113
0.999998569 0.000828579 0.001466489 0.195929170 -0.000832356 0.999996364 0.002576774 -0.333163202 -0.001464349 -0.002577991 0.999995589 10.259604454
0.999998033 0.000909397 0.001768188 0.200609669 -0.000914572 0.999995291 0.002928224 -0.344397455 -0.001765517 -0.002929836 0.999994099 10.616747856
0.999998093 0.000631673 0.001833778 0.210417166 -0.000637249 0.999995112 0.003041167 -0.354363441 -0.001831848 -0.003042330 0.999993682 10.975340843
0.999998152 0.000497162 0.001830286 0.220257640 -0.000503164 0.999994516 0.003280644 -0.368076116 -0.001828645 -0.003281560 0.999992907 11.342304230
0.999997556 0.000916678 0.002023271 0.226976961 -0.000923247 0.999994338 0.003248185 -0.374262989 -0.002020282 -0.003250045 0.999992669 11.722670555
0.999998271 0.000518328 0.001802741 0.244700283 -0.000524681 0.999993742 0.003525414 -0.393768281 -0.001800902 -0.003526354 0.999992192 12.106669426
0.999997497 0.001111324 0.001969997 0.252300680 -0.001118689 0.999992430 0.003741628 -0.402952105 -0.001965824 -0.003743822 0.999991059 12.491865158
0.999998033 0.000687913 0.001926423 0.254392326 -0.000695034 0.999993026 0.003698060 -0.420193434 -0.001923865 -0.003699392 0.999991298 12.856948853
0.999997914 0.000929031 0.001841268 0.268981695 -0.000936062 0.999992251 0.003821256 -0.431220531 -0.001837704 -0.003822972 0.999991000 13.264633179
0.999997556 0.000944018 0.002018104 0.279346973 -0.000951830 0.999992013 0.003873102 -0.443419605 -0.002014431 -0.003875013 0.999990463 13.668368340
0.999995649 0.001401566 0.002580957 0.279803574 -0.001412787 0.999989510 0.004350963 -0.455257893 -0.002574831 -0.004354591 0.999987245 14.080820084
0.999995112 0.001422012 0.002795502 0.299327493 -0.001433311 0.999990702 0.004044181 -0.468531013 -0.002789726 -0.004048168 0.999987900 14.518886566
0.999995649 0.000711895 0.002833720 0.306639642 -0.000725425 0.999988317 0.004776509 -0.497862309 -0.002830287 -0.004778544 0.999984562 14.890402794
0.999994993 0.000561220 0.003105303 0.315586597 -0.000576662 0.999987483 0.004973953 -0.511575341 -0.003102472 -0.004975719 0.999982774 15.324621201
0.999993384 0.000862739 0.003536776 0.326464802 -0.000880717 0.999986708 0.005084705 -0.529001713 -0.003532342 -0.005087785 0.999980807 15.768338203
0.999992251 0.000973885 0.003812642 0.340333402 -0.000993775 0.999986053 0.005218596 -0.541140497 -0.003807506 -0.005222344 0.999979079 16.213769913
0.999992311 0.000776780 0.003821479 0.351700038 -0.000795386 0.999987841 0.004869767 -0.550327182 -0.003817650 -0.004872769 0.999980867 16.646524429
0.999992251 0.000497268 0.003891671 0.360416591 -0.000515984 0.999988317 0.004809675 -0.559975147 -0.003889234 -0.004811645 0.999980867 17.118116379
0.999987841 0.001288942 0.004747966 0.366302520 -0.001311718 0.999987602 0.004797089 -0.566105664 -0.004741725 -0.004803258 0.999977291 17.591861725
0.999986470 0.001373882 0.005021837 0.383945465 -0.001401081 0.999984324 0.005416527 -0.595074117 -0.005014317 -0.005423489 0.999972701 18.021844864
0.999984205 0.001736896 0.005354946 0.394508153 -0.001764311 0.999985337 0.005119063 -0.603685260 -0.005345976 -0.005128429 0.999972522 18.490804672
0.999983966 0.001997700 0.005305168 0.410124153 -0.002026862 0.999982774 0.005497191 -0.620780587 -0.005294094 -0.005507856 0.999970853 18.954586029
0.999984503 0.001259722 0.005425157 0.429235399 -0.001291443 0.999982059 0.005847521 -0.639680624 -0.005417694 -0.005854436 0.999968171 19.419095993
0.999985814 0.001511890 0.005117415 0.447001249 -0.001543893 0.999979198 0.006255528 -0.655581832 -0.005107850 -0.006263340 0.999967337 19.895229340
0.999986351 0.001045648 0.005123182 0.462744415 -0.001076163 0.999981701 0.005957173 -0.663213551 -0.005116859 -0.005962606 0.999969184 20.380071640
0.999989629 0.000762745 0.004486816 0.474870980 -0.000790625 0.999980390 0.006215304 -0.688845396 -0.004481987 -0.006218786 0.999970615 20.870214462
0.999991000 0.000811572 0.004158943 0.483154476 -0.000837549 0.999980152 0.006248152 -0.695046246 -0.004153790 -0.006251581 0.999971807 21.380788803
0.999990642 0.001351916 0.004094843 0.483286589 -0.001377044 0.999980152 0.006139785 -0.709545732 -0.004086462 -0.006145366 0.999972761 21.894832611
0.999994636 0.000509386 0.003229862 0.510362566 -0.000531279 0.999976873 0.006780915 -0.732449353 -0.003226334 -0.006782594 0.999971807 22.373367310
0.999995947 0.000565273 0.002779283 0.521919489 -0.000584001 0.999977112 0.006742244 -0.742884338 -0.002775408 -0.006743839 0.999973476 22.891469955
0.999996781 0.000432506 0.002478085 0.533064365 -0.000448996 0.999977708 0.006657898 -0.753953278 -0.002475150 -0.006658991 0.999974787 23.386890411
0.999997735 0.000022807 0.002105697 0.540965378 -0.000036630 0.999978364 0.006564903 -0.771443307 -0.002105502 -0.006564965 0.999976277 23.903272629
0.999998748 0.000669396 0.001372791 0.549127817 -0.000678251 0.999978900 0.006459981 -0.774731874 -0.001368438 -0.006460905 0.999978125 24.437044144
0.999999702 0.000384296 0.000576426 0.565621316 -0.000388007 0.999979079 0.006451781 -0.787970364 -0.000573935 -0.006452003 0.999979019 24.964817047
0.999999285 0.001196850 -0.000208459 0.570423007 -0.001195426 0.999976814 0.006700292 -0.797719598 0.000216473 -0.006700039 0.999977529 25.482740402
0.999999404 0.001029250 -0.000249766 0.580680490 -0.001027486 0.999975145 0.006962952 -0.810087383 0.000256926 -0.006962692 0.999975681 26.038841248
0.999999642 0.000350762 -0.000770445 0.583358586 -0.000345158 0.999973595 0.007262801 -0.822996795 0.000772972 -0.007262534 0.999973297 26.554330826
0.999998868 0.000196898 -0.001466606 0.602123737 -0.000185916 0.999971986 0.007484457 -0.844699383 0.001468039 -0.007484176 0.999970913 27.104486465
0.999997497 0.001838137 -0.001271769 0.595011652 -0.001828427 0.999969482 0.007594445 -0.848561525 0.001285690 -0.007592101 0.999970317 27.621559143
0.999996722 0.001606669 -0.001960342 0.607213318 -0.001591515 0.999969006 0.007707589 -0.860045075 0.001972665 -0.007704444 0.999968410 28.163913727
0.999996126 0.001450245 -0.002343069 0.622649372 -0.001432509 0.999970376 0.007553459 -0.876646399 0.002353954 -0.007550072 0.999968708 28.688743591
0.999995947 0.001457109 -0.002450212 0.632560134 -0.001438950 0.999971628 0.007396450 -0.889941633 0.002460920 -0.007392893 0.999969661 29.226129532
0.999994993 0.001430056 -0.002817943 0.637526691 -0.001407304 0.999966502 0.008059613 -0.901521623 0.002829374 -0.008055608 0.999963522 29.754343033
0.999993324 0.001331541 -0.003393015 0.653091431 -0.001304773 0.999968052 0.007879233 -0.914715052 0.003403398 -0.007874754 0.999963164 30.307273865
0.999993443 0.002076512 -0.002972555 0.645476997 -0.002053268 0.999967456 0.007801425 -0.922967553 0.002988658 -0.007795270 0.999965131 30.828252792
0.999992609 0.001712625 -0.003454141 0.667999089 -0.001683979 0.999964356 0.008279184 -0.942825019 0.003468197 -0.008273305 0.999959707 31.369884491
0.999990225 0.001431395 -0.004173629 0.684020579 -0.001398658 0.999968350 0.007836112 -0.957304418 0.004184713 -0.007830198 0.999960601 31.901082993
0.999990940 0.002448490 -0.003468306 0.668336153 -0.002420278 0.999964118 0.008115125 -0.960666656 0.003488052 -0.008106658 0.999961078 32.398925781
0.999989927 0.002230427 -0.003890824 0.678431392 -0.002200465 0.999967992 0.007688228 -0.973622024 0.003907848 -0.007679588 0.999962986 32.941341400
0.999989212 0.002198195 -0.004095015 0.679615736 -0.002165763 0.999966323 0.007907660 -0.981565833 0.004112259 -0.007898704 0.999960423 33.497379303
0.999988019 0.001669682 -0.004596853 0.688703895 -0.001631620 0.999964416 0.008271309 -0.990011811 0.004610500 -0.008263709 0.999955177 33.977416992
0.999989867 0.001704391 -0.004171943 0.688394606 -0.001667362 0.999959350 0.008863057 -1.003406048 0.004186879 -0.008856012 0.999952018 34.534458160
0.999988556 0.002565801 -0.004030870 0.691414118 -0.002532196 0.999962151 0.008319970 -1.009033442 0.004052065 -0.008309669 0.999957263 35.092197418
0.999989629 0.001962111 -0.004107441 0.702285767 -0.001925343 0.999958277 0.008936385 -1.022541881 0.004124803 -0.008928383 0.999951601 35.632446289
0.999984860 0.003495649 -0.004240497 0.734221935 -0.003460792 0.999960423 0.008199610 -1.064697027 0.004268992 -0.008184810 0.999957383 36.213699341
0.999982059 0.003948505 -0.004508657 0.739734650 -0.003909863 0.999955833 0.008547421 -1.078051209 0.004542206 -0.008529638 0.999953330 36.750717163
0.999981880 0.003173959 -0.005112978 0.751563132 -0.003128723 0.999956131 0.008831141 -1.100404143 0.005140783 -0.008814984 0.999947965 37.289001465
0.999982834 0.003266003 -0.004876384 0.758194804 -0.003221247 0.999952972 0.009157903 -1.115463853 0.004906063 -0.009142037 0.999946237 37.836483002
0.999982953 0.002202678 -0.005394497 0.750958085 -0.002153417 0.999956071 0.009120576 -1.133031368 0.005414350 -0.009108803 0.999943852 38.494647980
0.999983132 0.001755710 -0.005521909 0.760672927 -0.001705550 0.999957323 0.009075292 -1.145738244 0.005537608 -0.009065722 0.999943554 39.035747528
0.999983072 0.001358963 -0.005644074 0.776072741 -0.001304808 0.999953270 0.009587592 -1.166913867 0.005656839 -0.009580065 0.999938130 39.569553375
0.999983490 0.002235316 -0.005287721 0.780699253 -0.002185029 0.999952495 0.009496960 -1.181357384 0.005308699 -0.009485248 0.999940932 40.083927155
0.999983132 0.002572022 -0.005192499 0.769022346 -0.002524275 0.999954760 0.009181116 -1.183188677 0.005215877 -0.009167855 0.999944389 40.678440094
0.999981165 0.000012827 -0.006133196 0.767745852 0.000045599 0.999954641 0.009525956 -1.190595388 0.006133040 -0.009526055 0.999935746 41.199584961
0.999979734 -0.000153110 -0.006358126 0.781704366 0.000212456 0.999956489 0.009334324 -1.201569200 0.006356420 -0.009335486 0.999936163 41.749042511
0.999978781 -0.000378164 -0.006500505 0.798515558 0.000441372 0.999952674 0.009724981 -1.219185114 0.006496519 -0.009727644 0.999931514 42.287750244
0.999977529 -0.000443413 -0.006673887 0.799833179 0.000510381 0.999949515 0.010035885 -1.223866701 0.006669101 -0.010039067 0.999927342 42.838661194
0.999975622 0.000405355 -0.006962003 0.829121947 -0.000336540 0.999951065 0.009882782 -1.270660877 0.006965668 -0.009880199 0.999926925 43.354351044
0.999974430 -0.000047116 -0.007154043 0.842438817 0.000118486 0.999950230 0.009976156 -1.289210320 0.007153216 -0.009976751 0.999924600 43.901676178
0.999974668 0.000242781 -0.007113970 0.838939667 -0.000170954 0.999949038 0.010095386 -1.294356823 0.007116058 -0.010093913 0.999923646 44.443592072
0.999977529 -0.000154124 -0.006702687 0.835475266 0.000221470 0.999949515 0.010047973 -1.297417164 0.006700800 -0.010049236 0.999927044 44.976684570
0.999975026 -0.000214152 -0.007056220 0.841543138 0.000285368 0.999949038 0.010093126 -1.302327871 0.007053699 -0.010094887 0.999924183 45.536922455
0.999975741 0.000639363 -0.006935330 0.840611160 -0.000571843 0.999952555 0.009733266 -1.312359214 0.006941223 -0.009729064 0.999928594 46.069751740
0.999972224 0.000143226 -0.007455634 0.871481776 -0.000064705 0.999944568 0.010530988 -1.338222265 0.007456729 -0.010530210 0.999916792 46.580184937
0.999978423 0.001546439 -0.006380155 0.852637470 -0.001478261 0.999941885 0.010676782 -1.356472969 0.006396295 -0.010667122 0.999922633 47.090576172
0.999975145 0.000831308 -0.006991494 0.867746949 -0.000756441 0.999942422 0.010704101 -1.366193652 0.006999990 -0.010698545 0.999918282 47.647991180
0.999972463 0.000546149 -0.007394435 0.885353804 -0.000467818 0.999943793 0.010590889 -1.373115301 0.007399803 -0.010587137 0.999916613 48.194526672
0.999976456 0.000796996 -0.006805532 0.858258605 -0.000720667 0.999936879 0.011210717 -1.394259572 0.006814037 -0.011205547 0.999913990 48.779239655
0.999973536 0.000712808 -0.007236598 0.899608254 -0.000634981 0.999942005 0.010751316 -1.395537615 0.007243842 -0.010746438 0.999916017 49.291820526
0.999976099 0.000836728 -0.006856848 0.879395425 -0.000757890 0.999933600 0.011492308 -1.423549175 0.006866010 -0.011486838 0.999910474 49.829227448
0.999975562 0.000517868 -0.006970112 0.891834199 -0.000439030 0.999935985 0.011307704 -1.433555365 0.006975521 -0.011304367 0.999911845 50.369918823
0.999977231 0.001090363 -0.006655271 0.889824986 -0.001011512 0.999929368 0.011839905 -1.455760956 0.006667711 -0.011832902 0.999907732 50.941139221
0.999974072 0.000488570 -0.007197172 0.910530150 -0.000403208 0.999929607 0.011857199 -1.455071568 0.007202459 -0.011853988 0.999903798 51.450263977
0.999977887 0.001713113 -0.006421888 0.900357246 -0.001637612 0.999929726 0.011743610 -1.467266679 0.006441555 -0.011732833 0.999910355 52.020309448
0.999977171 0.001525489 -0.006586424 0.909940124 -0.001447497 0.999928951 0.011829843 -1.477214813 0.006604003 -0.011820039 0.999908328 52.565959930
0.999974430 0.001626796 -0.006963203 0.919518948 -0.001544776 0.999929547 0.011768327 -1.488125801 0.006981858 -0.011757270 0.999906600 53.120788574
0.999977469 0.002132011 -0.006365232 0.921837330 -0.002061232 0.999936223 0.011105480 -1.491455555 0.006388503 -0.011092108 0.999918044 53.651992798
0.999978065 0.002139089 -0.006261082 0.938109994 -0.002067409 0.999932408 0.011432650 -1.503696680 0.006285115 -0.011419456 0.999915063 54.218959808
0.999980152 0.002392531 -0.005830931 0.931468666 -0.002324841 0.999930143 0.011587935 -1.518032789 0.005858248 -0.011574148 0.999915838 54.735355377
0.999978840 0.002049036 -0.006171605 0.944464743 -0.001975855 0.999928057 0.011840458 -1.528483629 0.006195422 -0.011828016 0.999910831 55.266490936
0.999977708 0.001907035 -0.006405199 0.951596737 -0.001829739 0.999925673 0.012051960 -1.535474777 0.006427707 -0.012039971 0.999906898 55.817070007
0.999980748 0.001835895 -0.005922038 0.959580183 -0.001765078 0.999927163 0.011941448 -1.549731255 0.005943529 -0.011930766 0.999911189 56.362010956
0.999979496 0.002879819 -0.005719376 0.973124027 -0.002810782 0.999923527 0.012042437 -1.552327156 0.005753619 -0.012026116 0.999911129 56.769577026
0.999976814 0.001977554 -0.006512544 0.978007615 -0.001902569 0.999931991 0.011500008 -1.541887999 0.006534843 -0.011487351 0.999912620 57.512386322
0.999981761 0.002763935 -0.005388054 0.974673033 -0.002699688 0.999925613 0.011895052 -1.562150478 0.005420529 -0.011880288 0.999914706 57.884094238
0.999980807 0.003174561 -0.005306037 0.984758615 -0.003109145 0.999919713 0.012291738 -1.581875443 0.005344631 -0.012275008 0.999910295 58.409900665
0.999980092 0.003319449 -0.005348446 0.996870160 -0.003254843 0.999922097 0.012043218 -1.592403889 0.005388006 -0.012025573 0.999913096 58.940795898
0.999980450 0.003742853 -0.005010393 0.992651582 -0.003682812 0.999921858 0.011939306 -1.603366375 0.005054689 -0.011920621 0.999916136 59.492572784
0.999981105 0.003332266 -0.005154498 1.010946035 -0.003270881 0.999924123 0.011871984 -1.598598242 0.005193667 -0.011854901 0.999916255 60.068393707
0.999980927 0.003983808 -0.004723228 1.023143291 -0.003926149 0.999918401 0.012154581 -1.631543159 0.004771262 -0.012135807 0.999914944 60.575431824
0.999979377 0.004685184 -0.004407304 1.018505931 -0.004630808 0.999914050 0.012267762 -1.634805202 0.004464402 -0.012247100 0.999915004 61.156280518
0.999980867 0.003115097 -0.005346601 1.018684983 -0.003050906 0.999923646 0.011972296 -1.633803368 0.005383488 -0.011955757 0.999913990 61.710296631
0.999980211 0.003033771 -0.005525037 1.029608250 -0.002969910 0.999929070 0.011530155 -1.641311646 0.005559626 -0.011513517 0.999918282 62.220336914
0.999979615 0.002633198 -0.005804124 1.035389781 -0.002568245 0.999934316 0.011169820 -1.638397694 0.005833155 -0.011154687 0.999920726 62.784606934
0.999979436 0.003340492 -0.005473049 1.062684655 -0.003268085 0.999907732 0.013185836 -1.679740191 0.005516591 -0.013167679 0.999898076 63.067600250
0.999976814 0.004265853 -0.005297035 1.068440795 -0.004203361 0.999922156 0.011753053 -1.632930279 0.005346758 -0.011730517 0.999916911 63.892478943
0.999976933 0.003577177 -0.005769560 1.072335958 -0.003501999 0.999909580 0.012988073 -1.694802999 0.005815498 -0.012967571 0.999899030 64.157379150
0.999976754 0.004996800 -0.004643479 1.059773922 -0.004930765 0.999888122 0.014125487 -1.713321209 0.004713542 -0.014102263 0.999889433 64.704444885
0.999976814 0.005056140 -0.004555867 1.065229177 -0.004996484 0.999902725 0.013012449 -1.712382078 0.004621218 -0.012989385 0.999904871 65.233665466
0.999979675 0.004752846 -0.004240309 1.077457905 -0.004695523 0.999898791 0.013427829 -1.709207296 0.004303700 -0.013407648 0.999900877 65.837867737
0.999977708 0.004680337 -0.004756190 1.084375501 -0.004619025 0.999907017 0.012821647 -1.726916313 0.004815759 -0.012799392 0.999906421 66.327445984
0.999979138 0.003909815 -0.005136182 1.103471756 -0.003844279 0.999911845 0.012708408 -1.737513781 0.005185418 -0.012688396 0.999906003 66.857208252
0.999977410 0.004478125 -0.005037150 1.092835426 -0.004410818 0.999901831 0.013294693 -1.766820669 0.005096192 -0.013272173 0.999898911 67.224914551
0.999974668 0.005098735 -0.004957455 1.118873835 -0.005035214 0.999906123 0.012742485 -1.747927666 0.005021960 -0.012717200 0.999906480 67.950027466
0.999975502 0.004993150 -0.004904951 1.106441975 -0.004927410 0.999899089 0.013324676 -1.779350281 0.004970988 -0.013300183 0.999899149 68.337669373
0.999977469 0.003980309 -0.005411444 1.126037002 -0.003910006 0.999908566 0.012940665 -1.783991575 0.005462457 -0.012919215 0.999901593 68.860153198
0.999974370 0.005468500 -0.004611650 1.153235316 -0.005405093 0.999892175 0.013651528 -1.795349598 0.004685805 -0.013626251 0.999896169 69.178115845
0.999976575 0.004507545 -0.005139848 1.117530942 -0.004439480 0.999903321 0.013177790 -1.781592965 0.005198751 -0.013154665 0.999899924 69.969291687
0.999971688 0.005742698 -0.004860729 1.178561211 -0.005678032 0.999896526 0.013214554 -1.806891918 0.004936113 -0.013186581 0.999900818 70.272201538
0.999975979 0.005250724 -0.004551737 1.175570607 -0.005188749 0.999895036 0.013522568 -1.829428673 0.004622263 -0.013498624 0.999898136 70.724433899
0.999973416 0.005376207 -0.004920811 1.200544357 -0.005312365 0.999902666 0.012896352 -1.821326017 0.004989665 -0.012869868 0.999904692 71.328804016
0.999977231 0.005121825 -0.004392199 1.184634566 -0.005062858 0.999898314 0.013332917 -1.848535895 0.004460041 -0.013310375 0.999901474 71.836204529
0.999976218 0.005238555 -0.004492379 1.193896532 -0.005177454 0.999895394 0.013506578 -1.855128288 0.004562665 -0.013482997 0.999898732 72.380226135
0.999977946 0.005168899 -0.004168867 1.187553644 -0.005112396 0.999896467 0.013452454 -1.879663467 0.004237969 -0.013430845 0.999900758 72.970283508
0.999977589 0.005260735 -0.004150763 1.205466509 -0.005203982 0.999894440 0.013567250 -1.873448610 0.004221698 -0.013545344 0.999899387 73.483802795
0.999977171 0.005382619 -0.004075979 1.204207659 -0.005329249 0.999901295 0.012993357 -1.892924905 0.004145514 -0.012971339 0.999907255 74.101989746
0.999978840 0.005077548 -0.004082842 1.216822982 -0.005023928 0.999902308 0.013037785 -1.901405334 0.004148643 -0.013016998 0.999906659 74.638320923
0.999979377 0.004693855 -0.004381539 1.229944468 -0.004636543 0.999904692 0.013000042 -1.912868738 0.004442141 -0.012979460 0.999905884 75.162292480
0.999974012 0.006012510 -0.003959890 1.243476629 -0.005962295 0.999903202 0.012572818 -1.922300816 0.004035101 -0.012548882 0.999913096 75.857803345
0.999978006 0.005333422 -0.003931504 1.232870460 -0.005282635 0.999903858 0.012816899 -1.917208552 0.003999483 -0.012795851 0.999910057 76.294425964
0.999973655 0.006293529 -0.003648410 1.239471555 -0.006246155 0.999897897 0.012854122 -1.941402435 0.003728935 -0.012830991 0.999910712 76.955924988
0.999976218 0.006030974 -0.003350113 1.249960899 -0.005988313 0.999902666 0.012601539 -1.946526885 0.003425786 -0.012581179 0.999915004 77.500556946
0.999976814 0.005936265 -0.003339337 1.264478087 -0.005893818 0.999903619 0.012580567 -1.949898958 0.003413695 -0.012560596 0.999915302 78.080757141
0.999974906 0.006196827 -0.003429227 1.276920915 -0.006153912 0.999904275 0.012386836 -1.961412430 0.003505658 -0.012365421 0.999917388 78.628532410
0.999973953 0.006537539 -0.003055262 1.282096505 -0.006498937 0.999901056 0.012477714 -1.973278046 0.003136533 -0.012457533 0.999917507 79.179252625
0.999976277 0.006293660 -0.002796170 1.294250607 -0.006258519 0.999903500 0.012402914 -1.977934361 0.002873959 -0.012385121 0.999919176 79.746673584
0.999978423 0.006367771 -0.001624043 1.301905155 -0.006347710 0.999906957 0.012071968 -1.986022711 0.001700764 -0.012061401 0.999925733 80.303321838
0.999983132 0.005779423 -0.000529643 1.320316434 -0.005772616 0.999910593 0.012059949 -1.997450113 0.000599295 -0.012056689 0.999927163 80.853477478
0.999983430 0.005662966 0.001013122 1.338203788 -0.005674885 0.999909759 0.012176080 -2.008688211 -0.000944078 -0.012181627 0.999925315 81.397422791
0.999968827 0.006409690 0.004606340 1.357786655 -0.006466136 0.999902904 0.012345368 -2.025383949 -0.004526763 -0.012374770 0.999913156 81.945739746
0.999945879 0.006083691 0.008443154 1.385239601 -0.006189146 0.999902487 0.012520490 -2.041211128 -0.008366160 -0.012572067 0.999885976 82.469955444
0.999917805 0.005901700 0.011380671 1.404958129 -0.006044738 0.999902666 0.012575353 -2.052855492 -0.011305349 -0.012643114 0.999856174 83.048568726
0.999859869 0.005192477 0.015913639 1.438989878 -0.005394423 0.999905169 0.012673507 -2.055365324 -0.015846323 -0.012757575 0.999793053 83.584732056
0.999735296 0.006241485 0.022144552 1.469761133 -0.006515905 0.999902606 0.012341753 -2.069623470 -0.022065360 -0.012482776 0.999678612 84.185890198
0.999603271 0.006052553 0.027511083 1.506045580 -0.006391626 0.999904513 0.012253744 -2.078554153 -0.027434291 -0.012424722 0.999546349 84.724685669
0.999436915 0.005687567 0.033071995 1.545571566 -0.006084744 0.999910414 0.011921232 -2.086907864 -0.033001233 -0.012115754 0.999381900 85.287963867
0.999138355 0.005955857 0.041074339 1.583817005 -0.006447629 0.999908984 0.011850632 -2.092323303 -0.041000020 -0.012105251 0.999085784 85.862831116
0.998774290 0.005757543 0.049160525 1.634871244 -0.006344706 0.999910295 0.011796095 -2.107959270 -0.049088206 -0.012093546 0.998721242 86.408943176
0.998431087 0.004970702 0.055772383 1.685334682 -0.005633096 0.999915361 0.011725834 -2.114104986 -0.055709381 -0.012021609 0.998374641 86.981483459
0.997953296 0.004153830 0.063811369 1.756644011 -0.004878568 0.999925435 0.011205886 -2.132867336 -0.063760035 -0.011494257 0.997899175 87.503501892
0.997229457 0.004508127 0.074249782 1.819433212 -0.005355041 0.999922812 0.011211167 -2.136648655 -0.074193515 -0.011577721 0.997176588 88.080528259
0.996569276 0.004103983 0.082660593 1.893538952 -0.005050565 0.999924004 0.011245600 -2.151574135 -0.082608156 -0.011624501 0.996514320 88.628082275
0.995857954 0.004203378 0.090825230 1.958182335 -0.005199157 0.999928892 0.010729871 -2.154654026 -0.090773672 -0.011157642 0.995809019 89.203048706
0.994881749 0.003809051 0.100974299 2.037745953 -0.004938697 0.999927938 0.010939832 -2.163744211 -0.100925349 -0.011382520 0.994828999 89.745498657
0.993676066 0.003959277 0.112215206 2.139090538 -0.005234580 0.999925017 0.011072444 -2.189959049 -0.112162940 -0.011589822 0.993622184 90.324539185
0.992632091 0.003435702 0.121118709 2.238377571 -0.004776366 0.999930501 0.010780419 -2.202974081 -0.121073276 -0.011279496 0.992579401 90.874214172
0.991170526 0.003703070 0.132541433 2.321707726 -0.005215690 0.999925196 0.011067077 -2.208907843 -0.132490531 -0.011660654 0.991115570 91.424606323
0.989624560 0.003027683 0.143645495 2.455188751 -0.004681098 0.999926567 0.011173815 -2.235134602 -0.143601134 -0.011730301 0.989566147 91.962860107
0.987969995 0.002633318 0.154623464 2.566565514 -0.004384449 0.999930024 0.010985210 -2.244764328 -0.154583678 -0.011530995 0.987912536 92.531806946
0.986285269 0.002095442 0.165036872 2.686160088 -0.003966475 0.999931514 0.011008305 -2.252918243 -0.165002525 -0.011511942 0.986225963 93.089843750
0.984046400 0.002077705 0.177899435 2.812347412 -0.004036001 0.999935091 0.010646702 -2.260105133 -0.177865759 -0.011194851 0.983991086 93.635627747
0.981735051 0.001513934 0.190247104 2.933864594 -0.003591971 0.999937594 0.010578478 -2.270096064 -0.190219209 -0.011068624 0.981679261 94.187110901
0.979778111 0.000815388 0.200085327 3.070645332 -0.003006875 0.999938726 0.010649120 -2.281401873 -0.200064406 -0.011035405 0.979720592 94.730850220
0.976950288 0.000736532 0.213465363 3.207006454 -0.003134160 0.999935746 0.010893729 -2.296349049 -0.213443607 -0.011311666 0.976889908 95.271392822
0.973972738 0.000117894 0.226664990 3.353368759 -0.002713568 0.999934256 0.011140032 -2.312651396 -0.226648778 -0.011465160 0.973909020 95.801010132
0.971188247 0.000548699 0.238312796 3.486833572 -0.003352272 0.999929845 0.011359132 -2.337007523 -0.238289833 -0.011830747 0.971122026 96.328796387
0.968155503 -0.000160678 0.250349522 3.655445099 -0.002572400 0.999940634 0.010589800 -2.316091299 -0.250336379 -0.010896576 0.968097568 96.903015137
0.964318216 -0.000040698 0.264745831 3.821540833 -0.002957214 0.999935925 0.010925164 -2.327534199 -0.264729291 -0.011318246 0.964256287 97.432594299
0.960709751 0.000681343 0.277554244 3.968358994 -0.003723891 0.999938607 0.010434996 -2.326978922 -0.277530104 -0.011058584 0.960653305 98.045402527
0.957448125 0.000825380 0.288604319 4.155326843 -0.003924600 0.999940634 0.010160174 -2.326552868 -0.288578749 -0.010860497 0.957394540 98.568412781
0.952963173 0.000963528 0.303084910 4.337373734 -0.004295955 0.999937475 0.010328521 -2.343634129 -0.303056031 -0.011144738 0.952907681 99.103866577
0.948474705 0.000500516 0.316852450 4.547065735 -0.003910090 0.999941111 0.010125011 -2.339297533 -0.316828728 -0.010842239 0.948420823 99.646369934
0.944675744 -0.000513441 0.328005224 4.747171402 -0.003052256 0.999941707 0.010355940 -2.350206137 -0.327991515 -0.010784160 0.944619000 100.147102356
0.940156400 -0.000949938 0.340742230 4.956287384 -0.002689820 0.999944270 0.010209288 -2.358338356 -0.340733021 -0.010514862 0.940101326 100.671066284
0.935009897 -0.000702449 0.354620844 5.182947159 -0.003071212 0.999944508 0.010078438 -2.368302584 -0.354608238 -0.010512553 0.934955895 101.187744141
0.930263937 -0.001719774 0.366886854 5.409374237 -0.002121408 0.999947011 0.010066188 -2.376363516 -0.366884738 -0.010142528 0.930211127 101.705360413
0.926009595 -0.002197115 0.377493590 5.639390945 -0.001625833 0.999950528 0.009808229 -2.383653402 -0.377496451 -0.009696256 0.925960183 102.212112427
0.920424640 -0.002169105 0.390914023 5.876750946 -0.001749940 0.999951720 0.009668845 -2.388967276 -0.390916169 -0.009583519 0.920376420 102.718940735
0.914820790 -0.002701614 0.403851002 6.123306274 -0.001295056 0.999952853 0.009622931 -2.396475792 -0.403857946 -0.009326266 0.914774179 103.215660095
0.909871161 -0.003728371 0.414874226 6.381324768 -0.000228369 0.999954998 0.009487187 -2.407018900 -0.414890856 -0.008726862 0.909829319 103.716735840
0.903557658 -0.003868061 0.428449124 6.641830444 -0.000266725 0.999953985 0.009590132 -2.417314053 -0.428466469 -0.008779517 0.903515041 104.205589294
0.896931112 -0.004688994 0.442145497 6.926689148 0.000548625 0.999954820 0.009491682 -2.425281048 -0.442170024 -0.008270813 0.896893144 104.716369629
0.890952349 -0.005099665 0.454068035 7.201835632 0.000864315 0.999954104 0.009534628 -2.434262037 -0.454095811 -0.008102441 0.890915990 105.203125000
0.885495543 -0.006033777 0.464608759 7.480731964 0.001852623 0.999953508 0.009455287 -2.442350388 -0.464644194 -0.007511868 0.885465622 105.673255920
0.878358066 -0.006320439 0.477961510 7.759365082 0.002095859 0.999953806 0.009371536 -2.456491947 -0.477998674 -0.007229823 0.878330767 106.136199951
0.871347487 -0.007059383 0.490615577 8.065025330 0.002921292 0.999953330 0.009199858 -2.455821991 -0.490657717 -0.006583042 0.871327460 106.632286072
