1.000000000 0.000000000 0.000000000 0.000000000 0.000000000 1.000000000 0.000000000 0.000000000 0.000000000 0.000000000 1.000000000 0.000000000
1.000000000 0.000017193 0.000031724 0.000323718 -0.000017196 1.000000000 0.000118339 -0.000715362 -0.000031722 -0.000118340 1.000000000 -0.000348952
1.000000000 0.000025388 -0.000132577 0.001184506 -0.000025380 1.000000000 0.000061300 -0.000636876 0.000132579 -0.000061297 1.000000000 -0.000709582
1.000000000 0.000035600 -0.000041660 0.000052695 -0.000035598 1.000000000 0.000059783 -0.000532107 0.000041662 -0.000059782 1.000000000 0.000615603
1.000000000 0.000025361 -0.000035110 -0.000343814 -0.000025360 1.000000000 0.000019794 -0.000066697 0.000035111 -0.000019793 1.000000000 -0.000409125
1.000000000 0.000060832 -0.000057530 -0.000206898 -0.000060833 1.000000000 -0.000008268 -0.000249501 0.000057529 0.000008272 1.000000000 -0.000515335
1.000000000 0.000117320 -0.000070090 0.000511648 -0.000117320 1.000000000 0.000000356 -0.000666271 0.000070091 -0.000000348 1.000000000 -0.001191736
1.000000000 0.000012113 -0.000073064 0.000981312 -0.000012116 1.000000000 -0.000039046 0.000101495 0.000073064 0.000039047 1.000000000 -0.000291753
1.000000000 -0.000027996 -0.000034148 0.000799550 0.000027996 1.000000000 -0.000001080 -0.000467251 0.000034148 0.000001079 1.000000000 -0.001358387
1.000000000 -0.000197088 -0.000045556 0.001008113 0.000197085 1.000000000 -0.000059764 0.001410922 0.000045568 0.000059755 1.000000000 0.002352031
1.000000000 -0.000091088 -0.000035911 0.000283023 0.000091088 1.000000000 0.000005717 -0.000026882 0.000035910 -0.000005721 1.000000000 0.001981581
1.000000000 -0.000002688 0.000065061 -0.000639029 0.000002699 1.000000000 -0.000167000 0.001957420 -0.000065061 0.000167000 1.000000000 0.002790119
1.000000000 -0.000115725 0.000012286 -0.000550211 0.000115724 1.000000000 0.000072830 0.000151066 -0.000012294 -0.000072828 1.000000000 0.001503080
1.000000000 -0.000053747 0.000015804 -0.000415007 0.000053746 1.000000000 0.000088688 0.000043874 -0.000015809 -0.000088687 1.000000000 0.001456305
1.000000000 -0.000139600 -0.000115338 0.000870796 0.000139608 1.000000000 0.000069411 -0.000708153 0.000115328 -0.000069427 1.000000000 0.000260626
1.000000000 0.000010323 -0.000040316 -0.000351337 -0.000010322 1.000000000 0.000006251 -0.000379051 0.000040316 -0.000006250 1.000000000 -0.000368487
1.000000000 0.000155187 0.000111062 -0.001548938 -0.000155195 1.000000000 0.000072703 -0.000064992 -0.000111050 -0.000072720 1.000000000 0.001222665
1.000000000 -0.000051542 -0.000184549 0.000796412 0.000051528 1.000000000 -0.000074056 0.000582533 0.000184553 0.000074046 1.000000000 0.000732145
1.000000000 -0.000083200 -0.000025662 0.000163773 0.000083201 1.000000000 0.000041335 -0.000536698 0.000025659 -0.000041337 1.000000000 0.000697167
1.000000000 0.000045124 0.000104489 -0.000321773 -0.000045126 1.000000000 0.000013916 -0.000115949 -0.000104488 -0.000013921 1.000000000 0.001198257
1.000000000 0.000076686 0.000017725 -0.000937342 -0.000076685 1.000000000 -0.000082115 0.000670531 -0.000017732 0.000082113 1.000000000 0.001758744
1.000000000 -0.000141005 -0.000086021 0.000323219 0.000141002 1.000000000 -0.000040026 0.000760534 0.000086026 0.000040014 1.000000000 0.000361717
1.000000000 -0.000067136 -0.000064156 0.001163345 0.000067138 1.000000000 0.000038746 0.000119838 0.000064154 -0.000038750 1.000000000 0.001557310
1.000000000 0.000043954 0.000149567 -0.000629887 -0.000043955 1.000000000 0.000011659 0.000779389 -0.000149567 -0.000011665 1.000000000 0.000138710
1.000000000 -0.000027572 -0.000109223 0.001108856 0.000027571 1.000000000 -0.000009093 0.000602462 0.000109223 0.000009090 1.000000000 0.001240984
1.000000000 0.000046291 -0.000011925 -0.000171903 -0.000046292 1.000000000 -0.000126091 0.001192166 0.000011919 0.000126091 1.000000000 0.000321710
1.000000000 0.000069732 0.000161127 -0.001016436 -0.000069713 1.000000000 -0.000118440 0.000490220 -0.000161135 0.000118429 1.000000000 -0.000516108
1.000000000 -0.000037364 -0.000048147 0.000098260 0.000037358 1.000000000 -0.000115509 0.000647692 0.000048151 0.000115508 1.000000000 0.000166215
1.000000000 -0.000043105 -0.000040481 -0.000905535 0.000043104 1.000000000 -0.000016038 0.001482756 0.000040482 0.000016036 1.000000000 0.002463636
1.000000000 0.000021718 0.000163568 -0.001673192 -0.000021710 1.000000000 -0.000047226 0.001170113 -0.000163569 0.000047222 1.000000000 0.001680601
1.000000000 -0.000073389 -0.000065341 0.000138739 0.000073388 1.000000000 -0.000019221 0.001038623 0.000065343 0.000019216 1.000000000 0.000657534
1.000000000 0.000074766 0.000101782 -0.001711011 -0.000074774 1.000000000 0.000075233 0.000096853 -0.000101776 -0.000075241 1.000000000 0.001408485
1.000000000 0.000027689 0.000115119 -0.001308037 -0.000027683 1.000000000 -0.000056387 0.000620386 -0.000115120 0.000056384 1.000000000 0.002434418
1.000000000 -0.000074331 0.000010335 -0.000598584 0.000074331 1.000000000 0.000019587 0.000864463 -0.000010336 -0.000019586 1.000000000 0.001868346
1.000000000 0.000006598 0.000105790 -0.001388682 -0.000006590 1.000000000 -0.000079637 0.002173628 -0.000105791 0.000079636 1.000000000 0.003659094
1.000000000 0.000118273 0.000144590 -0.002332169 -0.000118267 1.000000000 -0.000040481 0.002436391 -0.000144595 0.000040464 1.000000000 0.003688351
1.000000000 -0.000180926 0.000007890 -0.000695883 0.000180926 1.000000000 0.000012904 0.000923255 -0.000007892 -0.000012902 1.000000000 0.002114876
1.000000000 -0.000069273 0.000045662 -0.000952860 0.000069269 1.000000000 0.000095617 0.000723794 -0.000045669 -0.000095614 1.000000000 0.001694504
1.000000000 -0.000108530 0.000015021 -0.000403483 0.000108530 1.000000000 -0.000008222 0.001008192 -0.000015020 0.000008224 1.000000000 0.001582601
0.999999940 -0.000016003 0.000245186 -0.001788455 0.000016001 1.000000000 0.000011382 -0.000360032 -0.000245186 -0.000011378 0.999999940 0.002075455
0.999999940 -0.000090542 0.000317723 -0.001377702 0.000090759 0.999999762 -0.000680681 -0.001731966 -0.000317661 0.000680709 0.999999702 0.052277088
0.999999940 0.000198346 0.000214106 -0.000358875 -0.000198066 0.999999106 -0.001306871 -0.004086114 -0.000214365 0.001306829 0.999999106 0.134427965
0.999999881 0.000479810 0.000015176 0.002887821 -0.000479788 0.999998868 -0.001440014 -0.004377380 -0.000015867 0.001440007 0.999998987 0.253891349
0.999999940 0.000308216 0.000066475 0.003935382 -0.000308136 0.999999225 -0.001204402 -0.013262097 -0.000066846 0.001204381 0.999999285 0.382777303
0.999999881 0.000434183 0.000101441 0.006935111 -0.000434078 0.999999344 -0.001032515 -0.016811389 -0.000101889 0.001032470 0.999999464 0.527104676
1.000000000 0.000242302 0.000023398 0.013809553 -0.000242275 0.999999344 -0.001142990 -0.019979261 -0.000023675 0.001142985 0.999999344 0.681378305
1.000000000 0.000127980 0.000178919 0.015969433 -0.000127785 0.999999404 -0.001091139 -0.020376975 -0.000179058 0.001091116 0.999999404 0.853281021
0.999999881 0.000482839 0.000200724 0.015649285 -0.000482680 0.999999583 -0.000788033 -0.026909577 -0.000201104 0.000787936 0.999999642 1.017720342
1.000000000 0.000015535 0.000235707 0.018309815 -0.000015481 1.000000000 -0.000228832 -0.035693441 -0.000235711 0.000228828 0.999999940 1.188838243
0.999999940 0.000395533 0.000098658 0.020621620 -0.000395494 0.999999821 -0.000402803 -0.037435029 -0.000098817 0.000402764 0.999999940 1.375708342
0.999999821 0.000557805 -0.000089774 0.031032551 -0.000557841 0.999999762 -0.000398359 -0.044427905 0.000089552 0.000398409 0.999999940 1.577515960
0.999998927 0.001208101 0.000849858 0.021996487 -0.001207751 0.999999166 -0.000411524 -0.048803862 -0.000850355 0.000410497 0.999999583 1.768356085
0.999999881 0.000515365 -0.000085498 0.042039521 -0.000515426 0.999999583 -0.000722051 -0.046786502 0.000085126 0.000722095 0.999999762 1.962336659
0.999999583 0.000540477 0.000704459 0.032233201 -0.000540008 0.999999642 -0.000665825 -0.053188268 -0.000704818 0.000665444 0.999999523 2.184125185
0.999999285 0.000777528 0.000891677 0.030779693 -0.000777070 0.999999583 -0.000514061 -0.065478735 -0.000892076 0.000513368 0.999999464 2.388094187
0.999993682 0.003133007 0.001678269 0.033874404 -0.003132745 0.999994993 -0.000158154 -0.081467904 -0.001678756 0.000152896 0.999998510 2.578907013
0.999994874 0.002504808 0.001977611 0.041639995 -0.002505289 0.999996781 0.000241114 -0.093404591 -0.001977001 -0.000246067 0.999997973 2.798993587
0.999992609 0.003441400 0.001786384 0.041661151 -0.003441361 0.999994099 -0.000024907 -0.096702047 -0.001786459 0.000018759 0.999998391 3.038034916
0.999993682 0.003179748 0.001555781 0.051778995 -0.003179235 0.999994874 -0.000331868 -0.100592688 -0.001556828 0.000326919 0.999998689 3.274195194
0.999994814 0.002756599 0.001693995 0.056133319 -0.002756773 0.999996185 0.000100838 -0.113128796 -0.001693710 -0.000105508 0.999998510 3.510283470
0.999994516 0.002961569 0.001454753 0.062653564 -0.002961185 0.999995589 -0.000265544 -0.111841530 -0.001455533 0.000261235 0.999998868 3.782935143
0.999994218 0.002992897 0.001608943 0.064577624 -0.002991894 0.999995232 -0.000625300 -0.116477266 -0.001610806 0.000620483 0.999998569 4.045008183
0.999993622 0.003207889 0.001625424 0.068708599 -0.003207679 0.999994874 -0.000132192 -0.124016494 -0.001625839 0.000126977 0.999998689 4.297827244
0.999992847 0.003207234 0.002013315 0.070603065 -0.003207267 0.999994814 0.000013179 -0.130130783 -0.002013262 -0.000019636 0.999998033 4.548595428
0.999993324 0.003255608 0.001659423 0.082898401 -0.003254984 0.999994636 -0.000377973 -0.132411405 -0.001660645 0.000372569 0.999998569 4.807738781
0.999993563 0.003184297 0.001657697 0.087009318 -0.003183309 0.999994814 -0.000598514 -0.135749608 -0.001659594 0.000593233 0.999998510 5.071895123
0.999991775 0.003535392 0.002016776 0.090034515 -0.003534047 0.999993563 -0.000669971 -0.147235036 -0.002019132 0.000662838 0.999997735 5.329780102
0.999993920 0.003091593 0.001597931 0.102922298 -0.003091247 0.999995172 -0.000218528 -0.157843292 -0.001598599 0.000213587 0.999998629 5.598697186
0.999992311 0.003453991 0.001834693 0.106147118 -0.003453433 0.999993980 -0.000306571 -0.166247874 -0.001835741 0.000300233 0.999998212 5.867603779
0.999994218 0.002902539 0.001746610 0.114417978 -0.002901887 0.999995708 -0.000375439 -0.171983570 -0.001747692 0.000370369 0.999998331 6.144758224
0.999992311 0.003552702 0.001629200 0.121571302 -0.003552412 0.999993622 -0.000180925 -0.180855334 -0.001629833 0.000175136 0.999998629 6.423373222
0.999991953 0.003601155 0.001743192 0.125195637 -0.003600090 0.999993384 -0.000613524 -0.186550573 -0.001745390 0.000607244 0.999998331 6.717525005
0.999991238 0.003694523 0.001981842 0.131817728 -0.003693622 0.999993086 -0.000458162 -0.196173236 -0.001983521 0.000450838 0.999997914 7.004096985
0.999993145 0.003227978 0.001807460 0.143186986 -0.003227684 0.999994755 -0.000165842 -0.211413234 -0.001807986 0.000160007 0.999998271 7.293990135
0.999992430 0.003459193 0.001772746 0.151910588 -0.003458568 0.999994099 -0.000355054 -0.218394652 -0.001773964 0.000348920 0.999998391 7.611701965
0.999993801 0.003128135 0.001606127 0.163370743 -0.003128952 0.999994993 0.000506326 -0.235909253 -0.001604535 -0.000511348 0.999998629 7.919810295
0.999991655 0.003652822 0.001816813 0.168598339 -0.003652747 0.999993384 -0.000044800 -0.238573283 -0.001816964 0.000038163 0.999998450 8.240410805
0.999989927 0.003917620 0.002157331 0.164321825 -0.003917259 0.999992251 -0.000171468 -0.248427659 -0.002157986 0.000163016 0.999997735 8.575179100
0.999992490 0.003241799 0.002081927 0.178352714 -0.003241921 0.999994755 0.000055178 -0.255974323 -0.002081737 -0.000061927 0.999997854 8.898791313
0.999994993 0.002614961 0.001738904 0.193810716 -0.002615405 0.999996543 0.000253388 -0.271805465 -0.001738235 -0.000257935 0.999998510 9.228795052
0.999993205 0.003033254 0.002039708 0.193667069 -0.003033686 0.999995410 0.000209094 -0.279435366 -0.002039064 -0.000215280 0.999997914 9.578292847
0.999993145 0.003105152 0.002003128 0.202861398 -0.003106187 0.999995053 0.000513559 -0.288268238 -0.002001524 -0.000519777 0.999997914 9.920907021
0.999993980 0.003147807 0.001476378 0.213701651 -0.003147860 0.999995053 0.000033112 -0.296946228 -0.001476266 -0.000037759 0.999998927 10.284544945
0.999993324 0.003184925 0.001794219 0.222170189 -0.003185408 0.999994874 0.000266240 -0.309912652 -0.001793362 -0.000271953 0.999998391 10.638852119
0.999993384 0.003064906 0.001960800 0.227460921 -0.003065147 0.999995232 0.000119962 -0.314793736 -0.001960423 -0.000125971 0.999998033 11.001629829
0.999993145 0.003124309 0.001961579 0.234765187 -0.003124931 0.999995053 0.000314025 -0.332381934 -0.001960588 -0.000320153 0.999997973 11.376861572
0.999991655 0.003070890 0.002676357 0.242594659 -0.003071648 0.999995172 0.000279210 -0.342414677 -0.002675487 -0.000287428 0.999996364 11.749594688
0.999994338 0.002749467 0.001954596 0.253817558 -0.002749772 0.999996185 0.000153198 -0.352408260 -0.001954168 -0.000158572 0.999998093 12.141212463
0.999994576 0.002684199 0.001911017 0.264930218 -0.002684635 0.999996364 0.000225609 -0.364017367 -0.001910405 -0.000230738 0.999998152 12.534753799
0.999994516 0.002718248 0.001906827 0.271842390 -0.002718753 0.999996364 0.000262240 -0.373079896 -0.001906108 -0.000267423 0.999998152 12.932361603
0.999993145 0.003139822 0.001945580 0.280314416 -0.003140045 0.999995053 0.000111609 -0.383282632 -0.001945221 -0.000117718 0.999998033 13.337265968
0.999994934 0.002324654 0.002179561 0.290771365 -0.002324712 0.999997258 0.000023696 -0.391754866 -0.002179500 -0.000028763 0.999997616 13.747591019
0.999993205 0.002939194 0.002288427 0.297579736 -0.002939706 0.999995649 0.000220141 -0.405413508 -0.002287771 -0.000226867 0.999997377 14.165146828
0.999994874 0.002434137 0.002117026 0.313250810 -0.002435266 0.999996960 0.000531016 -0.420690954 -0.002115727 -0.000536169 0.999997616 14.580924034
0.999992669 0.002946627 0.002486560 0.322181404 -0.002948086 0.999995470 0.000583320 -0.432440430 -0.002484830 -0.000590646 0.999996722 15.018589973
0.999991596 0.003128846 0.002649979 0.332035720 -0.003129152 0.999995112 0.000111207 -0.440356582 -0.002649619 -0.000119498 0.999996483 15.457884789
0.999992013 0.002726050 0.002896194 0.343486667 -0.002726735 0.999996245 0.000232638 -0.453696698 -0.002895548 -0.000240534 0.999995708 15.895997047
0.999992490 0.002455515 0.002991018 0.356090277 -0.002457023 0.999996841 0.000500655 -0.466426820 -0.002989781 -0.000508000 0.999995410 16.341270447
0.999989867 0.002858957 0.003462633 0.364660770 -0.002860151 0.999995947 0.000340272 -0.479604930 -0.003461647 -0.000350172 0.999993920 16.788843155
0.999988735 0.002811685 0.003827817 0.375833511 -0.002814592 0.999995768 0.000754365 -0.495767236 -0.003825679 -0.000765130 0.999992371 17.242887497
0.999988317 0.002937520 0.003830177 0.383161336 -0.002939715 0.999995470 0.000567252 -0.502774358 -0.003828494 -0.000578505 0.999992490 17.717819214
0.999986947 0.002784810 0.004284037 0.394938648 -0.002785813 0.999996006 0.000227929 -0.515479565 -0.004283386 -0.000239860 0.999990761 18.179718018
0.999988794 0.002558570 0.004009847 0.412410855 -0.002560922 0.999996543 0.000581390 -0.529546082 -0.004008346 -0.000591652 0.999991775 18.653406143
0.999984384 0.003262123 0.004541268 0.422241151 -0.003264057 0.999994516 0.000418477 -0.543264806 -0.004539879 -0.000433293 0.999989629 19.113803864
0.999986470 0.002330700 0.004655859 0.435923070 -0.002332613 0.999997199 0.000405401 -0.549908340 -0.004654902 -0.000416256 0.999989033 19.606288910
0.999982715 0.002855720 0.005141576 0.443789035 -0.002862166 0.999995053 0.001246721 -0.574391901 -0.005137990 -0.001261416 0.999985993 20.083538055
0.999987304 0.002846129 0.004139991 0.460473001 -0.002849353 0.999995589 0.000772992 -0.587672710 -0.004137773 -0.000784778 0.999991119 20.581081390
0.999984384 0.003569514 0.004276455 0.466752023 -0.003572223 0.999993384 0.000626135 -0.597719908 -0.004274191 -0.000641401 0.999990642 21.081951141
0.999987006 0.003083511 0.004053863 0.478004247 -0.003086560 0.999994934 0.000746279 -0.608219206 -0.004051542 -0.000758782 0.999991477 21.585227966
0.999991119 0.002887059 0.003077902 0.491219223 -0.002890217 0.999995232 0.001022081 -0.631126523 -0.003074938 -0.001030967 0.999994695 22.090457916
0.999993026 0.002831309 0.002462973 0.508050203 -0.002832830 0.999995828 0.000614475 -0.638676703 -0.002461223 -0.000621448 0.999996781 22.600070953
0.999991536 0.003362263 0.002382732 0.507289112 -0.003363412 0.999994218 0.000478109 -0.650792897 -0.002381110 -0.000486119 0.999996960 23.131536484
0.999991655 0.003560280 0.002036014 0.514027536 -0.003560474 0.999993622 0.000091178 -0.665289879 -0.002035675 -0.000098426 0.999997854 23.656002045
0.999997139 0.002165755 0.001001209 0.532811105 -0.002165636 0.999997675 -0.000119794 -0.679363370 -0.001001466 0.000117626 0.999999464 24.178518295
0.999996305 0.002690831 0.000280684 0.540141582 -0.002690954 0.999996245 0.000437593 -0.695706427 -0.000279506 -0.000438347 0.999999881 24.717332840
0.999993682 0.003503198 -0.000442515 0.556154549 -0.003502917 0.999993622 0.000634451 -0.713446975 0.000444735 -0.000632897 0.999999702 25.251514435
0.999993443 0.003509472 -0.000863598 0.564590156 -0.003509027 0.999993742 0.000516642 -0.725876272 0.000865406 -0.000513608 0.999999523 25.802076340
0.999993503 0.003454667 -0.000944540 0.572567344 -0.003453736 0.999993563 0.000985588 -0.745242417 0.000947939 -0.000982319 0.999999106 26.343313217
0.999994814 0.002738586 -0.001677721 0.576739192 -0.002736382 0.999995410 0.001314799 -0.757838786 0.001681314 -0.001310201 0.999997675 26.902542114
0.999994814 0.002715195 -0.001725741 0.586821735 -0.002712420 0.999995112 0.001608267 -0.780789971 0.001730099 -0.001603578 0.999997199 27.445707321
0.999989510 0.004231393 -0.001754903 0.590973318 -0.004229677 0.999990523 0.000981036 -0.791658401 0.001759038 -0.000973604 0.999997914 28.008516312
0.999990404 0.003727901 -0.002305459 0.596356630 -0.003725004 0.999992251 0.001259748 -0.802923203 0.002310137 -0.001251148 0.999996483 28.548351288
0.999990702 0.003525606 -0.002499209 0.604032338 -0.003523052 0.999993205 0.001025509 -0.814490557 0.002502808 -0.001016694 0.999996305 29.089927673
0.999988675 0.003717841 -0.002972662 0.617039859 -0.003712869 0.999991715 0.001676307 -0.838437676 0.002978869 -0.001665251 0.999994159 29.636438370
0.999987125 0.003813802 -0.003333805 0.622863650 -0.003808378 0.999991417 0.001632052 -0.851168275 0.003340001 -0.001619334 0.999993026 30.180778503
0.999985814 0.004112706 -0.003389793 0.635556579 -0.004107481 0.999990404 0.001546768 -0.868759930 0.003396121 -0.001532822 0.999993026 30.722421646
0.999984264 0.004070003 -0.003848432 0.641884267 -0.004064160 0.999990582 0.001524660 -0.883035302 0.003854601 -0.001508995 0.999991417 31.286247253
0.999983251 0.004071034 -0.004107001 0.650982082 -0.004064250 0.999990344 0.001658386 -0.895841539 0.004113713 -0.001641666 0.999990165 31.839395523
0.999982238 0.003848501 -0.004548381 0.663981676 -0.003839798 0.999990761 0.001920454 -0.914921880 0.004555730 -0.001902955 0.999987781 32.384487152
0.999981999 0.004344743 -0.004121732 0.664122403 -0.004337877 0.999989212 0.001673090 -0.922674716 0.004128957 -0.001655180 0.999990106 32.933353424
0.999978364 0.004392518 -0.004890005 0.677876830 -0.004385555 0.999989331 0.001433633 -0.941395223 0.004896250 -0.001412157 0.999987066 33.469333649
0.999980807 0.004219864 -0.004532277 0.682437062 -0.004213265 0.999990046 0.001464818 -0.950667918 0.004538414 -0.001445694 0.999988616 34.042949677
0.999980390 0.004034103 -0.004791879 0.687061548 -0.004026459 0.999990642 0.001603853 -0.966006756 0.004798304 -0.001584528 0.999987245 34.589626312
0.999979794 0.004010325 -0.004929115 0.700823486 -0.004002591 0.999990702 0.001577944 -0.983354151 0.004935397 -0.001558183 0.999986589 35.130737305
0.999983966 0.003600259 -0.004369625 0.703937948 -0.003595261 0.999992847 0.001151165 -0.994816065 0.004373739 -0.001135436 0.999989808 35.676200867
0.999979854 0.004042756 -0.004888949 0.718889117 -0.004033204 0.999989927 0.001962092 -1.023324013 0.004896833 -0.001942334 0.999986053 36.208721161
0.999975979 0.004486206 -0.005285180 0.727829039 -0.004478592 0.999988914 0.001451563 -1.026132703 0.005291634 -0.001427858 0.999984920 36.767032623
0.999973893 0.005007251 -0.005228964 0.734153748 -0.005000167 0.999986529 0.001367258 -1.040088534 0.005235740 -0.001341076 0.999985337 37.311370850
0.999972761 0.004600496 -0.005769561 0.743254185 -0.004592799 0.999988556 0.001346574 -1.057072759 0.005775689 -0.001320039 0.999982476 37.875011444
0.999975026 0.003793661 -0.005959671 0.751717746 -0.003787006 0.999992251 0.001127254 -1.069986939 0.005963900 -0.001104657 0.999981701 38.426372528
0.999972701 0.004374808 -0.005955074 0.760149956 -0.004365703 0.999989331 0.001540965 -1.086180925 0.005961751 -0.001514925 0.999981105 38.976390839
0.999969244 0.004690764 -0.006273638 0.770800948 -0.004681701 0.999987960 0.001458565 -1.101458669 0.006280405 -0.001429149 0.999979258 39.515319824
0.999970913 0.004682505 -0.006020030 0.779778361 -0.004674119 0.999988079 0.001406222 -1.114304423 0.006026544 -0.001378042 0.999980867 40.066036224
0.999966502 0.004748767 -0.006665875 0.798402607 -0.004737095 0.999987245 0.001765828 -1.137988567 0.006674175 -0.001734192 0.999976158 40.615905762
0.999963462 0.004815588 -0.007062416 0.807252705 -0.004802871 0.999986768 0.001816465 -1.154207230 0.007071070 -0.001782478 0.999973416 41.174602509
0.999962449 0.004917772 -0.007134921 0.817777634 -0.004904094 0.999986053 0.001933382 -1.166566849 0.007144330 -0.001898319 0.999972701 41.722549438
0.999959886 0.004727117 -0.007601957 0.836871743 -0.004710339 0.999986470 0.002223425 -1.188565254 0.007612364 -0.002187528 0.999968648 42.263298035
0.999957800 0.005448259 -0.007392807 0.830113649 -0.005434663 0.999983490 0.001858110 -1.193158746 0.007402808 -0.001817854 0.999970973 42.832603455
0.999957442 0.005164851 -0.007636758 0.842192411 -0.005147243 0.999984086 0.002323548 -1.212881327 0.007648637 -0.002284141 0.999968112 43.366535187
0.999953926 0.006005963 -0.007501413 0.848711312 -0.005992223 0.999980271 0.001852990 -1.223687172 0.007512394 -0.001807955 0.999970138 43.924945831
0.999959707 0.004831962 -0.007565970 0.848056912 -0.004814195 0.999985635 0.002364652 -1.242670417 0.007577287 -0.002328133 0.999968588 44.474647522
0.999959290 0.005312946 -0.007299288 0.855268359 -0.005300109 0.999984324 0.001776904 -1.250498176 0.007308614 -0.001738144 0.999971747 45.029811859
0.999961674 0.005600604 -0.006735581 0.857452929 -0.005591249 0.999983430 0.001406840 -1.254039049 0.006743348 -0.001369126 0.999976277 45.559741974
0.999960244 0.004741443 -0.007545798 0.874473810 -0.004720790 0.999985158 0.002752450 -1.292665958 0.007558736 -0.002716719 0.999967754 46.119747162
0.999958038 0.004513278 -0.007978331 0.885507286 -0.004495647 0.999987423 0.002226344 -1.303784251 0.007988278 -0.002190382 0.999965727 46.663776398
0.999954760 0.005365765 -0.007844444 0.898194313 -0.005342689 0.999981344 0.002959493 -1.327062368 0.007860178 -0.002917448 0.999964952 47.198497772
0.999960005 0.004473958 -0.007746800 0.889590621 -0.004456632 0.999987483 0.002252260 -1.328598976 0.007756779 -0.002217645 0.999967456 47.754722595
0.999955893 0.005600024 -0.007548895 0.891512275 -0.005581832 0.999981463 0.002428786 -1.344184041 0.007562357 -0.002386543 0.999968529 48.304370880
0.999955475 0.004744151 -0.008167351 0.914469600 -0.004728744 0.999987066 0.001904675 -1.353330016 0.008176280 -0.001865969 0.999964774 48.842674255
0.999960601 0.004960749 -0.007356271 0.898149371 -0.004939349 0.999983549 0.002924304 -1.371767998 0.007370656 -0.002887854 0.999968588 49.381156921
0.999955297 0.005250169 -0.007853352 0.925647497 -0.005233419 0.999983966 0.002151934 -1.380481362 0.007864524 -0.002110738 0.999966800 49.953540802
0.999954820 0.005492237 -0.007754180 0.928749681 -0.005469692 0.999980688 0.002925778 -1.396661758 0.007770099 -0.002883233 0.999965668 50.501518250
0.999954462 0.006116906 -0.007335522 0.922549129 -0.006099401 0.999978542 0.002406414 -1.404020905 0.007350083 -0.002361562 0.999970198 51.038547516
0.999953508 0.005060551 -0.008205079 0.950595140 -0.005043368 0.999984980 0.002113589 -1.421899319 0.008215653 -0.002072109 0.999964118 51.601547241
0.999948800 0.005269035 -0.008633811 0.956453443 -0.005254627 0.999984741 0.001690651 -1.433946967 0.008642586 -0.001645197 0.999961376 52.144145966
0.999949276 0.004900553 -0.008794701 0.970224500 -0.004888519 0.999987066 0.001389291 -1.450249553 0.008801395 -0.001346227 0.999960423 52.679958344
0.999955177 0.004250604 -0.008457924 0.974784374 -0.004234816 0.999989212 0.001883857 -1.464987516 0.008465841 -0.001847955 0.999962389 53.249389648
0.999953806 0.004311532 -0.008588757 0.977473617 -0.004295270 0.999988973 0.001910811 -1.477856636 0.008596901 -0.001873832 0.999961317 53.800209045
0.999956906 0.004558589 -0.008082870 0.984854579 -0.004547211 0.999988616 0.001425508 -1.490534663 0.008089276 -0.001388692 0.999966323 54.342651367
0.999952376 0.004504327 -0.008643929 0.981610537 -0.004484376 0.999987245 0.002326039 -1.509556174 0.008654295 -0.002287165 0.999959946 54.917247772
0.999952614 0.004231072 -0.008759231 1.000205874 -0.004220343 0.999990344 0.001243071 -1.515249014 0.008764407 -0.001206045 0.999960780 55.453414917
0.999956310 0.004048553 -0.008426522 1.005724311 -0.004036242 0.999990821 0.001477523 -1.532586217 0.008432426 -0.001443447 0.999963343 56.003391266
0.999951363 0.004556022 -0.008744340 1.009644985 -0.004543794 0.999988675 0.001417769 -1.542837501 0.008750700 -0.001377968 0.999960780 56.545345306
0.999954164 0.003740985 -0.008810272 1.028567314 -0.003726061 0.999991596 0.001709695 -1.561656952 0.008816595 -0.001676789 0.999959707 57.081901550
0.999951243 0.004537705 -0.008770025 1.027808070 -0.004526734 0.999988973 0.001270417 -1.569996834 0.008775693 -0.001230655 0.999960721 57.643920898
0.999951959 0.004212638 -0.008857683 1.031255960 -0.004200459 0.999990225 0.001393079 -1.586251736 0.008863466 -0.001355805 0.999959767 58.193019867
0.999950647 0.004555780 -0.008824546 1.043805957 -0.004546319 0.999989092 0.001091912 -1.600260496 0.008829423 -0.001051739 0.999960423 58.736000061
0.999952018 0.004766283 -0.008555498 1.045756340 -0.004755275 0.999987841 0.001306556 -1.614233851 0.008561621 -0.001265810 0.999962568 59.280933380
0.999950826 0.004442196 -0.008870689 1.053494453 -0.004432471 0.999989629 0.001115726 -1.627695799 0.008875552 -0.001076352 0.999960005 59.825725555
0.999946475 0.004738268 -0.009189758 1.060584426 -0.004732208 0.999988556 0.000681059 -1.637584686 0.009192880 -0.000637534 0.999957502 60.376884460
0.999949217 0.005369993 -0.008522409 1.059858084 -0.005361775 0.999985099 0.000986859 -1.652862787 0.008527582 -0.000941113 0.999963164 60.929058075
0.999947667 0.005229563 -0.008793551 1.068569183 -0.005223810 0.999986112 0.000676891 -1.665778399 0.008796969 -0.000630920 0.999961078 61.472484589
0.999944568 0.004945410 -0.009298753 1.080302715 -0.004937994 0.999987483 0.000820327 -1.681328297 0.009302694 -0.000774364 0.999956429 62.013900757
0.999944389 0.005208287 -0.009170210 1.088764191 -0.005203171 0.999986291 0.000581596 -1.694453001 0.009173114 -0.000533850 0.999957740 62.573246002
0.999942362 0.005490086 -0.009235558 1.096630573 -0.005481290 0.999984503 0.000977420 -1.715520024 0.009240780 -0.000926741 0.999956846 63.117156982
0.999946415 0.005150545 -0.008979660 1.089233160 -0.005140715 0.999986112 0.001117500 -1.728361607 0.008985291 -0.001071278 0.999959052 63.686279297
0.999942482 0.005112672 -0.009421868 1.106644154 -0.005102701 0.999986410 0.001081936 -1.749305129 0.009427272 -0.001033797 0.999954939 64.217849731
0.999943256 0.005303852 -0.009236966 1.107597589 -0.005296655 0.999985695 0.000803503 -1.760658979 0.009241097 -0.000754533 0.999956965 64.771293640
0.999941707 0.005503984 -0.009289474 1.118308306 -0.005491599 0.999984026 0.001358298 -1.774857759 0.009296802 -0.001307205 0.999955952 65.307624817
0.999947369 0.005608461 -0.008590435 1.107835650 -0.005600344 0.999983847 0.000968650 -1.783675313 0.008595728 -0.000920490 0.999962568 65.841209412
0.999938428 0.005260656 -0.009772406 1.142458797 -0.005255661 0.999985993 0.000536776 -1.798093438 0.009775093 -0.000485383 0.999952078 66.398590088
0.999940991 0.005386727 -0.009439958 1.142296314 -0.005385920 0.999985516 0.000110904 -1.806321740 0.009440417 -0.000060054 0.999955416 66.953735352
0.999936163 0.005316008 -0.009975097 1.157728195 -0.005314578 0.999985814 0.000169832 -1.826825142 0.009975860 -0.000116808 0.999950230 67.499710083
0.999931753 0.005301746 -0.010419386 1.173030138 -0.005296131 0.999985814 0.000566393 -1.843883753 0.010422243 -0.000511172 0.999945521 68.041152954
0.999931455 0.005271030 -0.010450489 1.183885455 -0.005260816 0.999985635 0.001004639 -1.864955902 0.010455634 -0.000949592 0.999944866 68.572906494
0.999932051 0.005450376 -0.010305228 1.187906146 -0.005444289 0.999984980 0.000618661 -1.878212929 0.010308444 -0.000562514 0.999946713 69.125640869
0.999932945 0.005801619 -0.010016493 1.179384112 -0.005797601 0.999983072 0.000430215 -1.889190316 0.010018819 -0.000372115 0.999949753 69.680145264
0.999936640 0.005642232 -0.009742867 1.186020136 -0.005638635 0.999983907 0.000396658 -1.900433660 0.009744949 -0.000341696 0.999952495 70.228385925
0.999938428 0.005829768 -0.009445897 1.189592361 -0.005821391 0.999982655 0.000914181 -1.922313213 0.009451063 -0.000859137 0.999954939 70.777587891
0.999932468 0.005490752 -0.010245033 1.200046897 -0.005494222 0.999984980 -0.000310619 -1.923277855 0.010243172 0.000366886 0.999947488 71.321823120
0.999926567 0.005408350 -0.010848385 1.219604969 -0.005410198 0.999985337 -0.000140925 -1.943526626 0.010847464 0.000199606 0.999941170 71.864242554
0.999926031 0.005756498 -0.010716833 1.219627738 -0.005755485 0.999983370 0.000125430 -1.957700372 0.010717378 -0.000063740 0.999942601 72.412429810
0.999930203 0.005740815 -0.010318497 1.220494032 -0.005742751 0.999983490 -0.000157863 -1.973478317 0.010317420 0.000217109 0.999946773 72.957420349
0.999931633 0.005448901 -0.010346938 1.230380416 -0.005446821 0.999985158 0.000229155 -1.994421244 0.010348033 -0.000172782 0.999946475 73.502441406
0.999927878 0.005158222 -0.010837681 1.233629465 -0.005156899 0.999986649 0.000150101 -2.006959200 0.010838309 -0.000094201 0.999941289 74.055107117
0.999929309 0.005782486 -0.010384416 1.234156370 -0.005781842 0.999983251 0.000092078 -2.021058559 0.010384775 -0.000032030 0.999946058 74.577888489
0.999926746 0.005658038 -0.010696603 1.245714188 -0.005654364 0.999984086 0.000373581 -2.037794828 0.010698545 -0.000313072 0.999942660 75.114631653
0.999922931 0.005858482 -0.010942013 1.250430584 -0.005851604 0.999982655 0.000660583 -2.055274248 0.010945694 -0.000596504 0.999939919 75.656280518
0.999925792 0.005477957 -0.010882920 1.255123138 -0.005469549 0.999984741 0.000802250 -2.072594643 0.010887148 -0.000742666 0.999940455 76.206604004
0.999921620 0.005368058 -0.011311907 1.268701196 -0.005363105 0.999985516 0.000468102 -2.084543943 0.011314258 -0.000407399 0.999935925 76.736427307
0.999924958 0.005407709 -0.010996971 1.270473719 -0.005408864 0.999985337 -0.000075254 -2.096239567 0.010996404 0.000134730 0.999939561 77.288543701
0.999928355 0.005148343 -0.010807393 1.271201968 -0.005154325 0.999986589 -0.000525739 -2.101544619 0.010804542 0.000581407 0.999941528 77.847396851
0.999924004 0.004878355 -0.011323034 1.277290106 -0.004871833 0.999987960 0.000603490 -2.135737896 0.011325844 -0.000548281 0.999935687 78.379066467
0.999924958 0.004972857 -0.011198247 1.283872962 -0.004971116 0.999987602 0.000183325 -2.147347927 0.011199019 -0.000127643 0.999937236 78.932350159
0.999925911 0.004786880 -0.011193919 1.287722588 -0.004783252 0.999988556 0.000350823 -2.163326502 0.011195470 -0.000297254 0.999937296 79.471733093
0.999926865 0.005156121 -0.010939401 1.292627573 -0.005152398 0.999986649 0.000368520 -2.181585550 0.010941155 -0.000312129 0.999940097 80.018180847
0.999927163 0.005508120 -0.010739370 1.297350168 -0.005505821 0.999984801 0.000243639 -2.195282698 0.010740548 -0.000184493 0.999942303 80.571235657
0.999933064 0.005341601 -0.010261677 1.313274980 -0.005336318 0.999985635 0.000542164 -2.207906723 0.010264426 -0.000487368 0.999947190 81.117828369
0.999943554 0.005189234 -0.009275183 1.320583463 -0.005184172 0.999986470 0.000569825 -2.226679087 0.009278013 -0.000521709 0.999956846 81.652076721
0.999952376 0.005749223 -0.007879557 1.324588299 -0.005744037 0.999983191 0.000680561 -2.243718624 0.007883337 -0.000635268 0.999968648 82.194900513
0.999961257 0.005739139 -0.006671945 1.334075809 -0.005735051 0.999983311 0.000631718 -2.258890867 0.006675459 -0.000593430 0.999977529 82.737205505
0.999978662 0.005591781 -0.003362133 1.347625494 -0.005589356 0.999984086 0.000730124 -2.274812937 0.003366162 -0.000711317 0.999994040 83.290901184
0.999984384 0.005563421 -0.000669918 1.364905238 -0.005562826 0.999984145 0.000887811 -2.289678812 0.000674848 -0.000884070 0.999999344 83.835319519
0.999974906 0.005929488 0.003880808 1.370268583 -0.005931464 0.999982297 0.000498014 -2.306569815 -0.003877786 -0.000521020 0.999992371 84.390441895
0.999940872 0.006394301 0.008791862 1.390815496 -0.006402654 0.999979138 0.000922432 -2.327341080 -0.008785781 -0.000978669 0.999961019 84.942687988
0.999881089 0.006044958 0.014182556 1.420827508 -0.006054684 0.999981344 0.000642881 -2.342746973 -0.014178408 -0.000728676 0.999899268 85.488372803
0.999781191 0.006188742 0.019978136 1.438290358 -0.006200285 0.999980628 0.000515906 -2.357015371 -0.019974558 -0.000639663 0.999800265 86.038597107
0.999660850 0.005381639 0.025480926 1.474711180 -0.005402097 0.999985158 0.000734092 -2.373737574 -0.025476599 -0.000871494 0.999675035 86.581848145
0.999398887 0.005548096 0.034220263 1.500168443 -0.005584657 0.999983907 0.000972913 -2.390148163 -0.034214318 -0.001163437 0.999413848 87.130958557
0.999084413 0.006159178 0.042336307 1.538334846 -0.006191816 0.999980628 0.000639824 -2.405213118 -0.042331547 -0.000901376 0.999103189 87.677932739
0.998726547 0.006222668 0.050065469 1.571818829 -0.006255544 0.999980271 0.000499981 -2.418712139 -0.050061375 -0.000812531 0.998745739 88.225914001
0.998292923 0.005428966 0.058152623 1.628443956 -0.005452380 0.999985099 0.000243974 -2.428345919 -0.058150433 -0.000560628 0.998307645 88.770843506
0.997644722 0.006313297 0.068303227 1.681755543 -0.006360944 0.999979615 0.000480097 -2.443727016 -0.068298802 -0.000913440 0.997664511 89.323539734
0.997023463 0.005208286 0.076923378 1.738307476 -0.005193865 0.999986470 -0.000387532 -2.446357250 -0.076924354 -0.000013151 0.997036934 89.874969482
0.996381879 0.005514706 0.084809288 1.809121609 -0.005519058 0.999984682 -0.000183143 -2.468419075 -0.084808998 -0.000285587 0.996397197 90.430381775
0.995397389 0.006021452 0.095644109 1.881874561 -0.006026173 0.999981821 -0.000239490 -2.482234240 -0.095643811 -0.000337981 0.995415568 90.975952148
0.994306386 0.006445950 0.106363401 1.956440926 -0.006516452 0.999978662 0.000315311 -2.498583317 -0.106359109 -0.001006627 0.994327247 91.529342651
0.993335783 0.005178676 0.115140125 2.047492027 -0.005202048 0.999986410 -0.000097496 -2.516237497 -0.115139067 -0.000502118 0.993349254 92.059127808
0.991977572 0.005276832 0.126303926 2.139001846 -0.005313971 0.999985993 -0.000042893 -2.528205395 -0.126302376 -0.000628626 0.991991520 92.626403809
0.990422010 0.004655675 0.137995198 2.238394737 -0.004663330 0.999989152 -0.000267837 -2.541492224 -0.137994930 -0.000378245 0.990432799 93.160446167
0.988888502 0.004353730 0.148595035 2.352019310 -0.004385980 0.999990404 -0.000110659 -2.564329624 -0.148594052 -0.000542305 0.988898218 93.720939636
0.987264633 0.004717528 0.159016356 2.454380035 -0.004735807 0.999988794 -0.000264009 -2.578633308 -0.159015805 -0.000492424 0.987275958 94.271018982
0.985113561 0.004114413 0.171855628 2.576556206 -0.004139355 0.999991357 -0.000213219 -2.594566822 -0.171855032 -0.000501327 0.985122144 94.803443909
0.982834101 0.004018605 0.184447810 2.695238113 -0.004054821 0.999991715 -0.000180837 -2.607972622 -0.184447020 -0.000570170 0.982842267 95.341369629
0.980879068 0.003863119 0.194579616 2.819686890 -0.003911191 0.999992430 -0.000137133 -2.623736858 -0.194578633 -0.000626527 0.980886757 95.874534607
0.978097081 0.003902519 0.208112553 2.954963684 -0.003970482 0.999992132 -0.000091161 -2.641216040 -0.208111301 -0.000737143 0.978104889 96.435684204
0.975243211 0.003294773 0.221110374 3.103519440 -0.003339034 0.999994516 -0.000173599 -2.654883623 -0.221109718 -0.000568994 0.975248814 96.962585449
0.972620428 0.003407956 0.232374370 3.245767593 -0.003526219 0.999993801 0.000093547 -2.672464609 -0.232372627 -0.000910388 0.972626448 97.471847534
0.969670057 0.002269192 0.244407654 3.396606445 -0.002325215 0.999997258 -0.000059308 -2.688801050 -0.244407147 -0.000510791 0.969672561 98.016502380
0.966007829 0.002310797 0.258502573 3.557233810 -0.002370941 0.999997199 -0.000079081 -2.699929953 -0.258501977 -0.000536501 0.966010630 98.552482605
0.962579966 0.002113637 0.270989776 3.724039078 -0.002198245 0.999997556 0.000008688 -2.716587067 -0.270989090 -0.000604065 0.962582171 99.064338684
0.959229410 0.002035203 0.282621324 3.892625809 -0.002152920 0.999997675 0.000105956 -2.735514164 -0.282620430 -0.000710097 0.959231555 99.609886169
0.955087066 0.001693611 0.296320409 4.073032379 -0.001870695 0.999998212 0.000314081 -2.750970125 -0.296319366 -0.000854300 0.955088496 100.123023987
0.950679541 0.001859211 0.310169160 4.267599106 -0.001951877 0.999998033 -0.000011600 -2.763144016 -0.310168624 -0.000594384 0.950681448 100.636070251
0.947044909 0.001399856 0.321097851 4.471992493 -0.001447794 0.999998927 -0.000089472 -2.771977425 -0.321097642 -0.000380149 0.947046041 101.172828674
0.942430198 0.000638876 0.334402055 4.677030563 -0.000639821 0.999999881 -0.000107324 -2.791422606 -0.334401995 -0.000112812 0.942430496 101.690689087
0.937379837 0.000724321 0.348308057 4.894762039 -0.000767625 0.999999702 -0.000013679 -2.808565617 -0.348307997 -0.000254548 0.937380075 102.208480835
0.932690978 0.000963827 0.360675275 5.110397339 -0.001077736 0.999999404 0.000114697 -2.827717543 -0.360674918 -0.000495690 0.932691395 102.714469910
0.928177834 0.000018778 0.372136980 5.333757401 0.000038034 0.999999940 -0.000145322 -2.838388920 -0.372136950 0.000149039 0.928177893 103.208183289
0.922174335 0.000092237 0.386774421 5.563529968 -0.000050079 1.000000000 -0.000119076 -2.849389315 -0.386774480 0.000090440 0.922174335 103.743240356
0.916357040 -0.001047167 0.400360584 5.799957275 0.001295943 0.999999106 -0.000350636 -2.857035160 -0.400359809 0.000840152 0.916357636 104.240425110
0.911419570 -0.000934354 0.411477208 6.039604187 0.000957774 0.999999523 0.000149268 -2.883234024 -0.411477089 0.000258056 0.911420107 104.711151123
0.905078769 -0.001612893 0.425240934 6.300743103 0.001678412 0.999998569 0.000220570 -2.894367218 -0.425240695 0.000514096 0.905080140 105.256233215
0.898587763 -0.001692174 0.438790619 6.564182281 0.001634879 0.999998510 0.000508417 -2.916819334 -0.438790917 0.000260512 0.898589134 105.726455688
0.892678201 -0.002231444 0.450689107 6.836864471 0.002502743 0.999996901 -0.000006006 -2.925420523 -0.450687766 0.001133321 0.892680824 106.228713989
0.886761546 -0.002602198 0.462219775 7.078994751 0.002865698 0.999995887 0.000131965 -2.935331345 -0.462218255 0.001207561 0.886765301 106.710128784
0.879660904 -0.002923630 0.475592405 7.364669800 0.003410606 0.999994218 -0.000160984 -2.942823887 -0.475589186 0.001763670 0.879665732 107.197898865
0.872635305 -0.002653953 0.488365203 7.644248962 0.003003432 0.999995410 0.000067655 -2.964344740 -0.488363206 0.001407734 0.872639358 107.657669067
