1.000000000 0.000000000 0.000000000 0.000000000 0.000000000 1.000000000 0.000000000 0.000000000 0.000000000 0.000000000 1.000000000 0.000000000
1.000000000 0.000068366 0.000076840 -0.000900869 -0.000068377 1.000000000 0.000142942 -0.000388482 -0.000076830 -0.000142948 1.000000000 -0.000088343
1.000000000 0.000041353 0.000121583 -0.001078925 -0.000041353 1.000000000 0.000001900 0.000506596 -0.000121583 -0.000001905 1.000000000 -0.000083544
1.000000000 0.000049078 0.000043816 -0.000221940 -0.000049078 1.000000000 -0.000002114 -0.000149625 -0.000043816 0.000002112 1.000000000 0.000250340
1.000000000 0.000104946 0.000175917 -0.001233913 -0.000104964 1.000000000 0.000104607 -0.000528919 -0.000175906 -0.000104625 1.000000000 0.000442775
1.000000000 -0.000088084 0.000021361 -0.000219416 0.000088082 1.000000000 0.000050192 -0.000819047 -0.000021365 -0.000050190 1.000000000 -0.000324437
1.000000000 0.000088377 0.000099663 -0.001260304 -0.000088389 1.000000000 0.000119993 -0.000912709 -0.000099652 -0.000120001 1.000000000 -0.001073209
1.000000000 0.000090972 0.000050930 -0.000741586 -0.000090971 1.000000000 -0.000018924 -0.000074406 -0.000050932 0.000018919 1.000000000 -0.000321502
1.000000000 0.000102484 0.000146806 -0.000993842 -0.000102493 1.000000000 0.000060121 -0.001090356 -0.000146800 -0.000060136 1.000000000 -0.000384707
1.000000000 0.000195133 0.000126015 -0.001373238 -0.000195151 1.000000000 0.000143074 -0.000909383 -0.000125987 -0.000143099 1.000000000 0.000432470
1.000000000 0.000137735 0.000135525 -0.000765729 -0.000137745 1.000000000 0.000073905 -0.000347923 -0.000135514 -0.000073924 1.000000000 0.000588421
1.000000000 0.000118968 0.000119732 -0.000872415 -0.000118975 1.000000000 0.000060958 -0.001010011 -0.000119725 -0.000060973 1.000000000 -0.000143247
1.000000000 0.000081873 0.000081945 -0.000791812 -0.000081876 1.000000000 0.000033199 0.000078673 -0.000081942 -0.000033206 1.000000000 0.000107565
1.000000000 0.000132823 0.000125933 -0.001890306 -0.000132820 1.000000000 -0.000024595 0.000322325 -0.000125936 0.000024578 1.000000000 -0.000253352
1.000000000 0.000184635 0.000105115 -0.000475689 -0.000184638 1.000000000 0.000033725 0.000703948 -0.000105109 -0.000033744 1.000000000 0.000913248
0.999999940 0.000304966 0.000141343 -0.001402392 -0.000304963 0.999999940 -0.000019719 0.000760926 -0.000141349 0.000019676 1.000000000 0.000631211
0.999999940 0.000325602 0.000162646 -0.001582309 -0.000325599 0.999999940 -0.000015576 0.000423654 -0.000162651 0.000015523 1.000000000 0.001466379
0.999999940 0.000213957 0.000173750 -0.001731875 -0.000213956 1.000000000 -0.000010946 0.001212777 -0.000173752 0.000010909 1.000000000 0.002100342
0.999999940 0.000264339 0.000260307 -0.002235305 -0.000264320 0.999999940 -0.000073245 0.001261457 -0.000260326 0.000073176 0.999999940 0.001489938
0.999999940 0.000233449 0.000209473 -0.002115857 -0.000233446 1.000000000 -0.000014544 0.000742372 -0.000209476 0.000014495 1.000000000 0.001990132
0.999999940 0.000293366 0.000128404 -0.001614821 -0.000293358 0.999999940 -0.000059431 0.001246381 -0.000128422 0.000059393 1.000000000 0.001584179
0.999999940 0.000281317 0.000182122 -0.001792847 -0.000281306 0.999999940 -0.000061266 0.001339248 -0.000182139 0.000061215 1.000000000 0.002209765
0.999999940 0.000272638 0.000206252 -0.002257705 -0.000272635 0.999999940 -0.000012476 0.001216649 -0.000206255 0.000012420 1.000000000 0.001469291
0.999999881 0.000411328 0.000174087 -0.002298955 -0.000411328 0.999999940 -0.000002373 0.001291986 -0.000174088 0.000002302 1.000000000 0.002316520
0.999999881 0.000370227 0.000238355 -0.001965157 -0.000370231 0.999999940 0.000016605 0.000605270 -0.000238348 -0.000016693 1.000000000 0.001352780
0.999999940 0.000293194 0.000207123 -0.002226629 -0.000293192 0.999999940 -0.000011871 0.001981242 -0.000207126 0.000011810 1.000000000 0.002282462
0.999999940 0.000295375 0.000161507 -0.001594396 -0.000295390 0.999999940 0.000090390 0.000797105 -0.000161480 -0.000090437 1.000000000 0.001847290
0.999999940 0.000338674 0.000130212 -0.002149659 -0.000338663 0.999999940 -0.000083681 0.001872080 -0.000130241 0.000083637 1.000000000 0.001265586
0.999999940 0.000394262 0.000117270 -0.001803683 -0.000394247 0.999999940 -0.000121893 0.002511451 -0.000117318 0.000121847 1.000000000 0.001509711
0.999999881 0.000435688 0.000241925 -0.001687151 -0.000435680 0.999999881 -0.000032012 0.001310136 -0.000241939 0.000031906 1.000000000 0.002050256
0.999999881 0.000332791 0.000290712 -0.002377885 -0.000332779 0.999999940 -0.000041336 0.001867348 -0.000290725 0.000041240 0.999999940 0.002288196
0.999999881 0.000373391 0.000201133 -0.001790062 -0.000373378 0.999999940 -0.000063563 0.001804709 -0.000201157 0.000063487 1.000000000 0.002665729
0.999999881 0.000387213 0.000197103 -0.001755061 -0.000387214 0.999999940 0.000006136 0.000394710 -0.000197101 -0.000006212 1.000000000 0.000993169
0.999999821 0.000456749 0.000305278 -0.002964718 -0.000456742 0.999999881 -0.000022791 0.001075177 -0.000305289 0.000022652 0.999999940 0.001779150
0.999999881 0.000388130 0.000209062 -0.001476560 -0.000388110 0.999999940 -0.000099694 0.001662197 -0.000209101 0.000099613 1.000000000 0.001510797
0.999999940 0.000332437 0.000222928 -0.002789359 -0.000332425 0.999999940 -0.000054673 0.001620602 -0.000222947 0.000054599 1.000000000 0.001668029
0.999999881 0.000406865 0.000176940 -0.002191256 -0.000406847 0.999999940 -0.000099156 0.002533055 -0.000176980 0.000099084 1.000000000 0.001839126
0.999999881 0.000458219 0.000262702 -0.002431114 -0.000458201 0.999999881 -0.000069063 0.002048228 -0.000262734 0.000068942 0.999999940 0.001997084
0.999999881 0.000446049 0.000223048 -0.001527885 -0.000446039 0.999999881 -0.000046358 0.002004598 -0.000223068 0.000046258 1.000000000 0.001056208
0.999999940 0.000333597 0.000206583 -0.001217618 -0.000333575 0.999999940 -0.000104313 0.001024521 -0.000206618 0.000104244 1.000000000 0.001285991
0.999999821 0.000520767 0.000349978 -0.001637946 -0.000520557 0.999999702 -0.000600074 -0.002305790 -0.000350290 0.000599892 0.999999762 0.048685223
0.999999762 0.000674502 0.000276648 -0.000198794 -0.000674171 0.999999046 -0.001194681 -0.003410276 -0.000277454 0.001194494 0.999999225 0.139422432
0.999999881 0.000119139 0.000518725 -0.003287321 -0.000118983 0.999999940 -0.000302164 -0.016868783 -0.000518761 0.000302103 0.999999821 0.246612057
0.999999583 0.000541356 0.000673102 -0.001141896 -0.000541336 0.999999762 -0.000029103 -0.022058934 -0.000673117 0.000028739 0.999999821 0.376622736
0.999999762 0.000353540 0.000592146 0.001576349 -0.000353576 1.000000000 0.000060840 -0.025343591 -0.000592124 -0.000061050 0.999999762 0.519879580
0.999999940 -0.000119717 0.000507765 0.005932594 0.000119589 1.000000000 0.000251492 -0.030700726 -0.000507795 -0.000251432 0.999999881 0.672176182
0.999999881 -0.000300725 0.000372728 0.013441731 0.000300470 0.999999702 0.000684124 -0.035476744 -0.000372933 -0.000684012 0.999999762 0.836804390
0.999999821 -0.000050672 0.000632297 0.013054185 0.000050390 0.999999821 0.000445353 -0.037714843 -0.000632319 -0.000445321 0.999999702 1.002254009
0.999999881 -0.000147932 0.000566803 0.016671417 0.000147704 0.999999881 0.000402162 -0.040210575 -0.000566862 -0.000402078 0.999999762 1.183996439
0.999999702 -0.000078400 0.000682164 0.022834910 0.000077808 0.999999583 0.000867606 -0.048178691 -0.000682232 -0.000867553 0.999999404 1.367456555
0.999999881 -0.000236341 0.000435883 0.026814735 0.000236059 0.999999702 0.000648121 -0.046667162 -0.000436036 -0.000648018 0.999999762 1.568254948
0.999999702 -0.000172994 0.000773627 0.025243590 0.000171969 0.999999106 0.001325489 -0.063854121 -0.000773856 -0.001325355 0.999998808 1.747744799
0.999999762 0.000251863 0.000681344 0.028902166 -0.000252871 0.999998927 0.001480087 -0.070574023 -0.000680970 -0.001480259 0.999998689 1.947227359
0.999999464 -0.000852774 0.000640695 0.035569221 0.000851864 0.999998629 0.001419211 -0.074990168 -0.000641904 -0.001418664 0.999998808 2.165719032
0.999999583 -0.000396756 0.000771461 0.034548208 0.000395474 0.999998569 0.001661894 -0.084801912 -0.000772119 -0.001661588 0.999998331 2.376991034
0.999999642 0.000181702 0.000810920 0.041286055 -0.000182872 0.999998987 0.001442657 -0.089795664 -0.000810657 -0.001442804 0.999998689 2.600270748
0.999999464 0.000272347 0.000996714 0.043199219 -0.000273905 0.999998689 0.001564009 -0.095593989 -0.000996287 -0.001564281 0.999998331 2.833492517
0.999999523 -0.000432744 0.000873042 0.051545177 0.000431263 0.999998450 0.001694869 -0.101051867 -0.000873774 -0.001694492 0.999998212 3.057419062
0.999999762 -0.000194863 0.000738862 0.056305163 0.000193444 0.999998093 0.001919247 -0.110202365 -0.000739234 -0.001919103 0.999997973 3.292018414
0.999999404 -0.000292451 0.001064118 0.058042854 0.000290323 0.999997914 0.001999230 -0.117734171 -0.001064701 -0.001998920 0.999997497 3.541036129
0.999999464 -0.000333272 0.001001366 0.059054703 0.000331018 0.999997377 0.002250309 -0.126662314 -0.001002113 -0.002249976 0.999996960 3.798583031
0.999999404 -0.000423930 0.000949573 0.065793708 0.000421904 0.999997556 0.002133359 -0.131562129 -0.000950474 -0.002132957 0.999997258 4.053926945
0.999999404 -0.000435356 0.001000253 0.075755641 0.000433052 0.999997258 0.002302831 -0.137757927 -0.001001252 -0.002302396 0.999996841 4.310933113
0.999999225 -0.000476468 0.001189912 0.078899935 0.000473882 0.999997556 0.002172825 -0.144232377 -0.001190944 -0.002172259 0.999996960 4.573781967
0.999998987 -0.000699982 0.001233351 0.081396326 0.000697264 0.999997318 0.002203300 -0.151312158 -0.001234890 -0.002202438 0.999996841 4.809613705
0.999999285 0.000110278 0.001234203 0.088002257 -0.000113004 0.999997556 0.002208842 -0.157167032 -0.001233956 -0.002208980 0.999996841 5.066964626
0.999998808 -0.000330146 0.001521407 0.092014968 0.000327233 0.999998093 0.001914186 -0.163261116 -0.001522036 -0.001913686 0.999997020 5.336089134
0.999998927 0.000237403 0.001435297 0.089648597 -0.000241069 0.999996722 0.002554383 -0.176227346 -0.001434686 -0.002554727 0.999995708 5.588012218
0.999998748 0.000144160 0.001519180 0.093453288 -0.000148192 0.999996424 0.002654384 -0.183043152 -0.001518792 -0.002654606 0.999995351 5.859363556
0.999998331 0.000376950 0.001788024 0.097841002 -0.000381512 0.999996603 0.002551920 -0.191597849 -0.001787056 -0.002552598 0.999995172 6.142525673
0.999998152 0.000329410 0.001895612 0.105316244 -0.000334477 0.999996364 0.002673256 -0.198652074 -0.001894725 -0.002673885 0.999994636 6.422230244
0.999998748 0.000404664 0.001542184 0.111095853 -0.000408705 0.999996483 0.002621174 -0.204576284 -0.001541118 -0.002621801 0.999995351 6.703493595
0.999998808 0.000347083 0.001502126 0.118873686 -0.000350310 0.999997616 0.002148945 -0.207886681 -0.001501377 -0.002149469 0.999996543 7.006861210
0.999998510 0.000337495 0.001696752 0.123767473 -0.000341853 0.999996603 0.002568480 -0.219723657 -0.001695880 -0.002569056 0.999995232 7.300964832
0.999998391 0.000448635 0.001754010 0.125775009 -0.000453149 0.999996543 0.002573616 -0.231753141 -0.001752849 -0.002574406 0.999995112 7.604646206
0.999998450 0.000554051 0.001647367 0.138055637 -0.000557697 0.999997377 0.002213604 -0.233168617 -0.001646136 -0.002214519 0.999996185 7.928607941
0.999997914 0.000836928 0.001903630 0.135942876 -0.000841719 0.999996483 0.002517214 -0.244898513 -0.001901517 -0.002518811 0.999994993 8.239555359
0.999997795 0.000977454 0.001871266 0.142090410 -0.000981992 0.999996603 0.002425831 -0.257709205 -0.001868888 -0.002427663 0.999995291 8.554393768
0.999997735 0.000901457 0.001939546 0.151470289 -0.000906207 0.999996603 0.002449596 -0.266305566 -0.001937331 -0.002451348 0.999995112 8.892394066
0.999997556 0.001138312 0.001902470 0.155234337 -0.001142880 0.999996483 0.002401879 -0.275860727 -0.001899729 -0.002404047 0.999995291 9.223193169
0.999995530 0.001914192 0.002302077 0.151395559 -0.001920385 0.999994516 0.002690864 -0.287624240 -0.002296914 -0.002695272 0.999993742 9.553431511
0.999996305 0.001574210 0.002199275 0.161891967 -0.001580733 0.999994338 0.002967331 -0.295599699 -0.002194592 -0.002970796 0.999993205 9.911075592
0.999996364 0.001969215 0.001848622 0.173626885 -0.001974660 0.999993622 0.002947906 -0.306384176 -0.001842805 -0.002951546 0.999993980 10.263323784
0.999997079 0.001444715 0.001931953 0.190269247 -0.001450300 0.999994695 0.002892347 -0.317375183 -0.001927765 -0.002895141 0.999993920 10.627424240
0.999997914 0.001249964 0.001631547 0.188137248 -0.001254558 0.999995232 0.002818164 -0.324276865 -0.001628016 -0.002820205 0.999994695 10.957810402
0.999997735 0.001328658 0.001653484 0.195719495 -0.001333502 0.999994814 0.002931598 -0.333512694 -0.001649580 -0.002933797 0.999994338 11.334552765
0.999996841 0.001543799 0.001993858 0.203114733 -0.001549932 0.999994099 0.003077793 -0.343100578 -0.001989094 -0.003080874 0.999993265 11.731363297
0.999996245 0.001589960 0.002209260 0.202884167 -0.001597272 0.999993265 0.003311978 -0.359116733 -0.002203979 -0.003315494 0.999992013 12.076050758
0.999996722 0.001329911 0.002171982 0.216487259 -0.001337435 0.999993026 0.003466087 -0.370880485 -0.002167357 -0.003468981 0.999991655 12.467184067
0.999997020 0.001078719 0.002214622 0.222317219 -0.001086492 0.999993265 0.003511821 -0.378622711 -0.002210819 -0.003514216 0.999991357 12.866041183
0.999995053 0.001860054 0.002556930 0.223187298 -0.001868419 0.999992967 0.003273119 -0.389960647 -0.002550823 -0.003277880 0.999991357 13.293709755
0.999995649 0.001486183 0.002555775 0.234276816 -0.001495289 0.999992490 0.003564560 -0.405879319 -0.002550459 -0.003568366 0.999990344 13.660887718
0.999995768 0.001612673 0.002437609 0.246301919 -0.001622226 0.999991059 0.003922382 -0.415337771 -0.002431262 -0.003926320 0.999989390 14.080842972
0.999992907 0.001908046 0.003233777 0.247684032 -0.001919481 0.999991894 0.003536740 -0.425711513 -0.003227003 -0.003542922 0.999988616 14.496417999
0.999995232 0.001053280 0.002881501 0.267663509 -0.001063673 0.999992847 0.003607526 -0.439824224 -0.002877681 -0.003610574 0.999989331 14.898307800
0.999993742 0.001308004 0.003291703 0.273361087 -0.001319474 0.999992967 0.003484711 -0.449870020 -0.003287122 -0.003489032 0.999988556 15.349256516
0.999993086 0.000728960 0.003672087 0.287266731 -0.000741561 0.999993920 0.003431651 -0.456805438 -0.003669563 -0.003434350 0.999987364 15.791151047
0.999990284 0.001556265 0.004119062 0.289719224 -0.001573130 0.999990404 0.004094156 -0.476065338 -0.004112651 -0.004100596 0.999983132 16.202276230
0.999986231 0.001884287 0.004903009 0.294451475 -0.001901355 0.999992132 0.003478820 -0.483767182 -0.004896415 -0.003488094 0.999981940 16.653894424
0.999988139 0.001648589 0.004601973 0.313589603 -0.001667419 0.999990284 0.004090871 -0.498731792 -0.004595184 -0.004098495 0.999981105 17.103158951
0.999986231 0.001749184 0.004945225 0.314917207 -0.001771983 0.999987781 0.004609791 -0.516713560 -0.004937100 -0.004618490 0.999977171 17.542354584
0.999985337 0.001198155 0.005287307 0.329379737 -0.001220758 0.999990106 0.004273756 -0.527781904 -0.005282134 -0.004280148 0.999976993 18.008369446
0.999983549 0.001639539 0.005484040 0.340912849 -0.001664148 0.999988556 0.004485879 -0.537120461 -0.005476622 -0.004494932 0.999974847 18.462863922
0.999985576 0.001652132 0.005114919 0.357193112 -0.001675360 0.999988317 0.004540232 -0.545548439 -0.005107357 -0.004548735 0.999976575 18.936504364
0.999982119 0.001799369 0.005697588 0.369458020 -0.001825515 0.999987841 0.004587112 -0.562048435 -0.005689266 -0.004597431 0.999973297 19.428709030
0.999981701 0.001732893 0.005794177 0.371073216 -0.001760776 0.999986887 0.004810655 -0.571480751 -0.005785763 -0.004820770 0.999971628 19.881568909
0.999983132 0.001767020 0.005527736 0.386354655 -0.001791801 0.999988317 0.004481188 -0.584908187 -0.005519753 -0.004491017 0.999974668 20.370536804
0.999983788 0.001703989 0.005438221 0.398166716 -0.001728634 0.999988258 0.004530239 -0.587368786 -0.005430437 -0.004539566 0.999974906 20.889265060
0.999986053 0.001796008 0.004968633 0.394650280 -0.001820746 0.999985874 0.004978824 -0.611006677 -0.004959622 -0.004987800 0.999975264 21.360509872
0.999987304 0.002146003 0.004564324 0.408980727 -0.002168010 0.999985933 0.004822180 -0.621804535 -0.004553912 -0.004832014 0.999977946 21.875391006
0.999988556 0.002009959 0.004344222 0.420235276 -0.002030601 0.999986589 0.004752141 -0.632274508 -0.004334612 -0.004760908 0.999979317 22.374240875
0.999990821 0.001967901 0.003844914 0.422744900 -0.001986915 0.999985814 0.004947561 -0.644340694 -0.003835123 -0.004955155 0.999980390 22.880607605
0.999992669 0.002168016 0.003144306 0.436365336 -0.002184222 0.999984324 0.005159551 -0.656694472 -0.003133070 -0.005166382 0.999981821 23.415422440
0.999996901 0.000702677 0.002412834 0.443889707 -0.000713501 0.999989688 0.004487989 -0.670116782 -0.002409656 -0.004489697 0.999987066 23.931644440
0.999993920 0.002178893 0.002714962 0.440411836 -0.002192183 0.999985576 0.004902009 -0.680763781 -0.002704242 -0.004907932 0.999984324 24.432126999
0.999992132 0.003203723 0.002351271 0.453777790 -0.003216988 0.999978781 0.005659724 -0.694913328 -0.002333089 -0.005667243 0.999981225 24.955932617
0.999990284 0.003994265 0.001868965 0.464638561 -0.004005679 0.999973118 0.006143518 -0.710568905 -0.001844375 -0.006150945 0.999979377 25.509054184
0.999994159 0.003129426 0.001339037 0.466411561 -0.003136775 0.999979854 0.005521222 -0.728286862 -0.001321732 -0.005525390 0.999983847 26.034210205
0.999997497 0.002070906 0.000836058 0.476471394 -0.002075709 0.999981225 0.005785582 -0.734005928 -0.000824061 -0.005787302 0.999982893 26.592216492
0.999995351 0.002951369 0.000710942 0.486173242 -0.002955424 0.999978960 0.005772267 -0.748821139 -0.000693891 -0.005774342 0.999983132 27.150281906
0.999995232 0.003058139 0.000393296 0.491036981 -0.003060445 0.999977231 0.006002165 -0.766996503 -0.000374931 -0.006003339 0.999981880 27.649478912
0.999993920 0.003446233 0.000530098 0.499723852 -0.003449432 0.999975026 0.006155989 -0.775679529 -0.000508870 -0.006157780 0.999980867 28.200244904
0.999991596 0.004000326 0.000884854 0.507053494 -0.004006380 0.999967754 0.006950165 -0.796939254 -0.000857023 -0.006953651 0.999975383 28.737962723
0.999989629 0.004444203 0.001029313 0.505846441 -0.004450642 0.999970019 0.006339452 -0.809289575 -0.001001108 -0.006343966 0.999979317 29.245866776
0.999994218 0.003406049 -0.000013048 0.497973621 -0.003405897 0.999973953 0.006364591 -0.828815699 0.000034726 -0.006364510 0.999979734 29.787611008
0.999993801 0.003504040 -0.000481747 0.513774931 -0.003500921 0.999973834 0.006328882 -0.846758723 0.000503911 -0.006327157 0.999979854 30.320035934
0.999991775 0.004051960 -0.000048583 0.520523667 -0.004051572 0.999971807 0.006319040 -0.856358349 0.000074187 -0.006318793 0.999980032 30.867736816
0.999992609 0.003842239 -0.000120242 0.525756061 -0.003841414 0.999973178 0.006240086 -0.866942823 0.000144215 -0.006239578 0.999980509 31.388614655
0.999989271 0.004576030 -0.000771541 0.539684296 -0.004571056 0.999969542 0.006330874 -0.880280852 0.000800487 -0.006327278 0.999979675 31.933521271
0.999986708 0.005103352 -0.000800088 0.552012205 -0.005098288 0.999967873 0.006207075 -0.892436564 0.000831739 -0.006202913 0.999980390 32.478775024
0.999991596 0.003967936 -0.001019912 0.547656834 -0.003961416 0.999972224 0.006316416 -0.899811149 0.001044947 -0.006312324 0.999979556 33.001983643
0.999993324 0.003517853 -0.000981817 0.559849799 -0.003511315 0.999972224 0.006582796 -0.913142920 0.001004947 -0.006579305 0.999977887 33.553920746
0.999989152 0.004477704 -0.001236069 0.573353767 -0.004469248 0.999967158 0.006760042 -0.927426934 0.001266297 -0.006754445 0.999976456 34.082160950
0.999989331 0.004450389 -0.001257992 0.568488538 -0.004442631 0.999971449 0.006104628 -0.933034897 0.001285124 -0.006098974 0.999980569 34.594062805
0.999991179 0.003929151 -0.001490724 0.576996207 -0.003919772 0.999972820 0.006242866 -0.945517659 0.001515212 -0.006236967 0.999979436 35.139759064
0.999991119 0.003846129 -0.001733097 0.594040334 -0.003835603 0.999974430 0.006035629 -0.958611012 0.001756266 -0.006028928 0.999980330 35.690521240
0.999989927 0.004165898 -0.001627429 0.601126134 -0.004156455 0.999974728 0.005763489 -0.968781233 0.001651398 -0.005756668 0.999982059 36.207077026
0.999985039 0.005204029 -0.001652312 0.604498208 -0.005194263 0.999969363 0.005860618 -0.982054710 0.001682761 -0.005851948 0.999981463 36.758022308
0.999985695 0.004906469 -0.002118273 0.615460217 -0.004893795 0.999970257 0.005947751 -0.991652608 0.002147393 -0.005937299 0.999980092 37.312839508
0.999988496 0.004357212 -0.002068179 0.612277746 -0.004345407 0.999974430 0.005678889 -0.999539375 0.002092870 -0.005669836 0.999981761 37.829437256
0.999984622 0.005277040 -0.001716105 0.619372308 -0.005268577 0.999974132 0.004900337 -1.004952431 0.001741919 -0.004891221 0.999986589 38.373146057
0.999986172 0.004906612 -0.001924905 0.639439106 -0.004895418 0.999971390 0.005777564 -1.026283145 0.001953199 -0.005768061 0.999981523 38.913013458
0.999986947 0.004775956 -0.001779190 0.624040306 -0.004766157 0.999973655 0.005471360 -1.031480789 0.001805274 -0.005462809 0.999983430 39.440002441
0.999987304 0.004531961 -0.002183462 0.638776422 -0.004519962 0.999974787 0.005469280 -1.046255827 0.002208194 -0.005459342 0.999982655 39.993087769
0.999984920 0.005251270 -0.001609110 0.646095216 -0.005242424 0.999971330 0.005453347 -1.056089401 0.001637701 -0.005444829 0.999983847 40.536197662
0.999987245 0.004627180 -0.002030818 0.636646807 -0.004615315 0.999972463 0.005808920 -1.070560694 0.002057641 -0.005799474 0.999981046 41.034992218
0.999985635 0.005150993 -0.001489136 0.641887009 -0.005143207 0.999973357 0.005185152 -1.076369882 0.001515805 -0.005177420 0.999985397 41.588405609
0.999989092 0.004340871 -0.001738441 0.664959550 -0.004330937 0.999974549 0.005677854 -1.091966152 0.001763044 -0.005670263 0.999982357 42.120933533
0.999987006 0.004636533 -0.002115984 0.677280366 -0.004623788 0.999971330 0.005989137 -1.102672815 0.002143692 -0.005979275 0.999979854 42.659713745
0.999984860 0.005165766 -0.001858627 0.662304342 -0.005156077 0.999973297 0.005179876 -1.110571980 0.001885335 -0.005170214 0.999984860 43.159164429
0.999988496 0.004333427 -0.002048184 0.673591852 -0.004323154 0.999978185 0.004993498 -1.121885300 0.002069778 -0.004984586 0.999985456 43.700447083
0.999987662 0.004320338 -0.002428395 0.685599446 -0.004309123 0.999980032 0.004605129 -1.125121951 0.002448243 -0.004594607 0.999986470 44.245368958
0.999985576 0.005140512 -0.001623925 0.683175325 -0.005132529 0.999974906 0.004881899 -1.138198018 0.001648980 -0.004873494 0.999986708 44.754745483
0.999982417 0.005903719 -0.000570751 0.684345484 -0.005900872 0.999970734 0.004869992 -1.145138383 0.000599486 -0.004866539 0.999987960 45.305385590
0.999983251 0.005576240 -0.001564345 0.706513166 -0.005569154 0.999974370 0.004497867 -1.157938719 0.001589386 -0.004489081 0.999988616 45.843502045
0.999983549 0.005425067 -0.001839682 0.696931481 -0.005416214 0.999973834 0.004783247 -1.167344809 0.001865584 -0.004773203 0.999986887 46.338447571
0.999981582 0.005694222 -0.002087351 0.707984209 -0.005684079 0.999972165 0.004834085 -1.179566741 0.002114819 -0.004822132 0.999986112 46.893337250
0.999983013 0.005575910 -0.001666102 0.712002277 -0.005568285 0.999974191 0.004547155 -1.193382740 0.001691414 -0.004537802 0.999988258 47.436386108
0.999983728 0.005389903 -0.001884302 0.724398315 -0.005380517 0.999973238 0.004951868 -1.205693364 0.001910942 -0.004941649 0.999985993 47.905715942
0.999988437 0.004462308 -0.001833370 0.736857474 -0.004453063 0.999977589 0.005016830 -1.218083024 0.001855716 -0.005008608 0.999985754 48.459953308
0.999984384 0.005221268 -0.001986769 0.750854075 -0.005211617 0.999974728 0.004832211 -1.230946541 0.002011949 -0.004821782 0.999986410 48.995532990
0.999982655 0.005651618 -0.001728793 0.736029029 -0.005643064 0.999971986 0.004912626 -1.238268971 0.001756510 -0.004902784 0.999986410 49.492237091
0.999981105 0.006010570 -0.001327890 0.743303180 -0.006004275 0.999970913 0.004693953 -1.251398206 0.001356065 -0.004685891 0.999988079 50.023967743
0.999987662 0.004591569 -0.001937490 0.764325261 -0.004581693 0.999976575 0.005071739 -1.262153387 0.001960732 -0.005062799 0.999985278 50.567501068
0.999981761 0.005821877 -0.001557290 0.758839965 -0.005814188 0.999971092 0.004897831 -1.269841194 0.001585760 -0.004888687 0.999986768 51.063884735
0.999982297 0.005727625 -0.001557428 0.770357847 -0.005720466 0.999973178 0.004563359 -1.281230569 0.001583524 -0.004554369 0.999988377 51.616947174
0.999984443 0.005336079 -0.001581660 0.774658561 -0.005328108 0.999973178 0.005001773 -1.292517424 0.001608307 -0.004993268 0.999986231 52.171432495
0.999982297 0.005767156 -0.001460069 0.773707807 -0.005760237 0.999972343 0.004699558 -1.304251552 0.001487131 -0.004691064 0.999987900 52.647361755
0.999980509 0.006109677 -0.001314850 0.786120951 -0.006103750 0.999971330 0.004464753 -1.317522883 0.001342090 -0.004456640 0.999989212 53.190990448
0.999979794 0.006280201 -0.001080017 0.782783687 -0.006275856 0.999972403 0.003981065 -1.323959827 0.001104989 -0.003974207 0.999991417 53.694484711
0.999978065 0.006474411 -0.001396465 0.792678654 -0.006468890 0.999971449 0.003920926 -1.334339619 0.001421811 -0.003911806 0.999991298 54.243774414
0.999981046 0.006080159 -0.001103415 0.807389259 -0.006075599 0.999973178 0.004089785 -1.345787406 0.001128252 -0.004083003 0.999991000 54.761714935
0.999979615 0.006389903 0.000013161 0.805482030 -0.006389898 0.999969780 0.004422114 -1.357496023 0.000015096 -0.004422108 0.999990225 55.311862946
0.999981463 0.006052169 -0.000723811 0.826771736 -0.006048998 0.999972463 0.004304434 -1.373868823 0.000749843 -0.004299975 0.999990463 55.852649689
0.999977648 0.006680212 -0.000217954 0.823127270 -0.006679220 0.999968588 0.004269724 -1.385557294 0.000246470 -0.004268172 0.999990880 56.384265900
0.999978900 0.006467897 -0.000752756 0.830359459 -0.006465089 0.999972343 0.003674746 -1.387514114 0.000776503 -0.003669802 0.999992967 56.872859955
0.999980807 0.006096832 -0.001070343 0.844828725 -0.006093252 0.999975860 0.003316595 -1.394707203 0.001090538 -0.003310010 0.999993920 57.428718567
0.999979258 0.006394641 -0.000785048 0.849117160 -0.006391869 0.999973476 0.003482710 -1.410261273 0.000807297 -0.003477620 0.999993622 57.956394196
0.999983668 0.005611504 -0.001149377 0.870582104 -0.005608162 0.999980032 0.002890956 -1.419047117 0.001165577 -0.002884463 0.999995172 58.500808716
0.999978125 0.006578333 -0.000720299 0.867713928 -0.006576640 0.999975562 0.002326976 -1.425916195 0.000735589 -0.002322187 0.999997020 58.995906830
0.999979198 0.006421399 -0.000576794 0.851743579 -0.006419487 0.999974072 0.003256775 -1.442644835 0.000597693 -0.003253005 0.999994516 59.491291046
0.999980032 0.006300214 -0.000323687 0.862470269 -0.006298990 0.999973476 0.003655943 -1.458807707 0.000346712 -0.003653831 0.999993324 60.038127899
0.999975383 0.007013094 -0.000025079 0.874673665 -0.007012962 0.999969184 0.003531468 -1.466294050 0.000049844 -0.003531205 0.999993742 60.587928772
0.999980092 0.006302489 -0.000232507 0.871341348 -0.006301775 0.999975801 0.002954764 -1.488532066 0.000251123 -0.002953240 0.999995530 61.062824249
0.999975920 0.006947108 -0.000044779 0.881937683 -0.006946959 0.999972045 0.002763996 -1.500727654 0.000063980 -0.002763618 0.999996126 61.611534119
0.999977946 0.006611298 -0.000515138 0.897948623 -0.006609689 0.999973416 0.003063323 -1.518550396 0.000535377 -0.003059850 0.999995172 62.149562836
0.999976695 0.006812306 -0.000422598 0.895046115 -0.006810927 0.999971747 0.003181050 -1.532788634 0.000444255 -0.003178098 0.999994814 62.653236389
0.999971151 0.007573222 -0.000622875 0.903401196 -0.007571534 0.999967754 0.002669387 -1.542880058 0.000643071 -0.002664594 0.999996245 63.198375702
0.999964714 0.008403404 -0.000041220 0.903109729 -0.008403284 0.999961972 0.002340223 -1.557229757 0.000060885 -0.002339794 0.999997318 63.743923187
0.999973238 0.007307668 0.000308714 0.907090008 -0.007308561 0.999968767 0.003002447 -1.569133162 -0.000286764 -0.003004623 0.999995470 64.189300537
0.999967277 0.008063402 0.000416640 0.916851401 -0.008064571 0.999963343 0.002885312 -1.580574512 -0.000393359 -0.002888578 0.999995768 64.736549377
0.999976754 0.006815771 0.000186551 0.925407767 -0.006816202 0.999973834 0.002417263 -1.586218834 -0.000170070 -0.002418478 0.999997079 65.252853394
0.999973714 0.007221621 0.000578135 0.935896456 -0.007223066 0.999970675 0.002540493 -1.602623224 -0.000559771 -0.002544603 0.999996662 65.810302734
0.999975979 0.006900555 0.000550251 0.949640989 -0.006901817 0.999973476 0.002327114 -1.615658045 -0.000534178 -0.002330856 0.999997199 66.336868286
0.999975979 0.006922980 0.000342638 0.951855719 -0.006923751 0.999973357 0.002301136 -1.625211358 -0.000326698 -0.002303454 0.999997258 66.821632385
0.999977171 0.006730688 0.000460802 0.963078082 -0.006731716 0.999974668 0.002264416 -1.638225913 -0.000445549 -0.002267466 0.999997377 67.364318848
0.999974906 0.007078808 -0.000088798 0.971193254 -0.007078584 0.999972284 0.002311895 -1.651842117 0.000105161 -0.002311209 0.999997318 67.926582336
0.999968529 0.007886164 0.000876188 0.969043314 -0.007888050 0.999966562 0.002170212 -1.662999630 -0.000859043 -0.002177055 0.999997258 68.388107300
0.999969721 0.007693598 0.001152177 0.977634609 -0.007696266 0.999967694 0.002330735 -1.676269412 -0.001134207 -0.002339532 0.999996662 68.945930481
0.999982417 0.005852042 0.000931655 0.986476541 -0.005853899 0.999980867 0.002002315 -1.689531326 -0.000919919 -0.002007734 0.999997556 69.496116638
0.999976754 0.006787305 0.000668375 0.998323441 -0.006788496 0.999975324 0.001795422 -1.696898818 -0.000656173 -0.001799918 0.999998152 69.944351196
0.999974549 0.007059578 0.000998489 1.006715059 -0.007062200 0.999971509 0.002647151 -1.716554403 -0.000979773 -0.002654136 0.999996006 70.494003296
0.999978006 0.006628538 0.000248832 1.016242266 -0.006629065 0.999975622 0.002173078 -1.729772329 -0.000234422 -0.002174679 0.999997556 71.053657532
0.999977529 0.006689835 0.000488786 1.019217491 -0.006690725 0.999975920 0.001843200 -1.754379153 -0.000476444 -0.001846429 0.999998152 71.584419250
0.999977350 0.006675934 0.000863019 1.025297165 -0.006677544 0.999975920 0.001875113 -1.742744923 -0.000850480 -0.001880834 0.999997854 72.056846619
0.999977648 0.006579639 0.001186246 1.035806656 -0.006581815 0.999976635 0.001840575 -1.759135246 -0.001174108 -0.001848342 0.999997556 72.610916138
0.999971449 0.007443542 0.001323849 1.041163921 -0.007445762 0.999970853 0.001679643 -1.767590523 -0.001311308 -0.001689452 0.999997616 73.189117432
0.999972582 0.007282916 0.001284506 1.051158905 -0.007284663 0.999972522 0.001359264 -1.774389029 -0.001274572 -0.001368584 0.999998271 73.649787903
0.999974847 0.006959539 0.001347401 1.063777804 -0.006961902 0.999974191 0.001756297 -1.788719773 -0.001335143 -0.001765633 0.999997616 74.201332092
0.999976397 0.006827784 0.000833778 1.079638600 -0.006828798 0.999975920 0.001217783 -1.799175501 -0.000825443 -0.001223448 0.999998927 74.741317749
0.999972761 0.007250458 0.001334360 1.084755659 -0.007251961 0.999973059 0.001125135 -1.819348454 -0.001326166 -0.001134781 0.999998450 75.228576660
0.999963820 0.008313720 0.001813274 1.087972879 -0.008315251 0.999965072 0.000838493 -1.829612136 -0.001806240 -0.000853541 0.999998033 75.784683228
0.999977469 0.006625777 0.001080827 1.098374009 -0.006627688 0.999976456 0.001774570 -1.856644273 -0.001069044 -0.001781694 0.999997735 76.303245544
0.999973714 0.007155238 0.001281820 1.106520295 -0.007156733 0.999973714 0.001165236 -1.862929583 -0.001273449 -0.001174379 0.999998510 76.766830444
0.999965787 0.008146862 0.001484435 1.117491007 -0.008148637 0.999966085 0.001193629 -1.874590278 -0.001474660 -0.001205684 0.999998212 77.316741943
0.999962986 0.008474458 0.001530537 1.130091786 -0.008475830 0.999963641 0.000891922 -1.883089662 -0.001522923 -0.000904861 0.999998450 77.895545959
0.999964356 0.008286697 0.001617832 1.134614229 -0.008288487 0.999965012 0.001102624 -1.907291293 -0.001608639 -0.001115994 0.999998093 78.367378235
0.999959052 0.008694654 0.002503831 1.146356225 -0.008698448 0.999961019 0.001507639 -1.924039841 -0.002490625 -0.001529356 0.999995768 78.919029236
0.999963760 0.007650102 0.003725031 1.171182632 -0.007656106 0.999969363 0.001600530 -1.943182349 -0.003712673 -0.001628991 0.999991834 79.450637817
0.999955654 0.008171713 0.004678001 1.169487000 -0.008177420 0.999965906 0.001202294 -1.956786990 -0.004668016 -0.001240494 0.999988317 80.008010864
0.999953330 0.007587943 0.005971031 1.177793741 -0.007594686 0.999970496 0.001107467 -1.960831404 -0.005962451 -0.001152763 0.999981582 80.499282837
0.999925852 0.007712893 0.009420780 1.195049524 -0.007724197 0.999969423 0.001163933 -1.976401567 -0.009411517 -0.001236614 0.999954939 81.051605225
0.999891818 0.007323049 0.012754122 1.221647739 -0.007330195 0.999973059 0.000513725 -1.976544976 -0.012750017 -0.000607160 0.999918520 81.624679565
0.999837160 0.008068940 0.016140273 1.236203194 -0.008086056 0.999966741 0.000995427 -2.006051540 -0.016131707 -0.001125776 0.999869168 82.096076965
0.999759257 0.007963170 0.020444097 1.262114406 -0.007993894 0.999966919 0.001421422 -2.022029638 -0.020432107 -0.001584508 0.999789894 82.645278931
0.999632359 0.008019809 0.025899913 1.289344549 -0.008058495 0.999966502 0.001389548 -2.040780544 -0.025887903 -0.001597751 0.999663532 83.184555054
0.999465764 0.007817452 0.031733204 1.321489215 -0.007853322 0.999968648 0.001005817 -2.058365822 -0.031724345 -0.001254491 0.999495804 83.719322205
0.999237239 0.007972238 0.038227588 1.342259169 -0.008004962 0.999967694 0.000703049 -2.055894613 -0.038220756 -0.001008523 0.999268830 84.245918274
0.998891890 0.008342956 0.046317335 1.384757996 -0.008409991 0.999963880 0.001252571 -2.072520256 -0.046305217 -0.001640711 0.998926044 84.803344727
0.998476446 0.007877602 0.054614387 1.435680389 -0.007910621 0.999968648 0.000388427 -2.078753471 -0.054609608 -0.000819869 0.998507500 85.361663818
0.998051167 0.007425930 0.061957635 1.471130610 -0.007451678 0.999972224 0.000184513 -2.092892647 -0.061954543 -0.000645842 0.998078763 85.865386963
0.997447908 0.007989860 0.070949256 1.528280735 -0.008038059 0.999967575 0.000393846 -2.108718634 -0.070943810 -0.000963136 0.997479796 86.416336060
0.996700585 0.007017757 0.080863267 1.597036839 -0.007021961 0.999975324 -0.000232376 -2.122704744 -0.080862895 -0.000336210 0.996725202 86.958442688
0.995951772 0.006994563 0.089616485 1.658714294 -0.007004959 0.999975443 -0.000198517 -2.135906696 -0.089615665 -0.000430047 0.995976269 87.484985352
0.995288610 0.006070720 0.096765727 1.738324165 -0.006003705 0.999981523 -0.000983701 -2.144042253 -0.096769907 0.000398113 0.995306611 88.036361694
0.994272709 0.005885135 0.106710792 1.804167271 -0.005834985 0.999982655 -0.000782180 -2.167056561 -0.106713533 0.000155044 0.994289756 88.542915344
0.993075013 0.006605484 0.117296331 1.886809349 -0.006628271 0.999978006 -0.000195819 -2.177989483 -0.117295049 -0.000583009 0.993096948 89.069587708
0.991955996 0.005912177 0.126445219 1.975847244 -0.005924365 0.999982417 -0.000279674 -2.194310665 -0.126444638 -0.000471683 0.991973579 89.616828918
0.990387440 0.006514324 0.138167679 2.070367813 -0.006583111 0.999978244 0.000040880 -2.210507870 -0.138164431 -0.000950060 0.990408838 90.157951355
0.988531411 0.006407470 0.150879830 2.151653290 -0.006495910 0.999978900 0.000093292 -2.234480858 -0.150876045 -0.001072323 0.988552153 90.661865234
0.986818433 0.005739101 0.161729559 2.258395195 -0.005764185 0.999983311 -0.000314111 -2.243979454 -0.161728665 -0.000622268 0.986835063 91.167358398
0.985013545 0.006314342 0.172361791 2.371288300 -0.006364592 0.999979794 -0.000261110 -2.256998777 -0.172359914 -0.000839816 0.985033631 91.713302612
0.982723355 0.005745528 0.184991539 2.496283531 -0.005740716 0.999983311 -0.000561632 -2.271972895 -0.184991658 -0.000510055 0.982739925 92.236740112
0.980403066 0.004857440 0.196941972 2.627349854 -0.004828917 0.999988139 -0.000625041 -2.283513308 -0.196942657 -0.000338224 0.980414927 92.786468506
0.978250623 0.004454853 0.207378626 2.756830215 -0.004412442 0.999990046 -0.000667063 -2.299618483 -0.207379520 -0.000262492 0.978260636 93.318344116
0.975389779 0.004142979 0.220448941 2.896982193 -0.004128013 0.999991357 -0.000528569 -2.323247433 -0.220449209 -0.000394455 0.975398362 93.834159851
0.972252488 0.004228293 0.233895481 3.028152466 -0.004101123 0.999991059 -0.001030071 -2.318092585 -0.233897731 0.000042255 0.972261190 94.384315491
0.969569564 0.003932513 0.244784325 3.181159973 -0.003729101 0.999992192 -0.001294443 -2.333865166 -0.244787499 0.000342227 0.969576657 94.904418945
0.966700852 0.003776243 0.255881578 3.349891663 -0.003674211 0.999992788 -0.000876784 -2.357448101 -0.255883098 -0.000092575 0.966707766 95.394386292
0.963036776 0.003905976 0.269341350 3.507375717 -0.003829454 0.999992311 -0.000809536 -2.366728544 -0.269342422 -0.000251817 0.963044405 95.915374756
0.959455669 0.003180227 0.281841546 3.684923172 -0.003053751 0.999994874 -0.000887988 -2.385136127 -0.281842917 -0.000008689 0.959460557 96.443931580
0.955947220 0.003303463 0.293519855 3.863595963 -0.003090899 0.999994516 -0.001188023 -2.393897772 -0.293522179 0.000228447 0.955952227 96.966865540
0.951293468 0.003774233 0.308263570 4.022104263 -0.003779360 0.999992669 -0.000580428 -2.416989803 -0.308263570 -0.000612882 0.951300800 97.479385376
0.946772635 0.002622806 0.321892291 4.230781555 -0.002354140 0.999996483 -0.001223890 -2.427478313 -0.321894348 0.000400966 0.946775496 98.003570557
0.942758322 0.003573818 0.333457381 4.432680130 -0.003340708 0.999993622 -0.001272468 -2.438553810 -0.333459854 0.000085646 0.942764342 98.507606506
0.938099921 0.002552429 0.346355408 4.639242172 -0.002381583 0.999996722 -0.000918875 -2.464016914 -0.346356630 0.000037123 0.938102901 99.014564514
0.932463884 0.002994214 0.361250818 4.834228516 -0.003022864 0.999995291 -0.000485779 -2.482882500 -0.361250639 -0.000639041 0.932468534 99.533874512
0.927589953 0.002869348 0.373588920 5.061838150 -0.003027752 0.999995351 -0.000162807 -2.501852989 -0.373587728 -0.000980117 0.927594364 100.038452148
0.922685742 0.002992434 0.385541111 5.288900375 -0.003069579 0.999995172 -0.000415424 -2.517831326 -0.385540545 -0.000800143 0.922690511 100.538932800
0.916872203 0.002842978 0.399170667 5.530681610 -0.003030716 0.999995351 -0.000160797 -2.532675505 -0.399169266 -0.001062343 0.916876614 101.034751892
0.910694540 0.003058603 0.413069218 5.754371643 -0.003115738 0.999994993 -0.000535266 -2.523888588 -0.413068712 -0.000799552 0.910699487 101.536094666
0.905615628 0.003394843 0.424086124 6.005931854 -0.003249432 0.999994159 -0.001066027 -2.536016703 -0.424087226 -0.000412628 0.905621171 102.023689270
0.900129676 0.002414227 0.435615689 6.267398834 -0.002223820 0.999997079 -0.000946921 -2.554538965 -0.435616732 -0.000116380 0.900132298 102.504760742
0.893741846 0.002317543 0.448575914 6.545761108 -0.002223209 0.999997258 -0.000736915 -2.585568190 -0.448576421 -0.000338666 0.893744409 102.963912964
0.887227476 0.001797263 0.461328745 6.769126892 -0.001313614 0.999998152 -0.001369491 -2.566599369 -0.461330265 0.000609042 0.887228370 103.438659668
0.881439626 0.001511980 0.472294211 7.049930573 -0.001196255 0.999998808 -0.000968785 -2.585635900 -0.472295105 0.000288941 0.881440461 103.917503357
0.873824656 0.001436097 0.486238927 7.325630188 -0.000983043 0.999998868 -0.001186840 -2.603325844 -0.486240029 0.000559096 0.873825073 104.373764038
0.866659820 0.000989409 0.498898566 7.612945557 -0.000592717 0.999999404 -0.000953551 -2.619787455 -0.498899102 0.000530699 0.866659939 104.819442749
