1.000000000 0.000000000 0.000000000 0.000000000 0.000000000 1.000000000 0.000000000 0.000000000 0.000000000 0.000000000 1.000000000 0.000000000
1.000000000 -0.000016264 -0.000054375 0.000538532 0.000016260 1.000000000 -0.000079440 0.000716991 0.000054376 0.000079439 1.000000000 -0.000189382
1.000000000 -0.000081216 -0.000055440 0.000032712 0.000081216 1.000000000 -0.000006504 0.000123656 0.000055441 0.000006500 1.000000000 0.001201479
1.000000000 -0.000061634 -0.000093168 -0.000981827 0.000061630 1.000000000 -0.000046392 0.001590218 0.000093171 0.000046387 1.000000000 0.000691808
1.000000000 -0.000027647 -0.000016969 -0.000557022 0.000027647 1.000000000 0.000004048 0.000215498 0.000016969 -0.000004048 1.000000000 -0.000001205
1.000000000 -0.000129862 -0.000007061 -0.000328859 0.000129861 1.000000000 -0.000029624 0.000088852 0.000007065 0.000029623 1.000000000 -0.000531432
1.000000000 -0.000006674 -0.000065632 0.000436507 0.000006671 1.000000000 -0.000037405 0.001027124 0.000065633 0.000037405 1.000000000 -0.002049228
1.000000000 -0.000000487 0.000001424 -0.000211967 0.000000487 1.000000000 -0.000045568 0.001325675 -0.000001424 0.000045568 1.000000000 0.001604854
1.000000000 0.000022946 0.000004569 -0.000870424 -0.000022946 1.000000000 -0.000057003 0.002196640 -0.000004571 0.000057003 1.000000000 0.001417162
1.000000000 -0.000046768 -0.000059146 -0.000787334 0.000046767 1.000000000 -0.000021739 0.001424619 0.000059147 0.000021736 1.000000000 0.002173646
1.000000000 -0.000049414 -0.000049731 -0.000986722 0.000049411 1.000000000 -0.000067406 0.002217915 0.000049735 0.000067403 1.000000000 0.002592028
1.000000000 -0.000032408 -0.000034928 -0.001156358 0.000032410 1.000000000 0.000052061 0.001097890 0.000034926 -0.000052062 1.000000000 0.000657957
1.000000000 -0.000126042 -0.000080258 -0.000132354 0.000126040 1.000000000 -0.000027842 0.001085342 0.000080261 0.000027831 1.000000000 0.000174456
1.000000000 -0.000048765 -0.000059984 0.000035369 0.000048766 1.000000000 0.000010732 0.000901741 0.000059984 -0.000010735 1.000000000 -0.000701372
1.000000000 -0.000035280 -0.000008325 -0.000560634 0.000035280 1.000000000 0.000010180 0.001029569 0.000008325 -0.000010181 1.000000000 0.000207001
1.000000000 0.000021192 -0.000067211 0.000326814 -0.000021193 1.000000000 -0.000018614 0.001363647 0.000067210 0.000018615 1.000000000 0.000660130
1.000000000 -0.000065093 -0.000084616 0.000298767 0.000065095 1.000000000 0.000027462 0.000821581 0.000084614 -0.000027467 1.000000000 -0.001443447
1.000000000 -0.000029188 -0.000096468 -0.000605294 0.000029185 1.000000000 -0.000035573 0.001257945 0.000096469 0.000035570 1.000000000 0.000031284
1.000000000 -0.000151587 -0.000105732 0.000671772 0.000151588 1.000000000 0.000012934 0.001067780 0.000105730 -0.000012950 1.000000000 -0.000301354
1.000000000 -0.000149231 -0.000058685 -0.001695291 0.000149234 1.000000000 0.000041861 0.000750323 0.000058679 -0.000041870 1.000000000 0.000855618
1.000000000 -0.000108023 -0.000117458 0.001432125 0.000108030 1.000000000 0.000056341 0.000317565 0.000117452 -0.000056354 1.000000000 -0.000828688
1.000000000 -0.000047731 -0.000041148 -0.000956403 0.000047731 1.000000000 0.000006216 0.001227411 0.000041147 -0.000006218 1.000000000 -0.001029473
1.000000000 -0.000152745 -0.000123669 -0.000575649 0.000152748 1.000000000 0.000025930 0.000992610 0.000123665 -0.000025948 1.000000000 -0.001136722
0.999999940 -0.000228665 -0.000161664 0.001631040 0.000228674 1.000000000 0.000056892 0.000257796 0.000161651 -0.000056929 1.000000000 -0.002060711
1.000000000 -0.000165581 -0.000091285 0.000628783 0.000165580 1.000000000 -0.000014027 0.002046495 0.000091287 0.000014012 1.000000000 0.000688487
1.000000000 -0.000150545 -0.000086753 0.001217676 0.000150547 1.000000000 0.000024788 0.001240753 0.000086749 -0.000024801 1.000000000 -0.001263171
0.999999940 -0.000258669 -0.000094965 -0.000994213 0.000258667 0.999999940 -0.000026448 0.001017121 0.000094972 0.000026423 1.000000000 -0.000733779
1.000000000 -0.000141898 -0.000135219 0.000504895 0.000141905 1.000000000 0.000054729 0.001065973 0.000135211 -0.000054748 1.000000000 -0.001902264
1.000000000 -0.000095091 -0.000088571 0.001097458 0.000095093 1.000000000 0.000027674 0.000527348 0.000088568 -0.000027682 1.000000000 -0.002815726
1.000000000 -0.000196755 -0.000138765 0.000603140 0.000196758 1.000000000 0.000016931 0.001276040 0.000138762 -0.000016958 1.000000000 -0.000956668
1.000000000 -0.000137923 -0.000093814 0.000156595 0.000137929 1.000000000 0.000066597 0.000644219 0.000093805 -0.000066610 1.000000000 -0.001858365
0.999999940 -0.000236911 -0.000160836 0.001553765 0.000236912 1.000000000 0.000005296 0.000670725 0.000160834 -0.000005334 1.000000000 -0.003333494
1.000000000 -0.000092484 -0.000050372 -0.000390889 0.000092483 1.000000000 -0.000014170 0.001047838 0.000050373 0.000014166 1.000000000 -0.000278991
1.000000000 -0.000198285 -0.000131811 0.000622417 0.000198286 1.000000000 0.000006267 0.000485546 0.000131810 -0.000006293 1.000000000 -0.002697672
1.000000000 -0.000174626 -0.000123067 0.000315752 0.000174621 1.000000000 -0.000034311 0.001486076 0.000123073 0.000034290 1.000000000 -0.000292946
1.000000000 -0.000169260 -0.000074670 0.001180018 0.000169268 1.000000000 0.000104612 0.000494998 0.000074653 -0.000104625 1.000000000 -0.003272729
0.999999940 -0.000234357 -0.000126213 0.000219613 0.000234362 1.000000000 0.000039155 0.000380510 0.000126204 -0.000039185 1.000000000 -0.001608224
0.999999940 -0.000225108 -0.000121024 0.001016292 0.000225116 1.000000000 0.000064515 0.000082527 0.000121009 -0.000064542 1.000000000 -0.002173075
0.999999940 -0.000238784 -0.000185871 0.001611014 0.000238778 1.000000000 -0.000036489 0.000489599 0.000185880 0.000036445 1.000000000 0.001574093
0.999999940 -0.000240702 -0.000065737 0.001553618 0.000240670 0.999999881 -0.000489251 -0.002876521 0.000065855 0.000489235 0.999999881 0.050459698
1.000000000 -0.000081335 -0.000085498 0.002186959 0.000081238 0.999999344 -0.001128071 -0.003808405 0.000085590 0.001128064 0.999999344 0.142280713
1.000000000 -0.000187994 -0.000066056 0.002677442 0.000187893 0.999998808 -0.001516195 -0.006830139 0.000066341 0.001516182 0.999998868 0.260593891
1.000000000 -0.000161641 -0.000080483 0.004299069 0.000161528 0.999998987 -0.001403460 -0.010873466 0.000080710 0.001403447 0.999998987 0.393954396
1.000000000 0.000048574 -0.000102778 0.007254068 -0.000048696 0.999999285 -0.001192159 -0.016193412 0.000102720 0.001192164 0.999999285 0.533478498
1.000000000 -0.000013811 -0.000028394 0.011649488 0.000013782 0.999999464 -0.001026639 -0.021199834 0.000028408 0.001026638 0.999999464 0.688637793
1.000000000 0.000163128 0.000027111 0.015058896 -0.000163100 0.999999464 -0.001022720 -0.020478675 -0.000027278 0.001022715 0.999999464 0.855642736
0.999999881 0.000440076 0.000114610 0.014771210 -0.000439980 0.999999583 -0.000835602 -0.023499109 -0.000114978 0.000835552 0.999999642 1.025806665
1.000000000 -0.000015553 -0.000144312 0.026681563 0.000015466 0.999999821 -0.000605798 -0.031091804 0.000144321 0.000605796 0.999999821 1.200878143
1.000000000 0.000167993 0.000059056 0.024852481 -0.000167975 0.999999940 -0.000312861 -0.035937194 -0.000059109 0.000312851 0.999999940 1.388480306
1.000000000 -0.000022819 -0.000117792 0.031489283 0.000022788 0.999999940 -0.000266317 -0.040880077 0.000117798 0.000266314 0.999999940 1.592131376
1.000000000 -0.000022469 0.000089444 0.032979086 0.000022498 0.999999940 -0.000319167 -0.047401164 -0.000089437 0.000319169 0.999999940 1.794956803
0.999999881 -0.000500548 -0.000109231 0.040008958 0.000500553 0.999999881 0.000049096 -0.053169299 0.000109206 -0.000049151 1.000000000 1.984097123
0.999999940 0.000138951 0.000371281 0.033423234 -0.000139046 0.999999940 0.000255838 -0.067660712 -0.000371246 -0.000255889 0.999999881 2.203351736
0.999999881 -0.000351765 -0.000266127 0.040829726 0.000351843 0.999999881 0.000293082 -0.071005724 0.000266023 -0.000293175 0.999999940 2.422286987
0.999999881 -0.000453981 -0.000087406 0.051107898 0.000454021 0.999999821 0.000457969 -0.082414068 0.000087198 -0.000458009 0.999999881 2.626529455
0.999997854 -0.001313004 -0.001603338 0.103539862 0.001311779 0.999998868 -0.000764693 -0.131715819 0.001604340 0.000762588 0.999998450 2.894379616
0.999998391 -0.000871943 -0.001607198 0.106140710 0.000870905 0.999999523 -0.000646353 -0.135233283 0.001607761 0.000644953 0.999998510 3.131239176
0.999998450 -0.001092461 -0.001434676 0.111110412 0.001091277 0.999999106 -0.000825579 -0.142433837 0.001435577 0.000824012 0.999998689 3.375556231
0.999997735 -0.001549165 -0.001488154 0.116538279 0.001548150 0.999998629 -0.000683338 -0.151979014 0.001489211 0.000681033 0.999998629 3.623355865
0.999997914 -0.001169929 -0.001676410 0.122239597 0.001169488 0.999999285 -0.000263663 -0.166873991 0.001676717 0.000261702 0.999998569 3.869454384
0.999997914 -0.001226833 -0.001656608 0.129022762 0.001226697 0.999999285 -0.000083621 -0.174517632 0.001656709 0.000081588 0.999998629 4.134390354
0.999998808 -0.000838261 -0.001296328 0.128511027 0.000838441 0.999999642 0.000138128 -0.184037954 0.001296212 -0.000139214 0.999999166 4.383603096
0.999997973 -0.001276176 -0.001582966 0.143144906 0.001276978 0.999999046 0.000505329 -0.196466208 0.001582320 -0.000507349 0.999998629 4.625293255
0.999997675 -0.001725512 -0.001295423 0.145234540 0.001726508 0.999998271 0.000768489 -0.203444928 0.001294094 -0.000770724 0.999998927 4.881937504
0.999998331 -0.001481544 -0.001124399 0.147550419 0.001482476 0.999998629 0.000829158 -0.211124197 0.001123169 -0.000830824 0.999999046 5.158727646
0.999998450 -0.001345817 -0.001114560 0.145456746 0.001346207 0.999999046 0.000348885 -0.222359344 0.001114090 -0.000350385 0.999999344 5.434900284
0.999997854 -0.001614484 -0.001305109 0.153756469 0.001615072 0.999998629 0.000449161 -0.229643747 0.001304382 -0.000451268 0.999999106 5.708263397
0.999999285 -0.000666340 -0.000899245 0.153324857 0.000666708 0.999999702 0.000408715 -0.236711070 0.000898973 -0.000409315 0.999999523 5.983611107
0.999998450 -0.001334279 -0.001114291 0.160823405 0.001335006 0.999998808 0.000652078 -0.250466406 0.001113420 -0.000653564 0.999999166 6.253817081
0.999999583 -0.000507528 -0.000607901 0.159384266 0.000507901 0.999999642 0.000614284 -0.257636875 0.000607590 -0.000614592 0.999999642 6.541779041
0.999999106 -0.000973957 -0.000909228 0.168538898 0.000974962 0.999998927 0.001105566 -0.279781371 0.000908150 -0.001106452 0.999998987 6.814051151
0.999999225 -0.000812641 -0.000972559 0.175106883 0.000813691 0.999999106 0.001079735 -0.287840486 0.000971680 -0.001080526 0.999998987 7.106205463
0.999998927 -0.001029551 -0.000944669 0.185369387 0.001030799 0.999998569 0.001322342 -0.299969614 0.000943306 -0.001323314 0.999998689 7.402313709
0.999999344 -0.000772386 -0.000868089 0.189161539 0.000773525 0.999998808 0.001311878 -0.310136974 0.000867075 -0.001312548 0.999998808 7.714421749
0.999999166 -0.001010892 -0.000703044 0.196033448 0.001011962 0.999998271 0.001523393 -0.321559757 0.000701502 -0.001524103 0.999998629 8.051181793
0.999999285 -0.000943907 -0.000652305 0.200138852 0.000944854 0.999998510 0.001454204 -0.324845731 0.000650932 -0.001454819 0.999998748 8.367557526
0.999998987 -0.001259122 -0.000695020 0.199013859 0.001260116 0.999998152 0.001430987 -0.348744243 0.000693217 -0.001431862 0.999998748 8.691620827
0.999999344 -0.000883784 -0.000771732 0.203656003 0.000884965 0.999998450 0.001531142 -0.355289668 0.000770378 -0.001531824 0.999998569 9.026812553
0.999999404 -0.001035444 -0.000561492 0.213232353 0.001036299 0.999998391 0.001524770 -0.369895369 0.000559912 -0.001525351 0.999998689 9.373733521
0.999999821 -0.000444607 -0.000345793 0.212286681 0.000445136 0.999998808 0.001532684 -0.377685159 0.000345112 -0.001532837 0.999998808 9.719256401
0.999999940 -0.000176533 -0.000256276 0.219540492 0.000176903 0.999999046 0.001443175 -0.379314899 0.000256021 -0.001443221 0.999998987 10.062539101
0.999999404 -0.001084066 -0.000375004 0.225990608 0.001084641 0.999998271 0.001536442 -0.394587785 0.000373338 -0.001536848 0.999998748 10.426083565
0.999999642 -0.000897384 -0.000192772 0.237231120 0.000897747 0.999997854 0.001888910 -0.410665154 0.000191076 -0.001889082 0.999998212 10.789252281
0.999998569 -0.001436156 -0.000831876 0.249593586 0.001437755 0.999997079 0.001924840 -0.431679279 0.000829109 -0.001926032 0.999997795 11.111888885
0.999998629 -0.001336058 -0.000887109 0.258706719 0.001337759 0.999997258 0.001920114 -0.444400758 0.000884541 -0.001921298 0.999997735 11.489423752
0.999998808 -0.001435816 -0.000615173 0.264620394 0.001437064 0.999996960 0.002032650 -0.451303750 0.000612253 -0.002033531 0.999997795 11.879204750
0.999998271 -0.001686754 -0.000810154 0.276328236 0.001688614 0.999995947 0.002301221 -0.469260871 0.000806269 -0.002302585 0.999997020 12.233240128
0.999998331 -0.001657671 -0.000741196 0.283928424 0.001659346 0.999996066 0.002264588 -0.482240796 0.000737439 -0.002265814 0.999997139 12.618138313
0.999998331 -0.001756306 -0.000522732 0.290482312 0.001757581 0.999995470 0.002449019 -0.494342715 0.000518428 -0.002449934 0.999996841 13.020342827
0.999998033 -0.001648047 -0.001066198 0.305649728 0.001650856 0.999995172 0.002639269 -0.508997023 0.001061843 -0.002641023 0.999995947 13.403223991
0.999999106 -0.001239409 -0.000502096 0.305914849 0.001240788 0.999995470 0.002755858 -0.516178071 0.000498678 -0.002756478 0.999996006 13.812905312
0.999999344 -0.001056464 -0.000407539 0.320398837 0.001057718 0.999994695 0.003087709 -0.534691513 0.000404274 -0.003088138 0.999995112 14.219264030
0.999998391 -0.001731064 -0.000491217 0.325942874 0.001732539 0.999993920 0.003017992 -0.552044332 0.000485990 -0.003018837 0.999995291 14.611957550
0.999997675 -0.002153530 -0.000377300 0.338421792 0.002154711 0.999992669 0.003156171 -0.565716267 0.000370500 -0.003156977 0.999994993 15.026913643
0.999997795 -0.002122142 -0.000066679 0.344389498 0.002122351 0.999992251 0.003313512 -0.577543437 0.000059646 -0.003313647 0.999994576 15.479213715
0.999998510 -0.001643566 0.000585998 0.350079745 0.001641499 0.999992430 0.003510863 -0.591384470 -0.000591763 -0.003509896 0.999993682 15.917156219
0.999996483 -0.002584168 0.000457424 0.363333017 0.002582491 0.999990046 0.003630860 -0.603703618 -0.000466803 -0.003629666 0.999993324 16.351045609
0.999996364 -0.002616243 0.000561720 0.370515645 0.002614239 0.999990344 0.003540316 -0.615756691 -0.000570977 -0.003538835 0.999993622 16.798034668
0.999996364 -0.002637800 0.000574417 0.391298175 0.002635680 0.999989808 0.003659873 -0.627179980 -0.000584066 -0.003658346 0.999993145 17.261632919
0.999995172 -0.002911587 0.001073514 0.394584835 0.002907365 0.999988139 0.003912957 -0.638722420 -0.001084895 -0.003909818 0.999991775 17.735803604
0.999993682 -0.003260671 0.001375175 0.400954127 0.003254765 0.999985516 0.004275374 -0.659912467 -0.001389096 -0.004270871 0.999989927 18.143678665
0.999992847 -0.003496765 0.001428494 0.411824107 0.003490821 0.999985337 0.004142433 -0.667856634 -0.001442959 -0.004137416 0.999990404 18.619604111
0.999993980 -0.003060946 0.001652702 0.423892975 0.003054174 0.999987006 0.004084896 -0.682806373 -0.001665185 -0.004079823 0.999990344 19.086351395
0.999994457 -0.002827719 0.001756023 0.436404139 0.002819658 0.999985635 0.004575710 -0.698573589 -0.001768937 -0.004570733 0.999988019 19.559162140
0.999995172 -0.002641935 0.001617899 0.448000848 0.002633995 0.999984562 0.004890226 -0.723718286 -0.001630793 -0.004885940 0.999986708 20.012662888
0.999994576 -0.002847594 0.001661383 0.460716605 0.002839364 0.999983788 0.004935346 -0.736128688 -0.001675410 -0.004930601 0.999986351 20.511793137
0.999994397 -0.003225806 0.000805476 0.478551388 0.003221897 0.999983251 0.004806930 -0.746930182 -0.000820969 -0.004804308 0.999988139 20.993625641
0.999993980 -0.003434389 0.000292109 0.485835642 0.003432838 0.999980807 0.005156676 -0.769466758 -0.000309814 -0.005155642 0.999986589 21.490180969
0.999991655 -0.004078554 0.000093382 0.474410623 0.004077919 0.999973536 0.006017689 -0.811272860 -0.000117923 -0.006017258 0.999981880 21.933246613
0.999993145 -0.003702353 0.000075199 0.483643323 0.003701856 0.999976516 0.005784691 -0.813473821 -0.000096614 -0.005784374 0.999983251 22.435237885
0.999989927 -0.004441367 -0.000589148 0.490678579 0.004444984 0.999970436 0.006285725 -0.828861833 0.000561213 -0.006288281 0.999980032 22.944288254
0.999989569 -0.004293170 -0.001474984 0.504768848 0.004301960 0.999972641 0.006007654 -0.840962231 0.001449152 -0.006013936 0.999980867 23.489028931
0.999986351 -0.004989645 -0.001543500 0.503161669 0.004999450 0.999966919 0.006415371 -0.874763012 0.001511438 -0.006422999 0.999978185 23.894346237
0.999991715 -0.003677734 -0.001725609 0.509435415 0.003689364 0.999970198 0.006785304 -0.882264793 0.001700603 -0.006791614 0.999975443 24.436096191
0.999985158 -0.004577396 -0.002926750 0.536732912 0.004598294 0.999963701 0.007173907 -0.903507590 0.002893806 -0.007187258 0.999969959 24.948644638
0.999987066 -0.003826828 -0.003325535 0.525074899 0.003850478 0.999967158 0.007134456 -0.908394456 0.003298123 -0.007147168 0.999969006 25.441408157
0.999989808 -0.003125428 -0.003260377 0.517555237 0.003150370 0.999965608 0.007673117 -0.946185470 0.003236283 -0.007683310 0.999965191 25.963048935
0.999985814 -0.003920081 -0.003597313 0.522769272 0.003949182 0.999959290 0.008118389 -0.956723392 0.003565341 -0.008132480 0.999960542 26.513450623
0.999981582 -0.004192108 -0.004389382 0.536979616 0.004227639 0.999958158 0.008116702 -0.967981756 0.004355173 -0.008135108 0.999957383 27.074298859
0.999981582 -0.003652096 -0.004842172 0.548983395 0.003691826 0.999959409 0.008221500 -0.986642063 0.004811950 -0.008239226 0.999954462 27.592782974
0.999981463 -0.003171197 -0.005192980 0.567763865 0.003213873 0.999960899 0.008230330 -0.999925911 0.005166677 -0.008246867 0.999952674 28.072183609
0.999975324 -0.004063002 -0.005737619 0.576573014 0.004110849 0.999956667 0.008352092 -1.014714599 0.005703436 -0.008375471 0.999948740 28.621648788
0.999975681 -0.003907128 -0.005771167 0.585005820 0.003956466 0.999955475 0.008562392 -1.028738499 0.005737456 -0.008585017 0.999946773 29.174989700
0.999978065 -0.002896279 -0.005945309 0.573448241 0.002945905 0.999960721 0.008355387 -1.038220406 0.005920875 -0.008372719 0.999947429 29.681491852
0.999973059 -0.003685758 -0.006353803 0.586667538 0.003739486 0.999957144 0.008464891 -1.050053477 0.006322332 -0.008488422 0.999944031 30.231101990
0.999971509 -0.003560824 -0.006662204 0.609781861 0.003614417 0.999961078 0.008049666 -1.063481569 0.006633282 -0.008073516 0.999945402 30.737745285
0.999971569 -0.003621335 -0.006614062 0.615369260 0.003680312 0.999953508 0.008926658 -1.083856344 0.006581427 -0.008950745 0.999938250 31.217891693
0.999965727 -0.003943934 -0.007282815 0.629092872 0.004010289 0.999950409 0.009119265 -1.099581361 0.007246489 -0.009148160 0.999931872 31.764793396
0.999969006 -0.003557898 -0.007019926 0.641098320 0.003621028 0.999952972 0.009000943 -1.105378985 0.006987571 -0.009026084 0.999934852 32.310859680
0.999965727 -0.003532757 -0.007476579 0.629512966 0.003599039 0.999954164 0.008870499 -1.116043329 0.007444899 -0.008897106 0.999932706 32.812854767
0.999970376 -0.002853738 -0.007146819 0.629711926 0.002919679 0.999953091 0.009233159 -1.149720192 0.007120134 -0.009253752 0.999931812 33.318115234
0.999969125 -0.002623898 -0.007408163 0.636039138 0.002690105 0.999956369 0.008941112 -1.153733253 0.007384380 -0.008960764 0.999932528 33.875270844
0.999962628 -0.003221138 -0.008026765 0.657101989 0.003291664 0.999955893 0.008788677 -1.161659122 0.007998102 -0.008814771 0.999929130 34.400741577
0.999968469 -0.002623987 -0.007487919 0.652349234 0.002691842 0.999955237 0.009066170 -1.175726891 0.007463795 -0.009086042 0.999930859 34.945514679
0.999968886 -0.002463141 -0.007488929 0.650744736 0.002527380 0.999959946 0.008580504 -1.186257720 0.007467494 -0.008599165 0.999935091 35.424568176
0.999968708 -0.002479629 -0.007510374 0.655008197 0.002545204 0.999958634 0.008734249 -1.202691555 0.007488406 -0.008753090 0.999933600 35.988208771
0.999967933 -0.002744660 -0.007538395 0.671820521 0.002817933 0.999948740 0.009726612 -1.240848660 0.007511312 -0.009747542 0.999924302 36.454433441
0.999965429 -0.002815169 -0.007831673 0.680103779 0.002891142 0.999948740 0.009706450 -1.251528263 0.007803945 -0.009728757 0.999922216 37.001346588
0.999956429 -0.003815285 -0.008528459 0.695976257 0.003899518 0.999943614 0.009881951 -1.261063576 0.008490276 -0.009914774 0.999914825 37.563938141
0.999960780 -0.003308813 -0.008208239 0.687707365 0.003391101 0.999943972 0.010031501 -1.282253027 0.008174587 -0.010058943 0.999916017 38.099288940
0.999966443 -0.002084205 -0.007915956 0.705299258 0.002160701 0.999950945 0.009667277 -1.287887335 0.007895419 -0.009684058 0.999921918 38.612571716
0.999966681 -0.002399844 -0.007801972 0.690799832 0.002473982 0.999951720 0.009506775 -1.293761611 0.007778782 -0.009525760 0.999924362 39.172687531
0.999957204 -0.003393446 -0.008607002 0.716326952 0.003493537 0.999926269 0.011640821 -1.365610123 0.008566865 -0.011670392 0.999895155 39.626235962
0.999956131 -0.003583694 -0.008648246 0.717420936 0.003683618 0.999926388 0.011566179 -1.374090672 0.008606158 -0.011597529 0.999895751 40.193195343
0.999957681 -0.003351183 -0.008564763 0.722505450 0.003452532 0.999923885 0.011846022 -1.384847403 0.008524414 -0.011875092 0.999893129 40.737571716
0.999957919 -0.002891786 -0.008707576 0.730626345 0.002992366 0.999928772 0.011560054 -1.389999628 0.008673526 -0.011585624 0.999895275 41.298336029
0.999955058 -0.003355875 -0.008857403 0.747557282 0.003458933 0.999926209 0.011645677 -1.403126955 0.008817668 -0.011675794 0.999892950 41.845436096
0.999950409 -0.003895067 -0.009163830 0.753994107 0.004003439 0.999921918 0.011837613 -1.418126822 0.009117007 -0.011873714 0.999887884 42.298923492
0.999949574 -0.004049757 -0.009190603 0.761980653 0.004160353 0.999918759 0.012046528 -1.432687521 0.009141072 -0.012084157 0.999885142 42.852714539
0.999946475 -0.004054576 -0.009514540 0.771767616 0.004163355 0.999925852 0.011441086 -1.436456203 0.009467446 -0.011480086 0.999889255 43.391242981
0.999947131 -0.003895787 -0.009505413 0.774090528 0.004007205 0.999923110 0.011730751 -1.443120003 0.009458981 -0.011768222 0.999886036 43.929088593
0.999954343 -0.003428902 -0.008914576 0.774516821 0.003536128 0.999921262 0.012040476 -1.474812031 0.008872588 -0.012071449 0.999887705 44.385082245
0.999954879 -0.003373836 -0.008872364 0.786877871 0.003482016 0.999919474 0.012205899 -1.481710792 0.008830468 -0.012236244 0.999886096 44.927616119
0.999954998 -0.003205322 -0.008927069 0.793133616 0.003313219 0.999921262 0.012098061 -1.490006208 0.008887587 -0.012127094 0.999886930 45.474025726
0.999961555 -0.002403240 -0.008433815 0.787963867 0.002500457 0.999930322 0.011535476 -1.500393033 0.008405506 -0.011556121 0.999897838 46.009387970
0.999957323 -0.002683525 -0.008837193 0.786902308 0.002792886 0.999919415 0.012386109 -1.519677162 0.008803243 -0.012410262 0.999884248 46.440990448
0.999957502 -0.002777646 -0.008786054 0.792751014 0.002882950 0.999923944 0.011995392 -1.525534272 0.008752069 -0.012020214 0.999889493 46.985748291
0.999956250 -0.002898635 -0.008886544 0.793678164 0.003003609 0.999925673 0.011822200 -1.532320976 0.008851615 -0.011848376 0.999890685 47.543586731
0.999955416 -0.002772210 -0.009027096 0.808296919 0.002878309 0.999926746 0.011761690 -1.538957357 0.008993831 -0.011787150 0.999890149 48.046066284
0.999962151 -0.002239589 -0.008407912 0.806792974 0.002344260 0.999919653 0.012459975 -1.554460883 0.008379332 -0.012479212 0.999886990 48.484844208
0.999964774 -0.001988267 -0.008151273 0.805595279 0.002091634 0.999917269 0.012692210 -1.563021660 0.008125363 -0.012708813 0.999886215 49.012424469
0.999958515 -0.003475492 -0.008426555 0.816452146 0.003578142 0.999919176 0.012197234 -1.571181774 0.008383484 -0.012226878 0.999890089 49.543308258
0.999959111 -0.002443392 -0.008705795 0.818453789 0.002551924 0.999918878 0.012477406 -1.579832554 0.008674603 -0.012499115 0.999884188 49.997497559
0.999961555 -0.001770414 -0.008592391 0.816519558 0.001878176 0.999919474 0.012549721 -1.589813948 0.008569482 -0.012565376 0.999884307 50.538722992
0.999960601 -0.001923381 -0.008654986 0.828693449 0.002029958 0.999922037 0.012322062 -1.599592447 0.008630610 -0.012339146 0.999886632 51.088130951
0.999964654 -0.001856815 -0.008191456 0.831668377 0.001954192 0.999927282 0.011895746 -1.596797347 0.008168774 -0.011911334 0.999895632 51.624469757
0.999962926 -0.001854975 -0.008406660 0.839091301 0.001959113 0.999921262 0.012396375 -1.614579320 0.008383002 -0.012412385 0.999887824 52.062488556
0.999962449 -0.001771745 -0.008486417 0.844669580 0.001878865 0.999918520 0.012631133 -1.625212908 0.008463345 -0.012646604 0.999884248 52.610652924
0.999964476 -0.001673231 -0.008259261 0.849520683 0.001777492 0.999918640 0.012632339 -1.634973407 0.008237451 -0.012646571 0.999886155 53.130569458
0.999964535 -0.001716330 -0.008246445 0.853456378 0.001820027 0.999919176 0.012583722 -1.649127722 0.008224181 -0.012598286 0.999886811 53.582447052
0.999969065 -0.001373449 -0.007753758 0.854615092 0.001469338 0.999922335 0.012374594 -1.651217937 0.007736161 -0.012385605 0.999893367 54.128849030
0.999968886 -0.001345726 -0.007778516 0.858948112 0.001441621 0.999922812 0.012335893 -1.656863213 0.007761316 -0.012346722 0.999893606 54.670810699
0.999965906 -0.001448865 -0.008131569 0.886537969 0.001549067 0.999922812 0.012329902 -1.657800674 0.008113077 -0.012342079 0.999890864 55.207557678
0.999963701 -0.001886420 -0.008312316 0.888790369 0.001994734 0.999912977 0.013041578 -1.693468571 0.008286990 -0.013057684 0.999880433 55.598937988
0.999961436 -0.002100667 -0.008526021 0.896732390 0.002213675 0.999909580 0.013266779 -1.704389334 0.008497380 -0.013285140 0.999875724 56.150520325
0.999962986 -0.001780922 -0.008416126 0.900879383 0.001889003 0.999915719 0.012851606 -1.705228806 0.008392529 -0.012867029 0.999881983 56.703300476
0.999966979 -0.001368046 -0.008024120 0.905093253 0.001467953 0.999921381 0.012458198 -1.703037500 0.008006446 -0.012469565 0.999890208 57.261093140
0.999965072 -0.001696421 -0.008182758 0.912806034 0.001802169 0.999914765 0.012933293 -1.722598195 0.008160121 -0.012947590 0.999882817 57.687294006
0.999963462 -0.002204069 -0.008260991 0.922318220 0.002310264 0.999914587 0.012867605 -1.731805921 0.008231926 -0.012886222 0.999883056 58.232589722
0.999967158 -0.001670738 -0.007935065 0.918575644 0.001777085 0.999908507 0.013413966 -1.739286661 0.007911929 -0.013427625 0.999878526 58.779094696
0.999967873 -0.001573538 -0.007863306 0.937920570 0.001673231 0.999918163 0.012687827 -1.744713664 0.007842696 -0.012700579 0.999888539 59.331829071
0.999964952 -0.001446115 -0.008245922 0.960408151 0.001555925 0.999910116 0.013326023 -1.764861822 0.008225908 -0.013338387 0.999877155 59.736946106
0.999961376 -0.001486906 -0.008660415 0.975155532 0.001602615 0.999909341 0.013369100 -1.779359221 0.008639751 -0.013382464 0.999873102 60.279083252
0.999965370 -0.001333819 -0.008218116 0.985873699 0.001441891 0.999912381 0.013158570 -1.790131092 0.008199846 -0.013169965 0.999879599 60.809246063
0.999964356 -0.001605460 -0.008281147 0.987208903 0.001712466 0.999914885 0.012930785 -1.787003994 0.008259684 -0.012944506 0.999882162 61.333759308
0.999966681 -0.001281319 -0.008062919 0.984449863 0.001388526 0.999910533 0.013304717 -1.807590961 0.008045150 -0.013315469 0.999879003 61.793563843
0.999968886 -0.000997102 -0.007823694 0.981512070 0.001102201 0.999909163 0.013440689 -1.816485405 0.007809582 -0.013448893 0.999879122 62.325534821
0.999964356 -0.001393144 -0.008339333 0.987796187 0.001502399 0.999912918 0.013109304 -1.823178768 0.008320344 -0.013121363 0.999879360 62.870105743
0.999972522 0.000188136 -0.007409156 0.973234296 -0.000088658 0.999909878 0.013424377 -1.839318991 0.007411015 -0.013423351 0.999882460 63.415180206
0.999967158 -0.000978360 -0.008038560 1.011249661 0.001083247 0.999914229 0.013053986 -1.832334518 0.008025099 -0.013062266 0.999882460 63.920310974
0.999968767 -0.000871171 -0.007849931 1.014343023 0.000976097 0.999910116 0.013372683 -1.855923414 0.007837575 -0.013379928 0.999879777 64.315284729
0.999971509 -0.000503661 -0.007523607 1.022024512 0.000601330 0.999915600 0.012985172 -1.860665560 0.007516431 -0.012989325 0.999887466 64.865852356
0.999967158 -0.001143881 -0.008026856 1.027289987 0.001249158 0.999913216 0.013122903 -1.872658730 0.008011148 -0.013132500 0.999881685 65.387207031
0.999972999 -0.000390726 -0.007336281 1.014698148 0.000486235 0.999915123 0.013021460 -1.885500312 0.007330572 -0.013024674 0.999888301 65.886543274
0.999975324 -0.000054932 -0.007030314 1.032286644 0.000141766 0.999923706 0.012351483 -1.879068375 0.007029099 -0.012352173 0.999899030 66.476753235
0.999967337 -0.001052792 -0.008002405 1.053913593 0.001161795 0.999906421 0.013628875 -1.904143810 0.007987306 -0.013637726 0.999875128 66.830284119
0.999965787 -0.000237203 -0.008262588 1.068521023 0.000350681 0.999905646 0.013735219 -1.923565269 0.008258549 -0.013737647 0.999871552 67.355636597
0.999968290 0.000183833 -0.007956324 1.067899942 -0.000075443 0.999907196 0.013621339 -1.925565481 0.007958089 -0.013620306 0.999875605 67.897491455
0.999971807 0.000377848 -0.007493319 1.070496678 -0.000282415 0.999918878 0.012732657 -1.922332048 0.007497521 -0.012730184 0.999890924 68.454597473
0.999970138 -0.000581620 -0.007698053 1.075055838 0.000684707 0.999910057 0.013395395 -1.938907862 0.007689571 -0.013400266 0.999880612 68.881072998
0.999970973 -0.000318595 -0.007616483 1.080822229 0.000420722 0.999909997 0.013410861 -1.941808105 0.007611524 -0.013413677 0.999881089 69.428138733
0.999972045 0.000073204 -0.007468566 1.087166548 0.000023782 0.999915719 0.012984948 -1.950373769 0.007468888 -0.012984766 0.999887824 69.990539551
0.999970853 0.000118580 -0.007638535 1.102349520 -0.000016500 0.999910712 0.013362505 -1.969138622 0.007639437 -0.013361989 0.999881506 70.493934631
0.999972165 0.000207469 -0.007454984 1.101340652 -0.000111029 0.999916375 0.012934249 -1.972089052 0.007457043 -0.012933061 0.999888599 71.022666931
0.999971271 -0.000661248 -0.007554118 1.101737738 0.000762375 0.999910057 0.013392142 -1.979004145 0.007544583 -0.013397516 0.999881804 71.485038757
0.999969840 -0.000544348 -0.007746235 1.107146740 0.000646605 0.999912620 0.013204606 -1.985294819 0.007738370 -0.013209216 0.999882877 72.031234741
0.999972105 -0.000032473 -0.007472674 1.095329285 0.000130915 0.999913216 0.013173429 -1.989672899 0.007471598 -0.013174041 0.999885321 72.554626465
0.999972701 -0.000551375 -0.007371433 1.105463743 0.000650618 0.999909103 0.013467525 -2.000197411 0.007363338 -0.013471954 0.999882162 73.050964355
0.999973059 -0.000421260 -0.007327886 1.126214981 0.000519175 0.999910533 0.013365231 -2.019253016 0.007321601 -0.013368675 0.999883771 73.553871155
0.999969602 -0.001181240 -0.007714673 1.141423106 0.001284736 0.999909043 0.013424331 -2.029879808 0.007698115 -0.013433835 0.999880075 74.094604492
0.999970436 -0.001126810 -0.007607291 1.148938656 0.001228462 0.999909878 0.013371088 -2.044468880 0.007591539 -0.013380036 0.999881625 74.624557495
0.999966383 -0.001189335 -0.008115274 1.160665035 0.001295716 0.999913156 0.013116104 -2.045633078 0.008098970 -0.013126179 0.999880970 75.189414978
0.999962807 -0.001961186 -0.008400244 1.173837423 0.002070704 0.999912679 0.013048716 -2.053882122 0.008373919 -0.013065624 0.999879539 75.720710754
0.999973536 -0.000252659 -0.007272684 1.153574228 0.000349809 0.999910653 0.013359970 -2.067688942 0.007268658 -0.013362162 0.999884307 76.198440552
0.999971688 -0.000854429 -0.007479808 1.167403698 0.000953141 0.999912381 0.013203406 -2.078834772 0.007467871 -0.013210163 0.999884903 76.742462158
0.999973774 -0.000222884 -0.007242466 1.165157557 0.000317918 0.999913812 0.013123384 -2.085635900 0.007238918 -0.013125342 0.999887586 77.269805908
0.999979138 0.000644610 -0.006415236 1.168765545 -0.000562102 0.999917150 0.012854652 -2.084642649 0.006422992 -0.012850777 0.999896824 77.807624817
0.999985456 0.000984410 -0.005295704 1.172036409 -0.000918308 0.999921858 0.012470177 -2.090332985 0.005307566 -0.012465133 0.999908268 78.346954346
0.999991298 0.000922763 -0.004042964 1.182524443 -0.000872160 0.999921381 0.012500251 -2.103842020 0.004054181 -0.012496617 0.999913752 78.893302917
0.999996841 0.000089757 -0.002512519 1.194047689 -0.000057297 0.999916494 0.012916236 -2.108800411 0.002513469 -0.012916051 0.999913454 79.448562622
0.999999285 0.000770629 0.000949308 1.211521149 -0.000782325 0.999923050 0.012382180 -2.116365671 -0.000939693 -0.012382913 0.999922931 80.014976501
0.999989748 -0.000602461 0.004497448 1.228963375 0.000544878 0.999917984 0.012793710 -2.122123241 -0.004504788 -0.012791129 0.999908090 80.548469543
0.999972165 -0.000898561 0.007410843 1.246926308 0.000807176 0.999923706 0.012324978 -2.121963978 -0.007421353 -0.012318652 0.999896586 81.107429504
0.999921560 -0.000065954 0.012524720 1.267385483 -0.000094565 0.999917805 0.012815157 -2.141007423 -0.012524538 -0.012815336 0.999839425 81.616920471
0.999823928 0.000192417 0.018761652 1.306300163 -0.000435444 0.999916077 0.012950175 -2.141644001 -0.018757585 -0.012956064 0.999740124 82.070304871
0.999693990 0.000487991 0.024735643 1.334073544 -0.000809642 0.999915302 0.012995226 -2.151499271 -0.024727205 -0.013011279 0.999609530 82.623855591
0.999550343 -0.000053257 0.029985847 1.385665178 -0.000315839 0.999924242 0.012304134 -2.150250435 -0.029984232 -0.012308071 0.999474585 83.172058105
0.999284446 0.000622002 0.037818458 1.422382951 -0.001094047 0.999921679 0.012462433 -2.153591156 -0.037807744 -0.012494890 0.999206960 83.739555359
0.998970926 -0.000230146 0.045356106 1.473206997 -0.000311269 0.999928772 0.011929555 -2.161742687 -0.045355622 -0.011931394 0.998899639 84.281372070
0.998634100 -0.000655346 0.052246317 1.526513815 0.000029290 0.999928176 0.011982655 -2.168008327 -0.052250423 -0.011964757 0.998562336 84.830657959
0.998144448 -0.001507650 0.060871568 1.588229179 0.000780309 0.999928057 0.011970786 -2.166747570 -0.060885236 -0.011901075 0.998073816 85.358345032
0.997481287 -0.001579538 0.070912346 1.645598888 0.000724763 0.999926805 0.012078070 -2.190347910 -0.070926234 -0.011996252 0.997409463 85.889617920
0.996826470 -0.001702585 0.079586864 1.716959953 0.000718679 0.999922991 0.012389682 -2.184323311 -0.079601824 -0.012293164 0.996750951 86.454956055
0.996156871 -0.001845649 0.087567225 1.779973984 0.000793623 0.999927104 0.012047221 -2.190613270 -0.087583072 -0.011931427 0.996085703 86.937492371
0.995159328 -0.001697502 0.098259851 1.843923092 0.000530363 0.999929011 0.011902991 -2.207993507 -0.098273091 -0.011793259 0.995089591 87.528465271
0.994095922 -0.002728561 0.108470455 1.941757679 0.001445352 0.999927998 0.011906901 -2.204256535 -0.108495131 -0.011679824 0.994028330 88.029335022
0.993048072 -0.002223544 0.117688224 2.036458015 0.000820564 0.999928057 0.011968271 -2.223516941 -0.117706358 -0.011788498 0.992978454 88.608741760
0.991681874 -0.002616776 0.128686205 2.129233360 0.001081102 0.999927402 0.012001884 -2.227482796 -0.128708258 -0.011762927 0.991612673 89.148300171
0.990016282 -0.002251689 0.140934855 2.228187561 0.000542783 0.999925911 0.012162770 -2.242957830 -0.140951782 -0.011964847 0.989944100 89.679290771
0.988521159 -0.003803064 0.151034743 2.342753410 0.002080111 0.999931037 0.011564017 -2.249277830 -0.151068285 -0.011117108 0.988460779 90.210075378
0.986900508 -0.004251573 0.161274001 2.453955650 0.002415693 0.999930024 0.011577976 -2.255051613 -0.161311939 -0.011036723 0.986841738 90.755294800
0.984720469 -0.004275331 0.174090162 2.576543808 0.002274369 0.999929070 0.011691700 -2.267408371 -0.174127802 -0.011117112 0.984660327 91.278450012
0.982367575 -0.004616676 0.186902657 2.686470985 0.002477239 0.999928713 0.011678741 -2.272967339 -0.186943248 -0.011009814 0.982309163 91.818168640
0.980437458 -0.005364394 0.196757540 2.820662498 0.003171894 0.999929368 0.011456599 -2.278684378 -0.196805105 -0.010608385 0.980385363 92.357879639
0.977789640 -0.005754949 0.209509805 2.967546463 0.003435025 0.999928772 0.011435299 -2.291479111 -0.209560692 -0.010461648 0.977739692 92.867462158
0.974819303 -0.005999427 0.222915560 3.093790054 0.003426889 0.999922991 0.011925447 -2.301548958 -0.222969934 -0.010861249 0.974764824 93.391464233
0.972110093 -0.006227536 0.234442353 3.238842010 0.003556953 0.999923825 0.011812340 -2.312717915 -0.234498054 -0.010648992 0.972058296 93.913833618
0.969087303 -0.006121908 0.246642232 3.403856277 0.003224841 0.999921024 0.012148254 -2.328532696 -0.246697113 -0.010977335 0.969030440 94.422737122
0.965513945 -0.006276398 0.260275811 3.579622269 0.003133761 0.999917030 0.012487481 -2.337620735 -0.260332584 -0.011241194 0.965453625 94.942131042
0.961996317 -0.006294434 0.272989869 3.753391266 0.003092234 0.999921262 0.012158768 -2.347177982 -0.273044914 -0.010852542 0.961940050 95.506111145
0.958755910 -0.007070706 0.284142613 3.936471939 0.003776019 0.999919116 0.012141278 -2.356994629 -0.284205556 -0.010567592 0.958705127 96.027793884
0.954549432 -0.006722702 0.297976702 4.126659393 0.003191072 0.999918759 0.012336941 -2.361376762 -0.298035353 -0.010825355 0.954493403 96.564880371
0.950272381 -0.007568664 0.311327994 4.327274323 0.003950741 0.999917090 0.012249965 -2.371971846 -0.311394870 -0.010410827 0.950223565 97.060546875
0.946385086 -0.007837246 0.322945684 4.490257263 0.003976366 0.999912500 0.012613229 -2.378539562 -0.323016196 -0.010652822 0.946333408 97.547180176
0.941986203 -0.008011670 0.335555941 4.701749802 0.004012837 0.999912441 0.012608723 -2.389057159 -0.335627526 -0.010530711 0.941935837 98.067207336
0.936844885 -0.008906921 0.349631667 4.911317825 0.004771078 0.999908030 0.012688622 -2.390736818 -0.349712551 -0.010219149 0.936801314 98.582626343
0.932297289 -0.009464039 0.361569256 5.133544922 0.005151988 0.999903619 0.012888107 -2.398227930 -0.361656398 -0.010152746 0.932256222 99.086921692
0.927994967 -0.009855137 0.372462392 5.350914001 0.005439447 0.999901950 0.012904366 -2.398846626 -0.372553080 -0.009949197 0.927957535 99.585647583
0.922407448 -0.009482604 0.386101723 5.581155777 0.004736564 0.999900997 0.013241652 -2.404917002 -0.386189103 -0.010385402 0.922361135 100.086395264
0.916818857 -0.010030122 0.399177253 5.820358276 0.005087641 0.999896765 0.013439241 -2.416050434 -0.399270862 -0.010290479 0.916775286 100.593917847
0.911832213 -0.010428612 0.410430700 6.069324493 0.005423236 0.999896049 0.013357791 -2.424446344 -0.410527378 -0.009954202 0.911793947 101.095100403
0.905325413 -0.010853155 0.424579710 6.332317352 0.005908522 0.999898553 0.012960860 -2.424111843 -0.424677342 -0.009225158 0.905297756 101.585769653
0.898549438 -0.010989316 0.438734561 6.598308563 0.005993628 0.999900460 0.012770022 -2.430308819 -0.438831300 -0.008844885 0.898525953 102.068374634
0.892456234 -0.011328442 0.450991780 6.873897552 0.006126617 0.999896765 0.012992557 -2.435527802 -0.451092422 -0.008832234 0.892433524 102.584777832
0.887069464 -0.012190538 0.461475015 7.150009155 0.006945932 0.999890625 0.013061767 -2.444664240 -0.461583793 -0.008381321 0.887056947 103.051666260
0.879911840 -0.012488049 0.474972695 7.419353485 0.007113420 0.999888659 0.013111229 -2.454062939 -0.475083560 -0.008158045 0.879902840 103.523849487
0.872926116 -0.012902267 0.487681717 7.706535339 0.007161993 0.999881387 0.013633575 -2.458967209 -0.487799853 -0.008408331 0.872915030 103.987380981
0.867063165 -0.013762820 0.498008102 7.996208191 0.007945025 0.999873161 0.013799448 -2.467881203 -0.498134881 -0.008008308 0.867062569 104.451507568
