1.000000000 0.000000000 0.000000000 0.000000000 0.000000000 1.000000000 0.000000000 0.000000000 0.000000000 0.000000000 1.000000000 0.000000000
1.000000000 0.000018250 0.000057714 -0.000681181 -0.000018255 1.000000000 0.000073116 -0.000331305 -0.000057713 -0.000073117 1.000000000 -0.000182329
1.000000000 -0.000057112 0.000076532 -0.000668894 0.000057109 1.000000000 0.000037423 0.000010762 -0.000076534 -0.000037418 1.000000000 0.000055830
1.000000000 0.000045946 0.000046696 -0.000464881 -0.000045942 1.000000000 -0.000075589 0.000053968 -0.000046700 0.000075587 1.000000000 -0.000432840
1.000000000 0.000092638 0.000098973 -0.001309261 -0.000092640 1.000000000 0.000017971 -0.000009332 -0.000098971 -0.000017981 1.000000000 0.000397531
1.000000000 -0.000035840 -0.000006624 -0.000079102 0.000035839 1.000000000 -0.000040737 -0.000359550 0.000006626 0.000040736 1.000000000 -0.000384154
1.000000000 0.000071670 0.000081021 -0.000069548 -0.000071668 1.000000000 -0.000029210 0.000358747 -0.000081023 0.000029204 1.000000000 0.001201101
1.000000000 0.000090434 -0.000007371 -0.000322610 -0.000090435 1.000000000 -0.000093355 0.000240282 0.000007362 0.000093356 1.000000000 0.000257316
1.000000000 0.000166497 0.000092998 -0.000798401 -0.000166489 1.000000000 -0.000083293 0.000312835 -0.000093012 0.000083277 1.000000000 0.001014511
1.000000000 0.000138470 0.000038847 -0.000605169 -0.000138472 1.000000000 0.000055682 -0.000111552 -0.000038839 -0.000055688 1.000000000 0.000904947
1.000000000 0.000118592 0.000039398 0.000324749 -0.000118590 1.000000000 -0.000048830 0.000639061 -0.000039404 0.000048825 1.000000000 0.002164148
1.000000000 0.000041386 0.000076033 -0.000735566 -0.000041385 1.000000000 -0.000018342 -0.000632380 -0.000076034 0.000018339 1.000000000 0.000067845
1.000000000 0.000172605 0.000051787 -0.000639708 -0.000172601 1.000000000 -0.000090271 0.000776638 -0.000051803 0.000090262 1.000000000 0.001044165
1.000000000 0.000145464 0.000105569 -0.001842245 -0.000145457 1.000000000 -0.000064989 0.000628454 -0.000105579 0.000064974 1.000000000 0.000243642
1.000000000 0.000126455 0.000072314 -0.000235944 -0.000126451 1.000000000 -0.000055697 0.001123537 -0.000072321 0.000055687 1.000000000 0.002364638
1.000000000 0.000193915 0.000102793 -0.000975286 -0.000193912 1.000000000 -0.000031029 0.000884832 -0.000102799 0.000031009 1.000000000 0.001474746
1.000000000 0.000198483 0.000111296 -0.001277478 -0.000198474 1.000000000 -0.000081001 0.000954378 -0.000111312 0.000080979 1.000000000 0.002083551
1.000000000 0.000146421 0.000158967 -0.001820726 -0.000146418 1.000000000 -0.000021009 0.001164521 -0.000158970 0.000020985 1.000000000 0.001782535
0.999999940 0.000230729 0.000210088 -0.002023367 -0.000230704 0.999999940 -0.000116502 0.001436518 -0.000210114 0.000116454 1.000000000 0.001245899
0.999999940 0.000182900 0.000193492 -0.002168262 -0.000182895 1.000000000 -0.000029190 0.000693397 -0.000193497 0.000029154 1.000000000 0.001562186
0.999999940 0.000276237 0.000127287 -0.001879631 -0.000276227 0.999999940 -0.000085014 0.001272658 -0.000127311 0.000084979 1.000000000 0.001229724
0.999999940 0.000233714 0.000155349 -0.001958630 -0.000233692 0.999999940 -0.000139463 0.001514045 -0.000155382 0.000139427 1.000000000 0.001787318
0.999999940 0.000244212 0.000188205 -0.002288724 -0.000244195 0.999999940 -0.000092529 0.001657587 -0.000188228 0.000092483 1.000000000 0.002423311
0.999999940 0.000353753 0.000130701 -0.002201313 -0.000353745 0.999999940 -0.000058248 0.001593686 -0.000130721 0.000058202 1.000000000 0.001984237
0.999999940 0.000269228 0.000186750 -0.001498627 -0.000269226 0.999999940 -0.000012980 0.000817404 -0.000186754 0.000012930 1.000000000 0.001667550
0.999999940 0.000269180 0.000213856 -0.002401621 -0.000269163 0.999999940 -0.000079197 0.002446058 -0.000213877 0.000079139 1.000000000 0.002550003
0.999999940 0.000298198 0.000213317 -0.002273018 -0.000298194 0.999999940 -0.000022415 0.001203477 -0.000213324 0.000022352 1.000000000 0.001834071
0.999999940 0.000327912 0.000129441 -0.002281322 -0.000327892 0.999999940 -0.000159527 0.002385724 -0.000129493 0.000159485 1.000000000 0.001206306
0.999999940 0.000384854 0.000136653 -0.002039064 -0.000384833 0.999999940 -0.000155360 0.002661572 -0.000136713 0.000155307 1.000000000 0.001294111
0.999999881 0.000392582 0.000250553 -0.001969712 -0.000392563 0.999999940 -0.000079182 0.001047655 -0.000250584 0.000079084 0.999999940 0.001565331
0.999999881 0.000319193 0.000282117 -0.002290989 -0.000319157 0.999999940 -0.000127912 0.002231504 -0.000282158 0.000127822 0.999999940 0.002593762
0.999999940 0.000267330 0.000178164 -0.001562554 -0.000267316 0.999999940 -0.000077898 0.001497689 -0.000178185 0.000077850 1.000000000 0.002546489
0.999999940 0.000257805 0.000165744 -0.001555520 -0.000257799 0.999999940 -0.000037230 0.000747079 -0.000165754 0.000037188 1.000000000 0.001325425
0.999999881 0.000378605 0.000272056 -0.002786655 -0.000378587 0.999999940 -0.000067754 0.001390624 -0.000272081 0.000067651 0.999999940 0.001799267
0.999999940 0.000365750 0.000199236 -0.001505918 -0.000365732 0.999999940 -0.000090335 0.001179823 -0.000199269 0.000090262 1.000000000 0.001457714
0.999999940 0.000207197 0.000152229 -0.001489407 -0.000207181 1.000000000 -0.000099434 0.001559732 -0.000152249 0.000099403 1.000000000 0.001596355
0.999999940 0.000350996 0.000181069 -0.002062751 -0.000350976 0.999999940 -0.000111729 0.002262892 -0.000181108 0.000111665 1.000000000 0.002040959
0.999999881 0.000377773 0.000205312 -0.002273187 -0.000377753 0.999999940 -0.000099234 0.001865035 -0.000205350 0.000099157 1.000000000 0.001829619
0.999999940 0.000271153 0.000141066 -0.000638900 -0.000271141 0.999999940 -0.000087924 0.002131782 -0.000141090 0.000087885 1.000000000 0.002043903
0.999999940 0.000190355 0.000159607 -0.000572504 -0.000190324 0.999999940 -0.000196395 0.001417857 -0.000159644 0.000196364 0.999999940 0.001849497
0.999999642 -0.000795834 0.000337329 -0.000651579 0.000795915 0.999999642 -0.000239011 -0.005845657 -0.000337139 0.000239279 0.999999940 0.052310746
0.999999762 -0.000626386 0.000357148 0.001513963 0.000626703 0.999999344 -0.000887453 -0.005507546 -0.000356592 0.000887677 0.999999583 0.144751713
0.999999642 -0.000683221 0.000522940 0.001438280 0.000683794 0.999999166 -0.001096890 -0.011374368 -0.000522191 0.001097247 0.999999285 0.249657422
0.999999583 -0.000668621 0.000586516 0.004430941 0.000669237 0.999999225 -0.001050640 -0.014218334 -0.000585813 0.001051032 0.999999285 0.380086303
0.999999642 -0.000629593 0.000635552 0.005634934 0.000630204 0.999999285 -0.000961629 -0.017676679 -0.000634946 0.000962029 0.999999404 0.523920000
0.999999583 -0.000757713 0.000508281 0.007866393 0.000758056 0.999999404 -0.000673533 -0.023687307 -0.000507770 0.000673918 0.999999642 0.677940369
0.999999642 -0.000567477 0.000609739 0.011800456 0.000567800 0.999999702 -0.000528586 -0.027605647 -0.000609439 0.000528932 0.999999702 0.841562271
0.999999642 -0.000596009 0.000618670 0.015196234 0.000596182 0.999999702 -0.000278678 -0.034779381 -0.000618504 0.000279047 0.999999762 1.006746888
0.999999583 -0.000630143 0.000622888 0.013377930 0.000630325 0.999999762 -0.000291626 -0.040586311 -0.000622704 0.000292019 0.999999762 1.186599493
0.999999583 -0.000485283 0.000803327 0.016387446 0.000485390 0.999999940 -0.000132992 -0.045305718 -0.000803263 0.000133382 0.999999702 1.371573806
0.999999642 -0.000445513 0.000723194 0.020682117 0.000445558 0.999999881 -0.000061987 -0.048569500 -0.000723166 0.000062309 0.999999702 1.567895532
0.999999642 -0.000569174 0.000644079 0.026855579 0.000569150 0.999999881 0.000037908 -0.054445591 -0.000644101 -0.000037541 0.999999762 1.773471117
0.999999464 -0.000715256 0.000741997 0.026861727 0.000715146 0.999999762 0.000148134 -0.061330210 -0.000742103 -0.000147603 0.999999642 1.963491797
0.999999166 -0.001183318 0.000572551 0.033215865 0.001183181 0.999999344 0.000238682 -0.069203570 -0.000572833 -0.000238004 0.999999762 2.172929525
0.999999523 -0.000744929 0.000786650 0.037572969 0.000744796 0.999999762 0.000169095 -0.072451666 -0.000786776 -0.000168509 0.999999642 2.394179821
0.999999464 -0.000349229 0.001019102 0.038335219 0.000349024 0.999999940 0.000201281 -0.079777204 -0.001019172 -0.000200926 0.999999404 2.620271683
0.999999106 -0.000029191 0.001325472 0.037584491 0.000028616 0.999999881 0.000433855 -0.088810347 -0.001325484 -0.000433817 0.999999046 2.831979036
0.999998987 -0.000444531 0.001348833 0.043705720 0.000443576 0.999999642 0.000708443 -0.093193665 -0.001349148 -0.000707844 0.999998808 3.069248438
0.999998868 -0.000523484 0.001393789 0.047226742 0.000522420 0.999999583 0.000763743 -0.104553871 -0.001394188 -0.000763014 0.999998748 3.303358078
0.999998212 -0.000169390 0.001866735 0.049504656 0.000168021 0.999999702 0.000733598 -0.110501178 -0.001866858 -0.000733283 0.999997973 3.556756496
0.999998927 -0.000688300 0.001296343 0.057260398 0.000687358 0.999999523 0.000726619 -0.118685484 -0.001296843 -0.000725727 0.999998868 3.810637951
0.999998868 -0.001012615 0.001104175 0.069550149 0.001011543 0.999999046 0.000970986 -0.125388205 -0.001105157 -0.000969868 0.999998868 4.056075573
0.999998450 -0.000477074 0.001677725 0.064325206 0.000475533 0.999999464 0.000918968 -0.128258675 -0.001678163 -0.000918169 0.999998152 4.331485748
0.999998569 -0.000850637 0.001479032 0.072660282 0.000848653 0.999998748 0.001341840 -0.141555816 -0.001480172 -0.001340583 0.999998033 4.575109005
0.999998510 -0.000585571 0.001651953 0.079184487 0.000583907 0.999999404 0.001007855 -0.144858584 -0.001652543 -0.001006889 0.999998152 4.838455200
0.999998868 -0.000285789 0.001524687 0.086004697 0.000283723 0.999999046 0.001355011 -0.152572393 -0.001525072 -0.001354576 0.999997973 5.100618362
0.999998093 -0.000156935 0.001909836 0.082800888 0.000154823 0.999999404 0.001105495 -0.162615508 -0.001910009 -0.001105197 0.999997497 5.353523731
0.999997854 -0.000025276 0.002072357 0.086237125 0.000023189 0.999999464 0.001007252 -0.168549791 -0.002072381 -0.001007202 0.999997318 5.620202541
0.999998033 -0.000084284 0.001979271 0.090506941 0.000082450 0.999999523 0.000927070 -0.175388679 -0.001979348 -0.000926905 0.999997556 5.892430782
0.999997675 0.000126162 0.002125437 0.095192134 -0.000128373 0.999999344 0.001040237 -0.184286401 -0.002125305 -0.001040507 0.999997139 6.174522400
0.999997258 0.000435084 0.002292428 0.100024506 -0.000438385 0.999998868 0.001439930 -0.197769970 -0.002291799 -0.001440931 0.999996364 6.447315216
0.999997318 0.000802049 0.002153208 0.106417626 -0.000804779 0.999998868 0.001267580 -0.203179285 -0.002152189 -0.001269310 0.999996901 6.745598793
0.999998212 0.000275250 0.001924456 0.115560897 -0.000277461 0.999999225 0.001148323 -0.206976682 -0.001924138 -0.001148854 0.999997497 7.041311264
0.999997914 0.000637762 0.001921990 0.121899679 -0.000640021 0.999999046 0.001175087 -0.214339375 -0.001921239 -0.001176315 0.999997497 7.343667984
0.999998391 -0.000077821 0.001792496 0.131083250 0.000075620 0.999999285 0.001227639 -0.229254976 -0.001792590 -0.001227501 0.999997675 7.651643276
0.999998450 -0.000191777 0.001726891 0.138690561 0.000188531 0.999998331 0.001879555 -0.243475512 -0.001727248 -0.001879227 0.999996722 7.945595264
0.999997556 0.000482628 0.002136561 0.139402956 -0.000486987 0.999997795 0.002040478 -0.252320319 -0.002135571 -0.002041514 0.999995649 8.265650749
0.999997675 0.000325351 0.002135175 0.146422654 -0.000329471 0.999998093 0.001929567 -0.260961711 -0.002134543 -0.001930266 0.999995828 8.596301079
0.999997556 0.000454060 0.002177615 0.152494833 -0.000458452 0.999997914 0.002016615 -0.268503129 -0.002176695 -0.002017609 0.999995530 8.936555862
0.999998629 0.000061410 0.001666535 0.161366597 -0.000064115 0.999998689 0.001622983 -0.278846264 -0.001666434 -0.001623087 0.999997318 9.252294540
0.999998212 0.000559763 0.001818879 0.168036968 -0.000562863 0.999998331 0.001704333 -0.290551245 -0.001817922 -0.001705354 0.999996960 9.592994690
0.999998271 0.000486645 0.001857122 0.171866357 -0.000490104 0.999998093 0.001862877 -0.297071159 -0.001856212 -0.001863784 0.999996543 9.950145721
0.999998629 -0.000155171 0.001635545 0.180200830 0.000152650 0.999998808 0.001540916 -0.304690629 -0.001635782 -0.001540664 0.999997497 10.293100357
0.999997914 0.000213420 0.002013086 0.186079770 -0.000216996 0.999998450 0.001776238 -0.316067278 -0.002012704 -0.001776671 0.999996483 10.654985428
0.999998450 0.000125866 0.001783008 0.195597649 -0.000129241 0.999998212 0.001893135 -0.324750990 -0.001782766 -0.001893362 0.999996662 11.023445129
0.999998629 -0.000368300 0.001611733 0.207167894 0.000364885 0.999997675 0.002118447 -0.337751836 -0.001612510 -0.002117856 0.999996424 11.382507324
0.999998569 0.000077973 0.001678836 0.215106294 -0.000081598 0.999997735 0.002159353 -0.346535146 -0.001678663 -0.002159487 0.999996305 11.763322830
0.999997795 0.000072825 0.002066365 0.219750971 -0.000077456 0.999997497 0.002240557 -0.359374911 -0.002066196 -0.002240712 0.999995351 12.130008698
0.999997437 0.000201944 0.002244530 0.231256187 -0.000207337 0.999997079 0.002402915 -0.371386498 -0.002244038 -0.002403374 0.999994636 12.519813538
0.999996781 0.000447746 0.002497332 0.231543630 -0.000454112 0.999996662 0.002549040 -0.381429642 -0.002496182 -0.002550166 0.999993622 12.924311638
0.999997675 0.000148486 0.002146993 0.245359153 -0.000153637 0.999997139 0.002399504 -0.394000679 -0.002146631 -0.002399829 0.999994814 13.301654816
0.999997973 0.000492642 0.001936111 0.254637688 -0.000497278 0.999997020 0.002394389 -0.402155221 -0.001934926 -0.002395347 0.999995232 13.723250389
0.999997616 0.000660708 0.002102677 0.257200211 -0.000666090 0.999996543 0.002560043 -0.411915720 -0.002100979 -0.002561437 0.999994516 14.152963638
0.999996185 0.000185257 0.002747185 0.270248860 -0.000191361 0.999997497 0.002221886 -0.424312651 -0.002746767 -0.002222403 0.999993682 14.557745934
0.999996245 0.000385504 0.002717050 0.278020769 -0.000391682 0.999997437 0.002273598 -0.436643362 -0.002716166 -0.002274654 0.999993682 14.986984253
0.999996126 0.000280408 0.002788415 0.291585922 -0.000287299 0.999996841 0.002471233 -0.450646758 -0.002787713 -0.002472025 0.999993026 15.409205437
0.999994397 -0.000326915 0.003325649 0.295037568 0.000318664 0.999996901 0.002481234 -0.462191045 -0.003326450 -0.002480160 0.999991417 15.847682953
0.999993503 0.000043704 0.003596622 0.304705441 -0.000053021 0.999996662 0.002590298 -0.472618133 -0.003596497 -0.002590472 0.999990165 16.287919998
0.999993145 -0.000091046 0.003702063 0.315638781 0.000081353 0.999996603 0.002618260 -0.485052586 -0.003702289 -0.002617941 0.999989748 16.738315582
0.999990582 0.000338909 0.004327117 0.312004566 -0.000349755 0.999996781 0.002505876 -0.497503132 -0.004326254 -0.002507366 0.999987483 17.173532486
0.999990821 -0.000160560 0.004285962 0.326915324 0.000148486 0.999996006 0.002817259 -0.508712888 -0.004286398 -0.002816597 0.999986887 17.638620377
0.999988973 -0.000518944 0.004674939 0.335883141 0.000506181 0.999996126 0.002731073 -0.516557097 -0.004676338 -0.002728676 0.999985278 18.115070343
0.999989808 -0.000459428 0.004490591 0.358995736 0.000447243 0.999996245 0.002714023 -0.525790095 -0.004491821 -0.002711988 0.999986231 18.574985504
0.999986947 -0.000277310 0.005090989 0.350081205 0.000263766 0.999996364 0.002660870 -0.545561790 -0.005091709 -0.002659493 0.999983430 19.013141632
0.999987125 0.000119818 0.005068636 0.365660429 -0.000132555 0.999996841 0.002512700 -0.555488586 -0.005068319 -0.002513340 0.999983966 19.494073868
0.999983251 -0.000453812 0.005761648 0.364654869 0.000436779 0.999995470 0.002957055 -0.571846128 -0.005762964 -0.002954488 0.999978960 19.982957840
0.999984622 -0.000461549 0.005520880 0.385585278 0.000442908 0.999994159 0.003377202 -0.593502820 -0.005522407 -0.003374705 0.999978960 20.460319519
0.999986589 0.000376571 0.005164130 0.375147969 -0.000389599 0.999996662 0.002522190 -0.590617657 -0.005163163 -0.002524169 0.999983490 20.917774200
0.999988914 -0.000074671 0.004715598 0.387499005 0.000063408 0.999997139 0.002388423 -0.597628832 -0.004715762 -0.002388098 0.999986053 21.428403854
0.999991298 0.000404917 0.004158895 0.393228114 -0.000414532 0.999997199 0.002311255 -0.609796464 -0.004157948 -0.002312959 0.999988675 21.937891006
0.999989331 0.000365037 0.004589625 0.392604053 -0.000375660 0.999997258 0.002313872 -0.614795685 -0.004588767 -0.002315572 0.999986827 22.473461151
0.999993384 0.000588480 0.003568523 0.399257362 -0.000597325 0.999996781 0.002477807 -0.635162830 -0.003567053 -0.002479922 0.999990582 22.929410934
0.999994636 0.001126176 0.003061881 0.411015451 -0.001132204 0.999997497 0.001967669 -0.646063924 -0.003059657 -0.001971125 0.999993443 23.453014374
0.999997318 -0.000455572 0.002239001 0.421104938 0.000452061 0.999998689 0.001568363 -0.659888685 -0.002239712 -0.001567347 0.999996245 23.972898483
0.999998748 -0.000336807 0.001523361 0.432715714 0.000333587 0.999997675 0.002113043 -0.670261085 -0.001524069 -0.002112532 0.999996662 24.482425690
0.999999046 0.000424290 0.001326214 0.430742472 -0.000427643 0.999996722 0.002528851 -0.697812438 -0.001325137 -0.002529416 0.999995887 24.980327606
0.999999523 0.000840337 0.000536752 0.437678754 -0.000841815 0.999995828 0.002759188 -0.706457257 -0.000534431 -0.002759639 0.999996066 25.530746460
0.999999762 0.000421893 0.000573119 0.445764750 -0.000423664 0.999995172 0.003092549 -0.723710775 -0.000571812 -0.003092791 0.999995053 26.069433212
0.999999881 0.000319768 0.000443502 0.454167604 -0.000321479 0.999992430 0.003862540 -0.743525445 -0.000442263 -0.003862682 0.999992490 26.618152618
0.999999821 -0.000010832 -0.000423289 0.469925195 0.000012246 0.999994516 0.003339813 -0.759963155 0.000423250 -0.003339818 0.999994338 27.106899261
0.999999404 0.000770726 -0.000688874 0.480303168 -0.000768764 0.999995649 0.002843819 -0.772051513 0.000691063 -0.002843288 0.999995708 27.660717010
0.999998868 0.001248247 -0.000731022 0.487014145 -0.001246046 0.999994695 0.003004162 -0.786916375 0.000734768 -0.003003248 0.999995232 28.209520340
0.999998748 0.001265933 -0.000956266 0.492508531 -0.001262532 0.999992907 0.003547929 -0.800055265 0.000960751 -0.003546718 0.999993265 28.704936981
0.999998152 0.001587368 -0.001085928 0.494428158 -0.001583377 0.999992073 0.003667299 -0.817582309 0.001091741 -0.003665573 0.999992728 29.254270554
0.999997437 0.001491368 -0.001680452 0.513006926 -0.001485711 0.999993205 0.003362586 -0.826916635 0.001685455 -0.003360081 0.999992907 29.795545578
0.999995768 0.002451205 -0.001581047 0.511017203 -0.002444903 0.999989152 0.003975788 -0.854341030 0.001590776 -0.003971906 0.999990880 30.291898727
0.999997616 0.001116202 -0.001881568 0.513779402 -0.001108856 0.999991775 0.003900477 -0.860590518 0.001885906 -0.003898382 0.999990642 30.757390976
0.999997377 0.000596602 -0.002212354 0.523912191 -0.000589148 0.999994218 0.003368218 -0.868146539 0.002214351 -0.003366906 0.999991894 31.307800293
0.999997079 0.000662354 -0.002313292 0.533208728 -0.000654405 0.999993861 0.003435158 -0.880968213 0.002315553 -0.003433634 0.999991417 31.827411652
0.999994934 0.000540839 -0.003138389 0.548568070 -0.000529160 0.999993026 0.003721066 -0.904323936 0.003140379 -0.003719386 0.999988198 32.378257751
0.999994636 0.000743994 -0.003191552 0.539708018 -0.000731453 0.999992132 0.003928808 -0.913182735 0.003194451 -0.003926454 0.999987185 32.874507904
0.999993742 0.001497975 -0.003223224 0.549234688 -0.001487590 0.999993742 0.003221755 -0.923373759 0.003228029 -0.003216940 0.999989629 33.423587799
0.999991894 0.001023946 -0.003880619 0.567655325 -0.001011344 0.999994278 0.003247937 -0.937327743 0.003883922 -0.003243986 0.999987185 33.951927185
0.999991238 0.001500025 -0.003930490 0.561632156 -0.001488003 0.999994278 0.003059815 -0.950382710 0.003935058 -0.003053941 0.999987602 34.499202728
0.999992788 0.000288298 -0.003787218 0.558578849 -0.000271989 0.999990642 0.004306126 -0.968980670 0.003788424 -0.004305065 0.999983549 34.920677185
0.999991298 0.000744081 -0.004111349 0.568983197 -0.000727828 0.999991894 0.003953440 -0.981620073 0.004114258 -0.003950413 0.999983728 35.471389771
0.999990761 0.000049579 -0.004304351 0.579781830 -0.000032036 0.999991715 0.004075334 -0.995972514 0.004304518 -0.004075159 0.999982476 36.037998199
0.999992192 0.000607061 -0.003899358 0.585496247 -0.000592659 0.999992967 0.003693844 -1.012014389 0.003901573 -0.003691504 0.999985516 36.551502228
0.999993265 0.001279346 -0.003435378 0.590635657 -0.001264648 0.999990046 0.004277471 -1.030161142 0.003440816 -0.004273098 0.999984920 37.056720734
0.999996006 -0.000028569 -0.002811015 0.582022429 0.000039328 0.999992609 0.003827686 -1.026733160 0.002810885 -0.003827781 0.999988735 37.585212708
0.999995351 -0.000242394 -0.003025714 0.590773523 0.000252422 0.999994397 0.003314756 -1.035078645 0.003024893 -0.003315504 0.999989986 38.129905701
0.999995828 -0.000132992 -0.002879542 0.598787248 0.000144418 0.999992132 0.003968470 -1.055224657 0.002878992 -0.003968870 0.999988019 38.671073914
0.999993443 0.000531216 -0.003584526 0.586073756 -0.000516100 0.999991000 0.004216630 -1.064066052 0.003586734 -0.004214753 0.999984682 39.097011566
0.999994159 0.000790613 -0.003341776 0.596172452 -0.000777766 0.999992311 0.003843599 -1.081001043 0.003344789 -0.003840977 0.999987066 39.641002655
0.999992788 0.001344610 -0.003562832 0.602716565 -0.001331629 0.999992549 0.003643304 -1.086606145 0.003567704 -0.003638533 0.999987066 40.195030212
0.999992728 0.001497700 -0.003526244 0.607956409 -0.001482685 0.999989867 0.004256614 -1.109229445 0.003532584 -0.004251354 0.999984741 40.717533112
0.999996543 0.000473104 -0.002577350 0.631504953 -0.000460495 0.999987900 0.004890981 -1.146345496 0.002579632 -0.004889778 0.999984741 41.350284576
0.999996245 0.001098600 -0.002519307 0.657541156 -0.001087519 0.999989688 0.004395997 -1.154325485 0.002524110 -0.004393240 0.999987185 41.929054260
0.999992490 0.000577187 -0.003827330 0.692470431 -0.000563703 0.999993563 0.003523005 -1.148024321 0.003829339 -0.003520821 0.999986529 42.444114685
0.999996960 0.001278223 -0.002097877 0.549415588 -0.001271685 0.999994338 0.003114531 -1.134713888 0.002101847 -0.003111853 0.999992967 42.705181122
0.999998152 0.001185696 -0.001499086 0.554082990 -0.001181557 0.999995530 0.002758882 -1.147786975 0.001502350 -0.002757106 0.999995112 43.242195129
0.999997497 0.001422163 -0.001733478 0.566904187 -0.001418305 0.999996543 0.002224868 -1.154383302 0.001736637 -0.002222404 0.999996006 43.776996613
0.999996841 0.001863142 -0.001710013 0.580261469 -0.001857990 0.999993742 0.003009717 -1.175493836 0.001715610 -0.003006531 0.999994040 44.313549042
0.999994814 0.002845876 -0.001471496 0.579834700 -0.002842379 0.999993205 0.002373582 -1.183372021 0.001478242 -0.002369387 0.999996185 44.852897644
0.999996424 0.002375752 -0.001179800 0.544665992 -0.002371758 0.999991477 0.003375489 -1.198117375 0.001187809 -0.003372679 0.999993563 45.247177124
0.999994457 0.003049453 -0.001282013 0.555870950 -0.003045523 0.999990642 0.003056550 -1.208471537 0.001291321 -0.003052629 0.999994516 45.791839600
0.999997020 0.001949486 -0.001412082 0.575250030 -0.001945106 0.999993324 0.003096538 -1.222248316 0.001418109 -0.003093782 0.999994159 46.337970734
0.999995589 0.002552511 -0.001539786 0.588652194 -0.002548012 0.999992430 0.002916814 -1.239673734 0.001547220 -0.002912878 0.999994576 46.894855499
0.999994755 0.002945759 -0.001330150 0.603240490 -0.002941586 0.999990702 0.003127936 -1.244338036 0.001339352 -0.003124007 0.999994218 47.370231628
0.999997377 0.001981620 -0.001125241 0.595530450 -0.001978682 0.999994636 0.002607385 -1.250823855 0.001130402 -0.002605153 0.999995947 47.897453308
0.999989450 0.004602921 0.000057598 0.591513276 -0.004603081 0.999984264 0.003201623 -1.276478887 -0.000042861 -0.003201854 0.999994814 48.378677368
0.999996185 0.002749432 -0.000236870 0.554507613 -0.002748685 0.999991417 0.003099696 -1.258684516 0.000245391 -0.003099032 0.999995172 48.851886749
0.999993861 0.003413572 0.000731505 0.556374550 -0.003415401 0.999991000 0.002512494 -1.272681475 -0.000722922 -0.002514977 0.999996543 49.382919312
0.999994814 0.003205908 0.000128017 0.572884619 -0.003206268 0.999990582 0.002930858 -1.286557913 -0.000118620 -0.002931253 0.999995708 49.932968140
0.999988317 0.004639825 0.001295622 0.574513912 -0.004642347 0.999987304 0.001950516 -1.291911244 -0.001286555 -0.001956508 0.999997258 50.434185028
0.999994099 0.003412979 0.000186097 0.581939280 -0.003413502 0.999989927 0.002888629 -1.303401709 -0.000176236 -0.002889248 0.999995768 50.917896271
0.999996662 0.002501032 0.000518028 0.592234254 -0.002502438 0.999993145 0.002731615 -1.311990738 -0.000511193 -0.002732903 0.999996185 51.462787628
0.999994278 0.003286498 0.000670813 0.601094067 -0.003288367 0.999990582 0.002803436 -1.326453447 -0.000661594 -0.002805626 0.999995887 52.022800446
0.999995291 0.002974600 0.000701588 0.623287439 -0.002976505 0.999991834 0.002729915 -1.344665051 -0.000693462 -0.002731990 0.999996006 52.564594269
0.999993622 0.003584572 0.000357983 0.608497322 -0.003585591 0.999989390 0.002885316 -1.364010811 -0.000347636 -0.002886581 0.999995708 53.027526855
0.999993563 0.003605008 0.000010852 0.622154713 -0.003605025 0.999989033 0.002999725 -1.376874089 -0.000000038 -0.002999745 0.999995470 53.577480316
0.999993682 0.003524964 0.000503646 0.627320766 -0.003526387 0.999989688 0.002857760 -1.389788151 -0.000493567 -0.002859518 0.999995768 54.092540741
0.999993980 0.003456531 0.000300922 0.637396812 -0.003457318 0.999990463 0.002657363 -1.400915861 -0.000291734 -0.002658388 0.999996364 54.637687683
0.999993742 0.003463088 0.000678308 0.642032743 -0.003464982 0.999989986 0.002808806 -1.415172935 -0.000668574 -0.002811139 0.999995768 55.160697937
0.999992311 0.003793102 0.000978202 0.653769791 -0.003795725 0.999989152 0.002692808 -1.428199768 -0.000967977 -0.002696500 0.999995887 55.698646545
0.999989271 0.004473602 0.001181146 0.655936182 -0.004476444 0.999987006 0.002413556 -1.442201376 -0.001170333 -0.002418817 0.999996364 56.237266541
0.999992669 0.003652609 0.001147464 0.683009267 -0.003655133 0.999990821 0.002204188 -1.448535800 -0.001139402 -0.002208366 0.999996901 56.790000916
0.999990880 0.004104802 0.001197456 0.661348403 -0.004108412 0.999987006 0.003027538 -1.464045286 -0.001185014 -0.003032430 0.999994636 57.222888947
0.999991894 0.003836201 0.001232080 0.672797740 -0.003839264 0.999989569 0.002493443 -1.478137970 -0.001222502 -0.002498153 0.999996066 57.768627167
0.999993324 0.003563368 0.000794635 0.692334473 -0.003565130 0.999991179 0.002227377 -1.487372398 -0.000786692 -0.002230196 0.999997199 58.325897217
0.999988973 0.004453175 0.001485446 0.679694891 -0.004456774 0.999987066 0.002429043 -1.499968290 -0.001474610 -0.002435636 0.999995947 58.803932190
0.999988317 0.004596529 0.001489738 0.691701889 -0.004600207 0.999986351 0.002474784 -1.511762381 -0.001478342 -0.002481608 0.999995828 59.353767395
0.999987483 0.004734856 0.001627264 0.704924107 -0.004738689 0.999985993 0.002360222 -1.523777723 -0.001616066 -0.002367903 0.999995887 59.889141083
0.999990821 0.003974600 0.001582273 0.707234740 -0.003978782 0.999988556 0.002649185 -1.544825435 -0.001571725 -0.002655456 0.999995232 60.366622925
0.999989569 0.004227912 0.001693638 0.721636713 -0.004232122 0.999987900 0.002490205 -1.555859447 -0.001683089 -0.002497347 0.999995470 60.918006897
0.999989390 0.004231873 0.001818894 0.722386122 -0.004236738 0.999987423 0.002679265 -1.570306897 -0.001807533 -0.002686943 0.999994755 61.439704895
0.999989748 0.004202696 0.001670683 0.737821698 -0.004206285 0.999988794 0.002151009 -1.584581375 -0.001661624 -0.002158014 0.999996305 61.982971191
0.999987662 0.004576012 0.001944199 0.739727139 -0.004581128 0.999986053 0.002635694 -1.602323294 -0.001932112 -0.002644568 0.999994636 62.481838226
0.999985874 0.004903227 0.002067502 0.749264002 -0.004907744 0.999985576 0.002186291 -1.615632176 -0.002056752 -0.002196406 0.999995470 63.024940491
0.999986172 0.004751585 0.002258935 0.749764085 -0.004757391 0.999985516 0.002572627 -1.627641916 -0.002246677 -0.002583338 0.999994159 63.539348602
0.999982417 0.005236289 0.002786466 0.759305835 -0.005242712 0.999983609 0.002302857 -1.639744997 -0.002774362 -0.002317425 0.999993503 64.080451965
0.999986053 0.004725892 0.002348895 0.774687290 -0.004731453 0.999985993 0.002366394 -1.652952671 -0.002337679 -0.002377475 0.999994457 64.598449707
0.999983251 0.005025286 0.002865731 0.785723984 -0.005031634 0.999984860 0.002211858 -1.671005249 -0.002854573 -0.002226240 0.999993443 65.141456604
0.999986470 0.004609194 0.002449641 0.796061575 -0.004615517 0.999985993 0.002582324 -1.684173107 -0.002437705 -0.002593595 0.999993682 65.640159607
0.999981344 0.005485876 0.002680250 0.804592431 -0.005492907 0.999981403 0.002622624 -1.702101231 -0.002665813 -0.002637297 0.999992967 66.170722961
0.999981225 0.005099573 0.003390072 0.815802991 -0.005107363 0.999984205 0.002292966 -1.717580914 -0.003378326 -0.002310238 0.999991596 66.705543518
0.999981284 0.005083297 0.003425742 0.841850996 -0.005092880 0.999983072 0.002794723 -1.727210283 -0.003411478 -0.002812118 0.999990284 67.257354736
0.999981284 0.005282519 0.003095853 0.826564312 -0.005290619 0.999982595 0.002613717 -1.738394618 -0.003081993 -0.002630047 0.999991775 67.727386475
0.999983251 0.005099047 0.002769435 0.838937759 -0.005105499 0.999984324 0.002327246 -1.749523997 -0.002757526 -0.002341346 0.999993443 68.285263062
0.999984741 0.004610548 0.003065758 0.843867183 -0.004618861 0.999985695 0.002709901 -1.770645261 -0.003053220 -0.002724020 0.999991596 68.821205139
0.999980032 0.005272443 0.003488871 0.854163170 -0.005280847 0.999983191 0.002404297 -1.778774023 -0.003476136 -0.002422672 0.999991000 69.325393677
0.999981105 0.005189265 0.003281092 0.848709762 -0.005199138 0.999981940 0.003007338 -1.805490255 -0.003265427 -0.003024341 0.999990106 69.790527344
0.999979913 0.005439896 0.003249752 0.861493945 -0.005448542 0.999981582 0.002657673 -1.818204641 -0.003235235 -0.002675326 0.999991179 70.340927124
0.999982834 0.004828633 0.003330132 0.876175165 -0.004837198 0.999985039 0.002568657 -1.842375398 -0.003317679 -0.002584722 0.999991119 70.854454041
0.999981344 0.005120658 0.003333578 0.879696608 -0.005130379 0.999982536 0.002914560 -1.847038746 -0.003318596 -0.002931609 0.999990165 71.365783691
0.999977946 0.005753267 0.003357112 0.891290843 -0.005763433 0.999978781 0.003026936 -1.865862846 -0.003339626 -0.003046216 0.999989808 71.910942078
0.999979854 0.005709845 0.002759455 0.910125494 -0.005719469 0.999977529 0.003493117 -1.886149287 -0.002739448 -0.003508829 0.999990106 72.456069946
0.999979615 0.005484022 0.003269675 0.915122986 -0.005493559 0.999980688 0.002914479 -1.886694312 -0.003253629 -0.002932381 0.999990404 72.947250366
0.999980152 0.005445933 0.003171545 0.930748880 -0.005454306 0.999981761 0.002637483 -1.896721005 -0.003157123 -0.002654729 0.999991477 73.498939514
0.999982297 0.005263356 0.002758031 0.949048996 -0.005270541 0.999982715 0.002604390 -1.909215569 -0.002744274 -0.002618880 0.999992788 74.033096313
0.999977112 0.005819204 0.003444305 0.950108826 -0.005827578 0.999980092 0.002426111 -1.925785303 -0.003430119 -0.002446127 0.999991119 74.542297363
0.999974906 0.006155473 0.003512614 0.959298134 -0.006162872 0.999978721 0.002099289 -1.937423587 -0.003499618 -0.002120885 0.999991596 75.087905884
0.999977708 0.005820406 0.003250413 0.965929627 -0.005829505 0.999979079 0.002796518 -1.956857204 -0.003234068 -0.002815404 0.999990761 75.576416016
0.999973476 0.006420406 0.003425159 0.976260126 -0.006430961 0.999974608 0.003079470 -1.979897618 -0.003405302 -0.003101415 0.999989331 76.110061646
0.999976695 0.005767962 0.003630496 0.972586334 -0.005778552 0.999979019 0.002912812 -1.984392047 -0.003613618 -0.002933724 0.999989212 76.613014221
0.999976993 0.006098920 0.002958559 1.006243229 -0.006106537 0.999978065 0.002571840 -1.990388632 -0.002942808 -0.002589847 0.999992311 77.150016785
0.999975801 0.005923233 0.003612455 1.031691194 -0.005932670 0.999979019 0.002606993 -2.003004074 -0.003596937 -0.002628361 0.999990046 77.655509949
0.999968350 0.006252905 0.004901275 1.041821480 -0.006264914 0.999977410 0.002438880 -2.015144825 -0.004885915 -0.002469509 0.999984980 78.203285217
0.999971569 0.005480960 0.005162956 1.059718609 -0.005493618 0.999981940 0.002440895 -2.027102470 -0.005149485 -0.002469190 0.999983609 78.751831055
0.999961436 0.005608455 0.006753729 1.051814198 -0.005625553 0.999980986 0.002515020 -2.053695202 -0.006739495 -0.002552917 0.999974012 79.258743286
0.999943376 0.006371781 0.008517852 1.059685826 -0.006394083 0.999976158 0.002593345 -2.066053152 -0.008501125 -0.002647663 0.999960423 79.806762695
0.999921381 0.005895047 0.011061611 1.089111686 -0.005925006 0.999978840 0.002677541 -2.089615107 -0.011045592 -0.002742871 0.999935210 80.351150513
0.999879777 0.005362676 0.014541131 1.098431349 -0.005397212 0.999982655 0.002336732 -2.079818487 -0.014528347 -0.002414933 0.999891579 80.906455994
0.999824226 0.005638541 0.017882181 1.120533466 -0.005682814 0.999981046 0.002426015 -2.092312336 -0.017868161 -0.002527209 0.999837160 81.369865417
0.999736488 0.005844041 0.022199087 1.145937920 -0.005892834 0.999980390 0.002133195 -2.105808973 -0.022186182 -0.002263449 0.999751329 81.917358398
0.999595761 0.005690198 0.027853649 1.177917838 -0.005769942 0.999979436 0.002783385 -2.124510765 -0.027837237 -0.002942974 0.999608099 82.428665161
0.999400258 0.006079478 0.034092851 1.202503920 -0.006134026 0.999980092 0.001495589 -2.129503250 -0.034083076 -0.001703818 0.999417543 82.972465515
0.999188304 0.005359023 0.039924651 1.238760233 -0.005448093 0.999982893 0.002122500 -2.144131184 -0.039912604 -0.002338290 0.999200463 83.465644836
0.998819351 0.006017106 0.048203312 1.279757977 -0.006133099 0.999978602 0.002258798 -2.162898302 -0.048188694 -0.002551767 0.998835087 84.013084412
0.998364329 0.005704821 0.056887269 1.329953194 -0.005818274 0.999981403 0.001828916 -2.171130180 -0.056875788 -0.002156910 0.998378992 84.554679871
0.997949839 0.005293155 0.063781232 1.376254082 -0.005425443 0.999983490 0.001901123 -2.178364038 -0.063770115 -0.002243267 0.997962117 85.107032776
0.997323334 0.005130028 0.072937921 1.435930729 -0.005278551 0.999984384 0.001843688 -2.190533161 -0.072927326 -0.002223760 0.997334778 85.657348633
0.996583045 0.004299211 0.082484916 1.509451866 -0.004412825 0.999989510 0.001195135 -2.204188824 -0.082478911 -0.001555043 0.996591568 86.195457458
0.995860934 0.003666348 0.090815537 1.605395794 -0.003845304 0.999991000 0.001795657 -2.240610600 -0.090808138 -0.002137438 0.995866179 86.664230347
0.995063066 0.004822546 0.099128567 1.616731167 -0.005006164 0.999986172 0.001603683 -2.236227036 -0.099119492 -0.002092019 0.995073318 87.230468750
0.994029880 0.004585761 0.109011553 1.698446274 -0.004769116 0.999987662 0.001421310 -2.250127554 -0.109003700 -0.001932713 0.994039416 87.767105103
0.992854297 0.004832555 0.119235367 1.796376228 -0.005136787 0.999984264 0.002244327 -2.276704073 -0.119222641 -0.002840776 0.992863536 88.276313782
0.991707861 0.003848473 0.128454998 1.881020546 -0.004046534 0.999991000 0.001280935 -2.275193930 -0.128448918 -0.001790111 0.991714537 88.839683533
0.990143239 0.003475146 0.140015572 1.974865913 -0.003708509 0.999992073 0.001405823 -2.292325020 -0.140009627 -0.001911215 0.990148306 89.374023438
0.988231242 0.003797452 0.152919859 2.070786476 -0.004111645 0.999990106 0.001738441 -2.317635536 -0.152911752 -0.002346734 0.988237083 89.885223389
0.986564577 0.003330427 0.163337439 2.179046631 -0.003617187 0.999992371 0.001458258 -2.322283983 -0.163331330 -0.002029488 0.986569166 90.421562195
0.984842002 0.002670679 0.173433259 2.293995857 -0.002959414 0.999994695 0.001406247 -2.337705851 -0.173428610 -0.001898192 0.984844625 90.954498291
0.982422471 0.002921075 0.186648056 2.411109924 -0.003236809 0.999993742 0.001386876 -2.351704836 -0.186642855 -0.001966643 0.982425869 91.480323792
0.980036855 0.002497698 0.198800191 2.545581818 -0.002818075 0.999995172 0.001328625 -2.359805822 -0.198795915 -0.001862335 0.980039120 92.014411926
0.977855623 0.002330663 0.209267631 2.670398712 -0.002603630 0.999996066 0.001028926 -2.370656729 -0.209264398 -0.001550997 0.977857828 92.583923340
0.974947572 0.002591839 0.222419530 2.813907623 -0.002923771 0.999994993 0.001163106 -2.388961554 -0.222415417 -0.001784271 0.974950314 93.110923767
0.971804500 0.002647292 0.235773057 2.965898514 -0.003115570 0.999993801 0.001613625 -2.407629251 -0.235767350 -0.002302696 0.971806765 93.623802185
0.969100654 0.001343435 0.246661678 3.117416382 -0.001583373 0.999998391 0.000774402 -2.408069611 -0.246660247 -0.001141031 0.969101369 94.149215698
0.966188252 0.001212388 0.257834792 3.260370255 -0.001541475 0.999998212 0.001074217 -2.429684877 -0.257833034 -0.001435342 0.966188431 94.648040771
0.962491214 0.001329748 0.271309584 3.428976059 -0.001758788 0.999997556 0.001338224 -2.445662260 -0.271307111 -0.001765204 0.962491214 95.166130066
0.958980083 0.000568861 0.283472866 3.608024597 -0.000952553 0.999998808 0.001215704 -2.459775209 -0.283471853 -0.001435859 0.958979487 95.705078125
0.955502152 0.000198804 0.294984043 3.807621002 -0.000660768 0.999998629 0.001466390 -2.484581709 -0.294983387 -0.001596054 0.955501080 96.190063477
0.950929284 0.000878621 0.309406936 3.961042404 -0.001470739 0.999997497 0.001680471 -2.494569302 -0.309404671 -0.002053066 0.950928211 96.704437256
0.946361482 0.000808541 0.323108882 4.166538239 -0.001422944 0.999997556 0.001665322 -2.505785465 -0.323106796 -0.002035762 0.946360290 97.229583740
0.942283332 0.001514845 0.334813058 4.356821060 -0.002357216 0.999994934 0.002109619 -2.521633148 -0.334808201 -0.002777086 0.942282200 97.717132568
0.937581658 0.000863840 0.347763956 4.572231293 -0.001579750 0.999997139 0.001775074 -2.536114454 -0.347761452 -0.002213657 0.937580466 98.234222412
0.932012022 -0.000069071 0.362427235 4.781436920 -0.000568450 0.999998450 0.001652396 -2.544508219 -0.362426877 -0.001746075 0.932010531 98.749992371
0.927291274 -0.000991741 0.374339223 5.013938904 0.000410191 0.999998569 0.001633205 -2.556586266 -0.374340326 -0.001360906 0.927290380 99.255134583
0.922415197 -0.001117393 0.386198074 5.248126984 0.000637111 0.999998808 0.001371603 -2.564710379 -0.386199206 -0.001019136 0.922414899 99.765556335
0.916481018 -0.000979822 0.400077045 5.490699768 0.000427383 0.999998868 0.001470049 -2.570734262 -0.400078028 -0.001176285 0.916480362 100.270057678
0.910403430 -0.000632514 0.413721204 5.703052521 -0.000134056 0.999998331 0.001823834 -2.584943533 -0.413721681 -0.001715887 0.910401821 100.755142212
0.905426502 -0.000860360 0.424502105 5.956642151 0.000119698 0.999998450 0.001771442 -2.598049641 -0.424502939 -0.001553099 0.905425310 101.238800049
0.899318933 -0.000819466 0.437292516 6.210842133 0.000024480 0.999998331 0.001823606 -2.616099834 -0.437293321 -0.001629298 0.899317443 101.721878052
0.893261015 -0.001910183 0.449534476 6.493412018 0.001095994 0.999997199 0.002071406 -2.640195131 -0.449537247 -0.001357619 0.893260598 102.190269470
0.886740327 -0.001186400 0.462266356 6.734916687 0.000522215 0.999998629 0.001564745 -2.637438059 -0.462267518 -0.001146120 0.886739731 102.684570312
0.880961120 -0.001708212 0.473185569 7.015491486 0.001002704 0.999997973 0.001743216 -2.653312922 -0.473187596 -0.001061240 0.880961001 103.159332275
0.873450339 -0.002049794 0.486908793 7.292266846 0.001329434 0.999997437 0.001824971 -2.671301842 -0.486911327 -0.000946709 0.873450875 103.612304688
0.866578996 -0.003312961 0.499029040 7.612636566 0.002552129 0.999994278 0.002206928 -2.693296671 -0.499033570 -0.000638891 0.866582453 104.039672852
