1.000000000 0.000000000 0.000000000 0.000000000 0.000000000 1.000000000 0.000000000 0.000000000 0.000000000 0.000000000 1.000000000 0.000000000
1.000000000 0.000014228 -0.000033783 0.000101822 -0.000014231 1.000000000 -0.000089584 0.000870725 0.000033782 0.000089585 1.000000000 0.000170685
1.000000000 -0.000105760 -0.000052196 -0.000476337 0.000105760 1.000000000 0.000008756 0.000426486 0.000052195 -0.000008761 1.000000000 0.001383227
1.000000000 -0.000090902 -0.000083959 -0.001398751 0.000090902 1.000000000 -0.000003348 0.000638276 0.000083959 0.000003341 1.000000000 -0.000466330
1.000000000 -0.000005205 -0.000005104 -0.000970606 0.000005205 1.000000000 0.000004879 0.000344695 0.000005104 -0.000004879 1.000000000 0.000164202
1.000000000 -0.000155608 -0.000017743 -0.000356224 0.000155607 1.000000000 -0.000040304 0.000426148 0.000017749 0.000040302 1.000000000 -0.000614177
1.000000000 0.000000228 -0.000086696 0.000556167 -0.000000232 1.000000000 -0.000043631 0.000868610 0.000086696 0.000043631 1.000000000 -0.002428879
1.000000000 -0.000012112 0.000009987 -0.000338722 0.000012113 1.000000000 -0.000038247 0.001390933 -0.000009986 0.000038247 1.000000000 0.001872127
1.000000000 0.000046830 0.000017332 -0.001165088 -0.000046829 1.000000000 -0.000047929 0.001983326 -0.000017334 0.000047928 1.000000000 0.001480113
1.000000000 -0.000071314 -0.000054536 -0.000746858 0.000071314 1.000000000 0.000000618 0.001394436 0.000054536 -0.000000622 1.000000000 0.001906106
1.000000000 -0.000026426 -0.000037521 -0.001223720 0.000026424 1.000000000 -0.000054433 0.001764525 0.000037522 0.000054432 1.000000000 0.001985710
1.000000000 -0.000040040 -0.000036760 -0.001663257 0.000040040 1.000000000 0.000014159 0.001506082 0.000036760 -0.000014160 1.000000000 0.001771045
1.000000000 -0.000090386 -0.000059247 -0.000530897 0.000090384 1.000000000 -0.000032794 0.001449293 0.000059250 0.000032789 1.000000000 0.000359807
1.000000000 -0.000093412 -0.000083811 0.000831626 0.000093416 1.000000000 0.000044264 0.000416586 0.000083806 -0.000044272 1.000000000 -0.002421400
1.000000000 -0.000085440 -0.000047426 0.000456496 0.000085441 1.000000000 0.000023039 0.000902516 0.000047424 -0.000023043 1.000000000 -0.001609820
1.000000000 -0.000034578 -0.000049815 0.000117128 0.000034577 1.000000000 -0.000022951 0.002039522 0.000049816 0.000022950 1.000000000 0.001152242
1.000000000 -0.000047854 -0.000056776 -0.000015585 0.000047857 1.000000000 0.000046345 0.000950042 0.000056774 -0.000046348 1.000000000 -0.000756973
1.000000000 -0.000065604 -0.000116471 -0.000134045 0.000065601 1.000000000 -0.000025953 0.000784594 0.000116472 0.000025946 1.000000000 -0.001891632
1.000000000 -0.000113809 -0.000073801 -0.000729812 0.000113810 1.000000000 0.000007616 0.001562868 0.000073800 -0.000007625 1.000000000 0.002323217
1.000000000 -0.000117440 -0.000044724 -0.001836336 0.000117441 1.000000000 0.000012319 0.000665118 0.000044722 -0.000012325 1.000000000 0.000917878
1.000000000 -0.000176055 -0.000138596 0.001553903 0.000176064 1.000000000 0.000064105 0.000204383 0.000138585 -0.000064129 1.000000000 -0.001000225
1.000000000 -0.000023630 -0.000053896 0.000282098 0.000023632 1.000000000 0.000036757 0.000596467 0.000053895 -0.000036759 1.000000000 -0.000471307
1.000000000 -0.000190754 -0.000129197 0.000270267 0.000190758 1.000000000 0.000034261 0.000659274 0.000129191 -0.000034286 1.000000000 -0.001285481
0.999999940 -0.000205915 -0.000145827 0.001443648 0.000205921 1.000000000 0.000042472 0.000746560 0.000145818 -0.000042502 1.000000000 -0.001786852
1.000000000 -0.000204412 -0.000103276 0.000536705 0.000204411 1.000000000 -0.000007729 0.001998848 0.000103277 0.000007708 1.000000000 0.000610563
1.000000000 -0.000164607 -0.000097920 0.001081306 0.000164610 1.000000000 0.000032355 0.000901566 0.000097915 -0.000032371 1.000000000 -0.001531784
0.999999940 -0.000258226 -0.000073856 -0.000913540 0.000258226 0.999999940 0.000000030 0.001103656 0.000073856 -0.000000049 1.000000000 -0.000648753
0.999999940 -0.000166425 -0.000181472 0.001641677 0.000166442 1.000000000 0.000095317 0.000409029 0.000181456 -0.000095347 1.000000000 -0.002315176
1.000000000 -0.000126698 -0.000123818 0.001666675 0.000126703 1.000000000 0.000042045 0.000790762 0.000123812 -0.000042061 1.000000000 -0.001224239
0.999999940 -0.000191795 -0.000164835 0.000773037 0.000191800 1.000000000 0.000032688 0.001241748 0.000164828 -0.000032720 1.000000000 -0.000754647
1.000000000 -0.000187895 -0.000124716 0.000668933 0.000187900 1.000000000 0.000043829 0.000850690 0.000124708 -0.000043853 1.000000000 -0.002447597
1.000000000 -0.000165559 -0.000133743 0.001197966 0.000165558 1.000000000 -0.000010705 0.000822498 0.000133745 0.000010683 1.000000000 -0.002532334
1.000000000 -0.000079720 -0.000052398 -0.000439455 0.000079721 1.000000000 0.000025144 0.000884065 0.000052396 -0.000025148 1.000000000 0.000052341
1.000000000 -0.000168527 -0.000095575 0.000758375 0.000168530 1.000000000 0.000032149 -0.000050320 0.000095570 -0.000032165 1.000000000 -0.002513355
0.999999940 -0.000210542 -0.000153180 0.001432603 0.000210540 1.000000000 -0.000012061 0.001097976 0.000153182 0.000012029 1.000000000 -0.002631285
0.999999940 -0.000210411 -0.000124522 0.002216284 0.000210428 0.999999940 0.000130755 0.000263350 0.000124495 -0.000130781 1.000000000 -0.002656868
1.000000000 -0.000195728 -0.000123059 0.000424383 0.000195733 1.000000000 0.000043941 0.000569507 0.000123050 -0.000043965 1.000000000 -0.001857936
0.999999940 -0.000230443 -0.000136614 0.000733900 0.000230450 1.000000000 0.000052694 0.000762767 0.000136602 -0.000052725 1.000000000 -0.002001286
0.999999940 -0.000221692 -0.000195122 0.001838617 0.000221690 1.000000000 -0.000011770 0.000263500 0.000195124 0.000011726 1.000000000 0.001515456
0.999999940 -0.000236445 -0.000092504 0.001360962 0.000236396 0.999999821 -0.000534417 -0.002037700 0.000092630 0.000534395 0.999999881 0.051393665
1.000000000 -0.000082808 -0.000101506 0.001250332 0.000082690 0.999999344 -0.001166155 -0.002286057 0.000101603 0.001166146 0.999999344 0.144126937
1.000000000 -0.000213333 -0.000051980 0.002651049 0.000213254 0.999998808 -0.001511390 -0.006650181 0.000052303 0.001511379 0.999998868 0.260272831
1.000000000 -0.000198849 -0.000085031 0.004515575 0.000198728 0.999998987 -0.001418970 -0.010698872 0.000085313 0.001418953 0.999998987 0.394202262
1.000000000 -0.000107706 -0.000146118 0.008992936 0.000107534 0.999999285 -0.001178497 -0.016917752 0.000146244 0.001178481 0.999999285 0.530014753
1.000000000 -0.000005719 -0.000050812 0.011581550 0.000005663 0.999999404 -0.001102850 -0.020187935 0.000050818 0.001102850 0.999999404 0.690103054
1.000000000 0.000195767 -0.000028371 0.018495830 -0.000195795 0.999999464 -0.001010685 -0.024007609 0.000028173 0.001010691 0.999999464 0.846292019
0.999999940 0.000360180 0.000051549 0.016170843 -0.000360135 0.999999583 -0.000864605 -0.024176631 -0.000051861 0.000864586 0.999999642 1.024352431
1.000000000 -0.000052872 -0.000212035 0.027796574 0.000052741 0.999999821 -0.000613644 -0.031330690 0.000212068 0.000613633 0.999999762 1.194252133
1.000000000 -0.000040255 -0.000049963 0.026865173 0.000040239 0.999999940 -0.000321804 -0.035419751 0.000049976 0.000321802 0.999999940 1.387428403
1.000000000 0.000034418 -0.000078952 0.031094521 -0.000034441 0.999999940 -0.000291472 -0.042539932 0.000078942 0.000291475 0.999999940 1.584175944
1.000000000 -0.000079989 0.000099647 0.035375454 0.000080021 0.999999940 -0.000326018 -0.049687266 -0.000099621 0.000326026 0.999999940 1.804130197
0.999999940 -0.000305235 -0.000051529 0.045266155 0.000305236 0.999999940 0.000012817 -0.055494178 0.000051525 -0.000012832 1.000000000 1.988770604
0.999999881 0.000199405 0.000437266 0.030117160 -0.000199465 1.000000000 0.000136563 -0.066355526 -0.000437239 -0.000136650 0.999999881 2.201074362
1.000000000 -0.000072620 -0.000128517 0.038906340 0.000072652 0.999999940 0.000253136 -0.072765969 0.000128498 -0.000253146 0.999999940 2.411170483
0.999999702 0.000321841 -0.000722654 0.061424337 -0.000321803 0.999999940 0.000052330 -0.100106493 0.000722671 -0.000052097 0.999999762 2.598353386
0.999999583 0.000223722 -0.000942017 0.065643318 -0.000223639 1.000000000 0.000088701 -0.106561154 0.000942037 -0.000088490 0.999999523 2.831150532
0.999999642 0.000600240 -0.000641747 0.067063533 -0.000600266 0.999999821 -0.000039085 -0.107580341 0.000641723 0.000039470 0.999999821 3.065690994
0.999999702 0.000342855 -0.000797806 0.073110729 -0.000342947 1.000000000 -0.000114748 -0.114718162 0.000797767 0.000115021 0.999999702 3.306000471
0.999999762 0.000355311 -0.000664966 0.076291457 -0.000355248 0.999999940 0.000094481 -0.123778827 0.000665000 -0.000094245 0.999999821 3.546797037
0.999999762 0.000424263 -0.000629021 0.085278548 -0.000424107 0.999999940 0.000248045 -0.130749226 0.000629126 -0.000247778 0.999999762 3.797991991
0.999999583 0.000542659 -0.000633879 0.084425092 -0.000542560 0.999999821 0.000157585 -0.139527127 0.000633964 -0.000157241 0.999999702 4.081455708
0.999999285 0.001084784 -0.000427651 0.087521844 -0.001084581 0.999999285 0.000473814 -0.145097271 0.000428165 -0.000473349 0.999999702 4.341111183
0.999999702 0.000649841 -0.000466585 0.094323918 -0.000649636 0.999999702 0.000438186 -0.153254032 0.000466870 -0.000437883 0.999999821 4.599695683
0.999999464 0.000970089 -0.000305630 0.097009636 -0.000969852 0.999999106 0.000774278 -0.163273066 0.000306381 -0.000773981 0.999999642 4.850539684
0.999999583 0.000736273 -0.000348047 0.100327462 -0.000735961 0.999999285 0.000896329 -0.172275275 0.000348707 -0.000896072 0.999999523 5.110168457
0.999999940 0.000098910 -0.000231907 0.094961658 -0.000098646 0.999999285 0.001141159 -0.193440586 0.000232020 -0.001141137 0.999999285 5.364142418
0.999999881 -0.000011238 -0.000315959 0.103561804 0.000011617 0.999999225 0.001200281 -0.202981472 0.000315945 -0.001200284 0.999999225 5.630928993
1.000000000 0.000262620 -0.000100725 0.108239375 -0.000262489 0.999999166 0.001299723 -0.211128756 0.000101066 -0.001299697 0.999999166 5.902530670
1.000000000 0.000206830 -0.000070782 0.109234348 -0.000206735 0.999999106 0.001340090 -0.220638767 0.000071059 -0.001340075 0.999999166 6.179741383
0.999999583 0.000886409 0.000262862 0.114728466 -0.000886792 0.999998569 0.001458227 -0.229959399 -0.000261569 -0.001458460 0.999998927 6.456225872
0.999999464 0.001044605 -0.000029361 0.119682632 -0.001044543 0.999997318 0.002064320 -0.264019012 0.000031517 -0.002064288 0.999997854 6.749330997
0.999999642 0.000823216 -0.000262622 0.129301965 -0.000822659 0.999997437 0.002113479 -0.272151589 0.000264361 -0.002113262 0.999997735 7.048426151
0.999999702 0.000714765 -0.000283145 0.138283238 -0.000714106 0.999997079 0.002320610 -0.285520226 0.000284803 -0.002320408 0.999997258 7.336723804
0.999999583 0.000847728 0.000056257 0.146810532 -0.000847857 0.999996841 0.002339544 -0.296127975 -0.000054274 -0.002339591 0.999997318 7.647859097
0.999999881 0.000443112 -0.000149198 0.152663693 -0.000442742 0.999996841 0.002474185 -0.312121570 0.000150294 -0.002474118 0.999996960 7.968852997
0.999999702 0.000689111 0.000209135 0.157164052 -0.000689611 0.999996841 0.002397559 -0.310353845 -0.000207482 -0.002397702 0.999997079 8.273100853
0.999999940 0.000308870 0.000134483 0.153379098 -0.000309235 0.999996245 0.002722799 -0.339492500 -0.000133642 -0.002722840 0.999996305 8.634967804
0.999999702 0.000639223 0.000321931 0.159479111 -0.000640112 0.999995947 0.002769558 -0.345092714 -0.000320159 -0.002769763 0.999996126 8.974645615
0.999999642 0.000752169 0.000489791 0.161840126 -0.000753556 0.999995768 0.002836505 -0.353471339 -0.000487655 -0.002836873 0.999995887 9.310926437
0.999999821 0.000588283 0.000339518 0.173391446 -0.000589236 0.999995947 0.002815406 -0.365294665 -0.000337860 -0.002815606 0.999995947 9.652729988
0.999999225 0.001113699 0.000592517 0.179312974 -0.001115495 0.999994814 0.003038771 -0.370431513 -0.000589130 -0.003039429 0.999995232 10.013284683
0.999999583 0.000705947 0.000623708 0.177159980 -0.000707815 0.999995232 0.002999966 -0.391258538 -0.000621587 -0.003000406 0.999995291 10.362709999
0.999998689 0.001322485 0.000896071 0.182700604 -0.001325231 0.999994397 0.003070476 -0.401305825 -0.000892005 -0.003071660 0.999994874 10.725149155
0.999999404 0.000870092 0.000677619 0.196808517 -0.000872492 0.999993324 0.003549500 -0.421249211 -0.000674526 -0.003550089 0.999993443 11.069725037
0.999999464 0.000768053 0.000665944 0.209345117 -0.000770516 0.999992847 0.003706312 -0.436700135 -0.000663093 -0.003706823 0.999992907 11.441154480
0.999998868 0.001226343 0.000820884 0.212497458 -0.001229302 0.999992728 0.003613011 -0.439927042 -0.000816447 -0.003614016 0.999993145 11.826036453
0.999999344 0.000774582 0.000783874 0.228135720 -0.000777642 0.999992073 0.003910236 -0.459267020 -0.000780839 -0.003910843 0.999992073 12.189913750
0.999999166 0.000954756 0.000865158 0.231968492 -0.000958316 0.999991059 0.004122508 -0.470624983 -0.000861215 -0.004123334 0.999991119 12.596789360
0.999999285 0.000706265 0.000939220 0.238913983 -0.000710131 0.999991298 0.004121614 -0.479891002 -0.000936301 -0.004122277 0.999991059 12.998953819
0.999999464 0.000833088 0.000510147 0.257705420 -0.000835278 0.999990404 0.004307780 -0.495433658 -0.000506553 -0.004308204 0.999990523 13.391766548
0.999999464 0.000672353 0.000778276 0.261480719 -0.000675859 0.999989688 0.004513700 -0.506761551 -0.000775233 -0.004514223 0.999989450 13.792487144
0.999999106 0.000893912 0.000966743 0.269236118 -0.000898244 0.999989510 0.004489853 -0.519873977 -0.000962719 -0.004490716 0.999989450 14.212351799
0.999998987 0.000882752 0.001066096 0.279170245 -0.000887392 0.999990046 0.004360437 -0.530822754 -0.001062236 -0.004361378 0.999989867 14.637046814
0.999999046 0.000708605 0.001230844 0.292350739 -0.000714094 0.999989808 0.004464897 -0.542826951 -0.001227668 -0.004465771 0.999989271 15.059961319
0.999999106 0.000317922 0.001363230 0.304441482 -0.000324419 0.999988616 0.004768013 -0.559219956 -0.001361699 -0.004768451 0.999987721 15.483961105
0.999998212 0.000444027 0.001834419 0.316525728 -0.000453463 0.999986649 0.005146731 -0.578191340 -0.001832109 -0.005147554 0.999985099 15.909727097
0.999997675 0.000469512 0.002131167 0.328939646 -0.000480916 0.999985576 0.005353815 -0.591591001 -0.002128623 -0.005354828 0.999983370 16.352184296
0.999997795 -0.000013769 0.002053992 0.344652176 0.000002714 0.999985516 0.005382297 -0.605442166 -0.002054036 -0.005382280 0.999983430 16.792236328
0.999997735 -0.000232538 0.002111999 0.347267926 0.000220602 0.999984026 0.005650336 -0.623529613 -0.002113280 -0.005649857 0.999981821 17.235307693
0.999996781 -0.000044733 0.002535920 0.355798393 0.000029861 0.999982774 0.005864272 -0.635017037 -0.002536138 -0.005864177 0.999979615 17.699272156
0.999996543 -0.000963102 0.002444392 0.375124544 0.000949109 0.999983251 0.005719199 -0.647347450 -0.002449859 -0.005716859 0.999980688 18.162357330
0.999995291 -0.001436086 0.002714655 0.387307376 0.001420232 0.999981999 0.005832828 -0.659281731 -0.002722983 -0.005828946 0.999979258 18.630750656
0.999995053 -0.000524967 0.003103670 0.376548290 0.000505245 0.999979675 0.006351708 -0.686345458 -0.003106941 -0.006350108 0.999975026 19.076993942
0.999995351 -0.000173645 0.003051547 0.395067215 0.000153086 0.999977231 0.006736044 -0.702119172 -0.003052647 -0.006735545 0.999972701 19.551441193
0.999994814 0.000396144 0.003205246 0.409415185 -0.000418367 0.999975860 0.006935376 -0.717188597 -0.003202421 -0.006936681 0.999970853 20.020324707
0.999994755 0.000181146 0.003244683 0.414418250 -0.000202333 0.999978662 0.006530847 -0.717873216 -0.003243431 -0.006531470 0.999973416 20.527793884
0.999997556 -0.001308675 0.001781122 0.452165991 0.001296998 0.999977767 0.006541471 -0.744609475 -0.001789643 -0.006539146 0.999976993 20.955781937
0.999998271 -0.001452936 0.001178626 0.457311600 0.001445398 0.999978721 0.006371698 -0.748173714 -0.001187858 -0.006369983 0.999979019 21.473245621
0.999998391 -0.000991022 0.001463408 0.455844581 0.000981422 0.999978006 0.006546261 -0.768055022 -0.001469864 -0.006544815 0.999977469 21.963909149
0.999997079 -0.002205797 0.000959976 0.465342939 0.002198408 0.999968469 0.007631639 -0.795437217 -0.000976780 -0.007629508 0.999970436 22.450151443
0.999997735 -0.002099657 0.000341046 0.477775365 0.002097048 0.999969900 0.007476503 -0.804276049 -0.000356734 -0.007475771 0.999972045 22.966327667
0.999997199 -0.002336116 -0.000290067 0.487303466 0.002338281 0.999967575 0.007704293 -0.822756886 0.000272059 -0.007704950 0.999970317 23.495170593
0.999992251 -0.003806339 -0.001015132 0.507877767 0.003813798 0.999964952 0.007450073 -0.841637611 0.000986738 -0.007453888 0.999971747 23.937255859
0.999996781 -0.002315335 -0.001043966 0.514045000 0.002323352 0.999967217 0.007744764 -0.848935187 0.001026000 -0.007747164 0.999969482 24.477672577
0.999992371 -0.003007186 -0.002501856 0.539709508 0.003027184 0.999963164 0.008028249 -0.867355347 0.002477621 -0.008035761 0.999964654 24.992860794
0.999992073 -0.002615111 -0.003001968 0.528258502 0.002638674 0.999965549 0.007872454 -0.867630064 0.002981277 -0.007880313 0.999964535 25.517011642
0.999992549 -0.002148442 -0.003192576 0.533662677 0.002172200 0.999969900 0.007457050 -0.874219000 0.003176459 -0.007463929 0.999967098 26.079427719
0.999986708 -0.003138233 -0.004094125 0.566070557 0.003172742 0.999959409 0.008449661 -0.902936876 0.004067441 -0.008462540 0.999955833 26.574432373
0.999985993 -0.002639527 -0.004573397 0.578627646 0.002678483 0.999960065 0.008532931 -0.918689787 0.004550691 -0.008545062 0.999953091 27.119832993
0.999987125 -0.001698781 -0.004791494 0.584562540 0.001738983 0.999963284 0.008398615 -0.933543265 0.004777050 -0.008406838 0.999953210 27.649137497
0.999987662 -0.001969244 -0.004549287 0.527540147 0.002010212 0.999957323 0.009018406 -0.962818801 0.004531332 -0.009027441 0.999948978 28.138889313
0.999986887 -0.001635744 -0.004851853 0.531794965 0.001679368 0.999958098 0.009000555 -0.976112902 0.004836926 -0.009008585 0.999947727 28.695947647
0.999986887 -0.001492592 -0.004898265 0.542436898 0.001537683 0.999956369 0.009214652 -0.988297939 0.004884298 -0.009222064 0.999945581 29.236761093
0.999982238 -0.002355024 -0.005472996 0.562295079 0.002409155 0.999948025 0.009905064 -1.038416147 0.005449384 -0.009918074 0.999935985 29.684116364
0.999981880 -0.002202466 -0.005597779 0.571996570 0.002258587 0.999947071 0.010039106 -1.049911618 0.005575371 -0.010051568 0.999933958 30.238925934
0.999980032 -0.002479014 -0.005806192 0.581616104 0.002537471 0.999945939 0.010082568 -1.061741352 0.005780883 -0.010097100 0.999932408 30.775814056
0.999982774 -0.001203540 -0.005740204 0.601491809 0.001256920 0.999955952 0.009304917 -1.067953110 0.005728752 -0.009311973 0.999940276 31.318309784
0.999975383 -0.002700601 -0.006479102 0.600416660 0.002765801 0.999945521 0.010075463 -1.083898783 0.006451538 -0.010093136 0.999928236 31.787424088
0.999972403 -0.002854746 -0.006857870 0.622709990 0.002924138 0.999944448 0.010129921 -1.092914701 0.006828571 -0.010149695 0.999925196 32.319633484
0.999973297 -0.002148993 -0.006983455 0.622890174 0.002219271 0.999946833 0.010071383 -1.103676558 0.006961441 -0.010086613 0.999924839 32.874813080
0.999975443 -0.001816783 -0.006764412 0.610345185 0.001882296 0.999951243 0.009691184 -1.107357621 0.006746476 -0.009703679 0.999930143 33.441917419
0.999964356 -0.002820002 -0.007961258 0.662810087 0.002901012 0.999944091 0.010182368 -1.142518520 0.007932098 -0.010205100 0.999916434 33.910888672
0.999959052 -0.003376828 -0.008399515 0.676511824 0.003460229 0.999944687 0.009934659 -1.150337934 0.008365503 -0.009963316 0.999915421 34.450675964
0.999958992 -0.003183520 -0.008482680 0.685733616 0.003270559 0.999941945 0.010266819 -1.162970543 0.008449503 -0.010294139 0.999911308 34.994750977
0.999962270 -0.002659486 -0.008267639 0.694232345 0.002738264 0.999950886 0.009531940 -1.163114667 0.008241882 -0.009554219 0.999920428 35.535091400
0.999960244 -0.002670516 -0.008506281 0.702633619 0.002752931 0.999949276 0.009691785 -1.182322621 0.008479968 -0.009714819 0.999916852 36.056789398
0.999962628 -0.002990736 -0.008110985 0.663128138 0.003076475 0.999939322 0.010578956 -1.205971718 0.008078855 -0.010603515 0.999911070 36.525169373
0.999961257 -0.002915839 -0.008311027 0.670987964 0.003003033 0.999940395 0.010498324 -1.216754675 0.008279920 -0.010522876 0.999910295 37.068538666
0.999957442 -0.003601450 -0.008490548 0.666043162 0.003696110 0.999930918 0.011159637 -1.236690760 0.008449770 -0.011190544 0.999901652 37.577442169
0.999960601 -0.002698611 -0.008458159 0.665145040 0.002789463 0.999938369 0.010748013 -1.249073863 0.008428633 -0.010771183 0.999906421 38.119293213
0.999958098 -0.002555090 -0.008790052 0.693725944 0.002645481 0.999943614 0.010287081 -1.250219345 0.008763270 -0.010309903 0.999908388 38.673648834
0.999954581 -0.002958158 -0.009058939 0.669838548 0.003058669 0.999933720 0.011101411 -1.295976996 0.009025499 -0.011128615 0.999897361 39.184326172
0.999955356 -0.002334329 -0.009163550 0.682132304 0.002432353 0.999939859 0.010700607 -1.308531642 0.009138021 -0.010722417 0.999900818 39.711566925
0.999955654 -0.002939750 -0.008942267 0.680903316 0.003033807 0.999940038 0.010522982 -1.313754320 0.008910797 -0.010549644 0.999904633 40.285926819
0.999953389 -0.002439347 -0.009337625 0.694483876 0.002537239 0.999941766 0.010486183 -1.318849802 0.009311501 -0.010509387 0.999901414 40.828769684
0.999952316 -0.002029535 -0.009549633 0.702439547 0.002121775 0.999951124 0.009658836 -1.315081120 0.009529562 -0.009678636 0.999907792 41.388469696
0.999946177 -0.003156041 -0.009878634 0.719215095 0.003265305 0.999933422 0.011064049 -1.350232244 0.009843059 -0.011095711 0.999889910 41.865325928
0.999943554 -0.003368588 -0.010073320 0.730258346 0.003480145 0.999932528 0.011077569 -1.357313752 0.010035325 -0.011112000 0.999887884 42.410514832
0.999941289 -0.003665563 -0.010199722 0.737183094 0.003776221 0.999934018 0.010851176 -1.369308949 0.010159274 -0.010889056 0.999889016 42.952690125
0.999943614 -0.003362968 -0.010062868 0.747469425 0.003472974 0.999934196 0.010934409 -1.380531788 0.010025434 -0.010968743 0.999889553 43.496715546
0.999942124 -0.003455372 -0.010185776 0.731794238 0.003568430 0.999931931 0.011102470 -1.391127467 0.010146720 -0.011138176 0.999886513 43.986396790
0.999944210 -0.003143082 -0.010086401 0.736297727 0.003254378 0.999933779 0.011036830 -1.402414441 0.010051044 -0.011069038 0.999888241 44.541698456
0.999938011 -0.003247140 -0.010645606 0.758452892 0.003362250 0.999935925 0.010812880 -1.408066392 0.010609812 -0.010848003 0.999884844 45.076946259
0.999940097 -0.003340515 -0.010425540 0.751752973 0.003453969 0.999934793 0.010883388 -1.413040400 0.010388504 -0.010918743 0.999886453 45.581829071
0.999938548 -0.003582912 -0.010497293 0.760810137 0.003699713 0.999931276 0.011128571 -1.423697710 0.010456699 -0.011166723 0.999882996 46.136966705
0.999934554 -0.003910663 -0.010752470 0.765940905 0.004031502 0.999928713 0.011239736 -1.436750174 0.010707747 -0.011282348 0.999879062 46.698848724
0.999937236 -0.003704952 -0.010573894 0.764587045 0.003819999 0.999933600 0.010880902 -1.439516306 0.010532876 -0.010920611 0.999884903 47.149448395
0.999935150 -0.003931297 -0.010687391 0.776594162 0.004046347 0.999933839 0.010764775 -1.447374344 0.010644363 -0.010807320 0.999884963 47.695018768
0.999933124 -0.003806714 -0.010925191 0.784049332 0.003924722 0.999933958 0.010800499 -1.458525419 0.010883355 -0.010842657 0.999881983 48.231079102
0.999933481 -0.004179953 -0.010748703 0.785974801 0.004299464 0.999928951 0.011119748 -1.475285769 0.010701462 -0.011165221 0.999880373 48.748718262
0.999934256 -0.003874047 -0.010790081 0.786895752 0.003995856 0.999928296 0.011290449 -1.485412359 0.010745567 -0.011332821 0.999878049 49.286193848
0.999937057 -0.003963735 -0.010490681 0.783571780 0.004076793 0.999933660 0.010777649 -1.492735982 0.010447266 -0.010819739 0.999886870 49.828491211
0.999932170 -0.004080718 -0.010910675 0.798163176 0.004203237 0.999928117 0.011229981 -1.507028580 0.010864064 -0.011275079 0.999877393 50.326377869
0.999931753 -0.004149290 -0.010920829 0.799560905 0.004275963 0.999923587 0.011601493 -1.518872499 0.010871857 -0.011647400 0.999873042 50.868373871
0.999930799 -0.004055711 -0.011041419 0.811025560 0.004177277 0.999930680 0.011009304 -1.524515629 0.010996002 -0.011054665 0.999878347 51.391494751
0.999937356 -0.003371098 -0.010672027 0.811935127 0.003488864 0.999933004 0.011035710 -1.531078100 0.010634110 -0.011072251 0.999882102 51.933071136
0.999929249 -0.004009403 -0.011199432 0.817534804 0.004134743 0.999928772 0.011190877 -1.541599154 0.011153770 -0.011236392 0.999874592 52.443061829
0.999925852 -0.004220928 -0.011426331 0.825457275 0.004348012 0.999928653 0.011120129 -1.551288366 0.011378580 -0.011168986 0.999872863 52.992744446
0.999927461 -0.004228224 -0.011279098 0.829495013 0.004354028 0.999928296 0.011152633 -1.559267521 0.011231135 -0.011200934 0.999874175 53.512500763
0.999927938 -0.004349791 -0.011189977 0.841185808 0.004474896 0.999927402 0.011179501 -1.572439194 0.011140536 -0.011228771 0.999874890 54.079864502
0.999931097 -0.004245843 -0.010946704 0.835344434 0.004363151 0.999933064 0.010714739 -1.568548918 0.010900479 -0.010761762 0.999882698 54.618732452
0.999924898 -0.004589411 -0.011361733 0.850279868 0.004722139 0.999920607 0.011682856 -1.604092360 0.011307213 -0.011735632 0.999867201 55.045475006
0.999925852 -0.004549129 -0.011298149 0.862944245 0.004667907 0.999933898 0.010509049 -1.583814144 0.011249594 -0.010561008 0.999880910 55.690582275
0.999924839 -0.004576685 -0.011374922 0.871011913 0.004710790 0.999919415 0.011790807 -1.626577854 0.011320041 -0.011843506 0.999865770 56.116443634
0.999932766 -0.004174920 -0.010813856 0.862954855 0.004298887 0.999925017 0.011465907 -1.635596991 0.010765177 -0.011511622 0.999875784 56.665302277
0.999922037 -0.005088266 -0.011402601 0.867923856 0.005219413 0.999920249 0.011501403 -1.649365544 0.011343169 -0.011560022 0.999868870 57.175609589
0.999926269 -0.004651892 -0.011214893 0.869764984 0.004780675 0.999922693 0.011483861 -1.655961633 0.011160604 -0.011536629 0.999871194 57.718582153
0.999931991 -0.004031855 -0.010943936 0.870300591 0.004158447 0.999924481 0.011569415 -1.666522980 0.010896464 -0.011614139 0.999873281 58.240760803
0.999917150 -0.005225802 -0.011764789 0.892923713 0.005361627 0.999919057 0.011543337 -1.676271200 0.011703512 -0.011605458 0.999864221 58.778301239
0.999927163 -0.004573045 -0.011166839 0.882084429 0.004704325 0.999919891 0.011758409 -1.685401440 0.011112171 -0.011810085 0.999868631 59.286407471
0.999922156 -0.005237248 -0.011322051 0.891720951 0.005368633 0.999918222 0.011605343 -1.690466642 0.011260346 -0.011665225 0.999868512 59.821323395
0.999918640 -0.005403528 -0.011547640 0.905397236 0.005540860 0.999913990 0.011894053 -1.698855400 0.011482376 -0.011957069 0.999862552 60.353359222
0.999912381 -0.005880904 -0.011860423 0.923141837 0.006018440 0.999914646 0.011593989 -1.715968132 0.011791230 -0.011664355 0.999862432 60.864593506
0.999918699 -0.005529491 -0.011491551 0.916954041 0.005654821 0.999924541 0.010902635 -1.721716285 0.011430399 -0.010966733 0.999874532 61.432731628
0.999905586 -0.006089457 -0.012316397 0.930987179 0.006230363 0.999915183 0.011434676 -1.714736223 0.012245724 -0.011510333 0.999858737 61.917018890
0.999919236 -0.004938318 -0.011703856 0.943517447 0.005080436 0.999913335 0.012144400 -1.756800413 0.011642871 -0.012202881 0.999857724 62.435100555
0.999923050 -0.004866490 -0.011408933 0.936646461 0.005001137 0.999917805 0.011803302 -1.763104200 0.011350553 -0.011859450 0.999865234 62.965888977
0.999913752 -0.005356414 -0.011981709 0.944959164 0.005489418 0.999923289 0.011095376 -1.766114950 0.011921361 -0.011160194 0.999866664 63.519157410
0.999920428 -0.004546216 -0.011760020 0.936851799 0.004689557 0.999914646 0.012190185 -1.782783151 0.011703600 -0.012244366 0.999856532 64.067901611
0.999920666 -0.004797761 -0.011641000 0.962219179 0.004941199 0.999911845 0.012324553 -1.801856279 0.011580845 -0.012381095 0.999856234 64.494552612
0.999916971 -0.005090846 -0.011834431 0.965751767 0.005233721 0.999913454 0.012073326 -1.807063341 0.011771942 -0.012134262 0.999857068 65.051017761
0.999917924 -0.004995678 -0.011799829 0.973033190 0.005135465 0.999916673 0.011846163 -1.814708114 0.011739665 -0.011905788 0.999860168 65.586616516
0.999905050 -0.006239276 -0.012278769 0.984603286 0.006385294 0.999908924 0.011888810 -1.831264138 0.012203473 -0.011966088 0.999853909 66.098854065
0.999906003 -0.005941981 -0.012358911 1.001064539 0.006091414 0.999908328 0.012088795 -1.841454148 0.012285948 -0.012162942 0.999850571 66.623168945
0.999930382 -0.003987589 -0.011103882 0.941247582 0.004129221 0.999910057 0.012761600 -1.887142420 0.011051993 -0.012806565 0.999856889 67.105056763
0.999920845 -0.004872857 -0.011602486 0.955204606 0.005020148 0.999906778 0.012699624 -1.890468001 0.011539519 -0.012756864 0.999852002 67.654075623
0.999924898 -0.004488803 -0.011405395 0.962226093 0.004632730 0.999909580 0.012624340 -1.909231067 0.011347696 -0.012676230 0.999855280 68.184562683
0.999929845 -0.004029311 -0.011134800 0.967866302 0.004173198 0.999907732 0.012929427 -1.906676173 0.011081676 -0.012974988 0.999854386 68.745903015
0.999933958 -0.003918995 -0.010805564 0.969225883 0.004054171 0.999913454 0.012516475 -1.919738531 0.010755578 -0.012559456 0.999863267 69.299369812
0.999929368 -0.004182531 -0.011121259 0.969107032 0.004326313 0.999906898 0.012936039 -1.942417502 0.011066119 -0.012983240 0.999854445 69.715682983
0.999927938 -0.004203967 -0.011250008 0.973848462 0.004345993 0.999910772 0.012629967 -1.948330045 0.011195908 -0.012677951 0.999856889 70.262542725
0.999928653 -0.003715356 -0.011356121 0.980220258 0.003860045 0.999911249 0.012745756 -1.958386898 0.011307759 -0.012788683 0.999854267 70.818031311
0.999924481 -0.004704918 -0.011349086 0.994638145 0.004849253 0.999907196 0.012723921 -1.977413416 0.011288168 -0.012777996 0.999854684 71.301063538
0.999927819 -0.004302409 -0.011220048 0.996034861 0.004447112 0.999906838 0.012903972 -1.971580029 0.011163486 -0.012952936 0.999853730 71.882072449
0.999927402 -0.004447826 -0.011203657 1.005078435 0.004592212 0.999906301 0.012894829 -1.981385708 0.011145254 -0.012945340 0.999854088 72.439361572
0.999924541 -0.004655488 -0.011365918 1.009538889 0.004801431 0.999905944 0.012847112 -1.992636323 0.011305040 -0.012900715 0.999852836 72.986724854
0.999931335 -0.003587528 -0.011164020 1.008894205 0.003732555 0.999908507 0.012996903 -2.004705429 0.011116372 -0.013037680 0.999853134 73.443756104
0.999939919 -0.003417550 -0.010425269 0.975463152 0.003554537 0.999907196 0.013149770 -1.996947050 0.010379361 -0.013186036 0.999859154 73.963073730
0.999935627 -0.003767506 -0.010712498 0.986108601 0.003904957 0.999909937 0.012839033 -2.018942118 0.010663164 -0.012880037 0.999860227 74.471168518
0.999928653 -0.004345365 -0.011123482 1.018284917 0.004487847 0.999907911 0.012816415 -2.024211645 0.011066765 -0.012865422 0.999855936 75.028396606
0.999925971 -0.004788743 -0.011187107 1.026415586 0.004932054 0.999905765 0.012818017 -2.034579754 0.011124671 -0.012872241 0.999855220 75.556602478
0.999923706 -0.004767722 -0.011392176 1.026900768 0.004919032 0.999899626 0.013291058 -2.046999931 0.011327663 -0.013346082 0.999846756 76.111419678
0.999917150 -0.005358819 -0.011699947 1.039875865 0.005509662 0.999901652 0.012898616 -2.047290802 0.011629676 -0.012962009 0.999848366 76.640777588
0.999926031 -0.004906632 -0.011131329 1.042604923 0.005045524 0.999909282 0.012483891 -2.047898531 0.011069066 -0.012539130 0.999860108 77.177818298
0.999923289 -0.004905122 -0.011377983 1.055062413 0.005047685 0.999908626 0.012534932 -2.063341141 0.011315458 -0.012591401 0.999856710 77.717651367
0.999928713 -0.004593996 -0.011022041 1.056514263 0.004729731 0.999912918 0.012320543 -2.067616701 0.010964482 -0.012371796 0.999863327 78.252532959
0.999934912 -0.004453569 -0.010505808 1.050858498 0.004580670 0.999916196 0.012105225 -2.069189787 0.010451016 -0.012152562 0.999871552 78.785499573
0.999943078 -0.004596713 -0.009632527 1.058050871 0.004711611 0.999917567 0.011939499 -2.076696396 0.009576851 -0.011984206 0.999882340 79.332298279
0.999962032 -0.003866489 -0.007803338 1.052354336 0.003961825 0.999917269 0.012239256 -2.106463432 0.007755368 -0.012269707 0.999894619 79.858657837
0.999971390 -0.004306067 -0.006204807 1.067411780 0.004383778 0.999911427 0.012565688 -2.122104168 0.006150148 -0.012592533 0.999901772 80.396820068
0.999984264 -0.004523764 -0.003318831 1.104644895 0.004562767 0.999919415 0.011840001 -2.094106674 0.003265003 -0.011854957 0.999924362 80.914772034
0.999989092 -0.004642149 0.000618321 1.093207479 0.004634032 0.999910712 0.012539251 -2.127951622 -0.000676476 -0.012536248 0.999921143 81.526985168
0.999982238 -0.004872326 0.003437528 1.128598809 0.004831121 0.999917567 0.011894984 -2.105987549 -0.003495202 -0.011878164 0.999923348 82.041847229
0.999955058 -0.005149324 0.007961574 1.153780818 0.005059108 0.999923229 0.011310359 -2.108197689 -0.008019202 -0.011269576 0.999904275 82.578041077
0.999886811 -0.005077533 0.014163059 1.169649243 0.004912144 0.999919653 0.011687971 -2.129160166 -0.014221268 -0.011617076 0.999831378 83.120986938
0.999790788 -0.004772049 0.019890051 1.209175229 0.004545323 0.999924362 0.011428648 -2.126706600 -0.019943085 -0.011335848 0.999736845 83.687133789
0.999661446 -0.004474279 0.025630400 1.235883594 0.004178463 0.999924242 0.011583542 -2.134512901 -0.025680283 -0.011472524 0.999604404 84.242027283
0.999425173 -0.004814395 0.033556629 1.267749190 0.004434299 0.999925196 0.011392227 -2.133904934 -0.033608966 -0.011236877 0.999371827 84.783531189
0.999139607 -0.005243457 0.041140631 1.316653967 0.004786544 0.999925733 0.011196773 -2.144520283 -0.041196287 -0.010990219 0.999090552 85.328552246
0.998815656 -0.005205434 0.048375446 1.361353874 0.004647678 0.999921501 0.011635066 -2.154444695 -0.048432212 -0.011396453 0.998761475 85.834182739
0.998366177 -0.005410153 0.056883309 1.424438238 0.004766980 0.999923229 0.011436508 -2.165392637 -0.056940809 -0.011146662 0.998315334 86.373138428
0.997733593 -0.005410121 0.067069285 1.478562355 0.004645656 0.999922633 0.011548855 -2.174101591 -0.067126580 -0.011211102 0.997681499 86.923126221
0.997137606 -0.005864089 0.075379699 1.548690796 0.005016331 0.999922097 0.011430923 -2.183815479 -0.075440876 -0.011020076 0.997089326 87.457305908
0.996485293 -0.006200015 0.083538055 1.593879700 0.005274029 0.999922216 0.011300726 -2.181154490 -0.083601631 -0.010820424 0.996440470 88.044692993
0.995568037 -0.006408867 0.093825787 1.670867443 0.005359882 0.999920309 0.011427868 -2.189801216 -0.093891546 -0.010874324 0.995523036 88.584159851
0.994503021 -0.006508544 0.104504019 1.759779930 0.005336994 0.999919772 0.011486300 -2.204349041 -0.104570366 -0.010865426 0.994458258 89.075302124
0.993419290 -0.005563108 0.114398457 1.835227013 0.004258726 0.999923110 0.011643330 -2.212945223 -0.114454433 -0.011079516 0.993366778 89.641609192
0.992147028 -0.006445003 0.124910399 1.932680130 0.005009022 0.999917746 0.011806745 -2.221046925 -0.124976225 -0.011088348 0.992097855 90.181632996
0.990639925 -0.007226879 0.136310503 2.064408302 0.005731907 0.999919057 0.011356716 -2.217069864 -0.136381522 -0.010469096 0.990601063 90.760963440
0.989076316 -0.008266649 0.147172436 2.127601624 0.006628999 0.999910533 0.011614427 -2.235018730 -0.147255272 -0.010511949 0.989042699 91.272201538
0.987576008 -0.009004654 0.156883940 2.290632248 0.007339422 0.999910474 0.011190494 -2.242336512 -0.156970650 -0.009900027 0.987553656 91.825965881
0.985449791 -0.009735543 0.169688091 2.411083221 0.007957486 0.999906123 0.011155314 -2.249543905 -0.169780776 -0.009642710 0.985434711 92.360191345
0.983184814 -0.008867576 0.182397962 2.514744759 0.006777843 0.999904096 0.012077187 -2.267778635 -0.182487607 -0.010637845 0.983150542 92.869049072
0.981302798 -0.009191878 0.192251295 2.657030106 0.007061567 0.999905884 0.011763142 -2.286281109 -0.192341343 -0.010185607 0.981275141 93.371963501
0.978676140 -0.009283436 0.205199644 2.796094894 0.006994875 0.999904990 0.011875456 -2.295431376 -0.205290407 -0.010186881 0.978648007 93.902877808
0.975653112 -0.009691815 0.219105273 2.912038803 0.007226121 0.999901175 0.012052068 -2.289335728 -0.219200477 -0.010175357 0.975626767 94.453186035
0.973133802 -0.009659415 0.230037183 3.081636429 0.007111661 0.999903858 0.011901935 -2.308773756 -0.230130032 -0.009946231 0.973109066 94.972442627
0.970186055 -0.010552655 0.242131427 3.257486343 0.007991409 0.999901414 0.011557600 -2.311155319 -0.242229521 -0.009278052 0.970174611 95.597366333
0.966764212 -0.011389620 0.255415887 3.426599503 0.008640896 0.999892056 0.011881331 -2.324380398 -0.255523652 -0.009279424 0.966758251 96.097099304
0.963372648 -0.011039380 0.267938823 3.596422195 0.008109592 0.999894619 0.012038784 -2.330650806 -0.268043518 -0.009424963 0.963360727 96.652587891
0.960109532 -0.011816754 0.279374152 3.785131454 0.008817199 0.999889255 0.011990970 -2.344755650 -0.279484868 -0.009049348 0.960107446 97.194526672
0.956034362 -0.012265064 0.292998195 3.960500717 0.009194332 0.999887526 0.011855314 -2.331386089 -0.293110579 -0.008640165 0.956039429 97.745735168
0.951686382 -0.012891206 0.306801349 4.179002762 0.009468114 0.999875247 0.012643115 -2.362650394 -0.306926072 -0.009127448 0.951689601 98.226127625
0.947970331 -0.012857955 0.318099052 4.373680115 0.009206046 0.999873340 0.012981081 -2.373780012 -0.318225682 -0.009377244 0.947968602 98.738845825
0.943555593 -0.012993540 0.330959290 4.590591431 0.009305064 0.999875665 0.012726883 -2.378015280 -0.331083447 -0.008928923 0.943559229 99.296569824
0.938570201 -0.013483386 0.344824791 4.792638779 0.009556706 0.999868631 0.013084836 -2.388303757 -0.344955981 -0.008985648 0.938575804 99.771278381
0.933985889 -0.013539407 0.357053518 5.008676529 0.009402229 0.999867082 0.013320293 -2.397905350 -0.357186407 -0.009083866 0.933988929 100.278839111
0.929816723 -0.014292599 0.367745191 5.254203796 0.010029232 0.999858499 0.013501816 -2.412148476 -0.367886156 -0.008866012 0.929828525 100.831840515
0.924394906 -0.014780415 0.381150305 5.488874435 0.010328590 0.999852419 0.013723033 -2.414875984 -0.381296933 -0.008748757 0.924411237 101.332992554
0.918905437 -0.015515964 0.394172519 5.725097656 0.010878564 0.999842823 0.013996800 -2.422520876 -0.394327790 -0.008573706 0.918929815 101.817253113
0.913999498 -0.016389586 0.405384153 5.978992462 0.011707026 0.999833047 0.014027774 -2.429078579 -0.405546397 -0.008075536 0.914038718 102.338546753
0.907811463 -0.015972948 0.419074178 6.231521606 0.011100546 0.999839425 0.014062379 -2.428277016 -0.419231504 -0.008114036 0.907843053 102.843330383
0.900998354 -0.015843337 0.433533072 6.492679596 0.010811145 0.999842465 0.014070475 -2.437660933 -0.433687687 -0.007990486 0.901027799 103.318298340
0.895060301 -0.016347270 0.445645362 6.761211395 0.011106158 0.999835014 0.014369929 -2.449262619 -0.445806712 -0.007912545 0.895094275 103.795196533
0.889372408 -0.016461777 0.456886947 7.011550903 0.011003661 0.999832928 0.014604650 -2.447927952 -0.457051039 -0.007961547 0.889404833 104.270706177
0.882333815 -0.016718552 0.470327079 7.291255951 0.011299880 0.999833405 0.014342148 -2.452211618 -0.470488489 -0.007339922 0.882375598 104.742614746
0.875467479 -0.016963961 0.482979149 7.591854095 0.011268695 0.999828517 0.014691477 -2.455335379 -0.483145624 -0.007419366 0.875508428 105.248023987
0.869605362 -0.017969267 0.493420333 7.894016266 0.012096972 0.999812961 0.015091216 -2.464474201 -0.493599266 -0.007154508 0.869660079 105.722808838
