1.000000000 0.000000000 0.000000000 0.000000000 0.000000000 1.000000000 0.000000000 0.000000000 0.000000000 0.000000000 1.000000000 0.000000000
1.000000000 -0.000078304 -0.000039690 0.000571638 0.000078303 1.000000000 -0.000017684 0.000097262 0.000039692 0.000017681 1.000000000 0.000218061
1.000000000 -0.000106376 0.000009536 -0.000017724 0.000106376 1.000000000 -0.000006951 0.000201148 -0.000009535 0.000006952 1.000000000 0.000026478
1.000000000 -0.000026251 0.000094973 -0.000835668 0.000026256 1.000000000 -0.000048951 0.000768243 -0.000094972 0.000048954 1.000000000 0.000749305
1.000000000 -0.000170029 -0.000011347 0.000814174 0.000170029 1.000000000 -0.000020297 0.000856304 0.000011350 0.000020295 1.000000000 0.000642258
1.000000000 0.000056641 0.000076366 -0.001038341 -0.000056641 1.000000000 0.000000191 0.000350099 -0.000076366 -0.000000195 1.000000000 -0.000438364
1.000000000 -0.000000226 0.000034232 -0.001137098 0.000000232 1.000000000 -0.000171343 0.001083747 -0.000034232 0.000171343 1.000000000 -0.000237382
1.000000000 0.000069612 0.000121586 -0.001029361 -0.000069612 1.000000000 -0.000000820 -0.000329819 -0.000121586 0.000000812 1.000000000 -0.000004255
1.000000000 0.000192900 0.000116039 -0.001947139 -0.000192904 1.000000000 0.000032107 -0.000150486 -0.000116033 -0.000032129 1.000000000 -0.000068677
1.000000000 0.000116591 0.000130128 -0.001168510 -0.000116581 1.000000000 -0.000079425 0.001195407 -0.000130138 0.000079410 1.000000000 0.000794431
1.000000000 0.000212035 0.000074288 -0.001302938 -0.000212025 0.999999940 -0.000136853 0.000400585 -0.000074317 0.000136837 1.000000000 -0.000833473
1.000000000 0.000045477 0.000091057 -0.001351973 -0.000045472 1.000000000 -0.000049484 0.001131083 -0.000091059 0.000049480 1.000000000 0.000471350
1.000000000 0.000125056 0.000121397 -0.001533117 -0.000125041 1.000000000 -0.000123541 0.001868098 -0.000121413 0.000123526 1.000000000 0.001453193
1.000000000 0.000147342 0.000078605 -0.001004261 -0.000147338 1.000000000 -0.000050119 0.001410079 -0.000078612 0.000050108 1.000000000 0.000945744
0.999999940 0.000189196 0.000201588 -0.001671784 -0.000189168 1.000000000 -0.000143771 0.002182508 -0.000201615 0.000143733 0.999999940 0.001885354
0.999999940 0.000293094 0.000170170 -0.002225865 -0.000293065 0.999999940 -0.000167829 0.002165440 -0.000170219 0.000167779 1.000000000 0.001958517
0.999999940 0.000315339 0.000202180 -0.002140067 -0.000315304 0.999999940 -0.000170367 0.003203501 -0.000202234 0.000170303 0.999999940 0.003580631
0.999999940 0.000209780 0.000196570 -0.001582943 -0.000209747 0.999999940 -0.000166831 0.002384835 -0.000196605 0.000166790 0.999999940 0.002782040
0.999999940 0.000180999 0.000237879 -0.002185916 -0.000180973 1.000000000 -0.000109035 0.002368834 -0.000237899 0.000108991 0.999999940 0.002380606
0.999999940 0.000242127 0.000174440 -0.002305478 -0.000242115 0.999999940 -0.000065845 0.002068716 -0.000174456 0.000065803 1.000000000 0.002144517
0.999999940 0.000283567 0.000177753 -0.001713368 -0.000283552 0.999999940 -0.000085806 0.002150875 -0.000177777 0.000085755 1.000000000 0.002532613
0.999999940 0.000262915 0.000109559 -0.001830399 -0.000262904 0.999999940 -0.000102277 0.002017989 -0.000109586 0.000102248 1.000000000 0.002280010
0.999999881 0.000390498 0.000207116 -0.002975268 -0.000390472 0.999999940 -0.000122504 0.002373097 -0.000207164 0.000122424 1.000000000 0.003164699
0.999999940 0.000313953 0.000214319 -0.002153820 -0.000313927 0.999999940 -0.000122685 0.001931000 -0.000214357 0.000122618 0.999999940 0.002041457
0.999999940 0.000195100 0.000199841 -0.001509483 -0.000195083 1.000000000 -0.000084248 0.002929167 -0.000199858 0.000084209 1.000000000 0.004390084
0.999999940 0.000237444 0.000175405 -0.001610499 -0.000237436 1.000000000 -0.000042677 0.001421605 -0.000175415 0.000042636 1.000000000 0.002009991
1.000000000 0.000198051 0.000109670 -0.001212708 -0.000198043 1.000000000 -0.000075186 0.002133195 -0.000109685 0.000075164 1.000000000 0.002021937
1.000000000 0.000112916 0.000138982 -0.001687991 -0.000112899 1.000000000 -0.000121716 0.002362409 -0.000138996 0.000121701 1.000000000 0.002923248
0.999999940 0.000201478 0.000213690 -0.001474010 -0.000201460 1.000000000 -0.000083407 0.001865020 -0.000213706 0.000083364 1.000000000 0.002656590
0.999999940 0.000180236 0.000191571 -0.001659571 -0.000180209 1.000000000 -0.000141997 0.002332298 -0.000191597 0.000141963 1.000000000 0.002952114
0.999999940 0.000331522 0.000195190 -0.001921007 -0.000331492 0.999999940 -0.000156027 0.002756986 -0.000195242 0.000155963 0.999999940 0.003014905
0.999999940 0.000205854 0.000223151 -0.001817785 -0.000205840 1.000000000 -0.000060725 0.001699725 -0.000223163 0.000060679 1.000000000 0.001792319
0.999999940 0.000255060 0.000198467 -0.002608674 -0.000255028 0.999999940 -0.000159819 0.002102433 -0.000198508 0.000159768 0.999999940 0.002120003
0.999999940 0.000291047 0.000209422 -0.001224428 -0.000291009 0.999999940 -0.000182661 0.001784732 -0.000209475 0.000182600 0.999999940 0.001365076
0.999999940 0.000173261 0.000179091 -0.001723045 -0.000173236 1.000000000 -0.000139363 0.002574456 -0.000179115 0.000139332 1.000000000 0.002609120
1.000000000 0.000191048 0.000125065 -0.001411264 -0.000191027 0.999999940 -0.000168494 0.003251771 -0.000125098 0.000168470 1.000000000 0.003088554
0.999999881 0.000408164 0.000213869 -0.002267895 -0.000408148 0.999999940 -0.000074107 0.002130879 -0.000213899 0.000074020 1.000000000 0.002534003
0.999999940 0.000310461 0.000115936 -0.000513198 -0.000310450 0.999999940 -0.000091287 0.002706387 -0.000115965 0.000091251 1.000000000 0.002193860
0.999999940 0.000247696 0.000109182 -0.000772689 -0.000247682 0.999999940 -0.000127866 0.001754010 -0.000109214 0.000127839 1.000000000 0.003451774
0.999999881 0.000426647 0.000301120 -0.000459830 -0.000426440 0.999999642 -0.000689359 -0.001213933 -0.000301414 0.000689230 0.999999702 0.049369201
0.999999821 0.000496504 0.000240878 0.000535885 -0.000496227 0.999999225 -0.001146665 -0.003481697 -0.000241447 0.001146545 0.999999285 0.140613452
0.999999046 0.001374742 -0.000014989 -0.004934273 -0.001374760 0.999998212 -0.001237771 -0.008630796 0.000013287 0.001237791 0.999999166 0.255962700
0.999999046 0.001395203 -0.000122382 -0.000417115 -0.001395320 0.999998569 -0.000955364 -0.013445662 0.000121049 0.000955534 0.999999523 0.385401785
0.999998927 0.001454725 0.000035275 -0.000155896 -0.001454695 0.999998569 -0.000838710 -0.015506385 -0.000036495 0.000838658 0.999999583 0.533084869
0.999999225 0.001254142 -0.000051376 0.007556968 -0.001254185 0.999998868 -0.000835724 -0.024200086 0.000050328 0.000835787 0.999999642 0.678899944
0.999999583 0.000968583 -0.000039313 0.011558202 -0.000968606 0.999999404 -0.000586038 -0.027614495 0.000038745 0.000586075 0.999999881 0.840970933
0.999999404 0.001111629 0.000073828 0.013166129 -0.001111580 0.999999166 -0.000655025 -0.032284461 -0.000074556 0.000654943 0.999999762 1.016352654
0.999999404 0.001104674 0.000052036 0.017345970 -0.001104639 0.999999106 -0.000664660 -0.036176033 -0.000052770 0.000664602 0.999999702 1.191907167
0.999999940 0.000313389 0.000081397 0.023385728 -0.000313401 0.999999940 0.000159415 -0.043685008 -0.000081347 -0.000159440 1.000000000 1.386170387
0.999999762 0.000640717 -0.000084328 0.025769563 -0.000640719 0.999999762 -0.000027294 -0.045205481 0.000084311 0.000027348 1.000000000 1.581150651
0.999999940 -0.000068407 0.000023684 0.030372955 0.000068401 0.999999940 0.000271637 -0.054241344 -0.000023702 -0.000271636 1.000000000 1.778384328
0.999998868 0.001470723 0.000240695 0.025771670 -0.001470794 0.999998868 0.000294632 -0.065711610 -0.000240261 -0.000294986 0.999999940 1.972308397
0.999999523 0.000872268 0.000151435 0.033180181 -0.000872324 0.999999523 0.000365740 -0.073499419 -0.000151116 -0.000365872 0.999999940 2.182234287
0.999999404 0.001049869 0.000251634 0.036547948 -0.001050010 0.999999285 0.000562693 -0.078209594 -0.000251043 -0.000562957 0.999999821 2.405127287
0.999999106 0.001279210 0.000202948 0.042540476 -0.001279293 0.999999106 0.000410738 -0.085474119 -0.000202422 -0.000410998 0.999999881 2.626209259
0.999999046 0.001286430 0.000492723 0.041530043 -0.001286642 0.999999046 0.000430328 -0.090739928 -0.000492169 -0.000430962 0.999999762 2.862128735
0.999999404 0.001006078 0.000431797 0.051555838 -0.001006284 0.999999344 0.000477402 -0.094740197 -0.000431317 -0.000477836 0.999999821 3.104323149
0.999998987 0.001363930 0.000234016 0.056506600 -0.001364042 0.999998927 0.000478588 -0.102025576 -0.000233363 -0.000478907 0.999999881 3.347807646
0.999999106 0.001218544 0.000550095 0.057148382 -0.001218906 0.999998987 0.000658171 -0.113784939 -0.000549293 -0.000658841 0.999999642 3.590818405
0.999999166 0.001206192 0.000493281 0.062082347 -0.001206553 0.999998987 0.000733739 -0.120829359 -0.000492395 -0.000734334 0.999999583 3.844286680
0.999998331 0.001502843 0.001018975 0.063675590 -0.001503686 0.999998450 0.000826820 -0.126554832 -0.001017731 -0.000828351 0.999999106 4.110439777
0.999996781 0.002106829 0.001403932 0.068250097 -0.002107638 0.999997556 0.000575353 -0.128829733 -0.001402717 -0.000578310 0.999998868 4.370833874
0.999997556 0.001849371 0.001194340 0.073476873 -0.001849875 0.999998212 0.000421330 -0.137227297 -0.001193559 -0.000423538 0.999999225 4.630583286
0.999997556 0.001833994 0.001185062 0.079946592 -0.001835015 0.999997973 0.000861167 -0.144834369 -0.001183480 -0.000863339 0.999998927 4.891232491
0.999996781 0.002334761 0.001047437 0.084802873 -0.002335954 0.999996722 0.001139403 -0.153068528 -0.001044773 -0.001141846 0.999998808 5.148988247
0.999996662 0.002145829 0.001419902 0.086819910 -0.002146829 0.999997437 0.000703452 -0.157275796 -0.001418389 -0.000706498 0.999998748 5.413472176
0.999996006 0.002268997 0.001668733 0.089797348 -0.002270287 0.999997079 0.000771420 -0.165557936 -0.001666978 -0.000775206 0.999998271 5.682022572
0.999996245 0.002104142 0.001745141 0.091973111 -0.002105650 0.999997437 0.000862807 -0.175943196 -0.001743322 -0.000866478 0.999998093 5.946719170
0.999994516 0.002334649 0.002315194 0.094890200 -0.002336726 0.999996901 0.000894636 -0.187121660 -0.002313098 -0.000900041 0.999996960 6.224080086
0.999993920 0.002834323 0.002022599 0.107392833 -0.002835513 0.999995828 0.000585670 -0.185153320 -0.002020930 -0.000591402 0.999997795 6.525300026
0.999995530 0.002443225 0.001735897 0.111837581 -0.002444799 0.999996603 0.000904833 -0.200724810 -0.001733681 -0.000909072 0.999998093 6.812713146
0.999995232 0.002475096 0.001850262 0.117357261 -0.002476749 0.999996543 0.000891786 -0.208487913 -0.001848048 -0.000896364 0.999997854 7.115149975
0.999994874 0.002619958 0.001858635 0.121751547 -0.002622484 0.999995649 0.001357879 -0.221645877 -0.001855070 -0.001362747 0.999997377 7.413618565
0.999995947 0.002363633 0.001664004 0.133672237 -0.002365352 0.999996662 0.001032051 -0.231051773 -0.001661559 -0.001035982 0.999998093 7.724222660
0.999994695 0.002654268 0.001913465 0.141681224 -0.002656356 0.999995828 0.001089266 -0.234965593 -0.001910566 -0.001094343 0.999997556 8.049360275
0.999991775 0.003363279 0.002288987 0.141320974 -0.003365511 0.999993801 0.000971782 -0.245772943 -0.002285705 -0.000979478 0.999996960 8.358560562
0.999992430 0.003138458 0.002308425 0.149634212 -0.003140858 0.999994457 0.001036822 -0.254817724 -0.002305158 -0.001044065 0.999996781 8.686914444
0.999993443 0.002785400 0.002310066 0.153812900 -0.002787584 0.999995768 0.000942928 -0.264788985 -0.002307430 -0.000949362 0.999996901 9.027358055
0.999993861 0.002914538 0.001958315 0.162006214 -0.002916585 0.999995172 0.001042988 -0.276900500 -0.001955265 -0.001048693 0.999997556 9.366846085
0.999989510 0.003726027 0.002656684 0.165156230 -0.003728254 0.999992669 0.000833705 -0.285736740 -0.002653558 -0.000843601 0.999996126 9.708986282
0.999990046 0.003434026 0.002838816 0.172724754 -0.003437396 0.999993443 0.001183055 -0.295724690 -0.002834734 -0.001192801 0.999995232 10.059517860
0.999991298 0.003459547 0.002335256 0.184538335 -0.003461143 0.999993742 0.000679539 -0.304013431 -0.002332891 -0.000687616 0.999996960 10.421410561
0.999991834 0.003360211 0.002253450 0.195497885 -0.003361646 0.999994218 0.000633305 -0.315384984 -0.002251309 -0.000640876 0.999997199 10.782500267
0.999989569 0.003708186 0.002678946 0.200217947 -0.003709611 0.999993026 0.000527058 -0.320534497 -0.002676973 -0.000536991 0.999996245 11.153321266
0.999991119 0.003284453 0.002640739 0.209473774 -0.003287160 0.999994099 0.001021433 -0.338852018 -0.002637369 -0.001030105 0.999996006 11.522093773
0.999988198 0.004084816 0.002641606 0.219125360 -0.004087487 0.999991238 0.001006371 -0.347345948 -0.002637471 -0.001017157 0.999996006 11.902017593
0.999987721 0.003963740 0.002981216 0.223213479 -0.003967310 0.999991417 0.001192474 -0.362591982 -0.002976463 -0.001204287 0.999994874 12.286405563
0.999987841 0.003861246 0.003074038 0.234577462 -0.003865860 0.999991417 0.001496553 -0.375071973 -0.003068233 -0.001508419 0.999994159 12.674785614
0.999985635 0.004014992 0.003531835 0.236272305 -0.004021055 0.999990463 0.001711232 -0.387729615 -0.003524931 -0.001725409 0.999992251 13.089697838
0.999989033 0.003356784 0.003264756 0.255643547 -0.003362246 0.999992967 0.001669046 -0.400286376 -0.003259130 -0.001680005 0.999993265 13.490106583
0.999985397 0.004032921 0.003583731 0.257367909 -0.004039482 0.999990165 0.001825563 -0.411428690 -0.003576333 -0.001840013 0.999991894 13.899996758
0.999985576 0.004007277 0.003570873 0.271264493 -0.004014561 0.999989867 0.002035054 -0.422354579 -0.003562681 -0.002049360 0.999991536 14.314417839
0.999979258 0.004743151 0.004356220 0.270933747 -0.004750740 0.999987185 0.001733524 -0.434170961 -0.004347942 -0.001754184 0.999989033 14.733289719
0.999981403 0.004624584 0.003967040 0.283039093 -0.004631166 0.999987841 0.001651467 -0.444066405 -0.003959355 -0.001669808 0.999990821 15.170069695
0.999979138 0.004412610 0.004718886 0.292515188 -0.004421826 0.999988317 0.001944326 -0.459626913 -0.004710251 -0.001965152 0.999986947 15.594982147
0.999975324 0.004486470 0.005410991 0.295833051 -0.004497347 0.999987900 0.001999669 -0.471203476 -0.005401954 -0.002023955 0.999983311 16.035692215
0.999967158 0.005276160 0.006154438 0.306707174 -0.005288479 0.999983966 0.001987068 -0.482980400 -0.006143854 -0.002019550 0.999979079 16.473150253
0.999961913 0.005628270 0.006678610 0.314466000 -0.005639301 0.999982774 0.001634037 -0.495256484 -0.006669298 -0.001671637 0.999976397 16.920822144
0.999960661 0.005614243 0.006865826 0.327740312 -0.005628976 0.999981821 0.002128349 -0.507658303 -0.006853753 -0.002166913 0.999974191 17.378753662
0.999962151 0.005440367 0.006788605 0.342552841 -0.005457237 0.999982059 0.002468953 -0.519108593 -0.006775051 -0.002505907 0.999973953 17.841775894
0.999958873 0.005433340 0.007267388 0.354244024 -0.005446448 0.999983490 0.001785239 -0.525044024 -0.007257568 -0.001824747 0.999972045 18.315538406
0.999955177 0.005735156 0.007537167 0.369020462 -0.005750187 0.999981523 0.001974121 -0.534217954 -0.007525706 -0.002017373 0.999969661 18.782958984
0.999955177 0.005401155 0.007777264 0.378279984 -0.005423101 0.999981344 0.002803604 -0.571342349 -0.007761976 -0.002845656 0.999965847 19.258422852
0.999952912 0.005823330 0.007758741 0.397698462 -0.005838601 0.999980986 0.001947028 -0.575337827 -0.007747256 -0.001992236 0.999968052 19.744928360
0.999947250 0.006110473 0.008251746 0.399375379 -0.006133746 0.999977171 0.002798074 -0.590107799 -0.008234462 -0.002848540 0.999962032 20.242254257
0.999944448 0.006149647 0.008563687 0.417863727 -0.006174481 0.999976754 0.002876435 -0.611305177 -0.008545800 -0.002929152 0.999959171 20.698255539
0.999955654 0.005643287 0.007542768 0.437172234 -0.005662989 0.999980628 0.002593125 -0.618581951 -0.007527988 -0.002635726 0.999968171 21.199552536
0.999953508 0.006410186 0.007206608 0.452259898 -0.006431724 0.999974847 0.002969444 -0.636875391 -0.007187393 -0.003015657 0.999969602 21.701248169
0.999953032 0.006867771 0.006843710 0.470638692 -0.006885567 0.999972939 0.002580206 -0.643001437 -0.006825804 -0.002627207 0.999973178 22.220434189
0.999956667 0.006890204 0.006258545 0.481815517 -0.006906780 0.999972641 0.002630938 -0.655203640 -0.006240245 -0.002674051 0.999976873 22.733810425
0.999952495 0.007169081 0.006604155 0.487132013 -0.007186556 0.999970675 0.002626027 -0.675589919 -0.006585136 -0.002673364 0.999974728 23.241046906
0.999957621 0.006960770 0.006047277 0.498055398 -0.006979373 0.999970913 0.003060654 -0.693178535 -0.006025799 -0.003102731 0.999976993 23.762319565
0.999964118 0.006430592 0.005510835 0.506904364 -0.006445901 0.999975324 0.002764623 -0.708264589 -0.005492922 -0.002800046 0.999981046 24.291110992
0.999961913 0.006932887 0.005296713 0.521708190 -0.006948069 0.999971747 0.002853294 -0.720735312 -0.005276782 -0.002889987 0.999981880 24.813396454
0.999963224 0.007139523 0.004749906 0.535013437 -0.007156368 0.999968112 0.003538787 -0.738860250 -0.004724489 -0.003572649 0.999982476 25.355720520
0.999959230 0.007931117 0.004318361 0.544359624 -0.007947181 0.999961555 0.003715458 -0.750000715 -0.004288727 -0.003749625 0.999983788 25.901718140
0.999957442 0.008133189 0.004383378 0.548994482 -0.008145879 0.999962687 0.002884646 -0.762630224 -0.004359753 -0.002920230 0.999986231 26.461061478
0.999958336 0.008036704 0.004353461 0.558008552 -0.008050986 0.999962211 0.003272710 -0.773488164 -0.004326995 -0.003307623 0.999985158 27.021667480
0.999964535 0.007650501 0.003514705 0.575215042 -0.007662998 0.999964297 0.003555983 -0.792461336 -0.003487374 -0.003582790 0.999987543 27.580659866
0.999958038 0.008436536 0.003571665 0.581558704 -0.008448582 0.999958575 0.003370932 -0.808729649 -0.003543078 -0.003400966 0.999987960 28.124193192
0.999954343 0.008886847 0.003532071 0.590260386 -0.008896686 0.999956489 0.002779653 -0.800928354 -0.003507215 -0.002810950 0.999989867 28.697673798
0.999953687 0.009011210 0.003381346 0.603093445 -0.009024215 0.999951839 0.003851254 -0.838001847 -0.003346479 -0.003881590 0.999986887 29.219896317
0.999956369 0.008826192 0.003062557 0.609454036 -0.008836037 0.999955773 0.003216524 -0.844066918 -0.003034032 -0.003243446 0.999990165 29.771921158
0.999953091 0.009285344 0.002740202 0.617832005 -0.009293774 0.999952078 0.003080004 -0.857415497 -0.002711472 -0.003105326 0.999991536 30.319801331
0.999953747 0.009283677 0.002505247 0.628991485 -0.009291571 0.999951839 0.003158431 -0.871200800 -0.002475805 -0.003181563 0.999991894 30.862222672
0.999952495 0.009386584 0.002637263 0.643585622 -0.009394795 0.999951005 0.003117529 -0.885334253 -0.002607871 -0.003142158 0.999991596 31.409961700
0.999946177 0.010145881 0.002189313 0.653995097 -0.010151009 0.999945760 0.002343895 -0.891919911 -0.002165413 -0.002365992 0.999994814 31.966520309
0.999945223 0.010189064 0.002386253 0.664260566 -0.010195479 0.999944389 0.002692616 -0.910324216 -0.002358685 -0.002716797 0.999993503 32.511600494
0.999945760 0.010271664 0.001773356 0.673522353 -0.010276395 0.999943614 0.002679770 -0.916472912 -0.001745731 -0.002697848 0.999994814 33.078174591
0.999949932 0.009862691 0.001698279 0.692222595 -0.009867388 0.999947429 0.002778157 -0.939102232 -0.001670789 -0.002794776 0.999994695 33.608894348
0.999935329 0.011230137 0.001821365 0.698586404 -0.011235007 0.999933302 0.002686541 -0.953570545 -0.001791073 -0.002706830 0.999994695 34.182510376
0.999943912 0.010506498 0.001273629 0.711400807 -0.010509829 0.999941230 0.002636488 -0.960459948 -0.001245854 -0.002649725 0.999995708 34.714057922
0.999951243 0.009776697 0.001406784 0.720597506 -0.009780831 0.999947786 0.002963249 -0.981257677 -0.001377740 -0.002976864 0.999994576 35.246364594
0.999962151 0.008678100 0.000655405 0.739660263 -0.008680068 0.999957621 0.003061547 -0.998834431 -0.000628809 -0.003067121 0.999995112 35.787235260
0.999962747 0.008599469 0.000865383 0.748295188 -0.008602417 0.999957085 0.003460316 -1.020389676 -0.000835590 -0.003467631 0.999993622 36.333782196
0.999949157 0.010008491 0.001236935 0.758573174 -0.010012086 0.999945521 0.002935580 -1.026546121 -0.001207487 -0.002947815 0.999994934 36.879711151
0.999950230 0.009957284 0.000591652 0.776537180 -0.009958954 0.999946237 0.002889399 -1.035909057 -0.000562849 -0.002895147 0.999995708 37.442737579
0.999955177 0.009362333 0.001390855 0.782831132 -0.009366957 0.999950528 0.003354958 -1.057325244 -0.001359376 -0.003367836 0.999993384 37.983409882
0.999952018 0.009762114 -0.000759611 0.806473672 -0.009760358 0.999949813 0.002282446 -1.060938716 0.000781854 -0.002274922 0.999997139 38.529575348
0.999954998 0.009436389 0.000935277 0.809885800 -0.009439215 0.999950826 0.003064440 -1.077341080 -0.000906313 -0.003073131 0.999994874 39.083511353
0.999953806 0.009581969 0.000749428 0.822079659 -0.009584021 0.999950111 0.002782724 -1.092404604 -0.000722727 -0.002789777 0.999995828 39.608737946
0.999950409 0.009811220 0.001709329 0.827201962 -0.009815634 0.999948442 0.002593790 -1.107156277 -0.001683793 -0.002610440 0.999995172 40.161106110
0.999957025 0.009250423 0.000631974 0.851662278 -0.009252193 0.999953091 0.002857594 -1.127326727 -0.000605510 -0.002863318 0.999995649 40.692432404
0.999958754 0.009072339 0.000314175 0.868980944 -0.009072878 0.999957204 0.001760450 -1.126788497 -0.000298191 -0.001763228 0.999998391 41.266002655
0.999955118 0.009462833 0.000119589 0.878945291 -0.009463106 0.999952018 0.002539562 -1.149460435 -0.000095552 -0.002540580 0.999996781 41.794651031
0.999950886 0.009873759 0.000873820 0.884986997 -0.009875843 0.999948263 0.002411093 -1.163294077 -0.000849968 -0.002419605 0.999996662 42.333583832
0.999955952 0.009384333 -0.000229998 0.906579733 -0.009383786 0.999953330 0.002275966 -1.174866080 0.000251346 -0.002273707 0.999997437 42.905483246
0.999952793 0.009683898 0.000710204 0.916729927 -0.009685965 0.999948621 0.002971387 -1.194240093 -0.000681392 -0.002978126 0.999995351 43.426349640
0.999953210 0.009629362 0.000868354 0.923190355 -0.009631674 0.999949813 0.002696530 -1.210413337 -0.000842344 -0.002704768 0.999996006 43.970005035
0.999953330 0.009554136 0.001375651 0.925639451 -0.009557636 0.999951005 0.002560842 -1.211797953 -0.001351116 -0.002573871 0.999995708 44.488567352
0.999951184 0.009884413 -0.000032084 0.978417158 -0.009884331 0.999949276 0.001957872 -1.214255810 0.000051435 -0.001957460 0.999998093 45.085170746
0.999953032 0.009479103 0.001988729 0.945542216 -0.009483571 0.999952495 0.002250010 -1.237977266 -0.001967306 -0.002268765 0.999995470 45.599502563
0.999945104 0.010225000 0.002242913 0.953154564 -0.010231539 0.999943376 0.002923914 -1.256564975 -0.002212889 -0.002946701 0.999993145 46.108898163
0.999952734 0.009583957 0.001628333 0.983241975 -0.009588187 0.999950647 0.002608725 -1.274078727 -0.001603251 -0.002624214 0.999995291 46.666709900
0.999953091 0.009586599 0.001398692 0.999710560 -0.009589488 0.999951959 0.002071941 -1.278750062 -0.001378763 -0.002085257 0.999996901 47.219966888
0.999964833 0.008326697 0.000954643 1.020639539 -0.008329043 0.999962211 0.002478567 -1.295920610 -0.000933968 -0.002486432 0.999996483 47.798717499
0.999955952 0.009205633 0.001782249 1.022635102 -0.009210618 0.999953628 0.002809180 -1.317201972 -0.001756306 -0.002825473 0.999994397 48.330692291
0.999955714 0.009253583 0.001711181 1.037311673 -0.009258429 0.999953091 0.002845359 -1.330712914 -0.001684772 -0.002861076 0.999994516 48.876541138
0.999953806 0.009513714 0.001352118 1.052787423 -0.009516715 0.999952257 0.002229822 -1.338832974 -0.001330839 -0.002242587 0.999996662 49.431781769
0.999948263 0.009922625 0.002217435 1.056314230 -0.009927857 0.999947906 0.002361121 -1.350931287 -0.002193891 -0.002383013 0.999994695 49.974731445
0.999948859 0.009806229 0.002477063 1.061761379 -0.009813423 0.999947608 0.002908573 -1.375213623 -0.002448410 -0.002932732 0.999992728 50.525108337
0.999950469 0.009473643 0.003060273 1.074324965 -0.009481844 0.999951422 0.002675993 -1.390231252 -0.003034773 -0.002704877 0.999991775 51.066257477
0.999953210 0.009344975 0.002539644 1.089052677 -0.009353736 0.999950290 0.003460228 -1.415455341 -0.002507182 -0.003483820 0.999990702 51.618263245
0.999949276 0.009660372 0.002823326 1.093917847 -0.009670220 0.999947250 0.003495825 -1.424640775 -0.002789406 -0.003522951 0.999989867 52.164619446
0.999947846 0.009783765 0.002930009 1.107463717 -0.009793372 0.999946654 0.003282423 -1.440744996 -0.002897738 -0.003310947 0.999990344 52.707530975
0.999952257 0.009323959 0.002907747 1.121212244 -0.009333702 0.999950826 0.003355379 -1.454547882 -0.002876318 -0.003382358 0.999990165 53.266078949
0.999951422 0.009486467 0.002675658 1.132635951 -0.009495324 0.999949396 0.003317301 -1.471200466 -0.002644053 -0.003342546 0.999990940 53.808387756
0.999950290 0.009517146 0.002958182 1.138792276 -0.009526726 0.999949396 0.003241042 -1.484129190 -0.002927186 -0.003269063 0.999990344 54.373920441
0.999945521 0.009914563 0.003267757 1.147296071 -0.009923628 0.999946952 0.002769538 -1.497299790 -0.003240125 -0.002801814 0.999990821 54.904788971
0.999946535 0.009859453 0.003111392 1.161517262 -0.009867883 0.999947667 0.002706117 -1.510547876 -0.003084548 -0.002736674 0.999991536 55.454536438
0.999946356 0.009890965 0.003050785 1.176751137 -0.009899072 0.999947488 0.002653507 -1.523410439 -0.003024378 -0.002683565 0.999991834 55.998207092
0.999935210 0.010708913 0.003855617 1.179741621 -0.010720275 0.999938190 0.002938091 -1.533249140 -0.003823915 -0.002979233 0.999988317 56.556144714
0.999950647 0.009536463 0.002773497 1.208410740 -0.009545245 0.999949336 0.003170655 -1.557875514 -0.002743119 -0.003196972 0.999991119 57.090755463
0.999941289 0.010254552 0.003496732 1.206254005 -0.010264155 0.999943554 0.002740266 -1.564701796 -0.003468434 -0.002775996 0.999990106 57.645328522
0.999945164 0.009947430 0.003277929 1.219729781 -0.009956215 0.999946833 0.002674535 -1.579813361 -0.003251150 -0.002707025 0.999991000 58.196498871
0.999942601 0.010050396 0.003710742 1.245504379 -0.010059990 0.999946058 0.002575916 -1.596109390 -0.003684653 -0.002613098 0.999989748 58.710777283
0.999945819 0.009770006 0.003582646 1.255239964 -0.009779449 0.999948740 0.002628034 -1.609769225 -0.003556786 -0.002662929 0.999990165 59.248886108
0.999943972 0.009973413 0.003544466 1.271536350 -0.009984283 0.999945462 0.003062179 -1.625952363 -0.003513732 -0.003097397 0.999989033 59.786212921
0.999945998 0.009835988 0.003337624 1.287160993 -0.009845297 0.999947667 0.002785148 -1.641351581 -0.003310054 -0.002817858 0.999990523 60.324115753
0.999947667 0.009558903 0.003650424 1.297268152 -0.009569201 0.999950349 0.002814139 -1.651818991 -0.003623342 -0.002848923 0.999989331 60.882003784
0.999931335 0.010980108 0.004087643 1.307717443 -0.010991922 0.999935389 0.002878737 -1.663319468 -0.004055771 -0.002923470 0.999987483 61.415573120
0.999937296 0.010402468 0.004130627 1.325507283 -0.010414356 0.999941587 0.002867074 -1.673634410 -0.004100561 -0.002909912 0.999987364 61.964374542
0.999941409 0.010146468 0.003771577 1.338415265 -0.010156203 0.999945104 0.002570838 -1.685460329 -0.003745285 -0.002608991 0.999989569 62.507503510
0.999928713 0.010880313 0.004900374 1.346901059 -0.010892461 0.999937654 0.002459410 -1.702350736 -0.004873308 -0.002512612 0.999984980 63.042667389
0.999919176 0.011728258 0.004902296 1.357373714 -0.011741195 0.999927640 0.002618630 -1.718310952 -0.004871230 -0.002675977 0.999984562 63.579101562
0.999917448 0.011774695 0.005146069 1.366268754 -0.011787069 0.999927700 0.002381474 -1.732815981 -0.005117656 -0.002441935 0.999983907 64.111763000
0.999919355 0.011627362 0.005110520 1.381470084 -0.011637860 0.999930203 0.002028780 -1.743692756 -0.005086575 -0.002088091 0.999984860 64.637489319
0.999919713 0.011670306 0.004934536 1.395151615 -0.011679814 0.999929965 0.001902099 -1.755815744 -0.004911992 -0.001959581 0.999985993 65.177314758
0.999917507 0.011767223 0.005138375 1.407670856 -0.011776498 0.999929070 0.001778433 -1.770032048 -0.005117083 -0.001838799 0.999985218 65.710838318
0.999921501 0.011382970 0.005221175 1.427076697 -0.011392249 0.999933541 0.001751203 -1.784669876 -0.005200894 -0.001810547 0.999984860 66.240180969
0.999919474 0.011530436 0.005298234 1.438520432 -0.011538011 0.999932468 0.001400411 -1.797358513 -0.005281729 -0.001461429 0.999984980 66.784904480
0.999915779 0.011744290 0.005522550 1.452941656 -0.011751526 0.999930143 0.001279470 -1.812244415 -0.005507138 -0.001344261 0.999983907 67.344581604
0.999921322 0.011441410 0.005143838 1.476419449 -0.011449018 0.999933422 0.001452339 -1.833254218 -0.005126878 -0.001511116 0.999985695 67.845306396
0.999905705 0.012102804 0.006479467 1.479061723 -0.012116697 0.999924302 0.002109369 -1.846291542 -0.006453448 -0.002187680 0.999976754 68.415046692
0.999910355 0.012145756 0.005636094 1.504787564 -0.012153596 0.999925137 0.001358990 -1.866118431 -0.005619167 -0.001427366 0.999983191 68.930702209
0.999900758 0.012762112 0.005967448 1.511692047 -0.012771223 0.999917328 0.001491118 -1.875607491 -0.005947925 -0.001567181 0.999981105 69.494033813
0.999911070 0.012212092 0.005346020 1.536865473 -0.012220590 0.999924064 0.001559816 -1.899422169 -0.005326566 -0.001625009 0.999984443 69.995376587
0.999909818 0.012265605 0.005464365 1.547300577 -0.012272960 0.999923766 0.001313888 -1.911137342 -0.005447833 -0.001380834 0.999984205 70.554702759
0.999906898 0.012322209 0.005856141 1.556424379 -0.012327875 0.999923468 0.000932038 -1.922232270 -0.005844208 -0.001004145 0.999982417 71.114715576
0.999909759 0.012100587 0.005834106 1.572133183 -0.012109543 0.999925673 0.001502246 -1.945296049 -0.005815494 -0.001572759 0.999981821 71.623695374
0.999909520 0.012157730 0.005747038 1.588080168 -0.012166775 0.999924719 0.001541558 -1.962899685 -0.005727864 -0.001611341 0.999982297 72.167335510
0.999910235 0.012159809 0.005615350 1.599835515 -0.012169741 0.999924362 0.001737992 -1.980680466 -0.005593792 -0.001806173 0.999982774 72.723838806
0.999912322 0.011772386 0.006065583 1.609481812 -0.011778228 0.999930203 0.000928379 -1.989243388 -0.006054231 -0.000999739 0.999981105 73.252769470
0.999914408 0.011613377 0.006021881 1.622085094 -0.011622979 0.999931157 0.001562124 -2.010304928 -0.006003325 -0.001631982 0.999980628 73.795112610
0.999912500 0.011692313 0.006175662 1.638293266 -0.011699062 0.999930918 0.001057726 -2.018522739 -0.006162868 -0.001129882 0.999980390 74.334701538
0.999907911 0.012076897 0.006165512 1.653548002 -0.012084357 0.999926209 0.001174284 -2.027182579 -0.006150875 -0.001248682 0.999980330 74.900314331
0.999912322 0.011631858 0.006321341 1.661510587 -0.011641508 0.999931097 0.001492175 -2.051824093 -0.006303548 -0.001565634 0.999978900 75.404830933
0.999908209 0.011903720 0.006467320 1.673666835 -0.011910382 0.999928594 0.000992398 -2.069353580 -0.006455045 -0.001069335 0.999978602 75.934516907
0.999903381 0.012200002 0.006658393 1.684553742 -0.012207475 0.999924839 0.001083391 -2.091956854 -0.006644677 -0.001164569 0.999977171 76.433647156
0.999921978 0.011025260 0.005881231 1.708695054 -0.011030757 0.999938667 0.000903513 -2.106080532 -0.005870910 -0.000968317 0.999982238 76.991928101
0.999887466 0.013130154 0.007249000 1.694602966 -0.013136450 0.999913335 0.000821979 -2.124049187 -0.007237580 -0.000917113 0.999973416 77.551254272
0.999890625 0.013046539 0.006966656 1.705536127 -0.013052578 0.999914467 0.000821502 -2.138355970 -0.006955342 -0.000912345 0.999975324 78.076484680
0.999892116 0.012835810 0.007133176 1.722946882 -0.012840220 0.999917328 0.000572733 -2.155926704 -0.007125235 -0.000664263 0.999974370 78.615852356
0.999880850 0.013406584 0.007640304 1.735735536 -0.013410700 0.999909937 0.000488256 -2.168650389 -0.007633070 -0.000590660 0.999970675 79.163970947
0.999880791 0.013558793 0.007389732 1.750972271 -0.013564067 0.999907792 0.000663855 -2.184881210 -0.007380050 -0.000764011 0.999972463 79.711410522
0.999890804 0.012876904 0.007241021 1.778397799 -0.012877308 0.999917030 0.000009053 -2.191631317 -0.007240304 -0.000102297 0.999973774 80.303878784
0.999869525 0.013731902 0.008508086 1.785284400 -0.013738391 0.999905288 0.000704871 -2.215874910 -0.008497602 -0.000821666 0.999963522 80.790397644
0.999844968 0.014321164 0.010238640 1.797815323 -0.014324327 0.999897301 0.000235543 -2.230650187 -0.010234215 -0.000382168 0.999947608 81.343009949
0.999856472 0.013187934 0.010635369 1.841221571 -0.013192267 0.999912918 0.000337414 -2.240570307 -0.010629994 -0.000477670 0.999943376 81.860755920
0.999821305 0.014313589 0.012357471 1.848677397 -0.014319974 0.999897361 0.000428428 -2.254579782 -0.012350070 -0.000605310 0.999923527 82.415298462
0.999787688 0.013953089 0.015161151 1.884069324 -0.013958097 0.999902546 0.000224884 -2.266647339 -0.015156535 -0.000436457 0.999885023 82.972412109
0.999726295 0.013923477 0.018801339 1.907073498 -0.013924524 0.999902964 -0.000075390 -2.275871992 -0.018800568 -0.000186430 0.999823153 83.500679016
0.999665022 0.013835032 0.021874063 1.935627818 -0.013830817 0.999904275 -0.000344039 -2.294863939 -0.021876730 0.000041388 0.999760628 84.036987305
0.999570787 0.013274432 0.026116269 1.967799425 -0.013287490 0.999911547 0.000326434 -2.314135551 -0.026109621 -0.000673314 0.999659002 84.593498230
0.999390662 0.013409268 0.032225750 1.995573044 -0.013420786 0.999909937 0.000141248 -2.326379538 -0.032220952 -0.000573657 0.999480605 85.130516052
0.999177635 0.013168327 0.038349174 2.028849840 -0.013182074 0.999913096 0.000105689 -2.342570543 -0.038344447 -0.000611123 0.999264359 85.675872803
0.998890698 0.013520218 0.045105610 2.062502384 -0.013542470 0.999908328 0.000187822 -2.359358072 -0.045098942 -0.000798455 0.998982191 86.221054077
0.998513877 0.013840674 0.052710921 2.112021446 -0.013850459 0.999904156 -0.000179644 -2.373282433 -0.052708350 -0.000550694 0.998609781 86.753540039
0.998031855 0.013269876 0.061289255 2.168558836 -0.013259330 0.999911845 -0.000578811 -2.385829926 -0.061291534 -0.000234982 0.998119891 87.317932129
0.997583032 0.013409735 0.068178914 2.220949650 -0.013440077 0.999909639 -0.000013668 -2.404270172 -0.068172932 -0.000902694 0.997673154 87.867759705
0.996940374 0.013188954 0.077045433 2.284792900 -0.013211464 0.999912620 -0.000217551 -2.417986631 -0.077041566 -0.000800998 0.997027516 88.395599365
0.996077359 0.013308492 0.087479711 2.365101814 -0.013306419 0.999911308 -0.000606860 -2.431917906 -0.087480031 -0.000559562 0.996166170 88.974349976
0.995301247 0.013335478 0.095904462 2.431412220 -0.013368730 0.999910593 -0.000295823 -2.446300745 -0.095899835 -0.000987689 0.995390475 89.484947205
0.994555414 0.012733935 0.103427127 2.492048740 -0.012726252 0.999918699 -0.000734210 -2.458871365 -0.103428073 -0.000586027 0.994636774 89.992462158
0.993429840 0.013658599 0.113625310 2.570070267 -0.013670192 0.999906301 -0.000677193 -2.470802784 -0.113623939 -0.000880535 0.993523479 90.538795471
0.992155612 0.013459107 0.124282122 2.670008659 -0.013402417 0.999909341 -0.001292257 -2.479756117 -0.124288239 -0.000383560 0.992246032 91.076835632
0.990987659 0.013102429 0.133310452 2.767739296 -0.013001065 0.999914229 -0.001630810 -2.494290590 -0.133320376 -0.000117066 0.991073012 91.646369934
0.989255130 0.013410338 0.145583034 2.849769592 -0.013333209 0.999909937 -0.001505557 -2.515242338 -0.145590112 -0.000451709 0.989344895 92.151405334
0.987442613 0.012457082 0.157486320 2.940472603 -0.012400436 0.999922335 -0.001342270 -2.531272411 -0.157490775 -0.000627485 0.987520397 92.621032715
0.985632181 0.011716973 0.168499261 3.054844856 -0.011611523 0.999931335 -0.001611152 -2.546100855 -0.168506578 -0.000368530 0.985700548 93.163284302
0.983777165 0.012177009 0.178980902 3.180763245 -0.012119093 0.999925554 -0.001416998 -2.565885067 -0.178984821 -0.000775076 0.983851492 93.729362488
0.981323361 0.012138904 0.191982225 3.291254044 -0.012122670 0.999925673 -0.001259194 -2.577689171 -0.191983238 -0.001091660 0.981397629 94.257537842
0.978868306 0.011689949 0.204157099 3.448026657 -0.011553182 0.999931514 -0.001861821 -2.600780964 -0.204164922 -0.000536186 0.978936374 94.801696777
0.976731181 0.011123037 0.214178726 3.583545685 -0.010941627 0.999938130 -0.002032491 -2.617326736 -0.214188084 -0.000358266 0.976792455 95.335548401
0.973787069 0.010500087 0.227218971 3.735942841 -0.010250482 0.999944866 -0.002278521 -2.635579109 -0.227230400 -0.000110309 0.973841131 95.863853455
0.970611215 0.009709898 0.240456998 3.888435364 -0.009409816 0.999952793 -0.002396133 -2.651062965 -0.240468979 0.000063058 0.970656812 96.392082214
0.967875302 0.009835809 0.251238078 4.052091599 -0.009383892 0.999951422 -0.002996746 -2.661106586 -0.251255333 0.000542886 0.967920661 96.921974182
0.964895189 0.009868860 0.262449682 4.218091965 -0.009403454 0.999951124 -0.003029274 -2.677327633 -0.262466788 0.000454999 0.964940906 97.453010559
0.961106300 0.010107213 0.275993764 4.384618759 -0.009751914 0.999948859 -0.002659741 -2.704016685 -0.276006609 -0.000135175 0.961155713 97.955879211
0.957508624 0.010205988 0.288224012 4.567686081 -0.009767597 0.999947846 -0.002959158 -2.722215891 -0.288239211 0.000018163 0.957558393 98.478866577
0.954071224 0.010004124 0.299412727 4.751422882 -0.009498909 0.999949932 -0.003142776 -2.736962318 -0.299429208 0.000154338 0.954118490 98.989654541
0.949567497 0.008475641 0.313448071 4.962869644 -0.007963413 0.999963999 -0.002914482 -2.749529123 -0.313461512 0.000271381 0.949600875 99.535202026
0.944967270 0.007572637 0.327077121 5.173534393 -0.006921744 0.999970973 -0.003153987 -2.765136003 -0.327091575 0.000716470 0.944992423 100.056800842
0.940792084 0.008521391 0.338876933 5.385221481 -0.007913818 0.999963760 -0.003174676 -2.790500164 -0.338891655 0.000304900 0.940825343 100.591613770
0.936054766 0.008243833 0.351757854 5.597770691 -0.007567247 0.999965966 -0.003298278 -2.810096979 -0.351773113 0.000425530 0.936085224 101.110008240
0.930537522 0.007875298 0.366111845 5.818817139 -0.007299816 0.999969006 -0.002956205 -2.831023216 -0.366123796 0.000078310 0.930566192 101.615005493
0.925843894 0.006998712 0.377841324 6.042732239 -0.006123578 0.999975085 -0.003517513 -2.852432013 -0.377856582 0.000942927 0.925863743 102.120368958
0.920667827 0.006948907 0.390285075 6.272377014 -0.006292765 0.999975801 -0.002959870 -2.877537966 -0.390296221 0.000269084 0.920689404 102.532127380
0.914491117 0.006630003 0.404551744 6.516208649 -0.005932589 0.999977946 -0.002977513 -2.893671751 -0.404562593 0.000322870 0.914510190 103.027503967
0.908682585 0.006659984 0.417434365 6.761119843 -0.006044843 0.999977827 -0.002795635 -2.908484221 -0.417443752 0.000017020 0.908702791 103.510284424
0.903671741 0.004839316 0.428198487 7.047946930 -0.003795545 0.999987364 -0.003291297 -2.923722982 -0.428209007 0.001349005 0.903678715 104.064468384
0.897702456 0.005256658 0.440570921 7.304222107 -0.004173676 0.999985456 -0.003427061 -2.938582659 -0.440582514 0.001237680 0.897711217 104.543525696
0.891033590 0.005421089 0.453904957 7.577816010 -0.004300660 0.999984562 -0.003500673 -2.957743883 -0.453916967 0.001167126 0.891043305 105.037925720
0.884934425 0.002703867 0.465707779 7.863449097 -0.001013311 0.999991953 -0.003880399 -2.967496157 -0.465714484 0.002961993 0.884930074 105.540611267
0.879039645 0.002242083 0.476743370 8.146778107 -0.000560867 0.999993086 -0.003668733 -2.986618042 -0.476748288 0.002957573 0.879034817 106.016540527
0.871344864 0.001983972 0.490667284 8.424263000 -0.000336253 0.999993980 -0.003446260 -3.009767294 -0.490671158 0.002837894 0.871340215 106.458572388
0.863981485 0.001640979 0.503520966 8.713031769 0.000167510 0.999993742 -0.003546415 -3.023858786 -0.503523529 0.003148382 0.863975763 106.919570923
0.857662201 0.001398538 0.514211655 9.015056610 0.000684268 0.999992311 -0.003861054 -3.036473036 -0.514213085 0.003663339 0.857654750 107.381263733
