1.000000000 0.000000000 0.000000000 0.000000000 0.000000000 1.000000000 0.000000000 0.000000000 0.000000000 0.000000000 1.000000000 0.000000000
1.000000000 -0.000041772 -0.000014202 0.000031443 0.000041772 1.000000000 -0.000010547 0.000078367 0.000014202 0.000010547 1.000000000 0.000455906
1.000000000 -0.000023746 0.000010945 0.000028885 0.000023746 1.000000000 -0.000008980 0.000493562 -0.000010945 0.000008981 1.000000000 0.000391307
1.000000000 -0.000028248 0.000044813 -0.000420465 0.000028248 1.000000000 0.000001789 0.000593942 -0.000044813 -0.000001787 1.000000000 0.000395337
1.000000000 0.000038190 -0.000033725 0.000314534 -0.000038188 1.000000000 0.000040438 0.000317795 0.000033727 -0.000040436 1.000000000 0.000785424
1.000000000 0.000119909 -0.000007261 0.000371713 -0.000119909 1.000000000 0.000005838 0.000904988 0.000007262 -0.000005837 1.000000000 0.000943222
1.000000000 0.000025293 -0.000011401 0.000478407 -0.000025294 1.000000000 -0.000099592 0.000923124 0.000011398 0.000099592 1.000000000 0.000393624
1.000000000 0.000070966 0.000037545 0.000448791 -0.000070965 1.000000000 -0.000036301 0.000393356 -0.000037547 0.000036298 1.000000000 0.000675428
1.000000000 0.000204152 0.000041084 -0.000411000 -0.000204151 1.000000000 -0.000018617 0.001238820 -0.000041088 0.000018609 1.000000000 0.000935173
1.000000000 0.000204774 0.000037717 0.000157455 -0.000204770 1.000000000 -0.000103028 0.002134110 -0.000037739 0.000103020 1.000000000 0.002332056
1.000000000 0.000146481 0.000000026 0.000021939 -0.000146481 1.000000000 -0.000025644 0.000564268 -0.000000030 0.000025644 1.000000000 -0.000041871
1.000000000 0.000109871 -0.000013704 0.000043585 -0.000109872 1.000000000 -0.000061531 0.001053763 0.000013697 0.000061532 1.000000000 0.000409759
1.000000000 0.000214280 0.000079656 -0.000799383 -0.000214278 1.000000000 -0.000021904 0.001091044 -0.000079660 0.000021887 1.000000000 0.000883568
1.000000000 -0.000011858 0.000034713 -0.000033623 0.000011858 1.000000000 0.000017985 0.000846880 -0.000034713 -0.000017985 1.000000000 0.000911578
1.000000000 0.000098383 0.000101987 -0.000945638 -0.000098377 1.000000000 -0.000056244 0.000982615 -0.000101993 0.000056234 1.000000000 0.000676754
1.000000000 0.000170683 0.000095402 -0.001340632 -0.000170678 1.000000000 -0.000050444 0.000606267 -0.000095410 0.000050427 1.000000000 0.000720014
0.999999940 0.000253360 0.000108574 -0.000983739 -0.000253351 0.999999940 -0.000085133 0.001774244 -0.000108596 0.000085105 1.000000000 0.001403293
1.000000000 0.000169173 0.000136343 -0.001041875 -0.000169160 1.000000000 -0.000095173 0.001544811 -0.000136359 0.000095150 1.000000000 0.001578914
0.999999940 0.000216113 0.000132580 -0.001039984 -0.000216104 1.000000000 -0.000062830 0.001417045 -0.000132593 0.000062802 1.000000000 0.001600913
1.000000000 0.000204985 0.000100928 -0.001113025 -0.000204976 1.000000000 -0.000083466 0.002159294 -0.000100946 0.000083445 1.000000000 0.001976356
0.999999940 0.000277287 0.000119998 -0.001119695 -0.000277277 0.999999940 -0.000086456 0.001449848 -0.000120022 0.000086422 1.000000000 0.002026617
0.999999940 0.000247651 0.000083917 -0.001054228 -0.000247645 0.999999940 -0.000064762 0.001474314 -0.000083933 0.000064741 1.000000000 0.001672540
0.999999881 0.000426101 0.000145727 -0.002123065 -0.000426088 0.999999881 -0.000094179 0.002664736 -0.000145768 0.000094117 1.000000000 0.002679459
0.999999940 0.000265571 0.000121006 -0.000986142 -0.000265560 0.999999940 -0.000089858 0.001715425 -0.000121030 0.000089825 1.000000000 0.002285772
1.000000000 0.000180889 0.000107022 -0.000640268 -0.000180881 1.000000000 -0.000072027 0.002044959 -0.000107035 0.000072008 1.000000000 0.002612888
0.999999940 0.000266628 0.000151331 -0.001117886 -0.000266619 0.999999940 -0.000065192 0.001963660 -0.000151348 0.000065152 1.000000000 0.002933355
1.000000000 0.000188748 0.000117888 -0.001097149 -0.000188736 1.000000000 -0.000102340 0.001750529 -0.000117908 0.000102317 1.000000000 0.002239650
0.999999940 0.000229191 0.000148368 -0.001334453 -0.000229181 1.000000000 -0.000070696 0.002428821 -0.000148385 0.000070662 1.000000000 0.001797626
0.999999940 0.000273146 0.000225524 -0.001765971 -0.000273135 0.999999940 -0.000049764 0.001325763 -0.000225538 0.000049703 1.000000000 0.001741928
1.000000000 0.000187459 0.000153796 -0.000994955 -0.000187447 1.000000000 -0.000081192 0.001616081 -0.000153812 0.000081163 1.000000000 0.001691266
0.999999940 0.000237535 0.000131790 -0.001199873 -0.000237522 0.999999940 -0.000102275 0.001893939 -0.000131814 0.000102244 1.000000000 0.002299725
1.000000000 0.000185271 0.000145745 -0.000835794 -0.000185267 1.000000000 -0.000028528 0.000908108 -0.000145750 0.000028501 1.000000000 0.001124852
0.999999940 0.000289648 0.000160147 -0.001347737 -0.000289637 0.999999940 -0.000070215 0.001680907 -0.000160168 0.000070168 1.000000000 0.001849590
0.999999940 0.000267340 0.000185468 -0.000845653 -0.000267324 0.999999940 -0.000085761 0.001392280 -0.000185491 0.000085711 1.000000000 0.001516118
0.999999940 0.000205925 0.000196332 -0.001451251 -0.000205918 1.000000000 -0.000036122 0.001668025 -0.000196339 0.000036081 1.000000000 0.002448731
0.999999940 0.000215173 0.000126358 -0.000693119 -0.000215165 1.000000000 -0.000067675 0.001968847 -0.000126372 0.000067648 1.000000000 0.002250944
0.999999940 0.000372789 0.000187761 -0.001896944 -0.000372782 0.999999940 -0.000041813 0.001934392 -0.000187777 0.000041743 1.000000000 0.002316331
0.999999940 0.000264529 0.000062704 0.000023221 -0.000264527 0.999999940 -0.000033164 0.001751086 -0.000062713 0.000033147 1.000000000 0.001340203
1.000000000 0.000160821 0.000115707 0.000140697 -0.000160810 1.000000000 -0.000098775 0.001369568 -0.000115723 0.000098757 1.000000000 0.002778611
0.999999881 0.000395629 0.000200642 -0.000470338 -0.000395482 0.999999642 -0.000730450 -0.001239335 -0.000200931 0.000730371 0.999999702 0.049654078
0.999999940 0.000387831 0.000144442 0.001941590 -0.000387647 0.999999046 -0.001270155 -0.003221736 -0.000144934 0.001270099 0.999999106 0.140432507
0.999999940 0.000406834 0.000114543 0.004470446 -0.000406669 0.999998927 -0.001433884 -0.007982929 -0.000115127 0.001433838 0.999998987 0.252445310
1.000000000 0.000288134 0.000090767 0.008037160 -0.000288012 0.999999106 -0.001338303 -0.011966858 -0.000091153 0.001338277 0.999999106 0.381934613
1.000000000 0.000236541 -0.000011773 0.010816297 -0.000236556 0.999999106 -0.001291612 -0.015052974 0.000011468 0.001291615 0.999999166 0.529285550
1.000000000 0.000327758 0.000119008 0.012840824 -0.000327630 0.999999404 -0.001081272 -0.020621421 -0.000119362 0.001081232 0.999999464 0.682915509
0.999999881 0.000439294 0.000040012 0.017821996 -0.000439254 0.999999404 -0.001001530 -0.022602959 -0.000040452 0.001001513 0.999999523 0.846899033
0.999999881 0.000432799 0.000099268 0.021289887 -0.000432711 0.999999523 -0.000890993 -0.026955087 -0.000099653 0.000890950 0.999999642 1.017674327
0.999999940 0.000342451 0.000058698 0.025493316 -0.000342396 0.999999642 -0.000944478 -0.031786121 -0.000059021 0.000944458 0.999999523 1.193777323
0.999999881 0.000464414 0.000187820 0.028308200 -0.000464288 0.999999583 -0.000670174 -0.036516771 -0.000188131 0.000670087 0.999999762 1.380895138
0.999999821 0.000414457 0.000145551 0.030814776 -0.000414344 0.999999523 -0.000778187 -0.040697228 -0.000145873 0.000778127 0.999999702 1.572326422
1.000000000 0.000189346 0.000102915 0.037048552 -0.000189285 0.999999762 -0.000590106 -0.046652213 -0.000103027 0.000590087 0.999999762 1.771089911
0.999999821 0.000396884 0.000216530 0.039583195 -0.000396770 0.999999762 -0.000528115 -0.052827835 -0.000216739 0.000528029 0.999999821 1.975673079
1.000000000 0.000108503 0.000166723 0.046103105 -0.000108432 0.999999821 -0.000429833 -0.059298497 -0.000166770 0.000429815 0.999999881 2.185272932
0.999999762 0.000465241 0.000326411 0.049330913 -0.000465048 0.999999642 -0.000592767 -0.062959865 -0.000326687 0.000592615 0.999999762 2.404798269
0.999999642 0.000653037 0.000359510 0.053329285 -0.000652858 0.999999583 -0.000497979 -0.069444366 -0.000359835 0.000497744 0.999999821 2.633371115
0.999999702 0.000665159 0.000440875 0.058480889 -0.000664989 0.999999702 -0.000386645 -0.075605348 -0.000441132 0.000386352 0.999999821 2.865255117
0.999999702 0.000589920 0.000480219 0.064285137 -0.000589766 0.999999762 -0.000320069 -0.080277666 -0.000480407 0.000319786 0.999999821 3.102825880
0.999999583 0.000812192 0.000393462 0.070056781 -0.000812066 0.999999642 -0.000319046 -0.087673970 -0.000393721 0.000318726 0.999999881 3.347205162
0.999999762 0.000666663 0.000553241 0.072830737 -0.000666577 0.999999762 -0.000154587 -0.096835881 -0.000553344 0.000154218 0.999999762 3.595498800
0.999999106 0.001047751 0.000791459 0.074594803 -0.001047704 0.999999404 -0.000059061 -0.103796974 -0.000791520 0.000058232 0.999999702 3.850010157
0.999998689 0.001221794 0.001060964 0.078800924 -0.001221698 0.999999225 -0.000090968 -0.110091537 -0.001061074 0.000089672 0.999999404 4.106555939
0.999998689 0.001157405 0.001054228 0.085614525 -0.001157461 0.999999285 0.000052623 -0.117604375 -0.001054166 -0.000053843 0.999999464 4.363976002
0.999999046 0.000926261 0.000935882 0.091305323 -0.000926268 0.999999523 0.000006704 -0.125449404 -0.000935876 -0.000007571 0.999999583 4.619426250
0.999998569 0.001096191 0.001279210 0.095861033 -0.001096219 0.999999404 0.000020872 -0.132606611 -0.001279187 -0.000022275 0.999999166 4.879034519
0.999998271 0.001349186 0.001301009 0.102200285 -0.001349024 0.999999106 -0.000125339 -0.136585414 -0.001301177 0.000123584 0.999999166 5.144297123
0.999997854 0.001649851 0.001231000 0.107982196 -0.001649706 0.999998569 -0.000119646 -0.144502461 -0.001231196 0.000117615 0.999999225 5.405921459
0.999998569 0.001156373 0.001255276 0.113526985 -0.001156179 0.999999285 -0.000155065 -0.154835746 -0.001255455 0.000153613 0.999999225 5.675559998
0.999998152 0.001434719 0.001280976 0.115444258 -0.001434719 0.999998987 -0.000001068 -0.163187325 -0.001280976 -0.000000770 0.999999166 5.950817585
0.999997973 0.001571493 0.001368430 0.120688610 -0.001571730 0.999998748 0.000172074 -0.175346881 -0.001368158 -0.000174225 0.999999046 6.225095272
0.999997199 0.001703144 0.001652822 0.126780212 -0.001703232 0.999998569 0.000051735 -0.181460634 -0.001652732 -0.000054550 0.999998629 6.511871338
0.999996603 0.002066593 0.001582275 0.131004006 -0.002066401 0.999997854 -0.000122583 -0.188563615 -0.001582525 0.000119313 0.999998748 6.804137707
0.999997795 0.001715956 0.001222708 0.141796380 -0.001715720 0.999998510 -0.000193974 -0.198319450 -0.001223039 0.000191876 0.999999225 7.106897354
0.999997973 0.001665638 0.001122204 0.146962613 -0.001665650 0.999998629 0.000009704 -0.209966153 -0.001122186 -0.000011573 0.999999344 7.405519962
0.999997139 0.001894775 0.001455736 0.150629655 -0.001894567 0.999998212 -0.000143975 -0.220005721 -0.001456006 0.000141216 0.999998927 7.709320545
0.999996722 0.002020068 0.001529965 0.156321287 -0.002020074 0.999997973 0.000002468 -0.230449215 -0.001529956 -0.000005559 0.999998748 8.015723228
0.999995649 0.002324285 0.001821877 0.160022125 -0.002324322 0.999997258 0.000017880 -0.240565047 -0.001821831 -0.000022115 0.999998331 8.328798294
0.999994814 0.002463093 0.002083529 0.164964870 -0.002462968 0.999996960 -0.000062569 -0.250091523 -0.002083677 0.000057437 0.999997854 8.655390739
0.999993145 0.002806787 0.002408536 0.171904460 -0.002806728 0.999996066 -0.000028457 -0.257737130 -0.002408607 0.000021696 0.999997079 8.994544029
0.999994814 0.002432974 0.002098988 0.181042224 -0.002432784 0.999997020 -0.000092518 -0.269633174 -0.002099207 0.000087411 0.999997795 9.334671974
0.999994576 0.002504506 0.002137509 0.189637572 -0.002505077 0.999996841 0.000264733 -0.284974962 -0.002136839 -0.000270086 0.999997675 9.670953751
0.999994516 0.002588121 0.002060144 0.196899995 -0.002589029 0.999996483 0.000438029 -0.292980552 -0.002059003 -0.000443361 0.999997735 10.028218269
0.999994934 0.002442514 0.002030185 0.205822840 -0.002442701 0.999997020 0.000089487 -0.301592886 -0.002029961 -0.000094446 0.999997914 10.391193390
0.999994993 0.002541102 0.001948325 0.213743135 -0.002541945 0.999996662 0.000430059 -0.314099997 -0.001947226 -0.000435010 0.999997973 10.750380516
0.999996126 0.002208558 0.001686112 0.223041981 -0.002210124 0.999997139 0.000927591 -0.324863940 -0.001684058 -0.000931314 0.999998093 11.119085312
0.999995768 0.002407680 0.001643777 0.233710393 -0.002409754 0.999996245 0.001261393 -0.345059425 -0.001640734 -0.001265349 0.999997795 11.475116730
0.999996662 0.002271889 0.001336740 0.243931681 -0.002273135 0.999996960 0.000931839 -0.352805823 -0.001334619 -0.000934874 0.999998689 11.855794907
0.999996364 0.002268402 0.001432674 0.251941234 -0.002269456 0.999997079 0.000735581 -0.363825560 -0.001431001 -0.000738830 0.999998689 12.238041878
0.999996483 0.002191863 0.001496431 0.262278110 -0.002193633 0.999996901 0.001182020 -0.378884077 -0.001493836 -0.001185299 0.999998152 12.626056671
0.999996722 0.002053003 0.001539043 0.269716620 -0.002054533 0.999997377 0.000993170 -0.386996686 -0.001537001 -0.000996329 0.999998331 13.025202751
0.999994755 0.002572055 0.001957350 0.280760735 -0.002574326 0.999996006 0.001158733 -0.399472654 -0.001954362 -0.001163765 0.999997437 13.433275223
0.999993443 0.002631389 0.002486702 0.287070334 -0.002634468 0.999995768 0.001235596 -0.411066502 -0.002483440 -0.001242139 0.999996126 13.849936485
0.999992013 0.002930601 0.002714021 0.293733180 -0.002934501 0.999994695 0.001434045 -0.422083169 -0.002709804 -0.001441998 0.999995291 14.270805359
0.999991179 0.002937722 0.002983042 0.303992718 -0.002942354 0.999994457 0.001549784 -0.437110960 -0.002978473 -0.001558548 0.999994338 14.686419487
0.999990046 0.003272504 0.003032971 0.314451277 -0.003277012 0.999993503 0.001482648 -0.445109665 -0.003028099 -0.001492573 0.999994278 15.126752853
0.999990880 0.003037099 0.002988740 0.324447215 -0.003042063 0.999993980 0.001657900 -0.456954330 -0.002983687 -0.001666977 0.999994159 15.566263199
0.999990106 0.002896333 0.003372955 0.333039731 -0.002902719 0.999993980 0.001889923 -0.469274998 -0.003367461 -0.001899695 0.999992490 16.013744354
0.999989688 0.002872291 0.003518463 0.345235646 -0.002878093 0.999994516 0.001644818 -0.476980984 -0.003513720 -0.001654927 0.999992371 16.455772400
0.999988079 0.003121358 0.003738504 0.354436785 -0.003126444 0.999994218 0.001355362 -0.488282800 -0.003734251 -0.001367034 0.999992073 16.901771545
0.999986708 0.003319276 0.003943719 0.365202963 -0.003324025 0.999993742 0.001198355 -0.498900056 -0.003939716 -0.001211448 0.999991477 17.361444473
0.999986649 0.003130393 0.004102563 0.377577543 -0.003136437 0.999993920 0.001467480 -0.510709882 -0.004097944 -0.001480328 0.999990523 17.829399109
0.999983251 0.003405301 0.004682363 0.385569036 -0.003411419 0.999993324 0.001299212 -0.519891500 -0.004677908 -0.001315163 0.999988198 18.301183701
0.999984920 0.003081900 0.004537340 0.402328074 -0.003088363 0.999994218 0.001418123 -0.531548381 -0.004532943 -0.001432115 0.999988675 18.767530441
0.999986410 0.002818589 0.004383172 0.415490508 -0.002824743 0.999994993 0.001398328 -0.543698609 -0.004379210 -0.001410690 0.999989331 19.250085831
0.999984622 0.002849566 0.004743306 0.428309262 -0.002854501 0.999995410 0.001033869 -0.552971303 -0.004740339 -0.001047393 0.999988139 19.734409332
0.999984205 0.002879654 0.004828821 0.437461734 -0.002885947 0.999994993 0.001296797 -0.569476426 -0.004825063 -0.001310712 0.999987423 20.220272064
0.999985218 0.002818939 0.004657379 0.452466667 -0.002824595 0.999995291 0.001208297 -0.581846714 -0.004653952 -0.001221435 0.999988377 20.711305618
0.999985695 0.002706362 0.004609935 0.466513872 -0.002712882 0.999995291 0.001408625 -0.593338430 -0.004606101 -0.001421111 0.999988377 21.241487503
0.999987781 0.002695149 0.004150910 0.476248890 -0.002700897 0.999995410 0.001379699 -0.603358924 -0.004147173 -0.001390893 0.999990404 21.747552872
0.999986351 0.002895924 0.004345156 0.484984130 -0.002899938 0.999995351 0.000917944 -0.614158332 -0.004342478 -0.000930532 0.999990165 22.261922836
0.999985754 0.003470741 0.004054660 0.495628476 -0.003473999 0.999993563 0.000796894 -0.629999280 -0.004051869 -0.000810968 0.999991477 22.765043259
0.999986589 0.003530237 0.003785343 0.505358815 -0.003533371 0.999993443 0.000821830 -0.643959761 -0.003782417 -0.000835195 0.999992490 23.283977509
0.999987245 0.003707631 0.003433732 0.515647352 -0.003710776 0.999992669 0.000910084 -0.658618629 -0.003430333 -0.000922814 0.999993622 23.808277130
0.999993265 0.002266725 0.002862551 0.525294006 -0.002269244 0.999997020 0.000876936 -0.675842404 -0.002860554 -0.000883426 0.999995470 24.328056335
0.999993682 0.002742068 0.002265220 0.538150787 -0.002744338 0.999995708 0.000999624 -0.689089239 -0.002262469 -0.001005834 0.999996960 24.871809006
0.999990880 0.003623702 0.002265231 0.544402957 -0.003627455 0.999992013 0.001654140 -0.707504392 -0.002259219 -0.001662342 0.999996066 25.393157959
0.999990284 0.004040463 0.001717124 0.557032347 -0.004043499 0.999990284 0.001767579 -0.722857893 -0.001709966 -0.001774505 0.999996960 25.928064346
0.999991775 0.003765410 0.001507299 0.569396913 -0.003767845 0.999991596 0.001616727 -0.735072911 -0.001501199 -0.001622393 0.999997556 26.484182358
0.999994040 0.003408015 0.000560468 0.586529136 -0.003408810 0.999993205 0.001421707 -0.741948247 -0.000555619 -0.001423609 0.999998748 27.039176941
0.999994457 0.003330985 0.000068509 0.603797078 -0.003331071 0.999993622 0.001292469 -0.762360930 -0.000064203 -0.001292690 0.999999166 27.580402374
0.999989450 0.004561249 0.000562021 0.607104123 -0.004562047 0.999988556 0.001428753 -0.778816760 -0.000555498 -0.001431302 0.999998808 28.130113602
0.999989152 0.004635592 0.000280480 0.616766453 -0.004635981 0.999988198 0.001403263 -0.791150093 -0.000273972 -0.001404548 0.999998987 28.680557251
0.999987304 0.005004135 0.000600370 0.624685228 -0.005005351 0.999985337 0.002041671 -0.815307617 -0.000590144 -0.002044650 0.999997675 29.222917557
0.999987125 0.005058736 0.000371883 0.630769312 -0.005059432 0.999985516 0.001894296 -0.826698244 -0.000362295 -0.001896154 0.999998152 29.771781921
0.999984145 0.005611788 0.000357968 0.637417376 -0.005612348 0.999983013 0.001585116 -0.838006079 -0.000349066 -0.001587100 0.999998629 30.326066971
0.999981880 0.006006924 0.000313515 0.647819161 -0.006007423 0.999980628 0.001613580 -0.852589250 -0.000303816 -0.001615435 0.999998629 30.873128891
0.999981284 0.006107151 0.000399418 0.659105182 -0.006107700 0.999980390 0.001387410 -0.865943491 -0.000390937 -0.001389823 0.999998987 31.415405273
0.999973714 0.007243231 0.000271976 0.665392876 -0.007243605 0.999972761 0.001396720 -0.881535411 -0.000261851 -0.001398653 0.999998987 31.952402115
0.999978900 0.006490882 -0.000041099 0.681497395 -0.006490826 0.999978185 0.001227479 -0.896732509 0.000049066 -0.001227186 0.999999166 32.502895355
0.999976993 0.006760234 -0.000579306 0.691137850 -0.006759367 0.999976158 0.001484461 -0.908709407 0.000589328 -0.001480511 0.999998748 33.058002472
0.999975145 0.006985343 -0.000870257 0.696058571 -0.006984170 0.999974728 0.001343391 -0.921077192 0.000879619 -0.001337280 0.999998748 33.610534668
0.999977231 0.006601143 -0.001381162 0.711888492 -0.006599038 0.999976993 0.001522406 -0.938680589 0.001391180 -0.001513257 0.999997914 34.157363892
0.999977589 0.006433095 -0.001820186 0.723165393 -0.006430045 0.999977946 0.001676645 -0.954785645 0.001830933 -0.001664903 0.999996960 34.703083038
0.999976397 0.006495908 -0.002247594 0.734772265 -0.006492084 0.999977469 0.001704553 -0.973609090 0.002258616 -0.001689921 0.999996006 35.242923737
0.999977231 0.006429055 -0.002034835 0.746751070 -0.006425289 0.999977589 0.001852234 -0.991250992 0.002046698 -0.001839117 0.999996245 35.778739929
0.999977171 0.005805368 -0.003465876 0.769317567 -0.005797331 0.999980509 0.002324298 -1.012089014 0.003479302 -0.002304152 0.999991298 36.329673767
0.999979913 0.005584964 -0.003003926 0.778762281 -0.005579260 0.999982595 0.001903913 -1.023269534 0.003014508 -0.001887114 0.999993682 36.878181458
0.999976397 0.005844248 -0.003589412 0.790015817 -0.005838713 0.999981701 0.001551007 -1.035761356 0.003598411 -0.001530013 0.999992371 37.423862457
0.999973059 0.006466461 -0.003477115 0.797551513 -0.006460897 0.999977827 0.001609182 -1.051998019 0.003487444 -0.001586674 0.999992609 37.974735260
0.999975204 0.005859483 -0.003905278 0.809743404 -0.005853044 0.999981523 0.001657973 -1.063692689 0.003914920 -0.001635074 0.999991000 38.527984619
0.999974728 0.006110044 -0.003636419 0.817012072 -0.006103250 0.999979556 0.001876388 -1.076772213 0.003647811 -0.001854146 0.999991655 39.086013794
0.999977469 0.005487056 -0.003854172 0.829057276 -0.005481224 0.999983847 0.001521917 -1.087154150 0.003862462 -0.001500757 0.999991417 39.634696960
0.999975801 0.005984625 -0.003532951 0.835377753 -0.005979671 0.999981105 0.001411081 -1.102519631 0.003541328 -0.001389921 0.999992788 40.183734894
0.999975324 0.006032938 -0.003602910 0.845905483 -0.006027634 0.999980748 0.001481557 -1.120260596 0.003611779 -0.001459804 0.999992430 40.729820251
0.999974251 0.006232838 -0.003563382 0.855673909 -0.006227424 0.999979436 0.001528308 -1.132327080 0.003572835 -0.001506078 0.999992490 41.280845642
0.999974668 0.006267563 -0.003378864 0.862825155 -0.006262132 0.999979019 0.001615678 -1.146419764 0.003388919 -0.001594478 0.999992967 41.829200745
0.999973834 0.006556131 -0.003044695 0.871832728 -0.006552393 0.999977767 0.001236157 -1.157215714 0.003052731 -0.001216175 0.999994576 42.385410309
0.999971509 0.006991598 -0.002852404 0.881781459 -0.006988715 0.999975026 0.001019009 -1.170287848 0.002859456 -0.000999045 0.999995351 42.931774139
0.999972463 0.006722555 -0.003115931 0.894207478 -0.006718682 0.999976635 0.001251441 -1.189746141 0.003124271 -0.001230473 0.999994338 43.478683472
0.999969244 0.007211925 -0.003081486 0.904419303 -0.007208329 0.999973297 0.001176304 -1.204506874 0.003089886 -0.001154055 0.999994576 44.026538849
0.999969125 0.007323120 -0.002818636 0.912072420 -0.007319551 0.999972343 0.001274486 -1.218119383 0.002827891 -0.001253816 0.999995232 44.579189301
0.999969780 0.007255175 -0.002794170 0.923676252 -0.007250822 0.999972403 0.001565069 -1.237246633 0.002805449 -0.001544762 0.999994874 45.117172241
0.999968827 0.007409456 -0.002718749 0.932878196 -0.007406143 0.999971807 0.001226050 -1.253070474 0.002727757 -0.001205877 0.999995470 45.667819977
0.999968827 0.007460920 -0.002554716 0.941867352 -0.007457542 0.999971330 0.001328765 -1.268881440 0.002564556 -0.001309672 0.999995828 46.211124420
0.999966085 0.007955488 -0.002138864 0.948160589 -0.007953540 0.999967933 0.000917656 -1.280216098 0.002146096 -0.000900613 0.999997258 46.757766724
0.999964058 0.008072558 -0.002596400 0.960577607 -0.008070651 0.999967277 0.000743578 -1.292342186 0.002602317 -0.000722597 0.999996364 47.306915283
0.999966681 0.007711353 -0.002677263 0.971247554 -0.007707486 0.999969184 0.001451868 -1.312562346 0.002688375 -0.001431185 0.999995351 47.862133026
0.999965012 0.007802068 -0.003016509 0.980160832 -0.007799115 0.999969125 0.000989489 -1.323166847 0.003024137 -0.000965928 0.999994934 48.412532806
0.999964774 0.007614536 -0.003520244 0.992622375 -0.007610518 0.999970376 0.001153501 -1.336880326 0.003528923 -0.001126669 0.999993145 48.961742401
0.999964535 0.008019785 -0.002569052 0.985922337 -0.008017882 0.999967515 0.000750029 -1.357469440 0.002574984 -0.000729404 0.999996424 49.485485077
0.999959707 0.008793143 -0.001800163 0.980709672 -0.008792013 0.999961078 0.000633897 -1.367222428 0.001805667 -0.000618044 0.999998093 49.998828888
0.999957085 0.009158393 -0.001468027 0.971627474 -0.009154814 0.999955177 0.002425869 -1.434210539 0.001490179 -0.002412325 0.999996006 50.560207367
0.999957263 0.009069207 -0.001750617 0.988623977 -0.009065003 0.999956071 0.002395201 -1.453716516 0.001772261 -0.002379229 0.999995530 51.088108063
0.999960124 0.008794639 -0.001549179 0.999433279 -0.008790771 0.999958277 0.002485172 -1.476593018 0.001570971 -0.002471455 0.999995708 51.625160217
0.999959230 0.008860021 -0.001714992 1.007056594 -0.008855614 0.999957502 0.002560104 -1.491141438 0.001737602 -0.002544813 0.999995172 52.162231445
0.999958336 0.008985381 -0.001553472 1.015789390 -0.008981537 0.999956608 0.002463117 -1.511207104 0.001575537 -0.002449063 0.999995708 52.702156067
0.999959230 0.008888160 -0.001605989 1.029251337 -0.008883888 0.999957025 0.002648243 -1.527888656 0.001629458 -0.002633868 0.999995232 53.248134613
0.999959469 0.008841491 -0.001656751 1.041296601 -0.008837261 0.999957681 0.002543234 -1.544547915 0.001679166 -0.002528490 0.999995410 53.791622162
0.999956012 0.009263589 -0.001461591 1.051824450 -0.009260107 0.999954283 0.002371625 -1.562779307 0.001483493 -0.002357986 0.999996066 54.340236664
0.999954045 0.009501217 -0.001374825 1.061352491 -0.009498060 0.999952257 0.002284408 -1.579756975 0.001396464 -0.002271244 0.999996424 54.881767273
0.999953806 0.009474344 -0.001592971 1.072916746 -0.009470880 0.999952734 0.002167002 -1.595366716 0.001613427 -0.002151815 0.999996364 55.425827026
0.999956727 0.009167755 -0.001596168 1.087935686 -0.009163997 0.999955177 0.002345627 -1.611556888 0.001617601 -0.002330899 0.999995947 55.964809418
0.999953091 0.009584802 -0.001350822 1.099044800 -0.009581591 0.999951303 0.002365063 -1.626844406 0.001373425 -0.002352009 0.999996245 56.506671906
0.999951124 0.009800623 -0.001288868 1.115424752 -0.009797500 0.999949217 0.002407001 -1.648155928 0.001312395 -0.002394256 0.999996245 57.046432495
0.999950826 0.009837526 -0.001213873 1.134918332 -0.009834134 0.999947786 0.002767889 -1.670279503 0.001241039 -0.002755815 0.999995410 57.576602936
0.999950528 0.009844147 -0.001411904 1.156605840 -0.009839780 0.999946892 0.003067674 -1.699884534 0.001442029 -0.003053630 0.999994278 58.102447510
0.999956667 0.009154922 -0.001697674 1.181011200 -0.009149927 0.999953806 0.002927993 -1.714395642 0.001724402 -0.002912332 0.999994278 58.677257538
0.999949396 0.010004748 -0.001054779 1.176710010 -0.010002202 0.999947071 0.002394070 -1.716159821 0.001078675 -0.002383399 0.999996543 59.204456329
0.999949515 0.010016347 -0.000810863 1.184939027 -0.010014456 0.999947190 0.002302167 -1.728657722 0.000833880 -0.002293931 0.999997020 59.739902496
0.999950707 0.009887219 -0.000918217 1.198904276 -0.009885186 0.999948740 0.002192607 -1.740890384 0.000939848 -0.002183422 0.999997139 60.277622223
0.999950290 0.009926875 -0.000952596 1.213415980 -0.009924790 0.999948382 0.002167674 -1.752641201 0.000974065 -0.002158112 0.999997139 60.832405090
0.999945283 0.010437211 -0.000669968 1.226152658 -0.010435729 0.999943137 0.002179549 -1.766206145 0.000692679 -0.002172438 0.999997377 61.376174927
0.999949038 0.010079167 -0.000590469 1.243142247 -0.010077673 0.999946058 0.002481687 -1.780194640 0.000615451 -0.002475610 0.999996722 61.909591675
0.999948859 0.010092998 -0.000564259 1.256398916 -0.010091730 0.999946594 0.002203233 -1.791372776 0.000586466 -0.002197426 0.999997437 62.453102112
0.999948740 0.010113746 -0.000421434 1.275281191 -0.010112921 0.999947011 0.001910980 -1.804069519 0.000440739 -0.001906620 0.999998033 62.985034943
0.999940097 0.010943777 -0.000282837 1.286040664 -0.010943237 0.999938428 0.001839102 -1.813974619 0.000302945 -0.001835897 0.999998212 63.529384613
0.999946296 0.010345946 -0.000569301 1.308506012 -0.010345061 0.999945283 0.001536347 -1.827726483 0.000585165 -0.001530375 0.999998629 64.070709229
0.999944270 0.010544909 -0.000474628 1.318640709 -0.010544190 0.999943256 0.001490595 -1.840492249 0.000490319 -0.001485507 0.999998748 64.606079102
0.999945164 0.010467296 -0.000313480 1.330416441 -0.010466920 0.999944508 0.001170028 -1.851622343 0.000325710 -0.001166683 0.999999285 65.139831543
0.999944091 0.010575155 -0.000050131 1.343631744 -0.010575080 0.999943197 0.001309295 -1.865462422 0.000063973 -0.001308692 0.999999166 65.673957825
0.999945939 0.010395939 -0.000253541 1.361572504 -0.010395563 0.999944925 0.001440630 -1.880492687 0.000268505 -0.001437917 0.999998868 66.212036133
0.999949157 0.010083489 -0.000246388 1.373284101 -0.010083133 0.999948084 0.001409728 -1.894964933 0.000260590 -0.001407171 0.999998987 66.767005920
0.999947011 0.010288757 -0.000195452 1.384667397 -0.010288525 0.999946356 0.001152598 -1.908101201 0.000207301 -0.001150526 0.999999344 67.305839539
0.999950707 0.009902298 -0.000749298 1.410477161 -0.009901344 0.999950171 0.001266234 -1.923268437 0.000761799 -0.001258753 0.999998927 67.839065552
0.999951303 0.009830725 -0.000848581 1.424722552 -0.009829449 0.999950707 0.001496487 -1.944968343 0.000863250 -0.001488073 0.999998510 68.359085083
0.999957442 0.009135594 -0.001293590 1.445658922 -0.009134431 0.999957860 0.000901501 -1.951483488 0.001301771 -0.000889646 0.999998748 68.913711548
0.999953568 0.009586804 -0.000984961 1.445037603 -0.009585953 0.999953687 0.000864281 -1.966313243 0.000993202 -0.000854799 0.999999166 69.441459656
0.999948800 0.010102377 -0.000611142 1.447192907 -0.010101960 0.999948740 0.000681804 -1.979255676 0.000617998 -0.000675595 0.999999583 69.983642578
0.999948978 0.010097856 -0.000218887 1.446056128 -0.010097668 0.999948680 0.000837037 -1.993406773 0.000227328 -0.000834784 0.999999642 70.524085999
0.999949098 0.010090316 -0.000171798 1.450400591 -0.010090215 0.999948919 0.000567372 -2.004369497 0.000177514 -0.000565610 0.999999821 71.061347961
0.999940932 0.010857378 0.000480240 1.434899688 -0.010857596 0.999940872 0.000457026 -2.021941900 -0.000475250 -0.000462213 0.999999762 71.599586487
0.999939620 0.010963066 0.000743226 1.430342555 -0.010963572 0.999939620 0.000677982 -2.041213989 -0.000735749 -0.000686089 0.999999523 72.117843628
0.999927580 0.011937018 0.001532667 1.414276242 -0.011938414 0.999928355 0.000904457 -2.069269419 -0.001521761 -0.000922689 0.999998391 72.619392395
0.999920845 0.012439094 0.001894736 1.419444799 -0.012440204 0.999922574 0.000576388 -2.072093010 -0.001887420 -0.000599913 0.999997973 73.245918274
0.999925256 0.012107309 0.001670306 1.427534342 -0.012108467 0.999926448 0.000685254 -2.097174644 -0.001661886 -0.000705427 0.999998391 73.775558472
0.999923408 0.012249620 0.001776427 1.435590982 -0.012250507 0.999924839 0.000489810 -2.115856886 -0.001770294 -0.000511534 0.999998271 74.311416626
0.999920905 0.012437466 0.001864339 1.441663504 -0.012439213 0.999922216 0.000928351 -2.138070822 -0.001852647 -0.000951468 0.999997854 74.848007202
0.999916494 0.012761739 0.002024137 1.442502856 -0.012763541 0.999918163 0.000879898 -2.159158468 -0.002012742 -0.000905660 0.999997556 75.386199951
0.999913871 0.012936009 0.002215922 1.448766351 -0.012937476 0.999916017 0.000648336 -2.177925825 -0.002207350 -0.000676949 0.999997318 75.918785095
0.999912083 0.013062697 0.002255705 1.452781916 -0.013064642 0.999914289 0.000850256 -2.198774815 -0.002244404 -0.000879651 0.999997079 76.465065002
0.999913812 0.012921480 0.002331423 1.456946254 -0.012922861 0.999916315 0.000578767 -2.214461327 -0.002323749 -0.000608845 0.999997139 77.014877319
0.999908566 0.013257653 0.002670606 1.458544731 -0.013258697 0.999911964 0.000373364 -2.232147932 -0.002665421 -0.000408739 0.999996364 77.550430298
0.999906659 0.013420493 0.002563767 1.459492087 -0.013422266 0.999909699 0.000675770 -2.253365278 -0.002554467 -0.000710118 0.999996424 78.080413818
0.999908566 0.013157700 0.003101978 1.457141995 -0.013160273 0.999913037 0.000810322 -2.284011841 -0.003091046 -0.000851071 0.999994874 78.593688965
0.999894917 0.013996104 0.003762262 1.448731899 -0.014000410 0.999901354 0.001121049 -2.313057423 -0.003746201 -0.001173605 0.999992251 79.109596252
0.999881566 0.014713460 0.004510418 1.443121672 -0.014719361 0.999890864 0.001277970 -2.339340448 -0.004491122 -0.001344209 0.999988973 79.682098389
0.999881625 0.014660885 0.004659627 1.460089087 -0.014665864 0.999891937 0.001036081 -2.351120234 -0.004643932 -0.001104295 0.999988616 80.209053040
0.999872983 0.014917892 0.005600392 1.470777512 -0.014923571 0.999888182 0.000973728 -2.365136147 -0.005585239 -0.001057182 0.999983847 80.744667053
0.999874413 0.014411753 0.006595532 1.489071369 -0.014414444 0.999896049 0.000360669 -2.374724865 -0.006589648 -0.000455695 0.999978185 81.268180847
0.999857545 0.014793360 0.008127775 1.504824638 -0.014794353 0.999890506 0.000061821 -2.383903027 -0.008125971 -0.000182057 0.999966979 81.804267883
0.999845922 0.014956741 0.009187021 1.519991994 -0.014957225 0.999888122 -0.000016058 -2.398741245 -0.009186235 -0.000121357 0.999957740 82.311302185
0.999813378 0.014871559 0.012324610 1.545979738 -0.014870577 0.999889374 -0.000171158 -2.414964199 -0.012325792 -0.000012148 0.999924064 82.826095581
0.999755681 0.015224325 0.016023031 1.577370644 -0.015227608 0.999884069 0.000082939 -2.429999352 -0.016019909 -0.000326911 0.999871612 83.345985413
0.999706209 0.014894601 0.019122832 1.609240055 -0.014895284 0.999889076 -0.000106732 -2.453913927 -0.019122301 -0.000178139 0.999817133 83.850868225
0.999624491 0.014503283 0.023246419 1.650530934 -0.014496249 0.999894798 -0.000471079 -2.466407537 -0.023250805 0.000133917 0.999729633 84.389060974
0.999483764 0.014208413 0.028816184 1.701421738 -0.014202418 0.999899030 -0.000412702 -2.480691433 -0.028819140 0.000003229 0.999584615 84.912666321
0.999294281 0.014356042 0.034711085 1.743333936 -0.014351763 0.999896944 -0.000372460 -2.511746645 -0.034712855 -0.000125967 0.999397337 85.345848083
0.999109149 0.013386169 0.040020626 1.808974147 -0.013340130 0.999909997 -0.001417138 -2.498847485 -0.040035993 0.000881996 0.999197841 86.081436157
0.998713732 0.014212140 0.048674338 1.853930950 -0.014158469 0.999898672 -0.001447347 -2.515907049 -0.048689991 0.000756332 0.998813629 86.772590637
0.998303533 0.013263918 0.056692798 1.917712212 -0.013179572 0.999911427 -0.001861390 -2.539206028 -0.056712460 0.001111046 0.998389900 87.243629456
0.997893751 0.012766925 0.063600667 1.976879358 -0.012658289 0.999917626 -0.002110706 -2.552801132 -0.063622378 0.001301184 0.997973204 87.799934387
0.997280002 0.012680649 0.072607458 2.037618637 -0.012540168 0.999918520 -0.002390348 -2.563568830 -0.072631851 0.001473336 0.997357726 88.381401062
0.996521950 0.012104935 0.082446389 2.100255489 -0.011943149 0.999925673 -0.002455229 -2.588630676 -0.082469992 0.001462021 0.996592462 88.906295776
0.995740533 0.011936948 0.091423742 2.156935215 -0.011766128 0.999927878 -0.002407214 -2.609072208 -0.091445878 0.001321257 0.995809317 89.445297241
0.994978189 0.012259142 0.099339463 2.206830978 -0.012087081 0.999924242 -0.002333759 -2.640374184 -0.099360563 0.001121315 0.995050848 89.970024109
0.993838668 0.012941319 0.110078231 2.262209415 -0.012779244 0.999915957 -0.002177768 -2.664730787 -0.110097162 0.000757634 0.993920565 90.513710022
0.992680967 0.012315388 0.120136358 2.356837273 -0.012121627 0.999923766 -0.002343513 -2.675984383 -0.120156065 0.000870113 0.992754638 91.098037720
0.991447687 0.012000315 0.129951745 2.449105263 -0.011717799 0.999927044 -0.002938433 -2.692169905 -0.129977524 0.001390553 0.991515994 91.711563110
0.989882708 0.012006315 0.141379043 2.545306206 -0.011700058 0.999926984 -0.002997295 -2.708009958 -0.141404718 0.001312828 0.989951015 92.266235352
0.988023102 0.011533964 0.153873891 2.656082153 -0.011178110 0.999932408 -0.003177626 -2.724537849 -0.153900132 0.001419549 0.988085389 92.832603455
0.986278772 0.011042600 0.164719552 2.767715454 -0.010608340 0.999937534 -0.003515858 -2.739783525 -0.164748073 0.001720214 0.986334205 93.399673462
0.984476328 0.010812888 0.175183818 2.886013985 -0.010322264 0.999939799 -0.003711596 -2.754332066 -0.175213426 0.001845684 0.984528720 93.952598572
0.982063115 0.010952658 0.188233703 3.007497787 -0.010418980 0.999938369 -0.003824428 -2.773807287 -0.188263997 0.001794626 0.982116759 94.500679016
0.979628503 0.010295840 0.200554118 3.140241623 -0.009714290 0.999945283 -0.003883652 -2.789062500 -0.200583115 0.001856296 0.979674935 95.049835205
0.977441967 0.009915154 0.210971370 3.277780533 -0.009238289 0.999948502 -0.004193714 -2.801882982 -0.211002097 0.002150098 0.977483153 95.613357544
0.974578440 0.009921786 0.223827377 3.428056717 -0.009239110 0.999948859 -0.004097108 -2.823239326 -0.223856613 0.001924987 0.974620223 96.158927917
0.971473992 0.009185510 0.236968398 3.578306198 -0.008330463 0.999954641 -0.004609325 -2.839322805 -0.236999989 0.002503783 0.971506417 96.684219360
0.968620121 0.008465252 0.248401597 3.743064880 -0.007446776 0.999959588 -0.005039473 -2.845336199 -0.248434216 0.003031544 0.968644023 97.262115479
0.965724051 0.008448830 0.259433270 3.910970688 -0.007248830 0.999958158 -0.005581818 -2.855997324 -0.259469599 0.003509908 0.965744913 97.823776245
0.961987197 0.008550817 0.272960454 4.083587646 -0.007369405 0.999958515 -0.005353122 -2.876314402 -0.272994876 0.003138079 0.962010384 98.374183655
0.958175242 0.007293270 0.286089152 4.263847351 -0.005491591 0.999959648 -0.007099422 -2.875155210 -0.286129415 0.005231404 0.958176732 98.959251404
0.954636455 0.007110688 0.297688901 4.445247650 -0.005251330 0.999961317 -0.007045285 -2.895734549 -0.297727495 0.005162423 0.954636991 99.471969604
0.950285733 0.006693185 0.311307251 4.641880035 -0.004868919 0.999966145 -0.006636838 -2.916679382 -0.311341077 0.004791162 0.950286150 99.954696655
0.945773244 0.006308843 0.324766308 4.854505539 -0.004359545 0.999967873 -0.006729452 -2.932485580 -0.324798286 0.004948702 0.945770502 100.480003357
0.942238390 0.006404353 0.334881812 5.064119339 -0.004674314 0.999971330 -0.005971817 -2.963212013 -0.334910482 0.004061532 0.942241251 100.906410217
0.936894953 0.005969135 0.349559903 5.270761490 -0.003849308 0.999969780 -0.006758662 -2.967219591 -0.349589646 0.004986593 0.936889648 101.522041321
0.931307137 0.006062909 0.364184439 5.494646072 -0.003931665 0.999970615 -0.006593213 -2.988279581 -0.364213616 0.004708455 0.931303561 102.031631470
0.926444471 0.005578658 0.376390100 5.718860626 -0.003247862 0.999971449 -0.006826790 -3.002366543 -0.376417428 0.005102179 0.926436126 102.530990601
0.921795785 0.005284749 0.387639880 5.950492859 -0.002992630 0.999974310 -0.006516407 -3.021347284 -0.387664378 0.004846733 0.921787918 103.026702881
0.915916085 0.004463396 0.401344657 6.187789917 -0.002111229 0.999977887 -0.006302782 -3.040788174 -0.401363909 0.004925488 0.915905416 103.498481750
0.910210490 0.003995375 0.414126575 6.440467834 -0.001509628 0.999978781 -0.006329495 -3.056489706 -0.414143056 0.005135995 0.910197258 103.989311218
0.905530214 0.002805277 0.424272537 6.691017151 0.000166941 0.999975622 -0.006968110 -3.072392464 -0.424281776 0.006380662 0.905507743 104.454101562
0.899683952 0.002151973 0.436536342 6.951229095 0.000948652 0.999975860 -0.006884668 -3.091920137 -0.436540663 0.006608147 0.899660170 104.940841675
0.893065691 0.002126968 0.449921370 7.217903137 0.001037591 0.999976456 -0.006786861 -3.113719940 -0.449925244 0.006527947 0.893042326 105.420700073
0.887259841 0.000898556 0.461268902 7.493518829 0.002603058 0.999972343 -0.006954990 -3.132001400 -0.461262405 0.007371593 0.887233138 105.883529663
0.881708741 0.000209067 0.471794158 7.772300720 0.003483014 0.999969721 -0.006952320 -3.152631760 -0.471781373 0.007773187 0.881681323 106.348548889
0.874217749 0.000131153 0.485534012 8.063423157 0.003603260 0.999970675 -0.006757885 -3.173858643 -0.485520720 0.007657370 0.874191642 106.829315186
0.867082715 -0.000535626 0.498163909 8.357501984 0.004333349 0.999969721 -0.006467272 -3.196590424 -0.498145372 0.007766379 0.867058694 107.283195496
0.860855520 -0.000566527 0.508849204 8.650108337 0.004474571 0.999969125 -0.006456628 -3.211820126 -0.508829832 0.007835107 0.860831499 107.740859985
