1.000000000 0.000000000 0.000000000 0.000000000 0.000000000 1.000000000 0.000000000 0.000000000 0.000000000 0.000000000 1.000000000 0.000000000
1.000000000 0.000008855 -0.000049798 0.000199938 -0.000008860 1.000000000 -0.000092341 0.000407242 0.000049797 0.000092341 1.000000000 -0.000778971
1.000000000 0.000017290 -0.000024035 0.000733193 -0.000017289 1.000000000 0.000024574 -0.000195857 0.000024035 -0.000024574 1.000000000 -0.001626506
1.000000000 -0.000014518 -0.000078047 0.000853327 0.000014523 1.000000000 0.000062381 -0.000596072 0.000078047 -0.000062382 1.000000000 -0.002213430
1.000000000 -0.000013179 -0.000035701 0.000298223 0.000013177 1.000000000 -0.000075322 0.000773414 0.000035702 0.000075322 1.000000000 0.001073261
1.000000000 0.000053894 -0.000029282 0.001127742 -0.000053894 1.000000000 -0.000018991 0.000178709 0.000029281 0.000018992 1.000000000 -0.000511677
1.000000000 0.000097578 -0.000019370 0.000778347 -0.000097579 1.000000000 -0.000074260 0.000245842 0.000019363 0.000074262 1.000000000 -0.000966676
1.000000000 -0.000148502 -0.000018172 0.001258000 0.000148502 1.000000000 -0.000030777 0.000250093 0.000018176 0.000030774 1.000000000 -0.000558245
1.000000000 -0.000091848 0.000010356 0.000515378 0.000091850 1.000000000 -0.000175231 0.001990406 -0.000010340 0.000175232 1.000000000 0.001216040
1.000000000 -0.000016111 -0.000123609 0.001821205 0.000016117 1.000000000 0.000051644 -0.000518213 0.000123608 -0.000051646 1.000000000 -0.000803964
1.000000000 -0.000036612 -0.000071531 0.001787471 0.000036605 1.000000000 -0.000092039 0.000961062 0.000071534 0.000092036 1.000000000 -0.000491070
1.000000000 -0.000021745 -0.000046055 0.000609262 0.000021745 1.000000000 -0.000004885 0.000584068 0.000046055 0.000004884 1.000000000 0.000832409
1.000000000 -0.000150517 -0.000167967 0.002241478 0.000150534 1.000000000 0.000102282 -0.000530499 0.000167952 -0.000102307 1.000000000 -0.000744718
1.000000000 -0.000106467 -0.000158516 0.001725308 0.000106470 1.000000000 0.000016670 -0.000472751 0.000158514 -0.000016687 1.000000000 -0.001566205
0.999999940 -0.000224386 -0.000177052 0.001247512 0.000224389 1.000000000 0.000015845 -0.000179037 0.000177048 -0.000015885 1.000000000 -0.000665959
1.000000000 0.000188339 0.000096105 0.000160420 -0.000188339 1.000000000 -0.000005012 0.000636797 -0.000096106 0.000004993 1.000000000 0.001239211
1.000000000 0.000050823 -0.000134628 0.000761441 -0.000050832 1.000000000 -0.000063087 0.000825098 0.000134624 0.000063094 1.000000000 0.000825009
1.000000000 -0.000077169 -0.000075841 0.001165631 0.000077160 1.000000000 -0.000112012 0.001124506 0.000075850 0.000112006 1.000000000 0.000336083
1.000000000 -0.000053968 0.000026408 0.000507194 0.000053969 1.000000000 -0.000065345 0.000566602 -0.000026405 0.000065346 1.000000000 -0.000002841
1.000000000 0.000168992 -0.000015339 0.000681075 -0.000168993 1.000000000 -0.000072171 0.000552057 0.000015327 0.000072174 1.000000000 0.000336951
1.000000000 0.000027969 -0.000137276 0.001150381 -0.000027961 1.000000000 0.000059813 0.000089755 0.000137277 -0.000059809 1.000000000 0.000505629
0.999999940 -0.000251958 -0.000124746 0.002074059 0.000251957 0.999999940 -0.000004898 -0.000063315 0.000124748 0.000004866 1.000000000 0.000137291
1.000000000 -0.000150113 0.000056364 0.000505165 0.000150117 1.000000000 -0.000083390 0.001501072 -0.000056351 0.000083398 1.000000000 -0.000172611
1.000000000 0.000046516 -0.000072686 0.001558054 -0.000046515 1.000000000 0.000014135 0.000395256 0.000072686 -0.000014132 1.000000000 -0.000392664
1.000000000 -0.000012136 -0.000031548 0.001108140 0.000012135 1.000000000 -0.000007116 0.000521535 0.000031548 0.000007116 1.000000000 -0.000938848
1.000000000 -0.000135961 -0.000122474 0.001549170 0.000135951 1.000000000 -0.000081989 0.000556082 0.000122485 0.000081973 1.000000000 -0.000617993
1.000000000 0.000015471 -0.000007030 -0.000094114 -0.000015472 1.000000000 -0.000137912 0.001090388 0.000007027 0.000137912 1.000000000 0.000972775
1.000000000 -0.000090988 0.000009535 -0.000447173 0.000090987 1.000000000 0.000007346 0.001251914 -0.000009536 -0.000007345 1.000000000 0.001504504
1.000000000 0.000080031 -0.000002360 0.000386576 -0.000080031 1.000000000 0.000014692 0.000936835 0.000002361 -0.000014692 1.000000000 0.000933905
1.000000000 0.000014989 0.000034065 0.000807292 -0.000014991 1.000000000 0.000071186 -0.000327605 -0.000034064 -0.000071186 1.000000000 -0.001496660
1.000000000 0.000076321 0.000029405 0.000528752 -0.000076323 1.000000000 0.000064692 -0.000208978 -0.000029400 -0.000064694 1.000000000 -0.001325320
1.000000000 -0.000062867 0.000063959 0.000830189 0.000062864 1.000000000 0.000054093 -0.000317381 -0.000063962 -0.000054089 1.000000000 -0.001504033
1.000000000 -0.000037904 -0.000023191 0.000935270 0.000037905 1.000000000 0.000043552 0.000400845 0.000023190 -0.000043553 1.000000000 0.000380054
0.999999940 0.000213196 0.000123290 0.000266817 -0.000213198 1.000000000 0.000013377 0.000475795 -0.000123287 -0.000013403 1.000000000 -0.000382241
1.000000000 0.000185937 0.000118492 -0.000779677 -0.000185923 1.000000000 -0.000120307 0.002109359 -0.000118514 0.000120285 1.000000000 0.001019562
1.000000000 -0.000145748 0.000007077 0.000027425 0.000145749 1.000000000 -0.000168216 0.002585493 -0.000007052 0.000168217 1.000000000 0.002490897
1.000000000 0.000081623 0.000051767 0.000293225 -0.000081629 1.000000000 0.000120653 0.000639650 -0.000051757 -0.000120657 1.000000000 0.000240028
1.000000000 -0.000117108 -0.000021826 0.001247393 0.000117110 1.000000000 0.000082587 0.000625545 0.000021816 -0.000082589 1.000000000 0.000264497
0.999999940 0.000076044 0.000233303 -0.000526157 -0.000076067 1.000000000 0.000098965 0.000398134 -0.000233296 -0.000098983 0.999999940 0.002345672
0.999999881 -0.000483459 0.000125778 0.001797932 0.000483548 0.999999642 -0.000715262 -0.001285678 -0.000125432 0.000715323 0.999999762 0.050434753
1.000000000 0.000054496 0.000186587 0.001449685 -0.000054278 0.999999344 -0.001165584 -0.005385738 -0.000186651 0.001165574 0.999999285 0.132287711
0.999999940 0.000342012 -0.000053426 0.004672471 -0.000342094 0.999998748 -0.001543042 -0.006591903 0.000052899 0.001543060 0.999998808 0.250700802
0.999999881 0.000474315 0.000055623 0.006626743 -0.000474244 0.999999046 -0.001276661 -0.013748865 -0.000056229 0.001276634 0.999999166 0.380644470
1.000000000 0.000148673 0.000091772 0.008662387 -0.000148564 0.999999285 -0.001192913 -0.015368824 -0.000091950 0.001192899 0.999999285 0.525380492
0.999999940 0.000244061 0.000079383 0.014436921 -0.000243953 0.999999046 -0.001357869 -0.020426491 -0.000079715 0.001357850 0.999999046 0.671318889
0.999999940 -0.000157549 0.000225233 0.017933832 0.000157831 0.999999225 -0.001251616 -0.024103120 -0.000225036 0.001251651 0.999999166 0.839263320
0.999998748 0.001573115 0.000187549 0.016834348 -0.001573059 0.999998689 -0.000299063 -0.038283613 -0.000188020 0.000298768 0.999999940 0.999480724
0.999998569 0.001688285 0.000170189 0.020797594 -0.001688266 0.999998510 -0.000108221 -0.044828787 -0.000170372 0.000107933 0.999999940 1.174619317
0.999998927 0.001462246 -0.000021028 0.028886441 -0.001462248 0.999998927 -0.000083709 -0.052127611 0.000020906 0.000083739 0.999999940 1.358884931
0.999998510 0.001765526 0.000116042 0.030879322 -0.001765504 0.999998450 -0.000197044 -0.055155978 -0.000116390 0.000196839 1.000000000 1.547932863
0.999998629 0.001686049 0.000182359 0.031948630 -0.001685990 0.999998629 -0.000321915 -0.056304652 -0.000182901 0.000321607 1.000000000 1.752871156
0.999998569 0.001714271 0.000018641 0.039594479 -0.001714274 0.999998510 0.000129207 -0.066349201 -0.000018419 -0.000129239 0.999999940 1.948413372
0.999998033 0.001940933 0.000158664 0.039921355 -0.001940957 0.999998093 0.000150079 -0.071506977 -0.000158373 -0.000150387 1.000000000 2.161189556
0.999997795 0.002051923 0.000335104 0.043250855 -0.002052001 0.999997854 0.000230792 -0.078519218 -0.000334630 -0.000231479 0.999999940 2.375812769
0.999998033 0.002014277 -0.000158528 0.054351944 -0.002014260 0.999997973 0.000110509 -0.086226180 0.000158750 -0.000110190 1.000000000 2.593014956
0.999996603 0.002538573 0.000430925 0.051045064 -0.002538727 0.999996722 0.000357530 -0.094078049 -0.000430016 -0.000358623 0.999999762 2.826318741
0.999997795 0.002097601 0.000220100 0.060909290 -0.002097712 0.999997675 0.000503716 -0.102950342 -0.000219043 -0.000504177 0.999999821 3.058321476
0.999998331 0.001842493 0.000014782 0.064796373 -0.001842495 0.999998391 0.000070574 -0.101738393 -0.000014652 -0.000070601 1.000000000 3.298641205
0.999997556 0.002189561 0.000184969 0.071455464 -0.002189687 0.999997377 0.000679278 -0.115414895 -0.000183482 -0.000679682 0.999999762 3.538110256
0.999998569 0.001701987 0.000084363 0.076330215 -0.001702007 0.999998510 0.000240169 -0.115943410 -0.000083954 -0.000240312 0.999999881 3.794358015
0.999998450 0.001786767 0.000020574 0.081522882 -0.001786769 0.999998331 0.000123348 -0.121505834 -0.000020353 -0.000123384 0.999999940 4.062437534
0.999997497 0.002243402 0.000298217 0.083153203 -0.002243621 0.999997199 0.000735148 -0.132394791 -0.000296566 -0.000735815 0.999999642 4.315896988
0.999998093 0.001995619 0.000047043 0.097806647 -0.001995661 0.999997556 0.000905106 -0.143144727 -0.000045237 -0.000905198 0.999999583 4.564829826
0.999997258 0.002288383 0.000401641 0.092846066 -0.002288556 0.999997258 0.000430023 -0.146922395 -0.000400656 -0.000430941 0.999999821 4.827236652
0.999998212 0.001878295 0.000409599 0.096807443 -0.001878386 0.999998271 0.000223489 -0.150324270 -0.000409179 -0.000224258 0.999999821 5.092129230
0.999998629 0.001647980 0.000450332 0.101235926 -0.001648169 0.999998629 0.000419280 -0.159816027 -0.000449640 -0.000420021 0.999999821 5.358272076
0.999997675 0.002134126 0.000364510 0.113152266 -0.002134436 0.999997377 0.000850977 -0.173696116 -0.000362693 -0.000851753 0.999999583 5.623893738
0.999998271 0.001842736 0.000135599 0.120255157 -0.001842839 0.999998033 0.000765093 -0.179578394 -0.000134189 -0.000765341 0.999999762 5.894122124
0.999998808 0.001538881 0.000017601 0.129624516 -0.001538897 0.999998450 0.000946544 -0.190418661 -0.000016145 -0.000946569 0.999999583 6.170454025
0.999998689 0.001554604 0.000380924 0.125214010 -0.001554832 0.999998569 0.000600261 -0.194398418 -0.000379991 -0.000600852 0.999999762 6.470028400
0.999998450 0.001742655 0.000429945 0.131110474 -0.001742922 0.999998271 0.000621814 -0.204856500 -0.000428861 -0.000622562 0.999999702 6.758262157
0.999998510 0.001687105 0.000568506 0.135037690 -0.001687302 0.999998569 0.000346964 -0.204652667 -0.000567920 -0.000347922 0.999999821 7.064761162
0.999999166 0.001214291 0.000564291 0.148268685 -0.001214638 0.999999106 0.000615445 -0.224613830 -0.000563544 -0.000616130 0.999999702 7.351671219
0.999998629 0.001500163 0.000686089 0.151357830 -0.001500738 0.999998510 0.000838925 -0.240732402 -0.000684829 -0.000839953 0.999999404 7.675642967
0.999998212 0.001834647 0.000571388 0.163232893 -0.001835393 0.999997497 0.001306870 -0.256752163 -0.000568989 -0.001307916 0.999998987 7.984401226
0.999998391 0.001668941 0.000647314 0.167803317 -0.001669585 0.999998152 0.000996974 -0.257732213 -0.000645649 -0.000998053 0.999999285 8.313357353
0.999997735 0.001799220 0.001080839 0.175280198 -0.001800629 0.999997497 0.001304304 -0.272955418 -0.001078490 -0.001306247 0.999998569 8.625345230
0.999997675 0.001900049 0.001013750 0.178089336 -0.001901828 0.999996603 0.001756369 -0.289628863 -0.001010410 -0.001758293 0.999997973 8.952016830
0.999998629 0.001403291 0.000813641 0.189689845 -0.001404764 0.999997377 0.001812798 -0.302619994 -0.000811095 -0.001813939 0.999998093 9.285824776
0.999997616 0.001841260 0.001199165 0.189542592 -0.001843451 0.999996662 0.001828781 -0.309581280 -0.001195794 -0.001830988 0.999997675 9.643269539
0.999997675 0.001736874 0.001236095 0.201128855 -0.001739184 0.999996781 0.001870133 -0.317409307 -0.001232842 -0.001872278 0.999997497 9.985395432
0.999998331 0.001722758 0.000445256 0.213339284 -0.001723735 0.999996066 0.002204505 -0.337144673 -0.000441456 -0.002205269 0.999997437 10.329576492
0.999998212 0.001872992 0.000126002 0.222798958 -0.001873367 0.999993622 0.003041566 -0.351654351 -0.000120304 -0.003041797 0.999995351 10.686749458
0.999998689 0.001562680 0.000246695 0.230290517 -0.001563361 0.999994874 0.002787036 -0.357468933 -0.000242338 -0.002787418 0.999996126 11.052463531
0.999998271 0.001800280 0.000448542 0.234254509 -0.001801230 0.999996126 0.002127556 -0.366038471 -0.000444710 -0.002128360 0.999997616 11.451457024
0.999998450 0.001642048 0.000664801 0.242838383 -0.001643598 0.999995947 0.002336794 -0.374569714 -0.000660962 -0.002337883 0.999997020 11.829910278
0.999998152 0.001833420 0.000571169 0.252917022 -0.001834863 0.999995112 0.002536800 -0.393765926 -0.000566515 -0.002537844 0.999996603 12.221484184
0.999998927 0.001306759 0.000542547 0.263097256 -0.001308043 0.999996305 0.002373168 -0.403923482 -0.000539444 -0.002373875 0.999997020 12.621329308
0.999998987 0.000898275 0.001084183 0.265095979 -0.000900738 0.999996960 0.002273603 -0.412146598 -0.001082137 -0.002274578 0.999996781 13.014308929
0.999998748 0.001421955 0.000623163 0.276146442 -0.001423530 0.999995708 0.002535257 -0.422614843 -0.000619555 -0.002536141 0.999996603 13.432173729
0.999998510 0.001140857 0.001253060 0.282319903 -0.001144280 0.999995589 0.002734619 -0.431602925 -0.001249935 -0.002736049 0.999995530 13.844127655
0.999997675 0.001765891 0.001254972 0.288747370 -0.001769067 0.999995232 0.002534169 -0.443054020 -0.001250491 -0.002536384 0.999996006 14.263276100
0.999998271 0.001280539 0.001342470 0.299268425 -0.001284213 0.999995410 0.002739247 -0.455210686 -0.001338956 -0.002740966 0.999995351 14.687445641
0.999997556 0.001509349 0.001600042 0.305815995 -0.001513827 0.999994874 0.002801375 -0.464952797 -0.001595806 -0.002803790 0.999994755 15.117559433
0.999998093 0.001183610 0.001572291 0.322225630 -0.001188460 0.999994457 0.003087017 -0.483269811 -0.001568629 -0.003088879 0.999993980 15.552267075
0.999997199 0.001310047 0.001980399 0.331672937 -0.001316086 0.999994457 0.003050987 -0.495674342 -0.001976392 -0.003053585 0.999993384 15.988466263
0.999997318 0.001183224 0.001989487 0.344125748 -0.001189761 0.999993980 0.003287713 -0.507006407 -0.001985585 -0.003290072 0.999992549 16.438983917
0.999995828 0.001451986 0.002462046 0.351333708 -0.001459135 0.999994636 0.002904369 -0.517508745 -0.002457816 -0.002907949 0.999992728 16.886854172
0.999995530 0.001429899 0.002618209 0.362284452 -0.001438024 0.999994099 0.003103926 -0.530788004 -0.002613756 -0.003107677 0.999991715 17.348888397
0.999993920 0.001607678 0.003098495 0.368564427 -0.001617956 0.999993205 0.003317131 -0.541693330 -0.003093141 -0.003322124 0.999989688 17.816032410
0.999993861 0.001060842 0.003383379 0.381566644 -0.001071519 0.999994457 0.003155489 -0.550937951 -0.003380014 -0.003159094 0.999989212 18.279502869
0.999993682 0.000732722 0.003491636 0.394565880 -0.000745224 0.999993265 0.003580541 -0.562702000 -0.003488989 -0.003583121 0.999987423 18.761512756
0.999992013 0.001851634 0.003521951 0.408893824 -0.001862291 0.999993682 0.003024776 -0.574316800 -0.003516326 -0.003031311 0.999989152 19.222923279
0.999995649 0.000300378 0.002927252 0.430350661 -0.000311722 0.999992430 0.003875673 -0.589471400 -0.002926064 -0.003876568 0.999988139 19.698890686
0.999992669 0.000676288 0.003744224 0.431500375 -0.000691684 0.999991298 0.004112059 -0.601283610 -0.003741411 -0.004114619 0.999984503 20.188306808
0.999991655 0.002021181 0.003550317 0.442042738 -0.002033231 0.999992192 0.003393658 -0.617577791 -0.003543430 -0.003400848 0.999987960 20.702816010
0.999991417 0.002075217 0.003588959 0.451655984 -0.002085503 0.999993682 0.002864939 -0.623434424 -0.003582990 -0.002872399 0.999989510 21.199161530
0.999991953 0.002066983 0.003422244 0.459657967 -0.002077213 0.999993443 0.002988492 -0.632139087 -0.003416044 -0.002995577 0.999989748 21.705993652
0.999994576 0.002138814 0.002506881 0.467654377 -0.002148371 0.999990404 0.003815835 -0.659246147 -0.002498695 -0.003821200 0.999989569 22.201932907
0.999993265 0.002732377 0.002463687 0.475459427 -0.002740068 0.999991417 0.003123791 -0.663462996 -0.002455131 -0.003130521 0.999992073 22.718900681
0.999996185 0.002283993 0.001619182 0.486184925 -0.002289368 0.999991834 0.003325677 -0.681605458 -0.001611573 -0.003329371 0.999993145 23.242132187
0.999997318 0.002059117 0.001090681 0.500463068 -0.002063103 0.999991119 0.003665669 -0.700643182 -0.001083124 -0.003667909 0.999992669 23.758691788
0.999998629 0.001502206 0.000686878 0.502931654 -0.001504097 0.999995053 0.002760869 -0.707260430 -0.000682727 -0.002761898 0.999995947 24.301830292
0.999998271 0.001847934 0.000131878 0.513989866 -0.001848364 0.999992669 0.003337854 -0.720375955 -0.000125708 -0.003338092 0.999994397 24.834934235
0.999995649 0.002850209 -0.000782622 0.525308251 -0.002847534 0.999990165 0.003396575 -0.737191856 0.000792295 -0.003394332 0.999993920 25.375051498
0.999995649 0.002856833 -0.000766126 0.532322347 -0.002854245 0.999990284 0.003358293 -0.746798873 0.000775714 -0.003356091 0.999994040 25.916065216
0.999994576 0.002865767 -0.001607444 0.542146623 -0.002859925 0.999989271 0.003624156 -0.766656816 0.001617814 -0.003619539 0.999992132 26.468536377
0.999996603 0.001953667 -0.001712189 0.549703360 -0.001947071 0.999990702 0.003845334 -0.775641978 0.001719686 -0.003841988 0.999991119 27.018095016
0.999996781 0.002136354 -0.001332106 0.544314563 -0.002131257 0.999990404 0.003815753 -0.783283114 0.001340246 -0.003812902 0.999991834 27.577550888
0.999994457 0.003302572 -0.000240417 0.537674725 -0.003301728 0.999988556 0.003430653 -0.795276999 0.000251744 -0.003429841 0.999994099 28.108375549
0.999991536 0.002923470 -0.002892887 0.571702182 -0.002910200 0.999985278 0.004580647 -0.833924711 0.002906235 -0.004572189 0.999985337 28.681432724
0.999990523 0.003191556 -0.002952929 0.577483177 -0.003178689 0.999985576 0.004351720 -0.843647718 0.002966774 -0.004342292 0.999986231 29.226985931
0.999989212 0.003212736 -0.003358051 0.585343719 -0.003196444 0.999983132 0.004846079 -0.864287972 0.003373564 -0.004835293 0.999982595 29.785455704
0.999988616 0.003082610 -0.003638182 0.590582669 -0.003064980 0.999983609 0.004841516 -0.874286413 0.003653047 -0.004830310 0.999981642 30.329402924
0.999987185 0.003046343 -0.004042593 0.603493690 -0.003026817 0.999983788 0.004827435 -0.889496446 0.004057234 -0.004815137 0.999980152 30.880294800
0.999985933 0.003079260 -0.004317877 0.612814426 -0.003058615 0.999983907 0.004779693 -0.903387129 0.004332526 -0.004766420 0.999979198 31.427324295
0.999984086 0.003479642 -0.004425280 0.618854940 -0.003457314 0.999981225 0.005043316 -0.916977227 0.004442745 -0.005027936 0.999977469 31.978357315
0.999985337 0.002769197 -0.004664731 0.636335731 -0.002745203 0.999983013 0.005142351 -0.935000658 0.004678893 -0.005129469 0.999975860 32.521221161
0.999983251 0.002991922 -0.004952388 0.636871874 -0.002965745 0.999981642 0.005284570 -0.943519473 0.004968108 -0.005269794 0.999973774 33.066619873
0.999982059 0.003763616 -0.004653757 0.639887094 -0.003739216 0.999979317 0.005240507 -0.958437443 0.004673384 -0.005223012 0.999975502 33.610584259
0.999982119 0.003465893 -0.004857683 0.646509171 -0.003442281 0.999982238 0.004860580 -0.965775728 0.004874443 -0.004843771 0.999976397 34.171676636
0.999983132 0.003241583 -0.004817556 0.652220905 -0.003216542 0.999981284 0.005196540 -0.984742522 0.004834311 -0.005180956 0.999974966 34.710186005
0.999981880 0.003198659 -0.005103818 0.661139846 -0.003173652 0.999982893 0.004900250 -0.993033648 0.005119406 -0.004883963 0.999974906 35.259532928
0.999985516 0.002718705 -0.004645901 0.667316437 -0.002698146 0.999986529 0.004425717 -1.001492739 0.004657870 -0.004413117 0.999979377 35.809154510
0.999979913 0.003532411 -0.005258889 0.673829257 -0.003507468 0.999982595 0.004744767 -1.015651107 0.005275559 -0.004726227 0.999974847 36.344535828
0.999981821 0.003508374 -0.004901911 0.678286970 -0.003488032 0.999985278 0.004152182 -1.021920800 0.004916406 -0.004135009 0.999979377 36.897212982
0.999982357 0.003923507 -0.004472615 0.685713172 -0.003904388 0.999983251 0.004275457 -1.037424088 0.004489316 -0.004257919 0.999980867 37.439865112
0.999978900 0.003598024 -0.005401652 0.700420678 -0.003576662 0.999985874 0.003959375 -1.042627335 0.005415821 -0.003939972 0.999977589 38.004589081
0.999935269 0.001976847 -0.011204146 0.739456236 -0.001923062 0.999986589 0.004809229 -1.060287952 0.011213504 -0.004787371 0.999925673 38.557178497
0.999930859 0.002501268 -0.011488048 0.747947633 -0.002443725 0.999984503 0.005020327 -1.075956225 0.011500426 -0.004991907 0.999921441 39.105983734
0.999979079 0.004607195 -0.004537688 0.713408947 -0.004590142 0.999982417 0.003761333 -1.079256773 0.004554937 -0.003740426 0.999982655 39.647747040
0.999979258 0.003782621 -0.005199783 0.707090974 -0.003759452 0.999983013 0.004458183 -1.096128583 0.005216558 -0.004438543 0.999976456 40.175891876
0.999978602 0.004001253 -0.005180575 0.722323477 -0.003977176 0.999981344 0.004649657 -1.117429018 0.005199084 -0.004628954 0.999975681 40.701999664
0.999977469 0.004445995 -0.005030976 0.730741203 -0.004425796 0.999982178 0.004018959 -1.117048144 0.005048755 -0.003996603 0.999979198 41.272628784
0.999977648 0.003751373 -0.005537649 0.733869076 -0.003724556 0.999981344 0.004845274 -1.142640710 0.005555722 -0.004824541 0.999972939 41.829067230
0.999973178 0.004509381 -0.005789857 0.749536872 -0.004481711 0.999978542 0.004783442 -1.159667611 0.005811303 -0.004757365 0.999971807 42.364421844
0.999975920 0.004205815 -0.005518086 0.763522506 -0.004181455 0.999981523 0.004418800 -1.170117259 0.005536568 -0.004395620 0.999974966 42.897460938
0.999979496 0.004142406 -0.004877672 0.752709329 -0.004118225 0.999979317 0.004957336 -1.181151509 0.004898105 -0.004937147 0.999975860 43.466484070
0.999981463 0.003680418 -0.004846739 0.740375757 -0.003654865 0.999979436 0.005270436 -1.196947813 0.004866037 -0.005252624 0.999974370 44.033111572
0.999982178 0.003582392 -0.004768290 0.747066498 -0.003558717 0.999981344 0.004964347 -1.207901239 0.004785986 -0.004947289 0.999976277 44.583366394
0.999980390 0.004744166 -0.004086835 0.751570761 -0.004722557 0.999974966 0.005281028 -1.222754717 0.004111786 -0.005261624 0.999977708 45.129852295
0.999979675 0.004957250 -0.004026290 0.768484354 -0.004935963 0.999973893 0.005279555 -1.225549221 0.004052358 -0.005259573 0.999977946 45.664447784
0.999980927 0.003948973 -0.004742072 0.765205204 -0.003925139 0.999979675 0.005025138 -1.241852522 0.004761819 -0.005006430 0.999976099 46.243873596
0.999982476 0.003237055 -0.004958656 0.776978493 -0.003213655 0.999983728 0.004719976 -1.256720662 0.004973854 -0.004703958 0.999976516 46.786781311
0.999984205 0.003780746 -0.004164069 0.782967269 -0.003760035 0.999980569 0.004970493 -1.266732574 0.004182781 -0.004954758 0.999979079 47.310054779
0.999985278 0.003253774 -0.004338744 0.774989724 -0.003236805 0.999987125 0.003912280 -1.259924412 0.004351417 -0.003898179 0.999982953 47.883358002
0.999982655 0.004490534 -0.003785735 0.777705610 -0.004476062 0.999982715 0.003822871 -1.272916913 0.003802835 -0.003805860 0.999985516 48.437927246
0.999984562 0.003650597 -0.004184886 0.796900570 -0.003636088 0.999987423 0.003469311 -1.280524254 0.004197497 -0.003454041 0.999985218 48.972648621
0.999984562 0.003664450 -0.004170707 0.791500092 -0.003646248 0.999983847 0.004363589 -1.300710320 0.004186630 -0.004348315 0.999981761 49.526973724
0.999985099 0.003583289 -0.004114335 0.805693686 -0.003565611 0.999984443 0.004296180 -1.317063451 0.004129665 -0.004281446 0.999982297 50.070720673
0.999985456 0.003754003 -0.003849872 0.807624578 -0.003737380 0.999983668 0.004315799 -1.324534297 0.003866011 -0.004301348 0.999983251 50.633331299
0.999983847 0.003802558 -0.004247197 0.818546593 -0.003785840 0.999985099 0.003937385 -1.335584760 0.004262106 -0.003921242 0.999983251 51.182323456
0.999985993 0.003763797 -0.003735365 0.827177048 -0.003749724 0.999985874 0.003767336 -1.346755266 0.003749491 -0.003753277 0.999985993 51.737422943
0.999983191 0.003716052 -0.004444727 0.843641877 -0.003698243 0.999985158 0.004008176 -1.361697078 0.004459555 -0.003991671 0.999982119 52.291225433
0.999983728 0.003937160 -0.004123894 0.852084756 -0.003924734 0.999987781 0.003016806 -1.370621681 0.004135720 -0.003000572 0.999987006 52.840019226
0.999984980 0.003589000 -0.004139527 0.859683156 -0.003572231 0.999985337 0.004051094 -1.386577010 0.004154006 -0.004036245 0.999983251 53.377227783
0.999984145 0.003643213 -0.004286664 0.867090166 -0.003625902 0.999985278 0.004039320 -1.400972009 0.004301317 -0.004023713 0.999982655 53.920982361
0.999986291 0.003654353 -0.003743600 0.872451305 -0.003641093 0.999987125 0.003542775 -1.409191847 0.003756496 -0.003529096 0.999986768 54.467147827
0.999983430 0.003812897 -0.004310276 0.883086741 -0.003795984 0.999985039 0.003925513 -1.422935128 0.004325179 -0.003909085 0.999983013 55.010921478
0.999985278 0.003770432 -0.003904884 0.883377850 -0.003755652 0.999985754 0.003785304 -1.436028719 0.003919100 -0.003770583 0.999985218 55.561954498
0.999984145 0.003543597 -0.004370491 0.899045646 -0.003527527 0.999986947 0.003678838 -1.447859764 0.004383468 -0.003663363 0.999983668 56.094070435
0.999983013 0.003597674 -0.004591600 0.903397083 -0.003579691 0.999985874 0.003918917 -1.459194422 0.004605634 -0.003902413 0.999981761 56.638797760
0.999983907 0.004004444 -0.004012953 0.913172305 -0.003989262 0.999984920 0.003784121 -1.474186301 0.004028046 -0.003768051 0.999984741 57.182983398
0.999982834 0.004021757 -0.004254181 0.926114380 -0.004005834 0.999984980 0.003744722 -1.483460546 0.004269178 -0.003727617 0.999983966 57.733161926
0.999973536 0.003632909 -0.006296644 0.946056604 -0.003609895 0.999986768 0.003662626 -1.499802470 0.006309868 -0.003639799 0.999973476 58.267375946
0.999983430 0.004532206 -0.003558939 0.946096241 -0.004519342 0.999983251 0.003614440 -1.514842749 0.003575260 -0.003598296 0.999987185 58.813930511
0.999985278 0.003520932 -0.004112962 0.949566066 -0.003508222 0.999988973 0.003093624 -1.514902830 0.004123808 -0.003079149 0.999986768 59.357940674
0.999987185 0.003681046 -0.003467628 0.955241323 -0.003671292 0.999989271 0.002815238 -1.531116247 0.003477952 -0.002802471 0.999990046 59.901138306
0.999986827 0.003760525 -0.003497907 0.964750528 -0.003751215 0.999989450 0.002664506 -1.541850448 0.003507890 -0.002651349 0.999990344 60.449398041
0.999983132 0.004189974 -0.004013823 0.962814629 -0.004178153 0.999986947 0.002948975 -1.553842902 0.004026126 -0.002932155 0.999987602 60.989181519
0.999984324 0.004162846 -0.003753601 0.974106550 -0.004150615 0.999986172 0.003260161 -1.572746277 0.003767121 -0.003244530 0.999987662 61.538425446
0.999984920 0.004300447 -0.003430397 0.979296386 -0.004291281 0.999987185 0.002674860 -1.574627280 0.003441855 -0.002660099 0.999990582 62.082523346
0.999981165 0.004468874 -0.004199740 0.991539359 -0.004457009 0.999986053 0.002830496 -1.593633652 0.004212331 -0.002811725 0.999987125 62.613555908
0.999983072 0.004339752 -0.003891536 1.001127958 -0.004326885 0.999985158 0.003308581 -1.614152193 0.003905838 -0.003291687 0.999986947 63.155517578
0.999983966 0.004359637 -0.003603453 0.996905327 -0.004348555 0.999985754 0.003077408 -1.620669127 0.003616818 -0.003061689 0.999988794 63.714729309
0.999982238 0.004407127 -0.004030786 1.004637718 -0.004394013 0.999985039 0.003256378 -1.638024092 0.004045078 -0.003238608 0.999986649 64.270843506
0.999985456 0.005011900 -0.001976315 0.994564772 -0.005006424 0.999983609 0.002766287 -1.645661950 0.001990148 -0.002756353 0.999994218 64.815505981
0.999982357 0.004846225 -0.003422310 1.020486116 -0.004834733 0.999982655 0.003357965 -1.664785624 0.003438524 -0.003341360 0.999988437 65.333923340
0.999984860 0.004548498 -0.003091269 1.029849291 -0.004539401 0.999985337 0.002943212 -1.675899029 0.003104611 -0.002929135 0.999990880 65.886672974
0.999987781 0.004354300 -0.002343256 1.039738774 -0.004347036 0.999985754 0.003095221 -1.688721895 0.002356702 -0.003084997 0.999992430 66.434532166
0.999985218 0.004715733 -0.002731560 1.053075552 -0.004707509 0.999984264 0.003009447 -1.704008222 0.002745709 -0.002996543 0.999991775 66.962066650
0.999980867 0.005794998 -0.002166120 1.039540052 -0.005790499 0.999981046 0.002076792 -1.714426637 0.002178114 -0.002064209 0.999995470 67.473411560
0.999978423 0.006416610 -0.001420430 1.042592525 -0.006413749 0.999977410 0.002009147 -1.726989269 0.001433290 -0.001999993 0.999996960 68.019203186
0.999972939 0.007193216 -0.001567109 1.050648570 -0.007189253 0.999970973 0.002520134 -1.752480865 0.001585192 -0.002508799 0.999995589 68.547935486
0.999975741 0.006673427 -0.001961854 1.062801957 -0.006668234 0.999974191 0.002641067 -1.770272493 0.001979428 -0.002627920 0.999994576 69.091331482
0.999977410 0.006547699 -0.001477620 1.066094518 -0.006544706 0.999976456 0.002020514 -1.771356344 0.001490816 -0.002010798 0.999996841 69.643836975
0.999976754 0.006653596 -0.001504772 1.087864995 -0.006650358 0.999975562 0.002147589 -1.777980089 0.001519022 -0.002137532 0.999996543 70.165565491
0.999976099 0.006853557 -0.000997262 1.091210246 -0.006851509 0.999974430 0.002041642 -1.788130283 0.001011228 -0.002034760 0.999997437 70.718681335
0.999974430 0.007093262 -0.000881877 1.099964857 -0.007091923 0.999973774 0.001512365 -1.797516108 0.000892581 -0.001506072 0.999998450 71.263763428
0.999984443 0.005363767 -0.001474555 1.093534112 -0.005359805 0.999981999 0.002678022 -1.835566759 0.001488892 -0.002670077 0.999995351 71.781936646
0.999983609 0.005462703 -0.001700728 1.108234406 -0.005457079 0.999979615 0.003294100 -1.856359720 0.001718688 -0.003284765 0.999993205 72.326171875
0.999981642 0.005935621 -0.001233927 1.104816437 -0.005931873 0.999977767 0.003016987 -1.863704443 0.001251808 -0.003009612 0.999994695 72.844367981
0.999985278 0.005321420 -0.001094341 1.119313359 -0.005318314 0.999981880 0.002820771 -1.877614379 0.001109333 -0.002814910 0.999995470 73.391929626
0.999983072 0.005578231 -0.001634116 1.127140999 -0.005573819 0.999980867 0.002692010 -1.883987188 0.001649101 -0.002682857 0.999994993 73.911323547
0.999982774 0.005269250 -0.002561244 1.138535976 -0.005260796 0.999980748 0.003296251 -1.904528379 0.002578565 -0.003282720 0.999991238 74.472763062
0.999982715 0.005653549 -0.001583928 1.147997141 -0.005648247 0.999978483 0.003332596 -1.919859052 0.001602735 -0.003323592 0.999993205 75.002464294
0.999984145 0.005507437 -0.001174935 1.156270742 -0.005503464 0.999979198 0.003358130 -1.935173273 0.001193406 -0.003351611 0.999993622 75.543350220
0.999985754 0.005161963 -0.001325685 1.161646724 -0.005158241 0.999982774 0.002795637 -1.942459106 0.001340093 -0.002788759 0.999995232 76.103347778
0.999988794 0.004591859 -0.001131745 1.172187328 -0.004588527 0.999985218 0.002929771 -1.958235979 0.001145181 -0.002924545 0.999995112 76.649299622
0.999989331 0.004374346 -0.001463798 1.194696069 -0.004370223 0.999986470 0.002808347 -1.980259895 0.001476062 -0.002801920 0.999994993 77.179885864
0.999985754 0.004968327 -0.001944414 1.203521729 -0.004962245 0.999982834 0.003119345 -1.990399122 0.001959878 -0.003109652 0.999993265 77.741004944
0.999985635 0.005016567 -0.001884896 1.211552382 -0.005009698 0.999980867 0.003630803 -2.007726192 0.001903074 -0.003621308 0.999991655 78.275161743
0.999983847 0.005376450 -0.001827118 1.222954988 -0.005369908 0.999979258 0.003566320 -2.023047209 0.001846254 -0.003556451 0.999991953 78.829048157
0.999983490 0.005265867 -0.002297329 1.232566357 -0.005258611 0.999981225 0.003152335 -2.023023367 0.002313887 -0.003140203 0.999992311 79.363388062
0.999983430 0.005442357 -0.001873679 1.237805724 -0.005436255 0.999979973 0.003246175 -2.036849022 0.001891309 -0.003235935 0.999992907 79.913726807
0.999981284 0.005558511 -0.002547317 1.254417300 -0.005551124 0.999980330 0.002897696 -2.046258450 0.002563373 -0.002883501 0.999992549 80.463073730
0.999985337 0.005194664 -0.001513519 1.266293645 -0.005190033 0.999981880 0.003047795 -2.059444904 0.001529324 -0.003039895 0.999994218 81.015983582
0.999986053 0.005260643 -0.000528553 1.279622197 -0.005259116 0.999982119 0.002852595 -2.074218273 0.000543550 -0.002849776 0.999995768 81.561859131
0.999986947 0.004986167 0.001126830 1.287598133 -0.004989383 0.999983370 0.002869482 -2.085598946 -0.001112504 -0.002875067 0.999995232 82.109458923
0.999983370 0.005100810 0.002677865 1.298591495 -0.005109156 0.999982059 0.003119167 -2.103473186 -0.002661906 -0.003132797 0.999991536 82.659019470
0.999966800 0.005463963 0.006037133 1.314968348 -0.005478828 0.999981999 0.002448414 -2.114705086 -0.006023650 -0.002481410 0.999978721 83.206115723
0.999941945 0.005600812 0.009203102 1.343790531 -0.005627038 0.999980092 0.002826226 -2.118170977 -0.009187091 -0.002877848 0.999953628 83.710792542
0.999908149 0.005089105 0.012563688 1.352035761 -0.005125964 0.999982655 0.002903252 -2.139914274 -0.012548694 -0.002967386 0.999916852 84.280967712
0.999833286 0.004874565 0.017594323 1.377676725 -0.004925426 0.999983788 0.002848535 -2.155185223 -0.017580152 -0.002934720 0.999841094 84.831214905
0.999709964 0.004962669 0.023565572 1.406543255 -0.005028330 0.999983668 0.002727879 -2.171499729 -0.023551648 -0.002845583 0.999718606 85.375457764
0.999577940 0.005268160 0.028568894 1.435810685 -0.005341216 0.999982655 0.002481554 -2.180464029 -0.028555317 -0.002633099 0.999588728 85.909851074
0.999410033 0.004444706 0.034056790 1.476981997 -0.004521955 0.999987364 0.002191536 -2.190116644 -0.034046616 -0.002344246 0.999417484 86.453865051
0.999059141 0.005539733 0.043013085 1.495672226 -0.005639981 0.999981582 0.002209677 -2.203798771 -0.043000054 -0.002450191 0.999072075 86.991180420
0.998649657 0.006507880 0.051541664 1.538382292 -0.006649673 0.999974549 0.002580037 -2.219152927 -0.051523559 -0.002919289 0.998667598 87.551170349
0.998283446 0.005260411 0.058330830 1.585926771 -0.005427042 0.999981582 0.002698604 -2.233858347 -0.058315568 -0.003010536 0.998293579 88.075050354
0.997705936 0.004880139 0.067520037 1.642426968 -0.005033441 0.999985158 0.002100531 -2.243759871 -0.067508779 -0.002435570 0.997715592 88.616661072
0.996979892 0.004679531 0.077519298 1.711004734 -0.004914188 0.999983907 0.002836609 -2.269015789 -0.077504791 -0.003208987 0.996986747 89.130645752
0.996285379 0.004997964 0.085967101 1.768935680 -0.005223382 0.999983490 0.002397420 -2.277803183 -0.085953683 -0.002837554 0.996295035 89.717483521
0.995570838 0.004735169 0.093894266 1.837052345 -0.004934549 0.999985993 0.001891389 -2.287849903 -0.093883991 -0.002346338 0.995580375 90.268524170
0.994467318 0.004741022 0.104939818 1.912103176 -0.004958604 0.999986112 0.001812591 -2.297151327 -0.104929768 -0.002322918 0.994476914 90.803909302
0.993296206 0.004910632 0.115492642 1.997846603 -0.005191059 0.999984264 0.002127451 -2.315639734 -0.115480378 -0.002712718 0.993306041 91.355293274
0.992171884 0.004038026 0.124814495 2.080669403 -0.004342445 0.999988198 0.002167004 -2.328683615 -0.124804281 -0.002692041 0.992177665 91.910202026
0.990703344 0.003879623 0.135984495 2.169469833 -0.004223300 0.999988616 0.002238923 -2.336284161 -0.135974228 -0.002792412 0.990708470 92.462226868
0.989013076 0.003342639 0.147789270 2.277814865 -0.003696148 0.999990880 0.002117415 -2.353708744 -0.147780836 -0.002640402 0.989016593 93.000122070
0.987275839 0.003206029 0.158984229 2.380896568 -0.003602349 0.999991000 0.002204702 -2.370817423 -0.158975735 -0.002749366 0.987278581 93.547576904
0.985570014 0.002938603 0.169242263 2.489789009 -0.003346184 0.999992132 0.002123108 -2.382045507 -0.169234693 -0.002658788 0.985572219 94.082466125
0.983331382 0.003384316 0.181790665 2.611285210 -0.003873684 0.999989808 0.002336945 -2.399013758 -0.181780919 -0.003002191 0.983334541 94.611129761
0.980917215 0.002513359 0.194409445 2.738108635 -0.003037437 0.999992490 0.002397694 -2.413401127 -0.194401920 -0.002942446 0.980917513 95.149543762
0.978771925 0.002508081 0.204937369 2.866281509 -0.003072827 0.999992311 0.002437501 -2.425542831 -0.204929695 -0.003015495 0.978771985 95.672248840
0.976009071 0.002979233 0.217709541 3.006759644 -0.003636674 0.999989927 0.002619195 -2.446975946 -0.217699528 -0.003348096 0.976010084 96.200065613
0.973004997 0.001731804 0.230777472 3.170763016 -0.002427250 0.999993265 0.002729613 -2.460628748 -0.230771184 -0.003216082 0.973002732 96.732223511
0.970141768 0.001899767 0.242531091 3.300151825 -0.002715120 0.999991715 0.003027656 -2.472093105 -0.242523357 -0.003595757 0.970138907 97.271049500
0.967175543 0.001309604 0.254105806 3.466567993 -0.002205838 0.999992311 0.003242104 -2.495489120 -0.254099607 -0.003696200 0.967171013 97.789360046
0.963374853 0.001474266 0.268154293 3.639781952 -0.002366283 0.999992728 0.003003354 -2.503714561 -0.268147856 -0.003527885 0.963371336 98.322654724
0.959747136 0.001546661 0.280861109 3.796197891 -0.002483792 0.999992490 0.002980701 -2.511090517 -0.280854404 -0.003558320 0.959743798 98.826675415
0.956533372 0.001075086 0.291620791 3.985548019 -0.001950238 0.999994397 0.002710326 -2.519920349 -0.291616201 -0.003161248 0.956530094 99.348892212
0.952187121 0.001211133 0.305512935 4.168436050 -0.002198965 0.999993324 0.002889243 -2.532507896 -0.305507362 -0.003422912 0.952183485 99.866592407
0.947824419 0.001030646 0.318791181 4.373477936 -0.001739545 0.999996722 0.001939018 -2.540549278 -0.318788052 -0.002392401 0.947822988 100.380271912
0.943976641 0.000250620 0.330011994 4.576927185 -0.000814350 0.999998450 0.001569968 -2.547979116 -0.330011129 -0.001750759 0.943975389 100.896125793
0.939331710 -0.000254373 0.343009979 4.787771225 -0.000439458 0.999998033 0.001945042 -2.570520639 -0.343009800 -0.001977778 0.939329743 101.398399353
0.934317768 -0.001080911 0.356439561 5.013452530 0.000295953 0.999997497 0.002256749 -2.588792562 -0.356441081 -0.002003031 0.934315681 101.899627686
0.929419756 -0.001004269 0.369023025 5.229095459 0.000042994 0.999996603 0.002613130 -2.603063107 -0.369024396 -0.002412829 0.929416656 102.412734985
0.924608529 -0.001215718 0.380916774 5.447546005 0.000701593 0.999998629 0.001488560 -2.607794523 -0.380918056 -0.001109087 0.924608111 102.912498474
0.918442070 -0.001247914 0.395553529 5.682682037 0.000506490 0.999997914 0.001978821 -2.620452642 -0.395555288 -0.001617088 0.918440759 103.428970337
0.912565231 -0.001339547 0.408928931 5.886234283 0.000402054 0.999997079 0.002378513 -2.636104345 -0.408930928 -0.002006137 0.912563145 103.887458801
0.907597363 -0.002507012 0.419834256 6.139377594 0.001507141 0.999995172 0.002713266 -2.656525135 -0.419839025 -0.001829804 0.907596707 104.356628418
0.901349127 -0.002534806 0.433085769 6.411376953 0.001593242 0.999995530 0.002536974 -2.671670914 -0.433090210 -0.001596689 0.901349187 104.847488403
0.894469798 -0.002896588 0.447118968 6.650306702 0.002029586 0.999994993 0.002418082 -2.682177067 -0.447123647 -0.001255435 0.894471228 105.318099976
0.888712168 -0.002407323 0.458459169 6.962413788 0.001469615 0.999996006 0.002402065 -2.699963093 -0.458463043 -0.001460987 0.888712227 105.850723267
0.883336544 -0.003184224 0.468728513 7.241970062 0.002115025 0.999993801 0.002807436 -2.717719316 -0.468734533 -0.001488538 0.883337855 106.319374084
0.876048625 -0.002778766 0.482214719 7.524303436 0.002009987 0.999995708 0.002110901 -2.720307350 -0.482218564 -0.000880007 0.876050472 106.807876587
0.868162692 -0.004553455 0.496258765 7.764846802 0.003515424 0.999989271 0.003025531 -2.738180637 -0.496267200 -0.000882093 0.868169367 107.269210815
0.862358451 -0.004939808 0.506273985 8.057060242 0.003904375 0.999987602 0.003106568 -2.752158880 -0.506283104 -0.000702292 0.862367034 107.734367371
