1.000000000 0.000000000 0.000000000 0.000000000 0.000000000 1.000000000 0.000000000 0.000000000 0.000000000 0.000000000 1.000000000 0.000000000
1.000000000 0.000059758 0.000039208 -0.000654476 -0.000059761 1.000000000 0.000069217 0.000011554 -0.000039204 -0.000069219 1.000000000 -0.000095963
1.000000000 -0.000033983 0.000083794 -0.001003765 0.000033984 1.000000000 -0.000013818 0.000288698 -0.000083794 0.000013821 1.000000000 -0.000148782
1.000000000 0.000065026 0.000049498 -0.000271851 -0.000065027 1.000000000 0.000031618 -0.000120160 -0.000049496 -0.000031621 1.000000000 0.000198743
1.000000000 0.000077352 0.000187807 -0.001583871 -0.000077362 1.000000000 0.000056722 -0.000582183 -0.000187803 -0.000056737 1.000000000 -0.000120956
1.000000000 -0.000135231 -0.000004324 0.000023932 0.000135231 1.000000000 -0.000027851 0.000288502 0.000004327 0.000027850 1.000000000 0.000008117
1.000000000 0.000067369 0.000161530 -0.001833822 -0.000067379 1.000000000 0.000059093 -0.000387958 -0.000161526 -0.000059104 1.000000000 0.000005488
1.000000000 0.000050824 0.000075690 -0.001145570 -0.000050822 1.000000000 -0.000026742 -0.000202577 -0.000075691 0.000026738 1.000000000 -0.000956723
1.000000000 0.000067212 0.000154490 -0.001245462 -0.000067214 1.000000000 0.000008136 -0.000999697 -0.000154490 -0.000008146 1.000000000 -0.000797532
1.000000000 0.000103106 0.000141584 -0.001534015 -0.000103125 1.000000000 0.000132700 -0.001032991 -0.000141571 -0.000132715 1.000000000 0.000715373
1.000000000 0.000057249 0.000143677 -0.001316348 -0.000057257 1.000000000 0.000054925 -0.000202228 -0.000143674 -0.000054933 1.000000000 -0.000427562
1.000000000 0.000113199 0.000139665 -0.001428211 -0.000113208 1.000000000 0.000063347 -0.001110179 -0.000139658 -0.000063363 1.000000000 -0.000852175
1.000000000 0.000046121 0.000131129 -0.000880998 -0.000046127 1.000000000 0.000043825 -0.000169765 -0.000131127 -0.000043831 1.000000000 0.000064784
1.000000000 0.000157212 0.000112473 -0.001377092 -0.000157199 1.000000000 -0.000117445 0.000946466 -0.000112491 0.000117427 1.000000000 0.000150912
1.000000000 0.000099660 0.000096539 -0.001094670 -0.000099660 1.000000000 0.000004923 0.000545557 -0.000096538 -0.000004933 1.000000000 0.000159387
0.999999940 0.000261566 0.000197052 -0.001931643 -0.000261552 0.999999940 -0.000070838 0.001467161 -0.000197071 0.000070787 1.000000000 0.001368944
0.999999881 0.000381666 0.000204532 -0.002662327 -0.000381660 0.999999940 -0.000028305 0.000855428 -0.000204543 0.000028227 1.000000000 0.002022634
0.999999940 0.000230951 0.000246065 -0.002180019 -0.000230952 1.000000000 0.000004534 0.001265090 -0.000246064 -0.000004591 0.999999940 0.002123658
0.999999940 0.000187879 0.000257396 -0.002204477 -0.000187858 1.000000000 -0.000081309 0.000922267 -0.000257411 0.000081260 0.999999940 0.000872683
0.999999940 0.000247189 0.000235534 -0.002464271 -0.000247192 0.999999940 0.000011525 0.000293469 -0.000235531 -0.000011583 1.000000000 0.001578038
0.999999940 0.000360695 0.000208099 -0.002275106 -0.000360677 0.999999940 -0.000084577 0.001487308 -0.000208130 0.000084502 1.000000000 0.001288503
0.999999940 0.000290452 0.000197411 -0.002215225 -0.000290443 0.999999940 -0.000046601 0.000764303 -0.000197424 0.000046543 1.000000000 0.001829214
0.999999940 0.000180160 0.000193285 -0.002301471 -0.000180160 1.000000000 -0.000001556 0.000456248 -0.000193285 0.000001521 1.000000000 0.000746887
0.999999940 0.000381894 0.000176826 -0.002147794 -0.000381893 0.999999940 -0.000002415 0.001476728 -0.000176827 0.000002348 1.000000000 0.002370358
0.999999881 0.000350383 0.000249191 -0.002154780 -0.000350390 0.999999940 0.000026474 0.000933184 -0.000249182 -0.000026562 0.999999940 0.001973280
0.999999940 0.000310145 0.000280717 -0.002493972 -0.000310129 0.999999940 -0.000056308 0.002451483 -0.000280734 0.000056221 0.999999940 0.002668621
0.999999940 0.000348658 0.000232083 -0.002070730 -0.000348670 0.999999940 0.000053500 0.001251142 -0.000232064 -0.000053581 1.000000000 0.002276696
0.999999881 0.000418619 0.000160492 -0.002185548 -0.000418600 0.999999881 -0.000120266 0.002128969 -0.000160542 0.000120199 1.000000000 0.001101762
0.999999940 0.000392404 0.000139830 -0.001876658 -0.000392390 0.999999940 -0.000098937 0.002102179 -0.000139869 0.000098882 1.000000000 0.000505949
0.999999881 0.000413298 0.000272665 -0.002408043 -0.000413287 0.999999940 -0.000039551 0.000542038 -0.000272681 0.000039439 0.999999940 0.001020050
0.999999881 0.000385451 0.000316055 -0.002725526 -0.000385443 0.999999940 -0.000024432 0.001793634 -0.000316064 0.000024310 0.999999940 0.002326944
0.999999881 0.000380446 0.000206830 -0.001710176 -0.000380429 0.999999940 -0.000086802 0.002270014 -0.000206863 0.000086723 1.000000000 0.002630754
0.999999881 0.000447110 0.000257843 -0.002237721 -0.000447114 0.999999881 0.000013576 0.000219452 -0.000257837 -0.000013691 0.999999940 0.000292404
0.999999881 0.000449431 0.000307243 -0.003124925 -0.000449426 0.999999881 -0.000016626 0.001235343 -0.000307250 0.000016488 0.999999940 0.002459074
0.999999881 0.000425349 0.000234036 -0.001519970 -0.000425322 0.999999881 -0.000115196 0.001599260 -0.000234085 0.000115097 0.999999940 0.001445409
0.999999940 0.000344420 0.000233900 -0.002141860 -0.000344413 0.999999940 -0.000031861 0.001421266 -0.000233911 0.000031780 1.000000000 0.001798509
0.999999881 0.000458691 0.000205406 -0.002468272 -0.000458673 0.999999881 -0.000087538 0.002781292 -0.000205446 0.000087444 1.000000000 0.001967526
0.999999821 0.000528641 0.000326472 -0.003190743 -0.000528626 0.999999881 -0.000046338 0.002068774 -0.000326496 0.000046165 0.999999940 0.002478779
0.999999881 0.000447092 0.000216450 -0.001343590 -0.000447089 0.999999881 -0.000016382 0.001929655 -0.000216457 0.000016285 1.000000000 0.001065132
0.999999940 0.000320859 0.000218386 -0.001552236 -0.000320842 0.999999940 -0.000081703 0.000713733 -0.000218413 0.000081633 1.000000000 0.000550897
0.999999940 0.000384279 -0.000044086 -0.000340627 -0.000384266 0.999999821 0.000312765 -0.010933097 0.000044206 -0.000312748 0.999999881 0.046636410
1.000000000 0.000204511 -0.000136549 0.002047986 -0.000204549 0.999999881 -0.000277831 -0.012164782 0.000136493 0.000277859 0.999999940 0.138229325
0.999997139 0.001433482 -0.001914628 0.008372954 -0.001434558 0.999998808 -0.000560675 -0.020623827 0.001913822 0.000563421 0.999998033 0.240094259
0.999997139 0.001467491 -0.001881852 0.011317165 -0.001468469 0.999998748 -0.000518587 -0.023696059 0.001881089 0.000521349 0.999998093 0.372226357
0.999996960 0.001472233 -0.001980104 0.012891222 -0.001472819 0.999998868 -0.000294440 -0.027335132 0.001979669 0.000297356 0.999997973 0.514376223
0.999996006 0.001740035 -0.002229840 0.017393213 -0.001740077 0.999998450 -0.000016920 -0.030714015 0.002229808 0.000020800 0.999997437 0.668155611
0.999996126 0.001577442 -0.002275040 0.022905856 -0.001576880 0.999998748 0.000248930 -0.034762636 0.002275430 -0.000245341 0.999997377 0.829425156
0.999995887 0.001791805 -0.002219175 0.020020816 -0.001792018 0.999998391 -0.000094072 -0.035952676 0.002219002 0.000098049 0.999997556 1.005548477
0.999995708 0.001896891 -0.002237045 0.023944456 -0.001896649 0.999998212 0.000110289 -0.041110851 0.002237251 -0.000106046 0.999997556 1.180477023
0.999995828 0.001832978 -0.002223043 0.027126193 -0.001831698 0.999998152 0.000577763 -0.049681999 0.002224098 -0.000573689 0.999997318 1.356605649
0.999994636 0.002106995 -0.002523351 0.029415600 -0.002105919 0.999997735 0.000429086 -0.051862504 0.002524249 -0.000423770 0.999996722 1.549535036
0.999997795 0.001449791 -0.001465564 0.027454786 -0.001448212 0.999998391 0.001077666 -0.063981250 0.001467124 -0.001075541 0.999998271 1.748764038
0.999997914 0.001470845 -0.001387411 0.027830228 -0.001469100 0.999998093 0.001258021 -0.070601292 0.001389259 -0.001255980 0.999998271 1.947682858
0.999997735 0.001375570 -0.001595266 0.034785289 -0.001373558 0.999998271 0.001261459 -0.078027554 0.001596999 -0.001259265 0.999997854 2.157374620
0.999998093 0.001389152 -0.001389884 0.038227744 -0.001387539 0.999998331 0.001160825 -0.080990441 0.001391494 -0.001158895 0.999998271 2.378842592
0.999997497 0.001943456 -0.001140774 0.039628346 -0.001942288 0.999997616 0.001023999 -0.086138994 0.001142762 -0.001021781 0.999998748 2.602142572
0.999998510 0.001416129 -0.000987840 0.041392285 -0.001414920 0.999998212 0.001223930 -0.094080374 0.000989571 -0.001222530 0.999998748 2.828639984
0.999998748 0.001375344 -0.000789111 0.046389800 -0.001374333 0.999998212 0.001279678 -0.097297072 0.000790869 -0.001278592 0.999998868 3.072847128
0.999998808 0.001340079 -0.000740574 0.047675621 -0.001338884 0.999997795 0.001611467 -0.109393850 0.000742732 -0.001610474 0.999998391 3.294880629
0.999999523 0.000757174 -0.000608330 0.054355945 -0.000756151 0.999998331 0.001680446 -0.120184489 0.000609602 -0.001679985 0.999998391 3.539245844
0.999999225 0.001087110 -0.000600025 0.058652394 -0.001086174 0.999998271 0.001558212 -0.124576040 0.000601718 -0.001557559 0.999998629 3.799558878
0.999998808 0.001528635 -0.000156609 0.055045009 -0.001528417 0.999997795 0.001384267 -0.129564419 0.000158725 -0.001384026 0.999999046 4.055875778
0.999998391 0.001813631 -0.000191846 0.060682777 -0.001813364 0.999997377 0.001381537 -0.133407876 0.000194351 -0.001381187 0.999999046 4.316330433
0.999999046 0.001363989 -0.000015738 0.064412341 -0.001363968 0.999998271 0.001235983 -0.140721783 0.000017424 -0.001235960 0.999999225 4.572454929
0.999998808 0.001586614 0.000405773 0.063624471 -0.001587371 0.999996960 0.001873695 -0.151763782 -0.000402799 -0.001874337 0.999998093 4.825828552
0.999998450 0.001749550 0.000451731 0.069254749 -0.001750597 0.999995768 0.002328760 -0.161203891 -0.000447654 -0.002329547 0.999997139 5.085615635
0.999997437 0.002227564 0.000334816 0.072976425 -0.002228146 0.999995947 0.001748673 -0.164829358 -0.000330920 -0.001749415 0.999998391 5.348216057
0.999998152 0.001838793 0.000430840 0.078303330 -0.001839485 0.999996960 0.001612710 -0.167989075 -0.000427874 -0.001613499 0.999998569 5.612391472
0.999998868 0.001470752 0.000383744 0.083249383 -0.001471452 0.999997199 0.001829594 -0.177022219 -0.000381052 -0.001830157 0.999998212 5.879405022
0.999998391 0.001758966 0.000576207 0.086040981 -0.001760050 0.999996662 0.001886206 -0.186762765 -0.000572887 -0.001887216 0.999998033 6.159275532
0.999999166 0.001077742 0.000749148 0.096594699 -0.001078978 0.999998033 0.001651822 -0.188330293 -0.000747366 -0.001652629 0.999998331 6.443050385
0.999998212 0.001790351 0.000634354 0.097949207 -0.001791383 0.999997079 0.001629963 -0.196298420 -0.000631434 -0.001631097 0.999998450 6.734680653
0.999997497 0.002050626 0.000883409 0.101638287 -0.002051912 0.999996841 0.001458484 -0.202605635 -0.000880415 -0.001460293 0.999998569 7.035591602
0.999997735 0.001999930 0.000717285 0.108707696 -0.002001182 0.999996543 0.001750091 -0.213211969 -0.000713782 -0.001751523 0.999998212 7.332989216
0.999997616 0.002005507 0.000854579 0.111655861 -0.002007121 0.999996185 0.001891144 -0.228402629 -0.000850783 -0.001892855 0.999997854 7.640982151
0.999998391 0.001652472 0.000790726 0.118414454 -0.001654013 0.999996781 0.001951732 -0.235706851 -0.000787498 -0.001953036 0.999997795 7.946017265
0.999994814 0.002769692 0.001656929 0.116301812 -0.002772747 0.999994397 0.001844588 -0.242223188 -0.001651810 -0.001849173 0.999996901 8.277956963
0.999996066 0.002316803 0.001626991 0.124819860 -0.002319670 0.999995768 0.001762440 -0.249790311 -0.001622900 -0.001766206 0.999997079 8.596852303
0.999995112 0.002550664 0.001774036 0.128820568 -0.002553031 0.999995768 0.001333526 -0.254080623 -0.001770628 -0.001338048 0.999997556 8.947962761
0.999995530 0.002554358 0.001539729 0.139523104 -0.002556563 0.999995708 0.001431685 -0.267238408 -0.001536065 -0.001435615 0.999997854 9.287301064
0.999994755 0.002652501 0.001845568 0.140179649 -0.002654929 0.999995530 0.001314059 -0.277832150 -0.001842074 -0.001318952 0.999997377 9.624598503
0.999995172 0.002474433 0.001873008 0.149397776 -0.002477813 0.999995232 0.001804295 -0.289535969 -0.001868535 -0.001808927 0.999996543 9.971151352
0.999994755 0.002893844 0.001446913 0.159586027 -0.002896003 0.999994695 0.001492557 -0.300684303 -0.001442586 -0.001496740 0.999997854 10.334556580
0.999992967 0.003319486 0.001729771 0.167521328 -0.003322524 0.999992967 0.001756460 -0.311100781 -0.001723928 -0.001762195 0.999996960 10.698807716
0.999994874 0.002837995 0.001490495 0.176034480 -0.002840354 0.999994755 0.001583049 -0.317018509 -0.001485994 -0.001587274 0.999997675 11.069841385
0.999994099 0.003028390 0.001604274 0.187911376 -0.003031007 0.999994099 0.001630948 -0.329642564 -0.001599325 -0.001635801 0.999997377 11.435235977
0.999992549 0.003309286 0.001982337 0.195473388 -0.003312605 0.999993086 0.001673298 -0.337969422 -0.001976785 -0.001679853 0.999996662 11.822443008
0.999990344 0.003681963 0.002393813 0.196547925 -0.003686733 0.999991238 0.001991229 -0.354343206 -0.002386460 -0.002000035 0.999995172 12.199419975
0.999991000 0.003316831 0.002613008 0.209805399 -0.003323083 0.999991715 0.002392076 -0.371713936 -0.002605052 -0.002400738 0.999993742 12.582094193
0.999990642 0.003479948 0.002575663 0.210425690 -0.003485678 0.999991417 0.002223526 -0.378658116 -0.002567903 -0.002232483 0.999994218 12.973722458
0.999991953 0.003250584 0.002358774 0.224091530 -0.003255767 0.999992251 0.002196778 -0.391651094 -0.002351615 -0.002204440 0.999994755 13.379701614
0.999990523 0.003379671 0.002722970 0.231681421 -0.003385583 0.999991894 0.002169482 -0.400043041 -0.002715616 -0.002178681 0.999993920 13.792142868
0.999990225 0.003456738 0.002748537 0.246420920 -0.003463532 0.999990940 0.002470947 -0.412000090 -0.002739971 -0.002480443 0.999993086 14.199925423
0.999989271 0.003456788 0.003066454 0.254722446 -0.003464606 0.999990761 0.002547686 -0.425465703 -0.003057619 -0.002558283 0.999992013 14.618117332
0.999990106 0.003050771 0.003228388 0.268853664 -0.003057877 0.999993026 0.002198475 -0.433299303 -0.003221658 -0.002208326 0.999992311 15.046870232
0.999986827 0.003593979 0.003665454 0.282243073 -0.003602839 0.999990582 0.002413467 -0.445856512 -0.003656747 -0.002426642 0.999990284 15.495524406
0.999984562 0.003422833 0.004371745 0.289574027 -0.003430459 0.999992549 0.001738252 -0.453249514 -0.004365764 -0.001753222 0.999988914 15.938545227
0.999981761 0.004266883 0.004299070 0.303709626 -0.004277150 0.999988019 0.002381624 -0.470084906 -0.004288856 -0.002399968 0.999987900 16.373806000
0.999982238 0.004303856 0.004119003 0.313551545 -0.004314752 0.999987185 0.002639869 -0.486153781 -0.004107589 -0.002657594 0.999988019 16.817394257
0.999977767 0.004427409 0.004969534 0.324654549 -0.004438976 0.999987423 0.002319051 -0.493171930 -0.004959205 -0.002341059 0.999984980 17.273735046
0.999976695 0.004338827 0.005270598 0.332625657 -0.004353543 0.999986649 0.002783785 -0.508805931 -0.005258450 -0.002806666 0.999982238 17.740283966
0.999975801 0.004158406 0.005577278 0.345044732 -0.004169594 0.999989271 0.001995898 -0.515338123 -0.005568919 -0.002019105 0.999982476 18.209516525
0.999972284 0.004479104 0.005948722 0.358195603 -0.004493291 0.999987006 0.002373614 -0.528259039 -0.005938013 -0.002400277 0.999979496 18.672082901
0.999969065 0.004941625 0.006119837 0.370876551 -0.004958135 0.999984145 0.002685549 -0.539412737 -0.006106469 -0.002715809 0.999977648 19.151140213
0.999960661 0.006047939 0.006488582 0.386206388 -0.006062230 0.999979258 0.002185009 -0.553414583 -0.006475233 -0.002224258 0.999976575 19.624114990
0.999960005 0.006374115 0.006275618 0.392815948 -0.006390480 0.999976277 0.002591201 -0.569388032 -0.006258953 -0.002631201 0.999976933 20.107812881
0.999957800 0.005830219 0.007098646 0.412317574 -0.005846821 0.999980330 0.002320254 -0.586112976 -0.007084978 -0.002361662 0.999972105 20.579549789
0.999971688 0.005030468 0.005597510 0.431289434 -0.005042954 0.999984860 0.002218639 -0.599628031 -0.005586264 -0.002246804 0.999981880 21.079456329
0.999965310 0.005828127 0.005947710 0.445022345 -0.005844127 0.999979317 0.002676345 -0.611597419 -0.005931990 -0.002711011 0.999978662 21.589492798
0.999965131 0.006118437 0.005680348 0.455585539 -0.006131834 0.999978423 0.002344002 -0.623283207 -0.005665884 -0.002378751 0.999981105 22.103013992
0.999967396 0.006198454 0.005178998 0.470396459 -0.006208788 0.999978721 0.001981739 -0.633455992 -0.005166604 -0.002013830 0.999984622 22.624288559
0.999972045 0.005794140 0.004723734 0.483461082 -0.005805629 0.999980211 0.002422201 -0.648745596 -0.004709606 -0.002449557 0.999985933 23.129291534
0.999981046 0.004983911 0.003605631 0.508584917 -0.004994184 0.999983430 0.002845447 -0.669619799 -0.003591390 -0.002863400 0.999989450 23.643260956
0.999985516 0.004119147 0.003450802 0.510708928 -0.004128470 0.999987781 0.002698592 -0.688538671 -0.003439644 -0.002712799 0.999990404 24.162065506
0.999983668 0.005040289 0.002695995 0.530071378 -0.005047577 0.999983609 0.002703473 -0.699738443 -0.002682325 -0.002717037 0.999992728 24.708950043
0.999986708 0.004822327 0.001808574 0.545076191 -0.004827734 0.999983847 0.002998117 -0.713122845 -0.001794087 -0.003006808 0.999993861 25.257047653
0.999985814 0.005120619 0.001406125 0.553418696 -0.005125107 0.999981701 0.003206460 -0.728237569 -0.001389680 -0.003213621 0.999993801 25.791511536
0.999985158 0.005356640 0.001007296 0.562307239 -0.005359888 0.999980330 0.003249245 -0.743256271 -0.000989872 -0.003254595 0.999994218 26.353931427
0.999987841 0.004902543 0.000453364 0.581164896 -0.004904068 0.999982238 0.003426785 -0.752594471 -0.000436555 -0.003428967 0.999993980 26.912096024
0.999987066 0.005078788 -0.000136488 0.591697931 -0.005078263 0.999980569 0.003617768 -0.773104906 0.000154859 -0.003617029 0.999993443 27.475076675
0.999985158 0.005419755 -0.000517145 0.603232861 -0.005417848 0.999978781 0.003622726 -0.784653902 0.000536769 -0.003619870 0.999993324 28.038276672
0.999985099 0.005435400 -0.000531734 0.615211129 -0.005433236 0.999977291 0.003990214 -0.806398273 0.000553411 -0.003987266 0.999991894 28.579769135
0.999984145 0.005596946 -0.000606682 0.622076273 -0.005594163 0.999974191 0.004495137 -0.827425778 0.000631825 -0.004491672 0.999989688 29.136947632
0.999982834 0.005735616 -0.001219994 0.633557558 -0.005730612 0.999975324 0.004066473 -0.834705949 0.001243288 -0.004059412 0.999991000 29.689071655
0.999983191 0.005606422 -0.001473129 0.638409734 -0.005600207 0.999975562 0.004189698 -0.846554160 0.001496583 -0.004181378 0.999990106 30.239879608
0.999983668 0.005366999 -0.002034201 0.654124737 -0.005358283 0.999976456 0.004266135 -0.863373041 0.002057050 -0.004255165 0.999988794 30.782920837
0.999981046 0.005706008 -0.002320616 0.667436600 -0.005696698 0.999975741 0.003998895 -0.870548427 0.002343377 -0.003985599 0.999989271 31.334539413
0.999972761 0.006785373 -0.002924968 0.674507499 -0.006774291 0.999969959 0.003782230 -0.880314827 0.002950544 -0.003762313 0.999988556 31.888174057
0.999981046 0.005135439 -0.003397418 0.692309141 -0.005120767 0.999977708 0.004313168 -0.896197617 0.003419492 -0.004295689 0.999984920 32.440967560
0.999975562 0.005876844 -0.003785241 0.688681960 -0.005862086 0.999975204 0.003898158 -0.889720917 0.003808057 -0.003875873 0.999985278 33.041004181
0.999981523 0.004335849 -0.004264515 0.705455005 -0.004319970 0.999983728 0.003725222 -0.921595454 0.004280599 -0.003706731 0.999983966 33.547508240
0.999978602 0.004554628 -0.004699348 0.719059467 -0.004535840 0.999981701 0.004001032 -0.938521862 0.004717486 -0.003979631 0.999980867 34.093616486
0.999979734 0.003925073 -0.005005938 0.722602010 -0.003904555 0.999983966 0.004101906 -0.950453341 0.005021959 -0.004082276 0.999979079 34.633445740
0.999978125 0.004049598 -0.005230636 0.732354820 -0.004027853 0.999983191 0.004161501 -0.968708217 0.005247402 -0.004140341 0.999977708 35.165962219
0.999975741 0.004941280 -0.004905401 0.725179493 -0.004922739 0.999980688 0.003784623 -0.973511934 0.004924007 -0.003760383 0.999980807 35.723342896
0.999970734 0.003957608 -0.006550676 0.764015794 -0.003932031 0.999984562 0.003912740 -0.987286568 0.006566061 -0.003886868 0.999970913 36.314628601
0.999980450 0.003916350 -0.004898719 0.733138204 -0.003899654 0.999986708 0.003413067 -0.996391714 0.004912021 -0.003393897 0.999982119 36.861366272
0.999978125 0.003985375 -0.005266263 0.743041456 -0.003965363 0.999984920 0.003804898 -1.012413025 0.005281348 -0.003783932 0.999978900 37.405712128
0.999977589 0.004263908 -0.005146928 0.749205530 -0.004246504 0.999985278 0.003387716 -1.022284031 0.005161297 -0.003365784 0.999980986 37.961223602
0.999977827 0.003597674 -0.005603461 0.760762572 -0.003578582 0.999987721 0.003413644 -1.037500024 0.005615673 -0.003393516 0.999978483 38.505207062
0.999978125 0.003580067 -0.005564803 0.764902949 -0.003561327 0.999987900 0.003373940 -1.049235821 0.005576815 -0.003354048 0.999978840 39.056373596
0.999975026 0.004374255 -0.005535912 0.773104370 -0.004359070 0.999986708 0.002751936 -1.057586312 0.005547875 -0.002727736 0.999980867 39.604362488
0.999974787 0.004794047 -0.005240531 0.780910730 -0.004777516 0.999983609 0.003162398 -1.077806473 0.005255607 -0.003137282 0.999981284 40.152145386
0.999971628 0.004962896 -0.005662794 0.787186027 -0.004947783 0.999984145 0.002679765 -1.090136409 0.005676004 -0.002651670 0.999980390 40.701057434
0.999971092 0.005143832 -0.005595666 0.795066416 -0.005129722 0.999983668 0.002533215 -1.102294445 0.005608606 -0.002504438 0.999981165 41.252174377
0.999971151 0.004700912 -0.005954507 0.800741673 -0.004682416 0.999984205 0.003116188 -1.119695902 0.005969062 -0.003088217 0.999977350 41.783256531
0.999970317 0.005748450 -0.005106431 0.810125828 -0.005736412 0.999980807 0.002368761 -1.124050975 0.005119950 -0.002339399 0.999984205 42.364124298
0.999969959 0.005175962 -0.005758698 0.812548220 -0.005161547 0.999983430 0.002515183 -1.143602610 0.005771623 -0.002485383 0.999980271 42.891998291
0.999973655 0.004688045 -0.005535236 0.803935111 -0.004673121 0.999985397 0.002706312 -1.162220359 0.005547842 -0.002680374 0.999980986 43.420303345
0.999970198 0.005455886 -0.005462043 0.801603615 -0.005444927 0.999983072 0.002019610 -1.171594143 0.005472970 -0.001989810 0.999983072 43.947433472
0.999970138 0.005884422 -0.005011775 0.809943199 -0.005872363 0.999979794 0.002417762 -1.186005473 0.005025900 -0.002388258 0.999984562 44.493595123
0.999966621 0.006222726 -0.005294052 0.823812068 -0.006211677 0.999978483 0.002100798 -1.196131349 0.005307012 -0.002067844 0.999983788 45.034011841
0.999967694 0.006166286 -0.005146542 0.831355155 -0.006157002 0.999979377 0.001817710 -1.212202072 0.005157644 -0.001785964 0.999985099 45.576416016
0.999966562 0.006442622 -0.005016128 0.838912070 -0.006433857 0.999977708 0.001761496 -1.225972891 0.005027364 -0.001729164 0.999985874 46.118419647
0.999966085 0.006836582 -0.004597291 0.836961865 -0.006828230 0.999975026 0.001830125 -1.243985772 0.004609688 -0.001798671 0.999987781 46.651138306
0.999962509 0.007253916 -0.004726886 0.848108172 -0.007245336 0.999972105 0.001829833 -1.254186749 0.004740028 -0.001795517 0.999987066 47.203681946
0.999962866 0.007140614 -0.004830162 0.854424179 -0.007131127 0.999972641 0.001978629 -1.271141291 0.004844158 -0.001944111 0.999986351 47.753471375
0.999963284 0.007149848 -0.004726291 0.861761451 -0.007144396 0.999973834 0.001169287 -1.282256126 0.004734527 -0.001135478 0.999988079 48.296279907
0.999962687 0.007327628 -0.004565453 0.867894709 -0.007318651 0.999971211 0.001979906 -1.299860477 0.004579830 -0.001946419 0.999987602 48.834506989
0.999962509 0.007346832 -0.004580867 0.869621336 -0.007338477 0.999971390 0.001837895 -1.315504789 0.004594239 -0.001804210 0.999987841 49.381748199
0.999959648 0.008024062 -0.004029772 0.871428311 -0.008016355 0.999966025 0.001925300 -1.331123590 0.004045084 -0.001892919 0.999990046 49.928382874
0.999961138 0.007744562 -0.004247512 0.876896799 -0.007736015 0.999967992 0.002025184 -1.347122669 0.004263060 -0.001992246 0.999988914 50.474357605
0.999965966 0.007335167 -0.003791835 0.880773067 -0.007327136 0.999970853 0.002127724 -1.365079284 0.003807333 -0.002099868 0.999990523 51.001117706
0.999958634 0.008225890 -0.003877486 0.889782667 -0.008218474 0.999964356 0.001924480 -1.379158139 0.003893179 -0.001892534 0.999990642 51.551544189
0.999964535 0.007703899 -0.003385241 0.888686419 -0.007696568 0.999967992 0.002172866 -1.385720611 0.003401872 -0.002146734 0.999991894 52.111026764
0.999961436 0.007844226 -0.003931007 0.904500484 -0.007835681 0.999966919 0.002184205 -1.413149834 0.003948010 -0.002153319 0.999989867 52.635391235
0.999958277 0.008216131 -0.003990023 0.911630034 -0.008207365 0.999963820 0.002208770 -1.429247022 0.004008026 -0.002175930 0.999989569 53.174980164
0.999954104 0.008859679 -0.003643131 0.914816380 -0.008851605 0.999958336 0.002226855 -1.447291136 0.003662709 -0.002194505 0.999990880 53.714744568
0.999953866 0.008992325 -0.003374638 0.918460011 -0.008986231 0.999957919 0.001816830 -1.461796522 0.003390834 -0.001786422 0.999992669 54.256866455
0.999952734 0.009247691 -0.003000995 0.920848787 -0.009241705 0.999955297 0.002003108 -1.482460976 0.003019385 -0.001975279 0.999993503 54.793773651
0.999950886 0.009329048 -0.003350692 0.929346800 -0.009323345 0.999955118 0.001713518 -1.496361494 0.003366527 -0.001682194 0.999992907 55.342304230
0.999953389 0.009139163 -0.003104127 0.939524770 -0.009132769 0.999956131 0.002067814 -1.520051599 0.003122890 -0.002039368 0.999992967 55.893096924
0.999951005 0.009319817 -0.003328582 0.944574475 -0.009312709 0.999954343 0.002144518 -1.538275361 0.003348416 -0.002113415 0.999992132 56.432521820
0.999952972 0.009170272 -0.003156558 0.953785121 -0.009163141 0.999955475 0.002266484 -1.563103557 0.003177203 -0.002237453 0.999992430 56.977382660
0.999949753 0.009537104 -0.003070302 0.962960064 -0.009529943 0.999951839 0.002337724 -1.582638741 0.003092449 -0.002308346 0.999992490 57.521430969
0.999949098 0.009603142 -0.003067291 0.976490617 -0.009594098 0.999949574 0.002949940 -1.614726067 0.003095465 -0.002920362 0.999990940 58.079929352
0.999952972 0.009229732 -0.002952348 0.984956503 -0.009221176 0.999953270 0.002897546 -1.635140657 0.002978954 -0.002870186 0.999991357 58.592029572
0.999952316 0.009184381 -0.003318370 0.992864311 -0.009175255 0.999954104 0.002754975 -1.642772675 0.003343518 -0.002724396 0.999990702 59.137798309
0.999956489 0.008713203 -0.003349002 1.000522375 -0.008705730 0.999959588 0.002239292 -1.661265492 0.003368378 -0.002210039 0.999991894 59.676731110
0.999953330 0.009151826 -0.003102815 0.998414576 -0.009144030 0.999954998 0.002518062 -1.680432558 0.003125720 -0.002489572 0.999992013 60.216876984
0.999951780 0.009233267 -0.003318273 1.003617883 -0.009225974 0.999954939 0.002206484 -1.684151411 0.003338498 -0.002175763 0.999992013 60.772403717
0.999954522 0.009023244 -0.003080413 1.005574346 -0.009017903 0.999957800 0.001742801 -1.700790644 0.003096009 -0.001714943 0.999993682 61.295406342
0.999954879 0.009042869 -0.002906781 1.012834430 -0.009037324 0.999957323 0.001915445 -1.713158965 0.002923979 -0.001889089 0.999993920 61.835983276
0.999946594 0.009994451 -0.002627379 1.004636645 -0.009987474 0.999946594 0.002655154 -1.764186978 0.002653775 -0.002628772 0.999993026 62.456478119
0.999948680 0.009826712 -0.002453622 1.015220523 -0.009819148 0.999947071 0.003075252 -1.799164653 0.002483712 -0.003051002 0.999992251 62.901317596
0.999944210 0.010242716 -0.002570293 1.024552345 -0.010235905 0.999944091 0.002648757 -1.804517746 0.002597280 -0.002622300 0.999993205 63.453350067
0.999943316 0.010364273 -0.002413288 1.024500847 -0.010357583 0.999942541 0.002767792 -1.824948788 0.002441835 -0.002742640 0.999993265 63.987987518
0.999944150 0.010214699 -0.002707443 1.033193588 -0.010207155 0.999943972 0.002785387 -1.838792920 0.002735742 -0.002757597 0.999992430 64.515098572
0.999940276 0.010703360 -0.002221453 1.027292728 -0.010697001 0.999938726 0.002854960 -1.852765441 0.002251876 -0.002831026 0.999993443 65.043045044
0.999944389 0.010324408 -0.002120881 1.028916717 -0.010319335 0.999943912 0.002388648 -1.858955622 0.002145423 -0.002366629 0.999994874 65.575141907
0.999944985 0.010256637 -0.002186644 1.038561463 -0.010251381 0.999944627 0.002400863 -1.873677254 0.002211148 -0.002378315 0.999994695 66.119338989
0.999942482 0.010529106 -0.002047314 1.029234171 -0.010524859 0.999942422 0.002074455 -1.887083769 0.002069039 -0.002052788 0.999995768 66.648155212
0.999938786 0.010910906 -0.001799029 1.023127317 -0.010906584 0.999937654 0.002394458 -1.912026048 0.001825042 -0.002374690 0.999995530 67.161331177
0.999938369 0.010954266 -0.001795520 1.027379274 -0.010950504 0.999937952 0.002091647 -1.921488762 0.001818321 -0.002071857 0.999996185 67.699783325
0.999933124 0.011547250 -0.000835999 1.017744064 -0.011545663 0.999931693 0.001878114 -1.937590957 0.000857629 -0.001868336 0.999997914 68.229270935
0.999934375 0.011440019 -0.000603174 1.015959501 -0.011439130 0.999933422 0.001462715 -1.947800517 0.000619868 -0.001455720 0.999998689 68.776542664
0.999921262 0.012547252 0.000282510 0.983267605 -0.012547722 0.999919772 0.001723620 -1.964268088 -0.000260862 -0.001727029 0.999998450 69.308044434
0.999924362 0.012296752 -0.000084893 1.010570526 -0.012296611 0.999923229 0.001515520 -1.975156665 0.000103523 -0.001514361 0.999998868 69.827941895
0.999922574 0.012438302 0.000215558 1.017054915 -0.012438655 0.999921203 0.001716288 -1.990404129 -0.000194193 -0.001718837 0.999998510 70.382499695
0.999928832 0.011927415 -0.000196114 1.030603051 -0.011927091 0.999927580 0.001582869 -2.002839327 0.000214980 -0.001580417 0.999998748 70.902244568
0.999934196 0.011463763 -0.000447030 1.042386770 -0.011463249 0.999933660 0.001136120 -2.012853622 0.000460025 -0.001130921 0.999999225 71.439727783
0.999931931 0.011662909 -0.000223026 1.049515843 -0.011662576 0.999930978 0.001436607 -2.029085875 0.000239766 -0.001433908 0.999998927 71.973922729
0.999924898 0.012255081 -0.000132076 1.055976152 -0.012254960 0.999924541 0.000884273 -2.041344166 0.000142903 -0.000882588 0.999999583 72.512794495
0.999932289 0.011634964 -0.000285410 1.071869612 -0.011634678 0.999931812 0.000982437 -2.054881096 0.000296821 -0.000979050 0.999999404 73.052795410
0.999920845 0.012577151 -0.000144075 1.075927019 -0.012576974 0.999920130 0.001178849 -2.068503618 0.000158890 -0.001176944 0.999999285 73.583671570
0.999931276 0.011719812 0.000005560 1.086045265 -0.011719811 0.999930918 0.000914203 -2.082818031 0.000005155 -0.000914205 0.999999583 74.115791321
0.999925077 0.012238617 -0.000006829 1.093227029 -0.012238606 0.999924719 0.000874739 -2.095072746 0.000017534 -0.000874591 0.999999583 74.654434204
0.999926388 0.012135012 0.000064371 1.101959348 -0.012135073 0.999925792 0.001052716 -2.111662626 -0.000051591 -0.001053420 0.999999464 75.197608948
0.999925673 0.012186291 0.000291625 1.107349873 -0.012186441 0.999925613 0.000520215 -2.121718884 -0.000285264 -0.000523730 0.999999762 75.725219727
0.999926090 0.012159617 -0.000050237 1.120861053 -0.012159588 0.999925852 0.000535036 -2.137559175 0.000056739 -0.000534386 0.999999821 76.265563965
0.999925017 0.012239341 0.000342017 1.126200318 -0.012239455 0.999925017 0.000336653 -2.153181553 -0.000337872 -0.000340814 0.999999881 76.804794312
0.999923825 0.012340818 0.000237298 1.137933254 -0.012340876 0.999923825 0.000249390 -2.167979002 -0.000234202 -0.000252300 0.999999940 77.334640503
0.999918222 0.012782430 0.000063216 1.139593363 -0.012782469 0.999918044 0.000660609 -2.190644979 -0.000054765 -0.000661363 0.999999762 77.840545654
0.999922514 0.012445887 0.000276487 1.150537968 -0.012445966 0.999922633 0.000292203 -2.206793308 -0.000272828 -0.000295621 0.999999940 78.370994568
0.999911070 0.013318776 0.000673254 1.155562758 -0.013319070 0.999911129 0.000434014 -2.216237783 -0.000667414 -0.000442942 0.999999702 78.910202026
0.999913931 0.013097354 0.000747247 1.162289858 -0.013097633 0.999914169 0.000366967 -2.237328529 -0.000742375 -0.000376722 0.999999642 79.435600281
0.999909580 0.013417494 0.000864889 1.174655557 -0.013417745 0.999909878 0.000286539 -2.252579212 -0.000860967 -0.000298118 0.999999583 79.970764160
0.999908984 0.013358835 0.001855845 1.179619312 -0.013359183 0.999910772 0.000175607 -2.263214350 -0.001853334 -0.000200384 0.999998271 80.501876831
0.999901414 0.013695484 0.003102109 1.195643425 -0.013694605 0.999906123 -0.000304908 -2.274135828 -0.003105994 0.000262396 0.999995053 81.048324585
0.999898195 0.013521480 0.004559294 1.190441966 -0.013519273 0.999908447 -0.000514506 -2.287110090 -0.004565834 0.000452816 0.999989450 81.591217041
0.999889255 0.013721470 0.005761148 1.204747915 -0.013719799 0.999905825 -0.000329389 -2.311073780 -0.005765125 0.000250310 0.999983370 82.120941162
0.999854326 0.014359960 0.009225314 1.209183455 -0.014359826 0.999896884 -0.000080973 -2.319027662 -0.009225526 -0.000051513 0.999957442 82.647743225
0.999818027 0.014018589 0.012936916 1.229422569 -0.014019017 0.999901712 -0.000057603 -2.333367109 -0.012936452 -0.000123770 0.999916315 83.181297302
0.999788880 0.013091181 0.015836827 1.245471001 -0.013077981 0.999914050 -0.000936851 -2.321261168 -0.015847730 0.000729540 0.999874175 83.725608826
0.999716640 0.013157230 0.019836703 1.276188612 -0.013136761 0.999913037 -0.001161832 -2.336525679 -0.019850267 0.000900913 0.999802470 84.255371094
0.999571562 0.013498516 0.025968859 1.297719479 -0.013471515 0.999908507 -0.001214328 -2.350041151 -0.025982877 0.000863968 0.999662042 84.799423218
0.999390721 0.013451331 0.032207180 1.323195934 -0.013414958 0.999909043 -0.001345195 -2.364827633 -0.032222345 0.000912319 0.999480307 85.343055725
0.999181330 0.013581064 0.038108211 1.357745886 -0.013542909 0.999907494 -0.001259239 -2.388647318 -0.038121782 0.000742112 0.999272823 85.859504700
0.998835504 0.013842702 0.046216827 1.401153564 -0.013797342 0.999903977 -0.001300333 -2.400090218 -0.046230379 0.000661150 0.998930573 86.420722961
0.998428047 0.013022504 0.054514658 1.450851202 -0.012937587 0.999914467 -0.001910327 -2.416686773 -0.054534871 0.001202035 0.998511136 86.964416504
0.998002648 0.013140694 0.061790030 1.495585680 -0.013055807 0.999913216 -0.001777327 -2.430909634 -0.061808031 0.000967059 0.998087585 87.497360229
0.997400701 0.013320833 0.070811413 1.553110123 -0.013214322 0.999910712 -0.001972418 -2.444720507 -0.070831381 0.001031566 0.997487724 88.052543640
0.996673763 0.012572979 0.080518879 1.630716324 -0.012418519 0.999920070 -0.002418787 -2.459767342 -0.080542848 0.001410816 0.996750176 88.582519531
0.995898187 0.012713115 0.089583598 1.681499481 -0.012540578 0.999918222 -0.002488600 -2.472714663 -0.089607894 0.001354963 0.995976210 89.135070801
0.995239258 0.012046788 0.096713997 1.752564430 -0.011808188 0.999925673 -0.003039054 -2.488223553 -0.096743420 0.001882569 0.995307505 89.676612854
0.994189739 0.012376703 0.106927231 1.829893112 -0.012131772 0.999922097 -0.002940845 -2.504985571 -0.106955290 0.001626541 0.994262516 90.211540222
0.993020236 0.011967346 0.117335528 1.918374062 -0.011720506 0.999927402 -0.002793504 -2.522562981 -0.117360443 0.001398773 0.993088424 90.742950439
0.991906106 0.011183711 0.126479849 2.010060310 -0.010857852 0.999935746 -0.003265533 -2.538805485 -0.126508251 0.001865802 0.991963744 91.283859253
0.990359068 0.011175415 0.138072476 2.106229782 -0.010813797 0.999935865 -0.003368928 -2.554736614 -0.138101280 0.001843361 0.990416408 91.818641663
0.988572955 0.010664287 0.150365159 2.209591866 -0.010225833 0.999940932 -0.003688823 -2.573589325 -0.150395602 0.002109061 0.988623619 92.350585938
0.986896634 0.010060846 0.161040366 2.318601608 -0.009578655 0.999947071 -0.003770289 -2.591704130 -0.161069781 0.002178335 0.986940563 92.890441895
0.985058129 0.010695428 0.171889856 2.427012444 -0.010201431 0.999940932 -0.003757016 -2.604707241 -0.171919882 0.001947357 0.985109031 93.417991638
0.982773542 0.010247769 0.184529379 2.549124718 -0.009683454 0.999945223 -0.003959073 -2.625853062 -0.184559807 0.002103990 0.982819021 93.953475952
0.980441868 0.009939392 0.196557611 2.684965134 -0.009260181 0.999947548 -0.004374293 -2.637948751 -0.196590796 0.002468581 0.980482519 94.504562378
0.978296816 0.009530071 0.206989154 2.813375473 -0.008748450 0.999950767 -0.004691157 -2.658345461 -0.207023636 0.002778510 0.978332043 95.033653259
0.975495160 0.008851949 0.219842508 2.965627670 -0.008019112 0.999956846 -0.004680455 -2.669472933 -0.219874427 0.002802819 0.975524127 95.596183777
0.972305238 0.008992433 0.233541206 3.113500595 -0.008232038 0.999957085 -0.004230485 -2.685556889 -0.233569279 0.002190803 0.972337663 96.129821777
0.969556332 0.008397397 0.244724408 3.264541626 -0.007543609 0.999961734 -0.004425891 -2.698174000 -0.244752213 0.002445045 0.969582558 96.649497986
0.966730714 0.008847447 0.255643547 3.442369461 -0.007884888 0.999957442 -0.004789905 -2.734827757 -0.255675077 0.002614827 0.966759264 97.215583801
0.963116407 0.008460843 0.268951863 3.612306595 -0.007465562 0.999960899 -0.004723177 -2.752045393 -0.268981308 0.002541093 0.963141978 97.729232788
0.959476829 0.007592196 0.281685233 3.787006378 -0.006330603 0.999965429 -0.005388518 -2.771488190 -0.281716377 0.003386921 0.959491789 98.250328064
0.956115007 0.007376659 0.292898744 3.986249924 -0.006013170 0.999966443 -0.005555264 -2.784243107 -0.292929888 0.003550221 0.956127346 98.859489441
0.951653361 0.007216347 0.307089359 4.177976608 -0.005800700 0.999967933 -0.005522366 -2.801497459 -0.307119280 0.003474045 0.951664686 99.383697510
0.947084486 0.006572088 0.320917070 4.383682251 -0.005137322 0.999972641 -0.005317355 -2.821419001 -0.320943177 0.003387330 0.947092414 99.905822754
0.943182588 0.006821489 0.332204759 4.588710785 -0.005345005 0.999971330 -0.005358079 -2.840542316 -0.332231760 0.003278011 0.943192124 100.398849487
0.938402355 0.006569474 0.345482081 4.803882599 -0.004999958 0.999972761 -0.005433921 -2.860838413 -0.345508307 0.003371808 0.938409626 100.942535400
0.933062255 0.006966667 0.359647602 5.024204254 -0.005293612 0.999970138 -0.005636599 -2.871053696 -0.359676123 0.003355463 0.933071136 101.450737000
0.928376377 0.006085689 0.371591508 5.249711990 -0.004244456 0.999974370 -0.005772681 -2.884481192 -0.371617079 0.003782017 0.928378344 101.950981140
0.923591018 0.004938160 0.383347481 5.501855850 -0.002911475 0.999978483 -0.005866850 -2.910951138 -0.383368164 0.004302463 0.923585594 102.469619751
0.917467177 0.004781729 0.397782862 5.740276337 -0.002809437 0.999980628 -0.005540889 -2.927598000 -0.397801727 0.003966036 0.917462885 102.968582153
0.911703289 0.004489878 0.410824656 5.991668701 -0.002397735 0.999981403 -0.005607674 -2.952621460 -0.410842270 0.004127485 0.911697090 103.477607727
0.906894088 0.004055462 0.421339244 6.246959686 -0.001741104 0.999981284 -0.005877425 -2.970617056 -0.421355188 0.004596604 0.906884074 103.945625305
0.900675297 0.004136800 0.434473097 6.507286072 -0.001705498 0.999980628 -0.005985687 -2.989560843 -0.434489489 0.004650167 0.900664926 104.485839844
0.894033551 0.004966758 0.447972506 6.773296356 -0.002510831 0.999978423 -0.006076009 -3.004096985 -0.447993040 0.004307371 0.894026697 104.967079163
0.888127267 0.003705277 0.459582716 7.062599182 -0.001054003 0.999981284 -0.006025290 -3.029051304 -0.459596455 0.004866822 0.888114512 105.473640442
0.882237256 0.003808957 0.470789671 7.338867188 -0.001201612 0.999982119 -0.005838666 -3.045678616 -0.470803559 0.004585381 0.882226169 105.945426941
0.874758065 0.002907550 0.484551251 7.647472382 -0.000153793 0.999983609 -0.005722760 -3.072832108 -0.484559953 0.004931510 0.874744177 106.456275940
0.867685139 0.003154904 0.497104198 7.938228607 -0.000290506 0.999982834 -0.005839383 -3.090394735 -0.497114092 0.004922335 0.867671192 106.909904480
