1.000000000 0.000000000 0.000000000 0.000000000 0.000000000 1.000000000 0.000000000 0.000000000 0.000000000 0.000000000 1.000000000 0.000000000
1.000000000 -0.000000087 0.000037174 0.000253456 0.000000083 1.000000000 0.000098260 -0.000583530 -0.000037174 -0.000098260 1.000000000 -0.000268211
1.000000000 -0.000054753 -0.000144530 0.001375714 0.000054757 1.000000000 0.000033263 -0.000513722 0.000144528 -0.000033271 1.000000000 -0.000894179
1.000000000 0.000060625 -0.000046070 0.000546759 -0.000060623 1.000000000 0.000037404 -0.000170584 0.000046072 -0.000037401 1.000000000 0.001100246
1.000000000 0.000052980 -0.000004033 -0.000191236 -0.000052980 1.000000000 0.000024859 -0.000302555 0.000004034 -0.000024858 1.000000000 -0.000433782
1.000000000 0.000032124 -0.000062851 -0.000211336 -0.000032123 1.000000000 0.000008545 -0.000248241 0.000062851 -0.000008543 1.000000000 -0.000336116
1.000000000 0.000097698 -0.000076267 0.000597354 -0.000097697 1.000000000 0.000014536 -0.000834249 0.000076269 -0.000014529 1.000000000 -0.001758863
1.000000000 0.000009782 -0.000026011 0.000687177 -0.000009784 1.000000000 -0.000076362 0.000501553 0.000026010 0.000076362 1.000000000 -0.000295695
1.000000000 -0.000043693 0.000097615 0.000580154 0.000043690 1.000000000 0.000027771 -0.000558610 -0.000097616 -0.000027767 1.000000000 -0.001623263
1.000000000 -0.000163358 -0.000025419 0.000929207 0.000163357 1.000000000 -0.000071364 0.001039388 0.000025431 0.000071360 1.000000000 0.001616558
1.000000000 -0.000082557 -0.000033562 0.000723225 0.000082557 1.000000000 -0.000010286 0.000120627 0.000033563 0.000010283 1.000000000 0.001958644
1.000000000 -0.000015963 0.000040598 0.000200498 0.000015971 1.000000000 -0.000206002 0.002353786 -0.000040595 0.000206002 1.000000000 0.003205771
1.000000000 -0.000131171 -0.000013812 0.000327590 0.000131171 1.000000000 0.000024297 0.000403698 0.000013808 -0.000024298 1.000000000 0.001226346
1.000000000 -0.000069903 0.000059881 0.000101069 0.000069899 1.000000000 0.000062023 0.000486215 -0.000059885 -0.000062019 1.000000000 0.001319281
1.000000000 -0.000096004 -0.000064236 0.000927975 0.000096010 1.000000000 0.000095694 -0.000657179 0.000064227 -0.000095700 1.000000000 0.000116705
1.000000000 -0.000088094 -0.000045235 0.000086678 0.000088094 1.000000000 0.000001491 -0.000104062 0.000045235 -0.000001495 1.000000000 -0.000328812
1.000000000 0.000164673 0.000136177 -0.001238875 -0.000164675 1.000000000 0.000015990 0.000238028 -0.000136175 -0.000016013 1.000000000 0.001054806
0.999999940 0.000007949 -0.000244613 0.001283507 -0.000007980 1.000000000 -0.000125960 0.000600070 0.000244612 0.000125962 0.999999940 0.000205202
1.000000000 -0.000183983 -0.000043359 0.000780355 0.000183982 1.000000000 -0.000026121 -0.000022335 0.000043363 0.000026113 1.000000000 0.000630880
1.000000000 -0.000064074 0.000057772 0.000373317 0.000064075 1.000000000 -0.000018868 0.000497676 -0.000057771 0.000018872 1.000000000 0.001638175
1.000000000 0.000088789 0.000047571 -0.000614543 -0.000088785 1.000000000 -0.000085203 0.001025983 -0.000047578 0.000085198 1.000000000 0.002182112
1.000000000 -0.000051942 -0.000042263 0.000382148 0.000051943 1.000000000 0.000021997 0.000802741 0.000042261 -0.000022000 1.000000000 0.000954867
1.000000000 -0.000168936 -0.000073324 0.001920807 0.000168934 1.000000000 -0.000027775 0.000629328 0.000073329 0.000027763 1.000000000 0.001790227
1.000000000 -0.000006447 0.000167415 -0.000232894 0.000006452 1.000000000 -0.000030802 0.001138690 -0.000167415 0.000030803 1.000000000 0.000146551
1.000000000 0.000014898 -0.000068739 0.001504263 -0.000014899 1.000000000 -0.000011663 0.000407814 0.000068738 0.000011664 1.000000000 0.000475890
1.000000000 0.000046148 -0.000027063 0.000843219 -0.000046151 1.000000000 -0.000088613 0.000406042 0.000027059 0.000088614 1.000000000 -0.000519709
1.000000000 0.000081417 0.000163746 -0.000914111 -0.000081397 1.000000000 -0.000118956 0.000112644 -0.000163756 0.000118943 1.000000000 -0.001195208
1.000000000 -0.000014928 -0.000012466 0.000054593 0.000014927 1.000000000 -0.000096247 0.000602608 0.000012467 0.000096247 1.000000000 0.000146670
1.000000000 -0.000045919 -0.000022589 -0.001089992 0.000045919 1.000000000 0.000000519 0.001184014 0.000022589 -0.000000520 1.000000000 0.002394046
1.000000000 0.000078042 0.000140937 -0.001330709 -0.000078034 1.000000000 -0.000053495 0.001340644 -0.000140941 0.000053484 1.000000000 0.001457709
1.000000000 0.000002365 -0.000016772 0.000614709 -0.000002364 1.000000000 0.000074606 0.000338730 0.000016772 -0.000074606 1.000000000 0.000127355
1.000000000 0.000015528 0.000130164 -0.001470570 -0.000015540 1.000000000 0.000087004 0.000302430 -0.000130163 -0.000087006 1.000000000 0.001761332
1.000000000 -0.000038582 0.000109153 -0.000880723 0.000038579 1.000000000 0.000022666 -0.000229817 -0.000109154 -0.000022662 1.000000000 0.000539704
1.000000000 -0.000058723 0.000054648 -0.000646973 0.000058721 1.000000000 0.000034137 0.000746018 -0.000054650 -0.000034133 1.000000000 0.001320936
1.000000000 0.000054629 0.000155817 -0.001368219 -0.000054618 1.000000000 -0.000073128 0.001950974 -0.000155821 0.000073120 1.000000000 0.003058608
1.000000000 0.000103094 0.000176658 -0.002126435 -0.000103079 1.000000000 -0.000083736 0.002787849 -0.000176666 0.000083718 1.000000000 0.003661935
0.999999940 -0.000246686 0.000040698 -0.000342800 0.000246685 0.999999940 0.000031089 0.000821319 -0.000040705 -0.000031079 1.000000000 0.001851511
1.000000000 -0.000034196 0.000066108 -0.000896818 0.000034190 1.000000000 0.000087527 0.000550796 -0.000066111 -0.000087525 1.000000000 0.000991756
1.000000000 -0.000141508 -0.000020826 -0.000085808 0.000141508 1.000000000 -0.000021772 0.001153022 0.000020829 0.000021769 1.000000000 0.001536674
0.999999940 0.000067779 0.000235026 -0.001647939 -0.000067790 1.000000000 0.000047862 -0.000595159 -0.000235022 -0.000047878 1.000000000 0.001804419
0.999999940 -0.000113646 0.000250665 -0.000497619 0.000113825 0.999999762 -0.000714590 -0.001428043 -0.000250583 0.000714619 0.999999702 0.052424647
0.999999940 0.000257252 0.000214150 -0.000244078 -0.000256976 0.999999106 -0.001291399 -0.004582258 -0.000214482 0.001291344 0.999999166 0.134204462
0.999999881 0.000527532 -0.000009079 0.003041664 -0.000527545 0.999998808 -0.001460114 -0.004162490 0.000008309 0.001460119 0.999998927 0.253767759
0.999999940 0.000324103 0.000012253 0.004740873 -0.000324088 0.999999225 -0.001206185 -0.013335302 -0.000012644 0.001206181 0.999999285 0.382084101
0.999999940 0.000394796 0.000130433 0.006827702 -0.000394647 0.999999285 -0.001136827 -0.015760917 -0.000130882 0.001136776 0.999999344 0.527840018
0.999999940 0.000250276 0.000060469 0.012609602 -0.000250204 0.999999285 -0.001188688 -0.018285256 -0.000060767 0.001188673 0.999999285 0.680947304
0.999999940 0.000124136 0.000222147 0.015714467 -0.000123877 0.999999285 -0.001166320 -0.020178143 -0.000222291 0.001166292 0.999999285 0.851989448
0.999999881 0.000437902 0.000268859 0.014701513 -0.000437688 0.999999583 -0.000794123 -0.026294889 -0.000269206 0.000794005 0.999999642 1.018529058
0.999999881 0.000211967 0.000425202 0.016950846 -0.000211887 0.999999940 -0.000189576 -0.035717092 -0.000425242 0.000189486 0.999999881 1.187631488
0.999999881 0.000434234 0.000291850 0.017964758 -0.000434083 0.999999762 -0.000519220 -0.035484776 -0.000292075 0.000519093 0.999999821 1.376457214
0.999999881 0.000411843 0.000112372 0.028864091 -0.000411776 0.999999762 -0.000595013 -0.042928085 -0.000112617 0.000594966 0.999999821 1.575007081
0.999998689 0.001423475 0.000736606 0.022305919 -0.001423187 0.999998927 -0.000392104 -0.047088433 -0.000737163 0.000391055 0.999999642 1.774059415
0.999999881 0.000414938 -0.000137127 0.043054998 -0.000415006 0.999999762 -0.000500631 -0.050013229 0.000136919 0.000500688 0.999999881 1.959746957
0.999999523 0.000598219 0.000803659 0.032039054 -0.000597679 0.999999583 -0.000672837 -0.054983810 -0.000804061 0.000672356 0.999999464 2.181131124
0.999999285 0.000874062 0.000820651 0.031503510 -0.000873487 0.999999344 -0.000700892 -0.062887728 -0.000821264 0.000700175 0.999999404 2.387313366
0.999989450 -0.001026293 -0.004464306 0.097927846 0.001024777 0.999999404 -0.000341862 -0.100036889 0.004464655 0.000337283 0.999989927 2.617887020
0.999989271 -0.001591551 -0.004355201 0.103681281 0.001591707 0.999998748 0.000032547 -0.112026781 0.004355144 -0.000039479 0.999990463 2.838488340
0.999987066 -0.000877130 -0.005005386 0.113579109 0.000874265 0.999999404 -0.000574622 -0.111928739 0.005005887 0.000570239 0.999987304 3.082455873
0.999984801 -0.001077986 -0.005402051 0.123005435 0.001073141 0.999999046 -0.000899689 -0.114681296 0.005403016 0.000893879 0.999985039 3.318003416
0.999986470 -0.001328468 -0.005022911 0.122127973 0.001326422 0.999999046 -0.000410672 -0.129223198 0.005023452 0.000404004 0.999987304 3.550005913
0.999986768 -0.001333113 -0.004973123 0.125701398 0.001329678 0.999998868 -0.000693892 -0.128840566 0.004974042 0.000687270 0.999987364 3.827932119
0.999987185 -0.001358936 -0.004875914 0.127919644 0.001354642 0.999998629 -0.000883761 -0.135411307 0.004877108 0.000877145 0.999987721 4.089183331
0.999988556 -0.001165301 -0.004645606 0.128281385 0.001163158 0.999999285 -0.000464048 -0.143864512 0.004646143 0.000458639 0.999989092 4.343067646
0.999988198 -0.001427640 -0.004643503 0.134540200 0.001425647 0.999998868 -0.000432428 -0.148585752 0.004644115 0.000425802 0.999989152 4.590892315
0.999990642 -0.000557794 -0.004290286 0.136418536 0.000555115 0.999999642 -0.000625608 -0.152367041 0.004290634 0.000623221 0.999990523 4.866695404
0.999989688 -0.000896542 -0.004447702 0.140543759 0.000893850 0.999999344 -0.000607321 -0.156926244 0.004448243 0.000603339 0.999989927 5.129576206
0.999991417 -0.000341807 -0.004135518 0.142031759 0.000337884 0.999999583 -0.000949074 -0.167708561 0.004135841 0.000947669 0.999991000 5.388853550
0.999990880 -0.000892543 -0.004191890 0.151309580 0.000888859 0.999999225 -0.000880561 -0.171369419 0.004192673 0.000876827 0.999990761 5.644114494
0.999992073 -0.000461113 -0.003960855 0.144583479 0.000460156 0.999999881 -0.000242624 -0.187617511 0.003960966 0.000240800 0.999992132 5.920557976
0.999991655 -0.000445397 -0.004069204 0.150420204 0.000445051 0.999999940 -0.000086030 -0.199102968 0.004069242 0.000084218 0.999991655 6.198605061
0.999992669 -0.000323458 -0.003803380 0.154196471 0.000323309 1.000000000 -0.000039965 -0.204883516 0.003803391 0.000038735 0.999992788 6.481183529
0.999992371 -0.000500786 -0.003890053 0.161665797 0.000500650 0.999999940 -0.000035868 -0.216414317 0.003890070 0.000033920 0.999992490 6.757496357
0.999995291 0.000342936 -0.003037237 0.151683390 -0.000343556 0.999999940 -0.000203770 -0.222278163 0.003037167 0.000204813 0.999995351 7.069798470
0.999994457 -0.000235768 -0.003310795 0.158223674 0.000235223 0.999999940 -0.000164992 -0.229348212 0.003310834 0.000164212 0.999994457 7.366133690
0.999995768 -0.000313404 -0.002890544 0.163992822 0.000311737 0.999999881 -0.000577322 -0.238798782 0.002890724 0.000576419 0.999995649 7.676517010
0.999995768 -0.000054044 -0.002915953 0.173241630 0.000054281 1.000000000 0.000081387 -0.256712645 0.002915949 -0.000081545 0.999995708 7.978558064
0.999994814 -0.000312975 -0.003237905 0.171156138 0.000312117 0.999999881 -0.000265626 -0.255582899 0.003237988 0.000264614 0.999994695 8.322359085
0.999995172 0.000081708 -0.003124086 0.177431867 -0.000081677 1.000000000 0.000010034 -0.271072507 0.003124087 -0.000009779 0.999995053 8.642169952
0.999996722 -0.000458618 -0.002522907 0.182647064 0.000458458 0.999999940 -0.000064275 -0.276529759 0.002522937 0.000063118 0.999996781 8.980963707
0.999995232 -0.000257781 -0.003081395 0.194370523 0.000258488 0.999999940 0.000229055 -0.293621242 0.003081335 -0.000229851 0.999995232 9.308096886
0.999998331 0.000760410 -0.001613304 0.168784812 -0.000760508 0.999999642 -0.000060229 -0.299879193 0.001613258 0.000061456 0.999998689 9.668287277
0.999997616 0.000542808 -0.002104981 0.179751247 -0.000543216 0.999999821 -0.000193118 -0.309338897 0.002104876 0.000194261 0.999997795 10.015953064
0.999997795 0.000508082 -0.002008154 0.189784005 -0.000507562 0.999999821 0.000259548 -0.325678885 0.002008285 -0.000258528 0.999997973 10.370081902
0.999997675 0.000345294 -0.002117940 0.193203330 -0.000344558 0.999999881 0.000347918 -0.338050455 0.002118059 -0.000347187 0.999997675 10.733459473
0.999997556 -0.000047170 -0.002177845 0.202438340 0.000048017 0.999999881 0.000389068 -0.345957667 0.002177827 -0.000389172 0.999997556 11.101564407
0.999997497 0.000025479 -0.002232798 0.208679914 -0.000025149 0.999999940 0.000147540 -0.357350767 0.002232802 -0.000147483 0.999997497 11.477508545
0.999998629 0.000266372 -0.001642497 0.208638996 -0.000265820 0.999999821 0.000336135 -0.365661740 0.001642586 -0.000335698 0.999998569 11.862098694
0.999998808 0.000545800 -0.001458946 0.218502402 -0.000544976 0.999999702 0.000564818 -0.381658942 0.001459253 -0.000564023 0.999998748 12.242611885
0.999999106 0.000535215 -0.001222666 0.221459344 -0.000535196 0.999999881 0.000015980 -0.383625686 0.001222674 -0.000015326 0.999999225 12.638023376
0.999999344 0.000808152 -0.000901373 0.224732205 -0.000808188 0.999999702 -0.000040279 -0.393106967 0.000901340 0.000041007 0.999999523 13.040658951
0.999999285 0.000814400 -0.000900029 0.228429854 -0.000814442 0.999999642 -0.000046488 -0.403566509 0.000899991 0.000047221 0.999999583 13.439764977
0.999999881 0.000448229 -0.000455295 0.234655082 -0.000448163 0.999999821 0.000145275 -0.411603510 0.000455360 -0.000145070 0.999999881 13.857634544
0.999999702 0.000575795 -0.000457165 0.242952436 -0.000575699 0.999999821 0.000208474 -0.423080355 0.000457285 -0.000208211 0.999999881 14.261132240
0.999999523 0.000906728 -0.000170178 0.252894104 -0.000906729 0.999999642 -0.000005704 -0.432743549 0.000170172 0.000005858 1.000000000 14.684323311
0.999999881 0.000363529 0.000041264 0.260993302 -0.000363548 0.999999821 0.000455095 -0.450280756 -0.000041098 -0.000455110 0.999999881 15.101507187
0.999999821 0.000606617 0.000188074 0.271410286 -0.000606637 0.999999821 0.000108078 -0.458734244 -0.000188008 -0.000108192 1.000000000 15.534125328
0.999999702 0.000322115 0.000715994 0.280043542 -0.000322048 0.999999881 -0.000092742 -0.468303025 -0.000716024 0.000092511 0.999999762 15.975296974
0.999999583 0.000366019 0.000857270 0.287558407 -0.000366052 0.999999940 0.000039116 -0.483041763 -0.000857256 -0.000039429 0.999999642 16.416603088
0.999999285 0.000520019 0.001073983 0.297989011 -0.000519961 0.999999821 -0.000054128 -0.496131420 -0.001074011 0.000053569 0.999999344 16.867063522
0.999999225 0.000407250 0.001155394 0.308120489 -0.000407429 0.999999881 0.000154787 -0.509467125 -0.001155330 -0.000155257 0.999999285 17.324501038
0.999998450 0.000595302 0.001664259 0.313831389 -0.000595582 0.999999821 0.000167783 -0.519885242 -0.001664158 -0.000168774 0.999998629 17.787113190
0.999998093 0.000383362 0.001906629 0.325035691 -0.000383340 0.999999940 -0.000011841 -0.530256093 -0.001906633 0.000011111 0.999998212 18.248788834
0.999997735 0.000295471 0.002111276 0.342926651 -0.000295461 0.999999940 -0.000005301 -0.539431870 -0.002111278 0.000004677 0.999997854 18.711383820
0.999995053 0.001059035 0.003002293 0.336253643 -0.001059621 0.999999344 0.000193356 -0.557804286 -0.003002087 -0.000196536 0.999995470 19.184148788
0.999994516 0.000839591 0.003200796 0.352441818 -0.000838036 0.999999464 -0.000486977 -0.566513419 -0.003201203 0.000484292 0.999994755 19.661863327
0.999994695 0.000580327 0.003191182 0.362125218 -0.000580901 0.999999881 0.000179059 -0.583147526 -0.003191077 -0.000180912 0.999994934 20.140380859
0.999992967 0.001185515 0.003550648 0.358628869 -0.001185053 0.999999285 -0.000132248 -0.591941595 -0.003550803 0.000128040 0.999993682 20.642812729
0.999992669 0.001474759 0.003529200 0.366855204 -0.001473502 0.999998808 -0.000358663 -0.601950586 -0.003529725 0.000353460 0.999993742 21.140764236
0.999993563 0.001598766 0.003188503 0.374014020 -0.001595780 0.999998212 -0.000938568 -0.604742050 -0.003189998 0.000933474 0.999994516 21.659664154
0.999993503 0.001244065 0.003387062 0.364900380 -0.001244550 0.999999225 0.000141091 -0.636775672 -0.003386884 -0.000145306 0.999994278 22.141359329
0.999996185 0.000956905 0.002591107 0.384200811 -0.000957686 0.999999523 0.000300077 -0.646383822 -0.002590818 -0.000302557 0.999996662 22.651737213
0.999995053 0.001579249 0.002706657 0.379290283 -0.001579606 0.999998689 0.000129640 -0.662636518 -0.002706449 -0.000133915 0.999996305 23.176200867
0.999997735 0.001197842 0.001790951 0.394178659 -0.001197692 0.999999225 -0.000084780 -0.679874718 -0.001791051 0.000082635 0.999998391 23.699073792
0.999997497 0.000758731 0.002095551 0.390939057 -0.000757458 0.999999523 -0.000608363 -0.689465821 -0.002096011 0.000606774 0.999997616 24.222574234
0.999998450 0.001310292 0.001153101 0.404511541 -0.001310305 0.999999106 0.000010683 -0.706617475 -0.001153086 -0.000012194 0.999999285 24.751688004
0.999996841 0.002352750 0.000805135 0.414865732 -0.002352714 0.999997199 -0.000045169 -0.721966922 -0.000805239 0.000043274 0.999999702 25.285120010
0.999996841 0.002416532 0.000650897 0.421088636 -0.002416514 0.999997079 -0.000028318 -0.734328091 -0.000650964 0.000026745 0.999999821 25.832658768
0.999998271 0.001825892 -0.000158727 0.439631045 -0.001825868 0.999998331 0.000149432 -0.754428029 0.000159000 -0.000149142 1.000000000 26.389165878
0.999998808 0.001538551 -0.000235870 0.437484354 -0.001538471 0.999998748 0.000337241 -0.768799603 0.000236389 -0.000336878 0.999999940 26.923915863
0.999998748 0.001510505 -0.000384504 0.451512784 -0.001510349 0.999998808 0.000405362 -0.793216228 0.000385115 -0.000404781 0.999999881 27.462408066
0.999996185 0.002680148 -0.000658417 0.455773950 -0.002680270 0.999996364 -0.000184303 -0.802512348 0.000657920 0.000186067 0.999999762 28.028656006
0.999995172 0.003132576 -0.000287683 0.449437112 -0.003132441 0.999994993 0.000469972 -0.813834608 0.000289154 -0.000469068 0.999999821 28.556837082
0.999995887 0.002796256 -0.000655819 0.459890515 -0.002796037 0.999996126 0.000334604 -0.824717462 0.000656752 -0.000332769 0.999999702 29.104026794
0.999995053 0.003053288 -0.000661100 0.466209739 -0.003052923 0.999995112 0.000551826 -0.845926166 0.000662782 -0.000549804 0.999999642 29.652999878
0.999994695 0.003114397 -0.000950883 0.470146984 -0.003113915 0.999994993 0.000507707 -0.857609332 0.000952460 -0.000504743 0.999999404 30.200107574
0.999993682 0.003369787 -0.001075497 0.481075138 -0.003369303 0.999994159 0.000450986 -0.873575270 0.001077011 -0.000447359 0.999999344 30.746835709
0.999994338 0.003105970 -0.001294841 0.493473262 -0.003105470 0.999995112 0.000387799 -0.888639569 0.001296039 -0.000383776 0.999999106 31.288936615
0.999992549 0.003652296 -0.001363029 0.498848379 -0.003651688 0.999993205 0.000448391 -0.903345287 0.001364657 -0.000443410 0.999998987 31.835767746
0.999993503 0.003330290 -0.001437039 0.512118757 -0.003329542 0.999994278 0.000522772 -0.922390044 0.001438771 -0.000517983 0.999998868 32.374515533
0.999991834 0.003836210 -0.001286756 0.512125671 -0.003835377 0.999992430 0.000649376 -0.930976391 0.001289238 -0.000644436 0.999998987 32.923778534
0.999989748 0.004343676 -0.001294146 0.519192159 -0.004343936 0.999990523 -0.000198436 -0.941973090 0.001293272 0.000204056 0.999999166 33.461246490
0.999990344 0.004024150 -0.001746321 0.531885862 -0.004023595 0.999991834 0.000320987 -0.959384799 0.001747599 -0.000313958 0.999998450 34.015449524
0.999991179 0.003588067 -0.002200468 0.541338623 -0.003586374 0.999993265 0.000772913 -0.979285955 0.002203226 -0.000765015 0.999997258 34.553348541
0.999991417 0.003752676 -0.001754020 0.547962606 -0.003751485 0.999992728 0.000682121 -0.995137095 0.001756567 -0.000675535 0.999998212 35.106128693
0.999991894 0.003853658 -0.001249974 0.552700579 -0.003853414 0.999992609 0.000197637 -1.003752589 0.001250726 -0.000192818 0.999999166 35.659130096
0.999988854 0.004537097 -0.001314830 0.563491642 -0.004536806 0.999989688 0.000224465 -1.017928123 0.001315835 -0.000218497 0.999999106 36.192619324
0.999989331 0.004174992 -0.001968494 0.574427664 -0.004174013 0.999991179 0.000501130 -1.040131569 0.001970569 -0.000492908 0.999997914 36.746589661
0.999989331 0.004299851 -0.001660188 0.581685066 -0.004299083 0.999990642 0.000465588 -1.054370403 0.001662174 -0.000458446 0.999998510 37.291873932
0.999988973 0.004329131 -0.001822741 0.586470544 -0.004328349 0.999990523 0.000432754 -1.073345423 0.001824597 -0.000424860 0.999998271 37.843814850
0.999991179 0.003699908 -0.001984606 0.596508443 -0.003699893 0.999993145 0.000011184 -1.086792946 0.001984635 -0.000003841 0.999998033 38.393272400
0.999989450 0.004147295 -0.001997297 0.606559753 -0.004146095 0.999991238 0.000604500 -1.103168607 0.001999787 -0.000596213 0.999997795 38.944980621
0.999988556 0.004354216 -0.001995618 0.610995471 -0.004352915 0.999990225 0.000655806 -1.121862888 0.001998454 -0.000647111 0.999997795 39.488990784
0.999987721 0.004336137 -0.002390268 0.635418892 -0.004333704 0.999990046 0.001022217 -1.145799041 0.002394677 -0.001011846 0.999996603 40.014869690
0.999987364 0.004273742 -0.002649824 0.650853932 -0.004270368 0.999989986 0.001277958 -1.163636684 0.002655260 -0.001266626 0.999995649 40.564239502
0.999987662 0.004292387 -0.002496766 0.653180063 -0.004290211 0.999990404 0.000876275 -1.171909451 0.002500502 -0.000865552 0.999996483 41.125259399
0.999986291 0.004497752 -0.002680802 0.668214202 -0.004494186 0.999988973 0.001334563 -1.187320948 0.002686775 -0.001322496 0.999995530 41.672050476
0.999982715 0.005064691 -0.002975916 0.688494384 -0.005060812 0.999986351 0.001309343 -1.206955314 0.002982506 -0.001294260 0.999994695 42.209247589
0.999979615 0.005635421 -0.002984194 0.695847034 -0.005632621 0.999983668 0.000945728 -1.212751031 0.002989474 -0.000928900 0.999995112 42.779079437
0.999981105 0.005144360 -0.003368140 0.711049676 -0.005140422 0.999986053 0.001176765 -1.230311036 0.003374147 -0.001159429 0.999993622 43.310707092
0.999976575 0.006114712 -0.003071755 0.718528390 -0.006111957 0.999980986 0.000905461 -1.241595387 0.003077233 -0.000886666 0.999994874 43.874477386
0.999979079 0.005444497 -0.003495120 0.738652468 -0.005440334 0.999984443 0.001199775 -1.259899616 0.003501597 -0.001180735 0.999993145 44.434032440
0.999978840 0.005606473 -0.003289974 0.749006093 -0.005604223 0.999984026 0.000692648 -1.268757343 0.003293804 -0.000674195 0.999994278 44.983295441
0.999978244 0.005912764 -0.002938139 0.761463642 -0.005911684 0.999982536 0.000375924 -1.275439143 0.002940311 -0.000358546 0.999995589 45.514453888
0.999978125 0.005520127 -0.003644938 0.776959896 -0.005515416 0.999983966 0.001301233 -1.306775451 0.003652062 -0.001281101 0.999992490 46.076354980
0.999980211 0.005010143 -0.003814250 0.789445221 -0.005008637 0.999987423 0.000404272 -1.318823576 0.003816227 -0.000385159 0.999992609 46.620353699
0.999972939 0.006032228 -0.004208759 0.806971490 -0.006025983 0.999980748 0.001495078 -1.338252068 0.004217695 -0.001469676 0.999989986 47.132633209
0.999979317 0.005135990 -0.003905555 0.806974947 -0.005131545 0.999986172 0.001147245 -1.346530557 0.003911394 -0.001127180 0.999991715 47.715663910
0.999975622 0.005681018 -0.004065811 0.814540088 -0.005676210 0.999983191 0.001193155 -1.360940218 0.004072522 -0.001170047 0.999991059 48.264026642
0.999979854 0.004713109 -0.004236285 0.833572030 -0.004708477 0.999988258 0.001102417 -1.373174667 0.004241432 -0.001082449 0.999990404 48.811363220
0.999981105 0.004865063 -0.003750751 0.831832290 -0.004860981 0.999987602 0.001096389 -1.386099935 0.003756037 -0.001078136 0.999992371 49.356742859
0.999977946 0.005183520 -0.004151533 0.846839666 -0.005179414 0.999986053 0.000999418 -1.401892543 0.004156656 -0.000977894 0.999990940 49.900699615
0.999976873 0.005489423 -0.003998793 0.855094969 -0.005483370 0.999983847 0.001522797 -1.421846867 0.004007088 -0.001500836 0.999990940 50.439807892
0.999979258 0.004916869 -0.004161836 0.872961879 -0.004912676 0.999987423 0.001017163 -1.434734583 0.004166784 -0.000996696 0.999990761 51.005058289
0.999978364 0.004933491 -0.004364320 0.885627329 -0.004926287 0.999986470 0.001659926 -1.455398321 0.004372449 -0.001638390 0.999989092 51.554244995
0.999975264 0.004723115 -0.005202272 0.909734070 -0.004714429 0.999987423 0.001680652 -1.471117139 0.005210144 -0.001656085 0.999985039 52.092353821
0.999978364 0.004559891 -0.004738997 0.916783810 -0.004554879 0.999989033 0.001067752 -1.481477261 0.004743814 -0.001046143 0.999988198 52.641044617
0.999979198 0.004770638 -0.004333624 0.918665886 -0.004766241 0.999988139 0.001024576 -1.493206382 0.004338461 -0.001003900 0.999990106 53.180889130
0.999979556 0.004293474 -0.004734500 0.931989312 -0.004288369 0.999990225 0.001087950 -1.508167148 0.004739126 -0.001067625 0.999988198 53.737174988
0.999978542 0.004744496 -0.004513950 0.944183409 -0.004740179 0.999988377 0.000966695 -1.522952199 0.004518484 -0.000945278 0.999989390 54.284519196
0.999981046 0.004293030 -0.004402917 0.947974801 -0.004288938 0.999990344 0.000938648 -1.535291791 0.004406904 -0.000919747 0.999989808 54.832809448
0.999980569 0.004583763 -0.004220076 0.948204696 -0.004580817 0.999989271 0.000707759 -1.550948858 0.004223275 -0.000688414 0.999990821 55.386920929
0.999979973 0.004317918 -0.004626629 0.965626955 -0.004313822 0.999990225 0.000895051 -1.564918280 0.004630448 -0.000875075 0.999988914 55.933483124
0.999979258 0.004242195 -0.004840932 0.973100901 -0.004237546 0.999990523 0.000970295 -1.580099106 0.004845003 -0.000949761 0.999987841 56.482822418
0.999980330 0.004190661 -0.004673493 0.987538338 -0.004186524 0.999990821 0.000894843 -1.595397115 0.004677200 -0.000875260 0.999988675 57.030124664
0.999976575 0.004805901 -0.004876180 1.003694057 -0.004800454 0.999987781 0.001128208 -1.610265255 0.004881543 -0.001104774 0.999987423 57.569393158
0.999974608 0.005173170 -0.004899051 1.009204626 -0.005167916 0.999985993 0.001084497 -1.628176570 0.004904592 -0.001059152 0.999987423 58.113864899
0.999977410 0.004274693 -0.005183768 1.025752783 -0.004271951 0.999990761 0.000539881 -1.637591600 0.005186027 -0.000517724 0.999986410 58.656551361
0.999978185 0.004751719 -0.004570292 1.021769047 -0.004749821 0.999988735 0.000425788 -1.645055056 0.004572262 -0.000404071 0.999989450 59.210517883
0.999978364 0.004817185 -0.004482416 1.031510353 -0.004816253 0.999988377 0.000218693 -1.662907720 0.004483418 -0.000197099 0.999989927 59.749919891
0.999979377 0.005070323 -0.003945528 1.036417842 -0.005069579 0.999987185 0.000198664 -1.675951123 0.003946483 -0.000178658 0.999992192 60.301551819
0.999974668 0.005207856 -0.004855059 1.049487948 -0.005207050 0.999986410 0.000178505 -1.685204148 0.004855922 -0.000153220 0.999988198 60.844028473
0.999974787 0.005371234 -0.004638953 1.060678005 -0.005369083 0.999985456 0.000475995 -1.706175566 0.004641442 -0.000451076 0.999989152 61.391902924
0.999974906 0.004881517 -0.005124173 1.071827531 -0.004881549 0.999988079 0.000006356 -1.711893797 0.005124142 0.000018658 0.999986887 61.943504333
0.999974132 0.004978426 -0.005181812 1.084040999 -0.004977314 0.999987602 0.000227438 -1.735707998 0.005182880 -0.000201640 0.999986529 62.480991364
0.999973357 0.005291882 -0.005014867 1.092958927 -0.005288846 0.999985874 0.000618389 -1.757525444 0.005018069 -0.000591850 0.999987245 63.024776459
0.999973714 0.005710709 -0.004475861 1.090780020 -0.005703877 0.999982536 0.001537800 -1.777674556 0.004484565 -0.001512230 0.999988735 63.575016022
0.999973178 0.005338600 -0.005012453 1.103097200 -0.005336164 0.999985576 0.000499144 -1.780167818 0.005015044 -0.000472383 0.999987245 64.115913391
0.999975026 0.005331051 -0.004633016 1.104382277 -0.005330635 0.999985695 0.000102302 -1.792523146 0.004633496 -0.000077602 0.999989212 64.666305542
0.999972939 0.005175007 -0.005224609 1.122945189 -0.005172621 0.999986470 0.000469907 -1.806305408 0.005226970 -0.000442869 0.999986172 65.188339233
0.999972463 0.005720208 -0.004744404 1.119826317 -0.005717868 0.999983549 0.000506422 -1.816189885 0.004747223 -0.000479280 0.999988556 65.723571777
0.999972701 0.005351157 -0.005091819 1.145985126 -0.005349884 0.999985576 0.000263863 -1.833765745 0.005093157 -0.000236615 0.999987006 66.292549133
0.999972403 0.005702396 -0.004758282 1.149206042 -0.005702210 0.999983668 0.000052597 -1.846173644 0.004758505 -0.000025463 0.999988675 66.842353821
0.999968886 0.005589611 -0.005565290 1.164996028 -0.005587930 0.999984324 0.000317578 -1.867040753 0.005566978 -0.000286469 0.999984443 67.389541626
0.999970138 0.005478975 -0.005453047 1.181692600 -0.005474993 0.999984860 0.000744931 -1.888272643 0.005457046 -0.000715053 0.999984860 67.934928894
0.999965549 0.006000148 -0.005729767 1.195784807 -0.005993329 0.999981344 0.001206333 -1.910192847 0.005736897 -0.001171951 0.999982893 68.466865540
0.999968469 0.006027809 -0.005154767 1.200607061 -0.006024749 0.999981761 0.000608910 -1.921855927 0.005158342 -0.000577834 0.999986589 69.017875671
0.999970257 0.005735720 -0.005156995 1.195294976 -0.005734609 0.999983549 0.000230079 -1.925791025 0.005158228 -0.000200499 0.999986649 69.567680359
0.999969006 0.005842044 -0.005283704 1.206736088 -0.005842659 0.999982953 -0.000100836 -1.936186314 0.005283024 0.000131704 0.999985993 70.113243103
0.999970675 0.005901305 -0.004892230 1.214127421 -0.005900767 0.999982595 0.000124136 -1.957136750 0.004892877 -0.000095265 0.999987960 70.660392761
0.999971390 0.005577534 -0.005099769 1.218471289 -0.005578240 0.999984443 -0.000124107 -1.966983914 0.005098998 0.000152552 0.999987006 71.221374512
0.999970376 0.005447491 -0.005439340 1.236824632 -0.005448818 0.999985158 -0.000229196 -1.985387683 0.005438011 0.000258827 0.999985218 71.765640259
0.999967158 0.006243768 -0.005181257 1.239610910 -0.006242028 0.999980450 0.000351854 -2.002688408 0.005183354 -0.000319501 0.999986529 72.314216614
0.999970913 0.005669442 -0.005102105 1.245649815 -0.005667748 0.999983907 0.000346630 -2.021470547 0.005103988 -0.000317702 0.999986947 72.855812073
0.999972641 0.005090063 -0.005367605 1.260569334 -0.005086623 0.999986887 0.000654588 -2.043194294 0.005370867 -0.000627267 0.999985337 73.397239685
0.999976873 0.004131455 -0.005402329 1.265333176 -0.004129490 0.999991477 0.000374879 -2.053567886 0.005403833 -0.000352562 0.999985397 73.957862854
0.999973059 0.005382860 -0.004987894 1.270143509 -0.005381567 0.999985456 0.000272607 -2.066731215 0.004989290 -0.000245757 0.999987483 74.482673645
0.999972284 0.005221037 -0.005297555 1.285513043 -0.005217348 0.999986053 0.000709705 -2.085572481 0.005301186 -0.000682046 0.999985695 75.021125793
0.999972999 0.005150249 -0.005233776 1.288973331 -0.005144719 0.999986112 0.001069229 -2.102129221 0.005239211 -0.001042274 0.999985635 75.563407898
0.999974668 0.004801164 -0.005244553 1.302380323 -0.004798775 0.999988317 0.000468136 -2.117850304 0.005246738 -0.000442957 0.999986053 76.112037659
0.999967992 0.005767374 -0.005542467 1.310466528 -0.005762597 0.999982953 0.000877454 -2.138071775 0.005547435 -0.000845487 0.999984205 76.655113220
0.999975443 0.004634609 -0.005255681 1.318474650 -0.004632325 0.999989092 0.000446807 -2.150255680 0.005257694 -0.000422450 0.999986112 77.208755493
0.999972701 0.004788526 -0.005626983 1.326993823 -0.004787104 0.999988437 0.000266312 -2.162034750 0.005628194 -0.000239368 0.999984145 77.759887695
0.999976397 0.004030142 -0.005577277 1.343163013 -0.004026540 0.999991715 0.000656978 -2.182809114 0.005579877 -0.000634505 0.999984205 78.313644409
0.999972880 0.005245874 -0.005174737 1.340825796 -0.005245519 0.999986172 0.000081983 -2.189798117 0.005175097 -0.000054837 0.999986529 78.843025208
0.999973059 0.005003438 -0.005378312 1.356492639 -0.005000797 0.999987364 0.000504254 -2.207767963 0.005380767 -0.000477344 0.999985397 79.389434814
0.999976039 0.005383492 -0.004369910 1.351127148 -0.005384438 0.999985516 -0.000204823 -2.214793682 0.004368745 0.000228348 0.999990404 79.946899414
0.999970317 0.005200984 -0.005679635 1.374069452 -0.005200554 0.999986470 0.000090617 -2.235330343 0.005680028 -0.000061077 0.999983847 80.465042114
0.999976397 0.005447152 -0.004188919 1.380644321 -0.005445989 0.999985158 0.000288656 -2.250889301 0.004190433 -0.000265836 0.999991179 81.021492004
0.999979079 0.005724921 -0.003019341 1.387822151 -0.005724464 0.999983728 0.000160141 -2.266812325 0.003020209 -0.000142853 0.999995410 81.563995361
0.999981880 0.005499427 -0.002489035 1.410193563 -0.005499213 0.999984860 0.000092333 -2.281958580 0.002489506 -0.000078644 0.999996901 82.111610413
0.999984443 0.005493149 -0.000966425 1.417966008 -0.005492661 0.999984801 0.000508071 -2.301761627 0.000969201 -0.000502755 0.999999344 82.650245667
0.999983490 0.005438091 0.001867352 1.436312437 -0.005438624 0.999985218 0.000280076 -2.315148830 -0.001865801 -0.000290227 0.999998212 83.201919556
0.999968052 0.005597630 0.005699066 1.456702828 -0.005604077 0.999983668 0.001115733 -2.342282534 -0.005692728 -0.001147636 0.999983072 83.723220825
0.999943554 0.005532124 0.009070938 1.477203369 -0.005535697 0.999984622 0.000368877 -2.346261978 -0.009068757 -0.000419070 0.999958813 84.280830383
0.999888718 0.005099413 0.014016781 1.503568292 -0.005103946 0.999986887 0.000287676 -2.365702868 -0.014015131 -0.000359185 0.999901772 84.833938599
0.999790907 0.005531203 0.019685607 1.534359217 -0.005538726 0.999984741 0.000327727 -2.378080368 -0.019683491 -0.000436691 0.999806166 85.385437012
0.999673426 0.005166222 0.025028484 1.567312479 -0.005185177 0.999986410 0.000692496 -2.399708748 -0.025024565 -0.000822047 0.999686539 85.930259705
0.999511600 0.004545770 0.030917499 1.595502615 -0.004552620 0.999989569 0.000151179 -2.404937744 -0.030916490 -0.000291860 0.999521852 86.478675842
0.999219060 0.004569192 0.039247818 1.628727078 -0.004584184 0.999989450 0.000292035 -2.418828487 -0.039246067 -0.000471726 0.999229372 87.031005859
0.998873949 0.004344130 0.047244899 1.683141947 -0.004375405 0.999990284 0.000558567 -2.441503525 -0.047242012 -0.000764654 0.998883247 87.562049866
0.998503864 0.004756791 0.054474089 1.719512701 -0.004797677 0.999988258 0.000619795 -2.460039377 -0.054470506 -0.000880216 0.998515010 88.128135681
0.998004019 0.004329366 0.063002944 1.778697491 -0.004345073 0.999990582 0.000112289 -2.470175028 -0.063001864 -0.000385817 0.998013377 88.680206299
0.997300446 0.004124652 0.073313981 1.841026306 -0.004125445 0.999991536 -0.000140610 -2.485523462 -0.073313937 -0.000162222 0.997308850 89.201698303
0.996652842 0.004467119 0.081628509 1.909955978 -0.004488943 0.999989867 0.000083845 -2.504895926 -0.081627302 -0.000449990 0.996662915 89.777229309
0.995972872 0.004191774 0.089556523 1.976695538 -0.004204367 0.999991119 -0.000048039 -2.518910646 -0.089555942 -0.000328682 0.995981753 90.325431824
0.994950414 0.004662533 0.100258969 2.052967548 -0.004713278 0.999988854 0.000269272 -2.542123079 -0.100256585 -0.000740460 0.994961321 90.844963074
0.993767858 0.004570978 0.111375757 2.139410973 -0.004609745 0.999989390 0.000090569 -2.548274279 -0.111374170 -0.000603419 0.993778288 91.450241089
0.992748260 0.003711764 0.120154850 2.229681015 -0.003750348 0.999993026 0.000094991 -2.561587334 -0.120153666 -0.000544925 0.992755175 91.996894836
0.991254926 0.004498746 0.131884113 2.311885834 -0.004561598 0.999989629 0.000174454 -2.574681520 -0.131881952 -0.000774530 0.991265118 92.553817749
0.989701748 0.003005037 0.143113196 2.432929993 -0.003042965 0.999995351 0.000046152 -2.595876694 -0.143112406 -0.000481166 0.989706337 93.087699890
0.988044679 0.003045685 0.154137611 2.534378052 -0.003150978 0.999994993 0.000438810 -2.615785360 -0.154135510 -0.000919248 0.988049328 93.632049561
0.986332834 0.002866535 0.164740101 2.638460159 -0.002911498 0.999995708 0.000031462 -2.621594191 -0.164739311 -0.000510673 0.986337006 94.203254700
0.984161973 0.002650723 0.177251577 2.763031006 -0.002675270 0.999996364 -0.000100506 -2.640629768 -0.177251190 -0.000375281 0.984165549 94.723091125
0.981983423 0.001526156 0.188960686 2.892132759 -0.001593758 0.999998689 0.000205813 -2.655950546 -0.188960165 -0.000503263 0.981984735 95.225715637
0.979709387 0.001529724 0.200417608 3.018085480 -0.001596643 0.999998689 0.000172265 -2.674210548 -0.200417116 -0.000488765 0.979710519 95.839324951
0.976937652 0.001529312 0.213519424 3.158607483 -0.001595720 0.999998689 0.000138668 -2.690870047 -0.213518947 -0.000476187 0.976938844 96.371955872
0.974017501 0.001285760 0.226469278 3.308607101 -0.001414046 0.999998927 0.000404236 -2.704700708 -0.226468518 -0.000713971 0.974018216 96.896400452
0.971307278 0.001174183 0.237824768 3.456418991 -0.001301313 0.999999106 0.000377560 -2.723315001 -0.237824082 -0.000676211 0.971307933 97.421737671
0.968294621 0.001035688 0.249808788 3.614748001 -0.001227879 0.999999106 0.000613518 -2.742975712 -0.249807924 -0.000900801 0.968295038 97.957740784
0.964771509 0.000924193 0.263087571 3.790220261 -0.001154809 0.999999106 0.000721946 -2.761078835 -0.263086647 -0.001000329 0.964771748 98.471435547
0.961092651 0.000833258 0.276225448 3.966062546 -0.000966941 0.999999464 0.000347767 -2.768359900 -0.276225001 -0.000601330 0.961092770 99.009407043
0.957962334 0.000367538 0.286893845 4.144756317 -0.000518850 0.999999702 0.000451388 -2.783210039 -0.286893636 -0.000581268 0.957962275 99.524269104
0.953652918 -0.000446451 0.300908476 4.340717316 0.000384790 0.999999881 0.000264185 -2.790021896 -0.300908566 -0.000136154 0.953652978 100.069808960
0.949388862 0.000010324 0.314103127 4.537935257 -0.000032702 1.000000000 0.000065978 -2.804431200 -0.314103127 -0.000072910 0.949388802 100.587203979
0.945386589 -0.000837182 0.325949967 4.731557846 0.000744893 0.999999642 0.000407946 -2.816864014 -0.325950176 -0.000142870 0.945386887 101.100074768
0.940777659 -0.001271962 0.339021713 4.940500259 0.001218134 0.999999166 0.000371566 -2.834927320 -0.339021891 0.000063413 0.940778494 101.617645264
0.935681581 -0.001259129 0.352843374 5.153900146 0.001209134 0.999999225 0.000362099 -2.847802639 -0.352843583 0.000087825 0.935682297 102.111137390
0.930870235 -0.002143438 0.365343720 5.390880585 0.002176561 0.999997556 0.000321168 -2.861672878 -0.365343541 0.000496226 0.930872619 102.638801575
0.926324427 -0.002745019 0.376716971 5.626314163 0.003204095 0.999994636 -0.000592028 -2.868272066 -0.376713395 0.001755447 0.926328182 103.140777588
0.920278490 -0.002832029 0.391253740 5.853931427 0.003031407 0.999995410 0.000108054 -2.883042097 -0.391252309 0.001086610 0.920282841 103.655654907
0.914640009 -0.004014832 0.404249310 6.097377777 0.004225061 0.999991119 0.000372013 -2.900625706 -0.404247254 0.001367720 0.914648712 104.128097534
0.909559846 -0.004466176 0.415549099 6.341323853 0.004850202 0.999988198 0.000131332 -2.910502911 -0.415544868 0.001896042 0.909570754 104.599571228
0.903354764 -0.004350789 0.428872138 6.605930328 0.004396513 0.999989867 0.000884030 -2.937104225 -0.428871602 0.001086949 0.903364778 105.128173828
0.896973014 -0.005060172 0.442056268 6.876823425 0.005089052 0.999986410 0.001120582 -2.957230806 -0.442055941 0.001244516 0.896986544 105.589584351
0.890900195 -0.005859911 0.454161495 7.148754120 0.006135891 0.999980748 0.000866063 -2.966170073 -0.454157859 0.002015110 0.890918970 106.100639343
0.885242283 -0.005423631 0.465098619 7.409637451 0.005595712 0.999983847 0.001010501 -2.975523472 -0.465096593 0.001708020 0.885258317 106.567306519
0.878123641 -0.005885806 0.478397727 7.700607300 0.006208218 0.999980330 0.000907420 -2.988473177 -0.478393674 0.002173170 0.878142774 107.044692993
0.871049047 -0.005623422 0.491163969 7.980453491 0.005792291 0.999982536 0.001176704 -3.005739450 -0.491162032 0.001819998 0.871066391 107.510276794
