1.000000000 0.000000000 0.000000000 0.000000000 0.000000000 1.000000000 0.000000000 0.000000000 0.000000000 0.000000000 1.000000000 0.000000000
1.000000000 0.000077624 0.000001165 0.000132083 -0.000077624 1.000000000 -0.000024231 0.000076775 -0.000001167 0.000024231 1.000000000 -0.000011755
1.000000000 0.000105847 0.000075908 -0.000449255 -0.000105851 1.000000000 0.000048194 -0.000200810 -0.000075903 -0.000048202 1.000000000 0.000292821
1.000000000 -0.000035906 0.000053323 0.000202220 0.000035907 1.000000000 -0.000020029 0.000558379 -0.000053322 0.000020031 1.000000000 0.000743052
1.000000000 -0.000047690 0.000065193 -0.000430693 0.000047687 1.000000000 0.000046974 -0.000274415 -0.000065195 -0.000046971 1.000000000 -0.000417935
1.000000000 0.000014088 0.000127509 -0.000953808 -0.000014090 1.000000000 0.000014387 0.000435135 -0.000127508 -0.000014389 1.000000000 0.000395953
1.000000000 -0.000080035 0.000082117 -0.000043428 0.000080035 1.000000000 -0.000001728 0.000022271 -0.000082117 0.000001735 1.000000000 0.000157503
1.000000000 -0.000007007 0.000062586 0.000092154 0.000007002 1.000000000 0.000093804 -0.000841485 -0.000062587 -0.000093804 1.000000000 -0.000435754
1.000000000 0.000004255 0.000020521 -0.000264904 -0.000004254 1.000000000 -0.000059077 0.000089508 -0.000020521 0.000059077 1.000000000 -0.000028945
1.000000000 0.000006630 0.000069551 0.000175535 -0.000006635 1.000000000 0.000065126 -0.001142589 -0.000069551 -0.000065126 1.000000000 -0.000261693
1.000000000 0.000084806 0.000088570 -0.000680756 -0.000084815 1.000000000 0.000092357 -0.000953081 -0.000088562 -0.000092364 1.000000000 -0.000194256
1.000000000 0.000031678 0.000091923 -0.000031549 -0.000031679 1.000000000 0.000013770 0.000156090 -0.000091922 -0.000013773 1.000000000 0.000588424
1.000000000 0.000073347 0.000031097 -0.000433599 -0.000073346 1.000000000 -0.000041142 -0.000751033 -0.000031100 0.000041139 1.000000000 -0.001169848
1.000000000 0.000063825 0.000051439 -0.000413362 -0.000063825 1.000000000 0.000012909 0.000077640 -0.000051439 -0.000012912 1.000000000 0.000072547
1.000000000 -0.000015894 0.000043826 -0.000152146 0.000015897 1.000000000 -0.000064960 0.000491877 -0.000043825 0.000064961 1.000000000 -0.000032330
1.000000000 0.000017415 -0.000002273 0.000669560 -0.000017415 1.000000000 -0.000033999 0.000804349 0.000002272 0.000033999 1.000000000 0.001005069
1.000000000 0.000030730 0.000077137 -0.000074115 -0.000030725 1.000000000 -0.000062864 0.000960436 -0.000077139 0.000062862 1.000000000 0.001139422
1.000000000 0.000073950 0.000066076 -0.001145244 -0.000073948 1.000000000 -0.000042005 0.000085028 -0.000066079 0.000042000 1.000000000 -0.000542951
1.000000000 0.000194962 0.000135999 -0.001485112 -0.000194959 1.000000000 -0.000021717 0.000469219 -0.000136003 0.000021691 1.000000000 0.000895580
0.999999821 -0.000127467 0.000575114 -0.008306538 0.000127169 0.999999881 0.000516924 -0.007772222 -0.000575179 -0.000516851 0.999999702 0.013722321
0.999999821 -0.000199218 0.000573668 -0.008453549 0.000198930 0.999999881 0.000503380 -0.008418974 -0.000573768 -0.000503266 0.999999702 0.013346178
0.999999821 -0.000167788 0.000537506 -0.008558264 0.000167489 0.999999881 0.000556023 -0.008159232 -0.000537599 -0.000555933 0.999999702 0.013531508
0.999999881 -0.000106335 0.000508723 -0.007551230 0.000106065 0.999999881 0.000530740 -0.007811829 -0.000508779 -0.000530685 0.999999762 0.013812966
0.999999881 -0.000141566 0.000487825 -0.007662698 0.000141313 0.999999881 0.000517309 -0.007920954 -0.000487898 -0.000517240 0.999999762 0.013238026
0.999999881 0.000000543 0.000457960 -0.008088723 -0.000000795 0.999999881 0.000549089 -0.007661621 -0.000457960 -0.000549089 0.999999762 0.013643420
0.999999881 0.000038204 0.000522213 -0.008131717 -0.000038492 0.999999881 0.000550653 -0.008407358 -0.000522192 -0.000550673 0.999999702 0.012947362
0.999999821 -0.000131896 0.000539470 -0.007587159 0.000131598 0.999999881 0.000551943 -0.007390094 -0.000539543 -0.000551872 0.999999702 0.014080439
0.999999821 -0.000099304 0.000572330 -0.008135784 0.000098978 0.999999881 0.000569650 -0.007832210 -0.000572386 -0.000569593 0.999999702 0.013500723
0.999999881 -0.000143303 0.000493158 -0.007601642 0.000143027 0.999999881 0.000559533 -0.007615011 -0.000493238 -0.000559463 0.999999702 0.013345595
0.999999881 -0.000172791 0.000438121 -0.007676661 0.000172547 0.999999881 0.000556467 -0.007871496 -0.000438217 -0.000556392 0.999999762 0.013249118
0.999999821 -0.000146175 0.000577866 -0.008059981 0.000145843 0.999999821 0.000574846 -0.008026849 -0.000577950 -0.000574762 0.999999642 0.014043671
0.999999821 -0.000246699 0.000531561 -0.007628966 0.000246420 0.999999881 0.000524715 -0.007720239 -0.000531690 -0.000524584 0.999999702 0.014021421
0.999999881 -0.000130192 0.000472005 -0.007848661 0.000129991 0.999999940 0.000426057 -0.007225190 -0.000472060 -0.000425995 0.999999821 0.013481514
0.999999821 -0.000156332 0.000534743 -0.008259907 0.000156048 0.999999881 0.000532246 -0.008303918 -0.000534826 -0.000532162 0.999999702 0.013026019
0.999999821 -0.000155617 0.000559590 -0.008555529 0.000155367 0.999999940 0.000446425 -0.008102477 -0.000559659 -0.000446338 0.999999762 0.013153151
0.999999821 -0.000133652 0.000568118 -0.007975143 0.000133380 0.999999881 0.000479909 -0.008073757 -0.000568182 -0.000479833 0.999999702 0.013459804
0.999999821 -0.000157973 0.000529619 -0.007656811 0.000157683 0.999999881 0.000548668 -0.008222355 -0.000529706 -0.000548584 0.999999702 0.013126751
0.999999881 -0.000099665 0.000483477 -0.008008775 0.000099387 0.999999881 0.000573714 -0.008028343 -0.000483534 -0.000573666 0.999999702 0.013312503
0.999999821 -0.000051357 0.000557252 -0.008100637 0.000051060 0.999999881 0.000532786 -0.007908129 -0.000557279 -0.000532758 0.999999702 0.013034785
0.999999881 -0.000108503 0.000511996 -0.007711313 0.000108246 0.999999881 0.000502686 -0.006769032 -0.000512051 -0.000502630 0.999999762 0.013899363
0.999999881 -0.000210678 0.000460887 -0.006958751 0.000210456 0.999999881 0.000480832 -0.008051868 -0.000460988 -0.000480735 0.999999762 0.014165219
0.999999821 0.000131293 0.000672401 -0.007262553 -0.000131250 1.000000119 -0.000063220 -0.010675428 -0.000672409 0.000063132 0.999999762 0.061406627
0.999999702 0.000670260 -0.000088406 0.004879359 -0.000670361 0.999999106 -0.001141623 0.002749658 0.000087641 0.001141682 0.999999344 0.138536647
0.999999702 0.000664087 -0.000061095 0.006224380 -0.000664173 0.999998808 -0.001418552 -0.000849568 0.000060153 0.001418593 0.999998987 0.253009558
0.999999404 0.000991581 -0.000097529 0.009801930 -0.000991713 0.999998569 -0.001370570 -0.002981776 0.000096170 0.001370666 0.999999046 0.385699302
0.999999642 0.000778720 -0.000136065 0.011160864 -0.000778872 0.999999046 -0.001127466 -0.010665349 0.000135187 0.001127572 0.999999344 0.522813141
0.999999940 0.000072522 0.000267272 0.009050243 -0.000072385 0.999999821 -0.000510683 -0.028834714 -0.000267309 0.000510664 0.999999762 0.677288711
0.999999881 0.000143587 0.000453435 0.012509007 -0.000143520 1.000000000 -0.000149402 -0.033416860 -0.000453456 0.000149337 0.999999881 0.840917408
0.999999881 -0.000270779 0.000376810 0.012537749 0.000270961 0.999999821 -0.000484097 -0.032938737 -0.000376679 0.000484199 0.999999821 1.006941080
0.999999940 -0.000342028 0.000285440 0.017051803 0.000342129 0.999999881 -0.000352505 -0.037329443 -0.000285320 0.000352603 0.999999940 1.184122562
0.999999762 0.000389562 0.000467502 0.018451137 -0.000389441 0.999999881 -0.000259406 -0.041696556 -0.000467603 0.000259224 0.999999881 1.384758115
0.999999702 0.000671651 0.000331091 0.021812875 -0.000671511 0.999999642 -0.000420133 -0.044004153 -0.000331373 0.000419911 0.999999821 1.577890992
0.999999821 0.000055868 0.000534295 0.025238825 -0.000055903 0.999999940 0.000065606 -0.057663914 -0.000534291 -0.000065636 0.999999881 1.768765926
0.999999583 0.000584061 0.000722860 0.026190555 -0.000584293 0.999999881 0.000321492 -0.063655443 -0.000722672 -0.000321915 0.999999702 1.970615745
0.999999821 -0.000156340 0.000551748 0.034088720 0.000156058 0.999999821 0.000511831 -0.069459684 -0.000551827 -0.000511744 0.999999702 2.184285879
0.999999702 0.000249333 0.000759546 0.040743694 -0.000249647 0.999999881 0.000413023 -0.077055559 -0.000759443 -0.000413212 0.999999642 2.399374247
0.999999642 0.000406413 0.000761862 0.041536711 -0.000406889 0.999999702 0.000625021 -0.087276861 -0.000761608 -0.000625331 0.999999523 2.621822357
0.999999583 0.000248739 0.001008688 0.047958028 -0.000249238 0.999999821 0.000494929 -0.090659030 -0.001008565 -0.000495180 0.999999285 2.854987621
0.999999404 0.000214534 0.001085988 0.052164502 -0.000214982 0.999999821 0.000413138 -0.096722588 -0.001085899 -0.000413371 0.999999225 3.092960835
0.999999404 0.000399028 0.001003454 0.055670895 -0.000399874 0.999999583 0.000842642 -0.104742013 -0.001003118 -0.000843043 0.999999106 3.331478596
0.999999583 0.000163356 0.000923317 0.066659458 -0.000163995 0.999999702 0.000692829 -0.111169912 -0.000923203 -0.000692980 0.999999344 3.582407236
0.999999285 0.000472667 0.001115608 0.066758446 -0.000473598 0.999999523 0.000834437 -0.120092258 -0.001115214 -0.000834964 0.999999046 3.834574699
0.999999464 0.000090737 0.001064558 0.072417252 -0.000091883 0.999999404 0.001077064 -0.126683980 -0.001064460 -0.001077161 0.999998927 4.091163158
0.999998927 0.000695342 0.001288242 0.074477531 -0.000696341 0.999999464 0.000775258 -0.129666448 -0.001287702 -0.000776154 0.999998868 4.352969170
0.999998569 0.000758068 0.001495796 0.078451358 -0.000759160 0.999999464 0.000729603 -0.137205780 -0.001495242 -0.000730738 0.999998629 4.611992359
0.999998987 0.000541286 0.001338973 0.089305311 -0.000542321 0.999999523 0.000772732 -0.141015247 -0.001338554 -0.000773457 0.999998748 4.871861458
0.999998927 0.000738539 0.001298063 0.096472405 -0.000739647 0.999999344 0.000852626 -0.147189438 -0.001297433 -0.000853585 0.999998808 5.135716915
0.999998093 0.000998652 0.001624826 0.092512161 -0.001000185 0.999999046 0.000943463 -0.157202333 -0.001623882 -0.000945086 0.999998152 5.402688503
0.999998271 0.000813013 0.001684429 0.097884700 -0.000814495 0.999999285 0.000879242 -0.163866058 -0.001683712 -0.000880612 0.999998152 5.667792320
0.999998271 0.001008234 0.001574861 0.100749396 -0.001009778 0.999998927 0.000979754 -0.170928776 -0.001573872 -0.000981343 0.999998271 5.940364361
0.999998450 0.000754881 0.001605366 0.107858792 -0.000756186 0.999999523 0.000812425 -0.178301945 -0.001604752 -0.000813638 0.999998391 6.227252960
0.999998152 0.000925997 0.001725120 0.114438362 -0.000927492 0.999999225 0.000865762 -0.184720457 -0.001724317 -0.000867360 0.999998152 6.515309811
0.999998331 0.000785568 0.001655143 0.123649500 -0.000787328 0.999999046 0.001062672 -0.193530649 -0.001654307 -0.001063974 0.999998033 6.806469917
0.999997854 0.000956058 0.001793951 0.127636984 -0.000957668 0.999999106 0.000896912 -0.199315906 -0.001793092 -0.000898628 0.999997973 7.102224350
0.999998271 0.000835568 0.001642263 0.138064966 -0.000837560 0.999998927 0.001212411 -0.211854845 -0.001641248 -0.001213784 0.999997914 7.402315617
0.999997079 0.001305472 0.002028314 0.140736535 -0.001307858 0.999998450 0.001175756 -0.223001823 -0.002026776 -0.001178405 0.999997258 7.704833508
0.999998093 0.000980555 0.001693030 0.154364020 -0.000982578 0.999998808 0.001194119 -0.228783801 -0.001691857 -0.001195780 0.999997854 8.024515152
0.999996901 0.001547433 0.001970187 0.155820966 -0.001550672 0.999997497 0.001643696 -0.243791163 -0.001967638 -0.001646746 0.999996722 8.332167625
0.999997437 0.001163129 0.001968088 0.165097073 -0.001166044 0.999998212 0.001480840 -0.250024527 -0.001966363 -0.001483131 0.999996960 8.659191132
0.999995947 0.001776308 0.002187036 0.167704746 -0.001779489 0.999997318 0.001453231 -0.261158317 -0.002184449 -0.001457117 0.999996543 8.996544838
0.999995708 0.002013031 0.002143713 0.179372638 -0.002015719 0.999997199 0.001252635 -0.272921413 -0.002141186 -0.001256950 0.999996901 9.340910912
0.999994278 0.002317338 0.002502821 0.181020066 -0.002320597 0.999996424 0.001299874 -0.285021663 -0.002499800 -0.001305674 0.999996006 9.674173355
0.999994338 0.002055743 0.002678794 0.187572807 -0.002059941 0.999996662 0.001565338 -0.293739498 -0.002675567 -0.001570848 0.999995172 10.028705597
0.999994159 0.002387177 0.002453418 0.195251867 -0.002390429 0.999996185 0.001323687 -0.301747233 -0.002450248 -0.001329544 0.999996126 10.382999420
0.999994695 0.002267409 0.002347252 0.205176368 -0.002270467 0.999996603 0.001300898 -0.311966717 -0.002344295 -0.001306220 0.999996424 10.747343063
0.999995053 0.002193290 0.002257940 0.216128439 -0.002196736 0.999996424 0.001524881 -0.320708990 -0.002254588 -0.001529833 0.999996305 11.105939865
0.999995828 0.001888380 0.002190721 0.226566672 -0.001892276 0.999996662 0.001777643 -0.331126928 -0.002187358 -0.001781781 0.999996006 11.483890533
0.999992847 0.002711258 0.002637684 0.228326872 -0.002715755 0.999994874 0.001702970 -0.342494130 -0.002633053 -0.001710122 0.999995053 11.869015694
0.999992728 0.002660780 0.002737030 0.236859068 -0.002665550 0.999994934 0.001740310 -0.354079306 -0.002732386 -0.001747593 0.999994755 12.257131577
0.999992192 0.002759686 0.002837325 0.245552763 -0.002765188 0.999994218 0.001936803 -0.367342025 -0.002831963 -0.001944633 0.999994099 12.638972282
0.999989927 0.003073718 0.003263219 0.247663677 -0.003080953 0.999992728 0.002214367 -0.377831936 -0.003256389 -0.002224398 0.999992251 13.050122261
0.999991775 0.002687216 0.003031946 0.264606893 -0.002692998 0.999994576 0.001904736 -0.389936477 -0.003026811 -0.001912886 0.999993563 13.440634727
0.999991179 0.002681852 0.003226263 0.274099350 -0.002688342 0.999994397 0.002008928 -0.400835246 -0.003220858 -0.002017583 0.999992788 13.845645905
0.999990523 0.002817900 0.003311223 0.289663613 -0.002824954 0.999993742 0.002127524 -0.410338134 -0.003305207 -0.002136858 0.999992192 14.252219200
0.999988317 0.003054131 0.003774365 0.295577019 -0.003061560 0.999993384 0.001963767 -0.424334586 -0.003768343 -0.001975300 0.999990940 14.677385330
0.999988616 0.003155368 0.003565491 0.309964478 -0.003162539 0.999992907 0.002007466 -0.434067726 -0.003559131 -0.002018719 0.999991655 15.112784386
0.999989510 0.002706210 0.003698045 0.321029097 -0.002714290 0.999993920 0.002181588 -0.445901543 -0.003692118 -0.002191602 0.999990761 15.543075562
0.999985278 0.002997929 0.004509941 0.320039153 -0.003006634 0.999993622 0.001924738 -0.459323168 -0.004504140 -0.001938269 0.999987960 16.001918793
0.999982059 0.003431599 0.004897605 0.328930557 -0.003442361 0.999991655 0.002190555 -0.471996456 -0.004890047 -0.002207375 0.999985635 16.433324814
0.999980390 0.003656010 0.005081021 0.340199411 -0.003666940 0.999990940 0.002143600 -0.486045480 -0.005073137 -0.002162190 0.999984860 16.876697540
0.999981821 0.003046711 0.005203668 0.355500638 -0.003057478 0.999993205 0.002062306 -0.498031437 -0.005197350 -0.002078179 0.999984324 17.336011887
0.999981225 0.003084004 0.005290686 0.365661770 -0.003096237 0.999992609 0.002305456 -0.512885451 -0.005283536 -0.002321793 0.999983370 17.785642624
0.999978900 0.003036840 0.005741989 0.378680080 -0.003048751 0.999993205 0.002066744 -0.521366179 -0.005735673 -0.002084206 0.999981403 18.280975342
0.999976099 0.003266436 0.006095014 0.389069825 -0.003279761 0.999992251 0.002177528 -0.531226754 -0.006087855 -0.002197467 0.999979079 18.733766556
0.999979079 0.003027869 0.005737254 0.407036066 -0.003040568 0.999992907 0.002205812 -0.548447728 -0.005730534 -0.002223210 0.999981105 19.233892441
0.999972820 0.003603984 0.006435764 0.413753033 -0.003618847 0.999990821 0.002299164 -0.563977242 -0.006427419 -0.002322391 0.999976635 19.708106995
0.999975920 0.003427424 0.006034104 0.423582613 -0.003443953 0.999990344 0.002730998 -0.575470507 -0.006024685 -0.002751714 0.999978006 20.213876724
0.999976158 0.003338162 0.006045565 0.440446973 -0.003352887 0.999991357 0.002427127 -0.591185510 -0.006037411 -0.002447339 0.999978781 20.672849655
0.999974608 0.003894318 0.005979270 0.451223254 -0.003907087 0.999990046 0.002125350 -0.600818753 -0.005970934 -0.002148658 0.999979854 21.170410156
0.999981225 0.003190282 0.005216923 0.461092293 -0.003201403 0.999992609 0.002124673 -0.610873282 -0.005210106 -0.002141335 0.999984145 21.684753418
0.999983370 0.003164513 0.004850669 0.472136974 -0.003174918 0.999992669 0.002138728 -0.627325058 -0.004843866 -0.002154092 0.999985933 22.193931580
0.999985039 0.002906015 0.004643827 0.487965405 -0.002916293 0.999993324 0.002207970 -0.643838465 -0.004637379 -0.002221479 0.999986768 22.701068878
0.999986708 0.003089875 0.004129527 0.497804523 -0.003098716 0.999992847 0.002136108 -0.653646588 -0.004122897 -0.002148876 0.999989212 23.199422836
0.999989152 0.002870122 0.003653344 0.509016633 -0.002880123 0.999992132 0.002735322 -0.681373358 -0.003645465 -0.002745815 0.999989629 23.709367752
0.999994099 0.001793849 0.002933702 0.519550204 -0.001800019 0.999996066 0.002102186 -0.693353534 -0.002929919 -0.002107455 0.999993503 24.227216721
0.999992907 0.002378146 0.002909415 0.526632667 -0.002384386 0.999994814 0.002143326 -0.703168869 -0.002904302 -0.002150248 0.999993443 24.794372559
0.999993861 0.002721149 0.002207329 0.538262606 -0.002726621 0.999993205 0.002479896 -0.718875825 -0.002200566 -0.002485899 0.999994516 25.329877853
0.999993861 0.003225252 0.001398708 0.552825689 -0.003228838 0.999991477 0.002569373 -0.736222684 -0.001390409 -0.002573874 0.999995768 25.875543594
0.999996185 0.002534200 0.001125388 0.554835975 -0.002536902 0.999993861 0.002406755 -0.749420464 -0.001119282 -0.002409600 0.999996483 26.430755615
0.999997973 0.001945074 -0.000314012 0.590574026 -0.001944203 0.999994397 0.002750111 -0.753890038 0.000319359 -0.002749496 0.999996185 27.004686356
0.999997675 0.002086178 0.000533806 0.573251009 -0.002088119 0.999991119 0.003660413 -0.793637574 -0.000526165 -0.003661520 0.999993145 27.526887894
0.999996841 0.002528925 0.000086918 0.590462029 -0.002529173 0.999992371 0.002978548 -0.793568432 -0.000079385 -0.002978759 0.999995649 28.124441147
0.999994695 0.003253292 0.000109066 0.588120997 -0.003253641 0.999989033 0.003366431 -0.818998575 -0.000098113 -0.003366768 0.999994338 28.616765976
0.999994755 0.003230677 -0.000211574 0.603256643 -0.003229966 0.999989331 0.003275797 -0.830479503 0.000222155 -0.003275097 0.999994636 29.168684006
0.999994695 0.003222884 -0.000450236 0.611475110 -0.003221502 0.999990225 0.003035235 -0.839483619 0.000460014 -0.003033768 0.999995232 29.717008591
0.999994159 0.003319551 -0.000747513 0.618781209 -0.003317220 0.999989688 0.003099122 -0.852340281 0.000757794 -0.003096624 0.999994934 30.263826370
0.999993801 0.003429107 -0.000796936 0.631579638 -0.003426485 0.999988794 0.003268397 -0.867343724 0.000808135 -0.003265646 0.999994397 30.805105209
0.999992788 0.003623222 -0.001147515 0.640118361 -0.003619470 0.999988079 0.003254142 -0.884197295 0.001159291 -0.003249965 0.999994040 31.347011566
0.999989450 0.004341646 -0.001491329 0.645040691 -0.004336942 0.999985576 0.003142833 -0.899097025 0.001504952 -0.003136332 0.999993920 31.896284103
0.999991119 0.003673950 -0.002062281 0.662991405 -0.003667911 0.999988914 0.002924965 -0.905359864 0.002073005 -0.002917374 0.999993622 32.455585480
0.999990046 0.003723934 -0.002444215 0.661811411 -0.003716236 0.999988139 0.003146296 -0.924867690 0.002455902 -0.003137182 0.999992132 32.992164612
0.999990702 0.003684336 -0.002237849 0.672615290 -0.003678449 0.999989808 0.002629053 -0.928102076 0.002247513 -0.002620797 0.999994040 33.546836853
0.999989212 0.003569272 -0.002956172 0.699324846 -0.003561031 0.999989748 0.002788169 -0.943385363 0.002966094 -0.002777611 0.999991775 34.116958618
0.999988854 0.003586579 -0.003067598 0.698811352 -0.003577412 0.999989092 0.002988379 -0.959410012 0.003078281 -0.002977371 0.999990821 34.605407715
0.999987185 0.003970298 -0.003135137 0.706226110 -0.003961581 0.999988258 0.002781676 -0.969494462 0.003146144 -0.002769220 0.999991298 35.190853119
0.999989331 0.003467940 -0.003056153 0.719677269 -0.003459667 0.999990344 0.002708076 -0.986081302 0.003065515 -0.002697474 0.999991715 35.676605225
0.999987066 0.003800685 -0.003354927 0.718814254 -0.003791426 0.999988973 0.002761814 -0.999303818 0.003365388 -0.002749059 0.999990582 36.233676910
0.999985814 0.004023756 -0.003481625 0.726924658 -0.004015093 0.999988854 0.002491765 -1.012166142 0.003491613 -0.002477751 0.999990880 36.786270142
0.999987900 0.003383619 -0.003598129 0.737241447 -0.003374622 0.999991179 0.002503511 -1.025246024 0.003606568 -0.002491338 0.999990404 37.334556580
0.999986947 0.003405150 -0.003811829 0.752413988 -0.003396722 0.999991775 0.002215213 -1.041435480 0.003819341 -0.002202236 0.999990284 37.871288300
0.999985754 0.003482216 -0.004033646 0.743406177 -0.003471567 0.999990463 0.002643794 -1.058923841 0.004042814 -0.002629753 0.999988377 38.403335571
0.999985874 0.003461762 -0.004030899 0.776706576 -0.003451988 0.999991059 0.002429296 -1.076699257 0.004039273 -0.002415347 0.999988914 38.964313507
0.999984980 0.002829287 -0.004686234 0.794672370 -0.002818095 0.999993205 0.002393157 -1.074743390 0.004692972 -0.002379915 0.999986112 39.538173676
0.999986053 0.002931088 -0.004391840 0.786707282 -0.002921702 0.999993443 0.002142110 -1.100234747 0.004398090 -0.002129249 0.999988079 40.079166412
0.999986470 0.002855431 -0.004346666 0.795768976 -0.002846402 0.999993801 0.002081922 -1.116387129 0.004352584 -0.002069521 0.999988377 40.631671906
0.999983549 0.002946800 -0.004903835 0.807680309 -0.002937830 0.999993980 0.001835286 -1.127867341 0.004909213 -0.001820850 0.999986351 41.178855896
0.999985814 0.003056518 -0.004354933 0.803617358 -0.003047183 0.999992967 0.002148674 -1.143512368 0.004361470 -0.002135373 0.999988198 41.713836670
0.999985337 0.003391450 -0.004232198 0.810398161 -0.003384200 0.999992788 0.001718937 -1.154059291 0.004237995 -0.001704589 0.999989510 42.266082764
0.999987304 0.002747322 -0.004235270 0.820714116 -0.002738308 0.999993980 0.002132817 -1.180695772 0.004241104 -0.002121192 0.999988735 42.783023834
0.999986470 0.002381286 -0.004623289 0.828520656 -0.002373327 0.999995589 0.001726243 -1.186748266 0.004627379 -0.001715247 0.999987841 43.315837860
0.999982834 0.002574996 -0.005250981 0.842622101 -0.002566244 0.999995291 0.001672621 -1.199205399 0.005255265 -0.001659118 0.999984801 43.924438477
0.999983191 0.001929339 -0.005463488 0.849645257 -0.001916699 0.999995470 0.002317716 -1.219561577 0.005467935 -0.002307205 0.999982357 44.455982208
0.999983251 0.002203399 -0.005351526 0.857045412 -0.002192974 0.999995708 0.001953250 -1.227917194 0.005355807 -0.001941481 0.999983788 45.009086609
0.999982655 0.002340550 -0.005406971 0.866400301 -0.002330333 0.999995530 0.001895251 -1.241748571 0.005411382 -0.001882618 0.999983609 45.557941437
0.999986053 0.002542789 -0.004611883 0.869977355 -0.002536142 0.999995708 0.001446592 -1.256642699 0.004615541 -0.001434876 0.999988317 46.100872040
0.999980569 0.004043608 -0.004746456 0.876496911 -0.004035014 0.999990165 0.001818529 -1.274512291 0.004753763 -0.001799341 0.999987066 46.631458282
0.999979436 0.004026330 -0.004996226 0.892234564 -0.004015889 0.999989629 0.002098174 -1.288493276 0.005004623 -0.002078066 0.999985278 47.172290802
0.999977767 0.003928537 -0.005400144 0.904574156 -0.003917789 0.999990344 0.001999200 -1.299604774 0.005407945 -0.001977999 0.999983370 47.723762512
0.999976516 0.004079589 -0.005500618 0.932574034 -0.004067388 0.999989271 0.002227517 -1.336805344 0.005509646 -0.002205092 0.999982417 48.203651428
0.999978900 0.004614555 -0.004569233 0.937392473 -0.004602823 0.999986112 0.002574786 -1.349498630 0.004581052 -0.002553700 0.999986231 48.725337982
0.999978304 0.004669586 -0.004653498 0.948659778 -0.004659197 0.999986708 0.002240911 -1.360284686 0.004663900 -0.002219181 0.999986649 49.279792786
0.999975324 0.004470648 -0.005422893 0.987692952 -0.004458296 0.999987364 0.002287647 -1.377920151 0.005433051 -0.002263414 0.999982655 49.798706055
0.999975979 0.004953331 -0.004850835 0.976427794 -0.004941024 0.999984503 0.002545899 -1.392192245 0.004863372 -0.002521869 0.999984980 50.324092865
0.999974966 0.004867352 -0.005129294 0.986742079 -0.004856188 0.999985814 0.002186471 -1.405253172 0.005139863 -0.002161508 0.999984443 50.857215881
0.999975681 0.005243404 -0.004602272 0.976305723 -0.005232869 0.999983668 0.002298087 -1.414960623 0.004614246 -0.002273948 0.999986768 51.333518982
0.999972701 0.005459001 -0.004973406 0.975095391 -0.005446457 0.999981940 0.002532153 -1.431195736 0.004987139 -0.002504997 0.999984443 51.840209961
0.999969721 0.005630579 -0.005375109 0.985677481 -0.005617830 0.999981284 0.002384334 -1.446663976 0.005388434 -0.002354065 0.999982774 52.383003235
0.999974072 0.005530837 -0.004615389 0.980781317 -0.005520224 0.999982059 0.002309070 -1.458954930 0.004628079 -0.002283532 0.999986708 52.868793488
0.999976099 0.005197516 -0.004565498 0.982234359 -0.005187187 0.999983966 0.002271394 -1.472767591 0.004577231 -0.002247658 0.999987006 53.396492004
0.999974847 0.005586830 -0.004372055 0.985335886 -0.005579907 0.999983072 0.001594468 -1.485098243 0.004380890 -0.001570032 0.999989152 53.922103882
0.999973476 0.005788007 -0.004410882 0.983842015 -0.005778474 0.999980867 0.002170573 -1.502252817 0.004423361 -0.002145027 0.999987900 54.448051453
0.999972403 0.006237240 -0.004023301 0.989837527 -0.006229536 0.999978662 0.001924412 -1.513886094 0.004035220 -0.001899296 0.999990106 55.001335144
0.999975622 0.005768803 -0.003925935 0.982511103 -0.005761170 0.999981523 0.001952293 -1.517599463 0.003937125 -0.001929628 0.999990404 55.484382629
0.999972999 0.006295891 -0.003782476 0.979437947 -0.006288781 0.999978423 0.001888697 -1.527858377 0.003794285 -0.001864859 0.999991059 56.005870819
0.999974072 0.006256324 -0.003565825 0.982090175 -0.006250373 0.999979019 0.001677559 -1.534864068 0.003576246 -0.001655228 0.999992251 56.526634216
0.999974251 0.006458985 -0.003134795 0.964941680 -0.006455009 0.999978304 0.001277219 -1.542440176 0.003142977 -0.001256951 0.999994218 57.051109314
0.999972999 0.006594192 -0.003255030 0.975287020 -0.006589424 0.999977171 0.001473337 -1.561434150 0.003264671 -0.001451848 0.999993563 57.597801208
0.999976337 0.006364033 -0.002662146 0.955170929 -0.006359197 0.999978065 0.001821874 -1.586941242 0.002673682 -0.001804901 0.999994814 58.072853088
0.999979436 0.005757433 -0.002837409 0.995003164 -0.005753844 0.999982655 0.001271565 -1.574299574 0.002844681 -0.001255212 0.999995172 58.722263336
0.999974310 0.006777629 -0.002297087 0.950945020 -0.006772459 0.999974489 0.002251199 -1.622107983 0.002312287 -0.002235584 0.999994814 59.086841583
0.999978065 0.006139291 -0.002473970 0.959036946 -0.006134690 0.999979436 0.001863209 -1.634379745 0.002485358 -0.001847991 0.999995232 59.617797852
0.999977171 0.006212213 -0.002647795 0.966536045 -0.006206428 0.999978423 0.002186876 -1.647475123 0.002661323 -0.002170393 0.999994159 60.168243408
0.999972522 0.007121772 -0.002028401 0.964332342 -0.007117121 0.999972045 0.002290328 -1.667084694 0.002044657 -0.002275829 0.999995291 60.671627045
0.999971688 0.007306498 -0.001757915 0.974156857 -0.007302102 0.999970257 0.002494167 -1.684086084 0.001776086 -0.002481260 0.999995351 61.208393097
0.999971867 0.007264256 -0.001859547 0.975916684 -0.007260032 0.999971032 0.002268147 -1.698731899 0.001875968 -0.002254583 0.999995708 61.753475189
0.999967873 0.007912265 -0.001210985 0.981919467 -0.007910202 0.999967217 0.001699222 -1.708506346 0.001224390 -0.001689589 0.999997795 62.297256470
0.999966323 0.008080255 -0.001401155 0.980285823 -0.008077098 0.999964833 0.002245162 -1.725921035 0.001419247 -0.002233770 0.999996424 62.834033966
0.999963999 0.008377510 -0.001336979 0.986394405 -0.008374765 0.999962807 0.002048080 -1.741968870 0.001354089 -0.002036809 0.999997020 63.372604370
0.999964178 0.008385328 -0.001088247 0.992828190 -0.008383179 0.999962926 0.001963035 -1.755081654 0.001104667 -0.001953842 0.999997437 63.912605286
0.999964595 0.008332831 -0.001154928 0.995196939 -0.008330830 0.999963760 0.001726451 -1.767804384 0.001169271 -0.001716769 0.999997795 64.449699402
0.999968767 0.007812630 -0.001177170 1.008384705 -0.007810438 0.999967754 0.001856288 -1.788007736 0.001191635 -0.001847036 0.999997556 64.987686157
0.999966025 0.008172278 -0.001082231 1.015951872 -0.008170085 0.999964595 0.002016166 -1.801670790 0.001098669 -0.002007255 0.999997377 65.530952454
0.999966860 0.008107301 -0.000765058 1.013737321 -0.008105964 0.999965668 0.001735727 -1.818638206 0.000779104 -0.001729468 0.999998212 66.096260071
0.999967694 0.008028193 -0.000166380 1.036220908 -0.008028014 0.999967217 0.001058060 -1.819600105 0.000174868 -0.001056690 0.999999404 66.668525696
0.999966979 0.008067710 -0.000968922 1.037649870 -0.008066298 0.999966443 0.001450863 -1.847857237 0.000980594 -0.001442999 0.999998450 67.179306030
0.999971330 0.007423699 -0.001510233 1.054029942 -0.007422640 0.999972224 0.000705083 -1.862572908 0.001515425 -0.000693853 0.999998629 67.699241638
0.999962807 0.008614770 -0.000380057 1.046394229 -0.008614264 0.999962032 0.001311804 -1.881513953 0.000391344 -0.001308482 0.999999046 68.275009155
0.999961495 0.008755439 -0.000615031 1.053867221 -0.008754537 0.999960601 0.001452452 -1.897666097 0.000627724 -0.001447012 0.999998748 68.813407898
0.999956071 0.009364638 -0.000444439 1.068009138 -0.009364153 0.999955595 0.001080012 -1.917173982 0.000454533 -0.001075803 0.999999285 69.362419128
0.999956012 0.009382095 -0.000175876 1.074336886 -0.009381875 0.999955237 0.001212643 -1.932626247 0.000187246 -0.001210939 0.999999285 69.920318604
0.999959767 0.008953966 -0.000538462 1.084623814 -0.008953425 0.999959350 0.000997606 -1.943311095 0.000547374 -0.000992745 0.999999344 70.448379517
0.999954820 0.009501307 0.000171902 1.077957034 -0.009501447 0.999954522 0.000844787 -1.966976285 -0.000163868 -0.000846382 0.999999642 70.979148865
0.999963880 0.008491932 -0.000201380 1.097026229 -0.008491729 0.999963462 0.000985415 -1.985697508 0.000209742 -0.000983670 0.999999464 71.525024414
0.999958694 0.009087463 0.000175050 1.100463629 -0.009087585 0.999958575 0.000695911 -2.001624107 -0.000168719 -0.000697473 0.999999762 72.071777344
0.999963343 0.008557998 -0.000185717 1.115377188 -0.008557888 0.999963224 0.000586590 -2.015272617 0.000190730 -0.000584979 0.999999821 72.629890442
0.999962986 0.008600359 -0.000086751 1.122357607 -0.008600300 0.999962807 0.000680838 -2.032864094 0.000092604 -0.000680067 0.999999702 73.184272766
0.999956608 0.009307708 0.000443282 1.124673247 -0.009307972 0.999956489 0.000593938 -2.045582533 -0.000437734 -0.000598039 0.999999702 73.734306335
0.999952674 0.009703999 0.000768483 1.134532809 -0.009704535 0.999952614 0.000696232 -2.056394815 -0.000761690 -0.000703656 0.999999464 74.287315369
0.999954164 0.009556401 0.000592109 1.141378880 -0.009556474 0.999954283 0.000119989 -2.069550276 -0.000590935 -0.000125642 0.999999821 74.850143433
0.999955654 0.009404353 0.000430961 1.157730460 -0.009404442 0.999955773 0.000202809 -2.090040445 -0.000429035 -0.000206852 0.999999881 75.387046814
0.999957323 0.009235101 0.000038386 1.167438507 -0.009235096 0.999957323 -0.000098933 -2.103524923 -0.000039297 0.000098575 1.000000000 75.925643921
0.999954820 0.009496980 0.000100596 1.179814816 -0.009496937 0.999954820 -0.000417195 -2.120014668 -0.000104554 0.000416221 0.999999881 76.472465515
0.999953091 0.009688362 0.000165789 1.190412164 -0.009688267 0.999952972 -0.000567370 -2.134645939 -0.000171278 0.000565737 0.999999821 77.017005920
0.999955058 0.009486516 0.000293760 1.188927650 -0.009486568 0.999954998 0.000179993 -2.160918951 -0.000292039 -0.000182772 0.999999940 77.550476074
0.999960661 0.008857395 0.000474694 1.204770923 -0.008857317 0.999960780 -0.000163794 -2.171113968 -0.000476126 0.000159583 0.999999881 78.097679138
0.999954402 0.009519286 0.000732432 1.213254690 -0.009519135 0.999954641 -0.000211734 -2.183572054 -0.000734414 0.000204752 0.999999702 78.640815735
0.999954164 0.009560001 0.000502186 1.227242112 -0.009559767 0.999954343 -0.000459580 -2.196549177 -0.000506559 0.000454758 0.999999762 79.182167053
0.999947548 0.010214862 0.000754239 1.237637520 -0.010214320 0.999947608 -0.000718095 -2.212364912 -0.000761536 0.000710353 0.999999464 79.728187561
0.999958396 0.009024129 0.001262222 1.259293318 -0.009023971 0.999959230 -0.000131074 -2.233695507 -0.001263353 0.000119679 0.999999166 80.285072327
0.999948978 0.009676272 0.002921008 1.267193675 -0.009672520 0.999952376 -0.001295833 -2.237924814 -0.002933408 0.001267513 0.999994874 80.859451294
0.999957085 0.008710575 0.003162412 1.295296550 -0.008710041 0.999962032 -0.000183311 -2.264960051 -0.003163889 0.000155758 0.999994934 81.358886719
0.999952197 0.008846929 0.004161139 1.308972597 -0.008846605 0.999960840 -0.000096119 -2.279682636 -0.004161828 0.000059303 0.999991298 81.919418335
0.999923587 0.009665991 0.007705200 1.326737881 -0.009664420 0.999953270 -0.000241176 -2.298634768 -0.007707171 0.000166691 0.999970257 82.462127686
0.999887705 0.009648054 0.011462499 1.347857475 -0.009646502 0.999953449 -0.000190394 -2.313797712 -0.011463802 0.000079799 0.999934256 83.000381470
0.999847949 0.009593246 0.014561129 1.371388197 -0.009590595 0.999953985 -0.000251946 -2.334182739 -0.014562876 0.000112258 0.999893904 83.552536011
0.999782264 0.009494234 0.018580990 1.405758619 -0.009485856 0.999954879 -0.000538977 -2.351865530 -0.018585268 0.000362603 0.999827206 84.101837158
0.999638855 0.010207071 0.024856629 1.432739496 -0.010200463 0.999947906 -0.000392649 -2.368968487 -0.024859346 0.000138958 0.999690890 84.659530640
0.999478340 0.009860822 0.030753065 1.465344071 -0.009852029 0.999951363 -0.000437386 -2.386350155 -0.030755883 0.000134178 0.999526918 85.219375610
0.999289930 0.009414591 0.036480661 1.501413465 -0.009406431 0.999955654 -0.000395290 -2.402699232 -0.036482763 0.000051856 0.999334276 85.774421692
0.998952150 0.009754368 0.044714656 1.542008400 -0.009740252 0.999952555 -0.000533574 -2.416776657 -0.044717733 0.000097483 0.998999655 86.346633911
0.998530328 0.009614456 0.053336371 1.590799093 -0.009571733 0.999953628 -0.001056419 -2.432507277 -0.053344049 0.000544345 0.998576045 86.901855469
0.998132527 0.009235817 0.060384315 1.644180775 -0.009190112 0.999957263 -0.001034584 -2.446987867 -0.060391292 0.000477714 0.998174667 87.451301575
0.997527063 0.009737632 0.069604658 1.689759731 -0.009688324 0.999952495 -0.001045944 -2.461640596 -0.069611520 0.000369005 0.997574091 88.034202576
0.996825099 0.009173320 0.079091854 1.761437893 -0.009082105 0.999957621 -0.001512919 -2.472087860 -0.079102367 0.000789795 0.996866226 88.550178528
0.996061206 0.009114020 0.088198610 1.830351353 -0.009032821 0.999958336 -0.001319693 -2.490904093 -0.088206954 0.000517812 0.996101975 89.169441223
0.995405018 0.008686599 0.095358871 1.905417442 -0.008540479 0.999961674 -0.001940343 -2.513753653 -0.095372066 0.001117017 0.995441020 89.722640991
0.994403422 0.008888311 0.105275646 1.990296364 -0.008705477 0.999959767 -0.002196118 -2.527394295 -0.105290927 0.001267353 0.994440675 90.253936768
0.993222952 0.008713521 0.115896940 2.071497917 -0.008567166 0.999961674 -0.001760905 -2.551576614 -0.115907840 0.000756064 0.993259668 90.827552795
0.992107809 0.008129506 0.125123784 2.171340942 -0.007883453 0.999965847 -0.002461518 -2.558344603 -0.125139534 0.001455683 0.992138207 91.396553040
0.990544498 0.008385897 0.136935219 2.263355255 -0.008170933 0.999964356 -0.002131843 -2.578185558 -0.136948213 0.000992796 0.990577757 91.930740356
0.988803804 0.008284967 0.148990750 2.380240440 -0.008040191 0.999965131 -0.002245160 -2.599092007 -0.149004146 0.001022108 0.988836050 92.502441406
0.987167716 0.007484851 0.159511492 2.491350174 -0.007168441 0.999971032 -0.002558945 -2.616505623 -0.159526005 0.001382660 0.987192750 93.059669495
0.985367477 0.007349624 0.170284703 2.606597900 -0.007001091 0.999971986 -0.002647164 -2.635265350 -0.170299396 0.001416250 0.985391378 93.629425049
0.983097315 0.006614002 0.182963863 2.729150772 -0.006179921 0.999976516 -0.002942566 -2.649500847 -0.182979062 0.001762127 0.983115256 94.169525146
0.980681300 0.006960053 0.195488453 2.867221832 -0.006566087 0.999974847 -0.002663281 -2.671292067 -0.195502102 0.001328235 0.980702341 94.723556519
0.978437483 0.007601852 0.206403181 2.968408585 -0.007309826 0.999970913 -0.002177408 -2.692378759 -0.206413761 0.000621686 0.978464663 95.252693176
0.975909591 0.006053098 0.218091354 3.151014328 -0.005501340 0.999979973 -0.003137064 -2.703762054 -0.218105972 0.001861697 0.975923240 95.780448914
0.972758710 0.005153690 0.231762737 3.296598434 -0.004581288 0.999984920 -0.003007930 -2.726324320 -0.231774747 0.001864218 0.972767651 96.341331482
0.970108688 0.004623275 0.242626518 3.437864304 -0.003997894 0.999987304 -0.003069839 -2.748000860 -0.242637590 0.002008083 0.970114946 96.845710754
0.967229426 0.005254518 0.253849626 3.626226425 -0.004594957 0.999984324 -0.003191092 -2.772979736 -0.253862411 0.001920090 0.967238426 97.406059265
0.963599265 0.005915465 0.267285198 3.797582626 -0.005455010 0.999982059 -0.002465211 -2.797777176 -0.267294973 0.000917432 0.963614345 97.925415039
0.960117877 0.005215463 0.279546589 3.980979919 -0.004602666 0.999985278 -0.002848486 -2.815095425 -0.279557377 0.001448222 0.960127890 98.472854614
0.956662476 0.005575096 0.291145682 4.153238297 -0.004993859 0.999983788 -0.002739412 -2.828495502 -0.291156232 0.001166752 0.956674755 98.988403320
0.952310920 0.005051535 0.305087477 4.364345551 -0.004481005 0.999986649 -0.002570273 -2.859283924 -0.305096328 0.001080601 0.952320874 99.534812927
0.947696686 0.004844170 0.319135517 4.570253372 -0.004310746 0.999987900 -0.002377769 -2.874495506 -0.319143146 0.000877692 0.947706103 100.064338684
0.943725348 0.004925629 0.330693543 4.773202896 -0.004244215 0.999987066 -0.002782614 -2.887518167 -0.330702960 0.001222489 0.943734050 100.566741943
0.939088464 0.004926884 0.343640059 4.987598419 -0.004363013 0.999987543 -0.002414061 -2.914094925 -0.343647689 0.000767711 0.939098299 101.030494690
0.933889866 0.003580796 0.357542694 5.210630417 -0.002667153 0.999991894 -0.003048414 -2.932659626 -0.357550651 0.001893262 0.933891952 101.619583130
0.929094613 0.002979689 0.369830191 5.440362930 -0.001933217 0.999993026 -0.003200191 -2.948150158 -0.369837105 0.002258318 0.929093897 102.130668640
0.924150884 0.003272187 0.382013708 5.657175064 -0.002257836 0.999992609 -0.003103508 -2.964725494 -0.382021040 0.002005585 0.924151540 102.646804810
0.918720841 0.000587888 0.394907206 5.956661224 0.000952818 0.999992669 -0.003705321 -2.995257378 -0.394906521 0.003780431 0.918713450 103.174217224
0.912901938 0.000696224 0.408178478 6.204299927 0.000657870 0.999994636 -0.003177021 -3.011122942 -0.408178538 0.003168837 0.912896574 103.673599243
0.908107340 0.000034504 0.418737292 6.444797516 0.001737176 0.999991000 -0.003849780 -3.030009031 -0.418733686 0.004223434 0.908099174 104.131736755
0.902331054 -0.002381478 0.431037128 6.745445251 0.004276812 0.999984980 -0.003428146 -3.064738035 -0.431022495 0.004936786 0.902327836 104.684303284
0.895900786 -0.002402281 0.444247723 7.011028290 0.004378507 0.999984503 -0.003422559 -3.081583023 -0.444232613 0.005011415 0.895897567 105.170578003
0.889737606 -0.002473088 0.456465602 7.281047821 0.004461324 0.999984682 -0.003278139 -3.099719524 -0.456450492 0.004953125 0.889735103 105.650604248
0.883925319 -0.003136572 0.467617571 7.549873352 0.005061939 0.999983072 -0.002861007 -3.123776436 -0.467600673 0.004895969 0.883926272 106.097106934
0.876654983 -0.003239663 0.481108785 7.836616516 0.005245054 0.999982238 -0.002823677 -3.142473459 -0.481091112 0.004998832 0.876656353 106.564895630
