1.000000000 0.000000000 0.000000000 0.000000000 0.000000000 1.000000000 0.000000000 0.000000000 0.000000000 0.000000000 1.000000000 0.000000000
1.000000000 0.000026921 -0.000057713 0.000200372 -0.000026926 1.000000000 -0.000076265 0.000319537 0.000057711 0.000076266 1.000000000 -0.000785346
1.000000000 0.000087518 -0.000043396 0.000626387 -0.000087517 1.000000000 0.000014927 -0.000264807 0.000043397 -0.000014923 1.000000000 -0.001436793
1.000000000 0.000025959 -0.000081474 0.000741342 -0.000025954 1.000000000 0.000054584 -0.000338049 0.000081475 -0.000054582 1.000000000 -0.002553591
1.000000000 -0.000039089 -0.000025543 0.000398104 0.000039086 1.000000000 -0.000108142 0.001077029 0.000025548 0.000108141 1.000000000 0.000873598
1.000000000 0.000054204 -0.000047598 0.001235866 -0.000054208 1.000000000 -0.000085903 0.000529816 0.000047593 0.000085906 1.000000000 0.000072811
1.000000000 0.000014230 -0.000016251 0.000835997 -0.000014232 1.000000000 -0.000097311 0.000355713 0.000016250 0.000097311 1.000000000 -0.000895901
1.000000000 -0.000153480 -0.000000614 0.001107833 0.000153480 1.000000000 -0.000065918 0.000247586 0.000000624 0.000065918 1.000000000 -0.001034408
1.000000000 -0.000201686 -0.000019749 0.001062564 0.000201683 0.999999940 -0.000160583 0.001956845 0.000019781 0.000160579 1.000000000 0.002057175
1.000000000 -0.000032608 -0.000092951 0.001947829 0.000032609 1.000000000 0.000011585 0.000176696 0.000092951 -0.000011588 1.000000000 0.000194774
1.000000000 -0.000114046 -0.000076446 0.001856601 0.000114035 1.000000000 -0.000133873 0.001341396 0.000076461 0.000133864 1.000000000 0.000141023
1.000000000 -0.000142259 -0.000004693 0.000002091 0.000142259 1.000000000 -0.000017777 0.000306530 0.000004695 0.000017776 1.000000000 0.000544539
0.999999940 -0.000185994 -0.000160392 0.002052695 0.000186012 1.000000000 0.000109114 -0.000394384 0.000160372 -0.000109144 1.000000000 -0.000117961
1.000000000 -0.000185981 -0.000150014 0.001874413 0.000185994 1.000000000 0.000086872 -0.000534456 0.000149998 -0.000086900 1.000000000 -0.000635757
1.000000000 -0.000160817 -0.000101829 0.000318584 0.000160823 1.000000000 0.000056570 -0.000264511 0.000101820 -0.000056586 1.000000000 0.000111994
1.000000000 0.000133185 0.000135133 -0.000060634 -0.000133191 1.000000000 0.000042355 0.000517568 -0.000135127 -0.000042373 1.000000000 0.001537894
1.000000000 0.000023939 -0.000090914 0.000709825 -0.000023941 1.000000000 -0.000029569 0.001026481 0.000090913 0.000029572 1.000000000 0.001500320
1.000000000 -0.000007864 -0.000035699 0.000552059 0.000007861 1.000000000 -0.000081522 0.000841081 0.000035700 0.000081521 1.000000000 0.000643277
1.000000000 -0.000046254 0.000132418 -0.000276298 0.000046261 1.000000000 -0.000053363 0.000463396 -0.000132416 0.000053369 1.000000000 0.000719116
1.000000000 0.000027826 0.000136657 -0.000533232 -0.000027805 1.000000000 -0.000151210 0.001506472 -0.000136661 0.000151206 1.000000000 0.001538584
1.000000000 -0.000180923 -0.000099136 0.000999972 0.000180927 1.000000000 0.000037651 0.000259751 0.000099129 -0.000037669 1.000000000 0.001070139
0.999999940 -0.000290831 0.000010490 0.001944740 0.000290830 0.999999940 0.000084714 -0.000786648 -0.000010515 -0.000084710 1.000000000 -0.000342111
1.000000000 -0.000029293 0.000131221 0.000077260 0.000029280 1.000000000 0.000094932 0.000357989 -0.000131224 -0.000094928 1.000000000 -0.000727071
1.000000000 0.000045246 0.000030495 0.000959235 -0.000045249 1.000000000 0.000104537 -0.000044000 -0.000030490 -0.000104538 1.000000000 -0.000848779
1.000000000 0.000115767 0.000044983 0.000876779 -0.000115766 1.000000000 -0.000015703 0.000530617 -0.000044985 0.000015698 1.000000000 -0.001498257
1.000000000 -0.000052477 -0.000080124 0.001561272 0.000052465 1.000000000 -0.000149806 0.001351317 0.000080132 0.000149802 1.000000000 -0.001046154
1.000000000 0.000075436 0.000027240 -0.000510325 -0.000075433 1.000000000 -0.000128735 0.001511644 -0.000027250 0.000128733 1.000000000 0.001374150
1.000000000 -0.000059832 0.000029172 -0.000739767 0.000059832 1.000000000 -0.000007491 0.002029661 -0.000029172 0.000007492 1.000000000 0.002841928
1.000000000 0.000154024 0.000114470 -0.000361926 -0.000154020 1.000000000 -0.000030834 0.001424912 -0.000114475 0.000030817 1.000000000 0.001149739
1.000000000 0.000045614 0.000127325 0.000111247 -0.000045618 1.000000000 0.000027106 -0.000128717 -0.000127324 -0.000027112 1.000000000 -0.001793956
1.000000000 0.000099010 0.000143134 -0.000250712 -0.000099029 1.000000000 0.000132721 -0.000645209 -0.000143121 -0.000132735 1.000000000 -0.000784873
1.000000000 -0.000110892 0.000075791 0.000823724 0.000110894 1.000000000 -0.000018190 0.000013683 -0.000075789 0.000018199 1.000000000 -0.001084995
1.000000000 -0.000087493 0.000060905 0.000382756 0.000087493 1.000000000 0.000007814 0.000761352 -0.000060905 -0.000007809 1.000000000 0.001138839
1.000000000 0.000062618 0.000071203 0.000835650 -0.000062620 1.000000000 0.000032911 0.000235380 -0.000071201 -0.000032915 1.000000000 -0.000743675
1.000000000 0.000167645 0.000009647 0.000669798 -0.000167644 1.000000000 -0.000097898 0.001456453 -0.000009664 0.000097896 1.000000000 -0.000924732
1.000000000 -0.000166094 0.000025759 -0.000465859 0.000166098 1.000000000 -0.000158994 0.002748752 -0.000025733 0.000158999 1.000000000 0.003501092
1.000000000 -0.000057863 -0.000032123 0.000478882 0.000057864 1.000000000 0.000025620 0.001005680 0.000032122 -0.000025621 1.000000000 0.001072460
1.000000000 -0.000175815 -0.000010691 0.000947693 0.000175815 1.000000000 0.000034177 0.000752361 0.000010685 -0.000034179 1.000000000 0.000350755
1.000000000 0.000032660 0.000236940 -0.000646604 -0.000032667 1.000000000 0.000030976 0.000391046 -0.000236939 -0.000030984 1.000000000 0.002075513
0.999999881 -0.000419901 0.000085300 0.001789650 0.000419953 0.999999702 -0.000613856 -0.002818705 -0.000085042 0.000613892 0.999999821 0.049859580
1.000000000 -0.000017932 0.000171056 0.001001364 0.000018136 0.999999285 -0.001191098 -0.005821910 -0.000171034 0.001191101 0.999999285 0.132445112
0.999999940 0.000269139 -0.000114736 0.005388067 -0.000269306 0.999998868 -0.001461893 -0.006457421 0.000114343 0.001461924 0.999998927 0.251125664
0.999999940 0.000312026 0.000081009 0.005915137 -0.000311931 0.999999285 -0.001160585 -0.013835304 -0.000081372 0.001160560 0.999999344 0.380326748
1.000000000 0.000186977 0.000061387 0.008888129 -0.000186910 0.999999404 -0.001086151 -0.015886523 -0.000061590 0.001086140 0.999999404 0.525091350
0.999999940 0.000321394 -0.000029232 0.015802627 -0.000321434 0.999998987 -0.001375079 -0.018135445 0.000028790 0.001375088 0.999999046 0.675116062
0.999999940 0.000130304 0.000248456 0.017550165 -0.000130036 0.999999404 -0.001078738 -0.023941480 -0.000248596 0.001078706 0.999999404 0.837905884
0.999999940 0.000220067 0.000252475 0.016755959 -0.000219853 0.999999642 -0.000850751 -0.027562153 -0.000252662 0.000850695 0.999999583 1.013533950
0.999999881 0.000274822 0.000373850 0.020366857 -0.000274621 0.999999821 -0.000538683 -0.036326978 -0.000373998 0.000538581 0.999999762 1.181120396
0.999999464 0.000779397 0.000640250 0.018412272 -0.000778851 0.999999344 -0.000852412 -0.039084021 -0.000640913 0.000851913 0.999999404 1.366193533
1.000000000 0.000059216 0.000096131 0.035286505 -0.000059195 1.000000000 -0.000219050 -0.053820126 -0.000096144 0.000219044 1.000000000 1.555969000
0.999999821 0.000395037 0.000446515 0.033056337 -0.000394767 0.999999762 -0.000606133 -0.048858650 -0.000446754 0.000605957 0.999999702 1.765720606
0.999999940 0.000084560 -0.000388591 0.043651830 -0.000084771 0.999999821 -0.000543830 -0.052656420 0.000388545 0.000543863 0.999999762 1.960459828
0.999999583 0.000281699 0.000887024 0.028155463 -0.000281429 0.999999940 -0.000304689 -0.060872365 -0.000887109 0.000304439 0.999999583 2.161044598
0.999997795 0.002088303 0.000261982 0.038572874 -0.002088477 0.999997556 0.000662506 -0.099375606 -0.000260598 -0.000663052 0.999999762 2.367753267
0.999998271 0.001816021 -0.000504441 0.053935338 -0.001815663 0.999998033 0.000710205 -0.106498875 0.000505730 -0.000709288 0.999999642 2.583899498
0.999995768 0.002839407 0.000605530 0.050820682 -0.002840125 0.999995232 0.001187529 -0.118686922 -0.000602156 -0.001189244 0.999999106 2.809241295
0.999996245 0.002727392 0.000137652 0.063138045 -0.002727596 0.999995232 0.001501865 -0.127872273 -0.000133555 -0.001502235 0.999998808 3.040498495
0.999996603 0.002605339 0.000235155 0.062417723 -0.002605589 0.999996006 0.001072166 -0.126757890 -0.000232361 -0.001072775 0.999999404 3.282495975
0.999997318 0.002263588 0.000329137 0.064323694 -0.002264057 0.999996424 0.001431773 -0.136267483 -0.000325894 -0.001432515 0.999998868 3.516835928
0.999997497 0.002184642 0.000321928 0.067990638 -0.002184977 0.999997079 0.001042466 -0.137847736 -0.000319649 -0.001043167 0.999999344 3.780942917
0.999997318 0.002297346 0.000308532 0.076381475 -0.002297704 0.999996662 0.001163834 -0.146205917 -0.000305857 -0.001164539 0.999999285 4.033791542
0.999997497 0.002222419 0.000154929 0.082473852 -0.002222669 0.999996185 0.001630415 -0.156436861 -0.000151305 -0.001630755 0.999998629 4.286002159
0.999996841 0.002427073 0.000590690 0.083069690 -0.002428002 0.999995828 0.001578371 -0.168881595 -0.000586857 -0.001579801 0.999998569 4.532886028
0.999995887 0.002763516 0.000750892 0.088322774 -0.002764722 0.999994934 0.001610610 -0.174138397 -0.000746437 -0.001612679 0.999998450 4.791077137
0.999997377 0.002286888 0.000372441 0.102386519 -0.002287629 0.999995470 0.001999517 -0.188539490 -0.000367867 -0.002000363 0.999997973 5.046612263
0.999996662 0.002582181 0.000434083 0.099635445 -0.002582918 0.999995291 0.001706467 -0.190773040 -0.000429675 -0.001707582 0.999998450 5.311689854
0.999995351 0.002937112 0.000788526 0.105850279 -0.002938557 0.999993920 0.001837694 -0.204712898 -0.000783124 -0.001840003 0.999997973 5.571833611
0.999994993 0.003056406 0.000791510 0.109595217 -0.003058073 0.999993026 0.002113395 -0.213491052 -0.000785045 -0.002115805 0.999997377 5.838737488
0.999996364 0.002675454 0.000478571 0.120926201 -0.002676459 0.999994218 0.002112120 -0.221176222 -0.000472917 -0.002113393 0.999997616 6.118982792
0.999994636 0.003236482 0.000305221 0.127134711 -0.003237124 0.999992490 0.002126411 -0.230764359 -0.000298336 -0.002127388 0.999997616 6.397891521
0.999995410 0.002959920 0.000830715 0.128289223 -0.002961430 0.999993980 0.001822115 -0.240481347 -0.000825317 -0.001824567 0.999997973 6.689165592
0.999994338 0.003254332 0.000901107 0.132438809 -0.003255785 0.999993384 0.001615713 -0.245336115 -0.000895843 -0.001618638 0.999998271 6.991487503
0.999994397 0.003264281 0.000846925 0.141141117 -0.003265799 0.999993145 0.001797301 -0.254571468 -0.000841052 -0.001800057 0.999998033 7.285206795
0.999994755 0.003045924 0.001147238 0.142985240 -0.003047260 0.999994755 0.001165436 -0.257278621 -0.001143682 -0.001168926 0.999998689 7.596979141
0.999993920 0.003333227 0.000984211 0.153469667 -0.003334676 0.999993384 0.001474554 -0.265245825 -0.000979289 -0.001477827 0.999998391 7.895218849
0.999994397 0.002995061 0.001485714 0.145244822 -0.002999564 0.999990880 0.003037903 -0.303427190 -0.001476602 -0.003042343 0.999994278 8.206041336
0.999994218 0.002965909 0.001620539 0.154108137 -0.002970972 0.999990642 0.003130520 -0.314335167 -0.001611239 -0.003135317 0.999993801 8.530738831
0.999993801 0.002875892 0.002015958 0.152262315 -0.002881046 0.999992549 0.002558207 -0.313051701 -0.002008586 -0.002563999 0.999994695 8.881240845
0.999994218 0.002807127 0.001944509 0.164003298 -0.002812565 0.999992073 0.002799252 -0.329654545 -0.001936637 -0.002804705 0.999994218 9.200554848
0.999992013 0.003243869 0.002351895 0.161629975 -0.003250625 0.999990523 0.002874188 -0.330757320 -0.002342550 -0.002881810 0.999993086 9.546269417
0.999994576 0.002675727 0.001909036 0.163431689 -0.002682391 0.999990284 0.003496460 -0.359310538 -0.001899662 -0.003501561 0.999992073 9.882779121
0.999995172 0.002674194 0.001566355 0.175882027 -0.002680650 0.999987841 0.004134529 -0.373526841 -0.001555279 -0.004138707 0.999990225 10.241693497
0.999994457 0.002636682 0.002024730 0.183087617 -0.002645653 0.999986708 0.004441035 -0.386350989 -0.002012993 -0.004446367 0.999988139 10.582747459
0.999995768 0.002357418 0.001686569 0.193571016 -0.002363481 0.999990702 0.003601730 -0.386998057 -0.001678062 -0.003605701 0.999992073 10.962029457
0.999990106 0.003582367 0.002630659 0.187521875 -0.003590773 0.999988437 0.003197669 -0.397592247 -0.002619173 -0.003207083 0.999991417 11.349307060
0.999991715 0.003302693 0.002386571 0.204268754 -0.003311213 0.999988139 0.003574728 -0.408773631 -0.002374737 -0.003582601 0.999990761 11.717553139
0.999990821 0.003357598 0.002662763 0.208850503 -0.003367081 0.999987960 0.003564872 -0.422569096 -0.002650762 -0.003573805 0.999990046 12.093185425
0.999990165 0.003528086 0.002671944 0.218672484 -0.003536563 0.999988735 0.003174787 -0.430438370 -0.002660713 -0.003184206 0.999991417 12.489695549
0.999989331 0.003625594 0.002845123 0.221235752 -0.003636444 0.999986053 0.003817706 -0.443385571 -0.002831242 -0.003828011 0.999988675 12.879909515
0.999988794 0.003722268 0.002918117 0.230687171 -0.003733282 0.999985874 0.003777876 -0.453497678 -0.002904014 -0.003788728 0.999988616 13.287724495
0.999986827 0.003629193 0.003618840 0.238991976 -0.003643173 0.999985874 0.003864232 -0.463381201 -0.003604765 -0.003877365 0.999986053 13.694843292
0.999987185 0.003500720 0.003663361 0.241387188 -0.003516674 0.999984324 0.004357552 -0.481910527 -0.003648049 -0.004370380 0.999983728 14.108092308
0.999986947 0.003522874 0.003719226 0.256610632 -0.003538920 0.999984443 0.004316710 -0.492099136 -0.003703961 -0.004329816 0.999983728 14.528567314
0.999987185 0.003253223 0.003874210 0.265165418 -0.003272229 0.999982715 0.004909766 -0.509998560 -0.003858170 -0.004922382 0.999980390 14.962631226
0.999985993 0.003309274 0.004123246 0.276071221 -0.003328659 0.999983370 0.004703304 -0.518715382 -0.004107614 -0.004716964 0.999980450 15.399599075
0.999984980 0.003333286 0.004355745 0.289221764 -0.003351832 0.999985278 0.004257384 -0.525969088 -0.004341490 -0.004271919 0.999981403 15.842588425
0.999984205 0.003165050 0.004629552 0.298665047 -0.003186520 0.999984145 0.004637565 -0.538943350 -0.004614801 -0.004652245 0.999978542 16.282697678
0.999980807 0.003654131 0.005003248 0.306950778 -0.003675848 0.999983788 0.004338266 -0.548281372 -0.004987316 -0.004356574 0.999978065 16.735979080
0.999979913 0.003490977 0.005288608 0.318061769 -0.003514095 0.999984264 0.004368186 -0.559601367 -0.005273277 -0.004386683 0.999976456 17.189962387
0.999978244 0.003564292 0.005554708 0.327681959 -0.003589328 0.999983430 0.004503627 -0.568475783 -0.005538564 -0.004523467 0.999974430 17.653224945
0.999976039 0.003646947 0.005898217 0.337205231 -0.003673624 0.999983072 0.004518355 -0.579296410 -0.005881638 -0.004539914 0.999972463 18.119058609
0.999979019 0.003267045 0.005584835 0.362878978 -0.003292954 0.999983847 0.004636307 -0.590453446 -0.005569597 -0.004654601 0.999973655 18.583343506
0.999974906 0.003698473 0.006039829 0.370272219 -0.003728469 0.999980748 0.004962604 -0.601978362 -0.006021358 -0.004985000 0.999969423 19.058113098
0.999974549 0.003198486 0.006370645 0.387495309 -0.003226296 0.999985278 0.004359941 -0.609336913 -0.006356605 -0.004380384 0.999970198 19.542295456
0.999977410 0.003144485 0.005942604 0.395287365 -0.003170582 0.999985278 0.004387053 -0.625718236 -0.005928722 -0.004405796 0.999972641 20.032409668
0.999974906 0.003948329 0.005877976 0.410454452 -0.003976433 0.999980688 0.004777223 -0.643711209 -0.005859000 -0.004800478 0.999971271 20.519243240
0.999973595 0.004267478 0.005893679 0.420806229 -0.004291927 0.999982238 0.004141951 -0.644269347 -0.005875898 -0.004167136 0.999974012 21.024637222
0.999980450 0.003677855 0.005086155 0.432035208 -0.003702231 0.999981642 0.004791438 -0.666137397 -0.005068439 -0.004810174 0.999975562 21.530399323
0.999982059 0.003405249 0.004938785 0.444663614 -0.003428203 0.999983311 0.004646524 -0.679776847 -0.004922879 -0.004663371 0.999976933 22.033357620
0.999983609 0.003956350 0.004159958 0.461759657 -0.003978994 0.999977171 0.005449172 -0.698958278 -0.004138304 -0.005465636 0.999976456 22.532745361
0.999985576 0.003981279 0.003606751 0.468963444 -0.003999000 0.999979854 0.004919508 -0.708795726 -0.003587092 -0.004933861 0.999981344 23.068628311
0.999988317 0.003946322 0.002775824 0.486792088 -0.003959939 0.999980032 0.004917203 -0.726879358 -0.002756363 -0.004928138 0.999984026 23.578939438
0.999988437 0.003659694 0.003147958 0.482879728 -0.003672811 0.999984562 0.004171543 -0.730552912 -0.003132643 -0.004183056 0.999986351 24.120008469
0.999992788 0.003437913 0.001581269 0.508379161 -0.003445800 0.999981642 0.005012614 -0.749828219 -0.001564008 -0.005018027 0.999986172 24.657255173
0.999991834 0.003826806 0.001279714 0.515692592 -0.003833088 0.999980450 0.004943217 -0.760381997 -0.001260772 -0.004948081 0.999987006 25.199762344
0.999989867 0.004230698 0.001548269 0.522315979 -0.004237295 0.999981880 0.004282851 -0.762826502 -0.001530122 -0.004289368 0.999989629 25.738546371
0.999989986 0.004437011 0.000541068 0.524186432 -0.004439461 0.999979496 0.004611359 -0.777678430 -0.000520596 -0.004613715 0.999989212 26.280746460
0.999992430 0.003887515 -0.000063544 0.537682354 -0.003887087 0.999975979 0.005737129 -0.791966438 0.000085846 -0.005736839 0.999983549 26.831262589
0.999994755 0.003231785 -0.000201696 0.543426037 -0.003230718 0.999981761 0.005085811 -0.800728083 0.000218128 -0.005085133 0.999987066 27.385190964
0.999990165 0.004405269 -0.000483484 0.551777244 -0.004402494 0.999974668 0.005597862 -0.825905085 0.000508132 -0.005595679 0.999984145 27.926641464
0.999990702 0.004266316 -0.000567845 0.559780300 -0.004262544 0.999969900 0.006485303 -0.841113985 0.000595496 -0.006482823 0.999978781 28.466644287
0.999990523 0.004271795 -0.000865927 0.573904634 -0.004266827 0.999974906 0.005659877 -0.849411547 0.000890083 -0.005656129 0.999983609 29.007745743
0.999988317 0.004630689 -0.001322702 0.577084541 -0.004622818 0.999971926 0.005892902 -0.863609910 0.001349953 -0.005886719 0.999981761 29.567447662
0.999987423 0.004695256 -0.001731084 0.583899736 -0.004684663 0.999970496 0.006073332 -0.874758661 0.001759549 -0.006065147 0.999980032 30.112922668
0.999987781 0.004540543 -0.001923270 0.598644853 -0.004528635 0.999970734 0.006151311 -0.889982224 0.001951144 -0.006142526 0.999979198 30.657945633
0.999987543 0.004490953 -0.002180662 0.607055724 -0.004477855 0.999972105 0.005974291 -0.901347697 0.002207432 -0.005964452 0.999979794 31.206495285
0.999985337 0.004755735 -0.002569746 0.616751671 -0.004740193 0.999970615 0.006020546 -0.912153304 0.002598303 -0.006008277 0.999978602 31.752534866
0.999985695 0.004545978 -0.002801910 0.631764770 -0.004528561 0.999970555 0.006191612 -0.929874301 0.002829975 -0.006178834 0.999976993 32.293987274
0.999984443 0.004802723 -0.002831206 0.636588752 -0.004785652 0.999970496 0.006005685 -0.936239719 0.002859967 -0.005992043 0.999977887 32.835277557
0.999980688 0.004963849 -0.003742119 0.652235627 -0.004939309 0.999966383 0.006538627 -0.960016727 0.003774451 -0.006520017 0.999971628 33.365650177
0.999981463 0.005245181 -0.003066550 0.650592983 -0.005226812 0.999968469 0.005967353 -0.959478617 0.003097752 -0.005951216 0.999977469 33.941349030
0.999983847 0.004869191 -0.002920296 0.652960956 -0.004851587 0.999970198 0.006005636 -0.971238136 0.002949451 -0.005991372 0.999977708 34.489791870
0.999981046 0.005311586 -0.003119287 0.667245030 -0.005293121 0.999968588 0.005898160 -0.985394180 0.003150517 -0.005881538 0.999977767 35.016819000
0.999986053 0.004333946 -0.003018663 0.673917532 -0.004314703 0.999970496 0.006352555 -0.998742700 0.003046106 -0.006339442 0.999975264 35.566680908
0.999983013 0.004948542 -0.003091103 0.688074172 -0.004926888 0.999963582 0.006973930 -1.024474025 0.003125501 -0.006958582 0.999970973 36.096523285
0.999979019 0.005192535 -0.003873484 0.696314454 -0.005169679 0.999969304 0.005886983 -1.020366192 0.003903934 -0.005866834 0.999975145 36.646247864
0.999976635 0.005915035 -0.003447657 0.701238453 -0.005894702 0.999965370 0.005878360 -1.031573176 0.003482308 -0.005857899 0.999976814 37.190402985
0.999976635 0.005498204 -0.004057044 0.709802032 -0.005474398 0.999967813 0.005855683 -1.047991633 0.004089109 -0.005833336 0.999974608 37.751487732
0.999979019 0.004960789 -0.004156806 0.717647314 -0.004937702 0.999972343 0.005546223 -1.057471275 0.004184206 -0.005525582 0.999975979 38.302608490
0.999977231 0.005476927 -0.003943426 0.722142875 -0.005453560 0.999967635 0.005912550 -1.074681759 0.003975681 -0.005890909 0.999974728 38.844154358
0.999973714 0.005759552 -0.004399484 0.736946225 -0.005732608 0.999964893 0.006112523 -1.087164998 0.004434535 -0.006087143 0.999971569 39.398777008
0.999974430 0.005382974 -0.004708129 0.755490601 -0.005351584 0.999963582 0.006654556 -1.105150223 0.004743779 -0.006629190 0.999966800 39.937744141
0.999972820 0.005462107 -0.004953714 0.761759102 -0.005428830 0.999962807 0.006706031 -1.119431257 0.004990158 -0.006678956 0.999965250 40.504276276
0.999970615 0.005944645 -0.004848802 0.771394730 -0.005913950 0.999962568 0.006320384 -1.128266931 0.004886193 -0.006291523 0.999968290 41.049678802
0.999972224 0.005296435 -0.005248265 0.780417085 -0.005261681 0.999964297 0.006613901 -1.141074300 0.005283108 -0.006586102 0.999964356 41.592117310
0.999968529 0.005898905 -0.005309620 0.791049838 -0.005862010 0.999958754 0.006937777 -1.159193039 0.005350327 -0.006906433 0.999961853 42.128967285
0.999969780 0.005392690 -0.005596222 0.800958574 -0.005355172 0.999963224 0.006697706 -1.165180326 0.005632136 -0.006667535 0.999961853 42.695648193
0.999966502 0.005490741 -0.006059005 0.817809820 -0.005447341 0.999959588 0.007156391 -1.182029128 0.006098054 -0.007123146 0.999956012 43.232334137
0.999967039 0.005485728 -0.005978317 0.830621123 -0.005445118 0.999962151 0.006788057 -1.193890214 0.006015328 -0.006755281 0.999959052 43.782527924
0.999969602 0.005086045 -0.005902726 0.822846293 -0.005043548 0.999961436 0.007192242 -1.203979015 0.005939078 -0.007162253 0.999956727 44.336437225
0.999965608 0.006246871 -0.005452266 0.832961738 -0.006208632 0.999956310 0.007002363 -1.215530396 0.005495770 -0.006968271 0.999960661 44.872718811
0.999967813 0.006078119 -0.005235376 0.838757455 -0.006039993 0.999955416 0.007267864 -1.223479033 0.005279317 -0.007236009 0.999959886 45.413970947
0.999969244 0.005338376 -0.005741052 0.846851945 -0.005298100 0.999961376 0.007008062 -1.235374808 0.005778242 -0.006977431 0.999958992 45.990806580
0.999969840 0.004960119 -0.005970777 0.859799504 -0.004920002 0.999965370 0.006714892 -1.249517798 0.006003877 -0.006685314 0.999959588 46.532402039
0.999967813 0.005234582 -0.006069215 0.862944126 -0.005192865 0.999962866 0.006869013 -1.252651930 0.006104946 -0.006837275 0.999957979 47.081043243
0.999967813 0.005368416 -0.005951367 0.868012786 -0.005325389 0.999959707 0.007222124 -1.269430399 0.005989898 -0.007190197 0.999956250 47.619003296
0.999969065 0.005298424 -0.005802402 0.872461796 -0.005258137 0.999962091 0.006936357 -1.274994254 0.005838934 -0.006905633 0.999959111 48.171100616
0.999970973 0.004687928 -0.006021522 0.881131530 -0.004648595 0.999967813 0.006529727 -1.278416634 0.006051940 -0.006501545 0.999960542 48.727661133
0.999970138 0.004608907 -0.006202079 0.893251777 -0.004567566 0.999967277 0.006663232 -1.294507504 0.006232587 -0.006634704 0.999958515 49.263748169
0.999968886 0.005142056 -0.005975066 0.903859913 -0.005104155 0.999966860 0.006341239 -1.304639578 0.006007475 -0.006310545 0.999961972 49.805877686
0.999968231 0.004934820 -0.006259483 0.907707453 -0.004894118 0.999966919 0.006501072 -1.314591169 0.006291357 -0.006470231 0.999959290 50.362903595
0.999968112 0.004679307 -0.006474991 0.917757869 -0.004639084 0.999970019 0.006212993 -1.326648951 0.006503869 -0.006182756 0.999959767 50.912097931
0.999970078 0.004782140 -0.006073936 0.925042033 -0.004746907 0.999971926 0.005801948 -1.334480643 0.006101510 -0.005772943 0.999964774 51.463100433
0.999964952 0.004758180 -0.006889985 0.931928873 -0.004715003 0.999969244 0.006269543 -1.350480795 0.006919606 -0.006236838 0.999956548 52.004116058
0.999967158 0.004654163 -0.006638036 0.940006971 -0.004615332 0.999972284 0.005853300 -1.360826731 0.006665096 -0.005822470 0.999960780 52.555366516
0.999973118 0.004428423 -0.005839898 0.934445620 -0.004395615 0.999974549 0.005618609 -1.371294975 0.005864631 -0.005592789 0.999967158 53.098129272
0.999965012 0.004593201 -0.006981458 0.952554345 -0.004552098 0.999972284 0.005892039 -1.383557796 0.007008327 -0.005860053 0.999958277 53.655799866
0.999970794 0.003436295 -0.006833655 0.964464188 -0.003399269 0.999979496 0.005422509 -1.394997835 0.006852148 -0.005399121 0.999961972 54.202316284
0.999968052 0.004452732 -0.006635293 0.972998798 -0.004414953 0.999974012 0.005697428 -1.410445690 0.006660489 -0.005667951 0.999961793 54.763675690
0.999964595 0.004293036 -0.007234929 0.978706241 -0.004252669 0.999975383 0.005585637 -1.416937590 0.007258730 -0.005554671 0.999958217 55.290466309
0.999966621 0.004693173 -0.006689396 0.981404006 -0.004655943 0.999973595 0.005570374 -1.427928686 0.006715363 -0.005539043 0.999962091 55.841690063
0.999962687 0.004354062 -0.007459123 0.992076159 -0.004310543 0.999973655 0.005840571 -1.440677762 0.007484357 -0.005808200 0.999955058 56.387260437
0.999962568 0.004355288 -0.007478368 1.010358453 -0.004310667 0.999972880 0.005972348 -1.453784704 0.007504177 -0.005939887 0.999954164 56.922393799
0.999965072 0.004537548 -0.007016075 1.004985332 -0.004498397 0.999974251 0.005585911 -1.460300446 0.007041241 -0.005554155 0.999959767 57.492660522
0.999964118 0.004526449 -0.007152806 1.009881616 -0.004485534 0.999973536 0.005726093 -1.475815296 0.007178535 -0.005693804 0.999957979 58.040359497
0.999964654 0.004209272 -0.007274235 1.022095203 -0.004171143 0.999977529 0.005248941 -1.482696056 0.007296166 -0.005218415 0.999959707 58.579895020
0.999967873 0.004447281 -0.006657525 1.019713283 -0.004414209 0.999977827 0.004974215 -1.487814426 0.006679500 -0.004944669 0.999965429 59.132575989
0.999964356 0.004501145 -0.007144113 1.030977368 -0.004468414 0.999979436 0.004590876 -1.499655128 0.007164631 -0.004558789 0.999963939 59.665756226
0.999965608 0.004695580 -0.006834103 1.036638498 -0.004665354 0.999979258 0.004432076 -1.508755922 0.006854773 -0.004400040 0.999966800 60.215255737
0.999960780 0.004915984 -0.007376101 1.049502969 -0.004881453 0.999977112 0.004692203 -1.519625425 0.007398999 -0.004656013 0.999961734 60.770023346
0.999962270 0.004659878 -0.007333538 1.055258274 -0.004625061 0.999978006 0.004757438 -1.538435221 0.007355546 -0.004723341 0.999961793 61.317306519
0.999961555 0.004656849 -0.007417820 1.071294785 -0.004618711 0.999976039 0.005150232 -1.556879282 0.007441626 -0.005115774 0.999959171 61.854949951
0.999958456 0.004904287 -0.007691260 1.083633900 -0.004869256 0.999977767 0.004566859 -1.564482689 0.007713486 -0.004529219 0.999960005 62.408599854
0.999959648 0.004942678 -0.007503718 1.081534505 -0.004903956 0.999974549 0.005170228 -1.577453732 0.007529084 -0.005133221 0.999958456 62.951728821
0.999958813 0.004858630 -0.007674853 1.084807038 -0.004823036 0.999977529 0.004649494 -1.580641031 0.007697271 -0.004612286 0.999959767 63.504688263
0.999961019 0.005475738 -0.006932585 1.086325645 -0.005440070 0.999971926 0.005153208 -1.605358362 0.006960608 -0.005115293 0.999962628 64.049324036
0.999962568 0.005123518 -0.006962683 1.088584781 -0.005092155 0.999976814 0.004514820 -1.605786920 0.006985653 -0.004479196 0.999965549 64.607742310
0.999961138 0.005199400 -0.007116003 1.101229072 -0.005164932 0.999974906 0.004853339 -1.619577765 0.007141059 -0.004816398 0.999962866 65.146087646
0.999960780 0.005159217 -0.007204869 1.110325694 -0.005129232 0.999978125 0.004174176 -1.626211166 0.007226247 -0.004137057 0.999965310 65.702766418
0.999965012 0.005682570 -0.006150727 1.103702188 -0.005655486 0.999974191 0.004411686 -1.638152122 0.006175639 -0.004376745 0.999971390 66.257385254
0.999961376 0.005188029 -0.007097468 1.117191553 -0.005156052 0.999976516 0.004516289 -1.653633714 0.007120732 -0.004479520 0.999964595 66.782028198
0.999960184 0.005755255 -0.006831278 1.125546098 -0.005725110 0.999973834 0.004424119 -1.667315722 0.006856561 -0.004384833 0.999966919 67.334671021
0.999960124 0.005538164 -0.007017852 1.134302616 -0.005500816 0.999970675 0.005330023 -1.686143398 0.007047165 -0.005291207 0.999961197 67.869400024
0.999958456 0.005733030 -0.007084643 1.151381254 -0.005696918 0.999970734 0.005106883 -1.703039885 0.007113714 -0.005066311 0.999961853 68.420539856
0.999958992 0.005838079 -0.006928093 1.151009560 -0.005802437 0.999969900 0.005153699 -1.717589140 0.006957972 -0.005113288 0.999962747 68.968978882
0.999955416 0.006163991 -0.007157165 1.163359165 -0.006127802 0.999968410 0.005067167 -1.729609847 0.007188173 -0.005023083 0.999961555 69.518806458
0.999960124 0.006020420 -0.006594330 1.160317421 -0.005991946 0.999972641 0.004329294 -1.723781466 0.006620215 -0.004289608 0.999968886 70.054183960
0.999959588 0.006132529 -0.006573126 1.163478374 -0.006104165 0.999972045 0.004326508 -1.734200835 0.006599475 -0.004286210 0.999969065 70.609794617
0.999958158 0.005753901 -0.007113701 1.176754594 -0.005727068 0.999976397 0.003786698 -1.740868330 0.007135322 -0.003745799 0.999967515 71.147033691
0.999961078 0.006308992 -0.006163626 1.171818495 -0.006283917 0.999971926 0.004079088 -1.762186646 0.006189188 -0.004040197 0.999972701 71.699775696
0.999958932 0.006391768 -0.006418309 1.182540417 -0.006361844 0.999968946 0.004672003 -1.781404734 0.006447971 -0.004630979 0.999968529 72.242996216
0.999956250 0.006513260 -0.006713994 1.195100546 -0.006484016 0.999969423 0.004368322 -1.791025877 0.006742241 -0.004324598 0.999967873 72.794189453
0.999956191 0.006414049 -0.006819263 1.206713796 -0.006382530 0.999968946 0.004633982 -1.808403373 0.006848773 -0.004590255 0.999966025 73.336624146
0.999958396 0.006238276 -0.006662238 1.209882379 -0.006208237 0.999970496 0.004520135 -1.822011948 0.006690239 -0.004478585 0.999967635 73.888381958
0.999957561 0.006395344 -0.006624361 1.211591840 -0.006367306 0.999970734 0.004245133 -1.827333450 0.006651316 -0.004202773 0.999969065 74.413490295
0.999958575 0.006102738 -0.006755347 1.223419428 -0.006071323 0.999970734 0.004661203 -1.841529250 0.006783596 -0.004619996 0.999966323 74.945861816
0.999955297 0.006482367 -0.006883007 1.230118513 -0.006449107 0.999967456 0.004843403 -1.860264182 0.006914181 -0.004798797 0.999964595 75.482055664
0.999960542 0.005761311 -0.006762739 1.237844110 -0.005731342 0.999973714 0.004442434 -1.868191242 0.006788156 -0.004403499 0.999967277 76.032577515
0.999957860 0.005940965 -0.006997890 1.245220661 -0.005911228 0.999973476 0.004262439 -1.881047249 0.007023027 -0.004220893 0.999966443 76.579917908
0.999960899 0.005587267 -0.006854900 1.253495336 -0.005557737 0.999975204 0.004319326 -1.893462896 0.006878863 -0.004281059 0.999967158 77.118560791
0.999959111 0.005185938 -0.007407516 1.266488075 -0.005154680 0.999977708 0.004232553 -1.904650450 0.007429299 -0.004194196 0.999963641 77.663719177
0.999953210 0.005670554 -0.007833917 1.277279973 -0.005635297 0.999973893 0.004515266 -1.918624401 0.007859317 -0.004470908 0.999959111 78.208847046
0.999952495 0.006013453 -0.007668164 1.287531972 -0.005983652 0.999974489 0.003903305 -1.929777145 0.007691441 -0.003857236 0.999962986 78.752288818
0.999957085 0.005709040 -0.007292645 1.288806081 -0.005675513 0.999973416 0.004609802 -1.947933197 0.007318768 -0.004568215 0.999962807 79.297866821
0.999957561 0.005964314 -0.007009073 1.290261388 -0.005933804 0.999972939 0.004365860 -1.957293034 0.007034922 -0.004324085 0.999965966 79.847846985
0.999955535 0.005932076 -0.007324396 1.298479319 -0.005899055 0.999972403 0.004521796 -1.973404765 0.007351018 -0.004478388 0.999962926 80.391212463
0.999962568 0.006354131 -0.005863802 1.302113175 -0.006328728 0.999970555 0.004340771 -1.981836796 0.005891211 -0.004303499 0.999973297 80.944984436
0.999969482 0.006325136 -0.004587291 1.312024593 -0.006303922 0.999969423 0.004624384 -1.998825312 0.004616401 -0.004595325 0.999978721 81.480064392
0.999971628 0.006455597 -0.003886877 1.326525569 -0.006437688 0.999968708 0.004602253 -2.012999535 0.003916465 -0.004577100 0.999981880 82.007377625
0.999974430 0.006654928 -0.002614456 1.339691997 -0.006643194 0.999967933 0.004471068 -2.023220539 0.002644126 -0.004453585 0.999986589 82.544052124
0.999977648 0.006661872 0.000369575 1.357640147 -0.006663346 0.999969244 0.004140282 -2.034027338 -0.000341982 -0.004142653 0.999991417 83.090538025
0.999967754 0.006575886 0.004604707 1.359021783 -0.006596675 0.999968052 0.004514066 -2.037765980 -0.004574875 -0.004544295 0.999979198 83.582710266
0.999945819 0.007090139 0.007619806 1.375221252 -0.007126409 0.999963462 0.004743478 -2.066015720 -0.007585894 -0.004797523 0.999959648 84.172828674
0.999897599 0.007289440 0.012312755 1.401259661 -0.007351548 0.999960423 0.005006541 -2.086238861 -0.012275772 -0.005096546 0.999911606 84.713951111
0.999808729 0.006914394 0.018296519 1.430947542 -0.006993518 0.999966443 0.004264171 -2.089924335 -0.018266421 -0.004391312 0.999823451 85.278770447
0.999691606 0.006922497 0.023848347 1.448484540 -0.007031240 0.999965370 0.004478975 -2.105979681 -0.023816513 -0.004645278 0.999705553 85.816520691
0.999551117 0.006558300 0.029232580 1.487052798 -0.006701035 0.999966085 0.004787457 -2.121322155 -0.029200193 -0.004981197 0.999561191 86.358642578
0.999276400 0.006258674 0.037514966 1.516227603 -0.006454584 0.999966085 0.005103381 -2.138158798 -0.037481755 -0.005341833 0.999283016 86.914390564
0.998949230 0.006519189 0.045363914 1.569385529 -0.006744219 0.999965787 0.004809260 -2.152004719 -0.045330998 -0.005110152 0.998958945 87.459571838
0.998591244 0.006221985 0.052693605 1.609550476 -0.006483893 0.999967456 0.004800888 -2.164080143 -0.052662011 -0.005135785 0.998599172 88.005142212
0.998090029 0.006192280 0.061463669 1.662983894 -0.006505897 0.999966741 0.004903660 -2.174885511 -0.061431270 -0.005294170 0.998097241 88.550827026
0.997405410 0.006721121 0.071674339 1.715745449 -0.007066654 0.999964595 0.004568386 -2.183274746 -0.071641102 -0.005063031 0.997417629 89.097854614
0.996758521 0.005752919 0.080245540 1.774034500 -0.006099991 0.999973059 0.004080635 -2.186759472 -0.080219895 -0.004556905 0.996766806 89.650466919
0.996073246 0.005867875 0.088338450 1.840786934 -0.006241026 0.999972701 0.003948498 -2.204848289 -0.088312872 -0.004484316 0.996082664 90.185890198
0.995045841 0.005786941 0.099248059 1.917975426 -0.006200848 0.999973297 0.003862465 -2.214279890 -0.099223062 -0.004458752 0.995055199 90.728385925
0.993879378 0.006619547 0.110272124 1.990774155 -0.007166447 0.999963939 0.004563954 -2.234321594 -0.110237926 -0.005326279 0.993890941 91.275611877
0.992903471 0.005984655 0.118772253 2.075034142 -0.006522498 0.999970138 0.004140128 -2.249002457 -0.118743919 -0.004885440 0.992912889 91.838989258
0.991440952 0.005955497 0.130419910 2.158713341 -0.006555118 0.999969840 0.004168801 -2.260359764 -0.130391136 -0.004988038 0.991450131 92.368751526
0.989824176 0.005808598 0.142178223 2.255558014 -0.006436224 0.999971449 0.003954857 -2.266041040 -0.142151222 -0.004829704 0.989833117 92.948951721
0.988215566 0.005600748 0.152966082 2.364676476 -0.006282496 0.999972343 0.003973866 -2.284702539 -0.152939618 -0.004888046 0.988223374 93.479972839
0.986560643 0.004968349 0.163319692 2.472414970 -0.005733617 0.999974608 0.004214663 -2.295709133 -0.163294584 -0.005094433 0.986564338 94.034202576
0.984423697 0.004910252 0.175744087 2.599701881 -0.005839416 0.999971569 0.004770265 -2.317251921 -0.175715685 -0.005722205 0.984424412 94.533729553
0.982022047 0.004526973 0.188712046 2.718361855 -0.005443810 0.999975741 0.004340359 -2.324431181 -0.188687831 -0.005289640 0.982022882 95.096122742
0.980011940 0.004091607 0.198896661 2.847233772 -0.004995574 0.999979377 0.004043297 -2.332051992 -0.198876038 -0.004956083 0.980012059 95.626174927
0.977277100 0.004637347 0.211915299 2.985340118 -0.005673042 0.999974728 0.004279557 -2.351021290 -0.211890131 -0.005384517 0.977278709 96.149620056
0.974283218 0.004193828 0.225287810 3.119459152 -0.005343587 0.999975562 0.004493988 -2.364038944 -0.225263476 -0.005582262 0.974281847 96.687973022
0.971624732 0.003619886 0.236500144 3.266050339 -0.004875934 0.999976933 0.004726318 -2.382461309 -0.236477554 -0.005745367 0.971620023 97.217674255
0.968669772 0.004022127 0.248318970 3.420681000 -0.005299515 0.999975920 0.004475901 -2.387721300 -0.248294979 -0.005651641 0.968667984 97.740501404
0.964800656 0.003777942 0.262955099 3.573659897 -0.005109786 0.999977350 0.004381238 -2.402045012 -0.262932569 -0.005570667 0.964798093 98.311134338
0.961287022 0.003543146 0.275526404 3.741914749 -0.004826126 0.999980450 0.003978624 -2.411749601 -0.275506914 -0.005154324 0.961285293 98.836509705
0.958112955 0.002624043 0.286378682 3.916151047 -0.003935173 0.999984264 0.004002876 -2.421669483 -0.286363661 -0.004962157 0.958108187 99.336326599
0.953829229 0.002355288 0.300340146 4.108924866 -0.003943664 0.999981225 0.004682486 -2.452516794 -0.300323457 -0.005650734 0.953820646 99.871719360
0.949793756 0.001698173 0.312872052 4.312368393 -0.003302885 0.999983907 0.004599048 -2.467910528 -0.312859148 -0.005401527 0.949784160 100.362922668
0.945547044 0.001321327 0.325482875 4.501739502 -0.002885086 0.999986410 0.004321808 -2.475593328 -0.325472713 -0.005025518 0.945538044 100.911651611
0.941004694 0.000472612 0.338393450 4.711917877 -0.002127629 0.999987543 0.004519896 -2.493221998 -0.338387042 -0.004973218 0.940993845 101.422706604
0.935730815 0.001010708 0.352713555 4.930650711 -0.002531140 0.999989390 0.003849494 -2.501996040 -0.352705956 -0.004494857 0.935723424 101.934410095
0.931162000 -0.000117290 0.364605606 5.145572662 -0.001549341 0.999989629 0.004278531 -2.524546623 -0.364602298 -0.004548904 0.931152225 102.454124451
0.926763475 -0.001043164 0.375643998 5.381959915 -0.000515751 0.999991655 0.004049405 -2.534148216 -0.375645101 -0.003946579 0.926755309 102.962730408
0.920520842 -0.000682194 0.390692890 5.588996887 -0.001132968 0.999989629 0.004415507 -2.555937529 -0.390691787 -0.004507208 0.920510530 103.444404602
0.914930344 -0.001529847 0.403608769 5.830383301 -0.000079933 0.999992132 0.003971590 -2.563712835 -0.403611690 -0.003665989 0.914923072 103.930648804
0.910056949 -0.001582802 0.414480031 6.072483063 -0.000232654 0.999990582 0.004329558 -2.577813148 -0.414482951 -0.004036575 0.910048068 104.392852783
0.903416097 -0.001651773 0.428761780 6.340286255 -0.000261123 0.999990225 0.004402582 -2.595120668 -0.428764939 -0.004089322 0.903406858 104.942321777
0.897127211 -0.002243623 0.441766590 6.609947205 0.000232511 0.999989331 0.004606520 -2.614716768 -0.441772223 -0.004029918 0.897118211 105.407699585
0.890869498 -0.002615235 0.454251885 6.887653351 0.000741351 0.999990404 0.004303258 -2.616103172 -0.454258859 -0.003496881 0.890862882 105.935539246
0.885104239 -0.002876051 0.465383917 7.132579803 0.000912018 0.999989688 0.004445341 -2.629265785 -0.465391904 -0.003510152 0.885097682 106.402214050
0.877804458 -0.002711993 0.479011387 7.419818878 0.000916425 0.999991655 0.003982220 -2.634178162 -0.479018241 -0.003056632 0.877799630 106.894866943
0.870977223 -0.003349882 0.491311878 7.703483582 0.001290258 0.999988854 0.004530849 -2.659059048 -0.491321623 -0.003312347 0.870971859 107.337768555
0.865248919 -0.004059527 0.501326084 7.995952606 0.002038945 0.999987543 0.004578419 -2.665603161 -0.501338363 -0.002939296 0.865246296 107.815322876
