1.000000000 0.000000000 0.000000000 0.000000000 0.000000000 1.000000000 0.000000000 0.000000000 0.000000000 0.000000000 1.000000000 0.000000000
1.000000000 0.000042293 -0.000049873 0.000538713 -0.000042283 1.000000000 0.000185586 -0.000619700 0.000049881 -0.000185584 1.000000000 0.000050609
1.000000000 0.000095825 -0.000142891 0.001203032 -0.000095812 1.000000000 0.000090673 -0.000226908 0.000142900 -0.000090659 1.000000000 -0.000308332
0.999999940 0.000251200 -0.000044720 0.000167913 -0.000251196 0.999999940 0.000102982 -0.000460386 0.000044746 -0.000102971 1.000000000 0.000475474
1.000000000 0.000064315 -0.000001596 -0.000578461 -0.000064315 1.000000000 0.000014263 0.000117563 0.000001597 -0.000014263 1.000000000 0.000031635
1.000000000 -0.000027157 -0.000036983 -0.000086200 0.000027159 1.000000000 0.000055873 -0.000337425 0.000036982 -0.000055874 1.000000000 -0.001307959
1.000000000 -0.000082543 -0.000085692 0.001582233 0.000082547 1.000000000 0.000054482 -0.000444565 0.000085688 -0.000054489 1.000000000 -0.000787996
1.000000000 0.000138968 0.000034880 0.000725155 -0.000138971 1.000000000 0.000058644 0.000437123 -0.000034872 -0.000058649 1.000000000 0.001810968
1.000000000 0.000242290 0.000022068 0.000655227 -0.000242289 1.000000000 -0.000012451 0.000440697 -0.000022071 0.000012446 1.000000000 -0.000801890
1.000000000 0.000019151 -0.000027532 0.000867886 -0.000019151 1.000000000 0.000022650 0.000822802 0.000027533 -0.000022649 1.000000000 0.000706424
1.000000000 0.000129764 -0.000148877 0.001433987 -0.000129762 1.000000000 0.000017899 -0.000563960 0.000148879 -0.000017880 1.000000000 -0.001436681
1.000000000 0.000226991 -0.000014100 0.000628772 -0.000226991 1.000000000 0.000013717 0.000687838 0.000014104 -0.000013713 1.000000000 0.000406413
1.000000000 -0.000148097 -0.000100378 0.001184627 0.000148101 1.000000000 0.000040986 -0.000263710 0.000100371 -0.000041001 1.000000000 -0.000465845
1.000000000 0.000049305 -0.000057883 0.001236834 -0.000049306 1.000000000 -0.000029313 0.000190127 0.000057881 0.000029316 1.000000000 -0.002321623
1.000000000 -0.000021279 -0.000036929 0.000366321 0.000021282 1.000000000 0.000093801 0.000013041 0.000036927 -0.000093802 1.000000000 0.000022512
1.000000000 -0.000020192 -0.000146719 0.001091714 0.000020207 1.000000000 0.000105567 -0.000779302 0.000146716 -0.000105570 1.000000000 -0.001740712
1.000000000 0.000101984 0.000108658 -0.000389374 -0.000101996 1.000000000 0.000110341 -0.000400578 -0.000108646 -0.000110352 1.000000000 -0.000110648
1.000000000 0.000085846 -0.000109311 0.001075210 -0.000085841 1.000000000 0.000048882 -0.000052656 0.000109315 -0.000048873 1.000000000 0.000083661
1.000000000 0.000088716 0.000009778 0.000348844 -0.000088716 1.000000000 0.000040209 0.000021942 -0.000009775 -0.000040210 1.000000000 -0.000321138
1.000000000 -0.000125191 -0.000063996 0.001145014 0.000125197 1.000000000 0.000101876 -0.000714404 0.000063984 -0.000101884 1.000000000 -0.000738759
1.000000000 0.000148739 -0.000028003 0.000860591 -0.000148738 1.000000000 0.000034071 -0.000953393 0.000028008 -0.000034066 1.000000000 -0.002002406
1.000000000 0.000079349 -0.000087830 0.000984549 -0.000079348 1.000000000 0.000010285 0.000595341 0.000087831 -0.000010278 1.000000000 -0.000590428
1.000000000 -0.000044610 0.000103247 0.000546441 0.000044596 1.000000000 0.000135709 -0.000605243 -0.000103253 -0.000135705 1.000000000 0.000439352
0.999999940 0.000333719 -0.000057179 0.001535888 -0.000333713 0.999999940 0.000104977 0.000209688 0.000057214 -0.000104958 1.000000000 0.000271237
1.000000000 0.000165857 -0.000044594 0.001296257 -0.000165856 1.000000000 0.000003692 0.000308449 0.000044595 -0.000003684 1.000000000 -0.001108926
1.000000000 0.000153487 -0.000060983 0.000939914 -0.000153499 0.999999940 -0.000192388 0.001250838 0.000060954 0.000192398 1.000000000 -0.002734283
1.000000000 0.000164358 -0.000026161 0.000242665 -0.000164360 1.000000000 -0.000075866 0.000578397 0.000026149 0.000075870 1.000000000 -0.001612131
1.000000000 -0.000018662 -0.000016446 0.000615242 0.000018665 1.000000000 0.000159351 -0.000521593 0.000016443 -0.000159351 1.000000000 0.000315969
1.000000000 0.000163380 0.000001017 -0.000408768 -0.000163381 0.999999940 0.000212782 -0.000872923 -0.000000983 -0.000212782 1.000000000 -0.000781026
1.000000000 -0.000079981 -0.000061612 0.001049245 0.000079988 1.000000000 0.000104574 0.000604693 0.000061604 -0.000104579 1.000000000 0.001536133
1.000000000 0.000077514 0.000006595 -0.000125498 -0.000077514 1.000000000 0.000141097 0.000436086 -0.000006585 -0.000141097 1.000000000 0.000130218
1.000000000 -0.000062048 -0.000080117 0.000855312 0.000062047 1.000000000 -0.000003516 0.000444224 0.000080118 0.000003511 1.000000000 -0.000929590
1.000000000 -0.000104899 -0.000019816 0.000309234 0.000104901 1.000000000 0.000115522 -0.000421191 0.000019804 -0.000115524 1.000000000 0.000188959
1.000000000 -0.000032384 -0.000021083 0.000683175 0.000032387 1.000000000 0.000123105 -0.000111047 0.000021079 -0.000123106 1.000000000 -0.000186361
1.000000000 0.000120134 0.000023683 0.000061230 -0.000120135 1.000000000 0.000035515 0.000152603 -0.000023678 -0.000035518 1.000000000 -0.001043033
0.999999940 0.000261136 0.000004966 -0.000144856 -0.000261137 0.999999940 0.000161429 -0.000173693 -0.000004924 -0.000161430 1.000000000 0.001091395
1.000000000 -0.000120968 -0.000078765 0.001636603 0.000120975 1.000000000 0.000088381 0.000303373 0.000078754 -0.000088391 1.000000000 0.001074667
1.000000000 0.000033586 -0.000058369 0.000564890 -0.000033577 1.000000000 0.000163224 -0.000435530 0.000058374 -0.000163222 1.000000000 -0.000354483
1.000000000 -0.000106387 -0.000020994 0.001152007 0.000106387 1.000000000 0.000008755 0.000661027 0.000020993 -0.000008757 1.000000000 0.000106605
1.000000000 -0.000149519 0.000087514 0.000474681 0.000149529 1.000000000 -0.000114776 0.001035595 -0.000087497 0.000114789 1.000000000 0.002437785
1.000000000 -0.000082379 0.000108271 -0.000002488 0.000082441 0.999999821 -0.000569789 -0.001928123 -0.000108224 0.000569798 0.999999821 0.051374797
0.999999940 0.000325521 0.000017871 0.001830336 -0.000325502 0.999999344 -0.001083827 -0.003796868 -0.000018224 0.001083821 0.999999404 0.138546318
0.999999940 0.000200273 -0.000167238 0.004822794 -0.000200503 0.999999046 -0.001375527 -0.007936840 0.000166962 0.001375560 0.999999046 0.253710389
0.999998987 0.000898025 -0.001075673 0.016179046 -0.000898813 0.999999344 -0.000732393 -0.020330057 0.001075014 0.000733358 0.999999106 0.371990979
0.999998868 0.001258089 -0.000860673 0.015409036 -0.001258729 0.999998987 -0.000744597 -0.023840152 0.000859736 0.000745680 0.999999344 0.515188336
0.999999940 -0.000097310 0.000170413 0.006894724 0.000097497 0.999999404 -0.001094064 -0.021807961 -0.000170306 0.001094080 0.999999344 0.666810274
0.999999940 -0.000234509 0.000285507 0.012322160 0.000234699 0.999999762 -0.000665120 -0.025758982 -0.000285351 0.000665187 0.999999762 0.831290543
0.999999881 -0.000350193 0.000417945 0.014540522 0.000350416 0.999999821 -0.000533520 -0.031749286 -0.000417758 0.000533666 0.999999762 0.999106526
0.999999702 0.000666726 0.000322731 0.013801379 -0.000666555 0.999999642 -0.000531177 -0.039446197 -0.000323085 0.000530961 0.999999821 1.188391209
0.999999821 0.000489124 0.000252559 0.018320508 -0.000488998 0.999999762 -0.000496862 -0.042166740 -0.000252802 0.000496738 0.999999881 1.379852653
0.999999285 0.000857282 -0.000857073 0.036063757 -0.000857738 0.999999464 -0.000532267 -0.047560036 0.000856617 0.000533002 0.999999404 1.576205254
0.999999225 0.000476144 -0.001167422 0.042092506 -0.000476351 0.999999762 -0.000176929 -0.049309704 0.001167338 0.000177485 0.999999285 1.777459741
0.999999106 0.000955962 -0.000969894 0.042739101 -0.000956185 0.999999523 -0.000229527 -0.057362612 0.000969675 0.000230454 0.999999523 1.975616336
0.999999523 0.000879520 -0.000374516 0.039085135 -0.000879534 0.999999583 -0.000037093 -0.060977001 0.000374483 0.000037423 0.999999940 2.171844244
0.999999583 0.000723747 -0.000475882 0.046737146 -0.000723723 0.999999702 0.000050435 -0.067212150 0.000475919 -0.000050090 0.999999881 2.388943195
0.999999464 0.000632352 -0.000723955 0.045809995 -0.000632323 0.999999821 0.000040113 -0.071549140 0.000723980 -0.000039655 0.999999762 2.629861116
0.999999404 0.000515008 -0.000950575 0.052410327 -0.000514910 0.999999881 0.000103476 -0.076251917 0.000950628 -0.000102986 0.999999583 2.862719297
0.999999464 0.000827437 -0.000645381 0.051008258 -0.000827528 0.999999642 -0.000141290 -0.082916208 0.000645263 0.000141824 0.999999821 3.094542027
0.999999344 0.000861922 -0.000895978 0.059479129 -0.000861799 0.999999642 0.000137182 -0.096232451 0.000896096 -0.000136410 0.999999583 3.348520756
0.999999046 0.001260659 -0.000647476 0.063572891 -0.001260491 0.999999225 0.000259610 -0.103000656 0.000647802 -0.000258793 0.999999762 3.604042053
0.999999523 0.000404539 -0.000924804 0.069593661 -0.000404325 1.000000000 0.000232111 -0.108038858 0.000924898 -0.000231737 0.999999523 3.856440544
0.999999285 0.001133894 -0.000435183 0.065952979 -0.001133830 0.999999344 0.000146240 -0.116839848 0.000435349 -0.000145746 0.999999881 4.140912533
0.999998391 0.001756490 -0.000239017 0.069160454 -0.001756336 0.999998271 0.000643760 -0.127029315 0.000240148 -0.000643339 0.999999702 4.391981602
0.999999166 0.001243154 -0.000408582 0.077747725 -0.001242970 0.999999106 0.000450488 -0.129919648 0.000409142 -0.000449980 0.999999762 4.659221649
0.999999464 0.001077591 -0.000074823 0.081099518 -0.001077561 0.999999344 0.000402190 -0.133084357 0.000075256 -0.000402110 0.999999940 4.920209408
0.999998808 0.001536660 0.000096713 0.071873844 -0.001536713 0.999998629 0.000548290 -0.148518667 -0.000095870 -0.000548437 0.999999821 5.191173553
0.999999106 0.001325495 0.000130555 0.077659547 -0.001325560 0.999998987 0.000496331 -0.155627206 -0.000129896 -0.000496503 0.999999821 5.460267067
0.999999225 0.001138424 0.000461624 0.074881688 -0.001138465 0.999999285 0.000088787 -0.161199182 -0.000461523 -0.000089313 0.999999881 5.746410847
0.999999821 0.000686148 0.000118538 0.082663693 -0.000686234 0.999999523 0.000731892 -0.175313041 -0.000118036 -0.000731973 0.999999702 6.016534805
0.999999523 0.001085313 0.000176784 0.085689083 -0.001085366 0.999999464 0.000297425 -0.178243414 -0.000176461 -0.000297617 0.999999940 6.294371605
0.999999166 0.001277810 0.000134186 0.089336440 -0.001277847 0.999999106 0.000277957 -0.183397010 -0.000133831 -0.000278128 0.999999940 6.576435089
0.999999344 0.001086697 0.000332545 0.094424687 -0.001086884 0.999999225 0.000561747 -0.195303425 -0.000331934 -0.000562108 0.999999762 6.867240906
0.999998868 0.001178351 0.000909686 0.100827120 -0.001178789 0.999999106 0.000480845 -0.204122335 -0.000909119 -0.000481916 0.999999464 7.155150890
0.999999464 0.001024282 0.000178506 0.105213523 -0.001024411 0.999999225 0.000721339 -0.216902941 -0.000177767 -0.000721522 0.999999702 7.479621887
0.999999464 0.000891542 0.000530362 0.111343808 -0.000892146 0.999998868 0.001138528 -0.230874702 -0.000529346 -0.001139001 0.999999225 7.784379005
0.999999583 0.000789302 0.000509590 0.115803272 -0.000790006 0.999998689 0.001383013 -0.239507526 -0.000508498 -0.001383415 0.999998927 8.100529671
0.999999404 0.000993321 0.000450514 0.120806091 -0.000993823 0.999998868 0.001115315 -0.246397644 -0.000449406 -0.001115762 0.999999285 8.428856850
0.999999464 0.000840793 0.000601695 0.126062974 -0.000841266 0.999999344 0.000787165 -0.253599733 -0.000601033 -0.000787670 0.999999523 8.751684189
0.999999166 0.000743944 0.001020726 0.129339948 -0.000744941 0.999999225 0.000976796 -0.264196515 -0.001019999 -0.000977556 0.999998987 9.091883659
0.999999583 0.000116422 0.000892495 0.137305334 -0.000117399 0.999999464 0.001094877 -0.276226789 -0.000892368 -0.001094981 0.999998987 9.427730560
0.999999464 0.000696429 0.000804532 0.142145738 -0.000697318 0.999999166 0.001104898 -0.288164705 -0.000803762 -0.001105459 0.999999046 9.782670975
0.999999642 0.000477296 0.000708004 0.147127539 -0.000478293 0.999998927 0.001408237 -0.302698195 -0.000707331 -0.001408575 0.999998748 10.131332397
0.999998391 0.001074351 0.001373415 0.149286017 -0.001076366 0.999998331 0.001466696 -0.314435840 -0.001371837 -0.001468172 0.999997973 10.493076324
0.999998391 0.001098889 0.001403636 0.158157855 -0.001102074 0.999996841 0.002270483 -0.332291692 -0.001401137 -0.002272026 0.999996424 10.844451904
0.999997079 0.001657027 0.001732573 0.162191018 -0.001659995 0.999997258 0.001713059 -0.332952559 -0.001729730 -0.001715930 0.999997020 11.214865685
0.999997914 0.001178213 0.001675959 0.169915184 -0.001181383 0.999997437 0.001891420 -0.351695687 -0.001673726 -0.001893396 0.999996781 11.602225304
0.999998987 0.000674568 0.001245376 0.186428800 -0.000676845 0.999998093 0.001828572 -0.359077126 -0.001244140 -0.001829413 0.999997556 11.986792564
0.999999046 0.000438937 0.001274279 0.192443922 -0.000441874 0.999997258 0.002305484 -0.379908651 -0.001273264 -0.002306045 0.999996483 12.349088669
0.999998152 0.000529072 0.001851344 0.199097276 -0.000533174 0.999997377 0.002216129 -0.390950471 -0.001850167 -0.002217112 0.999995828 12.742331505
0.999998868 0.000449025 0.001517406 0.207529575 -0.000452516 0.999997258 0.002300692 -0.396663636 -0.001516369 -0.002301376 0.999996126 13.135682106
0.999997973 0.000861502 0.001832936 0.213355199 -0.000865908 0.999996662 0.002404329 -0.409714252 -0.001830859 -0.002405911 0.999995351 13.542287827
0.999998212 0.000360545 0.001872109 0.225413501 -0.000364554 0.999997616 0.002141312 -0.418572515 -0.001871333 -0.002141991 0.999995947 13.960911751
0.999996066 0.001026767 0.002606559 0.224940285 -0.001032944 0.999996662 0.002369298 -0.427767396 -0.002604119 -0.002371981 0.999993801 14.377813339
0.999995172 0.001425370 0.002771832 0.234526634 -0.001431116 0.999996901 0.002072386 -0.441280842 -0.002768869 -0.002076343 0.999994040 14.799115181
0.999996543 0.000789171 0.002516435 0.253830224 -0.000795440 0.999996543 0.002491225 -0.451434433 -0.002514461 -0.002493218 0.999993742 15.234672546
0.999994636 0.001155629 0.003045568 0.258816242 -0.001164058 0.999995470 0.002767387 -0.463773817 -0.003042357 -0.002770917 0.999991536 15.669273376
0.999993443 0.000824965 0.003514786 0.267231107 -0.000833691 0.999996543 0.002482107 -0.475526184 -0.003512727 -0.002485020 0.999990702 16.108472824
0.999993742 0.000407648 0.003508152 0.282984704 -0.000415866 0.999997199 0.002342076 -0.483076692 -0.003507188 -0.002343521 0.999991059 16.548103333
0.999992192 0.000568511 0.003903590 0.291982174 -0.000576835 0.999997556 0.002131420 -0.492499888 -0.003902368 -0.002133656 0.999990106 16.998420715
0.999988616 0.001150044 0.004635657 0.295148790 -0.001162647 0.999995649 0.002717003 -0.515382946 -0.004632513 -0.002722361 0.999985516 17.447105408
0.999988556 0.001676142 0.004480629 0.308035344 -0.001690214 0.999993563 0.003138772 -0.532606363 -0.004475340 -0.003146309 0.999985039 17.907440186
0.999986053 0.002271875 0.004769550 0.316841125 -0.002285968 0.999992967 0.002951272 -0.542977989 -0.004762812 -0.002962134 0.999984264 18.374696732
0.999992490 0.000736174 0.003805695 0.340921402 -0.000745556 0.999996662 0.002464181 -0.547767639 -0.003803868 -0.002466999 0.999989748 18.855319977
0.999984145 0.001791139 0.005347556 0.338820577 -0.001808739 0.999992907 0.003288251 -0.564142346 -0.005341629 -0.003297871 0.999980330 19.325675964
0.999980152 0.002015041 0.005967055 0.346203387 -0.002033965 0.999992907 0.003167067 -0.587700248 -0.005960630 -0.003179141 0.999977112 19.793405533
0.999972641 0.003262212 0.006635119 0.350226521 -0.003285988 0.999988258 0.003575647 -0.599222898 -0.006623378 -0.003597352 0.999971569 20.287363052
0.999984503 0.001574545 0.005336398 0.377633244 -0.001591203 0.999993861 0.003118741 -0.606862903 -0.005331455 -0.003127184 0.999980927 20.782609940
0.999987900 0.001691235 0.004623240 0.392330378 -0.001704969 0.999994099 0.002968091 -0.615130126 -0.004618193 -0.002975937 0.999984920 21.297592163
0.999986708 0.001626641 0.004874585 0.398501545 -0.001642293 0.999993443 0.003208553 -0.628069460 -0.004869334 -0.003216516 0.999982953 21.796258926
0.999990463 0.001625922 0.004047849 0.411046833 -0.001642567 0.999990165 0.004112100 -0.649506748 -0.004041123 -0.004118710 0.999983311 22.305084229
0.999991477 0.001948757 0.003623566 0.426024586 -0.001959568 0.999993622 0.002982456 -0.653280973 -0.003617731 -0.002989532 0.999988973 22.810642242
0.999991953 0.002049891 0.003459452 0.434929311 -0.002062490 0.999991238 0.003642219 -0.678979754 -0.003451956 -0.003649325 0.999987364 23.325958252
0.999994993 0.001901351 0.002515583 0.446745276 -0.001909084 0.999993443 0.003075303 -0.683533192 -0.002509720 -0.003080090 0.999992073 23.847009659
0.999997139 0.000887282 0.002210339 0.456204057 -0.000892447 0.999996781 0.002337151 -0.691543639 -0.002208259 -0.002339117 0.999994755 24.376892090
0.999997079 0.001613760 0.001787177 0.465208262 -0.001619415 0.999993563 0.003167387 -0.708908558 -0.001782055 -0.003170271 0.999993324 24.908168793
0.999995351 0.002680959 0.001427679 0.472369611 -0.002684981 0.999992430 0.002822839 -0.722561479 -0.001420101 -0.002826659 0.999994993 25.438577652
0.999996603 0.002493218 0.000728290 0.481130868 -0.002495670 0.999991179 0.003384484 -0.740938663 -0.000719845 -0.003386291 0.999993980 25.980199814
0.999995112 0.002992186 0.000899456 0.485648513 -0.002994535 0.999992073 0.002621315 -0.748091698 -0.000891606 -0.002623996 0.999996126 26.538995743
0.999996483 0.002549194 0.000724788 0.496865213 -0.002551813 0.999990225 0.003635792 -0.763114691 -0.000715512 -0.003637629 0.999993145 27.095222473
0.999998391 0.001725347 -0.000420808 0.516968787 -0.001723279 0.999986649 0.004867682 -0.789627731 0.000429201 -0.004866949 0.999988079 27.666988373
0.999996960 0.001965175 -0.001473041 0.532090247 -0.001960288 0.999992609 0.003311521 -0.793577552 0.001479538 -0.003308624 0.999993443 28.152732849
0.999995768 0.002270001 -0.001855756 0.546134412 -0.002262308 0.999988914 0.004137249 -0.805104375 0.001865127 -0.004133033 0.999989748 28.651679993
0.999995887 0.001972117 -0.002038279 0.554259479 -0.001963867 0.999989986 0.004040940 -0.816452324 0.002046227 -0.004036921 0.999989808 29.199266434
0.999992907 0.002089127 -0.003125083 0.575746357 -0.002077786 0.999991357 0.003627750 -0.821891248 0.003132635 -0.003621232 0.999988556 29.740625381
0.999993145 0.002579418 -0.002652717 0.572195470 -0.002567769 0.999987066 0.004385294 -0.857892454 0.002663994 -0.004378452 0.999986887 30.312891006
0.999993503 0.002172577 -0.002899308 0.591852069 -0.002159129 0.999986887 0.004633369 -0.877102494 0.002909337 -0.004627079 0.999985099 30.847366333
0.999990582 0.002920252 -0.003215384 0.591460228 -0.002907040 0.999987364 0.004105912 -0.885347962 0.003227334 -0.004096526 0.999986351 31.409265518
0.999990761 0.002814611 -0.003234851 0.595485508 -0.002802843 0.999989450 0.003636608 -0.895811439 0.003245053 -0.003627508 0.999988139 31.957292557
0.999991477 0.001957588 -0.003636496 0.614991724 -0.001944269 0.999991417 0.003662431 -0.907686889 0.003643634 -0.003655330 0.999986708 32.499965668
0.999989748 0.002212781 -0.003934695 0.618978143 -0.002197616 0.999990165 0.003854487 -0.919670165 0.003943185 -0.003845801 0.999984801 33.036315918
0.999988556 0.002504424 -0.004074563 0.625960171 -0.002488456 0.999989271 0.003919342 -0.936170340 0.004084334 -0.003909159 0.999984026 33.587985992
0.999986529 0.001531220 -0.004954116 0.649776578 -0.001512386 0.999991596 0.003803325 -0.947637320 0.004959899 -0.003795781 0.999980509 34.129020691
0.999987662 0.001986557 -0.004535367 0.652276635 -0.001969907 0.999991238 0.003672521 -0.958732128 0.004542623 -0.003663541 0.999982953 34.670757294
0.999986112 0.001488353 -0.005061016 0.666931689 -0.001471089 0.999993205 0.003413270 -0.970257759 0.005066060 -0.003405776 0.999981344 35.212944031
0.999987602 0.001552217 -0.004736556 0.665421546 -0.001535536 0.999992609 0.003523172 -0.985415459 0.004741990 -0.003515855 0.999982595 35.763999939
0.999986589 0.001673544 -0.004897715 0.677693903 -0.001657059 0.999992967 0.003368065 -0.997611105 0.004903316 -0.003359904 0.999982357 36.309696198
0.999985635 0.001300224 -0.005197688 0.687136531 -0.001282081 0.999993086 0.003492466 -1.010403991 0.005202192 -0.003485752 0.999980390 36.860828400
0.999984086 0.001313536 -0.005483017 0.701773167 -0.001294494 0.999993145 0.003474932 -1.024315119 0.005487544 -0.003467778 0.999978960 37.398448944
0.999982536 0.002062217 -0.005522691 0.704574943 -0.002044850 0.999992967 0.003148364 -1.033664823 0.005529145 -0.003137015 0.999979794 37.951065063
0.999983370 0.001985831 -0.005403963 0.714112520 -0.001968319 0.999992788 0.003244115 -1.049551725 0.005410367 -0.003233424 0.999980152 38.494144440
0.999980032 0.001808596 -0.006050149 0.733460009 -0.001790511 0.999993920 0.002993300 -1.061099172 0.006055526 -0.002982406 0.999977171 39.040359497
0.999979317 0.002092917 -0.006071324 0.738064528 -0.002074237 0.999993086 0.003081482 -1.076300383 0.006077731 -0.003068825 0.999976754 39.589195251
0.999977410 0.002488498 -0.006234189 0.748652458 -0.002473269 0.999993861 0.002449297 -1.090414643 0.006240247 -0.002433822 0.999977589 40.117946625
0.999977767 0.002026331 -0.006351472 0.762348533 -0.002004909 0.999992251 0.003377382 -1.105472565 0.006358267 -0.003364573 0.999974132 40.658649445
0.999977827 0.002270948 -0.006259829 0.761763096 -0.002249261 0.999991417 0.003469225 -1.123336196 0.006267655 -0.003455068 0.999974370 41.191295624
0.999975681 0.002257448 -0.006599344 0.769364834 -0.002234318 0.999991417 0.003510176 -1.135207415 0.006607211 -0.003495346 0.999972045 41.745227814
0.999973178 0.001401276 -0.007178767 0.781128407 -0.001374327 0.999992013 0.003757671 -1.153953671 0.007183975 -0.003747704 0.999967158 42.266204834
0.999973893 0.001595506 -0.007047426 0.789528489 -0.001562643 0.999988019 0.004666123 -1.174235582 0.007054785 -0.004654989 0.999964297 42.811706543
0.999974430 0.002254183 -0.006789997 0.790625691 -0.002227225 0.999989629 0.003975129 -1.178162098 0.006798887 -0.003959904 0.999969065 43.365955353
0.999975204 0.001848708 -0.006799412 0.800780296 -0.001822524 0.999990880 0.003855151 -1.189784527 0.006806478 -0.003842663 0.999969423 43.919948578
0.999977469 0.001795414 -0.006472718 0.802048504 -0.001768899 0.999990046 0.004099737 -1.210679770 0.006480014 -0.004088195 0.999970615 44.449813843
0.999975741 0.001913463 -0.006698402 0.808069170 -0.001887338 0.999990582 0.003904265 -1.220585942 0.006705809 -0.003891528 0.999969959 44.999992371
0.999978304 0.002507417 -0.006105193 0.810064197 -0.002485554 0.999990463 0.003586038 -1.226673841 0.006114127 -0.003570785 0.999975026 45.547607422
0.999978423 0.001218631 -0.006445521 0.818756819 -0.001194000 0.999991953 0.003823972 -1.244837880 0.006450129 -0.003816193 0.999971926 46.105831146
0.999973893 0.000349413 -0.007210648 0.830953538 -0.000323393 0.999993384 0.003609400 -1.265309572 0.007211861 -0.003606974 0.999967515 46.637115479
0.999975562 0.001200465 -0.006881389 0.830999255 -0.001165009 0.999986172 0.005154118 -1.290854692 0.006887481 -0.005145975 0.999962986 47.184078217
0.999974966 0.001210584 -0.006974576 0.836605191 -0.001169387 0.999981940 0.005907728 -1.314722061 0.006981601 -0.005899424 0.999958158 47.710292816
0.999977291 0.001447258 -0.006585773 0.838122010 -0.001411450 0.999984145 0.005438612 -1.319311976 0.006593541 -0.005429193 0.999963522 48.277835846
0.999977052 0.001017105 -0.006686045 0.847911477 -0.000984000 0.999987245 0.004952934 -1.323104262 0.006690997 -0.004946242 0.999965370 48.837757111
0.999983072 0.000884043 -0.005743613 0.841706932 -0.000853619 0.999985576 0.005297352 -1.344392180 0.005748214 -0.005292360 0.999969423 49.364662170
0.999976158 0.000704534 -0.006872171 0.866934478 -0.000667123 0.999984980 0.005444586 -1.360894203 0.006875903 -0.005439872 0.999961555 49.931118011
0.999974310 0.000225969 -0.007154564 0.875464201 -0.000192259 0.999988794 0.004712092 -1.358598948 0.007155550 -0.004710596 0.999963284 50.485038757
0.999977589 0.000868467 -0.006634872 0.869006991 -0.000841393 0.999991298 0.004082287 -1.370626569 0.006638360 -0.004076613 0.999969602 51.028759003
0.999974012 0.000106724 -0.007196432 0.891613781 -0.000066928 0.999984622 0.005530056 -1.398576498 0.007196911 -0.005529430 0.999958813 51.564796448
0.999972165 0.000294092 -0.007444451 0.896296978 -0.000254234 0.999985635 0.005354376 -1.406410933 0.007445918 -0.005352335 0.999957979 52.110706329
0.999976039 0.000028138 -0.006918348 0.903949857 0.000007057 0.999987066 0.005087112 -1.419846654 0.006918402 -0.005087039 0.999963164 52.665031433
0.999971330 -0.000061462 -0.007568442 0.912695408 0.000099481 0.999987304 0.005023115 -1.435255408 0.007568039 -0.005023724 0.999958754 53.220989227
0.999975264 0.000402789 -0.007012694 0.908807874 -0.000368176 0.999987721 0.004936419 -1.443598509 0.007014597 -0.004933716 0.999963164 53.774677277
0.999973655 0.000327922 -0.007252548 0.921250701 -0.000292079 0.999987662 0.004942659 -1.460615754 0.007254080 -0.004940410 0.999961436 54.290821075
0.999973536 0.000158238 -0.007268586 0.931142151 -0.000124337 0.999989092 0.004664104 -1.471625686 0.007269245 -0.004663077 0.999962687 54.831989288
0.999974132 -0.000352043 -0.007186237 0.937109947 0.000387487 0.999987781 0.004931484 -1.488262892 0.007184413 -0.004934141 0.999962032 55.376346588
0.999973536 -0.000514333 -0.007258333 0.944888175 0.000549780 0.999987900 0.004882475 -1.495775223 0.007255735 -0.004886338 0.999961734 55.915706635
0.999970913 -0.000524912 -0.007611460 0.942195833 0.000559585 0.999989450 0.004553894 -1.503367662 0.007608989 -0.004558021 0.999960601 56.455852509
0.999966204 -0.000676027 -0.008199127 0.959392905 0.000714867 0.999988496 0.004735154 -1.522765040 0.008195831 -0.004740855 0.999955118 56.984603882
0.999970138 -0.000124186 -0.007726317 0.959596395 0.000160299 0.999989033 0.004673636 -1.532754898 0.007725652 -0.004674734 0.999959230 57.568344116
0.999971509 -0.000011476 -0.007549341 0.966415405 0.000047350 0.999988735 0.004751865 -1.547397137 0.007549202 -0.004752087 0.999960184 58.107837677
0.999971032 -0.000040181 -0.007612601 0.973598421 0.000071757 0.999991417 0.004147562 -1.552995086 0.007612369 -0.004147989 0.999962389 58.664592743
0.999972165 0.000171705 -0.007456999 0.974293232 -0.000140133 0.999991059 0.004234137 -1.565148234 0.007457659 -0.004232974 0.999963284 59.214504242
0.999970734 -0.000681402 -0.007619059 0.982273340 0.000709776 0.999992788 0.003722017 -1.576862693 0.007616468 -0.003727315 0.999964058 59.761127472
0.999971867 0.000035897 -0.007502393 0.989920080 -0.000007214 0.999992669 0.003823266 -1.590605617 0.007502475 -0.003823103 0.999964535 60.308906555
0.999972343 -0.000089448 -0.007427684 0.995647132 0.000121407 0.999990702 0.004302369 -1.608122587 0.007427230 -0.004303152 0.999963164 60.845180511
0.999970436 0.000277532 -0.007682480 1.007061124 -0.000246530 0.999991834 0.004036130 -1.617442846 0.007683538 -0.004034117 0.999962270 61.396427155
0.999968529 -0.000026273 -0.007929904 1.017503619 0.000059319 0.999991238 0.004167054 -1.629865885 0.007929727 -0.004167394 0.999959886 61.943134308
0.999966741 0.000180700 -0.008153799 1.024933338 -0.000150713 0.999993205 0.003678137 -1.639270782 0.008154409 -0.003676785 0.999960005 62.482982635
0.999970078 -0.000007180 -0.007740919 1.028657079 0.000038244 0.999991894 0.004012737 -1.658702850 0.007740828 -0.004012913 0.999962032 63.018852234
0.999971926 0.000416900 -0.007481716 1.021609426 -0.000390674 0.999993801 0.003506423 -1.657732368 0.007483131 -0.003503401 0.999965847 63.592884064
0.999968290 0.000163069 -0.007964497 1.034211636 -0.000136361 0.999994278 0.003353732 -1.673339367 0.007964999 -0.003352539 0.999962687 64.130577087
0.999969125 0.000093935 -0.007869134 1.042442083 -0.000068078 0.999994576 0.003286093 -1.686058044 0.007869399 -0.003285456 0.999963641 64.673355103
0.999969482 0.000195773 -0.007804655 1.044289351 -0.000162231 0.999990761 0.004298047 -1.705644250 0.007805424 -0.004296650 0.999960303 65.206565857
0.999971092 -0.000042161 -0.007606699 1.050709009 0.000068855 0.999993980 0.003509070 -1.712966323 0.007606505 -0.003509493 0.999964893 65.755065918
0.999976397 0.000530018 -0.006848937 1.050630808 -0.000511897 0.999996424 0.002647298 -1.717128754 0.006850314 -0.002643730 0.999972999 66.299873352
0.999969423 -0.000309577 -0.007814688 1.063923597 0.000336136 0.999994099 0.003397467 -1.737208486 0.007813591 -0.003399989 0.999963641 66.863800049
0.999972165 0.000172096 -0.007458660 1.072708845 -0.000145790 0.999993682 0.003527310 -1.755995154 0.007459220 -0.003526126 0.999965966 67.404663086
0.999971330 0.000192613 -0.007569004 1.079584241 -0.000163690 0.999992609 0.003821709 -1.773272872 0.007569684 -0.003820361 0.999964058 67.959297180
0.999973238 -0.000298062 -0.007308662 1.085997581 0.000325749 0.999992788 0.003787317 -1.789753795 0.007307480 -0.003789595 0.999966145 68.500984192
0.999971330 0.000314295 -0.007583858 1.098078012 -0.000283068 0.999991477 0.004118184 -1.806280732 0.007585089 -0.004115919 0.999962747 69.046310425
0.999970317 0.000223971 -0.007704832 1.098881483 -0.000195369 0.999993086 0.003712704 -1.816470146 0.007705610 -0.003711089 0.999963403 69.581695557
0.999973357 0.000442927 -0.007284067 1.104699135 -0.000419262 0.999994636 0.003250118 -1.825373888 0.007285468 -0.003246977 0.999968171 70.129631042
0.999976695 0.000398988 -0.006819163 1.101524711 -0.000374155 0.999993443 0.003642530 -1.841888905 0.006820570 -0.003639894 0.999970138 70.674171448
0.999975085 0.000392001 -0.007050856 1.109176397 -0.000364594 0.999992430 0.003887837 -1.859089375 0.007052326 -0.003885170 0.999967635 71.213874817
0.999972761 0.000018990 -0.007384155 1.128251910 0.000005970 0.999994218 0.003380138 -1.872158527 0.007384179 -0.003380090 0.999967039 71.768287659
0.999972522 0.000497542 -0.007397731 1.131483316 -0.000467426 0.999991596 0.004072178 -1.888910174 0.007399695 -0.004068608 0.999964297 72.309570312
0.999972224 0.000409579 -0.007443878 1.134937048 -0.000380748 0.999992430 0.003874071 -1.903497219 0.007445407 -0.003871129 0.999964774 72.865272522
0.999974668 0.000591976 -0.007095881 1.143573761 -0.000563809 0.999991953 0.003970655 -1.916625023 0.007098175 -0.003966554 0.999966919 73.424804688
0.999977648 0.000817075 -0.006630161 1.145489693 -0.000786306 0.999988914 0.004642107 -1.933803082 0.006633881 -0.004636790 0.999967277 73.971389771
0.999972403 -0.000046070 -0.007418760 1.157636404 0.000073900 0.999992967 0.003751165 -1.942903519 0.007418535 -0.003751611 0.999965429 74.485404968
0.999968827 -0.000033661 -0.007884524 1.169111252 0.000066606 0.999991238 0.004178222 -1.959248662 0.007884313 -0.004178617 0.999960184 75.015693665
0.999968886 -0.000330088 -0.007883088 1.174666882 0.000362437 0.999991477 0.004102454 -1.972687960 0.007881667 -0.004105184 0.999960542 75.567123413
0.999966085 -0.000786367 -0.008199990 1.193887949 0.000816180 0.999993026 0.003633033 -1.982529283 0.008197075 -0.003639602 0.999959707 76.107604980
0.999966860 -0.000398405 -0.008146753 1.201025724 0.000428122 0.999993265 0.003646233 -1.991920114 0.008145246 -0.003649600 0.999960184 76.657142639
0.999966085 -0.000321269 -0.008227697 1.210215926 0.000352295 0.999992847 0.003769845 -2.009232998 0.008226424 -0.003772616 0.999959052 77.200073242
0.999966085 -0.000515467 -0.008221349 1.221522331 0.000545084 0.999993384 0.003600576 -2.018728733 0.008219437 -0.003604935 0.999959767 77.746551514
0.999963522 -0.000645656 -0.008517142 1.221722364 0.000676957 0.999992967 0.003672666 -2.035393715 0.008514712 -0.003678298 0.999956965 78.274246216
0.999962032 -0.000526337 -0.008691669 1.229997873 0.000559030 0.999992728 0.003759383 -2.052179575 0.008689628 -0.003764099 0.999955118 78.809753418
0.999961376 -0.000767534 -0.008752372 1.243481874 0.000801097 0.999992251 0.003831859 -2.061060905 0.008749364 -0.003838723 0.999954343 79.363960266
0.999958396 -0.000965600 -0.009069559 1.251811862 0.000998843 0.999992788 0.003661545 -2.069947243 0.009065959 -0.003670452 0.999952137 79.904403687
0.999961197 -0.000771821 -0.008773666 1.259046912 0.000808732 0.999990821 0.004204233 -2.093478203 0.008770340 -0.004211166 0.999952674 80.446273804
0.999965370 -0.000620130 -0.008289736 1.277937651 0.000647183 0.999994457 0.003261097 -2.096407175 0.008287667 -0.003266349 0.999960303 80.992889404
0.999975562 -0.000183101 -0.006978535 1.277281046 0.000206586 0.999994338 0.003364739 -2.108415842 0.006977879 -0.003366099 0.999969959 81.533599854
0.999982476 -0.000823909 -0.005849380 1.294849634 0.000846607 0.999992132 0.003879023 -2.129601717 0.005846138 -0.003883907 0.999975383 82.077781677
0.999987960 -0.001155231 -0.004768297 1.304669380 0.001172771 0.999992549 0.003677220 -2.140522003 0.004764013 -0.003682767 0.999981880 82.625648499
0.999998868 -0.000016893 -0.001519120 1.318003893 0.000022124 0.999994218 0.003443624 -2.149442673 0.001519053 -0.003443654 0.999992907 83.143157959
0.999997973 -0.000080519 0.001982965 1.340285182 0.000074327 0.999995112 0.003122350 -2.157038689 -0.001983206 -0.003122196 0.999993145 83.667076111
0.999987364 -0.001179991 0.004882439 1.358645201 0.001163692 0.999993742 0.003339857 -2.175223351 -0.004886348 -0.003334133 0.999982476 84.220207214
0.999952614 -0.000636433 0.009714154 1.382569909 0.000603022 0.999993920 0.003442040 -2.191327810 -0.009716286 -0.003436019 0.999946892 84.752510071
0.999880135 -0.001460803 0.015409674 1.414304256 0.001411124 0.999993742 0.003234208 -2.198137999 -0.015414302 -0.003212075 0.999876022 85.285346985
0.999787629 -0.000787863 0.020592067 1.442444444 0.000717947 0.999993920 0.003402471 -2.220094204 -0.020594625 -0.003386964 0.999782085 85.821693420
0.999644876 -0.001590045 0.026599733 1.465316653 0.001511639 0.999994457 0.002967462 -2.223704338 -0.026604304 -0.002926199 0.999641776 86.355278015
0.999406636 -0.001992824 0.034385119 1.504779696 0.001899339 0.999994338 0.002751210 -2.233807087 -0.034390412 -0.002684269 0.999404848 86.885414124
0.999072850 -0.002147581 0.042998459 1.547268867 0.002019328 0.999993384 0.003025942 -2.250268698 -0.043004677 -0.002936309 0.999070525 87.425086975
0.998750985 -0.001709890 0.049935356 1.586166143 0.001550629 0.999993563 0.003227918 -2.263086081 -0.049940545 -0.003146455 0.998747230 87.957908630
0.998262525 -0.001774237 0.058897469 1.636497259 0.001583172 0.999993265 0.003290545 -2.274564743 -0.058902912 -0.003191583 0.998258591 88.504440308
0.997634053 -0.002363223 0.068707585 1.700239658 0.002172881 0.999993563 0.002844933 -2.289934397 -0.068713866 -0.002688908 0.997632802 89.056884766
0.996996582 -0.002358013 0.077409297 1.746324062 0.002108506 0.999992311 0.003304789 -2.306783199 -0.077416494 -0.003131645 0.996993899 89.584831238
0.996334255 -0.002563750 0.085506983 1.809882164 0.002295881 0.999992132 0.003230907 -2.323906422 -0.085514598 -0.003022749 0.996332347 90.125823975
0.995373607 -0.002673074 0.096042976 1.882236958 0.002353558 0.999991238 0.003439938 -2.335284233 -0.096051343 -0.003197980 0.995371163 90.667045593
0.994162023 -0.002711051 0.107862659 1.949412823 0.002316515 0.999990106 0.003782902 -2.347112894 -0.107871845 -0.003510952 0.994158626 91.205146790
0.993151188 -0.002512909 0.116808981 2.028766632 0.002097498 0.999991000 0.003679116 -2.361011267 -0.116817169 -0.003408912 0.993147612 91.750152588
0.991800845 -0.003362611 0.127748504 2.125092506 0.002905385 0.999988675 0.003765278 -2.369090557 -0.127759710 -0.003363248 0.991799474 92.287124634
0.990180373 -0.003585229 0.139749900 2.225173950 0.003110713 0.999988616 0.003613754 -2.382034302 -0.139761239 -0.003143546 0.990180373 92.826164246
0.988724649 -0.004181995 0.149686590 2.333829880 0.003659585 0.999986231 0.003765303 -2.395470381 -0.149700284 -0.003175058 0.988726318 93.356369019
0.986958265 -0.004395769 0.160916433 2.430880547 0.003855534 0.999985814 0.003669334 -2.404694557 -0.160930246 -0.003001062 0.986961246 93.894714355
0.984894633 -0.003881620 0.173111320 2.544860840 0.003342811 0.999988616 0.003403931 -2.413274050 -0.173122600 -0.002773835 0.984896362 94.414649963
0.982621193 -0.004793886 0.185560539 2.667263031 0.004246909 0.999985397 0.003345073 -2.427623987 -0.185573861 -0.002498881 0.982627153 94.942825317
0.980678737 -0.005493776 0.195547715 2.793955803 0.004886779 0.999981642 0.003586413 -2.438740253 -0.195563823 -0.002561520 0.980687678 95.460594177
0.978117287 -0.005416109 0.207983851 2.942750931 0.004703761 0.999981225 0.003919426 -2.448968410 -0.208001196 -0.002855352 0.978124380 96.001914978
0.974894106 -0.004940375 0.222614259 3.077863693 0.004143582 0.999983191 0.004046191 -2.455914021 -0.222630486 -0.003022187 0.974898219 96.546394348
0.972258985 -0.003741860 0.233877242 3.213497162 0.002742457 0.999985695 0.004598259 -2.472794056 -0.233891085 -0.003829301 0.972255290 97.065597534
0.969150305 -0.004326575 0.246432349 3.368907928 0.003514283 0.999986768 0.003735915 -2.477028608 -0.246445283 -0.002754631 0.969152749 97.598274231
0.965826929 -0.004957401 0.259140402 3.528236389 0.004099827 0.999984205 0.003849646 -2.497338533 -0.259155422 -0.002655661 0.965831935 98.122268677
0.962406754 -0.005155735 0.271563560 3.699871063 0.004347642 0.999984205 0.003577259 -2.506160021 -0.271577746 -0.002262117 0.962413847 98.661941528
0.959027708 -0.005767205 0.283253402 3.870632172 0.004887640 0.999980748 0.003811824 -2.521364450 -0.283269972 -0.002271205 0.959037602 99.189582825
0.955256283 -0.007466587 0.295685142 4.058526993 0.006668886 0.999970913 0.003706222 -2.540287495 -0.295704216 -0.001568502 0.955278277 99.689880371
0.951055348 -0.008291252 0.308909476 4.257753372 0.007470711 0.999964714 0.003838988 -2.556479216 -0.308930427 -0.001343317 0.951083660 100.202239990
0.947009325 -0.008777884 0.321086228 4.440860748 0.008031149 0.999961078 0.003650014 -2.561090708 -0.321105838 -0.000877906 0.947042942 100.698654175
0.942721426 -0.008356353 0.333476216 4.670888901 0.007637126 0.999964893 0.003467642 -2.574686289 -0.333493441 -0.000722221 0.942752182 101.234916687
0.937911153 -0.009163980 0.346754432 4.881177902 0.008527449 0.999957919 0.003361474 -2.591513872 -0.346770674 -0.000195834 0.937949955 101.743988037
0.933251023 -0.009113050 0.359109193 5.096206665 0.008328739 0.999958277 0.003731084 -2.604879856 -0.359128237 -0.000491112 0.933288097 102.251350403
0.928512633 -0.009964021 0.371167153 5.302297592 0.009339949 0.999950290 0.003478935 -2.614228249 -0.371183455 0.000236447 0.928559542 102.746536255
0.922831655 -0.010383877 0.385063797 5.548549652 0.009861354 0.999945819 0.003331777 -2.614883423 -0.385077596 0.000722581 0.922883928 103.275550842
0.917249203 -0.010660848 0.398171127 5.786396027 0.010129201 0.999942780 0.003438811 -2.625190496 -0.398184985 0.000878909 0.917304695 103.764213562
0.912423730 -0.010946214 0.409100473 6.032165527 0.010468326 0.999939442 0.003407478 -2.640344858 -0.409112960 0.001173533 0.912482977 104.242866516
0.906133533 -0.011535210 0.422834426 6.276718140 0.011053959 0.999932408 0.003590214 -2.650724888 -0.422847331 0.001420781 0.906199813 104.729919434
0.899420559 -0.011425652 0.436934888 6.539741516 0.011003871 0.999933302 0.003496590 -2.660851479 -0.436945677 0.001663070 0.899486363 105.230079651
0.893732190 -0.012558003 0.448425084 6.792800903 0.012097329 0.999919236 0.003891880 -2.672076464 -0.448437691 0.001946447 0.893811941 105.699905396
0.888071537 -0.012609769 0.459532291 7.059749603 0.012343170 0.999917328 0.003584313 -2.672941446 -0.459539473 0.002488959 0.888153791 106.168304443
0.881220400 -0.013278397 0.472518981 7.332344055 0.012787711 0.999909341 0.004250403 -2.701440573 -0.472532481 0.002296895 0.881310225 106.642044067
0.874520898 -0.013381915 0.484803110 7.625488281 0.012952193 0.999907196 0.004236169 -2.714195251 -0.484814703 0.002574645 0.874613047 107.107650757
