1.000000000 0.000000000 0.000000000 0.000000000 0.000000000 1.000000000 0.000000000 0.000000000 0.000000000 0.000000000 1.000000000 0.000000000
1.000000000 0.000034348 0.000054112 -0.000711078 -0.000034354 1.000000000 0.000113282 -0.000474005 -0.000054108 -0.000113284 1.000000000 0.000046024
1.000000000 0.000036397 0.000068264 -0.000712448 -0.000036396 1.000000000 -0.000008362 0.000456584 -0.000068264 0.000008360 1.000000000 -0.000152461
1.000000000 0.000105647 0.000081681 -0.000698685 -0.000105643 1.000000000 -0.000046918 0.000280047 -0.000081686 0.000046909 1.000000000 0.000236741
1.000000000 0.000094219 0.000160152 -0.001376463 -0.000094230 1.000000000 0.000063498 -0.000145660 -0.000160146 -0.000063513 1.000000000 0.000369748
1.000000000 -0.000030901 0.000002259 -0.000197891 0.000030901 1.000000000 -0.000010862 -0.000403037 -0.000002259 0.000010862 1.000000000 -0.000359318
1.000000000 0.000062735 0.000098018 -0.001030248 -0.000062740 1.000000000 0.000041829 -0.000678825 -0.000098016 -0.000041835 1.000000000 -0.001053590
1.000000000 0.000102865 0.000015009 -0.000210207 -0.000102864 1.000000000 -0.000080448 0.000270448 -0.000015017 0.000080446 1.000000000 0.000141656
1.000000000 0.000059576 0.000134245 -0.000647740 -0.000059575 1.000000000 -0.000004493 -0.000689079 -0.000134245 0.000004485 1.000000000 -0.000142334
1.000000000 0.000221062 0.000079736 -0.001153140 -0.000221070 0.999999940 0.000104489 -0.000666079 -0.000079713 -0.000104506 1.000000000 0.000429237
1.000000000 0.000055548 0.000069113 -0.000152885 -0.000055548 1.000000000 0.000007629 -0.000505048 -0.000069112 -0.000007633 1.000000000 0.000754687
1.000000000 0.000142147 0.000064959 -0.000649704 -0.000142146 1.000000000 -0.000010826 -0.000445330 -0.000064961 0.000010817 1.000000000 0.000331440
1.000000000 0.000109370 0.000062940 -0.000709176 -0.000109370 1.000000000 0.000003279 0.000056297 -0.000062940 -0.000003286 1.000000000 0.000468077
1.000000000 0.000141069 0.000147219 -0.002113491 -0.000141059 1.000000000 -0.000074072 0.000898810 -0.000147229 0.000074051 1.000000000 0.000397130
1.000000000 0.000152159 0.000090910 -0.000418174 -0.000152159 1.000000000 -0.000005655 0.000722673 -0.000090911 0.000005641 1.000000000 0.001113817
0.999999940 0.000251493 0.000112065 -0.001440814 -0.000251487 0.999999940 -0.000058094 0.000815254 -0.000112079 0.000058066 1.000000000 0.000634782
0.999999940 0.000305121 0.000166697 -0.002015898 -0.000305113 0.999999940 -0.000051761 0.000895953 -0.000166713 0.000051710 1.000000000 0.001842346
1.000000000 0.000180708 0.000158628 -0.001937039 -0.000180703 1.000000000 -0.000029939 0.001310727 -0.000158633 0.000029910 1.000000000 0.001601597
0.999999940 0.000185116 0.000237063 -0.002067251 -0.000185079 1.000000000 -0.000157944 0.001778214 -0.000237092 0.000157900 0.999999940 0.001610122
0.999999940 0.000204694 0.000200113 -0.002323261 -0.000204676 1.000000000 -0.000090192 0.001093799 -0.000200131 0.000090151 1.000000000 0.001859087
0.999999940 0.000289227 0.000121586 -0.002024240 -0.000289219 0.999999940 -0.000072291 0.001395353 -0.000121607 0.000072256 1.000000000 0.001672621
0.999999940 0.000249762 0.000188414 -0.002202663 -0.000249735 0.999999940 -0.000142627 0.001989513 -0.000188449 0.000142580 1.000000000 0.002275374
0.999999940 0.000208005 0.000149890 -0.001987458 -0.000207997 1.000000000 -0.000055525 0.001588124 -0.000149902 0.000055494 1.000000000 0.001448632
0.999999940 0.000364978 0.000168255 -0.002587195 -0.000364961 0.999999940 -0.000103446 0.001929927 -0.000168292 0.000103385 1.000000000 0.002196974
0.999999940 0.000329395 0.000226400 -0.002202892 -0.000329386 0.999999940 -0.000037225 0.001036842 -0.000226412 0.000037150 1.000000000 0.001202525
0.999999940 0.000253122 0.000224971 -0.002415864 -0.000253106 0.999999940 -0.000070658 0.002406535 -0.000224989 0.000070601 1.000000000 0.002273385
0.999999940 0.000313754 0.000124155 -0.001457225 -0.000313758 0.999999940 0.000029099 0.001096464 -0.000124146 -0.000029138 1.000000000 0.001660234
0.999999940 0.000336818 0.000140294 -0.002489214 -0.000336795 0.999999940 -0.000165820 0.002593921 -0.000140350 0.000165773 1.000000000 0.001523132
0.999999940 0.000318781 0.000110314 -0.001973438 -0.000318762 0.999999940 -0.000169632 0.002894444 -0.000110368 0.000169597 1.000000000 0.001645964
0.999999940 0.000312660 0.000192066 -0.001421235 -0.000312645 0.999999940 -0.000076160 0.001439290 -0.000192090 0.000076100 1.000000000 0.002112685
0.999999940 0.000259950 0.000295775 -0.002436430 -0.000259907 0.999999940 -0.000145229 0.002412025 -0.000295813 0.000145152 0.999999940 0.002194136
0.999999940 0.000286030 0.000179230 -0.001427638 -0.000286009 0.999999940 -0.000116562 0.001787680 -0.000179263 0.000116511 1.000000000 0.002532091
0.999999940 0.000311509 0.000192681 -0.001866726 -0.000311494 0.999999940 -0.000074909 0.000984743 -0.000192704 0.000074849 1.000000000 0.001013654
0.999999881 0.000381744 0.000289351 -0.003089243 -0.000381719 0.999999940 -0.000087455 0.001575620 -0.000289384 0.000087344 0.999999940 0.001820729
0.999999940 0.000310816 0.000214377 -0.001401173 -0.000310785 0.999999940 -0.000144933 0.001612581 -0.000214422 0.000144866 0.999999940 0.001315593
0.999999940 0.000234135 0.000219024 -0.002625965 -0.000234109 0.999999940 -0.000117462 0.001880346 -0.000219051 0.000117410 0.999999940 0.001985698
0.999999940 0.000370865 0.000145486 -0.001984476 -0.000370840 0.999999940 -0.000173048 0.003016145 -0.000145550 0.000172994 1.000000000 0.002130869
0.999999881 0.000370310 0.000226471 -0.002484736 -0.000370279 0.999999940 -0.000137295 0.002491583 -0.000226522 0.000137212 0.999999940 0.002175821
0.999999940 0.000326373 0.000201470 -0.001476239 -0.000326352 0.999999940 -0.000104142 0.002088984 -0.000201504 0.000104076 1.000000000 0.001224493
0.999999940 0.000243944 0.000212186 -0.001507390 -0.000243909 0.999999940 -0.000165312 0.001456796 -0.000212226 0.000165260 0.999999940 0.001561995
0.999999881 0.000400109 0.000294615 -0.001177751 -0.000399909 0.999999702 -0.000676707 -0.002147664 -0.000294885 0.000676589 0.999999702 0.048069622
0.999999821 0.000579051 0.000266970 0.000241163 -0.000578708 0.999998987 -0.001285478 -0.003338080 -0.000267714 0.001285323 0.999999166 0.138668716
1.000000000 0.000075707 0.000162626 0.003008182 -0.000075474 0.999998987 -0.001434672 -0.007031320 -0.000162735 0.001434660 0.999998987 0.252172202
0.999999821 0.000473607 0.000358669 0.004040071 -0.000473158 0.999999106 -0.001252386 -0.011133464 -0.000359262 0.001252216 0.999999166 0.384982795
0.999999881 0.000396061 0.000286554 0.005680394 -0.000395753 0.999999344 -0.001073825 -0.014809253 -0.000286979 0.001073711 0.999999404 0.526593506
0.999999940 -0.000386885 0.000118415 0.013228920 0.000387004 0.999999404 -0.001004784 -0.019542437 -0.000118026 0.001004829 0.999999464 0.688584030
0.999999940 0.000278412 0.000254471 0.019658724 -0.000278232 0.999999702 -0.000707350 -0.023435269 -0.000254667 0.000707279 0.999999702 0.849576473
0.999999702 0.000438687 0.000589233 0.013205195 -0.000438141 0.999999464 -0.000925917 -0.027095614 -0.000589639 0.000925658 0.999999404 1.020875454
1.000000000 -0.000043809 0.000041401 0.026103746 0.000043845 0.999999642 -0.000862632 -0.029691741 -0.000041363 0.000862634 0.999999642 1.209433198
0.999999702 0.000240445 0.000708796 0.009236553 -0.000240116 0.999999881 -0.000463076 -0.042369809 -0.000708907 0.000462906 0.999999642 1.375135422
0.999999523 0.000783831 0.000579322 0.019480817 -0.000783755 0.999999702 -0.000131780 -0.048982669 -0.000579425 0.000131326 0.999999821 1.567104101
0.999996662 0.000358455 0.002563296 -0.009890807 -0.000361087 0.999999404 0.001026317 -0.075370103 -0.002562927 -0.001027239 0.999996185 1.686364293
0.999995530 0.000668010 0.002912895 -0.009120896 -0.000671555 0.999999046 0.001216121 -0.082713127 -0.002912080 -0.001218072 0.999995112 1.889800787
0.999996424 0.000115896 0.002644113 -0.003547016 -0.000119489 0.999998987 0.001358752 -0.090186901 -0.002643952 -0.001359063 0.999995589 2.087641001
0.999995887 0.000690308 0.002789700 0.000484144 -0.000693849 0.999998927 0.001268312 -0.093067005 -0.002788822 -0.001270243 0.999995291 2.307793140
0.999994338 0.000966839 0.003202467 0.002507787 -0.000970755 0.999998748 0.001221586 -0.096997514 -0.003201282 -0.001224688 0.999994099 2.536816359
0.999993682 0.000857059 0.003459189 0.006784860 -0.000861854 0.999998629 0.001384806 -0.105833024 -0.003457997 -0.001387778 0.999993026 2.766380787
0.999995470 0.000016903 0.003053047 0.012773772 -0.000021550 0.999998868 0.001522015 -0.114773288 -0.003053018 -0.001522073 0.999994159 2.969306469
0.999995232 0.000123031 0.003101835 0.019016432 -0.000128055 0.999998689 0.001619852 -0.121719547 -0.003101631 -0.001620242 0.999993861 3.212501287
0.999993205 0.000685414 0.003627561 0.015499599 -0.000690749 0.999998748 0.001469483 -0.129545331 -0.003626548 -0.001471979 0.999992371 3.458928347
0.999994040 0.000316296 0.003442537 0.023833957 -0.000322402 0.999998391 0.001773147 -0.138868600 -0.003441970 -0.001774247 0.999992490 3.713948488
0.999994338 0.000597323 0.003300211 0.024943270 -0.000603033 0.999998331 0.001729565 -0.146322355 -0.003299173 -0.001731545 0.999993086 3.933599710
0.999993801 0.000661277 0.003466788 0.031919979 -0.000667334 0.999998271 0.001746307 -0.149051249 -0.003465627 -0.001748610 0.999992430 4.196030140
0.999993563 0.000444409 0.003562461 0.036239244 -0.000450407 0.999998510 0.001683099 -0.157182157 -0.003561707 -0.001684693 0.999992311 4.448239803
0.999992788 0.000814588 0.003719698 0.046752315 -0.000820884 0.999998271 0.001691245 -0.161661729 -0.003718314 -0.001694286 0.999991715 4.718939781
0.999993145 0.000825299 0.003605847 0.047733434 -0.000833304 0.999997199 0.002219173 -0.172291577 -0.003604006 -0.002222163 0.999991000 4.937688351
0.999991477 0.001045548 0.003994004 0.051698826 -0.001053711 0.999997377 0.002042316 -0.178281575 -0.003991858 -0.002046507 0.999989986 5.202514648
0.999991119 0.001215820 0.004036050 0.055690788 -0.001224614 0.999996901 0.002177266 -0.184591621 -0.004033390 -0.002182189 0.999989510 5.482985973
0.999991834 0.000551936 0.003987239 0.068892092 -0.000559701 0.999997914 0.001946471 -0.193551645 -0.003986156 -0.001948687 0.999990225 5.741709232
0.999992132 0.000752632 0.003887640 0.065779373 -0.000760416 0.999997735 0.002000985 -0.204136640 -0.003886125 -0.002003925 0.999990463 5.990019321
0.999991715 0.000886360 0.003964636 0.073208191 -0.000894907 0.999997258 0.002154681 -0.211693197 -0.003962716 -0.002158211 0.999989808 6.270564556
0.999990463 0.001290145 0.004165555 0.074891739 -0.001298979 0.999996960 0.002118732 -0.221000180 -0.004162809 -0.002124123 0.999989092 6.562807083
0.999991059 0.001299232 0.004005089 0.083218873 -0.001307842 0.999996781 0.002147943 -0.225209862 -0.004002286 -0.002153161 0.999989688 6.850008011
0.999992251 0.000518638 0.003883600 0.092559233 -0.000527152 0.999997437 0.002191640 -0.230346769 -0.003882454 -0.002193671 0.999990106 7.157410145
0.999991000 0.000822158 0.004169392 0.095978171 -0.000832272 0.999996662 0.002424573 -0.245326653 -0.004167385 -0.002428021 0.999988377 7.456186295
0.999990582 0.001209019 0.004158748 0.103685707 -0.001220989 0.999995112 0.002876864 -0.260419726 -0.004155249 -0.002881915 0.999987125 7.750151634
0.999989569 0.001679557 0.004225807 0.106533602 -0.001691306 0.999994695 0.002778430 -0.269313902 -0.004221118 -0.002785548 0.999987185 8.066547394
0.999989271 0.001494498 0.004392048 0.113025568 -0.001505925 0.999995530 0.002599692 -0.275337100 -0.004388144 -0.002606279 0.999986947 8.399328232
0.999988854 0.001241890 0.004539429 0.121169150 -0.001254639 0.999995232 0.002806818 -0.282702774 -0.004535922 -0.002812482 0.999985754 8.739075661
0.999989927 0.001441790 0.004251422 0.124489605 -0.001453935 0.999994993 0.002855137 -0.299912453 -0.004247284 -0.002861290 0.999986827 9.033756256
0.999988735 0.002202851 0.004212429 0.131965443 -0.002214122 0.999993980 0.002672936 -0.309170485 -0.004206515 -0.002682232 0.999987602 9.376296043
0.999989808 0.001520464 0.004253345 0.138462082 -0.001533402 0.999994159 0.003040413 -0.318102181 -0.004248697 -0.003046904 0.999986291 9.727266312
0.999989033 0.002049390 0.004213517 0.142019734 -0.002061813 0.999993682 0.002946232 -0.329603344 -0.004207451 -0.002954888 0.999986708 10.054291725
0.999986351 0.002210064 0.004736994 0.148199648 -0.002225042 0.999992549 0.003159044 -0.340564579 -0.004729977 -0.003169541 0.999983728 10.418174744
0.999988616 0.001831959 0.004394324 0.160230875 -0.001844799 0.999994040 0.002919603 -0.343533516 -0.004388949 -0.002927677 0.999986112 10.788808823
0.999989629 0.001633953 0.004254518 0.170420498 -0.001646429 0.999994278 0.002930613 -0.353882372 -0.004249706 -0.002937587 0.999986649 11.136416435
0.999988794 0.002010490 0.004300228 0.180587649 -0.002023367 0.999993443 0.002992496 -0.361395180 -0.004294184 -0.003001163 0.999986291 11.516484261
0.999987423 0.001661545 0.004731586 0.187826857 -0.001676957 0.999993324 0.003255338 -0.375632972 -0.004726145 -0.003263232 0.999983490 11.898032188
0.999986887 0.002018420 0.004687821 0.196180627 -0.002034379 0.999992132 0.003402031 -0.387314677 -0.004680918 -0.003411524 0.999983191 12.247864723
0.999985754 0.002247424 0.004838857 0.201105699 -0.002264483 0.999991179 0.003522769 -0.396231115 -0.004830898 -0.003533676 0.999982059 12.653571129
0.999985039 0.002231817 0.004983143 0.209903210 -0.002247849 0.999992371 0.003214003 -0.405710608 -0.004975931 -0.003225157 0.999982417 13.068197250
0.999983609 0.002210919 0.005280715 0.208491236 -0.002230976 0.999990225 0.003795222 -0.422521442 -0.005272273 -0.003806941 0.999978840 13.425037384
0.999981284 0.002777958 0.005448695 0.217480883 -0.002800147 0.999987841 0.004069048 -0.433592469 -0.005437325 -0.004084229 0.999976933 13.842782974
0.999978065 0.002308701 0.006193798 0.226860732 -0.002332856 0.999989629 0.003895438 -0.445968419 -0.006184740 -0.003909802 0.999973238 14.243957520
0.999981165 0.002100512 0.005768799 0.241498083 -0.002123563 0.999989748 0.003992539 -0.457278639 -0.005760354 -0.004004714 0.999975324 14.653428078
0.999978065 0.002041105 0.006301897 0.246040404 -0.002067342 0.999989212 0.004159687 -0.471393764 -0.006293339 -0.004172623 0.999971449 15.096851349
0.999974430 0.002033134 0.006850937 0.255961180 -0.002059500 0.999990463 0.003843529 -0.476258993 -0.006843057 -0.003857540 0.999969125 15.555177689
0.999972820 0.002259921 0.007012639 0.264542252 -0.002290064 0.999988139 0.004293264 -0.491975546 -0.007002854 -0.004309206 0.999966204 15.942722321
0.999967813 0.002830515 0.007504995 0.271370709 -0.002860911 0.999987721 0.004042544 -0.501479983 -0.007493460 -0.004063885 0.999963701 16.394531250
0.999971330 0.002451262 0.007175602 0.290953904 -0.002479439 0.999989212 0.003920617 -0.510964513 -0.007165914 -0.003938295 0.999966562 16.845903397
0.999969602 0.001973949 0.007542018 0.294649094 -0.002008127 0.999987662 0.004526790 -0.528087854 -0.007532991 -0.004541798 0.999961317 17.267122269
0.999968469 0.001479152 0.007803056 0.311395049 -0.001512778 0.999989569 0.004305275 -0.539379358 -0.007796607 -0.004316943 0.999960363 17.732500076
0.999965429 0.001769942 0.008124232 0.326322675 -0.001803914 0.999989688 0.004176221 -0.545621872 -0.008116757 -0.004190732 0.999958336 18.206857681
0.999964178 0.002185563 0.008171792 0.328164279 -0.002222055 0.999987602 0.004459147 -0.560838580 -0.008161944 -0.004477146 0.999956667 18.641111374
0.999963820 0.002317578 0.008185222 0.346620053 -0.002352425 0.999988198 0.004250275 -0.570319533 -0.008175276 -0.004269375 0.999957442 19.125534058
0.999960303 0.002481900 0.008555827 0.348231852 -0.002522366 0.999985695 0.004722182 -0.578713536 -0.008543985 -0.004743576 0.999952257 19.619209290
0.999961317 0.002101372 0.008552428 0.361438513 -0.002142088 0.999986410 0.004754491 -0.594201922 -0.008542323 -0.004772626 0.999952137 20.046833038
0.999968171 0.001798864 0.007777121 0.379549712 -0.001835025 0.999987543 0.004645084 -0.601407409 -0.007768670 -0.004659207 0.999959052 20.548749924
0.999969423 0.002248060 0.007479000 0.383644819 -0.002284544 0.999985456 0.004873144 -0.616527081 -0.007467937 -0.004890081 0.999960124 21.021259308
0.999975443 0.001842852 0.006753706 0.402865529 -0.001874645 0.999987185 0.004704236 -0.625569046 -0.006744951 -0.004716782 0.999966145 21.536754608
0.999973834 0.002192549 0.006896459 0.403189451 -0.002224129 0.999987066 0.004574789 -0.635032713 -0.006886338 -0.004590007 0.999965727 22.022218704
0.999977231 0.001994571 0.006443891 0.416163325 -0.002025142 0.999986649 0.004741081 -0.652721226 -0.006434348 -0.004754023 0.999967992 22.542064667
0.999979258 0.002625000 0.005879719 0.417869329 -0.002653752 0.999984562 0.004887423 -0.663580537 -0.005866798 -0.004902925 0.999970734 23.052988052
0.999985337 0.001017946 0.005313837 0.432853580 -0.001040538 0.999990404 0.004250671 -0.675326288 -0.005309458 -0.004256138 0.999976873 23.549615860
0.999986649 0.001584790 0.004907544 0.443204761 -0.001608460 0.999987006 0.004822829 -0.688019991 -0.004899836 -0.004830658 0.999976337 24.090831757
0.999988198 0.002087494 0.004396026 0.449373394 -0.002108641 0.999986112 0.004811485 -0.694357157 -0.004385921 -0.004820697 0.999978781 24.630001068
0.999989867 0.002383051 0.003813985 0.455559403 -0.002400983 0.999986053 0.004704287 -0.714269340 -0.003802721 -0.004713397 0.999981642 25.149711609
0.999990106 0.002554396 0.003648840 0.466553062 -0.002570114 0.999987364 0.004309424 -0.724004567 -0.003637786 -0.004318759 0.999984086 25.711633682
0.999988794 0.003098002 0.003565607 0.472122163 -0.003116096 0.999982178 0.005079983 -0.738983512 -0.003549806 -0.005091036 0.999980688 26.259252548
0.999987841 0.003793783 0.003157814 0.476939112 -0.003807212 0.999983609 0.004257400 -0.740496218 -0.003141611 -0.004269371 0.999985933 26.845228195
0.999991477 0.003032489 0.002805529 0.490107030 -0.003045953 0.999983728 0.004807353 -0.768267870 -0.002790906 -0.004815857 0.999984503 27.305519104
0.999990404 0.003543313 0.002592484 0.502868354 -0.003555835 0.999981940 0.004841286 -0.775280237 -0.002575284 -0.004850458 0.999984860 27.864980698
0.999990821 0.003323721 0.002706068 0.511532962 -0.003339555 0.999977171 0.005868151 -0.800305128 -0.002686502 -0.005877135 0.999979138 28.398818970
0.999992609 0.003048128 0.002331397 0.504018545 -0.003060636 0.999980867 0.005380736 -0.811244428 -0.002314951 -0.005387832 0.999982834 28.887670517
0.999993443 0.003071079 0.001888753 0.514465690 -0.003081298 0.999980509 0.005432214 -0.822825015 -0.001872033 -0.005437999 0.999983490 29.444898605
0.999993861 0.003075129 0.001673754 0.524280310 -0.003084876 0.999978185 0.005852213 -0.842773557 -0.001655720 -0.005857340 0.999981523 29.974536896
0.999992490 0.003523955 0.001594125 0.539750636 -0.003532481 0.999979377 0.005377239 -0.856688619 -0.001575143 -0.005382829 0.999984264 30.529405594
0.999994874 0.002908325 0.001327382 0.535830975 -0.002915589 0.999980628 0.005503728 -0.860610187 -0.001311350 -0.005507570 0.999983966 31.018762589
0.999994159 0.003287522 0.001032095 0.549997687 -0.003292868 0.999980927 0.005221592 -0.871187866 -0.001014909 -0.005224960 0.999985874 31.565635681
0.999996126 0.002750209 0.000203040 0.566091299 -0.002751240 0.999982417 0.005261839 -0.879548252 -0.000188565 -0.005262377 0.999986172 32.127464294
0.999996603 0.002605491 0.000267544 0.579973519 -0.002606917 0.999981582 0.005474078 -0.907077670 -0.000253277 -0.005474755 0.999984980 32.670612335
0.999995530 0.002802076 0.000963852 0.550770640 -0.002806705 0.999984384 0.004836494 -0.892622411 -0.000950284 -0.004839178 0.999987841 33.146522522
0.999994218 0.003314676 0.000726467 0.559418321 -0.003318000 0.999983788 0.004623545 -0.901682138 -0.000711130 -0.004625930 0.999989033 33.691520691
0.999991238 0.004103222 0.000811034 0.563990891 -0.004106885 0.999981225 0.004568504 -0.919600725 -0.000792273 -0.004571795 0.999989212 34.215229034
0.999994874 0.003139923 0.000458986 0.584888458 -0.003141776 0.999986649 0.004093478 -0.918977499 -0.000446126 -0.004094900 0.999991477 34.790481567
0.999998212 0.001906053 -0.000037949 0.580005229 -0.001905836 0.999985158 0.005101679 -0.943163693 0.000047672 -0.005101598 0.999986947 35.279193878
0.999997079 0.002391917 -0.000291411 0.590499878 -0.002390446 0.999984860 0.004948764 -0.953126132 0.000303243 -0.004948054 0.999987721 35.833717346
0.999997854 0.002053258 -0.000218929 0.597483158 -0.002052045 0.999983251 0.005403915 -0.965554118 0.000230021 -0.005403455 0.999985397 36.379970551
0.999997556 0.002193569 -0.000281584 0.608151793 -0.002192122 0.999984860 0.005043535 -0.980450094 0.000292644 -0.005042905 0.999987245 36.873950958
0.999997318 0.002284006 -0.000200221 0.617232382 -0.002283028 0.999986112 0.004758483 -0.991126597 0.000211087 -0.004758013 0.999988735 37.420471191
0.999995887 0.002884311 -0.000136350 0.626780450 -0.002883643 0.999985039 0.004668596 -0.998801768 0.000149814 -0.004668184 0.999989092 37.980636597
0.999997377 0.002291356 -0.000204056 0.627202690 -0.002290312 0.999984980 0.004977892 -1.008142591 0.000215459 -0.004977412 0.999987602 38.477836609
0.999996901 0.002435910 -0.000391744 0.638721704 -0.002434042 0.999985993 0.004699477 -1.021265626 0.000403186 -0.004698509 0.999988973 39.027717590
0.999996960 0.002323946 -0.000910821 0.661182642 -0.002319630 0.999986172 0.004711075 -1.039114118 0.000921757 -0.004708947 0.999988496 39.559238434
0.999997735 0.002114137 -0.000242931 0.651451945 -0.002112990 0.999987185 0.004628467 -1.041680336 0.000252712 -0.004627944 0.999989271 40.078834534
0.999995828 0.002905496 -0.000262198 0.659672201 -0.002904315 0.999986172 0.004395389 -1.045426369 0.000274966 -0.004394609 0.999990344 40.625877380
0.999997497 0.002207077 -0.000379900 0.680505753 -0.002205253 0.999986410 0.004735217 -1.069525957 0.000390345 -0.004734368 0.999988735 41.174118042
0.999996841 0.002510620 -0.000100778 0.667306602 -0.002510138 0.999986589 0.004531174 -1.070902348 0.000112152 -0.004530907 0.999989688 41.656658173
0.999997616 0.002180285 -0.000060109 0.677078187 -0.002179971 0.999986112 0.004794724 -1.085763454 0.000070562 -0.004794582 0.999988496 42.199542999
0.999996364 0.002712361 -0.000140648 0.697903931 -0.002711655 0.999984860 0.004798551 -1.102453947 0.000153661 -0.004798152 0.999988496 42.743000031
0.999997258 0.002307126 -0.000249427 0.690226972 -0.002305952 0.999986708 0.004607166 -1.107699156 0.000260053 -0.004606578 0.999989331 43.245773315
0.999996305 0.002681907 0.000039311 0.693282187 -0.002682050 0.999987245 0.004256754 -1.119320273 -0.000027895 -0.004256845 0.999990880 43.797000885
0.999994874 0.003210471 0.000162993 0.709713995 -0.003211066 0.999987662 0.003795335 -1.126749635 -0.000150805 -0.003795839 0.999992788 44.350452423
0.999995887 0.002894125 0.000270072 0.702912152 -0.002895310 0.999985695 0.004491685 -1.143394351 -0.000257069 -0.004492448 0.999989808 44.840446472
0.999996483 0.002668805 0.000114236 0.711967885 -0.002669286 0.999986529 0.004439288 -1.156938553 -0.000102387 -0.004439577 0.999990106 45.386627197
0.999994576 0.003291998 0.000178205 0.723892212 -0.003292731 0.999985456 0.004278657 -1.170727372 -0.000164117 -0.004279220 0.999990761 45.938346863
0.999996424 0.002644476 0.000380634 0.703213632 -0.002646090 0.999987245 0.004305527 -1.167696714 -0.000369244 -0.004306519 0.999990582 46.435668945
0.999996126 0.002717887 0.000680481 0.709355295 -0.002720573 0.999988377 0.003977326 -1.179675341 -0.000669663 -0.003979161 0.999991834 46.975059509
0.999994397 0.003212385 0.000940272 0.717794240 -0.003215993 0.999987364 0.003861172 -1.189765096 -0.000927857 -0.003864174 0.999992073 47.523281097
0.999995172 0.002985906 0.000795717 0.717161119 -0.002989155 0.999987006 0.004114421 -1.202714920 -0.000783422 -0.004116779 0.999991238 48.023113251
0.999993384 0.003501560 0.000967276 0.729520977 -0.003505703 0.999984503 0.004316124 -1.214355469 -0.000952148 -0.004319487 0.999990225 48.571407318
0.999996066 0.002791602 0.000348109 0.741135240 -0.002792908 0.999988794 0.003810953 -1.222413659 -0.000337467 -0.003811910 0.999992728 49.106590271
0.999996960 0.002366763 0.000680307 0.746127129 -0.002369379 0.999989688 0.003869779 -1.235298991 -0.000671141 -0.003871379 0.999992192 49.614173889
0.999996960 0.002336578 0.000764803 0.756175458 -0.002339434 0.999990165 0.003754732 -1.246388674 -0.000756022 -0.003756510 0.999992669 50.163650513
0.999995530 0.002820498 0.001024877 0.770296454 -0.002824192 0.999989450 0.003621086 -1.250171304 -0.001014653 -0.003623963 0.999992847 50.710971832
0.999995291 0.002933729 0.000879638 0.770034671 -0.002937336 0.999987185 0.004126855 -1.274496198 -0.000867519 -0.004129419 0.999991119 51.195453644
0.999996006 0.002700982 0.000819665 0.782482445 -0.002704314 0.999987900 0.004091238 -1.281451941 -0.000808605 -0.004093438 0.999991298 51.748302460
0.999992788 0.003577865 0.001212855 0.786589742 -0.003582690 0.999985576 0.003999937 -1.297001123 -0.001198526 -0.004004254 0.999991298 52.308418274
0.999996245 0.002562840 0.000905624 0.801194429 -0.002566586 0.999988019 0.004158745 -1.314107060 -0.000894955 -0.004161054 0.999990940 52.796230316
0.999995112 0.002813662 0.001358625 0.804695725 -0.002819188 0.999987602 0.004082138 -1.325380206 -0.001347123 -0.004085948 0.999990702 53.344074249
0.999994695 0.002970544 0.001289497 0.816322505 -0.002975653 0.999987602 0.003978200 -1.335183740 -0.001277664 -0.003982016 0.999991238 53.910697937
0.999996781 0.002266350 0.001075355 0.840124071 -0.002270958 0.999988198 0.004304016 -1.351242900 -0.001065588 -0.004306444 0.999990165 54.424724579
0.999993384 0.003311423 0.001477267 0.819931984 -0.003316551 0.999988496 0.003482998 -1.357768297 -0.001465717 -0.003487875 0.999992788 54.956920624
0.999995649 0.002707876 0.001194181 0.827815354 -0.002712293 0.999989450 0.003713269 -1.368745565 -0.001184114 -0.003716492 0.999992311 55.431304932
0.999994576 0.002819243 0.001694448 0.837826908 -0.002825002 0.999990284 0.003406350 -1.381418586 -0.001684828 -0.003411118 0.999992728 55.966217041
0.999992907 0.003398788 0.001686529 0.846196830 -0.003404513 0.999988437 0.003403372 -1.395035267 -0.001674942 -0.003409089 0.999992728 56.526874542
0.999995351 0.002498218 0.001750195 0.847431898 -0.002504500 0.999990523 0.003595673 -1.403496981 -0.001741196 -0.003600040 0.999991953 57.001720428
0.999995410 0.002487117 0.001666701 0.859245360 -0.002492499 0.999991655 0.003234028 -1.411442876 -0.001658643 -0.003238167 0.999993384 57.548740387
0.999995530 0.002332412 0.001847514 0.867906272 -0.002338389 0.999992013 0.003239682 -1.430510163 -0.001839942 -0.003243988 0.999993026 58.091911316
0.999995530 0.002465593 0.001680686 0.865727305 -0.002471088 0.999991536 0.003275575 -1.437735558 -0.001672596 -0.003279713 0.999993145 58.577243805
0.999993980 0.002615567 0.002246320 0.872170389 -0.002621864 0.999992669 0.002805313 -1.446018219 -0.002238966 -0.002811186 0.999993503 59.138458252
0.999995112 0.002493933 0.001873192 0.887596428 -0.002499186 0.999993026 0.002807360 -1.455680847 -0.001866177 -0.002812028 0.999994218 59.689937592
0.999995112 0.002405050 0.001968510 0.890172422 -0.002411027 0.999992490 0.003038344 -1.465604901 -0.001961188 -0.003043075 0.999993384 60.178188324
0.999996305 0.002065709 0.001800898 0.901416898 -0.002071119 0.999993443 0.003007154 -1.479549885 -0.001794674 -0.003010873 0.999993861 60.725303650
0.999995410 0.001969392 0.002309656 0.916137755 -0.001976260 0.999993682 0.002974846 -1.495035648 -0.002303783 -0.002979397 0.999992847 61.262638092
0.999995947 0.001889171 0.002095993 0.909970641 -0.001895909 0.999993026 0.003217486 -1.507010221 -0.002089899 -0.003221447 0.999992609 61.746498108
0.999995053 0.002248888 0.002195885 0.919229865 -0.002255031 0.999993563 0.002798697 -1.521407008 -0.002189577 -0.002803634 0.999993682 62.298564911
0.999991119 0.003350245 0.002557095 0.930706501 -0.003357555 0.999990284 0.002859729 -1.537070394 -0.002547489 -0.002868289 0.999992669 62.835723877
0.999992967 0.002521902 0.002748425 0.912407875 -0.002529040 0.999993443 0.002596903 -1.540766001 -0.002741858 -0.002603835 0.999992788 63.345592499
0.999994814 0.001923369 0.002551236 0.930377066 -0.001929677 0.999994993 0.002472561 -1.555398703 -0.002546468 -0.002477471 0.999993682 63.890876770
0.999995291 0.001504033 0.002654588 0.949066281 -0.001511069 0.999995291 0.002650728 -1.568885088 -0.002650589 -0.002654727 0.999992907 64.439918518
0.999993503 0.002057160 0.002961318 0.936720729 -0.002064407 0.999994874 0.002445448 -1.574676514 -0.002956272 -0.002451546 0.999992549 64.921211243
0.999990642 0.002919313 0.003204502 0.947507143 -0.002926144 0.999993503 0.002128539 -1.588048697 -0.003198267 -0.002137896 0.999992549 65.477745056
0.999994397 0.001959636 0.002707132 0.968867242 -0.001965012 0.999996126 0.001984913 -1.601482391 -0.002703231 -0.001990221 0.999994338 66.008979797
0.999994636 0.001874750 0.002670973 0.970727921 -0.001880633 0.999995828 0.002201240 -1.612617970 -0.002666834 -0.002206252 0.999994040 66.494232178
0.999991894 0.002534105 0.003128791 0.978817463 -0.002540703 0.999994576 0.002106383 -1.626281500 -0.003123437 -0.002114316 0.999992907 67.030998230
0.999990582 0.002949568 0.003161941 0.983425856 -0.002955719 0.999993801 0.001942540 -1.640198708 -0.003156191 -0.001951867 0.999993205 67.585922241
0.999993026 0.002031682 0.003113210 0.992914319 -0.002037741 0.999996006 0.001944689 -1.648660660 -0.003109247 -0.001951020 0.999993265 68.068771362
0.999990821 0.002407181 0.003529675 1.001454353 -0.002412987 0.999995708 0.001641654 -1.659871817 -0.003525708 -0.001650157 0.999992430 68.622840881
0.999986649 0.002771150 0.004351662 1.001421928 -0.002779187 0.999994457 0.001841846 -1.677194357 -0.004346534 -0.001853916 0.999988914 69.168479919
0.999992728 0.001561818 0.003471381 1.018558741 -0.001568721 0.999996722 0.001986291 -1.686667800 -0.003468268 -0.001991723 0.999992013 69.612831116
0.999990344 0.002001853 0.003903178 1.028538942 -0.002010349 0.999995589 0.002173687 -1.705355525 -0.003898809 -0.002181513 0.999990106 70.161018372
0.999991894 0.002070135 0.003450320 1.039969087 -0.002078244 0.999995112 0.002348450 -1.719192028 -0.003445442 -0.002355602 0.999991298 70.726173401
0.999992847 0.001539913 0.003459641 1.047718048 -0.001546702 0.999996901 0.001960153 -1.731164217 -0.003456611 -0.001965490 0.999992073 71.169967651
0.999988616 0.002549798 0.004041428 1.052990913 -0.002558377 0.999994516 0.002119010 -1.745253325 -0.004036003 -0.002129325 0.999989569 71.725425720
0.999987602 0.002387606 0.004371070 1.061028242 -0.002395689 0.999995470 0.001844725 -1.762768269 -0.004366646 -0.001855174 0.999988735 72.267105103
0.999989748 0.002183955 0.003959460 1.068916917 -0.002191490 0.999995768 0.001899239 -1.767311335 -0.003955296 -0.001907896 0.999990344 72.708190918
0.999987423 0.002940338 0.004055109 1.078921795 -0.002947629 0.999993980 0.001793019 -1.779680729 -0.004049812 -0.001804950 0.999990165 73.272178650
0.999992788 0.001634308 0.003410945 1.106004596 -0.001638833 0.999997735 0.001324202 -1.799365163 -0.003408772 -0.001329782 0.999993384 73.772216797
0.999991715 0.001943580 0.003577857 1.105160832 -0.001949114 0.999996901 0.001543939 -1.802593708 -0.003574845 -0.001550900 0.999992430 74.283943176
0.999991357 0.001833914 0.003743973 1.120337486 -0.001837953 0.999997675 0.001075558 -1.813183308 -0.003741993 -0.001082430 0.999992430 74.828170776
0.999989092 0.002397421 0.004016256 1.127938390 -0.002399166 0.999996960 0.000430219 -1.827214479 -0.004015213 -0.000439849 0.999991894 75.395698547
0.999991179 0.001912101 0.003747553 1.141776323 -0.001916795 0.999997377 0.001249823 -1.841847777 -0.003745154 -0.001256995 0.999992192 75.882843018
0.999989629 0.002166772 0.004011155 1.157654524 -0.002171318 0.999997079 0.001129606 -1.861058116 -0.004008695 -0.001138303 0.999991357 76.423194885
0.999988079 0.002199528 0.004369732 1.163871884 -0.002203760 0.999997079 0.000963875 -1.868694544 -0.004367599 -0.000973493 0.999989986 76.990562439
0.999987960 0.002446755 0.004258504 1.159405112 -0.002451736 0.999996305 0.001164777 -1.888175368 -0.004255638 -0.001175203 0.999990225 77.463134766
0.999985874 0.002788781 0.004544203 1.175382376 -0.002793534 0.999995470 0.001039648 -1.902597189 -0.004541284 -0.001052328 0.999989092 78.015319824
0.999983966 0.001964281 0.005312532 1.191442370 -0.001969290 0.999997616 0.000937639 -1.915549159 -0.005310677 -0.000948086 0.999985397 78.546157837
0.999979496 0.001553618 0.006217249 1.217459798 -0.001562011 0.999997914 0.001345457 -1.937893748 -0.006215145 -0.001355141 0.999979794 79.042037964
0.999969959 0.001837379 0.007521752 1.222763300 -0.001845233 0.999997735 0.001037259 -1.949153066 -0.007519830 -0.001051107 0.999971092 79.595718384
0.999959230 0.002747046 0.008600264 1.234432220 -0.002760429 0.999994934 0.001544472 -1.965933084 -0.008595979 -0.001568150 0.999961793 80.146339417
0.999923825 0.003356057 0.011874136 1.252587795 -0.003378407 0.999992549 0.001862721 -1.993344665 -0.011867795 -0.001902695 0.999927700 80.678512573
0.999871671 0.002025999 0.015892413 1.259207726 -0.002041180 0.999997497 0.000939085 -1.979608059 -0.015890470 -0.000971404 0.999873281 81.176116943
0.999819338 0.002229786 0.018875919 1.288662672 -0.002253711 0.999996781 0.001246329 -1.999149680 -0.018873077 -0.001288645 0.999821126 81.722297668
0.999738812 0.001901971 0.022772793 1.316648006 -0.001933374 0.999997199 0.001357056 -2.014568329 -0.022770150 -0.001400730 0.999739766 82.261741638
0.999565065 0.002737224 0.029363001 1.324708462 -0.002764345 0.999995768 0.000883073 -2.016003847 -0.029360456 -0.000963858 0.999568403 82.805061340
0.999361455 0.002635038 0.035632759 1.355895400 -0.002652388 0.999996305 0.000439650 -2.030316830 -0.035631467 -0.000533881 0.999364853 83.356292725
0.999133706 0.002819739 0.041521180 1.394120932 -0.002857810 0.999995530 0.000857608 -2.047297716 -0.041518576 -0.000975525 0.999137223 83.903785706
0.998744488 0.003001886 0.050003894 1.418495417 -0.003049843 0.999994934 0.000882780 -2.053952932 -0.050000999 -0.001034176 0.998748660 84.422378540
0.998281956 0.003344660 0.058496181 1.471029758 -0.003385528 0.999994040 0.000599544 -2.065418005 -0.058493838 -0.000796554 0.998287499 84.981964111
0.997841179 0.002712154 0.065617405 1.527715206 -0.002747416 0.999996126 0.000447163 -2.074297190 -0.065615945 -0.000626476 0.997844756 85.551033020
0.997177124 0.003345627 0.075010844 1.581579685 -0.003419328 0.999993742 0.000854136 -2.090421677 -0.075007521 -0.001108211 0.997182369 86.063453674
0.996417582 0.002689997 0.084526509 1.639966965 -0.002736647 0.999996185 0.000436041 -2.107740879 -0.084525004 -0.000665798 0.996421099 86.584693909
0.995642364 0.002385135 0.093222596 1.705265045 -0.002446757 0.999996960 0.000546737 -2.116762877 -0.093220979 -0.000772448 0.995645106 87.140495300
0.994939566 0.001844911 0.100458235 1.784683228 -0.001899813 0.999998212 0.000450856 -2.135976553 -0.100457206 -0.000639426 0.994941115 87.686958313
0.993799865 0.002211154 0.111161254 1.857840538 -0.002271394 0.999997377 0.000415275 -2.140310287 -0.111160032 -0.000665191 0.993802309 88.211280823
0.992582202 0.002580761 0.121547982 1.930650711 -0.002616818 0.999996543 0.000137024 -2.155286789 -0.121547192 -0.000454076 0.992585540 88.747100830
0.991364419 0.002279378 0.131115884 2.019001961 -0.002286426 0.999997377 -0.000096787 -2.171188593 -0.131115749 -0.000203835 0.991367042 89.292152405
0.989787281 0.001668305 0.142542154 2.111306190 -0.001705810 0.999998569 0.000140913 -2.192993164 -0.142541692 -0.000382623 0.989788651 89.804046631
0.987792432 0.002855795 0.155749798 2.204020500 -0.002975428 0.999995410 0.000534978 -2.208019257 -0.155747592 -0.000991869 0.987796366 90.347831726
0.986183167 0.001391020 0.165652752 2.315541267 -0.001397970 0.999999046 -0.000074641 -2.207496881 -0.165652692 -0.000157968 0.986184120 90.849395752
0.984320402 0.001383316 0.176384225 2.429718018 -0.001299180 0.999998987 -0.000592487 -2.214654446 -0.176384866 0.000354043 0.984321237 91.396560669
0.981889665 0.001768004 0.189445227 2.552052498 -0.001776316 0.999998510 -0.000125923 -2.232332706 -0.189445153 -0.000212872 0.981891274 91.922210693
0.979505122 0.001066867 0.201416194 2.683329582 -0.001054536 0.999999344 -0.000168523 -2.245774984 -0.201416239 -0.000047331 0.979505718 92.461402893
0.977360129 0.000367799 0.211582169 2.818252563 -0.000336482 0.999999881 -0.000184013 -2.261769772 -0.211582184 0.000108654 0.977360249 92.995262146
0.974297941 0.000831458 0.225261763 2.954156876 -0.000924990 0.999999464 0.000309677 -2.283049583 -0.225261375 -0.000510082 0.974298179 93.510505676
0.971111238 0.000582546 0.238626435 3.082735062 -0.000533356 0.999999762 -0.000270708 -2.275645256 -0.238626584 0.000135615 0.971111417 94.068969727
0.968318403 0.000268950 0.249718547 3.238019943 -0.000182785 0.999999940 -0.000368234 -2.291393995 -0.249718681 0.000310923 0.968318403 94.589744568
0.965484560 0.000282975 0.260459840 3.410795212 -0.000320439 0.999999940 0.000101373 -2.314235926 -0.260459810 -0.000181335 0.965484679 95.071632385
0.961816490 0.001062752 0.273693085 3.608036041 -0.001072525 0.999999404 -0.000113922 -2.321297884 -0.273693055 -0.000183971 0.961817086 95.609092712
0.958016098 -0.000563230 0.286713958 3.724958420 0.000671379 0.999999762 -0.000278889 -2.328026295 -0.286713660 0.000459674 0.958016217 96.105033875
0.954406559 -0.000045193 0.298510194 3.906332016 0.000018880 1.000000000 0.000091034 -2.343676329 -0.298510164 -0.000081248 0.954406440 96.631530762
0.950024903 -0.000756983 0.312173545 4.109518051 0.000791251 0.999999762 0.000016896 -2.361945629 -0.312173456 0.000230956 0.950025082 97.142089844
0.945345521 -0.000339187 0.326070100 4.282852173 0.000230552 0.999999881 0.000371808 -2.369174957 -0.326070189 -0.000276311 0.945345521 97.631057739
0.941359997 -0.000305475 0.337403655 4.486978531 0.000249721 0.999999940 0.000208645 -2.383897066 -0.337403685 -0.000112153 0.941360056 98.130699158
0.936513305 -0.000280358 0.350631773 4.701765060 0.000180493 0.999999881 0.000317495 -2.404324532 -0.350631833 -0.000234052 0.936513305 98.624610901
0.930945754 -0.000959675 0.365156084 4.915784836 0.001028470 0.999999404 0.000006092 -2.406946659 -0.365155935 0.000369880 0.930946350 99.149574280
0.926028371 -0.001124876 0.377452314 5.110881805 0.001067129 0.999999344 0.000362120 -2.420841455 -0.377452433 0.000067457 0.926028967 99.609153748
0.921225190 -0.001448449 0.389027208 5.339532852 0.001486321 0.999998808 0.000203611 -2.432682276 -0.389027059 0.000390648 0.921226203 100.102394104
0.915128112 -0.001792667 0.403159171 5.576461792 0.001884197 0.999998152 0.000169614 -2.442958117 -0.403158784 0.000604413 0.915129840 100.585525513
0.909249425 -0.001894333 0.416247547 5.830440521 0.001842813 0.999998093 0.000525537 -2.455652475 -0.416247755 0.000289222 0.909251213 101.091094971
0.904084444 -0.001754624 0.427350283 6.053497314 0.001626052 0.999998569 0.000665807 -2.466362238 -0.427350789 0.000092948 0.904085875 101.543495178
0.898240209 -0.001631867 0.439501882 6.311134338 0.001491431 0.999998629 0.000664849 -2.481840611 -0.439502418 0.000058293 0.898241401 102.019851685
0.891585708 -0.001428647 0.452849776 6.580577850 0.001208858 0.999998987 0.000774747 -2.497902870 -0.452850401 -0.000143322 0.891586423 102.510604858
0.885293305 -0.002040043 0.465028852 6.834548950 0.002340039 0.999997258 -0.000067917 -2.490219831 -0.465027452 0.001148312 0.885295510 102.983848572
0.879336357 -0.002096599 0.476196617 7.109272003 0.002069385 0.999997675 0.000581502 -2.513864279 -0.476196736 0.000474098 0.879338562 103.449058533
0.871984601 -0.002358647 0.489527583 7.396141052 0.002242907 0.999997199 0.000822956 -2.530153513 -0.489528149 0.000380360 0.871987343 103.911506653
0.864525020 -0.002780993 0.502582073 7.666809082 0.003082363 0.999995172 0.000231205 -2.525014162 -0.502580345 0.001349258 0.864529371 104.351348877
