1.000000000 0.000000000 0.000000000 0.000000000 0.000000000 1.000000000 0.000000000 0.000000000 0.000000000 0.000000000 1.000000000 0.000000000
1.000000000 0.000044500 0.000137276 -0.000877233 -0.000044503 1.000000000 0.000022008 -0.000132165 -0.000137275 -0.000022014 1.000000000 -0.000177761
1.000000000 0.000125724 0.000152704 -0.001540546 -0.000125731 1.000000000 0.000047592 0.000784248 -0.000152698 -0.000047611 1.000000000 0.001593399
1.000000000 0.000168671 -0.000019354 0.000193468 -0.000168668 1.000000000 0.000143493 -0.001073316 0.000019378 -0.000143489 1.000000000 -0.000399733
0.999999940 0.000247764 0.000144493 -0.001273604 -0.000247777 0.999999940 0.000093458 -0.000011073 -0.000144470 -0.000093494 1.000000000 0.000237921
1.000000000 -0.000000393 0.000006603 -0.000581993 0.000000393 1.000000000 0.000077066 -0.000157721 -0.000006603 -0.000077066 1.000000000 -0.000670935
1.000000000 0.000070254 0.000140747 -0.002365692 -0.000070253 1.000000000 -0.000009341 0.001398006 -0.000140748 0.000009332 1.000000000 0.003683425
1.000000000 -0.000031599 0.000172804 -0.001382265 0.000031586 1.000000000 0.000077778 0.000806485 -0.000172807 -0.000077773 1.000000000 0.003104005
1.000000000 0.000015789 0.000165458 -0.001522509 -0.000015780 1.000000000 -0.000057907 0.001457660 -0.000165459 0.000057905 1.000000000 0.002580961
1.000000000 -0.000014833 0.000192543 -0.001236495 0.000014825 1.000000000 0.000041346 0.000265284 -0.000192544 -0.000041343 1.000000000 0.000374269
1.000000000 -0.000129817 0.000198846 -0.001023185 0.000129818 1.000000000 -0.000008502 0.001590544 -0.000198845 0.000008528 1.000000000 0.002614910
1.000000000 0.000017567 0.000081521 -0.000489556 -0.000017572 1.000000000 0.000064729 -0.000029133 -0.000081520 -0.000064730 1.000000000 0.000748871
1.000000000 0.000042353 0.000157520 -0.001544235 -0.000042352 1.000000000 -0.000007096 0.001731965 -0.000157521 0.000007089 1.000000000 0.004323088
0.999999940 -0.000040549 0.000255393 -0.002414568 0.000040517 1.000000000 0.000124603 0.001093967 -0.000255398 -0.000124592 0.999999940 0.003914737
1.000000000 0.000006330 0.000163976 -0.002172846 -0.000006342 1.000000000 0.000070732 0.001182125 -0.000163976 -0.000070733 1.000000000 0.003584417
1.000000000 0.000088842 0.000099748 -0.001191752 -0.000088848 1.000000000 0.000060665 0.000312645 -0.000099742 -0.000060674 1.000000000 0.001432440
1.000000000 -0.000070467 0.000082722 -0.001803125 0.000070464 1.000000000 0.000034236 0.000988659 -0.000082724 -0.000034230 1.000000000 0.003389176
0.999999940 0.000167417 0.000350338 -0.003162137 -0.000167438 1.000000000 0.000061225 0.001138416 -0.000350328 -0.000061284 0.999999940 0.004198767
0.999999940 0.000170786 0.000274505 -0.003068541 -0.000170803 1.000000000 0.000059671 0.000572949 -0.000274494 -0.000059717 0.999999940 0.002902858
0.999999940 0.000198194 0.000188039 -0.002112010 -0.000198211 1.000000000 0.000086310 0.000720244 -0.000188022 -0.000086347 1.000000000 0.003536784
0.999999881 0.000392731 0.000312770 -0.002558348 -0.000392813 0.999999881 0.000263134 -0.000822293 -0.000312667 -0.000263257 0.999999940 0.001228944
0.999999821 0.000502947 0.000354852 -0.003143620 -0.000502981 0.999999881 0.000094671 0.000028488 -0.000354804 -0.000094849 0.999999940 0.001390675
0.999999940 0.000121189 0.000231579 -0.002388298 -0.000121215 1.000000000 0.000110780 0.000777239 -0.000231565 -0.000110808 0.999999940 0.002718991
0.999999940 0.000064357 0.000300337 -0.001525316 -0.000064387 1.000000000 0.000098561 -0.000192441 -0.000300331 -0.000098581 0.999999940 0.001676521
0.999999940 0.000077614 0.000254392 -0.002135477 -0.000077615 1.000000000 0.000003410 0.000508558 -0.000254392 -0.000003430 0.999999940 0.000306428
1.000000000 0.000013060 0.000223780 -0.001165899 -0.000013049 1.000000000 -0.000051189 0.001455338 -0.000223781 0.000051186 1.000000000 0.002251484
0.999999940 0.000095545 0.000270467 -0.001891663 -0.000095573 1.000000000 0.000103628 -0.000053923 -0.000270457 -0.000103654 0.999999940 0.000604747
1.000000000 0.000047927 0.000232103 -0.000851944 -0.000047935 1.000000000 0.000033765 0.000658056 -0.000232101 -0.000033776 1.000000000 0.001220292
0.999999940 0.000229395 0.000348701 -0.003010358 -0.000229385 1.000000000 -0.000028526 0.001049587 -0.000348707 0.000028446 0.999999940 0.001254285
0.999999940 0.000144429 0.000324577 -0.003683850 -0.000144433 1.000000000 0.000012224 0.001820551 -0.000324576 -0.000012271 0.999999940 0.003666802
0.999999940 0.000173095 0.000326480 -0.002955877 -0.000173124 1.000000000 0.000086608 0.000855006 -0.000326465 -0.000086665 0.999999940 0.002746177
0.999999940 0.000101762 0.000296116 -0.002259353 -0.000101800 1.000000000 0.000125239 0.000327546 -0.000296104 -0.000125269 0.999999940 0.001471521
0.999999881 0.000263963 0.000379736 -0.003845550 -0.000263965 0.999999940 0.000006276 0.001647193 -0.000379734 -0.000006377 0.999999940 0.003453104
0.999999881 0.000251177 0.000443747 -0.003029140 -0.000251182 0.999999940 0.000010651 0.001487050 -0.000443744 -0.000010762 0.999999881 0.003307788
0.999999940 0.000159692 0.000251893 -0.000915403 -0.000159725 1.000000000 0.000129940 -0.000390745 -0.000251872 -0.000129981 0.999999940 0.000287585
0.999999881 0.000269334 0.000366586 -0.003239004 -0.000269307 0.999999940 -0.000072971 0.003206526 -0.000366605 0.000072872 0.999999940 0.005524372
0.999999940 0.000177055 0.000305562 -0.003396909 -0.000177036 1.000000000 -0.000063414 0.004386831 -0.000305573 0.000063360 0.999999940 0.007018319
0.999999940 -0.000141545 0.000247696 -0.001126014 0.000141535 1.000000000 0.000036918 0.001376784 -0.000247701 -0.000036883 0.999999940 0.002747614
0.999999881 0.000270633 0.000334774 -0.002708474 -0.000270689 0.999999940 0.000165525 0.000981036 -0.000334730 -0.000165615 0.999999940 0.003228892
0.999999940 -0.000041353 0.000241339 -0.001289132 0.000041343 1.000000000 0.000042473 0.001509837 -0.000241341 -0.000042463 0.999999940 0.002818851
0.999999881 0.000098369 0.000461702 -0.003113682 -0.000098357 1.000000000 -0.000026241 0.001710282 -0.000461704 0.000026195 0.999999881 0.004776601
0.999999940 -0.000319157 0.000218552 0.000611306 0.000319333 0.999999642 -0.000807944 0.000866808 -0.000218294 0.000808014 0.999999642 0.055506241
0.999999881 0.000272164 0.000350590 -0.001349992 -0.000271778 0.999999344 -0.001102605 -0.005799831 -0.000350890 0.001102509 0.999999344 0.133236259
1.000000000 0.000209106 0.000098946 0.002884118 -0.000208937 0.999998510 -0.001704055 -0.002868649 -0.000099302 0.001704034 0.999998569 0.255960941
1.000000000 0.000202545 0.000064888 0.005142544 -0.000202468 0.999999285 -0.001194134 -0.012077274 -0.000065130 0.001194121 0.999999285 0.385982066
1.000000000 0.000118574 0.000165075 0.008361864 -0.000118410 0.999999523 -0.000992823 -0.016857885 -0.000165193 0.000992803 0.999999523 0.524797857
0.999999940 0.000382946 0.000120902 0.012455885 -0.000382839 0.999999523 -0.000886471 -0.025098130 -0.000121241 0.000886424 0.999999583 0.667188525
0.999999881 0.000380583 0.000360784 0.015952135 -0.000380224 0.999999464 -0.000993615 -0.024031032 -0.000361162 0.000993477 0.999999464 0.840038002
0.999999881 0.000416402 0.000189789 0.017262254 -0.000416276 0.999999702 -0.000662629 -0.028652189 -0.000190065 0.000662549 0.999999762 1.013367414
0.999999940 0.000260436 0.000217758 0.021231655 -0.000260389 0.999999940 -0.000214177 -0.035590723 -0.000217814 0.000214121 0.999999940 1.188382864
0.999999762 0.000563736 0.000440528 0.017819595 -0.000563454 0.999999642 -0.000638664 -0.036189489 -0.000440888 0.000638416 0.999999702 1.368402958
0.999999881 0.000426850 0.000270331 0.035154250 -0.000426899 0.999999881 0.000183555 -0.054942187 -0.000270252 -0.000183670 0.999999940 1.563657522
0.999999702 0.000590789 0.000472881 0.035995539 -0.000590752 0.999999821 -0.000077976 -0.052588411 -0.000472927 0.000077696 0.999999881 1.758920670
0.999999940 0.000067362 -0.000244404 0.041275155 -0.000067501 0.999999821 -0.000567857 -0.049951810 0.000244366 0.000567874 0.999999821 1.962267160
0.999999762 0.000568098 0.000407701 0.038909577 -0.000568015 0.999999821 -0.000203080 -0.063887499 -0.000407816 0.000202848 0.999999881 2.165807247
0.999998391 0.001737218 -0.000502469 0.060743988 -0.001737327 0.999998391 -0.000218235 -0.083879218 0.000502089 0.000219108 0.999999762 2.358970642
0.999997675 0.002032584 -0.000784871 0.071972616 -0.002032606 0.999997854 -0.000027257 -0.092701346 0.000784814 0.000028852 0.999999642 2.573782444
0.999997616 0.002113971 -0.000458547 0.070806444 -0.002113944 0.999997675 0.000060028 -0.100494780 0.000458673 -0.000059059 0.999999881 2.804506302
0.999998212 0.001679599 -0.000848792 0.078158878 -0.001679412 0.999998510 0.000219692 -0.105067275 0.000849160 -0.000218266 0.999999583 3.043140650
0.999998033 0.001791994 -0.000846279 0.079763956 -0.001792228 0.999998331 -0.000275649 -0.106705934 0.000845783 0.000277165 0.999999583 3.282605648
0.999997675 0.002127719 -0.000493872 0.083317906 -0.002127601 0.999997735 0.000240285 -0.120149180 0.000494382 -0.000239233 0.999999821 3.528375864
0.999997914 0.001812785 -0.000925699 0.094606146 -0.001812916 0.999998331 -0.000140886 -0.122588411 0.000925442 0.000142564 0.999999583 3.768429279
0.999997795 0.002028058 -0.000491732 0.092402138 -0.002028229 0.999997854 -0.000346953 -0.126423076 0.000491028 0.000347950 0.999999821 4.044042110
0.999997616 0.002129965 -0.000425839 0.098788649 -0.002129859 0.999997675 0.000249471 -0.139661029 0.000426370 -0.000248564 0.999999940 4.280158997
0.999997914 0.001973106 -0.000465940 0.101727903 -0.001972979 0.999998033 0.000273928 -0.146078140 0.000466480 -0.000273008 0.999999940 4.534177303
0.999997318 0.002183284 -0.000651415 0.113291718 -0.002183249 0.999997616 0.000054432 -0.149322286 0.000651532 -0.000053010 0.999999762 4.792669296
0.999997675 0.001860151 -0.001011046 0.120672911 -0.001859878 0.999998212 0.000270299 -0.157295033 0.001011547 -0.000268418 0.999999464 5.052225113
0.999997914 0.001872532 -0.000750378 0.123141162 -0.001872679 0.999998212 -0.000194896 -0.161920696 0.000750012 0.000196301 0.999999702 5.313970566
0.999997973 0.001896166 -0.000759567 0.132655323 -0.001896107 0.999998212 0.000078354 -0.171061650 0.000759714 -0.000076914 0.999999702 5.577919960
0.999997735 0.001978924 -0.000776432 0.132791981 -0.001978660 0.999997973 0.000340079 -0.183739871 0.000777104 -0.000338542 0.999999583 5.843479156
0.999997914 0.001817641 -0.000959527 0.140178576 -0.001817023 0.999998152 0.000644967 -0.194761470 0.000960698 -0.000643222 0.999999344 6.120743752
0.999997735 0.001989238 -0.000796205 0.146853775 -0.001988929 0.999997914 0.000388370 -0.199083686 0.000796976 -0.000386785 0.999999583 6.406311512
0.999997675 0.002140709 -0.000255111 0.148961484 -0.002140505 0.999997318 0.000796710 -0.214125112 0.000256815 -0.000796162 0.999999642 6.680091381
0.999997437 0.002128907 -0.000761689 0.157401785 -0.002128424 0.999997556 0.000634163 -0.222669646 0.000763037 -0.000632540 0.999999464 6.980774879
0.999997795 0.001952682 -0.000755510 0.165879428 -0.001952422 0.999998033 0.000343836 -0.229579598 0.000756180 -0.000342360 0.999999642 7.273710728
0.999998152 0.001773438 -0.000754083 0.173203036 -0.001773321 0.999998391 0.000155522 -0.238432348 0.000754358 -0.000154185 0.999999642 7.587770462
0.999997914 0.001919364 -0.000710044 0.183449715 -0.001918519 0.999997437 0.001189442 -0.260965437 0.000712325 -0.001188077 0.999999046 7.883596420
0.999997735 0.001889503 -0.000955681 0.183853030 -0.001888687 0.999997854 0.000854181 -0.262098134 0.000957293 -0.000852374 0.999999106 8.226820946
0.999997258 0.002104385 -0.000970619 0.192907959 -0.002103533 0.999997437 0.000877614 -0.276958615 0.000972463 -0.000875570 0.999999106 8.543004036
0.999998212 0.001758949 -0.000703214 0.202553257 -0.001758220 0.999997914 0.001035398 -0.285617232 0.000705034 -0.001034160 0.999999225 8.880322456
0.999998212 0.001827560 -0.000549379 0.204569310 -0.001826965 0.999997795 0.001081411 -0.294666559 0.000551354 -0.001080405 0.999999285 9.219476700
0.999997497 0.002217234 -0.000400173 0.209604710 -0.002216734 0.999996722 0.001245511 -0.300185114 0.000402933 -0.001244620 0.999999106 9.566851616
0.999997973 0.001771234 -0.000947502 0.216264948 -0.001769938 0.999997497 0.001367158 -0.315181136 0.000949922 -0.001365478 0.999998629 9.893435478
0.999998093 0.001731156 -0.000799787 0.225834057 -0.001729743 0.999996960 0.001765201 -0.328984112 0.000802840 -0.001763815 0.999998093 10.252186775
0.999997854 0.001951735 -0.000667466 0.226098225 -0.001950940 0.999997377 0.001189854 -0.333579779 0.000669787 -0.001188550 0.999999046 10.607781410
0.999998510 0.001532431 -0.000749666 0.236100063 -0.001531562 0.999998152 0.001158451 -0.342553735 0.000751440 -0.001157301 0.999998987 10.975233078
0.999998510 0.001567311 -0.000763196 0.241360143 -0.001566460 0.999998093 0.001114557 -0.354084253 0.000764941 -0.001113360 0.999999106 11.358323097
0.999998927 0.001331630 -0.000607880 0.250156641 -0.001330670 0.999997795 0.001576494 -0.364554197 0.000609978 -0.001575683 0.999998569 11.737824440
0.999998689 0.001403475 -0.000752764 0.255656749 -0.001402758 0.999998510 0.000951704 -0.372900575 0.000754099 -0.000950647 0.999999285 12.121276855
0.999998927 0.001259177 -0.000618429 0.264682084 -0.001258565 0.999998689 0.000988940 -0.385344476 0.000619673 -0.000988161 0.999999344 12.511006355
0.999998689 0.001477194 -0.000492807 0.267605752 -0.001476611 0.999998212 0.001182332 -0.394762844 0.000494553 -0.001181602 0.999999225 12.906258583
0.999998629 0.001596397 -0.000673479 0.278676510 -0.001595621 0.999998093 0.001151531 -0.406192601 0.000675316 -0.001150455 0.999999106 13.314538956
0.999999404 0.001022536 -0.000398156 0.288133204 -0.001022051 0.999998808 0.001217194 -0.415814370 0.000399401 -0.001216786 0.999999166 13.727540016
0.999998927 0.001421510 -0.000305689 0.294221878 -0.001421189 0.999998450 0.001048617 -0.425561875 0.000307179 -0.001048181 0.999999404 14.135654449
0.999999225 0.001196261 -0.000298704 0.308052808 -0.001195862 0.999998391 0.001334264 -0.439366341 0.000300300 -0.001333906 0.999999046 14.554659843
0.999998689 0.001577377 0.000115047 0.313698053 -0.001577515 0.999998033 0.001209193 -0.450579047 -0.000113139 -0.001209373 0.999999225 14.984518051
0.999999166 0.001291147 -0.000066013 0.327349752 -0.001291062 0.999998331 0.001272211 -0.465561986 0.000067656 -0.001272124 0.999999166 15.413985252
0.999998987 0.001335743 0.000496400 0.333917290 -0.001336224 0.999998629 0.000968779 -0.474685311 -0.000495105 -0.000969442 0.999999404 15.855009079
0.999998748 0.001470628 0.000616374 0.344334900 -0.001471326 0.999998271 0.001133541 -0.486861587 -0.000614706 -0.001134446 0.999999106 16.297725677
0.999998510 0.001431759 0.000872903 0.352882147 -0.001432698 0.999998331 0.001075613 -0.500538170 -0.000871361 -0.001076862 0.999999046 16.737644196
0.999998212 0.001558452 0.001015809 0.363514006 -0.001559868 0.999997795 0.001395224 -0.515348494 -0.001013632 -0.001396806 0.999998510 17.195354462
0.999997914 0.001447698 0.001461398 0.369001955 -0.001449484 0.999998152 0.001222192 -0.523163199 -0.001459627 -0.001224308 0.999998212 17.660846710
0.999997854 0.001135620 0.001736749 0.380523473 -0.001137735 0.999998629 0.001217233 -0.534655809 -0.001735365 -0.001219207 0.999997795 18.124986649
0.999997437 0.001534861 0.001636037 0.396687776 -0.001536917 0.999998152 0.001256573 -0.548281014 -0.001634105 -0.001259085 0.999997854 18.586854935
0.999996424 0.001754395 0.001972057 0.403730452 -0.001756543 0.999997914 0.001087954 -0.556740761 -0.001970144 -0.001091414 0.999997437 19.063880920
0.999996424 0.001729232 0.001998395 0.419981748 -0.001730721 0.999998212 0.000743511 -0.567895889 -0.001997106 -0.000746967 0.999997675 19.550914764
0.999996722 0.001867385 0.001697717 0.428966016 -0.001868265 0.999998093 0.000517117 -0.576093674 -0.001696748 -0.000520287 0.999998391 20.039630890
0.999996603 0.001942077 0.001696386 0.441765130 -0.001943807 0.999997616 0.001018625 -0.597525597 -0.001694403 -0.001021920 0.999998033 20.518854141
0.999997437 0.001563995 0.001652514 0.451404393 -0.001565368 0.999998391 0.000829799 -0.608332515 -0.001651215 -0.000832384 0.999998271 21.026481628
0.999998450 0.001293657 0.001135201 0.458754241 -0.001294422 0.999998927 0.000673443 -0.617586672 -0.001134329 -0.000674911 0.999999166 21.536314011
0.999997735 0.001680027 0.001338558 0.453163952 -0.001681157 0.999998271 0.000843381 -0.632926345 -0.001337138 -0.000845629 0.999998748 22.036067963
0.999998629 0.001572983 0.000343282 0.476271987 -0.001573513 0.999997497 0.001547571 -0.656020343 -0.000340846 -0.001548109 0.999998748 22.547229767
0.999997795 0.002048895 -0.000153987 0.487740636 -0.002048627 0.999996364 0.001719927 -0.674897790 0.000157511 -0.001719608 0.999998510 23.061576843
0.999998689 0.001475928 -0.000648865 0.496670961 -0.001475016 0.999997854 0.001402857 -0.692174613 0.000650934 -0.001401898 0.999998748 23.588088989
0.999998569 0.001133283 -0.001264126 0.498597533 -0.001132331 0.999998987 0.000753508 -0.703386903 0.001264979 -0.000752075 0.999998927 24.117752075
0.999997616 0.001631601 -0.001508110 0.503817976 -0.001629803 0.999997973 0.001192613 -0.715836465 0.001510053 -0.001190152 0.999998152 24.655765533
0.999993026 0.002849910 -0.002423198 0.515497446 -0.002847039 0.999995232 0.001187400 -0.732444823 0.002426571 -0.001180493 0.999996305 25.194238663
0.999993563 0.002658772 -0.002412325 0.521324337 -0.002655309 0.999995470 0.001437530 -0.743996263 0.002416136 -0.001431115 0.999996006 25.738895416
0.999991953 0.002516379 -0.003127885 0.532976031 -0.002511604 0.999995649 0.001529625 -0.765226007 0.003131721 -0.001521756 0.999993980 26.298105240
0.999989271 0.002209841 -0.004069052 0.537141502 -0.002202767 0.999996066 0.001742233 -0.776020706 0.004072886 -0.001733251 0.999990225 26.830108643
0.999989867 0.001721793 -0.004159016 0.545886934 -0.001713851 0.999996722 0.001912371 -0.795635521 0.004162295 -0.001905223 0.999989569 27.376541138
0.999984562 0.003337834 -0.004428587 0.551092446 -0.003330772 0.999993145 0.001600822 -0.810134888 0.004433900 -0.001586046 0.999988973 27.938381195
0.999982357 0.003151910 -0.005040743 0.561094046 -0.003141130 0.999992788 0.002145099 -0.829119623 0.005047468 -0.002129228 0.999984980 28.481601715
0.999979675 0.003210204 -0.005513334 0.569092989 -0.003198363 0.999992609 0.002155283 -0.844226897 0.005520212 -0.002137606 0.999982536 29.019952774
0.999979019 0.003139440 -0.005669572 0.577802658 -0.003126050 0.999992311 0.002369039 -0.861472189 0.005676967 -0.002351266 0.999981046 29.575839996
0.999977946 0.003096343 -0.005863474 0.579825759 -0.003083075 0.999992669 0.002270529 -0.872000098 0.005870461 -0.002252402 0.999980152 30.123712540
0.999975502 0.003181101 -0.006229567 0.589348197 -0.003168119 0.999992728 0.002092692 -0.887043655 0.006236179 -0.002072904 0.999978423 30.676181793
0.999973178 0.003027815 -0.006667649 0.601271749 -0.003012598 0.999992847 0.002291088 -0.903670013 0.006674538 -0.002270940 0.999975145 31.218076706
0.999970615 0.003392742 -0.006874406 0.605417430 -0.003375779 0.999991238 0.002477644 -0.917766511 0.006882752 -0.002454365 0.999973297 31.769973755
0.999969900 0.003141475 -0.007096637 0.615801692 -0.003121548 0.999991179 0.002817478 -0.936109781 0.007105426 -0.002795241 0.999970853 32.308738708
0.999969661 0.003313620 -0.007062622 0.615881026 -0.003295144 0.999991119 0.002626065 -0.943903029 0.007071263 -0.002602712 0.999971628 32.858081818
0.999965250 0.003842619 -0.007390686 0.621707916 -0.003826000 0.999990106 0.002261426 -0.957967997 0.007399303 -0.002233070 0.999970138 33.392211914
0.999967456 0.003481577 -0.007280478 0.630698860 -0.003464579 0.999991179 0.002345977 -0.971697092 0.007288582 -0.002320677 0.999970734 33.961853027
0.999964833 0.003582701 -0.007590218 0.633937359 -0.003563625 0.999990463 0.002525263 -0.988935947 0.007599193 -0.002498125 0.999967992 34.503765106
0.999965310 0.003196645 -0.007687699 0.645938396 -0.003176443 0.999991477 0.002638721 -1.004287601 0.007696068 -0.002614210 0.999966979 35.048088074
0.999968886 0.003088966 -0.007257642 0.647432864 -0.003069593 0.999991715 0.002678934 -1.016639233 0.007265857 -0.002656573 0.999970138 35.595916748
0.999965429 0.003763449 -0.007412940 0.657410502 -0.003740324 0.999988079 0.003130979 -1.040774345 0.007424635 -0.003103144 0.999967694 36.128532410
0.999961197 0.003545514 -0.008056933 0.666428208 -0.003523726 0.999990046 0.002716943 -1.048726559 0.008066486 -0.002688447 0.999963880 36.692722321
0.999963284 0.003912055 -0.007618109 0.670226097 -0.003894923 0.999989867 0.002262501 -1.059809208 0.007626883 -0.002232746 0.999968469 37.237506866
0.999957800 0.003484428 -0.008514388 0.678566635 -0.003461851 0.999990463 0.002664959 -1.080721974 0.008523594 -0.002635370 0.999960184 37.785472870
0.999962389 0.003179289 -0.008081528 0.681082606 -0.003161129 0.999992490 0.002258891 -1.090552211 0.008088650 -0.002233259 0.999964774 38.337909698
0.999958575 0.003825180 -0.008266743 0.689496040 -0.003806853 0.999990225 0.002231653 -1.103111148 0.008275200 -0.002200090 0.999963284 38.887847900
0.999954879 0.003782977 -0.008713540 0.696068823 -0.003758174 0.999988794 0.002860882 -1.127265215 0.008724265 -0.002828006 0.999957919 39.424442291
0.999956429 0.004133162 -0.008378111 0.702069402 -0.004111021 0.999987960 0.002658213 -1.138125181 0.008388998 -0.002623654 0.999961376 39.976024628
0.999952316 0.003830432 -0.008997825 0.714730501 -0.003801869 0.999987662 0.003189542 -1.160888195 0.009009932 -0.003155180 0.999954402 40.527416229
0.999953032 0.003895317 -0.008879983 0.724490821 -0.003868814 0.999988019 0.002999860 -1.172149420 0.008891562 -0.002965363 0.999956071 41.072834015
0.999950469 0.004147888 -0.009047661 0.729616404 -0.004118429 0.999986172 0.003272131 -1.182372808 0.009061107 -0.003234706 0.999953687 41.605190277
0.999947488 0.004281269 -0.009308182 0.727004886 -0.004256018 0.999987185 0.002730897 -1.192119122 0.009319754 -0.002691138 0.999952972 42.168033600
0.999951005 0.004353667 -0.008883475 0.732927442 -0.004334622 0.999988258 0.002162035 -1.196942329 0.008892784 -0.002123423 0.999958217 42.724834442
0.999951124 0.004568089 -0.008755983 0.743081212 -0.004543875 0.999985754 0.002783356 -1.218799591 0.008768573 -0.002743434 0.999957800 43.254138947
0.999949992 0.004317433 -0.009019010 0.734416127 -0.004290123 0.999986172 0.003045376 -1.234767675 0.009032033 -0.003006531 0.999954700 43.812122345
0.999954462 0.003594161 -0.008840126 0.740298271 -0.003567672 0.999989152 0.003010436 -1.248795629 0.008850850 -0.002978761 0.999956429 44.344306946
0.999951303 0.005605489 -0.008126213 0.734657407 -0.005576801 0.999978185 0.003548624 -1.266394734 0.008145927 -0.003503133 0.999960721 44.899627686
0.999948084 0.004508842 -0.009136998 0.751322091 -0.004482807 0.999985754 0.002867986 -1.271374226 0.009149800 -0.002826877 0.999954164 45.460353851
0.999953330 0.004105769 -0.008744254 0.758363008 -0.004078929 0.999986827 0.003085054 -1.287210464 0.008756806 -0.003049243 0.999957025 46.002773285
0.999955773 0.003414314 -0.008765827 0.768827677 -0.003393158 0.999991238 0.002427445 -1.294428945 0.008774039 -0.002397594 0.999958634 46.546085358
0.999943018 0.004441395 -0.009708960 0.782874227 -0.004409140 0.999984682 0.003341181 -1.317435145 0.009723652 -0.003298183 0.999947250 47.098926544
0.999937713 0.003831518 -0.010487784 0.798956633 -0.003795399 0.999986827 0.003461675 -1.333460093 0.010500911 -0.003421655 0.999938965 47.629886627
0.999942780 0.004880202 -0.009518423 0.788818359 -0.004850921 0.999983370 0.003096863 -1.339692593 0.009533379 -0.003050513 0.999949932 48.196136475
0.999945045 0.004161096 -0.009623198 0.794322193 -0.004129898 0.999986172 0.003259672 -1.355535507 0.009636628 -0.003219750 0.999948382 48.748416901
0.999944031 0.004350805 -0.009648257 0.802520931 -0.004314511 0.999983549 0.003779387 -1.372398973 0.009664542 -0.003737547 0.999946356 49.292610168
0.999943674 0.004411787 -0.009654223 0.809160948 -0.004376983 0.999983847 0.003623246 -1.386656761 0.009670053 -0.003580785 0.999946833 49.840335846
0.999942183 0.004221214 -0.009887539 0.814769030 -0.004185425 0.999984562 0.003637559 -1.402479410 0.009902742 -0.003595965 0.999944508 50.385780334
0.999941409 0.003797309 -0.010128968 0.822221994 -0.003768565 0.999988794 0.002855336 -1.413382173 0.010139698 -0.002816998 0.999944687 50.930942535
0.999948442 0.004485743 -0.009104764 0.815998793 -0.004460436 0.999986112 0.002797842 -1.424069643 0.009117188 -0.002757086 0.999954641 51.474258423
0.999935806 0.004693668 -0.010311416 0.828499734 -0.004657606 0.999983072 0.003518497 -1.447160125 0.010327756 -0.003470245 0.999940574 52.034503937
0.999940515 0.004414327 -0.009972701 0.834805548 -0.004393295 0.999988139 0.002129936 -1.453667164 0.009981985 -0.002085996 0.999948025 52.587501526
0.999951363 0.004130851 -0.008953189 0.826876998 -0.004105294 0.999987423 0.002870957 -1.473144293 0.008964937 -0.002834062 0.999955773 53.123504639
0.999941289 0.004577640 -0.009832626 0.834838867 -0.004545194 0.999984086 0.003319633 -1.487265229 0.009847668 -0.003274746 0.999946177 53.672550201
0.999946058 0.004025245 -0.009574843 0.845938146 -0.003995698 0.999987125 0.003102970 -1.501348495 0.009587212 -0.003064545 0.999949396 54.220947266
0.999944806 0.004776602 -0.009360112 0.847688556 -0.004742531 0.999982059 0.003658788 -1.521839857 0.009377422 -0.003614196 0.999949515 54.760272980
0.999937415 0.004386433 -0.010293925 0.861409247 -0.004354243 0.999985516 0.003147490 -1.528947353 0.010307583 -0.003102470 0.999942064 55.287876129
0.999938488 0.004990649 -0.009902679 0.863370836 -0.004962119 0.999983549 0.002903501 -1.540926695 0.009917007 -0.002854184 0.999946713 55.836547852
0.999937475 0.004571756 -0.010204840 0.864255250 -0.004540172 0.999984860 0.003115980 -1.551786780 0.010218931 -0.003069454 0.999943078 56.372882843
0.999937952 0.004806858 -0.010055960 0.878194034 -0.004776299 0.999983907 0.003060703 -1.566268206 0.010070511 -0.003012482 0.999944746 56.909194946
0.999938071 0.004801100 -0.010039202 0.877817631 -0.004772338 0.999984443 0.002886978 -1.575598955 0.010052906 -0.002838888 0.999945462 57.481143951
0.999937534 0.004353356 -0.010289977 0.884306133 -0.004322741 0.999986172 0.002995548 -1.593909740 0.010302875 -0.002950880 0.999942660 58.026290894
0.999939203 0.004664591 -0.009993404 0.889213204 -0.004637443 0.999985516 0.002737964 -1.602313995 0.010006032 -0.002691454 0.999946237 58.568069458
0.999942422 0.004818673 -0.009592549 0.887865484 -0.004795548 0.999985635 0.002432254 -1.610702276 0.009604131 -0.002386113 0.999950945 59.118202209
0.999946356 0.004801048 -0.009182679 0.890151739 -0.004778694 0.999985576 0.002454795 -1.625118256 0.009194333 -0.002410782 0.999954820 59.652507782
0.999934256 0.004994320 -0.010322830 0.906412244 -0.004971809 0.999985218 0.002205289 -1.638646960 0.010333691 -0.002153821 0.999944270 60.201564789
0.999936044 0.005061205 -0.010115620 0.908840597 -0.005037985 0.999984682 0.002319618 -1.651570439 0.010127205 -0.002268507 0.999946117 60.755615234
0.999941170 0.005572814 -0.009312408 0.914223433 -0.005551170 0.999981880 0.002348498 -1.667887688 0.009325326 -0.002296664 0.999953926 61.293972015
0.999936879 0.005165865 -0.009972550 0.915084243 -0.005146036 0.999984741 0.002012919 -1.672523260 0.009982795 -0.001961473 0.999948263 61.827465057
0.999935687 0.005110284 -0.010131402 0.920347452 -0.005091547 0.999985278 0.001874396 -1.686978936 0.010140833 -0.001822691 0.999946892 62.379619598
0.999944091 0.005252296 -0.009184518 0.917465210 -0.005233089 0.999984086 0.002113998 -1.701371193 0.009195475 -0.002065816 0.999955595 62.938835144
0.999935389 0.005526946 -0.009930589 0.927755475 -0.005505498 0.999982476 0.002185822 -1.717589378 0.009942496 -0.002131008 0.999948323 63.471660614
0.999935925 0.005739464 -0.009749682 0.930330098 -0.005720873 0.999981761 0.001933606 -1.733195305 0.009760602 -0.001877706 0.999950588 64.027992249
0.999940574 0.005888106 -0.009168339 0.923483968 -0.005868473 0.999980509 0.002166848 -1.745075822 0.009180918 -0.002112915 0.999955654 64.584716797
0.999931753 0.005971424 -0.010044134 0.939617217 -0.005947658 0.999979436 0.002394438 -1.762852669 0.010058227 -0.002334536 0.999946654 65.096740723
0.999934137 0.005758998 -0.009932713 0.946396172 -0.005734280 0.999980330 0.002515154 -1.778159857 0.009947004 -0.002458031 0.999947488 65.651397705
0.999934673 0.005958216 -0.009759057 0.954257429 -0.005936413 0.999979794 0.002261684 -1.790206552 0.009772337 -0.002203603 0.999949813 66.191345215
0.999936521 0.006012129 -0.009529894 0.960046172 -0.005987687 0.999978721 0.002591208 -1.804870844 0.009545270 -0.002533981 0.999951303 66.729858398
0.999929786 0.006387352 -0.009983951 0.963677466 -0.006361200 0.999976277 0.002648968 -1.822121501 0.010000634 -0.002585272 0.999946654 67.259597778
0.999933779 0.006141991 -0.009742782 0.966937542 -0.006114090 0.999977112 0.002890950 -1.836870670 0.009760316 -0.002831190 0.999948382 67.805999756
0.999931395 0.006442329 -0.009781470 0.971638501 -0.006413938 0.999975145 0.002931296 -1.855672479 0.009800111 -0.002868358 0.999947846 68.340660095
0.999932706 0.006811929 -0.009394953 0.970587194 -0.006789369 0.999974012 0.002431084 -1.864300728 0.009411270 -0.002367134 0.999952912 68.889335632
0.999932468 0.006758162 -0.009445124 0.982880831 -0.006732489 0.999973595 0.002747218 -1.880764604 0.009463440 -0.002683443 0.999951601 69.430679321
0.999937594 0.006545129 -0.009045683 0.973213971 -0.006523048 0.999975681 0.002468341 -1.890770674 0.009061618 -0.002409182 0.999956012 69.963981628
0.999939919 0.006369213 -0.008918365 0.976739466 -0.006348569 0.999977112 0.002341219 -1.901766539 0.008933073 -0.002284459 0.999957502 70.518836975
0.999934375 0.006604648 -0.009361818 0.988384247 -0.006587576 0.999976635 0.001853286 -1.905423880 0.009373840 -0.001791492 0.999954402 71.064331055
0.999935091 0.006785360 -0.009151178 0.988639712 -0.006763835 0.999974310 0.002381345 -1.935119271 0.009167101 -0.002319294 0.999955297 71.590164185
0.999935091 0.006817773 -0.009117052 0.997699618 -0.006789187 0.999972045 0.003162516 -1.955377460 0.009138355 -0.003100413 0.999953508 72.132011414
0.999932528 0.007166868 -0.009143949 0.996958554 -0.007146693 0.999971986 0.002237173 -1.958959818 0.009159725 -0.002171673 0.999955714 72.668571472
0.999931872 0.007294118 -0.009114716 1.005655646 -0.007271533 0.999970436 0.002508523 -1.977791309 0.009132743 -0.002442074 0.999955356 73.214500427
0.999934435 0.007005153 -0.009060231 1.010237336 -0.006982671 0.999972582 0.002510675 -1.998929977 0.009077568 -0.002447245 0.999955893 73.730728149
0.999930263 0.006798825 -0.009650270 1.018769622 -0.006772495 0.999973357 0.002758293 -2.004321575 0.009668765 -0.002692745 0.999949574 74.280021667
0.999927938 0.006879138 -0.009850448 1.029795647 -0.006851363 0.999972463 0.002850889 -2.018551111 0.009869790 -0.002783195 0.999947369 74.809844971
0.999930680 0.006929035 -0.009517447 1.029854655 -0.006900130 0.999971509 0.003066615 -2.034144878 0.009538423 -0.003000731 0.999949992 75.352355957
0.999927640 0.006680182 -0.009996530 1.041132689 -0.006650472 0.999973297 0.003002364 -2.051005602 0.010016318 -0.002935666 0.999945521 75.889724731
0.999924481 0.006726879 -0.010284000 1.049119949 -0.006696247 0.999972999 0.003010219 -2.066295862 0.010303971 -0.002941127 0.999942541 76.430786133
0.999933183 0.006580193 -0.009496412 1.050106525 -0.006556347 0.999975324 0.002539978 -2.075811863 0.009512889 -0.002477547 0.999951720 76.976951599
0.999927878 0.006218721 -0.010276671 1.064228773 -0.006188500 0.999976397 0.002969775 -2.093426466 0.010294897 -0.002905963 0.999942780 77.516006470
0.999918222 0.006685756 -0.010904229 1.072332740 -0.006644593 0.999970615 0.003806844 -2.118400335 0.010929363 -0.003734079 0.999933302 78.061424255
0.999931335 0.006175715 -0.009959470 1.071450830 -0.006147408 0.999976993 0.002870245 -2.123220921 0.009976967 -0.002808823 0.999946296 78.620727539
0.999925435 0.006759029 -0.010172227 1.076734781 -0.006725459 0.999971807 0.003330780 -2.136884451 0.010194455 -0.003262119 0.999942720 79.130844116
0.999924541 0.007258744 -0.009908183 1.080210447 -0.007227140 0.999968708 0.003221747 -2.151233912 0.009931260 -0.003149896 0.999945700 79.676506042
0.999923706 0.006876107 -0.010260820 1.089060068 -0.006848981 0.999972939 0.002676524 -2.159634352 0.010278948 -0.002606044 0.999943793 80.213409424
0.999936581 0.006862422 -0.008929457 1.092567921 -0.006837982 0.999972820 0.002764752 -2.172425985 0.008948185 -0.002703517 0.999956250 80.762985229
0.999938309 0.007545286 -0.008156325 1.099863172 -0.007521410 0.999967396 0.002954034 -2.188452005 0.008178348 -0.002892505 0.999962330 81.306518555
0.999951422 0.007322415 -0.006594183 1.107148409 -0.007301035 0.999968052 0.003260675 -2.209983349 0.006617848 -0.003212372 0.999972939 81.830413818
0.999963224 0.006875227 -0.005115946 1.113933206 -0.006859131 0.999971509 0.003156942 -2.220647335 0.005137505 -0.003121735 0.999981880 82.373703003
0.999968112 0.007626744 -0.002353764 1.130457640 -0.007620248 0.999967158 0.002756343 -2.232226372 0.002374708 -0.002738319 0.999993443 82.925468445
0.999969721 0.007682777 0.001183444 1.147603869 -0.007686935 0.999964178 0.003550952 -2.252041101 -0.001156121 -0.003559941 0.999992967 83.455093384
0.999962211 0.007203110 0.004865756 1.154873133 -0.007218842 0.999968767 0.003223509 -2.267380238 -0.004842386 -0.003258512 0.999982893 83.993659973
0.999924719 0.007112575 0.009999253 1.174499035 -0.007145791 0.999969065 0.003290064 -2.285865307 -0.009975543 -0.003361269 0.999944508 84.547416687
0.999852300 0.007543673 0.015440382 1.207268119 -0.007592515 0.999966264 0.003107188 -2.299371719 -0.015416419 -0.003223961 0.999875903 85.083061218
0.999750674 0.007214000 0.021132514 1.234344721 -0.007286686 0.999967694 0.003364600 -2.317586660 -0.021107560 -0.003517747 0.999770999 85.631675720
0.999608994 0.006967770 0.027081657 1.264399290 -0.007054454 0.999970317 0.003106617 -2.326073885 -0.027059205 -0.003296448 0.999628484 86.170471191
0.999353468 0.007323069 0.035200249 1.287223816 -0.007430544 0.999968112 0.002923379 -2.337523460 -0.035177719 -0.003183046 0.999375999 86.726112366
0.999030054 0.007224216 0.043435909 1.334998608 -0.007364775 0.999968171 0.003076862 -2.355789661 -0.043412298 -0.003393773 0.999051452 87.265357971
0.998694658 0.006711499 0.050634757 1.364402056 -0.006874579 0.999971747 0.003047251 -2.363158464 -0.050612874 -0.003391367 0.998712599 87.816940308
0.998201728 0.006454322 0.059594549 1.415726185 -0.006632947 0.999974132 0.002800014 -2.373820305 -0.059574924 -0.003190267 0.998218834 88.360778809
0.997492969 0.006610359 0.070455790 1.468970299 -0.006804415 0.999973714 0.002514663 -2.387198687 -0.070437305 -0.002987769 0.997511744 88.895088196
0.996921241 0.006880603 0.078106642 1.530782223 -0.007106794 0.999971271 0.002618322 -2.406164646 -0.078086399 -0.003165349 0.996941507 89.451904297
0.996273160 0.006378212 0.086016856 1.596969128 -0.006595666 0.999975741 0.002244078 -2.418371677 -0.086000450 -0.002803054 0.996291161 90.001708984
0.995252907 0.006337721 0.097115502 1.659258842 -0.006609673 0.999975085 0.002478840 -2.433163166 -0.097097352 -0.003108975 0.995270014 90.538345337
0.994111061 0.006687791 0.108159460 1.728037834 -0.007007606 0.999972105 0.002577064 -2.446215630 -0.108139202 -0.003319827 0.994130135 91.081291199
0.993122518 0.006087804 0.116921507 1.815791130 -0.006422634 0.999976218 0.002487159 -2.461331844 -0.116903581 -0.003220997 0.993138194 91.626518250
0.991670191 0.006436409 0.128642380 1.895339966 -0.006807641 0.999973834 0.002446273 -2.465282917 -0.128623277 -0.003301647 0.991688073 92.170471191
0.990103245 0.005737802 0.140222952 2.001292229 -0.006145522 0.999978065 0.002474815 -2.488365173 -0.140205696 -0.003312066 0.990116835 92.722778320
0.988514304 0.005920981 0.151011035 2.102262497 -0.006406089 0.999975801 0.002726116 -2.507716894 -0.150991231 -0.003662194 0.988528311 93.264640808
0.986873925 0.005283683 0.161405981 2.210929871 -0.005764376 0.999980152 0.002510028 -2.518851042 -0.161389530 -0.003407487 0.986884832 93.803527832
0.984658122 0.005422665 0.174410462 2.323490143 -0.005955636 0.999979079 0.002532613 -2.531167746 -0.174393073 -0.003532483 0.984669745 94.336257935
0.982351899 0.004407035 0.186990052 2.451389313 -0.004860719 0.999986231 0.001967819 -2.540210009 -0.186978817 -0.002841997 0.982359767 94.881668091
0.980296671 0.004783690 0.197473019 2.566347122 -0.005403413 0.999981999 0.002599569 -2.562389374 -0.197457060 -0.003615377 0.980304897 95.410003662
0.977620482 0.004769893 0.210322171 2.707628250 -0.005388865 0.999982595 0.002369953 -2.578489780 -0.210307270 -0.003450312 0.977629244 95.937728882
0.974581540 0.004021115 0.223997086 2.852962494 -0.004700940 0.999985814 0.002501784 -2.590188980 -0.223983809 -0.003491190 0.974586606 96.467391968
0.972056508 0.003946459 0.234713718 2.990034103 -0.004729058 0.999984920 0.002771509 -2.609595537 -0.234699219 -0.003804038 0.972060621 96.983322144
0.969099939 0.003790362 0.246639341 3.150104523 -0.004691207 0.999984324 0.003064986 -2.633265257 -0.246623844 -0.004127315 0.969102442 97.501968384
0.965519249 0.003746136 0.260304600 3.317874908 -0.004592900 0.999985933 0.002644788 -2.641216755 -0.260291070 -0.003749147 0.965523005 98.034896851
0.961879730 0.003890867 0.273445010 3.472164154 -0.004777973 0.999985397 0.002578312 -2.653643131 -0.273430854 -0.003786540 0.961884201 98.560737610
0.958714306 0.003367211 0.284351081 3.647787094 -0.004373210 0.999986231 0.002903079 -2.670651436 -0.284337372 -0.004026751 0.958715796 99.068893433
0.954453826 0.002874203 0.298344791 3.828153610 -0.003864529 0.999988854 0.002729539 -2.682826042 -0.298333555 -0.003758181 0.954454243 99.574607849
0.950215518 0.002545344 0.311582863 4.030763626 -0.003488244 0.999990880 0.002468889 -2.692038059 -0.311573684 -0.003432854 0.950215757 100.124298096
0.946443856 0.002006714 0.322862059 4.229173660 -0.002901970 0.999993205 0.002291545 -2.699747086 -0.322855264 -0.003105755 0.946443200 100.642822266
0.941661179 0.002115530 0.336555690 4.422382355 -0.002988008 0.999993384 0.002074471 -2.713230610 -0.336549073 -0.002959079 0.941661298 101.156524658
0.936723232 0.001148135 0.350068867 4.642217636 -0.002080198 0.999995291 0.002286521 -2.734899759 -0.350064516 -0.002870050 0.936721146 101.637603760
0.931775987 0.001333273 0.363031298 4.861408234 -0.002435004 0.999993742 0.002577227 -2.752403498 -0.363025635 -0.003285381 0.931773365 102.189971924
0.927131712 0.000574662 0.374735177 5.091043472 -0.001415820 0.999997139 0.001969368 -2.764162302 -0.374732941 -0.002356421 0.927129805 102.693862915
0.921183527 0.000467957 0.389128059 5.311046600 -0.001567488 0.999995589 0.002508144 -2.776700258 -0.389125109 -0.002920414 0.921180248 103.184753418
0.915492177 0.000100946 0.402335763 5.550628662 -0.001160526 0.999996483 0.002389810 -2.789211512 -0.402334094 -0.002654773 0.915489078 103.673767090
0.910586715 0.000052923 0.413317949 5.793540955 -0.001095909 0.999996781 0.002286369 -2.801577568 -0.413316488 -0.002534896 0.910583913 104.146453857
0.904210865 -0.000808383 0.427085340 6.024208069 -0.000280608 0.999996841 0.002486878 -2.813473225 -0.427086055 -0.002368505 0.904207885 104.626602173
0.898028791 -0.001270729 0.439934701 6.292293549 -0.000205291 0.999994516 0.003307489 -2.842339516 -0.439936519 -0.003060535 0.898023665 105.080436707
0.891858876 -0.001870132 0.452309757 6.560188293 0.000393189 0.999994278 0.003359318 -2.853820801 -0.452313483 -0.002818194 0.891854584 105.577888489
0.886179268 -0.002187548 0.463337213 6.808536530 0.001015939 0.999995649 0.002778178 -2.858230114 -0.463341266 -0.001991242 0.886177599 106.058708191
0.878946662 -0.002388423 0.476914078 7.093959808 0.001572642 0.999996483 0.002109702 -2.862263441 -0.476917446 -0.001104301 0.878947377 106.545211792
