1.000000000 0.000000000 0.000000000 0.000000000 0.000000000 1.000000000 0.000000000 0.000000000 0.000000000 0.000000000 1.000000000 0.000000000
1.000000000 0.000001793 -0.000020543 0.000472380 -0.000001794 1.000000000 -0.000036102 0.000767892 0.000020543 0.000036102 1.000000000 0.000383721
1.000000000 -0.000001996 0.000044485 -0.000081538 0.000001994 1.000000000 0.000043026 0.000032736 -0.000044485 -0.000043026 1.000000000 0.000095645
1.000000000 -0.000128229 0.000013636 0.000220917 0.000128230 1.000000000 -0.000022703 0.000794073 -0.000013633 0.000022705 1.000000000 0.000113461
1.000000000 -0.000171265 0.000031612 -0.000014482 0.000171264 1.000000000 0.000035157 -0.000147451 -0.000031618 -0.000035152 1.000000000 -0.000539820
1.000000000 -0.000024636 0.000119743 -0.000379001 0.000024640 1.000000000 -0.000033978 0.000946885 -0.000119742 0.000033981 1.000000000 0.000051418
1.000000000 -0.000152391 0.000040014 0.000387469 0.000152392 1.000000000 -0.000026365 0.000611973 -0.000040010 0.000026371 1.000000000 0.000297314
1.000000000 -0.000059870 0.000052711 -0.000133050 0.000059865 1.000000000 0.000095365 -0.000069692 -0.000052717 -0.000095362 1.000000000 -0.000071263
1.000000000 -0.000075172 -0.000020407 -0.000473629 0.000075170 1.000000000 -0.000088730 -0.000036136 0.000020414 0.000088729 1.000000000 -0.000746394
1.000000000 -0.000066293 0.000086709 -0.000168457 0.000066290 1.000000000 0.000042708 -0.000725486 -0.000086712 -0.000042702 1.000000000 -0.000330875
1.000000000 0.000056064 0.000046306 -0.000768839 -0.000056067 1.000000000 0.000066472 -0.000987345 -0.000046302 -0.000066475 1.000000000 -0.000652643
1.000000000 -0.000050781 0.000071239 -0.001036271 0.000050777 1.000000000 0.000045406 -0.000401685 -0.000071241 -0.000045403 1.000000000 -0.000977823
1.000000000 0.000006765 0.000017673 -0.000651075 -0.000006764 1.000000000 -0.000053708 -0.000461279 -0.000017673 0.000053708 1.000000000 -0.001515230
1.000000000 0.000031585 0.000072990 -0.001205353 -0.000031583 1.000000000 -0.000023237 0.000659353 -0.000072990 0.000023235 1.000000000 0.000833916
1.000000000 0.000016499 0.000061294 -0.001117898 -0.000016492 1.000000000 -0.000120671 0.001410688 -0.000061296 0.000120670 1.000000000 0.001139193
1.000000000 0.000009053 -0.000027395 0.000282166 -0.000009056 1.000000000 -0.000082088 0.001317645 0.000027395 0.000082088 1.000000000 0.001265670
1.000000000 0.000075203 0.000109841 -0.001130570 -0.000075187 1.000000000 -0.000147077 0.002419842 -0.000109852 0.000147068 1.000000000 0.002938165
1.000000000 0.000161281 0.000078406 -0.001302794 -0.000161268 1.000000000 -0.000167779 0.001921577 -0.000078433 0.000167766 1.000000000 0.001643781
1.000000000 0.000144125 0.000153816 -0.001569318 -0.000144113 1.000000000 -0.000079571 0.001999665 -0.000153828 0.000079549 1.000000000 0.002629292
1.000000000 0.000070085 0.000149531 -0.001348367 -0.000070072 1.000000000 -0.000084836 0.000921961 -0.000149537 0.000084826 1.000000000 0.001253834
1.000000000 0.000031092 0.000092192 -0.001273422 -0.000031089 1.000000000 -0.000031282 0.000418738 -0.000092193 0.000031279 1.000000000 0.000855327
1.000000000 0.000164203 0.000061137 -0.001024480 -0.000164201 1.000000000 -0.000028823 0.001395896 -0.000061142 0.000028813 1.000000000 0.000936950
1.000000000 0.000120614 0.000020975 -0.000899858 -0.000120612 1.000000000 -0.000097679 0.001691212 -0.000020986 0.000097677 1.000000000 0.002728906
1.000000000 0.000085342 0.000071055 -0.001133111 -0.000085337 1.000000000 -0.000069761 0.001751615 -0.000071061 0.000069755 1.000000000 0.002565089
0.999999940 0.000363759 0.000041916 -0.001246075 -0.000363756 0.999999940 -0.000070100 0.002473782 -0.000041941 0.000070085 1.000000000 0.003841090
0.999999940 0.000245670 0.000097915 -0.001419106 -0.000245664 0.999999940 -0.000061937 0.002098911 -0.000097930 0.000061913 1.000000000 0.001717582
1.000000000 0.000069089 0.000120052 -0.000694804 -0.000069082 1.000000000 -0.000062370 0.002533789 -0.000120057 0.000062362 1.000000000 0.003224730
1.000000000 0.000136738 0.000175232 -0.001890717 -0.000136737 1.000000000 -0.000001921 0.001507654 -0.000175232 0.000001897 1.000000000 0.002610680
1.000000000 0.000122932 0.000052876 -0.001171544 -0.000122928 1.000000000 -0.000072292 0.002337203 -0.000052885 0.000072286 1.000000000 0.002327135
1.000000000 0.000110056 0.000094353 -0.001940082 -0.000110055 1.000000000 -0.000014684 0.000891707 -0.000094355 0.000014674 1.000000000 0.001766258
1.000000000 0.000120368 0.000170267 -0.001955835 -0.000120372 1.000000000 0.000025312 0.001049126 -0.000170264 -0.000025333 1.000000000 0.002701634
1.000000000 0.000087202 0.000173400 -0.001323557 -0.000087188 1.000000000 -0.000082906 0.002224583 -0.000173407 0.000082890 1.000000000 0.003923870
1.000000000 0.000174103 0.000075789 -0.000768512 -0.000174086 0.999999940 -0.000219131 0.003466395 -0.000075827 0.000219117 1.000000000 0.004044950
1.000000000 0.000098464 0.000126537 -0.000775926 -0.000098455 1.000000000 -0.000074042 0.001458423 -0.000126544 0.000074029 1.000000000 0.001737340
0.999999940 0.000209022 0.000161986 -0.002370939 -0.000208996 0.999999940 -0.000158419 0.002121590 -0.000162019 0.000158385 1.000000000 0.002525840
1.000000000 0.000152117 0.000166858 -0.001821182 -0.000152102 1.000000000 -0.000089880 0.001172161 -0.000166872 0.000089855 1.000000000 0.001898019
1.000000000 0.000086962 0.000045593 -0.001975116 -0.000086963 1.000000000 0.000028426 0.000367340 -0.000045591 -0.000028430 1.000000000 0.000129521
1.000000000 0.000176088 0.000120299 -0.001795580 -0.000176085 1.000000000 -0.000020535 0.001968772 -0.000120302 0.000020513 1.000000000 0.002528945
0.999999940 0.000198933 0.000211782 -0.002283012 -0.000198922 1.000000000 -0.000052379 0.001967757 -0.000211793 0.000052337 1.000000000 0.002255872
0.999999940 0.000208154 0.000136060 -0.000933990 -0.000208142 1.000000000 -0.000089110 0.002808627 -0.000136079 0.000089082 1.000000000 0.003092948
1.000000000 -0.000033112 0.000032270 0.000165062 0.000033116 1.000000000 -0.000113097 0.001107023 -0.000032266 0.000113098 1.000000000 0.003444369
0.999999940 0.000392554 0.000096341 0.000431057 -0.000392498 0.999999762 -0.000580535 -0.001527252 -0.000096569 0.000580497 0.999999821 0.052807115
0.999999821 0.000439887 0.000130230 0.001786683 -0.000439730 0.999999285 -0.001200049 -0.002724057 -0.000130758 0.001199992 0.999999285 0.141098872
0.999999762 0.000508058 0.000079982 0.003771161 -0.000507942 0.999998808 -0.001438606 -0.006887300 -0.000080712 0.001438565 0.999998987 0.254718721
0.999999702 0.000670546 0.000081203 0.006654014 -0.000670431 0.999998748 -0.001407261 -0.009736016 -0.000082146 0.001407207 0.999999046 0.388146907
0.999999821 0.000550677 0.000246539 0.008784074 -0.000550494 0.999999523 -0.000743387 -0.019517889 -0.000246948 0.000743251 0.999999702 0.526235700
0.999999940 0.000128553 0.000161227 0.013626600 -0.000128457 0.999999762 -0.000598450 -0.023657043 -0.000161304 0.000598429 0.999999821 0.678054333
0.999999881 0.000256535 0.000291482 0.016970120 -0.000256426 0.999999940 -0.000372821 -0.027403438 -0.000291577 0.000372746 0.999999940 0.843009472
0.999999762 0.000465337 0.000560689 0.014980693 -0.000465142 0.999999821 -0.000349083 -0.032285735 -0.000560852 0.000348822 0.999999762 1.019342065
0.999999821 0.000487267 0.000398266 0.018857826 -0.000487130 0.999999821 -0.000345936 -0.037078816 -0.000398434 0.000345742 0.999999881 1.197968841
0.999999762 0.000588971 0.000580472 0.021231687 -0.000589098 0.999999762 0.000218179 -0.045335781 -0.000580344 -0.000218521 0.999999821 1.377045155
0.999999404 0.000952362 0.000348586 0.026434662 -0.000952352 0.999999583 -0.000029761 -0.045879100 -0.000348614 0.000029429 0.999999940 1.570760608
0.999999464 0.000693823 0.000771110 0.026371449 -0.000694325 0.999999523 0.000650852 -0.056884859 -0.000770658 -0.000651387 0.999999464 1.767425537
0.999999523 0.000497433 0.000786593 0.028255433 -0.000497950 0.999999642 0.000657653 -0.061590314 -0.000786265 -0.000658044 0.999999404 1.967973709
0.999999523 0.000318913 0.000905337 0.033779133 -0.000319675 0.999999583 0.000841232 -0.070540175 -0.000905068 -0.000841521 0.999999225 2.177160263
0.999999523 0.000386393 0.000918403 0.037867591 -0.000387059 0.999999642 0.000724660 -0.073552869 -0.000918123 -0.000725015 0.999999344 2.397209883
0.999999166 0.000810426 0.001055229 0.042035736 -0.000810991 0.999999464 0.000535328 -0.078099295 -0.001054795 -0.000536184 0.999999344 2.620837212
0.999999404 0.000406400 0.001021424 0.048745327 -0.000407254 0.999999583 0.000835434 -0.086098090 -0.001021084 -0.000835849 0.999999106 2.852797985
0.999999404 0.000438190 0.000994301 0.054984793 -0.000438897 0.999999702 0.000710936 -0.087044559 -0.000993989 -0.000711372 0.999999225 3.099352121
0.999999285 0.000638705 0.001037065 0.057445757 -0.000639674 0.999999344 0.000934860 -0.097798824 -0.001036467 -0.000935523 0.999999046 3.334131002
0.999999166 0.000680545 0.001150865 0.061498791 -0.000681719 0.999999285 0.001019957 -0.105870187 -0.001150170 -0.001020741 0.999998868 3.583711386
0.999999106 0.000784230 0.001034566 0.067956775 -0.000785395 0.999998987 0.001125714 -0.110597670 -0.001033682 -0.001126525 0.999998808 3.849567413
0.999999046 0.000652079 0.001212581 0.070628427 -0.000653169 0.999999404 0.000898818 -0.116633855 -0.001211994 -0.000899609 0.999998868 4.099092960
0.999998808 0.000945874 0.001197075 0.076501369 -0.000946941 0.999999166 0.000890855 -0.120892398 -0.001196231 -0.000891988 0.999998868 4.361429691
0.999998689 0.000635665 0.001524206 0.081160299 -0.000637001 0.999999404 0.000876096 -0.129915118 -0.001523649 -0.000877066 0.999998450 4.613287926
0.999998569 0.001022442 0.001351092 0.086417794 -0.001024052 0.999998748 0.001191068 -0.138804689 -0.001349873 -0.001192450 0.999998331 4.877637386
0.999998271 0.001240155 0.001339172 0.093309231 -0.001241852 0.999998331 0.001267591 -0.146519721 -0.001337599 -0.001269252 0.999998271 5.136855125
0.999998152 0.001024045 0.001572356 0.098709583 -0.001025760 0.999998868 0.001090843 -0.151524916 -0.001571238 -0.001092454 0.999998093 5.400490284
0.999998212 0.000834253 0.001702683 0.101487227 -0.000836462 0.999998927 0.001297613 -0.160083562 -0.001701599 -0.001299035 0.999997735 5.665954590
0.999998152 0.000925296 0.001670030 0.102003276 -0.000927630 0.999998569 0.001397206 -0.168870956 -0.001668735 -0.001398753 0.999997616 5.938777924
0.999997199 0.001284391 0.001959907 0.104066588 -0.001287092 0.999998093 0.001377843 -0.178481966 -0.001958134 -0.001380362 0.999997139 6.216978073
0.999998212 0.000695843 0.001744184 0.120533943 -0.000698009 0.999998927 0.001241705 -0.181225851 -0.001743318 -0.001242920 0.999997735 6.509740829
0.999997914 0.001198784 0.001648839 0.122350931 -0.001200837 0.999998450 0.001244909 -0.188956514 -0.001647344 -0.001246887 0.999997914 6.798897743
0.999997854 0.001198410 0.001679761 0.134509608 -0.001200168 0.999998748 0.001045945 -0.194111228 -0.001678506 -0.001047959 0.999998033 7.090439796
0.999998093 0.001098831 0.001607184 0.141138300 -0.001100776 0.999998689 0.001210180 -0.208036587 -0.001605852 -0.001211946 0.999997973 7.388788700
0.999997377 0.001160803 0.001966013 0.142551765 -0.001163417 0.999998510 0.001329301 -0.220001802 -0.001964466 -0.001331585 0.999997199 7.690262318
0.999998391 0.000831005 0.001571552 0.153521150 -0.000833430 0.999998450 0.001543125 -0.227017701 -0.001570268 -0.001544432 0.999997556 8.025699615
0.999998271 0.000942701 0.001561275 0.158747524 -0.000945039 0.999998331 0.001497409 -0.234853312 -0.001559861 -0.001498882 0.999997616 8.351025581
0.999997854 0.000923688 0.001832143 0.165413648 -0.000925969 0.999998808 0.001244948 -0.244563222 -0.001830990 -0.001246642 0.999997556 8.666908264
0.999996722 0.001457210 0.002093918 0.168003306 -0.001460261 0.999997854 0.001456119 -0.254574388 -0.002091791 -0.001459172 0.999996722 8.994895935
0.999996662 0.001879746 0.001783743 0.177223727 -0.001882678 0.999996841 0.001643598 -0.268967837 -0.001780648 -0.001646951 0.999997020 9.328416824
0.999994218 0.002520663 0.002286301 0.180283174 -0.002523735 0.999995887 0.001342124 -0.277693927 -0.002282908 -0.001347886 0.999996483 9.675139427
0.999994397 0.002313751 0.002409611 0.186597019 -0.002317257 0.999996245 0.001453432 -0.287791699 -0.002406239 -0.001459008 0.999996066 10.025609970
0.999996006 0.002005828 0.001996574 0.197137013 -0.002008847 0.999996841 0.001511032 -0.299609959 -0.001993537 -0.001515037 0.999996781 10.384138107
0.999997377 0.001426767 0.001772539 0.207553908 -0.001429536 0.999997735 0.001561949 -0.309231251 -0.001770306 -0.001564479 0.999997139 10.745556831
0.999997199 0.001718654 0.001638505 0.217709213 -0.001721406 0.999997199 0.001679369 -0.318262905 -0.001635614 -0.001682185 0.999997258 11.115029335
0.999997258 0.001677676 0.001591026 0.227109700 -0.001680250 0.999997258 0.001617348 -0.325066537 -0.001588308 -0.001620017 0.999997377 11.492820740
0.999996662 0.002019138 0.001616810 0.235724479 -0.002022125 0.999996245 0.001848206 -0.338804632 -0.001613072 -0.001851470 0.999996960 11.871734619
0.999996006 0.002215646 0.001731000 0.241945624 -0.002219327 0.999995291 0.002127992 -0.355106682 -0.001726276 -0.002131825 0.999996245 12.247225761
0.999996424 0.002134691 0.001616647 0.256239861 -0.002138191 0.999995410 0.002166754 -0.368151486 -0.001612014 -0.002170203 0.999996364 12.634429932
0.999995053 0.002430986 0.002008734 0.261543810 -0.002435663 0.999994338 0.002329046 -0.377395600 -0.002003061 -0.002333927 0.999995291 13.035395622
0.999996841 0.001888813 0.001670698 0.281452954 -0.001893231 0.999994814 0.002646308 -0.392196506 -0.001665691 -0.002649463 0.999995112 13.437745094
0.999996841 0.001691374 0.001858544 0.283048362 -0.001695880 0.999995589 0.002425114 -0.400580108 -0.001854434 -0.002428258 0.999995351 13.848516464
0.999995112 0.002326546 0.002087493 0.287877679 -0.002332036 0.999993742 0.002631302 -0.412138283 -0.002081358 -0.002636157 0.999994338 14.261367798
0.999992788 0.002673479 0.002679193 0.292250484 -0.002678449 0.999994576 0.001853549 -0.422379166 -0.002674223 -0.001860711 0.999994695 14.680965424
0.999995768 0.001627652 0.002410051 0.311665803 -0.001634888 0.999994159 0.003003446 -0.445079267 -0.002405148 -0.003007374 0.999992609 15.119887352
0.999994397 0.002164579 0.002563204 0.317892700 -0.002171780 0.999993742 0.002809935 -0.454829991 -0.002557105 -0.002815486 0.999992847 15.561084747
0.999992907 0.001938692 0.003201838 0.325915128 -0.001947589 0.999994218 0.002778092 -0.466792554 -0.003196433 -0.002784309 0.999991000 16.002283096
0.999990225 0.002392239 0.003719123 0.334927559 -0.002403003 0.999992907 0.002892623 -0.480352491 -0.003712176 -0.002901532 0.999988854 16.439638138
0.999989271 0.002389206 0.003977428 0.345347703 -0.002398932 0.999994099 0.002442495 -0.489941359 -0.003971569 -0.002452010 0.999989092 16.889863968
0.999989629 0.002203158 0.003981509 0.358556956 -0.002214782 0.999993205 0.002917312 -0.508504272 -0.003975055 -0.002926100 0.999987841 17.333658218
0.999988377 0.002445794 0.004149715 0.366157413 -0.002458496 0.999992311 0.003058650 -0.523397386 -0.004142203 -0.003068816 0.999986768 17.792593002
0.999986887 0.002108235 0.004652769 0.382636815 -0.002119834 0.999994755 0.002489583 -0.527126193 -0.004647496 -0.002499414 0.999985993 18.282388687
0.999988198 0.001337595 0.004671499 0.397512197 -0.001348615 0.999996305 0.002356697 -0.538682163 -0.004668330 -0.002362969 0.999986291 18.752532959
0.999988616 0.001851549 0.004382073 0.412069559 -0.001862779 0.999994993 0.002560055 -0.553355575 -0.004377311 -0.002568190 0.999987066 19.242029190
0.999982595 0.001957003 0.005564048 0.415411979 -0.001974172 0.999993265 0.003081858 -0.571268916 -0.005557980 -0.003092788 0.999979794 19.699102402
0.999979794 0.002679201 0.005758847 0.419767082 -0.002697895 0.999991119 0.003240866 -0.584526420 -0.005750112 -0.003256337 0.999978185 20.186624527
0.999984860 0.001715614 0.005225843 0.442669690 -0.001730131 0.999994636 0.002774736 -0.594698429 -0.005221054 -0.002783735 0.999982476 20.673276901
0.999985874 0.000696736 0.005271465 0.451712459 -0.000714636 0.999993980 0.003394465 -0.614270926 -0.005269068 -0.003398184 0.999980330 21.149717331
0.999989033 0.001050105 0.004551229 0.466734827 -0.001064924 0.999994278 0.003254893 -0.623597920 -0.004547784 -0.003259704 0.999984324 21.653749466
0.999991179 0.001450917 0.003920520 0.479594529 -0.001463131 0.999994159 0.003114298 -0.633200884 -0.003915979 -0.003120006 0.999987483 22.167980194
0.999988496 0.001793570 0.004434007 0.481146485 -0.001808495 0.999992728 0.003364464 -0.654809713 -0.004427940 -0.003372445 0.999984503 22.662471771
0.999990284 0.001769837 0.004038954 0.489283115 -0.001782068 0.999993861 0.003026690 -0.668500662 -0.004033573 -0.003033858 0.999987185 23.188243866
0.999993980 0.001487475 0.003173016 0.505430341 -0.001498739 0.999992549 0.003550369 -0.686957419 -0.003167712 -0.003555103 0.999988675 23.700872421
0.999996543 0.000213119 0.002605556 0.514144599 -0.000221725 0.999994516 0.003303084 -0.704552829 -0.002604837 -0.003303650 0.999991179 24.227546692
0.999997735 0.000277168 0.002122686 0.529721975 -0.000284441 0.999994099 0.003426510 -0.711876690 -0.002121724 -0.003427106 0.999991834 24.767370224
0.999998450 0.001096088 0.001393176 0.543121099 -0.001100931 0.999993443 0.003481049 -0.726632953 -0.001389351 -0.003482578 0.999992907 25.303001404
0.999998987 0.001079401 0.000942221 0.548104525 -0.001082978 0.999992132 0.003804292 -0.740104020 -0.000938107 -0.003805309 0.999992311 25.840065002
0.999999464 0.000947744 0.000262233 0.561589539 -0.000948685 0.999993026 0.003614857 -0.757157445 -0.000258805 -0.003615104 0.999993443 26.389228821
0.999999404 0.001081061 0.000130362 0.572005689 -0.001081564 0.999991775 0.003916704 -0.766059458 -0.000126127 -0.003916842 0.999992311 26.942287445
0.999998748 0.001573940 -0.000045103 0.574946940 -0.001573727 0.999989152 0.004377584 -0.789961338 0.000051993 -0.004377507 0.999990404 27.491950989
0.999997735 0.002016674 -0.000637558 0.585077941 -0.002014202 0.999990463 0.003854655 -0.799659312 0.000645326 -0.003853362 0.999992311 28.049154282
0.999997020 0.002248756 -0.000926557 0.616922617 -0.002244747 0.999988198 0.004307543 -0.823600173 0.000936232 -0.004305451 0.999990225 28.596343994
0.999996483 0.002443889 -0.001020609 0.624021828 -0.002439026 0.999985814 0.004738690 -0.842523336 0.001032175 -0.004736185 0.999988198 29.140913010
0.999995828 0.002713954 -0.000991868 0.628967524 -0.002709472 0.999986172 0.004491393 -0.853092432 0.001004043 -0.004488687 0.999989450 29.685018539
0.999995708 0.002593332 -0.001358656 0.636917233 -0.002587327 0.999986887 0.004403459 -0.860984564 0.001370058 -0.004399925 0.999989390 30.233919144
0.999993682 0.003128843 -0.001644877 0.651947081 -0.003121109 0.999984145 0.004684067 -0.873548508 0.001659507 -0.004678904 0.999987662 30.769472122
0.999993861 0.002816259 -0.002089020 0.662799120 -0.002806631 0.999985516 0.004597401 -0.885511994 0.002101937 -0.004591510 0.999987185 31.305917740
0.999992132 0.003051917 -0.002546889 0.670019209 -0.003040174 0.999984860 0.004601568 -0.895872295 0.002560894 -0.004593789 0.999986172 31.857189178
0.999991119 0.002965313 -0.003000154 0.694090545 -0.002951481 0.999984980 0.004604596 -0.916902840 0.003013764 -0.004595701 0.999984920 32.421688080
0.999988616 0.003399412 -0.003350897 0.699396133 -0.003382548 0.999981701 0.005025539 -0.935686529 0.003367920 -0.005014147 0.999981821 32.962638855
0.999991119 0.001607161 -0.003888566 0.723232269 -0.001586931 0.999985218 0.005200228 -0.959226012 0.003896866 -0.005194012 0.999978840 33.501342773
0.999989510 0.003227524 -0.003246265 0.716076851 -0.003210568 0.999981225 0.005214659 -0.967114925 0.003263034 -0.005204183 0.999981105 34.057388306
0.999990940 0.002514648 -0.003433554 0.724068642 -0.002497694 0.999984741 0.004933146 -0.971730351 0.003445907 -0.004924525 0.999981940 34.577430725
0.999985695 0.003328655 -0.004187144 0.738907456 -0.003307627 0.999981940 0.005019076 -0.996560574 0.004203775 -0.005005155 0.999978602 35.125648499
0.999989927 0.002649985 -0.003619275 0.737442911 -0.002632142 0.999984384 0.004926147 -1.003658414 0.003632273 -0.004916572 0.999981284 35.646732330
0.999988854 0.003017256 -0.003633369 0.745945632 -0.002999679 0.999983847 0.004833396 -1.017294645 0.003647894 -0.004822443 0.999981701 36.194301605
0.999991536 0.002538896 -0.003243922 0.754620790 -0.002524148 0.999986470 0.004542122 -1.029119015 0.003255409 -0.004533895 0.999984443 36.775951385
0.999988198 0.003158927 -0.003677891 0.766006172 -0.003141795 0.999984145 0.004654454 -1.041366339 0.003692537 -0.004642844 0.999982357 37.306549072
0.999987364 0.003345212 -0.003748747 0.775450826 -0.003328613 0.999984622 0.004425534 -1.050629258 0.003763495 -0.004412999 0.999983251 37.863613129
0.999986708 0.002547871 -0.004484692 0.797941089 -0.002526824 0.999985754 0.004692439 -1.073658705 0.004496585 -0.004681045 0.999978960 38.400325775
0.999986529 0.002903307 -0.004311008 0.805612266 -0.002884684 0.999986470 0.004319785 -1.082203865 0.004323491 -0.004307291 0.999981344 38.949890137
0.999986649 0.003035180 -0.004169229 0.799577773 -0.003017141 0.999986053 0.004326367 -1.090830803 0.004182303 -0.004313731 0.999981940 39.503170013
0.999987602 0.002931262 -0.004010607 0.808857143 -0.002914085 0.999986589 0.004281972 -1.113224506 0.004023105 -0.004270232 0.999982774 40.027896881
0.999985933 0.003260320 -0.004208394 0.820020974 -0.003240040 0.999983072 0.004816972 -1.130930901 0.004224028 -0.004803268 0.999979556 40.568740845
0.999985278 0.003567155 -0.004082146 0.827142358 -0.003549772 0.999984562 0.004257928 -1.136795759 0.004097271 -0.004243375 0.999982595 41.124572754
0.999986112 0.003359610 -0.004061168 0.836891532 -0.003341179 0.999984145 0.004536415 -1.152345657 0.004076345 -0.004522783 0.999981463 41.639728546
0.999986112 0.004179803 -0.003228426 0.838450313 -0.004165463 0.999981463 0.004435821 -1.161616445 0.003246907 -0.004422312 0.999984920 42.191608429
0.999986470 0.003464758 -0.003872917 0.857217968 -0.003445586 0.999981880 0.004945783 -1.179237127 0.003889984 -0.004932372 0.999980330 42.723796844
0.999985099 0.003422389 -0.004258264 0.853335679 -0.003404642 0.999985516 0.004168216 -1.193774939 0.004272467 -0.004153656 0.999982238 43.264259338
0.999982297 0.004616080 -0.003747534 0.856678128 -0.004601076 0.999981403 0.004002780 -1.215512633 0.003765942 -0.003985467 0.999984980 43.800975800
0.999980628 0.005140681 -0.003492231 0.865619004 -0.005127660 0.999979854 0.003727368 -1.225283861 0.003511323 -0.003709390 0.999987006 44.347179413
0.999983430 0.004074565 -0.004064871 0.885120392 -0.004056068 0.999981403 0.004548246 -1.243798018 0.004083327 -0.004531682 0.999981403 44.852821350
0.999985039 0.003790395 -0.003936334 0.885204434 -0.003773989 0.999984145 0.004166890 -1.251098156 0.003952065 -0.004151972 0.999983549 45.395957947
0.999983311 0.003944505 -0.004225095 0.900779247 -0.003928981 0.999985456 0.003676389 -1.262850285 0.004239534 -0.003659728 0.999984264 45.933826447
0.999988794 0.003106858 -0.003613038 0.891998589 -0.003094970 0.999989808 0.003291354 -1.269833565 0.003623227 -0.003280134 0.999988079 46.473079681
0.999984801 0.003772481 -0.004015041 0.906526148 -0.003757942 0.999986351 0.003622748 -1.285814524 0.004028651 -0.003607605 0.999985397 47.012378693
0.999984622 0.003635109 -0.004186178 0.905799031 -0.003619375 0.999986351 0.003759654 -1.293000579 0.004199787 -0.003744445 0.999984145 47.551246643
0.999983072 0.004211105 -0.003993662 0.935450375 -0.004192099 0.999979913 0.004755471 -1.322498798 0.004013607 -0.004738649 0.999980688 48.058380127
0.999986470 0.003062422 -0.004199890 0.925457060 -0.003047931 0.999989331 0.003452309 -1.324196458 0.004210419 -0.003439462 0.999985158 48.633541107
0.999986172 0.003366076 -0.004045563 0.931575775 -0.003354670 0.999990344 0.002822794 -1.333371401 0.004055026 -0.002809183 0.999987781 49.176742554
0.999989152 0.003177279 -0.003394123 0.938336372 -0.003165278 0.999988675 0.003535386 -1.342524648 0.003405318 -0.003524605 0.999988019 49.758235931
0.999986947 0.004070721 -0.003088509 0.939348280 -0.004059627 0.999985337 0.003589762 -1.318742752 0.003103076 -0.003577177 0.999988794 50.302234650
0.999987066 0.004160672 -0.002934530 0.943468630 -0.004150158 0.999984980 0.003579855 -1.334552646 0.002949380 -0.003567629 0.999989331 50.833614349
0.999989688 0.003409728 -0.003008906 0.944505215 -0.003398145 0.999986827 0.003846467 -1.403257728 0.003021982 -0.003836202 0.999988079 51.387126923
0.999980748 0.004562728 -0.004199742 1.050648332 -0.004543704 0.999979436 0.004528362 -1.397455096 0.004220318 -0.004509193 0.999980927 51.783702850
0.999986947 0.003967933 -0.003211769 0.977285147 -0.003954509 0.999983490 0.004175157 -1.438050508 0.003228283 -0.004162402 0.999986053 52.499954224
0.999988735 0.002876318 -0.003758501 0.993181467 -0.002861012 0.999987602 0.004071221 -1.441895247 0.003770165 -0.004060423 0.999984622 53.043777466
0.999987185 0.003964798 -0.003135533 0.993896008 -0.003952548 0.999984562 0.003903235 -1.454094529 0.003150961 -0.003890791 0.999987483 53.607749939
0.999987900 0.003449385 -0.003500320 1.005634546 -0.003437205 0.999988019 0.003480059 -1.464989662 0.003512284 -0.003467986 0.999987841 54.170284271
0.999986649 0.004523037 -0.002489948 1.001738787 -0.004514734 0.999984205 0.003331438 -1.481521726 0.002504977 -0.003320152 0.999991357 54.693595886
0.999985158 0.004802550 -0.002555863 1.010078311 -0.004794737 0.999983788 0.003054611 -1.493233323 0.002570492 -0.003042310 0.999992132 55.246150970
0.999989450 0.003509887 -0.002968017 1.033236861 -0.003501192 0.999989510 0.002929684 -1.500937819 0.002978269 -0.002919262 0.999991298 55.819515228
0.999979615 0.006016048 -0.002128055 1.031938434 -0.006007069 0.999973118 0.004201178 -1.525002599 0.002153271 -0.004188308 0.999988914 56.318939209
0.999988019 0.003479839 -0.003439822 1.063747406 -0.003468287 0.999988317 0.003358155 -1.540259600 0.003451468 -0.003346184 0.999988437 56.905284882
0.999988616 0.003445905 -0.003330273 1.071353197 -0.003432009 0.999985397 0.004169497 -1.560650945 0.003344593 -0.004158020 0.999985695 57.435821533
0.999987066 0.003857204 -0.003314773 1.072356701 -0.003844823 0.999985635 0.003732535 -1.567947865 0.003329122 -0.003719742 0.999987543 57.990783691
0.999987483 0.004116206 -0.002840621 1.083165050 -0.004106725 0.999985993 0.003335841 -1.577215195 0.002854313 -0.003324135 0.999990404 58.540348053
0.999988854 0.003463653 -0.003244692 1.090990424 -0.003452993 0.999988556 0.003284874 -1.591326475 0.003256033 -0.003273634 0.999989331 59.076530457
0.999990702 0.002748752 -0.003325890 1.104697108 -0.002738354 0.999991357 0.003126648 -1.608251452 0.003334456 -0.003117511 0.999989569 59.611415863
0.999990463 0.003124104 -0.003030417 1.106814027 -0.003115829 0.999991417 0.002730924 -1.614676356 0.003038923 -0.002721456 0.999991655 60.168079376
0.999990165 0.003343457 -0.002913629 1.112020969 -0.003333832 0.999988973 0.003302169 -1.630040526 0.002924637 -0.003292424 0.999990284 60.732620239
0.999988496 0.004320671 -0.002071624 1.120444536 -0.004313470 0.999984682 0.003467635 -1.647253752 0.002086575 -0.003458659 0.999991834 61.280857086
0.999991238 0.003184396 -0.002722937 1.134784102 -0.003175523 0.999989629 0.003256610 -1.659290195 0.002733280 -0.003247934 0.999991000 61.834125519
0.999990880 0.003253843 -0.002762115 1.137413979 -0.003244286 0.999988735 0.003457594 -1.678704858 0.002773335 -0.003448601 0.999990225 62.396163940
0.999990523 0.003561546 -0.002510348 1.147260666 -0.003553280 0.999988258 0.003289357 -1.696343899 0.002522033 -0.003280405 0.999991417 62.944435120
0.999988079 0.004285100 -0.002386761 1.152045012 -0.004277709 0.999986053 0.003093606 -1.707537413 0.002399985 -0.003083358 0.999992371 63.474800110
0.999988735 0.004176207 -0.002298342 1.155564427 -0.004168816 0.999986112 0.003211319 -1.731972694 0.002311721 -0.003201701 0.999992192 64.022193909
0.999988019 0.004447675 -0.002046628 1.164059401 -0.004440204 0.999983490 0.003640127 -1.749034643 0.002062786 -0.003630996 0.999991298 64.546707153
0.999988079 0.004539726 -0.001785961 1.163500309 -0.004534203 0.999984920 0.003083697 -1.755076051 0.001799933 -0.003075562 0.999993622 65.102653503
0.999990404 0.004091979 -0.001555217 1.172694445 -0.004087067 0.999986708 0.003150463 -1.767883420 0.001568088 -0.003144076 0.999993801 65.633804321
0.999989331 0.004373272 -0.001456500 1.182584047 -0.004367518 0.999982774 0.003930488 -1.785240531 0.001473663 -0.003924086 0.999991179 66.176467896
0.999987543 0.004510081 -0.002122285 1.204468727 -0.004501618 0.999981940 0.003976018 -1.814540863 0.002140178 -0.003966415 0.999989808 66.721061707
0.999988079 0.004723264 -0.001220916 1.212848783 -0.004719302 0.999983668 0.003229201 -1.821077824 0.001236148 -0.003223401 0.999994040 67.281555176
0.999981880 0.005769228 -0.001723656 1.208252430 -0.005760796 0.999971628 0.004858077 -1.851383448 0.001751634 -0.004848059 0.999986708 67.792716980
0.999979615 0.006138761 -0.001735562 1.215266943 -0.006130417 0.999969840 0.004772974 -1.866659045 0.001764810 -0.004762237 0.999987125 68.332588196
0.999979079 0.006399154 -0.001074022 1.204230785 -0.006394568 0.999970615 0.004221735 -1.865002036 0.001101006 -0.004214778 0.999990523 68.933464050
0.999985218 0.004842961 -0.002451514 1.269513130 -0.004833854 0.999981582 0.003707103 -1.876617670 0.002469423 -0.003695198 0.999990106 69.504470825
0.999954402 0.009546139 0.000196417 1.193461895 -0.009546972 0.999942839 0.004803542 -1.917753458 -0.000150552 -0.004805198 0.999988437 69.976242065
0.999956012 0.009372424 0.000207275 1.202653766 -0.009373317 0.999944389 0.004845705 -1.929302931 -0.000161848 -0.004847436 0.999988258 70.532882690
0.999961853 0.008651587 0.001182137 1.128304839 -0.008655023 0.999958217 0.002933488 -1.885050654 -0.001156707 -0.002943607 0.999994993 71.187484741
0.999968827 0.007845837 0.000890834 1.137633681 -0.007848433 0.999964774 0.002948095 -1.900130749 -0.000867672 -0.002954995 0.999995232 71.679992676
0.999967456 0.007880756 0.001696974 1.129503012 -0.007887069 0.999961853 0.003745981 -1.919024706 -0.001667389 -0.003759244 0.999991477 72.214607239
0.999957085 0.009040752 0.002017325 1.125436544 -0.009047486 0.999953449 0.003353989 -1.922080994 -0.001986908 -0.003372097 0.999992311 72.749847412
0.999954641 0.009137223 0.002664506 1.114683270 -0.009147596 0.999950528 0.003908100 -1.950278521 -0.002628665 -0.003932297 0.999988735 73.248741150
0.999945462 0.010110386 0.002619161 1.117080212 -0.010121549 0.999939620 0.004284372 -1.965021610 -0.002575686 -0.004310648 0.999987364 73.766235352
0.999948800 0.009679312 0.002958226 1.129629850 -0.009691185 0.999944925 0.004026581 -1.978145719 -0.002919087 -0.004055044 0.999987543 74.291870117
0.999943137 0.010089247 0.003459888 1.127547503 -0.010103674 0.999940157 0.004177406 -1.984123945 -0.003417534 -0.004212126 0.999985218 74.834815979
0.999941707 0.010216447 0.003496410 1.129756331 -0.010230932 0.999939024 0.004151216 -1.997996569 -0.003453786 -0.004186745 0.999985278 75.340415955
0.999937594 0.010483266 0.003868871 1.137832761 -0.010497979 0.999937654 0.003803097 -2.007597923 -0.003828760 -0.003843475 0.999985278 75.869209290
0.999936879 0.010530143 0.003898222 1.144407511 -0.010545290 0.999936819 0.003885826 -2.027459860 -0.003857057 -0.003926688 0.999984860 76.359718323
0.999927759 0.011296888 0.004092977 1.154382229 -0.011310996 0.999930084 0.003440682 -2.035414934 -0.004053822 -0.003486729 0.999985695 76.931266785
0.999931753 0.010948462 0.004073841 1.162808180 -0.010961991 0.999934435 0.003313430 -2.047341585 -0.004037298 -0.003357861 0.999986231 77.448669434
0.999932587 0.010941728 0.003890096 1.170462728 -0.010955648 0.999933600 0.003575297 -2.063836098 -0.003850718 -0.003617675 0.999985993 77.995086670
0.999938607 0.010487996 0.003568393 1.190450430 -0.010500778 0.999938369 0.003582971 -2.079130173 -0.003530595 -0.003620222 0.999987185 78.526481628
0.999934435 0.010777212 0.003857830 1.201544404 -0.010789553 0.999936581 0.003193023 -2.087018013 -0.003823174 -0.003234437 0.999987423 79.079795837
0.999928296 0.011177893 0.004286868 1.201518178 -0.011193453 0.999930739 0.003623575 -2.112208128 -0.004246067 -0.003671299 0.999984264 79.615791321
0.999929488 0.011084581 0.004245239 1.222561479 -0.011100337 0.999931514 0.003706457 -2.131771088 -0.004203863 -0.003753319 0.999984145 80.153633118
0.999922335 0.011284483 0.005291084 1.233164310 -0.011302901 0.999930143 0.003464184 -2.140428543 -0.005251623 -0.003523719 0.999979973 80.698402405
0.999921381 0.010532052 0.006813987 1.250892997 -0.010553722 0.999939382 0.003151916 -2.156827211 -0.006780377 -0.003223580 0.999971807 81.242980957
0.999915838 0.010571245 0.007534252 1.271377802 -0.010594747 0.999939084 0.003086247 -2.168377161 -0.007501169 -0.003165811 0.999966860 81.782356262
0.999902904 0.010841076 0.008758352 1.278572798 -0.010871276 0.999935031 0.003407761 -2.187243223 -0.008720839 -0.003502644 0.999955833 82.326591492
0.999866068 0.010864768 0.012238748 1.297326326 -0.010900906 0.999936402 0.002889764 -2.199517012 -0.012206574 -0.003022791 0.999920905 82.870841980
0.999815881 0.010794595 0.015865697 1.321462870 -0.010844837 0.999936461 0.003084055 -2.210809469 -0.015831400 -0.003255547 0.999869287 83.391639709
0.999752462 0.011275770 0.019181352 1.343947172 -0.011336961 0.999930918 0.003084297 -2.226772785 -0.019145250 -0.003300991 0.999811292 83.938674927
0.999665678 0.011145171 0.023326958 1.367842436 -0.011224353 0.999931633 0.003266331 -2.242411852 -0.023288960 -0.003527070 0.999722481 84.488075256
0.999491930 0.011640549 0.029672034 1.396797895 -0.011736630 0.999926388 0.003065967 -2.253794193 -0.029634157 -0.003412659 0.999554992 85.021461487
0.999298155 0.011613061 0.035613932 1.430372953 -0.011730245 0.999926448 0.003083247 -2.268856049 -0.035575509 -0.003498843 0.999360800 85.541862488
0.999063015 0.011365788 0.041760825 1.461449385 -0.011492822 0.999929965 0.002803040 -2.281077862 -0.041726053 -0.003280364 0.999123693 86.076362610
0.998681962 0.011921030 0.049922220 1.511783123 -0.012080245 0.999922872 0.002888689 -2.302077055 -0.049883947 -0.003487954 0.998748899 86.598312378
0.998224378 0.011808312 0.058383323 1.560154200 -0.011966932 0.999925613 0.002367954 -2.314586639 -0.058351018 -0.003062419 0.998291433 87.138862610
0.997797012 0.011557654 0.065326042 1.609417915 -0.011751982 0.999927580 0.002591238 -2.329668522 -0.065291360 -0.003353240 0.997860610 87.678779602
0.997163773 0.011640897 0.074356258 1.670333862 -0.011864221 0.999926329 0.002562440 -2.343631268 -0.074320942 -0.003437352 0.997228384 88.204437256
0.996350646 0.011835410 0.084530018 1.739034176 -0.012078055 0.999924242 0.002359666 -2.364845276 -0.084495693 -0.003372013 0.996418118 88.729049683
0.995573461 0.011437912 0.093287714 1.802913189 -0.011699428 0.999928951 0.002256872 -2.377712488 -0.093255289 -0.003338295 0.995636642 89.268699646
0.994888663 0.010593688 0.100419834 1.875490189 -0.010830430 0.999939620 0.001812630 -2.392777681 -0.100394577 -0.002890955 0.994943440 89.797279358
0.993829727 0.010850597 0.110385314 1.958495617 -0.011094376 0.999937177 0.001594460 -2.405171633 -0.110361084 -0.002809278 0.993887603 90.326835632
0.992680907 0.010086278 0.120344967 2.056693077 -0.010351599 0.999945164 0.001579704 -2.419491529 -0.120322444 -0.002813905 0.992730796 90.856498718
0.991544545 0.009354351 0.129428998 2.150214195 -0.009611446 0.999952793 0.001361884 -2.438868761 -0.129410163 -0.002594369 0.991587758 91.382949829
0.989946187 0.009474562 0.141126662 2.247140884 -0.009776657 0.999951184 0.001447381 -2.452155352 -0.141106054 -0.002812576 0.989990473 91.911804199
0.988056481 0.009368199 0.153807014 2.351644516 -0.009641659 0.999952972 0.001032104 -2.465203047 -0.153790131 -0.002502732 0.988100290 92.452781677
0.986455441 0.008272688 0.163820326 2.467421532 -0.008493921 0.999963760 0.000650019 -2.477034330 -0.163809001 -0.002032692 0.986489892 92.996337891
0.984569550 0.008823491 0.174771920 2.590927124 -0.009187964 0.999956965 0.001276386 -2.496772528 -0.174753144 -0.002862489 0.984608114 93.541603088
0.982203782 0.008576240 0.187622577 2.718280792 -0.008915505 0.999959767 0.000964419 -2.513391018 -0.187606797 -0.002620006 0.982240736 94.071495056
0.979842365 0.008045116 0.199610040 2.853779793 -0.008446001 0.999963641 0.001156872 -2.536710501 -0.199593470 -0.002819459 0.979874730 94.594482422
0.977604270 0.007608125 0.210313767 2.983106613 -0.008022613 0.999967158 0.001117679 -2.554259539 -0.210298359 -0.002779914 0.977633297 95.128219604
0.974829018 0.007666919 0.222821862 3.142223358 -0.008037811 0.999967396 0.000757657 -2.565149069 -0.222808793 -0.002529586 0.974858880 95.667587280
0.971613050 0.007120227 0.236468762 3.293210983 -0.007368958 0.999972820 0.000168060 -2.573696613 -0.236461133 -0.001905818 0.971639097 96.199821472
0.968868315 0.006353866 0.247495145 3.448289871 -0.006586486 0.999978244 0.000111958 -2.583490372 -0.247489065 -0.001738597 0.968889058 96.724113464
0.966311336 0.005315539 0.257321030 3.659088135 -0.005629130 0.999984026 0.000482031 -2.638519526 -0.257314354 -0.001914285 0.966325879 97.259597778
0.962639451 0.005590862 0.270728171 3.840105057 -0.005962444 0.999982059 0.000550083 -2.655041695 -0.270720214 -0.002143733 0.962655663 97.787078857
0.959120035 0.004647157 0.282961279 4.019512177 -0.004967834 0.999987602 0.000415784 -2.675277233 -0.282955855 -0.001804493 0.959131300 98.307937622
0.955619276 0.004209086 0.294574440 4.220848083 -0.004518775 0.999989748 0.000370654 -2.691299200 -0.294569850 -0.001685319 0.955628455 98.880722046
0.951114297 0.004301993 0.308809012 4.418455124 -0.004680891 0.999988914 0.000486119 -2.708127975 -0.308803558 -0.001907856 0.951123893 99.403320312
0.946618259 0.003570830 0.322337002 4.632736206 -0.003952592 0.999992073 0.000529865 -2.725841284 -0.322332531 -0.001775647 0.946624815 99.931190491
0.942558408 0.002980716 0.334028065 4.840669632 -0.003193148 0.999994874 0.000086903 -2.736995935 -0.334026039 -0.001148512 0.942563176 100.448768616
0.937648654 0.003358786 0.347568125 5.045869827 -0.003664266 0.999993324 0.000221629 -2.749446154 -0.347564995 -0.001481392 0.937654674 100.986412048
0.932672679 0.002218962 0.360716730 5.321445465 -0.002224053 0.999997556 -0.000400987 -2.777579308 -0.360716701 -0.000428263 0.932675242 101.550056458
0.927698433 0.001874648 0.373325706 5.551214218 -0.002016873 0.999998033 -0.000009627 -2.794206619 -0.373324990 -0.000744019 0.927700281 102.058532715
0.923482776 -0.002743397 0.383630067 5.860944748 0.003613146 0.999992251 -0.001546547 -2.805909157 -0.383622855 0.002814321 0.923485577 102.655647278
0.917696774 -0.003581981 0.397265434 6.105850220 0.004478919 0.999989092 -0.001329961 -2.820631266 -0.397256315 0.002999821 0.917702854 103.150268555
0.911753714 -0.003546830 0.410721868 6.354286194 0.004496565 0.999988973 -0.001346334 -2.837243080 -0.410712570 0.003074363 0.911759615 103.655387878
0.907061040 -0.004657146 0.420973152 6.612304688 0.005801025 0.999982059 -0.001436722 -2.855901957 -0.420958996 0.003745270 0.907071948 104.123863220
0.900938332 -0.004361369 0.433925182 6.850475311 0.005381080 0.999984920 -0.001121665 -2.874063969 -0.433913738 0.003345537 0.900948226 104.609771729
0.894120157 -0.004877599 0.447800487 7.119991302 0.005762913 0.999983191 -0.000614602 -2.892342806 -0.447790027 0.003130164 0.894133270 105.098464966
0.888224065 -0.005539059 0.459377348 7.393138885 0.006747724 0.999976695 -0.000989511 -2.906521320 -0.459361285 0.003978658 0.888240635 105.563438416
0.882401168 -0.005959590 0.470460117 7.670303345 0.007005772 0.999975383 -0.000472850 -2.925616503 -0.470445722 0.003713180 0.882421076 106.033508301
0.875042856 -0.005962527 0.484008789 7.951148987 0.007133084 0.999974310 -0.000577219 -2.937086821 -0.483992904 0.003957567 0.875062943 106.492462158
