1.000000000 0.000000000 0.000000000 0.000000000 0.000000000 1.000000000 0.000000000 0.000000000 0.000000000 0.000000000 1.000000000 0.000000000
1.000000000 0.000042643 -0.000039030 0.000880055 -0.000042641 1.000000000 0.000040548 -0.000035664 0.000039032 -0.000040546 1.000000000 -0.003616487
1.000000000 0.000119236 0.000079960 -0.001970192 -0.000119234 1.000000000 -0.000024994 -0.000494135 -0.000079963 0.000024984 1.000000000 -0.002661698
1.000000000 -0.000002221 -0.000071103 0.004449760 0.000002224 1.000000000 0.000043124 -0.000706784 0.000071103 -0.000043124 1.000000000 -0.002995266
1.000000000 -0.000022640 0.000013972 0.000830201 0.000022640 1.000000000 -0.000003900 -0.000233224 -0.000013972 0.000003901 1.000000000 -0.002069996
1.000000000 0.000013892 0.000028141 -0.000433185 -0.000013892 1.000000000 0.000006817 -0.000182573 -0.000028141 -0.000006817 1.000000000 -0.000875869
1.000000000 -0.000011686 0.000031989 0.000694100 0.000011683 1.000000000 0.000111592 -0.000378556 -0.000031990 -0.000111592 1.000000000 -0.003118799
1.000000000 -0.000077386 0.000042596 -0.000608669 0.000077383 1.000000000 0.000057497 0.000123484 -0.000042600 -0.000057494 1.000000000 0.002790856
1.000000000 0.000058507 0.000000265 0.000327524 -0.000058507 1.000000000 0.000029161 -0.000325963 -0.000000263 -0.000029161 1.000000000 -0.004229175
1.000000000 -0.000060746 0.000057814 0.000175775 0.000060742 1.000000000 0.000065332 -0.000346345 -0.000057818 -0.000065328 1.000000000 -0.004470280
1.000000000 0.000089950 0.000035284 -0.000215605 -0.000089951 1.000000000 0.000033792 -0.000170960 -0.000035281 -0.000033795 1.000000000 -0.001913385
1.000000000 -0.000036299 0.000028812 -0.000195482 0.000036298 1.000000000 0.000049016 -0.001600781 -0.000028814 -0.000049015 1.000000000 -0.006580071
1.000000000 -0.000098770 0.000087881 -0.000130407 0.000098763 1.000000000 0.000079881 -0.000634645 -0.000087889 -0.000079872 1.000000000 -0.002332132
1.000000000 -0.000025238 0.000088178 0.000318114 0.000025230 1.000000000 0.000088158 -0.000670510 -0.000088180 -0.000088156 1.000000000 -0.004279269
1.000000000 -0.000118426 0.000039645 0.000596735 0.000118422 1.000000000 0.000107610 -0.000659267 -0.000039657 -0.000107606 1.000000000 -0.003519225
1.000000000 -0.000170495 -0.000017502 0.000021889 0.000170497 1.000000000 0.000086645 -0.000346975 0.000017487 -0.000086648 1.000000000 -0.004156884
1.000000000 -0.000129163 -0.000009095 0.000581107 0.000129163 1.000000000 0.000056145 -0.000699657 0.000009088 -0.000056146 1.000000000 -0.005039139
1.000000000 0.000063649 0.000007866 0.001891266 -0.000063650 1.000000000 0.000101878 -0.001197873 -0.000007859 -0.000101878 1.000000000 -0.006421416
1.000000000 -0.000127376 0.000009546 0.002045003 0.000127375 1.000000000 0.000130157 -0.002635287 -0.000009563 -0.000130156 1.000000000 -0.007348794
1.000000000 -0.000080398 -0.000008190 0.000168688 0.000080399 1.000000000 0.000099284 -0.002724471 0.000008182 -0.000099285 1.000000000 -0.007752273
1.000000000 -0.000137440 -0.000041134 0.003066031 0.000137446 1.000000000 0.000137621 -0.003742943 0.000041115 -0.000137626 1.000000000 -0.007269141
1.000000000 -0.000065783 0.000096155 -0.001173755 0.000065777 1.000000000 0.000065129 -0.000672201 -0.000096159 -0.000065122 1.000000000 -0.003122115
1.000000000 -0.000078559 0.000017385 0.000090356 0.000078556 1.000000000 0.000186396 -0.002528579 -0.000017400 -0.000186395 1.000000000 -0.009889281
1.000000000 -0.000200144 0.000012641 0.000353208 0.000200141 0.999999940 0.000182542 -0.002547400 -0.000012677 -0.000182540 1.000000000 -0.005588620
1.000000000 0.000010825 0.000002573 0.000514475 -0.000010825 1.000000000 0.000118870 -0.000466655 -0.000002572 -0.000118870 1.000000000 -0.006466422
1.000000000 -0.000239513 -0.000008372 0.002609309 0.000239515 0.999999940 0.000247211 -0.001862731 0.000008312 -0.000247213 0.999999940 -0.008037996
1.000000000 -0.000022015 0.000028513 0.000480807 0.000022012 1.000000000 0.000112155 -0.002896703 -0.000028515 -0.000112154 1.000000000 -0.004594263
1.000000000 -0.000114120 0.000021275 -0.000223904 0.000114116 1.000000000 0.000155584 -0.000860091 -0.000021293 -0.000155581 1.000000000 -0.002857925
1.000000000 -0.000190933 -0.000006587 -0.000850770 0.000190934 1.000000000 0.000116013 -0.000282328 0.000006565 -0.000116014 1.000000000 -0.003889456
1.000000000 -0.000123495 0.000029717 -0.000512107 0.000123492 1.000000000 0.000108344 -0.000696734 -0.000029730 -0.000108340 1.000000000 -0.002723438
1.000000000 -0.000110420 0.000082251 -0.002139346 0.000110409 1.000000000 0.000128374 -0.000216551 -0.000082265 -0.000128365 1.000000000 -0.001457619
1.000000000 -0.000062011 0.000005160 -0.001587227 0.000062011 1.000000000 0.000119328 -0.001860590 -0.000005168 -0.000119328 1.000000000 -0.005237025
1.000000000 -0.000174766 -0.000003820 0.000228192 0.000174767 0.999999940 0.000172452 -0.002738242 0.000003790 -0.000172453 1.000000000 -0.005769288
1.000000000 0.000165171 0.000089917 -0.001195886 -0.000165179 1.000000000 0.000095751 -0.000112699 -0.000089901 -0.000095766 1.000000000 -0.001650991
1.000000000 -0.000066507 0.000026415 -0.000209536 0.000066505 1.000000000 0.000063896 -0.000553231 -0.000026419 -0.000063895 1.000000000 -0.002567509
1.000000000 -0.000117744 0.000008605 -0.000564634 0.000117743 1.000000000 0.000036326 -0.001029523 -0.000008610 -0.000036325 1.000000000 -0.004099180
1.000000000 -0.000145119 0.000006747 0.000593188 0.000145119 1.000000000 0.000052895 -0.000408576 -0.000006755 -0.000052894 1.000000000 -0.007577726
1.000000000 -0.000230518 -0.000031214 0.000107670 0.000230520 1.000000000 0.000073210 -0.000082681 0.000031197 -0.000073217 1.000000000 -0.006079702
1.000000000 -0.000056557 0.000004861 0.000017622 0.000056556 1.000000000 0.000157170 -0.000594021 -0.000004870 -0.000157170 1.000000000 -0.004013221
1.000000000 -0.000218665 -0.000071712 0.002725495 0.000218676 0.999999940 0.000149017 -0.003700911 0.000071680 -0.000149033 1.000000000 -0.006552810
1.000000000 -0.000194392 -0.000060230 0.002962958 0.000194365 0.999999881 -0.000447941 -0.006740456 0.000060317 0.000447929 0.999999881 0.048080809
0.999999940 -0.000250346 -0.000087962 0.007292798 0.000250251 0.999999404 -0.001077765 -0.006325757 0.000088232 0.001077743 0.999999404 0.141285315
0.999999940 -0.000288626 -0.000089162 0.008383444 0.000288512 0.999999166 -0.001279886 -0.013804158 0.000089532 0.001279860 0.999999166 0.254152119
0.999999940 -0.000321732 0.000023530 0.007466104 0.000321761 0.999999225 -0.001220042 -0.017787281 -0.000023138 0.001220049 0.999999285 0.387309253
1.000000000 0.000093355 -0.000106043 0.014806108 -0.000093464 0.999999464 -0.001026946 -0.022152217 0.000105947 0.001026956 0.999999464 0.531893551
1.000000000 -0.000044673 0.000088437 0.012900923 0.000044755 0.999999583 -0.000930293 -0.029556576 -0.000088396 0.000930297 0.999999583 0.682154059
1.000000000 -0.000056730 0.000146972 0.013078395 0.000056822 0.999999821 -0.000624566 -0.035842016 -0.000146936 0.000624575 0.999999821 0.858986676
1.000000000 -0.000069463 0.000029256 0.023742178 0.000069479 0.999999881 -0.000539038 -0.039668351 -0.000029218 0.000539040 0.999999881 1.017599463
0.999999344 0.001064132 0.000475844 0.008797992 -0.001063588 0.999998808 -0.001141367 -0.022508830 -0.000477058 0.001140860 0.999999225 1.190357804
0.999999464 0.001051346 0.000150471 0.022940205 -0.001051207 0.999998987 -0.000921087 -0.028283836 -0.000151439 0.000920928 0.999999523 1.377846241
0.999999225 0.001168358 0.000461096 0.023751710 -0.001168148 0.999999225 -0.000456352 -0.040507030 -0.000461629 0.000455813 0.999999762 1.570772529
0.999999106 0.001240771 0.000588718 0.030700494 -0.001240557 0.999999166 -0.000364453 -0.047458533 -0.000589170 0.000363722 0.999999702 1.761764407
0.999998927 0.001243652 0.000819362 0.023863029 -0.001243746 0.999999285 0.000114399 -0.056566585 -0.000819219 -0.000115418 0.999999702 1.971601725
0.999999642 0.000588003 0.000638149 0.021665486 -0.000587999 0.999999821 -0.000006309 -0.060314287 -0.000638152 0.000005933 0.999999821 2.189771414
0.999999285 0.000838486 0.000879943 0.023823749 -0.000838560 0.999999642 0.000084603 -0.075874686 -0.000879871 -0.000085341 0.999999583 2.391726732
0.999998927 0.001147789 0.000855079 0.032926127 -0.001148059 0.999999344 0.000315949 -0.086032137 -0.000854716 -0.000316930 0.999999583 2.607418537
0.999999285 0.000599564 0.000996703 0.032469306 -0.000599872 0.999999702 0.000308434 -0.092925355 -0.000996517 -0.000309031 0.999999404 2.848901510
0.999999583 0.000810483 0.000661422 0.043919165 -0.000810623 0.999999642 0.000210037 -0.088329114 -0.000661252 -0.000210573 0.999999762 3.089179754
0.999999642 0.000606868 0.000563076 0.050034292 -0.000606949 0.999999821 0.000144435 -0.096158460 -0.000562988 -0.000144777 0.999999821 3.340784311
0.999998689 0.001269206 0.000997315 0.046406694 -0.001269585 0.999999046 0.000379106 -0.107708380 -0.000996834 -0.000380372 0.999999404 3.598523617
0.999998212 0.001638127 0.000987675 0.054879587 -0.001638554 0.999998629 0.000431748 -0.116300136 -0.000986966 -0.000433366 0.999999404 3.846207857
0.999999225 0.001018105 0.000717671 0.064453959 -0.001018567 0.999999225 0.000644220 -0.127845496 -0.000717014 -0.000644951 0.999999523 4.110630512
0.999998748 0.001282984 0.000851173 0.067824334 -0.001283791 0.999998689 0.000948201 -0.137152657 -0.000849955 -0.000949292 0.999999166 4.363550663
0.999999642 0.000679376 0.000489715 0.076717906 -0.000679781 0.999999404 0.000827690 -0.145110890 -0.000489152 -0.000828022 0.999999523 4.620107651
0.999999404 0.000531237 0.000860311 0.082829937 -0.000532171 0.999999285 0.001085538 -0.156167507 -0.000859734 -0.001085995 0.999998987 4.884021282
0.999998927 0.000813326 0.001168484 0.077465475 -0.000814750 0.999998927 0.001218918 -0.170130312 -0.001167492 -0.001219869 0.999998569 5.132556915
0.999999046 0.000936712 0.001034119 0.084439702 -0.000938141 0.999998629 0.001382649 -0.173337907 -0.001032822 -0.001383618 0.999998510 5.399690151
0.999998927 0.001019996 0.001070698 0.089730628 -0.001021555 0.999998450 0.001456942 -0.181814045 -0.001069210 -0.001458035 0.999998391 5.664096832
0.999998987 0.000962158 0.001072658 0.102204390 -0.000963753 0.999998569 0.001487292 -0.195507899 -0.001071225 -0.001488325 0.999998271 5.940266132
0.999998987 0.000944658 0.001070238 0.108404711 -0.000946276 0.999998391 0.001511867 -0.208144203 -0.001068808 -0.001512878 0.999998271 6.199594975
0.999998212 0.001227929 0.001500381 0.113226183 -0.001230335 0.999997973 0.001603802 -0.214519963 -0.001498409 -0.001605645 0.999997616 6.487821102
0.999998987 0.001039116 0.000983653 0.121574208 -0.001040372 0.999998569 0.001277532 -0.221047968 -0.000982324 -0.001278554 0.999998629 6.785281658
0.999999642 0.000482576 0.000771998 0.136014178 -0.000483779 0.999998689 0.001558217 -0.234657839 -0.000771245 -0.001558590 0.999998450 7.074199677
0.999999642 0.000491774 0.000707936 0.145989567 -0.000492997 0.999998391 0.001729400 -0.247180790 -0.000707084 -0.001729749 0.999998271 7.381034374
0.999999821 0.000159750 0.000595354 0.158281580 -0.000160777 0.999998510 0.001725570 -0.260101080 -0.000595077 -0.001725665 0.999998331 7.681737423
0.999999166 0.000770583 0.001031361 0.151698783 -0.000772219 0.999998450 0.001587503 -0.270062476 -0.001030136 -0.001588298 0.999998212 8.016303062
0.999999285 0.000937758 0.000780266 0.164547428 -0.000938979 0.999998391 0.001565059 -0.282055944 -0.000778797 -0.001565791 0.999998510 8.323440552
0.999998868 0.001050785 0.001096480 0.167907819 -0.001052392 0.999998391 0.001466028 -0.286749482 -0.001094938 -0.001467180 0.999998331 8.661656380
0.999999166 0.000876994 0.000999535 0.173710644 -0.000878821 0.999997973 0.001829079 -0.297769934 -0.000997929 -0.001829955 0.999997854 8.998119354
0.999999642 -0.000013988 0.000846047 0.181810170 0.000012125 0.999997556 0.002202449 -0.311556578 -0.000846076 -0.002202438 0.999997199 9.337320328
0.999999821 -0.000209056 0.000534223 0.196674049 0.000207854 0.999997437 0.002247966 -0.321173579 -0.000534692 -0.002247854 0.999997318 9.677770615
0.999999106 0.000513958 0.001231455 0.189400762 -0.000516942 0.999996901 0.002424377 -0.334180146 -0.001230206 -0.002425012 0.999996305 10.024726868
0.999999046 0.000847743 0.001063567 0.197467789 -0.000850154 0.999997079 0.002268503 -0.343840480 -0.001061641 -0.002269406 0.999996901 10.391079903
0.999999523 0.000428551 0.000900596 0.214245155 -0.000431027 0.999996126 0.002750543 -0.357860595 -0.000899414 -0.002750930 0.999995828 10.740277290
0.999999464 0.000101745 0.001033203 0.215739787 -0.000104287 0.999997020 0.002460553 -0.362403154 -0.001032949 -0.002460659 0.999996483 11.138470650
0.999998748 0.001142045 0.001103828 0.234139919 -0.001144828 0.999996126 0.002524216 -0.382939011 -0.001100941 -0.002525476 0.999996185 11.475803375
0.999999106 0.000846206 0.001073383 0.241364494 -0.000848809 0.999996722 0.002427698 -0.389771789 -0.001071325 -0.002428607 0.999996483 11.864605904
0.999998689 0.001019245 0.001249355 0.246177673 -0.001022848 0.999995232 0.002886782 -0.408745199 -0.001246406 -0.002888056 0.999994993 12.246228218
0.999998271 0.001137635 0.001489360 0.256174445 -0.001141781 0.999995410 0.002785661 -0.419290155 -0.001486184 -0.002787357 0.999994993 12.641344070
0.999997556 0.001256878 0.001821104 0.262837529 -0.001261932 0.999995291 0.002776946 -0.431420416 -0.001817605 -0.002779238 0.999994457 13.009677887
0.999998748 0.000559273 0.001497678 0.271432638 -0.000564417 0.999994040 0.003436472 -0.457054943 -0.001495747 -0.003437313 0.999992907 13.443860054
0.999997139 0.000933752 0.002181446 0.275879115 -0.000941790 0.999992788 0.003686778 -0.469521999 -0.002177988 -0.003688822 0.999990761 13.859792709
0.999996543 0.001160940 0.002371768 0.282878816 -0.001169829 0.999992311 0.003749689 -0.476447850 -0.002367396 -0.003752450 0.999990106 14.264856339
0.999998152 0.000005293 0.001884271 0.303912669 -0.000012742 0.999992192 0.003953319 -0.509305418 -0.001884235 -0.003953336 0.999990404 14.692796707
0.999997079 0.000499891 0.002320833 0.315963268 -0.000509427 0.999991477 0.004110247 -0.525622964 -0.002318758 -0.004111418 0.999988854 15.090987206
0.999997139 -0.000234661 0.002345331 0.328477621 0.000224182 0.999989986 0.004467368 -0.534353018 -0.002346355 -0.004466829 0.999987304 15.526375771
0.999995470 0.000404366 0.002987121 0.341004670 -0.000418053 0.999989390 0.004582718 -0.551482916 -0.002985236 -0.004583945 0.999984980 15.979562759
0.999996364 -0.000104252 0.002668150 0.367354751 0.000090796 0.999987423 0.005042866 -0.586645365 -0.002668642 -0.005042605 0.999983728 16.381502151
0.999995768 -0.000016297 0.002889781 0.378012866 0.000001748 0.999987364 0.005034499 -0.593688488 -0.002889826 -0.005034472 0.999983191 16.832178116
0.999993384 0.000698104 0.003556880 0.385842502 -0.000715980 0.999987125 0.005027010 -0.608790100 -0.003553324 -0.005029523 0.999981046 17.302986145
0.999994278 0.000431040 0.003362231 0.401271850 -0.000449027 0.999985576 0.005350511 -0.625869870 -0.003359876 -0.005351990 0.999980032 17.729642868
0.999993503 0.000252229 0.003586569 0.411164016 -0.000269929 0.999987781 0.004935264 -0.630582511 -0.003585281 -0.004936200 0.999981403 18.208028793
0.999991834 0.000099984 0.004037280 0.429456979 -0.000121618 0.999985576 0.005358594 -0.640797436 -0.004036685 -0.005359041 0.999977529 18.664781570
0.999991834 -0.000059995 0.004043427 0.440569609 0.000038265 0.999985695 0.005374039 -0.657715023 -0.004043690 -0.005373841 0.999977350 19.151891708
0.999992430 -0.000433727 0.003871959 0.459390610 0.000413116 0.999985874 0.005322360 -0.670167446 -0.003874213 -0.005320720 0.999978304 19.628316879
0.999990046 0.000313922 0.004441209 0.461571008 -0.000337977 0.999985337 0.005416533 -0.678493977 -0.004439443 -0.005417982 0.999975502 20.104948044
0.999992192 -0.000260232 0.003937348 0.469799459 0.000235880 0.999980867 0.006184158 -0.716079235 -0.003938882 -0.006183180 0.999973118 20.566635132
0.999991536 -0.000796478 0.004021108 0.483984649 0.000771106 0.999979794 0.006307331 -0.729629815 -0.004026050 -0.006304177 0.999972045 21.054660797
0.999995112 -0.001237626 0.002868205 0.512147248 0.001217883 0.999975622 0.006874813 -0.748864412 -0.002876644 -0.006871287 0.999972224 21.565406799
0.999994457 -0.000796753 0.003213372 0.501390219 0.000776092 0.999979079 0.006425702 -0.748743534 -0.003218424 -0.006423173 0.999974191 22.064350128
0.999994457 -0.000697198 0.003237039 0.510704160 0.000676986 0.999980271 0.006240967 -0.757954895 -0.003241326 -0.006238740 0.999975324 22.592887878
0.999996960 -0.000934290 0.002260442 0.523192406 0.000919193 0.999977291 0.006670277 -0.772029996 -0.002266623 -0.006668178 0.999975204 23.094551086
0.999998152 -0.001555463 0.001088052 0.546837986 0.001548242 0.999976933 0.006605798 -0.790380359 -0.001098302 -0.006604102 0.999977589 23.572084427
0.999996305 -0.002671532 0.000509015 0.557201028 0.002668159 0.999975324 0.006515520 -0.806114256 -0.000526409 -0.006514139 0.999978662 24.094545364
0.999998450 -0.001722212 -0.000035453 0.569207489 0.001722409 0.999976575 0.006624752 -0.815572023 0.000024042 -0.006624803 0.999978006 24.620351791
0.999997854 -0.002057505 -0.000590216 0.574795961 0.002061284 0.999976873 0.006474440 -0.820801377 0.000576881 -0.006475641 0.999978781 25.140453339
0.999997377 -0.001863212 -0.001347334 0.587431431 0.001872308 0.999975264 0.006781988 -0.834649742 0.001334664 -0.006784493 0.999976099 25.664396286
0.999997139 -0.001642051 -0.001728125 0.601349175 0.001654167 0.999973834 0.007033313 -0.850335836 0.001716531 -0.007036151 0.999973774 26.190683365
0.999993563 -0.002550040 -0.002501059 0.629375398 0.002569351 0.999966681 0.007748572 -0.869543493 0.002481216 -0.007754948 0.999966860 26.751533508
0.999992728 -0.002562192 -0.002835121 0.637326598 0.002583165 0.999969125 0.007418658 -0.874380410 0.002816026 -0.007425926 0.999968469 27.287656784
0.999995708 -0.001413034 -0.002569952 0.630088449 0.001432264 0.999970853 0.007496162 -0.896703839 0.002559285 -0.007499809 0.999968588 27.826280594
0.999992132 -0.002012891 -0.003421344 0.655469298 0.002040438 0.999965370 0.008067166 -0.909956694 0.003404988 -0.008074083 0.999961615 28.356517792
0.999987423 -0.002184423 -0.004515164 0.674954176 0.002221052 0.999964535 0.008123331 -0.925381303 0.004497259 -0.008133258 0.999956846 28.911546707
0.999990225 -0.001636041 -0.004111542 0.672347724 0.001668966 0.999966443 0.008017268 -0.942636788 0.004098288 -0.008024051 0.999959409 29.421363831
0.999989152 -0.001452817 -0.004425879 0.679042578 0.001487854 0.999967515 0.007923339 -0.953521132 0.004414225 -0.007929836 0.999958813 29.967943192
0.999986470 -0.001732221 -0.004898976 0.688561976 0.001771239 0.999966681 0.007971539 -0.965982914 0.004885004 -0.007980108 0.999956250 30.512878418
0.999989569 -0.000962606 -0.004465465 0.685344815 0.000997409 0.999969065 0.007797993 -0.980830073 0.004457819 -0.007802364 0.999959648 31.066440582
0.999989092 -0.000525871 -0.004642002 0.694762588 0.000562756 0.999968231 0.007948152 -0.996325433 0.004637674 -0.007950678 0.999957561 31.597396851
0.999988914 -0.000593205 -0.004670650 0.702656627 0.000629026 0.999970376 0.007671568 -1.008658171 0.004665961 -0.007674421 0.999959648 32.138782501
0.999987364 -0.000777497 -0.004957060 0.713289261 0.000816678 0.999968410 0.007907016 -1.013345122 0.004950756 -0.007910965 0.999956429 32.658634186
0.999984026 -0.000914823 -0.005573577 0.714774370 0.000958147 0.999969304 0.007775536 -1.024116039 0.005566292 -0.007780753 0.999954224 33.229393005
0.999984086 -0.001210740 -0.005536634 0.729346752 0.001254042 0.999968588 0.007824149 -1.035159826 0.005526987 -0.007830966 0.999954045 33.723739624
0.999984264 -0.000785946 -0.005562525 0.731496811 0.000830962 0.999966860 0.008095142 -1.051554799 0.005555977 -0.008099638 0.999951720 34.267654419
0.999988496 -0.000244130 -0.004788998 0.718753040 0.000279525 0.999972582 0.007391617 -1.045097113 0.004787061 -0.007392870 0.999961197 34.799228668
0.999978542 -0.001479765 -0.006380010 0.758634984 0.001532957 0.999964058 0.008340456 -1.076078057 0.006367439 -0.008350058 0.999944866 35.374267578
0.999986529 -0.000986691 -0.005105545 0.738029182 0.001026216 0.999969482 0.007744944 -1.065472245 0.005097748 -0.007750079 0.999956965 35.959571838
0.999974191 -0.002395042 -0.006762609 0.778973103 0.002454620 0.999958098 0.008815426 -1.103598356 0.006741212 -0.008831800 0.999938309 36.479080200
0.999980986 -0.000904893 -0.006104522 0.745271921 0.000956980 0.999963164 0.008535109 -1.127122283 0.006096574 -0.008540789 0.999944925 36.905929565
0.999980092 -0.001801189 -0.006054324 0.734090567 0.001850240 0.999965489 0.008105996 -1.104212761 0.006039514 -0.008117036 0.999948859 37.459415436
0.999978423 -0.001759023 -0.006340461 0.800529003 0.001813775 0.999961019 0.008639839 -1.122096300 0.006325016 -0.008651152 0.999942541 37.934181213
0.999974191 -0.001560256 -0.007021986 0.821506381 0.001622500 0.999959409 0.008867232 -1.134415865 0.007007867 -0.008878398 0.999936044 38.486518860
0.999971569 -0.001832836 -0.007316852 0.844699383 0.001899265 0.999956906 0.009082296 -1.151442647 0.007299890 -0.009095933 0.999931991 39.037933350
0.999967098 -0.002445047 -0.007739257 0.801425159 0.002511398 0.999960065 0.008575194 -1.156536937 0.007717981 -0.008594350 0.999933302 39.839344025
0.999970257 -0.001729745 -0.007514768 0.821384549 0.001799323 0.999955475 0.009262057 -1.206993937 0.007498411 -0.009275303 0.999928892 40.228168488
0.999970317 -0.001428497 -0.007579780 0.832685947 0.001495999 0.999959230 0.008907371 -1.218162775 0.007566745 -0.008918446 0.999931633 40.791858673
0.999970317 -0.001371176 -0.007578481 0.831948161 0.001437552 0.999960601 0.008760020 -1.217635512 0.007566171 -0.008770655 0.999932885 41.299919128
0.999974906 -0.000418320 -0.007070474 0.845311463 0.000473374 0.999969602 0.007786573 -1.215954542 0.007067002 -0.007789725 0.999944687 41.889472961
0.999971688 -0.001173537 -0.007429624 0.841858208 0.001239650 0.999959648 0.008900179 -1.245180607 0.007418882 -0.008909137 0.999932766 42.365200043
0.999968648 -0.001379971 -0.007790169 0.855938077 0.001453819 0.999953926 0.009481875 -1.263909817 0.007776726 -0.009492904 0.999924660 42.905578613
0.999969482 -0.001433767 -0.007678751 0.859883428 0.001504948 0.999956012 0.009272117 -1.272332907 0.007665120 -0.009283391 0.999927521 43.445259094
0.999970257 -0.001568937 -0.007551416 0.863364816 0.001638382 0.999956369 0.009198938 -1.280522108 0.007536652 -0.009211037 0.999929190 43.980323792
0.999970317 -0.001466680 -0.007564367 0.871754110 0.001537312 0.999955118 0.009340086 -1.294179916 0.007550329 -0.009351436 0.999927759 44.512012482
0.999969304 -0.001513874 -0.007688783 0.880611002 0.001584939 0.999956012 0.009245082 -1.306815267 0.007674447 -0.009256984 0.999927700 45.047340393
0.999967873 -0.001682915 -0.007845185 0.887446046 0.001754986 0.999956250 0.009188824 -1.312319040 0.007829376 -0.009202296 0.999926984 45.584991455
0.999967456 -0.001595487 -0.007906902 0.893289208 0.001670003 0.999954164 0.009426569 -1.334255099 0.007891499 -0.009439467 0.999924242 46.142173767
0.999968946 -0.001414140 -0.007754150 0.903441191 0.001489990 0.999951065 0.009784794 -1.342865229 0.007739933 -0.009796044 0.999922037 46.681308746
0.999965489 -0.001540900 -0.008166696 0.909795821 0.001618884 0.999953091 0.009551132 -1.348323703 0.008151595 -0.009564023 0.999921024 47.261631012
0.999968410 -0.001538815 -0.007815048 0.897877932 0.001616014 0.999949872 0.009881452 -1.380495667 0.007799452 -0.009893768 0.999920607 47.734363556
0.999959826 -0.001963896 -0.008743157 0.933550715 0.002047559 0.999952078 0.009570296 -1.372185707 0.008723943 -0.009587815 0.999915957 48.404598236
0.999962151 -0.002294393 -0.008383859 0.913762093 0.002379147 0.999946058 0.010113235 -1.407799959 0.008360204 -0.010132799 0.999913692 48.822830200
0.999963224 -0.001856401 -0.008371478 0.925823987 0.001940701 0.999947429 0.010073010 -1.421149969 0.008352339 -0.010088886 0.999914229 49.369430542
0.999966681 -0.001648323 -0.007991560 0.921273232 0.001728851 0.999947727 0.010080216 -1.426665545 0.007974528 -0.010093697 0.999917209 49.893783569
0.999968052 -0.001641270 -0.007821457 0.922268987 0.001722371 0.999944687 0.010373647 -1.443882585 0.007803999 -0.010386787 0.999915600 50.436779022
0.999966085 -0.001773357 -0.008042450 0.931502759 0.001857345 0.999943674 0.010447671 -1.451607466 0.008023470 -0.010462254 0.999913096 50.961963654
0.999967396 -0.001647418 -0.007919138 0.933605075 0.001732936 0.999940276 0.010804235 -1.465563059 0.007900867 -0.010817606 0.999910295 51.497398376
0.999970853 -0.001151614 -0.007549287 0.924626946 0.001230726 0.999944270 0.010483079 -1.480064392 0.007536795 -0.010492065 0.999916613 52.019611359
0.999969125 -0.001479252 -0.007717029 0.947376251 0.001562689 0.999940276 0.010817236 -1.486495972 0.007700567 -0.010828962 0.999911726 52.577724457
0.999976575 -0.000418408 -0.006835657 0.928271174 0.000486626 0.999950111 0.009981019 -1.488726139 0.006831140 -0.009984110 0.999926865 53.111968994
0.999969721 -0.002078727 -0.007508067 0.958714247 0.002160298 0.999938548 0.010872656 -1.512320042 0.007485005 -0.010888546 0.999912739 53.637565613
0.999973297 -0.001235724 -0.007198088 0.929590464 0.001316486 0.999936163 0.011226047 -1.531067371 0.007183756 -0.011235223 0.999911070 54.156303406
0.999968827 -0.001661982 -0.007711485 0.953400016 0.001748687 0.999935210 0.011250528 -1.555827379 0.007692287 -0.011263663 0.999906957 54.663612366
0.999978840 -0.000110534 -0.006502150 0.913485110 0.000183691 0.999936700 0.011251541 -1.561329603 0.006500494 -0.011252495 0.999915600 55.246551514
0.999971271 -0.001087152 -0.007496578 0.969607353 0.001166604 0.999943137 0.010602364 -1.568680286 0.007484625 -0.010610808 0.999915659 55.765480042
0.999965012 -0.002108308 -0.008096584 0.998633206 0.002193466 0.999942183 0.010523257 -1.570052862 0.008073931 -0.010540649 0.999911785 56.243453979
0.999966860 -0.002102856 -0.007866235 0.983415365 0.002190968 0.999934793 0.011209540 -1.593239427 0.007842150 -0.011226403 0.999906242 56.783153534
0.999969363 -0.001094193 -0.007746712 0.991121769 0.001178297 0.999940395 0.010860511 -1.586509466 0.007734366 -0.010869307 0.999911010 57.399345398
0.999966860 -0.002064970 -0.007871846 0.992914438 0.002155622 0.999931276 0.011524963 -1.625076413 0.007847506 -0.011541550 0.999902606 57.851787567
0.999965787 -0.002206163 -0.007968246 1.004968286 0.002300321 0.999927402 0.011827006 -1.636539102 0.007941575 -0.011844931 0.999898314 58.398342133
0.999964237 -0.002427106 -0.008101676 1.012594581 0.002520653 0.999930024 0.011556462 -1.647510290 0.008073062 -0.011576470 0.999900401 58.937088013
0.999965072 -0.002175085 -0.008069586 1.019031167 0.002271180 0.999926448 0.011918278 -1.664762497 0.008043068 -0.011936190 0.999896407 59.476783752
0.999967933 -0.002013651 -0.007753097 1.021780252 0.002107205 0.999924839 0.012077538 -1.668017387 0.007728194 -0.012093488 0.999897003 60.008018494
0.999970913 -0.002101641 -0.007327544 1.037853241 0.002191128 0.999922872 0.012225891 -1.687113047 0.007301284 -0.012241592 0.999898374 60.577896118
0.999971867 -0.001232139 -0.007399207 1.050246000 0.001323194 0.999923348 0.012313810 -1.694544315 0.007383468 -0.012323257 0.999896765 61.092506409
0.999966919 -0.001859309 -0.007923065 1.070834398 0.001958734 0.999919176 0.012559600 -1.713730097 0.007899073 -0.012574704 0.999889731 61.618961334
0.999970019 -0.001385241 -0.007623308 1.067597270 0.001476010 0.999927938 0.011914060 -1.701058388 0.007606254 -0.011924954 0.999899983 62.158336639
0.999961317 -0.001523145 -0.008657780 1.168992400 0.001631033 0.999920964 0.012468012 -1.727675080 0.008638105 -0.012481652 0.999884784 62.760906219
0.999966264 -0.000818070 -0.008176436 1.146955490 0.000922523 0.999917984 0.012779254 -1.738178015 0.008165310 -0.012786366 0.999884903 63.324928284
0.999964476 -0.000379691 -0.008419126 1.173446298 0.000486219 0.999919772 0.012654624 -1.761497021 0.008413647 -0.012658267 0.999884427 63.876392365
0.999959469 -0.001457687 -0.008883916 1.196183443 0.001575845 0.999910176 0.013307821 -1.819319606 0.008863719 -0.013321282 0.999872029 64.434074402
0.999973953 -0.000809595 -0.007175028 1.103630185 0.000899065 0.999921858 0.012475267 -1.740792751 0.007164368 -0.012481394 0.999896407 64.752426147
0.999969900 -0.001945359 -0.007523770 1.098226428 0.002041819 0.999915481 0.012834377 -1.801126719 0.007498168 -0.012849350 0.999889314 65.240631104
0.999971390 -0.001667728 -0.007372151 1.100757599 0.001759771 0.999920428 0.012496457 -1.812124729 0.007350722 -0.012509073 0.999894738 65.795234680
0.999970496 -0.002322161 -0.007320646 1.103968740 0.002420096 0.999907315 0.013397587 -1.827772975 0.007288856 -0.013414910 0.999883413 66.322395325
0.999961138 -0.002207840 -0.008532401 1.145665646 0.002322096 0.999907494 0.013404229 -1.837545395 0.008502017 -0.013423522 0.999873757 66.834861755
0.999970734 -0.001452463 -0.007511220 1.132946968 0.001547542 0.999918520 0.012667863 -1.839972496 0.007492211 -0.012679115 0.999891520 67.296905518
0.999963820 -0.002178903 -0.008222522 1.146177769 0.002287070 0.999910653 0.013168481 -1.842311621 0.008193093 -0.013186811 0.999879479 67.841567993
0.999970555 -0.001784065 -0.007461167 1.142458439 0.001884400 0.999907553 0.013462252 -1.871613741 0.007436459 -0.013475915 0.999881506 68.388412476
0.999966860 -0.002728651 -0.007671140 1.164114475 0.002824247 0.999918163 0.012478648 -1.860432863 0.007636463 -0.012499900 0.999892712 68.968582153
0.999967039 -0.001658460 -0.007938069 1.212752223 0.001761788 0.999913573 0.013027483 -1.899443150 0.007915777 -0.013041039 0.999883652 69.355293274
0.999964178 -0.002530801 -0.008079658 1.196020246 0.002636621 0.999910533 0.013113341 -1.889086843 0.008045749 -0.013134173 0.999881387 70.082832336
0.999968290 -0.001803778 -0.007752778 1.226008534 0.001903433 0.999915421 0.012865864 -1.922680140 0.007728916 -0.012880214 0.999887168 70.429298401
0.999967158 -0.001820107 -0.007894429 1.245004416 0.001920856 0.999916613 0.012773250 -1.936277866 0.007870522 -0.012787995 0.999887228 70.950805664
0.999968112 -0.001574494 -0.007823396 1.260503173 0.001677445 0.999911845 0.013170363 -1.947935343 0.007801970 -0.013183068 0.999882638 71.498443604
0.999967992 -0.001547619 -0.007850705 1.262218475 0.001651269 0.999911249 0.013213395 -1.963293076 0.007829561 -0.013225937 0.999881864 71.995712280
0.999964356 -0.001909575 -0.008222199 1.271476746 0.002016841 0.999912679 0.013057389 -1.971638441 0.008196547 -0.013073506 0.999880970 72.535545349
0.999967575 -0.001661035 -0.007872813 1.271625996 0.001764617 0.999911726 0.013168262 -1.985852718 0.007850247 -0.013181727 0.999882221 73.075195312
0.999969959 -0.001561957 -0.007594108 1.278739929 0.001662134 0.999911427 0.013203016 -1.998230934 0.007572813 -0.013215241 0.999883950 73.629371643
0.999971330 -0.001107811 -0.007490850 1.292709589 0.001205749 0.999913692 0.013082532 -2.006106377 0.007475709 -0.013091192 0.999886274 74.133697510
0.999968231 -0.001675325 -0.007790333 1.312398672 0.001778967 0.999909699 0.013316168 -2.021493435 0.007767321 -0.013329603 0.999880910 74.658981323
0.999969780 -0.001112683 -0.007694121 1.327679038 0.001215767 0.999909401 0.013406025 -2.034573793 0.007678508 -0.013414973 0.999880433 75.187248230
0.999969721 -0.001243359 -0.007684330 1.331076264 0.001345441 0.999910653 0.013293562 -2.046168566 0.007667116 -0.013303500 0.999882102 75.712814331
0.999964476 -0.001986073 -0.008179118 1.360074162 0.002095192 0.999908566 0.013354311 -2.053139210 0.008151847 -0.013370973 0.999877393 76.278465271
0.999970376 -0.001007906 -0.007619197 1.348057032 0.001113603 0.999903023 0.013881003 -2.078516722 0.007604467 -0.013889077 0.999874592 76.773429871
0.999969721 -0.001228742 -0.007686995 1.368345261 0.001332879 0.999907196 0.013556840 -2.092912674 0.007669624 -0.013566675 0.999878526 77.300209045
0.999967396 -0.001375910 -0.007959344 1.380693078 0.001486908 0.999901533 0.013956540 -2.106829882 0.007939357 -0.013967921 0.999870896 77.839691162
0.999969959 -0.000992719 -0.007680363 1.386201143 0.001098395 0.999904573 0.013767278 -2.117589474 0.007665963 -0.013775302 0.999875724 78.353073120
0.999969900 -0.001033107 -0.007688418 1.403369427 0.001138471 0.999905348 0.013712485 -2.133232355 0.007673522 -0.013720824 0.999876440 78.872894287
0.999978781 -0.000671357 -0.006484143 1.425997019 0.000759124 0.999907970 0.013542635 -2.136096001 0.006474454 -0.013547268 0.999887288 79.407142639
0.999988317 -0.000654408 -0.004780142 1.430276632 0.000719723 0.999906242 0.013675001 -2.152964115 0.004770745 -0.013678282 0.999895096 79.948112488
0.999994040 -0.000100259 -0.003432246 1.445044279 0.000147691 0.999904454 0.013821934 -2.164212465 0.003430532 -0.013822359 0.999898553 80.477371216
0.999996126 -0.000660557 -0.002701838 1.438845396 0.000697620 0.999905467 0.013740082 -2.156917572 0.002692506 -0.013741917 0.999901891 81.043861389
0.999999523 0.000273512 0.000934019 1.455211163 -0.000286681 0.999900162 0.014128009 -2.176680565 -0.000930062 -0.014128271 0.999899745 81.568710327
0.999991536 0.000534762 0.004080799 1.491687059 -0.000591314 0.999903619 0.013869594 -2.178170919 -0.004072989 -0.013871890 0.999895513 82.100448608
0.999973953 0.000092297 0.007211726 1.509301186 -0.000192746 0.999902964 0.013929122 -2.199472666 -0.007209739 -0.013930149 0.999876916 82.635696411
0.999942303 0.000036441 0.010743351 1.553468227 -0.000179844 0.999910891 0.013347383 -2.188366890 -0.010741906 -0.013348542 0.999853253 83.200210571
0.999860346 0.000091888 0.016714582 1.576336384 -0.000319003 0.999907613 0.013585690 -2.205354214 -0.016711790 -0.013589124 0.999768019 83.720344543
0.999744177 -0.000439328 0.022614274 1.628561258 0.000128964 0.999905825 0.013723890 -2.199882269 -0.022618173 -0.013717462 0.999650061 84.252319336
0.999560595 0.000868979 0.029630180 1.611264944 -0.001289631 0.999898612 0.014180596 -2.240154266 -0.029614855 -0.014212575 0.999460399 84.731224060
0.999286830 0.000657724 0.037752692 1.642072082 -0.001188603 0.999900639 0.014041295 -2.229504347 -0.037739694 -0.014076155 0.999188602 85.545883179
0.998979390 0.000338956 0.045167480 1.702702284 -0.000969342 0.999902368 0.013935455 -2.246303082 -0.045158349 -0.013965013 0.998882234 86.025680542
0.998605192 0.000270574 0.052797399 1.731074095 -0.001016593 0.999899983 0.014103496 -2.252831459 -0.052788306 -0.014137498 0.998505652 86.542572021
0.998139083 -0.000523365 0.060976319 1.796861887 -0.000308617 0.999907017 0.013634139 -2.260305166 -0.060977787 -0.013627586 0.998046041 87.091766357
0.997436702 -0.000204735 0.071554221 1.849708080 -0.000778442 0.999905705 0.013712166 -2.270935535 -0.071550272 -0.013732717 0.997342408 87.605499268
0.996738255 0.000319775 0.080701299 1.906213760 -0.001456017 0.999900699 0.014021152 -2.291511059 -0.080688789 -0.014092920 0.996639729 88.136535645
0.996110141 -0.001187101 0.088108748 1.973244190 0.000022486 0.999912620 0.013217745 -2.277486801 -0.088116735 -0.013164348 0.996023118 88.696510315
0.995127618 -0.001235453 0.098587811 2.056023121 -0.000049649 0.999915063 0.013031593 -2.281376362 -0.098595530 -0.012972991 0.995042980 89.256301880
0.994043171 -0.001640297 0.108974159 2.129117489 0.000191852 0.999911547 0.013300790 -2.299562931 -0.108986333 -0.013200654 0.993955553 89.749328613
0.993044972 -0.002531037 0.117708415 2.221075058 0.001004577 0.999914646 0.013025671 -2.312970161 -0.117731333 -0.012816830 0.992962718 90.285209656
0.991667092 -0.002054230 0.128810063 2.314156532 0.000371927 0.999914348 0.013083036 -2.315385103 -0.128825858 -0.012926109 0.991582990 90.839523315
0.989913642 -0.002016796 0.141657397 2.408747673 0.000209293 0.999918401 0.012773425 -2.321797848 -0.141671553 -0.012614939 0.989833415 91.372123718
0.988425732 -0.003059968 0.151675448 2.525185585 0.001133005 0.999917567 0.012789316 -2.335926533 -0.151702091 -0.012469437 0.988347590 91.935836792
0.986900866 -0.003272387 0.161294326 2.630993843 0.001255968 0.999919772 0.012601860 -2.341042995 -0.161322638 -0.012234205 0.986825883 92.476081848
0.984710872 -0.002451425 0.174179599 2.726845741 0.000298375 0.999923229 0.012386201 -2.343915939 -0.174196631 -0.012144856 0.984635949 93.027137756
0.982442319 -0.002528056 0.186549217 2.851617813 0.000254161 0.999925256 0.012212160 -2.352092505 -0.186566159 -0.011950328 0.982369781 93.556907654
0.980330884 -0.003375824 0.197331786 2.991996765 0.001020937 0.999927044 0.012034154 -2.356509209 -0.197357982 -0.011595990 0.980262876 94.146461487
0.977535188 -0.003415649 0.210744545 3.124612808 0.000810563 0.999922216 0.012446484 -2.376721621 -0.210770652 -0.011996054 0.977461934 94.662132263
0.974551797 -0.004378092 0.224120304 3.268857956 0.001578003 0.999918461 0.012671279 -2.387602091 -0.224157512 -0.011995152 0.974479258 95.185302734
0.971775413 -0.003930874 0.235875174 3.419620514 0.000951010 0.999918342 0.012745664 -2.400272846 -0.235905990 -0.012161603 0.971699834 95.714279175
0.968928099 -0.005491239 0.247281536 3.605108261 0.002411379 0.999915719 0.012755999 -2.415680885 -0.247330740 -0.011763359 0.968859732 96.266853333
0.965273619 -0.005573456 0.261181325 3.778926849 0.002245561 0.999912620 0.013038403 -2.429448605 -0.261231124 -0.011999129 0.965201616 96.785896301
0.961731434 -0.005998984 0.273928136 3.951799393 0.002569172 0.999913752 0.012877884 -2.440998554 -0.273981780 -0.011681296 0.961663961 97.310432434
0.958490372 -0.006391803 0.285052955 4.133611679 0.002711553 0.999907792 0.013303547 -2.456701040 -0.285111696 -0.011978386 0.958419383 97.813552856
0.954321384 -0.006209548 0.298717439 4.325365067 0.002349429 0.999909043 0.013279685 -2.460990429 -0.298772722 -0.011971271 0.954249144 98.334487915
0.949770570 -0.007027951 0.312868237 4.525215149 0.003021852 0.999907076 0.013287489 -2.471213341 -0.312932521 -0.011674624 0.949703574 98.856277466
0.946063280 -0.007581545 0.323893130 4.728832245 0.003363408 0.999902129 0.013581043 -2.481011868 -0.323964328 -0.011759140 0.945996225 99.378837585
0.941566646 -0.007607984 0.336740732 4.941141129 0.003220337 0.999902427 0.013586355 -2.490469456 -0.336811304 -0.011708040 0.941499293 99.897537231
0.936287522 -0.007907058 0.351145774 5.151054382 0.003274666 0.999899626 0.013784119 -2.497486353 -0.351219624 -0.011756010 0.936219335 100.398681641
0.931756973 -0.008531658 0.362982213 5.374763489 0.003687060 0.999894679 0.014037370 -2.512427807 -0.363063782 -0.011741079 0.931690276 100.898445129
0.927091539 -0.008961502 0.374727786 5.593877792 0.004063597 0.999895632 0.013858698 -2.518887520 -0.374812841 -0.011325537 0.927031219 101.403160095
0.921283841 -0.009516079 0.388774484 5.834369659 0.004433644 0.999892592 0.013968029 -2.524753809 -0.388865590 -0.011144832 0.921227098 101.909019470
0.915860415 -0.010225495 0.401366860 6.083621979 0.004869335 0.999884963 0.014362643 -2.536819458 -0.401467681 -0.011199786 0.915804684 102.403823853
0.911085010 -0.010754833 0.412078083 6.333114624 0.005359737 0.999884129 0.014245870 -2.544097900 -0.412183493 -0.010770568 0.911037087 102.912246704
0.905545950 -0.010602363 0.424115688 6.587322235 0.004820496 0.999880254 0.014703331 -2.560268402 -0.424220800 -0.011270093 0.905488610 103.390144348
0.899249971 -0.011507669 0.437283784 6.865650177 0.005440793 0.999870777 0.015124159 -2.588458061 -0.437401325 -0.011221229 0.899196386 103.843673706
0.893307745 -0.011674048 0.449293911 7.134159088 0.005543855 0.999872744 0.014957234 -2.589168072 -0.449411362 -0.010870592 0.893258810 104.338073730
0.887737036 -0.012706392 0.460175544 7.404716492 0.006487674 0.999864995 0.015092785 -2.600207806 -0.460305214 -0.010412955 0.887699664 104.791580200
0.880825937 -0.012856593 0.473265618 7.689990997 0.006599826 0.999867499 0.014878732 -2.608242989 -0.473394275 -0.009982101 0.880794108 105.251319885
0.873522520 -0.013242308 0.486603558 7.978588104 0.006809136 0.999864459 0.014986698 -2.612033367 -0.486736089 -0.009777866 0.873494267 105.728393555
