1.000000000 0.000000000 0.000000000 0.000000000 0.000000000 1.000000000 0.000000000 0.000000000 0.000000000 0.000000000 1.000000000 0.000000000
1.000000000 0.000023942 -0.000138441 0.003071145 -0.000023933 1.000000000 0.000060978 -0.001837724 0.000138443 -0.000060974 1.000000000 -0.002070524
1.000000000 0.000045687 0.000007259 0.000557527 -0.000045687 1.000000000 -0.000017274 -0.000931418 -0.000007260 0.000017274 1.000000000 -0.002721543
1.000000000 -0.000144983 -0.000143158 0.006505024 0.000144998 1.000000000 0.000105505 -0.002704265 0.000143143 -0.000105526 1.000000000 -0.004433793
1.000000000 -0.000054201 -0.000084371 0.001614009 0.000054201 1.000000000 0.000002528 0.000209194 0.000084370 -0.000002532 1.000000000 0.001004335
1.000000000 0.000056640 0.000013818 -0.000198294 -0.000056639 1.000000000 -0.000060465 -0.000582844 -0.000013822 0.000060464 1.000000000 -0.001052681
1.000000000 -0.000078168 -0.000126338 0.004774610 0.000078184 1.000000000 0.000132376 -0.002473650 0.000126328 -0.000132386 1.000000000 -0.007433191
1.000000000 -0.000127263 -0.000047688 -0.001325489 0.000127264 1.000000000 0.000014287 0.000384357 0.000047687 -0.000014294 1.000000000 -0.000594563
1.000000000 0.000056195 -0.000081495 0.002595686 -0.000056193 1.000000000 0.000014984 -0.002555223 0.000081495 -0.000014980 1.000000000 -0.008181079
1.000000000 -0.000004421 0.000035420 0.000815427 0.000004419 1.000000000 0.000063440 -0.002459873 -0.000035421 -0.000063440 1.000000000 -0.007946201
1.000000000 0.000095485 0.000065508 -0.000938534 -0.000095485 1.000000000 0.000007729 -0.002081661 -0.000065508 -0.000007735 1.000000000 -0.004429502
1.000000000 -0.000119954 -0.000073917 0.000596567 0.000119956 1.000000000 0.000023720 -0.004233668 0.000073915 -0.000023729 1.000000000 -0.008370220
1.000000000 -0.000090204 -0.000032700 0.001528002 0.000090205 1.000000000 0.000024049 -0.001977833 0.000032698 -0.000024052 1.000000000 -0.005094589
1.000000000 -0.000051621 -0.000001688 0.000533150 0.000051622 1.000000000 0.000046850 -0.001460818 0.000001686 -0.000046850 1.000000000 -0.006824832
1.000000000 -0.000215193 -0.000043137 0.001249813 0.000215199 0.999999940 0.000144145 -0.001395165 0.000043106 -0.000144154 1.000000000 -0.006905625
1.000000000 -0.000106837 -0.000105350 -0.000268771 0.000106841 1.000000000 0.000037127 -0.001553247 0.000105346 -0.000037138 1.000000000 -0.007050897
1.000000000 -0.000173354 0.000020364 0.000973719 0.000173353 1.000000000 0.000039145 -0.000901169 -0.000020371 -0.000039141 1.000000000 -0.008433693
1.000000000 0.000056145 -0.000002893 0.001672755 -0.000056145 1.000000000 0.000127466 -0.003327698 0.000002900 -0.000127466 1.000000000 -0.012814670
1.000000000 -0.000159015 -0.000056582 0.001207151 0.000159022 1.000000000 0.000131607 -0.004428191 0.000056561 -0.000131616 1.000000000 -0.012515244
0.999999940 -0.000267531 -0.000100793 0.002100808 0.000267541 0.999999940 0.000099743 -0.003893071 0.000100767 -0.000099770 1.000000000 -0.014916617
1.000000000 -0.000185770 -0.000078030 0.003733217 0.000185784 0.999999940 0.000173856 -0.004985823 0.000077998 -0.000173870 1.000000000 -0.008918113
1.000000000 -0.000037036 0.000058781 -0.000506635 0.000037031 1.000000000 0.000079963 -0.000847900 -0.000058784 -0.000079961 1.000000000 -0.006037563
0.999999940 -0.000206958 -0.000198381 0.005821153 0.000206986 0.999999940 0.000140494 -0.003503590 0.000198352 -0.000140535 1.000000000 -0.013967058
0.999999940 -0.000310330 -0.000050965 0.000525707 0.000310340 0.999999940 0.000189025 -0.003301294 0.000050906 -0.000189041 1.000000000 -0.007819825
1.000000000 -0.000073153 -0.000142104 0.005871355 0.000073178 1.000000000 0.000178144 -0.003487522 0.000142091 -0.000178155 1.000000000 -0.014002019
1.000000000 -0.000138903 -0.000053515 0.001145603 0.000138915 0.999999940 0.000225732 -0.003752920 0.000053484 -0.000225740 1.000000000 -0.012122063
1.000000000 -0.000183677 -0.000144504 0.000957838 0.000183698 1.000000000 0.000142717 -0.004883601 0.000144477 -0.000142744 1.000000000 -0.013183813
1.000000000 -0.000185439 -0.000045975 0.000586228 0.000185449 0.999999940 0.000207180 -0.004622133 0.000045937 -0.000207188 1.000000000 -0.009185803
0.999999940 -0.000328558 -0.000173714 0.001286705 0.000328577 0.999999940 0.000105591 -0.000977702 0.000173679 -0.000105648 1.000000000 -0.004805576
1.000000000 -0.000146420 -0.000082839 0.000892327 0.000146433 1.000000000 0.000163784 -0.002392945 0.000082815 -0.000163796 1.000000000 -0.008437325
1.000000000 -0.000116538 0.000020657 -0.002088444 0.000116536 1.000000000 0.000100795 -0.001461708 -0.000020669 -0.000100793 1.000000000 -0.003021421
1.000000000 -0.000126538 -0.000087775 -0.001697339 0.000126548 1.000000000 0.000112949 -0.002720425 0.000087761 -0.000112960 1.000000000 -0.009768134
0.999999940 -0.000242557 -0.000139499 0.002455780 0.000242583 0.999999940 0.000190728 -0.003947352 0.000139453 -0.000190762 1.000000000 -0.011016400
1.000000000 -0.000000731 -0.000116109 0.000553938 0.000000737 1.000000000 0.000051699 -0.000967518 0.000116109 -0.000051699 1.000000000 -0.005933677
1.000000000 -0.000083567 -0.000028235 -0.000297184 0.000083568 1.000000000 0.000049506 -0.001592558 0.000028231 -0.000049509 1.000000000 -0.006431169
1.000000000 -0.000196417 -0.000050647 -0.001307284 0.000196419 1.000000000 0.000026371 -0.000780296 0.000050642 -0.000026381 1.000000000 -0.008548567
0.999999940 -0.000303174 -0.000091343 0.001957847 0.000303181 0.999999940 0.000075600 -0.001122987 0.000091320 -0.000075628 1.000000000 -0.010989255
1.000000000 -0.000179810 -0.000038921 -0.000950362 0.000179811 1.000000000 0.000023983 0.000114568 0.000038917 -0.000023990 1.000000000 -0.009509786
1.000000000 0.000044032 -0.000053521 -0.000818511 -0.000044021 1.000000000 0.000218741 -0.002385891 0.000053531 -0.000218739 1.000000000 -0.011214420
1.000000000 -0.000175668 -0.000161191 0.003102733 0.000175683 1.000000000 0.000092698 -0.004458727 0.000161174 -0.000092726 1.000000000 -0.006815595
1.000000000 -0.000050845 -0.000124529 0.005897098 0.000050787 0.999999881 -0.000468683 -0.008032629 0.000124553 0.000468676 0.999999881 0.041752078
0.999999940 -0.000152350 -0.000211419 0.007318317 0.000152099 0.999999285 -0.001186075 -0.005529570 0.000211599 0.001186043 0.999999285 0.141374946
1.000000000 -0.000023448 -0.000031783 0.002343553 0.000023405 0.999999106 -0.001345750 -0.012221743 0.000031814 0.001345749 0.999999106 0.261303842
0.999999940 -0.000295802 0.000094816 0.005762298 0.000295927 0.999999106 -0.001319079 -0.016225306 -0.000094426 0.001319107 0.999999106 0.387886524
1.000000000 0.000082841 -0.000016173 0.009554914 -0.000082858 0.999999404 -0.001097123 -0.023228962 0.000016082 0.001097125 0.999999404 0.535283029
1.000000000 -0.000000263 0.000083268 0.012490423 0.000000356 0.999999404 -0.001115386 -0.027300101 -0.000083268 0.001115386 0.999999404 0.688204885
1.000000000 -0.000068968 0.000112312 0.023140337 0.000069041 0.999999762 -0.000649113 -0.038317032 -0.000112267 0.000649120 0.999999762 0.850413859
1.000000000 -0.000168515 0.000122021 0.019731199 0.000168586 0.999999821 -0.000580589 -0.042753831 -0.000121923 0.000580610 0.999999821 1.023872733
0.999999940 -0.000198727 0.000260422 0.024266191 0.000198885 0.999999821 -0.000606953 -0.041922867 -0.000260301 0.000607005 0.999999762 1.195215464
0.999999762 -0.000677144 -0.000232176 0.044755813 0.000677098 0.999999762 -0.000198589 -0.055849001 0.000232311 0.000198432 0.999999940 1.403743029
1.000000000 -0.000072321 -0.000075373 0.047514681 0.000072295 0.999999940 -0.000337356 -0.064665124 0.000075397 0.000337351 0.999999940 1.610510945
0.999999940 -0.000122578 0.000305903 0.045837883 0.000122545 1.000000000 0.000109335 -0.070301287 -0.000305916 -0.000109297 0.999999940 1.814648747
1.000000000 -0.000200782 0.000074739 0.054674298 0.000200761 0.999999940 0.000271082 -0.068409778 -0.000074793 -0.000271067 0.999999940 2.021057606
0.999979973 -0.000997877 0.006240259 -0.050483502 0.001000119 0.999999464 -0.000356257 -0.090701230 -0.006239900 0.000362491 0.999980450 2.142531872
0.999980450 -0.001355904 0.006097891 -0.039169982 0.001356127 0.999999166 -0.000032358 -0.098366253 -0.006097842 0.000040627 0.999981403 2.354928493
0.999979138 -0.001118119 0.006365201 -0.038507119 0.001118387 0.999999344 -0.000038478 -0.110566683 -0.006365154 0.000045596 0.999979734 2.587531567
0.999977648 -0.000901253 0.006629636 -0.035798766 0.000900776 0.999999523 0.000074943 -0.117494240 -0.006629700 -0.000068970 0.999978065 2.821605444
0.999978840 -0.001081930 0.006437627 -0.024006279 0.001081632 0.999999404 0.000049876 -0.122928508 -0.006437678 -0.000042912 0.999979258 3.071967363
0.999975860 -0.000634854 0.006929546 -0.023866275 0.000633473 0.999999702 0.000201657 -0.129661709 -0.006929672 -0.000197263 0.999975979 3.301539421
0.999975085 -0.000980930 0.006983047 -0.025220297 0.000977761 0.999999344 0.000457239 -0.146212965 -0.006983491 -0.000450400 0.999975502 3.522725582
0.999976754 -0.000878650 0.006761600 -0.016995436 0.000875233 0.999999523 0.000508220 -0.153516158 -0.006762043 -0.000502290 0.999976993 3.779137611
0.999976218 -0.000916481 0.006838567 -0.009932358 0.000913180 0.999999464 0.000485891 -0.158582360 -0.006839008 -0.000479634 0.999976456 4.039067745
0.999973416 -0.000339757 0.007298157 -0.011997916 0.000333086 0.999999523 0.000915282 -0.170277596 -0.007298465 -0.000912827 0.999972939 4.295299530
0.999975324 -0.001497418 0.006866456 -0.001337618 0.001489070 0.999998152 0.001220735 -0.185373023 -0.006868271 -0.001210480 0.999975622 4.536047459
0.999974251 -0.001606920 0.006988321 0.008997258 0.001597632 0.999997854 0.001334488 -0.192630887 -0.006990450 -0.001323289 0.999974728 4.803670883
0.999973059 -0.001230922 0.007250078 0.013018761 0.001220978 0.999998331 0.001375781 -0.197448343 -0.007251760 -0.001366891 0.999972820 5.065891743
0.999973655 -0.001645330 0.007070388 0.011576599 0.001635970 0.999997735 0.001329392 -0.207832277 -0.007072560 -0.001317790 0.999974072 5.337442875
0.999971330 -0.001628644 0.007396689 0.016863808 0.001617487 0.999997556 0.001514228 -0.230145305 -0.007399137 -0.001502221 0.999971509 5.553386688
0.999971092 -0.001302335 0.007495201 0.021403305 0.001291832 0.999998212 0.001405980 -0.234994501 -0.007497019 -0.001396256 0.999970913 5.831273556
0.999968588 -0.001474339 0.007782641 0.028839139 0.001462803 0.999997854 0.001487759 -0.243137419 -0.007784817 -0.001476328 0.999968648 6.107872009
0.999966979 -0.000559598 0.008103061 0.030545447 0.000546622 0.999998569 0.001603529 -0.254502356 -0.008103948 -0.001599046 0.999965847 6.383855820
0.999970496 -0.001105366 0.007603127 0.038139183 0.001094279 0.999998331 0.001462249 -0.269777328 -0.007604731 -0.001453886 0.999970019 6.649937153
0.999968886 -0.001498562 0.007742284 0.049211510 0.001486827 0.999997795 0.001521222 -0.274093688 -0.007744546 -0.001509663 0.999968886 6.956890106
0.999969065 -0.001141396 0.007782253 0.062588677 0.001128314 0.999997973 0.001685220 -0.288804650 -0.007784159 -0.001676387 0.999968350 7.236605167
0.999970675 -0.000679618 0.007623789 0.080260314 0.000666702 0.999998331 0.001696515 -0.308483660 -0.007624929 -0.001691382 0.999969542 7.531499863
0.999971211 -0.001414444 0.007447849 0.082760811 0.001401132 0.999997437 0.001792351 -0.309241802 -0.007450365 -0.001781864 0.999970615 7.861792564
0.999970734 -0.001259330 0.007539851 0.089730710 0.001245449 0.999997556 0.001845412 -0.316985220 -0.007542156 -0.001835968 0.999969900 8.179774284
0.999970376 -0.001159102 0.007609879 0.100472085 0.001147810 0.999998212 0.001488076 -0.318505257 -0.007611590 -0.001479297 0.999969900 8.518239021
0.999970257 -0.001861103 0.007483219 0.108991787 0.001848695 0.999996901 0.001664753 -0.334602118 -0.007486294 -0.001650870 0.999970615 8.844804764
0.999969900 -0.001262590 0.007666831 0.121051133 0.001250980 0.999998152 0.001518822 -0.338937819 -0.007668735 -0.001509185 0.999969423 9.206820488
0.999970078 -0.001936953 0.007489861 0.125347093 0.001922413 0.999996245 0.001948031 -0.365293771 -0.007493605 -0.001933574 0.999970078 9.480282784
0.999970913 -0.002175976 0.007311810 0.138498619 0.002158796 0.999994814 0.002356765 -0.376129597 -0.007316900 -0.002340911 0.999970555 9.827810287
0.999969065 -0.001610388 0.007701052 0.135717869 0.001593983 0.999996424 0.002135856 -0.389912754 -0.007704464 -0.002123515 0.999968052 10.193793297
0.999971032 -0.002421687 0.007221540 0.147260576 0.002403977 0.999993980 0.002460063 -0.401055872 -0.007227454 -0.002442632 0.999970913 10.558978081
0.999970555 -0.002747457 0.007158610 0.169190720 0.002729109 0.999992907 0.002571642 -0.410219193 -0.007165624 -0.002552030 0.999971092 10.947102547
0.999967337 -0.001902610 0.007853845 0.160374135 0.001879845 0.999994040 0.002904887 -0.447152108 -0.007859326 -0.002890027 0.999964893 11.263432503
0.999967337 -0.001970827 0.007842074 0.173231244 0.001947415 0.999993682 0.002991867 -0.454099536 -0.007847921 -0.002976497 0.999964774 11.649106026
0.999967217 -0.002522383 0.007691703 0.192240790 0.002497679 0.999991775 0.003219629 -0.465016991 -0.007699761 -0.003200312 0.999965250 12.023550034
0.999965370 -0.001629902 0.008167164 0.179001093 0.001601721 0.999992788 0.003455883 -0.478729635 -0.008172738 -0.003442682 0.999960721 12.408771515
0.999967754 -0.002455555 0.007639552 0.210413828 0.002430258 0.999991596 0.003318864 -0.481850028 -0.007647636 -0.003300191 0.999965310 12.812549591
0.999966323 -0.002798585 0.007722790 0.233833551 0.002773035 0.999990702 0.003317100 -0.491494209 -0.007732002 -0.003295573 0.999964654 13.207313538
0.999963105 -0.002492670 0.008213109 0.231617719 0.002461692 0.999989808 0.003779733 -0.546831787 -0.008222448 -0.003759376 0.999959052 13.566431999
0.999962151 -0.002787579 0.008246901 0.244747579 0.002753656 0.999987721 0.004122021 -0.556054235 -0.008258292 -0.004099155 0.999957502 13.984112740
0.999961317 -0.003634289 0.008006207 0.264133006 0.003601026 0.999984860 0.004165251 -0.574770689 -0.008021223 -0.004136260 0.999959230 14.409056664
0.999960601 -0.004398305 0.007715151 0.270504117 0.004362885 0.999979854 0.004601825 -0.582736611 -0.007735237 -0.004567984 0.999959588 14.823085785
0.999957383 -0.003753489 0.008432824 0.282523453 0.003710550 0.999980032 0.005101851 -0.598265409 -0.008451806 -0.005070343 0.999951422 15.214828491
0.999956787 -0.002714878 0.008888211 0.302872598 0.002667684 0.999982238 0.005317275 -0.617220283 -0.008902491 -0.005293335 0.999946296 15.698348045
0.999952316 -0.003007209 0.009288313 0.305248290 0.002958953 0.999982059 0.005204740 -0.659088612 -0.009303798 -0.005177008 0.999943316 16.035192490
0.999950409 -0.003189954 0.009428785 0.321340382 0.003145683 0.999984026 0.004706454 -0.664314866 -0.009443647 -0.004676560 0.999944508 16.491754532
0.999946475 -0.002211671 0.010107471 0.334112972 0.002160829 0.999984920 0.005038322 -0.675807714 -0.010118463 -0.005016211 0.999936223 16.952156067
0.999946415 -0.003005690 0.009905759 0.349962234 0.002954403 0.999982178 0.005188060 -0.690529168 -0.009921176 -0.005158516 0.999937534 17.406721115
0.999942183 -0.003510315 0.010157940 0.367186069 0.003450691 0.999976695 0.005881350 -0.697575331 -0.010178350 -0.005845959 0.999931097 17.871883392
0.999940395 -0.003548067 0.010317721 0.384194046 0.003490700 0.999978364 0.005572654 -0.712196887 -0.010337271 -0.005536307 0.999931216 18.328903198
0.999938071 -0.003886662 0.010423171 0.393090487 0.003822994 0.999973953 0.006121292 -0.752473772 -0.010446691 -0.006081066 0.999926865 18.771425247
0.999935806 -0.004750832 0.010284305 0.413187027 0.004686840 0.999969602 0.006237441 -0.763916135 -0.010313625 -0.006188841 0.999927640 19.247350693
0.999936581 -0.003573134 0.010679663 0.425582349 0.003505158 0.999973536 0.006376947 -0.779692113 -0.010702166 -0.006339109 0.999922633 19.727512360
0.999938428 -0.002906981 0.010705338 0.426161528 0.002836029 0.999973953 0.006636966 -0.803168476 -0.010724352 -0.006606197 0.999920666 20.236225128
0.999934912 -0.004298928 0.010563514 0.448996216 0.004224777 0.999966264 0.007031881 -0.833271027 -0.010593388 -0.006986795 0.999919415 20.683673859
0.999939740 -0.004150287 0.010158626 0.461216986 0.004082290 0.999969125 0.006705142 -0.835690737 -0.010186143 -0.006663268 0.999925852 21.186981201
0.999943912 -0.004250050 0.009694585 0.481695294 0.004186161 0.999969423 0.006601006 -0.850585103 -0.009722342 -0.006560053 0.999931216 21.713418961
0.999944389 -0.005701502 0.008880994 0.496637493 0.005634827 0.999955833 0.007514820 -0.872887611 -0.008923450 -0.007464360 0.999932289 22.199018478
0.999953151 -0.005611395 0.007886729 0.527068734 0.005554031 0.999958098 0.007276724 -0.893103182 -0.007927232 -0.007232580 0.999942362 22.645284653
0.999957621 -0.005413028 0.007456867 0.530550539 0.005357535 0.999958038 0.007441853 -0.909735441 -0.007496838 -0.007401587 0.999944508 23.167427063
0.999957144 -0.006018829 0.007025307 0.543650448 0.005969780 0.999957800 0.006981928 -0.922966540 -0.007067034 -0.006939691 0.999950945 23.720218658
0.999965131 -0.005957223 0.005851908 0.569346845 0.005911972 0.999952734 0.007719849 -0.932928264 -0.005897621 -0.007684983 0.999953032 24.177808762
0.999969065 -0.006226716 0.004806313 0.585133374 0.006191153 0.999953628 0.007378885 -0.936373711 -0.004852036 -0.007348900 0.999961197 24.709764481
0.999973834 -0.005496609 0.004704263 0.591740668 0.005461820 0.999957860 0.007376082 -0.939289093 -0.004744608 -0.007350195 0.999961793 25.265586853
0.999973655 -0.005458923 0.004789632 0.601997375 0.005421968 0.999955714 0.007694918 -0.960043609 -0.004831425 -0.007668746 0.999958932 25.766374588
0.999972582 -0.005772640 0.004642941 0.614493906 0.005733307 0.999948025 0.008440737 -0.971974194 -0.004691424 -0.008413886 0.999953568 26.306472778
0.999977827 -0.005398221 0.003914745 0.641068995 0.005366551 0.999953151 0.008056047 -0.986245871 -0.003958050 -0.008034858 0.999959886 26.861440659
0.999981165 -0.005008222 0.003543339 0.666554630 0.004976750 0.999948502 0.008835956 -1.020792127 -0.003587409 -0.008818156 0.999954700 27.370748520
0.999982178 -0.005290557 0.002730952 0.679731309 0.005266548 0.999948025 0.008725011 -1.028158307 -0.002776971 -0.008710473 0.999958217 27.917877197
0.999983013 -0.005152041 0.002733567 0.688359499 0.005127065 0.999945700 0.009066677 -1.044763327 -0.002780130 -0.009052508 0.999955177 28.462865829
0.999980927 -0.005732134 0.002311422 0.706603110 0.005710873 0.999942243 0.009102026 -1.057888627 -0.002363463 -0.009088650 0.999955893 28.987630844
0.999980927 -0.005800820 0.002122680 0.722524464 0.005781220 0.999941587 0.009126114 -1.063356161 -0.002175495 -0.009113667 0.999956131 29.540561676
0.999978840 -0.006316047 0.001566723 0.727307796 0.006301529 0.999938667 0.009104231 -1.085940957 -0.001624130 -0.009094165 0.999957383 30.071392059
0.999980867 -0.006146585 0.000730969 0.783555686 0.006139082 0.999932528 0.009858219 -1.103993893 -0.000791515 -0.009853545 0.999951124 30.631402969
0.999986410 -0.004838565 0.001952507 0.713019609 0.004818462 0.999936581 0.010172829 -1.146569610 -0.002001605 -0.010163281 0.999946356 31.186006546
0.999984205 -0.005254618 0.001991682 0.725605547 0.005233771 0.999932885 0.010331954 -1.162029147 -0.002045839 -0.010321367 0.999944687 31.725339890
0.999983728 -0.005457762 0.001683132 0.738515615 0.005440402 0.999933600 0.010151648 -1.167442799 -0.001738426 -0.010142326 0.999947011 32.243396759
0.999988139 -0.004435420 0.002032520 0.723095894 0.004414331 0.999937534 0.010265723 -1.183250189 -0.002077925 -0.010256627 0.999945283 32.740249634
0.999984920 -0.005310889 0.001392029 0.755892873 0.005295367 0.999926269 0.010926089 -1.205131412 -0.001449954 -0.010918555 0.999939322 33.271602631
0.999987543 -0.004678124 0.001732081 0.766175389 0.004658470 0.999926507 0.011182154 -1.215148926 -0.001784265 -0.011173945 0.999935925 33.820224762
0.999983370 -0.005683833 0.001004670 0.777247131 0.005672302 0.999921978 0.011130221 -1.229337811 -0.001067853 -0.011124338 0.999937594 34.305534363
0.999974906 -0.007076529 -0.000214621 0.794514060 0.007078663 0.999896407 0.012530179 -1.262195826 0.000125930 -0.012531385 0.999921381 34.881244659
0.999978662 -0.006527920 -0.000088329 0.797174454 0.006528509 0.999906361 0.012026532 -1.281447172 0.000009813 -0.012026853 0.999927640 35.454841614
0.999984324 -0.005535010 0.000837447 0.800552130 0.005524523 0.999912143 0.012046466 -1.291975617 -0.000904052 -0.012041650 0.999927104 35.924888611
0.999983728 -0.005670291 0.000613755 0.806711495 0.005662426 0.999910295 0.012136409 -1.303321123 -0.000682517 -0.012132737 0.999926209 36.471286774
0.999975502 -0.006987304 0.000538072 0.808961928 0.006979584 0.999888241 0.013216929 -1.327203035 -0.000630362 -0.013212848 0.999912500 36.974548340
0.999969065 -0.007855306 -0.000380210 0.822616994 0.007859862 0.999871016 0.014002910 -1.351752639 0.000270164 -0.014005465 0.999901891 37.499835968
0.999968529 -0.007930868 -0.000155875 0.837835550 0.007932261 0.999873996 0.013747580 -1.355261087 0.000046825 -0.013748382 0.999905467 38.069831848
0.999965549 -0.008281905 -0.000653548 0.864304364 0.008289970 0.999874651 0.013489096 -1.362770200 0.000541750 -0.013494051 0.999908745 38.632312775
0.999964833 -0.008362087 -0.000604307 0.891986251 0.008370037 0.999857843 0.014634842 -1.413187027 0.000481843 -0.014639384 0.999892712 39.122001648
0.999957561 -0.009165646 -0.000902234 0.904880643 0.009177926 0.999849677 0.014705160 -1.425121665 0.000767316 -0.014712816 0.999891460 39.671558380
0.999970138 -0.007713188 -0.000529898 0.920259833 0.007720031 0.999866068 0.014427273 -1.429584742 0.000418547 -0.014430933 0.999895751 40.211738586
0.999967635 -0.008010433 -0.000691702 0.928155363 0.008019574 0.999863803 0.014416648 -1.431587100 0.000576124 -0.014421730 0.999895871 40.765430450
0.999954343 -0.009458350 -0.001368521 0.936366141 0.009477893 0.999841630 0.015057575 -1.452313900 0.001225884 -0.015069859 0.999885619 41.291290283
0.999952078 -0.009747700 -0.000952347 0.964080930 0.009760967 0.999838412 0.015092144 -1.466602921 0.000805079 -0.015100716 0.999885619 41.829780579
0.999950051 -0.009940241 -0.001038650 0.946401954 0.009955484 0.999824345 0.015878435 -1.466830134 0.000880631 -0.015887983 0.999873340 42.373321533
0.999959528 -0.008923731 -0.001144642 0.982946754 0.008940848 0.999832928 0.015940476 -1.505997896 0.001002203 -0.015950065 0.999872208 42.860393524
0.999963641 -0.008469171 -0.000940438 0.984472990 0.008483171 0.999835312 0.016044125 -1.511852026 0.000804403 -0.016051522 0.999870718 43.396675110
0.999957383 -0.009143025 -0.001317936 1.007105708 0.009163069 0.999828339 0.016101690 -1.514106274 0.001170493 -0.016113080 0.999869466 43.965877533
0.999963582 -0.008446910 -0.001252883 1.029177785 0.008464910 0.999849677 0.015133668 -1.502599478 0.001124862 -0.015143723 0.999884665 44.504726410
0.999952734 -0.009630702 -0.001287538 1.026837826 0.009650249 0.999822915 0.016152157 -1.539212704 0.001131752 -0.016163815 0.999868631 45.041149139
0.999944091 -0.010475830 -0.001398524 1.046947241 0.010497085 0.999814093 0.016171750 -1.546028376 0.001228851 -0.016185530 0.999868155 45.591865540
0.999954224 -0.009489575 -0.001251857 1.039658189 0.009508383 0.999826968 0.015987998 -1.555512547 0.001099921 -0.015999168 0.999871314 46.161281586
0.999955773 -0.009322316 -0.001244449 1.022028089 0.009340646 0.999834001 0.015640959 -1.547548294 0.001098434 -0.015651889 0.999876797 46.658241272
0.999954879 -0.009416479 -0.001268412 1.082665205 0.009436095 0.999819875 0.016466679 -1.580736399 0.001113125 -0.016477905 0.999863625 47.154148102
0.999956608 -0.009291084 -0.000696253 1.092375994 0.009301109 0.999826610 0.016131081 -1.587976694 0.000546255 -0.016136859 0.999869704 47.705524445
0.999955237 -0.009436006 -0.000729157 1.100121379 0.009446697 0.999820888 0.016399646 -1.598047256 0.000574279 -0.016405798 0.999865294 48.241294861
0.999962568 -0.008606254 -0.000917804 1.114167452 0.008620359 0.999823928 0.016665468 -1.603669167 0.000774216 -0.016672755 0.999860764 48.800559998
0.999951243 -0.009727732 -0.001718833 1.119588137 0.009754443 0.999819875 0.016281685 -1.612489700 0.001560138 -0.016297655 0.999866009 49.367134094
0.999953091 -0.009609562 -0.001160852 1.123353720 0.009628061 0.999806523 0.017147660 -1.628657103 0.000995847 -0.017158028 0.999852300 49.859199524
0.999956846 -0.009200646 -0.001265105 1.140048504 0.009220643 0.999815702 0.016831750 -1.631420612 0.001110010 -0.016842688 0.999857605 50.402931213
0.999949455 -0.009940974 -0.001535409 1.147869349 0.009966101 0.999800086 0.017329751 -1.637090445 0.001362828 -0.017344175 0.999848664 50.936828613
0.999950647 -0.009772153 -0.001794348 1.166385055 0.009801027 0.999809921 0.016857529 -1.644452810 0.001629272 -0.016874285 0.999856353 51.458755493
0.999949217 -0.009997828 -0.001246120 1.164316297 0.010018131 0.999796331 0.017521158 -1.661553860 0.001070692 -0.017532757 0.999845743 51.992191315
0.999951720 -0.009729262 -0.001342812 1.173860669 0.009750878 0.999805212 0.017159900 -1.664355278 0.001175597 -0.017172165 0.999851882 52.542304993
0.999945700 -0.010267506 -0.001812915 1.179258823 0.010297595 0.999794722 0.017450010 -1.681589484 0.001633374 -0.017467730 0.999846160 53.049583435
0.999954522 -0.009443671 -0.001286382 1.203346729 0.009464215 0.999810219 0.017031381 -1.670736432 0.001125300 -0.017042782 0.999854207 53.640598297
0.999942422 -0.010619697 -0.001530424 1.217484951 0.010643679 0.999805272 0.016622417 -1.680411100 0.001353599 -0.016637750 0.999860704 54.169429779
0.999955773 -0.009322789 -0.001200704 1.203489423 0.009342385 0.999803007 0.017506640 -1.698662758 0.001037257 -0.017517081 0.999846160 54.596679688
0.999944806 -0.010334784 -0.001914142 1.220112205 0.010367298 0.999787152 0.017836161 -1.708705187 0.001729401 -0.017855020 0.999839127 55.152511597
0.999952137 -0.009731296 -0.000988865 1.206556559 0.009747284 0.999795675 0.017706998 -1.717349052 0.000816352 -0.017715789 0.999842763 55.645938873
0.999956191 -0.009319797 -0.000769020 1.218896031 0.009331691 0.999807298 0.017273599 -1.712344885 0.000607885 -0.017280016 0.999850512 56.196716309
0.999954045 -0.009528870 -0.001015623 1.223157644 0.009544850 0.999808192 0.017103937 -1.723520517 0.000852448 -0.017112842 0.999853253 56.751911163
0.999953985 -0.009530278 -0.001120510 1.242098093 0.009548335 0.999803066 0.017398650 -1.726142406 0.000954475 -0.017408546 0.999848008 57.303749084
0.999951899 -0.009749109 -0.001041065 1.262642384 0.009766598 0.999783397 0.018378433 -1.761800528 0.000861667 -0.018387718 0.999830544 57.740581512
0.999950767 -0.009829028 -0.001381713 1.277152658 0.009851966 0.999794602 0.017712636 -1.766275406 0.001207332 -0.017725376 0.999842167 58.287384033
0.999946475 -0.010290525 -0.001095126 1.288082838 0.010308390 0.999788463 0.017799178 -1.774505019 0.000911732 -0.017809518 0.999841034 58.820533752
0.999955237 -0.009433684 -0.000757018 1.293773413 0.009446091 0.999783754 0.018525705 -1.781931639 0.000582089 -0.018532023 0.999828100 59.328830719
0.999951839 -0.009781105 -0.000852739 1.312784910 0.009794728 0.999793828 0.017788809 -1.791411519 0.000678568 -0.017796300 0.999841452 59.879146576
0.999945283 -0.010264701 -0.002058708 1.380729318 0.010300672 0.999779582 0.018298002 -1.819525123 0.001870430 -0.018318204 0.999830425 60.336231232
0.999942124 -0.010571710 -0.001995343 1.378498316 0.010605200 0.999788940 0.017594840 -1.804388642 0.001808915 -0.017614981 0.999843299 60.934242249
0.999948978 -0.010017624 -0.001303391 1.389041185 0.010039431 0.999788165 0.017965328 -1.825235963 0.001123146 -0.017977495 0.999837756 61.440574646
0.999952495 -0.009663022 -0.001285696 1.389141202 0.009685120 0.999782622 0.018461756 -1.798813939 0.001107022 -0.018473331 0.999828756 61.948192596
0.999955416 -0.009390769 -0.000945808 1.398958683 0.009406438 0.999789894 0.018211743 -1.814499974 0.000774588 -0.018219829 0.999833763 62.488872528
0.999954939 -0.009462065 -0.000859310 1.391112328 0.009476649 0.999775648 0.018945633 -1.852571130 0.000679853 -0.018952923 0.999820173 63.019863129
0.999949574 -0.009874004 -0.001825923 1.447577477 0.009905915 0.999781966 0.018381732 -1.827965379 0.001644024 -0.018398892 0.999829412 63.625888824
0.999951065 -0.009819249 -0.001162393 1.420523167 0.009839475 0.999772787 0.018905085 -1.847063184 0.000976498 -0.018915594 0.999820530 64.070449829
0.999950171 -0.009922671 -0.001000100 1.437871218 0.009939599 0.999776721 0.018645948 -1.848226666 0.000814860 -0.018654956 0.999825597 64.610443115
0.999951661 -0.009808145 -0.000584226 1.449321032 0.009817297 0.999779761 0.018549044 -1.850867033 0.000402167 -0.018553877 0.999827743 65.161949158
0.999942660 -0.010687181 -0.000621856 1.457541227 0.010696765 0.999775648 0.018281935 -1.835799813 0.000426334 -0.018287538 0.999832630 65.696640015
0.999951601 -0.009823732 -0.000411340 1.441783309 0.009829867 0.999763191 0.019412305 -1.871842504 0.000220544 -0.019415408 0.999811471 66.171302795
0.999952614 -0.009706167 -0.000738105 1.460773945 0.009718605 0.999766409 0.019301221 -1.878498912 0.000550593 -0.019307476 0.999813437 66.720031738
0.999952614 -0.009707615 -0.000662469 1.479318380 0.009718429 0.999772966 0.018957999 -1.881987691 0.000478281 -0.018963538 0.999819994 67.265342712
0.999948740 -0.010097536 -0.000656754 1.474551916 0.010108179 0.999768913 0.018971954 -1.885171056 0.000465034 -0.018977623 0.999819815 67.755554199
0.999959350 -0.009000820 -0.000506224 1.497413874 0.009008762 0.999781728 0.018851813 -1.892460823 0.000336432 -0.018855607 0.999822199 68.294265747
0.999946475 -0.010295041 -0.001028464 1.510855436 0.010312190 0.999778330 0.018355444 -1.892538190 0.000839266 -0.018365066 0.999830961 68.843009949
0.999940395 -0.010849363 -0.001233978 1.514606118 0.010870001 0.999775827 0.018171076 -1.902453899 0.001036556 -0.018183410 0.999834180 69.380638123
0.999941051 -0.010763961 -0.001385345 1.531250238 0.010787551 0.999773800 0.018327482 -1.901017427 0.001187754 -0.018341349 0.999831080 69.888076782
0.999943912 -0.010583516 -0.000434555 1.534752607 0.010589886 0.999761283 0.019107023 -1.928453207 0.000232234 -0.019110555 0.999817371 70.413009644
0.999934018 -0.011462593 -0.000755552 1.547465205 0.011474757 0.999757946 0.018769242 -1.931912899 0.000540226 -0.018776674 0.999823630 70.974929810
0.999934375 -0.011395306 -0.001172711 1.561455727 0.011414918 0.999766350 0.018354151 -1.933479905 0.000963286 -0.018366331 0.999830902 71.534286499
0.999929667 -0.011808888 -0.001067966 1.564917207 0.011826253 0.999767005 0.018059105 -1.932894945 0.000854458 -0.018070471 0.999836326 72.088935852
0.999930978 -0.011730504 -0.000653274 1.589376330 0.011740523 0.999762475 0.018360741 -1.950918913 0.000437738 -0.018367141 0.999831140 72.647232056
0.999938369 -0.011071520 -0.000720642 1.599608064 0.011082970 0.999767005 0.018520907 -1.959241271 0.000515419 -0.018527752 0.999828160 73.195083618
0.999929547 -0.011821013 -0.001080050 1.614874601 0.011838763 0.999763310 0.018253423 -1.957215428 0.000864021 -0.018264921 0.999832749 73.677726746
0.999936283 -0.011273805 -0.000575327 1.627179861 0.011282592 0.999761581 0.018693538 -1.972261429 0.000364442 -0.018698838 0.999825120 74.134742737
0.999928236 -0.011953347 -0.000734884 1.653854370 0.011965139 0.999748528 0.018965961 -1.987286210 0.000507994 -0.018973399 0.999819875 74.708694458
0.999917626 -0.012754605 -0.001378059 1.671753883 0.012777916 0.999747336 0.018488834 -1.989133120 0.001141894 -0.018504923 0.999828160 75.257446289
0.999916255 -0.012887462 -0.001197740 1.689506888 0.012907499 0.999744117 0.018578568 -2.010169029 0.000958003 -0.018592473 0.999826729 75.760337830
0.999917567 -0.012799780 -0.001021489 1.678617954 0.012816726 0.999741137 0.018799024 -2.001128197 0.000780601 -0.018810568 0.999822676 76.312416077
0.999918163 -0.012764102 -0.000909429 1.690384746 0.012778530 0.999753118 0.018177010 -2.001185894 0.000677192 -0.018187141 0.999834299 76.871055603
0.999880731 -0.015299396 -0.002065339 1.732040286 0.015334358 0.999718010 0.018131671 -2.010186195 0.001787354 -0.018161183 0.999833465 77.389328003
0.999902725 -0.013925456 -0.000801634 1.690436363 0.013937703 0.999738574 0.018126553 -2.005100489 0.000549004 -0.018135967 0.999835372 77.883911133
0.999913037 -0.013186790 -0.000385118 1.701161981 0.013191623 0.999746442 0.018246263 -2.012808323 0.000144412 -0.018249756 0.999833465 78.438903809
0.999912202 -0.013229055 0.000748659 1.708415151 0.013213780 0.999756813 0.017654734 -2.011737347 -0.000982032 -0.017643293 0.999843776 79.004165649
0.999904573 -0.013689674 0.001826859 1.708732963 0.013654868 0.999747038 0.017869458 -2.035067081 -0.002071024 -0.017842807 0.999838650 79.510063171
0.999874353 -0.015484657 0.003393823 1.704292417 0.015420915 0.999717891 0.018066175 -2.006880760 -0.003672614 -0.018011568 0.999831021 79.977188110
0.999864519 -0.016003838 0.003862068 1.717528343 0.015932385 0.999713302 0.017872138 -2.014293671 -0.004146983 -0.017808182 0.999832809 80.528717041
0.999860227 -0.015076270 0.007216952 1.707943678 0.014942808 0.999722719 0.018202864 -2.050698996 -0.007489379 -0.018092480 0.999808311 81.009124756
0.999825537 -0.015276006 0.010741955 1.728790283 0.015075373 0.999714971 0.018516736 -2.077991486 -0.011021753 -0.018351568 0.999770880 81.570480347
0.999704301 -0.017261513 0.017128455 1.787652969 0.016966244 0.999707401 0.017236657 -2.042485476 -0.017420975 -0.016940957 0.999704719 82.089797974
0.999624193 -0.017379100 0.021201078 1.826103210 0.017017987 0.999708951 0.017095882 -2.051831484 -0.021492019 -0.016728656 0.999629140 82.631065369
0.999489963 -0.017561395 0.026674220 1.859380007 0.017095935 0.999699295 0.017578710 -2.055717945 -0.026974905 -0.017113725 0.999489665 83.160446167
0.999316037 -0.018576318 0.031976793 1.915044069 0.018032562 0.999689281 0.017209915 -2.052528381 -0.032286555 -0.016621524 0.999340415 83.674720764
0.999124169 -0.017601961 0.037963279 1.931409001 0.016938820 0.999699533 0.017719382 -2.074779510 -0.038263768 -0.017060811 0.999122024 84.217987061
0.998536050 -0.017845051 0.051061500 1.970849514 0.017014045 0.999716401 0.016663281 -2.086154222 -0.051344376 -0.015770126 0.998556495 84.713447571
0.998096347 -0.017195359 0.059228610 2.043707848 0.016241217 0.999731123 0.016553434 -2.100168943 -0.059497323 -0.015559980 0.998107255 85.231826782
0.997619987 -0.018344054 0.066466548 2.075311899 0.017291410 0.999716341 0.016378088 -2.088830709 -0.066748135 -0.015189807 0.997654259 85.798728943
0.997044981 -0.019666655 0.074259847 2.145873547 0.018554872 0.999705672 0.015631925 -2.087172747 -0.074545413 -0.014207853 0.997116506 86.382377625
0.996241450 -0.019392198 0.084420584 2.226053715 0.018056812 0.999699950 0.016553182 -2.112581491 -0.084716260 -0.014966601 0.996292770 86.894432068
0.995343328 -0.020431524 0.094202317 2.300138474 0.018900234 0.999674797 0.017119059 -2.164889336 -0.094521441 -0.015258902 0.995405853 87.337432861
0.994546056 -0.020755885 0.102212392 2.369743347 0.019139793 0.999676228 0.016766666 -2.160319805 -0.102527298 -0.014718902 0.994621277 87.883377075
0.993432522 -0.021243731 0.112430051 2.459092140 0.019514587 0.999674082 0.016458075 -2.153547764 -0.112743035 -0.014155963 0.993523359 88.423660278
0.992266595 -0.022664515 0.122037798 2.559648514 0.020783842 0.999645114 0.016661741 -2.181703091 -0.122372106 -0.013996478 0.992385626 88.946495056
0.991090953 -0.021866322 0.131379426 2.628964424 0.019749250 0.999653637 0.017395735 -2.177381992 -0.131714299 -0.014646110 0.991179526 89.394561768
0.989588976 -0.021274315 0.142341375 2.732452393 0.018899869 0.999659121 0.018012758 -2.189555168 -0.142676070 -0.015134992 0.989653766 89.927864075
0.987815797 -0.022323737 0.154018894 2.835579872 0.019725250 0.999636471 0.018378993 -2.188789606 -0.154373214 -0.015116998 0.987896979 90.392166138
0.986095250 -0.022771740 0.164613709 2.952018738 0.020001965 0.999629319 0.018464198 -2.206543446 -0.164973155 -0.014914855 0.986185312 90.931045532
0.984532058 -0.023925215 0.173563153 3.075446129 0.021032223 0.999607861 0.018488545 -2.197488308 -0.173937440 -0.014552147 0.984649241 91.479988098
0.982221842 -0.023790807 0.186210915 3.186321259 0.020618649 0.999607742 0.018953733 -2.214581013 -0.186588779 -0.014777352 0.982326984 91.970756531
0.979839504 -0.023898117 0.198351949 3.320964813 0.020488931 0.999605238 0.019222520 -2.224349260 -0.198733017 -0.014770964 0.979942381 92.490356445
0.977572441 -0.024475183 0.209172413 3.448915482 0.020902105 0.999595702 0.019275805 -2.225254059 -0.209559619 -0.014471352 0.977688730 93.022743225
0.974469185 -0.022993242 0.223341316 3.571949005 0.018982451 0.999617994 0.020088749 -2.232519627 -0.223717973 -0.015336299 0.974533260 93.516365051
0.971257389 -0.023206895 0.236897960 3.722446442 0.018993150 0.999618351 0.020054230 -2.230694532 -0.237273008 -0.014978380 0.971327484 94.043891907
0.968412876 -0.023829844 0.248210773 3.874742508 0.019147377 0.999590635 0.021262242 -2.251145601 -0.248615831 -0.015838047 0.968472660 94.546508789
0.965311468 -0.025241047 0.259878248 4.046792984 0.020551784 0.999573529 0.020745916 -2.224640608 -0.260291070 -0.014685309 0.965418518 95.113746643
0.961402357 -0.024682777 0.274037123 4.219894409 0.019685214 0.999586284 0.020972166 -2.229715824 -0.274441391 -0.014768210 0.961490393 95.636924744
0.957785964 -0.025282605 0.286368638 4.404029846 0.020097828 0.999576807 0.021030542 -2.234026194 -0.286779195 -0.014387369 0.957888663 96.149726868
0.954434097 -0.026349226 0.297256052 4.590320587 0.020843683 0.999547660 0.021676220 -2.251972437 -0.297692776 -0.014492611 0.954551697 96.647270203
0.949967206 -0.025637409 0.311295271 4.778924942 0.019822318 0.999565125 0.021830415 -2.255579472 -0.311719596 -0.014567587 0.950062513 97.173828125
0.945130408 -0.025511179 0.325695872 4.971029282 0.019317186 0.999566019 0.022238081 -2.262331724 -0.326121837 -0.014726359 0.945212960 97.691123962
0.941114366 -0.026660969 0.337035537 5.169626236 0.020392552 0.999547184 0.022125795 -2.260763884 -0.337472707 -0.013949890 0.941231906 98.197570801
0.936358154 -0.026221570 0.350065470 5.415231705 0.019742845 0.999561548 0.022063598 -2.251027822 -0.350490540 -0.013748137 0.936465383 98.755699158
0.930904865 -0.027258432 0.364243478 5.629146576 0.020486154 0.999538243 0.022444285 -2.248060465 -0.364687115 -0.013431545 0.931033313 99.265464783
0.926087618 -0.027595527 0.376298189 5.871330261 0.020342080 0.999522984 0.023236403 -2.263894320 -0.376759917 -0.013864257 0.926207244 99.754829407
0.921421647 -0.028139004 0.387543976 6.100332260 0.020885706 0.999519169 0.022915944 -2.269022465 -0.388002485 -0.013021118 0.921566367 100.256713867
0.914901018 -0.026800834 0.402787268 6.370569229 0.018858286 0.999541819 0.023672763 -2.272149086 -0.403237134 -0.014062359 0.914987445 100.794342041
0.909103811 -0.027523628 0.415659338 6.623981476 0.019275364 0.999525368 0.024027511 -2.276856422 -0.416123480 -0.013831519 0.909202933 101.284309387
0.904160082 -0.027933372 0.426279426 6.874065399 0.019453591 0.999516964 0.024234613 -2.280115604 -0.426750541 -0.013619306 0.904266834 101.766555786
0.898495197 -0.027945178 0.438092917 7.145908356 0.019263802 0.999520302 0.024249054 -2.278734684 -0.438560307 -0.013348326 0.898602664 102.273559570
0.891605318 -0.028321976 0.451926976 7.466125488 0.019495293 0.999517560 0.024176929 -2.277310848 -0.452393800 -0.012745826 0.891727209 102.822128296
0.885589063 -0.028246006 0.463609964 7.743824005 0.019124670 0.999520183 0.024364995 -2.274724960 -0.464075744 -0.012710986 0.885704279 103.313858032
0.879236937 -0.029409582 0.475475967 7.963729858 0.020087685 0.999493599 0.024676016 -2.269185781 -0.475960910 -0.012144855 0.879382551 103.727340698
0.871584177 -0.028808204 0.489398718 8.244941711 0.019040065 0.999507904 0.024926525 -2.274717331 -0.489875972 -0.012407377 0.871703923 104.200698853
0.864429414 -0.029252179 0.501902461 8.580722809 0.019180486 0.999498069 0.025218677 -2.287402391 -0.502388179 -0.012173031 0.864556491 104.701828003
