1.000000000 0.000000000 0.000000000 0.000000000 0.000000000 1.000000000 0.000000000 0.000000000 0.000000000 0.000000000 1.000000000 0.000000000
1.000000000 0.000118447 0.000132228 -0.000692218 -0.000118454 1.000000000 0.000051412 -0.000146268 -0.000132222 -0.000051427 1.000000000 -0.000177073
0.999999940 0.000214976 0.000182127 -0.001014786 -0.000214998 0.999999940 0.000121531 -0.000662543 -0.000182101 -0.000121570 1.000000000 -0.000898591
1.000000000 0.000215888 0.000005661 -0.000078698 -0.000215889 0.999999940 0.000152847 -0.001083742 -0.000005628 -0.000152849 1.000000000 -0.000226699
0.999999940 0.000254089 0.000182613 -0.001907820 -0.000254096 0.999999940 0.000037842 0.000703778 -0.000182603 -0.000037888 1.000000000 0.000561723
1.000000000 0.000085557 0.000012547 -0.000540344 -0.000085558 1.000000000 0.000082775 -0.000315893 -0.000012540 -0.000082776 1.000000000 -0.000463030
1.000000000 0.000141351 0.000158988 -0.002629789 -0.000141345 1.000000000 -0.000041208 0.001728300 -0.000158994 0.000041186 1.000000000 0.003738069
1.000000000 0.000015573 0.000185686 -0.001162318 -0.000015605 1.000000000 0.000173002 0.000114376 -0.000185684 -0.000173005 0.999999940 0.001876374
1.000000000 0.000020977 0.000163912 -0.001481311 -0.000020969 1.000000000 -0.000047643 0.001592792 -0.000163913 0.000047639 1.000000000 0.002725133
1.000000000 -0.000009520 0.000192101 -0.001295953 0.000009521 1.000000000 -0.000004205 0.000688923 -0.000192101 0.000004207 1.000000000 0.000862661
1.000000000 -0.000092607 0.000212822 -0.001212931 0.000092614 1.000000000 -0.000033937 0.001925491 -0.000212819 0.000033957 1.000000000 0.002282349
1.000000000 0.000116577 0.000103756 -0.000536490 -0.000116583 1.000000000 0.000052403 0.000025030 -0.000103750 -0.000052415 1.000000000 0.000525607
1.000000000 0.000085413 0.000178108 -0.001164951 -0.000085424 1.000000000 0.000058475 0.000795305 -0.000178103 -0.000058490 1.000000000 0.002830697
0.999999940 -0.000007146 0.000271387 -0.002650577 0.000007096 1.000000000 0.000184103 0.000975409 -0.000271388 -0.000184101 0.999999940 0.004071801
1.000000000 0.000044307 0.000186233 -0.002117238 -0.000044322 1.000000000 0.000077976 0.000908140 -0.000186230 -0.000077985 1.000000000 0.003159810
1.000000000 0.000185512 0.000098482 -0.001139771 -0.000185524 1.000000000 0.000128519 -0.000234052 -0.000098459 -0.000128537 1.000000000 0.001314406
1.000000000 -0.000020051 0.000150670 -0.002023667 0.000020036 1.000000000 0.000098894 0.000689500 -0.000150672 -0.000098891 1.000000000 0.002742296
0.999999881 0.000241745 0.000414775 -0.003012524 -0.000241792 0.999999940 0.000112084 0.000463848 -0.000414748 -0.000112185 0.999999881 0.002887104
0.999999940 0.000241137 0.000291838 -0.003129553 -0.000241155 0.999999940 0.000061193 0.000723847 -0.000291823 -0.000061263 0.999999940 0.003090574
0.999999940 0.000230891 0.000251940 -0.002357346 -0.000230913 0.999999940 0.000086886 0.000604591 -0.000251920 -0.000086945 0.999999940 0.003387130
0.999999940 0.000304652 0.000276707 -0.001985930 -0.000304722 0.999999940 0.000254283 -0.000577366 -0.000276629 -0.000254368 0.999999940 0.001381411
0.999999821 0.000474467 0.000335002 -0.002903988 -0.000474513 0.999999881 0.000139366 -0.000262723 -0.000334935 -0.000139525 0.999999940 0.001524589
0.999999940 0.000169169 0.000237490 -0.002442138 -0.000169192 1.000000000 0.000095529 0.000973575 -0.000237474 -0.000095570 0.999999940 0.002816784
0.999999940 0.000186687 0.000323564 -0.001621868 -0.000186703 1.000000000 0.000050428 0.000304823 -0.000323555 -0.000050489 0.999999940 0.001916647
0.999999940 0.000166715 0.000265550 -0.002526470 -0.000166694 1.000000000 -0.000077710 0.001285800 -0.000265563 0.000077666 0.999999940 0.001140634
1.000000000 0.000107113 0.000216553 -0.000928667 -0.000107106 1.000000000 -0.000029036 0.001472294 -0.000216556 0.000029013 1.000000000 0.002070058
0.999999940 0.000081355 0.000287453 -0.002209567 -0.000081378 1.000000000 0.000080772 0.000453591 -0.000287447 -0.000080795 0.999999940 0.001340055
0.999999940 0.000202337 0.000287309 -0.001903800 -0.000202330 1.000000000 -0.000023142 0.001204838 -0.000287314 0.000023083 0.999999940 0.002096781
0.999999881 0.000310490 0.000369219 -0.004119760 -0.000310468 0.999999940 -0.000058534 0.002144642 -0.000369237 0.000058419 0.999999940 0.003473910
0.999999881 0.000238174 0.000351199 -0.003671983 -0.000238203 0.999999940 0.000082679 0.000972909 -0.000351179 -0.000082762 0.999999940 0.002112593
0.999999881 0.000303401 0.000340021 -0.003529522 -0.000303450 0.999999940 0.000143531 0.000155864 -0.000339978 -0.000143634 0.999999940 0.002779045
0.999999940 0.000116531 0.000250169 -0.001457126 -0.000116562 1.000000000 0.000123780 0.000499505 -0.000250155 -0.000123809 0.999999940 0.001753246
0.999999821 0.000409392 0.000407072 -0.004324561 -0.000409410 0.999999940 0.000043503 0.002047434 -0.000407054 -0.000043670 0.999999940 0.004441198
0.999999821 0.000375627 0.000451324 -0.003468448 -0.000375655 0.999999940 0.000061161 0.001030553 -0.000451301 -0.000061331 0.999999881 0.002895526
0.999999940 0.000296700 0.000242173 -0.000916468 -0.000296742 0.999999940 0.000174418 -0.000279306 -0.000242121 -0.000174490 0.999999940 0.000516547
0.999999821 0.000490534 0.000382256 -0.003725916 -0.000490535 0.999999881 0.000004184 0.002840804 -0.000382254 -0.000004372 0.999999940 0.005938151
0.999999881 0.000348884 0.000337676 -0.003772654 -0.000348875 0.999999940 -0.000025460 0.004232831 -0.000337685 0.000025342 0.999999940 0.007416788
0.999999940 -0.000048924 0.000256841 -0.001272872 0.000048893 1.000000000 0.000117229 0.000919440 -0.000256847 -0.000117216 0.999999940 0.002380666
0.999999881 0.000335296 0.000415893 -0.003390791 -0.000335361 0.999999940 0.000156186 0.000943909 -0.000415840 -0.000156325 0.999999881 0.003535724
0.999999940 0.000119492 0.000260765 -0.001654526 -0.000119504 1.000000000 0.000046290 0.001610939 -0.000260760 -0.000046321 0.999999940 0.002938246
0.999999881 0.000174721 0.000478783 -0.003319971 -0.000174728 1.000000000 0.000014168 0.001774127 -0.000478781 -0.000014252 0.999999881 0.005713360
0.999999940 -0.000094583 0.000292247 -0.000340580 0.000094825 0.999999642 -0.000829384 0.000584482 -0.000292168 0.000829412 0.999999642 0.052288372
0.999999821 0.000357010 0.000464662 -0.001533924 -0.000356524 0.999999404 -0.001045372 -0.007234327 -0.000465035 0.001045207 0.999999344 0.128166288
0.999999940 0.000256996 0.000153062 0.002193756 -0.000256738 0.999998569 -0.001680096 -0.002813247 -0.000153494 0.001680056 0.999998569 0.256026000
0.999999940 0.000321684 0.000155348 0.005367381 -0.000321491 0.999999166 -0.001236344 -0.012592657 -0.000155746 0.001236294 0.999999225 0.384957701
1.000000000 0.000151586 0.000151817 0.008674866 -0.000151431 0.999999464 -0.001014496 -0.017411646 -0.000151970 0.001014473 0.999999464 0.524802387
0.999999940 0.000392078 0.000131700 0.012935770 -0.000391976 0.999999642 -0.000772408 -0.026242739 -0.000132003 0.000772356 0.999999702 0.667640686
0.999999821 0.000469849 0.000349261 0.016080972 -0.000469583 0.999999583 -0.000761422 -0.027568920 -0.000349619 0.000761258 0.999999642 0.835434616
0.999997735 0.002001239 -0.000708892 0.039625037 -0.002000027 0.999996543 0.001706359 -0.080190688 0.000712305 -0.001704937 0.999998212 0.973513067
0.999997914 0.001887143 -0.000760905 0.044205073 -0.001885537 0.999996066 0.002107194 -0.086665593 0.000764878 -0.002105755 0.999997437 1.152423739
0.999997914 0.001917897 -0.000626919 0.042232435 -0.001916950 0.999996960 0.001506823 -0.081506930 0.000629807 -0.001505618 0.999998689 1.347429395
0.999997437 0.002194958 -0.000614417 0.045947582 -0.002193954 0.999996245 0.001630105 -0.088008374 0.000617993 -0.001628753 0.999998510 1.537057996
0.999997675 0.002125368 -0.000457406 0.048024975 -0.002124618 0.999996424 0.001633838 -0.089530237 0.000460877 -0.001632863 0.999998569 1.735709310
0.999997377 0.002188948 -0.000590303 0.054694407 -0.002187924 0.999996066 0.001729737 -0.097548991 0.000594087 -0.001728441 0.999998391 1.931388736
0.999998212 0.001809996 -0.000583530 0.058735926 -0.001809001 0.999996901 0.001701441 -0.102365643 0.000586608 -0.001700382 0.999998391 2.150267601
0.999998033 0.001977672 -0.000321268 0.062331069 -0.001977096 0.999996483 0.001784558 -0.108411439 0.000324796 -0.001783919 0.999998391 2.368675709
0.999996781 0.002493349 -0.000491433 0.065160975 -0.002492408 0.999995053 0.001906626 -0.115475379 0.000496185 -0.001905395 0.999998093 2.593538284
0.999997079 0.002398817 -0.000497633 0.070698090 -0.002397928 0.999995589 0.001777778 -0.119384162 0.000501896 -0.001776579 0.999998331 2.822611570
0.999996781 0.002504764 -0.000387751 0.075034328 -0.002504031 0.999995112 0.001878056 -0.127173349 0.000392453 -0.001877079 0.999998152 3.058465481
0.999996722 0.002454576 -0.000744735 0.084545687 -0.002453191 0.999995232 0.001854790 -0.135036543 0.000749284 -0.001852957 0.999997973 3.300411940
0.999996662 0.002587340 -0.000270476 0.083549283 -0.002586829 0.999994934 0.001873851 -0.139260650 0.000275323 -0.001873145 0.999998212 3.543998241
0.999996662 0.002522275 -0.000604598 0.094711721 -0.002521209 0.999995291 0.001757696 -0.146050096 0.000609029 -0.001756166 0.999998271 3.803153276
0.999996603 0.002565766 -0.000352507 0.089819916 -0.002565152 0.999995232 0.001730145 -0.148422137 0.000356945 -0.001729235 0.999998391 4.070496559
0.999995351 0.003060920 -0.000178466 0.094383225 -0.003060549 0.999993324 0.002048283 -0.156486273 0.000184734 -0.002047727 0.999997914 4.328075886
0.999996424 0.002630529 -0.000581865 0.104313657 -0.002629232 0.999994099 0.002217608 -0.164552271 0.000587695 -0.002216070 0.999997377 4.582853317
0.999995828 0.002881054 -0.000142177 0.110096730 -0.002880731 0.999993384 0.002220237 -0.170608819 0.000148573 -0.002219819 0.999997556 4.845906734
0.999997318 0.002279525 -0.000404318 0.115951151 -0.002278567 0.999994636 0.002355416 -0.180931702 0.000409685 -0.002354488 0.999997139 5.101920128
0.999997139 0.002331093 -0.000551716 0.123908259 -0.002329798 0.999994576 0.002335526 -0.189918384 0.000557157 -0.002334234 0.999997139 5.367985725
0.999996543 0.002629677 -0.000063196 0.123303726 -0.002629516 0.999993563 0.002427772 -0.197407022 0.000069580 -0.002427598 0.999996960 5.635334015
0.999996960 0.002442994 -0.000400762 0.132098332 -0.002441983 0.999993861 0.002502817 -0.207586288 0.000406874 -0.002501831 0.999996781 5.892828465
0.999997497 0.002198866 -0.000555074 0.139937535 -0.002197442 0.999994338 0.002553615 -0.215389341 0.000560685 -0.002552389 0.999996603 6.172063828
0.999996841 0.002494114 -0.000362298 0.143348470 -0.002493220 0.999993920 0.002445391 -0.221936762 0.000368395 -0.002444480 0.999996960 6.458960533
0.999997377 0.002278002 -0.000377009 0.149043888 -0.002277061 0.999994397 0.002476176 -0.230997950 0.000382648 -0.002475311 0.999996901 6.745674610
0.999996603 0.002559665 -0.000580987 0.162903577 -0.002558065 0.999992907 0.002737365 -0.241034538 0.000587990 -0.002735869 0.999996126 7.037941456
0.999995947 0.002778806 -0.000596199 0.169224352 -0.002777347 0.999993205 0.002434782 -0.250200093 0.000602960 -0.002433116 0.999996841 7.349195004
0.999995410 0.003010060 -0.000249063 0.177945822 -0.003009450 0.999992609 0.002413586 -0.259723216 0.000256326 -0.002412826 0.999997020 7.667845249
0.999995708 0.002840469 -0.000683786 0.185127884 -0.002838537 0.999992073 0.002809916 -0.271487296 0.000691762 -0.002807963 0.999995828 7.969422817
0.999996424 0.002609046 -0.000499195 0.183987290 -0.002607715 0.999993205 0.002648393 -0.281168818 0.000506101 -0.002647082 0.999996364 8.298184395
0.999993682 0.003554914 0.000073966 0.186395258 -0.003555070 0.999991179 0.002234103 -0.288858682 -0.000066024 -0.002234352 0.999997437 8.625178337
0.999997079 0.002427565 0.000144590 0.192285120 -0.002427933 0.999993682 0.002599653 -0.295840532 -0.000138278 -0.002599996 0.999996662 8.964586258
0.999997020 0.002420996 -0.000148274 0.199035004 -0.002420572 0.999993145 0.002795996 -0.311223060 0.000155042 -0.002795629 0.999996066 9.289284706
0.999995828 0.002852499 -0.000323212 0.206644997 -0.002851559 0.999991715 0.002872696 -0.318769485 0.000331404 -0.002871763 0.999995828 9.635001183
0.999996543 0.002648961 0.000096789 0.210261330 -0.002649236 0.999992073 0.002957558 -0.328925192 -0.000088954 -0.002957804 0.999995589 9.968516350
0.999996185 0.002760161 0.000006281 0.213780493 -0.002760167 0.999991536 0.003031322 -0.339190692 0.000002086 -0.003031327 0.999995351 10.345011711
0.999995708 0.002922508 0.000007552 0.223688290 -0.002922517 0.999990225 0.003313522 -0.350837469 0.000002132 -0.003313530 0.999994516 10.689426422
0.999995947 0.002838427 0.000225229 0.229678571 -0.002839096 0.999991417 0.003030888 -0.355287611 -0.000216624 -0.003031515 0.999995470 11.064907074
0.999995172 0.003106112 -0.000024157 0.239945978 -0.003106022 0.999990344 0.003108626 -0.367241204 0.000033812 -0.003108536 0.999995172 11.438369751
0.999996185 0.002733392 0.000191628 0.248375535 -0.002734069 0.999989629 0.003627488 -0.376019150 -0.000181711 -0.003627998 0.999993384 11.823588371
0.999996006 0.002817350 -0.000076502 0.257703692 -0.002817093 0.999991000 0.003181235 -0.388510883 0.000085464 -0.003181007 0.999994934 12.206010818
0.999996662 0.002579757 -0.000073766 0.266987473 -0.002579516 0.999992013 0.003088178 -0.398198664 0.000081732 -0.003087978 0.999995232 12.597382545
0.999996901 0.002477658 0.000089069 0.271996468 -0.002477913 0.999992430 0.002987476 -0.404738247 -0.000081666 -0.002987687 0.999995530 12.992793083
0.999995887 0.002861410 0.000020745 0.281169653 -0.002861461 0.999991059 0.003097023 -0.416738361 -0.000011883 -0.003097069 0.999995232 13.398314476
0.999996185 0.002733298 0.000403853 0.291441947 -0.002734605 0.999990880 0.003272546 -0.428874135 -0.000394905 -0.003273637 0.999994636 13.799260139
0.999996245 0.002722034 0.000341603 0.295363605 -0.002723118 0.999991119 0.003214531 -0.438285500 -0.000332849 -0.003215449 0.999994755 14.227262497
0.999996960 0.002435319 0.000315062 0.310063839 -0.002436363 0.999991417 0.003357392 -0.453893065 -0.000306883 -0.003358149 0.999994338 14.647934914
0.999994457 0.003086343 0.001248901 0.311062455 -0.003090467 0.999989748 0.003313255 -0.463867843 -0.001238662 -0.003317097 0.999993742 15.078972816
0.999996245 0.002627669 0.000671334 0.330685914 -0.002630001 0.999990404 0.003497723 -0.477850437 -0.000662137 -0.003499476 0.999993622 15.515131950
0.999996364 0.002463585 0.001033324 0.340454847 -0.002467203 0.999990761 0.003514986 -0.490842670 -0.001024655 -0.003517523 0.999993205 15.952754021
0.999996364 0.002494463 0.001000368 0.353110552 -0.002498178 0.999989927 0.003729697 -0.503877640 -0.000991055 -0.003732183 0.999992490 16.396722794
0.999995947 0.002520210 0.001422308 0.359639883 -0.002525430 0.999990046 0.003680386 -0.516216040 -0.001413019 -0.003683963 0.999992132 16.840221405
0.999994457 0.002812253 0.001775726 0.367757767 -0.002818883 0.999989033 0.003742786 -0.527313054 -0.001765181 -0.003747771 0.999991417 17.305671692
0.999994099 0.002722870 0.002091519 0.375081480 -0.002731290 0.999988079 0.004033123 -0.539884329 -0.002080514 -0.004038811 0.999989688 17.768806458
0.999992549 0.002850874 0.002577603 0.383280575 -0.002861103 0.999988019 0.003973654 -0.548967659 -0.002566243 -0.003981000 0.999988735 18.236022949
0.999990642 0.003174504 0.002923533 0.393439472 -0.003187151 0.999985576 0.004331712 -0.560371816 -0.002909738 -0.004340990 0.999986291 18.712774277
0.999991238 0.003058122 0.002861625 0.407230586 -0.003069418 0.999987483 0.003951336 -0.572311103 -0.002849507 -0.003960085 0.999988079 19.187721252
0.999992311 0.002765082 0.002804297 0.423864335 -0.002777500 0.999986291 0.004433952 -0.588652849 -0.002791998 -0.004441706 0.999986231 19.660823822
0.999992132 0.002495270 0.003113424 0.434764415 -0.002511726 0.999982834 0.005293029 -0.610117733 -0.003100164 -0.005300807 0.999981165 20.122579575
0.999990165 0.003221729 0.003043922 0.446616352 -0.003234465 0.999986053 0.004188555 -0.613933146 -0.003030385 -0.004198359 0.999986649 20.637231827
0.999993026 0.002806764 0.002441456 0.454699129 -0.002817146 0.999986887 0.004259085 -0.623580813 -0.002429471 -0.004265933 0.999987960 21.155185699
0.999991179 0.003357721 0.002514222 0.458609253 -0.003367702 0.999986351 0.003976315 -0.629900038 -0.002500836 -0.003984747 0.999988973 21.664726257
0.999991536 0.003561693 0.002045200 0.459547341 -0.003569473 0.999986291 0.003813010 -0.642258883 -0.002031592 -0.003820278 0.999990702 22.170545578
0.999995947 0.002678033 0.000982438 0.484391272 -0.002682768 0.999984622 0.004849783 -0.666406691 -0.000969435 -0.004852399 0.999987781 22.690757751
0.999994814 0.003167826 0.000615896 0.490120977 -0.003170740 0.999983490 0.004788537 -0.680970788 -0.000600717 -0.004790465 0.999988317 23.207084656
0.999994934 0.003176868 0.000181140 0.499864042 -0.003177674 0.999984205 0.004637221 -0.695923209 -0.000166406 -0.004637774 0.999989271 23.729990005
0.999997497 0.002206890 -0.000428034 0.508121550 -0.002205169 0.999989629 0.003980557 -0.706157386 0.000436815 -0.003979603 0.999992013 24.264072418
0.999995053 0.003068398 -0.000752635 0.514250398 -0.003064767 0.999983907 0.004779370 -0.722409308 0.000767288 -0.004777039 0.999988317 24.793134689
0.999991357 0.003803591 -0.001630631 0.524777174 -0.003796242 0.999982655 0.004486822 -0.732010663 0.001647668 -0.004480593 0.999988616 25.339384079
0.999989867 0.004257772 -0.001394693 0.524161935 -0.004251471 0.999980867 0.004489763 -0.739797890 0.001413782 -0.004483789 0.999988973 25.886728287
0.999990642 0.003636497 -0.002346381 0.538574874 -0.003626400 0.999984205 0.004292758 -0.757230461 0.002361955 -0.004284209 0.999988019 26.444847107
0.999991298 0.003157176 -0.002731887 0.548008800 -0.003144909 0.999984980 0.004483024 -0.766928315 0.002746000 -0.004474394 0.999986231 26.993375778
0.999990404 0.003160668 -0.003030445 0.555117965 -0.003146172 0.999983609 0.004776136 -0.783388913 0.003045491 -0.004766556 0.999984026 27.536275864
0.999986112 0.004826559 -0.002092330 0.537343442 -0.004818209 0.999980509 0.003977063 -0.783455253 0.002111484 -0.003966926 0.999989927 28.087636948
0.999983907 0.004481561 -0.003475114 0.562543273 -0.004462230 0.999974668 0.005550697 -0.823489428 0.003499902 -0.005535101 0.999978542 28.628044128
0.999981999 0.004672475 -0.003765583 0.569644749 -0.004651843 0.999974310 0.005469240 -0.833486438 0.003791041 -0.005451625 0.999978006 29.174964905
0.999979615 0.004873211 -0.004129547 0.579905033 -0.004850020 0.999972522 0.005607180 -0.850146115 0.004156759 -0.005587038 0.999975681 29.734975815
0.999979317 0.004789712 -0.004283950 0.581883192 -0.004764791 0.999971807 0.005808591 -0.863327026 0.004311649 -0.005788059 0.999973953 30.281150818
0.999977589 0.004942229 -0.004509693 0.592288733 -0.004916755 0.999972105 0.005642472 -0.876697302 0.004537453 -0.005620173 0.999973893 30.831949234
0.999976695 0.004943300 -0.004708150 0.600376666 -0.004916880 0.999972165 0.005606699 -0.889422297 0.004735735 -0.005583419 0.999973118 31.373607635
0.999973893 0.005230368 -0.004987374 0.608050466 -0.005201906 0.999970198 0.005702686 -0.901657283 0.005017052 -0.005676593 0.999971330 31.924375534
0.999977410 0.004667725 -0.004855380 0.622788191 -0.004637481 0.999969900 0.006221848 -0.921000183 0.004884276 -0.006199190 0.999968886 32.460136414
0.999972999 0.005156458 -0.005230520 0.625766575 -0.005125346 0.999969184 0.005944506 -0.928143799 0.005261011 -0.005917537 0.999968648 33.018375397
0.999968410 0.005460192 -0.005768912 0.638132930 -0.005426435 0.999968231 0.005851132 -0.945003033 0.005800676 -0.005819643 0.999966264 33.548980713
0.999968529 0.005733958 -0.005484308 0.638317466 -0.005702300 0.999967039 0.005770832 -0.951003075 0.005517218 -0.005739377 0.999968231 34.128341675
0.999970496 0.005050201 -0.005795505 0.644183993 -0.005016390 0.999970317 0.005833790 -0.967060328 0.005824795 -0.005804545 0.999966145 34.667488098
0.999970496 0.005379825 -0.005509706 0.650394917 -0.005347891 0.999968886 0.005794497 -0.977772772 0.005540709 -0.005764860 0.999968052 35.217132568
0.999972880 0.005473734 -0.004921627 0.652842045 -0.005446475 0.999969840 0.005534903 -0.988157630 0.004951776 -0.005507948 0.999972582 35.765907288
0.999968469 0.005274957 -0.005936089 0.666136324 -0.005241409 0.999970257 0.005652968 -0.998038411 0.005965731 -0.005621677 0.999966383 36.309543610
0.999966383 0.005985771 -0.005618563 0.669202089 -0.005956757 0.999968886 0.005166490 -1.005269051 0.005649313 -0.005132847 0.999970913 36.864601135
0.999966264 0.006747189 -0.004682390 0.665676534 -0.006723689 0.999964774 0.005016510 -1.017393827 0.004716073 -0.004984858 0.999976397 37.412597656
0.999963105 0.006068219 -0.006084821 0.688382864 -0.006036654 0.999968290 0.005192586 -1.031628251 0.006116138 -0.005155662 0.999967992 37.967033386
0.999967694 0.005626128 -0.005753993 0.691303253 -0.005595833 0.999970496 0.005267479 -1.044188142 0.005783458 -0.005235110 0.999969542 38.514976501
0.999962509 0.006926740 -0.005191435 0.694618702 -0.006900642 0.999963582 0.005028412 -1.054217815 0.005226075 -0.004992399 0.999973893 39.064529419
0.999960184 0.006523046 -0.006090010 0.707612157 -0.006489764 0.999963999 0.005468895 -1.072083592 0.006125464 -0.005429155 0.999966502 39.613346100
0.999958396 0.006843101 -0.006016306 0.721375346 -0.006806889 0.999958754 0.006018835 -1.090204477 0.006057244 -0.005977633 0.999963820 40.153121948
0.999956667 0.007102472 -0.006018015 0.735259712 -0.007068222 0.999958754 0.005693567 -1.106804609 0.006058205 -0.005650782 0.999965727 40.690700531
0.999955773 0.006341561 -0.006946384 0.741566122 -0.006304635 0.999965966 0.005325051 -1.109718680 0.006979917 -0.005281022 0.999961674 41.266307831
0.999955952 0.006814607 -0.006459945 0.749732375 -0.006781756 0.999964058 0.005093776 -1.115214467 0.006494426 -0.005049742 0.999966085 41.819541931
0.999952555 0.006879015 -0.006903192 0.768783033 -0.006841628 0.999961853 0.005424912 -1.139071703 0.006940248 -0.005377425 0.999961436 42.355354309
0.999948382 0.007501353 -0.006853101 0.758153737 -0.007465969 0.999958694 0.005174214 -1.138406873 0.006891632 -0.005122781 0.999963105 42.931583405
0.999951959 0.007142836 -0.006708407 0.768747330 -0.007106783 0.999960244 0.005382817 -1.152364135 0.006746588 -0.005334883 0.999962986 43.470802307
0.999951303 0.007852178 -0.005973591 0.772857964 -0.007827319 0.999960601 0.004173665 -1.152041316 0.006006128 -0.004126705 0.999973416 44.029682159
0.999955416 0.006693490 -0.006678761 0.772253990 -0.006658381 0.999963999 0.005265403 -1.175321817 0.006713765 -0.005220697 0.999963820 44.578704834
0.999952376 0.007642432 -0.006073330 0.775090694 -0.007613384 0.999959588 0.004791712 -1.184254766 0.006109704 -0.004745245 0.999970078 45.134757996
0.999954820 0.007699285 -0.005563739 0.784314752 -0.007675932 0.999961734 0.004206509 -1.185817003 0.005595912 -0.004163612 0.999975622 45.659011841
0.999953151 0.007069061 -0.006616623 0.794840217 -0.007035626 0.999962449 0.005062893 -1.212801814 0.006652164 -0.005016104 0.999965310 46.228290558
0.999955952 0.006613365 -0.006666197 0.804486632 -0.006581725 0.999967039 0.004757081 -1.227190137 0.006697436 -0.004712996 0.999966502 46.772789001
0.999951303 0.007188642 -0.006759986 0.809334874 -0.007153820 0.999961019 0.005161308 -1.239307523 0.006796826 -0.005112697 0.999963820 47.320644379
0.999954700 0.007195884 -0.006232801 0.808354735 -0.007166355 0.999963105 0.004747172 -1.246283770 0.006266731 -0.004702291 0.999969304 47.864032745
0.999952674 0.007933068 -0.005624484 0.806365252 -0.007908436 0.999959052 0.004388439 -1.251516223 0.005659067 -0.004343750 0.999974549 48.423019409
0.999954283 0.007029148 -0.006486702 0.818767309 -0.006994203 0.999961019 0.005394249 -1.275738358 0.006524366 -0.005348634 0.999964416 48.976459503
0.999957740 0.006662698 -0.006327291 0.829748631 -0.006627786 0.999962866 0.005522720 -1.290127754 0.006363851 -0.005480552 0.999964774 49.518329620
0.999957860 0.007305797 -0.005562698 0.834513605 -0.007277132 0.999960303 0.005156236 -1.302716136 0.005600146 -0.005115539 0.999971271 50.064491272
0.999954343 0.007045978 -0.006454322 0.842490315 -0.007012775 0.999962151 0.005152517 -1.311096191 0.006490383 -0.005107019 0.999965906 50.623359680
0.999952614 0.007610632 -0.006066137 0.846490145 -0.007583570 0.999961257 0.004471715 -1.321165085 0.006099934 -0.004425500 0.999971628 51.171508789
0.999959946 0.007153599 -0.005387491 0.849988639 -0.007128824 0.999964058 0.004604204 -1.333428025 0.005420234 -0.004565613 0.999974906 51.718929291
0.999953806 0.006938769 -0.006649206 0.859949231 -0.006909228 0.999966145 0.004455637 -1.345209122 0.006679899 -0.004409490 0.999967992 52.280273438
0.999957800 0.006833964 -0.006132386 0.865272164 -0.006814155 0.999971449 0.003245232 -1.350589037 0.006154390 -0.003203309 0.999975920 52.829757690
0.999959052 0.007626792 -0.004864016 0.856109738 -0.007609143 0.999964416 0.003637063 -1.365209341 0.004891581 -0.003599903 0.999981523 53.378078461
0.999952912 0.007588427 -0.006044599 0.872568905 -0.007560881 0.999960959 0.004567026 -1.386016369 0.006079020 -0.004521109 0.999971330 53.941223145
0.999956191 0.007487831 -0.005613186 0.881704092 -0.007461824 0.999961376 0.004640175 -1.400500059 0.005647715 -0.004598087 0.999973476 54.489856720
0.999951422 0.008039974 -0.005703472 0.881020665 -0.008015251 0.999958456 0.004344304 -1.405000806 0.005738162 -0.004298378 0.999974310 55.039459229
0.999952734 0.008210666 -0.005200245 0.880691767 -0.008189210 0.999957919 0.004133804 -1.417643189 0.005233966 -0.004091022 0.999977946 55.585155487
0.999951661 0.007902407 -0.005846309 0.899897635 -0.007877098 0.999959588 0.004339355 -1.433011055 0.005880363 -0.004293093 0.999973476 56.136985779
0.999954462 0.007317706 -0.006124471 0.906834304 -0.007291695 0.999964356 0.004258737 -1.443362951 0.006155417 -0.004213886 0.999972165 56.685699463
0.999950111 0.007746531 -0.006295090 0.933778882 -0.007714740 0.999957383 0.005058726 -1.475211382 0.006334009 -0.005009909 0.999967396 57.207210541
0.999952078 0.007904955 -0.005764851 0.924637139 -0.007879497 0.999959171 0.004425198 -1.468790293 0.005799595 -0.004379562 0.999973595 57.777187347
0.999948800 0.007202726 -0.007101765 0.940820575 -0.007171810 0.999964774 0.004369206 -1.485937715 0.007132984 -0.004318050 0.999965250 58.326152802
0.999951839 0.007967897 -0.005748251 0.940228283 -0.007944304 0.999959886 0.004115502 -1.494312525 0.005780814 -0.004069638 0.999975026 58.857421875
0.999950826 0.008393535 -0.005282495 0.941530108 -0.008373225 0.999957502 0.003854880 -1.501679420 0.005314627 -0.003810459 0.999978662 59.406723022
0.999956369 0.008178675 -0.004511707 0.940467715 -0.008161294 0.999959290 0.003857180 -1.517030716 0.004543071 -0.003820191 0.999982417 59.954559326
0.999948978 0.008154101 -0.005954559 0.960076869 -0.008133670 0.999960899 0.003447588 -1.520322800 0.005982438 -0.003398979 0.999976337 60.502147675
0.999947131 0.008744612 -0.005403411 0.960601807 -0.008724375 0.999954820 0.003757635 -1.530815840 0.005436025 -0.003710295 0.999978364 61.061492920
0.999947667 0.008594994 -0.005536990 0.969026566 -0.008575490 0.999956965 0.003536547 -1.545611024 0.005567147 -0.003488880 0.999978364 61.602851868
0.999949813 0.008661749 -0.005022809 0.975332618 -0.008644261 0.999956489 0.003493099 -1.558306098 0.005052847 -0.003449506 0.999981225 62.150196075
0.999945283 0.008836938 -0.005585108 0.985896766 -0.008819301 0.999956071 0.003174510 -1.565567136 0.005612917 -0.003125080 0.999979377 62.706111908
0.999949574 0.008567705 -0.005239229 0.992542267 -0.008550895 0.999958277 0.003222652 -1.581021070 0.005266622 -0.003177689 0.999981105 63.252185822
0.999949753 0.008946764 -0.004527950 0.980698586 -0.008931286 0.999954283 0.003427374 -1.591148496 0.004558407 -0.003386762 0.999983966 63.829116821
0.999947727 0.008540769 -0.005612901 1.009644508 -0.008522195 0.999958158 0.003324360 -1.607460618 0.005641059 -0.003276352 0.999978721 64.356918335
0.999945998 0.009103621 -0.005000128 1.008376122 -0.009090723 0.999955297 0.002595843 -1.616174221 0.005023536 -0.002550249 0.999984086 64.907180786
0.999947786 0.009096094 -0.004669980 1.019633889 -0.009079874 0.999952793 0.003483061 -1.630977631 0.004701440 -0.003440476 0.999983072 65.449493408
0.999944627 0.008809458 -0.005755374 1.038281322 -0.008793162 0.999957263 0.002850867 -1.638759494 0.005780242 -0.002800101 0.999979377 65.989974976
0.999951243 0.008542779 -0.004948060 1.044255733 -0.008529836 0.999960124 0.002631016 -1.648860455 0.004970340 -0.002588681 0.999984264 66.546455383
0.999951482 0.008610182 -0.004788021 1.049649954 -0.008600777 0.999961078 0.001980952 -1.656736374 0.004804892 -0.001939675 0.999986529 67.099708557
0.999942958 0.008990659 -0.005769687 1.057301283 -0.008973283 0.999955118 0.003030597 -1.680920601 0.005796675 -0.002978651 0.999978781 67.636184692
0.999943197 0.009375958 -0.005067971 1.057913184 -0.009363571 0.999953091 0.002462479 -1.689443469 0.005090821 -0.002414884 0.999984205 68.184700012
0.999940395 0.009850010 -0.004706953 1.061944008 -0.009837260 0.999947846 0.002724103 -1.709131360 0.004733539 -0.002677637 0.999985218 68.722343445
0.999940455 0.009409671 -0.005521619 1.074394345 -0.009394728 0.999952137 0.002725555 -1.717042446 0.005547001 -0.002673518 0.999981046 69.256874084
0.999948323 0.008910654 -0.004873181 1.074288368 -0.008899771 0.999957800 0.002249994 -1.721537352 0.004893025 -0.002206508 0.999985635 69.814010620
0.999943316 0.009730253 -0.004313210 1.087630630 -0.009721927 0.999950826 0.001947108 -1.734368801 0.004331945 -0.001905065 0.999988794 70.353538513
0.999944031 0.009664450 -0.004334765 1.074397206 -0.009651435 0.999948859 0.003013718 -1.760638356 0.004363670 -0.002971713 0.999986053 70.875892639
0.999943674 0.009709446 -0.004286029 1.084604383 -0.009694605 0.999947011 0.003469981 -1.776988626 0.004319493 -0.003428235 0.999984741 71.427253723
0.999942005 0.009774692 -0.004517944 1.091638446 -0.009760244 0.999947190 0.003209003 -1.793206811 0.004549074 -0.003164721 0.999984622 71.959472656
0.999942899 0.009396298 -0.005071567 1.109693289 -0.009378715 0.999949932 0.003479479 -1.811441898 0.005104008 -0.003431716 0.999980986 72.497795105
0.999935269 0.010566765 -0.004252558 1.100887299 -0.010555275 0.999940574 0.002715681 -1.814168334 0.004281002 -0.002670618 0.999987245 73.040016174
0.999939084 0.010330237 -0.003916266 1.112911105 -0.010317700 0.999941587 0.003208060 -1.832681298 0.003949178 -0.003167457 0.999987245 73.587387085
0.999941647 0.010166120 -0.003654776 1.116403222 -0.010156812 0.999945104 0.002556271 -1.840659857 0.003680563 -0.002519001 0.999990046 74.140403748
0.999939024 0.010033933 -0.004607071 1.130787134 -0.010020476 0.999945462 0.002934917 -1.852411509 0.004636269 -0.002888573 0.999985099 74.658119202
0.999937713 0.010130217 -0.004666581 1.141838312 -0.010115962 0.999944150 0.003067979 -1.866031885 0.004697399 -0.003020581 0.999984384 75.195945740
0.999937415 0.010068091 -0.004876864 1.153434396 -0.010050930 0.999943256 0.003531002 -1.887686610 0.004912138 -0.003481764 0.999981880 75.725143433
0.999937654 0.010026539 -0.004899155 1.157601833 -0.010012274 0.999945581 0.002927540 -1.893646479 0.004928240 -0.002878306 0.999983728 76.268547058
0.999927878 0.010944561 -0.004922177 1.164338946 -0.010925557 0.999932885 0.003871186 -1.915250659 0.004964214 -0.003817129 0.999980450 76.806907654
0.999933898 0.010440951 -0.004800962 1.183382154 -0.010422954 0.999938548 0.003758461 -1.934277773 0.004839908 -0.003708173 0.999981463 77.335670471
0.999941528 0.009589546 -0.004998848 1.183350325 -0.009575801 0.999950290 0.002766585 -1.931391597 0.005025130 -0.002718555 0.999983609 77.914497375
0.999939799 0.009806538 -0.004931245 1.192669749 -0.009788865 0.999945641 0.003595128 -1.955004692 0.004966233 -0.003546640 0.999981344 78.455619812
0.999937832 0.010181698 -0.004543262 1.194135070 -0.010168636 0.999944150 0.002888824 -1.962189555 0.004572420 -0.002842446 0.999985516 79.006835938
0.999939382 0.009644819 -0.005313436 1.210480213 -0.009626467 0.999947667 0.003468863 -1.980349302 0.005346614 -0.003417503 0.999979854 79.524070740
0.999939859 0.009916326 -0.004679358 1.214475155 -0.009904727 0.999947846 0.002495462 -1.989292979 0.004703858 -0.002448964 0.999985933 80.068298340
0.999937594 0.009966773 -0.005069866 1.223053217 -0.009952258 0.999946296 0.002880766 -2.001779795 0.005098307 -0.002830129 0.999983013 80.612129211
0.999940753 0.010136918 -0.003971222 1.231695175 -0.010123936 0.999943376 0.003275650 -2.017570496 0.004004202 -0.003235252 0.999986768 81.162292480
0.999946952 0.009899964 -0.002872199 1.243879676 -0.009891794 0.999947071 0.002845456 -2.030316830 0.002900217 -0.002816894 0.999991834 81.702156067
0.999940693 0.010789570 -0.001488769 1.252575040 -0.010785106 0.999937415 0.002974913 -2.044329643 0.001520776 -0.002958679 0.999994457 82.249404907
0.999941051 0.010855879 0.000019227 1.265630245 -0.010855888 0.999936342 0.003054416 -2.061592579 0.000013932 -0.003054445 0.999995351 82.782051086
0.999937177 0.010640511 0.003502792 1.281926870 -0.010650656 0.999939024 0.002891010 -2.073425055 -0.003471817 -0.002928135 0.999989688 83.334091187
0.999924123 0.010457867 0.006498942 1.301481605 -0.010478258 0.999940217 0.003111583 -2.080924273 -0.006466013 -0.003179445 0.999974072 83.843986511
0.999892592 0.011126874 0.009540956 1.327167749 -0.011155873 0.999933302 0.002991717 -2.108359098 -0.009507027 -0.003097833 0.999949992 84.416633606
0.999824643 0.011318932 0.014918758 1.346249700 -0.011363092 0.999931335 0.002878502 -2.121784687 -0.014885146 -0.003047520 0.999884605 84.968658447
0.999735653 0.010482041 0.020464264 1.381561279 -0.010531531 0.999941885 0.002312024 -2.136003256 -0.020438839 -0.002526933 0.999787867 85.513900757
0.999603331 0.011257590 0.025815653 1.401477575 -0.011324856 0.999932826 0.002460880 -2.148417950 -0.025786215 -0.002752263 0.999663711 86.051956177
0.999436319 0.010960785 0.031731125 1.435982466 -0.011045088 0.999935865 0.002482757 -2.160538912 -0.031701874 -0.002831830 0.999493361 86.597305298
0.999125898 0.011257855 0.040257949 1.460098028 -0.011392615 0.999930203 0.003119567 -2.180467844 -0.040220018 -0.003575482 0.999184430 87.140151978
0.998741150 0.011503179 0.048824877 1.505460024 -0.011669796 0.999926984 0.003128875 -2.195413113 -0.048785314 -0.003694712 0.998802543 87.691963196
0.998402834 0.011370198 0.055339776 1.546220541 -0.011540438 0.999929607 0.002757631 -2.207133770 -0.055304535 -0.003391872 0.998463750 88.221595764
0.997888327 0.010925068 0.064027086 1.605417728 -0.011104299 0.999935389 0.002444128 -2.218822718 -0.063996240 -0.003149942 0.997945130 88.757926941
0.997165203 0.011273784 0.074394353 1.666064262 -0.011538287 0.999928534 0.003126567 -2.242627382 -0.074353799 -0.003976087 0.997223973 89.271400452
0.996485472 0.010607452 0.083090387 1.724023342 -0.010850376 0.999938071 0.002472623 -2.249889374 -0.083059005 -0.003365495 0.996538937 89.842018127
0.995824993 0.009610523 0.090775266 1.795275211 -0.009845354 0.999949217 0.002139507 -2.260497570 -0.090750076 -0.003024288 0.995869100 90.390449524
0.994767070 0.010185253 0.101661302 1.867923737 -0.010450765 0.999943256 0.002079445 -2.270820379 -0.101634368 -0.003131001 0.994816899 90.925910950
0.993585944 0.010432360 0.112596944 1.940181732 -0.010708405 0.999941051 0.001847094 -2.284060717 -0.112571016 -0.003040981 0.993639052 91.460830688
0.992574930 0.009671411 0.121250182 2.023684502 -0.009945552 0.999949276 0.001655963 -2.294221878 -0.121228009 -0.002849567 0.992620587 91.966880798
0.991085768 0.010425891 0.132817000 2.119852066 -0.010810221 0.999939203 0.002172901 -2.319428205 -0.132786304 -0.003589312 0.991138220 92.583374023
0.989437580 0.009725003 0.144632623 2.223902702 -0.010118145 0.999946833 0.001982875 -2.335247755 -0.144605651 -0.003425345 0.989483535 93.115486145
0.987831831 0.009799540 0.155216917 2.329483986 -0.010275413 0.999944687 0.002263808 -2.354090929 -0.155186146 -0.003831180 0.987877846 93.657142639
0.986174643 0.009285939 0.165448949 2.446256638 -0.009719051 0.999951124 0.001808391 -2.364356279 -0.165424064 -0.003391396 0.986216664 94.194595337
0.983799756 0.009718379 0.179007113 2.556046486 -0.010184838 0.999946713 0.001686975 -2.377491951 -0.178981185 -0.003482804 0.983846307 94.728500366
0.981548429 0.008705121 0.191015199 2.689938545 -0.009226974 0.999955714 0.001842718 -2.396742821 -0.190990686 -0.003571210 0.981585324 95.260536194
0.979566216 0.009269617 0.200908124 2.817232132 -0.009848331 0.999949753 0.001881164 -2.411076069 -0.200880587 -0.003821334 0.979608297 95.789299011
0.976720452 0.009054485 0.214324981 2.961643219 -0.009684297 0.999951303 0.001888749 -2.431594610 -0.214297444 -0.003920367 0.976760626 96.320007324
0.973942399 0.008895338 0.226620734 3.126684189 -0.009725556 0.999949455 0.002547176 -2.467020035 -0.226586610 -0.004684816 0.973979712 96.801567078
0.970784664 0.008649706 0.239796504 3.219892502 -0.009270907 0.999955952 0.001462614 -2.445959330 -0.239773288 -0.003643014 0.970822096 97.395828247
0.967675626 0.007887047 0.252074897 3.378868103 -0.008435890 0.999963760 0.001096672 -2.464684725 -0.252057135 -0.003187698 0.967707038 97.920722961
0.964051485 0.008015007 0.265594453 3.556833267 -0.008672501 0.999961555 0.001302888 -2.479442596 -0.265573770 -0.003559419 0.964083910 98.446571350
0.960784256 0.008189595 0.277176112 3.729539871 -0.009107251 0.999956489 0.002023494 -2.512733459 -0.277147412 -0.004468453 0.960817039 98.960189819
0.957562804 0.007356990 0.288130701 3.908414841 -0.008372593 0.999962330 0.002292614 -2.529316187 -0.288102955 -0.004607724 0.957588375 99.473365784
0.953386605 0.006938648 0.301671743 4.099729538 -0.007901572 0.999966860 0.001971791 -2.537744761 -0.301648021 -0.004263561 0.953409791 99.983436584
0.948759973 0.006186712 0.315936923 4.272981644 -0.006785605 0.999976635 0.000795552 -2.537119627 -0.315924555 -0.002898610 0.948779881 100.497238159
0.944913447 0.005684363 0.327271044 4.474462509 -0.006208667 0.999980509 0.000557338 -2.546633482 -0.327261597 -0.002558553 0.944930315 101.009620667
0.939954937 0.005034796 0.341261446 4.666841507 -0.005643023 0.999983907 0.000789637 -2.570722818 -0.341251850 -0.002667969 0.939968109 101.534332275
0.934578240 0.005139527 0.355720609 4.885137558 -0.005682742 0.999983788 0.000482186 -2.581618786 -0.355712354 -0.002472109 0.934592187 102.045890808
0.929796040 0.004431223 0.368048400 5.101182938 -0.005070925 0.999986827 0.000770990 -2.596727848 -0.368040055 -0.002583210 0.929806352 102.556167603
0.925011694 0.004587324 0.379910767 5.322938919 -0.005134629 0.999986827 0.000427285 -2.611887455 -0.379903704 -0.002345944 0.925023019 103.046920776
0.919723094 0.003615024 0.392551064 5.576789856 -0.004293668 0.999990344 0.000850834 -2.635542154 -0.392544180 -0.002468015 0.919729829 103.547737122
0.913830042 0.002755242 0.406087548 5.821743011 -0.003163680 0.999994934 0.000334504 -2.643652201 -0.406084567 -0.001590411 0.913834095 104.041175842
0.908842921 0.002756999 0.417129427 6.069358826 -0.003188364 0.999994874 0.000337395 -2.665860653 -0.417126417 -0.001636600 0.908846974 104.517990112
0.902654588 0.002006783 0.430361122 6.339347839 -0.002075412 0.999997735 -0.000309970 -2.671165466 -0.430360734 -0.000613381 0.902656734 105.027595520
0.896095812 0.001774748 0.443857282 6.595958710 -0.001924719 0.999998152 -0.000112676 -2.694340944 -0.443856686 -0.000753332 0.896097422 105.469909668
0.890122950 0.001718927 0.455717117 6.849285126 -0.002082354 0.999997795 0.000295421 -2.690442085 -0.455715775 -0.001211926 0.890124440 105.990707397
0.884376287 0.001398108 0.466772467 7.122425079 -0.001722090 0.999998510 0.000267517 -2.699942112 -0.466771394 -0.001040410 0.884377420 106.487991333
0.877298117 0.000833922 0.479945123 7.409603119 -0.001167679 0.999999225 0.000396880 -2.720494747 -0.479944438 -0.000908604 0.877298474 106.936569214
