1.000000000 0.000000000 0.000000000 0.000000000 0.000000000 1.000000000 0.000000000 0.000000000 0.000000000 0.000000000 1.000000000 0.000000000
1.000000000 0.000016333 -0.000069216 0.002700894 -0.000016327 1.000000000 0.000095712 -0.000064454 0.000069217 -0.000095711 1.000000000 -0.000839107
0.999999940 -0.000195250 -0.000188208 0.005712478 0.000195260 1.000000000 0.000053859 0.000539198 0.000188197 -0.000053896 1.000000000 0.002835866
1.000000000 -0.000031343 -0.000110074 0.005569472 0.000031334 1.000000000 -0.000088821 0.001286183 0.000110076 0.000088818 1.000000000 0.001766603
1.000000000 -0.000002843 -0.000194656 0.007632461 0.000002836 1.000000000 -0.000033173 0.002109079 0.000194656 0.000033173 1.000000000 -0.002207060
1.000000000 -0.000169622 -0.000048853 -0.003449273 0.000169623 1.000000000 0.000022118 -0.000724526 0.000048849 -0.000022126 1.000000000 -0.006167997
1.000000000 -0.000159197 -0.000075165 0.000950813 0.000159194 1.000000000 -0.000047500 0.000361802 0.000075173 0.000047488 1.000000000 -0.008418328
1.000000000 -0.000037655 -0.000026965 0.001218840 0.000037655 1.000000000 -0.000026964 0.000471562 0.000026966 0.000026963 1.000000000 -0.001459123
1.000000000 -0.000125853 -0.000101305 0.005873167 0.000125858 1.000000000 0.000047008 -0.001418923 0.000101299 -0.000047020 1.000000000 0.002006326
1.000000000 -0.000177817 -0.000103988 0.002808319 0.000177821 1.000000000 0.000037420 -0.000788950 0.000103981 -0.000037439 1.000000000 -0.005076986
0.999999940 -0.000287485 -0.000258488 0.008583026 0.000287472 0.999999940 -0.000050853 0.000091778 0.000258502 0.000050779 0.999999940 0.002332691
1.000000000 -0.000116356 -0.000128243 0.003074969 0.000116357 1.000000000 0.000008787 -0.001132719 0.000128242 -0.000008802 1.000000000 -0.000908928
0.999999940 -0.000348779 -0.000045424 0.000335275 0.000348782 0.999999940 0.000073716 -0.001681509 0.000045398 -0.000073732 1.000000000 -0.004380836
0.999999881 -0.000474922 -0.000175542 0.001527531 0.000474925 0.999999881 0.000012030 -0.000922335 0.000175537 -0.000012113 1.000000000 -0.001153462
1.000000000 -0.000130724 -0.000149084 0.004530838 0.000130711 1.000000000 -0.000083771 0.000798205 0.000149095 0.000083752 1.000000000 0.002525388
1.000000000 0.000082620 -0.000028915 0.001074388 -0.000082618 1.000000000 0.000050253 0.001725871 0.000028919 -0.000050251 1.000000000 -0.007477039
0.999999940 -0.000306895 -0.000139899 0.003961740 0.000306894 0.999999940 -0.000002071 0.000590400 0.000139900 0.000002028 1.000000000 -0.004130469
0.999999940 -0.000183643 -0.000182333 0.003663157 0.000183641 1.000000000 -0.000011804 -0.000720598 0.000182335 0.000011770 1.000000000 -0.007548898
1.000000000 -0.000045386 -0.000015669 0.002223302 0.000045387 1.000000000 0.000049176 -0.000238741 0.000015666 -0.000049177 1.000000000 -0.005382654
1.000000000 -0.000118208 -0.000023975 0.003307545 0.000118210 1.000000000 0.000080223 -0.001725893 0.000023966 -0.000080226 1.000000000 -0.004292022
0.999999940 -0.000286452 -0.000206984 0.007409663 0.000286459 0.999999940 0.000032819 -0.000784392 0.000206974 -0.000032878 1.000000000 -0.000068370
0.999999881 -0.000410367 -0.000213322 0.005812004 0.000410381 0.999999940 0.000062544 -0.000068580 0.000213296 -0.000062632 1.000000000 0.003237347
0.999999881 -0.000316623 -0.000307595 0.010393977 0.000316636 0.999999940 0.000040366 -0.001236668 0.000307582 -0.000040463 0.999999940 -0.002399282
0.999999940 -0.000262185 -0.000164171 0.006446723 0.000262198 0.999999940 0.000079251 -0.001068418 0.000164150 -0.000079294 1.000000000 -0.000185367
1.000000000 -0.000135392 -0.000053616 0.003616334 0.000135389 1.000000000 -0.000041461 -0.000363188 0.000053622 0.000041454 1.000000000 0.001902466
1.000000000 -0.000123363 -0.000029000 0.000471904 0.000123367 1.000000000 0.000124498 -0.000233774 0.000028985 -0.000124502 1.000000000 -0.004520196
0.999999881 -0.000455087 -0.000210728 0.004615436 0.000455103 0.999999881 0.000073911 0.001271406 0.000210694 -0.000074007 1.000000000 -0.005440859
1.000000000 -0.000157733 -0.000161602 0.005533250 0.000157759 1.000000000 0.000161618 -0.000583495 0.000161576 -0.000161643 1.000000000 0.002122772
0.999999940 -0.000308852 -0.000204421 0.004846031 0.000308881 0.999999940 0.000140437 -0.000183023 0.000204378 -0.000140500 0.999999940 0.006919514
0.999999881 -0.000403713 -0.000247359 0.004120799 0.000403750 0.999999881 0.000147784 0.000153526 0.000247300 -0.000147884 0.999999940 0.000250452
0.999999881 -0.000408598 -0.000292979 0.007828832 0.000408622 0.999999940 0.000082217 -0.000935951 0.000292946 -0.000082337 0.999999940 -0.000360963
0.999999940 -0.000182377 -0.000209638 0.007019279 0.000182385 1.000000000 0.000040955 0.000083026 0.000209631 -0.000040993 1.000000000 0.002233180
1.000000000 -0.000175015 0.000034531 -0.000128964 0.000175013 1.000000000 0.000068077 0.000554551 -0.000034543 -0.000068071 1.000000000 -0.004015964
0.999999940 -0.000303765 -0.000243837 0.005558117 0.000303780 0.999999940 0.000059422 0.000450620 0.000243818 -0.000059496 0.999999940 0.003159758
0.999999940 -0.000236160 -0.000139412 0.003160271 0.000236167 1.000000000 0.000056024 0.002050307 0.000139398 -0.000056057 1.000000000 0.001275772
0.999999940 -0.000209132 -0.000130740 0.005810667 0.000209139 1.000000000 0.000054499 0.000368491 0.000130729 -0.000054526 1.000000000 0.002002240
0.999999881 -0.000344218 -0.000279332 0.006939385 0.000344280 0.999999940 0.000221933 -0.001745112 0.000279255 -0.000222029 0.999999940 0.000565258
0.999999821 -0.000500328 -0.000267656 0.003248271 0.000500355 0.999999881 0.000099159 -0.000532929 0.000267607 -0.000099293 0.999999940 -0.006599274
0.999999940 -0.000310634 -0.000218413 0.007149885 0.000310519 0.999999821 -0.000529318 -0.004050221 0.000218577 0.000529250 0.999999821 0.048485741
0.999999940 -0.000240794 -0.000340741 0.009972832 0.000240365 0.999999166 -0.001258881 -0.003448410 0.000341044 0.001258799 0.999999166 0.146303982
0.999999940 -0.000287084 -0.000225979 0.007486548 0.000286818 0.999999285 -0.001176172 -0.013678700 0.000226316 0.001176108 0.999999285 0.265378833
0.999999940 -0.000342174 -0.000134708 0.007650773 0.000342011 0.999999225 -0.001206715 -0.017994119 0.000135121 0.001206669 0.999999285 0.394498587
0.999999940 -0.000156241 -0.000344472 0.011223355 0.000155867 0.999999404 -0.001084186 -0.020292472 0.000344641 0.001084132 0.999999344 0.542395830
0.999999940 -0.000277820 -0.000218476 0.015353016 0.000277605 0.999999464 -0.000983397 -0.028455187 0.000218749 0.000983336 0.999999464 0.695457041
0.999999940 -0.000322161 0.000150889 0.016130703 0.000322281 0.999999642 -0.000797300 -0.030475125 -0.000150632 0.000797349 0.999999642 0.869708657
1.000000000 -0.000209041 0.000003814 0.016773261 0.000209043 0.999999821 -0.000586114 -0.034167856 -0.000003691 0.000586115 0.999999821 1.035071969
1.000000000 0.000030048 0.000119504 0.018936928 -0.000029953 0.999999702 -0.000792371 -0.032263462 -0.000119527 0.000792368 0.999999702 1.215615392
1.000000000 -0.000036390 -0.000190008 0.031597573 0.000036263 0.999999762 -0.000666797 -0.046447057 0.000190032 0.000666790 0.999999762 1.425236821
0.999999940 -0.000121900 -0.000313126 0.033152416 0.000121747 0.999999881 -0.000488760 -0.051840745 0.000313186 0.000488722 0.999999821 1.607664943
0.999999940 -0.000340154 0.000145840 0.031392314 0.000340184 0.999999940 -0.000201045 -0.066153489 -0.000145771 0.000201095 0.999999940 1.799447775
0.999998629 -0.001462483 0.000686028 0.014650232 0.001461179 0.999997139 0.001897530 -0.100972354 -0.000688802 -0.001896525 0.999997973 1.938793778
0.999998629 -0.001268395 0.001063107 0.017686628 0.001266539 0.999997735 0.001745259 -0.108956978 -0.001065318 -0.001743910 0.999997914 2.163484097
0.999998748 -0.001580691 0.000017810 0.035568018 0.001580655 0.999996901 0.001896819 -0.114115328 -0.000020808 -0.001896788 0.999998212 2.387303591
0.999998868 -0.001501635 -0.000017189 0.042395897 0.001501666 0.999997020 0.001926296 -0.121604070 0.000014296 -0.001926320 0.999998152 2.620578051
0.999998510 -0.001698663 0.000431141 0.042512219 0.001697802 0.999996603 0.001989665 -0.126284093 -0.000434519 -0.001988930 0.999997973 2.848082304
0.999998987 -0.001338126 0.000375903 0.048694834 0.001337401 0.999997199 0.001920812 -0.136566177 -0.000378472 -0.001920308 0.999998093 3.091796160
0.999999225 -0.001098396 0.000507291 0.052747231 0.001097598 0.999998093 0.001570972 -0.135224611 -0.000509016 -0.001570414 0.999998629 3.346874952
0.999999583 -0.000914471 0.000369556 0.050232038 0.000913773 0.999997854 0.001885767 -0.150178850 -0.000371280 -0.001885428 0.999998152 3.576483011
0.999999106 -0.001355089 0.000292027 0.069590338 0.001354469 0.999996901 0.002113909 -0.161817655 -0.000294891 -0.002113512 0.999997735 3.853662968
0.999996603 -0.002538586 -0.000480294 0.091758907 0.002539772 0.999993682 0.002485966 -0.178893775 0.000473980 -0.002487177 0.999996722 4.116571426
0.999997258 -0.002289714 -0.000435823 0.090993747 0.002291040 0.999992669 0.003066487 -0.189976931 0.000428799 -0.003067477 0.999995172 4.365653038
0.999997258 -0.002283798 -0.000441460 0.095860392 0.002285232 0.999992013 0.003276408 -0.198139220 0.000433973 -0.003277408 0.999994516 4.623817921
0.999997497 -0.002240310 -0.000257117 0.103467800 0.002241052 0.999993265 0.002926089 -0.199510306 0.000250559 -0.002926658 0.999995649 4.894299984
0.999998808 -0.001506466 0.000384906 0.098087110 0.001505328 0.999994516 0.002942442 -0.212004483 -0.000389336 -0.002941859 0.999995589 5.134630203
0.999994993 -0.003027223 -0.000841027 0.108512774 0.003030276 0.999988735 0.003652970 -0.228267342 0.000829959 -0.003655500 0.999992907 5.394100189
0.999997854 -0.001976655 -0.000663315 0.120970167 0.001978926 0.999992132 0.003440868 -0.227825820 0.000656509 -0.003442173 0.999993861 5.641039371
0.999995410 -0.002897873 -0.000921726 0.119549721 0.002901603 0.999987543 0.004071875 -0.242887110 0.000909914 -0.004074531 0.999991298 5.912905693
0.999994874 -0.003072101 -0.000905145 0.127990484 0.003075784 0.999986887 0.004095381 -0.247455537 0.000892551 -0.004098144 0.999991179 6.210035324
0.999997437 -0.002234360 0.000177946 0.116660789 0.002233721 0.999991357 0.003513126 -0.260071188 -0.000185794 -0.003512720 0.999993742 6.484501362
0.999998868 -0.001408590 0.000506681 0.115155615 0.001407054 0.999994516 0.003019380 -0.262914479 -0.000510932 -0.003018664 0.999995291 6.786040306
0.999997556 -0.002137044 0.000616037 0.121738426 0.002135306 0.999993920 0.002808120 -0.258468568 -0.000622034 -0.002806798 0.999995887 7.084815502
0.999997914 -0.001958889 0.000483021 0.130807489 0.001957507 0.999993980 0.002845748 -0.271736801 -0.000488592 -0.002844797 0.999995768 7.383737087
0.999998033 -0.001790290 0.000972774 0.129696444 0.001787311 0.999993801 0.003054464 -0.284374982 -0.000978236 -0.003052719 0.999994814 7.699018955
0.999997914 -0.001867756 0.000819850 0.140835941 0.001864834 0.999991894 0.003550419 -0.307503253 -0.000826475 -0.003548883 0.999993324 8.018676758
0.999997437 -0.002135549 0.000807390 0.147272229 0.002132783 0.999991894 0.003411602 -0.313189596 -0.000814669 -0.003409871 0.999993801 8.337751389
0.999996781 -0.002523809 0.000336629 0.156069770 0.002522613 0.999990702 0.003505427 -0.317407966 -0.000345473 -0.003504567 0.999993861 8.673089981
0.999997079 -0.002355330 0.000561025 0.161815852 0.002353278 0.999990702 0.003629635 -0.327746391 -0.000569568 -0.003628305 0.999993324 9.000045776
0.999997675 -0.002054049 0.000667306 0.170962244 0.002051620 0.999991298 0.003620552 -0.337356418 -0.000674737 -0.003619174 0.999993265 9.360238075
0.999994934 -0.003139884 0.000433327 0.176109716 0.003138068 0.999986529 0.004129194 -0.364747733 -0.000446286 -0.004127813 0.999991357 9.728900909
0.999996424 -0.002692000 0.000196534 0.186888561 0.002691149 0.999987602 0.004206163 -0.373233825 -0.000207854 -0.004205619 0.999991059 10.072297096
0.999998152 -0.001808598 0.000776343 0.176097006 0.001805149 0.999988616 0.004419985 -0.389633119 -0.000784328 -0.004418575 0.999989867 10.438593864
0.999996662 -0.002261191 0.001247773 0.170436323 0.002255336 0.999986529 0.004673239 -0.403501302 -0.001258323 -0.004670409 0.999988258 10.790281296
0.999995887 -0.002816732 0.000521721 0.205426186 0.002814206 0.999984622 0.004780620 -0.400703251 -0.000535179 -0.004779132 0.999988377 11.176048279
0.999995649 -0.002878603 0.000663473 0.200449616 0.002875002 0.999981403 0.005365916 -0.438172221 -0.000678906 -0.005363984 0.999985337 11.527102470
0.999994278 -0.003216586 0.001064192 0.209027082 0.003211147 0.999981940 0.005073456 -0.442442536 -0.001080492 -0.005070009 0.999986589 11.929619789
0.999994874 -0.003128241 0.000772718 0.220396131 0.003123913 0.999979794 0.005540148 -0.455945313 -0.000790033 -0.005537706 0.999984324 12.299452782
0.999996245 -0.002530734 0.001050653 0.225932255 0.002524676 0.999980330 0.005728448 -0.475269049 -0.001065130 -0.005725774 0.999983013 12.690643311
0.999995768 -0.002670905 0.001151954 0.233404398 0.002663912 0.999978244 0.006030029 -0.481388986 -0.001168035 -0.006026934 0.999981165 13.077181816
0.999994516 -0.003261625 0.000659378 0.256432861 0.003257548 0.999976158 0.006091106 -0.482925832 -0.000679229 -0.006088924 0.999981225 13.499145508
0.999995828 -0.002573201 0.001319935 0.248577386 0.002564849 0.999976933 0.006290115 -0.540415227 -0.001336090 -0.006286703 0.999979317 13.914591789
0.999997139 -0.002052892 0.001183442 0.254109442 0.002045180 0.999976873 0.006481164 -0.546447575 -0.001196719 -0.006478725 0.999978304 14.341485977
0.999994695 -0.002878106 0.001552972 0.267000437 0.002867818 0.999974191 0.006586330 -0.560514629 -0.001571888 -0.006581840 0.999977112 14.762577057
0.999993861 -0.002981404 0.001831053 0.272013158 0.002968594 0.999971390 0.006959150 -0.570121109 -0.001851748 -0.006953671 0.999974072 15.153324127
0.999991119 -0.003743843 0.001942047 0.288912714 0.003729363 0.999965549 0.007406498 -0.582653403 -0.001969710 -0.007399188 0.999970675 15.565230370
0.999993265 -0.002704057 0.002487493 0.310335368 0.002685486 0.999968648 0.007439134 -0.589769304 -0.002507531 -0.007432403 0.999969184 16.018972397
0.999993205 -0.002736126 0.002466920 0.295238286 0.002716660 0.999965429 0.007859794 -0.647402883 -0.002488339 -0.007853040 0.999966085 16.458530426
0.999992907 -0.002635623 0.002662088 0.311555773 0.002617195 0.999972761 0.006901957 -0.644915700 -0.002680206 -0.006894941 0.999972641 16.918792725
0.999991238 -0.002388841 0.003424771 0.314093679 0.002362554 0.999967933 0.007658984 -0.661013603 -0.003442957 -0.007650826 0.999964833 17.386301041
0.999992430 -0.002284731 0.003145907 0.325934142 0.002260612 0.999968231 0.007649111 -0.667380631 -0.003163283 -0.007641942 0.999965847 17.834728241
0.999989688 -0.003102807 0.003295296 0.347439259 0.003077149 0.999965131 0.007762871 -0.677504539 -0.003319268 -0.007752652 0.999964416 18.296306610
0.999988079 -0.003205237 0.003678797 0.359617800 0.003177353 0.999966443 0.007560626 -0.681826949 -0.003702906 -0.007548848 0.999964654 18.766992569
0.999988675 -0.003486393 0.003228126 0.371134043 0.003460161 0.999961257 0.008096348 -0.694120646 -0.003256227 -0.008085087 0.999961972 19.231168747
0.999987721 -0.003301423 0.003679537 0.363498926 0.003267490 0.999952435 0.009190274 -0.747904599 -0.003709702 -0.009178139 0.999951005 19.702596664
0.999988616 -0.003020549 0.003701720 0.369946599 0.002985660 0.999951422 0.009394588 -0.756730914 -0.003729916 -0.009383429 0.999948978 20.189937592
0.999990046 -0.002824571 0.003474238 0.385485798 0.002793468 0.999956250 0.008925352 -0.769138932 -0.003499296 -0.008915558 0.999954164 20.675153732
0.999989331 -0.003407783 0.003112857 0.403956383 0.003378006 0.999948978 0.009521345 -0.801996112 -0.003145145 -0.009510727 0.999949813 21.179086685
0.999989569 -0.003587272 0.002836021 0.417132258 0.003560242 0.999948740 0.009479555 -0.797927976 -0.002869881 -0.009469359 0.999951005 21.722383499
0.999987304 -0.003834147 0.003267767 0.377693713 0.003802530 0.999946356 0.009627172 -0.801436186 -0.003304504 -0.009614622 0.999948323 22.159679413
0.999982357 -0.005629293 0.001911055 0.393813223 0.005606936 0.999918044 0.011509298 -0.880319357 -0.001975687 -0.011498380 0.999931931 22.647720337
0.999983609 -0.005396005 0.001942969 0.386760354 0.005373686 0.999921560 0.011314678 -0.886753142 -0.002003871 -0.011304052 0.999934137 23.165182114
0.999989688 -0.004250245 0.001601839 0.392226607 0.004232595 0.999932051 0.010865196 -0.891205490 -0.001647910 -0.010858305 0.999939620 23.724229813
0.999986887 -0.004944160 0.001356123 0.402251512 0.004928515 0.999923885 0.011306832 -0.908312857 -0.001411923 -0.011299998 0.999935150 24.271192551
0.999982238 -0.005950581 -0.000242064 0.425752282 0.005952888 0.999921501 0.011024318 -0.922542930 0.000176444 -0.011025562 0.999939144 24.737062454
0.999980628 -0.006062789 -0.001364368 0.440075576 0.006077182 0.999923170 0.010804832 -0.926455855 0.001298756 -0.010812915 0.999940693 25.274530411
0.999988317 -0.004595316 -0.001424147 0.442430884 0.004611684 0.999920726 0.011711771 -0.933070660 0.001370214 -0.011718203 0.999930382 25.833106995
0.999982536 -0.005699372 -0.001541667 0.435117602 0.005716982 0.999915540 0.011670532 -0.957388639 0.001475022 -0.011679143 0.999930680 26.347551346
0.999980569 -0.006010929 -0.001645541 0.446220815 0.006030286 0.999909580 0.012022872 -0.959867001 0.001573124 -0.012032563 0.999926329 26.899801254
0.999983788 -0.005499904 -0.001487292 0.448010594 0.005516980 0.999915957 0.011732222 -0.971857190 0.001422641 -0.011740237 0.999930024 27.473165512
0.999991238 -0.003956833 -0.001400686 0.451239169 0.003974325 0.999911308 0.012713809 -0.996007144 0.001350256 -0.012719265 0.999918163 28.022645950
0.999981225 -0.005344338 -0.002973986 0.486744672 0.005381941 0.999903917 0.012783377 -1.022581935 0.002905381 -0.012799143 0.999913871 28.538242340
0.999982059 -0.005162760 -0.003013933 0.489565223 0.005200592 0.999906063 0.012682735 -1.034814239 0.002948171 -0.012698182 0.999915063 29.093290329
0.999981940 -0.004866053 -0.003528641 0.508957744 0.004909886 0.999909580 0.012521751 -1.038212776 0.003467391 -0.012538848 0.999915361 29.695274353
0.999967337 -0.006270981 -0.005097526 0.558587909 0.006331270 0.999909222 0.011898364 -1.026982546 0.005022448 -0.011930250 0.999916255 30.264080048
0.999962807 -0.006888343 -0.005190317 0.576125622 0.006957218 0.999886394 0.013370597 -1.069244027 0.005097626 -0.013406208 0.999897122 30.762241364
0.999976635 -0.005171597 -0.004463748 0.539642572 0.005233851 0.999887705 0.014049578 -1.123623371 0.004390588 -0.014072615 0.999891281 31.216152191
0.999980628 -0.004229212 -0.004554760 0.548791170 0.004296903 0.999878883 0.014956027 -1.141159415 0.004490957 -0.014975309 0.999877691 31.760614395
0.999972284 -0.005774379 -0.004708446 0.567938507 0.005840978 0.999881327 0.014255691 -1.145748973 0.004625569 -0.014282797 0.999887347 32.320716858
0.999981105 -0.004180836 -0.004503982 0.553178251 0.004243861 0.999891877 0.014075396 -1.131353617 0.004444649 -0.014094244 0.999890804 32.849594116
0.999982655 -0.003598982 -0.004667097 0.585904002 0.003660719 0.999904931 0.013287696 -1.133517265 0.004618831 -0.013304550 0.999900818 33.436355591
0.999975502 -0.004910341 -0.004984241 0.546610534 0.004982170 0.999882400 0.014502517 -1.188684702 0.004912443 -0.014526996 0.999882400 33.868564606
0.999983788 -0.003794513 -0.004255782 0.547580004 0.003854485 0.999892116 0.014173083 -1.198909879 0.004201544 -0.014189256 0.999890447 34.415138245
0.999976099 -0.004579870 -0.005174332 0.542300284 0.004653131 0.999887884 0.014236191 -1.199943781 0.005108553 -0.014259929 0.999885261 34.923759460
0.999972284 -0.005070315 -0.005452148 0.561356127 0.005148328 0.999883235 0.014391057 -1.208206534 0.005378544 -0.014418729 0.999881566 35.524303436
0.999981582 -0.003813824 -0.004726510 0.547782063 0.003882159 0.999886870 0.014533843 -1.237186074 0.004670546 -0.014551924 0.999883175 36.049579620
0.999976873 -0.003869525 -0.005591145 0.579346001 0.003950208 0.999887109 0.014492353 -1.241426468 0.005534436 -0.014514104 0.999879360 36.607109070
0.999973714 -0.004513257 -0.005672985 0.590912879 0.004595150 0.999884129 0.014506505 -1.251268744 0.005606858 -0.014532193 0.999878645 37.175292969
0.999974251 -0.004556471 -0.005545328 0.590426981 0.004634206 0.999890029 0.014086935 -1.253146410 0.005480533 -0.014112270 0.999885440 37.695358276
0.999967694 -0.004944700 -0.006330575 0.614995360 0.005034063 0.999886692 0.014178761 -1.263075113 0.006259749 -0.014210173 0.999879420 38.243469238
0.999965191 -0.005353352 -0.006402501 0.628935039 0.005442116 0.999888182 0.013927977 -1.259630680 0.006327223 -0.013962335 0.999882519 38.814083099
0.999978125 -0.002961946 -0.005919933 0.642295599 0.003038035 0.999912322 0.012885466 -1.232973099 0.005881248 -0.012903168 0.999899507 39.379413605
0.999970734 -0.004309945 -0.006335030 0.658068240 0.004406854 0.999872208 0.015363766 -1.297496676 0.006268004 -0.015391232 0.999861896 39.814144135
0.999962449 -0.005675878 -0.006549477 0.659143686 0.005794642 0.999816477 0.018259142 -1.376794577 0.006444640 -0.018296408 0.999811828 40.329875946
0.999965429 -0.005704217 -0.006039182 0.654591322 0.005811886 0.999821663 0.017963501 -1.395521879 0.005935638 -0.017997978 0.999820411 40.904056549
0.999966264 -0.004845348 -0.006639476 0.682080150 0.004960915 0.999834478 0.017501362 -1.377356648 0.006553576 -0.017533714 0.999824703 41.458774567
0.999971271 -0.004522512 -0.006075957 0.683073759 0.004632466 0.999823451 0.018205900 -1.395855188 0.005992547 -0.018233526 0.999815702 42.010509491
0.999968529 -0.005149815 -0.006029514 0.697221041 0.005258635 0.999821007 0.018173475 -1.395401478 0.005934844 -0.018204613 0.999816597 42.579441071
0.999971449 -0.004178714 -0.006306717 0.709345698 0.004292220 0.999827087 0.018092632 -1.399160862 0.006230023 -0.018119186 0.999816418 43.152553558
0.999960899 -0.005643323 -0.006812007 0.706855893 0.005773184 0.999799013 0.019196874 -1.432578325 0.006702303 -0.019235449 0.999792457 43.552101135
0.999962091 -0.005887836 -0.006432677 0.703353524 0.006012049 0.999792457 0.019464225 -1.441199541 0.006316741 -0.019502154 0.999789774 44.093864441
0.999962151 -0.005928379 -0.006374547 0.730274796 0.006044474 0.999813378 0.018349903 -1.422414541 0.006264573 -0.018387737 0.999811292 44.670753479
0.999965072 -0.005572736 -0.006231213 0.749678969 0.005685386 0.999817967 0.018209292 -1.420708179 0.006128603 -0.018244078 0.999814808 45.214080811
0.999967933 -0.005425756 -0.005909341 0.728193164 0.005536764 0.999805391 0.018933747 -1.456270337 0.005805463 -0.018965857 0.999803305 45.703819275
0.999964893 -0.006079898 -0.005780170 0.741324067 0.006186479 0.999807775 0.018603457 -1.458149791 0.005665953 -0.018638562 0.999810278 46.250576019
0.999971867 -0.005238620 -0.005376387 0.731368601 0.005334279 0.999824882 0.017935120 -1.459647179 0.005281491 -0.017963294 0.999824703 46.828166962
0.999963403 -0.005697243 -0.006378290 0.781420469 0.005816460 0.999805689 0.018831199 -1.470340490 0.006269766 -0.018867612 0.999802291 47.408126831
0.999971092 -0.004988614 -0.005729994 0.777024150 0.005092351 0.999820650 0.018234454 -1.452507138 0.005638002 -0.018263109 0.999817312 47.898399353
0.999962211 -0.006459198 -0.005837119 0.771131456 0.006575234 0.999776661 0.020083163 -1.510149956 0.005706094 -0.020120783 0.999781370 48.358894348
0.999969125 -0.005479550 -0.005632800 0.785803854 0.005590797 0.999785781 0.019927375 -1.509994030 0.005522400 -0.019958252 0.999785602 48.912364960
0.999955177 -0.006677460 -0.006709745 0.823575616 0.006807432 0.999785960 0.019538118 -1.511366844 0.006577844 -0.019582914 0.999786556 49.479148865
0.999960542 -0.006466786 -0.006094972 0.826396465 0.006583804 0.999790549 0.019378528 -1.509004354 0.005968378 -0.019417889 0.999793589 50.049308777
0.999967515 -0.005717163 -0.005670670 0.811361313 0.005825810 0.999796152 0.019331474 -1.510384560 0.005558993 -0.019363880 0.999797046 50.596702576
0.999965847 -0.005576195 -0.006099976 0.803404033 0.005695882 0.999788105 0.019782633 -1.527635217 0.005988373 -0.019816702 0.999785662 51.014251709
0.999967694 -0.004977933 -0.006311601 0.798873127 0.005102418 0.999789715 0.019862881 -1.531538486 0.006211399 -0.019894442 0.999782860 51.552814484
0.999969780 -0.005353764 -0.005642911 0.806696773 0.005462173 0.999797344 0.019374516 -1.532386541 0.005538041 -0.019404750 0.999796391 52.103710175
0.999966502 -0.005567054 -0.005997645 0.827691674 0.005679667 0.999804735 0.018925598 -1.524132133 0.005891114 -0.018959027 0.999802887 52.672672272
0.999970794 -0.005411473 -0.005393836 0.785800636 0.005520670 0.999775827 0.020439811 -1.567927480 0.005282017 -0.020468991 0.999776661 53.122303009
0.999974191 -0.005164085 -0.004991143 0.792610347 0.005264530 0.999779522 0.020325486 -1.571922064 0.004885080 -0.020351237 0.999781013 53.650909424
0.999977171 -0.004694670 -0.004860251 0.768819630 0.004791173 0.999787748 0.020038085 -1.565969110 0.004765148 -0.020060915 0.999787450 54.174331665
0.999968708 -0.005591969 -0.005601037 0.803408980 0.005701634 0.999788582 0.019758515 -1.584157944 0.005489363 -0.019789834 0.999789119 54.676090240
0.999974012 -0.004560634 -0.005585183 0.802532613 0.004669922 0.999794781 0.019713378 -1.570890903 0.005494132 -0.019738950 0.999790132 55.215866089
0.999974012 -0.005000148 -0.005188144 0.819176674 0.005100056 0.999798357 0.019425947 -1.575484753 0.005089967 -0.019451905 0.999797881 55.748893738
0.999976099 -0.005341189 -0.004372136 0.780930758 0.005431026 0.999768913 0.020800417 -1.618169308 0.004260025 -0.020823661 0.999774218 56.167541504
0.999977946 -0.004891211 -0.004496082 0.795073390 0.004983005 0.999774635 0.020637272 -1.614388943 0.004394127 -0.020659218 0.999776959 56.689201355
0.999977767 -0.005063441 -0.004324936 0.798615754 0.005149804 0.999782860 0.020196559 -1.620460391 0.004221733 -0.020218385 0.999786675 57.277271271
0.999981523 -0.004702166 -0.003850986 0.797740042 0.004779225 0.999783516 0.020251852 -1.628939033 0.003754926 -0.020269882 0.999787569 57.830818176
0.999984562 -0.004475539 -0.003308237 0.799698472 0.004540745 0.999790311 0.019972472 -1.622598886 0.003218155 -0.019987188 0.999795020 58.341693878
0.999982774 -0.004776360 -0.003406629 0.792054772 0.004842441 0.999794960 0.019660572 -1.616877317 0.003312025 -0.019676732 0.999800980 58.812885284
0.999985456 -0.004507304 -0.002986297 0.798207641 0.004567134 0.999782801 0.020340785 -1.634819269 0.002893967 -0.020354128 0.999788642 59.348407745
0.999972701 -0.005654539 -0.004753612 0.844434023 0.005756316 0.999748468 0.021676598 -1.661198020 0.004629846 -0.021703370 0.999753714 59.695915222
0.999975801 -0.005289154 -0.004515091 0.857832313 0.005382742 0.999765575 0.020973509 -1.661467075 0.004403099 -0.020997306 0.999769866 60.249057770
0.999964118 -0.006316718 -0.005635930 0.885403156 0.006435968 0.999750257 0.021397550 -1.666177988 0.005499360 -0.021433057 0.999755144 60.797096252
0.999962509 -0.006454178 -0.005768578 0.899006009 0.006572838 0.999762237 0.020793574 -1.670147777 0.005633000 -0.020830709 0.999767125 61.322250366
0.999965906 -0.006570505 -0.005005927 0.875821769 0.006676493 0.999747455 0.021458337 -1.669518828 0.004863671 -0.021491025 0.999757349 61.737609863
0.999968112 -0.006432621 -0.004729894 0.879966259 0.006536575 0.999729872 0.022301150 -1.682234049 0.004585162 -0.022331355 0.999740124 62.257503510
0.999976635 -0.005623094 -0.003908627 0.866650164 0.005708504 0.999737322 0.022195026 -1.692380428 0.003782795 -0.022216817 0.999746084 62.792827606
0.999960423 -0.007246981 -0.005144449 0.883050680 0.007355165 0.999745369 0.021331506 -1.698803186 0.004988550 -0.021368500 0.999759257 63.398441315
0.999953032 -0.007413416 -0.006240555 0.889848113 0.007546199 0.999739647 0.021529639 -1.704854369 0.006079321 -0.021575717 0.999748707 63.843925476
0.999954641 -0.007154639 -0.006291285 0.907824039 0.007287120 0.999746680 0.021293169 -1.710759521 0.006137347 -0.021338046 0.999753475 64.392120361
0.999961793 -0.006926173 -0.005340638 0.911417961 0.007036503 0.999756336 0.020924276 -1.713316917 0.005194411 -0.020961056 0.999766827 64.937576294
0.999962270 -0.006542256 -0.005728670 0.956997097 0.006654028 0.999783456 0.019714192 -1.644999743 0.005598456 -0.019751562 0.999789298 65.382904053
0.999954581 -0.008021193 -0.005138860 0.901089191 0.008127943 0.999744296 0.021100670 -1.698134065 0.004968294 -0.021141484 0.999764085 65.861412048
0.999964118 -0.007110820 -0.004602818 0.897467852 0.007203896 0.999763250 0.020531243 -1.697885871 0.004455735 -0.020563664 0.999778628 66.429908752
0.999960124 -0.007482882 -0.004880060 0.909912944 0.007580538 0.999765038 0.020309865 -1.700711966 0.004726939 -0.020346047 0.999781847 66.942733765
0.999957740 -0.008059167 -0.004414897 0.906373441 0.008147325 0.999760151 0.020328524 -1.705851316 0.004250006 -0.020363640 0.999783635 67.514160156
0.999958277 -0.008018435 -0.004369935 0.885249257 0.008106447 0.999756813 0.020509193 -1.714642763 0.004204420 -0.020543762 0.999780118 67.907424927
0.999966562 -0.007086595 -0.004066740 0.896072447 0.007168050 0.999766648 0.020377263 -1.722881198 0.003921386 -0.020405736 0.999784172 68.452781677
0.999970794 -0.006572956 -0.003885599 0.901967525 0.006647490 0.999787927 0.019491132 -1.718834996 0.003756661 -0.019516394 0.999802530 68.995803833
0.999967575 -0.007126379 -0.003743335 0.911222816 0.007197083 0.999789298 0.019227099 -1.711261034 0.003605526 -0.019253416 0.999808192 69.520790100
0.999963820 -0.007424337 -0.004149090 0.945889592 0.007499030 0.999804735 0.018286368 -1.702940345 0.004012516 -0.018316824 0.999824166 70.010368347
0.999948978 -0.008993441 -0.004596989 0.957715869 0.009084545 0.999754727 0.020197280 -1.705569506 0.004414220 -0.020238010 0.999785423 70.362503052
0.999942720 -0.009663802 -0.004587941 0.963577867 0.009752488 0.999758005 0.019718502 -1.707705140 0.004396277 -0.019762117 0.999795020 70.926780701
0.999947250 -0.009190978 -0.004581195 0.977700949 0.009278738 0.999766409 0.019518655 -1.710524678 0.004400729 -0.019560132 0.999798954 71.493865967
0.999957740 -0.007978190 -0.004572692 0.976310909 0.008061440 0.999796569 0.018486006 -1.710751772 0.004424277 -0.018522086 0.999818683 72.024749756
0.999930263 -0.010489685 -0.005415123 1.019145250 0.010591568 0.999760747 0.019141905 -1.711037874 0.005213036 -0.019197930 0.999802113 72.645431519
0.999961913 -0.007878149 -0.003747681 0.976046920 0.007951947 0.999766290 0.020102397 -1.715077996 0.003588436 -0.020131433 0.999790907 72.862419128
0.999963939 -0.007609307 -0.003786215 0.981663465 0.007679759 0.999790907 0.018954471 -1.706165552 0.003641194 -0.018982867 0.999813199 73.402923584
0.999963641 -0.007719236 -0.003630447 0.957951665 0.007786369 0.999791920 0.018856762 -1.706293941 0.003484131 -0.018884344 0.999815643 73.930282593
0.999946654 -0.009237328 -0.004607456 1.006808996 0.009324087 0.999772608 0.019178286 -1.713313222 0.004429251 -0.019220226 0.999805510 74.450737000
0.999947548 -0.009360518 -0.004153407 0.996975958 0.009439017 0.999769092 0.019300513 -1.712392449 0.003971786 -0.019338703 0.999805093 74.843650818
0.999948025 -0.008947698 -0.004882302 1.013838291 0.009038633 0.999779880 0.018932601 -1.716035604 0.004711825 -0.018975742 0.999808848 75.380561829
0.999942064 -0.009694317 -0.004681986 1.018358231 0.009782244 0.999768972 0.019136848 -1.714964509 0.004495386 -0.019181538 0.999805927 75.856735229
0.999934077 -0.010453538 -0.004754571 1.019687176 0.010540163 0.999771893 0.018574620 -1.697610259 0.004559316 -0.018623503 0.999816179 76.420608521
0.999938488 -0.010226969 -0.004289100 1.033515930 0.010304056 0.999778390 0.018353296 -1.688985109 0.004100450 -0.018396359 0.999822319 76.916458130
0.999936461 -0.010231571 -0.004730504 1.008837461 0.010314457 0.999787629 0.017842418 -1.682394028 0.004546943 -0.017890075 0.999829650 77.350242615
0.999944568 -0.009690876 -0.004130855 1.016611934 0.009762887 0.999794185 0.017783821 -1.685359955 0.003957663 -0.017823160 0.999833345 77.916694641
0.999948382 -0.009843742 -0.002491747 0.999607205 0.009885638 0.999799728 0.017399997 -1.680045843 0.002319967 -0.017423730 0.999845564 78.499214172
0.999950171 -0.009879285 -0.001418669 1.012646317 0.009903934 0.999778509 0.018569678 -1.698472023 0.001234900 -0.018582802 0.999826670 78.928169250
0.999940753 -0.010876771 -0.000406110 1.017808318 0.010882329 0.999777853 0.018046448 -1.696454644 0.000209733 -0.018049797 0.999837101 79.471702576
0.999945581 -0.010406980 0.000654067 1.036344647 0.010393168 0.999776363 0.018419422 -1.698709011 -0.000845611 -0.018411623 0.999830127 80.014457703
0.999945283 -0.009848402 0.003517557 1.051448584 0.009781810 0.999781549 0.018471573 -1.717027426 -0.003698704 -0.018436154 0.999823213 80.458915710
0.999929428 -0.009539999 0.007080700 1.081086159 0.009405119 0.999778271 0.018843720 -1.722621441 -0.007258899 -0.018775798 0.999797344 81.002250671
0.999895215 -0.010175345 0.010299994 1.075122714 0.009992003 0.999793530 0.017697815 -1.702079892 -0.010477948 -0.017593041 0.999790311 81.513778687
0.999837458 -0.010590011 0.014595055 1.089275956 0.010342282 0.999802947 0.016945716 -1.681944728 -0.014771634 -0.016792012 0.999749959 82.006408691
0.999747276 -0.008622231 0.020764031 1.138404012 0.008248451 0.999803662 0.018020162 -1.734466314 -0.020915322 -0.017844336 0.999621987 82.508010864
0.999605715 -0.009490760 0.026425475 1.141637802 0.008991871 0.999780297 0.018934345 -1.742150187 -0.026599374 -0.018689264 0.999471366 83.034591675
0.999421120 -0.009091720 0.032785051 1.172556400 0.008471441 0.999783397 0.019009108 -1.747128963 -0.032950781 -0.018720368 0.999281585 83.554824829
0.999097407 -0.009315585 0.041444644 1.182069063 0.008548664 0.999789715 0.018643625 -1.731821656 -0.041609600 -0.018272500 0.998966813 84.166748047
0.998739839 -0.009499238 0.049279623 1.243913889 0.008560312 0.999778450 0.019229228 -1.746581197 -0.049451366 -0.018783148 0.998599827 84.664886475
0.998373628 -0.010017845 0.056123205 1.312371254 0.008926646 0.999766827 0.019660015 -1.756749988 -0.056307074 -0.019127050 0.998230278 85.134712219
0.997846901 -0.009580986 0.064883806 1.394646168 0.008368036 0.999785542 0.018940231 -1.797134638 -0.065051369 -0.018356500 0.997713089 85.667602539
0.997133136 -0.008699442 0.075164326 1.421889782 0.007221697 0.999775708 0.019909671 -1.789717317 -0.075320676 -0.019309780 0.996972382 86.022941589
0.996410310 -0.009004479 0.084174469 1.482119083 0.007332363 0.999770105 0.020152977 -1.794052839 -0.084336571 -0.019463439 0.996247232 86.573738098
0.995749176 -0.009882380 0.091574825 1.556648254 0.008083910 0.999767542 0.019989531 -1.793108463 -0.091751069 -0.019164275 0.995597541 87.168403625
0.994608283 -0.005740650 0.103544101 1.660921574 0.003561006 0.999768496 0.021222975 -1.847489834 -0.103641957 -0.020739829 0.994398475 87.709487915
0.993550837 -0.008555160 0.113063291 1.729580879 0.006333164 0.999779999 0.019997260 -1.812965512 -0.113209486 -0.019152245 0.993386507 88.240524292
0.992398441 -0.009049859 0.122733071 1.759951591 0.006591842 0.999769926 0.020418631 -1.801976085 -0.122889608 -0.019454379 0.992229640 88.675476074
0.990839660 -0.008108476 0.134799987 1.833616257 0.005381742 0.999773741 0.020580109 -1.799571753 -0.134936363 -0.019666130 0.990659058 89.241508484
0.989125550 -0.007507158 0.146881804 1.932312965 0.004431577 0.999764323 0.021255195 -1.810943842 -0.147006765 -0.020373140 0.988925695 89.764823914
0.987519681 -0.007561646 0.157313958 2.047329903 0.004327446 0.999772429 0.020891262 -1.818692327 -0.157436132 -0.019949766 0.987327635 90.301803589
0.985782146 -0.006864363 0.167888135 2.146438599 0.003379403 0.999773145 0.021034544 -1.821953535 -0.167994425 -0.020168116 0.985581636 90.844200134
0.983454227 -0.006553948 0.181037739 2.232343674 0.002755882 0.999771059 0.021222994 -1.825022817 -0.181135356 -0.020372931 0.983247101 91.325859070
0.981122911 -0.006720438 0.193268269 2.385318756 0.002488669 0.999752104 0.022130271 -1.850065470 -0.193369061 -0.021231538 0.980896354 91.846099854
0.979173899 -0.009073686 0.202820376 2.455829620 0.004924219 0.999768436 0.020954084 -1.778959870 -0.202963516 -0.019518962 0.978991747 92.424171448
0.976252675 -0.009490501 0.216426998 2.590938568 0.005055010 0.999765873 0.021038560 -1.780693412 -0.216575980 -0.019444911 0.976072133 92.995887756
0.973097324 -0.009522655 0.230197281 2.741044998 0.004740566 0.999761522 0.021318020 -1.789793611 -0.230345383 -0.019653244 0.972910523 93.499031067
0.970238924 -0.008922121 0.241985068 2.864114761 0.003843022 0.999762416 0.021453191 -1.798458695 -0.242118970 -0.019884765 0.970042765 93.918235779
0.967111528 -0.008823609 0.254199475 3.017206192 0.003330259 0.999751687 0.022032645 -1.810798645 -0.254330784 -0.020461474 0.966900826 94.401329041
0.963565290 -0.009737026 0.267295748 3.257669449 0.004351507 0.999775589 0.020733137 -1.765352368 -0.267437607 -0.018814592 0.963391483 95.024765015
0.959971309 -0.009866938 0.279924512 3.441875458 0.004296437 0.999780476 0.020506660 -1.774674296 -0.280065417 -0.018483123 0.959802985 95.534042358
0.956849813 -0.011693939 0.290347278 3.630201340 0.005961109 0.999769628 0.020621361 -1.776859164 -0.290521502 -0.018000757 0.956699133 96.034851074
0.952127397 -0.010637420 0.305516511 3.806478500 0.004396835 0.999767542 0.021107212 -1.786149740 -0.305670023 -0.018753445 0.951952875 96.575004578
0.947326422 -0.010882111 0.320084870 4.003328323 0.004558279 0.999779522 0.020499354 -1.779248953 -0.320237368 -0.017960543 0.947167099 97.141860962
0.943738401 -0.010286916 0.330532640 4.201782227 0.003726050 0.999783456 0.020476859 -1.786587954 -0.330671698 -0.018093219 0.943572402 97.609916687
0.939434111 -0.012562202 0.342499256 4.442333221 0.005665824 0.999760687 0.021128593 -1.785728335 -0.342682719 -0.017908379 0.939280510 98.178977966
0.934062660 -0.012028767 0.356906444 4.666330338 0.004876114 0.999769032 0.020933751 -1.780003309 -0.357075810 -0.017813120 0.933905542 98.707267761
0.929366946 -0.013121225 0.368923783 4.887725830 0.005747270 0.999761224 0.021079613 -1.786778092 -0.369112253 -0.017470390 0.929220617 99.190711975
0.924484730 -0.012065315 0.381027937 5.115833282 0.004398596 0.999769986 0.020985616 -1.797107697 -0.381193548 -0.017724894 0.924325407 99.733283997
0.919203103 -0.015436999 0.393481135 5.381914139 0.007782311 0.999748230 0.021041896 -1.816840649 -0.393706948 -0.016279582 0.919091880 100.169296265
0.913271666 -0.013140225 0.407139063 5.567562103 0.004700773 0.999752939 0.021722058 -1.799445629 -0.407323927 -0.017924270 0.913107872 100.626762390
0.908431828 -0.013574329 0.417812705 5.802688599 0.004447380 0.999729872 0.022810513 -1.824085236 -0.418009490 -0.018863620 0.908246815 101.068580627
0.903173268 -0.015528019 0.428995222 6.079048157 0.006630854 0.999731004 0.022226427 -1.814976215 -0.429224879 -0.017229708 0.903033316 101.579513550
0.896796346 -0.016220437 0.442146152 6.358306885 0.007509979 0.999741793 0.021443877 -1.808645248 -0.442379832 -0.015910283 0.896686614 102.096374512
0.890283406 -0.015420312 0.455145657 6.632698059 0.006504764 0.999755204 0.021148073 -1.797554851 -0.455360353 -0.015867161 0.890165806 102.662078857
0.884682178 -0.015633225 0.465932608 6.921848297 0.006611725 0.999757767 0.020990513 -1.799223304 -0.466147870 -0.015489308 0.884571314 103.129760742
0.876907229 -0.014740909 0.480433404 7.116664886 0.004697996 0.999744713 0.022099711 -1.800534964 -0.480636477 -0.017122323 0.876752734 103.463241577
0.869897246 -0.015770137 0.492980868 7.416877747 0.005149323 0.999724686 0.022894226 -1.816554308 -0.493206084 -0.017377105 0.869738936 103.924758911
0.864128947 -0.016205544 0.503009439 7.703762054 0.005900249 0.999738932 0.022072619 -1.804963827 -0.503235877 -0.016105708 0.863999009 104.400276184
0.858458817 -0.020708153 0.512464166 8.021423340 0.009496141 0.999655008 0.024487492 -1.894097567 -0.512794495 -0.016155073 0.858359396 104.701583862
