1.000000000 0.000000000 0.000000000 0.000000000 0.000000000 1.000000000 0.000000000 0.000000000 0.000000000 0.000000000 1.000000000 0.000000000
1.000000000 0.000062181 -0.000049514 0.000091448 -0.000062186 1.000000000 -0.000102684 0.000446298 0.000049507 0.000102687 1.000000000 -0.000835473
1.000000000 0.000085459 -0.000004158 0.000405002 -0.000085459 1.000000000 0.000023149 -0.000305812 0.000004160 -0.000023149 1.000000000 -0.001433978
1.000000000 0.000078404 -0.000063574 0.000510761 -0.000078400 1.000000000 0.000057251 -0.000325239 0.000063579 -0.000057246 1.000000000 -0.002272326
1.000000000 0.000027153 -0.000031103 0.000257514 -0.000027155 1.000000000 -0.000081984 0.000933755 0.000031100 0.000081985 1.000000000 0.001071296
1.000000000 0.000079505 -0.000044991 0.001193627 -0.000079507 1.000000000 -0.000044748 0.000003320 0.000044987 0.000044752 1.000000000 -0.000298573
1.000000000 0.000104382 0.000005180 0.000684204 -0.000104381 1.000000000 -0.000119473 0.000584803 -0.000005192 0.000119473 1.000000000 -0.000858470
1.000000000 -0.000091107 0.000018391 0.000802960 0.000091107 1.000000000 -0.000017524 0.000161949 -0.000018389 0.000017526 1.000000000 -0.000687967
1.000000000 -0.000153906 -0.000002494 0.000826436 0.000153905 1.000000000 -0.000140619 0.001795666 0.000002516 0.000140619 1.000000000 0.001400237
1.000000000 0.000086950 -0.000057459 0.001388294 -0.000086946 1.000000000 0.000072051 -0.000317952 0.000057465 -0.000072046 1.000000000 -0.000046556
1.000000000 -0.000054299 -0.000083658 0.002064738 0.000054290 1.000000000 -0.000101775 0.000869771 0.000083663 0.000101770 1.000000000 -0.000643895
1.000000000 -0.000018224 -0.000021727 0.000185692 0.000018225 1.000000000 0.000015466 0.000091227 0.000021727 -0.000015467 1.000000000 0.000037818
1.000000000 -0.000114047 -0.000145679 0.001963156 0.000114071 1.000000000 0.000161150 -0.001041125 0.000145660 -0.000161166 1.000000000 -0.000779160
1.000000000 -0.000132818 -0.000131442 0.001838491 0.000132827 1.000000000 0.000070071 -0.000653307 0.000131432 -0.000070088 1.000000000 -0.000836800
0.999999940 -0.000230750 -0.000107254 0.000892573 0.000230759 0.999999940 0.000089297 -0.000867987 0.000107233 -0.000089321 1.000000000 -0.000870549
1.000000000 0.000156557 0.000112350 0.000344117 -0.000156560 1.000000000 0.000032231 0.000541953 -0.000112345 -0.000032248 1.000000000 0.001300986
1.000000000 0.000036043 -0.000070503 0.000741973 -0.000036044 1.000000000 -0.000022239 0.000764364 0.000070502 0.000022241 1.000000000 0.001197041
1.000000000 0.000002341 -0.000046523 0.001021222 -0.000002345 1.000000000 -0.000088192 0.001019610 0.000046523 0.000088192 1.000000000 0.000303293
1.000000000 0.000054132 0.000121391 -0.000152048 -0.000054131 1.000000000 -0.000008920 0.000307144 -0.000121392 0.000008914 1.000000000 0.000404796
1.000000000 0.000125246 0.000105710 0.000174019 -0.000125239 1.000000000 -0.000066329 0.000375222 -0.000105718 0.000066316 1.000000000 -0.000157050
1.000000000 0.000015404 -0.000070669 0.000728392 -0.000015395 1.000000000 0.000126274 -0.000184655 0.000070671 -0.000126273 1.000000000 0.000703871
0.999999940 -0.000326422 0.000035562 0.001318692 0.000326420 0.999999940 0.000060863 -0.000429295 -0.000035582 -0.000060852 1.000000000 -0.000336029
1.000000000 -0.000047680 0.000122999 0.000214557 0.000047681 1.000000000 -0.000006386 0.001499216 -0.000122999 0.000006392 1.000000000 -0.000440249
1.000000000 -0.000015396 0.000029775 0.001218721 0.000015395 1.000000000 0.000050742 0.000130896 -0.000029775 -0.000050741 1.000000000 -0.000930627
1.000000000 0.000190096 0.000063894 0.000618747 -0.000190096 1.000000000 -0.000008948 0.000126256 -0.000063896 0.000008936 1.000000000 -0.001738551
1.000000000 -0.000024438 -0.000106503 0.001854074 0.000024423 1.000000000 -0.000140373 0.001027862 0.000106506 0.000140370 1.000000000 -0.001086352
1.000000000 0.000057635 0.000037622 -0.000215510 -0.000057632 1.000000000 -0.000096652 0.000972815 -0.000037628 0.000096650 1.000000000 0.000730083
1.000000000 -0.000046051 0.000065590 -0.000795590 0.000046049 1.000000000 0.000026688 0.001267694 -0.000065591 -0.000026685 1.000000000 0.001722328
1.000000000 0.000131032 0.000086790 0.000007324 -0.000131028 1.000000000 -0.000050216 0.001498289 -0.000086797 0.000050204 1.000000000 0.000696233
1.000000000 0.000083426 0.000106859 0.000365697 -0.000083428 1.000000000 0.000020061 0.000021872 -0.000106857 -0.000020070 1.000000000 -0.001844854
0.999999940 0.000234989 0.000100026 -0.000294809 -0.000235002 0.999999940 0.000129202 -0.000686650 -0.000099995 -0.000129225 1.000000000 -0.000939842
1.000000000 0.000070337 0.000042767 0.001082417 -0.000070337 1.000000000 -0.000012763 0.000249904 -0.000042767 0.000012760 1.000000000 -0.000544889
1.000000000 -0.000021205 0.000076694 0.000238461 0.000021205 1.000000000 0.000005372 0.000736987 -0.000076694 -0.000005371 1.000000000 0.000888370
1.000000000 0.000174540 0.000123430 0.000285851 -0.000174548 1.000000000 0.000062924 0.000036786 -0.000123419 -0.000062945 1.000000000 -0.000370708
1.000000000 0.000181988 0.000023474 0.000564191 -0.000181987 1.000000000 -0.000046934 0.001263145 -0.000023483 0.000046929 1.000000000 -0.000752428
1.000000000 -0.000097102 0.000048382 -0.000405415 0.000097109 1.000000000 -0.000129863 0.002486129 -0.000048369 0.000129868 1.000000000 0.002750960
1.000000000 0.000098818 0.000043997 0.000483414 -0.000098823 1.000000000 0.000099641 0.000203416 -0.000043987 -0.000099645 1.000000000 -0.000574149
1.000000000 -0.000051135 -0.000000377 0.000664972 0.000051135 1.000000000 0.000074717 0.000494113 0.000000373 -0.000074717 1.000000000 0.000094596
0.999999940 0.000088489 0.000269465 -0.000763493 -0.000088489 1.000000000 0.000000535 0.000850763 -0.000269465 -0.000000559 0.999999940 0.002229119
0.999999881 -0.000399367 0.000181770 0.001005255 0.000399493 0.999999702 -0.000694845 -0.001270752 -0.000181492 0.000694917 0.999999762 0.051060840
1.000000000 0.000057030 0.000230177 0.000241521 -0.000056765 0.999999344 -0.001150894 -0.006213170 -0.000230243 0.001150880 0.999999285 0.130831361
0.999999940 0.000328341 -0.000102479 0.005348787 -0.000328486 0.999998927 -0.001417674 -0.006469236 0.000102014 0.001417708 0.999998987 0.250907630
1.000000000 0.000178000 0.000017840 0.006545249 -0.000177981 0.999999404 -0.001061509 -0.014738596 -0.000018029 0.001061506 0.999999464 0.379890978
1.000000000 0.000116889 0.000080774 0.008635304 -0.000116804 0.999999464 -0.001054540 -0.016599189 -0.000080897 0.001054530 0.999999464 0.525337219
1.000000000 0.000213992 0.000031414 0.014109400 -0.000213951 0.999999166 -0.001296647 -0.019687749 -0.000031691 0.001296640 0.999999166 0.674397647
1.000000000 -0.000106730 0.000153798 0.018942287 0.000106899 0.999999404 -0.001098395 -0.024236009 -0.000153681 0.001098412 0.999999404 0.838262916
0.999999940 0.000021635 0.000310894 0.015966574 -0.000021335 0.999999523 -0.000964721 -0.026287779 -0.000310915 0.000964715 0.999999464 1.013970375
1.000000000 0.000054078 0.000221368 0.021216130 -0.000053954 0.999999821 -0.000559479 -0.035071593 -0.000221398 0.000559467 0.999999821 1.183904886
0.999999583 0.000666584 0.000610620 0.018026879 -0.000666090 0.999999464 -0.000808512 -0.037843168 -0.000611159 0.000808105 0.999999464 1.365733266
1.000000000 -0.000180030 0.000058156 0.035254836 0.000180046 0.999999940 -0.000282944 -0.053002212 -0.000058105 0.000282955 0.999999940 1.556712151
0.999999881 0.000397231 0.000290482 0.033174898 -0.000397044 0.999999702 -0.000643419 -0.049067136 -0.000290737 0.000643304 0.999999762 1.758324265
0.999999940 0.000076190 -0.000299860 0.043326151 -0.000076273 0.999999940 -0.000275400 -0.058476467 0.000299839 0.000275423 0.999999940 1.950886965
0.999999404 0.000625065 0.000880406 0.027815156 -0.000624759 0.999999762 -0.000347944 -0.059988331 -0.000880623 0.000347394 0.999999523 2.161934853
0.999998808 0.000878461 -0.001261884 0.071579315 -0.000877762 0.999999464 0.000555195 -0.086909227 0.001262371 -0.000554087 0.999999046 2.382150173
0.999998212 0.000599837 -0.001808098 0.085363358 -0.000599046 0.999999762 0.000437699 -0.093207277 0.001808360 -0.000436615 0.999998271 2.597239733
0.999998987 0.000788993 -0.001195707 0.082512185 -0.000788117 0.999999404 0.000733524 -0.103410423 0.001196285 -0.000732581 0.999998987 2.828552008
0.999998569 0.000483835 -0.001637542 0.091538168 -0.000482269 0.999999404 0.000957016 -0.110514253 0.001638004 -0.000956225 0.999998152 3.063289165
0.999998808 0.000468441 -0.001480025 0.092036366 -0.000467758 0.999999762 0.000462124 -0.111690186 0.001480241 -0.000461431 0.999998868 3.303194761
0.999998569 0.000829048 -0.001424222 0.097979456 -0.000828101 0.999999464 0.000664948 -0.121871769 0.001424772 -0.000663768 0.999998689 3.535522699
0.999998689 0.000447619 -0.001503540 0.101070784 -0.000446878 0.999999762 0.000492537 -0.125299335 0.001503761 -0.000491865 0.999998689 3.802014828
0.999998868 0.000587253 -0.001372095 0.106603727 -0.000586664 0.999999821 0.000429582 -0.132303715 0.001372347 -0.000428777 0.999998987 4.053567410
0.999998569 0.001023745 -0.001317273 0.110104777 -0.001022858 0.999999285 0.000674132 -0.140334040 0.001317963 -0.000672784 0.999998868 4.306444168
0.999998629 0.000980235 -0.001345703 0.119910881 -0.000979053 0.999999046 0.000878770 -0.151393652 0.001346564 -0.000877452 0.999998629 4.557707310
0.999998152 0.001415925 -0.001323048 0.125999436 -0.001414856 0.999998689 0.000808264 -0.156756774 0.001324191 -0.000806391 0.999998808 4.814625740
0.999998450 0.000709865 -0.001626030 0.137512058 -0.000707924 0.999999046 0.001193785 -0.166653007 0.001626875 -0.001192632 0.999997973 5.074960232
0.999998271 0.001264608 -0.001340463 0.132793635 -0.001263513 0.999998868 0.000817380 -0.168451265 0.001341495 -0.000815685 0.999998748 5.339693546
0.999998033 0.001453024 -0.001359821 0.142241716 -0.001451934 0.999998569 0.000802383 -0.181851804 0.001360985 -0.000800407 0.999998748 5.609757423
0.999997795 0.001672177 -0.001305984 0.145794764 -0.001671044 0.999998212 0.000867498 -0.188571200 0.001307433 -0.000865314 0.999998748 5.875067711
0.999998510 0.000848194 -0.001505482 0.155799121 -0.000846640 0.999999166 0.001032089 -0.197742522 0.001506356 -0.001030813 0.999998391 6.153316975
0.999997020 0.001729539 -0.001714296 0.159981579 -0.001728185 0.999998152 0.000791163 -0.203880399 0.001715661 -0.000788198 0.999998212 6.434656620
0.999997973 0.001554153 -0.001276572 0.161492556 -0.001552823 0.999998271 0.001042429 -0.222247586 0.001278190 -0.001040444 0.999998629 6.719728947
0.999997735 0.001871985 -0.001062014 0.163414836 -0.001871238 0.999998093 0.000703326 -0.224146977 0.001063329 -0.000701337 0.999999225 7.023301601
0.999997795 0.001753844 -0.001205440 0.170341089 -0.001752866 0.999998212 0.000811296 -0.232186824 0.001206861 -0.000809181 0.999998987 7.324641705
0.999998450 0.001321623 -0.001131355 0.177010939 -0.001320839 0.999998868 0.000693949 -0.241194144 0.001132271 -0.000692454 0.999999106 7.627315998
0.999998152 0.001479813 -0.001178924 0.182076141 -0.001478204 0.999997914 0.001363958 -0.256810486 0.001180939 -0.001362213 0.999998391 7.930263519
0.999997675 0.001809204 -0.001103094 0.183272511 -0.001807513 0.999997139 0.001531974 -0.260591894 0.001105862 -0.001529976 0.999998271 8.263183594
0.999997199 0.002322141 -0.000523676 0.186807796 -0.002321535 0.999996662 0.001156018 -0.270130634 0.000526359 -0.001154799 0.999999285 8.587695122
0.999998569 0.001531531 -0.000697828 0.191129684 -0.001530736 0.999998152 0.001138930 -0.282391429 0.000699571 -0.001137860 0.999999106 8.917185783
0.999999046 0.001258644 -0.000619827 0.204199076 -0.001257744 0.999998152 0.001451419 -0.298677891 0.000621653 -0.001450638 0.999998808 9.242943764
0.999998212 0.001752235 -0.000700112 0.207741186 -0.001750885 0.999996662 0.001924772 -0.311137706 0.000703482 -0.001923543 0.999997914 9.588644981
0.999998808 0.001138131 -0.001152806 0.223887444 -0.001135981 0.999997616 0.001864439 -0.318302929 0.001154926 -0.001863127 0.999997616 9.937505722
0.999997377 0.001463460 -0.001756064 0.237567335 -0.001460387 0.999997437 0.001749591 -0.327714473 0.001758620 -0.001747022 0.999996960 10.292584419
0.999998510 0.001468868 -0.000880931 0.234440550 -0.001467359 0.999997437 0.001710853 -0.338130236 0.000883442 -0.001709558 0.999998152 10.652376175
0.999998391 0.001604562 -0.000846976 0.242425948 -0.001603165 0.999997377 0.001648299 -0.345165789 0.000849618 -0.001646939 0.999998271 11.021097183
0.999998450 0.001685706 -0.000423853 0.238783166 -0.001684930 0.999996841 0.001824004 -0.355669916 0.000426926 -0.001823287 0.999998271 11.407825470
0.999998748 0.001498994 -0.000498005 0.249797851 -0.001497966 0.999996722 0.002059271 -0.365912259 0.000501090 -0.002058522 0.999997795 11.785017014
0.999998808 0.001483620 -0.000498886 0.256488621 -0.001482724 0.999997258 0.001791701 -0.378693700 0.000501543 -0.001790959 0.999998271 12.168260574
0.999998629 0.001613510 -0.000323309 0.258939415 -0.001613058 0.999997735 0.001395022 -0.386026263 0.000325559 -0.001394499 0.999998987 12.552102089
0.999997556 0.002165118 -0.000248029 0.266477853 -0.002164716 0.999996364 0.001609273 -0.397616357 0.000251512 -0.001608732 0.999998689 12.950644493
0.999998450 0.001719451 -0.000347411 0.271669269 -0.001718972 0.999997556 0.001375058 -0.405232936 0.000349775 -0.001374459 0.999998987 13.352442741
0.999998391 0.001755814 -0.000013658 0.277727753 -0.001755795 0.999997675 0.001249340 -0.412516326 0.000015851 -0.001249315 0.999999225 13.761957169
0.999999464 0.001009632 0.000126108 0.288695246 -0.001009852 0.999997973 0.001751457 -0.430074096 -0.000124340 -0.001751583 0.999998450 14.180426598
0.999999225 0.001066254 0.000395076 0.300004035 -0.001067108 0.999997079 0.002168078 -0.444136381 -0.000392763 -0.002168498 0.999997556 14.596184731
0.999999046 0.001194817 0.000574954 0.304624617 -0.001196072 0.999996901 0.002185890 -0.459014535 -0.000572340 -0.002186576 0.999997377 15.026960373
0.999999285 0.001030154 0.000625440 0.317466676 -0.001031455 0.999997258 0.002083653 -0.468459159 -0.000623292 -0.002084297 0.999997616 15.463564873
0.999998868 0.001078842 0.001022054 0.325879037 -0.001080481 0.999998152 0.001604528 -0.477523804 -0.001020320 -0.001605631 0.999998152 15.902530670
0.999998748 0.001049435 0.001171309 0.334989786 -0.001051689 0.999997556 0.001925860 -0.490808636 -0.001169285 -0.001927089 0.999997437 16.350431442
0.999998093 0.000900486 0.001738803 0.341629446 -0.000903569 0.999997973 0.001772849 -0.501917720 -0.001737203 -0.001774416 0.999996901 16.799150467
0.999997199 0.001415637 0.001870245 0.351300895 -0.001418991 0.999997377 0.001792953 -0.515313983 -0.001867702 -0.001795602 0.999996662 17.254493713
0.999996603 0.001256039 0.002292469 0.357416451 -0.001259963 0.999997735 0.001711191 -0.524607539 -0.002290315 -0.001714074 0.999995887 17.722093582
0.999996006 0.001322368 0.002537379 0.368733823 -0.001325840 0.999998271 0.001367048 -0.533764362 -0.002535566 -0.001370407 0.999995768 18.182500839
0.999997139 0.001380330 0.001954384 0.396911144 -0.001383637 0.999997616 0.001691550 -0.549636841 -0.001952045 -0.001694249 0.999996722 18.635036469
0.999994874 0.001619845 0.002765741 0.393761456 -0.001623636 0.999997735 0.001368885 -0.556212068 -0.002763517 -0.001373368 0.999995172 19.142728806
0.999995232 0.001501176 0.002690282 0.411904186 -0.001505053 0.999997795 0.001439638 -0.569927156 -0.002688116 -0.001443680 0.999995351 19.619495392
0.999996841 0.000882246 0.002364649 0.425483197 -0.000885941 0.999998450 0.001562077 -0.581920028 -0.002363268 -0.001564167 0.999996006 20.097013474
0.999995291 0.001535185 0.002628198 0.430119812 -0.001538938 0.999997795 0.001426735 -0.589973032 -0.002626003 -0.001430773 0.999995530 20.596164703
0.999992967 0.002153340 0.003059967 0.435742378 -0.002155900 0.999997318 0.000833532 -0.596535802 -0.003058164 -0.000840123 0.999994993 21.096317291
0.999996543 0.001580700 0.002107764 0.446326435 -0.001581706 0.999998689 0.000475830 -0.601020873 -0.002107009 -0.000479163 0.999997675 21.609428406
0.999997139 0.001623857 0.001743722 0.448363453 -0.001626602 0.999997437 0.001574074 -0.629621446 -0.001741162 -0.001576906 0.999997258 22.110654831
0.999997675 0.001775629 0.001230522 0.464724422 -0.001777689 0.999997020 0.001674737 -0.639659166 -0.001227544 -0.001676921 0.999997854 22.621257782
0.999997556 0.002044947 0.000831385 0.468689740 -0.002046092 0.999996901 0.001378212 -0.653499424 -0.000828565 -0.001379909 0.999998689 23.146150589
0.999998450 0.001750562 -0.000117051 0.479467213 -0.001750463 0.999998093 0.000841872 -0.666417837 0.000118525 -0.000841666 0.999999642 23.672008514
0.999999523 0.000719064 -0.000512672 0.489564836 -0.000718558 0.999999285 0.000985995 -0.683440685 0.000513381 -0.000985626 0.999999344 24.192758560
0.999998391 0.001187847 -0.001275943 0.500579774 -0.001185580 0.999997735 0.001775895 -0.698264062 0.001278050 -0.001774380 0.999997556 24.727689743
0.999995828 0.001977333 -0.002067337 0.513636172 -0.001974144 0.999996841 0.001543311 -0.714564919 0.002070382 -0.001539223 0.999996662 25.257774353
0.999994934 0.002253151 -0.002229240 0.518569469 -0.002250092 0.999996424 0.001373760 -0.725984335 0.002232327 -0.001368737 0.999996603 25.802463531
0.999994636 0.001298482 -0.002985530 0.534718454 -0.001293522 0.999997675 0.001662707 -0.744891346 0.002987682 -0.001658837 0.999994159 26.360651016
0.999993265 0.001487540 -0.003348675 0.536248088 -0.001478605 0.999995351 0.002669170 -0.767094195 0.003352630 -0.002664200 0.999990821 26.891056061
0.999992073 0.001073033 -0.003832751 0.550267696 -0.001061024 0.999994457 0.003134119 -0.791105092 0.003836093 -0.003130028 0.999987721 27.429399490
0.999986887 0.003350837 -0.003846875 0.548920035 -0.003343184 0.999992430 0.001994258 -0.798285067 0.003853528 -0.001981371 0.999990582 27.997150421
0.999990225 0.002608707 -0.003551871 0.541151881 -0.002599326 0.999993145 0.002643324 -0.813740373 0.003558742 -0.002634066 0.999990225 28.540922165
0.999989331 0.002334159 -0.003982503 0.552084327 -0.002324804 0.999994516 0.002352124 -0.825655222 0.003987971 -0.002342840 0.999989331 29.082502365
0.999987841 0.002419865 -0.004293985 0.559117377 -0.002407394 0.999992847 0.002907187 -0.846037030 0.004300989 -0.002896814 0.999986529 29.634881973
0.999985933 0.002529421 -0.004650143 0.563862801 -0.002515535 0.999992371 0.002989590 -0.856495857 0.004657670 -0.002977851 0.999984682 30.177419662
0.999985039 0.002271743 -0.004973730 0.578335762 -0.002257047 0.999993086 0.002958388 -0.874919832 0.004980417 -0.002947118 0.999983251 30.718896866
0.999984682 0.002615589 -0.004874216 0.578005672 -0.002601825 0.999992549 0.002828052 -0.885836661 0.004881578 -0.002815327 0.999984086 31.277368546
0.999982953 0.002756506 -0.005152815 0.586001039 -0.002741384 0.999991894 0.002939571 -0.897670984 0.005160877 -0.002925395 0.999982417 31.828065872
0.999979794 0.002815407 -0.005690219 0.601801515 -0.002797722 0.999991179 0.003113500 -0.918683589 0.005698935 -0.003097517 0.999978960 32.369003296
0.999981821 0.003066414 -0.005195182 0.598664522 -0.003049789 0.999990225 0.003204911 -0.926481128 0.005204958 -0.003189009 0.999981284 32.914581299
0.999975204 0.003049785 -0.006349108 0.614507079 -0.003030014 0.999990582 0.003121272 -0.946118236 0.006358568 -0.003101957 0.999974906 33.449104309
0.999978483 0.002815795 -0.005918808 0.617529094 -0.002796496 0.999990761 0.003266450 -0.955833495 0.005927951 -0.003249828 0.999977171 34.016235352
0.999977827 0.002593001 -0.006127940 0.623185694 -0.002574492 0.999992073 0.003026553 -0.970800400 0.006135739 -0.003010710 0.999976635 34.555744171
0.999975979 0.002727107 -0.006363345 0.634295106 -0.002706505 0.999991059 0.003244015 -0.984424472 0.006372135 -0.003226716 0.999974489 35.109352112
0.999979556 0.002547922 -0.005857374 0.634117424 -0.002528070 0.999991059 0.003394069 -0.995914400 0.005865969 -0.003379192 0.999977112 35.661247253
0.999973834 0.002862741 -0.006642596 0.653512537 -0.002835909 0.999987781 0.004045284 -1.026342630 0.006654095 -0.004026341 0.999969780 36.181015015
0.999973238 0.003320088 -0.006508046 0.652228296 -0.003297630 0.999988496 0.003458375 -1.031752467 0.006519455 -0.003436822 0.999972761 36.746662140
0.999973953 0.003486662 -0.006319729 0.659449756 -0.003465872 0.999988496 0.003297650 -1.043374777 0.006331155 -0.003275661 0.999974608 37.295387268
0.999970138 0.004048357 -0.006569709 0.664994478 -0.004028378 0.999987304 0.003051389 -1.048057556 0.006581978 -0.003024833 0.999973774 37.841369629
0.999974072 0.002762397 -0.006641397 0.660841286 -0.002738685 0.999989867 0.003576694 -1.078303456 0.006651210 -0.003558412 0.999971569 38.391448975
0.999972284 0.003179489 -0.006733871 0.665328622 -0.003154438 0.999988079 0.003727560 -1.092854261 0.006745643 -0.003706214 0.999970376 38.934806824
0.999971688 0.002988957 -0.006898463 0.676678300 -0.002964981 0.999989569 0.003483103 -1.105718613 0.006908801 -0.003462551 0.999970138 39.482082367
0.999969840 0.002788731 -0.007246579 0.700961828 -0.002757488 0.999986947 0.004317862 -1.130016685 0.007258525 -0.004297749 0.999964416 40.009902954
0.999969959 0.003446236 -0.006939623 0.695291221 -0.003416324 0.999984860 0.004317670 -1.142427087 0.006954398 -0.004293832 0.999966621 40.590549469
0.999965608 0.003107838 -0.007683428 0.708904564 -0.003077911 0.999987662 0.003903893 -1.152986169 0.007695466 -0.003880110 0.999962866 41.134784698
0.999966979 0.003351030 -0.007395494 0.715141296 -0.003322398 0.999986947 0.003880465 -1.160353661 0.007408401 -0.003855767 0.999965191 41.690608978
0.999962628 0.003579532 -0.007873117 0.723217845 -0.003548570 0.999985933 0.003943039 -1.173304796 0.007887120 -0.003914954 0.999961257 42.235778809
0.999964893 0.003434072 -0.007648553 0.730580628 -0.003404237 0.999986529 0.003910355 -1.186821580 0.007661879 -0.003884180 0.999963164 42.784210205
0.999965310 0.004066838 -0.007284093 0.736890912 -0.004036503 0.999983191 0.004174486 -1.198778868 0.007300947 -0.004144939 0.999964774 43.327213287
0.999961078 0.003650764 -0.008025627 0.744683385 -0.003616356 0.999984145 0.004297487 -1.214808702 0.008041188 -0.004268297 0.999958575 43.882961273
0.999963224 0.002931341 -0.008057575 0.750852466 -0.002897696 0.999987006 0.004183967 -1.226642609 0.008069734 -0.004160465 0.999958813 44.422561646
0.999960661 0.003751619 -0.008043327 0.754631639 -0.003718379 0.999984503 0.004143586 -1.237308621 0.008058747 -0.004113515 0.999959111 44.973388672
0.999960124 0.003709965 -0.008119594 0.760103703 -0.003677746 0.999985278 0.003979403 -1.245227575 0.008134240 -0.003949382 0.999959052 45.531394958
0.999961317 0.003719654 -0.007966360 0.770458996 -0.003687600 0.999985039 0.004034590 -1.258469820 0.007981249 -0.004005058 0.999960124 46.078586578
0.999959409 0.002964929 -0.008505698 0.777874470 -0.002929127 0.999986827 0.004218490 -1.273174405 0.008518093 -0.004193405 0.999954939 46.621597290
0.999954462 0.003792502 -0.008755235 0.792795837 -0.003751185 0.999981761 0.004730752 -1.293780327 0.008773017 -0.004697695 0.999950469 47.164371490
0.999958575 0.002936022 -0.008612405 0.787588358 -0.002898254 0.999986172 0.004394490 -1.299252272 0.008625188 -0.004369347 0.999953270 47.710693359
0.999960303 0.003644739 -0.008129199 0.793322682 -0.003610512 0.999984622 0.004221185 -1.313065171 0.008144460 -0.004191667 0.999958098 48.261024475
0.999957860 0.003029987 -0.008667493 0.806787968 -0.002987495 0.999983549 0.004911243 -1.328408837 0.008682232 -0.004885142 0.999950409 48.796665192
0.999956191 0.003173789 -0.008798440 0.806929946 -0.003136315 0.999985993 0.004269751 -1.333643794 0.008811867 -0.004241969 0.999952197 49.351661682
0.999958158 0.002974805 -0.008642823 0.821958542 -0.002942741 0.999988735 0.003720260 -1.341529727 0.008653792 -0.003694671 0.999955714 49.908199310
0.999955952 0.002814472 -0.008955057 0.829448223 -0.002778247 0.999987900 0.004055129 -1.360093832 0.008966361 -0.004030071 0.999951720 50.438686371
0.999952197 0.003118826 -0.009265603 0.835901022 -0.003082378 0.999987483 0.003945406 -1.369824886 0.009277791 -0.003916657 0.999949276 51.001754761
0.999954402 0.002996223 -0.009070252 0.844275773 -0.002954568 0.999985039 0.004602395 -1.389685512 0.009083906 -0.004575387 0.999948263 51.553714752
0.999949872 0.003044633 -0.009533171 0.853480935 -0.003002409 0.999985635 0.004440306 -1.404879808 0.009546552 -0.004411462 0.999944746 52.094562531
0.999949217 0.002345006 -0.009800879 0.864559174 -0.002307763 0.999990046 0.003809560 -1.409754038 0.009809716 -0.003786748 0.999944687 52.638946533
0.999952734 0.002330520 -0.009444163 0.864851534 -0.002292152 0.999989092 0.004071429 -1.423203826 0.009453548 -0.004049589 0.999947071 53.179161072
0.999949515 0.002479610 -0.009739507 0.869627893 -0.002442159 0.999989569 0.003855275 -1.437388897 0.009748966 -0.003831295 0.999945164 53.733188629
0.999950290 0.002795093 -0.009576032 0.879852653 -0.002757333 0.999988437 0.003954052 -1.451969504 0.009586973 -0.003927450 0.999946356 54.280059814
0.999950469 0.002469932 -0.009644329 0.877629876 -0.002429804 0.999988496 0.004170330 -1.465096474 0.009654518 -0.004146690 0.999944806 54.820213318
0.999952018 0.002578034 -0.009448552 0.878089309 -0.002541050 0.999989092 0.003924143 -1.477538109 0.009458565 -0.003899945 0.999947727 55.372261047
0.999949455 0.002578348 -0.009716036 0.887446046 -0.002540093 0.999989092 0.003947655 -1.487543344 0.009726107 -0.003922776 0.999944985 55.906345367
0.999947786 0.002378152 -0.009936308 0.892008722 -0.002339453 0.999989629 0.003904442 -1.500934124 0.009945490 -0.003880993 0.999943018 56.450092316
0.999947786 0.002308916 -0.009952432 0.911729097 -0.002268803 0.999989212 0.004039877 -1.520009995 0.009961653 -0.004017086 0.999942303 56.980060577
0.999945521 0.002654080 -0.010096096 0.914424479 -0.002617190 0.999989808 0.003665355 -1.522893786 0.010105723 -0.003638732 0.999942303 57.548458099
0.999941707 0.003227219 -0.010309334 0.918281794 -0.003185147 0.999986529 0.004094775 -1.542484879 0.010322411 -0.004061700 0.999938428 58.093883514
0.999940932 0.003417566 -0.010311223 0.927219391 -0.003376229 0.999986231 0.004023607 -1.555906534 0.010324832 -0.003988557 0.999938726 58.630512238
0.999944866 0.002550500 -0.010188931 0.935113966 -0.002517889 0.999991596 0.003212185 -1.556285858 0.010197039 -0.003186353 0.999942899 59.181499481
0.999942958 0.002069142 -0.010485195 0.944576442 -0.002041392 0.999994338 0.002656548 -1.569516420 0.010490633 -0.002634991 0.999941528 59.721733093
0.999943018 0.002583489 -0.010361961 0.948004723 -0.002551755 0.999992013 0.003074525 -1.582018375 0.010369821 -0.003047909 0.999941587 60.275096893
0.999938190 0.003048209 -0.010683908 0.955850899 -0.003015678 0.999990761 0.003059625 -1.595451593 0.010693135 -0.003027217 0.999938250 60.819053650
0.999943316 0.003516724 -0.010047370 0.957779944 -0.003488525 0.999989927 0.002822767 -1.609549999 0.010057197 -0.002787557 0.999945521 61.371616364
0.999938905 0.002996516 -0.010630254 0.970643282 -0.002967754 0.999991834 0.002720416 -1.618132949 0.010638319 -0.002688701 0.999939799 61.907352448
0.999937713 0.002682519 -0.010835045 0.971777797 -0.002652007 0.999992430 0.002829490 -1.635040998 0.010842553 -0.002800578 0.999937296 62.451202393
0.999942422 0.002779313 -0.010374541 0.975042582 -0.002747183 0.999991357 0.003109969 -1.654314876 0.010383097 -0.003081288 0.999941289 62.996345520
0.999938846 0.002841494 -0.010692679 0.978473008 -0.002804024 0.999989927 0.003517572 -1.670076966 0.010702565 -0.003487374 0.999936640 63.546867371
0.999940038 0.003138323 -0.010484870 0.976828694 -0.003108615 0.999991119 0.002848519 -1.671276808 0.010493712 -0.002815755 0.999940991 64.094512939
0.999942303 0.002857128 -0.010357586 0.975918472 -0.002830626 0.999992669 0.002572454 -1.681852221 0.010364858 -0.002542987 0.999943078 64.645210266
0.999936879 0.002660041 -0.010909671 0.990964830 -0.002629024 0.999992490 0.002856470 -1.693750620 0.010917186 -0.002827608 0.999936402 65.176551819
0.999941111 0.003682357 -0.010208213 0.968180776 -0.003656907 0.999990106 0.002510712 -1.697417021 0.010217357 -0.002473233 0.999944746 65.725646973
0.999943495 0.003179218 -0.010144650 0.997206628 -0.003152576 0.999991536 0.002641179 -1.718525648 0.010152962 -0.002609048 0.999944985 66.283462524
0.999945104 0.003256342 -0.009964589 0.998531342 -0.003235916 0.999992609 0.002065276 -1.724702716 0.009971241 -0.002032919 0.999948144 66.838760376
0.999940634 0.003080095 -0.010452976 1.012903214 -0.003055734 0.999992549 0.002345713 -1.746832490 0.010460124 -0.002313632 0.999942601 67.391601562
0.999939144 0.003987466 -0.010281295 1.014181852 -0.003960274 0.999988556 0.002663859 -1.759517312 0.010291801 -0.002622980 0.999943614 67.936576843
0.999934435 0.004553272 -0.010500567 1.026425123 -0.004521709 0.999985158 0.003027626 -1.779042244 0.010514197 -0.002979948 0.999940336 68.465255737
0.999938250 0.004267619 -0.010259633 1.030353546 -0.004241072 0.999987662 0.002607745 -1.790807724 0.010270636 -0.002564073 0.999943972 69.019485474
0.999937415 0.004337200 -0.010309882 1.032138824 -0.004302270 0.999984920 0.003407755 -1.812676191 0.010324507 -0.003363186 0.999941051 69.560058594
0.999945641 0.003889378 -0.009669023 1.019837141 -0.003865453 0.999989450 0.002491877 -1.814043999 0.009678610 -0.002454366 0.999950111 70.100654602
0.999942243 0.004221355 -0.009877644 1.027221084 -0.004195755 0.999987841 0.002610999 -1.829235435 0.009888545 -0.002569404 0.999947786 70.647750854
0.999946356 0.003633135 -0.009689049 1.031436682 -0.003613722 0.999991477 0.002020351 -1.832890868 0.009696307 -0.001985229 0.999950945 71.187057495
0.999946952 0.004658223 -0.009186195 1.025517225 -0.004640402 0.999987304 0.001960418 -1.847913265 0.009195210 -0.001917686 0.999955893 71.732017517
0.999945283 0.004541570 -0.009427159 1.036551237 -0.004520646 0.999987245 0.002239718 -1.868884563 0.009437212 -0.002196978 0.999953032 72.274856567
0.999935746 0.005081769 -0.010133810 1.055968761 -0.005059537 0.999984801 0.002218345 -1.887644410 0.010144929 -0.002166931 0.999946177 72.821075439
0.999947965 0.004438831 -0.009187582 1.034434795 -0.004415391 0.999986947 0.002569879 -1.899362206 0.009198868 -0.002529178 0.999954462 73.360000610
0.999945343 0.004178666 -0.009592774 1.042409897 -0.004155518 0.999988437 0.002431791 -1.911699772 0.009602825 -0.002391795 0.999951005 73.898597717
0.999943972 0.004543719 -0.009570840 1.044440508 -0.004520533 0.999986768 0.002442846 -1.926196814 0.009581815 -0.002399444 0.999951184 74.437446594
0.999941289 0.004931864 -0.009649083 1.056243896 -0.004904942 0.999984026 0.002811717 -1.940767884 0.009662795 -0.002764224 0.999949455 74.976333618
0.999939561 0.004702732 -0.009937796 1.061985373 -0.004671981 0.999984205 0.003115267 -1.957796216 0.009952288 -0.003068650 0.999945760 75.516609192
0.999945581 0.004123058 -0.009582010 1.065777659 -0.004100261 0.999988735 0.002397635 -1.966994166 0.009591792 -0.002358216 0.999951243 76.067008972
0.999936223 0.004936849 -0.010155736 1.070038080 -0.004908184 0.999983907 0.002845546 -1.982746005 0.010169620 -0.002795519 0.999944448 76.625068665
0.999940455 0.004134210 -0.010099640 1.088316441 -0.004111030 0.999988854 0.002314791 -1.998669624 0.010109098 -0.002273133 0.999946296 77.141265869
0.999939382 0.004569392 -0.010016883 1.085924983 -0.004545526 0.999986768 0.002404032 -2.009080172 0.010027737 -0.002358354 0.999946952 77.701995850
0.999936700 0.003920075 -0.010541951 1.098813295 -0.003887868 0.999987721 0.003073919 -2.031201124 0.010553872 -0.003032739 0.999939740 78.247764587
0.999937415 0.004908394 -0.010051714 1.096238375 -0.004883954 0.999985039 0.002454424 -2.041953087 0.010063611 -0.002405179 0.999946475 78.793045044
0.999934852 0.004371369 -0.010539852 1.116388798 -0.004345447 0.999987423 0.002481063 -2.055209637 0.010550565 -0.002435101 0.999941409 79.331398010
0.999936938 0.004075953 -0.010464768 1.116708875 -0.004049371 0.999988496 0.002560014 -2.070543528 0.010475084 -0.002517477 0.999941945 79.883308411
0.999936581 0.003790871 -0.010607052 1.127414227 -0.003763609 0.999989569 0.002588988 -2.085808754 0.010616755 -0.002548903 0.999940336 80.428321838
0.999946892 0.004291145 -0.009372432 1.129510403 -0.004266643 0.999987364 0.002632674 -2.096486568 0.009383610 -0.002592545 0.999952555 80.982215881
0.999957561 0.004603101 -0.007982985 1.135957241 -0.004583742 0.999986470 0.002441725 -2.113010406 0.007994118 -0.002405030 0.999965131 81.517433167
0.999964774 0.004559705 -0.007047707 1.143091917 -0.004540905 0.999986112 0.002681314 -2.128283739 0.007059834 -0.002649215 0.999971509 82.057098389
0.999971271 0.004741849 -0.005905139 1.153619289 -0.004725911 0.999985099 0.002710098 -2.139960527 0.005917902 -0.002682113 0.999978900 82.598075867
0.999984443 0.004899842 -0.002670569 1.169132471 -0.004893059 0.999984801 0.002540601 -2.151086807 0.002682977 -0.002527494 0.999993205 83.150459290
0.999990046 0.004345965 0.001022289 1.180366158 -0.004348600 0.999987185 0.002589970 -2.166291237 -0.001011020 -0.002594391 0.999996126 83.681068420
0.999977112 0.005147498 0.004397368 1.193142295 -0.005158189 0.999983728 0.002423621 -2.180398941 -0.004384821 -0.002446248 0.999987364 84.232757568
0.999949455 0.004926373 0.008767572 1.222553492 -0.004949959 0.999984324 0.002670563 -2.201690674 -0.008754279 -0.002713827 0.999957919 84.776329041
0.999881148 0.004565211 0.014726924 1.243160963 -0.004599106 0.999986887 0.002268557 -2.210733414 -0.014716372 -0.002336018 0.999888897 85.330764771
0.999787092 0.004543338 0.020127844 1.272001863 -0.004610817 0.999983847 0.003307430 -2.233639240 -0.020112492 -0.003399532 0.999791920 85.858161926
0.999654412 0.004489849 0.025902053 1.300484657 -0.004552095 0.999986827 0.002344653 -2.238749981 -0.025891187 -0.002461751 0.999661744 86.423423767
0.999416769 0.004480600 0.033855438 1.336222649 -0.004561755 0.999986887 0.002320244 -2.252918005 -0.033844601 -0.002473331 0.999424040 86.970817566
0.999096751 0.005632897 0.042119525 1.373130560 -0.005752490 0.999979734 0.002718710 -2.272368908 -0.042103365 -0.002958547 0.999108911 87.517707825
0.998764932 0.004426136 0.049486712 1.405396461 -0.004549662 0.999986827 0.002383784 -2.279761314 -0.049475502 -0.002605987 0.998771906 88.051307678
0.998271823 0.004414211 0.058599588 1.459646225 -0.004548841 0.999987364 0.002164256 -2.293792725 -0.058589287 -0.002427076 0.998279274 88.597709656
0.997674823 0.004351581 0.068016462 1.525098324 -0.004512397 0.999987364 0.002210893 -2.310157537 -0.068005987 -0.002512669 0.997681856 89.123748779
0.997026026 0.003962768 0.076962888 1.574322701 -0.004163483 0.999988317 0.002447674 -2.325811148 -0.076952286 -0.002760828 0.997030973 89.694671631
0.996373475 0.003471963 0.085016333 1.638720512 -0.003689082 0.999990284 0.002396892 -2.339599848 -0.085007183 -0.002701831 0.996376693 90.242805481
0.995357513 0.003801283 0.096172802 1.703185558 -0.004047741 0.999989033 0.002367686 -2.355349541 -0.096162744 -0.002745975 0.995361865 90.786361694
0.994252026 0.004129963 0.106985770 1.771731853 -0.004382703 0.999988198 0.002127365 -2.366663456 -0.106975712 -0.002584024 0.994258344 91.328041077
0.993291557 0.003172398 0.115593933 1.856908798 -0.003479508 0.999991059 0.002455119 -2.384076834 -0.115585104 -0.002840860 0.993293583 91.831619263
0.991887510 0.003555647 0.127070040 1.947287560 -0.003952760 0.999988019 0.002873124 -2.399073362 -0.127058297 -0.003352093 0.991889596 92.407531738
0.990325093 0.002768995 0.138739243 2.049424171 -0.003152863 0.999991775 0.002547137 -2.415317774 -0.138731033 -0.002959919 0.990325630 92.932388306
0.988757074 0.002945739 0.149501726 2.154946327 -0.003384197 0.999990702 0.002678479 -2.431433678 -0.149492458 -0.003154308 0.988757849 93.498321533
0.987127304 0.002715736 0.159913287 2.261788368 -0.003176704 0.999991536 0.002627042 -2.444571495 -0.159904793 -0.003101222 0.987127542 94.043716431
0.984936118 0.002787933 0.172895998 2.376927376 -0.003293230 0.999991119 0.002635762 -2.456915140 -0.172887117 -0.003165443 0.984936535 94.566177368
0.982675672 0.002407151 0.185317665 2.497985840 -0.002925404 0.999992549 0.002523184 -2.467911482 -0.185310230 -0.003021600 0.982675374 95.106155396
0.980657339 0.002055677 0.195721567 2.619928360 -0.002608551 0.999993324 0.002567074 -2.479377985 -0.195714980 -0.003027970 0.980656147 95.644874573
0.978007436 0.002268399 0.208558038 2.759534836 -0.002909539 0.999991953 0.002767430 -2.497468472 -0.208550081 -0.003313374 0.978006124 96.178916931
0.975072861 0.001638489 0.221878499 2.900911331 -0.002316045 0.999993443 0.002793576 -2.508347511 -0.221872494 -0.003237822 0.975070238 96.692626953
0.972629368 0.001004595 0.232359618 3.046607971 -0.001732279 0.999994278 0.002927688 -2.525930882 -0.232355356 -0.003250067 0.972625494 97.220222473
0.969539046 0.001004526 0.244934738 3.194068909 -0.001770949 0.999994278 0.002908874 -2.536398649 -0.244930401 -0.003254034 0.969535172 97.744285583
0.965820074 0.001228438 0.259210467 3.352230072 -0.001964328 0.999994874 0.002579974 -2.545723200 -0.259205997 -0.003000966 0.965817392 98.289924622
0.962388039 0.000717858 0.271677762 3.523084641 -0.001382461 0.999996483 0.002254908 -2.557959080 -0.271675199 -0.002545680 0.962385595 98.818328857
0.959131300 0.000178573 0.282961369 3.694362640 -0.000984277 0.999995828 0.002705242 -2.577284575 -0.282959700 -0.002873195 0.959127426 99.334854126
0.955031931 -0.000174010 0.296503216 3.872486115 -0.000770728 0.999994934 0.003069373 -2.591217995 -0.296502292 -0.003159872 0.955026984 99.835166931
0.950734735 0.000034674 0.310005486 4.071578979 -0.000909938 0.999995947 0.002678778 -2.604354382 -0.310004205 -0.002828893 0.950730979 100.365890503
0.946842134 -0.000754530 0.321697652 4.272579193 -0.000114028 0.999996424 0.002681068 -2.612907171 -0.321698576 -0.002575231 0.946838617 100.890197754
0.942285299 -0.000453647 0.334810615 4.479583740 -0.000423572 0.999996662 0.002547027 -2.629784822 -0.334810644 -0.002541842 0.942282021 101.405212402
0.937393010 -0.000840733 0.348272324 4.699337006 -0.000089406 0.999996483 0.002654641 -2.647640467 -0.348273307 -0.002519580 0.937389672 101.902008057
0.932555020 -0.000876642 0.361026704 4.910566330 -0.000199357 0.999995649 0.002943132 -2.662539244 -0.361027688 -0.002816606 0.932550848 102.434722900
0.927923441 -0.002150570 0.372764885 5.140235901 0.001470142 0.999996662 0.002109599 -2.668859720 -0.372768164 -0.001409529 0.927923441 102.942749023
0.922088861 -0.001838569 0.386973739 5.370716095 0.000839008 0.999995887 0.002751922 -2.684628010 -0.386977285 -0.002212842 0.922086537 103.442710876
0.916551590 -0.002922036 0.399905622 5.610198975 0.002124990 0.999994814 0.002436470 -2.694740772 -0.399910659 -0.001383355 0.916553020 103.932586670
0.911738515 -0.002444688 0.410763651 5.851852417 0.001371866 0.999994874 0.002906520 -2.718007088 -0.410768569 -0.002086474 0.911737204 104.406356812
0.905212760 -0.003427339 0.424944818 6.109436035 0.002287905 0.999992311 0.003191642 -2.733038425 -0.424952537 -0.001916881 0.905213594 104.922958374
0.898785472 -0.003726956 0.438372821 6.374938965 0.002445121 0.999990940 0.003488542 -2.749429941 -0.438381821 -0.002063577 0.898786426 105.403175354
0.893114209 -0.004661949 0.449805796 6.648372650 0.003426590 0.999987841 0.003560551 -2.761581898 -0.449816883 -0.001638678 0.893119276 105.894905090
0.887361288 -0.004862435 0.461049020 6.893898010 0.003751591 0.999987423 0.003325799 -2.770237923 -0.461059362 -0.001221518 0.887368441 106.361846924
0.880321324 -0.004776388 0.474353880 7.179752350 0.003748761 0.999988079 0.003112060 -2.781767130 -0.474363148 -0.000961373 0.880328774 106.843589783
0.873438954 -0.005135575 0.486906588 7.461093903 0.003897297 0.999986053 0.003556026 -2.798928976 -0.486918062 -0.001208352 0.873446822 107.303054810
0.867612362 -0.005921206 0.497205913 7.745723724 0.004621146 0.999981880 0.003844958 -2.818418980 -0.497219712 -0.001038272 0.867624044 107.767501831
