1.000000000 0.000000000 0.000000000 0.000000000 0.000000000 1.000000000 0.000000000 0.000000000 0.000000000 0.000000000 1.000000000 0.000000000
1.000000000 0.000128172 0.000014131 -0.000026370 -0.000128172 1.000000000 -0.000034847 0.000448207 -0.000014136 0.000034845 1.000000000 0.000157402
1.000000000 0.000093863 0.000082958 -0.000701172 -0.000093869 1.000000000 0.000062472 -0.000446631 -0.000082952 -0.000062480 1.000000000 -0.000250684
1.000000000 -0.000081093 0.000095407 -0.000266218 0.000081097 1.000000000 -0.000044059 0.000576494 -0.000095404 0.000044066 1.000000000 0.000374256
1.000000000 -0.000036625 0.000105351 -0.000451524 0.000036624 1.000000000 0.000011097 0.000195954 -0.000105351 -0.000011093 1.000000000 0.000083560
1.000000000 0.000049324 0.000163800 -0.001297432 -0.000049325 1.000000000 0.000004686 0.000396347 -0.000163800 -0.000004694 1.000000000 -0.000011494
1.000000000 -0.000063324 0.000095056 -0.000657295 0.000063325 1.000000000 -0.000016605 0.000194776 -0.000095055 0.000016611 1.000000000 -0.000238711
1.000000000 0.000031507 0.000094060 -0.000682094 -0.000031514 1.000000000 0.000072499 -0.000644559 -0.000094057 -0.000072502 1.000000000 -0.000617121
1.000000000 -0.000007218 0.000014007 -0.000757616 0.000007219 1.000000000 -0.000073096 0.000082950 -0.000014007 0.000073096 1.000000000 -0.000198459
1.000000000 -0.000029403 0.000067314 -0.000116377 0.000029401 1.000000000 0.000041602 -0.001275546 -0.000067315 -0.000041600 1.000000000 -0.000253392
1.000000000 0.000088888 0.000102117 -0.001017843 -0.000088897 1.000000000 0.000080221 -0.000936397 -0.000102109 -0.000080230 1.000000000 -0.000067551
1.000000000 0.000039329 0.000105805 -0.000755389 -0.000039327 1.000000000 -0.000023171 0.000061245 -0.000105805 0.000023167 1.000000000 -0.000388786
1.000000000 0.000088335 0.000050512 -0.000783766 -0.000088332 1.000000000 -0.000060700 -0.000659888 -0.000050518 0.000060695 1.000000000 -0.001292858
1.000000000 0.000062420 0.000067256 -0.000672270 -0.000062418 1.000000000 -0.000022430 0.000528307 -0.000067257 0.000022425 1.000000000 0.000207941
1.000000000 0.000028169 0.000103291 -0.001723352 -0.000028159 1.000000000 -0.000099324 0.001164136 -0.000103294 0.000099321 1.000000000 0.000574227
1.000000000 0.000087178 0.000036087 -0.000188543 -0.000087175 1.000000000 -0.000092102 0.001927163 -0.000036095 0.000092099 1.000000000 0.002000822
1.000000000 0.000119537 0.000135210 -0.001296220 -0.000119522 1.000000000 -0.000108823 0.001672472 -0.000135223 0.000108806 1.000000000 0.002505656
1.000000000 0.000130545 0.000114509 -0.001608554 -0.000130531 1.000000000 -0.000117279 0.001168628 -0.000114524 0.000117264 1.000000000 0.001214821
0.999999940 0.000225843 0.000184311 -0.002320794 -0.000225825 0.999999940 -0.000098412 0.001967992 -0.000184334 0.000098371 1.000000000 0.002512516
1.000000000 0.000167541 0.000164113 -0.001591114 -0.000167521 1.000000000 -0.000124399 0.001904684 -0.000164134 0.000124371 1.000000000 0.002198521
1.000000000 0.000136416 0.000187245 -0.002268961 -0.000136398 1.000000000 -0.000091374 0.001475353 -0.000187258 0.000091349 1.000000000 0.002206851
1.000000000 0.000120171 0.000118116 -0.001988910 -0.000120159 1.000000000 -0.000095954 0.001810309 -0.000118128 0.000095940 1.000000000 0.001770200
1.000000000 0.000114055 0.000086419 -0.000782718 -0.000114043 1.000000000 -0.000135508 0.002391250 -0.000086435 0.000135498 1.000000000 0.003090837
1.000000000 0.000115370 0.000107134 -0.001592245 -0.000115356 1.000000000 -0.000130108 0.002776144 -0.000107149 0.000130096 1.000000000 0.003432926
0.999999940 0.000288867 0.000086482 -0.001777579 -0.000288859 0.999999940 -0.000096660 0.002697636 -0.000086510 0.000096635 1.000000000 0.003827180
0.999999940 0.000324241 0.000148890 -0.002063046 -0.000324237 0.999999940 -0.000029046 0.001475413 -0.000148899 0.000028997 1.000000000 0.001947632
1.000000000 0.000136117 0.000188599 -0.002167656 -0.000136104 1.000000000 -0.000069034 0.003037844 -0.000188609 0.000069008 1.000000000 0.003292672
0.999999940 0.000173826 0.000179285 -0.001902728 -0.000173823 1.000000000 -0.000018477 0.001441976 -0.000179288 0.000018446 1.000000000 0.002553587
1.000000000 0.000143231 0.000107523 -0.001666001 -0.000143224 1.000000000 -0.000068885 0.002590194 -0.000107533 0.000068870 1.000000000 0.002637915
1.000000000 0.000173833 0.000149524 -0.002237731 -0.000173816 1.000000000 -0.000115044 0.002753731 -0.000149544 0.000115018 1.000000000 0.003111386
0.999999940 0.000144282 0.000213145 -0.001518652 -0.000144273 1.000000000 -0.000043420 0.001558912 -0.000213151 0.000043389 1.000000000 0.002870768
1.000000000 0.000033271 0.000191664 -0.001097298 -0.000033245 1.000000000 -0.000139068 0.003443027 -0.000191668 0.000139062 1.000000000 0.003875507
1.000000000 0.000148650 0.000072500 -0.000296834 -0.000148633 0.999999940 -0.000224405 0.003826833 -0.000072533 0.000224395 1.000000000 0.003747171
1.000000000 0.000148028 0.000156802 -0.001221727 -0.000148014 1.000000000 -0.000087003 0.001848791 -0.000156815 0.000086979 1.000000000 0.002168874
0.999999940 0.000255893 0.000217207 -0.002753300 -0.000255866 0.999999940 -0.000124494 0.001994966 -0.000217239 0.000124438 0.999999940 0.001724494
0.999999940 0.000270369 0.000230759 -0.001601178 -0.000270342 0.999999940 -0.000114808 0.001933194 -0.000230790 0.000114746 0.999999940 0.001754224
1.000000000 0.000090845 0.000113359 -0.001197581 -0.000090843 1.000000000 -0.000019326 0.001879741 -0.000113361 0.000019315 1.000000000 0.001940969
0.999999940 0.000233539 0.000166519 -0.002163610 -0.000233523 0.999999940 -0.000096844 0.003075974 -0.000166542 0.000096805 1.000000000 0.003540882
0.999999940 0.000225368 0.000219778 -0.001906974 -0.000225342 0.999999940 -0.000120617 0.002966508 -0.000219806 0.000120567 0.999999940 0.002223916
1.000000000 0.000159366 0.000109241 -0.000658813 -0.000159352 1.000000000 -0.000124060 0.003741329 -0.000109261 0.000124043 1.000000000 0.003220784
1.000000000 0.000049548 0.000089647 0.000231696 -0.000049535 1.000000000 -0.000144979 0.001545547 -0.000089654 0.000144974 1.000000000 0.003459552
0.999999940 0.000382183 0.000179747 0.000730664 -0.000382064 0.999999702 -0.000657656 -0.001348915 -0.000179998 0.000657587 0.999999762 0.051775195
1.000000000 0.000202475 0.000071816 0.002335893 -0.000202388 0.999999225 -0.001211818 -0.003353170 -0.000072061 0.001211804 0.999999285 0.140676379
0.999999881 -0.000223178 0.000395495 -0.000020816 0.000223635 0.999999285 -0.001153895 -0.009269192 -0.000395237 0.001153983 0.999999285 0.258377761
0.999999881 0.000056328 0.000431895 0.003422247 -0.000055918 0.999999523 -0.000948540 -0.012775240 -0.000431948 0.000948516 0.999999523 0.388703167
0.999999940 -0.000110355 0.000166449 0.007694281 0.000110514 0.999999523 -0.000956105 -0.014988035 -0.000166344 0.000956124 0.999999523 0.540210545
0.999999762 -0.000628068 0.000034640 0.012945936 0.000628096 0.999999464 -0.000818066 -0.020688193 -0.000034126 0.000818088 0.999999702 0.691318452
0.999999762 -0.000644946 -0.000006173 0.018426532 0.000644943 0.999999642 -0.000514749 -0.024631793 0.000006505 0.000514745 0.999999940 0.856983602
0.999999940 -0.000318921 0.000001531 0.020029817 0.000318921 0.999999821 -0.000468929 -0.028046131 -0.000001382 0.000468930 0.999999881 1.024061441
0.999999821 -0.000468931 0.000077723 0.022491189 0.000468987 0.999999642 -0.000720458 -0.032956976 -0.000077385 0.000720494 0.999999762 1.223668218
0.999999940 -0.000402020 0.000153662 0.027159451 0.000402048 0.999999940 -0.000183702 -0.042103887 -0.000153588 0.000183764 1.000000000 1.403037667
0.999999821 -0.000585760 0.000117523 0.029391795 0.000585814 0.999999762 -0.000463809 -0.040647041 -0.000117252 0.000463877 0.999999940 1.607425332
0.999999523 -0.000982319 0.000242425 0.035508625 0.000982350 0.999999464 -0.000124123 -0.049037673 -0.000242303 0.000124361 1.000000000 1.806944251
0.999999821 -0.000500245 0.000359601 0.036594652 0.000500199 0.999999881 0.000127435 -0.055088669 -0.000359665 -0.000127256 1.000000000 2.004791498
0.999999464 -0.001015966 0.000298076 0.040772263 0.001015885 0.999999464 0.000270542 -0.066635735 -0.000298351 -0.000270239 0.999999940 2.229195356
0.999999642 -0.000546281 0.000672282 0.042683434 0.000546150 0.999999821 0.000194651 -0.071297519 -0.000672388 -0.000194283 0.999999762 2.449352980
0.999999881 -0.000452658 0.000414308 0.050532546 0.000452673 0.999999940 -0.000034933 -0.073693760 -0.000414292 0.000035120 1.000000000 2.676933527
0.999999702 -0.000447852 0.000731635 0.054708887 0.000447647 0.999999940 0.000280246 -0.083866432 -0.000731761 -0.000279918 0.999999762 2.905894518
0.999999464 -0.000701130 0.000760712 0.055456433 0.000700915 0.999999762 0.000281412 -0.088176273 -0.000760909 -0.000280878 0.999999762 3.151152372
0.999999344 -0.000681664 0.000838452 0.059313241 0.000681268 0.999999642 0.000472167 -0.098121673 -0.000838774 -0.000471596 0.999999464 3.374783039
0.999999285 -0.000782338 0.000930774 0.062967949 0.000781728 0.999999464 0.000655842 -0.106701843 -0.000931287 -0.000655114 0.999999344 3.626935244
0.999999225 -0.000888712 0.000941136 0.067405619 0.000888179 0.999999404 0.000566745 -0.112782925 -0.000941639 -0.000565909 0.999999404 3.888865709
0.999999166 -0.000349386 0.001234705 0.065073490 0.000348718 0.999999821 0.000541829 -0.118194707 -0.001234894 -0.000541398 0.999999106 4.153536797
0.999998987 -0.000015481 0.001392328 0.072101697 0.000014891 0.999999940 0.000423896 -0.122732095 -0.001392335 -0.000423874 0.999998987 4.409693718
0.999998927 -0.000228438 0.001446939 0.074483171 0.000227835 0.999999881 0.000417048 -0.130987272 -0.001447034 -0.000416718 0.999998927 4.666878223
0.999999046 -0.000495911 0.001274698 0.086059749 0.000495446 0.999999762 0.000365068 -0.136045992 -0.001274879 -0.000364436 0.999999106 4.935352802
0.999999106 -0.000090063 0.001343074 0.091471098 0.000089508 0.999999940 0.000413332 -0.142359003 -0.001343111 -0.000413212 0.999998987 5.194347382
0.999999046 -0.000459029 0.001233474 0.098752886 0.000458719 0.999999881 0.000251562 -0.148441046 -0.001233589 -0.000250996 0.999999225 5.459073067
0.999999166 -0.000577612 0.001073505 0.100074433 0.000576891 0.999999583 0.000671945 -0.159490377 -0.001073893 -0.000671325 0.999999166 5.729640961
0.999998868 -0.000023563 0.001451521 0.097141780 0.000022702 0.999999821 0.000593533 -0.168689847 -0.001451535 -0.000593499 0.999998748 5.994123459
0.999998569 0.000357685 0.001591530 0.102260783 -0.000358398 0.999999762 0.000447411 -0.175793916 -0.001591370 -0.000447981 0.999998629 6.270798683
0.999998808 0.000332980 0.001489814 0.111562014 -0.000333504 0.999999821 0.000351444 -0.176608473 -0.001489697 -0.000351941 0.999998808 6.573467731
0.999998748 -0.000381268 0.001549519 0.117282562 0.000380562 0.999999821 0.000455948 -0.187219620 -0.001549693 -0.000455358 0.999998629 6.860126972
0.999998450 -0.000060586 0.001762723 0.122496113 0.000059920 0.999999940 0.000377613 -0.193628103 -0.001762745 -0.000377507 0.999998391 7.161244869
0.999998748 -0.000495147 0.001498203 0.132880643 0.000494230 0.999999702 0.000612280 -0.202414900 -0.001498506 -0.000611539 0.999998689 7.464506149
0.999998868 -0.000490221 0.001402983 0.138426095 0.000488700 0.999999285 0.001084259 -0.227657989 -0.001403514 -0.001083572 0.999998391 7.770071507
0.999998629 -0.000501463 0.001541396 0.148817182 0.000499821 0.999999225 0.001065756 -0.232982382 -0.001541929 -0.001064984 0.999998271 8.092257500
0.999998689 -0.000360410 0.001567291 0.149998367 0.000358545 0.999999166 0.001190515 -0.242920697 -0.001567719 -0.001189952 0.999998093 8.410799980
0.999998450 0.000045423 0.001723486 0.157934681 -0.000047215 0.999999464 0.001040000 -0.253205121 -0.001723438 -0.001040080 0.999997914 8.726851463
0.999998271 0.000133737 0.001856266 0.154482231 -0.000135372 0.999999523 0.000880815 -0.261399388 -0.001856147 -0.000881065 0.999997854 9.063911438
0.999998629 0.000201723 0.001624192 0.163019463 -0.000203846 0.999999106 0.001306888 -0.275648475 -0.001623927 -0.001307218 0.999997854 9.409874916
0.999997854 0.000600583 0.002019308 0.174961165 -0.000602773 0.999999225 0.001083939 -0.288257182 -0.002018655 -0.001085154 0.999997377 9.742241859
0.999997854 0.000715429 0.001947572 0.173365459 -0.000718141 0.999998808 0.001392339 -0.295843214 -0.001946573 -0.001393735 0.999997139 10.094008446
0.999998152 0.000433609 0.001864488 0.177861884 -0.000435905 0.999999166 0.001230860 -0.312910616 -0.001863953 -0.001231671 0.999997497 10.444625854
0.999997795 0.000327039 0.002055149 0.186154634 -0.000329172 0.999999404 0.001037850 -0.322022259 -0.002054808 -0.001038525 0.999997318 10.808748245
0.999998212 0.000296657 0.001860985 0.196820810 -0.000299074 0.999999166 0.001298782 -0.329877734 -0.001860598 -0.001299336 0.999997437 11.178314209
0.999998391 -0.000356121 0.001763287 0.204900846 0.000353717 0.999998987 0.001363494 -0.341893911 -0.001763771 -0.001362868 0.999997497 11.554122925
0.999998569 0.000186793 0.001682015 0.214658216 -0.000188887 0.999999225 0.001244912 -0.347664654 -0.001681781 -0.001245228 0.999997795 11.932401657
0.999998271 -0.000063236 0.001871326 0.224532723 0.000060221 0.999998748 0.001610905 -0.364478439 -0.001871425 -0.001610790 0.999996901 12.312748909
0.999997973 0.000312441 0.002052684 0.227347761 -0.000316668 0.999997854 0.002059329 -0.380740106 -0.002052037 -0.002059974 0.999995768 12.686096191
0.999997020 0.000526478 0.002395769 0.230048776 -0.000531296 0.999997914 0.002010745 -0.390062422 -0.002394705 -0.002012011 0.999995112 13.090200424
0.999996662 0.000290929 0.002568627 0.231641799 -0.000297391 0.999996722 0.002515796 -0.406099111 -0.002567886 -0.002516551 0.999993563 13.478989601
0.999996662 0.000238810 0.002573572 0.241507962 -0.000244706 0.999997318 0.002290827 -0.415333033 -0.002573019 -0.002291449 0.999994040 13.894985199
0.999996006 0.000753709 0.002735005 0.246676534 -0.000760792 0.999996424 0.002589481 -0.422562301 -0.002733044 -0.002591552 0.999992967 14.322047234
0.999994040 0.000657591 0.003394580 0.250712067 -0.000665237 0.999997199 0.002251863 -0.430970371 -0.003393089 -0.002254107 0.999991715 14.706226349
0.999996126 0.000071475 0.002760082 0.268709481 -0.000078152 0.999997139 0.002419139 -0.440412998 -0.002759901 -0.002419345 0.999993265 15.144550323
0.999993443 0.000573537 0.003577258 0.274535596 -0.000582414 0.999996781 0.002480976 -0.458938390 -0.003575824 -0.002483043 0.999990523 15.558199883
0.999991775 0.000214353 0.004062293 0.284875810 -0.000223530 0.999997497 0.002258816 -0.463831663 -0.004061798 -0.002259705 0.999989212 16.007617950
0.999988973 0.000865125 0.004615510 0.288976431 -0.000877127 0.999996185 0.002598918 -0.480666608 -0.004613244 -0.002602937 0.999985933 16.422611237
0.999987602 0.001264462 0.004820981 0.296344787 -0.001275913 0.999996364 0.002372837 -0.493471354 -0.004817964 -0.002378959 0.999985576 16.874612808
0.999985576 0.001171168 0.005237006 0.304719806 -0.001185072 0.999995768 0.002652518 -0.509215355 -0.005233878 -0.002658687 0.999982774 17.312683105
0.999984622 0.000759997 0.005483592 0.318769217 -0.000774617 0.999996066 0.002664596 -0.517965317 -0.005481546 -0.002668803 0.999981463 17.778755188
0.999981701 0.001119559 0.005937365 0.327031463 -0.001133690 0.999996483 0.002377239 -0.526283681 -0.005934683 -0.002383926 0.999979556 18.248830795
0.999980927 0.000943819 0.006105339 0.336136132 -0.000960833 0.999995649 0.002784426 -0.541342258 -0.006102685 -0.002790238 0.999977469 18.698812485
0.999982595 0.000367706 0.005887886 0.354201257 -0.000382098 0.999996901 0.002443438 -0.550315738 -0.005886970 -0.002445646 0.999979615 19.180276871
0.999980211 0.001301723 0.006158450 0.362574100 -0.001317118 0.999996126 0.002496381 -0.562174678 -0.006155176 -0.002504444 0.999977946 19.642747879
0.999977887 0.001828359 0.006386541 0.371838331 -0.001845833 0.999994516 0.002731185 -0.575958550 -0.006381513 -0.002742914 0.999975920 20.125659943
0.999979019 0.001282433 0.006349824 0.387829959 -0.001297666 0.999996245 0.002395436 -0.588390410 -0.006346730 -0.002403626 0.999976993 20.619720459
0.999983847 0.000913301 0.005606974 0.384944797 -0.000928072 0.999996126 0.002632294 -0.592851222 -0.005604549 -0.002637455 0.999980807 21.098148346
0.999986827 0.001106258 0.005010652 0.399552166 -0.001120240 0.999995530 0.002788472 -0.604415417 -0.005007545 -0.002794049 0.999983549 21.606454849
0.999986827 0.001675533 0.004853010 0.405036449 -0.001689168 0.999994636 0.002806920 -0.616382539 -0.004848281 -0.002815081 0.999984324 22.118888855
0.999990165 0.000962641 0.004335322 0.423483074 -0.000975205 0.999995351 0.002896846 -0.634762764 -0.004332514 -0.002901045 0.999986351 22.569730759
0.999991059 0.001364728 0.004015163 0.430299938 -0.001375102 0.999995708 0.002582000 -0.648034930 -0.004011622 -0.002587497 0.999988616 23.091146469
0.999993443 0.001291489 0.003417989 0.427216828 -0.001299639 0.999996364 0.002383029 -0.661987066 -0.003414899 -0.002387455 0.999991298 23.591215134
0.999997020 0.000053368 0.002432176 0.450111926 -0.000059586 0.999996722 0.002556678 -0.680234849 -0.002432032 -0.002556815 0.999993801 24.119628906
0.999997616 0.000675207 0.002075786 0.460226417 -0.000680919 0.999995947 0.002752376 -0.691461623 -0.002073919 -0.002753783 0.999994099 24.665517807
0.999998510 0.000510691 0.001646384 0.471299529 -0.000515531 0.999995589 0.002940862 -0.705267787 -0.001644875 -0.002941707 0.999994397 25.183105469
0.999998689 0.001245066 0.001006317 0.468987525 -0.001247960 0.999995053 0.002879406 -0.715404332 -0.001002727 -0.002880659 0.999995291 25.689880371
0.999999642 0.000667844 0.000537222 0.482018024 -0.000669466 0.999995172 0.003025081 -0.729337215 -0.000535199 -0.003025439 0.999995232 26.250892639
0.999999940 0.000318158 0.000315531 0.488641977 -0.000319221 0.999994218 0.003374453 -0.741854072 -0.000314456 -0.003374553 0.999994278 26.804224014
0.999999166 0.001177299 -0.000521546 0.505021751 -0.001175468 0.999993205 0.003497676 -0.759146154 0.000525659 -0.003497061 0.999993742 27.306406021
0.999997139 0.002339327 -0.000388757 0.511221707 -0.002338039 0.999991894 0.003279916 -0.774297953 0.000396426 -0.003278998 0.999994516 27.859056473
0.999995708 0.002894251 -0.000492900 0.516707957 -0.002892650 0.999990642 0.003218469 -0.784121573 0.000502210 -0.003217030 0.999994695 28.417417526
0.999997020 0.002173421 -0.001072357 0.529126763 -0.002170165 0.999993026 0.003027064 -0.793667257 0.001078929 -0.003024728 0.999994755 28.929691315
0.999996066 0.002517937 -0.001250838 0.534937441 -0.002514210 0.999992430 0.002972125 -0.807254434 0.001258312 -0.002968968 0.999994814 29.479274750
0.999995232 0.002721248 -0.001472865 0.545056641 -0.002716778 0.999991715 0.003028002 -0.819461584 0.001481092 -0.003023986 0.999994278 30.029748917
0.999996006 0.002349489 -0.001536995 0.544225335 -0.002345064 0.999993086 0.002874453 -0.832141876 0.001543738 -0.002870837 0.999994695 30.512746811
0.999995649 0.002530475 -0.001501234 0.548102200 -0.002525910 0.999992192 0.003035608 -0.845502555 0.001508903 -0.003031803 0.999994278 31.057083130
0.999993026 0.003279575 -0.001772727 0.554696798 -0.003274752 0.999990940 0.002716439 -0.853727996 0.001781620 -0.002710614 0.999994695 31.609746933
0.999993324 0.002807651 -0.002348271 0.566938698 -0.002801681 0.999992967 0.002541502 -0.866777182 0.002355389 -0.002534906 0.999994040 32.109447479
0.999993026 0.002429548 -0.002860813 0.573113322 -0.002422628 0.999994159 0.002420022 -0.878700376 0.002866676 -0.002413075 0.999993026 32.652992249
0.999992669 0.002446054 -0.002935606 0.585308015 -0.002436975 0.999992311 0.003092209 -0.904406309 0.002943147 -0.003085033 0.999990940 33.196998596
0.999992728 0.002748020 -0.002683306 0.581086397 -0.002741067 0.999992907 0.002591692 -0.907120943 0.002690409 -0.002584318 0.999992967 33.708797455
0.999993086 0.002023763 -0.003110379 0.591881454 -0.002015517 0.999994457 0.002652108 -0.919035375 0.003115729 -0.002645821 0.999991596 34.255184174
0.999991059 0.002759618 -0.003221815 0.599730909 -0.002751610 0.999993145 0.002487395 -0.937515438 0.003228656 -0.002478508 0.999991655 34.785911560
0.999989748 0.001999835 -0.004072934 0.628770292 -0.001992551 0.999996424 0.001791632 -0.936188757 0.004076503 -0.001783499 0.999990046 35.325962067
0.999990761 0.001820258 -0.003873269 0.616179705 -0.001809776 0.999994636 0.002707976 -0.956640959 0.003878178 -0.002700941 0.999988854 35.824340820
0.999992967 0.001661464 -0.003330091 0.622791588 -0.001652757 0.999995232 0.002615880 -0.970313132 0.003334421 -0.002610358 0.999991000 36.373065948
0.999991179 0.001543645 -0.003893092 0.629997015 -0.001535141 0.999996424 0.002186535 -0.979408622 0.003896453 -0.002180539 0.999989986 36.921070099
0.999989927 0.002141418 -0.003951755 0.631286442 -0.002132453 0.999995172 0.002271315 -0.989025593 0.003956600 -0.002262865 0.999989629 37.395332336
0.999988019 0.002152162 -0.004395084 0.639494359 -0.002141475 0.999994814 0.002434888 -1.002049565 0.004400301 -0.002425446 0.999987364 37.951248169
0.999986827 0.001878839 -0.004761730 0.652444720 -0.001866782 0.999995053 0.002535335 -1.011207461 0.004766470 -0.002526412 0.999985456 38.510387421
0.999989629 0.002421448 -0.003844781 0.643576920 -0.002413209 0.999994814 0.002146166 -1.019829512 0.003849957 -0.002136865 0.999990284 38.985198975
0.999989212 0.002459163 -0.003941163 0.652712643 -0.002450859 0.999994755 0.002110619 -1.036056876 0.003946333 -0.002100937 0.999989986 39.536159515
0.999987066 0.002155561 -0.004609871 0.682626784 -0.002143643 0.999994397 0.002588992 -1.064876795 0.004615426 -0.002579077 0.999986053 40.049819946
0.999989927 0.001867001 -0.004085664 0.664331377 -0.001859210 0.999996543 0.001909971 -1.060395598 0.004089215 -0.001902355 0.999989808 40.590751648
0.999987483 0.002183001 -0.004508821 0.674302280 -0.002174105 0.999995649 0.001977029 -1.070990443 0.004513118 -0.001967201 0.999987900 41.133705139
0.999989033 0.001845623 -0.004325618 0.682101607 -0.001836949 0.999996305 0.002008495 -1.089711785 0.004329309 -0.002000527 0.999988556 41.696834564
0.999989033 0.002446361 -0.003993448 0.673314869 -0.002437834 0.999994755 0.002138380 -1.100404501 0.003998658 -0.002128622 0.999989688 42.126380920
0.999988139 0.002967097 -0.003880344 0.680732965 -0.002957861 0.999992788 0.002383530 -1.114498496 0.003887388 -0.002372024 0.999989629 42.667232513
0.999987483 0.002500993 -0.004353747 0.706070304 -0.002490623 0.999994040 0.002385597 -1.132455230 0.004359688 -0.002374723 0.999987662 43.211887360
0.999989390 0.002431594 -0.003910459 0.692568064 -0.002424503 0.999995410 0.001817041 -1.132297516 0.003914858 -0.001807541 0.999990702 43.699745178
0.999990940 0.002542317 -0.003407172 0.696070075 -0.002536066 0.999994993 0.001837748 -1.146499395 0.003411828 -0.001829091 0.999992490 44.256153107
0.999989808 0.002941435 -0.003430529 0.709080875 -0.002935229 0.999993980 0.001812487 -1.160781264 0.003435840 -0.001802399 0.999992490 44.797046661
0.999988735 0.003133746 -0.003568396 0.705361485 -0.003126161 0.999992847 0.002129160 -1.177983284 0.003575043 -0.002117981 0.999991298 45.270172119
0.999990404 0.003240019 -0.002942724 0.707687855 -0.003234356 0.999992907 0.001927037 -1.191947222 0.002948947 -0.001917501 0.999993801 45.810424805
0.999989271 0.002792427 -0.003707610 0.726962090 -0.002783087 0.999992967 0.002521931 -1.210319519 0.003714626 -0.002511585 0.999989927 46.352695465
0.999990404 0.002806461 -0.003363055 0.703939497 -0.002799770 0.999994099 0.001992889 -1.211770773 0.003368628 -0.001983454 0.999992371 46.856719971
0.999989986 0.003207796 -0.003121191 0.708814442 -0.003204018 0.999994099 0.001214790 -1.222697020 0.003125069 -0.001204778 0.999994457 47.393241882
0.999992013 0.002953898 -0.002704650 0.721440434 -0.002949377 0.999994218 0.001673965 -1.238753915 0.002709579 -0.001665974 0.999994934 47.929965973
0.999989808 0.003385548 -0.002962238 0.713767171 -0.003380110 0.999992609 0.001838925 -1.253171563 0.002968443 -0.001828894 0.999993920 48.426357269
0.999987543 0.004119709 -0.002779923 0.723843694 -0.004113638 0.999989092 0.002186471 -1.267665505 0.002788899 -0.002175008 0.999993801 48.973270416
0.999989629 0.003537858 -0.002815539 0.734509349 -0.003532347 0.999991834 0.001959561 -1.278345466 0.002822448 -0.001949595 0.999994159 49.517467499
0.999989152 0.003879181 -0.002571814 0.742673099 -0.003874373 0.999990761 0.001871931 -1.298064113 0.002579052 -0.001861946 0.999994934 50.026809692
0.999991119 0.003331949 -0.002549497 0.744456291 -0.003325717 0.999991477 0.002444541 -1.314142585 0.002557620 -0.002436041 0.999993742 50.532249451
0.999990046 0.003620707 -0.002596223 0.752246141 -0.003615174 0.999991179 0.002132768 -1.325053573 0.002603922 -0.002123361 0.999994338 51.074478149
0.999989867 0.003767977 -0.002464155 0.758289933 -0.003762651 0.999990582 0.002161613 -1.338169217 0.002472277 -0.002152319 0.999994636 51.589019775
0.999991059 0.003427244 -0.002479573 0.766494334 -0.003422164 0.999991953 0.002050287 -1.349011064 0.002486580 -0.002041784 0.999994814 52.134407043
0.999990582 0.003507274 -0.002604196 0.774533153 -0.003501895 0.999991715 0.002067210 -1.360399246 0.002611425 -0.002058071 0.999994457 52.654083252
0.999989748 0.003681795 -0.002645762 0.783646882 -0.003677213 0.999991715 0.001734609 -1.374455929 0.002652126 -0.001724862 0.999994993 53.179859161
0.999988377 0.004261857 -0.002249207 0.784390688 -0.004258411 0.999989748 0.001534056 -1.387651801 0.002255721 -0.001524460 0.999996305 53.710376740
0.999988794 0.004024023 -0.002491171 0.797075927 -0.004021371 0.999991357 0.001068747 -1.400563955 0.002495450 -0.001058717 0.999996364 54.258380890
0.999988496 0.004189346 -0.002298505 0.810181022 -0.004186919 0.999990702 0.001059530 -1.408794880 0.002302923 -0.001049894 0.999996781 54.794971466
0.999989510 0.003711384 -0.002692891 0.815706015 -0.003707298 0.999992013 0.001520369 -1.420063257 0.002698511 -0.001510369 0.999995232 55.346324921
0.999988735 0.004096279 -0.002406799 0.825354099 -0.004093355 0.999990821 0.001218557 -1.438532472 0.002411769 -0.001208691 0.999996364 55.856174469
0.999986827 0.004405187 -0.002657214 0.837968230 -0.004402163 0.999989629 0.001142954 -1.452212930 0.002662222 -0.001131241 0.999995828 56.391647339
0.999987543 0.004417058 -0.002357168 0.848459661 -0.004414953 0.999989808 0.000897598 -1.466952920 0.002361109 -0.000887180 0.999996901 56.942401886
0.999990046 0.003915904 -0.002114307 0.847806215 -0.003914422 0.999992073 0.000704529 -1.470546484 0.002117049 -0.000696246 0.999997497 57.436706543
0.999989510 0.003996795 -0.002259837 0.855033636 -0.003995220 0.999991775 0.000701435 -1.483416557 0.002262622 -0.000692399 0.999997139 57.978481293
0.999990880 0.003627643 -0.002254551 0.868359089 -0.003626818 0.999993324 0.000369949 -1.499946117 0.002255878 -0.000361769 0.999997377 58.532596588
0.999989748 0.003978581 -0.002222122 0.870521009 -0.003977548 0.999991953 0.000469515 -1.514770627 0.002223973 -0.000460672 0.999997437 59.013004303
0.999990106 0.004077643 -0.001754082 0.877621114 -0.004076007 0.999991238 0.000936539 -1.528152943 0.001757886 -0.000929380 0.999998033 59.574962616
0.999988079 0.004452692 -0.002010114 0.882819176 -0.004451883 0.999989867 0.000405878 -1.537014961 0.002011901 -0.000396924 0.999997914 60.082969666
0.999987721 0.004427089 -0.002208921 0.897907853 -0.004426864 0.999990106 0.000106523 -1.546896935 0.002209371 -0.000096743 0.999997556 60.625087738
0.999988377 0.004323049 -0.002142120 0.900343835 -0.004322265 0.999990582 0.000369437 -1.564311147 0.002143697 -0.000360174 0.999997616 61.152599335
0.999987602 0.004632176 -0.001840001 0.908420920 -0.004632033 0.999989212 0.000082569 -1.578767180 0.001840363 -0.000074045 0.999998331 61.686153412
0.999985337 0.005087608 -0.001844121 0.916848600 -0.005086671 0.999986947 0.000511737 -1.593696117 0.001846701 -0.000502349 0.999998152 62.219604492
0.999986529 0.004878573 -0.001781680 0.924787939 -0.004878594 0.999988019 -0.000007888 -1.609147191 0.001781620 0.000016580 0.999998331 62.750106812
0.999984562 0.005369413 -0.001410685 0.932370424 -0.005369281 0.999985576 0.000094805 -1.625244021 0.001411173 -0.000087229 0.999998987 63.275245667
0.999985218 0.005256485 -0.001344459 0.940393448 -0.005256850 0.999986172 -0.000268651 -1.636861920 0.001343028 0.000275715 0.999999046 63.818847656
0.999987125 0.004883716 -0.001393719 0.948838294 -0.004884088 0.999988019 -0.000264426 -1.649259210 0.001392411 0.000271229 0.999998987 64.328071594
0.999984026 0.005544296 -0.001075982 0.954888999 -0.005544435 0.999984622 -0.000127015 -1.663971543 0.001075261 0.000132979 0.999999404 64.871231079
0.999987900 0.004717033 -0.001403323 0.965881705 -0.004717725 0.999988735 -0.000489289 -1.674345970 0.001400999 0.000495904 0.999998868 65.398391724
0.999982178 0.005956755 -0.000543307 0.968049705 -0.005957300 0.999981761 -0.001006974 -1.689319253 0.000537299 0.001010192 0.999999344 65.947044373
0.999989569 0.004318469 -0.001547400 0.990162730 -0.004319226 0.999990582 -0.000486124 -1.704570651 0.001545287 0.000492802 0.999998689 66.457229614
0.999985337 0.005185184 -0.001539684 0.996439636 -0.005186009 0.999986410 -0.000532558 -1.719872594 0.001536902 0.000540535 0.999998689 66.992835999
0.999987245 0.004853536 -0.001395620 1.007456899 -0.004854759 0.999987841 -0.000874802 -1.735208035 0.001391357 0.000881566 0.999998629 67.532691956
0.999987781 0.004745179 -0.001354617 1.015372753 -0.004746056 0.999988496 -0.000645929 -1.751237392 0.001351536 0.000652350 0.999998868 68.080749512
0.999988854 0.004400532 -0.001710105 1.036679268 -0.004401477 0.999990165 -0.000549416 -1.776761770 0.001707670 0.000556937 0.999998391 68.609237671
0.999988794 0.004604440 -0.001131104 1.037036777 -0.004605405 0.999988914 -0.000850805 -1.777810931 0.001127175 0.000856005 0.999999046 69.149543762
0.999986887 0.005090175 -0.000577707 1.028361440 -0.005090608 0.999986768 -0.000752203 -1.792750955 0.000573870 0.000755134 0.999999523 69.620552063
0.999989927 0.004161594 -0.001633722 1.053438306 -0.004163980 0.999990284 -0.001459517 -1.800684333 0.001627631 0.001466305 0.999997616 70.141014099
0.999987185 0.004956597 -0.001008932 1.059071660 -0.004958049 0.999986708 -0.001440468 -1.818743587 0.001001779 0.001445452 0.999998450 70.687126160
0.999986947 0.004893912 -0.001426348 1.065975428 -0.004896595 0.999986351 -0.001882189 -1.832236290 0.001417117 0.001889148 0.999997199 71.254989624
0.999990642 0.004170969 -0.001127256 1.074705005 -0.004172554 0.999990225 -0.001407234 -1.845694661 0.001121376 0.001411924 0.999998391 71.720703125
0.999985814 0.005218628 -0.001057030 1.078599095 -0.005220242 0.999985158 -0.001531547 -1.858230948 0.001049022 0.001537043 0.999998212 72.280479431
0.999988914 0.004610005 -0.000891421 1.090420246 -0.004611631 0.999987662 -0.001830079 -1.872499824 0.000882973 0.001834170 0.999997914 72.792121887
0.999987125 0.005021889 -0.000634844 1.100745678 -0.005023293 0.999984920 -0.002229549 -1.875658512 0.000623637 0.002232709 0.999997318 73.349853516
0.999987006 0.005027956 -0.000738976 1.107107282 -0.005029325 0.999985576 -0.001863127 -1.899624228 0.000729598 0.001866819 0.999997973 73.871894836
0.999983966 0.005641157 -0.000317437 1.117105603 -0.005641820 0.999981821 -0.002128059 -1.911870718 0.000305426 0.002129816 0.999997735 74.420845032
0.999983013 0.005763466 -0.000795689 1.128891468 -0.005764941 0.999981582 -0.001864896 -1.922057986 0.000784926 0.001869452 0.999997914 74.954132080
0.999989808 0.004430429 -0.000840115 1.134196281 -0.004432032 0.999988317 -0.001915643 -1.948856831 0.000831618 0.001919347 0.999997795 75.465614319
0.999982655 0.005879908 0.000167769 1.135280967 -0.005879538 0.999980390 -0.002131558 -1.962103009 -0.000180299 0.002130535 0.999997735 76.015304565
0.999986827 0.005094203 -0.000520106 1.144761920 -0.005095141 0.999985337 -0.001819923 -1.979925156 0.000510827 0.001822549 0.999998152 76.513465881
0.999983251 0.005778917 0.000099436 1.153923869 -0.005778672 0.999980509 -0.002307871 -1.997680545 -0.000112771 0.002307258 0.999997318 77.065338135
0.999980092 0.006287250 0.000472216 1.154354334 -0.006286019 0.999976873 -0.002566521 -2.004657030 -0.000488341 0.002563502 0.999996603 77.580474854
0.999972105 0.007445192 0.000632572 1.166791439 -0.007443684 0.999969482 -0.002354176 -2.024464369 -0.000650080 0.002349402 0.999997020 78.131050110
0.999981880 0.005982441 0.000666468 1.177653790 -0.005980729 0.999978900 -0.002540703 -2.040366411 -0.000681654 0.002536671 0.999996543 78.647361755
0.999974012 0.006992806 0.001697315 1.184122801 -0.006988743 0.999972761 -0.002387423 -2.055241108 -0.001713964 0.002375499 0.999995708 79.200881958
0.999973238 0.006435944 0.003470068 1.196186781 -0.006427439 0.999976277 -0.002456376 -2.075844765 -0.003485795 0.002434006 0.999991000 79.742279053
0.999961317 0.007325094 0.004870801 1.209747314 -0.007314443 0.999970794 -0.002201057 -2.101166248 -0.004886782 0.002165344 0.999985695 80.274101257
0.999963045 0.006529774 0.005590523 1.215004206 -0.006515735 0.999975562 -0.002525634 -2.103867292 -0.005606878 0.002489115 0.999981165 80.778388977
0.999938190 0.006681510 0.008881168 1.233804226 -0.006660081 0.999974787 -0.002440304 -2.121789455 -0.008897249 0.002381004 0.999957561 81.330886841
0.999893904 0.006844964 0.012852365 1.254742026 -0.006817793 0.999974430 -0.002156638 -2.131809950 -0.012866799 0.002068785 0.999915004 81.897895813
0.999852061 0.006624642 0.015871858 1.271441936 -0.006581213 0.999974489 -0.002786831 -2.148117781 -0.015889911 0.002681962 0.999870121 82.407554626
0.999777794 0.006629532 0.020007702 1.296366572 -0.006583837 0.999975622 -0.002348892 -2.166744947 -0.020022782 0.002216643 0.999797106 82.958419800
0.999639869 0.007146969 0.025863422 1.324178696 -0.007091851 0.999972403 -0.002222200 -2.192476034 -0.025878590 0.002037981 0.999662936 83.494300842
0.999453723 0.007110374 0.032275274 1.350700617 -0.007028542 0.999971926 -0.002648186 -2.197041273 -0.032293200 0.002419892 0.999475539 84.028839111
0.999242306 0.007439554 0.038200468 1.384660125 -0.007331261 0.999968708 -0.002974165 -2.211067677 -0.038221400 0.002691854 0.999265671 84.576843262
0.998897493 0.007262540 0.046380121 1.430168867 -0.007136394 0.999970376 -0.002884804 -2.234102726 -0.046399698 0.002550637 0.998919725 85.124908447
0.998440683 0.007469327 0.055320941 1.467543602 -0.007323201 0.999969065 -0.002843670 -2.243115187 -0.055340484 0.002434109 0.998464525 85.669631958
0.998036385 0.006851547 0.062260333 1.519697428 -0.006677575 0.999973178 -0.003001897 -2.255704403 -0.062279239 0.002580255 0.998055398 86.223320007
0.997425377 0.006980766 0.071371488 1.572054386 -0.006776320 0.999972224 -0.003106264 -2.269472361 -0.071391195 0.002614631 0.997444987 86.750877380
0.996663749 0.006284895 0.081374630 1.635118961 -0.005980683 0.999974251 -0.003981641 -2.282004356 -0.081397556 0.003481682 0.996675670 87.265846252
0.995909393 0.006578628 0.090117052 1.709969044 -0.006238791 0.999972403 -0.004052223 -2.290823221 -0.090141222 0.003473426 0.995923042 87.840682983
0.995220542 0.005334237 0.097507291 1.777390480 -0.004960657 0.999979317 -0.004073329 -2.313780785 -0.097527020 0.003570160 0.995226502 88.404449463
0.994214952 0.005573893 0.107264854 1.857315063 -0.005123072 0.999976873 -0.004477983 -2.315282822 -0.107287355 0.003902551 0.994220316 88.892425537
0.992976725 0.006209752 0.118146524 1.940792084 -0.005719633 0.999973655 -0.004487005 -2.328435183 -0.118171267 0.003779737 0.992985964 89.445388794
0.991921961 0.004540029 0.126768276 2.035069466 -0.003929873 0.999979496 -0.005062863 -2.347503185 -0.126788676 0.004523782 0.991919458 89.970634460
0.990256965 0.005758723 0.139132887 2.118293762 -0.005180807 0.999976456 -0.004515513 -2.352941036 -0.139155626 0.003750698 0.990263402 90.547073364
0.988536537 0.005092832 0.150896594 2.230972290 -0.004435200 0.999979138 -0.004694407 -2.388592720 -0.150917336 0.003971336 0.988538384 91.042495728
0.986771047 0.004862214 0.162047118 2.340229034 -0.004149206 0.999980092 -0.004738132 -2.406299353 -0.162066907 0.004003084 0.986771643 91.580108643
0.984984696 0.005552209 0.172552079 2.449062347 -0.004781020 0.999976635 -0.004884600 -2.419829845 -0.172575220 0.003986281 0.984988272 92.124313354
0.982640028 0.005414543 0.185443506 2.573242188 -0.004544634 0.999976635 -0.005115723 -2.436609745 -0.185466871 0.004184141 0.982641637 92.663536072
0.980321348 0.004350275 0.197360277 2.708982468 -0.003349864 0.999979794 -0.005402528 -2.450994730 -0.197379798 0.004635084 0.980316103 93.199371338
0.978250504 0.004629407 0.207375512 2.848812103 -0.003794165 0.999983072 -0.004425238 -2.486047506 -0.207392484 0.003542174 0.978251398 93.656303406
0.975362599 0.004263387 0.220566601 2.965887070 -0.003309161 0.999983490 -0.004695563 -2.489747763 -0.220582977 0.003849986 0.975360632 94.214370728
0.972243011 0.003462546 0.233947679 3.115518570 -0.002390903 0.999985278 -0.004864146 -2.503720045 -0.233961105 0.004169785 0.972237051 94.746078491
0.969574392 0.003016968 0.244778186 3.272504807 -0.001890662 0.999986529 -0.004836170 -2.522661686 -0.244789451 0.004226234 0.969567120 95.261123657
0.966612697 0.002945461 0.256224930 3.414716721 -0.001740173 0.999986291 -0.004930620 -2.531743050 -0.256235927 0.004320124 0.966604590 95.778381348
0.963076293 0.003012480 0.269211918 3.588962555 -0.001919946 0.999988854 -0.004321469 -2.557461739 -0.269221902 0.003645032 0.963071287 96.294029236
0.959387720 0.003713860 0.282066435 3.759452820 -0.002423123 0.999984920 -0.004924691 -2.572345495 -0.282080472 0.004041207 0.959382236 96.816009521
0.955850661 0.002287597 0.293844074 3.926094055 -0.000899818 0.999987781 -0.004857936 -2.578587532 -0.293851554 0.004379054 0.955841005 97.315521240
0.951414883 0.002059831 0.307905287 4.118921280 -0.000572589 0.999987721 -0.004920457 -2.591424465 -0.307911634 0.004505092 0.951404274 97.844802856
0.946810246 0.001947637 0.321786582 4.320346832 -0.000406886 0.999988079 -0.004855299 -2.608700275 -0.321792215 0.004466116 0.946799755 98.359916687
0.942700148 0.003022144 0.333627492 4.522260666 -0.001670377 0.999989212 -0.004338509 -2.635392189 -0.333636999 0.003532629 0.942695022 98.878761292
0.938033342 0.002069897 0.346538782 4.733900070 -0.000407964 0.999988019 -0.004868685 -2.645719051 -0.346544683 0.004425614 0.938023031 99.387718201
0.932670951 0.002311275 0.360720932 4.947578430 -0.000703943 0.999989152 -0.004587211 -2.665812254 -0.360727698 0.004024431 0.932662547 99.891998291
0.927811325 0.002658202 0.373040259 5.175973892 -0.000975112 0.999988496 -0.004700433 -2.679305792 -0.373048455 0.003997360 0.927803218 100.410545349
0.923023224 0.002323195 0.384737104 5.401306152 -0.000654396 0.999989748 -0.004468375 -2.706151009 -0.384743571 0.003872645 0.923015356 100.895500183
0.917254388 0.000957094 0.398300767 5.636135101 0.000794892 0.999990761 -0.004233492 -2.735731363 -0.398301125 0.004199795 0.917245150 101.308624268
0.910868526 0.002271112 0.412690371 5.851676941 -0.000403859 0.999989271 -0.004611752 -2.720897675 -0.412696511 0.004034032 0.910859585 101.855178833
0.906068444 0.001443278 0.423128456 6.107616425 0.000894327 0.999985397 -0.005325991 -2.734629154 -0.423129976 0.005204128 0.906054020 102.335685730
0.900139391 0.000923923 0.435600996 6.367969513 0.001356796 0.999986947 -0.004924730 -2.753073215 -0.435599834 0.005023966 0.900126398 102.835289001
0.893753886 0.000594405 0.448557198 6.639701843 0.001494134 0.999989688 -0.004302211 -2.790636778 -0.448555112 0.004515322 0.893743753 103.278198242
0.887698054 0.001478848 0.460423708 6.920677185 0.000572912 0.999990523 -0.004316476 -2.816599607 -0.460425645 0.004095509 0.887688875 103.740768433
0.881367624 0.002745474 0.472423077 7.165287018 -0.000717399 0.999989688 -0.004473012 -2.810272217 -0.472430468 0.003603452 0.881360590 104.273109436
0.873913109 0.000459641 0.486081958 7.349922180 0.002043642 0.999987245 -0.004619798 -2.799475908 -0.486077964 0.005030679 0.873901010 104.584983826
