1.000000000 0.000000000 0.000000000 0.000000000 0.000000000 1.000000000 0.000000000 0.000000000 0.000000000 0.000000000 1.000000000 0.000000000
1.000000000 0.000042738 0.000034471 -0.000633280 -0.000042741 1.000000000 0.000075647 0.000019179 -0.000034468 -0.000075648 1.000000000 -0.000000533
1.000000000 -0.000034595 0.000082140 -0.001028377 0.000034596 1.000000000 -0.000012347 0.000252187 -0.000082140 0.000012350 1.000000000 -0.000083544
1.000000000 0.000030864 0.000037896 -0.000198817 -0.000030865 1.000000000 0.000036204 -0.000084550 -0.000037895 -0.000036205 1.000000000 0.000356319
1.000000000 0.000048486 0.000176334 -0.001513176 -0.000048497 1.000000000 0.000063390 -0.000585078 -0.000176331 -0.000063399 1.000000000 0.000007044
1.000000000 -0.000160637 -0.000035872 0.000132429 0.000160637 1.000000000 -0.000006905 0.000123374 0.000035873 0.000006899 1.000000000 -0.000358004
1.000000000 0.000036233 0.000128204 -0.001883985 -0.000036243 1.000000000 0.000072348 -0.000694751 -0.000128201 -0.000072353 1.000000000 -0.000799821
1.000000000 0.000054863 0.000076919 -0.001011963 -0.000054861 1.000000000 -0.000021425 -0.000124976 -0.000076921 0.000021421 1.000000000 -0.001020914
1.000000000 0.000034376 0.000132267 -0.001025271 -0.000034378 1.000000000 0.000016172 -0.001019983 -0.000132267 -0.000016177 1.000000000 -0.000853269
1.000000000 0.000089908 0.000133930 -0.001455498 -0.000089927 1.000000000 0.000136198 -0.000986480 -0.000133918 -0.000136210 1.000000000 0.000625663
1.000000000 0.000092264 0.000143322 -0.001471685 -0.000092273 1.000000000 0.000065851 -0.000197302 -0.000143316 -0.000065865 1.000000000 -0.000917287
1.000000000 0.000097968 0.000128374 -0.001333416 -0.000097977 1.000000000 0.000069311 -0.001086340 -0.000128367 -0.000069323 1.000000000 -0.000907785
1.000000000 0.000061821 0.000139360 -0.000949355 -0.000061827 1.000000000 0.000047765 -0.000350464 -0.000139357 -0.000047774 1.000000000 -0.000017028
1.000000000 0.000117599 0.000092142 -0.001299860 -0.000117588 1.000000000 -0.000124641 0.001164872 -0.000092156 0.000124630 1.000000000 0.000336318
1.000000000 0.000142516 0.000115783 -0.001222740 -0.000142517 1.000000000 0.000006511 0.000329337 -0.000115782 -0.000006527 1.000000000 -0.000122940
0.999999940 0.000248200 0.000183107 -0.001786995 -0.000248185 0.999999940 -0.000077998 0.001540911 -0.000183126 0.000077952 1.000000000 0.001200756
0.999999940 0.000373544 0.000192211 -0.002477609 -0.000373538 0.999999940 -0.000028305 0.000884128 -0.000192222 0.000028233 1.000000000 0.001967434
0.999999940 0.000230423 0.000252684 -0.002266574 -0.000230423 1.000000000 0.000000639 0.001364211 -0.000252684 -0.000000697 0.999999940 0.002086204
0.999999940 0.000158855 0.000243732 -0.002069025 -0.000158836 1.000000000 -0.000078787 0.000916311 -0.000243745 0.000078749 0.999999940 0.000777537
0.999999940 0.000218243 0.000232479 -0.002499979 -0.000218245 1.000000000 0.000004975 0.000238948 -0.000232478 -0.000005026 1.000000000 0.001326049
0.999999940 0.000353696 0.000199451 -0.002246022 -0.000353678 0.999999940 -0.000089066 0.001545357 -0.000199482 0.000088996 1.000000000 0.001237585
0.999999940 0.000282187 0.000198430 -0.002170163 -0.000282178 0.999999940 -0.000048082 0.000739962 -0.000198443 0.000048026 1.000000000 0.001623082
1.000000000 0.000175405 0.000167017 -0.002145450 -0.000175413 1.000000000 0.000046129 0.000271171 -0.000167009 -0.000046158 1.000000000 0.000761379
0.999999881 0.000400454 0.000186765 -0.002404592 -0.000400452 0.999999940 -0.000007797 0.001614707 -0.000186768 0.000007722 1.000000000 0.002727582
0.999999940 0.000342077 0.000243827 -0.002136732 -0.000342083 0.999999940 0.000025638 0.001004655 -0.000243818 -0.000025721 0.999999940 0.001934664
0.999999940 0.000276948 0.000273567 -0.002458558 -0.000276933 0.999999940 -0.000055122 0.002585149 -0.000273582 0.000055046 0.999999940 0.002703277
0.999999881 0.000352235 0.000240973 -0.002150867 -0.000352247 0.999999940 0.000048863 0.001364636 -0.000240955 -0.000048947 0.999999940 0.002245308
0.999999881 0.000404838 0.000148071 -0.002112838 -0.000404821 0.999999940 -0.000112571 0.002159250 -0.000148117 0.000112511 1.000000000 0.001065971
0.999999881 0.000401315 0.000153308 -0.001956529 -0.000401299 0.999999940 -0.000098406 0.002059454 -0.000153347 0.000098344 1.000000000 0.000340492
0.999999881 0.000378065 0.000261204 -0.002217504 -0.000378056 0.999999940 -0.000033803 0.000547663 -0.000261217 0.000033704 0.999999940 0.000919510
0.999999881 0.000359282 0.000300583 -0.002594064 -0.000359272 0.999999940 -0.000034814 0.001916382 -0.000300595 0.000034706 0.999999940 0.002336661
0.999999881 0.000397405 0.000211231 -0.001816673 -0.000397383 0.999999940 -0.000104991 0.002378495 -0.000211273 0.000104907 1.000000000 0.002735483
0.999999821 0.000484100 0.000276972 -0.002318584 -0.000484102 0.999999881 0.000006740 0.000217202 -0.000276968 -0.000006874 0.999999940 0.000007220
0.999999821 0.000467443 0.000339362 -0.003257961 -0.000467442 0.999999881 -0.000003710 0.001122707 -0.000339364 0.000003551 0.999999940 0.002370283
0.999999881 0.000404933 0.000223110 -0.001448992 -0.000404906 0.999999940 -0.000120786 0.001683968 -0.000223158 0.000120695 0.999999940 0.001480757
0.999999940 0.000323077 0.000235120 -0.001983566 -0.000323072 0.999999940 -0.000023588 0.001375412 -0.000235128 0.000023512 1.000000000 0.001530577
0.999999881 0.000462167 0.000213886 -0.002501994 -0.000462147 0.999999881 -0.000094383 0.002853942 -0.000213929 0.000094284 1.000000000 0.001855129
0.999999821 0.000494585 0.000312505 -0.003015203 -0.000494574 0.999999881 -0.000035485 0.002041519 -0.000312523 0.000035331 0.999999940 0.002317178
0.999999881 0.000450373 0.000226319 -0.001340143 -0.000450366 0.999999881 -0.000027894 0.002025884 -0.000226332 0.000027792 1.000000000 0.000849565
0.999999940 0.000294579 0.000232295 -0.001554074 -0.000294556 0.999999940 -0.000100444 0.001088758 -0.000232325 0.000100376 0.999999940 0.000458453
0.999999702 0.000754949 -0.000203369 -0.000333517 -0.000754959 0.999999821 -0.000049070 -0.006778724 0.000203332 0.000049224 0.999999940 0.050867982
0.999999821 0.000588633 -0.000254513 0.001469270 -0.000588793 0.999999702 -0.000627075 -0.008209238 0.000254143 0.000627225 0.999999762 0.141892001
0.999999464 0.001038886 0.000143517 0.001218604 -0.001038758 0.999999046 -0.000887265 -0.011885693 -0.000144438 0.000887115 0.999999523 0.252719283
0.999999285 0.001136633 0.000222337 0.003924394 -0.001136447 0.999998987 -0.000833704 -0.014626589 -0.000223284 0.000833451 0.999999642 0.384715468
0.999999344 0.001153508 0.000093488 0.006554321 -0.001153451 0.999999106 -0.000604923 -0.018364556 -0.000094186 0.000604814 0.999999762 0.527540922
0.999999523 0.000966207 0.000050628 0.008979777 -0.000966196 0.999999523 -0.000230184 -0.025432473 -0.000050850 0.000230135 0.999999940 0.681890965
0.999999702 0.000746010 -0.000056805 0.015126571 -0.000746010 0.999999762 -0.000004213 -0.027895333 0.000056802 0.000004256 1.000000000 0.842086494
0.999999702 0.000673541 0.000155986 0.015439665 -0.000673565 0.999999762 0.000151088 -0.033912431 -0.000155885 -0.000151193 0.999999940 1.022712231
0.999999642 0.000807532 0.000129883 0.019259224 -0.000807575 0.999999642 0.000328245 -0.039394498 -0.000129618 -0.000328350 0.999999940 1.196848512
0.999999583 0.001026897 0.000134109 0.023513388 -0.001026968 0.999999285 0.000532713 -0.045336854 -0.000133562 -0.000532850 0.999999821 1.383711338
0.999999225 0.001240444 -0.000036185 0.027732236 -0.001240429 0.999999166 0.000405607 -0.047630426 0.000036688 -0.000405562 0.999999940 1.577628613
0.999999762 0.000629718 0.000238875 0.027566837 -0.000629908 0.999999464 0.000795335 -0.057059020 -0.000238374 -0.000795485 0.999999583 1.780614138
0.999999583 0.000865332 0.000311559 0.028756972 -0.000865656 0.999999225 0.001041103 -0.064801566 -0.000310658 -0.001041372 0.999999404 1.983353853
0.999999821 0.000460265 0.000225858 0.036566474 -0.000460440 0.999999642 0.000775170 -0.068803921 -0.000225501 -0.000775274 0.999999642 2.195995808
0.999999702 0.000594517 0.000406032 0.041902255 -0.000594843 0.999999523 0.000804244 -0.074522831 -0.000405554 -0.000804486 0.999999583 2.413910866
0.999999523 0.000901842 0.000358531 0.048801944 -0.000902141 0.999999344 0.000835701 -0.082268558 -0.000357777 -0.000836024 0.999999583 2.636266947
0.999999642 0.000631947 0.000535525 0.050209269 -0.000632571 0.999999046 0.001164205 -0.090340547 -0.000534789 -0.001164543 0.999999166 2.868940115
0.999999702 0.000496939 0.000462398 0.055612572 -0.000497490 0.999999106 0.001191744 -0.094425820 -0.000461805 -0.001191973 0.999999166 3.109682560
0.999999464 0.000749326 0.000716002 0.057227686 -0.000750371 0.999998629 0.001459977 -0.104391180 -0.000714907 -0.001460513 0.999998629 3.341270924
0.999999404 0.000700967 0.000899038 0.060822774 -0.000702417 0.999998450 0.001613103 -0.111143842 -0.000897906 -0.001613734 0.999998271 3.593122721
0.999999166 0.000682795 0.001079563 0.064117402 -0.000684306 0.999998808 0.001400246 -0.114897110 -0.001078605 -0.001400984 0.999998391 3.853833199
0.999998927 0.000931529 0.001123558 0.070267327 -0.000933136 0.999998569 0.001430699 -0.120476402 -0.001122223 -0.001431746 0.999998331 4.108795166
0.999998689 0.001032404 0.001225545 0.075732537 -0.001034174 0.999998450 0.001444916 -0.124061666 -0.001224051 -0.001446182 0.999998212 4.373590469
0.999998868 0.000645558 0.001359294 0.080893271 -0.000647984 0.999998152 0.001785044 -0.134734049 -0.001358139 -0.001785923 0.999997437 4.621461391
0.999997914 0.001360770 0.001517500 0.084632039 -0.001363546 0.999997377 0.001830125 -0.141852736 -0.001515005 -0.001832190 0.999997199 4.881225586
0.999997377 0.001770706 0.001458759 0.091302365 -0.001773462 0.999996662 0.001890035 -0.147569254 -0.001455407 -0.001892617 0.999997199 5.143909454
0.999997854 0.001302238 0.001600862 0.094217695 -0.001304485 0.999998093 0.001403260 -0.154342532 -0.001599031 -0.001405346 0.999997735 5.401913643
0.999998510 0.000920662 0.001461768 0.101877213 -0.000922742 0.999998569 0.001422644 -0.160470843 -0.001460456 -0.001423990 0.999997914 5.665801525
0.999997854 0.001052765 0.001749910 0.100661546 -0.001056029 0.999997616 0.001865750 -0.170548871 -0.001747942 -0.001867594 0.999996722 5.933784008
0.999997258 0.001262986 0.001937403 0.103933193 -0.001266504 0.999997556 0.001815889 -0.179989263 -0.001935105 -0.001818338 0.999996424 6.214429379
0.999997616 0.001256726 0.001776018 0.119653575 -0.001259018 0.999998510 0.001290434 -0.180945471 -0.001774393 -0.001292668 0.999997556 6.501575470
0.999997377 0.001351692 0.001815740 0.121200740 -0.001354456 0.999997973 0.001521866 -0.189399883 -0.001813679 -0.001524321 0.999997199 6.791429996
0.999996662 0.001603932 0.002071534 0.127520174 -0.001607105 0.999997556 0.001531099 -0.198745817 -0.002069073 -0.001534423 0.999996662 7.082805157
0.999997556 0.001276490 0.001776096 0.138083667 -0.001279332 0.999997914 0.001599970 -0.208481818 -0.001774050 -0.001602238 0.999997139 7.384813309
0.999996901 0.001288496 0.002149753 0.141876951 -0.001291728 0.999998093 0.001502548 -0.217268795 -0.002147812 -0.001505320 0.999996543 7.691238403
0.999996424 0.001607487 0.002145413 0.147037074 -0.001611521 0.999997079 0.001880049 -0.229992718 -0.002142385 -0.001883500 0.999995887 8.005426407
0.999994874 0.002095664 0.002424207 0.151358232 -0.002100112 0.999996185 0.001833493 -0.237168700 -0.002420356 -0.001838575 0.999995351 8.326228142
0.999995172 0.001873933 0.002486438 0.163525403 -0.001877763 0.999997139 0.001539115 -0.241933614 -0.002483547 -0.001543776 0.999995649 8.655472755
0.999994636 0.002032521 0.002562369 0.166729316 -0.002036001 0.999997020 0.001356389 -0.251509160 -0.002559605 -0.001361599 0.999995708 8.977015495
0.999995887 0.001958348 0.002085086 0.178699642 -0.001961836 0.999996662 0.001672051 -0.264933884 -0.002081805 -0.001676134 0.999996364 9.313018799
0.999993443 0.002582439 0.002541176 0.180109188 -0.002586106 0.999995589 0.001440779 -0.273775846 -0.002537445 -0.001447341 0.999995708 9.662138939
0.999993443 0.002437487 0.002676442 0.187337145 -0.002441570 0.999995828 0.001523257 -0.283250213 -0.002672718 -0.001529782 0.999995232 10.015447617
0.999994099 0.002507811 0.002329633 0.197510317 -0.002511013 0.999995828 0.001372479 -0.290544927 -0.002326181 -0.001378321 0.999996364 10.374489784
0.999994636 0.002242064 0.002368856 0.205249265 -0.002244784 0.999996781 0.001145998 -0.298127413 -0.002366279 -0.001151310 0.999996543 10.740948677
0.999996185 0.002011846 0.001900273 0.220610261 -0.002014919 0.999996662 0.001616939 -0.311725944 -0.001897014 -0.001620762 0.999996901 11.084492683
0.999996245 0.002143260 0.001694095 0.228635177 -0.002146096 0.999996305 0.001674511 -0.322175264 -0.001690500 -0.001678140 0.999997139 11.454601288
0.999996245 0.002024402 0.001837015 0.237567917 -0.002026975 0.999996901 0.001399899 -0.328001469 -0.001834176 -0.001403617 0.999997258 11.832427979
0.999996066 0.002044882 0.001933398 0.242801875 -0.002048359 0.999996305 0.001798144 -0.344265103 -0.001929714 -0.001802097 0.999996543 12.211557388
0.999996483 0.001651262 0.002081170 0.254351944 -0.001655426 0.999996662 0.002000348 -0.359892547 -0.002077859 -0.002003786 0.999995828 12.597289085
0.999993443 0.002660919 0.002451770 0.256904840 -0.002666592 0.999993742 0.002313350 -0.368195355 -0.002445599 -0.002319873 0.999994338 13.007559776
0.999994040 0.002029066 0.002765195 0.269308180 -0.002035236 0.999995351 0.002230307 -0.379368454 -0.002760656 -0.002235922 0.999993742 13.401316643
0.999994278 0.002151014 0.002610835 0.275000095 -0.002156480 0.999995470 0.002092625 -0.388578802 -0.002606322 -0.002098243 0.999994397 13.812762260
0.999992669 0.002613021 0.002791636 0.279173493 -0.002619291 0.999993980 0.002244934 -0.402065575 -0.002785753 -0.002252229 0.999993503 14.218074799
0.999988973 0.003141236 0.003487430 0.285097390 -0.003148068 0.999993086 0.001955174 -0.415290713 -0.003481264 -0.001966130 0.999991894 14.637424469
0.999992073 0.002211020 0.003306750 0.301361352 -0.002218313 0.999995112 0.002203515 -0.424574733 -0.003301862 -0.002210833 0.999992132 15.071209908
0.999990523 0.002581898 0.003500281 0.310467154 -0.002589118 0.999994516 0.002059688 -0.440435290 -0.003494944 -0.002068731 0.999991775 15.504402161
0.999988854 0.002414759 0.004063342 0.319294930 -0.002421841 0.999995470 0.001738862 -0.447464406 -0.004059126 -0.001748683 0.999990225 15.951850891
0.999986112 0.002936977 0.004374201 0.331054538 -0.002946418 0.999993324 0.002153636 -0.461774915 -0.004367847 -0.002166494 0.999988139 16.389427185
0.999984324 0.003237324 0.004562856 0.333904356 -0.003246646 0.999992609 0.002037128 -0.476200163 -0.004556227 -0.002051910 0.999987483 16.829292297
0.999984264 0.002846776 0.004828114 0.349976182 -0.002858990 0.999992728 0.002524750 -0.489894599 -0.004820891 -0.002538514 0.999985158 17.292449951
0.999985754 0.002516436 0.004688278 0.364613652 -0.002529169 0.999993145 0.002711869 -0.502254903 -0.004681421 -0.002723688 0.999985337 17.754831314
0.999982774 0.002052356 0.005485427 0.375598043 -0.002066705 0.999994457 0.002611368 -0.513302267 -0.005480036 -0.002622660 0.999981523 18.222862244
0.999983191 0.002081970 0.005404793 0.387353301 -0.002098514 0.999993145 0.003057153 -0.524809659 -0.005398390 -0.003068444 0.999980688 18.688909531
0.999976993 0.002882674 0.006138578 0.396919966 -0.002900118 0.999991775 0.002834820 -0.544929624 -0.006130356 -0.002852557 0.999977112 19.165643692
0.999968529 0.003779076 0.006975393 0.400803924 -0.003794990 0.999990284 0.002269679 -0.554024637 -0.006966748 -0.002296079 0.999973118 19.642169952
0.999968171 0.004186582 0.006791775 0.407880545 -0.004202717 0.999988377 0.002363124 -0.561742723 -0.006781803 -0.002391593 0.999974072 20.138509750
0.999975085 0.003249949 0.006284638 0.442593396 -0.003267991 0.999990702 0.002862599 -0.586589038 -0.006275276 -0.002883066 0.999976099 20.633216858
0.999978125 0.003197449 0.005803832 0.455778390 -0.003214817 0.999990404 0.002985704 -0.600104690 -0.005794230 -0.003004297 0.999978662 21.129802704
0.999980450 0.003109411 0.005421055 0.461883008 -0.003125481 0.999990761 0.002958470 -0.614511311 -0.005411806 -0.002975355 0.999980927 21.621221542
0.999982178 0.003322453 0.004956386 0.478577733 -0.003336103 0.999990582 0.002748348 -0.627689719 -0.004947208 -0.002764834 0.999983966 22.126859665
0.999986053 0.002790303 0.004491305 0.494351804 -0.002801794 0.999992788 0.002554250 -0.639701724 -0.004484145 -0.002566798 0.999986708 22.646604538
0.999985576 0.003516000 0.004060803 0.500972450 -0.003529199 0.999988437 0.003247814 -0.662268221 -0.004049337 -0.003262098 0.999986470 23.133380890
0.999986231 0.003717335 0.003682095 0.518681943 -0.003730067 0.999987066 0.003457026 -0.682035923 -0.003669197 -0.003470714 0.999987185 23.648290634
0.999991119 0.002639745 0.003274565 0.526070356 -0.002651387 0.999990046 0.003555984 -0.700862408 -0.003265146 -0.003564635 0.999988258 24.176101685
0.999990582 0.003529229 0.002514803 0.536844492 -0.003537399 0.999988437 0.003251761 -0.710348785 -0.002503298 -0.003260626 0.999991477 24.700197220
0.999991417 0.003731886 0.001785851 0.546799779 -0.003737945 0.999987245 0.003401544 -0.723344684 -0.001773135 -0.003408191 0.999992549 25.248086929
0.999990880 0.004110323 0.001083002 0.556336462 -0.004113797 0.999986351 0.003225154 -0.735365808 -0.001069731 -0.003229579 0.999994159 25.799329758
0.999991298 0.004070577 0.000926759 0.566375196 -0.004073700 0.999985933 0.003391598 -0.754642844 -0.000912940 -0.003395344 0.999993742 26.325342178
0.999992728 0.003745945 0.000579327 0.581415713 -0.003747980 0.999986649 0.003551054 -0.764352202 -0.000566017 -0.003553200 0.999993503 26.886060715
0.999991298 0.004165930 0.000086317 0.594436824 -0.004166225 0.999984264 0.003754849 -0.782513559 -0.000070673 -0.003755176 0.999992967 27.435810089
0.999988317 0.004820745 -0.000204150 0.599061668 -0.004819988 0.999981999 0.003562212 -0.795656145 0.000221319 -0.003561187 0.999993682 27.986867905
0.999989450 0.004594953 -0.000000540 0.607298911 -0.004594920 0.999982357 0.003763404 -0.811881363 0.000017833 -0.003763362 0.999992907 28.526903152
0.999988139 0.004859810 -0.000399485 0.618149579 -0.004858194 0.999980390 0.003949655 -0.824189603 0.000418672 -0.003947667 0.999992132 29.073844910
0.999987006 0.005061689 -0.000535249 0.629463434 -0.005059646 0.999980271 0.003749324 -0.837518156 0.000554216 -0.003746568 0.999992847 29.614366531
0.999986470 0.005149541 -0.000748053 0.632045984 -0.005146709 0.999979734 0.003739078 -0.850380301 0.000767293 -0.003735177 0.999992728 30.162651062
0.999987721 0.004781080 -0.001264837 0.648700118 -0.004776556 0.999982297 0.003555789 -0.862526774 0.001281815 -0.003549704 0.999992907 30.702894211
0.999986112 0.005137131 -0.001151029 0.659140885 -0.005132978 0.999980390 0.003580723 -0.876966000 0.001169401 -0.003574766 0.999992847 31.247949600
0.999981105 0.005834660 -0.001941927 0.667525470 -0.005827499 0.999976277 0.003672444 -0.888157308 0.001963309 -0.003661058 0.999991298 31.800958633
0.999984026 0.005125740 -0.002387544 0.677882195 -0.005117391 0.999980807 0.003490541 -0.906030655 0.002405390 -0.003478267 0.999991059 32.350517273
0.999982297 0.005063290 -0.003128683 0.684301019 -0.005049543 0.999977648 0.004386563 -0.925694704 0.003150824 -0.004370688 0.999985456 32.894714355
0.999983907 0.005213622 -0.002277235 0.693212152 -0.005205603 0.999980271 0.003513299 -0.937068641 0.002295507 -0.003501388 0.999991179 33.453182220
0.999979913 0.005838200 -0.002466025 0.698092520 -0.005828639 0.999975562 0.003866520 -0.950273812 0.002488538 -0.003852068 0.999989510 34.006496429
0.999981403 0.005500682 -0.002633179 0.710300565 -0.005490573 0.999977589 0.003831497 -0.960642934 0.002654196 -0.003816968 0.999989212 34.547470093
0.999978721 0.005744274 -0.003118059 0.723300993 -0.005732569 0.999976575 0.003750163 -0.979568720 0.003139528 -0.003732208 0.999988139 35.075508118
0.999981821 0.005350800 -0.002778456 0.727095842 -0.005340665 0.999979079 0.003642448 -0.987064421 0.002797888 -0.003627543 0.999989510 35.637866974
0.999979258 0.005897824 -0.002594509 0.729591370 -0.005888517 0.999976218 0.003580452 -1.001869917 0.002615565 -0.003565100 0.999990225 36.182029724
0.999980450 0.005578523 -0.002815945 0.747909963 -0.005569860 0.999979675 0.003074697 -1.012250304 0.002833039 -0.003058953 0.999991298 36.741767883
0.999979556 0.005490937 -0.003285187 0.757518113 -0.005480475 0.999979854 0.003185339 -1.023136735 0.003302611 -0.003167269 0.999989510 37.299747467
0.999977887 0.005414016 -0.003875807 0.771111369 -0.005403414 0.999981642 0.002740464 -1.032824755 0.003890572 -0.002719461 0.999988735 37.855613708
0.999975443 0.005953371 -0.003693341 0.781647205 -0.005943195 0.999978542 0.002759678 -1.053498268 0.003709690 -0.002737660 0.999989331 38.389404297
0.999976635 0.006022201 -0.003232502 0.787167013 -0.006015327 0.999979675 0.002131736 -1.062757611 0.003245274 -0.002112242 0.999992490 38.936790466
0.999974787 0.006082579 -0.003646987 0.797313511 -0.006073971 0.999978781 0.002366179 -1.072549582 0.003661302 -0.002343968 0.999990463 39.495708466
0.999974370 0.006161255 -0.003637608 0.803987265 -0.006152570 0.999978185 0.002394299 -1.089860439 0.003652280 -0.002371858 0.999990523 40.063735962
0.999972939 0.006023035 -0.004212344 0.818427086 -0.006011159 0.999977946 0.002826468 -1.110004067 0.004229275 -0.002801070 0.999987125 40.608478546
0.999974966 0.005828809 -0.004010562 0.825533748 -0.005817980 0.999979436 0.002706909 -1.123461843 0.004026259 -0.002683508 0.999988317 41.169918060
0.999974251 0.006126324 -0.003740603 0.827825069 -0.006114295 0.999976099 0.003218720 -1.140401483 0.003760232 -0.003195765 0.999987900 41.715015411
0.999971807 0.006211636 -0.004221805 0.847234786 -0.006201522 0.999977887 0.002404112 -1.152322292 0.004236646 -0.002377863 0.999988198 42.260402679
0.999971569 0.006801520 -0.003272050 0.856226563 -0.006792840 0.999973416 0.002656861 -1.167139053 0.003290034 -0.002634559 0.999991119 42.810390472
0.999971926 0.006199369 -0.004191053 0.859599829 -0.006189751 0.999978185 0.002303759 -1.177587271 0.004205243 -0.002277753 0.999988496 43.365726471
0.999970615 0.006413751 -0.004203493 0.872238517 -0.006405275 0.999977410 0.002026818 -1.191264033 0.004216398 -0.001999834 0.999989033 43.913825989
0.999970794 0.006880554 -0.003339094 0.879831493 -0.006874045 0.999974430 0.001957014 -1.204360127 0.003352474 -0.001934003 0.999992490 44.462387085
0.999969840 0.006597252 -0.004097013 0.883515656 -0.006588005 0.999975741 0.002266298 -1.222719312 0.004111865 -0.002239238 0.999989033 45.002399445
0.999968648 0.006846927 -0.003970803 0.892683089 -0.006839328 0.999974728 0.001924151 -1.234716177 0.003983877 -0.001896933 0.999990284 45.566730499
0.999965191 0.007640551 -0.003362251 0.899434566 -0.007635358 0.999969661 0.001554786 -1.246855021 0.003374029 -0.001529060 0.999993145 46.111351013
0.999971986 0.006350833 -0.003958889 0.911405921 -0.006342699 0.999977708 0.002063820 -1.261674523 0.003971908 -0.002038653 0.999989986 46.680171967
0.999963403 0.007480746 -0.004129597 0.920510650 -0.007473296 0.999970376 0.001816618 -1.274924397 0.004143064 -0.001785690 0.999989808 47.222751617
0.999964237 0.007343517 -0.004192977 0.927034855 -0.007334701 0.999970853 0.002114198 -1.288052559 0.004208381 -0.002083367 0.999988973 47.776355743
0.999966085 0.007149256 -0.004094360 0.936091006 -0.007141349 0.999972641 0.001942758 -1.304976463 0.004108138 -0.001913453 0.999989688 48.318668365
0.999963164 0.007520208 -0.004135382 0.943387508 -0.007511508 0.999969542 0.002115214 -1.320162058 0.004151163 -0.002084073 0.999989212 48.844383240
0.999965370 0.007287249 -0.004000238 0.949640751 -0.007280041 0.999971867 0.001813216 -1.330335498 0.004013340 -0.001784032 0.999990344 49.385540009
0.999959767 0.008142202 -0.003761498 0.957581878 -0.008134852 0.999964952 0.001964766 -1.345834255 0.003777365 -0.001934088 0.999990940 49.931583405
0.999960244 0.008036111 -0.003847918 0.964453757 -0.008028515 0.999965787 0.001985021 -1.359278917 0.003863738 -0.001954050 0.999990642 50.461574554
0.999956965 0.008421647 -0.003871734 0.970799446 -0.008414941 0.999962986 0.001744802 -1.375461578 0.003886286 -0.001712146 0.999991000 50.986282349
0.999960005 0.007990077 -0.004044469 0.980626225 -0.007984349 0.999967039 0.001430575 -1.386379838 0.004055767 -0.001398226 0.999990821 51.534847260
0.999955177 0.008584878 -0.003991636 0.984861493 -0.008578339 0.999961853 0.001652583 -1.398202300 0.004005671 -0.001618267 0.999990582 52.071582794
0.999956906 0.008460214 -0.003810803 0.995469451 -0.008454770 0.999963224 0.001441893 -1.414693117 0.003822863 -0.001409611 0.999991715 52.608932495
0.999960065 0.008051516 -0.003912196 1.002933025 -0.008045072 0.999966264 0.001660359 -1.429394245 0.003925432 -0.001628819 0.999990940 53.143646240
0.999958813 0.008132783 -0.004021357 1.014962316 -0.008126530 0.999965668 0.001569161 -1.442984343 0.004033980 -0.001536417 0.999990702 53.678169250
0.999956012 0.008580399 -0.003791279 1.020732284 -0.008576352 0.999962628 0.001082456 -1.457366705 0.003800427 -0.001049893 0.999992251 54.207351685
0.999957919 0.008461866 -0.003531388 1.025104403 -0.008457652 0.999963522 0.001205943 -1.472401023 0.003541463 -0.001176026 0.999993026 54.735671997
0.999957383 0.008477105 -0.003653051 1.032106280 -0.008474292 0.999963760 0.000784666 -1.483643889 0.003659569 -0.000753676 0.999992967 55.275459290
0.999959350 0.008202308 -0.003748815 1.041839123 -0.008198633 0.999965906 0.000994097 -1.497680426 0.003756841 -0.000963322 0.999992430 55.809932709
0.999959469 0.008012113 -0.004105521 1.050967813 -0.008005979 0.999966741 0.001508940 -1.514699340 0.004117474 -0.001476010 0.999990463 56.332386017
0.999959707 0.008116478 -0.003827517 1.060822129 -0.008112003 0.999966383 0.001183100 -1.531346321 0.003836991 -0.001152003 0.999991953 56.866897583
0.999957263 0.008396548 -0.003850432 1.067450881 -0.008392055 0.999964058 0.001181493 -1.543645859 0.003860214 -0.001149129 0.999991834 57.399650574
0.999959409 0.008091573 -0.003961561 1.077563286 -0.008087290 0.999966681 0.001095823 -1.559258461 0.003970295 -0.001063740 0.999991536 57.922580719
0.999958873 0.008266641 -0.003736537 1.083169460 -0.008262787 0.999965310 0.001045128 -1.570594788 0.003745048 -0.001014210 0.999992490 58.458339691
0.999961019 0.007958601 -0.003809221 1.094794035 -0.007954161 0.999967694 0.001179091 -1.585042596 0.003818483 -0.001148746 0.999992073 58.975894928
0.999962866 0.007932049 -0.003376357 1.100924015 -0.007929324 0.999968171 0.000819549 -1.602394938 0.003382750 -0.000792746 0.999993980 59.523292542
0.999959111 0.008361215 -0.003447151 1.110624075 -0.008358601 0.999964774 0.000771638 -1.612805009 0.003453483 -0.000742793 0.999993682 60.031970978
0.999959767 0.008549158 -0.002709979 1.116465092 -0.008546159 0.999962866 0.001116301 -1.626944065 0.002719422 -0.001093096 0.999995649 60.589244843
0.999958873 0.008336126 -0.003563653 1.128072858 -0.008333799 0.999965072 0.000666923 -1.639191270 0.003569087 -0.000637197 0.999993384 61.110752106
0.999961138 0.008164304 -0.003310400 1.138632059 -0.008162259 0.999966502 0.000631133 -1.650109768 0.003315442 -0.000604088 0.999994338 61.639942169
0.999959826 0.008194745 -0.003608534 1.149151564 -0.008191619 0.999966085 0.000879836 -1.670594454 0.003615621 -0.000850241 0.999993086 62.162296295
0.999954045 0.009136070 -0.002955162 1.158132434 -0.009134664 0.999958158 0.000490229 -1.684060812 0.002959517 -0.000463212 0.999995530 62.688438416
0.999954939 0.008940339 -0.003186016 1.173238754 -0.008938177 0.999959826 0.000692340 -1.700733542 0.003192078 -0.000663832 0.999994695 63.214839935
0.999953508 0.008933526 -0.003633706 1.186262012 -0.008931908 0.999960005 0.000461255 -1.715700865 0.003637681 -0.000428778 0.999993265 63.753479004
0.999953866 0.008983796 -0.003389385 1.199483395 -0.008981284 0.999959409 0.000755367 -1.728895783 0.003396034 -0.000724891 0.999993980 64.267265320
0.999954104 0.008997900 -0.003293844 1.210280061 -0.008996852 0.999959469 0.000332403 -1.738857269 0.003296702 -0.000302753 0.999994457 64.791336060
0.999956191 0.008709313 -0.003423687 1.226861119 -0.008707771 0.999961972 0.000465252 -1.755797744 0.003427609 -0.000435419 0.999993980 65.313056946
0.999958515 0.008529686 -0.003205186 1.236796260 -0.008528936 0.999963641 0.000248019 -1.768652797 0.003207185 -0.000220672 0.999994814 65.859542847
0.999959171 0.008242658 -0.003702197 1.257591486 -0.008241946 0.999966025 0.000207574 -1.784497023 0.003703781 -0.000177052 0.999993086 66.373504639
0.999960244 0.008337481 -0.003158318 1.256024599 -0.008338550 0.999965131 -0.000325129 -1.791662693 0.003155496 0.000351452 0.999994993 66.992668152
0.999957204 0.008428968 -0.003815523 1.278891802 -0.008428681 0.999964476 0.000091122 -1.816927314 0.003816155 -0.000058959 0.999992669 67.427558899
0.999953210 0.009111291 -0.003248446 1.284184456 -0.009111241 0.999958456 0.000029922 -1.835977077 0.003248583 -0.000000323 0.999994636 67.959434509
0.999953568 0.009095234 -0.003162755 1.292463303 -0.009096955 0.999958396 -0.000530364 -1.844397545 0.003157800 0.000559111 0.999994874 68.492370605
0.999953270 0.009055500 -0.003388589 1.301605940 -0.009057431 0.999958813 -0.000555023 -1.860146523 0.003383424 0.000585689 0.999994099 69.014625549
0.999951422 0.009219560 -0.003485678 1.315287113 -0.009223468 0.999956846 -0.001107197 -1.877958775 0.003475319 0.001139293 0.999993265 69.534278870
0.999952376 0.009228678 -0.003163263 1.320243716 -0.009232284 0.999956787 -0.001127387 -1.893480062 0.003152721 0.001156538 0.999994338 70.089370728
0.999954700 0.008933797 -0.003288259 1.334783792 -0.008938059 0.999959171 -0.001283537 -1.900179267 0.003276659 0.001312870 0.999993742 70.619583130
0.999955058 0.009024178 -0.002895564 1.347136259 -0.009027580 0.999958575 -0.001164380 -1.948064089 0.002884936 0.001190468 0.999995053 71.067535400
0.999956250 0.008552151 -0.003782063 1.376495957 -0.008547642 0.999962747 0.001206810 -2.006571770 0.003792242 -0.001174430 0.999992132 71.652046204
0.999956906 0.008508703 -0.003711909 1.378495216 -0.008508193 0.999963820 0.000152862 -2.007763147 0.003713075 -0.000121274 0.999993026 72.210960388
0.999958098 0.008337770 -0.003765268 1.390107036 -0.008336698 0.999965191 0.000300712 -2.021881819 0.003767644 -0.000269309 0.999992847 72.756027222
0.999954641 0.008889614 -0.003400775 1.390341401 -0.008889829 0.999960482 -0.000049112 -2.026850700 0.003400204 0.000079342 0.999994218 73.310813904
0.999951839 0.009267713 -0.003231980 1.397989511 -0.009268753 0.999956965 -0.000306077 -2.037335157 0.003229003 0.000336018 0.999994755 73.842597961
0.999952137 0.009267034 -0.003128871 1.405368090 -0.009268351 0.999956965 -0.000406447 -2.045932293 0.003124970 0.000435427 0.999994993 74.393150330
0.999952018 0.009332202 -0.002954822 1.410361052 -0.009333891 0.999956310 -0.000557813 -2.060960293 0.002949487 0.000585366 0.999995470 74.943855286
0.999952495 0.009347310 -0.002760656 1.418494463 -0.009349577 0.999955952 -0.000809480 -2.073716402 0.002752968 0.000835253 0.999995887 75.490119934
0.999947131 0.009928116 -0.002685231 1.422031641 -0.009930343 0.999950290 -0.000818024 -2.087130070 0.002676977 0.000844646 0.999996066 76.029830933
0.999945521 0.010121449 -0.002546003 1.430215597 -0.010123820 0.999948323 -0.000920267 -2.103007555 0.002536556 0.000945992 0.999996364 76.578918457
0.999947846 0.009977462 -0.002160057 1.438591838 -0.009980082 0.999949455 -0.001206063 -2.117730141 0.002147915 0.001227557 0.999996901 77.117408752
0.999949992 0.009685198 -0.002531520 1.443949699 -0.009687118 0.999952734 -0.000747110 -2.135062933 0.002524163 0.000771595 0.999996483 77.647010803
0.999949038 0.009830453 -0.002297645 1.456460595 -0.009832744 0.999951184 -0.000987805 -2.149523735 0.002287823 0.001010346 0.999996901 78.180107117
0.999948561 0.009919143 -0.002124237 1.463394880 -0.009921147 0.999950469 -0.000935119 -2.163091898 0.002114856 0.000956145 0.999997258 78.712913513
0.999946892 0.010033139 -0.002344242 1.476125121 -0.010034678 0.999949455 -0.000645354 -2.186527729 0.002337648 0.000668844 0.999997020 79.231475830
0.999945760 0.010224466 -0.001970090 1.480448961 -0.010225923 0.999947369 -0.000731426 -2.203776360 0.001962508 0.000751533 0.999997795 79.735359192
0.999949574 0.009980308 -0.001114780 1.485693932 -0.009981660 0.999949455 -0.001215773 -2.207850933 0.001102589 0.001226839 0.999998629 80.310119629
0.999943674 0.010607752 0.000050162 1.505043030 -0.010607664 0.999942541 -0.001531796 -2.220282793 -0.000066408 0.001531178 0.999998808 80.855712891
0.999951363 0.009825896 0.000976197 1.514265418 -0.009824486 0.999950826 -0.001439292 -2.235830545 -0.000990291 0.001429631 0.999998450 81.411918640
0.999945283 0.010177460 0.002400293 1.518969893 -0.010173536 0.999946892 -0.001640846 -2.256744623 -0.002416865 0.001616338 0.999995768 81.945602417
0.999924779 0.010677319 0.006040595 1.522978067 -0.010672443 0.999942720 -0.000838566 -2.279304981 -0.006049203 0.000774035 0.999981403 82.493453979
0.999892831 0.010791722 0.009890580 1.533786058 -0.010781012 0.999941230 -0.001135371 -2.278483629 -0.009902251 0.001028619 0.999950469 83.037658691
0.999863863 0.010643749 0.012602870 1.551929116 -0.010628164 0.999942660 -0.001302836 -2.294576406 -0.012616012 0.001168713 0.999919713 83.583366394
0.999799013 0.010515114 0.017067946 1.578330994 -0.010494011 0.999944031 -0.001325502 -2.307214260 -0.017080929 0.001146125 0.999853432 84.138435364
0.999675751 0.010809395 0.023055395 1.600761652 -0.010773527 0.999940515 -0.001679215 -2.314608574 -0.023072176 0.001430282 0.999732792 84.690223694
0.999532282 0.010001769 0.028899459 1.619940996 -0.009940249 0.999948025 -0.002271720 -2.312898636 -0.028920682 0.001983390 0.999579728 85.264617920
0.999309361 0.011127920 0.035451289 1.635787129 -0.011051119 0.999936104 -0.002361585 -2.329819679 -0.035475306 0.001968178 0.999368548 85.837867737
0.998979747 0.011758655 0.043602388 1.679253101 -0.011662489 0.999928892 -0.002459281 -2.348319530 -0.043628208 0.001948260 0.999045908 86.415145874
0.998608232 0.010764943 0.051629432 1.731767416 -0.010616476 0.999938607 -0.003149019 -2.363646030 -0.051660165 0.002596514 0.998661280 86.943466187
0.998236299 0.009536794 0.058594640 1.779440165 -0.009383041 0.999951780 -0.002898625 -2.375832081 -0.058619462 0.002343717 0.998277605 87.504447937
0.997614801 0.010547361 0.068215556 1.828225136 -0.010350030 0.999941111 -0.003245588 -2.391027212 -0.068245783 0.002531814 0.997665346 88.060234070
0.996872485 0.011254818 0.078221530 1.902071953 -0.011037922 0.999933898 -0.003204688 -2.405637026 -0.078252435 0.002331262 0.996930838 88.592544556
0.996196330 0.010358369 0.086519130 1.966097355 -0.010066410 0.999942005 -0.003810141 -2.414411306 -0.086553581 0.002924713 0.996242821 89.153953552
0.995562792 0.009088263 0.093659699 2.037126064 -0.008709989 0.999952137 -0.004446828 -2.426261902 -0.093695626 0.003611323 0.995594263 89.691238403
0.994577646 0.009360721 0.103574775 2.117238522 -0.008976798 0.999950945 -0.004172290 -2.445134640 -0.103608757 0.003219897 0.994612932 90.199951172
0.993439913 0.009428912 0.113965973 2.206746101 -0.009009900 0.999950647 -0.004191185 -2.467743874 -0.113999851 0.003136868 0.993475795 90.741676331
0.992322862 0.009257768 0.123327047 2.297412872 -0.008742599 0.999950647 -0.004717775 -2.482100010 -0.123364635 0.003603357 0.992354870 91.298263550
0.990747333 0.009527923 0.135384083 2.387255669 -0.009026348 0.999949932 -0.004318197 -2.500313282 -0.135418445 0.003056219 0.990783751 91.838729858
0.989055276 0.008453635 0.147303164 2.503103256 -0.007800687 0.999957025 -0.005009826 -2.509425640 -0.147339150 0.003805929 0.989078701 92.407814026
0.987376153 0.008309575 0.158175036 2.618844032 -0.007586071 0.999957800 -0.005177317 -2.523932934 -0.158211365 0.003912032 0.987397611 92.974792480
0.985658824 0.007906838 0.168564975 2.732972145 -0.007114880 0.999960661 -0.005301721 -2.541939259 -0.168600291 0.004026367 0.985676289 93.529335022
0.983414114 0.007606678 0.181214720 2.857851028 -0.006725468 0.999962330 -0.005476776 -2.565226316 -0.181249589 0.004167185 0.983428240 94.055244446
0.981116235 0.006810183 0.193299204 2.989608765 -0.005786354 0.999966025 -0.005860688 -2.581532478 -0.193332613 0.004631518 0.981122375 94.603172302
0.978986561 0.006654497 0.203816146 3.117011070 -0.005616078 0.999968171 -0.005672854 -2.603284836 -0.203847423 0.004409001 0.978992701 95.132904053
0.976221442 0.006956142 0.216664061 3.259780884 -0.005882905 0.999967039 -0.005598051 -2.615418434 -0.216695875 0.004190324 0.976230085 95.682998657
0.973155975 0.006498272 0.230055034 3.408870697 -0.005349786 0.999969900 -0.005615610 -2.628440380 -0.230084613 0.004234118 0.973161459 96.216377258
0.970472395 0.005635669 0.241146579 3.561054230 -0.004344941 0.999973297 -0.005883866 -2.642579794 -0.241173252 0.004662361 0.970470846 96.729782104
0.967521369 0.006698868 0.252700418 3.720821381 -0.005417029 0.999968708 -0.005767969 -2.681564808 -0.252731144 0.004211747 0.967527390 97.330734253
0.963877261 0.006126067 0.266276389 3.885604858 -0.004766300 0.999972105 -0.005752547 -2.700052023 -0.266304255 0.004275597 0.963879526 97.858116150
0.960351586 0.005850974 0.278730035 4.060426712 -0.004405882 0.999973416 -0.005810719 -2.719078541 -0.278756648 0.004352282 0.960351884 98.404937744
0.956935346 0.005591244 0.290247649 4.244588852 -0.004243249 0.999977112 -0.005273432 -2.748683214 -0.290270597 0.003814739 0.956937015 98.923782349
0.952575982 0.005228990 0.304255664 4.436555862 -0.003715378 0.999977648 -0.005553529 -2.764016867 -0.304277927 0.004159735 0.952574193 99.453330994
0.948048830 0.005057575 0.318084598 4.638624191 -0.003426756 0.999977946 -0.005686318 -2.783204794 -0.318106353 0.004300909 0.948045433 99.976371765
0.944050729 0.004929811 0.329763532 4.844705582 -0.003088145 0.999976516 -0.006108409 -2.795699835 -0.329785973 0.004748289 0.944043875 100.498672485
0.939508557 0.004668267 0.342493623 5.053798676 -0.003115595 0.999982238 -0.005083470 -2.830109358 -0.342511296 0.003708893 0.939506352 101.001373291
0.934179008 0.004281171 0.356779069 5.267971039 -0.002495192 0.999981940 -0.005465952 -2.845533848 -0.356796056 0.004215945 0.934172809 101.504570007
0.929349482 0.003556983 0.369184107 5.487781525 -0.001597707 0.999982953 -0.005612631 -2.857196331 -0.369197786 0.004626248 0.929339349 102.009292603
0.924664617 0.002574211 0.380773813 5.750350952 -0.000436719 0.999983668 -0.005699840 -2.885722160 -0.380782276 0.005104149 0.924650669 102.596191406
0.919082820 0.002032628 0.394059300 5.993339539 -0.000527599 0.999992132 -0.003927593 -2.911665201 -0.394064188 0.003401878 0.919076681 103.090667725
0.912738562 0.002079836 0.408538848 6.260326385 -0.000033082 0.999987364 -0.005016940 -2.941019058 -0.408544183 0.004565639 0.912727118 103.652252197
0.907733798 0.002110897 0.419541270 6.508483887 0.000071473 0.999986589 -0.005186014 -2.954039574 -0.419546574 0.004737506 0.907721400 104.136001587
0.902084351 0.000118444 0.431559801 6.786212921 0.002494572 0.999981821 -0.005488828 -2.977578402 -0.431552559 0.006027942 0.902067661 104.669464111
0.895488620 0.000376465 0.445084184 7.051906586 0.002294689 0.999982417 -0.005462621 -2.987167120 -0.445078462 0.005913044 0.895472050 105.155044556
0.889642119 -0.000278839 0.456658334 7.336898804 0.003180419 0.999979317 -0.005585363 -3.019826651 -0.456647336 0.006421339 0.889624655 105.648101807
0.883802414 -0.000823883 0.467859566 7.611186981 0.003726727 0.999979019 -0.005278988 -3.035113335 -0.467845410 0.006409167 0.883787155 106.122901917
0.876524806 -0.001698413 0.481353760 7.922420502 0.004699799 0.999976277 -0.005029810 -3.057512283 -0.481333762 0.006671019 0.876511991 106.611930847
0.869359136 -0.001588877 0.494178355 8.207466125 0.004753938 0.999975443 -0.005148023 -3.074823856 -0.494158030 0.006824774 0.869345307 107.065620422
