1.000000000 0.000000000 0.000000000 0.000000000 0.000000000 1.000000000 0.000000000 0.000000000 0.000000000 0.000000000 1.000000000 0.000000000
1.000000000 0.000022694 -0.000021273 0.000444024 -0.000022695 1.000000000 -0.000038031 0.000772573 0.000021272 0.000038031 1.000000000 0.000389149
1.000000000 0.000027604 0.000033132 -0.000056429 -0.000027606 1.000000000 0.000036469 0.000067035 -0.000033131 -0.000036470 1.000000000 0.000086183
1.000000000 -0.000129200 0.000060280 -0.000078513 0.000129201 1.000000000 -0.000024175 0.000755378 -0.000060277 0.000024183 1.000000000 0.000119839
1.000000000 -0.000141900 0.000029670 -0.000048593 0.000141899 1.000000000 0.000031124 -0.000127124 -0.000029674 -0.000031120 1.000000000 -0.000538970
1.000000000 0.000034647 0.000116203 -0.000464245 -0.000034644 1.000000000 -0.000025584 0.000819641 -0.000116204 0.000025580 1.000000000 0.000058541
1.000000000 -0.000095737 0.000070598 0.000162357 0.000095737 1.000000000 -0.000001158 0.000480870 -0.000070598 0.000001165 1.000000000 0.000256967
1.000000000 0.000008471 0.000066712 -0.000541770 -0.000008477 1.000000000 0.000092044 -0.000106508 -0.000066712 -0.000092045 1.000000000 -0.000095859
1.000000000 -0.000034910 -0.000001728 -0.000721972 0.000034910 1.000000000 -0.000083429 -0.000086004 0.000001731 0.000083429 1.000000000 -0.001089645
1.000000000 -0.000046213 0.000080967 -0.000089047 0.000046210 1.000000000 0.000040908 -0.000724645 -0.000080969 -0.000040905 1.000000000 -0.000410607
1.000000000 0.000072013 0.000053051 -0.000834900 -0.000072016 1.000000000 0.000056892 -0.000903901 -0.000053047 -0.000056896 1.000000000 -0.000640207
1.000000000 -0.000030411 0.000077272 -0.001069436 0.000030407 1.000000000 0.000039086 -0.000369525 -0.000077274 -0.000039084 1.000000000 -0.000961187
1.000000000 0.000053411 0.000033278 -0.000812273 -0.000053408 1.000000000 -0.000075493 -0.000338728 -0.000033282 0.000075492 1.000000000 -0.001540961
1.000000000 0.000045463 0.000071922 -0.000997487 -0.000045461 1.000000000 -0.000028257 0.000501679 -0.000071923 0.000028254 1.000000000 0.000307687
1.000000000 0.000034760 0.000051721 -0.001030027 -0.000034753 1.000000000 -0.000122004 0.001343729 -0.000051725 0.000122002 1.000000000 0.000973092
1.000000000 0.000001812 -0.000034059 0.000324750 -0.000001815 1.000000000 -0.000082400 0.001313003 0.000034059 0.000082400 1.000000000 0.001323560
1.000000000 0.000101925 0.000110053 -0.001039851 -0.000101908 1.000000000 -0.000158016 0.002313597 -0.000110070 0.000158005 1.000000000 0.002540902
1.000000000 0.000186829 0.000087168 -0.001378469 -0.000186814 0.999999940 -0.000171886 0.001901538 -0.000087200 0.000171870 1.000000000 0.001580735
0.999999940 0.000228917 0.000168515 -0.001625623 -0.000228898 0.999999940 -0.000110136 0.002147721 -0.000168540 0.000110097 1.000000000 0.002423273
1.000000000 0.000124939 0.000161019 -0.001508911 -0.000124923 1.000000000 -0.000102694 0.001033288 -0.000161032 0.000102674 1.000000000 0.001264058
1.000000000 0.000057161 0.000086224 -0.001160312 -0.000057158 1.000000000 -0.000034880 0.000345310 -0.000086226 0.000034876 1.000000000 0.000660354
1.000000000 0.000160817 0.000060339 -0.000848484 -0.000160816 1.000000000 -0.000022625 0.001292511 -0.000060342 0.000022615 1.000000000 0.000822104
1.000000000 0.000108621 0.000014291 -0.000634075 -0.000108620 1.000000000 -0.000081832 0.001364793 -0.000014300 0.000081831 1.000000000 0.002167144
1.000000000 0.000106804 0.000086086 -0.001226672 -0.000106798 1.000000000 -0.000071672 0.001698388 -0.000086093 0.000071663 1.000000000 0.002474744
0.999999940 0.000353803 0.000037733 -0.001141342 -0.000353801 0.999999940 -0.000072405 0.002383938 -0.000037759 0.000072392 1.000000000 0.003678172
0.999999940 0.000238259 0.000106142 -0.001519067 -0.000238252 0.999999940 -0.000065250 0.002204148 -0.000106157 0.000065225 1.000000000 0.001894728
1.000000000 0.000053755 0.000108660 -0.000523794 -0.000053748 1.000000000 -0.000065856 0.002419969 -0.000108664 0.000065850 1.000000000 0.002997419
1.000000000 0.000140522 0.000172910 -0.001785558 -0.000140518 1.000000000 -0.000022379 0.001467026 -0.000172913 0.000022355 1.000000000 0.002297977
1.000000000 0.000125836 0.000072121 -0.001270811 -0.000125830 1.000000000 -0.000076635 0.002345963 -0.000072131 0.000076626 1.000000000 0.002298650
1.000000000 0.000043839 0.000088655 -0.001575392 -0.000043832 1.000000000 -0.000083701 0.001122512 -0.000088659 0.000083697 1.000000000 0.001636794
1.000000000 0.000129318 0.000199130 -0.001887122 -0.000129316 1.000000000 -0.000008258 0.000969794 -0.000199131 0.000008233 1.000000000 0.001918329
1.000000000 0.000085526 0.000195208 -0.001380652 -0.000085514 1.000000000 -0.000064980 0.002154425 -0.000195214 0.000064963 1.000000000 0.003771548
1.000000000 0.000206757 0.000098585 -0.000893254 -0.000206736 0.999999940 -0.000211718 0.003331127 -0.000098629 0.000211698 1.000000000 0.003801478
1.000000000 0.000081889 0.000132421 -0.000851198 -0.000081876 1.000000000 -0.000098137 0.001665881 -0.000132429 0.000098126 1.000000000 0.001882076
0.999999940 0.000204689 0.000184222 -0.002498630 -0.000204661 0.999999940 -0.000152164 0.002098295 -0.000184253 0.000152126 1.000000000 0.002563481
1.000000000 0.000155407 0.000174336 -0.001630251 -0.000155393 1.000000000 -0.000080206 0.001055545 -0.000174348 0.000080179 1.000000000 0.001555838
1.000000000 0.000092818 0.000046848 -0.002068892 -0.000092819 1.000000000 0.000020074 0.000484997 -0.000046846 -0.000020078 1.000000000 0.000317647
1.000000000 0.000148019 0.000091849 -0.001555754 -0.000148016 1.000000000 -0.000035869 0.001971282 -0.000091854 0.000035855 1.000000000 0.002436824
1.000000000 0.000156607 0.000159975 -0.002041564 -0.000156597 1.000000000 -0.000059600 0.001650127 -0.000159984 0.000059575 1.000000000 0.001326820
1.000000000 0.000195209 0.000125720 -0.000861304 -0.000195197 1.000000000 -0.000093016 0.002979684 -0.000125738 0.000092992 1.000000000 0.003278733
1.000000000 0.000010230 0.000068510 0.000247230 -0.000010223 1.000000000 -0.000095639 0.000884606 -0.000068511 0.000095639 1.000000000 0.002575722
0.999999821 0.000518295 0.000164544 -0.000031196 -0.000518192 0.999999583 -0.000622535 -0.001679570 -0.000164866 0.000622450 0.999999821 0.052703034
0.999999881 0.000418116 0.000208662 0.001374851 -0.000417852 0.999999046 -0.001262479 -0.002454147 -0.000209190 0.001262392 0.999999225 0.142277971
0.999999881 0.000453552 0.000270537 0.000634869 -0.000453311 0.999999523 -0.000890754 -0.010766183 -0.000270941 0.000890631 0.999999583 0.258693129
0.999999881 0.000426316 0.000293150 0.003852432 -0.000426060 0.999999523 -0.000874368 -0.013508768 -0.000293523 0.000874243 0.999999583 0.391013414
0.999999881 0.000451990 0.000267983 0.005107861 -0.000451816 0.999999702 -0.000650598 -0.016866932 -0.000268277 0.000650477 0.999999762 0.535308599
0.999999940 0.000032384 0.000289889 0.011679483 -0.000032415 1.000000000 0.000108191 -0.030947886 -0.000289886 -0.000108200 0.999999881 0.677667379
0.999999881 -0.000305059 0.000258538 0.017648511 0.000304988 0.999999940 0.000276761 -0.034760099 -0.000258623 -0.000276682 0.999999940 0.839051664
0.999999881 0.000345916 -0.000083094 0.017463848 -0.000345920 0.999999881 -0.000040526 -0.034400310 0.000083080 0.000040555 1.000000000 1.018224835
0.999999881 0.000502607 -0.000102547 0.021565245 -0.000502594 0.999999881 0.000125288 -0.039771717 0.000102610 -0.000125237 1.000000000 1.193681479
0.999999881 0.000092280 0.000480776 0.025788801 -0.000092569 0.999999821 0.000602709 -0.050847981 -0.000480721 -0.000602753 0.999999702 1.373468637
0.999999940 0.000149471 0.000274522 0.030579669 -0.000149609 0.999999821 0.000499503 -0.052834187 -0.000274447 -0.000499544 0.999999881 1.567786217
1.000000000 -0.000199314 0.000457801 0.032890301 0.000198747 0.999999166 0.001237066 -0.064013481 -0.000458047 -0.001236975 0.999999106 1.769209862
0.999999762 0.000160196 0.000655610 0.032009058 -0.000161193 0.999998748 0.001522003 -0.072055779 -0.000655365 -0.001522108 0.999998629 1.959224582
0.999999821 -0.000520687 0.000363963 0.038992535 0.000520142 0.999998689 0.001494113 -0.077690855 -0.000364740 -0.001493923 0.999998748 2.174309254
0.999999940 0.000042384 0.000266761 0.046117194 -0.000042724 0.999999285 0.001271691 -0.076978758 -0.000266707 -0.001271703 0.999999166 2.393829584
0.999999821 0.000354298 0.000333872 0.050402883 -0.000354719 0.999999106 0.001263663 -0.081830785 -0.000333424 -0.001263782 0.999999166 2.619937420
0.999999881 -0.000285250 0.000422351 0.054155461 0.000284598 0.999998748 0.001543622 -0.095771611 -0.000422791 -0.001543502 0.999998748 2.844299316
0.999999821 -0.000215338 0.000502682 0.059221122 0.000214475 0.999998510 0.001717058 -0.099771790 -0.000503051 -0.001716950 0.999998450 3.091570377
0.999999881 0.000158588 0.000476162 0.062214799 -0.000159457 0.999998271 0.001825496 -0.109216087 -0.000475871 -0.001825572 0.999998212 3.320837736
0.999999881 -0.000062340 0.000510117 0.067410626 0.000061461 0.999998510 0.001723425 -0.115407199 -0.000510223 -0.001723393 0.999998391 3.571005344
0.999999821 0.000354297 0.000500967 0.070278890 -0.000355096 0.999998629 0.001596862 -0.120962478 -0.000500401 -0.001597040 0.999998629 3.828976631
0.999999642 0.000309970 0.000674392 0.074986972 -0.000311057 0.999998629 0.001612595 -0.124243215 -0.000673891 -0.001612804 0.999998450 4.097103119
0.999999821 0.000350269 0.000388735 0.083786942 -0.000350904 0.999998689 0.001633113 -0.128468111 -0.000388162 -0.001633250 0.999998569 4.357061386
0.999999702 0.000153839 0.000762007 0.083335154 -0.000155126 0.999998569 0.001688800 -0.135411575 -0.000761746 -0.001688918 0.999998212 4.616545200
0.999999464 0.000365143 0.000949596 0.088505849 -0.000366732 0.999998510 0.001673928 -0.144206211 -0.000948983 -0.001674276 0.999998152 4.866593361
0.999999583 0.000394376 0.000826806 0.097049162 -0.000396048 0.999997854 0.002021955 -0.152092263 -0.000826006 -0.002022281 0.999997675 5.127343655
0.999999404 0.000363901 0.001008859 0.093807049 -0.000365546 0.999998629 0.001631125 -0.157828778 -0.001008264 -0.001631493 0.999998152 5.388833046
0.999999166 0.000651561 0.001099079 0.099033393 -0.000653380 0.999998391 0.001655119 -0.167722866 -0.001097998 -0.001655836 0.999998033 5.654872417
0.999999404 0.000621472 0.000890501 0.103187330 -0.000623168 0.999997973 0.001905964 -0.174609676 -0.000889315 -0.001906518 0.999997795 5.926345825
0.999999464 0.000246609 0.001017872 0.107843637 -0.000247934 0.999999106 0.001302771 -0.178070247 -0.001017550 -0.001303023 0.999998629 6.210950375
0.999999344 0.000434066 0.001086159 0.116667219 -0.000435311 0.999999166 0.001146778 -0.180180430 -0.001085660 -0.001147250 0.999998748 6.504737377
0.999998987 0.000768871 0.001210480 0.118056618 -0.000771112 0.999997973 0.001852307 -0.199651778 -0.001209053 -0.001853238 0.999997556 6.779129028
0.999999285 0.000332162 0.001095209 0.130061492 -0.000334054 0.999998391 0.001727587 -0.202810079 -0.001094633 -0.001727952 0.999997854 7.082364082
0.999999225 0.000614297 0.001109296 0.136495396 -0.000616655 0.999997556 0.002126665 -0.215815187 -0.001107987 -0.002127348 0.999997139 7.388819695
0.999999106 0.000753752 0.001165877 0.140849501 -0.000755911 0.999998093 0.001852306 -0.222807750 -0.001164479 -0.001853186 0.999997616 7.698302746
0.999998927 -0.000015531 0.001542393 0.143072933 0.000012255 0.999997735 0.002124019 -0.236548036 -0.001542422 -0.002123998 0.999996483 8.013188362
0.999998212 0.000829259 0.001711907 0.146910653 -0.000833563 0.999996483 0.002514730 -0.248560473 -0.001709815 -0.002516153 0.999995351 8.322913170
0.999998093 0.000665574 0.001835273 0.154113322 -0.000670521 0.999996066 0.002696382 -0.260996342 -0.001833472 -0.002697607 0.999994695 8.640820503
0.999998510 0.000722164 0.001644662 0.162950441 -0.000724907 0.999998331 0.001668036 -0.256636977 -0.001643456 -0.001669225 0.999997258 9.002490044
0.999998808 0.000560980 0.001451338 0.171243295 -0.000563268 0.999998629 0.001576223 -0.268380761 -0.001450452 -0.001577038 0.999997735 9.333932877
0.999996006 0.002006698 0.002001518 0.179134786 -0.002012358 0.999993980 0.002829944 -0.298600793 -0.001995827 -0.002833960 0.999993980 9.662129402
0.999996543 0.001680006 0.002038681 0.188207120 -0.001686480 0.999993503 0.003177668 -0.310204238 -0.002033329 -0.003181095 0.999992847 10.013238907
0.999996424 0.001911552 0.001917943 0.185642704 -0.001917214 0.999993801 0.002954572 -0.322927028 -0.001912284 -0.002958239 0.999993801 10.381470680
0.999997020 0.001819807 0.001602582 0.195283979 -0.001824532 0.999993980 0.002951520 -0.331316262 -0.001597201 -0.002954435 0.999994338 10.746260643
0.999998152 0.000895582 0.001660274 0.208150610 -0.000900339 0.999995410 0.002866755 -0.340936124 -0.001657699 -0.002868244 0.999994516 11.105731964
0.999996901 0.001495899 0.002052977 0.218328178 -0.001501264 0.999995470 0.002614018 -0.349256188 -0.002049058 -0.002617092 0.999994457 11.487444878
0.999996006 0.001914768 0.002125087 0.226850808 -0.001919749 0.999995410 0.002344626 -0.354925901 -0.002120588 -0.002348696 0.999994934 11.871302605
0.999992967 0.002473849 0.002811615 0.216982335 -0.002482781 0.999991894 0.003178226 -0.377610505 -0.002803730 -0.003185184 0.999990940 12.252799988
0.999993563 0.002210099 0.002823504 0.227156982 -0.002220337 0.999991000 0.003628138 -0.392520636 -0.002815461 -0.003634384 0.999989390 12.644468307
0.999993920 0.002009026 0.002851566 0.240145057 -0.002018511 0.999992430 0.003327125 -0.402043432 -0.002844860 -0.003332860 0.999990404 13.049163818
0.999992549 0.002136681 0.003235042 0.247235566 -0.002147398 0.999992251 0.003313030 -0.416151911 -0.003227938 -0.003319952 0.999989271 13.444246292
0.999991179 0.002513831 0.003366767 0.255731523 -0.002525798 0.999990463 0.003555046 -0.424340010 -0.003357798 -0.003563518 0.999988019 13.869941711
0.999990046 0.002480772 0.003706600 0.262079507 -0.002495044 0.999989390 0.003850652 -0.437660813 -0.003697009 -0.003859862 0.999985695 14.294830322
0.999989092 0.002613918 0.003870009 0.270708472 -0.002626308 0.999991477 0.003199932 -0.448808521 -0.003861611 -0.003210061 0.999987364 14.713121414
0.999990225 0.002140177 0.003863397 0.293044776 -0.002154906 0.999990404 0.003812256 -0.459300399 -0.003855201 -0.003820544 0.999985278 15.144284248
0.999989808 0.002174136 0.003948563 0.306472331 -0.002189260 0.999990225 0.003830074 -0.473767161 -0.003940198 -0.003838680 0.999984801 15.582874298
0.999988854 0.001892482 0.004323465 0.319688380 -0.001909994 0.999990106 0.004050051 -0.486736625 -0.004315757 -0.004058265 0.999982476 16.018018723
0.999984384 0.002863721 0.004797096 0.320690721 -0.002885128 0.999985814 0.004461604 -0.504017055 -0.004784252 -0.004475375 0.999978483 16.459041595
0.999984860 0.002640363 0.004821537 0.333194137 -0.002658733 0.999989212 0.003807538 -0.512009680 -0.004811431 -0.003820300 0.999981105 16.903976440
0.999983132 0.002914710 0.005028669 0.345533580 -0.002934524 0.999987960 0.003937590 -0.521239936 -0.005017131 -0.003952280 0.999979615 17.371150970
0.999983072 0.002484480 0.005258579 0.357990980 -0.002506255 0.999988258 0.004138286 -0.529680371 -0.005248237 -0.004151395 0.999977589 17.847143173
0.999983370 0.001944160 0.005416666 0.374407351 -0.001962547 0.999992371 0.003391334 -0.538196623 -0.005410031 -0.003401908 0.999979556 18.310009003
0.999983430 0.001599355 0.005534105 0.392393917 -0.001620798 0.999991119 0.003872441 -0.545135498 -0.005527864 -0.003881347 0.999977171 18.793115616
0.999978662 0.002908665 0.005835140 0.400776267 -0.002931469 0.999988079 0.003903183 -0.566170514 -0.005823716 -0.003920205 0.999975383 19.259439468
0.999975264 0.003567211 0.006060835 0.412999064 -0.003589959 0.999986470 0.003746542 -0.578117013 -0.006047389 -0.003768208 0.999974549 19.739061356
0.999975979 0.003756670 0.005826487 0.419948220 -0.003781185 0.999983966 0.004202323 -0.592131257 -0.005810607 -0.004224253 0.999974132 20.229387283
0.999973595 0.003513410 0.006362868 0.432716846 -0.003540099 0.999984980 0.004188092 -0.611997843 -0.006348057 -0.004210507 0.999970973 20.720121384
0.999980807 0.002604252 0.005610917 0.446107119 -0.002630157 0.999985933 0.004614589 -0.628015757 -0.005598819 -0.004629259 0.999973595 21.224359512
0.999979794 0.003342980 0.005400341 0.460098505 -0.003366171 0.999985039 0.004291046 -0.634603620 -0.005385916 -0.004309138 0.999976158 21.732231140
0.999979377 0.003622310 0.005308225 0.471011400 -0.003644050 0.999984980 0.004091448 -0.648864269 -0.005293326 -0.004110707 0.999977469 22.244844437
0.999981344 0.003862389 0.004750384 0.484717369 -0.003881454 0.999984443 0.004010573 -0.659475148 -0.004734820 -0.004028936 0.999980628 22.764024734
0.999982357 0.003595596 0.004712541 0.492863178 -0.003615360 0.999984682 0.004192086 -0.676992118 -0.004697395 -0.004209050 0.999980092 23.275192261
0.999986231 0.003347693 0.004047887 0.507409632 -0.003365234 0.999984920 0.004334269 -0.693682373 -0.004033316 -0.004347831 0.999982357 23.791130066
0.999992788 0.001680878 0.003424077 0.515805304 -0.001693856 0.999991357 0.003790857 -0.710363925 -0.003417675 -0.003796629 0.999986947 24.314088821
0.999988198 0.003446281 0.003413521 0.525848150 -0.003459623 0.999986291 0.003910414 -0.718213379 -0.003399997 -0.003922177 0.999986529 24.859081268
0.999990940 0.003418811 0.002541123 0.540310502 -0.003430580 0.999983370 0.004641561 -0.738409758 -0.002525212 -0.004650237 0.999985993 25.402593613
0.999991536 0.003561191 0.002051884 0.546889246 -0.003570541 0.999983191 0.004571143 -0.747691929 -0.002035571 -0.004578430 0.999987423 25.944332123
0.999991179 0.003805262 0.001773071 0.559587300 -0.003813179 0.999982774 0.004484260 -0.760589302 -0.001755977 -0.004490983 0.999988377 26.499082565
0.999992728 0.003434289 0.001650032 0.571698785 -0.003442361 0.999981999 0.004914660 -0.772953033 -0.001633124 -0.004920305 0.999986589 27.059431076
0.999991536 0.003923419 0.001246831 0.579940259 -0.003929703 0.999979377 0.005078482 -0.793243408 -0.001226881 -0.005083339 0.999986351 27.597032547
0.999989629 0.004473850 0.000930295 0.589265168 -0.004478318 0.999978244 0.004858425 -0.803781927 -0.000908540 -0.004862541 0.999987781 28.157241821
0.999988794 0.004636469 0.000933560 0.601830900 -0.004641290 0.999975562 0.005230856 -0.823000610 -0.000909284 -0.005235130 0.999985874 28.691383362
0.999990523 0.004295225 0.000624320 0.612695515 -0.004298499 0.999976516 0.005341275 -0.837175965 -0.000601363 -0.005343908 0.999985516 29.239038467
0.999989271 0.004633852 0.000173179 0.627561927 -0.004634673 0.999976277 0.005086570 -0.846940517 -0.000149605 -0.005087318 0.999987066 29.783208847
0.999989986 0.004462212 -0.000265008 0.635462880 -0.004460743 0.999976099 0.005306588 -0.861362219 0.000288681 -0.005305354 0.999985814 30.331251144
0.999989271 0.004607486 -0.000247068 0.648217678 -0.004606123 0.999975562 0.005257531 -0.876589417 0.000271286 -0.005256337 0.999986112 30.878198624
0.999989212 0.004621432 -0.000331359 0.662332118 -0.004619642 0.999975741 0.005214176 -0.890782416 0.000355448 -0.005212589 0.999986351 31.419252396
0.999985039 0.005428581 -0.000616819 0.670774996 -0.005425506 0.999973357 0.004883629 -0.897910595 0.000643313 -0.004880209 0.999987841 31.969200134
0.999987543 0.004937858 -0.000711328 0.686849892 -0.004934242 0.999975264 0.004999909 -0.916379273 0.000736000 -0.004996336 0.999987245 32.513706207
0.999982297 0.005871054 -0.000979440 0.690496027 -0.005865776 0.999968708 0.005307554 -0.935729921 0.001010570 -0.005301715 0.999985456 33.054141998
0.999988258 0.004715981 -0.001077625 0.710673809 -0.004710686 0.999977052 0.004864694 -0.942901552 0.001100542 -0.004859561 0.999987543 33.580684662
0.999987900 0.004674896 -0.001474081 0.725059152 -0.004667493 0.999976814 0.004986092 -0.959151924 0.001497356 -0.004979151 0.999986410 34.127498627
0.999986827 0.004825640 -0.001712705 0.736565769 -0.004816693 0.999974847 0.005190935 -0.973096311 0.001737712 -0.005182617 0.999985039 34.661052704
0.999986410 0.004799911 -0.002006755 0.748455107 -0.004788878 0.999973536 0.005467160 -0.993919253 0.002032944 -0.005457474 0.999982953 35.181926727
0.999985695 0.005098105 -0.001608989 0.748408198 -0.005090502 0.999975979 0.004694879 -0.991721153 0.001632886 -0.004686621 0.999987662 35.756858826
0.999982059 0.005860901 -0.001189338 0.750353754 -0.005855024 0.999970973 0.004884498 -1.006506085 0.001217931 -0.004877448 0.999987364 36.309959412
0.999988675 0.004354086 -0.001928181 0.767296493 -0.004344786 0.999979019 0.004801183 -1.024533272 0.001949045 -0.004792751 0.999986589 36.835430145
0.999989450 0.004132560 -0.001994422 0.778186917 -0.004122583 0.999979079 0.004981478 -1.035931230 0.002014967 -0.004973204 0.999985576 37.383003235
0.999987066 0.004735175 -0.001840916 0.787161350 -0.004726479 0.999977767 0.004699913 -1.051244259 0.001863129 -0.004691151 0.999987245 37.925373077
0.999984801 0.004885743 -0.002546546 0.798261762 -0.004873279 0.999976158 0.004878078 -1.062733769 0.002570318 -0.004865593 0.999984801 38.479431152
0.999985635 0.005026665 -0.001879593 0.806137860 -0.005018848 0.999978840 0.004140476 -1.066314340 0.001900365 -0.004130983 0.999989629 39.034885406
0.999985635 0.004945183 -0.002115952 0.830025971 -0.004935293 0.999976933 0.004654150 -1.090354919 0.002138919 -0.004643640 0.999986947 39.545932770
0.999987125 0.004388202 -0.002542767 0.847309887 -0.004376827 0.999980450 0.004462151 -1.102585793 0.002562298 -0.004450965 0.999986827 40.099769592
0.999987125 0.004463292 -0.002420069 0.853414774 -0.004451134 0.999977589 0.005006693 -1.120954752 0.002442361 -0.004995857 0.999984562 40.644653320
0.999986470 0.004615251 -0.002415506 0.865543485 -0.004604384 0.999979377 0.004485285 -1.126402736 0.002436156 -0.004474103 0.999987066 41.208915710
0.999986410 0.004322364 -0.002906995 0.881039381 -0.004310139 0.999981880 0.004198503 -1.139595389 0.002925089 -0.004185916 0.999986947 41.744125366
0.999985993 0.004565597 -0.002654392 0.888067067 -0.004555276 0.999982059 0.003881409 -1.150281429 0.002672065 -0.003869263 0.999988914 42.290626526
0.999987423 0.004086217 -0.002907875 0.907810450 -0.004074555 0.999983668 0.004005000 -1.165451288 0.002924193 -0.003993101 0.999987721 42.808578491
0.999981701 0.005116365 -0.003225483 0.917178631 -0.005103196 0.999978662 0.004077675 -1.175384879 0.003246275 -0.004061140 0.999986470 43.351696014
0.999983490 0.004890091 -0.003006639 0.927814245 -0.004877978 0.999979973 0.004022429 -1.191233397 0.003026249 -0.004007696 0.999987423 43.902088165
0.999979317 0.005823747 -0.002735961 0.929679513 -0.005814371 0.999977171 0.003422517 -1.199700594 0.002755830 -0.003406538 0.999990404 44.419086456
0.999983311 0.004923956 -0.003029983 0.939379454 -0.004913453 0.999981940 0.003463541 -1.211931586 0.003046983 -0.003448596 0.999989390 44.972183228
0.999981761 0.005274915 -0.002943465 0.949125528 -0.005264439 0.999979794 0.003555485 -1.225090623 0.002962160 -0.003539924 0.999989331 45.515747070
0.999981284 0.005393186 -0.002897369 0.959094107 -0.005382665 0.999978960 0.003627067 -1.236831546 0.002916870 -0.003611403 0.999989212 46.061931610
0.999982536 0.005328754 -0.002559667 0.961601496 -0.005321479 0.999981821 0.002840343 -1.243758440 0.002574756 -0.002826672 0.999992669 46.621921539
0.999981582 0.005310571 -0.002909490 0.981860042 -0.005301161 0.999980748 0.003232870 -1.258818746 0.002926602 -0.003217387 0.999990523 47.174919128
0.999982238 0.004784160 -0.003544999 1.000081420 -0.004772198 0.999982893 0.003375274 -1.276275992 0.003561086 -0.003358296 0.999988019 47.725742340
0.999979556 0.005370808 -0.003478643 1.006042957 -0.005361243 0.999981821 0.002753467 -1.286548853 0.003493369 -0.002734761 0.999990165 48.270801544
0.999985218 0.004497167 -0.003064414 1.015173316 -0.004485717 0.999983072 0.003733051 -1.312729597 0.003081150 -0.003719250 0.999988317 48.813217163
0.999985814 0.004205061 -0.003263767 1.021765709 -0.004193760 0.999985158 0.003461293 -1.323983192 0.003278274 -0.003447557 0.999988675 49.367603302
0.999983013 0.005155829 -0.002714408 1.030385137 -0.005146779 0.999981225 0.003330485 -1.332535744 0.002731529 -0.003316459 0.999990761 49.917728424
0.999981165 0.005445508 -0.002826376 1.036514282 -0.005436949 0.999980628 0.003026763 -1.344935179 0.002842804 -0.003011340 0.999991357 50.463470459
0.999981999 0.005496971 -0.002399954 1.038403153 -0.005490264 0.999981046 0.002791925 -1.362564564 0.002415255 -0.002778698 0.999993205 50.979804993
0.999982238 0.005016804 -0.003256093 1.063990116 -0.005007281 0.999983191 0.002925524 -1.367592454 0.003270715 -0.002909168 0.999990404 51.515800476
0.999983191 0.004610488 -0.003512810 1.075227499 -0.004598849 0.999983847 0.003314498 -1.380621195 0.003528035 -0.003298287 0.999988258 52.030952454
0.999983072 0.004834040 -0.003223440 1.092032909 -0.004824484 0.999983907 0.002966412 -1.389087319 0.003237727 -0.002950810 0.999990404 52.568515778
0.999984324 0.004636847 -0.003117505 1.096892595 -0.004629108 0.999986172 0.002484899 -1.397199392 0.003128985 -0.002470428 0.999992013 53.115436554
0.999980032 0.005600711 -0.002930993 1.104208350 -0.005592313 0.999980271 0.002866216 -1.417710543 0.002946988 -0.002849767 0.999991596 53.649311066
0.999982715 0.005328919 -0.002478968 1.105889678 -0.005322656 0.999982595 0.002527006 -1.430431843 0.002492391 -0.002513767 0.999993742 54.190940857
0.999980450 0.005884590 -0.002127429 1.114297986 -0.005880646 0.999980986 0.001855524 -1.437898278 0.002138307 -0.001842977 0.999996006 54.723915100
0.999980450 0.005820962 -0.002285691 1.124245167 -0.005816726 0.999981284 0.001854817 -1.451546192 0.002296444 -0.001841486 0.999995649 55.275291443
0.999979734 0.005923621 -0.002333942 1.148729801 -0.005918018 0.999979615 0.002399811 -1.480911374 0.002348109 -0.002385950 0.999994338 55.789249420
0.999979615 0.005769109 -0.002709962 1.163034439 -0.005762677 0.999980509 0.002374980 -1.496408701 0.002723610 -0.002359315 0.999993443 56.326850891
0.999976695 0.006435391 -0.002283869 1.172287226 -0.006429951 0.999976456 0.002381816 -1.513811946 0.002299143 -0.002367075 0.999994576 56.841201782
0.999974847 0.006765547 -0.002182186 1.180761456 -0.006761270 0.999975145 0.001962311 -1.517357230 0.002195407 -0.001947507 0.999995708 57.389701843
0.999977291 0.006305714 -0.002425872 1.204474211 -0.006300322 0.999977648 0.002223596 -1.544847250 0.002439839 -0.002208262 0.999994576 57.911190033
0.999976158 0.006559703 -0.002119054 1.209909916 -0.006554888 0.999975920 0.002272219 -1.558562756 0.002133908 -0.002258275 0.999995172 58.434173584
0.999974668 0.006824357 -0.002011560 1.217995882 -0.006819986 0.999974310 0.002171598 -1.573711038 0.002026328 -0.002157824 0.999995589 58.977996826
0.999977291 0.006472433 -0.001870121 1.231609583 -0.006468576 0.999976933 0.002061165 -1.590079308 0.001883419 -0.002049022 0.999996066 59.511356354
0.999974370 0.007092648 -0.001003254 1.223593473 -0.007091168 0.999973774 0.001470030 -1.594810009 0.001013655 -0.001462879 0.999998391 60.072174072
0.999975264 0.006909698 -0.001350272 1.238676667 -0.006907707 0.999975085 0.001473011 -1.603828192 0.001360416 -0.001463648 0.999997973 60.626625061
0.999976277 0.006435173 -0.002423097 1.294560194 -0.006429071 0.999976099 0.002517729 -1.656346560 0.002439242 -0.002502091 0.999993920 61.101852417
0.999976397 0.006430281 -0.002430336 1.316291809 -0.006424952 0.999976873 0.002193894 -1.663993120 0.002444388 -0.002178227 0.999994576 61.641506195
0.999976099 0.006433103 -0.002534569 1.333251595 -0.006427375 0.999976814 0.002261971 -1.691180468 0.002549061 -0.002245626 0.999994159 62.156787872
0.999974430 0.006687914 -0.002510670 1.367292643 -0.006681130 0.999973953 0.002700979 -1.727284312 0.002528669 -0.002684136 0.999993145 62.663753510
0.999972641 0.006958317 -0.002512135 1.384730935 -0.006951394 0.999972045 0.002754083 -1.741745830 0.002531229 -0.002736545 0.999993026 63.200759888
0.999969542 0.007443209 -0.002337736 1.400408745 -0.007438530 0.999970436 0.002003512 -1.761796117 0.002352580 -0.001986062 0.999995172 63.726524353
0.999967396 0.007588342 -0.002757450 1.427878141 -0.007581336 0.999968052 0.002542410 -1.795194626 0.002776653 -0.002521422 0.999992907 64.233489990
0.999967039 0.007651195 -0.002770665 1.449622512 -0.007644287 0.999967635 0.002495352 -1.814625859 0.002789668 -0.002474090 0.999993026 64.770454407
0.999977887 0.004601518 -0.004794716 1.513050318 -0.004592320 0.999987602 0.001927162 -1.824310184 0.004803524 -0.001905101 0.999986649 65.347236633
0.999978602 0.004427955 -0.004824824 1.521616459 -0.004420072 0.999988854 0.001643240 -1.837106228 0.004832046 -0.001621878 0.999987066 65.884109497
0.999964118 0.007971912 -0.002873807 1.504606128 -0.007964335 0.999964774 0.002638315 -1.892886877 0.002894739 -0.002615332 0.999992371 66.389457703
0.999964356 0.008035881 -0.002601481 1.514189839 -0.008027478 0.999962568 0.003223726 -1.923760533 0.002627290 -0.003202728 0.999991417 66.925682068
0.999970376 0.006978214 -0.003256532 1.538843989 -0.006967284 0.999970078 0.003355447 -1.940139532 0.003279849 -0.003332659 0.999989033 67.481323242
0.999967933 0.007483386 -0.002832442 1.546914577 -0.007475251 0.999967933 0.002871939 -1.957022309 0.002853843 -0.002850674 0.999991894 68.014389038
0.999967575 0.007312573 -0.003350738 1.572112203 -0.007302338 0.999968648 0.003056622 -1.978628635 0.003372984 -0.003032055 0.999989688 68.547157288
0.999966800 0.007328891 -0.003558296 1.581272483 -0.007317257 0.999967813 0.003271913 -1.998497963 0.003582160 -0.003245767 0.999988317 69.082092285
0.999966741 0.007423326 -0.003374359 1.599505663 -0.007413957 0.999968648 0.002780385 -2.013916969 0.003394892 -0.002755275 0.999990404 69.608581543
0.999967754 0.007384757 -0.003162437 1.609051228 -0.007376017 0.999968946 0.002766328 -2.030504227 0.003182767 -0.002742913 0.999991179 70.149177551
0.999970138 0.006946761 -0.003392841 1.618264437 -0.006937534 0.999972224 0.002723785 -2.043441534 0.003411669 -0.002700166 0.999990523 70.709259033
0.999975204 0.006105358 -0.003499883 1.636911988 -0.006094432 0.999976575 0.003123953 -2.068190098 0.003518875 -0.003102546 0.999988973 71.242301941
0.999976575 0.005620937 -0.003909096 1.654592276 -0.005608818 0.999979556 0.003103734 -2.083506346 0.003926462 -0.003081736 0.999987543 71.767364502
0.999974668 0.006018871 -0.003806467 1.660294294 -0.006008729 0.999978364 0.002670626 -2.095278263 0.003822457 -0.002647687 0.999989152 72.318336487
0.999976218 0.005785980 -0.003760523 1.674869776 -0.005776285 0.999979973 0.002583699 -2.110777617 0.003775398 -0.002561915 0.999989569 72.857536316
0.999972463 0.006292996 -0.003918367 1.686050177 -0.006282264 0.999976516 0.002744916 -2.124290705 0.003935548 -0.002720224 0.999988556 73.403808594
0.999975085 0.005986684 -0.003734252 1.697426319 -0.005977651 0.999979138 0.002425879 -2.138308764 0.003748696 -0.002403497 0.999990106 73.939048767
0.999973238 0.006309608 -0.003701955 1.711543679 -0.006299482 0.999976397 0.002739879 -2.153325319 0.003719155 -0.002716485 0.999989390 74.472740173
0.999975622 0.005890167 -0.003736343 1.722476363 -0.005879776 0.999978840 0.002786193 -2.170746803 0.003752675 -0.002764156 0.999989092 75.019577026
0.999973953 0.006292688 -0.003531900 1.730874777 -0.006284369 0.999977410 0.002361300 -2.185145855 0.003546680 -0.002339042 0.999991000 75.560813904
0.999974787 0.006069091 -0.003678855 1.738756657 -0.006060208 0.999978721 0.002420980 -2.199854136 0.003693470 -0.002398624 0.999990284 76.105003357
0.999974191 0.006103833 -0.003796549 1.755198002 -0.006095402 0.999979079 0.002228282 -2.219458103 0.003810070 -0.002205083 0.999990284 76.639938354
0.999972641 0.006364593 -0.003746152 1.769121051 -0.006357095 0.999977767 0.002010014 -2.233393669 0.003758862 -0.001986145 0.999990880 77.180145264
0.999972820 0.006288597 -0.003847823 1.778999448 -0.006280468 0.999978006 0.002120471 -2.245161057 0.003861074 -0.002096247 0.999990284 77.717864990
0.999975204 0.005824848 -0.003962108 1.793419600 -0.005816639 0.999980927 0.002079918 -2.264110088 0.003974148 -0.002056820 0.999989927 78.237815857
0.999975741 0.005719268 -0.003964111 1.808197021 -0.005711583 0.999981821 0.001947119 -2.275964260 0.003975174 -0.001924430 0.999990165 78.780014038
0.999974668 0.005743262 -0.004204705 1.818857312 -0.005734084 0.999981165 0.002191741 -2.299208164 0.004217213 -0.002167575 0.999988735 79.308013916
0.999972105 0.006216322 -0.004126971 1.831529617 -0.006208866 0.999979079 0.001817148 -2.311192751 0.004138181 -0.001791474 0.999989808 79.840995789
0.999975801 0.006064499 -0.003409881 1.855005383 -0.006055796 0.999978423 0.002556463 -2.343820095 0.003425310 -0.002535751 0.999990940 80.338409424
0.999972463 0.007216290 -0.001695892 1.863586426 -0.007212252 0.999971271 0.002374177 -2.357159615 0.001712976 -0.002361881 0.999995768 80.907440186
0.999978483 0.006387596 -0.001470946 1.891148806 -0.006384148 0.999976873 0.002335870 -2.378584862 0.001485833 -0.002326430 0.999996185 81.447502136
0.999979973 0.006316874 0.000052980 1.890347958 -0.006316989 0.999976635 0.002583965 -2.402964830 -0.000036655 -0.002584248 0.999996662 81.975425720
0.999981582 0.005614926 0.002290987 1.954729438 -0.005622035 0.999979377 0.003109189 -2.451810360 -0.002273482 -0.003122012 0.999992549 82.563446045
0.999957919 0.006716594 0.006250774 1.977479696 -0.006744450 0.999967337 0.004446034 -2.484586716 -0.006220708 -0.004488005 0.999970496 83.063690186
0.999927461 0.006611513 0.010069202 1.971629381 -0.006639190 0.999974251 0.002717766 -2.462298870 -0.010050975 -0.002784421 0.999945641 83.648857117
0.999871731 0.006760954 0.014519433 1.987829685 -0.006807049 0.999971926 0.003127791 -2.478383303 -0.014497876 -0.003226224 0.999889672 84.203598022
0.999759555 0.007295391 0.020678578 2.008727551 -0.007367947 0.999966979 0.003434669 -2.497247458 -0.020652838 -0.003586201 0.999780297 84.768325806
0.999639034 0.005954807 0.026198803 2.046059608 -0.006044846 0.999976039 0.003358908 -2.514477015 -0.026178177 -0.003516063 0.999651074 85.310256958
0.999456346 0.006558050 0.032311425 2.067486763 -0.006661595 0.999972939 0.003098019 -2.517621756 -0.032290231 -0.003311580 0.999473155 85.880928040
0.999116778 0.007102404 0.041414749 2.085623026 -0.007246675 0.999968171 0.003334522 -2.524270058 -0.041389748 -0.003631696 0.999136448 86.456138611
0.998755693 0.006240612 0.049477767 2.131109953 -0.006365956 0.999976933 0.002376097 -2.526312828 -0.049461797 -0.002688114 0.998772323 86.999511719
0.998362660 0.006463304 0.056837119 2.170244217 -0.006626130 0.999974489 0.002676747 -2.540740490 -0.056818370 -0.003048974 0.998379827 87.572532654
0.997775614 0.007103940 0.066282831 2.218876123 -0.007282093 0.999970496 0.002446545 -2.558139563 -0.066263504 -0.002923781 0.997797787 88.116096497
0.997072816 0.006413396 0.076187253 2.290219307 -0.006626566 0.999974906 0.002545532 -2.577096224 -0.076169021 -0.003042941 0.997090220 88.664863586
0.996358931 0.006877238 0.084979117 2.350451946 -0.007128961 0.999971032 0.002659078 -2.588401318 -0.084958367 -0.003255209 0.996379197 89.216743469
0.995737672 0.005393262 0.092074238 2.413655758 -0.005594912 0.999982417 0.001932095 -2.592145443 -0.092062213 -0.002439006 0.995750248 89.763237000
0.994764805 0.005596957 0.102037355 2.498727798 -0.005758549 0.999982595 0.001289169 -2.603469133 -0.102028355 -0.001870007 0.994779706 90.333610535
0.993598104 0.005711017 0.112829193 2.573347092 -0.005901044 0.999981701 0.001350290 -2.613887072 -0.112819426 -0.002007456 0.993613482 90.893653870
0.992534459 0.004946551 0.121864073 2.661871910 -0.005120814 0.999986291 0.001116821 -2.631335020 -0.121856861 -0.001732526 0.992546201 91.425064087
0.990975142 0.005509244 0.133932844 2.752038002 -0.005763805 0.999982238 0.001512999 -2.643601894 -0.133922145 -0.002271307 0.990989208 91.968727112
0.989162564 0.004910891 0.146742374 2.829673767 -0.005097310 0.999986589 0.000894365 -2.649053574 -0.146736011 -0.001632663 0.989174366 92.537612915
0.987487018 0.004893327 0.157624319 2.934260368 -0.005063466 0.999986887 0.000677846 -2.658233166 -0.157618910 -0.001467490 0.987498939 93.092575073
0.985806346 0.004479915 0.167826712 3.050587654 -0.004629896 0.999989152 0.000502390 -2.669440269 -0.167822629 -0.001272279 0.985816300 93.667053223
0.983527064 0.004375303 0.180707827 3.163747787 -0.004540558 0.999989569 0.000500836 -2.691386461 -0.180703744 -0.001313099 0.983536720 94.177825928
0.981226683 0.003997921 0.192816600 3.293654442 -0.004167653 0.999991179 0.000474680 -2.707277536 -0.192813009 -0.001269361 0.981234729 94.697860718
0.979219854 0.002934038 0.202780321 3.410619736 -0.003130383 0.999994874 0.000647549 -2.716190338 -0.202777386 -0.001268872 0.979224026 95.250122070
0.976435840 0.002574492 0.215792611 3.556440353 -0.002842620 0.999995530 0.000932170 -2.731563330 -0.215789244 -0.001523620 0.976438761 95.779891968
0.973206818 0.002582339 0.229916960 3.676170349 -0.002652548 0.999996424 -0.000003708 -2.743252754 -0.229916170 -0.000606257 0.973210275 96.339904785
0.970491469 0.001776187 0.241129056 3.831743240 -0.001694149 0.999998331 -0.000547537 -2.751669168 -0.241129652 0.000122872 0.970492899 96.863647461
0.967665315 0.001708016 0.252231777 3.967605591 -0.001579067 0.999998510 -0.000713648 -2.755792379 -0.252232611 0.000292282 0.967666566 97.463577271
0.964024603 0.002749543 0.265798926 4.136571884 -0.002761668 0.999996245 -0.000328128 -2.771308184 -0.265798837 -0.000417725 0.964028478 97.984588623
0.960408688 0.001199031 0.278592408 4.293552399 -0.000984970 0.999999046 -0.000908338 -2.783495426 -0.278593272 0.000597970 0.960408986 98.520614624
0.957096100 -0.001468247 0.289766759 4.467847824 0.002040471 0.999996483 -0.001672674 -2.783124208 -0.289763242 0.002192170 0.957095981 99.048591614
0.952715099 -0.001650693 0.303860515 4.652158737 0.002134653 0.999996901 -0.001260537 -2.802381754 -0.303857505 0.001849569 0.952715695 99.552955627
0.948157489 -0.001823421 0.317795575 4.852439880 0.002519273 0.999995351 -0.001778678 -2.816661596 -0.317790866 0.002487081 0.948157549 100.066604614
0.944211543 -0.002539253 0.329329878 5.060020447 0.003464554 0.999991477 -0.002222816 -2.827407837 -0.329321474 0.003239790 0.944212317 100.587020874
0.939540982 -0.001946624 0.342430770 5.269763947 0.002775926 0.999994218 -0.001931732 -2.852192402 -0.342425048 0.002765504 0.939541042 101.079391479
0.934338152 -0.002759916 0.356377006 5.482490540 0.003572354 0.999992311 -0.001621577 -2.871339321 -0.356369853 0.002788206 0.934340835 101.600303650
0.929637551 -0.003345331 0.368459851 5.711353302 0.004172517 0.999990225 -0.001448275 -2.887762785 -0.368451357 0.002883776 0.929642558 102.102340698
0.924932480 -0.004276417 0.380107373 5.946048737 0.005244036 0.999985099 -0.001510166 -2.899811745 -0.380095333 0.003390098 0.924941063 102.600334167
0.918958664 -0.004117271 0.394332349 6.183269501 0.005012398 0.999986589 -0.001239994 -2.915377855 -0.394322008 0.003116053 0.918967009 103.102134705
0.913124919 -0.004568427 0.407654256 6.434238434 0.005402892 0.999984920 -0.000895749 -2.937833548 -0.407644063 0.003020442 0.913135827 103.603599548
0.908349633 -0.005310599 0.418177813 6.681629181 0.006404703 0.999978721 -0.001212938 -2.949599981 -0.418162435 0.003780077 0.908364356 104.082405090
0.902453601 -0.005334013 0.430754036 6.941284180 0.006344877 0.999979436 -0.000910156 -2.968145132 -0.430740386 0.003554454 0.902468920 104.584510803
0.895815790 -0.005483624 0.444391847 7.202140808 0.006362990 0.999979556 -0.000487305 -2.983717442 -0.444380105 0.003264195 0.895832419 105.073806763
0.889856815 -0.006133380 0.456198603 7.487735748 0.007582405 0.999970376 -0.001346028 -2.998723030 -0.456176877 0.004656855 0.889876962 105.549850464
0.884093463 -0.006740846 0.467261225 7.759380341 0.007943642 0.999968290 -0.000604140 -3.020726204 -0.467242330 0.004245873 0.884119153 106.017478943
0.876598835 -0.006717225 0.481175005 8.053798676 0.007767566 0.999969840 -0.000191234 -3.037570000 -0.481159180 0.003905195 0.876624525 106.485649109
