1.000000000 0.000000000 0.000000000 0.000000000 0.000000000 1.000000000 0.000000000 0.000000000 0.000000000 0.000000000 1.000000000 0.000000000
1.000000000 0.000081028 -0.000018119 -0.000051314 -0.000081028 1.000000000 -0.000041399 0.000240601 0.000018115 0.000041401 1.000000000 -0.000697687
1.000000000 0.000084209 0.000058580 -0.000271268 -0.000084212 1.000000000 0.000054274 -0.000692120 -0.000058575 -0.000054279 1.000000000 -0.000594820
1.000000000 -0.000079875 0.000076210 0.000082923 0.000079877 1.000000000 -0.000029623 0.000666998 -0.000076208 0.000029629 1.000000000 0.000827113
1.000000000 -0.000072469 0.000040770 -0.000215644 0.000072467 1.000000000 0.000048424 -0.000484996 -0.000040773 -0.000048421 1.000000000 -0.000682874
1.000000000 0.000001913 0.000134988 -0.000712843 -0.000001916 1.000000000 0.000020277 0.000048187 -0.000134988 -0.000020277 1.000000000 -0.000027599
1.000000000 -0.000080712 0.000077993 0.000113283 0.000080711 1.000000000 0.000007785 -0.000229070 -0.000077994 -0.000007779 1.000000000 0.000111917
1.000000000 0.000059743 0.000045119 -0.000253698 -0.000059747 1.000000000 0.000087133 -0.000802346 -0.000045114 -0.000087136 1.000000000 -0.000941513
1.000000000 0.000028790 -0.000017400 -0.000221423 -0.000028790 1.000000000 -0.000036579 -0.000198370 0.000017399 0.000036580 1.000000000 -0.000762325
1.000000000 -0.000017900 0.000054452 -0.000229168 0.000017893 1.000000000 0.000130507 -0.001785598 -0.000054454 -0.000130506 1.000000000 -0.001481581
1.000000000 0.000083756 0.000080489 -0.000844356 -0.000083761 1.000000000 0.000069412 -0.000596506 -0.000080483 -0.000069418 1.000000000 -0.000076298
1.000000000 0.000025501 0.000095670 -0.000624302 -0.000025506 1.000000000 0.000048707 -0.000015679 -0.000095669 -0.000048710 1.000000000 0.000256174
1.000000000 0.000105509 0.000049950 -0.000977242 -0.000105510 1.000000000 0.000018815 -0.000650013 -0.000049948 -0.000018820 1.000000000 -0.000936694
1.000000000 0.000052886 0.000053582 -0.000553648 -0.000052889 1.000000000 0.000067214 -0.000372722 -0.000053578 -0.000067217 1.000000000 -0.000243498
1.000000000 -0.000004758 0.000066576 -0.000807815 0.000004762 1.000000000 -0.000056952 0.000220446 -0.000066576 0.000056952 1.000000000 0.000139292
1.000000000 0.000055520 0.000009177 -0.000171656 -0.000055520 1.000000000 -0.000031512 0.000544329 -0.000009178 0.000031511 1.000000000 0.001527624
1.000000000 0.000099448 0.000092996 -0.000833860 -0.000099441 1.000000000 -0.000075271 0.001194707 -0.000093003 0.000075262 1.000000000 0.001852251
1.000000000 0.000096766 0.000076538 -0.001411380 -0.000096759 1.000000000 -0.000091950 0.000890193 -0.000076547 0.000091943 1.000000000 0.000474742
0.999999940 0.000190639 0.000155003 -0.001635396 -0.000190637 1.000000000 -0.000012212 0.000580454 -0.000155006 0.000012183 1.000000000 0.001054177
1.000000000 0.000110460 0.000130922 -0.001841723 -0.000110452 1.000000000 -0.000054441 0.000671988 -0.000130928 0.000054427 1.000000000 0.000804507
1.000000000 0.000088694 0.000103290 -0.000788338 -0.000088695 1.000000000 0.000010256 0.000145608 -0.000103289 -0.000010265 1.000000000 0.000530061
1.000000000 0.000148570 0.000050629 -0.001199664 -0.000148571 1.000000000 0.000026925 0.000391531 -0.000050625 -0.000026933 1.000000000 0.000298352
1.000000000 0.000139508 0.000002952 -0.000164903 -0.000139508 1.000000000 0.000003276 0.000207169 -0.000002952 -0.000003276 1.000000000 0.000254879
1.000000000 0.000121972 0.000033166 -0.000170836 -0.000121972 1.000000000 -0.000000262 0.000635110 -0.000033166 0.000000258 1.000000000 0.000569112
0.999999940 0.000344783 0.000040553 -0.000894179 -0.000344785 0.999999940 0.000044824 0.000873797 -0.000040538 -0.000044838 1.000000000 0.001175696
0.999999940 0.000325896 0.000102100 -0.001054012 -0.000325901 0.999999940 0.000047037 0.000380882 -0.000102085 -0.000047070 1.000000000 0.000563869
1.000000000 0.000135421 0.000141464 -0.000647308 -0.000135422 1.000000000 0.000010425 0.001522343 -0.000141463 -0.000010444 1.000000000 0.001572561
1.000000000 0.000147266 0.000176089 -0.001582599 -0.000147275 1.000000000 0.000052425 0.000383222 -0.000176081 -0.000052451 1.000000000 0.001161939
1.000000000 0.000137515 0.000022066 0.000276386 -0.000137515 1.000000000 0.000022124 0.000549103 -0.000022063 -0.000022127 1.000000000 0.000323832
1.000000000 0.000116438 0.000088735 -0.000491803 -0.000116437 1.000000000 -0.000010022 0.000964405 -0.000088736 0.000010012 1.000000000 0.001983199
1.000000000 0.000087562 0.000121839 -0.000730304 -0.000087565 1.000000000 0.000027142 0.000238868 -0.000121836 -0.000027153 1.000000000 0.001161508
1.000000000 0.000107062 0.000141198 -0.001088932 -0.000107066 1.000000000 0.000029374 0.000718110 -0.000141195 -0.000029389 1.000000000 0.002045084
0.999999940 0.000251610 0.000080055 -0.000737996 -0.000251604 0.999999940 -0.000074114 0.001735334 -0.000080074 0.000074094 1.000000000 0.001939546
0.999999940 0.000201991 0.000143041 -0.001289192 -0.000201993 1.000000000 0.000012375 0.000780106 -0.000143038 -0.000012404 1.000000000 0.000777360
0.999999940 0.000279963 0.000187429 -0.002281228 -0.000279957 0.999999940 -0.000028698 0.000385769 -0.000187437 0.000028645 1.000000000 0.001014724
0.999999940 0.000272147 0.000195490 -0.001547698 -0.000272142 0.999999940 -0.000027226 0.000447647 -0.000195498 0.000027173 1.000000000 0.002015322
1.000000000 0.000189892 0.000145814 -0.001076780 -0.000189897 1.000000000 0.000038857 0.000730196 -0.000145807 -0.000038884 1.000000000 0.001206463
0.999999940 0.000226617 0.000096010 -0.000851406 -0.000226623 1.000000000 0.000060691 0.001241066 -0.000095996 -0.000060713 1.000000000 0.001611468
1.000000000 0.000153120 0.000106908 -0.000693221 -0.000153128 1.000000000 0.000075566 -0.000138423 -0.000106896 -0.000075582 1.000000000 0.000045676
0.999999940 0.000237744 0.000131832 -0.001250679 -0.000237746 1.000000000 0.000012860 0.002083439 -0.000131829 -0.000012891 1.000000000 0.002490000
1.000000000 0.000066096 0.000041455 0.000479765 -0.000066094 1.000000000 -0.000033356 0.000624123 -0.000041457 0.000033353 1.000000000 0.003254432
0.999999940 0.000338658 0.000190669 0.000076257 -0.000338553 0.999999762 -0.000552512 -0.002341176 -0.000190856 0.000552447 0.999999821 0.050725386
0.999999881 0.000428312 0.000148710 0.001147825 -0.000428146 0.999999285 -0.001112872 -0.003922021 -0.000149186 0.001112808 0.999999344 0.139124557
0.999998748 0.001526201 0.000368397 -0.008903801 -0.001525839 0.999998331 -0.000981725 -0.016202182 -0.000369895 0.000981161 0.999999464 0.236875609
0.999998450 0.001722497 0.000359855 -0.005982820 -0.001722193 0.999998093 -0.000843131 -0.019309089 -0.000361307 0.000842510 0.999999583 0.369386703
0.999998569 0.001675019 0.000174474 -0.001102866 -0.001674872 0.999998271 -0.000838205 -0.022105860 -0.000175877 0.000837912 0.999999642 0.511430621
0.999999344 0.001120592 0.000094929 0.003585036 -0.001120531 0.999999225 -0.000637953 -0.027336149 -0.000095643 0.000637846 0.999999762 0.664654911
0.999999106 0.001324302 0.000120828 0.008308062 -0.001324256 0.999999106 -0.000380274 -0.030796926 -0.000121331 0.000380114 1.000000000 0.826292336
0.999998868 0.001510304 0.000163311 0.011984197 -0.001510232 0.999998748 -0.000444428 -0.033012617 -0.000163982 0.000444181 0.999999821 1.003682971
0.999999285 0.001221958 0.000057564 0.015893137 -0.001221925 0.999999106 -0.000560856 -0.035758190 -0.000058249 0.000560785 0.999999821 1.181680083
0.999998748 0.001497503 0.000290874 0.017550390 -0.001497542 0.999998868 0.000134704 -0.046635773 -0.000290672 -0.000135140 0.999999940 1.364271164
0.999998093 0.001936032 0.000133666 0.019975165 -0.001936045 0.999998093 0.000095492 -0.048998334 -0.000133481 -0.000095750 1.000000000 1.554183960
0.999998927 0.001367818 0.000208585 0.027592605 -0.001367857 0.999999046 0.000191737 -0.055412136 -0.000208322 -0.000192022 0.999999940 1.760012388
0.999998629 0.001580897 0.000459964 0.021837529 -0.001581035 0.999998689 0.000299231 -0.063334361 -0.000459490 -0.000299958 0.999999821 1.957047224
0.999999464 0.000973989 0.000335279 0.029473720 -0.000974081 0.999999464 0.000274529 -0.068529487 -0.000335011 -0.000274856 0.999999881 2.169890404
0.999999404 0.001031089 0.000366550 0.035394449 -0.001031297 0.999999285 0.000566928 -0.076060578 -0.000365965 -0.000567306 0.999999762 2.387696505
0.999998927 0.001367154 0.000556611 0.039924186 -0.001367502 0.999998808 0.000625170 -0.085405707 -0.000555755 -0.000625931 0.999999642 2.609825850
0.999998629 0.001503974 0.000695299 0.043146823 -0.001504494 0.999998569 0.000747964 -0.093456507 -0.000694173 -0.000749009 0.999999464 2.838267803
0.999999106 0.001198296 0.000610408 0.047495227 -0.001198675 0.999999046 0.000620441 -0.094064675 -0.000609664 -0.000621173 0.999999642 3.076159716
0.999999106 0.001310493 0.000421689 0.052778658 -0.001310798 0.999998868 0.000724687 -0.102834396 -0.000420738 -0.000725239 0.999999702 3.320060968
0.999998391 0.001482724 0.000956153 0.055284120 -0.001483613 0.999998450 0.000930191 -0.112055443 -0.000954772 -0.000931608 0.999999106 3.569751740
0.999998569 0.001405844 0.000938839 0.057769161 -0.001406907 0.999998391 0.001133553 -0.119836450 -0.000937244 -0.001134872 0.999998868 3.822925091
0.999998033 0.001725168 0.001000991 0.062755115 -0.001726031 0.999998152 0.000861785 -0.123917028 -0.000999502 -0.000863511 0.999999106 4.091885567
0.999997556 0.001936027 0.001133299 0.066848367 -0.001936883 0.999997914 0.000754549 -0.125537097 -0.001131836 -0.000756742 0.999999046 4.354312420
0.999997377 0.001939192 0.001247462 0.072225012 -0.001939976 0.999997914 0.000627133 -0.134749427 -0.001246244 -0.000629551 0.999998927 4.610917568
0.999996722 0.002317581 0.001187088 0.081358761 -0.002318561 0.999996960 0.000824798 -0.140103042 -0.001185173 -0.000827548 0.999998927 4.868530273
0.999995589 0.002646634 0.001398745 0.084276713 -0.002647897 0.999996066 0.000902373 -0.146696508 -0.001396351 -0.000906073 0.999998569 5.123653889
0.999997199 0.001994526 0.001383552 0.086576976 -0.001995589 0.999997735 0.000767354 -0.155752450 -0.001382018 -0.000770112 0.999998748 5.396056175
0.999996662 0.002050305 0.001589306 0.090689860 -0.002051820 0.999997377 0.000951781 -0.162919477 -0.001587350 -0.000955039 0.999998212 5.667514801
0.999996185 0.002247518 0.001594319 0.094285220 -0.002248644 0.999997199 0.000704328 -0.170063555 -0.001592732 -0.000707910 0.999998510 5.938152313
0.999996006 0.002286887 0.001649899 0.101121783 -0.002288050 0.999997139 0.000703314 -0.178555638 -0.001648286 -0.000707086 0.999998391 6.221848965
0.999994457 0.002785398 0.001801389 0.107781023 -0.002786664 0.999995887 0.000700490 -0.184039220 -0.001799430 -0.000705506 0.999998152 6.507515430
0.999995172 0.002424460 0.001903575 0.111035705 -0.002426451 0.999996424 0.001044431 -0.196499690 -0.001901036 -0.001049045 0.999997616 6.800484657
0.999993682 0.002884528 0.002037253 0.117665395 -0.002886422 0.999995351 0.000927721 -0.202741772 -0.002034568 -0.000933595 0.999997497 7.103296757
0.999995470 0.002227277 0.002019754 0.125225008 -0.002230336 0.999996364 0.001513304 -0.219064116 -0.002016376 -0.001517802 0.999996841 7.396812916
0.999994576 0.002426097 0.002256858 0.128041163 -0.002429507 0.999995947 0.001509383 -0.231581315 -0.002253187 -0.001514858 0.999996305 7.700481415
0.999995291 0.002290248 0.002030608 0.138170466 -0.002293154 0.999996364 0.001429896 -0.235963210 -0.002027326 -0.001434546 0.999996901 8.026441574
0.999993742 0.002652750 0.002344125 0.140331775 -0.002656637 0.999995172 0.001656610 -0.244581014 -0.002339719 -0.001662827 0.999995887 8.349437714
0.999994874 0.002414353 0.002097817 0.153309017 -0.002416982 0.999996305 0.001251705 -0.252899766 -0.002094787 -0.001256769 0.999997020 8.671709061
0.999992669 0.002971365 0.002413543 0.153572515 -0.002974089 0.999994874 0.001125827 -0.263319492 -0.002410185 -0.001132997 0.999996424 9.021664619
0.999992728 0.003177336 0.002125734 0.160794213 -0.003180174 0.999994040 0.001333155 -0.276740909 -0.002121485 -0.001339906 0.999996901 9.362381935
0.999990582 0.003561991 0.002482459 0.167877093 -0.003566212 0.999992192 0.001698111 -0.292934567 -0.002476391 -0.001706948 0.999995470 9.694419861
0.999992549 0.002941687 0.002471562 0.174450755 -0.002946086 0.999994040 0.001778365 -0.300915271 -0.002466316 -0.001785633 0.999995351 10.042658806
0.999991238 0.003344257 0.002518523 0.182036504 -0.003348286 0.999993086 0.001597263 -0.312483281 -0.002513164 -0.001605681 0.999995530 10.414999008
0.999991596 0.002972441 0.002809475 0.190529972 -0.002977103 0.999994159 0.001656726 -0.320194155 -0.002804534 -0.001665076 0.999994636 10.789888382
0.999990940 0.003511845 0.002388054 0.200151637 -0.003515898 0.999992371 0.001695038 -0.332966864 -0.002382082 -0.001703419 0.999995708 11.128443718
0.999991119 0.003417026 0.002494895 0.211613655 -0.003421433 0.999992609 0.001764144 -0.342610210 -0.002488849 -0.001772664 0.999995351 11.503270149
0.999990642 0.003514963 0.002517843 0.220033616 -0.003520057 0.999991894 0.002022072 -0.357064426 -0.002510715 -0.002030916 0.999994814 11.887923241
0.999988616 0.003766142 0.002922742 0.223029777 -0.003772220 0.999990642 0.002076904 -0.371104747 -0.002914893 -0.002087905 0.999993563 12.272731781
0.999989212 0.003724005 0.002775337 0.236701787 -0.003731250 0.999989569 0.002609827 -0.388733417 -0.002765589 -0.002620155 0.999992728 12.652300835
0.999988556 0.003581320 0.003177435 0.243831053 -0.003589019 0.999990642 0.002420568 -0.392048508 -0.003168736 -0.002431945 0.999992013 13.061799049
0.999988735 0.003611011 0.003084350 0.251722902 -0.003618564 0.999990463 0.002446743 -0.406707883 -0.003075486 -0.002457876 0.999992251 13.459495544
0.999987662 0.003771418 0.003266745 0.261172116 -0.003779355 0.999989927 0.002426743 -0.415867001 -0.003257560 -0.002439058 0.999991715 13.870887756
0.999987006 0.004006452 0.003197674 0.273139179 -0.004014882 0.999988437 0.002633802 -0.426319987 -0.003187085 -0.002646605 0.999991357 14.278966904
0.999985874 0.004116120 0.003379092 0.279072434 -0.004124066 0.999988794 0.002347779 -0.439896822 -0.003369390 -0.002361681 0.999991536 14.698299408
0.999986053 0.003879895 0.003576849 0.295481205 -0.003888461 0.999989569 0.002391084 -0.449864358 -0.003567535 -0.002404959 0.999990761 15.133739471
0.999983907 0.004176584 0.003830695 0.304340899 -0.004186416 0.999987960 0.002562485 -0.462533087 -0.003819946 -0.002578481 0.999989390 15.576808929
0.999982655 0.004005495 0.004307686 0.312555075 -0.004016232 0.999988854 0.002487031 -0.472412288 -0.004297676 -0.002504288 0.999987662 16.019210815
0.999979079 0.004303047 0.004834329 0.320986867 -0.004315282 0.999987483 0.002523168 -0.483022481 -0.004823410 -0.002543977 0.999985158 16.462137222
0.999978602 0.004321497 0.004922491 0.329292655 -0.004333380 0.999987721 0.002405865 -0.496834397 -0.004912032 -0.002427144 0.999985039 16.907928467
0.999974847 0.004636589 0.005368673 0.339681834 -0.004650517 0.999985874 0.002584884 -0.512190044 -0.005356613 -0.002609786 0.999982238 17.358026505
0.999971271 0.004754982 0.005904876 0.349665433 -0.004773051 0.999984026 0.003049711 -0.525158823 -0.005890280 -0.003077807 0.999977946 17.821083069
0.999974132 0.004180257 0.005872680 0.366432756 -0.004197722 0.999986768 0.002964731 -0.536679626 -0.005860210 -0.002989306 0.999978364 18.296121597
0.999975681 0.003499200 0.006039754 0.380461037 -0.003517129 0.999989450 0.002960548 -0.546419501 -0.006029330 -0.002981718 0.999977410 18.758440018
0.999976277 0.003804953 0.005736099 0.396293342 -0.003821315 0.999988556 0.002844269 -0.555580676 -0.005725211 -0.002866121 0.999979496 19.245407104
0.999969065 0.004732389 0.006287503 0.405042291 -0.004753594 0.999983072 0.003361885 -0.585251629 -0.006271487 -0.003391669 0.999974608 19.713073730
0.999972224 0.004427325 0.006001373 0.417520911 -0.004449030 0.999983609 0.003608136 -0.599225283 -0.005985301 -0.003634736 0.999975443 20.197103500
0.999968886 0.004558215 0.006441173 0.432135820 -0.004583356 0.999981940 0.003893754 -0.612014949 -0.006423309 -0.003923155 0.999971688 20.670572281
0.999972641 0.004712510 0.005699462 0.447551548 -0.004734884 0.999981165 0.003918694 -0.622334003 -0.005680887 -0.003945573 0.999976158 21.177175522
0.999975264 0.004685090 0.005242046 0.463548839 -0.004704669 0.999981940 0.003728799 -0.638439655 -0.005224480 -0.003753368 0.999979317 21.677846909
0.999980748 0.004466780 0.004294305 0.478198290 -0.004481509 0.999984026 0.003426512 -0.650253296 -0.004278930 -0.003445691 0.999984860 22.191123962
0.999982119 0.004584593 0.003819667 0.487013847 -0.004597388 0.999983788 0.003347493 -0.660036743 -0.003804258 -0.003364993 0.999987125 22.708473206
0.999984086 0.004208232 0.003754038 0.502769172 -0.004222095 0.999984264 0.003692644 -0.683484495 -0.003738440 -0.003708436 0.999986112 23.245458603
0.999989092 0.003659710 0.002906557 0.518105149 -0.003671245 0.999985397 0.003973075 -0.703313947 -0.002891974 -0.003983703 0.999987841 23.756303787
0.999989748 0.003558812 0.002791685 0.524170518 -0.003568255 0.999987900 0.003384527 -0.710015297 -0.002779606 -0.003394455 0.999990344 24.286588669
0.999990880 0.003603061 0.002301919 0.533998787 -0.003611836 0.999986112 0.003818983 -0.727978468 -0.002288127 -0.003827262 0.999990046 24.820213318
0.999992549 0.003564098 0.001467003 0.550789833 -0.003570126 0.999985099 0.004127570 -0.740895033 -0.001452270 -0.004132777 0.999990404 25.365144730
0.999992669 0.003711997 0.000918868 0.552849412 -0.003715740 0.999984682 0.004106075 -0.751794636 -0.000903612 -0.004109459 0.999991119 25.918933868
0.999991417 0.004113134 0.000466896 0.560358882 -0.004114928 0.999983966 0.003908739 -0.762488961 -0.000450811 -0.003910627 0.999992251 26.471260071
0.999994755 0.003231408 0.000123969 0.578256309 -0.003231877 0.999986947 0.003990675 -0.775919020 -0.000111072 -0.003991055 0.999992013 27.044786453
0.999994814 0.003173488 -0.000531770 0.593633652 -0.003171078 0.999984920 0.004472503 -0.801190794 0.000545956 -0.004470793 0.999989808 27.571994781
0.999992013 0.003967917 -0.000457710 0.599269211 -0.003965837 0.999982178 0.004457893 -0.813778341 0.000475390 -0.004456043 0.999989927 28.121202469
0.999990284 0.004260760 -0.001106027 0.614571393 -0.004255635 0.999980330 0.004594614 -0.829062700 0.001125581 -0.004589863 0.999988854 28.682876587
0.999991298 0.003864158 -0.001535908 0.626230419 -0.003857196 0.999982536 0.004509822 -0.841371179 0.001553308 -0.004503859 0.999988675 29.240850449
0.999990582 0.004012173 -0.001604812 0.631498754 -0.004004858 0.999981642 0.004535903 -0.856250644 0.001622981 -0.004529432 0.999988437 29.789619446
0.999990523 0.003793679 -0.002140488 0.639894247 -0.003784464 0.999983609 0.004293257 -0.868301868 0.002156741 -0.004285115 0.999988496 30.327581406
0.999989152 0.003754433 -0.002776319 0.654819369 -0.003741922 0.999982834 0.004498416 -0.890540838 0.002793160 -0.004487977 0.999985993 30.869522095
0.999989629 0.003860446 -0.002418359 0.663598061 -0.003849231 0.999981880 0.004625163 -0.898607969 0.002436171 -0.004615806 0.999986351 31.413349152
0.999987781 0.004314321 -0.002421537 0.669276953 -0.004303914 0.999981582 0.004286046 -0.908440769 0.002439985 -0.004275572 0.999987841 31.961618423
0.999985695 0.004027604 -0.003527225 0.683581650 -0.004012288 0.999982536 0.004338797 -0.925190628 0.003544638 -0.004324582 0.999984384 32.505294800
0.999986291 0.003577940 -0.003823681 0.686783552 -0.003559642 0.999982238 0.004781533 -0.939457893 0.003840721 -0.004767857 0.999981225 33.057636261
0.999982059 0.004492672 -0.003981586 0.693451762 -0.004473838 0.999978840 0.004726736 -0.954863369 0.004002737 -0.004708838 0.999980927 33.593330383
0.999985397 0.003533293 -0.004083633 0.705640793 -0.003515597 0.999984384 0.004332684 -0.963180304 0.004098879 -0.004318264 0.999982238 34.133422852
0.999981701 0.003817603 -0.004681116 0.716784358 -0.003796965 0.999983072 0.004409935 -0.978867650 0.004697872 -0.004392081 0.999979317 34.670284271
0.999982059 0.003629634 -0.004749576 0.725081921 -0.003607907 0.999983013 0.004575026 -0.999744773 0.004766101 -0.004557809 0.999978244 35.209030151
0.999984324 0.002406120 -0.005044293 0.738837659 -0.002381606 0.999985397 0.004860193 -1.009744048 0.005055914 -0.004848104 0.999975443 35.752658844
0.999979556 0.002732148 -0.005776220 0.762823224 -0.002706352 0.999986351 0.004469073 -1.023072720 0.005788352 -0.004453350 0.999973297 36.283859253
0.999983728 0.003168180 -0.004729829 0.748849213 -0.003148069 0.999985993 0.004253271 -1.035226226 0.004743238 -0.004238311 0.999979794 36.831565857
0.999975562 0.005137114 -0.004729232 0.748859465 -0.005118220 0.999978900 0.003998660 -1.047518015 0.004749674 -0.003974357 0.999980867 37.381778717
0.999980152 0.003661757 -0.005121789 0.762295663 -0.003640909 0.999985099 0.004073606 -1.065535545 0.005136630 -0.004054877 0.999978602 37.909172058
0.999978721 0.003406228 -0.005553330 0.771085680 -0.003383006 0.999985516 0.004185599 -1.078651547 0.005567507 -0.004166723 0.999975801 38.456680298
0.999977231 0.003266907 -0.005898276 0.780981302 -0.003243736 0.999987066 0.003933806 -1.087028146 0.005911051 -0.003914584 0.999974906 39.006191254
0.999977946 0.003580435 -0.005578183 0.792675138 -0.003559625 0.999986649 0.003736085 -1.100396752 0.005591486 -0.003716147 0.999977410 39.526363373
0.999977708 0.003922448 -0.005385168 0.798233688 -0.003902012 0.999985218 0.003800031 -1.116459846 0.005399994 -0.003778934 0.999978244 40.079109192
0.999976039 0.003668159 -0.005863755 0.816096783 -0.003645395 0.999985814 0.003888020 -1.131331086 0.005877933 -0.003866552 0.999975264 40.595668793
0.999974608 0.003680052 -0.006095464 0.825837970 -0.003659207 0.999987423 0.003427465 -1.139218569 0.006107999 -0.003405073 0.999975562 41.147865295
0.999975085 0.004065749 -0.005773129 0.819234014 -0.004043611 0.999984443 0.003841259 -1.157391071 0.005788659 -0.003817820 0.999975979 41.662273407
0.999974787 0.004500494 -0.005494726 0.825065970 -0.004481151 0.999983668 0.003527592 -1.165506363 0.005510513 -0.003502880 0.999978721 42.216316223
0.999974549 0.003725943 -0.006081420 0.848785996 -0.003701940 0.999985337 0.003953425 -1.189869285 0.006096063 -0.003930812 0.999973774 42.745563507
0.999972224 0.004543282 -0.005910404 0.841254711 -0.004524776 0.999984801 0.003140669 -1.188309193 0.005924585 -0.003113839 0.999977648 43.284683228
0.999972165 0.004121631 -0.006223270 0.862433076 -0.004103493 0.999987245 0.002924398 -1.199012280 0.006235245 -0.002898779 0.999976337 43.818881989
0.999972284 0.004359363 -0.006033496 0.865202188 -0.004343309 0.999986947 0.002671240 -1.212779403 0.006045062 -0.002644961 0.999978185 44.352409363
0.999971390 0.004066709 -0.006370571 0.873359859 -0.004047081 0.999987006 0.003090861 -1.225967169 0.006383058 -0.003064991 0.999974906 44.894783020
0.999971271 0.004232416 -0.006274428 0.878314376 -0.004215999 0.999987602 0.002627603 -1.239727497 0.006285473 -0.002601075 0.999976814 45.435676575
0.999972343 0.004451219 -0.005961597 0.891645789 -0.004432633 0.999985278 0.003127378 -1.256536007 0.005975429 -0.003100866 0.999977350 45.982250214
0.999973297 0.003940494 -0.006153226 0.889272690 -0.003922894 0.999988198 0.002869555 -1.264650464 0.006164459 -0.002845340 0.999976933 46.517433167
0.999971688 0.004173271 -0.006271365 0.901089191 -0.004153071 0.999986231 0.003230564 -1.277372241 0.006284760 -0.003204427 0.999975085 47.065258026
0.999968886 0.004610013 -0.006403096 0.908608496 -0.004588166 0.999983609 0.003422462 -1.290975451 0.006418768 -0.003392977 0.999973714 47.613761902
0.999973714 0.004026933 -0.006028424 0.915438294 -0.004006590 0.999986231 0.003382885 -1.314036727 0.006041962 -0.003358642 0.999976039 48.127918243
0.999974728 0.003991414 -0.005880227 0.924650729 -0.003971019 0.999985993 0.003475955 -1.324057698 0.005894016 -0.003452517 0.999976635 48.662731171
0.999969602 0.004744679 -0.006194942 0.936271131 -0.004730569 0.999986112 0.002290400 -1.326979160 0.006205724 -0.002261024 0.999978185 49.216884613
0.999973714 0.004259914 -0.005867498 0.941030979 -0.004239175 0.999984741 0.003542323 -1.354825139 0.005882498 -0.003517356 0.999976456 49.721626282
0.999972641 0.004882694 -0.005559607 0.937740982 -0.004863121 0.999981940 0.003528679 -1.368134499 0.005576737 -0.003501546 0.999978244 50.263874054
0.999973595 0.004523775 -0.005678454 0.945655465 -0.004506089 0.999984920 0.003123508 -1.381188869 0.005692499 -0.003097837 0.999979019 50.796627045
0.999975801 0.003983663 -0.005694979 0.954495907 -0.003961368 0.999984443 0.003920772 -1.402390599 0.005710509 -0.003898118 0.999976099 51.338886261
0.999971628 0.004873350 -0.005745959 0.960123181 -0.004853442 0.999982119 0.003473501 -1.400455356 0.005762785 -0.003445515 0.999977469 51.896244049
0.999971449 0.004945505 -0.005708468 0.971723914 -0.004925430 0.999981642 0.003525530 -1.431043386 0.005725797 -0.003497313 0.999977469 52.423118591
0.999973476 0.004837142 -0.005432532 0.975651503 -0.004817270 0.999981642 0.003665115 -1.439625978 0.005450163 -0.003638847 0.999978542 52.950862885
0.999970376 0.004842002 -0.005979885 0.986304402 -0.004822783 0.999983191 0.003224336 -1.451287746 0.005995399 -0.003195401 0.999976933 53.496143341
0.999971330 0.004929122 -0.005735796 0.992099345 -0.004908885 0.999981642 0.003536737 -1.473361254 0.005753122 -0.003508480 0.999977231 54.049655914
0.999972165 0.005132620 -0.005420770 0.994494557 -0.005115955 0.999982178 0.003083440 -1.482285380 0.005436501 -0.003055622 0.999980509 54.580287933
0.999970555 0.005467342 -0.005388043 1.001419783 -0.005453442 0.999981761 0.002590894 -1.492563605 0.005402111 -0.002561434 0.999982119 55.131164551
0.999972999 0.004982697 -0.005400097 1.013367653 -0.004966362 0.999983072 0.003034253 -1.501963139 0.005415124 -0.003007353 0.999980807 55.647518158
0.999973178 0.004987070 -0.005368978 1.017735243 -0.004970362 0.999982774 0.003120572 -1.516400933 0.005384448 -0.003093803 0.999980688 56.181613922
0.999973476 0.004959367 -0.005321688 1.027577758 -0.004943345 0.999983251 0.003019647 -1.534445286 0.005336574 -0.002993261 0.999981284 56.737529755
0.999974310 0.005059096 -0.005074664 1.030454159 -0.005044181 0.999983013 0.002947886 -1.548864126 0.005089493 -0.002922213 0.999982834 57.270401001
0.999973536 0.005167420 -0.005121433 1.037840962 -0.005152038 0.999982178 0.003011731 -1.558227181 0.005136906 -0.002985266 0.999982357 57.822994232
0.999973655 0.005272947 -0.004995425 1.050757289 -0.005258973 0.999982238 0.002806154 -1.570926309 0.005010134 -0.002779809 0.999983609 58.361431122
0.999973655 0.003863403 -0.006146419 1.061500072 -0.003839946 0.999985278 0.003823549 -1.587231755 0.006161099 -0.003799847 0.999973834 58.909561157
0.999974370 0.005037071 -0.005093053 1.057617664 -0.005024013 0.999984086 0.002573506 -1.596062899 0.005105934 -0.002547851 0.999983728 59.420177460
0.999972463 0.005369116 -0.005132519 1.067557931 -0.005358229 0.999983370 0.002132652 -1.607921600 0.005143884 -0.002105092 0.999984622 59.963680267
0.999974132 0.005117866 -0.005054503 1.065396190 -0.005104700 0.999983549 0.002614240 -1.621189237 0.005067800 -0.002588371 0.999983728 60.513027191
0.999975681 0.005055446 -0.004806801 1.087580085 -0.005039784 0.999982059 0.003264947 -1.636663556 0.004823219 -0.003240642 0.999983132 61.075939178
0.999974608 0.005199431 -0.004876562 1.082968712 -0.005186451 0.999983013 0.002670555 -1.652252555 0.004890365 -0.002645195 0.999984503 61.594554901
0.999974608 0.005146503 -0.004924333 1.089105129 -0.005134087 0.999983609 0.002530866 -1.665920615 0.004937278 -0.002505519 0.999984622 62.134166718
0.999975264 0.005340907 -0.004571196 1.095576048 -0.005330054 0.999982893 0.002383348 -1.681480527 0.004583848 -0.002358924 0.999986708 62.654117584
0.999972939 0.005652322 -0.004699929 1.103125811 -0.005640400 0.999980867 0.002545803 -1.694101930 0.004714228 -0.002519225 0.999985635 63.199150085
0.999974728 0.005469702 -0.004540449 1.111079454 -0.005460277 0.999982953 0.002085744 -1.710079312 0.004551780 -0.002060900 0.999987483 63.749847412
0.999973416 0.005576820 -0.004690398 1.118828535 -0.005564908 0.999981225 0.002548791 -1.722103119 0.004704524 -0.002522622 0.999985695 64.258392334
0.999972582 0.005702221 -0.004706611 1.122239113 -0.005690985 0.999980927 0.002397409 -1.734320283 0.004720192 -0.002370559 0.999986053 64.792854309
0.999977052 0.004839871 -0.004726551 1.131851435 -0.004829746 0.999985993 0.002151324 -1.748088241 0.004736897 -0.002128446 0.999986529 65.330947876
0.999976754 0.004982458 -0.004649824 1.140035629 -0.004971331 0.999984682 0.002401723 -1.764996767 0.004661720 -0.002378552 0.999986291 65.862144470
0.999975383 0.005288271 -0.004593491 1.142222166 -0.005277537 0.999983311 0.002345668 -1.778379202 0.004605819 -0.002321368 0.999986708 66.403045654
0.999975443 0.005242081 -0.004643557 1.155119419 -0.005230566 0.999983251 0.002488468 -1.798977256 0.004656525 -0.002464118 0.999986053 66.929252625
0.999974906 0.005384338 -0.004602141 1.163370371 -0.005373938 0.999983013 0.002269143 -1.807334661 0.004614280 -0.002244355 0.999986827 67.465400696
0.999972939 0.005622522 -0.004728319 1.170706034 -0.005610351 0.999980986 0.002583281 -1.825170040 0.004742752 -0.002556683 0.999985456 68.003807068
0.999973416 0.005815516 -0.004397637 1.182675004 -0.005804912 0.999980211 0.002420000 -1.840853214 0.004411623 -0.002394407 0.999987423 68.539985657
0.999975979 0.004990676 -0.004829599 1.192650557 -0.004977989 0.999984086 0.002635356 -1.857273221 0.004842674 -0.002611251 0.999984860 69.084617615
0.999971151 0.006211694 -0.004363423 1.196799755 -0.006202144 0.999978364 0.002198803 -1.870146275 0.004376986 -0.002171677 0.999988079 69.599067688
0.999970257 0.006553209 -0.004072437 1.201406360 -0.006543863 0.999976039 0.002303940 -1.883974433 0.004087437 -0.002277222 0.999989033 70.156814575
0.999971867 0.006198088 -0.004204766 1.207155943 -0.006188716 0.999978364 0.002237963 -1.898532033 0.004218547 -0.002211878 0.999988675 70.682655334
0.999972701 0.005843518 -0.004518513 1.218128204 -0.005833831 0.999980688 0.002154073 -1.910982013 0.004531011 -0.002127654 0.999987483 71.222229004
0.999975204 0.005291992 -0.004635111 1.227694631 -0.005280013 0.999982715 0.002592754 -1.925435305 0.004648752 -0.002568216 0.999985933 71.780570984
0.999973357 0.006000029 -0.004159560 1.227460623 -0.005991901 0.999980092 0.001963793 -1.940603256 0.004171260 -0.001938817 0.999989450 72.278526306
0.999970973 0.006564530 -0.003873646 1.234694004 -0.006555678 0.999975860 0.002293208 -1.957285523 0.003888606 -0.002267747 0.999989867 72.811058044
0.999970853 0.006590849 -0.003854363 1.239237905 -0.006581169 0.999975085 0.002519117 -1.973953366 0.003870870 -0.002493676 0.999989390 73.344116211
0.999973357 0.006092454 -0.004010413 1.254027963 -0.006084003 0.999979258 0.002115889 -1.985054851 0.004023221 -0.002091433 0.999989748 73.878761292
0.999973059 0.005874492 -0.004387953 1.269758821 -0.005863976 0.999979854 0.002405439 -1.995447040 0.004401996 -0.002379644 0.999987483 74.419448853
0.999971330 0.006378821 -0.004074429 1.273004889 -0.006367884 0.999976099 0.002691136 -2.018454552 0.004091498 -0.002665113 0.999988079 74.941223145
0.999968886 0.006834949 -0.003931534 1.282178402 -0.006824884 0.999973357 0.002567938 -2.036895037 0.003948981 -0.002541025 0.999988973 75.470367432
0.999969780 0.006644995 -0.004038067 1.289181948 -0.006634521 0.999974608 0.002601641 -2.050073385 0.004055252 -0.002574773 0.999988377 76.009307861
0.999968588 0.006742962 -0.004157574 1.297972918 -0.006732716 0.999974251 0.002473735 -2.063599825 0.004174147 -0.002445666 0.999988317 76.547203064
0.999967337 0.006836992 -0.004321913 1.306314230 -0.006828737 0.999974787 0.001922171 -2.077989101 0.004334945 -0.001892595 0.999988794 77.089118958
0.999967635 0.006797029 -0.004306254 1.313072562 -0.006785206 0.999973178 0.002754636 -2.097656250 0.004324862 -0.002725328 0.999986947 77.615272522
0.999970138 0.006432426 -0.004285502 1.324524641 -0.006421194 0.999975860 0.002629678 -2.112366199 0.004302313 -0.002602082 0.999987364 78.147926331
0.999965608 0.007002444 -0.004440558 1.335713983 -0.006991287 0.999972403 0.002523202 -2.124367952 0.004458102 -0.002492070 0.999987006 78.697875977
0.999968052 0.006783081 -0.004222265 1.335978031 -0.006771088 0.999972939 0.002848037 -2.143078089 0.004241469 -0.002819356 0.999987006 79.217674255
0.999969006 0.006926716 -0.003746221 1.344450712 -0.006916128 0.999972105 0.002832111 -2.161483765 0.003765734 -0.002806113 0.999988914 79.757057190
0.999969542 0.007148170 -0.003111461 1.358810544 -0.007139506 0.999970615 0.002786274 -2.173073053 0.003131286 -0.002763974 0.999991298 80.294281006
0.999971747 0.007368382 -0.001478762 1.364956975 -0.007365428 0.999970913 0.001993311 -2.185601234 0.001493406 -0.001982363 0.999996901 80.832244873
0.999976039 0.006792373 -0.001314425 1.384841681 -0.006788960 0.999973595 0.002583466 -2.206380129 0.001331939 -0.002574481 0.999995828 81.369949341
0.999967515 0.008043261 0.000461003 1.385234952 -0.008044428 0.999964297 0.002588460 -2.220993042 -0.000440168 -0.002592085 0.999996543 81.921089172
0.999970913 0.007030903 0.003000172 1.415082097 -0.007038178 0.999972284 0.002420971 -2.229355574 -0.002983068 -0.002442016 0.999992549 82.475036621
0.999950409 0.006897587 0.007188966 1.439632654 -0.006918320 0.999971926 0.002863145 -2.235440016 -0.007169017 -0.002912737 0.999970078 83.092666626
0.999930739 0.006349995 0.009910502 1.453341722 -0.006376761 0.999976099 0.002671478 -2.254541636 -0.009893302 -0.002734490 0.999947309 83.536804199
0.999880910 0.006773822 0.013865751 1.480626702 -0.006815425 0.999972403 0.002955246 -2.274528503 -0.013845352 -0.003049395 0.999899507 84.071670532
0.999778688 0.006677629 0.019950347 1.507193327 -0.006736308 0.999973178 0.002875416 -2.286758423 -0.019930612 -0.003009171 0.999796808 84.608909607
0.999638855 0.007070452 0.025925254 1.534267902 -0.007141943 0.999970913 0.002665975 -2.298505783 -0.025905652 -0.002850169 0.999660313 85.147796631
0.999462843 0.006861570 0.032046564 1.566009998 -0.006956161 0.999971747 0.002841117 -2.313760757 -0.032026164 -0.003062512 0.999482334 85.679550171
0.999150395 0.006830684 0.040641569 1.609512448 -0.006953167 0.999971688 0.002873154 -2.327876568 -0.040620781 -0.003153301 0.999169648 86.223228455
0.998802722 0.006815807 0.048441105 1.659019470 -0.006952398 0.999972343 0.002651792 -2.343924284 -0.048421696 -0.002985399 0.998822451 86.774436951
0.998487294 0.006474143 0.054598704 1.711368561 -0.006638884 0.999974012 0.002836473 -2.357834816 -0.054578908 -0.003194656 0.998504341 87.326828003
0.997881413 0.006467768 0.064736098 1.749720812 -0.006633563 0.999975264 0.002346464 -2.368304968 -0.064719297 -0.002770924 0.997899652 87.851814270
0.997173727 0.006636370 0.074836791 1.811329842 -0.006835970 0.999973774 0.002411301 -2.386490345 -0.074818827 -0.002916068 0.997192800 88.380676270
0.996505320 0.005910205 0.083319835 1.879075050 -0.006121845 0.999978662 0.002284854 -2.392066240 -0.083304547 -0.002786940 0.996520221 88.938056946
0.995855808 0.005486517 0.090780176 1.946298122 -0.005650209 0.999982893 0.001546269 -2.401228428 -0.090770133 -0.002052789 0.995869756 89.485351562
0.994871795 0.006289463 0.100948319 2.019463539 -0.006522314 0.999976754 0.001976734 -2.421971798 -0.100933529 -0.002625014 0.994889736 90.050392151
0.993765175 0.007086457 0.111267619 2.098377228 -0.007343419 0.999971211 0.001899761 -2.435361385 -0.111250959 -0.002705002 0.993788719 90.599807739
0.992706299 0.004975179 0.120454587 2.199106216 -0.005221563 0.999984860 0.001729913 -2.450172424 -0.120444149 -0.002346257 0.992717326 91.159423828
0.991189301 0.005175254 0.132351846 2.288120270 -0.005484307 0.999983013 0.001970665 -2.465268850 -0.132339403 -0.002679161 0.991200924 91.695610046
0.989529133 0.004268197 0.144269943 2.386917114 -0.004563581 0.999988139 0.001716583 -2.480648756 -0.144260883 -0.002356997 0.989536881 92.228675842
0.987881124 0.003781849 0.155166447 2.494953156 -0.004071435 0.999990523 0.001548540 -2.494193077 -0.155159071 -0.002161523 0.987887144 92.773841858
0.986202240 0.003949748 0.165497959 2.607948303 -0.004309846 0.999989033 0.001816788 -2.513020515 -0.165488988 -0.002504992 0.986208379 93.296165466
0.983851254 0.004072182 0.178942293 2.720447540 -0.004507557 0.999987781 0.002026530 -2.529458046 -0.178931847 -0.002800397 0.983857453 93.835563660
0.981639206 0.003139729 0.190721065 2.854679108 -0.003525836 0.999992371 0.001685150 -2.547362804 -0.190714315 -0.002326661 0.981642783 94.390312195
0.979581356 0.002932056 0.201026708 2.979941368 -0.003346939 0.999992967 0.001723968 -2.561280966 -0.201020256 -0.002361591 0.979584217 94.922821045
0.976860344 0.001955513 0.213869363 3.128261566 -0.002433675 0.999995053 0.001972498 -2.582325697 -0.213864475 -0.002447344 0.976860285 95.433265686
0.973698437 0.002201173 0.227830037 3.258661270 -0.002537224 0.999996006 0.001182142 -2.568804979 -0.227826506 -0.001729105 0.973700225 96.036651611
0.970887363 0.002100674 0.239527404 3.390844345 -0.002435737 0.999996424 0.001102839 -2.605396509 -0.239524245 -0.001654158 0.970888972 96.588142395
0.968315065 0.001188042 0.249729380 3.585494995 -0.001565269 0.999997914 0.001311959 -2.610018969 -0.249727309 -0.001661283 0.968314767 97.063385010
0.964651108 0.001840463 0.263524026 3.740865707 -0.002281777 0.999996483 0.001368616 -2.619523764 -0.263520539 -0.001921540 0.964651942 97.573013306
0.961340904 0.000794399 0.275359780 3.928522110 -0.001125472 0.999998808 0.001044321 -2.640865326 -0.275358588 -0.001313858 0.961340725 98.098907471
0.957885683 0.000533875 0.287149251 4.117368698 -0.000903856 0.999998927 0.001155900 -2.647015095 -0.287148327 -0.001366761 0.957885146 98.691673279
0.953390658 0.001684560 0.301733971 4.300607681 -0.002128058 0.999997139 0.001141124 -2.658097982 -0.301731139 -0.001730045 0.953391492 99.220642090
0.949084282 0.000212038 0.315022558 4.515659332 -0.000692277 0.999998689 0.001412572 -2.692325115 -0.315021902 -0.001558732 0.949083149 99.759170532
0.945231140 -0.000125734 0.326402009 4.717599869 -0.000475098 0.999998331 0.001761055 -2.707279205 -0.326401681 -0.001819676 0.945229471 100.275291443
0.940393746 0.000338538 0.340087593 4.918411255 -0.000954742 0.999998152 0.001644564 -2.721299887 -0.340086341 -0.001871233 0.940392375 100.785018921
0.935272932 0.000193923 0.353927344 5.131353378 -0.001012335 0.999997199 0.002127239 -2.747220278 -0.353925943 -0.002347842 0.935270548 101.243911743
0.930385947 -0.000903645 0.366580427 5.360898972 0.000373541 0.999998689 0.001517013 -2.745137930 -0.366581321 -0.001274475 0.930385232 101.796936035
0.925872684 -0.000613624 0.377835214 5.628696442 -0.000040895 0.999998510 0.001724261 -2.786560535 -0.377835691 -0.001611898 0.925871253 102.341712952
0.919658124 -0.000109510 0.392719984 5.861846924 -0.000489431 0.999998868 0.001424983 -2.795690775 -0.392719686 -0.001502706 0.919656992 102.843986511
0.914039612 -0.000652786 0.405624419 6.100528717 0.000004245 0.999998748 0.001599769 -2.808986902 -0.405624896 -0.001460530 0.914038479 103.322235107
0.909394681 -0.002229946 0.415928185 6.393318176 0.001610731 0.999997020 0.001839618 -2.829279900 -0.415931016 -0.001002991 0.909395576 103.911392212
0.903808236 -0.002291246 0.427931488 6.649841309 0.001743987 0.999997139 0.001670851 -2.839101315 -0.427934080 -0.000763822 0.903809547 104.399475098
0.897221804 -0.002118202 0.441575170 6.911003113 0.001449135 0.999997258 0.001852462 -2.856856108 -0.441577822 -0.001022167 0.897222340 104.887054443
0.891113698 -0.002363320 0.453773916 7.178241730 0.001845317 0.999997020 0.001584325 -2.867696047 -0.453776300 -0.000574457 0.891115427 105.341552734
0.885439038 -0.003248684 0.464744002 7.447685242 0.002788829 0.999994636 0.001676898 -2.880923033 -0.464746982 -0.000188699 0.885443509 105.812149048
0.878067851 -0.003751945 0.478521675 7.743480682 0.003123831 0.999992907 0.002108542 -2.901649475 -0.478526175 -0.000356622 0.878073215 106.303855896
