1.000000000 0.000000000 0.000000000 0.000000000 0.000000000 1.000000000 0.000000000 0.000000000 0.000000000 0.000000000 1.000000000 0.000000000
1.000000000 0.000035871 -0.000018041 0.000403017 -0.000035871 1.000000000 -0.000030059 -0.000062547 0.000018040 0.000030060 1.000000000 0.000319103
1.000000000 0.000031693 0.000072834 0.000032097 -0.000031695 1.000000000 0.000032333 -0.000151434 -0.000072833 -0.000032336 1.000000000 0.000697610
1.000000000 -0.000030001 0.000023597 0.000447778 0.000030002 1.000000000 -0.000033519 0.000941377 -0.000023596 0.000033520 1.000000000 0.001143003
1.000000000 -0.000056368 0.000048565 -0.000154584 0.000056365 1.000000000 0.000059918 -0.000345348 -0.000048568 -0.000059916 1.000000000 -0.000685572
1.000000000 0.000021879 0.000130989 -0.000265968 -0.000021875 1.000000000 -0.000031608 0.000685265 -0.000130989 0.000031605 1.000000000 0.000720937
1.000000000 -0.000083976 0.000063667 0.000202355 0.000083976 1.000000000 -0.000004657 0.000283358 -0.000063667 0.000004663 1.000000000 0.000248160
1.000000000 0.000036797 0.000044724 -0.000180823 -0.000036801 1.000000000 0.000087904 -0.000387791 -0.000044720 -0.000087906 1.000000000 -0.000636872
1.000000000 -0.000010018 -0.000017211 -0.000296944 0.000010018 1.000000000 -0.000023919 -0.000317696 0.000017211 0.000023919 1.000000000 -0.001182245
1.000000000 -0.000005674 0.000095896 -0.000207259 0.000005665 1.000000000 0.000096132 -0.000981085 -0.000095897 -0.000096132 1.000000000 -0.000423420
1.000000000 0.000062078 0.000086999 -0.000897629 -0.000062087 1.000000000 0.000098702 -0.000574771 -0.000086993 -0.000098708 1.000000000 -0.000065641
1.000000000 0.000016691 0.000113978 -0.000784067 -0.000016698 1.000000000 0.000058754 0.000048618 -0.000113978 -0.000058756 1.000000000 0.000301427
1.000000000 0.000073445 0.000048722 -0.000995102 -0.000073446 1.000000000 0.000018759 -0.000526774 -0.000048721 -0.000018763 1.000000000 -0.000549795
1.000000000 0.000019908 0.000045317 -0.000627640 -0.000019910 1.000000000 0.000053588 -0.000197784 -0.000045316 -0.000053589 1.000000000 0.000139159
1.000000000 0.000010334 0.000093118 -0.000799026 -0.000010331 1.000000000 -0.000035087 0.000385356 -0.000093119 0.000035086 1.000000000 -0.000276720
1.000000000 0.000076454 0.000018725 0.000191619 -0.000076454 1.000000000 -0.000014690 0.000868409 -0.000018726 0.000014688 1.000000000 0.001328246
1.000000000 0.000120072 0.000118689 -0.000751566 -0.000120064 1.000000000 -0.000066070 0.001636400 -0.000118697 0.000066056 1.000000000 0.002634786
1.000000000 0.000129082 0.000105582 -0.001285004 -0.000129076 1.000000000 -0.000050456 0.000603275 -0.000105588 0.000050443 1.000000000 -0.000016778
0.999999940 0.000191674 0.000173960 -0.001666082 -0.000191670 1.000000000 -0.000022873 0.000900953 -0.000173965 0.000022840 1.000000000 0.001266884
1.000000000 0.000078606 0.000134177 -0.001151057 -0.000078600 1.000000000 -0.000038998 0.000899836 -0.000134180 0.000038988 1.000000000 0.001427878
1.000000000 0.000077149 0.000149246 -0.001266640 -0.000077149 1.000000000 0.000001154 0.000510203 -0.000149246 -0.000001166 1.000000000 0.000709082
1.000000000 0.000177169 0.000116424 -0.001398885 -0.000177174 1.000000000 0.000040921 0.000554429 -0.000116416 -0.000040942 1.000000000 0.000805921
1.000000000 0.000143512 0.000040772 -0.000778157 -0.000143511 1.000000000 -0.000018406 0.000725957 -0.000040774 0.000018401 1.000000000 0.000978382
0.999999166 0.001306198 0.000053993 -0.004126124 -0.001306209 0.999999106 0.000209716 -0.001035800 -0.000053719 -0.000209786 1.000000000 0.003073362
0.999998868 0.001513122 0.000046102 -0.004595895 -0.001513134 0.999998808 0.000253956 -0.001049037 -0.000045718 -0.000254025 1.000000000 0.003108523
0.999998987 0.001462838 0.000128606 -0.004593471 -0.001462868 0.999998927 0.000231061 -0.001071636 -0.000128268 -0.000231249 1.000000000 0.002874255
0.999999106 0.001335339 0.000144702 -0.004351617 -0.001335371 0.999999046 0.000218241 -0.000442892 -0.000144411 -0.000218434 1.000000000 0.004015405
0.999999106 0.001362678 0.000158992 -0.004456587 -0.001362717 0.999999046 0.000246506 -0.000897755 -0.000158656 -0.000246723 1.000000000 0.003521998
0.999999106 0.001351693 0.000125472 -0.004583071 -0.001351718 0.999999046 0.000199572 -0.000927235 -0.000125202 -0.000199741 1.000000000 0.002685161
0.999999106 0.001353921 0.000140320 -0.004249484 -0.001353948 0.999999046 0.000197945 -0.000665299 -0.000140051 -0.000198134 1.000000000 0.003650454
0.999999046 0.001357713 0.000208591 -0.004868759 -0.001357748 0.999999046 0.000168138 -0.000586583 -0.000208362 -0.000168421 1.000000000 0.004018528
0.999999166 0.001292643 0.000134503 -0.004430407 -0.001292670 0.999999106 0.000198643 -0.000544525 -0.000134246 -0.000198816 1.000000000 0.003999249
0.999999046 0.001409348 0.000098203 -0.004153692 -0.001409360 0.999998987 0.000121588 -0.000056668 -0.000098032 -0.000121726 1.000000000 0.003760647
0.999998987 0.001377526 0.000176321 -0.004761457 -0.001377566 0.999998987 0.000223907 -0.001387552 -0.000176013 -0.000224149 1.000000000 0.002234687
0.999998927 0.001424123 0.000162625 -0.005031154 -0.001424152 0.999998927 0.000177082 -0.000837064 -0.000162372 -0.000177314 1.000000000 0.003148598
0.999999046 0.001371563 0.000199450 -0.004499257 -0.001371594 0.999999046 0.000160079 -0.000732178 -0.000199230 -0.000160353 1.000000000 0.003157734
0.999999106 0.001337976 0.000131941 -0.004424873 -0.001338008 0.999999046 0.000241990 -0.001271377 -0.000131617 -0.000242166 1.000000000 0.002727408
0.999999106 0.001348798 0.000112293 -0.004508420 -0.001348830 0.999999046 0.000280689 -0.001223208 -0.000111915 -0.000280840 1.000000000 0.003202333
0.999998987 0.001406079 0.000140335 -0.004777226 -0.001406106 0.999998987 0.000189856 -0.000792778 -0.000140068 -0.000190053 1.000000000 0.003128268
0.999999106 0.001356643 0.000118956 -0.004053901 -0.001356669 0.999999046 0.000215367 -0.000458105 -0.000118664 -0.000215528 1.000000000 0.003557299
0.999999166 0.001297779 0.000057680 -0.002921272 -0.001297788 0.999999106 0.000151500 -0.001018671 -0.000057484 -0.000151575 1.000000000 0.004014437
0.999998987 0.001411359 0.000160305 -0.002763164 -0.001411305 0.999998927 -0.000338511 -0.004024434 -0.000160783 0.000338284 0.999999940 0.051089391
0.999998748 0.001516697 0.000202295 -0.002875310 -0.001516492 0.999998271 -0.001013228 -0.005573631 -0.000203831 0.001012920 0.999999464 0.144918874
0.999998808 0.001499871 0.000241482 -0.001366299 -0.001499559 0.999998033 -0.001283318 -0.009411582 -0.000243407 0.001282955 0.999999106 0.259364337
0.999998271 0.001819428 0.000263864 0.000694597 -0.001819106 0.999997616 -0.001216758 -0.011963915 -0.000266077 0.001216276 0.999999225 0.390842974
0.999998987 0.001411643 0.000181773 0.003457389 -0.001411463 0.999998510 -0.000986046 -0.018930545 -0.000183165 0.000985789 0.999999523 0.523905993
0.999999225 0.001206617 0.000101956 0.006902750 -0.001206525 0.999998868 -0.000895541 -0.023173420 -0.000103037 0.000895417 0.999999583 0.687782466
0.999999464 0.001033212 0.000131800 0.012728013 -0.001033153 0.999999404 -0.000448257 -0.028347099 -0.000132263 0.000448120 0.999999881 0.850105226
0.999998868 0.001501707 0.000192815 0.011788430 -0.001501584 0.999998629 -0.000639046 -0.034030814 -0.000193774 0.000638756 0.999999702 1.018329859
0.999998868 0.001492047 0.000169980 0.014350391 -0.001491921 0.999998569 -0.000739822 -0.036926892 -0.000171084 0.000739568 0.999999642 1.193308592
0.999998987 0.001426068 0.000086946 0.019976342 -0.001426046 0.999998927 -0.000247399 -0.044641715 -0.000087298 0.000247275 0.999999940 1.387041211
0.999998093 0.001906810 -0.000009925 0.022958186 -0.001906814 0.999997973 -0.000448413 -0.046209574 0.000009070 0.000448431 0.999999821 1.577133179
0.999999225 0.001208012 0.000116975 0.029837899 -0.001207985 0.999999166 -0.000227471 -0.054458424 -0.000117250 0.000227329 0.999999881 1.780290246
0.999998987 0.001440649 0.000404966 0.027106879 -0.001440688 0.999998987 0.000095660 -0.064886712 -0.000404828 -0.000096243 0.999999881 1.980381608
0.999999583 0.000805844 0.000189303 0.035335269 -0.000805812 0.999999642 -0.000165624 -0.067857154 -0.000189436 0.000165471 1.000000000 2.195543766
0.999998927 0.001422542 0.000420180 0.036303643 -0.001422569 0.999998987 0.000061912 -0.073675700 -0.000420092 -0.000062510 0.999999881 2.418959856
0.999998450 0.001711499 0.000494839 0.043399166 -0.001711462 0.999998569 -0.000073553 -0.081343181 -0.000494964 0.000072706 0.999999881 2.638539076
0.999998629 0.001462247 0.000725033 0.040980965 -0.001462508 0.999998808 0.000358415 -0.091216758 -0.000724508 -0.000359474 0.999999702 2.873445988
0.999999285 0.001089425 0.000595326 0.048087768 -0.001089561 0.999999404 0.000228237 -0.094311446 -0.000595077 -0.000228886 0.999999821 3.113854408
0.999998868 0.001368938 0.000620877 0.050611414 -0.001369343 0.999998808 0.000652610 -0.106788822 -0.000619983 -0.000653459 0.999999583 3.350342512
0.999998629 0.001445660 0.000721706 0.053607449 -0.001446052 0.999998748 0.000542671 -0.110828131 -0.000720921 -0.000543713 0.999999583 3.608604193
0.999997914 0.001880262 0.000834862 0.056023326 -0.001880583 0.999998093 0.000383867 -0.115994379 -0.000834139 -0.000385436 0.999999583 3.866600275
0.999998689 0.001401409 0.000691923 0.066436596 -0.001401825 0.999998808 0.000601643 -0.123238057 -0.000691080 -0.000602612 0.999999583 4.127154350
0.999997675 0.001874989 0.001044067 0.066430606 -0.001875868 0.999997854 0.000841156 -0.132172346 -0.001042488 -0.000843112 0.999999106 4.390922546
0.999997854 0.001726006 0.001117005 0.073380373 -0.001726855 0.999998212 0.000758978 -0.140880316 -0.001115693 -0.000760905 0.999999106 4.648637295
0.999998033 0.001675862 0.001051989 0.081073046 -0.001676688 0.999998271 0.000785152 -0.147782058 -0.001050671 -0.000786914 0.999999106 4.904369354
0.999995351 0.002578567 0.001634098 0.077172287 -0.002580653 0.999995887 0.001276063 -0.156117916 -0.001630801 -0.001280274 0.999997854 5.147156715
0.999997377 0.001959678 0.001167186 0.092737526 -0.001960603 0.999997735 0.000792412 -0.158722937 -0.001165630 -0.000794698 0.999998987 5.434294224
0.999997437 0.001926437 0.001273033 0.096674651 -0.001927527 0.999997795 0.000855051 -0.167249963 -0.001271383 -0.000857502 0.999998808 5.703638077
0.999997675 0.001717481 0.001336924 0.097374476 -0.001718657 0.999998152 0.000879414 -0.176212564 -0.001335411 -0.000881710 0.999998689 5.974126339
0.999996066 0.002353481 0.001537928 0.100761607 -0.002354669 0.999996960 0.000770786 -0.183699667 -0.001536110 -0.000774404 0.999998510 6.257006168
0.999996901 0.002187771 0.001210543 0.109920628 -0.002188704 0.999997377 0.000769766 -0.191344604 -0.001208855 -0.000772413 0.999998927 6.541346550
0.999997199 0.001989628 0.001262730 0.118380345 -0.001990827 0.999997556 0.000949535 -0.200106412 -0.001260838 -0.000952046 0.999998748 6.836378098
0.999996662 0.002118162 0.001463113 0.124407157 -0.002119934 0.999997079 0.001210702 -0.207315281 -0.001460544 -0.001213800 0.999998212 7.137590885
0.999996603 0.002060333 0.001610526 0.123820439 -0.002061934 0.999997377 0.000992861 -0.218486249 -0.001608476 -0.000996178 0.999998212 7.441777229
0.999996364 0.002045542 0.001762255 0.128647521 -0.002047858 0.999997079 0.001313804 -0.232160673 -0.001759563 -0.001317407 0.999997616 7.745684624
0.999996006 0.002293743 0.001702951 0.138313830 -0.002295482 0.999996901 0.001020045 -0.236018628 -0.001700606 -0.001023951 0.999998033 8.067867279
0.999996245 0.002027229 0.001847968 0.141635209 -0.002030087 0.999996662 0.001545724 -0.253225893 -0.001844828 -0.001549470 0.999997020 8.383246422
0.999996543 0.001963322 0.001735259 0.153289080 -0.001965765 0.999997079 0.001407456 -0.260393709 -0.001732491 -0.001410862 0.999997497 8.708089828
0.999994755 0.002435241 0.002140210 0.151376069 -0.002438247 0.999996066 0.001403294 -0.266738594 -0.002136785 -0.001408505 0.999996662 9.060746193
0.999994755 0.002605277 0.001916933 0.161691979 -0.002607990 0.999995649 0.001414390 -0.278149217 -0.001913240 -0.001419383 0.999997139 9.398200035
0.999993622 0.002935339 0.002023581 0.166250706 -0.002939027 0.999994040 0.001822328 -0.299854606 -0.002018220 -0.001828264 0.999996305 9.732954025
0.999993742 0.002731713 0.002233321 0.172460303 -0.002736821 0.999993682 0.002287358 -0.309925854 -0.002227058 -0.002293456 0.999994934 10.086206436
0.999993980 0.002840653 0.001962040 0.182032466 -0.002844717 0.999993801 0.002071813 -0.321708888 -0.001956142 -0.002077383 0.999995947 10.443858147
0.999994159 0.002546977 0.002273105 0.191652372 -0.002551300 0.999994934 0.001900860 -0.330392659 -0.002268252 -0.001906648 0.999995649 10.807853699
0.999991715 0.003403880 0.002214428 0.193913296 -0.003408595 0.999991953 0.002128785 -0.337807178 -0.002207163 -0.002136316 0.999995291 11.183952332
0.999993205 0.003203668 0.001808196 0.204653740 -0.003207294 0.999992847 0.002005923 -0.349341303 -0.001801757 -0.002011709 0.999996305 11.570730209
0.999988019 0.004245744 0.002437851 0.202454358 -0.004250785 0.999988794 0.002066643 -0.353793234 -0.002429049 -0.002076981 0.999994874 11.954975128
0.999990344 0.003487474 0.002660411 0.217619091 -0.003492770 0.999991894 0.001988520 -0.368707776 -0.002653455 -0.001997794 0.999994457 12.337288857
0.999992549 0.002880280 0.002554897 0.231184199 -0.002886246 0.999993086 0.002334777 -0.382005811 -0.002548154 -0.002342134 0.999993980 12.725929260
0.999991179 0.003055205 0.002884659 0.234993458 -0.003062369 0.999992371 0.002482667 -0.394543380 -0.002877052 -0.002491480 0.999992669 13.126033783
0.999990344 0.002903805 0.003301052 0.250382423 -0.002911139 0.999993384 0.002219308 -0.405515373 -0.003294585 -0.002228897 0.999992013 13.524412155
0.999989808 0.003145258 0.003231821 0.251279175 -0.003153676 0.999991655 0.002602889 -0.419672757 -0.003223607 -0.002613055 0.999991417 13.933035851
0.999989986 0.003057883 0.003268373 0.261747360 -0.003066636 0.999991775 0.002676254 -0.427020013 -0.003260163 -0.002686251 0.999991059 14.355533600
0.999985218 0.003669597 0.003999338 0.269133329 -0.003681022 0.999989152 0.002853177 -0.441526741 -0.003988826 -0.002867857 0.999987960 14.783423424
0.999989450 0.003117885 0.003380509 0.282833099 -0.003127876 0.999990761 0.002954402 -0.453673631 -0.003371267 -0.002964944 0.999989986 15.208886147
0.999984026 0.003681144 0.004286542 0.287390560 -0.003693918 0.999988735 0.002975797 -0.468751013 -0.004275539 -0.002991584 0.999986410 15.651287079
0.999984801 0.003148118 0.004508724 0.297331423 -0.003159384 0.999991834 0.002493951 -0.477476776 -0.004500836 -0.002508157 0.999986768 16.096931458
0.999979258 0.003820466 0.005184317 0.308555067 -0.003836615 0.999987781 0.003108718 -0.490232259 -0.005172377 -0.003128544 0.999981642 16.536663055
0.999978304 0.003673078 0.005485697 0.315199465 -0.003689059 0.999989033 0.002905849 -0.498696446 -0.005474964 -0.002926023 0.999980688 16.995367050
0.999978781 0.003331484 0.005602155 0.328342736 -0.003349150 0.999989450 0.003147036 -0.520619452 -0.005591611 -0.003165732 0.999979377 17.429361343
0.999978125 0.003330071 0.005722687 0.340644002 -0.003352005 0.999987066 0.003827481 -0.533140481 -0.005709867 -0.003846579 0.999976337 17.897050858
0.999974251 0.003537542 0.006237655 0.351718247 -0.003557181 0.999988735 0.003140114 -0.538757205 -0.006226476 -0.003162222 0.999975622 18.369775772
0.999973118 0.003471872 0.006462362 0.363463879 -0.003494096 0.999988079 0.003430858 -0.550446570 -0.006450374 -0.003453346 0.999973238 18.838880539
0.999972880 0.003697084 0.006379455 0.379702568 -0.003716701 0.999988437 0.003066056 -0.555392563 -0.006368047 -0.003089683 0.999974966 19.325910568
0.999973536 0.003634033 0.006297309 0.393876255 -0.003655090 0.999987721 0.003335601 -0.583441556 -0.006285110 -0.003358530 0.999974608 19.794612885
0.999976337 0.003595010 0.005861252 0.407074630 -0.003615396 0.999987364 0.003471208 -0.598694205 -0.005848699 -0.003492316 0.999976754 20.275611877
0.999974191 0.003774408 0.006102644 0.422711551 -0.003796038 0.999986529 0.003536783 -0.611804485 -0.006089213 -0.003559858 0.999975085 20.769351959
0.999973476 0.003182941 0.006545063 0.436815441 -0.003209312 0.999986708 0.004022682 -0.630753994 -0.006532171 -0.004043580 0.999970436 21.237621307
0.999977410 0.002874017 0.006079061 0.450311422 -0.002896122 0.999989212 0.003630626 -0.635630548 -0.006068561 -0.003648150 0.999974906 21.754125595
0.999979734 0.003274460 0.005451187 0.452825695 -0.003296106 0.999986708 0.003966600 -0.654333293 -0.005438125 -0.003984488 0.999977231 22.260986328
0.999983966 0.002838258 0.004906169 0.463032871 -0.002857344 0.999988377 0.003887532 -0.665132999 -0.004895078 -0.003901488 0.999980390 22.770660400
0.999978781 0.003542561 0.005467123 0.459351659 -0.003563440 0.999986351 0.003814121 -0.683610857 -0.005453537 -0.003833523 0.999977767 23.292728424
0.999981582 0.003857906 0.004707200 0.475184500 -0.003878808 0.999982536 0.004439186 -0.702135086 -0.004689993 -0.004457362 0.999979079 23.806388855
0.999987841 0.002587310 0.004204112 0.484078228 -0.002605279 0.999987423 0.004274318 -0.717412293 -0.004193000 -0.004285218 0.999982059 24.323652267
0.999984980 0.004148350 0.003581838 0.491421521 -0.004161608 0.999984503 0.003702200 -0.723315001 -0.003566424 -0.003717050 0.999986708 24.866773605
0.999984980 0.004689390 0.002839348 0.501200080 -0.004702128 0.999978900 0.004496549 -0.746439397 -0.002818203 -0.004509833 0.999985814 25.391683578
0.999987543 0.004436585 0.002276516 0.511133254 -0.004445385 0.999982595 0.003874871 -0.753288031 -0.002259285 -0.003884944 0.999989927 25.941511154
0.999984443 0.004999872 0.002462945 0.517792463 -0.005008267 0.999981642 0.003414217 -0.762494504 -0.002445829 -0.003426499 0.999991179 26.503463745
0.999986529 0.004709959 0.002161878 0.529280841 -0.004718646 0.999980748 0.004031338 -0.780194640 -0.002142848 -0.004041484 0.999989510 27.051826477
0.999988675 0.004463220 0.001617354 0.545576751 -0.004470063 0.999980986 0.004252614 -0.798155844 -0.001598343 -0.004259796 0.999989629 27.604770660
0.999986231 0.005036554 0.001453305 0.547875762 -0.005042423 0.999979019 0.004063048 -0.814332485 -0.001432811 -0.004070320 0.999990702 28.132728577
0.999983311 0.005578080 0.001500891 0.553534269 -0.005584379 0.999975502 0.004225929 -0.825674891 -0.001477282 -0.004234240 0.999989986 28.687240601
0.999986231 0.005106256 0.001148036 0.564781070 -0.005111238 0.999977350 0.004379163 -0.842124701 -0.001125649 -0.004384972 0.999989688 29.237319946
0.999980748 0.006122421 0.001010383 0.570937753 -0.006126730 0.999971986 0.004318331 -0.852454484 -0.000983916 -0.004324440 0.999990106 29.792150497
0.999983788 0.005567899 0.001206799 0.572096944 -0.005572587 0.999976754 0.003917141 -0.861278534 -0.001184961 -0.003923802 0.999991596 30.349588394
0.999981284 0.005957963 0.001433470 0.580155730 -0.005963328 0.999975085 0.003768291 -0.873819828 -0.001410983 -0.003776768 0.999991834 30.900455475
0.999982417 0.005878909 0.000661342 0.601079106 -0.005881888 0.999972165 0.004595132 -0.893762589 -0.000634310 -0.004598942 0.999989212 31.420930862
0.999974012 0.007124985 0.001054088 0.603654265 -0.007129589 0.999964774 0.004429480 -0.904762626 -0.001022491 -0.004436880 0.999989629 31.970405579
0.999981880 0.005982597 0.000681349 0.616442740 -0.005985301 0.999973953 0.004036989 -0.917651415 -0.000657180 -0.004040994 0.999991596 32.522125244
0.999979615 0.006309769 0.001007213 0.618233562 -0.006313931 0.999971330 0.004183709 -0.933612883 -0.000980786 -0.004189983 0.999990642 33.059268951
0.999976873 0.006673572 0.001389108 0.623680711 -0.006680536 0.999964833 0.005069287 -0.954407990 -0.001355229 -0.005078449 0.999986172 33.601829529
0.999980271 0.006267613 0.000392031 0.638323545 -0.006269237 0.999971151 0.004288434 -0.956004381 -0.000365141 -0.004290806 0.999990702 34.149166107
0.999978185 0.006593487 0.000602804 0.644316554 -0.006596290 0.999966860 0.004770736 -0.969945192 -0.000571328 -0.004774606 0.999988437 34.696170807
0.999984562 0.005536498 -0.000523616 0.664151371 -0.005534220 0.999975681 0.004253974 -0.990346074 0.000547155 -0.004251010 0.999990821 35.225189209
0.999986947 0.005064006 -0.000658443 0.690205097 -0.005061242 0.999978721 0.004132925 -0.999960899 0.000679358 -0.004129537 0.999991179 35.748630524
0.999979198 0.006441439 -0.000358275 0.697744429 -0.006439865 0.999970317 0.004231903 -1.012523890 0.000385524 -0.004229508 0.999991000 36.311550140
0.999972761 0.007368863 0.000197257 0.700123489 -0.007369656 0.999963284 0.004379250 -1.026079059 -0.000164980 -0.004380584 0.999990404 36.867668152
0.999970555 0.007672073 0.000225849 0.710934937 -0.007672912 0.999962628 0.003974596 -1.035645366 -0.000195347 -0.003976212 0.999992132 37.409576416
0.999968350 0.007959638 -0.000131424 0.727971971 -0.007959021 0.999959588 0.004171484 -1.057601929 0.000164622 -0.004170306 0.999991357 37.937416077
0.999977887 0.006643610 -0.000030839 0.729986131 -0.006643403 0.999967694 0.004526169 -1.076439500 0.000060908 -0.004525863 0.999989748 38.479888916
0.999980211 0.006197202 -0.001063110 0.746298909 -0.006192720 0.999972165 0.004170067 -1.086965084 0.001088923 -0.004163400 0.999990821 39.024536133
0.999979079 0.006442228 -0.000564513 0.747590721 -0.006439658 0.999969363 0.004443367 -1.099241853 0.000593121 -0.004439639 0.999989927 39.575649261
0.999980628 0.006221633 -0.000205910 0.767896593 -0.006220526 0.999968112 0.004998881 -1.122053742 0.000237005 -0.004997503 0.999987483 40.125514984
0.999983430 0.005717831 -0.000646160 0.785680234 -0.005714135 0.999968112 0.005585336 -1.143636346 0.000678076 -0.005581551 0.999984205 40.667121887
0.999982715 0.005828856 -0.000830532 0.797818065 -0.005824458 0.999969482 0.005202021 -1.147830725 0.000860829 -0.005197093 0.999986172 41.219783783
0.999974608 0.007123600 0.000266433 0.783708394 -0.007124793 0.999963224 0.004780390 -1.145108581 -0.000232369 -0.004782168 0.999988616 41.760803223
0.999974012 0.007189032 0.000556657 0.802815795 -0.007191604 0.999962747 0.004767689 -1.173512578 -0.000522361 -0.004771568 0.999988496 42.264808655
0.999975502 0.006997025 0.000325312 0.816239476 -0.006998482 0.999964297 0.004720791 -1.184473038 -0.000292269 -0.004722952 0.999988854 42.817283630
0.999971509 0.007514946 0.000766531 0.825890481 -0.007518602 0.999959767 0.004883540 -1.200402617 -0.000729800 -0.004889165 0.999987841 43.347106934
0.999974191 0.007129251 0.000915737 0.833478212 -0.007133580 0.999962986 0.004814694 -1.216392994 -0.000881378 -0.004821101 0.999988019 43.873050690
0.999966860 0.008049408 0.001183710 0.856513679 -0.008054114 0.999959409 0.004025835 -1.221933007 -0.001151256 -0.004035234 0.999991238 44.422977448
0.999969900 0.007652434 0.001280084 0.846868455 -0.007658921 0.999957383 0.005142595 -1.250622630 -0.001240676 -0.005152244 0.999985933 44.967201233
0.999968231 0.007904498 0.000940216 0.870198190 -0.007908448 0.999959707 0.004274090 -1.247318268 -0.000906393 -0.004281391 0.999990404 45.535171509
0.999968648 0.007846772 0.001045795 0.880000591 -0.007851236 0.999959826 0.004334063 -1.259266138 -0.001011745 -0.004342138 0.999990046 46.077182770
0.999969840 0.007630540 0.001408383 0.873463631 -0.007637460 0.999958396 0.004975260 -1.284902573 -0.001370361 -0.004985866 0.999986589 46.573127747
0.999965906 0.008171399 0.001195286 0.885985315 -0.008177710 0.999952137 0.005373668 -1.293874860 -0.001151318 -0.005383259 0.999984860 47.118400574
0.999964952 0.008273134 0.001270395 0.890438259 -0.008279256 0.999953747 0.004891996 -1.304940820 -0.001229864 -0.004902342 0.999987185 47.681713104
0.999968529 0.007735622 0.001755983 0.904509842 -0.007743089 0.999960780 0.004285367 -1.316741705 -0.001722764 -0.004298829 0.999989271 48.220485687
0.999960303 0.008774300 0.001523785 0.912551820 -0.008780732 0.999952376 0.004266347 -1.331810832 -0.001486278 -0.004279559 0.999989688 48.767295837
0.999972045 0.007225598 0.001933604 0.929002047 -0.007234329 0.999963462 0.004547495 -1.343740225 -0.001900675 -0.004561357 0.999987721 49.297996521
0.999960303 0.008615514 0.002257878 0.938695073 -0.008626017 0.999951839 0.004683654 -1.360498786 -0.002217417 -0.004702945 0.999986470 49.827724457
0.999953389 0.009407568 0.002182001 0.943800449 -0.009416910 0.999946356 0.004311975 -1.370757103 -0.002141319 -0.004332322 0.999988317 50.365692139
0.999958515 0.008730351 0.002586433 0.956641853 -0.008742134 0.999951303 0.004580937 -1.384333253 -0.002546313 -0.004603358 0.999986172 50.892955780
0.999958038 0.008680645 0.002913069 0.969280243 -0.008694830 0.999950230 0.004892492 -1.398001909 -0.002870454 -0.004917615 0.999983788 51.436965942
0.999952972 0.009237918 0.002954070 0.974803686 -0.009252286 0.999945223 0.004887399 -1.408354044 -0.002908759 -0.004914500 0.999983668 51.977470398
0.999946058 0.009826186 0.003364439 0.978567123 -0.009842020 0.999940336 0.004722374 -1.423599601 -0.003317836 -0.004755232 0.999983191 52.512023926
0.999942541 0.010062881 0.003682798 0.979556322 -0.010080223 0.999938071 0.004721255 -1.438501120 -0.003635060 -0.004758107 0.999982059 53.041278839
0.999949574 0.009417040 0.003474568 0.999181628 -0.009433749 0.999943852 0.004824618 -1.451885462 -0.003428939 -0.004857155 0.999982297 53.597446442
0.999944091 0.010001205 0.003439078 1.013673782 -0.010015828 0.999940753 0.004261343 -1.464275479 -0.003396256 -0.004295550 0.999984980 54.127677917
0.999936461 0.010434665 0.004251174 1.013755918 -0.010452613 0.999936402 0.004221856 -1.476344228 -0.004206850 -0.004266023 0.999982059 54.664119720
0.999936879 0.010456054 0.004106089 1.029052854 -0.010471962 0.999937654 0.003872143 -1.487197161 -0.004065346 -0.003914897 0.999984026 55.215312958
0.999935687 0.010491487 0.004293450 1.039474487 -0.010509205 0.999936223 0.004125478 -1.499019861 -0.004249895 -0.004170334 0.999982238 55.745532990
0.999928892 0.011062134 0.004450523 1.045590758 -0.011080223 0.999930382 0.004060848 -1.510403156 -0.004405291 -0.004109873 0.999981880 56.283542633
0.999935448 0.010486358 0.004370958 1.061645150 -0.010504895 0.999935746 0.004239457 -1.527886152 -0.004326221 -0.004285100 0.999981463 56.811466217
0.999931395 0.010791665 0.004548814 1.070940733 -0.010810520 0.999932885 0.004141381 -1.542977095 -0.004503816 -0.004190272 0.999981046 57.342948914
0.999930263 0.010889626 0.004559052 1.084590793 -0.010908650 0.999931812 0.004168694 -1.552597165 -0.004513346 -0.004218138 0.999980867 57.879642487
0.999936044 0.010445040 0.004343649 1.105180740 -0.010463411 0.999936283 0.004228519 -1.567535877 -0.004299207 -0.004273698 0.999981582 58.413127899
0.999935687 0.010561774 0.004115573 1.110890388 -0.010581333 0.999932706 0.004759497 -1.580139160 -0.004065028 -0.004802740 0.999980211 58.956478119
0.999919474 0.011371496 0.005617553 1.111989498 -0.011393316 0.999927640 0.003867825 -1.589168787 -0.005573163 -0.003931516 0.999976754 59.464927673
0.999941409 0.010224946 0.003521769 1.138083696 -0.010236037 0.999942660 0.003146589 -1.598092079 -0.003489393 -0.003182454 0.999988914 60.009525299
0.999915481 0.011742268 0.005578709 1.140207171 -0.011763018 0.999923944 0.003700995 -1.610879898 -0.005534827 -0.003766304 0.999977529 60.545944214
0.999909401 0.012186187 0.005717362 1.150920868 -0.012206553 0.999919176 0.003540478 -1.622305989 -0.005673756 -0.003609947 0.999977410 61.068485260
0.999908566 0.012152562 0.005925503 1.171367526 -0.012171080 0.999921083 0.003098989 -1.630856633 -0.005887376 -0.003170826 0.999977648 61.616172791
0.999913454 0.011793417 0.005821632 1.183043718 -0.011814084 0.999923944 0.003527921 -1.649326921 -0.005779583 -0.003596393 0.999976814 62.126560211
0.999900639 0.012475361 0.006563093 1.191511631 -0.012497634 0.999916255 0.003363689 -1.661166430 -0.006520579 -0.003445379 0.999972820 62.667984009
0.999894917 0.013008153 0.006402309 1.204081297 -0.013031226 0.999908686 0.003574994 -1.674383163 -0.006355220 -0.003658048 0.999973118 63.203350067
0.999896288 0.012852394 0.006499704 1.216673255 -0.012871607 0.999912858 0.002922879 -1.683407187 -0.006461572 -0.003006237 0.999974549 63.728229523
0.999887943 0.013307876 0.006854865 1.229844928 -0.013329765 0.999906123 0.003157569 -1.698086500 -0.006812202 -0.003248589 0.999971509 64.251449585
0.999886990 0.013453637 0.006709609 1.241972208 -0.013474564 0.999904394 0.003083118 -1.709044337 -0.006667489 -0.003173180 0.999972761 64.781600952
0.999890983 0.013058493 0.006893602 1.256124377 -0.013079389 0.999909997 0.002995155 -1.723116279 -0.006853869 -0.003084993 0.999971747 65.308547974
0.999885142 0.013454680 0.006976609 1.269400001 -0.013474234 0.999905407 0.002763661 -1.736681938 -0.006938765 -0.002857347 0.999971807 65.849250793
0.999885559 0.013284133 0.007219207 1.276432872 -0.013306068 0.999906898 0.002999064 -1.750259042 -0.007178694 -0.003094780 0.999969423 66.378250122
0.999879479 0.013665781 0.007370172 1.289477229 -0.013689044 0.999901474 0.003114910 -1.765463352 -0.007326879 -0.003215425 0.999967992 66.899917603
0.999884248 0.013387538 0.007227821 1.309227228 -0.013409276 0.999905646 0.002966803 -1.777005196 -0.007187423 -0.003063380 0.999969482 67.434272766
0.999882758 0.013540779 0.007150084 1.322518110 -0.013561202 0.999904096 0.002815503 -1.793511033 -0.007111274 -0.002912137 0.999970496 67.968193054
0.999873459 0.014010546 0.007524206 1.332441330 -0.014030605 0.999898076 0.002619289 -1.803748012 -0.007486743 -0.002724527 0.999968290 68.487869263
0.999881804 0.013486990 0.007383362 1.344250202 -0.013507703 0.999904931 0.002762845 -1.814146280 -0.007345399 -0.002862251 0.999968946 69.008384705
0.999872267 0.014058625 0.007605263 1.357921600 -0.014076777 0.999898195 0.002338417 -1.832288504 -0.007571613 -0.002445175 0.999968290 69.536193848
0.999867797 0.014060135 0.008167401 1.366301417 -0.014079186 0.999898255 0.002279827 -1.845902443 -0.008134516 -0.002394515 0.999964058 70.091796875
0.999858797 0.014255916 0.008905158 1.378011584 -0.014272089 0.999896526 0.001754961 -1.855767131 -0.008879220 -0.001881808 0.999958754 70.654457092
0.999872744 0.013773226 0.008047122 1.400766015 -0.013790840 0.999902606 0.002137726 -1.874974489 -0.008016895 -0.002248430 0.999965310 71.112968445
0.999878585 0.013456390 0.007850617 1.414628744 -0.013477340 0.999905705 0.002621996 -1.892482400 -0.007814595 -0.002727483 0.999965668 71.642967224
0.999868155 0.014074139 0.008087473 1.425115705 -0.014091461 0.999898434 0.002088688 -1.905254602 -0.008057255 -0.002202377 0.999965012 72.201606750
0.999872267 0.013741439 0.008160147 1.438634515 -0.013758903 0.999903142 0.002088414 -1.915986776 -0.008130659 -0.002200422 0.999964535 72.713272095
0.999864221 0.014337209 0.008121432 1.449763656 -0.014358057 0.999893785 0.002514118 -1.933089495 -0.008084523 -0.002630385 0.999963880 73.242202759
0.999867857 0.014133050 0.008030799 1.467410564 -0.014149941 0.999897897 0.002050546 -1.947942734 -0.008000998 -0.002163911 0.999965668 73.773887634
0.999863684 0.014315051 0.008218210 1.484274387 -0.014334223 0.999894798 0.002278925 -1.960931063 -0.008184721 -0.002396416 0.999963641 74.304840088
0.999866307 0.014334127 0.007866305 1.501902819 -0.014350815 0.999894917 0.002069118 -1.973823309 -0.007835820 -0.002181730 0.999966979 74.864166260
0.999861658 0.014421795 0.008290001 1.519429922 -0.014440981 0.999893308 0.002259116 -1.992653012 -0.008256535 -0.002378520 0.999963105 75.367256165
0.999861240 0.014474044 0.008247369 1.532678127 -0.014493032 0.999892473 0.002247128 -2.006910086 -0.008213957 -0.002366346 0.999963462 75.901168823
0.999867976 0.013914489 0.008392349 1.547012806 -0.013934262 0.999900222 0.002302287 -2.024692535 -0.008359477 -0.002418924 0.999962151 76.430923462
0.999856412 0.014609396 0.008579247 1.557975769 -0.014628605 0.999890685 0.002180543 -2.037884474 -0.008546453 -0.002305733 0.999960780 76.980537415
0.999859214 0.014531672 0.008387215 1.571961641 -0.014554050 0.999890625 0.002613648 -2.055622101 -0.008348318 -0.002735348 0.999961436 77.493232727
0.999861062 0.014431912 0.008341080 1.595633268 -0.014450838 0.999893010 0.002213414 -2.068522692 -0.008308245 -0.002333642 0.999962747 78.024047852
0.999850631 0.014973626 0.008636222 1.609884739 -0.014988987 0.999886096 0.001716751 -2.078054428 -0.008609533 -0.001845943 0.999961197 78.572029114
0.999860823 0.014446327 0.008356608 1.629336119 -0.014467941 0.999892116 0.002531622 -2.095324516 -0.008319136 -0.002652172 0.999961853 79.108345032
0.999871314 0.013869358 0.008063085 1.644409895 -0.013890635 0.999900162 0.002588865 -2.113425970 -0.008026376 -0.002700533 0.999964118 79.642761230
0.999845982 0.014834573 0.009377911 1.656863451 -0.014859556 0.999886215 0.002600214 -2.126652956 -0.009338271 -0.002739165 0.999952674 80.186248779
0.999839783 0.014574043 0.010398178 1.673725724 -0.014602335 0.999889910 0.002650269 -2.145060301 -0.010358408 -0.002801681 0.999942422 80.730438232
0.999839544 0.013954592 0.011231993 1.714538813 -0.013979682 0.999899864 0.002158497 -2.154514790 -0.011200749 -0.002315171 0.999934554 81.303665161
0.999811411 0.014877267 0.012484964 1.723896980 -0.014909619 0.999885678 0.002502387 -2.169898987 -0.012446310 -0.002688061 0.999918878 81.855865479
0.999760151 0.015037912 0.015922045 1.751359224 -0.015080819 0.999882936 0.002578074 -2.192027092 -0.015881414 -0.002817573 0.999869883 82.365356445
0.999718249 0.014421438 0.018854562 1.782797694 -0.014467373 0.999892712 0.002302143 -2.206415415 -0.018819338 -0.002574270 0.999819517 82.903221130
0.999654710 0.014251148 0.022073535 1.812169075 -0.014308108 0.999894679 0.002424456 -2.220336437 -0.022036657 -0.002739449 0.999753416 83.441314697
0.999564052 0.013904213 0.026046045 1.844688416 -0.013980258 0.999898612 0.002740037 -2.235706329 -0.026005303 -0.003102973 0.999656916 83.997688293
0.999388695 0.013931423 0.032064069 1.878670216 -0.014025449 0.999897957 0.002709297 -2.252039194 -0.032023057 -0.003157354 0.999482095 84.530166626
0.999176919 0.014140126 0.038020413 1.915239096 -0.014242909 0.999895632 0.002433796 -2.267659187 -0.037982035 -0.002973314 0.999273956 85.072067261
0.998901129 0.014345890 0.044617668 1.950819731 -0.014470183 0.999892354 0.002463991 -2.282632589 -0.044577524 -0.003106909 0.999001086 85.617736816
0.998517275 0.014413731 0.052492909 1.998506308 -0.014555614 0.999891341 0.002321572 -2.299208641 -0.052453741 -0.003082196 0.998618603 86.171508789
0.998023212 0.014247728 0.061209317 2.052010059 -0.014392073 0.999894619 0.001917964 -2.310933590 -0.061175533 -0.002795101 0.998123229 86.736167908
0.997560740 0.014054559 0.068375327 2.108204126 -0.014234139 0.999896467 0.002139849 -2.328563452 -0.068338156 -0.003107892 0.997657418 87.272529602
0.996922553 0.013877338 0.077154629 2.164402962 -0.014039322 0.999900222 0.001557431 -2.339101315 -0.077125318 -0.002635836 0.997017920 87.841369629
0.996163309 0.012877365 0.086561419 2.241003036 -0.013016074 0.999914587 0.001038176 -2.353298426 -0.086540662 -0.002160883 0.996245921 88.359558105
0.995325804 0.013316587 0.095650658 2.314711094 -0.013517843 0.999907553 0.001456400 -2.377524137 -0.095622398 -0.002742583 0.995414019 88.943778992
0.994569421 0.013319625 0.103218272 2.389698505 -0.013522406 0.999907732 0.001265053 -2.395919561 -0.103191890 -0.002653942 0.994657934 89.478660583
0.993594825 0.011887872 0.112374507 2.488076210 -0.012056110 0.999926925 0.000817647 -2.410849810 -0.112356581 -0.002167209 0.993665516 90.050498962
0.992361784 0.012366947 0.122740671 2.577136040 -0.012591195 0.999920130 0.001051472 -2.423137188 -0.122717887 -0.002588892 0.992438257 90.593910217
0.991172791 0.011217692 0.132101148 2.679006577 -0.011381900 0.999935091 0.000487982 -2.443347216 -0.132087097 -0.001987237 0.991236091 91.163436890
0.989593506 0.011391768 0.143439665 2.774663925 -0.011613586 0.999932289 0.000709226 -2.463063478 -0.143421888 -0.002367695 0.989658833 91.689048767
0.987647533 0.011481873 0.156270474 2.893294334 -0.011708282 0.999931276 0.000528359 -2.481552124 -0.156253710 -0.002351491 0.987714171 92.291511536
0.985915780 0.011255653 0.166863069 3.010979652 -0.011516370 0.999933422 0.000594907 -2.494856596 -0.166845292 -0.002508186 0.985979974 92.847953796
0.984008133 0.011250276 0.177767441 3.128097534 -0.011444226 0.999934435 0.000065656 -2.511186123 -0.177755013 -0.002099017 0.984072506 93.408363342
0.981731594 0.010726891 0.189968437 3.261741638 -0.010940379 0.999940097 0.000075107 -2.529931307 -0.189956248 -0.002152061 0.981790304 93.929618835
0.979161084 0.010854626 0.202794746 3.388982773 -0.011011350 0.999939322 -0.000355442 -2.544710159 -0.202786312 -0.001885009 0.979221225 94.492401123
0.977060378 0.010613653 0.212697998 3.524206161 -0.010832625 0.999941289 -0.000135885 -2.561824560 -0.212686941 -0.002171310 0.977118015 95.024864197
0.974115133 0.010354702 0.225814745 3.675252914 -0.010629934 0.999943495 0.000002946 -2.579571009 -0.225801975 -0.002403266 0.974170268 95.550628662
0.970871150 0.010267942 0.239381775 3.836978912 -0.010509887 0.999944746 -0.000265804 -2.599159956 -0.239371270 -0.002257813 0.970925510 96.138137817
0.968119204 0.009672954 0.250302911 3.994823456 -0.009789592 0.999951780 -0.000779044 -2.606598854 -0.250298351 -0.001696156 0.968167245 96.659904480
0.965276539 0.009285959 0.261065006 4.174942017 -0.009577742 0.999954045 -0.000154619 -2.641292810 -0.261054486 -0.002351162 0.965321183 97.122520447
0.961388588 0.009568712 0.275028020 4.342788696 -0.009840980 0.999951422 -0.000389934 -2.655360699 -0.275018483 -0.002331667 0.961436093 97.756378174
0.957894623 0.009211286 0.286972046 4.527376175 -0.009377575 0.999955654 -0.000795024 -2.667923212 -0.286966681 -0.001929553 0.957938612 98.288177490
0.954205692 0.009031204 0.299015075 4.709743500 -0.009286161 0.999956667 -0.000568222 -2.681713343 -0.299007267 -0.002234502 0.954248190 98.810180664
0.949679613 0.008758289 0.313100427 4.926605225 -0.009117820 0.999958396 -0.000315923 -2.721072674 -0.313090116 -0.002554767 0.949719906 99.396408081
0.945164740 0.006836792 0.326522499 5.137516022 -0.007041600 0.999975085 -0.000554782 -2.734565258 -0.326518148 -0.001774881 0.945189297 99.912780762
0.941165924 0.007582187 0.337859571 5.350770950 -0.007770672 0.999969482 -0.000794601 -2.742890120 -0.337855309 -0.001877545 0.941196084 100.405952454
0.935996830 0.008255150 0.351911604 5.552064896 -0.008647516 0.999962509 -0.000456912 -2.767654181 -0.351902217 -0.002615493 0.936033070 100.946884155
0.930678964 0.006603606 0.365777344 5.827041626 -0.006496213 0.999977708 -0.001524339 -2.793226004 -0.365779251 -0.000957498 0.930701137 101.585037231
0.925489783 0.006927079 0.378709286 6.053615570 -0.006859044 0.999975264 -0.001528695 -2.809649706 -0.378710538 -0.001182793 0.925514400 102.099517822
0.920888901 0.006029861 0.389778703 6.292444229 -0.005916100 0.999981403 -0.001492333 -2.820546150 -0.389780492 -0.000931697 0.920907259 102.615341187
0.914830148 0.005901177 0.403795779 6.543724060 -0.005928623 0.999981701 -0.001182247 -2.843116283 -0.403795302 -0.001312398 0.914848387 103.108558655
0.909246385 0.005247006 0.416225255 6.800624847 -0.004998639 0.999985993 -0.001686437 -2.855546713 -0.416228205 -0.000547173 0.909259975 103.599487305
0.903731346 0.005780341 0.428061217 7.037895203 -0.005825545 0.999982238 -0.001204297 -2.875187159 -0.428060591 -0.001405328 0.903748930 104.075996399
0.897788227 0.005647510 0.440391093 7.320659637 -0.005674793 0.999983132 -0.001254914 -2.895460129 -0.440390825 -0.001372482 0.897805095 104.606170654
0.891206980 0.004962800 0.453569680 7.591655731 -0.004820034 0.999987245 -0.001470754 -2.910537958 -0.453571200 -0.000875475 0.891219616 105.091072083
0.884956837 0.005516612 0.465640336 7.864891052 -0.005013605 0.999984801 -0.002318749 -2.921657801 -0.465645999 -0.000282544 0.884971142 105.574020386
0.879107773 0.004779198 0.476599038 8.131580353 -0.004763809 0.999987841 -0.001240536 -2.950565100 -0.476599216 -0.001179861 0.879119933 106.004096985
0.871391416 0.004521936 0.490567625 8.447414398 -0.004469376 0.999989331 -0.001278745 -2.974888086 -0.490568072 -0.001078244 0.871402144 106.506690979
