1.000000000 0.000000000 0.000000000 0.000000000 0.000000000 1.000000000 0.000000000 0.000000000 0.000000000 0.000000000 1.000000000 0.000000000
1.000000000 0.000071120 0.000108949 -0.003186612 -0.000071102 1.000000000 -0.000171666 0.004192544 -0.000108961 0.000171659 1.000000000 0.003845752
1.000000000 0.000064830 0.000066489 -0.002293615 -0.000064819 1.000000000 -0.000168677 0.002827749 -0.000066500 0.000168673 1.000000000 0.000955628
0.999999940 0.000300991 0.000141041 -0.000824553 -0.000300970 0.999999940 -0.000144081 0.003384355 -0.000141084 0.000144039 1.000000000 -0.001995865
1.000000000 0.000192080 0.000044745 0.002179048 -0.000192076 1.000000000 -0.000073352 0.002037684 -0.000044759 0.000073343 1.000000000 -0.001447240
1.000000000 0.000066294 0.000012146 0.001001599 -0.000066294 1.000000000 0.000022696 0.001605723 -0.000012145 -0.000022697 1.000000000 -0.003244649
1.000000000 0.000006139 0.000080058 -0.002539874 -0.000006130 1.000000000 -0.000113216 0.001700184 -0.000080059 0.000113215 1.000000000 -0.002156264
1.000000000 -0.000033895 -0.000039526 0.000564334 0.000033894 1.000000000 -0.000028079 0.001747684 0.000039527 0.000028078 1.000000000 -0.002638248
1.000000000 -0.000005153 0.000125099 -0.005339738 0.000005174 1.000000000 -0.000166066 0.003960350 -0.000125098 0.000166067 1.000000000 0.004096697
0.999999940 0.000174098 0.000233059 -0.005371867 -0.000174061 1.000000000 -0.000161749 0.003252502 -0.000233087 0.000161708 0.999999940 -0.000906303
0.999999940 0.000223161 0.000179231 -0.002160289 -0.000223126 0.999999940 -0.000196101 0.003635310 -0.000179275 0.000196061 0.999999940 -0.000720606
0.999999940 0.000220616 0.000164309 -0.002532620 -0.000220599 1.000000000 -0.000100856 0.003323560 -0.000164331 0.000100819 1.000000000 -0.002190509
1.000000000 0.000091357 0.000188816 -0.004941503 -0.000091348 1.000000000 -0.000052325 0.000418557 -0.000188821 0.000052308 1.000000000 -0.003242296
1.000000000 -0.000025662 0.000116077 -0.002832788 0.000025669 1.000000000 -0.000059895 0.000163752 -0.000116075 0.000059898 1.000000000 -0.001785428
1.000000000 0.000059665 0.000059698 -0.000464113 -0.000059659 1.000000000 -0.000095592 0.002048841 -0.000059703 0.000095589 1.000000000 -0.004337565
1.000000000 -0.000154410 -0.000074045 0.001582795 0.000154411 1.000000000 0.000024324 0.000674978 0.000074041 -0.000024335 1.000000000 -0.005918657
0.999999940 -0.000315010 -0.000004908 -0.002528461 0.000315010 0.999999940 -0.000095143 0.000435018 0.000004938 0.000095141 1.000000000 -0.004828069
1.000000000 -0.000113866 0.000002148 0.000594019 0.000113866 1.000000000 0.000011543 -0.000574158 -0.000002150 -0.000011542 1.000000000 -0.007999802
1.000000000 0.000088459 -0.000017659 0.000119760 -0.000088459 1.000000000 0.000050778 0.001431126 0.000017663 -0.000050776 1.000000000 -0.007912908
1.000000000 -0.000118363 -0.000037537 -0.001751483 0.000118362 1.000000000 -0.000035671 -0.000212909 0.000037542 0.000035667 1.000000000 -0.006821484
1.000000000 0.000013270 0.000043385 -0.000705532 -0.000013266 1.000000000 -0.000082169 0.001397611 -0.000043386 0.000082169 1.000000000 -0.008051043
1.000000000 -0.000143255 0.000051198 -0.000901695 0.000143255 1.000000000 0.000006707 -0.000531163 -0.000051199 -0.000006699 1.000000000 -0.005672743
1.000000000 0.000109575 0.000166013 -0.006428064 -0.000109543 1.000000000 -0.000198626 0.003244489 -0.000166035 0.000198607 0.999999940 0.002089336
1.000000000 -0.000095878 -0.000067380 0.000185839 0.000095870 1.000000000 -0.000111033 0.000586725 0.000067390 0.000111027 1.000000000 0.000491262
1.000000000 -0.000060389 0.000039599 -0.001356653 0.000060389 1.000000000 -0.000007006 0.002249095 -0.000039599 0.000007009 1.000000000 0.000506627
1.000000000 0.000051933 -0.000042901 0.002369899 -0.000051937 1.000000000 -0.000112198 0.002984827 0.000042895 0.000112200 1.000000000 -0.006905910
1.000000000 -0.000077860 0.000082246 -0.001921657 0.000077867 1.000000000 -0.000092100 0.002419134 -0.000082239 0.000092106 1.000000000 -0.004535818
0.999999940 0.000222060 0.000239840 -0.005568595 -0.000222006 0.999999940 -0.000227660 0.003275586 -0.000239890 0.000227607 0.999999940 0.000706047
1.000000000 0.000026921 0.000148895 -0.004607986 -0.000026917 1.000000000 -0.000031621 0.002365027 -0.000148896 0.000031617 1.000000000 0.001079542
1.000000000 -0.000139156 0.000053994 -0.004660857 0.000139162 1.000000000 -0.000110344 0.005542065 -0.000053978 0.000110351 1.000000000 0.002490158
1.000000000 -0.000065422 0.000058396 -0.003919195 0.000065427 1.000000000 -0.000085239 0.002472905 -0.000058391 0.000085242 1.000000000 0.001520533
1.000000000 -0.000164246 0.000097849 -0.003713051 0.000164241 1.000000000 0.000049737 0.001187562 -0.000097857 -0.000049721 1.000000000 0.000347043
1.000000000 -0.000174939 0.000107997 -0.005002244 0.000174936 1.000000000 0.000030663 0.001377278 -0.000108002 -0.000030644 1.000000000 -0.002209011
1.000000000 -0.000168461 0.000013119 -0.002452293 0.000168460 1.000000000 0.000038784 0.001697002 -0.000013125 -0.000038782 1.000000000 -0.002124476
1.000000000 0.000066008 0.000081355 -0.004088704 -0.000065999 1.000000000 -0.000113294 0.001433068 -0.000081363 0.000113289 1.000000000 0.000084132
1.000000000 0.000052003 0.000185354 -0.005331817 -0.000051986 1.000000000 -0.000087415 0.002795750 -0.000185358 0.000087405 1.000000000 0.001442538
1.000000000 -0.000204780 -0.000118808 0.002553603 0.000204796 1.000000000 0.000131673 -0.000406451 0.000118781 -0.000131698 1.000000000 -0.012266397
1.000000000 -0.000047592 0.000082795 -0.003869864 0.000047613 0.999999940 -0.000259558 0.004568878 -0.000082783 0.000259562 0.999999940 0.001790765
1.000000000 -0.000189399 0.000117149 -0.003548243 0.000189398 1.000000000 0.000010972 0.001627935 -0.000117151 -0.000010950 1.000000000 0.000155333
1.000000000 -0.000028338 -0.000056722 0.001630241 0.000028350 1.000000000 0.000213329 -0.002248265 0.000056716 -0.000213330 1.000000000 -0.009606858
0.999999940 -0.000298823 -0.000148689 0.000447172 0.000298829 0.999999940 0.000037738 -0.001210648 0.000148678 -0.000037783 1.000000000 -0.000938443
1.000000000 0.000089846 0.000065850 0.002490844 -0.000089808 0.999999821 -0.000571219 -0.004848171 -0.000065902 0.000571213 0.999999821 0.048622388
1.000000000 0.000038762 -0.000025678 0.000618279 -0.000038798 0.999998987 -0.001421020 -0.000372764 0.000025623 0.001421021 0.999998987 0.148784712
1.000000000 -0.000048795 -0.000064450 0.004746878 0.000048703 0.999998987 -0.001428894 -0.009768504 0.000064520 0.001428891 0.999998987 0.264512807
0.999999940 -0.000265414 0.000011923 0.002011640 0.000265431 0.999998987 -0.001413746 -0.009877491 -0.000011548 0.001413749 0.999998987 0.391995847
1.000000000 0.000041558 -0.000144991 0.007316200 -0.000041739 0.999999225 -0.001248997 -0.017737951 0.000144939 0.001249003 0.999999225 0.534255147
1.000000000 0.000031027 0.000021524 0.007898740 -0.000031008 0.999999583 -0.000901217 -0.033033863 -0.000021552 0.000901216 0.999999583 0.679662466
0.999999881 -0.000484301 -0.000084850 0.016515972 0.000484254 0.999999702 -0.000554923 -0.033393204 0.000085119 0.000554882 0.999999821 0.851635873
0.999999940 -0.000198885 -0.000309557 0.026588174 0.000198715 0.999999821 -0.000549602 -0.036597513 0.000309667 0.000549541 0.999999821 1.028570652
1.000000000 -0.000124790 -0.000205682 0.026937559 0.000124628 0.999999702 -0.000785478 -0.033789672 0.000205780 0.000785452 0.999999642 1.205247521
0.999999821 -0.000483878 -0.000379257 0.040030137 0.000483699 0.999999762 -0.000473536 -0.046725307 0.000379486 0.000473352 0.999999821 1.414359450
1.000000000 -0.000176273 -0.000161355 0.032011401 0.000176293 1.000000000 0.000121292 -0.064078316 0.000161333 -0.000121320 1.000000000 1.607012630
0.999999702 -0.000686000 -0.000074557 0.041803639 0.000686026 0.999999702 0.000343281 -0.069059446 0.000074321 -0.000343332 1.000000000 1.804749370
0.999999464 -0.000966456 -0.000229035 0.040979877 0.000966647 0.999999166 0.000834727 -0.078210436 0.000228228 -0.000834948 0.999999642 2.003978252
0.999999583 -0.000901855 -0.000037512 0.043244146 0.000901876 0.999999464 0.000550223 -0.082283549 0.000037016 -0.000550257 0.999999881 2.236489534
0.999999881 -0.000423275 0.000071058 0.048466682 0.000423212 0.999999523 0.000886952 -0.087525658 -0.000071433 -0.000886922 0.999999583 2.439232349
0.999999881 -0.000297199 0.000065142 0.054192949 0.000297133 0.999999464 0.001005992 -0.098450914 -0.000065441 -0.001005973 0.999999523 2.664162636
0.999999464 -0.001014267 -0.000092037 0.073452093 0.001014347 0.999999225 0.000875445 -0.103664562 0.000091149 -0.000875538 0.999999583 2.908852577
0.999999523 -0.000981343 -0.000069725 0.080738179 0.000981411 0.999999106 0.000975726 -0.110660963 0.000068767 -0.000975794 0.999999523 3.154666662
0.999999702 -0.000692221 -0.000303423 0.088168070 0.000692445 0.999999464 0.000738565 -0.116989456 0.000302911 -0.000738775 0.999999702 3.409552813
0.999999583 -0.000884287 -0.000114036 0.088571690 0.000884412 0.999998987 0.001103608 -0.126179591 0.000113060 -0.001103708 0.999999404 3.653826952
0.999999166 -0.001225108 -0.000327248 0.090818480 0.001225552 0.999998331 0.001358108 -0.138658270 0.000325584 -0.001358508 0.999999046 3.861423492
0.999998093 -0.001968753 -0.000329685 0.094048858 0.001969317 0.999996603 0.001720005 -0.149558619 0.000326297 -0.001720651 0.999998510 4.125648022
0.999999344 -0.001175062 -0.000187298 0.091989093 0.001175447 0.999997139 0.002066183 -0.155353650 0.000184870 -0.002066402 0.999997914 4.377510548
0.999998748 -0.001549460 -0.000121560 0.107868277 0.001549686 0.999997020 0.001880769 -0.162591740 0.000118646 -0.001880956 0.999998271 4.651466370
0.999999046 -0.001272597 0.000462417 0.097512476 0.001271495 0.999996364 0.002376054 -0.182721809 -0.000465439 -0.002375464 0.999997139 4.901054382
0.999999464 -0.001074631 0.000341695 0.110147320 0.001074058 0.999998152 0.001671366 -0.177538648 -0.000343491 -0.001670998 0.999998569 5.143409252
0.999999464 -0.000968383 0.000286223 0.117209308 0.000967813 0.999997556 0.001986003 -0.191522002 -0.000288145 -0.001985725 0.999997973 5.405296326
0.999999821 -0.000141477 0.000643112 0.107194029 0.000140367 0.999998510 0.001725583 -0.195388868 -0.000643355 -0.001725492 0.999998331 5.666899681
0.999999166 -0.001300700 0.000135683 0.122894950 0.001300467 0.999997735 0.001702856 -0.199756414 -0.000137898 -0.001702678 0.999998569 5.938514233
0.999999702 -0.000690740 0.000270235 0.130919933 0.000690263 0.999998212 0.001763486 -0.210089654 -0.000271453 -0.001763299 0.999998391 6.206951618
0.999999225 -0.001228796 0.000221185 0.135857955 0.001228364 0.999997437 0.001943569 -0.215807766 -0.000223573 -0.001943296 0.999998093 6.487973690
0.999999583 -0.000462581 0.000646852 0.134326369 0.000461424 0.999998331 0.001786815 -0.228875965 -0.000647678 -0.001786516 0.999998152 6.775259972
0.999998927 -0.001433623 0.000200247 0.151734769 0.001433322 0.999997914 0.001496451 -0.227126837 -0.000202392 -0.001496163 0.999998808 7.074390411
0.999998987 -0.001370158 0.000101644 0.161128581 0.001369927 0.999996543 0.002231900 -0.246544510 -0.000104702 -0.002231759 0.999997437 7.367692471
0.999999523 -0.000795472 0.000581681 0.166234747 0.000794208 0.999997318 0.002171009 -0.266550899 -0.000583407 -0.002170546 0.999997497 7.702091217
0.999999762 -0.000376872 0.000626391 0.178174451 0.000375426 0.999997318 0.002307379 -0.277067244 -0.000627259 -0.002307143 0.999997199 8.021748543
0.999998927 -0.001237093 0.000792236 0.174853921 0.001235116 0.999996066 0.002490395 -0.286095917 -0.000795313 -0.002489414 0.999996543 8.335803986
0.999999285 -0.000879733 0.000890990 0.186215073 0.000877865 0.999997437 0.002094346 -0.289816916 -0.000892830 -0.002093562 0.999997377 8.682720184
0.999999106 -0.000451681 0.001317960 0.184473902 0.000448247 0.999996543 0.002604628 -0.297357649 -0.001319132 -0.002604035 0.999995708 9.005175591
0.999999464 -0.000258350 0.001008859 0.193876520 0.000255880 0.999996960 0.002447981 -0.313449383 -0.001009488 -0.002447722 0.999996424 9.339772224
0.999999225 -0.001037485 0.000663506 0.209922954 0.001036005 0.999997020 0.002226502 -0.318140894 -0.000665814 -0.002225813 0.999997258 9.681088448
0.999999464 -0.000876143 0.000620151 0.215419173 0.000874706 0.999996901 0.002314982 -0.323279738 -0.000622177 -0.002314438 0.999997079 10.024961472
0.999999464 -0.000215129 0.000970240 0.218738750 0.000212670 0.999996662 0.002533684 -0.340251893 -0.000970782 -0.002533476 0.999996305 10.394492149
0.999999523 -0.000679250 0.000734718 0.232354835 0.000677222 0.999995887 0.002756707 -0.348017782 -0.000736588 -0.002756208 0.999995947 10.759286880
0.999999225 -0.001151685 0.000415857 0.253570110 0.001150518 0.999995410 0.002793635 -0.349495083 -0.000419072 -0.002793154 0.999996006 11.110388756
0.999999285 -0.000634263 0.001019078 0.250672758 0.000630821 0.999994040 0.003374953 -0.385351956 -0.001021212 -0.003374308 0.999993801 11.477715492
0.999998987 -0.001424734 0.000504857 0.267609835 0.001423248 0.999994755 0.002933313 -0.386344403 -0.000509033 -0.002932591 0.999995589 11.867675781
0.999998927 -0.001050240 0.001032167 0.269122541 0.001046793 0.999993920 0.003334525 -0.400350749 -0.001035662 -0.003333441 0.999993861 12.241055489
0.999999166 -0.000114884 0.001317588 0.269547224 0.000110654 0.999994814 0.003210103 -0.408797026 -0.001317949 -0.003209954 0.999993980 12.621984482
0.999999464 -0.000578943 0.000880150 0.290158540 0.000576056 0.999994516 0.003276442 -0.418142676 -0.000882042 -0.003275933 0.999994218 13.022630692
0.999999166 -0.001221326 0.000428043 0.312180966 0.001219819 0.999993145 0.003503833 -0.428297222 -0.000432319 -0.003503307 0.999993742 13.401596069
0.999997795 0.000885541 0.001907818 0.309462279 -0.000892953 0.999992132 0.003887486 -0.452382118 -0.001904360 -0.003889181 0.999990582 13.824538231
0.999998212 0.000282390 0.001880512 0.315436870 -0.000289993 0.999991834 0.004044268 -0.473310262 -0.001879354 -0.004044806 0.999989986 14.248865128
0.999997616 -0.001992033 0.000893674 0.333246827 0.001988024 0.999988079 0.004464819 -0.513115287 -0.000902558 -0.004463031 0.999989629 14.581783295
0.999998629 -0.001476678 0.000787295 0.346378028 0.001472816 0.999987066 0.004884070 -0.526698649 -0.000794497 -0.004882903 0.999987781 14.985964775
0.999994993 -0.003134499 0.000485243 0.363033295 0.003132173 0.999983966 0.004721261 -0.535814881 -0.000500034 -0.004719716 0.999988735 15.413820267
0.999997795 -0.001685110 0.001322036 0.378054947 0.001679696 0.999990165 0.004086469 -0.541210413 -0.001328909 -0.004084238 0.999990761 15.890251160
0.999997318 -0.000987519 0.002107888 0.368217081 0.000978103 0.999989569 0.004463459 -0.553541660 -0.002112274 -0.004461385 0.999987841 16.361352921
0.999997199 -0.001972413 0.001359812 0.390580744 0.001966034 0.999987125 0.004676657 -0.555208385 -0.001369019 -0.004673969 0.999988139 16.800086975
0.999996960 -0.001771838 0.001721137 0.383145690 0.001764767 0.999989986 0.004101029 -0.568783343 -0.001728386 -0.004097980 0.999990046 17.182233810
0.999997497 -0.001481878 0.001673536 0.402355731 0.001474808 0.999989986 0.004217343 -0.585911334 -0.001679769 -0.004214864 0.999989688 17.705856323
0.999995172 -0.001442668 0.002728979 0.388466775 0.001428487 0.999985456 0.005191514 -0.628615022 -0.002736429 -0.005187591 0.999982715 18.049169540
0.999992907 -0.002657745 0.002670565 0.408801496 0.002644201 0.999983668 0.005062608 -0.635941803 -0.002683976 -0.005055511 0.999983609 18.518959045
0.999993980 -0.002147436 0.002719988 0.421413273 0.002133194 0.999984026 0.005228011 -0.648195267 -0.002731172 -0.005222177 0.999982595 18.988904953
0.999993682 -0.001929598 0.002964909 0.434570491 0.001912939 0.999982417 0.005611270 -0.663641632 -0.002975685 -0.005605563 0.999979854 19.462968826
0.999992251 -0.000870960 0.003821582 0.439776838 0.000847181 0.999980390 0.006219442 -0.679421663 -0.003826924 -0.006216156 0.999973297 19.975429535
0.999989986 0.000058649 0.004475193 0.442260414 -0.000085190 0.999982476 0.005930758 -0.694249213 -0.004474767 -0.005931080 0.999972403 20.451436996
0.999994397 -0.002372512 0.002373726 0.482278109 0.002357874 0.999978304 0.006150455 -0.718200982 -0.002388267 -0.006144825 0.999978244 20.868833542
0.999996126 -0.002301100 0.001587279 0.492103785 0.002291626 0.999979734 0.005945156 -0.721395791 -0.001600928 -0.005941496 0.999981105 21.359598160
0.999996245 -0.001735313 0.002088976 0.495338023 0.001723861 0.999983490 0.005471359 -0.727686822 -0.002098436 -0.005467738 0.999982834 21.909210205
0.999996781 -0.001802618 0.001826148 0.505547404 0.001790945 0.999978065 0.006373795 -0.751961887 -0.001837597 -0.006370504 0.999978065 22.423578262
0.999994993 -0.003095255 0.000668919 0.505712628 0.003090711 0.999972820 0.006689525 -0.772975981 -0.000689607 -0.006687423 0.999977410 22.814062119
0.999996126 -0.002809640 -0.000273863 0.515365303 0.002811324 0.999975801 0.006352989 -0.781113565 0.000256007 -0.006353732 0.999979794 23.353698730
0.999997854 -0.002055750 0.000194137 0.509203970 0.002054676 0.999983370 0.005382099 -0.789628029 -0.000205198 -0.005381688 0.999985516 23.907361984
0.999997616 -0.002073403 -0.000639177 0.518717051 0.002077360 0.999978244 0.006252666 -0.809105039 0.000626199 -0.006253979 0.999980271 24.323352814
0.999997914 -0.001694972 -0.001123629 0.528940141 0.001701758 0.999980092 0.006065982 -0.810378611 0.001113325 -0.006067882 0.999980986 24.868690491
0.999996185 -0.001643289 -0.002241792 0.532650292 0.001654822 0.999985337 0.005152201 -0.813248992 0.002233293 -0.005155892 0.999984205 25.418777466
0.999996245 -0.001967767 -0.001921901 0.528788388 0.001979558 0.999979258 0.006152715 -0.837097704 0.001909754 -0.006156497 0.999979198 25.847612381
0.999993742 -0.002427390 -0.002599588 0.539821565 0.002444308 0.999975801 0.006524532 -0.843290687 0.002583687 -0.006530844 0.999975324 26.391265869
0.999993742 -0.002203433 -0.002751190 0.540703893 0.002219306 0.999980807 0.005779829 -0.859220624 0.002738402 -0.005785899 0.999979496 26.980966568
0.999994576 -0.001084690 -0.003104954 0.553640485 0.001106763 0.999974072 0.007116233 -0.893949091 0.003097154 -0.007119631 0.999969780 27.527147293
0.999991775 -0.001593359 -0.003717065 0.572118461 0.001620525 0.999971926 0.007316915 -0.894572258 0.003705303 -0.007322878 0.999966323 27.970272064
0.999992013 -0.001183939 -0.003815560 0.574889362 0.001210866 0.999974310 0.007062566 -0.911639929 0.003807100 -0.007067129 0.999967813 28.520565033
0.999993205 -0.000340662 -0.003677034 0.571003437 0.000364511 0.999978900 0.006487392 -0.917448044 0.003674746 -0.006488688 0.999972165 29.091602325
0.999986529 -0.002112939 -0.004744755 0.570899844 0.002149784 0.999967456 0.007773933 -0.940990031 0.004728175 -0.007784029 0.999958515 29.512573242
0.999985635 -0.001957417 -0.005002032 0.589199007 0.001997095 0.999966443 0.007939777 -0.956999242 0.004986322 -0.007949653 0.999956012 30.057016373
0.999986172 -0.001506710 -0.005034384 0.581940055 0.001545121 0.999969661 0.007634591 -0.971646428 0.005022727 -0.007642264 0.999958158 30.572797775
0.999984086 -0.001452688 -0.005434567 0.596208632 0.001496929 0.999965608 0.008145402 -0.992632985 0.005422547 -0.008153409 0.999952018 31.104518890
0.999980688 -0.001841163 -0.005933689 0.621646762 0.001886493 0.999969006 0.007642826 -1.008166909 0.005919434 -0.007653873 0.999953151 31.656967163
0.999980867 -0.001462878 -0.006001062 0.619888484 0.001503790 0.999975562 0.006818587 -0.977807581 0.005990941 -0.006827481 0.999958694 32.194583893
0.999983132 -0.000274756 -0.005799452 0.573250353 0.000317105 0.999973297 0.007302542 -1.030589700 0.005797292 -0.007304259 0.999956489 32.630157471
0.999983072 -0.000732410 -0.005781909 0.571977854 0.000776063 0.999971271 0.007551217 -1.044450998 0.005776212 -0.007555576 0.999954820 33.187763214
0.999983668 0.000128479 -0.005701195 0.582414269 -0.000086326 0.999972641 0.007393512 -1.055739760 0.005701989 -0.007392900 0.999956429 33.747058868
0.999977887 -0.001421422 -0.006513375 0.595419705 0.001473333 0.999967158 0.007972002 -1.081715703 0.006501831 -0.007981421 0.999947011 34.164009094
0.999976158 -0.000892681 -0.006855145 0.609768271 0.000942681 0.999972999 0.007294092 -1.079277635 0.006848448 -0.007300381 0.999949872 34.710548401
0.999968529 -0.001557429 -0.007778174 0.614211917 0.001617253 0.999969184 0.007690829 -1.097159743 0.007765956 -0.007703166 0.999940157 35.263748169
0.999970198 -0.000515846 -0.007698980 0.634205818 0.000574069 0.999971271 0.007562128 -1.119469523 0.007694858 -0.007566323 0.999941766 35.832080841
0.999972880 -0.002254270 -0.007004760 0.598277807 0.002318006 0.999955893 0.009104200 -1.159082651 0.006983928 -0.009120191 0.999934018 36.204551697
0.999972939 -0.002097622 -0.007047054 0.605176210 0.002156849 0.999962389 0.008407628 -1.163830876 0.007029153 -0.008422600 0.999939799 36.766941071
0.999972641 -0.002361511 -0.007012166 0.610572159 0.002423396 0.999958098 0.008829927 -1.182321310 0.006991020 -0.008846679 0.999936402 37.294914246
0.999971986 -0.001787091 -0.007276430 0.614047885 0.001849630 0.999961317 0.008597093 -1.186269760 0.007260785 -0.008610311 0.999936581 37.836521149
0.999965012 -0.002431150 -0.008007907 0.629786551 0.002502800 0.999956846 0.008949660 -1.200460076 0.007985804 -0.008969388 0.999927938 38.353740692
0.999963522 -0.002865203 -0.008046561 0.634798050 0.002946107 0.999944985 0.010060609 -1.240702033 0.008017291 -0.010083947 0.999917030 38.804992676
0.999961317 -0.003362772 -0.008126882 0.640690207 0.003440898 0.999947846 0.009618521 -1.253001213 0.008094113 -0.009646112 0.999920726 39.354938507
0.999965370 -0.002274419 -0.007997187 0.656141520 0.002346595 0.999956489 0.009027297 -1.254653215 0.007976308 -0.009045751 0.999927282 39.891742706
0.999959052 -0.002788688 -0.008605952 0.672291458 0.002868202 0.999953210 0.009240921 -1.266531706 0.008579780 -0.009265226 0.999920249 40.451248169
0.999961078 -0.002650239 -0.008414775 0.675250769 0.002733812 0.999946952 0.009935751 -1.288594246 0.008387998 -0.009958370 0.999915183 40.952018738
0.999950826 -0.003418629 -0.009311130 0.705749512 0.003518014 0.999936819 0.010678370 -1.322715163 0.009274038 -0.010710602 0.999899626 41.492172241
0.999948502 -0.003728156 -0.009437605 0.708484411 0.003826014 0.999938905 0.010372131 -1.301841855 0.009398360 -0.010407706 0.999901652 42.050807953
0.999961853 -0.002299505 -0.008423407 0.678044796 0.002387061 0.999943018 0.010399132 -1.321379185 0.008399016 -0.010418843 0.999910414 42.417938232
0.999961853 -0.002354930 -0.008397464 0.678395271 0.002437899 0.999948204 0.009883712 -1.328598142 0.008373752 -0.009903809 0.999915957 42.951374054
0.999961793 -0.001982483 -0.008507417 0.689818621 0.002056902 0.999959588 0.008747764 -1.322020054 0.008489730 -0.008764929 0.999925554 43.508995056
0.999960959 -0.001820557 -0.008639012 0.700259805 0.001890642 0.999965310 0.008111432 -1.317308068 0.008623943 -0.008127449 0.999929845 44.029846191
0.999957025 -0.001830044 -0.009075119 0.710301518 0.001903347 0.999965549 0.008075331 -1.337412119 0.009060028 -0.008092259 0.999926269 44.556209564
0.999960065 -0.002409162 -0.008606895 0.713316143 0.002491891 0.999950707 0.009614230 -1.365621328 0.008583309 -0.009635295 0.999916673 44.994750977
0.999963284 -0.002133807 -0.008291838 0.712026536 0.002212664 0.999952376 0.009512721 -1.377521276 0.008271143 -0.009530720 0.999920368 45.542778015
0.999956548 -0.001807663 -0.009142853 0.722831726 0.001884475 0.999962986 0.008399669 -1.370028138 0.009127331 -0.008416533 0.999922991 46.097484589
0.999956667 -0.001937702 -0.009105860 0.725818992 0.002014620 0.999962330 0.008445604 -1.377033710 0.009089151 -0.008463583 0.999922872 46.614490509
0.999957502 -0.001721857 -0.009052447 0.739183784 0.001796784 0.999964178 0.008275392 -1.381986499 0.009037873 -0.008291307 0.999924839 47.129550934
0.999957621 -0.002257552 -0.008917008 0.736268640 0.002342987 0.999951363 0.009582384 -1.417469740 0.008894940 -0.009602872 0.999914348 47.546562195
0.999960423 -0.002293427 -0.008592157 0.742953181 0.002369548 0.999957979 0.008859731 -1.421691179 0.008571477 -0.008879743 0.999923885 48.097255707
0.999944925 -0.003249265 -0.009973222 0.764127851 0.003327432 0.999963820 0.007831156 -1.424430490 0.009947415 -0.007863910 0.999919653 48.649963379
0.999957860 -0.001255116 -0.009091954 0.762359977 0.001332385 0.999963045 0.008497508 -1.436073303 0.009080950 -0.008509265 0.999922574 49.222427368
0.999951720 -0.002498050 -0.009498003 0.770696878 0.002583835 0.999955893 0.009030211 -1.452430367 0.009475025 -0.009054316 0.999914110 49.563091278
0.999953806 -0.001844564 -0.009432084 0.760786474 0.001930338 0.999956846 0.009092839 -1.462930202 0.009414903 -0.009110626 0.999914110 50.108856201
0.999948859 -0.002384654 -0.009823268 0.783183455 0.002458750 0.999968588 0.007537715 -1.460641861 0.009804984 -0.007561482 0.999923289 50.635189056
0.999948263 -0.003103776 -0.009683151 0.787654400 0.003182810 0.999961734 0.008157336 -1.472734809 0.009657461 -0.008187734 0.999919832 51.185424805
0.999955952 -0.002111690 -0.009142832 0.794527292 0.002193149 0.999958038 0.008908837 -1.485794067 0.009123635 -0.008928497 0.999918520 51.580833435
0.999959886 -0.001527157 -0.008829339 0.803650618 0.001605506 0.999959350 0.008873471 -1.492839813 0.008815428 -0.008887291 0.999921620 52.118919373
0.999957204 -0.001836923 -0.009062186 0.792353213 0.001911191 0.999964595 0.008193508 -1.491404414 0.009046814 -0.008210476 0.999925375 52.640399933
0.999952614 -0.002311010 -0.009451671 0.809934139 0.002387170 0.999964714 0.008054456 -1.517488480 0.009432722 -0.008076635 0.999922931 53.171569824
0.999953628 -0.001015630 -0.009574747 0.830728054 0.001090925 0.999968469 0.007862022 -1.503429770 0.009566460 -0.007872104 0.999923289 53.739582062
0.999959111 -0.001711329 -0.008869069 0.777086139 0.001791768 0.999957263 0.009069575 -1.553334832 0.008853167 -0.009085096 0.999919593 54.179561615
0.999958992 -0.001694155 -0.008898865 0.799920917 0.001778800 0.999953091 0.009512629 -1.572452307 0.008882333 -0.009528068 0.999915183 54.524032593
0.999957323 -0.001755506 -0.009075600 0.811560631 0.001838949 0.999956012 0.009194025 -1.573649406 0.009059062 -0.009210322 0.999916553 55.053119659
0.999959290 -0.001752370 -0.008857206 0.816954732 0.001826328 0.999963462 0.008348756 -1.583783627 0.008842254 -0.008364591 0.999925911 55.633502960
0.999961078 -0.001661549 -0.008672137 0.817997932 0.001731783 0.999965668 0.008097576 -1.589512587 0.008658384 -0.008112279 0.999929607 56.200901031
0.999950588 -0.002872908 -0.009512450 0.858832002 0.002942970 0.999968588 0.007359552 -1.572711945 0.009491006 -0.007387184 0.999927640 56.665393829
0.999966860 -0.001732933 -0.007952104 0.760817170 0.001789380 0.999973238 0.007096703 -1.586087823 0.007939592 -0.007110698 0.999943197 57.167259216
0.999965370 -0.001728367 -0.008145940 0.794367194 0.001793700 0.999966204 0.008019834 -1.615034103 0.008131804 -0.008034168 0.999934673 57.673255920
0.999951899 -0.002396263 -0.009504580 0.836409688 0.002485295 0.999953032 0.009366550 -1.625079393 0.009481688 -0.009389722 0.999910951 57.988899231
0.999963105 -0.001994773 -0.008352017 0.839270830 0.002066254 0.999961197 0.008558741 -1.638753653 0.008334620 -0.008575683 0.999928474 58.526264191
0.999925613 -0.003056688 -0.011799472 0.937575579 0.003167267 0.999951005 0.009364243 -1.664441109 0.011770273 -0.009400922 0.999886453 59.024925232
0.999940276 -0.002543799 -0.010623165 0.922238111 0.002646274 0.999949992 0.009643564 -1.696412563 0.010598102 -0.009671100 0.999897003 59.554553986
0.999948084 -0.002395438 -0.009898625 0.916137397 0.002485988 0.999955058 0.009145669 -1.673847914 0.009876271 -0.009169803 0.999909163 60.031322479
0.999952674 -0.002201708 -0.009474782 0.862643719 0.002293391 0.999950528 0.009676470 -1.679333687 0.009453011 -0.009697743 0.999908268 60.462413788
0.999954224 -0.001868142 -0.009387552 0.864964366 0.001952363 0.999957800 0.008970486 -1.687452078 0.009370398 -0.008988403 0.999915659 61.009227753
0.999957144 -0.002181651 -0.009004912 0.844449162 0.002267216 0.999952257 0.009502773 -1.724034309 0.008983750 -0.009522783 0.999914229 61.522438049
0.999954283 -0.002117179 -0.009324112 0.860241473 0.002206018 0.999952137 0.009527912 -1.716665626 0.009303494 -0.009548048 0.999911070 62.070251465
0.999960661 -0.000807848 -0.008836901 0.872991681 0.000888523 0.999957979 0.009129282 -1.728373528 0.008829154 -0.009136776 0.999919176 62.571544647
0.999945998 -0.002836313 -0.009997594 0.909459293 0.002924850 0.999956548 0.008852432 -1.706889272 0.009972051 -0.008881195 0.999910831 62.941146851
0.999946833 -0.002803027 -0.009911766 0.926561654 0.002892578 0.999955058 0.009032101 -1.728919983 0.009886001 -0.009060293 0.999910116 63.466381073
0.999946356 -0.003396973 -0.009788940 0.929252028 0.003474279 0.999962866 0.007891105 -1.716191053 0.009761770 -0.007924691 0.999920905 64.020263672
0.999932289 -0.003924643 -0.010949003 0.944034159 0.004003911 0.999965847 0.007227265 -1.710499287 0.010920263 -0.007270616 0.999913931 64.515068054
0.999936819 -0.003204845 -0.010781944 0.981885016 0.003273715 0.999974310 0.006376007 -1.690922141 0.010761233 -0.006410901 0.999921501 65.142700195
0.999945462 -0.003013608 -0.009995071 0.928214788 0.003097473 0.999960005 0.008385754 -1.741289377 0.009969399 -0.008416255 0.999914885 65.371383667
0.999951839 -0.002388558 -0.009521691 0.911344886 0.002468650 0.999961615 0.008408632 -1.760320902 0.009501241 -0.008431732 0.999919295 65.927436829
0.999949932 -0.001591794 -0.009876668 0.948359847 0.001674708 0.999963343 0.008392269 -1.780250669 0.009862946 -0.008408387 0.999916017 66.427406311
0.999935865 -0.003744818 -0.010677651 0.965535820 0.003827348 0.999962866 0.007719279 -1.763939738 0.010648346 -0.007759651 0.999913216 66.963127136
0.999943376 -0.002756992 -0.010284325 0.967833042 0.002828809 0.999971688 0.006975139 -1.769011259 0.010264805 -0.007003836 0.999922752 67.488708496
0.999939501 -0.003420699 -0.010456999 0.973832607 0.003511188 0.999956429 0.008647378 -1.802767754 0.010426965 -0.008683570 0.999907911 67.813293457
0.999940813 -0.003046306 -0.010446496 0.996474087 0.003141034 0.999954045 0.009063469 -1.824731112 0.010418403 -0.009095747 0.999904335 68.338127136
0.999931455 -0.004047784 -0.010985807 1.014117002 0.004138391 0.999957442 0.008237466 -1.838578701 0.010951996 -0.008282363 0.999905705 68.873039246
0.999951780 -0.000945785 -0.009773716 1.029101849 0.001025901 0.999965847 0.008195261 -1.860123038 0.009765631 -0.008204893 0.999918580 69.332557678
0.999940813 -0.001579735 -0.010757817 1.051692963 0.001665135 0.999967158 0.007934157 -1.847886086 0.010744928 -0.007951600 0.999910593 69.911254883
0.999937117 -0.002809394 -0.010858300 1.042228222 0.002894251 0.999965370 0.007807147 -1.862290144 0.010835988 -0.007838082 0.999910474 70.480331421
0.999946415 -0.002535060 -0.010038626 1.062957644 0.002619552 0.999961138 0.008412442 -1.899622202 0.010016910 -0.008438288 0.999914110 70.800567627
0.999942243 -0.003218385 -0.010253922 1.014982224 0.003304202 0.999959588 0.008363190 -1.886892557 0.010226592 -0.008396589 0.999912381 71.130935669
0.999939263 -0.003282303 -0.010516238 1.013054609 0.003373504 0.999956727 0.008666377 -1.902101994 0.010487337 -0.008701326 0.999907076 71.651504517
0.999932587 -0.004259938 -0.010807883 1.036298156 0.004348545 0.999957025 0.008188239 -1.902698994 0.010772538 -0.008234686 0.999908030 72.163574219
0.999948740 -0.002638813 -0.009778388 1.024661064 0.002716321 0.999964893 0.007921710 -1.917308807 0.009757143 -0.007947865 0.999920785 72.733787537
0.999935746 -0.003744276 -0.010696987 1.044185400 0.003818068 0.999969065 0.006886319 -1.922838211 0.010670872 -0.006926718 0.999919057 73.244361877
0.999948442 -0.001921844 -0.009969869 1.055417061 0.001998554 0.999968529 0.007689974 -1.949481487 0.009954776 -0.007709504 0.999920666 73.721229553
0.999949098 -0.002589104 -0.009745816 1.003199339 0.002666148 0.999965191 0.007900651 -1.944147348 0.009725019 -0.007926233 0.999921262 74.064544678
0.999940813 -0.003544123 -0.010287275 1.013255000 0.003623582 0.999963641 0.007715746 -1.948586106 0.010259556 -0.007752566 0.999917328 74.610107422
0.999938488 -0.003998068 -0.010345810 1.009428263 0.004079991 0.999960423 0.007909550 -1.956554651 0.010313778 -0.007951277 0.999915183 75.141128540
0.999952555 -0.002276826 -0.009466906 1.007485986 0.002342342 0.999973416 0.006915260 -1.970748901 0.009450908 -0.006937109 0.999931276 75.648239136
0.999962330 -0.002483295 -0.008318464 1.026474953 0.002548255 0.999966264 0.007807725 -1.985661745 0.008298797 -0.007828629 0.999934912 76.019447327
0.999979436 -0.002069282 -0.006060548 1.015443802 0.002114411 0.999970019 0.007449422 -1.999721408 0.006044952 -0.007462084 0.999953806 76.581031799
0.999981940 -0.002339125 -0.005532319 1.039020061 0.002381152 0.999968231 0.007602438 -2.022745371 0.005514360 -0.007615473 0.999955773 77.139305115
0.999992788 0.000253724 -0.003780705 1.011974454 -0.000224561 0.999970198 0.007712028 -2.054121494 0.003782550 -0.007711123 0.999963105 77.687576294
0.999998987 -0.000041720 -0.001444101 1.077255964 0.000053189 0.999968410 0.007943175 -2.066627979 0.001443724 -0.007943244 0.999967396 77.969680786
0.999997199 -0.001331602 0.001947495 0.996096253 0.001314687 0.999961615 0.008660872 -2.057614088 -0.001958953 -0.008658285 0.999960601 78.597267151
0.999987960 -0.002495764 0.004257094 1.123636365 0.002465906 0.999972403 0.007004710 -1.974371433 -0.004274460 -0.006994128 0.999966383 78.954750061
0.999963999 -0.002423629 0.008139906 1.158956885 0.002369418 0.999974966 0.006662962 -1.993558884 -0.008155851 -0.006643435 0.999944687 79.509017944
0.999897480 -0.001802443 0.014207928 1.172837257 0.001713344 0.999978781 0.006280759 -1.995929599 -0.014218948 -0.006255771 0.999879360 80.035697937
0.999808550 -0.002968909 0.019343771 1.231376171 0.002847851 0.999976158 0.006282797 -2.008615017 -0.019361965 -0.006226504 0.999793112 80.520133972
0.999657393 -0.002412962 0.026063655 1.240747690 0.002207767 0.999966383 0.007898793 -2.052607059 -0.026081838 -0.007838544 0.999629021 81.087493896
0.999433577 -0.002589632 0.033553243 1.317581534 0.002368722 0.999975145 0.006621976 -2.030297756 -0.033569559 -0.006538746 0.999414980 81.649780273
0.999123037 -0.003270522 0.041742288 1.349308252 0.002970948 0.999969304 0.007236751 -2.056444407 -0.041764677 -0.007106390 0.999102175 82.114471436
0.998779535 -0.003189999 0.049287502 1.319315910 0.002865498 0.999973714 0.006653085 -2.029396772 -0.049307436 -0.006503731 0.998762548 82.531021118
0.998216152 -0.001833874 0.059676945 1.293415785 0.001415111 0.999974012 0.007058681 -2.083767891 -0.059688352 -0.006961640 0.998192787 82.994064331
0.997548878 -0.002198073 0.069938838 1.353682518 0.001703505 0.999973059 0.007130290 -2.097023964 -0.069952637 -0.006993672 0.997525811 83.534439087
0.996838987 -0.002109692 0.079420090 1.404868126 0.001566561 0.999975026 0.006900390 -2.105266333 -0.079432666 -0.006754162 0.996817350 84.070388794
0.996184468 -0.002037968 0.087247945 1.465660572 0.001471407 0.999977350 0.006557516 -2.122186661 -0.087259330 -0.006404119 0.996165097 84.597396851
0.995329082 -0.001078146 0.096534237 1.622196674 0.000346664 0.999971151 0.007593895 -2.149590492 -0.096539631 -0.007524960 0.995300710 84.984176636
0.994240880 -0.002263361 0.107144907 1.683254242 0.001545293 0.999975801 0.006784383 -2.185421944 -0.107157677 -0.006579740 0.994220257 85.493461609
0.993181348 -0.002633485 0.116549939 1.705899239 0.001787758 0.999971330 0.007360294 -2.154360294 -0.116565965 -0.007101742 0.993157566 86.058090210
0.991754115 -0.001583594 0.128145486 1.789833069 0.000587398 0.999969304 0.007811368 -2.166890621 -0.128153920 -0.007671682 0.991724610 86.606216431
0.990068376 -0.001309774 0.140580833 1.879435539 0.000232540 0.999970496 0.007678892 -2.177701950 -0.140586734 -0.007569938 0.990039468 87.155441284
0.988557100 -0.002208219 0.150830612 1.994090080 0.001172424 0.999975085 0.006955855 -2.186977863 -0.150842220 -0.006699422 0.988535166 87.679191589
0.987014830 -0.001831774 0.160618365 2.093168259 0.000623137 0.999971151 0.007574941 -2.204739094 -0.160627618 -0.007376492 0.986987591 88.212203979
0.984846354 -0.002217713 0.173415139 2.175824165 0.000941158 0.999971926 0.007443145 -2.206854582 -0.173426777 -0.007167143 0.984820724 88.739311218
0.982855022 -0.003027388 0.184355289 2.372283936 0.001583362 0.999966860 0.007979551 -2.234779119 -0.184373349 -0.007550839 0.982827306 89.122024536
0.980707705 -0.003982855 0.195439264 2.422899246 0.002598958 0.999969721 0.007336888 -2.205321550 -0.195462570 -0.006687404 0.980688334 89.625869751
0.977879941 -0.003748256 0.209133297 2.555709839 0.002309191 0.999971926 0.007124836 -2.217646599 -0.209154159 -0.006484305 0.977861226 90.181716919
0.974740982 -0.003771735 0.223306566 2.699953079 0.002227627 0.999971747 0.007166248 -2.226972580 -0.223327294 -0.006487790 0.974722028 90.704643250
0.972321808 -0.005884880 0.233571172 2.885681152 0.004296049 0.999964058 0.007310518 -2.259624958 -0.233605787 -0.006104743 0.972312212 91.178924561
0.969270229 -0.004231416 0.245962188 3.060955048 0.002745910 0.999975801 0.006382223 -2.207077980 -0.245983258 -0.005510709 0.969258368 91.723403931
0.966000855 -0.005189030 0.258486837 3.234386444 0.003663573 0.999972880 0.006382822 -2.174897671 -0.258512974 -0.005218826 0.965993643 92.011360168
0.962520897 -0.004683862 0.271167099 3.408805847 0.002931478 0.999972105 0.006867062 -2.196603298 -0.271191716 -0.005814771 0.962507784 92.531463623
0.959412456 -0.005369058 0.281955421 3.593826294 0.003588910 0.999970257 0.006829635 -2.214655399 -0.281983733 -0.005540525 0.959403276 93.049613953
0.954873204 -0.004275069 0.296982765 3.763408661 0.002275007 0.999972403 0.007079900 -2.234555244 -0.297004789 -0.006084769 0.954856575 93.613975525
0.950250685 -0.006046752 0.311427444 3.963834763 0.004164125 0.999968827 0.006709747 -2.227256536 -0.311458260 -0.005079119 0.950246334 94.140884399
0.946490347 -0.006399523 0.322668672 4.138021469 0.004584663 0.999969184 0.006384220 -2.224687338 -0.322699547 -0.004563276 0.946490586 94.606689453
0.942730784 -0.007704804 0.333465606 4.335765839 0.006100275 0.999964237 0.005858510 -2.222415924 -0.333498806 -0.003488766 0.942744076 95.027008057
0.937526882 -0.007346325 0.347835124 4.552320480 0.005535810 0.999965429 0.006198628 -2.233800888 -0.347868621 -0.003885831 0.937535286 95.547843933
0.932872295 -0.008781491 0.360100478 4.772607803 0.006870818 0.999954700 0.006585656 -2.253057480 -0.360141993 -0.003669391 0.932890296 96.056106567
0.928333342 -0.009027008 0.371639192 5.005395889 0.007149671 0.999953747 0.006429119 -2.266215801 -0.371680021 -0.003311267 0.928354979 96.560096741
0.923004150 -0.010293459 0.384652257 5.261455536 0.008219549 0.999941468 0.007035390 -2.288816690 -0.384702146 -0.003332026 0.923034787 97.020645142
0.917708814 -0.010560106 0.397113293 5.492406845 0.008524125 0.999939919 0.006891748 -2.326998711 -0.397162199 -0.002939575 0.917743742 97.453254700
0.912415743 -0.009124272 0.409162879 5.712198257 0.006840325 0.999951780 0.007045142 -2.311933041 -0.409207433 -0.003629291 0.912434161 97.993751526
0.907085240 -0.008771694 0.420855612 5.918472290 0.006472020 0.999955297 0.006892217 -2.304881573 -0.420897126 -0.003528042 0.907101512 98.440780640
0.900545537 -0.008709778 0.434674382 6.178661346 0.006483155 0.999957204 0.006605013 -2.316681862 -0.434713274 -0.003130053 0.900563478 98.927032471
0.894663393 -0.010179877 0.446624875 6.435359955 0.008083511 0.999945521 0.006599054 -2.320827723 -0.446667671 -0.002293634 0.894696951 99.422973633
0.889231920 -0.010494771 0.457336128 6.719078064 0.008655864 0.999943852 0.006116093 -2.329583883 -0.457374632 -0.001479986 0.889272869 99.903999329
0.881941020 -0.010354289 0.471246004 6.985214233 0.008466378 0.999945402 0.006126050 -2.332742691 -0.471283704 -0.001413068 0.881980538 100.377243042
