1.000000000 0.000000000 0.000000000 0.000000000 0.000000000 1.000000000 0.000000000 0.000000000 0.000000000 0.000000000 1.000000000 0.000000000
1.000000000 0.000040185 0.000003043 -0.000051712 -0.000040185 1.000000000 0.000053381 0.000106091 -0.000003041 -0.000053381 1.000000000 -0.003235655
1.000000000 0.000098890 0.000042870 -0.001489016 -0.000098890 1.000000000 0.000000559 -0.001064051 -0.000042870 -0.000000563 1.000000000 -0.001892248
1.000000000 -0.000033947 -0.000015070 0.001475782 0.000033947 1.000000000 0.000029020 -0.000155790 0.000015069 -0.000029020 1.000000000 -0.003397734
1.000000000 -0.000114224 -0.000018524 0.000764582 0.000114225 1.000000000 0.000036573 -0.000280921 0.000018520 -0.000036576 1.000000000 -0.001473145
1.000000000 -0.000004192 0.000034923 -0.000707761 0.000004191 1.000000000 0.000022949 -0.000195209 -0.000034923 -0.000022949 1.000000000 -0.001072660
1.000000000 -0.000023786 0.000041353 0.000580448 0.000023781 1.000000000 0.000111230 -0.000518693 -0.000041355 -0.000111229 1.000000000 -0.002553940
1.000000000 -0.000080781 0.000024767 -0.000346385 0.000080778 1.000000000 0.000091187 -0.000329094 -0.000024774 -0.000091185 1.000000000 0.002128633
1.000000000 0.000009268 -0.000002968 0.000269728 -0.000009268 1.000000000 0.000029620 -0.000399508 0.000002968 -0.000029620 1.000000000 -0.004406147
1.000000000 -0.000037145 0.000041124 0.000339275 0.000037143 1.000000000 0.000060656 -0.000176560 -0.000041127 -0.000060655 1.000000000 -0.004220051
1.000000000 0.000012533 0.000030878 -0.000124343 -0.000012534 1.000000000 0.000023702 -0.000237980 -0.000030877 -0.000023703 1.000000000 -0.000988713
1.000000000 -0.000080515 0.000008260 -0.000269080 0.000080514 1.000000000 0.000054295 -0.000566825 -0.000008264 -0.000054294 1.000000000 -0.005541557
1.000000000 -0.000113244 0.000084843 -0.000255677 0.000113236 1.000000000 0.000092479 -0.000640124 -0.000084853 -0.000092469 1.000000000 -0.001826796
1.000000000 -0.000046657 0.000079561 0.000214051 0.000046652 1.000000000 0.000063582 -0.000692162 -0.000079564 -0.000063578 1.000000000 -0.003597493
1.000000000 -0.000059727 0.000064344 -0.000234699 0.000059721 1.000000000 0.000085154 -0.000317807 -0.000064349 -0.000085150 1.000000000 -0.003263942
1.000000000 -0.000096209 0.000080973 -0.000424186 0.000096201 1.000000000 0.000107074 -0.000158073 -0.000080984 -0.000107066 1.000000000 -0.003240810
1.000000000 -0.000157963 0.000025219 -0.000446257 0.000157962 1.000000000 0.000036182 -0.000254990 -0.000025224 -0.000036178 1.000000000 -0.003465316
1.000000000 0.000036015 0.000033158 0.000853583 -0.000036019 1.000000000 0.000121284 -0.001271597 -0.000033154 -0.000121285 1.000000000 -0.008098268
1.000000000 -0.000167692 -0.000007148 0.002209830 0.000167693 1.000000000 0.000159866 -0.003005245 0.000007121 -0.000159867 1.000000000 -0.008355702
1.000000000 -0.000065817 -0.000001201 0.000340850 0.000065817 1.000000000 0.000036789 -0.000765835 0.000001199 -0.000036789 1.000000000 -0.005718529
1.000000000 -0.000147864 -0.000030551 0.002813867 0.000147870 0.999999940 0.000202726 -0.004383966 0.000030521 -0.000202730 1.000000000 -0.007534889
1.000000000 -0.000025678 0.000132260 -0.002713664 0.000025669 1.000000000 0.000067355 -0.000301060 -0.000132261 -0.000067352 1.000000000 0.000145020
1.000000000 -0.000070823 0.000032790 -0.000500096 0.000070816 1.000000000 0.000208376 -0.002786750 -0.000032805 -0.000208373 1.000000000 -0.007989731
1.000000000 -0.000226868 -0.000009400 0.000393462 0.000226870 0.999999940 0.000185686 -0.002619195 0.000009358 -0.000185688 1.000000000 -0.004321625
1.000000000 -0.000048640 0.000001833 0.000719940 0.000048639 1.000000000 0.000149905 -0.000561667 -0.000001840 -0.000149905 1.000000000 -0.006623676
0.999999940 -0.000247660 0.000018639 0.001780539 0.000247655 0.999999940 0.000269144 -0.002676710 -0.000018705 -0.000269140 0.999999940 -0.007826455
1.000000000 -0.000089716 0.000011852 0.000890302 0.000089714 1.000000000 0.000132440 -0.002869087 -0.000011864 -0.000132439 1.000000000 -0.004860745
1.000000000 -0.000069742 0.000002921 0.000854357 0.000069741 1.000000000 0.000184592 -0.001300785 -0.000002934 -0.000184592 1.000000000 -0.003589466
1.000000000 -0.000172477 0.000021221 -0.000832882 0.000172475 1.000000000 0.000132195 0.000017352 -0.000021244 -0.000132191 1.000000000 -0.003299562
1.000000000 -0.000100554 0.000038345 -0.000897560 0.000100549 1.000000000 0.000124767 -0.000677611 -0.000038357 -0.000124763 1.000000000 0.001140252
1.000000000 -0.000089639 0.000052618 -0.001812969 0.000089632 1.000000000 0.000127003 -0.000529006 -0.000052630 -0.000126998 1.000000000 -0.000933494
1.000000000 -0.000158092 -0.000027905 -0.001555587 0.000158095 1.000000000 0.000102211 -0.001571771 0.000027888 -0.000102215 1.000000000 -0.004404078
1.000000000 -0.000182029 0.000001911 0.000143076 0.000182028 0.999999940 0.000175450 -0.002642289 -0.000001942 -0.000175449 1.000000000 -0.006123346
1.000000000 0.000124282 0.000095927 -0.000988606 -0.000124288 1.000000000 0.000066136 0.000013542 -0.000095919 -0.000066148 1.000000000 -0.001663876
1.000000000 -0.000095926 0.000005385 -0.000143949 0.000095925 1.000000000 0.000065345 -0.000715928 -0.000005391 -0.000065344 1.000000000 -0.002379517
1.000000000 -0.000137619 0.000024239 -0.000802558 0.000137618 1.000000000 0.000046196 -0.001181956 -0.000024246 -0.000046193 1.000000000 -0.004337420
1.000000000 -0.000121388 0.000050336 0.000453258 0.000121385 1.000000000 0.000059960 -0.000333253 -0.000050344 -0.000059953 1.000000000 -0.008732503
1.000000000 -0.000228861 -0.000049200 0.001324909 0.000228866 0.999999940 0.000092676 -0.000532690 0.000049179 -0.000092688 1.000000000 -0.004857553
1.000000000 -0.000139985 -0.000016848 0.000159322 0.000139988 1.000000000 0.000173104 -0.000531938 0.000016824 -0.000173107 1.000000000 -0.004632881
0.999999940 -0.000272334 -0.000088498 0.003010942 0.000272352 0.999999940 0.000205673 -0.003993387 0.000088442 -0.000205697 1.000000000 -0.006228582
1.000000000 -0.000225068 -0.000052467 0.003687271 0.000225044 0.999999881 -0.000465723 -0.006287444 0.000052572 0.000465711 0.999999881 0.048587844
0.999999940 -0.000282648 -0.000098821 0.007311616 0.000282544 0.999999404 -0.001054002 -0.006639638 0.000099119 0.001053974 0.999999464 0.141191781
0.999999940 -0.000274683 -0.000033718 0.004748793 0.000274638 0.999999046 -0.001336373 -0.012756797 0.000034085 0.001336363 0.999999106 0.259364665
0.999999940 -0.000353797 0.000120646 0.005107652 0.000353936 0.999999285 -0.001156507 -0.018841743 -0.000120236 0.001156549 0.999999344 0.390803456
1.000000000 0.000152599 -0.000044875 0.012804783 -0.000152643 0.999999523 -0.000994041 -0.023869334 0.000044723 0.000994047 0.999999523 0.534381568
1.000000000 -0.000031642 0.000054184 0.014867235 0.000031691 0.999999583 -0.000904980 -0.030026486 -0.000054156 0.000904981 0.999999583 0.684943020
1.000000000 -0.000147777 -0.000130314 0.025703402 0.000147701 0.999999821 -0.000584918 -0.035808727 0.000130401 0.000584899 0.999999821 0.852823675
0.999999881 0.000189173 0.000292649 0.009245718 -0.000189007 0.999999821 -0.000568186 -0.037970733 -0.000292756 0.000568131 0.999999821 1.013753772
0.999999881 0.000323981 0.000403532 0.010136596 -0.000323737 0.999999821 -0.000604314 -0.043254443 -0.000403728 0.000604183 0.999999762 1.189818978
0.999999881 -0.000250065 0.000365466 0.015882371 0.000250153 0.999999881 -0.000240930 -0.054384086 -0.000365406 0.000241021 0.999999821 1.358459353
0.999999881 0.000095144 0.000378307 0.020714715 -0.000095110 1.000000000 -0.000091525 -0.061441049 -0.000378315 0.000091489 0.999999940 1.551417828
0.999999821 0.000109009 0.000592274 0.026458010 -0.000109125 1.000000000 0.000195822 -0.070304155 -0.000592253 -0.000195887 0.999999821 1.744008541
0.999999642 0.000297498 0.000723034 0.024395952 -0.000297819 0.999999881 0.000444908 -0.075432532 -0.000722901 -0.000445123 0.999999642 1.953704596
0.999999344 0.000522617 0.000954266 0.026315888 -0.000522869 0.999999821 0.000264099 -0.079775959 -0.000954128 -0.000264598 0.999999583 2.177705765
0.999999642 0.000308231 0.000820231 0.031211494 -0.000308519 0.999999881 0.000351297 -0.085607581 -0.000820123 -0.000351550 0.999999583 2.394721031
0.999999583 0.000229519 0.000883987 0.036449116 -0.000229980 0.999999821 0.000521789 -0.093902208 -0.000883867 -0.000521992 0.999999404 2.621850729
0.999999583 0.000207683 0.000874922 0.040600464 -0.000208506 0.999999523 0.000940689 -0.110083573 -0.000874727 -0.000940871 0.999999166 2.833839178
0.999999464 0.000283414 0.000910992 0.049193244 -0.000284545 0.999999166 0.001241049 -0.116986021 -0.000910640 -0.001241308 0.999998808 3.078716516
0.999999762 0.000158896 0.000818739 0.051556345 -0.000159587 0.999999642 0.000844094 -0.120274968 -0.000818605 -0.000844225 0.999999225 3.310515642
0.999999642 0.000277408 0.000838430 0.054506224 -0.000278172 0.999999583 0.000911172 -0.127336085 -0.000838177 -0.000911405 0.999999166 3.550942659
0.999999583 0.000518266 0.000729302 0.062199555 -0.000518962 0.999999523 0.000954147 -0.134012282 -0.000728807 -0.000954526 0.999999285 3.809975624
0.999999523 0.000518317 0.000854668 0.074312821 -0.000519508 0.999998868 0.001394479 -0.146499723 -0.000853944 -0.001394923 0.999998689 4.067562580
0.999999464 0.000280794 0.001022606 0.068186633 -0.000282314 0.999998868 0.001486090 -0.151034132 -0.001022188 -0.001486378 0.999998391 4.317492008
0.999999583 0.000272265 0.000830597 0.082305022 -0.000273599 0.999998629 0.001606006 -0.163152009 -0.000830159 -0.001606233 0.999998391 4.572865963
0.999999642 0.000106445 0.000860688 0.092665456 -0.000107800 0.999998689 0.001574450 -0.170206547 -0.000860519 -0.001574542 0.999998391 4.834567070
0.999999464 0.000272071 0.000914992 0.091566138 -0.000273551 0.999998569 0.001617301 -0.175447807 -0.000914550 -0.001617551 0.999998271 5.082796097
0.999999583 0.000406860 0.000823988 0.095909573 -0.000408149 0.999998689 0.001564765 -0.187973887 -0.000823350 -0.001565100 0.999998450 5.345597744
0.999999702 0.000146405 0.000696981 0.106968537 -0.000147445 0.999998868 0.001492471 -0.196681261 -0.000696761 -0.001492573 0.999998689 5.605811596
0.999999464 0.000570081 0.000888084 0.106126703 -0.000571674 0.999998212 0.001794463 -0.205963820 -0.000887059 -0.001794970 0.999997973 5.890710831
0.999999344 0.000518111 0.000994331 0.111770786 -0.000520397 0.999997199 0.002300850 -0.225099877 -0.000993136 -0.002301366 0.999996781 6.140532970
0.999999225 0.000393884 0.001147064 0.114607029 -0.000396105 0.999997973 0.001937105 -0.225684792 -0.001146299 -0.001937558 0.999997437 6.450146675
0.999998987 0.000796347 0.001211508 0.120189168 -0.000798631 0.999997854 0.001885590 -0.236572564 -0.001210004 -0.001886555 0.999997437 6.733167648
0.999999166 0.000290681 0.001277299 0.125730693 -0.000293163 0.999998033 0.001943376 -0.240339875 -0.001276732 -0.001943749 0.999997258 7.032616138
0.999999404 0.000364534 0.000952342 0.140134454 -0.000366457 0.999997914 0.002019292 -0.251433074 -0.000951604 -0.002019641 0.999997497 7.327729225
0.999999523 0.000028244 0.000894766 0.148157135 -0.000029964 0.999998093 0.001922147 -0.264524043 -0.000894710 -0.001922173 0.999997735 7.627985001
0.999999523 -0.000104021 0.000917089 0.163095504 0.000102036 0.999997675 0.002163888 -0.273218989 -0.000917312 -0.002163794 0.999997199 7.951003075
0.999999583 0.000098315 0.000863859 0.168455422 -0.000100103 0.999997854 0.002069833 -0.283973306 -0.000863654 -0.002069919 0.999997497 8.264293671
0.999999285 0.000543921 0.001022590 0.172570363 -0.000546338 0.999997199 0.002365167 -0.297701806 -0.001021301 -0.002365725 0.999996662 8.597640038
0.999999225 0.000677187 0.001000861 0.177172706 -0.000679762 0.999996543 0.002575180 -0.308445990 -0.000999113 -0.002575858 0.999996185 8.930494308
0.999999225 0.000517573 0.001166022 0.180266246 -0.000520462 0.999996841 0.002478417 -0.313281059 -0.001164735 -0.002479021 0.999996245 9.276494980
0.999999464 -0.000013207 0.001125975 0.190585002 0.000010493 0.999997079 0.002410408 -0.325051546 -0.001126003 -0.002410395 0.999996424 9.603879929
0.999999285 0.000381125 0.001106097 0.197991326 -0.000383967 0.999996603 0.002570919 -0.335044801 -0.001105114 -0.002571342 0.999996126 9.950082779
0.999999702 0.000056423 0.000805365 0.215493947 -0.000058534 0.999996543 0.002620802 -0.349617362 -0.000805215 -0.002620848 0.999996245 10.290314674
0.999999642 -0.000003638 0.000879293 0.220483646 0.000001115 0.999995887 0.002869636 -0.360518843 -0.000879300 -0.002869633 0.999995530 10.646282196
0.999999344 0.000401008 0.001078253 0.222133473 -0.000404298 0.999995351 0.003052628 -0.372979939 -0.001077024 -0.003053063 0.999994695 11.036980629
0.999999404 0.000255467 0.001046331 0.233708337 -0.000258616 0.999995410 0.003010530 -0.386901677 -0.001045557 -0.003010799 0.999994934 11.408832550
0.999999046 0.000402136 0.001330909 0.242261499 -0.000406252 0.999995053 0.003094253 -0.395043433 -0.001329658 -0.003094791 0.999994397 11.796649933
0.999999225 0.000242161 0.001193350 0.255895764 -0.000246108 0.999994516 0.003308793 -0.415087759 -0.001192542 -0.003309085 0.999993742 12.153549194
0.999998868 -0.000117120 0.001502103 0.263530642 0.000112148 0.999994516 0.003309782 -0.431558877 -0.001502483 -0.003309610 0.999993384 12.536128044
0.999999404 -0.000143566 0.001088876 0.278126389 0.000139862 0.999994278 0.003400640 -0.439429373 -0.001089357 -0.003400486 0.999993563 12.918226242
0.999999464 0.000130300 0.000949317 0.286557645 -0.000133344 0.999994874 0.003206617 -0.451714993 -0.000948894 -0.003206742 0.999994397 13.302161217
0.999997973 0.000635116 0.001871487 0.282872170 -0.000643477 0.999989808 0.004470238 -0.492564470 -0.001868629 -0.004471433 0.999988258 13.733018875
0.999997914 -0.000311096 0.001966787 0.287404656 0.000302482 0.999990344 0.004377997 -0.495178849 -0.001968130 -0.004377392 0.999988496 14.177475929
0.999998331 0.000035953 0.001791147 0.311045080 -0.000044116 0.999989629 0.004557646 -0.521922827 -0.001790964 -0.004557718 0.999988019 14.582107544
0.999998212 0.000282243 0.001859948 0.323479444 -0.000291496 0.999987602 0.004976656 -0.536764443 -0.001858521 -0.004977189 0.999985874 14.986736298
0.999997377 0.000048131 0.002298398 0.329086691 -0.000060153 0.999986351 0.005230963 -0.547812045 -0.002298115 -0.005231087 0.999983609 15.422612190
0.999995768 0.000696465 0.002831489 0.343447328 -0.000710573 0.999987304 0.004984548 -0.563989758 -0.002827982 -0.004986540 0.999983490 15.851338387
0.999996066 0.000405315 0.002774482 0.357712895 -0.000419410 0.999987006 0.005081558 -0.576014638 -0.002772386 -0.005082703 0.999983191 16.292890549
0.999994993 0.000058182 0.003141275 0.369523466 -0.000073912 0.999987483 0.005007596 -0.587673903 -0.003140944 -0.005007803 0.999982476 16.733030319
0.999993920 0.000440452 0.003466836 0.379762441 -0.000458867 0.999985754 0.005312827 -0.604340911 -0.003464447 -0.005314386 0.999979794 17.198665619
0.999989569 0.001311999 0.004382905 0.376836091 -0.001333768 0.999986708 0.004967677 -0.593048453 -0.004376329 -0.004973470 0.999978125 17.634136200
0.999993026 0.000367988 0.003717314 0.413007915 -0.000389601 0.999983013 0.005815042 -0.631437957 -0.003715110 -0.005816451 0.999976158 18.102724075
0.999991119 0.000536469 0.004187090 0.424255908 -0.000561007 0.999982655 0.005861512 -0.637466848 -0.004183873 -0.005863809 0.999974072 18.569643021
0.999989390 0.001115487 0.004478536 0.436765432 -0.001142989 0.999980450 0.006143057 -0.658576131 -0.004471597 -0.006148111 0.999971092 19.026237488
0.999990642 0.000356841 0.004305728 0.462426543 -0.000384578 0.999979138 0.006442613 -0.675712824 -0.004303339 -0.006444209 0.999969900 19.490987778
0.999992073 0.000060450 0.003981856 0.475823551 -0.000088320 0.999975502 0.006999337 -0.708584309 -0.003981336 -0.006999634 0.999967515 19.861989975
0.999995232 -0.000714675 0.003026555 0.496685237 0.000692788 0.999973595 0.007226678 -0.726446867 -0.003031640 -0.007224546 0.999969304 20.347393036
0.999994338 -0.000724556 0.003292156 0.498462051 0.000707042 0.999985754 0.005318001 -0.696530461 -0.003295963 -0.005315644 0.999980450 20.986270905
0.999996305 -0.000736446 0.002642731 0.504202366 0.000721744 0.999984264 0.005560136 -0.709106863 -0.002646784 -0.005558207 0.999981046 21.502088547
0.999997616 -0.000662285 0.002091674 0.526872277 0.000650747 0.999984622 0.005512066 -0.728115857 -0.002095293 -0.005510692 0.999982655 21.989362717
0.999995172 -0.000640889 0.003026925 0.516251624 0.000617799 0.999970734 0.007623011 -0.782519400 -0.003031722 -0.007621106 0.999966323 22.394113541
0.999997556 -0.000568529 0.002152552 0.521385133 0.000552292 0.999971449 0.007536238 -0.797237575 -0.002156775 -0.007535031 0.999969304 22.895656586
0.999998689 -0.000996780 0.001280369 0.539075375 0.000987252 0.999971986 0.007420659 -0.807930589 -0.001287730 -0.007419384 0.999971628 23.435071945
0.999997556 -0.002180900 0.000354496 0.557766080 0.002178325 0.999972343 0.007108881 -0.816573203 -0.000369990 -0.007108092 0.999974608 23.940555573
0.999998868 -0.001499344 -0.000076383 0.564944386 0.001499855 0.999972999 0.007194475 -0.825256765 0.000065594 -0.007194582 0.999974072 24.456068039
0.999998748 -0.001371711 -0.000819272 0.576523840 0.001377659 0.999972343 0.007304968 -0.836339712 0.000809229 -0.007306089 0.999972939 24.987951279
0.999998152 -0.001247731 -0.001446869 0.583451509 0.001258407 0.999971807 0.007401601 -0.846203268 0.001437593 -0.007403408 0.999971569 25.519100189
0.999998271 -0.000824652 -0.001682887 0.591970205 0.000837479 0.999970496 0.007635713 -0.863526344 0.001676541 -0.007637109 0.999969423 26.055830002
0.999997139 -0.001476644 -0.001949290 0.605095565 0.001492554 0.999965370 0.008186041 -0.875433028 0.001937135 -0.008188927 0.999964595 26.591390610
0.999996185 -0.001469606 -0.002311054 0.617319226 0.001488810 0.999964178 0.008330137 -0.893198967 0.002298729 -0.008333547 0.999962628 27.111598969
0.999996245 -0.000794155 -0.002625715 0.632374048 0.000815810 0.999965549 0.008256532 -0.913570881 0.002619068 -0.008258643 0.999962449 27.632644653
0.999994338 -0.000932903 -0.003214199 0.636996210 0.000960250 0.999963224 0.008517494 -0.920362234 0.003206135 -0.008520533 0.999958515 28.183496475
0.999992549 -0.001340842 -0.003620941 0.650003910 0.001372154 0.999961555 0.008658693 -0.933466256 0.003609191 -0.008663598 0.999955893 28.719114304
0.999990761 -0.001601718 -0.003994884 0.662569165 0.001635819 0.999962091 0.008547375 -0.946629465 0.003981043 -0.008553830 0.999955416 29.247373581
0.999989271 -0.001047127 -0.004510710 0.665345430 0.001086077 0.999962032 0.008641305 -0.954153597 0.004501490 -0.008646110 0.999952495 29.790830612
0.999990344 -0.000754501 -0.004309616 0.671561122 0.000791450 0.999962807 0.008578447 -0.966035128 0.004302983 -0.008581774 0.999953926 30.324718475
0.999988735 -0.000813297 -0.004670072 0.686133862 0.000854446 0.999960780 0.008815978 -0.979567409 0.004662719 -0.008819870 0.999950230 30.859151840
0.999987900 -0.000546981 -0.004890115 0.694282055 0.000589357 0.999962211 0.008668205 -0.993266344 0.004885189 -0.008670981 0.999950469 31.388322830
0.999987006 -0.000509228 -0.005068935 0.708101332 0.000551279 0.999965429 0.008298032 -1.002594829 0.005064534 -0.008300718 0.999952734 31.937137604
0.999986231 -0.000274777 -0.005242954 0.701543212 0.000318804 0.999964595 0.008398329 -1.007021904 0.005240462 -0.008399884 0.999951005 32.452724457
0.999985516 0.000021667 -0.005386986 0.700752735 0.000023325 0.999965131 0.008351672 -1.025801420 0.005386979 -0.008351678 0.999950588 32.965530396
0.999986529 -0.000141353 -0.005183111 0.692573726 0.000186009 0.999962807 0.008616042 -1.040119410 0.005181701 -0.008616890 0.999949455 33.493274689
0.999984324 -0.000070458 -0.005594166 0.697750807 0.000119926 0.999960840 0.008842918 -1.058938980 0.005593324 -0.008843451 0.999945223 34.032634735
0.999985814 -0.000078415 -0.005317783 0.693893373 0.000122369 0.999965787 0.008265642 -1.056622982 0.005316954 -0.008266178 0.999951720 34.545528412
0.999983311 0.000219937 -0.005768674 0.721814871 -0.000172902 0.999966741 0.008152852 -1.063699126 0.005770275 -0.008151720 0.999950051 35.065452576
0.999986053 0.001051545 -0.005168976 0.721445322 -0.001011975 0.999970198 0.007651877 -1.063858271 0.005176869 -0.007646540 0.999957383 35.614555359
0.999983847 0.000431501 -0.005653499 0.724438131 -0.000384527 0.999965429 0.008307191 -1.101156473 0.005656888 -0.008304884 0.999949515 36.112831116
0.999981642 0.000166875 -0.006061603 0.710955143 -0.000113114 0.999960661 0.008868334 -1.116581321 0.006062845 -0.008867486 0.999942303 36.630702972
0.999980330 -0.000577317 -0.006246842 0.740543842 0.000633568 0.999959230 0.009006484 -1.128702521 0.006241386 -0.009010265 0.999939919 37.171390533
0.999979973 0.000266097 -0.006327623 0.778577864 -0.000211193 0.999962330 0.008675866 -1.126129150 0.006329692 -0.008674357 0.999942243 37.669509888
0.999969006 -0.000468724 -0.007857192 0.834748924 0.000536778 0.999962330 0.008661422 -1.124020696 0.007852837 -0.008665372 0.999931574 38.300762177
0.999970317 -0.001112429 -0.007624681 0.783715427 0.001170679 0.999970138 0.007639423 -1.091426134 0.007615955 -0.007648123 0.999941766 38.824935913
0.999975204 0.000459621 -0.007027266 0.838297844 -0.000406698 0.999971509 0.007530729 -1.122427225 0.007030526 -0.007527685 0.999946952 39.339076996
0.999975443 -0.000205146 -0.007007927 0.779411495 0.000272823 0.999953330 0.009657706 -1.218252063 0.007005620 -0.009659381 0.999928832 39.932117462
0.999977171 0.000117010 -0.006754506 0.784089327 -0.000051726 0.999953270 0.009664735 -1.234858274 0.006755320 -0.009664165 0.999930501 40.448055267
0.999974966 -0.000124349 -0.007074026 0.783513665 0.000193726 0.999951899 0.009807338 -1.243428588 0.007072465 -0.009808465 0.999926865 40.983654022
0.999971986 0.000253458 -0.007481853 0.801498055 -0.000182378 0.999954939 0.009499365 -1.249519110 0.007483923 -0.009497733 0.999926865 41.511821747
0.999976039 0.000385507 -0.006910631 0.795925140 -0.000318429 0.999952853 0.009704901 -1.264025569 0.006914047 -0.009702465 0.999929011 42.037158966
0.999974012 -0.000115641 -0.007211808 0.807406008 0.000187546 0.999950290 0.009970485 -1.277063370 0.007210296 -0.009971579 0.999924302 42.578807831
0.999976635 0.000380803 -0.006821909 0.806993127 -0.000314983 0.999953389 0.009646939 -1.286780953 0.006825264 -0.009644563 0.999930203 43.114166260
0.999976635 -0.000006442 -0.006839935 0.809481263 0.000072755 0.999953032 0.009694700 -1.298352718 0.006839551 -0.009694969 0.999929607 43.634902954
0.999976695 0.000230240 -0.006824170 0.817919731 -0.000164699 0.999953806 0.009603276 -1.306530952 0.006826066 -0.009601927 0.999930620 44.174404144
0.999974072 -0.000175350 -0.007195534 0.832905650 0.000244329 0.999954045 0.009586706 -1.319052339 0.007193523 -0.009588216 0.999928117 44.713947296
0.999975741 0.000219279 -0.006953317 0.833694160 -0.000151620 0.999952614 0.009729542 -1.328496575 0.006955123 -0.009728251 0.999928474 45.237564087
0.999974132 0.000050706 -0.007192253 0.845837355 0.000016151 0.999956787 0.009295369 -1.338920832 0.007192412 -0.009295246 0.999930859 45.771049500
0.999972403 -0.000047223 -0.007420625 0.855721056 0.000118114 0.999954283 0.009553143 -1.355439186 0.007419836 -0.009553757 0.999926805 46.324985504
0.999972522 -0.000292153 -0.007405388 0.855336189 0.000363895 0.999952912 0.009688374 -1.357335806 0.007402209 -0.009690799 0.999925673 46.832080841
0.999970734 -0.000256853 -0.007638465 0.878794193 0.000327966 0.999956608 0.009309940 -1.361518860 0.007635743 -0.009312172 0.999927461 47.436988831
0.999971628 -0.000806185 -0.007488932 0.867575169 0.000878408 0.999953032 0.009645741 -1.378177881 0.007480804 -0.009652043 0.999925435 47.889553070
0.999969363 -0.000687267 -0.007800487 0.880014479 0.000762017 0.999953747 0.009583720 -1.389749408 0.007793540 -0.009589372 0.999923587 48.416034698
0.999971509 -0.000553049 -0.007520226 0.887268305 0.000626264 0.999952376 0.009736898 -1.404179215 0.007514484 -0.009741331 0.999924302 48.951160431
0.999969423 -0.000656532 -0.007784508 0.892756283 0.000730852 0.999954164 0.009548149 -1.411311269 0.007777884 -0.009553547 0.999924123 49.473514557
0.999971688 -0.000310434 -0.007533669 0.895736098 0.000382433 0.999954224 0.009557404 -1.425309896 0.007530359 -0.009560014 0.999925971 50.006420135
0.999970913 0.000063265 -0.007630415 0.903896332 0.000009652 0.999954343 0.009555730 -1.433889627 0.007630671 -0.009555525 0.999925256 50.531101227
0.999972522 -0.000056858 -0.007406314 0.909423590 0.000127604 0.999954283 0.009552017 -1.440884113 0.007405433 -0.009552699 0.999926925 51.074569702
0.999972999 0.000136345 -0.007350524 0.910844624 -0.000066159 0.999954402 0.009547895 -1.452739477 0.007351492 -0.009547152 0.999927342 51.587997437
0.999972939 0.000247427 -0.007350927 0.929837704 -0.000176901 0.999953985 0.009593254 -1.460712075 0.007352960 -0.009591696 0.999926984 52.117401123
0.999972880 -0.000179641 -0.007361190 0.935522139 0.000250969 0.999953032 0.009689871 -1.479382157 0.007359104 -0.009691455 0.999925971 52.649917603
0.999976039 -0.000140531 -0.006926402 0.929641902 0.000204682 0.999957085 0.009261975 -1.486468792 0.006924802 -0.009263172 0.999933124 53.193916321
0.999979377 0.000628412 -0.006383716 0.898481250 -0.000562092 0.999945939 0.010385409 -1.517991424 0.006389898 -0.010381606 0.999925733 53.723960876
0.999979079 0.001429584 -0.006303491 0.921936274 -0.001365050 0.999946713 0.010230346 -1.537073851 0.006317779 -0.010221527 0.999927819 54.187236786
0.999979019 0.001852186 -0.006219050 0.887684822 -0.001794287 0.999955118 0.009302720 -1.509566784 0.006236003 -0.009291365 0.999937415 54.918136597
0.999973238 0.000895360 -0.007265281 0.938089907 -0.000820582 0.999946713 0.010289021 -1.558292866 0.007274107 -0.010282785 0.999920666 55.287582397
0.999974072 0.000262575 -0.007189236 0.958072066 -0.000187700 0.999945760 0.010413538 -1.562425137 0.007191581 -0.010411920 0.999919951 55.777442932
0.999979019 0.001710157 -0.006250130 0.969778657 -0.001643813 0.999942422 0.010604604 -1.583988428 0.006267904 -0.010594106 0.999924183 56.237682343
0.999975264 0.001359227 -0.006915938 0.966476440 -0.001288852 0.999947369 0.010170085 -1.570403576 0.006929397 -0.010160918 0.999924362 56.891750336
0.999978125 0.001723869 -0.006385016 0.989679575 -0.001657269 0.999944448 0.010421301 -1.607135534 0.006402626 -0.010410491 0.999925256 57.297973633
0.999979258 0.001910232 -0.006150555 0.998512864 -0.001844458 0.999941170 0.010682002 -1.616827965 0.006170601 -0.010670435 0.999924004 57.828411102
0.999977946 0.001444772 -0.006469158 1.005722046 -0.001377946 0.999945700 0.010322485 -1.621734381 0.006483720 -0.010313342 0.999925733 58.357517242
0.999979079 0.001537789 -0.006282608 1.011616707 -0.001471282 0.999942958 0.010576854 -1.635383964 0.006298516 -0.010567388 0.999924302 58.896453857
0.999978900 0.001423825 -0.006326312 1.027150035 -0.001356725 0.999942899 0.010598239 -1.639736652 0.006341042 -0.010589434 0.999923825 59.416812897
0.999977469 0.001383056 -0.006557441 1.050110340 -0.001313400 0.999942660 0.010614900 -1.658277750 0.006571747 -0.010606051 0.999922156 59.987377167
0.999978602 0.001356199 -0.006391579 1.056370735 -0.001286504 0.999939799 0.010895706 -1.669695020 0.006405972 -0.010887250 0.999920249 60.494266510
0.999975801 0.001099155 -0.006873343 1.095659375 -0.001021796 0.999936223 0.011248312 -1.695121050 0.006885270 -0.011241019 0.999913096 61.040119171
0.999971092 0.001275217 -0.007483195 1.171272397 -0.001204135 0.999954104 0.009495676 -1.648032904 0.007494961 -0.009486391 0.999926925 61.661701202
0.999970019 0.002981168 -0.007142389 1.192685604 -0.002906695 0.999941409 0.010414655 -1.670380592 0.007173019 -0.010393583 0.999920249 62.106445312
0.999969721 0.002162019 -0.007464965 1.194166422 -0.002081257 0.999939322 0.010809627 -1.694812536 0.007487885 -0.010793765 0.999913752 62.707771301
0.999963403 0.002296415 -0.008241138 1.247877121 -0.002209523 0.999942005 0.010537365 -1.679001570 0.008264858 -0.010518772 0.999910533 63.247211456
0.999962807 0.002293220 -0.008309482 1.294746637 -0.002206708 0.999943376 0.010405470 -1.672853231 0.008332876 -0.010386746 0.999911368 63.616859436
0.999963880 0.005735845 -0.006263006 1.314780474 -0.005662728 0.999916315 0.011630406 -1.774874687 0.006329193 -0.011594521 0.999912798 64.172431946
0.999978542 0.003841185 -0.005314332 1.175169826 -0.003774020 0.999913573 0.012591318 -1.755059719 0.005362239 -0.012570991 0.999906659 64.588134766
0.999976099 0.001530470 -0.006740881 1.185405970 -0.001454209 0.999934971 0.011303522 -1.784917355 0.006757743 -0.011293450 0.999913394 64.948463440
0.999974430 0.002447662 -0.006711245 1.193423152 -0.002375170 0.999938965 0.010788428 -1.792120695 0.006737244 -0.010772212 0.999919295 65.494033813
0.999975264 0.003001484 -0.006363285 1.197431564 -0.002936482 0.999943614 0.010199970 -1.798372507 0.006393542 -0.010181032 0.999927759 66.043540955
0.999977529 0.003025528 -0.005978545 1.198470712 -0.002957264 0.999930739 0.011394149 -1.838685036 0.006012606 -0.011376211 0.999917150 66.497917175
0.999973595 0.004881613 -0.005364909 1.213788509 -0.004821803 0.999926627 0.011105314 -1.827706099 0.005418727 -0.011079153 0.999923944 67.100448608
0.999978542 0.002099009 -0.006193432 1.216463089 -0.002027969 0.999932349 0.011454315 -1.862769246 0.006217055 -0.011441509 0.999915183 67.577690125
0.999975204 0.003044488 -0.006345132 1.247795820 -0.002970436 0.999927700 0.011647682 -1.877370834 0.006380134 -0.011628543 0.999912024 68.023429871
0.999974489 0.003202041 -0.006386013 1.258077860 -0.003125630 0.999923825 0.011939632 -1.894502521 0.006423758 -0.011919365 0.999908328 68.534637451
0.999974430 0.002815231 -0.006573332 1.266326189 -0.002739419 0.999929905 0.011513892 -1.901371956 0.006605284 -0.011495590 0.999912083 69.064292908
0.999974787 0.002983050 -0.006445679 1.294387460 -0.002904635 0.999922037 0.012140837 -1.936126947 0.006481394 -0.012121810 0.999905527 69.581306458
0.999974847 0.003358981 -0.006245668 1.290977001 -0.003283207 0.999921381 0.012103150 -1.940759778 0.006285832 -0.012082339 0.999907196 70.106887817
0.999975264 0.002982166 -0.006373253 1.299416780 -0.002905765 0.999924123 0.011963605 -1.952958107 0.006408446 -0.011944788 0.999908090 70.645935059
0.999973953 0.003785537 -0.006147805 1.318674326 -0.003709833 0.999917746 0.012279106 -1.974492311 0.006193783 -0.012255980 0.999905705 71.166282654
0.999975860 0.003714222 -0.005862980 1.302376390 -0.003644793 0.999923646 0.011808453 -1.964911580 0.005906391 -0.011786800 0.999913037 71.709274292
0.999976337 0.003362666 -0.006005253 1.309358239 -0.003290622 0.999923110 0.011966652 -1.975939751 0.006045029 -0.011946607 0.999910355 72.251182556
0.999977291 0.003728483 -0.005619957 1.315485716 -0.003659977 0.999919534 0.012151200 -1.989236832 0.005664811 -0.012130355 0.999910414 72.799514771
0.999976695 0.003071206 -0.006096619 1.332203507 -0.002999964 0.999927640 0.011660380 -1.991985202 0.006131989 -0.011641819 0.999913394 73.317985535
0.999976754 0.002291258 -0.006416951 1.356618524 -0.002215840 0.999928653 0.011735447 -2.008621931 0.006443382 -0.011720954 0.999910474 73.835289001
0.999975920 0.002653166 -0.006408538 1.372141600 -0.002577922 0.999927998 0.011721089 -2.018154860 0.006439175 -0.011704285 0.999910772 74.359619141
0.999977112 0.002574693 -0.006255485 1.362252235 -0.002499691 0.999925256 0.011968154 -2.035308123 0.006285832 -0.011952244 0.999908805 74.867774963
0.999976873 0.002535630 -0.006314094 1.381660223 -0.002461865 0.999928892 0.011663050 -2.041893482 0.006343220 -0.011647236 0.999912024 75.416358948
0.999975801 0.003302659 -0.006121201 1.385418415 -0.003227822 0.999920368 0.012195694 -2.064953327 0.006160991 -0.012175641 0.999906838 75.878433228
0.999975026 0.003865776 -0.005917719 1.391668558 -0.003795098 0.999922037 0.011908390 -2.072174072 0.005963292 -0.011885635 0.999911547 76.412399292
0.999976099 0.002553090 -0.006422078 1.410607100 -0.002475650 0.999924481 0.012037563 -2.079943657 0.006452328 -0.012021375 0.999906898 76.936065674
0.999975026 0.003614233 -0.006062705 1.404482365 -0.003542527 0.999924123 0.011796680 -2.088526011 0.006104880 -0.011774911 0.999912024 77.470031738
0.999975979 0.003589954 -0.005914269 1.414847374 -0.003522913 0.999929845 0.011307191 -2.096753120 0.005954448 -0.011286085 0.999918580 78.017532349
0.999982417 0.003935144 -0.004437579 1.419432878 -0.003882565 0.999922812 0.011795606 -2.109229565 0.004483655 -0.011778171 0.999920607 78.538635254
0.999987006 0.003878934 -0.003313661 1.441061616 -0.003839806 0.999923766 0.011733915 -2.127714396 0.003358924 -0.011721041 0.999925613 79.065322876
0.999989092 0.004388570 -0.001572972 1.445643663 -0.004369941 0.999922514 0.011656621 -2.138826370 0.001624006 -0.011649621 0.999930799 79.612098694
0.999991298 0.004133635 -0.000530149 1.453438997 -0.004126996 0.999919891 0.011964471 -2.149817944 0.000579564 -0.011962179 0.999928296 80.152854919
0.999981880 0.004965812 0.003403653 1.464167476 -0.005006303 0.999915481 0.011992736 -2.161007404 -0.003343812 -0.012009557 0.999922276 80.705078125
0.999965370 0.005347938 0.006378637 1.489386678 -0.005425822 0.999910176 0.012256064 -2.183130503 -0.006312520 -0.012290250 0.999904573 81.227264404
0.999947965 0.004774529 0.009008046 1.518700123 -0.004881886 0.999916971 0.011933957 -2.198370457 -0.008950318 -0.011977314 0.999888182 81.764801025
0.999906838 0.004571319 0.012859703 1.559941769 -0.004719967 0.999922156 0.011552786 -2.203496218 -0.012805890 -0.011612408 0.999850631 82.350555420
0.999787807 0.006093048 0.019675326 1.566414237 -0.006329197 0.999908447 0.011962377 -2.213274002 -0.019600635 -0.012084368 0.999734879 82.836883545
0.999682486 0.004574405 0.024776254 1.626757741 -0.004839014 0.999931812 0.010630587 -2.187546968 -0.024725934 -0.010747105 0.999636412 83.391014099
0.999513626 0.004408898 0.030871483 1.605803728 -0.004761184 0.999924302 0.011347157 -2.231824398 -0.030819116 -0.011488625 0.999458969 84.039939880
0.999238312 0.004399489 0.038775995 1.633193374 -0.004844283 0.999923468 0.011384397 -2.217179775 -0.038722936 -0.011563566 0.999183059 84.602851868
0.998878539 0.004079462 0.047170114 1.685030937 -0.004604921 0.999928415 0.011036350 -2.244115829 -0.047121711 -0.011241187 0.998825908 85.163475037
0.998525560 0.003662287 0.054160375 1.737130165 -0.004279162 0.999927223 0.011278203 -2.257212400 -0.054115128 -0.011493335 0.998468518 85.704727173
0.998025298 0.003081230 0.062738076 1.798926830 -0.003773025 0.999933362 0.010911232 -2.265529394 -0.062700272 -0.011126398 0.997970402 86.239059448
0.997347653 0.002975416 0.072724462 1.865274429 -0.003770669 0.999934494 0.010800297 -2.279573917 -0.072687574 -0.011045871 0.997293591 86.771751404
0.996665776 0.002607058 0.081550755 1.922090054 -0.003495936 0.999935925 0.010758802 -2.289368391 -0.081517495 -0.011008026 0.996611059 87.321472168
0.996008098 0.002351474 0.089231886 2.001276970 -0.003331273 0.999935746 0.010833029 -2.307264566 -0.089200683 -0.011087039 0.995951951 87.844360352
0.995038450 0.001543735 0.099478856 2.087460041 -0.002621404 0.999939263 0.010703352 -2.320627451 -0.099456310 -0.010911020 0.994982123 88.367904663
0.993952751 0.001219672 0.109802827 2.169680595 -0.002392178 0.999941528 0.010547188 -2.325049162 -0.109783560 -0.010746073 0.993897438 88.923568726
0.992899656 0.000711372 0.118952833 2.258207321 -0.001959359 0.999944270 0.010374817 -2.340821743 -0.118938826 -0.010534224 0.992845714 89.466506958
0.991529644 0.000956496 0.129876837 2.348592758 -0.002306724 0.999944866 0.010246176 -2.344908237 -0.129859880 -0.010458981 0.991477132 90.012313843
0.989893794 0.000338325 0.141809881 2.453374863 -0.001745832 0.999950469 0.009801012 -2.353195190 -0.141799510 -0.009949539 0.989845335 90.565322876
0.988261402 0.000077150 0.152773350 2.557492256 -0.001581927 0.999951422 0.009728209 -2.365434647 -0.152765155 -0.009855689 0.988213360 91.115089417
0.986753047 -0.000706499 0.162227914 2.666366577 -0.000893097 0.999951720 0.009787035 -2.369795799 -0.162227005 -0.009802273 0.986704707 91.668884277
0.984729052 -0.001386891 0.174088344 2.790482521 -0.000223436 0.999957383 0.009230114 -2.378791094 -0.174093708 -0.009128059 0.984686732 92.204521179
0.982459664 -0.001522461 0.186469063 2.913802147 -0.000199183 0.999957561 0.009213786 -2.388732195 -0.186475173 -0.009089314 0.982417643 92.738319397
0.980387688 -0.002366616 0.197064400 3.044857025 0.000589411 0.999958634 0.009076566 -2.396462917 -0.197077751 -0.008782402 0.980348468 93.275146484
0.977647007 -0.002412907 0.210239246 3.186767578 0.000520729 0.999958873 0.009055007 -2.411995888 -0.210252464 -0.008743124 0.977607965 93.815505981
0.974593461 -0.002495183 0.223967016 3.332700729 0.000507227 0.999959946 0.008933201 -2.417338371 -0.223980322 -0.008592638 0.974555790 94.351554871
0.971937239 -0.002618965 0.235225677 3.488054276 0.000570837 0.999961317 0.008774752 -2.434198141 -0.235239536 -0.008394232 0.971901238 94.877265930
0.968875110 -0.003443584 0.247526079 3.670063019 0.001199681 0.999956787 0.009215566 -2.456191301 -0.247547135 -0.008631780 0.968837380 95.443283081
0.965366423 -0.004168022 0.260864347 3.852195740 0.001778961 0.999954283 0.009393702 -2.468546391 -0.260891587 -0.008604296 0.965329707 95.980339050
0.961856544 -0.004162363 0.273522675 4.031732559 0.001705798 0.999956012 0.009218414 -2.484296083 -0.273549020 -0.008400218 0.961821377 96.515007019
0.958657146 -0.004501422 0.284527898 4.221029282 0.001904737 0.999953985 0.009402331 -2.499673843 -0.284557074 -0.008471661 0.958621681 97.025733948
0.954390585 -0.004742798 0.298523158 4.413101196 0.001942197 0.999951303 0.009677484 -2.508467436 -0.298554510 -0.008656309 0.954353333 97.554611206
0.949987590 -0.005127193 0.312245548 4.620798111 0.002133065 0.999948382 0.009929822 -2.525851488 -0.312280357 -0.008767166 0.949949563 98.076736450
0.946115494 -0.005803871 0.323777735 4.823698044 0.002764429 0.999947727 0.009846568 -2.531804085 -0.323817968 -0.008420927 0.946081936 98.608146667
0.941452384 -0.005490369 0.337101310 5.028749466 0.002168645 0.999945283 0.010229545 -2.549169302 -0.337139100 -0.008899575 0.941412807 99.135086060
0.936253548 -0.005556249 0.351281106 5.249212265 0.002111478 0.999945879 0.010188621 -2.556908131 -0.351318717 -0.008797409 0.936214566 99.667259216
0.931520224 -0.006347877 0.363634139 5.476575851 0.002643486 0.999939382 0.010683904 -2.573727608 -0.363679916 -0.008991013 0.931480706 100.176429749
0.926892340 -0.006715765 0.375267148 5.700923920 0.003054428 0.999941766 0.010350620 -2.583987713 -0.375314862 -0.008447682 0.926858902 100.680641174
0.921195865 -0.007388982 0.389029026 5.945491791 0.003709951 0.999940991 0.010207351 -2.585207224 -0.389081419 -0.007959691 0.921168983 101.188888550
0.915882111 -0.008353938 0.401360422 6.198757172 0.004544918 0.999935091 0.010441459 -2.597305536 -0.401421607 -0.007738996 0.915860713 101.686256409
0.911296308 -0.009147072 0.411649585 6.452919006 0.005392276 0.999932528 0.010281791 -2.607540607 -0.411715895 -0.007150030 0.911284208 102.191795349
0.905874252 -0.009805527 0.423433274 6.719131470 0.005999374 0.999928713 0.010320754 -2.616899014 -0.423504263 -0.006808972 0.905868471 102.684364319
0.899427831 -0.010126693 0.436951756 6.985618591 0.006155765 0.999925911 0.010502934 -2.637798309 -0.437025785 -0.006756859 0.899423599 103.156417847
0.893826485 -0.011966470 0.448253334 7.274925232 0.008089920 0.999911427 0.010561945 -2.639355659 -0.448339999 -0.005814213 0.893844187 103.666748047
0.888196230 -0.012497337 0.459294260 7.548900604 0.008539419 0.999906301 0.010693553 -2.648857594 -0.459384948 -0.005575867 0.888219774 104.138877869
0.881120682 -0.012390479 0.472729355 7.831871033 0.008415976 0.999909163 0.010521593 -2.657680511 -0.472816855 -0.005292314 0.881144881 104.604003906
0.873934686 -0.011843412 0.485899121 8.117061615 0.007682727 0.999914706 0.010554049 -2.671920538 -0.485982656 -0.005490519 0.873951197 105.057899475
