1.000000000 0.000000000 0.000000000 0.000000000 0.000000000 1.000000000 0.000000000 0.000000000 0.000000000 0.000000000 1.000000000 0.000000000
1.000000000 0.000027751 -0.000020521 0.000270426 -0.000027750 1.000000000 0.000028326 -0.000939672 0.000020522 -0.000028326 1.000000000 -0.001638625
1.000000000 -0.000029091 -0.000007149 0.000931036 0.000029091 1.000000000 -0.000004483 -0.000471383 0.000007150 0.000004483 1.000000000 -0.002508816
1.000000000 -0.000158443 -0.000115557 0.001815842 0.000158451 1.000000000 0.000065978 -0.001768479 0.000115546 -0.000065996 1.000000000 -0.004216654
1.000000000 -0.000151867 -0.000084536 -0.000255559 0.000151867 1.000000000 -0.000009656 0.000367006 0.000084537 0.000009643 1.000000000 -0.002986284
1.000000000 -0.000171298 -0.000047651 0.000853404 0.000171301 1.000000000 0.000063983 -0.000696604 0.000047640 -0.000063991 1.000000000 -0.001296161
1.000000000 -0.000177643 -0.000010161 -0.000011891 0.000177643 1.000000000 0.000039915 -0.000674141 0.000010154 -0.000039917 1.000000000 -0.003700352
1.000000000 -0.000069598 -0.000051901 0.000147164 0.000069600 1.000000000 0.000035902 0.000514751 0.000051898 -0.000035906 1.000000000 -0.003660215
1.000000000 -0.000064639 -0.000029993 0.000353351 0.000064639 1.000000000 -0.000008469 0.000495270 0.000029994 0.000008467 1.000000000 -0.000535618
1.000000000 -0.000071607 -0.000060117 -0.000336350 0.000071607 1.000000000 0.000000495 0.001157131 0.000060117 -0.000000499 1.000000000 -0.001708488
1.000000000 -0.000155607 -0.000125184 0.000944489 0.000155614 1.000000000 0.000058912 -0.000510081 0.000125175 -0.000058932 1.000000000 -0.002946835
1.000000000 -0.000189245 -0.000103441 0.000042343 0.000189245 1.000000000 0.000001073 0.000397985 0.000103441 -0.000001092 1.000000000 -0.000492447
1.000000000 -0.000218731 -0.000061456 -0.000752578 0.000218733 1.000000000 0.000039399 0.000942015 0.000061448 -0.000039412 1.000000000 -0.000758452
1.000000000 -0.000175306 -0.000054285 0.000417114 0.000175308 1.000000000 0.000032003 -0.000162188 0.000054280 -0.000032013 1.000000000 -0.003623478
1.000000000 -0.000121303 -0.000082465 0.001248914 0.000121314 1.000000000 0.000130440 -0.000687639 0.000082449 -0.000130450 1.000000000 -0.003980763
1.000000000 -0.000102762 -0.000044369 0.002110847 0.000102767 1.000000000 0.000107232 -0.001442940 0.000044358 -0.000107237 1.000000000 -0.007394160
1.000000000 -0.000131960 -0.000082201 0.001109099 0.000131962 1.000000000 0.000018381 0.000664885 0.000082198 -0.000018392 1.000000000 -0.002697395
1.000000000 -0.000074798 -0.000092861 0.001054868 0.000074805 1.000000000 0.000074788 -0.000252994 0.000092856 -0.000074795 1.000000000 -0.004467809
0.999999940 -0.000252385 -0.000115660 0.000738042 0.000252393 0.999999940 0.000068912 -0.000545051 0.000115642 -0.000068941 1.000000000 -0.003489741
0.999999940 -0.000267855 -0.000095140 0.000695862 0.000267859 0.999999940 0.000034192 0.000778125 0.000095131 -0.000034217 1.000000000 -0.000032971
0.999999940 -0.000241406 -0.000068019 -0.000210021 0.000241409 0.999999940 0.000049841 -0.000652459 0.000068007 -0.000049858 1.000000000 -0.002751889
1.000000000 -0.000151443 -0.000109828 0.002935829 0.000151450 1.000000000 0.000067765 -0.000012634 0.000109817 -0.000067782 1.000000000 -0.002187778
1.000000000 -0.000119573 -0.000113115 0.002449313 0.000119582 1.000000000 0.000082522 -0.001017748 0.000113105 -0.000082536 1.000000000 -0.002408659
0.999999940 -0.000246769 -0.000145347 0.001429507 0.000246781 0.999999940 0.000083647 -0.000539194 0.000145327 -0.000083683 1.000000000 -0.004316445
0.999999940 -0.000281127 -0.000197941 0.002756770 0.000281143 0.999999940 0.000082645 -0.000627796 0.000197918 -0.000082701 1.000000000 -0.004011129
0.999999940 -0.000275585 -0.000145873 0.001555322 0.000275595 0.999999940 0.000067158 0.000256633 0.000145855 -0.000067198 1.000000000 -0.003172897
0.999999940 -0.000300148 -0.000176779 0.002892902 0.000300161 0.999999940 0.000071190 -0.000333452 0.000176757 -0.000071243 1.000000000 -0.004482775
0.999999940 -0.000394087 -0.000149806 0.001177894 0.000394099 0.999999940 0.000082988 -0.000784008 0.000149774 -0.000083047 1.000000000 -0.004725125
0.999999940 -0.000228321 -0.000149877 0.001635319 0.000228336 0.999999940 0.000104811 -0.000203588 0.000149853 -0.000104846 1.000000000 -0.002243199
1.000000000 -0.000183263 -0.000120595 0.002575477 0.000183277 1.000000000 0.000114249 -0.001128179 0.000120574 -0.000114272 1.000000000 -0.004096852
0.999999940 -0.000273580 -0.000153730 0.000637472 0.000273591 0.999999940 0.000073704 0.000614365 0.000153710 -0.000073746 1.000000000 -0.001167167
0.999999940 -0.000293940 -0.000165298 0.000626318 0.000293957 0.999999940 0.000100221 0.000141067 0.000165269 -0.000100270 1.000000000 -0.003645559
0.999999940 -0.000226048 -0.000142578 0.001369364 0.000226049 1.000000000 0.000008767 0.000321725 0.000142576 -0.000008799 1.000000000 -0.001773642
0.999999940 -0.000309409 -0.000158220 0.001963901 0.000309416 0.999999940 0.000044251 0.000068012 0.000158206 -0.000044300 1.000000000 -0.001621868
0.999999940 -0.000292422 -0.000101192 0.000835158 0.000292431 0.999999940 0.000084834 -0.000736423 0.000101168 -0.000084863 1.000000000 -0.005596551
0.999999940 -0.000310750 -0.000201657 0.002970622 0.000310757 0.999999940 0.000031803 0.000298916 0.000201647 -0.000031866 1.000000000 -0.003217792
0.999999940 -0.000206341 -0.000132786 0.002779915 0.000206356 1.000000000 0.000115617 -0.000417835 0.000132762 -0.000115644 1.000000000 -0.006630016
0.999999940 -0.000313464 -0.000142305 0.000563392 0.000313473 0.999999940 0.000070180 -0.000035205 0.000142283 -0.000070225 1.000000000 -0.004392108
0.999999940 -0.000259454 -0.000158195 0.001251935 0.000259477 0.999999940 0.000142669 -0.000463455 0.000158158 -0.000142710 1.000000000 -0.003461850
0.999999940 -0.000303476 -0.000186583 0.002794627 0.000303483 0.999999940 0.000036859 -0.001095544 0.000186572 -0.000036916 1.000000000 0.000080180
0.999999940 -0.000247064 -0.000104743 0.001630757 0.000247007 0.999999821 -0.000547759 -0.000790860 0.000104878 0.000547733 0.999999821 0.048712973
1.000000000 -0.000118093 -0.000146105 0.001877395 0.000117930 0.999999344 -0.001119093 -0.003184343 0.000146237 0.001119076 0.999999344 0.140538245
0.999999940 -0.000204913 -0.000148144 0.005276151 0.000204702 0.999998987 -0.001428927 -0.007391782 0.000148437 0.001428897 0.999998987 0.254111022
1.000000000 -0.000225972 -0.000086196 0.005825516 0.000225850 0.999998987 -0.001406964 -0.012419134 0.000086514 0.001406944 0.999998987 0.389613420
0.999999940 -0.000155984 -0.000229225 0.011517768 0.000155727 0.999999344 -0.001119768 -0.019462874 0.000229399 0.001119732 0.999999344 0.523825049
1.000000000 -0.000186539 -0.000122872 0.012868240 0.000186411 0.999999464 -0.001038982 -0.022354454 0.000123066 0.001038959 0.999999464 0.685140431
1.000000000 -0.000122442 -0.000128762 0.019777786 0.000122320 0.999999523 -0.000940297 -0.025728457 0.000128877 0.000940281 0.999999523 0.844374537
0.999999940 0.000332403 0.000079802 0.017069342 -0.000332338 0.999999642 -0.000812035 -0.025475709 -0.000080072 0.000812009 0.999999642 1.021552324
1.000000000 -0.000092552 -0.000176720 0.027828759 0.000092449 0.999999821 -0.000578371 -0.036558386 0.000176774 0.000578355 0.999999821 1.178255081
0.999998927 0.000823553 -0.001197890 0.043503866 -0.000824185 0.999999523 -0.000526933 -0.049995366 0.001197455 0.000527920 0.999999166 1.359514356
0.999998808 0.000877952 -0.001227549 0.047096677 -0.000878469 0.999999464 -0.000421072 -0.055406798 0.001227179 0.000422150 0.999999166 1.551400304
0.999999285 0.000489543 -0.001077663 0.050845623 -0.000490025 0.999999881 -0.000446431 -0.061580546 0.001077444 0.000446959 0.999999344 1.755845189
0.999999285 0.000375088 -0.001143333 0.051422030 -0.000375365 0.999999881 -0.000242140 -0.065628134 0.001143242 0.000242569 0.999999344 1.945103526
0.999999523 0.000622913 -0.000789893 0.049644165 -0.000623200 0.999999762 -0.000362891 -0.070643418 0.000789666 0.000363383 0.999999642 2.158176184
0.999999225 0.000663818 -0.001104455 0.060676031 -0.000663995 0.999999762 -0.000160511 -0.077740937 0.001104349 0.000161244 0.999999404 2.372188807
0.999999344 0.000459774 -0.001048708 0.068545781 -0.000459761 0.999999821 0.000012177 -0.083887815 0.001048714 -0.000011695 0.999999523 2.590656996
0.999999344 0.000801440 -0.000843694 0.066047244 -0.000801674 0.999999583 -0.000276901 -0.093132436 0.000843472 0.000277578 0.999999702 2.817982912
0.999999285 0.000711273 -0.000955536 0.069465302 -0.000711133 0.999999762 0.000147186 -0.097816914 0.000955641 -0.000146507 0.999999523 3.055085659
0.999999225 0.000571211 -0.001113389 0.075691044 -0.000571146 0.999999881 0.000058852 -0.107156694 0.001113422 -0.000058216 0.999999404 3.294281006
0.999999404 0.000554623 -0.000929275 0.077912658 -0.000554473 0.999999821 0.000161593 -0.115025900 0.000929364 -0.000161078 0.999999523 3.523843765
0.999999225 0.000531415 -0.001116992 0.092396267 -0.000530982 0.999999762 0.000387534 -0.125733033 0.001117198 -0.000386941 0.999999285 3.784987926
0.999999642 0.000495032 -0.000764789 0.088016160 -0.000494746 0.999999821 0.000375069 -0.130235285 0.000764974 -0.000374690 0.999999583 4.046311378
0.999998927 0.001335460 -0.000467532 0.090409234 -0.001335004 0.999998629 0.000975372 -0.150965050 0.000468834 -0.000974747 0.999999344 4.307765007
0.999999046 0.001271983 -0.000491922 0.095911831 -0.001271442 0.999998569 0.001097815 -0.158285186 0.000493318 -0.001097188 0.999999285 4.563552380
0.999999404 0.000898177 -0.000625535 0.103643760 -0.000897466 0.999998927 0.001135578 -0.165973976 0.000626554 -0.001135016 0.999999166 4.824527740
0.999999821 0.000252700 -0.000739575 0.103260107 -0.000251648 0.999998987 0.001421837 -0.178113565 0.000739934 -0.001421650 0.999998689 5.078722954
0.999999702 0.000238909 -0.000724407 0.110372640 -0.000237951 0.999999046 0.001322162 -0.184388593 0.000724723 -0.001321989 0.999998868 5.341195107
0.999999702 0.000189194 -0.000728092 0.114004262 -0.000188235 0.999999166 0.001316619 -0.191929162 0.000728340 -0.001316482 0.999998808 5.618696690
0.999999642 0.000545798 -0.000662933 0.113505147 -0.000544825 0.999998808 0.001466440 -0.200353891 0.000663732 -0.001466078 0.999998629 5.888765812
0.999999940 0.000294412 -0.000271679 0.115732402 -0.000293908 0.999998152 0.001855506 -0.223078445 0.000272225 -0.001855425 0.999998152 6.141484737
0.999999702 0.000807362 -0.000040684 0.116051383 -0.000807281 0.999997675 0.001955358 -0.231188700 0.000042263 -0.001955325 0.999998033 6.430945396
0.999999583 0.000997424 -0.000001764 0.124473013 -0.000997418 0.999997675 0.001924887 -0.242898941 0.000003684 -0.001924885 0.999998152 6.703487396
0.999999642 0.000885697 -0.000009109 0.132756650 -0.000885677 0.999997616 0.001971163 -0.252530605 0.000010854 -0.001971154 0.999998093 7.012147903
0.999999762 0.000633182 -0.000287230 0.144767076 -0.000632562 0.999997437 0.002154102 -0.264138460 0.000288593 -0.002153920 0.999997616 7.298388958
0.999999404 0.001169842 0.000116703 0.153336346 -0.001170149 0.999995768 0.002667448 -0.285831302 -0.000113582 -0.002667583 0.999996424 7.578313351
0.999999702 0.000745346 0.000209665 0.161348164 -0.000745913 0.999996066 0.002714065 -0.292450070 -0.000207641 -0.002714220 0.999996305 7.889714718
0.999999106 0.001196886 0.000389493 0.164033413 -0.001197895 0.999995887 0.002600946 -0.302930981 -0.000386378 -0.002601411 0.999996543 8.202815056
0.999999166 0.001226711 0.000329147 0.168462515 -0.001227539 0.999996066 0.002527918 -0.304793358 -0.000326044 -0.002528320 0.999996781 8.534401894
0.999998271 0.001765473 0.000533675 0.170202285 -0.001767035 0.999994159 0.002940420 -0.323902667 -0.000528481 -0.002941358 0.999995530 8.878504753
0.999998689 0.001479404 0.000620663 0.179216236 -0.001481224 0.999994576 0.002942864 -0.335017860 -0.000616306 -0.002943779 0.999995470 9.202334404
0.999999940 0.000386446 -0.000150969 0.201014966 -0.000385917 0.999993861 0.003490902 -0.384381026 0.000152317 -0.003490843 0.999993920 9.543386459
0.999999940 0.000414589 -0.000056129 0.206745431 -0.000414379 0.999993145 0.003687719 -0.392751813 0.000057658 -0.003687695 0.999993265 9.891694069
0.999999762 0.000703248 0.000187686 0.208603963 -0.000703925 0.999993205 0.003633362 -0.403618336 -0.000185129 -0.003633494 0.999993443 10.261316299
0.999999881 0.000471383 0.000000441 0.226497173 -0.000471382 0.999992609 0.003809029 -0.414347440 0.000001355 -0.003809028 0.999992788 10.612772942
0.999999821 0.000533372 0.000269737 0.221488878 -0.000534344 0.999993324 0.003618989 -0.415934443 -0.000267805 -0.003619133 0.999993443 10.973580360
0.999999702 0.000679944 0.000509390 0.230054379 -0.000681830 0.999992907 0.003711166 -0.427961946 -0.000506863 -0.003711512 0.999993026 11.349059105
0.999999464 0.000923611 0.000529506 0.237024784 -0.000925648 0.999992192 0.003860397 -0.435760260 -0.000525936 -0.003860884 0.999992430 11.739744186
0.999999464 0.000884315 0.000490730 0.248756230 -0.000886271 0.999991596 0.003998829 -0.449181288 -0.000487189 -0.003999262 0.999991953 12.104901314
0.999999821 0.000247556 0.000489344 0.251917690 -0.000249894 0.999988556 0.004783771 -0.488279969 -0.000488154 -0.004783893 0.999988437 12.494580269
0.999999642 0.000558221 0.000720561 0.257049143 -0.000561635 0.999988675 0.004745925 -0.497340024 -0.000717903 -0.004746329 0.999988437 12.896693230
0.999999821 0.000437790 0.000364133 0.274300545 -0.000439550 0.999988198 0.004847927 -0.513273716 -0.000362006 -0.004848086 0.999988139 13.282183647
0.999999702 0.000448149 0.000655938 0.277599066 -0.000451395 0.999987662 0.004956187 -0.519628227 -0.000653709 -0.004956482 0.999987483 13.703169823
0.999999821 0.000301418 0.000471420 0.300578445 -0.000303871 0.999986470 0.005212048 -0.538865745 -0.000469843 -0.005212191 0.999986291 14.087077141
0.999999285 -0.000980157 0.000689166 0.304825097 0.000976363 0.999984503 0.005483878 -0.566360176 -0.000694530 -0.005483202 0.999984682 14.515275955
0.999998569 -0.001582157 0.000728067 0.317117780 0.001577902 0.999981940 0.005808407 -0.580923676 -0.000737244 -0.005807251 0.999982893 14.926741600
0.999998748 -0.001017795 0.001225623 0.327976584 0.001010377 0.999981225 0.006037618 -0.598503470 -0.001231745 -0.006036371 0.999981046 15.351777077
0.999998748 -0.000916044 0.001312053 0.343854576 0.000908284 0.999982178 0.005902686 -0.601521671 -0.001317437 -0.005901486 0.999981642 15.755413055
0.999998450 -0.000938955 0.001508594 0.354821235 0.000930225 0.999982893 0.005776944 -0.611049235 -0.001513993 -0.005775530 0.999982119 16.203027725
0.999998271 -0.001128444 0.001488420 0.366320163 0.001119249 0.999980390 0.006164162 -0.624076068 -0.001495347 -0.006162486 0.999979854 16.651119232
0.999997377 -0.000443378 0.002246436 0.367847204 0.000430005 0.999982119 0.005950380 -0.641546726 -0.002249035 -0.005949398 0.999979794 17.094839096
0.999996483 -0.000734233 0.002534435 0.377207965 0.000718439 0.999980330 0.006227031 -0.651994526 -0.002538957 -0.006225189 0.999977410 17.563062668
0.999996185 -0.000809281 0.002612597 0.395083547 0.000793164 0.999980628 0.006163959 -0.664777815 -0.002617534 -0.006161863 0.999977589 18.021072388
0.999995291 -0.001055627 0.002844795 0.408366919 0.001038310 0.999980927 0.006081730 -0.675506413 -0.002851161 -0.006078748 0.999977469 18.490411758
0.999995649 -0.000987494 0.002771389 0.414900690 0.000968571 0.999976277 0.006821173 -0.702535510 -0.002778059 -0.006818459 0.999972880 18.903858185
0.999995947 -0.000697708 0.002754052 0.430963278 0.000677444 0.999972820 0.007351910 -0.715802491 -0.002759106 -0.007350016 0.999969184 19.387285233
0.999996066 -0.000305500 0.002762193 0.441747993 0.000284893 0.999972105 0.007457481 -0.727480948 -0.002764394 -0.007456665 0.999968410 19.868629456
0.999995887 -0.000397905 0.002857822 0.448543519 0.000375997 0.999970675 0.007662365 -0.733588278 -0.002860788 -0.007661258 0.999966562 20.373737335
0.999997079 -0.001029615 0.002186039 0.473677486 0.001014330 0.999975085 0.006981798 -0.758086443 -0.002193174 -0.006979560 0.999973238 20.795211792
0.999997675 -0.001066214 0.001845590 0.480190516 0.001053514 0.999975801 0.006868261 -0.764166176 -0.001852869 -0.006866301 0.999974728 21.307344437
0.999998748 -0.000759557 0.001389116 0.479972601 0.000750093 0.999976635 0.006800958 -0.779156685 -0.001394249 -0.006799908 0.999975860 21.806035995
0.999998629 -0.001032410 0.001290914 0.492182314 0.001022951 0.999972701 0.007307236 -0.787618876 -0.001298424 -0.007305905 0.999972522 22.306427002
0.999999225 -0.000775882 0.000987763 0.493516266 0.000768600 0.999972820 0.007350807 -0.803666353 -0.000993439 -0.007350042 0.999972463 22.783872604
0.999999523 -0.000932410 0.000296964 0.504212618 0.000930258 0.999973953 0.007165174 -0.817274690 -0.000303637 -0.007164895 0.999974251 23.310401917
0.999996006 -0.002773682 -0.000496924 0.517153800 0.002777131 0.999971092 0.007078554 -0.827303231 0.000477276 -0.007079907 0.999974847 23.774169922
0.999996722 -0.002292077 -0.001133366 0.529055417 0.002300692 0.999967992 0.007660076 -0.852448344 0.001115772 -0.007662660 0.999970019 24.307279587
0.999995172 -0.002310714 -0.002105214 0.542758822 0.002326788 0.999967873 0.007665352 -0.862748265 0.002087434 -0.007670213 0.999968410 24.836894989
0.999993384 -0.002245235 -0.002878450 0.555434108 0.002267900 0.999966264 0.007895238 -0.869636595 0.002860626 -0.007901713 0.999964654 25.357030869
0.999993026 -0.001784975 -0.003284892 0.556455195 0.001810507 0.999968052 0.007786250 -0.875521660 0.003270889 -0.007792143 0.999964297 25.888317108
0.999990582 -0.002234523 -0.003711132 0.565231502 0.002266244 0.999960721 0.008565503 -0.889506519 0.003691847 -0.008573834 0.999956429 26.440422058
0.999986529 -0.002332671 -0.004623290 0.585032344 0.002372290 0.999960363 0.008582586 -0.902915478 0.004603086 -0.008593438 0.999952435 26.998209000
0.999988019 -0.001783259 -0.004546224 0.581563234 0.001820590 0.999964654 0.008220694 -0.912364721 0.004531403 -0.008228874 0.999955893 27.503980637
0.999984503 -0.002334830 -0.005060931 0.592236280 0.002378190 0.999960363 0.008578497 -0.923854172 0.005040702 -0.008590400 0.999950409 28.040805817
0.999982893 -0.002361401 -0.005344453 0.603459299 0.002407270 0.999960124 0.008592617 -0.941733658 0.005323949 -0.008605335 0.999948859 28.588989258
0.999982476 -0.001875841 -0.005618234 0.616561294 0.001923087 0.999962747 0.008415937 -0.952719629 0.005602237 -0.008426594 0.999948800 29.079639435
0.999977767 -0.002586413 -0.006149980 0.628816724 0.002638737 0.999960363 0.008515231 -0.966071844 0.006127711 -0.008531269 0.999944866 29.620203018
0.999978364 -0.002022712 -0.006282706 0.619789779 0.002075921 0.999961913 0.008474215 -0.971142709 0.006265327 -0.008487075 0.999944329 30.179368973
0.999976754 -0.002195777 -0.006449920 0.626329541 0.002251233 0.999960423 0.008603235 -0.983148813 0.006430773 -0.008617555 0.999942183 30.722169876
0.999973714 -0.002445238 -0.006845294 0.638969719 0.002503003 0.999961138 0.008442816 -0.998740077 0.006824384 -0.008459728 0.999940932 31.257314682
0.999972820 -0.001892172 -0.007121890 0.658253074 0.001951754 0.999963105 0.008368473 -1.010388017 0.007105792 -0.008382146 0.999939620 31.827037811
0.999973714 -0.001859051 -0.007010055 0.661648870 0.001923688 0.999955535 0.009225147 -1.048195601 0.006992593 -0.009238388 0.999932885 32.263652802
0.999970257 -0.001887303 -0.007474471 0.668416440 0.001958053 0.999953270 0.009469496 -1.062378407 0.007456249 -0.009483849 0.999927282 32.808471680
0.999969304 -0.001781355 -0.007625788 0.675530732 0.001851492 0.999956012 0.009200218 -1.068000555 0.007609063 -0.009214056 0.999928534 33.345424652
0.999969542 -0.001373435 -0.007688117 0.675042331 0.001445733 0.999954700 0.009406085 -1.079991221 0.007674850 -0.009416914 0.999926209 33.885967255
0.999958217 -0.003461842 -0.008462159 0.675694644 0.003542853 0.999947846 0.009577189 -1.122770667 0.008428563 -0.009606768 0.999918342 34.404857635
0.999958575 -0.003142475 -0.008554994 0.679164290 0.003224240 0.999949098 0.009560538 -1.131110072 0.008524515 -0.009587722 0.999917686 34.957530975
0.999953151 -0.003711021 -0.008947138 0.694054604 0.003794294 0.999949455 0.009308289 -1.137201905 0.008912142 -0.009341799 0.999916673 35.509830475
0.999952674 -0.003410388 -0.009119201 0.695255876 0.003495827 0.999949992 0.009369623 -1.157350421 0.009086790 -0.009401058 0.999914527 36.061325073
0.999953270 -0.003442858 -0.009034681 0.711815357 0.003540389 0.999935508 0.010801479 -1.187144756 0.008996909 -0.010832960 0.999900818 36.505970001
0.999946892 -0.004010007 -0.009492947 0.721693397 0.004111694 0.999934137 0.010716748 -1.195430398 0.009449348 -0.010755209 0.999897480 37.051609039
0.999946892 -0.004155056 -0.009429608 0.729399085 0.004256694 0.999932826 0.010784248 -1.204325438 0.009384166 -0.010823812 0.999897361 37.591033936
0.999946535 -0.003866017 -0.009590365 0.735318899 0.003971278 0.999931872 0.010981126 -1.222080112 0.009547259 -0.011018625 0.999893665 38.161170959
0.999948800 -0.003469648 -0.009501559 0.752947688 0.003572102 0.999935389 0.010787289 -1.224752665 0.009463517 -0.010820676 0.999896646 38.661918640
0.999949038 -0.003140596 -0.009596990 0.721930146 0.003245734 0.999934673 0.010959437 -1.254805803 0.009561946 -0.010990028 0.999893844 39.205753326
0.999949694 -0.003068378 -0.009555095 0.737848401 0.003176442 0.999931037 0.011314999 -1.274464250 0.009519717 -0.011344781 0.999890327 39.727401733
0.999948919 -0.003766051 -0.009386559 0.735865474 0.003872185 0.999928534 0.011314583 -1.280635357 0.009343277 -0.011350350 0.999891937 40.305690765
0.999947846 -0.003284007 -0.009675094 0.746609509 0.003397389 0.999925494 0.011725951 -1.295168161 0.009635866 -0.011758209 0.999884367 40.857563019
0.999945581 -0.003485683 -0.009826635 0.754894793 0.003599388 0.999926507 0.011577263 -1.302407265 0.009785558 -0.011612004 0.999884725 41.411991119
0.999947548 -0.003408166 -0.009666523 0.748894095 0.003516338 0.999931157 0.011195499 -1.304070234 0.009627702 -0.011228901 0.999890625 41.940959930
0.999938071 -0.004290097 -0.010268387 0.767403960 0.004411090 0.999920785 0.011789542 -1.330203533 0.010216996 -0.011834109 0.999877691 42.403522491
0.999935150 -0.004587180 -0.010420931 0.773421526 0.004711763 0.999917388 0.011962085 -1.343446493 0.010365197 -0.012010411 0.999874115 42.962879181
0.999937236 -0.004365047 -0.010311082 0.774255633 0.004485888 0.999921143 0.011725677 -1.352641463 0.010259086 -0.011771196 0.999878049 43.475811005
0.999937236 -0.004303439 -0.010342727 0.777304053 0.004426785 0.999918938 0.011932709 -1.367062330 0.010290538 -0.011977742 0.999875307 44.002342224
0.999939799 -0.003963315 -0.010225213 0.783278465 0.004082957 0.999923050 0.011706424 -1.376451254 0.010178030 -0.011747468 0.999879241 44.557548523
0.999942183 -0.003724670 -0.010086264 0.797014832 0.003844060 0.999922454 0.011843549 -1.388401270 0.010041371 -0.011881638 0.999878943 45.065139771
0.999942243 -0.003637345 -0.010109178 0.796567798 0.003755804 0.999924242 0.011723782 -1.398542762 0.010065768 -0.011761072 0.999880135 45.594684601
0.999940932 -0.003505347 -0.010286397 0.829266429 0.003635004 0.999913871 0.012613216 -1.428203583 0.010241297 -0.012649860 0.999867618 46.084262848
0.999936461 -0.004347722 -0.010401915 0.793109059 0.004479382 0.999909699 0.012667571 -1.428020477 0.010345899 -0.012713360 0.999865651 46.644676208
0.999936938 -0.004214182 -0.010414259 0.799403787 0.004347767 0.999908149 0.012837992 -1.435739279 0.010359201 -0.012882460 0.999863386 47.192981720
0.999940276 -0.004104235 -0.010131728 0.807494998 0.004230494 0.999913275 0.012471990 -1.449074268 0.010079662 -0.012514106 0.999870837 47.703262329
0.999942005 -0.003792887 -0.010084235 0.814456224 0.003915331 0.999918461 0.012150187 -1.461135507 0.010037329 -0.012188965 0.999875307 48.258167267
0.999938428 -0.004005923 -0.010350689 0.819744229 0.004139183 0.999908388 0.012885304 -1.475478172 0.010298124 -0.012927352 0.999863386 48.766788483
0.999942720 -0.003375051 -0.010154679 0.817943454 0.003506760 0.999909580 0.012980563 -1.483455777 0.010109951 -0.013015429 0.999864101 49.308658600
0.999936223 -0.004054396 -0.010537218 0.830158770 0.004192746 0.999904871 0.013140959 -1.501235604 0.010482938 -0.013184301 0.999858141 49.815265656
0.999939263 -0.003851205 -0.010325545 0.834036529 0.003987826 0.999904335 0.013243505 -1.507894874 0.010273553 -0.013283878 0.999859035 50.366561890
0.999936521 -0.003972967 -0.010539588 0.834629059 0.004112790 0.999903381 0.013278136 -1.513435721 0.010485816 -0.013320642 0.999856234 50.873790741
0.999937654 -0.003800987 -0.010498089 0.844406188 0.003940254 0.999904096 0.013277299 -1.524899960 0.010446616 -0.013317836 0.999856710 51.400615692
0.999935567 -0.003992070 -0.010625228 0.852241278 0.004133366 0.999902904 0.013309510 -1.534769535 0.010571065 -0.013352571 0.999854982 51.937625885
0.999932468 -0.004412792 -0.010747628 0.859472930 0.004557439 0.999898970 0.013471365 -1.545742273 0.010687097 -0.013519436 0.999851525 52.478996277
0.999929607 -0.004585221 -0.010944663 0.870440841 0.004734904 0.999895155 0.013689757 -1.561834931 0.010880744 -0.013740619 0.999846399 53.022132874
0.999936998 -0.003795154 -0.010574274 0.861573458 0.003939969 0.999898195 0.013707894 -1.567839622 0.010521174 -0.013748690 0.999850094 53.529518127
0.999936700 -0.003871023 -0.010560061 0.880408406 0.004007143 0.999908805 0.012899394 -1.547466993 0.010509165 -0.012940892 0.999861062 54.155006409
0.999935508 -0.004141964 -0.010572059 0.880124867 0.004286535 0.999897063 0.013688929 -1.589759588 0.010514271 -0.013733362 0.999850392 54.570377350
0.999934673 -0.004392340 -0.010552439 0.890418828 0.004539085 0.999892771 0.013922811 -1.596990824 0.010490154 -0.013969800 0.999847353 55.117790222
0.999939084 -0.004220873 -0.010195835 0.887031972 0.004364034 0.999891579 0.014059965 -1.612625718 0.010135384 -0.014103604 0.999849141 55.659442902
0.999935091 -0.004330648 -0.010547406 0.902757764 0.004477363 0.999893010 0.013926327 -1.618288517 0.010485968 -0.013972647 0.999847353 56.135967255
0.999949753 -0.003061455 -0.009555000 0.875033438 0.003190057 0.999904156 0.013472933 -1.600234389 0.009512837 -0.013502735 0.999863625 56.729637146
0.999932647 -0.004620130 -0.010649338 0.914992452 0.004765682 0.999894977 0.013683096 -1.631620049 0.010585002 -0.013732925 0.999849677 57.246734619
0.999934375 -0.004940046 -0.010331805 0.913211524 0.005079112 0.999896228 0.013477250 -1.646192551 0.010264152 -0.013528843 0.999855816 57.793003082
0.999939680 -0.003805765 -0.010300766 0.914485872 0.003938838 0.999908686 0.012929437 -1.631021857 0.010250619 -0.012969229 0.999863446 58.339744568
0.999937713 -0.004097022 -0.010384112 0.935911417 0.004240464 0.999895394 0.013829471 -1.662207842 0.010326366 -0.013872642 0.999850452 58.780967712
0.999932885 -0.005373471 -0.010259148 0.938206792 0.005510690 0.999895096 0.013394075 -1.670100689 0.010186098 -0.013449712 0.999857664 59.455074310
0.999931097 -0.004481338 -0.010855954 0.955015600 0.004631490 0.999893486 0.013845815 -1.680169582 0.010792748 -0.013895138 0.999845207 59.877296448
0.999936342 -0.003863748 -0.010610932 0.974430382 0.004015252 0.999889731 0.014294087 -1.691181898 0.010554534 -0.014335779 0.999841571 60.411666870
0.999935746 -0.003916481 -0.010643459 0.981584787 0.004070110 0.999887347 0.014451045 -1.701731205 0.010585663 -0.014493435 0.999839008 60.940998077
0.999937952 -0.003553906 -0.010559446 0.992406130 0.003702380 0.999894083 0.014074672 -1.716581345 0.010508308 -0.014112893 0.999845207 61.434192657
0.999931455 -0.003669316 -0.011121469 1.020462155 0.003824006 0.999895811 0.013919949 -1.720204711 0.011069234 -0.013961520 0.999841332 61.938472748
0.999945700 -0.002567092 -0.010098760 0.983938336 0.002718604 0.999883473 0.015018014 -1.803225517 0.010059032 -0.015044653 0.999836206 62.440143585
0.999950111 -0.002082369 -0.009770541 0.980121255 0.002227215 0.999887466 0.014837466 -1.805050373 0.009738544 -0.014858488 0.999842167 62.979076385
0.999947131 -0.002154112 -0.010059392 0.983422577 0.002306303 0.999882698 0.015142207 -1.817511797 0.010025595 -0.015164605 0.999834716 63.528812408
0.999955177 -0.001515765 -0.009342409 0.972618401 0.001652107 0.999891996 0.014603470 -1.823933244 0.009319265 -0.014618251 0.999849737 64.063034058
0.999948084 -0.002495125 -0.009879747 0.989978373 0.002647435 0.999877393 0.015433393 -1.846661687 0.009840027 -0.015458748 0.999832094 64.553558350
0.999947131 -0.002404717 -0.010000273 1.003603339 0.002554613 0.999884188 0.015003489 -1.836666822 0.009963037 -0.015028245 0.999837339 65.157562256
0.999942839 -0.003069702 -0.010242837 1.003258944 0.003231837 0.999869108 0.015850322 -1.862763882 0.010192838 -0.015882520 0.999821901 65.643226624
0.999946296 -0.002832800 -0.009965544 1.011397123 0.002995144 0.999862432 0.016313486 -1.881320596 0.009917959 -0.016342457 0.999817252 66.155357361
0.999939382 -0.003637905 -0.010398647 1.033690691 0.003807659 0.999859095 0.016351717 -1.891458273 0.010337695 -0.016390320 0.999812186 66.663040161
0.999944508 -0.002515038 -0.010232883 1.039349079 0.002680838 0.999864876 0.016221339 -1.892491579 0.010190700 -0.016247870 0.999816000 67.181587219
0.999959409 -0.000788393 -0.008974069 0.970777214 0.000931262 0.999872744 0.015927266 -1.966105223 0.008960370 -0.015934980 0.999832809 67.672294617
0.999959111 -0.000389925 -0.009028801 0.977767885 0.000534796 0.999871075 0.016048532 -1.979425430 0.009021379 -0.016052708 0.999830365 68.200393677
0.999956489 -0.000719258 -0.009298838 0.987457275 0.000869342 0.999869287 0.016146075 -1.981069922 0.009286009 -0.016153459 0.999826372 68.748847961
0.999959409 -0.000574126 -0.008987428 0.992817104 0.000720004 0.999867976 0.016236532 -1.982599735 0.008976920 -0.016242348 0.999827743 69.298919678
0.999955356 -0.001254403 -0.009369000 1.001616359 0.001407042 0.999866068 0.016303103 -1.995973945 0.009347295 -0.016315561 0.999823153 69.841491699
0.999954283 -0.001060604 -0.009503139 1.014958739 0.001215475 0.999866307 0.016305972 -1.997528434 0.009484576 -0.016316775 0.999821842 70.406585693
0.999963224 -0.000747413 -0.008540264 0.988616347 0.000886968 0.999865890 0.016348692 -2.027364969 0.008526900 -0.016355664 0.999829888 70.900787354
0.999965906 -0.000720537 -0.008218699 0.991487801 0.000855075 0.999865472 0.016378054 -2.031971693 0.008205793 -0.016384525 0.999832094 71.454231262
0.999963701 -0.000567509 -0.008498727 0.997312427 0.000705862 0.999867141 0.016285049 -2.036390305 0.008488356 -0.016290460 0.999831200 72.007934570
0.999961376 -0.001268670 -0.008713481 1.011978149 0.001412090 0.999863327 0.016473249 -2.047268867 0.008691391 -0.016484916 0.999826252 72.515159607
0.999964833 -0.000807250 -0.008349773 1.013074398 0.000943249 0.999866784 0.016296672 -2.052929163 0.008335507 -0.016303975 0.999832273 73.066154480
0.999969125 0.000085614 -0.007864266 0.993023813 0.000041974 0.999868393 0.016222233 -2.061083317 0.007864619 -0.016222062 0.999837458 73.585289001
0.999961078 -0.001160148 -0.008748395 1.024440408 0.001304035 0.999863684 0.016459495 -2.068233967 0.008728106 -0.016470261 0.999826252 74.109771729
0.999968171 0.000030100 -0.007988638 1.019463897 0.000102256 0.999862731 0.016567167 -2.073531151 0.007988039 -0.016567452 0.999830902 74.661705017
0.999963343 -0.000432225 -0.008549346 1.034892797 0.000571778 0.999866486 0.016327515 -2.077978849 0.008541146 -0.016331803 0.999830186 75.194770813
0.999957621 -0.001489281 -0.009086330 1.044071913 0.001640578 0.999859810 0.016666455 -2.095613003 0.009060234 -0.016680654 0.999819756 75.722183228
0.999956965 -0.001647641 -0.009127295 1.044839382 0.001799070 0.999860466 0.016607424 -2.095430851 0.009098660 -0.016623130 0.999820411 76.265487671
0.999949932 -0.002557749 -0.009671781 1.063646674 0.002709982 0.999872208 0.015759630 -2.081787348 0.009630235 -0.015785052 0.999828994 76.877143860
0.999958396 -0.001945311 -0.008906708 1.063996077 0.002093667 0.999858677 0.016677741 -2.105824232 0.008873007 -0.016695693 0.999821246 77.328285217
0.999960959 -0.001543400 -0.008698346 1.063017130 0.001686256 0.999863446 0.016440025 -2.111301422 0.008671786 -0.016454052 0.999826968 77.882682800
0.999962270 -0.001172350 -0.008604649 1.070652485 0.001313615 0.999864101 0.016430043 -2.117703915 0.008584219 -0.016440723 0.999827981 78.424644470
0.999963462 -0.001397980 -0.008435941 1.077194333 0.001535451 0.999865711 0.016311552 -2.118733883 0.008412004 -0.016323907 0.999831378 78.955177307
0.999970019 -0.001709518 -0.007558043 1.087051153 0.001830169 0.999870539 0.015985230 -2.123867750 0.007529737 -0.015998583 0.999843657 79.501907349
0.999982953 -0.001069540 -0.005742962 1.081134796 0.001163343 0.999865592 0.016355127 -2.149427414 0.005724698 -0.016361529 0.999849737 80.037117004
0.999987185 -0.002301655 -0.004510229 1.110266924 0.002374433 0.999865949 0.016197966 -2.143977404 0.004472342 -0.016208468 0.999858558 80.625274658
0.999997437 -0.001948932 -0.001174580 1.128543496 0.001967526 0.999869406 0.016043024 -2.151445866 0.001143159 -0.016045295 0.999870598 81.167999268
0.999993742 -0.002243994 0.002727116 1.148796916 0.002199415 0.999865711 0.016240941 -2.157130718 -0.002763194 -0.016234843 0.999864340 81.715904236
0.999981463 -0.003196711 0.005186313 1.170455694 0.003114175 0.999869525 0.015844997 -2.148757696 -0.005236289 -0.015828550 0.999861002 82.319229126
0.999949217 -0.003809652 0.009333390 1.198080301 0.003664706 0.999873102 0.015498027 -2.144252777 -0.009391246 -0.015463037 0.999836266 82.845298767
0.999861896 -0.001859872 0.016515341 1.201286554 0.001593399 0.999868572 0.016133429 -2.152601242 -0.016543176 -0.016104884 0.999733448 83.379066467
0.999760330 -0.002374065 0.021763042 1.237088203 0.002030360 0.999873102 0.015801588 -2.160225391 -0.021797791 -0.015753612 0.999638200 83.912399292
0.999610841 -0.002029135 0.027820855 1.254927397 0.001587048 0.999872267 0.015903348 -2.170240402 -0.027849574 -0.015853008 0.999486327 84.484642029
0.999373853 -0.002479839 0.035294842 1.306330442 0.001931191 0.999876857 0.015570326 -2.164029121 -0.035329118 -0.015492414 0.999255657 85.030319214
0.999053299 -0.003150151 0.043388505 1.363005400 0.002465819 0.999871850 0.015816677 -2.186753988 -0.043432761 -0.015694717 0.998933077 85.600410461
0.998728693 -0.003140779 0.050310876 1.368678331 0.002374891 0.999880493 0.015275674 -2.165459871 -0.050352842 -0.015136771 0.998616755 86.186904907
0.998213828 -0.001705265 0.059718512 1.440239668 0.000757293 0.999873400 0.015893055 -2.196105719 -0.059738055 -0.015819443 0.998088717 86.672012329
0.997608721 -0.003131031 0.069043875 1.501729488 0.002057529 0.999875963 0.015613745 -2.192559719 -0.069084197 -0.015434348 0.997491419 87.250808716
0.996981263 -0.002964508 0.077586189 1.581412315 0.001713702 0.999867558 0.016183125 -2.209488153 -0.077623904 -0.016001312 0.996854305 87.814117432
0.996282756 -0.003018352 0.086089611 1.641384602 0.001672665 0.999875367 0.015699096 -2.216087580 -0.086126260 -0.015496741 0.996163726 88.355163574
0.995310068 -0.002649398 0.096700117 1.712203026 0.001121469 0.999873698 0.015851630 -2.222537994 -0.096729919 -0.015668839 0.995187342 88.893608093
0.994288206 -0.003777219 0.106661692 1.817218304 0.002135176 0.999877512 0.015504868 -2.214873314 -0.106707193 -0.015188568 0.994174480 89.479110718
0.993279994 -0.004515655 0.115647927 1.906540871 0.002793411 0.999882817 0.015049875 -2.229822159 -0.115702324 -0.014625688 0.993176222 90.053718567
0.991898596 -0.003817017 0.126975596 1.990842819 0.001806560 0.999871254 0.015944811 -2.231130600 -0.127020121 -0.015586246 0.991777658 90.574195862
0.990322828 -0.004777373 0.138700709 2.102395058 0.002544645 0.999864340 0.016270326 -2.254100800 -0.138759613 -0.015759930 0.990200698 91.115394592
0.988797367 -0.005880682 0.149148345 2.223019600 0.003564499 0.999868929 0.015791956 -2.258732080 -0.149221659 -0.015083405 0.988688707 91.667945862
0.987160027 -0.004860173 0.159660444 2.331807137 0.002386034 0.999874175 0.015684307 -2.254801273 -0.159716621 -0.015101966 0.987047374 92.257301331
0.985002756 -0.005126507 0.172462180 2.452157974 0.002453558 0.999873638 0.015708346 -2.263020992 -0.172520936 -0.015049619 0.984890819 92.789634705
0.982637048 -0.005579321 0.185453847 2.578804970 0.002660936 0.999868691 0.015981628 -2.277265072 -0.185518697 -0.015210661 0.982522964 93.320930481
0.980737209 -0.006233986 0.195232347 2.708553314 0.003253300 0.999873281 0.015584327 -2.274724960 -0.195304751 -0.014648979 0.980633199 93.877433777
0.978093743 -0.006273367 0.208070576 2.847269058 0.003072304 0.999872029 0.015704105 -2.285597801 -0.208142459 -0.014720831 0.977987707 94.395484924
0.975072563 -0.006634347 0.221786708 3.004053116 0.003067369 0.999860406 0.016423503 -2.297668934 -0.221864715 -0.015333806 0.974956870 94.919517517
0.972346187 -0.006418088 0.233455703 3.127834320 0.002682716 0.999863267 0.016314367 -2.280479431 -0.233528480 -0.015236917 0.972230554 95.470733643
0.969521224 -0.007759983 0.244884402 3.312709808 0.003844771 0.999857128 0.016462004 -2.312302351 -0.244977131 -0.015018736 0.969412625 95.977554321
0.965884328 -0.007726496 0.258858502 3.476316452 0.003643161 0.999861300 0.016250394 -2.318334103 -0.258948147 -0.014752937 0.965778589 96.504623413
0.962591410 -0.008453191 0.270825386 3.650388718 0.004257237 0.999861717 0.016076941 -2.323672056 -0.270923853 -0.014322556 0.962494254 97.017395020
0.959529996 -0.008498373 0.281478256 3.871929169 0.003927848 0.999851167 0.016797820 -2.325610876 -0.281579107 -0.015012409 0.959420562 97.544998169
0.954825878 -0.007391563 0.297073752 4.005399704 0.002414604 0.999850452 0.017116733 -2.295354366 -0.297155857 -0.015626187 0.954701126 98.119949341
0.950801730 -0.008467042 0.309684247 4.264036179 0.003340296 0.999848485 0.017081276 -2.332207203 -0.309781939 -0.015206469 0.950686038 98.642639160
0.947196126 -0.009438638 0.320515931 4.468694687 0.004191669 0.999845743 0.017056406 -2.335643768 -0.320627481 -0.014812265 0.947089553 99.164115906
0.942591965 -0.009540787 0.333810329 4.668621063 0.004212431 0.999851942 0.016682439 -2.340741158 -0.333920121 -0.014318577 0.942492723 99.677024841
0.937712908 -0.009969485 0.347268045 4.893140793 0.004221535 0.999841332 0.017304543 -2.352555752 -0.347385466 -0.014760692 0.937606215 100.184982300
0.933041215 -0.009769311 0.359636843 5.112453461 0.003800124 0.999843121 0.017301079 -2.360307217 -0.359749436 -0.014775951 0.932931960 100.690216064
0.928910136 -0.011180262 0.370136201 5.333066940 0.005193650 0.999839127 0.017166730 -2.363238573 -0.370268583 -0.014023996 0.928818822 101.183708191
0.923287213 -0.011106156 0.383949637 5.559188843 0.004835852 0.999838769 0.017292587 -2.361075878 -0.384079784 -0.014109300 0.923192084 101.701515198
0.917690277 -0.011246690 0.397137642 5.800739288 0.004662197 0.999835193 0.017541490 -2.367447376 -0.397269547 -0.014246121 0.917591333 102.204574585
0.912525475 -0.011431015 0.408860236 6.047107697 0.004846028 0.999841273 0.017138075 -2.371984005 -0.408991337 -0.013657582 0.912436008 102.707084656
0.906285584 -0.011864702 0.422499329 6.312316895 0.004893460 0.999833465 0.017580749 -2.379228592 -0.422637492 -0.013865696 0.906192720 103.204452515
0.899617612 -0.012010696 0.436513335 6.581588745 0.004861838 0.999835193 0.017490702 -2.384772301 -0.436651468 -0.013612683 0.899527729 103.685317993
0.894037485 -0.013100445 0.447800636 6.856472015 0.005792656 0.999826849 0.017684935 -2.393692017 -0.447954744 -0.013217039 0.893958509 104.158744812
0.888255596 -0.013246414 0.459158391 7.120609283 0.005666811 0.999824047 0.017881649 -2.391391277 -0.459314436 -0.013281508 0.888174415 104.660293579
0.881421030 -0.013556911 0.472136825 7.404071808 0.005740568 0.999821663 0.017991899 -2.406119823 -0.472296536 -0.013148105 0.881341636 105.110183716
0.874126852 -0.013379479 0.485513300 7.690979004 0.005485148 0.999828696 0.017677110 -2.401329041 -0.485666633 -0.012788924 0.874050558 105.618148804
