1.000000000 0.000000000 0.000000000 0.000000000 0.000000000 1.000000000 0.000000000 0.000000000 0.000000000 0.000000000 1.000000000 0.000000000
1.000000000 0.000030240 0.000136604 -0.003409314 -0.000030212 1.000000000 -0.000206512 0.004508641 -0.000136610 0.000206508 0.999999940 0.004256548
1.000000000 0.000036361 0.000066247 -0.002256485 -0.000036352 1.000000000 -0.000137571 0.002391564 -0.000066252 0.000137568 1.000000000 0.000705713
0.999999940 0.000309652 0.000113739 -0.000010623 -0.000309634 0.999999940 -0.000157036 0.003713505 -0.000113788 0.000157001 1.000000000 -0.001936413
1.000000000 0.000232020 0.000047431 0.002530747 -0.000232016 0.999999940 -0.000081266 0.002035545 -0.000047450 0.000081255 1.000000000 -0.001361398
1.000000000 0.000152260 0.000059505 0.000233342 -0.000152257 1.000000000 -0.000061491 0.002147349 -0.000059515 0.000061481 1.000000000 -0.001285651
1.000000000 0.000126180 0.000132379 -0.002316782 -0.000126167 1.000000000 -0.000097249 0.002325132 -0.000132391 0.000097233 1.000000000 -0.000814763
1.000000000 0.000028038 -0.000002454 0.000801896 -0.000028038 1.000000000 -0.000027123 0.001697553 0.000002453 0.000027123 1.000000000 -0.002434755
1.000000000 0.000067840 0.000168099 -0.005590572 -0.000067813 1.000000000 -0.000160500 0.003896259 -0.000168110 0.000160489 1.000000000 0.004165697
0.999999940 0.000198833 0.000225898 -0.004718946 -0.000198803 1.000000000 -0.000134665 0.002235950 -0.000225924 0.000134620 0.999999940 -0.001378178
0.999999940 0.000206964 0.000209928 -0.004005270 -0.000206930 0.999999940 -0.000159929 0.002111243 -0.000209961 0.000159886 0.999999940 -0.000644604
1.000000000 0.000181117 0.000146629 -0.002292033 -0.000181101 1.000000000 -0.000108632 0.002831706 -0.000146649 0.000108605 1.000000000 -0.002735269
0.999999940 0.000126465 0.000216398 -0.005703667 -0.000126456 1.000000000 -0.000043481 0.000546224 -0.000216403 0.000043454 1.000000000 -0.002924030
1.000000000 0.000005814 0.000113176 -0.003120672 -0.000005802 1.000000000 -0.000113607 0.000725433 -0.000113176 0.000113607 1.000000000 -0.001805219
1.000000000 0.000088329 0.000097830 -0.000995607 -0.000088314 1.000000000 -0.000144246 0.002729825 -0.000097843 0.000144238 1.000000000 -0.003400341
1.000000000 -0.000184843 -0.000114961 0.002316670 0.000184839 1.000000000 -0.000035432 0.001126896 0.000114968 0.000035411 1.000000000 -0.006537685
1.000000000 -0.000239764 0.000007009 -0.002198581 0.000239765 0.999999940 -0.000122096 0.000751598 -0.000006979 0.000122097 1.000000000 -0.004675988
1.000000000 -0.000097778 0.000021993 0.000376751 0.000097779 1.000000000 -0.000030424 0.000119018 -0.000021990 0.000030426 1.000000000 -0.007293622
1.000000000 0.000092221 -0.000003884 0.000110852 -0.000092221 1.000000000 0.000000793 0.002204028 0.000003884 -0.000000793 1.000000000 -0.007692615
1.000000000 -0.000080611 -0.000001599 -0.001803451 0.000080611 1.000000000 -0.000032667 -0.000309708 0.000001602 0.000032667 1.000000000 -0.007353361
1.000000000 0.000002774 0.000070182 -0.001044303 -0.000002768 1.000000000 -0.000080132 0.001082448 -0.000070182 0.000080132 1.000000000 -0.007625295
1.000000000 -0.000138946 0.000014927 0.000230262 0.000138946 1.000000000 -0.000023457 -0.000479944 -0.000014924 0.000023459 1.000000000 -0.004026405
1.000000000 0.000141132 0.000173609 -0.006067896 -0.000141097 0.999999940 -0.000200564 0.003586980 -0.000173637 0.000200540 0.999999940 0.003518153
1.000000000 -0.000087759 -0.000080213 0.000755641 0.000087750 1.000000000 -0.000108124 0.000712407 0.000080223 0.000108117 1.000000000 0.000421973
1.000000000 -0.000067195 0.000022109 -0.000797767 0.000067195 1.000000000 -0.000009963 0.002276647 -0.000022108 0.000009964 1.000000000 0.000070017
1.000000000 0.000010462 -0.000047459 0.002328832 -0.000010469 1.000000000 -0.000142244 0.003471627 0.000047458 0.000142244 1.000000000 -0.006808923
1.000000000 -0.000064112 0.000112639 -0.003144245 0.000064130 1.000000000 -0.000161811 0.003471429 -0.000112628 0.000161818 1.000000000 -0.001106259
0.999999940 0.000267573 0.000214027 -0.005379884 -0.000267531 0.999999940 -0.000197020 0.003142013 -0.000214080 0.000196962 0.999999940 0.000102272
1.000000000 0.000030606 0.000119836 -0.003656939 -0.000030602 1.000000000 -0.000031815 0.002291707 -0.000119837 0.000031812 1.000000000 -0.000800135
1.000000000 -0.000189677 0.000029440 -0.004798706 0.000189682 0.999999940 -0.000160990 0.006089251 -0.000029409 0.000160996 1.000000000 0.002616677
1.000000000 -0.000072285 0.000040524 -0.003653508 0.000072288 1.000000000 -0.000092000 0.002532978 -0.000040518 0.000092003 1.000000000 0.000899435
1.000000000 -0.000122905 0.000123783 -0.003895913 0.000122903 1.000000000 0.000018840 0.001357382 -0.000123785 -0.000018824 1.000000000 0.000980599
1.000000000 -0.000184442 0.000082262 -0.005048925 0.000184444 1.000000000 -0.000020887 0.001991023 -0.000082258 0.000020902 1.000000000 -0.001282779
1.000000000 -0.000115716 0.000004008 -0.002693996 0.000115716 1.000000000 0.000000510 0.001813686 -0.000004008 -0.000000509 1.000000000 -0.002889136
1.000000000 0.000059067 0.000063612 -0.003823630 -0.000059055 1.000000000 -0.000178052 0.001767956 -0.000063623 0.000178048 1.000000000 -0.000220123
1.000000000 0.000052542 0.000099037 -0.004528708 -0.000052531 1.000000000 -0.000112085 0.002807174 -0.000099043 0.000112080 1.000000000 0.000118182
1.000000000 -0.000156004 -0.000176977 0.003260288 0.000156028 1.000000000 0.000132774 -0.000524154 0.000176956 -0.000132801 1.000000000 -0.012979039
1.000000000 0.000013033 0.000080447 -0.003893502 -0.000013012 0.999999940 -0.000261105 0.004582479 -0.000080451 0.000261104 0.999999940 0.000991755
1.000000000 -0.000174894 0.000056833 -0.002971726 0.000174895 1.000000000 -0.000030026 0.001734576 -0.000056828 0.000030036 1.000000000 -0.000641339
1.000000000 -0.000024372 -0.000036798 0.000881159 0.000024379 1.000000000 0.000174123 -0.001131114 0.000036794 -0.000174124 1.000000000 -0.008566601
0.999999940 -0.000271482 -0.000135172 0.000166983 0.000271481 0.999999940 -0.000003629 -0.000896832 0.000135173 0.000003593 1.000000000 -0.000569047
1.000000000 0.000056720 0.000087389 0.001969192 -0.000056666 0.999999821 -0.000611622 -0.003938802 -0.000087424 0.000611617 0.999999821 0.049034625
1.000000000 0.000052189 -0.000017069 0.000261754 -0.000052216 0.999998808 -0.001545980 0.001058385 0.000016988 0.001545981 0.999998808 0.148346648
1.000000000 -0.000067669 -0.000096890 0.005057345 0.000067518 0.999998808 -0.001552944 -0.007767379 0.000096995 0.001552937 0.999998808 0.263926417
1.000000000 -0.000198123 0.000034212 0.002288943 0.000198171 0.999998987 -0.001399082 -0.012277751 -0.000033935 0.001399089 0.999999046 0.395780325
1.000000000 0.000014843 -0.000103163 0.004649525 -0.000014965 0.999999285 -0.001187766 -0.017569944 0.000103145 0.001187767 0.999999285 0.537626028
1.000000000 -0.000023923 0.000151704 0.006143461 0.000024068 0.999999523 -0.000958156 -0.031396735 -0.000151681 0.000958160 0.999999523 0.680409372
0.999999940 -0.000358864 0.000025416 0.019767080 0.000358880 0.999999762 -0.000627898 -0.031928014 -0.000025191 0.000627907 0.999999821 0.847538233
0.999999940 -0.000249753 -0.000157786 0.023395102 0.000249661 0.999999821 -0.000584935 -0.036834799 0.000157933 0.000584896 0.999999821 1.030451179
0.999999940 -0.000131339 0.000228690 0.013824499 0.000131526 0.999999642 -0.000818661 -0.036142781 -0.000228583 0.000818691 0.999999642 1.209495664
1.000000000 -0.000076978 -0.000016007 0.029706556 0.000076969 0.999999821 -0.000608478 -0.047218092 0.000016054 0.000608477 0.999999821 1.416619539
0.999999583 -0.000556766 -0.000752100 0.043575685 0.000556550 0.999999821 -0.000286395 -0.057072010 0.000752260 0.000285976 0.999999702 1.611419678
0.999998748 -0.001462334 0.000582779 0.021699321 0.001460593 0.999994516 0.002976090 -0.111501709 -0.000587128 -0.002975235 0.999995351 1.714682817
0.999998212 -0.001754818 0.000704586 0.027118234 0.001752550 0.999993324 0.003207915 -0.116664857 -0.000710210 -0.003206675 0.999994576 1.922265768
0.999999344 -0.000884566 0.000750472 0.028366072 0.000882231 0.999994755 0.003105597 -0.125669509 -0.000753215 -0.003104932 0.999994874 2.115830183
0.999999523 -0.000800733 0.000594829 0.034715183 0.000798760 0.999994218 0.003309640 -0.131099060 -0.000597476 -0.003309163 0.999994338 2.337170124
0.999999344 -0.000892125 0.000770594 0.031240594 0.000889516 0.999993980 0.003379009 -0.137833476 -0.000773604 -0.003378321 0.999994040 2.562101364
0.999999166 -0.000313183 0.001225139 0.035689585 0.000308705 0.999993265 0.003653884 -0.146254271 -0.001226275 -0.003653503 0.999992490 2.801171064
0.999999106 -0.000571235 0.001205842 0.040104844 0.000566775 0.999993026 0.003696009 -0.160382405 -0.001207945 -0.003695323 0.999992430 3.036359549
0.999998331 -0.001714519 0.000473202 0.056020297 0.001712525 0.999989808 0.004181818 -0.168856800 -0.000480367 -0.004181001 0.999991119 3.268335581
0.999998450 -0.001642212 0.000560393 0.065777466 0.001639798 0.999989450 0.004281322 -0.175115049 -0.000567418 -0.004280396 0.999990642 3.532773733
0.999999225 -0.000902650 0.000750626 0.066229902 0.000899486 0.999990702 0.004205544 -0.180516094 -0.000754415 -0.004204866 0.999990821 3.783791304
0.999998569 -0.001452570 0.000824706 0.073982507 0.001448802 0.999988556 0.004552137 -0.190039560 -0.000831309 -0.004550935 0.999989271 4.069233894
0.999999046 -0.001216212 0.000526556 0.077081762 0.001213765 0.999988556 0.004621747 -0.193020970 -0.000532171 -0.004621103 0.999989152 4.317595005
0.999998987 -0.001075687 0.000912873 0.072934754 0.001071206 0.999987423 0.004895689 -0.215722188 -0.000918127 -0.004894706 0.999987602 4.548467159
0.999998808 -0.001108518 0.001033276 0.078132398 0.001103183 0.999986053 0.005149452 -0.225020528 -0.001038970 -0.005148306 0.999986231 4.802134514
0.999998748 -0.001064714 0.001099363 0.085462712 0.001059320 0.999987423 0.004894760 -0.225972429 -0.001104561 -0.004893591 0.999987423 5.060635090
0.999998152 -0.001681413 0.000893122 0.085233301 0.001677046 0.999986708 0.004867764 -0.232085824 -0.000901295 -0.004866258 0.999987781 5.329827309
0.999997914 -0.001584733 0.001268101 0.073431529 0.001578061 0.999984980 0.005245165 -0.266839832 -0.001276394 -0.005243153 0.999985456 5.612215042
0.999998093 -0.001501580 0.001197835 0.083775841 0.001495201 0.999984682 0.005308053 -0.273151159 -0.001205787 -0.005306252 0.999985218 5.878068924
0.999998689 -0.000585747 0.001522556 0.085350893 0.000577680 0.999985754 0.005293211 -0.281431407 -0.001525635 -0.005292324 0.999984801 6.156490803
0.999997437 -0.001302487 0.001865325 0.090962134 0.001292236 0.999984026 0.005486628 -0.292165875 -0.001872442 -0.005484203 0.999983191 6.426600933
0.999997556 -0.001616886 0.001499830 0.095134899 0.001608574 0.999983311 0.005527399 -0.306690693 -0.001508742 -0.005524972 0.999983609 6.733582497
0.999997616 -0.001415543 0.001705611 0.104530402 0.001406433 0.999984741 0.005330111 -0.296635777 -0.001713130 -0.005327698 0.999984324 7.032238007
0.999997318 -0.002255724 0.000552773 0.134425879 0.002252397 0.999979794 0.005947228 -0.332531363 -0.000566177 -0.005945967 0.999982178 7.358996868
0.999997377 -0.002281910 0.000289210 0.147235394 0.002280147 0.999979675 0.005956741 -0.344463319 -0.000302797 -0.005956066 0.999982238 7.660067558
0.999996543 -0.002653664 0.000152726 0.162237734 0.002652618 0.999975502 0.006481529 -0.354307473 -0.000169922 -0.006481102 0.999978960 7.990251064
0.999997079 -0.002435813 0.000111297 0.155361071 0.002435076 0.999977767 0.006204747 -0.355940908 -0.000126409 -0.006204457 0.999980748 8.304554939
0.999997258 -0.002322610 0.000240075 0.157443076 0.002321050 0.999977410 0.006306025 -0.362415075 -0.000254716 -0.006305451 0.999980152 8.629721642
0.999995589 -0.002937397 0.000428583 0.137710780 0.002934616 0.999975562 0.006351640 -0.375074238 -0.000447230 -0.006350354 0.999979734 8.947575569
0.999998391 -0.001014872 0.001493502 0.133797929 0.001005422 0.999979496 0.006314580 -0.390814513 -0.001499880 -0.006313068 0.999978960 9.314848900
0.999997854 -0.001756860 0.001166521 0.150423214 0.001749711 0.999979794 0.006101946 -0.394300014 -0.001177218 -0.006099891 0.999980748 9.657002449
0.999996841 -0.002492525 0.000482058 0.167973235 0.002489406 0.999976635 0.006365535 -0.401018649 -0.000497913 -0.006364314 0.999979675 10.011617661
0.999997437 -0.002009565 0.001111650 0.164772823 0.002002505 0.999978065 0.006316065 -0.409776658 -0.001124318 -0.006313822 0.999979436 10.364843369
0.999997854 -0.002061011 0.000456682 0.180705264 0.002057987 0.999976575 0.006526292 -0.421314240 -0.000470122 -0.006525337 0.999978602 10.743663788
0.999996543 -0.002529275 0.000684965 0.210617170 0.002524586 0.999973893 0.006761236 -0.421015561 -0.000702048 -0.006759483 0.999976933 11.084197044
0.999997795 -0.001503080 0.001436998 0.183346987 0.001492490 0.999971926 0.007342600 -0.466973990 -0.001447994 -0.007340439 0.999971986 11.464107513
0.999997377 -0.001973620 0.001128009 0.194356337 0.001965976 0.999975324 0.006737612 -0.467672378 -0.001141279 -0.006735377 0.999976635 11.848383904
0.999997735 -0.001679336 0.001346561 0.205184788 0.001669803 0.999973774 0.007049751 -0.476175070 -0.001358364 -0.007047487 0.999974191 12.234316826
0.999997735 -0.001036129 0.001899174 0.207336888 0.001022262 0.999972880 0.007288283 -0.483813047 -0.001906674 -0.007286324 0.999971688 12.600667000
0.999997616 -0.001653729 0.001428558 0.224283904 0.001643548 0.999973416 0.007098502 -0.493205488 -0.001440259 -0.007096136 0.999973774 13.005414963
0.999996305 -0.002502638 0.001135390 0.238032654 0.002494006 0.999968410 0.007540805 -0.509429455 -0.001154227 -0.007537945 0.999970913 13.382966042
0.999994874 -0.003087309 0.000821285 0.244120538 0.003080649 0.999963343 0.007989969 -0.542896390 -0.000845922 -0.007987400 0.999967694 13.823248863
0.999995172 -0.003023123 0.000669611 0.255703539 0.003017361 0.999959767 0.008445049 -0.552353680 -0.000695115 -0.008442988 0.999964118 14.236033440
0.999994040 -0.003353362 0.000805851 0.269189775 0.003346368 0.999958098 0.008529774 -0.570389748 -0.000834421 -0.008527028 0.999963284 14.665354729
0.999990523 -0.004211776 0.001114530 0.269021630 0.004201647 0.999951243 0.008939600 -0.578394175 -0.001152128 -0.008934833 0.999959409 15.055171013
0.999993324 -0.002933142 0.002165161 0.265992284 0.002912969 0.999952793 0.009262200 -0.605257750 -0.002192226 -0.009255830 0.999954760 15.506590843
0.999993265 -0.002479902 0.002682972 0.277084202 0.002455484 0.999955952 0.009066114 -0.611131251 -0.002705336 -0.009059466 0.999955356 15.942355156
0.999990642 -0.003673729 0.002287840 0.289495945 0.003651320 0.999945998 0.009722950 -0.629392803 -0.002323436 -0.009714506 0.999950111 16.372991562
0.999991715 -0.002743538 0.003027657 0.291314572 0.002715509 0.999953687 0.009223229 -0.624142826 -0.003052821 -0.009214930 0.999952912 16.837507248
0.999991417 -0.002746971 0.003121395 0.319577247 0.002718642 0.999955356 0.009044297 -0.639453053 -0.003146100 -0.009035733 0.999954224 17.272075653
0.999990821 -0.002131832 0.003721074 0.308474571 0.002096068 0.999951780 0.009588967 -0.656122565 -0.003741337 -0.009581080 0.999947131 17.805200577
0.999990225 -0.002757356 0.003442968 0.317457378 0.002723722 0.999948859 0.009735728 -0.681469023 -0.003469637 -0.009726255 0.999946594 18.163679123
0.999989152 -0.002757844 0.003778952 0.331277281 0.002720376 0.999947429 0.009884375 -0.686770558 -0.003806013 -0.009873986 0.999943912 18.639677048
0.999989927 -0.002292527 0.003872504 0.330955625 0.002252139 0.999943316 0.010401664 -0.706799984 -0.003896130 -0.010392836 0.999938369 19.118141174
0.999988139 -0.002221944 0.004340772 0.351369709 0.002178147 0.999946952 0.010068649 -0.710910618 -0.004362914 -0.010059075 0.999939859 19.600173950
0.999988437 -0.002325958 0.004205866 0.365708083 0.002281973 0.999942958 0.010432708 -0.728072524 -0.004229892 -0.010422990 0.999936700 20.056222916
0.999988198 -0.003380690 0.003494343 0.369082630 0.003342569 0.999935389 0.010858271 -0.748596072 -0.003530826 -0.010846462 0.999934971 20.502048492
0.999987185 -0.003836449 0.003314222 0.380079955 0.003799699 0.999931931 0.011024585 -0.762771964 -0.003356293 -0.011011850 0.999933779 21.001949310
0.999990761 -0.003520229 0.002464364 0.395558238 0.003491626 0.999927580 0.011516292 -0.781076252 -0.002504726 -0.011507582 0.999930680 21.530412674
0.999990642 -0.003535719 0.002508575 0.400700271 0.003507589 0.999931872 0.011130793 -0.781739712 -0.002547759 -0.011121889 0.999934912 22.020420074
0.999982893 -0.005578748 0.001773972 0.416949570 0.005556503 0.999908805 0.012306420 -0.827723503 -0.001842465 -0.012296352 0.999922693 22.422035217
0.999986231 -0.005023894 0.001526478 0.412792444 0.005005851 0.999920130 0.011602436 -0.831813693 -0.001584645 -0.011594634 0.999931514 22.939195633
0.999986112 -0.005215018 0.000792843 0.421267837 0.005205346 0.999917507 0.011746093 -0.842228353 -0.000854034 -0.011741802 0.999930680 23.473342896
0.999988198 -0.004767495 0.000954165 0.419463277 0.004755582 0.999915242 0.012120743 -0.854762554 -0.001011869 -0.012116062 0.999926090 24.035625458
0.999986410 -0.005172874 -0.000692636 0.436358392 0.005180467 0.999921024 0.011449434 -0.857064068 0.000633355 -0.011452867 0.999934137 24.468738556
0.999990165 -0.004432752 -0.000386978 0.439296305 0.004437091 0.999917626 0.012043841 -0.861624837 0.000333558 -0.012045439 0.999927342 25.026138306
0.999986947 -0.004838534 -0.001648226 0.444696754 0.004856542 0.999926627 0.011102529 -0.858999014 0.001594384 -0.011110390 0.999936998 25.574937820
0.999990284 -0.004103789 -0.001638729 0.448165983 0.004120705 0.999936879 0.010455874 -0.869938850 0.001595716 -0.010462524 0.999943972 26.096284866
0.999978900 -0.006054976 -0.002357834 0.449497998 0.006087417 0.999883354 0.014003255 -0.939787745 0.002272770 -0.014017312 0.999899149 26.545906067
0.999976695 -0.006435777 -0.002289277 0.457986861 0.006467926 0.999876499 0.014324551 -0.954605103 0.002196805 -0.014339022 0.999894738 27.094816208
0.999989569 -0.003896463 -0.002359792 0.456064343 0.003930612 0.999885082 0.014643379 -0.968857169 0.002302464 -0.014652504 0.999889970 27.669370651
0.999983013 -0.004911663 -0.003150551 0.470775396 0.004957008 0.999881864 0.014550091 -0.971907377 0.003078714 -0.014565459 0.999889135 28.265214920
0.999977291 -0.005663514 -0.003634453 0.489568740 0.005716742 0.999874055 0.014806195 -0.984838724 0.003550140 -0.014826637 0.999883771 28.833156586
0.999974608 -0.005777242 -0.004171176 0.458799660 0.005838526 0.999872863 0.014832283 -1.038012266 0.004084956 -0.014856262 0.999881268 29.155441284
0.999977231 -0.005295681 -0.004170720 0.467151523 0.005356746 0.999876499 0.014768910 -1.040326595 0.004091993 -0.014790916 0.999882221 29.702425003
0.999970376 -0.005675155 -0.005198602 0.530406296 0.005750837 0.999875903 0.014660889 -1.068105936 0.005114755 -0.014690352 0.999879062 30.216480255
0.999973953 -0.005201234 -0.005007993 0.487868607 0.005275714 0.999873936 0.014975794 -1.085013032 0.004929469 -0.015001823 0.999875307 30.647590637
0.999976695 -0.004402576 -0.005218821 0.499306560 0.004483109 0.999869525 0.015521214 -1.098726988 0.005149806 -0.015544248 0.999865890 31.185579300
0.999971271 -0.005370106 -0.005364539 0.518323302 0.005453287 0.999863207 0.015613331 -1.119061470 0.005279960 -0.015642134 0.999863744 31.753412247
0.999972701 -0.005198260 -0.005242819 0.485085338 0.005278726 0.999866664 0.015452844 -1.084226012 0.005161792 -0.015480096 0.999866843 32.290962219
0.999972641 -0.005117548 -0.005338942 0.461783469 0.005200138 0.999865234 0.015571945 -1.136474848 0.005258531 -0.015599282 0.999864459 32.759075165
0.999972880 -0.005003633 -0.005409407 0.460297346 0.005088333 0.999862909 0.015759276 -1.146522760 0.005329812 -0.015786372 0.999861181 33.325874329
0.999977171 -0.004403263 -0.005125437 0.464879930 0.004483975 0.999864340 0.015843617 -1.160717726 0.005054979 -0.015866237 0.999861300 33.874736786
0.999970317 -0.005245435 -0.005637878 0.481617719 0.005334726 0.999858737 0.015941087 -1.155581951 0.005553464 -0.015970692 0.999857068 34.379840851
0.999960065 -0.006096253 -0.006535764 0.479608715 0.006203865 0.999843359 0.016573157 -1.185557365 0.006433707 -0.016613042 0.999841273 34.822750092
0.999961913 -0.005890648 -0.006430122 0.474894762 0.005994914 0.999848902 0.016318331 -1.192273140 0.006333024 -0.016356261 0.999846101 35.392166138
0.999963284 -0.005331828 -0.006718358 0.495934010 0.005437370 0.999860466 0.015790390 -1.183241606 0.006633229 -0.015826339 0.999852717 35.960243225
0.999957740 -0.005683583 -0.007237135 0.508659720 0.005799951 0.999852538 0.016161181 -1.202904940 0.007144216 -0.016202472 0.999843180 36.459709167
0.999959290 -0.005976183 -0.006765912 0.491554260 0.006084183 0.999852598 0.016056061 -1.212787390 0.006668961 -0.016096577 0.999848187 36.985691071
0.999958813 -0.005652139 -0.007105926 0.505522192 0.005767812 0.999849379 0.016364705 -1.220866680 0.007012362 -0.016405016 0.999840736 37.549339294
0.999954045 -0.006802882 -0.006755576 0.478913277 0.006920990 0.999820888 0.017616319 -1.252210140 0.006634526 -0.017662264 0.999822021 37.890071869
0.999947011 -0.006726794 -0.007787813 0.516212761 0.006867550 0.999810934 0.018190468 -1.290266037 0.007663978 -0.018242987 0.999804258 38.440574646
0.999959052 -0.006280127 -0.006527673 0.480165720 0.006391579 0.999831796 0.017195385 -1.256613970 0.006418585 -0.017236400 0.999830842 38.965396881
0.999960780 -0.005683559 -0.006789167 0.504812360 0.005796181 0.999844074 0.016685612 -1.263311028 0.006693275 -0.016724313 0.999837697 39.513954163
0.999951303 -0.007187092 -0.006751645 0.495623678 0.007311540 0.999800503 0.018592050 -1.323272705 0.006616673 -0.018640511 0.999804318 40.049732208
0.999964297 -0.005296688 -0.006588309 0.537676334 0.005411656 0.999831259 0.017556520 -1.291005850 0.006494204 -0.017591547 0.999824166 40.651165009
0.999951720 -0.006315524 -0.007527268 0.549047470 0.006446478 0.999826074 0.017501902 -1.315224648 0.007415424 -0.017549582 0.999818444 41.213138580
0.999958038 -0.005705028 -0.007172341 0.546613157 0.005833566 0.999820471 0.018029947 -1.309017062 0.007068191 -0.018071031 0.999811709 41.745788574
0.999945283 -0.006717941 -0.008015734 0.551826060 0.006848039 0.999843478 0.016314644 -1.275813341 0.007904881 -0.016368644 0.999834776 42.101734161
0.999947488 -0.006593313 -0.007851319 0.548094928 0.006733657 0.999815583 0.017985044 -1.294023991 0.007731291 -0.018036965 0.999807477 42.632339478
0.999937356 -0.007032982 -0.008693505 0.560700893 0.007175366 0.999838948 0.016457032 -1.292073369 0.008576362 -0.016518384 0.999826789 43.180160522
0.999942362 -0.006845216 -0.008265318 0.571500659 0.006978016 0.999845386 0.016146677 -1.287004113 0.008153512 -0.016203424 0.999835432 43.739444733
0.999940336 -0.006702355 -0.008621559 0.584916115 0.006835719 0.999856055 0.015533363 -1.285725474 0.008516207 -0.015591370 0.999842167 44.235946655
0.999936461 -0.007211197 -0.008665523 0.572027028 0.007353212 0.999837339 0.016470112 -1.322287798 0.008545345 -0.016532784 0.999826789 44.694686890
0.999930739 -0.007722001 -0.008888976 0.585283399 0.007870223 0.999828577 0.016762428 -1.330669284 0.008758014 -0.016831223 0.999819994 45.237369537
0.999943674 -0.006198486 -0.008618073 0.573365927 0.006338339 0.999847114 0.016296299 -1.341073513 0.008515743 -0.016350005 0.999830067 45.794456482
0.999946177 -0.006422158 -0.008153216 0.544803739 0.006552164 0.999850214 0.016020102 -1.332505226 0.008049110 -0.016072661 0.999838412 46.325096130
0.999946594 -0.005581259 -0.008703944 0.595512867 0.005719453 0.999856651 0.015933743 -1.344485998 0.008613768 -0.015982671 0.999835134 46.864147186
0.999948382 -0.006323718 -0.007952943 0.550072372 0.006456975 0.999837339 0.016843300 -1.379275560 0.007845136 -0.016893782 0.999826431 47.406543732
0.999941468 -0.007336591 -0.007950817 0.548211753 0.007473379 0.999822199 0.017313182 -1.388238072 0.007822382 -0.017371591 0.999818444 47.826686859
0.999939978 -0.007627056 -0.007873645 0.559127390 0.007759953 0.999825597 0.016988458 -1.391062856 0.007742701 -0.017048538 0.999824703 48.377578735
0.999931037 -0.008225298 -0.008380047 0.568378210 0.008360875 0.999832630 0.016274218 -1.394636393 0.008244783 -0.016343161 0.999832451 48.934211731
0.999940217 -0.007106903 -0.008306514 0.575467288 0.007241583 0.999840915 0.016297735 -1.390590906 0.008189364 -0.016356915 0.999832690 49.516609192
0.999926090 -0.008113254 -0.009047044 0.605450749 0.008261247 0.999830604 0.016442535 -1.392661810 0.008912110 -0.016516061 0.999823868 50.030380249
0.999932826 -0.007497431 -0.008830176 0.588097215 0.007652837 0.999814093 0.017699143 -1.423501730 0.008695835 -0.017765531 0.999804378 50.373210907
0.999936521 -0.007204247 -0.008665848 0.595587134 0.007350965 0.999828100 0.017019592 -1.426529288 0.008541744 -0.017082214 0.999817610 50.918464661
0.999930382 -0.007485801 -0.009116116 0.626800179 0.007631185 0.999842525 0.016019003 -1.409135580 0.008994766 -0.016087456 0.999830127 51.462516785
0.999940991 -0.007003988 -0.008303002 0.573939681 0.007141669 0.999835551 0.016670059 -1.449961662 0.008184880 -0.016728375 0.999826550 51.992290497
0.999936342 -0.007764763 -0.008181079 0.543553710 0.007908530 0.999812245 0.017689714 -1.500426054 0.008042185 -0.017753288 0.999810040 52.487842560
0.999944866 -0.006800787 -0.007995549 0.589490175 0.006942370 0.999817193 0.017815268 -1.455563426 0.007872926 -0.017869793 0.999809325 52.844825745
0.999947667 -0.006417296 -0.007968420 0.591048002 0.006558242 0.999820292 0.017789779 -1.463570356 0.007852825 -0.017841106 0.999809921 53.397308350
0.999951065 -0.006176633 -0.007725231 0.583391249 0.006302428 0.999846160 0.016366925 -1.457783461 0.007622950 -0.016414812 0.999836206 53.936843872
0.999923944 -0.007749238 -0.009590695 0.631571651 0.007913378 0.999820709 0.017196689 -1.460565209 0.009455714 -0.017271275 0.999806166 54.523208618
0.999933064 -0.007024912 -0.009197323 0.658144295 0.007180188 0.999830425 0.016960066 -1.469756126 0.009076620 -0.017024968 0.999813855 55.077377319
0.999917150 -0.008338260 -0.009811101 0.710171103 0.008502700 0.999822021 0.016840138 -1.487487793 0.009668937 -0.016922163 0.999810040 55.655868530
0.999953866 -0.005385095 -0.007957562 0.657220960 0.005530315 0.999816477 0.018341318 -1.503396511 0.007857330 -0.018384481 0.999800146 55.940586090
0.999960303 -0.005172811 -0.007258682 0.657564461 0.005304582 0.999819279 0.018253209 -1.512892962 0.007162948 -0.018290985 0.999807060 56.480850220
0.999958456 -0.005337369 -0.007399481 0.668476582 0.005467954 0.999827623 0.017741445 -1.504988074 0.007303513 -0.017781166 0.999815226 57.031955719
0.999949634 -0.006116202 -0.007966604 0.685033917 0.006253405 0.999830544 0.017312801 -1.504480600 0.007859366 -0.017361743 0.999818385 57.570835114
0.999952674 -0.005852054 -0.007777628 0.672309637 0.005993911 0.999813795 0.018342622 -1.529400706 0.007668838 -0.018388370 0.999801576 58.061874390
0.999954998 -0.005352718 -0.007852834 0.644524217 0.005496797 0.999814808 0.018441977 -1.532831311 0.007752665 -0.018484309 0.999799132 58.554481506
0.999951303 -0.005819654 -0.007970744 0.665842891 0.005961602 0.999821961 0.017902123 -1.522873878 0.007865141 -0.017948767 0.999807954 59.029418945
0.999954402 -0.005907694 -0.007500385 0.656522214 0.006046935 0.999807179 0.018679542 -1.555822611 0.007388584 -0.018724047 0.999797344 59.438381195
0.999956012 -0.005606088 -0.007525368 0.653800845 0.005743440 0.999814987 0.018356005 -1.556446552 0.007421071 -0.018398417 0.999803185 59.996437073
0.999956489 -0.005832362 -0.007276511 0.671159267 0.005962085 0.999821305 0.017935239 -1.559328556 0.007170608 -0.017977841 0.999812603 60.545536041
0.999957800 -0.005276412 -0.007510908 0.696830332 0.005408091 0.999830127 0.017620757 -1.540076256 0.007416659 -0.017660635 0.999816597 61.077808380
0.999951780 -0.005874002 -0.007864539 0.704419017 0.006015067 0.999819279 0.018035091 -1.569299817 0.007757180 -0.018081527 0.999806404 61.601566315
0.999954939 -0.005573834 -0.007671222 0.685821772 0.005712976 0.999817252 0.018237395 -1.565755129 0.007568168 -0.018280396 0.999804258 62.141521454
0.999948025 -0.006468862 -0.007889676 0.679977179 0.006611721 0.999812186 0.018217372 -1.591807961 0.007770350 -0.018268587 0.999802887 62.722587585
0.999945283 -0.006953840 -0.007803808 0.655873299 0.007095891 0.999806881 0.018325018 -1.600952983 0.007674871 -0.018379392 0.999801576 63.075130463
0.999948084 -0.007044021 -0.007366701 0.666908741 0.007175081 0.999813735 0.017918428 -1.601980329 0.007239113 -0.017970353 0.999812305 63.615512848
0.999949098 -0.006523748 -0.007692635 0.670383215 0.006668386 0.999798536 0.018928671 -1.624023557 0.007567600 -0.018979006 0.999791265 64.146095276
0.999946952 -0.007327298 -0.007226781 0.682645619 0.007455811 0.999811590 0.017919334 -1.615159988 0.007094120 -0.017972266 0.999813318 64.680297852
0.999959171 -0.006228246 -0.006550917 0.687140822 0.006348525 0.999808609 0.018502679 -1.615703344 0.006434424 -0.018543512 0.999807358 65.244918823
0.999943435 -0.007392290 -0.007642990 0.711409509 0.007528909 0.999809504 0.018003425 -1.620827675 0.007508448 -0.018059948 0.999808729 65.772430420
0.999955535 -0.006234564 -0.007068177 0.744800687 0.006361863 0.999815285 0.018133078 -1.638618231 0.006953820 -0.018177239 0.999810636 66.388816833
0.999956012 -0.005643865 -0.007493458 0.700141251 0.005787344 0.999797642 0.019265454 -1.655832410 0.007383208 -0.019307973 0.999786317 66.624137878
0.999962866 -0.004820233 -0.007154963 0.706271291 0.004952267 0.999815583 0.018551894 -1.660846472 0.007064220 -0.018586637 0.999802291 67.157325745
0.999961138 -0.005150775 -0.007149434 0.724146068 0.005285875 0.999805331 0.019008145 -1.670353055 0.007050136 -0.019045196 0.999793708 67.704986572
0.999954998 -0.005687159 -0.007593491 0.747531116 0.005827006 0.999811471 0.018523598 -1.664429665 0.007486711 -0.018567013 0.999799550 68.226394653
0.999954224 -0.005710691 -0.007681792 0.750840783 0.005853999 0.999806762 0.018764209 -1.673798919 0.007573150 -0.018808316 0.999794364 68.756965637
0.999959528 -0.005283234 -0.007278728 0.724817634 0.005422856 0.999799013 0.019297881 -1.694581509 0.007175309 -0.019336570 0.999787271 69.360671997
0.999955237 -0.005835515 -0.007445445 0.743798792 0.005980776 0.999789238 0.019639175 -1.712195277 0.007329270 -0.019682828 0.999779344 69.716842651
0.999964058 -0.004771075 -0.007003341 0.744537473 0.004907312 0.999796569 0.019566627 -1.716927767 0.006908563 -0.019600291 0.999783993 70.272560120
0.999976337 -0.003433052 -0.005967014 0.746601820 0.003547966 0.999806285 0.019355470 -1.722953677 0.005899409 -0.019376185 0.999794781 70.816772461
0.999971151 -0.003993305 -0.006461923 0.758821845 0.004118076 0.999803066 0.019411776 -1.714069963 0.006383131 -0.019437829 0.999790668 71.378082275
0.999966204 -0.005285081 -0.006312437 0.733212113 0.005408616 0.999790967 0.019716114 -1.729232669 0.006206917 -0.019749587 0.999785662 71.973930359
0.999966264 -0.004753572 -0.006703230 0.789004028 0.004884597 0.999794662 0.019667631 -1.734193325 0.006608361 -0.019699709 0.999784052 72.457672119
0.999974370 -0.003381096 -0.006312280 0.754847407 0.003505306 0.999798417 0.019771423 -1.748376727 0.006244159 -0.019793047 0.999784589 73.079238892
0.999966383 -0.004946741 -0.006534474 0.792076945 0.005080108 0.999775827 0.020553436 -1.787032485 0.006431335 -0.020585941 0.999767423 73.432525635
0.999961197 -0.005573195 -0.006822102 0.803616881 0.005710240 0.999778926 0.020236690 -1.788466930 0.006707810 -0.020274859 0.999772012 73.984092712
0.999958515 -0.005572140 -0.007204502 0.817836642 0.005714588 0.999785423 0.019905003 -1.788790584 0.007092046 -0.019945348 0.999775887 74.545021057
0.999970913 -0.004322459 -0.006285240 0.789001226 0.004450084 0.999781191 0.020435397 -1.797471404 0.006195533 -0.020462772 0.999771416 75.041763306
0.999960124 -0.005378302 -0.007132137 0.827012181 0.005519488 0.999786317 0.019926127 -1.793126822 0.007023444 -0.019964702 0.999775946 75.542282104
0.999958515 -0.005864693 -0.006979578 0.836411417 0.006005734 0.999774694 0.020361153 -1.797418594 0.006858594 -0.020402227 0.999768257 76.083465576
0.999955416 -0.006051682 -0.007249063 0.838575661 0.006198343 0.999772966 0.020382963 -1.802487731 0.007124067 -0.020426989 0.999765873 76.619934082
0.999960899 -0.005286644 -0.007083556 0.843816221 0.005427796 0.999784052 0.020058043 -1.802932382 0.006975985 -0.020095712 0.999773681 77.144111633
0.999976099 -0.004451785 -0.005290497 0.832923532 0.004558695 0.999782026 0.020370573 -1.806017280 0.005198659 -0.020394200 0.999778450 77.661643982
0.999986112 -0.004178386 -0.003219523 0.828060985 0.004241551 0.999793470 0.019869087 -1.812989473 0.003135837 -0.019882467 0.999797404 78.244178772
0.999987960 -0.004345022 -0.002232242 0.821916401 0.004389135 0.999787152 0.020152854 -1.823250890 0.002144203 -0.020162411 0.999794364 78.714714050
0.999987960 -0.004726658 -0.001329323 0.842597365 0.004751910 0.999794900 0.019682847 -1.802410722 0.001236018 -0.019688928 0.999805391 79.303039551
0.999990761 -0.004204858 0.000873068 0.908828616 0.004185824 0.999775589 0.020765541 -1.853581190 -0.000960187 -0.020761697 0.999783933 79.797653198
0.999980509 -0.003590871 0.005108230 0.883082390 0.003486208 0.999786735 0.020352487 -1.841571450 -0.005180225 -0.020334279 0.999779820 80.381065369
0.999956012 -0.004650168 0.008142454 0.882028461 0.004483249 0.999781847 0.020399401 -1.819742560 -0.008235539 -0.020362001 0.999758720 80.826293945
0.999917984 -0.004411254 0.012021271 0.923198879 0.004161583 0.999776661 0.020715553 -1.834154129 -0.012109969 -0.020663830 0.999713123 81.379592896
0.999821603 -0.003706067 0.018517716 0.930088639 0.003329911 0.999788284 0.020303033 -1.833305836 -0.018589042 -0.020237751 0.999622405 81.922195435
0.999703050 -0.004077225 0.024021324 0.983262300 0.003579450 0.999778748 0.020728868 -1.849336267 -0.024100527 -0.020636730 0.999496579 82.412406921
0.999553204 -0.004455557 0.029555280 1.010443568 0.003859358 0.999788463 0.020198790 -1.844502330 -0.029639028 -0.020075701 0.999359071 82.938438416
0.999272168 -0.004677185 0.037854660 1.080029964 0.003920111 0.999791324 0.020049054 -1.832617164 -0.037940536 -0.019886071 0.999082148 83.515861511
0.998942435 -0.005157751 0.045686491 1.111930609 0.004221018 0.999779403 0.020576280 -1.824941516 -0.045782536 -0.020361677 0.998743892 84.050460815
0.998542964 -0.004633583 0.053763904 1.148243427 0.003524858 0.999779522 0.020698622 -1.829223514 -0.053847961 -0.020478951 0.998339117 84.603759766
0.998044789 -0.004737672 0.062322587 1.209234715 0.003454352 0.999780118 0.020683225 -1.837797165 -0.062406883 -0.020427499 0.997841775 85.109184265
0.997343540 -0.004656336 0.072691619 1.268729687 0.003143832 0.999776483 0.020907706 -1.844469786 -0.072772726 -0.020623636 0.997135341 85.715957642
0.996731102 -0.005730141 0.080587387 1.340205669 0.004067189 0.999775767 0.020784426 -1.863028884 -0.080688417 -0.020388719 0.996530831 86.274208069
0.996079683 -0.006239304 0.088239953 1.402953625 0.004460793 0.999783218 0.020338258 -1.851664186 -0.088347696 -0.019864906 0.995891571 86.770210266
0.995074093 -0.005850906 0.098961443 1.482113838 0.003841647 0.999782860 0.020481842 -1.855451584 -0.099059790 -0.020000774 0.994880438 87.314987183
0.993950427 -0.005539134 0.109689400 1.554849625 0.003338490 0.999789596 0.020236000 -1.854784966 -0.109778412 -0.019747386 0.993759871 87.875312805
0.992867708 -0.005815718 0.119078860 1.633627892 0.003440118 0.999791086 0.020145640 -1.846199512 -0.119171157 -0.019592311 0.992680371 88.461166382
0.991536021 -0.006342749 0.129676998 1.723374367 0.003733407 0.999785841 0.020355063 -1.854264975 -0.129778326 -0.019698640 0.991347313 88.951690674
0.989887536 -0.006606631 0.141700238 1.825778008 0.003808775 0.999792576 0.020007031 -1.857393861 -0.141803041 -0.019265007 0.989707410 89.500091553
0.988220096 -0.006922446 0.152882800 1.935107231 0.003856294 0.999785602 0.020342991 -1.863997340 -0.152990878 -0.019513790 0.988034844 90.040992737
0.986641467 -0.006990207 0.162756681 2.039943695 0.003694918 0.999782205 0.020540632 -1.865615964 -0.162864849 -0.019664863 0.986452341 90.591728210
0.984657943 -0.007225955 0.174346000 2.173174858 0.003783302 0.999791443 0.020070376 -1.877748728 -0.174454644 -0.019102849 0.984479845 91.109359741
0.982507646 -0.009129172 0.185998246 2.274575233 0.005404621 0.999774814 0.020521889 -1.873975754 -0.186143681 -0.019157661 0.982335865 91.626914978
0.980434716 -0.009834723 0.196598768 2.405598640 0.005910902 0.999771714 0.020535346 -1.878517151 -0.196755856 -0.018971492 0.980268896 92.160835266
0.977583766 -0.009070592 0.210351586 2.539552689 0.004830647 0.999774873 0.020661540 -1.877960324 -0.210491657 -0.019182252 0.977407396 92.708412170
0.974506795 -0.009089161 0.224173680 2.674125671 0.004519312 0.999771535 0.020889983 -1.885512829 -0.224312335 -0.019344319 0.974325299 93.198348999
0.971867144 -0.009675435 0.235330924 2.838567734 0.004926821 0.999772429 0.020758072 -1.901832819 -0.235478207 -0.019014658 0.971693575 93.752349854
0.968618989 -0.008847278 0.248392835 2.924259186 0.003727866 0.999770999 0.021072946 -1.882786512 -0.248522386 -0.019485680 0.968430161 94.252532959
0.964983225 -0.009259046 0.262148231 3.088787079 0.003727219 0.999759912 0.021591295 -1.892649889 -0.262285203 -0.019858154 0.964786112 94.773796082
0.961315572 -0.008910456 0.275305390 3.260892868 0.003040482 0.999759018 0.021741107 -1.900048971 -0.275432765 -0.020063005 0.961110890 95.302452087
0.958540440 -0.011687630 0.284717023 3.464935303 0.005880619 0.999757111 0.021242071 -1.901407480 -0.284896135 -0.018687068 0.958376229 95.799163818
0.953905642 -0.009280596 0.299963444 3.650897980 0.002309680 0.999719083 0.023585450 -1.934365749 -0.300098091 -0.021805473 0.953659058 96.372489929
0.949511051 -0.010633414 0.313553452 3.843135834 0.003916170 0.999749243 0.022045054 -1.908194304 -0.313709259 -0.019704094 0.949314594 96.846984863
0.945435762 -0.010188464 0.325649083 4.013334274 0.003170853 0.999751329 0.022073114 -1.903323174 -0.325793028 -0.019836128 0.945232987 97.395233154
0.941024363 -0.010649416 0.338171005 4.230243683 0.003419796 0.999752820 0.021967201 -1.909298897 -0.338321328 -0.019515194 0.940828264 97.908996582
0.935569108 -0.009848190 0.353006244 4.438913345 0.002249699 0.999756932 0.021928925 -1.905553341 -0.353136480 -0.019721866 0.935363889 98.430671692
0.931114674 -0.011439837 0.364547223 4.674217224 0.003711420 0.999753356 0.021893620 -1.913177729 -0.364707768 -0.019032478 0.930927455 98.964492798
0.926777780 -0.012058733 0.375416547 4.925359726 0.004151923 0.999752283 0.021863282 -1.914078951 -0.375587225 -0.018703701 0.926598191 99.476097107
0.920883715 -0.012561887 0.389634877 5.124177933 0.004035833 0.999734282 0.022693081 -1.937431574 -0.389816463 -0.019325184 0.920689702 99.911254883
0.915089071 -0.012398846 0.403061062 5.433387756 0.003797239 0.999747813 0.022132894 -1.921311855 -0.403233796 -0.018723052 0.914905369 100.566452026
0.910573065 -0.011972932 0.413174719 5.686645508 0.002819725 0.999737084 0.022756042 -1.930184603 -0.413338453 -0.019555999 0.910367429 101.055084229
0.905021489 -0.013084408 0.425164580 5.947666168 0.004070630 0.999747396 0.022102255 -1.922227859 -0.425346434 -0.018272325 0.904846132 101.575744629
0.898305953 -0.012792218 0.439184248 6.206237793 0.003312113 0.999744833 0.022345208 -1.956609011 -0.439358026 -0.018618204 0.898119152 102.030441284
0.891773403 -0.012238956 0.452316880 6.469200134 0.002193370 0.999739289 0.022726936 -1.956515551 -0.452477098 -0.019275177 0.891567707 102.543495178
0.886407971 -0.013308304 0.462713480 6.776641846 0.003306731 0.999743164 0.022419432 -1.936755657 -0.462893009 -0.018342696 0.886224329 103.105834961
0.878632188 -0.012637165 0.477331936 7.056797028 0.002223668 0.999747217 0.022374749 -1.940479755 -0.477493972 -0.018597750 0.878438175 103.599830627
