1.000000000 0.000000000 0.000000000 0.000000000 0.000000000 1.000000000 0.000000000 0.000000000 0.000000000 0.000000000 1.000000000 0.000000000
1.000000000 0.000094275 0.000019154 -0.000384732 -0.000094277 1.000000000 0.000125172 -0.000247163 -0.000019142 -0.000125174 1.000000000 -0.000065486
1.000000000 0.000094616 -0.000009137 -0.000583936 -0.000094616 1.000000000 0.000001610 0.000378442 0.000009138 -0.000001609 1.000000000 -0.000263752
1.000000000 0.000144564 0.000120579 -0.000996609 -0.000144569 1.000000000 0.000040982 -0.000406126 -0.000120573 -0.000040999 1.000000000 -0.000093408
0.999999940 0.000126635 0.000280803 -0.001948058 -0.000126646 1.000000000 0.000039203 0.000309752 -0.000280798 -0.000039239 0.999999940 0.000844650
1.000000000 -0.000102912 0.000056227 -0.000510074 0.000102910 1.000000000 0.000038879 0.000038627 -0.000056231 -0.000038873 1.000000000 0.000311844
0.999999940 0.000155966 0.000202119 -0.002141913 -0.000155985 1.000000000 0.000091605 -0.000227245 -0.000202105 -0.000091636 1.000000000 -0.000601682
1.000000000 0.000180205 0.000128407 -0.001542752 -0.000180201 1.000000000 -0.000029372 -0.000176688 -0.000128412 0.000029349 1.000000000 -0.001003204
1.000000000 0.000115197 0.000168449 -0.001836413 -0.000115200 1.000000000 0.000021371 -0.000939552 -0.000168446 -0.000021391 1.000000000 -0.001721456
1.000000000 0.000139661 0.000111915 -0.001894216 -0.000139675 1.000000000 0.000125744 -0.000948126 -0.000111898 -0.000125759 1.000000000 0.000116394
1.000000000 0.000059029 0.000140654 -0.001178291 -0.000059048 1.000000000 0.000137606 -0.001257110 -0.000140646 -0.000137614 1.000000000 -0.000844771
0.999999940 0.000210978 0.000165340 -0.001531751 -0.000210980 1.000000000 0.000009763 -0.000764230 -0.000165338 -0.000009798 1.000000000 -0.000161854
1.000000000 0.000058010 0.000143434 -0.001233261 -0.000058020 1.000000000 0.000069996 0.000573878 -0.000143430 -0.000070004 1.000000000 0.000305289
0.999999940 0.000237070 0.000251879 -0.002985837 -0.000237050 0.999999940 -0.000080622 0.000975631 -0.000251898 0.000080563 0.999999940 0.000036014
0.999999940 0.000248389 0.000123229 -0.001762427 -0.000248389 0.999999940 0.000005455 0.001075014 -0.000123227 -0.000005486 1.000000000 0.001460960
0.999999881 0.000376567 0.000233344 -0.002593137 -0.000376564 0.999999940 -0.000011366 0.001024429 -0.000233348 0.000011278 1.000000000 0.001845303
0.999999881 0.000419474 0.000290858 -0.002971568 -0.000419457 0.999999881 -0.000057838 0.001095247 -0.000290882 0.000057716 0.999999940 0.000619055
0.999999940 0.000240898 0.000242817 -0.002257342 -0.000240898 1.000000000 0.000002854 0.001527461 -0.000242816 -0.000002913 1.000000000 0.002193286
0.999999881 0.000279882 0.000325055 -0.002827877 -0.000279870 0.999999940 -0.000037771 0.001459386 -0.000325065 0.000037680 0.999999940 0.001647335
0.999999940 0.000317741 0.000234533 -0.002659134 -0.000317759 0.999999940 0.000076688 0.000936596 -0.000234508 -0.000076762 0.999999940 0.002363028
0.999999881 0.000413742 0.000217845 -0.003045581 -0.000413734 0.999999940 -0.000038568 0.001835523 -0.000217861 0.000038478 1.000000000 0.002591284
0.999999940 0.000273412 0.000178166 -0.002040257 -0.000273404 0.999999940 -0.000044491 0.001446360 -0.000178178 0.000044442 1.000000000 0.002230559
0.999999940 0.000271795 0.000162101 -0.002446088 -0.000271809 0.999999940 0.000084374 0.000991287 -0.000162078 -0.000084419 1.000000000 0.001637761
0.999999821 0.000553042 0.000200829 -0.003009008 -0.000553034 0.999999821 -0.000037383 0.001652647 -0.000200849 0.000037272 1.000000000 0.002646785
0.999999881 0.000353710 0.000236650 -0.002147269 -0.000353707 0.999999940 -0.000015256 0.001808793 -0.000236655 0.000015172 1.000000000 0.001633302
0.999999940 0.000354873 0.000227907 -0.002934925 -0.000354859 0.999999940 -0.000061508 0.002818504 -0.000227929 0.000061427 1.000000000 0.004087871
0.999999881 0.000386572 0.000269323 -0.003017927 -0.000386592 0.999999940 0.000072389 0.001006127 -0.000269295 -0.000072493 0.999999940 0.002335437
0.999999881 0.000399299 0.000180449 -0.002563175 -0.000399285 0.999999940 -0.000080458 0.001933622 -0.000180481 0.000080386 1.000000000 0.001639450
0.999999940 0.000349163 0.000186283 -0.002546871 -0.000349146 0.999999940 -0.000094038 0.002902823 -0.000186315 0.000093973 1.000000000 0.002772666
0.999999881 0.000392331 0.000307619 -0.002414505 -0.000392318 0.999999940 -0.000040594 0.001693732 -0.000307635 0.000040473 0.999999940 0.002806022
0.999999881 0.000405265 0.000291216 -0.002950113 -0.000405247 0.999999940 -0.000061077 0.002081721 -0.000291241 0.000060959 0.999999940 0.002486718
0.999999940 0.000297824 0.000173340 -0.001807952 -0.000297808 0.999999940 -0.000096131 0.001893540 -0.000173369 0.000096080 1.000000000 0.002604120
0.999999821 0.000523747 0.000324905 -0.002218238 -0.000523761 0.999999881 0.000043941 0.000493057 -0.000324882 -0.000044112 0.999999940 0.000910835
0.999999821 0.000488404 0.000288833 -0.003199877 -0.000488355 0.999999881 -0.000169841 0.001889963 -0.000288916 0.000169700 0.999999940 0.002191897
0.999999821 0.000543761 0.000273163 -0.002252274 -0.000543718 0.999999821 -0.000156087 0.001895963 -0.000273247 0.000155938 0.999999940 0.002320104
0.999999881 0.000379414 0.000277865 -0.003400914 -0.000379394 0.999999940 -0.000072563 0.002093009 -0.000277893 0.000072458 0.999999940 0.002365393
0.999999821 0.000504974 0.000270237 -0.003410641 -0.000504939 0.999999881 -0.000129955 0.003336083 -0.000270303 0.000129819 0.999999940 0.002968017
0.999999821 0.000538250 0.000321997 -0.003263101 -0.000538235 0.999999881 -0.000048039 0.001276468 -0.000322023 0.000047865 0.999999940 0.002629540
0.999999881 0.000410854 0.000221296 -0.001301013 -0.000410846 0.999999940 -0.000032689 0.001882201 -0.000221309 0.000032598 1.000000000 0.000847974
0.999999940 0.000277195 0.000198775 -0.002150992 -0.000277165 0.999999940 -0.000147128 0.001313852 -0.000198816 0.000147073 0.999999940 0.001566376
0.999999881 0.000386474 0.000328838 -0.002286882 -0.000386272 0.999999762 -0.000613624 0.000077276 -0.000329075 0.000613497 0.999999762 0.050152320
0.999999821 0.000440243 0.000425251 -0.003531907 -0.000439725 0.999999166 -0.001216657 -0.003824453 -0.000425786 0.001216470 0.999999166 0.137715608
0.999999821 0.000425939 0.000364978 0.001570465 -0.000425412 0.999998868 -0.001440441 -0.007053695 -0.000365591 0.001440285 0.999998868 0.251397312
0.999999523 0.000849543 0.000430224 0.001718514 -0.000849120 0.999999166 -0.000981151 -0.012848647 -0.000431057 0.000980785 0.999999404 0.382795930
0.999999344 0.000961424 0.000628241 0.001369403 -0.000960847 0.999999106 -0.000918224 -0.014357295 -0.000629123 0.000917620 0.999999404 0.530701339
0.999999940 0.000139515 0.000335180 0.010626186 -0.000139245 0.999999642 -0.000803302 -0.019055525 -0.000335292 0.000803255 0.999999642 0.694530010
0.999999285 0.000904304 0.000792516 0.005155253 -0.000903886 0.999999464 -0.000527065 -0.020872867 -0.000792992 0.000526349 0.999999523 0.847859800
0.999999166 0.000676139 0.001074273 0.000108245 -0.000675264 0.999999464 -0.000814549 -0.024233149 -0.001074823 0.000813822 0.999999106 1.019089460
0.999997795 0.001515910 0.001472411 0.003457089 -0.001514561 0.999998450 -0.000916775 -0.024733998 -0.001473798 0.000914543 0.999998510 1.199138641
0.999996603 -0.000043376 0.002598916 -0.012167338 0.000043366 1.000000000 0.000003914 -0.050228629 -0.002598916 -0.000003801 0.999996543 1.351758242
0.999996901 0.000018843 0.002500646 -0.007142367 -0.000018614 1.000000000 -0.000091627 -0.053526334 -0.002500648 0.000091581 0.999996841 1.545630932
0.999996662 -0.000051632 0.002581686 -0.002423296 0.000051650 1.000000000 -0.000007211 -0.058436848 -0.002581686 0.000007344 0.999996603 1.743708014
0.999996245 -0.000365754 0.002724644 -0.000114921 0.000364350 0.999999762 0.000515696 -0.068282083 -0.002724832 -0.000514701 0.999996126 1.939152718
0.999996424 -0.000286791 0.002648521 -0.000252057 0.000285342 0.999999762 0.000547232 -0.072958291 -0.002648677 -0.000546474 0.999996305 2.150101185
0.999995351 0.000041810 0.003042035 0.004020009 -0.000043958 0.999999821 0.000706175 -0.077172957 -0.003042005 -0.000706305 0.999995112 2.373336315
0.999995828 0.000297713 0.002849989 0.010747680 -0.000298546 0.999999881 0.000291708 -0.080185167 -0.002849902 -0.000292558 0.999995887 2.602246046
0.999995530 0.000172384 0.002972252 0.015615048 -0.000173824 0.999999940 0.000484281 -0.088566393 -0.002972168 -0.000484795 0.999995470 2.828417778
0.999994695 -0.000151199 0.003230246 0.013401316 0.000148835 0.999999702 0.000732283 -0.097338870 -0.003230356 -0.000731799 0.999994516 3.059947491
0.999995053 -0.000030676 0.003117861 0.020044047 0.000028917 0.999999762 0.000564345 -0.102942348 -0.003117878 -0.000564252 0.999994934 3.301546812
0.999993622 0.000225534 0.003561249 0.018992029 -0.000228305 0.999999642 0.000777886 -0.110781059 -0.003561072 -0.000778694 0.999993384 3.550305367
0.999993086 0.000772779 0.003636816 0.024864785 -0.000776302 0.999999225 0.000967466 -0.117736310 -0.003636065 -0.000970283 0.999992907 3.809877634
0.999994218 0.000464233 0.003366578 0.029313676 -0.000465200 0.999999762 0.000286540 -0.114637278 -0.003366445 -0.000288104 0.999994218 4.054542542
0.999993205 0.000575900 0.003627184 0.037071913 -0.000577097 0.999999762 0.000328855 -0.118919604 -0.003626994 -0.000330946 0.999993384 4.316089630
0.999993443 0.000630622 0.003569557 0.040397622 -0.000630796 0.999999762 0.000047652 -0.124638639 -0.003569526 -0.000049903 0.999993622 4.576311588
0.999992549 0.000528213 0.003821427 0.045987822 -0.000529385 0.999999762 0.000305499 -0.136029437 -0.003821265 -0.000307520 0.999992669 4.837617874
0.999993443 0.000591137 0.003564711 0.054422095 -0.000593252 0.999999642 0.000592258 -0.144393116 -0.003564359 -0.000594369 0.999993384 5.085189819
0.999992728 0.000495145 0.003788432 0.058746930 -0.000496628 0.999999821 0.000390534 -0.151102453 -0.003788238 -0.000392412 0.999992728 5.348781586
0.999992251 0.000943728 0.003811052 0.064722933 -0.000945653 0.999999404 0.000503409 -0.159913868 -0.003810575 -0.000507009 0.999992549 5.622823238
0.999993265 -0.000382414 0.003649541 0.074870482 0.000380296 0.999999762 0.000580940 -0.170843035 -0.003649762 -0.000579548 0.999993145 5.898141861
0.999992311 0.000161360 0.003906784 0.067021012 -0.000163242 0.999999821 0.000481464 -0.174361929 -0.003906705 -0.000482098 0.999992251 6.162118912
0.999992311 0.000209635 0.003915775 0.074828625 -0.000213372 0.999999523 0.000954210 -0.185539246 -0.003915573 -0.000955038 0.999991894 6.447578907
0.999991715 0.000213480 0.004075137 0.078069732 -0.000217749 0.999999404 0.001047244 -0.196635306 -0.004074911 -0.001048122 0.999991179 6.731582642
0.999992609 0.000972533 0.003719671 0.084937572 -0.000974756 0.999999344 0.000595792 -0.197673321 -0.003719089 -0.000599414 0.999992847 7.026267529
0.999993742 0.000325722 0.003523872 0.094594695 -0.000329122 0.999999523 0.000964164 -0.209897935 -0.003523556 -0.000965318 0.999993324 7.321522713
0.999993622 -0.000024923 0.003573070 0.104974464 0.000019827 0.999998927 0.001426173 -0.226366103 -0.003573102 -0.001426093 0.999992609 7.612960339
0.999993920 0.000167608 0.003470895 0.109285511 -0.000171957 0.999999166 0.001252628 -0.230661824 -0.003470682 -0.001253217 0.999993205 7.953402042
0.999992132 0.000607114 0.003927129 0.112453908 -0.000611982 0.999999046 0.001238372 -0.247001469 -0.003926374 -0.001240766 0.999991536 8.232122421
0.999993861 -0.000040918 0.003524284 0.125320673 0.000037651 0.999999523 0.000927188 -0.252368808 -0.003524321 -0.000927049 0.999993384 8.560016632
0.999991179 0.000417678 0.004191823 0.124473378 -0.000423354 0.999998987 0.001353186 -0.260563165 -0.004191254 -0.001354948 0.999990284 8.899618149
0.999992490 0.000998719 0.003743229 0.134318337 -0.001004510 0.999998331 0.001545480 -0.277505636 -0.003741679 -0.001549229 0.999991775 9.232851028
0.999988914 0.001612517 0.004419751 0.130703226 -0.001617767 0.999998093 0.001184411 -0.288032085 -0.004417833 -0.001191548 0.999989510 9.538680077
0.999990463 0.001574559 0.004057295 0.145573825 -0.001578424 0.999998271 0.000949725 -0.295332730 -0.004055793 -0.000956120 0.999991298 9.893843651
0.999991298 0.001064184 0.004042135 0.153997123 -0.001068845 0.999998689 0.001151293 -0.305601805 -0.004040904 -0.001155604 0.999991179 10.254982948
0.999990463 0.001040715 0.004247338 0.165884435 -0.001044460 0.999999046 0.000879475 -0.312993258 -0.004246418 -0.000883903 0.999990582 10.616468430
0.999992609 0.000553815 0.003818040 0.184946597 -0.000556274 0.999999583 0.000643281 -0.312687457 -0.003817683 -0.000645400 0.999992490 10.982380867
0.999989808 0.000566792 0.004478851 0.167581216 -0.000572778 0.999998927 0.001335488 -0.339528233 -0.004478089 -0.001338040 0.999989092 11.335838318
0.999990523 0.000794538 0.004280446 0.178994015 -0.000799964 0.999998868 0.001266135 -0.347259581 -0.004279435 -0.001269548 0.999990046 11.718740463
0.999987125 0.001462657 0.004848825 0.187447488 -0.001469882 0.999997735 0.001486948 -0.362443537 -0.004846639 -0.001494056 0.999987125 12.095420837
0.999987662 0.000991711 0.004862119 0.198958486 -0.001002263 0.999997079 0.002168151 -0.381478935 -0.004859954 -0.002172997 0.999985874 12.474029541
0.999986589 0.000989419 0.005068141 0.195092767 -0.001000818 0.999996960 0.002247058 -0.394441068 -0.005065903 -0.002252101 0.999984562 12.857452393
0.999986827 0.000841659 0.005040862 0.207746178 -0.000852574 0.999997199 0.002163545 -0.408700645 -0.005039027 -0.002167814 0.999984920 13.239371300
0.999985397 0.001605428 0.005158972 0.218386054 -0.001617934 0.999995708 0.002420857 -0.417457849 -0.005155064 -0.002429168 0.999983788 13.671665192
0.999986947 0.001093939 0.004988479 0.228622437 -0.001106840 0.999996006 0.002584232 -0.423163354 -0.004985632 -0.002589720 0.999984205 14.100333214
0.999984741 0.001228721 0.005369821 0.235213384 -0.001242019 0.999996185 0.002473875 -0.441820055 -0.005366760 -0.002480506 0.999982536 14.485179901
0.999983311 0.002011031 0.005429938 0.243166864 -0.002023236 0.999995530 0.002243224 -0.451458514 -0.005425402 -0.002254172 0.999982774 14.912003517
0.999982238 0.001781547 0.005693829 0.257995814 -0.001793219 0.999996305 0.002045494 -0.463061631 -0.005690164 -0.002055668 0.999981701 15.366444588
0.999976218 0.001054863 0.006824386 0.264148563 -0.001072417 0.999996185 0.002569090 -0.475252926 -0.006821650 -0.002576347 0.999973416 15.823776245
0.999973476 0.001977175 0.007008183 0.263431787 -0.002001559 0.999991953 0.003474080 -0.501767576 -0.007001258 -0.003488014 0.999969363 16.222986221
0.999970257 0.002389256 0.007337641 0.269774944 -0.002409508 0.999993265 0.002752438 -0.508088171 -0.007331015 -0.002770036 0.999969304 16.678268433
0.999971390 0.001680288 0.007375955 0.289473712 -0.001704355 0.999993265 0.003257884 -0.520759940 -0.007370430 -0.003270362 0.999967456 17.134822845
0.999968410 0.001778753 0.007757261 0.300183296 -0.001805268 0.999992549 0.003412351 -0.537095129 -0.007751133 -0.003426248 0.999964118 17.592857361
0.999967694 0.001368100 0.007910066 0.303192616 -0.001397587 0.999992073 0.003723497 -0.559388816 -0.007904910 -0.003734432 0.999961734 18.020790100
0.999969423 0.001166604 0.007730132 0.319189847 -0.001191466 0.999994159 0.003212451 -0.564024568 -0.007726338 -0.003221563 0.999965012 18.496561050
0.999966204 0.001410614 0.008095575 0.330205917 -0.001439941 0.999992430 0.003617935 -0.581787348 -0.008090409 -0.003629470 0.999960721 18.985027313
0.999961019 0.001882809 0.008623448 0.330915272 -0.001915825 0.999990821 0.003822024 -0.599956810 -0.008616175 -0.003838396 0.999955535 19.419818878
0.999959528 0.001709906 0.008829216 0.341154814 -0.001745108 0.999990642 0.003980765 -0.612445295 -0.008822327 -0.003996012 0.999953091 19.906616211
0.999960124 0.001549206 0.008789766 0.361265421 -0.001580383 0.999992490 0.003541031 -0.621799350 -0.008784215 -0.003554782 0.999955118 20.399747849
0.999971390 0.001260713 0.007454690 0.387682378 -0.001285894 0.999993503 0.003374027 -0.626456141 -0.007450389 -0.003383516 0.999966562 20.885610580
0.999963641 0.001532010 0.008392167 0.356928170 -0.001570994 0.999987960 0.004640784 -0.656093478 -0.008384956 -0.004653798 0.999954045 21.392383575
0.999971330 0.000961823 0.007518163 0.372369707 -0.000996877 0.999988735 0.004660355 -0.669700444 -0.007513595 -0.004667716 0.999960959 21.900205612
0.999972224 0.001503137 0.007308132 0.391887248 -0.001539928 0.999986231 0.005031387 -0.685868502 -0.007300467 -0.005042501 0.999960661 22.390909195
0.999974310 0.001220876 0.007060521 0.380542099 -0.001257507 0.999985754 0.005186026 -0.704544783 -0.007054089 -0.005194772 0.999961615 22.898675919
0.999979019 0.001912139 0.006190632 0.395748794 -0.001946045 0.999983072 0.005475765 -0.719569504 -0.006180057 -0.005487697 0.999965847 23.433691025
0.999982119 0.000770845 0.005922102 0.405123532 -0.000802242 0.999985576 0.005301154 -0.731567502 -0.005917930 -0.005305810 0.999968410 23.971893311
0.999982834 0.001812039 0.005578877 0.399109244 -0.001842662 0.999983191 0.005488904 -0.750366151 -0.005568837 -0.005499090 0.999969304 24.505695343
0.999988377 0.001173328 0.004697695 0.419970632 -0.001199525 0.999983728 0.005577713 -0.765284777 -0.004691074 -0.005583283 0.999973416 24.996309280
0.999990463 0.001183568 0.004203509 0.434310317 -0.001207005 0.999983668 0.005577474 -0.775970995 -0.004196839 -0.005582494 0.999975622 25.543804169
0.999990463 0.001972758 0.003896968 0.446614712 -0.001994531 0.999982417 0.005590978 -0.785576224 -0.003885869 -0.005598696 0.999976754 26.103357315
0.999992847 0.001384452 0.003527882 0.451651186 -0.001406169 0.999979973 0.006160918 -0.808434248 -0.003519282 -0.006165834 0.999974787 26.616325378
0.999994099 0.001320822 0.003178786 0.467051178 -0.001340322 0.999980211 0.006140298 -0.821064651 -0.003170613 -0.006144523 0.999976158 27.171823502
0.999996424 0.001416936 0.002239657 0.481936991 -0.001430093 0.999981701 0.005883779 -0.835441351 -0.002231278 -0.005886960 0.999980211 27.698171616
0.999994159 0.002500370 0.002328956 0.486216068 -0.002513176 0.999981642 0.005511714 -0.836583138 -0.002315132 -0.005517534 0.999982119 28.280694962
0.999996006 0.001614084 0.002311517 0.486389428 -0.001629299 0.999976933 0.006595302 -0.869083822 -0.002300818 -0.006599042 0.999975562 28.804475784
0.999992788 0.002441405 0.002941665 0.486940235 -0.002459494 0.999977946 0.006161307 -0.876405180 -0.002926558 -0.006168496 0.999976695 29.351457596
0.999996781 0.001965515 0.001606799 0.506958008 -0.001974733 0.999981463 0.005755840 -0.883375406 -0.001595456 -0.005758995 0.999982119 29.903137207
0.999993801 0.002799125 0.002145632 0.505008340 -0.002812442 0.999976635 0.006228411 -0.889380336 -0.002128148 -0.006234406 0.999978304 30.428905487
0.999997616 0.001524750 0.001505866 0.504939914 -0.001535701 0.999972105 0.007298770 -0.930748820 -0.001494695 -0.007301067 0.999972224 30.914716721
0.999997318 0.001783930 0.001406221 0.513982773 -0.001793049 0.999977171 0.006510782 -0.936278164 -0.001394574 -0.006513286 0.999977827 31.461763382
0.999998987 0.001158596 0.000802349 0.541094661 -0.001163680 0.999979019 0.006365878 -0.944432378 -0.000794956 -0.006366806 0.999979436 31.994241714
0.999998331 0.001871784 0.000239506 0.532417774 -0.001873366 0.999975145 0.006786282 -0.959740043 -0.000226797 -0.006786717 0.999976933 32.577308655
0.999997735 0.001968751 -0.000801424 0.551398814 -0.001963210 0.999974549 0.006855886 -0.983815908 0.000814902 -0.006854297 0.999976158 33.103775024
0.999998391 0.001728858 -0.000105378 0.557435155 -0.001728132 0.999977112 0.006544758 -0.979426980 0.000116691 -0.006544566 0.999978602 33.664756775
0.999997497 0.002226650 0.000034553 0.569330692 -0.002226839 0.999972522 0.007066815 -0.990716577 -0.000018817 -0.007066874 0.999975026 34.241569519
0.999998450 0.001755770 -0.000039448 0.555736482 -0.001755423 0.999969959 0.007546372 -1.024442911 0.000052697 -0.007546291 0.999971509 34.715614319
0.999998927 0.001462400 -0.000151306 0.567357957 -0.001461219 0.999970496 0.007535519 -1.031551838 0.000162322 -0.007535290 0.999971569 35.264846802
0.999999166 0.001221079 -0.000425264 0.581111968 -0.001217916 0.999972165 0.007360115 -1.045477390 0.000434240 -0.007359592 0.999972820 35.813850403
0.999998987 0.001380250 -0.000326612 0.586455405 -0.001377994 0.999975801 0.006808728 -1.052831411 0.000336002 -0.006808272 0.999976754 36.363216400
0.999998868 0.001436627 -0.000456702 0.586521387 -0.001432978 0.999967754 0.007894574 -1.074112535 0.000468028 -0.007893909 0.999968708 36.888553619
0.999998391 0.001683247 -0.000558652 0.600325704 -0.001679008 0.999970436 0.007503795 -1.084000349 0.000571266 -0.007502845 0.999971688 37.435306549
0.999998808 0.001262463 -0.000894914 0.608865678 -0.001255488 0.999969184 0.007751451 -1.097395420 0.000904673 -0.007750317 0.999969542 37.991210938
0.999998808 0.000976981 -0.001137091 0.608828068 -0.000968524 0.999972045 0.007414109 -1.109823942 0.001144301 -0.007412998 0.999971867 38.497280121
0.999998927 0.000843504 -0.001165159 0.619156122 -0.000835310 0.999975085 0.007016027 -1.114252567 0.001171047 -0.007015046 0.999974728 39.045650482
0.999998510 0.000005801 -0.001695868 0.638669491 0.000006055 0.999975622 0.006991470 -1.130595446 0.001695867 -0.006991471 0.999974072 39.579982758
0.999998927 0.001153157 -0.000907853 0.619349480 -0.001146312 0.999971151 0.007504929 -1.134355783 0.000916482 -0.007503881 0.999971449 40.100742340
0.999998450 0.001328713 -0.001188434 0.633313596 -0.001320426 0.999974966 0.006947347 -1.145569563 0.001197636 -0.006945767 0.999975204 40.655261993
0.999997139 0.001906085 -0.001435106 0.644387841 -0.001896545 0.999976337 0.006619948 -1.146079898 0.001447690 -0.006617207 0.999977052 41.216629028
0.999998450 0.001556988 -0.000931275 0.646241128 -0.001550586 0.999975383 0.006835105 -1.157768607 0.000941895 -0.006833650 0.999976218 41.748428345
0.999998152 0.001791027 -0.000700077 0.657440305 -0.001786050 0.999973595 0.007044745 -1.170128822 0.000712676 -0.007043481 0.999975026 42.296474457
0.999998093 0.001525601 -0.001251929 0.669250607 -0.001516972 0.999975264 0.006864828 -1.179699302 0.001262372 -0.006862916 0.999975741 42.838985443
0.999998689 0.001476870 -0.000654244 0.659601629 -0.001472303 0.999974847 0.006926384 -1.195439577 0.000664457 -0.006925412 0.999975801 43.354610443
0.999998152 0.001895875 -0.000424525 0.668755412 -0.001892833 0.999973297 0.007057448 -1.204279423 0.000437894 -0.007056631 0.999975026 43.899269104
0.999997854 0.001711360 -0.001098854 0.673304856 -0.001704437 0.999978781 0.006270340 -1.198751926 0.001109562 -0.006268453 0.999979734 44.428035736
0.999997437 0.002189742 -0.000541516 0.675226092 -0.002186251 0.999977350 0.006364529 -1.217829227 0.000555440 -0.006363329 0.999979615 44.977771759
0.999997973 0.002028040 -0.000156357 0.685916781 -0.002027032 0.999978781 0.006196576 -1.226403475 0.000168920 -0.006196247 0.999980807 45.520790100
0.999995530 0.003011138 0.000060539 0.693795145 -0.003011413 0.999981701 0.005240038 -1.228705645 -0.000044759 -0.005240197 0.999986291 46.081504822
0.999995768 0.002853667 0.000605268 0.670387447 -0.002857137 0.999979019 0.005811888 -1.238526821 -0.000588670 -0.005813593 0.999982953 46.570178986
0.999993682 0.003531274 0.000387892 0.679761767 -0.003533508 0.999976277 0.005918544 -1.248708844 -0.000366983 -0.005919877 0.999982417 47.123611450
0.999996126 0.002779050 0.000189022 0.696236074 -0.002780098 0.999979377 0.005788799 -1.263083339 -0.000172931 -0.005789301 0.999983191 47.679634094
0.999997854 0.002108203 0.000319773 0.696216226 -0.002109967 0.999981940 0.005627231 -1.267224789 -0.000307904 -0.005627893 0.999984145 48.171333313
0.999998629 0.001643747 0.000013522 0.706925631 -0.001643796 0.999984026 0.005396782 -1.276991129 -0.000004650 -0.005396797 0.999985397 48.719627380
0.999996424 0.002567641 0.000702479 0.717085958 -0.002571444 0.999981701 0.005467372 -1.288072586 -0.000688427 -0.005469158 0.999984801 49.267478943
0.999992371 0.003704671 0.001254737 0.709207416 -0.003711848 0.999976397 0.005767172 -1.296046019 -0.001233342 -0.005771786 0.999982595 49.831867218
0.999997199 0.002322555 0.000417525 0.721809387 -0.002324864 0.999981523 0.005614166 -1.315807104 -0.000404478 -0.005615121 0.999984145 50.278602600
0.999997079 0.002295869 0.000750736 0.729612827 -0.002300409 0.999978721 0.006103223 -1.330767274 -0.000736708 -0.006104932 0.999981105 50.828392029
0.999997199 0.002324312 0.000164607 0.738775671 -0.002325297 0.999977767 0.006251106 -1.343291998 -0.000150072 -0.006251472 0.999980450 51.343402863
0.999996662 0.002521312 0.000386644 0.750609636 -0.002523288 0.999983311 0.005198708 -1.350578070 -0.000373529 -0.005199667 0.999986470 51.885589600
0.999997556 0.002130509 0.000596699 0.750053704 -0.002133778 0.999982357 0.005532481 -1.354066133 -0.000584900 -0.005533741 0.999984503 52.433593750
0.999996424 0.002579699 0.000657087 0.755716085 -0.002583331 0.999981046 0.005587732 -1.367872715 -0.000642659 -0.005589409 0.999984145 52.983276367
0.999997497 0.002117825 0.000641144 0.761287332 -0.002121123 0.999984264 0.005188284 -1.375092030 -0.000630145 -0.005189631 0.999986351 53.518348694
0.999996483 0.002508247 0.000868799 0.768745303 -0.002512680 0.999983609 0.005138980 -1.387676477 -0.000855895 -0.005141144 0.999986470 54.055126190
0.999995291 0.002899992 0.001004328 0.781295002 -0.002904578 0.999985218 0.004595459 -1.394006968 -0.000990986 -0.004598355 0.999988973 54.618286133
0.999997616 0.002071023 0.000868461 0.784513295 -0.002075069 0.999986827 0.004684170 -1.403883696 -0.000858749 -0.004685959 0.999988675 55.102920532
0.999996901 0.002206462 0.001132718 0.787919879 -0.002212079 0.999985218 0.004982313 -1.415209413 -0.001121708 -0.004984804 0.999987006 55.655391693
0.999995768 0.002703294 0.001085600 0.799904585 -0.002708325 0.999985397 0.004660680 -1.430622935 -0.001072985 -0.004663600 0.999988556 56.172283173
0.999995232 0.002926820 0.001058774 0.811380327 -0.002932053 0.999983311 0.004974766 -1.445601702 -0.001044196 -0.004977847 0.999987066 56.707519531
0.999994934 0.002980134 0.001104801 0.812489092 -0.002984721 0.999986768 0.004173779 -1.454602718 -0.001092349 -0.004177056 0.999990642 57.267856598
0.999994993 0.002708361 0.001624493 0.814450979 -0.002715790 0.999985754 0.004588597 -1.466489792 -0.001612041 -0.004592986 0.999988139 57.773342133
0.999995351 0.002558874 0.001642256 0.828516662 -0.002565824 0.999987781 0.004244326 -1.470972538 -0.001631375 -0.004248519 0.999989688 58.329792023
0.999993563 0.002952951 0.002034147 0.831809700 -0.002961547 0.999986649 0.004235543 -1.491650820 -0.002021612 -0.004241541 0.999988914 58.859352112
0.999995947 0.002466128 0.001407103 0.847452998 -0.002471652 0.999989212 0.003937343 -1.495745659 -0.001397378 -0.003940805 0.999991238 59.364498138
0.999996364 0.002385928 0.001239897 0.859753370 -0.002391191 0.999988139 0.004261422 -1.503348112 -0.001229715 -0.004264371 0.999990106 59.928493500
0.999995291 0.002644728 0.001585240 0.872475028 -0.002650396 0.999990106 0.003584625 -1.517063856 -0.001575745 -0.003588809 0.999992311 60.463317871
0.999993801 0.002894131 0.002005004 0.888066232 -0.002902059 0.999987960 0.003961875 -1.528484583 -0.001993514 -0.003967669 0.999990106 61.004692078
0.999994457 0.002725556 0.001916330 0.868298709 -0.002733239 0.999988198 0.004018547 -1.539511085 -0.001905355 -0.004023763 0.999990106 61.504447937
0.999996543 0.002024726 0.001655373 0.885600686 -0.002031620 0.999989271 0.004173406 -1.552615047 -0.001646905 -0.004176756 0.999989927 62.051700592
0.999998093 0.001345041 0.001415498 0.903543591 -0.001350423 0.999991834 0.003807927 -1.557286263 -0.001410364 -0.003809832 0.999991775 62.613262177
0.999995649 0.002047590 0.002137667 0.905735493 -0.002056215 0.999989688 0.004040358 -1.583775997 -0.002129373 -0.004044736 0.999989569 63.155914307
0.999996364 0.001984693 0.001778653 0.904891133 -0.001992591 0.999988258 0.004449829 -1.602823973 -0.001769800 -0.004453358 0.999988437 63.651832581
0.999995172 0.002383844 0.001979559 0.917173505 -0.002391871 0.999988973 0.004062462 -1.610449195 -0.001969852 -0.004067177 0.999989748 64.204498291
0.999995649 0.001622738 0.002438363 0.928699732 -0.001633295 0.999989271 0.004333762 -1.626271486 -0.002431305 -0.004337726 0.999987602 64.754043579
0.999993801 0.001974727 0.002913512 0.936032355 -0.001989916 0.999984324 0.005219248 -1.645442486 -0.002903158 -0.005225013 0.999982178 65.284820557
0.999994636 0.002231424 0.002410201 0.936846375 -0.002240447 0.999990463 0.003747913 -1.647858500 -0.002401816 -0.003753293 0.999989986 65.822921753
0.999994755 0.002598572 0.001965916 0.952955008 -0.002604753 0.999991655 0.003148238 -1.660391927 -0.001957719 -0.003153342 0.999993086 66.370132446
0.999993205 0.002612847 0.002618887 0.962426186 -0.002623066 0.999988914 0.003906103 -1.671329975 -0.002608652 -0.003912946 0.999988914 66.912948608
0.999995470 0.001695059 0.002499101 0.983339190 -0.001704999 0.999990582 0.003980789 -1.685662746 -0.002492330 -0.003985032 0.999988914 67.449752808
0.999993443 0.002144421 0.002919668 0.968446851 -0.002157317 0.999987900 0.004421177 -1.699034095 -0.002910154 -0.004427447 0.999985993 67.986648560
0.999992430 0.003030899 0.002444935 0.976937294 -0.003039754 0.999988794 0.003626076 -1.707452178 -0.002433918 -0.003633481 0.999990404 68.529617310
0.999991179 0.003131023 0.002822624 0.989793360 -0.003142639 0.999986529 0.004120211 -1.727510452 -0.002809686 -0.004129045 0.999987543 69.069129944
0.999994040 0.001789149 0.002964653 0.999608397 -0.001801396 0.999989748 0.004133540 -1.731147766 -0.002957228 -0.004138856 0.999987066 69.591018677
0.999990523 0.003033720 0.003127905 0.990796983 -0.003045301 0.999988496 0.003704383 -1.735504627 -0.003116631 -0.003713873 0.999988198 70.129096985
0.999991715 0.002980514 0.002799013 1.007136464 -0.002990036 0.999989748 0.003404129 -1.750359297 -0.002788838 -0.003412470 0.999990284 70.671630859
0.999986112 0.003991161 0.003444804 1.014189959 -0.004003479 0.999985576 0.003576058 -1.759580731 -0.003430482 -0.003589799 0.999987662 71.225845337
0.999992371 0.002836724 0.002691689 1.041285753 -0.002846344 0.999989510 0.003576906 -1.777735472 -0.002681515 -0.003584541 0.999989986 71.763221741
0.999986172 0.003897567 0.003538641 1.048332334 -0.003907742 0.999988258 0.002872965 -1.778470993 -0.003527402 -0.002886753 0.999989629 72.308380127
0.999992669 0.002236237 0.003101790 1.051357031 -0.002248473 0.999989688 0.003946834 -1.796874881 -0.003092932 -0.003953779 0.999987364 72.795921326
0.999994636 0.001480066 0.002935102 1.071148634 -0.001491223 0.999991715 0.003803178 -1.808627129 -0.002929449 -0.003807533 0.999988496 73.355888367
0.999994278 0.002024741 0.002715084 1.088817000 -0.002036462 0.999988616 0.004321439 -1.824376106 -0.002706303 -0.004326944 0.999986947 73.891258240
0.999995232 0.001711588 0.002581602 1.104692936 -0.001722026 0.999990344 0.004046007 -1.834736109 -0.002574652 -0.004050433 0.999988496 74.393089294
0.999994636 0.000949820 0.003138554 1.109064817 -0.000961167 0.999992967 0.003616211 -1.846650600 -0.003135097 -0.003619208 0.999988496 74.893600464
0.999994338 0.001373890 0.003065232 1.119707346 -0.001385506 0.999991834 0.003790785 -1.860213161 -0.003059999 -0.003795011 0.999988139 75.440147400
0.999993384 0.000717215 0.003566389 1.130044103 -0.000728186 0.999995053 0.003075723 -1.868201017 -0.003564166 -0.003078299 0.999988914 76.001533508
0.999994755 0.001527522 0.002871786 1.154694200 -0.001537572 0.999992728 0.003500478 -1.884233475 -0.002866418 -0.003504876 0.999989748 76.562271118
0.999994993 0.001569398 0.002741447 1.146107554 -0.001577607 0.999994218 0.002994587 -1.888186455 -0.002736732 -0.002998896 0.999991775 77.068519592
0.999992490 0.002098128 0.003250894 1.158173442 -0.002106245 0.999994695 0.002495195 -1.898685932 -0.003245641 -0.002502024 0.999991655 77.620086670
0.999993920 0.001865252 0.002915250 1.174221754 -0.001871630 0.999995828 0.002186526 -1.907725692 -0.002911160 -0.002191970 0.999993384 78.172134399
0.999995351 0.001357816 0.002778271 1.182935953 -0.001365492 0.999995232 0.002763209 -1.932227135 -0.002774506 -0.002766990 0.999992311 78.733406067
0.999995291 0.001397009 0.002776616 1.194557309 -0.001405803 0.999993920 0.003167741 -1.950639248 -0.002772175 -0.003171629 0.999991119 79.280914307
0.999988556 0.002283783 0.004198412 1.201768398 -0.002297287 0.999992192 0.003214458 -1.969991207 -0.004191038 -0.003224066 0.999986053 79.791732788
0.999983549 0.001731294 0.005465113 1.206577420 -0.001744333 0.999995589 0.002382070 -1.965655208 -0.005460966 -0.002391563 0.999982178 80.359970093
0.999974728 0.001717927 0.006894231 1.220902801 -0.001734533 0.999995589 0.002403548 -1.982655525 -0.006890072 -0.002415445 0.999973297 80.905769348
0.999965250 0.002367137 0.007987793 1.232126474 -0.002389764 0.999993145 0.002824279 -2.004882336 -0.007981053 -0.002843270 0.999964118 81.440116882
0.999936044 0.002454252 0.011039489 1.268264532 -0.002478494 0.999994576 0.002182810 -2.005401611 -0.011034071 -0.002210031 0.999936700 81.993843079
0.999886155 0.002721173 0.014842109 1.284672379 -0.002753401 0.999993980 0.002151233 -2.020298481 -0.014836164 -0.002191855 0.999887586 82.528587341
0.999827921 0.002061740 0.018437741 1.308560133 -0.002106529 0.999994934 0.002410147 -2.042105198 -0.018432677 -0.002448571 0.999827087 83.055068970
0.999749064 0.001857091 0.022320233 1.324827909 -0.001901676 0.999996185 0.001976433 -2.036751747 -0.022316480 -0.002018383 0.999748886 83.628059387
0.999602437 0.002248427 0.028104363 1.354275346 -0.002299778 0.999995768 0.001794915 -2.047871590 -0.028100209 -0.001858834 0.999603391 84.179420471
0.999404550 0.002069389 0.034439594 1.396057129 -0.002141589 0.999995530 0.002059618 -2.067066908 -0.034435175 -0.002132147 0.999404669 84.714439392
0.999171257 0.002504087 0.040627167 1.430117846 -0.002589541 0.999994516 0.002050883 -2.082199097 -0.040621810 -0.002154389 0.999172270 85.256874084
0.998816848 0.001853839 0.048594527 1.475573063 -0.001954366 0.999996006 0.002021297 -2.089993238 -0.048590578 -0.002113877 0.998816490 85.829551697
0.998343289 0.002060996 0.057501167 1.527450085 -0.002141451 0.999996841 0.001337629 -2.097312450 -0.057498224 -0.001458549 0.998344541 86.391189575
0.997945786 0.001469754 0.064046778 1.573272228 -0.001549736 0.999998093 0.001199161 -2.107126951 -0.064044893 -0.001295953 0.997946203 86.967109680
0.997298241 0.001983791 0.073431596 1.626755714 -0.002069177 0.999997377 0.001086736 -2.120187283 -0.073429234 -0.001235743 0.997299790 87.512878418
0.996525705 0.001278800 0.083276272 1.697753906 -0.001378889 0.999998331 0.001144427 -2.142193317 -0.083274670 -0.001255280 0.996525824 88.019424438
0.995699227 0.001614540 0.092631556 1.756649017 -0.001768104 0.999997079 0.001575754 -2.151195288 -0.092628747 -0.001732759 0.995699227 88.582420349
0.995041430 0.000570388 0.099459246 1.821442604 -0.000637225 0.999999523 0.000640234 -2.162189722 -0.099458829 -0.000700437 0.995041490 89.145790100
0.994011641 0.000860612 0.109270439 1.913027763 -0.000922123 0.999999464 0.000512403 -2.165430069 -0.109269939 -0.000610096 0.994011939 89.633911133
0.992807448 0.001229972 0.119716048 2.002325058 -0.001270493 0.999999106 0.000262153 -2.175274849 -0.119715616 -0.000412366 0.992808223 90.184226990
0.991618931 0.000953893 0.129193798 2.091341019 -0.000953016 0.999999583 -0.000068597 -2.190350294 -0.129193798 -0.000055102 0.991619349 90.738075256
0.990083814 0.000179658 0.140477762 2.195517540 -0.000216923 0.999999940 0.000249958 -2.210225344 -0.140477717 -0.000277953 0.990083814 91.227546692
0.988219321 -0.000015623 0.153044254 2.289661407 -0.000024499 1.000000000 0.000260273 -2.218780994 -0.153044254 -0.000260956 0.988219321 91.815330505
0.986393392 -0.000196876 0.164401621 2.398064613 0.000172483 0.999999940 0.000162653 -2.230194569 -0.164401680 -0.000132083 0.986393511 92.363807678
0.984644651 -0.000604176 0.174569562 2.520658493 0.000613796 0.999999821 -0.000001118 -2.248167753 -0.174569547 0.000108251 0.984644830 92.896003723
0.982265353 -0.000763260 0.187494755 2.638581276 0.000799107 0.999999702 -0.000115609 -2.264567614 -0.187494606 0.000263387 0.982265651 93.427711487
0.979823053 -0.001024365 0.199864194 2.771584511 0.001071583 0.999999404 -0.000128071 -2.269716740 -0.199863940 0.000339658 0.979823589 94.005195618
0.977625728 -0.001197078 0.210348010 2.901542664 0.001104500 0.999999225 0.000557596 -2.288821220 -0.210348517 -0.000312791 0.977626383 94.542190552
0.974749982 -0.001597186 0.223293215 3.045991898 0.001598372 0.999998689 0.000175423 -2.303410292 -0.223293215 0.000185912 0.974751234 95.064788818
0.971554935 -0.001288318 0.236810789 3.180173874 0.001306401 0.999999166 0.000080556 -2.308033466 -0.236810684 0.000231106 0.971555710 95.607528687
0.968883693 -0.002059614 0.247507900 3.337759018 0.002148042 0.999997735 -0.000087246 -2.324794769 -0.247507140 0.000616189 0.968885839 96.127990723
0.966095924 -0.002621941 0.258170247 3.512697220 0.002758409 0.999996126 -0.000166388 -2.340104580 -0.258168817 0.000872885 0.966099441 96.626480103
0.962395847 -0.003088669 0.271633357 3.672914505 0.003150886 0.999994934 0.000207096 -2.340906620 -0.271632701 0.000656578 0.962400794 97.093971252
0.958706439 -0.003656937 0.284374118 3.850008011 0.003884509 0.999992371 -0.000236288 -2.354462385 -0.284371108 0.001331185 0.958713412 97.625236511
0.955296040 -0.003882223 0.295625359 4.037921906 0.004043082 0.999991834 0.000067146 -2.369597197 -0.295623153 0.001131093 0.955304027 98.146919250
0.950900197 -0.004613190 0.309463292 4.230031967 0.004772012 0.999988616 0.000243746 -2.382416725 -0.309460878 0.001244985 0.950911343 98.664932251
0.946064353 -0.003977884 0.323954374 4.400598526 0.004032121 0.999991655 0.000503792 -2.389139891 -0.323953718 0.000829604 0.946072578 99.198059082
0.942105234 -0.003470574 0.335299194 4.609245300 0.003580160 0.999993443 0.000291272 -2.401143789 -0.335298002 0.000926016 0.942111671 99.712913513
0.937515616 -0.004043384 0.347919673 4.828638077 0.004393780 0.999990284 -0.000218130 -2.410280466 -0.347915411 0.001733183 0.937524319 100.247116089
0.932134151 -0.004880255 0.362080336 5.034839630 0.005226377 0.999986291 0.000023484 -2.432103634 -0.362075508 0.001870478 0.932146907 100.700012207
0.927340269 -0.005882814 0.374172747 5.254648209 0.006195333 0.999980748 0.000367523 -2.448125839 -0.374167711 0.001977306 0.927358985 101.175941467
0.922314942 -0.005564769 0.386399031 5.467597961 0.005781468 0.999983132 0.000601298 -2.456698656 -0.386395842 0.001679368 0.922331512 101.674453735
0.916429400 -0.006636945 0.400141388 5.716796875 0.007032970 0.999975204 0.000478729 -2.468672276 -0.400134623 0.002375461 0.916453302 102.172233582
0.910415232 -0.005891060 0.413653702 5.945484161 0.005741254 0.999982297 0.001605280 -2.491428137 -0.413655788 0.000913420 0.910432875 102.637870789
0.905618548 -0.006626982 0.424041539 6.195545197 0.006664774 0.999976814 0.001393934 -2.505794525 -0.424040943 0.001563769 0.905641675 103.117568970
0.899675131 -0.006683303 0.436508715 6.425109863 0.006736427 0.999976337 0.001426199 -2.512752771 -0.436507910 0.001657393 0.899698913 103.579086304
0.892980337 -0.006668238 0.450046331 6.687252045 0.006849012 0.999975801 0.001226639 -2.514705658 -0.450043619 0.001987007 0.893004358 104.078811646
0.886737049 -0.006450980 0.462229222 6.961608887 0.007148289 0.999974370 0.000242656 -2.518210411 -0.462218910 0.003088976 0.886760473 104.568367004
0.880982518 -0.006966759 0.473097384 7.253704071 0.007412492 0.999972045 0.000922195 -2.531403780 -0.473090589 0.002694393 0.881009638 105.072769165
0.873161495 -0.007782895 0.487368941 7.535358429 0.008188594 0.999965668 0.001298118 -2.554936647 -0.487362295 0.002857400 0.873195171 105.518608093
0.865620732 -0.007590828 0.500642598 7.794097900 0.008041732 0.999966860 0.001257358 -2.554604053 -0.500635624 0.002937638 0.865653038 106.011840820
