1.000000000 0.000000000 0.000000000 0.000000000 0.000000000 1.000000000 0.000000000 0.000000000 0.000000000 0.000000000 1.000000000 0.000000000
1.000000000 -0.000038752 -0.000068767 0.000547103 0.000038748 1.000000000 -0.000062461 0.000561420 0.000068770 0.000062458 1.000000000 -0.000178263
1.000000000 0.000065440 0.000081789 -0.000075699 -0.000065442 1.000000000 0.000020103 0.000224327 -0.000081788 -0.000020108 1.000000000 0.000223861
1.000000000 -0.000043347 0.000020061 0.000282401 0.000043347 1.000000000 -0.000004946 0.000553214 -0.000020061 0.000004947 1.000000000 -0.000104868
1.000000000 -0.000134349 0.000007305 0.000194215 0.000134349 1.000000000 0.000076141 -0.000617105 -0.000007316 -0.000076140 1.000000000 -0.001027477
1.000000000 0.000027383 0.000173513 -0.000058747 -0.000027371 1.000000000 -0.000065092 0.000971155 -0.000173515 0.000065088 1.000000000 0.000424209
1.000000000 -0.000180153 0.000032934 0.001881294 0.000180154 1.000000000 -0.000037175 0.000949442 -0.000032928 0.000037181 1.000000000 0.001586300
1.000000000 -0.000000713 0.000034675 -0.000369738 0.000000709 1.000000000 0.000122376 -0.000762312 -0.000034675 -0.000122376 1.000000000 -0.001348059
1.000000000 0.000017862 -0.000048324 -0.000091278 -0.000017864 1.000000000 -0.000053786 -0.000623705 0.000048323 0.000053787 1.000000000 -0.002083556
1.000000000 0.000010626 0.000053456 -0.000572309 -0.000010629 1.000000000 0.000061348 -0.001396131 -0.000053456 -0.000061348 1.000000000 -0.002079425
1.000000000 0.000084326 0.000034319 -0.001077556 -0.000084329 1.000000000 0.000082403 -0.001066744 -0.000034312 -0.000082406 1.000000000 -0.000777303
1.000000000 -0.000010228 0.000056720 -0.000825653 0.000010222 1.000000000 0.000108896 -0.001191943 -0.000056721 -0.000108896 1.000000000 -0.002080287
1.000000000 0.000127601 0.000033363 -0.000862941 -0.000127599 1.000000000 -0.000075177 -0.000754147 -0.000033372 0.000075173 1.000000000 -0.001376969
1.000000000 -0.000040571 0.000048476 -0.000846349 0.000040570 1.000000000 0.000025755 0.000309378 -0.000048477 -0.000025753 1.000000000 -0.000270955
1.000000000 0.000024862 0.000044036 -0.001733538 -0.000024858 1.000000000 -0.000104211 0.000337805 -0.000044039 0.000104210 1.000000000 -0.001203472
1.000000000 0.000190389 -0.000028279 0.000001905 -0.000190392 1.000000000 -0.000115425 0.001908767 0.000028257 0.000115430 1.000000000 0.002030243
1.000000000 0.000210086 0.000100670 -0.001266697 -0.000210074 1.000000000 -0.000119157 0.002194962 -0.000100695 0.000119136 1.000000000 0.002645740
1.000000000 0.000214237 0.000022895 -0.000981252 -0.000214234 1.000000000 -0.000116359 0.001211131 -0.000022920 0.000116354 1.000000000 -0.000386939
0.999999940 0.000309868 0.000176482 -0.002202900 -0.000309849 0.999999940 -0.000105619 0.002299958 -0.000176514 0.000105565 1.000000000 0.002491253
1.000000000 0.000152884 0.000187026 -0.001730713 -0.000152865 1.000000000 -0.000101242 0.001605577 -0.000187041 0.000101214 1.000000000 0.002026127
1.000000000 0.000162250 0.000170122 -0.001830606 -0.000162232 1.000000000 -0.000105597 0.001816676 -0.000170139 0.000105569 1.000000000 0.001847661
0.999999940 0.000271021 0.000104822 -0.002078899 -0.000271006 0.999999940 -0.000139849 0.002368565 -0.000104860 0.000139820 1.000000000 0.001853444
1.000000000 0.000173449 -0.000008098 -0.000525854 -0.000173450 1.000000000 -0.000079508 0.002123562 0.000008085 0.000079509 1.000000000 0.002818358
1.000000000 0.000156014 0.000062276 -0.001349317 -0.000156010 1.000000000 -0.000059699 0.002647439 -0.000062285 0.000059690 1.000000000 0.002982243
0.999999881 0.000502750 0.000051247 -0.001743310 -0.000502747 0.999999881 -0.000044500 0.002168112 -0.000051269 0.000044474 1.000000000 0.003383331
0.999999940 0.000380230 0.000067058 -0.001377113 -0.000380224 0.999999940 -0.000092032 0.002216617 -0.000067093 0.000092006 1.000000000 0.001516890
1.000000000 0.000215837 0.000108981 -0.001820876 -0.000215828 1.000000000 -0.000080771 0.002649007 -0.000108999 0.000080748 1.000000000 0.003293857
0.999999940 0.000249383 0.000187804 -0.002478611 -0.000249387 0.999999940 0.000018714 0.001519212 -0.000187800 -0.000018761 1.000000000 0.002377203
0.999999940 0.000237073 0.000067987 -0.001446239 -0.000237069 0.999999940 -0.000069892 0.002317284 -0.000068004 0.000069876 1.000000000 0.002224318
0.999999940 0.000270915 0.000162605 -0.002250633 -0.000270891 0.999999940 -0.000144864 0.003097353 -0.000162644 0.000144820 1.000000000 0.003145216
0.999999940 0.000270247 0.000120394 -0.001135919 -0.000270239 0.999999940 -0.000068642 0.002101436 -0.000120412 0.000068609 1.000000000 0.002589180
0.999999940 0.000228935 0.000160950 -0.001112588 -0.000228913 0.999999940 -0.000133675 0.003596262 -0.000160981 0.000133638 1.000000000 0.003924144
1.000000000 0.000208852 0.000051443 -0.000409890 -0.000208841 0.999999940 -0.000212420 0.003592004 -0.000051487 0.000212409 1.000000000 0.003721385
0.999999940 0.000287696 0.000222774 -0.001318503 -0.000287675 0.999999940 -0.000096450 0.002272728 -0.000222802 0.000096386 1.000000000 0.001693085
0.999999881 0.000388161 0.000207966 -0.002665358 -0.000388122 0.999999881 -0.000189198 0.002523292 -0.000208040 0.000189118 0.999999940 0.002212050
0.999999940 0.000312001 0.000206911 -0.001780151 -0.000311964 0.999999940 -0.000177838 0.002311373 -0.000206966 0.000177774 0.999999940 0.002917419
1.000000000 0.000194780 0.000142246 -0.001605728 -0.000194769 1.000000000 -0.000076518 0.002458710 -0.000142261 0.000076490 1.000000000 0.002207160
0.999999940 0.000312060 0.000188579 -0.002609942 -0.000312039 0.999999940 -0.000110392 0.003298929 -0.000188614 0.000110333 1.000000000 0.003586413
0.999999940 0.000363320 0.000212112 -0.002028902 -0.000363309 0.999999940 -0.000052758 0.001928924 -0.000212131 0.000052681 1.000000000 0.002990165
0.999999940 0.000233150 0.000109112 -0.000469561 -0.000233142 1.000000000 -0.000066990 0.003398711 -0.000109127 0.000066965 1.000000000 0.003336595
1.000000000 0.000105064 0.000077455 -0.000402519 -0.000105054 1.000000000 -0.000133629 0.001929430 -0.000077469 0.000133621 1.000000000 0.004469727
0.999999940 0.000341494 0.000105840 0.001200485 -0.000341429 0.999999762 -0.000608774 -0.000794936 -0.000106048 0.000608738 0.999999821 0.051785477
0.999999881 0.000408936 0.000151647 -0.001899288 -0.000408760 0.999999225 -0.001159997 -0.003630043 -0.000152122 0.001159935 0.999999344 0.136974946
1.000000000 0.000176089 0.000109590 0.003279532 -0.000175937 0.999999046 -0.001383259 -0.009153157 -0.000109833 0.001383240 0.999999046 0.251358926
0.999999881 0.000416191 0.000080557 0.007169200 -0.000416089 0.999999106 -0.001262157 -0.010517718 -0.000081082 0.001262123 0.999999225 0.383434296
0.999999821 0.000336505 0.000446558 0.003645848 -0.000336063 0.999999464 -0.000989497 -0.012980725 -0.000446891 0.000989347 0.999999404 0.534597397
1.000000000 0.000004855 0.000060600 0.009863019 -0.000004789 0.999999404 -0.001089243 -0.019215137 -0.000060605 0.001089242 0.999999404 0.681990802
0.999999940 0.000195197 0.000287821 0.014770419 -0.000195045 0.999999821 -0.000529614 -0.024536448 -0.000287925 0.000529558 0.999999821 0.843883514
0.999999881 -0.000064038 0.000484985 0.008866813 0.000064276 0.999999881 -0.000490725 -0.028713457 -0.000484954 0.000490756 0.999999762 1.018172026
0.999999881 0.000161191 0.000449414 0.012488735 -0.000160954 0.999999821 -0.000527757 -0.030441359 -0.000449499 0.000527685 0.999999762 1.195588231
0.999999285 0.000334376 0.001142577 0.009218103 -0.000334000 0.999999881 -0.000329564 -0.040024944 -0.001142687 0.000329182 0.999999285 1.388022542
0.999998689 -0.001087425 0.001153750 0.009364648 0.001087395 0.999999404 0.000025981 -0.050987653 -0.001153777 -0.000024727 0.999999285 1.597771883
0.999998629 -0.001113287 0.001236111 0.015524811 0.001113055 0.999999404 0.000188028 -0.053704221 -0.001236319 -0.000186651 0.999999166 1.801736474
0.999998391 -0.001428066 0.001107191 0.017753229 0.001427494 0.999998868 0.000516976 -0.064583845 -0.001107928 -0.000515395 0.999999225 2.004451513
0.999997437 -0.002034104 0.000976550 0.024603765 0.002033870 0.999997854 0.000240429 -0.069307253 -0.000977037 -0.000238443 0.999999464 2.216851234
0.999997437 -0.001925202 0.001187915 0.028023798 0.001924308 0.999997914 0.000753576 -0.076326594 -0.001189363 -0.000751289 0.999998927 2.437274218
0.999998093 -0.001510390 0.001229098 0.029468799 0.001509710 0.999998689 0.000553960 -0.083016276 -0.001229933 -0.000552104 0.999999106 2.670601845
0.999997437 -0.001826022 0.001334652 0.035102699 0.001825183 0.999998093 0.000629748 -0.090551749 -0.001335800 -0.000627311 0.999998927 2.901431561
0.999996722 -0.001738496 0.001852399 0.034308292 0.001737084 0.999998093 0.000763534 -0.094283409 -0.001853723 -0.000760314 0.999997973 3.142150640
0.999997973 -0.001070822 0.001685868 0.035306752 0.001069280 0.999998987 0.000915318 -0.105050631 -0.001686847 -0.000913514 0.999998152 3.389227390
0.999997318 -0.001372311 0.001818091 0.039293330 0.001370747 0.999998689 0.000861345 -0.110645123 -0.001819271 -0.000858851 0.999997914 3.627418995
0.999997914 -0.000617103 0.001923900 0.039751999 0.000615120 0.999999285 0.001031119 -0.118351988 -0.001924535 -0.001029934 0.999997556 3.885680914
0.999997377 -0.000612234 0.002166353 0.048032857 0.000609201 0.999998808 0.001400637 -0.121664979 -0.002167208 -0.001399313 0.999996722 4.152557373
0.999996960 -0.001024988 0.002231728 0.056923207 0.001022080 0.999998629 0.001303648 -0.128399268 -0.002233061 -0.001301363 0.999996662 4.405445576
0.999997675 -0.001327121 0.001686102 0.059933215 0.001325877 0.999998868 0.000738873 -0.130745262 -0.001687080 -0.000736636 0.999998331 4.646214485
0.999997199 -0.001542876 0.001749924 0.068012141 0.001541406 0.999998510 0.000840487 -0.137795493 -0.001751218 -0.000837787 0.999998093 4.903951168
0.999997616 -0.001079653 0.001862480 0.076251112 0.001078084 0.999999106 0.000843122 -0.139944434 -0.001863388 -0.000841112 0.999997914 5.165095329
0.999997258 -0.001432361 0.001825731 0.080080166 0.001430397 0.999998450 0.001076396 -0.150736913 -0.001827270 -0.001073782 0.999997795 5.427039623
0.999997377 -0.001166821 0.001961411 0.083862469 0.001164558 0.999998748 0.001154603 -0.160640180 -0.001962756 -0.001152315 0.999997377 5.690286636
0.999997497 -0.001188121 0.001972650 0.086307563 0.001185830 0.999998629 0.001162194 -0.171710655 -0.001974028 -0.001159852 0.999997377 5.947139740
0.999997079 -0.001250079 0.002079238 0.091279775 0.001248056 0.999998808 0.000973878 -0.177801028 -0.002080454 -0.000971281 0.999997318 6.227528095
0.999996364 -0.000912118 0.002550286 0.101836614 0.000909661 0.999999106 0.000964473 -0.177790463 -0.002551164 -0.000962150 0.999996305 6.527860641
0.999996245 -0.001565990 0.002288212 0.101507388 0.001563167 0.999998033 0.001234903 -0.187190428 -0.002290141 -0.001231321 0.999996603 6.817340851
0.999996543 -0.000536951 0.002586578 0.107803389 0.000534276 0.999999285 0.001034754 -0.197586015 -0.002587132 -0.001033369 0.999996126 7.099426746
0.999997199 -0.001293132 0.001975715 0.116250724 0.001290824 0.999998450 0.001169231 -0.208267048 -0.001977224 -0.001166677 0.999997318 7.400565147
0.999996841 -0.001689036 0.001826763 0.123299949 0.001686606 0.999997735 0.001331202 -0.219931453 -0.001829007 -0.001328117 0.999997497 7.709049225
0.999996424 -0.001472121 0.002190747 0.125923574 0.001467988 0.999997139 0.001886837 -0.229852736 -0.002193518 -0.001883615 0.999995828 8.026727676
0.999996245 -0.001508272 0.002258135 0.133300871 0.001504856 0.999997675 0.001513555 -0.237793088 -0.002260413 -0.001510151 0.999996305 8.350543976
0.999997020 -0.001632082 0.001813915 0.147269756 0.001629250 0.999997497 0.001562052 -0.245564312 -0.001816460 -0.001559092 0.999997139 8.676980972
0.999994874 -0.000540941 0.003119476 0.136886656 0.000535308 0.999998271 0.001806170 -0.254316986 -0.003120448 -0.001804491 0.999993503 9.013713837
0.999997079 -0.000279781 0.002392055 0.139456123 0.000274733 0.999997735 0.002110286 -0.274242640 -0.002392641 -0.002109623 0.999994934 9.311139107
0.999995708 0.000117071 0.002946135 0.141628236 -0.000122503 0.999998271 0.001843462 -0.280145377 -0.002945914 -0.001843815 0.999993980 9.657309532
0.999995828 0.000495635 0.002843506 0.147700831 -0.000499905 0.999998748 0.001501027 -0.284743398 -0.002842759 -0.001502442 0.999994814 10.006452560
0.999996364 0.000392329 0.002671028 0.156107724 -0.000395241 0.999999344 0.001090026 -0.294409215 -0.002670599 -0.001091078 0.999995828 10.355280876
0.999998033 -0.000143548 0.001933132 0.175506681 0.000141932 0.999999642 0.000835805 -0.302120924 -0.001933251 -0.000835529 0.999997854 10.714915276
0.999997556 -0.001135191 0.001898955 0.191126674 0.001132036 0.999997973 0.001661667 -0.313684285 -0.001900837 -0.001659513 0.999996841 11.064809799
0.999998093 -0.001062403 0.001660598 0.199274734 0.001059156 0.999997497 0.001954651 -0.326775670 -0.001662670 -0.001952889 0.999996722 11.438031197
0.999997795 -0.000592663 0.002004352 0.203989744 0.000589673 0.999998748 0.001491664 -0.329620540 -0.002005234 -0.001490479 0.999996841 11.832138062
0.999997795 -0.000673924 0.002003620 0.213488683 0.000669880 0.999997795 0.002018445 -0.347834796 -0.002004976 -0.002017098 0.999996006 12.196745872
0.999996662 -0.000766942 0.002457632 0.220846653 0.000760132 0.999995887 0.002770527 -0.369415879 -0.002459747 -0.002768649 0.999993145 12.568921089
0.999996305 -0.000420390 0.002691635 0.223227143 0.000414093 0.999997139 0.002339562 -0.379126042 -0.002692611 -0.002338439 0.999993622 12.972700119
0.999996603 -0.000474362 0.002588141 0.240261644 0.000468430 0.999997318 0.002292026 -0.392278641 -0.002589222 -0.002290806 0.999994040 13.370901108
0.999996066 0.000152705 0.002801845 0.238760456 -0.000159711 0.999996901 0.002500423 -0.403973103 -0.002801454 -0.002500861 0.999992967 13.773129463
0.999994814 0.000837331 0.003116615 0.242384106 -0.000846776 0.999995053 0.003030601 -0.412362128 -0.003114061 -0.003033224 0.999990582 14.207229614
0.999995589 -0.000223887 0.002953745 0.257122904 0.000216197 0.999996722 0.002603491 -0.422580212 -0.002954318 -0.002602841 0.999992192 14.572869301
0.999996483 -0.000384483 0.002618924 0.267794609 0.000377969 0.999996841 0.002487357 -0.432222486 -0.002619872 -0.002486358 0.999993503 14.999622345
0.999994338 -0.001810898 0.002825395 0.284578145 0.001804709 0.999995887 0.002191883 -0.443788201 -0.002829352 -0.002186771 0.999993563 15.429926872
0.999992192 -0.001239205 0.003748137 0.287622809 0.001228889 0.999995589 0.002753365 -0.459488422 -0.003751532 -0.002748738 0.999989212 15.842992783
0.999992311 -0.000398687 0.003912847 0.297685415 0.000386976 0.999995470 0.002993288 -0.472027361 -0.003914022 -0.002991751 0.999987960 16.283496857
0.999991894 -0.001038017 0.003896243 0.312378705 0.001027699 0.999996006 0.002649136 -0.478371382 -0.003898977 -0.002645111 0.999988973 16.741781235
0.999988973 -0.000382266 0.004670353 0.313325077 0.000367973 0.999995291 0.003060833 -0.494299769 -0.004671501 -0.003059080 0.999984443 17.192571640
0.999987364 -0.000542475 0.004987640 0.312487841 0.000525030 0.999993742 0.003498266 -0.516120493 -0.004989507 -0.003495603 0.999981463 17.616445541
0.999987423 -0.001044312 0.004907939 0.328276008 0.001029291 0.999994814 0.003062204 -0.525715709 -0.004911112 -0.003057114 0.999983251 18.086059570
0.999987245 -0.000824269 0.004987281 0.342742920 0.000810327 0.999995649 0.002796993 -0.531360567 -0.004989566 -0.002792916 0.999983668 18.563440323
0.999984324 -0.000244499 0.005580092 0.346120417 0.000227867 0.999995530 0.002980920 -0.546084344 -0.005580798 -0.002979602 0.999979973 19.013542175
0.999984622 -0.000033785 0.005534780 0.362057388 0.000019068 0.999996483 0.002658882 -0.553074300 -0.005534850 -0.002658735 0.999981105 19.498189926
0.999983549 -0.000443766 0.005721028 0.366511732 0.000426823 0.999995530 0.002962370 -0.563191354 -0.005722318 -0.002959880 0.999979258 19.995601654
0.999983668 -0.000764885 0.005667569 0.376929820 0.000748275 0.999995410 0.002932185 -0.573537946 -0.005669785 -0.002927897 0.999979615 20.469284058
0.999986112 -0.000737111 0.005231146 0.389983594 0.000725531 0.999997258 0.002215332 -0.578566551 -0.005232765 -0.002211506 0.999983847 20.971403122
0.999986172 -0.000721846 0.005203721 0.400707066 0.000710854 0.999997497 0.002113794 -0.587798834 -0.005205234 -0.002110066 0.999984145 21.478200912
0.999991417 -0.000407575 0.004135451 0.419862360 0.000395469 0.999995589 0.002927892 -0.607515872 -0.004136627 -0.002926232 0.999987185 21.979751587
0.999992132 -0.001018929 0.003839312 0.410131633 0.001005492 0.999993324 0.003500122 -0.634732962 -0.003842854 -0.003496235 0.999986529 22.438707352
0.999994040 -0.001168695 0.003263213 0.420841932 0.001158951 0.999994814 0.002986489 -0.648192704 -0.003266686 -0.002982689 0.999990225 22.957195282
0.999993980 -0.001164985 0.003270016 0.416780651 0.001151359 0.999990702 0.004165492 -0.671531916 -0.003274838 -0.004161702 0.999986053 23.472389221
0.999994755 -0.000015152 0.003231318 0.409344524 0.000003364 0.999993324 0.003648101 -0.688415051 -0.003231352 -0.003648071 0.999988079 24.000137329
0.999997497 -0.000973998 0.001979051 0.434022695 0.000966995 0.999993265 0.003535998 -0.691101670 -0.001982481 -0.003534075 0.999991775 24.515790939
0.999998569 0.000033416 0.001691253 0.441981822 -0.000039104 0.999994278 0.003362905 -0.695195615 -0.001691131 -0.003362967 0.999992907 25.065523148
0.999999344 0.000271278 0.001030446 0.454151630 -0.000275122 0.999992907 0.003731941 -0.712399423 -0.001029426 -0.003732222 0.999992490 25.615764618
0.999999821 -0.000009554 0.000548419 0.462112963 0.000007758 0.999994636 0.003274445 -0.725411534 -0.000548447 -0.003274440 0.999994457 26.135051727
0.999999762 -0.000737212 -0.000141617 0.477143973 0.000737701 0.999993682 0.003480136 -0.732279658 0.000139050 -0.003480239 0.999993980 26.699607849
0.999999523 -0.000883871 -0.000343332 0.482506514 0.000885219 0.999991834 0.003944281 -0.751418531 0.000339843 -0.003944583 0.999992132 27.264888763
0.999999642 -0.000143676 -0.000849528 0.491186559 0.000146870 0.999992847 0.003760583 -0.762012899 0.000848981 -0.003760705 0.999992549 27.758483887
0.999999881 0.000563710 -0.000187496 0.492854655 -0.000563066 0.999993980 0.003414973 -0.763902366 0.000189420 -0.003414867 0.999994099 28.323163986
0.999999821 0.000465180 -0.000528662 0.502576053 -0.000463174 0.999992728 0.003786440 -0.780560613 0.000530419 -0.003786195 0.999992728 28.871089935
0.999998987 0.000258349 -0.001420534 0.521441460 -0.000253909 0.999995053 0.003124519 -0.792774141 0.001421334 -0.003124155 0.999994099 29.420812607
0.999998569 0.000189098 -0.001663785 0.503021836 -0.000182697 0.999992728 0.003847363 -0.814822495 0.001664500 -0.003847054 0.999991179 29.900209427
0.999999046 0.000591320 -0.001217264 0.508986056 -0.000585608 0.999988914 0.004687620 -0.831748843 0.001220023 -0.004686904 0.999988258 30.462722778
0.999998808 0.000943393 -0.001185008 0.515695393 -0.000938017 0.999989390 0.004529208 -0.849044442 0.001189268 -0.004528091 0.999989033 30.983484268
0.999997318 0.001677789 -0.001549476 0.532651544 -0.001671241 0.999989748 0.004217719 -0.854966402 0.001556537 -0.004215118 0.999989867 31.540010452
0.999997854 0.000847185 -0.001869574 0.533673227 -0.000840011 0.999992311 0.003834900 -0.866240203 0.001872809 -0.003833323 0.999990880 32.034202576
0.999995112 0.000628012 -0.003033316 0.543754578 -0.000613311 0.999988019 0.004844526 -0.884828031 0.003036323 -0.004842642 0.999983668 32.586578369
0.999996126 0.001146538 -0.002527658 0.548453689 -0.001134595 0.999988258 0.004721439 -0.903733253 0.002533042 -0.004718552 0.999985635 33.126823425
0.999995232 0.001739710 -0.002541802 0.555830896 -0.001729306 0.999990165 0.004089467 -0.907166302 0.002548892 -0.004085052 0.999988377 33.691902161
0.999997556 0.000993465 -0.001944014 0.523615241 -0.000984693 0.999989331 0.004508670 -0.934826851 0.001948473 -0.004506744 0.999987960 34.167366028
0.999998212 0.000997781 -0.001620122 0.535051227 -0.000991315 0.999991596 0.003987502 -0.945793986 0.001624087 -0.003985888 0.999990761 34.709278107
0.999996305 0.001485761 -0.002302607 0.547033548 -0.001476318 0.999990463 0.004097552 -0.954984963 0.002308673 -0.004094138 0.999988914 35.248374939
0.999995649 0.001537579 -0.002542308 0.555612624 -0.001526792 0.999989808 0.004239055 -0.965139449 0.002548800 -0.004235155 0.999987781 35.778236389
0.999996185 -0.000224453 -0.002750132 0.560232699 0.000234965 0.999992609 0.003822690 -0.976148546 0.002749254 -0.003823321 0.999988914 36.297801971
0.999993384 -0.000024254 -0.003618874 0.570824146 0.000036707 0.999994040 0.003441169 -0.985036254 0.003618768 -0.003441279 0.999987543 36.851776123
0.999993026 -0.000252242 -0.003709396 0.584273517 0.000263532 0.999995291 0.003043365 -0.993518531 0.003708610 -0.003044321 0.999988556 37.399349213
0.999992192 0.000375879 -0.003925350 0.596827984 -0.000364048 0.999995470 0.003014386 -1.003789425 0.003926466 -0.003012934 0.999987781 37.925468445
0.999993265 0.000505753 -0.003629858 0.594855070 -0.000492547 0.999993265 0.003638254 -1.022326469 0.003631674 -0.003636441 0.999986708 38.405670166
0.999993622 0.001058356 -0.003380808 0.600851119 -0.001046573 0.999993384 0.003485151 -1.033599138 0.003384474 -0.003481590 0.999988258 38.958709717
0.999993682 0.000786186 -0.003467136 0.609265268 -0.000774838 0.999994397 0.003273482 -1.046271443 0.003469690 -0.003270775 0.999988616 39.513256073
0.999992788 0.001828277 -0.003319738 0.603703856 -0.001818592 0.999994040 0.002918179 -1.037844777 0.003325054 -0.002912120 0.999990225 40.044746399
0.999995172 0.001236866 -0.002851423 0.588708699 -0.001227562 0.999993861 0.003262560 -1.057190895 0.002855440 -0.003259044 0.999990642 40.506248474
0.999994040 0.001758934 -0.002962158 0.598851442 -0.001749178 0.999992967 0.003292904 -1.066739798 0.002967929 -0.003287703 0.999990225 41.049892426
0.999993205 0.002372473 -0.002806265 0.608882070 -0.002365604 0.999994278 0.002447925 -1.068540931 0.002812056 -0.002441270 0.999993145 41.587005615
0.999994218 0.001411397 -0.003072224 0.614400089 -0.001401474 0.999993801 0.003230079 -1.090779305 0.003076764 -0.003225754 0.999990046 42.044517517
0.999992728 0.001821488 -0.003314432 0.619323373 -0.001809566 0.999991894 0.003596429 -1.102795362 0.003320957 -0.003590405 0.999988019 42.597923279
0.999993265 0.002691616 -0.002512863 0.628046513 -0.002683883 0.999991715 0.003075858 -1.114533305 0.002521121 -0.003069093 0.999992073 43.143814087
0.999994159 0.001284256 -0.003162835 0.639089406 -0.001274436 0.999994397 0.003104696 -1.126302958 0.003166804 -0.003100648 0.999990106 43.644176483
0.999994576 0.001248819 -0.003042193 0.647304595 -0.001240509 0.999995470 0.002731859 -1.134848356 0.003045591 -0.002728070 0.999991596 44.201019287
0.999995112 0.000907583 -0.002994920 0.660504580 -0.000898484 0.999994993 0.003037221 -1.151823521 0.002997662 -0.003034515 0.999990821 44.744953156
0.999993980 0.002365001 -0.002525992 0.647712469 -0.002358196 0.999993563 0.002693615 -1.162698627 0.002532346 -0.002687642 0.999993205 45.209079742
0.999995232 0.002120988 -0.002250904 0.650437117 -0.002116326 0.999995589 0.002071990 -1.172761440 0.002255288 -0.002067216 0.999995410 45.760692596
0.999993980 0.002600184 -0.002290310 0.656061649 -0.002593742 0.999992609 0.002811634 -1.183448792 0.002297605 -0.002805676 0.999993443 46.243415833
0.999992013 0.003279855 -0.002265670 0.659469843 -0.003273814 0.999991000 0.002664726 -1.194472671 0.002274390 -0.002657288 0.999993861 46.797004700
0.999993563 0.002107514 -0.002876719 0.676344633 -0.002101478 0.999995530 0.002099423 -1.206504941 0.002881131 -0.002093363 0.999993682 47.345966339
0.999996066 0.001619763 -0.002257054 0.675004482 -0.001613387 0.999994695 0.002824267 -1.221838355 0.002261616 -0.002820614 0.999993443 47.826900482
0.999995530 0.001358743 -0.002665936 0.688945711 -0.001352189 0.999996066 0.002458820 -1.230794430 0.002669266 -0.002455204 0.999993384 48.380023956
0.999995232 0.002228924 -0.002153320 0.692718089 -0.002224168 0.999995053 0.002208600 -1.241655588 0.002158232 -0.002203800 0.999995232 48.920032501
0.999993503 0.003203499 -0.001656561 0.675903738 -0.003199100 0.999991357 0.002651871 -1.253272295 0.001665042 -0.002646554 0.999995053 49.422107697
0.999994755 0.003082490 -0.000996239 0.685016930 -0.003080217 0.999992669 0.002274818 -1.270911336 0.001003244 -0.002271737 0.999996901 49.950214386
0.999993920 0.002921287 -0.001906342 0.701797843 -0.002916970 0.999993086 0.002264557 -1.277739048 0.001912945 -0.002258982 0.999995589 50.505702972
0.999992192 0.003472241 -0.001865156 0.704196155 -0.003467112 0.999990165 0.002745921 -1.289958715 0.001874672 -0.002739433 0.999994516 50.993480682
0.999992549 0.003296574 -0.002026675 0.716988802 -0.003291669 0.999991655 0.002419156 -1.303567410 0.002034633 -0.002412467 0.999995053 51.537971497
0.999992967 0.003132552 -0.002054791 0.720510721 -0.003126743 0.999991119 0.002824675 -1.312316298 0.002063621 -0.002818230 0.999993861 52.095878601
0.999992192 0.003542136 -0.001746834 0.716512144 -0.003538248 0.999991298 0.002223671 -1.325006247 0.001754696 -0.002217474 0.999996006 52.606277466
0.999989748 0.004258051 -0.001501790 0.720124483 -0.004255059 0.999988914 0.001989612 -1.336655736 0.001510245 -0.001983202 0.999996901 53.147022247
0.999991357 0.003690570 -0.001891027 0.730293810 -0.003686854 0.999991298 0.001964316 -1.354192853 0.001898260 -0.001957327 0.999996245 53.695873260
0.999991119 0.003782416 -0.001899778 0.746367157 -0.003778211 0.999990463 0.002210783 -1.373590469 0.001908122 -0.002203586 0.999995708 54.235343933
0.999993801 0.003230338 -0.001410641 0.739974678 -0.003227545 0.999992788 0.001976431 -1.376719594 0.001417015 -0.001971866 0.999997079 54.748149872
0.999992967 0.003386623 -0.001602427 0.745099068 -0.003383474 0.999992311 0.001962757 -1.386968613 0.001609061 -0.001957322 0.999996781 55.300533295
0.999992609 0.003319085 -0.001909925 0.760959923 -0.003314537 0.999991655 0.002380256 -1.408912897 0.001917810 -0.002373908 0.999995410 55.849670410
0.999989867 0.004375143 -0.001028113 0.748094976 -0.004372701 0.999987662 0.002365757 -1.419632077 0.001038451 -0.002361237 0.999996722 56.367588043
0.999990940 0.004071165 -0.001258062 0.756951332 -0.004068900 0.999990106 0.001794999 -1.431850433 0.001265356 -0.001789864 0.999997616 56.886108398
0.999991953 0.003838602 -0.001146814 0.771152377 -0.003835889 0.999989867 0.002357264 -1.447548151 0.001155851 -0.002352846 0.999996543 57.424549103
0.999990821 0.004211976 -0.000854248 0.770762563 -0.004210291 0.999989152 0.001964260 -1.448902726 0.000862513 -0.001960645 0.999997675 57.984390259
0.999992192 0.003812437 -0.001029496 0.784657001 -0.003810792 0.999991477 0.001597199 -1.461609960 0.001035576 -0.001593263 0.999998212 58.502906799
0.999989569 0.004528748 -0.000620223 0.775240004 -0.004527835 0.999988616 0.001468904 -1.490939379 0.000626868 -0.001466080 0.999998748 58.992240906
0.999990880 0.004181751 -0.000803600 0.789474308 -0.004180309 0.999989629 0.001787934 -1.502034426 0.000811068 -0.001784558 0.999998093 59.554523468
0.999990582 0.004273583 -0.000724895 0.801576138 -0.004271994 0.999988556 0.002179404 -1.520760298 0.000734201 -0.002176287 0.999997318 60.093528748
0.999986351 0.005212262 -0.000307330 0.803762674 -0.005211706 0.999984801 0.001783771 -1.528326511 0.000316623 -0.001782145 0.999998391 60.614097595
0.999986529 0.005173966 -0.000250440 0.811313987 -0.005173501 0.999984920 0.001829730 -1.545395017 0.000259904 -0.001828410 0.999998331 61.158107758
0.999989629 0.004524392 -0.000333035 0.824763000 -0.004523640 0.999987245 0.002225457 -1.561757088 0.000343099 -0.002223928 0.999997556 61.708538055
0.999989271 0.004620618 -0.000279763 0.828189850 -0.004620100 0.999987662 0.001820431 -1.572708249 0.000288171 -0.001819119 0.999998271 62.221248627
0.999985456 0.005384959 0.000161746 0.835831404 -0.005385128 0.999984920 0.001060331 -1.588603497 -0.000156034 -0.001061186 0.999999404 62.770263672
0.999987900 0.004899239 -0.000333239 0.851448715 -0.004898485 0.999985516 0.002226662 -1.614327431 0.000344143 -0.002225003 0.999997437 63.293151855
0.999986827 0.005131656 -0.000081543 0.855518579 -0.005131509 0.999985337 0.001727023 -1.624742746 0.000090404 -0.001726582 0.999998510 63.830913544
0.999991834 0.004007589 -0.000365614 0.856346786 -0.004007031 0.999990940 0.001511164 -1.628339410 0.000371667 -0.001509687 0.999998808 64.340621948
0.999991596 0.004043517 -0.000688863 0.869755626 -0.004042451 0.999990642 0.001543808 -1.642784595 0.000695099 -0.001541011 0.999998569 64.885658264
0.999993384 0.003586264 -0.000325777 0.874233544 -0.003585985 0.999993205 0.000854394 -1.650935054 0.000328839 -0.000853221 0.999999642 65.449401855
0.999991775 0.004042107 0.000264643 0.870585680 -0.004042457 0.999990940 0.001336618 -1.673026800 -0.000259238 -0.001337677 0.999999046 65.928054810
0.999989748 0.004513512 0.000252323 0.884903610 -0.004513680 0.999989569 0.000668150 -1.683863044 -0.000249305 -0.000669282 0.999999702 66.471183777
0.999987185 0.004995293 0.000726499 0.890253544 -0.004996215 0.999986649 0.001274596 -1.702919245 -0.000720122 -0.001278210 0.999998927 67.016235352
0.999989927 0.004454241 0.000570482 0.908898473 -0.004455403 0.999987960 0.002052960 -1.723326445 -0.000561330 -0.002055481 0.999997735 67.595947266
0.999989688 0.004520759 0.000415153 0.903431118 -0.004521269 0.999989033 0.001238919 -1.722168684 -0.000409547 -0.001240783 0.999999166 68.101966858
0.999985397 0.005392524 0.000463884 0.912653744 -0.005392915 0.999985099 0.000847656 -1.734542966 -0.000459306 -0.000850145 0.999999583 68.646224976
0.999986947 0.004940154 0.001248383 0.920823812 -0.004942859 0.999985456 0.002172791 -1.758757591 -0.001237631 -0.002178933 0.999996901 69.212409973
0.999988556 0.004634100 0.001202005 0.936352372 -0.004636363 0.999987423 0.001887115 -1.774645686 -0.001193244 -0.001892667 0.999997556 69.748634338
0.999987364 0.004991463 0.000633119 0.937105358 -0.004992275 0.999986708 0.001289043 -1.787077188 -0.000626676 -0.001292188 0.999998987 70.279029846
0.999983847 0.005554556 0.001185896 0.941876233 -0.005555544 0.999984205 0.000831928 -1.798771143 -0.001181256 -0.000838503 0.999998987 70.832595825
0.999978781 0.006430299 0.001097658 0.950863481 -0.006431727 0.999978423 0.001300458 -1.815691233 -0.001089272 -0.001307490 0.999998629 71.397140503
0.999974191 0.007019176 0.001512175 0.953330338 -0.007021273 0.999974370 0.001386165 -1.840368986 -0.001502407 -0.001396747 0.999997973 71.926124573
0.999983907 0.005642787 0.000458993 0.974207819 -0.005643435 0.999983072 0.001423000 -1.841075301 -0.000450956 -0.001425568 0.999998808 72.445434570
0.999982595 0.005872853 0.000342378 0.988704026 -0.005873250 0.999982059 0.001170665 -1.854354501 -0.000335496 -0.001172656 0.999999225 73.006256104
0.999973953 0.007159655 0.000877682 0.993001938 -0.007161441 0.999972224 0.002048915 -1.867373943 -0.000862989 -0.002055147 0.999997437 73.558746338
0.999977052 0.006727603 0.000799632 1.005890131 -0.006728656 0.999976516 0.001320517 -1.877244473 -0.000790729 -0.001325867 0.999998808 74.067504883
0.999982715 0.005812472 0.000973473 1.019282699 -0.005813035 0.999982893 0.000575822 -1.887726068 -0.000970109 -0.000581471 0.999999344 74.613265991
0.999975204 0.006995535 0.000893904 1.021825194 -0.006996604 0.999974787 0.001197990 -1.907492042 -0.000885501 -0.001204215 0.999998868 75.159362793
0.999983251 0.005732617 0.000791690 1.045949101 -0.005733356 0.999983132 0.000934210 -1.918416500 -0.000786321 -0.000938733 0.999999225 75.664848328
0.999970615 0.007478900 0.001707322 1.048338890 -0.007479859 0.999971926 0.000554755 -1.928489685 -0.001703125 -0.000567510 0.999998391 76.214004517
0.999976993 0.006648174 0.001330101 1.059983015 -0.006649298 0.999977529 0.000842602 -1.947899342 -0.001324469 -0.000851427 0.999998748 76.734710693
0.999982595 0.005775476 0.001128814 1.064935327 -0.005776412 0.999982953 0.000826988 -1.961779952 -0.001124018 -0.000833494 0.999999046 77.237373352
0.999975562 0.006849847 0.001354338 1.075790405 -0.006850131 0.999976516 0.000203643 -1.969604254 -0.001352911 -0.000212915 0.999999046 77.788574219
0.999972701 0.007267231 0.001309223 1.087341785 -0.007266935 0.999973595 -0.000230470 -1.975905299 -0.001310864 0.000220950 0.999999106 78.359191895
0.999978423 0.006445624 0.001223582 1.092397809 -0.006446267 0.999979079 0.000522905 -2.006747007 -0.001220186 -0.000530781 0.999999106 78.861793518
0.999972463 0.007087915 0.002222254 1.100961447 -0.007088604 0.999974847 0.000302423 -2.021367073 -0.002220055 -0.000318168 0.999997497 79.413307190
0.999976158 0.006066896 0.003295570 1.120665073 -0.006068087 0.999981463 0.000351186 -2.040090561 -0.003293379 -0.000371176 0.999994576 79.962051392
0.999967515 0.006610140 0.004613534 1.117016435 -0.006610869 0.999978125 0.000142960 -2.048452616 -0.004612489 -0.000173455 0.999989331 80.520896912
0.999957740 0.007052261 0.005892484 1.125371456 -0.007056141 0.999974906 0.000637884 -2.066321373 -0.005887837 -0.000679436 0.999982417 81.072288513
0.999934375 0.006982386 0.009072847 1.148040175 -0.006989645 0.999975204 0.000768606 -2.082648516 -0.009067256 -0.000831972 0.999958515 81.624160767
0.999898374 0.006286812 0.012796140 1.164135933 -0.006289080 0.999980211 0.000137111 -2.086668015 -0.012795024 -0.000217573 0.999918103 82.170509338
0.999846816 0.006293664 0.016332999 1.187137365 -0.006296329 0.999980152 0.000111740 -2.103616238 -0.016331971 -0.000214561 0.999866664 82.707855225
0.999781251 0.005826618 0.020089913 1.222208619 -0.005835820 0.999982893 0.000399482 -2.123624563 -0.020087242 -0.000516636 0.999798059 83.262199402
0.999638617 0.006020954 0.026199836 1.249007702 -0.006026835 0.999981821 0.000145558 -2.130765200 -0.026198488 -0.000303407 0.999656737 83.798660278
0.999449730 0.006973596 0.032429256 1.257788897 -0.006970078 0.999975681 -0.000221514 -2.138775826 -0.032430012 -0.000004643 0.999473989 84.348854065
0.999223828 0.007065523 0.038751151 1.291994214 -0.007068770 0.999975026 -0.000053172 -2.155755758 -0.038750559 -0.000220792 0.999248922 84.893653870
0.998897493 0.006255593 0.046526656 1.344935656 -0.006273699 0.999980271 0.000243162 -2.175452471 -0.046524219 -0.000534788 0.998916984 85.433792114
0.998462677 0.006607702 0.055031862 1.384265661 -0.006591794 0.999978125 -0.000470619 -2.179403067 -0.055033766 0.000107137 0.998484492 86.010292053
0.998053670 0.006176604 0.062055208 1.436652899 -0.006148701 0.999980927 -0.000640617 -2.190850973 -0.062057979 0.000257811 0.998072565 86.561050415
0.997395456 0.006919807 0.071794927 1.488180161 -0.006914526 0.999976099 -0.000322100 -2.209260702 -0.071795449 -0.000175167 0.997419357 87.111793518
0.996670306 0.006255491 0.081296280 1.558212757 -0.006190388 0.999980211 -0.001052837 -2.219683647 -0.081301250 0.000546076 0.996689379 87.664848328
0.995928109 0.006112065 0.089943491 1.621731281 -0.006019925 0.999981046 -0.001295660 -2.226430655 -0.089949705 0.000748931 0.995945990 88.221397400
0.995230436 0.005262420 0.097409971 1.691080570 -0.005113335 0.999985337 -0.001780047 -2.242378473 -0.097417921 0.001273467 0.995242774 88.756172180
0.994201243 0.005239477 0.107407592 1.778018475 -0.005058868 0.999985278 -0.001953911 -2.248045921 -0.107416242 0.001399220 0.994213104 89.318687439
0.992978334 0.005868393 0.118150502 1.865514755 -0.005685423 0.999981999 -0.001885614 -2.261047840 -0.118159443 0.001200638 0.992993891 89.863021851
0.991761208 0.005392855 0.127986819 1.949715614 -0.005139272 0.999984145 -0.002311472 -2.276712894 -0.127997264 0.001634670 0.991773188 90.421539307
0.990287006 0.004985090 0.138949305 2.053250313 -0.004769540 0.999986827 -0.001884230 -2.300671101 -0.138956875 0.001203205 0.990297675 90.918884277
0.988258541 0.006305386 0.152660817 2.126920700 -0.005965542 0.999978602 -0.002684081 -2.300096750 -0.152674481 0.001741862 0.988274992 91.523117065
0.986737013 0.004520572 0.162264004 2.243270874 -0.004250274 0.999988854 -0.002012878 -2.322942495 -0.162271276 0.001296515 0.986745358 92.039329529
0.984971046 0.004357386 0.172664151 2.358689308 -0.003960298 0.999988616 -0.002644189 -2.333870649 -0.172673702 0.001920648 0.984977186 92.587402344
0.982585430 0.003994348 0.185768470 2.474191666 -0.003527436 0.999989688 -0.002843865 -2.352755308 -0.185777932 0.002139053 0.982589424 93.123207092
0.980245411 0.003599208 0.197752208 2.611474991 -0.003177762 0.999992073 -0.002448485 -2.364749908 -0.197759405 0.001771707 0.980248988 93.671669006
0.978103101 0.002978174 0.208099484 2.742856979 -0.002574393 0.999994278 -0.002211133 -2.383359432 -0.208104864 0.001626987 0.978105128 94.208343506
0.975177944 0.003191210 0.221399307 2.882095337 -0.002734111 0.999993503 -0.002371033 -2.399004221 -0.221405402 0.001706849 0.975180387 94.724555969
0.972175956 0.001816152 0.234244674 3.037836075 -0.001246438 0.999995947 -0.002580157 -2.416455507 -0.234248400 0.002216396 0.972174168 95.253128052
0.969439566 0.002360083 0.245318696 3.184541702 -0.001734068 0.999994695 -0.002767811 -2.419904709 -0.245323896 0.002257826 0.969438553 95.774696350
0.966663361 0.001890523 0.256043822 3.358495712 -0.001330836 0.999996424 -0.002359151 -2.443246841 -0.256047368 0.001939752 0.966662347 96.293045044
0.962982714 0.001447530 0.269559294 3.517856598 -0.000648707 0.999995112 -0.003052497 -2.447691917 -0.269562423 0.002764636 0.962979019 96.818580627
0.959456444 0.001289717 0.281853765 3.696556091 -0.000332620 0.999994040 -0.003443541 -2.469611168 -0.281856507 0.003210178 0.959451199 97.315376282
0.955723166 0.001373707 0.294264436 3.844343185 -0.000574989 0.999995828 -0.002800779 -2.466084719 -0.294267118 0.002507570 0.955719888 97.878814697
0.951262891 0.001666086 0.308376789 4.039266586 -0.000850810 0.999995708 -0.002778206 -2.481024742 -0.308380067 0.002380433 0.951260209 98.410537720
0.946727872 0.001133027 0.322032750 4.243362427 -0.000156295 0.999995232 -0.003058861 -2.494378328 -0.322034687 0.002845578 0.946723640 98.922836304
0.942507267 0.001228187 0.334183455 4.455228806 -0.000251896 0.999995530 -0.002964741 -2.513230801 -0.334185570 0.002710110 0.942503393 99.443626404
0.937931836 0.000659417 0.346818924 4.676576614 0.000446252 0.999994993 -0.003108155 -2.518971682 -0.346819311 0.003070006 0.937926948 99.981513977
0.932627499 0.001021115 0.360839218 4.896490097 0.000186373 0.999994397 -0.003311518 -2.533857584 -0.360840619 0.003155663 0.932622194 100.492218018
0.927742183 0.000477385 0.373221397 5.122179031 0.000643569 0.999995589 -0.002878852 -2.552012920 -0.373221129 0.002911026 0.927737892 101.007888794
0.922821999 -0.000348881 0.385226488 5.356655121 0.001627686 0.999994159 -0.002993525 -2.574504375 -0.385223150 0.003389518 0.922817230 101.510383606
0.916934907 0.000180161 0.399036825 5.603710175 0.001044761 0.999995410 -0.002852213 -2.588336229 -0.399035484 0.003032191 0.916930437 102.001655579
0.910899520 0.000246664 0.412628025 5.768070221 0.001068025 0.999995053 -0.002955511 -2.558780909 -0.412626624 0.003132871 0.910894811 102.450790405
0.906098425 -0.000675413 0.423066348 6.021949768 0.002321892 0.999991536 -0.003376434 -2.571988583 -0.423060536 0.004041696 0.906092405 102.933319092
0.900205374 -0.001513252 0.435462862 6.283607483 0.003050548 0.999991298 -0.002831198 -2.591707468 -0.435454756 0.003877059 0.900202215 103.424270630
0.893972099 -0.001327838 0.448120683 6.561019897 0.003248788 0.999988496 -0.003518033 -2.608037949 -0.448110849 0.004600873 0.893966138 103.908859253
0.887891471 -0.001437010 0.460050732 6.855438232 0.003506353 0.999987245 -0.003643662 -2.623923779 -0.460039616 0.004848276 0.887885153 104.428260803
0.881334424 -0.000843879 0.472492278 7.069629669 0.002473339 0.999992907 -0.002827487 -2.635710955 -0.472486556 0.003660596 0.881330252 104.858306885
0.873677492 -0.001208305 0.486503959 7.361690521 0.003123146 0.999990284 -0.003125008 -2.651400089 -0.486495435 0.004249672 0.873672724 105.335632324
