1.000000000 0.000000000 0.000000000 0.000000000 0.000000000 1.000000000 0.000000000 0.000000000 0.000000000 0.000000000 1.000000000 0.000000000
1.000000000 0.000098071 0.000010648 0.000015698 -0.000098071 1.000000000 -0.000043303 0.000430637 -0.000010652 0.000043302 1.000000000 0.000093779
1.000000000 0.000043276 0.000050378 -0.000727010 -0.000043278 1.000000000 0.000046725 -0.000580201 -0.000050376 -0.000046727 1.000000000 -0.000887864
1.000000000 -0.000079313 0.000075698 -0.000229350 0.000079317 1.000000000 -0.000057950 0.000674928 -0.000075693 0.000057956 1.000000000 0.000260041
1.000000000 -0.000138849 0.000041767 -0.000219629 0.000138851 1.000000000 -0.000057193 0.000210036 -0.000041759 0.000057199 1.000000000 -0.000669333
1.000000000 0.000021491 0.000153820 -0.001263509 -0.000021488 1.000000000 -0.000020196 0.000691515 -0.000153820 0.000020193 1.000000000 -0.000015991
1.000000000 -0.000073638 0.000110424 -0.000275945 0.000073639 1.000000000 -0.000014624 0.000270412 -0.000110423 0.000014632 1.000000000 -0.000132273
1.000000000 0.000045766 0.000079442 -0.000783123 -0.000045770 1.000000000 0.000049260 -0.000275237 -0.000079439 -0.000049263 1.000000000 -0.000743752
1.000000000 0.000032360 0.000031021 -0.000948347 -0.000032357 1.000000000 -0.000098407 0.000646055 -0.000031024 0.000098406 1.000000000 0.000057702
1.000000000 -0.000012046 0.000091524 -0.000611625 0.000012043 1.000000000 0.000038610 -0.000909774 -0.000091525 -0.000038609 1.000000000 -0.000442915
1.000000000 0.000065507 0.000088294 -0.001199933 -0.000065511 1.000000000 0.000052153 -0.000619638 -0.000088291 -0.000052159 1.000000000 -0.000332859
1.000000000 0.000057212 0.000115111 -0.000760662 -0.000057210 1.000000000 -0.000019940 0.000479826 -0.000115112 0.000019933 1.000000000 -0.000067253
1.000000000 0.000083019 0.000054886 -0.001022156 -0.000083012 1.000000000 -0.000137010 0.000024614 -0.000054898 0.000137006 1.000000000 -0.001589065
1.000000000 0.000046203 0.000090496 -0.001711418 -0.000046198 1.000000000 -0.000049423 0.001640693 -0.000090499 0.000049419 1.000000000 0.000812289
1.000000000 0.000008139 0.000079088 -0.001969165 -0.000008130 1.000000000 -0.000109614 0.001374692 -0.000079089 0.000109614 1.000000000 -0.000246543
1.000000000 0.000102518 0.000028873 -0.000355231 -0.000102514 1.000000000 -0.000115702 0.002443974 -0.000028885 0.000115699 1.000000000 0.001934436
1.000000000 0.000109758 0.000123028 -0.001097507 -0.000109738 1.000000000 -0.000163050 0.002435812 -0.000123046 0.000163036 1.000000000 0.002552213
1.000000000 0.000146360 0.000088821 -0.001180226 -0.000146348 1.000000000 -0.000135429 0.001293863 -0.000088840 0.000135416 1.000000000 0.001062180
0.999999940 0.000219902 0.000165125 -0.002140083 -0.000219879 0.999999940 -0.000138507 0.002655350 -0.000165156 0.000138471 1.000000000 0.002512293
0.999999940 0.000179550 0.000169496 -0.001800359 -0.000179526 1.000000000 -0.000140249 0.002262068 -0.000169521 0.000140218 1.000000000 0.002054976
0.999999940 0.000148479 0.000201347 -0.002242447 -0.000148462 1.000000000 -0.000083461 0.001659590 -0.000201359 0.000083431 1.000000000 0.002105498
1.000000000 0.000158992 0.000128977 -0.002089383 -0.000158982 1.000000000 -0.000074594 0.002622874 -0.000128989 0.000074574 1.000000000 0.002416014
1.000000000 0.000120942 0.000090792 -0.000843751 -0.000120930 1.000000000 -0.000138639 0.002403431 -0.000090809 0.000138628 1.000000000 0.003075926
1.000000000 0.000098014 0.000103916 -0.001550037 -0.000098001 1.000000000 -0.000125174 0.002868494 -0.000103928 0.000125163 1.000000000 0.003424146
0.999999940 0.000277941 0.000069063 -0.001676623 -0.000277932 0.999999940 -0.000125771 0.002843420 -0.000069098 0.000125752 1.000000000 0.003758047
0.999999940 0.000300434 0.000145232 -0.002005022 -0.000300427 0.999999940 -0.000048287 0.001565053 -0.000145246 0.000048244 1.000000000 0.001851044
1.000000000 0.000115502 0.000176109 -0.001678366 -0.000115489 1.000000000 -0.000071570 0.002816017 -0.000176118 0.000071550 1.000000000 0.003012806
0.999999940 0.000178727 0.000184391 -0.001970024 -0.000178722 1.000000000 -0.000031353 0.001547510 -0.000184397 0.000031320 1.000000000 0.002558954
1.000000000 0.000144470 0.000093191 -0.001588778 -0.000144462 1.000000000 -0.000084035 0.002764517 -0.000093203 0.000084022 1.000000000 0.002628846
0.999999940 0.000156704 0.000188864 -0.002370583 -0.000156680 1.000000000 -0.000129627 0.002817816 -0.000188885 0.000129598 1.000000000 0.003200942
0.999999940 0.000150877 0.000239693 -0.001722251 -0.000150869 1.000000000 -0.000034594 0.001620662 -0.000239698 0.000034558 1.000000000 0.002935524
1.000000000 0.000010894 0.000206050 -0.001279271 -0.000010866 1.000000000 -0.000132420 0.003708218 -0.000206051 0.000132418 0.999999940 0.004428068
1.000000000 0.000136727 0.000062117 -0.000220107 -0.000136711 0.999999940 -0.000256339 0.004090067 -0.000062152 0.000256331 0.999999940 0.003739864
1.000000000 0.000151317 0.000165157 -0.001291654 -0.000151301 1.000000000 -0.000100422 0.001961145 -0.000165172 0.000100397 1.000000000 0.002138529
0.999999940 0.000282132 0.000239175 -0.003033589 -0.000282098 0.999999940 -0.000141518 0.002184834 -0.000239215 0.000141451 0.999999940 0.001677038
0.999999940 0.000274570 0.000221106 -0.001611435 -0.000274546 0.999999940 -0.000110074 0.001876932 -0.000221136 0.000110013 0.999999940 0.001849522
1.000000000 0.000052332 0.000140533 -0.001461426 -0.000052314 1.000000000 -0.000123539 0.002722383 -0.000140539 0.000123532 1.000000000 0.002272139
0.999999940 0.000255591 0.000157894 -0.002165374 -0.000255571 0.999999940 -0.000126944 0.003340209 -0.000157926 0.000126904 1.000000000 0.003493495
0.999999940 0.000327650 0.000241554 -0.002215433 -0.000327622 0.999999940 -0.000116250 0.003076794 -0.000241592 0.000116170 0.999999940 0.002204938
1.000000000 0.000166855 0.000107554 -0.000415531 -0.000166838 1.000000000 -0.000158079 0.003982853 -0.000107581 0.000158061 1.000000000 0.002984026
1.000000000 0.000052643 0.000096052 -0.000274989 -0.000052624 1.000000000 -0.000199030 0.002335290 -0.000096063 0.000199025 1.000000000 0.003919597
0.999999821 0.000509419 0.000217557 0.000343429 -0.000509272 0.999999642 -0.000675286 -0.001265160 -0.000217900 0.000675176 0.999999762 0.051237013
1.000000000 0.000152360 0.000031093 0.002897704 -0.000152323 0.999999285 -0.001194019 -0.003389149 -0.000031274 0.001194014 0.999999285 0.140072525
1.000000000 0.000082288 -0.000008295 0.004951654 -0.000082300 0.999998987 -0.001411934 -0.008428629 0.000008179 0.001411935 0.999998987 0.254048645
0.999999940 0.000275305 0.000120324 0.006937179 -0.000275148 0.999999106 -0.001299710 -0.008859762 -0.000120682 0.001299676 0.999999166 0.388216794
1.000000000 0.000088292 0.000155893 0.008585558 -0.000088130 0.999999464 -0.001040783 -0.014375761 -0.000155985 0.001040769 0.999999464 0.537218750
0.999999821 -0.000580852 -0.000140061 0.016001929 0.000580712 0.999999344 -0.000997746 -0.021859370 0.000140640 0.000997665 0.999999464 0.683283985
1.000000000 -0.000012949 0.000071129 0.020044874 0.000013000 0.999999762 -0.000709970 -0.025361894 -0.000071120 0.000709971 0.999999762 0.842972159
0.999999881 -0.000006483 0.000444255 0.012790727 0.000006820 0.999999702 -0.000759028 -0.027684178 -0.000444250 0.000759031 0.999999642 1.022611976
0.999999940 -0.000293351 -0.000091774 0.028959427 0.000293271 0.999999583 -0.000872868 -0.029183410 0.000092030 0.000872841 0.999999642 1.219796658
0.999999821 -0.000254405 0.000518772 0.019903464 0.000254594 0.999999881 -0.000365384 -0.041299589 -0.000518679 0.000365516 0.999999821 1.381537318
1.000000000 0.000069190 0.000179516 0.024392055 -0.000069131 0.999999940 -0.000325594 -0.048987873 -0.000179538 0.000325582 0.999999940 1.576428771
0.999999940 -0.000216642 0.000190839 0.027309295 0.000216536 0.999999821 0.000553754 -0.062455084 -0.000190959 -0.000553712 0.999999821 1.741960526
0.999999940 0.000112679 0.000334767 0.028795393 -0.000112936 0.999999702 0.000767959 -0.069714800 -0.000334681 -0.000767997 0.999999642 1.945680022
0.999999940 -0.000416251 -0.000016765 0.036767039 0.000416267 0.999999464 0.000956082 -0.077851467 0.000016367 -0.000956089 0.999999523 2.146923065
1.000000000 -0.000197716 0.000168039 0.040432967 0.000197524 0.999999404 0.001138878 -0.082288541 -0.000168265 -0.001138845 0.999999344 2.369445562
0.999999881 0.000401906 0.000342898 0.043569155 -0.000402204 0.999999583 0.000870930 -0.084890820 -0.000342547 -0.000871068 0.999999523 2.598671913
0.999999583 0.000230912 0.000851198 0.046867404 -0.000231660 0.999999583 0.000878483 -0.091648601 -0.000850995 -0.000878679 0.999999225 2.824752569
0.999999762 -0.000641162 0.000052318 0.057539865 0.000641092 0.999998868 0.001320369 -0.104336962 -0.000053165 -0.001320335 0.999999106 3.033038378
0.999999881 -0.000497101 0.000029459 0.063829020 0.000497061 0.999999046 0.001337514 -0.110725008 -0.000030124 -0.001337500 0.999999106 3.277014494
0.999999881 -0.000061953 0.000482220 0.066106685 0.000061255 0.999998927 0.001447254 -0.118519433 -0.000482309 -0.001447224 0.999998808 3.532465458
0.999999762 -0.000589379 0.000402812 0.069459528 0.000588685 0.999998331 0.001721766 -0.127621263 -0.000403826 -0.001721528 0.999998450 3.780721426
0.999999821 -0.000499731 0.000447718 0.077270500 0.000498963 0.999998450 0.001713691 -0.129822552 -0.000448574 -0.001713467 0.999998391 4.036071301
0.999999881 -0.000260449 0.000189141 0.082212999 0.000260174 0.999998927 0.001452152 -0.133935824 -0.000189519 -0.001452103 0.999998868 4.253875256
0.999999702 -0.000508865 0.000550701 0.086127445 0.000508073 0.999998868 0.001437344 -0.141789645 -0.000551432 -0.001437064 0.999998808 4.514098167
0.999999821 -0.000344773 0.000380069 0.095866568 0.000344242 0.999998927 0.001396957 -0.147001281 -0.000380551 -0.001396826 0.999998987 4.773347378
0.999999642 0.000192988 0.000757868 0.099756956 -0.000194043 0.999998987 0.001392184 -0.151706710 -0.000757599 -0.001392331 0.999998748 5.031620026
0.999999881 0.000126732 0.000491414 0.100790218 -0.000127481 0.999998927 0.001524226 -0.166509911 -0.000491220 -0.001524289 0.999998689 5.261224270
0.999999821 0.000213468 0.000646347 0.103653722 -0.000214617 0.999998391 0.001778372 -0.174764067 -0.000645966 -0.001778511 0.999998212 5.532359600
0.999999821 0.000211353 0.000534916 0.107721068 -0.000212221 0.999998629 0.001623295 -0.179260343 -0.000534572 -0.001623408 0.999998510 5.807371616
0.999999821 -0.000042081 0.000664254 0.112447605 0.000040925 0.999998450 0.001739719 -0.187618747 -0.000664326 -0.001739692 0.999998271 6.094084263
0.999999881 -0.000093177 0.000460264 0.123812802 0.000092305 0.999998212 0.001893577 -0.201393351 -0.000460440 -0.001893534 0.999998093 6.354560852
0.999999821 0.000388900 0.000441050 0.125917226 -0.000389626 0.999998569 0.001644484 -0.206641167 -0.000440410 -0.001644656 0.999998569 6.650493145
0.999999523 0.000687318 0.000661087 0.129854813 -0.000688503 0.999998152 0.001793888 -0.213662624 -0.000659852 -0.001794342 0.999998152 6.947585583
0.999999583 0.000675200 0.000608090 0.140559703 -0.000676219 0.999998391 0.001676940 -0.219360441 -0.000606956 -0.001677350 0.999998391 7.246582031
0.999999702 -0.000240159 0.000632283 0.140049160 0.000238758 0.999997437 0.002216097 -0.240809083 -0.000632814 -0.002215946 0.999997318 7.528192043
0.999999881 -0.000172187 0.000229187 0.153718635 0.000171684 0.999997497 0.002192909 -0.244411215 -0.000229564 -0.002192870 0.999997556 7.855144978
0.999999702 0.000007596 0.000757619 0.151710406 -0.000009556 0.999996662 0.002587055 -0.256985188 -0.000757596 -0.002587061 0.999996364 8.170152664
0.999999404 -0.000184280 0.000985643 0.153816208 0.000182076 0.999997437 0.002235550 -0.264384001 -0.000986052 -0.002235370 0.999997020 8.484281540
0.999999702 0.000160909 0.000733654 0.162548691 -0.000162212 0.999998391 0.001775751 -0.267034501 -0.000733366 -0.001775870 0.999998093 8.808035851
0.999999642 0.000717280 0.000402515 0.170107380 -0.000718012 0.999998093 0.001822070 -0.280160189 -0.000401208 -0.001822358 0.999998271 9.151827812
0.999998629 0.001335738 0.000941404 0.176351249 -0.001337652 0.999997020 0.002035197 -0.293374866 -0.000938682 -0.002036453 0.999997556 9.481175423
0.999999225 0.000759724 0.000922313 0.178506434 -0.000761933 0.999996722 0.002397722 -0.305330515 -0.000920489 -0.002398423 0.999996722 9.826436996
0.999999642 0.000641769 0.000507285 0.186998889 -0.000642991 0.999996901 0.002414029 -0.316547513 -0.000505734 -0.002414354 0.999996960 10.158669472
0.999999344 0.001011249 0.000534769 0.194932073 -0.001012461 0.999996901 0.002271432 -0.326371104 -0.000532470 -0.002271972 0.999997258 10.519599915
0.999999642 0.000663545 0.000494496 0.204259247 -0.000664702 0.999997020 0.002343516 -0.333393633 -0.000492940 -0.002343844 0.999997139 10.883002281
0.999999762 0.000154501 0.000598867 0.209338516 -0.000155903 0.999997258 0.002341578 -0.339473367 -0.000598503 -0.002341671 0.999997020 11.249190331
0.999999464 0.000753465 0.000737307 0.217881456 -0.000755004 0.999997556 0.002088391 -0.344845772 -0.000735732 -0.002088947 0.999997497 11.627742767
0.999999285 0.000159096 0.001170862 0.225351140 -0.000161778 0.999997318 0.002291134 -0.359650612 -0.001170494 -0.002291322 0.999996662 12.011098862
0.999999642 0.000001304 0.000782065 0.241462454 -0.000003340 0.999996603 0.002603659 -0.374536186 -0.000782059 -0.002603661 0.999996305 12.378882408
0.999999285 0.000416454 0.001095278 0.233782381 -0.000419913 0.999994874 0.003159335 -0.386867702 -0.001093957 -0.003159792 0.999994338 12.751911163
0.999999404 0.000319149 0.001018919 0.250624806 -0.000322169 0.999995589 0.002964772 -0.398599952 -0.001017968 -0.002965098 0.999995112 13.150022507
0.999998450 0.000925578 0.001483156 0.250226676 -0.000929830 0.999995410 0.002869003 -0.408656985 -0.001480493 -0.002870378 0.999994755 13.559987068
0.999998987 0.000604713 0.001272207 0.257356614 -0.000608487 0.999995410 0.002968737 -0.417372137 -0.001270407 -0.002969509 0.999994814 13.995174408
0.999998331 0.000362379 0.001765196 0.263508528 -0.000367294 0.999996006 0.002784715 -0.424544126 -0.001764180 -0.002785359 0.999994576 14.372430801
0.999999166 0.000351565 0.001175976 0.277589500 -0.000355350 0.999994755 0.003220173 -0.437010616 -0.001174838 -0.003220589 0.999994159 14.806316376
0.999997318 0.000589414 0.002231581 0.288722217 -0.000596024 0.999995470 0.002962483 -0.454273522 -0.002229824 -0.002963805 0.999993145 15.221290588
0.999996305 -0.000009712 0.002717705 0.291252881 0.000000656 0.999994457 0.003332106 -0.464106739 -0.002717722 -0.003332092 0.999990761 15.660999298
0.999995530 0.000466669 0.002941589 0.298439056 -0.000477445 0.999993145 0.003663622 -0.476721585 -0.002939860 -0.003665010 0.999988914 16.100618362
0.999995112 0.000630834 0.003054685 0.309054106 -0.000641472 0.999993742 0.003482630 -0.489275694 -0.003052469 -0.003484573 0.999989212 16.545045853
0.999993265 0.000583616 0.003627619 0.313283294 -0.000598615 0.999991238 0.004135057 -0.513881683 -0.003625176 -0.004137200 0.999984860 16.966287613
0.999991417 0.000641211 0.004107012 0.323312461 -0.000660067 0.999989152 0.004591464 -0.526018202 -0.004104024 -0.004594135 0.999980986 17.435171127
0.999990165 0.000296459 0.004437967 0.333874404 -0.000314153 0.999992073 0.003986960 -0.530814886 -0.004436749 -0.003988315 0.999982178 17.901329041
0.999990106 0.000387805 0.004413332 0.342409134 -0.000404773 0.999992549 0.003844571 -0.540991664 -0.004411809 -0.003846320 0.999982834 18.337369919
0.999989927 0.000763730 0.004427270 0.355352998 -0.000781567 0.999991536 0.004028613 -0.551995814 -0.004424156 -0.004032033 0.999982119 18.814992905
0.999986708 0.001851549 0.004800655 0.367017329 -0.001868939 0.999991715 0.003620367 -0.562534809 -0.004793912 -0.003629291 0.999981940 19.295785904
0.999987721 0.000974377 0.004857332 0.368478984 -0.000994720 0.999990761 0.004187326 -0.578351438 -0.004853206 -0.004192108 0.999979377 19.754968643
0.999988914 0.000564735 0.004677757 0.386372238 -0.000585136 0.999990404 0.004361045 -0.593939006 -0.004675250 -0.004363734 0.999979496 20.244771957
0.999992847 0.000233414 0.003783022 0.401179373 -0.000247844 0.999992728 0.003814377 -0.597868979 -0.003782104 -0.003815288 0.999985576 20.762350082
0.999993384 0.000619476 0.003588863 0.405577242 -0.000633690 0.999991953 0.003960823 -0.614930868 -0.003586381 -0.003963071 0.999985635 21.212381363
0.999994934 0.000585820 0.003131508 0.420381457 -0.000598165 0.999992013 0.003942697 -0.625621021 -0.003129174 -0.003944550 0.999987304 21.728328705
0.999995589 0.000574037 0.002908530 0.426183760 -0.000585908 0.999991477 0.004082007 -0.638052285 -0.002906162 -0.004083694 0.999987364 22.211328506
0.999996841 0.000750806 0.002379651 0.436758876 -0.000760928 0.999990523 0.004255312 -0.653334796 -0.002376434 -0.004257109 0.999988079 22.731460571
0.999998152 0.000696980 0.001809589 0.440022647 -0.000704401 0.999991357 0.004103653 -0.661599696 -0.001806714 -0.004104921 0.999989867 23.243480682
0.999999106 -0.000644453 0.001129953 0.448348880 0.000639992 0.999992013 0.003943921 -0.682024717 -0.001132486 -0.003943194 0.999991596 23.790523529
0.999999642 0.000086021 0.000884478 0.459386200 -0.000089380 0.999992788 0.003798943 -0.690112591 -0.000884144 -0.003799020 0.999992430 24.333278656
0.999999881 0.000463416 0.000243130 0.465491951 -0.000464541 0.999989033 0.004650461 -0.707551956 -0.000240972 -0.004650573 0.999989212 24.851760864
0.999999583 0.000913525 0.000049730 0.452071071 -0.000913740 0.999989450 0.004503718 -0.729645014 -0.000045615 -0.004503761 0.999989867 25.372579575
0.999999583 0.000876496 -0.000193400 0.462110281 -0.000875594 0.999988973 0.004616491 -0.741117001 0.000197444 -0.004616320 0.999989390 25.936693192
0.999999762 0.000676028 -0.000295667 0.467905164 -0.000674611 0.999988437 0.004765378 -0.752252936 0.000298885 -0.004765178 0.999988616 26.496353149
0.999999404 0.000660565 -0.001023296 0.476168424 -0.000655140 0.999985874 0.005292380 -0.771569371 0.001026778 -0.005291706 0.999985456 26.998209000
0.999998331 0.001425498 -0.001226719 0.485046595 -0.001419359 0.999986589 0.004991315 -0.783836842 0.001233818 -0.004989565 0.999986768 27.552333832
0.999997079 0.002276828 -0.000886625 0.486424476 -0.002272669 0.999986589 0.004663934 -0.790118277 0.000897232 -0.004661907 0.999988735 28.110370636
0.999997199 0.001916586 -0.001376250 0.492687315 -0.001909974 0.999986649 0.004790035 -0.802687407 0.001385412 -0.004787392 0.999987602 28.635099411
0.999997556 0.001647723 -0.001521031 0.496756643 -0.001639370 0.999983668 0.005477346 -0.820222378 0.001530031 -0.005474838 0.999983847 29.188030243
0.999996245 0.001789729 -0.002079447 0.513204038 -0.001778346 0.999983490 0.005462983 -0.831229031 0.002089190 -0.005459264 0.999982953 29.729198456
0.999996662 0.001955681 -0.001697852 0.503754914 -0.001947178 0.999985635 0.004995740 -0.846534610 0.001707598 -0.004992418 0.999986053 30.236856461
0.999997139 0.002029932 -0.001265670 0.508048832 -0.002023655 0.999985933 0.004940629 -0.859298527 0.001275681 -0.004938053 0.999986947 30.783655167
0.999996066 0.002385059 -0.001525701 0.515194237 -0.002377856 0.999986112 0.004705784 -0.867099226 0.001536904 -0.004702138 0.999987721 31.335998535
0.999995708 0.001928906 -0.002202707 0.524265230 -0.001918852 0.999987900 0.004556992 -0.877483428 0.002211470 -0.004552747 0.999987125 31.846834183
0.999994993 0.001934837 -0.002532871 0.529741764 -0.001922286 0.999985933 0.004948256 -0.892121553 0.002542409 -0.004943362 0.999984562 32.388889313
0.999994218 0.002511011 -0.002279663 0.533309042 -0.002499556 0.999984324 0.005013653 -0.910641193 0.002292217 -0.005007926 0.999984801 32.938926697
0.999994934 0.002023693 -0.002462386 0.536134422 -0.002011258 0.999985278 0.005041927 -0.921985745 0.002472553 -0.005036949 0.999984205 33.457477570
0.999993622 0.002284103 -0.002757583 0.544093907 -0.002270429 0.999985218 0.004951508 -0.932746232 0.002768852 -0.004945216 0.999983907 34.005500793
0.999993026 0.002813454 -0.002466589 0.551794469 -0.002801511 0.999984384 0.004832442 -0.947986007 0.002480147 -0.004825498 0.999985278 34.538684845
0.999993205 0.002242736 -0.002958258 0.558942497 -0.002228710 0.999986291 0.004735891 -0.949898005 0.002968839 -0.004729266 0.999984384 35.045139313
0.999991894 0.002859281 -0.002829648 0.567283928 -0.002846022 0.999985039 0.004678546 -0.961466014 0.002842983 -0.004670454 0.999985039 35.598930359
0.999990940 0.001654561 -0.003924730 0.590711713 -0.001635976 0.999987423 0.004733840 -0.976914704 0.003932514 -0.004727377 0.999981046 36.156337738
0.999991715 0.002402880 -0.003289286 0.579213738 -0.002387518 0.999986231 0.004666359 -0.990629792 0.003300453 -0.004658466 0.999983728 36.659500122
0.999990106 0.002989825 -0.003295506 0.589302778 -0.002974259 0.999984443 0.004717954 -1.002960086 0.003309561 -0.004708106 0.999983490 37.212100983
0.999988794 0.002857690 -0.003787579 0.597831488 -0.002839473 0.999984443 0.004806479 -1.015611172 0.003801256 -0.004795671 0.999981284 37.766304016
0.999991417 0.002187631 -0.003506935 0.590453506 -0.002170070 0.999985099 0.005003474 -1.038506031 0.003517829 -0.004995821 0.999981344 38.250671387
0.999991119 0.002446307 -0.003414144 0.600822628 -0.002428994 0.999984205 0.005066345 -1.048692942 0.003426484 -0.005058007 0.999981344 38.804885864
0.999991238 0.001997338 -0.003671861 0.615875840 -0.001979302 0.999985933 0.004909271 -1.059382439 0.003681615 -0.004901960 0.999981225 39.378005981
0.999991775 0.002251408 -0.003372199 0.614069045 -0.002234928 0.999985576 0.004882316 -1.074541211 0.003383143 -0.004874739 0.999982417 39.854804993
0.999991536 0.002511185 -0.003243148 0.623302400 -0.002494479 0.999983609 0.005144643 -1.086306930 0.003256014 -0.005136511 0.999981523 40.412712097
0.999991477 0.002406195 -0.003356132 0.633336067 -0.002389737 0.999985158 0.004899272 -1.095326304 0.003367871 -0.004891211 0.999982417 40.956214905
0.999990880 0.002730356 -0.003271525 0.629361629 -0.002715360 0.999985814 0.004579621 -1.108588696 0.003283983 -0.004570696 0.999984145 41.457565308
0.999990225 0.002702345 -0.003484901 0.641238451 -0.002685982 0.999985337 0.004691868 -1.119812965 0.003497529 -0.004682461 0.999982953 42.010562897
0.999989629 0.003054477 -0.003371172 0.653780401 -0.003036362 0.999981046 0.005365497 -1.143314719 0.003387497 -0.005355205 0.999979913 42.532028198
0.999989748 0.003351367 -0.003087318 0.641613305 -0.003335393 0.999981105 0.005165052 -1.153654337 0.003104570 -0.005154700 0.999981880 43.030158997
0.999991179 0.003291910 -0.002610829 0.646525860 -0.003277967 0.999980450 0.005327048 -1.167385936 0.002628314 -0.005318443 0.999982417 43.570152283
0.999992430 0.003065723 -0.002410409 0.646918416 -0.003051189 0.999977350 0.006009905 -1.185805082 0.002428779 -0.006002505 0.999979019 44.079280853
0.999988496 0.003866715 -0.002839205 0.667689860 -0.003852251 0.999979675 0.005082525 -1.186954498 0.002858800 -0.005071530 0.999983013 44.650131226
0.999989927 0.003551374 -0.002712928 0.663552463 -0.003538363 0.999982297 0.004785885 -1.188503742 0.002729876 -0.004776237 0.999984860 45.169563293
0.999991953 0.002905604 -0.002748370 0.672797024 -0.002891821 0.999983251 0.005005608 -1.206727862 0.002762868 -0.004997621 0.999983728 45.704437256
0.999989688 0.003750726 -0.002539170 0.681796551 -0.003738251 0.999981046 0.004900316 -1.218092561 0.002557502 -0.004890774 0.999984741 46.252525330
0.999988675 0.003950054 -0.002621657 0.692826509 -0.003937630 0.999981046 0.004726923 -1.227018356 0.002640280 -0.004716548 0.999985337 46.801345825
0.999990284 0.003717634 -0.002359201 0.674169898 -0.003707113 0.999983251 0.004448571 -1.229022861 0.002375700 -0.004439782 0.999987304 47.276172638
0.999991357 0.003473497 -0.002268695 0.682284474 -0.003463190 0.999983788 0.004531976 -1.239995480 0.002284400 -0.004524080 0.999987125 47.826992035
0.999990106 0.003441534 -0.002803050 0.696076274 -0.003427397 0.999981523 0.005032348 -1.259863853 0.002820317 -0.005022692 0.999983430 48.356037140
0.999991715 0.003554149 -0.001979150 0.691946745 -0.003544479 0.999981880 0.004867835 -1.266874075 0.001996414 -0.004860778 0.999986112 48.868961334
0.999987781 0.004579814 -0.001849480 0.694706976 -0.004572320 0.999981403 0.004035807 -1.272713423 0.001867929 -0.004027301 0.999990106 49.414100647
0.999989867 0.004008065 -0.002051025 0.705511272 -0.003999401 0.999983191 0.004211075 -1.292805910 0.002067868 -0.004202829 0.999988973 49.938377380
0.999989748 0.004177740 -0.001716451 0.708440840 -0.004171106 0.999983907 0.003850352 -1.296809316 0.001732508 -0.003843154 0.999991119 50.501979828
0.999991119 0.003785965 -0.001846417 0.703647792 -0.003777493 0.999982417 0.004569292 -1.305532455 0.001863684 -0.004562276 0.999987841 50.953384399
0.999989390 0.004435983 -0.001202212 0.710360885 -0.004431429 0.999983132 0.003763421 -1.315059900 0.001218886 -0.003758054 0.999992192 51.504928589
0.999989510 0.004362304 -0.001383761 0.716327131 -0.004356105 0.999980509 0.004451083 -1.333448529 0.001403151 -0.004445008 0.999989092 52.043937683
0.999987841 0.004766664 -0.001220391 0.715992570 -0.004761466 0.999979734 0.004226351 -1.340191841 0.001240512 -0.004220489 0.999990344 52.589199066
0.999989390 0.004385395 -0.001361547 0.730048358 -0.004380114 0.999982953 0.003858455 -1.352969408 0.001378444 -0.003852451 0.999991596 53.135578156
0.999982417 0.005892175 -0.000671161 0.731993556 -0.005890194 0.999978483 0.002917589 -1.355379343 0.000688337 -0.002913584 0.999995530 53.693035126
0.999988198 0.004768794 -0.000909611 0.733406782 -0.004765604 0.999982595 0.003478143 -1.373546124 0.000926181 -0.003473767 0.999993563 54.212116241
0.999985754 0.005334572 -0.000342315 0.742109358 -0.005333376 0.999979973 0.003403584 -1.385351896 0.000360465 -0.003401710 0.999994159 54.755344391
0.999988317 0.004767282 -0.000922798 0.760850370 -0.004764355 0.999983668 0.003149173 -1.399390578 0.000937796 -0.003144739 0.999994636 55.286552429
0.999985874 0.005275386 -0.000612545 0.754222274 -0.005273391 0.999980927 0.003211205 -1.408415675 0.000629474 -0.003207930 0.999994636 55.803672791
0.999980628 0.006202281 -0.000553614 0.762831032 -0.006200411 0.999975264 0.003316940 -1.422743678 0.000574173 -0.003313443 0.999994338 56.342521667
0.999986291 0.005202507 -0.000372155 0.773485541 -0.005201340 0.999981761 0.003065503 -1.435685396 0.000388096 -0.003063526 0.999995172 56.901550293
0.999985218 0.005436132 0.000036686 0.772390425 -0.005436216 0.999980986 0.002920790 -1.437969685 -0.000020807 -0.002920946 0.999995649 57.391380310
0.999985635 0.005343432 0.000068537 0.782937765 -0.005343619 0.999980927 0.003110361 -1.448046565 -0.000051916 -0.003110683 0.999995112 57.938789368
0.999981999 0.005990598 0.000296413 0.791536987 -0.005991339 0.999978781 0.002567462 -1.461398959 -0.000281027 -0.002569192 0.999996603 58.484127045
0.999983549 0.005725815 0.000022126 0.789310873 -0.005725848 0.999981463 0.002073050 -1.465716481 -0.000010256 -0.002073143 0.999997854 58.977210999
0.999977410 0.006699787 0.000504087 0.795942545 -0.006700871 0.999975204 0.002181445 -1.476894021 -0.000489460 -0.002184774 0.999997556 59.536392212
0.999975801 0.006911153 0.000806717 0.805933833 -0.006912453 0.999974787 0.001618098 -1.486185551 -0.000795514 -0.001623635 0.999998450 60.088508606
0.999979734 0.006326283 0.000627046 0.809005499 -0.006327475 0.999978065 0.001917053 -1.497005701 -0.000614904 -0.001920982 0.999997973 60.574798584
0.999978721 0.006522380 0.000186737 0.818338871 -0.006522726 0.999976814 0.001917251 -1.511932015 -0.000174227 -0.001918428 0.999998212 61.121723175
0.999977767 0.006638757 0.000626864 0.832593799 -0.006639969 0.999976039 0.001951772 -1.529084563 -0.000613891 -0.001955891 0.999997914 61.660381317
0.999975741 0.006876381 0.001107934 0.826386273 -0.006878609 0.999974251 0.002017537 -1.540358901 -0.001094032 -0.002025109 0.999997377 62.152328491
0.999973595 0.007145997 0.001304848 0.834507167 -0.007148057 0.999973238 0.001578732 -1.554818988 -0.001293531 -0.001588018 0.999997914 62.709220886
0.999972880 0.007132106 0.001803270 0.848977208 -0.007135354 0.999972939 0.001801249 -1.569372773 -0.001790375 -0.001814068 0.999996722 63.248516083
0.999974012 0.007039714 0.001496152 0.842456520 -0.007041901 0.999974132 0.001462456 -1.576509953 -0.001485818 -0.001472954 0.999997795 63.737136841
0.999974906 0.006965338 0.001244067 0.856660843 -0.006967438 0.999974251 0.001692322 -1.592774153 -0.001232248 -0.001700947 0.999997795 64.278472900
0.999978781 0.006378641 0.001343634 0.875304461 -0.006380124 0.999978960 0.001101057 -1.603558540 -0.001336582 -0.001109606 0.999998510 64.827651978
0.999973476 0.007065489 0.001824000 0.865743756 -0.007068114 0.999974012 0.001436742 -1.614705086 -0.001813802 -0.001449596 0.999997258 65.327568054
0.999973774 0.006921276 0.002125158 0.877433360 -0.006923348 0.999975562 0.000969012 -1.627138138 -0.002118400 -0.000983700 0.999997258 65.882705688
0.999971926 0.007171328 0.002174207 0.895621598 -0.007173815 0.999973655 0.001137601 -1.645695090 -0.002165992 -0.001153167 0.999996960 66.418876648
0.999969900 0.007464412 0.002129932 0.901440263 -0.007467985 0.999970734 0.001674475 -1.658869267 -0.002117370 -0.001690331 0.999996305 66.907272339
0.999961615 0.008316542 0.002775136 0.908778429 -0.008321112 0.999964058 0.001638480 -1.673680544 -0.002761410 -0.001661510 0.999994814 67.444206238
0.999965668 0.007937920 0.002389221 0.914147794 -0.007941024 0.999967694 0.001292565 -1.687552929 -0.002378883 -0.001311493 0.999996245 68.000976562
0.999962866 0.008325026 0.002239312 0.925459623 -0.008327693 0.999964714 0.001183822 -1.699612975 -0.002229377 -0.001202427 0.999996781 68.495384216
0.999958754 0.008642248 0.002832531 0.932023704 -0.008646175 0.999961674 0.001376400 -1.714327216 -0.002820527 -0.001400834 0.999995053 69.051216125
0.999959171 0.008396759 0.003372677 0.937349379 -0.008401798 0.999963582 0.001482752 -1.731416464 -0.003360104 -0.001511028 0.999993145 69.613441467
0.999965668 0.007911681 0.002505058 0.955784559 -0.007914797 0.999968052 0.001237699 -1.739876390 -0.002495185 -0.001257483 0.999996126 70.085853577
0.999966383 0.007728780 0.002754447 0.968555450 -0.007733647 0.999968648 0.001760331 -1.758519292 -0.002740755 -0.001781574 0.999994695 70.632240295
0.999957442 0.008772097 0.002873107 0.972564340 -0.008776038 0.999960601 0.001361907 -1.772642612 -0.002861048 -0.001387063 0.999994993 71.202453613
0.999964058 0.008019222 0.002803140 0.983513474 -0.008023213 0.999966919 0.001413806 -1.784543991 -0.002791709 -0.001436245 0.999994993 71.662742615
0.999952435 0.009131442 0.003431800 0.988261938 -0.009135119 0.999957681 0.001057255 -1.794202447 -0.003422000 -0.001088555 0.999993563 72.218498230
0.999944448 0.009728050 0.004065696 0.995549917 -0.009731052 0.999952376 0.000718694 -1.808984756 -0.004058512 -0.000758217 0.999991417 72.778945923
0.999944568 0.009687268 0.004149139 1.001903296 -0.009692630 0.999952197 0.001274248 -1.817160368 -0.004136596 -0.001314393 0.999990582 73.301109314
0.999955535 0.008775102 0.003458620 1.019229770 -0.008778862 0.999960899 0.001074076 -1.828135252 -0.003449059 -0.001104391 0.999993384 73.804267883
0.999959946 0.008313729 0.003295151 1.034343004 -0.008316739 0.999965012 0.000901056 -1.841426134 -0.003287545 -0.000928425 0.999994218 74.352737427
0.999955535 0.008919058 0.003074009 1.048226714 -0.008920735 0.999960065 0.000532043 -1.854781508 -0.003069140 -0.000559442 0.999995112 74.872612000
0.999950469 0.009109831 0.004006991 1.053824425 -0.009114365 0.999957860 0.001114634 -1.871623635 -0.003996668 -0.001151100 0.999991298 75.382942200
0.999936104 0.010296841 0.004676547 1.059833407 -0.010301802 0.999946415 0.001038280 -1.881828070 -0.004665605 -0.001086390 0.999988496 75.935882568
0.999943554 0.009600875 0.004554646 1.062185526 -0.009608173 0.999952555 0.001583381 -1.899248600 -0.004539228 -0.001627053 0.999988317 76.473579407
0.999951363 0.009023351 0.003965809 1.086757421 -0.009026140 0.999958992 0.000684996 -1.904849291 -0.003959464 -0.000720759 0.999991834 76.947090149
0.999944091 0.009632153 0.004360116 1.099077821 -0.009636363 0.999953210 0.000945626 -1.918152809 -0.004350802 -0.000987589 0.999990046 77.497650146
0.999937952 0.010310254 0.004209536 1.113299847 -0.010311548 0.999946833 0.000285400 -1.928071737 -0.004206369 -0.000328790 0.999991059 78.063285828
0.999943554 0.009725944 0.004269755 1.119154930 -0.009729281 0.999952376 0.000761171 -1.951904178 -0.004262148 -0.000802670 0.999990523 78.575996399
0.999931216 0.010300552 0.005610187 1.128385782 -0.010304722 0.999946594 0.000715023 -1.967714906 -0.005602522 -0.000772786 0.999984026 79.124275208
0.999930501 0.009452335 0.007038435 1.146112204 -0.009455481 0.999955177 0.000413681 -1.983046889 -0.007034209 -0.000480203 0.999975085 79.668617249
0.999919891 0.009895780 0.007887287 1.153362870 -0.009898629 0.999950945 0.000322225 -1.989423990 -0.007883709 -0.000400273 0.999968827 80.225769043
0.999906838 0.009645566 0.009661827 1.163560748 -0.009647189 0.999953449 0.000121498 -2.004366398 -0.009660205 -0.000214696 0.999953270 80.777999878
0.999861836 0.010739171 0.012687905 1.179488420 -0.010744076 0.999942243 0.000318645 -2.026833534 -0.012683749 -0.000454921 0.999919474 81.326728821
0.999806821 0.010522502 0.016600296 1.173226595 -0.010524275 0.999944627 0.000019472 -2.018557072 -0.016599171 -0.000194174 0.999862134 81.850006104
0.999748230 0.010456947 0.019852258 1.202708483 -0.010456389 0.999945343 -0.000131780 -2.034845352 -0.019852549 -0.000075836 0.999802887 82.397079468
0.999666870 0.009531111 0.023986155 1.225608706 -0.009517122 0.999954462 -0.000697310 -2.044120312 -0.023991710 0.000468798 0.999712050 82.965332031
0.999506235 0.009889449 0.029821675 1.253560066 -0.009880112 0.999951065 -0.000460480 -2.052161217 -0.029824777 0.000165612 0.999555111 83.446739197
0.999282479 0.010429197 0.036410153 1.282878637 -0.010402734 0.999945402 -0.000916139 -2.065303564 -0.036417723 0.000536716 0.999336541 83.996482849
0.999048293 0.010294688 0.042386930 1.319698811 -0.010263398 0.999946892 -0.000955693 -2.078808784 -0.042394519 0.000519750 0.999100745 84.553092957
0.998688579 0.010053876 0.050199568 1.359338045 -0.010032704 0.999949455 -0.000673659 -2.090141058 -0.050203811 0.000169138 0.998739004 85.035194397
0.998230278 0.009967634 0.058625311 1.412431002 -0.009907983 0.999950051 -0.001308091 -2.099472523 -0.058635429 0.000724917 0.998279274 85.595169067
0.997794509 0.009526593 0.065690666 1.468037605 -0.009450648 0.999954224 -0.001466773 -2.112917662 -0.065701634 0.000842719 0.997839093 86.165550232
0.997141302 0.010169353 0.074873358 1.509969234 -0.010107505 0.999948204 -0.001204943 -2.129654646 -0.074881740 0.000444716 0.997192323 86.647056580
0.996327519 0.010115058 0.085024096 1.578535080 -0.010044762 0.999948800 -0.001254553 -2.150333643 -0.085032433 0.000395899 0.996378124 87.180229187
0.995577514 0.009508171 0.093461573 1.657803059 -0.009422111 0.999954700 -0.001362024 -2.156788826 -0.093470283 0.000475395 0.995621979 87.726799011
0.994824350 0.008791246 0.101229012 1.722384930 -0.008599609 0.999960303 -0.002329359 -2.171958447 -0.101245470 0.001446773 0.994860530 88.297904968
0.993780613 0.008958816 0.110994138 1.792580605 -0.008759018 0.999958992 -0.002287542 -2.175201893 -0.111010090 0.001301116 0.993818402 88.808471680
0.992523074 0.009710435 0.121669546 1.879969597 -0.009515847 0.999952376 -0.002180277 -2.186525106 -0.121684916 0.001006187 0.992568254 89.360046387
0.991354704 0.008598715 0.130926728 1.971772194 -0.008330657 0.999961972 -0.002594964 -2.205776930 -0.130944058 0.001481825 0.991388619 89.886123657
0.989796758 0.008175971 0.142251223 2.077375412 -0.007883628 0.999965549 -0.002618602 -2.223563671 -0.142267704 0.001470428 0.989827096 90.404411316
0.987930477 0.007923854 0.154695123 2.163918495 -0.007548050 0.999966979 -0.003016532 -2.225120544 -0.154713884 0.001812477 0.987957656 90.929817200
0.986154556 0.007515373 0.165658608 2.276625633 -0.007107406 0.999970138 -0.003055364 -2.241617680 -0.165676609 0.001835657 0.986178458 91.471786499
0.984366059 0.007461710 0.175976425 2.391023636 -0.007005395 0.999970317 -0.003214154 -2.258696318 -0.175995186 0.001931120 0.984389067 92.016380310
0.981999934 0.007183482 0.188744709 2.501382828 -0.006691960 0.999972343 -0.003241302 -2.272700787 -0.188762784 0.001919886 0.982020795 92.494628906
0.979623973 0.006513418 0.200734898 2.636032104 -0.005952077 0.999976456 -0.003399855 -2.286432266 -0.200752318 0.002135791 0.979639709 93.020530701
0.977416873 0.006444558 0.211222708 2.764837265 -0.005925821 0.999977708 -0.003088761 -2.302805185 -0.211237893 0.001767339 0.977433085 93.568298340
0.974435985 0.006549907 0.224569887 2.890726089 -0.005925425 0.999976456 -0.003454622 -2.306158781 -0.224587262 0.002035636 0.974451840 94.074050903
0.971289575 0.005874079 0.237827629 3.043203354 -0.005118210 0.999979675 -0.003795590 -2.319133997 -0.237845108 0.002469366 0.971299946 94.604652405
0.968520701 0.005478219 0.248872846 3.199533463 -0.004680061 0.999981940 -0.003798667 -2.335765123 -0.248889148 0.002514347 0.968528688 95.120887756
0.965648472 0.005137404 0.259801179 3.350656509 -0.004159448 0.999982059 -0.004313874 -2.338342428 -0.259818673 0.003085057 0.965652466 95.605560303
0.961823642 0.006428462 0.273594707 3.519052505 -0.005652993 0.999977469 -0.003622633 -2.361179352 -0.273611814 0.001937704 0.961838186 96.118148804
0.958274782 0.005992176 0.285785764 3.698032379 -0.005138581 0.999979854 -0.003736657 -2.386307240 -0.285802394 0.002112210 0.958286226 96.628639221
0.954843044 0.004874388 0.297070771 3.873117447 -0.003774235 0.999983668 -0.004276785 -2.383380413 -0.297086716 0.002962443 0.954845905 97.147109985
0.950350225 0.004417898 0.311150938 4.068950653 -0.003329419 0.999986291 -0.004029312 -2.406054258 -0.311164469 0.002793306 0.950352013 97.646469116
0.945788145 0.003421915 0.324766248 4.270195007 -0.002105066 0.999988019 -0.004406021 -2.412940979 -0.324777484 0.003483507 0.945784032 98.186111450
0.941781402 0.004563837 0.336195081 4.465164185 -0.003349552 0.999985576 -0.004191701 -2.435271025 -0.336209416 0.002821564 0.941783011 98.660995483
0.936903775 0.004205274 0.349562109 4.679359436 -0.002989894 0.999987423 -0.004016399 -2.454039812 -0.349574655 0.002717827 0.936904550 99.170722961
0.931521952 0.004265140 0.363660216 4.895832062 -0.002821902 0.999985814 -0.004499856 -2.468710184 -0.363674343 0.003165501 0.931520700 99.684738159
0.926638424 0.004477188 0.375927091 5.136049271 -0.003108068 0.999986172 -0.004248345 -2.493250608 -0.375940919 0.002768271 0.926639497 100.200080872
0.921906531 0.003130282 0.387399822 5.340080261 -0.001629740 0.999989808 -0.004201817 -2.498566628 -0.387408972 0.003242322 0.921902239 100.655899048
0.915627241 0.003184797 0.402015895 5.580272675 -0.001584846 0.999989450 -0.004312354 -2.514065981 -0.402025402 0.003311374 0.915622532 101.153633118
0.909745514 0.003088507 0.415154934 5.820724487 -0.001625437 0.999991119 -0.003877461 -2.530019999 -0.415163219 0.002852695 0.909742415 101.635620117
0.904643476 0.002353120 0.426162541 6.084140778 -0.000746891 0.999992013 -0.003936129 -2.552168369 -0.426168323 0.003242496 0.904638052 102.123764038
0.898968041 0.002146861 0.438009232 6.328746796 -0.000215735 0.999990046 -0.004458583 -2.556059122 -0.438014477 0.003913630 0.898959339 102.595069885
0.892313600 0.001700218 0.451412946 6.600391388 0.000681588 0.999986708 -0.005113689 -2.568740606 -0.451415688 0.004870692 0.892300427 103.081367493
0.886182308 0.001637489 0.463333875 6.872730255 0.000765140 0.999987245 -0.004997524 -2.585841179 -0.463336080 0.004783233 0.886169672 103.560607910
0.880326331 0.001250337 0.474366933 7.142299652 0.000861963 0.999990702 -0.004235405 -2.614776611 -0.474367827 0.004137426 0.880316973 103.992080688
0.872813344 0.001439250 0.488051951 7.392406464 0.000623696 0.999991536 -0.004064339 -2.623405457 -0.488053650 0.003851805 0.872805119 104.424148560
