1.000000000 0.000000000 0.000000000 0.000000000 0.000000000 1.000000000 0.000000000 0.000000000 0.000000000 0.000000000 1.000000000 0.000000000
1.000000000 0.000131859 -0.000032508 0.000454074 -0.000131859 1.000000000 0.000009763 -0.000186511 0.000032509 -0.000009759 1.000000000 -0.001237406
1.000000000 0.000054295 0.000051719 0.000226169 -0.000054294 1.000000000 -0.000011631 -0.000095762 -0.000051720 0.000011628 1.000000000 -0.000726834
1.000000000 -0.000103441 -0.000054325 0.001126150 0.000103439 1.000000000 -0.000043231 -0.000149634 0.000054329 0.000043225 1.000000000 -0.002758706
0.999999940 -0.000198126 -0.000149995 0.001363967 0.000198123 1.000000000 -0.000020941 -0.000482767 0.000149999 0.000020912 1.000000000 -0.001828495
1.000000000 -0.000046189 0.000035876 0.000520987 0.000046189 1.000000000 0.000016046 -0.000101043 -0.000035876 -0.000016044 1.000000000 0.000187440
1.000000000 0.000025823 -0.000028968 0.001403152 -0.000025824 1.000000000 -0.000007243 0.000397641 0.000028967 0.000007244 1.000000000 0.000641637
0.999999940 -0.000293660 0.000011814 0.001395237 0.000293660 0.999999940 -0.000013583 0.000128940 -0.000011810 0.000013586 1.000000000 -0.000396397
1.000000000 -0.000113920 0.000058611 0.001046191 0.000113921 1.000000000 -0.000022749 0.001125600 -0.000058609 0.000022756 1.000000000 0.001664755
1.000000000 -0.000073263 -0.000191887 0.002567891 0.000073269 1.000000000 0.000032056 -0.000770807 0.000191885 -0.000032070 1.000000000 -0.002163720
1.000000000 -0.000136385 0.000070921 0.000548765 0.000136388 1.000000000 -0.000053628 0.000776432 -0.000070913 0.000053638 1.000000000 0.000504230
1.000000000 -0.000212124 -0.000031646 0.000309753 0.000212130 0.999999940 0.000169769 -0.001248577 0.000031610 -0.000169776 1.000000000 -0.001416828
1.000000000 -0.000081354 0.000121974 -0.000599957 0.000081327 1.000000000 0.000223839 -0.000986779 -0.000121992 -0.000223829 0.999999940 0.000766161
1.000000000 -0.000085252 -0.000012186 0.000964074 0.000085254 1.000000000 0.000170940 -0.001118575 0.000012172 -0.000170941 1.000000000 -0.001427762
1.000000000 -0.000170166 -0.000104360 0.000703031 0.000170182 1.000000000 0.000148430 -0.001324425 0.000104335 -0.000148447 1.000000000 -0.002139752
1.000000000 0.000128847 0.000097377 0.000244157 -0.000128862 1.000000000 0.000148151 -0.000449796 -0.000097358 -0.000148164 1.000000000 0.000663237
1.000000000 -0.000031244 -0.000109371 0.000659762 0.000031266 1.000000000 0.000204083 -0.001318728 0.000109365 -0.000204087 1.000000000 -0.001162624
1.000000000 0.000044107 -0.000112640 0.001143753 -0.000044082 1.000000000 0.000229536 -0.001368651 0.000112650 -0.000229531 0.999999940 -0.001801618
1.000000000 0.000070151 -0.000010235 0.000140102 -0.000070148 1.000000000 0.000233220 -0.000823932 0.000010252 -0.000233219 1.000000000 0.000962368
1.000000000 -0.000007376 -0.000147698 0.001099316 0.000007376 1.000000000 0.000000807 0.000440766 0.000147698 -0.000000809 1.000000000 0.000558558
1.000000000 -0.000106185 -0.000137860 0.001167987 0.000106199 1.000000000 0.000099040 -0.000318914 0.000137849 -0.000099055 1.000000000 -0.000168223
1.000000000 -0.000084934 -0.000154805 0.001279163 0.000084970 0.999999940 0.000231927 -0.001232692 0.000154785 -0.000231941 0.999999940 -0.000312766
1.000000000 0.000091716 0.000110891 -0.000022579 -0.000091743 0.999999940 0.000237347 0.000151813 -0.000110869 -0.000237357 0.999999940 -0.000150840
1.000000000 0.000149036 -0.000172176 0.001797037 -0.000149027 1.000000000 0.000052585 0.000152997 0.000172184 -0.000052559 1.000000000 -0.001456952
0.999999940 0.000142455 -0.000220890 0.001583738 -0.000142417 1.000000000 0.000175029 -0.000733897 0.000220914 -0.000174998 0.999999940 -0.003129945
0.999999940 0.000190361 -0.000186845 0.000637453 -0.000190388 1.000000000 -0.000142609 0.000532000 0.000186818 0.000142645 1.000000000 -0.001318203
0.999999940 0.000285323 -0.000051728 -0.000505848 -0.000285320 0.999999940 0.000070851 -0.000456933 0.000051748 -0.000070836 1.000000000 -0.000602241
1.000000000 0.000117346 -0.000204327 0.000568707 -0.000117298 0.999999940 0.000231745 -0.001125371 0.000204354 -0.000231721 0.999999940 -0.001921094
0.999999940 0.000181928 -0.000179329 0.001161804 -0.000181942 1.000000000 -0.000077219 0.000620434 0.000179315 0.000077251 1.000000000 -0.001854709
0.999999940 0.000269037 -0.000132251 0.000285887 -0.000269014 0.999999940 0.000168544 -0.000681858 0.000132296 -0.000168508 1.000000000 -0.002560553
1.000000000 0.000176985 -0.000033414 0.000379896 -0.000176984 1.000000000 0.000022037 0.000480787 0.000033418 -0.000022031 1.000000000 0.000187225
1.000000000 -0.000023598 -0.000180466 0.002157322 0.000023612 1.000000000 0.000077618 -0.000297165 0.000180464 -0.000077622 1.000000000 -0.001648166
1.000000000 0.000092562 -0.000205079 0.001773609 -0.000092522 1.000000000 0.000194740 -0.000361169 0.000205097 -0.000194721 0.999999940 -0.000072578
1.000000000 0.000155431 -0.000061103 0.001311162 -0.000155426 1.000000000 0.000078880 0.000524413 0.000061116 -0.000078870 1.000000000 0.000259318
1.000000000 0.000070852 -0.000099195 0.001867775 -0.000070864 1.000000000 -0.000122052 0.001944180 0.000099186 0.000122059 1.000000000 -0.000382654
1.000000000 -0.000042839 0.000013561 -0.000275498 0.000042840 1.000000000 -0.000094650 0.002385942 -0.000013557 0.000094650 1.000000000 0.002393971
1.000000000 -0.000221081 -0.000075160 0.001511749 0.000221087 1.000000000 0.000080815 0.000527423 0.000075142 -0.000080831 1.000000000 -0.000269447
1.000000000 -0.000049730 -0.000038480 0.001028012 0.000049731 1.000000000 0.000019727 0.000900640 0.000038479 -0.000019729 1.000000000 0.000361330
1.000000000 -0.000005539 0.000150921 0.000263811 0.000005540 1.000000000 -0.000006549 0.000615725 -0.000150921 0.000006550 1.000000000 0.002069868
0.999999940 -0.000362347 0.000063669 0.001857428 0.000362389 0.999999702 -0.000661984 -0.002055290 -0.000063429 0.000662007 0.999999762 0.051486246
1.000000000 0.000132930 -0.000037526 0.002471475 -0.000132974 0.999999285 -0.001177810 -0.005311818 0.000037369 0.001177815 0.999999285 0.135413960
0.999999881 0.000511962 -0.000055045 0.004909649 -0.000512034 0.999998987 -0.001322390 -0.008893283 0.000054368 0.001322418 0.999999106 0.250279754
0.999998212 0.001874273 -0.000278001 0.004254133 -0.001874502 0.999997914 -0.000824809 -0.017467519 0.000276455 0.000825329 0.999999642 0.379277110
0.999999106 0.001376639 -0.000092156 0.005746615 -0.001376705 0.999998748 -0.000717325 -0.021616125 0.000091168 0.000717451 0.999999762 0.518689811
0.999998271 0.001839683 -0.000298385 0.008776682 -0.001839807 0.999998152 -0.000415980 -0.026158638 0.000297619 0.000416528 0.999999821 0.669941664
0.999998271 0.001916858 0.000022381 0.012853181 -0.001916854 0.999998212 -0.000167589 -0.029987896 -0.000022703 0.000167546 1.000000000 0.835126519
0.999998450 0.001758992 0.000079326 0.016969878 -0.001758962 0.999998331 -0.000379616 -0.031665470 -0.000079993 0.000379476 0.999999940 1.002181530
0.999998450 0.001708509 -0.000199483 0.022329457 -0.001708506 0.999998510 0.000017714 -0.039568312 0.000199513 -0.000017374 1.000000000 1.180611491
0.999998093 0.001933731 -0.000178138 0.022912476 -0.001933739 0.999998152 -0.000047836 -0.044400465 0.000178045 0.000048180 1.000000000 1.376054525
0.999998450 0.001775990 0.000008691 0.027325686 -0.001775990 0.999998450 0.000023989 -0.050470002 -0.000008648 -0.000024005 1.000000000 1.555182219
0.999997556 0.002190188 -0.000034930 0.029360941 -0.002190193 0.999997675 -0.000158497 -0.049766567 0.000034583 0.000158573 1.000000000 1.766685843
0.999997497 0.002222134 -0.000080498 0.032226183 -0.002222126 0.999997556 0.000104178 -0.054608285 0.000080729 -0.000103998 1.000000000 1.970870733
0.999997735 0.002097120 0.000178004 0.028929424 -0.002097186 0.999997735 0.000368913 -0.063709743 -0.000177230 -0.000369285 0.999999940 2.176605701
0.999998033 0.002007745 -0.000028343 0.037880786 -0.002007736 0.999997914 0.000309683 -0.072766460 0.000028965 -0.000309625 0.999999940 2.383139372
0.999998510 0.001710582 -0.000248594 0.044352900 -0.001710529 0.999998569 0.000210981 -0.075107902 0.000248954 -0.000210556 1.000000000 2.609878302
0.999997199 0.002370663 0.000236383 0.043256704 -0.002370695 0.999997139 0.000137079 -0.078710794 -0.000236057 -0.000137639 1.000000000 2.853228807
0.999996841 0.002479741 0.000337408 0.042413525 -0.002479897 0.999996841 0.000462926 -0.083915204 -0.000336259 -0.000463761 0.999999821 3.071484089
0.999997497 0.002196196 0.000099701 0.050578669 -0.002196194 0.999997616 -0.000027329 -0.080695115 -0.000099761 0.000027110 1.000000000 3.322969437
0.999997735 0.002102031 0.000302216 0.056897450 -0.002102016 0.999997854 -0.000047885 -0.092680499 -0.000302316 0.000047249 0.999999881 3.563778639
0.999997437 0.002232202 0.000184654 0.060267407 -0.002232161 0.999997497 -0.000220010 -0.094485775 -0.000185145 0.000219597 0.999999940 3.826128244
0.999997437 0.002151650 0.000745911 0.062500700 -0.002151929 0.999997735 0.000373680 -0.108097523 -0.000745105 -0.000375285 0.999999642 4.087504387
0.999995410 0.002898576 0.000873881 0.057431936 -0.002899699 0.999994993 0.001285906 -0.118425399 -0.000870150 -0.001288434 0.999998808 4.318933487
0.999995112 0.003018422 0.000758525 0.066577069 -0.003018948 0.999995232 0.000693739 -0.120025523 -0.000756428 -0.000696025 0.999999464 4.572739124
0.999997318 0.002151079 0.000707736 0.075750753 -0.002151719 0.999997258 0.000904321 -0.130086586 -0.000705789 -0.000905842 0.999999404 4.838239670
0.999996662 0.002374710 0.001026491 0.070189394 -0.002375644 0.999996781 0.000909102 -0.130184725 -0.001024329 -0.000911538 0.999999046 5.098554611
0.999998152 0.001750046 0.000796887 0.079248443 -0.001750824 0.999997973 0.000976997 -0.139222339 -0.000795176 -0.000978391 0.999999225 5.362191200
0.999996603 0.002373424 0.001111762 0.080445006 -0.002373899 0.999997139 0.000426271 -0.140344143 -0.001110747 -0.000428909 0.999999285 5.638841152
0.999998450 0.001389076 0.001104618 0.081148982 -0.001390139 0.999998569 0.000962157 -0.149435610 -0.001103280 -0.000963691 0.999998927 5.902360916
0.999998510 0.001573669 0.000794406 0.092393927 -0.001574335 0.999998391 0.000838023 -0.157455102 -0.000793086 -0.000839272 0.999999404 6.179045677
0.999997914 0.001813472 0.000963868 0.095188640 -0.001813792 0.999998271 0.000331327 -0.159274623 -0.000963265 -0.000333075 0.999999523 6.476728916
0.999996245 0.002297485 0.001511759 0.090512201 -0.002297495 0.999997377 0.000005324 -0.163814202 -0.001511743 -0.000008797 0.999998808 6.767496109
0.999996305 0.002139931 0.001669850 0.093584001 -0.002140705 0.999997616 0.000462011 -0.178742290 -0.001668858 -0.000465584 0.999998510 7.058637619
0.999996901 0.001755862 0.001766389 0.100395128 -0.001757535 0.999997973 0.000945930 -0.190764800 -0.001764725 -0.000949031 0.999998093 7.351463795
0.999996245 0.002093029 0.001778019 0.106798820 -0.002093728 0.999997795 0.000391285 -0.193804011 -0.001777196 -0.000395006 0.999998391 7.678594112
0.999994695 0.002420735 0.002170325 0.106216058 -0.002422231 0.999996841 0.000686802 -0.208004281 -0.002168655 -0.000692055 0.999997377 8.002452850
0.999997139 0.001800846 0.001647994 0.118143566 -0.001803083 0.999997437 0.001356417 -0.225525692 -0.001645547 -0.001359385 0.999997675 8.315470695
0.999996603 0.001772268 0.001910916 0.124899499 -0.001773953 0.999998033 0.000880272 -0.231151253 -0.001909352 -0.000883658 0.999997795 8.638560295
0.999995232 0.001858624 0.002482297 0.126459107 -0.001860314 0.999997973 0.000678728 -0.235034645 -0.002481031 -0.000683342 0.999996781 8.983940125
0.999997973 0.001178340 0.001662326 0.151348978 -0.001180807 0.999998271 0.001483374 -0.258126616 -0.001660576 -0.001485334 0.999997556 9.303295135
0.999993980 0.002260662 0.002637791 0.134651661 -0.002263798 0.999996722 0.001186489 -0.256885201 -0.002635100 -0.001192454 0.999995828 9.663781166
0.999992847 0.002606578 0.002772575 0.143393815 -0.002609578 0.999996006 0.001078855 -0.265556723 -0.002769752 -0.001086082 0.999995589 10.010884285
0.999995053 0.002072226 0.002360052 0.152808204 -0.002075593 0.999996841 0.001424754 -0.280571222 -0.002357092 -0.001429646 0.999996185 10.365578651
0.999994874 0.001890664 0.002541543 0.160006881 -0.001895844 0.999996066 0.002037413 -0.294633240 -0.002537680 -0.002042221 0.999994636 10.721564293
0.999994576 0.002041891 0.002600995 0.171642676 -0.002047067 0.999995887 0.001989170 -0.302064687 -0.002596923 -0.001994483 0.999994576 11.082362175
0.999994457 0.002109538 0.002570771 0.171580493 -0.002113489 0.999996543 0.001535030 -0.310542285 -0.002567525 -0.001540454 0.999995470 11.482379913
0.999994516 0.002300455 0.002390799 0.184784606 -0.002303656 0.999996483 0.001337139 -0.315280914 -0.002387715 -0.001342639 0.999996245 11.862372398
0.999994338 0.001699085 0.002906818 0.184879914 -0.001702918 0.999997675 0.001316723 -0.325660586 -0.002904575 -0.001321666 0.999994874 12.247703552
0.999992609 0.002213633 0.003136992 0.193101317 -0.002218026 0.999996543 0.001397497 -0.337825119 -0.003133888 -0.001404445 0.999994099 12.630782127
0.999993622 0.002039514 0.002924458 0.202195928 -0.002043482 0.999996960 0.001354597 -0.345781326 -0.002921686 -0.001360564 0.999994814 13.033943176
0.999993145 0.002085178 0.003044843 0.210344449 -0.002090187 0.999996424 0.001642690 -0.358994395 -0.003041407 -0.001649043 0.999994040 13.442233086
0.999992967 0.002029774 0.003144957 0.217677951 -0.002035309 0.999996364 0.001757680 -0.372077346 -0.003141378 -0.001764068 0.999993503 13.851678848
0.999992907 0.001620572 0.003395933 0.228173584 -0.001626636 0.999997079 0.001783502 -0.377283186 -0.003393033 -0.001789013 0.999992609 14.290285110
0.999993145 0.001498607 0.003380130 0.241442889 -0.001504941 0.999997079 0.001872250 -0.390133947 -0.003377314 -0.001877323 0.999992549 14.709179878
0.999990284 0.001580967 0.004117211 0.248119608 -0.001587577 0.999997437 0.001602708 -0.401234001 -0.004114666 -0.001609229 0.999990225 15.139507294
0.999987960 0.001875658 0.004534879 0.254923105 -0.001882537 0.999997079 0.001513028 -0.410919547 -0.004532028 -0.001521547 0.999988496 15.587353706
0.999984503 0.002213909 0.005110993 0.263096064 -0.002220509 0.999996722 0.001286102 -0.422188878 -0.005108129 -0.001297432 0.999986053 16.031894684
0.999987245 0.001288641 0.004877657 0.280078471 -0.001298044 0.999997318 0.001925135 -0.440284610 -0.004875163 -0.001931442 0.999986231 16.471567154
0.999984384 0.001548505 0.005365156 0.286291063 -0.001556280 0.999997675 0.001445292 -0.450762749 -0.005362906 -0.001453620 0.999984562 16.914176941
0.999982238 0.001320216 0.005808066 0.299018323 -0.001331235 0.999997258 0.001893702 -0.463733494 -0.005805552 -0.001901400 0.999981344 17.382549286
0.999979377 0.001244041 0.006309520 0.308230937 -0.001260580 0.999995768 0.002617978 -0.479330182 -0.006306237 -0.002625877 0.999976695 17.847126007
0.999977112 0.001635639 0.006554177 0.315503269 -0.001648617 0.999996603 0.001975169 -0.483320117 -0.006550925 -0.001985929 0.999976575 18.328207016
0.999975383 0.001727199 0.006790906 0.330728829 -0.001740887 0.999996364 0.002010232 -0.493944705 -0.006787410 -0.002022005 0.999974906 18.803085327
0.999974310 0.002001158 0.006880458 0.345755100 -0.002014902 0.999996006 0.001991216 -0.514951825 -0.006876445 -0.002005028 0.999974370 19.262924194
0.999970794 0.002003739 0.007373104 0.357605338 -0.002015639 0.999996722 0.001606803 -0.525177419 -0.007369861 -0.001621617 0.999971569 19.743806839
0.999974489 0.001478037 0.006990172 0.370934725 -0.001491903 0.999996960 0.001978771 -0.536976337 -0.006987227 -0.001989149 0.999973595 20.242715836
0.999975920 0.001847388 0.006687604 0.390472353 -0.001861995 0.999995887 0.002178697 -0.555385172 -0.006683552 -0.002191097 0.999975264 20.749603271
0.999973357 0.002738050 0.006766357 0.396599054 -0.002748125 0.999995112 0.001480152 -0.558021426 -0.006762271 -0.001498708 0.999976039 21.265148163
0.999976099 0.002430327 0.006463251 0.408470809 -0.002439931 0.999995947 0.001478382 -0.569301486 -0.006459631 -0.001494116 0.999978065 21.761997223
0.999980390 0.002104243 0.005897123 0.418249041 -0.002114309 0.999996305 0.001701351 -0.586079180 -0.005893523 -0.001713787 0.999981165 22.271495819
0.999983191 0.002206824 0.005364639 0.435221761 -0.002215998 0.999996066 0.001704758 -0.594547391 -0.005360857 -0.001716618 0.999984205 22.784336090
0.999983430 0.002639890 0.005105829 0.448613048 -0.002646084 0.999995708 0.001206893 -0.609885395 -0.005102622 -0.001220384 0.999986231 23.306550980
0.999989033 0.001784730 0.004331628 0.447174519 -0.001794256 0.999996006 0.002196452 -0.634921730 -0.004327692 -0.002204200 0.999988139 23.818954468
0.999993086 0.000296172 0.003700932 0.457690328 -0.000301100 0.999999046 0.001331208 -0.643373966 -0.003700534 -0.001332313 0.999992251 24.343818665
0.999993324 0.001587562 0.003291605 0.464726865 -0.001594164 0.999996662 0.002004108 -0.658662736 -0.003288412 -0.002009342 0.999992549 24.880430222
0.999995828 0.001185737 0.002603473 0.480596304 -0.001191967 0.999996424 0.002392628 -0.678158522 -0.002600626 -0.002395722 0.999993742 25.428291321
0.999997199 0.001071068 0.002084962 0.493178278 -0.001076133 0.999996483 0.002430110 -0.691798329 -0.002082352 -0.002432347 0.999994874 25.964296341
0.999995828 0.001431415 0.002468689 0.497646332 -0.001436958 0.999996424 0.002245046 -0.703929484 -0.002465467 -0.002248584 0.999994457 26.522701263
0.999999046 0.000722750 0.001161899 0.510917246 -0.000725683 0.999996543 0.002526125 -0.720834553 -0.001160069 -0.002526966 0.999996126 27.074649811
0.999999583 0.000207228 0.000927306 0.521436989 -0.000209834 0.999996006 0.002810142 -0.736736894 -0.000926720 -0.002810334 0.999995589 27.627861023
0.999997675 0.001956793 0.000956161 0.526561081 -0.001958706 0.999996066 0.002004154 -0.748335898 -0.000952236 -0.002006022 0.999997556 28.197990417
0.999998629 0.001477897 0.000784399 0.537203252 -0.001480145 0.999994695 0.002871314 -0.765854239 -0.000780152 -0.002872471 0.999995530 28.738590240
0.999999464 0.000715999 0.000766892 0.545982540 -0.000718277 0.999995291 0.002974470 -0.780630410 -0.000764759 -0.002975019 0.999995232 29.281793594
0.999998569 0.001704100 0.000128632 0.560674787 -0.001704468 0.999994278 0.002921249 -0.793518364 -0.000123653 -0.002921465 0.999995708 29.837242126
0.999998808 0.001557978 -0.000010281 0.567097247 -0.001557941 0.999994397 0.002946122 -0.804704368 0.000014871 -0.002946103 0.999995589 30.370704651
0.999997437 0.002272824 -0.000137891 0.578376114 -0.002272337 0.999991536 0.003433640 -0.827396929 0.000145694 -0.003433318 0.999994040 30.911483765
0.999998510 0.001501610 -0.000877851 0.588109910 -0.001499074 0.999994695 0.002881905 -0.834471703 0.000882174 -0.002880585 0.999995470 31.468839645
0.999998450 0.001446870 -0.001036014 0.597550154 -0.001443575 0.999993861 0.003174377 -0.846121252 0.001040600 -0.003172877 0.999994516 32.024524689
0.999998808 0.001209370 -0.000979666 0.609731615 -0.001206541 0.999995112 0.002883434 -0.862414479 0.000983148 -0.002882249 0.999995351 32.575157166
0.999997973 0.001154041 -0.001638239 0.622729778 -0.001148494 0.999993622 0.003383067 -0.881473064 0.001642133 -0.003381177 0.999992907 33.119796753
0.999997377 0.001172252 -0.001949579 0.637377739 -0.001166353 0.999994695 0.003024556 -0.893740058 0.001953115 -0.003022274 0.999993503 33.657676697
0.999997199 0.001239391 -0.002025313 0.641002715 -0.001232998 0.999994278 0.003155287 -0.905665219 0.002029212 -0.003152781 0.999992967 34.216217041
0.999996364 0.001160331 -0.002435320 0.655124068 -0.001151921 0.999993503 0.003451717 -0.923171759 0.002439309 -0.003448899 0.999991000 34.756004333
0.999996066 0.001427917 -0.002424044 0.661841393 -0.001419990 0.999993742 0.003268544 -0.933035970 0.002428696 -0.003265089 0.999991655 35.318656921
0.999997258 0.001338254 -0.001917886 0.667460620 -0.001332727 0.999994993 0.002880371 -0.940516055 0.001921731 -0.002877807 0.999993980 35.858081818
0.999995232 0.001657128 -0.002606430 0.680746078 -0.001649281 0.999994099 0.003009960 -0.957675993 0.002611402 -0.003005647 0.999992013 36.404239655
0.999994874 0.001637364 -0.002765053 0.690881491 -0.001628735 0.999993742 0.003120066 -0.968334496 0.002770145 -0.003115546 0.999991357 36.957466125
0.999994993 0.001275853 -0.002897405 0.700054765 -0.001266959 0.999994516 0.003069435 -0.987051904 0.002901305 -0.003065748 0.999991119 37.511482239
0.999994218 0.001859752 -0.002843369 0.712486327 -0.001852591 0.999995172 0.002518887 -0.999838114 0.002848040 -0.002513605 0.999992788 38.060989380
0.999995887 0.001344800 -0.002498251 0.713402271 -0.001338284 0.999995768 0.002607670 -1.010640502 0.002501747 -0.002604316 0.999993503 38.599704742
0.999992788 0.001617289 -0.003475347 0.733674049 -0.001606153 0.999993563 0.003204781 -1.032146454 0.003480508 -0.003199175 0.999988854 39.174457550
0.999991536 0.002173753 -0.003515589 0.739824772 -0.002161732 0.999991775 0.003419432 -1.048949838 0.003522994 -0.003411803 0.999988019 39.713451385
0.999988675 0.002183508 -0.004241990 0.764732122 -0.002164177 0.999987245 0.004556293 -1.079424620 0.004251885 -0.004547061 0.999980688 40.230403900
0.999992013 0.001255557 -0.003799912 0.758523047 -0.001242812 0.999993622 0.003354585 -1.071799517 0.003804099 -0.003349836 0.999987066 40.802295685
0.999992192 0.001345519 -0.003727871 0.768388927 -0.001335334 0.999995410 0.002733076 -1.078933358 0.003731531 -0.002728076 0.999989271 41.348377228
0.999992669 0.000711900 -0.003774549 0.782442689 -0.000697847 0.999992847 0.003722983 -1.100384593 0.003777172 -0.003720321 0.999985933 41.895843506
0.999992728 0.000909972 -0.003701906 0.773682117 -0.000896995 0.999993443 0.003505836 -1.118242264 0.003705074 -0.003502489 0.999986947 42.456710815
0.999989986 0.000959649 -0.004357196 0.785606682 -0.000945113 0.999993980 0.003337033 -1.125629306 0.004360373 -0.003332882 0.999984920 42.994926453
0.999993026 0.001095238 -0.003571159 0.794029355 -0.001080164 0.999990463 0.004220300 -1.148411751 0.003575747 -0.004216413 0.999984682 43.546089172
0.999992967 0.001467647 -0.003425600 0.791410863 -0.001454425 0.999991477 0.003859095 -1.157522917 0.003431234 -0.003854087 0.999986708 44.122493744
0.999992967 0.001038975 -0.003611888 0.799902916 -0.001025080 0.999992073 0.003846763 -1.172103882 0.003615856 -0.003843033 0.999986053 44.661434174
0.999993324 0.000920510 -0.003554034 0.797011077 -0.000906928 0.999992251 0.003821279 -1.181301117 0.003557524 -0.003818031 0.999986291 45.197650909
0.999993622 0.001153847 -0.003384660 0.818524480 -0.001141341 0.999992490 0.003694609 -1.195378304 0.003388897 -0.003690722 0.999987423 45.770629883
0.999993503 0.001128763 -0.003430363 0.827698112 -0.001114696 0.999991059 0.004100011 -1.211917400 0.003434959 -0.004096161 0.999985635 46.321601868
0.999992251 0.000280288 -0.003904473 0.844001949 -0.000263758 0.999990940 0.004233548 -1.229377747 0.003905625 -0.004232485 0.999983430 46.860500336
0.999991059 0.000636960 -0.004167891 0.858874679 -0.000620595 0.999992013 0.003926535 -1.242942333 0.004170359 -0.003923912 0.999983668 47.410381317
0.999991417 0.000253896 -0.004142174 0.865707159 -0.000236712 0.999991357 0.004148518 -1.252464294 0.004143192 -0.004147503 0.999982834 47.958786011
0.999990642 0.000546721 -0.004303671 0.885707140 -0.000527822 0.999990165 0.004391130 -1.271990776 0.004306030 -0.004388818 0.999981165 48.497272491
0.999991119 0.000551191 -0.004174548 0.886762381 -0.000533057 0.999990404 0.004343600 -1.279153824 0.004176902 -0.004341336 0.999981821 49.062702179
0.999991596 0.000038760 -0.004097109 0.895630598 -0.000017919 0.999987066 0.005086542 -1.299068213 0.004097253 -0.005086426 0.999978662 49.602096558
0.999988735 -0.000008602 -0.004744058 0.912515521 0.000028831 0.999990940 0.004263860 -1.304201126 0.004743979 -0.004263950 0.999979675 50.155986786
0.999990761 0.000325790 -0.004288060 0.913249373 -0.000305261 0.999988437 0.004787131 -1.325808644 0.004289570 -0.004785778 0.999979377 50.707744598
0.999990582 0.000117732 -0.004343917 0.921307206 -0.000099231 0.999990880 0.004259091 -1.338991880 0.004344380 -0.004258619 0.999981523 51.249259949
0.999989986 0.000268975 -0.004460912 0.931136012 -0.000249523 0.999990463 0.004360492 -1.347780585 0.004462042 -0.004359335 0.999980569 51.807254791
0.999988377 0.000471430 -0.004792472 0.941778302 -0.000451620 0.999991357 0.004133774 -1.358997822 0.004794380 -0.004131561 0.999979973 52.347183228
0.999991059 -0.000104320 -0.004235787 0.945957839 0.000115253 0.999996722 0.002581027 -1.360409498 0.004235504 -0.002581492 0.999987662 52.911846161
0.999991179 0.000297347 -0.004183549 0.948303699 -0.000281044 0.999992311 0.003896795 -1.383660674 0.004184675 -0.003895584 0.999983668 53.443275452
0.999990463 0.000630953 -0.004313059 0.962072670 -0.000612986 0.999991119 0.004165766 -1.401348829 0.004315648 -0.004163081 0.999981999 53.986667633
0.999992073 0.000478398 -0.003948894 0.968189359 -0.000461198 0.999990463 0.004355625 -1.418215871 0.003950939 -0.004353768 0.999982715 54.528903961
0.999990642 0.000295343 -0.004309470 0.978289545 -0.000276133 0.999989986 0.004457441 -1.433706760 0.004310743 -0.004456209 0.999980807 55.070674896
0.999988258 0.000325529 -0.004832168 0.989868701 -0.000303293 0.999989331 0.004601765 -1.446319342 0.004833614 -0.004600246 0.999977708 55.625766754
0.999990880 0.001231137 -0.004086873 0.988092542 -0.001215017 0.999991417 0.003944519 -1.449615121 0.004091694 -0.003939516 0.999983847 56.171810150
0.999988317 0.000287033 -0.004844096 0.999739468 -0.000267114 0.999991536 0.004112146 -1.463041544 0.004845235 -0.004110802 0.999979794 56.714202881
0.999989212 0.000779034 -0.004580318 1.012733221 -0.000758347 0.999989569 0.004516424 -1.486959577 0.004583789 -0.004512901 0.999979317 57.249027252
0.999989212 0.000656637 -0.004590359 1.024250984 -0.000636914 0.999990582 0.004296707 -1.495039701 0.004593139 -0.004293737 0.999980211 57.806751251
0.999989152 0.000232701 -0.004654593 1.028247356 -0.000214132 0.999992073 0.003989407 -1.504766703 0.004655486 -0.003988367 0.999981165 58.368736267
0.999990165 0.000178270 -0.004463370 1.036765218 -0.000160729 0.999992251 0.003930162 -1.520536780 0.004464037 -0.003929406 0.999982297 58.903015137
0.999991477 0.000086262 -0.004123200 1.042943001 -0.000068976 0.999991238 0.004192257 -1.531180620 0.004123524 -0.004191937 0.999982655 59.450027466
0.999990821 0.000322735 -0.004272347 1.046524167 -0.000306656 0.999992847 0.003763543 -1.544604897 0.004273531 -0.003762198 0.999983788 59.986576080
0.999988198 0.000385117 -0.004844045 1.063347101 -0.000364547 0.999991000 0.004246574 -1.559558392 0.004845636 -0.004244758 0.999979258 60.532207489
0.999989510 0.000474246 -0.004549400 1.062420607 -0.000457203 0.999992788 0.003746717 -1.568372846 0.004551145 -0.003744597 0.999982655 61.083881378
0.999989927 0.000476539 -0.004446272 1.073848248 -0.000460876 0.999993682 0.003523077 -1.582596302 0.004447925 -0.003520992 0.999983907 61.622333527
0.999990940 0.000195430 -0.004227532 1.086547852 -0.000181492 0.999994516 0.003297087 -1.590214252 0.004228153 -0.003296289 0.999985695 62.162490845
0.999988198 0.000424338 -0.004837042 1.090711474 -0.000407308 0.999993682 0.003521285 -1.605843902 0.004838508 -0.003519275 0.999982119 62.709358215
0.999988198 0.000150171 -0.004867560 1.101115108 -0.000131776 0.999992907 0.003779263 -1.623734117 0.004868094 -0.003778577 0.999981046 63.255439758
0.999990344 0.000962108 -0.004273521 1.101251006 -0.000946270 0.999992788 0.003706500 -1.635452032 0.004277055 -0.003702421 0.999984026 63.818450928
0.999991715 0.000874751 -0.003971716 1.108153582 -0.000860524 0.999993205 0.003582285 -1.650857329 0.003974822 -0.003578837 0.999985695 64.367759705
0.999989212 0.000531119 -0.004610886 1.125617504 -0.000513445 0.999992490 0.003833480 -1.664258957 0.004612887 -0.003831072 0.999981999 64.898788452
0.999988794 0.000778446 -0.004676667 1.139358640 -0.000759852 0.999991834 0.003976345 -1.677296877 0.004679725 -0.003972746 0.999981105 65.429367065
0.999991119 0.001148583 -0.004085060 1.133599758 -0.001132748 0.999991953 0.003876755 -1.692197919 0.004089480 -0.003872093 0.999984145 65.983154297
0.999991238 0.000839268 -0.004120709 1.144831777 -0.000825041 0.999993742 0.003453179 -1.700693250 0.004123583 -0.003449749 0.999985576 66.522682190
0.999990344 0.000703697 -0.004333552 1.149858236 -0.000692369 0.999996305 0.002614904 -1.703316689 0.004335377 -0.002611879 0.999987185 67.096382141
0.999990463 0.000988898 -0.004243504 1.164902568 -0.000971552 0.999991179 0.004087893 -1.737175107 0.004247509 -0.004083732 0.999982595 67.615013123
0.999990702 0.001080520 -0.004158647 1.169439077 -0.001062959 0.999990523 0.004222617 -1.748428822 0.004163169 -0.004218158 0.999982417 68.165222168
0.999987960 0.001531130 -0.004663960 1.187576294 -0.001510785 0.999989331 0.004362490 -1.767907143 0.004670588 -0.004355393 0.999979556 68.699287415
0.999989808 0.001974001 -0.004054934 1.185015440 -0.001956246 0.999988496 0.004378093 -1.783496261 0.004063529 -0.004370117 0.999982178 69.244140625
0.999991715 0.000879049 -0.003967944 1.185099006 -0.000862884 0.999991357 0.004073720 -1.789769888 0.003971489 -0.004070263 0.999983788 69.788070679
0.999990344 0.001614999 -0.004094350 1.197049141 -0.001599253 0.999991417 0.003846274 -1.800578833 0.004100526 -0.003839689 0.999984205 70.331298828
0.999991059 0.001308412 -0.004021581 1.207663298 -0.001290351 0.999989152 0.004490403 -1.822513103 0.004027412 -0.004485173 0.999981880 70.874862671
0.999990284 0.000962958 -0.004296456 1.215244770 -0.000947795 0.999993324 0.003529832 -1.820955157 0.004299825 -0.003525726 0.999984562 71.423027039
0.999991894 0.001804230 -0.003588059 1.213295937 -0.001791377 0.999992013 0.003581904 -1.834409475 0.003594491 -0.003575447 0.999987185 71.971115112
0.999991000 0.001051598 -0.004114627 1.231666565 -0.001033564 0.999989867 0.004382649 -1.857834220 0.004119194 -0.004378356 0.999981940 72.504287720
0.999991477 0.000848887 -0.004036984 1.242365718 -0.000834239 0.999992967 0.003628773 -1.870172620 0.004040036 -0.003625375 0.999985278 73.051818848
0.999991179 0.001326709 -0.003992761 1.247617483 -0.001309668 0.999990046 0.004267495 -1.886593461 0.003998382 -0.004262228 0.999982893 73.594429016
0.999988496 0.002046573 -0.004354741 1.255785704 -0.002028944 0.999989808 0.004048606 -1.893419266 0.004362982 -0.004039724 0.999982297 74.138847351
0.999990404 0.000889097 -0.004289416 1.267241716 -0.000870699 0.999990344 0.004289076 -1.911293507 0.004293187 -0.004285300 0.999981523 74.670524597
0.999990344 0.000701491 -0.004337833 1.279151559 -0.000682607 0.999990284 0.004353179 -1.922779679 0.004340845 -0.004350176 0.999981105 75.218132019
0.999990582 0.000668614 -0.004293134 1.285019636 -0.000650925 0.999991298 0.004120366 -1.935161471 0.004295852 -0.004117533 0.999982238 75.756263733
0.999990404 0.000305083 -0.004369006 1.300687313 -0.000286453 0.999990880 0.004264088 -1.952268958 0.004370268 -0.004262795 0.999981344 76.304016113
0.999989450 -0.000091768 -0.004601222 1.308919072 0.000107826 0.999993920 0.003489729 -1.959253550 0.004600872 -0.003490188 0.999983251 76.850318909
0.999991298 0.000175669 -0.004202375 1.317656755 -0.000159708 0.999992788 0.003798047 -1.976171613 0.004203012 -0.003797341 0.999983966 77.409698486
0.999992669 0.000145690 -0.003813378 1.323399901 -0.000132119 0.999993622 0.003559000 -1.984993935 0.003813872 -0.003558470 0.999986410 77.960243225
0.999990225 0.000144221 -0.004422143 1.333698630 -0.000126418 0.999991894 0.004025783 -2.001293898 0.004422686 -0.004025185 0.999982119 78.487571716
0.999990642 0.000135889 -0.004322358 1.338805676 -0.000117997 0.999991417 0.004139319 -2.015245914 0.004322885 -0.004138771 0.999982119 79.024642944
0.999991477 0.000289903 -0.004115937 1.348680973 -0.000273111 0.999991655 0.004079539 -2.024702787 0.004117085 -0.004078381 0.999983251 79.573654175
0.999991655 -0.000040872 -0.004083201 1.355714083 0.000055782 0.999993265 0.003651657 -2.037746429 0.004083025 -0.003651854 0.999984980 80.117507935
0.999992669 -0.000012998 -0.003819869 1.365123749 0.000027747 0.999992549 0.003860980 -2.051278591 0.003819793 -0.003861058 0.999985278 80.650894165
0.999995649 0.000487039 -0.002906896 1.373640180 -0.000475057 0.999991417 0.004121202 -2.066787481 0.002908876 -0.004119803 0.999987304 81.185562134
0.999998569 0.000725065 -0.001540929 1.384308696 -0.000718943 0.999991834 0.003969772 -2.079634190 0.001543797 -0.003968658 0.999990940 81.726562500
0.999999523 0.000684049 -0.000657532 1.396085978 -0.000681725 0.999993503 0.003527776 -2.089046955 0.000659940 -0.003527326 0.999993563 82.283493042
0.999999285 0.000667318 0.000979986 1.405561447 -0.000671194 0.999991953 0.003959958 -2.103862047 -0.000977337 -0.003960614 0.999991596 82.818214417
0.999990642 0.000745229 0.004262174 1.421375275 -0.000760960 0.999992847 0.003690414 -2.116471767 -0.004259394 -0.003693623 0.999984026 83.367088318
0.999967515 0.000833496 0.008019040 1.443758726 -0.000863011 0.999992847 0.003677846 -2.130321503 -0.008015918 -0.003684647 0.999961019 83.904472351
0.999941647 0.000500663 0.010788364 1.461868525 -0.000543476 0.999991953 0.003965837 -2.146995306 -0.010786292 -0.003971468 0.999933958 84.471336365
0.999877274 0.000454681 0.015657470 1.484670639 -0.000515661 0.999992311 0.003890783 -2.158481598 -0.015655577 -0.003898380 0.999869823 85.015762329
0.999767244 -0.000024367 0.021571876 1.514324546 -0.000070930 0.999990165 0.004416880 -2.179042101 -0.021571774 -0.004417382 0.999757469 85.549804688
0.999633908 0.000363166 0.027051870 1.548069954 -0.000501040 0.999986887 0.005090061 -2.197720051 -0.027049666 -0.005101752 0.999620974 86.093124390
0.999466360 0.000464674 0.032659546 1.581254721 -0.000600010 0.999991298 0.004134166 -2.203506470 -0.032657336 -0.004151556 0.999457955 86.658645630
0.999166250 0.000273344 0.040825751 1.617579222 -0.000429855 0.999992609 0.003824902 -2.213883638 -0.040824410 -0.003839263 0.999158978 87.229370117
0.998800099 0.000199689 0.048970833 1.668277979 -0.000401821 0.999991477 0.004117790 -2.230326414 -0.048969589 -0.004132528 0.998791754 87.778221130
0.998435020 -0.000450891 0.055923291 1.711601496 0.000207281 0.999990463 0.004361882 -2.241713047 -0.055924725 -0.004343464 0.998425663 88.329505920
0.997877181 -0.000033525 0.065123022 1.757830620 -0.000251641 0.999990404 0.004370670 -2.258074284 -0.065122537 -0.004377780 0.997867644 88.861251831
0.997175992 0.000227605 0.075099684 1.819764614 -0.000547880 0.999990821 0.004244101 -2.269011021 -0.075098030 -0.004273261 0.997166991 89.410026550
0.996500015 0.000034362 0.083593160 1.882622242 -0.000362809 0.999992251 0.003913925 -2.275942564 -0.083592385 -0.003930554 0.996492267 89.963676453
0.995768726 -0.000917474 0.091890052 1.943927288 0.000547134 0.999991596 0.004055362 -2.289785862 -0.091893002 -0.003987926 0.995760918 90.516212463
0.994689643 -0.001227087 0.102912173 2.020957947 0.000832585 0.999992192 0.003876247 -2.298773050 -0.102916121 -0.003769980 0.994682968 91.061561584
0.993550360 -0.001126823 0.113386214 2.100699425 0.000640356 0.999990463 0.004326679 -2.320569754 -0.113390014 -0.004226167 0.993541479 91.601844788
0.992419422 -0.001428323 0.122888409 2.181802750 0.000946815 0.999991655 0.003976566 -2.329903603 -0.122893065 -0.003830069 0.992412508 92.147567749
0.991025746 -0.001492316 0.133662596 2.274817467 0.000919559 0.999990106 0.004346722 -2.343618631 -0.133667722 -0.004184802 0.991017461 92.701278687
0.989363015 -0.001929668 0.145454675 2.381641388 0.001357435 0.999990880 0.004033246 -2.354407549 -0.145461142 -0.003792899 0.989356697 93.246559143
0.987693965 -0.001934439 0.156387031 2.483894348 0.001244688 0.999989033 0.004508349 -2.373740911 -0.156394064 -0.004258216 0.987685561 93.797279358
0.985996664 -0.002042638 0.166752473 2.598805428 0.001370260 0.999990463 0.004147147 -2.377465248 -0.166759342 -0.003860579 0.985990047 94.329673767
0.983684182 -0.002433094 0.179887667 2.715779305 0.001720984 0.999990106 0.004114593 -2.388067007 -0.179895893 -0.003737876 0.983678520 94.871055603
0.981375098 -0.002436082 0.192086384 2.846354485 0.001646166 0.999989450 0.004271784 -2.402321100 -0.192094773 -0.003876017 0.981368721 95.409996033
0.979325235 -0.002875332 0.202271760 2.973119736 0.002140186 0.999990284 0.003853059 -2.408119440 -0.202280879 -0.003340499 0.979321837 95.952049255
0.976483881 -0.002709805 0.215573147 3.114789963 0.001746737 0.999987602 0.004657868 -2.428473234 -0.215583071 -0.004171783 0.976476550 96.474266052
0.973541737 -0.003425172 0.228483811 3.269128799 0.002485160 0.999987245 0.004401718 -2.439471960 -0.228495941 -0.003717437 0.973537743 97.000900269
0.970896542 -0.003194959 0.239478022 3.420955658 0.002213744 0.999988019 0.004366177 -2.453891754 -0.239489093 -0.003708962 0.970892012 97.527679443
0.967640042 -0.003295272 0.252313018 3.559278488 0.002152645 0.999986112 0.004804512 -2.464388847 -0.252325326 -0.004105898 0.967633843 98.082603455
0.963842809 -0.002898029 0.266455799 3.722860336 0.001557660 0.999985039 0.005241571 -2.482730150 -0.266467005 -0.004637003 0.963832915 98.609397888
0.960358679 -0.003505137 0.278745532 3.903579712 0.002170367 0.999984622 0.005096950 -2.492295265 -0.278759181 -0.004289919 0.960351527 99.132331848
0.956923068 -0.004054332 0.290313214 4.078586578 0.002612485 0.999982238 0.005353918 -2.505426884 -0.290329814 -0.004364850 0.956916690 99.665061951
0.952747941 -0.004366226 0.303730398 4.260622025 0.002796546 0.999980330 0.005602791 -2.515901089 -0.303748816 -0.004488653 0.952741504 100.184761047
0.948334098 -0.004397874 0.317243010 4.471975327 0.002853609 0.999981701 0.005332250 -2.527458906 -0.317260653 -0.004151466 0.948329270 100.718353271
0.944362402 -0.004893823 0.328870177 4.668664932 0.003326002 0.999980271 0.005329685 -2.536254644 -0.328889728 -0.003939332 0.944360077 101.232818604
0.939799190 -0.005357465 0.341685355 4.880228043 0.003933973 0.999980450 0.004858905 -2.547099590 -0.341704696 -0.003222213 0.939801872 101.756752014
0.934803426 -0.006054205 0.355113804 5.110446930 0.004464793 0.999976039 0.005295079 -2.558419228 -0.355137348 -0.003364349 0.934808195 102.275177002
0.930142522 -0.006440854 0.367142200 5.326425552 0.004867695 0.999974608 0.005210623 -2.574450970 -0.367166460 -0.003059485 0.930150270 102.769592285
0.925523520 -0.006874906 0.378627777 5.546184540 0.005194710 0.999971628 0.005458882 -2.586287498 -0.378654599 -0.003085462 0.925532877 103.260948181
0.918960690 -0.006807158 0.394290447 5.790241241 0.005138359 0.999972820 0.005288038 -2.593330622 -0.394315749 -0.002833493 0.918970644 103.789337158
0.913238347 -0.007534656 0.407355875 6.029132843 0.005990144 0.999969244 0.005066809 -2.600346088 -0.407381445 -0.002187084 0.913255453 104.279464722
0.908183098 -0.007589085 0.418504089 6.277332306 0.006033340 0.999969184 0.005040505 -2.615067720 -0.418529451 -0.002052724 0.908200920 104.760894775
0.902035475 -0.008161148 0.431584656 6.550098419 0.006914157 0.999966204 0.004458120 -2.616021872 -0.431606352 -0.001037339 0.902061462 105.259651184
0.895426393 -0.009436038 0.445109487 6.805080414 0.007627139 0.999953866 0.005854873 -2.647175312 -0.445144236 -0.001847695 0.895456970 105.715286255
0.889417350 -0.009291314 0.457001507 7.082614899 0.007894615 0.999956489 0.004965631 -2.642119884 -0.457027733 -0.000808667 0.889452040 106.261131287
0.883664668 -0.008958099 0.468034625 7.349540710 0.007317079 0.999959052 0.005324153 -2.661518574 -0.468063205 -0.001280120 0.883694053 106.718536377
0.876325428 -0.010580640 0.481603414 7.623458862 0.008621871 0.999943078 0.006280011 -2.683311701 -0.481642455 -0.001351012 0.876366794 107.147949219
0.869328022 -0.010485332 0.494124413 7.917652130 0.008216077 0.999943376 0.006764029 -2.693806648 -0.494167387 -0.001820395 0.869364917 107.624176025
0.863402426 -0.011467006 0.504385471 8.205234528 0.009653008 0.999934137 0.006209181 -2.697883606 -0.504423559 -0.000492184 0.863456190 108.074562073
