1.000000000 0.000000000 0.000000000 0.000000000 0.000000000 1.000000000 0.000000000 0.000000000 0.000000000 0.000000000 1.000000000 0.000000000
1.000000000 0.000071365 -0.000030643 0.000300726 -0.000071365 1.000000000 0.000020728 0.000492920 0.000030644 -0.000020726 1.000000000 0.002209300
1.000000000 0.000026802 -0.000043791 0.000763105 -0.000026799 1.000000000 0.000065522 -0.001198416 0.000043793 -0.000065521 1.000000000 0.000929882
1.000000000 -0.000025662 -0.000035687 0.000601506 0.000025660 1.000000000 -0.000037551 0.000360081 0.000035688 0.000037550 1.000000000 -0.001724468
1.000000000 -0.000154593 -0.000116023 0.001437286 0.000154600 1.000000000 0.000066004 -0.000745288 0.000116013 -0.000066022 1.000000000 0.000150738
1.000000000 -0.000131978 -0.000114116 -0.000546288 0.000131982 1.000000000 0.000028754 0.000273970 0.000114112 -0.000028769 1.000000000 -0.000523615
1.000000000 -0.000126180 -0.000054078 0.000810329 0.000126183 1.000000000 0.000064360 -0.000904814 0.000054070 -0.000064367 1.000000000 0.001019400
1.000000000 -0.000150441 -0.000060046 0.000110363 0.000150446 1.000000000 0.000076282 -0.000878460 0.000060035 -0.000076291 1.000000000 -0.000603017
1.000000000 -0.000041493 -0.000090368 0.000654808 0.000041499 1.000000000 0.000065143 -0.000173030 0.000090365 -0.000065146 1.000000000 -0.001947909
1.000000000 -0.000016668 -0.000007126 -0.000296163 0.000016668 1.000000000 0.000050368 0.000421535 0.000007125 -0.000050368 1.000000000 0.002326697
1.000000000 -0.000061180 -0.000071678 0.001013551 0.000061180 1.000000000 0.000001083 0.000629510 0.000071678 -0.000001087 1.000000000 0.000141275
1.000000000 -0.000108203 -0.000123480 0.001093314 0.000108210 1.000000000 0.000056360 0.000081890 0.000123474 -0.000056373 1.000000000 -0.000419681
1.000000000 -0.000107678 -0.000040677 -0.000167401 0.000107677 1.000000000 -0.000030975 0.001825478 0.000040680 0.000030971 1.000000000 0.002579592
1.000000000 -0.000207682 -0.000126305 0.000894297 0.000207695 1.000000000 0.000106586 0.000234116 0.000126283 -0.000106612 1.000000000 -0.001296520
1.000000000 -0.000116453 -0.000140726 0.001045153 0.000116461 1.000000000 0.000058207 -0.000486487 0.000140719 -0.000058223 1.000000000 -0.002090462
1.000000000 -0.000139880 -0.000165387 0.003134441 0.000139903 1.000000000 0.000136651 -0.000912316 0.000165368 -0.000136675 1.000000000 -0.004918444
1.000000000 -0.000103132 -0.000062826 0.001365539 0.000103137 1.000000000 0.000082715 -0.000340833 0.000062818 -0.000082721 1.000000000 -0.003130668
1.000000000 -0.000018133 -0.000062190 0.001537544 0.000018134 1.000000000 0.000016389 -0.000021321 0.000062189 -0.000016390 1.000000000 -0.000515210
1.000000000 -0.000062033 -0.000131497 0.001936766 0.000062049 1.000000000 0.000122601 -0.000915786 0.000131489 -0.000122609 1.000000000 -0.003741135
0.999999940 -0.000230234 -0.000140794 0.001505201 0.000230244 1.000000000 0.000073965 -0.000177055 0.000140777 -0.000073998 1.000000000 -0.003174465
1.000000000 -0.000192385 -0.000114998 0.001033506 0.000192396 1.000000000 0.000093835 0.000539856 0.000114980 -0.000093858 1.000000000 0.001390258
1.000000000 -0.000199402 -0.000108259 0.000374587 0.000199414 1.000000000 0.000115542 -0.001708261 0.000108235 -0.000115564 1.000000000 -0.003711739
1.000000000 -0.000069590 -0.000162414 0.003535937 0.000069609 1.000000000 0.000119629 -0.000824323 0.000162406 -0.000119641 1.000000000 -0.002494604
1.000000000 -0.000103842 -0.000158611 0.003240506 0.000103856 1.000000000 0.000089868 -0.001371652 0.000158601 -0.000089885 1.000000000 -0.002161040
0.999999940 -0.000179498 -0.000181155 0.002799601 0.000179523 1.000000000 0.000135500 -0.001384945 0.000181130 -0.000135532 1.000000000 -0.005395913
0.999999940 -0.000176922 -0.000193183 0.002739116 0.000176940 1.000000000 0.000091808 0.000197948 0.000193167 -0.000091842 1.000000000 -0.001604266
1.000000000 -0.000166831 -0.000154877 0.003334321 0.000166839 1.000000000 0.000056543 0.000387667 0.000154867 -0.000056569 1.000000000 -0.003007249
0.999999940 -0.000234916 -0.000160206 0.003446527 0.000234932 0.999999940 0.000104127 -0.000721660 0.000160181 -0.000104165 1.000000000 -0.004012111
0.999999940 -0.000225901 -0.000110652 0.000262397 0.000225909 1.000000000 0.000075191 -0.000829183 0.000110635 -0.000075216 1.000000000 -0.002736671
1.000000000 -0.000068500 -0.000197860 0.002942675 0.000068530 1.000000000 0.000151120 -0.000856869 0.000197849 -0.000151133 0.999999940 -0.003177989
0.999999940 -0.000238521 -0.000202320 0.004279794 0.000238545 0.999999940 0.000118341 -0.000957845 0.000202292 -0.000118389 1.000000000 -0.003203257
0.999999940 -0.000184358 -0.000221053 0.003545794 0.000184386 1.000000000 0.000127255 -0.000576333 0.000221029 -0.000127295 0.999999940 -0.002619274
1.000000000 -0.000186138 -0.000157327 0.002530625 0.000186155 1.000000000 0.000107286 -0.000339722 0.000157307 -0.000107315 1.000000000 -0.004649567
1.000000000 -0.000086825 -0.000141701 0.002772185 0.000086835 1.000000000 0.000068231 -0.001059351 0.000141695 -0.000068243 1.000000000 -0.002939370
1.000000000 -0.000129171 -0.000147840 0.002676937 0.000129185 1.000000000 0.000093255 -0.000757002 0.000147828 -0.000093274 1.000000000 -0.001766757
0.999999940 -0.000205347 -0.000150331 0.002098625 0.000205370 0.999999940 0.000151411 -0.001661308 0.000150300 -0.000151442 1.000000000 -0.005050931
0.999999940 -0.000223637 -0.000232080 0.003341552 0.000223659 1.000000000 0.000091449 0.000234112 0.000232060 -0.000091501 0.999999940 -0.002549563
0.999999940 -0.000180555 -0.000183766 0.004601673 0.000180582 1.000000000 0.000145109 -0.000198255 0.000183740 -0.000145142 1.000000000 -0.005864322
1.000000000 -0.000151471 -0.000103565 0.001013657 0.000151481 1.000000000 0.000102888 -0.000365897 0.000103549 -0.000102903 1.000000000 -0.003324617
1.000000000 -0.000139994 -0.000174574 0.002244049 0.000140020 1.000000000 0.000148333 -0.000747238 0.000174554 -0.000148358 1.000000000 -0.004536375
0.999999940 -0.000175308 -0.000207440 0.004972100 0.000175324 1.000000000 0.000076859 -0.001859996 0.000207426 -0.000076896 1.000000000 -0.001627766
1.000000000 -0.000222842 -0.000006958 0.000810213 0.000222838 0.999999821 -0.000537936 -0.002525083 0.000007078 0.000537934 0.999999881 0.050366595
1.000000000 -0.000026500 -0.000158478 0.003455618 0.000026325 0.999999404 -0.001107325 -0.004381633 0.000158507 0.001107321 0.999999404 0.141638115
1.000000000 -0.000136306 -0.000074420 0.004086798 0.000136197 0.999998927 -0.001465210 -0.007829473 0.000074619 0.001465200 0.999998927 0.258796632
1.000000000 -0.000100657 -0.000023525 0.006124206 0.000100624 0.999999046 -0.001381903 -0.011434991 0.000023665 0.001381901 0.999999046 0.393080831
1.000000000 -0.000038323 -0.000149282 0.010374977 0.000038150 0.999999344 -0.001161045 -0.018437907 0.000149326 0.001161039 0.999999344 0.529203475
1.000000000 0.000087391 -0.000052268 0.011788756 -0.000087449 0.999999344 -0.001124609 -0.020620104 0.000052170 0.001124614 0.999999344 0.686397433
1.000000000 -0.000020507 0.000082296 0.015264889 0.000020581 0.999999583 -0.000896057 -0.025500705 -0.000082277 0.000896058 0.999999583 0.845888853
0.999999940 0.000338993 0.000194139 0.012381305 -0.000338841 0.999999642 -0.000778927 -0.025584115 -0.000194403 0.000778861 0.999999702 1.027443647
1.000000000 0.000043139 -0.000223531 0.026799507 -0.000043264 0.999999821 -0.000556578 -0.038537998 0.000223507 0.000556588 0.999999821 1.188419104
1.000000000 0.000006668 -0.000040374 0.028286925 -0.000006679 0.999999940 -0.000277027 -0.041642372 0.000040372 0.000277027 0.999999940 1.365761042
1.000000000 0.000119942 -0.000146152 0.029646283 -0.000119975 0.999999940 -0.000220868 -0.054986339 0.000146125 0.000220885 0.999999940 1.575687170
1.000000000 -0.000003559 0.000167758 0.030233609 0.000003587 0.999999940 -0.000167894 -0.059136342 -0.000167758 0.000167894 0.999999940 1.771530151
1.000000000 -0.000167951 -0.000102913 0.038194321 0.000167969 1.000000000 0.000169701 -0.065439060 0.000102884 -0.000169719 1.000000000 1.979769111
1.000000000 0.000073300 0.000096217 0.039038599 -0.000073326 0.999999940 0.000270837 -0.073534459 -0.000096197 -0.000270844 0.999999940 2.187322617
1.000000000 0.000058442 0.000078339 0.043589022 -0.000058499 0.999999642 0.000730430 -0.088059649 -0.000078297 -0.000730434 0.999999642 2.387242794
1.000000119 0.000000604 0.000117372 0.050133705 -0.000000681 0.999999702 0.000660846 -0.093521871 -0.000117372 -0.000660847 0.999999762 2.609988451
1.000000000 0.000071309 0.000225374 0.054061413 -0.000071453 0.999999762 0.000641824 -0.100556463 -0.000225328 -0.000641840 0.999999762 2.844354868
1.000000000 -0.000146800 0.000076547 0.062599212 0.000146742 0.999999642 0.000759217 -0.105143413 -0.000076659 -0.000759206 0.999999702 3.067774296
0.999999940 -0.000352460 0.000157833 0.062981881 0.000352330 0.999999583 0.000821844 -0.112247571 -0.000158123 -0.000821788 0.999999642 3.313482046
1.000000000 -0.000168500 0.000110105 0.071489751 0.000168428 0.999999702 0.000650806 -0.120108649 -0.000110215 -0.000650788 0.999999762 3.555700779
1.000000000 -0.000019953 0.000079355 0.077032410 0.000019872 0.999999404 0.001016534 -0.129983604 -0.000079376 -0.001016533 0.999999464 3.800498724
1.000000000 0.000095470 0.000301970 0.078332663 -0.000095734 0.999999642 0.000873988 -0.137063310 -0.000301887 -0.000874017 0.999999523 4.069365025
0.999999881 0.000289825 0.000364347 0.078301713 -0.000290338 0.999998987 0.001409092 -0.146605566 -0.000363938 -0.001409197 0.999998927 4.323687553
1.000000000 -0.000100693 0.000101703 0.086229973 0.000100538 0.999998868 0.001521440 -0.156938881 -0.000101856 -0.001521429 0.999998868 4.577483177
0.999999940 -0.000110614 0.000361780 0.090489805 0.000109987 0.999998510 0.001733009 -0.163134739 -0.000361972 -0.001732969 0.999998391 4.836591721
1.000000000 0.000052669 0.000254960 0.095661275 -0.000053162 0.999998152 0.001937559 -0.172355011 -0.000254857 -0.001937573 0.999998093 5.097974777
1.000000000 -0.000297962 0.000166375 0.104087383 0.000297673 0.999998450 0.001737800 -0.177908599 -0.000166893 -0.001737750 0.999998450 5.362143517
0.999999702 -0.000597814 0.000351474 0.102099568 0.000597054 0.999997437 0.002156217 -0.195612267 -0.000352762 -0.002156006 0.999997616 5.613724232
0.999999762 -0.000669948 0.000044838 0.108728662 0.000669843 0.999997139 0.002293342 -0.203774035 -0.000046374 -0.002293311 0.999997437 5.887063026
0.999999523 -0.000918892 0.000278024 0.112199746 0.000918255 0.999996960 0.002283194 -0.213539124 -0.000280121 -0.002282938 0.999997377 6.160275936
0.999999642 -0.000559957 0.000520690 0.115549825 0.000558737 0.999997079 0.002340120 -0.216619700 -0.000521999 -0.002339828 0.999997139 6.455449104
0.999999762 -0.000288818 0.000548161 0.124241881 0.000287535 0.999997199 0.002338631 -0.228305012 -0.000548835 -0.002338473 0.999997139 6.714154720
0.999999821 -0.000268696 0.000564714 0.129824087 0.000267222 0.999996543 0.002608644 -0.258110404 -0.000565413 -0.002608492 0.999996424 7.006023884
0.999999642 0.000176687 0.000845163 0.132634342 -0.000178725 0.999997139 0.002411983 -0.260992408 -0.000844734 -0.002412133 0.999996722 7.305818081
0.999999583 0.000241927 0.000849787 0.139599860 -0.000244138 0.999996543 0.002603042 -0.271059901 -0.000849155 -0.002603249 0.999996305 7.626176834
0.999999702 -0.000211377 0.000687350 0.145945638 0.000209464 0.999996006 0.002782237 -0.283378571 -0.000687935 -0.002782091 0.999995887 7.910593033
0.999999642 -0.000128974 0.000831127 0.155481949 0.000126280 0.999994695 0.003240138 -0.303198397 -0.000831541 -0.003240031 0.999994338 8.234284401
0.999999821 0.000117525 0.000687799 0.167273819 -0.000119853 0.999994278 0.003385172 -0.313552171 -0.000687397 -0.003385253 0.999993980 8.557756424
0.999999642 0.000025273 0.000819916 0.171800047 -0.000028014 0.999994397 0.003342982 -0.319605976 -0.000819827 -0.003343004 0.999994040 8.891449928
0.999999702 0.000249816 0.000755012 0.181283727 -0.000252435 0.999993980 0.003469954 -0.334168643 -0.000754140 -0.003470143 0.999993742 9.231636047
0.999998808 0.000607278 0.001501484 0.171697304 -0.000612436 0.999993920 0.003436957 -0.343029261 -0.001499388 -0.003437872 0.999992907 9.582043648
0.999998331 0.000954950 0.001529624 0.182381541 -0.000960104 0.999993920 0.003372383 -0.350078076 -0.001526394 -0.003373846 0.999993086 9.921443939
0.999998569 0.000633654 0.001571851 0.188355029 -0.000639020 0.999993980 0.003415572 -0.362916917 -0.001569677 -0.003416572 0.999992847 10.282732964
0.999998868 0.000482707 0.001399262 0.198738590 -0.000487882 0.999993026 0.003700701 -0.371953636 -0.001397466 -0.003701379 0.999992132 10.660084724
0.999999344 0.000147996 0.001125258 0.210675523 -0.000152347 0.999992490 0.003867317 -0.388686210 -0.001124677 -0.003867487 0.999991834 10.999837875
0.999999464 0.000112387 0.001151038 0.219531417 -0.000117007 0.999991894 0.004014461 -0.399905324 -0.001150577 -0.004014593 0.999991298 11.378322601
0.999998927 0.000567900 0.001390442 0.225208938 -0.000573249 0.999992430 0.003849576 -0.406272352 -0.001388245 -0.003850369 0.999991596 11.766765594
0.999999166 0.000417913 0.001191161 0.237993449 -0.000423037 0.999990642 0.004304901 -0.422855735 -0.001189350 -0.004305402 0.999990046 12.135028839
0.999998748 0.000696832 0.001411738 0.246902853 -0.000702938 0.999990404 0.004328659 -0.435554206 -0.001408708 -0.004329647 0.999989629 12.526985168
0.999998987 0.000471595 0.001319045 0.254608542 -0.000477111 0.999991179 0.004184655 -0.444212019 -0.001317060 -0.004185280 0.999990404 12.928767204
0.999999344 0.000344948 0.001074377 0.271178812 -0.000349753 0.999989867 0.004474844 -0.463108510 -0.001072823 -0.004475217 0.999989390 13.308841705
0.999998212 0.000921262 0.001632376 0.272303969 -0.000928665 0.999989331 0.004539694 -0.467772931 -0.001628176 -0.004541203 0.999988317 13.735261917
0.999998927 0.000412995 0.001424651 0.291590273 -0.000420063 0.999987543 0.004964666 -0.487400055 -0.001422583 -0.004965258 0.999986649 14.128115654
0.999998033 0.000394824 0.001924744 0.290608793 -0.000404897 0.999986231 0.005235998 -0.516064763 -0.001922650 -0.005236768 0.999984443 14.521449089
0.999998271 -0.000340650 0.001874539 0.302818656 0.000330355 0.999984860 0.005489514 -0.527958632 -0.001876381 -0.005488885 0.999983191 14.942402840
0.999997973 -0.000327377 0.001974470 0.314847738 0.000316138 0.999983847 0.005689695 -0.543213010 -0.001976300 -0.005689059 0.999981880 15.376885414
0.999996305 0.000439665 0.002664247 0.320302606 -0.000455355 0.999982536 0.005891519 -0.554636300 -0.002661610 -0.005892710 0.999979079 15.800643921
0.999995649 0.000744183 0.002841109 0.332136303 -0.000761419 0.999981344 0.006070212 -0.566634297 -0.002836539 -0.006072350 0.999977469 16.243995667
0.999995947 0.000133355 0.002835952 0.350300640 -0.000151128 0.999980390 0.006267749 -0.581401825 -0.002835060 -0.006268153 0.999976277 16.677255630
0.999995172 0.000332317 0.003089469 0.357638210 -0.000351305 0.999981046 0.006147651 -0.595933080 -0.003087367 -0.006148707 0.999976277 17.127004623
0.999994516 -0.000293240 0.003296515 0.369845957 0.000272797 0.999980807 0.006199965 -0.605467200 -0.003298271 -0.006199032 0.999975324 17.593183517
0.999993980 -0.000224701 0.003461102 0.386452466 0.000202868 0.999980092 0.006307273 -0.617252469 -0.003462451 -0.006306532 0.999974072 18.054679871
0.999993026 -0.000246283 0.003725428 0.396863401 0.000223006 0.999980450 0.006247196 -0.628602684 -0.003726894 -0.006246322 0.999973536 18.527330399
0.999991834 -0.000113018 0.004027833 0.397081852 0.000086479 0.999978304 0.006588432 -0.647304296 -0.004028489 -0.006588031 0.999970198 18.957553864
0.999992192 -0.000149074 0.003957617 0.414228320 0.000121409 0.999975562 0.006989621 -0.661517262 -0.003958563 -0.006989086 0.999967754 19.437694550
0.999992549 0.000187855 0.003860820 0.422139764 -0.000213881 0.999977231 0.006741777 -0.665194035 -0.003859465 -0.006742552 0.999969840 19.925518036
0.999991596 0.000262776 0.004083012 0.428789735 -0.000290591 0.999976754 0.006813227 -0.674972594 -0.004081125 -0.006814356 0.999968410 20.432973862
0.999995232 -0.000138576 0.003093087 0.463246703 0.000115610 0.999972463 0.007423743 -0.711790919 -0.003094030 -0.007423350 0.999967635 20.870605469
0.999996305 0.000056128 0.002685207 0.469267160 -0.000075860 0.999972999 0.007348847 -0.717695177 -0.002684722 -0.007349024 0.999969363 21.384637833
0.999997735 -0.000165730 0.002147212 0.472983122 0.000149823 0.999972582 0.007406430 -0.732440054 -0.002148380 -0.007406091 0.999970198 21.884696960
0.999998569 -0.000816735 0.001465024 0.505580425 0.000805552 0.999970675 0.007618139 -0.753833354 -0.001471203 -0.007616948 0.999969900 22.390348434
0.999998629 -0.001419979 0.000821319 0.520791233 0.001413908 0.999972045 0.007345373 -0.763672411 -0.000831726 -0.007344202 0.999972701 22.904531479
0.999998450 -0.001772004 0.000092066 0.530447841 0.001771275 0.999971151 0.007389490 -0.776811838 -0.000105158 -0.007389316 0.999972701 23.435041428
0.999995053 -0.003095213 -0.000498810 0.535744190 0.003098972 0.999965370 0.007719805 -0.801993728 0.000474899 -0.007721314 0.999970078 23.912826538
0.999997973 -0.001892733 -0.000710749 0.542616725 0.001898373 0.999966025 0.008019735 -0.814230263 0.000695545 -0.008021068 0.999967575 24.442384720
0.999995649 -0.002245199 -0.001891242 0.559265435 0.002260583 0.999964058 0.008172090 -0.826660812 0.001872826 -0.008176330 0.999964833 24.971508026
0.999996722 -0.001288435 -0.002222133 0.554682910 0.001306934 0.999964356 0.008343533 -0.838083565 0.002211304 -0.008346410 0.999962687 25.483621597
0.999996901 -0.001066189 -0.002286832 0.559696317 0.001085230 0.999964654 0.008341401 -0.847850144 0.002277858 -0.008343857 0.999962568 26.045312881
0.999992788 -0.002316708 -0.003019346 0.575420260 0.002343060 0.999958932 0.008753740 -0.861493647 0.002998943 -0.008760751 0.999957144 26.535003662
0.999992967 -0.001679015 -0.003384474 0.588132560 0.001708751 0.999959767 0.008802201 -0.879089236 0.003369559 -0.008807922 0.999955535 27.077283859
0.999989867 -0.001801247 -0.004120114 0.597804964 0.001838384 0.999957561 0.009027545 -0.892367244 0.004103678 -0.009035029 0.999950707 27.564882278
0.999989629 -0.001475997 -0.004314195 0.605714977 0.001514927 0.999958038 0.009034301 -0.904102802 0.004300679 -0.009040742 0.999949872 28.100461960
0.999986112 -0.001744748 -0.004978511 0.613595128 0.001790775 0.999955595 0.009255652 -0.925946116 0.004962141 -0.009264438 0.999944746 28.658864975
0.999984384 -0.002187694 -0.005146704 0.621581078 0.002236014 0.999953270 0.009401385 -0.934510529 0.005125896 -0.009412745 0.999942541 29.217102051
0.999983311 -0.002187227 -0.005356301 0.626831174 0.002239270 0.999950111 0.009729435 -0.949813843 0.005334753 -0.009741266 0.999938309 29.739511490
0.999979019 -0.002367404 -0.006033116 0.632563412 0.002423250 0.999954104 0.009266309 -0.955326259 0.006010903 -0.009280735 0.999938846 30.259082794
0.999977887 -0.002364692 -0.006225228 0.635913134 0.002423017 0.999953091 0.009378326 -0.964167416 0.006202759 -0.009393201 0.999936640 30.802984238
0.999972343 -0.003166666 -0.006735100 0.653552592 0.003229645 0.999951005 0.009360704 -0.976271272 0.006705128 -0.009382198 0.999933422 31.345443726
0.999971032 -0.002773379 -0.007102637 0.670949221 0.002842643 0.999948323 0.009760455 -1.002946854 0.007075199 -0.009780362 0.999927104 31.905921936
0.999975801 -0.001636793 -0.006757473 0.648694515 0.001701551 0.999952555 0.009588603 -1.013543725 0.006741458 -0.009599872 0.999931216 32.308799744
0.999974430 -0.001634449 -0.006951191 0.654283404 0.001703307 0.999949396 0.009911618 -1.027624488 0.006934640 -0.009923207 0.999926686 32.855865479
0.999973893 -0.001357739 -0.007105156 0.652649879 0.001426848 0.999951601 0.009730689 -1.031651616 0.007091601 -0.009740573 0.999927402 33.411487579
0.999970853 -0.001529502 -0.007492673 0.666471422 0.001605028 0.999947846 0.010084406 -1.045248866 0.007476859 -0.010096137 0.999921083 33.936908722
0.999972284 -0.002093215 -0.007146083 0.671443462 0.002170280 0.999939382 0.010793632 -1.099872351 0.007123056 -0.010808841 0.999916196 34.370437622
0.999971807 -0.001936193 -0.007244265 0.678503036 0.002015999 0.999937177 0.011025400 -1.110337496 0.007222462 -0.011039696 0.999912977 34.913833618
0.999967337 -0.002523926 -0.007676491 0.695095181 0.002607736 0.999936938 0.010927348 -1.118819594 0.007648426 -0.010947010 0.999910831 35.456592560
0.999971807 -0.001706631 -0.007302110 0.685723305 0.001787711 0.999936581 0.011111624 -1.140142202 0.007282683 -0.011124364 0.999911606 35.989856720
0.999971211 -0.002080544 -0.007298752 0.653211236 0.002165282 0.999930084 0.011621296 -1.161958694 0.007274064 -0.011636767 0.999905825 36.492851257
0.999967396 -0.002488350 -0.007679733 0.661481321 0.002577711 0.999928832 0.011648119 -1.171529293 0.007650200 -0.011667537 0.999902666 37.034893036
0.999968827 -0.002569214 -0.007464373 0.652624965 0.002658698 0.999924362 0.012003104 -1.186382532 0.007432971 -0.012022575 0.999900103 37.552478790
0.999968171 -0.002332664 -0.007633854 0.668029845 0.002424851 0.999924064 0.012089058 -1.200757980 0.007605074 -0.012107186 0.999897778 38.130737305
0.999968290 -0.001924948 -0.007727707 0.663953900 0.002014048 0.999931395 0.011538833 -1.208997846 0.007704965 -0.011554031 0.999903500 38.702190399
0.999965608 -0.001978729 -0.008053268 0.673107505 0.002073766 0.999928057 0.011809943 -1.220792532 0.008029321 -0.011826238 0.999897778 39.248001099
0.999963701 -0.002226960 -0.008225408 0.685220599 0.002326034 0.999924719 0.012055109 -1.239965200 0.008197943 -0.012073805 0.999893486 39.797718048
0.999960899 -0.002991014 -0.008313445 0.692003310 0.003091974 0.999921322 0.012158143 -1.251735449 0.008276426 -0.012183373 0.999891520 40.364761353
0.999967933 -0.001404285 -0.007883627 0.686022162 0.001495432 0.999931931 0.011567578 -1.248311520 0.007866846 -0.011578996 0.999902010 40.861438751
0.999966085 -0.001707992 -0.008053554 0.677797139 0.001805959 0.999924242 0.012172821 -1.291042805 0.008032154 -0.012186953 0.999893427 41.421112061
0.999966085 -0.001740031 -0.008045601 0.685481608 0.001837696 0.999924541 0.012147527 -1.293494463 0.008023857 -0.012161902 0.999893785 41.971824646
0.999964178 -0.001670985 -0.008288576 0.697289705 0.001772754 0.999922991 0.012286148 -1.305352569 0.008267408 -0.012300404 0.999890089 42.514499664
0.999962091 -0.001843448 -0.008511072 0.706055701 0.001945794 0.999925733 0.012032376 -1.316387177 0.008488258 -0.012048478 0.999891341 43.066814423
0.999959707 -0.002389154 -0.008653861 0.710488498 0.002499743 0.999915063 0.012790955 -1.346391559 0.008622568 -0.012812073 0.999880731 43.577732086
0.999959767 -0.002342297 -0.008656418 0.716139138 0.002451041 0.999917984 0.012573029 -1.349862337 0.008626259 -0.012593742 0.999883473 44.131244659
0.999959528 -0.002354796 -0.008682714 0.723180294 0.002469519 0.999909461 0.013225874 -1.370697737 0.008650784 -0.013246781 0.999874771 44.637359619
0.999953806 -0.003195824 -0.009064355 0.735170484 0.003310088 0.999914944 0.012618930 -1.365448236 0.009023257 -0.012648351 0.999879241 45.224956512
0.999957144 -0.002744812 -0.008833412 0.735420108 0.002864284 0.999904156 0.013540964 -1.393111587 0.008795400 -0.013565684 0.999869287 45.711044312
0.999955893 -0.002766136 -0.008981470 0.740490794 0.002888554 0.999902666 0.013645876 -1.408669472 0.008942850 -0.013671215 0.999866545 46.233367920
0.999959230 -0.002008154 -0.008807871 0.737784028 0.002124707 0.999910057 0.013243551 -1.409018278 0.008780481 -0.013261725 0.999873459 46.786342621
0.999951184 -0.003140383 -0.009369885 0.762910962 0.003268206 0.999901414 0.013657949 -1.431775570 0.009326070 -0.013687905 0.999862850 47.298278809
0.999948084 -0.003394267 -0.009611120 0.774693489 0.003526669 0.999898732 0.013792655 -1.440239191 0.009563330 -0.013825832 0.999858677 47.845119476
0.999947906 -0.003334624 -0.009652274 0.778329134 0.003469296 0.999896407 0.013969320 -1.450384855 0.009604691 -0.014002080 0.999855816 48.383968353
0.999951065 -0.003191941 -0.009366835 0.775972784 0.003321500 0.999898612 0.013848856 -1.459944248 0.009321680 -0.013879290 0.999860227 48.920993805
0.999956906 -0.002294739 -0.009003102 0.773400605 0.002420201 0.999899745 0.013949270 -1.469602704 0.008970192 -0.013970457 0.999862194 49.465076447
0.999953866 -0.002803129 -0.009187440 0.778993666 0.002930752 0.999899030 0.013907084 -1.481147885 0.009147531 -0.013933368 0.999861062 50.004711151
0.999949276 -0.003160357 -0.009564957 0.792649508 0.003294068 0.999896646 0.013995921 -1.484493732 0.009519736 -0.014026719 0.999856293 50.510284424
0.999948800 -0.002992391 -0.009671779 0.790891647 0.003125949 0.999899566 0.013823532 -1.494565248 0.009629443 -0.013853058 0.999857664 51.046234131
0.999948621 -0.003075188 -0.009657479 0.801784635 0.003208918 0.999898732 0.013862528 -1.499942303 0.009613873 -0.013892807 0.999857187 51.585311890
0.999949932 -0.002934721 -0.009563533 0.804744363 0.003068015 0.999897897 0.013953030 -1.507647276 0.009521609 -0.013981674 0.999856889 52.117675781
0.999948144 -0.003101649 -0.009698858 0.814124227 0.003235111 0.999899864 0.013775320 -1.515679121 0.009655160 -0.013805982 0.999858081 52.646621704
0.999946892 -0.003182078 -0.009804027 0.822828114 0.003317990 0.999898195 0.013878027 -1.528403878 0.009758869 -0.013909819 0.999855638 53.187820435
0.999945462 -0.003384364 -0.009878772 0.825785756 0.003523685 0.999894023 0.014119882 -1.533012867 0.009829939 -0.014153921 0.999851525 53.703983307
0.999949813 -0.002987897 -0.009561536 0.831947446 0.003119170 0.999900818 0.013744070 -1.541013718 0.009519517 -0.013773206 0.999859750 54.234870911
0.999951184 -0.002761910 -0.009483364 0.833300769 0.002893466 0.999899447 0.013886652 -1.547765732 0.009444055 -0.013913414 0.999858618 54.783836365
0.999947190 -0.003365232 -0.009708152 0.837661266 0.003504404 0.999890745 0.014354356 -1.559331179 0.009658786 -0.014387621 0.999849856 55.286655426
0.999943912 -0.003704714 -0.009917775 0.859708488 0.003843826 0.999893963 0.014044446 -1.558423281 0.009864694 -0.014081783 0.999852180 55.843231201
0.999952376 -0.003038607 -0.009279871 0.849078834 0.003168924 0.999896049 0.014060760 -1.572954416 0.009236182 -0.014089497 0.999858081 56.381809235
0.999948144 -0.003230364 -0.009657786 0.856188774 0.003369043 0.999890864 0.014377701 -1.597243905 0.009610287 -0.014409493 0.999850035 56.890010834
0.999951124 -0.003156963 -0.009365056 0.853203952 0.003291420 0.999891222 0.014376832 -1.603583574 0.009318651 -0.014406954 0.999852717 57.378334045
0.999945223 -0.003644688 -0.009810301 0.888088644 0.003780953 0.999896109 0.013907434 -1.564502835 0.009758593 -0.013943763 0.999855161 57.944454193
0.999947429 -0.003425844 -0.009667472 0.869231999 0.003565537 0.999888957 0.014469787 -1.616333485 0.009616828 -0.014503497 0.999848545 58.443721771
0.999947131 -0.003470961 -0.009678523 0.875491619 0.003613361 0.999884903 0.014734509 -1.625233054 0.009626267 -0.014768703 0.999844551 58.983829498
0.999947369 -0.003611190 -0.009604510 0.885162294 0.003751771 0.999885499 0.014659454 -1.634435177 0.009550471 -0.014694717 0.999846399 59.516819000
0.999942660 -0.003798970 -0.010012263 0.906975150 0.003947993 0.999881029 0.014906433 -1.653851151 0.009954446 -0.014945108 0.999838710 60.008232117
0.999945045 -0.003549233 -0.009867663 0.928327680 0.003701352 0.999873936 0.015440581 -1.672161102 0.009811617 -0.015476257 0.999832034 60.568885803
0.999949872 -0.003377415 -0.009432619 0.875176370 0.003522022 0.999875844 0.015356241 -1.700170636 0.009379584 -0.015388693 0.999837577 61.055923462
0.999947309 -0.004208548 -0.009368096 0.814793050 0.004356690 0.999864817 0.015849639 -1.745027304 0.009300126 -0.015889617 0.999830484 61.571952820
0.999935985 -0.004619266 -0.010337732 0.918688834 0.004779112 0.999868512 0.015491451 -1.704114199 0.010264816 -0.015539862 0.999826491 62.128021240
0.999945760 -0.003161129 -0.009922394 0.944156587 0.003310074 0.999881566 0.015030630 -1.700074911 0.009873706 -0.015062660 0.999837756 62.695800781
0.999945402 -0.003362686 -0.009895250 0.944018543 0.003512170 0.999879360 0.015128171 -1.705816031 0.009843186 -0.015162101 0.999836564 63.231616974
0.999942183 -0.003253072 -0.010243737 0.947811902 0.003405052 0.999883831 0.014854015 -1.715193987 0.010194227 -0.014888038 0.999837160 63.784881592
0.999948442 -0.002753251 -0.009777153 0.937089443 0.002896474 0.999888241 0.014664931 -1.718532562 0.009735685 -0.014692495 0.999844611 64.327140808
0.999944031 -0.003239451 -0.010071006 0.964560986 0.003391900 0.999879360 0.015157372 -1.743253946 0.010020689 -0.015190681 0.999834418 64.798728943
0.999948621 -0.002797026 -0.009735364 0.932782590 0.002943845 0.999881685 0.015099542 -1.731402159 0.009691977 -0.015127427 0.999838650 65.443435669
0.999948025 -0.003034421 -0.009740463 0.972208083 0.003179247 0.999884188 0.014887651 -1.757617235 0.009694158 -0.014917842 0.999841750 65.886558533
0.999946892 -0.003065897 -0.009838786 0.976949513 0.003215216 0.999879360 0.015196747 -1.775901914 0.009791008 -0.015227574 0.999836087 66.393783569
0.999942362 -0.003181521 -0.010255849 1.013288379 0.003333664 0.999884129 0.014851984 -1.779442310 0.010207409 -0.014885315 0.999837101 66.900581360
0.999942660 -0.003466238 -0.010138077 1.034769773 0.003622164 0.999874830 0.015402574 -1.778775215 0.010083420 -0.015438408 0.999829948 67.382415771
0.999953330 -0.002045103 -0.009442226 0.956234336 0.002193176 0.999874353 0.015698425 -1.824907660 0.009408936 -0.015718404 0.999832153 67.972373962
0.999955356 -0.001400271 -0.009346597 0.963134527 0.001544956 0.999878824 0.015490699 -1.836162806 0.009323774 -0.015504451 0.999836326 68.500938416
0.999950528 -0.001842476 -0.009773221 0.973981857 0.001989859 0.999884188 0.015092065 -1.832059741 0.009744279 -0.015110769 0.999838352 69.049179077
0.999951959 -0.002323160 -0.009527940 0.988393009 0.002469722 0.999878347 0.015399439 -1.846308827 0.009491007 -0.015422233 0.999836028 69.616058350
0.999946296 -0.002632493 -0.010020953 0.999184906 0.002789637 0.999872804 0.015700031 -1.848411918 0.009978347 -0.015727147 0.999826550 70.144279480
0.999946952 -0.002747985 -0.009920980 0.999982774 0.002906392 0.999867976 0.015987966 -1.840312004 0.009875733 -0.016015958 0.999822974 70.717262268
0.999954760 -0.002106912 -0.009266580 0.995309412 0.002252136 0.999874294 0.015689403 -1.872383833 0.009232359 -0.015709566 0.999834001 71.238365173
0.999949157 -0.002735116 -0.009705191 1.003166556 0.002886619 0.999873579 0.015631005 -1.875964284 0.009661212 -0.015658230 0.999830782 71.792526245
0.999949038 -0.002296376 -0.009821204 1.007300377 0.002452485 0.999870360 0.015912697 -1.883694530 0.009783389 -0.015935976 0.999825180 72.345191956
0.999952316 -0.002292926 -0.009493240 1.027052402 0.002442787 0.999872029 0.015804665 -1.905379295 0.009455788 -0.015827097 0.999829948 72.899787903
0.999951065 -0.002291295 -0.009628989 1.018578053 0.002441517 0.999874949 0.015618426 -1.887942314 0.009591999 -0.015641171 0.999831617 73.445709229
0.999955297 -0.001932750 -0.009257443 1.016902924 0.002072667 0.999883354 0.015128318 -1.915045977 0.009227124 -0.015146829 0.999842644 73.975624084
0.999957025 -0.002097164 -0.009023855 1.024021506 0.002241594 0.999869049 0.016025171 -1.928894281 0.008989068 -0.016044708 0.999830782 74.462959290
0.999951899 -0.002021630 -0.009601750 1.032759666 0.002171753 0.999875128 0.015650351 -1.934194922 0.009568915 -0.015670445 0.999831378 75.000198364
0.999957383 -0.002171844 -0.008979190 1.038386703 0.002311693 0.999875665 0.015593828 -1.936963558 0.008944207 -0.015613916 0.999838054 75.541488647
0.999951959 -0.002827399 -0.009378022 1.048342466 0.002973219 0.999874353 0.015571761 -1.952691197 0.009332814 -0.015598896 0.999834657 76.062370300
0.999954879 -0.002134734 -0.009254060 1.039715767 0.002282533 0.999869525 0.015990205 -1.957383275 0.009218715 -0.016010607 0.999829352 76.607696533
0.999941707 -0.003657535 -0.010157082 1.080239534 0.003809863 0.999879897 0.015018592 -1.950264335 0.010100933 -0.015056415 0.999835491 77.157722473
0.999952495 -0.002743151 -0.009366497 1.061420798 0.002891835 0.999869466 0.015897550 -1.965708017 0.009321665 -0.015923876 0.999829710 77.663070679
0.999953866 -0.002584210 -0.009249930 1.066248894 0.002730985 0.999870002 0.015890408 -1.979002833 0.009207664 -0.015914937 0.999830961 78.194442749
0.999954104 -0.002342594 -0.009291317 1.084016085 0.002487433 0.999875009 0.015607897 -1.986995101 0.009253593 -0.015630292 0.999835014 78.734886169
0.999954283 -0.002842948 -0.009129258 1.092618227 0.002983729 0.999876201 0.015444441 -1.986692071 0.009084220 -0.015470974 0.999839008 79.289642334
0.999960482 -0.003242623 -0.008273614 1.104309559 0.003370190 0.999874890 0.015451385 -1.995199561 0.008222475 -0.015478658 0.999846399 79.819107056
0.999968708 -0.003397519 -0.007141379 1.117589712 0.003508929 0.999871314 0.015646467 -2.002848625 0.007087302 -0.015671037 0.999852121 80.373435974
0.999979019 -0.003404977 -0.005531952 1.123987675 0.003490197 0.999874234 0.015469089 -2.013882637 0.005478584 -0.015488072 0.999865055 80.911697388
0.999992907 -0.002975016 -0.002318610 1.142562747 0.003011358 0.999870062 0.015831567 -2.021055698 0.002271209 -0.015838439 0.999871969 81.449844360
0.999992132 -0.003679224 0.001483679 1.164832473 0.003655781 0.999873102 0.015505134 -2.023582935 -0.001540537 -0.015499590 0.999878705 81.977416992
0.999982774 -0.003999172 0.004301138 1.188774824 0.003933506 0.999877155 0.015168595 -2.031317711 -0.004361273 -0.015151416 0.999875724 82.512344360
0.999949574 -0.002641024 0.009691464 1.184497356 0.002488386 0.999873102 0.015728151 -2.049408913 -0.009731772 -0.015703242 0.999829292 83.099777222
0.999869406 -0.002792876 0.015915571 1.222017765 0.002541897 0.999872386 0.015767872 -2.038436651 -0.015957579 -0.015725357 0.999749005 83.635383606
0.999770224 -0.003227748 0.021187307 1.262131333 0.002892961 0.999870718 0.015812986 -2.061807632 -0.021235609 -0.015748059 0.999650419 84.157623291
0.999633312 -0.003259737 0.026880356 1.292671084 0.002841939 0.999874771 0.015566480 -2.064718246 -0.026927732 -0.015484380 0.999517441 84.710418701
0.999397993 -0.003329297 0.034533396 1.344760895 0.002785854 0.999871671 0.015772931 -2.076266289 -0.034581479 -0.015667230 0.999279082 85.258918762
0.999094307 -0.003622507 0.042395033 1.379367352 0.002961435 0.999873161 0.015645569 -2.075579643 -0.042446338 -0.015505847 0.998978436 85.823326111
0.998787105 -0.004353324 0.049044285 1.440229893 0.003592036 0.999871850 0.015599928 -2.088884830 -0.049105916 -0.015404837 0.998674691 86.333374023
0.998311698 -0.003867612 0.057955220 1.489864349 0.002956953 0.999870956 0.015790671 -2.100537062 -0.058008812 -0.015592640 0.998194277 86.895866394
0.997688532 -0.004535872 0.067800395 1.542171001 0.003470276 0.999868691 0.015826199 -2.109344482 -0.067863278 -0.015554331 0.997573376 87.448486328
0.997073233 -0.004705755 0.076307751 1.616182327 0.003505568 0.999868095 0.015854577 -2.118453026 -0.076372311 -0.015540676 0.996958196 87.974678040
0.996434748 -0.005229505 0.084204346 1.672571182 0.003915580 0.999868095 0.015761584 -2.123799324 -0.084275648 -0.015375684 0.996323764 88.512062073
0.995487452 -0.004888341 0.094768740 1.744470119 0.003372806 0.999863982 0.016145514 -2.139249325 -0.094834782 -0.015753018 0.995368361 89.057182312
0.994418561 -0.005477708 0.105364874 1.830942631 0.003794705 0.999862134 0.016166942 -2.147203684 -0.105438903 -0.015676878 0.994302213 89.597846985
0.993430853 -0.005918677 0.114281036 1.919039726 0.004114849 0.999863327 0.016013585 -2.153276920 -0.114360176 -0.015438140 0.993319392 90.152786255
0.992097080 -0.005866937 0.125335574 2.013237953 0.003892536 0.999864578 0.015992016 -2.159172058 -0.125412405 -0.015377757 0.991985500 90.693389893
0.990492165 -0.005949487 0.137441486 2.120868683 0.003718701 0.999857247 0.016481880 -2.171269178 -0.137519926 -0.015814070 0.990372717 91.260948181
0.988975585 -0.006848874 0.147920787 2.214664459 0.004428294 0.999850929 0.016687162 -2.181581736 -0.148013026 -0.015848158 0.988858402 91.754417419
0.987330675 -0.006438390 0.158545434 2.338305473 0.003900261 0.999859273 0.016314795 -2.178779125 -0.158628166 -0.015489729 0.987216890 92.361900330
0.985218465 -0.007357271 0.171144575 2.463890076 0.004658276 0.999858439 0.016166506 -2.184572458 -0.171239316 -0.015130303 0.985113204 92.898521423
0.982951820 -0.007388477 0.183714688 2.583310127 0.004422615 0.999853432 0.016548347 -2.189662933 -0.183810011 -0.015453732 0.982840300 93.440872192
0.981059492 -0.008379584 0.193525225 2.715294838 0.005270216 0.999848604 0.016576244 -2.197126389 -0.193634853 -0.015242359 0.980955362 93.967750549
0.978441656 -0.008534833 0.206346869 2.856437683 0.005235510 0.999849617 0.016529981 -2.202988148 -0.206456929 -0.015093291 0.978339255 94.492942810
0.975503922 -0.008754167 0.219807729 3.005548477 0.005191011 0.999845684 0.016782675 -2.212857008 -0.219920754 -0.015230539 0.975398839 95.044166565
0.972915709 -0.009135009 0.230979577 3.157579422 0.005326464 0.999839485 0.017106887 -2.223288059 -0.231098786 -0.015413257 0.972808123 95.585624695
0.970004559 -0.009754010 0.242890760 3.323883057 0.005768629 0.999836922 0.017113945 -2.235511780 -0.243018076 -0.015199460 0.969902635 96.097137451
0.966531992 -0.009990944 0.256351501 3.491142273 0.005801252 0.999837041 0.017094577 -2.242699146 -0.256480545 -0.015035296 0.966432452 96.615318298
0.963069201 -0.010280760 0.269057751 3.669876099 0.005821055 0.999832153 0.017367857 -2.249778271 -0.269191146 -0.015160247 0.962967455 97.161430359
0.959702253 -0.009453331 0.280859888 3.838087082 0.004645354 0.999831080 0.017779607 -2.258407831 -0.280980527 -0.015758434 0.959584057 97.671440125
0.955526710 -0.010070950 0.294732332 4.035057068 0.005053780 0.999829113 0.017779544 -2.261610031 -0.294861019 -0.015499319 0.955414355 98.244903564
0.951260328 -0.010607297 0.308206588 4.234687805 0.005350129 0.999825537 0.017897345 -2.267007351 -0.308342636 -0.015376086 0.951151073 98.760932922
0.947559655 -0.011378405 0.319376379 4.438571930 0.005891465 0.999818087 0.018141044 -2.274795294 -0.319524646 -0.015308127 0.947454274 99.275787354
0.943125665 -0.011426158 0.332240015 4.647176743 0.005696146 0.999817848 0.018215429 -2.280607462 -0.332387626 -0.015286952 0.943018973 99.797019958
0.938100338 -0.011914480 0.346158653 4.866371155 0.005920636 0.999813795 0.018367618 -2.288146973 -0.346313000 -0.015181188 0.937996089 100.309646606
0.933519661 -0.012543437 0.358306706 5.089334488 0.006329910 0.999808788 0.018509112 -2.290552616 -0.358470321 -0.015010573 0.933420420 100.822799683
0.929379046 -0.012656542 0.368909746 5.312137604 0.006156947 0.999804497 0.018790316 -2.299433231 -0.369075447 -0.015191969 0.929275274 101.330429077
0.923837721 -0.012783074 0.382570624 5.543979645 0.006163644 0.999809444 0.018523194 -2.298058510 -0.382734537 -0.014754397 0.923740566 101.837654114
0.918245435 -0.012637693 0.395810127 5.782146454 0.005668359 0.999807835 0.018772429 -2.302353859 -0.395971209 -0.014994103 0.918140471 102.341674805
0.913498938 -0.013308230 0.406623513 6.031471252 0.006386850 0.999810874 0.018374071 -2.307065010 -0.406791091 -0.014187650 0.913411021 102.832077026
0.906917751 -0.012975987 0.421107799 6.293449402 0.005651558 0.999810457 0.018636625 -2.307992458 -0.421269774 -0.014521969 0.906819105 103.351684570
0.900014639 -0.012824118 0.435671002 6.553089142 0.005277269 0.999814391 0.018528009 -2.314043522 -0.435827792 -0.014376326 0.899915278 103.823738098
0.894416869 -0.014421152 0.447001547 6.836830139 0.006637942 0.999797940 0.018973431 -2.319693089 -0.447184801 -0.014002989 0.894331932 104.314025879
0.888851225 -0.015167831 0.457944632 7.103500366 0.007098109 0.999787807 0.019337382 -2.322791576 -0.458140790 -0.013937517 0.888770342 104.792373657
0.881742954 -0.015530272 0.471474349 7.386585236 0.007341560 0.999788642 0.019202780 -2.324266434 -0.471672922 -0.013470558 0.881670654 105.277931213
