1.000000000 0.000000000 0.000000000 0.000000000 0.000000000 1.000000000 0.000000000 0.000000000 0.000000000 0.000000000 1.000000000 0.000000000
1.000000000 0.000115009 0.000039961 -0.001492641 -0.000115007 1.000000000 -0.000049723 0.001481978 -0.000039967 0.000049718 1.000000000 0.003454603
1.000000000 0.000109140 0.000007553 0.000489274 -0.000109140 1.000000000 -0.000000275 0.000733339 -0.000007553 0.000000274 1.000000000 0.003929577
0.999999940 0.000251482 0.000100001 -0.000988841 -0.000251481 0.999999940 -0.000004775 0.001091102 -0.000100002 0.000004749 1.000000000 -0.001111428
1.000000000 0.000149462 0.000035671 0.000514380 -0.000149461 1.000000000 -0.000035904 0.000837487 -0.000035676 0.000035898 1.000000000 -0.000096306
1.000000000 0.000044663 0.000004465 -0.000406287 -0.000044663 1.000000000 0.000010242 0.001454807 -0.000004464 -0.000010242 1.000000000 0.000728334
1.000000000 0.000009924 0.000039284 -0.001983871 -0.000009923 1.000000000 -0.000029553 0.000968807 -0.000039285 0.000029553 1.000000000 0.000711603
1.000000000 0.000022777 0.000048405 -0.000191268 -0.000022780 1.000000000 0.000061421 0.000676269 -0.000048403 -0.000061422 1.000000000 -0.000108077
1.000000000 -0.000004159 0.000076689 -0.001709522 0.000004158 1.000000000 0.000013036 0.000753676 -0.000076689 -0.000013036 1.000000000 0.002419388
1.000000000 0.000161705 0.000106225 -0.000837026 -0.000161702 1.000000000 -0.000028945 0.000435880 -0.000106230 0.000028928 1.000000000 -0.001631722
1.000000000 0.000161341 0.000094167 -0.000411326 -0.000161345 1.000000000 0.000042988 0.000342599 -0.000094160 -0.000043003 1.000000000 -0.001000416
1.000000000 0.000040785 0.000049469 -0.001701118 -0.000040783 1.000000000 -0.000039659 0.000902321 -0.000049471 0.000039657 1.000000000 -0.002622815
1.000000000 0.000101788 0.000109314 -0.002059574 -0.000101792 1.000000000 0.000039149 0.000671926 -0.000109310 -0.000039160 1.000000000 -0.004313995
1.000000000 -0.000123648 0.000065617 -0.001091367 0.000123646 1.000000000 0.000025589 -0.000280307 -0.000065620 -0.000025580 1.000000000 -0.000397403
1.000000000 0.000063314 0.000063035 -0.000251103 -0.000063313 1.000000000 -0.000012666 0.000757913 -0.000063036 0.000012662 1.000000000 -0.002003136
1.000000000 -0.000005775 0.000042758 -0.000071703 0.000005774 1.000000000 0.000021274 0.000796750 -0.000042758 -0.000021274 1.000000000 -0.003191361
1.000000000 -0.000088605 0.000051792 -0.001784469 0.000088604 1.000000000 0.000030890 0.000221454 -0.000051795 -0.000030885 1.000000000 -0.002337712
1.000000000 0.000064869 0.000125535 -0.001635330 -0.000064877 1.000000000 0.000063155 -0.000896411 -0.000125531 -0.000063163 1.000000000 -0.004066474
1.000000000 0.000102555 0.000061576 -0.000123761 -0.000102558 1.000000000 0.000050526 0.001268350 -0.000061571 -0.000050532 1.000000000 -0.004572583
1.000000000 -0.000099765 -0.000007428 -0.000420928 0.000099765 1.000000000 0.000020508 0.000441451 0.000007426 -0.000020509 1.000000000 -0.005884153
1.000000000 0.000020610 0.000049923 -0.000477083 -0.000020612 1.000000000 0.000028886 0.000216806 -0.000049923 -0.000028887 1.000000000 -0.006643059
1.000000000 -0.000053855 0.000017107 -0.000229123 0.000053855 1.000000000 0.000035307 -0.001271446 -0.000017109 -0.000035306 1.000000000 -0.004272116
1.000000000 0.000086417 0.000135658 -0.004610312 -0.000086405 1.000000000 -0.000088326 0.002044583 -0.000135665 0.000088315 1.000000000 0.002912784
1.000000000 0.000012181 0.000038284 0.000356810 -0.000012181 1.000000000 0.000020482 -0.000220430 -0.000038283 -0.000020482 1.000000000 -0.000863002
1.000000000 -0.000044562 0.000071452 -0.001937530 0.000044560 1.000000000 0.000020688 0.000846858 -0.000071453 -0.000020684 1.000000000 0.000261378
1.000000000 -0.000031759 -0.000005501 0.000680416 0.000031759 1.000000000 -0.000017713 0.000943197 0.000005502 0.000017713 1.000000000 -0.003489474
1.000000000 -0.000132313 0.000086848 -0.002575838 0.000132317 1.000000000 -0.000049468 0.002097046 -0.000086842 0.000049479 1.000000000 0.000798156
1.000000000 0.000113414 0.000137542 -0.004195405 -0.000113405 1.000000000 -0.000068916 0.002235624 -0.000137549 0.000068900 1.000000000 0.000054823
1.000000000 -0.000086392 0.000061569 -0.001926114 0.000086387 1.000000000 0.000074859 0.000103989 -0.000061575 -0.000074854 1.000000000 -0.000143252
1.000000000 -0.000088634 0.000021276 -0.002462709 0.000088634 1.000000000 -0.000008732 0.001740486 -0.000021276 0.000008734 1.000000000 0.001167365
1.000000000 -0.000036037 0.000028387 -0.001914312 0.000036038 1.000000000 -0.000022536 0.000784377 -0.000028386 0.000022537 1.000000000 0.001526026
1.000000000 -0.000053442 0.000084354 -0.003355921 0.000053438 1.000000000 0.000044532 0.000549762 -0.000084356 -0.000044527 1.000000000 0.003032068
1.000000000 -0.000122508 0.000039761 -0.002869249 0.000122509 1.000000000 -0.000019401 0.000834350 -0.000039758 0.000019406 1.000000000 -0.000601053
1.000000000 -0.000009923 0.000037335 -0.000739665 0.000009922 1.000000000 0.000031579 -0.000748774 -0.000037335 -0.000031579 1.000000000 -0.001833674
0.999999940 0.000191829 0.000163078 -0.004114010 -0.000191826 1.000000000 -0.000020087 0.000976719 -0.000163082 0.000020055 1.000000000 0.000677904
1.000000000 -0.000002725 0.000031977 -0.000913522 0.000002724 1.000000000 0.000039429 0.000369200 -0.000031977 -0.000039429 1.000000000 -0.001455389
1.000000000 0.000027283 0.000045304 -0.002327845 -0.000027283 1.000000000 0.000001042 0.001302612 -0.000045304 -0.000001043 1.000000000 -0.002530159
1.000000000 -0.000080570 0.000049483 -0.000860010 0.000080574 1.000000000 -0.000088057 0.001239954 -0.000049476 0.000088061 1.000000000 -0.002728241
1.000000000 -0.000051978 0.000121934 -0.003436983 0.000051980 1.000000000 -0.000021382 0.000956589 -0.000121933 0.000021389 1.000000000 0.001007394
1.000000000 -0.000060641 0.000006834 -0.000294486 0.000060641 1.000000000 0.000027479 0.000267539 -0.000006836 -0.000027478 1.000000000 -0.001497650
1.000000000 -0.000175310 -0.000030339 0.000945753 0.000175311 1.000000000 0.000039499 -0.000834201 0.000030332 -0.000039504 1.000000000 -0.000835762
1.000000000 0.000029931 0.000105032 0.002333167 -0.000029884 0.999999881 -0.000443472 -0.005698408 -0.000105045 0.000443469 0.999999881 0.048447430
1.000000000 -0.000021443 0.000074100 0.003960234 0.000021532 0.999999285 -0.001193683 -0.003472498 -0.000074075 0.001193684 0.999999285 0.144987002
1.000000000 -0.000058795 0.000004538 0.005720281 0.000058801 0.999998987 -0.001407472 -0.010667323 -0.000004455 0.001407472 0.999998987 0.260549843
1.000000000 0.000037478 0.000171181 0.004436933 -0.000037255 0.999999166 -0.001304980 -0.015511722 -0.000171229 0.001304973 0.999999106 0.391941577
1.000000000 0.000153668 0.000054147 0.006615792 -0.000153616 0.999999523 -0.000962578 -0.023617532 -0.000054295 0.000962569 0.999999523 0.533395350
1.000000000 0.000136091 0.000041531 0.007435466 -0.000136059 0.999999702 -0.000773357 -0.031675950 -0.000041636 0.000773351 0.999999702 0.684680760
1.000000000 0.000051124 0.000093900 0.010363696 -0.000051070 0.999999821 -0.000568094 -0.038049102 -0.000093929 0.000568089 0.999999821 0.859681726
1.000000000 0.000000804 -0.000150242 0.022798875 -0.000000882 0.999999881 -0.000520250 -0.036758367 0.000150242 0.000520250 0.999999881 1.026792645
0.999999940 0.000191293 0.000242998 0.017243428 -0.000191148 0.999999821 -0.000594310 -0.038689885 -0.000243112 0.000594264 0.999999821 1.201158881
0.999999940 -0.000177461 -0.000078907 0.032230750 0.000177428 0.999999881 -0.000416890 -0.044900794 0.000078981 0.000416876 0.999999940 1.388138533
0.999999642 0.000783693 0.000246798 0.034193601 -0.000783656 0.999999702 -0.000149713 -0.056447312 -0.000246915 0.000149519 0.999999940 1.585278273
0.999999344 0.000961157 0.000623344 0.031172359 -0.000961036 0.999999583 -0.000194167 -0.058646172 -0.000623530 0.000193567 0.999999762 1.783794999
0.999999821 0.000480607 0.000309528 0.042897917 -0.000480674 0.999999881 0.000215018 -0.065273546 -0.000309425 -0.000215167 0.999999940 1.990480304
0.999999702 0.000522457 0.000422353 0.043892633 -0.000522431 0.999999940 -0.000062019 -0.069256678 -0.000422385 0.000061798 0.999999940 2.213632345
0.999999821 0.000556792 0.000278971 0.053051837 -0.000556901 0.999999762 0.000391985 -0.077465288 -0.000278753 -0.000392140 0.999999881 2.414439440
1.000000000 0.000395403 0.000169792 0.057943374 -0.000395482 0.999999881 0.000463496 -0.085923873 -0.000169609 -0.000463563 0.999999881 2.647104025
0.999999762 0.000505248 0.000427184 0.057832681 -0.000505475 0.999999702 0.000530082 -0.093951121 -0.000426916 -0.000530298 0.999999702 2.879116058
0.999999762 0.000537493 0.000486189 0.065713704 -0.000537834 0.999999583 0.000699918 -0.100668058 -0.000485812 -0.000700180 0.999999583 3.113411665
0.999999583 0.000707645 0.000400072 0.069475688 -0.000707817 0.999999583 0.000428190 -0.108959004 -0.000399768 -0.000428473 0.999999821 3.365334749
0.999999523 0.000864928 0.000223191 0.077123202 -0.000865039 0.999999464 0.000499755 -0.112826198 -0.000222759 -0.000499948 0.999999881 3.608403921
0.999999523 0.000790301 0.000579242 0.078241214 -0.000790864 0.999999225 0.000973471 -0.125308156 -0.000578473 -0.000973929 0.999999285 3.859858751
0.999999523 0.000813042 0.000576732 0.083568998 -0.000813345 0.999999523 0.000524746 -0.124388471 -0.000576305 -0.000525215 0.999999702 4.129665852
0.999998629 0.001339672 0.000946359 0.084644608 -0.001340309 0.999998868 0.000673059 -0.133243948 -0.000945456 -0.000674327 0.999999285 4.379042149
0.999999762 0.000365564 0.000423170 0.094651863 -0.000365974 0.999999404 0.000969062 -0.148003757 -0.000422815 -0.000969217 0.999999464 4.642367363
0.999999642 0.000250950 0.000825491 0.092346244 -0.000251748 0.999999523 0.000965966 -0.150413021 -0.000825248 -0.000966173 0.999999166 4.895355225
0.999999821 0.000169010 0.000608278 0.097632512 -0.000169532 0.999999642 0.000858239 -0.159638524 -0.000608132 -0.000858342 0.999999404 5.158402443
0.999999344 0.000664518 0.000884028 0.105129562 -0.000665455 0.999999166 0.001060520 -0.172925740 -0.000883323 -0.001061108 0.999999046 5.431775570
0.999999285 0.000673525 0.000959590 0.106322415 -0.000674562 0.999999225 0.001080810 -0.176878437 -0.000958861 -0.001081456 0.999998987 5.703194618
0.999999702 0.000052736 0.000673975 0.119976543 -0.000053539 0.999999285 0.001190834 -0.188494384 -0.000673911 -0.001190870 0.999998987 5.963025093
0.999999642 0.000086219 0.000865476 0.124014132 -0.000087302 0.999999225 0.001250736 -0.201362938 -0.000865368 -0.001250811 0.999998808 6.220273972
0.999999523 0.000394881 0.000790006 0.133543387 -0.000396087 0.999998748 0.001527485 -0.211505145 -0.000789402 -0.001527797 0.999998510 6.516354084
0.999999225 0.000758004 0.000968580 0.139497504 -0.000759274 0.999998868 0.001312065 -0.221477970 -0.000967584 -0.001312800 0.999998689 6.817870140
0.999999583 -0.000189796 0.000897700 0.141925141 0.000188444 0.999998927 0.001505928 -0.226454437 -0.000897985 -0.001505758 0.999998450 7.116575718
0.999999940 -0.000000770 0.000357803 0.153106928 0.000000227 0.999998808 0.001518723 -0.240340412 -0.000357804 -0.001518723 0.999998748 7.403982162
0.999999940 -0.000090134 0.000429972 0.161845997 0.000089632 0.999999344 0.001167835 -0.249580026 -0.000430077 -0.001167796 0.999999225 7.703971863
0.999999821 -0.000062483 0.000544258 0.170153365 0.000061752 0.999999106 0.001343542 -0.255168885 -0.000544341 -0.001343508 0.999998927 8.034766197
1.000000000 -0.000106272 0.000189212 0.181741580 0.000106047 0.999999344 0.001188076 -0.266139507 -0.000189338 -0.001188056 0.999999344 8.348700523
0.999999702 0.000525060 0.000538797 0.183020145 -0.000525843 0.999998808 0.001453930 -0.277712256 -0.000538033 -0.001454213 0.999998808 8.671242714
0.999999583 0.000535200 0.000703058 0.185843170 -0.000536258 0.999998689 0.001505972 -0.287316501 -0.000702251 -0.001506348 0.999998629 9.008010864
0.999999583 0.000314611 0.000907125 0.189901710 -0.000316014 0.999998748 0.001547645 -0.295760185 -0.000906637 -0.001547931 0.999998391 9.355690956
0.999999702 0.000005303 0.000744124 0.193030834 -0.000006245 0.999999225 0.001264862 -0.302336335 -0.000744117 -0.001264866 0.999998927 9.708897591
0.999999821 -0.000020521 0.000602867 0.204754725 0.000019662 0.999999046 0.001424995 -0.315593004 -0.000602896 -0.001424983 0.999998808 10.045220375
0.999999940 -0.000255970 0.000488185 0.209731057 0.000255396 0.999999404 0.001174713 -0.324951887 -0.000488486 -0.001174589 0.999999166 10.399563789
0.999999881 0.000270108 0.000277212 0.217455789 -0.000270508 0.999998987 0.001443170 -0.336960167 -0.000276822 -0.001443245 0.999998868 10.760431290
0.999999940 -0.000026999 0.000309636 0.224971011 0.000026557 0.999998927 0.001428201 -0.345136642 -0.000309674 -0.001428192 0.999998927 11.134269714
1.000000000 -0.000109659 0.000202698 0.233828023 0.000109302 0.999998450 0.001759887 -0.359010518 -0.000202890 -0.001759865 0.999998510 11.507930756
0.999999881 -0.000479800 0.000440145 0.240374967 0.000479048 0.999998391 0.001707191 -0.369672716 -0.000440963 -0.001706980 0.999998450 11.901350975
0.999999523 -0.000804273 0.000396863 0.249144033 0.000803661 0.999998510 0.001538996 -0.378329307 -0.000398100 -0.001538676 0.999998689 12.283821106
0.999999583 -0.000771231 0.000514690 0.260750502 0.000770400 0.999998450 0.001613009 -0.396169245 -0.000515933 -0.001612612 0.999998569 12.681146622
0.999999523 -0.000954025 0.000226319 0.265690297 0.000953621 0.999997973 0.001781316 -0.401056021 -0.000228018 -0.001781099 0.999998391 13.073741913
0.999999762 -0.000639754 0.000336271 0.280952901 0.000639050 0.999997616 0.002091237 -0.426678956 -0.000337608 -0.002091021 0.999997735 13.463555336
0.999999821 -0.000087631 0.000712118 0.285640955 0.000085826 0.999996841 0.002534893 -0.442424268 -0.000712338 -0.002534831 0.999996483 13.876209259
0.999999285 0.000193487 0.001265303 0.295696557 -0.000197013 0.999996185 0.002786699 -0.456289291 -0.001264759 -0.002786946 0.999995291 14.292957306
0.999999523 -0.000375658 0.000930647 0.302176356 0.000373537 0.999997318 0.002278694 -0.473491192 -0.000931501 -0.002278345 0.999996960 14.695947647
0.999999464 -0.000353704 0.000992608 0.315221101 0.000351106 0.999996483 0.002616491 -0.490890026 -0.000993530 -0.002616141 0.999996066 15.100571632
0.999998927 -0.001060315 0.000968940 0.326015532 0.001057650 0.999995649 0.002746172 -0.498835027 -0.000971847 -0.002745145 0.999995828 15.535365105
0.999998808 -0.000294616 0.001531797 0.345885873 0.000289721 0.999994874 0.003194950 -0.535560429 -0.001532731 -0.003194503 0.999993742 15.948380470
0.999997795 -0.001053973 0.001791932 0.359030843 0.001047293 0.999992549 0.003724189 -0.548425376 -0.001795844 -0.003722304 0.999991477 16.396211624
0.999997795 -0.001220514 0.001684634 0.370553792 0.001214815 0.999993563 0.003379949 -0.562229514 -0.001688748 -0.003377896 0.999992907 16.831745148
0.999997258 -0.000101356 0.002337014 0.374802828 0.000093041 0.999993682 0.003557791 -0.578132153 -0.002337360 -0.003557564 0.999990940 17.277950287
0.999997616 -0.000766424 0.002109658 0.384038955 0.000758754 0.999993086 0.003633753 -0.588238716 -0.002112429 -0.003632143 0.999991179 17.736066818
0.999996662 -0.001348107 0.002239803 0.399263412 0.001340080 0.999992669 0.003581484 -0.602739871 -0.002244614 -0.003578470 0.999991059 18.202100754
0.999996603 -0.001105899 0.002394379 0.407926887 0.001097964 0.999993980 0.003312765 -0.607818961 -0.002398027 -0.003310125 0.999991596 18.669853210
0.999995172 -0.000857045 0.003016178 0.413671255 0.000846434 0.999993443 0.003517784 -0.625282526 -0.003019173 -0.003515213 0.999989212 19.137233734
0.999995351 -0.000740748 0.002967713 0.419243068 0.000729241 0.999992192 0.003876815 -0.641398489 -0.002970562 -0.003874633 0.999988079 19.605512619
0.999995828 -0.000521778 0.002842083 0.446293414 0.000510076 0.999991417 0.004116314 -0.664777815 -0.002844207 -0.004114848 0.999987483 20.049219131
0.999995828 -0.000333286 0.002874919 0.459230393 0.000321395 0.999991417 0.004135628 -0.680963397 -0.002876273 -0.004134686 0.999987304 20.534313202
0.999994993 -0.001166117 0.002934706 0.463415116 0.001152762 0.999988973 0.004548178 -0.699438691 -0.002939977 -0.004544772 0.999985337 21.022069931
0.999996483 -0.001227174 0.002360821 0.471953660 0.001216170 0.999988437 0.004657107 -0.708028913 -0.002366509 -0.004654220 0.999986410 21.533626556
0.999997020 -0.001398536 0.001996722 0.489503145 0.001389238 0.999988258 0.004650441 -0.730028927 -0.002003202 -0.004647654 0.999987125 22.027482986
0.999998450 -0.000683247 0.001604250 0.493071586 0.000675432 0.999987841 0.004866752 -0.746796668 -0.001607556 -0.004865661 0.999986887 22.530519485
0.999998689 -0.000788166 0.001381237 0.491584629 0.000780733 0.999985278 0.005373512 -0.767562330 -0.001385452 -0.005372426 0.999984682 23.034547806
0.999998689 -0.001569358 0.000014353 0.511745453 0.001569267 0.999986470 0.004955798 -0.775514007 -0.000022130 -0.004955770 0.999987721 23.545951843
0.999996305 -0.002689237 -0.000601075 0.521305442 0.002692105 0.999984860 0.004823453 -0.787833810 0.000588094 -0.004825054 0.999988198 24.058395386
0.999998450 -0.001412754 -0.001020350 0.526323617 0.001417921 0.999986112 0.005080402 -0.799105525 0.001013158 -0.005081842 0.999986529 24.566877365
0.999998510 -0.000872173 -0.001480350 0.538143873 0.000878899 0.999989390 0.004548921 -0.802799642 0.001476367 -0.004550215 0.999988556 25.113027573
0.999997199 -0.000952683 -0.002171771 0.543267310 0.000963702 0.999986649 0.005078070 -0.820760429 0.002166904 -0.005080149 0.999984741 25.626556396
0.999996364 -0.001041687 -0.002472566 0.558910847 0.001054655 0.999985695 0.005249361 -0.839704871 0.002467063 -0.005251950 0.999983191 26.176450729
0.999994516 -0.001628484 -0.002892440 0.570397615 0.001644913 0.999982476 0.005686818 -0.847797513 0.002883129 -0.005691544 0.999979615 26.727361679
0.999993265 -0.001780536 -0.003206427 0.578386009 0.001799328 0.999981165 0.005867484 -0.866260231 0.003195919 -0.005873214 0.999977648 27.256406784
0.999993801 -0.000934046 -0.003399690 0.588354588 0.000953629 0.999982893 0.005763040 -0.886212766 0.003394249 -0.005766246 0.999977529 27.788520813
0.999991834 -0.001130698 -0.003864075 0.592896044 0.001153471 0.999981940 0.005896505 -0.896593094 0.003857338 -0.005900914 0.999975145 28.320228577
0.999989331 -0.001551320 -0.004355674 0.608580530 0.001578205 0.999979675 0.006175752 -0.915265203 0.004346005 -0.006182562 0.999971390 28.858028412
0.999985516 -0.001846323 -0.005065272 0.621512115 0.001876960 0.999979913 0.006050389 -0.927577913 0.005053999 -0.006059809 0.999968827 29.397115707
0.999987781 -0.001096300 -0.004810500 0.616383791 0.001128152 0.999977410 0.006623717 -0.953541994 0.004803130 -0.006629062 0.999966443 29.931476593
0.999985814 -0.001656759 -0.005064725 0.630247295 0.001690616 0.999976218 0.006687888 -0.973455727 0.005053525 -0.006696356 0.999964833 30.460672379
0.999985516 -0.001138647 -0.005280183 0.638001084 0.001174140 0.999976695 0.006723578 -0.982667625 0.005272403 -0.006729680 0.999963462 31.004005432
0.999983191 -0.001368431 -0.005632839 0.649885476 0.001406928 0.999975622 0.006836098 -0.996553302 0.005623347 -0.006843908 0.999960721 31.532632828
0.999981999 -0.001924398 -0.005681475 0.663672924 0.001964791 0.999972761 0.007112495 -1.012839079 0.005667633 -0.007123530 0.999958575 32.076427460
0.999977291 -0.001759369 -0.006504576 0.671765208 0.001802542 0.999976337 0.006637314 -1.015928984 0.006492745 -0.006648887 0.999956846 32.603935242
0.999985874 -0.001162982 -0.005199828 0.642253816 0.001199541 0.999974549 0.007033302 -1.036134720 0.005191516 -0.007039439 0.999961734 33.139827728
0.999978125 -0.001933802 -0.006321453 0.667024791 0.001978164 0.999973416 0.007018984 -1.049365878 0.006307714 -0.007031336 0.999955297 33.674255371
0.999979317 -0.000873901 -0.006358455 0.670878828 0.000918890 0.999974489 0.007075976 -1.073907614 0.006352109 -0.007081673 0.999954700 34.201282501
0.999979258 -0.001369354 -0.006297393 0.668200254 0.001413538 0.999974370 0.007017138 -1.079890847 0.006287624 -0.007025894 0.999955535 34.758769989
0.999976635 -0.001491983 -0.006670639 0.681939721 0.001541619 0.999971211 0.007442056 -1.104080439 0.006659343 -0.007452167 0.999950051 35.277877808
0.999977171 -0.001099923 -0.006661583 0.689067781 0.001147815 0.999973536 0.007189776 -1.103419065 0.006653498 -0.007197259 0.999951959 35.843639374
0.999979258 -0.001234896 -0.006323830 0.682233751 0.001286708 0.999965668 0.008195662 -1.143956900 0.006313491 -0.008203629 0.999946475 36.324680328
0.999976218 -0.001968852 -0.006621735 0.677353680 0.002024877 0.999962032 0.008464845 -1.159457684 0.006604819 -0.008478051 0.999942303 36.807430267
0.999973834 -0.002698404 -0.006722495 0.674965620 0.002757452 0.999957621 0.008789890 -1.184071183 0.006698492 -0.008808197 0.999938786 37.379123688
0.999973893 -0.002090752 -0.006921686 0.710135102 0.002153874 0.999956071 0.009124622 -1.193287730 0.006902305 -0.009139291 0.999934494 37.859428406
0.999975324 -0.000833958 -0.006986007 0.718807995 0.000887592 0.999970019 0.007677745 -1.178539991 0.006979396 -0.007683755 0.999946117 38.375450134
0.999977112 -0.000271349 -0.006764906 0.744302273 0.000330215 0.999962091 0.008702091 -1.207435131 0.006762288 -0.008704125 0.999939263 38.913501740
0.999966085 -0.001558663 -0.008089908 0.787757695 0.001624095 0.999965966 0.008087781 -1.213468313 0.008077026 -0.008100645 0.999934614 39.609363556
0.999959111 -0.003564477 -0.008314160 0.779811621 0.003651670 0.999938250 0.010495886 -1.287342787 0.008276236 -0.010525818 0.999910355 40.045330048
0.999960661 -0.003409879 -0.008189498 0.785704136 0.003493110 0.999942183 0.010170392 -1.299310446 0.008154345 -0.010198598 0.999914765 40.566257477
0.999956608 -0.003596285 -0.008596945 0.791850507 0.003687428 0.999936938 0.010609549 -1.317166328 0.008558249 -0.010640790 0.999906778 41.095027924
0.999954343 -0.003522388 -0.008882399 0.802508950 0.003619633 0.999933422 0.010955882 -1.331136823 0.008843218 -0.010987533 0.999900520 41.617324829
0.999955475 -0.004155695 -0.008468645 0.801854372 0.004253579 0.999923944 0.011573389 -1.353919506 0.008419908 -0.011608895 0.999897182 42.126358032
0.999956489 -0.003830999 -0.008507643 0.813260317 0.003927784 0.999927402 0.011388802 -1.362084508 0.008463394 -0.011421723 0.999898911 42.667930603
0.999957740 -0.003565882 -0.008475959 0.818757474 0.003661655 0.999929249 0.011310829 -1.369957209 0.008435028 -0.011341385 0.999900043 43.194213867
0.999956250 -0.003891008 -0.008503910 0.828600526 0.003986931 0.999928296 0.011292305 -1.378767848 0.008459361 -0.011325717 0.999900103 43.716358185
0.999956548 -0.003813443 -0.008502949 0.833074629 0.003907837 0.999930561 0.011112409 -1.383215189 0.008459983 -0.011145154 0.999902129 44.265541077
0.999957383 -0.003612585 -0.008497879 0.844747424 0.003705428 0.999933302 0.010935190 -1.395218134 0.008457809 -0.010966213 0.999904096 44.801303864
0.999956369 -0.003677785 -0.008585716 0.850662351 0.003771256 0.999933541 0.010896060 -1.401323199 0.008545073 -0.010927964 0.999903738 45.325881958
0.999953151 -0.003886725 -0.008863398 0.861932278 0.003981576 0.999934733 0.010709003 -1.414527416 0.008821197 -0.010743790 0.999903321 45.863864899
0.999955356 -0.003908253 -0.008599525 0.864862442 0.004001670 0.999932826 0.010872748 -1.430187225 0.008556453 -0.010906675 0.999903917 46.426872253
0.999955654 -0.003348120 -0.008804276 0.865556717 0.003445863 0.999932289 0.011110184 -1.434609056 0.008766480 -0.011140030 0.999899507 46.934078217
0.999953032 -0.003789710 -0.008922745 0.875066340 0.003890465 0.999928713 0.011301736 -1.449300766 0.008879278 -0.011335920 0.999896348 47.470077515
0.999952197 -0.003735556 -0.009036280 0.883667231 0.003839299 0.999926627 0.011490717 -1.463565588 0.008992694 -0.011524862 0.999893069 48.010036469
0.999949157 -0.003910742 -0.009294989 0.895633578 0.004017164 0.999926269 0.011458422 -1.474599838 0.009249493 -0.011495180 0.999891102 48.543449402
0.999950647 -0.003968080 -0.009108383 0.904648542 0.004071861 0.999926686 0.011403793 -1.484239101 0.009062464 -0.011440318 0.999893486 49.084106445
0.999952793 -0.003787052 -0.008962370 0.902507544 0.003888437 0.999928296 0.011322009 -1.491526127 0.008918853 -0.011356322 0.999895751 49.613124847
0.999951005 -0.003849572 -0.009122628 0.913967609 0.003951773 0.999929368 0.011211541 -1.506184816 0.009078825 -0.011247043 0.999895513 50.145252228
0.999953866 -0.003561409 -0.008921532 0.911414921 0.003665474 0.999925137 0.011675434 -1.515926242 0.008879285 -0.011707597 0.999892056 50.680156708
0.999949872 -0.003823191 -0.009249940 0.917613983 0.003929487 0.999926150 0.011500814 -1.523890734 0.009205284 -0.011536585 0.999891102 51.213993073
0.999951780 -0.003663993 -0.009109383 0.921657622 0.003772762 0.999921381 0.011951846 -1.538605928 0.009064876 -0.011985635 0.999887049 51.743759155
0.999949574 -0.003699284 -0.009336131 0.940286756 0.003808433 0.999924242 0.011700561 -1.542966127 0.009292141 -0.011735528 0.999887943 52.285976410
0.999946892 -0.004007969 -0.009496847 0.944553196 0.004116494 0.999926150 0.011435629 -1.557234168 0.009450313 -0.011474114 0.999889553 52.820648193
0.999949753 -0.004036838 -0.009178418 0.939947724 0.004142197 0.999925435 0.011489116 -1.570069075 0.009131353 -0.011526557 0.999891877 53.353225708
0.999960303 -0.002667563 -0.008496688 0.913770437 0.002766734 0.999927938 0.011681383 -1.576015949 0.008464916 -0.011704427 0.999895632 53.812484741
0.999967456 -0.002221846 -0.007752029 0.932266414 0.002318710 0.999919057 0.012508711 -1.627067327 0.007723609 -0.012526279 0.999891639 54.381710052
0.999971926 -0.001348149 -0.007375338 0.871105909 0.001438900 0.999923110 0.012313274 -1.612536192 0.007358172 -0.012323540 0.999897003 54.984321594
0.999964416 -0.003263954 -0.007776114 0.946169615 0.003365684 0.999908447 0.013105370 -1.657003641 0.007732627 -0.013131076 0.999883890 55.487110138
0.999965250 -0.002804375 -0.007850755 0.973611593 0.002901113 0.999919653 0.012337870 -1.648865938 0.007815524 -0.012360215 0.999893010 55.969974518
0.999956548 -0.003089256 -0.008787238 0.988174617 0.003202455 0.999911726 0.012897450 -1.661034465 0.008746618 -0.012925033 0.999878168 56.475704193
0.999960423 -0.002955983 -0.008389564 0.975383401 0.003067421 0.999906838 0.013301332 -1.668628693 0.008349464 -0.013326542 0.999876320 57.045722961
0.999969840 -0.002077217 -0.007483508 0.971026123 0.002167691 0.999924362 0.012101978 -1.679276347 0.007457804 -0.012117836 0.999898732 57.452404022
0.999966443 -0.002261907 -0.007870669 0.982836843 0.002358139 0.999922335 0.012238954 -1.687802076 0.007842375 -0.012257106 0.999894142 57.973602295
0.999965012 -0.002475181 -0.007987934 0.987027884 0.002570539 0.999925315 0.011949605 -1.693653584 0.007957760 -0.011969721 0.999896705 58.502712250
0.999967694 -0.002337515 -0.007681630 0.992311239 0.002434549 0.999917090 0.012646909 -1.709914684 0.007651431 -0.012665203 0.999890506 59.042591095
0.999961674 -0.003032051 -0.008203445 1.014342904 0.003131640 0.999921203 0.012154450 -1.709731340 0.008165946 -0.012179676 0.999892414 59.551120758
0.999969542 -0.001951500 -0.007566165 1.019271016 0.002042295 0.999925792 0.012011010 -1.726205707 0.007542165 -0.012026096 0.999899268 60.143421173
0.999956250 -0.003434031 -0.008706146 1.048081160 0.003538857 0.999921083 0.012053796 -1.728895903 0.008664066 -0.012084077 0.999889374 60.629951477
0.999954283 -0.003162095 -0.009014518 1.083012581 0.003273475 0.999918163 0.012367845 -1.747450590 0.008974672 -0.012396789 0.999882817 61.157428741
0.999948621 -0.003573071 -0.009478887 1.129587531 0.003688023 0.999919593 0.012137476 -1.740811467 0.009434756 -0.012171811 0.999881387 61.708240509
0.999945641 -0.003156925 -0.009929513 1.164074659 0.003275271 0.999923587 0.011925098 -1.741254568 0.009891107 -0.011956973 0.999879599 62.191791534
0.999950647 -0.002740234 -0.009547203 1.176638722 0.002857817 0.999920011 0.012324207 -1.783705950 0.009512668 -0.012350885 0.999878466 62.779056549
0.999953330 -0.001652893 -0.009518948 1.203559637 0.001775086 0.999915957 0.012842704 -1.765164375 0.009496921 -0.012859000 0.999872267 63.335174561
0.999937713 -0.002946381 -0.010761428 1.296073675 0.003085818 0.999911189 0.012963510 -1.755943418 0.010722277 -0.012995912 0.999858081 63.805587769
0.999939501 -0.002836014 -0.010624731 1.314244509 0.002972434 0.999913037 0.012846153 -1.779409885 0.010587377 -0.012876959 0.999861062 64.377449036
0.999956310 -0.001595149 -0.009197829 1.259345770 0.001721979 0.999903321 0.013797710 -1.804804444 0.009174930 -0.013812946 0.999862492 64.941925049
0.999962270 -0.002271564 -0.008381065 1.152379870 0.002386602 0.999902666 0.013741558 -1.828219414 0.008349035 -0.013761041 0.999870420 65.293724060
0.999968231 -0.002098474 -0.007691374 1.125552654 0.002203900 0.999903321 0.013724255 -1.821438789 0.007661833 -0.013740770 0.999876261 65.348716736
0.999967396 -0.001841610 -0.007854681 1.130342364 0.001942516 0.999915421 0.012858372 -1.823945284 0.007830338 -0.012873214 0.999886453 65.897804260
0.999964058 -0.002270286 -0.008167238 1.160465121 0.002380707 0.999905527 0.013535781 -1.834165812 0.008135739 -0.013554737 0.999874949 66.284698486
0.999968886 -0.002047678 -0.007620330 1.139469981 0.002150679 0.999906123 0.013532957 -1.833137155 0.007591904 -0.013548925 0.999879360 66.986579895
0.999961317 -0.002429465 -0.008452355 1.188342094 0.002545503 0.999902308 0.013744961 -1.865753651 0.008418135 -0.013765946 0.999869704 67.346435547
0.999961555 -0.002603904 -0.008374875 1.204846382 0.002723607 0.999893844 0.014313592 -1.877480745 0.008336714 -0.014335852 0.999862432 67.631607056
0.999960542 -0.002549503 -0.008512001 1.214578748 0.002673425 0.999890089 0.014579090 -1.886536479 0.008473897 -0.014601273 0.999857485 68.151466370
0.999954462 -0.002972608 -0.009081776 1.221937180 0.003104702 0.999889016 0.014565593 -1.896571875 0.009037472 -0.014593124 0.999852657 68.682838440
0.999961376 -0.002539827 -0.008411441 1.225446582 0.002662978 0.999888897 0.014662056 -1.912696958 0.008373268 -0.014683889 0.999857128 69.160285950
0.999961257 -0.002435588 -0.008462333 1.239731908 0.002561725 0.999885321 0.014926991 -1.929230332 0.008425006 -0.014948090 0.999852717 69.652763367
0.999962628 -0.002326278 -0.008331716 1.248289227 0.002448828 0.999888539 0.014728949 -1.942160010 0.008296525 -0.014748801 0.999856770 70.188079834
0.999964297 -0.002031825 -0.008199246 1.272600412 0.002156244 0.999882221 0.015194193 -1.958588362 0.008167408 -0.015211330 0.999850929 70.629882812
0.999961197 -0.002498174 -0.008445416 1.282006979 0.002626409 0.999880850 0.015207155 -1.963292480 0.008406420 -0.015228746 0.999848664 71.164138794
0.999961853 -0.002483396 -0.008373058 1.290490150 0.002610469 0.999881089 0.015199832 -1.976196766 0.008334315 -0.015221110 0.999849439 71.704589844
0.999964416 -0.001916960 -0.008211971 1.296072721 0.002042337 0.999881089 0.015286594 -1.986670136 0.008181689 -0.015302821 0.999849498 72.252914429
0.999961436 -0.002549263 -0.008402094 1.315298796 0.002678280 0.999878109 0.015380014 -2.001495838 0.008361861 -0.015401923 0.999846339 72.788101196
0.999965549 -0.002318148 -0.007963146 1.316582441 0.002439704 0.999880135 0.015289160 -2.006405592 0.007926748 -0.015308062 0.999851406 73.345901489
0.999962032 -0.002283369 -0.008405364 1.342484593 0.002413227 0.999877393 0.015471896 -2.020219803 0.008369004 -0.015491593 0.999844968 73.860511780
0.999961674 -0.002844345 -0.008277108 1.341257811 0.002971570 0.999877036 0.015399275 -2.038546562 0.008232288 -0.015423282 0.999847114 74.440696716
0.999953985 -0.003136568 -0.009064917 1.359871149 0.003277851 0.999872684 0.015613073 -2.042569637 0.009014791 -0.015642067 0.999837041 74.922904968
0.999956250 -0.002813301 -0.008922025 1.391900778 0.002952906 0.999872744 0.015672807 -2.072039127 0.008876800 -0.015698468 0.999837339 75.508934021
0.999959171 -0.002387590 -0.008717034 1.400192499 0.002522913 0.999875963 0.015546144 -2.085763931 0.008678836 -0.015567500 0.999841094 76.076232910
0.999957860 -0.002862744 -0.008713933 1.406687737 0.003000643 0.999869764 0.015853385 -2.093867302 0.008667413 -0.015878862 0.999836326 76.620231628
0.999955654 -0.002679637 -0.009027607 1.419359207 0.002820052 0.999874711 0.015577235 -2.106839895 0.008984735 -0.015602002 0.999837875 77.161071777
0.999956608 -0.002823171 -0.008877914 1.433204174 0.002957308 0.999881148 0.015132407 -2.113548756 0.008834138 -0.015158002 0.999846101 77.713775635
0.999967992 -0.002792756 -0.007494711 1.446825266 0.002908771 0.999875426 0.015513548 -2.128678799 0.007450451 -0.015534853 0.999851525 78.258377075
0.999971211 -0.003410468 -0.006774783 1.478863955 0.003512207 0.999880314 0.015062667 -2.134360790 0.006722600 -0.015086029 0.999863565 78.808853149
0.999980927 -0.003031138 -0.005379347 1.500747800 0.003115304 0.999871731 0.015707284 -2.170042276 0.005331045 -0.015723748 0.999862075 79.306991577
0.999988973 -0.002520058 -0.003956210 1.462143421 0.002583049 0.999868691 0.015998416 -2.205648422 0.003915373 -0.016008459 0.999864161 79.959877014
0.999997854 -0.002042158 -0.000284945 1.473969460 0.002046474 0.999868751 0.016072368 -2.218798161 0.000252085 -0.016072918 0.999870777 80.510459900
0.999993920 -0.002529854 0.002453681 1.517930865 0.002490849 0.999872506 0.015771700 -2.201676369 -0.002493269 -0.015765488 0.999872565 81.023651123
0.999981344 -0.002923717 0.005369670 1.533700943 0.002836230 0.999864280 0.016228706 -2.235908985 -0.005416388 -0.016213175 0.999853849 81.615364075
0.999950647 -0.002800839 0.009535250 1.558412552 0.002657245 0.999883354 0.015038828 -2.198834419 -0.009576261 -0.015012751 0.999841392 82.093864441
0.999872983 -0.002334715 0.015761442 1.590165854 0.002080978 0.999868214 0.016095815 -2.236410618 -0.015796944 -0.016060971 0.999746203 82.598251343
0.999764442 -0.002963512 0.021501115 1.623326302 0.002611878 0.999862671 0.016363904 -2.239605665 -0.021546654 -0.016303888 0.999634862 83.098022461
0.999634624 -0.003259909 0.026829751 1.648723960 0.002852430 0.999880254 0.015211839 -2.262652159 -0.026876125 -0.015129749 0.999524295 84.023300171
0.999395788 -0.003861545 0.034541689 1.671922326 0.003311488 0.999866962 0.015967494 -2.244099140 -0.034598757 -0.015843462 0.999275744 84.335212708
0.999049842 -0.002400475 0.043516003 1.742192507 0.001728154 0.999878585 0.015481014 -2.286781788 -0.043547876 -0.015391105 0.998932779 85.117210388
0.998734057 -0.003102983 0.050206158 1.798579454 0.002298225 0.999868095 0.016078871 -2.307496071 -0.050249435 -0.015943130 0.998609424 85.662231445
0.998215795 -0.002588334 0.059653714 1.852888346 0.001640570 0.999871731 0.015931265 -2.326251507 -0.059687298 -0.015804971 0.998091996 86.206672668
0.997576177 -0.003036190 0.069516234 1.922113895 0.001909605 0.999866009 0.016266778 -2.340513229 -0.069556311 -0.016094606 0.997448146 86.753997803
0.996883631 -0.002935064 0.078831851 1.965382099 0.001670570 0.999868989 0.016101548 -2.350484371 -0.078868784 -0.015919676 0.996757865 87.305404663
0.996261418 -0.004034697 0.086294793 2.060447216 0.002668256 0.999869347 0.015944049 -2.359490871 -0.086347826 -0.015654188 0.996141970 87.847129822
0.995304704 -0.003633817 0.096723109 2.131026745 0.002110258 0.999872088 0.015849402 -2.366938829 -0.096768357 -0.015570876 0.995185137 88.406127930
0.994267106 -0.005249422 0.106795490 2.218161106 0.003612621 0.999873042 0.015514197 -2.357053995 -0.106863365 -0.015039445 0.994159937 88.984634399
0.993271768 -0.006124489 0.115644634 2.313627720 0.004433935 0.999879539 0.014870119 -2.359871387 -0.115721799 -0.014257308 0.993179321 89.515243530
0.991844118 -0.004684834 0.127370596 2.389312744 0.002747199 0.999877870 0.015383992 -2.369026423 -0.127427116 -0.014908612 0.991735876 90.099052429
0.990235686 -0.004511549 0.139330089 2.501971245 0.002371806 0.999876738 0.015519590 -2.393913746 -0.139382929 -0.015037589 0.990124345 90.618209839
0.988669693 -0.005532071 0.150005490 2.624745369 0.003202771 0.999870598 0.015765231 -2.407117367 -0.150073335 -0.015106174 0.988559425 91.203002930
0.987118542 -0.005480832 0.159896538 2.725017548 0.003032027 0.999874353 0.015554894 -2.398540020 -0.159961715 -0.014869714 0.987011194 91.785736084
0.985114217 -0.005913555 0.171799242 2.854717255 0.003320974 0.999876320 0.015374257 -2.411299229 -0.171868905 -0.014574859 0.985011995 92.311477661
0.982895017 -0.005903366 0.184072107 2.968898773 0.003097265 0.999874651 0.015528365 -2.416603088 -0.184140697 -0.014692632 0.982790053 92.831344604
0.980743289 -0.006911248 0.195179045 3.097092628 0.003976807 0.999873102 0.015422476 -2.423755169 -0.195260882 -0.014349299 0.980646372 93.371353149
0.978097677 -0.006928022 0.208030969 3.239637375 0.003890921 0.999879837 0.015004924 -2.431746483 -0.208109960 -0.013866849 0.978007138 93.906837463
0.975162864 -0.008005595 0.221344322 3.393121719 0.004767771 0.999873757 0.015158425 -2.439483643 -0.221437693 -0.013726613 0.975077927 94.446434021
0.972615361 -0.008044354 0.232281178 3.548423767 0.004587429 0.999870658 0.015418851 -2.454714775 -0.232375160 -0.013931038 0.972526491 94.977684021
0.969490290 -0.007950437 0.245000646 3.733913422 0.004303455 0.999871910 0.015417351 -2.459368467 -0.245091811 -0.013892621 0.969400287 95.538299561
0.965921700 -0.009199983 0.258670866 3.916675568 0.005358024 0.999864638 0.015553762 -2.465627193 -0.258779019 -0.013637752 0.965840280 96.091140747
0.962550581 -0.009246838 0.270944476 4.095857620 0.005307838 0.999869347 0.015267216 -2.472802639 -0.271050215 -0.013257339 0.962473869 96.625213623
0.959401250 -0.009839352 0.281873137 4.286199570 0.005717454 0.999864399 0.015442003 -2.487865925 -0.281986833 -0.013203481 0.959327519 97.139457703
0.955252469 -0.009700871 0.295632362 4.481086731 0.005320136 0.999863803 0.015618986 -2.493496895 -0.295743614 -0.013347266 0.955174088 97.662849426
0.950753033 -0.011621204 0.309731483 4.688762665 0.007167950 0.999853909 0.015512007 -2.496425629 -0.309866577 -0.012527949 0.950697541 98.220268250
0.947113633 -0.012700239 0.320646882 4.894729614 0.008158948 0.999846518 0.015502532 -2.500365734 -0.320794582 -0.012066517 0.947071910 98.748817444
0.942598581 -0.011506878 0.333729684 5.089496613 0.006588020 0.999852359 0.015867099 -2.512373209 -0.333863020 -0.012757688 0.942535281 99.235282898
0.937306046 -0.011488954 0.348317891 5.304506302 0.006183400 0.999847293 0.016339853 -2.527264118 -0.348452508 -0.013161653 0.937234044 99.757690430
0.932413042 -0.012499472 0.361177951 5.518770218 0.007022943 0.999839604 0.016471619 -2.533155203 -0.361325920 -0.012821821 0.932351530 100.274940491
0.928170681 -0.012164860 0.371955872 5.739402771 0.006515025 0.999843597 0.016442543 -2.545578957 -0.372097760 -0.012838184 0.928104758 100.741630554
0.922440171 -0.012652711 0.385932714 5.975391388 0.006893222 0.999843299 0.016303735 -2.545228720 -0.386078566 -0.012378901 0.922382772 101.255615234
0.917031884 -0.013563521 0.398583114 6.222072601 0.007501733 0.999831319 0.016764142 -2.553404093 -0.398743272 -0.012383189 0.916978955 101.744453430
0.912456512 -0.014138835 0.408929169 6.466911316 0.007996201 0.999828100 0.016727149 -2.563252211 -0.409095317 -0.011992920 0.912412822 102.223739624
0.906810820 -0.015019516 0.421270043 6.727020264 0.008437550 0.999811530 0.017483843 -2.578981638 -0.421453238 -0.012300057 0.906766713 102.707511902
0.900497973 -0.015307531 0.434590727 6.990139008 0.008580187 0.999811113 0.017437547 -2.587752819 -0.434775591 -0.011973610 0.900459230 103.195938110
0.894802809 -0.016268758 0.446165025 7.264225006 0.009388659 0.999800563 0.017626917 -2.599008322 -0.446362823 -0.011583725 0.894777060 103.669586182
0.889202356 -0.016846552 0.457203656 7.533622742 0.009646783 0.999790072 0.018077437 -2.606542587 -0.457412302 -0.011663955 0.889178276 104.137680054
0.881985426 -0.016734697 0.470979482 7.816265106 0.009536609 0.999798477 0.017665684 -2.610938549 -0.471180201 -0.011089331 0.881967247 104.604370117
