1.000000000 0.000000000 0.000000000 0.000000000 0.000000000 1.000000000 0.000000000 0.000000000 0.000000000 0.000000000 1.000000000 0.000000000
1.000000000 0.000071365 -0.000030643 0.000300726 -0.000071365 1.000000000 0.000020728 0.000492920 0.000030644 -0.000020726 1.000000000 0.002209300
1.000000000 0.000004500 -0.000051615 0.000893316 -0.000004497 1.000000000 0.000058889 -0.001119211 0.000051615 -0.000058889 1.000000000 0.000883859
1.000000000 -0.000037023 -0.000039376 0.000620452 0.000037021 1.000000000 -0.000040161 0.000411557 0.000039378 0.000040160 1.000000000 -0.001636571
1.000000000 -0.000171061 -0.000113224 0.001206232 0.000171068 1.000000000 0.000062824 -0.000968257 0.000113213 -0.000062844 1.000000000 0.000066548
1.000000000 -0.000147574 -0.000118624 -0.000572408 0.000147580 1.000000000 0.000047175 0.000008904 0.000118617 -0.000047192 1.000000000 -0.000587731
1.000000000 -0.000131656 -0.000056133 0.000785205 0.000131659 1.000000000 0.000060370 -0.000804885 0.000056125 -0.000060378 1.000000000 0.001176185
1.000000000 -0.000152476 -0.000062509 0.000057468 0.000152482 1.000000000 0.000087726 -0.000879422 0.000062496 -0.000087736 1.000000000 -0.000467063
1.000000000 -0.000044607 -0.000089938 0.000600877 0.000044613 1.000000000 0.000062721 -0.000056039 0.000089935 -0.000062725 1.000000000 -0.001823954
1.000000000 -0.000010229 -0.000005391 -0.000431127 0.000010229 1.000000000 0.000044778 0.000592316 0.000005390 -0.000044778 1.000000000 0.002671000
1.000000000 -0.000093876 -0.000055862 0.000781035 0.000093877 1.000000000 0.000016069 0.000581258 0.000055861 -0.000016074 1.000000000 0.000076426
1.000000000 -0.000117044 -0.000133797 0.001099163 0.000117051 1.000000000 0.000051116 0.000153653 0.000133791 -0.000051131 1.000000000 -0.000372089
1.000000000 -0.000105155 -0.000055717 -0.000062083 0.000105154 1.000000000 -0.000028473 0.001747920 0.000055720 0.000028467 1.000000000 0.002441051
0.999999940 -0.000219472 -0.000136157 0.001068291 0.000219486 1.000000000 0.000100241 0.000109112 0.000136135 -0.000100271 1.000000000 -0.001638419
1.000000000 -0.000137176 -0.000152163 0.001221412 0.000137184 1.000000000 0.000051109 -0.000502068 0.000152156 -0.000051130 1.000000000 -0.002255858
1.000000000 -0.000147216 -0.000169597 0.003243290 0.000147238 1.000000000 0.000128653 -0.000958856 0.000169578 -0.000128678 1.000000000 -0.005121607
1.000000000 -0.000102334 -0.000055156 0.001044635 0.000102339 1.000000000 0.000080342 -0.000330421 0.000055148 -0.000080348 1.000000000 -0.003083236
1.000000000 -0.000081876 -0.000083968 0.001692639 0.000081878 1.000000000 0.000025191 0.000002306 0.000083966 -0.000025198 1.000000000 -0.000717109
1.000000000 -0.000028362 -0.000124861 0.001767575 0.000028378 1.000000000 0.000131595 -0.000837836 0.000124857 -0.000131598 1.000000000 -0.003508250
0.999999940 -0.000222178 -0.000143902 0.001634121 0.000222188 1.000000000 0.000071903 -0.000124864 0.000143886 -0.000071935 1.000000000 -0.003325098
1.000000000 -0.000196579 -0.000116176 0.001057088 0.000196590 1.000000000 0.000091926 0.000217207 0.000116158 -0.000091949 1.000000000 0.000896751
1.000000000 -0.000191122 -0.000110446 0.000153421 0.000191134 1.000000000 0.000103582 -0.001509458 0.000110427 -0.000103603 1.000000000 -0.003175956
1.000000000 -0.000060524 -0.000153501 0.003232629 0.000060539 1.000000000 0.000101152 -0.000451017 0.000153495 -0.000101161 1.000000000 -0.001690089
1.000000000 -0.000082397 -0.000161382 0.003021028 0.000082410 1.000000000 0.000078077 -0.001227038 0.000161376 -0.000078090 1.000000000 -0.001679554
0.999999940 -0.000200552 -0.000187344 0.002743883 0.000200577 1.000000000 0.000132531 -0.001336841 0.000187318 -0.000132569 1.000000000 -0.005169563
0.999999940 -0.000176700 -0.000190698 0.002388756 0.000176718 1.000000000 0.000094055 0.000109340 0.000190681 -0.000094089 1.000000000 -0.001638079
1.000000000 -0.000164678 -0.000148571 0.002960062 0.000164689 1.000000000 0.000071011 0.000074652 0.000148560 -0.000071036 1.000000000 -0.003443932
0.999999940 -0.000228920 -0.000165257 0.003402414 0.000228937 0.999999940 0.000101770 -0.000704994 0.000165234 -0.000101808 1.000000000 -0.003905446
0.999999940 -0.000226842 -0.000114619 0.000310037 0.000226850 1.000000000 0.000075528 -0.000878961 0.000114602 -0.000075554 1.000000000 -0.002832599
1.000000000 -0.000044743 -0.000198820 0.002928789 0.000044771 1.000000000 0.000136649 -0.000882691 0.000198814 -0.000136658 1.000000000 -0.003339835
0.999999940 -0.000238588 -0.000213234 0.004378864 0.000238613 0.999999940 0.000119221 -0.001010849 0.000213206 -0.000119272 0.999999940 -0.003367360
0.999999940 -0.000194641 -0.000222129 0.003536073 0.000194668 1.000000000 0.000120221 -0.000619716 0.000222106 -0.000120265 0.999999940 -0.002522848
1.000000000 -0.000169306 -0.000154621 0.002585051 0.000169323 1.000000000 0.000105648 -0.000455493 0.000154603 -0.000105674 1.000000000 -0.004949694
1.000000000 -0.000090546 -0.000140839 0.002892050 0.000090556 1.000000000 0.000068876 -0.001165344 0.000140832 -0.000068889 1.000000000 -0.003284220
1.000000000 -0.000115294 -0.000145042 0.002627627 0.000115307 1.000000000 0.000088726 -0.000700112 0.000145031 -0.000088742 1.000000000 -0.001690358
0.999999940 -0.000198072 -0.000159860 0.002150591 0.000198096 0.999999940 0.000146102 -0.001647990 0.000159831 -0.000146134 1.000000000 -0.005050082
0.999999940 -0.000217632 -0.000229958 0.003239518 0.000217652 1.000000000 0.000088108 0.000270614 0.000229939 -0.000088158 0.999999940 -0.002451586
0.999999940 -0.000202713 -0.000203250 0.004043731 0.000202738 1.000000000 0.000124609 0.000397465 0.000203225 -0.000124650 1.000000000 -0.004328463
1.000000000 -0.000166060 -0.000110417 0.001021101 0.000166070 1.000000000 0.000088636 -0.000194862 0.000110402 -0.000088655 1.000000000 -0.003211993
0.999999940 -0.000161859 -0.000184188 0.002566933 0.000161887 1.000000000 0.000151390 -0.001179426 0.000184164 -0.000151420 1.000000000 -0.004662406
0.999999940 -0.000175254 -0.000210533 0.005006243 0.000175270 1.000000000 0.000075270 -0.001885381 0.000210520 -0.000075307 1.000000000 -0.001703559
1.000000000 -0.000218748 -0.000008227 0.000819540 0.000218744 0.999999821 -0.000537642 -0.002549754 0.000008345 0.000537640 0.999999881 0.050405961
1.000000000 -0.000030930 -0.000158060 0.003432410 0.000030752 0.999999344 -0.001121207 -0.004076876 0.000158094 0.001121202 0.999999344 0.141386151
1.000000000 -0.000146485 -0.000088123 0.004231242 0.000146356 0.999998927 -0.001472487 -0.007933088 0.000088339 0.001472474 0.999998927 0.258591384
1.000000000 -0.000109760 -0.000029824 0.006122492 0.000109718 0.999999046 -0.001386575 -0.011403515 0.000029976 0.001386572 0.999999046 0.393096924
1.000000000 -0.000034912 -0.000134587 0.009946565 0.000034755 0.999999344 -0.001164025 -0.018343549 0.000134627 0.001164020 0.999999285 0.529540956
1.000000000 0.000079711 -0.000051009 0.011702760 -0.000079768 0.999999344 -0.001122317 -0.020732105 0.000050919 0.001122321 0.999999344 0.686136484
1.000000000 -0.000000993 0.000088928 0.015790747 0.000001074 0.999999583 -0.000916510 -0.024454974 -0.000088927 0.000916510 0.999999583 0.846464336
0.999999940 0.000331739 0.000226978 0.011324825 -0.000331563 0.999999642 -0.000776725 -0.026154969 -0.000227235 0.000776649 0.999999702 1.027318716
1.000000000 0.000087506 -0.000193208 0.025399279 -0.000087616 0.999999821 -0.000566948 -0.037479844 0.000193158 0.000566965 0.999999821 1.187842965
1.000000000 0.000024837 -0.000011400 0.027675010 -0.000024840 0.999999940 -0.000279452 -0.040918436 0.000011393 0.000279452 0.999999940 1.365701675
1.000000000 0.000154484 -0.000117354 0.029410906 -0.000154526 0.999999940 -0.000351392 -0.049005967 0.000117299 0.000351410 0.999999940 1.577361584
1.000000000 0.000082931 0.000183048 0.033289678 -0.000082885 0.999999940 -0.000251905 -0.056684330 -0.000183069 0.000251890 0.999999940 1.772955656
0.999999940 -0.000306771 -0.000191954 0.041717991 0.000306779 0.999999940 0.000045129 -0.058736466 0.000191940 -0.000045188 1.000000000 1.968799233
1.000000000 0.000171332 0.000047170 0.038129479 -0.000171334 1.000000000 0.000037718 -0.067063607 -0.000047164 -0.000037726 1.000000000 2.187778473
0.999999881 -0.000245167 -0.000374292 0.044175290 0.000245263 0.999999940 0.000256701 -0.070514537 0.000374229 -0.000256793 0.999999881 2.398557186
0.999996662 -0.002583826 -0.000055719 0.069964528 0.002583829 0.999996662 0.000040013 -0.114719301 0.000055616 -0.000040157 1.000000000 2.587957621
0.999996901 -0.002486001 0.000015675 0.072316229 0.002485999 0.999996841 0.000162353 -0.120743215 -0.000016078 -0.000162313 1.000000000 2.824102163
0.999997795 -0.002100601 0.000114970 0.076023333 0.002100570 0.999997795 0.000266085 -0.126540080 -0.000115529 -0.000265843 0.999999940 3.053788900
0.999996662 -0.002578337 0.000239042 0.080040149 0.002578285 0.999996662 0.000217801 -0.132845640 -0.000239603 -0.000217183 0.999999940 3.299126387
0.999995232 -0.003082051 -0.000082313 0.087297127 0.003082045 0.999995232 -0.000078267 -0.141866222 0.000082554 0.000078013 1.000000000 3.539994478
0.999996126 -0.002789421 -0.000142557 0.091425449 0.002789434 0.999996066 0.000086577 -0.149151534 0.000142315 -0.000086974 0.999999940 3.790842295
0.999994814 -0.003200206 0.000043111 0.094507389 0.003200201 0.999994814 0.000114342 -0.155616879 -0.000043476 -0.000114203 0.999999940 4.057165623
0.999997199 -0.002327376 0.000482943 0.090451688 0.002327248 0.999997199 0.000265403 -0.160966769 -0.000483559 -0.000264278 0.999999821 4.317693233
0.999996543 -0.002627948 0.000135475 0.107922636 0.002627816 0.999996066 0.000964182 -0.180259317 -0.000138008 -0.000963823 0.999999464 4.551817894
0.999996722 -0.002505010 0.000463520 0.112950005 0.002504519 0.999996305 0.001056027 -0.187182575 -0.000466164 -0.001054863 0.999999344 4.807851791
0.999996424 -0.002683426 0.000277582 0.120325871 0.002683057 0.999995530 0.001322745 -0.199014306 -0.000281130 -0.001321995 0.999999046 5.063389778
0.999996901 -0.002422137 0.000407123 0.115707114 0.002421608 0.999996185 0.001295127 -0.206979752 -0.000410258 -0.001294137 0.999999046 5.319725513
0.999997079 -0.002373977 0.000391945 0.130735561 0.002373408 0.999996066 0.001444433 -0.210611939 -0.000395372 -0.001443498 0.999998868 5.597962856
0.999995947 -0.002828250 0.000219194 0.123890348 0.002827975 0.999995232 0.001244160 -0.228342786 -0.000222712 -0.001243535 0.999999225 5.846034527
0.999995768 -0.002900408 0.000346405 0.131410137 0.002899955 0.999994993 0.001301902 -0.239772469 -0.000350180 -0.001300892 0.999999106 6.119254589
0.999995828 -0.002842210 0.000388446 0.133001864 0.002841639 0.999994874 0.001463020 -0.246142060 -0.000392602 -0.001461910 0.999998868 6.409742832
0.999995708 -0.002868265 0.000484247 0.137567014 0.002867494 0.999994636 0.001583796 -0.257526845 -0.000488787 -0.001582401 0.999998689 6.686307430
0.999996483 -0.002589342 0.000470326 0.147099882 0.002588525 0.999995112 0.001729601 -0.267014116 -0.000474802 -0.001728377 0.999998450 6.984713078
0.999995112 -0.003115499 0.000227211 0.162944019 0.003115080 0.999993503 0.001820120 -0.281684518 -0.000232880 -0.001819403 0.999998331 7.259829521
0.999997437 -0.002180633 0.000644720 0.157093719 0.002179648 0.999996424 0.001525167 -0.293376178 -0.000648044 -0.001523758 0.999998629 7.598720074
0.999995589 -0.002941731 0.000484804 0.170361325 0.002940914 0.999994218 0.001678250 -0.305293620 -0.000489739 -0.001676817 0.999998450 7.907371998
0.999995887 -0.002822507 0.000649996 0.170837522 0.002821365 0.999994516 0.001751433 -0.312805206 -0.000654936 -0.001749592 0.999998212 8.231671333
0.999996901 -0.002434658 0.000662161 0.178817689 0.002433408 0.999995351 0.001882056 -0.318940997 -0.000666740 -0.001880438 0.999997973 8.556559563
0.999996781 -0.002457686 0.000701544 0.182554618 0.002456336 0.999995232 0.001920205 -0.333422571 -0.000706260 -0.001918475 0.999997854 8.905436516
0.999996841 -0.002308829 0.001018148 0.180500701 0.002306831 0.999995410 0.001958578 -0.341097295 -0.001022665 -0.001956223 0.999997556 9.228494644
0.999996185 -0.002568855 0.000987389 0.192540362 0.002566613 0.999994099 0.002265450 -0.362891287 -0.000993203 -0.002262908 0.999996960 9.561055183
0.999995947 -0.002651932 0.000973520 0.203076810 0.002649595 0.999993563 0.002394419 -0.373063594 -0.000979864 -0.002391830 0.999996662 9.902529716
0.999996722 -0.002341170 0.001072521 0.205789670 0.002338778 0.999994814 0.002226418 -0.380682230 -0.001077728 -0.002223903 0.999996960 10.281103134
0.999996245 -0.002530840 0.001048855 0.216709867 0.002528121 0.999993503 0.002585914 -0.393790185 -0.001055393 -0.002583252 0.999996126 10.636392593
0.999996603 -0.002388822 0.001003306 0.222802877 0.002385930 0.999993026 0.002873744 -0.410245925 -0.001010164 -0.002871341 0.999995351 10.990782738
0.999997079 -0.002183296 0.001080575 0.231850773 0.002180161 0.999993443 0.002894404 -0.422878295 -0.001086887 -0.002892040 0.999995232 11.363203049
0.999997556 -0.001816379 0.001289950 0.236419216 0.001812625 0.999994159 0.002905317 -0.428258419 -0.001295220 -0.002902971 0.999994934 11.751992226
0.999997199 -0.002101558 0.001122143 0.249959216 0.002097907 0.999992609 0.003244835 -0.444187433 -0.001128953 -0.003242472 0.999994099 12.120162010
0.999996960 -0.002154768 0.001301923 0.258671612 0.002150485 0.999992430 0.003281942 -0.459832221 -0.001308985 -0.003279133 0.999993742 12.497770309
0.999996781 -0.002293385 0.001112506 0.266083866 0.002289842 0.999992371 0.003175202 -0.470370173 -0.001119780 -0.003172644 0.999994338 12.897502899
0.999997914 -0.001641019 0.001251108 0.279663831 0.001636511 0.999992251 0.003596124 -0.485051095 -0.001256999 -0.003594068 0.999992788 13.283289909
0.999997556 -0.001589121 0.001537512 0.284859657 0.001583340 0.999991655 0.003754006 -0.495648384 -0.001543465 -0.003751563 0.999991775 13.694578171
0.999996960 -0.001993170 0.001526640 0.295986950 0.001987515 0.999991119 0.003696974 -0.515336394 -0.001533995 -0.003693928 0.999991953 14.085401535
0.999995172 -0.002678296 0.001553530 0.306840062 0.002672902 0.999990344 0.003463930 -0.524167776 -0.001562792 -0.003459761 0.999992788 14.510777473
0.999994457 -0.002785922 0.001807563 0.322511047 0.002779044 0.999988914 0.003796418 -0.543065548 -0.001818119 -0.003791374 0.999991179 14.920776367
0.999994516 -0.002769532 0.001807085 0.334861398 0.002761960 0.999987423 0.004179229 -0.560693383 -0.001818637 -0.004174215 0.999989629 15.343657494
0.999994695 -0.002159886 0.002431317 0.345621824 0.002149543 0.999988616 0.004248641 -0.569519937 -0.002440466 -0.004243393 0.999988019 15.771536827
0.999994695 -0.001942892 0.002602785 0.357485354 0.001931078 0.999987900 0.004533945 -0.583122194 -0.002611562 -0.004528895 0.999986351 16.215837479
0.999993742 -0.002378230 0.002613890 0.374093473 0.002366505 0.999987245 0.004479635 -0.598181486 -0.002624510 -0.004473422 0.999986529 16.649160385
0.999992788 -0.002522828 0.002822894 0.376710743 0.002510146 0.999986768 0.004487058 -0.609939635 -0.002834177 -0.004479941 0.999985933 17.087530136
0.999991715 -0.002281651 0.003369084 0.384307921 0.002265660 0.999986231 0.004742787 -0.619882584 -0.003379858 -0.004735115 0.999983132 17.555646896
0.999989748 -0.003320825 0.003068611 0.405061305 0.003307190 0.999984622 0.004437682 -0.632160902 -0.003083301 -0.004427488 0.999985456 18.015550613
0.999988735 -0.003068968 0.003649159 0.414944053 0.003052003 0.999984503 0.004645900 -0.647526741 -0.003663361 -0.004634710 0.999982595 18.483137131
0.999987841 -0.002967917 0.003938591 0.411553323 0.002948034 0.999982953 0.005044404 -0.668286026 -0.003953495 -0.005032731 0.999979496 18.907779694
0.999989331 -0.002713853 0.003757699 0.428711355 0.002693649 0.999981940 0.005371245 -0.680430830 -0.003772208 -0.005361065 0.999978483 19.383960724
0.999989867 -0.002083096 0.003984386 0.438150913 0.002062176 0.999984086 0.005247371 -0.691228151 -0.003995252 -0.005239101 0.999978304 19.845376968
0.999988556 -0.002273394 0.004216918 0.452035993 0.002251053 0.999983430 0.005295266 -0.702106893 -0.004228885 -0.005285712 0.999977052 20.351396561
0.999990344 -0.003249715 0.002961898 0.486739755 0.003233697 0.999980152 0.005397147 -0.727399766 -0.002979379 -0.005387517 0.999980986 20.804300308
0.999991894 -0.003337640 0.002264490 0.493158758 0.003325619 0.999980390 0.005292048 -0.733852208 -0.002282109 -0.005284473 0.999983370 21.316186905
0.999992609 -0.003071068 0.002325884 0.495343149 0.003057654 0.999978781 0.005749017 -0.753623426 -0.002343490 -0.005741863 0.999980807 21.810632706
0.999992371 -0.003245371 0.002167929 0.507631421 0.003232318 0.999976695 0.005997642 -0.764131188 -0.002187343 -0.005990588 0.999979615 22.309207916
0.999993801 -0.003072578 0.001730180 0.521152854 0.003062157 0.999977291 0.005994053 -0.784210503 -0.001748558 -0.005988717 0.999980509 22.782600403
0.999995232 -0.002833956 0.001238571 0.530482292 0.002826265 0.999976933 0.006168285 -0.802550197 -0.001256023 -0.006164755 0.999980152 23.308361053
0.999991417 -0.004138673 0.000349312 0.553520799 0.004136485 0.999973118 0.006048503 -0.814943552 -0.000374335 -0.006047005 0.999981642 23.808139801
0.999994576 -0.003290166 0.000191376 0.556882739 0.003288929 0.999975741 0.006140659 -0.833367050 -0.000211575 -0.006139996 0.999981105 24.317605972
0.999993801 -0.003479947 -0.000721096 0.571347117 0.003484361 0.999974608 0.006212263 -0.844571292 0.000699460 -0.006214736 0.999980450 24.851545334
0.999995351 -0.002821451 -0.001222423 0.574789107 0.002829267 0.999975324 0.006440120 -0.852984190 0.001204223 -0.006443548 0.999978542 25.383094788
0.999993920 -0.003131714 -0.001583400 0.587941051 0.003141989 0.999973834 0.006529338 -0.865996182 0.001562911 -0.006534274 0.999977410 25.920408249
0.999992907 -0.003325288 -0.001757354 0.581057131 0.003337717 0.999969125 0.007117667 -0.887967110 0.001733632 -0.007123482 0.999973118 26.451557159
0.999985993 -0.004348375 -0.003027288 0.606084228 0.004370598 0.999963343 0.007373351 -0.906015158 0.002995114 -0.007386479 0.999968231 27.000751495
0.999988675 -0.003410138 -0.003327488 0.618300498 0.003434232 0.999967754 0.007262202 -0.922053635 0.003302616 -0.007273547 0.999968052 27.537717819
0.999990404 -0.002812155 -0.003359938 0.625276208 0.002837091 0.999968350 0.007440142 -0.928780794 0.003338909 -0.007449603 0.999966621 28.085456848
0.999991834 -0.002215529 -0.003356953 0.616930127 0.002241234 0.999968052 0.007673028 -0.961074650 0.003339846 -0.007680488 0.999964952 28.610717773
0.999987900 -0.003045273 -0.003851309 0.627947867 0.003075595 0.999964118 0.007891700 -0.973040819 0.003827139 -0.007903449 0.999961436 29.160331726
0.999988675 -0.002243253 -0.004191507 0.636677921 0.002275899 0.999966979 0.007800055 -0.984641850 0.004173871 -0.007809507 0.999960899 29.713167191
0.999988794 -0.002243300 -0.004197394 0.635459065 0.002276172 0.999966621 0.007843298 -1.001711130 0.004179660 -0.007852762 0.999960363 30.241617203
0.999988258 -0.001980915 -0.004440922 0.643059373 0.002015500 0.999967515 0.007797016 -1.011238694 0.004425333 -0.007805875 0.999959767 30.785549164
0.999983430 -0.002773747 -0.005068547 0.663949728 0.002814404 0.999963820 0.008032020 -1.027131557 0.005046085 -0.008046151 0.999954879 31.327047348
0.999980867 -0.003262798 -0.005259960 0.672852993 0.003307468 0.999958336 0.008506376 -1.065482140 0.005231987 -0.008523610 0.999949992 31.868307114
0.999980211 -0.003371872 -0.005320840 0.691857040 0.003418106 0.999956310 0.008704103 -1.079963684 0.005291258 -0.008722117 0.999947906 32.397731781
0.999980628 -0.002987148 -0.005465942 0.688063741 0.003033520 0.999959290 0.008495341 -1.088143945 0.005440343 -0.008511758 0.999948919 32.970439911
0.999977112 -0.003405211 -0.005846149 0.703829050 0.003456628 0.999955177 0.008807337 -1.120165586 0.005815897 -0.008827343 0.999944150 33.500587463
0.999974012 -0.003810609 -0.006132661 0.713760495 0.003865237 0.999952674 0.008920621 -1.129586697 0.006098379 -0.008944092 0.999941409 34.051425934
0.999967992 -0.004107795 -0.006870964 0.736919999 0.004171143 0.999948680 0.009231117 -1.147618055 0.006832690 -0.009259480 0.999933839 34.571681976
0.999971807 -0.003983990 -0.006369861 0.741610765 0.004045708 0.999944746 0.009705721 -1.158517361 0.006330841 -0.009731218 0.999932647 35.121570587
0.999973476 -0.003528282 -0.006368486 0.734335721 0.003589641 0.999947011 0.009649223 -1.187148929 0.006334104 -0.009671828 0.999933183 35.629859924
0.999976099 -0.002840522 -0.006304529 0.736708403 0.002902724 0.999947011 0.009879171 -1.203348517 0.006276133 -0.009897235 0.999931395 36.160182953
0.999974132 -0.003143742 -0.006453049 0.739885509 0.003210800 0.999940753 0.010407928 -1.223619938 0.006419946 -0.010428380 0.999925017 36.692646027
0.999973834 -0.002907724 -0.006624287 0.751392245 0.002973486 0.999946177 0.009939379 -1.225820780 0.006595030 -0.009958817 0.999928653 37.249904633
0.999974847 -0.002795779 -0.006508327 0.743067503 0.002858364 0.999949634 0.009626755 -1.226855755 0.006481085 -0.009645117 0.999932528 37.777008057
0.999967575 -0.003720132 -0.007157915 0.758841097 0.003797542 0.999934077 0.010831458 -1.271214485 0.007117150 -0.010858287 0.999915659 38.302608490
0.999963641 -0.004140753 -0.007455048 0.771558046 0.004222076 0.999931395 0.010926030 -1.281935811 0.007409296 -0.010957108 0.999912441 38.851650238
0.999963582 -0.003825329 -0.007624639 0.780912876 0.003910440 0.999929845 0.011179133 -1.300209761 0.007581341 -0.011208542 0.999908447 39.386016846
0.999969959 -0.003098001 -0.007110500 0.783593535 0.003176731 0.999933481 0.011087910 -1.307657599 0.007075677 -0.011110164 0.999913216 39.962562561
0.999966264 -0.003742238 -0.007314150 0.787874520 0.003822946 0.999931574 0.011051900 -1.315244913 0.007272291 -0.011079486 0.999912202 40.503131866
0.999960363 -0.004081159 -0.007914849 0.801376998 0.004173746 0.999922574 0.011716814 -1.353925705 0.007866419 -0.011749383 0.999899983 41.020244598
0.999958456 -0.004051723 -0.008161810 0.815411687 0.004147606 0.999922156 0.011765317 -1.366993904 0.008113505 -0.011798681 0.999897480 41.562519073
0.999954522 -0.004472272 -0.008419419 0.825874567 0.004571592 0.999919713 0.011814545 -1.369260311 0.008365904 -0.011852496 0.999894798 42.116107941
0.999955654 -0.004265375 -0.008391545 0.824391067 0.004368223 0.999915063 0.012276222 -1.377635121 0.008338469 -0.012312335 0.999889433 42.653442383
0.999953270 -0.004710802 -0.008442838 0.833082318 0.004814699 0.999912441 0.012328080 -1.411638975 0.008384023 -0.012368153 0.999888301 43.182476044
0.999955058 -0.004437004 -0.008381234 0.838204920 0.004537698 0.999917328 0.012033670 -1.421977997 0.008327146 -0.012071161 0.999892473 43.729518890
0.999953747 -0.004708483 -0.008384218 0.837450802 0.004812237 0.999911606 0.012398127 -1.426746726 0.008325102 -0.012437901 0.999887943 44.296218872
0.999950469 -0.004772380 -0.008729968 0.860433102 0.004882420 0.999908268 0.012627266 -1.449689627 0.008668905 -0.012669263 0.999882162 44.805343628
0.999947906 -0.005444974 -0.008644333 0.871844769 0.005553729 0.999904990 0.012607256 -1.456313372 0.008574867 -0.012654606 0.999883175 45.349170685
0.999948204 -0.005196298 -0.008747501 0.879452348 0.005303582 0.999910355 0.012286363 -1.457091093 0.008682876 -0.012332119 0.999886274 45.900825500
0.999950171 -0.004891206 -0.008701660 0.880529046 0.005002459 0.999905467 0.012809799 -1.481476307 0.008638180 -0.012852690 0.999880016 46.415088654
0.999948025 -0.004917637 -0.008939497 0.888728082 0.005035158 0.999900699 0.013171553 -1.491025925 0.008873833 -0.013215880 0.999873281 46.970905304
0.999951839 -0.004476650 -0.008734890 0.886292696 0.004590651 0.999904037 0.013075114 -1.496691108 0.008675518 -0.013114583 0.999876320 47.528347015
0.999954581 -0.004448239 -0.008419554 0.889819443 0.004558551 0.999903500 0.013128387 -1.510531902 0.008360341 -0.013166171 0.999878407 48.035438538
0.999947250 -0.005097753 -0.008915559 0.907480717 0.005215596 0.999898672 0.013244851 -1.524395943 0.008847138 -0.013290655 0.999872446 48.538646698
0.999946475 -0.004832775 -0.009159770 0.919918180 0.004954710 0.999898732 0.013336295 -1.538096309 0.009094393 -0.013380962 0.999869049 49.084774017
0.999949276 -0.004492080 -0.009014299 0.919724703 0.004609704 0.999903977 0.013070549 -1.542013407 0.008954718 -0.013111439 0.999873877 49.598052979
0.999948561 -0.004805308 -0.008930284 0.925615549 0.004925600 0.999896765 0.013497244 -1.557320833 0.008864504 -0.013540537 0.999868989 50.124111176
0.999947071 -0.004739359 -0.009120606 0.927134871 0.004862414 0.999896765 0.013517560 -1.569786906 0.009055600 -0.013561194 0.999867082 50.662422180
0.999951959 -0.004332511 -0.008789420 0.938355029 0.004450069 0.999900281 0.013399775 -1.570488691 0.008730491 -0.013438245 0.999871552 51.172920227
0.999949753 -0.004651247 -0.008879825 0.943010449 0.004766201 0.999904513 0.012968425 -1.577345371 0.008818658 -0.013010095 0.999876499 51.728565216
0.999950409 -0.004577729 -0.008837469 0.952916801 0.004696313 0.999898553 0.013444474 -1.585686207 0.008775027 -0.013485312 0.999870539 52.242034912
0.999952734 -0.004276076 -0.008725551 0.955532789 0.004390188 0.999904573 0.013100941 -1.594490528 0.008668697 -0.013138629 0.999876082 52.785564423
0.999953389 -0.004293215 -0.008643869 0.957016647 0.004405056 0.999906301 0.012961419 -1.606219649 0.008587413 -0.012998894 0.999878585 53.325668335
0.999951601 -0.004136963 -0.008942868 0.979126394 0.004255471 0.999902844 0.013273434 -1.611961842 0.008887090 -0.013310846 0.999871850 53.806884766
0.999954522 -0.003912608 -0.008706948 0.980493665 0.004025547 0.999907494 0.012991688 -1.623474836 0.008655312 -0.013026146 0.999877632 54.364639282
0.999954998 -0.003705318 -0.008741661 0.982084513 0.003819314 0.999907494 0.013060178 -1.627328515 0.008692460 -0.013092975 0.999876499 54.918415070
0.999949813 -0.004197537 -0.009099316 1.005649090 0.004316885 0.999904335 0.013136501 -1.634922028 0.009043305 -0.013175122 0.999872267 55.392307281
0.999947369 -0.004571264 -0.009188593 1.014271736 0.004689823 0.999905467 0.012923069 -1.645817280 0.009128651 -0.012965481 0.999874234 55.935928345
0.999950528 -0.004315797 -0.008960938 1.018541574 0.004427515 0.999912202 0.012484990 -1.647051811 0.008906269 -0.012524046 0.999881864 56.489025116
0.999955773 -0.003790498 -0.008603630 1.023893356 0.003897866 0.999914289 0.012497188 -1.657658339 0.008555522 -0.012530171 0.999884903 57.033790588
0.999955475 -0.003847458 -0.008616282 1.035045981 0.003959415 0.999907434 0.013014469 -1.672084808 0.008565412 -0.013048004 0.999878168 57.474628448
0.999955833 -0.004008557 -0.008496631 1.042662621 0.004121054 0.999903560 0.013264319 -1.682624817 0.008442641 -0.013298748 0.999875903 58.017963409
0.999957263 -0.003381417 -0.008610261 1.050714016 0.003495150 0.999906421 0.013228380 -1.693133354 0.008564724 -0.013257909 0.999875426 58.548809052
0.999947548 -0.004479724 -0.009209260 1.066636086 0.004598760 0.999905586 0.012945401 -1.699160337 0.009150401 -0.012987073 0.999873757 59.079643250
0.999956310 -0.003800280 -0.008542471 1.063384056 0.003908912 0.999911249 0.012736158 -1.695722342 0.008493312 -0.012768993 0.999882340 59.575157166
0.999960601 -0.003416434 -0.008203398 1.072374821 0.003520794 0.999912560 0.012740951 -1.706513405 0.008159152 -0.012769330 0.999885201 60.123683929
0.999949515 -0.004044630 -0.009195065 1.104583025 0.004161993 0.999909699 0.012780712 -1.716178298 0.009142540 -0.012818336 0.999876022 60.655323029
0.999953687 -0.003838197 -0.008829439 1.100801468 0.003949039 0.999913156 0.012570753 -1.722795367 0.008780424 -0.012605038 0.999881983 61.208110809
0.999952912 -0.003736405 -0.008959872 1.110918522 0.003846915 0.999916315 0.012348478 -1.737732649 0.008912983 -0.012382362 0.999883592 61.715896606
0.999960542 -0.003040212 -0.008359422 1.123755455 0.003137397 0.999927342 0.011637311 -1.722864389 0.008323434 -0.011663080 0.999897361 62.227119446
0.999955714 -0.003245483 -0.008831386 1.144421339 0.003356249 0.999915481 0.012556477 -1.732487917 0.008789890 -0.012585563 0.999882162 62.702934265
0.999957860 -0.002595694 -0.008798687 1.145572543 0.002705326 0.999918520 0.012471150 -1.739449501 0.008765601 -0.012494427 0.999883533 63.228179932
0.999957979 -0.002722878 -0.008757428 1.148074746 0.002828840 0.999922633 0.012110129 -1.744983912 0.008723777 -0.012134392 0.999888301 63.783760071
0.999963284 -0.001867480 -0.008359971 1.140577555 0.001970758 0.999921620 0.012362737 -1.756763220 0.008336231 -0.012378760 0.999888659 64.324310303
0.999961674 -0.002757097 -0.008307527 1.158582687 0.002858947 0.999920547 0.012273158 -1.759534359 0.008273029 -0.012296436 0.999890089 64.770721436
0.999958813 -0.003407272 -0.008416994 1.164303064 0.003508391 0.999921501 0.012028147 -1.764540911 0.008375350 -0.012057180 0.999892175 65.329170227
0.999962926 -0.002584862 -0.008202398 1.167397022 0.002680462 0.999928355 0.011665600 -1.771607876 0.008171655 -0.011687156 0.999898255 65.865089417
0.999956131 -0.003445327 -0.008704551 1.179260015 0.003546190 0.999926388 0.011598712 -1.786118388 0.008663949 -0.011629070 0.999894798 66.385734558
0.999966323 -0.001827079 -0.007998969 1.184870481 0.001922709 0.999926507 0.011963949 -1.793648243 0.007976522 -0.011978925 0.999896348 66.838966370
0.999972403 -0.000963036 -0.007362188 1.187275290 0.001052218 0.999926031 0.012119268 -1.802201271 0.007349970 -0.012126680 0.999899387 67.384376526
0.999970257 -0.001511616 -0.007556491 1.182130814 0.001598681 0.999932170 0.011529210 -1.800934315 0.007538549 -0.011540947 0.999904931 67.957618713
0.999968469 -0.001124614 -0.007853584 1.199645281 0.001214832 0.999933243 0.011492178 -1.811475515 0.007840134 -0.011501357 0.999903083 68.453132629
0.999968350 -0.001537636 -0.007807846 1.204385519 0.001626169 0.999934196 0.011345199 -1.809572577 0.007789886 -0.011357536 0.999905109 68.970504761
0.999972999 -0.000498464 -0.007328117 1.209976435 0.000585433 0.999929368 0.011870502 -1.833668947 0.007321682 -0.011874473 0.999902666 69.402969360
0.999972224 -0.000752962 -0.007414952 1.219241261 0.000842722 0.999926269 0.012109639 -1.844651222 0.007405288 -0.012115552 0.999899209 69.950119019
0.999970675 -0.001081390 -0.007569140 1.226881862 0.001171260 0.999928772 0.011878854 -1.847949147 0.007555755 -0.011887372 0.999900818 70.505157471
0.999973953 -0.000449221 -0.007196714 1.230378866 0.000536199 0.999926805 0.012088433 -1.871924400 0.007190756 -0.012091977 0.999901056 70.998062134
0.999974549 -0.000823625 -0.007078559 1.243055820 0.000904635 0.999934077 0.011448822 -1.875270128 0.007068662 -0.011454935 0.999909401 71.522125244
0.999976814 -0.000115555 -0.006810068 1.222284317 0.000194716 0.999932408 0.011624449 -1.875195503 0.006808265 -0.011625506 0.999909163 72.003082275
0.999976158 -0.000072399 -0.006908705 1.233426213 0.000152135 0.999933302 0.011541510 -1.885169506 0.006907410 -0.011542285 0.999909520 72.560546875
0.999976099 -0.000167423 -0.006914733 1.249269605 0.000247024 0.999933660 0.011512512 -1.899706125 0.006912348 -0.011513947 0.999909759 73.091072083
0.999969721 -0.000831426 -0.007735030 1.282409668 0.000919452 0.999934793 0.011383617 -1.920018077 0.007725062 -0.011390384 0.999905229 73.578689575
0.999977767 -0.000142340 -0.006670448 1.259963751 0.000218112 0.999935389 0.011360102 -1.915698171 0.006668402 -0.011361304 0.999913216 74.072509766
0.999976158 0.000124607 -0.006902101 1.269416094 -0.000045991 0.999935091 0.011389005 -1.923350573 0.006903072 -0.011388417 0.999911368 74.608879089
0.999978006 0.000757098 -0.006589373 1.267231703 -0.000685324 0.999940395 0.010887851 -1.929276228 0.006597225 -0.010883095 0.999918997 75.162322998
0.999973893 -0.000229293 -0.007221651 1.279355526 0.000308736 0.999939442 0.011001484 -1.944075823 0.007218691 -0.011003426 0.999913454 75.692810059
0.999977171 0.000304433 -0.006738485 1.284446716 -0.000227515 0.999934852 0.011412402 -1.943023801 0.006741521 -0.011410611 0.999912143 76.219322205
0.999979615 0.000200977 -0.006388745 1.291637063 -0.000129205 0.999936819 0.011232521 -1.949745178 0.006390600 -0.011231466 0.999916494 76.775062561
0.999979317 0.000092441 -0.006420170 1.303089142 -0.000022158 0.999940097 0.010946304 -1.954368949 0.006420798 -0.010945937 0.999919415 77.323875427
0.999979734 0.000179693 -0.006349777 1.303389311 -0.000110049 0.999939859 0.010966733 -1.960061431 0.006351365 -0.010965816 0.999919653 77.822204590
0.999979973 0.000886210 -0.006254065 1.312064886 -0.000818844 0.999941707 0.010765855 -1.969237328 0.006263242 -0.010760519 0.999922514 78.372200012
0.999981463 0.000236022 -0.006084600 1.320193172 -0.000172894 0.999946177 0.010373561 -1.971068621 0.006086720 -0.010372315 0.999927700 78.920730591
0.999987662 0.000142547 -0.004964011 1.329066277 -0.000092540 0.999949276 0.010072662 -1.978671551 0.004965195 -0.010072078 0.999936998 79.470649719
0.999994755 0.000832077 -0.003124587 1.334614277 -0.000800218 0.999947846 0.010183675 -1.992585421 0.003132898 -0.010181121 0.999943256 79.992141724
0.999998689 0.000622206 -0.001439737 1.346767068 -0.000607719 0.999949396 0.010040773 -1.996822834 0.001445912 -0.010039885 0.999948561 80.527923584
0.999997914 0.000702515 0.001895116 1.366520762 -0.000721619 0.999948680 0.010098564 -2.007252455 -0.001887924 -0.010099910 0.999947250 81.072868347
0.999984562 -0.000331603 0.005533016 1.390854239 0.000275860 0.999949276 0.010072432 -2.015347481 -0.005536077 -0.010070751 0.999933958 81.619148254
0.999961793 0.000168938 0.008738108 1.407035112 -0.000260813 0.999944687 0.010514194 -2.026785135 -0.008735850 -0.010516073 0.999906540 82.169540405
0.999910116 0.000756939 0.013387563 1.433725595 -0.000885889 0.999953270 0.009628720 -2.029850483 -0.013379648 -0.009639712 0.999864042 82.732063293
0.999804914 0.001522065 0.019693946 1.450794697 -0.001717811 0.999949276 0.009926303 -2.040387154 -0.019677836 -0.009958197 0.999756753 83.292373657
0.999679983 0.000956537 0.025279600 1.482633829 -0.001198398 0.999953687 0.009554004 -2.050981760 -0.025269290 -0.009581239 0.999634743 83.839942932
0.999520600 0.001249466 0.030934619 1.521458507 -0.001543747 0.999953747 0.009490929 -2.055095673 -0.030921334 -0.009534135 0.999476373 84.383773804
0.999243736 0.001444160 0.038857408 1.560721874 -0.001809836 0.999954462 0.009377180 -2.057335854 -0.038842097 -0.009440416 0.999200761 84.998664856
0.998899758 0.000956458 0.046886873 1.598713875 -0.001390549 0.999956608 0.009226508 -2.069107056 -0.046876010 -0.009281555 0.998857617 85.500625610
0.998561680 0.000226393 0.053614300 1.646267653 -0.000709978 0.999959230 0.009000828 -2.076103449 -0.053610083 -0.009025947 0.998521149 86.031120300
0.998048246 0.000328505 0.062447045 1.698714495 -0.000891208 0.999959230 0.008983241 -2.083429337 -0.062441546 -0.009021360 0.998007953 86.569671631
0.997343361 0.000274672 0.072842002 1.753840923 -0.000914063 0.999961317 0.008744593 -2.090990543 -0.072836779 -0.008787942 0.997305155 87.122360229
0.996701241 0.000081888 0.081158325 1.823229313 -0.000798795 0.999960959 0.008801008 -2.099895954 -0.081154436 -0.008836804 0.996662378 87.666381836
0.996027589 -0.000341742 0.089045607 1.887259960 -0.000408241 0.999964595 0.008404101 -2.105356932 -0.089045331 -0.008407068 0.995992124 88.216651917
0.994965553 0.000144802 0.100217573 1.964832306 -0.000999863 0.999963522 0.008481866 -2.117366076 -0.100212686 -0.008539369 0.994929314 88.769287109
0.993880272 -0.000615792 0.110461533 2.054382324 -0.000348368 0.999962032 0.008708960 -2.131818533 -0.110462703 -0.008694144 0.993842244 89.298240662
0.992820263 -0.000537922 0.119613983 2.141231537 -0.000512158 0.999961615 0.008747987 -2.144518614 -0.119614087 -0.008746441 0.992781937 89.828796387
0.991419971 -0.000393639 0.130714759 2.235311508 -0.000765788 0.999960780 0.008819518 -2.154083490 -0.130713120 -0.008843945 0.991380751 90.372817993
0.989709795 -0.000931964 0.143087104 2.321148872 -0.000293343 0.999963462 0.008542031 -2.159891367 -0.143089861 -0.008496105 0.989673257 90.922210693
0.988218307 -0.001655759 0.153042421 2.441740990 0.000315703 0.999961436 0.008779996 -2.176658630 -0.153051049 -0.008628238 0.988180578 91.448753357
0.986487567 -0.001488247 0.163828984 2.551366806 0.000060830 0.999961972 0.008717511 -2.184296131 -0.163835764 -0.008589753 0.986450195 91.991394043
0.984287620 -0.002161648 0.176559642 2.672396660 0.000700719 0.999964952 0.008336355 -2.190068007 -0.176571518 -0.008081652 0.984254599 92.529098511
0.981925070 -0.002035826 0.189259127 2.794045448 0.000419137 0.999963045 0.008581829 -2.204571009 -0.189269617 -0.008347386 0.981889665 93.062957764
0.979976714 -0.002644122 0.199094445 2.926131248 0.000935593 0.999961853 0.008675088 -2.216220856 -0.199109808 -0.008315112 0.979941905 93.586433411
0.977220058 -0.003162184 0.212204948 3.068836212 0.001346322 0.999961197 0.008701060 -2.226444721 -0.212224260 -0.008217154 0.977186441 94.119087219
0.974299967 -0.003117622 0.225232765 3.213836670 0.001208476 0.999962151 0.008613699 -2.238814831 -0.225251094 -0.008120138 0.974266887 94.626426697
0.971513271 -0.003094356 0.236964807 3.365224838 0.001064505 0.999961555 0.008693513 -2.250215292 -0.236982629 -0.008193613 0.971479297 95.168167114
0.968532801 -0.003578405 0.248860002 3.531644821 0.001449395 0.999960780 0.008737756 -2.258376122 -0.248881504 -0.008102108 0.968499959 95.685241699
0.964967251 -0.004016072 0.262339622 3.701848984 0.001763791 0.999959528 0.008820276 -2.270157814 -0.262364417 -0.008048565 0.964935184 96.199645996
0.961584747 -0.004204290 0.274476022 3.880723953 0.001720770 0.999955356 0.009288374 -2.283505201 -0.274502814 -0.008459250 0.961548984 96.731697083
0.958420873 -0.005155713 0.285311878 4.070569992 0.002928115 0.999961793 0.008233621 -2.284147739 -0.285343379 -0.007055847 0.958399355 97.250663757
0.953974605 -0.004267330 0.299856752 4.251644135 0.001908811 0.999964893 0.008157969 -2.290771008 -0.299881071 -0.007210126 0.953949332 97.774978638
0.949569166 -0.004540539 0.313524544 4.448783875 0.002146553 0.999965906 0.007980505 -2.298954010 -0.313550055 -0.006905044 0.949546576 98.289421082
0.945960343 -0.006370648 0.324219525 4.650047302 0.003950248 0.999959230 0.008122920 -2.308892727 -0.324258029 -0.006403213 0.945946932 98.775497437
0.941278636 -0.005517373 0.337585419 4.853843689 0.002933072 0.999962389 0.008164827 -2.319161654 -0.337617785 -0.006695217 0.941259444 99.310066223
0.936222553 -0.006571390 0.351346105 5.067237854 0.003906044 0.999957919 0.008294347 -2.330543995 -0.351385832 -0.006392981 0.936208904 99.777160645
0.931637049 -0.006368625 0.363334507 5.290033340 0.003545758 0.999958158 0.008435752 -2.344340801 -0.363373071 -0.006570763 0.931620479 100.279838562
0.927569270 -0.008093978 0.373563468 5.525957108 0.005296987 0.999949753 0.008513274 -2.350526810 -0.373613566 -0.005917890 0.927565575 100.783203125
0.921878219 -0.006920001 0.387418002 5.745285034 0.004008472 0.999957323 0.008322751 -2.355349541 -0.387459159 -0.006119609 0.921866536 101.269073486
0.916453063 -0.008112243 0.400059789 6.004722595 0.005143961 0.999950707 0.008492842 -2.358432055 -0.400108933 -0.005725400 0.916449666 101.784515381
0.911409616 -0.008372050 0.411415040 6.253540039 0.005476580 0.999951303 0.008216119 -2.369160652 -0.411463737 -0.005235104 0.911410987 102.274360657
0.905166864 -0.008668398 0.424967945 6.532348633 0.005537611 0.999947608 0.008601782 -2.380394459 -0.425020337 -0.005432740 0.905167520 102.795730591
0.898421526 -0.008919758 0.439043343 6.784152985 0.005749923 0.999946892 0.008549107 -2.388824701 -0.439096272 -0.005156236 0.898425221 103.251251221
0.892438591 -0.009783226 0.451062799 7.087009430 0.006403541 0.999938846 0.009018391 -2.411192894 -0.451123446 -0.005159962 0.892446637 103.768226624
0.886858582 -0.010176822 0.461928904 7.353702545 0.007105161 0.999939501 0.008388595 -2.406324387 -0.461986303 -0.004157417 0.886877298 104.254089355
0.879947066 -0.011011487 0.474944085 7.638767242 0.007669151 0.999930263 0.008974267 -2.421985865 -0.475009888 -0.004254462 0.879970193 104.705780029
