1.000000000 0.000000000 0.000000000 0.000000000 0.000000000 1.000000000 0.000000000 0.000000000 0.000000000 0.000000000 1.000000000 0.000000000
1.000000000 -0.000053817 -0.000016495 0.000460589 0.000053818 1.000000000 0.000038299 -0.000205153 0.000016492 -0.000038300 1.000000000 -0.000691270
1.000000000 -0.000000306 0.000049695 -0.000119764 0.000000306 1.000000000 0.000009254 0.000333095 -0.000049695 -0.000009254 1.000000000 0.000298814
1.000000000 -0.000097593 0.000045455 -0.000250529 0.000097591 1.000000000 0.000040396 0.000338240 -0.000045459 -0.000040392 1.000000000 -0.000363655
1.000000000 -0.000146750 -0.000127950 0.001053317 0.000146748 1.000000000 -0.000019752 -0.000446504 0.000127953 0.000019733 1.000000000 -0.001080586
1.000000000 -0.000069395 0.000076341 0.000755050 0.000069387 1.000000000 0.000105669 -0.001086790 -0.000076348 -0.000105664 1.000000000 -0.000583049
1.000000000 0.000065597 0.000162890 -0.000597133 -0.000065582 1.000000000 -0.000086483 0.000896558 -0.000162896 0.000086472 1.000000000 0.000462837
1.000000000 -0.000019682 0.000130832 -0.000049003 0.000019675 1.000000000 0.000055972 -0.000439040 -0.000130833 -0.000055969 1.000000000 -0.000894088
1.000000000 -0.000181815 0.000082476 0.000681682 0.000181819 1.000000000 -0.000051663 0.000861894 -0.000082467 0.000051678 1.000000000 0.000405522
1.000000000 0.000036976 -0.000003178 0.000828381 -0.000036977 1.000000000 -0.000112581 0.000135549 0.000003174 0.000112581 1.000000000 -0.001250761
1.000000000 -0.000062278 0.000013940 0.001041169 0.000062279 1.000000000 -0.000092072 0.000846523 -0.000013934 0.000092073 1.000000000 0.000489451
1.000000000 -0.000059318 0.000109256 -0.000075961 0.000059324 1.000000000 -0.000051375 0.000398625 -0.000109253 0.000051381 1.000000000 -0.000110625
1.000000000 0.000005626 0.000075164 0.000007374 -0.000005635 1.000000000 0.000120609 -0.000696479 -0.000075164 -0.000120609 1.000000000 -0.000031072
1.000000000 0.000060705 -0.000031949 0.001330843 -0.000060705 1.000000000 0.000020580 -0.000054890 0.000031951 -0.000020578 1.000000000 -0.000513295
0.999999940 -0.000320831 -0.000059742 0.001201037 0.000320828 0.999999940 -0.000040755 0.000093735 0.000059755 0.000040736 1.000000000 -0.001176715
1.000000000 -0.000049318 0.000093408 0.000409402 0.000049295 0.999999940 0.000249673 -0.001517412 -0.000093420 -0.000249669 0.999999940 -0.000944620
1.000000000 0.000109682 -0.000160544 0.001268103 -0.000109673 1.000000000 0.000052083 -0.000144770 0.000160549 -0.000052065 1.000000000 -0.001062043
1.000000000 0.000052893 -0.000054600 0.000632908 -0.000052891 1.000000000 0.000027954 -0.000034771 0.000054602 -0.000027951 1.000000000 -0.000489928
1.000000000 -0.000024040 -0.000111462 0.001503966 0.000024038 1.000000000 -0.000020375 0.000963564 0.000111462 0.000020373 1.000000000 -0.000018500
1.000000000 0.000093060 -0.000135923 0.001073031 -0.000093058 1.000000000 0.000014320 0.000337435 0.000135924 -0.000014307 1.000000000 -0.001034488
1.000000000 0.000000566 0.000008553 0.000168737 -0.000000567 1.000000000 0.000094579 -0.000762667 -0.000008553 -0.000094579 1.000000000 -0.001237690
1.000000000 -0.000047707 -0.000111900 0.002323159 0.000047693 1.000000000 -0.000124591 0.000525668 0.000111906 0.000124585 1.000000000 -0.000359436
1.000000000 0.000081880 0.000004215 0.001159868 -0.000081881 1.000000000 0.000092233 0.000280725 -0.000004207 -0.000092233 1.000000000 0.000563975
1.000000000 0.000149856 -0.000061259 0.001451702 -0.000149859 1.000000000 -0.000056772 0.000774748 0.000061251 0.000056781 1.000000000 -0.001302980
1.000000000 -0.000082291 -0.000155852 0.001698147 0.000082294 1.000000000 0.000016406 -0.000253905 0.000155851 -0.000016419 1.000000000 -0.002140209
1.000000000 -0.000015692 -0.000097209 0.000830183 0.000015695 1.000000000 0.000029412 -0.000220159 0.000097208 -0.000029414 1.000000000 -0.001253462
1.000000000 0.000223937 0.000069003 -0.000508281 -0.000223938 1.000000000 0.000023768 0.000245510 -0.000068998 -0.000023783 1.000000000 0.001054367
1.000000000 -0.000109153 -0.000000913 0.000152800 0.000109153 1.000000000 0.000194721 -0.000503223 0.000000892 -0.000194721 1.000000000 0.000410686
1.000000000 0.000056933 0.000045240 -0.000163127 -0.000056935 1.000000000 0.000051088 -0.000330472 -0.000045237 -0.000051090 1.000000000 -0.000944060
1.000000000 -0.000117569 0.000093719 0.000335169 0.000117556 1.000000000 0.000137677 -0.001379021 -0.000093735 -0.000137666 1.000000000 -0.001230117
1.000000000 -0.000169825 0.000149594 -0.000344672 0.000169808 1.000000000 0.000111153 -0.000823010 -0.000149613 -0.000111128 1.000000000 -0.001010330
1.000000000 -0.000015631 0.000049140 0.000591476 0.000015630 1.000000000 0.000009756 -0.000417456 -0.000049140 -0.000009756 1.000000000 -0.001054772
1.000000000 -0.000087125 -0.000112952 0.001543315 0.000087136 1.000000000 0.000092455 -0.000463241 0.000112944 -0.000092465 1.000000000 0.000226840
1.000000000 0.000077912 0.000077861 0.000154798 -0.000077908 1.000000000 -0.000055442 0.000511922 -0.000077865 0.000055436 1.000000000 0.000744705
1.000000000 -0.000024702 -0.000086682 0.001602323 0.000024701 1.000000000 -0.000007569 0.000398847 0.000086682 0.000007567 1.000000000 -0.000478780
1.000000000 -0.000052272 0.000072162 0.000037508 0.000052278 1.000000000 -0.000082599 0.000872636 -0.000072158 0.000082603 1.000000000 0.000068970
1.000000000 -0.000202179 -0.000119356 0.001528507 0.000202174 1.000000000 -0.000039404 0.000400104 0.000119364 0.000039380 1.000000000 0.000221582
1.000000000 -0.000190798 -0.000072234 0.001757041 0.000190798 1.000000000 0.000005491 0.000597185 0.000072233 -0.000005505 1.000000000 -0.000019733
0.999999940 -0.000255641 0.000159380 0.000520788 0.000255659 0.999999940 -0.000115247 0.001004846 -0.000159351 0.000115288 1.000000000 0.002402499
0.999999940 -0.000250294 0.000018851 0.002341732 0.000250307 0.999999702 -0.000712709 -0.001691413 -0.000018672 0.000712713 0.999999762 0.049984485
1.000000000 0.000091585 0.000051346 0.001977012 -0.000091511 0.999998987 -0.001430357 -0.002259043 -0.000051477 0.001430353 0.999998987 0.140560523
0.999999881 0.000497974 -0.000000930 0.004553387 -0.000497975 0.999998510 -0.001635468 -0.006194865 0.000000115 0.001635468 0.999998689 0.255623341
1.000000000 -0.000180723 0.000045516 0.005435809 0.000180757 0.999999702 -0.000742842 -0.015094347 -0.000045382 0.000742850 0.999999702 0.389448822
1.000000000 -0.000250321 -0.000085280 0.009161528 0.000250264 0.999999762 -0.000668212 -0.019339660 0.000085448 0.000668190 0.999999762 0.528503418
1.000000000 0.000075659 -0.000022665 0.010162670 -0.000075676 0.999999762 -0.000767061 -0.022649486 0.000022607 0.000767063 0.999999702 0.682873487
0.999999940 -0.000277287 0.000112791 0.009869685 0.000277396 0.999999523 -0.000967554 -0.023130367 -0.000112522 0.000967585 0.999999523 0.842223287
0.999999940 -0.000269564 0.000198228 0.012941375 0.000269762 0.999999404 -0.000997765 -0.031676326 -0.000197959 0.000997818 0.999999464 1.013790131
0.999999702 0.000569995 0.000370736 0.016948901 -0.000569778 0.999999583 -0.000585989 -0.037706681 -0.000371070 0.000585778 0.999999762 1.193025589
0.999999940 -0.000024248 0.000189116 0.023962054 0.000024305 1.000000000 -0.000299216 -0.043925151 -0.000189109 0.000299221 0.999999940 1.377904892
0.999999642 -0.000726057 0.000386287 0.020022450 0.000726174 0.999999702 -0.000303801 -0.065165959 -0.000386067 0.000304081 0.999999881 1.570876241
0.999999881 -0.000446424 0.000306326 0.033712871 0.000446775 0.999999225 -0.001147305 -0.041786999 -0.000305814 0.001147442 0.999999225 1.765122056
0.999999940 -0.000392377 -0.000085475 0.039367434 0.000392280 0.999999225 -0.001129095 -0.048360363 0.000085918 0.001129061 0.999999285 1.962519526
0.999999881 0.000049646 0.000239789 0.041597757 -0.000049601 1.000000000 -0.000186090 -0.070512004 -0.000239799 0.000186078 0.999999881 2.151074648
0.999999940 -0.000067460 0.000320647 0.042374097 0.000067517 1.000000000 -0.000177092 -0.074268416 -0.000320635 0.000177114 0.999999940 2.391587019
0.999999762 -0.000339561 0.000615924 0.041281700 0.000339889 0.999999821 -0.000531971 -0.072845057 -0.000615744 0.000532180 0.999999642 2.623823881
0.999999881 -0.000426502 0.000213856 0.048297483 0.000426530 0.999999940 -0.000129960 -0.080132589 -0.000213800 0.000130051 0.999999940 2.856925249
0.999999583 0.000642623 0.000650546 0.062771276 -0.000643142 0.999999404 0.000798313 -0.107585847 -0.000650032 -0.000798731 0.999999404 3.089528561
0.999999583 0.000331838 0.000859813 0.053780772 -0.000332370 0.999999762 0.000618977 -0.106440000 -0.000859608 -0.000619262 0.999999404 3.301087618
0.999999821 -0.000338810 0.000315012 0.066793643 0.000338489 0.999999404 0.001018977 -0.117716253 -0.000315357 -0.001018870 0.999999344 3.566513777
0.999999583 -0.000929927 0.000207195 0.072512873 0.000929777 0.999999285 0.000724164 -0.121849224 -0.000207868 -0.000723971 0.999999702 3.821564198
0.999999702 0.000316461 0.000667616 0.068522096 -0.000316792 0.999999762 0.000495025 -0.130292058 -0.000667459 -0.000495237 0.999999642 4.092136860
0.999999106 0.000562221 0.001220149 0.071665779 -0.000563774 0.999999046 0.001272569 -0.145171076 -0.001219433 -0.001273256 0.999998391 4.334259510
1.000000000 -0.000328886 0.000094998 0.101004660 0.000328803 0.999999583 0.000866882 -0.145173788 -0.000095283 -0.000866851 0.999999583 4.614211082
0.999999881 -0.000111221 0.000412093 0.102889858 0.000110769 0.999999464 0.001097920 -0.152726039 -0.000412214 -0.001097874 0.999999285 4.876118660
0.999999166 0.000481174 0.001146800 0.082774632 -0.000482752 0.999998927 0.001375979 -0.166307971 -0.001146137 -0.001376532 0.999998391 5.110530853
0.999999940 -0.000301705 0.000291892 0.108722538 0.000301076 0.999997556 0.002151256 -0.192358732 -0.000292540 -0.002151168 0.999997556 5.398011208
0.999999821 -0.000515010 0.000270131 0.116153941 0.000514564 0.999998510 0.001645674 -0.187666699 -0.000270978 -0.001645535 0.999998629 5.658695221
0.999999702 -0.000761595 0.000013881 0.123310961 0.000761563 0.999997318 0.002183109 -0.199021131 -0.000015543 -0.002183098 0.999997616 5.927675724
0.999999046 0.001054940 0.000921438 0.122865088 -0.001055838 0.999998927 0.000974365 -0.195279896 -0.000920409 -0.000975336 0.999999046 6.212073326
0.999998569 0.001097832 0.001295711 0.125203118 -0.001099327 0.999998689 0.001154061 -0.203606308 -0.001294443 -0.001155483 0.999998450 6.493161678
0.999999225 0.000708194 0.001037363 0.133062825 -0.000709301 0.999999285 0.001066370 -0.215374440 -0.001036608 -0.001067105 0.999998808 6.775537491
0.999999642 0.000166914 0.000841811 0.146512240 -0.000168374 0.999998510 0.001733893 -0.235126972 -0.000841520 -0.001734034 0.999998093 7.067009926
0.999999583 0.000477491 0.000788953 0.152577549 -0.000478926 0.999998152 0.001820624 -0.239306942 -0.000788082 -0.001821001 0.999997973 7.364554405
0.999998152 0.001218771 0.001487864 0.146590918 -0.001221235 0.999997854 0.001655938 -0.250715256 -0.001485843 -0.001657752 0.999997497 7.664891243
0.999998629 0.001136921 0.001166794 0.161937937 -0.001139065 0.999997675 0.001839055 -0.259068757 -0.001164700 -0.001840382 0.999997556 7.998728275
0.999998152 0.000967693 0.001666676 0.158989146 -0.000971436 0.999996960 0.002246409 -0.276072860 -0.001664496 -0.002248024 0.999996006 8.315942764
0.999997139 0.001215600 0.002054946 0.163038090 -0.001219590 0.999997377 0.001941636 -0.278448224 -0.002052581 -0.001944136 0.999996006 8.637569427
0.999996066 0.001426012 0.002409436 0.165718079 -0.001431047 0.999996781 0.002089350 -0.289466411 -0.002406449 -0.002092790 0.999994934 8.975077629
0.999996960 0.000986490 0.002234991 0.176681072 -0.000989784 0.999998450 0.001473440 -0.292668462 -0.002233534 -0.001475648 0.999996424 9.316312790
0.999997795 0.000972307 0.001862674 0.185375094 -0.000975297 0.999998152 0.001605084 -0.303550214 -0.001861110 -0.001606897 0.999996901 9.654397964
0.999996185 0.001330700 0.002430700 0.189764827 -0.001335738 0.999996960 0.002072163 -0.313280523 -0.002427935 -0.002075401 0.999994874 10.001023293
0.999996483 0.000927257 0.002470915 0.198397219 -0.000931492 0.999998033 0.001713669 -0.322678030 -0.002469321 -0.001715965 0.999995470 10.357735634
0.999997079 0.000141022 0.002423360 0.203402892 -0.000146532 0.999997318 0.002273547 -0.337399811 -0.002423033 -0.002273895 0.999994457 10.717996597
0.999996006 0.001316623 0.002501297 0.210899845 -0.001323210 0.999995649 0.002633423 -0.349880576 -0.002497819 -0.002636722 0.999993324 11.078408241
0.999993443 0.001861448 0.003106407 0.213419423 -0.001869081 0.999995232 0.002456428 -0.364841402 -0.003101820 -0.002462218 0.999992132 11.455576897
0.999992847 0.001720948 0.003361650 0.223203287 -0.001728216 0.999996126 0.002160171 -0.370061934 -0.003357919 -0.002165965 0.999992013 11.827378273
0.999994159 0.001441013 0.003099522 0.231212139 -0.001448788 0.999995828 0.002507709 -0.388272464 -0.003095897 -0.002512186 0.999992013 12.215734482
0.999993265 0.001446459 0.003376708 0.242406070 -0.001455780 0.999995053 0.002759623 -0.402863920 -0.003372699 -0.002764520 0.999990404 12.615072250
0.999993622 0.001855818 0.003035100 0.254517883 -0.001864855 0.999993742 0.002977543 -0.414347738 -0.003029555 -0.002983184 0.999990940 12.998816490
0.999991655 0.001871218 0.003619359 0.256934822 -0.001879121 0.999995828 0.002181399 -0.416099310 -0.003615262 -0.002188182 0.999991059 13.413540840
0.999993265 0.001742695 0.003204405 0.271076381 -0.001749164 0.999996424 0.002017037 -0.422526687 -0.003200879 -0.002022629 0.999992847 13.814808846
0.999989629 0.001897636 0.004139683 0.273312718 -0.001906881 0.999995649 0.002230356 -0.434722364 -0.004135434 -0.002238226 0.999988973 14.239254951
0.999989569 0.001132721 0.004408062 0.286311477 -0.001144320 0.999995887 0.002629554 -0.450476855 -0.004405065 -0.002634571 0.999986827 14.651832581
0.999989986 0.001809403 0.004094433 0.297564715 -0.001819642 0.999995351 0.002498238 -0.459022433 -0.004089893 -0.002505664 0.999988496 15.089600563
0.999989212 0.001736302 0.004304769 0.304672122 -0.001747456 0.999995112 0.002588589 -0.474217057 -0.004300255 -0.002596084 0.999987364 15.507403374
0.999989986 0.001481228 0.004225950 0.325020343 -0.001492680 0.999995232 0.002707963 -0.489478856 -0.004221919 -0.002714243 0.999987423 15.958383560
0.999984384 0.002574190 0.004982449 0.327323407 -0.002592689 0.999989688 0.003709828 -0.510431826 -0.004972846 -0.003722688 0.999980688 16.406696320
0.999988139 0.001395008 0.004661330 0.344627261 -0.001409683 0.999993980 0.003146656 -0.516615391 -0.004656913 -0.003153189 0.999984205 16.861289978
0.999988377 0.001286018 0.004643119 0.358407587 -0.001302670 0.999992728 0.003585074 -0.532041728 -0.004638475 -0.003591081 0.999982715 17.324481964
0.999983191 0.001972899 0.005478622 0.359074056 -0.001989641 0.999993384 0.003052200 -0.537339091 -0.005472565 -0.003063049 0.999980330 17.785537720
0.999980628 0.002192333 0.005833094 0.370347679 -0.002209990 0.999993026 0.003022409 -0.549163997 -0.005826427 -0.003035242 0.999978364 18.260255814
0.999983490 0.000754253 0.005692232 0.388743609 -0.000775063 0.999993026 0.003654458 -0.562703907 -0.005689435 -0.003658809 0.999977112 18.742631912
0.999984562 0.000973872 0.005460273 0.398816019 -0.000996480 0.999990880 0.004139258 -0.587366223 -0.005456193 -0.004144635 0.999976456 19.206615448
0.999981880 0.002236380 0.005580495 0.421276152 -0.002259954 0.999988556 0.004221603 -0.610228777 -0.005570990 -0.004234139 0.999975443 19.692356110
0.999980867 0.002327365 0.005726466 0.436206877 -0.002349014 0.999990106 0.003776652 -0.616650760 -0.005717620 -0.003790031 0.999976397 20.176647186
0.999986708 0.001126870 0.005029446 0.451193631 -0.001147498 0.999990880 0.004100501 -0.633430719 -0.005024779 -0.004106217 0.999978960 20.664417267
0.999983668 0.001694225 0.005442580 0.459502935 -0.001717694 0.999989152 0.004310307 -0.647833824 -0.005435218 -0.004319586 0.999975860 21.163280487
0.999984980 0.002457923 0.004887877 0.468016684 -0.002478315 0.999988377 0.004170193 -0.654205501 -0.004877568 -0.004182245 0.999979377 21.666563034
0.999986231 0.002119203 0.004798913 0.471624047 -0.002141086 0.999987304 0.004559421 -0.676003635 -0.004789190 -0.004569633 0.999978065 22.185197830
0.999990940 0.001639103 0.003929800 0.485831887 -0.001658047 0.999987006 0.004822008 -0.687250137 -0.003921845 -0.004828481 0.999980628 22.692701340
0.999991000 0.002239313 0.003590892 0.493990272 -0.002255709 0.999987006 0.004568347 -0.701889277 -0.003580615 -0.004576406 0.999983132 23.193677902
0.999994338 0.001946463 0.002751520 0.503214300 -0.001958992 0.999987721 0.004558060 -0.711629152 -0.002742614 -0.004563425 0.999985754 23.711046219
0.999996305 0.001028153 0.002483058 0.518465638 -0.001037318 0.999992669 0.003692755 -0.720424175 -0.002479243 -0.003695317 0.999990106 24.242567062
0.999995828 0.002438445 0.001628847 0.525129378 -0.002444814 0.999989331 0.003919528 -0.729416609 -0.001619272 -0.003923494 0.999991000 24.774583817
0.999997139 0.002242278 0.000738278 0.539630711 -0.002245578 0.999987364 0.004500394 -0.751646996 -0.000728178 -0.004502040 0.999989629 25.300439835
0.999997497 0.002139168 0.000625057 0.542386591 -0.002141631 0.999989867 0.003966482 -0.758829236 -0.000616566 -0.003967811 0.999991953 25.850681305
0.999995589 0.002890798 0.000603490 0.547555685 -0.002893024 0.999988854 0.003721237 -0.771388054 -0.000592726 -0.003722967 0.999992907 26.392921448
0.999998868 0.001412087 -0.000497631 0.568202794 -0.001409837 0.999988914 0.004492049 -0.782193363 0.000503969 -0.004491343 0.999989808 26.960527420
0.999998331 0.000904779 -0.001579974 0.577433348 -0.000897968 0.999990344 0.004306687 -0.796113014 0.001583856 -0.004305261 0.999989450 27.501586914
0.999997973 0.000954726 -0.001786391 0.585219026 -0.000947494 0.999991298 0.004044925 -0.807908118 0.001790237 -0.004043223 0.999990225 28.062540054
0.999997675 0.000697136 -0.002024861 0.589850128 -0.000688483 0.999990642 0.004271294 -0.822711527 0.002027819 -0.004269891 0.999988854 28.608737946
0.999997497 0.000729142 -0.002123672 0.603643656 -0.000720431 0.999991357 0.004099301 -0.830074430 0.002126642 -0.004097761 0.999989331 29.150972366
0.999993861 0.000420948 -0.003478036 0.622773349 -0.000402965 0.999986529 0.005169465 -0.857887506 0.003480165 -0.005168031 0.999980569 29.686679840
0.999993563 0.001024143 -0.003435409 0.624699414 -0.001006634 0.999986529 0.005094654 -0.869418859 0.003440580 -0.005091163 0.999981105 30.210300446
0.999992907 0.001163637 -0.003585578 0.632225394 -0.001145300 0.999986291 0.005111814 -0.885332644 0.003591478 -0.005107672 0.999980509 30.770538330
0.999993384 0.001865373 -0.003103987 0.629265070 -0.001849434 0.999985158 0.005129865 -0.904819369 0.003113510 -0.005124091 0.999981999 31.297899246
0.999991775 0.001031843 -0.003909351 0.636319816 -0.001010846 0.999985099 0.005369339 -0.918410480 0.003914833 -0.005365344 0.999977946 31.851297379
0.999991715 0.002133209 -0.003469863 0.647082508 -0.002112949 0.999980688 0.005832032 -0.941420197 0.003482238 -0.005824651 0.999976993 32.402980804
0.999988854 0.000772174 -0.004659421 0.664288759 -0.000745986 0.999983907 0.005619747 -0.951847017 0.004663687 -0.005616209 0.999973357 32.935703278
0.999989033 0.000779670 -0.004620398 0.668778837 -0.000753662 0.999983907 0.005628190 -0.971295834 0.004624713 -0.005624645 0.999973476 33.482223511
0.999987841 0.000727299 -0.004882390 0.675964355 -0.000700084 0.999984205 0.005573597 -0.985168874 0.004886367 -0.005570111 0.999972522 34.018253326
0.999985993 0.001119776 -0.005173162 0.681504905 -0.001090109 0.999982953 0.005733947 -0.997713864 0.005179494 -0.005728228 0.999970198 34.563541412
0.999985933 0.000784201 -0.005272808 0.692889929 -0.000754064 0.999983311 0.005714946 -1.006261110 0.005277203 -0.005710889 0.999969721 35.126186371
0.999987602 0.000614820 -0.004943902 0.699561477 -0.000588677 0.999985874 0.005287641 -1.018197536 0.004947084 -0.005284665 0.999973774 35.668647766
0.999986887 0.000887589 -0.005067091 0.708938360 -0.000860160 0.999984980 0.005412954 -1.033979654 0.005071819 -0.005408524 0.999972522 36.228199005
0.999986172 0.000710851 -0.005201026 0.715669632 -0.000684156 0.999986529 0.005132539 -1.045046449 0.005204605 -0.005128910 0.999973297 36.776973724
0.999986470 0.001339031 -0.005030547 0.721323133 -0.001308480 0.999980688 0.006071542 -1.063426971 0.005038580 -0.006064878 0.999968886 37.317646027
0.999984205 0.001446137 -0.005424180 0.731127501 -0.001419528 0.999987066 0.004906277 -1.064265966 0.005431204 -0.004898500 0.999973238 37.857978821
0.999985516 0.000985664 -0.005286193 0.735955715 -0.000955060 0.999982774 0.005788941 -1.086481214 0.005291807 -0.005783808 0.999969244 38.404251099
0.999986053 0.001542626 -0.005043056 0.740161538 -0.001515322 0.999984205 0.005413657 -1.093743801 0.005051327 -0.005405941 0.999972582 38.943599701
0.999983430 0.001210901 -0.005628393 0.753382921 -0.001183270 0.999987185 0.004909915 -1.100265741 0.005634267 -0.004903173 0.999972045 39.495388031
0.999985933 0.001462261 -0.005103641 0.758750379 -0.001435150 0.999984801 0.005311657 -1.116881847 0.005111330 -0.005304257 0.999972880 40.036499023
0.999987721 0.001555718 -0.004701228 0.759199858 -0.001535091 0.999989212 0.004388025 -1.119748354 0.004708003 -0.004380755 0.999979317 40.587364197
0.999986827 0.001859715 -0.004787674 0.766079783 -0.001837301 0.999987364 0.004681846 -1.134305477 0.004796322 -0.004672988 0.999977589 41.130928040
0.999986231 0.002209899 -0.004759378 0.775658846 -0.002190787 0.999989510 0.004017320 -1.140261531 0.004768207 -0.004006838 0.999980628 41.681976318
0.999986053 0.002434000 -0.004689162 0.778595984 -0.002415746 0.999989510 0.003894493 -1.150951982 0.004698591 -0.003883111 0.999981403 42.242275238
0.999984264 0.002083678 -0.005209735 0.788905859 -0.002066321 0.999992311 0.003334682 -1.158868909 0.005216644 -0.003323866 0.999980867 42.789833069
0.999985993 0.002855262 -0.004461083 0.781226397 -0.002837518 0.999988079 0.003978734 -1.170293331 0.004472390 -0.003966020 0.999982119 43.320167542
0.999981403 0.002822341 -0.005403884 0.794007123 -0.002802019 0.999988973 0.003764623 -1.181115746 0.005414449 -0.003749412 0.999978304 43.864391327
0.999982834 0.001790229 -0.005581067 0.798776090 -0.001769246 0.999991477 0.003762386 -1.196987748 0.005587755 -0.003752447 0.999977350 44.394321442
0.999982655 0.001870418 -0.005571378 0.808431268 -0.001849678 0.999991298 0.003725490 -1.209086418 0.005578298 -0.003715121 0.999977529 44.921802521
0.999981046 0.002055639 -0.005805221 0.827569544 -0.002036752 0.999992728 0.003257355 -1.216173530 0.005811876 -0.003245470 0.999977827 45.487102509
0.999982357 0.001801737 -0.005662152 0.836954594 -0.001782101 0.999992371 0.003470946 -1.233406782 0.005668362 -0.003460794 0.999977887 46.034801483
0.999982417 0.001856160 -0.005616810 0.840111256 -0.001840026 0.999994099 0.002876182 -1.241655946 0.005622115 -0.002865796 0.999980092 46.580677032
0.999984443 0.002366465 -0.005046065 0.846657217 -0.002352470 0.999993384 0.002777691 -1.251455069 0.005052604 -0.002765777 0.999983370 47.137962341
0.999983847 0.002860836 -0.004906982 0.846886039 -0.002847249 0.999992073 0.002773512 -1.269823909 0.004914877 -0.002759496 0.999984086 47.690437317
0.999984860 0.002761521 -0.004764356 0.857129991 -0.002749130 0.999992788 0.002605446 -1.280988455 0.004771516 -0.002592309 0.999985278 48.255428314
0.999985337 0.002550955 -0.004772388 0.874448061 -0.002537169 0.999992549 0.002892512 -1.298167467 0.004779732 -0.002880361 0.999984443 48.787193298
0.999988019 0.003038655 -0.003840738 0.869980395 -0.003029412 0.999992490 0.002410226 -1.304738998 0.003848033 -0.002398562 0.999989688 49.335212708
0.999986947 0.002874165 -0.004230824 0.906464159 -0.002864814 0.999993384 0.002214660 -1.311992049 0.004237162 -0.002202510 0.999988616 49.901878357
0.999987304 0.003247806 -0.003850347 0.904688597 -0.003235457 0.999989629 0.003209083 -1.335353374 0.003860730 -0.003196585 0.999987423 50.431732178
0.999987781 0.004106594 -0.002727760 0.898560762 -0.004099738 0.999988437 0.002513798 -1.346284032 0.002738052 -0.002502585 0.999993086 50.964099884
0.999989331 0.003243543 -0.003294195 0.922107697 -0.003234238 0.999990761 0.002826167 -1.365746021 0.003303331 -0.002815482 0.999990582 51.502098083
0.999987602 0.003015425 -0.003959025 0.929315448 -0.003003646 0.999991000 0.002977797 -1.384889364 0.003967968 -0.002965869 0.999987721 52.044731140
0.999986529 0.003137180 -0.004163275 0.939811468 -0.003126124 0.999991715 0.002659711 -1.393812180 0.004171585 -0.002646660 0.999987721 52.589019775
0.999986470 0.003622121 -0.003734129 0.944424212 -0.003608989 0.999987423 0.003517686 -1.420989752 0.003746823 -0.003504162 0.999986827 53.099918365
0.999986410 0.003193341 -0.004123972 0.952336073 -0.003180393 0.999989927 0.003142548 -1.429710507 0.004133967 -0.003129389 0.999986470 53.636135101
0.999986053 0.003794020 -0.003680041 0.951506555 -0.003784300 0.999989331 0.002644737 -1.442397356 0.003690036 -0.002630774 0.999989688 54.172389984
0.999988616 0.002935831 -0.003743909 0.961834669 -0.002926835 0.999992847 0.002405928 -1.455173492 0.003750945 -0.002394943 0.999990046 54.723831177
0.999989033 0.002638009 -0.003856924 0.972546160 -0.002625760 0.999991477 0.003177680 -1.483857155 0.003865274 -0.003167518 0.999987483 55.271785736
0.999990165 0.003236412 -0.003031390 0.978582084 -0.003227437 0.999990404 0.002961059 -1.486975908 0.003040945 -0.002951247 0.999991000 55.818458557
0.999993861 0.003002577 -0.001801236 0.968942106 -0.002997442 0.999991477 0.002847075 -1.492459178 0.001809769 -0.002841657 0.999994338 56.380233765
0.999989331 0.003456261 -0.003070822 1.005979419 -0.003449806 0.999991834 0.002104994 -1.506742239 0.003078073 -0.002094378 0.999993086 56.919265747
0.999990582 0.003372537 -0.002709241 1.007429123 -0.003366061 0.999991596 0.002391037 -1.513796329 0.002717282 -0.002381895 0.999993384 57.488586426
0.999991357 0.003495374 -0.002235707 1.014288187 -0.003490915 0.999991834 0.001995337 -1.533713937 0.002242663 -0.001987515 0.999995470 58.013721466
0.999990702 0.003710605 -0.002208337 1.020246148 -0.003706045 0.999990940 0.002065261 -1.542906284 0.002215981 -0.002057057 0.999995410 58.584865570
0.999993622 0.003042894 -0.001845959 1.030346394 -0.003040702 0.999994695 0.001188931 -1.538071275 0.001849567 -0.001183310 0.999997616 59.136520386
0.999992847 0.003103865 -0.002167078 1.041785836 -0.003100815 0.999994218 0.001409046 -1.560480714 0.002171439 -0.001402316 0.999996662 59.680446625
0.999992311 0.003369968 -0.002004382 1.057246566 -0.003367001 0.999993205 0.001482101 -1.571906924 0.002009363 -0.001475340 0.999996901 60.239814758
0.999991536 0.003390338 -0.002339110 1.072709799 -0.003388038 0.999993801 0.000986822 -1.580886126 0.002342441 -0.000978889 0.999996781 60.783039093
0.999991894 0.003321733 -0.002284643 1.085580826 -0.003320778 0.999994397 0.000421446 -1.596462965 0.002286031 -0.000413856 0.999997258 61.345790863
0.999990225 0.003942386 -0.001993780 1.097562313 -0.003941351 0.999992073 0.000523235 -1.609358549 0.001995827 -0.000515372 0.999997854 61.910640717
0.999992251 0.003092205 -0.002416464 1.111625910 -0.003091207 0.999995112 0.000416784 -1.620918155 0.002417741 -0.000409312 0.999997020 62.451595306
0.999991238 0.003683036 -0.001978158 1.120465398 -0.003680905 0.999992609 0.001080215 -1.641987085 0.001982122 -0.001072924 0.999997437 63.013282776
0.999992609 0.003237291 -0.002064982 1.123466730 -0.003235566 0.999994397 0.000838281 -1.654194951 0.002067685 -0.000831593 0.999997497 63.566009521
0.999991536 0.003246835 -0.002567205 1.133128524 -0.003244580 0.999994338 0.000881588 -1.667904735 0.002570052 -0.000873251 0.999996305 64.124382019
0.999992728 0.003056253 -0.002247536 1.144993305 -0.003054903 0.999995112 0.000603967 -1.676733494 0.002249371 -0.000597097 0.999997318 64.677810669
0.999992430 0.003229559 -0.002143088 1.154341698 -0.003228463 0.999994576 0.000514800 -1.691017270 0.002144739 -0.000507877 0.999997556 65.208198547
0.999993503 0.003043717 -0.001919019 1.166200757 -0.003042931 0.999995291 0.000412491 -1.705651283 0.001920265 -0.000406649 0.999998093 65.758392334
0.999993324 0.003269072 -0.001650026 1.167106628 -0.003268095 0.999994397 0.000594086 -1.721613050 0.001651959 -0.000588689 0.999998450 66.304351807
0.999993265 0.002972488 -0.002131840 1.177261829 -0.002972281 0.999995589 0.000100006 -1.727891445 0.002132128 -0.000093669 0.999997735 66.867454529
0.999991715 0.003770612 -0.001489847 1.186466813 -0.003769598 0.999992669 0.000682983 -1.752450824 0.001492412 -0.000677361 0.999998629 67.400032043
0.999993443 0.003257815 -0.001550063 1.196627021 -0.003256774 0.999994457 0.000673761 -1.770719647 0.001552250 -0.000668708 0.999998569 67.935348511
0.999992669 0.003477687 -0.001585143 1.205161810 -0.003476621 0.999993742 0.000674859 -1.789270878 0.001587480 -0.000669343 0.999998510 68.476776123
0.999990046 0.004300178 -0.001174830 1.215725422 -0.004299034 0.999990225 0.000974952 -1.811423540 0.001179011 -0.000969892 0.999998808 69.004798889
0.999989688 0.004452958 -0.000904351 1.220834374 -0.004452392 0.999989867 0.000625473 -1.818949461 0.000907127 -0.000621439 0.999999404 69.557296753
0.999984860 0.005497459 0.000100916 1.223336458 -0.005497524 0.999984682 0.000662469 -1.832574248 -0.000097273 -0.000663014 0.999999702 70.104026794
0.999991059 0.004202962 -0.000456976 1.241860867 -0.004202845 0.999991059 0.000255758 -1.849399686 0.000458047 -0.000253836 0.999999881 70.642913818
0.999988437 0.004827179 -0.000217144 1.242626429 -0.004827115 0.999988317 0.000295609 -1.855189085 0.000218569 -0.000294557 0.999999940 71.184738159
0.999989331 0.004599182 -0.000402187 1.269544005 -0.004599175 0.999989450 0.000019173 -1.878374577 0.000402271 -0.000017323 0.999999940 71.734443665
0.999986172 0.005241211 0.000171214 1.268868089 -0.005241186 0.999986231 -0.000149361 -1.887137532 -0.000171995 0.000148462 0.999999940 72.277526855
0.999989569 0.004504320 -0.000764915 1.288556218 -0.004504419 0.999989867 -0.000127797 -1.912809968 0.000764332 0.000131242 0.999999702 72.827743530
0.999991596 0.004082206 -0.000245515 1.295519948 -0.004082159 0.999991655 0.000190504 -1.929581881 0.000246291 -0.000189500 0.999999940 73.389900208
0.999988079 0.004873942 0.000293162 1.298072457 -0.004874026 0.999988079 0.000289163 -1.939832211 -0.000291749 -0.000290588 0.999999940 73.939445496
0.999985397 0.005301258 0.001062131 1.295386672 -0.005302068 0.999985635 0.000761907 -1.962032318 -0.001058077 -0.000767528 0.999999166 74.489128113
0.999985516 0.005258467 0.001098631 1.302094579 -0.005259288 0.999985814 0.000746668 -1.976819873 -0.001094690 -0.000752436 0.999999106 75.031120300
0.999994814 0.003181394 0.000500969 1.317346573 -0.003181164 0.999994814 -0.000457888 -1.980755091 -0.000502423 0.000456292 0.999999762 75.597198486
0.999991834 0.003956536 -0.000771549 1.351451278 -0.003956653 0.999992132 -0.000150820 -2.002578020 0.000770946 0.000153872 0.999999642 76.109054565
0.999991417 0.004122978 0.000347467 1.347774386 -0.004123216 0.999991238 0.000688897 -2.022554636 -0.000344624 -0.000690324 0.999999702 76.653106689
0.999990761 0.004142550 -0.001126806 1.376960754 -0.004143321 0.999991179 -0.000683792 -2.029709816 0.001123963 0.000688454 0.999999106 77.207572937
0.999989986 0.004261263 -0.001364291 1.390750885 -0.004261619 0.999990821 -0.000258274 -2.050061941 0.001363178 0.000264086 0.999999046 77.751930237
0.999990523 0.004345763 -0.000065665 1.367650986 -0.004345808 0.999990284 -0.000704182 -2.052959919 0.000062604 0.000704461 0.999999702 78.275230408
0.999987245 0.005050073 -0.000060198 1.386912704 -0.005050120 0.999986887 -0.000812378 -2.072127819 0.000056094 0.000812672 0.999999583 78.840576172
0.999992609 0.003748159 -0.000858394 1.404635429 -0.003748092 0.999993086 0.000079661 -2.099278212 0.000858686 -0.000076443 0.999999642 79.375122070
0.999989092 0.004655342 -0.000155650 1.406523466 -0.004655359 0.999989092 -0.000111533 -2.112683535 0.000155129 0.000112257 1.000000000 79.929176331
0.999985874 0.005306771 -0.000358504 1.419653654 -0.005306620 0.999985814 0.000417519 -2.139264584 0.000360715 -0.000415610 0.999999821 80.452575684
0.999983609 0.005665284 0.000810357 1.426338434 -0.005665460 0.999983907 0.000213875 -2.147470474 -0.000809133 -0.000218462 0.999999642 81.007598877
0.999985039 0.005290062 0.001392610 1.450384140 -0.005289301 0.999985874 -0.000548863 -2.152963400 -0.001395494 0.000541489 0.999998868 81.576141357
0.999985158 0.004961833 0.002258018 1.465769053 -0.004960942 0.999987543 -0.000400906 -2.173874378 -0.002259979 0.000389698 0.999997318 82.117034912
0.999978542 0.005138109 0.004051708 1.478260517 -0.005134393 0.999986410 -0.000926401 -2.179678202 -0.004056414 0.000905578 0.999991298 82.684806824
0.999958515 0.005181266 0.007486489 1.498400092 -0.005173267 0.999986053 -0.001087404 -2.202015638 -0.007492018 0.001048629 0.999971390 83.224189758
0.999915183 0.006013755 0.011553006 1.510229588 -0.006007770 0.999981821 -0.000552805 -2.218290567 -0.011556122 0.000483351 0.999933124 83.766235352
0.999889076 0.004325488 0.014252615 1.536889911 -0.004309646 0.999990046 -0.001141972 -2.233167887 -0.014257412 0.001080422 0.999897778 84.319252014
0.999792039 0.006298585 0.019395962 1.548323512 -0.006285728 0.999979913 -0.000723735 -2.246052265 -0.019400133 0.000601666 0.999811530 84.851394653
0.999641716 0.006779599 0.025893515 1.580816507 -0.006793428 0.999976814 0.000446151 -2.285365820 -0.025889888 -0.000621897 0.999664545 85.399490356
0.999482393 0.006726813 0.031459760 1.608742595 -0.006726957 0.999977291 -0.000101249 -2.293441772 -0.031459734 -0.000110432 0.999504983 85.957008362
0.999281049 0.006187269 0.037405055 1.641991377 -0.006175183 0.999980867 -0.000438633 -2.313855886 -0.037407055 0.000207335 0.999300063 86.504257202
0.998932362 0.006369974 0.045754857 1.682440281 -0.006343597 0.999979556 -0.000721669 -2.319483995 -0.045758519 0.000430648 0.998952568 87.065147400
0.998526931 0.006108704 0.053913672 1.735153913 -0.006069810 0.999981165 -0.000885129 -2.339025021 -0.053918060 0.000556580 0.998545229 87.623695374
0.998118758 0.006535846 0.060960919 1.779055119 -0.006500657 0.999978542 -0.000775566 -2.356613398 -0.060964681 0.000377821 0.998139858 88.161354065
0.997486234 0.006324217 0.070577443 1.827482700 -0.006284259 0.999979973 -0.000788181 -2.369423389 -0.070581004 0.000342673 0.997505903 88.709228516
0.996732891 0.006340854 0.080518432 1.902661324 -0.006287892 0.999979794 -0.000911321 -2.387041807 -0.080522597 0.000402052 0.996752679 89.251998901
0.995991170 0.006039599 0.089248545 1.961198330 -0.005992763 0.999981821 -0.000792728 -2.404334545 -0.089251705 0.000254705 0.996009171 89.807067871
0.995245755 0.006163674 0.097200088 2.027154446 -0.006094907 0.999980927 -0.001004377 -2.419039249 -0.097204424 0.000407176 0.995264351 90.362678528
0.994137168 0.006475027 0.107932374 2.107262611 -0.006473918 0.999978960 -0.000360670 -2.443051815 -0.107932441 -0.000340190 0.994158149 90.911613464
0.992933452 0.006115939 0.118514769 2.190590858 -0.006029590 0.999981225 -0.001087148 -2.451038122 -0.118519187 0.000364870 0.992951691 91.468627930
0.991736174 0.005754426 0.128164649 2.270974159 -0.005708778 0.999983430 -0.000723517 -2.470867157 -0.128166705 -0.000014126 0.991752625 91.998435974
0.990307868 0.005915367 0.138763368 2.374041557 -0.005822736 0.999982417 -0.001073493 -2.481366873 -0.138767272 0.000255106 0.990324974 92.536331177
0.988588929 0.004928836 0.150557637 2.482801437 -0.004779951 0.999987602 -0.001350772 -2.495217085 -0.150562435 0.000615700 0.988600314 93.075401306
0.986874640 0.004503113 0.161425307 2.593517303 -0.004342342 0.999989629 -0.001348726 -2.515330076 -0.161429733 0.000630059 0.986883938 93.611946106
0.985107899 0.004689678 0.171873182 2.706753731 -0.004550169 0.999988914 -0.001205651 -2.528245687 -0.171876892 0.000405644 0.985118330 94.149414062
0.982756317 0.004888176 0.184841514 2.825165749 -0.004736177 0.999988079 -0.001263836 -2.542720795 -0.184845433 0.000366600 0.982767522 94.680976868
0.980380177 0.004460725 0.197065368 2.956521034 -0.004236056 0.999989808 -0.001561583 -2.557432890 -0.197070301 0.000696165 0.980389118 95.217346191
0.978244781 0.003734298 0.207419977 3.084819794 -0.003508820 0.999992788 -0.001454947 -2.571941376 -0.207423896 0.000695494 0.978250921 95.751510620
0.975352883 0.003644376 0.220620632 3.228471756 -0.003419643 0.999993145 -0.001400559 -2.591652632 -0.220624238 0.000611595 0.975358665 96.269645691
0.972301066 0.003789815 0.233701169 3.384912491 -0.003603775 0.999992788 -0.001223068 -2.609014511 -0.233704135 0.000346985 0.972307682 96.808036804
0.969639361 0.003417923 0.244515866 3.535741806 -0.003198162 0.999994040 -0.001295776 -2.626804113 -0.244518876 0.000474434 0.969644427 97.306541443
0.966547430 0.002957777 0.256470680 3.690811157 -0.002713706 0.999995410 -0.001305558 -2.641134501 -0.256473303 0.000565898 0.966551244 97.814033508
0.962700307 0.003310941 0.270549744 3.861001968 -0.002984049 0.999994218 -0.001619579 -2.645608187 -0.270553559 0.000751836 0.962704659 98.350006104
0.959073603 0.002837769 0.283142775 4.041294098 -0.002395476 0.999995291 -0.001908288 -2.661076307 -0.283146858 0.001151927 0.959075868 98.872856140
0.955676138 0.002529503 0.294409037 4.212518692 -0.002117682 0.999996305 -0.001717590 -2.677951097 -0.294412345 0.001017994 0.955677927 99.386337280
0.951428592 0.001851650 0.307863951 4.404411316 -0.001410462 0.999997556 -0.001655573 -2.687145233 -0.307866305 0.001140929 0.951428950 99.909210205
0.946896195 0.001761761 0.321534604 4.595624924 -0.001173894 0.999997199 -0.002022179 -2.703278303 -0.321537286 0.001537346 0.946895659 100.400840759
0.942993283 0.001226410 0.332809418 4.796392441 -0.000416708 0.999996781 -0.002504297 -2.712430716 -0.332811415 0.002222851 0.942990780 100.900840759
0.938406765 0.001260218 0.345530123 4.999122620 -0.000398868 0.999996662 -0.002563925 -2.734506369 -0.345532179 0.002268184 0.938404143 101.404960632
0.933162332 0.000943117 0.359454006 5.227121353 -0.000096603 0.999997318 -0.002372954 -2.745915890 -0.359455258 0.002179628 0.933159709 101.904739380
0.928252041 0.000614120 0.371951252 5.444517136 0.000285151 0.999997139 -0.002362703 -2.759701490 -0.371951699 0.002299246 0.928249240 102.415870667
0.923708916 -0.000323360 0.383094937 5.673379898 0.001238441 0.999996960 -0.002142029 -2.779678822 -0.383093089 0.002453052 0.923706472 102.901359558
0.917740226 -0.000686245 0.397180557 5.911109924 0.001715981 0.999996006 -0.002237226 -2.790605307 -0.397177458 0.002734747 0.917737782 103.378143311
0.912097692 -0.001285332 0.409970731 6.158535004 0.002288853 0.999995589 -0.001957047 -2.810671329 -0.409966350 0.002723381 0.912096560 103.843467712
0.906997442 -0.001611430 0.421133131 6.400859833 0.002997294 0.999992073 -0.002628910 -2.822803974 -0.421125472 0.003646674 0.906995058 104.332725525
0.900897861 -0.002346562 0.434024841 6.663490295 0.003800058 0.999989629 -0.002481255 -2.843641281 -0.434014469 0.003884676 0.900897563 104.807678223
0.894550502 -0.002535186 0.446959555 6.934803009 0.003411208 0.999993503 -0.001155204 -2.882812738 -0.446953684 0.002558060 0.894553423 105.245117188
0.888524771 -0.003044925 0.458818316 7.209259033 0.004114071 0.999990642 -0.001330719 -2.896597385 -0.458810061 0.003069989 0.888528943 105.737426758
0.882743537 -0.003167597 0.469844431 7.481380463 0.004265647 0.999990106 -0.001272564 -2.909380198 -0.469835758 0.003127538 0.882748365 106.216903687
0.875822425 -0.003346367 0.482621849 7.774688721 0.004727570 0.999987423 -0.001645567 -2.920162678 -0.482610285 0.003722853 0.875827312 106.673500061
0.869046509 -0.003816785 0.494715452 8.069190979 0.005170267 0.999985695 -0.001367397 -2.936104536 -0.494703144 0.003746143 0.869053960 107.133758545
0.862904489 -0.005225427 0.505340219 8.378463745 0.006407635 0.999979317 -0.000601290 -2.967575550 -0.505326629 0.003756892 0.862919986 107.648666382
