1.000000000 0.000000000 0.000000000 0.000000000 0.000000000 1.000000000 0.000000000 0.000000000 0.000000000 0.000000000 1.000000000 0.000000000
1.000000000 0.000113455 0.000053746 -0.000280113 -0.000113454 1.000000000 -0.000002700 0.000321918 -0.000053746 0.000002694 1.000000000 0.000216433
1.000000000 0.000069353 0.000100059 -0.000561998 -0.000069362 1.000000000 0.000090485 -0.000394598 -0.000100053 -0.000090492 1.000000000 0.000237437
1.000000000 -0.000030516 0.000070324 -0.000238778 0.000030517 1.000000000 -0.000007007 0.000438709 -0.000070324 0.000007009 1.000000000 0.000345320
1.000000000 0.000006464 0.000070521 -0.000268154 -0.000006463 1.000000000 -0.000017144 0.000338033 -0.000070521 0.000017144 1.000000000 0.000177432
1.000000000 0.000106374 0.000100525 -0.001122032 -0.000106376 1.000000000 0.000020110 0.000334875 -0.000100523 -0.000020120 1.000000000 -0.000019471
1.000000000 -0.000026303 0.000046509 -0.000447123 0.000026301 1.000000000 0.000046020 -0.000320613 -0.000046510 -0.000046019 1.000000000 0.000199857
1.000000000 0.000056852 0.000048656 -0.000372942 -0.000056857 1.000000000 0.000085083 -0.000371238 -0.000048651 -0.000085085 1.000000000 0.000233931
1.000000000 0.000097473 -0.000009064 -0.000063432 -0.000097474 1.000000000 -0.000072556 0.000012186 0.000009057 0.000072557 1.000000000 0.000129538
1.000000000 0.000072907 0.000070943 -0.000284113 -0.000072909 1.000000000 0.000022801 -0.000499703 -0.000070941 -0.000022806 1.000000000 0.000277748
1.000000000 0.000120581 0.000084537 -0.000780228 -0.000120585 1.000000000 0.000042772 -0.000156580 -0.000084532 -0.000042782 1.000000000 0.000201171
1.000000000 0.000125953 0.000081965 -0.000301777 -0.000125948 1.000000000 -0.000057640 0.001072497 -0.000081973 0.000057629 1.000000000 0.001428674
1.000000000 0.000053257 0.000028212 -0.000659176 -0.000053256 1.000000000 -0.000050902 -0.000308238 -0.000028215 0.000050901 1.000000000 -0.000642578
1.000000000 0.000101360 0.000060195 -0.000875948 -0.000101356 1.000000000 -0.000061597 0.000627558 -0.000060201 0.000061591 1.000000000 0.000331300
1.000000000 0.000072348 0.000088674 -0.001495863 -0.000072345 1.000000000 -0.000042692 0.000824165 -0.000088677 0.000042685 1.000000000 0.000266663
1.000000000 0.000095915 0.000047485 -0.000159342 -0.000095914 1.000000000 -0.000031475 0.001122989 -0.000047488 0.000031470 1.000000000 0.001534913
1.000000000 0.000142927 0.000117047 -0.000955122 -0.000142922 1.000000000 -0.000042681 0.001257790 -0.000117053 0.000042665 1.000000000 0.001555656
1.000000000 0.000114002 0.000101005 -0.001282490 -0.000113991 1.000000000 -0.000103113 0.001140540 -0.000101017 0.000103101 1.000000000 0.001083649
0.999999940 0.000246863 0.000153081 -0.002128278 -0.000246854 0.999999940 -0.000056812 0.001873652 -0.000153095 0.000056775 1.000000000 0.001768378
1.000000000 0.000156938 0.000134934 -0.001415435 -0.000156930 1.000000000 -0.000063587 0.001563252 -0.000134944 0.000063566 1.000000000 0.001854567
1.000000000 0.000123277 0.000157900 -0.001965422 -0.000123267 1.000000000 -0.000059808 0.001246310 -0.000157907 0.000059788 1.000000000 0.001767668
1.000000000 0.000179101 0.000115171 -0.001699369 -0.000179095 1.000000000 -0.000053169 0.001555515 -0.000115180 0.000053148 1.000000000 0.001341415
1.000000000 0.000192366 0.000118597 -0.001290153 -0.000192355 1.000000000 -0.000094523 0.001959372 -0.000118615 0.000094500 1.000000000 0.002406504
1.000000000 0.000173957 0.000121597 -0.001670088 -0.000173949 1.000000000 -0.000060053 0.002196642 -0.000121607 0.000060032 1.000000000 0.002714512
0.999999940 0.000316655 0.000124707 -0.001719883 -0.000316647 0.999999940 -0.000062813 0.002081308 -0.000124726 0.000062773 1.000000000 0.002311004
0.999999940 0.000341573 0.000125109 -0.001660595 -0.000341572 0.999999940 -0.000009591 0.001103558 -0.000125112 0.000009548 1.000000000 0.001245386
1.000000000 0.000147203 0.000190667 -0.001903701 -0.000147201 1.000000000 -0.000008118 0.002181391 -0.000190668 0.000008090 1.000000000 0.002197976
0.999999940 0.000198499 0.000178711 -0.001761663 -0.000198505 1.000000000 0.000030016 0.001266040 -0.000178705 -0.000030052 1.000000000 0.002033802
0.999999940 0.000211768 0.000155779 -0.002025636 -0.000211769 1.000000000 0.000003793 0.001926007 -0.000155778 -0.000003826 1.000000000 0.002416690
0.999999940 0.000217122 0.000144741 -0.001800985 -0.000217116 1.000000000 -0.000040235 0.001877952 -0.000144749 0.000040204 1.000000000 0.002117517
0.999999940 0.000257816 0.000188931 -0.001447833 -0.000257815 0.999999940 -0.000004908 0.001257426 -0.000188932 0.000004859 1.000000000 0.002237990
1.000000000 0.000069134 0.000169153 -0.001007508 -0.000069122 1.000000000 -0.000070880 0.002555137 -0.000169158 0.000070868 1.000000000 0.003205289
1.000000000 0.000184031 0.000073475 -0.000477217 -0.000184022 1.000000000 -0.000126225 0.002480245 -0.000073498 0.000126211 1.000000000 0.002681704
1.000000000 0.000170950 0.000135701 -0.001008927 -0.000170945 1.000000000 -0.000038956 0.001473449 -0.000135708 0.000038932 1.000000000 0.001845935
0.999999940 0.000297910 0.000222058 -0.002487957 -0.000297899 0.999999940 -0.000048316 0.001512882 -0.000222073 0.000048250 1.000000000 0.001287084
0.999999940 0.000296813 0.000214547 -0.001527752 -0.000296805 0.999999940 -0.000034342 0.001245922 -0.000214557 0.000034279 1.000000000 0.001375280
0.999999940 0.000196057 0.000149130 -0.001344139 -0.000196058 1.000000000 0.000003637 0.001549527 -0.000149129 -0.000003666 1.000000000 0.001486225
0.999999940 0.000251206 0.000127178 -0.001767754 -0.000251197 0.999999940 -0.000067370 0.002458302 -0.000127195 0.000067338 1.000000000 0.002827031
0.999999940 0.000306298 0.000192077 -0.001599631 -0.000306285 0.999999940 -0.000067815 0.002214662 -0.000192098 0.000067757 1.000000000 0.001456553
0.999999940 0.000232875 0.000122642 -0.000672502 -0.000232865 0.999999940 -0.000080537 0.002793475 -0.000122661 0.000080508 1.000000000 0.002507081
1.000000000 0.000090866 0.000091192 -0.000066507 -0.000090858 1.000000000 -0.000088759 0.001467233 -0.000091200 0.000088751 1.000000000 0.002831230
0.999999881 0.000436156 0.000255643 -0.000857723 -0.000435981 0.999999642 -0.000684463 -0.001571832 -0.000255941 0.000684352 0.999999762 0.050785538
0.999999881 0.000403416 0.000196616 0.001607216 -0.000403164 0.999999106 -0.001276824 -0.002955826 -0.000197131 0.001276745 0.999999166 0.140063763
1.000000000 0.000043563 0.000062608 0.004286410 -0.000043477 0.999999046 -0.001382618 -0.009124937 -0.000062669 0.001382616 0.999999046 0.252704442
0.999999940 0.000207039 0.000184678 0.005533956 -0.000206821 0.999999285 -0.001182383 -0.012677707 -0.000184923 0.001182345 0.999999285 0.385063320
0.999999940 0.000050014 0.000325482 0.006702619 -0.000049617 0.999999285 -0.001218122 -0.013828622 -0.000325542 0.001218106 0.999999225 0.531483769
0.999999940 -0.000272269 0.000183237 0.011488390 0.000272481 0.999999285 -0.001157503 -0.018950719 -0.000182922 0.001157553 0.999999285 0.684813321
0.999999940 0.000102814 0.000389543 0.015855787 -0.000102504 0.999999702 -0.000795814 -0.024740739 -0.000389625 0.000795774 0.999999583 0.843401849
0.999999821 0.000061092 0.000554418 0.014500462 -0.000060743 0.999999821 -0.000628894 -0.031367969 -0.000554457 0.000628860 0.999999642 1.023654819
1.000000000 -0.000085979 0.000128756 0.024039652 0.000086079 0.999999702 -0.000776581 -0.029316189 -0.000128689 0.000776592 0.999999702 1.207109094
0.999999881 -0.000050580 0.000506314 0.028069474 0.000050774 0.999999940 -0.000382250 -0.040926304 -0.000506295 0.000382276 0.999999821 1.389196634
0.999999940 0.000187339 0.000304795 0.028332632 -0.000187306 1.000000000 -0.000108610 -0.048648123 -0.000304815 0.000108553 0.999999940 1.588250518
0.999999940 -0.000161826 0.000298957 0.026042830 0.000161801 1.000000000 0.000081266 -0.059138004 -0.000298970 -0.000081217 0.999999940 1.757761836
1.000000000 -0.000304734 -0.000105534 0.035086997 0.000304895 0.999998808 0.001522968 -0.078504473 0.000105070 -0.001523000 0.999998748 1.929949880
0.999999762 -0.000737106 -0.000203977 0.041224867 0.000737420 0.999998569 0.001542016 -0.085784994 0.000202840 -0.001542166 0.999998748 2.140931368
0.999998927 -0.001382977 -0.000351067 0.048981346 0.001383613 0.999997318 0.001817509 -0.091083996 0.000348553 -0.001817992 0.999998271 2.356758833
0.999999762 -0.000317720 0.000489864 0.043574993 0.000316961 0.999998748 0.001547711 -0.096703164 -0.000490355 -0.001547555 0.999998629 2.558729410
0.999999583 -0.000487564 0.000742391 0.048082247 0.000486295 0.999998391 0.001709022 -0.103522740 -0.000743223 -0.001708660 0.999998271 2.793610334
0.999999523 -0.000561174 0.000890036 0.050902359 0.000559565 0.999998212 0.001806244 -0.109224461 -0.000891048 -0.001805745 0.999997973 3.031346560
0.999999642 -0.000449848 0.000708972 0.056887984 0.000448528 0.999998152 0.001861607 -0.117746465 -0.000709808 -0.001861289 0.999998033 3.249812841
0.999999523 -0.000179539 0.000973649 0.061143775 0.000177740 0.999998212 0.001847989 -0.122586064 -0.000973979 -0.001847815 0.999997795 3.503817320
0.999999464 -0.000071798 0.001008126 0.065751672 0.000070032 0.999998450 0.001752419 -0.129850358 -0.001008250 -0.001752347 0.999997973 3.761203051
0.999999464 -0.000058021 0.000969714 0.068341345 0.000056065 0.999997973 0.002016918 -0.134966120 -0.000969829 -0.002016863 0.999997437 3.998693228
0.999999285 0.000135225 0.001221658 0.072968066 -0.000137775 0.999997854 0.002087570 -0.138751432 -0.001221373 -0.002087737 0.999997079 4.260001183
0.999999344 -0.000220666 0.001094784 0.079258114 0.000218355 0.999997735 0.002110814 -0.147305474 -0.001095247 -0.002110574 0.999997199 4.519260406
0.999999285 -0.000665952 0.001011334 0.084681801 0.000663718 0.999997318 0.002208348 -0.155347705 -0.001012801 -0.002207675 0.999997079 4.749716759
0.999999344 -0.000315389 0.001143290 0.089327313 0.000312729 0.999997199 0.002325675 -0.161715180 -0.001144020 -0.002325316 0.999996662 5.010339737
0.999999106 -0.000377199 0.001302598 0.094646834 0.000374152 0.999997139 0.002338196 -0.169495597 -0.001303476 -0.002337706 0.999996483 5.272659779
0.999999166 -0.000101337 0.001270823 0.097638443 0.000098071 0.999996722 0.002569986 -0.177395597 -0.001271080 -0.002569859 0.999995828 5.517497063
0.999999285 -0.000436871 0.001100192 0.104772352 0.000433910 0.999996364 0.002689612 -0.185990036 -0.001101363 -0.002689133 0.999995708 5.792337418
0.999998868 0.000176274 0.001499432 0.106348142 -0.000180065 0.999996781 0.002528691 -0.192056566 -0.001498982 -0.002528958 0.999995708 6.073855877
0.999999225 -0.000209316 0.001202034 0.115697086 0.000206272 0.999996781 0.002531422 -0.198828682 -0.001202560 -0.002531172 0.999996066 6.333458424
0.999999583 0.000244261 0.000927379 0.122126043 -0.000246331 0.999997497 0.002233359 -0.204198807 -0.000926831 -0.002233586 0.999997020 6.630670547
0.999999344 0.000073325 0.001192971 0.123449385 -0.000076100 0.999997318 0.002326085 -0.211448580 -0.001192798 -0.002326175 0.999996603 6.929353237
0.999999166 0.000257844 0.001278094 0.131371692 -0.000260905 0.999997139 0.002395572 -0.220008910 -0.001277473 -0.002395903 0.999996305 7.232284546
0.999998808 -0.000089226 0.001511867 0.128125638 0.000085276 0.999996543 0.002612624 -0.233024016 -0.001512095 -0.002612492 0.999995470 7.502618313
0.999998808 -0.000221268 0.001503003 0.138567895 0.000217039 0.999996006 0.002813301 -0.239538848 -0.001503620 -0.002812972 0.999994934 7.821660995
0.999998689 -0.000127981 0.001605602 0.143541217 0.000123790 0.999996603 0.002610090 -0.248017937 -0.001605930 -0.002609888 0.999995351 8.142374992
0.999997795 -0.000423504 0.002005950 0.148023218 0.000418914 0.999997318 0.002288064 -0.254148811 -0.002006913 -0.002287219 0.999995410 8.466365814
0.999998748 -0.000210558 0.001573453 0.150301620 0.000206627 0.999996841 0.002498038 -0.261354566 -0.001573974 -0.002497710 0.999995649 8.776876450
0.999999046 -0.000007271 0.001422264 0.158814579 0.000003861 0.999997079 0.002398134 -0.271278322 -0.001422278 -0.002398125 0.999996066 9.118903160
0.999998212 0.000771098 0.001729170 0.164907068 -0.000775403 0.999996543 0.002490371 -0.282978117 -0.001727244 -0.002491708 0.999995351 9.454240799
0.999999106 0.000206200 0.001346363 0.178297892 -0.000209799 0.999996364 0.002673248 -0.292826056 -0.001345807 -0.002673528 0.999995530 9.803707123
0.999998689 0.000018851 0.001630038 0.171944708 -0.000023281 0.999996305 0.002717974 -0.306281269 -0.001629980 -0.002718008 0.999994993 10.120959282
0.999998152 0.000134875 0.001947730 0.179842427 -0.000140257 0.999996185 0.002762999 -0.316763997 -0.001947349 -0.002763267 0.999994338 10.483212471
0.999997795 0.000263735 0.002077328 0.187148452 -0.000269316 0.999996305 0.002687155 -0.323292941 -0.002076612 -0.002687709 0.999994218 10.854513168
0.999998868 -0.000626064 0.001378525 0.198596433 0.000622278 0.999996066 0.002744994 -0.332245499 -0.001380238 -0.002744133 0.999995291 11.198499680
0.999998927 -0.000026130 0.001467696 0.206627458 0.000021920 0.999995947 0.002868674 -0.341164976 -0.001467765 -0.002868638 0.999994814 11.577616692
0.999998748 -0.000496670 0.001473505 0.220896855 0.000492378 0.999995589 0.002912134 -0.354751468 -0.001474945 -0.002911405 0.999994695 11.958431244
0.999998569 -0.000450055 0.001637397 0.224943563 0.000444664 0.999994576 0.003291007 -0.367186844 -0.001638869 -0.003290274 0.999993265 12.340576172
0.999998212 -0.000080368 0.001897683 0.222412378 0.000073105 0.999992609 0.003826958 -0.382611811 -0.001897976 -0.003826813 0.999990821 12.696266174
0.999998927 -0.000181728 0.001491540 0.237793058 0.000176404 0.999993622 0.003568684 -0.392481357 -0.001492180 -0.003568417 0.999992549 13.099411964
0.999997795 0.000301237 0.002091838 0.239433095 -0.000309413 0.999992311 0.003909271 -0.405709147 -0.002090644 -0.003909909 0.999990165 13.504961967
0.999998033 0.000102865 0.001950068 0.245393097 -0.000110774 0.999991775 0.004056246 -0.412367105 -0.001949635 -0.004056455 0.999989867 13.946101189
0.999996781 -0.000050893 0.002509738 0.249395132 0.000042044 0.999993801 0.003526015 -0.423169285 -0.002509902 -0.003525898 0.999990642 14.315217972
0.999996543 0.000334540 0.002600169 0.257184863 -0.000343944 0.999993443 0.003616855 -0.431667984 -0.002598942 -0.003617737 0.999990046 14.747500420
0.999995708 0.000007226 0.002925781 0.269414872 -0.000017720 0.999993503 0.003586834 -0.445204437 -0.002925736 -0.003586871 0.999989271 15.176915169
0.999994814 -0.000324398 0.003195879 0.276469141 0.000310906 0.999991059 0.004221501 -0.459743559 -0.003197220 -0.004220486 0.999985993 15.586277008
0.999993861 -0.000025501 0.003492995 0.286477506 0.000010727 0.999991059 0.004229536 -0.468452036 -0.003493071 -0.004229472 0.999984920 16.029510498
0.999993742 -0.000231398 0.003532590 0.299368769 0.000216746 0.999991357 0.004147512 -0.478137940 -0.003533519 -0.004146721 0.999985158 16.478340149
0.999991238 0.000041509 0.004173725 0.295316964 -0.000060056 0.999990046 0.004443789 -0.501307964 -0.004173500 -0.004444002 0.999981344 16.881931305
0.999990284 -0.000104090 0.004398915 0.307964504 0.000083291 0.999988735 0.004728116 -0.512489498 -0.004399358 -0.004727704 0.999979079 17.350315094
0.999989927 -0.000516998 0.004456562 0.318855405 0.000497891 0.999990702 0.004287296 -0.520576835 -0.004458738 -0.004285034 0.999980867 17.816900253
0.999988914 -0.000308740 0.004690249 0.329964101 0.000286651 0.999988794 0.004709356 -0.534684002 -0.004691650 -0.004707959 0.999977827 18.236087799
0.999988556 -0.000247305 0.004765376 0.342954397 0.000225441 0.999989450 0.004588095 -0.546349883 -0.004766460 -0.004586970 0.999978065 18.713575363
0.999987662 0.000099793 0.004969656 0.347574532 -0.000122507 0.999989569 0.004570516 -0.557140887 -0.004969147 -0.004571069 0.999977231 19.158851624
0.999987066 0.000884267 0.005012336 0.355824113 -0.000908792 0.999987602 0.004892861 -0.571047127 -0.005007948 -0.004897352 0.999975502 19.639072418
0.999985993 -0.000129266 0.005291284 0.363367647 0.000103430 0.999988079 0.004882864 -0.582934678 -0.005291853 -0.004882248 0.999974072 20.108078003
0.999988258 0.000005510 0.004853292 0.373642951 -0.000027550 0.999989688 0.004541123 -0.589056969 -0.004853216 -0.004541203 0.999977946 20.608932495
0.999990940 -0.000242349 0.004246961 0.386144698 0.000222370 0.999988854 0.004704377 -0.603692770 -0.004248054 -0.004703390 0.999979913 21.085758209
0.999993742 0.000214037 0.003542241 0.396563321 -0.000229261 0.999990702 0.004297943 -0.611068726 -0.003541288 -0.004298728 0.999984443 21.592952728
0.999994934 0.000069271 0.003177881 0.409511954 -0.000084240 0.999988914 0.004710681 -0.623808861 -0.003177519 -0.004710925 0.999983847 22.073886871
0.999996185 -0.000020534 0.002751515 0.419632137 0.000007188 0.999988258 0.004850152 -0.636849582 -0.002751582 -0.004850115 0.999984503 22.596658707
0.999996483 0.000457999 0.002619941 0.416875839 -0.000471973 0.999985695 0.005335122 -0.653324068 -0.002617460 -0.005336340 0.999982297 23.089635849
0.999997735 -0.001114156 0.001817223 0.422677934 0.001105357 0.999987721 0.004835804 -0.667575777 -0.001822589 -0.004833785 0.999986589 23.596481323
0.999998748 -0.000996666 0.001266526 0.435518116 0.000990843 0.999989033 0.004590337 -0.673220098 -0.001271087 -0.004589076 0.999988616 24.143991470
0.999999523 0.000092850 0.001003457 0.442077816 -0.000098007 0.999986768 0.005139462 -0.690188289 -0.001002967 -0.005139557 0.999986291 24.658946991
0.999999702 0.000432821 0.000610838 0.435910076 -0.000436244 0.999984145 0.005614736 -0.716051519 -0.000608398 -0.005615001 0.999983966 25.145278931
0.999999881 -0.000068168 -0.000504690 0.450669587 0.000070874 0.999985695 0.005362424 -0.727439284 0.000504318 -0.005362460 0.999985397 25.703300476
0.999999344 -0.000673995 -0.000948323 0.461732477 0.000680107 0.999978900 0.006459252 -0.743051708 0.000943950 -0.006459893 0.999978602 26.250627518
0.999999642 0.000191897 -0.000790014 0.464951187 -0.000187086 0.999981582 0.006086301 -0.756814361 0.000791167 -0.006086151 0.999981165 26.731159210
0.999999046 0.000735846 -0.001063432 0.475616723 -0.000729674 0.999982953 0.005792200 -0.770045578 0.001067677 -0.005791419 0.999982595 27.283765793
0.999998987 0.000867697 -0.001137786 0.481207967 -0.000861167 0.999983251 0.005727116 -0.779747069 0.001142736 -0.005726131 0.999982953 27.834257126
0.999998450 0.000613423 -0.001605085 0.487472296 -0.000603115 0.999979258 0.006414804 -0.794988990 0.001608987 -0.006413827 0.999978065 28.318696976
0.999998689 0.001086816 -0.001194604 0.483300537 -0.001078484 0.999975264 0.006953881 -0.812559724 0.001202132 -0.006952583 0.999975026 28.864727020
0.999997973 0.000739710 -0.001868394 0.500985503 -0.000727466 0.999978364 0.006545729 -0.820168614 0.001873195 -0.006544357 0.999976754 29.410186768
0.999998331 0.000694459 -0.001671642 0.498671591 -0.000682703 0.999975085 0.007023240 -0.849405527 0.001676477 -0.007022086 0.999973893 29.916261673
0.999997079 0.000565284 -0.002340747 0.500506341 -0.000549569 0.999977350 0.006708676 -0.854443789 0.002344485 -0.006707370 0.999974728 30.386077881
0.999996901 0.000342732 -0.002460514 0.509324670 -0.000326942 0.999979377 0.006415099 -0.861284494 0.002462662 -0.006414275 0.999976337 30.935432434
0.999996364 0.000836375 -0.002549311 0.516218662 -0.000820952 0.999981403 0.006044619 -0.866585255 0.002554318 -0.006042505 0.999978483 31.457452774
0.999995887 0.000908650 -0.002727730 0.510397911 -0.000891637 0.999980211 0.006231333 -0.879437447 0.002733338 -0.006228875 0.999976814 31.982685089
0.999995291 0.000958272 -0.002901416 0.518063843 -0.000939178 0.999977946 0.006575271 -0.898243546 0.002907653 -0.006572515 0.999974132 32.517227173
0.999996126 0.001371486 -0.002417981 0.523260593 -0.001356184 0.999979138 0.006318767 -0.907466888 0.002426596 -0.006315463 0.999977112 33.065059662
0.999993980 0.000617353 -0.003446212 0.528155684 -0.000594339 0.999977469 0.006674903 -0.918666363 0.003450256 -0.006672813 0.999971747 33.557777405
0.999992490 0.000487842 -0.003850962 0.538308620 -0.000462089 0.999977469 0.006685681 -0.933400333 0.003854137 -0.006683851 0.999970198 34.099189758
0.999993563 0.000568258 -0.003551831 0.546426535 -0.000545356 0.999979019 0.006445651 -0.938016772 0.003555420 -0.006443672 0.999972939 34.649864197
0.999991894 0.000465109 -0.004004550 0.540252090 -0.000437618 0.999976337 0.006863060 -0.955430329 0.004007646 -0.006861253 0.999968410 35.124885559
0.999991834 0.000514365 -0.004020657 0.550255299 -0.000487221 0.999977112 0.006749242 -0.966681898 0.004024037 -0.006747228 0.999969125 35.671222687
0.999990821 0.000843618 -0.004216479 0.564175546 -0.000816450 0.999978960 0.006440840 -0.973296881 0.004221823 -0.006437340 0.999970317 36.208541870
0.999991179 0.000402266 -0.004185216 0.558262825 -0.000375288 0.999979079 0.006444999 -0.979636014 0.004187720 -0.006443371 0.999970496 36.698692322
0.999991179 0.000560328 -0.004164342 0.566878736 -0.000533424 0.999978960 0.006458709 -0.990816891 0.004167872 -0.006456431 0.999970496 37.248088837
0.999991119 0.000455511 -0.004199731 0.575648010 -0.000429133 0.999980152 0.006279655 -0.999830186 0.004202508 -0.006277796 0.999971509 37.800262451
0.999988794 0.000511426 -0.004714505 0.592288733 -0.000480900 0.999978900 0.006473612 -1.009934187 0.004717716 -0.006471272 0.999967933 38.329868317
0.999990761 -0.000290874 -0.004290689 0.561469436 0.000317078 0.999981284 0.006107864 -1.012664199 0.004288831 -0.006109168 0.999972165 38.804828644
0.999991119 -0.000314582 -0.004203537 0.571766496 0.000338778 0.999983370 0.005756609 -1.028075933 0.004201655 -0.005757982 0.999974608 39.349784851
0.999988735 -0.000387908 -0.004740244 0.584209442 0.000415042 0.999983490 0.005724442 -1.035114408 0.004737945 -0.005726345 0.999972403 39.898864746
0.999987423 -0.000466842 -0.004994711 0.598550141 0.000495092 0.999983907 0.005656281 -1.043884993 0.004991990 -0.005658684 0.999971509 40.412265778
0.999991775 0.000104109 -0.004050989 0.566853821 -0.000081003 0.999983728 0.005703717 -1.056387663 0.004051517 -0.005703344 0.999975502 40.885074615
0.999993026 0.000552061 -0.003696256 0.575005651 -0.000531103 0.999983788 0.005668754 -1.067417860 0.003699326 -0.005666752 0.999977052 41.437026978
0.999990225 0.000299657 -0.004416235 0.591134191 -0.000272351 0.999980867 0.006182455 -1.090919733 0.004418003 -0.006181192 0.999971092 41.965126038
0.999990761 0.000447822 -0.004259793 0.601947665 -0.000422408 0.999982119 0.005964860 -1.094516993 0.004262388 -0.005963007 0.999973118 42.481163025
0.999993563 0.000269901 -0.003575845 0.575297236 -0.000248890 0.999982655 0.005875214 -1.097608209 0.003577369 -0.005874286 0.999976337 42.945735931
0.999993801 0.000613486 -0.003466046 0.579941034 -0.000593637 0.999983490 0.005724984 -1.108456731 0.003469502 -0.005722891 0.999977589 43.500656128
0.999992907 0.000322148 -0.003755058 0.596413612 -0.000300050 0.999982655 0.005883909 -1.123137593 0.003756889 -0.005882742 0.999975562 44.044517517
0.999993682 0.000281376 -0.003537263 0.612050116 -0.000259401 0.999980688 0.006211280 -1.137850165 0.003538942 -0.006210323 0.999974489 44.551002502
0.999993324 -0.000582671 -0.003601200 0.613772213 0.000603177 0.999983549 0.005695975 -1.139730453 0.003597823 -0.005698110 0.999977291 45.101119995
0.999994159 -0.000045206 -0.003393879 0.577441335 0.000064662 0.999983549 0.005733007 -1.149523616 0.003393564 -0.005733194 0.999977767 45.559906006
0.999993265 0.000439987 -0.003619705 0.586947620 -0.000417499 0.999980628 0.006210890 -1.166191339 0.003622368 -0.006209338 0.999974132 46.111286163
0.999995232 0.001374285 -0.002767088 0.586134195 -0.001359435 0.999984741 0.005361529 -1.171904325 0.002774414 -0.005357742 0.999981761 46.664241791
0.999994814 0.000843037 -0.003106634 0.609592378 -0.000825056 0.999982953 0.005785000 -1.193727732 0.003111457 -0.005782406 0.999978483 47.145580292
0.999994338 -0.000953830 -0.003227241 0.585589230 0.000971805 0.999983966 0.005572705 -1.182742476 0.003221874 -0.005575810 0.999979198 47.639404297
0.999995708 -0.000390320 -0.002900436 0.593651891 0.000407300 0.999982774 0.005855954 -1.196708322 0.002898101 -0.005857110 0.999978602 48.185142517
0.999995589 -0.000327536 -0.002967716 0.601727664 0.000344286 0.999983966 0.005645214 -1.205060840 0.002965820 -0.005646211 0.999979615 48.722728729
0.999994338 -0.000643465 -0.003309488 0.621155143 0.000662779 0.999982655 0.005837937 -1.210759163 0.003305675 -0.005840097 0.999977410 49.261951447
0.999994755 -0.000488959 -0.003208481 0.621186674 0.000506504 0.999984980 0.005469419 -1.222373962 0.003205759 -0.005471015 0.999979913 49.791366577
0.999994814 -0.000774832 -0.003128227 0.599269271 0.000793702 0.999981463 0.006035585 -1.238401175 0.003123494 -0.006038036 0.999976814 50.226200104
0.999996185 -0.000327635 -0.002750481 0.605067670 0.000343924 0.999982357 0.005924114 -1.252338886 0.002748493 -0.005925037 0.999978662 50.776390076
0.999993682 -0.000727594 -0.003492862 0.615036011 0.000748192 0.999982357 0.005899418 -1.256267309 0.003488507 -0.005901993 0.999976516 51.335926056
0.999993920 -0.000875703 -0.003403067 0.621481895 0.000897039 0.999979913 0.006272865 -1.273501158 0.003397505 -0.006275878 0.999974549 51.890243530
0.999995172 -0.001116598 -0.002893391 0.609076381 0.001132810 0.999983609 0.005607486 -1.274176478 0.002887082 -0.005610735 0.999980092 52.316696167
0.999994874 -0.000698547 -0.003115227 0.616099596 0.000716561 0.999983013 0.005785193 -1.286665916 0.003111132 -0.005787395 0.999978423 52.857700348
0.999995232 -0.000517240 -0.003046365 0.628382146 0.000533017 0.999986351 0.005180675 -1.294574618 0.003043645 -0.005182273 0.999981940 53.412734985
0.999991357 -0.001477567 -0.003883336 0.659932494 0.001498531 0.999984264 0.005401040 -1.305679440 0.003875295 -0.005406813 0.999977827 53.938270569
0.999994397 -0.001242843 -0.003103351 0.627860010 0.001260591 0.999982834 0.005723240 -1.321870089 0.003096185 -0.005727121 0.999978781 54.417392731
0.999995768 -0.000698968 -0.002808552 0.635765970 0.000715039 0.999983370 0.005725199 -1.335358143 0.002804504 -0.005727184 0.999979615 54.964771271
0.999996722 -0.000557256 -0.002516740 0.642701626 0.000569932 0.999987185 0.005038591 -1.337408066 0.002513900 -0.005040009 0.999984145 55.518077850
0.999995649 -0.000832799 -0.002830589 0.653721571 0.000847647 0.999985874 0.005248569 -1.354345798 0.002826178 -0.005250946 0.999982178 56.104640961
0.999995291 -0.001730769 -0.002501018 0.632528126 0.001744658 0.999983013 0.005562123 -1.373113751 0.002491349 -0.005566460 0.999981403 56.507949829
0.999995828 -0.001752489 -0.002252197 0.639522791 0.001764265 0.999984682 0.005237418 -1.381477833 0.002242983 -0.005241370 0.999983788 57.052745819
0.999993503 -0.002526138 -0.002564840 0.653496325 0.002539513 0.999983191 0.005225155 -1.402845621 0.002551598 -0.005231634 0.999983072 57.592487335
0.999994040 -0.002018181 -0.002788215 0.672394931 0.002033102 0.999983668 0.005358895 -1.411173940 0.002777354 -0.005364532 0.999981761 58.144725800
0.999996245 -0.001564683 -0.002251579 0.641388714 0.001576748 0.999984384 0.005366860 -1.413699389 0.002243147 -0.005370390 0.999983072 58.584922791
0.999996126 -0.001562047 -0.002305566 0.653809905 0.001573180 0.999987125 0.004834807 -1.421424747 0.002297984 -0.004838415 0.999985695 59.134586334
0.999996841 -0.001301639 -0.002163373 0.669172585 0.001312694 0.999986053 0.005116531 -1.435060620 0.002156683 -0.005119354 0.999984622 59.683307648
0.999997497 -0.001096523 -0.001938682 0.672270179 0.001106396 0.999986351 0.005098727 -1.448276162 0.001933064 -0.005100860 0.999985158 60.213493347
0.999996781 -0.001343552 -0.002164137 0.682106018 0.001354144 0.999987125 0.004900416 -1.463516235 0.002157525 -0.004903331 0.999985635 60.760227203
0.999995291 -0.002219946 -0.002120885 0.669348359 0.002231546 0.999982476 0.005483321 -1.471529245 0.002108675 -0.005488027 0.999982715 61.148208618
0.999994278 -0.002560651 -0.002193736 0.677310109 0.002571246 0.999984980 0.004840472 -1.483884811 0.002181309 -0.004846085 0.999985933 61.703350067
0.999995351 -0.002346784 -0.001909624 0.687859118 0.002356051 0.999985397 0.004865294 -1.499478221 0.001898179 -0.004869770 0.999986291 62.233058929
0.999997914 -0.001249133 -0.001608673 0.649694502 0.001257616 0.999985218 0.005283479 -1.533095479 0.001602050 -0.005285490 0.999984801 62.770309448
0.999993503 -0.003022831 -0.001946968 0.696857631 0.003031730 0.999984920 0.004583810 -1.524425030 0.001933083 -0.004589682 0.999987602 63.268432617
0.999996066 -0.002420509 -0.001427770 0.657809138 0.002428038 0.999982953 0.005295012 -1.538077474 0.001414929 -0.005298456 0.999984980 63.731533051
0.999996424 -0.002345341 -0.001285606 0.662347138 0.002351991 0.999983728 0.005195867 -1.549184918 0.001273398 -0.005198872 0.999985695 64.286262512
0.999998271 -0.001379741 -0.001221308 0.671486318 0.001385837 0.999986470 0.005005355 -1.559046507 0.001214386 -0.005007038 0.999986768 64.812454224
0.999996483 -0.002462388 -0.000955116 0.668291211 0.002467127 0.999984443 0.004992410 -1.587706208 0.000942808 -0.004994749 0.999987006 65.300476074
0.999996603 -0.002302835 -0.001237025 0.678018630 0.002309046 0.999984562 0.005042658 -1.589286208 0.001225393 -0.005045497 0.999986529 65.804618835
0.999998271 -0.001683511 -0.000873084 0.686345637 0.001687578 0.999987602 0.004678401 -1.597456932 0.000865197 -0.004679867 0.999988675 66.360160828
0.999998331 -0.001391748 -0.001258531 0.687315524 0.001398101 0.999986112 0.005060483 -1.617096066 0.001251471 -0.005062234 0.999986410 66.889694214
0.999997616 -0.001918068 -0.000957557 0.693742394 0.001922834 0.999985635 0.005001519 -1.621620297 0.000947950 -0.005003349 0.999987006 67.360298157
0.999998391 -0.001710562 -0.000490827 0.700131714 0.001712854 0.999987483 0.004707280 -1.632440090 0.000482768 -0.004708114 0.999988735 67.914527893
0.999998569 -0.001500767 -0.000625365 0.702642262 0.001504033 0.999984980 0.005254389 -1.651813984 0.000617470 -0.005255322 0.999985993 68.458236694
0.999996006 -0.002687009 -0.000887027 0.710133791 0.002691303 0.999984443 0.004875618 -1.653851509 0.000873912 -0.004877986 0.999987662 68.921455383
0.999997377 -0.002205637 -0.000757008 0.718714416 0.002209567 0.999983907 0.005231167 -1.668565035 0.000745458 -0.005232825 0.999985993 69.470581055
0.999998689 -0.001398694 -0.000875620 0.721074462 0.001403003 0.999986827 0.004939185 -1.680854559 0.000868700 -0.004940406 0.999987423 70.029953003
0.999997258 -0.002092548 -0.001105026 0.725456059 0.002098220 0.999984562 0.005156467 -1.707686543 0.001094219 -0.005158772 0.999986112 70.575981140
0.999995649 -0.002719455 -0.001128057 0.735014737 0.002724989 0.999984145 0.004933678 -1.708257675 0.001114622 -0.004936731 0.999987185 71.022407532
0.999996781 -0.002412383 -0.000739975 0.738390625 0.002416017 0.999984860 0.004949286 -1.725967765 0.000728024 -0.004951058 0.999987483 71.563484192
0.999994993 -0.002965962 -0.001106848 0.751913071 0.002970964 0.999985337 0.004545259 -1.730645299 0.001093349 -0.004548525 0.999989092 72.138549805
0.999997437 -0.002158778 -0.000676174 0.756410241 0.002162115 0.999985278 0.004974900 -1.741964817 0.000665424 -0.004976349 0.999987423 72.595642090
0.999998271 -0.001758063 -0.000638447 0.768066108 0.001760912 0.999988377 0.004489964 -1.749101877 0.000630546 -0.004491080 0.999989748 73.149757385
0.999998987 -0.001220761 -0.000681351 0.781880021 0.001223837 0.999988914 0.004533230 -1.760493636 0.000675808 -0.004534059 0.999989569 73.686386108
0.999998152 -0.001905368 -0.000339951 0.771542609 0.001906858 0.999988317 0.004437559 -1.772938848 0.000331491 -0.004438199 0.999990106 74.201362610
0.999998331 -0.001768349 -0.000255091 0.781284988 0.001769440 0.999988973 0.004342487 -1.782269597 0.000247409 -0.004342931 0.999990582 74.748573303
0.999997318 -0.002239589 -0.000561102 0.787839293 0.002242235 0.999986172 0.004760093 -1.803466797 0.000550434 -0.004761338 0.999988556 75.266212463
0.999992132 -0.003783705 -0.001240883 0.823393941 0.003788807 0.999984205 0.004134654 -1.813617945 0.001225219 -0.004139322 0.999990702 75.797218323
0.999998987 -0.001375271 -0.000189970 0.798539639 0.001376070 0.999989927 0.004271294 -1.823865175 0.000184092 -0.004271552 0.999990880 76.249603271
0.999998510 -0.001708604 -0.000254156 0.809831977 0.001709665 0.999989510 0.004233110 -1.838562965 0.000246921 -0.004233539 0.999991059 76.805587769
0.999998748 -0.001561236 0.000109073 0.821980178 0.001560773 0.999990225 0.004126733 -1.844279885 -0.000115515 -0.004126558 0.999991417 77.392318726
0.999998510 -0.001263495 0.001174061 0.813684762 0.001258334 0.999989569 0.004386649 -1.858821750 -0.001179590 -0.004385165 0.999989688 77.876640320
0.999995649 -0.001382558 0.002616130 0.824472785 0.001372064 0.999990940 0.004008913 -1.867447376 -0.002621649 -0.004005306 0.999988496 78.425941467
0.999992549 -0.001617895 0.003494573 0.849890590 0.001602683 0.999989271 0.004351256 -1.893260360 -0.003501575 -0.004345623 0.999984443 78.932891846
0.999985933 -0.000917755 0.005225117 0.832043350 0.000891837 0.999987245 0.004960524 -1.924693942 -0.005229603 -0.004955796 0.999974072 79.447021484
0.999967813 -0.001809259 0.007813666 0.858308792 0.001778634 0.999990821 0.003924515 -1.899899721 -0.007820695 -0.003910491 0.999961793 80.017242432
0.999928176 -0.002172158 0.011790108 0.876741707 0.002127698 0.999990642 0.003782202 -1.909544349 -0.011798213 -0.003756845 0.999923408 80.569335938
0.999887884 -0.001745449 0.014875334 0.899193883 0.001689491 0.999991477 0.003773574 -1.927792311 -0.014881793 -0.003748018 0.999882281 81.113975525
0.999810159 -0.001421931 0.019429892 0.909987390 0.001356528 0.999993324 0.003378823 -1.929147840 -0.019434568 -0.003351825 0.999805570 81.652687073
0.999679983 -0.001781852 0.025235131 0.928114653 0.001675105 0.999989510 0.004250617 -1.949518681 -0.025242440 -0.004206985 0.999672532 82.176902771
0.999512374 -0.001992089 0.031163087 0.961207271 0.001862741 0.999989510 0.004179139 -1.960904121 -0.031171087 -0.004119052 0.999505639 82.723861694
0.999303102 -0.001907366 0.037277296 0.993106127 0.001744783 0.999988794 0.004393494 -1.974280238 -0.037285257 -0.004325392 0.999295294 83.274940491
0.998956561 -0.001602460 0.045640495 1.019599199 0.001400771 0.999989092 0.004450719 -1.987152100 -0.045647129 -0.004382144 0.998947978 83.830757141
0.998540401 -0.001653173 0.053986061 1.067383528 0.001454508 0.999992013 0.003719012 -1.995642662 -0.053991787 -0.003635060 0.998534739 84.379089355
0.998128772 -0.002030884 0.061112523 1.113655567 0.001771058 0.999989152 0.004305459 -2.013458729 -0.061120607 -0.004189168 0.998121619 84.940750122
0.997516394 -0.001889309 0.070409067 1.161600113 0.001592579 0.999989629 0.004270280 -2.026724339 -0.070416398 -0.004147542 0.997509062 85.479194641
0.996788859 -0.002677579 0.080029570 1.232032776 0.002363584 0.999989092 0.004017960 -2.041897058 -0.080039442 -0.003815901 0.996784389 86.007751465
0.996072233 -0.003291717 0.088482335 1.311876774 0.002952043 0.999987781 0.003969462 -2.050913095 -0.088494308 -0.003692667 0.996069789 86.550064087
0.995327592 -0.002598259 0.096520700 1.357807636 0.002219862 0.999989390 0.004027547 -2.061288834 -0.096530147 -0.003794466 0.995322824 87.133735657
0.994317532 -0.002800323 0.106419101 1.441556931 0.002395491 0.999989390 0.003931763 -2.071435928 -0.106429011 -0.003654494 0.994313538 87.677368164
0.993136406 -0.002987250 0.116924912 1.527409554 0.002494030 0.999987304 0.004364343 -2.084912062 -0.116936490 -0.004042773 0.993131161 88.214271545
0.992021382 -0.003840720 0.126011103 1.618387222 0.003360892 0.999986291 0.004020205 -2.094316006 -0.126024812 -0.003564620 0.992020667 88.726501465
0.990458071 -0.003601168 0.137766778 1.708629608 0.003035436 0.999986053 0.004316316 -2.108179092 -0.137780398 -0.003856948 0.990455210 89.261764526
0.988665164 -0.003773117 0.150089413 1.806696892 0.003182892 0.999986231 0.004172513 -2.118465185 -0.150103092 -0.003647499 0.988663614 89.816726685
0.986978590 -0.004277830 0.160794318 1.913896561 0.003651419 0.999984562 0.004191017 -2.134399891 -0.160809755 -0.003549317 0.986979067 90.340225220
0.985227346 -0.004227478 0.171198964 2.026857376 0.003546677 0.999984503 0.004282324 -2.145601034 -0.171214432 -0.003611876 0.985227168 90.881828308
0.982898116 -0.004634067 0.184091315 2.140974045 0.003866221 0.999982297 0.004529729 -2.160473824 -0.184109047 -0.003740525 0.982898772 91.394332886
0.980542421 -0.004585189 0.196253926 2.265245438 0.003746984 0.999982178 0.004642105 -2.172493458 -0.196271732 -0.003816420 0.980542183 91.914703369
0.978370249 -0.005080001 0.206798986 2.398155212 0.004213806 0.999980390 0.004628836 -2.184864283 -0.206818447 -0.003657304 0.978372514 92.462379456
0.975492418 -0.004998059 0.219976291 2.541332245 0.004065017 0.999980628 0.004694004 -2.195998907 -0.219995514 -0.003684758 0.975493968 93.001396179
0.972423196 -0.005700942 0.233153969 2.688962936 0.004737533 0.999977708 0.004691878 -2.205655813 -0.233175516 -0.003457916 0.972428560 93.528205872
0.969849050 -0.006557748 0.243618250 2.850671768 0.005531034 0.999972641 0.004898241 -2.220119476 -0.243643731 -0.003403094 0.969858825 94.028251648
0.966764271 -0.005759850 0.255604565 2.974357605 0.004784921 0.999978662 0.004435906 -2.214107275 -0.255624682 -0.003065427 0.966771245 94.580978394
0.963194251 -0.005564122 0.268748432 3.143793106 0.004492337 0.999979258 0.004602868 -2.227898359 -0.268768460 -0.003226147 0.963199437 95.096893311
0.959493101 -0.005334172 0.281681448 3.318250656 0.004027536 0.999978304 0.005217464 -2.251357079 -0.281703174 -0.003871638 0.959493756 95.610359192
0.955930591 -0.005647443 0.293538570 3.505243301 0.004284703 0.999976873 0.005285281 -2.260802746 -0.293561637 -0.003794636 0.955932617 96.160934448
0.951551855 -0.005978433 0.307430059 3.666057587 0.004489019 0.999974608 0.005551656 -2.269068718 -0.307455420 -0.003902629 0.951554418 96.642974854
0.947097361 -0.006310043 0.320884585 3.874685287 0.004701643 0.999972165 0.005786985 -2.279908895 -0.320912182 -0.003972153 0.947100520 97.168197632
0.943056583 -0.006165978 0.332575351 4.072343826 0.004512555 0.999973297 0.005743719 -2.289267778 -0.332601875 -0.003915886 0.943059146 97.666419983
0.938401520 -0.007074743 0.345474243 4.280694962 0.005469895 0.999969363 0.005620005 -2.298402309 -0.345503449 -0.003384113 0.938411415 98.190399170
0.932966828 -0.007681563 0.359880388 4.498136520 0.006101511 0.999966145 0.005526267 -2.309283972 -0.359910697 -0.002960010 0.932982028 98.695564270
0.928204954 -0.008330678 0.371976078 4.720924377 0.006675924 0.999961317 0.005736202 -2.320386887 -0.372009426 -0.002841087 0.928224623 99.197067261
0.923402905 -0.008156351 0.383745521 4.953144073 0.006328685 0.999961793 0.006025125 -2.334116936 -0.383779943 -0.003135015 0.923419237 99.718070984
0.917371571 -0.008288250 0.397946000 5.196701050 0.006440787 0.999961376 0.005979048 -2.341582060 -0.397980213 -0.002921923 0.917389393 100.219406128
0.911738098 -0.009012336 0.410673290 5.435211182 0.007003875 0.999955058 0.006394942 -2.353615284 -0.410712391 -0.002954209 0.911760151 100.689140320
0.906570435 -0.009112919 0.421956450 5.686542511 0.007236735 0.999955475 0.006047800 -2.362419844 -0.421992779 -0.002429169 0.906596065 101.205207825
0.900822639 -0.009212670 0.434089571 5.939197540 0.007265014 0.999954760 0.006145651 -2.371194601 -0.434126526 -0.002382475 0.900848746 101.681121826
0.894199610 -0.009253141 0.447572768 6.200901031 0.007066352 0.999953508 0.006555318 -2.386266232 -0.447612524 -0.002699056 0.894223511 102.172401428
0.887991667 -0.009593718 0.459759474 6.471920013 0.007707229 0.999952435 0.005979878 -2.376399994 -0.459794998 -0.001766609 0.888023257 102.689216614
0.882050157 -0.009849351 0.471052766 6.743770599 0.007774929 0.999949634 0.006349565 -2.391779184 -0.471091568 -0.001938233 0.882082164 103.160713196
0.874405563 -0.009717836 0.485098481 7.020519257 0.007315802 0.999949872 0.006844735 -2.407226562 -0.485140651 -0.002436191 0.874432683 103.632263184
