1.000000000 0.000000000 0.000000000 0.000000000 0.000000000 1.000000000 0.000000000 0.000000000 0.000000000 0.000000000 1.000000000 0.000000000
1.000000000 0.000060723 0.000085995 -0.000578332 -0.000060735 1.000000000 0.000144733 -0.000476682 -0.000085986 -0.000144738 1.000000000 0.000429084
1.000000000 0.000046257 0.000153983 -0.001107722 -0.000046256 1.000000000 -0.000003926 0.000295918 -0.000153983 0.000003919 1.000000000 0.000198498
1.000000000 0.000060212 0.000056359 -0.000610022 -0.000060214 1.000000000 0.000041246 -0.000541524 -0.000056356 -0.000041249 1.000000000 -0.000455868
1.000000000 0.000044953 0.000173067 -0.001209109 -0.000044968 1.000000000 0.000086321 -0.000296711 -0.000173064 -0.000086329 1.000000000 0.000385838
1.000000000 -0.000089030 0.000043387 -0.000593260 0.000089027 1.000000000 0.000058629 -0.000772089 -0.000043392 -0.000058625 1.000000000 -0.000158010
1.000000000 0.000034184 0.000085153 -0.000877358 -0.000034192 1.000000000 0.000091143 -0.001025728 -0.000085150 -0.000091146 1.000000000 -0.001034755
1.000000000 0.000113695 0.000040272 -0.000633535 -0.000113693 1.000000000 -0.000050654 0.000171897 -0.000040278 0.000050650 1.000000000 -0.000348861
1.000000000 0.000147764 0.000157575 -0.000882853 -0.000147768 1.000000000 0.000024870 -0.000920249 -0.000157571 -0.000024893 1.000000000 -0.000370309
1.000000000 0.000152458 0.000124572 -0.000989792 -0.000152473 1.000000000 0.000121827 -0.000981453 -0.000124554 -0.000121846 1.000000000 0.000161658
1.000000000 0.000053009 0.000133941 -0.000815010 -0.000053020 1.000000000 0.000079975 -0.000822065 -0.000133937 -0.000079982 1.000000000 -0.000377440
1.000000000 0.000068616 0.000116043 -0.000956932 -0.000068622 1.000000000 0.000053833 -0.000847440 -0.000116040 -0.000053841 1.000000000 -0.000391653
1.000000000 0.000077662 0.000086630 -0.000503177 -0.000077667 1.000000000 0.000056839 0.000074342 -0.000086626 -0.000056845 1.000000000 0.000587717
1.000000000 0.000137828 0.000143621 -0.001595185 -0.000137817 1.000000000 -0.000074621 0.000912573 -0.000143631 0.000074601 1.000000000 0.000297746
1.000000000 0.000132118 0.000141667 -0.001435622 -0.000132120 1.000000000 0.000013577 0.000537028 -0.000141665 -0.000013596 1.000000000 0.000439547
0.999999940 0.000257846 0.000150857 -0.002110791 -0.000257845 0.999999940 -0.000007014 0.000610549 -0.000150858 0.000006975 1.000000000 0.001019084
0.999999940 0.000317564 0.000194351 -0.002600520 -0.000317564 0.999999940 -0.000000392 0.000173546 -0.000194351 0.000000330 1.000000000 0.000756611
0.999999940 0.000249030 0.000216388 -0.002395883 -0.000249029 0.999999940 -0.000003064 0.000499942 -0.000216389 0.000003010 1.000000000 0.000859722
0.999999940 0.000237089 0.000208079 -0.002125572 -0.000237071 0.999999940 -0.000087548 0.001040392 -0.000208100 0.000087499 1.000000000 0.000734939
0.999999940 0.000163805 0.000200201 -0.002303544 -0.000163815 0.999999940 0.000050189 -0.000298302 -0.000200193 -0.000050222 1.000000000 0.000522440
0.999999940 0.000254615 0.000140749 -0.002385220 -0.000254613 0.999999940 -0.000017074 0.000546541 -0.000140753 0.000017038 1.000000000 0.000622763
0.999999940 0.000228031 0.000185673 -0.001732457 -0.000228022 0.999999940 -0.000048793 0.000576061 -0.000185684 0.000048751 1.000000000 0.000687084
0.999999940 0.000210133 0.000227407 -0.002015269 -0.000210146 0.999999940 0.000060083 0.000325352 -0.000227394 -0.000060131 1.000000000 0.000812712
0.999999881 0.000375827 0.000153816 -0.002152833 -0.000375831 0.999999881 0.000024998 0.000717417 -0.000153807 -0.000025056 1.000000000 0.000919072
0.999999821 0.000400689 0.000259571 -0.002400314 -0.000400700 0.999999881 0.000042792 0.000095771 -0.000259554 -0.000042896 1.000000000 0.000543889
0.999999940 0.000329481 0.000241674 -0.001938980 -0.000329479 0.999999940 -0.000011341 0.001140490 -0.000241678 0.000011261 1.000000000 0.001200412
0.999999940 0.000294607 0.000221586 -0.001781784 -0.000294620 0.999999940 0.000059536 0.000513933 -0.000221569 -0.000059601 1.000000000 0.000748289
0.999999940 0.000305812 0.000129262 -0.001684867 -0.000305803 0.999999940 -0.000068766 0.000979175 -0.000129283 0.000068726 1.000000000 0.000007274
0.999999940 0.000346811 0.000152067 -0.001995864 -0.000346809 0.999999940 -0.000014249 0.000654919 -0.000152072 0.000014196 1.000000000 -0.000157342
0.999999821 0.000369580 0.000244108 -0.002094551 -0.000369579 0.999999881 -0.000006616 0.000749931 -0.000244111 0.000006526 1.000000000 0.001106478
0.999999940 0.000266736 0.000240787 -0.002026303 -0.000266739 0.999999940 0.000012096 0.000904796 -0.000240784 -0.000012160 1.000000000 0.001524516
0.999999940 0.000330548 0.000187181 -0.001940274 -0.000330543 0.999999940 -0.000027278 0.001054307 -0.000187190 0.000027216 1.000000000 0.001252140
0.999999821 0.000416378 0.000219221 -0.002305114 -0.000416389 0.999999881 0.000052428 0.000034427 -0.000219199 -0.000052519 1.000000000 0.000450936
0.999999821 0.000405948 0.000290695 -0.003014375 -0.000405959 0.999999881 0.000038650 -0.000016664 -0.000290679 -0.000038768 1.000000000 0.000448783
0.999999940 0.000353589 0.000200489 -0.002196831 -0.000353576 0.999999940 -0.000062281 0.000434892 -0.000200511 0.000062210 1.000000000 0.000179538
0.999999940 0.000345448 0.000194302 -0.001990492 -0.000345456 0.999999940 0.000037680 0.000008842 -0.000194289 -0.000037747 1.000000000 -0.000080433
0.999999821 0.000426184 0.000173595 -0.002404155 -0.000426178 0.999999881 -0.000038778 0.000662561 -0.000173612 0.000038704 1.000000000 -0.000003424
0.999999821 0.000389301 0.000239644 -0.002584008 -0.000389305 0.999999881 0.000016873 0.000521580 -0.000239637 -0.000016967 1.000000000 0.000058503
0.999999821 0.000386602 0.000221235 -0.001883063 -0.000386596 0.999999881 -0.000030825 0.001606755 -0.000221247 0.000030739 1.000000000 0.001274839
0.999999940 0.000284949 0.000208606 -0.001742141 -0.000284931 0.999999940 -0.000086211 0.000845009 -0.000208631 0.000086152 1.000000000 0.000895268
0.999999881 0.000473131 0.000272801 -0.001454324 -0.000472981 0.999999762 -0.000548588 -0.002767280 -0.000273061 0.000548458 0.999999881 0.047370788
0.999999762 0.000444734 0.000435358 -0.002125738 -0.000444327 0.999999404 -0.000933052 -0.006541707 -0.000435772 0.000932858 0.999999464 0.137476936
0.999999821 0.000423232 0.000437342 -0.000379395 -0.000422675 0.999999106 -0.001273315 -0.010029543 -0.000437881 0.001273130 0.999999106 0.251981109
0.999999642 0.000762848 0.000376537 0.003794540 -0.000762368 0.999998927 -0.001273967 -0.012612154 -0.000377508 0.001273679 0.999999106 0.383712411
0.999999940 0.000395191 0.000222875 0.006104379 -0.000394968 0.999999404 -0.001000668 -0.019174313 -0.000223270 0.001000579 0.999999464 0.523540735
0.999999821 0.000076988 0.000469586 0.009261023 -0.000076735 0.999999881 -0.000539093 -0.024900675 -0.000469627 0.000539057 0.999999762 0.671393216
0.999999881 0.000003133 0.000527335 0.013518901 -0.000003038 0.999999940 -0.000181183 -0.030339049 -0.000527336 0.000181181 0.999999821 0.833949149
0.999999881 0.000116516 0.000469581 0.013605477 -0.000116378 0.999999881 -0.000294309 -0.034863669 -0.000469615 0.000294254 0.999999762 1.002529383
0.999999881 0.000071035 0.000417262 0.017930666 -0.000070922 0.999999940 -0.000271055 -0.038489316 -0.000417281 0.000271025 0.999999881 1.179157376
0.999999762 0.000256332 0.000530077 0.021644829 -0.000256396 0.999999940 0.000121337 -0.045478892 -0.000530046 -0.000121473 0.999999821 1.366544843
0.999999702 0.000591194 0.000527151 0.024360370 -0.000591184 0.999999821 -0.000019122 -0.047677666 -0.000527163 0.000018810 0.999999821 1.557358980
0.999999702 0.000170912 0.000692807 0.025377400 -0.000171129 0.999999940 0.000312056 -0.056780767 -0.000692753 -0.000312175 0.999999702 1.752377391
0.999999166 0.000836952 0.000970660 0.026429292 -0.000837368 0.999999523 0.000428080 -0.061644785 -0.000970301 -0.000428892 0.999999404 1.957221866
0.999999762 -0.000258146 0.000566273 0.036300752 0.000257838 0.999999821 0.000543626 -0.069156051 -0.000566413 -0.000543479 0.999999702 2.168285370
0.999999881 -0.000016807 0.000664184 0.041481525 0.000016428 0.999999821 0.000570451 -0.075054005 -0.000664193 -0.000570440 0.999999642 2.384490490
0.999999821 0.000283676 0.000560918 0.048641507 -0.000284032 0.999999881 0.000635413 -0.084869266 -0.000560738 -0.000635572 0.999999642 2.606597424
0.999999881 -0.000205325 0.000702986 0.055293232 0.000204836 0.999999762 0.000696524 -0.090443470 -0.000703129 -0.000696379 0.999999523 2.837640285
0.999999642 -0.000361801 0.000780669 0.059753388 0.000361116 0.999999583 0.000877201 -0.097333997 -0.000780986 -0.000876919 0.999999344 3.073206663
0.999999642 0.000324119 0.000689454 0.062042221 -0.000324659 0.999999642 0.000783612 -0.103406012 -0.000689199 -0.000783836 0.999999464 3.310466528
0.999999642 0.000145714 0.000862684 0.064956322 -0.000146393 0.999999702 0.000787439 -0.110124141 -0.000862569 -0.000787565 0.999999344 3.558327913
0.999999464 0.000431551 0.000882433 0.068581365 -0.000432285 0.999999583 0.000831473 -0.118440531 -0.000882074 -0.000831854 0.999999285 3.810861588
0.999999583 0.000075048 0.000919014 0.074654594 -0.000076082 0.999999464 0.001124682 -0.124415338 -0.000918929 -0.001124751 0.999998927 4.064608097
0.999999285 0.000616835 0.001035757 0.079121746 -0.000617861 0.999999344 0.000990251 -0.129945055 -0.001035145 -0.000990891 0.999998927 4.326578617
0.999999166 0.000679010 0.001106544 0.084551483 -0.000680191 0.999999225 0.001067229 -0.139005810 -0.001105819 -0.001067981 0.999998748 4.583881855
0.999999166 0.000635745 0.001074585 0.091813922 -0.000636868 0.999999225 0.001045737 -0.143313304 -0.001073920 -0.001046421 0.999998808 4.846358299
0.999999225 0.000826740 0.000923073 0.099381551 -0.000827850 0.999998927 0.001203621 -0.149994075 -0.000922077 -0.001204384 0.999998868 5.110638142
0.999998748 0.000901130 0.001319675 0.098222628 -0.000902828 0.999998748 0.001286371 -0.162713021 -0.001318514 -0.001287561 0.999998331 5.364487171
0.999998391 0.001011244 0.001475588 0.102208331 -0.001013254 0.999998510 0.001362020 -0.170165375 -0.001474208 -0.001363513 0.999997973 5.629329681
0.999998569 0.000862672 0.001439059 0.104609236 -0.000864786 0.999998569 0.001468533 -0.175394461 -0.001437790 -0.001469776 0.999997914 5.904780388
0.999998689 0.000773180 0.001391431 0.110056952 -0.000774921 0.999998868 0.001251201 -0.183093905 -0.001390462 -0.001252278 0.999998331 6.188270092
0.999998689 0.000638636 0.001441739 0.121760368 -0.000640671 0.999998748 0.001411415 -0.187895805 -0.001440836 -0.001412337 0.999997973 6.478301048
0.999998808 0.000723339 0.001360603 0.128326774 -0.000725070 0.999998927 0.001271902 -0.195683688 -0.001359681 -0.001272887 0.999998271 6.767265320
0.999999106 0.000402132 0.001292982 0.136081874 -0.000403717 0.999999106 0.001225458 -0.203027129 -0.001292489 -0.001225979 0.999998331 7.068007946
0.999999166 0.000653903 0.001125350 0.142401263 -0.000655679 0.999998510 0.001578244 -0.217264310 -0.001124316 -0.001578980 0.999998093 7.363224030
0.999998808 0.000827420 0.001336201 0.145251617 -0.000829855 0.999997973 0.001823065 -0.230076194 -0.001334690 -0.001824171 0.999997437 7.661246300
0.999998927 0.000798835 0.001214181 0.159793541 -0.000800634 0.999998569 0.001482566 -0.233840629 -0.001212994 -0.001483536 0.999998152 7.997220039
0.999998689 0.000969280 0.001324674 0.161339879 -0.000971278 0.999998331 0.001508189 -0.243183285 -0.001323210 -0.001509473 0.999997973 8.312417984
0.999998629 0.000795956 0.001479212 0.170689046 -0.000798231 0.999998510 0.001537876 -0.252734840 -0.001477986 -0.001539055 0.999997675 8.638958931
0.999998510 0.000953433 0.001459459 0.178634644 -0.000955574 0.999998569 0.001467310 -0.260829180 -0.001458058 -0.001468703 0.999997854 8.978597641
0.999998450 0.001340151 0.001123769 0.187568903 -0.001341710 0.999998093 0.001387528 -0.272178113 -0.001121907 -0.001389034 0.999998391 9.320255280
0.999996841 0.001639497 0.001887849 0.185646698 -0.001642229 0.999997616 0.001446593 -0.286419421 -0.001885473 -0.001449688 0.999997199 9.647566795
0.999997437 0.001198909 0.001916574 0.193556920 -0.001202080 0.999997914 0.001654286 -0.294289112 -0.001914587 -0.001656585 0.999996841 10.003299713
0.999997556 0.001538993 0.001558144 0.206450313 -0.001541767 0.999997199 0.001780763 -0.306677997 -0.001555400 -0.001783161 0.999997199 10.363135338
0.999997616 0.001433493 0.001662020 0.215570569 -0.001436552 0.999997258 0.001840287 -0.318181694 -0.001659378 -0.001842670 0.999996960 10.724028587
0.999996960 0.001740960 0.001731739 0.222512573 -0.001744817 0.999996126 0.002227878 -0.327619135 -0.001727854 -0.002230893 0.999996006 11.084905624
0.999997675 0.001439830 0.001585894 0.237030953 -0.001443757 0.999996006 0.002478058 -0.338232309 -0.001582319 -0.002480342 0.999995649 11.460305214
0.999996185 0.001888329 0.002020756 0.234255180 -0.001893451 0.999994993 0.002535992 -0.352018386 -0.002015957 -0.002539808 0.999994755 11.850587845
0.999995351 0.002072432 0.002252369 0.239941910 -0.002078656 0.999993980 0.002764709 -0.364109397 -0.002246626 -0.002769378 0.999993622 12.238122940
0.999995589 0.001829863 0.002329167 0.254176050 -0.001835781 0.999995112 0.002541446 -0.376206130 -0.002324506 -0.002545711 0.999994040 12.615381241
0.999993861 0.002173996 0.002746298 0.256841540 -0.002182574 0.999992728 0.003124514 -0.386748999 -0.002739485 -0.003130489 0.999991357 13.019726753
0.999995053 0.001715884 0.002635649 0.270920843 -0.001723085 0.999994755 0.002732174 -0.398202658 -0.002630948 -0.002736702 0.999992788 13.417424202
0.999994874 0.001649245 0.002745196 0.281520903 -0.001657162 0.999994457 0.002883973 -0.408134222 -0.002740425 -0.002888507 0.999992073 13.826084137
0.999993861 0.001712834 0.003062771 0.295144081 -0.001721827 0.999994338 0.002936010 -0.418105423 -0.003057725 -0.002941265 0.999991000 14.232917786
0.999991536 0.002227013 0.003467917 0.300815642 -0.002237822 0.999992669 0.003116194 -0.435174316 -0.003460952 -0.003123928 0.999989152 14.652215958
0.999992430 0.002105587 0.003279421 0.315321267 -0.002114915 0.999993742 0.002843459 -0.441097617 -0.003273414 -0.002850373 0.999990523 15.090220451
0.999991775 0.002088785 0.003460593 0.325482696 -0.002099880 0.999992609 0.003205298 -0.458156496 -0.003453872 -0.003212539 0.999988854 15.525450706
0.999989927 0.001782987 0.004115227 0.331441998 -0.001794206 0.999994636 0.002724065 -0.464091748 -0.004110347 -0.002731420 0.999987841 15.970661163
0.999986649 0.002427266 0.004583435 0.339747369 -0.002440135 0.999993086 0.002804216 -0.473862529 -0.004576598 -0.002815363 0.999985576 16.426073074
0.999985278 0.002760391 0.004657948 0.349524975 -0.002772671 0.999992669 0.002631908 -0.484994829 -0.004650648 -0.002644785 0.999985695 16.874818802
0.999985158 0.002243914 0.004964919 0.362043351 -0.002260528 0.999991834 0.003343125 -0.509535968 -0.004957378 -0.003354299 0.999982059 17.315996170
0.999981940 0.002816934 0.005311286 0.372924775 -0.002838662 0.999987543 0.004087840 -0.524310350 -0.005299705 -0.004102843 0.999977529 17.778642654
0.999981999 0.002346078 0.005526744 0.385690391 -0.002364367 0.999991715 0.003304897 -0.529658198 -0.005518944 -0.003317905 0.999979198 18.266887665
0.999984026 0.002055839 0.005272275 0.403965950 -0.002073337 0.999992371 0.003315556 -0.532924831 -0.005265418 -0.003326435 0.999980569 18.732267380
0.999985635 0.001753184 0.005072357 0.421314538 -0.001770607 0.999992430 0.003432243 -0.551743090 -0.005066302 -0.003441175 0.999981225 19.229892731
0.999978781 0.002806651 0.005870092 0.429797351 -0.002829522 0.999988437 0.003891357 -0.574902177 -0.005859102 -0.003907884 0.999975204 19.690843582
0.999985456 0.001985324 0.005027032 0.456766963 -0.002010344 0.999985576 0.004976879 -0.576172888 -0.005017079 -0.004986913 0.999975026 20.202804565
0.999982297 0.002403707 0.005427442 0.458867103 -0.002426607 0.999988139 0.004216572 -0.606052518 -0.005417242 -0.004229668 0.999976397 20.661352158
0.999985635 0.002614080 0.004689996 0.478759468 -0.002633670 0.999987841 0.004175771 -0.606771708 -0.004679023 -0.004188063 0.999980330 21.169488907
0.999989867 0.002203086 0.003909512 0.482967407 -0.002218524 0.999989748 0.003948916 -0.621178985 -0.003900773 -0.003957550 0.999984503 21.675647736
0.999990284 0.002187800 0.003826793 0.494718015 -0.002201180 0.999991477 0.003495610 -0.630883634 -0.003819112 -0.003503999 0.999986529 22.186128616
0.999988854 0.002931364 0.003702492 0.505162239 -0.002943687 0.999990165 0.003327031 -0.644314587 -0.003692702 -0.003337893 0.999987602 22.690818787
0.999992788 0.002091932 0.003146256 0.509892941 -0.002104070 0.999990344 0.003859602 -0.662666082 -0.003138151 -0.003866194 0.999987602 23.206962585
0.999991715 0.002651701 0.003094184 0.516540349 -0.002663834 0.999988675 0.003923914 -0.676197469 -0.003083744 -0.003932123 0.999987543 23.724668503
0.999996424 0.001362313 0.002310703 0.526138067 -0.001370995 0.999991953 0.003760126 -0.692793608 -0.002305561 -0.003763280 0.999990284 24.246425629
0.999995828 0.002298942 0.001758315 0.539693356 -0.002305761 0.999989808 0.003886360 -0.700891078 -0.001749362 -0.003890398 0.999990821 24.783548355
0.999995649 0.002617534 0.001313515 0.549651861 -0.002623216 0.999987066 0.004342976 -0.722210944 -0.001302130 -0.004346403 0.999989688 25.311897278
0.999995589 0.002857432 0.000778928 0.554879427 -0.002860518 0.999987960 0.003989470 -0.729956448 -0.000767519 -0.003991682 0.999991655 25.851667404
0.999995887 0.002841567 0.000061276 0.570863843 -0.002841807 0.999986529 0.004345518 -0.749051750 -0.000048927 -0.004345675 0.999990582 26.410869598
0.999997616 0.002149321 -0.000262589 0.580559552 -0.002148129 0.999987721 0.004456287 -0.755204797 0.000272164 -0.004455713 0.999990046 26.974914551
0.999996483 0.002418371 -0.001089578 0.598037899 -0.002413174 0.999985814 0.004746513 -0.777270377 0.001101041 -0.004743867 0.999988079 27.526550293
0.999995351 0.002780220 -0.001238847 0.605726004 -0.002774777 0.999986529 0.004374435 -0.790987968 0.001250992 -0.004370977 0.999989688 28.071592331
0.999994099 0.003041731 -0.001559642 0.617459059 -0.003034469 0.999984562 0.004637866 -0.803068519 0.001573726 -0.004633106 0.999988019 28.630764008
0.999993324 0.003262974 -0.001653656 0.624361694 -0.003255254 0.999983907 0.004649854 -0.819712520 0.001668801 -0.004644440 0.999987841 29.180677414
0.999993384 0.002753153 -0.002379994 0.634292603 -0.002741909 0.999985039 0.004714969 -0.831401467 0.002392940 -0.004708411 0.999986053 29.728750229
0.999992490 0.002711988 -0.002774481 0.641263127 -0.002699576 0.999986351 0.004467446 -0.840215206 0.002786560 -0.004459923 0.999986172 30.277757645
0.999990880 0.002897692 -0.003138439 0.657786369 -0.002883035 0.999984980 0.004664898 -0.858012915 0.003151909 -0.004655808 0.999984145 30.819364548
0.999991298 0.002638991 -0.003231348 0.668961763 -0.002623338 0.999984860 0.004838720 -0.873293996 0.003244068 -0.004830202 0.999983072 31.358999252
0.999987483 0.003568630 -0.003508679 0.675413609 -0.003552197 0.999982715 0.004678734 -0.883408785 0.003525314 -0.004666211 0.999982953 31.911130905
0.999987900 0.003128887 -0.003801217 0.689016998 -0.003111613 0.999984860 0.004541805 -0.897698700 0.003815370 -0.004529923 0.999982476 32.452468872
0.999986231 0.002787093 -0.004430085 0.699415922 -0.002764527 0.999983251 0.005091690 -0.908793628 0.004444202 -0.005079373 0.999977231 33.024173737
0.999988139 0.002476491 -0.004189157 0.704985738 -0.002456626 0.999985754 0.004740523 -0.928627074 0.004200838 -0.004730176 0.999979973 33.538391113
0.999985039 0.003244353 -0.004406511 0.711062431 -0.003224580 0.999984682 0.004487065 -0.935510695 0.004421002 -0.004472788 0.999980152 34.085391998
0.999980986 0.003320677 -0.005211364 0.720439434 -0.003298007 0.999985039 0.004352831 -0.952313066 0.005225741 -0.004335561 0.999976933 34.618717194
0.999981344 0.003248299 -0.005178205 0.733896792 -0.003225046 0.999984682 0.004492612 -0.964728296 0.005192719 -0.004475828 0.999976516 35.140274048
0.999976873 0.002883176 -0.006147006 0.751368046 -0.002858950 0.999988139 0.003946277 -0.971099794 0.006158311 -0.003928612 0.999973297 35.703895569
0.999974906 0.002935740 -0.006447759 0.757615864 -0.002908045 0.999986589 0.004300409 -0.995300233 0.006460296 -0.004281551 0.999969959 36.208358765
0.999980330 0.002124575 -0.005898944 0.762206435 -0.002097108 0.999986947 0.004658611 -1.005831599 0.005908765 -0.004646149 0.999971747 36.756069183
0.999972582 0.003512384 -0.006514025 0.782679200 -0.003486424 0.999985933 0.003992209 -1.016847610 0.006527957 -0.003969389 0.999970794 37.290622711
0.999976933 0.002421803 -0.006346211 0.771528482 -0.002395689 0.999988675 0.004119111 -1.028555632 0.006356114 -0.004103812 0.999971390 37.859863281
0.999977171 0.001350626 -0.006622836 0.785369992 -0.001316706 0.999985993 0.005123417 -1.042678475 0.006629664 -0.005114580 0.999964952 38.407325745
0.999971509 0.001927659 -0.007307405 0.794146001 -0.001896139 0.999988914 0.004317836 -1.053746581 0.007315646 -0.004303856 0.999963999 38.946426392
0.999972403 0.002444103 -0.007014568 0.807795048 -0.002415811 0.999988914 0.004039008 -1.066126347 0.007024361 -0.004021950 0.999967217 39.446395874
0.999975920 0.002750178 -0.006376245 0.808765888 -0.002724121 0.999987900 0.004091739 -1.079553962 0.006387421 -0.004074271 0.999971271 40.002311707
0.999970078 0.002077729 -0.007443734 0.833116591 -0.002046836 0.999989212 0.004155297 -1.097599864 0.007452288 -0.004139937 0.999963641 40.536071777
0.999969304 0.002043143 -0.007554629 0.839195430 -0.002012726 0.999989808 0.004031594 -1.110937238 0.007562788 -0.004016266 0.999963343 41.083141327
0.999972641 0.003585457 -0.006471674 0.812077761 -0.003558235 0.999984801 0.004212923 -1.119012594 0.006486681 -0.004189780 0.999970138 41.664840698
0.999964952 0.002224240 -0.008078859 0.859146535 -0.002193661 0.999990344 0.003791917 -1.125095248 0.008087217 -0.003774062 0.999960124 42.180690765
0.999969304 0.004113060 -0.006676605 0.832978606 -0.004084554 0.999982536 0.004277614 -1.146742105 0.006694081 -0.004250212 0.999968529 42.755054474
0.999968648 0.004308701 -0.006648899 0.830260038 -0.004279127 0.999980986 0.004455775 -1.165256739 0.006667973 -0.004427185 0.999967992 43.251827240
0.999970794 0.003862834 -0.006591157 0.813881755 -0.003840637 0.999986947 0.003376924 -1.164053082 0.006604115 -0.003351511 0.999972582 43.844692230
0.999974012 0.004223445 -0.005833598 0.810470343 -0.004199996 0.999983072 0.004026261 -1.182585597 0.005850503 -0.004001655 0.999974906 44.375778198
0.999968529 0.003783233 -0.006993754 0.831176281 -0.003756351 0.999985456 0.003852953 -1.195044875 0.007008229 -0.003826560 0.999968112 44.930664062
0.999966860 0.004107329 -0.007017173 0.846516788 -0.004087235 0.999987543 0.002875432 -1.199233651 0.007028895 -0.002846656 0.999971271 45.513523102
0.999967933 0.004160829 -0.006820021 0.853245974 -0.004141453 0.999987304 0.002852766 -1.208642125 0.006831803 -0.002824431 0.999972701 46.059261322
0.999965608 0.004365688 -0.007048875 0.863076329 -0.004343793 0.999985695 0.003118553 -1.238841772 0.007062389 -0.003087827 0.999970317 46.575393677
0.999963224 0.004010045 -0.007573084 0.877828717 -0.003984123 0.999986172 0.003434861 -1.252773166 0.007586752 -0.003404562 0.999965489 47.121406555
0.999963522 0.004795690 -0.007070242 0.874464512 -0.004771194 0.999982595 0.003477415 -1.269760251 0.007086796 -0.003443554 0.999968946 47.684177399
0.999958515 0.003908094 -0.008225110 0.899380505 -0.003887052 0.999989092 0.002572783 -1.269173980 0.008235076 -0.002540705 0.999962866 48.226589203
0.999964595 0.003852159 -0.007472286 0.901334643 -0.003823948 0.999985516 0.003785954 -1.303724766 0.007486761 -0.003757246 0.999964893 48.743961334
0.999969125 0.004125062 -0.006691367 0.899459600 -0.004103895 0.999986589 0.003173982 -1.305883288 0.006704369 -0.003146423 0.999972641 49.323398590
0.999964774 0.004019094 -0.007358783 0.923685789 -0.003993460 0.999985933 0.003494749 -1.328813314 0.007372725 -0.003465239 0.999966741 49.788238525
0.999963164 0.003661573 -0.007765383 0.928872347 -0.003633796 0.999986947 0.003588132 -1.341541290 0.007778420 -0.003559782 0.999963403 50.316783905
0.999963999 0.003392382 -0.007769742 0.933724165 -0.003365506 0.999988317 0.003469466 -1.358524442 0.007781424 -0.003443192 0.999963820 50.844295502
0.999960780 0.002054274 -0.008605767 0.948657751 -0.002032305 0.999994576 0.002560843 -1.352834225 0.008610981 -0.002543253 0.999959707 51.352722168
0.999956489 0.001908834 -0.009125997 0.956400990 -0.001882285 0.999993920 0.002916780 -1.366672397 0.009131510 -0.002899476 0.999954104 51.892848969
0.999958396 0.004038523 -0.008179519 0.955372572 -0.004011311 0.999986351 0.003340508 -1.400569677 0.008192899 -0.003307559 0.999960899 52.403984070
0.999959230 0.004187917 -0.008001740 0.954527855 -0.004160366 0.999985337 0.003456729 -1.415563226 0.008016100 -0.003423298 0.999961972 52.931591034
0.999959886 0.003839863 -0.008088478 0.961839676 -0.003812233 0.999986827 0.003428572 -1.435087919 0.008101536 -0.003397600 0.999961376 53.471202850
0.999961615 0.004279321 -0.007662945 0.960542202 -0.004253998 0.999985456 0.003317897 -1.454513907 0.007677033 -0.003285171 0.999965072 54.024711609
0.999961972 0.004749819 -0.007308255 0.958001494 -0.004724383 0.999982715 0.003493682 -1.477875590 0.007324726 -0.003459022 0.999967217 54.566593170
0.999964356 0.004749351 -0.006971706 0.961452127 -0.004726696 0.999983430 0.003262430 -1.487958431 0.006987085 -0.003229361 0.999970436 55.122699738
0.999961972 0.004730226 -0.007342802 0.968372583 -0.004704616 0.999982774 0.003501170 -1.513756752 0.007359237 -0.003466492 0.999966860 55.713600159
0.999961078 0.004484511 -0.007600879 0.971278191 -0.004457909 0.999983907 0.003513142 -1.533642173 0.007616511 -0.003479121 0.999964952 56.259216309
0.999962091 0.005256770 -0.006937882 0.969422281 -0.005231399 0.999979556 0.003669954 -1.557487488 0.006957030 -0.003633520 0.999969184 56.821022034
0.999960601 0.005352995 -0.007069729 0.979554594 -0.005327299 0.999979138 0.003648528 -1.574658871 0.007089111 -0.003610722 0.999968350 57.371990204
0.999958575 0.005659003 -0.007130911 0.986756206 -0.005633257 0.999977589 0.003625279 -1.590815187 0.007151266 -0.003584959 0.999967992 57.916660309
0.999964356 0.005181289 -0.006662508 0.994299889 -0.005159521 0.999981284 0.003280149 -1.602277875 0.006679378 -0.003245657 0.999972403 58.483963013
0.999967515 0.005304478 -0.006052151 0.991465271 -0.005283072 0.999979675 0.003547312 -1.614284754 0.006070846 -0.003515224 0.999975443 59.026306152
0.999963641 0.005240955 -0.006722805 1.003751755 -0.005218877 0.999980927 0.003297565 -1.636610508 0.006739958 -0.003262360 0.999971926 59.575778961
0.999965191 0.005423423 -0.006345130 1.012670994 -0.005404302 0.999980807 0.003026739 -1.649171829 0.006361424 -0.002992343 0.999975264 60.127220154
0.999966145 0.004876693 -0.006633113 1.022255182 -0.004856921 0.999983788 0.002993681 -1.656957507 0.006647604 -0.002961363 0.999973476 60.684909821
0.999962330 0.005695927 -0.006546082 1.037355423 -0.005677306 0.999979794 0.002859604 -1.676377535 0.006562235 -0.002822332 0.999974489 61.236606598
0.999961197 0.005521433 -0.006861588 1.053554893 -0.005501664 0.999980628 0.002896784 -1.689481258 0.006877451 -0.002858921 0.999972284 61.777183533
0.999962032 0.005540682 -0.006726507 1.061457753 -0.005523281 0.999981344 0.002602769 -1.701738119 0.006740801 -0.002565518 0.999974012 62.317378998
0.999963641 0.005624425 -0.006400970 1.069940448 -0.005606448 0.999980211 0.002822933 -1.720146656 0.006416721 -0.002786944 0.999975502 62.849380493
0.999959707 0.005921904 -0.006750733 1.084212661 -0.005903774 0.999978900 0.002702161 -1.731803894 0.006766593 -0.002662197 0.999973536 63.385093689
0.999958694 0.006605376 -0.006258297 1.086992025 -0.006589835 0.999975145 0.002500671 -1.747883797 0.006274660 -0.002459326 0.999977291 63.937068939
0.999963999 0.005043461 -0.006821468 1.116503119 -0.005027712 0.999984622 0.002323848 -1.758992910 0.006833082 -0.002289467 0.999974012 64.455665588
0.999962389 0.005411791 -0.006773405 1.124004006 -0.005396521 0.999982834 0.002270456 -1.771421432 0.006785576 -0.002233817 0.999974489 64.992683411
0.999964178 0.004812250 -0.006952598 1.139614582 -0.004799214 0.999986708 0.001890421 -1.783502936 0.006961602 -0.001856986 0.999974072 65.523513794
0.999961734 0.005636815 -0.006689729 1.145139575 -0.005623228 0.999982059 0.002048013 -1.797028780 0.006701153 -0.002010317 0.999975502 66.058143616
0.999961615 0.005925528 -0.006456835 1.150048494 -0.005914090 0.999980927 0.001789116 -1.812689066 0.006467315 -0.001750861 0.999977469 66.592292786
0.999962211 0.005629385 -0.006623263 1.165438056 -0.005620752 0.999983311 0.001321438 -1.826115370 0.006630593 -0.001284160 0.999977171 67.148948669
0.999961793 0.005271726 -0.006970776 1.176620960 -0.005260888 0.999984920 0.001572400 -1.839650273 0.006978961 -0.001535668 0.999974430 67.669944763
0.999956608 0.005535605 -0.007497699 1.183361053 -0.005520620 0.999982715 0.002017759 -1.855743885 0.007508738 -0.001976280 0.999969780 68.224754333
0.999958456 0.005542316 -0.007233834 1.196184516 -0.005527417 0.999982536 0.002077977 -1.879601836 0.007245225 -0.002037907 0.999971628 68.733871460
0.999955893 0.006204779 -0.007043847 1.202060223 -0.006189925 0.999978602 0.002128582 -1.892015934 0.007056904 -0.002084887 0.999972939 69.261550903
0.999955356 0.006180964 -0.007135401 1.223098040 -0.006167225 0.999979079 0.001945862 -1.911966801 0.007147279 -0.001901770 0.999972641 69.782737732
0.999960721 0.006211786 -0.006329793 1.222659349 -0.006201389 0.999979377 0.001660869 -1.923906207 0.006339980 -0.001621550 0.999978602 70.340080261
0.999960661 0.004885314 -0.007415936 1.244183064 -0.004869913 0.999985874 0.002093371 -1.942028046 0.007426058 -0.002057173 0.999970317 70.805404663
0.999959409 0.004918872 -0.007552376 1.254622936 -0.004907207 0.999986887 0.001562212 -1.955553055 0.007559962 -0.001525088 0.999970198 71.333816528
0.999963701 0.004526840 -0.007221698 1.261104465 -0.004514127 0.999988258 0.001775902 -1.971213222 0.007229655 -0.001743238 0.999972343 71.858573914
0.999962270 0.004977257 -0.007116731 1.265622377 -0.004967310 0.999986649 0.001414864 -1.986294746 0.007123678 -0.001379459 0.999973655 72.372032166
0.999963105 0.004906595 -0.007054462 1.275884867 -0.004894055 0.999986410 0.001793661 -2.005104303 0.007063166 -0.001759070 0.999973476 72.897651672
0.999961078 0.005569166 -0.006845960 1.281595945 -0.005556603 0.999982834 0.001852653 -2.020958424 0.006856158 -0.001814541 0.999974847 73.421295166
0.999959111 0.005572236 -0.007122460 1.296054244 -0.005558972 0.999982774 0.001880845 -2.039081812 0.007132818 -0.001841174 0.999972880 73.944129944
0.999958575 0.005722044 -0.007065997 1.305441141 -0.005707564 0.999981582 0.002068003 -2.050951481 0.007077699 -0.002027588 0.999972820 74.468345642
0.999961972 0.005490967 -0.006768868 1.312795401 -0.005478502 0.999983191 0.001858576 -2.071121931 0.006778960 -0.001821422 0.999975324 74.985366821
0.999961674 0.005509416 -0.006808524 1.324310541 -0.005495861 0.999982834 0.002008112 -2.087395191 0.006819470 -0.001970616 0.999974787 75.534271240
0.999959707 0.005710020 -0.006926559 1.339785099 -0.005696814 0.999981940 0.001924969 -2.104335070 0.006937425 -0.001885432 0.999974132 76.084411621
0.999959648 0.005251046 -0.007281754 1.354189992 -0.005241384 0.999985456 0.001345499 -2.117354631 0.007288711 -0.001307278 0.999972582 76.644767761
0.999955356 0.006092129 -0.007218360 1.365525007 -0.006081726 0.999980450 0.001462387 -2.133185387 0.007227129 -0.001418422 0.999972880 77.226219177
0.999953270 0.005215189 -0.008137314 1.388615131 -0.005204006 0.999985516 0.001394714 -2.139100790 0.008144470 -0.001352302 0.999965906 77.807922363
0.999958038 0.004919271 -0.007731827 1.403226376 -0.004911927 0.999987483 0.000968706 -2.159080982 0.007736496 -0.000930687 0.999969602 78.298553467
0.999955535 0.005642249 -0.007558457 1.407872796 -0.005635781 0.999983728 0.000876746 -2.171090126 0.007563281 -0.000834109 0.999971032 78.835968018
0.999955714 0.005296177 -0.007779740 1.415369987 -0.005286228 0.999985278 0.001298815 -2.188077450 0.007786503 -0.001257632 0.999968886 79.355743408
0.999954641 0.005788306 -0.007552578 1.427497506 -0.005779779 0.999982774 0.001150272 -2.208432436 0.007559106 -0.001106567 0.999970734 79.884704590
0.999961495 0.005422728 -0.006902938 1.448111773 -0.005416219 0.999984801 0.000961278 -2.215435982 0.006908047 -0.000923853 0.999975681 80.416313171
0.999973953 0.005417816 -0.004778175 1.451169729 -0.005413070 0.999984801 0.001005742 -2.229838848 0.004783552 -0.000979851 0.999988079 80.961860657
0.999974847 0.005346146 -0.004663766 1.467017770 -0.005342912 0.999985456 0.000705652 -2.249902248 0.004667471 -0.000680716 0.999988794 81.477348328
0.999979913 0.005629066 -0.002941263 1.465252638 -0.005626699 0.999983847 0.000812529 -2.246267557 0.002945790 -0.000795963 0.999995351 82.105651855
0.999984205 0.005607760 -0.000341578 1.512341380 -0.005607617 0.999984205 0.000417441 -2.256099939 0.000343913 -0.000415519 0.999999881 82.559539795
0.999981642 0.005342986 0.002861402 1.539316177 -0.005342703 0.999985695 -0.000106494 -2.256361485 -0.002861930 0.000091204 0.999995828 83.086997986
0.999961555 0.006214836 0.006186491 1.562018156 -0.006217550 0.999980569 0.000419713 -2.285232306 -0.006183763 -0.000458161 0.999980748 83.613082886
0.999933600 0.005800528 0.009957287 1.608346224 -0.005805118 0.999983013 0.000432097 -2.313919783 -0.009954612 -0.000489871 0.999950349 84.138023376
0.999849737 0.006182963 0.016193850 1.632338285 -0.006187531 0.999980748 0.000231975 -2.321716785 -0.016192105 -0.000332140 0.999868870 84.781791687
0.999723434 0.006465418 0.022615185 1.650517821 -0.006463530 0.999979079 -0.000156597 -2.329238892 -0.022615725 0.000010380 0.999744236 85.409194946
0.999597013 0.004896265 0.027965585 1.698034286 -0.004881193 0.999987900 -0.000607151 -2.336510420 -0.027968219 0.000470401 0.999608696 86.025161743
0.999303639 0.006003465 0.036826786 1.716777563 -0.005998878 0.999981999 -0.000235026 -2.360280275 -0.036827534 0.000013942 0.999321640 86.553176880
0.998948276 0.006047335 0.045449443 1.760575056 -0.006024980 0.999981582 -0.000628833 -2.375832558 -0.045452416 0.000354339 0.998966396 87.096824646
0.998601377 0.005830462 0.052546207 1.808444977 -0.005828887 0.999982953 -0.000183229 -2.391884327 -0.052546382 -0.000123313 0.998618484 87.651382446
0.998071432 0.005984040 0.061786473 1.839660645 -0.005943640 0.999981999 -0.000837636 -2.402821302 -0.061790373 0.000468784 0.998089015 88.226654053
0.997434735 0.005868848 0.071339749 1.921567917 -0.005835573 0.999982774 -0.000674844 -2.419688463 -0.071342476 0.000256805 0.997451842 88.736854553
0.996738553 0.005516450 0.080510013 1.961633205 -0.005456254 0.999984622 -0.000967675 -2.432693243 -0.080514118 0.000525235 0.996753275 89.293731689
0.996118963 0.005160194 0.087865353 2.017657757 -0.005088787 0.999986529 -0.001036679 -2.450659990 -0.087869525 0.000585528 0.996131837 89.824401855
0.995183527 0.005157763 0.097893201 2.098361969 -0.005062920 0.999986410 -0.001217239 -2.465264559 -0.097898163 0.000715751 0.995196223 90.356460571
0.994048536 0.005668638 0.108790308 2.164473057 -0.005589561 0.999983847 -0.001031823 -2.478430748 -0.108794399 0.000417592 0.994064212 90.931442261
0.993010581 0.004541793 0.117938124 2.246957779 -0.004395934 0.999989331 -0.001496847 -2.494454145 -0.117943630 0.000967937 0.993019819 91.481956482
0.991622686 0.004370975 0.129094481 2.340321541 -0.004204788 0.999989986 -0.001559851 -2.510935068 -0.129099995 0.001003969 0.991631091 92.012855530
0.989858866 0.004259998 0.141990393 2.436907768 -0.004103125 0.999990523 -0.001397592 -2.533578157 -0.141994983 0.000800814 0.989867032 92.564712524
0.988250792 0.004693226 0.152768627 2.545832634 -0.004653531 0.999989033 -0.000617388 -2.554558754 -0.152769834 -0.000100779 0.988261759 93.093742371
0.986515701 0.004203000 0.163612604 2.643054962 -0.004061934 0.999991059 -0.001196741 -2.565746069 -0.163616210 0.000516021 0.986523926 93.649177551
0.984314919 0.004041956 0.176373810 2.765143394 -0.003886635 0.999991655 -0.001226091 -2.585798979 -0.176377296 0.000521359 0.984322429 94.180984497
0.982086360 0.003682585 0.188394964 2.882672310 -0.003552238 0.999993086 -0.001029517 -2.601648331 -0.188397467 0.000341852 0.982092738 94.698371887
0.980155110 0.003291581 0.198204607 3.009298325 -0.003144395 0.999994457 -0.001057330 -2.617142200 -0.198206961 0.000413114 0.980160058 95.230049133
0.977387309 0.002837150 0.211437404 3.150039673 -0.002727582 0.999995887 -0.000809858 -2.638673306 -0.211438850 0.000214833 0.977391183 95.746192932
0.974273026 0.002752869 0.225354597 3.277093887 -0.002461599 0.999995708 -0.001573471 -2.633816481 -0.225357935 0.000978257 0.974275529 96.340461731
0.971461892 0.002602315 0.237181172 3.426727295 -0.002276579 0.999996066 -0.001647240 -2.668585300 -0.237184525 0.001060270 0.971463978 96.929534912
0.968849778 0.002005586 0.247641027 3.566596985 -0.001514020 0.999996483 -0.002175409 -2.652553797 -0.247644514 0.001732711 0.968849421 97.381072998
0.965161145 0.002998622 0.261638790 3.729534149 -0.002673607 0.999995112 -0.001598180 -2.676574945 -0.261642277 0.000842982 0.965164602 97.900856018
0.961786330 0.001485102 0.273797184 3.903024673 -0.001021294 0.999997735 -0.001836514 -2.692417622 -0.273799330 0.001486707 0.961785674 98.429504395
0.958418667 0.001524855 0.285361707 4.082492828 -0.001002079 0.999997497 -0.001977983 -2.705365419 -0.285364002 0.001609781 0.958417892 98.961608887
0.954047143 0.001564731 0.299652487 4.247034073 -0.001110413 0.999998093 -0.001686423 -2.722577333 -0.299654573 0.001276189 0.954046905 99.449234009
0.949678242 0.001081072 0.313225716 4.445640564 -0.000602468 0.999998510 -0.001624770 -2.738746166 -0.313226968 0.001354300 0.949677348 99.960372925
0.945803583 0.001169441 0.324737310 4.648950577 -0.000694917 0.999998569 -0.001577227 -2.752007008 -0.324738681 0.001266081 0.945802927 100.475189209
0.941120565 0.000886359 0.338069856 4.855110168 -0.000515721 0.999999166 -0.001186153 -2.772923231 -0.338070661 0.000941964 0.941120267 100.979530334
0.935918748 0.000617147 0.352215648 5.064846039 -0.000177830 0.999999225 -0.001279647 -2.788890839 -0.352216125 0.001135011 0.935918033 101.467521667
0.931390643 -0.000381966 0.364021152 5.269121170 0.000918968 0.999998748 -0.001301993 -2.815936089 -0.364020169 0.001547188 0.931389809 101.943908691
0.926546037 -0.001207890 0.376179487 5.490364075 0.002053605 0.999996185 -0.001847188 -2.822780609 -0.376175821 0.002484029 0.926544964 102.463775635
0.920729399 -0.001775804 0.390197694 5.730468750 0.002685434 0.999994814 -0.001785669 -2.836017847 -0.390192419 0.002691968 0.920729399 102.960639954
0.915401578 -0.002845147 0.402531773 5.964637756 0.004108745 0.999988973 -0.002275686 -2.849583626 -0.402520865 0.003737066 0.915403187 103.442001343
0.910713613 -0.003391194 0.413024247 6.213752747 0.004838594 0.999985337 -0.002458522 -2.870859385 -0.413009882 0.004237466 0.910716712 103.914871216
0.904954731 -0.003929248 0.425489724 6.474349976 0.005390503 0.999982953 -0.002230322 -2.893793583 -0.425473779 0.004311943 0.904960513 104.392913818
0.898480356 -0.003731237 0.438997954 6.733570099 0.005143767 0.999984682 -0.002028238 -2.908686399 -0.438983738 0.004080434 0.898485780 104.870010376
0.892716467 -0.004418036 0.450597107 7.008945465 0.006160204 0.999978185 -0.002399872 -2.921780348 -0.450576693 0.004918175 0.892724216 105.355178833
0.887287736 -0.004918466 0.461190194 7.263786316 0.006209847 0.999979854 -0.001282665 -2.963804245 -0.461174607 0.004002013 0.887300372 105.775863647
0.879860222 -0.005598812 0.475199640 7.554416656 0.007077363 0.999974072 -0.001322440 -2.969065666 -0.475179851 0.004526723 0.879877031 106.266395569
0.872708797 -0.005490941 0.488210052 7.843734741 0.007038988 0.999974430 -0.001335878 -2.982640505 -0.488190174 0.004602338 0.872725129 106.733291626
