1.000000000 0.000000000 0.000000000 0.000000000 0.000000000 1.000000000 0.000000000 0.000000000 0.000000000 0.000000000 1.000000000 0.000000000
1.000000000 -0.000002343 0.000158565 -0.001641049 0.000002323 1.000000000 0.000129444 0.000224151 -0.000158565 -0.000129444 1.000000000 0.002229904
1.000000000 0.000186582 0.000116167 -0.001331218 -0.000186605 0.999999940 0.000195561 0.000337550 -0.000116131 -0.000195583 1.000000000 0.002187158
1.000000000 0.000142082 -0.000106811 0.000687651 -0.000142065 1.000000000 0.000158962 -0.000693026 0.000106833 -0.000158947 1.000000000 -0.000787491
0.999999881 0.000394006 0.000193954 -0.002107691 -0.000394036 0.999999881 0.000155232 -0.000162883 -0.000193893 -0.000155309 0.999999940 0.000949659
0.999999940 0.000259095 0.000070650 -0.001425269 -0.000259104 0.999999940 0.000125961 0.000104628 -0.000070617 -0.000125979 1.000000000 -0.000523024
1.000000000 -0.000108557 0.000020711 0.000287241 0.000108553 1.000000000 0.000175446 -0.001201933 -0.000020730 -0.000175443 1.000000000 -0.001450624
0.999999940 -0.000301255 0.000171924 -0.000653122 0.000301220 0.999999940 0.000206373 -0.000226454 -0.000171986 -0.000206322 0.999999940 0.001496312
1.000000000 0.000009858 0.000166181 -0.001052317 -0.000009873 1.000000000 0.000091824 0.000618012 -0.000166180 -0.000091826 1.000000000 0.002509590
1.000000000 -0.000067757 0.000117006 -0.000461262 0.000067741 1.000000000 0.000139111 0.000055416 -0.000117015 -0.000139103 1.000000000 0.001171947
0.999999940 -0.000075911 0.000244123 -0.001493145 0.000075925 1.000000000 -0.000057316 0.002283414 -0.000244119 0.000057334 0.999999940 0.003047169
1.000000000 -0.000003063 0.000092664 -0.000468389 0.000003043 1.000000000 0.000218845 -0.000262761 -0.000092664 -0.000218845 1.000000000 0.001414127
1.000000000 0.000053435 0.000215269 -0.002653529 -0.000053408 1.000000000 -0.000124919 0.003207047 -0.000215276 0.000124907 0.999999940 0.005527139
1.000000000 -0.000116028 0.000199960 -0.002220678 0.000115967 0.999999940 0.000301562 -0.000157776 -0.000199995 -0.000301539 0.999999940 0.002842126
1.000000000 0.000034179 0.000178216 -0.001592234 -0.000034225 0.999999940 0.000254898 -0.000975383 -0.000178207 -0.000254904 0.999999940 0.000137655
1.000000000 0.000090718 0.000120061 0.000067089 -0.000090746 0.999999940 0.000233739 -0.001447487 -0.000120040 -0.000233750 0.999999940 -0.001832535
1.000000000 -0.000109750 0.000005526 -0.000007149 0.000109750 1.000000000 0.000161689 -0.000743118 -0.000005544 -0.000161688 1.000000000 -0.001000896
0.999999940 0.000050467 0.000256880 -0.001152011 -0.000050504 1.000000000 0.000144630 -0.000098076 -0.000256873 -0.000144643 0.999999940 0.000219774
0.999999940 0.000042235 0.000292746 -0.002985427 -0.000042268 1.000000000 0.000114867 0.000813242 -0.000292741 -0.000114879 0.999999940 0.003464809
0.999999940 0.000223237 0.000131199 -0.001662676 -0.000223258 0.999999940 0.000160927 0.000437553 -0.000131163 -0.000160956 1.000000000 0.002596961
0.999999940 0.000328342 0.000235205 -0.001685326 -0.000328415 0.999999881 0.000310525 -0.000765255 -0.000235103 -0.000310602 0.999999940 0.001058488
0.999999881 0.000378643 0.000256354 -0.002907987 -0.000378692 0.999999881 0.000189944 -0.000318634 -0.000256282 -0.000190041 0.999999940 0.000800512
1.000000000 0.000095131 0.000126827 -0.001503300 -0.000095169 0.999999940 0.000300867 -0.000315616 -0.000126799 -0.000300879 0.999999940 0.002221595
0.999999940 0.000095091 0.000232131 -0.001797993 -0.000095146 0.999999940 0.000234708 -0.000401864 -0.000232109 -0.000234730 0.999999940 0.002639170
1.000000000 0.000165679 0.000155984 -0.001027168 -0.000165719 0.999999940 0.000256577 -0.000529016 -0.000155942 -0.000256603 0.999999940 0.000123029
1.000000000 0.000059793 0.000186014 -0.001943375 -0.000059805 1.000000000 0.000067370 0.001847677 -0.000186010 -0.000067381 1.000000000 0.004318881
1.000000000 -0.000006780 0.000188386 -0.000703934 0.000006763 1.000000000 0.000088432 0.000213551 -0.000188386 -0.000088431 1.000000000 -0.000666121
1.000000000 0.000105494 0.000205591 -0.002091478 -0.000105514 1.000000000 0.000096804 0.001044191 -0.000205581 -0.000096826 1.000000000 0.003745872
0.999999940 0.000194295 0.000282129 -0.003666605 -0.000194291 1.000000000 -0.000015840 0.002776209 -0.000282132 0.000015785 0.999999940 0.005672632
1.000000000 -0.000116456 0.000133193 -0.001937578 0.000116444 1.000000000 0.000093796 0.002402768 -0.000133204 -0.000093781 1.000000000 0.004714604
1.000000000 -0.000009474 0.000170663 -0.001563088 0.000009475 1.000000000 -0.000006643 0.001611334 -0.000170663 0.000006645 1.000000000 0.002827916
0.999999940 -0.000324584 0.000058913 -0.000849670 0.000324578 0.999999940 0.000104714 0.001458774 -0.000058947 -0.000104695 1.000000000 0.003362338
1.000000000 -0.000159768 0.000154764 -0.001718692 0.000159774 1.000000000 -0.000043216 0.002190123 -0.000154758 0.000043241 1.000000000 0.003825251
0.999999940 -0.000048967 0.000294312 -0.002042268 0.000048973 1.000000000 -0.000018633 0.002058314 -0.000294311 0.000018647 0.999999940 0.003682051
1.000000000 -0.000082066 0.000177073 -0.001354682 0.000082045 1.000000000 0.000115585 0.000525279 -0.000177082 -0.000115571 1.000000000 0.001695076
0.999999940 0.000249252 0.000254486 -0.001355833 -0.000249308 0.999999940 0.000217424 -0.000125824 -0.000254431 -0.000217488 0.999999940 0.000203617
1.000000000 0.000059032 0.000099029 -0.000171426 -0.000059048 1.000000000 0.000162783 0.001952225 -0.000099019 -0.000162788 1.000000000 0.002701590
1.000000000 -0.000190546 0.000101359 -0.001007740 0.000190531 1.000000000 0.000149687 0.001521048 -0.000101387 -0.000149668 1.000000000 0.004219703
1.000000000 -0.000113884 0.000169193 -0.002309403 0.000113853 1.000000000 0.000186171 0.001623216 -0.000169214 -0.000186152 0.999999940 0.005060423
0.999999940 -0.000205226 0.000154565 -0.000317686 0.000205200 0.999999940 0.000166387 0.000422258 -0.000154599 -0.000166355 1.000000000 0.001393846
0.999999940 -0.000252146 0.000292241 -0.001019933 0.000252132 0.999999940 0.000048895 0.001010436 -0.000292254 -0.000048821 0.999999940 0.002443657
0.999999881 -0.000373097 0.000201043 0.001716964 0.000373229 0.999999702 -0.000653691 0.000383631 -0.000200799 0.000653766 0.999999762 0.051173590
0.999999940 0.000187754 0.000235184 -0.001168930 -0.000187478 0.999999285 -0.001173516 -0.002952897 -0.000235404 0.001173472 0.999999285 0.137385190
1.000000000 0.000161369 0.000164014 0.001269556 -0.000161118 0.999998808 -0.001523601 -0.004085190 -0.000164260 0.001523575 0.999998808 0.254398704
1.000000000 0.000131306 -0.000153072 0.006842469 -0.000131480 0.999999344 -0.001134475 -0.012003501 0.000152923 0.001134495 0.999999344 0.383784503
0.999999940 0.000295156 -0.000053916 0.008998360 -0.000295203 0.999999583 -0.000861855 -0.016695939 0.000053662 0.000861871 0.999999642 0.523241103
0.999999940 0.000278263 0.000006335 0.012526667 -0.000278259 0.999999821 -0.000478109 -0.028766092 -0.000006468 0.000478107 0.999999881 0.664494991
1.000000000 0.000192331 0.000117576 0.017592955 -0.000192229 0.999999583 -0.000863398 -0.024826000 -0.000117742 0.000863375 0.999999642 0.834762275
1.000000000 0.000018331 -0.000147642 0.020487132 -0.000018442 0.999999702 -0.000751396 -0.026640344 0.000147628 0.000751399 0.999999702 1.012547255
0.999999642 0.000679821 -0.000483810 0.029830061 -0.000681092 0.999996245 -0.002631238 -0.020607077 0.000482020 0.002631567 0.999996364 1.181610107
0.999999881 0.000364263 -0.000388925 0.035151847 -0.000365102 0.999997556 -0.002158487 -0.026704274 0.000388138 0.002158629 0.999997556 1.362802148
0.999999821 0.000306665 -0.000369908 0.040435955 -0.000307556 0.999996960 -0.002411241 -0.031341445 0.000369167 0.002411355 0.999997020 1.548153162
0.999999881 0.000397482 -0.000407306 0.042784140 -0.000398448 0.999997079 -0.002373813 -0.033046838 0.000406361 0.002373975 0.999997139 1.749333382
0.999999464 0.000006720 -0.001002188 0.054787003 -0.000009005 0.999997377 -0.002280026 -0.040637091 0.001002170 0.002280033 0.999996901 1.944591999
0.999999702 0.000773128 -0.000200223 0.047290578 -0.000773670 0.999996006 -0.002722618 -0.043982971 0.000198117 0.002722772 0.999996245 2.169337511
0.999999762 0.000551701 -0.000458323 0.054788988 -0.000552914 0.999996364 -0.002649896 -0.052858904 0.000456859 0.002650149 0.999996364 2.378628969
0.999999821 0.000468177 -0.000538454 0.065352552 -0.000469534 0.999996781 -0.002522996 -0.060659569 0.000537271 0.002523248 0.999996662 2.591606140
0.999999523 0.000952738 0.000251629 0.059028413 -0.000952136 0.999996662 -0.002378864 -0.071132161 -0.000253895 0.002378624 0.999997079 2.834018707
0.999999702 0.000764155 -0.000085633 0.068960749 -0.000764317 0.999997854 -0.001905627 -0.080798365 0.000084177 0.001905692 0.999998152 3.066407919
0.999999583 0.000855781 -0.000224578 0.073530734 -0.000856330 0.999996603 -0.002456899 -0.082263656 0.000222475 0.002457090 0.999996960 3.308724403
0.999999583 0.000762105 -0.000499041 0.085423447 -0.000763344 0.999996603 -0.002486629 -0.092881851 0.000497145 0.002487009 0.999996781 3.550122023
0.999999523 0.000890776 -0.000215593 0.089755654 -0.000891326 0.999996185 -0.002567136 -0.097677320 0.000213305 0.002567327 0.999996662 3.810372114
0.999999344 0.001113770 -0.000232706 0.086515740 -0.001114403 0.999995649 -0.002739585 -0.103192486 0.000229653 0.002739843 0.999996245 4.064463615
0.999999166 0.001313336 0.000007473 0.088472389 -0.001313315 0.999996424 -0.002326607 -0.110945210 -0.000010528 0.002326595 0.999997318 4.313749313
0.999999225 0.001249295 0.000214905 0.092360578 -0.001248836 0.999996960 -0.002121727 -0.120083287 -0.000217555 0.002121457 0.999997735 4.572936535
0.999999285 0.001220338 0.000016891 0.102761857 -0.001220299 0.999996960 -0.002130421 -0.127003312 -0.000019491 0.002130399 0.999997795 4.830860615
0.999998868 0.001467115 -0.000133493 0.111918099 -0.001467406 0.999996424 -0.002204182 -0.132088348 0.000130259 0.002204375 0.999997556 5.094209671
0.999998868 0.001457668 -0.000185910 0.118532136 -0.001458043 0.999996841 -0.002035555 -0.144589067 0.000182942 0.002035824 0.999997914 5.357993126
0.999998868 0.001544163 0.000181824 0.118253231 -0.001543699 0.999995589 -0.002523484 -0.148546115 -0.000185720 0.002523200 0.999996781 5.632400990
1.000000000 0.000315092 -0.000143106 0.123617798 -0.000315396 0.999997675 -0.002128489 -0.161227167 0.000142436 0.002128534 0.999997675 5.890226364
0.999999940 0.000397459 -0.000305995 0.130045563 -0.000398116 0.999997616 -0.002150055 -0.168794230 0.000305139 0.002150176 0.999997675 6.175265789
0.999999702 0.000625496 -0.000554529 0.141627774 -0.000626765 0.999997199 -0.002292671 -0.179528296 0.000553094 0.002293018 0.999997258 6.452539444
0.999998808 0.001532331 0.000052535 0.138271540 -0.001532218 0.999996662 -0.002084879 -0.194909737 -0.000055730 0.002084796 0.999997854 6.743536472
0.999999166 0.001255521 -0.000081847 0.149190709 -0.001255624 0.999998450 -0.001263945 -0.209364295 0.000080260 0.001264047 0.999999225 7.038338184
0.999998987 0.001415220 0.000101575 0.155077755 -0.001415048 0.999997616 -0.001677204 -0.215793982 -0.000103949 0.001677058 0.999998689 7.337119102
0.999999702 0.000629479 -0.000225568 0.163246900 -0.000629877 0.999998152 -0.001767105 -0.225173295 0.000224456 0.001767246 0.999998391 7.635298252
0.999999344 0.001132045 -0.000005829 0.167138830 -0.001132052 0.999998391 -0.001362022 -0.238824904 0.000004287 0.001362028 0.999999046 7.942506313
0.999999344 0.001120652 0.000057483 0.168477640 -0.001120583 0.999998629 -0.001176603 -0.252376795 -0.000058801 0.001176537 0.999999285 8.270641327
0.999999166 0.001267795 0.000179116 0.174963161 -0.001267578 0.999998450 -0.001207819 -0.265137970 -0.000180647 0.001207591 0.999999225 8.588886261
0.999999583 0.000842423 0.000350679 0.179713354 -0.000842078 0.999999166 -0.000983125 -0.277270466 -0.000351507 0.000982829 0.999999464 8.927627563
0.999999881 0.000512166 0.000171934 0.189480186 -0.000511974 0.999999344 -0.001112031 -0.290405512 -0.000172503 0.001111943 0.999999404 9.259252548
0.999999464 0.000949183 0.000238652 0.194520146 -0.000948953 0.999999106 -0.000962811 -0.300391674 -0.000239566 0.000962584 0.999999464 9.608971596
0.999999046 0.001139312 0.000618871 0.203638390 -0.001138667 0.999998868 -0.001040771 -0.310696900 -0.000620056 0.001040065 0.999999225 9.954095840
0.999999285 0.001156958 0.000171218 0.211883575 -0.001156757 0.999998689 -0.001166060 -0.321410209 -0.000172567 0.001165861 0.999999285 10.315174103
0.999999285 0.001038514 0.000535140 0.210322067 -0.001038266 0.999999344 -0.000464494 -0.339982599 -0.000535622 0.000463938 0.999999762 10.674176216
0.999998927 0.001028889 0.001086212 0.207859680 -0.001027913 0.999999106 -0.000898619 -0.342692882 -0.001087136 0.000897501 0.999999046 11.052925110
0.999998868 0.001192845 0.000848465 0.221295506 -0.001192052 0.999998868 -0.000933628 -0.357815236 -0.000849577 0.000932616 0.999999166 11.418257713
0.999998629 0.001206229 0.001034887 0.224722043 -0.001204795 0.999998331 -0.001384779 -0.357663661 -0.001036556 0.001383530 0.999998510 11.809000015
0.999999702 0.000481399 0.000586846 0.236862347 -0.000481190 0.999999821 -0.000357196 -0.388705492 -0.000587018 0.000356913 0.999999762 12.177660942
0.999999404 0.000703861 0.000774162 0.245621771 -0.000703807 0.999999762 -0.000069556 -0.403391361 -0.000774211 0.000069011 0.999999702 12.566623688
0.999999464 0.000435542 0.000962566 0.246239677 -0.000435548 1.000000000 0.000006954 -0.412735671 -0.000962563 -0.000007374 0.999999523 12.959035873
0.999999106 0.000777136 0.001108393 0.254002362 -0.000777285 0.999999702 0.000133497 -0.431378752 -0.001108289 -0.000134359 0.999999404 13.365196228
0.999998927 0.000650338 0.001310542 0.263204008 -0.000650290 0.999999821 -0.000036781 -0.443871468 -0.001310566 0.000035928 0.999999225 13.770649910
0.999998569 0.000639006 0.001532846 0.269846559 -0.000638788 0.999999702 -0.000142995 -0.448452592 -0.001532936 0.000142015 0.999998808 14.206178665
0.999998868 0.000413761 0.001427988 0.282615244 -0.000413887 0.999999881 0.000087467 -0.467302710 -0.001427952 -0.000088057 0.999998987 14.628423691
0.999998212 0.000306313 0.001873494 0.294138014 -0.000306729 0.999999940 0.000221421 -0.477467716 -0.001873425 -0.000221995 0.999998212 15.057615280
0.999997318 0.000533035 0.002235765 0.302899957 -0.000533743 0.999999762 0.000316216 -0.494105369 -0.002235595 -0.000317409 0.999997437 15.496187210
0.999996841 0.000467138 0.002448541 0.311952949 -0.000468239 0.999999762 0.000449165 -0.509318471 -0.002448331 -0.000450309 0.999996901 15.924873352
0.999996305 0.000464694 0.002729093 0.324371725 -0.000466280 0.999999821 0.000580710 -0.521662533 -0.002728822 -0.000581980 0.999996126 16.377937317
0.999995530 0.000379972 0.002960559 0.330759645 -0.000380061 0.999999940 0.000029403 -0.532268584 -0.002960548 -0.000030528 0.999995589 16.838947296
0.999995410 0.000227037 0.003020922 0.343756527 -0.000228493 0.999999881 0.000481844 -0.547948599 -0.003020813 -0.000482532 0.999995291 17.302040100
0.999992549 0.000551457 0.003816943 0.349843115 -0.000554394 0.999999583 0.000768433 -0.562851667 -0.003816517 -0.000770544 0.999992371 17.764028549
0.999993622 -0.000322750 0.003559123 0.365929484 0.000319020 0.999999344 0.001048379 -0.577056050 -0.003559459 -0.001047237 0.999993086 18.232450485
0.999991000 0.000838155 0.004164085 0.372598946 -0.000843526 0.999998808 0.001288116 -0.598229647 -0.004163002 -0.001291617 0.999990463 18.686058044
0.999991059 0.000838060 0.004152549 0.386270881 -0.000842164 0.999999166 0.000986564 -0.604966640 -0.004151719 -0.000990052 0.999990880 19.166107178
0.999991894 0.000175811 0.004030904 0.405860394 -0.000179278 0.999999523 0.000859889 -0.617775917 -0.004030752 -0.000860605 0.999991536 19.634115219
0.999990880 0.000418664 0.004252412 0.411762476 -0.000425096 0.999998748 0.001511692 -0.642396688 -0.004251774 -0.001513486 0.999989748 20.122510910
0.999991238 0.000509748 0.004159205 0.425800860 -0.000513547 0.999999344 0.000912597 -0.651759505 -0.004158738 -0.000914724 0.999990940 20.616682053
0.999989152 0.000653368 0.004602086 0.433357656 -0.000659265 0.999998927 0.001279850 -0.662300110 -0.004601245 -0.001282870 0.999988556 21.127119064
0.999993384 0.001106394 0.003459858 0.440764695 -0.001113360 0.999997318 0.002012125 -0.697937429 -0.003457622 -0.002015964 0.999991953 21.649568558
0.999994159 0.001328090 0.003135254 0.448838532 -0.001335683 0.999996245 0.002420870 -0.716431081 -0.003132026 -0.002425044 0.999992132 22.159597397
0.999994457 0.001821108 0.002803956 0.463509649 -0.001827721 0.999995589 0.002357864 -0.728034914 -0.002799649 -0.002362975 0.999993265 22.666807175
0.999996603 0.001236042 0.002303192 0.462168962 -0.001240698 0.999997199 0.002021077 -0.739199877 -0.002300688 -0.002023928 0.999995232 23.195329666
0.999997795 0.000987523 0.001809209 0.475011736 -0.000992387 0.999995887 0.002689639 -0.765515327 -0.001806545 -0.002691429 0.999994755 23.717397690
0.999999464 -0.000128507 0.001042150 0.486557722 0.000126527 0.999998212 0.001900084 -0.776123703 -0.001042392 -0.001899951 0.999997675 24.254720688
0.999998808 0.001153934 0.001052610 0.489640921 -0.001155703 0.999997914 0.001681503 -0.783379972 -0.001050668 -0.001682717 0.999998093 24.798778534
0.999999106 0.001300078 -0.000084263 0.510566950 -0.001299845 0.999995410 0.002708262 -0.809036732 0.000087784 -0.002708150 0.999996305 25.337644577
0.999998689 0.001627301 -0.000297881 0.512783527 -0.001626498 0.999995053 0.002675565 -0.822192550 0.000302233 -0.002675077 0.999996364 25.892902374
0.999998987 0.000978400 -0.000975581 0.521202922 -0.000975820 0.999996006 0.002641871 -0.836412609 0.000978162 -0.002640917 0.999995947 26.437728882
0.999998569 0.000890377 -0.001431321 0.534814298 -0.000885766 0.999994397 0.003218993 -0.852831364 0.001434179 -0.003217721 0.999993742 26.990232468
0.999996841 0.000586413 -0.002456873 0.552941382 -0.000577292 0.999992967 0.003711456 -0.874217987 0.002459032 -0.003710026 0.999990106 27.548212051
0.999996901 0.001195122 -0.002177378 0.549769640 -0.001188135 0.999994159 0.003207091 -0.885546386 0.002181198 -0.003204494 0.999992430 28.094049454
0.999996483 0.001561833 -0.002131512 0.552159786 -0.001554779 0.999993324 0.003307131 -0.897314072 0.002136663 -0.003303806 0.999992251 28.642757416
0.999996662 0.001500060 -0.002099318 0.557912886 -0.001493255 0.999993682 0.003239191 -0.910732567 0.002104164 -0.003236046 0.999992549 29.182184219
0.999994755 0.001559320 -0.002844657 0.571196318 -0.001548449 0.999991477 0.003819733 -0.932325125 0.002850589 -0.003815309 0.999988675 29.744235992
0.999994755 0.001707798 -0.002738757 0.575071216 -0.001697132 0.999990940 0.003891995 -0.945683837 0.002745379 -0.003887327 0.999988675 30.295696259
0.999993324 0.001678039 -0.003240096 0.591444314 -0.001665993 0.999991715 0.003716704 -0.960612953 0.003246306 -0.003711281 0.999987841 30.853322983
0.999992251 0.001921227 -0.003435088 0.598898470 -0.001906949 0.999989569 0.004154891 -0.978196859 0.003443035 -0.004148308 0.999985456 31.392261505
0.999992311 0.001846389 -0.003452546 0.606803775 -0.001832646 0.999990404 0.003979559 -0.989655852 0.003459861 -0.003973201 0.999986053 31.935794830
0.999990940 0.001371674 -0.004014331 0.622446477 -0.001354819 0.999990404 0.004198349 -1.009622812 0.004020050 -0.004192873 0.999983132 32.510486603
0.999989271 0.001976275 -0.004189223 0.624383926 -0.001957814 0.999988317 0.004406303 -1.021462917 0.004197882 -0.004398053 0.999981523 33.060665131
0.999989271 0.002209031 -0.004071927 0.624626398 -0.002191441 0.999988258 0.004319382 -1.034025073 0.004081421 -0.004310412 0.999982417 33.621047974
0.999987483 0.002328535 -0.004429099 0.636686027 -0.002309820 0.999988496 0.004225838 -1.047117472 0.004438887 -0.004215555 0.999981284 34.166656494
0.999987245 0.002225283 -0.004536015 0.643115938 -0.002204244 0.999986768 0.004637926 -1.064166546 0.004546276 -0.004627868 0.999978900 34.716156006
0.999987185 0.002328461 -0.004497399 0.647599459 -0.002307575 0.999986529 0.004643600 -1.078160286 0.004508152 -0.004633163 0.999979019 35.267463684
0.999988258 0.001976525 -0.004434568 0.660066307 -0.001956642 0.999987960 0.004483591 -1.090513945 0.004443376 -0.004474862 0.999980092 35.810981750
0.999987066 0.001594438 -0.004830563 0.669435918 -0.001571945 0.999988019 0.004656504 -1.106828094 0.004837930 -0.004648851 0.999977469 36.368125916
0.999987483 0.002144753 -0.004512854 0.672669768 -0.002125382 0.999988437 0.004292808 -1.114602923 0.004522009 -0.004283163 0.999980569 36.918136597
0.999987006 0.001715314 -0.004796841 0.679735422 -0.001691272 0.999985993 0.005011576 -1.139246464 0.004805370 -0.005003399 0.999975920 37.468528748
0.999985814 0.002232384 -0.004829963 0.692333400 -0.002208210 0.999985099 0.005004524 -1.155371428 0.004841062 -0.004993788 0.999975801 38.017456055
0.999988019 0.001954188 -0.004470801 0.686736763 -0.001933473 0.999987364 0.004632906 -1.160638571 0.004479798 -0.004624207 0.999979258 38.567886353
0.999983013 0.002468514 -0.005276766 0.701433420 -0.002438123 0.999980450 0.005758172 -1.192625284 0.005290877 -0.005745209 0.999969482 39.121818542
0.999982178 0.002692487 -0.005330052 0.710707009 -0.002663766 0.999981940 0.005388362 -1.204806566 0.005344464 -0.005374067 0.999971330 39.663017273
0.999977946 0.003217428 -0.005807015 0.730627775 -0.003177178 0.999970973 0.006927233 -1.241019845 0.005829134 -0.006908631 0.999959171 40.177864075
0.999983311 0.001550362 -0.005559149 0.730453730 -0.001515392 0.999979079 0.006289245 -1.239022613 0.005568782 -0.006280715 0.999964833 40.735431671
0.999982357 0.002184805 -0.005523655 0.729330182 -0.002158202 0.999986053 0.004817641 -1.232242465 0.005534104 -0.004805635 0.999973118 41.336990356
0.999981403 0.002911519 -0.005362920 0.737179518 -0.002886063 0.999984622 0.004748293 -1.239968657 0.005376662 -0.004732727 0.999974370 41.886840820
0.999980569 0.002267902 -0.005799927 0.755242825 -0.002236104 0.999982476 0.005483167 -1.264760852 0.005812261 -0.005470091 0.999968112 42.419853210
0.999979079 0.003087418 -0.005681535 0.747842014 -0.003060262 0.999983907 0.004782100 -1.264751196 0.005696208 -0.004764613 0.999972403 42.998180389
0.999978960 0.003210030 -0.005641199 0.756606877 -0.003182607 0.999983132 0.004863508 -1.278699994 0.005656716 -0.004845452 0.999972165 43.542816162
0.999979138 0.003091417 -0.005674243 0.760712862 -0.003062205 0.999982059 0.005149725 -1.296146631 0.005690061 -0.005132243 0.999970615 44.118206024
0.999983191 0.001862356 -0.005510217 0.769618273 -0.001834207 0.999985218 0.005109222 -1.306653738 0.005519651 -0.005099028 0.999971747 44.669555664
0.999979317 0.002722012 -0.005829204 0.779520452 -0.002690799 0.999982059 0.005355740 -1.319945693 0.005843678 -0.005339944 0.999968648 45.210796356
0.999979377 0.002470681 -0.005922487 0.790130734 -0.002441024 0.999984443 0.005009548 -1.330603123 0.005934772 -0.004994989 0.999969900 45.784416199
0.999979675 0.002312015 -0.005941097 0.797343969 -0.002282553 0.999985039 0.004961044 -1.339711666 0.005952477 -0.004947383 0.999970019 46.339450836
0.999980927 0.001875437 -0.005893547 0.812939346 -0.001844937 0.999984860 0.005176323 -1.357042193 0.005903165 -0.005165352 0.999969244 46.872489929
0.999979258 0.002339478 -0.005996197 0.804625452 -0.002311044 0.999986053 0.004744566 -1.361846924 0.006007214 -0.004730611 0.999970794 47.435382843
0.999978483 0.002416330 -0.006089346 0.811844587 -0.002384431 0.999983490 0.005240288 -1.378095627 0.006101907 -0.005225656 0.999967754 47.969726562
0.999982655 0.002843054 -0.005156912 0.806909978 -0.002820305 0.999986231 0.004413121 -1.386397839 0.005169389 -0.004398500 0.999976993 48.528404236
0.999981761 0.001952338 -0.005720323 0.811312914 -0.001924095 0.999985874 0.004938500 -1.399693251 0.005729884 -0.004927403 0.999971449 49.096591949
0.999984980 0.001719398 -0.005224758 0.814693332 -0.001697488 0.999989748 0.004194892 -1.406982660 0.005231917 -0.004185960 0.999977589 49.646591187
0.999986112 0.002180045 -0.004796380 0.817866504 -0.002160455 0.999989212 0.004085712 -1.414559245 0.004805236 -0.004075292 0.999980152 50.211742401
0.999983668 0.001755852 -0.005425908 0.827276289 -0.001729355 0.999986589 0.004884224 -1.440066099 0.005434410 -0.004874762 0.999973357 50.761756897
0.999982059 0.001715239 -0.005740391 0.834192395 -0.001687984 0.999987304 0.004749483 -1.453434944 0.005748464 -0.004739708 0.999972224 51.313785553
0.999983907 0.002082922 -0.005276488 0.837994099 -0.002057527 0.999986351 0.004813685 -1.469784617 0.005286442 -0.004802751 0.999974489 51.870315552
0.999978840 0.001773605 -0.006258721 0.856329918 -0.001742207 0.999985874 0.005018668 -1.483398676 0.006267533 -0.005007659 0.999967813 52.410888672
0.999981940 0.001422192 -0.005841877 0.858161092 -0.001395713 0.999988854 0.004534112 -1.492138624 0.005848260 -0.004525878 0.999972641 52.967018127
0.999983609 0.001380818 -0.005552884 0.861214042 -0.001354926 0.999988198 0.004664011 -1.501573801 0.005559258 -0.004656411 0.999973714 53.526145935
0.999981880 0.001392668 -0.005842576 0.872584939 -0.001365156 0.999987960 0.004710186 -1.517131925 0.005849065 -0.004702125 0.999971867 54.063156128
0.999982774 0.001296679 -0.005705921 0.883327365 -0.001267633 0.999986172 0.005091301 -1.533176064 0.005712444 -0.005083981 0.999970734 54.603778839
0.999983251 0.001116496 -0.005673492 0.885234833 -0.001089815 0.999988317 0.004703870 -1.544003725 0.005678677 -0.004697608 0.999972820 55.169418335
0.999981463 0.000955904 -0.006006694 0.893996477 -0.000928913 0.999989510 0.004494860 -1.556957006 0.006010928 -0.004489197 0.999971867 55.718975067
0.999983788 0.001557366 -0.005464686 0.898941398 -0.001533539 0.999989450 0.004361686 -1.561313868 0.005471420 -0.004353236 0.999975562 56.283115387
0.999981761 0.001251598 -0.005906385 0.905868530 -0.001227009 0.999990582 0.004164898 -1.569412708 0.005911542 -0.004157576 0.999973893 56.830657959
0.999984145 0.001469309 -0.005443139 0.926537335 -0.001441018 0.999985456 0.005197666 -1.602057099 0.005450697 -0.005189740 0.999971747 57.341644287
0.999981165 0.001261583 -0.006008045 0.930837870 -0.001236818 0.999990761 0.004123968 -1.593581557 0.006013192 -0.004116459 0.999973476 57.918327332
0.999982297 0.001263773 -0.005824031 0.927553236 -0.001242446 0.999992609 0.003664187 -1.601314306 0.005828619 -0.003656885 0.999976337 58.486675262
0.999981821 0.001175247 -0.005900606 0.942449689 -0.001154605 0.999993205 0.003500647 -1.615675092 0.005904680 -0.003493770 0.999976397 59.018421173
0.999984145 0.001716215 -0.005350745 0.943426490 -0.001697409 0.999992430 0.003517498 -1.622136235 0.005356741 -0.003508359 0.999979436 59.575271606
0.999984205 0.001520511 -0.005402924 0.949049473 -0.001503872 0.999994099 0.003082452 -1.632165909 0.005407579 -0.003074278 0.999980628 60.119953156
0.999981225 0.000991382 -0.006034344 0.956058621 -0.000973157 0.999995053 0.003022515 -1.643436909 0.006037311 -0.003016587 0.999977171 60.649883270
0.999979436 0.000891366 -0.006347308 0.966365337 -0.000867516 0.999992609 0.003759156 -1.659265399 0.006350612 -0.003753572 0.999972820 61.201137543
0.999980748 0.001399912 -0.006049646 0.968129039 -0.001381100 0.999994218 0.003112502 -1.667338371 0.006053968 -0.003104086 0.999976873 61.745033264
0.999982059 0.001385028 -0.005833266 0.978951216 -0.001367606 0.999994576 0.002989531 -1.679269075 0.005837375 -0.002981498 0.999978483 62.292881012
0.999979556 0.001390788 -0.006242619 0.985669613 -0.001375868 0.999996185 0.002393658 -1.683410883 0.006245925 -0.002385019 0.999977589 62.831058502
0.999981284 0.001578136 -0.005910728 0.990077853 -0.001560951 0.999994516 0.002910927 -1.702697992 0.005915289 -0.002901647 0.999978304 63.374027252
0.999981046 0.001122223 -0.006050012 0.994672835 -0.001103430 0.999994576 0.003108690 -1.712486267 0.006053467 -0.003101957 0.999976873 63.920021057
0.999981105 0.001632504 -0.005915892 1.003702521 -0.001616911 0.999995232 0.002639720 -1.726281047 0.005920173 -0.002630105 0.999978960 64.470397949
0.999981761 0.001466374 -0.005853773 1.006792903 -0.001450105 0.999995172 0.002782638 -1.741566896 0.005857824 -0.002774099 0.999978960 65.017791748
0.999979913 0.001649934 -0.006119017 1.022298813 -0.001636520 0.999996245 0.002196559 -1.743428469 0.006122618 -0.002186502 0.999978781 65.565078735
0.999975801 0.001537332 -0.006780994 1.036825418 -0.001526469 0.999997616 0.001606870 -1.757956028 0.006783447 -0.001596481 0.999975681 66.112655640
0.999982476 0.001069439 -0.005819522 1.034861565 -0.001057170 0.999997199 0.002110760 -1.769748211 0.005821764 -0.002104571 0.999980867 66.662834167
0.999983072 0.001238003 -0.005688854 1.040022969 -0.001228255 0.999997735 0.001716718 -1.775123835 0.005690967 -0.001709701 0.999982357 67.218589783
0.999979556 0.000983106 -0.006320735 1.055717587 -0.000968160 0.999996722 0.002367150 -1.801398993 0.006323041 -0.002360982 0.999977231 67.745018005
0.999979019 0.001760485 -0.006231548 1.060089350 -0.001745418 0.999995470 0.002422573 -1.813246369 0.006235785 -0.002411645 0.999977648 68.302452087
0.999980271 0.001304504 -0.006136568 1.065489411 -0.001291623 0.999996901 0.002102637 -1.829759717 0.006139293 -0.002094670 0.999978960 68.842628479
0.999983490 0.001604650 -0.005500778 1.064060211 -0.001594190 0.999996901 0.001905251 -1.841947675 0.005503819 -0.001896451 0.999983013 69.389907837
0.999976814 0.001518113 -0.006632629 1.086850524 -0.001508885 0.999997914 0.001396243 -1.848388553 0.006634734 -0.001386203 0.999977052 69.924896240
0.999979258 0.001754054 -0.006199159 1.091306806 -0.001747971 0.999997973 0.000986536 -1.858282089 0.006200877 -0.000975680 0.999980330 70.474349976
0.999978900 0.002343185 -0.006056304 1.091283202 -0.002334964 0.999996364 0.001364251 -1.876096964 0.006059479 -0.001350081 0.999980748 71.010505676
0.999984324 0.001478964 -0.005397394 1.086786747 -0.001469737 0.999997437 0.001712959 -1.896989346 0.005399914 -0.001704999 0.999983907 71.551757812
0.999983788 0.001597438 -0.005462043 1.098663330 -0.001588926 0.999997497 0.001562304 -1.910669088 0.005464524 -0.001553600 0.999983847 72.105690002
0.999982119 0.002464986 -0.005440102 1.093908548 -0.002454223 0.999994934 0.001984423 -1.931348085 0.005444967 -0.001971036 0.999983251 72.652732849
0.999979317 0.002004540 -0.006107564 1.106903315 -0.001993458 0.999996364 0.001820018 -1.946485162 0.006111190 -0.001807805 0.999979734 73.194358826
0.999982774 0.002338560 -0.005380111 1.104745150 -0.002329155 0.999995768 0.001753905 -1.960888505 0.005384191 -0.001741342 0.999983966 73.746337891
0.999983370 0.002125534 -0.005352464 1.110849380 -0.002116077 0.999996185 0.001771907 -1.970511317 0.005356210 -0.001760552 0.999984086 74.292739868
0.999986589 0.001974299 -0.004774339 1.110420704 -0.001966152 0.999996603 0.001710613 -1.988741875 0.004777701 -0.001701203 0.999987125 74.823265076
0.999984682 0.001604386 -0.005299173 1.124051809 -0.001594343 0.999996841 0.001898833 -2.002906084 0.005302204 -0.001890355 0.999984145 75.361053467
0.999983907 0.001368733 -0.005517206 1.133785129 -0.001356632 0.999996662 0.002196503 -2.017408371 0.005520195 -0.002188983 0.999982357 75.914566040
0.999986947 0.000845813 -0.005034939 1.140301943 -0.000833675 0.999996722 0.002412151 -2.040140867 0.005036963 -0.002407922 0.999984384 76.456916809
0.999988258 0.001186392 -0.004694025 1.145471096 -0.001177274 0.999997437 0.001944789 -2.049126625 0.004696320 -0.001939239 0.999987125 77.007301331
0.999990702 0.000828656 -0.004227539 1.148855209 -0.000820406 0.999997675 0.001952762 -2.061130762 0.004229147 -0.001949276 0.999989152 77.564231873
0.999988914 0.001071601 -0.004581047 1.158480644 -0.001062993 0.999997675 0.001881182 -2.071970940 0.004583053 -0.001876293 0.999987781 78.113296509
0.999988914 0.000902235 -0.004627158 1.165894985 -0.000893254 0.999997735 0.001942491 -2.094786644 0.004628900 -0.001938336 0.999987364 78.655029297
0.999990523 0.000700955 -0.004297205 1.177929163 -0.000693321 0.999998152 0.001777660 -2.110388994 0.004298443 -0.001774663 0.999989212 79.198799133
0.999993742 0.001237129 -0.003342760 1.182213783 -0.001230992 0.999997556 0.001837049 -2.118532658 0.003345025 -0.001832922 0.999992728 79.760444641
0.999991834 0.000959216 -0.003928327 1.186139226 -0.000951403 0.999997497 0.001990454 -2.136989355 0.003930228 -0.001986700 0.999990284 80.311614990
0.999990582 0.000673743 -0.004289513 1.201237440 -0.000666400 0.999998331 0.001712954 -2.151859522 0.004290659 -0.001710079 0.999989331 80.858932495
0.999994934 0.000757896 -0.003094305 1.210843086 -0.000749772 0.999996245 0.002625753 -2.173375845 0.003096283 -0.002623420 0.999991775 81.401535034
0.999996960 0.000811686 -0.002315493 1.221059561 -0.000805569 0.999996185 0.002641602 -2.188107729 0.002317628 -0.002639729 0.999993742 81.948616028
0.999999046 0.001132517 -0.000730432 1.228503108 -0.001131218 0.999997795 0.001776952 -2.196759224 0.000732442 -0.001776124 0.999998152 82.498649597
0.999999046 0.001100560 0.000796134 1.239025235 -0.001102359 0.999996841 0.002261937 -2.214036942 -0.000793642 -0.002262812 0.999997139 83.032928467
0.999993801 0.000834646 0.003422252 1.266089439 -0.000840732 0.999998033 0.001777473 -2.223912239 -0.003420763 -0.001780340 0.999992549 83.573219299
0.999970198 0.000721674 0.007688783 1.270706177 -0.000736537 0.999997854 0.001930467 -2.232024670 -0.007687373 -0.001936072 0.999968588 84.127189636
0.999945521 0.001147743 0.010388129 1.291634560 -0.001171232 0.999996722 0.002255369 -2.251756668 -0.010385506 -0.002267412 0.999943495 84.681999207
0.999883413 0.001916613 0.015149483 1.316194773 -0.001952939 0.999995232 0.002383303 -2.273184776 -0.015144844 -0.002412612 0.999882340 85.226593018
0.999786139 0.001645417 0.020614402 1.354273558 -0.001702206 0.999994814 0.002737567 -2.292425156 -0.020609794 -0.002772071 0.999783754 85.764038086
0.999640107 0.001970968 0.026753504 1.376898527 -0.002032471 0.999995351 0.002271887 -2.298022985 -0.026748905 -0.002325446 0.999639392 86.307334900
0.999449253 0.002033090 0.033120114 1.404067039 -0.002107492 0.999995351 0.002211662 -2.310380697 -0.033115461 -0.002280244 0.999448836 86.847267151
0.999178529 0.000742929 0.040518790 1.448083878 -0.000850761 0.999996126 0.002644075 -2.332593918 -0.040516678 -0.002676375 0.999175251 87.427589417
0.998801768 0.001158819 0.048925024 1.496082544 -0.001320597 0.999993742 0.003274447 -2.356730461 -0.048920922 -0.003335134 0.998797059 87.972534180
0.998383403 0.001275700 0.056824181 1.529808283 -0.001451136 0.999994278 0.003046200 -2.367087126 -0.056819968 -0.003123736 0.998379588 88.497863770
0.997905791 0.000671769 0.064680167 1.599510670 -0.000831979 0.999996662 0.002450067 -2.363987684 -0.064678304 -0.002498749 0.997903049 89.088584900
0.997217834 0.000836332 0.074537963 1.661951065 -0.000993324 0.999997377 0.002069156 -2.373271704 -0.074536040 -0.002137440 0.997216165 89.607437134
0.996500194 -0.000105997 0.083590634 1.719651699 -0.000073075 0.999997675 0.002139187 -2.394418478 -0.083590671 -0.002137808 0.996497869 90.169143677
0.995882750 -0.001069709 0.090645000 1.785545826 0.000936238 0.999998450 0.001514966 -2.397783518 -0.090646483 -0.001423862 0.995882094 90.710777283
0.994786441 0.000523765 0.101978987 1.866505146 -0.000787730 0.999996364 0.002548166 -2.426464081 -0.101977304 -0.002615213 0.994783282 91.270355225
0.993618965 -0.000288795 0.112788729 1.940617561 -0.000034971 0.999995887 0.002868557 -2.449147224 -0.112789102 -0.002854197 0.993614793 91.810142517
0.992549360 -0.000636722 0.121840879 2.024815559 0.000329405 0.999996722 0.002542406 -2.460919857 -0.121842101 -0.002483329 0.992546380 92.348243713
0.991077483 -0.000970959 0.133283556 2.119653702 0.000594632 0.999995708 0.002863279 -2.473149776 -0.133285761 -0.002758475 0.991073728 92.906471252
0.989431262 -0.001037828 0.144998640 2.221106529 0.000708474 0.999997020 0.002323047 -2.482490301 -0.145000622 -0.002195768 0.989429057 93.454292297
0.987816513 -0.001771708 0.155613884 2.329226494 0.001399062 0.999995887 0.002504175 -2.498927593 -0.155617714 -0.002255952 0.987814724 93.991500854
0.986068726 -0.001814193 0.166328639 2.433454514 0.001426489 0.999996006 0.002450388 -2.509330034 -0.166332409 -0.002178985 0.986067235 94.539543152
0.983889163 -0.002518522 0.178761616 2.559004784 0.002076738 0.999994457 0.002658443 -2.523868799 -0.178767279 -0.002244373 0.983888805 95.034660339
0.981568396 -0.002184951 0.191098765 2.684120178 0.001637831 0.999994099 0.003020924 -2.535566092 -0.191104233 -0.002652257 0.981566191 95.573669434
0.979543090 -0.002681436 0.201216474 2.811458588 0.002068091 0.999992549 0.003258342 -2.549051285 -0.201223701 -0.002775553 0.979541421 96.102050781
0.976639509 -0.002094750 0.214874238 2.957494736 0.001392327 0.999993205 0.003420298 -2.560436726 -0.214879930 -0.003041223 0.976635814 96.659530640
0.973553538 -0.002586144 0.228444219 3.072898865 0.001852897 0.999992430 0.003424159 -2.579391003 -0.228451341 -0.002910319 0.973550975 97.176467896
0.970888853 -0.002822494 0.239513859 3.224292755 0.001967653 0.999990821 0.003808113 -2.599691629 -0.239522427 -0.003225974 0.970885456 97.703002930
0.967763424 -0.002653632 0.251846939 3.375368118 0.001918813 0.999993205 0.003163259 -2.599877119 -0.251853585 -0.002578039 0.967761934 98.240943909
0.964085996 -0.003515691 0.265566736 3.536798477 0.002663150 0.999990106 0.003570288 -2.624603987 -0.265576661 -0.002734821 0.964085877 98.771202087
0.960558355 -0.003441859 0.278057098 3.706537247 0.002448411 0.999989331 0.003919987 -2.641566753 -0.278067559 -0.003084579 0.960556567 99.297874451
0.957338929 -0.003877371 0.288941145 3.889297485 0.002903746 0.999988616 0.003798203 -2.650243521 -0.288952559 -0.002797157 0.957339287 99.822456360
0.952895820 -0.004489106 0.303264588 4.058553696 0.003500046 0.999986589 0.003804822 -2.660650253 -0.303277612 -0.002564160 0.952898800 100.322662354
0.948436856 -0.004952338 0.316927344 4.251750946 0.003830690 0.999984026 0.004162124 -2.677627563 -0.316942841 -0.002733462 0.948440671 100.835807800
0.944531024 -0.005169909 0.328381300 4.447965622 0.004196619 0.999984562 0.003672530 -2.685303926 -0.328395218 -0.002090728 0.944538116 101.344657898
0.939841628 -0.005901641 0.341559410 4.656221390 0.004930782 0.999981046 0.003710553 -2.700858116 -0.341574848 -0.001803177 0.939852893 101.849014282
0.934658110 -0.005717143 0.355501831 4.869043350 0.004712925 0.999982059 0.003690749 -2.711780071 -0.355516553 -0.001774134 0.934668303 102.362533569
0.929693162 -0.005748811 0.368289769 5.087921143 0.004449343 0.999980450 0.004377462 -2.729577780 -0.368307739 -0.002431049 0.929700792 102.885581970
0.925314546 -0.006564600 0.379143625 5.310012817 0.005733962 0.999978006 0.003319948 -2.729281664 -0.379157007 -0.000898001 0.925331950 103.366859436
0.919463277 -0.007004699 0.393113524 5.551406860 0.005729590 0.999973774 0.004416966 -2.752709389 -0.393134236 -0.001808858 0.919479311 103.841018677
0.913468897 -0.007262979 0.406843781 5.788608551 0.006228363 0.999973118 0.003867252 -2.758052349 -0.406860948 -0.000998644 0.913489580 104.345031738
0.908473074 -0.007353415 0.417878777 6.035263062 0.006247838 0.999972403 0.004013652 -2.774781466 -0.417896777 -0.001035456 0.908493936 104.825103760
0.902066171 -0.007918162 0.431525111 6.300956726 0.006601289 0.999967813 0.004549236 -2.786270857 -0.431547344 -0.001255090 0.902089417 105.336074829
0.895482361 -0.009045231 0.445005178 6.570468903 0.007449567 0.999958038 0.005334538 -2.806852579 -0.445034772 -0.001461889 0.895512044 105.804710388
0.889610887 -0.009658698 0.456617087 6.838199615 0.008516498 0.999953330 0.004559351 -2.815337658 -0.456639826 -0.000167270 0.889651656 106.281166077
0.883939683 -0.009764179 0.467498899 7.111270905 0.008502695 0.999952257 0.004808233 -2.828236818 -0.467523545 -0.000275187 0.883980572 106.754386902
0.876502156 -0.009720528 0.481299698 7.383480072 0.008443805 0.999952674 0.004818316 -2.837262154 -0.481323749 -0.000159262 0.876542866 107.239578247
