1.000000000 0.000000000 0.000000000 0.000000000 0.000000000 1.000000000 0.000000000 0.000000000 0.000000000 0.000000000 1.000000000 0.000000000
1.000000000 -0.000081244 -0.000211481 0.003680915 0.000081273 1.000000000 0.000138686 -0.003176902 0.000211470 -0.000138703 0.999999940 -0.002287776
1.000000000 0.000036311 0.000004860 0.000663818 -0.000036312 1.000000000 0.000071918 -0.002747794 -0.000004857 -0.000071918 1.000000000 -0.003171084
1.000000000 -0.000109422 -0.000149650 0.006438142 0.000109450 1.000000000 0.000186254 -0.003010598 0.000149630 -0.000186270 1.000000000 -0.004516511
1.000000000 -0.000042755 -0.000053040 0.000909244 0.000042758 1.000000000 0.000041346 -0.000471247 0.000053038 -0.000041348 1.000000000 0.000132259
1.000000000 -0.000030775 0.000061973 -0.000665038 0.000030775 1.000000000 0.000007119 -0.001637147 -0.000061973 -0.000007117 1.000000000 -0.001505599
1.000000000 -0.000104173 -0.000144798 0.004979872 0.000104198 1.000000000 0.000175081 -0.003261591 0.000144780 -0.000175096 1.000000000 -0.007177569
1.000000000 -0.000123515 -0.000053695 -0.000585187 0.000123517 1.000000000 0.000042991 0.000149416 0.000053689 -0.000042997 1.000000000 0.000439761
1.000000000 0.000006496 -0.000087154 0.002582099 -0.000006488 1.000000000 0.000090352 -0.003414070 0.000087154 -0.000090351 1.000000000 -0.009050120
1.000000000 0.000021204 0.000039215 0.000617562 -0.000021208 1.000000000 0.000107942 -0.002586006 -0.000039212 -0.000107943 1.000000000 -0.005674724
1.000000000 0.000117537 0.000088587 -0.001164669 -0.000117541 1.000000000 0.000047550 -0.000962479 -0.000088582 -0.000047561 1.000000000 -0.005089743
1.000000000 -0.000107204 -0.000024463 -0.000481880 0.000107206 1.000000000 0.000090562 -0.003843458 0.000024453 -0.000090565 1.000000000 -0.008589692
1.000000000 -0.000066451 -0.000006932 0.000308747 0.000066451 1.000000000 0.000061652 -0.001842814 0.000006928 -0.000061652 1.000000000 -0.006264991
1.000000000 -0.000065504 -0.000012428 0.000498360 0.000065506 1.000000000 0.000098245 -0.001895920 0.000012421 -0.000098246 1.000000000 -0.005936558
1.000000000 -0.000230519 -0.000077390 0.001061768 0.000230534 0.999999940 0.000196603 -0.002403444 0.000077345 -0.000196621 1.000000000 -0.008399631
0.999999940 -0.000243320 -0.000096115 -0.000952535 0.000243333 0.999999940 0.000139573 -0.002885332 0.000096081 -0.000139596 1.000000000 -0.009577451
1.000000000 -0.000168050 0.000023922 0.000016988 0.000168049 1.000000000 0.000052543 -0.001159208 -0.000023930 -0.000052539 1.000000000 -0.008025686
1.000000000 0.000053737 0.000001798 0.002018111 -0.000053737 1.000000000 0.000181916 -0.003550770 -0.000001789 -0.000181916 1.000000000 -0.011584417
1.000000000 -0.000231273 -0.000071041 0.001438739 0.000231281 0.999999940 0.000112846 -0.003840479 0.000071015 -0.000112863 1.000000000 -0.008678914
0.999999940 -0.000274103 -0.000081190 0.004097435 0.000274116 0.999999940 0.000167374 -0.005536369 0.000081144 -0.000167396 1.000000000 -0.016088214
1.000000000 -0.000049475 -0.000022777 0.001972364 0.000049480 1.000000000 0.000212928 -0.005351848 0.000022766 -0.000212929 1.000000000 -0.011613894
1.000000000 0.000023676 0.000045996 -0.000293161 -0.000023681 1.000000000 0.000116709 -0.001222076 -0.000045993 -0.000116711 1.000000000 -0.007207747
0.999999940 -0.000248816 -0.000182262 0.006022513 0.000248852 0.999999940 0.000195721 -0.003675263 0.000182213 -0.000195766 0.999999940 -0.015768543
1.000000000 -0.000217119 -0.000085860 0.001849330 0.000217138 0.999999940 0.000218762 -0.003400883 0.000085812 -0.000218781 1.000000000 -0.007309534
1.000000000 -0.000071084 -0.000135209 0.005991108 0.000071111 1.000000000 0.000202053 -0.003509689 0.000135194 -0.000202063 1.000000000 -0.015828999
1.000000000 -0.000086065 -0.000045248 0.000920142 0.000086074 1.000000000 0.000207631 -0.003073334 0.000045230 -0.000207635 1.000000000 -0.013725196
1.000000000 -0.000089797 -0.000020047 -0.001538284 0.000089801 1.000000000 0.000205480 -0.004860821 0.000020029 -0.000205481 1.000000000 -0.015337255
1.000000000 -0.000068776 -0.000001782 -0.001223436 0.000068776 1.000000000 0.000195334 -0.003482428 0.000001768 -0.000195334 1.000000000 -0.009572295
0.999999940 -0.000237415 -0.000151480 -0.000162072 0.000237436 0.999999940 0.000138442 0.000048953 0.000151447 -0.000138478 1.000000000 -0.007445984
1.000000000 -0.000116303 -0.000105887 0.001773556 0.000116325 1.000000000 0.000205343 -0.002778069 0.000105863 -0.000205355 1.000000000 -0.009673455
1.000000000 -0.000139623 0.000022864 -0.001233818 0.000139620 1.000000000 0.000123092 -0.001627259 -0.000022882 -0.000123089 1.000000000 -0.003109538
0.999999940 -0.000243173 -0.000094457 -0.001644723 0.000243194 0.999999940 0.000229562 -0.002713571 0.000094402 -0.000229585 0.999999940 -0.009531227
0.999999940 -0.000194939 -0.000157182 0.002243949 0.000194979 0.999999940 0.000259996 -0.003615431 0.000157131 -0.000260027 0.999999940 -0.014232425
1.000000000 -0.000024450 -0.000120420 -0.000236135 0.000024460 1.000000000 0.000085891 -0.001152101 0.000120418 -0.000085894 1.000000000 -0.005688818
1.000000000 -0.000096732 -0.000072992 -0.001032361 0.000096737 1.000000000 0.000071219 -0.000655468 0.000072985 -0.000071226 1.000000000 -0.007066797
1.000000000 -0.000189909 -0.000071090 -0.001751572 0.000189908 1.000000000 -0.000013632 0.000391877 0.000071093 0.000013619 1.000000000 -0.010847859
0.999999940 -0.000252397 -0.000208943 0.003660046 0.000252414 0.999999940 0.000081945 -0.001201515 0.000208922 -0.000081998 1.000000000 -0.009887978
1.000000000 -0.000216698 -0.000045543 0.000747239 0.000216700 1.000000000 0.000037734 0.000177769 0.000045535 -0.000037744 1.000000000 -0.008467980
1.000000000 -0.000093173 -0.000117416 0.002379514 0.000093214 0.999999940 0.000348226 -0.003516589 0.000117383 -0.000348237 0.999999940 -0.018583562
0.999999940 -0.000249755 -0.000238158 0.004854636 0.000249797 0.999999940 0.000177342 -0.005819039 0.000238114 -0.000177401 0.999999940 -0.006490730
1.000000000 -0.000062223 -0.000183624 0.008543082 0.000062145 0.999999881 -0.000423911 -0.008933693 0.000183650 0.000423900 0.999999881 0.041496158
1.000000000 -0.000031066 -0.000189402 0.008132793 0.000030816 0.999999106 -0.001319650 -0.003188369 0.000189443 0.001319644 0.999999106 0.144064084
1.000000000 -0.000058698 -0.000060787 0.004814048 0.000058613 0.999999046 -0.001391267 -0.010550089 0.000060869 0.001391264 0.999999046 0.263815671
0.999999940 -0.000312304 0.000199417 0.001691203 0.000312546 0.999999225 -0.001212066 -0.016560812 -0.000199039 0.001212128 0.999999225 0.384390026
1.000000000 0.000154217 -0.000009808 0.005958186 -0.000154228 0.999999344 -0.001140042 -0.021649972 0.000009632 0.001140044 0.999999344 0.534507513
1.000000000 0.000146374 0.000043645 0.017667679 -0.000146323 0.999999285 -0.001163992 -0.026137240 -0.000043815 0.001163986 0.999999344 0.681043029
1.000000000 0.000070176 0.000205088 0.027209477 -0.000070019 0.999999702 -0.000762336 -0.035412587 -0.000205142 0.000762322 0.999999702 0.853665471
1.000000000 -0.000078606 0.000147885 0.023859072 0.000078688 0.999999821 -0.000554963 -0.038388446 -0.000147841 0.000554975 0.999999821 1.022589087
0.999999821 0.000237958 0.000582970 0.011473962 -0.000237545 0.999999702 -0.000706757 -0.039384600 -0.000583138 0.000706619 0.999999583 1.204805732
0.999999940 -0.000069820 0.000235582 0.034981892 0.000069914 0.999999940 -0.000397500 -0.052044630 -0.000235554 0.000397516 0.999999881 1.419879675
0.999999881 0.000192605 0.000408573 0.034981947 -0.000192315 0.999999702 -0.000709427 -0.056117814 -0.000408709 0.000709348 0.999999642 1.636371017
0.999999821 0.000306982 0.000544072 0.042877492 -0.000306863 0.999999940 -0.000220323 -0.069190577 -0.000544140 0.000220156 0.999999821 1.819692135
0.999998808 -0.001519193 0.000288942 0.036144610 0.001518760 0.999997735 0.001491701 -0.075191811 -0.000291208 -0.001491260 0.999998868 1.912695885
0.999999106 -0.001160149 0.000772735 0.039759163 0.001159124 0.999998450 0.001324767 -0.080167383 -0.000774270 -0.001323870 0.999998868 2.137423277
0.999999404 -0.000597646 0.000831099 0.037933879 0.000596463 0.999998808 0.001423159 -0.083200969 -0.000831948 -0.001422663 0.999998689 2.346852779
0.999999106 -0.000995051 0.000868381 0.043795917 0.000993722 0.999998331 0.001529988 -0.097132176 -0.000869902 -0.001529124 0.999998450 2.591980696
0.999999166 -0.000835362 0.001018754 0.048676003 0.000833462 0.999997854 0.001864300 -0.102750137 -0.001020309 -0.001863449 0.999997735 2.823469877
0.999999166 -0.000731971 0.000992917 0.055661485 0.000730334 0.999998331 0.001647987 -0.106740646 -0.000994122 -0.001647260 0.999998152 3.067972898
0.999998510 -0.001303333 0.001064859 0.051561251 0.001301461 0.999997556 0.001756770 -0.114166752 -0.001067146 -0.001755382 0.999997854 3.294364929
0.999999106 -0.001001780 0.000789856 0.066072255 0.001000515 0.999998212 0.001600017 -0.123327747 -0.000791457 -0.001599226 0.999998391 3.546502590
0.999999464 -0.000697803 0.000735116 0.070651636 0.000696628 0.999998450 0.001597721 -0.127838477 -0.000736230 -0.001597208 0.999998391 3.795182943
0.999999046 -0.001272339 0.000489504 0.082475819 0.001271458 0.999997556 0.001796932 -0.136889145 -0.000491789 -0.001796308 0.999998271 4.071915627
0.999999464 -0.000341511 0.000954878 0.076732337 0.000339611 0.999997973 0.001989345 -0.142690882 -0.000955556 -0.001989019 0.999997556 4.328488350
0.999999285 -0.000797042 0.000869382 0.088651240 0.000795259 0.999997556 0.002048799 -0.155090302 -0.000871013 -0.002048106 0.999997497 4.581129551
0.999998748 -0.001158514 0.001058352 0.085831031 0.001155829 0.999996066 0.002533748 -0.171606690 -0.001061283 -0.002532521 0.999996185 4.835014820
0.999998152 -0.001366099 0.001331742 0.088835165 0.001363117 0.999996543 0.002238105 -0.178031832 -0.001334794 -0.002236285 0.999996603 5.086403847
0.999998748 -0.001083267 0.001089979 0.098118946 0.001080566 0.999996305 0.002475394 -0.184888348 -0.001092657 -0.002474214 0.999996364 5.357965946
0.999997795 -0.001442683 0.001439099 0.099950634 0.001439036 0.999995708 0.002531573 -0.193912551 -0.001442746 -0.002529497 0.999995768 5.608541489
0.999998093 -0.001164128 0.001558138 0.103325151 0.001160103 0.999996006 0.002581947 -0.205650717 -0.001561138 -0.002580134 0.999995470 5.891849518
0.999997735 -0.001033935 0.001850964 0.110216781 0.001028615 0.999995351 0.002872612 -0.215467960 -0.001853926 -0.002870702 0.999994218 6.154337883
0.999998450 -0.001634593 0.000633120 0.126848176 0.001632688 0.999994159 0.002996855 -0.233064011 -0.000638015 -0.002995817 0.999995291 6.531348705
0.999999046 -0.001181692 0.000637802 0.125658438 0.001179830 0.999994993 0.002912103 -0.241153553 -0.000641240 -0.002911348 0.999995530 6.826888561
0.999997973 -0.001909955 0.000668784 0.137337506 0.001907974 0.999993742 0.002950374 -0.247344792 -0.000674415 -0.002949092 0.999995410 7.115211487
0.999998152 -0.001820230 0.000524765 0.150998995 0.001818652 0.999993861 0.002991644 -0.259936601 -0.000530208 -0.002990684 0.999995291 7.416386127
0.999997854 -0.001873954 0.000862841 0.151460528 0.001871444 0.999993980 0.002900912 -0.268830001 -0.000868272 -0.002899291 0.999995351 7.735147953
0.999998033 -0.001866334 0.000610323 0.177128315 0.001864141 0.999991834 0.003575778 -0.280307084 -0.000616991 -0.003574633 0.999993384 8.075033188
0.999997735 -0.001969350 0.000799229 0.156023264 0.001966519 0.999991775 0.003527743 -0.308392644 -0.000806170 -0.003526163 0.999993443 8.426567078
0.999997735 -0.002077578 0.000504554 0.169481501 0.002075847 0.999992013 0.003406807 -0.314126074 -0.000511628 -0.003405752 0.999994040 8.747607231
0.999997377 -0.002174588 0.000661417 0.167769343 0.002172373 0.999992073 0.003331253 -0.320487648 -0.000668656 -0.003329807 0.999994159 9.106996536
0.999998510 -0.001219732 0.001224701 0.164263099 0.001215702 0.999993861 0.003286324 -0.330654532 -0.001228702 -0.003284830 0.999993861 9.452047348
0.999996781 -0.002504606 0.000462563 0.184334904 0.002502866 0.999989867 0.003724807 -0.338882625 -0.000471887 -0.003723637 0.999992907 9.812817574
0.999998212 -0.001603866 0.000920456 0.182158425 0.001600176 0.999990702 0.003995869 -0.347477049 -0.000926857 -0.003994389 0.999991596 10.152505875
0.999995828 -0.002825657 0.000572431 0.189852938 0.002823372 0.999988198 0.003954482 -0.383523494 -0.000583598 -0.003952850 0.999991953 10.556597710
0.999996424 -0.002595440 0.000693971 0.195397094 0.002592670 0.999988794 0.003963531 -0.392350912 -0.000704250 -0.003961718 0.999991894 10.914444923
0.999996722 -0.002436158 0.000778855 0.195028409 0.002432924 0.999988556 0.004127862 -0.399960607 -0.000788902 -0.004125954 0.999991179 11.296354294
0.999993980 -0.003418471 0.000682958 0.211238578 0.003415578 0.999985397 0.004192570 -0.406794220 -0.000697281 -0.004190212 0.999990940 11.702428818
0.999993682 -0.003529501 0.000488586 0.232537746 0.003527581 0.999986351 0.003875899 -0.406856984 -0.000502259 -0.003874150 0.999992371 12.095746994
0.999996483 -0.002492883 0.000939131 0.234828427 0.002488785 0.999987483 0.004340153 -0.424750239 -0.000949939 -0.004337799 0.999990165 12.497384071
0.999996245 -0.002550828 0.001018023 0.223332092 0.002546184 0.999986470 0.004536900 -0.457553923 -0.001029583 -0.004534290 0.999989212 12.891470909
0.999995232 -0.002971229 0.000833355 0.235791892 0.002967307 0.999984682 0.004668382 -0.464119434 -0.000847213 -0.004665887 0.999988735 13.283651352
0.999995172 -0.003112715 0.000319394 0.253516853 0.003111165 0.999983907 0.004747205 -0.476934493 -0.000334166 -0.004746187 0.999988735 13.693238258
0.999995828 -0.002610378 0.001233066 0.262722582 0.002603997 0.999983370 0.005148042 -0.484342277 -0.001246484 -0.005144810 0.999986053 14.128018379
0.999997020 -0.001776839 0.001688623 0.254733026 0.001767672 0.999983847 0.005414532 -0.501124144 -0.001698217 -0.005411530 0.999983966 14.536372185
0.999992192 -0.003859706 0.000828031 0.285693169 0.003854680 0.999974787 0.005987258 -0.556049585 -0.000851119 -0.005984020 0.999981701 15.044796944
0.999994397 -0.003136466 0.001180950 0.292873472 0.003129225 0.999976635 0.006083841 -0.564033449 -0.001200004 -0.006080111 0.999980807 15.464450836
0.999989092 -0.004574233 0.000957710 0.310282499 0.004567921 0.999968529 0.006491689 -0.579412699 -0.000987374 -0.006487244 0.999978483 15.874769211
0.999993682 -0.002907373 0.002068435 0.308729887 0.002893241 0.999972641 0.006802537 -0.593270183 -0.002088156 -0.006796509 0.999974728 16.293609619
0.999992490 -0.002739567 0.002767699 0.283718199 0.002719180 0.999969363 0.007343512 -0.621269405 -0.002787732 -0.007335931 0.999969244 16.775894165
0.999991834 -0.002943089 0.002772713 0.305913627 0.002923920 0.999972045 0.006892093 -0.610955179 -0.002792919 -0.006883930 0.999972403 17.269968033
0.999988914 -0.003831607 0.002742831 0.346791208 0.003812991 0.999969900 0.006760279 -0.647383451 -0.002768651 -0.006749745 0.999973416 17.802545547
0.999988496 -0.004252103 0.002225368 0.362700015 0.004237218 0.999968946 0.006651115 -0.656708658 -0.002253580 -0.006641610 0.999975383 18.260698318
0.999987960 -0.003501758 0.003429445 0.363891929 0.003478162 0.999970436 0.006862346 -0.665899038 -0.003453374 -0.006850336 0.999970555 18.744024277
0.999984682 -0.004320854 0.003467097 0.382956356 0.004298189 0.999969542 0.006518244 -0.672017634 -0.003495155 -0.006503242 0.999972761 19.203739166
0.999986827 -0.004191992 0.002970607 0.405413568 0.004169274 0.999962270 0.007612937 -0.697063982 -0.003002408 -0.007600452 0.999966621 19.665590286
0.999985814 -0.003845223 0.003678185 0.407937706 0.003818625 0.999966681 0.007210929 -0.703236699 -0.003705790 -0.007196781 0.999967277 20.175834656
0.999988377 -0.003641272 0.003203199 0.419849664 0.003614965 0.999960005 0.008180707 -0.738061368 -0.003232859 -0.008169033 0.999961376 20.724927902
0.999986529 -0.004032620 0.003284091 0.422679842 0.004006192 0.999959886 0.008014568 -0.748178840 -0.003316278 -0.008001303 0.999962509 21.227418900
0.999987304 -0.002965824 0.004083514 0.418675452 0.002932721 0.999962986 0.008089020 -0.762785137 -0.004107353 -0.008076943 0.999958932 21.736007690
0.999989748 -0.003134701 0.003264278 0.431670904 0.003106763 0.999958813 0.008528922 -0.788360953 -0.003290879 -0.008518694 0.999958336 22.273536682
0.999985158 -0.005057958 0.002021808 0.428912610 0.005039600 0.999947071 0.008983938 -0.817915082 -0.002067141 -0.008973617 0.999957621 22.829561234
0.999987543 -0.004478126 0.002199051 0.428374499 0.004457865 0.999948442 0.009133450 -0.831358075 -0.002239839 -0.009123534 0.999955893 23.364755630
0.999985456 -0.005128241 0.001676467 0.428488761 0.005112516 0.999944091 0.009253353 -0.842013359 -0.001723827 -0.009244647 0.999955773 23.897775650
0.999986827 -0.005057504 0.000780692 0.437768221 0.005049808 0.999941468 0.009563525 -0.862963557 -0.000829014 -0.009559456 0.999953985 24.381502151
0.999979019 -0.006469584 -0.000124608 0.447224110 0.006470472 0.999934435 0.009443289 -0.877800584 0.000063506 -0.009443898 0.999955475 24.920024872
0.999985278 -0.005364834 -0.000775630 0.445610195 0.005372047 0.999939382 0.009618461 -0.887888670 0.000723981 -0.009622486 0.999953449 25.456710815
0.999980569 -0.005956555 -0.001905517 0.503016889 0.005975082 0.999933422 0.009868782 -0.909598470 0.001846607 -0.009879974 0.999949455 26.014663696
0.999977052 -0.006387569 -0.002260783 0.506118774 0.006409549 0.999930918 0.009852397 -0.915525913 0.002197694 -0.009866663 0.999948919 26.556442261
0.999972641 -0.006742098 -0.003043629 0.513980746 0.006772687 0.999925494 0.010154291 -0.927231371 0.002974941 -0.010174628 0.999943852 27.092868805
0.999965787 -0.007157479 -0.004164747 0.545827925 0.007201910 0.999916196 0.010752785 -0.927953839 0.004087436 -0.010782410 0.999933541 27.645193100
0.999972522 -0.006483858 -0.003587761 0.503291607 0.006521640 0.999922335 0.010621320 -0.964282155 0.003518615 -0.010644426 0.999937236 28.308370590
0.999980271 -0.005184968 -0.003524576 0.508342385 0.005223009 0.999927282 0.010871327 -0.976786733 0.003467952 -0.010889523 0.999934673 28.852224350
0.999977112 -0.005471165 -0.003966994 0.512810707 0.005513710 0.999926507 0.010794236 -0.986244678 0.003907645 -0.010815863 0.999933839 29.410631180
0.999983728 -0.004473012 -0.003524010 0.509626389 0.004512673 0.999925613 0.011328097 -1.001483321 0.003473077 -0.011343817 0.999929607 29.950170517
0.999976099 -0.005325112 -0.004401037 0.530404568 0.005374007 0.999923110 0.011174062 -1.004240632 0.004341194 -0.011197446 0.999927878 30.502607346
0.999969542 -0.005904364 -0.005108511 0.510684013 0.005962808 0.999916017 0.011501863 -1.028303027 0.005040172 -0.011531972 0.999920785 31.057254791
0.999967515 -0.006069181 -0.005306245 0.525410414 0.006130560 0.999913514 0.011628563 -1.043047547 0.005235210 -0.011660715 0.999918342 31.598230362
0.999961317 -0.006706050 -0.005697892 0.534933209 0.006772748 0.999907851 0.011768259 -1.052755594 0.005618448 -0.011806396 0.999914467 32.166702271
0.999965549 -0.005948520 -0.005793010 0.544908643 0.006020585 0.999903679 0.012503027 -1.066483617 0.005718078 -0.012537474 0.999904990 32.704334259
0.999964118 -0.006175794 -0.005820264 0.502420604 0.006248035 0.999902666 0.012476408 -1.124175787 0.005742646 -0.012512323 0.999905229 33.298946381
0.999962032 -0.006137473 -0.006191349 0.507672787 0.006211780 0.999908090 0.012054822 -1.122954607 0.006116794 -0.012092823 0.999908149 33.845947266
0.999967337 -0.005698447 -0.005752597 0.508072197 0.005769349 0.999906659 0.012384672 -1.132599235 0.005681488 -0.012417451 0.999906778 34.427162170
0.999968112 -0.005504180 -0.005776510 0.490971327 0.005577524 0.999903023 0.012758357 -1.141160369 0.005705725 -0.012790169 0.999901891 34.904151917
0.999959648 -0.006330605 -0.006370054 0.506351948 0.006418600 0.999882936 0.013889579 -1.168856025 0.006281379 -0.013929904 0.999883235 35.448673248
0.999941468 -0.008017162 -0.007253973 0.519685864 0.008119110 0.999867141 0.014135688 -1.234050989 0.007139680 -0.014193757 0.999873698 36.094387054
0.999934018 -0.008293645 -0.007948847 0.533579528 0.008406316 0.999863148 0.014247423 -1.237202406 0.007829596 -0.014313304 0.999866843 36.636978149
0.999947131 -0.007078353 -0.007459009 0.527562022 0.007180786 0.999879062 0.013796673 -1.249309182 0.007360449 -0.013849507 0.999876916 37.173835754
0.999947190 -0.006950319 -0.007573537 0.533293545 0.007048657 0.999890089 0.013035699 -1.230409622 0.007482103 -0.013088392 0.999886274 37.764366150
0.999951303 -0.006671585 -0.007269663 0.530301690 0.006775115 0.999874592 0.014310981 -1.289834857 0.007173274 -0.014359536 0.999871194 38.279758453
0.999939859 -0.008001639 -0.007498399 0.542635441 0.008105398 0.999870420 0.013911027 -1.266638398 0.007386117 -0.013970968 0.999875128 38.846805573
0.999932110 -0.008187410 -0.008289488 0.551128447 0.008313475 0.999848545 0.015289260 -1.315221786 0.008163053 -0.015357137 0.999848664 39.404510498
0.999921799 -0.009389601 -0.008247226 0.548026860 0.009514110 0.999839365 0.015190024 -1.290667057 0.008103273 -0.015267302 0.999850571 39.917034149
0.999908328 -0.010171317 -0.008937635 0.547437310 0.010319660 0.999807119 0.016711222 -1.356870174 0.008765937 -0.016801924 0.999820352 40.541236877
0.999939084 -0.007245278 -0.008326364 0.515390694 0.007374621 0.999850929 0.015610016 -1.376725197 0.008212024 -0.015670467 0.999843478 41.169960022
0.999946713 -0.007157282 -0.007439867 0.508020639 0.007268446 0.999860644 0.015023643 -1.386535645 0.007331302 -0.015076918 0.999859452 41.700630188
0.999953687 -0.006364916 -0.007233482 0.504035175 0.006472251 0.999867857 0.014913380 -1.391161442 0.007137605 -0.014959503 0.999862611 42.272964478
0.999949396 -0.006519302 -0.007655790 0.530271113 0.006636752 0.999859154 0.015417522 -1.405441284 0.007554203 -0.015467551 0.999851763 42.829551697
0.999959886 -0.005762476 -0.006864213 0.512537122 0.005864616 0.999871016 0.014953976 -1.412858248 0.006777158 -0.014993631 0.999864578 43.326656342
0.999942183 -0.006857401 -0.008288447 0.564713955 0.006981151 0.999863267 0.014994838 -1.416344643 0.008184489 -0.015051832 0.999853134 43.895462036
0.999925911 -0.008711849 -0.008496849 0.581798553 0.008848649 0.999829710 0.016197622 -1.431284308 0.008354290 -0.016271606 0.999832630 44.441570282
0.999934494 -0.007939777 -0.008244582 0.508393824 0.008069215 0.999842823 0.015787013 -1.447339773 0.008117940 -0.015852505 0.999841392 44.976013184
0.999935150 -0.007527652 -0.008538424 0.512934804 0.007654550 0.999859333 0.014928214 -1.445622802 0.008424847 -0.014992606 0.999852121 45.519336700
0.999931812 -0.008351222 -0.008168792 0.516567230 0.008476478 0.999845147 0.015420989 -1.456848383 0.008038743 -0.015489178 0.999847651 46.059562683
0.999931931 -0.007966802 -0.008523422 0.528787851 0.008094288 0.999854267 0.015028852 -1.449260235 0.008402448 -0.015096820 0.999850690 46.592586517
0.999931812 -0.007954276 -0.008554266 0.530954301 0.008091623 0.999836981 0.016143069 -1.479151726 0.008424466 -0.016211184 0.999833107 47.089267731
0.999938369 -0.007568279 -0.008124098 0.521510959 0.007698829 0.999839783 0.016160259 -1.506639004 0.008000492 -0.016221810 0.999836326 47.652130127
0.999943554 -0.007492064 -0.007530946 0.515284181 0.007615776 0.999834239 0.016534854 -1.518030643 0.007405818 -0.016591275 0.999834836 48.204509735
0.999950349 -0.006549700 -0.007512220 0.507322669 0.006665126 0.999858499 0.015444363 -1.512816429 0.007410001 -0.015493665 0.999852479 48.759994507
0.999947250 -0.006984215 -0.007543418 0.514790773 0.007102281 0.999850929 0.015739786 -1.524942875 0.007432363 -0.015792528 0.999847651 49.289550781
0.999943733 -0.007288265 -0.007710616 0.539917648 0.007410100 0.999846280 0.015892230 -1.526584506 0.007593602 -0.015948473 0.999843955 49.774013519
0.999937773 -0.007364269 -0.008385410 0.565681815 0.007496113 0.999847054 0.015801722 -1.540178776 0.008267760 -0.015863596 0.999839962 50.343013763
0.999941468 -0.007452757 -0.007846653 0.548545063 0.007579509 0.999839246 0.016249703 -1.553162456 0.007724283 -0.016308228 0.999837101 50.728897095
0.999936938 -0.007719277 -0.008162155 0.554806352 0.007850491 0.999838471 0.016167836 -1.559888363 0.008036032 -0.016230891 0.999835908 51.274394989
0.999952972 -0.006211822 -0.007445699 0.542568445 0.006325631 0.999862015 0.015360378 -1.558995962 0.007349255 -0.015406756 0.999854267 51.827651978
0.999941349 -0.007395665 -0.007907174 0.570413947 0.007514885 0.999856830 0.015155613 -1.558820724 0.007793956 -0.015214143 0.999853849 52.383522034
0.999946117 -0.006789333 -0.007860587 0.562794447 0.006912018 0.999853075 0.015687063 -1.565482378 0.007752928 -0.015740549 0.999846041 52.899719238
0.999944031 -0.006746298 -0.008144315 0.575100541 0.006880980 0.999838114 0.016623672 -1.591510653 0.008030849 -0.016678784 0.999828577 53.208770752
0.999936581 -0.007506856 -0.008400055 0.588328719 0.007648330 0.999827266 0.016938528 -1.596495509 0.008271449 -0.017001700 0.999821126 53.748893738
0.999950886 -0.006540310 -0.007441814 0.564059734 0.006659228 0.999848604 0.016068771 -1.599208593 0.007335593 -0.016117539 0.999843180 54.313201904
0.999938190 -0.007717047 -0.008010920 0.568984807 0.007853107 0.999822974 0.017094079 -1.631829262 0.007877587 -0.017155930 0.999821782 54.826953888
0.999933064 -0.008295461 -0.008068935 0.526139259 0.008427605 0.999828517 0.016483258 -1.629421115 0.007930818 -0.016550157 0.999831498 55.347259521
0.999940097 -0.007291595 -0.008152807 0.565829396 0.007425408 0.999836147 0.016505105 -1.616880536 0.008031124 -0.016564654 0.999830544 55.818496704
0.999945164 -0.006813355 -0.007946016 0.575820625 0.006941073 0.999845386 0.016157845 -1.615206599 0.007834699 -0.016212115 0.999837875 56.368656158
0.999939501 -0.007231167 -0.008284891 0.580451846 0.007362442 0.999846041 0.015925756 -1.626680613 0.008168454 -0.015985791 0.999838829 56.924652100
0.999935150 -0.007767534 -0.008327468 0.606954932 0.007899569 0.999841690 0.015941415 -1.618654966 0.008202325 -0.016006164 0.999838233 57.432781219
0.999922574 -0.008533408 -0.009061266 0.634608984 0.008672931 0.999842644 0.015471702 -1.618284225 0.008927815 -0.015549092 0.999839246 57.974067688
0.999941230 -0.007224227 -0.008083519 0.587170124 0.007361934 0.999826014 0.017137434 -1.659190178 0.007958307 -0.017195940 0.999820411 58.303680420
0.999939620 -0.007404425 -0.008124195 0.590530515 0.007543672 0.999822855 0.017245138 -1.671340585 0.007995066 -0.017305385 0.999818265 58.838806152
0.999934316 -0.008047979 -0.008160759 0.602373004 0.008185034 0.999823570 0.016902391 -1.666911721 0.008023290 -0.016968081 0.999823749 59.388393402
0.999936163 -0.007795366 -0.008176075 0.618927836 0.007925968 0.999839485 0.016064707 -1.666036963 0.008049534 -0.016128484 0.999837458 59.920330048
0.999917746 -0.009348396 -0.008777616 0.594902039 0.009491776 0.999819696 0.016437706 -1.689783096 0.008622370 -0.016519669 0.999826312 60.410461426
0.999932885 -0.008096643 -0.008278535 0.585572302 0.008241498 0.999810874 0.017615993 -1.708955884 0.008134338 -0.017683042 0.999810517 60.816997528
0.999940157 -0.007473061 -0.007980200 0.592451096 0.007609559 0.999822915 0.017213421 -1.718039632 0.007850151 -0.017273121 0.999819934 61.362289429
0.999926150 -0.008163993 -0.009003762 0.657175362 0.008325180 0.999803066 0.018012328 -1.749520302 0.008854937 -0.018085958 0.999797225 61.858467102
0.999916852 -0.009049666 -0.009181192 0.621101439 0.009207550 0.999807954 0.017302478 -1.727627158 0.009022846 -0.017385578 0.999808133 62.454685211
0.999932826 -0.008229619 -0.008155551 0.598952889 0.008374700 0.999804378 0.017917870 -1.733501315 0.008006499 -0.017984966 0.999806225 62.874805450
0.999930978 -0.008510002 -0.008098423 0.602495790 0.008656333 0.999796748 0.018208930 -1.746699452 0.007941820 -0.018277775 0.999801397 63.374496460
0.999928594 -0.008290998 -0.008613447 0.610869050 0.008440558 0.999811649 0.017474966 -1.749082208 0.008466940 -0.017546419 0.999810219 63.935337067
0.999941587 -0.007558722 -0.007730608 0.581281185 0.007696791 0.999808550 0.017988976 -1.763910413 0.007593154 -0.018047424 0.999808311 64.474624634
0.999925375 -0.008833662 -0.008440739 0.586697817 0.008989216 0.999787092 0.018572215 -1.785768270 0.008274884 -0.018646706 0.999791861 64.892326355
0.999930441 -0.008316956 -0.008368216 0.600176513 0.008467701 0.999799490 0.018142736 -1.794442773 0.008215647 -0.018212331 0.999800384 65.434204102
0.999930680 -0.008604621 -0.008040090 0.610914171 0.008748136 0.999799907 0.017988702 -1.801682949 0.007883696 -0.018057790 0.999805868 65.982116699
0.999931216 -0.008576590 -0.007995583 0.617198467 0.008721615 0.999794900 0.018283412 -1.787406921 0.007837133 -0.018351892 0.999800801 66.383056641
0.999939024 -0.007845286 -0.007769684 0.619844437 0.007981117 0.999813139 0.017608322 -1.791396022 0.007630090 -0.017669261 0.999814689 66.929359436
0.999927580 -0.008530957 -0.008489263 0.638202190 0.008682979 0.999799669 0.018034920 -1.804152369 0.008333707 -0.018107327 0.999801278 67.464286804
0.999934852 -0.008268063 -0.007861956 0.609740913 0.008411431 0.999795675 0.018380942 -1.815969706 0.007708375 -0.018445877 0.999800086 67.892974854
0.999934435 -0.008503934 -0.007665829 0.616462946 0.008642458 0.999796569 0.018222021 -1.815173388 0.007509311 -0.018287078 0.999804556 68.442169189
0.999931753 -0.008543947 -0.007968273 0.626514971 0.008681894 0.999810219 0.017441254 -1.820518374 0.007817741 -0.017509243 0.999816120 68.999519348
0.999936759 -0.007817307 -0.008098228 0.628446698 0.007959329 0.999812543 0.017656121 -1.821230412 0.007958687 -0.017719464 0.999811292 69.432472229
0.999930918 -0.008114635 -0.008512450 0.641214728 0.008266422 0.999804735 0.017950118 -1.834213138 0.008365129 -0.018019246 0.999802649 69.983787537
0.999940932 -0.007319653 -0.008036307 0.639457285 0.007465099 0.999806106 0.018220117 -1.856124163 0.007901384 -0.018279033 0.999801695 70.539680481
0.999938011 -0.006895661 -0.008738779 0.732855380 0.007049329 0.999818802 0.017677521 -1.862381220 0.008615294 -0.017738031 0.999805570 70.948074341
0.999924839 -0.008433034 -0.008893525 0.695134163 0.008580687 0.999823749 0.016696945 -1.844658732 0.008751152 -0.016772004 0.999821067 71.530387878
0.999896348 -0.010622164 -0.009716571 0.746569514 0.010793333 0.999784410 0.017736677 -1.861917138 0.009526073 -0.017839713 0.999795496 71.819175720
0.999907970 -0.009681856 -0.009497538 0.750619531 0.009847278 0.999797881 0.017528038 -1.862684131 0.009325914 -0.017619947 0.999801338 72.373481750
0.999922335 -0.009097683 -0.008512354 0.737944961 0.009241509 0.999812484 0.017012170 -1.866803050 0.008355986 -0.017089518 0.999818981 72.939163208
0.999918938 -0.009275683 -0.008715607 0.760421515 0.009424509 0.999807775 0.017192774 -1.873754144 0.008554457 -0.017273523 0.999814153 73.449325562
0.999888897 -0.011507855 -0.009467465 0.747687995 0.011661214 0.999799013 0.016306173 -1.852432013 0.009277913 -0.016414765 0.999822140 74.084068298
0.999900341 -0.010543163 -0.009381788 0.783452511 0.010703526 0.999794543 0.017210128 -1.894016385 0.009198411 -0.017308831 0.999807894 74.477806091
0.999895215 -0.010698832 -0.009753998 0.777564466 0.010870897 0.999783099 0.017761437 -1.874776125 0.009561857 -0.017865609 0.999794602 74.767341614
0.999893546 -0.010694301 -0.009927285 0.791850388 0.010872712 0.999777138 0.018095281 -1.888555884 0.009731555 -0.018201290 0.999786973 75.296798706
0.999893785 -0.011008478 -0.009556562 0.781504750 0.011163587 0.999804318 0.016331811 -1.873926759 0.009374901 -0.016436763 0.999820888 75.929397583
0.999868333 -0.012763144 -0.010018896 0.786452889 0.012918612 0.999794662 0.015609138 -1.853149772 0.009817617 -0.015736513 0.999827981 76.485908508
0.999859750 -0.013252782 -0.010236663 0.739542603 0.013412429 0.999786973 0.015687687 -1.834677696 0.010026574 -0.015822787 0.999824524 77.105659485
0.999878109 -0.011873093 -0.010139905 0.777092755 0.012040066 0.999790251 0.016567895 -1.852355480 0.009941066 -0.016687963 0.999811292 77.415000916
0.999876201 -0.012165813 -0.009980839 0.784224689 0.012330821 0.999785483 0.016640935 -1.855406284 0.009776249 -0.016761946 0.999811709 77.956710815
0.999857426 -0.013208666 -0.010522588 0.787436843 0.013376814 0.999781311 0.016072994 -1.855933070 0.010307987 -0.016211461 0.999815404 78.488784790
0.999871790 -0.012408466 -0.010116060 0.791304827 0.012570291 0.999791503 0.016093338 -1.864497066 0.009914257 -0.016218441 0.999819338 79.009819031
0.999882936 -0.012635551 -0.008625683 0.778226495 0.012773940 0.999787450 0.016181871 -1.844497800 0.008419384 -0.016290162 0.999831796 79.488006592
0.999899149 -0.012353276 -0.007004454 0.782389045 0.012465493 0.999790788 0.016210072 -1.863015771 0.006802743 -0.016295748 0.999844074 80.046592712
0.999894083 -0.013022615 -0.006502511 0.796543658 0.013123999 0.999789000 0.015800683 -1.861809492 0.006295373 -0.015884345 0.999854028 80.615913391
0.999907792 -0.012567781 -0.005152205 0.785022855 0.012646895 0.999797940 0.015621245 -1.851374269 0.004954838 -0.015684962 0.999864697 81.140136719
0.999922752 -0.012245810 -0.002134965 0.800481319 0.012278634 0.999794900 0.016107032 -1.878775597 0.001937284 -0.016132005 0.999867916 81.568405151
0.999916732 -0.012837463 0.001332862 0.823829591 0.012813535 0.999779701 0.016629165 -1.891081095 -0.001546045 -0.016610702 0.999860823 82.128570557
0.999915481 -0.012295313 0.004231312 0.846532285 0.012224882 0.999792695 0.016286844 -1.887589931 -0.004430686 -0.016233742 0.999858320 82.659919739
0.999878168 -0.013085583 0.008513961 0.871446550 0.012949998 0.999791503 0.015789960 -1.875455856 -0.008718804 -0.015677780 0.999839008 83.190902710
0.999815345 -0.012824562 0.014313095 0.858742535 0.012596108 0.999793708 0.015938757 -1.884187579 -0.014514548 -0.015755523 0.999770463 83.840888977
0.999714792 -0.012609248 0.020281740 0.897007883 0.012280129 0.999792159 0.016270893 -1.903973699 -0.020482693 -0.016017189 0.999661922 84.200370789
0.999577105 -0.011887275 0.026538063 0.924984455 0.011442292 0.999792397 0.016857060 -1.916395783 -0.026732940 -0.016546274 0.999505699 84.724731445
0.999300063 -0.012562627 0.035236146 0.938808680 0.011996094 0.999796152 0.016243786 -1.895799518 -0.035433024 -0.015809720 0.999247134 85.320686340
0.998981416 -0.011822977 0.043546613 1.004517555 0.011107306 0.999799848 0.016640052 -1.921672463 -0.043734632 -0.016139416 0.998912930 85.843399048
0.998631418 -0.012671960 0.050743252 1.033257723 0.011827694 0.999787152 0.016903864 -1.919730425 -0.050946653 -0.016280554 0.998568714 86.378479004
0.998167634 -0.010785149 0.059540913 1.140340328 0.009796425 0.999809623 0.016872806 -1.985399127 -0.059711561 -0.016258603 0.998083293 86.888496399
0.997563243 -0.013962904 0.068356343 1.146296501 0.012854788 0.999779165 0.016624022 -1.923401594 -0.068573371 -0.015704807 0.997522473 87.401397705
0.996880472 -0.013399102 0.077780254 1.201301098 0.012133671 0.999786675 0.016719190 -1.924644232 -0.077987686 -0.015723275 0.996830344 87.958618164
0.996205449 -0.013694175 0.085948996 1.247063160 0.012394020 0.999800742 0.015642498 -1.918947577 -0.086146116 -0.014517885 0.996176720 88.571716309
0.995267630 -0.013752579 0.096193239 1.333456516 0.012252703 0.999794185 0.016165704 -1.923959494 -0.096395791 -0.014910569 0.995231390 89.070175171
0.994209409 -0.013577714 0.106598333 1.398165703 0.011904093 0.999795854 0.016320897 -1.934962511 -0.106798187 -0.014957432 0.994168222 89.587570190
0.993251622 -0.015006609 0.115004212 1.497273445 0.013155255 0.999771535 0.016840300 -1.950639486 -0.115230680 -0.015213741 0.993222237 89.998733521
0.991833448 -0.014237076 0.126742825 1.514945984 0.012218128 0.999785960 0.016692709 -1.911668539 -0.126953363 -0.015007826 0.991795123 90.686279297
0.990198076 -0.014704898 0.138894260 1.614432335 0.012470824 0.999778688 0.016941382 -1.919024467 -0.139112666 -0.015043195 0.990162253 91.231689453
0.988588095 -0.014780691 0.149917662 1.723413467 0.012430323 0.999784946 0.016602736 -1.919913173 -0.150130838 -0.014549739 0.988559067 91.771110535
0.987130344 -0.014295311 0.159277707 1.828911781 0.011755905 0.999788523 0.016874151 -1.930417776 -0.159485236 -0.014784535 0.987089515 92.309188843
0.985132813 -0.015573811 0.171087250 1.944158554 0.012823253 0.999770403 0.017170342 -1.939423323 -0.171315372 -0.014721173 0.985106111 92.817871094
0.982969522 -0.016781334 0.183000445 2.088713646 0.013953461 0.999762654 0.016729608 -1.924780488 -0.183237731 -0.013891204 0.982970595 93.440475464
0.981008530 -0.017282287 0.193192586 2.222052574 0.014333575 0.999758601 0.016650504 -1.931556106 -0.193433672 -0.013565145 0.981019557 93.968902588
0.978140891 -0.016981911 0.207248554 2.350727081 0.013731027 0.999759197 0.017114460 -1.935825467 -0.207489267 -0.013894616 0.978138685 94.515830994
0.974990726 -0.015714882 0.221689224 2.477512360 0.012154501 0.999774396 0.017415429 -1.945184231 -0.221912891 -0.014285360 0.974961877 95.010513306
0.972359657 -0.016892228 0.232876033 2.643835068 0.013053025 0.999752462 0.018017363 -1.965280652 -0.233122766 -0.014479620 0.972339571 95.571876526
0.969291568 -0.015891064 0.245400459 2.792169571 0.011749200 0.999762893 0.018332874 -1.954770088 -0.245633602 -0.014886643 0.969248414 96.129180908
0.965566933 -0.016242668 0.259647340 2.949197769 0.011793628 0.999755800 0.018683666 -1.961007118 -0.259887457 -0.014978146 0.965522766 96.662940979
0.962049484 -0.015750756 0.272420138 3.125213623 0.011114002 0.999766052 0.018555352 -1.967682958 -0.272648633 -0.014823488 0.961999476 97.187873840
0.959264040 -0.018298587 0.281918019 3.324785233 0.013361283 0.999722064 0.019425858 -1.984668970 -0.282195091 -0.014867743 0.959241748 97.683990479
0.954865336 -0.017188618 0.296541393 3.517999649 0.012011451 0.999742150 0.019271735 -1.988890409 -0.296796113 -0.014840021 0.954825521 98.247779846
0.950458705 -0.017810188 0.310340255 3.704523087 0.012500027 0.999739647 0.019091269 -1.977931738 -0.310599416 -0.014266202 0.950433731 98.724533081
0.946426809 -0.017517574 0.322443157 3.889432907 0.012057410 0.999748230 0.018923361 -1.989044309 -0.322693408 -0.014021748 0.946399629 99.245697021
0.942171693 -0.018345369 0.334628105 4.103021622 0.012538722 0.999731123 0.019504661 -1.990899920 -0.334895939 -0.014180934 0.942148387 99.846733093
0.936971366 -0.018840229 0.348897874 4.322418213 0.012604703 0.999717832 0.020133872 -1.994996667 -0.349178702 -0.014467108 0.936944485 100.368675232
0.931990683 -0.018544726 0.362007678 4.533699036 0.011771579 0.999712169 0.020906692 -2.019479752 -0.362291187 -0.015223439 0.931940675 100.866523743
0.927499056 -0.019598052 0.373311222 4.773559570 0.012782976 0.999703526 0.020722762 -2.017078400 -0.373606682 -0.014448312 0.927474618 101.380172729
0.922169626 -0.019500125 0.386293828 5.019489288 0.011949675 0.999687850 0.021937734 -2.048818588 -0.386601031 -0.015614223 0.922114909 101.828842163
0.916913331 -0.020444419 0.398562312 5.269638062 0.012860094 0.999682009 0.021693774 -2.082191944 -0.398879111 -0.014765763 0.916884601 102.257064819
0.911655307 -0.019665211 0.410484999 5.541416168 0.012041547 0.999703765 0.021149734 -2.013782740 -0.410779268 -0.014338396 0.911622047 103.005081177
0.906297207 -0.020015460 0.422166884 5.799900055 0.012260606 0.999702752 0.021076396 -2.017989635 -0.422463149 -0.013925459 0.906273067 103.487747192
0.899699867 -0.019677280 0.436065316 6.058452606 0.011594297 0.999708235 0.021189833 -2.027849436 -0.436355025 -0.014008621 0.899665475 103.994026184
0.893874824 -0.020330066 0.447855622 6.328594208 0.012084495 0.999700844 0.021261228 -2.018009186 -0.448153913 -0.013592766 0.893853009 104.496658325
0.888024867 -0.020413933 0.459342211 6.610076904 0.012153374 0.999707043 0.020933099 -2.018063784 -0.459634960 -0.013006552 0.888012707 104.993942261
0.880747378 -0.019980695 0.473164678 6.898040771 0.011558165 0.999718785 0.020701572 -2.008839130 -0.473445296 -0.012763939 0.880730689 105.485069275
0.873319030 -0.020902729 0.486700088 7.042881012 0.011739289 0.999691904 0.021870026 -2.018746138 -0.487007290 -0.013385999 0.873295367 105.880081177
