1.000000000 0.000000000 0.000000000 0.000000000 0.000000000 1.000000000 0.000000000 0.000000000 0.000000000 0.000000000 1.000000000 0.000000000
1.000000000 0.000115009 0.000039961 -0.001492641 -0.000115007 1.000000000 -0.000049723 0.001481978 -0.000039967 0.000049718 1.000000000 0.003454603
1.000000000 0.000123557 0.000024344 -0.000149282 -0.000123557 1.000000000 0.000004461 0.000568095 -0.000024343 -0.000004464 1.000000000 0.003728010
0.999999940 0.000256354 0.000127801 -0.002383522 -0.000256355 0.999999940 0.000012160 0.000637539 -0.000127798 -0.000012192 1.000000000 -0.002576572
1.000000000 0.000121517 0.000042258 -0.000234127 -0.000121517 1.000000000 -0.000015161 0.000647638 -0.000042260 0.000015156 1.000000000 -0.001751023
1.000000000 0.000030424 -0.000001725 -0.000197602 -0.000030424 1.000000000 0.000030320 0.000626532 0.000001726 -0.000030320 1.000000000 0.000459402
1.000000000 -0.000005940 0.000039651 -0.001949906 0.000005941 1.000000000 -0.000035975 0.000978581 -0.000039651 0.000035975 1.000000000 0.000677508
1.000000000 0.000014866 0.000046405 -0.000223308 -0.000014869 1.000000000 0.000062455 0.000740834 -0.000046404 -0.000062456 1.000000000 -0.000065919
1.000000000 -0.000012015 0.000075086 -0.001700009 0.000012014 1.000000000 0.000009284 0.000760991 -0.000075086 -0.000009283 1.000000000 0.002414503
1.000000000 0.000151770 0.000095676 -0.000809690 -0.000151767 1.000000000 -0.000030450 0.000467181 -0.000095680 0.000030436 1.000000000 -0.001611973
1.000000000 0.000163152 0.000093254 -0.000415365 -0.000163156 1.000000000 0.000044289 0.000344545 -0.000093247 -0.000044304 1.000000000 -0.000991054
1.000000000 0.000039488 0.000048702 -0.001708950 -0.000039486 1.000000000 -0.000039295 0.000909677 -0.000048703 0.000039293 1.000000000 -0.002616903
1.000000000 0.000151127 0.000178075 -0.004274138 -0.000151132 1.000000000 0.000029589 0.001210429 -0.000178070 -0.000029616 1.000000000 -0.003930185
1.000000000 -0.000093245 0.000068594 -0.000820241 0.000093242 1.000000000 0.000033917 -0.000454335 -0.000068597 -0.000033911 1.000000000 0.000093728
1.000000000 0.000075089 0.000074597 -0.000152478 -0.000075087 1.000000000 -0.000021558 0.000783696 -0.000074599 0.000021553 1.000000000 -0.001763839
1.000000000 -0.000004285 0.000049206 -0.000040586 0.000004284 1.000000000 0.000015927 0.000746070 -0.000049206 -0.000015927 1.000000000 -0.003114116
1.000000000 -0.000078881 0.000053299 -0.001782749 0.000078879 1.000000000 0.000029911 0.000248028 -0.000053301 -0.000029907 1.000000000 -0.002092572
1.000000000 0.000048073 0.000117916 -0.001608342 -0.000048082 1.000000000 0.000074345 -0.000970250 -0.000117913 -0.000074350 1.000000000 -0.004117212
1.000000000 0.000106519 0.000062042 -0.000139507 -0.000106523 1.000000000 0.000064407 0.001100377 -0.000062035 -0.000064414 1.000000000 -0.004641681
1.000000000 -0.000099353 -0.000013542 -0.000393333 0.000099354 1.000000000 0.000022256 0.000432530 0.000013539 -0.000022257 1.000000000 -0.005917210
1.000000000 0.000004066 0.000041108 -0.000402177 -0.000004068 1.000000000 0.000040455 0.000140909 -0.000041107 -0.000040455 1.000000000 -0.006561241
1.000000000 -0.000054014 0.000016881 -0.000227033 0.000054013 1.000000000 0.000035282 -0.001271972 -0.000016883 -0.000035281 1.000000000 -0.004275749
1.000000000 0.000093927 0.000141062 -0.004671086 -0.000093915 1.000000000 -0.000083932 0.002018118 -0.000141070 0.000083919 1.000000000 0.002936847
1.000000000 -0.000007763 0.000028098 0.000355434 0.000007762 1.000000000 0.000027296 -0.000218753 -0.000028098 -0.000027296 1.000000000 -0.000548875
1.000000000 -0.000060954 0.000073045 -0.001964340 0.000060953 1.000000000 0.000007013 0.001120689 -0.000073045 -0.000007008 1.000000000 0.000454861
1.000000000 -0.000035445 -0.000006179 0.000685112 0.000035445 1.000000000 -0.000017449 0.000957411 0.000006180 0.000017449 1.000000000 -0.003482514
1.000000000 -0.000134924 0.000084628 -0.002641329 0.000134928 1.000000000 -0.000051034 0.002154665 -0.000084621 0.000051046 1.000000000 0.000760398
1.000000000 0.000137410 0.000150188 -0.004294781 -0.000137397 1.000000000 -0.000086368 0.002346990 -0.000150199 0.000086347 1.000000000 0.000077656
1.000000000 -0.000081822 0.000065675 -0.001906138 0.000081818 1.000000000 0.000073298 0.000124408 -0.000065681 -0.000073293 1.000000000 -0.000133281
1.000000000 -0.000066516 0.000083657 -0.004263147 0.000066522 1.000000000 -0.000070008 0.004129543 -0.000083652 0.000070014 1.000000000 0.002328953
1.000000000 -0.000028082 0.000034788 -0.001855700 0.000028083 1.000000000 -0.000021486 0.000780359 -0.000034787 0.000021487 1.000000000 0.001656409
1.000000000 -0.000070564 0.000074332 -0.003214601 0.000070562 1.000000000 0.000024459 0.000889969 -0.000074333 -0.000024454 1.000000000 0.003041115
1.000000000 -0.000132270 0.000031923 -0.002753860 0.000132271 1.000000000 -0.000019262 0.000938711 -0.000031921 0.000019267 1.000000000 -0.000664291
1.000000000 -0.000020337 0.000027577 -0.000751534 0.000020336 1.000000000 0.000030864 -0.000770532 -0.000027577 -0.000030864 1.000000000 -0.001993325
0.999999940 0.000220445 0.000179402 -0.004197709 -0.000220440 1.000000000 -0.000026421 0.000921713 -0.000179408 0.000026381 1.000000000 0.000796347
1.000000000 -0.000013084 0.000022398 -0.000899041 0.000013083 1.000000000 0.000035391 0.000357511 -0.000022399 -0.000035390 1.000000000 -0.001480879
1.000000000 0.000049378 0.000111010 -0.005496633 -0.000049373 1.000000000 -0.000051042 0.002468440 -0.000111013 0.000051036 1.000000000 0.000916265
1.000000000 -0.000069232 0.000025115 -0.000150984 0.000069234 1.000000000 -0.000075651 0.001162644 -0.000025110 0.000075653 1.000000000 -0.004866999
1.000000000 -0.000039541 0.000105884 -0.003321262 0.000039543 1.000000000 -0.000016492 0.000873012 -0.000105883 0.000016496 1.000000000 0.000732266
1.000000000 -0.000061496 0.000001841 -0.000261921 0.000061496 1.000000000 0.000021731 0.000306787 -0.000001842 -0.000021731 1.000000000 -0.001590124
1.000000000 -0.000203077 -0.000044690 0.001019434 0.000203078 1.000000000 0.000039699 -0.001050006 0.000044682 -0.000039708 1.000000000 -0.001003514
1.000000000 0.000011769 0.000112601 0.002110432 -0.000011720 0.999999881 -0.000436100 -0.005979728 -0.000112606 0.000436098 0.999999881 0.048533253
1.000000000 -0.000014521 0.000097799 0.003356797 0.000014639 0.999999285 -0.001209565 -0.003150489 -0.000097782 0.001209566 0.999999285 0.146508560
1.000000000 -0.000053340 -0.000004018 0.005552656 0.000053334 0.999998987 -0.001419773 -0.010835467 0.000004094 0.001419773 0.999998987 0.260851175
1.000000000 0.000038403 0.000169753 0.004255086 -0.000038181 0.999999166 -0.001308269 -0.015090400 -0.000169803 0.001308262 0.999999106 0.391945302
1.000000000 0.000149287 0.000053693 0.006584625 -0.000149235 0.999999523 -0.000965786 -0.023452142 -0.000053837 0.000965778 0.999999523 0.533257604
1.000000000 0.000130085 0.000052082 0.007397281 -0.000130045 0.999999702 -0.000774421 -0.031707138 -0.000052183 0.000774415 0.999999702 0.684838533
1.000000000 -0.000021219 -0.000056304 0.018806161 0.000021186 0.999999821 -0.000584227 -0.036892623 0.000056316 0.000584226 0.999999881 0.852973998
1.000000000 -0.000018733 -0.000127631 0.015198730 0.000018710 0.999999940 -0.000179212 -0.046750508 0.000127634 0.000179209 0.999999940 1.019098282
0.999999940 0.000241426 0.000103983 0.017303457 -0.000241402 0.999999881 -0.000227674 -0.051401809 -0.000104038 0.000227649 0.999999940 1.191354156
1.000000000 -0.000074479 0.000063535 0.020120572 0.000074450 0.999999881 0.000460414 -0.064329907 -0.000063569 -0.000460410 0.999999821 1.380329728
0.999999940 0.000191314 -0.000079688 0.025112914 -0.000191260 0.999999702 0.000679414 -0.070470184 0.000079818 -0.000679399 0.999999762 1.571956038
0.999999821 0.000062605 0.000451328 0.021550883 -0.000062868 0.999999821 0.000582167 -0.076224148 -0.000451291 -0.000582195 0.999999642 1.766912699
0.999999881 0.000128841 0.000327193 0.025166513 -0.000129145 0.999999642 0.000929740 -0.087662734 -0.000327073 -0.000929782 0.999999523 1.972541213
0.999999940 0.000168141 0.000365399 0.025234664 -0.000168500 0.999999523 0.000981312 -0.093124650 -0.000365234 -0.000981373 0.999999464 2.187415838
0.999999881 0.000308688 0.000212752 0.034378264 -0.000308915 0.999999344 0.001064147 -0.097831175 -0.000212424 -0.001064213 0.999999404 2.403495073
0.999999821 0.000544417 0.000266728 0.037967417 -0.000544712 0.999999225 0.001107232 -0.103156835 -0.000266125 -0.001107377 0.999999344 2.637313128
0.999999940 0.000074618 0.000338256 0.041242070 -0.000075013 0.999999285 0.001168830 -0.113347821 -0.000338169 -0.001168856 0.999999225 2.866062403
0.999999940 0.000164148 0.000384365 0.051519062 -0.000164585 0.999999344 0.001137831 -0.119009398 -0.000384178 -0.001137894 0.999999225 3.106343031
0.999999940 0.000088302 0.000242609 0.051665414 -0.000088664 0.999998808 0.001490616 -0.132604986 -0.000242477 -0.001490637 0.999998868 3.335412979
0.999999940 0.000279813 0.000286143 0.057246882 -0.000280258 0.999998689 0.001555999 -0.138648182 -0.000285707 -0.001556079 0.999998748 3.577453613
0.999999940 0.000220125 0.000206241 0.065181583 -0.000220427 0.999998868 0.001465387 -0.146074146 -0.000205918 -0.001465432 0.999998868 3.841657877
0.999999940 0.000288720 0.000271407 0.072832823 -0.000289158 0.999998629 0.001612932 -0.153592750 -0.000270941 -0.001613010 0.999998689 4.111546040
0.999999881 0.000226869 0.000437444 0.072904199 -0.000227627 0.999998450 0.001733600 -0.160241276 -0.000437050 -0.001733699 0.999998391 4.361294270
0.999999881 0.000235828 0.000203774 0.084120095 -0.000236195 0.999998271 0.001804049 -0.166193888 -0.000203348 -0.001804097 0.999998331 4.623516560
0.999999702 0.000272115 0.000648685 0.088311955 -0.000273276 0.999998331 0.001790199 -0.176037863 -0.000648197 -0.001790376 0.999998212 4.876389503
0.999999583 0.000504485 0.000782916 0.088889726 -0.000505870 0.999998331 0.001769384 -0.181366667 -0.000782022 -0.001769779 0.999998093 5.136827946
0.999999583 0.000615959 0.000546151 0.097494684 -0.000617140 0.999997437 0.002164923 -0.193882123 -0.000544816 -0.002165259 0.999997497 5.395041943
0.999999821 0.000109393 0.000544848 0.100742973 -0.000110464 0.999998033 0.001965394 -0.201164186 -0.000544632 -0.001965454 0.999997914 5.659541607
0.999999583 0.000694304 0.000553666 0.104074232 -0.000695374 0.999997854 0.001934955 -0.213592976 -0.000552322 -0.001935340 0.999997914 5.927689075
0.999999762 0.000140739 0.000587845 0.112075754 -0.000141956 0.999997795 0.002071603 -0.224275321 -0.000587552 -0.002071686 0.999997616 6.188869953
0.999999821 0.000195279 0.000613957 0.113139257 -0.000196555 0.999997795 0.002079268 -0.231391370 -0.000613549 -0.002079388 0.999997675 6.492448330
0.999999285 0.000713485 0.000970364 0.115427151 -0.000715507 0.999997556 0.002085109 -0.243115276 -0.000968874 -0.002085802 0.999997377 6.773463726
0.999999523 0.000500457 0.000834426 0.127640203 -0.000502584 0.999996603 0.002550672 -0.256910563 -0.000833147 -0.002551090 0.999996424 7.063645363
0.999999881 -0.000016180 0.000381079 0.141140237 0.000015193 0.999996662 0.002590662 -0.270234078 -0.000381119 -0.002590656 0.999996603 7.354167461
0.999999881 0.000073629 0.000371056 0.149287611 -0.000074542 0.999996960 0.002459843 -0.278755873 -0.000370873 -0.002459871 0.999996901 7.671854496
0.999999762 0.000394683 0.000589242 0.156004667 -0.000396323 0.999996066 0.002785612 -0.290657252 -0.000588140 -0.002785845 0.999995947 7.980483055
0.999999642 0.000583943 0.000662936 0.158906817 -0.000585617 0.999996722 0.002528401 -0.295483410 -0.000661457 -0.002528788 0.999996543 8.304612160
0.999999583 0.000421300 0.000749182 0.166763827 -0.000423014 0.999997258 0.002289507 -0.297574162 -0.000748216 -0.002289823 0.999997079 8.621402740
0.999999523 0.000296191 0.000912186 0.171960950 -0.000298334 0.999997258 0.002350043 -0.306780040 -0.000911488 -0.002350314 0.999996841 8.952466011
0.999999285 -0.000323655 0.001178659 0.186319351 0.000320481 0.999996364 0.002692131 -0.323932081 -0.001179526 -0.002691751 0.999995708 9.273182869
0.999999285 0.000532358 0.000987177 0.185277686 -0.000535162 0.999995828 0.002842556 -0.335197091 -0.000985660 -0.002843083 0.999995470 9.624258995
0.999998689 0.000939967 0.001246649 0.191341668 -0.000943449 0.999995649 0.002795490 -0.345508516 -0.001244016 -0.002796662 0.999995351 9.966372490
0.999999762 0.000292499 0.000602247 0.202447161 -0.000294113 0.999996364 0.002681616 -0.351388633 -0.000601461 -0.002681793 0.999996245 10.328702927
0.999999762 0.000507550 0.000474487 0.209065214 -0.000508993 0.999995232 0.003046812 -0.363459617 -0.000472939 -0.003047053 0.999995232 10.681491852
0.999999464 0.000494208 0.000925223 0.211840957 -0.000497075 0.999995053 0.003100859 -0.373947442 -0.000923686 -0.003101317 0.999994755 11.066901207
0.999998987 0.000790862 0.001186487 0.218495145 -0.000794989 0.999993622 0.003481694 -0.395903468 -0.001183726 -0.003482633 0.999993265 11.436663628
0.999998629 0.000723191 0.001470673 0.226805046 -0.000728475 0.999993265 0.003595598 -0.403312415 -0.001468062 -0.003596665 0.999992490 11.830633163
0.999998748 0.000828436 0.001349843 0.232970536 -0.000833401 0.999992967 0.003682507 -0.417895854 -0.001346782 -0.003683628 0.999992311 12.179324150
0.999999166 0.000421780 0.001255251 0.238870248 -0.000426327 0.999993384 0.003624482 -0.432008684 -0.001253714 -0.003625013 0.999992669 12.570694923
0.999999404 0.000263252 0.001106265 0.254100293 -0.000267398 0.999992967 0.003749201 -0.438719213 -0.001105270 -0.003749494 0.999992311 12.948251724
0.999998271 0.001263532 0.001391716 0.257826656 -0.001268986 0.999991477 0.003924916 -0.455840141 -0.001386745 -0.003926676 0.999991298 13.328340530
0.999995947 0.001546424 0.002370435 0.269939065 -0.001556266 0.999990165 0.004155573 -0.484906673 -0.002363984 -0.004159246 0.999988496 13.774320602
0.999997437 0.001208285 0.001927022 0.282045841 -0.001216501 0.999990225 0.004267858 -0.491578579 -0.001921846 -0.004270192 0.999989033 14.198993683
0.999997020 0.000937763 0.002256025 0.297464788 -0.000947850 0.999989510 0.004474184 -0.514695883 -0.002251805 -0.004476309 0.999987423 14.616875648
0.999997556 0.000886137 0.002044938 0.313027143 -0.000895541 0.999989033 0.004602521 -0.528183997 -0.002040836 -0.004604341 0.999987245 15.019785881
0.999995172 0.001136935 0.002877320 0.315478295 -0.001150487 0.999988198 0.004712772 -0.538467109 -0.002871929 -0.004716060 0.999984801 15.475187302
0.999995828 0.000905985 0.002732823 0.337443054 -0.000919421 0.999987483 0.004919047 -0.556419492 -0.002728332 -0.004921539 0.999984145 15.898129463
0.999995768 0.000527654 0.002860729 0.352113783 -0.000541784 0.999987602 0.004940961 -0.566533923 -0.002858086 -0.004942489 0.999983668 16.340806961
0.999994278 0.000261171 0.003363611 0.358999640 -0.000278114 0.999987304 0.005037618 -0.581576586 -0.003362253 -0.005038525 0.999981642 16.775642395
0.999993443 0.001176378 0.003419236 0.365201950 -0.001192306 0.999988437 0.004660001 -0.587254345 -0.003413715 -0.004664047 0.999983251 17.245813370
0.999994457 0.000691053 0.003301221 0.376544178 -0.000706426 0.999988854 0.004657974 -0.597867548 -0.003297965 -0.004660279 0.999983728 17.711769104
0.999993920 0.000412108 0.003462034 0.392847002 -0.000427199 0.999990404 0.004359321 -0.613070607 -0.003460203 -0.004360773 0.999984503 18.177013397
0.999991536 0.000896093 0.004031702 0.400411248 -0.000914675 0.999988973 0.004609735 -0.619364083 -0.004027525 -0.004613383 0.999981284 18.651727676
0.999991894 0.000837827 0.003950558 0.406943291 -0.000855943 0.999989092 0.004586244 -0.632793248 -0.003946673 -0.004589587 0.999981761 19.110687256
0.999991953 0.000597259 0.003963054 0.431077391 -0.000617073 0.999987304 0.005000226 -0.652765453 -0.003960017 -0.005002632 0.999979675 19.608263016
0.999990761 0.001041404 0.004179823 0.439536661 -0.001063282 0.999985695 0.005235426 -0.670010865 -0.004174311 -0.005239822 0.999977589 20.080167770
0.999991715 0.000523415 0.004036234 0.453162730 -0.000545550 0.999984801 0.005484986 -0.684706330 -0.004033302 -0.005487142 0.999976754 20.556869507
0.999992311 0.000655289 0.003877738 0.465133667 -0.000677179 0.999983788 0.005646339 -0.701178789 -0.003873975 -0.005648921 0.999976516 21.053638458
0.999994516 0.000471732 0.003266585 0.481624603 -0.000490836 0.999982774 0.005849963 -0.713530302 -0.003263769 -0.005851534 0.999977529 21.568283081
0.999995589 0.000401328 0.002957626 0.492068648 -0.000418403 0.999983251 0.005774711 -0.726889253 -0.002955259 -0.005775923 0.999978960 22.071765900
0.999996901 0.000168544 0.002481762 0.508984089 -0.000183078 0.999982774 0.005857147 -0.741260409 -0.002480732 -0.005857583 0.999979734 22.581729889
0.999996662 0.000932293 0.002417400 0.520280302 -0.000945770 0.999983966 0.005579700 -0.748743057 -0.002412159 -0.005581968 0.999981523 23.078031540
0.999998093 0.000915829 0.001716451 0.528983295 -0.000925458 0.999983788 0.005617103 -0.763089418 -0.001711279 -0.005618680 0.999982774 23.606027603
0.999999762 -0.000343016 0.000621326 0.544531524 0.000339768 0.999986231 0.005220581 -0.772288918 -0.000623108 -0.005220368 0.999986172 24.125871658
0.999999702 0.000726214 0.000214623 0.554331720 -0.000727376 0.999984741 0.005470288 -0.788069725 -0.000210647 -0.005470443 0.999984980 24.655107498
0.999999464 0.000513358 -0.000876947 0.571117938 -0.000508476 0.999984443 0.005557161 -0.799083292 0.000879786 -0.005556712 0.999984086 25.167175293
0.999999225 0.000721731 -0.000964280 0.575053751 -0.000716459 0.999984801 0.005456785 -0.810183465 0.000968204 -0.005456090 0.999984622 25.682792664
0.999998331 0.001046036 -0.001501661 0.585224807 -0.001037408 0.999983013 0.005735350 -0.828024864 0.001507635 -0.005733784 0.999982417 26.230392456
0.999997854 0.000841805 -0.001900288 0.601559639 -0.000830309 0.999981403 0.006041896 -0.832401276 0.001905338 -0.006040306 0.999979913 26.774702072
0.999997675 0.000677520 -0.002046334 0.613546610 -0.000664142 0.999978423 0.006531380 -0.858680487 0.002050715 -0.006530006 0.999976575 27.297725677
0.999995828 0.001192999 -0.002597804 0.622575104 -0.001175864 0.999977589 0.006587574 -0.876700759 0.002605605 -0.006584493 0.999974906 27.841390610
0.999994874 0.001050317 -0.003025251 0.637357652 -0.001030708 0.999978483 0.006475954 -0.885708392 0.003031988 -0.006472803 0.999974430 28.392980576
0.999993026 0.001167354 -0.003548243 0.653504848 -0.001143527 0.999976814 0.006709904 -0.906706035 0.003555994 -0.006705801 0.999971151 28.931711197
0.999992371 0.000952698 -0.003787017 0.661745310 -0.000928431 0.999979019 0.006404744 -0.916243434 0.003793039 -0.006401179 0.999972284 29.466733932
0.999990046 0.001014739 -0.004338698 0.672285855 -0.000985970 0.999977529 0.006627945 -0.927605927 0.004345326 -0.006623601 0.999968648 29.995534897
0.999989450 0.001338719 -0.004389425 0.680005312 -0.001309547 0.999977231 0.006642264 -0.942041516 0.004398216 -0.006636448 0.999968231 30.526189804
0.999988496 0.001721025 -0.004482308 0.690176487 -0.001692190 0.999977827 0.006429091 -0.951706648 0.004493274 -0.006421432 0.999969304 31.071195602
0.999987602 0.002046129 -0.004538344 0.693681002 -0.002014622 0.999973893 0.006936122 -0.973258257 0.004552418 -0.006926894 0.999965668 31.581060410
0.999986708 0.001961327 -0.004772741 0.705163896 -0.001932982 0.999980569 0.005936351 -0.977926016 0.004784291 -0.005927047 0.999970973 32.123058319
0.999985516 0.002147999 -0.004939545 0.701570153 -0.002114252 0.999974489 0.006826976 -0.998278499 0.004954082 -0.006816434 0.999964476 32.633594513
0.999985576 0.001878878 -0.005027289 0.695776165 -0.001844443 0.999974847 0.006845501 -1.020229340 0.005040026 -0.006836129 0.999963880 33.143123627
0.999984682 0.001912691 -0.005185158 0.704687715 -0.001876684 0.999974251 0.006940254 -1.031781554 0.005198298 -0.006930417 0.999962389 33.683135986
0.999982953 0.002356806 -0.005336133 0.706265211 -0.002318390 0.999971390 0.007194067 -1.049480200 0.005352935 -0.007181573 0.999959767 34.231006622
0.999984443 0.002486891 -0.004997429 0.703399420 -0.002454040 0.999975443 0.006568874 -1.054543376 0.005013642 -0.006556507 0.999965906 34.722831726
0.999983430 0.002050471 -0.005382178 0.729645610 -0.002009115 0.999968529 0.007678014 -1.087816954 0.005397752 -0.007667074 0.999956012 35.234149933
0.999980509 0.001311013 -0.006097597 0.728239059 -0.001259796 0.999964058 0.008395912 -1.118687391 0.006108383 -0.008388068 0.999946177 35.777397156
0.999980390 0.001663751 -0.006038156 0.738871157 -0.001613077 0.999963522 0.008387537 -1.134717226 0.006051891 -0.008377631 0.999946594 36.321224213
0.999976456 0.001208811 -0.006753137 0.754884720 -0.001150590 0.999962211 0.008618644 -1.141009331 0.006763299 -0.008610670 0.999940097 36.839126587
0.999978960 0.001868216 -0.006211579 0.738203406 -0.001814851 0.999961495 0.008585875 -1.157774925 0.006227380 -0.008574422 0.999943912 37.352901459
0.999977171 0.000915528 -0.006695199 0.723846138 -0.000856031 0.999960065 0.008884008 -1.170337796 0.006703066 -0.008878073 0.999938130 37.876380920
0.999977171 0.000796097 -0.006713012 0.715388715 -0.000737468 0.999961615 0.008731641 -1.185838461 0.006719706 -0.008726491 0.999939322 38.405467987
0.999978125 0.000742733 -0.006580354 0.706152081 -0.000684308 0.999960363 0.008876447 -1.203386545 0.006586685 -0.008871748 0.999938965 38.964519501
0.999978662 0.001725767 -0.006319786 0.789651275 -0.001674589 0.999965847 0.008094430 -1.210310936 0.006333541 -0.008083673 0.999947250 39.490455627
0.999975562 0.002441249 -0.006544356 0.780348420 -0.002384295 0.999959290 0.008696399 -1.232411742 0.006565319 -0.008680582 0.999940813 39.943222046
0.999978840 0.001587019 -0.006307840 0.802068949 -0.001533625 0.999962986 0.008460563 -1.245768070 0.006321034 -0.008450709 0.999944329 40.532604218
0.999977827 0.001593297 -0.006461252 0.803369641 -0.001536273 0.999959826 0.008820997 -1.260449767 0.006475047 -0.008810874 0.999940217 41.082077026
0.999974966 0.001444883 -0.006926677 0.819866538 -0.001386143 0.999963045 0.008477514 -1.267505407 0.006938670 -0.008467699 0.999940038 41.616588593
0.999978185 0.001420241 -0.006451409 0.821877122 -0.001361351 0.999957561 0.009123554 -1.289614081 0.006464092 -0.009114574 0.999937594 42.126022339
0.999977052 0.001232056 -0.006654015 0.829820037 -0.001168572 0.999953866 0.009536135 -1.307982802 0.006665457 -0.009528141 0.999932349 42.670185089
0.999977410 0.001353089 -0.006583683 0.837768435 -0.001291882 0.999956012 0.009292078 -1.315246820 0.006595966 -0.009283363 0.999935150 43.204307556
0.999977410 0.001564216 -0.006532533 0.840570092 -0.001504166 0.999956608 0.009187359 -1.325452566 0.006546621 -0.009177325 0.999936402 43.733654022
0.999976873 0.001749745 -0.006572083 0.850398839 -0.001690191 0.999957561 0.009056375 -1.334061623 0.006587650 -0.009045058 0.999937415 44.262123108
0.999975264 0.001797569 -0.006800324 0.863149166 -0.001734313 0.999955297 0.009296388 -1.350668907 0.006816732 -0.009284366 0.999933660 44.798236847
0.999975264 0.001677437 -0.006828728 0.870234132 -0.001614705 0.999956548 0.009181594 -1.359993458 0.006843832 -0.009170341 0.999934554 45.326702118
0.999974787 0.002238105 -0.006737960 0.880489469 -0.002177342 0.999956965 0.009011820 -1.370248675 0.006757839 -0.008996922 0.999936700 45.856918335
0.999973714 0.002598748 -0.006775999 0.889496565 -0.002536030 0.999953985 0.009248006 -1.388223529 0.006799721 -0.009230579 0.999934316 46.416530609
0.999974191 0.001989197 -0.006901402 0.886647701 -0.001927929 0.999958694 0.008873055 -1.386850357 0.006918768 -0.008859521 0.999936759 46.928554535
0.999974072 0.002909227 -0.006596611 0.900652170 -0.002853905 0.999960721 0.008380276 -1.391005874 0.006620733 -0.008361232 0.999943078 47.500957489
0.999972403 0.001831060 -0.007203572 0.901258588 -0.001765070 0.999956548 0.009156498 -1.413139820 0.007220024 -0.009143530 0.999932051 47.998752594
0.999971271 0.001195129 -0.007482535 0.919260383 -0.001129166 0.999960482 0.008813663 -1.420061231 0.007492774 -0.008804959 0.999933124 48.538616180
0.999972939 0.001772025 -0.007136567 0.929502845 -0.001708021 0.999958336 0.008964643 -1.433426976 0.007152155 -0.008952213 0.999934316 49.074710846
0.999971807 0.001885216 -0.007272592 0.936248124 -0.001822780 0.999961495 0.008582123 -1.438731432 0.007288490 -0.008568625 0.999936700 49.594936371
0.999973953 0.002314572 -0.006825402 0.934526563 -0.002253755 0.999957800 0.008904686 -1.455234528 0.006845725 -0.008889074 0.999936998 50.130390167
0.999972641 0.002462788 -0.006978645 0.944019735 -0.002399616 0.999956191 0.009046361 -1.463459373 0.007000618 -0.009029367 0.999934733 50.676807404
0.999970436 0.002281194 -0.007344753 0.953045368 -0.002213067 0.999954522 0.009270350 -1.471196890 0.007365567 -0.009253821 0.999930084 51.214328766
0.999969184 0.002137144 -0.007557152 0.956453800 -0.002067336 0.999955177 0.009233264 -1.491708517 0.007576546 -0.009217355 0.999928832 51.722915649
0.999972284 0.002139424 -0.007134322 0.950353146 -0.002070748 0.999951541 0.009619502 -1.511265755 0.007154556 -0.009604461 0.999928296 52.268550873
0.999977469 0.001717548 -0.006500348 0.944673181 -0.001655106 0.999952495 0.009599203 -1.524983168 0.006516526 -0.009588227 0.999932826 52.818130493
0.999980450 0.001487540 -0.006063653 0.932616353 -0.001428399 0.999951482 0.009746165 -1.548827887 0.006077856 -0.009737315 0.999934137 53.304561615
0.999980569 0.002480456 -0.005717393 0.907798052 -0.002421990 0.999944866 0.010210269 -1.564330816 0.005742405 -0.010196224 0.999931514 53.841720581
0.999971330 0.002462557 -0.007150997 0.955898285 -0.002388759 0.999943972 0.010310265 -1.594723463 0.007175986 -0.010292890 0.999921203 54.255210876
0.999973774 0.002039415 -0.006952626 0.947059989 -0.001972701 0.999952078 0.009588890 -1.539825201 0.006971849 -0.009574924 0.999929905 55.081825256
0.999972820 0.002244567 -0.007013327 0.960000336 -0.002164098 0.999931991 0.011460355 -1.625179529 0.007038574 -0.011444868 0.999909699 55.349880219
0.999974251 0.002313294 -0.006782420 0.983189464 -0.002241352 0.999941349 0.010595866 -1.629570007 0.006806534 -0.010580393 0.999920845 55.817832947
0.999979079 0.002928301 -0.005763829 0.996736288 -0.002869487 0.999944031 0.010185910 -1.616952658 0.005793335 -0.010169159 0.999931514 56.443237305
0.999972224 0.002474088 -0.007034542 1.001249671 -0.002398346 0.999939263 0.010755327 -1.637729764 0.007060724 -0.010738158 0.999917388 56.956523895
0.999973655 0.004926386 -0.005327260 1.005018592 -0.004875213 0.999942183 0.009576632 -1.661085367 0.005374131 -0.009550407 0.999939978 57.507011414
0.999978721 0.004060593 -0.005110133 1.023649812 -0.004002553 0.999927938 0.011317206 -1.683705091 0.005155718 -0.011296509 0.999922872 58.041027069
0.999973714 0.004828402 -0.005405353 1.028511643 -0.004774279 0.999938786 0.009981452 -1.683657646 0.005453215 -0.009955384 0.999935567 58.590003967
0.999974549 0.005020126 -0.005069165 1.034512401 -0.004965670 0.999930441 0.010698484 -1.700228930 0.005122520 -0.010673041 0.999929845 59.134613037
0.999970555 0.004862343 -0.005939896 1.048010349 -0.004800204 0.999934077 0.010431019 -1.687222362 0.005990224 -0.010402199 0.999927938 59.567203522
0.999974668 0.004875527 -0.005168024 1.071508646 -0.004821361 0.999933839 0.010441976 -1.722650528 0.005218592 -0.010416796 0.999932051 60.217266083
0.999968052 0.005432028 -0.005854079 1.070469141 -0.005369843 0.999929607 0.010586252 -1.714275479 0.005911171 -0.010554480 0.999926746 60.665424347
0.999966919 0.005138896 -0.006316809 1.110038638 -0.005070731 0.999929249 0.010760171 -1.748925567 0.006371658 -0.010727784 0.999922156 61.180072784
0.999970317 0.004639806 -0.006164854 1.073798418 -0.004575292 0.999935091 0.010438079 -1.742247701 0.006212885 -0.010409561 0.999926507 61.704673767
0.999976516 0.004254663 -0.005366269 1.043665290 -0.004191173 0.999921739 0.011787616 -1.837867498 0.005416001 -0.011764849 0.999916077 62.287288666
0.999976099 0.003830716 -0.005758102 1.053872824 -0.003762295 0.999922812 0.011846749 -1.857351065 0.005803037 -0.011824802 0.999913275 62.823791504
0.999969721 0.005634615 -0.005375832 1.045220137 -0.005571375 0.999915957 0.011707133 -1.820306063 0.005441345 -0.011676827 0.999916971 63.133373260
0.999968708 0.005242626 -0.005936057 1.103371620 -0.005169744 0.999911904 0.012227352 -1.873848319 0.005999637 -0.012196280 0.999907613 63.813159943
0.999964178 0.006322963 -0.005631389 1.163666487 -0.006260144 0.999918818 0.011103729 -1.796214700 0.005701140 -0.011068078 0.999922514 64.265167236
0.999972343 0.004160434 -0.006153272 1.064986944 -0.004094119 0.999933779 0.010750627 -1.768373013 0.006197592 -0.010725138 0.999923289 64.159133911
0.999973595 0.003745235 -0.006229706 1.080727816 -0.003684546 0.999945939 0.009724860 -1.778970003 0.006265790 -0.009701649 0.999933302 64.687644958
0.999973059 0.004412707 -0.005863525 1.071348071 -0.004356019 0.999943972 0.009645801 -1.777681231 0.005905761 -0.009620000 0.999936283 65.253059387
0.999971092 0.004862411 -0.005845640 1.129532695 -0.004796326 0.999925017 0.011266491 -1.842342377 0.005899984 -0.011238129 0.999919415 65.400367737
0.999966979 0.005498104 -0.005989227 1.180377245 -0.005428467 0.999918222 0.011581860 -1.878670335 0.006052415 -0.011548966 0.999915004 65.744056702
0.999964654 0.006078848 -0.005824478 1.195091724 -0.006008693 0.999910116 0.011987763 -1.900260091 0.005896827 -0.011952342 0.999911189 66.270256042
0.999965131 0.005987903 -0.005810729 1.192527652 -0.005915694 0.999906123 0.012365388 -1.914186835 0.005884227 -0.012330582 0.999906719 66.832267761
0.999968469 0.004869810 -0.006271463 1.174516559 -0.004795369 0.999918461 0.011830596 -1.928102493 0.006328565 -0.011800151 0.999910295 67.490127563
0.999969304 0.004662790 -0.006292799 1.148237944 -0.004590138 0.999923229 0.011510670 -1.952420473 0.006345988 -0.011481432 0.999913931 68.170051575
0.999969006 0.004713507 -0.006305556 1.147035003 -0.004641362 0.999924183 0.011407405 -1.957243085 0.006358847 -0.011377785 0.999915063 68.700073242
0.999969006 0.005141076 -0.005967673 1.177224994 -0.005070514 0.999917746 0.011779598 -1.994037867 0.006027741 -0.011748971 0.999912798 69.116386414
0.999966264 0.005743626 -0.005861139 1.177975059 -0.005671035 0.999907911 0.012327573 -2.025808334 0.005931406 -0.012293920 0.999906838 69.771263123
0.999964595 0.005746138 -0.006137553 1.219611883 -0.005670789 0.999909222 0.012224471 -2.050039291 0.006207239 -0.012189235 0.999906421 70.224868774
0.999962032 0.006018754 -0.006294240 1.235344887 -0.005942472 0.999909520 0.012068619 -2.062637806 0.006366308 -0.012030759 0.999907315 70.765640259
0.999965549 0.005688495 -0.006040265 1.256476879 -0.005612825 0.999906600 0.012471578 -2.058885098 0.006110645 -0.012437248 0.999903977 71.275909424
0.999964476 0.005953229 -0.005968246 1.243514061 -0.005877501 0.999902964 0.012626713 -2.082612991 0.006042838 -0.012591186 0.999902487 71.859191895
0.999965250 0.006208000 -0.005574244 1.248914480 -0.006136158 0.999899089 0.012814174 -2.096588135 0.005653231 -0.012779525 0.999902427 72.407417297
0.999964118 0.006126222 -0.005846705 1.271296859 -0.006052563 0.999903142 0.012534203 -2.106363773 0.005922926 -0.012498365 0.999904275 72.971389771
0.999965906 0.006072049 -0.005593706 1.289537907 -0.006002229 0.999904871 0.012415126 -2.119019032 0.005668560 -0.012381129 0.999907255 73.536979675
0.999967039 0.005807498 -0.005659877 1.310885191 -0.005736080 0.999904692 0.012553670 -2.134523869 0.005732243 -0.012520791 0.999905169 74.055580139
0.999965370 0.006236989 -0.005500942 1.321454406 -0.006166628 0.999900281 0.012715930 -2.186992168 0.005579703 -0.012681569 0.999903977 74.671066284
0.999966741 0.005949189 -0.005575992 1.325983047 -0.005880221 0.999907017 0.012304493 -2.147015572 0.005648675 -0.012271294 0.999908745 75.143684387
0.999960005 0.006882211 -0.005716078 1.350075603 -0.006808006 0.999893546 0.012901499 -2.210876465 0.005804260 -0.012862069 0.999900460 75.760971069
0.999960482 0.006739063 -0.005793077 1.365687966 -0.006664373 0.999895632 0.012817232 -2.228698730 0.005878849 -0.012778120 0.999901056 76.315025330
0.999961853 0.006719346 -0.005604607 1.373799682 -0.006645304 0.999891758 0.013126768 -2.237990856 0.005692203 -0.013089020 0.999898076 76.855384827
0.999959052 0.007026379 -0.005704524 1.381912708 -0.006950695 0.999888897 0.013180433 -2.248882532 0.005796501 -0.013140243 0.999896884 77.419677734
0.999960661 0.007104585 -0.005308423 1.387828469 -0.007037679 0.999896824 0.012518083 -2.253299236 0.005396811 -0.012480233 0.999907553 78.005699158
0.999970555 0.006396731 -0.004237820 1.401029587 -0.006342071 0.999898136 0.012788393 -2.266952991 0.004319193 -0.012761141 0.999909222 78.576591492
0.999963701 0.008190136 -0.002350668 1.396600723 -0.008159910 0.999887407 0.012592497 -2.280038118 0.002453538 -0.012572858 0.999917865 79.170349121
0.999968708 0.007793152 -0.001378993 1.421440125 -0.007775740 0.999895215 0.012212735 -2.281244755 0.001474024 -0.012201630 0.999924481 79.779441833
0.999968708 0.007908476 -0.000073173 1.420311570 -0.007906967 0.999892175 0.012368498 -2.299067259 0.000170981 -0.012367533 0.999923468 80.348304749
0.999961913 0.008141268 0.003147812 1.455293059 -0.008179653 0.999889910 0.012379698 -2.311855555 -0.003046679 -0.012404975 0.999918342 80.949272156
0.999943554 0.008329405 0.006583870 1.476181984 -0.008412750 0.999883473 0.012734325 -2.325889587 -0.006477033 -0.012788993 0.999897182 81.478065491
0.999921858 0.008204426 0.009430761 1.491754174 -0.008318454 0.999891996 0.012116328 -2.343265057 -0.009330335 -0.012193831 0.999882102 82.027656555
0.999881566 0.008130701 0.013065539 1.526458740 -0.008287471 0.999893785 0.011989763 -2.355516911 -0.012966668 -0.012096622 0.999842763 82.555900574
0.999800682 0.007937819 0.018318791 1.565764308 -0.008166309 0.999889374 0.012432073 -2.379031181 -0.018218083 -0.012579191 0.999754846 83.022834778
0.999656975 0.008261926 0.024854325 1.589407444 -0.008568493 0.999888241 0.012253543 -2.389768600 -0.024750305 -0.012462305 0.999615967 83.534027100
0.999452531 0.008267031 0.032036103 1.577487230 -0.008639571 0.999896467 0.011507888 -2.341721535 -0.031937651 -0.011778368 0.999420464 84.508583069
0.999221683 0.006686599 0.038876154 1.632818937 -0.007127083 0.999911845 0.011202889 -2.307477236 -0.038797814 -0.011471240 0.999181271 84.869041443
0.998785555 0.008479316 0.048533894 1.685768843 -0.009048467 0.999892712 0.011519239 -2.375278950 -0.048431005 -0.011944409 0.998755097 85.612136841
0.998439848 0.007873478 0.055279933 1.746149063 -0.008545503 0.999892294 0.011930872 -2.388653755 -0.055180047 -0.012384656 0.998399556 86.210212708
0.997901499 0.008316506 0.064213552 1.812927485 -0.009084338 0.999890506 0.011674800 -2.413078785 -0.064109437 -0.012233639 0.997867882 86.718269348
0.997204304 0.008373408 0.074253015 1.878497124 -0.009253191 0.999890924 0.011512360 -2.428459644 -0.074148498 -0.012167250 0.997173011 87.254211426
0.996500254 0.008247569 0.083181918 1.937502861 -0.009261725 0.999887228 0.011813511 -2.437085629 -0.083075114 -0.012542575 0.996464372 87.798446655
0.995837867 0.007997058 0.090790719 2.021421432 -0.009089403 0.999891102 0.011624360 -2.463010788 -0.090687856 -0.012401212 0.995802164 88.294219971
0.994846344 0.006911011 0.101159208 2.114075184 -0.008089827 0.999903977 0.011247476 -2.470800161 -0.101071768 -0.012007870 0.994806647 88.816253662
0.993742466 0.006833879 0.111486465 2.203161240 -0.008159383 0.999901295 0.011437453 -2.481288195 -0.111397296 -0.012275546 0.993700147 89.366607666
0.992684007 0.006643064 0.120558523 2.289820671 -0.008004353 0.999909461 0.010810755 -2.494086027 -0.120475814 -0.011696657 0.992647350 89.900581360
0.991321385 0.006046327 0.131321400 2.389584541 -0.007517596 0.999914408 0.010710699 -2.499016523 -0.131245434 -0.011604966 0.991281986 90.440940857
0.989646971 0.006150967 0.143391311 2.491542816 -0.007735905 0.999914885 0.010498337 -2.513900995 -0.143314570 -0.011498906 0.989610374 90.977638245
0.988014579 0.005798729 0.154251456 2.601613998 -0.007478425 0.999918878 0.010311317 -2.529066563 -0.154179126 -0.011341288 0.987977803 91.519577026
0.986477673 0.005547254 0.163801283 2.715021133 -0.007327998 0.999920428 0.010269117 -2.535644054 -0.163731277 -0.011330591 0.986439884 92.074409485
0.984343767 0.005465785 0.176174507 2.839118004 -0.007358715 0.999921978 0.010093092 -2.545978546 -0.176105604 -0.011231489 0.984307230 92.623420715
0.982080936 0.005339601 0.188383758 2.969132423 -0.007361915 0.999922514 0.010037015 -2.560999393 -0.188315555 -0.011244027 0.982044220 93.150062561
0.979995191 0.004895373 0.198960572 3.104968071 -0.007024976 0.999925315 0.009999148 -2.572247267 -0.198896781 -0.011196813 0.979956508 93.689582825
0.977235138 0.004388577 0.212113693 3.248451233 -0.006606908 0.999930620 0.009750581 -2.584788322 -0.212056160 -0.010930027 0.977196336 94.228233337
0.974236250 0.004112439 0.225492358 3.400281906 -0.006434607 0.999933541 0.009564237 -2.591287136 -0.225438043 -0.010768782 0.974197984 94.761001587
0.971666753 0.003367887 0.236330792 3.553989410 -0.005762969 0.999938726 0.009444415 -2.611376286 -0.236284509 -0.010538790 0.971626759 95.278381348
0.968590438 0.002551274 0.248648867 3.738830566 -0.005087879 0.999941349 0.009559452 -2.617241859 -0.248609900 -0.010524286 0.968546510 95.849800110
0.964919031 0.002731514 0.262533933 3.919425964 -0.005391245 0.999941289 0.009411206 -2.632166862 -0.262492806 -0.010496434 0.964876890 96.365043640
0.961481333 0.002085513 0.274862438 4.100101471 -0.004782594 0.999946892 0.009142656 -2.649680138 -0.274828732 -0.010105047 0.961440086 96.882934570
0.958130240 0.001929547 0.286326110 4.286993027 -0.004863243 0.999942720 0.009535226 -2.664982080 -0.286291331 -0.010528462 0.958084762 97.401115417
0.953683197 0.002485680 0.300802588 4.473461151 -0.005581644 0.999939919 0.009433397 -2.674945593 -0.300761074 -0.010675445 0.953639746 97.933097839
0.949283957 0.002026947 0.314413369 4.681386948 -0.005217284 0.999943078 0.009305752 -2.688163996 -0.314376593 -0.010474184 0.949240565 98.444717407
0.945383787 0.001798097 0.325954288 4.887611389 -0.005197433 0.999940932 0.009558330 -2.699979782 -0.325917870 -0.010730414 0.945337176 98.969024658
0.940880179 0.001756850 0.338735044 5.104085922 -0.005298666 0.999940455 0.009531532 -2.717442513 -0.338698149 -0.010762873 0.940833509 99.491477966
0.935549140 0.001567832 0.353193074 5.321279526 -0.005422042 0.999936044 0.009923343 -2.732392311 -0.353154898 -0.011198802 0.935497761 100.006828308
0.930817068 0.001310166 0.365483075 5.546255112 -0.005194954 0.999939978 0.009646044 -2.742492199 -0.365448475 -0.010877370 0.930767953 100.518051147
0.926106632 0.001236764 0.377259851 5.767660141 -0.005148891 0.999942839 0.009361527 -2.754929781 -0.377226770 -0.010612242 0.926060081 101.023124695
0.920409858 0.000868097 0.390953809 6.014226913 -0.004862643 0.999945521 0.009227620 -2.761331320 -0.390924543 -0.010394264 0.920364022 101.526939392
0.915004790 0.000024939 0.403442949 6.259819031 -0.004047840 0.999950230 0.009118649 -2.771753788 -0.403422624 -0.009976682 0.914959371 102.014808655
0.910364330 -0.000925761 0.413806587 6.515830994 -0.003039463 0.999955475 0.008923829 -2.783321619 -0.413796484 -0.009381684 0.910321057 102.512702942
0.904912949 -0.001405782 0.425594389 6.778976440 -0.002666986 0.999956191 0.008973594 -2.797638655 -0.425588369 -0.009255374 0.904869556 102.996879578
0.898349345 -0.001359383 0.439279556 7.037063599 -0.002777889 0.999957561 0.008775373 -2.808845758 -0.439272851 -0.009103620 0.898307562 103.475265503
0.892522156 -0.001985272 0.450999171 7.312732697 -0.002136271 0.999960482 0.008629423 -2.814607620 -0.450998485 -0.008665407 0.892482638 103.967727661
0.886693656 -0.002761266 0.462349147 7.583744049 -0.001221313 0.999964714 0.008314279 -2.817484617 -0.462355822 -0.007936890 0.886658907 104.455871582
0.879671097 -0.002491426 0.475576013 7.874702454 -0.001613848 0.999964893 0.008223699 -2.838115692 -0.475579739 -0.008001656 0.879636228 104.915626526
