1.000000000 0.000000000 0.000000000 0.000000000 0.000000000 1.000000000 0.000000000 0.000000000 0.000000000 0.000000000 1.000000000 0.000000000
1.000000000 0.000118447 0.000132228 -0.000692218 -0.000118454 1.000000000 0.000051412 -0.000146268 -0.000132222 -0.000051427 1.000000000 -0.000177073
0.999999940 0.000201294 0.000171647 -0.000790905 -0.000201310 1.000000000 0.000095161 -0.000373626 -0.000171628 -0.000095196 1.000000000 -0.000659137
1.000000000 0.000184454 -0.000000561 0.000113912 -0.000184454 1.000000000 0.000145577 -0.001118060 0.000000588 -0.000145577 1.000000000 -0.000342760
0.999999940 0.000216526 0.000165809 -0.001677351 -0.000216534 1.000000000 0.000045295 0.000458920 -0.000165799 -0.000045331 1.000000000 0.000616850
1.000000000 0.000064473 0.000007060 -0.000558014 -0.000064473 1.000000000 0.000076286 -0.000195385 -0.000007055 -0.000076287 1.000000000 -0.000478572
1.000000000 0.000114709 0.000150289 -0.002441818 -0.000114704 1.000000000 -0.000037620 0.001473852 -0.000150294 0.000037602 1.000000000 0.003732775
1.000000000 -0.000051716 0.000167129 -0.000990383 0.000051694 1.000000000 0.000136832 0.000192669 -0.000167136 -0.000136823 1.000000000 0.001747909
1.000000000 0.000006081 0.000142035 -0.001301887 -0.000006070 1.000000000 -0.000075982 0.001743823 -0.000142035 0.000075981 1.000000000 0.002553207
1.000000000 -0.000051033 0.000177469 -0.001091665 0.000051035 1.000000000 -0.000012002 0.000638638 -0.000177468 0.000012011 1.000000000 0.000724077
1.000000000 -0.000103265 0.000217432 -0.001267945 0.000103275 1.000000000 -0.000043649 0.001926953 -0.000217427 0.000043672 1.000000000 0.002428181
1.000000000 0.000123696 0.000118210 -0.000746369 -0.000123701 1.000000000 0.000042301 0.000002473 -0.000118205 -0.000042315 1.000000000 0.000605598
1.000000000 0.000077548 0.000156938 -0.000947749 -0.000077551 1.000000000 0.000019629 0.000830750 -0.000156936 -0.000019642 1.000000000 0.002700479
0.999999940 -0.000024337 0.000266431 -0.002653371 0.000024296 1.000000000 0.000151795 0.001027648 -0.000266435 -0.000151789 0.999999940 0.004292463
1.000000000 0.000037128 0.000180347 -0.002217470 -0.000037142 1.000000000 0.000076008 0.001080770 -0.000180344 -0.000076015 1.000000000 0.003564510
1.000000000 0.000069783 0.000082585 -0.000860695 -0.000069792 1.000000000 0.000117747 -0.000140406 -0.000082576 -0.000117753 1.000000000 0.001373241
1.000000000 -0.000010235 0.000146648 -0.001939386 0.000010218 1.000000000 0.000117048 0.000377194 -0.000146649 -0.000117046 1.000000000 0.002476894
0.999999881 0.000219551 0.000428617 -0.003826940 -0.000219580 1.000000000 0.000068567 0.001191919 -0.000428602 -0.000068661 0.999999881 0.004476057
0.999999940 0.000273499 0.000285129 -0.003249378 -0.000273509 0.999999940 0.000033575 0.000997460 -0.000285120 -0.000033653 0.999999940 0.003505881
0.999999940 0.000240565 0.000243095 -0.002457457 -0.000240595 0.999999940 0.000123364 0.000340368 -0.000243066 -0.000123422 0.999999940 0.003529092
0.999999881 0.000329177 0.000277711 -0.002868036 -0.000329231 0.999999940 0.000197437 0.000436138 -0.000277646 -0.000197528 0.999999940 0.003815704
0.999999821 0.000447116 0.000324813 -0.003426802 -0.000447143 0.999999881 0.000083243 0.000703666 -0.000324775 -0.000083388 0.999999940 0.003750539
0.999999940 0.000141047 0.000225297 -0.002426501 -0.000141072 1.000000000 0.000111055 0.000878624 -0.000225282 -0.000111086 0.999999940 0.003154799
0.999999940 0.000197976 0.000333275 -0.001929148 -0.000198010 1.000000000 0.000102003 0.000079380 -0.000333255 -0.000102069 0.999999940 0.002215223
0.999999940 0.000203116 0.000289400 -0.002505008 -0.000203102 1.000000000 -0.000048664 0.000876329 -0.000289410 0.000048605 0.999999940 0.000772139
1.000000000 0.000073622 0.000221981 -0.001431315 -0.000073617 1.000000000 -0.000022537 0.001842642 -0.000221983 0.000022521 1.000000000 0.003419424
0.999999940 0.000036820 0.000251766 -0.002263975 -0.000036819 1.000000000 -0.000002360 0.001313531 -0.000251766 0.000002351 0.999999940 0.002477103
0.999999940 0.000145951 0.000260471 -0.002334103 -0.000145925 1.000000000 -0.000102123 0.002076628 -0.000260486 0.000102085 0.999999940 0.004350266
0.999999940 0.000225601 0.000344513 -0.004065211 -0.000225549 0.999999940 -0.000151518 0.002974184 -0.000344547 0.000151441 0.999999940 0.004226900
0.999999940 0.000219460 0.000357454 -0.003738469 -0.000219485 1.000000000 0.000069537 0.001156183 -0.000357439 -0.000069616 0.999999940 0.002397645
0.999999881 0.000300853 0.000328168 -0.003744613 -0.000300896 0.999999940 0.000129165 0.000367305 -0.000328129 -0.000129264 0.999999940 0.002928412
0.999999940 0.000128699 0.000237644 -0.001446425 -0.000128727 1.000000000 0.000119193 0.000483793 -0.000237629 -0.000119224 0.999999940 0.001780911
0.999999881 0.000376935 0.000389426 -0.004241798 -0.000376947 0.999999940 0.000029506 0.002242915 -0.000389414 -0.000029653 0.999999940 0.004597122
0.999999821 0.000374932 0.000442835 -0.003418082 -0.000374956 0.999999940 0.000054854 0.001268560 -0.000442814 -0.000055020 0.999999881 0.003325091
0.999999940 0.000261265 0.000253228 -0.000976880 -0.000261306 0.999999940 0.000158826 -0.000186164 -0.000253187 -0.000158892 0.999999940 0.000805704
0.999999821 0.000495038 0.000379015 -0.003875144 -0.000495039 0.999999881 0.000000280 0.003026673 -0.000379015 -0.000000468 0.999999940 0.005984079
0.999999881 0.000326173 0.000348179 -0.003849479 -0.000326167 0.999999940 -0.000015758 0.004179169 -0.000348184 0.000015644 0.999999940 0.007520148
0.999999940 -0.000055521 0.000262594 -0.001265138 0.000055493 1.000000000 0.000108064 0.000992992 -0.000262600 -0.000108049 0.999999940 0.002559667
0.999999881 0.000312212 0.000392732 -0.003728538 -0.000312247 0.999999940 0.000088463 0.002448132 -0.000392705 -0.000088586 0.999999940 0.005969512
0.999999940 0.000117228 0.000259548 -0.001447754 -0.000117257 1.000000000 0.000114529 0.001273746 -0.000259535 -0.000114559 0.999999940 0.002729680
0.999999881 0.000151664 0.000489420 -0.003158258 -0.000151683 1.000000000 0.000039802 0.001619477 -0.000489414 -0.000039876 0.999999881 0.005306419
0.999999940 -0.000034845 0.000301313 -0.000583746 0.000035094 0.999999642 -0.000826529 0.000847919 -0.000301285 0.000826540 0.999999642 0.053019706
0.999999881 0.000336747 0.000420117 -0.001543670 -0.000336295 0.999999344 -0.001075576 -0.006031969 -0.000420479 0.001075435 0.999999344 0.130099431
0.999999940 0.000250674 0.000115038 0.002458513 -0.000250479 0.999998510 -0.001697438 -0.002701930 -0.000115463 0.001697409 0.999998569 0.256599337
0.999999940 0.000374623 0.000157693 0.005416912 -0.000374423 0.999999106 -0.001271574 -0.011532263 -0.000158169 0.001271515 0.999999166 0.385350704
1.000000000 0.000138772 0.000172795 0.008404577 -0.000138588 0.999999404 -0.001067412 -0.015996974 -0.000172943 0.001067388 0.999999404 0.524966240
0.999999940 0.000382578 0.000120389 0.013025726 -0.000382477 0.999999583 -0.000830183 -0.025281107 -0.000120707 0.000830137 0.999999642 0.667640030
0.999999821 0.000441902 0.000354773 0.016158063 -0.000441627 0.999999583 -0.000773931 -0.027335081 -0.000355115 0.000773774 0.999999642 0.835363925
0.999999940 -0.000127194 -0.000162574 0.023965761 0.000126949 0.999998808 -0.001505018 -0.026727993 0.000162765 0.001504997 0.999998868 1.005683661
0.999999940 -0.000152715 -0.000113835 0.027893100 0.000152583 0.999999344 -0.001161828 -0.033465210 0.000114012 0.001161811 0.999999344 1.183964014
1.000000000 0.000031858 -0.000218592 0.031733498 -0.000032173 0.999998927 -0.001440392 -0.035809074 0.000218545 0.001440399 0.999998927 1.369492888
0.999999940 0.000271585 -0.000259812 0.035857748 -0.000271940 0.999999106 -0.001367010 -0.040341444 0.000259441 0.001367081 0.999999046 1.558152318
1.000000000 0.000276576 -0.000010017 0.037650269 -0.000276588 0.999999285 -0.001201896 -0.046066221 0.000009685 0.001201899 0.999999344 1.757967472
1.000000000 0.000222571 -0.000296599 0.046578597 -0.000222921 0.999999344 -0.001178127 -0.054308649 0.000296337 0.001178193 0.999999285 1.956013680
0.999999940 0.000067113 -0.000039226 0.044015143 -0.000067162 0.999999166 -0.001234034 -0.056087833 0.000039144 0.001234036 0.999999225 2.176375628
0.999999881 0.000473331 0.000158722 0.046679802 -0.000473144 0.999999225 -0.001178456 -0.063476250 -0.000159280 0.001178380 0.999999285 2.392230511
0.999999940 0.000423620 -0.000056906 0.054449759 -0.000423684 0.999999285 -0.001139868 -0.070609123 0.000056423 0.001139892 0.999999344 2.612743616
0.999999881 0.000513847 0.000013942 0.056592178 -0.000513831 0.999999225 -0.001104025 -0.074970663 -0.000014509 0.001104018 0.999999344 2.847568989
0.999999940 0.000323299 -0.000044090 0.062555425 -0.000323341 0.999999464 -0.000955875 -0.084180184 0.000043781 0.000955889 0.999999523 3.080021143
0.999999642 0.000258023 -0.000749739 0.076722957 -0.000258836 0.999999344 -0.001085143 -0.090409532 0.000749458 0.001085337 0.999999106 3.320895672
0.999999881 0.000450978 -0.000036159 0.074238993 -0.000451013 0.999999404 -0.000981599 -0.098379716 0.000035716 0.000981615 0.999999523 3.559961557
0.999999881 0.000482614 -0.000357609 0.085540108 -0.000482997 0.999999285 -0.001071620 -0.106398329 0.000357092 0.001071793 0.999999404 3.823011875
1.000000119 -0.000070100 -0.000029311 0.085302792 0.000070071 0.999999464 -0.000992986 -0.112970389 0.000029380 0.000992984 0.999999464 4.084570885
0.999999881 0.000518456 -0.000095524 0.087592371 -0.000518542 0.999999464 -0.000910089 -0.117043793 0.000095052 0.000910139 0.999999523 4.339033604
0.999999940 0.000145218 -0.000144810 0.095173709 -0.000145360 0.999999464 -0.000982403 -0.122994937 0.000144667 0.000982424 0.999999523 4.597928524
1.000000000 0.000299823 0.000037861 0.100761414 -0.000299787 0.999999583 -0.000938676 -0.131772950 -0.000038143 0.000938665 0.999999583 4.857310295
0.999999940 0.000318968 0.000170789 0.103944868 -0.000318842 0.999999762 -0.000738871 -0.136751771 -0.000171024 0.000738816 0.999999702 5.118994713
1.000000000 -0.000106823 0.000042065 0.111700140 0.000106867 0.999999464 -0.001044358 -0.144301400 -0.000041954 0.001044363 0.999999464 5.380013466
0.999999821 0.000402111 0.000223121 0.109733157 -0.000401949 0.999999642 -0.000724348 -0.161190450 -0.000223412 0.000724259 0.999999702 5.646985054
0.999999881 0.000100435 0.000145940 0.114647821 -0.000100319 0.999999642 -0.000794072 -0.166914418 -0.000146019 0.000794058 0.999999642 5.917697906
0.999999940 0.000045017 0.000106117 0.125228241 -0.000044922 0.999999583 -0.000893734 -0.176522136 -0.000106157 0.000893729 0.999999583 6.194808483
0.999999702 0.000711524 0.000299623 0.125170797 -0.000711378 0.999999642 -0.000487468 -0.190505564 -0.000299970 0.000487255 0.999999821 6.475106239
0.999999702 0.000724387 0.000396538 0.127739355 -0.000724106 0.999999464 -0.000707524 -0.197695002 -0.000397050 0.000707237 0.999999702 6.765420914
0.999999523 0.000761135 0.000502962 0.138996452 -0.000760776 0.999999404 -0.000713497 -0.204100683 -0.000503505 0.000713114 0.999999583 7.057393074
0.999999881 0.000489689 0.000155589 0.146423861 -0.000489621 0.999999702 -0.000432043 -0.220290020 -0.000155801 0.000431966 0.999999881 7.360713005
0.999999881 0.000227622 0.000349122 0.151498407 -0.000227381 0.999999702 -0.000691309 -0.226807639 -0.000349279 0.000691230 0.999999702 7.680500507
0.999999762 0.000616013 0.000285673 0.157132536 -0.000615829 0.999999523 -0.000643155 -0.237781137 -0.000286069 0.000642979 0.999999702 7.998696327
0.999999762 0.000609823 0.000401816 0.163832873 -0.000609744 0.999999821 -0.000195411 -0.251620084 -0.000401935 0.000195166 0.999999881 8.307634354
0.999999285 0.000993255 0.000701040 0.167802542 -0.000992870 0.999999464 -0.000549089 -0.259101480 -0.000701585 0.000548392 0.999999583 8.637939453
0.999999225 0.000903575 0.000786005 0.175347015 -0.000903579 0.999999642 0.000004582 -0.272455394 -0.000786001 -0.000005293 0.999999642 8.970765114
0.999998391 0.001410947 0.001141992 0.176586986 -0.001410843 0.999999046 -0.000091749 -0.281651139 -0.001142121 0.000090138 0.999999344 9.299280167
0.999999344 0.000878936 0.000696130 0.185146108 -0.000879151 0.999999523 0.000309387 -0.300722510 -0.000695858 -0.000309999 0.999999642 9.642323494
0.999999344 0.000698908 0.000988176 0.192360669 -0.000698985 0.999999821 0.000077175 -0.307670444 -0.000988122 -0.000077866 0.999999523 9.989874840
0.999999523 0.000702205 0.000702727 0.202374533 -0.000702541 0.999999702 0.000478424 -0.322465926 -0.000702391 -0.000478918 0.999999642 10.348204613
0.999999285 0.000946910 0.000867464 0.200567633 -0.000947379 0.999999404 0.000540867 -0.333298475 -0.000866951 -0.000541688 0.999999464 10.709950447
0.999998927 0.000984882 0.001087992 0.207401842 -0.000985388 0.999999404 0.000464839 -0.341590315 -0.001087533 -0.000465911 0.999999285 11.080560684
0.999999046 0.000972659 0.000987042 0.215242937 -0.000973137 0.999999404 0.000483475 -0.355171770 -0.000986572 -0.000484435 0.999999404 11.449751854
0.999998748 0.001059434 0.001103895 0.222842976 -0.001060107 0.999999225 0.000609550 -0.365115732 -0.001103248 -0.000610720 0.999999166 11.828720093
0.999998927 0.000839313 0.001180080 0.230871856 -0.000839710 0.999999583 0.000336027 -0.374687552 -0.001179797 -0.000337017 0.999999225 12.213533401
0.999998510 0.001263354 0.001191374 0.239226475 -0.001263557 0.999999106 0.000169739 -0.385459393 -0.001191159 -0.000171244 0.999999285 12.604089737
0.999998212 0.001374733 0.001308691 0.243309885 -0.001374956 0.999998987 0.000169719 -0.393711686 -0.001308456 -0.000171519 0.999999046 13.006823540
0.999998391 0.001300138 0.001250130 0.253609478 -0.001300443 0.999999106 0.000243568 -0.407259941 -0.001249811 -0.000245193 0.999999166 13.399510384
0.999998808 0.000886317 0.001320273 0.264919192 -0.000886802 0.999999523 0.000367322 -0.418066919 -0.001319947 -0.000368492 0.999999046 13.808974266
0.999997556 0.001338993 0.001757643 0.268788666 -0.001339758 0.999998987 0.000433831 -0.429472595 -0.001757062 -0.000436185 0.999998331 14.229362488
0.999996662 0.001551836 0.002109620 0.278377593 -0.001552567 0.999998748 0.000344608 -0.441417634 -0.002109083 -0.000347882 0.999997735 14.656752586
0.999997795 0.000852381 0.001910004 0.290034205 -0.000853747 0.999999344 0.000714427 -0.457157552 -0.001909394 -0.000716056 0.999997914 15.085165024
0.999997616 0.000849621 0.001984333 0.302595645 -0.000851105 0.999999344 0.000747208 -0.468471318 -0.001983697 -0.000748895 0.999997735 15.523067474
0.999996781 0.000910539 0.002365987 0.312797934 -0.000912400 0.999999285 0.000785589 -0.481972039 -0.002365269 -0.000787746 0.999996901 15.963427544
0.999996841 0.000603197 0.002439799 0.325132072 -0.000605787 0.999999225 0.001060950 -0.495990634 -0.002439158 -0.001062425 0.999996483 16.403118134
0.999995410 0.000986334 0.002870420 0.332766324 -0.000988617 0.999999225 0.000794338 -0.508547544 -0.002869636 -0.000797172 0.999995589 16.852621078
0.999994397 0.001043183 0.003162376 0.342946649 -0.001046020 0.999998987 0.000895644 -0.520986497 -0.003161439 -0.000898946 0.999994576 17.309099197
0.999993503 0.000916681 0.003489698 0.352360725 -0.000920698 0.999998927 0.001149897 -0.533359170 -0.003488641 -0.001153102 0.999993205 17.774452209
0.999991775 0.000913280 0.003944806 0.362715065 -0.000916997 0.999999106 0.000940609 -0.542321503 -0.003943943 -0.000944218 0.999991775 18.241558075
0.999991894 0.000199880 0.004009687 0.376564443 -0.000204218 0.999999404 0.001081567 -0.555675328 -0.004009468 -0.001082377 0.999991357 18.715810776
0.999991834 0.001311939 0.003800232 0.391803026 -0.001315155 0.999998808 0.000843835 -0.566861987 -0.003799121 -0.000848826 0.999992430 19.184944153
0.999990940 0.001226566 0.004074934 0.406301379 -0.001231791 0.999998510 0.001279991 -0.581928253 -0.004073359 -0.001284999 0.999990880 19.663434982
0.999989927 0.001104178 0.004338631 0.419404238 -0.001112745 0.999997377 0.001972811 -0.602599144 -0.004336442 -0.001977619 0.999988735 20.128025055
0.999988437 0.002143882 0.004303985 0.430154175 -0.002151732 0.999996066 0.001820346 -0.618803740 -0.004300066 -0.001829586 0.999989092 20.629226685
0.999992192 0.001963033 0.003410222 0.441432476 -0.001966573 0.999997556 0.001035118 -0.624064088 -0.003408182 -0.001041816 0.999993622 21.149597168
0.999994040 0.001642189 0.003032340 0.447599292 -0.001642885 0.999998629 0.000227031 -0.626095831 -0.003031963 -0.000232012 0.999995410 21.664621353
0.999993086 0.001950666 0.003147912 0.453696668 -0.001953349 0.999997735 0.000849316 -0.646553993 -0.003146248 -0.000855459 0.999994636 22.156631470
0.999994636 0.002141501 0.002480961 0.461612314 -0.002145681 0.999996245 0.001683213 -0.668704689 -0.002477346 -0.001688527 0.999995470 22.656997681
0.999995708 0.002159884 0.001960804 0.473482221 -0.002162727 0.999996603 0.001448723 -0.682252765 -0.001957668 -0.001452957 0.999997020 23.176633835
0.999996662 0.002220080 0.001303090 0.482745081 -0.002221807 0.999996603 0.001325031 -0.697620749 -0.001300144 -0.001327922 0.999998271 23.710443497
0.999998987 0.001239514 0.000852274 0.491004974 -0.001239844 0.999999166 0.000385955 -0.703121006 -0.000851795 -0.000387011 0.999999583 24.241613388
0.999998152 0.001889850 0.000387902 0.498855740 -0.001890292 0.999997556 0.001142344 -0.721687496 -0.000385742 -0.001143075 0.999999344 24.772964478
0.999997079 0.002350854 -0.000564147 0.513306320 -0.002350198 0.999996483 0.001160048 -0.737180829 0.000566872 -0.001158719 0.999999166 25.312702179
0.999993503 0.003562114 -0.000533845 0.514531791 -0.003561397 0.999992728 0.001336298 -0.751187742 0.000538601 -0.001334388 0.999998987 25.861692429
0.999995410 0.002696039 -0.001332361 0.528591633 -0.002694134 0.999995351 0.001429415 -0.770576954 0.001336209 -0.001425818 0.999998093 26.407188416
0.999995649 0.001667415 -0.002432202 0.548383176 -0.001662717 0.999996781 0.001932188 -0.786049306 0.002435416 -0.001928136 0.999995112 26.944272995
0.999996305 0.001558601 -0.002216299 0.559357584 -0.001553364 0.999996006 0.002362613 -0.805819869 0.002219972 -0.002359161 0.999994755 27.492439270
0.999994040 0.003226379 -0.001232136 0.543709278 -0.003224317 0.999993443 0.001671105 -0.808667064 0.001237520 -0.001667122 0.999997795 28.009344101
0.999991059 0.003468081 -0.002426535 0.555482984 -0.003461658 0.999990463 0.002646009 -0.842265904 0.002435689 -0.002637585 0.999993563 28.572813034
0.999991059 0.003340770 -0.002595741 0.559707046 -0.003335549 0.999992371 0.002013468 -0.853114843 0.002602448 -0.002004792 0.999994636 29.128152847
0.999989271 0.003529255 -0.003003994 0.574156165 -0.003520468 0.999989629 0.002925261 -0.874874532 0.003014287 -0.002914654 0.999991238 29.667535782
0.999988794 0.003513825 -0.003181411 0.577911913 -0.003504843 0.999989867 0.002824154 -0.885755360 0.003191302 -0.002812972 0.999990940 30.214948654
0.999988019 0.003563636 -0.003354431 0.587022305 -0.003554820 0.999990165 0.002630655 -0.900262952 0.003363772 -0.002618700 0.999990940 30.766178131
0.999986827 0.003570046 -0.003677080 0.599406838 -0.003559723 0.999989688 0.002810475 -0.916826487 0.003687075 -0.002797348 0.999989271 31.307790756
0.999985337 0.003776053 -0.003886380 0.605566204 -0.003765629 0.999989271 0.002685796 -0.927697003 0.003896481 -0.002671122 0.999988794 31.859155655
0.999987841 0.003309187 -0.003662883 0.620259464 -0.003297296 0.999989331 0.003247602 -0.950913429 0.003673591 -0.003235485 0.999987960 32.396518707
0.999984503 0.003831250 -0.004032653 0.620631337 -0.003818953 0.999988079 0.003052115 -0.956289530 0.004044298 -0.003036667 0.999987185 32.940658569
0.999978900 0.004441255 -0.004745373 0.632629156 -0.004428195 0.999986470 0.002758874 -0.976124883 0.004757561 -0.002737802 0.999984920 33.477703094
0.999981642 0.004317839 -0.004251606 0.636950076 -0.004305767 0.999986649 0.002844404 -0.982638597 0.004263831 -0.002826046 0.999986887 34.034149170
0.999978006 0.004559547 -0.004823899 0.648301005 -0.004543356 0.999984026 0.003361959 -1.003604531 0.004839151 -0.003339968 0.999982655 34.570701599
0.999981701 0.004173678 -0.004366190 0.649684846 -0.004162293 0.999987841 0.002613298 -1.007614732 0.004377045 -0.002595077 0.999987006 35.127475739
0.999985397 0.004044209 -0.003603254 0.651985407 -0.004035756 0.999989033 0.002350200 -1.022177696 0.003612721 -0.002335624 0.999990702 35.672767639
0.999980211 0.003921197 -0.004916461 0.673112929 -0.003908007 0.999988735 0.002689683 -1.035236120 0.004926953 -0.002670418 0.999984264 36.215538025
0.999980509 0.004176794 -0.004624142 0.678180277 -0.004165813 0.999988437 0.002381696 -1.047239780 0.004634036 -0.002362386 0.999986470 36.768951416
0.999980509 0.003936021 -0.004835501 0.685749412 -0.003922837 0.999988496 0.002732963 -1.062803149 0.004846203 -0.002713942 0.999984562 37.299995422
0.999976993 0.004944471 -0.004629469 0.691755533 -0.004935710 0.999985993 0.001901818 -1.073243737 0.004638808 -0.001878925 0.999987483 37.846363068
0.999979377 0.003990592 -0.005020311 0.701775908 -0.003976711 0.999988258 0.002772325 -1.094764948 0.005031316 -0.002752304 0.999983549 38.390079498
0.999981999 0.004092603 -0.004377904 0.699662685 -0.004079519 0.999987245 0.002993440 -1.109861732 0.004390100 -0.002975526 0.999985933 38.930019379
0.999983191 0.004437324 -0.003720403 0.712290108 -0.004426780 0.999986231 0.002837706 -1.126158357 0.003732947 -0.002821188 0.999988973 39.472286224
0.999973953 0.004288674 -0.005804496 0.739512503 -0.004269927 0.999985635 0.003238246 -1.138556719 0.005818300 -0.003213377 0.999977887 40.035282135
0.999973357 0.004745624 -0.005560757 0.750292122 -0.004727042 0.999983251 0.003350069 -1.160563588 0.005576562 -0.003323693 0.999978960 40.566749573
0.999973714 0.005098285 -0.005173136 0.758756161 -0.005083441 0.999982893 0.002878410 -1.166426659 0.005187723 -0.002852037 0.999982417 41.128917694
0.999969482 0.004961404 -0.006036036 0.761976123 -0.004943390 0.999983251 0.002995915 -1.176567078 0.006050799 -0.002965985 0.999977231 41.680229187
0.999969482 0.004755229 -0.006193532 0.775071383 -0.004738247 0.999984980 0.002753749 -1.190110087 0.006206533 -0.002724318 0.999976993 42.220775604
0.999969423 0.005281936 -0.005750457 0.783045948 -0.005266178 0.999982357 0.002751833 -1.204189658 0.005764891 -0.002721467 0.999979615 42.761234283
0.999966681 0.005003898 -0.006444575 0.787148416 -0.004982447 0.999981940 0.003340104 -1.217739463 0.006461172 -0.003307883 0.999973655 43.320392609
0.999968290 0.005322429 -0.005928867 0.791116357 -0.005305186 0.999981582 0.002920021 -1.231178999 0.005944300 -0.002888474 0.999978125 43.870830536
0.999974012 0.004240268 -0.005840039 0.803873599 -0.004222822 0.999986649 0.002996454 -1.246102214 0.005852666 -0.002971714 0.999978483 44.406925201
0.999969900 0.004924177 -0.005993873 0.799292684 -0.004905128 0.999982893 0.003188708 -1.264166832 0.006009472 -0.003159211 0.999976933 44.966796875
0.999972641 0.005375534 -0.005089091 0.806831479 -0.005359364 0.999980569 0.003185706 -1.275313854 0.005106118 -0.003158344 0.999981940 45.511951447
0.999971151 0.005602094 -0.005125958 0.826019645 -0.005585325 0.999979019 0.003279989 -1.295426130 0.005144225 -0.003251265 0.999981403 46.042476654
0.999970257 0.004403749 -0.006324197 0.828781664 -0.004382364 0.999984622 0.003391211 -1.306628704 0.006339034 -0.003363395 0.999974251 46.609344482
0.999969244 0.005455343 -0.005621831 0.835897326 -0.005435524 0.999978960 0.003534480 -1.321859241 0.005640994 -0.003503813 0.999977946 47.155864716
0.999977171 0.004822260 -0.004747290 0.827322006 -0.004809163 0.999984562 0.002766436 -1.321762085 0.004760558 -0.002743542 0.999984860 47.709152222
0.999971271 0.004757354 -0.005905972 0.836072803 -0.004737921 0.999983311 0.003300105 -1.339107752 0.005921574 -0.003272029 0.999977052 48.250251770
0.999974906 0.004172139 -0.005734674 0.846308470 -0.004154393 0.999986589 0.003102902 -1.348906279 0.005747544 -0.003079000 0.999978721 48.795658112
0.999973416 0.004537849 -0.005723247 0.858468890 -0.004519159 0.999984384 0.003274478 -1.366744399 0.005738017 -0.003248526 0.999978304 49.331916809
0.999969840 0.004496962 -0.006334568 0.869043827 -0.004476048 0.999984503 0.003312020 -1.385518312 0.006349365 -0.003283567 0.999974370 49.891811371
0.999969721 0.005002914 -0.005959845 0.871455133 -0.004978511 0.999979258 0.004102699 -1.401479840 0.005980246 -0.004072904 0.999973774 50.430553436
0.999970675 0.005750935 -0.005052018 0.863334596 -0.005735620 0.999978960 0.003040887 -1.402562499 0.005069400 -0.003011822 0.999982536 50.980884552
0.999967933 0.004775896 -0.006427758 0.890560627 -0.004757155 0.999984324 0.002927672 -1.418932557 0.006441641 -0.002897000 0.999975085 51.537666321
0.999968469 0.004430332 -0.006593393 0.899317861 -0.004412991 0.999986708 0.002642173 -1.431255221 0.006605012 -0.002612993 0.999974787 52.077018738
0.999969780 0.004103258 -0.006592247 0.907320738 -0.004087570 0.999988794 0.002391441 -1.445380569 0.006601986 -0.002364423 0.999975383 52.624031067
0.999974191 0.004240702 -0.005783578 0.903615355 -0.004228305 0.999988675 0.002153875 -1.455293536 0.005792646 -0.002129365 0.999980927 53.172229767
0.999969006 0.004462797 -0.006481426 0.916029930 -0.004445049 0.999986351 0.002749964 -1.476272464 0.006493610 -0.002721068 0.999975204 53.722381592
0.999971271 0.004681407 -0.005961842 0.924306929 -0.004665020 0.999985337 0.002759526 -1.489790916 0.005974673 -0.002731635 0.999978364 54.276374817
0.999969244 0.004861804 -0.006154151 0.924216151 -0.004845978 0.999984920 0.002583680 -1.499892712 0.006166619 -0.002553778 0.999977708 54.829177856
0.999971747 0.005215964 -0.005414681 0.920844913 -0.005205142 0.999984503 0.002010738 -1.511018515 0.005425084 -0.001982497 0.999983311 55.380146027
0.999967515 0.005212495 -0.006139133 0.939764321 -0.005195446 0.999982536 0.002789443 -1.530425429 0.006153565 -0.002757457 0.999977291 55.908744812
0.999968290 0.004658494 -0.006461389 0.947416425 -0.004640916 0.999985516 0.002732832 -1.540779233 0.006474025 -0.002702758 0.999975383 56.455707550
0.999967694 0.004644999 -0.006566608 0.969320059 -0.004627209 0.999985635 0.002721994 -1.559040785 0.006579156 -0.002691520 0.999974728 56.985801697
0.999968052 0.004741976 -0.006432925 0.967398167 -0.004726301 0.999985814 0.002449531 -1.565620065 0.006444449 -0.002419049 0.999976337 57.551628113
0.999965191 0.005863911 -0.005935024 0.970327020 -0.005845525 0.999978125 0.003110748 -1.589366436 0.005953135 -0.003075947 0.999977589 58.093208313
0.999965608 0.005277923 -0.006399550 0.986900449 -0.005261395 0.999982774 0.002596763 -1.599353313 0.006413145 -0.002563003 0.999976218 58.637462616
0.999969542 0.004784517 -0.006170259 0.981238484 -0.004769294 0.999985576 0.002479996 -1.610044479 0.006182035 -0.002450493 0.999977827 59.184879303
0.999969721 0.004598349 -0.006273954 0.990705192 -0.004584721 0.999987125 0.002185040 -1.623756647 0.006283921 -0.002156210 0.999977887 59.731395721
0.999971151 0.004933472 -0.005782365 0.997146130 -0.004919302 0.999984920 0.002462188 -1.642553449 0.005794425 -0.002433672 0.999980211 60.271408081
0.999966145 0.005565069 -0.006065810 0.998443246 -0.005552257 0.999982238 0.002127029 -1.646853805 0.006077540 -0.002093278 0.999979317 60.822330475
0.999970257 0.005483465 -0.005427625 1.007063389 -0.005469764 0.999981821 0.002536104 -1.667724848 0.005441434 -0.002506341 0.999981999 61.369110107
0.999968827 0.005420528 -0.005745825 1.013633728 -0.005409415 0.999983430 0.001948088 -1.670588493 0.005756291 -0.001916946 0.999981523 61.924858093
0.999966264 0.005630703 -0.005985096 1.017286062 -0.005620382 0.999982715 0.001739979 -1.683605194 0.005994789 -0.001706282 0.999980569 62.454586029
0.999968827 0.005655623 -0.005526076 1.025081754 -0.005643918 0.999981821 0.002131506 -1.704011202 0.005538031 -0.002100250 0.999982476 62.995891571
0.999968767 0.005940151 -0.005207543 1.025319815 -0.005926439 0.999978960 0.002644555 -1.717201114 0.005223142 -0.002613611 0.999982953 63.546241760
0.999969840 0.005590948 -0.005395582 1.023077965 -0.005581387 0.999982834 0.001785403 -1.723768473 0.005405471 -0.001755235 0.999983847 64.098083496
0.999971569 0.005663066 -0.005002945 1.023359776 -0.005657644 0.999983490 0.001097141 -1.732595563 0.005009075 -0.001068804 0.999986887 64.645919800
0.999969304 0.006014796 -0.005036966 1.036509275 -0.006006453 0.999980628 0.001669944 -1.745683789 0.005046912 -0.001639639 0.999985933 65.180465698
0.999970734 0.005376641 -0.005433707 1.045655966 -0.005368334 0.999984324 0.001541804 -1.761737704 0.005441911 -0.001512589 0.999984026 65.712562561
0.999974668 0.005190317 -0.004877411 1.053479314 -0.005185115 0.999985993 0.001078294 -1.771646857 0.004882940 -0.001052977 0.999987483 66.268547058
0.999975145 0.005301965 -0.004654690 1.055720806 -0.005295999 0.999985158 0.001293459 -1.786948442 0.004661479 -0.001268775 0.999988258 66.822410583
0.999970853 0.005541227 -0.005241238 1.071613550 -0.005531713 0.999983072 0.001827946 -1.806439996 0.005251278 -0.001798900 0.999984562 67.364372253
0.999972105 0.005528278 -0.005041928 1.066390753 -0.005516729 0.999982119 0.002301770 -1.833900690 0.005054563 -0.002273891 0.999984622 67.886360168
0.999970019 0.005708171 -0.005228914 1.078412294 -0.005696539 0.999981225 0.002236587 -1.852637887 0.005241583 -0.002206733 0.999983847 68.421356201
0.999970734 0.005905472 -0.004858039 1.084943891 -0.005895377 0.999980390 0.002089448 -1.866685748 0.004870283 -0.002060747 0.999985933 68.971435547
0.999971628 0.005927409 -0.004651491 1.075590491 -0.005918964 0.999980807 0.001827252 -1.871554017 0.004662232 -0.001799669 0.999987483 69.517166138
0.999971151 0.006125307 -0.004495909 1.086411953 -0.006116629 0.999979317 0.001941212 -1.884930015 0.004507707 -0.001913657 0.999988019 70.068359375
0.999970198 0.006454220 -0.004244377 1.095527172 -0.006443985 0.999976277 0.002420542 -1.907905340 0.004259899 -0.002393120 0.999988079 70.616134644
0.999972761 0.006195094 -0.003995211 1.084372520 -0.006188838 0.999979615 0.001576263 -1.912185669 0.004004895 -0.001551495 0.999990761 71.154037476
0.999975324 0.005908110 -0.003787922 1.099674940 -0.005903556 0.999981940 0.001212256 -1.926482439 0.003795016 -0.001189864 0.999992132 71.705764771
0.999970555 0.006558960 -0.003958687 1.105592728 -0.006551742 0.999976814 0.001833677 -1.943769217 0.003970623 -0.001807687 0.999990463 72.246849060
0.999971569 0.006711854 -0.003418863 1.098659158 -0.006705108 0.999975562 0.001980878 -1.965688944 0.003432075 -0.001957898 0.999992132 72.778160095
0.999973893 0.006425646 -0.003299495 1.110283852 -0.006419645 0.999977708 0.001826013 -1.981723070 0.003311155 -0.001804784 0.999992847 73.323448181
0.999975622 0.006122466 -0.003347473 1.115271091 -0.006115616 0.999979198 0.002052570 -1.997282982 0.003359970 -0.002032049 0.999992311 73.872276306
0.999972939 0.006376301 -0.003663677 1.125550032 -0.006368381 0.999977291 0.002169304 -2.009635925 0.003677426 -0.002145914 0.999990940 74.402381897
0.999972761 0.006375090 -0.003707830 1.137348175 -0.006365709 0.999976456 0.002536332 -2.024812460 0.003723913 -0.002512660 0.999989867 74.939872742
0.999971569 0.006576055 -0.003705658 1.146274090 -0.006564410 0.999973476 0.003145350 -2.045347691 0.003726244 -0.003120936 0.999988139 75.474014282
0.999974370 0.006240775 -0.003515211 1.148841977 -0.006232721 0.999977946 0.002297672 -2.050028086 0.003529473 -0.002275704 0.999991179 76.031036377
0.999968529 0.006941838 -0.003840122 1.159768939 -0.006933554 0.999973595 0.002166699 -2.063843966 0.003855061 -0.002140006 0.999990284 76.574623108
0.999974251 0.006107074 -0.003775113 1.173903108 -0.006097337 0.999978006 0.002585304 -2.086360693 0.003790818 -0.002562220 0.999989569 77.113754272
0.999977946 0.005679117 -0.003441865 1.174413562 -0.005671672 0.999981582 0.002168991 -2.090303183 0.003454119 -0.002149421 0.999991715 77.659523010
0.999975145 0.005857248 -0.003925391 1.185699582 -0.005846446 0.999979138 0.002757847 -2.111706257 0.003941462 -0.002734829 0.999988496 78.200233459
0.999974072 0.006368668 -0.003347353 1.189764619 -0.006361070 0.999977171 0.002275459 -2.119785309 0.003361768 -0.002254107 0.999991834 78.756080627
0.999974132 0.006078100 -0.003844541 1.209196568 -0.006069857 0.999979258 0.002152060 -2.132128954 0.003857541 -0.002128668 0.999990284 79.296531677
0.999970436 0.006709438 -0.003775344 1.214543939 -0.006701888 0.999975502 0.002009386 -2.146864891 0.003788733 -0.001984025 0.999990880 79.843254089
0.999974549 0.005750549 -0.004225502 1.231837869 -0.005741754 0.999981344 0.002090357 -2.159739017 0.004237444 -0.002066042 0.999988854 80.391189575
0.999977887 0.005975786 -0.002914285 1.238529325 -0.005969313 0.999979734 0.002224633 -2.172640800 0.002927521 -0.002207187 0.999993205 80.946784973
0.999978960 0.006123100 -0.002120945 1.255592823 -0.006119876 0.999980092 0.001523805 -2.183207273 0.002130233 -0.001510792 0.999996603 81.488471985
0.999979913 0.006307974 -0.000584462 1.261640549 -0.006306777 0.999978006 0.002028505 -2.199769020 0.000597245 -0.002024778 0.999997795 82.033584595
0.999980450 0.006200660 0.000721629 1.275157571 -0.006202185 0.999978483 0.002130028 -2.214185238 -0.000708405 -0.002134463 0.999997497 82.580749512
0.999971092 0.006233943 0.004350048 1.290520906 -0.006242465 0.999978662 0.001948187 -2.226962328 -0.004337810 -0.001975286 0.999988675 83.133476257
0.999949336 0.006249283 0.007894157 1.312549829 -0.006266425 0.999978065 0.002148511 -2.243277788 -0.007880558 -0.002197870 0.999966562 83.653831482
0.999919295 0.006652052 0.010821369 1.327194452 -0.006673346 0.999975860 0.001933058 -2.259293795 -0.010808249 -0.002005117 0.999939501 84.219268799
0.999850333 0.006693771 0.015954699 1.349805474 -0.006727761 0.999975145 0.002077642 -2.275526762 -0.015940396 -0.002184670 0.999870539 84.772331238
0.999754131 0.005908240 0.021371169 1.383116961 -0.005943937 0.999981046 0.001607158 -2.290770531 -0.021361269 -0.001733792 0.999770284 85.317108154
0.999618232 0.006139031 0.026937570 1.410166264 -0.006193727 0.999978900 0.001947488 -2.303405762 -0.026925040 -0.002113588 0.999635220 85.860588074
0.999451101 0.005469882 0.032673888 1.448605299 -0.005531077 0.999983072 0.001782783 -2.316432953 -0.032663584 -0.001962526 0.999464512 86.402748108
0.999149024 0.006213943 0.040774677 1.480004787 -0.006294929 0.999978602 0.001858093 -2.333839893 -0.040762249 -0.002113186 0.999166608 86.956024170
0.998757362 0.006883405 0.049360622 1.522546291 -0.006997999 0.999973238 0.002149103 -2.348501921 -0.049344502 -0.002491857 0.998778760 87.515426636
0.998403370 0.005849065 0.056182995 1.565104246 -0.005967868 0.999980271 0.001947020 -2.360085726 -0.056170501 -0.002279204 0.998418570 88.056480408
0.997850180 0.005790890 0.065280788 1.620336056 -0.005891554 0.999981761 0.001349612 -2.371286154 -0.065271780 -0.001731316 0.997866035 88.596672058
0.997172117 0.005566572 0.074946873 1.686861992 -0.005715953 0.999982178 0.001778803 -2.387706280 -0.074935623 -0.002202165 0.997185946 89.131202698
0.996481359 0.004861047 0.083673820 1.742485046 -0.004967633 0.999987125 0.001065672 -2.388475657 -0.083667561 -0.001477583 0.996492624 89.689308167
0.995760441 0.005421933 0.091824673 1.810636997 -0.005546836 0.999984026 0.001105075 -2.410737038 -0.091817215 -0.001609726 0.995774567 90.222763062
0.994755745 0.004855437 0.102164224 1.895071983 -0.005010467 0.999986649 0.001260895 -2.425906181 -0.102156736 -0.001766172 0.994766712 90.755119324
0.993583262 0.005138823 0.112986185 1.970606804 -0.005367340 0.999984145 0.001718413 -2.447929144 -0.112975575 -0.002313821 0.993595064 91.302009583
0.992473185 0.004918416 0.122363240 2.050674438 -0.005115116 0.999986053 0.001293435 -2.456295490 -0.122355178 -0.001909603 0.992484570 91.848678589
0.991045713 0.004274874 0.133454651 2.144607544 -0.004517262 0.999988675 0.001513521 -2.469394922 -0.133446693 -0.002102819 0.991053760 92.377265930
0.989390910 0.004116399 0.145219073 2.250194550 -0.004357835 0.999989569 0.001344499 -2.483656406 -0.145212010 -0.001963075 0.989398599 92.928421021
0.987715185 0.003752939 0.156219512 2.351783752 -0.003999775 0.999991238 0.001265736 -2.498479366 -0.156213388 -0.001875029 0.987721503 93.475975037
0.986040533 0.003635772 0.166465789 2.459813118 -0.003891344 0.999991655 0.001209149 -2.511202574 -0.166459978 -0.001840045 0.986046493 94.017387390
0.983840644 0.003809158 0.179005384 2.589703560 -0.004103785 0.999990761 0.001275655 -2.532586575 -0.178998873 -0.001989642 0.983847260 94.526000977
0.981424212 0.003196292 0.191823483 2.708184242 -0.003497673 0.999993086 0.001232548 -2.541244745 -0.191818222 -0.001880588 0.981428683 95.100524902
0.979404092 0.002865288 0.201889530 2.836225510 -0.003122105 0.999994695 0.000953640 -2.551665068 -0.201885715 -0.001564319 0.979407907 95.632957458
0.976589918 0.003218124 0.215085536 2.982637405 -0.003539046 0.999993145 0.001106977 -2.567957401 -0.215080470 -0.001842260 0.976594627 96.168296814
0.973532379 0.003226223 0.228526086 3.121530533 -0.003630012 0.999992490 0.001346610 -2.589318752 -0.228520006 -0.002140520 0.973536968 96.704689026
0.970893562 0.002461330 0.239498794 3.268701553 -0.002938755 0.999994338 0.001636342 -2.607916117 -0.239493400 -0.002292542 0.970895231 97.209678650
0.967942834 0.001729469 0.251164615 3.432939529 -0.002366276 0.999994755 0.002233431 -2.635214090 -0.251159459 -0.002756158 0.967941761 97.724472046
0.964288473 0.002170612 0.264845520 3.600477219 -0.002841115 0.999993682 0.002148637 -2.642037630 -0.264839143 -0.002824362 0.964288533 98.248779297
0.960431635 0.002676134 0.278502852 3.747844696 -0.003227089 0.999993742 0.001519846 -2.649977684 -0.278497070 -0.002358461 0.960434198 98.766876221
0.957216263 0.001959096 0.289366573 3.925252914 -0.002521013 0.999995530 0.001569178 -2.667581558 -0.289362222 -0.002231540 0.957217097 99.273643494
0.953055918 0.001073627 0.302792281 4.116714478 -0.001633353 0.999997437 0.001595324 -2.677352667 -0.302789837 -0.002015000 0.953055322 99.780036926
0.948643804 0.001327597 0.316343337 4.313688278 -0.001943591 0.999996781 0.001631716 -2.692838907 -0.316340208 -0.002162759 0.948643327 100.328475952
0.944787145 0.000455137 0.327684253 4.516441345 -0.001009580 0.999998391 0.001521898 -2.702124119 -0.327683061 -0.001768693 0.944786131 100.841682434
0.940155566 -0.000081271 0.340745568 4.723772049 -0.000535012 0.999998331 0.001714668 -2.727349281 -0.340745181 -0.001794358 0.940153956 101.349998474
0.935039818 -0.000325044 0.354542732 4.946580887 -0.000333703 0.999998271 0.001796874 -2.742927074 -0.354542732 -0.001798461 0.935038090 101.852012634
0.930364490 -0.000493599 0.366635650 5.164031982 -0.000190327 0.999998331 0.001829259 -2.753653049 -0.366635978 -0.001771658 0.930362821 102.360862732
0.925416231 -0.000949128 0.378950953 5.378047943 0.000300903 0.999998391 0.001769794 -2.771796465 -0.378952086 -0.001523769 0.925415039 102.867958069
0.919320166 -0.000950416 0.393509239 5.610363007 0.000262278 0.999998271 0.001802491 -2.782503605 -0.393510342 -0.001553857 0.919318795 103.376190186
0.913528383 -0.001627628 0.406771690 5.847408295 0.001020333 0.999998033 0.001709857 -2.793024540 -0.406773657 -0.001146961 0.913528264 103.866874695
0.908404291 -0.002306669 0.418086439 6.095249176 0.001704626 0.999996960 0.001813433 -2.808942318 -0.418089360 -0.000934649 0.908405483 104.351081848
0.902240932 -0.003159077 0.431220740 6.366439819 0.002506159 0.999994636 0.002082231 -2.831706524 -0.431225032 -0.000797966 0.902244031 104.819412231
0.895366073 -0.002320003 0.445325047 6.619743347 0.001500858 0.999996483 0.002192058 -2.845584631 -0.445328623 -0.001294324 0.895366251 105.292762756
0.889756799 -0.003466109 0.456421763 6.894699097 0.002953901 0.999993920 0.001835658 -2.852208853 -0.456425369 -0.000285064 0.889761627 105.817413330
0.884202242 -0.004085908 0.467086345 7.170394897 0.003149375 0.999991238 0.002785753 -2.873782873 -0.467093617 -0.000992139 0.884207308 106.288894653
0.877034843 -0.004145002 0.480408847 7.456581116 0.003525673 0.999991417 0.002191527 -2.877860308 -0.480413765 -0.000228281 0.877041996 106.768257141
