1.000000000 0.000000000 0.000000000 0.000000000 0.000000000 1.000000000 0.000000000 0.000000000 0.000000000 0.000000000 1.000000000 0.000000000
1.000000000 0.000018657 -0.000083851 0.000263906 -0.000018663 1.000000000 -0.000079081 0.000140396 0.000083850 0.000079083 1.000000000 -0.000676016
1.000000000 0.000082449 0.000028064 0.000046486 -0.000082450 1.000000000 0.000015124 -0.000247260 -0.000028063 -0.000015127 1.000000000 -0.001235744
1.000000000 0.000022171 -0.000057586 0.000534001 -0.000022168 1.000000000 0.000054849 -0.000448655 0.000057588 -0.000054848 1.000000000 -0.002398470
1.000000000 -0.000076104 -0.000113825 0.000827444 0.000076101 1.000000000 -0.000021990 -0.000326046 0.000113826 0.000021981 1.000000000 -0.001283416
1.000000000 0.000048209 0.000043771 0.000195650 -0.000048211 1.000000000 0.000058685 -0.000681030 -0.000043768 -0.000058687 1.000000000 -0.000320256
1.000000000 0.000149140 0.000093557 0.000326547 -0.000149140 1.000000000 -0.000002696 0.000307121 -0.000093558 0.000002682 1.000000000 0.000061433
1.000000000 -0.000178444 0.000088159 0.000803370 0.000178441 1.000000000 0.000040538 -0.000071257 -0.000088166 -0.000040522 1.000000000 -0.000653215
1.000000000 0.000005562 0.000029986 0.000683203 -0.000005564 1.000000000 0.000056778 0.000763774 -0.000029986 -0.000056779 1.000000000 0.001174785
1.000000000 -0.000043305 -0.000183662 0.001972601 0.000043318 1.000000000 0.000068744 -0.000846905 0.000183659 -0.000068752 1.000000000 -0.001653682
1.000000000 -0.000005658 -0.000031236 0.000747241 0.000005658 1.000000000 -0.000006732 0.000569840 0.000031236 0.000006732 1.000000000 0.000084368
1.000000000 0.000001485 -0.000009773 0.000183201 -0.000001483 1.000000000 0.000180751 -0.001213738 0.000009773 -0.000180751 1.000000000 -0.000700191
1.000000000 -0.000000892 0.000121270 -0.000871815 0.000000877 1.000000000 0.000123285 -0.000251084 -0.000121270 -0.000123284 1.000000000 0.000732349
1.000000000 0.000074532 0.000094630 -0.000107712 -0.000074546 1.000000000 0.000144554 -0.000977652 -0.000094619 -0.000144561 1.000000000 -0.001086251
1.000000000 -0.000151390 -0.000016878 0.000767620 0.000151392 1.000000000 0.000109367 -0.001177038 0.000016862 -0.000109370 1.000000000 -0.002129429
0.999999940 0.000168970 0.000208861 -0.000512741 -0.000168995 1.000000000 0.000116575 -0.000095027 -0.000208841 -0.000116610 1.000000000 0.000722644
1.000000000 0.000123205 0.000005597 0.000400026 -0.000123206 0.999999940 0.000232626 -0.001130341 -0.000005569 -0.000232627 1.000000000 -0.000415485
1.000000000 0.000057041 -0.000006553 0.000550629 -0.000057040 1.000000000 0.000175241 -0.000840126 0.000006563 -0.000175241 1.000000000 -0.000714538
1.000000000 0.000027116 0.000118870 -0.000765941 -0.000027133 1.000000000 0.000146463 -0.000168713 -0.000118866 -0.000146467 1.000000000 0.000766933
1.000000000 0.000062694 0.000154339 -0.000921078 -0.000062683 1.000000000 -0.000076243 0.000734211 -0.000154344 0.000076234 1.000000000 0.000177182
1.000000000 -0.000104949 -0.000086988 0.000799063 0.000104954 1.000000000 0.000051116 -0.000118651 0.000086982 -0.000051125 1.000000000 0.000021297
1.000000000 -0.000137544 0.000116402 0.000206485 0.000137532 1.000000000 0.000105172 -0.001165470 -0.000116417 -0.000105156 1.000000000 -0.000155909
1.000000000 0.000104205 0.000219078 -0.000872400 -0.000104232 1.000000000 0.000119957 0.000247493 -0.000219066 -0.000119980 0.999999940 -0.000252126
1.000000000 0.000109098 -0.000082302 0.001560453 -0.000109086 1.000000000 0.000145012 -0.001002785 0.000082318 -0.000145003 1.000000000 -0.003158312
1.000000000 0.000047480 -0.000122445 0.001838226 -0.000047471 1.000000000 0.000070779 -0.000340009 0.000122448 -0.000070773 1.000000000 -0.002794454
1.000000000 0.000130595 -0.000023577 0.000733470 -0.000130598 1.000000000 -0.000123319 0.001358158 0.000023561 0.000123322 1.000000000 0.000034345
1.000000000 0.000070571 -0.000000745 -0.000080183 -0.000070571 1.000000000 -0.000128137 0.001085368 0.000000736 0.000128138 1.000000000 0.001307043
1.000000000 -0.000068353 -0.000073443 0.000250440 0.000068356 1.000000000 0.000047910 0.001394056 0.000073439 -0.000047915 1.000000000 0.002748777
1.000000000 0.000068791 -0.000101520 0.001049313 -0.000068794 1.000000000 -0.000030479 0.000874287 0.000101518 0.000030486 1.000000000 0.000169500
1.000000000 0.000095953 -0.000058400 0.000969354 -0.000095944 1.000000000 0.000156647 -0.000878521 0.000058415 -0.000156642 1.000000000 -0.002109263
1.000000000 -0.000000488 -0.000094397 0.001198322 0.000000490 1.000000000 0.000018938 -0.000097381 0.000094397 -0.000018938 1.000000000 -0.000441853
1.000000000 -0.000046092 -0.000039025 0.001864750 0.000046093 1.000000000 0.000015285 -0.000511120 0.000039024 -0.000015287 1.000000000 -0.001942078
1.000000000 -0.000006234 -0.000210740 0.001627035 0.000006265 1.000000000 0.000147670 -0.000642905 0.000210739 -0.000147672 0.999999940 -0.000444447
0.999999940 0.000344242 0.000109338 -0.000140731 -0.000344260 0.999999940 0.000172892 -0.000569078 -0.000109279 -0.000172930 1.000000000 -0.000821422
1.000000000 0.000209401 -0.000002287 0.000694939 -0.000209401 1.000000000 0.000034407 0.000889568 0.000002294 -0.000034406 1.000000000 -0.001093150
1.000000000 -0.000088487 0.000048578 -0.000626534 0.000088493 1.000000000 -0.000132911 0.002454625 -0.000048566 0.000132915 1.000000000 0.002969637
1.000000000 -0.000037606 0.000032725 0.000117518 0.000037601 1.000000000 0.000151115 0.000128087 -0.000032730 -0.000151114 1.000000000 -0.000180309
1.000000000 -0.000030273 0.000074192 -0.000023422 0.000030270 1.000000000 0.000035929 0.000991909 -0.000074193 -0.000035927 1.000000000 0.000781954
1.000000000 -0.000022554 0.000216707 -0.000431908 0.000022543 1.000000000 0.000047190 0.000239819 -0.000216708 -0.000047185 1.000000000 0.001586842
0.999999940 -0.000287566 0.000176900 0.000944838 0.000287678 0.999999762 -0.000633251 -0.001227587 -0.000176718 0.000633302 0.999999762 0.052286532
1.000000000 0.000145898 0.000169153 0.000875562 -0.000145698 0.999999285 -0.001184313 -0.005853585 -0.000169326 0.001184288 0.999999285 0.133767903
0.999999940 0.000373989 -0.000108242 0.005163564 -0.000374139 0.999998987 -0.001385294 -0.007815550 0.000107724 0.001385335 0.999999046 0.250251532
0.999999940 0.000396744 0.000046347 0.005674720 -0.000396690 0.999999225 -0.001163880 -0.013017503 -0.000046809 0.001163861 0.999999344 0.380428404
0.999999940 0.000239181 0.000080440 0.008357991 -0.000239101 0.999999464 -0.000990673 -0.016446410 -0.000080677 0.000990653 0.999999523 0.524398744
0.999999881 0.000515160 0.000086869 0.013275734 -0.000515060 0.999999225 -0.001147575 -0.020449059 -0.000087460 0.001147530 0.999999344 0.673201799
0.999999762 0.000491415 0.000439427 0.016978238 -0.000490975 0.999999404 -0.001001112 -0.026004251 -0.000439918 0.001000896 0.999999404 0.834816098
0.999999821 0.000312077 0.000525746 0.015610463 -0.000311514 0.999999404 -0.001069344 -0.026223525 -0.000526079 0.001069180 0.999999285 1.010706186
0.999999464 0.000671967 0.000803344 0.017870463 -0.000671577 0.999999642 -0.000486164 -0.036846347 -0.000803670 0.000485624 0.999999583 1.180396080
0.999999464 0.000721232 0.000710875 0.019656789 -0.000720716 0.999999464 -0.000726103 -0.038966183 -0.000711399 0.000725590 0.999999464 1.366434813
1.000000000 0.000131178 0.000126024 0.035747759 -0.000131157 1.000000000 -0.000161477 -0.057623249 -0.000126045 0.000161460 1.000000000 1.556083322
0.999999940 0.000330061 0.000079936 0.038556535 -0.000330055 0.999999940 -0.000069208 -0.058919568 -0.000079959 0.000069182 1.000000000 1.745175004
0.999999166 0.001154701 0.000453694 0.030777771 -0.001155019 0.999999106 0.000702680 -0.076208532 -0.000452882 -0.000703203 0.999999642 1.933490992
0.999997854 0.001638191 0.001244092 0.027895775 -0.001638632 0.999998629 0.000353647 -0.080037199 -0.001243511 -0.000355685 0.999999166 2.135670662
0.999998212 0.001740336 0.000673908 0.037387069 -0.001740536 0.999998510 0.000296095 -0.083060592 -0.000673392 -0.000297267 0.999999762 2.364316225
0.999998689 0.001505832 0.000447187 0.050096050 -0.001506148 0.999998569 0.000707364 -0.096487686 -0.000446121 -0.000708037 0.999999642 2.574495792
0.999997854 0.001998087 0.000581975 0.054697074 -0.001998741 0.999997377 0.001126544 -0.108524784 -0.000579722 -0.001127705 0.999999166 2.799808979
0.999999225 0.001223617 0.000216810 0.063735887 -0.001223829 0.999998748 0.000976900 -0.111730136 -0.000215615 -0.000977164 0.999999523 3.029593945
0.999999106 0.001296042 0.000150614 0.071843401 -0.001296150 0.999998868 0.000722026 -0.118334368 -0.000149678 -0.000722221 0.999999702 3.277603149
0.999998510 0.001475258 0.000923436 0.056575760 -0.001476382 0.999998152 0.001218126 -0.123432845 -0.000921637 -0.001219487 0.999998808 3.522849083
0.999998450 0.001391251 0.001129150 0.062446404 -0.001391944 0.999998868 0.000612562 -0.123767346 -0.001128297 -0.000614133 0.999999106 3.777175665
0.999998689 0.001290827 0.001050971 0.066423669 -0.001291524 0.999998927 0.000662938 -0.132682770 -0.001050114 -0.000664295 0.999999225 4.034955502
0.999997199 0.002022367 0.001205578 0.066701412 -0.002023687 0.999997377 0.001094613 -0.140758127 -0.001203361 -0.001097050 0.999998629 4.296692848
0.999997258 0.002113800 0.000955617 0.076602764 -0.002114727 0.999997258 0.000969482 -0.146250933 -0.000953565 -0.000971500 0.999998987 4.553767204
0.999998569 0.001500041 0.000832707 0.085819587 -0.001501044 0.999998152 0.001204106 -0.155666426 -0.000830899 -0.001205354 0.999998987 4.811600208
0.999998271 0.001626566 0.000809198 0.090241514 -0.001627488 0.999997914 0.001140588 -0.160553217 -0.000807341 -0.001141903 0.999999046 5.072543144
0.999997973 0.001771421 0.000947733 0.090287045 -0.001772571 0.999997675 0.001213913 -0.178082779 -0.000945581 -0.001215590 0.999998808 5.343175888
0.999998450 0.001513497 0.000945842 0.097735919 -0.001514502 0.999998331 0.001062769 -0.181844041 -0.000944232 -0.001064200 0.999998987 5.617016792
0.999998987 0.001295252 0.000538888 0.108219855 -0.001296055 0.999998033 0.001492102 -0.192764029 -0.000536954 -0.001492799 0.999998748 5.880511761
0.999999046 0.001115842 0.000680674 0.116204962 -0.001116913 0.999998093 0.001574314 -0.203754827 -0.000678916 -0.001575073 0.999998569 6.154993534
0.999998271 0.001638369 0.000892933 0.116273507 -0.001639785 0.999997377 0.001587407 -0.214819580 -0.000890330 -0.001588869 0.999998331 6.441205502
0.999997437 0.001886234 0.001279591 0.115066335 -0.001888578 0.999996483 0.001833371 -0.224032879 -0.001276129 -0.001835783 0.999997497 6.733774662
0.999997020 0.002187587 0.001093794 0.128623411 -0.002189421 0.999996185 0.001678295 -0.235208571 -0.001090119 -0.001680685 0.999998033 7.025809765
0.999998212 0.001653149 0.000918526 0.135918200 -0.001654755 0.999997079 0.001750549 -0.239221528 -0.000915629 -0.001752066 0.999998033 7.323787212
0.999996901 0.002001018 0.001479463 0.142095730 -0.002003106 0.999996960 0.001410718 -0.249937311 -0.001476635 -0.001413677 0.999997914 7.626901627
0.999997973 0.001943095 0.000617643 0.160653010 -0.001944358 0.999996006 0.002050342 -0.267483592 -0.000613657 -0.002051539 0.999997735 7.951642036
0.999996185 0.002131758 0.001706696 0.142943591 -0.002136174 0.999994338 0.002589805 -0.287272692 -0.001701165 -0.002593441 0.999995112 8.256448746
0.999994516 0.002545270 0.002073873 0.150342837 -0.002550639 0.999993324 0.002590298 -0.298182875 -0.002067266 -0.002595573 0.999994457 8.578224182
0.999995351 0.002175926 0.002120192 0.151592538 -0.002180279 0.999995470 0.002052754 -0.297723114 -0.002115716 -0.002057367 0.999995649 8.922294617
0.999995351 0.002383440 0.001907642 0.164267987 -0.002388141 0.999994159 0.002465758 -0.316409290 -0.001901753 -0.002470303 0.999995112 9.247480392
0.999996543 0.001835978 0.001888264 0.171222612 -0.001841302 0.999994338 0.002821599 -0.324296653 -0.001883073 -0.002825066 0.999994218 9.602552414
0.999997318 0.001513908 0.001761989 0.185668290 -0.001518525 0.999995410 0.002622343 -0.333856821 -0.001758011 -0.002625011 0.999994993 9.935935020
0.999997497 0.001426790 0.001728800 0.190633982 -0.001431351 0.999995530 0.002639817 -0.343649745 -0.001725025 -0.002642286 0.999994993 10.303983688
0.999995053 0.002019445 0.002406791 0.182740301 -0.002026166 0.999994040 0.002793265 -0.353558898 -0.002401135 -0.002798127 0.999993205 10.667612076
0.999994874 0.001875323 0.002604722 0.187423795 -0.001881445 0.999995470 0.002349638 -0.356122613 -0.002600304 -0.002354527 0.999993861 11.044919968
0.999993980 0.002365538 0.002539260 0.196553454 -0.002372365 0.999993563 0.002688627 -0.375188559 -0.002532884 -0.002694635 0.999993145 11.417087555
0.999995351 0.002046755 0.002257736 0.212176606 -0.002053406 0.999993563 0.002947571 -0.384818673 -0.002251689 -0.002952194 0.999993086 11.791044235
0.999993622 0.002493408 0.002571873 0.219735488 -0.002499667 0.999993920 0.002433568 -0.394562989 -0.002565790 -0.002439981 0.999993742 12.167119980
0.999994397 0.002112009 0.002595280 0.224863559 -0.002118400 0.999994636 0.002462216 -0.400608927 -0.002590066 -0.002467700 0.999993563 12.576537132
0.999993801 0.002379432 0.002605316 0.233595982 -0.002386339 0.999993563 0.002651377 -0.411766648 -0.002598990 -0.002657577 0.999993086 12.971160889
0.999994457 0.001983985 0.002657147 0.242499769 -0.001991418 0.999994099 0.002797935 -0.424188048 -0.002651580 -0.002803211 0.999992549 13.369993210
0.999993980 0.002003051 0.002816730 0.255185515 -0.002010704 0.999994278 0.002717128 -0.433909953 -0.002811271 -0.002722776 0.999992371 13.779378891
0.999991536 0.002332181 0.003367915 0.256462961 -0.002341401 0.999993443 0.002736188 -0.442301035 -0.003361512 -0.002744050 0.999990582 14.201585770
0.999990463 0.002135671 0.003809612 0.266921878 -0.002145981 0.999993980 0.002704183 -0.452779293 -0.003803814 -0.002712332 0.999989152 14.627449989
0.999991298 0.002368436 0.003426387 0.280619889 -0.002377975 0.999993324 0.002782631 -0.464236528 -0.003419774 -0.002790755 0.999990225 15.057353020
0.999992073 0.002037601 0.003414679 0.294876367 -0.002047580 0.999993622 0.002921591 -0.475454181 -0.003408704 -0.002928560 0.999989927 15.492340088
0.999989331 0.002268826 0.004003552 0.303478777 -0.002279048 0.999994159 0.002550459 -0.485561877 -0.003997741 -0.002559556 0.999988735 15.933054924
0.999989331 0.001937792 0.004192585 0.316734076 -0.001949906 0.999993920 0.002887191 -0.499127001 -0.004186965 -0.002895335 0.999987066 16.375234604
0.999987006 0.002229089 0.004589618 0.323541373 -0.002240507 0.999994397 0.002484192 -0.508268714 -0.004584055 -0.002494443 0.999986351 16.829072952
0.999987304 0.002091544 0.004590284 0.338458240 -0.002104351 0.999993861 0.002786990 -0.521062553 -0.004584427 -0.002796615 0.999985516 17.289733887
0.999986291 0.002458185 0.004630864 0.349438846 -0.002472060 0.999992430 0.002992888 -0.534774601 -0.004623471 -0.003004295 0.999984741 17.750284195
0.999983370 0.002150991 0.005351182 0.355874658 -0.002164710 0.999994397 0.002559189 -0.541123450 -0.005345647 -0.002570730 0.999982417 18.220684052
0.999974787 0.003129011 0.006379349 0.360459745 -0.003142063 0.999993026 0.002036925 -0.549776614 -0.006372931 -0.002056918 0.999977529 18.692285538
0.999978185 0.002898834 0.005944258 0.378892779 -0.002914433 0.999992371 0.002617144 -0.565032840 -0.005936625 -0.002634411 0.999978900 19.159500122
0.999980509 0.002569275 0.005677759 0.395710677 -0.002584362 0.999993086 0.002651526 -0.581635833 -0.005670907 -0.002666148 0.999980390 19.645914078
0.999978423 0.002833502 0.005917591 0.405852616 -0.002849336 0.999992311 0.002669010 -0.590211451 -0.005909984 -0.002685814 0.999978900 20.134773254
0.999980509 0.002718348 0.005605392 0.420033813 -0.002737986 0.999990106 0.003498692 -0.611124396 -0.005595825 -0.003513972 0.999978185 20.612401962
0.999982297 0.002628546 0.005333571 0.432572305 -0.002646407 0.999990880 0.003344483 -0.625673056 -0.005324732 -0.003358539 0.999980211 21.116651535
0.999985039 0.002505157 0.004862777 0.439108819 -0.002514812 0.999994874 0.001980417 -0.620836377 -0.004857791 -0.001992616 0.999986231 21.633506775
0.999985039 0.002360777 0.004930692 0.443855733 -0.002378019 0.999991119 0.003493804 -0.650238156 -0.004922400 -0.003505478 0.999981821 22.126665115
0.999988317 0.002583134 0.004083117 0.462505102 -0.002598054 0.999989927 0.003653097 -0.665673852 -0.004073639 -0.003663663 0.999984980 22.636249542
0.999989390 0.002744048 0.003709000 0.471335649 -0.002759902 0.999987006 0.004276305 -0.684052885 -0.003697217 -0.004286496 0.999983966 23.151069641
0.999993384 0.002366963 0.002758039 0.487260222 -0.002377731 0.999989629 0.003907538 -0.698895216 -0.002748761 -0.003914071 0.999988556 23.685993195
0.999996066 0.001459144 0.002383166 0.494832397 -0.001466695 0.999993920 0.003169513 -0.707443953 -0.002378527 -0.003172996 0.999992132 24.220064163
0.999994814 0.002468561 0.002021929 0.500955582 -0.002475160 0.999991596 0.003267997 -0.716434121 -0.002013844 -0.003272985 0.999992609 24.758747101
0.999996424 0.002633969 0.000707151 0.519585490 -0.002636776 0.999988556 0.003997826 -0.737415195 -0.000696613 -0.003999676 0.999991775 25.296865463
0.999997497 0.002222837 -0.000087125 0.536027670 -0.002222479 0.999989927 0.003912413 -0.749308348 0.000095820 -0.003912209 0.999992371 25.829069138
0.999997199 0.002366418 -0.000235997 0.537677288 -0.002365371 0.999987721 0.004342626 -0.767200112 0.000246270 -0.004342055 0.999990523 26.385044098
0.999998391 0.001702749 -0.000614647 0.547762096 -0.001700029 0.999988854 0.004398345 -0.775618732 0.000622130 -0.004397294 0.999990106 26.935955048
0.999998271 0.001876146 -0.000124796 0.548409164 -0.001875470 0.999984682 0.005213811 -0.792823553 0.000134576 -0.005213568 0.999986351 27.500701904
0.999995351 0.002608624 -0.001562905 0.570726633 -0.002600975 0.999984741 0.004876464 -0.814761281 0.001575602 -0.004872376 0.999986887 28.047498703
0.999994636 0.002741252 -0.001783052 0.576641142 -0.002731881 0.999982595 0.005236811 -0.826870143 0.001797377 -0.005231911 0.999984682 28.585706711
0.999992669 0.003029195 -0.002335804 0.591262937 -0.003017418 0.999982715 0.005028860 -0.842514813 0.002350997 -0.005021775 0.999984622 29.130355835
0.999993384 0.002825139 -0.002274426 0.598346770 -0.002814319 0.999984682 0.004746661 -0.846966743 0.002287801 -0.004740229 0.999986112 29.693979263
0.999991179 0.002977879 -0.002949767 0.609085143 -0.002962641 0.999982238 0.005156635 -0.866845071 0.002965071 -0.005147850 0.999982357 30.231056213
0.999990225 0.003050688 -0.003236133 0.620129108 -0.003034203 0.999982476 0.005086800 -0.882521629 0.003251595 -0.005076930 0.999981821 30.784276962
0.999989271 0.002981782 -0.003539264 0.630560994 -0.002962975 0.999981523 0.005307070 -0.896638036 0.003555023 -0.005296526 0.999979675 31.326303482
0.999987245 0.003337997 -0.003790176 0.636438131 -0.003318064 0.999980688 0.005253069 -0.907476842 0.003807638 -0.005240426 0.999979019 31.880210876
0.999988139 0.002922315 -0.003896503 0.645981908 -0.002902012 0.999982238 0.005206102 -0.919893980 0.003911648 -0.005194732 0.999978781 32.430023193
0.999986351 0.002938599 -0.004313337 0.654389322 -0.002916032 0.999982059 0.005228806 -0.929147899 0.004328626 -0.005216157 0.999977052 32.976024628
0.999987185 0.003137785 -0.003952204 0.661666512 -0.003116851 0.999981105 0.005291805 -0.944806099 0.003968734 -0.005279419 0.999978185 33.516193390
0.999982774 0.003340584 -0.004820561 0.672073543 -0.003315387 0.999980807 0.005225750 -0.955035210 0.004837925 -0.005209677 0.999974728 34.064617157
0.999982536 0.002787658 -0.005195615 0.679950953 -0.002760537 0.999982536 0.005219924 -0.967552602 0.005210075 -0.005205491 0.999972880 34.608795166
0.999981046 0.003563693 -0.005023933 0.681549430 -0.003537304 0.999979973 0.005251638 -0.977816045 0.005042547 -0.005233767 0.999973595 35.168884277
0.999982595 0.002418119 -0.005384851 0.699115217 -0.002388563 0.999982059 0.005488305 -0.994390428 0.005398026 -0.005475347 0.999970436 35.688724518
0.999976933 0.002052652 -0.006477563 0.708756983 -0.002014498 0.999980569 0.005891174 -1.010410190 0.006489530 -0.005877989 0.999961615 36.237426758
0.999980628 0.002909552 -0.005503532 0.712596178 -0.002881669 0.999983013 0.005067370 -1.014778018 0.005518182 -0.005051412 0.999972045 36.779464722
0.999980867 0.002730254 -0.005557413 0.709528565 -0.002703913 0.999985099 0.004741670 -1.013689280 0.005570276 -0.004726553 0.999973357 37.349594116
0.999979436 0.003192807 -0.005557219 0.724994659 -0.003164348 0.999981821 0.005122257 -1.035526276 0.005573472 -0.005104566 0.999971449 37.869773865
0.999982417 0.002713614 -0.005270557 0.714853466 -0.002682392 0.999978781 0.005921882 -1.071868181 0.005286515 -0.005907640 0.999968588 38.397987366
0.999980509 0.002556222 -0.005699399 0.723695219 -0.002519710 0.999976277 0.006404409 -1.087967396 0.005715635 -0.006389923 0.999963284 38.940292358
0.999981880 0.003392551 -0.004962708 0.729393482 -0.003363008 0.999976575 0.005949380 -1.100799322 0.004982776 -0.005932584 0.999969959 39.481380463
0.999977410 0.003248204 -0.005889570 0.758939683 -0.003207478 0.999970973 0.006911376 -1.127317190 0.005911849 -0.006892330 0.999958754 40.009799957
0.999980748 0.002529471 -0.005663813 0.742053211 -0.002495897 0.999979258 0.005927139 -1.114215493 0.005678688 -0.005912888 0.999966383 40.566028595
0.999979794 0.003019677 -0.005591686 0.751692474 -0.002989329 0.999980748 0.005427648 -1.122834325 0.005607969 -0.005410823 0.999969661 41.113067627
0.999979198 0.002721403 -0.005855727 0.764701068 -0.002688637 0.999980748 0.005596196 -1.131933212 0.005870844 -0.005580335 0.999967217 41.652053833
0.999977946 0.003341945 -0.005739070 0.773250639 -0.003309754 0.999978781 0.005609466 -1.140750408 0.005757696 -0.005590348 0.999967754 42.199226379
0.999978304 0.002258511 -0.006191352 0.779933333 -0.002221300 0.999979436 0.006010334 -1.161140442 0.006204799 -0.005996449 0.999962747 42.749797821
0.999975443 0.003302229 -0.006192575 0.787679970 -0.003261912 0.999973536 0.006509346 -1.178377390 0.006213907 -0.006488987 0.999959648 43.298217773
0.999974668 0.002438679 -0.006678490 0.801389813 -0.002399021 0.999979496 0.005939671 -1.185149908 0.006692838 -0.005923498 0.999960065 43.848201752
0.999976873 0.001969554 -0.006512590 0.797151446 -0.001926976 0.999976695 0.006537603 -1.201327085 0.006525315 -0.006524902 0.999957442 44.377750397
0.999975264 0.002451113 -0.006594192 0.807211995 -0.002410360 0.999977946 0.006180942 -1.209590197 0.006609197 -0.006164894 0.999959171 44.927516937
0.999975383 0.002206622 -0.006648357 0.814553738 -0.002163393 0.999976456 0.006502427 -1.222249508 0.006662549 -0.006487884 0.999956787 45.465034485
0.999976754 0.001781151 -0.006579459 0.824413776 -0.001735655 0.999974549 0.006914058 -1.240108252 0.006591606 -0.006902477 0.999954522 46.001438141
0.999977112 0.001658989 -0.006556282 0.832752407 -0.001616434 0.999977648 0.006490768 -1.246887565 0.006566904 -0.006480021 0.999957502 46.548881531
0.999974430 0.001467024 -0.006997413 0.844916224 -0.001419443 0.999975860 0.006799847 -1.257314444 0.007007220 -0.006789741 0.999952376 47.109539032
0.999975383 0.001124198 -0.006926943 0.851282656 -0.001078152 0.999977231 0.006647634 -1.267590165 0.006934260 -0.006640002 0.999953926 47.637187958
0.999975204 0.002040720 -0.006735011 0.851967216 -0.001995977 0.999975920 0.006643381 -1.283108115 0.006748406 -0.006629773 0.999955237 48.190830231
0.999977112 0.001006185 -0.006678488 0.846534133 -0.000963735 0.999979317 0.006356372 -1.284396052 0.006684745 -0.006349791 0.999957502 48.746971130
0.999979079 0.000469085 -0.006450297 0.856446385 -0.000428696 0.999980330 0.006261445 -1.295407772 0.006453107 -0.006258548 0.999959588 49.290561676
0.999980688 0.000616600 -0.006185071 0.862641335 -0.000579830 0.999982178 0.005945043 -1.305864453 0.006188625 -0.005941342 0.999963224 49.844413757
0.999977410 0.001392144 -0.006565474 0.866795361 -0.001350448 0.999978840 0.006350867 -1.319315791 0.006574176 -0.006341857 0.999958277 50.378498077
0.999979734 0.002282125 -0.005942484 0.867775083 -0.002245625 0.999978542 0.006141608 -1.332671523 0.005956373 -0.006128139 0.999963522 50.930583954
0.999980628 0.001564580 -0.006011700 0.875765383 -0.001526780 0.999979079 0.006287284 -1.345209122 0.006021411 -0.006277984 0.999962151 51.470355988
0.999972880 0.001158417 -0.007271308 0.893961549 -0.001112399 0.999979377 0.006329597 -1.360151529 0.007278490 -0.006321337 0.999953508 52.035987854
0.999974191 0.000907155 -0.007117488 0.901473999 -0.000865427 0.999982417 0.005863436 -1.368966699 0.007122682 -0.005857126 0.999957502 52.593761444
0.999975026 0.001391004 -0.006933386 0.907814860 -0.001345147 0.999977171 0.006614167 -1.386430025 0.006942429 -0.006604675 0.999954104 53.134681702
0.999975622 0.001232736 -0.006863778 0.904126644 -0.001191223 0.999980986 0.006048933 -1.390553474 0.006871103 -0.006040609 0.999958158 53.702812195
0.999976099 0.001344366 -0.006785037 0.913080096 -0.001304948 0.999982238 0.005810684 -1.402697444 0.006792728 -0.005801690 0.999960124 54.243629456
0.999975026 0.001716414 -0.006864906 0.917910814 -0.001673473 0.999979019 0.006255981 -1.417384744 0.006875501 -0.006244336 0.999956846 54.792823792
0.999974966 0.001233809 -0.006965996 0.925911486 -0.001195369 0.999984026 0.005519635 -1.425281167 0.006972695 -0.005511170 0.999960482 55.330966949
0.999975204 0.000851962 -0.006985407 0.936358571 -0.000808386 0.999980211 0.006238414 -1.443274736 0.006990584 -0.006232612 0.999956131 55.875667572
0.999974489 0.001194048 -0.007042095 0.942344725 -0.001154840 0.999983847 0.005568966 -1.445154190 0.007048631 -0.005560691 0.999959707 56.441085815
0.999974251 0.001143169 -0.007085677 0.957692266 -0.001101364 0.999982059 0.005901074 -1.462930083 0.007092295 -0.005893118 0.999957502 56.971225739
0.999976039 0.001650214 -0.006737669 0.958333611 -0.001613400 0.999983788 0.005465809 -1.466436744 0.006746580 -0.005454807 0.999962389 57.534343719
0.999977529 0.002214372 -0.006333406 0.959407091 -0.002178811 0.999981880 0.005616088 -1.483725548 0.006345728 -0.005602162 0.999964178 58.084564209
0.999977827 0.002236795 -0.006265395 0.963241339 -0.002203532 0.999983430 0.005311039 -1.491571903 0.006277172 -0.005297115 0.999966323 58.634479523
0.999974787 0.001404569 -0.006953203 0.985687256 -0.001372000 0.999988019 0.004686764 -1.493750811 0.006959703 -0.004677106 0.999964774 59.157711029
0.999977231 0.001416337 -0.006594055 0.994453192 -0.001387993 0.999989748 0.004300999 -1.506494641 0.006600080 -0.004291749 0.999968946 59.697959900
0.999975741 0.001840304 -0.006721111 0.994492412 -0.001809077 0.999987662 0.004649191 -1.519392967 0.006729584 -0.004636920 0.999966621 60.253753662
0.999975324 0.002146699 -0.006690382 1.002346992 -0.002112384 0.999984622 0.005131735 -1.534240007 0.006701295 -0.005117476 0.999964476 60.799293518
0.999974370 0.002075668 -0.006850315 1.010121822 -0.002044134 0.999987304 0.004606985 -1.542623520 0.006859791 -0.004592864 0.999965906 61.345752716
0.999972761 0.002484643 -0.006954309 1.021830320 -0.002450750 0.999985039 0.004877878 -1.559826851 0.006966325 -0.004860702 0.999963880 61.883121490
0.999970257 0.001829390 -0.007485704 1.031823158 -0.001799484 0.999990344 0.003999822 -1.558935046 0.007492949 -0.003986232 0.999963999 62.428363800
0.999971330 0.002492056 -0.007153439 1.039080381 -0.002460081 0.999986947 0.004475161 -1.578746796 0.007164498 -0.004457435 0.999964416 62.968742371
0.999970973 0.002394182 -0.007230149 1.036080241 -0.002362392 0.999987483 0.004401999 -1.589930892 0.007240598 -0.004384790 0.999964178 63.505912781
0.999975562 0.002606778 -0.006497061 1.037105799 -0.002575454 0.999985039 0.004824990 -1.607826710 0.006509542 -0.004808140 0.999967217 64.066535950
0.999971688 0.002398510 -0.007133246 1.048946500 -0.002367972 0.999988019 0.004286584 -1.615848064 0.007143442 -0.004269571 0.999965370 64.575851440
0.999953508 0.001694821 -0.009494146 1.079010248 -0.001650753 0.999987841 0.004647487 -1.628145814 0.009501908 -0.004631598 0.999944091 65.108131409
0.999969780 0.002529982 -0.007362058 1.068786383 -0.002495967 0.999986231 0.004625809 -1.645853043 0.007373659 -0.004607294 0.999962211 65.642585754
0.999972939 0.001709530 -0.007152506 1.063633084 -0.001677149 0.999988258 0.004530841 -1.656452179 0.007160168 -0.004518723 0.999964178 66.182655334
0.999974191 0.001961428 -0.006910146 1.064046383 -0.001932574 0.999989450 0.004179616 -1.663854480 0.006918270 -0.004166154 0.999967396 66.736289978
0.999969602 0.002821462 -0.007267652 1.075856209 -0.002788393 0.999985695 0.004556269 -1.683610559 0.007280404 -0.004535866 0.999963164 67.284523010
0.999966562 0.002391580 -0.007820188 1.108066320 -0.002354344 0.999985874 0.004767273 -1.694916606 0.007831479 -0.004748703 0.999957979 67.825828552
0.999964237 0.002270159 -0.008141439 1.122709274 -0.002230248 0.999985516 0.004907915 -1.713751912 0.008152463 -0.004889582 0.999954820 68.350486755
0.999963939 0.002862442 -0.008005876 1.126636863 -0.002822143 0.999983311 0.005040527 -1.729235172 0.008020171 -0.005017751 0.999955237 68.899688721
0.999969661 0.002874811 -0.007233934 1.107133865 -0.002838483 0.999983311 0.005027072 -1.741080761 0.007248265 -0.005006386 0.999961197 69.455459595
0.999972045 0.003336767 -0.006695131 1.113286495 -0.003305011 0.999983251 0.004748709 -1.750098705 0.006710866 -0.004726449 0.999966323 69.997467041
0.999973714 0.003663360 -0.006253273 1.114801884 -0.003631315 0.999980211 0.005128068 -1.763087034 0.006271936 -0.005105226 0.999967337 70.537681580
0.999974489 0.002799797 -0.006565517 1.115018129 -0.002771165 0.999986589 0.004366200 -1.771366596 0.006577655 -0.004347895 0.999968886 71.073371887
0.999975204 0.002636744 -0.006535946 1.124984145 -0.002609172 0.999987662 0.004223553 -1.784760714 0.006547003 -0.004206395 0.999969721 71.613586426
0.999972224 0.003102244 -0.006778210 1.129671812 -0.003071553 0.999984980 0.004533549 -1.799867153 0.006792174 -0.004512604 0.999966741 72.165107727
0.999972224 0.002783414 -0.006917287 1.139430046 -0.002752795 0.999986410 0.004431900 -1.815191388 0.006929529 -0.004412735 0.999966204 72.706306458
0.999976158 0.002902045 -0.006260725 1.138985157 -0.002870216 0.999982953 0.005087005 -1.835101604 0.006275382 -0.005068914 0.999967456 73.249557495
0.999976218 0.003252505 -0.006079173 1.142038822 -0.003222917 0.999982953 0.004870617 -1.846132159 0.006094911 -0.004850910 0.999969661 73.793762207
0.999974549 0.003053214 -0.006444235 1.150187492 -0.003021462 0.999983251 0.004931135 -1.859715939 0.006459183 -0.004911538 0.999967098 74.319168091
0.999973238 0.002662226 -0.006815032 1.162956238 -0.002626774 0.999983013 0.005205798 -1.871730924 0.006828776 -0.005187758 0.999963164 74.851013184
0.999975204 0.002439959 -0.006603798 1.165799618 -0.002404728 0.999982893 0.005337608 -1.882890940 0.006616709 -0.005321595 0.999963939 75.397514343
0.999974191 0.002542320 -0.006706594 1.176122427 -0.002508274 0.999983966 0.005080117 -1.897251487 0.006719402 -0.005063165 0.999964595 75.925109863
0.999973536 0.003461386 -0.006385959 1.179098129 -0.003428902 0.999981165 0.005090731 -1.906413078 0.006403460 -0.005068699 0.999966681 76.478309631
0.999975502 0.002794983 -0.006418942 1.189099431 -0.002765917 0.999985933 0.004532462 -1.916485310 0.006431519 -0.004514596 0.999969125 77.019645691
0.999975085 0.002296686 -0.006678712 1.199596405 -0.002265842 0.999986768 0.004622133 -1.932107568 0.006689240 -0.004606884 0.999967039 77.551208496
0.999976099 0.001782437 -0.006677417 1.215147972 -0.001754598 0.999989748 0.004172601 -1.942115068 0.006684785 -0.004160786 0.999969006 78.094848633
0.999974608 0.002351351 -0.006748544 1.210904837 -0.002317807 0.999984920 0.004974021 -1.963551164 0.006760139 -0.004958252 0.999964774 78.625518799
0.999976754 0.001984471 -0.006523923 1.223166704 -0.001953932 0.999987066 0.004684195 -1.973569512 0.006533134 -0.004671339 0.999967694 79.177879333
0.999975026 0.002170038 -0.006724707 1.228056431 -0.002137173 0.999985695 0.004890671 -1.988115191 0.006735223 -0.004876176 0.999965429 79.698051453
0.999975204 0.001836521 -0.006787806 1.239227057 -0.001804073 0.999987066 0.004783469 -1.999182940 0.006796503 -0.004771106 0.999965549 80.240257263
0.999980271 0.002830939 -0.005623733 1.241852522 -0.002802125 0.999982953 0.005125039 -2.014582872 0.005638146 -0.005109179 0.999971032 80.777992249
0.999985278 0.003160468 -0.004417100 1.250354290 -0.003139131 0.999983549 0.004829237 -2.024832249 0.004432290 -0.004815300 0.999978602 81.322074890
0.999991000 0.002889484 -0.003113882 1.256803036 -0.002873617 0.999982953 0.005088076 -2.040882349 0.003128530 -0.005079081 0.999982178 81.860961914
0.999994695 0.002548550 -0.002034266 1.273253202 -0.002538404 0.999984384 0.004974930 -2.052868366 0.002046913 -0.004969740 0.999985576 82.406295776
0.999996603 0.002208901 0.001431010 1.289528966 -0.002215371 0.999987185 0.004535313 -2.062598705 -0.001420973 -0.004538468 0.999988675 82.959640503
0.999985278 0.002424787 0.004876283 1.306468248 -0.002447846 0.999985754 0.004728226 -2.075490713 -0.004864750 -0.004740092 0.999976873 83.491447449
0.999971807 0.002478776 0.007093594 1.327939510 -0.002517904 0.999981582 0.005512551 -2.096638918 -0.007079800 -0.005530256 0.999959588 84.040939331
0.999911904 0.003298068 0.012854780 1.342003584 -0.003362040 0.999981999 0.004958051 -2.103240967 -0.012838196 -0.005000832 0.999905050 84.569847107
0.999816954 0.003406684 0.018826257 1.369559169 -0.003506829 0.999979854 0.005288905 -2.121071815 -0.018807864 -0.005353957 0.999808788 85.110580444
0.999692619 0.003645246 0.024522368 1.398315191 -0.003788917 0.999975801 0.005814816 -2.139260769 -0.024500581 -0.005905943 0.999682367 85.653350830
0.999530435 0.003179819 0.030476002 1.416305780 -0.003327707 0.999982953 0.004803145 -2.139654160 -0.030460209 -0.004902305 0.999523938 86.217597961
0.999253035 0.003085469 0.038520183 1.458260179 -0.003288362 0.999981046 0.005204936 -2.161318302 -0.038503397 -0.005327717 0.999244213 86.766777039
0.998914421 0.003113561 0.046478249 1.504882097 -0.003364893 0.999980152 0.005330251 -2.174258709 -0.046460737 -0.005480859 0.998905063 87.323768616
0.998562396 0.002986943 0.053518329 1.542090893 -0.003273014 0.999980807 0.005258448 -2.186544418 -0.053501587 -0.005426055 0.998553038 87.871849060
0.998012364 0.002915695 0.062950492 1.589927435 -0.003222732 0.999983370 0.004776449 -2.192661285 -0.062935531 -0.004969828 0.998005152 88.426300049
0.997352779 0.002819172 0.072660245 1.654038429 -0.003188097 0.999982536 0.004961920 -2.207406044 -0.072644979 -0.005180432 0.997344434 88.952178955
0.996669948 0.002889596 0.081491560 1.711205006 -0.003297995 0.999982655 0.004877382 -2.219843149 -0.081476055 -0.005129898 0.996662199 89.523307800
0.996004522 0.002514979 0.089268282 1.778555870 -0.002954259 0.999984086 0.004789109 -2.234242678 -0.089254819 -0.005033696 0.995996118 90.074668884
0.994948983 0.002552895 0.100348994 1.854952335 -0.003093811 0.999981523 0.005235106 -2.250602007 -0.100333765 -0.005519124 0.994938552 90.607177734
0.993835926 0.002254038 0.110838249 1.931132317 -0.002852997 0.999982178 0.005245600 -2.265098810 -0.110824451 -0.005529487 0.993824601 91.152687073
0.992795289 0.001963598 0.119806737 2.018011093 -0.002563657 0.999984920 0.004854640 -2.272861958 -0.119795404 -0.005126807 0.992785335 91.702026367
0.991353214 0.001988648 0.131205291 2.102405548 -0.002700590 0.999982595 0.005248456 -2.283459663 -0.131192565 -0.005557405 0.991341352 92.249816895
0.989697337 0.001686683 0.143165097 2.197169304 -0.002441613 0.999984026 0.005097626 -2.297444582 -0.143154219 -0.005394661 0.989685714 92.780242920
0.988080859 0.001185190 0.153931364 2.301593781 -0.002016452 0.999984205 0.005244194 -2.312136650 -0.153922752 -0.005492083 0.988067627 93.319480896
0.986356378 0.001178828 0.164619923 2.406958580 -0.002054827 0.999984741 0.005151148 -2.320727587 -0.164611325 -0.005419134 0.986343622 93.866836548
0.984169066 0.001043223 0.177229404 2.533121109 -0.002026910 0.999983490 0.005369406 -2.336398125 -0.177220896 -0.005643631 0.984154940 94.385749817
0.981813848 0.000933299 0.189843819 2.653039932 -0.001923602 0.999985516 0.005032205 -2.342755079 -0.189836368 -0.005305873 0.981801391 94.946205139
0.979861259 -0.000094389 0.199679852 2.790101051 -0.000876372 0.999988258 0.004773198 -2.354842186 -0.199677959 -0.004852066 0.979849517 95.464553833
0.977060378 0.000129973 0.212962359 2.927837372 -0.001195347 0.999987483 0.004873888 -2.362082481 -0.212959051 -0.005016648 0.977048218 96.013549805
0.973985970 0.000061853 0.226608261 3.053947449 -0.001337280 0.999984086 0.005474824 -2.379344463 -0.226604313 -0.005635439 0.973970592 96.518013000
0.971314311 -0.000186359 0.237799019 3.200529099 -0.001094935 0.999985635 0.005256044 -2.391174793 -0.237796530 -0.005365646 0.971300125 97.056579590
0.968215108 -0.000203611 0.250118703 3.348295212 -0.001196194 0.999984384 0.005444540 -2.402350903 -0.250115931 -0.005570676 0.968199790 97.579559326
0.964428067 0.000344990 0.264345080 3.512006760 -0.001916007 0.999981940 0.005685243 -2.418506622 -0.264338404 -0.005989496 0.964411378 98.123748779
0.961200655 -0.000496040 0.275849849 3.687128067 -0.001130789 0.999982893 0.005738437 -2.433045149 -0.275848001 -0.005827716 0.961183667 98.612838745
0.957644343 -0.000863594 0.287952393 3.857343674 -0.000886743 0.999981940 0.005948076 -2.445732594 -0.287952334 -0.005951481 0.957626224 99.170860291
0.953285217 -0.001428448 0.302068233 4.034473419 -0.000250836 0.999984741 0.005520423 -2.450540066 -0.302071512 -0.005338307 0.953270316 99.682746887
0.949030101 -0.001604126 0.315181196 4.237167358 -0.000244072 0.999983013 0.005824364 -2.465924978 -0.315185100 -0.005604425 0.949013650 100.208366394
0.945119977 -0.002371018 0.326714873 4.432123184 0.000580329 0.999984264 0.005578258 -2.471938848 -0.326722980 -0.005082521 0.945106506 100.719619751
0.940435052 -0.002679649 0.339962661 4.636121750 0.000946125 0.999985754 0.005264818 -2.483667374 -0.339971960 -0.004629573 0.940424204 101.238021851
0.935283959 -0.002435679 0.353890091 4.859073639 0.000610981 0.999985933 0.005267749 -2.496983528 -0.353897929 -0.004710619 0.935272336 101.754859924
0.930389524 -0.003036194 0.366559923 5.078098297 0.000989473 0.999982893 0.005771352 -2.513120651 -0.366571188 -0.005006904 0.930376530 102.257087708
0.926051617 -0.003653108 0.377379209 5.295705795 0.001625306 0.999982417 0.005691695 -2.523180008 -0.377393335 -0.004657445 0.926041424 102.738113403
0.919990480 -0.003680609 0.391923338 5.535171509 0.001687160 0.999983788 0.005430598 -2.533996344 -0.391937047 -0.004334861 0.919981837 103.240936279
0.914270878 -0.004161869 0.405082047 5.777050018 0.002111372 0.999982595 0.005508590 -2.543513298 -0.405097902 -0.004181065 0.914263725 103.741226196
0.909358859 -0.004765982 0.415985316 6.025733948 0.002598544 0.999979913 0.005776352 -2.560829639 -0.416004509 -0.004171821 0.909352958 104.220909119
0.903467536 -0.005198101 0.428625047 6.302482605 0.003210731 0.999980509 0.005359482 -2.568634033 -0.428644598 -0.003465918 0.903466582 104.722953796
0.896752059 -0.006311359 0.442488402 6.564868927 0.003988918 0.999972999 0.006178959 -2.600751162 -0.442515403 -0.003775944 0.896752954 105.150390625
0.890664041 -0.007014502 0.454607934 6.841873169 0.005026956 0.999971807 0.005580579 -2.593937874 -0.454634160 -0.002685127 0.890674174 105.695808411
0.884714901 -0.006695007 0.466084450 7.108524323 0.004189867 0.999970675 0.006410798 -2.607645988 -0.466113716 -0.003718896 0.884716868 106.188148499
0.877743661 -0.007582564 0.479070336 7.377376556 0.005484531 0.999968290 0.005778504 -2.613119841 -0.479098827 -0.002444570 0.877757490 106.634910583
0.870807886 -0.007716999 0.491562814 7.668251038 0.005685405 0.999968052 0.005626659 -2.623787642 -0.491590470 -0.002105006 0.870823979 107.102241516
0.865115404 -0.007892166 0.501510739 7.959423065 0.005648312 0.999966145 0.005992807 -2.639081001 -0.501540959 -0.002351781 0.865130663 107.568176270
