1.000000000 0.000000000 0.000000000 0.000000000 0.000000000 1.000000000 0.000000000 0.000000000 0.000000000 0.000000000 1.000000000 0.000000000
1.000000000 0.000043681 -0.000000454 0.000288848 -0.000043681 1.000000000 0.000035259 -0.000640492 0.000000456 -0.000035259 1.000000000 -0.001396499
1.000000000 -0.000016156 -0.000014832 0.001223844 0.000016156 1.000000000 -0.000000466 -0.000312161 0.000014832 0.000000466 1.000000000 -0.001605227
1.000000000 -0.000108530 -0.000114486 0.002026173 0.000108532 1.000000000 0.000015214 -0.001174699 0.000114484 -0.000015226 1.000000000 -0.004020917
1.000000000 -0.000152595 -0.000124983 0.000384963 0.000152599 1.000000000 0.000028859 0.000106937 0.000124979 -0.000028878 1.000000000 -0.002811263
1.000000000 -0.000147961 -0.000044961 0.001215148 0.000147963 1.000000000 0.000035276 -0.000411461 0.000044956 -0.000035282 1.000000000 -0.000598819
1.000000000 -0.000142563 -0.000005177 0.000480273 0.000142563 1.000000000 0.000046063 -0.000886898 0.000005170 -0.000046064 1.000000000 -0.003307994
1.000000000 -0.000028969 -0.000068743 0.001085739 0.000028970 1.000000000 0.000015069 0.000030893 0.000068742 -0.000015071 1.000000000 -0.003025181
1.000000000 -0.000087757 -0.000023147 0.000343558 0.000087757 1.000000000 0.000010101 0.000540435 0.000023146 -0.000010103 1.000000000 -0.000297526
1.000000000 0.000018469 -0.000013620 -0.000560435 -0.000018469 1.000000000 0.000002356 0.000982376 0.000013620 -0.000002356 1.000000000 0.000147153
1.000000000 -0.000109584 -0.000124325 0.001397253 0.000109588 1.000000000 0.000030404 -0.000506563 0.000124322 -0.000030417 1.000000000 -0.001934376
1.000000000 -0.000099641 -0.000067571 0.000998821 0.000099638 1.000000000 -0.000039312 0.000368374 0.000067575 0.000039305 1.000000000 -0.000051412
1.000000000 -0.000156646 -0.000052754 -0.000536472 0.000156647 1.000000000 0.000019423 0.001041307 0.000052751 -0.000019431 1.000000000 0.000579559
1.000000000 -0.000171535 -0.000031224 0.000486649 0.000171535 1.000000000 0.000018126 0.000049987 0.000031221 -0.000018132 1.000000000 -0.003238805
1.000000000 -0.000062174 -0.000065995 0.002373839 0.000062179 1.000000000 0.000070130 -0.000839260 0.000065990 -0.000070134 1.000000000 -0.002605397
1.000000000 -0.000063449 -0.000052371 0.002741488 0.000063455 1.000000000 0.000101026 -0.001044406 0.000052365 -0.000101029 1.000000000 -0.004626561
1.000000000 -0.000092870 -0.000066981 0.002088024 0.000092871 1.000000000 0.000017867 0.000473411 0.000066979 -0.000017873 1.000000000 -0.002187215
1.000000000 -0.000018441 -0.000075051 0.001969586 0.000018445 1.000000000 0.000061819 -0.000202508 0.000075050 -0.000061820 1.000000000 -0.002920783
1.000000000 -0.000160121 -0.000130935 0.002475916 0.000160123 1.000000000 0.000015323 -0.000480378 0.000130933 -0.000015344 1.000000000 -0.002379969
1.000000000 -0.000175030 -0.000097967 0.001575394 0.000175030 1.000000000 0.000000669 0.000773710 0.000097966 -0.000000686 1.000000000 0.000363529
1.000000000 -0.000188093 -0.000080206 0.000648879 0.000188097 1.000000000 0.000060113 -0.000999485 0.000080195 -0.000060128 1.000000000 -0.005897011
1.000000000 -0.000112190 -0.000097555 0.004103173 0.000112195 1.000000000 0.000055176 -0.000922082 0.000097549 -0.000055187 1.000000000 -0.002109965
1.000000000 -0.000132272 -0.000137662 0.002970203 0.000132283 1.000000000 0.000077929 -0.000949951 0.000137652 -0.000077948 1.000000000 -0.002331127
1.000000000 -0.000195932 -0.000113087 0.001527168 0.000195938 1.000000000 0.000051978 -0.000448015 0.000113077 -0.000052000 1.000000000 -0.002574762
1.000000000 -0.000152511 -0.000143680 0.003611876 0.000152517 1.000000000 0.000037431 0.000047515 0.000143675 -0.000037453 1.000000000 -0.001550861
1.000000000 -0.000194488 -0.000105155 0.002553733 0.000194492 1.000000000 0.000037282 0.000418091 0.000105148 -0.000037303 1.000000000 -0.001065626
0.999999940 -0.000257418 -0.000170737 0.002617816 0.000257436 0.999999940 0.000108041 -0.000735494 0.000170709 -0.000108085 1.000000000 -0.005442763
0.999999940 -0.000318618 -0.000090811 0.001883112 0.000318623 0.999999940 0.000062753 -0.000895607 0.000090791 -0.000062782 1.000000000 -0.002891309
1.000000000 -0.000097275 -0.000124288 0.002334498 0.000097284 1.000000000 0.000073178 -0.001057899 0.000124281 -0.000073190 1.000000000 -0.003838704
0.999999940 -0.000209624 -0.000140209 0.003151078 0.000209639 1.000000000 0.000106969 -0.001267521 0.000140187 -0.000106998 1.000000000 -0.003383255
0.999999940 -0.000274013 -0.000158312 0.001939661 0.000274024 0.999999940 0.000074285 -0.000660545 0.000158292 -0.000074328 1.000000000 -0.003036713
0.999999940 -0.000293347 -0.000149378 0.002128892 0.000293365 0.999999940 0.000121634 -0.001362701 0.000149342 -0.000121678 1.000000000 -0.004571706
0.999999940 -0.000229638 -0.000141747 0.002184820 0.000229645 1.000000000 0.000044975 -0.000416106 0.000141737 -0.000045007 1.000000000 -0.002648439
1.000000000 -0.000199947 -0.000114580 0.001350276 0.000199949 1.000000000 0.000021926 -0.000199108 0.000114575 -0.000021949 1.000000000 -0.002635960
0.999999940 -0.000327947 -0.000145412 0.002780410 0.000327967 0.999999940 0.000136674 -0.001761037 0.000145367 -0.000136722 1.000000000 -0.006458275
0.999999940 -0.000225517 -0.000161718 0.002407609 0.000225513 1.000000000 -0.000024732 0.000202816 0.000161723 0.000024696 1.000000000 -0.002042679
1.000000000 -0.000134434 -0.000135629 0.004229956 0.000134450 1.000000000 0.000121545 -0.001414411 0.000135613 -0.000121563 1.000000000 -0.006517401
0.999999940 -0.000301737 -0.000159108 0.002279182 0.000301751 0.999999940 0.000090666 -0.000899720 0.000159080 -0.000090714 1.000000000 -0.005187972
0.999999940 -0.000231795 -0.000152552 0.002417342 0.000231814 0.999999940 0.000127827 -0.001472831 0.000152522 -0.000127862 1.000000000 -0.004532932
1.000000000 -0.000141717 -0.000192109 0.003592061 0.000141716 1.000000000 -0.000001729 -0.001141024 0.000192109 0.000001702 1.000000000 -0.001957954
1.000000000 -0.000216400 -0.000083801 0.001844859 0.000216353 0.999999821 -0.000560013 -0.001229022 0.000083923 0.000559995 0.999999821 0.045588121
1.000000000 -0.000103656 -0.000207045 0.003717167 0.000103426 0.999999404 -0.001108811 -0.004701491 0.000207159 0.001108790 0.999999344 0.136640459
1.000000000 -0.000186662 -0.000108588 0.005383636 0.000186506 0.999998927 -0.001432676 -0.006818174 0.000108855 0.001432656 0.999998987 0.253248483
1.000000000 -0.000175968 -0.000056898 0.006524906 0.000175885 0.999998927 -0.001446556 -0.011523384 0.000057153 0.001446546 0.999998927 0.387221009
1.000000000 -0.000052702 -0.000126677 0.011986491 0.000052550 0.999999285 -0.001202234 -0.017043410 0.000126740 0.001202227 0.999999285 0.524114907
1.000000000 -0.000156667 0.000019678 0.014308003 0.000156687 0.999999464 -0.001012126 -0.022893112 -0.000019520 0.001012129 0.999999464 0.676748037
0.999999940 -0.000278173 -0.000125434 0.019934667 0.000278052 0.999999523 -0.000963615 -0.025210170 0.000125702 0.000963580 0.999999523 0.841309011
0.999999940 0.000282460 0.000129689 0.018594548 -0.000282352 0.999999583 -0.000838326 -0.024365697 -0.000129926 0.000838289 0.999999642 1.019781709
1.000000000 0.000096543 -0.000114135 0.027592964 -0.000096624 0.999999762 -0.000705296 -0.033583071 0.000114067 0.000705307 0.999999762 1.188792706
0.999999762 0.000622625 0.000350484 0.027217286 -0.000622571 0.999999821 -0.000154921 -0.040046994 -0.000350581 0.000154703 0.999999940 1.383093476
0.999999762 0.000712582 0.000210766 0.031999286 -0.000712557 0.999999762 -0.000120493 -0.044504438 -0.000210852 0.000120343 1.000000000 1.573603988
0.999999881 0.000243951 0.000510503 0.033601727 -0.000243972 1.000000000 0.000042163 -0.052404895 -0.000510492 -0.000042288 0.999999940 1.774539232
0.999999940 0.000018624 0.000349946 0.040622111 -0.000018710 1.000000000 0.000244988 -0.058457755 -0.000349942 -0.000244995 0.999999940 1.978449345
0.999999583 0.000583898 0.000725792 0.037290003 -0.000584073 0.999999821 0.000240286 -0.065923482 -0.000725652 -0.000240710 0.999999762 2.188515902
0.999998987 0.001101456 0.000929785 0.035781890 -0.001101976 0.999999225 0.000558221 -0.066418156 -0.000929170 -0.000559246 0.999999404 2.399936199
0.999999106 0.001181769 0.000753314 0.046030313 -0.001182188 0.999999166 0.000556135 -0.072960399 -0.000752656 -0.000557025 0.999999583 2.620839119
0.999998868 0.001195503 0.000919773 0.047297556 -0.001195919 0.999999166 0.000451768 -0.077398285 -0.000919232 -0.000452867 0.999999464 2.859097004
0.999999464 0.000697594 0.000828958 0.055636279 -0.000698103 0.999999523 0.000614154 -0.083128646 -0.000828530 -0.000614732 0.999999464 3.087009192
0.999999583 0.000719098 0.000593523 0.062269315 -0.000719485 0.999999523 0.000652294 -0.090003602 -0.000593054 -0.000652721 0.999999583 3.318168402
0.999999464 0.000452501 0.000900941 0.059962422 -0.000453106 0.999999642 0.000671262 -0.095988542 -0.000900637 -0.000671669 0.999999285 3.563585758
0.999999583 0.000498475 0.000770360 0.067177564 -0.000499092 0.999999583 0.000801251 -0.102649309 -0.000769960 -0.000801635 0.999999344 3.808830500
0.999999583 0.000358388 0.000862131 0.072859727 -0.000359228 0.999999523 0.000974076 -0.112635180 -0.000861782 -0.000974386 0.999999106 4.070192814
0.999999106 0.000872183 0.001028723 0.062467426 -0.000873594 0.999998808 0.001371909 -0.134811088 -0.001027525 -0.001372807 0.999998510 4.312765598
0.999999344 0.000849524 0.000801454 0.070628896 -0.000850665 0.999998629 0.001424441 -0.142538399 -0.000800243 -0.001425122 0.999998689 4.567733288
0.999999225 0.000753443 0.001009771 0.075670533 -0.000755019 0.999998569 0.001561380 -0.151036397 -0.001008593 -0.001562141 0.999998271 4.824166298
0.999999464 0.000356414 0.000985739 0.089007065 -0.000358111 0.999998391 0.001722295 -0.165644884 -0.000985124 -0.001722647 0.999998033 5.093604565
0.999999583 0.000238907 0.000909990 0.094891421 -0.000240430 0.999998569 0.001673338 -0.172080606 -0.000909589 -0.001673556 0.999998152 5.362999439
0.999999464 0.000504445 0.000943408 0.100910820 -0.000506215 0.999998152 0.001876592 -0.182927459 -0.000942460 -0.001877068 0.999997795 5.623330116
0.999999404 0.000586580 0.000999952 0.103841364 -0.000588406 0.999998152 0.001826657 -0.188112020 -0.000998879 -0.001827244 0.999997854 5.901556969
0.999999464 0.000239431 0.000953999 0.101168782 -0.000240947 0.999998689 0.001589385 -0.197962597 -0.000953617 -0.001589614 0.999998271 6.164888382
0.999999523 0.000368854 0.000914937 0.110691071 -0.000370535 0.999998152 0.001837181 -0.211092189 -0.000914257 -0.001837519 0.999997914 6.438091278
0.999999225 0.000651559 0.001069816 0.114669651 -0.000653404 0.999998271 0.001725123 -0.216816738 -0.001068690 -0.001725821 0.999997973 6.728248119
0.999998629 0.000863864 0.001362065 0.119475968 -0.000867044 0.999996841 0.002335992 -0.227401763 -0.001360043 -0.002337170 0.999996364 7.010143757
0.999998510 0.001202020 0.001177542 0.125368133 -0.001204624 0.999996841 0.002213133 -0.231742561 -0.001174878 -0.002214549 0.999996841 7.306116581
0.999998271 0.001161470 0.001486395 0.131035671 -0.001164641 0.999997139 0.002134380 -0.241609752 -0.001483911 -0.002136108 0.999996603 7.619685173
0.999999225 0.000321065 0.001223252 0.143874168 -0.000324106 0.999996841 0.002486921 -0.256581187 -0.001222450 -0.002487316 0.999996126 7.924208164
0.999999106 0.000102029 0.001269723 0.141995743 -0.000105218 0.999996841 0.002512274 -0.261023909 -0.001269463 -0.002512405 0.999996066 8.272506714
0.999999046 0.000344055 0.001360720 0.153765604 -0.000347613 0.999996603 0.002615696 -0.271663368 -0.001359816 -0.002616166 0.999995708 8.595292091
0.999998629 0.000728422 0.001484663 0.152598798 -0.000732165 0.999996603 0.002521697 -0.275544941 -0.001482821 -0.002522780 0.999995768 8.939764977
0.999998271 0.000673643 0.001721281 0.163142547 -0.000678061 0.999996483 0.002567577 -0.289817601 -0.001719545 -0.002568740 0.999995232 9.286573410
0.999994755 0.002479639 0.002084647 0.170051813 -0.002484993 0.999993742 0.002569663 -0.309726596 -0.002078262 -0.002574830 0.999994516 9.619606972
0.999993324 0.002922388 0.002235953 0.180737808 -0.002928431 0.999992132 0.002704392 -0.318860710 -0.002228032 -0.002710921 0.999993861 9.970199585
0.999994099 0.002621323 0.002196685 0.187862039 -0.002627299 0.999992788 0.002722258 -0.331374168 -0.002189534 -0.002728013 0.999993920 10.320146561
0.999996185 0.001623453 0.002224254 0.194413617 -0.001630228 0.999994040 0.003047757 -0.341134489 -0.002219293 -0.003051372 0.999992847 10.682010651
0.999996066 0.001496896 0.002352041 0.202515498 -0.001504383 0.999993742 0.003185017 -0.349299163 -0.002347259 -0.003188543 0.999992132 11.046272278
0.999995768 0.002090853 0.002025125 0.210668281 -0.002097242 0.999992728 0.003157494 -0.365631580 -0.002018509 -0.003161727 0.999992907 11.434793472
0.999995649 0.002174505 0.001971489 0.220086977 -0.002180521 0.999992907 0.003054274 -0.373128027 -0.001964833 -0.003058560 0.999993384 11.811854362
0.999996126 0.001979493 0.001970440 0.235327661 -0.001986153 0.999992311 0.003383820 -0.391829967 -0.001963727 -0.003387721 0.999992311 12.197937012
0.999993682 0.002665467 0.002367339 0.243286386 -0.002673653 0.999990404 0.003461570 -0.400213540 -0.002358090 -0.003467877 0.999991179 12.569992065
0.999997020 0.001180434 0.002123860 0.250027686 -0.001188154 0.999992669 0.003637434 -0.424035698 -0.002119550 -0.003639947 0.999991119 12.965297699
0.999996483 0.001603313 0.002092694 0.264842033 -0.001611383 0.999991238 0.003859961 -0.436118335 -0.002086487 -0.003863320 0.999990344 13.373333931
0.999996126 0.001378956 0.002410854 0.271652937 -0.001388333 0.999991417 0.003892249 -0.448557466 -0.002405466 -0.003895581 0.999989450 13.766814232
0.999993801 0.001873224 0.002971492 0.273832440 -0.001885620 0.999989510 0.004174373 -0.455601841 -0.002963641 -0.004179950 0.999986827 14.189450264
0.999997258 0.001099928 0.002059431 0.311105251 -0.001108186 0.999991357 0.004012567 -0.480873883 -0.002054999 -0.004014838 0.999989808 14.587685585
0.999997795 0.000370751 0.002042530 0.322284818 -0.000379797 0.999990225 0.004430260 -0.495532811 -0.002040868 -0.004431027 0.999988079 15.012334824
0.999996066 0.000555730 0.002785534 0.320336878 -0.000569482 0.999987602 0.004938618 -0.518834829 -0.002782756 -0.004940185 0.999983847 15.452450752
0.999992907 0.001171240 0.003577118 0.324822485 -0.001188748 0.999987245 0.004896087 -0.529814720 -0.003571338 -0.004900304 0.999981642 15.890740395
0.999990821 0.001510327 0.004020631 0.333963454 -0.001531712 0.999984682 0.005320972 -0.541332245 -0.004012534 -0.005327082 0.999977827 16.350446701
0.999992371 0.001212509 0.003692792 0.347261846 -0.001229870 0.999988139 0.004702802 -0.556442380 -0.003687046 -0.004707308 0.999982119 16.774486542
0.999991894 0.001192086 0.003820009 0.361207068 -0.001210003 0.999988258 0.004691265 -0.567026734 -0.003814372 -0.004695850 0.999981642 17.234695435
0.999989808 0.001349084 0.004310335 0.372805834 -0.001370354 0.999986947 0.004935469 -0.578564525 -0.004303620 -0.004941325 0.999978542 17.699668884
0.999992549 0.000261315 0.003847156 0.392961919 -0.000281818 0.999985695 0.005329806 -0.597835422 -0.003845709 -0.005330851 0.999978423 18.130149841
0.999989033 0.001112877 0.004529697 0.400696814 -0.001138145 0.999983788 0.005579587 -0.606730938 -0.004523414 -0.005584682 0.999974191 18.608322144
0.999992132 0.000338201 0.003956414 0.420638114 -0.000360163 0.999984562 0.005551626 -0.621961713 -0.003954475 -0.005553008 0.999976754 19.073755264
0.999991357 0.000494056 0.004113385 0.436951816 -0.000516207 0.999985337 0.005385708 -0.632925928 -0.004110665 -0.005387784 0.999977112 19.546199799
0.999989569 0.001032002 0.004451115 0.447936684 -0.001058874 0.999981225 0.006038969 -0.668126166 -0.004444801 -0.006043619 0.999971807 20.027416229
0.999990523 0.000683764 0.004286930 0.462965846 -0.000710618 0.999980152 0.006265849 -0.680061340 -0.004282561 -0.006268837 0.999971151 20.521974564
0.999993443 -0.001856072 0.003111150 0.497504026 0.001835623 0.999976754 0.006562719 -0.713849604 -0.003123258 -0.006556965 0.999973655 20.990373611
0.999994934 -0.001727030 0.002672437 0.506421924 0.001708658 0.999975026 0.006861859 -0.725352824 -0.002684220 -0.006857257 0.999972939 21.496580124
0.999996006 -0.001704486 0.002273663 0.513019741 0.001688902 0.999975145 0.006838358 -0.738856196 -0.002285263 -0.006834489 0.999974012 22.000055313
0.999997377 -0.001060058 0.002019619 0.516542912 0.001046455 0.999976754 0.006724651 -0.751313984 -0.002026700 -0.006722521 0.999975264 22.490175247
0.999998212 -0.001484021 0.001095814 0.527584314 0.001476634 0.999976337 0.006712188 -0.759576321 -0.001105749 -0.006710557 0.999976814 23.008710861
0.999998569 -0.001364636 0.001021707 0.553918421 0.001357188 0.999972701 0.007255116 -0.787982464 -0.001031579 -0.007253719 0.999973178 23.487998962
0.999997199 -0.002315082 0.000560835 0.554787636 0.002310884 0.999970138 0.007374322 -0.805188537 -0.000577890 -0.007373005 0.999972641 24.003267288
0.999998510 -0.001681553 -0.000204234 0.568355739 0.001682898 0.999975681 0.006769917 -0.799838126 0.000192845 -0.006770250 0.999977052 24.544633865
0.999999046 -0.001098997 -0.000824582 0.586229265 0.001104487 0.999977052 0.006686542 -0.812081337 0.000817215 -0.006687446 0.999977231 25.081106186
0.999998212 -0.000726773 -0.001761306 0.595013499 0.000738608 0.999977112 0.006728062 -0.821424365 0.001756376 -0.006729352 0.999975741 25.616653442
0.999996364 -0.001093806 -0.002472203 0.610742927 0.001109959 0.999978006 0.006541792 -0.831435919 0.002464993 -0.006544512 0.999975502 26.177099228
0.999995589 -0.001763801 -0.002401389 0.593240082 0.001781119 0.999972284 0.007228968 -0.838567972 0.002388572 -0.007233214 0.999970913 26.589672089
0.999994814 -0.001801630 -0.002694321 0.608246207 0.001822046 0.999969542 0.007594128 -0.859620750 0.002680557 -0.007598997 0.999967515 27.133987427
0.999994040 -0.001106910 -0.003249615 0.619627714 0.001131842 0.999969840 0.007680598 -0.874824822 0.003241015 -0.007684231 0.999965191 27.679176331
0.999990940 -0.001055094 -0.004113383 0.632018149 0.001086895 0.999969482 0.007736356 -0.884415686 0.004105094 -0.007740756 0.999961615 28.222339630
0.999994159 -0.000176936 -0.003447030 0.627380610 0.000202557 0.999972463 0.007433605 -0.896805048 0.003445620 -0.007434261 0.999966383 28.754516602
0.999993086 -0.000016469 -0.003711516 0.634143353 0.000044621 0.999971271 0.007584983 -0.910154104 0.003711284 -0.007585096 0.999964356 29.301486969
0.999989331 -0.001165134 -0.004470557 0.653493583 0.001199934 0.999968886 0.007789462 -0.906504989 0.004461343 -0.007794742 0.999959648 29.841457367
0.999987483 -0.000966027 -0.004918905 0.667188644 0.001002716 0.999971628 0.007461927 -0.919092178 0.004911557 -0.007466764 0.999960065 30.394969940
0.999986827 -0.001471196 -0.004920293 0.673493981 0.001510487 0.999966860 0.007991109 -0.939140081 0.004908374 -0.007998435 0.999955952 30.966478348
0.999982417 -0.001891813 -0.005620513 0.697403967 0.001935764 0.999967456 0.007824726 -0.953574717 0.005605528 -0.007835469 0.999953628 31.509365082
0.999976397 -0.002239092 -0.006495425 0.715773165 0.002290003 0.999966621 0.007841093 -0.974291503 0.006477650 -0.007855780 0.999948204 32.027500153
0.999982357 -0.001919988 -0.005616616 0.704300821 0.001968682 0.999960363 0.008676892 -1.008631945 0.005599734 -0.008687795 0.999946594 32.489253998
0.999981284 -0.000830861 -0.006070795 0.722010195 0.000876635 0.999971151 0.007541228 -0.976837158 0.006064354 -0.007546409 0.999953091 33.101943970
0.999978244 -0.002338778 -0.006155559 0.725355983 0.002393928 0.999956965 0.008967386 -1.038692117 0.006134321 -0.008981929 0.999940872 33.563995361
0.999979138 -0.002033049 -0.006130872 0.730699480 0.002086999 0.999958992 0.008806284 -1.043190241 0.006112717 -0.008818894 0.999942482 34.127933502
0.999971747 -0.002911019 -0.006922716 0.749410272 0.002974400 0.999953568 0.009162848 -1.059817791 0.006895721 -0.009183180 0.999934077 34.662433624
0.999981999 -0.001293407 -0.005847923 0.672456920 0.001346957 0.999957144 0.009162429 -1.074137926 0.005835822 -0.009170139 0.999940932 35.231090546
0.999981225 -0.001554898 -0.005923546 0.680289209 0.001609158 0.999956727 0.009166185 -1.083957911 0.005909037 -0.009175546 0.999940455 35.787551880
0.999985754 -0.000796850 -0.005269528 0.687844276 0.000843516 0.999960482 0.008859416 -1.094305515 0.005262259 -0.008863734 0.999946892 36.333683014
0.999981344 -0.000151450 -0.006109989 0.691210032 0.000208646 0.999956131 0.009361478 -1.089884043 0.006108304 -0.009362576 0.999937534 36.782318115
0.999980807 0.000010108 -0.006197263 0.700407505 0.000045985 0.999959052 0.009051133 -1.102064013 0.006197101 -0.009051246 0.999939859 37.322463989
0.999982178 0.000073983 -0.005973035 0.710540771 -0.000019021 0.999957681 0.009201206 -1.108072758 0.005973462 -0.009200929 0.999939859 37.884731293
0.999977946 -0.000481834 -0.006628818 0.712750793 0.000545771 0.999953330 0.009646807 -1.126220465 0.006623860 -0.009650212 0.999931514 38.406066895
0.999979258 0.000611362 -0.006410244 0.726359367 -0.000553736 0.999959469 0.008987463 -1.130053997 0.006415478 -0.008983728 0.999939084 38.957965851
0.999966025 -0.002386355 -0.007888291 0.777779102 0.002467698 0.999943733 0.010318303 -1.156868100 0.007863224 -0.010337419 0.999915659 39.625679016
0.999965250 -0.002390012 -0.007986771 0.791500092 0.002472799 0.999943197 0.010371701 -1.173415542 0.007961529 -0.010391090 0.999914289 40.148090363
0.999966621 -0.002535176 -0.007768779 0.796165228 0.002616021 0.999942362 0.010413973 -1.184575081 0.007741929 -0.010433947 0.999915600 40.713451385
0.999971151 -0.001718029 -0.007397850 0.806871116 0.001793669 0.999946058 0.010230140 -1.191743851 0.007379875 -0.010243112 0.999920249 41.239326477
0.999966264 -0.002122623 -0.007938243 0.822823822 0.002205936 0.999942422 0.010501021 -1.212489367 0.007915496 -0.010518176 0.999913335 41.789180756
0.999957800 -0.003155828 -0.008627418 0.793201327 0.003244959 0.999941230 0.010336679 -1.217440486 0.008594292 -0.010364241 0.999909282 42.271533966
0.999954045 -0.003529291 -0.008918454 0.808085203 0.003626028 0.999934435 0.010854077 -1.230023384 0.008879563 -0.010885917 0.999901295 42.810302734
0.999956191 -0.003237978 -0.008784897 0.815166116 0.003330958 0.999938309 0.010590107 -1.242590189 0.008750065 -0.010618905 0.999905288 43.359493256
0.999961972 -0.002877838 -0.008234038 0.774001896 0.002966929 0.999936998 0.010828066 -1.286404371 0.008202358 -0.010852084 0.999907494 43.812828064
0.999963760 -0.002060276 -0.008253132 0.775369883 0.002149757 0.999938846 0.010847839 -1.298639536 0.008230276 -0.010865186 0.999907076 44.339099884
0.999965012 -0.001689456 -0.008194084 0.783279955 0.001775929 0.999942660 0.010557275 -1.310609698 0.008175779 -0.010571457 0.999910653 44.885185242
0.999964714 -0.001974963 -0.008166614 0.793930471 0.002066570 0.999934793 0.011224097 -1.324487448 0.008143916 -0.011240578 0.999903679 45.369220734
0.999961674 -0.002115466 -0.008494647 0.803288221 0.002207939 0.999938250 0.010891422 -1.326516509 0.008471082 -0.010909759 0.999904573 45.938419342
0.999958754 -0.002451475 -0.008739418 0.819478929 0.002554417 0.999927223 0.011787477 -1.354846001 0.008709885 -0.011809316 0.999892354 46.443019867
0.999950469 -0.003877104 -0.009166695 0.805800855 0.003984338 0.999923527 0.011709115 -1.363244057 0.009120596 -0.011745058 0.999889433 46.875183105
0.999954164 -0.003403437 -0.008953336 0.805921078 0.003504826 0.999929667 0.011332898 -1.370638013 0.008914134 -0.011363759 0.999895751 47.423469543
0.999965847 -0.002019165 -0.008005998 0.812357664 0.002110870 0.999932051 0.011462803 -1.376635313 0.007982308 -0.011479312 0.999902248 47.918842316
0.999952793 -0.004019528 -0.008850265 0.821480453 0.004117051 0.999930799 0.011028612 -1.387680411 0.008805322 -0.011064529 0.999899983 48.525932312
0.999961376 -0.002153002 -0.008534385 0.827369809 0.002251655 0.999930561 0.011566717 -1.390335560 0.008508890 -0.011585486 0.999896705 48.933666229
0.999963224 -0.001543019 -0.008434129 0.829455912 0.001641998 0.999929726 0.011741222 -1.397760034 0.008415419 -0.011754642 0.999895513 49.479488373
0.999961317 -0.002736931 -0.008361519 0.805774212 0.002838832 0.999921560 0.012199455 -1.446456313 0.008327475 -0.012222720 0.999890566 49.981540680
0.999966860 -0.001685620 -0.007968592 0.837610364 0.001778304 0.999930680 0.011638393 -1.413919091 0.007948422 -0.011652177 0.999900520 50.566162109
0.999964356 -0.001847901 -0.008235689 0.803904057 0.001949196 0.999922276 0.012308574 -1.477251053 0.008212305 -0.012324190 0.999890327 51.136913300
0.999960661 -0.002432357 -0.008524465 0.812555373 0.002536363 0.999922216 0.012211460 -1.505372763 0.008494099 -0.012232600 0.999889076 51.682575226
0.999962747 -0.001955852 -0.008403705 0.815229416 0.002057933 0.999924004 0.012155774 -1.496684790 0.008379291 -0.012172615 0.999890804 52.198585510
0.999964237 -0.001824870 -0.008252197 0.819059730 0.001926491 0.999922156 0.012323240 -1.507321954 0.008229067 -0.012338696 0.999889970 52.748619080
0.999962687 -0.002173560 -0.008350083 0.831488609 0.002276157 0.999921799 0.012297239 -1.525337458 0.008322700 -0.012315787 0.999889493 53.274024963
0.999959826 -0.002232233 -0.008670444 0.836954653 0.002338182 0.999922514 0.012228743 -1.535057545 0.008642474 -0.012248526 0.999887586 53.817165375
0.999968112 -0.001673419 -0.007807350 0.828995824 0.001767772 0.999925315 0.012094031 -1.545755506 0.007786529 -0.012107451 0.999896348 54.326290131
0.999962866 -0.002147628 -0.008342694 0.844389439 0.002251930 0.999919116 0.012512908 -1.553199768 0.008315149 -0.012531231 0.999886870 54.863903046
0.999962509 -0.002101468 -0.008400875 0.851233721 0.002206640 0.999918997 0.012529549 -1.558029175 0.008373866 -0.012547617 0.999886215 55.411445618
0.999961615 -0.002629970 -0.008359046 0.860559940 0.002735252 0.999916732 0.012608655 -1.571396351 0.008325191 -0.012631034 0.999885559 55.959854126
0.999970317 -0.001568462 -0.007536146 0.815833330 0.001663284 0.999919474 0.012592678 -1.568701148 0.007515788 -0.012604841 0.999892294 56.445354462
0.999967933 -0.001791704 -0.007799433 0.893864512 0.001885496 0.999925792 0.012034855 -1.566354990 0.007777291 -0.012049176 0.999897182 57.028579712
0.999966562 -0.001846377 -0.007968141 0.836173892 0.001944740 0.999921799 0.012354486 -1.586088896 0.007944707 -0.012369567 0.999891937 57.534290314
0.999972939 -0.001150267 -0.007267064 0.882433057 0.001245083 0.999913990 0.013056314 -1.605760336 0.007251421 -0.013065008 0.999888361 57.935340881
0.999973893 -0.000952819 -0.007158590 0.853900075 0.001041084 0.999923408 0.012336417 -1.580455303 0.007146287 -0.012343548 0.999898255 58.640766144
0.999972105 -0.001116752 -0.007387116 0.889576316 0.001217441 0.999906242 0.013639919 -1.637517452 0.007371192 -0.013648533 0.999879658 58.932220459
0.999974489 -0.000805445 -0.007094084 0.896443069 0.000903029 0.999904871 0.013763307 -1.643946290 0.007082324 -0.013769362 0.999880075 59.489700317
0.999969244 -0.001512696 -0.007705030 0.911996603 0.001616348 0.999908030 0.013464057 -1.652858973 0.007683956 -0.013476097 0.999879658 60.045524597
0.999972999 -0.001072112 -0.007268718 0.925776720 0.001177011 0.999895036 0.014442667 -1.666445732 0.007252472 -0.014450833 0.999869227 60.586654663
0.999965012 -0.002096028 -0.008097932 0.941649079 0.002211828 0.999895096 0.014317599 -1.676335812 0.008067072 -0.014335010 0.999864697 61.124889374
0.999964714 -0.001696337 -0.008225230 0.956272244 0.001811016 0.999900997 0.013955009 -1.692535639 0.008200743 -0.013969415 0.999868751 61.659606934
0.999967277 -0.001721319 -0.007907335 0.961449921 0.001833571 0.999897420 0.014210634 -1.714359879 0.007882062 -0.014224667 0.999867737 62.097633362
0.999968231 -0.000614747 -0.007944908 1.004390597 0.000722577 0.999907494 0.013576444 -1.660586953 0.007935828 -0.013581755 0.999876261 62.423698425
0.999970019 -0.000481586 -0.007725188 1.007643461 0.000585479 0.999909282 0.013452033 -1.668268681 0.007718009 -0.013456153 0.999879658 62.963134766
0.999966443 -0.000336505 -0.008180110 1.009788156 0.000450571 0.999902606 0.013946494 -1.680019140 0.008174621 -0.013949714 0.999869227 63.510547638
0.999972463 0.000135136 -0.007420623 1.002616882 -0.000035749 0.999910295 0.013391795 -1.686820984 0.007421766 -0.013391162 0.999882758 64.047172546
0.999967337 -0.001057415 -0.008005207 1.016468287 0.001165742 0.999907672 0.013539540 -1.706314802 0.007990150 -0.013548428 0.999876320 64.561508179
0.999965847 -0.001101436 -0.008181321 1.022197843 0.001211858 0.999908090 0.013504220 -1.712366939 0.008165696 -0.013513674 0.999875307 65.115020752
0.999966919 -0.001307938 -0.008028301 1.031300783 0.001415947 0.999908388 0.013462551 -1.722558498 0.008009955 -0.013473471 0.999877155 65.651580811
0.999965012 -0.001238111 -0.008272294 1.057508945 0.001351903 0.999904335 0.013764361 -1.746360302 0.008254461 -0.013775063 0.999871016 66.137939453
0.999961078 -0.001384563 -0.008709465 1.078690886 0.001503573 0.999905407 0.013672845 -1.756952286 0.008689709 -0.013685406 0.999868631 66.653556824
0.999974012 -0.000138744 -0.007211801 1.000203371 0.000241093 0.999899268 0.014192902 -1.795745850 0.007209104 -0.014194271 0.999873221 67.054573059
0.999973834 -0.000584716 -0.007219547 1.011229157 0.000686615 0.999900043 0.014119961 -1.799582243 0.007210569 -0.014124547 0.999874175 67.607666016
0.999972582 -0.000491148 -0.007402895 1.025989294 0.000596542 0.999898434 0.014241295 -1.814390898 0.007395148 -0.014245320 0.999871135 68.147804260
0.999974072 -0.000190347 -0.007203874 1.022668123 0.000290109 0.999904096 0.013849932 -1.813468695 0.007200547 -0.013851663 0.999878109 68.668472290
0.999970257 -0.001251337 -0.007620135 1.050398588 0.001358719 0.999899626 0.014103024 -1.818681121 0.007601725 -0.014112959 0.999871492 69.250991821
0.999972582 0.000415190 -0.007390593 1.089594841 -0.000301496 0.999881685 0.015378110 -1.929881454 0.007396103 -0.015375462 0.999854445 69.394660950
0.999973297 0.000795410 -0.007263173 1.096067190 -0.000684681 0.999883711 0.015235004 -1.936277032 0.007274447 -0.015229626 0.999857605 69.935165405
0.999972224 0.000880160 -0.007400925 1.108226061 -0.000772029 0.999893188 0.014600618 -1.940320730 0.007412985 -0.014594501 0.999866009 70.486412048
0.999972820 0.000343370 -0.007367247 1.108993053 -0.000228382 0.999878168 0.015603147 -1.967918396 0.007371707 -0.015601041 0.999851108 70.914344788
0.999973416 0.000661378 -0.007251642 1.119812012 -0.000552920 0.999888062 0.014948173 -1.948339343 0.007260716 -0.014943767 0.999861956 71.588531494
0.999973953 0.001387116 -0.007085816 1.136606693 -0.001279758 0.999884665 0.015133173 -1.965227246 0.007105991 -0.015123712 0.999860406 72.227294922
0.999975204 0.001497150 -0.006879656 1.139037371 -0.001395441 0.999890029 0.014765203 -1.969058394 0.006901005 -0.014755236 0.999867320 72.765655518
0.999973774 0.000157934 -0.007259986 1.123798370 -0.000045640 0.999880433 0.015465086 -1.994292140 0.007261561 -0.015464348 0.999854028 73.156318665
0.999975741 0.001789310 -0.006723653 1.150205851 -0.001693805 0.999898016 0.014183221 -1.976863265 0.006748346 -0.014171490 0.999876738 73.849914551
0.999974489 0.000345103 -0.007147205 1.145838261 -0.000235342 0.999882162 0.015352341 -2.011787891 0.007151660 -0.015350268 0.999856532 74.216163635
0.999975383 0.001152013 -0.006912037 1.126963615 -0.001049216 0.999889076 0.014857312 -2.035909653 0.006928386 -0.014849693 0.999865711 75.009284973
0.999974489 0.000541789 -0.007122293 1.168134689 -0.000434969 0.999887586 0.014991051 -2.020670414 0.007129614 -0.014987571 0.999862194 75.288856506
0.999975741 0.000842330 -0.006905847 1.130095005 -0.000740534 0.999891162 0.014729947 -2.056033134 0.006917502 -0.014724478 0.999867678 76.106040955
0.999976695 0.000574420 -0.006795781 1.136624217 -0.000476406 0.999895930 0.014415558 -2.060721397 0.006803355 -0.014411988 0.999872983 76.651695251
0.999978364 0.001732557 -0.006346115 1.165808439 -0.001640608 0.999893963 0.014465638 -2.057502508 0.006370504 -0.014454912 0.999875188 77.235610962
0.999979436 0.001539469 -0.006221934 1.161686301 -0.001449615 0.999894977 0.014420305 -2.079445601 0.006243480 -0.014410987 0.999876678 77.806640625
0.999977291 0.000787914 -0.006687169 1.176421642 -0.000690846 0.999894559 0.014505487 -2.098313093 0.006697894 -0.014500536 0.999872446 78.377540588
0.999979556 0.000623324 -0.006364888 1.195731401 -0.000530616 0.999893844 0.014556827 -2.092422485 0.006373286 -0.014553151 0.999873757 78.980163574
0.999986827 0.001303272 -0.004953072 1.195150256 -0.001233379 0.999899983 0.014088000 -2.099514008 0.004970938 -0.014081706 0.999888480 79.532676697
0.999991655 0.001089980 -0.003925175 1.213731885 -0.001034554 0.999900103 0.014095048 -2.109218836 0.003940147 -0.014090872 0.999892950 80.100502014
0.999996781 0.001017701 -0.002303640 1.225043535 -0.000985190 0.999900460 0.014070190 -2.116551161 0.002317730 -0.014067875 0.999898374 80.667304993
0.999999404 0.000673314 0.000896988 1.244109869 -0.000685595 0.999904990 0.013762164 -2.116948605 -0.000887637 -0.013762772 0.999904871 81.199638367
0.999990761 -0.000015293 0.004302992 1.269419789 -0.000044993 0.999901772 0.014009772 -2.129384518 -0.004302784 -0.014009837 0.999892533 81.792915344
0.999971807 0.000326752 0.007504949 1.288934469 -0.000430785 0.999903738 0.013864409 -2.136162758 -0.007499697 -0.013867250 0.999875665 82.334068298
0.999926448 -0.000295691 0.012124998 1.314496279 0.000127654 0.999903977 0.013857213 -2.145122051 -0.012127929 -0.013854647 0.999830484 82.918174744
0.999834955 0.000073418 0.018164158 1.337494254 -0.000328470 0.999901354 0.014038901 -2.150779724 -0.018161336 -0.014042551 0.999736428 83.479156494
0.999711454 0.000066348 0.024021735 1.371523142 -0.000402504 0.999902070 0.013989255 -2.163096189 -0.024018455 -0.013994888 0.999613583 84.024604797
0.999557376 -0.000060189 0.029752990 1.399092317 -0.000345809 0.999906898 0.013640270 -2.164093018 -0.029751044 -0.013644518 0.999464154 84.593444824
0.999300599 -0.000104535 0.037391610 1.442207694 -0.000394538 0.999910951 0.013339570 -2.169066429 -0.037389673 -0.013344994 0.999211669 85.153800964
0.998971522 -0.000601396 0.045338683 1.485993624 0.000013752 0.999916017 0.012960390 -2.175786972 -0.045342669 -0.012946436 0.998887599 85.712577820
0.998651862 -0.001361638 0.051889401 1.541844845 0.000673932 0.999911726 0.013268502 -2.188219786 -0.051902883 -0.013215645 0.998564780 86.281944275
0.998179317 -0.000955621 0.060310323 1.602066755 0.000180433 0.999917448 0.012857464 -2.194159985 -0.060317632 -0.012823175 0.998096883 86.867218018
0.997517288 -0.001529737 0.070405744 1.665762424 0.000637507 0.999919176 0.012693415 -2.205525875 -0.070419475 -0.012617016 0.997437656 87.395538330
0.996882379 -0.001889238 0.078879364 1.733109951 0.000883031 0.999917805 0.012789208 -2.213790894 -0.078897052 -0.012679684 0.996802092 87.944259644
0.996241510 -0.002971241 0.086566649 1.801294327 0.001931609 0.999925017 0.012090898 -2.213689804 -0.086596079 -0.011878242 0.996172667 88.520759583
0.995296121 -0.003666690 0.096809387 1.881017685 0.002521611 0.999925375 0.011947881 -2.218760490 -0.096845984 -0.011647563 0.995231211 89.076927185
0.994185567 -0.003593864 0.107620284 1.961618423 0.002283534 0.999921799 0.012296249 -2.228620052 -0.107656062 -0.011979000 0.994115949 89.625511169
0.993131459 -0.003518365 0.116950326 2.049223900 0.002111953 0.999923944 0.012147467 -2.237371206 -0.116984181 -0.011817038 0.993063450 90.178573608
0.991808295 -0.003811202 0.127678484 2.145565033 0.002230801 0.999919116 0.012518688 -2.246905804 -0.127715886 -0.012131313 0.991736591 90.720230103
0.990161240 -0.003552280 0.139886141 2.249076843 0.001817877 0.999919891 0.012524503 -2.262394428 -0.139919460 -0.012146980 0.990088403 91.264770508
0.988595665 -0.004293459 0.150532797 2.360999107 0.002411236 0.999916792 0.012684036 -2.274064779 -0.150574729 -0.012176414 0.988523602 91.823959351
0.987019300 -0.004737958 0.160531476 2.474007607 0.002767957 0.999918044 0.012493149 -2.277294159 -0.160577506 -0.011886637 0.986951649 92.367370605
0.984885693 -0.005250766 0.173125997 2.600952148 0.003216614 0.999922395 0.012028014 -2.285754681 -0.173175707 -0.011289340 0.984826207 92.888648987
0.982538879 -0.005620921 0.185972258 2.728384972 0.003330476 0.999914885 0.012626175 -2.299807072 -0.186027363 -0.011786333 0.982473850 93.455657959
0.980614185 -0.006132709 0.195852339 2.862400055 0.003856413 0.999920547 0.012001733 -2.302540779 -0.195910394 -0.011013783 0.980559945 93.998283386
0.977728307 -0.005772158 0.209795818 2.984247208 0.003201832 0.999915659 0.012589141 -2.318045616 -0.209850803 -0.011637025 0.977664173 94.512695312
0.974781454 -0.005778370 0.223086789 3.153238297 0.003137732 0.999920785 0.012189467 -2.312316418 -0.223139539 -0.011182080 0.974722385 95.124389648
0.972286999 -0.006419131 0.233702287 3.304939270 0.003681508 0.999919415 0.012148499 -2.321673393 -0.233761400 -0.010951452 0.972232282 95.664749146
0.969360948 -0.007142838 0.245536983 3.465408325 0.004303249 0.999917567 0.012099393 -2.330993176 -0.245603129 -0.010672072 0.969311714 96.178146362
0.965542734 -0.006755849 0.260156751 3.630792618 0.003674295 0.999917150 0.012329494 -2.336506844 -0.260218531 -0.010948760 0.965487659 96.740447998
0.962241828 -0.007368289 0.272096068 3.796964645 0.004220041 0.999917209 0.012153719 -2.347728252 -0.272163093 -0.010546561 0.962193310 97.238906860
0.958827734 -0.007486982 0.283889651 3.981443405 0.003938442 0.999906778 0.013068443 -2.354117393 -0.283961117 -0.011412301 0.958767891 97.798568726
0.954592764 -0.007443196 0.297820717 4.171148300 0.003705917 0.999907196 0.013111451 -2.362477303 -0.297890693 -0.011412396 0.954531729 98.320144653
0.950292528 -0.008101246 0.311252981 4.371063232 0.004228996 0.999904990 0.013113754 -2.367957115 -0.311329693 -0.011145613 0.950236559 98.839538574
0.946532249 -0.008658375 0.322492927 4.570156097 0.004696008 0.999903679 0.013062667 -2.374751568 -0.322574973 -0.010849805 0.946481705 99.358489990
0.942118347 -0.009249030 0.335152894 4.785350800 0.005186566 0.999901831 0.013014252 -2.382701874 -0.335240364 -0.010522674 0.942073882 99.873550415
0.936999559 -0.008797179 0.349219650 4.998344421 0.004608405 0.999907136 0.012823699 -2.388648510 -0.349300086 -0.010406452 0.936953127 100.392799377
0.932418644 -0.009545011 0.361254185 5.224006653 0.005333377 0.999905705 0.012653617 -2.394992590 -0.361340970 -0.009871761 0.932381451 100.904159546
0.928173780 -0.010256911 0.372005671 5.450084686 0.005904201 0.999900162 0.012837875 -2.400437593 -0.372100264 -0.009719380 0.928141654 101.413131714
0.922711492 -0.010288845 0.385353833 5.687004089 0.005722102 0.999899149 0.012995746 -2.408556938 -0.385448605 -0.009786288 0.922677517 101.924240112
0.917245448 -0.011041796 0.398169309 5.930622101 0.006320418 0.999893308 0.013168375 -2.414236784 -0.398272216 -0.009562035 0.917217433 102.413085938
0.912518978 -0.011829987 0.408863306 6.183414459 0.007122397 0.999889672 0.013034575 -2.421516895 -0.408972472 -0.008982209 0.912502587 102.908592224
0.905786932 -0.011740575 0.423570782 6.446449280 0.006798688 0.999890089 0.013176361 -2.427192211 -0.423678905 -0.009055250 0.905767202 103.427818298
0.899072945 -0.012127512 0.437630802 6.713695526 0.007034115 0.999887347 0.013257666 -2.433109760 -0.437742352 -0.008841264 0.899057031 103.915252686
0.893233001 -0.013097923 0.449403226 6.986469269 0.007963162 0.999879599 0.013314080 -2.441538095 -0.449523479 -0.008313905 0.893229902 104.397262573
0.887650847 -0.013677083 0.460313857 7.255313873 0.008441000 0.999874175 0.013431488 -2.444236517 -0.460439712 -0.008036962 0.887654603 104.865524292
0.880465925 -0.014191275 0.473896891 7.535461426 0.008787289 0.999868691 0.013615832 -2.452138424 -0.474027902 -0.007824007 0.880474985 105.340736389
0.873534858 -0.014448029 0.486547142 7.820514679 0.009008987 0.999867976 0.013516593 -2.456742287 -0.486678183 -0.007423918 0.873549759 105.808410645
