1.000000000 0.000000000 0.000000000 0.000000000 0.000000000 1.000000000 0.000000000 0.000000000 0.000000000 0.000000000 1.000000000 0.000000000
1.000000000 0.000009252 -0.000028785 0.000241106 -0.000009254 1.000000000 -0.000072889 0.000577801 0.000028784 0.000072889 1.000000000 0.000384126
1.000000000 -0.000085536 -0.000041006 -0.000398036 0.000085534 1.000000000 -0.000032771 0.000640217 0.000041009 0.000032767 1.000000000 0.001532436
1.000000000 -0.000004244 -0.000087072 -0.001347725 0.000004240 1.000000000 -0.000046706 0.001709354 0.000087073 0.000046706 1.000000000 0.001015581
1.000000000 -0.000012551 -0.000015766 -0.000617275 0.000012551 1.000000000 0.000027456 -0.000027501 0.000015766 -0.000027456 1.000000000 0.000022932
1.000000000 -0.000073092 0.000010047 -0.000713455 0.000073092 1.000000000 -0.000002334 0.000250881 -0.000010047 0.000002335 1.000000000 0.000520318
1.000000000 0.000101212 -0.000042080 -0.000193662 -0.000101213 1.000000000 -0.000028326 0.000719186 0.000042077 0.000028330 1.000000000 -0.002546625
1.000000000 0.000016549 0.000004227 -0.000205636 -0.000016548 1.000000000 -0.000043370 0.001267986 -0.000004228 0.000043370 1.000000000 0.002425240
1.000000000 0.000059672 0.000028980 -0.001353877 -0.000059671 1.000000000 -0.000026640 0.001296672 -0.000028981 0.000026638 1.000000000 0.001637974
1.000000000 -0.000013173 -0.000055068 -0.000420014 0.000013172 1.000000000 -0.000009974 0.001206549 0.000055068 0.000009973 1.000000000 0.001529490
1.000000000 -0.000054776 -0.000051371 -0.000434465 0.000054774 1.000000000 -0.000036410 0.001201406 0.000051373 0.000036407 1.000000000 0.000965677
1.000000000 -0.000052384 -0.000040791 -0.001758656 0.000052387 1.000000000 0.000059209 0.001156118 0.000040788 -0.000059211 1.000000000 0.001631269
1.000000000 -0.000012071 -0.000047345 -0.001557928 0.000012069 1.000000000 -0.000031143 0.000708903 0.000047346 0.000031142 1.000000000 0.000691486
1.000000000 0.000008601 -0.000065438 0.000727759 -0.000008598 1.000000000 0.000057388 -0.000253710 0.000065439 -0.000057387 1.000000000 -0.002982023
1.000000000 -0.000074215 -0.000075914 0.000825663 0.000074220 1.000000000 0.000070577 0.000062978 0.000075909 -0.000070582 1.000000000 -0.002446964
1.000000000 0.000009708 -0.000025148 -0.000154735 -0.000009709 1.000000000 -0.000016736 0.001651238 0.000025148 0.000016736 1.000000000 0.000890642
1.000000000 -0.000026491 -0.000061695 0.000300201 0.000026494 1.000000000 0.000050064 0.000515319 0.000061694 -0.000050065 1.000000000 -0.001346468
1.000000000 -0.000081574 -0.000093887 0.000494225 0.000081575 1.000000000 0.000001948 0.000056407 0.000093887 -0.000001956 1.000000000 -0.002558795
1.000000000 -0.000066904 -0.000059192 -0.000457771 0.000066905 1.000000000 0.000021088 0.000881958 0.000059190 -0.000021092 1.000000000 0.001115111
1.000000000 -0.000137797 -0.000083215 -0.000647004 0.000137803 1.000000000 0.000073645 -0.000274129 0.000083205 -0.000073657 1.000000000 -0.003070453
1.000000000 -0.000071718 -0.000107015 0.002152678 0.000071725 1.000000000 0.000065396 -0.000271369 0.000107010 -0.000065404 1.000000000 -0.001662499
1.000000000 -0.000084348 -0.000092961 0.000645715 0.000084351 1.000000000 0.000026418 0.000424522 0.000092959 -0.000026426 1.000000000 -0.001357550
1.000000000 -0.000087539 -0.000077126 -0.000475907 0.000087540 1.000000000 0.000015567 0.000621470 0.000077125 -0.000015574 1.000000000 -0.000152912
1.000000000 -0.000072119 -0.000093294 0.000955735 0.000072124 1.000000000 0.000055298 0.000425851 0.000093290 -0.000055305 1.000000000 -0.001319754
1.000000000 -0.000108188 -0.000068276 0.001225428 0.000108191 1.000000000 0.000037725 0.000565983 0.000068272 -0.000037733 1.000000000 -0.000684289
1.000000000 -0.000165946 -0.000116311 0.001256047 0.000165954 1.000000000 0.000061416 0.000071250 0.000116301 -0.000061436 1.000000000 -0.002776376
0.999999940 -0.000246168 -0.000087017 -0.000020883 0.000246169 0.999999940 0.000017762 -0.000136348 0.000087012 -0.000017783 1.000000000 -0.003099204
1.000000000 -0.000086108 -0.000118951 0.001153999 0.000086117 1.000000000 0.000077475 0.000060129 0.000118945 -0.000077485 1.000000000 -0.001886222
1.000000000 -0.000093666 -0.000118187 0.002332743 0.000093672 1.000000000 0.000056609 -0.000031287 0.000118181 -0.000056620 1.000000000 -0.002519892
1.000000000 -0.000170115 -0.000153884 0.001255131 0.000170118 1.000000000 0.000021353 0.000377095 0.000153881 -0.000021379 1.000000000 -0.002271293
1.000000000 -0.000110252 -0.000068251 0.000798331 0.000110257 1.000000000 0.000065750 -0.000135516 0.000068243 -0.000065758 1.000000000 -0.003149727
1.000000000 -0.000162357 -0.000124451 0.001790025 0.000162359 1.000000000 0.000019015 0.000128526 0.000124448 -0.000019035 1.000000000 -0.004284459
1.000000000 -0.000107821 -0.000077732 0.000898960 0.000107826 1.000000000 0.000070746 -0.000198102 0.000077724 -0.000070754 1.000000000 -0.003051931
1.000000000 -0.000206524 -0.000094018 -0.000053536 0.000206528 1.000000000 0.000037431 0.000801761 0.000094010 -0.000037450 1.000000000 -0.000831571
1.000000000 -0.000164333 -0.000124371 0.001446584 0.000164336 1.000000000 0.000025764 0.000364726 0.000124367 -0.000025785 1.000000000 -0.003483354
1.000000000 -0.000128538 -0.000135027 0.003262393 0.000128558 1.000000000 0.000151595 -0.000693201 0.000135007 -0.000151613 1.000000000 -0.004794680
1.000000000 -0.000086231 -0.000105071 0.000424347 0.000086234 1.000000000 0.000028545 0.000167475 0.000105069 -0.000028554 1.000000000 -0.003140653
1.000000000 -0.000182729 -0.000107113 0.000565132 0.000182735 1.000000000 0.000050581 0.000078936 0.000107104 -0.000050601 1.000000000 -0.001417000
1.000000000 -0.000148905 -0.000167422 0.001507670 0.000148898 1.000000000 -0.000040845 0.000437504 0.000167428 0.000040821 1.000000000 0.002274431
1.000000000 -0.000207266 -0.000055638 0.000350621 0.000207235 0.999999821 -0.000559440 -0.001860753 0.000055754 0.000559429 0.999999821 0.052802689
1.000000000 0.000062116 -0.000074677 0.002006197 -0.000062202 0.999999344 -0.001154395 -0.004515377 0.000074605 0.001154400 0.999999344 0.141282767
1.000000000 -0.000102858 0.000001640 0.002780624 0.000102860 0.999998868 -0.001511445 -0.007163522 -0.000001485 0.001511445 0.999998868 0.260399580
1.000000000 0.000018259 -0.000068193 0.005736567 -0.000018359 0.999998927 -0.001472484 -0.011201738 0.000068166 0.001472485 0.999998927 0.391245157
1.000000000 0.000098356 -0.000070231 0.009662308 -0.000098443 0.999999225 -0.001239797 -0.016297717 0.000070109 0.001239804 0.999999225 0.528461695
1.000000000 0.000058174 0.000000273 0.013325296 -0.000058174 0.999999523 -0.000996974 -0.022524742 -0.000000331 0.000996974 0.999999523 0.685008347
1.000000000 0.000002883 -0.000101103 0.020741710 -0.000002981 0.999999523 -0.000976438 -0.026798274 0.000101100 0.000976438 0.999999523 0.844673395
0.999999881 0.000499672 0.000134905 0.016874095 -0.000499563 0.999999523 -0.000810716 -0.025878735 -0.000135310 0.000810649 0.999999642 1.024389744
1.000000000 0.000056227 -0.000014295 0.028059252 -0.000056236 0.999999821 -0.000612114 -0.032117318 0.000014260 0.000612115 0.999999821 1.207912326
0.999999881 0.000301453 0.000439324 0.021230899 -0.000301490 0.999999881 0.000084627 -0.038771290 -0.000439298 -0.000084759 0.999999821 1.392402291
1.000000000 0.000274049 0.000234792 0.024791591 -0.000274077 0.999999940 0.000116671 -0.040885303 -0.000234760 -0.000116735 0.999999881 1.585704803
0.999999702 0.000380311 0.000666849 0.023701765 -0.000380261 0.999999940 -0.000075973 -0.043713115 -0.000666878 0.000075720 0.999999762 1.791024208
0.999999702 0.000532334 0.000571246 0.030931676 -0.000532356 0.999999881 0.000038381 -0.049469769 -0.000571225 -0.000038685 0.999999821 1.997602701
0.999999762 0.000298520 0.000697654 0.034465339 -0.000298536 1.000000000 0.000023062 -0.055501025 -0.000697647 -0.000023271 0.999999762 2.206391096
0.999999523 0.000734106 0.000631886 0.036399692 -0.000734262 0.999999762 0.000247774 -0.061204195 -0.000631704 -0.000248238 0.999999762 2.426102877
0.999999821 0.000006950 0.000554209 0.046357684 -0.000007266 0.999999821 0.000570246 -0.074388810 -0.000554205 -0.000570250 0.999999702 2.634379625
0.999999821 -0.000045345 0.000545286 0.048823796 0.000045037 0.999999821 0.000565149 -0.079862371 -0.000545312 -0.000565125 0.999999702 2.868724823
0.999999762 0.000185281 0.000653080 0.051019900 -0.000185709 0.999999702 0.000656637 -0.085262179 -0.000652959 -0.000656758 0.999999523 3.099876165
0.999999702 -0.000248971 0.000620043 0.057135828 0.000248619 0.999999821 0.000566586 -0.094079427 -0.000620183 -0.000566432 0.999999642 3.345247507
0.999999762 0.000161240 0.000633070 0.061765879 -0.000161683 0.999999881 0.000700295 -0.094640993 -0.000632957 -0.000700397 0.999999523 3.571184158
0.999999583 0.000475593 0.000658056 0.065078147 -0.000476242 0.999999404 0.000987541 -0.101418026 -0.000657586 -0.000987854 0.999999285 3.827447414
0.999999702 0.000057485 0.000729784 0.072664134 -0.000058169 0.999999583 0.000936886 -0.108755983 -0.000729730 -0.000936928 0.999999344 4.086377621
0.999999523 0.000345388 0.000912119 0.071208611 -0.000346474 0.999999166 0.001190689 -0.121270873 -0.000911708 -0.001191005 0.999998808 4.338413239
0.999999464 0.000270730 0.000930271 0.075547524 -0.000271898 0.999999106 0.001256160 -0.128952354 -0.000929930 -0.001256412 0.999998748 4.591413021
0.999999404 0.000428061 0.001002296 0.083884358 -0.000429550 0.999998808 0.001486046 -0.135409415 -0.001001658 -0.001486476 0.999998391 4.848451138
0.999999344 0.000084014 0.001131131 0.088823996 -0.000086209 0.999998093 0.001940390 -0.162927970 -0.001130966 -0.001940486 0.999997497 5.104012489
0.999999583 0.000035075 0.000860037 0.095176905 -0.000036602 0.999998391 0.001775419 -0.167008817 -0.000859973 -0.001775450 0.999998093 5.373261452
0.999999106 0.000529325 0.001197322 0.098372549 -0.000531683 0.999997854 0.001969345 -0.176107481 -0.001196277 -0.001969979 0.999997377 5.641093731
0.999999404 0.000629839 0.000834405 0.110778585 -0.000631529 0.999997735 0.002026957 -0.182772785 -0.000833126 -0.002027482 0.999997616 5.901282787
0.999999702 0.000231158 0.000677379 0.119393773 -0.000232495 0.999998033 0.001974205 -0.193992794 -0.000676921 -0.001974362 0.999997795 6.175423145
0.999999702 0.000326619 0.000771264 0.121857733 -0.000328297 0.999997616 0.002176029 -0.201397732 -0.000770551 -0.002176281 0.999997377 6.468360424
0.999999523 0.000574374 0.000869239 0.130281955 -0.000576329 0.999997318 0.002250938 -0.210609242 -0.000867944 -0.002251437 0.999997139 6.743786812
0.999999046 0.000881108 0.001075228 0.133032545 -0.000883409 0.999997318 0.002141167 -0.219616100 -0.001073339 -0.002142115 0.999997139 7.046150208
0.999999285 0.000630625 0.001017128 0.136880353 -0.000632786 0.999997556 0.002125663 -0.227843747 -0.001015785 -0.002126305 0.999997258 7.356891632
0.999999046 0.000816233 0.001152707 0.149389789 -0.000818613 0.999997556 0.002065609 -0.239009306 -0.001151019 -0.002066551 0.999997199 7.659062862
0.999999404 0.000605083 0.000983200 0.157655671 -0.000607409 0.999997020 0.002366436 -0.250575304 -0.000981765 -0.002367032 0.999996722 7.975504398
0.999999404 0.000408803 0.001020216 0.158845797 -0.000411313 0.999996901 0.002461817 -0.263083518 -0.001019207 -0.002462236 0.999996364 8.288942337
0.999999344 0.000404703 0.001066549 0.173727244 -0.000407386 0.999996781 0.002517065 -0.273570478 -0.001065527 -0.002517498 0.999996245 8.602641106
0.999998689 0.000848937 0.001397253 0.170271233 -0.000852287 0.999996781 0.002398717 -0.278169394 -0.001395212 -0.002399905 0.999996066 8.955301285
0.999999166 0.000355074 0.001276167 0.181528255 -0.000358399 0.999996483 0.002606374 -0.291966200 -0.001275238 -0.002606828 0.999995768 9.308214188
0.999997616 0.001571315 0.001592277 0.182783931 -0.001575383 0.999995410 0.002556539 -0.302517474 -0.001588253 -0.002559041 0.999995470 9.638713837
0.999996364 0.001966071 0.001880757 0.188144192 -0.001970950 0.999994636 0.002596031 -0.308455557 -0.001875643 -0.002599728 0.999994934 9.985520363
0.999997258 0.001691450 0.001634059 0.196777970 -0.001695798 0.999994993 0.002663145 -0.323166281 -0.001629546 -0.002665909 0.999995112 10.347207069
0.999998033 0.001291117 0.001487687 0.211209685 -0.001294969 0.999995828 0.002591185 -0.332650572 -0.001484335 -0.002593106 0.999995530 10.704949379
0.999997556 0.001255074 0.001789730 0.217439324 -0.001259810 0.999995768 0.002647372 -0.341959149 -0.001786400 -0.002649620 0.999994934 11.067918777
0.999997437 0.001431465 0.001775916 0.225795642 -0.001436285 0.999995291 0.002715265 -0.355035722 -0.001772021 -0.002717809 0.999994755 11.448796272
0.999997556 0.001200906 0.001808933 0.231542990 -0.001206261 0.999994874 0.002962391 -0.376313806 -0.001805366 -0.002964566 0.999993980 11.830513954
0.999998152 0.000942848 0.001693150 0.242865279 -0.000948084 0.999994755 0.003094362 -0.390604168 -0.001690223 -0.003095961 0.999993742 12.216705322
0.999997020 0.001478150 0.001956786 0.251982331 -0.001484879 0.999992967 0.003441747 -0.399151593 -0.001951685 -0.003444643 0.999992192 12.610055923
0.999996185 0.001340596 0.002390681 0.256444871 -0.001348904 0.999993026 0.003476874 -0.418011874 -0.002386003 -0.003480085 0.999991119 12.987589836
0.999996543 0.001497159 0.002139115 0.269760549 -0.001504516 0.999992907 0.003441688 -0.428380191 -0.002133948 -0.003444894 0.999991834 13.395934105
0.999995589 0.001507115 0.002552755 0.275527626 -0.001516721 0.999991715 0.003765338 -0.440541625 -0.002547059 -0.003769193 0.999989688 13.787484169
0.999996006 0.001309164 0.002502017 0.284669638 -0.001318740 0.999991775 0.003829745 -0.459853590 -0.002496984 -0.003833029 0.999989510 14.198271751
0.999996066 0.001243108 0.002503633 0.298877507 -0.001252257 0.999992490 0.003656249 -0.472791642 -0.002499070 -0.003659369 0.999990165 14.618766785
0.999994040 0.001504235 0.003122449 0.304899842 -0.001517194 0.999990225 0.004152060 -0.487334639 -0.003116173 -0.004156772 0.999986470 15.047030449
0.999996245 0.000469903 0.002697291 0.325800896 -0.000481234 0.999991059 0.004201840 -0.514428258 -0.002695292 -0.004203123 0.999987543 15.460699081
0.999995172 0.000470098 0.003064521 0.334303886 -0.000483026 0.999991000 0.004219255 -0.524416089 -0.003062509 -0.004220715 0.999986410 15.900143623
0.999992251 0.001318601 0.003690372 0.340861619 -0.001336044 0.999987960 0.004728114 -0.538437545 -0.003684093 -0.004733008 0.999982059 16.352817535
0.999994040 0.000368139 0.003415579 0.360430211 -0.000383687 0.999989569 0.004552496 -0.561306119 -0.003413867 -0.004553780 0.999983788 16.802005768
0.999994934 -0.000173144 0.003155985 0.376378357 0.000158468 0.999989212 0.004649759 -0.572307885 -0.003156756 -0.004649236 0.999984205 17.263504028
0.999992669 0.000096901 0.003856412 0.384922743 -0.000116716 0.999986827 0.005138407 -0.586101234 -0.003855863 -0.005138819 0.999979317 17.728914261
0.999992251 0.000306489 0.003918237 0.401091218 -0.000326217 0.999987245 0.005035222 -0.603718817 -0.003916643 -0.005036462 0.999979675 18.172544479
0.999989390 0.000846808 0.004527759 0.407904565 -0.000869155 0.999987423 0.004935892 -0.611445665 -0.004523521 -0.004939774 0.999977648 18.647710800
0.999990106 0.000555880 0.004406209 0.427307934 -0.000578817 0.999986291 0.005206226 -0.630088091 -0.004403254 -0.005208725 0.999976754 19.108358383
0.999991059 0.000154751 0.004204350 0.442022622 -0.000177998 0.999984682 0.005529604 -0.644943714 -0.004203429 -0.005530303 0.999975860 19.582149506
0.999991119 0.000319052 0.004206187 0.469370961 -0.000343441 0.999983132 0.005798951 -0.672036350 -0.004204266 -0.005800344 0.999974310 20.067687988
0.999991775 -0.000241893 0.004047585 0.483807743 0.000218146 0.999982774 0.005866489 -0.683217227 -0.004048935 -0.005865558 0.999974608 20.561796188
0.999993324 -0.000479535 0.003611391 0.498211741 0.000456583 0.999979734 0.006353451 -0.705066681 -0.003614365 -0.006351761 0.999973297 21.044487000
0.999994993 -0.000491378 0.003134917 0.509554803 0.000470896 0.999978602 0.006530649 -0.718211889 -0.003138059 -0.006529141 0.999973774 21.547462463
0.999996424 -0.000422581 0.002634130 0.516951740 0.000404513 0.999976397 0.006855768 -0.733577967 -0.002636965 -0.006854678 0.999973059 22.047647476
0.999997258 -0.000338665 0.002304796 0.528537273 0.000323476 0.999978244 0.006587423 -0.749684691 -0.002306977 -0.006586660 0.999975622 22.539606094
0.999998212 0.000044780 0.001867406 0.539474547 -0.000056688 0.999979615 0.006377508 -0.759412706 -0.001867082 -0.006377602 0.999977887 23.061208725
0.999999285 -0.000513851 0.001091064 0.550571263 0.000506575 0.999977708 0.006658789 -0.775726795 -0.001094461 -0.006658232 0.999977231 23.566839218
0.999998689 -0.001570630 0.000341228 0.560630679 0.001568299 0.999976158 0.006728114 -0.793936729 -0.000351788 -0.006727570 0.999977291 24.095943451
0.999999523 -0.000750648 0.000646823 0.558861375 0.000746409 0.999978423 0.006529259 -0.798654914 -0.000651710 -0.006528772 0.999978483 24.619436264
0.999999404 -0.001160986 -0.000051819 0.578419507 0.001161323 0.999974549 0.007049769 -0.819736898 0.000043633 -0.007049824 0.999975204 25.144721985
0.999998987 -0.000817956 -0.001171912 0.585061550 0.000826558 0.999972582 0.007357989 -0.832089365 0.001165862 -0.007358950 0.999972224 25.680177689
0.999998987 -0.000838790 -0.001175561 0.592511535 0.000847183 0.999974072 0.007157728 -0.843958676 0.001169527 -0.007158717 0.999973714 26.238346100
0.999996245 -0.001582800 -0.002206147 0.604467571 0.001600146 0.999967635 0.007882851 -0.858316183 0.002193599 -0.007886352 0.999966502 26.765825272
0.999995947 -0.001070937 -0.002632011 0.622942924 0.001092074 0.999967098 0.008042606 -0.879329979 0.002623311 -0.008045447 0.999964237 27.315656662
0.999996424 -0.000326861 -0.002700365 0.617236257 0.000347348 0.999971151 0.007589757 -0.882448852 0.002697806 -0.007590666 0.999967575 27.844123840
0.999994457 -0.000329759 -0.003320823 0.627791166 0.000355306 0.999970376 0.007695220 -0.893688858 0.003318187 -0.007696356 0.999964833 28.389703751
0.999994516 -0.000221655 -0.003302001 0.639523625 0.000247919 0.999968350 0.007955510 -0.908952951 0.003300133 -0.007956284 0.999962926 28.894842148
0.999993682 -0.000094471 -0.003539186 0.649333417 0.000122113 0.999969482 0.007810884 -0.921128690 0.003538340 -0.007811267 0.999963224 29.437341690
0.999992728 -0.000176141 -0.003841012 0.656165361 0.000207101 0.999967456 0.008061455 -0.933058560 0.003839467 -0.008062190 0.999960124 29.953475952
0.999992311 -0.000119293 -0.003914137 0.667209268 0.000150857 0.999967456 0.008064635 -0.947010040 0.003913047 -0.008065164 0.999959826 30.507080078
0.999990642 0.000102495 -0.004305328 0.674549580 -0.000067615 0.999967158 0.008100902 -0.956566930 0.004306017 -0.008100537 0.999957860 31.047626495
0.999988317 -0.000064802 -0.004823098 0.697071552 0.000102802 0.999968946 0.007878901 -0.970964789 0.004822439 -0.007879307 0.999957323 31.591129303
0.999987841 -0.000078651 -0.004924604 0.710812569 0.000117446 0.999968886 0.007877897 -0.990158081 0.004923832 -0.007878380 0.999956787 32.115520477
0.999987841 -0.000038117 -0.004934757 0.695779681 0.000080392 0.999963224 0.008566735 -1.007564783 0.004934250 -0.008567028 0.999951065 32.630615234
0.999986649 0.000153754 -0.005162721 0.706431687 -0.000109584 0.999963343 0.008554725 -1.022085905 0.005163847 -0.008554044 0.999950051 33.170219421
0.999985397 0.000582347 -0.005365278 0.707135916 -0.000537163 0.999964416 0.008419303 -1.043045044 0.005369990 -0.008416301 0.999950171 33.724544525
0.999983788 -0.000562131 -0.005675405 0.723278701 0.000612882 0.999959707 0.008944360 -1.042943001 0.005670149 -0.008947690 0.999943852 34.254245758
0.999983072 0.000691058 -0.005775299 0.715792120 -0.000640554 0.999961555 0.008742207 -1.069066167 0.005781118 -0.008738361 0.999945104 34.792358398
0.999984324 0.001356245 -0.005419057 0.722307563 -0.001308901 0.999960959 0.008730415 -1.073993087 0.005430686 -0.008723186 0.999947190 35.366226196
0.999983668 0.000436130 -0.005698320 0.735691905 -0.000383739 0.999957681 0.009192058 -1.102114916 0.005702088 -0.009189721 0.999941528 35.863506317
0.999984682 0.000952230 -0.005443597 0.744677365 -0.000901605 0.999956429 0.009294774 -1.116928101 0.005452210 -0.009289726 0.999942064 36.404209137
0.999982119 0.000329013 -0.005973151 0.757516861 -0.000273162 0.999956250 0.009348844 -1.130150795 0.005975965 -0.009347045 0.999938488 36.942382812
0.999980867 0.000428510 -0.006175493 0.767822504 -0.000370758 0.999956250 0.009350034 -1.143722534 0.006179229 -0.009347567 0.999937236 37.485263824
0.999981582 0.000537918 -0.006050915 0.777355909 -0.000480597 0.999954998 0.009470579 -1.154277802 0.006055738 -0.009467496 0.999936819 38.049144745
0.999979019 0.000245566 -0.006477170 0.784226477 -0.000182502 0.999952614 0.009735134 -1.174191833 0.006479254 -0.009733750 0.999931633 38.584442139
0.999977350 0.000958632 -0.006674898 0.791385174 -0.000895808 0.999955297 0.009408610 -1.166655302 0.006683619 -0.009402417 0.999933481 39.145633698
0.999973536 -0.000535600 -0.007257293 0.804053783 0.000608162 0.999949813 0.009999886 -1.201489925 0.007251575 -0.010004037 0.999923646 39.671089172
0.999976456 -0.000088981 -0.006863945 0.810949206 0.000156043 0.999952257 0.009770212 -1.205063581 0.006862748 -0.009771055 0.999928713 40.233226776
0.999977827 0.000714132 -0.006623519 0.812508106 -0.000650991 0.999954402 0.009530215 -1.218657255 0.006630023 -0.009525695 0.999932647 40.751998901
0.999979913 0.000853758 -0.006268128 0.798225105 -0.000791105 0.999949872 0.009991069 -1.260839224 0.006276344 -0.009985911 0.999930382 41.303844452
0.999972045 0.000044879 -0.007480591 0.823888779 0.000030258 0.999949574 0.010043855 -1.277321935 0.007480665 -0.010043801 0.999921560 41.839107513
0.999965847 -0.000998369 -0.008197911 0.842540026 0.001083464 0.999945521 0.010382272 -1.288740039 0.008187098 -0.010390802 0.999912441 42.386432648
0.999964535 -0.001101803 -0.008342946 0.842770934 0.001188920 0.999944687 0.010444283 -1.291031957 0.008330978 -0.010453831 0.999910653 42.924999237
0.999975324 0.000415117 -0.007014132 0.840539813 -0.000342643 0.999946535 0.010330516 -1.312375546 0.007018046 -0.010327859 0.999921978 43.503280640
0.999973953 0.000345538 -0.007207294 0.853659213 -0.000271433 0.999947071 0.010280422 -1.324867129 0.007210466 -0.010278199 0.999921203 44.043285370
0.999974489 0.000302974 -0.007137316 0.859114885 -0.000228399 0.999945343 0.010447162 -1.339250088 0.007140092 -0.010445263 0.999919891 44.587265015
0.999974787 0.000733927 -0.007059734 0.864813328 -0.000660586 0.999945819 0.010385393 -1.349529743 0.007066974 -0.010380466 0.999921143 45.139629364
0.999974310 0.000585098 -0.007147587 0.876028538 -0.000511098 0.999946296 0.010350513 -1.357956529 0.007153261 -0.010346593 0.999920905 45.663490295
0.999972224 0.000017113 -0.007448598 0.891517520 0.000059074 0.999947608 0.010227941 -1.366367459 0.007448383 -0.010228097 0.999919951 46.192825317
0.999972165 0.000593600 -0.007435657 0.905336440 -0.000512576 0.999940574 0.010893815 -1.394585848 0.007441681 -0.010889701 0.999913037 46.735847473
0.999972820 0.000469991 -0.007352013 0.895256221 -0.000389765 0.999940395 0.010909802 -1.404240608 0.007356702 -0.010906640 0.999913454 47.300685883
0.999974966 0.001366075 -0.006947758 0.914603233 -0.001293242 0.999944210 0.010476620 -1.385274649 0.006961683 -0.010467373 0.999920964 47.810375214
0.999974072 0.000357251 -0.007204915 0.902163267 -0.000279584 0.999941885 0.010777864 -1.422656178 0.007208347 -0.010775569 0.999915957 48.388874054
0.999975562 0.000259528 -0.006986145 0.911143243 -0.000183218 0.999940276 0.010921430 -1.433898807 0.006988562 -0.010919882 0.999915957 48.940769196
0.999974489 0.000310608 -0.007128682 0.912781358 -0.000232390 0.999939799 0.010970567 -1.443846703 0.007131661 -0.010968632 0.999914348 49.480018616
0.999974132 0.000450424 -0.007164351 0.932112813 -0.000373784 0.999942720 0.010695069 -1.447613955 0.007168758 -0.010692116 0.999917150 50.027347565
0.999974608 0.000767974 -0.007081595 0.920171678 -0.000691854 0.999942005 0.010745237 -1.461070061 0.007089437 -0.010740066 0.999917209 50.537963867
0.999972463 0.001082518 -0.007337809 0.927975535 -0.001004004 0.999942183 0.010695163 -1.469155431 0.007348963 -0.010687503 0.999915898 51.084095001
0.999972045 0.000351779 -0.007471409 0.942690849 -0.000268650 0.999938071 0.011124352 -1.488218665 0.007474859 -0.011122032 0.999910235 51.624176025
0.999972105 0.000415566 -0.007456512 0.950603247 -0.000334058 0.999940157 0.010929049 -1.497519970 0.007460607 -0.010926252 0.999912500 52.175754547
0.999971330 0.000324242 -0.007556672 0.960487843 -0.000240704 0.999938905 0.011053170 -1.504956007 0.007559793 -0.011051036 0.999910355 52.717994690
0.999970794 0.000459993 -0.007624005 0.969484687 -0.000374870 0.999937594 0.011162669 -1.517307043 0.007628663 -0.011159484 0.999908626 53.261692047
0.999972522 0.001020242 -0.007340533 0.971365452 -0.000940755 0.999940991 0.010823755 -1.523324013 0.007351143 -0.010816550 0.999914467 53.808162689
0.999970853 0.001029918 -0.007563625 0.985351324 -0.000945512 0.999937296 0.011154708 -1.535139799 0.007574639 -0.011147229 0.999909103 54.362110138
0.999973774 0.001487258 -0.007083993 0.976093173 -0.001410461 0.999940336 0.010833707 -1.541521788 0.007099683 -0.010823430 0.999916196 54.883640289
0.999973834 0.000925255 -0.007177115 0.987417102 -0.000845249 0.999937594 0.011142346 -1.553011775 0.007186976 -0.011135990 0.999912143 55.421283722
0.999973536 0.001008799 -0.007210617 0.995214522 -0.000927139 0.999935567 0.011319331 -1.558619738 0.007221571 -0.011312344 0.999909937 55.968887329
0.999972522 0.000461279 -0.007401572 1.005039692 -0.000376319 0.999934137 0.011475966 -1.574738264 0.007406377 -0.011472865 0.999906778 56.518199921
0.999976635 0.001132639 -0.006743296 0.999513268 -0.001056148 0.999935210 0.011336042 -1.578749895 0.006755699 -0.011328655 0.999912977 57.031974792
0.999972939 0.001051496 -0.007288568 1.022573113 -0.000969504 0.999936283 0.011243845 -1.567616582 0.007299927 -0.011236474 0.999910235 57.673271179
0.999973953 0.000734609 -0.007181743 1.019347906 -0.000653979 0.999936879 0.011222957 -1.603553772 0.007189532 -0.011217966 0.999911249 58.138999939
0.999977112 0.001582469 -0.006591793 1.023068786 -0.001509204 0.999937177 0.011104754 -1.603451967 0.006608952 -0.011094552 0.999916553 58.658916473
0.999974668 0.000704338 -0.007072080 1.039328218 -0.000621243 0.999930799 0.011745112 -1.609861612 0.007079864 -0.011740420 0.999906063 59.261558533
0.999977112 0.001760368 -0.006554935 1.042600393 -0.001685638 0.999933720 0.011388669 -1.636444092 0.006574549 -0.011377359 0.999913633 59.744506836
0.999978244 0.002229872 -0.006219553 1.047872543 -0.002158996 0.999932945 0.011379318 -1.639770269 0.006244510 -0.011365642 0.999915898 60.308811188
0.999979019 0.002051574 -0.006145470 1.059136391 -0.001981482 0.999933243 0.011389920 -1.651976109 0.006168427 -0.011377506 0.999916255 60.865932465
0.999979675 0.002402143 -0.005912502 1.072799683 -0.002331755 0.999926686 0.011883051 -1.667292953 0.005940613 -0.011869023 0.999911904 61.400264740
0.999973953 0.001297029 -0.007109414 1.081076741 -0.001214069 0.999931276 0.011660973 -1.672912836 0.007124051 -0.011652038 0.999906719 61.957340240
0.999976695 0.003014895 -0.006126652 1.096996188 -0.002945821 0.999932349 0.011252259 -1.690555096 0.006160161 -0.011233950 0.999917924 62.483200073
0.999975920 0.002008307 -0.006655244 1.079581022 -0.001931117 0.999931037 0.011584496 -1.691627741 0.006678050 -0.011571364 0.999910772 63.034843445
0.999976099 0.001722042 -0.006693931 1.100049376 -0.001640575 0.999924719 0.012156713 -1.719538450 0.006714363 -0.012145443 0.999903619 63.416881561
0.999969423 0.002692686 -0.007340747 1.190212727 -0.002610175 0.999933600 0.011226626 -1.704149246 0.007370489 -0.011207121 0.999910057 64.258537292
0.999971032 0.000855348 -0.007568758 1.114513755 -0.000755966 0.999913573 0.013123612 -1.744361877 0.007579329 -0.013117509 0.999885261 64.507263184
0.999974608 0.001924440 -0.006853701 1.102024078 -0.001834647 0.999912739 0.013083593 -1.754072905 0.006878281 -0.013070687 0.999890864 65.048492432
0.999976933 0.002480103 -0.006318179 1.115635395 -0.002402436 0.999921799 0.012270601 -1.748483658 0.006348118 -0.012255142 0.999904752 65.558830261
0.999976039 0.001675665 -0.006712881 1.145903587 -0.001590972 0.999919295 0.012601974 -1.758359432 0.006733457 -0.012590993 0.999898016 66.237464905
0.999973893 0.002334063 -0.006834968 1.134326935 -0.002255309 0.999931157 0.011507388 -1.761302233 0.006861358 -0.011491672 0.999910414 66.653129578
0.999972105 0.000860983 -0.007416938 1.151165247 -0.000768617 0.999922216 0.012447121 -1.784730554 0.007427078 -0.012441073 0.999895036 67.170219421
0.999973953 0.001967566 -0.006940944 1.163222194 -0.001880469 0.999919653 0.012532587 -1.801107287 0.006965046 -0.012519210 0.999897361 67.646316528
0.999968886 0.000531558 -0.007878205 1.203596950 -0.000433359 0.999922276 0.012461253 -1.797027588 0.007884217 -0.012457449 0.999891281 68.302421570
0.999974549 0.002016392 -0.006834017 1.169915199 -0.001929480 0.999917507 0.012700428 -1.812383771 0.006859062 -0.012686920 0.999895990 68.766525269
0.999972284 0.001527688 -0.007288606 1.190292597 -0.001434746 0.999917805 0.012739895 -1.824085474 0.007307469 -0.012729085 0.999892294 69.262565613
0.999973178 0.001677860 -0.007126414 1.187238693 -0.001586805 0.999917269 0.012763580 -1.823036194 0.007147240 -0.012751932 0.999893129 69.758369446
0.999973834 0.001817523 -0.006997075 1.189896822 -0.001731440 0.999923050 0.012289239 -1.818720341 0.007018873 -0.012276803 0.999900043 70.372924805
0.999974310 0.001968533 -0.006895646 1.202891350 -0.001880106 0.999916196 0.012806758 -1.840261817 0.006920279 -0.012793464 0.999894202 70.845321655
0.999974489 0.001092261 -0.007058221 1.214257479 -0.001001761 0.999917388 0.012812712 -1.858780622 0.007071632 -0.012805316 0.999892950 71.377563477
0.999965906 -0.000207922 -0.008258136 1.236149549 0.000314997 0.999915898 0.012966844 -1.859197378 0.008254746 -0.012969004 0.999881804 71.930343628
0.999975502 0.001729163 -0.006782512 1.214518309 -0.001646009 0.999923646 0.012246423 -1.868122816 0.006803170 -0.012234958 0.999902010 72.505187988
0.999973238 0.000413343 -0.007303296 1.242480040 -0.000320779 0.999919653 0.012670838 -1.885446548 0.007307947 -0.012668158 0.999893069 72.992828369
0.999972820 0.000386806 -0.007371026 1.252432108 -0.000294295 0.999921203 0.012547583 -1.890625715 0.007375298 -0.012545072 0.999894083 73.563407898
0.999971986 0.000575267 -0.007460602 1.248566747 -0.000480391 0.999919057 0.012712510 -1.904129505 0.007467312 -0.012708571 0.999891281 74.067672729
0.999970496 0.000575398 -0.007657012 1.253651857 -0.000481642 0.999925017 0.012240735 -1.913332939 0.007663479 -0.012236685 0.999895751 74.616416931
0.999970376 0.000213765 -0.007695457 1.268743277 -0.000116647 0.999920309 0.012618402 -1.924782276 0.007697542 -0.012617131 0.999890745 75.140373230
0.999972880 0.000228819 -0.007355768 1.265962362 -0.000132660 0.999914587 0.013070384 -1.938480139 0.007358131 -0.013069055 0.999887466 75.655433655
0.999968708 -0.000089363 -0.007905161 1.304767847 0.000187370 0.999923050 0.012397928 -1.942011118 0.007903446 -0.012399020 0.999891818 76.249092102
0.999975145 0.000734606 -0.007012639 1.267264605 -0.000647472 0.999922693 0.012419546 -1.948750377 0.007021219 -0.012414696 0.999898255 76.750755310
0.999971747 0.000248221 -0.007515945 1.278723478 -0.000150040 0.999914706 0.013060696 -1.965391755 0.007518547 -0.013059200 0.999886453 77.268013000
0.999972761 -0.000129324 -0.007380815 1.301434278 0.000222950 0.999919534 0.012685659 -1.967343569 0.007378581 -0.012686959 0.999892294 77.846649170
0.999973059 -0.000176110 -0.007340312 1.295338988 0.000270987 0.999916434 0.012926547 -1.975852966 0.007337421 -0.012928187 0.999889433 78.353462219
0.999974132 0.000186008 -0.007179093 1.300044298 -0.000093021 0.999916136 0.012950562 -1.987062931 0.007180899 -0.012949560 0.999890387 78.903839111
0.999973714 0.000222143 -0.007236839 1.306214809 -0.000129727 0.999918461 0.012768224 -1.995337844 0.007239085 -0.012766950 0.999892294 79.443077087
0.999976575 0.000180015 -0.006844969 1.316046953 -0.000090520 0.999914527 0.013072639 -2.001924515 0.006846739 -0.013071711 0.999891102 79.995689392
0.999985039 0.000336185 -0.005463939 1.320985436 -0.000267288 0.999920487 0.012605259 -2.009459257 0.005467742 -0.012603610 0.999905646 80.536659241
0.999990106 -0.000015664 -0.004447362 1.336148024 0.000072467 0.999918401 0.012772419 -2.020645380 0.004446799 -0.012772615 0.999908566 81.081474304
0.999996066 -0.000011244 -0.002785271 1.347146869 0.000046539 0.999919713 0.012672095 -2.029599667 0.002784906 -0.012672178 0.999915838 81.617233276
0.999999702 -0.000012641 0.000804801 1.362391353 0.000002550 0.999921441 0.012538071 -2.035171032 -0.000804897 -0.012538067 0.999921083 82.167533875
0.999991119 -0.000466417 0.004167935 1.381571054 0.000412861 0.999917448 0.012841336 -2.043133259 -0.004173580 -0.012839503 0.999908864 82.697502136
0.999974728 -0.000723224 0.007074673 1.402356625 0.000633766 0.999919951 0.012638815 -2.050366640 -0.007083247 -0.012634013 0.999895096 83.238479614
0.999930561 -0.000630300 0.011763223 1.425565243 0.000482157 0.999920607 0.012592275 -2.058711052 -0.011770226 -0.012585730 0.999851465 83.793647766
0.999838293 -0.000574094 0.017972315 1.446440578 0.000345605 0.999919057 0.012713918 -2.067298889 -0.017978162 -0.012705649 0.999757767 84.343269348
0.999720931 -0.000540013 0.023614312 1.477325439 0.000238600 0.999918401 0.012764943 -2.076829672 -0.023619281 -0.012755746 0.999639630 84.896095276
0.999566793 -0.000413606 0.029429257 1.509169817 0.000042191 0.999920309 0.012620081 -2.083235264 -0.029432133 -0.012613374 0.999487221 85.444869995
0.999304354 -0.000331380 0.037292168 1.546584129 -0.000133026 0.999922514 0.012450014 -2.087072372 -0.037293401 -0.012446316 0.999226868 86.019386292
0.998974144 -0.000574085 0.045282058 1.593866110 0.000021806 0.999925613 0.012195972 -2.097555399 -0.045285694 -0.012182472 0.998899817 86.555030823
0.998660266 -0.001616081 0.051719382 1.643827915 0.000960341 0.999918878 0.012701140 -2.108108521 -0.051735718 -0.012634456 0.998580873 87.092414856
0.998153806 -0.001487651 0.060719140 1.693685532 0.000730440 0.999921679 0.012491001 -2.114433765 -0.060732964 -0.012423588 0.998076677 87.637512207
0.997492969 -0.001505881 0.070749387 1.756742477 0.000621906 0.999921501 0.012514814 -2.124342442 -0.070762672 -0.012439440 0.997415543 88.179435730
0.996850967 -0.001743708 0.079278529 1.821208477 0.000750556 0.999920905 0.012555450 -2.132501602 -0.079294175 -0.012456409 0.996773362 88.728561401
0.996193945 -0.002147501 0.087137960 1.886503220 0.001062465 0.999921322 0.012496402 -2.142539024 -0.087157927 -0.012356262 0.996117890 89.271545410
0.995212674 -0.002365768 0.097704612 1.964778423 0.001131042 0.999918818 0.012690796 -2.150594711 -0.097726725 -0.012519531 0.995134532 89.829444885
0.994120836 -0.002955464 0.108235911 2.048061371 0.001612144 0.999920607 0.012496438 -2.160996437 -0.108264253 -0.012248477 0.994046688 90.371322632
0.993093312 -0.003156174 0.117284939 2.136680603 0.001734653 0.999923766 0.012220331 -2.167889118 -0.117314577 -0.011932477 0.993023098 90.939422607
0.991754353 -0.003445532 0.128107294 2.240467072 0.001878008 0.999921918 0.012354801 -2.178785324 -0.128139839 -0.012012341 0.991683364 91.469268799
0.990132213 -0.003965429 0.140079677 2.340752602 0.002205152 0.999916673 0.012719232 -2.191583395 -0.140118435 -0.012284827 0.990058541 92.022552490
0.988559425 -0.004290714 0.150770754 2.451977730 0.002459386 0.999920964 0.012330814 -2.198225021 -0.150811717 -0.011818940 0.988491833 92.583038330
0.986886799 -0.004436410 0.161353007 2.563874245 0.002477778 0.999920726 0.012337998 -2.205208063 -0.161394984 -0.011776411 0.986819565 93.134704590
0.984706223 -0.004664622 0.174160078 2.685757637 0.002545149 0.999919951 0.012391047 -2.215549946 -0.174203917 -0.011758277 0.984639406 93.673011780
0.982475102 -0.005133866 0.186323062 2.812991142 0.002880945 0.999919415 0.012360234 -2.225473881 -0.186371505 -0.011606835 0.982410789 94.211593628
0.980470061 -0.005345529 0.196595669 2.941040039 0.002936729 0.999916971 0.012542042 -2.235447884 -0.196646422 -0.011719747 0.980404437 94.753265381
0.977745056 -0.005656157 0.209720969 3.082265854 0.003078597 0.999915659 0.012614850 -2.245160580 -0.209774673 -0.011688461 0.977679908 95.294708252
0.974817753 -0.006235958 0.222915903 3.234806061 0.003467737 0.999911964 0.012807513 -2.253890991 -0.222976148 -0.011711976 0.974753559 95.837600708
0.972161412 -0.006417920 0.234224275 3.383106232 0.003548437 0.999913394 0.012670374 -2.261271715 -0.234285355 -0.011486519 0.972100019 96.382652283
0.969217956 -0.006901406 0.246107578 3.549898148 0.003954597 0.999914467 0.012465888 -2.269470930 -0.246172562 -0.011108905 0.969162345 96.916908264
0.965569615 -0.007085929 0.260048360 3.717416763 0.003910601 0.999911368 0.012725878 -2.278169155 -0.260115474 -0.011270775 0.965511739 97.449043274
0.962230563 -0.007753600 0.272125334 3.896642685 0.004504786 0.999910891 0.012561368 -2.284271240 -0.272198498 -0.010861067 0.962179840 97.990295410
0.958877265 -0.007946854 0.283709705 4.074527740 0.004586112 0.999911249 0.012507950 -2.288204193 -0.283784002 -0.010692466 0.958828628 98.533264160
0.954626501 -0.008095501 0.297695577 4.265037537 0.004512325 0.999908924 0.012721653 -2.295046329 -0.297771424 -0.010801128 0.954576075 99.069458008
0.950226128 -0.008477194 0.311445802 4.463050842 0.004644172 0.999904096 0.013046787 -2.304903269 -0.311526537 -0.010950990 0.950174332 99.597572327
0.946448326 -0.009136240 0.322726041 4.661863327 0.005112544 0.999898314 0.013313312 -2.317156792 -0.322814852 -0.010950411 0.946398795 100.108596802
0.941933692 -0.009201216 0.335672736 4.871137619 0.004988541 0.999897659 0.013410084 -2.324375153 -0.335761726 -0.010956894 0.941883206 100.626403809
0.936795652 -0.009269766 0.349754214 5.090553284 0.004840069 0.999896646 0.013537085 -2.330909252 -0.349843532 -0.010988648 0.936743617 101.145477295
0.932229638 -0.009773606 0.361735016 5.315973282 0.005288066 0.999896407 0.013387979 -2.336185455 -0.361828387 -0.010567794 0.932184756 101.657905579
0.928125739 -0.010838618 0.372109115 5.543428421 0.006413784 0.999893248 0.013126965 -2.339955568 -0.372211665 -0.009796846 0.928096175 102.167556763
0.922497392 -0.010260287 0.385866821 5.780441284 0.005594498 0.999897063 0.013212643 -2.344249487 -0.385962695 -0.010029897 0.922459841 102.680900574
0.916858673 -0.010722639 0.399067879 6.023719788 0.005936297 0.999894917 0.013227742 -2.351112366 -0.399167717 -0.009758985 0.916825950 103.183692932
0.912148654 -0.012095978 0.409681022 6.284061432 0.007179207 0.999882579 0.013537491 -2.364768028 -0.409796745 -0.009407018 0.912128389 103.682304382
0.906050861 -0.012008137 0.422998369 6.542476654 0.006909799 0.999883890 0.013584242 -2.372460842 -0.423112392 -0.009385181 0.906028628 104.163887024
0.899381995 -0.012864055 0.436974287 6.831928253 0.007660472 0.999877214 0.013668503 -2.382172585 -0.437096536 -0.008945776 0.899370134 104.676605225
0.893592596 -0.013601567 0.448672861 7.086620331 0.008244071 0.999869466 0.013891974 -2.392633438 -0.448803276 -0.008714872 0.893588126 105.134521484
0.888037682 -0.014182760 0.459551811 7.389869690 0.008777082 0.999864936 0.013897161 -2.394034863 -0.459686846 -0.008307680 0.888042152 105.655212402
0.881104469 -0.015150745 0.472678810 7.680465698 0.009660180 0.999854624 0.014041073 -2.403357029 -0.472822875 -0.007805489 0.881122887 106.135742188
0.874147296 -0.015413370 0.485416204 7.972679138 0.009826288 0.999852896 0.014052851 -2.405521154 -0.485561490 -0.007514421 0.874170244 106.618850708
0.868348479 -0.016449766 0.495681673 8.268211365 0.010916739 0.999841630 0.014056662 -2.411410332 -0.495834321 -0.006794854 0.868390560 107.090286255
