1.000000000 0.000000000 0.000000000 0.000000000 0.000000000 1.000000000 0.000000000 0.000000000 0.000000000 0.000000000 1.000000000 0.000000000
1.000000000 0.000115009 0.000039961 -0.001492641 -0.000115007 1.000000000 -0.000049723 0.001481978 -0.000039967 0.000049718 1.000000000 0.003454603
1.000000000 0.000121263 0.000024070 -0.000147185 -0.000121263 1.000000000 0.000007669 0.000552070 -0.000024069 -0.000007672 1.000000000 0.003757812
0.999999940 0.000251178 0.000099934 -0.000994017 -0.000251177 0.999999940 -0.000004803 0.001091548 -0.000099935 0.000004778 1.000000000 -0.001111476
1.000000000 0.000134484 0.000026142 0.000730103 -0.000134484 1.000000000 -0.000020087 0.000825426 -0.000026144 0.000020083 1.000000000 -0.000544292
1.000000000 0.000012248 -0.000010873 0.000158766 -0.000012248 1.000000000 0.000021978 0.000803987 0.000010873 -0.000021978 1.000000000 -0.000260220
1.000000000 0.000035207 0.000020212 -0.000553581 -0.000035206 1.000000000 -0.000038661 0.000932399 -0.000020213 0.000038661 1.000000000 -0.001539523
1.000000000 0.000036733 0.000046240 0.000199999 -0.000036735 1.000000000 0.000046798 0.000867710 -0.000046239 -0.000046800 1.000000000 -0.000652675
1.000000000 -0.000025646 0.000075868 -0.001601154 0.000025647 1.000000000 -0.000014555 0.000899145 -0.000075868 0.000014557 1.000000000 0.002391163
1.000000000 0.000114778 0.000099923 -0.001738781 -0.000114773 1.000000000 -0.000053558 0.000810679 -0.000099929 0.000053547 1.000000000 -0.000383609
1.000000000 0.000172551 0.000086522 -0.000061019 -0.000172554 1.000000000 0.000036434 0.000802689 -0.000086516 -0.000036449 1.000000000 -0.001496250
1.000000000 0.000036496 0.000037395 -0.001153356 -0.000036494 1.000000000 -0.000061363 0.001241372 -0.000037397 0.000061362 1.000000000 -0.002889394
1.000000000 0.000119858 0.000097680 -0.001867102 -0.000119862 1.000000000 0.000038652 0.000855163 -0.000097675 -0.000038664 1.000000000 -0.004180329
1.000000000 -0.000111896 0.000065690 -0.000997239 0.000111895 1.000000000 0.000017601 -0.000105405 -0.000065692 -0.000017594 1.000000000 -0.000304812
1.000000000 0.000067897 0.000066372 -0.000219246 -0.000067895 1.000000000 -0.000023489 0.000813817 -0.000066374 0.000023484 1.000000000 -0.002145108
1.000000000 0.000007644 0.000042904 -0.000036848 -0.000007645 1.000000000 0.000020136 0.000788023 -0.000042904 -0.000020136 1.000000000 -0.003269667
1.000000000 -0.000080451 0.000046895 -0.001776499 0.000080450 1.000000000 0.000020328 0.000328585 -0.000046897 -0.000020324 1.000000000 -0.002181269
1.000000000 0.000072810 0.000124397 -0.001608646 -0.000072817 1.000000000 0.000053465 -0.000809571 -0.000124393 -0.000053474 1.000000000 -0.004097228
1.000000000 0.000092593 0.000034860 0.000163505 -0.000092594 1.000000000 0.000023563 0.001485497 -0.000034858 -0.000023566 1.000000000 -0.004819597
1.000000000 -0.000088213 -0.000003486 -0.000632233 0.000088213 1.000000000 0.000004390 0.000704430 0.000003485 -0.000004390 1.000000000 -0.005836030
1.000000000 0.000068487 0.000056609 -0.000447551 -0.000068487 1.000000000 0.000001435 0.000374670 -0.000056608 -0.000001439 1.000000000 -0.006835748
1.000000000 -0.000051865 0.000019609 -0.000204912 0.000051865 1.000000000 0.000023296 -0.001186622 -0.000019610 -0.000023295 1.000000000 -0.004366421
1.000000000 0.000093598 0.000132023 -0.004603886 -0.000093585 1.000000000 -0.000100288 0.002239074 -0.000132033 0.000100276 1.000000000 0.003045657
1.000000000 0.000006622 0.000033934 0.000122826 -0.000006623 1.000000000 0.000020993 -0.000424137 -0.000033934 -0.000020993 1.000000000 -0.000784787
1.000000000 -0.000032055 0.000069115 -0.001932618 0.000032054 1.000000000 0.000007517 0.001001543 -0.000069115 -0.000007515 1.000000000 0.000380144
1.000000000 -0.000041198 -0.000017180 0.000799189 0.000041198 1.000000000 -0.000013554 0.000964695 0.000017180 0.000013553 1.000000000 -0.003468016
1.000000000 -0.000124549 0.000080113 -0.002524961 0.000124554 1.000000000 -0.000061052 0.002323409 -0.000080105 0.000061062 1.000000000 0.000920427
1.000000000 0.000121611 0.000143795 -0.004210271 -0.000121599 1.000000000 -0.000080516 0.002394845 -0.000143805 0.000080499 1.000000000 0.000110069
1.000000000 -0.000074557 0.000066057 -0.001913674 0.000074552 1.000000000 0.000065860 0.000200732 -0.000066062 -0.000065855 1.000000000 -0.000093065
1.000000000 -0.000036139 0.000084202 -0.004245433 0.000036144 1.000000000 -0.000059487 0.003949809 -0.000084200 0.000059490 1.000000000 0.002112972
1.000000000 -0.000035252 0.000041000 -0.001849684 0.000035253 1.000000000 -0.000024089 0.000800045 -0.000040999 0.000024091 1.000000000 0.001607262
1.000000000 -0.000069155 0.000083233 -0.003343131 0.000069152 1.000000000 0.000042694 0.000729155 -0.000083236 -0.000042688 1.000000000 0.003144795
1.000000000 -0.000128967 0.000032792 -0.002739392 0.000128967 1.000000000 -0.000016784 0.000894153 -0.000032790 0.000016788 1.000000000 -0.000669344
1.000000000 -0.000018047 0.000014905 -0.000669652 0.000018046 1.000000000 0.000028914 -0.000767183 -0.000014905 -0.000028914 1.000000000 -0.001986814
0.999999940 0.000217408 0.000174264 -0.004234646 -0.000217405 1.000000000 -0.000018874 0.000927004 -0.000174268 0.000018836 1.000000000 0.000554637
1.000000000 -0.000002811 0.000018366 -0.000865788 0.000002811 1.000000000 0.000033510 0.000422751 -0.000018366 -0.000033510 1.000000000 -0.001488213
1.000000000 0.000026249 0.000098481 -0.005350459 -0.000026247 1.000000000 -0.000028403 0.002200593 -0.000098481 0.000028400 1.000000000 0.000730631
1.000000000 -0.000082637 0.000007277 -0.000068275 0.000082637 1.000000000 -0.000073127 0.001150530 -0.000007271 0.000073128 1.000000000 -0.005061741
1.000000000 -0.000027427 0.000102807 -0.003372805 0.000027428 1.000000000 -0.000009576 0.000905663 -0.000102807 0.000009579 1.000000000 0.000988965
1.000000000 -0.000065623 0.000000675 -0.000232962 0.000065623 1.000000000 0.000016420 0.000346763 -0.000000676 -0.000016420 1.000000000 -0.001543539
1.000000000 -0.000189699 -0.000029617 0.001005313 0.000189701 1.000000000 0.000051414 -0.000933203 0.000029608 -0.000051420 1.000000000 -0.001066114
1.000000000 0.000006703 0.000100504 0.002414966 -0.000006658 0.999999881 -0.000440393 -0.005778905 -0.000100507 0.000440392 0.999999881 0.048503399
1.000000000 -0.000055422 0.000084987 0.002992278 0.000055525 0.999999285 -0.001214897 -0.002991696 -0.000084920 0.001214902 0.999999285 0.146651104
1.000000000 -0.000066428 0.000013404 0.005620840 0.000066447 0.999998987 -0.001416186 -0.010717246 -0.000013309 0.001416187 0.999998987 0.260566920
1.000000000 -0.000009381 0.000096063 0.005638210 0.000009502 0.999999225 -0.001262912 -0.015775923 -0.000096051 0.001262913 0.999999225 0.390457332
1.000000000 0.000109244 0.000037508 0.007704647 -0.000109208 0.999999523 -0.000968447 -0.023685645 -0.000037614 0.000968443 0.999999523 0.532647073
1.000000000 0.000091670 0.000050591 0.008138495 -0.000091631 0.999999702 -0.000769622 -0.032138117 -0.000050661 0.000769618 0.999999702 0.684122622
1.000000000 -0.000071705 -0.000035280 0.017857529 0.000071686 0.999999881 -0.000538505 -0.035529841 0.000035319 0.000538503 0.999999881 0.851478219
1.000000000 0.000063184 -0.000088880 0.020661276 -0.000063229 0.999999881 -0.000498897 -0.038370185 0.000088848 0.000498903 0.999999881 1.027858734
0.999999881 0.000256474 0.000396677 0.013612482 -0.000256324 0.999999821 -0.000378803 -0.042958677 -0.000396774 0.000378701 0.999999821 1.189803839
0.999999940 -0.000268782 0.000046094 0.029793285 0.000268786 0.999999940 -0.000081619 -0.052323021 -0.000046072 0.000081632 0.999999940 1.378604531
0.999999821 0.000483213 0.000276675 0.024508249 -0.000483220 0.999999881 0.000023193 -0.059782367 -0.000276664 -0.000023327 0.999999940 1.573880792
0.999999583 0.000657104 0.000600956 0.022233592 -0.000657048 0.999999821 -0.000093677 -0.060309034 -0.000601017 0.000093282 0.999999821 1.771563530
0.999999940 0.000058374 0.000252886 0.036273818 -0.000058426 1.000000000 0.000206784 -0.063763358 -0.000252874 -0.000206798 0.999999881 1.994164705
0.999999940 -0.000002512 0.000236314 0.042574335 0.000002529 1.000000000 -0.000073371 -0.066921473 -0.000236314 0.000073372 0.999999940 2.215566397
0.999999881 0.000480752 0.000518258 0.042326156 -0.000481012 0.999999762 0.000502547 -0.079128116 -0.000518016 -0.000502796 0.999999762 2.417327881
0.999999821 0.000527210 0.000354839 0.046315908 -0.000527422 0.999999702 0.000596475 -0.086435162 -0.000354524 -0.000596662 0.999999821 2.653021097
0.999999285 0.000919941 0.000763155 0.041882280 -0.000920277 0.999999464 0.000440899 -0.093651764 -0.000762750 -0.000441601 0.999999523 2.871860266
0.999999225 0.000992633 0.000758915 0.052192979 -0.000993098 0.999999344 0.000612915 -0.101678297 -0.000758306 -0.000613668 0.999999464 3.103627682
0.999999881 0.000076443 0.000493062 0.059460972 -0.000076595 0.999999940 0.000306843 -0.104106255 -0.000493038 -0.000306881 0.999999821 3.343569517
0.999999881 0.000374437 0.000507043 0.060899321 -0.000374593 0.999999881 0.000307904 -0.108362019 -0.000506928 -0.000308094 0.999999821 3.590274334
0.999998927 0.001211316 0.000851350 0.065432951 -0.001211880 0.999999046 0.000662203 -0.120924190 -0.000850547 -0.000663234 0.999999404 3.857265234
0.999999642 0.000593032 0.000624881 0.074605018 -0.000593522 0.999999523 0.000784726 -0.130280152 -0.000624415 -0.000785096 0.999999523 4.109218597
0.999999166 0.001024797 0.000861220 0.078339174 -0.001025529 0.999999166 0.000849928 -0.138502836 -0.000860349 -0.000850810 0.999999344 4.358635426
0.999999821 0.000498769 0.000545667 0.082223490 -0.000499283 0.999999404 0.000943712 -0.148586154 -0.000545196 -0.000943984 0.999999344 4.616947651
0.999998093 0.001718278 0.001034201 0.083795294 -0.001719229 0.999998093 0.000918997 -0.153385788 -0.001032620 -0.000920773 0.999998987 4.874316692
0.999998212 0.001729378 0.000809632 0.087253600 -0.001730013 0.999998212 0.000784267 -0.162239149 -0.000808274 -0.000785666 0.999999344 5.133547783
0.999999762 0.000627691 0.000515975 0.094899535 -0.000628298 0.999999106 0.001175643 -0.176214918 -0.000515236 -0.001175967 0.999999166 5.392724037
0.999998987 0.001159773 0.000742986 0.103063807 -0.001160598 0.999998629 0.001110488 -0.182723254 -0.000741697 -0.001111349 0.999999106 5.662301540
0.999998868 0.001102998 0.001000260 0.100839078 -0.001104061 0.999998808 0.001061758 -0.187587053 -0.000999088 -0.001062862 0.999998927 5.925312519
0.999998987 0.000794232 0.001178396 0.106416397 -0.000795656 0.999998868 0.001208647 -0.200299680 -0.001177435 -0.001209584 0.999998569 6.186235905
0.999999642 0.000525367 0.000681956 0.125915170 -0.000526170 0.999999166 0.001177605 -0.205702350 -0.000681337 -0.001177964 0.999999046 6.488971233
0.999998629 0.001402904 0.000976948 0.128847986 -0.001404025 0.999998331 0.001147882 -0.217912346 -0.000975336 -0.001149252 0.999998808 6.776357651
0.999999404 0.000411326 0.001031778 0.135674626 -0.000412530 0.999999225 0.001166520 -0.220260471 -0.001031297 -0.001166945 0.999998748 7.075362206
0.999999464 0.000727597 0.000707783 0.132778868 -0.000728398 0.999999106 0.001131649 -0.233632818 -0.000706959 -0.001132164 0.999999046 7.363729000
0.999999464 0.000657384 0.000817738 0.139411405 -0.000658224 0.999999285 0.001028113 -0.236834541 -0.000817062 -0.001028651 0.999999106 7.673920631
0.999999642 0.000599409 0.000644642 0.160038114 -0.000600271 0.999998927 0.001337755 -0.254573703 -0.000643840 -0.001338141 0.999998927 7.986152649
0.999999583 0.000745626 0.000690617 0.170949951 -0.000746397 0.999999166 0.001115698 -0.264362872 -0.000689785 -0.001116213 0.999999166 8.295012474
0.999999523 0.000825006 0.000489683 0.173512638 -0.000825792 0.999998391 0.001607154 -0.280960411 -0.000488356 -0.001607558 0.999998569 8.640130997
0.999999642 0.000650133 0.000539662 0.176366538 -0.000650962 0.999998629 0.001538130 -0.287854552 -0.000538661 -0.001538481 0.999998629 8.979721069
0.999999821 0.000025863 0.000521122 0.183853939 -0.000026661 0.999998808 0.001531242 -0.295057237 -0.000521081 -0.001531256 0.999998689 9.325435638
0.999999702 0.000310714 0.000593138 0.193175584 -0.000311704 0.999998569 0.001669275 -0.313198388 -0.000592619 -0.001669459 0.999998391 9.651518822
0.999999583 0.000569410 0.000707225 0.201823890 -0.000570719 0.999998152 0.001852665 -0.324374706 -0.000706169 -0.001853068 0.999998033 9.992724419
0.999999702 0.000315279 0.000637762 0.209247887 -0.000316465 0.999998212 0.001860307 -0.335965574 -0.000637175 -0.001860508 0.999998093 10.348433495
0.999999285 0.001081467 0.000588135 0.211635426 -0.001082611 0.999997497 0.001947986 -0.346113652 -0.000586027 -0.001948621 0.999997973 10.712018967
0.999999762 0.000373515 0.000571472 0.222750023 -0.000374540 0.999998331 0.001795950 -0.352973551 -0.000570800 -0.001796164 0.999998212 11.088335991
0.999999821 0.000171516 0.000399418 0.235573545 -0.000172373 0.999997616 0.002145579 -0.370773286 -0.000399049 -0.002145648 0.999997616 11.454563141
0.999999702 0.000510808 0.000492522 0.243306935 -0.000511970 0.999997079 0.002362768 -0.379536271 -0.000491314 -0.002363020 0.999997139 11.843186378
0.999999583 0.000485529 0.000686034 0.258475065 -0.000487293 0.999996483 0.002572797 -0.400307596 -0.000684783 -0.002573130 0.999996483 12.213253975
0.999999523 0.000480833 0.000791396 0.267021567 -0.000482891 0.999996424 0.002602825 -0.414498895 -0.000790141 -0.002603206 0.999996305 12.603999138
0.999999285 0.000817484 0.000751925 0.277214527 -0.000819538 0.999995828 0.002736069 -0.423913032 -0.000749685 -0.002736684 0.999996006 12.981351852
0.999998808 0.001103780 0.001066124 0.282608896 -0.001106784 0.999995351 0.002820753 -0.440073580 -0.001063005 -0.002821929 0.999995470 13.363967896
0.999999344 0.000480811 0.001012350 0.281581789 -0.000484178 0.999994338 0.003328022 -0.468838036 -0.001010744 -0.003328510 0.999993920 13.758872986
0.999999464 0.000360415 0.000926819 0.292543948 -0.000363417 0.999994695 0.003240790 -0.473482817 -0.000925646 -0.003241125 0.999994278 14.187649727
0.999998927 0.000739347 0.001243088 0.300594151 -0.000743761 0.999993384 0.003553361 -0.501351833 -0.001240452 -0.003554282 0.999992847 14.617572784
0.999998868 0.000599320 0.001405778 0.313404471 -0.000604947 0.999991775 0.004006330 -0.519353986 -0.001403365 -0.004007176 0.999990940 15.018157959
0.999998510 0.000537706 0.001663967 0.320880771 -0.000543761 0.999993205 0.003640277 -0.512969136 -0.001661998 -0.003641176 0.999991953 15.456271172
0.999997556 0.000379416 0.002138927 0.327770978 -0.000388578 0.999990761 0.004284637 -0.558890224 -0.002137281 -0.004285458 0.999988556 15.889711380
0.999997675 -0.000045680 0.002140393 0.342084020 0.000035847 0.999989510 0.004593931 -0.571376622 -0.002140581 -0.004593845 0.999987185 16.332977295
0.999997199 -0.000160934 0.002336250 0.353281856 0.000150397 0.999989867 0.004509787 -0.585154414 -0.002336952 -0.004509422 0.999987185 16.770107269
0.999994695 0.000963628 0.003088224 0.363857508 -0.000976997 0.999990106 0.004330412 -0.591807485 -0.003084021 -0.004333406 0.999985874 17.215442657
0.999995232 0.000877704 0.002928115 0.377325028 -0.000889853 0.999991000 0.004150441 -0.600509524 -0.002924445 -0.004153027 0.999987125 17.682975769
0.999994397 0.000491584 0.003292035 0.379577011 -0.000506974 0.999988854 0.004675664 -0.619355500 -0.003289700 -0.004677306 0.999983668 18.128450394
0.999993086 0.000662498 0.003645251 0.392389685 -0.000679774 0.999988496 0.004740323 -0.625819266 -0.003642069 -0.004742768 0.999982119 18.601531982
0.999993145 0.000344238 0.003676252 0.403651625 -0.000361126 0.999989331 0.004594029 -0.642068923 -0.003674632 -0.004595326 0.999982655 19.067649841
0.999993801 0.000145667 0.003521366 0.413060755 -0.000163756 0.999986708 0.005137112 -0.664772153 -0.003520571 -0.005137656 0.999980628 19.510280609
0.999990880 0.000508791 0.004239506 0.418026239 -0.000532858 0.999983728 0.005677492 -0.676589608 -0.004236549 -0.005679701 0.999974906 19.998418808
0.999993145 -0.000411895 0.003678469 0.429565251 0.000391786 0.999984980 0.005465453 -0.689929485 -0.003680665 -0.005463975 0.999978304 20.488689423
0.999992847 -0.000412292 0.003759112 0.439483255 0.000391767 0.999985039 0.005459201 -0.704792738 -0.003761306 -0.005457689 0.999978065 20.987005234
0.999995351 -0.000498998 0.002992137 0.451774567 0.000482360 0.999984384 0.005558374 -0.712571800 -0.002994864 -0.005556906 0.999980092 21.489278793
0.999995172 0.000161470 0.003088673 0.447499424 -0.000178718 0.999984384 0.005584611 -0.731737316 -0.003087723 -0.005585135 0.999979556 21.999362946
0.999997258 -0.000490916 0.002253908 0.485430270 0.000477217 0.999981463 0.006074276 -0.754840553 -0.002256848 -0.006073183 0.999979019 22.410022736
0.999998391 0.000317885 0.001758483 0.487311184 -0.000328991 0.999979973 0.006319100 -0.772546887 -0.001756439 -0.006319668 0.999978483 22.915266037
0.999999344 -0.000702816 0.000826378 0.510830700 0.000697622 0.999980032 0.006269344 -0.797541499 -0.000830768 -0.006268763 0.999980032 23.454595566
0.999999106 -0.001221017 0.000449400 0.520357609 0.001218356 0.999981999 0.005873436 -0.800944567 -0.000456563 -0.005872882 0.999982655 23.969064713
0.999999821 -0.000615364 -0.000122879 0.527642488 0.000616097 0.999981463 0.006048011 -0.816833258 0.000119155 -0.006048085 0.999981642 24.493381500
0.999999642 -0.000496008 -0.000685958 0.539335907 0.000500268 0.999980509 0.006225131 -0.828940570 0.000682857 -0.006225473 0.999980390 25.021638870
0.999998987 -0.000345076 -0.001395826 0.544475377 0.000353824 0.999980271 0.006271326 -0.839937449 0.001393634 -0.006271814 0.999979377 25.552616119
0.999998689 0.000066473 -0.001619844 0.553137064 -0.000056050 0.999979317 0.006433646 -0.858049035 0.001620239 -0.006433547 0.999978006 26.083784103
0.999998391 -0.000242953 -0.001792015 0.563475370 0.000255241 0.999976397 0.006860051 -0.866942286 0.001790306 -0.006860498 0.999974787 26.624475479
0.999997318 -0.000259398 -0.002311010 0.573317230 0.000275242 0.999976456 0.006857815 -0.883016407 0.002309177 -0.006858433 0.999973774 27.160163879
0.999997258 0.000656157 -0.002235537 0.582238078 -0.000640753 0.999976218 0.006884316 -0.897706628 0.002240001 -0.006882865 0.999973834 27.698478699
0.999995649 0.000214229 -0.002914751 0.593050480 -0.000193440 0.999974549 0.007130623 -0.913515806 0.002916204 -0.007130029 0.999970257 28.228382111
0.999993324 -0.000437987 -0.003626751 0.613389969 0.000464638 0.999972880 0.007351057 -0.928560019 0.003623432 -0.007352693 0.999966383 28.765439987
0.999991953 -0.000489721 -0.003990363 0.623574495 0.000518778 0.999973357 0.007283845 -0.939384758 0.003986690 -0.007285856 0.999965429 29.307422638
0.999990582 -0.000335563 -0.004331694 0.624909759 0.000367603 0.999972582 0.007398100 -0.950557411 0.004329091 -0.007399622 0.999963224 29.837821960
0.999990642 0.000027852 -0.004330374 0.633248925 0.000003773 0.999973357 0.007303160 -0.963697314 0.004330462 -0.007303108 0.999963880 30.371179581
0.999989748 0.000115046 -0.004528892 0.644477606 -0.000081481 0.999972522 0.007410745 -0.975359619 0.004529621 -0.007410299 0.999962211 30.915605545
0.999987662 0.000002399 -0.004964990 0.653555989 0.000034020 0.999973118 0.007335192 -0.989898682 0.004964875 -0.007335271 0.999960780 31.447927475
0.999987364 0.000018049 -0.005024763 0.661501586 0.000017718 0.999974608 0.007117896 -1.000617862 0.005024764 -0.007117896 0.999962032 31.987310410
0.999984384 0.000143183 -0.005584217 0.666621327 -0.000104203 0.999975562 0.006979920 -1.004911900 0.005585080 -0.006979229 0.999960065 32.534820557
0.999986112 0.000148906 -0.005266110 0.659449697 -0.000111580 0.999974906 0.007087565 -1.028377414 0.005267034 -0.007086878 0.999960959 33.027351379
0.999984264 0.000231594 -0.005605082 0.674042642 -0.000190021 0.999972582 0.007416265 -1.043531895 0.005606644 -0.007415084 0.999956787 33.560440063
0.999982893 0.000359273 -0.005828553 0.677063525 -0.000315766 0.999972105 0.007463532 -1.058167934 0.005831071 -0.007461564 0.999955177 34.144798279
0.999978244 -0.000739053 -0.006566639 0.687668324 0.000791779 0.999967456 0.008030318 -1.083170176 0.006560490 -0.008035341 0.999946177 34.641525269
0.999982119 0.000069383 -0.005982259 0.681680262 -0.000021550 0.999967992 0.007995433 -1.100958347 0.005982622 -0.007995160 0.999950171 35.137603760
0.999975681 -0.000928961 -0.006915331 0.701310873 0.000985875 0.999965608 0.008231360 -1.112158656 0.006907445 -0.008237977 0.999942183 35.716552734
0.999983251 0.000756361 -0.005738647 0.693333805 -0.000712268 0.999970198 0.007681727 -1.121226192 0.005744286 -0.007677511 0.999954104 36.243110657
0.999980569 -0.000170870 -0.006226843 0.699389100 0.000218442 0.999970794 0.007639889 -1.129014730 0.006225356 -0.007641102 0.999951482 36.778079987
0.999979138 -0.000472084 -0.006446712 0.679134190 0.000522905 0.999968767 0.007883811 -1.136819005 0.006442788 -0.007887017 0.999948144 37.397396088
0.999984086 0.000349492 -0.005634995 0.674121082 -0.000302527 0.999965250 0.008333154 -1.173670292 0.005637711 -0.008331317 0.999949455 37.805976868
0.999979198 -0.000209914 -0.006445616 0.659952581 0.000263523 0.999965429 0.008317379 -1.190005183 0.006443647 -0.008318905 0.999944687 38.370140076
0.999966800 -0.003050902 -0.007560436 0.668824673 0.003115840 0.999958158 0.008592351 -1.173464298 0.007533904 -0.008615624 0.999934554 38.906364441
0.999972701 -0.001487441 -0.007238260 0.737160504 0.001537144 0.999975264 0.006865907 -1.110576153 0.007227869 -0.006876847 0.999950230 39.529155731
0.999975443 0.000342215 -0.006988794 0.745125294 -0.000287997 0.999969900 0.007757323 -1.207912445 0.006991238 -0.007755121 0.999945402 39.921249390
0.999975324 0.000243476 -0.007021130 0.759914160 -0.000186426 0.999966979 0.008124960 -1.231787205 0.007022875 -0.008123451 0.999942362 40.438179016
0.999975383 0.000410432 -0.007000283 0.760771513 -0.000351020 0.999963880 0.008486245 -1.255305648 0.007003513 -0.008483578 0.999939501 40.970470428
0.999974906 0.000689251 -0.007051809 0.768473864 -0.000628107 0.999962211 0.008669202 -1.270313978 0.007057517 -0.008664556 0.999937594 41.479888916
0.999975860 0.001246709 -0.006832468 0.784793496 -0.001190076 0.999964952 0.008286700 -1.277501345 0.006842560 -0.008278369 0.999942303 42.017776489
0.999973059 -0.000201808 -0.007333498 0.790999413 0.000268465 0.999958575 0.009089516 -1.299970865 0.007331359 -0.009091240 0.999931812 42.559421539
0.999974489 0.000053476 -0.007144514 0.799695730 0.000005127 0.999966383 0.008202315 -1.293280602 0.007144714 -0.008202146 0.999940753 43.091972351
0.999975264 0.000818503 -0.006988918 0.801987171 -0.000761552 0.999966502 0.008147541 -1.306991577 0.006995354 -0.008142019 0.999942362 43.621471405
0.999975383 0.000752837 -0.006967799 0.800672174 -0.000695922 0.999966383 0.008167252 -1.316533446 0.006973713 -0.008162202 0.999942362 44.137672424
0.999973476 0.000633691 -0.007248431 0.817705631 -0.000577121 0.999969363 0.007803868 -1.329952359 0.007253155 -0.007799477 0.999943197 44.653816223
0.999974370 0.000486594 -0.007143382 0.815817595 -0.000429016 0.999967456 0.008059589 -1.349575400 0.007147070 -0.008056319 0.999941945 45.197284698
0.999971628 0.000572606 -0.007513613 0.835653484 -0.000516315 0.999971807 0.007491773 -1.351222634 0.007517691 -0.007487681 0.999943733 45.727329254
0.999973118 0.000747381 -0.007283582 0.830196798 -0.000687806 0.999966323 0.008178359 -1.382089257 0.007289450 -0.008173130 0.999940038 46.233158112
0.999971569 0.000594186 -0.007508893 0.835453987 -0.000534630 0.999968469 0.007930909 -1.387221575 0.007513369 -0.007926672 0.999940336 46.789661407
0.999972463 0.001025794 -0.007367691 0.841693103 -0.000963220 0.999963403 0.008491443 -1.406293154 0.007376133 -0.008484110 0.999936819 47.260238647
0.999971092 -0.000106457 -0.007603265 0.849274039 0.000169320 0.999965727 0.008267768 -1.420448422 0.007602124 -0.008268815 0.999936938 47.789985657
0.999967456 0.000102051 -0.008068736 0.861872554 -0.000033688 0.999964118 0.008472295 -1.438085556 0.008069312 -0.008471749 0.999931574 48.304244995
0.999970317 0.000433977 -0.007687041 0.864405990 -0.000367225 0.999962211 0.008682927 -1.458695292 0.007690521 -0.008679848 0.999932706 48.841156006
0.999969363 0.000631222 -0.007801061 0.879880548 -0.000563010 0.999961734 0.008742986 -1.469732761 0.007806281 -0.008738327 0.999931335 49.356861115
0.999968827 0.000524512 -0.007878582 0.889771402 -0.000455354 0.999961376 0.008777206 -1.488488913 0.007882881 -0.008773345 0.999930441 49.884216309
0.999971747 0.001096722 -0.007436061 0.876996517 -0.001029611 0.999958754 0.009022908 -1.499837995 0.007445650 -0.009014999 0.999931574 50.410297394
0.999970853 0.000173770 -0.007630880 0.891586304 -0.000103792 0.999957979 0.009169690 -1.513199925 0.007632152 -0.009168630 0.999928832 50.947811127
0.999972939 0.000638596 -0.007331761 0.895325065 -0.000571907 0.999958515 0.009094390 -1.524962902 0.007337264 -0.009089950 0.999931753 51.473499298
0.999974310 0.000704581 -0.007128789 0.885436654 -0.000637016 0.999954879 0.009475752 -1.552750587 0.007135145 -0.009470968 0.999929667 51.969463348
0.999975741 0.000434147 -0.006954736 0.898890853 -0.000373002 0.999961317 0.008790796 -1.542620182 0.006958283 -0.008787988 0.999937177 52.511413574
0.999980807 0.000611772 -0.006169712 0.847001314 -0.000551636 0.999952376 0.009744030 -1.593530059 0.006175381 -0.009740442 0.999933422 52.998752594
0.999981463 0.000934542 -0.006007894 0.820851743 -0.000872402 0.999946177 0.010337426 -1.612104177 0.006017232 -0.010331994 0.999928474 53.483421326
0.999976158 0.001212670 -0.006794910 0.893113375 -0.001144774 0.999949396 0.009987235 -1.630754709 0.006806679 -0.009979216 0.999926984 54.001464844
0.999979913 0.001694048 -0.006099329 0.849902391 -0.001637638 0.999955893 0.009241693 -1.611051083 0.006114717 -0.009231521 0.999938607 54.574722290
0.999975443 0.001814161 -0.006767374 0.901619673 -0.001748900 0.999952018 0.009636990 -1.646140337 0.006784533 -0.009624916 0.999930680 55.100715637
0.999975026 0.001683023 -0.006859496 0.913339376 -0.001616931 0.999952316 0.009629257 -1.653201818 0.006875375 -0.009617927 0.999930143 55.554138184
0.999974251 0.001036308 -0.007092207 0.931620240 -0.000963737 0.999947250 0.010228331 -1.672391176 0.007102434 -0.010221234 0.999922514 56.056720734
0.999975801 0.000986471 -0.006890978 0.927261591 -0.000915989 0.999947250 0.010223744 -1.671497941 0.006900701 -0.010217182 0.999923944 56.661483765
0.999975741 0.000795561 -0.006908638 0.944319010 -0.000723939 0.999945998 0.010363270 -1.703033447 0.006916511 -0.010358015 0.999922454 57.118282318
0.999975264 0.000557092 -0.007011475 0.960366726 -0.000484577 0.999946415 0.010339795 -1.710867882 0.007016858 -0.010336142 0.999921918 57.658378601
0.999974787 0.000652407 -0.007072874 0.965474248 -0.000581044 0.999948978 0.010087159 -1.719363332 0.007079094 -0.010082793 0.999924123 58.189594269
0.999977648 0.000747713 -0.006646387 0.969413221 -0.000677379 0.999943852 0.010578177 -1.736453533 0.006653924 -0.010573439 0.999921978 58.731803894
0.999975204 0.001020766 -0.006966620 0.984024405 -0.000946082 0.999942124 0.010715154 -1.744767547 0.006977153 -0.010708298 0.999918342 59.271823883
0.999976993 0.000292093 -0.006788761 1.000889897 -0.000223701 0.999949276 0.010072838 -1.756789923 0.006791359 -0.010071088 0.999926209 59.827518463
0.999972284 0.000857550 -0.007394150 1.021125913 -0.000778664 0.999942839 0.010664896 -1.773111582 0.007402872 -0.010658844 0.999915838 60.345588684
0.999972403 0.001218698 -0.007330295 1.035555482 -0.001138059 0.999938905 0.010994966 -1.792493820 0.007343246 -0.010986321 0.999912739 60.864601135
0.999970555 0.000679977 -0.007639390 1.035559654 -0.000595028 0.999938011 0.011116617 -1.803074598 0.007646476 -0.011111746 0.999909043 61.390254974
0.999968410 0.000366648 -0.007945574 1.060725570 -0.000282969 0.999944448 0.010530123 -1.795755863 0.007948994 -0.010527541 0.999913037 61.912509918
0.999971986 0.001215952 -0.007396345 1.026940823 -0.001131339 0.999934018 0.011433206 -1.836595535 0.007409759 -0.011424515 0.999907315 62.316959381
0.999966323 0.001849814 -0.007993587 1.137260795 -0.001750313 0.999921143 0.012436630 -1.900725365 0.008015961 -0.012422221 0.999890745 62.769611359
0.999969661 0.000840275 -0.007744098 1.107396603 -0.000735737 0.999908686 0.013492023 -1.950051069 0.007754729 -0.013485914 0.999879062 62.883998871
0.999976814 0.002780998 -0.006218080 1.107302189 -0.002706726 0.999925256 0.011921326 -1.867396474 0.006250768 -0.011904217 0.999909580 63.856441498
0.999976873 0.003707654 -0.005697026 1.115120649 -0.003633047 0.999908209 0.013050810 -1.919781923 0.005744891 -0.013029813 0.999898553 64.338195801
0.999973953 0.002862307 -0.006624263 1.129528046 -0.002776704 0.999912918 0.012896030 -1.929596543 0.006660599 -0.012877302 0.999894857 64.878295898
0.999977469 0.002720473 -0.006136704 1.123597980 -0.002646499 0.999924123 0.012030461 -1.931397915 0.006168966 -0.012013949 0.999908745 65.412872314
0.999974370 0.002426982 -0.006739791 1.211936474 -0.002338444 0.999911308 0.013113537 -1.962326050 0.006771018 -0.013097440 0.999891281 65.764488220
0.999973834 0.002594165 -0.006753474 1.227410674 -0.002505978 0.999911904 0.013033916 -1.974703074 0.006786691 -0.013016650 0.999892235 66.280471802
0.999973297 0.002524065 -0.006861121 1.243649960 -0.002432826 0.999908984 0.013273988 -1.995172501 0.006894001 -0.013256941 0.999888301 66.805328369
0.999972522 0.002448052 -0.006996804 1.251357079 -0.002350642 0.999900579 0.013896605 -2.012698889 0.007030129 -0.013879776 0.999878943 67.339431763
0.999974370 0.002772580 -0.006602095 1.233084440 -0.002684031 0.999906778 0.013383499 -2.005985737 0.006638589 -0.013365438 0.999888599 67.759162903
0.999973476 0.002085259 -0.006979226 1.257638812 -0.001990540 0.999906182 0.013551063 -2.020417452 0.007006829 -0.013536811 0.999883831 68.299331665
0.999971092 0.002291039 -0.007248704 1.266953945 -0.002189673 0.999900103 0.013961188 -2.033194304 0.007279967 -0.013944912 0.999876261 68.828887939
0.999972939 0.002255416 -0.007006455 1.292011738 -0.002160206 0.999905586 0.013566885 -2.052366257 0.007036393 -0.013551381 0.999883413 69.320579529
0.999972463 0.001626719 -0.007240644 1.305650473 -0.001526639 0.999903500 0.013806014 -2.065524578 0.007262404 -0.013794581 0.999878466 69.826492310
0.999971926 0.001743143 -0.007306401 1.315360069 -0.001644116 0.999906957 0.013537647 -2.078012705 0.007329320 -0.013525253 0.999881685 70.352439880
0.999971986 0.002199242 -0.007156779 1.337096930 -0.002100034 0.999901950 0.013840077 -2.096573353 0.007186514 -0.013824659 0.999878705 70.874633789
0.999972582 0.001658444 -0.007205743 1.334832907 -0.001559428 0.999904573 0.013725168 -2.108785629 0.007227816 -0.013713557 0.999879777 71.393508911
0.999971569 0.001176589 -0.007452108 1.349440694 -0.001072675 0.999902368 0.013932920 -2.137155771 0.007467775 -0.013924528 0.999875188 71.889724731
0.999973476 0.001195612 -0.007196657 1.355561495 -0.001094724 0.999901354 0.014006443 -2.149770737 0.007212694 -0.013998194 0.999876022 72.437522888
0.999970496 0.001424015 -0.007550213 1.373952389 -0.001318987 0.999902546 0.013897427 -2.152278900 0.007569266 -0.013887057 0.999874890 72.966583252
0.999970555 0.001337265 -0.007554912 1.382445216 -0.001233130 0.999904394 0.013771571 -2.160369396 0.007572606 -0.013761852 0.999876618 73.481536865
0.999973297 0.001749452 -0.007098643 1.391367912 -0.001652710 0.999905944 0.013611264 -2.167342663 0.007121788 -0.013599170 0.999882162 74.010734558
0.999971032 0.001157307 -0.007520247 1.402310014 -0.001053905 0.999904990 0.013739275 -2.184669495 0.007535434 -0.013730952 0.999877274 74.558250427
0.999975562 0.002290658 -0.006598397 1.390231013 -0.002202325 0.999908268 0.013363284 -2.177453518 0.006628403 -0.013348427 0.999888957 75.064308167
0.999971032 0.001291674 -0.007501795 1.407867193 -0.001188069 0.999904096 0.013798744 -2.206102610 0.007518897 -0.013789432 0.999876678 75.639007568
0.999972224 0.001973021 -0.007183763 1.414980888 -0.001878593 0.999912024 0.013127719 -2.215451956 0.007209035 -0.013113859 0.999887943 76.175529480
0.999971211 0.001594801 -0.007409038 1.431829214 -0.001492491 0.999903738 0.013793803 -2.231336594 0.007430323 -0.013782351 0.999877393 76.706275940
0.999971509 0.002181127 -0.007230656 1.433176041 -0.002082535 0.999905109 0.013614975 -2.235430717 0.007259668 -0.013599528 0.999881148 77.225524902
0.999970496 0.001911952 -0.007435035 1.452374935 -0.001814960 0.999913454 0.013030130 -2.244061708 0.007459307 -0.013016254 0.999887466 77.773834229
0.999979377 0.001867436 -0.006133537 1.462865114 -0.001787151 0.999912977 0.013069096 -2.252540588 0.006157409 -0.013057866 0.999895811 78.306076050
0.999988258 0.002780080 -0.003966632 1.465935707 -0.002726748 0.999906659 0.013387742 -2.275656700 0.004003482 -0.013376771 0.999902487 78.846282959
0.999991477 0.003143951 -0.002671007 1.470502615 -0.003108904 0.999910355 0.013025679 -2.287570000 0.002711721 -0.013017266 0.999911606 79.402984619
0.999994874 0.002626686 -0.001841547 1.486187220 -0.002601916 0.999907792 0.013326311 -2.298043489 0.001876381 -0.013321452 0.999909461 79.956260681
0.999992847 0.003237895 0.001954714 1.497924328 -0.003263180 0.999909163 0.013073887 -2.307086706 -0.001912204 -0.013080171 0.999912620 80.501304626
0.999981463 0.003440829 0.005025362 1.517559052 -0.003507792 0.999904335 0.013377481 -2.324805737 -0.004978852 -0.013394861 0.999897897 81.044662476
0.999965370 0.002814796 0.007828948 1.531994820 -0.002917130 0.999910057 0.013090636 -2.328840017 -0.007791397 -0.013113019 0.999883592 81.588035583
0.999919951 0.003157768 0.012249099 1.559704423 -0.003318005 0.999908864 0.013083307 -2.340169430 -0.012206669 -0.013122901 0.999839365 82.125419617
0.999837935 0.002999760 0.017744645 1.588909149 -0.003229689 0.999911010 0.012943232 -2.347530365 -0.017704239 -0.012998445 0.999758720 82.642402649
0.999730408 0.001713945 0.023155635 1.629580975 -0.002007171 0.999918044 0.012645973 -2.346740723 -0.023132062 -0.012689041 0.999651790 83.188987732
0.999588966 0.001707077 0.028617818 1.651216388 -0.002069945 0.999917805 0.012654960 -2.358987093 -0.028593861 -0.012708997 0.999510288 84.048004150
0.999302804 0.002012032 0.037279967 1.690949321 -0.002483614 0.999917388 0.012607761 -2.359335661 -0.037251525 -0.012691559 0.999225318 84.475135803
0.999002039 0.001649342 0.044634074 1.765076637 -0.002230878 0.999913156 0.012982289 -2.404559374 -0.044608787 -0.013068908 0.998919070 85.060455322
0.998666465 0.001150185 0.051613428 1.829115868 -0.001795433 0.999920785 0.012456927 -2.404163361 -0.051595010 -0.012532984 0.998589456 85.617767334
0.998138726 0.001892044 0.060954787 1.880963087 -0.002633563 0.999923468 0.012087012 -2.411683559 -0.060927246 -0.012225044 0.998067319 86.146789551
0.997448802 0.002389994 0.071345724 1.944827080 -0.003288824 0.999916613 0.012483407 -2.431620121 -0.071309946 -0.012686203 0.997373521 86.692649841
0.996787250 0.001615800 0.080077559 2.003395557 -0.002595699 0.999922991 0.012134288 -2.437820435 -0.080051780 -0.012303162 0.996714771 87.242736816
0.996115923 0.001125293 0.088044636 2.082032681 -0.002175389 0.999927640 0.011831820 -2.452302933 -0.088024952 -0.011977395 0.996046245 87.768608093
0.995138705 0.000645442 0.098480314 2.173603058 -0.001835727 0.999926329 0.011996395 -2.470774651 -0.098465316 -0.012118861 0.995066643 88.298309326
0.994059980 0.000576609 0.108832128 2.260464191 -0.001875514 0.999928236 0.011832958 -2.479124069 -0.108817481 -0.011966786 0.993989706 88.842422485
0.993020594 0.000083511 0.117940888 2.345223427 -0.001459098 0.999931931 0.011577062 -2.493865967 -0.117931888 -0.011668347 0.992953122 89.350372314
0.991608322 0.000389168 0.129277378 2.433595657 -0.001896441 0.999931574 0.011536323 -2.499305487 -0.129264012 -0.011684684 0.991541386 89.885406494
0.989913762 0.000580504 0.141670153 2.532775879 -0.002210599 0.999933124 0.011349158 -2.512217045 -0.141654119 -0.011547863 0.989848852 90.429763794
0.988303542 -0.000026740 0.152499393 2.639493942 -0.001700047 0.999935865 0.011192839 -2.521039009 -0.152489886 -0.011321178 0.988240182 90.977020264
0.986752868 -0.000145068 0.162230015 2.745638847 -0.001647294 0.999939024 0.010913711 -2.526240110 -0.162221745 -0.011036378 0.986692548 91.523040771
0.984709442 -0.000463461 0.174204186 2.866165161 -0.001406389 0.999942660 0.010610077 -2.536751747 -0.174199104 -0.010692840 0.984652400 92.050880432
0.982552052 -0.001612972 0.185980827 2.995665550 -0.000332631 0.999945581 0.010429626 -2.543317318 -0.185987547 -0.010309512 0.982497990 92.573860168
0.980472386 -0.001928976 0.196647212 3.124698639 -0.000058248 0.999948978 0.010099239 -2.548793316 -0.196656659 -0.009913481 0.980422318 93.109092712
0.977758944 -0.002544986 0.209716365 3.265380859 0.000411675 0.999947727 0.010215385 -2.563825607 -0.209731445 -0.009901849 0.977708876 93.638275146
0.974807620 -0.002825380 0.223029360 3.414302826 0.000629588 0.999950647 0.009915797 -2.569878101 -0.223046392 -0.009525576 0.974761307 94.171386719
0.972269654 -0.003784887 0.233831823 3.573480606 0.001543688 0.999951184 0.009766937 -2.583916187 -0.233857363 -0.009135134 0.972227931 94.691772461
0.969191134 -0.003670251 0.246282592 3.742235184 0.001250721 0.999949396 0.009979909 -2.601194143 -0.246306777 -0.009364411 0.969146609 95.247695923
0.965506792 -0.003752226 0.260350555 3.921424866 0.001023392 0.999943137 0.010616146 -2.629226208 -0.260375619 -0.009983521 0.965455770 95.724838257
0.962085009 -0.004426869 0.272713870 4.102762222 0.001633726 0.999943793 0.010468252 -2.647526503 -0.272744834 -0.009625809 0.962038219 96.223731995
0.958825529 -0.004687776 0.283957064 4.285083771 0.001720723 0.999941289 0.010697489 -2.666071892 -0.283990562 -0.009768414 0.958777308 96.713989258
0.954533577 -0.004222868 0.298073471 4.473968506 0.001044312 0.999940813 0.010822119 -2.677276134 -0.298101634 -0.010018793 0.954481483 97.227859497
0.950128913 -0.004880628 0.311819136 4.677656174 0.001488967 0.999937117 0.011114167 -2.695041418 -0.311853796 -0.010095604 0.950076461 97.724060059
0.946434855 -0.005854329 0.322841763 4.883962631 0.002286538 0.999932051 0.011429352 -2.707237244 -0.322886765 -0.010078945 0.946383893 98.233352661
0.942215025 -0.006329298 0.334948838 5.098693848 0.002748584 0.999933898 0.011163265 -2.718338490 -0.334997416 -0.009597559 0.942170203 98.739517212
0.936995745 -0.006314877 0.349283487 5.308694839 0.002560876 0.999933898 0.011208459 -2.726490021 -0.349331200 -0.009607806 0.936949968 99.248374939
0.932331860 -0.006920852 0.361537665 5.518999100 0.002926132 0.999928415 0.011595558 -2.742073298 -0.361591995 -0.009753000 0.932285428 99.736862183
0.927739084 -0.007225879 0.373159528 5.737558365 0.003169521 0.999929070 0.011482699 -2.749765396 -0.373216003 -0.009470212 0.927696288 100.236343384
0.922128022 -0.007320711 0.386815667 5.976325989 0.003326313 0.999933958 0.010994754 -2.753432751 -0.386870623 -0.008851898 0.922091424 100.732818604
0.916712403 -0.008464525 0.399458110 6.223161697 0.004314780 0.999926984 0.011286530 -2.763387203 -0.399524420 -0.008622930 0.916682005 101.220306396
0.911934257 -0.009006236 0.410237521 6.466812134 0.004984485 0.999928474 0.010871920 -2.768368959 -0.410306096 -0.007869652 0.911913931 101.714508057
0.906345367 -0.009643831 0.422427565 6.707683563 0.005269112 0.999919713 0.011522500 -2.784295082 -0.422504842 -0.008217546 0.906323433 102.174575806
0.900018036 -0.009846919 0.435741246 6.973438263 0.005403273 0.999920011 0.011435884 -2.797382832 -0.435819060 -0.007938074 0.899999261 102.643569946
0.894325674 -0.010021497 0.447304368 7.250850677 0.005526754 0.999920309 0.011352405 -2.808608532 -0.447382420 -0.007680606 0.894309759 103.128051758
0.888615906 -0.010835403 0.458524078 7.516902924 0.006209977 0.999913454 0.011594119 -2.818627357 -0.458610058 -0.007455295 0.888606310 103.592666626
0.881455660 -0.010742802 0.472144544 7.802032471 0.006094215 0.999916732 0.011373908 -2.828594208 -0.472227484 -0.007148246 0.881447732 104.072006226
