1.000000000 0.000000000 0.000000000 0.000000000 0.000000000 1.000000000 0.000000000 0.000000000 0.000000000 0.000000000 1.000000000 0.000000000
1.000000000 0.000065864 -0.000039322 0.000840933 -0.000065862 1.000000000 0.000043631 -0.000320266 0.000039325 -0.000043628 1.000000000 0.001560544
1.000000000 0.000006782 -0.000049792 0.001051823 -0.000006779 1.000000000 0.000044860 -0.000803365 0.000049792 -0.000044860 1.000000000 0.000926349
1.000000000 -0.000016925 -0.000042631 0.000524602 0.000016923 1.000000000 -0.000035359 0.000222708 0.000042632 0.000035358 1.000000000 -0.000648245
1.000000000 -0.000134091 -0.000100923 0.001221969 0.000134098 1.000000000 0.000067310 -0.000307526 0.000100914 -0.000067323 1.000000000 0.000590319
1.000000000 -0.000128913 -0.000112116 -0.000918291 0.000128916 1.000000000 0.000024685 0.001503701 0.000112113 -0.000024699 1.000000000 0.002212053
1.000000000 -0.000172827 -0.000081862 0.001287460 0.000172833 1.000000000 0.000071853 -0.000039789 0.000081849 -0.000071867 1.000000000 0.001879242
1.000000000 -0.000113730 -0.000044423 -0.000141896 0.000113734 1.000000000 0.000091007 -0.000594062 0.000044412 -0.000091012 1.000000000 -0.000300764
1.000000000 0.000006076 -0.000074186 0.000345398 -0.000006070 1.000000000 0.000072129 0.000349151 0.000074187 -0.000072129 1.000000000 -0.001221846
1.000000000 0.000047757 -0.000017480 0.000036133 -0.000047756 1.000000000 0.000043368 0.000728074 0.000017482 -0.000043367 1.000000000 0.002475486
1.000000000 0.000052693 -0.000039270 0.000134452 -0.000052692 1.000000000 0.000032319 0.000692592 0.000039272 -0.000032317 1.000000000 0.000915658
1.000000000 -0.000085150 -0.000093444 0.000562442 0.000085155 1.000000000 0.000053800 0.000337383 0.000093440 -0.000053808 1.000000000 0.000005112
1.000000000 -0.000064805 -0.000044671 -0.000142190 0.000064805 1.000000000 0.000002799 0.001432053 0.000044671 -0.000002802 1.000000000 0.002016540
1.000000000 -0.000176358 -0.000104772 0.000153336 0.000176367 1.000000000 0.000088105 0.000819836 0.000104756 -0.000088123 1.000000000 0.000541497
1.000000000 -0.000087340 -0.000125206 0.001304643 0.000087348 1.000000000 0.000060596 -0.000252441 0.000125201 -0.000060607 1.000000000 -0.003661938
1.000000000 -0.000083288 -0.000145423 0.002223079 0.000083304 1.000000000 0.000104205 -0.000093700 0.000145414 -0.000104217 1.000000000 -0.002515313
1.000000000 -0.000094087 -0.000086584 0.001795972 0.000094095 1.000000000 0.000097864 -0.000385472 0.000086575 -0.000097872 1.000000000 -0.003073145
1.000000000 -0.000029269 -0.000071126 0.001706919 0.000029272 1.000000000 0.000045904 0.000088594 0.000071124 -0.000045906 1.000000000 -0.000793787
1.000000000 0.000048467 -0.000100381 0.001493609 -0.000048454 1.000000000 0.000128704 -0.000545551 0.000100387 -0.000128699 1.000000000 -0.003488802
1.000000000 -0.000136296 -0.000116141 0.001585933 0.000136305 1.000000000 0.000075136 -0.000616034 0.000116131 -0.000075152 1.000000000 -0.003697929
1.000000000 -0.000163190 -0.000129123 0.001659512 0.000163201 1.000000000 0.000085698 0.000354674 0.000129109 -0.000085719 1.000000000 -0.000110320
1.000000000 -0.000177134 -0.000159036 0.002128348 0.000177156 1.000000000 0.000140656 -0.002058286 0.000159012 -0.000140684 1.000000000 -0.006490930
1.000000000 -0.000034876 -0.000149559 0.003716268 0.000034894 1.000000000 0.000116912 -0.000316218 0.000149555 -0.000116918 1.000000000 -0.001875603
1.000000000 -0.000095994 -0.000163813 0.003972090 0.000096010 1.000000000 0.000101132 -0.001496694 0.000163803 -0.000101147 1.000000000 -0.002390492
1.000000000 -0.000155512 -0.000185710 0.002428705 0.000155533 1.000000000 0.000112669 -0.000800332 0.000185693 -0.000112698 1.000000000 -0.004263859
1.000000000 -0.000146762 -0.000185690 0.002648104 0.000146777 1.000000000 0.000080395 0.000234125 0.000185678 -0.000080422 1.000000000 -0.002159116
1.000000000 -0.000152392 -0.000137769 0.003022854 0.000152398 1.000000000 0.000048774 0.000701594 0.000137762 -0.000048795 1.000000000 -0.002422420
1.000000000 -0.000163227 -0.000158964 0.002705155 0.000163240 1.000000000 0.000079268 -0.000302605 0.000158951 -0.000079294 1.000000000 -0.002644344
1.000000000 -0.000148828 -0.000108991 -0.000012608 0.000148835 1.000000000 0.000067006 -0.000614440 0.000108981 -0.000067022 1.000000000 -0.002430549
1.000000000 -0.000026508 -0.000204838 0.003990471 0.000026545 1.000000000 0.000177373 -0.001401414 0.000204833 -0.000177378 0.999999940 -0.005489192
0.999999940 -0.000190387 -0.000198466 0.003768621 0.000190407 1.000000000 0.000100279 -0.000318260 0.000198447 -0.000100317 1.000000000 -0.002495977
0.999999940 -0.000208094 -0.000208340 0.002809801 0.000208114 1.000000000 0.000093491 0.000233214 0.000208321 -0.000093534 1.000000000 -0.002157067
1.000000000 -0.000142749 -0.000137506 0.002117043 0.000142761 1.000000000 0.000090080 0.000064260 0.000137493 -0.000090100 1.000000000 -0.003970572
1.000000000 -0.000070162 -0.000133198 0.003157966 0.000070167 1.000000000 0.000036077 -0.000462194 0.000133195 -0.000036086 1.000000000 -0.003075150
1.000000000 -0.000096534 -0.000136638 0.002803335 0.000096544 1.000000000 0.000067872 0.000031193 0.000136631 -0.000067886 1.000000000 -0.001148745
1.000000000 -0.000148394 -0.000132186 0.001952360 0.000148414 1.000000000 0.000144663 -0.001759442 0.000132164 -0.000144682 1.000000000 -0.005279406
0.999999940 -0.000186330 -0.000218495 0.002915211 0.000186347 1.000000000 0.000074451 0.000542660 0.000218481 -0.000074491 1.000000000 -0.002019491
0.999999940 -0.000187871 -0.000208265 0.004648705 0.000187902 1.000000000 0.000148463 -0.000344862 0.000208237 -0.000148502 0.999999940 -0.005171192
1.000000000 -0.000129289 -0.000109256 0.000975902 0.000129300 1.000000000 0.000101331 0.000099640 0.000109243 -0.000101345 1.000000000 -0.002859924
0.999999940 -0.000172615 -0.000187229 0.002711142 0.000172642 1.000000000 0.000146410 -0.001065914 0.000187204 -0.000146442 1.000000000 -0.004377431
0.999999940 -0.000195512 -0.000223869 0.005616584 0.000195526 1.000000000 0.000060326 -0.001720763 0.000223858 -0.000060370 1.000000000 -0.001716584
1.000000000 -0.000172041 -0.000018683 0.001032405 0.000172030 0.999999821 -0.000545886 -0.002040577 0.000018777 0.000545882 0.999999821 0.051124752
1.000000000 -0.000017084 -0.000124394 0.003801137 0.000016943 0.999999344 -0.001128127 -0.005395086 0.000124413 0.001128125 0.999999344 0.140772015
1.000000000 -0.000147172 -0.000050238 0.004561810 0.000147097 0.999998927 -0.001471372 -0.008122474 0.000050455 0.001471364 0.999998927 0.257941514
1.000000000 -0.000156627 -0.000033598 0.007165078 0.000156580 0.999998987 -0.001394533 -0.011576639 0.000033817 0.001394528 0.999999046 0.391685039
1.000000000 -0.000062391 -0.000058201 0.009063531 0.000062323 0.999999285 -0.001178058 -0.017430708 0.000058275 0.001178054 0.999999285 0.530104876
1.000000000 0.000038578 -0.000050607 0.014100952 -0.000038634 0.999999404 -0.001115675 -0.021174900 0.000050564 0.001115676 0.999999404 0.683909655
1.000000000 -0.000068271 0.000115341 0.012845358 0.000068373 0.999999583 -0.000890907 -0.025323648 -0.000115280 0.000890915 0.999999583 0.846980155
0.999999940 0.000318892 0.000190514 0.013039736 -0.000318748 0.999999642 -0.000756665 -0.026848378 -0.000190755 0.000756605 0.999999702 1.025559306
1.000000000 0.000194000 -0.000012535 0.021690620 -0.000194007 0.999999821 -0.000592310 -0.037468422 0.000012420 0.000592312 0.999999821 1.190123200
1.000000000 0.000041866 -0.000006749 0.026889948 -0.000041868 0.999999940 -0.000343866 -0.038954813 0.000006735 0.000343867 0.999999940 1.376519203
1.000000000 0.000170568 -0.000106001 0.033070728 -0.000170604 0.999999940 -0.000334581 -0.048776697 0.000105944 0.000334599 0.999999940 1.569450259
1.000000000 -0.000158209 0.000061634 0.040661942 0.000158218 1.000000000 -0.000138589 -0.058980566 -0.000061612 0.000138599 1.000000000 1.760080695
0.999999523 -0.000734595 -0.000655637 0.035970032 0.000735050 0.999999464 0.000694257 -0.060409319 0.000655127 -0.000694739 0.999999464 1.970078230
0.999999881 -0.000359525 -0.000420114 0.032703865 0.000359800 0.999999702 0.000656588 -0.066018239 0.000419878 -0.000656739 0.999999642 2.183091640
0.999999642 -0.000432992 -0.000791521 0.044059727 0.000433715 0.999999464 0.000913634 -0.073267572 0.000791125 -0.000913977 0.999999225 2.397067308
0.999999881 -0.000168176 -0.000483476 0.052942470 0.000168780 0.999999225 0.001250304 -0.087402277 0.000483265 -0.001250385 0.999999106 2.616460323
1.000000000 0.000168345 -0.000313554 0.053805526 -0.000167955 0.999999225 0.001243612 -0.092516027 0.000313764 -0.001243559 0.999999225 2.849157095
1.000000000 -0.000022653 -0.000176174 0.059659701 0.000022918 0.999998868 0.001505382 -0.098749638 0.000176140 -0.001505386 0.999998868 3.081739902
0.999999940 -0.000205269 -0.000311860 0.062454399 0.000205738 0.999998927 0.001505444 -0.105968758 0.000311550 -0.001505508 0.999998868 3.328013659
0.999999762 -0.000496154 -0.000250499 0.067274943 0.000496479 0.999998987 0.001298655 -0.116644360 0.000249854 -0.001298779 0.999999106 3.574833870
0.999999940 -0.000222762 -0.000283466 0.072076343 0.000223167 0.999998927 0.001429080 -0.121078379 0.000283147 -0.001429143 0.999998927 3.831967354
0.999999940 -0.000403051 -0.000059989 0.074602447 0.000403141 0.999998808 0.001515716 -0.129710346 0.000059378 -0.001515740 0.999998808 4.096354008
0.999999940 0.000112055 0.000163189 0.077164710 -0.000112357 0.999998331 0.001848618 -0.136347845 -0.000162982 -0.001848636 0.999998271 4.345855236
0.999999881 -0.000115426 -0.000228163 0.086365230 0.000115881 0.999997973 0.001995198 -0.148092777 0.000227933 -0.001995225 0.999997973 4.591629505
0.999999881 -0.000289216 -0.000121130 0.093997993 0.000289477 0.999997556 0.002165791 -0.158006713 0.000120503 -0.002165826 0.999997675 4.851854324
1.000000000 -0.000143727 -0.000047070 0.098663367 0.000143837 0.999997258 0.002333056 -0.166722059 0.000046735 -0.002333063 0.999997258 5.110705376
1.000000000 -0.000223255 -0.000003442 0.098204471 0.000223262 0.999997616 0.002180343 -0.169776574 0.000002955 -0.002180344 0.999997616 5.370341778
1.000000000 -0.000209814 -0.000075739 0.115872435 0.000210002 0.999996901 0.002485245 -0.179948017 0.000075217 -0.002485261 0.999996841 5.630945206
0.999999881 -0.000523774 -0.000082268 0.109151594 0.000523978 0.999996662 0.002502233 -0.194104820 0.000080957 -0.002502276 0.999996781 5.923866749
0.999999940 -0.000377426 0.000005948 0.110692963 0.000377411 0.999996841 0.002446007 -0.202681229 -0.000006871 -0.002446004 0.999996901 6.207528591
0.999999523 -0.000924612 -0.000144702 0.120069519 0.000925004 0.999995768 0.002729562 -0.212047949 0.000142177 -0.002729695 0.999996185 6.485777378
0.999999821 -0.000612433 0.000067279 0.127202585 0.000612233 0.999995530 0.002925002 -0.224389464 -0.000069070 -0.002924960 0.999995649 6.765870571
1.000000000 -0.000251872 0.000148099 0.132788539 0.000251435 0.999995649 0.002939705 -0.230779767 -0.000148839 -0.002939668 0.999995589 7.064347744
0.999999583 -0.000869615 -0.000056723 0.126807690 0.000869752 0.999996543 0.002474146 -0.239995837 0.000054571 -0.002474194 0.999996960 7.370434284
0.999999881 -0.000547067 0.000099690 0.132416800 0.000546812 0.999996603 0.002541623 -0.249638706 -0.000101080 -0.002541567 0.999996781 7.686672688
0.999999464 -0.001094893 0.000040665 0.144096434 0.001094778 0.999995708 0.002706617 -0.263192952 -0.000043628 -0.002706571 0.999996305 8.012980461
0.999998927 -0.001493886 -0.000162380 0.147003144 0.001494342 0.999994814 0.002846015 -0.267520994 0.000158128 -0.002846254 0.999995947 8.325418472
0.999998927 -0.001504572 -0.000224798 0.162379056 0.001505191 0.999994934 0.002782222 -0.277136087 0.000220611 -0.002782558 0.999996066 8.634949684
0.999999642 -0.000790049 0.000248372 0.155196637 0.000789324 0.999995351 0.002905106 -0.283611625 -0.000250666 -0.002904909 0.999995708 8.990003586
0.999999583 -0.000800400 0.000385797 0.159846961 0.000799273 0.999995351 0.002914428 -0.298522115 -0.000388128 -0.002914119 0.999995649 9.331179619
0.999999642 -0.000785343 0.000249710 0.158761755 0.000784638 0.999995708 0.002809310 -0.313911080 -0.000251915 -0.002809113 0.999996006 9.682163239
0.999999762 -0.000530160 0.000249003 0.169134557 0.000529485 0.999996245 0.002699677 -0.322780937 -0.000250433 -0.002699545 0.999996245 10.023848534
0.999999821 -0.000408987 0.000315377 0.169121325 0.000408077 0.999995768 0.002879492 -0.332195401 -0.000316553 -0.002879363 0.999995768 10.396873474
0.999999404 -0.000915356 0.000376951 0.185464799 0.000914114 0.999994218 0.003281319 -0.345610827 -0.000379952 -0.003280973 0.999994516 10.758585930
0.999999642 -0.000803576 0.000129387 0.194559604 0.000803144 0.999994218 0.003301969 -0.364617050 -0.000132040 -0.003301864 0.999994516 11.110358238
0.999999642 -0.000812007 0.000112195 0.203562096 0.000811630 0.999994159 0.003321107 -0.377440125 -0.000114891 -0.003321015 0.999994457 11.480562210
0.999999881 -0.000289555 0.000413062 0.209478468 0.000288163 0.999994338 0.003364573 -0.383445144 -0.000414034 -0.003364453 0.999994218 11.875867844
0.999999762 0.000366858 0.000649658 0.214645058 -0.000369258 0.999993145 0.003698026 -0.398437083 -0.000648297 -0.003698265 0.999992907 12.241307259
0.999999583 -0.001046005 0.000175183 0.234978229 0.001045379 0.999993205 0.003539920 -0.405227959 -0.000178884 -0.003539735 0.999993742 12.617349625
0.999999642 -0.000861300 0.000268886 0.241814673 0.000860301 0.999992788 0.003692993 -0.413886547 -0.000272065 -0.003692760 0.999993205 13.023401260
0.999999523 -0.000971140 0.000071638 0.253543139 0.000970863 0.999992430 0.003775473 -0.429084063 -0.000075304 -0.003775402 0.999992847 13.423336029
0.999999464 -0.000925583 0.000403627 0.260258853 0.000924001 0.999991953 0.003902047 -0.439677000 -0.000407236 -0.003901673 0.999992311 13.821097374
0.999999702 -0.000378817 0.000728224 0.269540608 0.000375840 0.999991596 0.004084062 -0.454416513 -0.000729766 -0.004083788 0.999991417 14.229271889
0.999999046 -0.001278658 0.000550956 0.278327942 0.001276205 0.999989331 0.004430787 -0.488231122 -0.000556616 -0.004430080 0.999989986 14.630669594
0.999998629 -0.001514590 0.000812813 0.287460238 0.001510714 0.999987543 0.004747879 -0.500900030 -0.000819993 -0.004746645 0.999988377 15.050649643
0.999998450 -0.001615347 0.000804089 0.296044767 0.001611501 0.999987364 0.004761592 -0.512791395 -0.000811770 -0.004760290 0.999988317 15.491638184
0.999998510 -0.001070478 0.001313278 0.309072167 0.001063468 0.999985158 0.005326598 -0.530643344 -0.001318961 -0.005325193 0.999984980 15.905933380
0.999997199 -0.001758130 0.001581437 0.310695857 0.001749810 0.999984682 0.005247077 -0.552869916 -0.001590638 -0.005244294 0.999984980 16.347581863
0.999995887 -0.002187981 0.001860502 0.319417804 0.002177969 0.999983251 0.005366533 -0.565096498 -0.001872213 -0.005362458 0.999983847 16.795064926
0.999996424 -0.002080025 0.001687116 0.336404860 0.002070777 0.999982893 0.005465076 -0.576373756 -0.001698455 -0.005461563 0.999983609 17.262737274
0.999996245 -0.001499483 0.002305590 0.342717230 0.001486605 0.999983370 0.005577243 -0.600963533 -0.002313914 -0.005573796 0.999981761 17.696014404
0.999995112 -0.001830449 0.002565151 0.357679904 0.001816229 0.999983072 0.005535109 -0.612672091 -0.002575240 -0.005530423 0.999981344 18.156351089
0.999994278 -0.001835654 0.002842405 0.369991630 0.001819244 0.999981821 0.005765244 -0.626715183 -0.002852937 -0.005760039 0.999979377 18.635425568
0.999993801 -0.001879621 0.002983129 0.376802891 0.001862101 0.999981046 0.005864810 -0.653597057 -0.002994096 -0.005859219 0.999978364 19.095615387
0.999994338 -0.001226713 0.003164295 0.392874420 0.001208014 0.999981761 0.005904554 -0.667443037 -0.003171481 -0.005900698 0.999977589 19.568784714
0.999994814 -0.001535113 0.002844428 0.405987799 0.001518716 0.999982357 0.005757818 -0.677679539 -0.002853217 -0.005753468 0.999979377 20.039596558
0.999994338 -0.001632486 0.002936195 0.418854624 0.001613805 0.999978483 0.006353457 -0.689009070 -0.002946504 -0.006348682 0.999975502 20.539064407
0.999995649 -0.002217728 0.001939947 0.432981133 0.002205438 0.999977589 0.006314983 -0.719198823 -0.001953908 -0.006310679 0.999978125 21.016189575
0.999995828 -0.002591495 0.001289106 0.441003680 0.002583241 0.999976397 0.006363811 -0.727192998 -0.001305568 -0.006360454 0.999978900 21.527769089
0.999997318 -0.001982252 0.001207007 0.441291481 0.001974812 0.999979258 0.006134473 -0.738597870 -0.001219142 -0.006132073 0.999980450 22.026624680
0.999995351 -0.002962582 0.000746435 0.450852722 0.002957921 0.999976575 0.006169702 -0.743326962 -0.000764696 -0.006167466 0.999980628 22.526426315
0.999997079 -0.002227775 0.000940228 0.455129266 0.002221373 0.999974728 0.006756423 -0.769819200 -0.000955256 -0.006754314 0.999976695 23.024936676
0.999997079 -0.002380912 0.000313271 0.466612905 0.002378757 0.999974668 0.006707586 -0.786231279 -0.000329233 -0.006706820 0.999977410 23.553390503
0.999991596 -0.004035706 -0.000629461 0.480611235 0.004039899 0.999968708 0.006808731 -0.797223926 0.000601963 -0.006811216 0.999976635 24.093446732
0.999992311 -0.003671448 -0.001380077 0.497043729 0.003681111 0.999968231 0.007066203 -0.821798444 0.001354090 -0.007071230 0.999974072 24.517702103
0.999991357 -0.003599673 -0.002067988 0.504199922 0.003614177 0.999968529 0.007053021 -0.830372512 0.002042534 -0.007060434 0.999973059 25.054422379
0.999989748 -0.003500876 -0.002870507 0.515874386 0.003522111 0.999966264 0.007426210 -0.843470395 0.002844412 -0.007436245 0.999968290 25.575325012
0.999990582 -0.002968522 -0.003164519 0.514500082 0.002991983 0.999967873 0.007434899 -0.858998299 0.003142347 -0.007444297 0.999967337 26.030399323
0.999984980 -0.004221296 -0.003472432 0.524333656 0.004250437 0.999955475 0.008428092 -0.874516726 0.003436700 -0.008442726 0.999958456 26.577447891
0.999984980 -0.003571376 -0.004163132 0.538836300 0.003604778 0.999961197 0.008043604 -0.882126927 0.004134243 -0.008058490 0.999958932 27.143030167
0.999985218 -0.003174291 -0.004412765 0.550039411 0.003211127 0.999959826 0.008365729 -0.909419894 0.004386033 -0.008379776 0.999955297 27.570697784
0.999985456 -0.002955196 -0.004512145 0.549963355 0.002994574 0.999957263 0.008745252 -0.916770101 0.004486109 -0.008758636 0.999951601 28.130729675
0.999980628 -0.003444837 -0.005184156 0.560580671 0.003491167 0.999953806 0.008954437 -0.934374928 0.005153071 -0.008972363 0.999946475 28.678804398
0.999979138 -0.003461725 -0.005448225 0.561687171 0.003509786 0.999954820 0.008836798 -0.961170554 0.005417389 -0.008855739 0.999946117 29.115966797
0.999973714 -0.004026857 -0.006030826 0.572824538 0.004079721 0.999953210 0.008779238 -0.973332524 0.005995192 -0.008803613 0.999943256 29.655467987
0.999976516 -0.003419557 -0.005939174 0.574962139 0.003473032 0.999953449 0.009016953 -0.993193984 0.005908062 -0.009037369 0.999941707 30.205148697
0.999977052 -0.003352684 -0.005887683 0.579000890 0.003406549 0.999952197 0.009162745 -1.000683069 0.005856682 -0.009182590 0.999940693 30.753946304
0.999970317 -0.004183007 -0.006477418 0.597728014 0.004243448 0.999947309 0.009345574 -1.016862035 0.006437985 -0.009372785 0.999935389 31.288686752
0.999969006 -0.003956781 -0.006803215 0.611486793 0.004020710 0.999947667 0.009408955 -1.036893129 0.006765630 -0.009436019 0.999932587 31.772418976
0.999968648 -0.003731775 -0.006983732 0.624010921 0.003795770 0.999950707 0.009172798 -1.042517662 0.006949158 -0.009199019 0.999933600 32.309535980
0.999967158 -0.003916606 -0.007092845 0.628480434 0.003987057 0.999942601 0.009945888 -1.064683437 0.007053485 -0.009973841 0.999925375 32.856208801
0.999963760 -0.004051256 -0.007491071 0.646480560 0.004123833 0.999944448 0.009698641 -1.075640440 0.007451364 -0.009729180 0.999924958 33.386463165
0.999962449 -0.004041962 -0.007666978 0.652873039 0.004121944 0.999936938 0.010445044 -1.109703779 0.007624275 -0.010476255 0.999916077 33.857955933
0.999959230 -0.004094404 -0.008056330 0.666450083 0.004177441 0.999938011 0.010317352 -1.118633628 0.008013587 -0.010350584 0.999914348 34.400856018
0.999956846 -0.004317526 -0.008228038 0.678903699 0.004405013 0.999933660 0.010644449 -1.130518913 0.008181535 -0.010680233 0.999909520 34.947795868
0.999959528 -0.004176892 -0.007971830 0.684897661 0.004258720 0.999938130 0.010275449 -1.134838343 0.007928416 -0.010308983 0.999915481 35.488437653
0.999958873 -0.004085531 -0.008093650 0.675732255 0.004173795 0.999931693 0.010918698 -1.165475726 0.008048487 -0.010952028 0.999907613 35.997253418
0.999953449 -0.004255939 -0.008652811 0.683064818 0.004347837 0.999934137 0.010629676 -1.172137737 0.008607000 -0.010666803 0.999906003 36.534378052
0.999947071 -0.004763599 -0.009119580 0.694758177 0.004865479 0.999925613 0.011182113 -1.188500524 0.009065635 -0.011225889 0.999895871 37.091224670
0.999950767 -0.004345725 -0.008917375 0.704090297 0.004443466 0.999929965 0.010970272 -1.195202827 0.008869077 -0.011009357 0.999900103 37.626098633
0.999949813 -0.004169821 -0.009110340 0.709423363 0.004269606 0.999930799 0.010961061 -1.203191042 0.009064005 -0.010999409 0.999898374 38.172603607
0.999949694 -0.004830364 -0.008788281 0.679201066 0.004929510 0.999924183 0.011295236 -1.228749990 0.008733054 -0.011337989 0.999897599 38.679405212
0.999944866 -0.005077445 -0.009189876 0.699164569 0.005183774 0.999919474 0.011583542 -1.247588277 0.009130321 -0.011630543 0.999890745 39.199935913
0.999945343 -0.004986763 -0.009191716 0.711827159 0.005096248 0.999915957 0.011926723 -1.264765143 0.009131467 -0.011972916 0.999886632 39.748237610
0.999942064 -0.005524348 -0.009236749 0.716529369 0.005637908 0.999908328 0.012313941 -1.281184912 0.009167876 -0.012365304 0.999881566 40.304927826
0.999951780 -0.004262727 -0.008846055 0.708369434 0.004366646 0.999921322 0.011761553 -1.271161675 0.008795222 -0.011799611 0.999891698 40.819927216
0.999949276 -0.004400040 -0.009063615 0.727350712 0.004505591 0.999921858 0.011658215 -1.281794071 0.009011611 -0.011698460 0.999890983 41.395591736
0.999933541 -0.005784466 -0.009973479 0.718690217 0.005910723 0.999902129 0.012676498 -1.344374180 0.009899177 -0.012734605 0.999869883 41.942829132
0.999937236 -0.005183428 -0.009936323 0.725123048 0.005309146 0.999905705 0.012668018 -1.351462841 0.009869723 -0.012719978 0.999870360 42.492332458
0.999932051 -0.005914345 -0.010047634 0.738135099 0.006045014 0.999896884 0.013024703 -1.363400459 0.009969565 -0.013084556 0.999864697 43.039424896
0.999922574 -0.006509569 -0.010610504 0.757730961 0.006655628 0.999882758 0.013788735 -1.382800579 0.010519505 -0.013858289 0.999848604 43.565536499
0.999925137 -0.006412352 -0.010422182 0.733662963 0.006553213 0.999886870 0.013537927 -1.399754643 0.010334196 -0.013605212 0.999854028 44.101016998
0.999932408 -0.005607893 -0.010184627 0.737866938 0.005739197 0.999900162 0.012909312 -1.407673597 0.010111217 -0.012966892 0.999864757 44.656414032
0.999917746 -0.006961747 -0.010767171 0.766071916 0.007106982 0.999883473 0.013509816 -1.417185545 0.010671865 -0.013585227 0.999850750 45.180568695
0.999921262 -0.006527988 -0.010712577 0.753619432 0.006672948 0.999885917 0.013552318 -1.427704096 0.010622884 -0.013622737 0.999850690 45.700878143
0.999922574 -0.006283470 -0.010739210 0.761237621 0.006431999 0.999883473 0.013852461 -1.436459303 0.010650916 -0.013920464 0.999846280 46.255409241
0.999918759 -0.006547793 -0.010937001 0.766961813 0.006704248 0.999874890 0.014330362 -1.451304913 0.010841799 -0.014402522 0.999837458 46.812881470
0.999917746 -0.006812452 -0.010865793 0.771898508 0.006961401 0.999881446 0.013729704 -1.460510135 0.010770973 -0.013804214 0.999846697 47.298038483
0.999915183 -0.006924611 -0.011027474 0.785149038 0.007074648 0.999882102 0.013625269 -1.465767384 0.010931824 -0.013702128 0.999846399 47.846771240
0.999915540 -0.006971584 -0.010970022 0.787307024 0.007121479 0.999880970 0.013684756 -1.475497603 0.010873314 -0.013761722 0.999846101 48.389034271
0.999914765 -0.006883471 -0.011094146 0.789191902 0.007038401 0.999877393 0.013987015 -1.493775606 0.010996507 -0.014063910 0.999840617 48.888820648
0.999919593 -0.006505691 -0.010890336 0.791874051 0.006659755 0.999877393 0.014170759 -1.504231572 0.010796811 -0.014242146 0.999840319 49.418193817
0.999912381 -0.006977661 -0.011250956 0.794897139 0.007132491 0.999879539 0.013780590 -1.511197329 0.011153446 -0.013859631 0.999841690 49.962375641
0.999907851 -0.007485078 -0.011319848 0.803361356 0.007644669 0.999871075 0.014121498 -1.520331860 0.011212688 -0.014206735 0.999836147 50.467041016
0.999907553 -0.007611395 -0.011269144 0.801660180 0.007773818 0.999865532 0.014440096 -1.530410767 0.011157719 -0.014526366 0.999832213 51.011203766
0.999906719 -0.007492316 -0.011419007 0.809867084 0.007654826 0.999869049 0.014254859 -1.538238525 0.011310712 -0.014340939 0.999833167 51.521633148
0.999920368 -0.006619473 -0.010744770 0.806632996 0.006772580 0.999875128 0.014276069 -1.544045925 0.010648930 -0.014347704 0.999840319 52.066642761
0.999904096 -0.007560316 -0.011603230 0.823334098 0.007724767 0.999869406 0.014193967 -1.555436373 0.011494404 -0.014282238 0.999831915 52.566947937
0.999897182 -0.007907217 -0.011960859 0.830058455 0.008076362 0.999867082 0.014159882 -1.562459946 0.011847303 -0.014255027 0.999828100 53.123786926
0.999898314 -0.007954296 -0.011839812 0.837298155 0.008126674 0.999860644 0.014582918 -1.573768854 0.011722166 -0.014677653 0.999823511 53.659652710
0.999903560 -0.007640922 -0.011598187 0.833750367 0.007806048 0.999867857 0.014259353 -1.584639072 0.011487700 -0.014348513 0.999831080 54.155540466
0.999906600 -0.007428205 -0.011479134 0.834822714 0.007588238 0.999873698 0.013961092 -1.589933634 0.011373980 -0.014046893 0.999836683 54.702266693
0.999904096 -0.007516100 -0.011631706 0.848481894 0.007684399 0.999865472 0.014492620 -1.601550817 0.011521213 -0.014580612 0.999827325 55.193515778
0.999900222 -0.007848850 -0.011741212 0.856741667 0.008017530 0.999864280 0.014389044 -1.611051440 0.011626681 -0.014481742 0.999827564 55.738162994
0.999902487 -0.007842221 -0.011555180 0.860325456 0.008006729 0.999866307 0.014259845 -1.611441016 0.011441806 -0.014350973 0.999831617 56.292602539
0.999903202 -0.007612282 -0.011644614 0.860326707 0.007778496 0.999867558 0.014295838 -1.624595761 0.011534248 -0.014385031 0.999830008 56.863601685
0.999899089 -0.008204643 -0.011596549 0.857360303 0.008372827 0.999859333 0.014529590 -1.636428714 0.011475708 -0.014625221 0.999827206 57.297245026
0.999896944 -0.008221403 -0.011774211 0.864266813 0.008392878 0.999858320 0.014589041 -1.645802498 0.011652599 -0.014686354 0.999824286 57.839859009
0.999884307 -0.008715543 -0.012464767 0.878955245 0.008895525 0.999855936 0.014457545 -1.655573487 0.012336966 -0.014566752 0.999817848 58.366554260
0.999884307 -0.008775954 -0.012424253 0.889321864 0.008952972 0.999858141 0.014264562 -1.660496712 0.012297303 -0.014374145 0.999821126 58.899707794
0.999891102 -0.008208947 -0.012257999 0.887011468 0.008389316 0.999856174 0.014736274 -1.676463485 0.012135265 -0.014837506 0.999816298 59.435119629
0.999902129 -0.008045373 -0.011448298 0.883181036 0.008217108 0.999853134 0.015033662 -1.689899802 0.011325667 -0.015126263 0.999821424 59.891056061
0.999902129 -0.007854339 -0.011582736 0.898264110 0.008031178 0.999850571 0.015300859 -1.697639585 0.011460829 -0.015392383 0.999815881 60.435806274
0.999905169 -0.007503881 -0.011544017 0.904524803 0.007681462 0.999851584 0.015416398 -1.711991787 0.011426622 -0.015503611 0.999814510 60.970691681
0.999902606 -0.007840725 -0.011551757 0.907237113 0.008017027 0.999850810 0.015295508 -1.721161127 0.011430107 -0.015386628 0.999816239 61.508766174
0.999902785 -0.007830471 -0.011538882 0.910165906 0.008002359 0.999856532 0.014926270 -1.718958378 0.011420348 -0.015017156 0.999822021 62.048973083
0.999902844 -0.007738555 -0.011593430 0.908603430 0.007923122 0.999841273 0.015959548 -1.762431145 0.011468085 -0.016049854 0.999805450 62.474250793
0.999917626 -0.006806101 -0.010878509 0.898414791 0.006982055 0.999844134 0.016219221 -1.774360657 0.010766422 -0.016293842 0.999809325 63.007759094
0.999909282 -0.007023877 -0.011493480 0.905140877 0.007210224 0.999841928 0.016252901 -1.782804251 0.011377505 -0.016334301 0.999801874 63.550189972
0.999920070 -0.006382929 -0.010917734 0.896786392 0.006560221 0.999845922 0.016280955 -1.785003304 0.010812133 -0.016351277 0.999807835 64.106292725
0.999906480 -0.007548471 -0.011413783 0.926364899 0.007731698 0.999840558 0.016095133 -1.791688800 0.011290468 -0.016181875 0.999805331 64.550956726
0.999908924 -0.007124951 -0.011466552 0.927131772 0.007306832 0.999846935 0.015898984 -1.796181917 0.011351516 -0.015981318 0.999807835 65.103141785
0.999909580 -0.007218075 -0.011345634 0.932102144 0.007397456 0.999847054 0.015849009 -1.801630020 0.011229499 -0.015931506 0.999810040 65.644493103
0.999902010 -0.007738245 -0.011670974 0.925708294 0.007924510 0.999840558 0.015998827 -1.810222745 0.011545311 -0.016089747 0.999803901 66.151405334
0.999906003 -0.007302319 -0.011602636 0.939115167 0.007484226 0.999848485 0.015712813 -1.821572542 0.011486138 -0.015798172 0.999809206 66.706962585
0.999911904 -0.007328678 -0.011061057 0.931322217 0.007507833 0.999839902 0.016243294 -1.846919537 0.010940243 -0.016324908 0.999806881 67.131736755
0.999911606 -0.007601855 -0.010905624 0.941226244 0.007780124 0.999835253 0.016398314 -1.852187872 0.010779169 -0.016481712 0.999806106 67.683174133
0.999906898 -0.007676787 -0.011284676 0.952169538 0.007862602 0.999832749 0.016515043 -1.865851521 0.011156006 -0.016602233 0.999799848 68.217369080
0.999913871 -0.006954691 -0.011126568 0.954780281 0.007137071 0.999839425 0.016436605 -1.863420129 0.011010471 -0.016514601 0.999803007 68.756294250
0.999906123 -0.007672729 -0.011352373 0.967928648 0.007860177 0.999831975 0.016560411 -1.867200255 0.011223404 -0.016648090 0.999798417 69.312202454
0.999917269 -0.007059562 -0.010744909 0.952249885 0.007240041 0.999831796 0.016851470 -1.885781884 0.010624137 -0.016927870 0.999800265 69.823554993
0.999916255 -0.006815662 -0.010999410 0.947902381 0.006995564 0.999840975 0.016400915 -1.900264621 0.010885877 -0.016476488 0.999804974 70.343109131
0.999911666 -0.006797080 -0.011417448 0.947959542 0.006977669 0.999849975 0.015852233 -1.903477073 0.011307985 -0.015930500 0.999809146 70.891983032
0.999906600 -0.007642895 -0.011332060 0.950193405 0.007825366 0.999839008 0.016146222 -1.907941580 0.011206832 -0.016233392 0.999805450 71.463981628
0.999907434 -0.007430014 -0.011399797 0.966587782 0.007615598 0.999837697 0.016323507 -1.919224977 0.011276662 -0.016408812 0.999801755 71.953567505
0.999912500 -0.007081321 -0.011165720 0.968976021 0.007266291 0.999835551 0.016613372 -1.932133436 0.011046240 -0.016693050 0.999799788 72.463020325
0.999908447 -0.007220775 -0.011442306 0.974258959 0.007409300 0.999836028 0.016520295 -1.937727809 0.011321141 -0.016603561 0.999798119 73.008728027
0.999910712 -0.007005642 -0.011370033 0.990752041 0.007190661 0.999841094 0.016314015 -1.946685195 0.011253934 -0.016394317 0.999802351 73.503448486
0.999915183 -0.006783876 -0.011114961 0.969794631 0.006972078 0.999831498 0.016982034 -1.963558555 0.010997883 -0.017058088 0.999794066 74.039474487
0.999912381 -0.006770669 -0.011375349 0.978946686 0.006953862 0.999845505 0.016142784 -1.962411642 0.011264294 -0.016220469 0.999805033 74.574234009
0.999915302 -0.006989621 -0.010981089 0.984530628 0.007170744 0.999837458 0.016542366 -1.976169586 0.010863679 -0.016619705 0.999803007 75.034545898
0.999910951 -0.007295091 -0.011175781 0.988596320 0.007482076 0.999831200 0.016781816 -1.985361218 0.011051468 -0.016863938 0.999796808 75.568199158
0.999908745 -0.007494857 -0.011240514 0.992306173 0.007685004 0.999826491 0.016969539 -1.999189377 0.011111379 -0.017054373 0.999792874 76.112037659
0.999917924 -0.006991412 -0.010741732 0.984124660 0.007168912 0.999836862 0.016575674 -1.998162985 0.010624093 -0.016651316 0.999804974 76.670280457
0.999917269 -0.007106026 -0.010714527 0.988896608 0.007284482 0.999833822 0.016709547 -2.010746002 0.010594008 -0.016786221 0.999802947 77.169548035
0.999917805 -0.006958139 -0.010769079 0.996222317 0.007140241 0.999830544 0.016964590 -2.020548344 0.010649211 -0.017040089 0.999798119 77.716194153
0.999916077 -0.006926827 -0.010947643 1.005760074 0.007110283 0.999833405 0.016808419 -2.029757977 0.010829388 -0.016884847 0.999798775 78.216308594
0.999923706 -0.006795116 -0.010317468 1.008236885 0.006966358 0.999837041 0.016653134 -2.030979872 0.010202628 -0.016723733 0.999808073 78.764358521
0.999932885 -0.006884480 -0.009323881 1.016047478 0.007035758 0.999842525 0.016290326 -2.034322262 0.009210265 -0.016354831 0.999823749 79.313003540
0.999950647 -0.006385040 -0.007610898 1.017606735 0.006509779 0.999843001 0.016478948 -2.046245098 0.007504485 -0.016527677 0.999835253 79.835281372
0.999961019 -0.006407754 -0.006073637 1.029252768 0.006507339 0.999842286 0.016521070 -2.051680565 0.005966817 -0.016559951 0.999845088 80.375350952
0.999979258 -0.005993156 -0.002353150 1.044308662 0.006030462 0.999850929 0.016180007 -2.057643414 0.002255830 -0.016193863 0.999866366 80.915451050
0.999976456 -0.006736451 0.001352384 1.068545103 0.006713047 0.999839246 0.016622996 -2.064098835 -0.001464146 -0.016613526 0.999860883 81.451889038
0.999970734 -0.006163361 0.004527049 1.071761250 0.006088045 0.999845803 0.016466605 -2.068802834 -0.004627841 -0.016438566 0.999854147 82.015243530
0.999939144 -0.006127078 0.009174345 1.099552989 0.005977459 0.999850154 0.016247855 -2.071943045 -0.009272523 -0.016192026 0.999826014 82.571685791
0.999862790 -0.006028408 0.015430581 1.126497865 0.005779007 0.999852717 0.016156735 -2.067884922 -0.015525706 -0.016065342 0.999750376 83.164443970
0.999763906 -0.006666532 0.020677382 1.157833576 0.006323581 0.999842107 0.016607115 -2.094600201 -0.020784827 -0.016472440 0.999648273 83.624435425
0.999621391 -0.006082495 0.026832409 1.180824161 0.005645122 0.999850512 0.016345948 -2.095321178 -0.026927818 -0.016188290 0.999506295 84.183998108
0.999392390 -0.006130715 0.034310669 1.218263388 0.005549950 0.999840081 0.016996417 -2.100776672 -0.034409381 -0.016795671 0.999266684 84.720794678
0.999094427 -0.007790074 0.041830696 1.275009871 0.007117892 0.999843538 0.016194088 -2.101696014 -0.041950300 -0.015881678 0.998993456 85.288543701
0.998786151 -0.006795133 0.048786063 1.309294224 0.005977965 0.999839723 0.016876426 -2.113613129 -0.048892919 -0.016564298 0.998666644 85.791664124
0.998299003 -0.006495713 0.057939555 1.357318878 0.005533987 0.999844432 0.016743815 -2.117496252 -0.058039308 -0.016394695 0.998179674 86.338005066
0.997696519 -0.007743156 0.067391776 1.425802231 0.006615674 0.999834657 0.016937394 -2.133900166 -0.067511782 -0.016452538 0.997582793 86.875534058
0.997063279 -0.007637040 0.076200284 1.481709003 0.006345087 0.999832213 0.017182423 -2.137244225 -0.076318726 -0.016648466 0.996944487 87.420806885
0.996418059 -0.007940251 0.084190667 1.545987606 0.006539818 0.999835849 0.016896825 -2.141333103 -0.084311008 -0.016285714 0.996306419 87.973869324
0.995484889 -0.008105035 0.094574101 1.622500896 0.006490404 0.999828100 0.017367795 -2.152964354 -0.094698615 -0.016675556 0.995366275 88.519813538
0.994437695 -0.008759907 0.104961582 1.711457253 0.006996016 0.999828279 0.017161531 -2.156962872 -0.105093881 -0.016331760 0.994328320 89.047149658
0.993465662 -0.009331384 0.113748603 1.799646378 0.007448039 0.999828219 0.016970832 -2.159827709 -0.113887437 -0.016012739 0.993364632 89.579742432
0.992162824 -0.009644641 0.124578916 1.893272400 0.007600049 0.999828637 0.016876880 -2.163058758 -0.124720350 -0.015797807 0.992066205 90.112510681
0.990514100 -0.009191699 0.137103543 1.984841347 0.006872061 0.999825299 0.017382631 -2.181025505 -0.137239352 -0.016275555 0.990404308 90.635810852
0.989012301 -0.009936427 0.147498727 2.097163200 0.007402591 0.999815524 0.017717730 -2.189080715 -0.147647589 -0.016431183 0.988903582 91.165382385
0.987362802 -0.010000484 0.158160344 2.203159332 0.007366986 0.999824345 0.017228344 -2.188214779 -0.158304885 -0.015845463 0.987263083 91.749771118
0.985255957 -0.010840858 0.170743033 2.326290131 0.007996254 0.999817610 0.017339075 -2.194013119 -0.170899883 -0.015718119 0.985163033 92.274757385
0.983085692 -0.011471565 0.182786286 2.448059082 0.008438299 0.999813616 0.017363742 -2.199729919 -0.182951406 -0.015527644 0.982999265 92.808631897
0.981196702 -0.012298401 0.192618757 2.577687263 0.009131758 0.999808311 0.017319137 -2.203825712 -0.192794874 -0.015234536 0.981120765 93.342033386
0.978516042 -0.012096570 0.205815762 2.715997696 0.008737713 0.999813557 0.017220851 -2.207413197 -0.205985680 -0.015052522 0.978439271 93.874267578
0.975578308 -0.012265685 0.219309151 2.858930588 0.008525233 0.999801755 0.017993875 -2.222258568 -0.219486341 -0.015684774 0.975489497 94.394729614
0.972943664 -0.012492045 0.230704322 3.001874924 0.008631126 0.999805450 0.017737053 -2.217113495 -0.230880991 -0.015265914 0.972862363 94.938385010
0.969941556 -0.012561933 0.243013531 3.150854111 0.008423038 0.999801397 0.018063130 -2.224903584 -0.243192166 -0.015473269 0.969854772 95.457122803
0.966363132 -0.012755810 0.256864935 3.314224243 0.008265207 0.999793708 0.018554449 -2.234159470 -0.257048637 -0.015807291 0.966269255 95.974357605
0.963275194 -0.014143880 0.268143713 3.523635864 0.009629223 0.999789000 0.018144395 -2.250751495 -0.268343776 -0.014896032 0.963208020 96.517425537
0.960061193 -0.014371473 0.279420942 3.684900284 0.009671477 0.999787748 0.018191962 -2.228850365 -0.279623091 -0.014762983 0.959996343 97.035537720
0.955917895 -0.014706275 0.293266058 3.891647339 0.009647120 0.999778926 0.018690096 -2.256107807 -0.293476015 -0.015037020 0.955848157 97.579414368
0.951686800 -0.015878113 0.306659698 4.090240479 0.010586567 0.999765158 0.018911140 -2.262825489 -0.306887925 -0.014751009 0.951631367 98.072479248
0.947875500 -0.015620722 0.318258196 4.276632309 0.010075395 0.999767661 0.019062737 -2.264049053 -0.318481952 -0.014862524 0.947812378 98.601127625
0.943116844 -0.014701892 0.332136333 4.462013245 0.008473404 0.999760211 0.020193379 -2.277577877 -0.332353532 -0.016230391 0.943015158 99.096488953
0.938378096 -0.016260816 0.345227718 4.695589066 0.010242239 0.999762237 0.019250646 -2.273775101 -0.345458686 -0.014528479 0.938321471 99.630859375
0.933879972 -0.016488846 0.357206255 4.912992477 0.010214055 0.999758720 0.019445824 -2.277562618 -0.357440829 -0.014511539 0.933823049 100.146232605
0.929762423 -0.017303720 0.367753237 5.139808655 0.010700012 0.999742925 0.019988416 -2.284731388 -0.368004590 -0.014649514 0.929708540 100.651214600
0.924281597 -0.017019654 0.381331503 5.367084503 0.010272400 0.999752641 0.019722616 -2.281416893 -0.381572843 -0.014312061 0.924227953 101.150382996
0.918768466 -0.017987559 0.394386649 5.603157043 0.011025360 0.999740958 0.019912308 -2.283340931 -0.394642562 -0.013946550 0.918728828 101.642242432
0.913739204 -0.018379707 0.405885220 5.854030609 0.011215326 0.999736607 0.020022858 -2.288197517 -0.406146318 -0.013743535 0.913704693 102.148002625
0.907724440 -0.019576760 0.419109643 6.100349426 0.012254627 0.999721766 0.020155791 -2.292943478 -0.419387609 -0.013159872 0.907711923 102.618446350
0.901072204 -0.019406155 0.433234632 6.377944946 0.011632834 0.999720395 0.020586321 -2.301103830 -0.433512986 -0.013510010 0.901045978 103.112556458
0.895133853 -0.019977143 0.445349663 6.643913269 0.011943726 0.999711514 0.020837886 -2.307481289 -0.445637494 -0.013333561 0.895114124 103.589736938
0.889614820 -0.020656073 0.456244230 6.918029785 0.012490177 0.999703348 0.020906571 -2.306162834 -0.456540763 -0.012900224 0.889608979 104.080566406
0.882493794 -0.020936683 0.469857752 7.188095093 0.012611432 0.999702811 0.020859405 -2.312627792 -0.470154881 -0.012482715 0.882495642 104.527160645
