1.000000000 0.000000000 0.000000000 0.000000000 0.000000000 1.000000000 0.000000000 0.000000000 0.000000000 0.000000000 1.000000000 0.000000000
1.000000000 0.000027899 -0.000021470 0.000346121 -0.000027899 1.000000000 0.000030978 -0.000997061 0.000021470 -0.000030977 1.000000000 -0.001552870
1.000000000 -0.000021056 -0.000008948 0.000970874 0.000021056 1.000000000 -0.000009385 -0.000478388 0.000008948 0.000009385 1.000000000 -0.002626061
1.000000000 -0.000147909 -0.000110869 0.001696362 0.000147916 1.000000000 0.000060518 -0.001750506 0.000110860 -0.000060534 1.000000000 -0.004078254
1.000000000 -0.000102978 -0.000068985 -0.000464266 0.000102977 1.000000000 -0.000016897 0.000348597 0.000068987 0.000016890 1.000000000 -0.002851730
1.000000000 -0.000167726 -0.000049156 0.000887555 0.000167729 1.000000000 0.000063375 -0.000657017 0.000049145 -0.000063383 1.000000000 -0.001370141
1.000000000 -0.000198061 -0.000016449 0.000060022 0.000198061 1.000000000 0.000039557 -0.000600379 0.000016441 -0.000039560 1.000000000 -0.003625144
1.000000000 -0.000090612 -0.000047713 0.000045718 0.000090614 1.000000000 0.000034001 0.000476423 0.000047710 -0.000034005 1.000000000 -0.003771761
1.000000000 -0.000066455 -0.000035073 0.000355133 0.000066454 1.000000000 -0.000017148 0.000557612 0.000035074 0.000017145 1.000000000 -0.000349562
1.000000000 -0.000071033 -0.000065538 -0.000266137 0.000071033 1.000000000 -0.000001425 0.001215776 0.000065538 0.000001420 1.000000000 -0.001655026
1.000000000 -0.000159472 -0.000130179 0.000886158 0.000159480 1.000000000 0.000054553 -0.000360551 0.000130171 -0.000054574 1.000000000 -0.002684692
1.000000000 -0.000140904 -0.000097893 0.000142250 0.000140904 1.000000000 -0.000008234 0.000371451 0.000097894 0.000008220 1.000000000 -0.000612483
1.000000000 -0.000203483 -0.000062114 -0.000699271 0.000203486 1.000000000 0.000042204 0.000852057 0.000062106 -0.000042217 1.000000000 -0.000943369
1.000000000 -0.000152980 -0.000052172 0.000411426 0.000152982 1.000000000 0.000037429 -0.000272331 0.000052167 -0.000037437 1.000000000 -0.003714977
1.000000000 -0.000112152 -0.000065266 0.001142629 0.000112160 1.000000000 0.000124117 -0.000662484 0.000065252 -0.000124125 1.000000000 -0.004024385
1.000000000 -0.000104652 -0.000038545 0.002049910 0.000104656 1.000000000 0.000118017 -0.001405551 0.000038533 -0.000118021 1.000000000 -0.007287514
1.000000000 -0.000123516 -0.000091084 0.001142687 0.000123519 1.000000000 0.000029881 0.000685541 0.000091081 -0.000029892 1.000000000 -0.002629198
1.000000000 -0.000095215 -0.000099320 0.001084063 0.000095223 1.000000000 0.000076457 -0.000301255 0.000099313 -0.000076467 1.000000000 -0.004518067
0.999999940 -0.000265859 -0.000141187 0.000904011 0.000265870 0.999999940 0.000080810 -0.000667145 0.000141165 -0.000080848 1.000000000 -0.003743873
0.999999940 -0.000273335 -0.000128114 0.000944870 0.000273340 0.999999940 0.000039647 0.000685943 0.000128103 -0.000039682 1.000000000 -0.000449403
0.999999940 -0.000253836 -0.000108148 0.000113704 0.000253842 0.999999940 0.000054304 -0.000821081 0.000108134 -0.000054332 1.000000000 -0.003337817
1.000000000 -0.000139088 -0.000106383 0.002810529 0.000139095 1.000000000 0.000064869 0.000216670 0.000106374 -0.000064884 1.000000000 -0.001912845
1.000000000 -0.000157586 -0.000124098 0.002550421 0.000157596 1.000000000 0.000080884 -0.000906545 0.000124085 -0.000080904 1.000000000 -0.002316255
0.999999940 -0.000241810 -0.000148309 0.001414533 0.000241821 0.999999940 0.000078780 -0.000491898 0.000148290 -0.000078816 1.000000000 -0.004224665
0.999999940 -0.000224704 -0.000189463 0.002619951 0.000224718 1.000000000 0.000074773 -0.000519393 0.000189447 -0.000074816 1.000000000 -0.003938716
0.999999940 -0.000276197 -0.000140090 0.001645050 0.000276207 0.999999940 0.000069317 0.000321532 0.000140071 -0.000069355 1.000000000 -0.003316324
0.999999940 -0.000300344 -0.000184228 0.002974667 0.000300357 0.999999940 0.000070054 -0.000309888 0.000184207 -0.000070109 1.000000000 -0.004513651
0.999999940 -0.000387536 -0.000142951 0.001010303 0.000387546 0.999999940 0.000065640 -0.000574401 0.000142925 -0.000065696 1.000000000 -0.004493230
0.999999940 -0.000244354 -0.000164583 0.001872712 0.000244369 0.999999940 0.000094456 -0.000050641 0.000164560 -0.000094496 1.000000000 -0.001944558
1.000000000 -0.000165619 -0.000116960 0.002560332 0.000165631 1.000000000 0.000103635 -0.001103824 0.000116943 -0.000103655 1.000000000 -0.004211564
0.999999940 -0.000241664 -0.000150386 0.000666637 0.000241674 0.999999940 0.000065918 0.000693958 0.000150371 -0.000065955 1.000000000 -0.001168973
0.999999940 -0.000285033 -0.000163717 0.000605062 0.000285050 0.999999940 0.000103360 0.000195095 0.000163688 -0.000103407 1.000000000 -0.003645566
0.999999940 -0.000221468 -0.000138349 0.001372536 0.000221470 1.000000000 0.000018963 0.000280156 0.000138345 -0.000018994 1.000000000 -0.001880817
0.999999940 -0.000317710 -0.000165643 0.002080082 0.000317718 0.999999940 0.000043793 0.000014469 0.000165629 -0.000043846 1.000000000 -0.001793560
0.999999940 -0.000273841 -0.000097347 0.000783811 0.000273849 0.999999940 0.000082763 -0.000816693 0.000097324 -0.000082789 1.000000000 -0.005610434
0.999999940 -0.000305887 -0.000199478 0.002934356 0.000305894 0.999999940 0.000032282 0.000228232 0.000199469 -0.000032343 1.000000000 -0.003268749
0.999999940 -0.000212111 -0.000133057 0.002819513 0.000212125 1.000000000 0.000102798 -0.000437772 0.000133035 -0.000102826 1.000000000 -0.006706179
0.999999940 -0.000263859 -0.000124970 0.000405669 0.000263867 0.999999940 0.000057845 -0.000068483 0.000124955 -0.000057878 1.000000000 -0.004553544
0.999999940 -0.000264527 -0.000163000 0.001117418 0.000264548 0.999999940 0.000130827 0.000009447 0.000162966 -0.000130870 1.000000000 -0.003501354
0.999999940 -0.000289695 -0.000180410 0.002729641 0.000289702 0.999999940 0.000041082 -0.001132521 0.000180398 -0.000041134 1.000000000 0.000118253
0.999999940 -0.000259124 -0.000099839 0.001515575 0.000259069 0.999999821 -0.000545211 -0.000672834 0.000099980 0.000545185 0.999999821 0.049014825
1.000000000 -0.000110889 -0.000146617 0.001874906 0.000110725 0.999999344 -0.001120970 -0.003180234 0.000146741 0.001120953 0.999999344 0.140601307
0.999999940 -0.000194407 -0.000160705 0.005386442 0.000194177 0.999998987 -0.001429857 -0.007375058 0.000160983 0.001429826 0.999998987 0.253917962
1.000000000 -0.000201693 -0.000081980 0.005855736 0.000201576 0.999998987 -0.001418044 -0.011918499 0.000082266 0.001418027 0.999998987 0.389062762
0.999999940 -0.000162150 -0.000214504 0.011296460 0.000161909 0.999999344 -0.001120419 -0.019402143 0.000214686 0.001120384 0.999999344 0.524235785
1.000000000 -0.000193341 -0.000123826 0.012772175 0.000193214 0.999999464 -0.001027721 -0.022470795 0.000124025 0.001027697 0.999999464 0.684668839
1.000000000 -0.000133861 -0.000123761 0.019755142 0.000133743 0.999999523 -0.000950839 -0.025647214 0.000123888 0.000950822 0.999999523 0.844510496
0.999999940 0.000343717 0.000073121 0.017442666 -0.000343658 0.999999642 -0.000800543 -0.025931450 -0.000073396 0.000800517 0.999999702 1.020691872
1.000000000 -0.000092314 -0.000180062 0.027836200 0.000092210 0.999999821 -0.000576372 -0.036620669 0.000180115 0.000576356 0.999999821 1.178183913
1.000000000 0.000189219 0.000047055 0.029778611 -0.000189203 0.999999940 -0.000347049 -0.041549161 -0.000047121 0.000347040 0.999999940 1.367355227
0.999999821 0.000571884 0.000209902 0.040800363 -0.000571818 0.999999702 -0.000312348 -0.049827609 -0.000210081 0.000312228 0.999999881 1.587913394
0.999999821 0.000342612 0.000454017 0.041432761 -0.000342478 0.999999821 -0.000295745 -0.053751428 -0.000454118 0.000295589 0.999999821 1.784946322
1.000000000 0.000080089 0.000241292 0.051982824 -0.000080126 0.999999940 0.000152281 -0.062557720 -0.000241280 -0.000152300 0.999999940 1.986469865
0.999999642 0.000678762 0.000631139 0.048705384 -0.000678806 0.999999702 0.000069595 -0.067349985 -0.000631092 -0.000070023 0.999999821 2.203621864
0.999999940 0.000216657 0.000223297 0.051738761 -0.000216733 0.999999940 0.000337335 -0.076694041 -0.000223224 -0.000337384 0.999999940 2.408337593
0.999999881 0.000362022 0.000246477 0.057661507 -0.000362074 0.999999940 0.000209670 -0.083121672 -0.000246401 -0.000209759 1.000000000 2.631516695
0.999999940 0.000336782 0.000310868 0.063666552 -0.000336859 1.000000000 0.000245239 -0.090750918 -0.000310785 -0.000245343 0.999999881 2.864104986
0.999999762 0.000546460 0.000443312 0.066611871 -0.000546548 0.999999940 0.000199889 -0.093982883 -0.000443203 -0.000200132 0.999999881 3.094050407
0.999999821 0.000349117 0.000374734 0.068664104 -0.000349189 1.000000000 0.000193638 -0.101915576 -0.000374666 -0.000193769 0.999999940 3.332883120
0.999999642 0.000613789 0.000579758 0.073540084 -0.000613982 0.999999821 0.000332827 -0.110862412 -0.000579553 -0.000333183 0.999999821 3.596915483
0.999999881 0.000394131 0.000354522 0.083113745 -0.000394423 0.999999523 0.000824557 -0.117675334 -0.000354197 -0.000824697 0.999999583 3.826740503
0.999999881 0.000409539 0.000375437 0.089752205 -0.000409861 0.999999583 0.000859543 -0.124465719 -0.000375084 -0.000859697 0.999999523 4.088609219
0.999999464 0.000752321 0.000639926 0.089636423 -0.000753079 0.999998987 0.001184877 -0.129581198 -0.000639034 -0.001185358 0.999999106 4.345688343
0.999999821 0.000441000 0.000383950 0.094686314 -0.000441467 0.999999166 0.001216492 -0.141754255 -0.000383413 -0.001216662 0.999999166 4.590462685
0.999999762 0.000315135 0.000673144 0.099072024 -0.000316052 0.999998927 0.001363436 -0.150806636 -0.000672713 -0.001363649 0.999998808 4.843053341
0.999999762 0.000310030 0.000511924 0.107194491 -0.000310825 0.999998748 0.001554349 -0.159070984 -0.000511441 -0.001554508 0.999998569 5.109974861
0.999999821 -0.000226547 0.000564354 0.104200147 0.000225604 0.999998569 0.001670689 -0.166217461 -0.000564732 -0.001670561 0.999998450 5.354899883
0.999999940 -0.000025579 0.000379257 0.112362981 0.000024943 0.999998629 0.001679116 -0.176399961 -0.000379299 -0.001679107 0.999998569 5.615740299
0.999999821 -0.000099552 0.000477774 0.115751117 0.000098772 0.999998569 0.001630600 -0.180118471 -0.000477936 -0.001630552 0.999998569 5.898944378
0.999999940 -0.000338551 0.000394156 0.121935509 0.000337875 0.999998450 0.001712404 -0.194238871 -0.000394735 -0.001712270 0.999998391 6.170195103
0.999999821 0.000077762 0.000584982 0.129174203 -0.000078834 0.999998271 0.001833496 -0.204604313 -0.000584838 -0.001833542 0.999998093 6.427977562
0.999999762 0.000192110 0.000700413 0.136518627 -0.000193444 0.999998152 0.001905431 -0.216499820 -0.000700046 -0.001905566 0.999997973 6.711007595
0.999999642 0.000440492 0.000757956 0.143339634 -0.000441810 0.999998510 0.001739554 -0.224174500 -0.000757188 -0.001739888 0.999998212 7.017758846
0.999999762 0.000126405 0.000690338 0.150155410 -0.000127656 0.999998391 0.001811921 -0.232913271 -0.000690108 -0.001812008 0.999998152 7.301681042
0.999999702 0.000396820 0.000710801 0.161181420 -0.000398164 0.999998212 0.001891225 -0.246862963 -0.000710049 -0.001891507 0.999997973 7.597012997
0.999999762 0.000138168 0.000807477 0.159165904 -0.000140006 0.999997377 0.002277294 -0.259945363 -0.000807160 -0.002277406 0.999997079 7.912948132
0.999999702 0.000088925 0.000726358 0.165002942 -0.000090653 0.999997139 0.002379327 -0.264039457 -0.000726144 -0.002379393 0.999996901 8.232450485
0.999999464 -0.000078886 0.001034520 0.171378106 0.000076454 0.999997258 0.002350470 -0.272220016 -0.001034703 -0.002350390 0.999996662 8.569679260
0.999999404 0.000472170 0.001010235 0.172569826 -0.000474649 0.999996841 0.002454619 -0.282570958 -0.001009073 -0.002455097 0.999996424 8.897105217
0.999999225 0.000524156 0.001106951 0.177587375 -0.000526900 0.999996722 0.002479641 -0.293925822 -0.001105648 -0.002480222 0.999996305 9.235136032
0.999998868 0.000685447 0.001320566 0.184884578 -0.000688625 0.999996841 0.002407956 -0.310731709 -0.001318911 -0.002408863 0.999996245 9.556227684
0.999998271 0.001184659 0.001390637 0.192456141 -0.001188359 0.999995708 0.002662874 -0.321345925 -0.001387476 -0.002664522 0.999995530 9.900627136
0.999998808 0.000765296 0.001342902 0.197409898 -0.000768677 0.999996483 0.002519560 -0.326316655 -0.001340969 -0.002520590 0.999995947 10.275310516
0.999998748 0.000740550 0.001363443 0.210003823 -0.000744059 0.999996364 0.002575117 -0.337869585 -0.001361531 -0.002576129 0.999995768 10.631766319
0.999999106 0.000478900 0.001198611 0.214392409 -0.000482445 0.999995470 0.002958373 -0.354927570 -0.001197189 -0.002958948 0.999994934 10.961847305
0.999999106 0.000323721 0.001245755 0.224172264 -0.000327363 0.999995708 0.002924564 -0.365509123 -0.001244803 -0.002924970 0.999994993 11.335980415
0.999998927 0.000639085 0.001318369 0.230757833 -0.000643060 0.999995291 0.003017565 -0.373209327 -0.001316434 -0.003018410 0.999994636 11.730819702
0.999999225 0.000437155 0.001139823 0.240535066 -0.000440911 0.999994516 0.003297310 -0.388429672 -0.001138375 -0.003297810 0.999993920 12.096668243
0.999998808 0.000714819 0.001348951 0.255354524 -0.000719115 0.999994755 0.003187058 -0.403244317 -0.001346666 -0.003188025 0.999994040 12.467343330
0.999998748 0.000692924 0.001403237 0.262417287 -0.000697432 0.999994576 0.003214591 -0.415075034 -0.001401002 -0.003215565 0.999993861 12.867608070
0.999999225 0.000413148 0.001204730 0.279106319 -0.000417284 0.999994040 0.003435238 -0.431926310 -0.001203303 -0.003435739 0.999993324 13.250008583
0.999997556 0.001216359 0.001816692 0.277727395 -0.001223158 0.999992251 0.003745863 -0.438675702 -0.001812122 -0.003748077 0.999991357 13.678803444
0.999997318 0.001309180 0.001915310 0.291038692 -0.001316867 0.999991000 0.004017742 -0.454458117 -0.001910033 -0.004020253 0.999990106 14.080547333
0.999998450 0.000216424 0.001751069 0.298823804 -0.000223408 0.999991953 0.003989093 -0.481763452 -0.001750192 -0.003989479 0.999990463 14.456082344
0.999998331 -0.000188582 0.001826950 0.310115427 0.000180755 0.999990761 0.004283544 -0.496711373 -0.001827741 -0.004283207 0.999989152 14.872900009
0.999998093 -0.000420085 0.001878832 0.327377528 0.000411838 0.999990225 0.004387659 -0.514394522 -0.001880657 -0.004386878 0.999988675 15.295723915
0.999996424 -0.000158500 0.002660106 0.332359672 0.000146336 0.999989510 0.004572220 -0.522311449 -0.002660803 -0.004571815 0.999985993 15.712311745
0.999995828 -0.000166635 0.002869550 0.341336370 0.000153193 0.999988973 0.004684029 -0.533007085 -0.002870299 -0.004683570 0.999984860 16.161878586
0.999995649 -0.000291990 0.002922186 0.355999738 0.000278175 0.999988794 0.004726929 -0.548545837 -0.002923534 -0.004726096 0.999984503 16.604541779
0.999995649 0.000074255 0.002945886 0.367233247 -0.000088361 0.999988675 0.004788560 -0.576600134 -0.002945497 -0.004788800 0.999984145 17.014429092
0.999994636 -0.000050298 0.003260941 0.377092242 0.000033638 0.999986947 0.005108691 -0.588958800 -0.003261155 -0.005108553 0.999981642 17.481805801
0.999993920 -0.000553264 0.003445353 0.393536687 0.000536122 0.999987543 0.004974437 -0.600359321 -0.003448061 -0.004972560 0.999981642 17.949380875
0.999992847 -0.000235588 0.003760136 0.405897439 0.000217617 0.999988616 0.004779079 -0.610479712 -0.003761219 -0.004778227 0.999981523 18.410781860
0.999992907 -0.000616754 0.003699349 0.404563665 0.000596809 0.999985218 0.005390095 -0.639073491 -0.003702618 -0.005387850 0.999978602 18.831287384
0.999993801 -0.000687217 0.003427463 0.422115356 0.000667289 0.999982893 0.005811886 -0.653636277 -0.003431398 -0.005809564 0.999977231 19.307271957
0.999993145 0.000300827 0.003700871 0.431396931 -0.000322691 0.999982476 0.005908688 -0.665696859 -0.003699029 -0.005909842 0.999975681 19.775907516
0.999993026 -0.000076879 0.003745764 0.443503410 0.000054934 0.999982893 0.005858447 -0.673556507 -0.003746151 -0.005858201 0.999975860 20.284301758
0.999995649 -0.000904084 0.002817707 0.468607962 0.000886771 0.999980748 0.006139612 -0.706529856 -0.002823203 -0.006137087 0.999977112 20.692739487
0.999996781 -0.000870891 0.002393637 0.474541187 0.000856569 0.999981761 0.005977783 -0.710731387 -0.002398799 -0.005975713 0.999979198 21.208753586
0.999997377 -0.000497452 0.002246073 0.473749042 0.000483550 0.999980688 0.006185794 -0.728606761 -0.002249106 -0.006184690 0.999978304 21.702787399
0.999997616 -0.000542080 0.002133729 0.484326839 0.000528881 0.999980748 0.006181580 -0.734833956 -0.002137039 -0.006180435 0.999978602 22.208557129
0.999998748 -0.000720843 0.001419473 0.498525500 0.000711866 0.999979913 0.006314419 -0.755368352 -0.001423996 -0.006313402 0.999979079 22.637191772
0.999999106 -0.001265693 0.000400871 0.510977626 0.001263103 0.999978721 0.006397451 -0.773374021 -0.000408960 -0.006396939 0.999979496 23.163324356
0.999997735 -0.002106627 -0.000065948 0.526583493 0.002106996 0.999978364 0.006230222 -0.785336316 0.000052822 -0.006230347 0.999980628 23.684696198
0.999999642 -0.000872961 -0.000086402 0.527626455 0.000873526 0.999976754 0.006761198 -0.803842187 0.000080497 -0.006761272 0.999977112 24.138002396
0.999999166 -0.000767876 -0.001107383 0.538656175 0.000775635 0.999975085 0.007024142 -0.813465953 0.001101962 -0.007024996 0.999974668 24.673160553
0.999998510 -0.000232395 -0.001755800 0.543468475 0.000243781 0.999978960 0.006486920 -0.816982269 0.001754256 -0.006487338 0.999977410 25.209783554
0.999997795 -0.000591844 -0.002018388 0.550484419 0.000606294 0.999974072 0.007166499 -0.842375219 0.002014095 -0.007167706 0.999972224 25.692089081
0.999996006 -0.001376571 -0.002471482 0.559776008 0.001395849 0.999968529 0.007815289 -0.854858577 0.002460646 -0.007818709 0.999966383 26.240447998
0.999993920 -0.001085219 -0.003315378 0.578580618 0.001110084 0.999971271 0.007507357 -0.863614917 0.003307136 -0.007510993 0.999966323 26.802349091
0.999993324 -0.000867285 -0.003581481 0.570017278 0.000894273 0.999971151 0.007540653 -0.879111171 0.003574838 -0.007543804 0.999965131 27.281055450
0.999991953 -0.000736289 -0.003946227 0.575618863 0.000765527 0.999972224 0.007412588 -0.886204481 0.003940660 -0.007415550 0.999964714 27.826467514
0.999989331 -0.001189273 -0.004464174 0.589057565 0.001225389 0.999966443 0.008096284 -0.910645127 0.004454395 -0.008101667 0.999957263 28.368190765
0.999989212 -0.001188719 -0.004491727 0.590734959 0.001224139 0.999968112 0.007891254 -0.924363852 0.004482203 -0.007896668 0.999958754 28.853261948
0.999987185 -0.001232225 -0.004922108 0.601435900 0.001271568 0.999967158 0.007998029 -0.936352849 0.004912091 -0.008004185 0.999955833 29.393489838
0.999985695 -0.001036535 -0.005242679 0.605544329 0.001077314 0.999969125 0.007781477 -0.942955852 0.005234451 -0.007787013 0.999955893 29.924871445
0.999985516 -0.001037483 -0.005265079 0.610699117 0.001079239 0.999967933 0.007934119 -0.953982234 0.005256679 -0.007939687 0.999954641 30.465522766
0.999980688 -0.001777956 -0.005948089 0.630633414 0.001825958 0.999965787 0.008074448 -0.972984791 0.005933529 -0.008085155 0.999949634 31.002128601
0.999981821 -0.001174963 -0.005912734 0.630063534 0.001223955 0.999964893 0.008289147 -0.998075366 0.005902787 -0.008296234 0.999948144 31.497795105
0.999979794 -0.001278250 -0.006225132 0.647517562 0.001329917 0.999964654 0.008302683 -1.007209182 0.006214300 -0.008310795 0.999946117 32.039478302
0.999978960 -0.001339096 -0.006344337 0.654179692 0.001393534 0.999962211 0.008583940 -1.022658110 0.006332602 -0.008592600 0.999942958 32.591033936
0.999978483 -0.001291936 -0.006427712 0.666778326 0.001344043 0.999966264 0.008108963 -1.026052594 0.006417019 -0.008117429 0.999946415 33.113857269
0.999977052 -0.001067998 -0.006689523 0.653159082 0.001124303 0.999963939 0.008418869 -1.056532145 0.006680292 -0.008426197 0.999942124 33.601520538
0.999973595 -0.001414115 -0.007130234 0.669131100 0.001476608 0.999960482 0.008766839 -1.071590781 0.007117555 -0.008777137 0.999936104 34.137409210
0.999973357 -0.001536538 -0.007146280 0.683278501 0.001600027 0.999959230 0.008886942 -1.081824780 0.007132335 -0.008898137 0.999934971 34.677562714
0.999970973 -0.001731425 -0.007418804 0.696403146 0.001793126 0.999963760 0.008318383 -1.083441257 0.007404133 -0.008331445 0.999937832 35.211887360
0.999979019 0.000259225 -0.006477655 0.671974182 -0.000206030 0.999966264 0.008211364 -1.104327202 0.006479564 -0.008209857 0.999945283 35.705158234
0.999973297 -0.000829692 -0.007263895 0.690853596 0.000892574 0.999962091 0.008657763 -1.117101669 0.007256438 -0.008664015 0.999936104 36.176197052
0.999971032 -0.000770132 -0.007566853 0.699696958 0.000834305 0.999963760 0.008481363 -1.128745794 0.007560046 -0.008487431 0.999935389 36.721889496
0.999968350 -0.000991587 -0.007905509 0.717249632 0.001060614 0.999961376 0.008732083 -1.138172626 0.007896545 -0.008740191 0.999930680 37.272308350
0.999969184 -0.000889040 -0.007799618 0.709540009 0.000959033 0.999959290 0.008974780 -1.163716912 0.007791321 -0.008981984 0.999929309 37.798980713
0.999968648 -0.000542488 -0.007904009 0.727588654 0.000611655 0.999961555 0.008750993 -1.171489239 0.007898957 -0.008755553 0.999930441 38.322471619
0.999967933 -0.000724613 -0.007968117 0.717370272 0.000796119 0.999959409 0.008974541 -1.193592310 0.007961290 -0.008980596 0.999927998 38.829639435
0.999964893 -0.001062356 -0.008309665 0.735955954 0.001141890 0.999953508 0.009572422 -1.215023994 0.008299110 -0.009581576 0.999919713 39.351097107
0.999968767 -0.000784156 -0.007861679 0.728774548 0.000852789 0.999961495 0.008730507 -1.216451764 0.007854532 -0.008736937 0.999930978 39.932704926
0.999967098 -0.000900909 -0.008055680 0.737096548 0.000976543 0.999955356 0.009389855 -1.235163212 0.008046863 -0.009397412 0.999923527 40.472316742
0.999962211 -0.000852774 -0.008647629 0.753181219 0.000929347 0.999960363 0.008854617 -1.235481977 0.008639736 -0.008862319 0.999923408 41.034492493
0.999960959 -0.000947761 -0.008783231 0.751625657 0.001027121 0.999958694 0.009035227 -1.247950673 0.008774305 -0.009043895 0.999920666 41.561859131
0.999962449 -0.001475130 -0.008540542 0.743659258 0.001562970 0.999945879 0.010287482 -1.291508436 0.008524904 -0.010300444 0.999910593 41.971282959
0.999961734 -0.001410680 -0.008635215 0.750646830 0.001497831 0.999947906 0.010094403 -1.303360939 0.008620525 -0.010106950 0.999911785 42.526645660
0.999960601 -0.001558629 -0.008738490 0.752534151 0.001648090 0.999946237 0.010239799 -1.313370705 0.008722059 -0.010253799 0.999909341 43.026176453
0.999959707 -0.001420667 -0.008862440 0.764767528 0.001512015 0.999945700 0.010309165 -1.328206658 0.008847314 -0.010322151 0.999907613 43.543060303
0.999960363 -0.000999560 -0.008850940 0.771593094 0.001087884 0.999949634 0.009979821 -1.338765264 0.008840520 -0.009989056 0.999911070 44.093608856
0.999960661 -0.000786385 -0.008837986 0.785841107 0.000875416 0.999948919 0.010074259 -1.348884344 0.008829611 -0.010081601 0.999910176 44.605659485
0.999959588 -0.000829824 -0.008956125 0.788999796 0.000920333 0.999948502 0.010106371 -1.361845255 0.008947278 -0.010114206 0.999908805 45.132438660
0.999958694 -0.000969207 -0.009030626 0.799978733 0.001062981 0.999945521 0.010384984 -1.375048637 0.009020071 -0.010394156 0.999905288 45.665687561
0.999956667 -0.001400631 -0.009197466 0.793165803 0.001499601 0.999940932 0.010762523 -1.392345905 0.009181847 -0.010775849 0.999899805 46.158470154
0.999959230 -0.000829953 -0.008996399 0.796688676 0.000921684 0.999947548 0.010197082 -1.395617485 0.008987464 -0.010204959 0.999907494 46.704082489
0.999956250 -0.001216801 -0.009277735 0.806193113 0.001314542 0.999943674 0.010536223 -1.407829762 0.009264390 -0.010547956 0.999901474 47.243637085
0.999955297 -0.001716798 -0.009308462 0.816678405 0.001818714 0.999938309 0.010951329 -1.422874212 0.009289087 -0.010967766 0.999896646 47.714107513
0.999953270 -0.001526027 -0.009541444 0.830599189 0.001631904 0.999937057 0.011098696 -1.436151981 0.009523904 -0.011113748 0.999892831 48.255706787
0.999955714 -0.001262922 -0.009320913 0.825902879 0.001365150 0.999938846 0.010969487 -1.444299936 0.009306489 -0.010981726 0.999896407 48.758953094
0.999952793 -0.001433540 -0.009610962 0.835694194 0.001534916 0.999943137 0.010548825 -1.455707788 0.009595295 -0.010563079 0.999898195 49.301074982
0.999955714 -0.001321335 -0.009322641 0.836867869 0.001420850 0.999942005 0.010675969 -1.464151621 0.009307995 -0.010688743 0.999899626 49.840835571
0.999953091 -0.001661630 -0.009538374 0.839606643 0.001767721 0.999936581 0.011124907 -1.474215269 0.009519286 -0.011141249 0.999892533 50.312397003
0.999955654 -0.001263274 -0.009330901 0.845053017 0.001364030 0.999940813 0.010799683 -1.484054089 0.009316708 -0.010811931 0.999898076 50.863014221
0.999955416 -0.001345232 -0.009348225 0.843984723 0.001449553 0.999936640 0.011161635 -1.489323139 0.009332618 -0.011174688 0.999894023 51.340068817
0.999955475 -0.001515316 -0.009314906 0.849817216 0.001619285 0.999936402 0.011164228 -1.499262571 0.009297396 -0.011178817 0.999894321 51.883689880
0.999955356 -0.001426834 -0.009341226 0.856025517 0.001531033 0.999936581 0.011157167 -1.512612343 0.009324714 -0.011170973 0.999894142 52.427486420
0.999952853 -0.001144547 -0.009639677 0.874762535 0.001252448 0.999936521 0.011194836 -1.524118543 0.009626250 -0.011206381 0.999890864 52.918872833
0.999955595 -0.001406578 -0.009324940 0.867009878 0.001508457 0.999939144 0.010927374 -1.529199362 0.009309003 -0.010940954 0.999896824 53.511604309
0.999955058 -0.001042783 -0.009422158 0.873669088 0.001147974 0.999936938 0.011165698 -1.541013479 0.009409919 -0.011176014 0.999893248 53.961826324
0.999955952 -0.000863846 -0.009343583 0.876911998 0.000968289 0.999936938 0.011179223 -1.545453072 0.009333337 -0.011187779 0.999893844 54.510086060
0.999957979 -0.000928408 -0.009122277 0.883707881 0.001032553 0.999934316 0.011418509 -1.563691020 0.009111076 -0.011427449 0.999893188 55.056663513
0.999955773 -0.001253881 -0.009320480 0.886337996 0.001360675 0.999933422 0.011460454 -1.573461056 0.009305490 -0.011472631 0.999890864 55.612621307
0.999961734 -0.000515554 -0.008734102 0.869144380 0.000614001 0.999936223 0.011272646 -1.577871323 0.008727733 -0.011277579 0.999898314 56.181453705
0.999955773 -0.001253294 -0.009315476 0.913730323 0.001357600 0.999936283 0.011199249 -1.592590570 0.009300848 -0.011211400 0.999893904 56.565387726
0.999956548 -0.000858555 -0.009276870 0.919056773 0.000964548 0.999934256 0.011427070 -1.602263093 0.009266450 -0.011435523 0.999891639 57.111198425
0.999956548 -0.000057067 -0.009320514 0.928080499 0.000160926 0.999937892 0.011142666 -1.611361742 0.009319299 -0.011143681 0.999894500 57.639003754
0.999955595 -0.001217303 -0.009335736 0.926331997 0.001321425 0.999936879 0.011155025 -1.617587447 0.009321568 -0.011166868 0.999894142 58.133949280
0.999956012 -0.001404308 -0.009263740 0.931490004 0.001506752 0.999937654 0.011060852 -1.621748924 0.009247630 -0.011074326 0.999895871 58.687908173
0.999956310 -0.001307728 -0.009245315 0.943107784 0.001407203 0.999941111 0.010761167 -1.635043144 0.009230696 -0.010773708 0.999899328 59.217319489
0.999958217 -0.000751349 -0.009098369 0.955789983 0.000856745 0.999932468 0.011585715 -1.647433519 0.009089049 -0.011593028 0.999891520 59.755146027
0.999954104 -0.001364116 -0.009474482 0.968128324 0.001477999 0.999926627 0.012023381 -1.687679291 0.009457386 -0.012036832 0.999882817 60.208328247
0.999950886 -0.001406736 -0.009807054 0.981876433 0.001521366 0.999930561 0.011690881 -1.695068121 0.009789926 -0.011705228 0.999883533 60.740070343
0.999951780 -0.001328995 -0.009724164 0.975915492 0.001442157 0.999931216 0.011639510 -1.701869369 0.009708026 -0.011652972 0.999884963 61.288425446
0.999951243 -0.001279745 -0.009788668 0.980700791 0.001393709 0.999931276 0.011644505 -1.715454578 0.009773090 -0.011657583 0.999884248 61.837882996
0.999957979 -0.000510353 -0.009147150 0.972494066 0.000615984 0.999933124 0.011548997 -1.723550081 0.009140646 -0.011554147 0.999891400 62.360427856
0.999954283 -0.000953025 -0.009505048 0.989227653 0.001062780 0.999932706 0.011548611 -1.730364084 0.009493402 -0.011558186 0.999888062 62.898643494
0.999957323 -0.000313445 -0.009229806 0.986024559 0.000417119 0.999936819 0.011232771 -1.738218427 0.009225702 -0.011236141 0.999894321 63.462371826
0.999953568 -0.000687416 -0.009604342 1.015731812 0.000799059 0.999932110 0.011625272 -1.757750988 0.009595699 -0.011632406 0.999886274 63.974391937
0.999948263 -0.001935589 -0.009986426 1.025321007 0.002050883 0.999931216 0.011547843 -1.752166033 0.009963387 -0.011567724 0.999883413 64.528541565
0.999958158 -0.000542514 -0.009127747 1.007053614 0.000652416 0.999927282 0.012041835 -1.768929482 0.009120550 -0.012047289 0.999885857 64.884979248
0.999953747 -0.000955297 -0.009564490 1.019074798 0.001069565 0.999928057 0.011949135 -1.772296906 0.009552387 -0.011958813 0.999882936 65.417411804
0.999958217 -0.000179536 -0.009141454 1.021534204 0.000287925 0.999929667 0.011856918 -1.790152788 0.009138683 -0.011859056 0.999887884 65.924667358
0.999959707 -0.000119988 -0.008978024 1.017353773 0.000228320 0.999927223 0.012066259 -1.802667856 0.008975922 -0.012067823 0.999886930 66.490234375
0.999956429 -0.001107730 -0.009269442 1.025475383 0.001221296 0.999924183 0.012254986 -1.808751941 0.009255163 -0.012265772 0.999881864 67.011863708
0.999956727 -0.000857606 -0.009267733 1.033156872 0.000966351 0.999930739 0.011735654 -1.816589594 0.009257025 -0.011744102 0.999888122 67.547683716
0.999958754 -0.000820736 -0.009045764 1.042291403 0.000932927 0.999922633 0.012405313 -1.826096535 0.009034883 -0.012413243 0.999882042 68.080139160
0.999958634 -0.000516450 -0.009082878 1.060808182 0.000627653 0.999924898 0.012244503 -1.836445093 0.009075872 -0.012249697 0.999883711 68.664443970
0.999954641 -0.001114912 -0.009455780 1.053735733 0.001227081 0.999928772 0.011864940 -1.844671488 0.009441880 -0.011876004 0.999884903 69.109138489
0.999954462 -0.000963408 -0.009493689 1.057959795 0.001079530 0.999924600 0.012233976 -1.852076054 0.009481187 -0.012243668 0.999880135 69.661277771
0.999955475 -0.000769049 -0.009399018 1.063134670 0.000881694 0.999927759 0.011986488 -1.857919931 0.009389122 -0.011994243 0.999883950 70.222648621
0.999952674 -0.000837751 -0.009693609 1.073723316 0.000951693 0.999930441 0.011755683 -1.876764655 0.009683088 -0.011764352 0.999883890 70.736442566
0.999956310 -0.000869256 -0.009304070 1.075411797 0.000978703 0.999930263 0.011765289 -1.874641657 0.009293193 -0.011773881 0.999887466 71.255386353
0.999956667 -0.000875283 -0.009265620 1.085219383 0.000984706 0.999929726 0.011811642 -1.887453318 0.009254631 -0.011820252 0.999887347 71.806816101
0.999955595 -0.001239898 -0.009345341 1.080538750 0.001350993 0.999928355 0.011890817 -1.898799181 0.009329927 -0.011902913 0.999885619 72.328338623
0.999956071 -0.001287175 -0.009282281 1.079628944 0.001393449 0.999933422 0.011451736 -1.900665760 0.009266923 -0.011464166 0.999891341 72.842391968
0.999958456 -0.001021448 -0.009067850 1.088476181 0.001127480 0.999931097 0.011695768 -1.914825201 0.009055277 -0.011705503 0.999890506 73.321403503
0.999957860 -0.000966510 -0.009129282 1.094493389 0.001073141 0.999931216 0.011682400 -1.919671178 0.009117361 -0.011691703 0.999890089 73.868873596
0.999962032 -0.000478026 -0.008701318 1.088882685 0.000575405 0.999937236 0.011192227 -1.921019197 0.008695421 -0.011196808 0.999899507 74.431091309
0.999959230 -0.001230971 -0.008940597 1.093393207 0.001335746 0.999930441 0.011722468 -1.953360796 0.008925545 -0.011733931 0.999891281 74.959304810
0.999954224 -0.001287468 -0.009472938 1.115588665 0.001397798 0.999931097 0.011649538 -1.944299459 0.009457288 -0.011662249 0.999887228 75.437828064
0.999956608 -0.001393376 -0.009207289 1.123060465 0.001498379 0.999933839 0.011407279 -1.951034069 0.009190785 -0.011420581 0.999892533 75.990898132
0.999957204 -0.001344408 -0.009146129 1.130250812 0.001449699 0.999932647 0.011515273 -1.958905458 0.009130031 -0.011528038 0.999891877 76.486938477
0.999956489 -0.001357144 -0.009224974 1.137793064 0.001461590 0.999934793 0.011324774 -1.971660256 0.009209002 -0.011337765 0.999893308 77.018592834
0.999956489 -0.001236587 -0.009239999 1.146885157 0.001339792 0.999936700 0.011171544 -1.977930903 0.009225599 -0.011183439 0.999894857 77.551605225
0.999958038 -0.001735885 -0.008991340 1.153752208 0.001834773 0.999937773 0.011001586 -1.982277870 0.008971683 -0.011017621 0.999899030 78.097251892
0.999972165 -0.001218103 -0.007356347 1.153787732 0.001298168 0.999939859 0.010888855 -1.988130450 0.007342641 -0.010898103 0.999913573 78.631462097
0.999979794 -0.001203376 -0.006244775 1.167122006 0.001271658 0.999939322 0.010941840 -2.002972126 0.006231230 -0.010949558 0.999920607 79.166122437
0.999987543 -0.001379980 -0.004783269 1.176309705 0.001432132 0.999939382 0.010916815 -2.008699656 0.004767913 -0.010923531 0.999928892 79.699005127
0.999998868 -0.001161278 -0.000980231 1.192366362 0.001171875 0.999940157 0.010880387 -2.020890951 0.000967537 -0.010881525 0.999940276 80.240852356
0.999994636 -0.001884899 0.002654460 1.210473180 0.001855939 0.999939203 0.010870481 -2.028217793 -0.002674788 -0.010865497 0.999937356 80.785018921
0.999984562 -0.002118608 0.005133325 1.225145936 0.002063524 0.999940515 0.010712480 -2.032094479 -0.005155716 -0.010701722 0.999929428 81.328758240
0.999946296 -0.001683061 0.010219723 1.243721247 0.001578460 0.999946356 0.010234661 -2.028642178 -0.010236401 -0.010217983 0.999895394 82.007629395
0.999866366 -0.001621146 0.016266009 1.273353577 0.001443041 0.999938905 0.010955250 -2.052470446 -0.016282776 -0.010930313 0.999807656 82.415802002
0.999761283 -0.002196975 0.021739133 1.307741404 0.001960215 0.999938607 0.010906252 -2.071526051 -0.021761760 -0.010861035 0.999704182 82.944137573
0.999620259 -0.001761916 0.027498815 1.338842630 0.001463689 0.999939919 0.010861455 -2.074448824 -0.027516304 -0.010817081 0.999562800 83.484893799
0.999371171 -0.001439333 0.035426639 1.378852963 0.001042452 0.999936521 0.011218814 -2.081403732 -0.035440534 -0.011174830 0.999309242 84.045715332
0.999065101 -0.002227389 0.043174192 1.423538923 0.001777759 0.999943733 0.010449932 -2.088324547 -0.043195035 -0.010363407 0.999012887 84.581809998
0.998771787 -0.003177646 0.049445033 1.478139162 0.002671581 0.999943376 0.010297612 -2.092867374 -0.049474958 -0.010152869 0.998723745 85.148178101
0.998282373 -0.002487706 0.058533385 1.528217554 0.001874661 0.999942839 0.010526002 -2.105511189 -0.058556229 -0.010398194 0.998229980 85.642936707
0.997645497 -0.002645514 0.068532743 1.584869385 0.001913622 0.999940455 0.010742903 -2.117511511 -0.068557099 -0.010586462 0.997590959 86.183898926
0.997047544 -0.003531677 0.076704822 1.651237488 0.002733707 0.999941051 0.010505625 -2.122550249 -0.076737419 -0.010264921 0.996998429 86.705123901
0.996397436 -0.003557050 0.084732965 1.712554455 0.002689195 0.999942720 0.010354180 -2.131803513 -0.084764928 -0.010089015 0.996349871 87.249816895
0.995462358 -0.003529700 0.095090635 1.794535637 0.002561225 0.999943614 0.010304877 -2.138663292 -0.095121637 -0.010014569 0.995415211 87.785545349
0.994472682 -0.004611364 0.104894713 1.883979321 0.003544682 0.999940038 0.010353218 -2.147932768 -0.104936175 -0.009924176 0.994429410 88.333145142
0.993384600 -0.004051816 0.114763528 1.963117599 0.002882169 0.999942183 0.010355905 -2.152186155 -0.114798851 -0.009956627 0.993338883 88.864463806
0.992043257 -0.004295752 0.125824392 2.052339554 0.002992398 0.999939919 0.010545701 -2.159497499 -0.125862122 -0.010085275 0.991996527 89.412055969
0.990409672 -0.004094938 0.138101175 2.150593758 0.002639204 0.999939024 0.010722536 -2.175637245 -0.138136655 -0.010255225 0.990360081 89.948280334
0.988907933 -0.005102738 0.148441672 2.255023003 0.003561497 0.999937057 0.010646768 -2.178961754 -0.148486659 -0.010000000 0.988863885 90.486785889
0.987305641 -0.005382492 0.158740863 2.381852150 0.003747754 0.999936938 0.010595718 -2.197948217 -0.158787861 -0.009866291 0.987263560 91.053581238
0.985193253 -0.005739923 0.171351627 2.501732826 0.003976294 0.999935508 0.010633896 -2.206542969 -0.171401620 -0.009795098 0.985152483 91.582962036
0.982881904 -0.005450512 0.184155941 2.627481461 0.003478467 0.999933064 0.011029921 -2.220336437 -0.184203744 -0.010200529 0.982835174 92.154014587
0.980924964 -0.006115574 0.194290623 2.751330376 0.004098481 0.999933422 0.010782129 -2.228277683 -0.194343612 -0.009780163 0.980884731 92.690078735
0.978266656 -0.006595084 0.207246125 2.888025284 0.004459132 0.999931991 0.010771817 -2.234043360 -0.207303092 -0.009613570 0.978229523 93.221511841
0.975253701 -0.006058432 0.221006185 3.040176392 0.003707523 0.999932051 0.011050574 -2.248791218 -0.221058145 -0.009957726 0.975209713 93.784400940
0.972599685 -0.006519870 0.232394576 3.180868149 0.004041374 0.999929786 0.011139561 -2.258855581 -0.232450902 -0.009895141 0.972557783 94.278747559
0.969591379 -0.006326145 0.244647875 3.351274490 0.003682093 0.999929786 0.011263431 -2.270562887 -0.244701982 -0.010020111 0.969546556 94.866149902
0.966082692 -0.006841952 0.258142382 3.520744324 0.004024460 0.999926448 0.011441312 -2.282942772 -0.258201689 -0.010014370 0.966039121 95.370788574
0.962630391 -0.006651535 0.270736933 3.699022293 0.003660979 0.999926746 0.011549499 -2.289153099 -0.270793885 -0.010126737 0.962584078 95.936843872
0.959554076 -0.007517356 0.281424016 3.873970032 0.004551546 0.999927044 0.011190777 -2.291434765 -0.281487614 -0.009457240 0.959518313 96.456954956
0.955285132 -0.007955476 0.295579195 4.073602676 0.004677472 0.999919593 0.011795535 -2.303714752 -0.295649230 -0.009885537 0.955245435 97.019325256
0.950953245 -0.007910702 0.309233874 4.273725510 0.004466620 0.999919891 0.011843861 -2.314238548 -0.309302807 -0.009881725 0.950912237 97.539176941
0.947184622 -0.008605539 0.320572972 4.473026276 0.005077227 0.999917030 0.011840531 -2.320171833 -0.320648164 -0.009587549 0.947149813 98.061004639
0.942735791 -0.008884900 0.333422393 4.677938461 0.005102436 0.999912322 0.012218355 -2.331470966 -0.333501756 -0.009817413 0.942698359 98.579048157
0.937559068 -0.008603452 0.347719729 4.893251419 0.004686269 0.999915719 0.012104790 -2.341121197 -0.347794592 -0.009719444 0.937520325 99.093818665
0.933020055 -0.009282934 0.359704465 5.114320755 0.005331401 0.999914050 0.011976035 -2.346350908 -0.359784871 -0.009256151 0.932989419 99.602340698
0.928833842 -0.009436459 0.370376438 5.337318420 0.005433591 0.999914944 0.011849448 -2.352917910 -0.370456815 -0.008993690 0.928806305 100.104385376
0.923307657 -0.009618199 0.383940756 5.568347931 0.005258148 0.999909222 0.012404101 -2.364085913 -0.384025156 -0.009433983 0.923274398 100.601478577
0.917657971 -0.009726259 0.397251904 5.809150696 0.005318235 0.999911427 0.012196483 -2.367355347 -0.397335380 -0.009079522 0.917628467 101.105209351
0.912794828 -0.010341209 0.408287495 6.059429169 0.005992053 0.999910891 0.011929762 -2.375567198 -0.408374488 -0.008442946 0.912775397 101.602890015
0.906327665 -0.010295555 0.422450185 6.326702118 0.005549641 0.999906898 0.012462540 -2.386777401 -0.422539175 -0.008950697 0.906300485 102.113746643
0.899508834 -0.010323014 0.436780542 6.592281342 0.005421373 0.999907553 0.012467330 -2.394155979 -0.436868936 -0.008846523 0.899481714 102.603103638
0.893918216 -0.011310424 0.448087275 6.868438721 0.006325433 0.999900341 0.012620032 -2.407487392 -0.448185325 -0.008446932 0.893900752 103.072662354
0.888039768 -0.011739504 0.459616572 7.136714935 0.006470725 0.999894023 0.013036948 -2.411020517 -0.459720969 -0.008603276 0.888021767 103.566970825
0.881016254 -0.012100511 0.472931266 7.421024323 0.006855608 0.999894381 0.012812293 -2.415796280 -0.473036259 -0.008045606 0.881006181 104.045623779
0.874273300 -0.012619747 0.485269994 7.708427429 0.007164897 0.999888599 0.013094285 -2.425343037 -0.485381156 -0.007971074 0.874266326 104.500305176
