1.000000000 0.000000000 0.000000000 0.000000000 0.000000000 1.000000000 0.000000000 0.000000000 0.000000000 0.000000000 1.000000000 0.000000000
1.000000000 0.000128259 0.000141769 -0.001065858 -0.000128267 1.000000000 0.000053406 -0.000076898 -0.000141762 -0.000053424 1.000000000 0.000058240
0.999999940 0.000189980 0.000189479 -0.001747439 -0.000189988 1.000000000 0.000040734 0.000724964 -0.000189471 -0.000040770 1.000000000 0.001634753
1.000000000 0.000209967 -0.000007875 0.000238907 -0.000209966 0.999999940 0.000161239 -0.001113827 0.000007909 -0.000161238 1.000000000 -0.000310204
0.999999940 0.000284884 0.000162984 -0.001429454 -0.000284894 0.999999940 0.000063348 0.000588129 -0.000162966 -0.000063395 1.000000000 0.000329070
1.000000000 0.000081164 0.000019682 -0.000536298 -0.000081165 1.000000000 0.000072026 -0.000080809 -0.000019676 -0.000072028 1.000000000 -0.000477901
1.000000000 0.000138462 0.000148920 -0.002311242 -0.000138453 1.000000000 -0.000058952 0.001620583 -0.000148928 0.000058931 1.000000000 0.003768862
1.000000000 -0.000007319 0.000195882 -0.001621471 0.000007286 1.000000000 0.000168685 0.000598515 -0.000195883 -0.000168684 0.999999940 0.003141583
1.000000000 0.000083488 0.000154783 -0.001530079 -0.000083479 1.000000000 -0.000060149 0.001659653 -0.000154788 0.000060136 1.000000000 0.002733311
1.000000000 0.000008073 0.000199936 -0.001344158 -0.000008074 1.000000000 0.000006751 0.000556567 -0.000199936 -0.000006752 1.000000000 0.000663594
0.999999940 -0.000073647 0.000234323 -0.001484392 0.000073658 1.000000000 -0.000048795 0.001951115 -0.000234319 0.000048813 1.000000000 0.002263366
1.000000000 0.000125731 0.000114275 -0.000734141 -0.000125736 1.000000000 0.000048133 -0.000007378 -0.000114269 -0.000048147 1.000000000 0.000626150
1.000000000 0.000086729 0.000176655 -0.001119129 -0.000086737 1.000000000 0.000044160 0.000716519 -0.000176651 -0.000044176 1.000000000 0.002745659
0.999999940 0.000014996 0.000276242 -0.002712808 -0.000015041 1.000000000 0.000165174 0.000904175 -0.000276240 -0.000165178 0.999999940 0.004394599
1.000000000 0.000074236 0.000176246 -0.002263629 -0.000074248 1.000000000 0.000071374 0.001068439 -0.000176240 -0.000071387 1.000000000 0.003477156
1.000000000 0.000132649 0.000084859 -0.001379751 -0.000132658 1.000000000 0.000105172 0.000381899 -0.000084845 -0.000105183 1.000000000 0.002763663
1.000000000 0.000048729 0.000197967 -0.001769583 -0.000048763 1.000000000 0.000172865 -0.000653075 -0.000197958 -0.000172875 0.999999940 0.000247291
0.999999881 0.000206731 0.000418055 -0.003497374 -0.000206765 1.000000000 0.000081553 0.001120275 -0.000418038 -0.000081640 0.999999881 0.004358032
0.999999940 0.000234128 0.000298339 -0.003212832 -0.000234141 1.000000000 0.000042081 0.000942060 -0.000298329 -0.000042151 0.999999940 0.003453815
0.999999940 0.000230567 0.000249350 -0.002488831 -0.000230593 0.999999940 0.000104377 0.000478978 -0.000249326 -0.000104434 0.999999940 0.003586433
0.999999940 0.000275668 0.000282207 -0.002675729 -0.000275730 0.999999940 0.000221242 0.000349281 -0.000282146 -0.000221319 0.999999940 0.003908398
0.999999881 0.000392959 0.000340267 -0.003433746 -0.000392992 0.999999940 0.000095354 0.000695867 -0.000340230 -0.000095488 0.999999940 0.003850172
0.999999940 0.000151869 0.000245698 -0.002692161 -0.000151886 1.000000000 0.000072041 0.001185519 -0.000245687 -0.000072078 0.999999940 0.003264701
0.999999940 0.000149786 0.000307294 -0.001553863 -0.000149812 1.000000000 0.000083574 0.000041241 -0.000307282 -0.000083620 0.999999940 0.002096829
0.999999940 0.000172612 0.000268125 -0.002468652 -0.000172596 1.000000000 -0.000059954 0.001071876 -0.000268136 0.000059907 0.999999940 0.000914461
0.999999940 0.000110591 0.000219606 -0.001557073 -0.000110578 1.000000000 -0.000056741 0.002064133 -0.000219612 0.000056717 1.000000000 0.003409716
1.000000000 0.000058693 0.000228482 -0.002007150 -0.000058698 1.000000000 0.000021483 0.001143736 -0.000228480 -0.000021496 1.000000000 0.002298355
0.999999940 0.000190791 0.000277376 -0.002532101 -0.000190760 1.000000000 -0.000113216 0.002191080 -0.000277397 0.000113163 0.999999940 0.004269105
0.999999881 0.000264372 0.000391694 -0.004153278 -0.000264323 0.999999940 -0.000124222 0.002485346 -0.000391727 0.000124118 0.999999940 0.003243431
0.999999940 0.000200984 0.000358215 -0.003642116 -0.000201015 1.000000000 0.000086335 0.001034784 -0.000358198 -0.000086407 0.999999940 0.002170802
0.999999881 0.000313567 0.000338953 -0.003766503 -0.000313622 0.999999940 0.000163544 0.000162837 -0.000338901 -0.000163650 0.999999940 0.002931519
0.999999940 0.000146147 0.000246630 -0.001506731 -0.000146180 1.000000000 0.000134457 0.000387689 -0.000246610 -0.000134493 0.999999940 0.001750662
0.999999881 0.000368079 0.000385343 -0.004203843 -0.000368088 0.999999940 0.000023236 0.002267019 -0.000385334 -0.000023378 0.999999940 0.004580997
0.999999821 0.000386520 0.000445132 -0.003441375 -0.000386554 0.999999940 0.000076706 0.001088513 -0.000445103 -0.000076878 0.999999881 0.003136819
0.999999940 0.000263600 0.000248891 -0.000978951 -0.000263637 0.999999940 0.000150120 -0.000082911 -0.000248851 -0.000150185 0.999999940 0.000849379
0.999999821 0.000399486 0.000385902 -0.002333303 -0.000399548 0.999999881 0.000162376 0.000523837 -0.000385838 -0.000162530 0.999999940 0.001504146
0.999999881 0.000344928 0.000346000 -0.003872745 -0.000344920 0.999999940 -0.000024339 0.004209892 -0.000346009 0.000024220 0.999999940 0.007647801
0.999999940 -0.000052821 0.000266202 -0.001373622 0.000052790 1.000000000 0.000118015 0.001100561 -0.000266208 -0.000118001 0.999999940 0.002930798
0.999999881 0.000283562 0.000381647 -0.003812846 -0.000283596 0.999999940 0.000088091 0.002364729 -0.000381622 -0.000088199 0.999999940 0.006195979
0.999999940 0.000091812 0.000265170 -0.001323401 -0.000091827 1.000000000 0.000056566 0.001828148 -0.000265165 -0.000056590 0.999999940 0.003183147
0.999999881 0.000151770 0.000477139 -0.003287247 -0.000151781 1.000000000 0.000023833 0.001731966 -0.000477135 -0.000023905 0.999999881 0.005761009
0.999999940 -0.000091751 0.000250774 0.000421269 0.000091966 0.999999642 -0.000857013 0.000864777 -0.000250695 0.000857036 0.999999583 0.052983530
0.999999881 0.000325883 0.000415912 -0.001682931 -0.000325439 0.999999404 -0.001067127 -0.006302110 -0.000416260 0.001066991 0.999999344 0.130276665
0.999999940 0.000289432 0.000120410 0.002144448 -0.000289232 0.999998569 -0.001661674 -0.002753765 -0.000120890 0.001661639 0.999998629 0.256577581
0.999999940 0.000343020 0.000166380 0.005231722 -0.000342813 0.999999166 -0.001242410 -0.012418757 -0.000166806 0.001242353 0.999999225 0.385070711
1.000000000 0.000160052 0.000153417 0.008786746 -0.000159895 0.999999464 -0.001021531 -0.017187791 -0.000153581 0.001021506 0.999999464 0.524793506
0.999999940 0.000382814 0.000115399 0.012957145 -0.000382724 0.999999642 -0.000775293 -0.026010230 -0.000115696 0.000775249 0.999999702 0.667964458
0.999999881 0.000415206 0.000341572 0.016186988 -0.000414943 0.999999642 -0.000769514 -0.027373735 -0.000341891 0.000769373 0.999999642 0.836096644
0.999998391 0.001769942 -0.000260754 0.028785596 -0.001769858 0.999998391 0.000324481 -0.045171365 0.000261328 -0.000324019 0.999999940 0.988598526
0.999998331 0.001816567 -0.000180217 0.032277144 -0.001816451 0.999998152 0.000644972 -0.051496148 0.000181388 -0.000644643 0.999999821 1.167982101
0.999998927 0.001409811 -0.000430800 0.038207222 -0.001409583 0.999998868 0.000528466 -0.056199957 0.000431544 -0.000527858 0.999999702 1.351768494
0.999998569 0.001612133 -0.000472004 0.042779267 -0.001611850 0.999998450 0.000599233 -0.060460720 0.000472970 -0.000598472 0.999999702 1.539842606
0.999998510 0.001674638 -0.000233433 0.043888222 -0.001674473 0.999998331 0.000706860 -0.065004401 0.000234616 -0.000706468 0.999999762 1.739879966
0.999998510 0.001644436 -0.000550515 0.052656606 -0.001644034 0.999998391 0.000729983 -0.072389677 0.000551714 -0.000729076 0.999999583 1.943092465
0.999998510 0.001632684 -0.000579500 0.061034303 -0.001631984 0.999997973 0.001205925 -0.081770860 0.000581468 -0.001204978 0.999999106 2.152213812
0.999998391 0.001778297 -0.000074587 0.059233055 -0.001778215 0.999997854 0.001077780 -0.086023740 0.000076504 -0.001077645 0.999999404 2.374950171
0.999998033 0.001986828 -0.000356013 0.063588850 -0.001986464 0.999997437 0.001020669 -0.090802737 0.000358040 -0.001019960 0.999999404 2.599961758
0.999997795 0.002165940 -0.000024986 0.066888034 -0.002165924 0.999997437 0.000660131 -0.094137721 0.000026416 -0.000660075 0.999999762 2.826418638
0.999998689 0.001644971 -0.000060648 0.070947520 -0.001644952 0.999998629 0.000324288 -0.096064314 0.000061181 -0.000324188 0.999999940 3.072028875
0.999998629 0.001648146 -0.000452733 0.082323112 -0.001647877 0.999998510 0.000594679 -0.106021143 0.000453712 -0.000593932 0.999999762 3.295172453
0.999998868 0.001534454 -0.000228447 0.085956350 -0.001534220 0.999998271 0.001019873 -0.115616538 0.000230012 -0.001019521 0.999999464 3.537243128
0.999998748 0.001388942 -0.000741576 0.097203605 -0.001388242 0.999998569 0.000943156 -0.123063929 0.000742885 -0.000942125 0.999999285 3.795464039
0.999998450 0.001686344 -0.000336238 0.098338850 -0.001686102 0.999998331 0.000718913 -0.127427250 0.000337450 -0.000718345 0.999999702 4.063027382
0.999998271 0.001803961 -0.000404780 0.102487199 -0.001803493 0.999997675 0.001153541 -0.135573059 0.000406860 -0.001152809 0.999999285 4.319982052
0.999998569 0.001537455 -0.000738159 0.112695917 -0.001536738 0.999998331 0.000971123 -0.144103110 0.000739651 -0.000969987 0.999999285 4.572095871
0.999997735 0.002071563 -0.000592170 0.117491610 -0.002070886 0.999997139 0.001140265 -0.152938589 0.000594531 -0.001139036 0.999999225 4.829925060
0.999998569 0.001411428 -0.000869976 0.126532331 -0.001410157 0.999997854 0.001460499 -0.163108796 0.000872035 -0.001459270 0.999998569 5.094983101
0.999998748 0.001415546 -0.000727126 0.127066165 -0.001414518 0.999997973 0.001412784 -0.168173283 0.000729124 -0.001411754 0.999998808 5.356788635
0.999997854 0.002029301 -0.000151922 0.126467347 -0.002029200 0.999997675 0.000663910 -0.167698607 0.000153269 -0.000663601 0.999999762 5.625374317
0.999998271 0.001879507 0.000057969 0.130736962 -0.001879543 0.999997973 0.000622942 -0.174188748 -0.000056798 -0.000623049 0.999999821 5.893828392
0.999998808 0.001512427 -0.000452888 0.143571883 -0.001511896 0.999998152 0.001172329 -0.186735094 0.000454661 -0.001171642 0.999999225 6.175161839
0.999997556 0.002207415 -0.000228237 0.146208107 -0.002207242 0.999997318 0.000757970 -0.192356154 0.000229909 -0.000757465 0.999999702 6.463940144
0.999997258 0.002334550 -0.000254508 0.151068300 -0.002334220 0.999996424 0.001288939 -0.215116307 0.000257516 -0.001288342 0.999999106 6.736947536
0.999997437 0.002258414 0.000016183 0.153418645 -0.002258433 0.999996603 0.001270132 -0.221168518 -0.000013314 -0.001270166 0.999999225 7.039134979
0.999997377 0.002262164 -0.000201316 0.161948994 -0.002261935 0.999996781 0.001128441 -0.228103876 0.000203868 -0.001127983 0.999999344 7.341135025
0.999997437 0.002245998 -0.000063208 0.169241562 -0.002245945 0.999997139 0.000819757 -0.236041158 0.000065049 -0.000819613 0.999999702 7.651910305
0.999996543 0.002532265 -0.000611827 0.191605777 -0.002531457 0.999995828 0.001319429 -0.252494842 0.000615166 -0.001317876 0.999998927 7.959304333
0.999998152 0.001892577 -0.000253490 0.185291588 -0.001892249 0.999997377 0.001288038 -0.255387217 0.000255927 -0.001287556 0.999999166 8.270263672
0.999998093 0.001909903 0.000001311 0.190449730 -0.001909903 0.999997616 0.000987522 -0.261276215 0.000000575 -0.000987523 0.999999583 8.608299255
0.999998271 0.001840704 0.000347053 0.193786442 -0.001841185 0.999997377 0.001391073 -0.271989495 -0.000344491 -0.001391709 0.999998987 8.941349030
0.999997914 0.002050638 0.000200966 0.200744018 -0.002050998 0.999996305 0.001804029 -0.288031250 -0.000197266 -0.001804437 0.999998450 9.271655083
0.999996781 0.002481205 0.000410477 0.203714594 -0.002481936 0.999995291 0.001790317 -0.301758796 -0.000406032 -0.001791331 0.999998331 9.645469666
0.999997914 0.002034375 -0.000027109 0.208389401 -0.002034320 0.999996126 0.001907932 -0.309688210 0.000030991 -0.001907872 0.999998152 9.964589119
0.999996781 0.002504273 0.000236346 0.211421967 -0.002504724 0.999994993 0.001928218 -0.319630712 -0.000231516 -0.001928804 0.999998093 10.324013710
0.999997735 0.002165773 0.000280647 0.219015837 -0.002166437 0.999994814 0.002383910 -0.337358683 -0.000275483 -0.002384512 0.999997079 10.670454979
0.999996901 0.002433054 0.000561487 0.223071709 -0.002434155 0.999995112 0.001969496 -0.340357900 -0.000556692 -0.001970857 0.999997914 11.048292160
0.999997914 0.001992951 0.000339855 0.232756287 -0.001993777 0.999994934 0.002445398 -0.358578771 -0.000334979 -0.002446070 0.999996960 11.428728104
0.999997795 0.002120371 0.000177570 0.243920997 -0.002120854 0.999993920 0.002767323 -0.368126571 -0.000171701 -0.002767693 0.999996245 11.808457375
0.999997497 0.002198758 0.000472183 0.246481538 -0.002199822 0.999994934 0.002263460 -0.377331764 -0.000467204 -0.002264492 0.999997318 12.206343651
0.999997616 0.002157166 0.000290025 0.259094775 -0.002157769 0.999995470 0.002093996 -0.388650864 -0.000285507 -0.002094618 0.999997735 12.602382660
0.999997795 0.002071242 0.000314442 0.264699638 -0.002071914 0.999995530 0.002155017 -0.397677571 -0.000309977 -0.002155664 0.999997675 12.999352455
0.999997139 0.002327156 0.000367795 0.274323910 -0.002327919 0.999995053 0.002088261 -0.407676846 -0.000362934 -0.002089111 0.999997735 13.404734612
0.999997258 0.002276927 0.000564515 0.285600424 -0.002278375 0.999994159 0.002578306 -0.421038389 -0.000558641 -0.002579585 0.999996543 13.810001373
0.999997616 0.002104156 0.000622835 0.293415844 -0.002105732 0.999994516 0.002539882 -0.433335125 -0.000617487 -0.002541187 0.999996603 14.229748726
0.999998271 0.001604575 0.001010639 0.306264192 -0.001607073 0.999995649 0.002475819 -0.444736838 -0.001006662 -0.002477439 0.999996424 14.648813248
0.999997258 0.002162099 0.000908809 0.310331613 -0.002164422 0.999994397 0.002562772 -0.456385046 -0.000903263 -0.002564732 0.999996305 15.079735756
0.999996841 0.002256750 0.001084775 0.323414534 -0.002259579 0.999994159 0.002614390 -0.467054784 -0.001078868 -0.002616833 0.999996006 15.518762589
0.999996543 0.002204472 0.001421464 0.335169524 -0.002207997 0.999994397 0.002482543 -0.478328943 -0.001415983 -0.002485673 0.999995828 15.956507683
0.999996245 0.002249602 0.001575767 0.345455199 -0.002253579 0.999994278 0.002526973 -0.489859492 -0.001570073 -0.002530514 0.999995589 16.398763657
0.999995291 0.002366056 0.001952898 0.352353960 -0.002370793 0.999994218 0.002426570 -0.501350522 -0.001947146 -0.002431188 0.999995172 16.848394394
0.999993980 0.002514741 0.002445983 0.359582573 -0.002520611 0.999993920 0.002399209 -0.511376798 -0.002439934 -0.002405360 0.999994159 17.307111740
0.999993622 0.002472274 0.002584826 0.369837224 -0.002478972 0.999993563 0.002591393 -0.524042845 -0.002578404 -0.002597785 0.999993265 17.771907806
0.999992430 0.002300280 0.003145352 0.377507031 -0.002307881 0.999994397 0.002415139 -0.531692147 -0.003139779 -0.002422380 0.999992073 18.239099503
0.999993622 0.001679822 0.003166007 0.391378641 -0.001688159 0.999995053 0.002632599 -0.543499053 -0.003161569 -0.002637927 0.999991477 18.713010788
0.999990821 0.002668781 0.003331103 0.403319895 -0.002677434 0.999993026 0.002596169 -0.558183014 -0.003324152 -0.002605065 0.999991000 19.172765732
0.999993086 0.002196596 0.002982978 0.422266632 -0.002205338 0.999993205 0.002930833 -0.572903216 -0.002976520 -0.002937392 0.999991179 19.647581100
0.999990523 0.002331431 0.003665123 0.424552262 -0.002342123 0.999992967 0.002915738 -0.584087610 -0.003658300 -0.002924295 0.999988973 20.129531860
0.999989927 0.002799309 0.003504130 0.447575867 -0.002809070 0.999992132 0.002783798 -0.601040125 -0.003496310 -0.002793614 0.999989927 20.617090225
0.999990821 0.003166200 0.002885835 0.450293422 -0.003174156 0.999991179 0.002756748 -0.609537065 -0.002877082 -0.002765883 0.999992013 21.147222519
0.999992788 0.002922222 0.002438244 0.457103312 -0.002927633 0.999993265 0.002218879 -0.614056230 -0.002431744 -0.002226001 0.999994576 21.657419205
0.999989450 0.003746455 0.002628160 0.457384884 -0.003753375 0.999989450 0.002633330 -0.630102754 -0.002618268 -0.002643166 0.999993086 22.164737701
0.999991238 0.003689094 0.001987456 0.468073130 -0.003695827 0.999987423 0.003394825 -0.657332718 -0.001974907 -0.003402141 0.999992251 22.679500580
0.999990344 0.004029172 0.001771231 0.478736103 -0.004034500 0.999987364 0.003015006 -0.670806766 -0.001759060 -0.003022123 0.999993920 23.198362350
0.999992788 0.003690678 0.000906975 0.485748678 -0.003693395 0.999988616 0.003011647 -0.684490383 -0.000895850 -0.003014975 0.999995053 23.724479675
0.999997020 0.002409996 0.000397417 0.494283319 -0.002410918 0.999994338 0.002333864 -0.692101777 -0.000391790 -0.002334815 0.999997199 24.256168365
0.999995589 0.002945441 0.000035105 0.506090343 -0.002945549 0.999989092 0.003599000 -0.712770522 -0.000024505 -0.003599087 0.999993622 24.778644562
0.999992430 0.003830963 -0.000638420 0.509828448 -0.003829167 0.999988914 0.002790650 -0.721116364 0.000649104 -0.002788184 0.999995887 25.326934814
0.999990940 0.004204043 -0.000630108 0.515011072 -0.004202502 0.999988258 0.002428007 -0.729963601 0.000640308 -0.002425337 0.999996841 25.868648529
0.999991179 0.003895536 -0.001584204 0.529453516 -0.003890840 0.999988079 0.002956729 -0.752872229 0.001595704 -0.002950539 0.999994338 26.427890778
0.999993265 0.002853538 -0.002309114 0.541930556 -0.002846061 0.999990702 0.003234694 -0.764254093 0.002318323 -0.003228100 0.999992132 26.977077484
0.999993324 0.003223342 -0.001737258 0.549611509 -0.003217644 0.999989510 0.003272463 -0.782607853 0.001747788 -0.003266852 0.999993145 27.515520096
0.999988437 0.004370966 -0.002001529 0.556975901 -0.004365181 0.999986351 0.002885443 -0.794481337 0.002014114 -0.002876673 0.999993801 28.047552109
0.999986112 0.004367890 -0.002946084 0.561647058 -0.004355035 0.999980986 0.004355878 -0.828622580 0.002965055 -0.004342987 0.999986112 28.610868454
0.999983966 0.004752914 -0.003093052 0.565978885 -0.004740606 0.999980867 0.003974738 -0.836981416 0.003111885 -0.003960011 0.999987304 29.162961960
0.999982417 0.005031324 -0.003147653 0.570739329 -0.005017163 0.999977350 0.004490708 -0.858408689 0.003170176 -0.004474836 0.999984980 29.711608887
0.999982357 0.004892254 -0.003376636 0.573088467 -0.004877353 0.999978304 0.004407450 -0.868547320 0.003398126 -0.004390903 0.999984503 30.257625580
0.999981046 0.005034632 -0.003538517 0.582900167 -0.005019465 0.999978185 0.004282065 -0.882867217 0.003559999 -0.004264222 0.999984562 30.807947159
0.999980390 0.004763423 -0.004059623 0.596723974 -0.004745516 0.999979019 0.004409198 -0.897598743 0.004080541 -0.004389846 0.999982059 31.351123810
0.999977827 0.005141855 -0.004225716 0.602213919 -0.005123071 0.999976933 0.004444303 -0.908883274 0.004248471 -0.004422555 0.999981225 31.905738831
0.999980867 0.004487710 -0.004245221 0.614347756 -0.004466878 0.999977946 0.004903893 -0.928267002 0.004267136 -0.004884836 0.999978960 32.446216583
0.999976754 0.005081622 -0.004543069 0.621198297 -0.005059985 0.999975979 0.004761465 -0.938994408 0.004567156 -0.004738367 0.999978364 32.994529724
0.999973476 0.005516829 -0.004750414 0.629652739 -0.005495206 0.999974549 0.004553011 -0.955154359 0.004775412 -0.004526785 0.999978423 33.536605835
0.999974251 0.005287773 -0.004842460 0.640032053 -0.005264640 0.999974668 0.004777505 -0.966716290 0.004867599 -0.004751888 0.999976873 34.088062286
0.999974132 0.004767707 -0.005377815 0.651255429 -0.004740043 0.999975502 0.005145279 -0.987208247 0.005402215 -0.005119654 0.999972343 34.619113922
0.999975383 0.004912280 -0.005011684 0.654642284 -0.004888062 0.999976397 0.004833087 -0.994252622 0.005035308 -0.004808471 0.999975681 35.182434082
0.999976754 0.004817808 -0.004826212 0.661220431 -0.004794427 0.999976754 0.004844759 -1.007592916 0.004849440 -0.004821506 0.999976635 35.727008820
0.999972880 0.005162435 -0.005247349 0.669498444 -0.005136797 0.999974847 0.004887666 -1.017689347 0.005272449 -0.004860579 0.999974310 36.288955688
0.999972403 0.005344844 -0.005162811 0.674854100 -0.005321357 0.999975383 0.004552552 -1.026306391 0.005187017 -0.004524953 0.999976337 36.841926575
0.999972582 0.005949469 -0.004405890 0.677853763 -0.005929835 0.999972463 0.004456227 -1.041011810 0.004432281 -0.004429978 0.999980390 37.382934570
0.999970496 0.005569845 -0.005286795 0.687558830 -0.005544338 0.999972999 0.004826961 -1.064459920 0.005313538 -0.004797507 0.999974370 37.925636292
0.999972165 0.005107562 -0.005429873 0.696556807 -0.005080032 0.999974310 0.005071829 -1.078394175 0.005455638 -0.005044104 0.999972343 38.473094940
0.999971271 0.005628328 -0.005080595 0.702689052 -0.005601788 0.999970734 0.005222982 -1.095682621 0.005109842 -0.005194372 0.999973476 39.020412445
0.999968529 0.005911011 -0.005283065 0.702027440 -0.005884026 0.999969602 0.005108877 -1.109742761 0.005313103 -0.005077630 0.999972999 39.578464508
0.999968708 0.005886604 -0.005279188 0.715800345 -0.005859338 0.999969482 0.005165484 -1.123420835 0.005309434 -0.005134390 0.999972701 40.123447418
0.999966264 0.006211882 -0.005357804 0.732611895 -0.006181090 0.999964476 0.005744632 -1.149024606 0.005393299 -0.005711322 0.999969184 40.654598236
0.999964178 0.006044454 -0.005924961 0.740187287 -0.006013169 0.999967933 0.005284035 -1.154975533 0.005956710 -0.005248218 0.999968469 41.226799011
0.999962449 0.006035318 -0.006218290 0.754829049 -0.006002137 0.999967694 0.005340860 -1.165845394 0.006250324 -0.005303336 0.999966383 41.771396637
0.999962687 0.006479992 -0.005712046 0.765161157 -0.006446983 0.999962449 0.005778435 -1.187568903 0.005749276 -0.005741393 0.999966919 42.315826416
0.999961138 0.006562362 -0.005885483 0.761216521 -0.006526690 0.999960363 0.006060072 -1.198514938 0.005925019 -0.006021424 0.999964237 42.887924194
0.999966621 0.006016911 -0.005522587 0.769566119 -0.005984836 0.999965310 0.005806473 -1.207414150 0.005557333 -0.005773228 0.999967873 43.428165436
0.999962926 0.006345581 -0.005819304 0.787454486 -0.006311191 0.999962687 0.005909181 -1.220872045 0.005856584 -0.005872236 0.999965608 43.976295471
0.999964356 0.005864642 -0.006074944 0.781681359 -0.005825243 0.999962032 0.006483064 -1.239514709 0.006112734 -0.006447445 0.999960542 44.524398804
0.999963522 0.006413369 -0.005650695 0.787039161 -0.006381202 0.999963462 0.005692428 -1.244286537 0.005686996 -0.005656161 0.999967873 45.079391479
0.999965191 0.006676760 -0.005005282 0.786289096 -0.006650630 0.999964356 0.005219087 -1.244215846 0.005039950 -0.005185616 0.999973953 45.623863220
0.999960721 0.007697083 -0.004410302 0.799434960 -0.007667606 0.999948442 0.006661985 -1.280235291 0.004461352 -0.006627907 0.999968112 46.143943787
0.999963641 0.005989992 -0.006069158 0.806300759 -0.005948960 0.999959469 0.006756346 -1.293785691 0.006109382 -0.006719995 0.999958754 46.730667114
0.999960959 0.006942900 -0.005467172 0.809497237 -0.006908882 0.999956846 0.006216729 -1.299902916 0.005510098 -0.006178714 0.999965668 47.288787842
0.999965727 0.005977321 -0.005718119 0.809008956 -0.005941500 0.999962687 0.006261120 -1.308524132 0.005755330 -0.006226931 0.999964058 47.839908600
0.999963582 0.006648899 -0.005363382 0.816267014 -0.006615358 0.999958575 0.006247416 -1.322266936 0.005404700 -0.006211707 0.999966085 48.394248962
0.999967515 0.005726478 -0.005671693 0.824493289 -0.005688186 0.999961019 0.006744546 -1.335121155 0.005710095 -0.006712065 0.999961197 48.939399719
0.999966025 0.006043043 -0.005604803 0.836813867 -0.006004892 0.999958873 0.006798595 -1.350708604 0.005645657 -0.006764708 0.999961197 49.478679657
0.999967098 0.005948984 -0.005516662 0.839275122 -0.005910759 0.999958575 0.006919512 -1.364163160 0.005557598 -0.006886676 0.999960840 50.044723511
0.999966204 0.006628030 -0.004869972 0.840449393 -0.006595060 0.999955475 0.006755270 -1.372545004 0.004914530 -0.006722923 0.999965310 50.577098846
0.999967277 0.006911747 -0.004205249 0.825164497 -0.006882004 0.999951422 0.007046817 -1.383274674 0.004253751 -0.007017645 0.999966383 51.112262726
0.999965012 0.006033112 -0.005785754 0.865700185 -0.005995447 0.999960840 0.006505056 -1.393341541 0.005824774 -0.006470141 0.999962032 51.700489044
0.999965012 0.005874147 -0.005958141 0.874652624 -0.005836449 0.999962926 0.006324941 -1.404312730 0.005995074 -0.006289946 0.999962211 52.240455627
0.999965429 0.005561870 -0.006180736 0.882293344 -0.005524249 0.999966204 0.006087080 -1.414562464 0.006214382 -0.006052725 0.999962389 52.792926788
0.999967396 0.005737034 -0.005672679 0.883404136 -0.005704990 0.999967754 0.005648976 -1.422598600 0.005704904 -0.005616428 0.999967933 53.338756561
0.999966502 0.005753422 -0.005817742 0.890667319 -0.005716647 0.999963701 0.006318142 -1.440292001 0.005853881 -0.006284673 0.999963105 53.917148590
0.999969900 0.005724667 -0.005229856 0.901711464 -0.005692584 0.999965072 0.006128810 -1.452772141 0.005264759 -0.006098854 0.999967456 54.463459015
0.999967217 0.005983466 -0.005439344 0.901607513 -0.005949342 0.999962628 0.006268179 -1.462818503 0.005476646 -0.006235613 0.999965549 55.009593964
0.999967933 0.006140304 -0.005135884 0.903322697 -0.006109106 0.999962866 0.006068290 -1.474523067 0.005172955 -0.006036719 0.999968410 55.557628632
0.999967158 0.005919936 -0.005527540 0.918035984 -0.005884914 0.999962628 0.006330540 -1.484820008 0.005564810 -0.006297804 0.999964714 56.106719971
0.999968112 0.005665862 -0.005628471 0.924242735 -0.005629372 0.999963164 0.006478039 -1.496180177 0.005664967 -0.006446148 0.999963164 56.657260895
0.999969125 0.005844113 -0.005244025 0.940655112 -0.005811178 0.999963403 0.006274103 -1.511226177 0.005280500 -0.006243436 0.999966502 57.199047089
0.999968469 0.005887925 -0.005331533 0.943919778 -0.005855524 0.999964356 0.006072707 -1.515174150 0.005367099 -0.006041295 0.999967337 57.754238129
0.999966741 0.006207231 -0.005289289 0.948003590 -0.006174678 0.999961972 0.006148884 -1.532317758 0.005327255 -0.006116019 0.999967098 58.301177979
0.999964774 0.006374171 -0.005470539 0.964900792 -0.006340879 0.999961376 0.006081681 -1.544741035 0.005509093 -0.006046778 0.999966562 58.839424133
0.999971628 0.005373283 -0.005270456 0.962808430 -0.005344560 0.999970853 0.005448902 -1.542685986 0.005299581 -0.005420579 0.999971271 59.400314331
0.999969780 0.005579552 -0.005408810 0.973146617 -0.005551325 0.999970913 0.005219810 -1.555263996 0.005437777 -0.005189626 0.999971807 59.949459076
0.999972105 0.005647259 -0.004881714 0.977107346 -0.005621531 0.999970257 0.005268097 -1.564898610 0.004911320 -0.005240507 0.999974191 60.495178223
0.999966800 0.006387333 -0.005046348 0.972851694 -0.006359506 0.999964535 0.005511343 -1.576563835 0.005081371 -0.005479068 0.999972105 61.054126740
0.999968886 0.006637869 -0.004255558 0.979970813 -0.006612550 0.999960482 0.005936312 -1.595160723 0.004294794 -0.005907987 0.999973357 61.602313995
0.999969363 0.006774295 -0.003896775 0.986419737 -0.006753405 0.999962866 0.005349206 -1.596656799 0.003932867 -0.005322726 0.999978125 62.156921387
0.999963582 0.006531433 -0.005490693 1.001695752 -0.006504448 0.999966741 0.004918388 -1.606105566 0.005522635 -0.004882496 0.999972761 62.701286316
0.999963999 0.006622333 -0.005297516 1.010126591 -0.006595625 0.999965489 0.005043393 -1.623481750 0.005330732 -0.005008270 0.999973238 63.244342804
0.999965429 0.006661411 -0.004973782 1.011885643 -0.006635918 0.999964833 0.005124649 -1.634067416 0.005007745 -0.005091466 0.999974489 63.795867920
0.999963701 0.006668122 -0.005299661 1.026343107 -0.006638920 0.999962807 0.005508640 -1.654825449 0.005336196 -0.005473256 0.999970794 64.341117859
0.999959350 0.007054818 -0.005600132 1.030994415 -0.007025084 0.999961197 0.005311439 -1.664261937 0.005637385 -0.005271882 0.999970257 64.891281128
0.999964118 0.007153759 -0.004534920 1.038045168 -0.007130201 0.999961138 0.005190242 -1.672581434 0.004571873 -0.005157722 0.999976218 65.427642822
0.999964237 0.006868517 -0.004930536 1.044279456 -0.006844563 0.999964774 0.004858831 -1.676884174 0.004963735 -0.004824910 0.999976039 65.974433899
0.999964952 0.007254725 -0.004169047 1.049923658 -0.007234827 0.999962449 0.004768236 -1.685724020 0.004203483 -0.004737907 0.999979913 66.533935547
0.999965191 0.007378072 -0.003883316 1.052338123 -0.007363274 0.999965668 0.003811090 -1.688731432 0.003911301 -0.003782363 0.999985218 67.094627380
0.999960899 0.007293097 -0.004995397 1.068315268 -0.007268150 0.999961138 0.004994323 -1.716531634 0.005031627 -0.004957821 0.999975026 67.620803833
0.999965608 0.006896930 -0.004593818 1.073036551 -0.006874351 0.999964356 0.004912813 -1.724965334 0.004627537 -0.004881064 0.999977291 68.169151306
0.999961257 0.007964943 -0.003757988 1.071737170 -0.007946306 0.999956250 0.004948647 -1.744761109 0.003797240 -0.004918593 0.999980688 68.704368591
0.999958217 0.007648874 -0.005010916 1.091499805 -0.007628752 0.999962747 0.004022620 -1.741594195 0.005041499 -0.003984225 0.999979377 69.265693665
0.999961138 0.007295256 -0.004937036 1.094861150 -0.007274883 0.999965012 0.004131915 -1.749234080 0.004967007 -0.004095837 0.999979317 69.820503235
0.999962926 0.007206505 -0.004725868 1.112846255 -0.007187241 0.999965906 0.004080841 -1.762434483 0.004755116 -0.004046724 0.999980509 70.361625671
0.999962926 0.007648662 -0.003933398 1.093971014 -0.007630216 0.999960065 0.004683140 -1.784953594 0.003969060 -0.004652955 0.999981225 70.881752014
0.999955118 0.008520757 -0.004131041 1.107651711 -0.008500538 0.999951959 0.004887447 -1.801976442 0.004172487 -0.004852111 0.999979496 71.427917480
0.999961615 0.007910097 -0.003775877 1.105435371 -0.007893169 0.999958813 0.004477082 -1.813867927 0.003811136 -0.004447106 0.999982834 71.963836670
0.999961555 0.007838880 -0.003946119 1.118899107 -0.007820499 0.999958634 0.004652135 -1.830055475 0.003982423 -0.004621095 0.999981403 72.501609802
0.999955773 0.008567668 -0.003885741 1.118294954 -0.008551436 0.999954700 0.004174116 -1.837230682 0.003921327 -0.004140703 0.999983728 73.054130554
0.999959886 0.008068962 -0.003893323 1.131790161 -0.008050763 0.999956727 0.004667473 -1.855790615 0.003930816 -0.004635941 0.999981523 73.598426819
0.999958873 0.008311055 -0.003642218 1.133825541 -0.008294763 0.999955535 0.004466021 -1.866016626 0.003679174 -0.004435627 0.999983370 74.147796631
0.999960780 0.008147780 -0.003498635 1.140862584 -0.008132956 0.999957919 0.004231219 -1.872996092 0.003532964 -0.004202598 0.999984920 74.675224304
0.999957085 0.008461907 -0.003754483 1.152693868 -0.008445568 0.999954879 0.004346549 -1.885063171 0.003791094 -0.004314654 0.999983490 75.216720581
0.999958932 0.008212688 -0.003838165 1.163992047 -0.008194448 0.999955177 0.004743902 -1.905537486 0.003876953 -0.004712255 0.999981403 75.745925903
0.999961257 0.007806090 -0.004070297 1.171066642 -0.007789568 0.999961436 0.004059359 -1.909420609 0.004101828 -0.004027496 0.999983490 76.294601440
0.999957204 0.008359266 -0.003963056 1.177690864 -0.008342238 0.999956012 0.004293630 -1.926310301 0.003998773 -0.004260386 0.999982893 76.836952209
0.999960721 0.007986936 -0.003837854 1.194937468 -0.007970582 0.999959171 0.004257611 -1.942025900 0.003871703 -0.004226854 0.999983549 77.380302429
0.999967456 0.007320434 -0.003389496 1.186896086 -0.007306589 0.999965012 0.004078804 -1.944914699 0.003419236 -0.004053905 0.999985933 77.932006836
0.999968112 0.007363714 -0.003098686 1.195327401 -0.007348064 0.999960363 0.005031779 -1.969265819 0.003135616 -0.005008849 0.999982536 78.474700928
0.999965310 0.007463847 -0.003694528 1.208322167 -0.007448216 0.999963343 0.004226906 -1.973639369 0.003725941 -0.004199242 0.999984264 79.019630432
0.999966323 0.007497993 -0.003344150 1.205468655 -0.007482599 0.999961436 0.004592422 -1.993104219 0.003378455 -0.004567245 0.999983847 79.554275513
0.999962628 0.008077269 -0.003107324 1.208557367 -0.008064694 0.999959350 0.004038459 -2.001002312 0.003139818 -0.004013249 0.999987006 80.109413147
0.999967873 0.007461536 -0.002934823 1.220461726 -0.007449536 0.999963880 0.004078586 -2.010210991 0.002965151 -0.004056592 0.999987364 80.655242920
0.999970078 0.007498810 -0.001888560 1.231289387 -0.007491241 0.999963999 0.003983547 -2.019226074 0.001918364 -0.003969280 0.999990284 81.207595825
0.999972641 0.007351972 -0.000812180 1.244168639 -0.007348792 0.999965608 0.003851472 -2.034532070 0.000840468 -0.003845398 0.999992251 81.744506836
0.999968469 0.007893017 0.000817028 1.250606537 -0.007896069 0.999961615 0.003802684 -2.044647694 -0.000786982 -0.003809015 0.999992430 82.292739868
0.999968767 0.007631687 0.002065185 1.266249895 -0.007639785 0.999963045 0.003942027 -2.060436487 -0.002035025 -0.003957682 0.999990046 82.831970215
0.999954522 0.007963760 0.005252291 1.283905029 -0.007982826 0.999961615 0.003618990 -2.072165728 -0.005223268 -0.003660753 0.999979615 83.382766724
0.999922216 0.007966383 0.009606358 1.295489550 -0.007999995 0.999962032 0.003465467 -2.072187424 -0.009578384 -0.003542048 0.999947786 83.869804382
0.999884784 0.008629393 0.012490031 1.305059671 -0.008680220 0.999954164 0.004020895 -2.095761776 -0.012454762 -0.004128847 0.999913931 84.457168579
0.999816775 0.008103890 0.017343644 1.336591721 -0.008174135 0.999958634 0.003983125 -2.113478422 -0.017310649 -0.004124163 0.999841630 84.998252869
0.999697268 0.008441570 0.023109371 1.363227367 -0.008531366 0.999956429 0.003789908 -2.125713825 -0.023076370 -0.003985914 0.999725759 85.555015564
0.999551892 0.008334002 0.028751150 1.396507740 -0.008452144 0.999956369 0.003989998 -2.143336058 -0.028716639 -0.004231219 0.999578655 86.098190308
0.999389350 0.007640395 0.034096420 1.435676336 -0.007780717 0.999961793 0.003984657 -2.153094769 -0.034064677 -0.004247519 0.999410570 86.629577637
0.999054790 0.008023048 0.042721640 1.453316689 -0.008218300 0.999956489 0.004396636 -2.176632643 -0.042684510 -0.004743579 0.999077320 87.225791931
0.998641491 0.009110574 0.051305622 1.495933533 -0.009368481 0.999944568 0.004788640 -2.192586660 -0.051259153 -0.005262790 0.998671532 87.780342102
0.998283148 0.007669713 0.058067046 1.542736769 -0.007926244 0.999959826 0.004188825 -2.199180603 -0.058032587 -0.004641887 0.998303831 88.309097290
0.997712791 0.007354895 0.067194216 1.602154732 -0.007623119 0.999963999 0.003736234 -2.209622145 -0.067164317 -0.004239918 0.997732878 88.850059509
0.997004211 0.007274049 0.077003881 1.668829918 -0.007575613 0.999964714 0.003624842 -2.221368790 -0.076974787 -0.004197334 0.997024179 89.397895813
0.996306837 0.006282291 0.085633866 1.729979515 -0.006597864 0.999972403 0.003402614 -2.226866484 -0.085610114 -0.003955048 0.996320844 89.950889587
0.995565176 0.007058143 0.093809351 1.793506145 -0.007407190 0.999966860 0.003373118 -2.249695539 -0.093782462 -0.004053023 0.995584428 90.502777100
0.994489908 0.006538330 0.104628302 1.875262260 -0.006935994 0.999970019 0.003437320 -2.262760162 -0.104602702 -0.004144081 0.994505405 91.042137146
0.993322551 0.007381167 0.115133837 1.951600075 -0.007866187 0.999961913 0.003758876 -2.279160976 -0.115101703 -0.004639440 0.993342817 91.596397400
0.992294252 0.005984698 0.123759255 2.046339035 -0.006446986 0.999973595 0.003335233 -2.289548635 -0.123736024 -0.004107407 0.992306650 92.136482239
0.990802586 0.006769431 0.135145813 2.137120247 -0.007289016 0.999967813 0.003350173 -2.300655365 -0.135118783 -0.004304440 0.990820050 92.681228638
0.989154160 0.005994878 0.146758482 2.250067711 -0.006525971 0.999973774 0.003137619 -2.315897465 -0.146735817 -0.004061331 0.989167392 93.222984314
0.987518907 0.005932215 0.157388568 2.355751038 -0.006514949 0.999973714 0.003186871 -2.330733299 -0.157365516 -0.004172474 0.987531662 93.767433167
0.985745370 0.005973152 0.168137819 2.464900970 -0.006579447 0.999973714 0.003049071 -2.340996265 -0.168115199 -0.004111862 0.985758722 94.301651001
0.983399570 0.005622619 0.181366146 2.580424309 -0.006302627 0.999975204 0.003173260 -2.356351137 -0.181343809 -0.004263666 0.983410537 94.815879822
0.980975270 0.004927478 0.194070518 2.707442284 -0.005573056 0.999980569 0.002780674 -2.364631653 -0.194053054 -0.003809338 0.980983675 95.356567383
0.978960752 0.004274321 0.204003811 2.836999893 -0.005075093 0.999981344 0.003402268 -2.385468006 -0.203985453 -0.004366025 0.978964210 95.885841370
0.976170063 0.004498024 0.216960162 2.978029251 -0.005429215 0.999978423 0.003696118 -2.405309200 -0.216938838 -0.004785964 0.976173520 96.404891968
0.973015904 0.004242743 0.230698943 3.125886917 -0.005076115 0.999982536 0.003018962 -2.404994249 -0.230682120 -0.004108553 0.973020494 96.969345093
0.970506608 0.003640443 0.241047040 3.289255142 -0.004664791 0.999982297 0.003679080 -2.437191963 -0.241029397 -0.004695005 0.970506489 97.452934265
0.967316210 0.003730265 0.253545731 3.435314178 -0.004733157 0.999983132 0.003345577 -2.448974371 -0.253529012 -0.004436302 0.967317581 98.005722046
0.963533521 0.004080260 0.267556667 3.601097107 -0.005133379 0.999981523 0.003236686 -2.461865664 -0.267538548 -0.004492125 0.963536680 98.534011841
0.959977388 0.004144584 0.280046582 3.769693375 -0.005344686 0.999979436 0.003521838 -2.474079132 -0.280026227 -0.004877646 0.959979892 99.052413940
0.956799448 0.003193742 0.290731311 3.946273804 -0.004389362 0.999984324 0.003460402 -2.489388466 -0.290715694 -0.004587035 0.956798553 99.545730591
0.952359498 0.002349680 0.304968953 4.130592346 -0.003618595 0.999986947 0.003595622 -2.509969950 -0.304956675 -0.004527884 0.952355444 100.113227844
0.947911620 0.002051015 0.318526864 4.327562332 -0.003413642 0.999987364 0.003719756 -2.525107384 -0.318515211 -0.004613338 0.947906554 100.620216370
0.944006085 0.001408429 0.329925060 4.519624710 -0.002734981 0.999989927 0.003556635 -2.529637814 -0.329916716 -0.004259824 0.944000423 101.129051208
0.939435601 0.001179189 0.342723519 4.730152130 -0.002548084 0.999990463 0.003543914 -2.549695015 -0.342716068 -0.004202567 0.939429581 101.628974915
0.934121013 0.000994062 0.356955111 4.955593109 -0.002508101 0.999989688 0.003778675 -2.559993744 -0.356947720 -0.004425020 0.934113801 102.149887085
0.929184020 0.000542763 0.369617015 5.166130066 -0.001518606 0.999996066 0.002349198 -2.557485104 -0.369614303 -0.002744140 0.929181218 102.696434021
0.924442768 0.000153531 0.381320626 5.399070740 -0.000836215 0.999998271 0.001624621 -2.565662146 -0.381319821 -0.001820735 0.924441338 103.205970764
0.918406844 -0.001007651 0.395635962 5.631080627 -0.000012751 0.999996662 0.002576506 -2.584785700 -0.395637274 -0.002371326 0.918403745 103.702064514
0.912694037 -0.001772395 0.408639759 5.874160767 0.000869498 0.999996722 0.002395271 -2.594918013 -0.408642679 -0.001830837 0.912692666 104.198822021
0.907748222 -0.001679917 0.419511974 6.120338440 0.000589175 0.999996066 0.002729571 -2.619674444 -0.419514924 -0.002230598 0.907745659 104.666519165
0.901381612 -0.002583688 0.433017880 6.387355804 0.001667180 0.999995410 0.002496227 -2.638223886 -0.433022439 -0.001528134 0.901381910 105.140739441
0.894626677 -0.002676455 0.446806341 6.623565674 0.001581076 0.999994755 0.002824420 -2.652762413 -0.446811646 -0.001820366 0.894626200 105.629043579
0.888679028 -0.003220598 0.458518475 6.894512177 0.002214746 0.999993801 0.002731361 -2.664027929 -0.458524466 -0.001411801 0.888680637 106.112800598
0.883028805 -0.003238222 0.469307721 7.171218872 0.002118106 0.999993503 0.002914618 -2.678559065 -0.469314158 -0.001579648 0.883029878 106.599952698
0.875595868 -0.003253181 0.483033359 7.449966431 0.001977361 0.999993086 0.003150484 -2.696280479 -0.483040303 -0.001803419 0.875596166 107.059455872
