1.000000000 0.000000000 0.000000000 0.000000000 0.000000000 1.000000000 0.000000000 0.000000000 0.000000000 0.000000000 1.000000000 0.000000000
1.000000000 0.000062255 -0.000049613 0.000092472 -0.000062260 1.000000000 -0.000102884 0.000446788 0.000049606 0.000102888 1.000000000 -0.000836341
1.000000000 0.000081096 -0.000008238 0.000439504 -0.000081096 1.000000000 0.000024857 -0.000314944 0.000008240 -0.000024856 1.000000000 -0.001436825
1.000000000 0.000057917 -0.000056769 0.000507590 -0.000057914 1.000000000 0.000057024 -0.000299495 0.000056772 -0.000057020 1.000000000 -0.002319233
1.000000000 0.000044186 -0.000015381 0.000210178 -0.000044188 1.000000000 -0.000085334 0.000907001 0.000015378 0.000085335 1.000000000 0.000975871
1.000000000 0.000097259 -0.000045127 0.001216974 -0.000097261 1.000000000 -0.000049398 -0.000041125 0.000045122 0.000049403 1.000000000 -0.000399573
1.000000000 0.000114528 0.000012295 0.000645530 -0.000114527 1.000000000 -0.000114689 0.000532342 -0.000012308 0.000114688 1.000000000 -0.000921568
1.000000000 -0.000086374 0.000015432 0.000810635 0.000086374 1.000000000 -0.000024016 0.000214091 -0.000015430 0.000024018 1.000000000 -0.000654471
1.000000000 -0.000148863 -0.000005957 0.000844007 0.000148862 1.000000000 -0.000144693 0.001818105 0.000005978 0.000144692 1.000000000 0.001390896
1.000000000 0.000076177 -0.000043508 0.001385471 -0.000076175 1.000000000 0.000055275 -0.000285298 0.000043513 -0.000055271 1.000000000 -0.000271149
1.000000000 0.000031274 -0.000070156 0.001841117 -0.000031276 1.000000000 -0.000027588 0.000514628 0.000070155 0.000027591 1.000000000 -0.000318978
1.000000000 -0.000017102 -0.000022992 0.000145831 0.000017103 1.000000000 0.000021299 0.000089388 0.000022992 -0.000021299 1.000000000 0.000210565
1.000000000 -0.000065670 -0.000152625 0.001899836 0.000065691 1.000000000 0.000141973 -0.000906022 0.000152616 -0.000141983 1.000000000 -0.000651064
1.000000000 -0.000128865 -0.000139975 0.001884886 0.000128876 1.000000000 0.000081595 -0.000751193 0.000139964 -0.000081613 1.000000000 -0.000860238
1.000000000 -0.000214099 -0.000114667 0.000930633 0.000214107 1.000000000 0.000071871 -0.000779053 0.000114651 -0.000071896 1.000000000 -0.000892555
1.000000000 0.000154752 0.000111380 0.000428197 -0.000154758 1.000000000 0.000046505 0.000462478 -0.000111373 -0.000046522 1.000000000 0.001221604
1.000000000 0.000009293 -0.000058957 0.000730773 -0.000009294 1.000000000 -0.000026564 0.000780411 0.000058956 0.000026565 1.000000000 0.001149277
1.000000000 0.000020426 -0.000026127 0.000850675 -0.000020429 1.000000000 -0.000081840 0.001028127 0.000026126 0.000081841 1.000000000 0.000416362
1.000000000 0.000036090 0.000121096 -0.000259213 -0.000036088 1.000000000 -0.000014610 0.000425131 -0.000121097 0.000014606 1.000000000 0.000646418
1.000000000 0.000104815 0.000097772 0.000240363 -0.000104805 1.000000000 -0.000105800 0.000664759 -0.000097783 0.000105790 1.000000000 -0.000045732
1.000000000 -0.000035287 -0.000045289 0.000738623 0.000035291 1.000000000 0.000090993 -0.000006657 0.000045285 -0.000090995 1.000000000 0.000782406
0.999999940 -0.000380325 0.000016095 0.001466608 0.000380324 0.999999940 0.000050288 -0.000693413 -0.000016114 -0.000050282 1.000000000 -0.000629294
1.000000000 -0.000143617 0.000113175 0.000270281 0.000143624 1.000000000 -0.000055763 0.001370804 -0.000113167 0.000055779 1.000000000 -0.000688649
1.000000000 0.000004957 0.000028101 0.001305814 -0.000004960 1.000000000 0.000119239 -0.000427319 -0.000028100 -0.000119239 1.000000000 -0.001389656
1.000000000 0.000148761 0.000071046 0.000662531 -0.000148759 1.000000000 -0.000030343 0.000773101 -0.000071050 0.000030332 1.000000000 -0.001195402
1.000000000 -0.000019465 -0.000071017 0.001614981 0.000019454 1.000000000 -0.000165224 0.001381315 0.000071020 0.000165223 1.000000000 -0.000203571
1.000000000 0.000120851 0.000071079 -0.000608539 -0.000120845 1.000000000 -0.000076055 0.000913706 -0.000071089 0.000076046 1.000000000 0.001301763
1.000000000 -0.000093634 0.000052877 -0.000684526 0.000093634 1.000000000 0.000000315 0.001570149 -0.000052877 -0.000000310 1.000000000 0.002013815
1.000000000 0.000103520 0.000111386 -0.000150789 -0.000103515 1.000000000 -0.000043703 0.001504045 -0.000111391 0.000043691 1.000000000 0.000945891
1.000000000 0.000049863 0.000098349 0.000463278 -0.000049870 1.000000000 0.000072492 -0.000267366 -0.000098346 -0.000072497 1.000000000 -0.001867007
1.000000000 0.000170304 0.000093441 -0.000158698 -0.000170315 1.000000000 0.000110623 -0.000476076 -0.000093422 -0.000110638 1.000000000 -0.000887032
1.000000000 0.000003538 0.000060781 0.001107533 -0.000003539 1.000000000 0.000014029 0.000131456 -0.000060781 -0.000014029 1.000000000 -0.000604189
1.000000000 -0.000033923 0.000083354 0.000260645 0.000033919 1.000000000 0.000045828 0.000516964 -0.000083356 -0.000045825 1.000000000 0.000966890
1.000000000 0.000123856 0.000094854 0.000610857 -0.000123861 1.000000000 0.000060146 0.000147826 -0.000094846 -0.000060157 1.000000000 -0.000339187
0.999999940 0.000237774 0.000081286 -0.000070393 -0.000237769 0.999999940 -0.000061317 0.001486289 -0.000081300 0.000061297 1.000000000 -0.000431036
1.000000000 -0.000103011 0.000041838 -0.000353530 0.000103017 1.000000000 -0.000135846 0.002489874 -0.000041824 0.000135850 1.000000000 0.002774947
1.000000000 0.000073513 0.000040566 0.000457747 -0.000073517 1.000000000 0.000089857 0.000294248 -0.000040559 -0.000089860 1.000000000 -0.000618149
1.000000000 -0.000043935 0.000011288 0.000730869 0.000043934 1.000000000 0.000082214 0.000462850 -0.000011292 -0.000082213 1.000000000 0.000286089
0.999999940 0.000081710 0.000266089 -0.000741430 -0.000081705 1.000000000 -0.000019767 0.000985549 -0.000266090 0.000019746 0.999999940 0.002258482
0.999999881 -0.000452781 0.000143419 0.001805482 0.000452874 0.999999702 -0.000646053 -0.002239396 -0.000143126 0.000646118 0.999999762 0.051333215
1.000000000 0.000007384 0.000194649 0.001021071 -0.000007156 0.999999285 -0.001171114 -0.006247190 -0.000194658 0.001171113 0.999999285 0.132143974
0.999999940 0.000315733 -0.000112542 0.005382013 -0.000315893 0.999998927 -0.001424439 -0.006484986 0.000112092 0.001424474 0.999998987 0.250919551
1.000000000 0.000180158 0.000034585 0.006247265 -0.000180122 0.999999464 -0.001045137 -0.014597358 -0.000034773 0.001045131 0.999999464 0.379981011
1.000000000 0.000071348 0.000090971 0.008709578 -0.000071249 0.999999404 -0.001081964 -0.016118268 -0.000091048 0.001081957 0.999999404 0.525348723
0.999999940 0.000258833 0.000065613 0.013330046 -0.000258746 0.999999106 -0.001322092 -0.019460235 -0.000065955 0.001322075 0.999999106 0.674536407
1.000000000 -0.000110032 0.000151482 0.019129327 0.000110201 0.999999344 -0.001113910 -0.024277043 -0.000151359 0.001113927 0.999999344 0.837749183
0.999999940 -0.000085693 0.000313330 0.017043663 0.000085987 0.999999583 -0.000939811 -0.025722966 -0.000313249 0.000939837 0.999999523 1.013596416
0.999999881 0.000222237 0.000425559 0.021588439 -0.000222014 0.999999821 -0.000522796 -0.035897270 -0.000425675 0.000522702 0.999999762 1.181861401
0.999999523 0.000711552 0.000624126 0.017923636 -0.000711164 0.999999583 -0.000621393 -0.039999414 -0.000624568 0.000620949 0.999999583 1.364839196
1.000000000 -0.000119976 0.000146722 0.035113916 0.000120030 0.999999940 -0.000366489 -0.051838014 -0.000146678 0.000366507 0.999999940 1.559533238
0.999999762 0.000556183 0.000392385 0.031458654 -0.000555974 0.999999702 -0.000531825 -0.050110806 -0.000392680 0.000531607 0.999999762 1.758044720
0.999999940 -0.000137102 -0.000337784 0.043144848 0.000136970 0.999999940 -0.000392543 -0.057024244 0.000337838 0.000392497 0.999999881 1.951889873
0.999999404 0.000640512 0.000874348 0.027690062 -0.000640183 0.999999702 -0.000375697 -0.059849650 -0.000874588 0.000375137 0.999999523 2.161461592
0.999999821 0.000547515 0.000028868 0.046870850 -0.000547519 0.999999821 0.000145133 -0.077642016 -0.000028788 -0.000145149 1.000000000 2.357975721
0.999999583 0.000060200 -0.000775220 0.063249364 -0.000059968 0.999999940 0.000299290 -0.086094461 0.000775238 -0.000299243 0.999999642 2.571916342
0.999999762 0.000587030 0.000046854 0.059247989 -0.000587035 0.999999821 0.000098535 -0.091410965 -0.000046796 -0.000098563 0.999999940 2.796964169
0.999999821 0.000386967 -0.000330112 0.067991145 -0.000386877 0.999999881 0.000274477 -0.098075032 0.000330218 -0.000274349 0.999999940 3.031574965
0.999999881 0.000426315 -0.000244001 0.069099344 -0.000426347 0.999999940 -0.000130318 -0.100682423 0.000243946 0.000130423 1.000000000 3.270491838
0.999999702 0.000702289 0.000110130 0.069841959 -0.000702321 0.999999642 0.000292430 -0.109063424 -0.000109924 -0.000292507 0.999999940 3.504181862
0.999999821 0.000457357 0.000195228 0.072264023 -0.000457331 0.999999881 -0.000131938 -0.109530434 -0.000195289 0.000131848 1.000000000 3.769654274
0.999999881 0.000543408 0.000130575 0.080590770 -0.000543396 0.999999821 -0.000089361 -0.118065856 -0.000130623 0.000089290 1.000000000 4.024993896
0.999999762 0.000709862 0.000200684 0.083570205 -0.000709931 0.999999642 0.000341280 -0.127996668 -0.000200441 -0.000341422 0.999999940 4.277551651
0.999999642 0.000745096 0.000383573 0.087106779 -0.000745255 0.999999642 0.000414808 -0.137671858 -0.000383263 -0.000415094 0.999999821 4.522006989
0.999999166 0.001184096 0.000517673 0.092523061 -0.001184297 0.999999225 0.000389042 -0.142926902 -0.000517212 -0.000389655 0.999999762 4.780022144
0.999999702 0.000662392 0.000203490 0.101994298 -0.000662559 0.999999464 0.000818790 -0.154910147 -0.000202947 -0.000818925 0.999999583 5.041872025
0.999999344 0.000981981 0.000533028 0.100612469 -0.000982165 0.999999404 0.000344740 -0.156731576 -0.000532689 -0.000345263 0.999999821 5.300509453
0.999998868 0.001343887 0.000824865 0.101568997 -0.001344061 0.999999046 0.000210614 -0.166411936 -0.000824581 -0.000211722 0.999999642 5.569430351
0.999998868 0.001296267 0.000781409 0.106612876 -0.001296480 0.999999046 0.000271709 -0.174413547 -0.000781056 -0.000272721 0.999999642 5.835141659
0.999999464 0.000773328 0.000682364 0.116876379 -0.000773681 0.999999523 0.000517596 -0.184047654 -0.000681964 -0.000518123 0.999999642 6.114772320
0.999999046 0.001349756 0.000270599 0.123426780 -0.001349894 0.999998927 0.000507452 -0.194086686 -0.000269914 -0.000507817 0.999999821 6.397086620
0.999998927 0.001242886 0.000722464 0.128929660 -0.001243455 0.999998927 0.000787953 -0.210330352 -0.000721483 -0.000788851 0.999999344 6.663174152
0.999998391 0.001625468 0.000825552 0.130735189 -0.001625797 0.999998629 0.000398522 -0.212131947 -0.000824903 -0.000399864 0.999999523 6.966351986
0.999998808 0.001406062 0.000691699 0.138162896 -0.001406433 0.999998868 0.000535717 -0.221044034 -0.000690945 -0.000536689 0.999999583 7.266075611
0.999999046 0.000958592 0.000967005 0.145711422 -0.000958796 0.999999583 0.000210642 -0.228386149 -0.000966803 -0.000211569 0.999999523 7.572181225
0.999998927 0.001099645 0.000924352 0.149589390 -0.001100632 0.999998808 0.001068068 -0.249970451 -0.000923177 -0.001069084 0.999998987 7.878089905
0.999998391 0.001459006 0.001011804 0.154117852 -0.001459965 0.999998450 0.000947602 -0.253586143 -0.001010420 -0.000949078 0.999999046 8.207371712
0.999998629 0.000998767 0.001318133 0.158805475 -0.000999429 0.999999344 0.000501997 -0.261231601 -0.001317631 -0.000503314 0.999999046 8.537446976
0.999997973 0.001588586 0.001244495 0.163105682 -0.001589971 0.999998093 0.001112685 -0.278748542 -0.001242725 -0.001114662 0.999998629 8.871049881
0.999998629 0.001332020 0.001024970 0.181953400 -0.001333556 0.999997973 0.001499542 -0.298161536 -0.001022971 -0.001500907 0.999998391 9.192098618
0.999997735 0.001854238 0.001114589 0.183904216 -0.001856022 0.999996960 0.001601341 -0.306254208 -0.001111616 -0.001603406 0.999998212 9.547703743
0.999998033 0.001503081 0.001283098 0.195698962 -0.001504974 0.999997735 0.001475577 -0.313659489 -0.001280877 -0.001477505 0.999998152 9.878435135
0.999998093 0.001640289 0.001044010 0.197942555 -0.001641983 0.999997318 0.001624184 -0.325973451 -0.001041343 -0.001625895 0.999998152 10.231665611
0.999997914 0.001593276 0.001274508 0.203111783 -0.001595615 0.999997020 0.001836487 -0.337113291 -0.001271578 -0.001838517 0.999997497 10.592822075
0.999997377 0.001445834 0.001733851 0.208998501 -0.001448840 0.999997437 0.001733721 -0.346119404 -0.001731340 -0.001736229 0.999997020 10.952431679
0.999997854 0.001458543 0.001438931 0.212572366 -0.001460544 0.999997914 0.001390644 -0.351716876 -0.001436900 -0.001392743 0.999997973 11.339857101
0.999999106 0.000770795 0.001157531 0.230314389 -0.000772956 0.999997973 0.001867805 -0.364300132 -0.001156089 -0.001868698 0.999997556 11.704886436
0.999998093 0.001303351 0.001409541 0.232108176 -0.001305321 0.999998152 0.001397545 -0.374235988 -0.001407717 -0.001399382 0.999998033 12.098828316
0.999997735 0.001465298 0.001524328 0.242543250 -0.001467150 0.999998152 0.001214395 -0.383443564 -0.001522546 -0.001216629 0.999998093 12.493697166
0.999997675 0.001323552 0.001688105 0.243093237 -0.001326024 0.999998152 0.001463991 -0.394033253 -0.001686164 -0.001466227 0.999997437 12.883350372
0.999998093 0.001112994 0.001549568 0.254630178 -0.001115310 0.999998271 0.001494225 -0.406775326 -0.001547902 -0.001495951 0.999997616 13.283498764
0.999997377 0.001185200 0.001921314 0.260223478 -0.001188067 0.999998212 0.001492038 -0.415103883 -0.001919542 -0.001494317 0.999997020 13.695933342
0.999996901 0.001228664 0.002152986 0.267562330 -0.001232352 0.999997735 0.001712124 -0.428284436 -0.002150877 -0.001714771 0.999996245 14.107350349
0.999996901 0.001087692 0.002228507 0.281949937 -0.001092336 0.999997258 0.002084060 -0.442723840 -0.002226234 -0.002086488 0.999995410 14.523452759
0.999996483 0.001023399 0.002443903 0.289938062 -0.001028213 0.999997556 0.001969370 -0.454017758 -0.002441882 -0.001971876 0.999995053 14.957486153
0.999996185 0.001132172 0.002513994 0.301065445 -0.001136450 0.999997854 0.001700900 -0.462264329 -0.002512063 -0.001703751 0.999995410 15.400013924
0.999995053 0.001114972 0.002984995 0.310936034 -0.001119378 0.999998271 0.001474841 -0.471293807 -0.002983347 -0.001478175 0.999994457 15.841242790
0.999994576 0.000765569 0.003200558 0.321419746 -0.000770574 0.999998510 0.001562619 -0.483032316 -0.003199356 -0.001565077 0.999993682 16.276718140
0.999991894 0.001237926 0.003838787 0.328008831 -0.001243846 0.999998033 0.001539981 -0.495853931 -0.003836873 -0.001544744 0.999991417 16.726758957
0.999991000 0.001143858 0.004079673 0.338618040 -0.001151210 0.999997675 0.001800208 -0.511352539 -0.004077605 -0.001804889 0.999990046 17.179809570
0.999989867 0.001122692 0.004339855 0.348935485 -0.001131805 0.999997079 0.002098085 -0.522997618 -0.004337487 -0.002102975 0.999988377 17.645301819
0.999987781 0.001085720 0.004825193 0.358261526 -0.001094340 0.999997735 0.001784072 -0.534716010 -0.004823246 -0.001789330 0.999986768 18.104698181
0.999987841 0.001011934 0.004827481 0.368335366 -0.001021707 0.999997318 0.002022328 -0.544797003 -0.004825423 -0.002027235 0.999986351 18.583253860
0.999986112 0.001449344 0.005065310 0.385739923 -0.001458490 0.999997258 0.001802384 -0.559500813 -0.005062684 -0.001809747 0.999985576 19.041511536
0.999986589 0.000650933 0.005121780 0.404443264 -0.000659575 0.999998450 0.001685719 -0.571689785 -0.005120674 -0.001689074 0.999985516 19.519735336
0.999986112 0.001021742 0.005164981 0.413774103 -0.001033599 0.999996841 0.002293587 -0.588557363 -0.005162622 -0.002298893 0.999984086 19.988506317
0.999986708 0.001207149 0.005011078 0.422782838 -0.001217769 0.999997020 0.002116823 -0.602915108 -0.005008508 -0.002122897 0.999985158 20.500045776
0.999985456 0.001762549 0.005096278 0.431150556 -0.001772867 0.999996424 0.002020632 -0.613649070 -0.005092698 -0.002029638 0.999984920 20.998418808
0.999988317 0.001154485 0.004684164 0.441989034 -0.001161911 0.999998093 0.001582802 -0.618452787 -0.004682329 -0.001588226 0.999987781 21.506843567
0.999989986 0.001225952 0.004294726 0.446383685 -0.001237089 0.999995828 0.002591365 -0.647025287 -0.004291530 -0.002596652 0.999987423 21.992147446
0.999988973 0.001992453 0.004232819 0.458660752 -0.002003707 0.999994457 0.002656150 -0.656606376 -0.004227504 -0.002664602 0.999987543 22.501169205
0.999991596 0.001852423 0.003655565 0.462878615 -0.001861350 0.999995232 0.002440212 -0.669703007 -0.003651028 -0.002446995 0.999990344 23.021842957
0.999996066 0.001169780 0.002547245 0.480793357 -0.001177036 0.999995232 0.002848871 -0.688733459 -0.002543900 -0.002851858 0.999992728 23.541961670
0.999996662 0.000748493 0.002478245 0.485727221 -0.000753064 0.999997973 0.001844282 -0.697763622 -0.002476860 -0.001846142 0.999995232 24.069385529
0.999997675 0.001312751 0.001763107 0.496917397 -0.001317272 0.999995828 0.002565684 -0.712021470 -0.001759731 -0.002568000 0.999995112 24.609155655
0.999997079 0.002061297 0.001271377 0.507129073 -0.002064379 0.999994874 0.002427389 -0.728134096 -0.001266367 -0.002430007 0.999996245 25.135858536
0.999996662 0.002408234 0.000913942 0.515143931 -0.002410213 0.999994695 0.002169812 -0.738325119 -0.000908711 -0.002172007 0.999997258 25.688184738
0.999996305 0.002520971 0.001020274 0.525425792 -0.002523464 0.999993801 0.002450135 -0.756555200 -0.001014091 -0.002452701 0.999996483 26.236722946
0.999998271 0.001861695 0.000008794 0.529689431 -0.001861714 0.999993145 0.003174976 -0.775411546 -0.000002883 -0.003174987 0.999994934 26.772972107
0.999997675 0.002159768 -0.000192946 0.543010890 -0.002159189 0.999993324 0.002954516 -0.796113670 0.000199325 -0.002954093 0.999995589 27.313411713
0.999994516 0.003307722 -0.000056364 0.548453808 -0.003307552 0.999990582 0.002794947 -0.810184896 0.000065608 -0.002794745 0.999996006 27.870817184
0.999995768 0.002850228 -0.000451054 0.544441760 -0.002848763 0.999990761 0.003216770 -0.819224358 0.000460218 -0.003215472 0.999994695 28.416334152
0.999996483 0.002612380 -0.000314750 0.551052153 -0.002611504 0.999992788 0.002755201 -0.829039812 0.000321945 -0.002754370 0.999996126 28.960212708
0.999995887 0.002600662 -0.001206365 0.568438232 -0.002596345 0.999990284 0.003566122 -0.852389932 0.001215628 -0.003562975 0.999992907 29.509204865
0.999994874 0.002873601 -0.001415203 0.572238982 -0.002868765 0.999990106 0.003407832 -0.860053301 0.001424982 -0.003403754 0.999993205 30.053030014
0.999994397 0.002913902 -0.001677098 0.586920023 -0.002908107 0.999989808 0.003447524 -0.879185617 0.001687126 -0.003442628 0.999992669 30.594022751
0.999993801 0.002914245 -0.001976080 0.591742098 -0.002907644 0.999990165 0.003334887 -0.891455650 0.001985779 -0.003329121 0.999992430 31.141189575
0.999992311 0.003185283 -0.002284260 0.601181626 -0.003177291 0.999988854 0.003493309 -0.903604984 0.002295362 -0.003486025 0.999991238 31.690719604
0.999992430 0.003111892 -0.002340611 0.614824712 -0.003103073 0.999988079 0.003762227 -0.922578812 0.002352291 -0.003754936 0.999990165 32.232177734
0.999992013 0.003116796 -0.002489257 0.618647754 -0.003108046 0.999988973 0.003510793 -0.928457618 0.002500172 -0.003503028 0.999990761 32.771900177
0.999988675 0.003890628 -0.002756428 0.627642751 -0.003881058 0.999986529 0.003468545 -0.947048903 0.002769886 -0.003457808 0.999990165 33.303524017
0.999990165 0.003591287 -0.002609921 0.632593095 -0.003582485 0.999987841 0.003369170 -0.953473270 0.002621989 -0.003359786 0.999990880 33.871486664
0.999989867 0.003746174 -0.002507470 0.634878159 -0.003737290 0.999986708 0.003538065 -0.969316840 0.002520691 -0.003528658 0.999990582 34.419574738
0.999991059 0.003454677 -0.002477816 0.643438935 -0.003446409 0.999988496 0.003333634 -0.978995860 0.002489305 -0.003325065 0.999991357 34.961643219
0.999990940 0.003499485 -0.002457472 0.652513325 -0.003491312 0.999988377 0.003322528 -0.994000912 0.002469070 -0.003313918 0.999991417 35.506969452
0.999989927 0.003963704 -0.002137440 0.664193511 -0.003954871 0.999983728 0.004120986 -1.019861698 0.002153739 -0.004112491 0.999989212 36.052200317
0.999989152 0.003695682 -0.002837432 0.671125591 -0.003686560 0.999988019 0.003213168 -1.022174597 0.002849273 -0.003202673 0.999990821 36.605300903
0.999988079 0.003978006 -0.002816047 0.680779338 -0.003969082 0.999987066 0.003167612 -1.036662698 0.002828612 -0.003156397 0.999990940 37.147094727
0.999988854 0.003631817 -0.003002570 0.682946920 -0.003622130 0.999988258 0.003225727 -1.052117467 0.003014250 -0.003214815 0.999990284 37.704677582
0.999991417 0.003098799 -0.002743362 0.689682126 -0.003091022 0.999991179 0.002834874 -1.062562585 0.002752123 -0.002826370 0.999992192 38.252212524
0.999989748 0.003744985 -0.002595610 0.690053761 -0.003737613 0.999989033 0.002839450 -1.077998877 0.002606215 -0.002829719 0.999992609 38.810134888
0.999987602 0.003802747 -0.003223761 0.705758691 -0.003790871 0.999986053 0.003682323 -1.098706841 0.003237719 -0.003670057 0.999988019 39.339191437
0.999987304 0.003966983 -0.003128053 0.718665302 -0.003955347 0.999985337 0.003717455 -1.112267494 0.003142754 -0.003705035 0.999988198 39.887348175
0.999987006 0.003175134 -0.003993413 0.745329916 -0.003156578 0.999984264 0.004644259 -1.140871644 0.004008097 -0.004631593 0.999981284 40.409397125
0.999985456 0.003501785 -0.004104813 0.748058677 -0.003487122 0.999987543 0.003573838 -1.142749548 0.004117276 -0.003559472 0.999985218 40.990135193
0.999984801 0.003611383 -0.004173298 0.760106504 -0.003594384 0.999985278 0.004073444 -1.156812787 0.004187947 -0.004058382 0.999983013 41.536506653
0.999982357 0.003399463 -0.004877151 0.782520115 -0.003379593 0.999985933 0.004076754 -1.174567580 0.004890941 -0.004060199 0.999979854 42.080787659
0.999981761 0.004150372 -0.004367320 0.773489475 -0.004132525 0.999983132 0.004087770 -1.185944080 0.004384212 -0.004069648 0.999982119 42.646064758
0.999982536 0.003882889 -0.004434230 0.787664771 -0.003864308 0.999983788 0.004191487 -1.200534105 0.004450432 -0.004174279 0.999981403 43.181564331
0.999978185 0.004757317 -0.004578766 0.797753572 -0.004738955 0.999980688 0.004012750 -1.213474751 0.004597768 -0.003990964 0.999981463 43.734348297
0.999982655 0.004058160 -0.004267415 0.792226315 -0.004039492 0.999982297 0.004374258 -1.228546739 0.004285091 -0.004356944 0.999981344 44.285240173
0.999982357 0.004399557 -0.003997151 0.800224066 -0.004383967 0.999982834 0.003900763 -1.235032201 0.004014244 -0.003883171 0.999984384 44.839210510
0.999981880 0.004804397 -0.003605787 0.811658919 -0.004789165 0.999979675 0.004221121 -1.244885087 0.003625993 -0.004203776 0.999984622 45.371299744
0.999983609 0.004141354 -0.003959301 0.813674212 -0.004123804 0.999981642 0.004430516 -1.267978549 0.003977577 -0.004414115 0.999982357 45.933395386
0.999983430 0.003794232 -0.004323146 0.831517279 -0.003776199 0.999984086 0.004171721 -1.282559037 0.004338906 -0.004155327 0.999981940 46.471561432
0.999979258 0.004832527 -0.004259219 0.838145137 -0.004813391 0.999978364 0.004491780 -1.293551922 0.004280833 -0.004471186 0.999980867 47.002876282
0.999984562 0.003710693 -0.004122273 0.834455490 -0.003693459 0.999984384 0.004180362 -1.303812027 0.004137720 -0.004165072 0.999982774 47.578403473
0.999982297 0.004311035 -0.004111800 0.841561139 -0.004293558 0.999981701 0.004249664 -1.317509294 0.004130044 -0.004231935 0.999982536 48.131908417
0.999984860 0.003831767 -0.003945086 0.855128467 -0.003816917 0.999985576 0.003764914 -1.323622823 0.003959456 -0.003749799 0.999985099 48.673217773
0.999985456 0.003726118 -0.003893951 0.852491260 -0.003710930 0.999985516 0.003899850 -1.334978938 0.003908426 -0.003885344 0.999984801 49.226093292
0.999983191 0.004027469 -0.004149985 0.868146956 -0.004012636 0.999985516 0.003576174 -1.347082615 0.004164327 -0.003559461 0.999984980 49.770164490
0.999983490 0.004300121 -0.003817249 0.877031386 -0.004284697 0.999982595 0.004039726 -1.365565538 0.003834554 -0.004023303 0.999984562 50.314781189
0.999986410 0.003718101 -0.003662042 0.875475943 -0.003705466 0.999987304 0.003450908 -1.373551488 0.003674826 -0.003437292 0.999987364 50.868263245
0.999987125 0.003618988 -0.003541210 0.886770010 -0.003606454 0.999987245 0.003539083 -1.387177944 0.003553972 -0.003526267 0.999987483 51.423053741
0.999987841 0.003545573 -0.003450747 0.891240776 -0.003532623 0.999986708 0.003751647 -1.404910088 0.003464003 -0.003739411 0.999987006 51.968578339
0.999986053 0.003461414 -0.003990541 0.908466160 -0.003447594 0.999988019 0.003464921 -1.417415023 0.004002486 -0.003451115 0.999986053 52.516136169
0.999986887 0.003579181 -0.003659310 0.911104143 -0.003565120 0.999986231 0.003841914 -1.430227757 0.003673010 -0.003828818 0.999985933 53.054859161
0.999984920 0.003893807 -0.003869010 0.917250931 -0.003879640 0.999985754 0.003662326 -1.441657782 0.003883216 -0.003647261 0.999985814 53.625118256
0.999985933 0.004125583 -0.003340036 0.927138805 -0.004114775 0.999986291 0.003236063 -1.453337908 0.003353341 -0.003222274 0.999989212 54.171470642
0.999985993 0.003919742 -0.003562088 0.929894567 -0.003907555 0.999986529 0.003421612 -1.463995695 0.003575452 -0.003407645 0.999987721 54.724079132
0.999985218 0.004318997 -0.003294741 0.930564523 -0.004308811 0.999985993 0.003092408 -1.476153493 0.003308050 -0.003078165 0.999989808 55.274932861
0.999985099 0.004127983 -0.003568870 0.944646120 -0.004116406 0.999986410 0.003244724 -1.488936901 0.003582216 -0.003229986 0.999988377 55.815822601
0.999985456 0.003856399 -0.003775128 0.950725734 -0.003844867 0.999987960 0.003057275 -1.498324156 0.003786873 -0.003042716 0.999988139 56.367443085
0.999985933 0.003943742 -0.003557080 0.970980465 -0.003933148 0.999987841 0.002980382 -1.514561296 0.003568791 -0.002966349 0.999989212 56.902057648
0.999984443 0.004298844 -0.003532680 0.977646708 -0.004287783 0.999985874 0.003132816 -1.527216673 0.003546097 -0.003117620 0.999988854 57.460479736
0.999980688 0.005233692 -0.003349930 0.981352627 -0.005223352 0.999981523 0.003088106 -1.542326927 0.003366030 -0.003070548 0.999989629 58.011043549
0.999981821 0.005065804 -0.003270591 0.994107902 -0.005056283 0.999982893 0.002913071 -1.556021690 0.003285292 -0.002896480 0.999990463 58.546802521
0.999986589 0.003838290 -0.003451702 0.999386787 -0.003829199 0.999989212 0.002636740 -1.562631965 0.003461785 -0.002623488 0.999990582 59.102218628
0.999988019 0.003599009 -0.003297463 1.008727431 -0.003591253 0.999990702 0.002355130 -1.576763391 0.003305908 -0.002343260 0.999991775 59.647430420
0.999988139 0.003669872 -0.003190498 1.018692493 -0.003662905 0.999990940 0.002186696 -1.587184668 0.003198494 -0.002174984 0.999992490 60.195941925
0.999984920 0.004231329 -0.003504159 1.023080111 -0.004223980 0.999988854 0.002101409 -1.595279574 0.003513012 -0.002086577 0.999991655 60.736278534
0.999984145 0.004633648 -0.003188950 1.034482002 -0.004626370 0.999986649 0.002286118 -1.615669489 0.003199500 -0.002271328 0.999992311 61.283851624
0.999983013 0.004848854 -0.003226696 1.041264296 -0.004841312 0.999985516 0.002340873 -1.625403166 0.003238000 -0.002325212 0.999992013 61.842872620
0.999984324 0.004481470 -0.003354771 1.043844938 -0.004475554 0.999988437 0.001769267 -1.632279754 0.003362661 -0.001754225 0.999992728 62.366531372
0.999984682 0.004591007 -0.003096560 1.052087426 -0.004584900 0.999987602 0.001976412 -1.651328325 0.003105596 -0.001962184 0.999993205 62.911891937
0.999983430 0.005222412 -0.002385793 1.049095154 -0.005216355 0.999983251 0.002537729 -1.665354729 0.002399006 -0.002525243 0.999993920 63.464565277
0.999983549 0.004728681 -0.003245852 1.066433549 -0.004722937 0.999987245 0.001775012 -1.673402309 0.003254204 -0.001759653 0.999993086 64.002098083
0.999986053 0.004459752 -0.002831615 1.067919612 -0.004455025 0.999988675 0.001673615 -1.686973691 0.002839047 -0.001660976 0.999994576 64.549255371
0.999981344 0.005124864 -0.003315716 1.085058689 -0.005118006 0.999984741 0.002073281 -1.701167822 0.003326290 -0.002056272 0.999992311 65.086441040
0.999984682 0.004540714 -0.003138297 1.091078997 -0.004534992 0.999988019 0.001827772 -1.716189861 0.003146559 -0.001813512 0.999993384 65.625656128
0.999983788 0.004840677 -0.002982405 1.102094412 -0.004835865 0.999986947 0.001618532 -1.727020144 0.002990200 -0.001604083 0.999994278 66.182991028
0.999986947 0.004422988 -0.002545229 1.106578588 -0.004418992 0.999988973 0.001573480 -1.737405419 0.002552160 -0.001562212 0.999995530 66.736419678
0.999983966 0.004717660 -0.003108706 1.121906400 -0.004712121 0.999987304 0.001786605 -1.758408904 0.003117095 -0.001771928 0.999993563 67.271018982
0.999982715 0.005256764 -0.002584712 1.124339342 -0.005252168 0.999984622 0.001781526 -1.770930290 0.002594037 -0.001767920 0.999995053 67.819015503
0.999982476 0.005293268 -0.002700129 1.131421685 -0.005288166 0.999984205 0.001893085 -1.789112926 0.002710107 -0.001878773 0.999994576 68.347892761
0.999981821 0.005565588 -0.002315033 1.133318186 -0.005561471 0.999982953 0.001781351 -1.801450253 0.002324907 -0.001768444 0.999995768 68.897132874
0.999982417 0.005100718 -0.003019401 1.157322526 -0.005094043 0.999984562 0.002214144 -1.817378402 0.003030648 -0.002198725 0.999992967 69.431716919
0.999981344 0.005295117 -0.003039581 1.166107059 -0.005290664 0.999984920 0.001471397 -1.826486111 0.003047326 -0.001455288 0.999994278 69.964691162
0.999982417 0.005321928 -0.002615259 1.171078444 -0.005316757 0.999983966 0.001980694 -1.842136979 0.002625757 -0.001966754 0.999994576 70.519447327
0.999980688 0.005367885 -0.003134411 1.182667375 -0.005364238 0.999984920 0.001170884 -1.848360777 0.003140649 -0.001154048 0.999994397 71.060577393
0.999979436 0.005441635 -0.003376476 1.200983405 -0.005437836 0.999984503 0.001133341 -1.861733913 0.003382591 -0.001114957 0.999993622 71.603446960
0.999979556 0.005583437 -0.003111332 1.204393864 -0.005580027 0.999983847 0.001103314 -1.876835465 0.003117442 -0.001085930 0.999994576 72.137092590
0.999979079 0.005800159 -0.002837095 1.208308458 -0.005796753 0.999982417 0.001207650 -1.895001650 0.002844050 -0.001191178 0.999995232 72.700286865
0.999982476 0.005200945 -0.002817601 1.221538067 -0.005197323 0.999985635 0.001291017 -1.914538980 0.002824276 -0.001276350 0.999995172 73.237762451
0.999977589 0.006085307 -0.002763755 1.223591685 -0.006081445 0.999980509 0.001403512 -1.931471229 0.002772242 -0.001386673 0.999995232 73.792320251
0.999980748 0.005370225 -0.003112168 1.234867454 -0.005366190 0.999984741 0.001303431 -1.938423634 0.003119120 -0.001286705 0.999994218 74.317962646
0.999979556 0.005534631 -0.003205959 1.246304512 -0.005529820 0.999983549 0.001507797 -1.952591777 0.003214251 -0.001490038 0.999993742 74.851699829
0.999979138 0.005623913 -0.003182190 1.252875566 -0.005617961 0.999982476 0.001876310 -1.970968843 0.003192687 -0.001858394 0.999993205 75.389968872
0.999980152 0.005446278 -0.003150578 1.261497378 -0.005441850 0.999984145 0.001412506 -1.981398344 0.003158221 -0.001395333 0.999994040 75.941535950
0.999974251 0.006275719 -0.003478779 1.271266699 -0.006269714 0.999978781 0.001734441 -1.999524236 0.003489590 -0.001712586 0.999992430 76.484619141
0.999978542 0.005672062 -0.003275928 1.283484459 -0.005667412 0.999982953 0.001426888 -2.014578342 0.003283965 -0.001408292 0.999993622 77.023109436
0.999981999 0.004811528 -0.003581702 1.297188163 -0.004806398 0.999987364 0.001439282 -2.025572300 0.003588582 -0.001422041 0.999992549 77.575210571
0.999980330 0.004901576 -0.003911106 1.307961464 -0.004893660 0.999985933 0.002030697 -2.049329281 0.003921005 -0.002011517 0.999990284 78.113243103
0.999980152 0.005151897 -0.003602417 1.314533234 -0.005147620 0.999986053 0.001195397 -2.054561377 0.003608525 -0.001176829 0.999992847 78.678993225
0.999979854 0.005220766 -0.003603781 1.327293873 -0.005215506 0.999985337 0.001467053 -2.069604874 0.003611387 -0.001448228 0.999992430 79.204948425
0.999977887 0.005554950 -0.003656761 1.333619833 -0.005549549 0.999983549 0.001485436 -2.084098816 0.003664952 -0.001465110 0.999992192 79.747253418
0.999979615 0.005177389 -0.003762430 1.347804785 -0.005173660 0.999986112 0.001000380 -2.094538212 0.003767558 -0.000980894 0.999992371 80.289550781
0.999984205 0.005019675 -0.002514215 1.357369661 -0.005017287 0.999986947 0.000955309 -2.107156038 0.002518978 -0.000942680 0.999996305 80.841011047
0.999981284 0.005908848 -0.001591331 1.366060257 -0.005906475 0.999981403 0.001491407 -2.125901461 0.001600114 -0.001481980 0.999997616 81.384910583
0.999983490 0.005724231 -0.000354518 1.380584121 -0.005723804 0.999982893 0.001192265 -2.141676664 0.000361337 -0.001190216 0.999999166 81.920898438
0.999984086 0.005541570 0.001038752 1.390446186 -0.005542746 0.999983966 0.001132126 -2.154276848 -0.001032462 -0.001137866 0.999998808 82.463706970
0.999973476 0.005901299 0.004268564 1.407466531 -0.005905658 0.999982059 0.001009037 -2.166932106 -0.004262532 -0.001034219 0.999990404 83.016418457
0.999951422 0.005841411 0.007944421 1.428930759 -0.005854900 0.999981463 0.001675733 -2.188892841 -0.007934485 -0.001722165 0.999966979 83.547843933
0.999924779 0.005921125 0.010743945 1.455920815 -0.005937100 0.999981344 0.001455684 -2.205922604 -0.010735127 -0.001519363 0.999941230 84.084281921
0.999861777 0.005321654 0.015755458 1.479678392 -0.005343815 0.999984860 0.001364894 -2.223607063 -0.015747957 -0.001448900 0.999875009 84.638954163
0.999745727 0.005852388 0.021777442 1.510725260 -0.005888071 0.999981523 0.001574802 -2.239754915 -0.021767821 -0.001702629 0.999761581 85.173858643
0.999614179 0.005898098 0.027142039 1.535964012 -0.005939005 0.999981284 0.001426783 -2.254890203 -0.027133111 -0.001587429 0.999630511 85.720939636
0.999453545 0.005103017 0.032658879 1.574748635 -0.005150914 0.999985695 0.001382626 -2.269496202 -0.032651354 -0.001550094 0.999465585 86.264907837
0.999129415 0.005423662 0.041362595 1.604895353 -0.005510070 0.999982834 0.001975312 -2.290002108 -0.041351173 -0.002201503 0.999142230 86.814979553
0.998771071 0.005771218 0.049227085 1.653448343 -0.005839445 0.999982178 0.001242248 -2.299488306 -0.049219038 -0.001528180 0.998786867 87.359016418
0.998392701 0.006028107 0.056353852 1.693802834 -0.006107753 0.999980628 0.001241196 -2.310991526 -0.056345280 -0.001583397 0.998410106 87.908226013
0.997870982 0.005484223 0.064989157 1.750681162 -0.005578089 0.999983668 0.001262975 -2.323491335 -0.064981170 -0.001622802 0.997885227 88.445480347
0.997155488 0.005733940 0.075153403 1.813667774 -0.005838372 0.999982297 0.001169952 -2.337585688 -0.075145379 -0.001605397 0.997171283 88.993682861
0.996492028 0.005334090 0.083517268 1.875731468 -0.005433497 0.999984801 0.000963028 -2.345739603 -0.083510861 -0.001413441 0.996505857 89.542015076
0.995768785 0.005073750 0.091755182 1.942937851 -0.005164584 0.999986351 0.000752519 -2.365797043 -0.091750123 -0.001223213 0.995781302 90.084960938
0.994737566 0.004824509 0.102342919 2.025373936 -0.004915347 0.999987721 0.000635390 -2.378479481 -0.102338590 -0.001135097 0.994748950 90.624679565
0.993583560 0.005434164 0.112969473 2.103255272 -0.005615490 0.999983311 0.001286924 -2.398186684 -0.112960614 -0.001913045 0.993597567 91.164474487
0.992518663 0.004581181 0.122006431 2.191236496 -0.004722054 0.999988496 0.000865522 -2.408111095 -0.122001052 -0.001435168 0.992528915 91.709564209
0.991092026 0.004862947 0.133089885 2.281164169 -0.005041736 0.999986827 0.001006391 -2.416790009 -0.133083209 -0.001668430 0.991103411 92.244239807
0.989394367 0.004301592 0.145190343 2.378046036 -0.004442842 0.999989927 0.000648620 -2.433421373 -0.145186082 -0.001286799 0.989403546 92.800048828
0.987711072 0.004548031 0.156224400 2.482327461 -0.004727222 0.999988556 0.000775494 -2.452842951 -0.156219065 -0.001504471 0.987721324 93.346015930
0.986057341 0.003706586 0.166364655 2.594683647 -0.003913446 0.999991894 0.000915616 -2.468317032 -0.166359931 -0.001553908 0.986063838 93.866462708
0.983911574 0.003390543 0.178624094 2.723208427 -0.003637492 0.999992788 0.001055017 -2.487098217 -0.178619221 -0.001687787 0.983916879 94.383544922
0.981462181 0.003182908 0.191630244 2.836562157 -0.003405649 0.999993861 0.000832997 -2.496067762 -0.191626444 -0.001470180 0.981466830 94.936073303
0.979485989 0.003289084 0.201485291 2.962314606 -0.003518623 0.999993503 0.000781099 -2.503492117 -0.201481432 -0.001474026 0.979491234 95.480087280
0.976761758 0.003832164 0.214293748 3.108600616 -0.004227452 0.999990106 0.001386355 -2.531959057 -0.214286312 -0.002260055 0.976768196 95.999145508
0.973547697 0.002779503 0.228466764 3.245214462 -0.003042889 0.999994993 0.000800590 -2.538009644 -0.228463382 -0.001474611 0.973551393 96.528144836
0.970890939 0.002215605 0.239511713 3.395889282 -0.002506291 0.999996424 0.000909089 -2.555645943 -0.239508837 -0.001482913 0.970893085 97.060997009
0.967786014 0.002351922 0.251762986 3.548921585 -0.002665467 0.999996066 0.000904380 -2.566843748 -0.251759827 -0.001546312 0.967788517 97.576927185
0.963973641 0.002267843 0.265988052 3.704128265 -0.002615328 0.999996126 0.000952194 -2.582725286 -0.265984893 -0.001613535 0.963975787 98.134925842
0.960477114 0.001728106 0.278353691 3.877517700 -0.001991378 0.999997795 0.000663078 -2.592022181 -0.278351933 -0.001191179 0.960478365 98.658233643
0.957166076 0.001039336 0.289537579 4.048971176 -0.001456694 0.999998152 0.001225969 -2.615717411 -0.289535761 -0.001595223 0.957165897 99.171264648
0.952950299 0.001126976 0.303124249 4.239515305 -0.001616239 0.999997675 0.001363212 -2.632123709 -0.303121984 -0.001788994 0.952950060 99.675071716
0.948697090 0.000544793 0.316185802 4.441427231 -0.000986484 0.999998748 0.001236878 -2.647535324 -0.316184700 -0.001485335 0.948696494 100.174819946
0.944638848 0.000445505 0.328111649 4.635343552 -0.000798930 0.999999225 0.000942350 -2.652946472 -0.328110904 -0.001152319 0.944638491 100.696914673
0.940062404 -0.000511870 0.341001838 4.847669601 0.000186070 0.999999404 0.000988123 -2.669576406 -0.341002136 -0.000865447 0.940062106 101.215370178
0.934858561 -0.000285716 0.355020225 5.058053970 -0.000013007 0.999999702 0.000839039 -2.684646130 -0.355020344 -0.000789001 0.934858322 101.701301575
0.930004656 -0.000452084 0.367547363 5.279865265 0.000037227 0.999999344 0.001135804 -2.702381372 -0.367547691 -0.001042621 0.930004120 102.231803894
0.925469279 -0.001226420 0.378820479 5.515830994 0.001171479 0.999999285 0.000375513 -2.710899353 -0.378820717 0.000096254 0.925470054 102.741172791
0.919399023 -0.001272790 0.393324018 5.740158081 0.000888025 0.999998927 0.001160213 -2.732346773 -0.393325120 -0.000717417 0.919399202 103.223373413
0.913654566 -0.002604843 0.406483233 5.982223511 0.002475926 0.999996543 0.000843067 -2.740016222 -0.406484008 0.000236151 0.913657904 103.713867188
0.908855379 -0.002676830 0.417102754 6.231513977 0.002448324 0.999996424 0.001082822 -2.758290291 -0.417104125 0.000037074 0.908858716 104.178970337
0.902199566 -0.002338222 0.431312382 6.485614777 0.001927971 0.999997199 0.001388319 -2.778984785 -0.431314409 -0.000420983 0.902201533 104.709144592
0.895683706 -0.002759089 0.444683075 6.756462097 0.002542281 0.999996245 0.001083913 -2.792262554 -0.444684297 0.000159666 0.895687401 105.186782837
0.889672458 -0.003435593 0.456586331 7.034267426 0.003364295 0.999993920 0.000969041 -2.803119659 -0.456586838 0.000673962 0.889678597 105.682998657
0.884019375 -0.003879445 0.467434198 7.279811859 0.003710684 0.999992311 0.001281674 -2.818515778 -0.467435509 0.000601477 0.884026945 106.146202087
0.876744390 -0.003855860 0.480941176 7.567386627 0.003879904 0.999992073 0.000944286 -2.828349352 -0.480940998 0.001038108 0.876752317 106.626724243
0.869669855 -0.003824618 0.493619025 7.848548889 0.003419668 0.999992728 0.001723207 -2.852690220 -0.493622065 0.000189392 0.869676530 107.082809448
0.863747299 -0.004718595 0.503903151 8.128154755 0.004527579 0.999988377 0.001603196 -2.856999636 -0.503904879 0.000896705 0.863758683 107.539718628
