1.000000000 0.000000000 0.000000000 0.000000000 0.000000000 1.000000000 0.000000000 0.000000000 0.000000000 0.000000000 1.000000000 0.000000000
1.000000000 0.000002675 -0.000042966 0.000288348 -0.000002678 1.000000000 -0.000066566 0.000453308 0.000042966 0.000066566 1.000000000 -0.000186993
1.000000000 -0.000102939 -0.000091440 0.000167599 0.000102938 1.000000000 -0.000010248 -0.000133706 0.000091441 0.000010239 1.000000000 -0.000586566
1.000000000 -0.000035243 -0.000094806 -0.001505221 0.000035240 1.000000000 -0.000037526 0.001671895 0.000094808 0.000037523 1.000000000 0.000111927
1.000000000 0.000022855 -0.000017954 -0.000624208 -0.000022855 1.000000000 -0.000000643 0.000073320 0.000017954 0.000000644 1.000000000 -0.000529614
1.000000000 -0.000139133 -0.000041212 -0.000365608 0.000139132 1.000000000 -0.000024988 0.000045061 0.000041215 0.000024982 1.000000000 -0.000502620
1.000000000 0.000055484 -0.000041600 -0.000172978 -0.000055486 1.000000000 -0.000040797 0.000812819 0.000041598 0.000040799 1.000000000 -0.002209898
1.000000000 -0.000009796 -0.000007615 -0.000151236 0.000009796 1.000000000 -0.000018409 0.000998563 0.000007615 0.000018409 1.000000000 0.001709185
1.000000000 0.000035316 0.000029565 -0.001511586 -0.000035315 1.000000000 -0.000038334 0.001516281 -0.000029566 0.000038333 1.000000000 0.001845277
1.000000000 0.000012195 -0.000044072 -0.000640741 -0.000012196 1.000000000 -0.000020528 0.001329148 0.000044072 0.000020528 1.000000000 0.001753496
1.000000000 -0.000083612 -0.000059548 -0.000398998 0.000083609 1.000000000 -0.000054083 0.001586567 0.000059553 0.000054078 1.000000000 0.000954393
1.000000000 -0.000056828 -0.000043244 -0.001839760 0.000056830 1.000000000 0.000045199 0.001340417 0.000043242 -0.000045202 1.000000000 0.001591089
1.000000000 -0.000087627 -0.000067142 -0.000523589 0.000087625 1.000000000 -0.000030600 0.000896445 0.000067145 0.000030594 1.000000000 -0.000579392
1.000000000 0.000011299 -0.000056770 0.000844834 -0.000011295 1.000000000 0.000061897 -0.000045714 0.000056770 -0.000061897 1.000000000 -0.002981144
1.000000000 -0.000086297 -0.000069609 0.000709156 0.000086302 1.000000000 0.000068418 0.000141805 0.000069604 -0.000068424 1.000000000 -0.002193972
1.000000000 -0.000004063 -0.000019940 -0.000220435 0.000004063 1.000000000 -0.000017352 0.001665599 0.000019940 0.000017352 1.000000000 0.001047419
1.000000000 -0.000016301 -0.000084504 0.000340315 0.000016305 1.000000000 0.000045020 0.000439127 0.000084504 -0.000045021 1.000000000 -0.001371269
1.000000000 -0.000095274 -0.000097583 0.000502238 0.000095274 1.000000000 0.000002804 0.000155351 0.000097582 -0.000002814 1.000000000 -0.002655498
1.000000000 -0.000101206 -0.000059649 -0.000585997 0.000101207 1.000000000 0.000015585 0.000946720 0.000059647 -0.000015591 1.000000000 0.001350549
1.000000000 -0.000123996 -0.000047808 -0.001019040 0.000123999 1.000000000 0.000060168 -0.000167100 0.000047801 -0.000060174 1.000000000 -0.002768544
1.000000000 -0.000073658 -0.000111690 0.002169238 0.000073666 1.000000000 0.000071080 -0.000404872 0.000111685 -0.000071089 1.000000000 -0.001610359
1.000000000 -0.000101332 -0.000105120 0.000708596 0.000101335 1.000000000 0.000026337 0.000334001 0.000105117 -0.000026348 1.000000000 -0.001597586
1.000000000 -0.000104909 -0.000069639 -0.000643220 0.000104909 1.000000000 -0.000005019 0.001078977 0.000069640 0.000005012 1.000000000 0.000109165
1.000000000 -0.000075636 -0.000078932 0.000742688 0.000075639 1.000000000 0.000046286 0.000499730 0.000078929 -0.000046292 1.000000000 -0.000998202
1.000000000 -0.000135654 -0.000078979 0.001341450 0.000135657 1.000000000 0.000032095 0.000643763 0.000078974 -0.000032105 1.000000000 -0.000736261
1.000000000 -0.000201894 -0.000130617 0.001354354 0.000201903 1.000000000 0.000069368 0.000068435 0.000130603 -0.000069394 1.000000000 -0.002731321
0.999999940 -0.000273165 -0.000071560 -0.000266648 0.000273166 0.999999940 0.000021668 0.000084195 0.000071554 -0.000021688 1.000000000 -0.002643234
1.000000000 -0.000105799 -0.000124338 0.001007868 0.000105808 1.000000000 0.000074319 0.000240221 0.000124331 -0.000074333 1.000000000 -0.001602747
1.000000000 -0.000149566 -0.000126719 0.002391719 0.000149573 1.000000000 0.000054989 -0.000157288 0.000126710 -0.000055008 1.000000000 -0.002457487
0.999999940 -0.000201006 -0.000155607 0.001175093 0.000201011 1.000000000 0.000029011 0.000502036 0.000155601 -0.000029042 1.000000000 -0.001986236
1.000000000 -0.000079863 -0.000058265 0.000576213 0.000079866 1.000000000 0.000045003 -0.000068591 0.000058262 -0.000045008 1.000000000 -0.002979775
1.000000000 -0.000193318 -0.000139684 0.002002364 0.000193321 1.000000000 0.000020709 -0.000162090 0.000139680 -0.000020736 1.000000000 -0.004443034
1.000000000 -0.000114132 -0.000071516 0.000283571 0.000114137 1.000000000 0.000062732 0.000019041 0.000071509 -0.000062740 1.000000000 -0.001800580
0.999999940 -0.000218415 -0.000109630 0.000449616 0.000218421 1.000000000 0.000057813 0.000401973 0.000109617 -0.000057837 1.000000000 -0.001870848
1.000000000 -0.000167409 -0.000111772 0.001247035 0.000167412 1.000000000 0.000026028 0.000375035 0.000111767 -0.000026047 1.000000000 -0.003219437
1.000000000 -0.000137729 -0.000142677 0.003534913 0.000137752 1.000000000 0.000161473 -0.000790277 0.000142655 -0.000161493 1.000000000 -0.005391415
1.000000000 -0.000106727 -0.000089087 0.000394888 0.000106729 1.000000000 0.000018118 0.000148700 0.000089085 -0.000018127 1.000000000 -0.003156203
1.000000000 -0.000144600 -0.000084847 0.000229641 0.000144604 1.000000000 0.000052137 0.000134529 0.000084840 -0.000052150 1.000000000 -0.001100201
1.000000000 -0.000132217 -0.000166044 0.001251167 0.000132210 1.000000000 -0.000045102 0.000587286 0.000166050 0.000045080 1.000000000 0.002688635
1.000000000 -0.000222792 -0.000061784 0.000349060 0.000222760 0.999999821 -0.000531015 -0.002122838 0.000061902 0.000531001 0.999999881 0.052761480
1.000000000 0.000058793 -0.000094256 0.002011195 -0.000058901 0.999999344 -0.001141054 -0.004560371 0.000094189 0.001141060 0.999999344 0.141336232
1.000000000 -0.000141144 -0.000009609 0.002716977 0.000141130 0.999998868 -0.001493894 -0.007370176 0.000009820 0.001493893 0.999998868 0.260437220
1.000000000 -0.000063446 -0.000074482 0.005753471 0.000063337 0.999998927 -0.001460189 -0.010999813 0.000074574 0.001460184 0.999998927 0.391433895
1.000000000 0.000086071 -0.000065820 0.009520283 -0.000086152 0.999999225 -0.001238371 -0.016019095 0.000065713 0.001238377 0.999999225 0.528099358
1.000000000 0.000042318 0.000045136 0.013440396 -0.000042275 0.999999523 -0.000966659 -0.022713736 -0.000045177 0.000966657 0.999999523 0.683821023
1.000000000 -0.000023824 -0.000026364 0.019560764 0.000023798 0.999999523 -0.000981614 -0.026142687 0.000026387 0.000981613 0.999999523 0.844198942
0.999999881 0.000450158 0.000146471 0.016660720 -0.000450041 0.999999583 -0.000800756 -0.025006253 -0.000146832 0.000800690 0.999999642 1.025006294
1.000000000 0.000061677 -0.000115761 0.028635904 -0.000061750 0.999999821 -0.000627290 -0.031672593 0.000115722 0.000627297 0.999999821 1.200269103
1.000000000 0.000021762 -0.000054064 0.033668213 -0.000021768 0.999999940 -0.000109390 -0.039285243 0.000054062 0.000109391 0.999999940 1.375151277
1.000000000 -0.000017206 -0.000169467 0.036821727 0.000017198 1.000000000 -0.000049749 -0.043296345 0.000169467 0.000049746 0.999999940 1.567183018
1.000000000 -0.000085403 0.000078171 0.035685364 0.000085404 1.000000000 -0.000012286 -0.050441477 -0.000078170 0.000012292 1.000000000 1.770363688
0.999999940 -0.000354171 -0.000146488 0.044220325 0.000354192 0.999999881 0.000143986 -0.055131037 0.000146437 -0.000144038 0.999999940 1.972667098
0.999999940 0.000183941 0.000266079 0.043077752 -0.000184054 0.999999881 0.000422239 -0.067695990 -0.000266001 -0.000422288 0.999999881 2.176808119
0.999999940 0.000183680 0.000275224 0.042708989 -0.000183657 1.000000000 -0.000085016 -0.062488072 -0.000275239 0.000084965 0.999999940 2.395253181
1.000000000 0.000225597 0.000120329 0.052409686 -0.000225580 1.000000000 -0.000142683 -0.069596864 -0.000120361 0.000142656 1.000000000 2.616857290
0.999999940 -0.000063594 0.000179657 0.057993025 0.000063602 1.000000000 -0.000042124 -0.079167411 -0.000179654 0.000042136 1.000000000 2.846445322
0.999999881 -0.000272299 0.000207111 0.060817335 0.000272270 0.999999881 0.000140246 -0.081673875 -0.000207149 -0.000140190 0.999999940 3.084738970
0.999999940 0.000287954 0.000192988 0.068283260 -0.000288031 0.999999821 0.000399214 -0.094623588 -0.000192873 -0.000399269 0.999999881 3.324193478
0.999999881 0.000247233 0.000457209 0.076124974 -0.000247438 0.999999881 0.000446548 -0.103538677 -0.000457098 -0.000446662 0.999999762 3.561839342
0.999999881 0.000246878 0.000352975 0.080306314 -0.000247136 0.999999762 0.000733154 -0.110129103 -0.000352794 -0.000733242 0.999999642 3.821860075
0.999999821 0.000237769 0.000614147 0.078644134 -0.000238124 0.999999821 0.000578299 -0.115699314 -0.000614009 -0.000578445 0.999999642 4.084773064
1.000000000 0.000020567 0.000476803 0.078967214 -0.000021076 0.999999404 0.001066014 -0.135819063 -0.000476781 -0.001066024 0.999999344 4.315532207
0.999999881 -0.000060491 0.000467855 0.085440129 0.000060005 0.999999344 0.001039237 -0.141030908 -0.000467918 -0.001039209 0.999999404 4.572268486
0.999999821 0.000044579 0.000576853 0.091773182 -0.000045354 0.999999046 0.001342548 -0.149527073 -0.000576793 -0.001342574 0.999998927 4.834494591
0.999999821 -0.000285453 0.000451976 0.095645048 0.000284704 0.999998569 0.001655286 -0.164515376 -0.000452447 -0.001655157 0.999998510 5.074263096
0.999999821 -0.000484799 0.000322782 0.104792267 0.000484235 0.999998331 0.001746013 -0.171783715 -0.000323628 -0.001745857 0.999998331 5.336337566
0.999999821 -0.000303787 0.000555726 0.106163755 0.000302838 0.999998510 0.001705981 -0.181260690 -0.000556243 -0.001705812 0.999998391 5.611656666
0.999999821 -0.000019423 0.000586468 0.108158350 0.000018423 0.999998569 0.001705951 -0.187437609 -0.000586501 -0.001705940 0.999998391 5.884057522
0.999999702 -0.000185581 0.000697586 0.112668745 0.000184415 0.999998569 0.001670543 -0.198993027 -0.000697895 -0.001670414 0.999998391 6.170397758
0.999999523 0.000493087 0.000729262 0.116637997 -0.000494474 0.999998093 0.001902648 -0.218092978 -0.000728322 -0.001903007 0.999997914 6.424319267
0.999999404 0.000595231 0.000807723 0.124946304 -0.000596835 0.999997854 0.001988192 -0.230498821 -0.000806538 -0.001988673 0.999997675 6.709531784
0.999999762 0.000173992 0.000628133 0.137586549 -0.000175341 0.999997795 0.002148404 -0.241571754 -0.000627757 -0.002148513 0.999997497 7.007286549
0.999999762 0.000286533 0.000530343 0.143458813 -0.000287701 0.999997556 0.002204053 -0.248189181 -0.000529710 -0.002204205 0.999997437 7.290616512
0.999999523 0.000446665 0.000820014 0.144069433 -0.000448388 0.999997735 0.002102604 -0.256997615 -0.000819072 -0.002102971 0.999997437 7.602754593
0.999998868 0.000601338 0.001341550 0.132802248 -0.000604077 0.999997675 0.002042534 -0.262669355 -0.001340319 -0.002043342 0.999997020 7.900803566
0.999998987 0.000585806 0.001244967 0.141072884 -0.000588422 0.999997616 0.002101991 -0.269013941 -0.001243733 -0.002102721 0.999997020 8.219081879
0.999999344 0.000490999 0.001050009 0.155726105 -0.000493225 0.999997616 0.002120445 -0.279498219 -0.001048965 -0.002120962 0.999997199 8.531012535
0.999998569 0.000876718 0.001405165 0.148803368 -0.000879740 0.999997258 0.002151236 -0.285995543 -0.001403275 -0.002152469 0.999996662 8.885997772
0.999998152 0.000943472 0.001677335 0.151498273 -0.000947189 0.999997139 0.002216828 -0.297039777 -0.001675238 -0.002218412 0.999996126 9.228655815
0.999998629 0.000623339 0.001518069 0.165694773 -0.000627546 0.999995947 0.002772524 -0.323055834 -0.001516335 -0.002773473 0.999994993 9.549476624
0.999998569 0.000748067 0.001528330 0.176550314 -0.000752532 0.999995410 0.002922790 -0.332006931 -0.001526136 -0.002923936 0.999994576 9.892147064
0.999999106 0.000208354 0.001285906 0.184832960 -0.000212026 0.999995828 0.002855764 -0.340406805 -0.001285306 -0.002856034 0.999995053 10.259119987
0.999998212 0.000911378 0.001625674 0.188731998 -0.000915952 0.999995530 0.002815081 -0.352986693 -0.001623101 -0.002816564 0.999994695 10.635081291
0.999997914 0.000669285 0.001917977 0.195625857 -0.000675064 0.999995232 0.003013879 -0.361652911 -0.001915950 -0.003015167 0.999993622 10.999505043
0.999997795 0.001092555 0.001803073 0.207944274 -0.001098368 0.999994218 0.003226276 -0.378618509 -0.001799538 -0.003228250 0.999993145 11.380963326
0.999997377 0.001291761 0.001870305 0.214709729 -0.001297628 0.999994218 0.003139017 -0.385058314 -0.001866239 -0.003141435 0.999993324 11.764595985
0.999998391 0.000730926 0.001655382 0.233148038 -0.000736598 0.999993920 0.003428815 -0.406440198 -0.001652866 -0.003430028 0.999992728 12.137873650
0.999997497 0.001124552 0.001895003 0.244560882 -0.001131496 0.999992609 0.003667285 -0.425687045 -0.001890864 -0.003669421 0.999991417 12.520163536
0.999998331 0.000752257 0.001646044 0.253792584 -0.000758339 0.999992847 0.003697812 -0.435391098 -0.001643251 -0.003699054 0.999991775 12.914582253
0.999997377 0.001466787 0.001784177 0.265208274 -0.001473542 0.999991715 0.003790544 -0.448101163 -0.001778603 -0.003793163 0.999991238 13.308396339
0.999996185 0.001486005 0.002341982 0.270945579 -0.001495143 0.999991238 0.003904952 -0.455853522 -0.002336159 -0.003908439 0.999989629 13.729631424
0.999996424 0.001392565 0.002288042 0.274667203 -0.001402396 0.999989688 0.004300663 -0.482940763 -0.002282029 -0.004303856 0.999988079 14.098874092
0.999997139 0.000838111 0.002265092 0.286460400 -0.000848274 0.999989510 0.004489588 -0.496843129 -0.002261305 -0.004491496 0.999987304 14.525464058
0.999996662 0.000448413 0.002555982 0.296986312 -0.000460581 0.999988496 0.004762038 -0.511119127 -0.002553817 -0.004763199 0.999985337 14.950847626
0.999997675 0.000136418 0.002218679 0.315978408 -0.000147083 0.999988437 0.004807345 -0.527279496 -0.002217997 -0.004807660 0.999985993 15.353769302
0.999996245 0.000577934 0.002712119 0.323372543 -0.000591472 0.999987423 0.004993469 -0.539559245 -0.002709199 -0.004995053 0.999983907 15.794406891
0.999994814 0.000716042 0.003154097 0.331561685 -0.000732497 0.999986172 0.005219125 -0.549483120 -0.003150316 -0.005221410 0.999981403 16.243621826
0.999994218 0.000470415 0.003362867 0.344106734 -0.000487896 0.999986351 0.005199388 -0.569444716 -0.003360375 -0.005200999 0.999980807 16.681158066
0.999994159 0.000414898 0.003368322 0.356927782 -0.000432815 0.999985695 0.005320315 -0.581790447 -0.003366066 -0.005321742 0.999980152 17.143095016
0.999992490 0.000624030 0.003809751 0.367712379 -0.000645469 0.999984086 0.005628866 -0.596685469 -0.003806178 -0.005631285 0.999976873 17.595264435
0.999991238 0.000664645 0.004124837 0.381543875 -0.000687471 0.999984503 0.005534898 -0.611010075 -0.004121094 -0.005537685 0.999976158 18.057292938
0.999988914 0.000976164 0.004590141 0.391992480 -0.001002456 0.999983072 0.005728956 -0.622265518 -0.004584470 -0.005733494 0.999973059 18.535833359
0.999985576 0.001047583 0.005262691 0.390856087 -0.001079991 0.999980390 0.006158875 -0.634692729 -0.005256136 -0.006164471 0.999967158 18.984588623
0.999985516 0.001194593 0.005225283 0.408901304 -0.001228799 0.999977767 0.006547913 -0.651073754 -0.005217345 -0.006554241 0.999964893 19.456701279
0.999983549 0.001725347 0.005465480 0.418253481 -0.001761285 0.999976873 0.006577450 -0.662343383 -0.005454004 -0.006586968 0.999963403 19.929718018
0.999988556 0.000762230 0.004745923 0.435720325 -0.000791607 0.999980450 0.006191243 -0.678205848 -0.004741112 -0.006194928 0.999969542 20.423620224
0.999991119 0.000200068 0.004205640 0.448903322 -0.000226548 0.999980032 0.006296791 -0.693242610 -0.004204299 -0.006297688 0.999971330 20.907453537
0.999992728 0.000661118 0.003735733 0.457957476 -0.000683959 0.999981046 0.006116232 -0.697785139 -0.003731619 -0.006118744 0.999974310 21.422777176
0.999995291 0.000086893 0.003067775 0.464693815 -0.000107752 0.999976993 0.006799874 -0.738797307 -0.003067114 -0.006800174 0.999972165 21.884931564
0.999996722 -0.000033713 0.002543625 0.480546981 0.000016244 0.999976397 0.006867371 -0.745115995 -0.002543796 -0.006867307 0.999973178 22.394115448
0.999996424 0.000505881 0.002608698 0.483768076 -0.000523526 0.999976993 0.006767738 -0.758423924 -0.002605214 -0.006769080 0.999973714 22.897035599
0.999999106 -0.000635798 0.001180891 0.514085531 0.000627342 0.999974251 0.007147310 -0.784604728 -0.001185405 -0.007146562 0.999973774 23.368755341
0.999999225 -0.001043559 0.000789810 0.519794345 0.001037993 0.999974847 0.007015679 -0.797279477 -0.000797112 -0.007014853 0.999975085 23.890850067
0.999999583 -0.000799109 0.000364382 0.523078680 0.000796454 0.999973536 0.007228864 -0.807578087 -0.000370150 -0.007228571 0.999973774 24.421419144
0.999999583 -0.000845306 -0.000278852 0.537835777 0.000847422 0.999970198 0.007675764 -0.821119785 0.000272355 -0.007675997 0.999970555 24.956312180
0.999999166 -0.000314547 -0.001258299 0.549756944 0.000324208 0.999970436 0.007684893 -0.838784873 0.001255844 -0.007685295 0.999969602 25.450714111
0.999996841 -0.001426932 -0.002042985 0.564857483 0.001442283 0.999970615 0.007532327 -0.851331115 0.002032177 -0.007535249 0.999969542 25.993288040
0.999996901 -0.001412128 -0.002041073 0.566426516 0.001428548 0.999966383 0.008065653 -0.857431412 0.002029615 -0.008068544 0.999965310 26.530246735
0.999995291 -0.001390338 -0.002698788 0.584520340 0.001412924 0.999963880 0.008385389 -0.879087567 0.002687032 -0.008389162 0.999961197 27.073345184
0.999996006 -0.000342213 -0.002786846 0.577819407 0.000364762 0.999967098 0.008094719 -0.881051242 0.002783984 -0.008095702 0.999963343 27.578298569
0.999994457 -0.000740689 -0.003266697 0.586148977 0.000768980 0.999962151 0.008667594 -0.897016287 0.003260154 -0.008670057 0.999957144 28.112754822
0.999994457 -0.000564825 -0.003278967 0.595554471 0.000593057 0.999962687 0.008615356 -0.911327183 0.003273978 -0.008617253 0.999957561 28.648122787
0.999992609 -0.000497402 -0.003809649 0.602911770 0.000529560 0.999964178 0.008444631 -0.920329094 0.003805311 -0.008446587 0.999957025 29.148338318
0.999989927 -0.001151065 -0.004342691 0.614225805 0.001187303 0.999964416 0.008351293 -0.930407524 0.004332923 -0.008356364 0.999955714 29.685098648
0.999987841 -0.001221410 -0.004780958 0.634904683 0.001262272 0.999962687 0.008553218 -0.948376536 0.004770332 -0.008559148 0.999952018 30.226348877
0.999988496 -0.000961229 -0.004704957 0.623452961 0.001001835 0.999962151 0.008635700 -0.965127707 0.004696478 -0.008640311 0.999951661 30.767383575
0.999985695 -0.001236585 -0.005215259 0.638809383 0.001282834 0.999959707 0.008874088 -0.985768795 0.005204076 -0.008880649 0.999947011 31.302404404
0.999984264 -0.001211342 -0.005465378 0.647690594 0.001259674 0.999960065 0.008848709 -0.998146296 0.005454441 -0.008855454 0.999945879 31.850177765
0.999982953 -0.000998957 -0.005750287 0.649644434 0.001050030 0.999959946 0.008885681 -0.996612072 0.005741180 -0.008891566 0.999943972 32.301986694
0.999982417 -0.000874191 -0.005863135 0.654953957 0.000927970 0.999957502 0.009176107 -1.012552977 0.005854865 -0.009181387 0.999940693 32.842681885
0.999982774 -0.000101720 -0.005861758 0.659149408 0.000154995 0.999958694 0.009088852 -1.021203756 0.005860592 -0.009089606 0.999941528 33.388450623
0.999980807 -0.000843086 -0.006137368 0.672577858 0.000902740 0.999952316 0.009723418 -1.031288385 0.006128878 -0.009728774 0.999933839 33.942951202
0.999981225 -0.000172015 -0.006126333 0.685260534 0.000230779 0.999953926 0.009592699 -1.047779322 0.006124401 -0.009593931 0.999935150 34.485412598
0.999981642 -0.000293342 -0.006040431 0.659754872 0.000348216 0.999958694 0.009085331 -1.058900714 0.006037516 -0.009087268 0.999940455 34.931739807
0.999980927 -0.000708561 -0.006131491 0.666700423 0.000763112 0.999960124 0.008899025 -1.065479994 0.006124941 -0.008903536 0.999941528 35.491397858
0.999983311 0.000045196 -0.005777668 0.671936929 0.000004174 0.999963462 0.008544522 -1.075036526 0.005777843 -0.008544406 0.999946773 36.035827637
0.999983549 0.000979061 -0.005642528 0.651083529 -0.000924764 0.999953330 0.009617506 -1.137426257 0.005651682 -0.009612132 0.999937832 36.486873627
0.999981403 0.000894412 -0.006028290 0.661241889 -0.000836237 0.999953091 0.009645952 -1.150043011 0.006036635 -0.009640731 0.999935269 37.032310486
0.999980628 0.000982056 -0.006136240 0.672649860 -0.000924339 0.999955356 0.009401693 -1.158439159 0.006145199 -0.009395837 0.999936998 37.582427979
0.999979973 0.000975047 -0.006251458 0.673403323 -0.000914549 0.999952734 0.009672938 -1.172900915 0.006260595 -0.009667027 0.999933660 38.128746033
0.999980211 0.000931443 -0.006224023 0.670391619 -0.000870235 0.999951363 0.009829640 -1.182647943 0.006232876 -0.009824029 0.999932349 38.637260437
0.999978304 -0.000115286 -0.006582370 0.682454765 0.000186204 0.999941945 0.010774432 -1.208937168 0.006580746 -0.010775422 0.999920309 39.140644073
0.999977469 -0.000385588 -0.006692817 0.693758845 0.000458802 0.999940097 0.010941066 -1.222426176 0.006688197 -0.010943891 0.999917805 39.672801971
0.999979079 -0.000573153 -0.006427641 0.700549483 0.000645007 0.999937356 0.011182351 -1.234966755 0.006420828 -0.011186264 0.999916852 40.237403870
0.999975383 -0.000206907 -0.007012426 0.716898441 0.000288386 0.999932468 0.011620135 -1.245732546 0.007009547 -0.011621871 0.999907970 40.771667480
0.999975681 0.000087763 -0.006961845 0.730542779 -0.000014624 0.999944925 0.010504981 -1.246993780 0.006962382 -0.010504624 0.999920607 41.317447662
0.999968231 -0.001428333 -0.007839482 0.731221914 0.001515644 0.999936759 0.011142736 -1.272075891 0.007823071 -0.011154262 0.999907196 41.813720703
0.999966443 -0.001765966 -0.007995288 0.743760526 0.001854325 0.999937117 0.011057535 -1.280381560 0.007975258 -0.011071989 0.999906898 42.357620239
0.999965012 -0.001750584 -0.008182250 0.755543232 0.001839590 0.999939024 0.010883108 -1.288691521 0.008162701 -0.010897780 0.999907315 42.906879425
0.999969482 -0.001081509 -0.007739729 0.749773026 0.001165679 0.999940157 0.010878861 -1.300923228 0.007727500 -0.010887549 0.999910891 43.403324127
0.999967873 -0.001084698 -0.007943501 0.761630177 0.001174355 0.999935508 0.011290833 -1.318836689 0.007930742 -0.011299798 0.999904692 43.937320709
0.999966979 -0.001000678 -0.008070598 0.768663287 0.001089919 0.999938250 0.011060805 -1.328681707 0.008059033 -0.011069237 0.999906242 44.478462219
0.999969065 -0.001263545 -0.007762535 0.781265140 0.001351024 0.999935508 0.011274486 -1.346462607 0.007747788 -0.011284627 0.999906301 45.006038666
0.999967396 -0.001393866 -0.007952365 0.783640206 0.001483879 0.999934793 0.011324421 -1.358577251 0.007936060 -0.011335853 0.999904275 45.538669586
0.999963522 -0.001591982 -0.008381369 0.792517543 0.001686351 0.999935150 0.011264329 -1.370637298 0.008362893 -0.011278055 0.999901414 46.102909088
0.999963105 -0.001501459 -0.008450693 0.790437579 0.001598232 0.999933124 0.011456439 -1.383140802 0.008432928 -0.011469527 0.999898612 46.646717072
0.999965608 -0.001535904 -0.008151976 0.781583667 0.001631459 0.999929905 0.011728055 -1.405823469 0.008133393 -0.011740953 0.999897957 47.135742188
0.999961257 -0.002155230 -0.008538802 0.797318578 0.002253799 0.999930799 0.011550884 -1.416762114 0.008513317 -0.011569681 0.999896824 47.675086975
0.999968171 -0.001075202 -0.007907608 0.795035958 0.001169155 0.999928653 0.011886334 -1.428738117 0.007894264 -0.011895200 0.999898076 48.229900360
0.999967039 -0.001261377 -0.008009800 0.806901336 0.001356648 0.999928236 0.011900048 -1.446341276 0.007994214 -0.011910524 0.999897122 48.760066986
0.999968231 -0.001185940 -0.007877344 0.806961894 0.001281680 0.999925256 0.012159931 -1.457691312 0.007862334 -0.012169643 0.999895036 49.301563263
0.999965489 -0.001536799 -0.008154909 0.808696687 0.001634576 0.999926627 0.011996794 -1.460573673 0.008135875 -0.012009711 0.999894738 49.816844940
0.999970734 -0.001155965 -0.007562858 0.809639692 0.001245119 0.999929607 0.011794274 -1.470037460 0.007548693 -0.011803345 0.999901831 50.360004425
0.999965012 -0.001662699 -0.008195337 0.828910828 0.001761992 0.999924958 0.012123560 -1.480943441 0.008174564 -0.012137577 0.999892950 50.875106812
0.999967456 -0.001373619 -0.007950632 0.830325603 0.001469363 0.999926329 0.012049004 -1.489507556 0.007933496 -0.012060294 0.999895751 51.423675537
0.999969482 -0.000900521 -0.007758109 0.827740788 0.000995844 0.999923944 0.012291806 -1.498385429 0.007746452 -0.012299155 0.999894381 51.948059082
0.999969542 -0.000767537 -0.007759216 0.832929492 0.000863853 0.999922514 0.012417410 -1.508044481 0.007749084 -0.012423736 0.999892831 52.497329712
0.999968827 -0.000964624 -0.007833484 0.848096013 0.001061738 0.999922454 0.012402565 -1.518942833 0.007820914 -0.012410494 0.999892414 53.016017914
0.999969304 -0.000644727 -0.007808658 0.848507047 0.000741034 0.999923706 0.012336756 -1.527484536 0.007800110 -0.012342163 0.999893367 53.567157745
0.999973416 0.000021123 -0.007291046 0.850270033 0.000067221 0.999926567 0.012116320 -1.538072109 0.007290767 -0.012116490 0.999899924 54.066661835
0.999972045 -0.000219436 -0.007473822 0.859427929 0.000312245 0.999922752 0.012418916 -1.548512220 0.007470521 -0.012420901 0.999894917 54.597267151
0.999971747 0.000072087 -0.007512664 0.865411043 0.000021185 0.999922931 0.012414432 -1.552042603 0.007512980 -0.012414240 0.999894679 55.147491455
0.999971151 -0.000329018 -0.007596781 0.877798438 0.000423920 0.999921799 0.012494206 -1.566456318 0.007592076 -0.012497066 0.999893129 55.696338654
0.999971449 -0.000853528 -0.007499934 0.884763718 0.000947897 0.999920249 0.012588061 -1.578523397 0.007488590 -0.012594812 0.999892652 56.166320801
0.999970734 -0.000892956 -0.007595662 0.887816548 0.000990140 0.999917507 0.012800619 -1.594524980 0.007583605 -0.012807765 0.999889195 56.716941833
0.999966621 -0.001468200 -0.008036360 0.906717420 0.001571521 0.999915898 0.012865607 -1.605448246 0.008016795 -0.012877805 0.999884963 57.243049622
0.999968588 -0.001409608 -0.007803360 0.911130667 0.001508224 0.999918818 0.012646134 -1.605811357 0.007784901 -0.012657506 0.999889612 57.749557495
0.999965012 -0.001493305 -0.008225503 0.938978076 0.001594203 0.999923468 0.012273597 -1.581445813 0.008206544 -0.012286283 0.999890804 58.401832581
0.999969602 -0.001420791 -0.007668254 0.933766305 0.001517192 0.999919713 0.012580320 -1.621291161 0.007649763 -0.012591572 0.999891400 58.816577911
0.999968350 -0.001717086 -0.007773573 0.943017542 0.001818739 0.999912679 0.013088585 -1.629100680 0.007750420 -0.013102308 0.999884129 59.379772186
0.999972701 -0.001260315 -0.007287048 0.951486528 0.001356741 0.999911308 0.013242651 -1.643505931 0.007269712 -0.013252177 0.999885738 59.923599243
0.999971867 -0.000674157 -0.007471256 0.958781481 0.000775947 0.999906838 0.013629789 -1.650810719 0.007461371 -0.013635204 0.999879181 60.482116699
0.999967754 -0.001676117 -0.007854882 0.974206567 0.001782155 0.999907076 0.013512194 -1.663597107 0.007831503 -0.013525757 0.999877810 61.005920410
0.999972284 -0.001405174 -0.007311021 0.966959119 0.001505259 0.999904931 0.013702239 -1.682192087 0.007291073 -0.013712864 0.999879360 61.515644073
0.999969065 -0.001348420 -0.007743181 0.970326304 0.001445322 0.999920487 0.012522582 -1.688257217 0.007725680 -0.012533385 0.999891579 61.930511475
0.999967992 -0.001280030 -0.007903048 0.985371172 0.001379800 0.999919236 0.012631727 -1.701515198 0.007886241 -0.012642226 0.999888897 62.470390320
0.999971151 -0.000925809 -0.007545601 0.990476608 0.001022432 0.999917328 0.012811427 -1.708689451 0.007533117 -0.012818770 0.999889433 63.019336700
0.999968410 -0.000892307 -0.007895088 0.993209720 0.000990434 0.999922156 0.012433579 -1.709733009 0.007883378 -0.012441006 0.999891460 63.573955536
0.999972403 -0.000375010 -0.007419844 1.001458287 0.000469241 0.999919176 0.012702189 -1.746120453 0.007414481 -0.012705320 0.999891758 64.052528381
0.999969542 -0.001138148 -0.007723062 1.018214822 0.001236702 0.999917746 0.012768295 -1.753594637 0.007707895 -0.012777458 0.999888659 64.602172852
0.999970078 -0.001380820 -0.007622156 1.024180532 0.001477618 0.999918163 0.012708590 -1.758597493 0.007603984 -0.012719472 0.999890149 65.145339966
0.999972165 -0.000559178 -0.007439774 1.029081345 0.000656611 0.999913990 0.013100239 -1.781199574 0.007431809 -0.013104760 0.999886513 65.581985474
0.999973357 -0.000317833 -0.007280383 1.046368003 0.000406222 0.999926090 0.012142531 -1.778441191 0.007275986 -0.012145165 0.999899745 66.251075745
0.999974549 -0.000206053 -0.007128485 1.038172245 0.000297692 0.999917388 0.012856576 -1.794083595 0.007125247 -0.012858372 0.999891937 66.668281555
0.999973238 -0.000541769 -0.007291880 1.052415133 0.000635920 0.999916434 0.012915626 -1.807295680 0.007284273 -0.012919919 0.999890029 67.217720032
0.999967813 -0.001468266 -0.007883113 1.024336338 0.001574937 0.999907076 0.013542472 -1.834441900 0.007862496 -0.013554452 0.999877155 67.649116516
0.999969244 -0.001028208 -0.007765965 1.031585455 0.001130793 0.999912083 0.013216860 -1.842586040 0.007751692 -0.013225237 0.999882460 68.187355042
0.999963999 -0.001979861 -0.008235110 1.047626972 0.002088528 0.999910593 0.013207949 -1.842955351 0.008208223 -0.013224675 0.999878824 68.735298157
0.999968171 -0.001366971 -0.007870905 1.055903316 0.001470708 0.999911964 0.013189161 -1.855374098 0.007852186 -0.013200318 0.999882042 69.283363342
0.999970496 -0.000439333 -0.007665188 1.058222175 0.000541099 0.999911666 0.013279418 -1.890352011 0.007658678 -0.013283173 0.999882400 69.901367188
0.999966621 -0.000633156 -0.008147860 1.068748474 0.000740805 0.999912322 0.013215696 -1.899301410 0.008138779 -0.013221289 0.999879420 70.450706482
0.999971330 0.000660620 -0.007534645 1.070050359 -0.000563741 0.999917209 0.012852793 -1.902295709 0.007542512 -0.012848177 0.999889016 71.008987427
0.999974012 -0.000040782 -0.007211408 1.047668815 0.000136444 0.999912024 0.013265388 -1.897371650 0.007210230 -0.013266029 0.999885976 71.421951294
0.999972880 0.001265562 -0.007261911 1.053900957 -0.001171821 0.999916196 0.012898314 -1.904054284 0.007277626 -0.012889454 0.999890387 71.966751099
0.999972165 0.000183722 -0.007455205 1.079657793 -0.000083093 0.999908924 0.013495985 -1.930578709 0.007457005 -0.013494994 0.999881148 72.549896240
0.999972701 0.000526514 -0.007367346 1.070007563 -0.000429529 0.999913335 0.013159495 -1.914022088 0.007373635 -0.013155971 0.999886274 73.071281433
0.999976516 0.000610135 -0.006823482 1.085868478 -0.000518975 0.999910712 0.013353626 -1.937272787 0.006831019 -0.013349771 0.999887466 73.610046387
0.999976158 0.000488357 -0.006886280 1.098355293 -0.000396593 0.999911129 0.013320653 -1.946509838 0.006892174 -0.013317603 0.999887526 74.144256592
0.999976099 0.000516258 -0.006897087 1.107884884 -0.000424262 0.999911070 0.013333255 -1.954362631 0.006903357 -0.013330011 0.999887288 74.692588806
0.999977827 0.000799313 -0.006606923 1.117082357 -0.000712355 0.999913216 0.013153581 -1.967994690 0.006616865 -0.013148582 0.999891639 75.276100159
0.999977767 0.000666115 -0.006627454 1.125856876 -0.000578499 0.999912500 0.013213359 -1.979714274 0.006635676 -0.013209231 0.999890745 75.804718018
0.999969840 -0.000892488 -0.007711213 1.149433732 0.000993811 0.999913096 0.013145887 -1.985188007 0.007698810 -0.013153153 0.999883771 76.373115540
0.999972045 -0.000955773 -0.007416106 1.159943342 0.001053292 0.999912918 0.013156817 -1.998770833 0.007402885 -0.013164261 0.999885857 76.903678894
0.999975622 -0.000479206 -0.006960775 1.146068573 0.000568836 0.999916911 0.012880149 -1.986663580 0.006954026 -0.012883795 0.999892831 77.426620483
0.999975026 -0.000261154 -0.007059784 1.157259822 0.000351216 0.999918461 0.012758775 -1.994958878 0.007055878 -0.012760935 0.999893606 77.977874756
0.999975145 -0.000419330 -0.007035492 1.161109805 0.000508220 0.999919951 0.012637571 -2.008477211 0.007029630 -0.012640832 0.999895334 78.530479431
0.999979377 -0.000183835 -0.006416767 1.167671919 0.000264422 0.999921083 0.012560199 -2.014055252 0.006413952 -0.012561636 0.999900460 79.090393066
0.999984920 -0.000501881 -0.005462138 1.180176973 0.000568412 0.999925613 0.012185751 -2.024449348 0.005455616 -0.012188672 0.999910831 79.635215759
0.999991536 -0.000534261 -0.004080346 1.188130021 0.000583350 0.999927342 0.012038928 -2.030639172 0.004073619 -0.012041210 0.999919116 80.180641174
0.999996364 -0.000498524 -0.002621499 1.205489635 0.000529558 0.999929607 0.011851054 -2.042284727 0.002615406 -0.011852400 0.999926269 80.714782715
0.999999523 -0.000571483 0.000724948 1.221948147 0.000562765 0.999928176 0.011968753 -2.053576469 -0.000731736 -0.011968340 0.999928117 81.263153076
0.999988556 -0.000405285 0.004759131 1.239843726 0.000348155 0.999927938 0.011998829 -2.057612658 -0.004763651 -0.011997038 0.999916673 81.801712036
0.999965489 0.000391901 0.008293437 1.259967089 -0.000491693 0.999927461 0.012034073 -2.067230225 -0.008288119 -0.012037735 0.999893188 82.342224121
0.999917567 0.000016527 0.012832930 1.280545712 -0.000169898 0.999928534 0.011950345 -2.077621937 -0.012831816 -0.011951541 0.999846160 82.886116028
0.999824762 0.000018028 0.018725960 1.307950497 -0.000244511 0.999926805 0.012092413 -2.087768793 -0.018724378 -0.012094871 0.999751508 83.425506592
0.999694645 0.000186216 0.024713065 1.333297253 -0.000490562 0.999924064 0.012309689 -2.099426031 -0.024708899 -0.012318051 0.999618769 83.979721069
0.999539077 0.000146533 0.030355204 1.365634203 -0.000508918 0.999928653 0.011930794 -2.099575758 -0.030351285 -0.011940744 0.999468088 84.530670166
0.999258161 0.000305325 0.038511589 1.400649428 -0.000755287 0.999931693 0.011669809 -2.107290268 -0.038505394 -0.011690238 0.999190032 85.092483521
0.998939037 -0.000260752 0.046050966 1.451594830 -0.000272380 0.999933004 0.011570346 -2.115955830 -0.046050899 -0.011570614 0.998872101 85.630508423
0.998610139 -0.000612341 0.052701376 1.500731468 0.000006680 0.999933958 0.011491726 -2.121659040 -0.052704934 -0.011475402 0.998544216 86.181976318
0.998087764 -0.000603837 0.061809007 1.552191019 -0.000115536 0.999932230 0.011634415 -2.132531643 -0.061811849 -0.011619308 0.998020172 86.710105896
0.997435272 -0.000985999 0.071567699 1.616555691 0.000143592 0.999930680 0.011774953 -2.145480871 -0.071574353 -0.011734478 0.997366190 87.247062683
0.996815443 -0.001442802 0.079729356 1.683484077 0.000528880 0.999933958 0.011482738 -2.152426958 -0.079740658 -0.011404003 0.996750355 87.790939331
0.996126890 -0.001592971 0.087913252 1.751891136 0.000586391 0.999934018 0.011474335 -2.161576748 -0.087925725 -0.011378343 0.996062040 88.344963074
0.995149434 -0.002038250 0.098353721 1.830660820 0.000915358 0.999933898 0.011460647 -2.172165394 -0.098370567 -0.011315027 0.995085537 88.866287231
0.994070232 -0.002307843 0.108715303 1.914471626 0.001076227 0.999934614 0.011386138 -2.183525562 -0.108734481 -0.011201619 0.994007707 89.411865234
0.992997885 -0.002242680 0.118110932 2.001071930 0.000890422 0.999933481 0.011500577 -2.190418720 -0.118128881 -0.011314880 0.992933810 89.959770203
0.991643727 -0.002528937 0.128981680 2.097176552 0.001077825 0.999935329 0.011319091 -2.196462393 -0.129001990 -0.011085486 0.991582394 90.502388000
0.989969134 -0.002507072 0.141262531 2.197553635 0.000869734 0.999931693 0.011651294 -2.214128971 -0.141282052 -0.011411558 0.989903629 91.027061462
0.988390267 -0.003122899 0.151903853 2.306782722 0.001426643 0.999935448 0.011274342 -2.220394135 -0.151929244 -0.010926738 0.988330960 91.583801270
0.986763477 -0.003358992 0.162131116 2.418062210 0.001541755 0.999934554 0.011332953 -2.228055239 -0.162158623 -0.010932978 0.986704051 92.123825073
0.984593570 -0.003461969 0.174823925 2.542802811 0.001565453 0.999938488 0.010984884 -2.235462666 -0.174851194 -0.010541967 0.984538436 92.655197144
0.982331574 -0.004285861 0.187100485 2.661829948 0.002161080 0.999930859 0.011558855 -2.248027802 -0.187137097 -0.010950287 0.982272744 93.185546875
0.980314970 -0.004597759 0.197386369 2.787213326 0.002410295 0.999933004 0.011320954 -2.251708269 -0.197425231 -0.010622341 0.980260372 93.724601746
0.977562189 -0.005015082 0.210587204 2.926372528 0.002679369 0.999931633 0.011375289 -2.263813496 -0.210629880 -0.010555813 0.977508903 94.253105164
0.974610388 -0.005275120 0.223845199 3.079151154 0.002781826 0.999930561 0.011452369 -2.273478746 -0.223890036 -0.010538901 0.974557340 94.796203613
0.971924543 -0.005670511 0.235224441 3.233041763 0.003046580 0.999928951 0.011516925 -2.287248611 -0.235273078 -0.010476952 0.971872807 95.330787659
0.969054520 -0.006594113 0.246758685 3.396333694 0.003911629 0.999927819 0.011359499 -2.295792103 -0.246815801 -0.010042746 0.969010293 95.847358704
0.965302885 -0.006100533 0.261061549 3.568395615 0.003083547 0.999923587 0.011964660 -2.307655334 -0.261114538 -0.010744521 0.965247989 96.387283325
0.961888671 -0.006078573 0.273373783 3.726879120 0.002943609 0.999925137 0.011876385 -2.305058002 -0.273425519 -0.010619056 0.961834550 96.936477661
0.958680987 -0.006938274 0.284398705 3.925764084 0.003688431 0.999921679 0.011961029 -2.323848724 -0.284459502 -0.010417826 0.958631396 97.443527222
0.954343796 -0.006905438 0.298630565 4.111610413 0.003409976 0.999919474 0.012224438 -2.332838535 -0.298691005 -0.010647994 0.954290509 97.974594116
0.950014055 -0.007688461 0.312112242 4.313838959 0.004105666 0.999917924 0.012134699 -2.338650227 -0.312179953 -0.010246706 0.949967742 98.490730286
0.946327448 -0.008316672 0.323102444 4.514057159 0.004567685 0.999913156 0.012359625 -2.350018024 -0.323177189 -0.010220421 0.946283281 98.995521545
0.941947818 -0.008682512 0.335647017 4.725147247 0.004817753 0.999912143 0.012345344 -2.358890057 -0.335724771 -0.010011607 0.941906929 99.498825073
0.936903417 -0.008951656 0.349473745 4.939802170 0.005047334 0.999914229 0.012081088 -2.364487171 -0.349551916 -0.009554903 0.936868310 100.011512756
0.932248592 -0.010109848 0.361677080 5.167652130 0.005962546 0.999903083 0.012581092 -2.374701738 -0.361769259 -0.009572189 0.932218552 100.505546570
0.928126752 -0.010209251 0.372124344 5.394359589 0.006023323 0.999904811 0.012409493 -2.381312370 -0.372215629 -0.009276154 0.928099930 101.012908936
0.922573030 -0.010193491 0.385687619 5.627796173 0.005897409 0.999906719 0.012320200 -2.383287430 -0.385777235 -0.009091726 0.922547102 101.518165588
0.917010844 -0.010684221 0.398719102 5.866558075 0.006222054 0.999902725 0.012483702 -2.389841557 -0.398813725 -0.008966837 0.916988075 102.010787964
0.912172437 -0.011291299 0.409651101 6.115032196 0.006679213 0.999897182 0.012687732 -2.399914980 -0.409752280 -0.008837252 0.912154019 102.505363464
0.905666828 -0.011545792 0.423832804 6.389198303 0.006789523 0.999895871 0.012730363 -2.404383183 -0.423935652 -0.008651845 0.905650914 103.018249512
0.899003208 -0.011762269 0.437784314 6.656311035 0.006941119 0.999896407 0.012611145 -2.409656525 -0.437887400 -0.008298745 0.898991585 103.515617371
0.893281460 -0.012755600 0.449316680 6.929039001 0.007970273 0.999889612 0.012540142 -2.415521860 -0.449427038 -0.007620701 0.893284559 103.993286133
0.887700617 -0.013074038 0.460235506 7.203311920 0.008119375 0.999885857 0.012743416 -2.424099922 -0.460349530 -0.007575513 0.887705386 104.470222473
0.880730629 -0.013617460 0.473421931 7.490062714 0.008724996 0.999883354 0.012529002 -2.428718090 -0.473537445 -0.006904068 0.880746603 104.950897217
0.873887718 -0.013838325 0.485930771 7.775966644 0.008796779 0.999881208 0.012654650 -2.434133053 -0.486048222 -0.006784120 0.873905659 105.418838501
0.867916644 -0.014607616 0.496494949 8.058769226 0.009715449 0.999875426 0.012434364 -2.437606812 -0.496614665 -0.005968323 0.867950618 105.877662659
