1.000000000 0.000000000 0.000000000 0.000000000 0.000000000 1.000000000 0.000000000 0.000000000 0.000000000 0.000000000 1.000000000 0.000000000
1.000000000 0.000086339 0.000018794 -0.001311533 -0.000086338 1.000000000 -0.000063679 0.001389043 -0.000018800 0.000063677 1.000000000 0.003056986
1.000000000 0.000077020 -0.000021584 0.000895440 -0.000077021 1.000000000 -0.000020170 0.000826137 0.000021582 0.000020171 1.000000000 0.003149155
1.000000000 0.000213144 0.000069895 -0.000130667 -0.000213145 1.000000000 0.000013752 0.000537835 -0.000069893 -0.000013766 1.000000000 -0.003063476
1.000000000 0.000065151 -0.000030606 0.003499369 -0.000065154 1.000000000 -0.000085779 0.001919141 0.000030601 0.000085781 1.000000000 -0.001397049
1.000000000 -0.000038919 -0.000021389 0.001263687 0.000038920 1.000000000 0.000037784 0.000412613 0.000021387 -0.000037785 1.000000000 0.000482121
1.000000000 0.000058150 0.000012598 -0.000506648 -0.000058149 1.000000000 -0.000043279 0.001002096 -0.000012601 0.000043278 1.000000000 -0.001655970
1.000000000 0.000062762 0.000034768 0.000115639 -0.000062763 1.000000000 0.000039390 0.000982201 -0.000034765 -0.000039392 1.000000000 -0.000392567
1.000000000 0.000004292 0.000143399 -0.004388591 -0.000004280 1.000000000 -0.000080952 0.002945872 -0.000143400 0.000080952 1.000000000 0.004186080
1.000000000 0.000112290 0.000096341 -0.001551464 -0.000112286 1.000000000 -0.000035823 0.000657360 -0.000096345 0.000035812 1.000000000 -0.001266991
1.000000000 0.000171705 0.000063774 0.000110396 -0.000171706 1.000000000 0.000011366 0.001586946 -0.000063772 -0.000011377 1.000000000 -0.002166459
1.000000000 0.000092012 0.000014662 -0.000076800 -0.000092012 1.000000000 0.000000123 0.000787350 -0.000014662 -0.000000124 1.000000000 -0.006183641
1.000000000 0.000080728 0.000137867 -0.003541596 -0.000080725 1.000000000 -0.000024946 0.001875876 -0.000137869 0.000024935 1.000000000 -0.003540155
1.000000000 -0.000107103 0.000062963 -0.000826918 0.000107102 1.000000000 0.000011169 -0.000207320 -0.000062964 -0.000011162 1.000000000 -0.000335766
1.000000000 0.000061422 0.000049533 0.000044920 -0.000061422 1.000000000 0.000001357 0.000682421 -0.000049533 -0.000001360 1.000000000 -0.002428515
1.000000000 -0.000011082 0.000008907 0.000812879 0.000011082 1.000000000 0.000016143 0.000815553 -0.000008907 -0.000016143 1.000000000 -0.002995744
1.000000000 -0.000023803 0.000032360 -0.001616477 0.000023803 1.000000000 0.000006856 0.000582491 -0.000032360 -0.000006856 1.000000000 -0.002800670
1.000000000 0.000072586 0.000091549 -0.000961340 -0.000072588 1.000000000 0.000021467 -0.000140402 -0.000091547 -0.000021474 1.000000000 -0.004101281
1.000000000 0.000077921 0.000029669 0.000273676 -0.000077921 1.000000000 0.000011868 0.001352462 -0.000029668 -0.000011870 1.000000000 -0.005143826
1.000000000 -0.000070802 -0.000007840 -0.000838690 0.000070802 1.000000000 0.000030422 -0.000048767 0.000007838 -0.000030422 1.000000000 -0.005699468
1.000000000 0.000057067 0.000057824 -0.000634565 -0.000057070 1.000000000 0.000040155 -0.000443651 -0.000057822 -0.000040159 1.000000000 -0.007121134
1.000000000 -0.000045975 0.000016229 -0.000063928 0.000045974 1.000000000 0.000022518 -0.001119701 -0.000016230 -0.000022518 1.000000000 -0.004569370
1.000000000 0.000096631 0.000150495 -0.004946404 -0.000096611 1.000000000 -0.000131658 0.002542738 -0.000150508 0.000131643 1.000000000 0.002320059
1.000000000 -0.000038706 -0.000013536 0.001012166 0.000038705 1.000000000 -0.000036149 0.000156887 0.000013537 0.000036149 1.000000000 -0.002243062
1.000000000 -0.000095431 0.000030731 -0.001649786 0.000095430 1.000000000 0.000027714 0.000965122 -0.000030733 -0.000027711 1.000000000 0.000145622
1.000000000 -0.000005092 -0.000019140 0.001112316 0.000005092 1.000000000 -0.000020907 0.000959850 0.000019140 0.000020907 1.000000000 -0.005137044
1.000000000 -0.000117208 0.000033745 -0.001704012 0.000117209 1.000000000 -0.000029589 0.002422095 -0.000033742 0.000029593 1.000000000 -0.001501348
1.000000000 0.000087199 0.000054923 -0.000565078 -0.000087196 1.000000000 -0.000039064 0.000620462 -0.000054926 0.000039059 1.000000000 -0.005376784
1.000000000 -0.000096463 0.000046576 -0.001931558 0.000096460 1.000000000 0.000071378 -0.000092766 -0.000046583 -0.000071373 1.000000000 -0.002159819
1.000000000 -0.000051787 0.000071553 -0.004394655 0.000051793 1.000000000 -0.000081293 0.004029922 -0.000071549 0.000081297 1.000000000 0.001601044
1.000000000 -0.000063773 0.000040269 -0.001496419 0.000063774 1.000000000 -0.000027896 0.000966148 -0.000040267 0.000027899 1.000000000 0.000018781
1.000000000 0.000015862 0.000089311 -0.002609667 -0.000015867 1.000000000 0.000051115 0.000211436 -0.000089310 -0.000051116 1.000000000 0.000353732
1.000000000 -0.000162579 0.000046223 -0.003227723 0.000162578 1.000000000 0.000012388 0.001057892 -0.000046225 -0.000012380 1.000000000 -0.001063976
1.000000000 -0.000027362 0.000032237 -0.000694494 0.000027360 1.000000000 0.000051249 -0.000814490 -0.000032239 -0.000051248 1.000000000 -0.003499634
0.999999940 0.000245139 0.000133355 -0.003032401 -0.000245136 0.999999940 -0.000027757 0.000774477 -0.000133362 0.000027724 1.000000000 -0.000657789
1.000000000 0.000024566 0.000049800 -0.001117471 -0.000024568 1.000000000 0.000035382 0.000468441 -0.000049799 -0.000035383 1.000000000 -0.001225526
1.000000000 0.000001363 -0.000029491 0.000200453 -0.000001360 1.000000000 0.000099469 -0.000080964 0.000029492 -0.000099469 1.000000000 -0.007431642
1.000000000 -0.000014836 0.000001589 -0.000449769 0.000014836 1.000000000 -0.000081958 0.001119758 -0.000001588 0.000081958 1.000000000 -0.003127934
1.000000000 -0.000043999 0.000000160 0.000722558 0.000043999 1.000000000 0.000065430 -0.000455400 -0.000000163 -0.000065430 1.000000000 -0.004203747
1.000000000 -0.000025440 -0.000016396 0.000300026 0.000025441 1.000000000 0.000039988 0.000872926 0.000016395 -0.000039989 1.000000000 -0.003532452
1.000000000 -0.000235324 -0.000023567 0.001192969 0.000235326 1.000000000 0.000062231 -0.000784510 0.000023552 -0.000062236 1.000000000 -0.001857247
1.000000000 -0.000072155 0.000050769 0.002504012 0.000072178 0.999999881 -0.000452525 -0.005413425 -0.000050737 0.000452529 0.999999881 0.049010020
1.000000000 -0.000021570 0.000069794 0.004031783 0.000021654 0.999999285 -0.001211425 -0.003306296 -0.000069768 0.001211427 0.999999285 0.144613817
1.000000000 -0.000060500 0.000005225 0.006006807 0.000060507 0.999998987 -0.001403531 -0.011301950 -0.000005140 0.001403532 0.999998987 0.258080721
1.000000000 -0.000063946 0.000124816 0.004814582 0.000064115 0.999999106 -0.001354107 -0.015640123 -0.000124729 0.001354115 0.999999046 0.386411220
1.000000000 0.000037117 -0.000025518 0.007603141 -0.000037142 0.999999523 -0.001002142 -0.023072034 0.000025480 0.001002143 0.999999523 0.531302571
1.000000000 0.000112433 0.000085546 0.007175192 -0.000112363 0.999999642 -0.000815939 -0.032328892 -0.000085638 0.000815929 0.999999642 0.681922078
1.000000000 -0.000117215 -0.000013981 0.014339699 0.000117207 0.999999821 -0.000619159 -0.034217030 0.000014054 0.000619158 0.999999821 0.855515420
1.000000000 -0.000019020 -0.000107720 0.022934576 0.000018958 0.999999821 -0.000574832 -0.035840835 0.000107731 0.000574830 0.999999821 1.025719404
0.999999940 0.000226364 0.000216698 0.012441406 -0.000226248 0.999999821 -0.000531746 -0.041638680 -0.000216818 0.000531697 0.999999821 1.200060487
1.000000000 -0.000092542 -0.000112614 0.035417337 0.000092512 0.999999940 -0.000262483 -0.052124869 0.000112639 0.000262473 0.999999940 1.410496473
0.999999762 0.000585024 0.000215094 0.027616587 -0.000585073 0.999999762 0.000225540 -0.066750713 -0.000214962 -0.000225666 0.999999940 1.602695107
0.999999821 0.000256657 0.000437897 0.032892950 -0.000256845 0.999999821 0.000428610 -0.068154477 -0.000437787 -0.000428722 0.999999821 1.797187567
0.999999762 0.000444454 0.000354171 0.029910726 -0.000444644 0.999999702 0.000536654 -0.081043027 -0.000353933 -0.000536812 0.999999821 2.003146172
0.999999762 0.000550993 0.000361129 0.035482768 -0.000551116 0.999999762 0.000339180 -0.083386317 -0.000360942 -0.000339379 0.999999940 2.228186607
0.999999762 0.000587787 0.000411339 0.043893170 -0.000587950 0.999999762 0.000397754 -0.088419400 -0.000411105 -0.000397996 0.999999821 2.436878681
0.999999762 0.000645621 0.000262829 0.052608669 -0.000645767 0.999999642 0.000556455 -0.097505406 -0.000262469 -0.000556624 0.999999821 2.660851955
0.999999762 0.000543461 0.000198209 0.056997713 -0.000543579 0.999999642 0.000593778 -0.106083266 -0.000197886 -0.000593885 0.999999821 2.900079489
0.999999881 0.000399854 0.000340227 0.064171374 -0.000400126 0.999999583 0.000801976 -0.112419844 -0.000339906 -0.000802112 0.999999642 3.137804270
0.999999940 0.000170105 0.000162363 0.064674638 -0.000170229 0.999999702 0.000764431 -0.119263604 -0.000162233 -0.000764458 0.999999702 3.371038198
0.999999940 0.000141060 0.000043044 0.077400886 -0.000141095 0.999999702 0.000801324 -0.125807777 -0.000042931 -0.000801330 0.999999702 3.609191656
1.000000000 0.000089253 -0.000201125 0.082134262 -0.000089076 0.999999583 0.000882109 -0.134480596 0.000201204 -0.000882091 0.999999583 3.883651257
0.999999821 0.000416906 0.000436875 0.071647085 -0.000417339 0.999999404 0.000992393 -0.145290300 -0.000436461 -0.000992575 0.999999404 4.136760712
0.999999464 0.000806957 0.000651107 0.075936109 -0.000807767 0.999998868 0.001244670 -0.154301599 -0.000650102 -0.001245196 0.999998987 4.388901711
0.999999881 0.000278050 0.000400228 0.085360959 -0.000278569 0.999999046 0.001296506 -0.162479997 -0.000399867 -0.001296617 0.999999046 4.654411793
0.999999762 0.000385154 0.000664005 0.091838501 -0.000385992 0.999999106 0.001262888 -0.168048903 -0.000663518 -0.001263144 0.999998987 4.916247368
0.999999344 0.000748495 0.000792632 0.096048705 -0.000749399 0.999999046 0.001140829 -0.176101074 -0.000791778 -0.001141422 0.999999046 5.183953285
0.999999583 0.000546147 0.000694253 0.090907827 -0.000547153 0.999998748 0.001450903 -0.191788405 -0.000693459 -0.001451282 0.999998689 5.436486721
0.999999702 0.000219836 0.000661666 0.092942551 -0.000220890 0.999998748 0.001593326 -0.202699885 -0.000661315 -0.001593472 0.999998510 5.692452908
0.999999881 0.000215384 0.000433449 0.110240445 -0.000216089 0.999998629 0.001626347 -0.208205074 -0.000433098 -0.001626440 0.999998569 5.970046043
0.999999940 0.000017865 0.000424934 0.114987887 -0.000018604 0.999998510 0.001739273 -0.221793070 -0.000424902 -0.001739281 0.999998391 6.231611729
0.999999523 0.000522809 0.000852938 0.116452716 -0.000524346 0.999998271 0.001803456 -0.227297783 -0.000851993 -0.001803903 0.999997973 6.527273655
0.999998987 0.001031331 0.000950680 0.126362771 -0.001032888 0.999998152 0.001638892 -0.236083493 -0.000948988 -0.001639872 0.999998212 6.813697338
0.999999881 0.000018070 0.000450630 0.133905500 -0.000018877 0.999998391 0.001791709 -0.249060795 -0.000450597 -0.001791718 0.999998271 7.119677067
0.999999762 -0.000532972 -0.000224705 0.152494773 0.000533440 0.999997675 0.002088821 -0.263177067 0.000223591 -0.002088940 0.999997795 7.405419350
0.999999762 -0.000749444 -0.000146057 0.161232352 0.000749789 0.999996901 0.002376874 -0.277445734 0.000144275 -0.002376983 0.999997199 7.706088543
0.999999881 -0.000419249 0.000187816 0.158614591 0.000418824 0.999997318 0.002257505 -0.283693939 -0.000188762 -0.002257426 0.999997437 8.051452637
0.999999881 -0.000379543 0.000141855 0.172020778 0.000379203 0.999997020 0.002392438 -0.295391202 -0.000142763 -0.002392384 0.999997139 8.359736443
0.999999940 -0.000247339 0.000213003 0.178994521 0.000246812 0.999996901 0.002467142 -0.303985029 -0.000213612 -0.002467089 0.999996960 8.683632851
0.999999881 -0.000448015 0.000306027 0.179197639 0.000447241 0.999996722 0.002526255 -0.310870260 -0.000307158 -0.002526117 0.999996722 9.023532867
0.999999762 -0.000429033 0.000537298 0.178399399 0.000427594 0.999996305 0.002674135 -0.327224433 -0.000538444 -0.002673905 0.999996305 9.371858597
0.999999642 -0.000860789 0.000103992 0.194304556 0.000860504 0.999995947 0.002703341 -0.335347086 -0.000106319 -0.002703251 0.999996424 9.705379486
0.999999583 -0.000711951 0.000584516 0.194460377 0.000710333 0.999995887 0.002762842 -0.346614093 -0.000586480 -0.002762426 0.999996006 10.046259880
0.999999642 -0.000699952 0.000493761 0.204781413 0.000698654 0.999996305 0.002624116 -0.354786456 -0.000495596 -0.002623770 0.999996424 10.407979012
0.999999702 -0.000287812 0.000681331 0.214076102 0.000286007 0.999996424 0.002647522 -0.366471469 -0.000682091 -0.002647327 0.999996245 10.767098427
0.999999642 -0.000797851 0.000338562 0.225285098 0.000796904 0.999995828 0.002787622 -0.374559134 -0.000340784 -0.002787352 0.999996066 11.157001495
0.999999642 -0.000719376 0.000417462 0.234581873 0.000718113 0.999995172 0.003020340 -0.399636030 -0.000419633 -0.003020039 0.999995351 11.509185791
0.999999642 -0.000769486 0.000264973 0.241614804 0.000768711 0.999995410 0.002915410 -0.404789388 -0.000267215 -0.002915205 0.999995649 11.896920204
0.999999762 -0.000272912 0.000481053 0.254103482 0.000271363 0.999994755 0.003217452 -0.423153102 -0.000481929 -0.003217321 0.999994695 12.259995461
0.999999285 -0.000837291 0.000860927 0.245840058 0.000834290 0.999993622 0.003480750 -0.445906699 -0.000863835 -0.003480029 0.999993563 12.631119728
0.999999583 -0.000314993 0.000784060 0.257349849 0.000312534 0.999995053 0.003135497 -0.449182928 -0.000785044 -0.003135250 0.999994814 13.043877602
0.999999523 -0.000864712 0.000482398 0.276899695 0.000863060 0.999993861 0.003413971 -0.466534674 -0.000485347 -0.003413553 0.999993980 13.441377640
0.999999106 -0.000456870 0.001252730 0.271710515 0.000452107 0.999992669 0.003799451 -0.482728124 -0.001254457 -0.003798882 0.999992013 13.843083382
0.999999166 -0.000350784 0.001225738 0.282138824 0.000346268 0.999993145 0.003682491 -0.492585361 -0.001227021 -0.003682064 0.999992490 14.263998985
0.999999106 -0.000717319 0.001093655 0.296720147 0.000712834 0.999991357 0.004095519 -0.515827060 -0.001096583 -0.004094736 0.999991000 14.660595894
0.999999166 -0.000444753 0.001180815 0.307278037 0.000439887 0.999991417 0.004118489 -0.530488431 -0.001182636 -0.004117966 0.999990821 15.063446045
0.999998450 -0.000292877 0.001746550 0.312330872 0.000285492 0.999991059 0.004227119 -0.540247321 -0.001747772 -0.004226614 0.999989510 15.493500710
0.999997675 -0.000761471 0.002088449 0.325809002 0.000752405 0.999990284 0.004338596 -0.561802328 -0.002091733 -0.004337014 0.999988437 15.935378075
0.999997735 -0.001199412 0.001805968 0.343595743 0.001191782 0.999990344 0.004220032 -0.572946787 -0.001811012 -0.004217869 0.999989510 16.376073837
0.999997020 -0.000758746 0.002337271 0.350496083 0.000748298 0.999989748 0.004467685 -0.586620986 -0.002340638 -0.004465922 0.999987304 16.803497314
0.999995232 -0.000862791 0.002954980 0.363515615 0.000849924 0.999990165 0.004352956 -0.602263093 -0.002958706 -0.004350424 0.999986172 17.264293671
0.999995708 -0.000968756 0.002760526 0.373722970 0.000956607 0.999989867 0.004398871 -0.610219717 -0.002764759 -0.004396211 0.999986529 17.726486206
0.999994397 -0.001785282 0.002840121 0.392938793 0.001773126 0.999989331 0.004276831 -0.628937542 -0.002847726 -0.004271771 0.999986827 18.196289062
0.999993384 -0.001105717 0.003465586 0.398884356 0.001089674 0.999988675 0.004627816 -0.637699664 -0.003470663 -0.004624010 0.999983311 18.663484573
0.999992669 -0.000395496 0.003799113 0.405507147 0.000375596 0.999986231 0.005237304 -0.669738770 -0.003801132 -0.005235838 0.999979079 19.099748611
0.999993503 -0.001606743 0.003222328 0.426680267 0.001589786 0.999984920 0.005258170 -0.680821717 -0.003230728 -0.005253014 0.999980986 19.580383301
0.999992490 -0.000361809 0.003854599 0.442948550 0.000340573 0.999984801 0.005508530 -0.696957171 -0.003856533 -0.005507176 0.999977410 20.033794403
0.999993742 -0.000500415 0.003509181 0.438297898 0.000479414 0.999981940 0.005982844 -0.724947035 -0.003512112 -0.005981124 0.999975920 20.539379120
0.999993801 -0.000670208 0.003470061 0.450777292 0.000649158 0.999981403 0.006063782 -0.736762404 -0.003474060 -0.006061492 0.999975562 21.032577515
0.999995649 -0.000766357 0.002840503 0.443171382 0.000749050 0.999981105 0.006089177 -0.752342582 -0.002845116 -0.006087023 0.999977469 21.567813873
0.999996424 -0.000831894 0.002513223 0.464585572 0.000815840 0.999979317 0.006381900 -0.768031180 -0.002518479 -0.006379827 0.999976456 22.008163452
0.999995828 -0.001058070 0.002673673 0.473216563 0.001041305 0.999979854 0.006264015 -0.774051785 -0.002680246 -0.006261205 0.999976814 22.550313950
0.999997437 -0.001073413 0.001984597 0.480072737 0.001060293 0.999977708 0.006600291 -0.787278950 -0.001991637 -0.006598170 0.999976277 23.044334412
0.999998331 -0.001432355 0.001134963 0.483873129 0.001425643 0.999981642 0.005892948 -0.792860985 -0.001143383 -0.005891321 0.999981999 23.536254883
0.999995470 -0.002998933 0.000241241 0.498175502 0.002997537 0.999979854 0.005592233 -0.805715621 -0.000258007 -0.005591484 0.999984324 24.043605804
0.999997854 -0.002031808 -0.000194550 0.504403234 0.002032899 0.999981165 0.005781918 -0.817513585 0.000182799 -0.005782302 0.999983251 24.548030853
0.999997675 -0.001951350 -0.000910756 0.518937469 0.001956787 0.999980032 0.006008178 -0.827095747 0.000899013 -0.006009945 0.999981523 25.077342987
0.999998152 -0.001463789 -0.001267499 0.520457089 0.001471673 0.999979377 0.006241825 -0.840814233 0.001258337 -0.006243678 0.999979734 25.601734161
0.999998152 -0.001006209 -0.001637864 0.530243039 0.001016334 0.999980330 0.006192582 -0.860100806 0.001631601 -0.006194235 0.999979496 26.128410339
0.999996901 -0.001728753 -0.001794416 0.538504839 0.001740974 0.999975145 0.006831110 -0.868978381 0.001782562 -0.006834214 0.999975085 26.668256760
0.999994814 -0.001944451 -0.002569240 0.553237259 0.001961597 0.999975801 0.006688087 -0.879258037 0.002556173 -0.006693094 0.999974310 27.199024200
0.999993742 -0.001910350 -0.002994284 0.569519937 0.001930104 0.999976277 0.006608216 -0.896200418 0.002981588 -0.006613953 0.999973655 27.740816116
0.999991596 -0.002082952 -0.003525865 0.579575837 0.002108017 0.999972403 0.007120156 -0.914787591 0.003510936 -0.007127528 0.999968410 28.265155792
0.999987721 -0.002601682 -0.004198796 0.593358397 0.002630941 0.999972224 0.006977947 -0.930495977 0.004180524 -0.006988909 0.999966800 28.806392670
0.999991000 -0.001882900 -0.003796391 0.582672536 0.001910503 0.999971688 0.007280413 -0.940888107 0.003782576 -0.007287601 0.999966264 29.339580536
0.999989867 -0.001798156 -0.004113198 0.590281188 0.001828392 0.999971271 0.007358979 -0.951732635 0.004099846 -0.007366426 0.999964476 29.870769501
0.999988079 -0.002032683 -0.004439690 0.601769924 0.002064306 0.999972463 0.007129902 -0.966164708 0.004425075 -0.007138982 0.999964654 30.408081055
0.999987483 -0.001661864 -0.004708597 0.610437751 0.001698548 0.999968171 0.007797636 -0.986089051 0.004695488 -0.007805538 0.999958456 30.942085266
0.999985039 -0.001677099 -0.005206120 0.621719301 0.001717936 0.999967694 0.007849386 -0.998469174 0.005192788 -0.007858213 0.999955654 31.495061874
0.999988317 -0.001327168 -0.004642515 0.628345370 0.001362398 0.999970257 0.007593689 -1.017996669 0.004632299 -0.007599925 0.999960363 31.988866806
0.999980092 -0.001818787 -0.006034523 0.649519682 0.001862107 0.999972522 0.007180942 -1.015226960 0.006021297 -0.007192037 0.999955952 32.596145630
0.999983966 -0.001175027 -0.005528263 0.615782380 0.001216903 0.999970555 0.007577589 -1.042517781 0.005519196 -0.007584196 0.999955952 33.027877808
0.999985874 -0.000940302 -0.005221587 0.636908233 0.000981917 0.999967694 0.007972869 -1.061056614 0.005213921 -0.007977883 0.999954581 33.575611115
0.999986172 0.000091895 -0.005248424 0.638202071 -0.000051567 0.999970496 0.007683402 -1.065623522 0.005248975 -0.007683026 0.999956667 34.120033264
0.999987602 0.000255862 -0.004967261 0.625300050 -0.000216523 0.999968648 0.007918748 -1.081431627 0.004969131 -0.007917576 0.999956310 34.646697998
0.999984384 -0.000810793 -0.005524927 0.654136479 0.000855307 0.999967158 0.008059347 -1.097346663 0.005518212 -0.008063947 0.999952257 35.175765991
0.999985635 -0.000303993 -0.005346315 0.645197868 0.000347732 0.999966502 0.008182247 -1.119691491 0.005343648 -0.008183990 0.999952197 35.757415771
0.999987006 -0.000412034 -0.005070827 0.648842454 0.000453957 0.999965787 0.008269131 -1.127085447 0.005067246 -0.008271326 0.999952972 36.247055054
0.999988437 -0.000317525 -0.004795738 0.628890812 0.000358061 0.999964237 0.008454015 -1.136953592 0.004792881 -0.008455633 0.999952734 36.746730804
0.999986351 -0.000041424 -0.005210195 0.659438372 0.000085990 0.999963403 0.008553801 -1.157338023 0.005209649 -0.008554134 0.999949813 37.312191010
0.999983609 -0.000582877 -0.005690908 0.677630305 0.000632685 0.999961495 0.008754285 -1.158234596 0.005685586 -0.008757742 0.999945521 37.817390442
0.999978006 -0.001458895 -0.006461410 0.681452811 0.001515988 0.999959767 0.008839936 -1.189615965 0.006448254 -0.008849538 0.999940038 38.416271210
0.999981999 -0.000156779 -0.006002838 0.724579692 0.000208663 0.999962628 0.008643536 -1.224834681 0.006001258 -0.008644633 0.999944627 38.777236938
0.999981582 -0.001197778 -0.005953088 0.725743115 0.001254428 0.999953806 0.009521471 -1.242994666 0.005941408 -0.009528764 0.999936938 39.268085480
0.999976337 -0.001852712 -0.006637909 0.748606145 0.001923864 0.999940574 0.010728730 -1.277835369 0.006617637 -0.010741244 0.999920428 39.815189362
0.999979258 -0.000328040 -0.006441937 0.768039227 0.000389286 0.999954700 0.009508357 -1.273645043 0.006438525 -0.009510667 0.999934018 40.462261200
0.999980748 0.000337051 -0.006183329 0.764622450 -0.000282317 0.999960721 0.008850606 -1.278080344 0.006186068 -0.008848689 0.999941707 40.854679108
0.999980390 0.000190841 -0.006258516 0.772732735 -0.000136052 0.999961674 0.008753660 -1.286807299 0.006259948 -0.008752637 0.999942124 41.405872345
0.999980032 0.000599676 -0.006294466 0.788182974 -0.000543131 0.999959528 0.008981216 -1.301966548 0.006299599 -0.008977619 0.999939859 41.905033112
0.999978960 0.000208399 -0.006479789 0.794983387 -0.000148035 0.999956608 0.009314924 -1.317588687 0.006481449 -0.009313768 0.999935567 42.436428070
0.999979615 0.000472743 -0.006366775 0.799639225 -0.000414538 0.999958158 0.009140212 -1.328661919 0.006370829 -0.009137386 0.999937892 42.966701508
0.999980986 0.000361012 -0.006156087 0.803571343 -0.000302796 0.999955237 0.009454967 -1.344913960 0.006159226 -0.009452925 0.999936342 43.487068176
0.999980628 0.000522271 -0.006204066 0.813722491 -0.000466083 0.999958873 0.009054642 -1.349102020 0.006208540 -0.009051575 0.999939680 44.026290894
0.999981463 0.000749691 -0.006046025 0.815320015 -0.000694446 0.999958038 0.009134278 -1.366028070 0.006052617 -0.009129909 0.999939978 44.548542023
0.999979258 0.000232187 -0.006447376 0.822462976 -0.000173010 0.999957860 0.009177413 -1.373265624 0.006449235 -0.009176107 0.999937057 45.079788208
0.999981523 0.000573837 -0.006049314 0.822994232 -0.000520329 0.999960780 0.008843116 -1.385941744 0.006054151 -0.008839806 0.999942601 45.588710785
0.999982655 0.001395613 -0.005734363 0.842227221 -0.001343362 0.999957561 0.009105808 -1.398140073 0.005746829 -0.009097946 0.999942064 46.167320251
0.999979496 0.001066549 -0.006299117 0.847476721 -0.001012428 0.999962628 0.008588785 -1.398772001 0.006308041 -0.008582233 0.999943256 46.687515259
0.999979913 0.001294231 -0.006196475 0.852590680 -0.001239452 0.999960244 0.008836021 -1.422471166 0.006207664 -0.008828164 0.999941766 47.243961334
0.999982297 0.001187349 -0.005833879 0.842854559 -0.001135155 0.999959350 0.008941798 -1.442602754 0.005844261 -0.008935018 0.999943018 47.655895233
0.999978304 0.000390777 -0.006568223 0.901445389 -0.000338411 0.999968231 0.007971822 -1.422582269 0.006571130 -0.007969430 0.999946713 48.308773041
0.999980628 0.000403017 -0.006207081 0.866309404 -0.000348104 0.999960780 0.008845380 -1.466586828 0.006210403 -0.008843047 0.999941587 48.681106567
0.999978960 0.000593557 -0.006456525 0.871483803 -0.000534913 0.999958694 0.009080715 -1.471958756 0.006461646 -0.009077070 0.999937892 49.229461670
0.999980152 0.000099062 -0.006301977 0.874423563 -0.000040582 0.999956965 0.009279136 -1.497564554 0.006302624 -0.009278695 0.999937117 49.716960907
0.999979734 0.000597676 -0.006333859 0.884175599 -0.000538493 0.999956369 0.009341501 -1.506980896 0.006339165 -0.009337902 0.999936283 50.245197296
0.999979019 0.000292144 -0.006467557 0.889059544 -0.000233611 0.999959171 0.009049159 -1.513639569 0.006469936 -0.009047459 0.999938130 50.794857025
0.999977708 0.000728561 -0.006633691 0.902781844 -0.000667053 0.999956846 0.009269627 -1.526096940 0.006640159 -0.009264995 0.999934971 51.273189545
0.999980569 0.001077592 -0.006142314 0.909775198 -0.001020347 0.999956071 0.009315418 -1.537567258 0.006152083 -0.009308970 0.999937773 51.746574402
0.999978900 0.000695826 -0.006465576 0.921810508 -0.000635028 0.999955654 0.009400731 -1.543852568 0.006471832 -0.009396426 0.999934912 52.331611633
0.999978065 0.000429896 -0.006618244 0.926104307 -0.000367990 0.999956191 0.009352235 -1.562208176 0.006621975 -0.009349595 0.999934375 52.810874939
0.999979854 0.000797438 -0.006293618 0.905697703 -0.000739467 0.999957323 0.009208121 -1.565679312 0.006300692 -0.009203282 0.999937773 53.341449738
0.999983370 0.000655585 -0.005727857 0.916753650 -0.000600244 0.999953151 0.009658171 -1.585508943 0.005733921 -0.009654572 0.999936938 53.734737396
0.999982893 0.001834131 -0.005563475 0.931710839 -0.001784783 0.999959111 0.008861999 -1.571012378 0.005579502 -0.008851918 0.999945283 54.483963013
0.999980867 0.001019920 -0.006106745 0.941039801 -0.000962158 0.999954760 0.009454085 -1.599931002 0.006116113 -0.009448029 0.999936700 54.849105835
0.999981999 0.001137855 -0.005897508 0.951553702 -0.001083270 0.999956548 0.009250449 -1.602529049 0.005907779 -0.009243894 0.999939859 55.327766418
0.999982834 0.001290001 -0.005719579 0.963418663 -0.001235052 0.999953151 0.009600370 -1.623939037 0.005731694 -0.009593141 0.999937534 55.845287323
0.999981880 0.002097708 -0.005646303 0.951147556 -0.002037614 0.999941409 0.010628023 -1.657826066 0.005668268 -0.010616324 0.999927640 56.349361420
0.999984145 0.000258447 -0.005625092 0.969991982 -0.000198538 0.999943316 0.010648160 -1.666080952 0.005627524 -0.010646876 0.999927402 56.734153748
0.999983430 0.000032569 -0.005753975 0.976470351 0.000028021 0.999944568 0.010529786 -1.674446225 0.005753999 -0.010529771 0.999927998 57.267593384
0.999983191 -0.000033953 -0.005789433 0.987657547 0.000093635 0.999946833 0.010308892 -1.680247545 0.005788774 -0.010309261 0.999930084 57.808582306
0.999983191 0.000010204 -0.005801393 0.996941447 0.000051477 0.999943435 0.010631890 -1.696660876 0.005801174 -0.010632009 0.999926627 58.351520538
0.999982059 -0.000535478 -0.005967008 0.998692095 0.000600213 0.999940872 0.010852247 -1.706872463 0.005960843 -0.010855633 0.999923289 58.840496063
0.999984920 -0.000229892 -0.005491859 1.015542030 0.000288755 0.999942541 0.010719731 -1.720316768 0.005489078 -0.010721155 0.999927461 59.442558289
0.999982417 -0.000392541 -0.005919305 1.030616760 0.000454230 0.999945462 0.010423834 -1.729903698 0.005914890 -0.010426339 0.999928176 59.922702789
0.999980569 -0.000945195 -0.006156341 1.050232410 0.001008519 0.999946475 0.010290995 -1.741188765 0.006146283 -0.010297006 0.999928057 60.450092316
0.999985874 0.000467934 -0.005299769 1.037699223 -0.000411824 0.999943912 0.010583225 -1.746467352 0.005304423 -0.010580893 0.999929965 60.978317261
0.999981701 -0.000068612 -0.006034016 1.073871136 0.000132053 0.999944746 0.010514219 -1.748036623 0.006032960 -0.010514825 0.999926507 61.385513306
0.999978542 -0.000867914 -0.006493178 1.052246809 0.000935793 0.999944925 0.010458076 -1.775701404 0.006483743 -0.010463928 0.999924242 61.952056885
0.999972165 -0.001492425 -0.007309380 1.092210293 0.001568693 0.999944270 0.010439775 -1.805312514 0.007293392 -0.010450949 0.999918818 62.511470795
0.999979377 -0.001052481 -0.006339774 1.074351072 0.001119745 0.999942958 0.010615629 -1.802081823 0.006328240 -0.010622508 0.999923587 62.985523224
0.999977708 0.000822853 -0.006622893 1.268888950 -0.000750429 0.999939919 0.010930523 -1.785702229 0.006631489 -0.010925309 0.999918342 63.369892120
0.999979138 0.001884399 -0.006183716 1.230471849 -0.001815918 0.999937177 0.011061359 -1.778515816 0.006204170 -0.011049899 0.999919713 64.019401550
0.999985158 -0.001207737 -0.005311126 1.099456310 0.001266921 0.999936938 0.011154103 -1.843183279 0.005297319 -0.011160666 0.999923646 64.230102539
0.999983490 -0.001148658 -0.005621507 1.110969782 0.001206211 0.999946773 0.010245378 -1.846871376 0.005609438 -0.010251991 0.999931693 64.777961731
0.999982357 -0.000809142 -0.005879871 1.141607046 0.000868224 0.999949157 0.010052618 -1.873012304 0.005871437 -0.010057546 0.999932110 65.278305054
0.999983370 0.000403880 -0.005750209 1.175207973 -0.000345532 0.999948442 0.010144671 -1.882916927 0.005754011 -0.010142516 0.999932051 65.763351440
0.999984562 -0.000361080 -0.005535552 1.120796680 0.000421259 0.999940753 0.010873966 -1.883162260 0.005531297 -0.010876130 0.999925494 66.338829041
0.999982357 0.000832727 -0.005885723 1.236004949 -0.000767491 0.999938250 0.011077400 -1.851285100 0.005894584 -0.011072686 0.999921262 67.150932312
0.999986887 -0.000613335 -0.005085918 1.131960630 0.000671351 0.999934554 0.011413165 -1.934621930 0.005078587 -0.011416430 0.999921918 67.226547241
0.999985695 -0.000810305 -0.005289476 1.142545223 0.000870473 0.999934793 0.011382649 -1.950714827 0.005279907 -0.011387090 0.999921143 67.771118164
0.999985993 -0.001113547 -0.005175545 1.136732817 0.001171328 0.999936819 0.011174528 -1.961621284 0.005162775 -0.011180434 0.999924123 68.319549561
0.999982297 -0.001475420 -0.005767330 1.213755965 0.001542727 0.999930561 0.011683295 -1.968443871 0.005749690 -0.011691984 0.999915123 68.631652832
0.999977410 -0.002329396 -0.006299580 1.193104863 0.002399245 0.999935508 0.011103051 -1.965197086 0.006273311 -0.011117915 0.999918461 69.409217834
0.999982834 -0.001332621 -0.005704312 1.243004084 0.001400603 0.999927938 0.011930187 -1.999438524 0.005688001 -0.011937970 0.999912620 69.686592102
0.999981761 -0.001843256 -0.005752252 1.217824697 0.001911680 0.999927223 0.011912305 -2.027296066 0.005729876 -0.011923082 0.999912500 70.185249329
0.999981880 -0.001491638 -0.005844135 1.269763947 0.001559769 0.999930680 0.011670754 -2.007880211 0.005826322 -0.011679657 0.999914825 70.750892639
0.999981880 -0.001873060 -0.005725513 1.253357887 0.001942589 0.999924123 0.012162441 -2.070591450 0.005702298 -0.012173342 0.999909639 71.266288757
0.999985039 -0.001468558 -0.005281455 1.258983254 0.001532770 0.999924719 0.012174664 -2.082578659 0.005263178 -0.012182577 0.999911904 71.822135925
0.999990642 -0.000611743 -0.004277818 1.151249528 0.000663392 0.999926746 0.012082660 -2.136643410 0.004270112 -0.012085385 0.999917805 72.555900574
0.999977410 -0.002787929 -0.006118488 1.296631575 0.002859745 0.999926746 0.011760438 -2.097933769 0.006085255 -0.011777669 0.999912083 72.930801392
0.999991834 0.000827785 -0.003963721 1.220934510 -0.000777397 0.999919116 0.012697103 -2.198342085 0.003973910 -0.012693919 0.999911547 73.524772644
0.999984026 -0.001381474 -0.005472591 1.307731390 0.001449038 0.999922693 0.012361309 -2.137531757 0.005455090 -0.012369043 0.999908566 73.826034546
0.999982476 -0.001652172 -0.005686162 1.322078109 0.001720662 0.999925792 0.012061277 -2.147873878 0.005665814 -0.012070852 0.999911070 74.361648560
0.999982655 -0.001403564 -0.005724365 1.348639131 0.001475568 0.999919534 0.012593644 -2.160550833 0.005706229 -0.012601873 0.999904335 74.841537476
0.999985337 -0.000935276 -0.005327982 1.359853268 0.001001080 0.999923050 0.012361329 -2.175030708 0.005316011 -0.012366483 0.999909401 75.393104553
0.999981821 -0.001592917 -0.005808375 1.394809961 0.001665640 0.999920011 0.012537055 -2.189366341 0.005787939 -0.012546502 0.999904513 75.885406494
0.999983609 -0.000818808 -0.005665001 1.403689384 0.000887714 0.999925494 0.012171444 -2.198494434 0.005654611 -0.012176275 0.999909818 76.416961670
0.999985039 -0.000877296 -0.005383239 1.415021300 0.000942557 0.999925971 0.012132593 -2.208097219 0.005372196 -0.012137487 0.999911904 76.951057434
0.999992549 -0.000514714 -0.003805575 1.426224470 0.000560835 0.999926209 0.012128137 -2.216405392 0.003799053 -0.012130181 0.999919236 77.473136902
0.999996483 -0.000323436 -0.002628563 1.442400694 0.000354908 0.999928117 0.011981635 -2.231003523 0.002624498 -0.011982524 0.999924719 77.993965149
0.999999225 -0.000379360 -0.001194695 1.449195266 0.000393495 0.999929786 0.011853531 -2.239073515 0.001190114 -0.011853994 0.999929011 78.515876770
0.999999344 -0.001098695 -0.000389519 1.457365870 0.001103325 0.999926269 0.012094473 -2.246787071 0.000376202 -0.012094892 0.999926805 79.051147461
0.999993563 0.000074873 0.003581782 1.464276314 -0.000119335 0.999922931 0.012414750 -2.267420292 -0.003580576 -0.012415095 0.999916553 79.588905334
0.999975026 0.000774000 0.007028447 1.483044863 -0.000863467 0.999918640 0.012735103 -2.278295517 -0.007018017 -0.012740851 0.999894202 80.129570007
0.999953985 0.000134415 0.009588071 1.514997482 -0.000243906 0.999934793 0.011419197 -2.279076099 -0.009585910 -0.011421010 0.999888778 80.586502075
0.999927700 -0.001610991 0.011913382 1.558135271 0.001451903 0.999909878 0.013350371 -2.309800148 -0.011933818 -0.013332109 0.999839902 80.904594421
0.999818206 -0.001236186 0.019027203 1.566156745 0.001011949 0.999929965 0.011790147 -2.270486355 -0.019040443 -0.011768749 0.999749541 81.761177063
0.999690413 -0.000873171 0.024864050 1.598468304 0.000575783 0.999928176 0.011965189 -2.282578230 -0.024872713 -0.011947168 0.999619186 82.318099976
0.999535084 -0.001867278 0.030433135 1.624896049 0.001504611 0.999927580 0.011935383 -2.284460545 -0.030453216 -0.011884046 0.999465525 82.819869995
0.999234617 -0.000238141 0.039117165 1.649342299 -0.000208210 0.999934971 0.011406155 -2.278441906 -0.039117329 -0.011405571 0.999169528 83.431495667
0.998906434 -0.002177931 0.046703599 1.736863613 0.001622144 0.999927402 0.011934916 -2.320425749 -0.046726208 -0.011846104 0.998837411 83.936553955
0.998551667 -0.002499088 0.053743206 1.786770821 0.001859865 0.999926984 0.011940747 -2.323990345 -0.053769127 -0.011823497 0.998483360 84.479995728
0.998033524 -0.003050416 0.062608369 1.845333815 0.002332405 0.999930739 0.011538167 -2.333009481 -0.062639222 -0.011369450 0.997971594 85.013732910
0.997353077 -0.002523553 0.072666474 1.909059525 0.001673008 0.999929368 0.011763266 -2.352503300 -0.072691016 -0.011610557 0.997286916 85.551399231
0.996695220 -0.002873043 0.081181437 1.966960907 0.001932242 0.999930084 0.011665052 -2.367930412 -0.081209287 -0.011469640 0.996631086 86.061767578
0.995998323 -0.003501185 0.089303181 2.037960052 0.002465400 0.999928415 0.011706188 -2.374008179 -0.089337803 -0.011439176 0.995935619 86.601654053
0.995025396 -0.004286765 0.099529244 2.121117592 0.003165898 0.999929786 0.011416900 -2.381221294 -0.099571206 -0.011045005 0.994969070 87.129745483
0.993842006 -0.003703691 0.110743351 2.194167614 0.002396613 0.999925852 0.011933545 -2.391459942 -0.110779345 -0.011594651 0.993777275 87.688064575
0.992934704 -0.005409111 0.118538499 2.311605453 0.004047791 0.999923110 0.011721957 -2.418478966 -0.118592791 -0.011159318 0.992880225 88.173690796
0.991545320 -0.005385250 0.129648745 2.404753685 0.003897413 0.999923587 0.011726896 -2.426397800 -0.129702002 -0.011122455 0.991490602 88.723594666
0.989850223 -0.005481104 0.142009392 2.504128456 0.003900007 0.999927282 0.011409691 -2.434486866 -0.142061636 -0.010740045 0.989799559 89.255317688
0.988246143 -0.005504947 0.152771920 2.612201691 0.003746035 0.999923289 0.011798769 -2.451972723 -0.152825162 -0.011087800 0.988191068 89.805847168
0.986703455 -0.005953358 0.162421569 2.720945358 0.004085852 0.999921679 0.011829504 -2.459559441 -0.162479281 -0.011008582 0.986650527 90.355079651
0.984621882 -0.006080469 0.174592972 2.839798927 0.004085627 0.999922216 0.011782818 -2.469651461 -0.174651057 -0.010888299 0.984570205 90.890357971
0.982325137 -0.006528858 0.187068507 2.966241837 0.004387129 0.999919951 0.011860620 -2.483871222 -0.187130958 -0.010830293 0.982275248 91.421684265
0.980316579 -0.006723808 0.197317272 3.090555191 0.004548011 0.999923766 0.011477983 -2.486866236 -0.197379410 -0.010354658 0.980272532 91.957389832
0.977502048 -0.007413802 0.210795611 3.236961365 0.005050906 0.999918282 0.011745621 -2.502119064 -0.210865468 -0.010416659 0.977459610 92.499114990
0.974485755 -0.007658669 0.224318683 3.386732101 0.005072967 0.999913931 0.012100980 -2.512370348 -0.224392056 -0.010654271 0.974440694 93.035270691
0.971787632 -0.008262445 0.235712975 3.544166565 0.005556725 0.999910831 0.012140837 -2.529675484 -0.235792279 -0.010488521 0.971746862 93.571777344
0.968791664 -0.008472872 0.247731909 3.712942123 0.005599598 0.999908686 0.012300616 -2.543973923 -0.247813553 -0.010529535 0.968750477 94.091476440
0.965218246 -0.009068228 0.261288226 3.891597748 0.006009689 0.999903798 0.012502268 -2.554834127 -0.261376441 -0.010497155 0.965179861 94.639678955
0.961780965 -0.009787729 0.273645073 4.074504852 0.006698913 0.999902904 0.012219815 -2.563105106 -0.273738056 -0.009919660 0.961753130 95.177108765
0.958541930 -0.010185857 0.284769356 4.258815765 0.006879668 0.999896824 0.012607949 -2.581583500 -0.284868419 -0.010126130 0.958513141 95.673576355
0.954374433 -0.010420620 0.298430592 4.453672409 0.007122681 0.999900937 0.012136436 -2.577999830 -0.298527479 -0.009457082 0.954354167 96.217041016
0.949924231 -0.010910982 0.312289834 4.655006409 0.007437551 0.999896526 0.012311460 -2.589776516 -0.312391788 -0.009372280 0.949907124 96.746765137
0.946106493 -0.011555140 0.323649317 4.860637665 0.007867538 0.999888420 0.012699919 -2.600576401 -0.323759913 -0.009469151 0.946091890 97.270362854
0.941565037 -0.011390871 0.336638570 5.068124771 0.007451727 0.999887824 0.012991111 -2.614411354 -0.336748779 -0.009723437 0.941544294 97.794570923
0.936292768 -0.011150358 0.351043612 5.279600143 0.006882095 0.999886513 0.013404138 -2.623919010 -0.351153135 -0.010134283 0.936263204 98.305450439
0.931753695 -0.012598579 0.362872332 5.510723114 0.008313385 0.999876082 0.013368314 -2.634042025 -0.362995774 -0.009439277 0.931742907 98.821464539
0.927137136 -0.012608721 0.374509901 5.739490509 0.008185560 0.999876678 0.013398924 -2.644348383 -0.374632657 -0.009357066 0.927126110 99.331619263
0.921383917 -0.012757995 0.388444275 5.983234406 0.008104683 0.999874473 0.013615521 -2.650084496 -0.388569146 -0.009396903 0.921371758 99.846183777
0.916293502 -0.014311197 0.400251895 6.236873627 0.009701264 0.999861181 0.013541498 -2.652690887 -0.400390118 -0.008525036 0.916305184 100.340621948
0.911252439 -0.014990339 0.411575228 6.496124268 0.010172245 0.999851704 0.013894498 -2.679159641 -0.411722481 -0.008474750 0.911269784 100.867210388
0.905968487 -0.014570406 0.423094332 6.723560333 0.009409916 0.999853730 0.014283306 -2.682914257 -0.423240542 -0.008958944 0.905973017 101.281845093
0.899183512 -0.015541576 0.437295645 7.028354645 0.010181692 0.999841511 0.014598602 -2.715776443 -0.437453210 -0.008674412 0.899199307 101.840728760
0.893408716 -0.016207347 0.448952287 7.300514221 0.010769837 0.999834418 0.014662585 -2.722211838 -0.449115634 -0.008264536 0.893435419 102.323944092
0.887832940 -0.017225580 0.459843278 7.577350616 0.011792949 0.999822617 0.014684030 -2.731943130 -0.460014671 -0.007614059 0.887878597 102.794746399
0.880710840 -0.016992442 0.473349422 7.864543915 0.011474130 0.999828339 0.014543460 -2.741650105 -0.473515391 -0.007377309 0.880754650 103.270553589
