1.000000000 0.000000000 0.000000000 0.000000000 0.000000000 1.000000000 0.000000000 0.000000000 0.000000000 0.000000000 1.000000000 0.000000000
1.000000000 0.000094522 0.000018308 0.000057814 -0.000094521 1.000000000 -0.000040307 0.000569708 -0.000018312 0.000040305 1.000000000 0.000085311
1.000000000 0.000082376 0.000055099 -0.000247011 -0.000082379 1.000000000 0.000049602 -0.000161018 -0.000055095 -0.000049607 1.000000000 0.000201101
1.000000000 -0.000086000 0.000092720 -0.000274730 0.000086001 1.000000000 -0.000012422 0.000400629 -0.000092719 0.000012430 1.000000000 0.000179624
1.000000000 -0.000091519 0.000041300 -0.000122774 0.000091517 1.000000000 0.000049745 -0.000554271 -0.000041304 -0.000049742 1.000000000 -0.000919684
1.000000000 -0.000012001 0.000127757 -0.000694290 0.000011998 1.000000000 0.000023731 0.000013622 -0.000127757 -0.000023729 1.000000000 -0.000197307
1.000000000 -0.000124124 0.000067306 0.000366963 0.000124124 1.000000000 -0.000002029 0.000086658 -0.000067306 0.000002038 1.000000000 -0.000037649
1.000000000 0.000006075 0.000081636 -0.000607833 -0.000006084 1.000000000 0.000108832 -0.000600335 -0.000081636 -0.000108832 1.000000000 -0.000605508
1.000000000 -0.000007896 0.000003793 -0.000433832 0.000007896 1.000000000 -0.000058442 0.000072009 -0.000003793 0.000058442 1.000000000 -0.000091780
1.000000000 -0.000114923 0.000041540 -0.000180690 0.000114920 1.000000000 0.000084130 -0.001462331 -0.000041549 -0.000084125 1.000000000 -0.001519114
1.000000000 0.000023143 0.000037131 -0.000527646 -0.000023146 1.000000000 0.000079366 -0.000832315 -0.000037129 -0.000079367 1.000000000 -0.000133888
1.000000000 -0.000037474 0.000061636 -0.000755843 0.000037471 1.000000000 0.000049259 -0.000427981 -0.000061637 -0.000049257 1.000000000 -0.001655633
1.000000000 0.000004052 -0.000000731 -0.000674487 -0.000004052 1.000000000 -0.000074546 -0.000387119 0.000000731 0.000074546 1.000000000 -0.001089210
1.000000000 -0.000021722 0.000055466 -0.001151894 0.000021723 1.000000000 -0.000012179 0.001094816 -0.000055465 0.000012181 1.000000000 0.000650242
1.000000000 -0.000063725 0.000034135 -0.001285602 0.000063728 1.000000000 -0.000093589 0.000690667 -0.000034129 0.000093591 1.000000000 -0.000783293
1.000000000 0.000068349 -0.000005266 0.000032371 -0.000068350 1.000000000 -0.000118694 0.002301738 0.000005258 0.000118694 1.000000000 0.001962650
1.000000000 0.000046716 0.000100360 -0.001041863 -0.000046701 1.000000000 -0.000145479 0.002492067 -0.000100366 0.000145475 1.000000000 0.003165207
1.000000000 0.000109313 0.000067531 -0.001278099 -0.000109304 1.000000000 -0.000121799 0.001537127 -0.000067545 0.000121791 1.000000000 0.001052008
1.000000000 0.000169715 0.000152129 -0.001645893 -0.000169702 1.000000000 -0.000088423 0.002213170 -0.000152144 0.000088397 1.000000000 0.002854954
1.000000000 0.000075583 0.000138753 -0.001262499 -0.000075566 1.000000000 -0.000122166 0.001995510 -0.000138762 0.000122155 1.000000000 0.002137576
1.000000000 0.000101571 0.000142590 -0.001666511 -0.000101557 1.000000000 -0.000098176 0.001791398 -0.000142600 0.000098161 1.000000000 0.002088095
1.000000000 0.000124924 0.000084544 -0.001564515 -0.000124914 1.000000000 -0.000112723 0.002258763 -0.000084558 0.000112713 1.000000000 0.002041256
1.000000000 0.000144018 0.000034858 -0.000706315 -0.000144014 1.000000000 -0.000100745 0.002319586 -0.000034873 0.000100740 1.000000000 0.003398975
1.000000000 0.000123820 0.000061035 -0.001133182 -0.000123814 1.000000000 -0.000096497 0.002948849 -0.000061047 0.000096489 1.000000000 0.003796754
0.999999940 0.000361680 0.000038461 -0.001210442 -0.000361677 0.999999940 -0.000080359 0.002875749 -0.000038491 0.000080345 1.000000000 0.004280293
0.999999940 0.000248451 0.000077460 -0.001122293 -0.000248448 0.999999940 -0.000045071 0.001663790 -0.000077471 0.000045052 1.000000000 0.001905900
1.000000000 0.000080653 0.000131835 -0.001621524 -0.000080641 1.000000000 -0.000091291 0.003026777 -0.000131843 0.000091280 1.000000000 0.003833633
1.000000000 0.000136508 0.000170272 -0.002079507 -0.000136503 1.000000000 -0.000028589 0.001676615 -0.000170276 0.000028566 1.000000000 0.002938976
1.000000000 0.000106362 0.000087109 -0.001425571 -0.000106352 1.000000000 -0.000110812 0.002735083 -0.000087121 0.000110803 1.000000000 0.002905258
1.000000000 0.000153288 0.000155750 -0.002145435 -0.000153269 1.000000000 -0.000124628 0.003109906 -0.000155769 0.000124605 1.000000000 0.003251461
1.000000000 0.000135649 0.000178428 -0.001202733 -0.000135638 1.000000000 -0.000060515 0.002180915 -0.000178436 0.000060491 1.000000000 0.003355953
1.000000000 0.000116735 0.000154288 -0.000977855 -0.000116716 1.000000000 -0.000121994 0.003842457 -0.000154302 0.000121976 1.000000000 0.004230586
1.000000000 0.000152368 0.000048874 -0.000463171 -0.000152357 0.999999940 -0.000233823 0.004196026 -0.000048909 0.000233816 1.000000000 0.004350061
1.000000000 0.000118136 0.000167661 -0.001289043 -0.000118122 1.000000000 -0.000081646 0.001971883 -0.000167670 0.000081626 1.000000000 0.002176718
1.000000000 0.000186538 0.000149681 -0.002131752 -0.000186517 1.000000000 -0.000140556 0.002027297 -0.000149707 0.000140529 1.000000000 0.002111618
1.000000000 0.000177038 0.000153432 -0.001353533 -0.000177015 1.000000000 -0.000150417 0.002334329 -0.000153458 0.000150390 1.000000000 0.002479230
1.000000000 0.000131618 0.000097150 -0.001189964 -0.000131609 1.000000000 -0.000090701 0.002159879 -0.000097162 0.000090688 1.000000000 0.002263143
1.000000000 0.000184031 0.000124152 -0.001730871 -0.000184023 1.000000000 -0.000056890 0.002915947 -0.000124162 0.000056867 1.000000000 0.004053925
0.999999940 0.000218834 0.000164983 -0.001391304 -0.000218819 1.000000000 -0.000087944 0.002598305 -0.000165003 0.000087908 1.000000000 0.002668697
1.000000000 0.000166778 0.000085234 -0.000406470 -0.000166767 1.000000000 -0.000120948 0.003942741 -0.000085254 0.000120934 1.000000000 0.003552419
1.000000000 0.000033965 0.000062529 0.000088137 -0.000033958 1.000000000 -0.000111847 0.001694224 -0.000062532 0.000111845 1.000000000 0.004088456
0.999999881 0.000425337 0.000150516 0.001030216 -0.000425250 0.999999762 -0.000575283 -0.001246719 -0.000150761 0.000575219 0.999999821 0.051312260
0.999999881 0.000399689 0.000148527 0.001611680 -0.000399524 0.999999285 -0.001112770 -0.003742914 -0.000148972 0.001112710 0.999999344 0.139209971
1.000000000 0.000163311 0.000033138 0.004546347 -0.000163264 0.999998987 -0.001400688 -0.008379978 -0.000033367 0.001400683 0.999999046 0.254559427
0.999999940 0.000256920 0.000096433 0.007343961 -0.000256790 0.999999046 -0.001343016 -0.009818446 -0.000096778 0.001342991 0.999999106 0.388652563
0.999999940 0.000182277 0.000290091 0.006915462 -0.000181961 0.999999404 -0.001088836 -0.013256878 -0.000290289 0.001088783 0.999999344 0.537491083
0.999999940 -0.000262931 -0.000029548 0.013732544 0.000262899 0.999999404 -0.001064629 -0.020401046 0.000029828 0.001064621 0.999999404 0.683994174
0.999998391 0.000663163 0.001675703 0.002933471 -0.000663406 0.999999762 0.000144632 -0.033476453 -0.001675607 -0.000145743 0.999998569 0.839426160
0.999998450 0.000543026 0.001658831 0.004706323 -0.000543367 0.999999821 0.000205194 -0.035651788 -0.001658719 -0.000206096 0.999998569 1.017672062
0.999998331 0.000612321 0.001724110 0.007808499 -0.000612812 0.999999762 0.000284377 -0.040847890 -0.001723935 -0.000285433 0.999998450 1.196502328
0.999998569 0.000367407 0.001695209 0.011351773 -0.000368390 0.999999821 0.000579570 -0.045490306 -0.001694996 -0.000580194 0.999998331 1.380096078
0.999997735 0.001003768 0.001910794 0.012875242 -0.001005070 0.999999285 0.000680344 -0.049259827 -0.001910109 -0.000682263 0.999997914 1.582098126
0.999998450 0.000106975 0.001764669 0.019753372 -0.000109004 0.999999344 0.001149672 -0.060287554 -0.001764545 -0.001149862 0.999997735 1.778911471
0.999998093 0.000383670 0.001934293 0.021404969 -0.000386665 0.999998748 0.001548243 -0.066711068 -0.001933697 -0.001548988 0.999996960 1.982518792
0.999998212 0.000037969 0.001902566 0.027210562 -0.000040795 0.999998987 0.001485215 -0.071830295 -0.001902508 -0.001485290 0.999997079 2.188952684
0.999997377 0.000609031 0.002176657 0.026260534 -0.000612118 0.999998748 0.001418002 -0.080109879 -0.002175790 -0.001419331 0.999996603 2.409424067
0.999997914 0.000540882 0.001967539 0.036802884 -0.000543709 0.999998868 0.001436222 -0.086688407 -0.001966759 -0.001437288 0.999997020 2.632514477
0.999997079 0.000573136 0.002333203 0.036008563 -0.000576647 0.999998689 0.001504411 -0.092882022 -0.002332338 -0.001505753 0.999996066 2.866305351
0.999997616 0.000304484 0.002176220 0.045708366 -0.000307634 0.999998868 0.001446864 -0.094720945 -0.002175777 -0.001447530 0.999996543 3.113100052
0.999996424 0.000843413 0.002536566 0.033729821 -0.000847906 0.999998093 0.001770543 -0.107743785 -0.002535068 -0.001772687 0.999995232 3.335585833
0.999996305 0.000606839 0.002630330 0.038702212 -0.000611398 0.999998331 0.001732805 -0.113703817 -0.002629274 -0.001734407 0.999995053 3.587144136
0.999996841 0.000280294 0.002523530 0.046885096 -0.000285028 0.999998271 0.001875832 -0.119558536 -0.002523000 -0.001876545 0.999995053 3.845345974
0.999995828 0.000534875 0.002824624 0.051896706 -0.000540583 0.999997795 0.002020157 -0.127145067 -0.002823538 -0.002021675 0.999993980 4.103003025
0.999994218 0.000903876 0.003258892 0.056316189 -0.000911451 0.999996960 0.002323556 -0.134024918 -0.003256782 -0.002326513 0.999992013 4.348561764
0.999994576 0.000576048 0.003248009 0.051938504 -0.000584502 0.999996364 0.002602542 -0.146990955 -0.003246498 -0.002604426 0.999991357 4.607415676
0.999994814 0.000481144 0.003199755 0.061767664 -0.000488630 0.999997139 0.002338976 -0.150949791 -0.003198621 -0.002340527 0.999992132 4.865472794
0.999993503 0.001028420 0.003464306 0.071670540 -0.001037962 0.999995708 0.002753800 -0.158307552 -0.003461459 -0.002757377 0.999990284 5.123871326
0.999994636 0.000834279 0.003195397 0.079716019 -0.000841921 0.999996722 0.002390909 -0.164901823 -0.003193392 -0.002393586 0.999992013 5.379525661
0.999994218 0.000805033 0.003277489 0.073708951 -0.000814290 0.999995708 0.002824110 -0.178324163 -0.003275201 -0.002826763 0.999990642 5.646616936
0.999993980 0.000552019 0.003411925 0.077850163 -0.000561577 0.999995947 0.002800981 -0.185685515 -0.003410366 -0.002802880 0.999990284 5.916552544
0.999993384 0.000877202 0.003516093 0.084065951 -0.000886884 0.999995828 0.002753017 -0.189132601 -0.003513664 -0.002756117 0.999989986 6.207946301
0.999993861 0.000862452 0.003385926 0.097212866 -0.000870802 0.999996603 0.002465407 -0.191441908 -0.003383789 -0.002468340 0.999991179 6.504491329
0.999993920 0.000748692 0.003431865 0.088892333 -0.000757898 0.999996126 0.002681979 -0.204471126 -0.003429844 -0.002684564 0.999990463 6.781500340
0.999993145 0.001114015 0.003527421 0.095273629 -0.001123735 0.999995589 0.002754787 -0.210490301 -0.003524336 -0.002758732 0.999989986 7.084711075
0.999994338 0.000427162 0.003331489 0.105242871 -0.000437462 0.999995172 0.003091697 -0.220630661 -0.003330152 -0.003093137 0.999989688 7.381469727
0.999993682 0.000384686 0.003531206 0.106553517 -0.000396063 0.999994755 0.003221904 -0.234200627 -0.003529949 -0.003223282 0.999988556 7.684654236
0.999993384 0.000639079 0.003573683 0.113375381 -0.000650934 0.999994218 0.003316935 -0.238074273 -0.003571543 -0.003319239 0.999988139 8.002257347
0.999992132 0.001352278 0.003732923 0.115207143 -0.001363752 0.999994278 0.003072688 -0.256667197 -0.003728746 -0.003077755 0.999988317 8.323371887
0.999992490 0.001211552 0.003664478 0.124339394 -0.001221733 0.999995351 0.002777462 -0.263567656 -0.003661096 -0.002781919 0.999989450 8.648513794
0.999992430 0.001206886 0.003737076 0.131507933 -0.001217993 0.999994755 0.002971429 -0.268040687 -0.003733472 -0.002975957 0.999988556 8.995652199
0.999993622 0.001034207 0.003414723 0.142146200 -0.001045231 0.999994218 0.003228217 -0.281896979 -0.003411365 -0.003231765 0.999988973 9.338313103
0.999987602 0.002623676 0.004249105 0.141827673 -0.002636585 0.999991953 0.003035337 -0.293795079 -0.004241107 -0.003046503 0.999986410 9.667734146
0.999991596 0.001669437 0.003748067 0.147423029 -0.001682539 0.999992430 0.003495415 -0.311968565 -0.003742203 -0.003501691 0.999986887 10.001177788
0.999992251 0.001686825 0.003555384 0.157468647 -0.001698058 0.999993622 0.003158902 -0.319052458 -0.003550033 -0.003164915 0.999988735 10.359022141
0.999990761 0.002143789 0.003736206 0.165261313 -0.002156295 0.999992132 0.003346516 -0.330991089 -0.003729002 -0.003354541 0.999987423 10.709354401
0.999991417 0.001511816 0.003854292 0.176845610 -0.001523402 0.999994397 0.003004931 -0.329503924 -0.003849727 -0.003010776 0.999988079 11.104166031
0.999991894 0.001710894 0.003634409 0.178717643 -0.001722935 0.999993026 0.003312553 -0.345269412 -0.003628716 -0.003318789 0.999987841 11.450683594
0.999991119 0.002103807 0.003648202 0.190068454 -0.002115459 0.999992728 0.003192863 -0.351151109 -0.003641458 -0.003200552 0.999988258 11.831867218
0.999990225 0.002047330 0.003918123 0.198125064 -0.002061466 0.999991417 0.003607023 -0.368522525 -0.003910705 -0.003615065 0.999985814 12.209034920
0.999988139 0.002204446 0.004334129 0.200603738 -0.002221689 0.999989629 0.003977579 -0.381570905 -0.004325315 -0.003987161 0.999982655 12.604978561
0.999987721 0.002400669 0.004337920 0.208228230 -0.002419303 0.999987781 0.004295491 -0.397778928 -0.004327556 -0.004305932 0.999981344 12.972335815
0.999989390 0.001713852 0.004262217 0.227235332 -0.001730022 0.999991298 0.003793115 -0.404670596 -0.004255679 -0.003800448 0.999983728 13.375450134
0.999986410 0.002397257 0.004641728 0.228922307 -0.002416070 0.999988854 0.004051501 -0.415708661 -0.004631964 -0.004062661 0.999980986 13.782348633
0.999982834 0.003294367 0.004853522 0.232239157 -0.003316678 0.999983966 0.004596049 -0.426832974 -0.004838303 -0.004612068 0.999977648 14.219531059
0.999984980 0.002562945 0.004840792 0.242576137 -0.002584045 0.999987185 0.004357547 -0.440563381 -0.004829562 -0.004369990 0.999978721 14.614913940
0.999986112 0.002541081 0.004621463 0.252693504 -0.002561992 0.999986529 0.004524437 -0.452702522 -0.004609904 -0.004536215 0.999979079 15.042998314
0.999978185 0.003563555 0.005563536 0.260574073 -0.003586297 0.999985278 0.004082942 -0.464328915 -0.005548904 -0.004102805 0.999976218 15.473198891
0.999979138 0.002576765 0.005919785 0.270145535 -0.002604779 0.999985397 0.004729448 -0.474493295 -0.005907514 -0.004744770 0.999971211 15.921677589
0.999978602 0.002573446 0.006011281 0.282045722 -0.002601048 0.999986053 0.004588353 -0.483963609 -0.005999389 -0.004603890 0.999971390 16.364393234
0.999977469 0.002895812 0.006036570 0.294407904 -0.002923040 0.999985576 0.004506566 -0.497217894 -0.006023433 -0.004524110 0.999971628 16.800977707
0.999971569 0.002941818 0.006941011 0.292000592 -0.002977788 0.999982119 0.005177662 -0.522525132 -0.006925654 -0.005198183 0.999962509 17.245653152
0.999965608 0.002832888 0.007792141 0.302034944 -0.002877599 0.999979436 0.005732783 -0.534362853 -0.007775741 -0.005755008 0.999953270 17.713029861
0.999966145 0.002924625 0.007686951 0.315505564 -0.002964323 0.999982357 0.005158102 -0.538145840 -0.007671729 -0.005180713 0.999957204 18.181528091
0.999963582 0.002960518 0.008005320 0.322735071 -0.003003144 0.999981344 0.005317999 -0.555270314 -0.007989427 -0.005341846 0.999953806 18.632219315
0.999962866 0.003604057 0.007827978 0.338137060 -0.003649235 0.999976695 0.005764804 -0.564443231 -0.007807020 -0.005793156 0.999952734 19.112907410
0.999959767 0.003276871 0.008346621 0.352183104 -0.003317200 0.999982834 0.004822522 -0.572011292 -0.008330675 -0.004850016 0.999953508 19.597850800
0.999957502 0.003357175 0.008599304 0.352989465 -0.003411098 0.999974489 0.006263705 -0.598666668 -0.008578057 -0.006292771 0.999943435 20.055999756
0.999962509 0.003097367 0.008092564 0.373136163 -0.003148527 0.999975085 0.006316736 -0.611397266 -0.008072796 -0.006341978 0.999947369 20.547399521
0.999968112 0.002878752 0.007442807 0.388626814 -0.002924345 0.999976933 0.006122082 -0.616323471 -0.007425011 -0.006143652 0.999953628 21.064582825
0.999965549 0.003337805 0.007601926 0.388860404 -0.003382980 0.999976635 0.005937469 -0.632715464 -0.007581930 -0.005962982 0.999953449 21.528406143
0.999971211 0.003437083 0.006766547 0.407726169 -0.003474890 0.999978423 0.005583533 -0.639836192 -0.006747209 -0.005606885 0.999961555 22.045682907
0.999971092 0.003603705 0.006691825 0.417224288 -0.003642798 0.999976337 0.005838969 -0.653959453 -0.006670625 -0.005863177 0.999960542 22.548385620
0.999973893 0.003363383 0.006395160 0.420885861 -0.003401648 0.999976337 0.005982052 -0.666897118 -0.006374889 -0.006003649 0.999961674 23.050615311
0.999980986 0.002945930 0.005417767 0.436358213 -0.002979273 0.999976635 0.006156729 -0.678165019 -0.005399503 -0.006172752 0.999966383 23.581129074
0.999986291 0.002035430 0.004829544 0.443920910 -0.002063456 0.999981165 0.005805110 -0.695886791 -0.004817637 -0.005814995 0.999971449 24.094753265
0.999987185 0.002643449 0.004331924 0.459048986 -0.002666882 0.999981821 0.005412628 -0.699114084 -0.004317538 -0.005424111 0.999976039 24.640684128
0.999986112 0.003574610 0.003872433 0.467334539 -0.003598369 0.999974668 0.006145841 -0.721199751 -0.003850366 -0.006159690 0.999973595 25.148265839
0.999986112 0.003477001 0.003953604 0.447156608 -0.003501994 0.999973774 0.006332458 -0.739458799 -0.003931482 -0.006346215 0.999972105 25.688064575
0.999988317 0.003609704 0.003197126 0.461333990 -0.003628694 0.999975681 0.005953869 -0.747077584 -0.003175557 -0.005965401 0.999977112 26.250011444
0.999986589 0.003710303 0.003611719 0.466085494 -0.003733902 0.999971628 0.006549404 -0.759775460 -0.003587316 -0.006562802 0.999971986 26.801044464
0.999988496 0.003753544 0.002992152 0.476105154 -0.003773352 0.999970794 0.006641855 -0.777483940 -0.002967134 -0.006653070 0.999973416 27.313131332
0.999980032 0.005390593 0.003319838 0.483066499 -0.005412484 0.999963403 0.006620664 -0.790905058 -0.003284027 -0.006638500 0.999972582 27.864253998
0.999977112 0.005848791 0.003410039 0.487623364 -0.005872209 0.999958992 0.006898263 -0.800164104 -0.003369553 -0.006918130 0.999970317 28.416845322
0.999983251 0.005048521 0.002822690 0.496070504 -0.005068155 0.999962628 0.006992335 -0.813361228 -0.002787284 -0.007006523 0.999971569 28.938362122
0.999985576 0.004669492 0.002649773 0.501115739 -0.004688071 0.999964118 0.007049391 -0.827014625 -0.002616761 -0.007061712 0.999971628 29.487483978
0.999982834 0.005422695 0.002238458 0.516975641 -0.005437970 0.999961555 0.006875151 -0.834098041 -0.002201090 -0.006887206 0.999973834 30.040876389
0.999985456 0.004754857 0.002544894 0.507794201 -0.004771983 0.999965727 0.006765776 -0.846907556 -0.002512637 -0.006777823 0.999973893 30.551712036
0.999981403 0.005392943 0.002851737 0.512364030 -0.005412196 0.999962330 0.006786992 -0.858840048 -0.002815028 -0.006802300 0.999972880 31.100721359
0.999983490 0.005001406 0.002820785 0.521557033 -0.005018825 0.999968112 0.006202400 -0.864073455 -0.002789675 -0.006216454 0.999976754 31.652639389
0.999986470 0.004812245 0.001986078 0.534686744 -0.004826408 0.999962509 0.007188787 -0.887412548 -0.001951410 -0.007198276 0.999972165 32.154739380
0.999982893 0.005566891 0.001790539 0.538840055 -0.005579771 0.999958038 0.007270793 -0.900975287 -0.001749988 -0.007280659 0.999971926 32.701950073
0.999987245 0.004801655 0.001569237 0.546312213 -0.004813094 0.999961257 0.007368355 -0.913387954 -0.001533796 -0.007375814 0.999971628 33.226383209
0.999987066 0.004750824 0.001825991 0.555720270 -0.004763999 0.999962151 0.007279411 -0.923436344 -0.001791339 -0.007288017 0.999971807 33.782730103
0.999982476 0.005775118 0.001331041 0.572643280 -0.005784544 0.999957383 0.007190097 -0.935313642 -0.001289461 -0.007197671 0.999973297 34.310447693
0.999984384 0.005428972 0.001423086 0.565264344 -0.005438944 0.999960005 0.007100434 -0.944643617 -0.001384481 -0.007108063 0.999973774 34.815803528
0.999985158 0.005368677 0.000962551 0.582610250 -0.005375380 0.999960363 0.007102641 -0.947451591 -0.000924381 -0.007107710 0.999974310 35.366020203
0.999989569 0.004483500 0.000937526 0.596488953 -0.004490276 0.999962866 0.007354805 -0.970463157 -0.000904516 -0.007358938 0.999972522 35.903335571
0.999984801 0.005368722 0.001241560 0.585519195 -0.005376583 0.999964893 0.006417694 -0.968139410 -0.001207062 -0.006424272 0.999978662 36.455154419
0.999984801 0.005362350 0.001283011 0.593900502 -0.005370652 0.999964058 0.006557089 -0.979387403 -0.001247804 -0.006563880 0.999977708 37.006916046
0.999984980 0.005411925 0.000797525 0.610146940 -0.005416739 0.999966264 0.006162553 -0.988566339 -0.000764147 -0.006166781 0.999980688 37.559123993
0.999982595 0.005740966 0.001298646 0.600878239 -0.005749818 0.999959469 0.006917885 -1.009255409 -0.001258878 -0.006925232 0.999975145 38.049621582
0.999983490 0.005621803 0.001150661 0.614883006 -0.005628861 0.999964714 0.006225140 -1.013439059 -0.001115623 -0.006231514 0.999979913 38.602336884
0.999983549 0.005619808 0.001169411 0.617418885 -0.005627195 0.999963582 0.006412128 -1.021538258 -0.001133334 -0.006418603 0.999978781 39.116359711
0.999983847 0.005589953 0.001079525 0.628644407 -0.005596521 0.999965250 0.006180622 -1.031450152 -0.001044939 -0.006186564 0.999980330 39.665981293
0.999982893 0.005758647 0.001011045 0.639892280 -0.005765022 0.999962747 0.006420230 -1.041087031 -0.000974035 -0.006425948 0.999978900 40.178493500
0.999983668 0.005649307 0.000910213 0.656352222 -0.005654880 0.999964476 0.006241803 -1.051651716 -0.000874919 -0.006246847 0.999980152 40.729354858
0.999984741 0.005454355 0.000778107 0.666772723 -0.005459024 0.999966264 0.006129676 -1.062055230 -0.000744647 -0.006133832 0.999980867 41.277183533
0.999977469 0.006625350 0.001082349 0.661784351 -0.006631792 0.999959588 0.006060659 -1.070510983 -0.001042151 -0.006067701 0.999980986 41.779560089
0.999979377 0.006365985 0.000783584 0.676875055 -0.006370677 0.999960840 0.006139089 -1.080083132 -0.000744472 -0.006143955 0.999980807 42.334510803
0.999977529 0.006652152 0.000852223 0.685515761 -0.006657186 0.999959528 0.006047771 -1.093949676 -0.000811958 -0.006053309 0.999981284 42.871063232
0.999978602 0.006459171 0.000987256 0.689752340 -0.006464956 0.999961197 0.005972916 -1.105408549 -0.000948638 -0.005979170 0.999981701 43.390106201
0.999975681 0.006860618 0.001238456 0.698715150 -0.006868065 0.999957681 0.006112762 -1.117566109 -0.001196467 -0.006121119 0.999980569 43.931385040
0.999982178 0.005969418 0.000275768 0.715967774 -0.005971072 0.999961436 0.006448301 -1.131752729 -0.000237265 -0.006449832 0.999979198 44.465442657
0.999972045 0.007342535 0.001428931 0.705001712 -0.007350272 0.999957919 0.005487026 -1.129240751 -0.001388582 -0.005497376 0.999983907 45.000057220
0.999971092 0.007428674 0.001654447 0.717481434 -0.007437724 0.999956965 0.005534318 -1.138864756 -0.001613263 -0.005546464 0.999983311 45.545421600
0.999972820 0.007190418 0.001650205 0.730090618 -0.007198972 0.999960363 0.005236729 -1.152693272 -0.001612485 -0.005248467 0.999984920 46.085945129
0.999965787 0.007990290 0.002130799 0.708100021 -0.008001174 0.999954700 0.005149919 -1.156393170 -0.002089554 -0.005166791 0.999984443 46.575477600
0.999963343 0.008351916 0.001890201 0.719312787 -0.008361605 0.999951601 0.005177224 -1.166941285 -0.001846869 -0.005192839 0.999984801 47.130229950
0.999970078 0.007527561 0.001798842 0.731244981 -0.007538253 0.999953508 0.006013473 -1.188038588 -0.001753491 -0.006026853 0.999980271 47.677482605
0.999977469 0.006396603 0.002032336 0.735451758 -0.006408246 0.999962926 0.005775700 -1.194117785 -0.001995316 -0.005788594 0.999981284 48.136528015
0.999977112 0.006466501 0.001975073 0.748483062 -0.006477963 0.999961913 0.005852717 -1.205442429 -0.001937151 -0.005865377 0.999980927 48.690364838
0.999971032 0.007296593 0.002151455 0.760160089 -0.007308206 0.999958515 0.005440201 -1.214587212 -0.002111671 -0.005455767 0.999982893 49.229854584
0.999966264 0.007730247 0.002785234 0.748292089 -0.007747277 0.999951005 0.006156499 -1.229963064 -0.002737507 -0.006177869 0.999977171 49.702884674
0.999962986 0.008046993 0.003049466 0.759353220 -0.008062571 0.999954343 0.005131106 -1.239407063 -0.003008036 -0.005155502 0.999982238 50.235610962
0.999968052 0.007440466 0.002930842 0.780183733 -0.007457483 0.999955237 0.005838357 -1.253891468 -0.002887271 -0.005860027 0.999978662 50.778053284
0.999965549 0.007781142 0.002900701 0.772230804 -0.007798112 0.999952197 0.005885739 -1.255293250 -0.002854765 -0.005908156 0.999978483 51.280784607
0.999963999 0.007849112 0.003230482 0.783307850 -0.007867951 0.999951839 0.005860642 -1.269151449 -0.003184325 -0.005885847 0.999977648 51.829437256
0.999969065 0.007222355 0.003119553 0.793340623 -0.007239765 0.999958098 0.005605546 -1.271450162 -0.003078938 -0.005627957 0.999979436 52.383705139
0.999958932 0.008472279 0.003258934 0.795784473 -0.008490825 0.999947548 0.005719231 -1.289526701 -0.003210309 -0.005746666 0.999978304 52.891433716
0.999957085 0.008496270 0.003689622 0.808067620 -0.008515146 0.999950528 0.005130907 -1.299566269 -0.003645846 -0.005162104 0.999980032 53.437946320
0.999949932 0.009258522 0.003791694 0.804231405 -0.009278432 0.999943018 0.005267950 -1.312113643 -0.003742705 -0.005302866 0.999978960 53.953399658
0.999951243 0.009138383 0.003744465 0.819712400 -0.009157064 0.999945581 0.005002270 -1.324239016 -0.003698549 -0.005036314 0.999980450 54.501815796
0.999954104 0.008782070 0.003819417 0.830509245 -0.008799738 0.999950469 0.004633864 -1.328180313 -0.003778534 -0.004667261 0.999981880 55.027172089
0.999953270 0.008859712 0.003870727 0.838707566 -0.008878998 0.999948084 0.004994242 -1.340144873 -0.003826279 -0.005028376 0.999979973 55.577037811
0.999956012 0.008585639 0.003771129 0.849371314 -0.008603912 0.999951124 0.004856342 -1.353664756 -0.003729250 -0.004888575 0.999981105 56.114589691
0.999943495 0.009692434 0.004371401 0.859440088 -0.009712858 0.999941885 0.004675714 -1.366652369 -0.004325828 -0.004717909 0.999979556 56.648700714
0.999947906 0.009351736 0.004082139 0.868229449 -0.009370195 0.999945879 0.004526156 -1.375016570 -0.004039590 -0.004564171 0.999981403 57.163700104
0.999942780 0.009749443 0.004383787 0.883706212 -0.009769902 0.999941349 0.004670169 -1.387364149 -0.004337997 -0.004712730 0.999979496 57.705158234
0.999943435 0.009528950 0.004733298 0.891340613 -0.009547850 0.999946475 0.003986475 -1.390665650 -0.004695057 -0.004031442 0.999980867 58.237922668
0.999944687 0.009516543 0.004482400 0.887660503 -0.009535193 0.999945879 0.004157615 -1.408108711 -0.004442591 -0.004200125 0.999981284 58.750644684
0.999944329 0.009648705 0.004291537 0.903874516 -0.009667855 0.999943316 0.004463657 -1.422510624 -0.004248226 -0.004504898 0.999980807 59.298702240
0.999949455 0.009180248 0.004113313 0.920078397 -0.009197821 0.999948621 0.004273491 -1.431609511 -0.004073870 -0.004311108 0.999982417 59.854686737
0.999932587 0.010440649 0.005076451 0.915024996 -0.010459297 0.999938607 0.003660097 -1.438269973 -0.005037926 -0.003712946 0.999980390 60.358333588
0.999933302 0.010410563 0.004999911 0.934843063 -0.010431261 0.999937057 0.004131396 -1.453325510 -0.004956586 -0.004183276 0.999978960 60.905242920
0.999952257 0.008861803 0.004110026 0.947193384 -0.008879167 0.999951661 0.004226072 -1.464450836 -0.004072376 -0.004262364 0.999982655 61.447769165
0.999925613 0.010786443 0.005697879 0.944098175 -0.010805214 0.999936283 0.003273877 -1.466970921 -0.005662202 -0.003335200 0.999978423 61.940475464
0.999922037 0.011254136 0.005407118 0.960083008 -0.011270123 0.999932230 0.002935180 -1.477218270 -0.005373718 -0.002995890 0.999981046 62.484218597
0.999922752 0.011066958 0.005643344 0.966338634 -0.011085660 0.999933064 0.003293795 -1.493554354 -0.005606514 -0.003356101 0.999978662 63.017547607
0.999909341 0.012156864 0.005777153 0.973361135 -0.012174837 0.999921083 0.003086250 -1.507470608 -0.005739178 -0.003156306 0.999978542 63.557624817
0.999913335 0.011763661 0.005912229 0.986031115 -0.011779852 0.999926925 0.002710925 -1.517279267 -0.005879907 -0.002780336 0.999978900 64.113983154
0.999920666 0.010934466 0.006238825 0.985058904 -0.010951474 0.999936402 0.002698332 -1.520780444 -0.006208923 -0.002766442 0.999976873 64.603286743
0.999921143 0.010989577 0.006070788 1.000241041 -0.011001432 0.999937594 0.001923094 -1.528976202 -0.006049275 -0.001989729 0.999979734 65.149871826
0.999900818 0.011996498 0.007371873 1.004651666 -0.012008462 0.999926567 0.001581029 -1.539563656 -0.007352365 -0.001669397 0.999971509 65.710174561
0.999909222 0.011605304 0.006846173 1.003863573 -0.011619598 0.999930382 0.002051509 -1.555192947 -0.006821888 -0.002130873 0.999974489 66.199661255
0.999911308 0.011527658 0.006668399 1.019951105 -0.011543864 0.999930561 0.002397210 -1.568812609 -0.006640300 -0.002473976 0.999974966 66.746040344
0.999895215 0.012389368 0.007485700 1.033891439 -0.012403348 0.999921441 0.001824082 -1.583238482 -0.007462512 -0.001916739 0.999970376 67.291770935
0.999907017 0.011520286 0.007289447 1.036687493 -0.011531513 0.999932408 0.001499983 -1.584400773 -0.007271674 -0.001583902 0.999972284 67.824615479
0.999901533 0.011993452 0.007286901 1.049546838 -0.012008084 0.999925971 0.001967387 -1.600389600 -0.007262765 -0.002054695 0.999971509 68.372520447
0.999897957 0.012079167 0.007618476 1.054499984 -0.012087803 0.999926329 0.001088431 -1.610684872 -0.007604767 -0.001180411 0.999970376 68.868217468
0.999899805 0.012050962 0.007417372 1.067378998 -0.012061186 0.999926329 0.001334621 -1.623442650 -0.007400743 -0.001423949 0.999971569 69.432754517
0.999899685 0.011856737 0.007741362 1.075006604 -0.011866863 0.999928772 0.001263323 -1.638349295 -0.007725831 -0.001355062 0.999969244 69.934501648
0.999913156 0.010866776 0.007456075 1.094624043 -0.010872191 0.999940634 0.000685670 -1.647793531 -0.007448182 -0.000766674 0.999971986 70.484848022
0.999913990 0.010710979 0.007568726 1.111070871 -0.010721972 0.999941528 0.001413384 -1.671287060 -0.007553143 -0.001494414 0.999970376 70.998390198
0.999887049 0.012601456 0.008189808 1.109471321 -0.012612132 0.999919593 0.001252932 -1.676380873 -0.008173361 -0.001356082 0.999965668 71.538375854
0.999890864 0.012316639 0.008157628 1.127085567 -0.012325911 0.999923408 0.001087261 -1.687822938 -0.008143613 -0.001187693 0.999966085 72.095886230
0.999880552 0.013244566 0.007962482 1.140123129 -0.013258523 0.999910593 0.001702066 -1.707864046 -0.007939228 -0.001807434 0.999966800 72.641838074
0.999886870 0.012487281 0.008379024 1.153955340 -0.012497352 0.999921203 0.001150439 -1.715972662 -0.008363997 -0.001255024 0.999964237 73.124374390
0.999878466 0.012990491 0.008624529 1.166200399 -0.012999960 0.999914944 0.001042793 -1.720360637 -0.008610249 -0.001154784 0.999962330 73.683280945
0.999867499 0.013203180 0.009523638 1.179587841 -0.013213231 0.999912262 0.000993408 -1.738118052 -0.009509684 -0.001119114 0.999954224 74.223381042
0.999866128 0.013536356 0.009193516 1.190427065 -0.013545921 0.999907732 0.000978824 -1.749320745 -0.009179418 -0.001103227 0.999957263 74.738876343
0.999860287 0.013945903 0.009217162 1.202136993 -0.013951591 0.999902546 0.000553217 -1.759736300 -0.009208548 -0.000681734 0.999957383 75.281158447
0.999853969 0.013961367 0.009856492 1.218582988 -0.013968520 0.999902308 0.000657140 -1.774751902 -0.009846352 -0.000794725 0.999951184 75.843376160
0.999853969 0.013959540 0.009857505 1.225478649 -0.013964113 0.999902368 0.000395573 -1.785486698 -0.009851021 -0.000533167 0.999951363 76.313438416
0.999862850 0.013576438 0.009485759 1.245328665 -0.013583834 0.999907494 0.000715711 -1.797470689 -0.009475164 -0.000844466 0.999954760 76.878921509
0.999857783 0.013652531 0.009901916 1.252107859 -0.013661966 0.999906301 0.000885967 -1.812605500 -0.009888890 -0.001021121 0.999950588 77.394119263
0.999836862 0.014752463 0.010421519 1.264124751 -0.014758547 0.999890924 0.000507250 -1.825151324 -0.010412900 -0.000660974 0.999945581 77.923110962
0.999820888 0.015600880 0.010703390 1.276217461 -0.015602319 0.999878228 0.000051114 -1.837080121 -0.010701289 -0.000218103 0.999942780 78.480583191
0.999819994 0.015269377 0.011258669 1.295559645 -0.015269031 0.999883413 -0.000116714 -1.856836796 -0.011259139 -0.000055216 0.999936581 79.032844543
0.999828756 0.014484367 0.011530424 1.306349874 -0.014481351 0.999895096 -0.000345389 -1.858133793 -0.011534217 0.000178353 0.999933481 79.550651550
0.999798119 0.015178492 0.013169353 1.321984768 -0.015172713 0.999884784 -0.000538847 -1.874758720 -0.013176015 0.000338923 0.999913156 80.096122742
0.999776065 0.014636278 0.015285674 1.335401177 -0.014624449 0.999892592 -0.000885376 -1.886282802 -0.015296992 0.000661633 0.999882758 80.652976990
0.999765813 0.015013780 0.015585407 1.350673318 -0.015007381 0.999887228 -0.000527154 -1.900248408 -0.015591565 0.000293134 0.999878347 81.151504517
0.999698639 0.015755903 0.018822605 1.377710223 -0.015735257 0.999875367 -0.001244348 -1.907046199 -0.018839864 0.000947795 0.999822080 81.714042664
0.999596894 0.016103346 0.023380021 1.399213076 -0.016084626 0.999870121 -0.000988466 -1.921382666 -0.023392903 0.000612009 0.999726176 82.265159607
0.999558032 0.014776843 0.025795987 1.426147342 -0.014756212 0.999890745 -0.000989926 -1.937838912 -0.025807794 0.000608837 0.999666750 82.776878357
0.999422848 0.014927062 0.030514117 1.454907298 -0.014910700 0.999888599 -0.000763597 -1.952864766 -0.030522112 0.000308169 0.999534070 83.329727173
0.999238849 0.015009210 0.036007404 1.494404435 -0.014975221 0.999887168 -0.001213457 -1.969969869 -0.036021549 0.000673314 0.999350786 83.870491028
0.998982191 0.014885277 0.042578235 1.511218548 -0.014815660 0.999888361 -0.001950167 -1.972033978 -0.042602517 0.001317358 0.999091148 84.421791077
0.998698533 0.015158746 0.048698023 1.549553633 -0.015091691 0.999884725 -0.001744352 -1.989109874 -0.048718847 0.001007146 0.998811960 84.965934753
0.998282671 0.014778511 0.056684561 1.598965406 -0.014680108 0.999889910 -0.002151989 -2.000951290 -0.056710128 0.001316158 0.998389781 85.527786255
0.997747362 0.014728567 0.065445982 1.652414322 -0.014550392 0.999889016 -0.003198360 -2.010038853 -0.065485828 0.002238890 0.997850955 86.086318970
0.997292459 0.014330158 0.072126597 1.714192867 -0.014122609 0.999894500 -0.003386724 -2.025817633 -0.072167516 0.002358939 0.997389793 86.638076782
0.996567845 0.014421440 0.081514068 1.756534576 -0.014252509 0.999894857 -0.002653958 -2.046662092 -0.081543766 0.001483069 0.996668577 87.135803223
0.995632291 0.015404849 0.092081450 1.829237461 -0.015291157 0.999881208 -0.001940116 -2.075680256 -0.092100397 0.000523610 0.995749593 87.654937744
0.994786978 0.015121466 0.100846961 1.901429176 -0.014944572 0.999885201 -0.002509360 -2.079513311 -0.100873329 0.000989164 0.994898856 88.221069336
0.994094491 0.013953810 0.107616842 1.971137524 -0.013636208 0.999900222 -0.003686571 -2.084326029 -0.107657559 0.002197314 0.994185627 88.764686584
0.992925286 0.014362791 0.117868938 2.054251671 -0.013987237 0.999894083 -0.004012817 -2.095994949 -0.117914096 0.002335767 0.993021131 89.311584473
0.991604269 0.014366812 0.128508747 2.144786835 -0.013987466 0.999894798 -0.003853955 -2.118461609 -0.128550589 0.002024087 0.991700888 89.841575623
0.990448713 0.013028342 0.137264386 2.234377861 -0.012525056 0.999911308 -0.004529669 -2.122462749 -0.137311250 0.002767161 0.990524113 90.326744080
0.988770902 0.012989107 0.148873776 2.332717896 -0.012495064 0.999912858 -0.004253410 -2.140725613 -0.148916051 0.002345461 0.988847077 90.859489441
0.986720264 0.013761236 0.161844909 2.426849365 -0.013197353 0.999902487 -0.004558705 -2.159591675 -0.161891848 0.002362243 0.986805737 91.392059326
0.984941721 0.012788936 0.172413111 2.532548904 -0.012192648 0.999915481 -0.004517095 -2.173654556 -0.172456309 0.002346903 0.985014379 91.891052246
0.983062267 0.012890754 0.182817891 2.651837349 -0.012213442 0.999913752 -0.004830303 -2.186574936 -0.182864398 0.002515652 0.983134985 92.439781189
0.980548978 0.012266744 0.195891097 2.779658318 -0.011455559 0.999920547 -0.005273502 -2.203697681 -0.195940182 0.002926885 0.980611503 92.964958191
0.978077829 0.011742528 0.207908809 2.915071487 -0.010917702 0.999927342 -0.005114320 -2.219679594 -0.207953781 0.002732316 0.978134871 93.488914490
0.975864470 0.011286901 0.218085364 3.051755905 -0.010413616 0.999932587 -0.005153298 -2.240310669 -0.218128771 0.002757862 0.975916147 94.021171570
0.972715259 0.011878066 0.231697634 3.193103790 -0.011029898 0.999926984 -0.004955803 -2.262565136 -0.231739521 0.002264985 0.972775340 94.539688110
0.969523430 0.011299770 0.244737953 3.331295013 -0.010310134 0.999932647 -0.005324430 -2.261268616 -0.244781658 0.002638877 0.969574571 95.060501099
0.966628134 0.010828800 0.255954564 3.489776611 -0.009662447 0.999936402 -0.005813995 -2.276774883 -0.256001264 0.003146824 0.966671288 95.583053589
0.963816226 0.010309007 0.266368091 3.673896790 -0.009122990 0.999942183 -0.005689588 -2.301262856 -0.266411364 0.003053643 0.963854611 96.073791504
0.959927917 0.010814786 0.280038327 3.818296432 -0.009574082 0.999937475 -0.005798055 -2.301100731 -0.280083477 0.002884605 0.959971309 96.565353394
0.956251681 0.010112075 0.292370349 4.003570557 -0.008494586 0.999940813 -0.006801350 -2.316683054 -0.292421788 0.004020237 0.956280947 97.089431763
0.952669203 0.010281181 0.303834975 4.198490143 -0.008823494 0.999941945 -0.006170166 -2.332083225 -0.303880781 0.003197241 0.952704728 97.627578735
0.948090434 0.010102555 0.317840129 4.359811783 -0.008636925 0.999944508 -0.006020041 -2.353047371 -0.317883343 0.002962382 0.948125303 98.075782776
0.943283021 0.009372412 0.331857443 4.569501877 -0.007864802 0.999951661 -0.005885739 -2.371356487 -0.331896603 0.002941925 0.943311214 98.596839905
0.939376056 0.009051559 0.342769027 4.785078049 -0.007136751 0.999951065 -0.006847248 -2.380074978 -0.342814267 0.003985884 0.939394772 99.100830078
0.934519291 0.008594538 0.355808645 4.972791672 -0.006677663 0.999955773 -0.006615222 -2.395557642 -0.355849773 0.003806082 0.934535444 99.555458069
0.928930342 0.008541761 0.370156109 5.197359085 -0.006709620 0.999958098 -0.006236923 -2.416190386 -0.370193779 0.003310060 0.928948700 100.063713074
0.924190044 0.007197454 0.381864846 5.431024551 -0.004780266 0.999962091 -0.007278243 -2.428282261 -0.381902814 0.004901065 0.924189508 100.561592102
0.919110835 0.008071406 0.393916368 5.652597427 -0.005683525 0.999957740 -0.007228117 -2.454196930 -0.393958062 0.004404607 0.919117868 101.056587219
0.912920654 0.007748710 0.408063501 5.869934082 -0.005417061 0.999961734 -0.006869194 -2.455453157 -0.408101052 0.004060524 0.912927747 101.491867065
0.906888306 0.007706610 0.421300739 6.124866486 -0.005129776 0.999960601 -0.007249393 -2.469600439 -0.421339899 0.004413211 0.906892121 101.988433838
0.901952922 0.006263737 0.431789070 6.377277374 -0.003461065 0.999967515 -0.007276274 -2.491874695 -0.431820631 0.005068406 0.901945293 102.448280334
0.895698667 0.006994023 0.444606394 6.650871277 -0.004193199 0.999964654 -0.007282692 -2.512704611 -0.444641650 0.004658775 0.895696461 102.967025757
0.889420867 0.006805359 0.457038432 6.920875549 -0.004128126 0.999967992 -0.006856098 -2.552149296 -0.457070470 0.004211245 0.889420569 103.395950317
0.882738590 0.006470598 0.469819784 7.118217468 -0.003149169 0.999964118 -0.007855082 -2.514251471 -0.469853818 0.005454443 0.882727385 103.859542847
0.877052426 0.006050367 0.480356663 7.408054352 -0.002315189 0.999962270 -0.008367943 -2.531833887 -0.480389178 0.006227009 0.877033293 104.335029602
0.869136631 0.006298138 0.494531989 7.689342499 -0.002523983 0.999962330 -0.008299190 -2.550397158 -0.494565636 0.005964939 0.869119763 104.811538696
