1.000000000 0.000000000 0.000000000 0.000000000 0.000000000 1.000000000 0.000000000 0.000000000 0.000000000 0.000000000 1.000000000 0.000000000
0.999999940 0.000225654 0.000131725 -0.001479232 -0.000225668 0.999999940 0.000108310 -0.000234715 -0.000131701 -0.000108340 1.000000000 0.000052734
1.000000000 0.000043675 0.000199308 -0.001422187 -0.000043696 1.000000000 0.000104162 0.000050869 -0.000199303 -0.000104171 1.000000000 -0.000174774
1.000000000 -0.000111058 0.000122343 -0.000974920 0.000111070 1.000000000 -0.000102752 0.001512457 -0.000122332 0.000102766 1.000000000 0.001267354
1.000000000 -0.000118881 0.000056513 -0.000156459 0.000118883 1.000000000 -0.000038377 0.000501685 -0.000056508 0.000038384 1.000000000 -0.000227076
1.000000000 -0.000004183 0.000087454 -0.000524739 0.000004183 1.000000000 0.000004963 0.000619501 -0.000087454 -0.000004963 1.000000000 0.000853120
1.000000000 -0.000161893 0.000132365 0.000015755 0.000161885 1.000000000 0.000058007 0.000201511 -0.000132374 -0.000057986 1.000000000 -0.000310243
0.999999940 -0.000283863 0.000180598 -0.000869352 0.000283868 0.999999940 -0.000027753 0.001402225 -0.000180590 0.000027805 1.000000000 0.002186842
1.000000000 -0.000026721 0.000145616 -0.000838144 0.000026712 1.000000000 0.000066021 -0.000106096 -0.000145618 -0.000066017 1.000000000 0.000100131
0.999999940 0.000085823 0.000280625 -0.002053191 -0.000085812 1.000000000 -0.000040149 0.000757661 -0.000280628 0.000040125 0.999999940 0.000869381
0.999999940 -0.000096343 0.000261877 -0.002166511 0.000096340 1.000000000 0.000009352 0.001773069 -0.000261878 -0.000009327 0.999999940 0.003358581
0.999999940 -0.000105897 0.000227051 -0.001625571 0.000105879 1.000000000 0.000078439 0.000133572 -0.000227059 -0.000078415 1.000000000 0.001004293
1.000000000 -0.000092081 0.000069534 -0.000453850 0.000092074 1.000000000 0.000101763 0.000090697 -0.000069543 -0.000101757 1.000000000 0.001366075
0.999999940 -0.000242678 0.000075003 -0.001013262 0.000242688 0.999999940 -0.000128702 0.002158376 -0.000074972 0.000128720 1.000000000 0.002324304
0.999999940 0.000063471 0.000368580 -0.002267169 -0.000063481 1.000000000 0.000026800 0.000868332 -0.000368578 -0.000026823 0.999999940 0.001749619
1.000000000 -0.000122893 0.000073226 -0.001035160 0.000122892 1.000000000 0.000018201 0.001514547 -0.000073228 -0.000018192 1.000000000 0.003603084
1.000000000 0.000041729 0.000153158 -0.001481130 -0.000041736 1.000000000 0.000043406 0.000949066 -0.000153156 -0.000043413 1.000000000 0.002673984
0.999999940 0.000048713 0.000245196 -0.001775224 -0.000048728 1.000000000 0.000060179 0.000656972 -0.000245193 -0.000060191 0.999999940 0.001527519
0.999999940 0.000092835 0.000288864 -0.002292303 -0.000092816 1.000000000 -0.000064733 0.001206565 -0.000288870 0.000064707 0.999999940 0.001246999
1.000000000 -0.000103144 0.000212411 -0.002266003 0.000103149 1.000000000 -0.000020377 0.001644985 -0.000212409 0.000020399 1.000000000 0.002762523
0.999999940 -0.000137008 0.000276579 -0.001539274 0.000136982 1.000000000 0.000096157 0.000816866 -0.000276592 -0.000096119 0.999999940 0.001740417
0.999999940 -0.000102650 0.000269948 -0.001342785 0.000102659 1.000000000 -0.000035908 0.001322590 -0.000269944 0.000035936 0.999999940 0.000375742
1.000000000 -0.000050423 0.000154145 -0.000170419 0.000050405 1.000000000 0.000116713 0.000668733 -0.000154151 -0.000116705 1.000000000 0.000851717
0.999999940 0.000034642 0.000265101 -0.000814757 -0.000034646 1.000000000 0.000012559 0.001210573 -0.000265101 -0.000012568 0.999999940 0.000872910
0.999999940 0.000063678 0.000252922 -0.000899914 -0.000063648 1.000000000 -0.000116763 0.001744808 -0.000252930 0.000116747 0.999999940 0.000222122
0.999999881 0.000403516 0.000303517 -0.002859613 -0.000403484 0.999999940 -0.000105456 0.002062398 -0.000303559 0.000105333 0.999999940 0.001698627
0.999999940 0.000111632 0.000333957 -0.002925021 -0.000111676 1.000000000 0.000130311 0.001184516 -0.000333942 -0.000130348 0.999999940 0.003652084
0.999999940 0.000028761 0.000366439 -0.003122578 -0.000028749 1.000000000 -0.000032397 0.002335574 -0.000366440 0.000032386 0.999999940 0.005117436
1.000000000 -0.000040335 0.000237211 -0.001800017 0.000040354 1.000000000 -0.000079100 0.001059468 -0.000237207 0.000079109 0.999999940 0.000501807
0.999999940 0.000015437 0.000250498 -0.001848975 -0.000015454 1.000000000 0.000067571 0.000179716 -0.000250497 -0.000067575 0.999999940 0.000606353
0.999999940 0.000048447 0.000397663 -0.002120947 -0.000048401 1.000000000 -0.000114230 0.001136383 -0.000397669 0.000114211 0.999999940 0.001085421
0.999999940 0.000129494 0.000272834 -0.002257014 -0.000129485 1.000000000 -0.000032848 0.001883212 -0.000272839 0.000032813 0.999999940 0.004408896
0.999999940 0.000089457 0.000326850 -0.002219899 -0.000089447 1.000000000 -0.000030266 0.000680240 -0.000326853 0.000030237 0.999999940 -0.000169641
0.999999940 0.000145286 0.000361603 -0.003082202 -0.000145293 1.000000000 0.000017988 0.002046504 -0.000361601 -0.000018041 0.999999940 0.003854459
1.000000000 -0.000154615 0.000169369 -0.001787729 0.000154633 1.000000000 -0.000105797 0.002783623 -0.000169353 0.000105823 1.000000000 0.004547331
0.999999940 -0.000001375 0.000292242 -0.002648404 0.000001362 1.000000000 0.000045446 0.001391684 -0.000292242 -0.000045445 0.999999940 0.001955046
0.999999940 -0.000045129 0.000258230 -0.001418356 0.000045120 1.000000000 0.000035357 0.000993226 -0.000258232 -0.000035345 0.999999940 0.001476207
0.999999940 -0.000120920 0.000392541 -0.001958455 0.000120906 1.000000000 0.000034486 0.000623796 -0.000392545 -0.000034439 0.999999940 0.003298214
0.999999881 -0.000339796 0.000313918 0.001095000 0.000340006 0.999999702 -0.000668483 -0.001501897 -0.000313691 0.000668590 0.999999702 0.050358970
0.999999940 -0.000028275 0.000394169 -0.001175642 0.000028713 0.999999404 -0.001110618 -0.005199506 -0.000394137 0.001110629 0.999999285 0.133858964
0.999999940 0.000362299 0.000201570 0.003740942 -0.000362016 0.999998927 -0.001402702 -0.004959605 -0.000202078 0.001402629 0.999998987 0.255611390
1.000000000 0.000074552 0.000174028 0.006028013 -0.000074359 0.999999404 -0.001111551 -0.013698218 -0.000174111 0.001111538 0.999999344 0.382247478
0.999999940 0.000202698 0.000275639 0.007464156 -0.000202383 0.999999344 -0.001140603 -0.012914115 -0.000275870 0.001140547 0.999999285 0.528287828
0.999999881 0.000406564 0.000361302 0.012833167 -0.000406210 0.999999464 -0.000979380 -0.021869294 -0.000361700 0.000979233 0.999999464 0.673917353
0.999999702 0.000434556 0.000616145 0.014204623 -0.000433915 0.999999344 -0.001039988 -0.023006506 -0.000616596 0.001039720 0.999999285 0.843930006
0.999999881 0.000272087 0.000415706 0.017645402 -0.000271774 0.999999702 -0.000753684 -0.027550463 -0.000415911 0.000753571 0.999999642 1.014947057
0.999999642 0.000594800 0.000609161 0.017039711 -0.000594405 0.999999642 -0.000648130 -0.033459727 -0.000609546 0.000647767 0.999999583 1.190356135
0.999999642 0.000612529 0.000538320 0.017160753 -0.000612155 0.999999583 -0.000694355 -0.034806158 -0.000538745 0.000694025 0.999999642 1.377445459
0.999999821 0.000342748 0.000425252 0.026941363 -0.000342558 0.999999821 -0.000447714 -0.047018833 -0.000425405 0.000447569 0.999999821 1.582443714
0.999999702 0.000691021 0.000281407 0.036370531 -0.000690928 0.999999702 -0.000330085 -0.050715212 -0.000281635 0.000329891 0.999999881 1.759534359
0.999999821 0.000221892 -0.000501141 0.051294148 -0.000222307 0.999999642 -0.000828319 -0.045565415 0.000500957 0.000828430 0.999999523 1.965175390
0.999999821 0.000191726 0.000584150 0.030471418 -0.000191213 0.999999583 -0.000878849 -0.049956173 -0.000584318 0.000878738 0.999999464 2.177598476
0.999999106 0.001178031 0.000612563 0.039994717 -0.001176633 0.999996722 -0.002277269 -0.043762822 -0.000615244 0.002276546 0.999997199 2.378827572
0.999999404 0.001071541 0.000131415 0.055376597 -0.001071330 0.999998212 -0.001592393 -0.056328990 -0.000133121 0.001592251 0.999998689 2.590181589
0.999998808 0.001431191 0.000431789 0.054525129 -0.001430289 0.999996841 -0.002080459 -0.058858547 -0.000434765 0.002079839 0.999997735 2.821703911
0.999999225 0.001224715 0.000139341 0.063090317 -0.001224468 0.999997735 -0.001765287 -0.068322673 -0.000141503 0.001765116 0.999998391 3.055304050
0.999999285 0.001089717 0.000300630 0.063451983 -0.001089024 0.999996781 -0.002296709 -0.068618499 -0.000303132 0.002296381 0.999997258 3.296710014
0.999999344 0.001083462 0.000285432 0.071477205 -0.001082898 0.999997497 -0.001971501 -0.080376923 -0.000287567 0.001971191 0.999997973 3.526386023
0.999999821 0.000630788 0.000077038 0.078034639 -0.000630612 0.999997318 -0.002254096 -0.083747253 -0.000078460 0.002254047 0.999997497 3.785799503
0.999999404 0.001039249 0.000335766 0.082632236 -0.001038430 0.999996603 -0.002430734 -0.090190098 -0.000338291 0.002430384 0.999997020 4.046394348
0.999999464 0.000996782 0.000342130 0.085627928 -0.000996141 0.999997795 -0.001869061 -0.101203837 -0.000343993 0.001868719 0.999998212 4.297582150
0.999998927 0.001430195 0.000383788 0.088218145 -0.001429414 0.999996901 -0.002027291 -0.107937500 -0.000386686 0.002026740 0.999997854 4.548767567
0.999998152 0.001830443 0.000604523 0.092583731 -0.001829294 0.999996543 -0.001895269 -0.114280775 -0.000607990 0.001894159 0.999998033 4.806643009
0.999999285 0.001227018 0.000286262 0.105251513 -0.001226595 0.999998212 -0.001471636 -0.127335757 -0.000288067 0.001471284 0.999998927 5.067578793
0.999998510 0.001653158 0.000458306 0.104667820 -0.001652205 0.999996483 -0.002071536 -0.128084943 -0.000461729 0.002070776 0.999997735 5.323905468
0.999997497 0.002078370 0.000807650 0.107525766 -0.002076513 0.999995232 -0.002294387 -0.134125367 -0.000812414 0.002292704 0.999997079 5.594666004
0.999998093 0.001826466 0.000565800 0.115539245 -0.001825461 0.999996722 -0.001771269 -0.145471007 -0.000569034 0.001770233 0.999998271 5.869378090
0.999998212 0.001784104 0.000525500 0.120798543 -0.001783179 0.999996901 -0.001755956 -0.154839948 -0.000528631 0.001755016 0.999998331 6.144790173
0.999998510 0.001612655 0.000503949 0.123901337 -0.001611728 0.999997020 -0.001835626 -0.165443465 -0.000506907 0.001834811 0.999998212 6.414978981
0.999999106 0.001151469 0.000602342 0.129978687 -0.001150412 0.999997795 -0.001753577 -0.175743222 -0.000604360 0.001752883 0.999998331 6.697470665
0.999998450 0.001584964 0.000757353 0.130964354 -0.001583660 0.999997318 -0.001718544 -0.182338685 -0.000760075 0.001717342 0.999998271 7.004662037
0.999998510 0.001648191 0.000362057 0.149118051 -0.001647700 0.999997735 -0.001352098 -0.199334085 -0.000364285 0.001351500 0.999999046 7.285233021
0.999998331 0.001776121 0.000437157 0.153326005 -0.001775319 0.999996781 -0.001829113 -0.206563264 -0.000440404 0.001828334 0.999998271 7.610904694
0.999998808 0.001419668 0.000607435 0.153938681 -0.001418519 0.999997199 -0.001886850 -0.214314356 -0.000610112 0.001885986 0.999998033 7.915280342
0.999998331 0.001369756 0.001174942 0.156652883 -0.001367398 0.999997020 -0.002004652 -0.218234971 -0.001177684 0.002003042 0.999997258 8.239018440
0.999998510 0.001448038 0.000963611 0.166127607 -0.001446072 0.999996781 -0.002038223 -0.232569411 -0.000966559 0.002036826 0.999997497 8.567078590
0.999997437 0.001765985 0.001461888 0.162737787 -0.001762592 0.999995768 -0.002318892 -0.237315923 -0.001465977 0.002316309 0.999996305 8.911620140
0.999998927 0.001223415 0.000837184 0.179608479 -0.001221551 0.999996722 -0.002222569 -0.248963296 -0.000839900 0.002221544 0.999997199 9.250356674
0.999997437 0.001912030 0.001140692 0.177781582 -0.001910486 0.999997258 -0.001353747 -0.275967926 -0.001143278 0.001351565 0.999998391 9.580224991
0.999998689 0.001528166 0.000478975 0.193452999 -0.001527441 0.999997616 -0.001511582 -0.285857439 -0.000481284 0.001510849 0.999998748 9.919240952
0.999998331 0.001691907 0.000637472 0.197796553 -0.001691105 0.999997795 -0.001257005 -0.298632383 -0.000639597 0.001255925 0.999999046 10.278631210
0.999997318 0.001966478 0.001218462 0.196622640 -0.001965156 0.999997437 -0.001085947 -0.314120442 -0.001220594 0.001083549 0.999998689 10.635469437
0.999998033 0.001605256 0.001189182 0.205450207 -0.001603510 0.999997675 -0.001467907 -0.320327759 -0.001191535 0.001465997 0.999998271 11.005320549
0.999997020 0.001850919 0.001592387 0.211020812 -0.001849148 0.999997735 -0.001113238 -0.334606171 -0.001594444 0.001110290 0.999998152 11.379895210
0.999997556 0.001788176 0.001281119 0.220369264 -0.001787162 0.999998212 -0.000792595 -0.349413633 -0.001282533 0.000790304 0.999998868 11.749580383
0.999997437 0.001822633 0.001322331 0.230467692 -0.001821293 0.999997854 -0.001013734 -0.362589389 -0.001324176 0.001011323 0.999998629 12.132356644
0.999997258 0.002028716 0.001180714 0.238594070 -0.002027355 0.999997258 -0.001152882 -0.370487064 -0.001183050 0.001150485 0.999998629 12.530121803
0.999998391 0.001420160 0.001108304 0.250909597 -0.001418718 0.999998093 -0.001301025 -0.381408781 -0.001110150 0.001299450 0.999998569 12.923359871
0.999996960 0.002150037 0.001205547 0.253904194 -0.002148868 0.999997139 -0.000970983 -0.393948883 -0.001207631 0.000968389 0.999998808 13.328884125
0.999996662 0.001977177 0.001685410 0.262466729 -0.001975535 0.999997556 -0.000975490 -0.402406842 -0.001687335 0.000972157 0.999998152 13.741950035
0.999996841 0.001754496 0.001768303 0.267415613 -0.001752833 0.999997973 -0.000941649 -0.415154278 -0.001769951 0.000938547 0.999997973 14.159369469
0.999996841 0.001785128 0.001775766 0.281602621 -0.001783563 0.999997973 -0.000882209 -0.429672301 -0.001777337 0.000879038 0.999998033 14.573938370
0.999996603 0.001767509 0.001925464 0.290792674 -0.001766708 0.999998391 -0.000417823 -0.442925304 -0.001926200 0.000414420 0.999998033 15.009217262
0.999996245 0.001777824 0.002096802 0.302907109 -0.001776076 0.999998093 -0.000835129 -0.456905007 -0.002098282 0.000831401 0.999997437 15.438908577
0.999995351 0.001600917 0.002603786 0.311360359 -0.001598861 0.999998391 -0.000791332 -0.469996154 -0.002605049 0.000787165 0.999996245 15.879418373
0.999995172 0.001501375 0.002722772 0.321821034 -0.001499484 0.999998629 -0.000696319 -0.481491029 -0.002723813 0.000692233 0.999996066 16.327276230
0.999992013 0.002315289 0.003261682 0.328573287 -0.002312662 0.999997020 -0.000809236 -0.495480984 -0.003263546 0.000801686 0.999994338 16.773958206
0.999991894 0.001787582 0.003599993 0.339520961 -0.001786660 0.999998271 -0.000259361 -0.512494266 -0.003600451 0.000252927 0.999993443 17.229137421
0.999990642 0.002098750 0.003782506 0.347894818 -0.002097318 0.999997735 -0.000382685 -0.522671640 -0.003783300 0.000374749 0.999992788 17.687940598
0.999989808 0.002182223 0.003952996 0.358292282 -0.002178329 0.999997199 -0.000989069 -0.533276856 -0.003955144 0.000980448 0.999991715 18.155206680
0.999989271 0.002228113 0.004055276 0.376933843 -0.002226749 0.999997437 -0.000340997 -0.550218999 -0.004056027 0.000331963 0.999991715 18.619834900
0.999989033 0.001694472 0.004381539 0.389559209 -0.001693445 0.999998569 -0.000238049 -0.561294019 -0.004381936 0.000230627 0.999990404 19.092683792
0.999990404 0.001399806 0.004147523 0.416057080 -0.001397970 0.999998927 -0.000445510 -0.570712805 -0.004148141 0.000439707 0.999991298 19.561822891
0.999986708 0.002362914 0.004608692 0.403173685 -0.002360395 0.999997079 -0.000552056 -0.588244498 -0.004609982 0.000541170 0.999989212 20.063991547
0.999985933 0.002783221 0.004514480 0.417141676 -0.002782438 0.999996066 -0.000179773 -0.605865002 -0.004514962 0.000167209 0.999989808 20.554140091
0.999985456 0.003436122 0.004166344 0.427742690 -0.003430166 0.999993145 -0.001436010 -0.604130030 -0.004171249 0.001421698 0.999990284 21.065507889
0.999989092 0.002854784 0.003727715 0.438896298 -0.002854001 0.999995887 -0.000215251 -0.637693703 -0.003728314 0.000204610 0.999992967 21.566516876
0.999990404 0.002676794 0.003460864 0.451076180 -0.002678143 0.999996305 0.000385035 -0.660436392 -0.003459820 -0.000394300 0.999993920 22.069984436
0.999993682 0.002442263 0.002586166 0.467685401 -0.002442692 0.999997020 0.000162498 -0.670740008 -0.002585762 -0.000168814 0.999996662 22.580949783
0.999995947 0.002342294 0.001594386 0.485420376 -0.002343470 0.999997020 0.000736531 -0.692610860 -0.001592656 -0.000740264 0.999998450 23.091592789
0.999995708 0.002444052 0.001601182 0.491638988 -0.002445035 0.999996841 0.000612351 -0.709634066 -0.001599680 -0.000616264 0.999998569 23.614803314
0.999998808 0.001313928 0.000786980 0.500957966 -0.001313954 0.999999166 0.000032729 -0.725669026 -0.000786936 -0.000033763 0.999999702 24.156925201
0.999997973 0.002001875 0.000337322 0.508438289 -0.002002060 0.999997914 0.000549022 -0.741917431 -0.000336222 -0.000549696 0.999999821 24.692882538
0.999994814 0.003175125 -0.000588090 0.523195088 -0.003174927 0.999994874 0.000338782 -0.757559597 0.000589162 -0.000336913 0.999999762 25.231727600
0.999994695 0.003087771 -0.001072298 0.535015047 -0.003087583 0.999995232 0.000177230 -0.770173311 0.001072840 -0.000173918 0.999999404 25.765487671
0.999994576 0.002611795 -0.002003205 0.545537889 -0.002610799 0.999996483 0.000499706 -0.787961245 0.002004503 -0.000494473 0.999997854 26.337495804
0.999994874 0.002443309 -0.002076671 0.548063576 -0.002440332 0.999996006 0.001435174 -0.808183908 0.002080169 -0.001430099 0.999996841 26.866506577
0.999994636 0.002064911 -0.002525429 0.560370743 -0.002060815 0.999996543 0.001623267 -0.828299940 0.002528772 -0.001618054 0.999995470 27.412645340
0.999992013 0.002917414 -0.002744178 0.567118108 -0.002913619 0.999994814 0.001385687 -0.843374014 0.002748206 -0.001377680 0.999995291 27.966550827
0.999990642 0.003293134 -0.002808998 0.568990052 -0.003288188 0.999993026 0.001763160 -0.862336636 0.002814784 -0.001753907 0.999994457 28.503597260
0.999989390 0.003276922 -0.003250798 0.579008400 -0.003272013 0.999993443 0.001514292 -0.876015842 0.003255739 -0.001503639 0.999993563 29.045129776
0.999988317 0.003371422 -0.003462216 0.585230589 -0.003364059 0.999992073 0.002130296 -0.897015870 0.003469371 -0.002118624 0.999991715 29.595680237
0.999987066 0.003237906 -0.003929296 0.590073764 -0.003230120 0.999992788 0.001986394 -0.905749619 0.003935699 -0.001973676 0.999990284 30.141775131
0.999985933 0.003289029 -0.004178705 0.603068471 -0.003280034 0.999992251 0.002157669 -0.926518559 0.004185771 -0.002143932 0.999988914 30.679748535
0.999983728 0.003617425 -0.004408482 0.609142840 -0.003608112 0.999991238 0.002118701 -0.940332770 0.004416107 -0.002102760 0.999988019 31.234933853
0.999982059 0.003624296 -0.004766568 0.618351698 -0.003614661 0.999991417 0.002028515 -0.952003956 0.004773879 -0.002011250 0.999986589 31.784847260
0.999980092 0.003382315 -0.005309568 0.634179413 -0.003369580 0.999991417 0.002405738 -0.972661912 0.005317659 -0.002387800 0.999983013 32.327018738
0.999979496 0.003637802 -0.005275298 0.638951778 -0.003624568 0.999990284 0.002516031 -0.985391378 0.005284398 -0.002496859 0.999982893 32.874080658
0.999975801 0.003870135 -0.005799134 0.649070144 -0.003858134 0.999990463 0.002079242 -1.001196146 0.005807125 -0.002056818 0.999980986 33.416606903
0.999976337 0.003696525 -0.005804941 0.655801594 -0.003681740 0.999989986 0.002555351 -1.015126348 0.005814328 -0.002533918 0.999979913 33.975311279
0.999975622 0.003669700 -0.005948488 0.657557905 -0.003655611 0.999990523 0.002377706 -1.028802395 0.005957157 -0.002355902 0.999979496 34.526279449
0.999975502 0.003347762 -0.006144634 0.670450687 -0.003331215 0.999990761 0.002701210 -1.046573520 0.006153622 -0.002680675 0.999977469 35.056632996
0.999978781 0.003238651 -0.005646397 0.674180269 -0.003225589 0.999992132 0.002320908 -1.058361769 0.005653869 -0.002302646 0.999981403 35.606094360
0.999975860 0.003797997 -0.005810095 0.687595606 -0.003780448 0.999988198 0.003028425 -1.085880995 0.005821530 -0.003006387 0.999978542 36.143421173
0.999970555 0.003634425 -0.006748518 0.693408966 -0.003618699 0.999990702 0.002341039 -1.085989118 0.006756964 -0.002316550 0.999974489 36.697841644
0.999971151 0.004122076 -0.006370065 0.699615777 -0.004107560 0.999988914 0.002290222 -1.099261045 0.006379436 -0.002263991 0.999977112 37.245285034
0.999969184 0.003644295 -0.006956048 0.705641747 -0.003627474 0.999990404 0.002429174 -1.116752625 0.006964834 -0.002403866 0.999972880 37.794208527
0.999971092 0.003408352 -0.006789084 0.709782600 -0.003394128 0.999992013 0.002105589 -1.128250837 0.006796205 -0.002082485 0.999974787 38.345672607
0.999968350 0.003956987 -0.006906673 0.717103481 -0.003938972 0.999988735 0.002620017 -1.146000743 0.006916963 -0.002592728 0.999972701 38.897418976
0.999964237 0.003774406 -0.007560216 0.730661809 -0.003753521 0.999989092 0.002774914 -1.163610101 0.007570607 -0.002746437 0.999967515 39.435932159
0.999962986 0.003998951 -0.007611027 0.745158553 -0.003974776 0.999987006 0.003188664 -1.182639480 0.007623679 -0.003158294 0.999965906 39.976810455
0.999961376 0.003389863 -0.008108645 0.762950063 -0.003364260 0.999989331 0.003169152 -1.200738311 0.008119300 -0.003141750 0.999962091 40.524833679
0.999960601 0.004083956 -0.007875204 0.765117526 -0.004066446 0.999989271 0.002238083 -1.204232216 0.007884260 -0.002205971 0.999966502 41.085674286
0.999962449 0.003722586 -0.007823918 0.747122586 -0.003698613 0.999988437 0.003076304 -1.225397587 0.007835279 -0.003047250 0.999964654 41.633686066
0.999960065 0.004188002 -0.007887717 0.755024135 -0.004167257 0.999987781 0.002644623 -1.236980677 0.007898697 -0.002611647 0.999965429 42.182041168
0.999959826 0.004312128 -0.007858169 0.769365311 -0.004290221 0.999986887 0.002802583 -1.249971867 0.007870151 -0.002768757 0.999965191 42.725090027
0.999954283 0.003594611 -0.008857545 0.782646775 -0.003563073 0.999987304 0.003573743 -1.269593596 0.008870278 -0.003542019 0.999954402 43.268703461
0.999956369 0.003988660 -0.008462064 0.777305126 -0.003957079 0.999985158 0.003745597 -1.288842797 0.008476876 -0.003711948 0.999957204 43.844253540
0.999954879 0.003139605 -0.008969985 0.787255168 -0.003101459 0.999986172 0.004263256 -1.305743098 0.008983245 -0.004235244 0.999950647 44.383827209
0.999955535 0.004236085 -0.008433019 0.781045973 -0.004199951 0.999981940 0.004297991 -1.317381620 0.008451072 -0.004262381 0.999955237 44.938968658
0.999954879 0.004270436 -0.008480266 0.795761287 -0.004236829 0.999983132 0.003976990 -1.330594897 0.008497105 -0.003940881 0.999956131 45.482555389
0.999957323 0.003595126 -0.008517899 0.805205107 -0.003559637 0.999984980 0.004177852 -1.344217777 0.008532790 -0.004147353 0.999954998 46.033149719
0.999953926 0.003723938 -0.008850301 0.811861753 -0.003689013 0.999985278 0.003959247 -1.357205629 0.008864918 -0.003926416 0.999952972 46.573055267
0.999947786 0.004403102 -0.009229310 0.824899316 -0.004364149 0.999981463 0.004236401 -1.373597503 0.009247793 -0.004195901 0.999948382 47.117931366
0.999954164 0.003775507 -0.008790659 0.819313645 -0.003737919 0.999983788 0.004288335 -1.386308193 0.008806706 -0.004255280 0.999952137 47.668151855
0.999952078 0.004286084 -0.008806325 0.828126073 -0.004248477 0.999981821 0.004284733 -1.401379108 0.008824530 -0.004247114 0.999952018 48.225170135
0.999946713 0.002865851 -0.009913335 0.851585269 -0.002820035 0.999985278 0.004632527 -1.414167047 0.009926466 -0.004604325 0.999940157 48.757934570
0.999950767 0.003932145 -0.009111273 0.835831046 -0.003893210 0.999983251 0.004287072 -1.423111916 0.009127979 -0.004251388 0.999949276 49.299133301
0.999952435 0.003599752 -0.009067073 0.848705292 -0.003563461 0.999985695 0.004015400 -1.433631539 0.009081394 -0.003982899 0.999950767 49.847446442
0.999949932 0.003700492 -0.009300050 0.857161522 -0.003665767 0.999986351 0.003748082 -1.447769403 0.009313791 -0.003713802 0.999949753 50.395889282
0.999950171 0.003757334 -0.009243789 0.855127931 -0.003718891 0.999984384 0.004172442 -1.464874387 0.009259323 -0.004137857 0.999948561 50.939880371
0.999950647 0.003482645 -0.009302128 0.862794280 -0.003439584 0.999983251 0.004641057 -1.480450630 0.009318136 -0.004608833 0.999945939 51.496963501
0.999943018 0.003661727 -0.010027006 0.883309782 -0.003614814 0.999982417 0.004692781 -1.493854761 0.010044014 -0.004656267 0.999938726 52.026691437
0.999944329 0.003244146 -0.010036514 0.889480293 -0.003206594 0.999987781 0.003755394 -1.500858426 0.010048576 -0.003723002 0.999942601 52.565296173
0.999945700 0.003529837 -0.009809935 0.886012137 -0.003489498 0.999985397 0.004126183 -1.514394879 0.009824357 -0.004091727 0.999943376 53.101406097
0.999943495 0.003479009 -0.010047968 0.895598352 -0.003440817 0.999986947 0.003815700 -1.527010322 0.010061113 -0.003780912 0.999942243 53.666202545
0.999944687 0.003545504 -0.009904686 0.904665232 -0.003506305 0.999985993 0.003972241 -1.541292191 0.009918632 -0.003937292 0.999943078 54.211357117
0.999945343 0.003295827 -0.009924969 0.903043687 -0.003259577 0.999987960 0.003666380 -1.549920797 0.009936932 -0.003633828 0.999944031 54.758171082
0.999947011 0.003152440 -0.009806564 0.902796805 -0.003121309 0.999990046 0.003188242 -1.560505867 0.009816518 -0.003157464 0.999946833 55.313293457
0.999943316 0.003435167 -0.010078747 0.914369404 -0.003399005 0.999987721 0.003602889 -1.577354908 0.010091001 -0.003568427 0.999942720 55.845695496
0.999942839 0.003290449 -0.010169696 0.915866196 -0.003253274 0.999988079 0.003669890 -1.589146137 0.010181649 -0.003636596 0.999941528 56.396335602
0.999944389 0.003345551 -0.010005438 0.926740944 -0.003309026 0.999987781 0.003664871 -1.603290081 0.010017576 -0.003631559 0.999943197 56.945045471
0.999939203 0.003284099 -0.010539633 0.942015707 -0.003241801 0.999986649 0.004027813 -1.620369554 0.010552722 -0.003993401 0.999936283 57.478141785
0.999934793 0.003837809 -0.010763259 0.945585489 -0.003790010 0.999982893 0.004457837 -1.638138533 0.010780185 -0.004416753 0.999932110 58.022457123
0.999936879 0.002594558 -0.010939143 0.959980786 -0.002556082 0.999990523 0.003529770 -1.644520164 0.010948199 -0.003501586 0.999933898 58.566226959
0.999940157 0.003073433 -0.010499386 0.954744875 -0.003039639 0.999990165 0.003233142 -1.649934173 0.010509219 -0.003201034 0.999939680 59.107723236
0.999938667 0.003137459 -0.010619267 0.962385356 -0.003106942 0.999991059 0.002888993 -1.664607048 0.010628236 -0.002855823 0.999939501 59.651813507
0.999938190 0.002939023 -0.010725693 0.968313456 -0.002908610 0.999991715 0.002850115 -1.673920155 0.010733978 -0.002818742 0.999938428 60.205398560
0.999937057 0.003312033 -0.010720762 0.969511151 -0.003278401 0.999989629 0.003153128 -1.688740969 0.010731096 -0.003117783 0.999937475 60.734317780
0.999937832 0.003811554 -0.010478021 0.976364493 -0.003775490 0.999986827 0.003459357 -1.708549380 0.010491069 -0.003419582 0.999939084 61.282505035
0.999931931 0.003409923 -0.011158056 0.983359277 -0.003374278 0.999989092 0.003211888 -1.714543462 0.011168888 -0.003174018 0.999932528 61.835285187
0.999931216 0.003482987 -0.011200026 0.995425582 -0.003449623 0.999989569 0.002996840 -1.731045365 0.011210347 -0.002957998 0.999932766 62.353691101
0.999928355 0.003827018 -0.011344013 1.002369523 -0.003789941 0.999987423 0.003288149 -1.751447797 0.011356452 -0.003244920 0.999930203 62.896053314
0.999927461 0.004229865 -0.011275719 0.999354422 -0.004187255 0.999984026 0.003799825 -1.766829371 0.011291611 -0.003752335 0.999929190 63.449096680
0.999932289 0.003739044 -0.011014303 1.002801895 -0.003705916 0.999988556 0.003026622 -1.768971086 0.011025495 -0.002985599 0.999934733 63.986759186
0.999932110 0.003705519 -0.011045188 1.002994061 -0.003671327 0.999988437 0.003114318 -1.783934355 0.011056599 -0.003073557 0.999934137 64.534217834
0.999920368 0.003907739 -0.011998700 1.018803835 -0.003866920 0.999986768 0.003423217 -1.793438077 0.012011917 -0.003376546 0.999922097 65.063796997
0.999928832 0.003885457 -0.011279948 1.005687952 -0.003851936 0.999988079 0.002991892 -1.800808191 0.011291438 -0.002948230 0.999931872 65.606872559
0.999931097 0.003829965 -0.011097958 1.021645546 -0.003795647 0.999987960 0.003111744 -1.818450689 0.011109742 -0.003069406 0.999933600 66.145675659
0.999931812 0.003902823 -0.011008082 1.021166086 -0.003875999 0.999989450 0.002457034 -1.823997736 0.011017556 -0.002414199 0.999936461 66.700393677
0.999926746 0.003911921 -0.011452690 1.033464670 -0.003884759 0.999989569 0.002392921 -1.844020247 0.011461932 -0.002348254 0.999931574 67.247787476
0.999928474 0.003958616 -0.011287570 1.041424274 -0.003923825 0.999987423 0.003102798 -1.859679818 0.011299712 -0.003058285 0.999931455 67.781349182
0.999924123 0.004363381 -0.011520852 1.050827980 -0.004322003 0.999984086 0.003614058 -1.879998922 0.011536440 -0.003563990 0.999927044 68.311431885
0.999924958 0.004192705 -0.011516007 1.059142590 -0.004155529 0.999986053 0.003250225 -1.894191504 0.011529475 -0.003202126 0.999928355 68.856109619
0.999930680 0.004409871 -0.010915047 1.043702841 -0.004375699 0.999985576 0.003152571 -1.903397083 0.010928790 -0.003104593 0.999935389 69.408691406
0.999926627 0.004602930 -0.011196765 1.053534985 -0.004575542 0.999986470 0.002470482 -1.911011934 0.011207983 -0.002419070 0.999934196 69.948669434
0.999932885 0.004660798 -0.010600888 1.049883127 -0.004628944 0.999984741 0.003027438 -1.929094791 0.010614838 -0.002978165 0.999939203 70.503868103
0.999930918 0.004329921 -0.010926434 1.057893991 -0.004301925 0.999987364 0.002584461 -1.936680675 0.010937488 -0.002537278 0.999936879 71.043228149
0.999927223 0.004351009 -0.011252279 1.070430040 -0.004319402 0.999986708 0.002831609 -1.954527974 0.011264449 -0.002782800 0.999932647 71.588600159
0.999923348 0.004224703 -0.011635778 1.078203678 -0.004195706 0.999988079 0.002515290 -1.965989232 0.011646265 -0.002466277 0.999929070 72.132606506
0.999931335 0.004561154 -0.010788833 1.070733190 -0.004531601 0.999985933 0.002762015 -1.982349992 0.010801278 -0.002712935 0.999938011 72.669540405
0.999929070 0.004341686 -0.011092214 1.081504941 -0.004306784 0.999985695 0.003168403 -2.001350880 0.011105811 -0.003120407 0.999933481 73.213462830
0.999927700 0.003888991 -0.011377459 1.083971024 -0.003856723 0.999988556 0.002856717 -2.011153460 0.011388438 -0.002812631 0.999931216 73.766891479
0.999931455 0.003924974 -0.011032714 1.085963249 -0.003897076 0.999989152 0.002549014 -2.020974159 0.011042596 -0.002505844 0.999935806 74.293586731
0.999930859 0.003831809 -0.011110633 1.094649792 -0.003799152 0.999988377 0.002958811 -2.036614895 0.011121841 -0.002916396 0.999933898 74.832099915
0.999924839 0.004502556 -0.011399072 1.099722862 -0.004461588 0.999983490 0.003616816 -2.056820631 0.011415170 -0.003565687 0.999928534 75.369445801
0.999928534 0.003735658 -0.011351677 1.105637193 -0.003703166 0.999988914 0.002882003 -2.066387892 0.011362317 -0.002839760 0.999931395 75.911743164
0.999921143 0.004295729 -0.011798586 1.111092567 -0.004261237 0.999986529 0.002946957 -2.082202435 0.011811086 -0.002896447 0.999926031 76.458854675
0.999928534 0.003516883 -0.011421842 1.116278648 -0.003488228 0.999990702 0.002527722 -2.090456009 0.011430629 -0.002487700 0.999931514 77.008003235
0.999919593 0.003426428 -0.012205804 1.127412319 -0.003393405 0.999990523 0.002725197 -2.104880095 0.012215027 -0.002683559 0.999921739 77.551094055
0.999921918 0.003532528 -0.011988289 1.130254745 -0.003498959 0.999990046 0.002819921 -2.116884232 0.011998129 -0.002777754 0.999924183 78.093521118
0.999920607 0.003795686 -0.012016468 1.138766766 -0.003768560 0.999990404 0.002279236 -2.128630400 0.012025002 -0.002233771 0.999925196 78.639030457
0.999926448 0.003596870 -0.011585029 1.135387659 -0.003565342 0.999989808 0.002740979 -2.144494295 0.011594774 -0.002699473 0.999929130 79.177093506
0.999928176 0.003759032 -0.011380095 1.136253119 -0.003731556 0.999990046 0.002434622 -2.155165195 0.011389134 -0.002391982 0.999932289 79.729827881
0.999921620 0.003714408 -0.011949555 1.147013664 -0.003683420 0.999989808 0.002614192 -2.172061443 0.011959143 -0.002569972 0.999925196 80.259628296
0.999933779 0.003968882 -0.010796095 1.153560400 -0.003939595 0.999988496 0.002732668 -2.186100483 0.010806816 -0.002689955 0.999938011 80.809005737
0.999941885 0.004314945 -0.009873769 1.155952930 -0.004287429 0.999986827 0.002806132 -2.200778484 0.009885747 -0.002763636 0.999947369 81.352066040
0.999956071 0.004112232 -0.008413612 1.166043997 -0.004087427 0.999987245 0.002963222 -2.218283176 0.008425690 -0.002928702 0.999960184 81.892066956
0.999968469 0.003972024 -0.006876323 1.170252562 -0.003952704 0.999988198 0.002820985 -2.230740547 0.006887448 -0.002793716 0.999972403 82.436866760
0.999984145 0.004179526 -0.003789776 1.185362339 -0.004168594 0.999987125 0.002887988 -2.243316412 0.003801798 -0.002872145 0.999988675 82.989212036
0.999991179 0.004143956 -0.000816136 1.207345605 -0.004141419 0.999986649 0.003086176 -2.256760597 0.000828914 -0.003082768 0.999994934 83.508888245
0.999985516 0.004201259 0.003365685 1.202660441 -0.004210233 0.999987543 0.002663680 -2.268257618 -0.003354452 -0.002677811 0.999990761 84.078056335
0.999960959 0.003769140 0.007996336 1.226651430 -0.003794268 0.999987841 0.003129711 -2.289175749 -0.007984442 -0.003159929 0.999963105 84.622772217
0.999893248 0.004911702 0.013761265 1.249050379 -0.004953260 0.999983251 0.002987551 -2.301476002 -0.013746361 -0.003055394 0.999900818 85.181449890
0.999807060 0.004068537 0.019217495 1.281546235 -0.004120633 0.999987960 0.002672023 -2.311792374 -0.019206394 -0.002750696 0.999811769 85.733474731
0.999696672 0.002913083 0.024454970 1.320639729 -0.002977140 0.999992132 0.002583389 -2.326319218 -0.024447249 -0.002655411 0.999697626 86.273376465
0.999448836 0.003763844 0.032980330 1.342499375 -0.003858322 0.999988616 0.002801505 -2.341687202 -0.032969408 -0.002927209 0.999452055 86.810050964
0.999158382 0.003840658 0.040837370 1.392894506 -0.003976132 0.999986887 0.003236689 -2.360978603 -0.040824398 -0.003396340 0.999160528 87.353042603
0.998832524 0.003593636 0.048172019 1.426061630 -0.003742774 0.999988496 0.003006097 -2.370142937 -0.048160661 -0.003182885 0.998834550 87.898811340
0.998358905 0.002836024 0.057196923 1.475878477 -0.002986423 0.999992371 0.002544197 -2.376573801 -0.057189267 -0.002710836 0.998359621 88.444076538
0.997747898 0.003106573 0.067002840 1.522501945 -0.003274028 0.999991834 0.002389552 -2.384520292 -0.066994868 -0.002603539 0.997749925 88.953208923
0.997162998 0.003445930 0.075192817 1.592226505 -0.003627849 0.999990880 0.002282917 -2.404656649 -0.075184256 -0.002549229 0.997166395 89.521987915
0.996487975 0.003169278 0.083676293 1.653901100 -0.003346729 0.999992371 0.001980504 -2.410812140 -0.083669409 -0.002253590 0.996490955 90.094482422
0.995577633 0.002894410 0.093897425 1.735443592 -0.003097346 0.999993145 0.002015588 -2.425305605 -0.093890965 -0.002297507 0.995579779 90.634162903
0.994482517 0.003032778 0.104858048 1.801718712 -0.003266144 0.999992490 0.002053896 -2.438769579 -0.104851045 -0.002385045 0.994485021 91.177536011
0.993489385 0.001911334 0.113908529 1.893396378 -0.002181108 0.999995112 0.002243756 -2.455360889 -0.113903686 -0.002477595 0.993488729 91.739082336
0.992145181 0.001264855 0.125085950 1.981760025 -0.001523277 0.999996960 0.001970337 -2.463073730 -0.125083089 -0.002145401 0.992143989 92.270149231
0.990519464 0.001708590 0.137361690 2.071145058 -0.001996633 0.999996066 0.001959207 -2.477460623 -0.137357831 -0.002214894 0.990518928 92.847831726
0.988971055 0.001747562 0.148098335 2.174256325 -0.002090008 0.999995530 0.002156694 -2.495900393 -0.148093894 -0.002442435 0.988970220 93.392059326
0.987356484 0.001176906 0.158511028 2.278990746 -0.001566662 0.999996066 0.002333917 -2.510224819 -0.158507660 -0.002552742 0.987354398 93.924926758
0.985300541 0.000894421 0.170827806 2.403518677 -0.001307280 0.999996603 0.002304341 -2.527556181 -0.170825124 -0.002493788 0.985298276 94.438018799
0.982954860 0.000785689 0.183844715 2.521481514 -0.001236633 0.999996483 0.002338216 -2.539480686 -0.183842242 -0.002525710 0.982952476 94.999580383
0.981040061 0.000598325 0.193804085 2.646417618 -0.001075998 0.999996603 0.002359465 -2.550964355 -0.193802029 -0.002523263 0.981037438 95.530334473
0.978535771 0.000381875 0.206076622 2.793994904 -0.000941827 0.999996126 0.002619114 -2.573881626 -0.206074819 -0.002756985 0.978532374 96.029075623
0.975378454 0.000393939 0.220537886 2.919874191 -0.001012327 0.999995887 0.002690987 -2.583238840 -0.220535979 -0.002847987 0.975374699 96.586334229
0.972859561 0.000102631 0.231396675 3.067546844 -0.000753699 0.999996006 0.002725246 -2.599731207 -0.231395498 -0.002825685 0.972855747 97.116256714
0.969899118 0.000557642 0.243506208 3.215553284 -0.001195063 0.999996245 0.002469959 -2.605283976 -0.243503943 -0.002686617 0.969896138 97.646934509
0.966118276 0.000211158 0.258099705 3.371063232 -0.000928417 0.999996066 0.002657127 -2.622759819 -0.258098096 -0.002806723 0.966114581 98.208129883
0.962670982 -0.000277608 0.270674258 3.534070969 -0.000385484 0.999997020 0.002396611 -2.633858681 -0.270674139 -0.002411488 0.962668061 98.734954834
0.959875882 -0.001582468 0.280420780 3.720634460 0.000942517 0.999996662 0.002416952 -2.643041611 -0.280423641 -0.002055672 0.959874153 99.211753845
0.955319047 -0.001452366 0.295573086 3.892156601 0.000580214 0.999995172 0.003038401 -2.665745974 -0.295576096 -0.002731147 0.955315292 99.773574829
0.951184094 -0.002055823 0.308617294 4.088066101 0.001302318 0.999995708 0.002647517 -2.677026987 -0.308621407 -0.002116359 0.951182604 100.277389526
0.947224140 -0.002185959 0.320564538 4.282775879 0.001334778 0.999994934 0.002874973 -2.687144279 -0.320569247 -0.002295362 0.947222233 100.805206299
0.942681432 -0.002825109 0.333682239 4.490041733 0.002016532 0.999994159 0.002769536 -2.701660633 -0.333688140 -0.001937909 0.942681491 101.320945740
0.937620103 -0.002822761 0.347650051 4.700798035 0.001885524 0.999993682 0.003034196 -2.718902349 -0.347656429 -0.002189421 0.937619448 101.813934326
0.932858050 -0.002738316 0.360233516 4.916082382 0.001934895 0.999994695 0.002590872 -2.726905584 -0.360238761 -0.001719901 0.932858527 102.347579956
0.928510070 -0.003486400 0.371290714 5.148805618 0.002797529 0.999993205 0.002393925 -2.736697197 -0.371296555 -0.001184087 0.928513527 102.859123230
0.922410250 -0.003710126 0.386193663 5.370288849 0.002841132 0.999991953 0.002820884 -2.754362583 -0.386201024 -0.001504785 0.922413409 103.348320007
0.916926205 -0.004751386 0.399028331 5.611114502 0.003934400 0.999988079 0.002866397 -2.765905857 -0.399037182 -0.001058338 0.916934133 103.835800171
0.912051499 -0.004544519 0.410050392 5.853233337 0.003799473 0.999989331 0.002631760 -2.777504921 -0.410057962 -0.000842325 0.912059069 104.314628601
0.905749857 -0.004985651 0.423783362 6.115402222 0.004040116 0.999986947 0.003129550 -2.804675102 -0.423793346 -0.001122455 0.905758202 104.832138062
0.899534702 -0.005287121 0.436817259 6.381690979 0.004423063 0.999985695 0.002995182 -2.819025993 -0.436826825 -0.000762200 0.899545372 105.307083130
0.893624067 -0.005933502 0.448776990 6.662158966 0.005207838 0.999982417 0.002851187 -2.824285984 -0.448785931 -0.000210731 0.893639266 105.826698303
0.888043404 -0.006455468 0.459714025 6.919864655 0.005367148 0.999978900 0.003674175 -2.843471289 -0.459727973 -0.000795474 0.888059378 106.284255981
0.880643547 -0.006353137 0.473736763 7.192470551 0.005357991 0.999979675 0.003450284 -2.859730244 -0.473749131 -0.000500193 0.880659640 106.765594482
0.873882949 -0.007008282 0.486085743 7.484500885 0.006134016 0.999975502 0.003389726 -2.871958971 -0.486097574 0.000019433 0.873904467 107.238586426
0.868176877 -0.007177431 0.496203095 7.776344299 0.006404278 0.999974251 0.003259148 -2.884155273 -0.496213615 0.000348305 0.868200362 107.713203430
0.861089706 -0.007037627 0.508404493 8.074176788 0.005894507 0.999975204 0.003858646 -2.900197506 -0.508419156 -0.000325847 0.861109614 108.153717041
