1.000000000 0.000000000 0.000000000 0.000000000 0.000000000 1.000000000 0.000000000 0.000000000 0.000000000 0.000000000 1.000000000 0.000000000
1.000000000 0.000082567 -0.000000791 0.000196814 -0.000082567 1.000000000 0.000007707 -0.000424908 0.000000791 -0.000007707 1.000000000 -0.001955777
1.000000000 0.000028615 0.000001063 0.000851546 -0.000028615 1.000000000 0.000000491 -0.000864031 -0.000001063 -0.000000491 1.000000000 -0.001973539
1.000000000 -0.000096945 -0.000090677 0.001687815 0.000096951 1.000000000 0.000057570 -0.001049906 0.000090671 -0.000057579 1.000000000 -0.003619126
1.000000000 -0.000144135 -0.000097388 -0.000200040 0.000144133 1.000000000 -0.000014879 0.000234124 0.000097390 0.000014865 1.000000000 -0.002497976
1.000000000 -0.000070238 -0.000014791 -0.000105635 0.000070239 1.000000000 0.000057359 -0.000220379 0.000014787 -0.000057360 1.000000000 -0.001960558
1.000000000 -0.000102159 -0.000020649 0.000208750 0.000102160 1.000000000 0.000044354 -0.000657732 0.000020644 -0.000044357 1.000000000 -0.002624135
1.000000000 0.000027584 -0.000026246 -0.000153876 -0.000027583 1.000000000 0.000035389 0.000194870 0.000026247 -0.000035388 1.000000000 -0.004385695
1.000000000 0.000031698 0.000028002 -0.000045700 -0.000031698 1.000000000 -0.000009466 0.001297170 -0.000028002 0.000009465 1.000000000 -0.001325457
1.000000000 0.000066472 -0.000010695 -0.000860812 -0.000066473 1.000000000 -0.000041208 0.001597132 0.000010692 0.000041208 1.000000000 -0.001482723
1.000000000 -0.000032329 -0.000035624 -0.000008021 0.000032329 1.000000000 0.000017138 0.000725287 0.000035624 -0.000017139 1.000000000 -0.000489632
1.000000000 -0.000073901 -0.000066241 0.000502024 0.000073897 1.000000000 -0.000065190 0.001842594 0.000066246 0.000065185 1.000000000 0.001180630
1.000000000 -0.000053338 -0.000021438 -0.001454785 0.000053338 1.000000000 0.000028325 0.001475491 0.000021437 -0.000028326 1.000000000 -0.000153435
1.000000000 -0.000044170 -0.000021007 0.000241153 0.000044170 1.000000000 0.000016935 0.000533289 0.000021006 -0.000016936 1.000000000 -0.004231279
1.000000000 0.000046711 -0.000012286 0.002063673 -0.000046710 1.000000000 0.000046953 0.000414588 0.000012288 -0.000046953 1.000000000 -0.001887849
1.000000000 -0.000010283 -0.000031755 0.001258607 0.000010285 1.000000000 0.000077645 -0.000472599 0.000031755 -0.000077646 1.000000000 -0.004832607
1.000000000 -0.000008738 -0.000014737 0.000788631 0.000008738 1.000000000 -0.000008422 0.001376251 0.000014737 0.000008422 1.000000000 -0.002236023
1.000000000 0.000062968 -0.000021837 0.001046773 -0.000062967 1.000000000 0.000032273 0.001119656 0.000021839 -0.000032271 1.000000000 -0.003062124
1.000000000 -0.000049176 -0.000043610 0.000128498 0.000049175 1.000000000 -0.000012360 0.000398647 0.000043611 0.000012358 1.000000000 -0.003130147
1.000000000 -0.000154182 -0.000103625 0.001705076 0.000154184 1.000000000 0.000017034 0.000397121 0.000103622 -0.000017050 1.000000000 -0.003050138
1.000000000 -0.000098828 -0.000065207 0.000542688 0.000098829 1.000000000 0.000027853 0.000486150 0.000065205 -0.000027859 1.000000000 -0.005211581
1.000000000 0.000037700 -0.000000434 0.000604748 -0.000037700 1.000000000 0.000021760 0.001552850 0.000000434 -0.000021760 1.000000000 -0.005595454
1.000000000 -0.000053648 -0.000092600 0.001185943 0.000053653 1.000000000 0.000057113 0.000194158 0.000092596 -0.000057118 1.000000000 -0.002895805
1.000000000 -0.000093281 -0.000065479 0.000249604 0.000093282 1.000000000 0.000022321 0.000911916 0.000065477 -0.000022327 1.000000000 -0.003903882
1.000000000 -0.000031885 -0.000057137 0.001062601 0.000031885 1.000000000 0.000004385 0.001607586 0.000057136 -0.000004387 1.000000000 -0.002753364
1.000000000 -0.000133711 -0.000048433 0.001108143 0.000133712 1.000000000 0.000024646 0.001546480 0.000048430 -0.000024653 1.000000000 -0.001477934
1.000000000 -0.000155944 -0.000109795 0.002258199 0.000155953 1.000000000 0.000075583 0.000325121 0.000109783 -0.000075601 1.000000000 -0.005411737
1.000000000 -0.000229415 -0.000062896 0.001297884 0.000229415 1.000000000 0.000001541 0.001940126 0.000062896 -0.000001556 1.000000000 -0.004305558
1.000000000 -0.000013066 -0.000036816 0.001686867 0.000013069 1.000000000 0.000066514 0.000387979 0.000036815 -0.000066514 1.000000000 -0.004706220
1.000000000 -0.000133044 -0.000109003 0.002060527 0.000133053 1.000000000 0.000087913 0.000213759 0.000108991 -0.000087928 1.000000000 -0.003676270
1.000000000 -0.000127248 -0.000113031 0.000996805 0.000127252 1.000000000 0.000030934 0.000979360 0.000113027 -0.000030948 1.000000000 -0.003374581
1.000000000 -0.000201568 -0.000053035 0.000437967 0.000201571 1.000000000 0.000051661 0.001310947 0.000053024 -0.000051671 1.000000000 -0.001962220
1.000000000 -0.000107965 -0.000074087 0.000919685 0.000107963 1.000000000 -0.000038530 0.001678212 0.000074092 0.000038522 1.000000000 -0.001946949
1.000000000 -0.000073899 -0.000049660 0.000313805 0.000073897 1.000000000 -0.000034770 0.001864786 0.000049662 0.000034767 1.000000000 -0.002321952
1.000000000 -0.000174238 -0.000089356 0.001128140 0.000174245 1.000000000 0.000072650 0.000486067 0.000089344 -0.000072665 1.000000000 -0.005618753
1.000000000 -0.000144981 -0.000105076 0.002345494 0.000144978 1.000000000 -0.000023662 0.001456265 0.000105080 0.000023646 1.000000000 -0.004792359
1.000000000 -0.000105156 -0.000106197 0.002889744 0.000105165 1.000000000 0.000084062 0.000261332 0.000106188 -0.000084074 1.000000000 -0.005134778
1.000000000 -0.000201595 -0.000118073 0.000983349 0.000201599 1.000000000 0.000039326 0.000645962 0.000118065 -0.000039350 1.000000000 -0.004243154
1.000000000 -0.000158348 -0.000055226 0.000173179 0.000158351 1.000000000 0.000049798 0.000914016 0.000055218 -0.000049806 1.000000000 -0.002825504
1.000000000 -0.000123573 -0.000152762 0.002600455 0.000123574 1.000000000 0.000007999 -0.000194647 0.000152761 -0.000008017 1.000000000 -0.002665841
0.999999940 -0.000237773 -0.000097519 0.002514263 0.000237719 0.999999821 -0.000559123 -0.001489634 0.000097652 0.000559100 0.999999821 0.044719547
1.000000000 -0.000071345 -0.000187811 0.003915723 0.000071134 0.999999344 -0.001120403 -0.005010784 0.000187891 0.001120389 0.999999344 0.134267285
1.000000000 -0.000105315 -0.000107634 0.004910275 0.000105161 0.999998987 -0.001433249 -0.006754796 0.000107785 0.001433237 0.999998987 0.252011895
1.000000000 -0.000076491 -0.000076500 0.006771836 0.000076379 0.999998927 -0.001473537 -0.011942144 0.000076612 0.001473531 0.999998927 0.384827077
1.000000000 0.000184886 -0.000053706 0.008610567 -0.000184952 0.999999225 -0.001226325 -0.014311127 0.000053479 0.001226335 0.999999225 0.515738368
1.000000000 -0.000138319 -0.000009841 0.014527213 0.000138309 0.999999464 -0.001029408 -0.022408003 0.000009983 0.001029406 0.999999464 0.684340239
1.000000000 -0.000160663 -0.000054671 0.021378478 0.000160615 0.999999583 -0.000882525 -0.026051177 0.000054813 0.000882516 0.999999583 0.840865314
1.000000000 0.000204986 0.000067458 0.020334892 -0.000204938 0.999999702 -0.000712407 -0.027690172 -0.000067604 0.000712393 0.999999762 1.013435006
1.000000000 0.000114195 -0.000111761 0.028800773 -0.000114271 0.999999762 -0.000678861 -0.033460584 0.000111683 0.000678874 0.999999762 1.192492485
1.000000000 0.000068988 0.000005697 0.035852794 -0.000068986 0.999999940 -0.000380200 -0.041187305 -0.000005723 0.000380199 0.999999940 1.361339927
0.999999940 0.000339283 -0.000012772 0.037782416 -0.000339286 0.999999881 -0.000283825 -0.047902863 0.000012676 0.000283829 0.999999940 1.553922534
1.000000000 -0.000151896 0.000159478 0.039621525 0.000151898 1.000000000 -0.000013941 -0.060394701 -0.000159475 0.000013966 1.000000000 1.751815796
0.999999940 -0.000180966 -0.000041532 0.042556215 0.000180961 0.999999940 -0.000134219 -0.058888447 0.000041556 0.000134211 1.000000000 1.943629742
0.999999881 0.000307908 0.000199153 0.037352722 -0.000307871 0.999999881 -0.000183921 -0.063181654 -0.000199209 0.000183860 0.999999940 2.162804842
0.999999940 -0.000137029 -0.000307329 0.049104203 0.000137038 1.000000000 0.000026750 -0.068458021 0.000307326 -0.000026792 1.000000000 2.380853653
1.000000000 -0.000090050 -0.000137921 0.056011103 0.000090047 1.000000000 -0.000019635 -0.075424738 0.000137923 0.000019622 1.000000000 2.598288536
1.000000000 0.000035262 -0.000023989 0.060283728 -0.000035264 1.000000000 -0.000061943 -0.083222166 0.000023986 0.000061944 1.000000000 2.818615198
0.999999940 0.000279222 0.000107788 0.063158475 -0.000279220 1.000000000 -0.000018736 -0.087855622 -0.000107793 0.000018706 1.000000000 3.053663254
0.999999940 -0.000040751 -0.000111538 0.072456807 0.000040748 1.000000000 -0.000022524 -0.094510302 0.000111538 0.000022519 1.000000000 3.291867256
0.999999940 -0.000122664 0.000044268 0.072409496 0.000122656 1.000000000 0.000176475 -0.105692647 -0.000044290 -0.000176470 0.999999940 3.548243046
0.999999940 -0.000125671 -0.000298805 0.089318767 0.000125819 0.999999940 0.000497420 -0.116236903 0.000298743 -0.000497457 0.999999762 3.784181595
1.000000000 0.000094808 0.000014759 0.081104599 -0.000094819 0.999999762 0.000711588 -0.128506050 -0.000014692 -0.000711590 0.999999762 4.039978504
0.999999881 0.000376100 0.000364755 0.085562661 -0.000376433 0.999999583 0.000915234 -0.135277420 -0.000364411 -0.000915371 0.999999523 4.300168514
0.999999940 0.000364923 0.000180147 0.087780654 -0.000365096 0.999999523 0.000959179 -0.141110465 -0.000179797 -0.000959245 0.999999523 4.552192688
0.999999940 0.000078218 0.000316496 0.094196059 -0.000078615 0.999999225 0.001255879 -0.152363941 -0.000316398 -0.001255904 0.999999106 4.814839840
0.999999821 0.000061279 0.000561527 0.098731428 -0.000062042 0.999999046 0.001359380 -0.162697345 -0.000561443 -0.001359414 0.999998927 5.068500996
0.999999881 0.000029000 0.000473183 0.105978355 -0.000029618 0.999999106 0.001306002 -0.170047089 -0.000473144 -0.001306016 0.999999046 5.334321976
0.999999940 -0.000287423 0.000255435 0.113100201 0.000287054 0.999998868 0.001443030 -0.178753018 -0.000255849 -0.001442956 0.999998927 5.599750519
0.999999762 0.000286902 0.000662882 0.113745414 -0.000287898 0.999998868 0.001502225 -0.185527369 -0.000662450 -0.001502416 0.999998629 5.877572060
0.999999821 -0.000063403 0.000590304 0.123260103 0.000062516 0.999998868 0.001502286 -0.197819948 -0.000590399 -0.001502249 0.999998689 6.154841423
0.999999881 -0.000145004 0.000434703 0.133272201 0.000144066 0.999997675 0.002157111 -0.213778391 -0.000435015 -0.002157048 0.999997556 6.403780460
0.999999762 0.000203421 0.000570210 0.139741331 -0.000204627 0.999997735 0.002116756 -0.223752961 -0.000569778 -0.002116872 0.999997556 6.684535980
0.999999762 0.000370234 0.000620691 0.143519744 -0.000371629 0.999997377 0.002249566 -0.232747674 -0.000619856 -0.002249795 0.999997258 6.982455730
0.999999881 0.000080244 0.000507995 0.153509736 -0.000081422 0.999997318 0.002319470 -0.243947387 -0.000507808 -0.002319510 0.999997199 7.267051697
0.999999702 0.000185206 0.000676964 0.156873927 -0.000186732 0.999997437 0.002254694 -0.252705723 -0.000676545 -0.002254819 0.999997258 7.591871262
0.999999464 -0.000881396 0.000273764 0.181903169 0.000880698 0.999996305 0.002540823 -0.267426342 -0.000276003 -0.002540580 0.999996722 7.890866756
0.999999404 -0.000840298 0.000669519 0.170882508 0.000838515 0.999996066 0.002659925 -0.283913434 -0.000671752 -0.002659362 0.999996245 8.223821640
0.999998629 -0.001539618 0.000511328 0.189658612 0.001538281 0.999995351 0.002604575 -0.294705451 -0.000515335 -0.002603785 0.999996483 8.536136627
0.999999404 0.000021060 0.001032972 0.180263609 -0.000023696 0.999996781 0.002551899 -0.293936819 -0.001032915 -0.002551922 0.999996245 8.895123482
0.999999404 -0.000289506 0.001024175 0.192951724 0.000286837 0.999996603 0.002604984 -0.309267461 -0.001024926 -0.002604689 0.999996126 9.241167068
0.999999344 0.000137991 0.001147386 0.204325870 -0.000141055 0.999996483 0.002670839 -0.318337888 -0.001147013 -0.002670999 0.999995768 9.571979523
0.999999404 -0.000072601 0.001077752 0.201383308 0.000069655 0.999996305 0.002733694 -0.326130271 -0.001077946 -0.002733618 0.999995708 9.942407608
0.999999344 -0.000628436 0.000912267 0.202864751 0.000625828 0.999995708 0.002856359 -0.355564386 -0.000914058 -0.002855786 0.999995530 10.232152939
0.999999285 -0.000432763 0.001075407 0.209075123 0.000429471 0.999995112 0.003059519 -0.366270572 -0.001076726 -0.003059055 0.999994814 10.593398094
0.999999344 -0.000577479 0.001073624 0.215946421 0.000574169 0.999995053 0.003080636 -0.370572627 -0.001075398 -0.003080018 0.999994695 10.956222534
0.999999106 -0.000746098 0.001135756 0.226878136 0.000742375 0.999994338 0.003275092 -0.388932705 -0.001138193 -0.003274245 0.999994040 11.316809654
0.999999285 -0.000859186 0.000795486 0.235079899 0.000856104 0.999992132 0.003867014 -0.419350803 -0.000798802 -0.003866330 0.999992192 11.691405296
0.999999523 -0.000479693 0.000761077 0.246979147 0.000476628 0.999991775 0.004022056 -0.431183875 -0.000763001 -0.004021691 0.999991596 12.077656746
0.999999404 -0.000359507 0.000963759 0.256633759 0.000355729 0.999992251 0.003917695 -0.439040631 -0.000965160 -0.003917350 0.999991775 12.459324837
0.999999225 -0.001058799 0.000600562 0.270104229 0.001056303 0.999990821 0.004142133 -0.452719480 -0.000604942 -0.004141496 0.999991238 12.829874039
0.999999404 -0.000602415 0.000902031 0.268802673 0.000598154 0.999988675 0.004716439 -0.490418285 -0.000904862 -0.004715897 0.999988496 13.236221313
0.999998927 -0.000931887 0.001137287 0.281341970 0.000926527 0.999988496 0.004703863 -0.497432500 -0.001141657 -0.004702805 0.999988258 13.641615868
0.999998927 -0.000732272 0.001261409 0.290468454 0.000725979 0.999987304 0.004981598 -0.510883331 -0.001265041 -0.004980678 0.999986887 14.061405182
0.999998331 -0.000278037 0.001797840 0.294957340 0.000268935 0.999987066 0.005061465 -0.520968080 -0.001799224 -0.005060973 0.999985635 14.480929375
0.999998152 -0.000645271 0.001820421 0.306878477 0.000635774 0.999986231 0.005212669 -0.533256292 -0.001823759 -0.005211503 0.999984741 14.904973984
0.999998212 -0.000761983 0.001756073 0.319982588 0.000752613 0.999985516 0.005330429 -0.545507312 -0.001760109 -0.005329097 0.999984264 15.329908371
0.999997139 -0.000211380 0.002375640 0.329410642 0.000197334 0.999982536 0.005911191 -0.562042177 -0.002376847 -0.005910704 0.999979734 15.757750511
0.999995172 0.000082627 0.003095007 0.335071445 -0.000100341 0.999983668 0.005723649 -0.573709309 -0.003094483 -0.005723932 0.999978781 16.203496933
0.999995887 -0.000855148 0.002721145 0.345491141 0.000839276 0.999982655 0.005828619 -0.587182820 -0.002726082 -0.005826313 0.999979317 16.634960175
0.999995649 -0.000747289 0.002879579 0.358108371 0.000729514 0.999980748 0.006168932 -0.598607481 -0.002884133 -0.006166805 0.999976814 17.098787308
0.999994934 -0.001053845 0.003014097 0.373812526 0.001034661 0.999979138 0.006359454 -0.612059712 -0.003020736 -0.006356303 0.999975264 17.555425644
0.999993742 -0.000875920 0.003441961 0.389436662 0.000853949 0.999979258 0.006379643 -0.628642797 -0.003447477 -0.006376663 0.999973714 18.011981964
0.999991775 -0.000914696 0.003954486 0.390904218 0.000889866 0.999979913 0.006276210 -0.639330983 -0.003960149 -0.006272640 0.999972463 18.466136932
0.999992192 -0.000987145 0.003816274 0.406212330 0.000962352 0.999978423 0.006492980 -0.655139983 -0.003822601 -0.006489257 0.999971628 18.920392990
0.999992132 -0.001353172 0.003716090 0.424560159 0.001330581 0.999980628 0.006074865 -0.659995139 -0.003724238 -0.006069872 0.999974608 19.409952164
0.999992371 -0.000580498 0.003859354 0.430945367 0.000554521 0.999977231 0.006728519 -0.683378220 -0.003863171 -0.006726326 0.999969900 19.875402451
0.999991417 -0.001888418 0.003690910 0.442822099 0.001862421 0.999973655 0.007034282 -0.720810235 -0.003704095 -0.007027348 0.999968469 20.378417969
0.999992073 -0.002263049 0.003271158 0.456081361 0.002239770 0.999972284 0.007102457 -0.734867930 -0.003287140 -0.007095074 0.999969482 20.865442276
0.999994099 -0.001896999 0.002897872 0.466602862 0.001876217 0.999972641 0.007157457 -0.743343830 -0.002911370 -0.007151978 0.999970257 21.369798660
0.999996126 -0.001252031 0.002477484 0.474797189 0.001234067 0.999973059 0.007239137 -0.761555254 -0.002486481 -0.007236052 0.999970734 21.850978851
0.999995649 -0.002354915 0.001755651 0.469105035 0.002340973 0.999966025 0.007901321 -0.789101362 -0.001774199 -0.007897177 0.999967217 22.372648239
0.999995410 -0.002430071 0.001820735 0.475937366 0.002416006 0.999967515 0.007687773 -0.797429442 -0.001839358 -0.007683338 0.999968767 22.895076752
0.999996245 -0.002510848 0.001076784 0.488406956 0.002502912 0.999970138 0.007309589 -0.808690608 -0.001095105 -0.007306867 0.999972641 23.423389435
0.999990702 -0.004317336 0.000087078 0.493589818 0.004316568 0.999962986 0.007439291 -0.825256348 -0.000119193 -0.007438845 0.999972284 23.888080597
0.999994636 -0.003259991 -0.000469926 0.502049506 0.003263375 0.999967396 0.007391668 -0.830580354 0.000445814 -0.007393161 0.999972582 24.413225174
0.999993622 -0.003361371 -0.001206421 0.517499328 0.003370491 0.999965131 0.007638512 -0.844468057 0.001180703 -0.007642529 0.999970078 24.951347351
0.999995291 -0.002623159 -0.001619861 0.525043964 0.002635594 0.999966741 0.007722832 -0.854650199 0.001599549 -0.007727066 0.999968827 25.453893661
0.999992967 -0.002938363 -0.002323218 0.528076053 0.002957686 0.999960721 0.008358116 -0.896984577 0.002298567 -0.008364929 0.999962389 25.975759506
0.999988139 -0.003870016 -0.002976523 0.537800848 0.003897420 0.999949634 0.009256496 -0.911238670 0.002940550 -0.009267987 0.999952793 26.520580292
0.999989450 -0.003017118 -0.003467058 0.549399853 0.003048635 0.999953806 0.009121213 -0.919605851 0.003439378 -0.009131687 0.999952376 27.067182541
0.999991655 -0.002230875 -0.003430647 0.559402049 0.002261765 0.999956727 0.009026726 -0.936897755 0.003410362 -0.009034411 0.999953330 27.626689911
0.999984503 -0.003554923 -0.004281134 0.559231877 0.003596282 0.999946535 0.009692024 -0.995614171 0.004246451 -0.009707269 0.999943852 28.179819107
0.999985397 -0.003419018 -0.004178473 0.562879503 0.003460095 0.999945283 0.009863121 -1.010177016 0.004144521 -0.009877436 0.999942660 28.729598999
0.999980330 -0.004188110 -0.004656514 0.574676573 0.004237482 0.999934435 0.010644110 -1.028929949 0.004611630 -0.010663634 0.999932528 29.273265839
0.999979377 -0.004069552 -0.004970971 0.552858710 0.004121083 0.999937356 0.010400386 -1.041162729 0.004928336 -0.010420656 0.999933541 29.613809586
0.999979496 -0.003867689 -0.005108725 0.562962770 0.003920041 0.999939501 0.010277714 -1.049326062 0.005068665 -0.010297530 0.999934077 30.171739578
0.999979913 -0.003759236 -0.005102950 0.570113063 0.003812572 0.999937773 0.010482869 -1.060221195 0.005063225 -0.010502113 0.999932051 30.693958282
0.999982834 -0.002430274 -0.005334359 0.581818461 0.002481554 0.999950647 0.009627660 -1.068802357 0.005310696 -0.009640733 0.999939382 31.245491028
0.999973416 -0.003952789 -0.006124775 0.601780653 0.004017144 0.999936461 0.010530789 -1.108262300 0.006082761 -0.010555112 0.999925792 31.730453491
0.999971211 -0.004298026 -0.006251619 0.611787319 0.004363876 0.999934733 0.010557968 -1.111766815 0.006205832 -0.010584946 0.999924719 32.265354156
0.999967098 -0.004496180 -0.006751755 0.615759552 0.004570501 0.999928653 0.011032798 -1.126903296 0.006701669 -0.011063294 0.999916315 32.828006744
0.999972105 -0.003523947 -0.006571014 0.620661318 0.003593541 0.999937296 0.010609564 -1.137124777 0.006533215 -0.010632882 0.999922097 33.314220428
0.999971747 -0.003523680 -0.006639122 0.609255433 0.003594034 0.999937177 0.010614937 -1.163717508 0.006601302 -0.010638499 0.999921620 33.803855896
0.999964893 -0.004143528 -0.007284598 0.626676023 0.004220631 0.999934912 0.010601063 -1.174085259 0.007240198 -0.010631436 0.999917328 34.347026825
0.999969363 -0.003195015 -0.007146128 0.637245059 0.003271114 0.999937773 0.010662807 -1.187760472 0.007111617 -0.010685858 0.999917567 34.880825043
0.999966145 -0.004231406 -0.007060481 0.609210789 0.004309304 0.999929547 0.011054298 -1.189323306 0.007013209 -0.011084351 0.999913990 35.390216827
0.999970675 -0.003221947 -0.006946627 0.613410771 0.003296084 0.999937356 0.010687456 -1.196761250 0.006911759 -0.010710040 0.999918818 35.918556213
0.999967873 -0.003752944 -0.007085657 0.625205517 0.003825635 0.999939978 0.010273446 -1.206160069 0.007046675 -0.010300224 0.999922156 36.472908020
0.999966025 -0.003575317 -0.007423898 0.640053451 0.003653873 0.999937177 0.010594983 -1.220207334 0.007385552 -0.010621749 0.999916315 37.011947632
0.999966621 -0.003669358 -0.007300895 0.622694492 0.003749247 0.999932885 0.010958922 -1.236233473 0.007260192 -0.010985928 0.999913275 37.513416290
0.999967992 -0.003357518 -0.007256017 0.630960822 0.003436429 0.999934852 0.010890276 -1.244562387 0.007218979 -0.010914861 0.999914348 38.054218292
0.999963641 -0.003960272 -0.007553866 0.638847709 0.004043276 0.999931276 0.011004888 -1.257110357 0.007509763 -0.011035031 0.999910891 38.601654053
0.999969423 -0.002453440 -0.007429624 0.650585651 0.002530291 0.999943256 0.010352285 -1.260750055 0.007403803 -0.010370765 0.999918818 39.131488800
0.999970496 -0.002455449 -0.007281685 0.642135262 0.002538200 0.999932051 0.011376954 -1.323027015 0.007253256 -0.011395098 0.999908745 39.590480804
0.999968946 -0.002713035 -0.007396235 0.651045144 0.002797881 0.999930084 0.011485416 -1.331036568 0.007364557 -0.011505752 0.999906600 40.152511597
0.999972701 -0.001853665 -0.007152703 0.657138824 0.001935879 0.999931991 0.011504350 -1.337533355 0.007130890 -0.011517884 0.999908209 40.695774078
0.999972463 -0.001848843 -0.007190424 0.670077682 0.001927382 0.999938428 0.010931180 -1.350279689 0.007169771 -0.010944737 0.999914348 41.218456268
0.999972641 -0.001384976 -0.007274469 0.676599741 0.001463540 0.999940515 0.010805784 -1.354916096 0.007259071 -0.010816133 0.999915123 41.747489929
0.999958038 -0.003568104 -0.008451033 0.687962174 0.003667113 0.999924421 0.011729266 -1.372885585 0.008408546 -0.011759762 0.999895453 42.216037750
0.999957561 -0.003385878 -0.008571658 0.700667739 0.003480634 0.999932706 0.011063893 -1.381444335 0.008533621 -0.011093257 0.999902070 42.760913849
0.999962866 -0.002421250 -0.008280247 0.708898008 0.002509992 0.999939263 0.010723611 -1.395513773 0.008253782 -0.010743994 0.999908209 43.292388916
0.999964237 -0.002669924 -0.008023606 0.694155276 0.002760351 0.999932587 0.011280267 -1.401194334 0.007992948 -0.011302012 0.999904096 43.783191681
0.999967039 -0.002033694 -0.007858246 0.701483130 0.002121156 0.999935806 0.011137804 -1.408202410 0.007835089 -0.011154106 0.999907076 44.339733124
0.999966323 -0.002319874 -0.007873339 0.709891319 0.002405713 0.999937594 0.010910680 -1.413319349 0.007847536 -0.010929254 0.999909401 44.865966797
0.999958575 -0.003319048 -0.008475316 0.720582366 0.003415438 0.999929368 0.011383957 -1.434567213 0.008436934 -0.011412433 0.999899209 45.338165283
0.999961913 -0.002765249 -0.008287096 0.725279570 0.002859480 0.999931216 0.011380607 -1.441956401 0.008255057 -0.011403870 0.999900818 45.893474579
0.999958515 -0.002995563 -0.008600654 0.736140013 0.003093052 0.999930918 0.011344257 -1.453713298 0.008566076 -0.011370389 0.999898612 46.455635071
0.999957383 -0.003172518 -0.008675721 0.747881532 0.003271150 0.999929905 0.011378256 -1.465068579 0.008639013 -0.011406150 0.999897659 46.955188751
0.999963284 -0.002517624 -0.008183538 0.732827485 0.002608932 0.999934196 0.011166004 -1.465923190 0.008154887 -0.011186945 0.999904156 47.384151459
0.999963403 -0.002651322 -0.008133888 0.742765605 0.002740976 0.999935329 0.011030859 -1.474905014 0.008104115 -0.011052748 0.999906063 47.934234619
0.999962151 -0.002570739 -0.008314467 0.754614115 0.002659833 0.999939024 0.010722310 -1.479876399 0.008286395 -0.010744019 0.999907911 48.463886261
0.999966323 -0.001663439 -0.008036991 0.756357670 0.001746292 0.999945343 0.010312860 -1.482572198 0.008019395 -0.010326547 0.999914527 48.990550995
0.999964356 -0.002422031 -0.008079585 0.746499538 0.002514007 0.999931872 0.011393109 -1.508842826 0.008051440 -0.011413015 0.999902427 49.425880432
0.999963462 -0.002622759 -0.008129846 0.748885989 0.002715537 0.999931097 0.011422083 -1.518671155 0.008099329 -0.011443743 0.999901652 49.976848602
0.999956667 -0.002883723 -0.008848052 0.775469959 0.002987570 0.999926507 0.011746049 -1.527372122 0.008813529 -0.011771974 0.999891818 50.491176605
0.999962032 -0.002351510 -0.008384148 0.766254663 0.002446060 0.999933422 0.011284919 -1.533624768 0.008357051 -0.011305000 0.999901175 50.981384277
0.999962151 -0.001833833 -0.008501018 0.774783134 0.001928715 0.999935806 0.011166446 -1.540093184 0.008479994 -0.011182420 0.999901533 51.519702911
0.999962330 -0.002216653 -0.008394573 0.777751565 0.002309902 0.999935567 0.011114949 -1.551963329 0.008369394 -0.011133921 0.999902964 52.020519257
0.999965787 -0.001977280 -0.008038850 0.786726892 0.002066662 0.999935925 0.011125657 -1.562093019 0.008016338 -0.011141890 0.999905765 52.567157745
0.999962151 -0.002211888 -0.008405890 0.785683811 0.002306785 0.999933541 0.011296496 -1.570504665 0.008380344 -0.011315459 0.999900877 53.053421021
0.999964356 -0.001735566 -0.008258822 0.787272215 0.001826412 0.999937773 0.011005053 -1.576683998 0.008239209 -0.011019746 0.999905348 53.602630615
0.999962211 -0.002448600 -0.008334541 0.795873880 0.002543527 0.999931753 0.011398122 -1.591974139 0.008306062 -0.011418890 0.999900281 54.080169678
0.999963164 -0.002239918 -0.008285453 0.799447536 0.002333319 0.999933600 0.011280416 -1.595638752 0.008259635 -0.011299333 0.999902010 54.627967834
0.999960959 -0.002118877 -0.008577044 0.809612870 0.002214842 0.999934852 0.011194627 -1.611347795 0.008552765 -0.011213187 0.999900520 55.174285889
0.999960482 -0.002501567 -0.008525887 0.821738362 0.002596196 0.999934971 0.011106201 -1.614190102 0.008497547 -0.011127898 0.999901950 55.613967896
0.999962211 -0.002577850 -0.008302516 0.828379750 0.002667394 0.999938190 0.010792284 -1.621338367 0.008274181 -0.010814024 0.999907196 56.158535004
0.999957800 -0.003044925 -0.008663997 0.837744117 0.003138886 0.999936163 0.010852141 -1.627256274 0.008630401 -0.010878879 0.999903560 56.703369141
0.999962866 -0.002300023 -0.008303270 0.835023165 0.002391562 0.999936223 0.011031443 -1.643772602 0.008277369 -0.011050891 0.999904692 57.146575928
0.999958038 -0.002406952 -0.008832557 0.856743395 0.002499209 0.999942303 0.010449135 -1.646946192 0.008806896 -0.010470772 0.999906361 57.819702148
0.999963522 -0.002431112 -0.008185474 0.847995162 0.002517497 0.999941051 0.010559731 -1.662660122 0.008159321 -0.010579953 0.999910772 58.240989685
0.999968946 -0.002196562 -0.007563543 0.854872465 0.002281846 0.999933660 0.011285523 -1.674939394 0.007538253 -0.011302432 0.999907732 58.788963318
0.999962151 -0.002591281 -0.008302440 0.859588981 0.002681422 0.999937475 0.010864500 -1.678212762 0.008273768 -0.010886354 0.999906540 59.199382782
0.999960840 -0.002586324 -0.008464742 0.876900554 0.002681174 0.999933541 0.011213212 -1.690207720 0.008435179 -0.011235471 0.999901354 59.740016937
0.999961436 -0.002677688 -0.008362019 0.882991135 0.002770913 0.999933958 0.011157052 -1.701007366 0.008331591 -0.011179793 0.999902785 60.290443420
0.999962926 -0.002515972 -0.008229134 0.886438668 0.002608488 0.999933302 0.011251071 -1.709955812 0.008200277 -0.011272120 0.999902904 60.840255737
0.999969423 -0.001736169 -0.007625773 0.874124408 0.001820112 0.999937713 0.011014755 -1.704511404 0.007606174 -0.011028299 0.999910295 61.421829224
0.999967039 -0.001916732 -0.007888630 0.910303473 0.002008475 0.999930263 0.011638419 -1.734819651 0.007865772 -0.011653879 0.999901235 62.031921387
0.999964952 -0.001782365 -0.008175626 0.892812550 0.001882204 0.999923527 0.012220388 -1.806724906 0.008153220 -0.012235349 0.999891877 62.253448486
0.999966383 -0.001221752 -0.008117463 0.898782313 0.001325962 0.999916553 0.012844789 -1.819403529 0.008101095 -0.012855120 0.999884546 62.793804169
0.999969304 -0.001075688 -0.007769516 0.913421452 0.001176234 0.999915421 0.012948119 -1.832190514 0.007754933 -0.012956860 0.999885917 63.338420868
0.999965131 -0.001864388 -0.008143356 0.938376546 0.001968849 0.999915540 0.012838544 -1.843423605 0.008118735 -0.012854129 0.999884427 63.875335693
0.999964416 -0.001784531 -0.008245451 0.942976952 0.001887185 0.999920607 0.012458809 -1.849013805 0.008222565 -0.012473926 0.999888361 64.417213440
0.999967158 -0.001561004 -0.007949105 0.922339022 0.001654305 0.999929667 0.011744282 -1.851086020 0.007930212 -0.011757047 0.999899447 64.788948059
0.999965787 -0.001572975 -0.008124366 0.925791621 0.001669639 0.999927759 0.011905075 -1.851855516 0.008105052 -0.011918232 0.999896169 65.331031799
0.999964893 -0.001720352 -0.008194682 0.938360929 0.001815990 0.999930203 0.011677591 -1.869350672 0.008174020 -0.011692062 0.999898195 65.861145020
0.999964297 -0.002185981 -0.008167474 0.946424365 0.002284318 0.999924839 0.012050094 -1.877685070 0.008140517 -0.012068321 0.999894083 66.410278320
0.999966085 -0.001540518 -0.008080740 0.956274629 0.001637349 0.999926805 0.011989903 -1.899333835 0.008061680 -0.012002730 0.999895394 66.848609924
0.999965549 -0.000983214 -0.008226561 0.968217313 0.001079777 0.999930501 0.011741674 -1.909079194 0.008214445 -0.011750156 0.999897182 67.390480042
0.999960959 -0.002188236 -0.008563544 0.983378470 0.002290299 0.999926209 0.011926737 -1.912821889 0.008536813 -0.011945886 0.999892175 67.941040039
0.999964654 -0.001464287 -0.008282033 0.992678344 0.001563170 0.999927402 0.011945724 -1.928330660 0.008263941 -0.011958249 0.999894321 68.477890015
0.999964416 -0.002056041 -0.008185991 0.995398104 0.002148069 0.999934435 0.011249367 -1.919114113 0.008162326 -0.011266551 0.999903202 69.027275085
0.999966621 -0.001405724 -0.008048076 0.973330796 0.001502821 0.999926031 0.012071273 -1.955670118 0.008030512 -0.012082964 0.999894679 69.448432922
0.999964476 -0.001403118 -0.008311884 0.979771912 0.001500415 0.999930322 0.011711114 -1.964421272 0.008294873 -0.011723170 0.999896824 69.991897583
0.999968171 -0.001044460 -0.007917122 0.974125862 0.001138272 0.999929070 0.011854149 -1.973940611 0.007904178 -0.011862783 0.999898374 70.555595398
0.999961793 -0.001697560 -0.008578471 1.006517410 0.001800755 0.999926031 0.012036157 -1.979387283 0.008557405 -0.012051145 0.999890685 71.082313538
0.999961853 -0.001913087 -0.008522067 1.014458895 0.002015612 0.999925494 0.012038247 -1.988111854 0.008498402 -0.012054964 0.999891162 71.645713806
0.999964356 -0.001835238 -0.008230792 1.026329160 0.001933579 0.999926627 0.011955910 -1.988418579 0.008208246 -0.011971400 0.999894679 72.077980042
0.999964833 -0.001875392 -0.008170066 1.031407714 0.001973840 0.999925315 0.012058416 -2.000069618 0.008146843 -0.012074119 0.999893963 72.625846863
0.999958813 -0.002849248 -0.008616701 1.051834226 0.002958175 0.999915481 0.012655216 -2.017404079 0.008579917 -0.012680185 0.999882817 73.140808105
0.999961436 -0.002122179 -0.008511099 1.055624723 0.002221438 0.999929368 0.011669878 -2.015599012 0.008485733 -0.011688336 0.999895751 73.671035767
0.999956727 -0.002658552 -0.008915019 1.061019421 0.002755213 0.999937356 0.010847820 -2.019342422 0.008885619 -0.010871913 0.999901474 74.266868591
0.999966860 -0.001902486 -0.007916846 1.034121037 0.001995467 0.999928892 0.011753454 -2.032531261 0.007893925 -0.011768862 0.999899507 74.658569336
0.999967217 -0.001655957 -0.007922946 1.037306190 0.001752091 0.999924779 0.012142036 -2.043725967 0.007902242 -0.012155521 0.999894857 75.215034485
0.999970734 -0.001647077 -0.007473981 1.045085430 0.001733731 0.999931216 0.011602541 -2.048175812 0.007454359 -0.011615159 0.999904752 75.757896423
0.999966621 -0.001995978 -0.007921626 1.047674179 0.002087085 0.999931574 0.011509584 -2.055201292 0.007898113 -0.011525732 0.999902368 76.244148254
0.999970675 -0.001422056 -0.007530880 1.054142118 0.001502841 0.999941230 0.010732302 -2.043715477 0.007515176 -0.010743304 0.999914050 76.906723022
0.999969065 -0.001255386 -0.007761704 1.058244228 0.001344388 0.999933302 0.011472201 -2.079214334 0.007746784 -0.011482281 0.999904096 77.304870605
0.999964952 -0.002894214 -0.007854890 1.083448410 0.002984646 0.999929130 0.011525733 -2.084436417 0.007820975 -0.011548773 0.999902725 77.812423706
0.999975562 -0.002589908 -0.006501169 1.091874003 0.002662541 0.999933898 0.011188657 -2.091173172 0.006471760 -0.011205693 0.999916315 78.360008240
0.999987841 -0.001375936 -0.004762664 1.070102453 0.001428717 0.999937356 0.011096640 -2.095065832 0.004747098 -0.011103308 0.999927104 78.934944153
0.999991834 -0.002121462 -0.003454428 1.112951159 0.002159629 0.999936283 0.011082703 -2.097939968 0.003430693 -0.011090073 0.999932647 79.495056152
0.999997556 -0.002216663 -0.000054067 1.111897469 0.002217128 0.999935329 0.011152448 -2.118564606 0.000029342 -0.011152541 0.999937773 79.949363708
0.999990642 -0.002088069 0.003781173 1.127252340 0.002045311 0.999934316 0.011276955 -2.128426313 -0.003804472 -0.011269116 0.999929249 80.493438721
0.999973893 -0.002908033 0.006630949 1.142279863 0.002836826 0.999938488 0.010722840 -2.107513428 -0.006661725 -0.010703748 0.999920547 81.022155762
0.999928534 -0.001947903 0.011797208 1.160669088 0.001824726 0.999943852 0.010442981 -2.115211487 -0.011816889 -0.010420710 0.999875903 81.585342407
0.999844193 -0.002610125 0.017454637 1.197734237 0.002423779 0.999940038 0.010688664 -2.133561373 -0.017481485 -0.010644695 0.999790549 82.110595703
0.999734938 -0.002580998 0.022875385 1.222995520 0.002338325 0.999940753 0.010628878 -2.141078472 -0.022901462 -0.010572571 0.999681890 82.663368225
0.999588370 -0.002553282 0.028574964 1.246293664 0.002263040 0.999945521 0.010184953 -2.142873287 -0.028599417 -0.010116095 0.999539793 83.191612244
0.999332905 -0.002557450 0.036429211 1.284829021 0.002195497 0.999947906 0.009972313 -2.150285482 -0.036452819 -0.009885682 0.999286532 83.749359131
0.999016643 -0.003079607 0.044229180 1.329669476 0.002654475 0.999949694 0.009667559 -2.161193848 -0.044256736 -0.009540646 0.998974681 84.295669556
0.998693526 -0.003838424 0.050955761 1.356789112 0.003332310 0.999944329 0.010013655 -2.164125919 -0.050991360 -0.009830772 0.998650730 84.816528320
0.998188734 -0.003532879 0.060055323 1.435262680 0.002982882 0.999952793 0.009245357 -2.160694361 -0.060085163 -0.009049473 0.998152256 85.433425903
0.997536421 -0.003610497 0.070057698 1.464280128 0.002914706 0.999945581 0.010031369 -2.189947367 -0.070090108 -0.009802459 0.997492492 85.916748047
0.996883631 -0.003522954 0.078806847 1.527866840 0.002707280 0.999941766 0.010454749 -2.201858997 -0.078839071 -0.010208817 0.996835053 86.463287354
0.996216178 -0.003841004 0.086825095 1.590153217 0.002969651 0.999944031 0.010162668 -2.210895061 -0.086859286 -0.009866375 0.996171653 87.018928528
0.995263159 -0.004110247 0.097130463 1.671680927 0.003130009 0.999942601 0.010242193 -2.225114584 -0.097167015 -0.009889659 0.995218873 87.513977051
0.994164765 -0.004341012 0.107784845 1.753754139 0.003193556 0.999936402 0.010816137 -2.243968010 -0.107824937 -0.010408806 0.994115353 88.041259766
0.993072152 -0.004294050 0.117427774 1.831009865 0.003134815 0.999944508 0.010054813 -2.235169411 -0.117464438 -0.009617042 0.993030488 88.692039490
0.991707802 -0.004426324 0.128436893 1.926360130 0.003111098 0.999940574 0.010439063 -2.247176170 -0.128475487 -0.009952921 0.991662741 89.233268738
0.990077078 -0.004494683 0.140452936 2.030236244 0.003124918 0.999945402 0.009971507 -2.252710581 -0.140490100 -0.009433657 0.990037143 89.800315857
0.988505244 -0.005198540 0.151097283 2.140430450 0.003813330 0.999948084 0.009455982 -2.259405851 -0.151138604 -0.008771105 0.988473713 90.354545593
0.986795306 -0.004470176 0.161910579 2.240458488 0.002873665 0.999944925 0.010093288 -2.267166138 -0.161946774 -0.009494732 0.986753821 90.920684814
0.984620690 -0.005058310 0.174631998 2.362821579 0.003385085 0.999945462 0.009877963 -2.277000427 -0.174672425 -0.009134905 0.984584212 91.450950623
0.982304811 -0.004730994 0.187229246 2.486130714 0.002891124 0.999944806 0.010098677 -2.285126209 -0.187266678 -0.009378677 0.982264340 92.017234802
0.980356455 -0.005777869 0.197149158 2.614615440 0.003944705 0.999945223 0.009689797 -2.291809797 -0.197194383 -0.008721760 0.980325639 92.552810669
0.977614582 -0.006658134 0.210298479 2.757085800 0.004652149 0.999938846 0.010032021 -2.303430557 -0.210352406 -0.008829110 0.977585733 93.081176758
0.974664390 -0.006774303 0.223569900 2.906188965 0.004579301 0.999936104 0.010334969 -2.318624735 -0.223625630 -0.009049333 0.974633098 93.603515625
0.971942186 -0.006598781 0.235127404 3.057647705 0.004193532 0.999933660 0.010728111 -2.329902411 -0.235182583 -0.009441091 0.971905351 94.145103455
0.968849421 -0.006224586 0.247571960 3.206752777 0.003909930 0.999943912 0.009839983 -2.326602936 -0.247619301 -0.008565472 0.968819559 94.712028503
0.965230346 -0.006270954 0.261325717 3.373142242 0.003781143 0.999942601 0.010029325 -2.339356184 -0.261373609 -0.008692498 0.965198576 95.231307983
0.961811304 -0.006492726 0.273636401 3.547035217 0.004020028 0.999945939 0.009596189 -2.339766502 -0.273683876 -0.008129696 0.961785376 95.776405334
0.958625078 -0.007485976 0.284573168 3.781496048 0.004914396 0.999940395 0.009749576 -2.351390839 -0.284629196 -0.007947682 0.958604753 96.390266418
0.954378843 -0.007878494 0.298494875 3.969194412 0.005054443 0.999934852 0.010231767 -2.365008116 -0.298556000 -0.008256255 0.954356372 96.898513794
0.950063884 -0.008838631 0.311930060 4.191871643 0.005920650 0.999929428 0.010300418 -2.381162167 -0.311999112 -0.007939228 0.950049162 97.479309082
0.946371436 -0.009551731 0.322939217 4.389335632 0.006600686 0.999925852 0.010232023 -2.389834404 -0.323013037 -0.007551672 0.946364403 97.984519958
0.941978216 -0.009876478 0.335528702 4.618833542 0.006913650 0.999925852 0.010023696 -2.390341759 -0.335602880 -0.007122375 0.941976666 98.558784485
0.936797321 -0.009936611 0.349731326 4.837757111 0.006677575 0.999922335 0.010523238 -2.404856205 -0.349808753 -0.007522785 0.936790943 99.082366943
0.932068408 -0.010783052 0.362121731 5.055992126 0.007512804 0.999917269 0.010437686 -2.410338402 -0.362204343 -0.007008088 0.932072341 99.594802856
0.927789927 -0.010526945 0.372954518 5.299356461 0.007381887 0.999924123 0.009859932 -2.415910482 -0.373030007 -0.006394837 0.927797258 100.158912659
0.922469497 -0.011427175 0.385900974 5.539636612 0.008020520 0.999913394 0.010436617 -2.427485466 -0.385986805 -0.006532333 0.922481179 100.640258789
0.916755676 -0.011829238 0.399273217 5.775405884 0.008251486 0.999908924 0.010678313 -2.437450886 -0.399363220 -0.006494806 0.916769803 101.123939514
0.911689579 -0.012296589 0.410695672 6.042228699 0.008521167 0.999902904 0.011022124 -2.453630924 -0.410791337 -0.006549148 0.911705852 101.667938232
0.904981911 -0.011068312 0.425306082 6.267711639 0.007018248 0.999913812 0.011088420 -2.465744495 -0.425392181 -0.007049916 0.904981673 102.142822266
0.898646474 -0.013015466 0.438480347 6.568859100 0.008845569 0.999894142 0.011551370 -2.478814840 -0.438584238 -0.006501990 0.898666561 102.622276306
0.892880380 -0.013774770 0.450083315 6.831104279 0.009343021 0.999883473 0.012066580 -2.491312027 -0.450197071 -0.006568874 0.892905056 103.093528748
0.886694312 -0.013299837 0.462164849 7.166824341 0.009557715 0.999899805 0.010437260 -2.465551853 -0.462257385 -0.004837419 0.886732578 103.716705322
0.879709899 -0.013771168 0.475311339 7.449974060 0.009925024 0.999894500 0.010600582 -2.477896214 -0.475407183 -0.004607961 0.879753828 104.181526184
0.872991741 -0.016474523 0.487456679 7.771888733 0.012884574 0.999859512 0.010717022 -2.476331711 -0.487564713 -0.003075201 0.873081386 104.705299377
