1.000000000 0.000000000 0.000000000 0.000000000 0.000000000 1.000000000 0.000000000 0.000000000 0.000000000 0.000000000 1.000000000 0.000000000
1.000000000 0.000008873 0.000124455 -0.000942280 -0.000008873 1.000000000 0.000005977 0.000214975 -0.000124455 -0.000005978 1.000000000 0.000259395
1.000000000 0.000118492 0.000186545 -0.001717691 -0.000118502 1.000000000 0.000051802 0.000827666 -0.000186539 -0.000051824 1.000000000 0.001477610
1.000000000 0.000194455 -0.000005973 0.000088153 -0.000194454 0.999999940 0.000165535 -0.001197283 0.000006005 -0.000165533 1.000000000 -0.000418370
0.999999940 0.000254486 0.000140587 -0.001150326 -0.000254502 0.999999940 0.000111789 -0.000206133 -0.000140559 -0.000111824 1.000000000 0.000090362
1.000000000 -0.000024625 0.000015892 -0.000610558 0.000024623 1.000000000 0.000077123 -0.000104380 -0.000015894 -0.000077122 1.000000000 -0.000734082
1.000000000 0.000088202 0.000156173 -0.002368454 -0.000088200 1.000000000 -0.000012936 0.001266318 -0.000156174 0.000012922 1.000000000 0.003545264
1.000000000 -0.000080679 0.000176870 -0.001395377 0.000080663 1.000000000 0.000094949 0.000786826 -0.000176878 -0.000094935 1.000000000 0.003246357
1.000000000 -0.000010261 0.000138745 -0.001172504 0.000010265 1.000000000 -0.000029178 0.001217698 -0.000138745 0.000029180 1.000000000 0.002701445
1.000000000 -0.000024464 0.000191718 -0.001058081 0.000024458 1.000000000 0.000028872 0.000204890 -0.000191719 -0.000028867 1.000000000 0.000238539
1.000000000 -0.000109751 0.000207958 -0.001023125 0.000109752 1.000000000 -0.000004873 0.001583954 -0.000207957 0.000004896 1.000000000 0.002656939
1.000000000 -0.000028620 0.000078856 -0.000226700 0.000028614 1.000000000 0.000077901 -0.000212611 -0.000078858 -0.000077899 1.000000000 0.000480311
1.000000000 -0.000038432 0.000145804 -0.001272951 0.000038435 1.000000000 -0.000020208 0.001688036 -0.000145803 0.000020213 1.000000000 0.004183445
0.999999940 -0.000065183 0.000237970 -0.002070528 0.000065147 1.000000000 0.000151910 0.001014752 -0.000237980 -0.000151895 0.999999940 0.004172464
1.000000000 -0.000025344 0.000138063 -0.001769719 0.000025333 1.000000000 0.000077088 0.001057022 -0.000138065 -0.000077084 1.000000000 0.003630855
1.000000000 0.000028684 0.000033464 0.000037097 -0.000028688 1.000000000 0.000106250 -0.000205475 -0.000033461 -0.000106251 1.000000000 0.000682125
1.000000000 -0.000116372 0.000073135 -0.001515512 0.000116368 1.000000000 0.000054687 0.000808447 -0.000073141 -0.000054679 1.000000000 0.003312615
0.999999940 0.000087849 0.000356146 -0.002965249 -0.000087874 1.000000000 0.000068487 0.001203008 -0.000356140 -0.000068518 0.999999940 0.004288259
0.999999940 0.000112270 0.000254993 -0.002783240 -0.000112294 1.000000000 0.000092510 0.000588534 -0.000254982 -0.000092538 0.999999940 0.003211685
0.999999940 0.000186688 0.000181426 -0.002041633 -0.000186705 1.000000000 0.000098834 0.000826112 -0.000181407 -0.000098868 1.000000000 0.003788238
0.999999881 0.000324264 0.000291325 -0.002873582 -0.000324323 0.999999940 0.000201633 0.000455872 -0.000291260 -0.000201727 0.999999940 0.003823987
0.999999821 0.000494482 0.000349667 -0.003654343 -0.000494508 0.999999881 0.000072056 0.001074463 -0.000349631 -0.000072229 0.999999940 0.003976941
1.000000000 0.000061888 0.000206322 -0.002094665 -0.000061915 1.000000000 0.000130631 0.000556146 -0.000206314 -0.000130644 0.999999940 0.002771053
0.999999940 0.000100048 0.000293067 -0.001371808 -0.000100091 1.000000000 0.000144985 -0.000294268 -0.000293053 -0.000145014 0.999999940 0.001793029
1.000000000 0.000061401 0.000212051 -0.001363203 -0.000061411 1.000000000 0.000049793 0.000358689 -0.000212048 -0.000049806 1.000000000 0.000003164
1.000000000 0.000050760 0.000149101 0.000128766 -0.000050762 1.000000000 0.000013287 0.000722978 -0.000149100 -0.000013294 1.000000000 0.000763492
0.999999940 0.000048181 0.000244943 -0.001480400 -0.000048217 1.000000000 0.000144190 -0.000383046 -0.000244936 -0.000144202 0.999999940 0.000582663
0.999999940 0.000076060 0.000244809 -0.001233477 -0.000076060 1.000000000 -0.000001520 0.000928836 -0.000244809 0.000001501 0.999999940 0.001634160
0.999999940 0.000141745 0.000329059 -0.003315781 -0.000141711 1.000000000 -0.000102204 0.002301251 -0.000329073 0.000102157 0.999999940 0.003332334
0.999999940 0.000073182 0.000259187 -0.003388601 -0.000073184 1.000000000 0.000006185 0.001898034 -0.000259186 -0.000006204 0.999999940 0.004095767
0.999999940 0.000122963 0.000323631 -0.003110933 -0.000123001 1.000000000 0.000119527 0.000059466 -0.000323616 -0.000119567 0.999999940 0.002649004
0.999999940 0.000040919 0.000260104 -0.001503334 -0.000040950 1.000000000 0.000119682 0.000403775 -0.000260099 -0.000119692 0.999999940 0.001467004
0.999999881 0.000253343 0.000365221 -0.003678629 -0.000253347 0.999999940 0.000008700 0.001737925 -0.000365218 -0.000008792 0.999999940 0.003814746
0.999999881 0.000260114 0.000417489 -0.002915747 -0.000260113 0.999999940 -0.000001260 0.001660096 -0.000417489 0.000001152 0.999999940 0.003466974
0.999999940 0.000087868 0.000235470 -0.000574539 -0.000087891 1.000000000 0.000099638 -0.000030078 -0.000235461 -0.000099658 0.999999940 0.000299254
0.999999940 0.000172881 0.000243168 -0.002375520 -0.000172860 1.000000000 -0.000083166 0.003499703 -0.000243182 0.000083124 0.999999940 0.006126311
0.999999940 0.000203641 0.000300259 -0.003274581 -0.000203619 1.000000000 -0.000073791 0.004348762 -0.000300274 0.000073730 0.999999940 0.007083478
0.999999940 -0.000092704 0.000258737 -0.001108045 0.000092695 1.000000000 0.000033848 0.001290841 -0.000258740 -0.000033824 0.999999940 0.002745655
0.999999940 0.000199725 0.000321447 -0.002094200 -0.000199777 0.999999940 0.000160329 0.000899220 -0.000321415 -0.000160394 0.999999940 0.003109196
1.000000000 -0.000054655 0.000237754 -0.001711666 0.000054638 1.000000000 0.000071511 0.001565039 -0.000237758 -0.000071498 0.999999940 0.003222454
0.999999881 0.000064208 0.000441652 -0.002886194 -0.000064204 1.000000000 -0.000009464 0.001740297 -0.000441653 0.000009436 0.999999881 0.005053236
0.999999940 -0.000323112 0.000194382 0.001335475 0.000323253 0.999999702 -0.000729141 -0.000451175 -0.000194146 0.000729204 0.999999702 0.052653857
0.999999881 0.000234806 0.000386612 -0.002011011 -0.000234408 0.999999464 -0.001028962 -0.006897487 -0.000386853 0.001028871 0.999999404 0.131089613
1.000000000 0.000160270 0.000101282 0.002703187 -0.000160098 0.999998569 -0.001694959 -0.002701429 -0.000101554 0.001694942 0.999998569 0.256223947
1.000000000 0.000226645 0.000080507 0.004597874 -0.000226553 0.999999344 -0.001138501 -0.012751144 -0.000080765 0.001138483 0.999999344 0.386361331
1.000000000 0.000080089 0.000152187 0.008551707 -0.000079949 0.999999583 -0.000925448 -0.017471457 -0.000152261 0.000925436 0.999999583 0.524649024
1.000000000 0.000229892 0.000059269 0.013007496 -0.000229846 0.999999642 -0.000786364 -0.025362145 -0.000059450 0.000786351 0.999999702 0.667802155
0.999999881 0.000440442 0.000291496 0.016293373 -0.000440212 0.999999583 -0.000789349 -0.026207505 -0.000291844 0.000789220 0.999999642 0.837517679
1.000000000 0.000118044 0.000157408 0.018102655 -0.000117954 0.999999821 -0.000569075 -0.029191375 -0.000157475 0.000569057 0.999999821 1.012723446
1.000000000 0.000013162 0.000126401 0.022426911 -0.000013134 1.000000000 -0.000220916 -0.035800051 -0.000126404 0.000220914 0.999999940 1.187440515
0.999999881 0.000382689 0.000311533 0.018671952 -0.000382551 0.999999821 -0.000442771 -0.036959179 -0.000311702 0.000442651 0.999999881 1.368702292
1.000000000 0.000044257 0.000013969 0.036709704 -0.000044262 0.999999940 0.000336092 -0.054586895 -0.000013954 -0.000336092 0.999999940 1.565577745
0.999999940 0.000324852 0.000180816 0.038764827 -0.000324894 0.999999940 0.000230711 -0.056051657 -0.000180741 -0.000230769 0.999999940 1.756885767
0.999999821 -0.000031896 -0.000638107 0.044944935 0.000031775 1.000000000 -0.000189381 -0.053706702 0.000638113 0.000189361 0.999999762 1.962527514
0.999999940 0.000307989 0.000042593 0.042683188 -0.000307982 0.999999940 -0.000150232 -0.064051904 -0.000042640 0.000150219 1.000000000 2.166764498
0.999998987 0.001433072 0.000088880 0.050493203 -0.001432929 0.999997675 -0.001598266 -0.058654491 -0.000091170 0.001598137 0.999998748 2.375567436
0.999998569 0.001582807 -0.000473380 0.063579023 -0.001583293 0.999998152 -0.001028460 -0.069495611 0.000471751 0.001029208 0.999999404 2.591834545
0.999998152 0.001876612 0.000208311 0.060351413 -0.001876259 0.999996781 -0.001678200 -0.072873808 -0.000211460 0.001677806 0.999998569 2.818739176
0.999998808 0.001508116 -0.000279453 0.072116338 -0.001508471 0.999998033 -0.001273314 -0.081753880 0.000277532 0.001273734 0.999999166 3.053393126
0.999998868 0.001488436 -0.000161862 0.070974827 -0.001488753 0.999997020 -0.001977257 -0.079717249 0.000158918 0.001977496 0.999998033 3.292997837
0.999998689 0.001592276 -0.000116832 0.079275221 -0.001592450 0.999997556 -0.001506988 -0.093087636 0.000114432 0.001507172 0.999998868 3.534041882
0.999999225 0.001262713 -0.000346362 0.082405455 -0.001263333 0.999997675 -0.001795956 -0.094708987 0.000344093 0.001796392 0.999998331 3.800157785
0.999999166 0.001306821 -0.000233531 0.089278735 -0.001307221 0.999997795 -0.001723232 -0.104784921 0.000231278 0.001723536 0.999998510 4.050917625
0.999998391 0.001774358 -0.000154487 0.092505038 -0.001774586 0.999997318 -0.001489687 -0.112467043 0.000151843 0.001489959 0.999998868 4.312561035
0.999998450 0.001760279 0.000053652 0.096542001 -0.001760187 0.999997020 -0.001666415 -0.116270408 -0.000056585 0.001666318 0.999998569 4.573210716
0.999998271 0.001853103 0.000029718 0.104096636 -0.001853054 0.999997020 -0.001571530 -0.126229420 -0.000032630 0.001571472 0.999998689 4.828527927
0.999998033 0.001966821 -0.000281866 0.109270118 -0.001967228 0.999997020 -0.001448293 -0.132005662 0.000279016 0.001448844 0.999998927 5.091420174
0.999998450 0.001726172 -0.000406409 0.119653806 -0.001726679 0.999997675 -0.001250693 -0.146380946 0.000404250 0.001251393 0.999999046 5.342761517
0.999998689 0.001624701 -0.000301795 0.124619417 -0.001625156 0.999997556 -0.001511942 -0.150802299 0.000299338 0.001512430 0.999998748 5.617141724
0.999998271 0.001799886 -0.000439044 0.131345913 -0.001800342 0.999997795 -0.001038820 -0.162353352 0.000437173 0.001039609 0.999999344 5.884740353
0.999998510 0.001510067 -0.000786216 0.143650129 -0.001510777 0.999998391 -0.000902953 -0.173475608 0.000784851 0.000904139 0.999999285 6.157827377
0.999998033 0.001898923 -0.000439141 0.141225427 -0.001899316 0.999997735 -0.000896797 -0.185448602 0.000437437 0.000897629 0.999999523 6.435433865
0.999998391 0.001777428 -0.000334054 0.142199591 -0.001777756 0.999997914 -0.000984802 -0.192542940 0.000332302 0.000985394 0.999999464 6.730817318
0.999998152 0.001885452 -0.000300786 0.148125887 -0.001885701 0.999997854 -0.000830250 -0.199499771 0.000299220 0.000830816 0.999999642 7.038266659
0.999997914 0.001956081 -0.000526878 0.163529158 -0.001956302 0.999998033 -0.000418317 -0.217242241 0.000526058 0.000419347 0.999999821 7.312281609
0.999998510 0.001662790 -0.000392688 0.168843821 -0.001663206 0.999998093 -0.001061521 -0.219717607 0.000390923 0.001062172 0.999999344 7.635448456
0.999997973 0.002073655 -0.000091680 0.172300354 -0.002073724 0.999997556 -0.000756594 -0.235057399 0.000090111 0.000756782 0.999999702 7.925922394
0.999998391 0.001814267 -0.000264012 0.177265778 -0.001814450 0.999998152 -0.000696369 -0.238905385 0.000262748 0.000696847 0.999999702 8.257039070
0.999998510 0.001743185 -0.000051345 0.186163351 -0.001743239 0.999997914 -0.001052020 -0.250483334 0.000049511 0.001052108 0.999999404 8.576771736
0.999997020 0.002359005 0.000573531 0.180515096 -0.002358422 0.999996662 -0.001014993 -0.257054508 -0.000575923 0.001013638 0.999999344 8.925290108
0.999998271 0.001879783 0.000030896 0.193439588 -0.001879745 0.999997497 -0.001192339 -0.267320096 -0.000033137 0.001192279 0.999999285 9.272830009
0.999996424 0.002573842 0.000720986 0.188785985 -0.002573241 0.999996364 -0.000833162 -0.287619382 -0.000723128 0.000831304 0.999999404 9.595096588
0.999997377 0.002243819 0.000410770 0.199502960 -0.002243385 0.999996960 -0.001054474 -0.296356171 -0.000413134 0.001053549 0.999999404 9.937597275
0.999997079 0.002321464 0.000625797 0.204521373 -0.002320840 0.999996841 -0.000995739 -0.307108790 -0.000628106 0.000994284 0.999999344 10.300215721
0.999997318 0.002279138 0.000437407 0.210862771 -0.002278976 0.999997258 -0.000371139 -0.322431386 -0.000438252 0.000370142 0.999999821 10.647375107
0.999996662 0.002452001 0.000893044 0.216681823 -0.002451244 0.999996603 -0.000847515 -0.329531968 -0.000895120 0.000845323 0.999999225 11.018878937
0.999997437 0.002184656 0.000757621 0.224207342 -0.002184283 0.999997437 -0.000491681 -0.342161387 -0.000758693 0.000490024 0.999999583 11.397270203
0.999997735 0.002036962 0.000589232 0.232254013 -0.002036745 0.999997854 -0.000368883 -0.354386657 -0.000589982 0.000367682 0.999999702 11.768052101
0.999997318 0.002178130 0.000761060 0.240135387 -0.002177848 0.999997497 -0.000370962 -0.367385030 -0.000761866 0.000369303 0.999999642 12.154043198
0.999997437 0.002149698 0.000750408 0.249210745 -0.002149267 0.999997497 -0.000573886 -0.375066012 -0.000751641 0.000572272 0.999999583 12.547574043
0.999997973 0.001819840 0.000921075 0.256149769 -0.001819327 0.999998212 -0.000556998 -0.384737670 -0.000922087 0.000555322 0.999999464 12.948875427
0.999996901 0.002368524 0.000764786 0.261431783 -0.002367896 0.999996841 -0.000819268 -0.393606156 -0.000766724 0.000817454 0.999999285 13.353487968
0.999997616 0.001965204 0.000998144 0.269230872 -0.001964499 0.999997854 -0.000706234 -0.402255297 -0.000999530 0.000704272 0.999999225 13.770869255
0.999997139 0.001997209 0.001264118 0.276379704 -0.001996328 0.999997675 -0.000698051 -0.413301408 -0.001265510 0.000695525 0.999998987 14.189104080
0.999995649 0.002502717 0.001544941 0.285861373 -0.002501450 0.999996543 -0.000821558 -0.425716579 -0.001546991 0.000817690 0.999998569 14.612539291
0.999997199 0.001933892 0.001355645 0.299804389 -0.001933638 0.999998093 -0.000187984 -0.441123903 -0.001356006 0.000185362 0.999999106 15.046212196
0.999996901 0.002060832 0.001392031 0.311569929 -0.002060009 0.999997675 -0.000592944 -0.454923153 -0.001393250 0.000590075 0.999998808 15.468852997
0.999996603 0.001938805 0.001756518 0.320970088 -0.001937693 0.999997854 -0.000634410 -0.467631459 -0.001757744 0.000631004 0.999998212 15.909536362
0.999996245 0.001942492 0.001940448 0.330362588 -0.001941760 0.999998033 -0.000378877 -0.480194122 -0.001941180 0.000375108 0.999998033 16.355270386
0.999995053 0.002064887 0.002361503 0.337175041 -0.002063233 0.999997616 -0.000702468 -0.491620958 -0.002362948 0.000697592 0.999996960 16.803792953
0.999994338 0.001975941 0.002691492 0.348193824 -0.001974952 0.999997914 -0.000369748 -0.508722007 -0.002692217 0.000364430 0.999996305 17.256563187
0.999992490 0.002156404 0.003199100 0.354402035 -0.002154798 0.999997497 -0.000505451 -0.517940044 -0.003200182 0.000498554 0.999994755 17.724212646
0.999991596 0.002154373 0.003476044 0.365795702 -0.002152335 0.999997437 -0.000590041 -0.531642318 -0.003477306 0.000582554 0.999993801 18.183799744
0.999990404 0.002477103 0.003605483 0.375649273 -0.002474316 0.999996603 -0.000777328 -0.541489244 -0.003607397 0.000768399 0.999993265 18.662464142
0.999990165 0.002391482 0.003733486 0.388980180 -0.002389800 0.999997020 -0.000454920 -0.557457566 -0.003734562 0.000445993 0.999992907 19.125745773
0.999991298 0.001720985 0.003810810 0.396827906 -0.001717758 0.999998152 -0.000849879 -0.561447501 -0.003812266 0.000843326 0.999992371 19.632303238
0.999990046 0.002150845 0.003888010 0.414585292 -0.002149319 0.999997616 -0.000396595 -0.583159804 -0.003888853 0.000388235 0.999992311 20.078855515
0.999990582 0.002456072 0.003575666 0.427259922 -0.002454670 0.999996901 -0.000396392 -0.599657655 -0.003576629 0.000387612 0.999993503 20.587631226
0.999989390 0.002830466 0.003638090 0.435851485 -0.002829902 0.999996006 -0.000160332 -0.612008393 -0.003638529 0.000150035 0.999993324 21.085353851
0.999991477 0.002433375 0.003338469 0.444936723 -0.002430792 0.999996722 -0.000777813 -0.617818594 -0.003340350 0.000769691 0.999994159 21.596279144
0.999993086 0.002381785 0.002854529 0.448883623 -0.002380577 0.999997079 -0.000426308 -0.640299916 -0.002855537 0.000419510 0.999995828 22.091339111
0.999992311 0.003042665 0.002473847 0.465513796 -0.003041272 0.999995291 -0.000566520 -0.651186645 -0.002475558 0.000558992 0.999996722 22.599464417
0.999993563 0.003045196 0.001909653 0.467134535 -0.003044499 0.999995291 -0.000368312 -0.667048573 -0.001910766 0.000362496 0.999998093 23.123182297
0.999995828 0.002557461 0.001349026 0.478520960 -0.002556209 0.999996305 -0.000929099 -0.679889917 -0.001351398 0.000925647 0.999998629 23.652755737
0.999998152 0.001729305 0.000774913 0.486187696 -0.001728472 0.999997854 -0.001073687 -0.696539581 -0.000776769 0.001072346 0.999999106 24.165121078
0.999997914 0.001999501 -0.000091945 0.498291463 -0.001999536 0.999997854 -0.000390443 -0.712267220 0.000091164 0.000390626 0.999999881 24.702156067
0.999994874 0.003141225 -0.000487954 0.508955598 -0.003141437 0.999994934 -0.000434047 -0.730505407 0.000486588 0.000435578 0.999999762 25.243055344
0.999995291 0.002984327 -0.000595492 0.515233457 -0.002984563 0.999995470 -0.000395991 -0.742905796 0.000594307 0.000397766 0.999999702 25.795700073
0.999995530 0.002728917 -0.001182971 0.525786102 -0.002728934 0.999996364 -0.000012648 -0.764304578 0.001182932 0.000015876 0.999999285 26.350303650
0.999994814 0.002312219 -0.002243977 0.539795339 -0.002311052 0.999997199 0.000522157 -0.784190416 0.002245178 -0.000516968 0.999997258 26.873588562
0.999994636 0.002131617 -0.002480875 0.551586866 -0.002129971 0.999997497 0.000666143 -0.806836545 0.002482289 -0.000660855 0.999996662 27.414854050
0.999990582 0.003471650 -0.002623793 0.558392882 -0.003469995 0.999993801 0.000635567 -0.824639440 0.002625983 -0.000626456 0.999996305 27.969926834
0.999991715 0.003050948 -0.002690688 0.553703487 -0.003049611 0.999995351 0.000500923 -0.827456176 0.002692204 -0.000492713 0.999996245 28.510513306
0.999990106 0.003202192 -0.003069548 0.563059509 -0.003200694 0.999994755 0.000492447 -0.842048049 0.003071109 -0.000482617 0.999995172 29.055900574
0.999989212 0.003025738 -0.003517341 0.574137568 -0.003022122 0.999994814 0.001032972 -0.863754511 0.003520448 -0.001022331 0.999993265 29.604667664
0.999987423 0.003191657 -0.003856688 0.578332782 -0.003187737 0.999994338 0.001022061 -0.876152515 0.003859928 -0.001009754 0.999992013 30.147920609
0.999986708 0.003050069 -0.004151560 0.592954993 -0.003046742 0.999995112 0.000807303 -0.892759264 0.004154001 -0.000794643 0.999991059 30.689569473
0.999984741 0.003073784 -0.004586119 0.597543597 -0.003069116 0.999994755 0.001024433 -0.909091830 0.004589244 -0.001010342 0.999988973 31.246688843
0.999983311 0.003235182 -0.004786772 0.605766416 -0.003230206 0.999994159 0.001046977 -0.921441674 0.004790131 -0.001031497 0.999988019 31.795833588
0.999982655 0.002760041 -0.005224600 0.619695604 -0.002753704 0.999995470 0.001219767 -0.939517558 0.005227944 -0.001205358 0.999985635 32.341716766
0.999981999 0.003260976 -0.005032747 0.618650317 -0.003255693 0.999994159 0.001057571 -0.948188305 0.005036166 -0.001041166 0.999986768 32.884868622
0.999978364 0.003692003 -0.005442537 0.624694347 -0.003689425 0.999993086 0.000483659 -0.961163580 0.005444285 -0.000463569 0.999985099 33.423961639
0.999979675 0.003720667 -0.005163515 0.630062521 -0.003716356 0.999992728 0.000844326 -0.974451959 0.005166619 -0.000825119 0.999986291 33.987319946
0.999979317 0.002788566 -0.005794484 0.639333010 -0.002783582 0.999995768 0.000868004 -0.989708662 0.005796880 -0.000851856 0.999982834 34.530639648
0.999978602 0.003426095 -0.005577470 0.649066627 -0.003420756 0.999993682 0.000966453 -1.007311940 0.005580746 -0.000947353 0.999983966 35.066555023
0.999978185 0.003479580 -0.005624113 0.656109810 -0.003474360 0.999993503 0.000937624 -1.023383498 0.005627339 -0.000918063 0.999983728 35.616336823
0.999976635 0.003932813 -0.005593800 0.663053989 -0.003926374 0.999991596 0.001161606 -1.046442866 0.005598322 -0.001139615 0.999983668 36.163566589
0.999975562 0.003700008 -0.005934564 0.673021793 -0.003694045 0.999992669 0.001015459 -1.055111527 0.005938279 -0.000993511 0.999981821 36.708049774
0.999976277 0.003917622 -0.005675245 0.680496335 -0.003914364 0.999992132 0.000585132 -1.066296577 0.005677492 -0.000562903 0.999983728 37.257015228
0.999974191 0.003673224 -0.006177997 0.684250116 -0.003669447 0.999993086 0.000622472 -1.082072139 0.006180241 -0.000599785 0.999980688 37.811550140
0.999974370 0.002883332 -0.006556404 0.693874598 -0.002879715 0.999995768 0.000560966 -1.095497489 0.006557993 -0.000542070 0.999978304 38.360012054
0.999972939 0.004061251 -0.006142119 0.692995548 -0.004059075 0.999991715 0.000366563 -1.110322595 0.006143556 -0.000341621 0.999981046 38.921447754
0.999972284 0.003532743 -0.006551386 0.705136657 -0.003526250 0.999993265 0.001002533 -1.132614136 0.006554883 -0.000979403 0.999978065 39.446201324
0.999971926 0.003954872 -0.006360957 0.713736892 -0.003949012 0.999991715 0.000933767 -1.147175908 0.006364597 -0.000908621 0.999979377 39.994308472
0.999967456 0.003245396 -0.007373331 0.736686707 -0.003233711 0.999993443 0.001596376 -1.172418118 0.007378464 -0.001572481 0.999971569 40.526733398
0.999966383 0.003376425 -0.007472646 0.743193746 -0.003370054 0.999993861 0.000865082 -1.174710631 0.007475522 -0.000839870 0.999971628 41.098819733
0.999963760 0.003772162 -0.007628711 0.753244102 -0.003761810 0.999991953 0.001370803 -1.189798713 0.007633821 -0.001342056 0.999969900 41.648738861
0.999962747 0.003826464 -0.007731170 0.764288902 -0.003817075 0.999991953 0.001228816 -1.208480358 0.007735810 -0.001199260 0.999969304 42.194911957
0.999963045 0.004202025 -0.007500026 0.758924186 -0.004192696 0.999990344 0.001259173 -1.220407009 0.007505244 -0.001227682 0.999971092 42.751087189
0.999961436 0.003914823 -0.007857413 0.772624493 -0.003903946 0.999991357 0.001399268 -1.237284184 0.007862823 -0.001368539 0.999968112 43.291061401
0.999957621 0.005003951 -0.007721738 0.778561711 -0.004997139 0.999987066 0.000901267 -1.248130560 0.007726148 -0.000862642 0.999969780 43.846317291
0.999965489 0.003819463 -0.007380852 0.771103263 -0.003809945 0.999991894 0.001303333 -1.264967203 0.007385771 -0.001275168 0.999971926 44.381053925
0.999964893 0.004014467 -0.007352351 0.779256701 -0.004008099 0.999991596 0.000880726 -1.273708701 0.007355825 -0.000851226 0.999972641 44.934089661
0.999965608 0.004360859 -0.007058410 0.788439393 -0.004354531 0.999990106 0.000911650 -1.283715248 0.007062315 -0.000880883 0.999974668 45.462726593
0.999975145 0.003622950 -0.006050734 0.772054195 -0.003621766 0.999993443 0.000206869 -1.273452163 0.006051444 -0.000184950 0.999981642 46.006114960
0.999975026 0.002978813 -0.006413783 0.784882903 -0.002978640 0.999995649 0.000036572 -1.292980313 0.006413864 -0.000017467 0.999979436 46.545009613
0.999971390 0.003422310 -0.006745615 0.797337055 -0.003420332 0.999994159 0.000304709 -1.306108952 0.006746618 -0.000281628 0.999977171 47.066688538
0.999977231 0.003295023 -0.005884759 0.778405309 -0.003295914 0.999994576 -0.000141751 -1.314961910 0.005884260 0.000161143 0.999982655 47.634948730
0.999974728 0.003949949 -0.005917701 0.783556581 -0.003948441 0.999992192 0.000266515 -1.333110809 0.005918708 -0.000243143 0.999982476 48.184783936
0.999976695 0.002906060 -0.006182726 0.798482060 -0.002905285 0.999995768 0.000134365 -1.346386194 0.006183091 -0.000116400 0.999980807 48.734008789
0.999980867 0.003348552 -0.005207650 0.783035755 -0.003347818 0.999994397 0.000149589 -1.360063672 0.005208123 -0.000132152 0.999986470 49.270851135
0.999978006 0.003629015 -0.005552309 0.792857766 -0.003627141 0.999993384 0.000347726 -1.375874996 0.005553533 -0.000327580 0.999984503 49.800956726
0.999977887 0.003897174 -0.005403844 0.798572361 -0.003892194 0.999992013 0.000931844 -1.392222404 0.005407431 -0.000910791 0.999984920 50.343093872
0.999979973 0.003963776 -0.004937526 0.796230316 -0.003961457 0.999992073 0.000479347 -1.398344994 0.004939387 -0.000459777 0.999987721 50.881649017
0.999979973 0.003698640 -0.005142412 0.815504909 -0.003694271 0.999992847 0.000859077 -1.416654348 0.005145552 -0.000840062 0.999986351 51.414604187
0.999973476 0.003507872 -0.006370562 0.828111410 -0.003509093 0.999993801 -0.000180359 -1.430827022 0.006369890 0.000202709 0.999979675 51.976570129
0.999976814 0.003200646 -0.006013004 0.836967230 -0.003207653 0.999994218 -0.001155794 -1.441529274 0.006009269 0.001175055 0.999981225 52.529228210
0.999978304 0.002897138 -0.005909943 0.839786470 -0.002901437 0.999995470 -0.000718894 -1.459943533 0.005907835 0.000736026 0.999982238 53.071899414
0.999975264 0.003471939 -0.006108909 0.844850659 -0.003473199 0.999993920 -0.000195254 -1.476025224 0.006108195 0.000216466 0.999981344 53.610374451
0.999978960 0.003153643 -0.005665698 0.856993914 -0.003154640 0.999995053 -0.000166892 -1.494307041 0.005665144 0.000184762 0.999983966 54.159915924
0.999976754 0.003830211 -0.005642716 0.862832606 -0.003829165 0.999992609 0.000196318 -1.509384274 0.005643426 -0.000174706 0.999984086 54.705902100
0.999974430 0.003844486 -0.006027131 0.863873482 -0.003847326 0.999992490 -0.000459785 -1.517941952 0.006025319 0.000482962 0.999981642 55.248703003
0.999974132 0.004255271 -0.005793638 0.869202435 -0.004259208 0.999990702 -0.000667311 -1.532460213 0.005790745 0.000691970 0.999982893 55.795352936
0.999974191 0.003566034 -0.006237502 0.875878811 -0.003567468 0.999993622 -0.000218700 -1.549173355 0.006236682 0.000240946 0.999980509 56.335086823
0.999976397 0.003374838 -0.005992100 0.893203855 -0.003373497 0.999994338 0.000233909 -1.568688989 0.005992855 -0.000213689 0.999981999 56.872516632
0.999975502 0.003781983 -0.005880725 0.888878942 -0.003784148 0.999992728 -0.000356982 -1.579358459 0.005879332 0.000379227 0.999982655 57.447132111
0.999974370 0.004271987 -0.005733332 0.892908990 -0.004271234 0.999990821 0.000143537 -1.602419734 0.005733892 -0.000119045 0.999983609 57.992614746
0.999976873 0.003763108 -0.005660800 0.904586613 -0.003765952 0.999992788 -0.000491930 -1.612447143 0.005658907 0.000513237 0.999983907 58.536926270
0.999976218 0.004087376 -0.005559843 0.905092239 -0.004091655 0.999991298 -0.000758472 -1.621261120 0.005556694 0.000781203 0.999984264 59.085910797
0.999976397 0.004047636 -0.005557114 0.915820837 -0.004052239 0.999991417 -0.000817245 -1.638279438 0.005553759 0.000839744 0.999984264 59.628196716
0.999977291 0.004496677 -0.005029968 0.915807426 -0.004500947 0.999989510 -0.000838068 -1.648857832 0.005026147 0.000860688 0.999987006 60.188388824
0.999974370 0.004077984 -0.005873236 0.928717613 -0.004082802 0.999991357 -0.000808731 -1.667424083 0.005869886 0.000832689 0.999982417 60.725601196
0.999976456 0.004689241 -0.004997366 0.932935715 -0.004693041 0.999988675 -0.000749005 -1.686549187 0.004993796 0.000772440 0.999987245 61.277797699
0.999974251 0.004188939 -0.005820284 0.946733236 -0.004194994 0.999990702 -0.001028405 -1.695935845 0.005815921 0.001052795 0.999982536 61.810413361
0.999974489 0.004098627 -0.005851074 0.955302238 -0.004104360 0.999991119 -0.000968117 -1.713669062 0.005847055 0.000992107 0.999982357 62.355934143
0.999975145 0.003991446 -0.005807278 0.964954138 -0.003996077 0.999991715 -0.000786254 -1.733143091 0.005804091 0.000809441 0.999982834 62.901500702
0.999976158 0.004131340 -0.005544512 0.962358356 -0.004135395 0.999991179 -0.000720083 -1.748363495 0.005541489 0.000742995 0.999984384 63.455814362
0.999973297 0.004604250 -0.005674142 0.967836857 -0.004608660 0.999989092 -0.000764872 -1.758291364 0.005670560 0.000791002 0.999983549 63.994647980
0.999974072 0.004867984 -0.005323254 0.967555285 -0.004873521 0.999987543 -0.001027670 -1.772656441 0.005318185 0.001053586 0.999985278 64.542449951
0.999972224 0.004747768 -0.005751642 0.983696520 -0.004752276 0.999988437 -0.000770309 -1.786047339 0.005747919 0.000797621 0.999983132 65.075546265
0.999974012 0.004499490 -0.005636632 0.983710527 -0.004503397 0.999989569 -0.000680644 -1.801254511 0.005633512 0.000706010 0.999983907 65.611900330
0.999971688 0.004587772 -0.005956424 1.010743022 -0.004596006 0.999988437 -0.001369184 -1.814787030 0.005950074 0.001396521 0.999981344 66.181587219
0.999970794 0.004660125 -0.006063218 1.017193317 -0.004671169 0.999987423 -0.001808434 -1.825107455 0.006054714 0.001836704 0.999979973 66.734161377
0.999968708 0.004551116 -0.006473915 1.030344367 -0.004564398 0.999987543 -0.002038243 -1.845189095 0.006464558 0.002067729 0.999976993 67.283630371
0.999970257 0.004464257 -0.006283976 1.039615631 -0.004470650 0.999989510 -0.001003698 -1.867571831 0.006279429 0.001031762 0.999979675 67.811958313
0.999966800 0.005220825 -0.006260230 1.048487306 -0.005223366 0.999986291 -0.000389419 -1.891160011 0.006258111 0.000422105 0.999980271 68.348243713
0.999966562 0.005210385 -0.006304086 1.058294773 -0.005216804 0.999985874 -0.001002067 -1.903733969 0.006298776 0.001034921 0.999979615 68.900672913
0.999969661 0.004865658 -0.006087368 1.050948858 -0.004874249 0.999987066 -0.001397106 -1.909330845 0.006080492 0.001426735 0.999980509 69.438301086
0.999968767 0.004723943 -0.006339567 1.064162493 -0.004733209 0.999987781 -0.001447389 -1.922735333 0.006332651 0.001477350 0.999978840 69.984931946
0.999968112 0.005242531 -0.006033285 1.069431424 -0.005246513 0.999986053 -0.000644435 -1.950501561 0.006029822 0.000676068 0.999981642 70.525993347
0.999973357 0.004751490 -0.005560409 1.061544657 -0.004762273 0.999986827 -0.001927417 -1.952506661 0.005551178 0.001953845 0.999982655 71.086120605
0.999971271 0.004521583 -0.006075316 1.080789566 -0.004531897 0.999988317 -0.001684889 -1.973749638 0.006067625 0.001712373 0.999980152 71.636901855
0.999972939 0.005008456 -0.005375636 1.080976725 -0.005020514 0.999984920 -0.002231886 -1.982059956 0.005364376 0.002258814 0.999983013 72.184700012
0.999972761 0.005226848 -0.005215178 1.077395678 -0.005233995 0.999985397 -0.001357686 -2.012418032 0.005208006 0.001384945 0.999985456 72.712837219
0.999975741 0.004802666 -0.005039559 1.088700294 -0.004808483 0.999987781 -0.001142775 -2.033824205 0.005034009 0.001166980 0.999986589 73.253250122
0.999977589 0.004318313 -0.005114416 1.092111945 -0.004320391 0.999990582 -0.000395363 -2.054263830 0.005112661 0.000417450 0.999986827 73.809516907
0.999974251 0.004937072 -0.005211694 1.098839045 -0.004942819 0.999987185 -0.001090245 -2.063915253 0.005206245 0.001115977 0.999985814 74.351791382
0.999974191 0.004781208 -0.005367275 1.112909317 -0.004784989 0.999988317 -0.000691994 -2.082943916 0.005363904 0.000717658 0.999985337 74.890617371
0.999973476 0.005041279 -0.005253580 1.119068861 -0.005043009 0.999987185 -0.000316347 -2.102264881 0.005251918 0.000342832 0.999986112 75.429092407
0.999974012 0.004729148 -0.005431454 1.127153516 -0.004734168 0.999988377 -0.000912128 -2.115581751 0.005427077 0.000937817 0.999984801 75.982246399
0.999970675 0.004961928 -0.005837309 1.135895371 -0.004967190 0.999987304 -0.000887417 -2.130415678 0.005832831 0.000916386 0.999982595 76.532814026
0.999976635 0.004305243 -0.005306777 1.140869498 -0.004310144 0.999990225 -0.000912439 -2.151231050 0.005302798 0.000935291 0.999985456 77.076568604
0.999975741 0.004274750 -0.005492022 1.149796247 -0.004279558 0.999990404 -0.000863922 -2.167745590 0.005488276 0.000887404 0.999984503 77.618820190
0.999974966 0.004357045 -0.005573798 1.158313274 -0.004361546 0.999990284 -0.000795815 -2.181298494 0.005570276 0.000820105 0.999984145 78.170692444
0.999973893 0.004428116 -0.005704295 1.167278409 -0.004437673 0.999988794 -0.001663821 -2.189918756 0.005696865 0.001689092 0.999982297 78.722351074
0.999974549 0.004546919 -0.005483280 1.175412893 -0.004552442 0.999989092 -0.000995171 -2.210372925 0.005478695 0.001020108 0.999984443 79.263999939
0.999977708 0.004977049 -0.004428620 1.172784686 -0.004982975 0.999986708 -0.001328058 -2.220804691 0.004421951 0.001350096 0.999989271 79.824256897
0.999973536 0.004947137 -0.005335450 1.191659093 -0.004952855 0.999987125 -0.001059377 -2.242801428 0.005330141 0.001085774 0.999985158 80.359779358
0.999977350 0.005232168 -0.004234675 1.199334025 -0.005236019 0.999985814 -0.000898748 -2.257501364 0.004229913 0.000920901 0.999990642 80.912330627
0.999983549 0.004901093 -0.002970171 1.207533956 -0.004904608 0.999987185 -0.001177305 -2.271203518 0.002964363 0.001191853 0.999994993 81.466056824
0.999982536 0.005646092 -0.001708003 1.215887308 -0.005647243 0.999983847 -0.000670817 -2.296901464 0.001704188 0.000680451 0.999998271 81.996109009
0.999985039 0.005470289 -0.000460567 1.227284312 -0.005470703 0.999984622 -0.000903790 -2.309187889 0.000455616 0.000906296 0.999999464 82.537521362
0.999980152 0.005791341 0.002497905 1.245824695 -0.005788980 0.999982893 -0.000950869 -2.324361086 -0.002503369 0.000936390 0.999996424 83.089584351
0.999968529 0.004966765 0.006178593 1.267710447 -0.004964015 0.999987543 -0.000460349 -2.344938040 -0.006180802 0.000429664 0.999980807 83.617752075
0.999929368 0.005800142 0.010374068 1.260317087 -0.005795131 0.999983072 -0.000513047 -2.362536669 -0.010376867 0.000452892 0.999946058 84.151596069
0.999867737 0.005813421 0.015186932 1.283652782 -0.005808993 0.999983132 -0.000335649 -2.382842541 -0.015188625 0.000247384 0.999884605 84.702835083
0.999761999 0.005953727 0.020992044 1.316266179 -0.005948270 0.999982238 -0.000322377 -2.397496223 -0.020993594 0.000197434 0.999779522 85.249992371
0.999644041 0.005299196 0.026146993 1.349263668 -0.005292744 0.999985933 -0.000315963 -2.418057442 -0.026148299 0.000177461 0.999657989 85.790885925
0.999489784 0.004976056 0.031550828 1.387354255 -0.004977717 0.999987662 -0.000025932 -2.434155703 -0.031550564 -0.000131132 0.999502063 86.338462830
0.999169409 0.005463834 0.040381763 1.409610987 -0.005457427 0.999985099 -0.000268876 -2.450500488 -0.040382639 0.000048273 0.999184310 86.886940002
0.998791039 0.005590996 0.048838746 1.455954313 -0.005584411 0.999984324 -0.000271283 -2.467091799 -0.048839502 -0.000001781 0.998806655 87.438484192
0.998435616 0.005145079 0.055678714 1.496449709 -0.005145079 0.999986708 -0.000143369 -2.483118773 -0.055678714 -0.000143327 0.998448730 87.988410950
0.997906208 0.004523363 0.064519644 1.557244301 -0.004501580 0.999989748 -0.000483017 -2.495148420 -0.064521164 0.000191565 0.997916341 88.527000427
0.997167230 0.004864879 0.075059839 1.604046822 -0.004817087 0.999988019 -0.000817756 -2.501575708 -0.075062923 0.000453869 0.997178733 89.036483765
0.996497393 0.004825081 0.083484791 1.670408249 -0.004803538 0.999988377 -0.000458905 -2.528331757 -0.083486028 0.000056275 0.996508956 89.635276794
0.995760739 0.004196201 0.091886245 1.738163471 -0.004149658 0.999991179 -0.000697573 -2.543863773 -0.091888361 0.000313319 0.995769262 90.185890198
0.994743586 0.004412952 0.102302268 1.809187889 -0.004374397 0.999990165 -0.000601209 -2.559844494 -0.102303922 0.000150538 0.994753182 90.711509705
0.993570507 0.004564184 0.113123350 1.881734848 -0.004548618 0.999989569 -0.000395705 -2.575001955 -0.113123983 -0.000121394 0.993580878 91.252464294
0.992511570 0.003865191 0.122090645 1.977917671 -0.003813240 0.999992430 -0.000659160 -2.590000153 -0.122092299 0.000188663 0.992518723 91.812744141
0.991048574 0.003945486 0.133443698 2.067278862 -0.003907847 0.999992251 -0.000543978 -2.599819660 -0.133444831 0.000017631 0.991056204 92.347198486
0.989388824 0.003618321 0.145246655 2.167614937 -0.003555718 0.999993443 -0.000690610 -2.620621920 -0.145248190 0.000166825 0.989395261 92.907058716
0.987701058 0.003904745 0.156305403 2.269987106 -0.003863541 0.999992371 -0.000567423 -2.637744188 -0.156306416 -0.000043448 0.987708628 93.458374023
0.986042619 0.003018342 0.166465804 2.384654999 -0.002982509 0.999995410 -0.000465254 -2.657601118 -0.166466415 -0.000037726 0.986047149 93.982269287
0.983873606 0.003027604 0.178839087 2.503863335 -0.002945264 0.999995351 -0.000725921 -2.669864893 -0.178840443 0.000187486 0.983878076 94.506423950
0.981443465 0.002607493 0.191734180 2.634539604 -0.002456079 0.999996483 -0.001027370 -2.681914330 -0.191736162 0.000537391 0.981446385 95.062904358
0.979271114 0.002597615 0.202537149 2.745496750 -0.002573485 0.999996543 -0.000382478 -2.704304457 -0.202537462 -0.000146676 0.979274511 95.596237183
0.976452351 0.002597781 0.215717614 2.886051178 -0.002592489 0.999996603 -0.000307485 -2.720979452 -0.215717688 -0.000259001 0.976455808 96.129608154
0.973435223 0.002134197 0.228952348 3.035789490 -0.002160858 0.999997616 -0.000134249 -2.737001896 -0.228952110 -0.000364050 0.973437607 96.660270691
0.970820904 0.001802421 0.239799023 3.184926987 -0.001859076 0.999998271 0.000010059 -2.757335424 -0.239798561 -0.000455570 0.970822573 97.181961060
0.967858195 0.000892265 0.251495361 3.351240158 -0.000882986 0.999999583 -0.000149742 -2.777955055 -0.251495391 -0.000077138 0.967858493 97.700401306
0.964200377 0.001384902 0.265171438 3.518136978 -0.001476086 0.999998868 0.000144593 -2.793263912 -0.265170991 -0.000530833 0.964201272 98.223144531
0.960516810 0.001639727 0.278217077 3.678535461 -0.001599980 0.999998629 -0.000369915 -2.798944950 -0.278217286 -0.000089832 0.960518181 98.745361328
0.957413793 0.000895681 0.288718224 3.860345840 -0.000944335 0.999999523 0.000029230 -2.817108631 -0.288718045 -0.000300632 0.957414150 99.253150940
0.953081489 0.000079640 0.302713871 4.047206879 -0.000002309 1.000000000 -0.000255818 -2.828712702 -0.302713871 0.000243116 0.953081489 99.763679504
0.948614717 0.000425203 0.316432923 4.234128952 -0.000444785 0.999999881 -0.000010343 -2.845313787 -0.316432863 -0.000130933 0.948614895 100.300331116
0.944714427 -0.000135941 0.327894062 4.433607101 0.000277554 0.999999821 -0.000385088 -2.853086710 -0.327893972 0.000454807 0.944714367 100.820381165
0.940100551 -0.000879409 0.340896040 4.641237259 0.000959035 0.999999583 -0.000065066 -2.877176523 -0.340895772 0.000388100 0.940101087 101.323440552
0.934919715 -0.000886802 0.354858249 4.861547470 0.000987654 0.999999464 -0.000103069 -2.892995119 -0.354857981 0.000446838 0.934920132 101.834915161
0.929987252 -0.001024336 0.367590398 5.080663681 0.000980235 0.999999464 0.000306671 -2.908572674 -0.367590517 0.000075125 0.929987848 102.343460083
0.925634146 -0.001523218 0.378416687 5.309566498 0.001648932 0.999998689 -0.000008171 -2.920641184 -0.378416091 0.000631546 0.925635457 102.841949463
0.919278204 -0.001870967 0.393603951 5.535026550 0.001915967 0.999998093 0.000278595 -2.936336994 -0.393603742 0.000498026 0.919279993 103.352859497
0.913422048 -0.002483381 0.407006115 5.776466370 0.002513933 0.999996722 0.000459677 -2.950098753 -0.407005906 0.000603307 0.913425267 103.840789795
0.908490419 -0.002695757 0.417897046 6.023101807 0.002584395 0.999996364 0.000832380 -2.970526934 -0.417897671 0.000323802 0.908494055 104.304481506
0.902235746 -0.002740512 0.431234360 6.280628204 0.002800807 0.999995887 0.000495121 -2.976835966 -0.431233943 0.000761088 0.902239799 104.832206726
0.895672143 -0.002715627 0.444706708 6.545417786 0.002505069 0.999996305 0.001061140 -3.002147198 -0.444707930 0.000163588 0.895675600 105.295707703
0.889834940 -0.003770598 0.456267178 6.821117401 0.003773467 0.999992430 0.000904748 -3.017676830 -0.456267118 0.000916633 0.889842391 105.773147583
0.883825958 -0.003807817 0.467800409 7.071228027 0.004087371 0.999991536 0.000417402 -3.012594223 -0.467797935 0.001543163 0.883834064 106.273712158
0.876548707 -0.003813288 0.481298208 7.359420776 0.004256298 0.999990880 0.000171206 -3.026481628 -0.481294453 0.001898479 0.876556993 106.746551514
