1.000000000 0.000000000 0.000000000 0.000000000 0.000000000 1.000000000 0.000000000 0.000000000 0.000000000 0.000000000 1.000000000 0.000000000
1.000000000 -0.000054471 -0.000203326 0.004940912 0.000054498 1.000000000 0.000134732 -0.003660480 0.000203319 -0.000134743 1.000000000 -0.003306887
1.000000000 0.000020094 0.000043226 0.000337821 -0.000020098 1.000000000 0.000085826 -0.002581030 -0.000043225 -0.000085827 1.000000000 -0.002995797
1.000000000 -0.000116304 -0.000159878 0.006038683 0.000116327 1.000000000 0.000148091 -0.002392074 0.000159861 -0.000148110 1.000000000 -0.004149851
1.000000000 -0.000003937 -0.000073666 0.001578860 0.000003940 1.000000000 0.000045912 0.000192036 0.000073666 -0.000045913 1.000000000 0.001664580
1.000000000 -0.000040876 0.000055461 -0.000249615 0.000040877 1.000000000 -0.000018362 -0.001047426 -0.000055460 0.000018364 1.000000000 -0.000677788
1.000000000 -0.000085857 -0.000129654 0.004325130 0.000085876 1.000000000 0.000150137 -0.002733900 0.000129641 -0.000150148 1.000000000 -0.006369282
1.000000000 -0.000110200 -0.000097299 -0.000240425 0.000110201 1.000000000 0.000009356 0.000743021 0.000097298 -0.000009367 1.000000000 0.002077020
1.000000000 0.000051884 -0.000089555 0.002338936 -0.000051876 1.000000000 0.000088062 -0.003118744 0.000089559 -0.000088058 1.000000000 -0.008599099
1.000000000 0.000042721 0.000031382 0.000742900 -0.000042724 1.000000000 0.000096088 -0.001832832 -0.000031378 -0.000096089 1.000000000 -0.005763071
1.000000000 0.000146035 0.000105534 -0.001846578 -0.000146037 1.000000000 0.000012092 -0.001216433 -0.000105532 -0.000012108 1.000000000 -0.004259209
1.000000000 -0.000107261 -0.000012956 -0.000461238 0.000107262 1.000000000 0.000091783 -0.003854511 0.000012947 -0.000091785 1.000000000 -0.009353754
1.000000000 -0.000044508 0.000036232 -0.000234162 0.000044506 1.000000000 0.000055197 -0.001730074 -0.000036234 -0.000055195 1.000000000 -0.006544775
1.000000000 -0.000015423 -0.000008617 0.000954463 0.000015424 1.000000000 0.000089135 -0.001893716 0.000008616 -0.000089135 1.000000000 -0.006862587
1.000000000 -0.000166023 -0.000070051 0.000313726 0.000166035 1.000000000 0.000164595 -0.001383163 0.000070024 -0.000164606 1.000000000 -0.008163169
0.999999940 -0.000250471 -0.000081625 -0.001293213 0.000250479 0.999999940 0.000096424 -0.002446047 0.000081601 -0.000096445 1.000000000 -0.008481086
1.000000000 -0.000193087 0.000017350 0.000169954 0.000193085 1.000000000 0.000094828 -0.001508957 -0.000017369 -0.000094825 1.000000000 -0.008821432
1.000000000 0.000049541 0.000009868 0.002157177 -0.000049543 1.000000000 0.000188105 -0.004124256 -0.000009859 -0.000188105 1.000000000 -0.012692337
1.000000000 -0.000230867 -0.000071297 0.002036411 0.000230875 0.999999940 0.000108865 -0.003563034 0.000071272 -0.000108881 1.000000000 -0.008610651
0.999999940 -0.000313908 -0.000095116 0.005804264 0.000313926 0.999999940 0.000192837 -0.005611871 0.000095056 -0.000192867 1.000000000 -0.020047991
1.000000000 -0.000049832 -0.000053362 0.005374965 0.000049847 0.999999940 0.000281913 -0.006405130 0.000053348 -0.000281915 0.999999940 -0.018687950
1.000000000 0.000091309 0.000030214 -0.000261141 -0.000091312 1.000000000 0.000112319 -0.001462261 -0.000030204 -0.000112322 1.000000000 -0.007054885
0.999999940 -0.000221639 -0.000160368 0.004377576 0.000221660 0.999999940 0.000128912 -0.003389875 0.000160339 -0.000128947 1.000000000 -0.011909334
0.999999940 -0.000226075 -0.000099982 0.001367621 0.000226098 0.999999940 0.000225261 -0.003941844 0.000099931 -0.000225283 0.999999940 -0.007464010
1.000000000 -0.000038255 -0.000126995 0.005895011 0.000038282 1.000000000 0.000206269 -0.003522241 0.000126987 -0.000206274 1.000000000 -0.016248705
1.000000000 -0.000061828 -0.000037055 0.000588811 0.000061836 1.000000000 0.000215205 -0.003216390 0.000037042 -0.000215207 1.000000000 -0.013643161
1.000000000 -0.000106523 -0.000001250 -0.001747733 0.000106523 1.000000000 0.000166423 -0.004613143 0.000001233 -0.000166423 1.000000000 -0.012750751
1.000000000 -0.000061712 0.000007311 -0.000908664 0.000061710 1.000000000 0.000215014 -0.003414583 -0.000007324 -0.000215013 1.000000000 -0.010806157
0.999999940 -0.000235711 -0.000115438 -0.000452090 0.000235727 0.999999940 0.000143542 -0.000479923 0.000115405 -0.000143569 1.000000000 -0.007687931
1.000000000 -0.000092455 -0.000098831 0.001327891 0.000092474 1.000000000 0.000192106 -0.002308437 0.000098813 -0.000192115 1.000000000 -0.008552397
1.000000000 -0.000160535 -0.000023195 -0.001022755 0.000160538 1.000000000 0.000147490 -0.001186650 0.000023171 -0.000147494 1.000000000 -0.002328752
0.999999940 -0.000258850 -0.000156744 -0.002381076 0.000258892 0.999999940 0.000264853 -0.003584836 0.000156675 -0.000264893 0.999999940 -0.010329255
0.999999940 -0.000242328 -0.000140873 0.002151619 0.000242371 0.999999940 0.000307855 -0.003832971 0.000140798 -0.000307889 0.999999940 -0.014164054
1.000000000 -0.000000770 -0.000077647 -0.000680023 0.000000777 1.000000000 0.000096190 -0.001392935 0.000077647 -0.000096190 1.000000000 -0.006839547
1.000000000 -0.000141406 -0.000087108 -0.000964909 0.000141413 1.000000000 0.000081261 -0.000947311 0.000087097 -0.000081273 1.000000000 -0.007605901
0.999999940 -0.000243522 -0.000070093 -0.002792712 0.000243524 0.999999940 0.000024924 -0.000682625 0.000070087 -0.000024941 1.000000000 -0.011328710
0.999999940 -0.000266672 -0.000174574 0.004210458 0.000266700 0.999999940 0.000157744 -0.001944950 0.000174532 -0.000157790 1.000000000 -0.013028936
1.000000000 -0.000187370 -0.000036910 -0.000118953 0.000187373 1.000000000 0.000077256 0.000095867 0.000036896 -0.000077263 1.000000000 -0.007178354
1.000000000 -0.000024555 -0.000065814 -0.001028550 0.000024576 0.999999940 0.000316394 -0.003194499 0.000065806 -0.000316395 0.999999940 -0.011841798
0.999999940 -0.000249413 -0.000231121 0.004838071 0.000249456 0.999999940 0.000187689 -0.005374165 0.000231074 -0.000187747 0.999999940 -0.006518768
1.000000000 -0.000024789 -0.000159047 0.007697962 0.000024725 0.999999940 -0.000400659 -0.008579778 0.000159056 0.000400655 0.999999881 0.042220958
1.000000000 -0.000077960 -0.000203057 0.008429328 0.000077720 0.999999285 -0.001184483 -0.004836277 0.000203150 0.001184467 0.999999285 0.144684881
1.000000000 -0.000108875 -0.000009813 0.003416288 0.000108863 0.999999166 -0.001273634 -0.011326782 0.000009952 0.001273633 0.999999166 0.263594031
0.999999881 -0.000410857 0.000116098 0.003421677 0.000410983 0.999999344 -0.001083988 -0.015950324 -0.000115653 0.001084036 0.999999404 0.384486526
1.000000000 0.000118550 -0.000070861 0.006748299 -0.000118622 0.999999464 -0.001026122 -0.021888167 0.000070740 0.001026131 0.999999464 0.531001806
1.000000000 0.000001320 0.000091437 0.012463871 -0.000001217 0.999999344 -0.001130129 -0.026365070 -0.000091438 0.001130129 0.999999344 0.687772036
1.000000000 -0.000023674 0.000187248 0.031171020 0.000023807 0.999999762 -0.000709750 -0.038511582 -0.000187231 0.000709754 0.999999702 0.851578593
0.999999940 -0.000120788 0.000325444 0.017690098 0.000120994 0.999999821 -0.000631579 -0.037714761 -0.000325368 0.000631619 0.999999762 1.022743821
0.999999821 0.000209681 0.000513317 0.015054967 -0.000209281 0.999999702 -0.000778737 -0.033198915 -0.000513480 0.000778629 0.999999583 1.189529896
0.999999940 -0.000286155 0.000090025 0.041679509 0.000286196 0.999999881 -0.000457641 -0.051344745 -0.000089894 0.000457667 0.999999881 1.412276506
0.999999940 0.000159088 0.000343647 0.031237390 -0.000158951 0.999999881 -0.000399063 -0.062438581 -0.000343711 0.000399008 0.999999881 1.606840730
0.999998927 -0.000326829 0.001411786 0.012686245 0.000325246 0.999999344 0.001121252 -0.075001143 -0.001412152 -0.001120792 0.999998391 1.696262240
0.999998748 -0.001006013 0.001192638 0.025233675 0.001004298 0.999998450 0.001437709 -0.083213910 -0.001194083 -0.001436510 0.999998212 1.896002650
0.999998689 -0.000366641 0.001577593 0.024256757 0.000364478 0.999998927 0.001370876 -0.089707762 -0.001578094 -0.001370300 0.999997795 2.112109184
0.999998987 -0.000444076 0.001372101 0.033277124 0.000441855 0.999998629 0.001618385 -0.095129766 -0.001372818 -0.001617777 0.999997735 2.328931332
0.999998748 0.000025597 0.001588418 0.025781089 -0.000028221 0.999998629 0.001651743 -0.102279343 -0.001588374 -0.001651786 0.999997318 2.558355093
0.999997258 0.000390079 0.002334509 0.025873289 -0.000394522 0.999998212 0.001902960 -0.111286893 -0.002333762 -0.001903876 0.999995410 2.794339180
0.999999046 -0.000340701 0.001358780 0.044909328 0.000338232 0.999998271 0.001816206 -0.121613495 -0.001359397 -0.001815744 0.999997437 3.030146122
0.999998569 0.000045705 0.001692366 0.041479714 -0.000048399 0.999998689 0.001591581 -0.124321587 -0.001692291 -0.001591661 0.999997258 3.290671349
0.999998212 0.000086908 0.001834002 0.046758972 -0.000090578 0.999997854 0.002001007 -0.134704277 -0.001833824 -0.002001169 0.999996364 3.516635656
0.999999046 0.000199688 0.001338572 0.070403613 -0.000201902 0.999998629 0.001654305 -0.136692733 -0.001338239 -0.001654574 0.999997735 3.779419422
0.999998748 -0.001137838 0.001077134 0.069251612 0.001135565 0.999997139 0.002108471 -0.156911686 -0.001079530 -0.002107246 0.999997199 4.033806324
0.999998927 -0.000458277 0.001337109 0.069051959 0.000454829 0.999996543 0.002577972 -0.165495947 -0.001338286 -0.002577361 0.999995828 4.287311077
0.999998987 -0.000323618 0.001354608 0.080778152 0.000320063 0.999996603 0.002623266 -0.171889752 -0.001355452 -0.002622830 0.999995589 4.556747437
0.999999106 -0.000876943 0.000970648 0.090394914 0.000874273 0.999995887 0.002747702 -0.180933341 -0.000973053 -0.002746852 0.999995708 4.810832977
0.999998689 -0.000861978 0.001315479 0.087808639 0.000858529 0.999996185 0.002620324 -0.186685845 -0.001317732 -0.002619191 0.999995708 5.059093475
0.999998510 -0.001398677 0.000942948 0.096406877 0.001396015 0.999994993 0.002818056 -0.199994266 -0.000946884 -0.002816736 0.999995589 5.322848320
0.999998689 -0.000589580 0.001508308 0.085858256 0.000585500 0.999996185 0.002703542 -0.206228495 -0.001509896 -0.002702656 0.999995172 5.579797745
0.999998391 -0.000111551 0.001761501 0.087748371 0.000106687 0.999996185 0.002761031 -0.218975097 -0.001761802 -0.002760838 0.999994576 5.851624489
0.999999166 -0.000953706 0.000869773 0.109155610 0.000950970 0.999994636 0.003140427 -0.229199633 -0.000872763 -0.003139598 0.999994636 6.153803825
0.999998093 -0.001725458 0.000917941 0.114324979 0.001722348 0.999992847 0.003377774 -0.235369205 -0.000923763 -0.003376187 0.999993920 6.434402466
0.999999285 -0.000634955 0.001026011 0.114916682 0.000631628 0.999994636 0.003239307 -0.243875459 -0.001028062 -0.003238656 0.999994278 6.737243652
0.999997973 -0.001909659 0.000673406 0.129502118 0.001907491 0.999993145 0.003204919 -0.244414628 -0.000679522 -0.003203628 0.999994636 7.023620605
0.999997914 -0.001897366 0.000637101 0.144404888 0.001895338 0.999993205 0.003168796 -0.256171167 -0.000643109 -0.003167582 0.999994814 7.324519157
0.999998808 -0.001282089 0.000836650 0.129805982 0.001279446 0.999994218 0.003151872 -0.272837937 -0.000840686 -0.003150798 0.999994695 7.667161465
0.999999106 -0.000954128 0.000878994 0.143740773 0.000950900 0.999992847 0.003665932 -0.287564158 -0.000882486 -0.003665093 0.999992847 7.985782146
0.999998450 -0.001282228 0.001171033 0.139600545 0.001277646 0.999991596 0.003904894 -0.295551360 -0.001176030 -0.003903392 0.999991655 8.304325104
0.999998569 -0.001295129 0.001075176 0.150214702 0.001291427 0.999993324 0.003436223 -0.295156687 -0.001079619 -0.003434830 0.999993563 8.653117180
0.999998868 -0.000889310 0.001106868 0.148226053 0.000885661 0.999994159 0.003292210 -0.293160528 -0.001109789 -0.003291227 0.999993980 8.991907120
0.999998569 -0.001500775 0.000767676 0.154790953 0.001498203 0.999993265 0.003340647 -0.323188722 -0.000772685 -0.003339492 0.999994040 9.358023643
0.999997795 -0.001998606 0.000540889 0.166535437 0.001996860 0.999992788 0.003209286 -0.328762054 -0.000547300 -0.003208199 0.999994636 9.702663422
0.999997616 -0.002126435 0.000524325 0.171618000 0.002124817 0.999993086 0.003066743 -0.329602718 -0.000530843 -0.003065622 0.999995053 10.050046921
0.999998033 -0.001870505 0.000726694 0.176095024 0.001868122 0.999992907 0.003265811 -0.345412552 -0.000732797 -0.003264447 0.999994397 10.424267769
0.999998093 -0.001819588 0.000715398 0.190526783 0.001816731 0.999990523 0.003973910 -0.359479040 -0.000722622 -0.003972603 0.999991775 10.782206535
0.999997556 -0.002130582 0.000501142 0.209034413 0.002128898 0.999992132 0.003335728 -0.350785851 -0.000508245 -0.003334653 0.999994278 11.156509399
0.999996901 -0.002450736 0.000423544 0.202803046 0.002448797 0.999986768 0.004519735 -0.411472857 -0.000434615 -0.004518684 0.999989629 11.535299301
0.999996185 -0.002723101 0.000583299 0.212285355 0.002720557 0.999986947 0.004319690 -0.412033290 -0.000595054 -0.004318086 0.999990463 11.927107811
0.999993563 -0.003603949 0.000060765 0.231440440 0.003603647 0.999983907 0.004399392 -0.425435454 -0.000076619 -0.004399145 0.999990344 12.316122055
0.999997377 -0.002091632 0.000940949 0.221374616 0.002087037 0.999985993 0.004858457 -0.439315915 -0.000951098 -0.004856481 0.999987721 12.677916527
0.999995828 -0.002890582 0.000310076 0.246104583 0.002888991 0.999983191 0.005015142 -0.445871830 -0.000324567 -0.005014226 0.999987304 13.070929527
0.999994636 -0.003267457 0.000148111 0.257584333 0.003266645 0.999981105 0.005185404 -0.458082020 -0.000165051 -0.005184893 0.999986470 13.443929672
0.999996841 -0.002342449 0.000876802 0.243762434 0.002337780 0.999983251 0.005288337 -0.492927879 -0.000889175 -0.005286271 0.999985576 13.916004181
0.999997079 -0.002182672 0.001082410 0.252834588 0.002176006 0.999978900 0.006121451 -0.507885218 -0.001095749 -0.006119078 0.999980688 14.321928978
0.999996424 -0.002464118 0.001082976 0.266419590 0.002457789 0.999980152 0.005806826 -0.524680972 -0.001097263 -0.005804144 0.999982595 14.759012222
0.999993563 -0.003417036 0.001160360 0.269466937 0.003410197 0.999977171 0.005845840 -0.525186539 -0.001180309 -0.005841844 0.999982238 15.166254044
0.999991834 -0.003857641 0.001186659 0.293652415 0.003849411 0.999969125 0.006860732 -0.554397702 -0.001213089 -0.006856108 0.999975741 15.622877121
0.999992549 -0.003403088 0.001832374 0.292793214 0.003390833 0.999972165 0.006650281 -0.586995006 -0.001854955 -0.006644018 0.999976158 16.035573959
0.999991536 -0.003715034 0.001751863 0.308481216 0.003703240 0.999970794 0.006688191 -0.595451236 -0.001776658 -0.006681647 0.999976099 16.480901718
0.999991775 -0.003583789 0.001897543 0.315573186 0.003571790 0.999973834 0.006289495 -0.600144565 -0.001920033 -0.006282666 0.999978423 16.919853210
0.999992132 -0.002905164 0.002672992 0.324500740 0.002889916 0.999979615 0.005690534 -0.602469563 -0.002689469 -0.005682765 0.999980211 17.438373566
0.999994576 -0.001849138 0.002752595 0.336472839 0.001832449 0.999979973 0.006053797 -0.608406425 -0.002763733 -0.006048721 0.999977887 17.898418427
0.999992669 -0.002842540 0.002570346 0.347546667 0.002825349 0.999973774 0.006667273 -0.629258573 -0.002589230 -0.006659962 0.999974430 18.308219910
0.999989450 -0.003140895 0.003356273 0.342506081 0.003117315 0.999970615 0.007007896 -0.651779294 -0.003378185 -0.006997360 0.999969780 18.783061981
0.999989569 -0.003330446 0.003125942 0.364659339 0.003308114 0.999969184 0.007122020 -0.659675300 -0.003149564 -0.007111606 0.999969780 19.257795334
0.999988437 -0.003341363 0.003441468 0.380778164 0.003316705 0.999969065 0.007145992 -0.668846786 -0.003465238 -0.007134495 0.999968529 19.731964111
0.999991536 -0.001689709 0.003766375 0.371218473 0.001662359 0.999972343 0.007253042 -0.686355114 -0.003778526 -0.007246719 0.999966621 20.235534668
0.999989808 -0.001427584 0.004283346 0.368047535 0.001396251 0.999972403 0.007309237 -0.700649738 -0.004293662 -0.007303182 0.999964118 20.729646683
0.999989569 -0.002617457 0.003737024 0.376688480 0.002589485 0.999968886 0.007470449 -0.709873974 -0.003756461 -0.007460696 0.999965131 21.222665787
0.999990761 -0.002873189 0.003212688 0.386376262 0.002849218 0.999968290 0.007441479 -0.709796011 -0.003233968 -0.007432256 0.999967217 21.731849670
0.999990404 -0.002649224 0.003463361 0.387613654 0.002624890 0.999971986 0.007011657 -0.721023023 -0.003481840 -0.007002500 0.999969423 22.270168304
0.999990821 -0.003450216 0.002485482 0.408046275 0.003430279 0.999962270 0.007981493 -0.750851393 -0.002512927 -0.007972895 0.999965072 22.753784180
0.999989629 -0.004339036 0.001387353 0.422540724 0.004328201 0.999960840 0.007719710 -0.756274104 -0.001420795 -0.007713625 0.999969244 23.213865280
0.999991298 -0.004107223 0.000684808 0.430995464 0.004102135 0.999965191 0.007272264 -0.765109718 -0.000714652 -0.007269391 0.999973357 23.744691849
0.999993324 -0.003503717 0.001047535 0.426806390 0.003496421 0.999970198 0.006887362 -0.774583042 -0.001071635 -0.006883653 0.999975801 24.304037094
0.999994516 -0.003300487 -0.000064322 0.435647428 0.003300879 0.999965966 0.007564177 -0.792552829 0.000039354 -0.007564348 0.999971390 24.770940781
0.999994636 -0.003178892 -0.000734423 0.446511239 0.003184394 0.999965966 0.007615058 -0.794031620 0.000710191 -0.007617357 0.999970794 25.318490982
0.999996126 -0.002533806 -0.001150114 0.444249511 0.002542346 0.999968767 0.007485169 -0.801295519 0.001131112 -0.007488064 0.999971271 25.870578766
0.999993503 -0.003316419 -0.001429624 0.439786792 0.003327254 0.999965250 0.007644004 -0.822676182 0.001404224 -0.007648712 0.999969780 26.323091507
0.999993443 -0.003282358 -0.001559116 0.447929233 0.003295081 0.999960721 0.008228544 -0.829781055 0.001532046 -0.008233627 0.999964952 26.871280670
0.999993622 -0.002931333 -0.002031486 0.463801533 0.002947452 0.999963760 0.007977037 -0.850378811 0.002008030 -0.007982973 0.999966145 27.427108765
0.999992967 -0.002447686 -0.002860445 0.484340131 0.002472362 0.999959409 0.008655222 -0.872898221 0.002839143 -0.008662233 0.999958456 27.968572617
0.999989986 -0.003135059 -0.003171236 0.484076798 0.003163025 0.999955773 0.008852107 -0.875675201 0.003143344 -0.008862047 0.999955773 28.460605621
0.999989331 -0.002854419 -0.003643199 0.490392417 0.002887975 0.999953151 0.009238845 -0.895817578 0.003616657 -0.009249267 0.999950647 29.013339996
0.999989748 -0.003044581 -0.003363378 0.500549436 0.003074964 0.999954224 0.009065792 -0.906039000 0.003335622 -0.009076039 0.999953270 29.610383987
0.999989331 -0.002721452 -0.003737011 0.496379197 0.002754232 0.999957621 0.008794880 -0.904923856 0.003712917 -0.008805080 0.999954343 30.062602997
0.999987602 -0.002946943 -0.004009076 0.515136838 0.002983809 0.999953032 0.009221109 -0.926289201 0.003981713 -0.009232957 0.999949515 30.604993820
0.999992430 -0.001750680 -0.003487706 0.513457417 0.001783274 0.999954581 0.009364530 -0.939721584 0.003471153 -0.009370680 0.999950111 31.152769089
0.999982595 -0.003169407 -0.004969180 0.548626184 0.003218943 0.999944866 0.009992600 -0.965664387 0.004937235 -0.010008423 0.999937713 31.688732147
0.999980569 -0.003362160 -0.005248050 0.561865032 0.003412926 0.999947190 0.009694487 -0.972489119 0.005215179 -0.009712212 0.999939263 32.223022461
0.999980092 -0.003395813 -0.005319607 0.566347897 0.003446161 0.999949038 0.009484097 -0.974095345 0.005287131 -0.009502242 0.999940813 32.742637634
0.999987483 -0.001927709 -0.004621788 0.545705676 0.001970112 0.999955714 0.009187493 -0.992396474 0.004603873 -0.009196482 0.999947071 33.238689423
0.999984026 -0.003028766 -0.004779784 0.559666872 0.003075459 0.999947309 0.009791856 -1.009795904 0.004749874 -0.009806400 0.999940634 33.793590546
0.999978960 -0.003455996 -0.005487346 0.561600447 0.003514874 0.999935985 0.010756633 -1.020413160 0.005449820 -0.010775695 0.999927104 34.368862152
0.999979258 -0.003429898 -0.005457937 0.559351385 0.003485489 0.999941885 0.010208605 -1.020573139 0.005422604 -0.010227417 0.999933004 34.886421204
0.999979913 -0.002960857 -0.005605632 0.576760590 0.003016109 0.999946713 0.009873960 -1.028317690 0.005576099 -0.009890667 0.999935508 35.435649872
0.999980152 -0.002633960 -0.005723770 0.577924430 0.002693237 0.999942601 0.010373356 -1.058712482 0.005696120 -0.010388565 0.999929845 35.995296478
0.999974966 -0.003428394 -0.006195858 0.576047778 0.003496424 0.999933362 0.011002536 -1.085741520 0.006157725 -0.011023922 0.999920249 36.634059906
0.999979317 -0.002727022 -0.005828604 0.585959375 0.002792782 0.999932230 0.011304028 -1.089679718 0.005797383 -0.011320070 0.999919116 37.102481842
0.999977648 -0.003709369 -0.005558151 0.562834382 0.003767799 0.999937356 0.010539072 -1.083139658 0.005518711 -0.010559778 0.999929011 37.680175781
0.999975383 -0.003752365 -0.005929118 0.563431203 0.003824792 0.999917626 0.012251780 -1.154379487 0.005882659 -0.012274157 0.999907315 38.116508484
0.999976933 -0.003759234 -0.005662988 0.560448706 0.003826640 0.999921381 0.011939495 -1.166384220 0.005617660 -0.011960889 0.999912679 38.662231445
0.999970019 -0.003963056 -0.006646835 0.586724281 0.004037946 0.999928117 0.011291643 -1.154238224 0.006601608 -0.011318143 0.999914169 39.191337585
0.999981523 -0.003277642 -0.005121587 0.561364830 0.003338772 0.999922752 0.011973155 -1.179275990 0.005081948 -0.011990034 0.999915242 39.744461060
0.999975741 -0.004191614 -0.005561926 0.571044087 0.004257042 0.999921203 0.011804409 -1.174559474 0.005512008 -0.011827801 0.999914825 40.320148468
0.999966025 -0.004945158 -0.006590216 0.600936234 0.005024575 0.999914348 0.012089173 -1.188141584 0.006529869 -0.012121877 0.999905169 40.883251190
0.999974906 -0.003859994 -0.005933839 0.599093139 0.003929832 0.999922574 0.011803311 -1.202836275 0.005887819 -0.011826335 0.999912739 41.434444427
0.999980092 -0.003487160 -0.005250044 0.586812615 0.003549485 0.999922752 0.011909088 -1.212791920 0.005208110 -0.011927486 0.999915242 41.942474365
0.999985158 -0.002313124 -0.004921933 0.614619911 0.002369693 0.999930859 0.011518729 -1.214367270 0.004894949 -0.011530222 0.999921560 42.513805389
0.999965727 -0.004288276 -0.007083280 0.627154708 0.004383435 0.999899626 0.013473793 -1.249477148 0.007024791 -0.013504381 0.999884069 42.860942841
0.999966800 -0.004347096 -0.006894451 0.625208735 0.004442087 0.999894559 0.013822976 -1.258038282 0.006833634 -0.013853142 0.999880612 43.396526337
0.999960542 -0.005001201 -0.007341015 0.636337757 0.005100526 0.999894917 0.013574468 -1.269044638 0.007272355 -0.013611376 0.999880850 43.934440613
0.999961078 -0.004706922 -0.007448093 0.654865980 0.004804724 0.999901772 0.013168272 -1.264450431 0.007385380 -0.013203546 0.999885559 44.490314484
0.999962628 -0.004597263 -0.007322852 0.644122303 0.004692574 0.999903798 0.013052201 -1.271559715 0.007262144 -0.013086076 0.999888003 45.022270203
0.999967337 -0.004166880 -0.006918528 0.655322552 0.004260524 0.999898791 0.013576102 -1.298660755 0.006861258 -0.013605136 0.999883890 45.528724670
0.999962628 -0.004686927 -0.007268538 0.671935499 0.004781791 0.999902785 0.013089378 -1.300579190 0.007206483 -0.013123645 0.999887884 46.081279755
0.999969780 -0.003911833 -0.006719818 0.659121156 0.003996395 0.999912381 0.012616971 -1.309521437 0.006669874 -0.012643444 0.999897838 46.649635315
0.999961555 -0.004265336 -0.007657672 0.693858266 0.004363592 0.999907732 0.012860483 -1.318817377 0.007602111 -0.012893405 0.999887943 47.214885712
0.999963462 -0.003795682 -0.007655497 0.721050024 0.003893525 0.999910474 0.012806611 -1.321474195 0.007606201 -0.012835952 0.999888718 47.725479126
0.999968231 -0.003743015 -0.007057328 0.693494320 0.003838027 0.999901533 0.013497621 -1.347095966 0.007006111 -0.013524275 0.999883950 48.144126892
0.999968290 -0.003570925 -0.007123084 0.706851006 0.003669420 0.999897182 0.013862897 -1.358957529 0.007072847 -0.013888595 0.999878526 48.683662415
0.999962687 -0.004017458 -0.007656551 0.731875420 0.004121962 0.999897897 0.013682364 -1.363153696 0.007600800 -0.013713412 0.999877095 49.244415283
0.999959469 -0.004391987 -0.007861648 0.738411784 0.004495553 0.999902725 0.013204730 -1.366650581 0.007802887 -0.013239538 0.999881923 49.801025391
0.999968767 -0.003316069 -0.007164865 0.730453491 0.003412694 0.999902785 0.013516074 -1.373066902 0.007119348 -0.013540104 0.999882996 50.358867645
0.999969363 -0.003083469 -0.007184155 0.718291342 0.003182930 0.999898612 0.013874577 -1.388355255 0.007140646 -0.013897021 0.999877870 50.730327606
0.999970675 -0.002571489 -0.007214024 0.713645101 0.002671109 0.999900639 0.013833720 -1.396134734 0.007177735 -0.013852583 0.999878287 51.274459839
0.999966502 -0.003031949 -0.007594643 0.736064315 0.003134682 0.999903262 0.013551922 -1.406640291 0.007552819 -0.013575274 0.999879360 51.822067261
0.999974012 -0.002865740 -0.006599491 0.726654589 0.002956017 0.999901593 0.013710397 -1.409010768 0.006559552 -0.013729549 0.999884248 52.363410950
0.999968290 -0.003612028 -0.007098156 0.731860220 0.003709361 0.999898612 0.013747380 -1.420987368 0.007047780 -0.013773274 0.999880314 52.787139893
0.999974251 -0.002895728 -0.006558924 0.736002564 0.002984688 0.999903202 0.013594377 -1.428871632 0.006518923 -0.013613605 0.999886096 53.320804596
0.999974072 -0.002771317 -0.006638587 0.702513337 0.002861474 0.999903202 0.013610058 -1.432758570 0.006600226 -0.013628701 0.999885321 53.826255798
0.999964058 -0.003499032 -0.007717451 0.741888285 0.003602668 0.999903023 0.013456076 -1.458114982 0.007669617 -0.013483398 0.999879658 54.329269409
0.999972045 -0.002171186 -0.007153602 0.764680147 0.002262837 0.999915123 0.012828716 -1.430613518 0.007125141 -0.012844547 0.999892056 54.930809021
0.999972820 -0.002638595 -0.006883102 0.710903645 0.002738244 0.999890924 0.014508304 -1.476103067 0.006844070 -0.014526756 0.999871075 55.270565033
0.999970198 -0.002986879 -0.007122096 0.723227382 0.003089166 0.999891639 0.014394502 -1.490407467 0.007078330 -0.014416073 0.999871016 55.815868378
0.999971509 -0.003355579 -0.006752489 0.726727486 0.003450915 0.999893785 0.014157002 -1.488307118 0.006704266 -0.014179901 0.999876976 56.354377747
0.999974191 -0.002947678 -0.006540547 0.725700498 0.003040502 0.999894202 0.014227800 -1.510385752 0.006497915 -0.014247320 0.999877393 56.918701172
0.999976993 -0.002914760 -0.006120716 0.716178298 0.003001162 0.999895334 0.014154914 -1.518063545 0.006078818 -0.014172958 0.999881029 57.478858948
0.999969065 -0.003477562 -0.007051511 0.779354572 0.003580221 0.999886930 0.014598519 -1.516487718 0.006999947 -0.014623311 0.999868572 57.963134766
0.999974132 -0.003141497 -0.006469086 0.706363797 0.003241197 0.999875247 0.015459402 -1.551602721 0.006419714 -0.015479972 0.999859512 58.241298676
0.999974132 -0.003088821 -0.006492554 0.722515881 0.003190670 0.999871075 0.015735732 -1.562999010 0.006443112 -0.015756043 0.999855101 58.793102264
0.999976754 -0.002587236 -0.006301206 0.726660371 0.002685444 0.999874294 0.015627261 -1.557174444 0.006259983 -0.015643822 0.999858022 59.347270966
0.999975443 -0.003350361 -0.006159004 0.736504436 0.003442514 0.999881387 0.015013089 -1.565934658 0.006107974 -0.015033925 0.999868333 59.886962891
0.999972463 -0.002772085 -0.006887047 0.798471928 0.002885984 0.999858379 0.016583677 -1.610461473 0.006840100 -0.016603097 0.999838769 60.391326904
0.999974072 -0.003245876 -0.006426425 0.708923578 0.003344745 0.999875307 0.015434283 -1.583517313 0.006375526 -0.015455377 0.999860227 60.821186066
0.999977112 -0.002949380 -0.006084934 0.719821274 0.003045151 0.999870777 0.015790321 -1.599989414 0.006037575 -0.015808487 0.999856889 61.347694397
0.999974608 -0.002938201 -0.006501368 0.731932521 0.003038299 0.999876082 0.015440403 -1.591468453 0.006455197 -0.015459761 0.999859571 61.865863800
0.999976754 -0.002680887 -0.006268755 0.735880256 0.002779251 0.999872327 0.015735423 -1.612365723 0.006225769 -0.015752478 0.999856532 62.419143677
0.999973416 -0.003455375 -0.006428328 0.717368126 0.003550499 0.999883354 0.014845517 -1.605180979 0.006376282 -0.014867946 0.999869108 63.039386749
0.999968350 -0.003987886 -0.006880553 0.700408101 0.004098551 0.999861240 0.016145429 -1.652321815 0.006815214 -0.016173113 0.999845982 63.415092468
0.999968290 -0.003498370 -0.007158457 0.716685891 0.003609875 0.999871373 0.015623466 -1.658264041 0.007102881 -0.015648814 0.999852300 63.960857391
0.999969542 -0.004165730 -0.006590414 0.731553197 0.004265976 0.999874234 0.015270749 -1.657423735 0.006525971 -0.015298399 0.999861598 64.522552490
0.999971449 -0.003875945 -0.006487552 0.719515026 0.003981005 0.999859810 0.016260240 -1.664980769 0.006423619 -0.016285602 0.999846697 64.873458862
0.999971807 -0.003744035 -0.006503786 0.725909412 0.003844026 0.999873519 0.015430667 -1.669607162 0.006445192 -0.015455233 0.999859810 65.425148010
0.999967039 -0.003712783 -0.007220805 0.748668671 0.003828731 0.999862850 0.016110612 -1.685699940 0.007159999 -0.016137727 0.999844134 65.943977356
0.999967396 -0.003747941 -0.007151010 0.746908665 0.003858459 0.999872327 0.015504080 -1.682825923 0.007091989 -0.015531167 0.999854207 66.491989136
0.999969006 -0.003948487 -0.006807010 0.731978774 0.004059078 0.999858737 0.016310094 -1.694209576 0.006741650 -0.016337220 0.999843836 66.877410889
0.999972701 -0.003103831 -0.006709172 0.721225202 0.003215510 0.999855340 0.016699517 -1.714658260 0.006656369 -0.016720634 0.999838054 67.430984497
0.999967873 -0.003093815 -0.007401013 0.764738023 0.003213863 0.999862552 0.016264049 -1.721723080 0.007349679 -0.016287316 0.999840379 67.935028076
0.999966621 -0.004022917 -0.007115114 0.755717337 0.004131435 0.999874294 0.015303525 -1.711810827 0.007052656 -0.015332411 0.999857545 68.478874207
0.999968588 -0.003889296 -0.006905468 0.766759872 0.004003755 0.999853551 0.016639320 -1.730913639 0.006839741 -0.016666450 0.999837697 68.836196899
0.999966681 -0.003794301 -0.007228519 0.788816810 0.003911179 0.999860823 0.016224099 -1.744043827 0.007165954 -0.016251836 0.999842167 69.381538391
0.999968648 -0.003885862 -0.006883961 0.778044462 0.003998130 0.999858022 0.016370611 -1.742614031 0.006819368 -0.016397625 0.999842286 69.927299500
0.999955833 -0.005766387 -0.007424820 0.772158086 0.005882487 0.999859214 0.015711013 -1.741366148 0.007333179 -0.015753996 0.999848962 70.550598145
0.999969065 -0.003656005 -0.006968174 0.798627377 0.003775981 0.999843419 0.017283091 -1.777102351 0.006903896 -0.017308867 0.999826372 70.804107666
0.999971151 -0.003471431 -0.006766683 0.803949714 0.003588044 0.999843895 0.017298166 -1.778073907 0.006705577 -0.017321942 0.999827504 71.365676880
0.999972641 -0.002897476 -0.006805228 0.811999559 0.003011617 0.999853909 0.016822524 -1.786979318 0.006755491 -0.016842557 0.999835432 71.921180725
0.999960661 -0.004653950 -0.007542293 0.830380499 0.004777741 0.999852717 0.016478721 -1.790947676 0.007464490 -0.016514108 0.999835849 72.488502502
0.999949217 -0.006013208 -0.008090137 0.870682001 0.006138310 0.999860525 0.015528605 -1.770069957 0.007995633 -0.015577476 0.999846756 72.982360840
0.999954224 -0.005647821 -0.007725610 0.832331121 0.005781780 0.999831319 0.017428670 -1.789127350 0.007625874 -0.017472537 0.999818265 73.246208191
0.999953568 -0.005794719 -0.007698784 0.842437148 0.005924761 0.999838293 0.016977226 -1.793384075 0.007599161 -0.017022051 0.999826252 73.780456543
0.999943316 -0.006841616 -0.008158641 0.866787374 0.006976489 0.999837518 0.016618883 -1.801549077 0.008043615 -0.016674858 0.999828637 74.361740112
0.999944806 -0.006831103 -0.007972405 0.853294551 0.006962813 0.999837756 0.016611604 -1.800064087 0.007857636 -0.016666196 0.999830246 74.883300781
0.999939084 -0.007313767 -0.008263820 0.847985387 0.007448977 0.999836922 0.016451051 -1.780575275 0.008142154 -0.016511606 0.999830484 75.423477173
0.999947250 -0.006649994 -0.007817646 0.825885773 0.006784836 0.999826431 0.017350264 -1.804278851 0.007700910 -0.017402392 0.999818921 75.822479248
0.999944270 -0.006889713 -0.007989099 0.833825350 0.007027538 0.999824762 0.017353997 -1.805710196 0.007868133 -0.017409174 0.999817491 76.364982605
0.999937415 -0.007372850 -0.008417109 0.839178205 0.007512703 0.999832094 0.016706387 -1.805931330 0.008292524 -0.016768577 0.999825001 76.887809753
0.999945223 -0.006375695 -0.008299073 0.845148265 0.006512086 0.999842405 0.016512452 -1.805757403 0.008192487 -0.016565593 0.999829233 77.411476135
0.999960244 -0.006333219 -0.006293067 0.833912432 0.006439667 0.999834001 0.017041104 -1.813238859 0.006184101 -0.017080948 0.999835014 77.827537537
0.999973953 -0.005693636 -0.004430922 0.826204717 0.005766742 0.999844491 0.016664593 -1.822296023 0.004335352 -0.016689707 0.999851406 78.377586365
0.999973655 -0.006209719 -0.003754067 0.850209355 0.006271098 0.999843121 0.016565884 -1.835913658 0.003650607 -0.016588993 0.999855757 78.942893982
0.999984503 -0.005151701 -0.002109623 0.826824903 0.005186297 0.999846518 0.016735755 -1.853530288 0.002023082 -0.016746437 0.999857664 79.494544983
0.999982834 -0.005805783 0.000761377 0.845600605 0.005791110 0.999820530 0.018034929 -1.866946459 -0.000865947 -0.018030209 0.999837041 79.835205078
0.999972343 -0.005962285 0.004445561 0.868308663 0.005885557 0.999836862 0.017077148 -1.850558281 -0.004546654 -0.017050512 0.999844253 80.389862061
0.999954760 -0.006546526 0.006884389 0.905734837 0.006425424 0.999826729 0.017468343 -1.861269236 -0.006997553 -0.017423319 0.999823689 80.902412415
0.999915361 -0.005525533 0.011774371 0.917774022 0.005327038 0.999844253 0.016823458 -1.853514194 -0.011865496 -0.016759310 0.999789119 81.451545715
0.999829412 -0.006543664 0.017267939 0.918227911 0.006240843 0.999826789 0.017532673 -1.868417740 -0.017379677 -0.017421918 0.999697149 82.054916382
0.999703288 -0.005708148 0.023681002 0.913709998 0.005283108 0.999824464 0.017972469 -1.893279552 -0.023779439 -0.017842030 0.999557972 82.331832886
0.999544322 -0.005405169 0.029697739 0.948722959 0.004859140 0.999818385 0.018427756 -1.907173872 -0.029791951 -0.018275052 0.999389052 82.856941223
0.999239326 -0.004486038 0.038740009 0.957528114 0.003784852 0.999828041 0.018154213 -1.899674416 -0.038814783 -0.017993776 0.999084473 83.442810059
0.998919666 -0.005955416 0.046086967 1.030270338 0.005119720 0.999820650 0.018229857 -1.909155726 -0.046187267 -0.017974211 0.998771071 83.917320251
0.998578072 -0.007040646 0.052842356 1.079154968 0.006074813 0.999811947 0.018416049 -1.909953594 -0.052962080 -0.018068854 0.998433053 84.445938110
0.998077154 -0.006756156 0.061614931 1.120287895 0.005613770 0.999809444 0.018695032 -1.932969689 -0.061729491 -0.018313196 0.997924924 84.922004700
0.997404516 -0.006615505 0.071696982 1.179196358 0.005324522 0.999820411 0.018182285 -1.931138039 -0.071804404 -0.017753340 0.997260690 85.465072632
0.996703565 -0.007390600 0.080792591 1.230049133 0.005941098 0.999817193 0.018166728 -1.934045553 -0.080912098 -0.017626844 0.996565342 85.983535767
0.996014595 -0.006973081 0.088918388 1.278133869 0.005373680 0.999819577 0.018214002 -1.943849206 -0.089029364 -0.017663594 0.995872378 86.515281677
0.995121837 -0.006289231 0.098454058 1.445766449 0.004443795 0.999810517 0.018952217 -1.968810201 -0.098554596 -0.018422255 0.994961143 86.913574219
0.993928015 -0.007748154 0.109758876 1.422307968 0.005743343 0.999811053 0.018569976 -1.941855907 -0.109882012 -0.017826837 0.993784726 87.523941040
0.992832363 -0.007581759 0.119273975 1.505224228 0.005382719 0.999809682 0.018748254 -1.956069946 -0.119393408 -0.017971855 0.992684424 88.063110352
0.991528392 -0.008979115 0.129579052 1.605710983 0.006667635 0.999810934 0.018261196 -1.941549420 -0.129718542 -0.017242512 0.991400957 88.611709595
0.989952147 -0.007878333 0.141182542 1.720983505 0.005190810 0.999798357 0.019393973 -1.985383153 -0.141306862 -0.018466257 0.989793599 89.070892334
0.988292754 -0.007857957 0.152367115 1.807274818 0.005033253 0.999808431 0.018915661 -1.974895716 -0.152486533 -0.017927309 0.988142908 89.697540283
0.986622989 -0.008062987 0.162819207 1.874465942 0.005177365 0.999822021 0.018139411 -1.937793136 -0.162936524 -0.017053783 0.986489177 90.341339111
0.984531999 -0.008653907 0.174990848 1.996715546 0.005637155 0.999826908 0.017729206 -1.940350890 -0.175113991 -0.016468523 0.984410405 90.879203796
0.982372701 -0.009484606 0.186691627 2.139099121 0.006310668 0.999825418 0.017587937 -1.953939319 -0.186825842 -0.016099760 0.982261121 91.416854858
0.980170429 -0.009209253 0.197942153 2.271804810 0.005866505 0.999830186 0.017467294 -1.958982468 -0.198069423 -0.015959695 0.980058074 91.980880737
0.977690160 -0.010587770 0.209785461 2.449897766 0.007049069 0.999820113 0.017608749 -1.987593651 -0.209934145 -0.015737109 0.977588892 92.455307007
0.974206030 -0.008813524 0.225487992 2.484951019 0.004804603 0.999820530 0.018321462 -1.928326130 -0.225609004 -0.016765498 0.974073648 93.031036377
0.971462131 -0.010244440 0.236973226 2.635963440 0.006225885 0.999823928 0.017700002 -1.928992152 -0.237112835 -0.015719512 0.971354902 93.573776245
0.968619466 -0.011321564 0.248290643 2.821538925 0.007243850 0.999823570 0.017330628 -1.939913392 -0.248443037 -0.014988204 0.968530536 94.072570801
0.965048969 -0.010572461 0.261856169 3.008172989 0.005741369 0.999799073 0.019207617 -1.966827035 -0.262006640 -0.017032884 0.964915693 94.545921326
0.961076677 -0.009687165 0.276112348 3.112768173 0.004833657 0.999821723 0.018253168 -1.932087183 -0.276239961 -0.016208060 0.960952044 95.192993164
0.957845986 -0.010849196 0.287077367 3.302570343 0.005919239 0.999819875 0.018035293 -1.932481408 -0.287221253 -0.015575753 0.957737625 95.715820312
0.953395486 -0.011350347 0.301509857 3.483697891 0.006001441 0.999807894 0.018660808 -1.941670418 -0.301663786 -0.015981637 0.953280449 96.259193420
0.949028492 -0.012236734 0.314952731 3.702058792 0.006606983 0.999798894 0.018936357 -1.944604039 -0.315121144 -0.015890256 0.948918462 96.791801453
0.945315242 -0.012698929 0.325910985 3.907638550 0.007093337 0.999805987 0.018382395 -1.942728639 -0.326081157 -0.015065361 0.945221782 97.336555481
0.940509856 -0.011602247 0.339568049 4.031927109 0.005608945 0.999810815 0.018625965 -1.937254906 -0.339719921 -0.015613287 0.940397024 97.751663208
0.935235202 -0.010798094 0.353862166 4.257183075 0.004656680 0.999823570 0.018202268 -1.930837750 -0.353996187 -0.015375581 0.935120344 98.280258179
0.930895150 -0.012450906 0.365074247 4.487466812 0.006239450 0.999815166 0.018188985 -1.941247940 -0.365233123 -0.014654178 0.930800676 98.771530151
0.926078260 -0.012290659 0.377131134 4.711219788 0.005759181 0.999813318 0.018441631 -1.957168460 -0.377287298 -0.014906431 0.925976217 99.274055481
0.920418322 -0.012593628 0.390732020 4.966478348 0.005662464 0.999805629 0.018885944 -1.973407149 -0.390893817 -0.015170465 0.920310736 99.757553101
0.914517462 -0.013079441 0.404335022 5.205524445 0.005624832 0.999791801 0.019619150 -1.970876217 -0.404507339 -0.015667742 0.914400518 100.338821411
0.909810901 -0.013046142 0.414818108 5.457725525 0.005332228 0.999790728 0.019748637 -1.976983070 -0.414988965 -0.015755624 0.909689963 100.828399658
0.904389799 -0.014669258 0.426455140 5.720180511 0.007088675 0.999787450 0.019357758 -1.974635601 -0.426648438 -0.014483957 0.904301643 101.329383850
0.897437513 -0.014238480 0.440911859 5.974441528 0.006254218 0.999789178 0.019556541 -1.998296857 -0.441097319 -0.014793214 0.897337437 101.785972595
0.891425848 -0.013686059 0.452960014 6.246807098 0.005436568 0.999794841 0.019509355 -2.003156424 -0.453134090 -0.014928596 0.891317308 102.295173645
0.885559976 -0.013952815 0.464315444 6.489109039 0.005775375 0.999802232 0.019029336 -1.960875154 -0.464489132 -0.014170023 0.885465443 102.834602356
0.877995908 -0.014139634 0.478459209 6.772731781 0.005412298 0.999792993 0.019614486 -1.969468832 -0.478637487 -0.014631875 0.877890706 103.319801331
0.871150434 -0.014779977 0.490793586 7.074283600 0.005506353 0.999778092 0.020334074 -1.993909359 -0.490985185 -0.015011558 0.871038496 103.787773132
