1.000000000 0.000000000 0.000000000 0.000000000 0.000000000 1.000000000 0.000000000 0.000000000 0.000000000 0.000000000 1.000000000 0.000000000
1.000000000 0.000133368 0.000105765 -0.000396083 -0.000133368 1.000000000 0.000005910 0.000779507 -0.000105764 -0.000005924 1.000000000 0.001289662
1.000000000 0.000111301 0.000062749 -0.000519514 -0.000111309 1.000000000 0.000120790 -0.000300577 -0.000062735 -0.000120797 1.000000000 0.000090172
1.000000000 -0.000065160 0.000128406 -0.000817413 0.000065151 1.000000000 0.000067381 0.000017610 -0.000128410 -0.000067373 1.000000000 0.001649742
1.000000000 -0.000053566 0.000078086 0.000230043 0.000053559 1.000000000 0.000092798 -0.000456778 -0.000078091 -0.000092793 1.000000000 0.000550238
1.000000000 0.000034845 0.000089863 -0.000075624 -0.000034841 1.000000000 -0.000050872 0.000825048 -0.000089865 0.000050869 1.000000000 0.001441951
1.000000000 0.000018488 0.000099046 0.000020462 -0.000018493 1.000000000 0.000046597 0.000337465 -0.000099045 -0.000046598 1.000000000 0.000499760
1.000000000 -0.000170461 0.000118491 0.000111935 0.000170462 1.000000000 -0.000009079 0.000493178 -0.000118490 0.000009099 1.000000000 0.000684214
1.000000000 0.000007166 0.000068982 -0.000307257 -0.000007168 1.000000000 0.000032207 -0.000385500 -0.000068982 -0.000032207 1.000000000 -0.000058949
1.000000000 0.000005788 0.000137780 -0.000702135 -0.000005793 1.000000000 0.000034930 0.000427198 -0.000137779 -0.000034931 1.000000000 0.001335493
1.000000000 -0.000219367 0.000056808 -0.000157067 0.000219362 1.000000000 0.000093789 0.000012714 -0.000056828 -0.000093776 1.000000000 0.000684459
1.000000000 -0.000003225 0.000214644 -0.000891357 0.000003188 1.000000000 0.000174167 -0.000501676 -0.000214645 -0.000174167 0.999999940 0.000768583
1.000000000 -0.000089786 0.000048150 0.000243323 0.000089782 1.000000000 0.000082873 -0.000369805 -0.000048157 -0.000082869 1.000000000 0.000277357
0.999999940 -0.000280239 -0.000036323 0.001098412 0.000280238 0.999999940 -0.000028654 0.000574780 0.000036331 0.000028644 1.000000000 -0.000134972
1.000000000 -0.000075239 0.000154409 -0.000431690 0.000075237 1.000000000 0.000012933 0.000814682 -0.000154410 -0.000012922 1.000000000 0.000415647
1.000000000 -0.000110823 0.000089574 -0.001014563 0.000110814 1.000000000 0.000103074 -0.000122893 -0.000089586 -0.000103064 1.000000000 0.000887348
1.000000000 0.000076856 0.000040164 -0.000452271 -0.000076860 1.000000000 0.000099092 -0.000033675 -0.000040157 -0.000099095 1.000000000 0.000250400
1.000000000 0.000041459 0.000060274 -0.000535417 -0.000041466 1.000000000 0.000116630 -0.000636674 -0.000060269 -0.000116633 1.000000000 0.000187110
0.999999940 0.000256138 0.000134902 -0.001434989 -0.000256142 0.999999940 0.000031393 0.000625836 -0.000134894 -0.000031428 1.000000000 0.000268077
1.000000000 0.000030152 0.000169432 -0.001583712 -0.000030144 1.000000000 -0.000048874 0.000314222 -0.000169433 0.000048869 1.000000000 -0.000221066
1.000000000 -0.000141119 0.000113560 -0.000124345 0.000141140 1.000000000 -0.000184612 0.001452063 -0.000113534 0.000184628 1.000000000 0.000419906
1.000000000 0.000152907 0.000085387 -0.000458442 -0.000152913 1.000000000 0.000070406 0.000437003 -0.000085376 -0.000070419 1.000000000 0.000564065
1.000000000 0.000007025 0.000015935 0.000161191 -0.000007023 1.000000000 -0.000088187 0.001356881 -0.000015935 0.000088187 1.000000000 -0.000348360
1.000000000 0.000075952 0.000037712 0.000125182 -0.000075951 1.000000000 -0.000030839 0.000831792 -0.000037714 0.000030836 1.000000000 -0.000745248
1.000000000 0.000109528 0.000003784 0.000473488 -0.000109528 1.000000000 -0.000054379 0.001440695 -0.000003790 0.000054379 1.000000000 0.000433300
0.999999940 0.000271979 0.000210037 -0.001946407 -0.000271987 0.999999940 0.000039259 0.001520947 -0.000210026 -0.000039317 1.000000000 0.001560569
1.000000000 -0.000010587 0.000095976 -0.000698840 0.000010561 0.999999940 0.000268324 -0.000738804 -0.000095979 -0.000268323 0.999999940 0.001096223
1.000000000 -0.000182452 0.000072916 -0.000117271 0.000182451 1.000000000 0.000015920 0.000472331 -0.000072918 -0.000015906 1.000000000 0.000715407
1.000000000 -0.000134268 0.000097919 -0.000797605 0.000134261 1.000000000 0.000066879 -0.000275932 -0.000097928 -0.000066866 1.000000000 0.000010318
1.000000000 -0.000025855 0.000112777 -0.001468715 0.000025834 1.000000000 0.000177942 -0.000599696 -0.000112782 -0.000177939 1.000000000 -0.000036856
1.000000000 -0.000099898 0.000151272 -0.000427295 0.000099913 1.000000000 -0.000103550 0.000874058 -0.000151262 0.000103565 1.000000000 -0.000184749
1.000000000 0.000003264 0.000156052 -0.000836226 -0.000003273 1.000000000 0.000057037 0.000480209 -0.000156052 -0.000057037 1.000000000 0.001491586
1.000000000 -0.000006522 0.000150180 -0.000819548 0.000006519 1.000000000 0.000018254 0.000330631 -0.000150180 -0.000018253 1.000000000 0.000275555
1.000000000 0.000089882 0.000080269 -0.000158667 -0.000089892 1.000000000 0.000128667 -0.000188275 -0.000080257 -0.000128675 1.000000000 0.000239501
1.000000000 -0.000064471 0.000098825 -0.000645719 0.000064476 1.000000000 -0.000048126 0.000880258 -0.000098822 0.000048132 1.000000000 0.000896629
1.000000000 -0.000056561 0.000034130 -0.000323006 0.000056561 1.000000000 -0.000008094 0.000288312 -0.000034130 0.000008096 1.000000000 0.000002700
1.000000000 -0.000089890 0.000114227 -0.000574552 0.000089882 1.000000000 0.000066123 0.000005928 -0.000114233 -0.000066113 1.000000000 -0.000402108
0.999999940 -0.000273591 0.000188860 -0.000347616 0.000273592 0.999999940 -0.000006150 0.000280809 -0.000188858 0.000006202 1.000000000 0.002337038
0.999991834 0.003086673 -0.002594820 0.032549165 -0.003095570 0.999989271 -0.003431897 0.043615788 0.002584198 0.003439901 0.999990761 0.065295584
0.999991238 0.003277897 -0.002600592 0.033229403 -0.003288708 0.999985933 -0.004163717 0.042354420 0.002586907 0.004172234 0.999988019 0.151906341
0.999988079 0.004312484 -0.002285819 0.034476906 -0.004323416 0.999979138 -0.004799440 0.038220704 0.002265074 0.004809265 0.999985874 0.262064666
0.999987960 0.003912221 -0.002956456 0.040318724 -0.003924346 0.999983788 -0.004106516 0.036008328 0.002940343 0.004118069 0.999987125 0.398293912
0.999986410 0.004174933 -0.003124018 0.042974308 -0.004188051 0.999982417 -0.004204620 0.031768396 0.003106409 0.004217647 0.999986291 0.535011113
0.999987066 0.003907269 -0.003237065 0.046141647 -0.003920531 0.999983847 -0.004101053 0.026722100 0.003220989 0.004113692 0.999986351 0.687725782
0.999988019 0.004043118 -0.002758567 0.046780311 -0.004053416 0.999984801 -0.003737832 0.019382523 0.002743413 0.003748968 0.999989212 0.842494428
0.999988794 0.003479817 -0.003218776 0.053305499 -0.003492165 0.999986470 -0.003838623 0.015520344 0.003205375 0.003849820 0.999987364 0.987253845
0.999991775 0.002896495 -0.002830652 0.057754796 -0.002907101 0.999988735 -0.003750028 0.008641457 0.002819758 0.003758226 0.999988973 1.151193619
0.999992609 0.002537215 -0.002892743 0.062669516 -0.002547562 0.999990404 -0.003578826 0.002612588 0.002883635 0.003586169 0.999989390 1.336247921
0.999987245 0.003836668 -0.003293082 0.072765045 -0.003846542 0.999988139 -0.002997196 -0.011069338 0.003281543 0.003009825 0.999990106 1.524456859
0.999986470 0.003959138 -0.003375138 0.076409422 -0.003968756 0.999988079 -0.002847771 -0.013639074 0.003363823 0.002861128 0.999990284 1.726825953
0.999987185 0.003525170 -0.003631347 0.091242194 -0.003539026 0.999986470 -0.003816264 -0.005087020 0.003617845 0.003829066 0.999986112 1.953747392
0.999990463 0.003711096 -0.002289420 0.067401193 -0.003719955 0.999985576 -0.003877768 -0.018285813 0.002274995 0.003886248 0.999989867 2.159722805
0.999989748 0.003844109 -0.002407808 0.071238540 -0.003852637 0.999986291 -0.003547214 -0.025768377 0.002394139 0.003556453 0.999990880 2.372833490
0.999992013 0.002636059 -0.002997803 0.089636564 -0.002646985 0.999989867 -0.003646378 -0.025672467 0.002988161 0.003654284 0.999988854 2.566197157
0.999991238 0.002701418 -0.003166180 0.094851419 -0.002711932 0.999990821 -0.003321161 -0.033894960 0.003157178 0.003329719 0.999989450 2.797521114
0.999987841 0.004123624 -0.002687206 0.094243117 -0.004132398 0.999986053 -0.003267696 -0.046648771 0.002673694 0.003278760 0.999991059 3.016615152
0.999987125 0.004074547 -0.003033321 0.096668229 -0.004084625 0.999986053 -0.003323354 -0.052256107 0.003019738 0.003335700 0.999989867 3.265871048
0.999990046 0.003529604 -0.002738315 0.100480482 -0.003539002 0.999987841 -0.003434731 -0.062982395 0.002726158 0.003444387 0.999990344 3.517509460
0.999991775 0.002694396 -0.003038161 0.106098853 -0.002703947 0.999991417 -0.003143962 -0.072869949 0.003029664 0.003152151 0.999990404 3.768783092
0.999990761 0.003294222 -0.002749458 0.106435023 -0.003304878 0.999987006 -0.003880001 -0.069971435 0.002736640 0.003889052 0.999988675 4.031047821
0.999990404 0.003039502 -0.003155318 0.115788065 -0.003050209 0.999989569 -0.003393905 -0.083914205 0.003144969 0.003403497 0.999989271 4.281224251
0.999991775 0.002591985 -0.003123384 0.123124853 -0.002602504 0.999990880 -0.003368614 -0.090439409 0.003114624 0.003376715 0.999989450 4.542500973
0.999988735 0.003232744 -0.003459430 0.137266904 -0.003244730 0.999988675 -0.003464860 -0.097701803 0.003448190 0.003476046 0.999988019 4.792876720
0.999988735 0.003216660 -0.003491960 0.143171832 -0.003227525 0.999989927 -0.003110392 -0.108547874 0.003481920 0.003121627 0.999989092 5.047838688
0.999990106 0.003250868 -0.003025036 0.137223154 -0.003255935 0.999993324 -0.001671759 -0.135452136 0.003019581 0.001681592 0.999993980 5.281724453
0.999989390 0.003695926 -0.002740773 0.136853635 -0.003702405 0.999990344 -0.002362475 -0.146406546 0.002732015 0.002372598 0.999993443 5.558114529
0.999990225 0.003327602 -0.002921049 0.141453668 -0.003332931 0.999992788 -0.001821598 -0.157751724 0.002914967 0.001831316 0.999994040 5.833618164
0.999989212 0.003638098 -0.002892571 0.155798867 -0.003644952 0.999990582 -0.002367508 -0.156384110 0.002883930 0.002378026 0.999992967 6.087939739
0.999989092 0.003666446 -0.002902257 0.159140259 -0.003673853 0.999990046 -0.002551003 -0.162077934 0.002892875 0.002561638 0.999992490 6.364773273
0.999990642 0.003109693 -0.003009152 0.165305734 -0.003119545 0.999989748 -0.003275098 -0.163233891 0.002998937 0.003284454 0.999990106 6.646884918
0.999992251 0.002987855 -0.002553577 0.168731585 -0.002995129 0.999991417 -0.002849736 -0.176555306 0.002545040 0.002857363 0.999992669 6.941886425
0.999987245 0.003938769 -0.003166070 0.176912576 -0.003947654 0.999988258 -0.002805209 -0.187816620 0.003154984 0.002817672 0.999991000 7.242704868
0.999990284 0.003377366 -0.002842419 0.178211734 -0.003382744 0.999992490 -0.001889055 -0.205919787 0.002836018 0.001898651 0.999994159 7.541684151
0.999989033 0.003711742 -0.002849727 0.181351006 -0.003717882 0.999990761 -0.002152376 -0.221497625 0.002841711 0.002162947 0.999993622 7.847185135
0.999990106 0.003801383 -0.002298664 0.178015932 -0.003807069 0.999989688 -0.002474365 -0.221962020 0.002289234 0.002483092 0.999994278 8.186671257
0.999991298 0.002995963 -0.002891925 0.186642826 -0.003001879 0.999993324 -0.002043532 -0.242008746 0.002885784 0.002052196 0.999993742 8.484028816
0.999991596 0.003382088 -0.002315629 0.189829081 -0.003388242 0.999990702 -0.002658895 -0.248575017 0.002306615 0.002666718 0.999993801 8.826378822
0.999991119 0.003579547 -0.002221924 0.192731589 -0.003583210 0.999992371 -0.001647222 -0.271811187 0.002216010 0.001655170 0.999996126 9.131889343
0.999990761 0.003842974 -0.001915503 0.189699695 -0.003846613 0.999990821 -0.001900028 -0.273297042 0.001908184 0.001907379 0.999996364 9.484933853
0.999992013 0.003418145 -0.002071473 0.195718929 -0.003421137 0.999993086 -0.001442333 -0.292042673 0.002066529 0.001449408 0.999996781 9.820034027
0.999994874 0.002050923 -0.002470091 0.210307881 -0.002054699 0.999996662 -0.001527163 -0.305577040 0.002466950 0.001532230 0.999995768 10.161101341
0.999994397 0.002148924 -0.002571589 0.209424347 -0.002152254 0.999996841 -0.001292974 -0.316226959 0.002568802 0.001298502 0.999995887 10.509946823
0.999992907 0.003142209 -0.002125601 0.210029125 -0.003144380 0.999994516 -0.001018194 -0.331756920 0.002122390 0.001024870 0.999997199 10.871763229
0.999992013 0.003449899 -0.002018830 0.211076677 -0.003452583 0.999993086 -0.001327323 -0.339025110 0.002014237 0.001334283 0.999997020 11.250378609
0.999993205 0.003034315 -0.002091172 0.217849970 -0.003036225 0.999994934 -0.000910560 -0.353457183 0.002088398 0.000916903 0.999997377 11.590539932
0.999994934 0.002447843 -0.002044926 0.218671784 -0.002451102 0.999995708 -0.001592261 -0.354930580 0.002041020 0.001597265 0.999996603 11.987199783
0.999995530 0.002183489 -0.002007252 0.227344155 -0.002186025 0.999996841 -0.001262400 -0.370996088 0.002004489 0.001266782 0.999997139 12.364355087
0.999994218 0.002686251 -0.002096639 0.230562717 -0.002688195 0.999995947 -0.000924923 -0.381970108 0.002094146 0.000930554 0.999997377 12.754969597
0.999993861 0.002762252 -0.002160424 0.230842531 -0.002765690 0.999994874 -0.001589870 -0.390380114 0.002156022 0.001595836 0.999996364 13.165234566
0.999997377 0.001814390 -0.001411386 0.234959811 -0.001816373 0.999997377 -0.001405633 -0.399155051 0.001408832 0.001408193 0.999997973 13.552677155
0.999995947 0.002637377 -0.001026544 0.244322836 -0.002638651 0.999995708 -0.001241591 -0.414239079 0.001023265 0.001244294 0.999998689 13.919996262
0.999997079 0.001764331 -0.001638000 0.254723221 -0.001766132 0.999997854 -0.001099135 -0.426515132 0.001636057 0.001102025 0.999998033 14.348742485
0.999997556 0.001402691 -0.001782595 0.264851093 -0.001403483 0.999998927 -0.000442767 -0.447643816 0.001781972 0.000445268 0.999998331 14.758087158
0.999997139 0.002118555 -0.001096029 0.262849718 -0.002119015 0.999997675 -0.000418058 -0.454759896 0.001095140 0.000420379 0.999999285 15.191155434
0.999996960 0.002347817 -0.000902624 0.272623211 -0.002348356 0.999997079 -0.000595600 -0.464064956 0.000901224 0.000597718 0.999999404 15.611328125
0.999998093 0.001798288 -0.000788413 0.280303389 -0.001798574 0.999998331 -0.000361380 -0.481150419 0.000787762 0.000362797 0.999999642 16.042076111
0.999998331 0.001389494 -0.001181951 0.291207641 -0.001390085 0.999998927 -0.000499698 -0.488880008 0.001181255 0.000501340 0.999999166 16.479417801
0.999998748 0.001363557 -0.000724893 0.295510501 -0.001364210 0.999998629 -0.000900614 -0.501059175 0.000723664 0.000901601 0.999999344 16.921897888
0.999998689 0.001596021 0.000318857 0.289593339 -0.001596157 0.999998629 0.000425373 -0.526006937 -0.000318178 -0.000425881 0.999999821 17.356416702
0.999998629 0.001663032 -0.000166100 0.304204166 -0.001662980 0.999998569 0.000315444 -0.542173922 0.000166624 -0.000315167 0.999999940 17.824193954
0.999998927 0.001423096 0.000062063 0.298821121 -0.001423117 0.999998927 0.000346532 -0.549932897 -0.000061570 -0.000346620 0.999999940 18.285501480
0.999998689 0.001405976 0.000698918 0.306381077 -0.001406757 0.999998391 0.001118443 -0.570842385 -0.000697345 -0.001119424 0.999999166 18.754064560
0.999999523 0.000985129 0.000189219 0.309858412 -0.000985387 0.999998569 0.001369057 -0.581919253 -0.000187869 -0.001369243 0.999999046 19.198999405
0.999999404 0.001017057 -0.000348770 0.319846898 -0.001016662 0.999998808 0.001132094 -0.590676427 0.000349920 -0.001131739 0.999999285 19.662534714
0.999999702 -0.000045023 -0.000787827 0.328684211 0.000045644 0.999999642 0.000789115 -0.597246289 0.000787791 -0.000789151 0.999999404 20.144630432
0.999998689 0.001239096 -0.001046634 0.334922671 -0.001237827 0.999998450 0.001212719 -0.620609164 0.001048135 -0.001211422 0.999998689 20.622142792
0.999999523 0.000292690 -0.000933778 0.315950871 -0.000292375 0.999999881 0.000337008 -0.608246386 0.000933876 -0.000336735 0.999999523 21.123506546
0.999998868 0.000466062 -0.001397010 0.319169164 -0.000464745 0.999999464 0.000943267 -0.630013466 0.001397450 -0.000942617 0.999998510 21.605262756
0.999997616 0.000880948 -0.001997941 0.329934001 -0.000879246 0.999999225 0.000852646 -0.641546309 0.001998690 -0.000850887 0.999997616 22.090526581
0.999999881 0.000212681 -0.000497549 0.283936322 -0.000211606 0.999997616 0.002160505 -0.655854642 0.000498007 -0.002160399 0.999997556 22.588075638
0.999997318 -0.000547547 -0.002246624 0.312984109 0.000548680 0.999999702 0.000503572 -0.650619388 0.002246348 -0.000504803 0.999997318 23.138305664
0.999994814 -0.001566048 -0.002813476 0.291953921 0.001570116 0.999997854 0.001444386 -0.686275125 0.002811207 -0.001448796 0.999994993 23.623233795
0.999998033 0.000062380 -0.001952957 0.263840437 -0.000061721 0.999999940 0.000337512 -0.676765859 0.001952979 -0.000337390 0.999998033 24.169321060
0.999991357 -0.001090704 -0.004008525 0.300739527 0.001096667 0.999998212 0.001485576 -0.704555511 0.004006898 -0.001489959 0.999990880 24.642681122
0.999993324 -0.000523740 -0.003619990 0.281506002 0.000528411 0.999999046 0.001289588 -0.709311724 0.003619311 -0.001291492 0.999992609 25.171325684
0.999993980 0.000037970 -0.003485437 0.284108222 -0.000034583 0.999999583 0.000971940 -0.720366001 0.003485472 -0.000971814 0.999993443 25.722494125
0.999993622 -0.000632209 -0.003497529 0.250910550 0.000639001 0.999997914 0.001941193 -0.725576818 0.003496295 -0.001943415 0.999991953 26.235668182
0.999988019 -0.000621414 -0.004843910 0.285413951 0.000634503 0.999996066 0.002701259 -0.760757446 0.004842212 -0.002704300 0.999984622 26.758089066
0.999986291 0.000659624 -0.005184957 0.294075847 -0.000648193 0.999997318 0.002205933 -0.780336499 0.005186399 -0.002202542 0.999984145 27.279376984
0.999984384 -0.001347885 -0.005418927 0.279030502 0.001356118 0.999997854 0.001515896 -0.769083440 0.005416872 -0.001523221 0.999984145 27.829776764
0.999981225 -0.000396627 -0.006134104 0.292164147 0.000411836 0.999996781 0.002478416 -0.791288614 0.006133103 -0.002480895 0.999978125 28.344741821
0.999978602 -0.000857666 -0.006485878 0.291556895 0.000873101 0.999996781 0.002377270 -0.809583426 0.006483817 -0.002382882 0.999976158 28.900121689
0.999973774 -0.001658043 -0.007050646 0.298117429 0.001677146 0.999994874 0.002704403 -0.821504951 0.007046126 -0.002716156 0.999971509 29.439008713
0.999975801 -0.000572545 -0.006931953 0.298813164 0.000592677 0.999995589 0.002902562 -0.835857034 0.006930261 -0.002906600 0.999971688 29.967712402
0.999969184 -0.001175061 -0.007762991 0.312827617 0.001197686 0.999995053 0.002910406 -0.847074270 0.007759532 -0.002919614 0.999965608 30.523437500
0.999969423 -0.000419489 -0.007803574 0.306441456 0.000434997 0.999997914 0.001985727 -0.853811085 0.007802726 -0.001989061 0.999967575 31.072231293
0.999960542 -0.001015207 -0.008815765 0.327966928 0.001036613 0.999996483 0.002423886 -0.874511480 0.008813273 -0.002432929 0.999958217 31.599920273
0.999957502 -0.000631709 -0.009195838 0.325780809 0.000662972 0.999993980 0.003397125 -0.892274141 0.009193639 -0.003403078 0.999951959 32.155406952
0.999954522 -0.001128344 -0.009464700 0.318690181 0.001153569 0.999995768 0.002660184 -0.899817586 0.009461659 -0.002670981 0.999951601 32.728420258
0.999947906 -0.001589549 -0.010083336 0.326070786 0.001611663 0.999996305 0.002185370 -0.907930493 0.010079826 -0.002201508 0.999946713 33.285491943
0.999942183 -0.001982978 -0.010563738 0.326791942 0.002017620 0.999992609 0.003269658 -0.929564714 0.010557176 -0.003290783 0.999938846 33.819484711
0.999944389 -0.001461121 -0.010444338 0.328299403 0.001496732 0.999993086 0.003402658 -0.945328534 0.010439293 -0.003418101 0.999939620 34.378154755
0.999943256 -0.001085282 -0.010593345 0.333391696 0.001114705 0.999995530 0.002771937 -0.948983669 0.010590289 -0.002783588 0.999940038 34.942634583
0.999936283 -0.001394004 -0.011202026 0.332865566 0.001439299 0.999990761 0.004036434 -0.977142513 0.011196299 -0.004052300 0.999929130 35.506328583
0.999929965 -0.001845410 -0.011689018 0.341569096 0.001887189 0.999991894 0.003564176 -0.981470942 0.011682347 -0.003585985 0.999925315 36.068916321
0.999930620 -0.002407509 -0.011531631 0.338457525 0.002452116 0.999989569 0.003855677 -0.994852543 0.011522230 -0.003883687 0.999926090 36.620994568
0.999932885 -0.001830404 -0.011434193 0.323123425 0.001871747 0.999991775 0.003606138 -1.009165883 0.011427497 -0.003627298 0.999928117 37.184036255
0.999930501 -0.001988757 -0.011621401 0.316716313 0.002027759 0.999992311 0.003345220 -1.013057828 0.011614660 -0.003368553 0.999926805 37.774368286
0.999926448 -0.003128261 -0.011715947 0.311170876 0.003165091 0.999990106 0.003126355 -1.016265392 0.011706051 -0.003163207 0.999926507 38.353099823
0.999927878 -0.002569162 -0.011730515 0.304897189 0.002604945 0.999992013 0.003036147 -1.024375677 0.011722622 -0.003066486 0.999926567 38.884857178
0.999935269 -0.001579345 -0.011269745 0.286575913 0.001601956 0.999996722 0.001997665 -1.023539424 0.011266554 -0.002015589 0.999934494 39.466426849
0.999930203 -0.002451960 -0.011566662 0.278269231 0.002463580 0.999996424 0.000990424 -1.009250522 0.011564195 -0.001018850 0.999932587 40.036369324
0.999934375 -0.001627402 -0.011352039 0.274992079 0.001648323 0.999997079 0.001833827 -1.028203964 0.011349023 -0.001852418 0.999933898 40.565254211
0.999924839 -0.003620484 -0.011714741 0.277039677 0.003640192 0.999992013 0.001661472 -1.028387547 0.011708633 -0.001703991 0.999930024 41.139724731
0.999925792 -0.002558883 -0.011909201 0.273178279 0.002577458 0.999995410 0.001544631 -1.049147725 0.011905195 -0.001575212 0.999927878 41.731315613
0.999927580 -0.002836130 -0.011705269 0.255866259 0.002852120 0.999994934 0.001349549 -1.056065083 0.011701384 -0.001382836 0.999930561 42.270427704
0.999918878 -0.002793199 -0.012427676 0.264106333 0.002802412 0.999995828 0.000724031 -1.054806709 0.012425601 -0.000758799 0.999922454 42.855598450
0.999925137 -0.002365670 -0.012000003 0.245629013 0.002378974 0.999996543 0.001094609 -1.083813429 0.011997372 -0.001123075 0.999927342 43.402881622
0.999931693 -0.003157031 -0.011252967 0.233471274 0.003171446 0.999994099 0.001263338 -1.098896503 0.011248912 -0.001298940 0.999935806 43.960132599
0.999937654 -0.002743756 -0.010822067 0.215161651 0.002752741 0.999995828 0.000815455 -1.100824594 0.010819784 -0.000845195 0.999941111 44.517620087
0.999942064 -0.002498886 -0.010468015 0.220660716 0.002505519 0.999996662 0.000620545 -1.108658075 0.010466431 -0.000646737 0.999945045 45.075801849
0.999942005 -0.002436593 -0.010491816 0.210112423 0.002436597 0.999997139 -0.000012326 -1.112621307 0.010491815 -0.000013239 0.999944985 45.639110565
0.999944687 -0.002756662 -0.010144799 0.203915477 0.002759062 0.999996185 0.000222608 -1.118932962 0.010144148 -0.000250585 0.999948502 46.215110779
0.999951541 -0.002373403 -0.009551723 0.197485834 0.002373786 0.999997139 0.000028695 -1.124918938 0.009551626 -0.000051367 0.999954402 46.771133423
0.999952674 -0.002913097 -0.009273499 0.176174968 0.002917426 0.999995649 0.000453441 -1.142384648 0.009272137 -0.000480474 0.999956906 47.310138702
0.999961436 -0.002380725 -0.008449208 0.142081171 0.002381609 0.999997139 0.000094600 -1.141917706 0.008448959 -0.000114719 0.999964297 47.879024506
0.999962389 -0.002541596 -0.008292911 0.155863285 0.002545576 0.999996662 0.000469378 -1.170182586 0.008291689 -0.000490471 0.999965429 48.435840607
0.999970198 -0.001708692 -0.007528165 0.143450558 0.001706867 0.999998510 -0.000248861 -1.183271408 0.007528578 0.000236004 0.999971569 49.003131866
0.999969304 -0.002422682 -0.007470813 0.141589403 0.002420516 0.999997020 -0.000298925 -1.185574412 0.007471515 0.000280832 0.999972045 49.571937561
0.999970555 -0.002263651 -0.007329612 0.142631024 0.002256787 0.999997020 -0.000944636 -1.191885114 0.007331730 0.000928067 0.999972701 50.109928131
0.999965072 -0.002984074 -0.007798613 0.147006273 0.002974737 0.999994874 -0.001208508 -1.207115054 0.007802178 0.001185267 0.999968886 50.661334991
0.999980092 -0.001845418 -0.006034914 0.130832851 0.001847356 0.999998271 0.000315454 -1.242447138 0.006034320 -0.000326596 0.999981701 51.211696625
0.999979019 -0.001656570 -0.006259426 0.129385412 0.001649691 0.999997973 -0.001104003 -1.245612502 0.006261244 0.001093653 0.999979794 51.769485474
0.999975204 -0.002924972 -0.006402333 0.129715860 0.002914141 0.999994338 -0.001700443 -1.250028968 0.006407270 0.001681743 0.999978065 52.325328827
0.999983549 -0.001785434 -0.005436012 0.092889637 0.001778931 0.999997616 -0.001200834 -1.264185548 0.005438143 0.001191144 0.999984503 52.888790131
0.999987900 -0.001488278 -0.004684684 0.051730990 0.001479314 0.999997020 -0.001916314 -1.241387844 0.004687522 0.001909361 0.999987185 53.504375458
0.999990344 -0.001050192 -0.004251299 0.062588081 0.001048801 0.999999404 -0.000329463 -1.301632047 0.004251644 0.000325001 0.999990880 54.026054382
0.999991238 -0.001180609 -0.003997129 0.050531015 0.001172510 0.999997258 -0.002028015 -1.283830047 0.003999511 0.002023311 0.999989927 54.608581543
0.999990702 -0.001736506 -0.003952294 0.064533725 0.001728820 0.999996603 -0.001947333 -1.309622169 0.003955662 0.001940483 0.999990284 55.157466888
0.999992311 -0.000314714 -0.003901314 0.070369735 0.000309084 0.999998927 -0.001443606 -1.329900742 0.003901762 0.001442390 0.999991298 55.711353302
0.999995470 -0.000187094 -0.002994059 0.047517806 0.000179522 0.999996781 -0.002529369 -1.326496363 0.002994522 0.002528820 0.999992311 56.298099518
0.999996483 0.001173162 -0.002349902 0.035202473 -0.001178849 0.999996364 -0.002420143 -1.342898011 0.002347054 0.002422905 0.999994278 56.881153107
0.999999583 0.000428398 -0.000815883 0.015643943 -0.000431112 0.999994278 -0.003329141 -1.323422432 0.000814452 0.003329491 0.999994040 57.472900391
0.999999464 0.000589446 -0.000843055 0.010627542 -0.000591507 0.999996781 -0.002447489 -1.364901304 0.000841610 0.002447986 0.999996603 58.007801056
0.999998450 0.001333676 -0.001156210 0.025883205 -0.001338667 0.999989748 -0.004326473 -1.320140123 0.001150428 0.004328013 0.999989986 58.597133636
0.999980271 0.001414966 0.006120479 -0.164303124 -0.001364237 0.999964774 -0.008284629 -1.268216133 -0.006131988 0.008276117 0.999946892 59.224052429
0.999998510 0.000284321 0.001685562 -0.051428743 -0.000273773 0.999980330 -0.006254914 -1.345248461 -0.001687307 0.006254443 0.999979019 59.702980042
0.999995768 0.000698743 0.002803830 -0.076925933 -0.000680688 0.999979079 -0.006435130 -1.333712935 -0.002808266 0.006433195 0.999975324 60.298671722
0.999988019 0.001347746 0.004698801 -0.128822654 -0.001308946 0.999965072 -0.008250615 -1.315066099 -0.004709757 0.008244366 0.999954879 60.880176544
0.999990404 0.001404396 0.004142782 -0.104057878 -0.001375247 0.999974489 -0.007030414 -1.359564066 -0.004152548 0.007024650 0.999966681 61.415107727
0.999991655 0.001148936 0.003921079 -0.093592122 -0.001122014 0.999975860 -0.006861010 -1.368663430 -0.003928868 0.006856553 0.999968708 61.971015930
0.999989569 0.001162359 0.004415100 -0.088158488 -0.001129514 0.999971747 -0.007434478 -1.389153242 -0.004423619 0.007429414 0.999962568 62.524448395
0.999951482 0.004344497 0.008836072 -0.144887984 -0.004251099 0.999935150 -0.010561610 -1.368200421 -0.008881383 0.010523533 0.999905169 63.110427856
0.999983966 0.001493431 0.005465920 -0.083539993 -0.001457088 0.999976873 -0.006647058 -1.448748827 -0.005475720 0.006638987 0.999962986 63.602428436
0.999986649 0.002167181 0.004687289 -0.061208516 -0.002128213 0.999963284 -0.008302598 -1.442907095 -0.004705110 0.008292512 0.999954522 64.173995972
0.999984622 0.001785120 0.005239294 -0.045850188 -0.001747253 0.999972343 -0.007223074 -1.464697123 -0.005252042 0.007213809 0.999960184 64.724075317
0.999986887 0.001800813 0.004788962 -0.027599126 -0.001764859 0.999970317 -0.007501340 -1.484336615 -0.004802329 0.007492790 0.999960423 65.274093628
0.999980867 0.002923919 0.005443881 -0.020493031 -0.002874765 0.999955237 -0.009015263 -1.480633020 -0.005469997 0.008999442 0.999944508 65.825996399
0.999989033 0.002243478 0.004118004 0.009181410 -0.002213172 0.999970555 -0.007349236 -1.521934390 -0.004134370 0.007340041 0.999964535 66.379692078
0.999987900 0.002704822 0.004108253 0.027928948 -0.002676269 0.999972284 -0.006939898 -1.545074224 -0.004126908 0.006928819 0.999967456 66.953544617
0.999994159 0.001389209 0.003104136 0.064914927 -0.001368962 0.999977827 -0.006515045 -1.581125975 -0.003113116 0.006510758 0.999973893 67.480743408
0.999996305 0.001907727 0.001912697 0.099139452 -0.001899632 0.999989212 -0.004225048 -1.628074169 -0.001920737 0.004221398 0.999989271 67.993690491
0.999996305 0.001485585 0.002243427 0.111247510 -0.001473154 0.999983609 -0.005532672 -1.640897989 -0.002251607 0.005529347 0.999982178 68.527572632
0.999995470 0.002009322 0.002253319 0.118421704 -0.001997563 0.999984443 -0.005208875 -1.660100222 -0.002263750 0.005204351 0.999983847 69.078704834
0.999992788 0.002840728 0.002531924 0.131048322 -0.002825884 0.999978900 -0.005846939 -1.668146610 -0.002548478 0.005839741 0.999979675 69.630393982
0.999996305 0.001891362 0.001952694 0.152038127 -0.001879988 0.999981344 -0.005810643 -1.692426205 -0.001963648 0.005806951 0.999981165 70.165939331
0.999996662 0.001877662 0.001781450 0.170039520 -0.001866387 0.999978364 -0.006309594 -1.709640503 -0.001793257 0.006306248 0.999978483 70.696273804
0.999996960 0.001844685 0.001613512 0.166889489 -0.001834535 0.999978662 -0.006269566 -1.718312740 -0.001625043 0.006266587 0.999979019 71.224525452
0.999996185 0.002129960 0.001769975 0.186353415 -0.002117906 0.999974668 -0.006784718 -1.741198421 -0.001784381 0.006780943 0.999975443 71.764274597
0.999996364 0.002176055 0.001549911 0.194873556 -0.002166455 0.999978602 -0.006168493 -1.756414890 -0.001563303 0.006165114 0.999979734 72.309852600
0.999998748 0.000735182 0.001396649 0.217251301 -0.000725652 0.999976516 -0.006812194 -1.774440885 -0.001401625 0.006811173 0.999975741 72.814048767
0.999999404 0.000635950 0.000881770 0.231311068 -0.000630125 0.999978065 -0.006590932 -1.798767805 -0.000885942 0.006590372 0.999977887 73.364013672
0.999998510 0.000482771 0.001632416 0.224296048 -0.000471558 0.999976337 -0.006862563 -1.805297375 -0.001635689 0.006861784 0.999975145 73.935363770
0.999997675 0.000689477 0.002057055 0.230053544 -0.000675898 0.999977946 -0.006594786 -1.834669948 -0.002061557 0.006593380 0.999976099 74.448135376
0.999999106 0.000633442 0.001154219 0.259883046 -0.000626694 0.999982774 -0.005837542 -1.861955285 -0.001157897 0.005836814 0.999982297 74.975982666
0.999999702 0.000096232 0.000737115 0.277280629 -0.000091121 0.999975979 -0.006930519 -1.872507334 -0.000737765 0.006930450 0.999975741 75.530776978
0.999998927 -0.000301072 0.001388977 0.283043504 0.000311290 0.999972880 -0.007362091 -1.889730930 -0.001386723 0.007362516 0.999971926 76.081642151
0.999999166 0.000300280 0.001262680 0.286563009 -0.000291329 0.999974847 -0.007082765 -1.909021974 -0.001264775 0.007082392 0.999974072 76.588432312
0.999999523 0.000106753 0.000994035 0.299718946 -0.000099690 0.999974787 -0.007102996 -1.926295280 -0.000994768 0.007102894 0.999974251 77.127830505
0.999999404 0.000158483 0.001051711 0.317478627 -0.000151610 0.999978662 -0.006532155 -1.957122087 -0.001052725 0.006531992 0.999978065 77.673004150
0.999999285 -0.000668663 0.001017805 0.318527520 0.000675042 0.999980032 -0.006279937 -1.977692842 -0.001013585 0.006280620 0.999979675 78.206924438
0.999999702 -0.000685576 0.000596781 0.342324525 0.000689013 0.999983072 -0.005775938 -2.007902861 -0.000592811 0.005776347 0.999983132 78.756088257
0.999999106 -0.001070793 0.000835483 0.354157716 0.001075805 0.999981284 -0.006021684 -2.019419193 -0.000829021 0.006022578 0.999981463 79.295989990
0.999999344 -0.000322102 0.001120218 0.362626314 0.000329314 0.999979198 -0.006444057 -2.034552097 -0.001118119 0.006444422 0.999978602 79.831947327
0.999999523 -0.000064543 0.000993693 0.377584279 0.000070830 0.999979973 -0.006327854 -2.053847790 -0.000993266 0.006327921 0.999979496 80.381164551
0.999997675 0.000804549 0.002001703 0.385824502 -0.000791092 0.999977171 -0.006714381 -2.063480377 -0.002007060 0.006712782 0.999975443 80.915802002
0.999995112 0.000352071 0.003107516 0.398346215 -0.000330036 0.999974787 -0.007088453 -2.083931923 -0.003109934 0.007087393 0.999969959 81.463256836
0.999990523 -0.000484691 0.004320819 0.410476625 0.000512092 0.999979734 -0.006342607 -2.105995178 -0.004317658 0.006344760 0.999970555 81.986351013
0.999983728 -0.000614930 0.005662131 0.425702900 0.000652247 0.999978006 -0.006591290 -2.125511408 -0.005657953 0.006594876 0.999962270 82.516288757
0.999959886 -0.000128771 0.008947645 0.445079029 0.000186397 0.999979258 -0.006439831 -2.144306421 -0.008946629 0.006441241 0.999939203 83.042411804
0.999920666 0.000240882 0.012592736 0.468378067 -0.000162710 0.999980807 -0.006208386 -2.166672707 -0.012593989 0.006205846 0.999901354 83.583114624
0.999875307 0.000381249 0.015786340 0.495520592 -0.000271258 0.999975622 -0.006969025 -2.181334734 -0.015788613 0.006963873 0.999851108 84.111640930
0.999784827 0.001796513 0.020662185 0.519862652 -0.001679158 0.999982357 -0.005695646 -2.208046436 -0.020672051 0.005659726 0.999770284 84.656219482
0.999663234 0.000936376 0.025937244 0.553204656 -0.000791237 0.999983966 -0.005605472 -2.224126101 -0.025942074 0.005583061 0.999647856 85.189590454
0.999466598 0.001971354 0.032595772 0.573351145 -0.001770224 0.999979198 -0.006198139 -2.243576288 -0.032607310 0.006137131 0.999449372 85.725944519
0.999291301 0.000753104 0.037633602 0.616276979 -0.000507089 0.999978423 -0.006546249 -2.256506443 -0.037637722 0.006522526 0.999270141 86.257637024
0.998948574 0.000481094 0.045839179 0.659836054 -0.000193061 0.999980211 -0.006287773 -2.273257256 -0.045841292 0.006272313 0.998929024 86.810546875
0.998536885 0.000141943 0.054075055 0.713096142 0.000204529 0.999979496 -0.006401674 -2.291260242 -0.054074854 0.006403367 0.998516381 87.365447998
0.998101950 0.001170528 0.061572414 0.754597664 -0.000791457 0.999980569 -0.006180539 -2.310001612 -0.061578453 0.006120075 0.998083472 87.913574219
0.997551501 0.000399011 0.069933765 0.817390919 0.000047345 0.999979556 -0.006380768 -2.322574854 -0.069934905 0.006368456 0.997531176 88.463829041
0.996757209 0.000245690 0.080467530 0.875638008 0.000260744 0.999980211 -0.006283081 -2.345911503 -0.080467485 0.006283688 0.996737421 88.981452942
0.996055663 0.000000682 0.088729650 0.937891483 0.000554188 0.999980450 -0.006228855 -2.359413385 -0.088727929 0.006253459 0.996036291 89.525070190
0.995298922 0.000110020 0.096851848 1.007246971 0.000538684 0.999977589 -0.006671727 -2.378966331 -0.096850425 0.006692534 0.995276451 90.068153381
0.994182706 -0.000120326 0.107706882 1.083733559 0.000736296 0.999983609 -0.005679192 -2.407351017 -0.107704431 0.005725458 0.994166493 90.612899780
0.993024349 -0.000166668 0.117909260 1.172994614 0.000902831 0.999980390 -0.006190085 -2.416860580 -0.117905937 0.006253357 0.993005097 91.154220581
0.991966248 -0.001298577 0.126496062 1.261619568 0.002139238 0.999976516 -0.006510130 -2.433077097 -0.126484662 0.006728435 0.991945684 91.691871643
0.990495443 -0.000521474 0.137544751 1.354389191 0.001353542 0.999981344 -0.005955971 -2.451249123 -0.137539074 0.006085534 0.990477622 92.233863831
0.988774598 -0.001681167 0.149406299 1.460989952 0.002605976 0.999978662 -0.005994330 -2.476824760 -0.149393052 0.006316389 0.988757730 92.781280518
0.987035275 -0.002194396 0.160488397 1.562630653 0.003219149 0.999976039 -0.006125490 -2.487415791 -0.160471112 0.006562711 0.987018704 93.314010620
0.985317230 -0.001571523 0.170726269 1.681104660 0.002611195 0.999979377 -0.005865325 -2.508581161 -0.170713499 0.006225005 0.985301018 93.866920471
0.983105361 -0.002698026 0.183020622 1.814749718 0.003727818 0.999979019 -0.005282838 -2.529427528 -0.183002532 0.005875854 0.983094871 94.405464172
0.980748534 -0.001978789 0.195264682 1.936325073 0.003208415 0.999976993 -0.005981141 -2.545375347 -0.195248336 0.006492486 0.980732322 94.939529419
0.978690207 -0.002841921 0.205322802 2.073177338 0.004088633 0.999975622 -0.005647949 -2.560986042 -0.205301747 0.006367082 0.978677928 95.471130371
0.975816309 -0.003503885 0.218564093 2.211025238 0.004852987 0.999972284 -0.005636036 -2.579670906 -0.218538314 0.006560424 0.975806236 95.983520508
0.972806990 -0.003609734 0.231589109 2.367492676 0.004835483 0.999977112 -0.004725353 -2.611673355 -0.231566757 0.005716700 0.972802341 96.484703064
0.970042586 -0.003980333 0.242902160 2.511064529 0.005092754 0.999979198 -0.003951954 -2.644733429 -0.242881417 0.005070605 0.970042765 96.989677429
0.966984510 -0.004091960 0.254802048 2.670400620 0.005511025 0.999972939 -0.004855635 -2.655697823 -0.254775286 0.006099544 0.966980994 97.518577576
0.963332593 -0.003847527 0.268282264 2.849369049 0.005175299 0.999977529 -0.004242153 -2.676635027 -0.268259972 0.005475046 0.963330984 98.066604614
0.959766090 -0.004285821 0.280768007 3.018688202 0.005674437 0.999975383 -0.004133012 -2.688063383 -0.280743361 0.005559925 0.959766746 98.577735901
0.956338644 -0.004810750 0.292221040 3.181844711 0.006465563 0.999968052 -0.004697375 -2.690986872 -0.292189062 0.006381655 0.956339300 99.078552246
0.952095628 -0.006092370 0.305739820 3.364028931 0.007691848 0.999962270 -0.004027064 -2.709593296 -0.305703759 0.006185854 0.952106595 99.599090576
0.947628975 -0.005549290 0.319324881 3.565088272 0.007293398 0.999964416 -0.004266326 -2.727710247 -0.319289744 0.006371860 0.947635651 100.105247498
0.943557382 -0.006247094 0.331149995 3.761800766 0.008003952 0.999960184 -0.003941848 -2.738797188 -0.331112176 0.006369870 0.943569839 100.611038208
0.938894331 -0.006510342 0.344143808 3.972974777 0.008549164 0.999953628 -0.004407226 -2.753581524 -0.344099164 0.007080061 0.938906610 101.131378174
0.933662832 -0.006188108 0.358099550 4.203237534 0.008258844 0.999956846 -0.004253387 -2.774936914 -0.358057708 0.006928718 0.933673739 101.644760132
0.928990901 -0.007015052 0.370036125 4.421724319 0.009350943 0.999946058 -0.004519202 -2.783348083 -0.369984388 0.007658483 0.929006517 102.162010193
0.924467683 -0.007712398 0.381182313 4.663555145 0.010174545 0.999938369 -0.004444371 -2.797136068 -0.381124645 0.007987035 0.924489141 102.633445740
0.918327451 -0.008144069 0.395737708 4.900199890 0.010636035 0.999935031 -0.004103282 -2.815691710 -0.395678580 0.007977238 0.918354332 103.153930664
0.912871122 -0.006793951 0.408191353 5.179485321 0.008723326 0.999957860 -0.002865341 -2.860412359 -0.408154666 0.006176473 0.912891924 103.628768921
0.907723904 -0.009394189 0.419462860 5.409721375 0.012032384 0.999920964 -0.003644273 -2.856806040 -0.419395447 0.008355132 0.907765210 104.121345520
0.901736736 -0.010217870 0.432164848 5.672279358 0.012953391 0.999910414 -0.003386660 -2.872995853 -0.432091504 0.008651877 0.901788294 104.600624084
0.894863427 -0.008921081 0.446250945 5.945587158 0.011460121 0.999929845 -0.002991112 -2.888587952 -0.446192980 0.007790727 0.894902885 105.109008789
0.888935626 -0.008861436 0.457946330 6.221073151 0.011475455 0.999929845 -0.002926386 -2.907289743 -0.457888275 0.007856512 0.888975024 105.574806213
0.883221567 -0.008950442 0.468870670 6.493244171 0.011443820 0.999931514 -0.002468906 -2.922590017 -0.468816459 0.007546263 0.883263409 106.059486389
0.876097322 -0.009852879 0.482033610 6.777797699 0.012946971 0.999911427 -0.003092732 -2.933475256 -0.481960446 0.008950409 0.876147270 106.540534973
0.869042695 -0.010438444 0.494626939 7.068565369 0.013758406 0.999900699 -0.003071479 -2.951971769 -0.494545698 0.009474525 0.869100034 106.990112305
0.863392770 -0.010745583 0.504418015 7.400432587 0.013723539 0.999903381 -0.002189172 -2.970699072 -0.504345775 0.008812514 0.863456845 107.501464844
0.856247127 -0.011145645 0.516446114 7.716983795 0.013834151 0.999903381 -0.001357129 -2.999056339 -0.516381145 0.008306633 0.856318593 107.964317322
