1.000000000 0.000000000 0.000000000 0.000000000 0.000000000 1.000000000 0.000000000 0.000000000 0.000000000 0.000000000 1.000000000 0.000000000
1.000000000 -0.000060935 -0.000197772 0.003579126 0.000060958 1.000000000 0.000115463 -0.003035243 0.000197765 -0.000115475 1.000000000 -0.001694834
1.000000000 0.000063829 0.000080269 -0.001383368 -0.000063835 1.000000000 0.000069365 -0.002785731 -0.000080264 -0.000069370 1.000000000 -0.001233166
1.000000000 -0.000110960 -0.000164125 0.006449904 0.000110986 1.000000000 0.000157050 -0.003033209 0.000164108 -0.000157068 1.000000000 -0.004307236
1.000000000 -0.000030781 -0.000081684 0.001681779 0.000030784 1.000000000 0.000035446 0.000240932 0.000081683 -0.000035449 1.000000000 0.001615631
1.000000000 -0.000038911 0.000059536 -0.000316843 0.000038912 1.000000000 -0.000008007 -0.001162983 -0.000059535 0.000008010 1.000000000 -0.000670681
1.000000000 -0.000099301 -0.000139043 0.004310990 0.000099321 1.000000000 0.000143567 -0.002628006 0.000139028 -0.000143580 1.000000000 -0.006095162
1.000000000 -0.000111316 -0.000106308 -0.000153630 0.000111316 1.000000000 0.000004254 0.000745039 0.000106308 -0.000004265 1.000000000 0.001886509
1.000000000 0.000023013 -0.000097421 0.002362330 -0.000023005 1.000000000 0.000077591 -0.003038970 0.000097423 -0.000077589 1.000000000 -0.008549085
1.000000000 0.000042383 0.000030409 0.000746095 -0.000042386 1.000000000 0.000095862 -0.001824805 -0.000030405 -0.000095863 1.000000000 -0.005745797
1.000000000 0.000142955 0.000104057 -0.001829946 -0.000142956 1.000000000 0.000013537 -0.001222894 -0.000104055 -0.000013552 1.000000000 -0.004251769
1.000000000 -0.000116145 -0.000019525 -0.000414565 0.000116147 1.000000000 0.000092287 -0.003868656 0.000019514 -0.000092289 1.000000000 -0.009356149
1.000000000 -0.000053428 0.000030091 -0.000189201 0.000053427 1.000000000 0.000055822 -0.001742811 -0.000030094 -0.000055820 1.000000000 -0.006546027
1.000000000 -0.000018114 -0.000010564 0.000928538 0.000018115 1.000000000 0.000088817 -0.001881874 0.000010563 -0.000088817 1.000000000 -0.006832584
1.000000000 -0.000161667 -0.000069273 0.000299646 0.000161679 1.000000000 0.000161922 -0.001361439 0.000069247 -0.000161933 1.000000000 -0.008149764
0.999999940 -0.000251619 -0.000074627 -0.001479887 0.000251625 0.999999940 0.000085458 -0.002270570 0.000074605 -0.000085476 1.000000000 -0.008511052
1.000000000 -0.000212594 0.000006947 0.000198617 0.000212593 1.000000000 0.000086976 -0.001468140 -0.000006965 -0.000086975 1.000000000 -0.008804061
1.000000000 0.000066953 0.000010209 0.002130156 -0.000066955 1.000000000 0.000198735 -0.004183942 -0.000010196 -0.000198736 1.000000000 -0.012659960
1.000000000 -0.000223752 -0.000073878 0.002042666 0.000223759 0.999999940 0.000098469 -0.003471550 0.000073856 -0.000098485 1.000000000 -0.008595390
0.999999940 -0.000280120 -0.000110919 0.005740828 0.000280140 0.999999940 0.000179457 -0.005527816 0.000110868 -0.000179488 1.000000000 -0.019709047
1.000000000 -0.000056536 -0.000060710 0.005371241 0.000056553 0.999999940 0.000278374 -0.006369387 0.000060695 -0.000278377 0.999999940 -0.018614050
1.000000000 0.000083931 0.000030695 -0.000376918 -0.000083934 1.000000000 0.000112621 -0.001445089 -0.000030685 -0.000112624 1.000000000 -0.006950398
0.999999940 -0.000218795 -0.000162724 0.004412904 0.000218815 0.999999940 0.000124112 -0.003348958 0.000162697 -0.000124148 1.000000000 -0.011922831
0.999999940 -0.000224405 -0.000101054 0.001336827 0.000224427 0.999999940 0.000221629 -0.003917079 0.000101005 -0.000221652 1.000000000 -0.007442178
1.000000000 -0.000023167 -0.000120750 0.005788004 0.000023191 1.000000000 0.000197133 -0.003407259 0.000120745 -0.000197135 1.000000000 -0.016136499
1.000000000 -0.000041130 -0.000040935 0.000545409 0.000041139 1.000000000 0.000209269 -0.003199018 0.000040927 -0.000209271 1.000000000 -0.013472328
1.000000000 -0.000110139 -0.000004587 -0.001775731 0.000110140 1.000000000 0.000164941 -0.004597611 0.000004569 -0.000164942 1.000000000 -0.012723318
1.000000000 -0.000029635 -0.000006845 -0.001029340 0.000029636 1.000000000 0.000203204 -0.003296532 0.000006839 -0.000203204 1.000000000 -0.010546776
0.999999940 -0.000235117 -0.000115926 -0.000519873 0.000235133 0.999999940 0.000139410 -0.000441611 0.000115893 -0.000139437 1.000000000 -0.007644991
1.000000000 -0.000102752 -0.000100750 0.001297701 0.000102772 1.000000000 0.000192951 -0.002323924 0.000100730 -0.000192962 1.000000000 -0.008515566
1.000000000 -0.000166992 -0.000022937 -0.001026321 0.000166995 1.000000000 0.000146491 -0.001187310 0.000022912 -0.000146495 1.000000000 -0.002322531
0.999999940 -0.000278869 -0.000154417 -0.002450897 0.000278909 0.999999940 0.000262268 -0.003508628 0.000154343 -0.000262311 0.999999940 -0.010300620
0.999999940 -0.000233363 -0.000129329 0.001941633 0.000233403 0.999999940 0.000308641 -0.003799174 0.000129257 -0.000308671 0.999999940 -0.013957567
1.000000000 0.000008903 -0.000060571 -0.000845120 -0.000008897 1.000000000 0.000102078 -0.001398520 0.000060572 -0.000102077 1.000000000 -0.006696810
1.000000000 -0.000132535 -0.000060933 -0.001302994 0.000132542 1.000000000 0.000099596 -0.001068262 0.000060920 -0.000099604 1.000000000 -0.007382447
1.000000000 -0.000196071 -0.000064510 -0.003076158 0.000196072 1.000000000 0.000021344 -0.000593590 0.000064506 -0.000021356 1.000000000 -0.010916433
0.999999940 -0.000270496 -0.000197577 0.004270723 0.000270518 0.999999940 0.000112632 -0.001633438 0.000197546 -0.000112685 1.000000000 -0.012714379
1.000000000 -0.000192130 -0.000035917 -0.000133633 0.000192133 1.000000000 0.000079841 0.000070183 0.000035902 -0.000079848 1.000000000 -0.007175118
1.000000000 -0.000021305 -0.000064865 -0.001048062 0.000021325 0.999999940 0.000307530 -0.003095829 0.000064859 -0.000307532 0.999999940 -0.011798090
0.999999940 -0.000235007 -0.000211631 0.004567842 0.000235048 0.999999940 0.000192357 -0.005345633 0.000211586 -0.000192407 0.999999940 -0.006461646
1.000000000 -0.000091102 -0.000181755 0.007987518 0.000091027 0.999999881 -0.000413011 -0.008714325 0.000181793 0.000412994 0.999999881 0.041718133
1.000000000 -0.000042865 -0.000191919 0.008505375 0.000042632 0.999999285 -0.001215022 -0.004608579 0.000191971 0.001215013 0.999999225 0.144986421
1.000000000 -0.000089840 -0.000010026 0.003390938 0.000089827 0.999999166 -0.001304905 -0.011163044 0.000010143 0.001304904 0.999999166 0.263705194
0.999999940 -0.000379744 0.000093935 0.003582906 0.000379847 0.999999344 -0.001096349 -0.015703963 -0.000093519 0.001096385 0.999999404 0.384367794
1.000000000 0.000141765 -0.000054731 0.006516956 -0.000141821 0.999999464 -0.001022536 -0.021914959 0.000054586 0.001022544 0.999999464 0.530373216
1.000000000 0.000120699 0.000078733 0.012578375 -0.000120610 0.999999344 -0.001125366 -0.026744226 -0.000078868 0.001125356 0.999999344 0.688178897
1.000000000 -0.000066461 0.000100590 0.033322822 0.000066532 0.999999762 -0.000702481 -0.038379822 -0.000100543 0.000702488 0.999999762 0.855960011
0.999999940 -0.000127523 0.000287997 0.018261291 0.000127702 0.999999821 -0.000620036 -0.037838951 -0.000287918 0.000620073 0.999999762 1.023480177
0.999999881 0.000154399 0.000438498 0.016302858 -0.000154055 0.999999702 -0.000784249 -0.033527233 -0.000438619 0.000784181 0.999999583 1.190292358
0.999999940 -0.000281628 0.000002689 0.042496406 0.000281629 0.999999821 -0.000531496 -0.050304625 -0.000002540 0.000531497 0.999999881 1.414070249
0.999999881 0.000329132 0.000390080 0.031012364 -0.000328942 0.999999821 -0.000488223 -0.061829485 -0.000390241 0.000488095 0.999999821 1.604920983
0.999999821 0.000139052 0.000584247 0.030456131 -0.000139023 1.000000000 -0.000049079 -0.067806907 -0.000584254 0.000048998 0.999999821 1.797380090
0.999998152 -0.001915580 -0.000259917 0.038399909 0.001916030 0.999996662 0.001744945 -0.094560325 0.000256574 -0.001745440 0.999998391 2.063015223
0.999998868 -0.001546779 -0.000037206 0.043193225 0.001546839 0.999997437 0.001685492 -0.100816898 0.000034599 -0.001685547 0.999998569 2.287833691
0.999998689 -0.001603789 -0.000300821 0.053566355 0.001604403 0.999996603 0.002052189 -0.111520462 0.000297529 -0.002052669 0.999997854 2.545986414
0.999998808 -0.001533914 -0.000240457 0.059425987 0.001534430 0.999996483 0.002160097 -0.122873768 0.000237143 -0.002160463 0.999997675 2.770266533
0.999998808 -0.001577532 0.000121940 0.061804034 0.001577247 0.999996066 0.002309431 -0.124727249 -0.000125583 -0.002309236 0.999997318 3.010348797
0.999999344 -0.001103700 0.000201875 0.065012448 0.001103226 0.999996603 0.002329397 -0.129965767 -0.000204446 -0.002329173 0.999997258 3.247481823
0.999997556 -0.002194858 -0.000155764 0.085395657 0.002195178 0.999995410 0.002085948 -0.139381766 0.000151185 -0.002086285 0.999997795 3.621061325
0.999998033 -0.001962308 -0.000310770 0.097713031 0.001963015 0.999995470 0.002292717 -0.147409216 0.000306269 -0.002293323 0.999997318 3.866531372
0.999998391 -0.001749554 -0.000254092 0.099110082 0.001750115 0.999996006 0.002226025 -0.154504806 0.000250196 -0.002226467 0.999997437 4.128795624
0.999998212 -0.001848570 0.000209890 0.104302518 0.001848079 0.999995589 0.002315095 -0.157588586 -0.000214169 -0.002314703 0.999997318 4.405620098
0.999997973 -0.002007561 -0.000020660 0.102345109 0.002007608 0.999994457 0.002630877 -0.180414170 0.000015379 -0.002630912 0.999996543 4.776476860
0.999997854 -0.002071240 -0.000149427 0.115953743 0.002071652 0.999993861 0.002810045 -0.185964555 0.000143606 -0.002810348 0.999996066 5.039489746
0.999997377 -0.002284053 -0.000174781 0.123337358 0.002284578 0.999992669 0.003067035 -0.205234930 0.000167774 -0.003067426 0.999995291 5.303328037
0.999997675 -0.002164060 -0.000229239 0.143270105 0.002164719 0.999993443 0.002911342 -0.211748362 0.000222937 -0.002911831 0.999995828 5.577092648
0.999996603 -0.002604861 -0.000139077 0.132876381 0.002605262 0.999992192 0.002965103 -0.210321903 0.000131352 -0.002965455 0.999995649 5.848056316
0.999992967 -0.003607369 -0.000935337 0.151005358 0.003610425 0.999988079 0.003286574 -0.238195702 0.000923470 -0.003289928 0.999994159 6.303726196
0.999993324 -0.003450971 -0.001143371 0.160203025 0.003454698 0.999988616 0.003273884 -0.242390215 0.001132059 -0.003277813 0.999993920 6.575629711
0.999993205 -0.003603052 -0.000767648 0.161861837 0.003605767 0.999987125 0.003564892 -0.254820168 0.000754794 -0.003567636 0.999993324 6.856657505
0.999993384 -0.003592863 -0.000552362 0.168339327 0.003594836 0.999987006 0.003612478 -0.263662994 0.000539376 -0.003614439 0.999993324 7.129022598
0.999995470 -0.002982274 -0.000371671 0.173328117 0.002983508 0.999989867 0.003364993 -0.283434510 0.000361631 -0.003366087 0.999994278 7.644263268
0.999996245 -0.002715353 -0.000145749 0.184247598 0.002715796 0.999991357 0.003126307 -0.286332846 0.000137258 -0.003126691 0.999995112 7.940206051
0.999995172 -0.003091369 -0.000183749 0.191158533 0.003091977 0.999989450 0.003407667 -0.297505498 0.000173213 -0.003408219 0.999994218 8.242266655
0.999993265 -0.003633469 -0.000444974 0.207978249 0.003634954 0.999987662 0.003383721 -0.309495330 0.000432674 -0.003385315 0.999994159 8.554691315
0.999994695 -0.003232873 -0.000277645 0.206404760 0.003233895 0.999987721 0.003763431 -0.314430982 0.000265475 -0.003764309 0.999992907 8.867672920
0.999995530 -0.002995742 -0.000005209 0.212359771 0.002995742 0.999989390 0.003500876 -0.334699303 -0.000005278 -0.003500876 0.999993801 9.456569672
0.999995232 -0.003080779 -0.000049463 0.225576371 0.003080940 0.999988496 0.003679462 -0.344767809 0.000038126 -0.003679597 0.999993265 9.781128883
0.999995828 -0.002893114 0.000117447 0.225752980 0.002892646 0.999988616 0.003806194 -0.352750450 -0.000128457 -0.003805838 0.999992728 10.119262695
0.999994040 -0.003463553 0.000025655 0.236680314 0.003463434 0.999987066 0.003727488 -0.360636592 -0.000038565 -0.003727376 0.999993026 10.460692406
0.999992251 -0.003909056 -0.000466329 0.262094289 0.003910790 0.999985218 0.003780086 -0.368814170 0.000451545 -0.003781880 0.999992728 10.809067726
0.999995172 -0.003115912 0.000063548 0.251840860 0.003115645 0.999987781 0.003835384 -0.375718266 -0.000075498 -0.003835168 0.999992609 11.154437065
0.999994636 -0.003264163 0.000186156 0.309428751 0.003263357 0.999985933 0.004177907 -0.418064892 -0.000199791 -0.004177277 0.999991238 12.011665344
0.999994099 -0.003419774 0.000101904 0.319441170 0.003419320 0.999985456 0.004166435 -0.425306201 -0.000116151 -0.004166063 0.999991298 12.369305611
0.999995053 -0.003125182 0.000375548 0.318103015 0.003123480 0.999985218 0.004450153 -0.435962468 -0.000389451 -0.004448958 0.999990046 12.747790337
0.999991834 -0.004032100 0.000108520 0.329109102 0.004031521 0.999979913 0.004890622 -0.447607607 -0.000128237 -0.004890145 0.999988019 13.123381615
0.999993920 -0.003485388 0.000121106 0.353134274 0.003484844 0.999984980 0.004230774 -0.450931072 -0.000135850 -0.004230327 0.999991000 13.500066757
0.999993443 -0.003615972 0.000166682 0.346848905 0.003615184 0.999983311 0.004505712 -0.464791358 -0.000182971 -0.004505080 0.999989808 13.862350464
0.999996305 -0.002588223 0.000786709 0.341773927 0.002584192 0.999983847 0.005080964 -0.504851580 -0.000799847 -0.005078913 0.999986768 14.473322868
0.999994218 -0.003379918 0.000383084 0.357343465 0.003378026 0.999982655 0.004834400 -0.506121159 -0.000399417 -0.004833078 0.999988198 14.886754036
0.999996126 -0.002725187 0.000565160 0.365470648 0.002722150 0.999982178 0.005307195 -0.525066257 -0.000579613 -0.005305636 0.999985754 15.269897461
0.999996543 -0.002430642 0.000994927 0.378334850 0.002425275 0.999982655 0.005360744 -0.527988076 -0.001007940 -0.005358312 0.999985039 15.711759567
0.999996305 -0.002571084 0.000862949 0.382733911 0.002566149 0.999980628 0.005671119 -0.542827249 -0.000877514 -0.005668883 0.999983549 16.115737915
0.999992788 -0.003670916 0.001005011 0.388680547 0.003664970 0.999976099 0.005855850 -0.572767079 -0.001026484 -0.005852124 0.999982297 16.531326294
0.999992371 -0.003686495 0.001309935 0.422612458 0.003679426 0.999978840 0.005358691 -0.559106052 -0.001329662 -0.005353830 0.999984741 17.029102325
0.999985397 -0.005396408 0.000264454 0.436519235 0.005394409 0.999960601 0.007053545 -0.666118264 -0.000302507 -0.007052015 0.999975085 17.470239639
0.999990761 -0.004188807 0.000946242 0.442930192 0.004181852 0.999965131 0.007236445 -0.675914049 -0.000976521 -0.007232422 0.999973297 17.901655197
0.999984741 -0.005466374 0.000813523 0.450448096 0.005459923 0.999955297 0.007730921 -0.697829604 -0.000855747 -0.007726362 0.999969721 18.328109741
0.999987543 -0.004873742 0.001060446 0.457933635 0.004865867 0.999961555 0.007305782 -0.692764282 -0.001096011 -0.007300531 0.999972761 18.795309067
0.999990463 -0.004130278 0.001494224 0.470264435 0.004120486 0.999970436 0.006498673 -0.697010159 -0.001521020 -0.006492453 0.999977708 19.300559998
0.999987781 -0.004735629 0.001430696 0.478199989 0.004724859 0.999961317 0.007438743 -0.727709413 -0.001465868 -0.007431894 0.999971330 19.784912109
0.999989986 -0.003901543 0.002185769 0.482876003 0.003884887 0.999963820 0.007573307 -0.738189638 -0.002215238 -0.007564740 0.999968946 20.257482529
0.999984622 -0.005167558 0.002011165 0.503292263 0.005152656 0.999959826 0.007345671 -0.741191685 -0.002049043 -0.007335195 0.999971032 20.730981827
0.999986410 -0.004843879 0.001942169 0.516538739 0.004829185 0.999960244 0.007500796 -0.752767801 -0.001978425 -0.007491314 0.999970019 21.200359344
0.999986827 -0.004639172 0.002183466 0.525409818 0.004623159 0.999962866 0.007282160 -0.753396451 -0.002217168 -0.007271970 0.999971092 21.671991348
0.999984622 -0.005240307 0.001776724 0.535028636 0.005225784 0.999953628 0.008082077 -0.797270834 -0.001818995 -0.008072667 0.999965787 22.177566528
0.999985874 -0.005067173 0.001570877 0.544542551 0.005053682 0.999951243 0.008476225 -0.815680861 -0.001613752 -0.008468167 0.999962926 22.663475037
0.999987423 -0.004646848 0.001890330 0.537341893 0.004630678 0.999953389 0.008470414 -0.824960649 -0.001929603 -0.008461555 0.999962330 23.188901901
0.999984503 -0.005436643 0.001202872 0.555188060 0.005426524 0.999951184 0.008261057 -0.838987231 -0.001247727 -0.008254401 0.999965191 23.711795807
0.999985456 -0.005232813 0.001294023 0.538485289 0.005220854 0.999945104 0.009079334 -0.881717086 -0.001341463 -0.009072447 0.999957860 24.134767532
0.999986231 -0.005150998 0.000977476 0.545787275 0.005141486 0.999941647 0.009496300 -0.894739032 -0.001026333 -0.009491144 0.999954402 24.672199249
0.999988556 -0.004735348 0.000657985 0.543079734 0.004729027 0.999945581 0.009297539 -0.903700411 -0.000701977 -0.009294320 0.999956548 25.210813522
0.999979436 -0.006401623 -0.000394578 0.546590328 0.006405260 0.999929130 0.010032355 -0.936017632 0.000330326 -0.010034676 0.999949574 25.628105164
0.999971151 -0.007506790 -0.001183961 0.553635836 0.007518201 0.999922216 0.009946940 -0.948742986 0.001109199 -0.009955554 0.999949813 26.166263580
0.999974847 -0.006915276 -0.001587719 0.559846759 0.006929900 0.999931812 0.009397797 -0.949061990 0.001522622 -0.009408562 0.999954522 26.679288864
0.999971151 -0.007118419 -0.002638512 0.589706481 0.007145843 0.999918997 0.010534273 -0.974170268 0.002563311 -0.010552824 0.999941051 27.174144745
0.999969840 -0.007101196 -0.003151739 0.593179584 0.007133282 0.999921620 0.010288388 -0.977761269 0.003078433 -0.010310561 0.999942124 27.715215683
0.999967813 -0.007233604 -0.003468533 0.597218692 0.007268635 0.999921620 0.010195406 -0.986349106 0.003394512 -0.010220291 0.999942005 28.254472733
0.999958456 -0.007966823 -0.004453692 0.631682396 0.008014143 0.999910533 0.010709874 -0.985651016 0.004367969 -0.010745122 0.999932766 28.809541702
0.999963462 -0.007643695 -0.003820760 0.598638058 0.007686127 0.999907553 0.011217454 -1.028043032 0.003734664 -0.011246412 0.999929786 29.269376755
0.999957085 -0.007912622 -0.004805374 0.617167473 0.007967994 0.999900818 0.011615264 -1.048057079 0.004712990 -0.011653054 0.999921024 29.812761307
0.999964058 -0.007043989 -0.004718509 0.617204785 0.007097180 0.999910414 0.011352717 -1.048190832 0.004638118 -0.011385797 0.999924481 30.363395691
0.999963105 -0.006938844 -0.005059215 0.634229600 0.006997393 0.999907672 0.011648618 -1.058776975 0.004977920 -0.011683590 0.999919355 30.911243439
0.999964595 -0.006406122 -0.005447220 0.622151434 0.006468607 0.999912560 0.011531678 -1.067187309 0.005372870 -0.011566507 0.999918759 31.504381180
0.999954939 -0.007262387 -0.006100212 0.622250676 0.007336310 0.999898851 0.012184382 -1.091418505 0.006011108 -0.012228589 0.999907076 31.819360733
0.999956667 -0.007104170 -0.006010089 0.634757280 0.007180234 0.999893188 0.012730855 -1.113890886 0.005919005 -0.012773458 0.999900877 32.355792999
0.999954045 -0.007146451 -0.006397459 0.640735447 0.007223756 0.999900162 0.012143209 -1.116767168 0.006310040 -0.012188864 0.999905765 32.919303894
0.999949992 -0.007198690 -0.006944758 0.641542196 0.007289084 0.999887884 0.013079903 -1.146223307 0.006849822 -0.013129870 0.999890268 33.352539062
0.999943137 -0.007928826 -0.007129611 0.652137756 0.008019966 0.999885321 0.012846929 -1.155646682 0.007026932 -0.012903379 0.999891996 33.879940033
0.999936521 -0.008054555 -0.007890633 0.662074447 0.008147341 0.999897242 0.011798214 -1.141720653 0.007794794 -0.011861753 0.999899268 34.408153534
0.999950171 -0.006806609 -0.007299203 0.636696458 0.006894078 0.999903977 0.012025990 -1.170642376 0.007216645 -0.012075713 0.999901056 34.886581421
0.999933422 -0.008469345 -0.007836519 0.653480768 0.008573370 0.999874294 0.013337181 -1.194907308 0.007722578 -0.013403477 0.999880314 35.386199951
0.999941766 -0.007556749 -0.007696785 0.660260916 0.007661138 0.999877870 0.013624723 -1.209569335 0.007592886 -0.013682897 0.999877572 35.929325104
0.999929667 -0.008506536 -0.008267844 0.655225515 0.008616495 0.999873638 0.013356145 -1.209069252 0.008153187 -0.013426444 0.999876618 36.430065155
0.999920249 -0.009091127 -0.008759557 0.671294451 0.009205869 0.999871135 0.013149273 -1.227525115 0.008638888 -0.013228863 0.999875188 37.008060455
0.999918759 -0.009133308 -0.008889237 0.661998093 0.009256397 0.999860466 0.013905804 -1.266766787 0.008760992 -0.013986956 0.999863744 37.563732147
0.999926627 -0.008605677 -0.008526509 0.651161313 0.008721272 0.999869287 0.013614108 -1.243396282 0.008408235 -0.013687471 0.999870956 37.981109619
0.999922872 -0.008650132 -0.008914477 0.655348659 0.008775893 0.999861121 0.014166342 -1.259711504 0.008790699 -0.014243482 0.999859869 38.530303955
0.999924600 -0.008672231 -0.008692072 0.659415126 0.008785635 0.999875605 0.013094724 -1.261008739 0.008577430 -0.013170104 0.999876440 39.058109283
0.999913454 -0.009584073 -0.009013670 0.667532444 0.009712587 0.999850273 0.014323656 -1.286004782 0.008875041 -0.014409962 0.999856770 39.572067261
0.999911785 -0.009674459 -0.009097750 0.667129040 0.009806154 0.999846041 0.014544136 -1.303066611 0.008955643 -0.014632068 0.999852836 40.098793030
0.999897301 -0.009812304 -0.010443797 0.714495063 0.009970793 0.999834180 0.015233135 -1.328538895 0.010292594 -0.015335703 0.999829412 40.637172699
0.999916434 -0.008675206 -0.009592686 0.701756001 0.008814517 0.999854922 0.014577262 -1.315711737 0.009464833 -0.014660596 0.999847710 41.142257690
0.999909282 -0.009416115 -0.009632736 0.709325194 0.009560553 0.999840856 0.015059951 -1.335579634 0.009489395 -0.015150678 0.999840140 41.663288116
0.999902606 -0.009668362 -0.010062609 0.722516656 0.009825120 0.999829292 0.015647182 -1.362478256 0.009909607 -0.015744526 0.999826908 42.122066498
0.999906480 -0.009074375 -0.010231773 0.739167690 0.009219982 0.999855578 0.014274755 -1.343201160 0.010100762 -0.014367756 0.999845743 42.662815094
0.999912441 -0.008684575 -0.009983758 0.744832933 0.008829417 0.999855101 0.014556357 -1.359992504 0.009855894 -0.014643232 0.999844193 43.217357635
0.999916077 -0.008426552 -0.009834249 0.751031876 0.008565640 0.999862671 0.014187938 -1.356480360 0.009713342 -0.014270985 0.999850988 43.752296448
0.999907076 -0.008548478 -0.010619389 0.770102262 0.008691448 0.999871194 0.013490697 -1.356365681 0.010502696 -0.013581740 0.999852598 44.311725616
0.999914289 -0.008346334 -0.010080928 0.762101173 0.008497948 0.999849975 0.015091592 -1.384039879 0.009953457 -0.015175967 0.999835312 44.856643677
0.999919772 -0.007903249 -0.009902186 0.778165996 0.008043962 0.999866068 0.014251905 -1.356552243 0.009788225 -0.014330411 0.999849379 45.317863464
0.999915957 -0.007798375 -0.010350247 0.822678208 0.007927924 0.999889970 0.012535140 -1.312375784 0.010251356 -0.012616144 0.999867857 45.918498993
0.999902129 -0.009819060 -0.009967396 0.737189949 0.009984074 0.999811649 0.016643133 -1.449134231 0.009802101 -0.016741022 0.999811769 46.218914032
0.999908745 -0.009346340 -0.009760439 0.736591697 0.009501689 0.999826908 0.015993102 -1.450775862 0.009609275 -0.016084382 0.999824464 46.741970062
0.999915659 -0.008596577 -0.009738039 0.755299807 0.008744692 0.999845147 0.015270939 -1.444923520 0.009605256 -0.015354807 0.999835968 47.299301147
0.999908447 -0.008562235 -0.010479908 0.782074332 0.008723596 0.999842644 0.015449625 -1.448305130 0.010345973 -0.015539635 0.999825776 47.807773590
0.999902189 -0.008748416 -0.010917708 0.791962564 0.008918826 0.999837697 0.015658699 -1.467293143 0.010778947 -0.015754541 0.999817789 48.449695587
0.999913871 -0.008451581 -0.010044460 0.775114298 0.008608222 0.999840438 0.015655288 -1.478043914 0.009910545 -0.015740404 0.999826968 48.952304840
0.999901533 -0.009199305 -0.010605615 0.799896300 0.009353114 0.999850452 0.014545478 -1.454874277 0.010470221 -0.014643244 0.999837935 49.529243469
0.999910533 -0.008903833 -0.009981790 0.784575343 0.009074140 0.999811769 0.017148385 -1.528713226 0.009827225 -0.017237429 0.999803066 49.800243378
0.999909818 -0.009131132 -0.009844667 0.793497801 0.009296140 0.999814808 0.016847817 -1.531805754 0.009689005 -0.016937817 0.999809504 50.351222992
0.999902427 -0.009594012 -0.010151369 0.799311399 0.009763529 0.999811411 0.016783189 -1.538786173 0.009988436 -0.016880667 0.999807596 50.909759521
0.999912977 -0.008969354 -0.009681080 0.802795291 0.009124194 0.999829233 0.016070269 -1.530439973 0.009535287 -0.016157201 0.999823987 51.489048004
0.999915719 -0.008686835 -0.009648114 0.821965337 0.008839872 0.999833941 0.015934195 -1.530447721 0.009508094 -0.016018143 0.999826431 52.003452301
0.999921501 -0.007751212 -0.009840592 0.801307201 0.007926330 0.999808669 0.017883096 -1.553836584 0.009700092 -0.017959692 0.999791682 52.333717346
0.999934494 -0.006766129 -0.009231280 0.805091679 0.006919902 0.999836147 0.016728856 -1.554677844 0.009116575 -0.016791638 0.999817491 52.879974365
0.999910176 -0.008485691 -0.010371087 0.841904044 0.008659116 0.999821544 0.016793188 -1.546321988 0.010226733 -0.016881485 0.999805212 53.414611816
0.999907911 -0.008491338 -0.010588926 0.832765818 0.008662863 0.999830246 0.016259175 -1.564808607 0.010449067 -0.016349405 0.999811769 53.916782379
0.999914765 -0.008465750 -0.009936681 0.815056145 0.008650349 0.999787986 0.018683961 -1.626322031 0.009776400 -0.018768322 0.999776065 54.328907013
0.999910474 -0.008546826 -0.010297299 0.820197821 0.008736011 0.999791265 0.018469607 -1.629474759 0.010137293 -0.018557910 0.999776363 54.881568909
0.999912798 -0.008186211 -0.010362227 0.833766043 0.008372556 0.999801695 0.018069476 -1.631641388 0.010212250 -0.018154658 0.999783039 55.436061859
0.999898136 -0.009183185 -0.010925862 0.864844263 0.009366998 0.999813497 0.016893156 -1.603171587 0.010768690 -0.016993780 0.999797583 55.977279663
0.999903798 -0.008466932 -0.010986197 0.863314569 0.008662262 0.999803066 0.017855521 -1.620427608 0.010832854 -0.017948966 0.999780238 56.513801575
0.999909401 -0.008558718 -0.010390158 0.851557016 0.008755383 0.999780536 0.019032467 -1.664510846 0.010224986 -0.019121712 0.999764860 56.778945923
0.999908566 -0.008110363 -0.010819113 0.863512874 0.008309195 0.999795079 0.018461250 -1.658020735 0.010667169 -0.018549461 0.999770999 57.306835175
0.999903738 -0.009091229 -0.010484930 0.869130373 0.009279304 0.999794364 0.018030709 -1.669311047 0.010318853 -0.018126262 0.999782383 57.882865906
0.999912143 -0.008741711 -0.009962440 0.866988480 0.008915735 0.999806046 0.017559556 -1.666844487 0.009807007 -0.017646832 0.999796152 58.439872742
0.999889851 -0.009541413 -0.011376234 0.917883217 0.009742008 0.999795675 0.017709563 -1.656791925 0.011204937 -0.017818438 0.999778450 58.896072388
0.999883294 -0.009807357 -0.011708573 0.908824146 0.010030708 0.999765813 0.019172074 -1.698015809 0.011517806 -0.019287281 0.999747634 59.204025269
0.999900281 -0.009042406 -0.010840481 0.916341543 0.009248164 0.999775052 0.019083038 -1.703453183 0.010665486 -0.019181389 0.999759138 59.759429932
0.999902189 -0.009007704 -0.010702477 0.908795774 0.009205857 0.999784470 0.018612128 -1.702659845 0.010532517 -0.018708834 0.999769449 60.269058228
0.999910951 -0.008835969 -0.009994980 0.914922357 0.009018510 0.999790609 0.018368071 -1.709227324 0.009830588 -0.018456575 0.999781251 60.803901672
0.999891937 -0.008853084 -0.011734977 0.984654307 0.009078196 0.999773026 0.019270537 -1.726533771 0.011561711 -0.019374991 0.999745369 61.288944244
0.999861479 -0.010647093 -0.012792005 1.010380268 0.010881903 0.999770939 0.018428816 -1.705060124 0.012592861 -0.018565465 0.999748230 61.822345734
0.999872565 -0.010507870 -0.012016121 0.935371041 0.010742455 0.999749660 0.019627485 -1.741125941 0.011806869 -0.019754069 0.999735117 62.151103973
0.999873996 -0.010565466 -0.011848154 0.940340221 0.010803475 0.999737442 0.020207379 -1.755111694 0.011631543 -0.020332834 0.999725580 62.651603699
0.999868512 -0.010628519 -0.012242178 0.941196859 0.010866626 0.999749839 0.019550404 -1.755875587 0.012031321 -0.019680863 0.999733984 63.218818665
0.999882340 -0.010070397 -0.011564880 0.927442431 0.010296503 0.999753714 0.019660875 -1.762382150 0.011364037 -0.019777641 0.999739826 63.774818420
0.999850214 -0.011136555 -0.013245562 1.005214930 0.011380596 0.999764264 0.018493993 -1.721910238 0.013036478 -0.018641964 0.999741256 64.290023804
0.999896526 -0.008752842 -0.011407800 0.988385379 0.008965456 0.999784470 0.018721689 -1.738350391 0.011241475 -0.018822029 0.999759674 64.786224365
0.999850929 -0.011839640 -0.012563401 0.981911838 0.012095540 0.999716818 0.020492120 -1.789127231 0.012317222 -0.020641027 0.999711096 65.025947571
0.999854445 -0.011323878 -0.012759695 1.011297941 0.011574015 0.999738872 0.019703476 -1.786175132 0.012533243 -0.019848291 0.999724448 65.569541931
0.999865055 -0.011649032 -0.011588233 0.973793924 0.011871452 0.999742925 0.019313566 -1.781130314 0.011360272 -0.019448528 0.999746382 66.117408752
0.999877691 -0.011491372 -0.010606029 0.971523166 0.011696640 0.999741375 0.019499116 -1.784939885 0.010379217 -0.019620782 0.999753654 66.656257629
0.999867678 -0.011052582 -0.011942150 1.035538435 0.011289279 0.999737442 0.019937968 -1.782279611 0.011718651 -0.020070147 0.999729931 67.172523499
0.999864757 -0.011683349 -0.011569597 0.978761435 0.011900302 0.999751270 0.018864164 -1.777505159 0.011346322 -0.018999293 0.999755085 67.750831604
0.999849200 -0.012148794 -0.012407074 0.978036344 0.012412251 0.999694288 0.021382945 -1.829076886 0.012143503 -0.021533722 0.999694288 67.992401123
0.999861598 -0.011019508 -0.012458197 0.987742245 0.011278916 0.999716938 0.020947479 -1.832894683 0.012223840 -0.021085097 0.999702930 68.535064697
0.999851644 -0.012150599 -0.012201164 0.990554273 0.012403102 0.999705970 0.020837259 -1.831189752 0.011944389 -0.020985501 0.999708474 69.091995239
0.999851346 -0.012117609 -0.012260791 1.002865076 0.012373412 0.999702632 0.021007368 -1.843042374 0.012002586 -0.021155952 0.999704123 69.594375610
0.999829650 -0.012963810 -0.013127076 1.024025440 0.013229850 0.999704540 0.020386757 -1.828409314 0.012858908 -0.020556957 0.999705970 70.134033203
0.999841332 -0.012889307 -0.012290207 0.989995778 0.013138512 0.999705195 0.020416526 -1.832975149 0.012023428 -0.020574763 0.999715984 70.475730896
0.999842227 -0.013061137 -0.012034123 0.992660761 0.013298604 0.999714255 0.019868784 -1.837070584 0.011771173 -0.020025691 0.999730110 71.035835266
0.999838650 -0.012776065 -0.012619646 1.010887980 0.013033678 0.999704003 0.020546958 -1.849238634 0.012353401 -0.020708125 0.999709249 71.589820862
0.999825060 -0.013360327 -0.013085410 1.002892256 0.013619975 0.999707997 0.019958762 -1.843834281 0.012814936 -0.020133493 0.999715149 72.153518677
0.999823391 -0.013794997 -0.012758607 1.031388521 0.014040736 0.999713719 0.019376008 -1.840603590 0.012487661 -0.019551726 0.999730885 72.766433716
0.999819636 -0.014212715 -0.012597012 1.039347172 0.014482371 0.999662220 0.021580132 -1.877168417 0.012286045 -0.021758674 0.999687731 72.957710266
0.999815404 -0.014214646 -0.012925417 1.046286702 0.014486266 0.999670923 0.021169426 -1.877084017 0.012620247 -0.021352759 0.999692321 73.496467590
0.999807298 -0.014373318 -0.013369322 1.037089109 0.014649029 0.999677122 0.020758692 -1.878009081 0.013066634 -0.020950539 0.999695063 74.031410217
0.999776483 -0.015755853 -0.014104722 1.078109145 0.016050890 0.999649465 0.021054910 -1.884932518 0.013768041 -0.021276597 0.999678731 74.566368103
0.999768555 -0.016246499 -0.014104459 1.105453014 0.016530937 0.999657452 0.020289700 -1.865904570 0.013769992 -0.020518161 0.999694586 74.988433838
0.999802411 -0.014918788 -0.013130866 1.039340496 0.015187565 0.999672174 0.020613085 -1.865828276 0.012819039 -0.020808440 0.999701321 75.422637939
0.999794424 -0.014816034 -0.013840720 1.046275139 0.015109821 0.999657512 0.021368556 -1.870509505 0.013519381 -0.021573294 0.999675930 75.979293823
0.999789834 -0.015062341 -0.013901200 1.024367094 0.015340058 0.999680340 0.020092420 -1.858166099 0.013594117 -0.020301443 0.999701500 76.567535400
0.999792039 -0.015430743 -0.013325240 1.041971326 0.015701870 0.999666810 0.020487938 -1.846745968 0.013004656 -0.020692911 0.999701321 77.072586060
0.999797940 -0.015301953 -0.013029600 1.007500172 0.015561143 0.999678314 0.020029062 -1.839386344 0.012718924 -0.020227773 0.999714494 77.687812805
0.999798119 -0.015621744 -0.012629371 1.025025129 0.015871070 0.999676168 0.019888621 -1.854316592 0.012314586 -0.020085052 0.999722421 78.153869629
0.999824286 -0.014648183 -0.011691835 1.044140816 0.014887064 0.999676704 0.020613030 -1.890024781 0.011386109 -0.020783465 0.999719143 78.418228149
0.999838054 -0.014950512 -0.010020062 1.039828539 0.015147449 0.999687731 0.019875271 -1.891063571 0.009719789 -0.020023830 0.999752223 78.978988647
0.999845088 -0.015164836 -0.008929417 1.053692818 0.015334281 0.999697626 0.019223794 -1.895837069 0.008635192 -0.019357745 0.999775350 79.552619934
0.999871790 -0.013741798 -0.008213351 1.038244486 0.013909139 0.999689460 0.020676838 -1.926035523 0.007926662 -0.020788427 0.999752402 80.097877502
0.999872446 -0.014965454 -0.005577441 1.074213624 0.015072966 0.999691188 0.019760225 -1.895452857 0.005279997 -0.019841773 0.999789238 80.571632385
0.999894619 -0.014395134 -0.001848297 1.075643182 0.014427438 0.999718249 0.018850980 -1.837660670 0.001576413 -0.018875660 0.999820590 81.104988098
0.999885678 -0.014997354 0.001940130 1.067933798 0.014955276 0.999685347 0.020137567 -1.851688385 -0.002241530 -0.020106249 0.999795258 81.455696106
0.999873161 -0.014859141 0.005740209 1.105605960 0.014743214 0.999696493 0.019735999 -1.858434916 -0.006031726 -0.019648867 0.999788702 82.012428284
0.999824941 -0.014904143 0.011310047 1.123769999 0.014682370 0.999703109 0.019444574 -1.854879379 -0.011596493 -0.019275110 0.999746919 82.565872192
0.999739528 -0.014409573 0.017694870 1.160760880 0.014055338 0.999701500 0.019982701 -1.867790341 -0.017977530 -0.019728791 0.999643683 83.057060242
0.999609113 -0.014706535 0.023774365 1.180372834 0.014227531 0.999694884 0.020193046 -1.882701874 -0.024064079 -0.019846903 0.999513447 83.612358093
0.999378026 -0.014698569 0.032055039 1.226732254 0.014086227 0.999715567 0.019245690 -1.848087311 -0.032328803 -0.018782182 0.999300838 84.157852173
0.999101758 -0.015994722 0.039240580 1.300742626 0.015243108 0.999696016 0.019378956 -1.863205194 -0.039538614 -0.018763399 0.999041796 84.636825562
0.998781979 -0.015705477 0.046775222 1.260812759 0.014783549 0.999690950 0.019990923 -1.844784379 -0.047074728 -0.019275071 0.998705387 85.038764954
0.998296440 -0.015630815 0.056213424 1.311149359 0.014567143 0.999707997 0.019282276 -1.844000459 -0.056498401 -0.018430557 0.998232603 85.583328247
0.997732699 -0.015657369 0.065455191 1.382828712 0.014383012 0.999698639 0.019895302 -1.855387330 -0.065746970 -0.018908748 0.997657180 86.124862671
0.997116029 -0.017893748 0.073754750 1.423306465 0.016487654 0.999671280 0.019629465 -1.856123805 -0.074081749 -0.018356808 0.997083306 86.695823669
0.996504903 -0.016740803 0.081840053 1.489575863 0.015187647 0.999693274 0.019563783 -1.863515973 -0.082142457 -0.018252451 0.996453404 87.230865479
0.995537937 -0.018333251 0.092565201 1.576848030 0.016476464 0.999648213 0.020783791 -1.881959319 -0.092913672 -0.019165905 0.995489657 87.671333313
0.994470000 -0.016166730 0.103769273 1.634157658 0.013977841 0.999664903 0.021786522 -1.954622507 -0.104086719 -0.020215573 0.994362772 88.211029053
0.993412793 -0.016198900 0.113439716 1.712906837 0.013784682 0.999662161 0.022034140 -1.965645671 -0.113758318 -0.020325268 0.993300557 88.759521484
0.992112041 -0.017413640 0.124139331 1.805665016 0.014872760 0.999661028 0.021365471 -1.946459055 -0.124469317 -0.019350648 0.992034733 89.302330017
0.990443230 -0.014670242 0.137139201 1.890374184 0.011786804 0.999692500 0.021814132 -1.967015624 -0.137417063 -0.019989222 0.990311563 89.836013794
0.989038944 -0.017448995 0.146620423 2.005660057 0.014453341 0.999664903 0.021471992 -1.965031147 -0.146945983 -0.019117482 0.988959789 90.398529053
0.987554133 -0.018561514 0.156180456 2.097604752 0.015462257 0.999659061 0.021035744 -1.944804549 -0.156517655 -0.018359032 0.987504542 90.986831665
0.985638082 -0.019739633 0.167714268 2.217914581 0.016313661 0.999629557 0.021780863 -1.966554999 -0.168082118 -0.018732013 0.985594988 91.379890442
0.983289003 -0.017936036 0.181166261 2.273103714 0.014182843 0.999657691 0.021991186 -1.931665421 -0.181498662 -0.019054240 0.983206511 91.949707031
0.981239498 -0.018412665 0.191911697 2.396749496 0.014452583 0.999653220 0.022014478 -1.934920788 -0.192250475 -0.018827857 0.981165230 92.490837097
0.978586853 -0.018043397 0.205042049 2.535846710 0.013813986 0.999661624 0.022039913 -1.932610035 -0.205370367 -0.018735517 0.978504956 93.027221680
0.975576460 -0.019065656 0.218830749 2.667314529 0.014508384 0.999643505 0.022413749 -1.934685946 -0.219180092 -0.018691447 0.975505352 93.526359558
0.972890735 -0.020086462 0.230391070 2.824832916 0.015346160 0.999632478 0.022348693 -1.955982447 -0.230755299 -0.018207218 0.972841442 94.068748474
0.969743609 -0.017566072 0.243492976 2.943939209 0.012446934 0.999668300 0.022546474 -1.936821461 -0.243808240 -0.018833557 0.969640553 94.608627319
0.966266632 -0.018005149 0.256914020 3.111240387 0.012483065 0.999655008 0.023108793 -1.945980549 -0.257241488 -0.019122176 0.966157973 95.118286133
0.962550998 -0.017174380 0.270556062 3.274217606 0.011477030 0.999678135 0.022626091 -1.940124512 -0.270857543 -0.018673588 0.962438285 95.668014526
0.959632754 -0.019491030 0.280579954 3.479473114 0.013546109 0.999641061 0.023111936 -1.949630976 -0.280929685 -0.018378204 0.959552348 96.181945801
0.955300331 -0.018887665 0.295033216 3.663808823 0.012515731 0.999646127 0.023470916 -1.953519106 -0.295372128 -0.018729215 0.955198705 96.719787598
0.950881839 -0.019407738 0.308945060 3.814014435 0.012445481 0.999622464 0.024490548 -1.961805582 -0.309303701 -0.019442650 0.950764477 97.138877869
0.947109044 -0.019623253 0.320311338 4.024784088 0.012725139 0.999640048 0.023614826 -1.952049255 -0.320659429 -0.018289812 0.947017908 97.666305542
0.942653716 -0.019581545 0.333197236 4.210569382 0.012220378 0.999633133 0.024174191 -1.959881306 -0.333548427 -0.018716099 0.942547143 98.162902832
0.937871397 -0.020686217 0.346365541 4.432741165 0.013117455 0.999621511 0.024182253 -1.969298601 -0.346734673 -0.018136416 0.937787890 98.667625427
0.932896256 -0.019857490 0.359597325 4.648603439 0.011589976 0.999616921 0.025132664 -1.984013796 -0.359958649 -0.019278446 0.932769060 99.251152039
0.928507924 -0.020707728 0.370734572 4.893812180 0.012685533 0.999629974 0.024064243 -1.963272333 -0.371095747 -0.017640876 0.928427041 99.742088318
0.922851801 -0.021516237 0.384553701 5.092340469 0.013219943 0.999619544 0.024204686 -1.947879076 -0.384928256 -0.017253561 0.922785223 100.171760559
0.917196512 -0.022221569 0.397814989 5.333595276 0.013356346 0.999597132 0.025042348 -1.957386494 -0.398211241 -0.017655399 0.917123795 100.665756226
0.912851036 -0.022882590 0.407651007 5.582138062 0.014036368 0.999596834 0.024678595 -1.956972361 -0.408051312 -0.016805941 0.912804306 101.152580261
0.907308161 -0.022576109 0.419859856 5.836990356 0.013375042 0.999601841 0.024845991 -1.961681604 -0.420253575 -0.016927322 0.907248795 101.657310486
0.900643349 -0.022696810 0.433965921 6.085323334 0.013174031 0.999602139 0.024939006 -1.969107389 -0.434359223 -0.016744066 0.900584102 102.122886658
0.894543052 -0.023334788 0.446372241 6.310169220 0.013426897 0.999588490 0.025347117 -1.972193003 -0.446780026 -0.016680691 0.894488394 102.610351562
0.889260888 -0.024351677 0.456751645 6.556247711 0.014270383 0.999572754 0.025508791 -1.958683968 -0.457177669 -0.016165949 0.889228463 103.018074036
0.881834805 -0.023742374 0.470960408 6.836784363 0.013540804 0.999594808 0.025038205 -1.957322836 -0.471364051 -0.015702374 0.881798923 103.509269714
0.875255287 -0.024370197 0.483046889 7.134742737 0.013696788 0.999578059 0.025611866 -1.969002485 -0.483467281 -0.015800733 0.875219822 103.978118896
