1.000000000 0.000000000 0.000000000 0.000000000 0.000000000 1.000000000 0.000000000 0.000000000 0.000000000 0.000000000 1.000000000 0.000000000
1.000000000 0.000067153 0.000086118 -0.000471960 -0.000067150 1.000000000 -0.000030727 0.001105417 -0.000086120 0.000030721 1.000000000 -0.000549756
0.999999940 0.000262738 0.000095960 0.001098351 -0.000262740 0.999999940 0.000023326 0.003843343 -0.000095953 -0.000023352 1.000000000 -0.004883775
1.000000000 -0.000080749 -0.000049982 0.000428935 0.000080744 1.000000000 -0.000100093 0.003797944 0.000049991 0.000100089 1.000000000 0.003921818
1.000000000 -0.000006588 0.000139891 -0.003311186 0.000006601 1.000000000 -0.000089343 0.002955267 -0.000139891 0.000089344 1.000000000 0.000204285
1.000000000 -0.000048192 -0.000082549 0.000753788 0.000048200 1.000000000 0.000092350 0.002079320 0.000082544 -0.000092354 1.000000000 -0.007034244
1.000000000 0.000036506 0.000073165 -0.005394864 -0.000036507 1.000000000 0.000021605 0.003398810 -0.000073164 -0.000021607 1.000000000 -0.003300612
1.000000000 0.000110253 0.000075454 -0.001371234 -0.000110245 1.000000000 -0.000103797 0.001300952 -0.000075465 0.000103789 1.000000000 -0.005681650
1.000000000 0.000066500 0.000108993 -0.002593341 -0.000066491 1.000000000 -0.000085292 0.003737331 -0.000108998 0.000085284 1.000000000 -0.005158286
1.000000000 0.000060026 0.000125918 -0.004772347 -0.000060015 1.000000000 -0.000083386 0.001654504 -0.000125923 0.000083378 1.000000000 -0.008520716
1.000000000 -0.000063757 0.000071614 -0.002481664 0.000063756 1.000000000 0.000004508 -0.000564928 -0.000071615 -0.000004503 1.000000000 -0.007080680
1.000000000 -0.000154955 -0.000011457 -0.001235089 0.000154955 1.000000000 -0.000020321 -0.000886572 0.000011460 0.000020319 1.000000000 -0.004676360
1.000000000 -0.000025162 0.000055074 0.000939096 0.000025168 1.000000000 -0.000111980 0.003456544 -0.000055071 0.000111981 1.000000000 -0.000749816
1.000000000 -0.000076530 0.000017738 -0.003200364 0.000076530 1.000000000 -0.000007557 0.005396377 -0.000017737 0.000007559 1.000000000 -0.007922043
0.999999940 -0.000312013 -0.000013124 -0.001324715 0.000312014 0.999999940 0.000101753 -0.000839244 0.000013092 -0.000101757 1.000000000 -0.005291744
1.000000000 -0.000078599 -0.000001252 -0.002581814 0.000078599 1.000000000 -0.000051711 0.002564920 0.000001256 0.000051711 1.000000000 -0.005397200
1.000000000 0.000056297 0.000054084 -0.003408185 -0.000056302 1.000000000 0.000089348 0.001287073 -0.000054079 -0.000089351 1.000000000 -0.007798807
1.000000000 -0.000202376 -0.000037041 -0.000804307 0.000202375 1.000000000 -0.000020923 0.000559990 0.000037046 0.000020915 1.000000000 -0.007961216
1.000000000 -0.000086176 -0.000093211 0.002053920 0.000086175 1.000000000 -0.000002876 -0.000350342 0.000093211 0.000002868 1.000000000 -0.012196143
1.000000000 -0.000075857 0.000012323 -0.000802049 0.000075857 1.000000000 -0.000008214 0.000564540 -0.000012323 0.000008215 1.000000000 -0.009152815
0.999999940 0.000191455 0.000213942 -0.004644797 -0.000191454 1.000000000 -0.000005765 0.001702907 -0.000213943 0.000005724 1.000000000 -0.001873046
1.000000000 -0.000176318 0.000013231 -0.000186048 0.000176318 1.000000000 0.000066232 -0.000042926 -0.000013242 -0.000066229 1.000000000 -0.009585066
1.000000000 -0.000208079 -0.000038846 -0.001839523 0.000208083 1.000000000 0.000112606 0.001350557 0.000038823 -0.000112614 1.000000000 -0.007862524
1.000000000 -0.000034595 -0.000116038 0.004756843 0.000034602 1.000000000 0.000056949 -0.000578273 0.000116036 -0.000056953 1.000000000 -0.008002953
1.000000000 -0.000156445 -0.000015435 0.000255339 0.000156447 1.000000000 0.000169996 -0.002364722 0.000015408 -0.000169999 1.000000000 -0.008640474
1.000000000 0.000139989 0.000183627 -0.005050898 -0.000139978 1.000000000 -0.000057122 0.000378712 -0.000183635 0.000057096 1.000000000 -0.008019821
1.000000000 0.000039558 0.000102425 -0.005893593 -0.000039575 1.000000000 0.000165764 -0.000560961 -0.000102419 -0.000165768 1.000000000 -0.009806017
1.000000000 -0.000233289 -0.000066775 -0.004208625 0.000233292 1.000000000 0.000042585 0.002623266 0.000066765 -0.000042601 1.000000000 -0.006940690
1.000000000 -0.000202480 0.000003414 -0.001436547 0.000202479 1.000000000 0.000117910 -0.001405831 -0.000003437 -0.000117909 1.000000000 0.001910291
0.999999940 -0.000290845 -0.000019736 -0.003835145 0.000290846 0.999999940 0.000090941 0.000759523 0.000019710 -0.000090947 1.000000000 -0.003040579
0.999999940 -0.000282232 0.000018340 -0.005181895 0.000282229 0.999999940 0.000177469 -0.000795687 -0.000018390 -0.000177463 1.000000000 -0.005883145
1.000000000 -0.000212211 -0.000036247 -0.002802541 0.000212213 1.000000000 0.000062960 -0.000479717 0.000036234 -0.000062968 1.000000000 -0.009411925
1.000000000 -0.000094123 0.000007024 -0.004402478 0.000094124 1.000000000 -0.000044172 0.001138381 -0.000007020 0.000044173 1.000000000 -0.006141844
1.000000000 -0.000075252 0.000017874 -0.005728799 0.000075251 1.000000000 0.000016441 0.002364565 -0.000017875 -0.000016440 1.000000000 -0.006868914
1.000000000 -0.000085491 0.000087941 -0.008102908 0.000085495 1.000000000 -0.000045985 0.002629852 -0.000087937 0.000045992 1.000000000 -0.012985361
1.000000000 -0.000134501 -0.000075326 -0.000942412 0.000134503 1.000000000 0.000018597 0.000563384 0.000075324 -0.000018608 1.000000000 -0.004785442
0.999999940 -0.000271912 0.000006680 -0.006462302 0.000271911 0.999999940 0.000229145 -0.002303890 -0.000006742 -0.000229143 1.000000000 -0.010951838
1.000000000 0.000020917 0.000091266 -0.005266288 -0.000020938 1.000000000 0.000227706 -0.001740271 -0.000091261 -0.000227707 0.999999940 -0.005540600
0.999999940 -0.000344259 -0.000178237 -0.001371769 0.000344280 0.999999940 0.000115420 -0.000607743 0.000178197 -0.000115481 1.000000000 -0.005778866
1.000000000 -0.000152783 0.000068659 0.000448681 0.000152830 0.999999762 -0.000686479 -0.002772103 -0.000068554 0.000686490 0.999999762 0.046859160
1.000000000 0.000078146 -0.000070656 0.002453960 -0.000078242 0.999999046 -0.001361948 -0.002323947 0.000070550 0.001361953 0.999999046 0.138894409
0.999999940 -0.000296349 -0.000293991 0.007981835 0.000295961 0.999999106 -0.001319181 -0.010307530 0.000294382 0.001319094 0.999999106 0.258378506
0.999999940 -0.000355344 0.000016719 0.000449271 0.000355364 0.999999225 -0.001208363 -0.016432509 -0.000016290 0.001208369 0.999999285 0.390602320
1.000000000 -0.000030685 -0.000141597 0.008332810 0.000030509 0.999999225 -0.001246136 -0.017911088 0.000141635 0.001246132 0.999999225 0.540570498
0.999999881 0.000294962 0.000341659 0.002450547 -0.000294479 0.999998987 -0.001412667 -0.020783167 -0.000342075 0.001412567 0.999998927 0.693377316
0.999999940 -0.000268565 0.000179740 0.019587116 0.000268720 0.999999583 -0.000857685 -0.027107378 -0.000179510 0.000857733 0.999999642 0.869302750
1.000000000 0.000206561 0.000059813 0.014479396 -0.000206520 0.999999762 -0.000674124 -0.027354015 -0.000059952 0.000674111 0.999999762 1.031824470
0.999999940 0.000315622 0.000230888 0.010166329 -0.000315457 0.999999702 -0.000714869 -0.041741099 -0.000231113 0.000714796 0.999999702 1.230699897
0.999999940 -0.000120101 -0.000318855 0.034491844 0.000119924 0.999999821 -0.000555009 -0.049842816 0.000318922 0.000554970 0.999999821 1.436327934
0.999999583 -0.000713559 -0.000612992 0.040917158 0.000713297 0.999999642 -0.000427687 -0.053107239 0.000613297 0.000427250 0.999999702 1.669810057
0.999999821 -0.000427280 -0.000128195 0.044767730 0.000427269 0.999999821 -0.000087791 -0.063216746 0.000128233 0.000087736 1.000000000 1.841646671
0.999999762 -0.000637155 -0.000088894 0.050106619 0.000637155 0.999999762 -0.000003852 -0.067765668 0.000088896 0.000003796 1.000000000 2.051641464
0.999999702 -0.000754585 -0.000187497 0.052232850 0.000754664 0.999999642 0.000421392 -0.079939596 0.000187179 -0.000421533 0.999999881 2.263027430
0.999999940 -0.000360623 -0.000147987 0.056286011 0.000360686 0.999999881 0.000422968 -0.084094115 0.000147835 -0.000423022 0.999999881 2.485221863
1.000000000 0.000209134 -0.000302525 0.060980864 -0.000208996 0.999999881 0.000455053 -0.091313928 0.000302620 -0.000454989 0.999999821 2.721047401
0.999999881 -0.000512847 -0.000019514 0.068834938 0.000512857 0.999999702 0.000534203 -0.099543847 0.000019240 -0.000534213 0.999999881 2.950196981
0.999999583 -0.000781697 -0.000545870 0.087702230 0.000782062 0.999999464 0.000669800 -0.104677588 0.000545346 -0.000670227 0.999999702 3.190747976
0.999999642 -0.000710324 -0.000428620 0.086357728 0.000710503 0.999999583 0.000419620 -0.113914765 0.000428322 -0.000419924 0.999999881 3.444681406
0.999999702 -0.000701560 -0.000320382 0.089576386 0.000701785 0.999999464 0.000702993 -0.117587440 0.000319888 -0.000703218 0.999999762 3.696782589
0.999999940 -0.000313225 0.000140764 0.070023738 0.000313056 0.999999225 0.001195330 -0.139372423 -0.000141138 -0.001195285 0.999999285 3.910936117
0.999999225 -0.001227841 0.000051074 0.077146791 0.001227770 0.999998271 0.001370719 -0.148979470 -0.000052757 -0.001370655 0.999999106 4.177618027
0.999999821 -0.000013945 0.000500790 0.077244014 0.000013199 0.999998868 0.001489128 -0.148614973 -0.000500810 -0.001489121 0.999998748 4.445715904
0.999999523 -0.000807945 0.000484180 0.091059551 0.000807188 0.999998450 0.001561911 -0.160724729 -0.000485441 -0.001561519 0.999998629 4.710961342
0.999999523 -0.000839377 0.000353239 0.088980138 0.000838786 0.999998271 0.001667957 -0.179297149 -0.000354639 -0.001667660 0.999998569 4.942180634
0.999999583 -0.000931454 0.000186127 0.100598723 0.000931179 0.999998510 0.001473128 -0.180328399 -0.000187498 -0.001472954 0.999998927 5.197513103
0.999999583 -0.000937044 0.000060057 0.106289685 0.000936943 0.999998212 0.001671080 -0.193930030 -0.000061622 -0.001671023 0.999998689 5.476440430
0.999999881 -0.000412793 0.000366425 0.103718914 0.000412209 0.999998748 0.001590748 -0.200551897 -0.000367081 -0.001590596 0.999998689 5.738193512
0.999999523 -0.000676410 0.000715339 0.101004504 0.000674988 0.999997854 0.001986238 -0.212128595 -0.000716681 -0.001985754 0.999997795 6.019693851
0.999999881 -0.000295352 0.000553175 0.110648587 0.000294191 0.999997795 0.002097665 -0.219259948 -0.000553793 -0.002097502 0.999997675 6.290527344
0.999999285 -0.001194675 0.000180917 0.120965168 0.001194316 0.999997318 0.001969999 -0.234237447 -0.000183271 -0.001969782 0.999997973 6.601987362
0.999999881 -0.000355828 0.000434155 0.121822372 0.000355065 0.999998391 0.001757815 -0.243030801 -0.000434780 -0.001757660 0.999998331 6.895157814
0.999998868 -0.001321000 0.000676155 0.132842794 0.001319847 0.999997616 0.001702373 -0.247835815 -0.000678402 -0.001701479 0.999998271 7.209995270
0.999998927 -0.001361071 0.000581775 0.137850747 0.001359874 0.999996901 0.002052561 -0.262302786 -0.000584567 -0.002051767 0.999997675 7.502352715
0.999998987 -0.001089108 0.000969991 0.140802220 0.001087153 0.999997377 0.002013957 -0.270735651 -0.000972182 -0.002012900 0.999997497 7.827300549
0.999999166 -0.001329043 0.000309092 0.155237511 0.001328400 0.999997079 0.002072447 -0.285882086 -0.000311846 -0.002072034 0.999997795 8.127179146
0.999999046 -0.001236377 0.000410683 0.161033034 0.001235652 0.999997675 0.001759029 -0.290443063 -0.000412857 -0.001758520 0.999998331 8.447083473
0.999999046 -0.001045434 0.000816846 0.151757255 0.001044112 0.999998093 0.001618039 -0.296115458 -0.000818536 -0.001617185 0.999998331 8.788595200
0.999998212 -0.001800323 0.000521681 0.170482993 0.001799334 0.999996603 0.001890433 -0.307438403 -0.000525083 -0.001889491 0.999998093 9.117622375
0.999998868 -0.001141881 0.000980823 0.169648618 0.001140047 0.999997616 0.001868034 -0.312963665 -0.000982953 -0.001866914 0.999997854 9.466603279
0.999998331 -0.001752495 0.000464287 0.188011631 0.001751609 0.999996662 0.001901511 -0.319545329 -0.000467618 -0.001900695 0.999998033 9.834623337
0.999999225 -0.001186937 0.000369485 0.207918808 0.001186155 0.999997079 0.002108703 -0.330226034 -0.000371987 -0.002108263 0.999997675 10.186492920
0.999998748 -0.001503464 0.000399995 0.182596356 0.001502315 0.999994814 0.002857392 -0.364399374 -0.000404289 -0.002856788 0.999995828 10.473445892
0.999998331 -0.001738604 0.000557992 0.190726101 0.001736593 0.999992073 0.003585831 -0.377603561 -0.000564222 -0.003584856 0.999993384 10.835710526
0.999996483 -0.002611763 0.000221219 0.197580606 0.002611003 0.999990940 0.003370198 -0.380922377 -0.000230019 -0.003369609 0.999994278 11.213565826
0.999996901 -0.002471741 0.000362643 0.212961555 0.002470483 0.999991119 0.003429226 -0.394497633 -0.000371115 -0.003428319 0.999994040 11.615026474
0.999997079 -0.002393167 0.000335227 0.231752753 0.002392076 0.999992073 0.003215427 -0.389109999 -0.000342920 -0.003214616 0.999994755 12.004506111
0.999996543 -0.002562858 0.000368527 0.235800907 0.002561509 0.999990225 0.003615628 -0.409610450 -0.000377790 -0.003614672 0.999993384 12.379670143
0.999998748 -0.001385847 0.000728481 0.223427281 0.001383323 0.999993026 0.003453194 -0.444254071 -0.000733262 -0.003452182 0.999993801 12.768195152
0.999997854 -0.002042342 0.000021283 0.238920122 0.002042248 0.999990880 0.003761390 -0.450796783 -0.000028965 -0.003761338 0.999992967 13.170621872
0.999997795 -0.002065209 0.000131752 0.254272342 0.002064700 0.999990821 0.003751383 -0.463621378 -0.000139498 -0.003751103 0.999993026 13.565553665
0.999998748 -0.001089343 0.001108502 0.251813114 0.001084665 0.999990523 0.004211969 -0.472572714 -0.001113080 -0.004210762 0.999990523 13.980796814
0.999996245 -0.002537702 0.000942057 0.250471801 0.002533044 0.999984682 0.004913091 -0.491779029 -0.000954511 -0.004910688 0.999987543 14.371871948
0.999998510 -0.001023200 0.001348187 0.258932769 0.001017503 0.999990582 0.004219548 -0.494671226 -0.001352492 -0.004218170 0.999990225 14.863863945
0.999997377 -0.001708339 0.001546721 0.271637648 0.001700527 0.999985814 0.005037644 -0.524000943 -0.001555305 -0.005035001 0.999986112 15.248123169
0.999995351 -0.002642523 0.001511380 0.301902056 0.002633613 0.999979317 0.005867435 -0.558548391 -0.001526854 -0.005863428 0.999981701 15.675508499
0.999996006 -0.002344109 0.001596898 0.309835672 0.002334435 0.999979019 0.006032588 -0.608113885 -0.001611006 -0.006028836 0.999980509 16.080514908
0.999993384 -0.003212176 0.001737022 0.325682163 0.003201606 0.999976516 0.006054260 -0.614498138 -0.001756429 -0.006048658 0.999980152 16.532024384
0.999995589 -0.002503909 0.001628833 0.336853236 0.002495163 0.999982536 0.005349597 -0.614683211 -0.001642200 -0.005345510 0.999984324 16.990663528
0.999994636 -0.002424052 0.002244623 0.342940092 0.002412401 0.999983788 0.005178833 -0.624268174 -0.002257140 -0.005173391 0.999984026 17.442012787
0.999994099 -0.002417162 0.002442171 0.340260684 0.002403512 0.999981523 0.005576842 -0.646356285 -0.002455605 -0.005570940 0.999981344 17.916267395
0.999995232 -0.000604484 0.003041937 0.353447616 0.000589541 0.999987781 0.004911000 -0.639404774 -0.003044868 -0.004909182 0.999983311 18.361202240
0.999993384 -0.002149891 0.002941576 0.357455373 0.002133407 0.999981999 0.005595796 -0.662952781 -0.002953553 -0.005589482 0.999980032 18.852670670
0.999994814 -0.001879497 0.002616453 0.379704803 0.001865153 0.999983251 0.005474103 -0.669103682 -0.002626697 -0.005469194 0.999981582 19.333147049
0.999993384 -0.002064159 0.002993393 0.392743528 0.002048068 0.999983430 0.005368766 -0.677078009 -0.003004425 -0.005362600 0.999981105 19.808494568
0.999993920 -0.001635880 0.003079635 0.390314281 0.001616003 0.999977887 0.006445842 -0.705181956 -0.003090111 -0.006440826 0.999974430 20.294471741
0.999994755 -0.000834666 0.003124746 0.390103102 0.000817502 0.999984562 0.005490403 -0.703148305 -0.003129280 -0.005487819 0.999980032 20.798086166
0.999994516 -0.002720594 0.001877615 0.427496672 0.002708524 0.999975801 0.006401013 -0.722706795 -0.001894984 -0.006395893 0.999977767 21.251398087
0.999995589 -0.002580518 0.001427416 0.434761137 0.002572358 0.999980450 0.005688947 -0.721099138 -0.001442069 -0.005685251 0.999982834 21.761232376
0.999995172 -0.002741691 0.001445465 0.426762491 0.002733306 0.999979556 0.005771950 -0.740633488 -0.001461260 -0.005767971 0.999982297 22.286464691
0.999995112 -0.002991041 0.000855952 0.428180695 0.002985803 0.999977171 0.006056502 -0.763558447 -0.000874048 -0.006053916 0.999981344 22.783140182
0.999996424 -0.002574472 0.000595566 0.416668236 0.002570756 0.999977767 0.006158571 -0.766487718 -0.000611408 -0.006157018 0.999980867 23.274656296
0.999993265 -0.003669391 -0.000029535 0.421995014 0.003669508 0.999966621 0.007299565 -0.812837481 0.000002749 -0.007299624 0.999973297 23.770954132
0.999990821 -0.004185027 -0.000950845 0.429702133 0.004191697 0.999965847 0.007124014 -0.825080872 0.000920998 -0.007127934 0.999974132 24.313394547
0.999996960 -0.002398340 -0.000492668 0.419717193 0.002401456 0.999976456 0.006423230 -0.836627424 0.000477251 -0.006424393 0.999979198 24.841663361
0.999995172 -0.002945765 -0.001022098 0.446742415 0.002952343 0.999974549 0.006495828 -0.842139840 0.001002937 -0.006498814 0.999978364 25.373674393
0.999990880 -0.003079527 -0.002953333 0.448384583 0.003101435 0.999967635 0.007442447 -0.876915932 0.002930318 -0.007451539 0.999967933 25.920457840
0.999979615 -0.005006143 -0.003966985 0.466615885 0.005035110 0.999960601 0.007326229 -0.884546280 0.003930152 -0.007346055 0.999965310 26.481393814
0.999977291 -0.005119644 -0.004379637 0.475610644 0.005151118 0.999960840 0.007205596 -0.887663066 0.004342575 -0.007227993 0.999964476 27.023931503
0.999976397 -0.005732058 -0.003789433 0.433392107 0.005761977 0.999951959 0.007932181 -0.945517480 0.003743783 -0.007953829 0.999961317 27.572027206
0.999985218 -0.003886122 -0.003795423 0.438456118 0.003916476 0.999960124 0.008023018 -0.950978398 0.003764094 -0.008037766 0.999960601 28.164878845
0.999972522 -0.005141601 -0.005335134 0.440402299 0.005185105 0.999953151 0.008172616 -0.970371485 0.005292864 -0.008200054 0.999952376 28.722101212
0.999991536 -0.002153155 -0.003521997 0.453813732 0.002183392 0.999960661 0.008603731 -0.989255667 0.003503334 -0.008611348 0.999956787 29.269472122
0.999980867 -0.003735853 -0.004935219 0.489031345 0.003776323 0.999959052 0.008216322 -0.977781713 0.004904323 -0.008234802 0.999953985 29.672288895
0.999980927 -0.003167841 -0.005306786 0.497960627 0.003210663 0.999962211 0.008080296 -0.982240915 0.005280988 -0.008097178 0.999953210 30.218025208
0.999970198 -0.004554889 -0.006236069 0.535667062 0.004612793 0.999945998 0.009302685 -1.018334389 0.006193360 -0.009331172 0.999937296 30.715610504
0.999979019 -0.003133319 -0.005675555 0.558400035 0.003189340 0.999945998 0.009888460 -1.069352508 0.005644265 -0.009906352 0.999935031 31.287685394
0.999970555 -0.003985077 -0.006558707 0.528159976 0.004050569 0.999941766 0.010002596 -1.066659331 0.006518464 -0.010028869 0.999928415 31.875558853
0.999967098 -0.004384151 -0.006828231 0.541004837 0.004444676 0.999950707 0.008874162 -1.071092725 0.006788988 -0.008904220 0.999937296 32.415771484
0.999966562 -0.004092625 -0.007079576 0.540480494 0.004155975 0.999951243 0.008956868 -1.070269823 0.007042573 -0.008985991 0.999934852 32.914291382
0.999962449 -0.004069762 -0.007660262 0.554675400 0.004137537 0.999952197 0.008852488 -1.076088786 0.007623869 -0.008883848 0.999931514 33.547248840
0.999955177 -0.005041556 -0.008017557 0.547987819 0.005118259 0.999941051 0.009575422 -1.109085798 0.007968809 -0.009616029 0.999921978 34.074562073
0.999970973 -0.002733735 -0.007118020 0.533860803 0.002796966 0.999956608 0.008888429 -1.108388424 0.007093413 -0.008908078 0.999935091 34.660140991
0.999953151 -0.005786212 -0.007761289 0.533915758 0.005874630 0.999917567 0.011418250 -1.183349013 0.007694581 -0.011463313 0.999904633 35.214359283
0.999947667 -0.005974517 -0.008305161 0.544927597 0.006065717 0.999921203 0.010999747 -1.184937358 0.008238788 -0.011049550 0.999904931 35.750045776
0.999954820 -0.005094783 -0.008024276 0.539389133 0.005187627 0.999919295 0.011592367 -1.213355184 0.007964569 -0.011633468 0.999900639 36.258525848
0.999951243 -0.005004582 -0.008507466 0.546493351 0.005104004 0.999918461 0.011705231 -1.221088290 0.008448193 -0.011748084 0.999895334 36.803813934
0.999948919 -0.005349748 -0.008575091 0.546471119 0.005457040 0.999906480 0.012537800 -1.272329807 0.008507215 -0.012583953 0.999884665 37.348224640
0.999935865 -0.006949684 -0.008938118 0.554231048 0.007056064 0.999903977 0.011925929 -1.247160673 0.008854378 -0.011988233 0.999888897 37.916194916
0.999941349 -0.006193928 -0.008877923 0.552485228 0.006310958 0.999892712 0.013215317 -1.282393813 0.008795117 -0.013270572 0.999873221 38.410404205
0.999904692 -0.009436893 -0.010069796 0.557646513 0.009566778 0.999870598 0.012929222 -1.290354848 0.009946481 -0.013024326 0.999865711 38.978828430
0.999909997 -0.008833268 -0.010092760 0.554317355 0.008974766 0.999860883 0.014061591 -1.332916379 0.009967147 -0.014150906 0.999850214 39.463878632
0.999930441 -0.006815490 -0.009626147 0.564714551 0.006940151 0.999891698 0.012976673 -1.316251993 0.009536662 -0.013042576 0.999869406 40.110298157
0.999929667 -0.007660738 -0.009052813 0.560508251 0.007782157 0.999879181 0.013453962 -1.335369706 0.008948654 -0.013523468 0.999868453 40.640102386
0.999928057 -0.006776915 -0.009896738 0.578311205 0.006910281 0.999884963 0.013504234 -1.346404552 0.009804083 -0.013571651 0.999859750 41.184249878
0.999935269 -0.006037940 -0.009643615 0.582190990 0.006163425 0.999896049 0.013035989 -1.350730896 0.009563903 -0.013094584 0.999868453 41.753276825
0.999919116 -0.007282494 -0.010428799 0.598082423 0.007420829 0.999884188 0.013288154 -1.373688936 0.010330820 -0.013364471 0.999857306 42.326065063
0.999915361 -0.007469837 -0.010658359 0.617210746 0.007621268 0.999869585 0.014238494 -1.390974641 0.010550611 -0.014318517 0.999841809 42.853824615
0.999907732 -0.007482648 -0.011341871 0.622020245 0.007637079 0.999877930 0.013634435 -1.372908354 0.011238465 -0.013719795 0.999842703 43.417888641
0.999906063 -0.008330316 -0.010880408 0.615485728 0.008491213 0.999853969 0.014826251 -1.444838881 0.010755310 -0.014917246 0.999830902 44.005908966
0.999905527 -0.008540417 -0.010772074 0.611361504 0.008693063 0.999861300 0.014204194 -1.449750423 0.010649269 -0.014296493 0.999841094 44.547191620
0.999897778 -0.008866508 -0.011212295 0.623605967 0.009028242 0.999854684 0.014457255 -1.452907562 0.011082482 -0.014557004 0.999832571 45.091426849
0.999902964 -0.008866971 -0.010746305 0.626649499 0.009020669 0.999856412 0.014339222 -1.453636765 0.010617618 -0.014434769 0.999839425 45.611415863
0.999923468 -0.007444180 -0.009882247 0.622946918 0.007580772 0.999875247 0.013857180 -1.466559649 0.009777860 -0.013931035 0.999855101 46.112674713
0.999916077 -0.007700017 -0.010421555 0.630717993 0.007853409 0.999860287 0.014758694 -1.482123375 0.010306456 -0.014839299 0.999836743 46.637401581
0.999898016 -0.008374347 -0.011565908 0.801617146 0.008557430 0.999837339 0.015871735 -1.489958763 0.011431113 -0.015969090 0.999807060 47.007099152
0.999879122 -0.009325998 -0.012435145 0.837704539 0.009529538 0.999819815 0.016410677 -1.496256113 0.012279860 -0.016527191 0.999788046 47.491947174
0.999883950 -0.008793187 -0.012432821 0.824342370 0.009002565 0.999816835 0.016886301 -1.513673902 0.012282058 -0.016996264 0.999780178 48.076328278
0.999897540 -0.008938900 -0.011175329 0.796217322 0.009121683 0.999823630 0.016413426 -1.509814739 0.011026640 -0.016513681 0.999802828 48.626262665
0.999914050 -0.008006563 -0.010377819 0.779898047 0.008177845 0.999829292 0.016568553 -1.523542881 0.010243392 -0.016651995 0.999808848 49.200603485
0.999890685 -0.008737816 -0.011924747 0.796438038 0.008943413 0.999810278 0.017298235 -1.523004889 0.011771336 -0.017402990 0.999779284 49.750808716
0.999889016 -0.009226735 -0.011690484 0.804003894 0.009412266 0.999828994 0.015916012 -1.529103518 0.011541633 -0.016024278 0.999804974 50.250965118
0.999871135 -0.010095782 -0.012483316 0.806989074 0.010303994 0.999806881 0.016729005 -1.569123745 0.012312014 -0.016855473 0.999782264 50.957973480
0.999877334 -0.009667196 -0.012322034 0.810305953 0.009870049 0.999814928 0.016509332 -1.572146177 0.012160154 -0.016628925 0.999787748 51.509376526
0.999894857 -0.008559383 -0.011708551 0.789774835 0.008767345 0.999802649 0.017826967 -1.591986299 0.011553653 -0.017927742 0.999772549 52.051662445
0.999884069 -0.010046199 -0.011448403 0.755600989 0.010241544 0.999800742 0.017134007 -1.590745687 0.011273991 -0.017249266 0.999787688 52.620521545
0.999867380 -0.010338645 -0.012578490 0.811028004 0.010560279 0.999787867 0.017683195 -1.612552643 0.012393001 -0.017813686 0.999764502 53.149471283
0.999857008 -0.010646921 -0.013133802 0.816926420 0.010874368 0.999789953 0.017369850 -1.619208097 0.012946106 -0.017510192 0.999762893 53.689674377
0.999875546 -0.009887491 -0.012291508 0.788277924 0.010098500 0.999800682 0.017225124 -1.628909707 0.012118744 -0.017347107 0.999776065 54.229228973
0.999862790 -0.010441303 -0.012857307 0.800354481 0.010666367 0.999788880 0.017562360 -1.637328863 0.012671219 -0.017697092 0.999763131 54.753654480
0.999853015 -0.010706883 -0.013388220 0.856704593 0.010940589 0.999786913 0.017506497 -1.637711048 0.013197927 -0.017650399 0.999757111 55.303283691
0.999827147 -0.011800387 -0.014364997 0.881646931 0.012046481 0.999780059 0.017167300 -1.618924975 0.014159257 -0.017337382 0.999749482 55.880203247
0.999836206 -0.011610482 -0.013881888 0.843126118 0.011864807 0.999760568 0.018380933 -1.677942514 0.013665153 -0.018542631 0.999734700 56.303653717
0.999839425 -0.011778088 -0.013499324 0.843278050 0.012025488 0.999758422 0.018394671 -1.692794800 0.013279411 -0.018554054 0.999739647 56.849338531
0.999830127 -0.012042025 -0.013952992 0.844060540 0.012303235 0.999747753 0.018788736 -1.704325080 0.013723219 -0.018957211 0.999726117 57.393207550
0.999815285 -0.012662100 -0.014458294 0.861681700 0.012924391 0.999750853 0.018194180 -1.704904675 0.014224315 -0.018377686 0.999729931 57.959739685
0.999836564 -0.011720418 -0.013762752 0.874513447 0.011978971 0.999750435 0.018856751 -1.718572378 0.013538308 -0.019018535 0.999727488 58.507331848
0.999813557 -0.012591283 -0.014639077 0.882729769 0.012862937 0.999743998 0.018613240 -1.728251696 0.014400966 -0.018798070 0.999719560 58.967891693
0.999824226 -0.012191161 -0.014243175 0.878752708 0.012451367 0.999754488 0.018325290 -1.730850697 0.014016273 -0.018499415 0.999730587 59.513347626
0.999824464 -0.012273367 -0.014161215 0.899419188 0.012528176 0.999758601 0.018047230 -1.738058329 0.013936300 -0.018221477 0.999736845 60.064796448
0.999836922 -0.011555224 -0.013873782 0.883755624 0.011807002 0.999764562 0.018205097 -1.740391970 0.013660152 -0.018365936 0.999737978 60.597450256
0.999814332 -0.012484095 -0.014679869 0.904616535 0.012749883 0.999753892 0.018153515 -1.749820352 0.014449625 -0.018337311 0.999727428 61.119075775
0.999811590 -0.012254286 -0.015053854 0.917518318 0.012539331 0.999741077 0.018988891 -1.762315512 0.014817261 -0.019174077 0.999706388 61.575500488
0.999809086 -0.012589474 -0.014946347 0.917451143 0.012869451 0.999740720 0.018786022 -1.769613028 0.014705965 -0.018974785 0.999711812 62.113376617
0.999807239 -0.012925589 -0.014782551 0.923088193 0.013207742 0.999729395 0.019151200 -1.782911777 0.014531012 -0.019342752 0.999707341 62.669399261
0.999826491 -0.012074747 -0.014183517 0.886170149 0.012340017 0.999747753 0.018766414 -1.773478031 0.013953340 -0.018938184 0.999723315 63.239364624
0.999799848 -0.013278695 -0.014964930 0.915224791 0.013563883 0.999725342 0.019119557 -1.797371626 0.014706937 -0.019318715 0.999705195 63.684326172
0.999809325 -0.012757181 -0.014781564 0.914336801 0.013039574 0.999731302 0.019168118 -1.799255013 0.014533061 -0.019357212 0.999706984 64.240959167
0.999786854 -0.013729526 -0.015418994 0.927858055 0.014033356 0.999705970 0.019772619 -1.810212970 0.015142995 -0.019984784 0.999685526 64.800247192
0.999783158 -0.013884448 -0.015519471 0.932942748 0.014187108 0.999708056 0.019564891 -1.814244390 0.015243291 -0.019780824 0.999688089 65.348457336
0.999772191 -0.014655673 -0.015516365 0.932687998 0.014953170 0.999703288 0.019233862 -1.806524277 0.015229875 -0.019461501 0.999694586 65.848075867
0.999737918 -0.015919158 -0.016448701 0.943950415 0.016245529 0.999669909 0.019902293 -1.815273404 0.016126446 -0.020164298 0.999666572 66.242263794
0.999725878 -0.016546816 -0.016562259 0.944550633 0.016862148 0.999675691 0.019084463 -1.816281080 0.016241100 -0.019358510 0.999680698 66.793518066
0.999760270 -0.015194758 -0.015760448 0.915200233 0.015500843 0.999689937 0.019484201 -1.836367249 0.015459502 -0.019723831 0.999686003 67.309974670
0.999746978 -0.015662678 -0.016144840 0.936516881 0.015982730 0.999674439 0.019889170 -1.847132206 0.015828066 -0.020142173 0.999671876 67.856170654
0.999735415 -0.016142149 -0.016384022 0.931137323 0.016471017 0.999661446 0.020140100 -1.842929244 0.016053369 -0.020404635 0.999662936 68.364578247
0.999729455 -0.016215926 -0.016672295 0.935654879 0.016554844 0.999654889 0.020395249 -1.852973819 0.016335813 -0.020665737 0.999652922 68.856895447
0.999757946 -0.014957258 -0.016137790 0.939904690 0.015276987 0.999685824 0.019874642 -1.861946940 0.015835449 -0.020116368 0.999672234 69.402526855
0.999747813 -0.015608796 -0.016145213 0.963349938 0.015940435 0.999660313 0.020620540 -1.876194000 0.015817868 -0.020872705 0.999656975 69.917152405
0.999736011 -0.016258491 -0.016232207 0.955127239 0.016592896 0.999648392 0.020683652 -1.869750977 0.015890216 -0.020947535 0.999654233 70.452812195
0.999719024 -0.017391939 -0.016105711 0.959498048 0.017717592 0.999636889 0.020302825 -1.865603685 0.015746757 -0.020582480 0.999664128 70.978370667
0.999721944 -0.017042333 -0.016305542 0.926597595 0.017376998 0.999636590 0.020608122 -1.913494229 0.015948404 -0.020885732 0.999654651 71.527839661
0.999728382 -0.016664345 -0.016294930 0.922945976 0.016999444 0.999642313 0.020647077 -1.916469336 0.015945029 -0.020918470 0.999653995 72.099464417
0.999731719 -0.016162507 -0.016594850 0.933942318 0.016499804 0.999655843 0.020393757 -1.926971197 0.016259525 -0.020662092 0.999654293 72.642135620
0.999731660 -0.016435442 -0.016326942 0.932993531 0.016767330 0.999651194 0.020403078 -1.925404072 0.015985912 -0.020671360 0.999658465 73.194679260
0.999674261 -0.019337729 -0.016655669 0.963173032 0.019667163 0.999609530 0.019848084 -1.919542551 0.016265348 -0.020169187 0.999664247 73.822998047
0.999737203 -0.015647905 -0.016754612 1.047188520 0.016015474 0.999628961 0.022033472 -2.038041115 0.016403619 -0.022296017 0.999616802 74.055053711
0.999731839 -0.016125012 -0.016620310 1.052520871 0.016481368 0.999632239 0.021531999 -2.010587692 0.016266990 -0.021800146 0.999629974 74.461585999
0.999725580 -0.015783768 -0.017310422 1.053383231 0.016167739 0.999621212 0.022270568 -2.025533676 0.016952349 -0.022544328 0.999602139 74.980323792
0.999714494 -0.016846698 -0.016942857 1.072025180 0.017220981 0.999605358 0.022193208 -2.027181625 0.016562285 -0.022478644 0.999610126 75.497787476
0.999737859 -0.016334830 -0.016047806 1.025223374 0.016673263 0.999636471 0.021186572 -2.007008076 0.015695892 -0.021448590 0.999646723 76.110595703
0.999691606 -0.018513879 -0.016548956 1.053883076 0.018874535 0.999581754 0.021909583 -2.022089958 0.016136402 -0.022215180 0.999623001 76.588264465
0.999726176 -0.016255833 -0.016832123 1.052774191 0.016634621 0.999605894 0.022614101 -2.036306381 0.016457878 -0.022887906 0.999602675 77.076583862
0.999718070 -0.016215751 -0.017340912 1.065639973 0.016598158 0.999617040 0.022140799 -2.037554741 0.016975243 -0.022422388 0.999604404 77.623413086
0.999699295 -0.017155226 -0.017522816 1.076515317 0.017545469 0.999595940 0.022365194 -2.038137436 0.017132051 -0.022665916 0.999596238 78.141860962
0.999639869 -0.019003401 -0.018946286 1.104985714 0.019423550 0.999563992 0.022244174 -2.024448395 0.018515307 -0.022604167 0.999572992 78.678970337
0.999754906 -0.015154000 -0.016140586 1.039308786 0.015509274 0.999635160 0.022118263 -2.045247078 0.015799515 -0.022363171 0.999625027 79.232711792
0.999774694 -0.014959102 -0.015059767 1.069644094 0.015294801 0.999631464 0.022428414 -2.059432030 0.014718711 -0.022653697 0.999635041 79.698394775
0.999813259 -0.014526319 -0.012746562 1.054810405 0.014800414 0.999655485 0.021679144 -2.056760788 0.012427253 -0.021863753 0.999683797 80.261642456
0.999825597 -0.014651647 -0.011586340 1.046803474 0.014903340 0.999648213 0.021943985 -2.060954094 0.011260748 -0.022112835 0.999692082 80.809944153
0.999825180 -0.015433194 -0.010560345 1.053900838 0.015667737 0.999624074 0.022499552 -2.063473940 0.010209134 -0.022661073 0.999691129 81.289054871
0.999859750 -0.014521272 -0.008332889 1.104176283 0.014705398 0.999639273 0.022477901 -2.085342407 0.008003474 -0.022597287 0.999712527 81.807830811
0.999892116 -0.014007567 -0.004393313 1.117730856 0.014104507 0.999638915 0.022870667 -2.081604004 0.004071364 -0.022930164 0.999728799 82.346611023
0.999887407 -0.014903879 -0.001739915 1.141318917 0.014939077 0.999638259 0.022361415 -2.084126472 0.001406014 -0.022384886 0.999748468 82.858818054
0.999898374 -0.014026098 0.002543162 1.156262398 0.013964852 0.999645054 0.022683628 -2.091537476 -0.002860423 -0.022645809 0.999739468 83.411697388
0.999881744 -0.012309264 0.009211002 1.183715343 0.012089543 0.999649704 0.023541309 -2.122207165 -0.009497552 -0.023427170 0.999680400 83.890899658
0.999801397 -0.012695400 0.015358734 1.176939011 0.012330092 0.999644399 0.023650307 -2.112537622 -0.015653523 -0.023456246 0.999602318 84.376258850
0.999699354 -0.012824517 0.020896103 1.223319769 0.012330133 0.999645054 0.023618590 -2.110854149 -0.021191586 -0.023353837 0.999502599 84.898872375
0.999494255 -0.013141551 0.028956540 1.277721047 0.012471902 0.999653399 0.023186507 -2.110613823 -0.029251210 -0.022813637 0.999311745 85.514839172
0.999173164 -0.013015869 0.038516618 1.282953978 0.012107711 0.999645412 0.023718435 -2.108536959 -0.038811676 -0.023232475 0.998976469 86.002456665
0.998828232 -0.012783264 0.046676524 1.298412085 0.011681694 0.999648631 0.023797072 -2.099394560 -0.046964332 -0.023223929 0.998626471 86.528076172
0.998459280 -0.013380351 0.053850763 1.403915644 0.012125615 0.999648929 0.023559915 -2.137547016 -0.054147098 -0.022870643 0.998271048 87.152587891
0.997990966 -0.014590214 0.061653093 1.548295975 0.013200065 0.999650776 0.022895392 -2.077191830 -0.061965607 -0.022035569 0.997835040 87.646972656
0.997310281 -0.014174490 0.071911409 1.483994007 0.012468361 0.999631345 0.024119107 -2.127911329 -0.072226793 -0.023157619 0.997119308 88.152229309
0.996685088 -0.014034518 0.080136292 1.537372589 0.012169004 0.999644518 0.023720382 -2.123907328 -0.080440708 -0.022666570 0.996501684 88.728683472
0.995687902 -0.013744909 0.091742195 1.614712238 0.011572050 0.999640822 0.024174487 -2.136194468 -0.092041522 -0.023008602 0.995489359 89.251228333
0.994723022 -0.014229871 0.101605073 1.710140705 0.011773526 0.999624670 0.024734342 -2.151899338 -0.101918891 -0.023407571 0.994517267 89.791564941
0.993783593 -0.014000968 0.110444546 1.802633286 0.011249307 0.999611497 0.025498342 -2.178560495 -0.110758640 -0.024097405 0.993555129 90.274284363
0.992449760 -0.012974435 0.121963881 1.880935669 0.009860584 0.999610722 0.026099931 -2.179719448 -0.122255042 -0.024700239 0.992191315 90.843559265
0.990869284 -0.013460007 0.134152979 1.965961456 0.010096666 0.999618173 0.025719810 -2.176997423 -0.134447977 -0.024130469 0.990626812 91.357963562
0.989344358 -0.013278871 0.144987941 2.070369720 0.009660315 0.999624729 0.025633244 -2.177143335 -0.145273894 -0.023959475 0.989101350 91.905128479
0.987784863 -0.013015763 0.155278966 2.174234390 0.008988863 0.999605536 0.026607374 -2.195061445 -0.155564040 -0.024886580 0.987512290 92.438842773
0.985648453 -0.012489989 0.168348491 2.245371819 0.008179346 0.999621272 0.026274659 -2.187469959 -0.168612927 -0.024520595 0.985377312 92.925170898
0.983767152 -0.014487397 0.178864017 2.399682045 0.009761122 0.999580264 0.027275721 -2.199356079 -0.179184079 -0.025087051 0.983495593 93.371360779
0.981966913 -0.015484286 0.188418135 2.536246300 0.010618915 0.999584317 0.026804356 -2.195020437 -0.188754871 -0.024320196 0.981723011 93.894836426
0.979094505 -0.015088222 0.202845335 2.661607742 0.009918441 0.999600172 0.026478790 -2.190432549 -0.203163773 -0.023913335 0.978852630 94.448745728
0.976031840 -0.014815097 0.217123002 2.783086777 0.009135480 0.999589860 0.027139008 -2.194337130 -0.217436045 -0.024505015 0.975766897 94.938323975
0.973180115 -0.015721023 0.229506925 2.896127701 0.009708655 0.999580026 0.027302671 -2.219409704 -0.229839772 -0.024342217 0.972923994 95.436622620
0.970331132 -0.014774929 0.241328061 3.061416626 0.008299831 0.999578357 0.027825665 -2.218228817 -0.241637453 -0.024997126 0.970044613 96.002906799
0.966742218 -0.015075772 0.255308062 3.223730087 0.008190261 0.999574065 0.028011180 -2.213718653 -0.255621612 -0.024988549 0.966453910 96.532905579
0.963263214 -0.015170302 0.268130243 3.399793625 0.008125100 0.999592483 0.027365461 -2.213430166 -0.268436104 -0.024181556 0.962993920 97.060401917
0.959958494 -0.015969610 0.279686600 3.535537720 0.008445106 0.999569774 0.028087825 -2.212911844 -0.280014783 -0.024601161 0.959680438 97.547157288
0.955898464 -0.015455813 0.293290555 3.734439850 0.007479669 0.999571562 0.028297503 -2.220918417 -0.293602228 -0.024855820 0.955604494 98.041046143
0.951354504 -0.015159004 0.307725132 3.919595718 0.006496760 0.999553800 0.029154321 -2.225768566 -0.308029830 -0.025736880 0.951028526 98.549255371
0.947618544 -0.015084660 0.319047719 4.128055573 0.006297629 0.999572337 0.028555166 -2.219954014 -0.319341987 -0.025050165 0.947308362 99.071701050
0.943043530 -0.014833026 0.332338482 4.313241959 0.005559923 0.999568641 0.028836209 -2.229229927 -0.332622826 -0.025346024 0.942719221 99.584770203
0.937955678 -0.014624980 0.346446544 4.533857346 0.004865074 0.999566853 0.029024459 -2.219212770 -0.346720964 -0.025538171 0.937620580 100.117080688
0.933305144 -0.015743518 0.358739078 4.753009796 0.005545682 0.999551237 0.029438224 -2.242664337 -0.359041572 -0.025485398 0.932973564 100.675544739
0.928717136 -0.015199575 0.370477349 4.985139847 0.005023432 0.999583542 0.028417118 -2.231941462 -0.370755017 -0.024530394 0.928406715 101.201385498
0.923397601 -0.017019937 0.383467257 5.205291748 0.006231765 0.999549448 0.029358109 -2.214888573 -0.383794188 -0.024719529 0.923087716 101.592094421
0.918066204 -0.017652543 0.396033853 5.455097198 0.006463377 0.999541819 0.029569810 -2.212081432 -0.396374375 -0.024587328 0.917759657 102.092681885
0.913116276 -0.016455440 0.407366842 5.686489105 0.004876744 0.999554455 0.029445389 -2.212332964 -0.407669902 -0.024900446 0.912789702 102.593971252
0.907613516 -0.017127968 0.419457018 5.942249298 0.005367188 0.999559104 0.029202232 -2.210282564 -0.419772297 -0.024253037 0.907305241 103.080749512
0.901015103 -0.018339653 0.433399826 6.189010620 0.006254415 0.999551237 0.029294193 -2.212453365 -0.433742583 -0.023683852 0.900725424 103.551170349
0.894945681 -0.016857015 0.445856541 6.509376526 0.004300890 0.999565542 0.029158767 -2.201147795 -0.446154296 -0.024177937 0.894629359 104.111221313
0.889459014 -0.018476067 0.456641257 6.717823029 0.005090906 0.999521136 0.030525196 -2.219994068 -0.456986517 -0.024826195 0.889127076 104.492515564
0.881876767 -0.017669940 0.471148759 6.904266357 0.003608306 0.999521255 0.030732105 -2.213086605 -0.471466243 -0.025401883 0.881518245 104.909454346
0.874908388 -0.018477041 0.483935952 7.200393677 0.004164922 0.999521971 0.030632742 -2.215321064 -0.484270632 -0.024785286 0.874567151 105.380928040
0.868706048 -0.017969089 0.495001972 7.467617035 0.002874100 0.999507785 0.031239260 -2.209880114 -0.495319664 -0.025715051 0.868330181 105.861457825
