1.000000000 0.000000000 0.000000000 0.000000000 0.000000000 1.000000000 0.000000000 0.000000000 0.000000000 0.000000000 1.000000000 0.000000000
1.000000000 0.000004698 -0.000011453 0.000529770 -0.000004697 1.000000000 0.000033273 -0.001134151 0.000011453 -0.000033273 1.000000000 -0.001762675
1.000000000 0.000001949 -0.000003552 0.001186700 -0.000001949 1.000000000 0.000004795 -0.000767052 0.000003552 -0.000004795 1.000000000 -0.001403110
1.000000000 -0.000116337 -0.000112781 0.001961515 0.000116343 1.000000000 0.000054417 -0.001090233 0.000112775 -0.000054430 1.000000000 -0.003457202
1.000000000 -0.000113813 -0.000138828 0.000891734 0.000113810 1.000000000 -0.000022249 0.000570766 0.000138831 0.000022233 1.000000000 -0.000905586
1.000000000 -0.000089646 -0.000030292 0.000915911 0.000089647 1.000000000 0.000042773 -0.000180696 0.000030288 -0.000042776 1.000000000 -0.000610793
1.000000000 -0.000109832 -0.000034083 0.001185453 0.000109834 1.000000000 0.000046941 -0.001269145 0.000034078 -0.000046945 1.000000000 -0.001735080
1.000000000 -0.000008523 -0.000061616 0.000805586 0.000008525 1.000000000 0.000034553 -0.000138169 0.000061616 -0.000034553 1.000000000 -0.003456902
1.000000000 -0.000010297 0.000018297 0.000006710 0.000010297 1.000000000 -0.000004853 0.001154077 -0.000018297 0.000004853 1.000000000 0.000331153
1.000000000 0.000060550 -0.000009239 -0.001196251 -0.000060551 1.000000000 -0.000023969 0.001741625 0.000009237 0.000023970 1.000000000 -0.000790849
1.000000000 -0.000019170 -0.000047130 0.000129568 0.000019171 1.000000000 0.000017323 0.000177780 0.000047130 -0.000017324 1.000000000 -0.001968205
1.000000000 -0.000046681 -0.000020427 -0.000492724 0.000046680 1.000000000 -0.000071830 0.001205574 0.000020431 0.000071829 1.000000000 0.000353034
1.000000000 -0.000049594 -0.000010135 -0.001613631 0.000049594 1.000000000 -0.000004624 0.001660871 0.000010136 0.000004623 1.000000000 0.000180864
1.000000000 -0.000038120 -0.000030910 0.000063904 0.000038120 1.000000000 -0.000007181 0.000501751 0.000030910 0.000007180 1.000000000 -0.003363637
1.000000000 0.000037701 -0.000052531 0.002394661 -0.000037700 1.000000000 0.000019552 0.000382939 0.000052532 -0.000019550 1.000000000 -0.002358341
1.000000000 -0.000025471 -0.000030815 0.001508088 0.000025474 1.000000000 0.000077022 -0.000499921 0.000030813 -0.000077023 1.000000000 -0.005503526
1.000000000 -0.000035076 -0.000025726 0.000676254 0.000035076 1.000000000 -0.000003954 0.001018192 0.000025726 0.000003953 1.000000000 -0.002713828
1.000000000 0.000007875 -0.000043940 0.000811157 -0.000007873 1.000000000 0.000041839 -0.000035306 0.000043940 -0.000041838 1.000000000 -0.003826352
1.000000000 -0.000091431 -0.000050682 0.000581286 0.000091432 1.000000000 0.000011521 -0.000555858 0.000050681 -0.000011526 1.000000000 -0.003788022
1.000000000 -0.000134314 -0.000084674 0.001641298 0.000134315 1.000000000 0.000020324 0.000237079 0.000084672 -0.000020335 1.000000000 -0.003054238
1.000000000 -0.000121781 -0.000089675 0.001255280 0.000121783 1.000000000 0.000022930 0.000127892 0.000089672 -0.000022940 1.000000000 -0.004820844
1.000000000 -0.000021609 -0.000050687 0.002705652 0.000021611 1.000000000 0.000044203 -0.000085941 0.000050686 -0.000044204 1.000000000 -0.003257663
1.000000000 -0.000015832 -0.000093137 0.001470735 0.000015837 1.000000000 0.000057922 -0.000391865 0.000093136 -0.000057924 1.000000000 -0.002976296
1.000000000 -0.000182013 -0.000103103 0.000823820 0.000182016 1.000000000 0.000035084 -0.000059246 0.000103097 -0.000035103 1.000000000 -0.004292084
1.000000000 -0.000098598 -0.000095635 0.001870562 0.000098600 1.000000000 0.000017777 0.000912145 0.000095633 -0.000017786 1.000000000 -0.003236396
1.000000000 -0.000086081 -0.000030884 0.000921564 0.000086082 1.000000000 0.000024995 0.001073234 0.000030882 -0.000024998 1.000000000 -0.000600143
1.000000000 -0.000164991 -0.000131748 0.002386060 0.000165000 1.000000000 0.000071775 -0.000134955 0.000131736 -0.000071797 1.000000000 -0.004873943
0.999999940 -0.000245190 -0.000071345 0.001133662 0.000245191 0.999999940 0.000015407 0.000490911 0.000071341 -0.000015424 1.000000000 -0.003864018
1.000000000 -0.000043069 -0.000068240 0.001674760 0.000043074 1.000000000 0.000080954 -0.000318525 0.000068237 -0.000080957 1.000000000 -0.004445789
1.000000000 -0.000088687 -0.000094869 0.002289450 0.000088695 1.000000000 0.000079169 -0.000340975 0.000094862 -0.000079177 1.000000000 -0.003829447
1.000000000 -0.000105300 -0.000115141 0.001382041 0.000105302 1.000000000 0.000017466 0.000551321 0.000115139 -0.000017478 1.000000000 -0.002302850
0.999999940 -0.000239392 -0.000094253 0.002272549 0.000239399 0.999999940 0.000068531 0.000887284 0.000094237 -0.000068554 1.000000000 -0.002442075
1.000000000 -0.000126760 -0.000085216 0.001799676 0.000126758 1.000000000 -0.000024525 0.001142505 0.000085219 0.000024515 1.000000000 -0.002282756
1.000000000 -0.000100868 -0.000079949 0.000867705 0.000100870 1.000000000 0.000023045 0.000623981 0.000079946 -0.000023053 1.000000000 -0.003100851
0.999999940 -0.000209595 -0.000126770 0.001953501 0.000209606 1.000000000 0.000083869 -0.000444016 0.000126753 -0.000083896 1.000000000 -0.007076551
1.000000000 -0.000148295 -0.000072405 0.001202665 0.000148294 1.000000000 -0.000015003 0.000934009 0.000072407 0.000014993 1.000000000 -0.003191031
1.000000000 -0.000122554 -0.000129926 0.003659263 0.000122567 1.000000000 0.000099969 -0.000327053 0.000129913 -0.000099984 1.000000000 -0.006055271
1.000000000 -0.000201818 -0.000128580 0.001779992 0.000201825 1.000000000 0.000053728 -0.000080881 0.000128570 -0.000053754 1.000000000 -0.005137709
1.000000000 -0.000165562 -0.000102590 0.001725434 0.000165571 1.000000000 0.000090471 0.000333770 0.000102575 -0.000090488 1.000000000 -0.004159302
1.000000000 -0.000063707 -0.000158361 0.002686959 0.000063707 1.000000000 -0.000000018 -0.000741056 0.000158361 0.000000008 1.000000000 -0.002303455
1.000000000 -0.000197550 -0.000095645 0.002471984 0.000197495 0.999999821 -0.000566520 -0.001030453 0.000095757 0.000566501 0.999999821 0.044747900
0.999999940 -0.000094808 -0.000227704 0.004480609 0.000094556 0.999999404 -0.001109069 -0.005457567 0.000227809 0.001109047 0.999999344 0.134992421
1.000000000 -0.000107882 -0.000122732 0.004901863 0.000107704 0.999998927 -0.001446131 -0.006604359 0.000122888 0.001446117 0.999998927 0.252705991
1.000000000 -0.000094812 -0.000107832 0.007389350 0.000094654 0.999998927 -0.001465773 -0.012189624 0.000107971 0.001465762 0.999998927 0.385911077
1.000000000 0.000154365 -0.000075096 0.009939137 -0.000154456 0.999999225 -0.001214576 -0.015514513 0.000074908 0.001214588 0.999999285 0.519226432
1.000000000 -0.000107014 0.000005673 0.013467895 0.000107019 0.999999464 -0.001036192 -0.020737303 -0.000005562 0.001036192 0.999999464 0.683640718
1.000000000 -0.000140216 -0.000028966 0.019784724 0.000140191 0.999999642 -0.000865238 -0.026135609 0.000029088 0.000865234 0.999999642 0.841109276
0.999999940 0.000222016 0.000155492 0.018787595 -0.000221901 0.999999702 -0.000741353 -0.026276173 -0.000155656 0.000741319 0.999999702 1.016672730
1.000000000 0.000048975 -0.000111029 0.028445041 -0.000049047 0.999999762 -0.000646918 -0.034153610 0.000110997 0.000646923 0.999999762 1.189418912
1.000000000 0.000116278 -0.000001654 0.034639943 -0.000116278 0.999999881 -0.000419771 -0.039901890 0.000001605 0.000419772 0.999999940 1.366263747
1.000000000 0.000223463 -0.000071419 0.036823001 -0.000223485 0.999999940 -0.000309854 -0.048319459 0.000071350 0.000309870 0.999999940 1.556061149
0.999999940 -0.000002959 0.000269264 0.036812488 0.000002980 1.000000000 -0.000079573 -0.059036825 -0.000269264 0.000079573 0.999999940 1.758400440
0.999999881 -0.000343058 -0.000141975 0.045327749 0.000343052 0.999999881 -0.000039368 -0.066483110 0.000141989 0.000039319 1.000000000 1.952102304
0.999999940 0.000034320 0.000121359 0.042081527 -0.000034312 0.999999940 -0.000067778 -0.071596898 -0.000121361 0.000067774 1.000000000 2.166252375
0.999999821 -0.000341870 -0.000393609 0.053186819 0.000341938 0.999999940 0.000173027 -0.076947659 0.000393550 -0.000173162 1.000000000 2.385118723
1.000000000 -0.000212765 -0.000147515 0.060701676 0.000212787 1.000000000 0.000146850 -0.084240690 0.000147484 -0.000146882 1.000000000 2.601038933
0.999999702 -0.000751617 -0.000023415 0.057503697 0.000751628 0.999999583 0.000463078 -0.098465070 0.000023067 -0.000463095 0.999999881 2.829717159
0.999999702 -0.000698537 0.000085515 0.059767436 0.000698494 0.999999583 0.000510653 -0.100703679 -0.000085872 -0.000510593 0.999999821 3.067401886
0.999999702 -0.000761907 -0.000082835 0.065997884 0.000761947 0.999999523 0.000474320 -0.108517244 0.000082474 -0.000474383 0.999999821 3.307520866
0.999999940 -0.000383945 0.000155541 0.068763144 0.000383807 0.999999464 0.000885156 -0.123511329 -0.000155880 -0.000885096 0.999999583 3.564233303
1.000000000 -0.000002297 -0.000022796 0.075562224 0.000002319 0.999999464 0.000973890 -0.131245077 0.000022793 -0.000973890 0.999999464 3.813041449
0.999999940 -0.000269791 0.000168944 0.078923948 0.000269610 0.999999404 0.001067686 -0.137293056 -0.000169232 -0.001067641 0.999999404 4.084931850
0.999999881 0.000170124 0.000572381 0.076523297 -0.000170891 0.999999106 0.001340781 -0.141928598 -0.000572152 -0.001340879 0.999998927 4.347699642
0.999999821 -0.000509355 0.000385214 0.080338009 0.000508695 0.999998391 0.001711934 -0.159553811 -0.000386085 -0.001711737 0.999998450 4.584933281
0.999999702 -0.000539090 0.000652446 0.087991260 0.000537821 0.999997914 0.001942798 -0.169559419 -0.000653492 -0.001942446 0.999997914 4.844758034
0.999999821 -0.000490610 0.000457545 0.095043927 0.000489668 0.999997735 0.002056640 -0.176719218 -0.000458553 -0.002056415 0.999997735 5.106742382
0.999999642 -0.000636758 0.000558821 0.093923137 0.000635653 0.999997795 0.001976533 -0.184024855 -0.000560078 -0.001976177 0.999997795 5.366113663
0.999999762 -0.000582323 0.000311814 0.104365937 0.000581803 0.999998450 0.001666285 -0.193207845 -0.000312784 -0.001666103 0.999998569 5.639768124
0.999999821 -0.000390952 0.000271384 0.107497029 0.000390505 0.999998629 0.001644955 -0.199934155 -0.000272027 -0.001644848 0.999998629 5.914479733
0.999999702 -0.000578797 0.000242909 0.113450713 0.000578380 0.999998391 0.001714093 -0.211040735 -0.000243900 -0.001713952 0.999998510 6.185999870
0.999999702 -0.000581686 0.000305183 0.117222652 0.000581134 0.999998152 0.001805581 -0.212957278 -0.000306233 -0.001805403 0.999998331 6.489482880
0.999999702 -0.000307593 0.000630163 0.111456759 0.000306432 0.999998271 0.001842542 -0.224663243 -0.000630729 -0.001842349 0.999998093 6.764110088
0.999999762 0.000074394 0.000580288 0.127198145 -0.000075500 0.999998152 0.001905700 -0.233497009 -0.000580145 -0.001905744 0.999998033 7.043228149
0.999999762 -0.000030880 0.000674852 0.130141035 0.000029393 0.999997556 0.002202579 -0.260887146 -0.000674918 -0.002202558 0.999997318 7.316414356
0.999999881 -0.000011725 0.000491295 0.138868377 0.000010731 0.999997973 0.002021966 -0.267931968 -0.000491318 -0.002021960 0.999997854 7.635620117
0.999999762 -0.000279631 0.000562245 0.148395881 0.000278397 0.999997497 0.002193053 -0.284507841 -0.000562857 -0.002192896 0.999997437 7.947487354
0.999999821 -0.000194077 0.000626273 0.147527516 0.000192563 0.999997079 0.002416777 -0.285948217 -0.000626740 -0.002416656 0.999996901 8.272191048
0.999999821 -0.000471937 0.000422364 0.160534903 0.000470943 0.999997139 0.002351046 -0.296372980 -0.000423472 -0.002350847 0.999997079 8.588423729
0.999999404 0.000414139 0.000933280 0.159054160 -0.000416323 0.999997139 0.002341430 -0.306752235 -0.000932308 -0.002341817 0.999996841 8.934603691
0.999999285 0.000473159 0.001095930 0.154007688 -0.000475997 0.999996543 0.002589860 -0.317472845 -0.001094701 -0.002590379 0.999996006 9.215206146
0.999999225 0.000508925 0.001150604 0.157247171 -0.000511836 0.999996722 0.002530819 -0.323942184 -0.001149312 -0.002531406 0.999996185 9.563277245
0.999999404 0.000471141 0.000993956 0.170065284 -0.000473969 0.999995887 0.002847119 -0.336899906 -0.000992611 -0.002847589 0.999995470 9.911080360
0.999999106 0.000467348 0.001257775 0.169441998 -0.000470768 0.999996185 0.002719800 -0.343883753 -0.001256499 -0.002720390 0.999995530 10.271162987
0.999999642 -0.000221954 0.000782644 0.191276997 0.000219709 0.999995828 0.002867469 -0.363146514 -0.000783277 -0.002867296 0.999995530 10.612483025
0.999999464 -0.000624396 0.000822683 0.198304981 0.000621919 0.999995291 0.003007000 -0.370718241 -0.000824556 -0.003006487 0.999995112 10.982419014
0.999999404 -0.000672729 0.000766734 0.205997109 0.000670558 0.999995708 0.002827052 -0.381663412 -0.000768632 -0.002826537 0.999995708 11.368144989
0.999999642 0.000133295 0.000862606 0.218132719 -0.000136396 0.999993503 0.003595424 -0.404718608 -0.000862121 -0.003595540 0.999993145 11.694101334
0.999999821 -0.000213108 0.000625253 0.230039671 0.000210687 0.999992490 0.003869921 -0.417748660 -0.000626073 -0.003869788 0.999992311 12.085397720
0.999999642 -0.000301927 0.000802236 0.237829253 0.000298758 0.999992192 0.003946349 -0.426419973 -0.000803421 -0.003946109 0.999991894 12.468731880
0.999999821 -0.000239618 0.000510430 0.252285868 0.000237435 0.999990821 0.004272870 -0.442260206 -0.000511449 -0.004272748 0.999990702 12.835719109
0.999999583 0.000033187 0.000818287 0.247845441 -0.000036595 0.999991298 0.004165037 -0.457016110 -0.000818142 -0.004165066 0.999990940 13.221725464
0.999999404 -0.000500754 0.000935287 0.261590838 0.000496844 0.999991119 0.004176368 -0.465352565 -0.000937370 -0.004175901 0.999990821 13.628156662
0.999998450 0.000445785 0.001713986 0.265028417 -0.000453284 0.999990344 0.004377178 -0.477955014 -0.001712018 -0.004377949 0.999988973 14.055315971
0.999998391 0.000572405 0.001721079 0.271039307 -0.000580098 0.999989748 0.004472584 -0.489547729 -0.001718502 -0.004473575 0.999988556 14.475616455
0.999998689 -0.000507137 0.001521302 0.282046348 0.000499952 0.999988735 0.004719545 -0.518686771 -0.001523679 -0.004718780 0.999987721 14.890741348
0.999998450 -0.000747256 0.001558879 0.293550372 0.000739708 0.999988079 0.004836921 -0.530473650 -0.001562475 -0.004835761 0.999987125 15.317631721
0.999997735 -0.000243521 0.002061070 0.301684558 0.000233023 0.999987006 0.005091801 -0.544538856 -0.002062283 -0.005091310 0.999984920 15.749171257
0.999996960 -0.000094113 0.002456837 0.315247238 0.000081163 0.999986053 0.005270466 -0.561777711 -0.002457299 -0.005270250 0.999983072 16.177606583
0.999996781 -0.000255573 0.002567624 0.315313220 0.000242815 0.999987543 0.004968001 -0.579489887 -0.002568862 -0.004967361 0.999984384 16.588186264
0.999996305 -0.000316144 0.002679127 0.328398734 0.000302713 0.999987304 0.005011933 -0.590648293 -0.002680678 -0.005011105 0.999983907 17.047687531
0.999995828 -0.000735373 0.002793581 0.346970081 0.000719023 0.999982595 0.005849041 -0.609270155 -0.002797834 -0.005847008 0.999979019 17.498916626
0.999995410 -0.000825932 0.002914689 0.362123102 0.000810077 0.999984920 0.005436742 -0.621988416 -0.002919135 -0.005434355 0.999980927 17.956491470
0.999993682 -0.000999668 0.003417786 0.361119241 0.000978410 0.999980211 0.006215809 -0.634618223 -0.003423932 -0.006212426 0.999974787 18.451162338
0.999992371 -0.000725694 0.003856974 0.369490385 0.000700959 0.999979317 0.006410470 -0.649246335 -0.003861547 -0.006407717 0.999971986 18.911283493
0.999992788 -0.000985203 0.003653425 0.387416601 0.000962695 0.999980569 0.006157349 -0.654803574 -0.003659420 -0.006153788 0.999974430 19.387460709
0.999993086 -0.000574563 0.003663042 0.398329884 0.000550517 0.999978304 0.006562150 -0.676816523 -0.003666733 -0.006560089 0.999971807 19.874746323
0.999993563 -0.001861206 0.003050460 0.413444877 0.001838612 0.999970973 0.007392745 -0.723239481 -0.003064130 -0.007387090 0.999967992 20.330263138
0.999994338 -0.002026486 0.002691149 0.425672174 0.002006324 0.999970078 0.007473669 -0.737696946 -0.002706214 -0.007468228 0.999968410 20.814949036
0.999996066 -0.002023411 0.001964607 0.437429756 0.002009045 0.999971449 0.007287331 -0.742484033 -0.001979297 -0.007283357 0.999971449 21.320285797
0.999997675 -0.001636231 0.001409478 0.452023566 0.001625960 0.999972343 0.007257915 -0.761507452 -0.001421315 -0.007255607 0.999972641 21.793964386
0.999995470 -0.002692475 0.001347165 0.439650893 0.002681697 0.999964893 0.007938822 -0.778645933 -0.001368493 -0.007935174 0.999967515 22.314790726
0.999995470 -0.002797172 0.001106382 0.447297394 0.002788610 0.999966741 0.007666268 -0.786119819 -0.001127788 -0.007663149 0.999970019 22.839094162
0.999994576 -0.003270271 0.000413279 0.459765792 0.003266921 0.999963760 0.007862320 -0.801030993 -0.000438976 -0.007860928 0.999968946 23.368604660
0.999988914 -0.004716821 -0.000284464 0.482370049 0.004718900 0.999958396 0.007813088 -0.814330220 0.000247599 -0.007814344 0.999969482 23.857667923
0.999995410 -0.002965165 -0.000643425 0.467396528 0.002970452 0.999960482 0.008377887 -0.829907775 0.000618558 -0.008379759 0.999964714 24.339971542
0.999995291 -0.002617959 -0.001581211 0.477326810 0.002631775 0.999957740 0.008799910 -0.839176774 0.001558106 -0.008804029 0.999960124 24.873769760
0.999996305 -0.001828328 -0.002030213 0.485290557 0.001845246 0.999963343 0.008362901 -0.845307469 0.002014848 -0.008366616 0.999963045 25.403415680
0.999992430 -0.002909821 -0.002594909 0.496916801 0.002931104 0.999961793 0.008236067 -0.857254207 0.002570844 -0.008243608 0.999962747 25.935205460
0.999992490 -0.002973725 -0.002483065 0.494868100 0.002996432 0.999953270 0.009191561 -0.886410594 0.002455616 -0.009198933 0.999954641 26.485990524
0.999989986 -0.002967188 -0.003350154 0.516342342 0.002999286 0.999949217 0.009616933 -0.902853549 0.003321448 -0.009626885 0.999948144 27.037870407
0.999989748 -0.002447651 -0.003804167 0.515013099 0.002483632 0.999951959 0.009482543 -0.912506461 0.003780774 -0.009491894 0.999947846 27.611724854
0.999989510 -0.002009546 -0.004106565 0.535400510 0.002047290 0.999955535 0.009207798 -0.925634265 0.004087879 -0.009216111 0.999949217 28.112073898
0.999987543 -0.002578310 -0.004274085 0.508954465 0.002619860 0.999949038 0.009744453 -0.957220554 0.004248743 -0.009755529 0.999943316 28.614543915
0.999986172 -0.002274801 -0.004738587 0.520523429 0.002319823 0.999952018 0.009517554 -0.967789888 0.004716710 -0.009528416 0.999943495 29.157146454
0.999981463 -0.003301371 -0.005115866 0.520790100 0.003352521 0.999944091 0.010022142 -0.983668387 0.005082495 -0.010039108 0.999936640 29.687177658
0.999981880 -0.003065225 -0.005172641 0.538377285 0.003117253 0.999944329 0.010080389 -0.997396111 0.005141455 -0.010096332 0.999935806 30.231954575
0.999977231 -0.003441047 -0.005801431 0.532094359 0.003500129 0.999941826 0.010204796 -1.017179012 0.005765977 -0.010224869 0.999931097 30.742376328
0.999972582 -0.003501204 -0.006526050 0.543428183 0.003566350 0.999943733 0.009997616 -1.030685425 0.006490679 -0.010020614 0.999928713 31.272380829
0.999971390 -0.003584185 -0.006660178 0.561717927 0.003650829 0.999943197 0.010021236 -1.044724822 0.006623881 -0.010045265 0.999927580 31.821414948
0.999970436 -0.003988764 -0.006574428 0.562814713 0.004056955 0.999937773 0.010391571 -1.053123355 0.006532569 -0.010417935 0.999924421 32.336120605
0.999965966 -0.003989988 -0.007230771 0.573749483 0.004066220 0.999935925 0.010558794 -1.066073775 0.007188178 -0.010587835 0.999918163 32.879962921
0.999971926 -0.003375705 -0.006694942 0.572333694 0.003444424 0.999941170 0.010279487 -1.070547462 0.006659848 -0.010302258 0.999924779 33.425594330
0.999968350 -0.003707387 -0.007058871 0.578318119 0.003783188 0.999934971 0.010755541 -1.091067314 0.007018539 -0.010781905 0.999917209 33.953533173
0.999961793 -0.004333416 -0.007595801 0.596512258 0.004413827 0.999933958 0.010601507 -1.100160718 0.007549360 -0.010634626 0.999914944 34.499824524
0.999966085 -0.003664569 -0.007388140 0.596616209 0.003743997 0.999935031 0.010765693 -1.106986046 0.007348209 -0.010792988 0.999914765 35.055538177
0.999964237 -0.003466155 -0.007714194 0.611512244 0.003545344 0.999940932 0.010275479 -1.109721065 0.007678122 -0.010302463 0.999917448 35.579330444
0.999963224 -0.003811148 -0.007682399 0.606994510 0.003893990 0.999934077 0.010797446 -1.142229319 0.007640742 -0.010826963 0.999912202 36.085529327
0.999957144 -0.004081735 -0.008313389 0.618617773 0.004171530 0.999932826 0.010812626 -1.151239276 0.008268697 -0.010846841 0.999906957 36.631069183
0.999959767 -0.003566642 -0.008232280 0.625407815 0.003655565 0.999934912 0.010812065 -1.166876078 0.008193181 -0.010841723 0.999907672 37.176773071
0.999961793 -0.003475376 -0.008013666 0.623723030 0.003563059 0.999933660 0.010953441 -1.178989172 0.007975066 -0.010981577 0.999907851 37.697208405
0.999955833 -0.003526175 -0.008712742 0.640511394 0.003623828 0.999930501 0.011217896 -1.207388520 0.008672580 -0.011248972 0.999899089 38.237064362
0.999948680 -0.004452740 -0.009103251 0.649104834 0.004555852 0.999925375 0.011337764 -1.216479778 0.009052088 -0.011378656 0.999894261 38.783393860
0.999950528 -0.004139523 -0.009048679 0.658173323 0.004244258 0.999923885 0.011586151 -1.230295658 0.009000029 -0.011623982 0.999891937 39.316295624
0.999950945 -0.003835868 -0.009126086 0.650268316 0.003943099 0.999922991 0.011761154 -1.265372038 0.009080268 -0.011796562 0.999889195 39.852661133
0.999952972 -0.003647659 -0.008981001 0.655313015 0.003748494 0.999929905 0.011236577 -1.271969557 0.008939383 -0.011269715 0.999896586 40.410781860
0.999951303 -0.003668142 -0.009166900 0.661433935 0.003777126 0.999922097 0.011899934 -1.285212755 0.009122535 -0.011933977 0.999887168 40.944393158
0.999954402 -0.003299484 -0.008958604 0.665744901 0.003399738 0.999931455 0.011198713 -1.291962862 0.008921041 -0.011228657 0.999897182 41.487831116
0.999953628 -0.003145580 -0.009105095 0.666285992 0.003246793 0.999932885 0.011122667 -1.283933043 0.009069497 -0.011151711 0.999896705 41.942527771
0.999949515 -0.003358302 -0.009479063 0.680916131 0.003465471 0.999929965 0.011312101 -1.294637680 0.009440410 -0.011344377 0.999891162 42.487709045
0.999941111 -0.003943607 -0.010120451 0.693280220 0.004057526 0.999928296 0.011260588 -1.301391125 0.010075320 -0.011300986 0.999885440 43.036304474
0.999948442 -0.003319318 -0.009600979 0.691708446 0.003422236 0.999936640 0.010722981 -1.310986996 0.009564779 -0.010755286 0.999896467 43.584262848
0.999946535 -0.003490496 -0.009731302 0.691497564 0.003606296 0.999922574 0.011907681 -1.339235067 0.009688986 -0.011942139 0.999881744 44.082530975
0.999947190 -0.003068233 -0.009811503 0.699962795 0.003182385 0.999927163 0.011640158 -1.347749472 0.009775075 -0.011670767 0.999884069 44.637336731
0.999937713 -0.004042081 -0.010407900 0.711156428 0.004168382 0.999917626 0.012142201 -1.358896017 0.010357962 -0.012184829 0.999872148 45.175579071
0.999944329 -0.003717282 -0.009873861 0.694834888 0.003834429 0.999922156 0.011872043 -1.383555293 0.009828960 -0.011909242 0.999880731 45.669727325
0.999946654 -0.003317482 -0.009788116 0.698765993 0.003435051 0.999921858 0.012019072 -1.391648054 0.009747477 -0.012052053 0.999879897 46.226676941
0.999944210 -0.003297914 -0.010030311 0.706183314 0.003419855 0.999920189 0.012164549 -1.404890656 0.009989391 -0.012198171 0.999875724 46.782894135
0.999942541 -0.003636601 -0.010079641 0.723274112 0.003754628 0.999924302 0.011715410 -1.411009073 0.010036274 -0.011752583 0.999880552 47.273700714
0.999949932 -0.003139556 -0.009498849 0.710304499 0.003261025 0.999912739 0.012799384 -1.440677285 0.009457836 -0.012829718 0.999872923 47.774200439
0.999949336 -0.002953683 -0.009618623 0.718021750 0.003074627 0.999916017 0.012583550 -1.449363112 0.009580649 -0.012612485 0.999874532 48.324832916
0.999949455 -0.002760862 -0.009661565 0.731880903 0.002880895 0.999918580 0.012431973 -1.455429792 0.009626456 -0.012459179 0.999876022 48.858966827
0.999953926 -0.002384972 -0.009291728 0.730378509 0.002503709 0.999915123 0.012788218 -1.469152927 0.009260438 -0.012810894 0.999875009 49.368198395
0.999950349 -0.002517972 -0.009639238 0.736643314 0.002637808 0.999919116 0.012439661 -1.483819366 0.009607135 -0.012464469 0.999876142 49.847442627
0.999946713 -0.002982364 -0.009881716 0.738629460 0.003107345 0.999915063 0.012656565 -1.492678404 0.009843131 -0.012686595 0.999871075 50.397644043
0.999943674 -0.003052282 -0.010167908 0.753777325 0.003183646 0.999911368 0.012928487 -1.509116173 0.010127546 -0.012960131 0.999864697 50.936008453
0.999943972 -0.003136751 -0.010106578 0.763833404 0.003266234 0.999912441 0.012820784 -1.526187897 0.010065476 -0.012853076 0.999866724 51.480400085
0.999944687 -0.003115263 -0.010044119 0.756415129 0.003245766 0.999910295 0.013003010 -1.522983789 0.010002711 -0.013034895 0.999864936 51.973560333
0.999941766 -0.003035730 -0.010355244 0.765425146 0.003168892 0.999912143 0.012867345 -1.533003092 0.010315275 -0.012899413 0.999863505 52.516563416
0.999944091 -0.002847467 -0.010184160 0.776022732 0.002980461 0.999910176 0.013067642 -1.546281576 0.010146035 -0.013097265 0.999862731 53.015178680
0.999950588 -0.001917459 -0.009756682 0.770998299 0.002044568 0.999912977 0.013034561 -1.552116632 0.009730840 -0.013053864 0.999867439 53.564662933
0.999950826 -0.002334283 -0.009639460 0.769278586 0.002464273 0.999905884 0.013495420 -1.585655689 0.009607051 -0.013518509 0.999862432 54.038959503
0.999951303 -0.002044830 -0.009664700 0.774122655 0.002170890 0.999912500 0.013050904 -1.588160992 0.009637168 -0.013071248 0.999868155 54.585235596
0.999947190 -0.003057443 -0.009811270 0.780298829 0.003188432 0.999905646 0.013363129 -1.589193106 0.009769487 -0.013393707 0.999862552 55.077522278
0.999950171 -0.002451625 -0.009679646 0.794127107 0.002575955 0.999913990 0.012852955 -1.597668767 0.009647303 -0.012877249 0.999870539 55.682968140
0.999955297 -0.002205183 -0.009188883 0.795547783 0.002322928 0.999915123 0.012822978 -1.598822117 0.009159827 -0.012843751 0.999875605 56.166027069
0.999953866 -0.002697104 -0.009219629 0.800240993 0.002818376 0.999909401 0.013166149 -1.614693403 0.009183283 -0.013191527 0.999870837 56.724670410
0.999945581 -0.003346718 -0.009879007 0.795491159 0.003474739 0.999909759 0.012970255 -1.618748188 0.009834710 -0.013003876 0.999867082 57.197669983
0.999949396 -0.002819599 -0.009657411 0.808574080 0.002937113 0.999921501 0.012175727 -1.599158049 0.009622323 -0.012203475 0.999879241 57.893939972
0.999941289 -0.003131019 -0.010367734 0.816435993 0.003266018 0.999909759 0.013029885 -1.641023874 0.010326002 -0.013062981 0.999861419 58.272521973
0.999944091 -0.003050166 -0.010127180 0.827055097 0.003181108 0.999911189 0.012938897 -1.647008657 0.010086816 -0.012970387 0.999865055 58.809467316
0.999941289 -0.003484422 -0.010262646 0.822809100 0.003616110 0.999911010 0.012841281 -1.653808117 0.010216988 -0.012877638 0.999864876 59.298278809
0.999939978 -0.003540607 -0.010372565 0.831273913 0.003673583 0.999911010 0.012829115 -1.664092064 0.010326219 -0.012866450 0.999863863 59.851402283
0.999940753 -0.003530921 -0.010300377 0.847320437 0.003666004 0.999907136 0.013125059 -1.670191050 0.010253078 -0.013162043 0.999860764 60.399230957
0.999940276 -0.003141226 -0.010474580 0.850818396 0.003280795 0.999905765 0.013334059 -1.684720755 0.010431707 -0.013367627 0.999856174 60.934600830
0.999936163 -0.003813644 -0.010632515 0.867555916 0.003958340 0.999899447 0.013621187 -1.708234072 0.010579498 -0.013662404 0.999850631 61.445705414
0.999936998 -0.003575813 -0.010644019 0.862622976 0.003717569 0.999904275 0.013328119 -1.698383451 0.010595340 -0.013366848 0.999854445 62.014701843
0.999922156 -0.004110281 -0.011782327 0.903008103 0.004262026 0.999907911 0.012882997 -1.734968185 0.011728291 -0.012932211 0.999847591 62.492607117
0.999926329 -0.003995372 -0.011461132 0.901525438 0.004139158 0.999912679 0.012549397 -1.738422275 0.011409993 -0.012595913 0.999855578 63.036323547
0.999919593 -0.004571241 -0.011833418 0.905062735 0.004718450 0.999911368 0.012442210 -1.744742751 0.011775494 -0.012497045 0.999852538 63.584186554
0.999932706 -0.003144402 -0.011167383 0.895847380 0.003282383 0.999918222 0.012358932 -1.754810810 0.011127608 -0.012394754 0.999861300 64.128723145
0.999922693 -0.004060536 -0.011754272 0.950251818 0.004206622 0.999913812 0.012430369 -1.761896849 0.011702785 -0.012478853 0.999853671 64.566062927
0.999922812 -0.004070066 -0.011741476 0.952140808 0.004215854 0.999913871 0.012418463 -1.769273043 0.011689922 -0.012467003 0.999853969 65.123039246
0.999914050 -0.004618626 -0.012272380 0.959439993 0.004767447 0.999915063 0.012125093 -1.778367996 0.012215335 -0.012182559 0.999851167 65.655342102
0.999925792 -0.003934011 -0.011533318 0.938904583 0.004074071 0.999917924 0.012145664 -1.787474394 0.011484590 -0.012191751 0.999859691 66.142097473
0.999924719 -0.003920918 -0.011622820 0.966161966 0.004067828 0.999911785 0.012643149 -1.809219837 0.011572223 -0.012689478 0.999852598 66.702835083
0.999922633 -0.002894285 -0.012109501 0.969487071 0.003041506 0.999921501 0.012156722 -1.814407825 0.012073368 -0.012192611 0.999852777 67.223564148
0.999914944 -0.003769127 -0.012493065 0.980364680 0.003918641 0.999920726 0.011964916 -1.819135666 0.012446977 -0.012012853 0.999850333 67.774078369
0.999916971 -0.003420917 -0.012430183 0.990954280 0.003571946 0.999919772 0.012148356 -1.834318995 0.012387629 -0.012191745 0.999848962 68.316078186
0.999920905 -0.003316916 -0.012142533 0.981741011 0.003463485 0.999921143 0.012069663 -1.836762309 0.012101544 -0.012110761 0.999853432 68.832855225
0.999922156 -0.003288225 -0.012039424 0.996941745 0.003437292 0.999917448 0.012381895 -1.850255013 0.011997717 -0.012422313 0.999850869 69.430633545
0.999909222 -0.004860241 -0.012564918 0.999085605 0.005014970 0.999911547 0.012312274 -1.864372730 0.012503965 -0.012374169 0.999845266 69.883506775
0.999905765 -0.004444122 -0.012987141 1.002444506 0.004604504 0.999913096 0.012345584 -1.870174408 0.012931148 -0.012404221 0.999839425 70.439453125
0.999907553 -0.004320323 -0.012890012 1.003637552 0.004475277 0.999917805 0.012016685 -1.874879360 0.012837037 -0.012073264 0.999844730 71.001861572
0.999916494 -0.003878117 -0.012325827 1.004182696 0.004030793 0.999915183 0.012386108 -1.898144960 0.012276747 -0.012434757 0.999847293 71.500732422
0.999925435 -0.002834597 -0.011870040 1.018332481 0.002979769 0.999920726 0.012230396 -1.926274300 0.011834431 -0.012264855 0.999854684 72.054565430
0.999929667 -0.002788205 -0.011524648 0.983315825 0.002935701 0.999913752 0.012801300 -1.919412136 0.011487961 -0.012834230 0.999851644 72.596015930
0.999929965 -0.002824360 -0.011489512 0.987091720 0.002968497 0.999916911 0.012547427 -1.926350713 0.011453116 -0.012580654 0.999855280 73.140754700
0.999936283 -0.002290891 -0.011048755 0.982382298 0.002428138 0.999919891 0.012424648 -1.932447195 0.011019404 -0.012450683 0.999861777 73.683975220
0.999925196 -0.003490804 -0.011723364 1.000557423 0.003645211 0.999906540 0.013175518 -1.951992035 0.011676274 -0.013217267 0.999844491 74.138214111
0.999935627 -0.002198581 -0.011135231 1.002038240 0.002336848 0.999920130 0.012419297 -1.948182821 0.011107037 -0.012444517 0.999860823 74.731666565
0.999933898 -0.002159405 -0.011290388 0.992212176 0.002288717 0.999931753 0.011452940 -1.962927938 0.011264886 -0.011478024 0.999870658 75.227790833
0.999929428 -0.002450946 -0.011624979 1.001004577 0.002588399 0.999926746 0.011823711 -1.975229740 0.011595148 -0.011852968 0.999862492 75.763648987
0.999926090 -0.002803957 -0.011825929 1.005682707 0.002943530 0.999926031 0.011801410 -1.988267183 0.011791964 -0.011835348 0.999860466 76.290176392
0.999931514 -0.002735225 -0.011373460 1.010785818 0.002867538 0.999928236 0.011633468 -1.988766909 0.011340825 -0.011665286 0.999867618 76.845100403
0.999936342 -0.002627691 -0.010980201 1.011648655 0.002757921 0.999925911 0.011862131 -1.988507271 0.010948216 -0.011891657 0.999869347 77.411300659
0.999925375 -0.003821615 -0.011597319 1.021551847 0.003961252 0.999919653 0.012041423 -2.011378288 0.011550369 -0.012086465 0.999860168 77.894210815
0.999928594 -0.003415175 -0.011449611 1.025399566 0.003550423 0.999923885 0.011813042 -2.020152092 0.011408397 -0.011852848 0.999864638 78.446723938
0.999933898 -0.002533523 -0.011214171 1.035610199 0.002660504 0.999932349 0.011322876 -2.015692711 0.011184725 -0.011351964 0.999872983 79.017585754
0.999949038 -0.002078480 -0.009871884 1.038708329 0.002183231 0.999941289 0.010612221 -2.021889687 0.009849247 -0.010633230 0.999894977 79.557319641
0.999960780 -0.002309760 -0.008544258 1.047338724 0.002403181 0.999937415 0.010939779 -2.035882950 0.008518454 -0.010959886 0.999903619 80.105644226
0.999973834 -0.002054589 -0.006931542 1.059567451 0.002129698 0.999938905 0.010845880 -2.046637535 0.006908833 -0.010860357 0.999917150 80.651802063
0.999993384 -0.001715056 -0.003222382 1.067706347 0.001749040 0.999942601 0.010573217 -2.054473400 0.003204063 -0.010578781 0.999938905 81.192588806
0.999997914 -0.002017764 0.000246659 1.092857242 0.002014933 0.999937654 0.010983134 -2.064509153 -0.000268804 -0.010982614 0.999939680 81.744491577
0.999991238 -0.002756363 0.003150886 1.117522717 0.002723032 0.999940813 0.010534164 -2.066550493 -0.003179735 -0.010525492 0.999939501 82.300758362
0.999962926 -0.001331794 0.008510042 1.124951601 0.001242071 0.999943733 0.010539817 -2.080708981 -0.008523599 -0.010528854 0.999908268 82.834518433
0.999895930 -0.001356660 0.014364119 1.159258723 0.001199345 0.999939263 0.010954896 -2.096369028 -0.014378108 -0.010936528 0.999836802 83.366439819
0.999799967 -0.001956906 0.019904293 1.188830018 0.001749292 0.999943972 0.010442669 -2.100838900 -0.019923612 -0.010405759 0.999747336 83.916984558
0.999672890 -0.002346182 0.025466159 1.225559950 0.002086381 0.999945521 0.010223581 -2.110983133 -0.025488760 -0.010167104 0.999623358 84.454513550
0.999429643 -0.001218934 0.033745758 1.255308867 0.000874400 0.999947309 0.010222563 -2.115145683 -0.033756439 -0.010187224 0.999378145 85.023040771
0.999142945 -0.001919334 0.041351199 1.307330608 0.001514521 0.999950647 0.009818733 -2.129423380 -0.041368000 -0.009747688 0.999096394 85.565444946
0.998849452 -0.002389424 0.047896288 1.350283384 0.001898957 0.999945343 0.010283073 -2.137712955 -0.047918245 -0.010180290 0.998799324 86.119377136
0.998405933 -0.002633904 0.056379303 1.409428358 0.002065685 0.999946535 0.010134415 -2.145326138 -0.056402974 -0.010001797 0.998358011 86.653930664
0.997802615 -0.003002750 0.066188835 1.470201492 0.002361297 0.999949515 0.009767356 -2.152752876 -0.066214837 -0.009589602 0.997759283 87.181365967
0.997183681 -0.003196344 0.074929625 1.529814243 0.002456821 0.999947369 0.009959660 -2.162411928 -0.074957542 -0.009747522 0.997139037 87.721305847
0.996595263 -0.003981662 0.082352430 1.597569942 0.003215785 0.999950349 0.009430547 -2.171610832 -0.082385905 -0.009133611 0.996558607 88.256233215
0.995616317 -0.003453053 0.093467489 1.670664310 0.002552490 0.999949157 0.009752879 -2.190956831 -0.093496419 -0.009471552 0.995574474 88.748237610
0.994610667 -0.004243601 0.103594288 1.745224953 0.003270197 0.999948859 0.009564353 -2.195160389 -0.103629589 -0.009174033 0.994573712 89.295631409
0.993604362 -0.004518454 0.112826884 1.833978653 0.003435373 0.999946177 0.009792075 -2.214987755 -0.112865068 -0.009341846 0.993566394 89.801246643
0.992300630 -0.004510075 0.123769984 1.930036545 0.003269897 0.999942422 0.010221333 -2.227781773 -0.123808950 -0.009737921 0.992258251 90.338066101
0.990727782 -0.005253894 0.135760427 2.020503044 0.003925010 0.999941707 0.010054269 -2.241251469 -0.135805309 -0.009428184 0.990690708 90.858779907
0.989240766 -0.006344370 0.146158203 2.136885643 0.005001085 0.999941766 0.009556245 -2.242364168 -0.146210328 -0.008722479 0.989215136 91.402229309
0.987677693 -0.005838824 0.156392694 2.241147041 0.004349361 0.999941885 0.009864396 -2.258868933 -0.156441152 -0.009062636 0.987645626 91.932151794
0.985592067 -0.006797018 0.169003397 2.362668037 0.005214772 0.999938369 0.009804310 -2.268383026 -0.169059590 -0.008781738 0.985566735 92.455162048
0.983331978 -0.006270618 0.181710586 2.476612091 0.004503359 0.999938428 0.010136638 -2.280446053 -0.181762964 -0.009149374 0.983299792 93.001396179
0.981385410 -0.006675461 0.191932544 2.600973129 0.004762648 0.999934256 0.010425686 -2.292396545 -0.191989511 -0.009317511 0.981352687 93.534149170
0.978784084 -0.007250551 0.204766482 2.744087219 0.005281119 0.999934316 0.010162802 -2.300427198 -0.204826713 -0.008865791 0.978758156 94.068367004
0.975847542 -0.007742733 0.218315512 2.888235092 0.005509642 0.999926090 0.010835649 -2.315829515 -0.218383238 -0.009371101 0.975818098 94.594734192
0.973140776 -0.006880158 0.230108202 3.030632019 0.004434642 0.999928176 0.011143157 -2.333139420 -0.230168343 -0.009823413 0.973101258 95.119544983
0.970290184 -0.008071724 0.241809115 3.194658279 0.005628685 0.999925852 0.010792266 -2.337096691 -0.241878301 -0.009110560 0.970263839 95.625106812
0.966829717 -0.007976875 0.255296886 3.358480453 0.005364974 0.999925911 0.010925580 -2.351320982 -0.255365103 -0.009193514 0.966800988 96.144104004
0.963404536 -0.008427696 0.267919242 3.528438568 0.005738247 0.999925017 0.010819721 -2.355141163 -0.267990381 -0.008886379 0.963380635 96.682403564
0.959962130 -0.007174639 0.280037850 3.697002411 0.004219067 0.999928892 0.011155580 -2.355775833 -0.280098021 -0.009527436 0.959924102 97.240760803
0.955972433 -0.008531008 0.293332428 3.884431839 0.005533868 0.999923706 0.011045938 -2.368666887 -0.293404281 -0.008936347 0.955946684 97.752418518
0.951732755 -0.009335035 0.306785822 4.077751160 0.006174837 0.999917507 0.011269975 -2.377038479 -0.306865692 -0.008831653 0.951711833 98.265312195
0.947731853 -0.008950329 0.318942308 4.258411407 0.005646166 0.999920428 0.011282811 -2.385668755 -0.319017917 -0.008892279 0.947706997 98.780876160
0.943291843 -0.008492384 0.331855953 4.461160660 0.004761024 0.999916077 0.012055336 -2.395415306 -0.331930429 -0.009791725 0.943253040 99.293823242
0.938388109 -0.009890277 0.345441580 4.671417236 0.006228491 0.999912024 0.011708681 -2.406986713 -0.345526963 -0.008835709 0.938367128 99.778213501
0.933951378 -0.010664949 0.357240707 4.893032074 0.006828792 0.999904692 0.011997996 -2.414519310 -0.357334584 -0.008766023 0.933935225 100.294570923
0.930030823 -0.011357042 0.367305905 5.121097565 0.007765231 0.999906361 0.011255134 -2.419382811 -0.367399395 -0.007615407 0.930032074 100.771972656
0.924549639 -0.011656076 0.380883187 5.354156494 0.007746711 0.999900401 0.011795466 -2.424693584 -0.380982816 -0.007954900 0.924547911 101.284545898
0.919075310 -0.011764355 0.393906236 5.588645935 0.007743291 0.999900460 0.011795996 -2.439911366 -0.394005805 -0.007791278 0.919074953 101.749412537
0.914067805 -0.012377051 0.405372202 5.833133698 0.008232911 0.999894500 0.011965063 -2.450050354 -0.405477494 -0.007599487 0.914073467 102.234817505
0.908059776 -0.012711573 0.418647617 6.088634491 0.008459850 0.999891996 0.012010464 -2.457539797 -0.418755174 -0.007364523 0.908069313 102.724700928
0.901430011 -0.013583315 0.432711542 6.357769012 0.009155809 0.999882221 0.012313957 -2.474659920 -0.432827860 -0.007138345 0.901448369 103.189559937
0.895725250 -0.014337088 0.444376856 6.629447937 0.009925681 0.999875605 0.012252266 -2.481206894 -0.444497198 -0.006563922 0.895756185 103.669891357
0.890245318 -0.015179861 0.455228508 6.901302338 0.010747854 0.999866247 0.012322619 -2.488322735 -0.455354631 -0.006077424 0.890289426 104.147460938
0.883267403 -0.014999419 0.468629599 7.173645020 0.010460455 0.999869823 0.012287076 -2.495161057 -0.468752801 -0.005950695 0.883309305 104.621009827
0.876531899 -0.015284193 0.481100947 7.459083557 0.010555714 0.999865651 0.012533170 -2.498686790 -0.481228054 -0.005907357 0.876575589 105.091476440
