1.000000000 0.000000000 0.000000000 0.000000000 0.000000000 1.000000000 0.000000000 0.000000000 0.000000000 0.000000000 1.000000000 0.000000000
1.000000000 0.000041684 -0.000021564 0.000443591 -0.000041683 1.000000000 0.000013526 -0.000358452 0.000021564 -0.000013525 1.000000000 0.001361112
1.000000000 0.000009929 -0.000012751 0.001058229 -0.000009928 1.000000000 0.000048040 -0.000765053 0.000012752 -0.000048040 1.000000000 0.001024314
1.000000000 -0.000019757 -0.000058152 0.001530001 0.000019756 1.000000000 -0.000029433 -0.000816975 0.000058152 0.000029432 1.000000000 -0.000870372
1.000000000 -0.000058830 -0.000083602 0.001304732 0.000058837 1.000000000 0.000076917 -0.000886303 0.000083597 -0.000076922 1.000000000 -0.000188575
1.000000000 -0.000045799 -0.000049892 -0.000882591 0.000045797 1.000000000 -0.000030103 0.001333116 0.000049894 0.000030101 1.000000000 0.002374675
1.000000000 -0.000154782 -0.000084744 0.001083771 0.000154790 1.000000000 0.000092967 -0.000527851 0.000084729 -0.000092980 1.000000000 0.000414054
1.000000000 -0.000060832 -0.000033399 -0.000068345 0.000060835 1.000000000 0.000071763 -0.001108111 0.000033395 -0.000071765 1.000000000 -0.001134273
1.000000000 0.000044491 -0.000047609 0.001117637 -0.000044488 1.000000000 0.000064229 -0.000612593 0.000047612 -0.000064227 1.000000000 -0.001783152
1.000000000 0.000061938 0.000002148 -0.000121854 -0.000061938 1.000000000 0.000064834 0.000045211 -0.000002144 -0.000064834 1.000000000 0.001750591
1.000000000 0.000053771 0.000007990 0.000023912 -0.000053771 1.000000000 0.000009400 -0.000358667 -0.000007990 -0.000009401 1.000000000 0.000039711
1.000000000 -0.000065707 -0.000084896 0.000791910 0.000065716 1.000000000 0.000104022 -0.000903092 0.000084889 -0.000104028 1.000000000 -0.000816541
1.000000000 -0.000018207 -0.000030426 0.000446057 0.000018207 1.000000000 0.000003048 0.000289999 0.000030426 -0.000003049 1.000000000 0.001332034
1.000000000 -0.000075694 -0.000095207 0.000459192 0.000075706 1.000000000 0.000119181 -0.000412050 0.000095198 -0.000119188 1.000000000 0.000122015
1.000000000 0.000010448 -0.000072151 0.001084935 -0.000010445 1.000000000 0.000048638 -0.000309824 0.000072152 -0.000048637 1.000000000 -0.003453095
1.000000000 -0.000028568 -0.000108465 0.002982523 0.000028581 1.000000000 0.000113587 -0.000731558 0.000108462 -0.000113590 1.000000000 -0.002220196
1.000000000 -0.000081715 -0.000069100 0.002674299 0.000081724 1.000000000 0.000127714 -0.001417947 0.000069090 -0.000127720 1.000000000 -0.002072247
1.000000000 -0.000051870 -0.000077680 0.002741996 0.000051875 1.000000000 0.000067085 -0.000650615 0.000077677 -0.000067089 1.000000000 -0.001219299
1.000000000 0.000081257 -0.000061813 0.001694014 -0.000081248 1.000000000 0.000134247 -0.001259938 0.000061824 -0.000134242 1.000000000 -0.002583479
1.000000000 -0.000092717 -0.000103291 0.002664948 0.000092727 1.000000000 0.000093192 -0.001510888 0.000103282 -0.000093202 1.000000000 -0.004279224
1.000000000 -0.000085707 -0.000111216 0.001441986 0.000085716 1.000000000 0.000080807 0.000271640 0.000111209 -0.000080817 1.000000000 0.001479670
1.000000000 -0.000110461 -0.000095342 0.001208245 0.000110473 1.000000000 0.000122880 -0.001651721 0.000095329 -0.000122890 1.000000000 -0.005303734
1.000000000 0.000037533 -0.000124727 0.003749801 -0.000037517 1.000000000 0.000122289 -0.000777398 0.000124731 -0.000122284 1.000000000 -0.001781637
1.000000000 -0.000072513 -0.000148122 0.002844375 0.000072527 1.000000000 0.000093281 -0.001033475 0.000148116 -0.000093292 1.000000000 -0.002480941
1.000000000 -0.000099128 -0.000118411 0.002275303 0.000099139 1.000000000 0.000096561 -0.001258125 0.000118402 -0.000096572 1.000000000 -0.002827545
1.000000000 -0.000041099 -0.000138653 0.002930069 0.000041109 1.000000000 0.000075045 -0.000496534 0.000138650 -0.000075051 1.000000000 -0.001226311
1.000000000 -0.000036932 -0.000083872 0.003173665 0.000036936 1.000000000 0.000049109 -0.000498298 0.000083870 -0.000049112 1.000000000 -0.001503505
1.000000000 -0.000156332 -0.000159011 0.002280365 0.000156353 1.000000000 0.000133403 -0.000776599 0.000158990 -0.000133428 1.000000000 -0.003546207
1.000000000 -0.000169408 -0.000107363 0.001679906 0.000169417 1.000000000 0.000086545 -0.001673669 0.000107349 -0.000086564 1.000000000 -0.001396075
1.000000000 -0.000043995 -0.000171577 0.004247050 0.000044028 1.000000000 0.000187058 -0.002603616 0.000171568 -0.000187066 0.999999940 -0.004928397
1.000000000 -0.000154473 -0.000168631 0.004451676 0.000154492 1.000000000 0.000112397 -0.001368278 0.000168614 -0.000112423 1.000000000 -0.002765065
1.000000000 -0.000049579 -0.000142898 0.003186063 0.000049594 1.000000000 0.000109192 -0.000867256 0.000142892 -0.000109199 1.000000000 -0.002660827
1.000000000 -0.000077142 -0.000109668 0.003192529 0.000077154 1.000000000 0.000108320 -0.001186077 0.000109660 -0.000108328 1.000000000 -0.004567914
1.000000000 -0.000008756 -0.000079847 0.002004921 0.000008760 1.000000000 0.000048601 -0.000299855 0.000079847 -0.000048601 1.000000000 -0.001711388
1.000000000 -0.000040051 -0.000097475 0.002047926 0.000040059 1.000000000 0.000083392 -0.000534170 0.000097472 -0.000083396 1.000000000 -0.001524378
1.000000000 -0.000153497 -0.000123304 0.002430919 0.000153518 1.000000000 0.000171008 -0.002955667 0.000123278 -0.000171027 1.000000000 -0.004111924
1.000000000 -0.000100452 -0.000151539 0.003170364 0.000100467 1.000000000 0.000100247 -0.000660580 0.000151528 -0.000100262 1.000000000 -0.002671493
1.000000000 -0.000065344 -0.000161318 0.005265075 0.000065368 1.000000000 0.000149375 -0.001427174 0.000161308 -0.000149385 1.000000000 -0.005689936
1.000000000 -0.000070432 -0.000089012 0.001683010 0.000070440 1.000000000 0.000090842 -0.000751153 0.000089005 -0.000090848 1.000000000 -0.002836245
1.000000000 -0.000154141 -0.000175787 0.003051873 0.000154168 1.000000000 0.000157827 -0.001817293 0.000175762 -0.000157855 1.000000000 -0.004969902
1.000000000 -0.000067880 -0.000191240 0.004685524 0.000067892 1.000000000 0.000062983 -0.001695761 0.000191235 -0.000062996 1.000000000 -0.002143617
1.000000000 -0.000219279 -0.000036070 0.002060390 0.000219260 0.999999821 -0.000520409 -0.002870607 0.000036184 0.000520401 0.999999881 0.050305776
1.000000000 0.000032883 -0.000124236 0.004187118 -0.000033024 0.999999344 -0.001136043 -0.005770346 0.000124199 0.001136047 0.999999344 0.138045937
1.000000000 -0.000027347 0.000008925 0.005035392 0.000027360 0.999998927 -0.001457999 -0.008987441 -0.000008885 0.001458000 0.999998927 0.254937530
1.000000000 0.000024982 0.000006358 0.008109814 -0.000024973 0.999998987 -0.001443720 -0.011996834 -0.000006394 0.001443720 0.999998987 0.387742758
1.000000000 0.000052063 -0.000020200 0.010553769 -0.000052087 0.999999285 -0.001196043 -0.016757375 0.000020138 0.001196044 0.999999285 0.527188241
1.000000000 0.000214594 0.000073618 0.014327207 -0.000214520 0.999999464 -0.001001905 -0.024175394 -0.000073832 0.001001889 0.999999523 0.679419577
1.000000000 -0.000004841 0.000129239 0.014728249 0.000004951 0.999999642 -0.000854081 -0.028859500 -0.000129235 0.000854082 0.999999642 0.844363332
0.999999881 0.000379262 0.000270361 0.014450934 -0.000379070 0.999999702 -0.000709817 -0.028141610 -0.000270630 0.000709715 0.999999702 1.020552039
0.999999940 0.000286266 0.000034315 0.024200426 -0.000286246 0.999999821 -0.000564832 -0.036086343 -0.000034477 0.000564822 0.999999821 1.188733459
0.999998689 0.001582553 -0.000367070 -0.026789293 -0.001582605 0.999998689 -0.000141549 -0.012802875 0.000366845 0.000142130 0.999999881 1.423030257
0.999998450 0.001639470 -0.000568674 -0.021202913 -0.001639559 0.999998569 -0.000156984 -0.017157925 0.000568416 0.000157916 0.999999821 1.613878846
0.999998510 0.001642889 -0.000399577 -0.018108530 -0.001643038 0.999998569 -0.000372558 -0.023002543 0.000398964 0.000373214 0.999999821 1.818521857
0.999998093 0.001857584 -0.000618371 -0.010540899 -0.001857794 0.999998212 -0.000338622 -0.027366297 0.000617741 0.000339770 0.999999762 2.025340080
0.999998748 0.001538298 -0.000448150 -0.006266589 -0.001538414 0.999998808 -0.000258335 -0.035105873 0.000447752 0.000259024 0.999999821 2.230518818
0.999997735 0.002073166 -0.000403031 -0.005319267 -0.002073212 0.999997854 -0.000114674 -0.041075647 0.000402792 0.000115509 0.999999940 2.449976921
0.999998271 0.001803679 -0.000386688 0.003186841 -0.001803577 0.999998450 0.000264024 -0.054135740 0.000387163 -0.000263326 0.999999881 2.675193310
0.999998927 0.001382102 -0.000530442 0.006781676 -0.001382011 0.999999106 0.000172931 -0.059227604 0.000530681 -0.000172197 0.999999821 2.908659697
0.999998868 0.001432719 -0.000284167 0.010770771 -0.001432608 0.999998868 0.000388355 -0.064983390 0.000284723 -0.000387947 0.999999881 3.138502836
0.999998987 0.001350731 -0.000341497 0.014811805 -0.001350609 0.999999106 0.000356653 -0.074730463 0.000341978 -0.000356192 0.999999881 3.378586769
0.999998510 0.001693017 -0.000332198 0.026513327 -0.001692820 0.999998391 0.000593764 -0.086796224 0.000333203 -0.000593201 0.999999762 3.623046875
0.999997973 0.001932388 -0.000509983 0.031142972 -0.001931965 0.999997795 0.000828470 -0.093298703 0.000511582 -0.000827483 0.999999523 3.869789124
0.999998868 0.001497970 -0.000314482 0.038939383 -0.001497715 0.999998569 0.000810308 -0.101813368 0.000315696 -0.000809836 0.999999583 4.132838726
0.999997199 0.002378068 0.000014110 0.040028166 -0.002378084 0.999996305 0.001339314 -0.115792088 -0.000010925 -0.001339344 0.999999106 4.362268925
0.999997258 0.002365141 -0.000036461 0.046032608 -0.002365087 0.999996185 0.001425296 -0.122214928 0.000039832 -0.001425206 0.999998927 4.616539478
0.999997258 0.002322150 0.000095280 0.051608477 -0.002322302 0.999996006 0.001628125 -0.130531609 -0.000091499 -0.001628342 0.999998569 4.870545387
0.999997973 0.001988505 -0.000233545 0.059741724 -0.001988139 0.999996781 0.001558823 -0.142671764 0.000236644 -0.001558355 0.999998748 5.135276794
0.999997735 0.002064772 -0.000469971 0.065302089 -0.002064123 0.999996901 0.001377703 -0.146769688 0.000472814 -0.001376729 0.999998927 5.404743195
0.999996662 0.002565033 -0.000204585 0.067403629 -0.002564722 0.999995589 0.001503825 -0.154555276 0.000208442 -0.001503295 0.999998868 5.673919678
0.999997079 0.002386069 -0.000201417 0.073891014 -0.002385758 0.999995947 0.001529887 -0.164711118 0.000205067 -0.001529402 0.999998808 5.945050716
0.999996841 0.002511576 -0.000015828 0.075992242 -0.002511551 0.999995768 0.001446225 -0.173260093 0.000019460 -0.001446180 0.999998927 6.210894108
0.999995708 0.002936945 0.000123484 0.081101000 -0.002937132 0.999994516 0.001548625 -0.182117537 -0.000118935 -0.001548981 0.999998808 6.491619110
0.999994576 0.003261897 0.000320396 0.086346760 -0.003262417 0.999993384 0.001637007 -0.191824913 -0.000315054 -0.001638043 0.999998569 6.778841019
0.999994874 0.003202693 0.000137876 0.093758889 -0.003202922 0.999993384 0.001695718 -0.203252688 -0.000132444 -0.001696150 0.999998569 7.079883099
0.999995589 0.002959586 -0.000053279 0.097225592 -0.002959503 0.999994516 0.001495313 -0.207298115 0.000057704 -0.001495149 0.999998927 7.384885788
0.999995351 0.003056780 0.000086079 0.107311353 -0.003056907 0.999994159 0.001510169 -0.218923628 -0.000081463 -0.001510425 0.999998868 7.696168423
0.999996424 0.002657872 0.000026347 0.118888281 -0.002657914 0.999994874 0.001766062 -0.234009698 -0.000021653 -0.001766126 0.999998450 8.017274857
0.999996543 0.002616630 0.000097208 0.123142771 -0.002616820 0.999994516 0.002003201 -0.248466864 -0.000091966 -0.002003448 0.999997973 8.323184967
0.999996245 0.002729799 0.000217101 0.133372739 -0.002730268 0.999993861 0.002187923 -0.258825749 -0.000211128 -0.002188507 0.999997616 8.643921852
0.999994576 0.003261213 0.000452754 0.134344563 -0.003262181 0.999992371 0.002152239 -0.265807033 -0.000445732 -0.002153705 0.999997556 8.983177185
0.999993742 0.003479080 0.000549082 0.135544136 -0.003480237 0.999991715 0.002121382 -0.277160883 -0.000541697 -0.002123280 0.999997556 9.332143784
0.999992192 0.003885659 0.000659674 0.149820536 -0.003887157 0.999989748 0.002284597 -0.290724039 -0.000650790 -0.002287144 0.999997199 9.639405251
0.999990225 0.004326535 0.000925967 0.154994980 -0.004328679 0.999987841 0.002324889 -0.297048062 -0.000915897 -0.002328874 0.999996960 9.988482475
0.999991298 0.004070823 0.000871634 0.161600873 -0.004072850 0.999988914 0.002336558 -0.309489042 -0.000862112 -0.002340088 0.999996960 10.352100372
0.999993145 0.003682637 0.000434825 0.179257184 -0.003683673 0.999990284 0.002406344 -0.322416544 -0.000425959 -0.002407930 0.999996960 10.693951607
0.999994218 0.003354170 0.000525974 0.185767487 -0.003355442 0.999991417 0.002436361 -0.330730408 -0.000517798 -0.002438112 0.999996901 11.061111450
0.999993205 0.003583787 0.000798413 0.191420928 -0.003585790 0.999990404 0.002522966 -0.344298959 -0.000789364 -0.002525812 0.999996424 11.430225372
0.999992013 0.003899475 0.000861655 0.197293535 -0.003901650 0.999989152 0.002538323 -0.351871848 -0.000851748 -0.002541665 0.999996364 11.809883118
0.999993324 0.003583361 0.000715530 0.213786691 -0.003585444 0.999989331 0.002931584 -0.371669739 -0.000705018 -0.002934130 0.999995470 12.196516991
0.999990761 0.004189233 0.000976066 0.221267879 -0.004192129 0.999986827 0.002984212 -0.378914088 -0.000963551 -0.002988276 0.999995053 12.575386047
0.999991953 0.003854662 0.001116364 0.232505336 -0.003857748 0.999988735 0.002775046 -0.392346531 -0.001105655 -0.002779331 0.999995470 12.948971748
0.999990582 0.004231706 0.001019089 0.247134417 -0.004234552 0.999987245 0.002807460 -0.402816802 -0.001007196 -0.002811749 0.999995470 13.354477882
0.999990761 0.004091033 0.001305182 0.256303221 -0.004095029 0.999986947 0.003073489 -0.417042911 -0.001292591 -0.003078805 0.999994457 13.756280899
0.999990225 0.004179740 0.001437616 0.259466201 -0.004184522 0.999985635 0.003339072 -0.428641468 -0.001423639 -0.003345056 0.999993384 14.152300835
0.999990702 0.004047935 0.001470804 0.271129966 -0.004052794 0.999986231 0.003315092 -0.441325694 -0.001457364 -0.003321022 0.999993443 14.579521179
0.999991000 0.003874175 0.001700866 0.282157809 -0.003880080 0.999986410 0.003482527 -0.453197569 -0.001687351 -0.003489095 0.999992490 15.001809120
0.999989450 0.004097185 0.002073709 0.295316637 -0.004104955 0.999984503 0.003756639 -0.479163826 -0.002058285 -0.003765112 0.999990821 15.385491371
0.999986887 0.004406224 0.002624807 0.302518517 -0.004415975 0.999983311 0.003720751 -0.490562201 -0.002608369 -0.003732292 0.999989629 15.827444077
0.999984324 0.004686997 0.003064160 0.312541068 -0.004699282 0.999980807 0.004014531 -0.502527893 -0.003045285 -0.004028867 0.999987185 16.270597458
0.999987602 0.003990488 0.003016167 0.328662783 -0.004003572 0.999982476 0.004344202 -0.530406058 -0.002998779 -0.004356222 0.999985993 16.659540176
0.999988079 0.003777473 0.003094216 0.342530519 -0.003791384 0.999982595 0.004502347 -0.542724133 -0.003077155 -0.004514025 0.999985039 17.117727280
0.999985158 0.003985827 0.003713597 0.351950854 -0.004003838 0.999980211 0.004855190 -0.553863525 -0.003694172 -0.004869986 0.999981225 17.584211349
0.999983370 0.004065430 0.004088623 0.365798891 -0.004085644 0.999979377 0.004947723 -0.579478800 -0.004068424 -0.004964346 0.999979377 17.949434280
0.999978006 0.004778038 0.004582007 0.374010444 -0.004800944 0.999975979 0.005001142 -0.587660491 -0.004558002 -0.005023030 0.999976993 18.424283981
0.999983549 0.003941667 0.004156736 0.394767761 -0.003963182 0.999978662 0.005180347 -0.604666054 -0.004136228 -0.005196737 0.999977946 18.893852234
0.999982536 0.004040444 0.004326413 0.409261644 -0.004063122 0.999978006 0.005245636 -0.619035125 -0.004305123 -0.005263122 0.999976873 19.360490799
0.999981344 0.004451318 0.004178839 0.434121132 -0.004476047 0.999972403 0.005927221 -0.662357748 -0.004152340 -0.005945814 0.999973714 19.773126602
0.999985576 0.003685695 0.003881007 0.448704481 -0.003708034 0.999976516 0.005764789 -0.670366883 -0.003859668 -0.005779097 0.999975801 20.271371841
0.999987841 0.003807584 0.003174812 0.476581901 -0.003826575 0.999974668 0.005997309 -0.698393285 -0.003151896 -0.006009384 0.999976993 20.724216461
0.999990284 0.003649742 0.002474077 0.487513542 -0.003664802 0.999974549 0.006109672 -0.708875060 -0.002451715 -0.006118679 0.999978304 21.231943130
0.999991357 0.003656670 0.002026518 0.503816962 -0.003669226 0.999973893 0.006227062 -0.728006065 -0.002003695 -0.006234443 0.999978602 21.720146179
0.999993205 0.003035419 0.002080387 0.494914234 -0.003049648 0.999971747 0.006870620 -0.752278447 -0.002059473 -0.006876918 0.999974191 22.079973221
0.999996483 0.002399853 0.001145719 0.507327318 -0.002407686 0.999973476 0.006885326 -0.762624919 -0.001129165 -0.006888059 0.999975622 22.597269058
0.999995887 0.002746017 0.000951745 0.507884383 -0.002752508 0.999972522 0.006886689 -0.767539203 -0.000932809 -0.006889279 0.999975860 23.078247070
0.999998271 0.001813497 0.000402049 0.512514770 -0.001816192 0.999975204 0.006806901 -0.784912527 -0.000389695 -0.006807618 0.999976814 23.592813492
0.999994695 0.003256912 0.000189267 0.522286952 -0.003258107 0.999972284 0.006695267 -0.798209786 -0.000167455 -0.006695848 0.999977589 24.078638077
0.999992549 0.003842962 -0.000411128 0.527479351 -0.003840005 0.999968350 0.006964494 -0.811953545 0.000437879 -0.006962863 0.999975681 24.633739471
0.999990523 0.004284239 -0.000830009 0.533837497 -0.004278155 0.999964952 0.007198698 -0.822723269 0.000860821 -0.007195078 0.999973774 25.173431396
0.999991655 0.003823590 -0.001490459 0.548555136 -0.003812850 0.999967217 0.007143555 -0.834562063 0.001517724 -0.007137812 0.999973416 25.724319458
0.999993026 0.003168867 -0.001987833 0.553853095 -0.003153049 0.999963701 0.007910715 -0.859344602 0.002012829 -0.007904392 0.999966741 26.251359940
0.999991596 0.003571448 -0.002049403 0.564789951 -0.003554516 0.999960065 0.008207146 -0.877633035 0.002078633 -0.008199790 0.999964297 26.790065765
0.999985456 0.004985892 -0.002057647 0.537749529 -0.004969129 0.999955058 0.008073354 -0.923873425 0.002097807 -0.008063012 0.999965310 27.135499954
0.999985337 0.004813889 -0.002457124 0.548613369 -0.004793133 0.999953330 0.008384563 -0.935424685 0.002497372 -0.008372663 0.999961793 27.683359146
0.999984145 0.004926651 -0.002735331 0.570699632 -0.004905068 0.999957204 0.007841878 -0.926697493 0.002773849 -0.007828336 0.999965489 28.215492249
0.999983668 0.004775077 -0.003156136 0.583254158 -0.004750427 0.999958456 0.007772100 -0.941733479 0.003193117 -0.007756980 0.999964774 28.752462387
0.999982476 0.004713378 -0.003574666 0.596422434 -0.004683839 0.999955177 0.008227670 -0.957628369 0.003613286 -0.008210781 0.999959707 29.304178238
0.999979854 0.005077788 -0.003800811 0.607872725 -0.005046153 0.999952912 0.008287286 -0.972722292 0.003842714 -0.008267940 0.999958396 29.858203888
0.999978304 0.005674415 -0.003344737 0.612551749 -0.005647004 0.999950767 0.008148847 -0.987967134 0.003390813 -0.008129781 0.999961197 30.396814346
0.999979854 0.004818610 -0.004146520 0.632085681 -0.004784432 0.999954820 0.008213190 -0.995589375 0.004185910 -0.008193185 0.999957681 30.942424774
0.999975920 0.005716112 -0.003938344 0.649175525 -0.005683441 0.999949753 0.008257301 -1.023362279 0.003985345 -0.008234719 0.999958158 31.465904236
0.999976754 0.005149355 -0.004458378 0.658477485 -0.005110934 0.999949992 0.008586727 -1.028562307 0.004502371 -0.008563741 0.999953151 32.024513245
0.999974966 0.004772766 -0.005214886 0.672732472 -0.004726556 0.999949694 0.008838037 -1.045710921 0.005256805 -0.008813168 0.999947309 32.564823151
0.999976337 0.004291803 -0.005367295 0.679860413 -0.004243674 0.999951005 0.008946642 -1.056284666 0.005405429 -0.008923654 0.999945521 33.100830078
0.999975622 0.004230040 -0.005564068 0.687796116 -0.004179716 0.999950469 0.009025328 -1.065455675 0.005601971 -0.009001852 0.999943793 33.652545929
0.999975085 0.003557505 -0.006103548 0.696724415 -0.003497513 0.999945641 0.009811737 -1.089352489 0.006138123 -0.009790145 0.999933183 34.155666351
0.999975979 0.004402022 -0.005352317 0.689450622 -0.004350216 0.999943852 0.009652649 -1.098708153 0.005394508 -0.009629134 0.999939144 34.708290100
0.999972463 0.005257079 -0.005237468 0.734922588 -0.005206130 0.999939442 0.009694580 -1.168839335 0.005288117 -0.009667045 0.999939263 35.296257019
0.999970973 0.005459425 -0.005315120 0.745275259 -0.005407378 0.999937773 0.009757761 -1.182050943 0.005368062 -0.009728736 0.999938250 35.843387604
0.999967515 0.005880077 -0.005511065 0.754836977 -0.005825328 0.999933958 0.009898334 -1.197064996 0.005568904 -0.009865909 0.999935806 36.383598328
0.999964416 0.006278915 -0.005644077 0.763248920 -0.006223472 0.999932766 0.009787697 -1.211939812 0.005705152 -0.009752222 0.999936163 36.923030853
0.999964476 0.006257254 -0.005653073 0.773664474 -0.006200554 0.999930859 0.009992398 -1.221741676 0.005715206 -0.009956990 0.999934077 37.486747742
0.999963641 0.006236478 -0.005820169 0.775820255 -0.006176670 0.999928474 0.010237972 -1.240222931 0.005883602 -0.010201650 0.999930680 38.057624817
0.999965787 0.005632869 -0.006056159 0.784365177 -0.005571744 0.999933779 0.010062884 -1.230494738 0.006112442 -0.010028797 0.999930978 38.584564209
0.999963880 0.005511153 -0.006472875 0.802618921 -0.005440976 0.999926746 0.010809905 -1.277574301 0.006531975 -0.010774296 0.999920666 39.131462097
0.999962866 0.006073454 -0.006119689 0.807753205 -0.006008665 0.999926329 0.010550267 -1.279136539 0.006183315 -0.010513104 0.999925673 39.714359283
0.999962509 0.005892700 -0.006344033 0.815581203 -0.005823969 0.999924719 0.010798507 -1.295336485 0.006407188 -0.010761155 0.999921620 40.220825195
0.999960482 0.005500115 -0.006978886 0.861646295 -0.005420694 0.999920905 0.011348432 -1.385333419 0.007040750 -0.011310152 0.999911249 40.862224579
0.999960661 0.005186327 -0.007198951 0.877112806 -0.005104817 0.999923170 0.011295090 -1.398334503 0.007256977 -0.011257894 0.999910295 41.405845642
0.999959886 0.005012644 -0.007421284 0.891380429 -0.004927171 0.999921739 0.011491138 -1.408915639 0.007478306 -0.011454111 0.999906421 41.953971863
0.999958992 0.004726331 -0.007720262 0.891234696 -0.004637208 0.999922752 0.011521471 -1.416092396 0.007774120 -0.011485199 0.999903798 42.502079010
0.999963224 0.004431693 -0.007340734 0.889892340 -0.004344510 0.999920368 0.011850259 -1.434031010 0.007392666 -0.011817932 0.999902844 42.945373535
0.999961913 0.005226861 -0.006986462 0.887528479 -0.005142785 0.999914706 0.011998481 -1.440144777 0.007048581 -0.011962095 0.999903619 43.466693878
0.999962330 0.005214393 -0.006934955 0.886347651 -0.005132135 0.999917030 0.011826713 -1.449220777 0.006996048 -0.011790678 0.999906003 43.975742340
0.999961793 0.005615387 -0.006698905 0.890306294 -0.005536495 0.999915719 0.011737860 -1.460273981 0.006764253 -0.011700321 0.999908686 44.529659271
0.999961972 0.005181998 -0.007010149 0.906280756 -0.005097653 0.999915063 0.011996544 -1.477646828 0.007071719 -0.011960355 0.999903440 44.995887756
0.999960840 0.004914338 -0.007354676 0.909886897 -0.004827800 0.999919415 0.011738325 -1.474359632 0.007411768 -0.011702359 0.999904037 45.596736908
0.999959826 0.005181520 -0.007311087 0.926025510 -0.005093729 0.999915302 0.011975915 -1.501863480 0.007372521 -0.011938193 0.999901593 46.091903687
0.999964416 0.005449065 -0.006436000 0.863759637 -0.005367400 0.999905646 0.012638714 -1.485015273 0.006504262 -0.012603720 0.999899387 46.526706696
0.999959350 0.005594868 -0.007067221 0.938721418 -0.005508710 0.999911010 0.012152304 -1.516204715 0.007134581 -0.012112878 0.999901175 47.211811066
0.999963045 0.004916383 -0.007051331 0.907066464 -0.004826418 0.999907374 0.012719464 -1.530575037 0.007113212 -0.012684962 0.999894261 47.652534485
0.999964893 0.004938577 -0.006775080 0.913786292 -0.004852268 0.999907553 0.012697199 -1.539926171 0.006837160 -0.012663879 0.999896467 48.205749512
0.999961555 0.005102227 -0.007124206 0.896513939 -0.005010149 0.999904454 0.012883134 -1.542322755 0.007189259 -0.012846949 0.999891579 48.737995148
0.999962926 0.005299730 -0.006784115 0.931707144 -0.005212992 0.999905229 0.012739990 -1.553071260 0.006850991 -0.012704153 0.999895811 49.297966003
0.999965787 0.004545249 -0.006912143 0.903190136 -0.004453425 0.999902368 0.013242321 -1.581694126 0.006971658 -0.013211085 0.999888420 49.801933289
0.999963939 0.005110889 -0.006774607 0.908277154 -0.005021529 0.999900997 0.013142380 -1.580301285 0.006841105 -0.013107887 0.999890685 50.372718811
0.999964476 0.004874256 -0.006873297 0.912017226 -0.004783425 0.999901831 0.013170175 -1.587552667 0.006936816 -0.013136831 0.999889612 50.926273346
0.999963343 0.005037881 -0.006910729 0.926907480 -0.004945930 0.999899805 0.013258672 -1.600435257 0.006976833 -0.013224007 0.999888241 51.505119324
0.999963582 0.005093279 -0.006842521 0.935616851 -0.004999951 0.999895096 0.013588076 -1.611731052 0.006911011 -0.013553371 0.999884248 52.040046692
0.999961197 0.004838561 -0.007363220 0.948498726 -0.004739224 0.999898195 0.013449117 -1.620078802 0.007427546 -0.013413698 0.999882460 52.592510223
0.999962807 0.005219196 -0.006862811 0.953518808 -0.005126090 0.999895513 0.013515073 -1.632403851 0.006932633 -0.013479391 0.999885142 53.133068085
0.999960482 0.005148055 -0.007245234 0.971980810 -0.005045814 0.999888420 0.014059817 -1.644327879 0.007316806 -0.014022704 0.999874890 53.679309845
0.999963462 0.005277372 -0.006722881 0.955816627 -0.005186124 0.999895155 0.013518645 -1.647376418 0.006793520 -0.013483282 0.999886036 54.255012512
0.999962926 0.004869975 -0.007094218 0.969972491 -0.004773392 0.999896526 0.013568367 -1.655594945 0.007159563 -0.013534001 0.999882758 54.788295746
0.999962866 0.005014843 -0.007002919 0.976522326 -0.004918441 0.999893785 0.013716019 -1.661056995 0.007070959 -0.013681067 0.999881387 55.340122223
0.999965012 0.004430784 -0.007096193 0.987583399 -0.004334536 0.999899209 0.013521679 -1.673448086 0.007155390 -0.013490448 0.999883354 55.884620667
0.999966204 0.004733812 -0.006717849 0.992978811 -0.004638764 0.999889910 0.014094288 -1.697554469 0.006783829 -0.014062651 0.999878049 56.410003662
0.999962747 0.005042935 -0.007010954 1.034387708 -0.004948417 0.999897480 0.013434073 -1.668470740 0.007077982 -0.013398879 0.999885201 56.968311310
0.999966681 0.004543433 -0.006785821 1.004669785 -0.004446791 0.999889433 0.014189572 -1.711558104 0.006849540 -0.014158925 0.999876320 57.537548065
0.999966145 0.004975927 -0.006575893 1.011620879 -0.004883064 0.999889195 0.014062950 -1.716368198 0.006645141 -0.014030362 0.999879420 58.096576691
0.999965489 0.005118460 -0.006550736 1.022450447 -0.005026598 0.999889851 0.013963701 -1.727936268 0.006621488 -0.013930291 0.999881029 58.629371643
0.999965429 0.004798906 -0.006792915 1.031136513 -0.004699923 0.999883652 0.014513219 -1.745588779 0.006861772 -0.014480790 0.999871612 59.200275421
0.999965608 0.005028114 -0.006594845 1.038237095 -0.004933545 0.999885917 0.014278617 -1.734904408 0.006665887 -0.014245590 0.999876320 59.753517151
0.999967754 0.005506847 -0.005848382 1.048050880 -0.005419067 0.999874055 0.014920430 -1.769950151 0.005929810 -0.014888254 0.999871552 60.304122925
0.999965489 0.005210173 -0.006478177 1.061325312 -0.005111369 0.999871731 0.015175932 -1.771425962 0.006556415 -0.015142294 0.999863803 60.867176056
0.999965727 0.005046314 -0.006564480 1.063408494 -0.004947782 0.999876201 0.014940321 -1.781696320 0.006639061 -0.014907329 0.999866843 61.404575348
0.999963999 0.005774808 -0.006222028 1.082713842 -0.005677455 0.999863029 0.015551991 -1.801545382 0.006310984 -0.015516105 0.999859691 61.951648712
0.999965608 0.004640101 -0.006875904 1.079976320 -0.004536290 0.999876678 0.015037121 -1.802596211 0.006944830 -0.015005411 0.999863267 62.454536438
0.999960542 0.005174184 -0.007223385 1.116785884 -0.005067919 0.999879777 0.014652811 -1.813434601 0.007298333 -0.014615626 0.999866486 62.984798431
0.999961436 0.005396600 -0.006928941 1.122311831 -0.005294564 0.999878466 0.014661079 -1.816889763 0.007007219 -0.014623828 0.999868453 63.525119781
0.999961197 0.005813119 -0.006622498 1.124760270 -0.005715858 0.999876916 0.014611982 -1.822213173 0.006706624 -0.014573562 0.999871254 64.072647095
0.999962389 0.005812055 -0.006430063 1.122959971 -0.005719618 0.999881387 0.014301717 -1.826943398 0.006512423 -0.014264402 0.999876976 64.636962891
0.999960065 0.005647690 -0.006918518 1.151698112 -0.005541182 0.999867320 0.015318270 -1.848806620 0.007004112 -0.015279322 0.999858737 65.123626709
0.999966562 0.005778243 -0.005778337 1.141901970 -0.005694639 0.999880373 0.014381805 -1.829066634 0.005860746 -0.014348419 0.999879837 65.745803833
0.999961674 0.005616780 -0.006714497 1.165378571 -0.005510110 0.999860048 0.015800955 -1.866799712 0.006802307 -0.015763354 0.999852657 66.216018677
0.999958575 0.005960466 -0.006880742 1.177640676 -0.005852668 0.999861479 0.015581926 -1.871872067 0.006972663 -0.015541010 0.999854922 66.768692017
0.999961436 0.005206497 -0.007065214 1.188249946 -0.005100595 0.999875546 0.014925551 -1.876360416 0.007142045 -0.014888939 0.999863625 67.259941101
0.999958038 0.006901120 -0.006029871 1.192013860 -0.006810162 0.999864697 0.014977016 -1.866267800 0.006132412 -0.014935322 0.999869704 67.866432190
0.999959350 0.005495935 -0.007140726 1.196636081 -0.005389041 0.999874413 0.014903704 -1.886508584 0.007221739 -0.014864617 0.999863446 68.375495911
0.999957502 0.004324425 -0.008135151 1.229813099 -0.004200459 0.999875784 0.015194149 -1.898866057 0.008199845 -0.015159336 0.999851406 68.864402771
0.999958992 0.005436524 -0.007246561 1.216742277 -0.005325170 0.999868751 0.015298348 -1.904976726 0.007328780 -0.015259131 0.999856651 69.266181946
0.999957383 0.006032423 -0.006992416 1.203069210 -0.005929526 0.999875188 0.014643927 -1.879635453 0.007079882 -0.014601842 0.999868274 69.959251404
0.999959826 0.005254943 -0.007258688 1.236519575 -0.005142755 0.999868333 0.015388784 -1.925026059 0.007338599 -0.015350837 0.999855161 70.346084595
0.999960244 0.005518367 -0.007001361 1.229467392 -0.005411244 0.999869406 0.015227983 -1.927974463 0.007084481 -0.015189491 0.999859512 70.824729919
0.999956906 0.003624989 -0.008548887 1.256674409 -0.003491616 0.999872744 0.015564789 -1.941563487 0.008604223 -0.015534270 0.999842286 71.417556763
0.999960959 0.005776103 -0.006691038 1.233673811 -0.005674379 0.999869466 0.015123469 -1.941563249 0.006777520 -0.015084910 0.999863207 71.909996033
0.999959052 0.005781176 -0.006966556 1.243632436 -0.005674530 0.999867916 0.015231860 -1.945684195 0.007053693 -0.015191702 0.999859750 72.457542419
0.999961376 0.005523871 -0.006840451 1.244524956 -0.005419796 0.999870598 0.015140887 -1.953197360 0.006923203 -0.015103230 0.999861896 72.990570068
0.999960303 0.006240286 -0.006368306 1.248730302 -0.006146191 0.999873221 0.014689678 -1.954773903 0.006459165 -0.014649954 0.999871850 73.559638977
0.999959886 0.005487987 -0.007074769 1.266901493 -0.005382872 0.999876082 0.014792186 -1.964690089 0.007155072 -0.014753513 0.999865532 74.049751282
0.999960482 0.005085279 -0.007281432 1.279645443 -0.004975349 0.999874592 0.015036704 -1.974193692 0.007356985 -0.014999882 0.999860466 74.585067749
0.999960124 0.005065809 -0.007340311 1.290131330 -0.004955312 0.999875247 0.014994089 -1.987664938 0.007415352 -0.014957119 0.999860585 75.101043701
0.999961078 0.005882953 -0.006579358 1.287832022 -0.005783895 0.999871135 0.014974769 -1.991309762 0.006666605 -0.014936134 0.999866247 75.679748535
0.999958456 0.004665520 -0.007822088 1.325295806 -0.004554036 0.999888659 0.014210174 -1.962484479 0.007887514 -0.014173964 0.999868393 76.206802368
0.999960899 0.005896368 -0.006579860 1.297608137 -0.005794664 0.999865055 0.015370197 -2.016495705 0.006669600 -0.015331469 0.999860227 76.753913879
0.999962926 0.006018978 -0.006157381 1.304876924 -0.005922670 0.999861658 0.015541420 -2.023524523 0.006250073 -0.015504378 0.999860227 77.304054260
0.999964237 0.005139913 -0.006704733 1.322448730 -0.005038886 0.999874830 0.014998848 -2.021741152 0.006780986 -0.014964528 0.999865055 77.850875854
0.999962330 0.005231142 -0.006917764 1.330711722 -0.005126411 0.999873281 0.015071322 -2.033191681 0.006995726 -0.015035292 0.999862492 78.411766052
0.999962986 0.005568385 -0.006558341 1.334925532 -0.005470288 0.999874234 0.014881775 -2.042119980 0.006640383 -0.014845349 0.999867737 78.968460083
0.999966979 0.005428587 -0.006045668 1.340457678 -0.005338609 0.999876201 0.014801081 -2.043621778 0.006125269 -0.014768317 0.999872208 79.538154602
0.999972463 0.005777357 -0.004652566 1.347061276 -0.005708510 0.999875963 0.014677454 -2.052436829 0.004736786 -0.014650492 0.999881387 80.104309082
0.999978185 0.005657683 -0.003412696 1.357496977 -0.005606712 0.999875247 0.014764644 -2.062484741 0.003495804 -0.014745187 0.999885142 80.674209595
0.999980688 0.005991068 -0.001597504 1.368619204 -0.005966866 0.999873400 0.014746500 -2.069560051 0.001685650 -0.014736686 0.999889970 81.234588623
0.999977469 0.006351905 0.002170015 1.375453115 -0.006383139 0.999871671 0.014703426 -2.078505516 -0.002076341 -0.014716949 0.999889553 81.798202515
0.999965966 0.005810369 0.005854977 1.393851399 -0.005897504 0.999870598 0.014976498 -2.090321302 -0.005767199 -0.015010523 0.999870658 82.363121033
0.999941647 0.005948035 0.009018731 1.416827083 -0.006081932 0.999870598 0.014892595 -2.098379850 -0.008928983 -0.014946577 0.999848425 82.929496765
0.999893486 0.005761582 0.013408679 1.450948000 -0.005958720 0.999874055 0.014709055 -2.111430168 -0.013322243 -0.014787386 0.999801874 83.468116760
0.999784291 0.006220452 0.019815784 1.466333151 -0.006518559 0.999866009 0.015014960 -2.117508888 -0.019719722 -0.015140892 0.999690890 84.070129395
0.999676466 0.005364760 0.024863359 1.507050395 -0.005749988 0.999864101 0.015448286 -2.129305840 -0.024777103 -0.015586250 0.999571562 84.574180603
0.999506235 0.005694749 0.030898469 1.536116838 -0.006153223 0.999872029 0.014763338 -2.133670330 -0.030810440 -0.014946174 0.999413490 85.169326782
0.999225914 0.005988697 0.038878523 1.577756763 -0.006568557 0.999868810 0.014804070 -2.139287949 -0.038784772 -0.015047987 0.999134302 85.740074158
0.998892128 0.005633714 0.046719473 1.626883030 -0.006315751 0.999875426 0.014463846 -2.150516510 -0.046632160 -0.014742891 0.998803318 86.288642883
0.998568296 0.004988838 0.053258199 1.678621531 -0.005778446 0.999875486 0.014682365 -2.157529593 -0.053178314 -0.014969094 0.998472810 86.837501526
0.998048365 0.005294734 0.062222917 1.729367733 -0.006209050 0.999875367 0.014510020 -2.165067434 -0.062138338 -0.014868042 0.997956812 87.381507874
0.997366667 0.005017364 0.072350077 1.791990280 -0.006086523 0.999875426 0.014564685 -2.174849749 -0.072267972 -0.014966692 0.997272968 87.924034119
0.996730030 0.004680631 0.080667108 1.859928131 -0.005865954 0.999878168 0.014463291 -2.183626652 -0.080589600 -0.014889186 0.996636093 88.466552734
0.996044219 0.004664972 0.088736244 1.922457695 -0.005956432 0.999880075 0.014294688 -2.190420389 -0.088658907 -0.014766693 0.995952606 89.026107788
0.995053053 0.004275369 0.099253215 1.999765396 -0.005711731 0.999882936 0.014192043 -2.198476076 -0.099180914 -0.014688741 0.994961023 89.567588806
0.993934572 0.003803189 0.109907471 2.081285000 -0.005404603 0.999883413 0.014276336 -2.208415508 -0.109840356 -0.014783747 0.993839264 90.114204407
0.992888093 0.003536959 0.118998691 2.167304993 -0.005240852 0.999888062 0.014008685 -2.216481686 -0.118935853 -0.014532712 0.992795587 90.668762207
0.991522431 0.003341787 0.129892483 2.259848595 -0.005202236 0.999888659 0.013986320 -2.222452641 -0.129831269 -0.014543484 0.991429448 91.213935852
0.989830434 0.003497965 0.142209291 2.357981682 -0.005552532 0.999885857 0.014053223 -2.235962391 -0.142143905 -0.014699930 0.989736795 91.748695374
0.988248050 0.002886447 0.152831092 2.464421272 -0.005021241 0.999895096 0.013584206 -2.238294601 -0.152775839 -0.014191966 0.988158941 92.312011719
0.986618400 0.002284454 0.163030565 2.573391914 -0.004555318 0.999897718 0.013556599 -2.243989468 -0.162982911 -0.014117843 0.986527979 92.857444763
0.984366417 0.002280947 0.176118031 2.689888000 -0.004718808 0.999898732 0.013424636 -2.253230572 -0.176069573 -0.014045828 0.984277487 93.396492004
0.982064366 0.001890232 0.188536435 2.805612564 -0.004486739 0.999900877 0.013346075 -2.260803938 -0.188492492 -0.013952620 0.981975496 93.935638428
0.980089247 0.001315637 0.198553234 2.929848671 -0.004049160 0.999902546 0.013361800 -2.267606974 -0.198516294 -0.013899731 0.979999006 94.474578857
0.977283418 0.001310116 0.211933151 3.063272476 -0.004299653 0.999897659 0.013645795 -2.278099537 -0.211893573 -0.014247047 0.977188885 95.026206970
0.974277437 0.000884189 0.225350037 3.211000443 -0.004049104 0.999899566 0.013582651 -2.285250902 -0.225315377 -0.014145737 0.974183142 95.573745728
0.971551538 0.000641311 0.236827269 3.351268768 -0.003997114 0.999898255 0.013689959 -2.295487881 -0.236794397 -0.014247128 0.971455336 96.113555908
0.968483269 0.000810126 0.249076843 3.499021530 -0.004342974 0.999897599 0.013634564 -2.304429770 -0.249040291 -0.014286585 0.968387723 96.652534485
0.964723468 0.000671086 0.263264239 3.649276733 -0.004426826 0.999896646 0.013673134 -2.317481518 -0.263227850 -0.014356218 0.964626849 97.169860840
0.961413801 -0.000023151 0.275106460 3.844446182 -0.003816883 0.999902606 0.013422992 -2.323393345 -0.275079995 -0.013955098 0.961320043 97.697914124
0.957918048 -0.000022118 0.287041694 4.013298035 -0.003991670 0.999902248 0.013398085 -2.328800440 -0.287013918 -0.013980046 0.957824409 98.263847351
0.953641117 0.000220396 0.300946146 4.203855515 -0.004521263 0.999897361 0.013594750 -2.338254929 -0.300912321 -0.014325170 0.953544199 98.802001953
0.949256539 -0.000356173 0.314502597 4.407608032 -0.004055455 0.999902368 0.013372880 -2.344861031 -0.314476639 -0.013969745 0.949162424 99.318916321
0.945475996 -0.001109114 0.325689971 4.607454300 -0.003485700 0.999902487 0.013524067 -2.353023529 -0.325673193 -0.013921936 0.945379913 99.831390381
0.941002369 -0.001503101 0.338396668 4.824165344 -0.003194680 0.999906123 0.013325082 -2.359357357 -0.338384867 -0.013620003 0.940909207 100.360290527
0.935814917 -0.001609147 0.352488071 5.043371201 -0.003350215 0.999903798 0.013459104 -2.369331598 -0.352475762 -0.013776145 0.935719550 100.875411987
0.931127429 -0.002092340 0.364687949 5.269987106 -0.002949299 0.999907553 0.013267014 -2.374151707 -0.364682049 -0.013428854 0.931035280 101.392120361
0.926911354 -0.002420261 0.375272632 5.500936508 -0.002605923 0.999913573 0.012885330 -2.378911972 -0.375271320 -0.012921490 0.926824927 101.906234741
0.921287358 -0.002530960 0.388874203 5.738319397 -0.002632162 0.999915302 0.012743770 -2.380181074 -0.388873547 -0.012764256 0.921202719 102.415451050
0.915644109 -0.002805320 0.401980042 5.981880188 -0.002464248 0.999917626 0.012591328 -2.385456324 -0.401982278 -0.012519755 0.915561855 102.925239563
0.910662591 -0.003751047 0.413133889 6.242435455 -0.001622544 0.999918580 0.012655297 -2.395685196 -0.413147718 -0.012195033 0.910582364 103.432357788
0.904384911 -0.003455976 0.426703721 6.502735138 -0.002063842 0.999920070 0.012472839 -2.401202440 -0.426712751 -0.012160896 0.904305398 103.927093506
0.897575796 -0.004307535 0.440838963 6.773380280 -0.001399621 0.999919355 0.012620150 -2.406231880 -0.440857798 -0.011944550 0.897497475 104.430892944
0.891920149 -0.004714571 0.452168405 7.048782349 -0.000919915 0.999924660 0.012240364 -2.426484823 -0.452192068 -0.011333384 0.891848505 104.878921509
0.885962725 -0.005448703 0.463724434 7.343688965 -0.000406447 0.999921441 0.012525480 -2.415956497 -0.463756263 -0.011285588 0.885890961 105.445266724
0.879018247 -0.005711930 0.476754040 7.600513458 -0.000084986 0.999926269 0.012136688 -2.430054188 -0.476788133 -0.010708887 0.878953040 105.846908569
