1.000000000 0.000000000 0.000000000 0.000000000 0.000000000 1.000000000 0.000000000 0.000000000 0.000000000 0.000000000 1.000000000 0.000000000
1.000000000 0.000077624 0.000001164 0.000132089 -0.000077624 1.000000000 -0.000024232 0.000076777 -0.000001166 0.000024232 1.000000000 -0.000011748
1.000000000 0.000105846 0.000075908 -0.000449246 -0.000105849 1.000000000 0.000048193 -0.000200810 -0.000075903 -0.000048201 1.000000000 0.000292808
1.000000000 -0.000034143 0.000052041 0.000207055 0.000034144 1.000000000 -0.000018457 0.000549810 -0.000052040 0.000018459 1.000000000 0.000739344
1.000000000 -0.000047690 0.000065193 -0.000430693 0.000047687 1.000000000 0.000046975 -0.000274417 -0.000065196 -0.000046972 1.000000000 -0.000417931
1.000000000 0.000014088 0.000127509 -0.000953807 -0.000014090 1.000000000 0.000014387 0.000435134 -0.000127508 -0.000014389 1.000000000 0.000395952
1.000000000 -0.000080328 0.000082254 -0.000043485 0.000080328 1.000000000 -0.000001700 0.000022169 -0.000082254 0.000001707 1.000000000 0.000158380
1.000000000 -0.000007836 0.000061678 0.000098714 0.000007831 1.000000000 0.000092714 -0.000836904 -0.000061679 -0.000092713 1.000000000 -0.000437363
1.000000000 0.000004325 0.000020547 -0.000264898 -0.000004324 1.000000000 -0.000059127 0.000091231 -0.000020547 0.000059127 1.000000000 -0.000026459
1.000000000 -0.000002899 0.000066030 0.000136238 0.000002895 1.000000000 0.000062604 -0.001208414 -0.000066030 -0.000062604 1.000000000 -0.000354463
1.000000000 0.000074375 0.000084760 -0.000709193 -0.000074383 1.000000000 0.000089776 -0.001029783 -0.000084753 -0.000089782 1.000000000 -0.000286694
1.000000000 0.000031680 0.000091925 -0.000031578 -0.000031682 1.000000000 0.000013772 0.000156069 -0.000091924 -0.000013775 1.000000000 0.000588425
1.000000000 0.000073353 0.000031100 -0.000433624 -0.000073351 1.000000000 -0.000041147 -0.000750934 -0.000031103 0.000041145 1.000000000 -0.001169757
1.000000000 0.000066904 0.000061164 -0.000443752 -0.000066905 1.000000000 0.000018466 0.000064369 -0.000061162 -0.000018470 1.000000000 0.000140840
1.000000000 -0.000015893 0.000043828 -0.000152190 0.000015895 1.000000000 -0.000064957 0.000491853 -0.000043827 0.000064958 1.000000000 -0.000032321
1.000000000 0.000016510 -0.000005070 0.000687149 -0.000016510 1.000000000 -0.000032674 0.000794189 0.000005070 0.000032674 1.000000000 0.000996583
1.000000000 0.000030558 0.000076775 -0.000071678 -0.000030554 1.000000000 -0.000062904 0.000961665 -0.000076777 0.000062902 1.000000000 0.001141323
1.000000000 0.000078092 0.000066985 -0.001113039 -0.000078090 1.000000000 -0.000033507 0.000112745 -0.000066988 0.000033502 1.000000000 -0.000479004
0.999999940 0.000208627 0.000140909 -0.001462692 -0.000208624 1.000000000 -0.000017504 0.000543672 -0.000140912 0.000017474 1.000000000 0.000988559
1.000000000 0.000120062 0.000134628 -0.001081583 -0.000120056 1.000000000 -0.000046556 0.000938321 -0.000134633 0.000046540 1.000000000 0.001100449
1.000000000 0.000104152 0.000128221 -0.001073659 -0.000104149 1.000000000 -0.000023459 0.000028718 -0.000128223 0.000023446 1.000000000 0.000506607
1.000000000 0.000180732 0.000105462 -0.001615770 -0.000180734 1.000000000 0.000011369 0.000403149 -0.000105460 -0.000011388 1.000000000 0.000737283
1.000000000 0.000164297 0.000044165 -0.000097611 -0.000164298 1.000000000 0.000009764 0.000632866 -0.000044163 -0.000009771 1.000000000 0.001189010
1.000000000 0.000112538 0.000070360 -0.000711088 -0.000112537 1.000000000 -0.000018016 0.001028094 -0.000070362 0.000018008 1.000000000 0.001349860
0.999999940 0.000328860 0.000044787 -0.001246268 -0.000328861 0.999999940 0.000022248 0.001254583 -0.000044780 -0.000022263 1.000000000 0.001644013
0.999999940 0.000335794 0.000109891 -0.001249120 -0.000335796 0.999999940 0.000016744 0.000960888 -0.000109885 -0.000016781 1.000000000 0.000502201
1.000000000 0.000187409 0.000140361 -0.000719053 -0.000187410 1.000000000 0.000004249 0.002168600 -0.000140360 -0.000004275 1.000000000 0.002223745
0.999999940 0.000218469 0.000185716 -0.001607745 -0.000218475 1.000000000 0.000028556 0.001199845 -0.000185710 -0.000028597 1.000000000 0.001473215
1.000000000 0.000144691 0.000071120 -0.000679783 -0.000144691 1.000000000 -0.000001739 0.001817883 -0.000071120 0.000001729 1.000000000 0.001314598
1.000000000 0.000163610 0.000132160 -0.001368625 -0.000163602 1.000000000 -0.000057359 0.002059811 -0.000132169 0.000057338 1.000000000 0.002185742
1.000000000 0.000159196 0.000182629 -0.000875657 -0.000159198 1.000000000 0.000010090 0.001128724 -0.000182627 -0.000010119 1.000000000 0.001938847
1.000000000 0.000095607 0.000133260 -0.000659319 -0.000095603 1.000000000 -0.000030064 0.002014170 -0.000133263 0.000030052 1.000000000 0.002189320
1.000000000 0.000231897 0.000066413 -0.000427895 -0.000231890 0.999999940 -0.000112027 0.002172840 -0.000066439 0.000112011 1.000000000 0.001609851
1.000000000 0.000177809 0.000145152 -0.001441991 -0.000177805 1.000000000 -0.000027399 0.001386615 -0.000145157 0.000027373 1.000000000 0.001217889
0.999999940 0.000251007 0.000205717 -0.002270499 -0.000250985 0.999999940 -0.000106251 0.001190536 -0.000205744 0.000106199 1.000000000 0.000981292
0.999999940 0.000280703 0.000213387 -0.001718090 -0.000280686 0.999999940 -0.000080682 0.001827562 -0.000213410 0.000080622 1.000000000 0.001714916
0.999999940 0.000203946 0.000139082 -0.000957981 -0.000203947 1.000000000 0.000003057 0.001404536 -0.000139081 -0.000003086 1.000000000 0.001066844
0.999999940 0.000249560 0.000093892 -0.000958049 -0.000249558 0.999999940 -0.000019784 0.002175411 -0.000093897 0.000019761 1.000000000 0.002099506
0.999999940 0.000308617 0.000170316 -0.001087783 -0.000308615 0.999999940 -0.000011839 0.001693898 -0.000170320 0.000011786 1.000000000 0.000840169
0.999999940 0.000222123 0.000112213 -0.000748398 -0.000222118 1.000000000 -0.000049919 0.002887664 -0.000112224 0.000049894 1.000000000 0.002093510
1.000000000 0.000114202 0.000082651 -0.000208473 -0.000114196 1.000000000 -0.000068143 0.001225088 -0.000082659 0.000068134 1.000000000 0.003295647
0.999999702 0.000594524 0.000326295 -0.002535463 -0.000594437 0.999999762 -0.000268692 -0.004707927 -0.000326455 0.000268498 0.999999940 0.049972147
0.999999702 0.000681941 0.000267828 -0.000191516 -0.000681714 0.999999404 -0.000847250 -0.004911834 -0.000268405 0.000847067 0.999999642 0.140731588
0.999999106 0.001179978 0.000521415 -0.001641611 -0.001179412 0.999998629 -0.001084520 -0.007888659 -0.000522694 0.001083904 0.999999285 0.256732643
0.999999225 0.001124510 0.000526256 0.001953103 -0.001123966 0.999998808 -0.001033957 -0.010521194 -0.000527419 0.001033365 0.999999344 0.389448404
0.999999285 0.001103223 0.000465009 0.004388118 -0.001102817 0.999998987 -0.000873850 -0.013555881 -0.000465973 0.000873337 0.999999523 0.531614363
0.999999642 0.000721376 0.000480653 0.009701378 -0.000721136 0.999999583 -0.000498198 -0.023103204 -0.000481012 0.000497851 0.999999762 0.686563969
0.999999464 0.000825384 0.000578015 0.015474143 -0.000825259 0.999999583 -0.000216453 -0.027424894 -0.000578194 0.000215976 0.999999821 0.848398983
0.999999523 0.000765945 0.000628892 0.014892604 -0.000765853 0.999999642 -0.000145533 -0.030731553 -0.000629004 0.000145051 0.999999762 1.022840619
0.999999464 0.000776428 0.000625240 0.018509720 -0.000776396 0.999999821 -0.000051858 -0.034402240 -0.000625280 0.000051372 0.999999821 1.202573776
0.999999464 0.000854575 0.000585631 0.023965489 -0.000854594 0.999999642 0.000031372 -0.039665107 -0.000585604 -0.000031873 0.999999821 1.386383176
0.999999404 0.000983649 0.000340830 0.027699666 -0.000983639 0.999999523 -0.000030712 -0.042452242 -0.000340860 0.000030377 0.999999940 1.579169989
0.999999642 0.000640428 0.000569990 0.033403609 -0.000640490 0.999999821 0.000107993 -0.048310637 -0.000569921 -0.000108358 0.999999821 1.782240272
0.999999166 0.000978838 0.000734737 0.031315707 -0.000979133 0.999999464 0.000402378 -0.058996260 -0.000734342 -0.000403097 0.999999583 1.978083730
0.999999821 0.000362216 0.000528013 0.040720612 -0.000362688 0.999999523 0.000894169 -0.068700463 -0.000527689 -0.000894360 0.999999464 2.189860821
0.999999404 0.000784312 0.000766041 0.042657595 -0.000784835 0.999999404 0.000682364 -0.072770543 -0.000765506 -0.000682965 0.999999464 2.407960415
0.999999225 0.001017534 0.000705811 0.046595391 -0.001018014 0.999999225 0.000680233 -0.078599140 -0.000705118 -0.000680951 0.999999523 2.634602785
0.999999344 0.000869762 0.000736147 0.052867305 -0.000870416 0.999999285 0.000889141 -0.086332545 -0.000735373 -0.000889781 0.999999344 2.866682291
0.999999404 0.000572786 0.000940504 0.056063373 -0.000573704 0.999999285 0.000976078 -0.094151333 -0.000939945 -0.000976617 0.999999106 3.110122681
0.999999046 0.000939929 0.000934612 0.062629707 -0.000940838 0.999999046 0.000973242 -0.100472480 -0.000933697 -0.000974120 0.999999046 3.350699186
0.999999106 0.000840371 0.001021389 0.065251440 -0.000841448 0.999999106 0.001054175 -0.106561609 -0.001020502 -0.001055033 0.999998927 3.605983973
0.999998808 0.001090099 0.001100961 0.068416923 -0.001091290 0.999998748 0.001082401 -0.115119472 -0.001099780 -0.001083601 0.999998808 3.861100197
0.999998629 0.001011395 0.001300904 0.072660014 -0.001012614 0.999999166 0.000936494 -0.118493080 -0.001299955 -0.000937811 0.999998689 4.118721962
0.999998033 0.001295278 0.001506368 0.078124247 -0.001296651 0.999998689 0.000911376 -0.121964276 -0.001505186 -0.000913327 0.999998450 4.383110523
0.999998689 0.000989790 0.001302784 0.085428581 -0.000991357 0.999998808 0.001202652 -0.131637737 -0.001301592 -0.001203941 0.999998450 4.642108917
0.999997616 0.001345871 0.001694720 0.089396738 -0.001348140 0.999998212 0.001338507 -0.140295774 -0.001692916 -0.001340789 0.999997735 4.899240494
0.999997079 0.001663165 0.001762142 0.092034489 -0.001665499 0.999997735 0.001324011 -0.145948321 -0.001759936 -0.001326941 0.999997556 5.162695885
0.999996841 0.001623805 0.001888757 0.093449444 -0.001625957 0.999998152 0.001138607 -0.153607100 -0.001886905 -0.001141675 0.999997556 5.424001694
0.999996543 0.001735682 0.001985159 0.097290717 -0.001737686 0.999997973 0.001008580 -0.160432726 -0.001983405 -0.001012026 0.999997497 5.689804554
0.999996483 0.001550868 0.002124803 0.098906346 -0.001553087 0.999998152 0.001043116 -0.168820903 -0.002123182 -0.001046412 0.999997199 5.958989143
0.999996483 0.001695065 0.002038283 0.110958405 -0.001697007 0.999998093 0.000951424 -0.174160600 -0.002036666 -0.000954880 0.999997497 6.235195160
0.999995828 0.001954498 0.002163083 0.117115408 -0.001956472 0.999997735 0.000910852 -0.179025531 -0.002161297 -0.000915080 0.999997199 6.525432587
0.999994636 0.002411611 0.002223128 0.118375525 -0.002414160 0.999996364 0.001144598 -0.189381644 -0.002220359 -0.001149959 0.999996841 6.814876080
0.999995053 0.002141082 0.002314990 0.127044484 -0.002143544 0.999997139 0.001061598 -0.194920897 -0.002312710 -0.001066555 0.999996722 7.119284153
0.999994278 0.002348908 0.002444418 0.132183552 -0.002352315 0.999996245 0.001392044 -0.206581965 -0.002441138 -0.001397787 0.999996066 7.414441586
0.999995589 0.001851659 0.002323814 0.138971373 -0.001854859 0.999997377 0.001375408 -0.217649803 -0.002321261 -0.001379712 0.999996364 7.718066216
0.999994636 0.002236452 0.002397120 0.150302306 -0.002239928 0.999996364 0.001448412 -0.227316648 -0.002393871 -0.001453774 0.999996066 8.036988258
0.999992907 0.002584650 0.002741067 0.150411814 -0.002589462 0.999995112 0.001753389 -0.236582845 -0.002736522 -0.001760474 0.999994695 8.358450890
0.999993980 0.002348758 0.002559667 0.159503683 -0.002353062 0.999995768 0.001679492 -0.247741863 -0.002555712 -0.001685505 0.999995291 8.675938606
0.999993920 0.002498183 0.002433736 0.166089267 -0.002501974 0.999995649 0.001555837 -0.256106377 -0.002429839 -0.001561916 0.999995828 9.017170906
0.999995530 0.002225742 0.001972321 0.176200196 -0.002228628 0.999996364 0.001462116 -0.267037064 -0.001969060 -0.001466505 0.999997020 9.358034134
0.999992788 0.002933899 0.002395815 0.179451615 -0.002938055 0.999994159 0.001732657 -0.283179015 -0.002390718 -0.001739684 0.999995649 9.684868813
0.999992371 0.002785323 0.002726133 0.183377087 -0.002790655 0.999994159 0.001954065 -0.291339844 -0.002720674 -0.001961658 0.999994397 10.040833473
0.999990642 0.003469241 0.002628150 0.190978542 -0.003473336 0.999992788 0.001554884 -0.300553948 -0.002622737 -0.001563998 0.999995351 10.406185150
0.999991775 0.003176469 0.002513909 0.201854557 -0.003180505 0.999993742 0.001602871 -0.310840517 -0.002508801 -0.001610854 0.999995589 10.769401550
0.999991894 0.003201318 0.002435506 0.208993733 -0.003205922 0.999993086 0.001889051 -0.319867045 -0.002429441 -0.001896844 0.999995232 11.135646820
0.999992013 0.002995203 0.002629213 0.217909753 -0.003000236 0.999993622 0.001912474 -0.328269303 -0.002623468 -0.001920347 0.999994695 11.516137123
0.999990463 0.003275157 0.002891953 0.221452817 -0.003280621 0.999992788 0.001886839 -0.342592478 -0.002885752 -0.001896309 0.999994040 11.895565987
0.999989986 0.003292740 0.003041203 0.230070829 -0.003298597 0.999992728 0.001922938 -0.353809983 -0.003034849 -0.001932950 0.999993503 12.287512779
0.999989748 0.003419197 0.002957142 0.242093652 -0.003426297 0.999991238 0.002399179 -0.369785190 -0.002948913 -0.002409286 0.999992728 12.659021378
0.999989271 0.003474357 0.003060058 0.247971877 -0.003482185 0.999990642 0.002556310 -0.378430724 -0.003051148 -0.002566939 0.999992073 13.061892509
0.999991834 0.002772999 0.002943007 0.263661176 -0.002779927 0.999993324 0.002352405 -0.390060633 -0.002936464 -0.002360567 0.999992907 13.451561928
0.999990582 0.002902648 0.003225044 0.270997703 -0.002910254 0.999992907 0.002356235 -0.398897737 -0.003218183 -0.002365598 0.999991953 13.863788605
0.999989748 0.002944778 0.003421476 0.282997966 -0.002953637 0.999992251 0.002587216 -0.409675002 -0.003413831 -0.002597296 0.999990821 14.274774551
0.999987721 0.003146743 0.003826733 0.290711075 -0.003156611 0.999991655 0.002575238 -0.424086392 -0.003818598 -0.002587286 0.999989390 14.693590164
0.999986768 0.003446702 0.003820297 0.300765693 -0.003456506 0.999990761 0.002562680 -0.435478181 -0.003811429 -0.002575851 0.999989331 15.119076729
0.999986768 0.003281970 0.003967714 0.315058976 -0.003291646 0.999991596 0.002434599 -0.448212028 -0.003959690 -0.002447627 0.999989152 15.555353165
0.999983490 0.003526605 0.004517589 0.320587039 -0.003537298 0.999990940 0.002361137 -0.457590580 -0.004509221 -0.002377079 0.999987006 15.997723579
0.999979973 0.003870533 0.005003802 0.331498176 -0.003883861 0.999988914 0.002656595 -0.470312178 -0.004993465 -0.002675976 0.999983966 16.437311172
0.999976575 0.004173735 0.005409526 0.340231597 -0.004186997 0.999988198 0.002442544 -0.481061518 -0.005399268 -0.002465136 0.999982357 16.887121201
0.999979019 0.003664417 0.005346204 0.353554577 -0.003677679 0.999990165 0.002472914 -0.493860811 -0.005337089 -0.002492524 0.999982655 17.336807251
0.999978423 0.003524731 0.005542316 0.362724096 -0.003541416 0.999989212 0.003003561 -0.510886908 -0.005531671 -0.003023124 0.999980152 17.799808502
0.999975443 0.003487938 0.006082286 0.375032037 -0.003502201 0.999991179 0.002335933 -0.517338574 -0.006074084 -0.002357177 0.999978781 18.271263123
0.999971986 0.003986165 0.006337636 0.393220514 -0.004000609 0.999989390 0.002267975 -0.526012599 -0.006328528 -0.002293266 0.999977350 18.744340897
0.999975324 0.003572863 0.006068880 0.400940895 -0.003588566 0.999990225 0.002578539 -0.543855309 -0.006059607 -0.002600254 0.999978244 19.210950851
0.999974370 0.003653572 0.006156892 0.412718564 -0.003672113 0.999988735 0.003002730 -0.560297012 -0.006145852 -0.003025262 0.999976516 19.685586929
0.999972463 0.003954485 0.006284536 0.411361873 -0.003977701 0.999985278 0.003685969 -0.578005016 -0.006269868 -0.003710865 0.999973416 20.180267334
0.999978840 0.003201822 0.005662084 0.446890563 -0.003218957 0.999990404 0.003019944 -0.585298657 -0.005652359 -0.003038106 0.999979377 20.655334473
0.999979794 0.003392742 0.005394714 0.475645781 -0.003410546 0.999988794 0.003294402 -0.597208023 -0.005383478 -0.003312734 0.999979973 21.172233582
0.999980628 0.003503806 0.005142786 0.460278213 -0.003518716 0.999989629 0.002893069 -0.605429173 -0.005132596 -0.002911108 0.999982595 21.677947998
0.999981880 0.003931546 0.004559522 0.473993510 -0.003943224 0.999988973 0.002555115 -0.615501702 -0.004549427 -0.002573048 0.999986351 22.195064545
0.999987185 0.003116776 0.004015089 0.491092682 -0.003127865 0.999991298 0.002758509 -0.631759167 -0.004006458 -0.002771032 0.999988139 22.700668335
0.999987841 0.003589465 0.003376463 0.506784201 -0.003598692 0.999989748 0.002730792 -0.648879409 -0.003366627 -0.002742910 0.999990582 23.220914841
0.999989212 0.003217699 0.003348589 0.506606460 -0.003228555 0.999989510 0.003241502 -0.667112887 -0.003338124 -0.003252279 0.999989152 23.734325409
0.999992430 0.002441514 0.003031490 0.517145693 -0.002448578 0.999994218 0.002328763 -0.680162370 -0.003025787 -0.002336168 0.999992669 24.262329102
0.999994755 0.002564454 0.001936633 0.531066120 -0.002570288 0.999992073 0.003016447 -0.693963885 -0.001928882 -0.003021409 0.999993563 24.792303085
0.999995470 0.002747318 0.001219555 0.542519033 -0.002751418 0.999990523 0.003372310 -0.711386740 -0.001210279 -0.003375651 0.999993563 25.330976486
0.999993682 0.003422601 0.000981071 0.544388533 -0.003425655 0.999989152 0.003128788 -0.720320523 -0.000970352 -0.003132128 0.999994636 25.869409561
0.999993265 0.003578363 0.000886873 0.548876226 -0.003580832 0.999989569 0.002797346 -0.729219615 -0.000876854 -0.002800503 0.999995708 26.420831680
0.999995947 0.002806381 0.000241902 0.569444239 -0.002807193 0.999990165 0.003426870 -0.747205317 -0.000232282 -0.003427536 0.999994099 26.989282608
0.999996603 0.002535764 -0.000523199 0.583171606 -0.002533715 0.999989212 0.003881768 -0.767318964 0.000533037 -0.003880430 0.999992371 27.541402817
0.999993682 0.003524650 -0.000408420 0.583819032 -0.003523223 0.999987781 0.003443142 -0.780366480 0.000420551 -0.003441682 0.999993920 28.090730667
0.999993384 0.003570837 -0.000701065 0.599175811 -0.003568482 0.999988079 0.003333781 -0.782124400 0.000712962 -0.003331257 0.999994218 28.652702332
0.999992847 0.003701197 -0.000796660 0.604970932 -0.003698164 0.999985993 0.003775200 -0.812277019 0.000810622 -0.003772227 0.999992490 29.179386139
0.999991834 0.003888160 -0.001021641 0.609791815 -0.003884393 0.999985754 0.003663881 -0.823956251 0.001035873 -0.003659883 0.999992788 29.736474991
0.999990880 0.004126934 -0.001092905 0.615455925 -0.004122882 0.999984622 0.003685253 -0.835440516 0.001108097 -0.003680713 0.999992609 30.282453537
0.999990463 0.003917979 -0.001887886 0.629705966 -0.003911014 0.999985516 0.003679237 -0.844314098 0.001902273 -0.003671818 0.999991477 30.830497742
0.999989212 0.004414338 -0.001416778 0.637362242 -0.004409294 0.999984026 0.003542988 -0.863197088 0.001432395 -0.003536703 0.999992669 31.369310379
0.999989629 0.003960304 -0.002241791 0.648613095 -0.003952967 0.999986887 0.003267666 -0.877502263 0.002254702 -0.003258771 0.999992132 31.915584564
0.999989629 0.003929427 -0.002297601 0.657632589 -0.003921247 0.999985993 0.003553961 -0.894034743 0.002311534 -0.003544914 0.999991059 32.471149445
0.999985337 0.004724349 -0.002633807 0.664623618 -0.004715048 0.999982715 0.003526033 -0.905285180 0.002650419 -0.003513563 0.999990344 33.010589600
0.999987900 0.004043127 -0.002786946 0.669405520 -0.004032332 0.999984384 0.003868206 -0.928076744 0.002802542 -0.003856922 0.999988616 33.551113129
0.999988794 0.003460005 -0.003234103 0.686304927 -0.003447774 0.999986887 0.003779745 -0.941156387 0.003247139 -0.003768552 0.999987662 34.097408295
0.999987006 0.003708433 -0.003473396 0.688830137 -0.003694966 0.999985576 0.003875817 -0.951864123 0.003487720 -0.003862933 0.999986470 34.632446289
0.999985218 0.003509003 -0.004160282 0.708057106 -0.003494173 0.999987543 0.003566811 -0.965064168 0.004172746 -0.003552221 0.999984980 35.198120117
0.999984920 0.003303065 -0.004359366 0.718691230 -0.003285033 0.999985993 0.004137051 -0.985230744 0.004372970 -0.004122668 0.999981940 35.686653137
0.999981046 0.003055884 -0.005340900 0.735751450 -0.003035001 0.999987602 0.003913685 -0.989613056 0.005352795 -0.003897401 0.999978125 36.268222809
0.999985874 0.003104104 -0.004321204 0.729440928 -0.003088723 0.999988854 0.003561502 -1.010976076 0.004332213 -0.003548105 0.999984324 36.829036713
0.999984384 0.003404766 -0.004434606 0.736263871 -0.003388883 0.999987841 0.003584189 -1.022767067 0.004446757 -0.003569105 0.999983668 37.385608673
0.999982238 0.003651924 -0.004699957 0.748416185 -0.003635983 0.999987662 0.003395848 -1.036745787 0.004712300 -0.003378699 0.999983132 37.933231354
0.999981701 0.003195792 -0.005130845 0.756944597 -0.003178411 0.999989271 0.003391997 -1.045794845 0.005141630 -0.003375628 0.999981046 38.488700867
0.999984801 0.003268571 -0.004435129 0.757115066 -0.003254073 0.999989331 0.003272368 -1.069205523 0.004445778 -0.003257886 0.999984801 39.011734009
0.999979913 0.002926142 -0.005626879 0.813916922 -0.002907931 0.999990523 0.003241780 -1.062645435 0.005636312 -0.003225352 0.999978960 39.590843201
0.999985337 0.002633092 -0.004727925 0.772259414 -0.002616136 0.999990284 0.003589016 -1.103331685 0.004737328 -0.003576595 0.999982357 40.113174438
0.999984920 0.002789565 -0.004721989 0.779872000 -0.002772003 0.999989271 0.003721756 -1.119617939 0.004732321 -0.003708611 0.999981880 40.664649963
0.999982953 0.004279950 -0.003976143 0.751669586 -0.004263275 0.999982119 0.004192697 -1.150404692 0.003994015 -0.004175675 0.999983251 41.223918915
0.999981761 0.002598550 -0.005444443 0.813868761 -0.002580122 0.999990880 0.003388793 -1.132459044 0.005453201 -0.003374684 0.999979377 41.781677246
0.999980867 0.004960216 -0.003708280 0.762641549 -0.004946738 0.999981105 0.003635151 -1.175307631 0.003726240 -0.003616737 0.999986470 42.324230194
0.999980807 0.004642467 -0.004108632 0.775451541 -0.004624059 0.999979317 0.004478280 -1.195978522 0.004129337 -0.004459195 0.999981523 42.850383759
0.999980688 0.004875138 -0.003856046 0.788347542 -0.004860043 0.999980509 0.003914398 -1.201009631 0.003875054 -0.003895581 0.999984920 43.401813507
0.999979198 0.004966401 -0.004118921 0.805284619 -0.004952383 0.999981940 0.003406798 -1.212617040 0.004135765 -0.003386329 0.999985695 43.963409424
0.999980807 0.004642145 -0.004092779 0.809788764 -0.004628425 0.999983668 0.003355625 -1.227960825 0.004108289 -0.003336618 0.999985993 44.493473053
0.999978125 0.005861145 -0.003072578 0.810224414 -0.005849694 0.999975979 0.003722247 -1.244006157 0.003094320 -0.003704193 0.999988377 45.065509796
0.999984562 0.003839020 -0.004013802 0.850330591 -0.003827026 0.999988139 0.002991515 -1.240903616 0.004025239 -0.002976108 0.999987423 45.621040344
0.999984503 0.004141526 -0.003722021 0.853125155 -0.004131013 0.999987483 0.002827676 -1.249474287 0.003733686 -0.002812256 0.999989092 46.169075012
0.999983907 0.004154065 -0.003862373 0.871639371 -0.004143852 0.999987900 0.002648841 -1.266991973 0.003873331 -0.002632794 0.999989033 46.727851868
0.999983549 0.004011562 -0.004096919 0.885205507 -0.003998749 0.999987125 0.003130998 -1.280268669 0.004109427 -0.003114564 0.999986708 47.278629303
0.999984801 0.004039360 -0.003753073 0.891490936 -0.004027823 0.999987185 0.003076824 -1.293982506 0.003765453 -0.003061661 0.999988198 47.848983765
0.999975502 0.006353167 -0.002934291 0.868899763 -0.006339142 0.999968529 0.004764845 -1.388286829 0.002964470 -0.004746128 0.999984264 48.232093811
0.999976337 0.006373372 -0.002574124 0.878965795 -0.006359729 0.999965847 0.005273832 -1.397751689 0.002607648 -0.005257337 0.999982774 48.744338989
0.999972641 0.006954943 -0.002534125 0.890232563 -0.006942615 0.999964178 0.004841208 -1.406455517 0.002567706 -0.004823483 0.999985099 49.294715881
0.999976337 0.006497255 -0.002271730 0.898077130 -0.006486720 0.999968231 0.004613649 -1.427559137 0.002301634 -0.004598804 0.999986708 49.777690887
0.999975681 0.006653984 -0.002079387 0.902119458 -0.006642981 0.999964118 0.005254502 -1.446457148 0.002114276 -0.005240562 0.999983966 50.297744751
0.999974370 0.006875265 -0.001972750 0.906001568 -0.006865418 0.999964118 0.004955498 -1.455449700 0.002006749 -0.004941828 0.999985754 50.842941284
0.999975085 0.006747193 -0.002070988 0.935759008 -0.006736362 0.999963760 0.005193556 -1.480943918 0.002105955 -0.005179475 0.999984384 51.306850433
0.999976277 0.006440002 -0.002472037 0.938605189 -0.006427032 0.999965727 0.005218518 -1.498795390 0.002505559 -0.005202506 0.999983311 51.840774536
0.999968052 0.007657384 -0.002287156 0.961399019 -0.007644877 0.999955952 0.005428717 -1.511303782 0.002328624 -0.005411057 0.999982655 52.326568604
0.999966323 0.007876610 -0.002296891 0.968577743 -0.007864087 0.999954462 0.005410501 -1.523113012 0.002339402 -0.005392257 0.999982655 52.845867157
0.999963462 0.008291219 -0.002055307 0.977913439 -0.008280185 0.999951482 0.005319976 -1.535344958 0.002099317 -0.005302763 0.999983728 53.374988556
0.999963760 0.008312421 -0.001839112 0.988608479 -0.008303083 0.999952912 0.005026730 -1.550811291 0.001880810 -0.005011277 0.999985695 53.886840820
0.999963939 0.008310172 -0.001765401 0.993825674 -0.008300951 0.999952197 0.005167840 -1.567762136 0.001808263 -0.005152999 0.999985099 54.399749756
0.999964297 0.008093941 -0.002460561 1.008332372 -0.008082225 0.999956131 0.004734653 -1.575720310 0.002498775 -0.004714597 0.999985814 54.954711914
0.999967039 0.007777975 -0.002300483 1.035445809 -0.007766870 0.999958277 0.004798152 -1.592144489 0.002337707 -0.004780126 0.999985754 55.447731018
0.999959290 0.008734710 -0.002231726 1.035296679 -0.008723571 0.999949634 0.004952948 -1.601891756 0.002274876 -0.004933278 0.999985218 55.985847473
0.999959290 0.008865591 -0.001637585 1.043750644 -0.008857212 0.999948144 0.005053814 -1.617585301 0.001682306 -0.005039105 0.999985874 56.512943268
0.999953926 0.009468788 -0.001551663 1.047613978 -0.009461183 0.999943554 0.004837984 -1.632190228 0.001597386 -0.004823081 0.999987125 57.043212891
0.999956787 0.009199703 -0.001306870 1.051941156 -0.009193832 0.999947846 0.004429243 -1.645226002 0.001347551 -0.004417036 0.999989331 57.575920105
0.999956608 0.009222795 -0.001243379 1.063699841 -0.009217468 0.999948561 0.004225286 -1.657411695 0.001282283 -0.004213642 0.999990284 58.098682404
0.999953926 0.009533469 -0.001042450 1.067275286 -0.009529016 0.999945760 0.004196740 -1.669126391 0.001082402 -0.004186614 0.999990582 58.640106201
0.999957740 0.009133385 -0.000977628 1.077985644 -0.009128503 0.999946415 0.004885713 -1.697311878 0.001022198 -0.004876582 0.999987602 59.159019470
0.999959826 0.008899561 -0.001085271 1.086796761 -0.008894837 0.999951303 0.004280908 -1.699957609 0.001123317 -0.004271083 0.999990225 59.703022003
0.999959767 0.008930130 -0.000869801 1.095249772 -0.008926434 0.999951482 0.004163710 -1.708972931 0.000906941 -0.004155778 0.999990940 60.258090973
0.999951482 0.009806784 -0.000895262 1.108442783 -0.009802666 0.999941885 0.004493106 -1.722959757 0.000939273 -0.004484112 0.999989450 60.803874969
0.999955356 0.009428347 -0.000496303 1.125025749 -0.009426006 0.999945343 0.004526931 -1.730522633 0.000538957 -0.004522051 0.999989629 61.338478088
0.999951601 0.009830393 -0.000428462 1.135000706 -0.009828495 0.999942720 0.004228882 -1.745640516 0.000470010 -0.004224465 0.999990940 61.868064880
0.999947608 0.010237674 -0.000086333 1.142193079 -0.010237258 0.999939978 0.003907855 -1.756440639 0.000126335 -0.003906766 0.999992371 62.420768738
0.999955535 0.009403041 -0.000646202 1.170020461 -0.009399792 0.999944031 0.004858810 -1.776232600 0.000691853 -0.004852521 0.999987900 62.961112976
0.999940991 0.010852242 0.000417612 1.163679361 -0.010853998 0.999931216 0.004461828 -1.784387708 -0.000369163 -0.004466097 0.999989986 63.528686523
0.999949753 0.010003278 -0.000605833 1.194949865 -0.010000445 0.999939740 0.004510214 -1.800456643 0.000650913 -0.004503928 0.999989629 64.013000488
0.999944866 0.010498872 -0.000579459 1.201800823 -0.010496145 0.999934793 0.004520291 -1.811973095 0.000626880 -0.004513960 0.999989569 64.545509338
0.999946117 0.010376886 -0.000213591 1.209728956 -0.010375815 0.999935865 0.004528538 -1.827911735 0.000260570 -0.004526077 0.999989748 65.083518982
0.999945343 0.010449260 -0.000339625 1.219403028 -0.010447716 0.999936223 0.004273507 -1.839324236 0.000384259 -0.004269725 0.999990821 65.624237061
0.999950945 0.009903772 -0.000261996 1.228491306 -0.009902662 0.999943137 0.003948088 -1.847750783 0.000301083 -0.003945300 0.999992132 66.174301147
0.999952912 0.009705432 0.000034446 1.241935849 -0.009705492 0.999946833 0.003485410 -1.860353708 -0.000000617 -0.003485581 0.999993920 66.727752686
0.999950111 0.010002329 -0.000123226 1.253778100 -0.010001723 0.999941111 0.004200235 -1.877817988 0.000165231 -0.004198792 0.999991179 67.246437073
0.999956906 0.009226687 -0.001043729 1.267514110 -0.009222749 0.999950528 0.003716577 -1.891050696 0.001077969 -0.003706790 0.999992609 67.785858154
0.999945045 0.010475993 0.000114937 1.272278786 -0.010476378 0.999936461 0.004159215 -1.909562826 -0.000071358 -0.004160191 0.999991357 68.317031860
0.999946654 0.010326256 -0.000287789 1.284779668 -0.010324951 0.999937832 0.004210114 -1.924075246 0.000331246 -0.004206918 0.999991119 68.850708008
0.999945998 0.010389639 -0.000331480 1.300357342 -0.010388316 0.999938905 0.003771200 -1.938942313 0.000370642 -0.003767553 0.999992847 69.399131775
0.999948025 0.010203107 -0.000088180 1.308552861 -0.010202711 0.999941051 0.003712367 -1.951635957 0.000126053 -0.003711274 0.999993145 69.952545166
0.999949932 0.010009021 -0.000098302 1.323544145 -0.010008584 0.999942958 0.003732218 -1.967144251 0.000135652 -0.003731047 0.999993026 70.481773376
0.999948561 0.010144059 -0.000163894 1.335922480 -0.010143425 0.999942422 0.003495974 -1.982913375 0.000199347 -0.003494132 0.999993801 71.019561768
0.999954522 0.009524288 -0.000412518 1.347911119 -0.009522705 0.999947846 0.003676808 -1.997661829 0.000447515 -0.003672712 0.999993145 71.556396484
0.999951661 0.009831349 -0.000191593 1.354230881 -0.009830692 0.999946594 0.003181048 -2.010855675 0.000222857 -0.003179010 0.999994934 72.083412170
0.999950051 0.009991527 -0.000185267 1.369365215 -0.009990755 0.999942899 0.003782883 -2.028997421 0.000223053 -0.003780843 0.999992788 72.616828918
0.999944508 0.010535888 -0.000079004 1.377843976 -0.010535541 0.999938130 0.003550758 -2.039778233 0.000116410 -0.003549729 0.999993622 73.158576965
0.999952137 0.009777961 -0.000218433 1.396341562 -0.009777143 0.999946117 0.003476277 -2.054947138 0.000252412 -0.003473975 0.999993920 73.688858032
0.999945700 0.010411060 0.000372524 1.404902935 -0.010412406 0.999938488 0.003818510 -2.064549685 -0.000332747 -0.003822182 0.999992609 74.244270325
0.999948800 0.010117117 0.000099903 1.412033558 -0.010117410 0.999942482 0.003566528 -2.081236601 -0.000063814 -0.003567356 0.999993622 74.757232666
0.999943495 0.010620012 0.000229143 1.420757890 -0.010620723 0.999937892 0.003363942 -2.095019102 -0.000193404 -0.003366185 0.999994338 75.297386169
0.999943614 0.010607068 0.000285468 1.428381562 -0.010607936 0.999938488 0.003238686 -2.110347748 -0.000251097 -0.003241532 0.999994695 75.835876465
0.999945462 0.010435729 0.000062287 1.443571687 -0.010435867 0.999941230 0.002943292 -2.126746655 -0.000031568 -0.002943782 0.999995589 76.383338928
0.999936342 0.011265852 0.000669466 1.448182106 -0.011267834 0.999931931 0.003036224 -2.143785954 -0.000635215 -0.003043574 0.999995172 76.922332764
0.999945939 0.010398571 0.000199187 1.452340722 -0.010399147 0.999940932 0.003142785 -2.163217545 -0.000166495 -0.003144686 0.999995053 77.455375671
0.999940872 0.010864489 0.000443729 1.467427969 -0.010865803 0.999936163 0.003076257 -2.180625200 -0.000410279 -0.003080897 0.999995172 77.986976624
0.999937534 0.011169195 0.000481352 1.478776097 -0.011170454 0.999933958 0.002697171 -2.190375090 -0.000451195 -0.002702380 0.999996185 78.533760071
0.999938607 0.011078701 0.000237479 1.484963775 -0.011079335 0.999934554 0.002852833 -2.203162432 -0.000205858 -0.002855289 0.999995887 79.080795288
0.999929965 0.011779840 0.001156350 1.492901683 -0.011783048 0.999926567 0.002806868 -2.221444607 -0.001123201 -0.002820297 0.999995410 79.626480103
0.999935508 0.011245901 0.001559722 1.505915880 -0.011250822 0.999931633 0.003182577 -2.238538742 -0.001523825 -0.003199921 0.999993742 80.156234741
0.999934196 0.011075960 0.002979883 1.513344288 -0.011084907 0.999934077 0.003002463 -2.255413294 -0.002946431 -0.003035297 0.999991059 80.711715698
0.999934793 0.010754185 0.003840406 1.528348684 -0.010765405 0.999937773 0.002912730 -2.266685247 -0.003808844 -0.002953884 0.999988317 81.273162842
0.999918580 0.011550896 0.005421333 1.536012053 -0.011567565 0.999928415 0.003053076 -2.280045748 -0.005385679 -0.003115539 0.999980628 81.834159851
0.999893546 0.011636367 0.008803995 1.557230949 -0.011663180 0.999927461 0.003000271 -2.296042204 -0.008768444 -0.003102634 0.999956727 82.387741089
0.999850214 0.011902957 0.012565447 1.574027300 -0.011942483 0.999923885 0.003075065 -2.306427002 -0.012527889 -0.003224666 0.999916315 82.942810059
0.999805272 0.011739309 0.015859803 1.593156338 -0.011784503 0.999926686 0.002759070 -2.318910360 -0.015826249 -0.002945433 0.999870420 83.488296509
0.999737978 0.011584053 0.019736700 1.622247577 -0.011642230 0.999928176 0.002835271 -2.335559607 -0.019702436 -0.003064307 0.999801219 84.047843933
0.999587417 0.011771291 0.026200444 1.645865917 -0.011843449 0.999926448 0.002600667 -2.343569517 -0.026167901 -0.002909897 0.999653339 84.609397888
0.999413371 0.011876288 0.032121819 1.676612973 -0.011957590 0.999925792 0.002340186 -2.358952522 -0.032091632 -0.002722913 0.999481201 85.158882141
0.999198556 0.011966457 0.038195245 1.710435271 -0.012068469 0.999924183 0.002441351 -2.373384237 -0.038163129 -0.002900352 0.999267340 85.706108093
0.998836279 0.012166366 0.046669405 1.751083851 -0.012292084 0.999921560 0.002407756 -2.386190414 -0.046636447 -0.002978618 0.998907506 86.278915405
0.998416543 0.011738194 0.055014551 1.804771423 -0.011858361 0.999927938 0.001858318 -2.396966219 -0.054988775 -0.002507757 0.998483837 86.840911865
0.997971714 0.011496419 0.062612325 1.853955507 -0.011658530 0.999929547 0.002224338 -2.411364079 -0.062582344 -0.002949794 0.998035491 87.397109985
0.997375727 0.011511742 0.071477860 1.894301891 -0.011676803 0.999929965 0.001891844 -2.424268723 -0.071451060 -0.002721512 0.997440398 87.946601868
0.996643126 0.010416940 0.081203550 1.973006248 -0.010528664 0.999944091 0.000947753 -2.424067736 -0.081189141 -0.001799537 0.996697068 88.504241943
0.995837688 0.011431459 0.090423733 2.031429291 -0.011608412 0.999931574 0.001431244 -2.449913502 -0.090401180 -0.002474963 0.995902359 89.075683594
0.995132327 0.011164728 0.097912803 2.101562977 -0.011324852 0.999935269 0.001079761 -2.464374065 -0.097894408 -0.002183353 0.995194554 89.626976013
0.994080722 0.010999546 0.108086132 2.184387207 -0.011149108 0.999937475 0.000779496 -2.478575468 -0.108070806 -0.001979945 0.994141281 90.157836914
0.992912769 0.010956619 0.118339308 2.270745277 -0.011179296 0.999936700 0.001218014 -2.496094227 -0.118318476 -0.002532332 0.992972612 90.743812561
0.991750777 0.010329674 0.127763912 2.364582062 -0.010524474 0.999944210 0.000849670 -2.505855560 -0.127747968 -0.002187308 0.991804242 91.302131653
0.990171671 0.010200571 0.139485002 2.459966660 -0.010396093 0.999945700 0.000673172 -2.521836281 -0.139470533 -0.002116655 0.990223944 91.831756592
0.988327265 0.009953159 0.152020365 2.560628891 -0.010129542 0.999948621 0.000385833 -2.539955378 -0.152008712 -0.001921226 0.988377273 92.388206482
0.986632824 0.010428230 0.162625119 2.676733017 -0.010673103 0.999942899 0.000632120 -2.552852154 -0.162609234 -0.002359384 0.986687660 92.926246643
0.984798729 0.010126053 0.173404112 2.778499603 -0.010284662 0.999947071 0.000016188 -2.567023277 -0.173394740 -0.001799345 0.984850764 93.483085632
0.982461214 0.010102612 0.186193630 2.901407242 -0.010294684 0.999947011 0.000064727 -2.582992315 -0.186183110 -0.001980396 0.982513070 94.022346497
0.980136991 0.009195704 0.198108420 3.033438683 -0.009364079 0.999956131 -0.000086929 -2.599423409 -0.198100537 -0.001769901 0.980180085 94.556327820
0.978042305 0.009517300 0.208189219 3.165136337 -0.009886762 0.999950886 0.000734137 -2.620513439 -0.208171993 -0.002776335 0.978088319 95.082283020
0.975222111 0.008289424 0.221072733 3.312995911 -0.008446943 0.999964297 -0.000232877 -2.632489920 -0.221066743 -0.001640282 0.975257397 95.612693787
0.972019732 0.007957629 0.234764472 3.454732895 -0.008050460 0.999967396 -0.000562971 -2.643523216 -0.234761313 -0.001342744 0.972052097 96.183441162
0.969183087 0.007988317 0.246212244 3.606151581 -0.008145191 0.999966800 -0.000381265 -2.654314756 -0.246207133 -0.001635931 0.969215810 96.710731506
0.966392040 0.007183638 0.256972373 3.774509430 -0.007365077 0.999972820 -0.000256417 -2.686525345 -0.256967276 -0.001644821 0.966418624 97.235481262
0.962766230 0.007587456 0.270228863 3.945653915 -0.007851695 0.999969184 -0.000103155 -2.702759504 -0.270221412 -0.002022441 0.962796032 97.753791809
0.959252775 0.006345665 0.282478005 4.129203796 -0.006479442 0.999978900 -0.000460592 -2.720428467 -0.282475024 -0.001388476 0.959273636 98.282806396
0.955807328 0.006239838 0.293927252 4.312026978 -0.006347450 0.999979734 -0.000587800 -2.734314442 -0.293924987 -0.001303865 0.955827534 98.807106018
0.951301754 0.006778832 0.308186620 4.499856949 -0.007061225 0.999975026 -0.000198928 -2.757472992 -0.308180362 -0.001986934 0.951325893 99.332221985
0.946800470 0.006428346 0.321757048 4.710353851 -0.006691468 0.999977529 -0.000288158 -2.770998955 -0.321751714 -0.001880199 0.946822226 99.856582642
0.942738652 0.005873770 0.333480507 4.907114029 -0.005985219 0.999981821 -0.000693192 -2.783267736 -0.333478630 -0.001342456 0.942756653 100.387207031
0.938195884 0.004855660 0.346070677 5.121471405 -0.004903092 0.999987721 -0.000738402 -2.801188231 -0.346070021 -0.001004051 0.938208103 100.883163452
0.932764292 0.005032002 0.360451639 5.329429626 -0.005233517 0.999986172 -0.000416960 -2.817794561 -0.360448807 -0.001497505 0.932777762 101.393402100
0.928105414 0.004695366 0.372287810 5.548044205 -0.005104720 0.999986947 0.000113927 -2.851972342 -0.372282445 -0.002006162 0.928117275 101.823806763
0.922914624 0.003891299 0.384985059 5.808614731 -0.003585858 0.999992371 -0.001511304 -2.836429119 -0.384988010 0.000014303 0.922921598 102.497703552
0.916895330 0.004122163 0.399106532 6.052417755 -0.004128755 0.999991119 -0.000843108 -2.853662729 -0.399106443 -0.000874772 0.916904211 102.996757507
0.911125243 0.002115877 0.412124097 6.324871063 -0.001523755 0.999997258 -0.001765340 -2.864897966 -0.412126660 0.000980470 0.911125958 103.564735413
0.906480849 0.000917048 0.422246099 6.587081909 -0.000090762 0.999998033 -0.001976981 -2.883756399 -0.422247112 0.001753771 0.906479120 104.012786865
0.900371909 0.001393651 0.435118943 6.824935913 -0.000627990 0.999997973 -0.001903440 -2.900706768 -0.435120732 0.001440553 0.900370955 104.506744385
0.893580496 0.001755285 0.448899627 7.092617035 -0.000861171 0.999997139 -0.002195936 -2.915190458 -0.448902279 0.001575666 0.893579423 104.995834351
0.887649238 0.000802528 0.460519552 7.369682312 0.000540976 0.999995887 -0.002785377 -2.926921844 -0.460519969 0.002721567 0.887645185 105.468284607
0.882432222 0.000108098 0.470439672 7.644161224 0.000840600 0.999998033 -0.001806546 -2.963748693 -0.470438987 0.001989606 0.882430255 105.819946289
0.874662936 -0.000517344 0.484731257 7.937953949 0.001538664 0.999997377 -0.001709132 -2.976693153 -0.484729201 0.002240753 0.874661386 106.374328613
