1.000000000 0.000000000 0.000000000 0.000000000 0.000000000 1.000000000 0.000000000 0.000000000 0.000000000 0.000000000 1.000000000 0.000000000
1.000000000 -0.000022542 -0.000123390 0.000806561 0.000022544 1.000000000 0.000012618 -0.000081225 0.000123389 -0.000012620 1.000000000 -0.000766324
1.000000000 0.000165968 0.000047586 -0.000659253 -0.000165965 1.000000000 -0.000072593 0.000888491 -0.000047598 0.000072585 1.000000000 0.000418519
1.000000000 0.000031730 -0.000035514 -0.000181344 -0.000031727 1.000000000 0.000086248 0.000443674 0.000035517 -0.000086247 1.000000000 0.000072682
1.000000000 -0.000095510 -0.000162418 0.001067172 0.000095499 1.000000000 -0.000067321 0.000112853 0.000162424 0.000067306 1.000000000 -0.000928558
1.000000000 -0.000042428 -0.000000647 0.000921260 0.000042428 1.000000000 0.000058024 -0.000396132 0.000000644 -0.000058024 1.000000000 -0.000289994
0.999999940 0.000242481 0.000061488 -0.000366456 -0.000242477 0.999999940 -0.000071380 0.000697900 -0.000061505 0.000071365 1.000000000 0.000240567
1.000000000 0.000055784 0.000104080 -0.000282736 -0.000055781 1.000000000 -0.000029038 0.000071362 -0.000104082 0.000029032 1.000000000 -0.001071364
1.000000000 -0.000079752 0.000039491 0.000731842 0.000079755 1.000000000 -0.000066837 0.001073505 -0.000039486 0.000066840 1.000000000 0.000418595
1.000000000 0.000104069 -0.000109720 0.001313165 -0.000104088 1.000000000 -0.000173070 0.000264628 0.000109702 0.000173082 1.000000000 -0.001854738
1.000000000 0.000029502 -0.000067064 0.001055895 -0.000029511 1.000000000 -0.000137557 0.001278512 0.000067060 0.000137559 1.000000000 0.000554059
1.000000000 -0.000018487 -0.000003739 0.000453993 0.000018486 1.000000000 -0.000042624 0.000315031 0.000003739 0.000042624 1.000000000 0.000044038
1.000000000 0.000024188 -0.000007590 0.000443327 -0.000024188 1.000000000 0.000042520 -0.000083657 0.000007591 -0.000042520 1.000000000 -0.000098825
1.000000000 0.000104336 -0.000057134 0.001337824 -0.000104336 1.000000000 -0.000004974 -0.000158126 0.000057133 0.000004980 1.000000000 -0.000446597
1.000000000 -0.000174775 -0.000075240 0.000250212 0.000174774 1.000000000 -0.000021908 0.000475386 0.000075244 0.000021895 1.000000000 0.000448151
1.000000000 0.000096333 0.000110717 -0.000568701 -0.000096354 1.000000000 0.000184581 -0.000747632 -0.000110699 -0.000184592 1.000000000 -0.000295191
1.000000000 0.000173117 -0.000168488 0.000977378 -0.000173105 1.000000000 0.000071531 0.000040377 0.000168500 -0.000071502 1.000000000 -0.000613827
1.000000000 0.000037579 -0.000066932 0.000937318 -0.000037573 1.000000000 0.000088441 -0.000334868 0.000066936 -0.000088438 1.000000000 0.000033529
1.000000000 0.000161515 -0.000150501 0.001135697 -0.000161519 1.000000000 -0.000027141 0.000923529 0.000150497 0.000027166 1.000000000 -0.000308425
0.999999940 0.000281189 -0.000101660 0.000520254 -0.000281189 0.999999940 0.000001956 0.000623654 0.000101660 -0.000001928 1.000000000 -0.000594627
1.000000000 0.000069625 0.000018331 -0.000243036 -0.000069626 1.000000000 0.000068545 -0.000317731 -0.000018326 -0.000068547 1.000000000 -0.000324608
1.000000000 -0.000113377 -0.000170510 0.002345707 0.000113358 1.000000000 -0.000115109 0.000658955 0.000170523 0.000115090 1.000000000 0.000207488
1.000000000 0.000106584 -0.000063381 0.001350608 -0.000106582 1.000000000 0.000017795 0.000674404 0.000063383 -0.000017789 1.000000000 0.000909385
1.000000000 0.000107348 -0.000153083 0.001884956 -0.000107369 1.000000000 -0.000139540 0.001218672 0.000153068 0.000139556 1.000000000 -0.001277702
1.000000000 -0.000045787 -0.000111792 0.001057260 0.000045790 1.000000000 0.000025235 -0.000355207 0.000111791 -0.000025241 1.000000000 -0.001957448
1.000000000 0.000064267 -0.000120581 0.000214314 -0.000064275 1.000000000 -0.000069781 0.000727331 0.000120577 0.000069788 1.000000000 -0.000646935
0.999999940 0.000297399 -0.000033829 0.000113796 -0.000297400 0.999999940 -0.000009709 0.000498732 0.000033826 0.000009719 1.000000000 0.000898461
1.000000000 0.000050412 -0.000097012 0.000520796 -0.000050401 1.000000000 0.000116780 0.000037147 0.000097018 -0.000116775 1.000000000 0.000697211
1.000000000 0.000040216 -0.000044739 0.000178145 -0.000040217 1.000000000 -0.000017692 0.000078458 0.000044738 0.000017694 1.000000000 -0.001699561
1.000000000 -0.000016709 0.000012182 0.000318611 0.000016707 1.000000000 0.000117775 -0.001005503 -0.000012184 -0.000117774 1.000000000 -0.001180685
1.000000000 -0.000033758 0.000038834 -0.000148078 0.000033755 1.000000000 0.000071207 -0.000255833 -0.000038836 -0.000071205 1.000000000 -0.000457131
1.000000000 0.000061695 -0.000054030 0.000571839 -0.000061695 1.000000000 0.000010285 -0.000563649 0.000054031 -0.000010282 1.000000000 -0.001749307
1.000000000 -0.000036503 -0.000172892 0.001388994 0.000036513 1.000000000 0.000058169 -0.000402255 0.000172889 -0.000058175 1.000000000 -0.000063477
0.999999940 0.000241284 0.000067791 -0.000267391 -0.000241282 1.000000000 -0.000026098 0.000709050 -0.000067798 0.000026081 1.000000000 0.000692266
1.000000000 0.000068873 -0.000079038 0.001222239 -0.000068879 1.000000000 -0.000079002 0.000801253 0.000079032 0.000079007 1.000000000 0.000221125
1.000000000 0.000104579 0.000112501 -0.000762000 -0.000104575 1.000000000 -0.000037697 0.000947304 -0.000112505 0.000037685 1.000000000 0.000940497
1.000000000 -0.000054910 -0.000076360 0.001080391 0.000054915 1.000000000 0.000067821 0.000275908 0.000076356 -0.000067825 1.000000000 0.000726006
1.000000000 -0.000164850 -0.000065868 0.001269708 0.000164846 1.000000000 -0.000070541 0.001015665 0.000065880 0.000070530 1.000000000 0.000715566
0.999999940 -0.000228428 0.000132527 0.000544246 0.000228447 0.999999940 -0.000141687 0.001364767 -0.000132494 0.000141717 1.000000000 0.002519555
1.000000000 -0.000096418 0.000025911 0.001991997 0.000096438 0.999999702 -0.000752746 -0.001321937 -0.000025838 0.000752748 0.999999702 0.050188560
0.999999881 0.000259911 0.000063778 0.001160012 -0.000259815 0.999998868 -0.001490175 -0.001923424 -0.000064165 0.001490159 0.999998808 0.139605045
0.999999583 0.000855457 0.000003941 0.002883622 -0.000855449 0.999998212 -0.001681301 -0.005875915 -0.000005379 0.001681297 0.999998510 0.254192621
0.999999940 0.000043549 -0.000287666 0.009961222 -0.000043873 0.999999464 -0.001127804 -0.017355513 0.000287617 0.001127817 0.999999344 0.383339375
0.999999940 0.000156123 -0.000213095 0.012161474 -0.000156358 0.999999344 -0.001103450 -0.020986099 0.000212922 0.001103483 0.999999404 0.521889091
0.999999940 0.000167205 -0.000296762 0.012307701 -0.000167623 0.999998987 -0.001409932 -0.019167742 0.000296526 0.001409981 0.999998987 0.687194347
0.999999940 -0.000080348 -0.000388691 0.017187290 0.000080021 0.999999642 -0.000843126 -0.026363203 0.000388758 0.000843095 0.999999583 0.849819839
0.999999940 0.000216431 -0.000260771 0.019312203 -0.000216682 0.999999523 -0.000964659 -0.028254764 0.000260562 0.000964716 0.999999523 1.020684958
0.999999940 0.000279056 -0.000153499 0.022389119 -0.000279174 0.999999642 -0.000767688 -0.036893785 0.000153285 0.000767731 0.999999702 1.193277597
0.999999881 0.000210566 -0.000128726 0.027102217 -0.000210665 0.999999702 -0.000765101 -0.039441571 0.000128565 0.000765128 0.999999702 1.384122133
0.999999881 0.000295816 0.000030913 0.030648511 -0.000295788 0.999999523 -0.000895110 -0.042721234 -0.000031177 0.000895101 0.999999583 1.577698827
1.000000000 0.000067182 -0.000077466 0.036487807 -0.000067223 0.999999821 -0.000522359 -0.049958076 0.000077431 0.000522364 0.999999881 1.772807479
0.999999940 0.000389209 -0.000159367 0.040021427 -0.000389264 0.999999821 -0.000341025 -0.056783520 0.000159234 0.000341086 0.999999940 1.973489761
0.999999940 0.000332157 0.000015673 0.043225445 -0.000332155 0.999999940 -0.000130047 -0.064934351 -0.000015716 0.000130042 1.000000000 2.181890011
0.999999940 0.000339155 0.000118935 0.046773631 -0.000339148 0.999999881 -0.000059332 -0.071112826 -0.000118955 0.000059291 1.000000000 2.398032665
0.999999762 0.000581295 0.000426232 0.049024738 -0.000581420 0.999999762 0.000292673 -0.079793900 -0.000426062 -0.000292921 0.999999881 2.617255688
0.999999702 0.000593834 0.000358181 0.053614445 -0.000593982 0.999999762 0.000413896 -0.087103046 -0.000357935 -0.000414109 0.999999762 2.845189095
0.999999523 0.000780846 0.000484655 0.057314217 -0.000780961 0.999999642 0.000236900 -0.092023693 -0.000484469 -0.000237278 0.999999762 3.081415653
0.999999642 0.000597245 0.000469377 0.062528260 -0.000597235 0.999999821 -0.000019949 -0.096659400 -0.000469389 0.000019669 0.999999821 3.322289944
0.999999464 0.000757498 0.000644038 0.065770499 -0.000757711 0.999999642 0.000330893 -0.105156079 -0.000643787 -0.000331381 0.999999702 3.567141533
0.999999821 0.000343786 0.000469463 0.072293155 -0.000343950 0.999999821 0.000351171 -0.111836389 -0.000469342 -0.000351333 0.999999762 3.824949265
0.999999702 0.000451546 0.000648513 0.075578690 -0.000451629 0.999999881 0.000126678 -0.116520450 -0.000648456 -0.000126971 0.999999762 4.086385727
0.999999166 0.000841102 0.000936418 0.078674585 -0.000841468 0.999999583 0.000389974 -0.125256613 -0.000936089 -0.000390762 0.999999464 4.336120129
0.999998927 0.000984434 0.001186437 0.081809729 -0.000984824 0.999999464 0.000328081 -0.130483553 -0.001186113 -0.000329249 0.999999225 4.595043659
0.999998987 0.000794428 0.001194862 0.088967666 -0.000794991 0.999999583 0.000471144 -0.138971493 -0.001194487 -0.000472094 0.999999166 4.850520134
0.999998868 0.000721050 0.001322934 0.092850350 -0.000721839 0.999999702 0.000596082 -0.145866051 -0.001322503 -0.000597037 0.999998927 5.110534668
0.999998748 0.000490431 0.001485165 0.099632859 -0.000491402 0.999999583 0.000652990 -0.153347909 -0.001484844 -0.000653719 0.999998629 5.371880054
0.999998271 0.000850243 0.001613080 0.102070302 -0.000851079 0.999999523 0.000517759 -0.158241197 -0.001612639 -0.000519131 0.999998569 5.642648220
0.999997675 0.000758954 0.001977173 0.102959730 -0.000760787 0.999999225 0.000926140 -0.170001239 -0.001976469 -0.000927642 0.999997675 5.907927990
0.999998689 0.000753442 0.001377249 0.116538018 -0.000754240 0.999999523 0.000579156 -0.174946412 -0.001376812 -0.000580194 0.999998808 6.184148312
0.999997556 0.001084073 0.001907195 0.112550735 -0.001085685 0.999999046 0.000844150 -0.186922863 -0.001906278 -0.000846219 0.999997735 6.457727432
0.999996901 0.001365264 0.002094222 0.123172693 -0.001366335 0.999998927 0.000509864 -0.190249771 -0.002093524 -0.000512724 0.999997675 6.757915974
0.999996006 0.001214977 0.002545655 0.123168766 -0.001216590 0.999999166 0.000632492 -0.204601690 -0.002544885 -0.000635587 0.999996543 7.043012619
0.999996662 0.000989638 0.002447542 0.131503403 -0.000991324 0.999999285 0.000687618 -0.212040320 -0.002446860 -0.000690042 0.999996781 7.347409248
0.999994099 0.001397915 0.003123923 0.135028824 -0.001399415 0.999998868 0.000478071 -0.220585465 -0.003123252 -0.000482440 0.999994993 7.656171322
0.999993503 0.001769504 0.003141726 0.140579209 -0.001771420 0.999998271 0.000607067 -0.231159359 -0.003140646 -0.000612629 0.999994814 7.966481209
0.999993563 0.001706150 0.003161481 0.146096915 -0.001708957 0.999998093 0.000885260 -0.240629211 -0.003159965 -0.000890657 0.999994636 8.291010857
0.999993682 0.001523649 0.003196876 0.153427079 -0.001525038 0.999998689 0.000432166 -0.250312477 -0.003196214 -0.000437038 0.999994814 8.610456467
0.999991953 0.001687045 0.003647092 0.156301349 -0.001688905 0.999998450 0.000506900 -0.259912908 -0.003646231 -0.000513055 0.999993205 8.946362495
0.999992847 0.001639382 0.003393438 0.163860232 -0.001641263 0.999998510 0.000551621 -0.270084739 -0.003392529 -0.000557186 0.999994099 9.280369759
0.999992073 0.001899199 0.003482836 0.169472292 -0.001899564 0.999998212 0.000101378 -0.276953310 -0.003482638 -0.000107993 0.999993920 9.629350662
0.999993563 0.001861201 0.003056915 0.181713015 -0.001861813 0.999998271 0.000197268 -0.289828897 -0.003056543 -0.000202959 0.999995291 9.969824791
0.999991953 0.002228983 0.003332959 0.188111216 -0.002230686 0.999997377 0.000507421 -0.304118007 -0.003331820 -0.000514852 0.999994338 10.324813843
0.999991357 0.002271044 0.003480711 0.192663446 -0.002271877 0.999997318 0.000235250 -0.314260006 -0.003480168 -0.000243155 0.999993920 10.684741974
0.999993205 0.002301992 0.002884751 0.205315053 -0.002303292 0.999997258 0.000447078 -0.323894739 -0.002883714 -0.000453720 0.999995768 11.049473763
0.999991715 0.002623753 0.003116925 0.211687356 -0.002625012 0.999996483 0.000399840 -0.334723502 -0.003115865 -0.000408018 0.999995053 11.430983543
0.999993980 0.002034286 0.002811385 0.226211995 -0.002036831 0.999997616 0.000902671 -0.345920593 -0.002809542 -0.000908392 0.999995649 11.808625221
0.999993563 0.001905995 0.003037306 0.234749049 -0.001908161 0.999997854 0.000710444 -0.359718204 -0.003035946 -0.000716235 0.999995112 12.190785408
0.999994099 0.001501889 0.003073981 0.248200446 -0.001505726 0.999998093 0.001246455 -0.373154432 -0.003072103 -0.001251076 0.999994457 12.583731651
0.999994099 0.001373727 0.003148980 0.256136775 -0.001377334 0.999998391 0.001143527 -0.380204469 -0.003147404 -0.001147858 0.999994397 12.981909752
0.999994159 0.001464483 0.003082742 0.266538739 -0.001468020 0.999998212 0.001145444 -0.396463096 -0.003081059 -0.001149962 0.999994516 13.378977776
0.999992907 0.001485857 0.003461717 0.275205284 -0.001489487 0.999998331 0.001046064 -0.405357987 -0.003460157 -0.001051213 0.999993443 13.788711548
0.999989271 0.002368014 0.003964972 0.280014575 -0.002372641 0.999996483 0.001162467 -0.417664766 -0.003962205 -0.001171862 0.999991477 14.202743530
0.999988317 0.002011114 0.004390019 0.289615840 -0.002017091 0.999997020 0.001357736 -0.434447795 -0.004387276 -0.001366575 0.999989450 14.622216225
0.999990642 0.001739803 0.003966257 0.302398682 -0.001744008 0.999997914 0.001057049 -0.443539262 -0.003964410 -0.001063956 0.999991596 15.054445267
0.999989271 0.002195098 0.004084767 0.311849892 -0.002199162 0.999997020 0.000990476 -0.452626586 -0.004082582 -0.000999448 0.999991119 15.493764877
0.999989033 0.001882167 0.004294911 0.321743071 -0.001886765 0.999997616 0.001066706 -0.467064023 -0.004292894 -0.001074797 0.999990225 15.937886238
0.999989510 0.001751685 0.004226595 0.332934976 -0.001757644 0.999997377 0.001406333 -0.482217073 -0.004224121 -0.001413747 0.999990106 16.381904602
0.999989867 0.001887215 0.004083904 0.340937227 -0.001893236 0.999997139 0.001470822 -0.495761454 -0.004081117 -0.001478539 0.999990582 16.838491440
0.999990225 0.001487146 0.004157477 0.355544806 -0.001495158 0.999997020 0.001924624 -0.508266866 -0.004154603 -0.001930821 0.999989450 17.307132721
0.999990880 0.001541880 0.003980353 0.367163718 -0.001549561 0.999996960 0.001927317 -0.520247817 -0.003977369 -0.001933467 0.999990225 17.768829346
0.999989331 0.001270140 0.004423655 0.378132910 -0.001279778 0.999996841 0.002176516 -0.537001967 -0.004420876 -0.002182154 0.999987841 18.238645554
0.999996245 -0.000324499 0.002710466 0.406384468 0.000316811 0.999995887 0.002836713 -0.531726003 -0.002711375 -0.002835844 0.999992251 18.757783890
0.999993443 0.000047852 0.003615390 0.411621273 -0.000057996 0.999996006 0.002805561 -0.547387302 -0.003615241 -0.002805753 0.999989510 19.229528427
0.999995828 -0.000054361 0.002882551 0.431469262 0.000047424 0.999997020 0.002406717 -0.557728589 -0.002882673 -0.002406571 0.999992907 19.719039917
0.999995649 0.000181867 0.002943970 0.440615326 -0.000189305 0.999996781 0.002526660 -0.568879902 -0.002943501 -0.002527206 0.999992430 20.216197968
0.999994695 0.000177300 0.003250318 0.450307876 -0.000185284 0.999996960 0.002456156 -0.581217170 -0.003249872 -0.002456745 0.999991715 20.709892273
0.999995708 0.000561656 0.002870013 0.460672051 -0.000568526 0.999996960 0.002393681 -0.592776000 -0.002868660 -0.002395302 0.999993026 21.214265823
0.999997973 -0.000237086 0.002045279 0.473329484 0.000231142 0.999995708 0.002906306 -0.607342660 -0.002045959 -0.002905827 0.999993682 21.709747314
0.999999464 -0.000297908 0.000969473 0.487446398 0.000294909 0.999995112 0.003092312 -0.623012364 -0.000970389 -0.003092024 0.999994695 22.216754913
0.999999940 -0.000115378 0.000318723 0.497302622 0.000114461 0.999995828 0.002876299 -0.629663944 -0.000319053 -0.002876263 0.999995828 22.732297897
1.000000000 0.000057653 -0.000084456 0.506475151 -0.000057387 0.999995053 0.003151644 -0.645083368 0.000084638 -0.003151639 0.999995053 23.257194519
0.999999583 -0.000644399 -0.000624622 0.515785098 0.000646004 0.999996483 0.002572615 -0.658481896 0.000622962 -0.002573017 0.999996483 23.778972626
0.999998391 -0.001458075 -0.001005672 0.521649480 0.001460150 0.999996781 0.002065874 -0.671456575 0.001002656 -0.002067338 0.999997318 24.307889938
0.999999464 -0.000201943 -0.000989580 0.526549280 0.000204554 0.999996483 0.002638996 -0.687155485 0.000989044 -0.002639198 0.999995947 24.842357635
0.999997437 -0.000785714 -0.002121809 0.535952270 0.000791231 0.999996305 0.002600145 -0.702970862 0.002119758 -0.002601817 0.999994397 25.370883942
0.999997497 -0.000330890 -0.002217497 0.539236605 0.000338294 0.999994397 0.003339193 -0.720633626 0.002216379 -0.003339934 0.999991953 25.909852982
0.999997079 -0.000604493 -0.002334317 0.544379711 0.000611307 0.999995530 0.002919342 -0.729771972 0.002332543 -0.002920760 0.999992967 26.458709717
0.999994695 -0.000509225 -0.003208722 0.554593384 0.000520195 0.999993980 0.003418879 -0.741843998 0.003206962 -0.003420530 0.999988973 27.006658554
0.999994278 -0.000433688 -0.003362730 0.562317491 0.000445618 0.999993622 0.003547900 -0.757323921 0.003361170 -0.003549378 0.999988079 27.564064026
0.999994040 0.000199965 -0.003448108 0.575961649 -0.000189209 0.999995232 0.003119729 -0.776004434 0.003448716 -0.003119059 0.999989212 28.086145401
0.999993026 0.000251090 -0.003727528 0.579187751 -0.000240622 0.999996006 0.002808357 -0.785309494 0.003728218 -0.002807440 0.999989092 28.645305634
0.999993861 0.000893981 -0.003391031 0.580615401 -0.000885124 0.999996185 0.002612527 -0.797912061 0.003393353 -0.002609510 0.999990821 29.189033508
0.999994040 0.001172654 -0.003253784 0.582603931 -0.001163901 0.999995708 0.002690583 -0.810401559 0.003256926 -0.002686780 0.999991000 29.738216400
0.999993801 0.001886398 -0.002968471 0.582183063 -0.001876808 0.999993026 0.003230311 -0.825473189 0.002974544 -0.003224720 0.999990344 30.288621902
0.999993920 0.001204142 -0.003280485 0.596967459 -0.001193865 0.999994397 0.003132701 -0.843635917 0.003284239 -0.003128765 0.999989629 30.828144073
0.999991179 0.001814535 -0.003816786 0.606745362 -0.001802644 0.999993503 0.003116779 -0.853840888 0.003822417 -0.003109871 0.999987841 31.382305145
0.999990046 0.001051456 -0.004340741 0.613715649 -0.001037288 0.999994278 0.003264978 -0.865756631 0.004344148 -0.003260444 0.999985278 31.926181793
0.999988854 0.001251509 -0.004556102 0.624245822 -0.001239448 0.999995649 0.002649234 -0.877359986 0.004559398 -0.002643558 0.999986053 32.472320557
0.999982238 0.000634267 -0.005922328 0.636028469 -0.000619514 0.999996722 0.002492594 -0.889497042 0.005923891 -0.002488880 0.999979317 33.013729095
0.999985278 0.001122660 -0.005312605 0.635141253 -0.001110634 0.999996841 0.002266033 -0.899591267 0.005315132 -0.002260099 0.999983311 33.567592621
0.999984980 0.000613173 -0.005442691 0.642430305 -0.000599954 0.999996960 0.002430061 -0.916618764 0.005444164 -0.002426759 0.999982238 34.100505829
0.999988198 0.000708862 -0.004810697 0.641655147 -0.000699065 0.999997675 0.002037888 -0.928580701 0.004812131 -0.002034501 0.999986351 34.638778687
0.999984145 0.000304511 -0.005623634 0.659661233 -0.000295207 0.999998689 0.001655131 -0.941350996 0.005624130 -0.001653445 0.999982834 35.188491821
0.999983549 0.000730535 -0.005694021 0.663778782 -0.000719713 0.999997854 0.001902463 -0.956149697 0.005695400 -0.001898334 0.999981940 35.736267090
0.999983072 0.000515598 -0.005797875 0.669569135 -0.000505299 0.999998271 0.001777756 -0.968969762 0.005798781 -0.001774796 0.999981582 36.298511505
0.999979794 0.000363328 -0.006349673 0.679174066 -0.000346142 0.999996245 0.002707528 -0.989962697 0.006350634 -0.002705275 0.999976099 36.853031158
0.999982476 0.000601580 -0.005882412 0.679591656 -0.000585985 0.999996245 0.002652467 -0.999576151 0.005883986 -0.002648974 0.999979138 37.401866913
0.999979675 0.000531935 -0.006340861 0.689215958 -0.000521182 0.999998450 0.001697441 -1.008702874 0.006341753 -0.001694102 0.999978483 37.955516815
0.999980986 0.000633586 -0.006130591 0.695601702 -0.000621919 0.999997973 0.001904839 -1.024458408 0.006131785 -0.001900990 0.999979377 38.500137329
0.999980569 0.000284610 -0.006224849 0.701940894 -0.000275485 0.999998868 0.001466726 -1.037589550 0.006225260 -0.001464983 0.999979556 39.046741486
0.999983370 0.000375279 -0.005746541 0.708414853 -0.000365555 0.999998450 0.001693113 -1.054043651 0.005747167 -0.001690984 0.999982059 39.595691681
0.999982893 0.000790014 -0.005781065 0.718207955 -0.000777036 0.999997199 0.002246915 -1.072919130 0.005782824 -0.002242385 0.999980688 40.136123657
0.999987423 0.000953120 -0.004912268 0.722587287 -0.000942980 0.999997377 0.002066266 -1.089780569 0.004914224 -0.002061608 0.999985814 40.669773102
0.999984324 0.000636390 -0.005561572 0.737999320 -0.000623527 0.999997258 0.002314307 -1.106416225 0.005563029 -0.002310803 0.999981880 41.208053589
0.999982417 0.000862244 -0.005862332 0.745308280 -0.000849024 0.999997079 0.002257126 -1.117542028 0.005864261 -0.002252109 0.999980271 41.759891510
0.999977171 0.000528595 -0.006729539 0.755587518 -0.000513532 0.999997377 0.002240001 -1.133465648 0.006730705 -0.002236494 0.999974847 42.310359955
0.999975979 0.001131044 -0.006832576 0.760913372 -0.001118335 0.999997616 0.001863688 -1.145113111 0.006834668 -0.001856002 0.999974906 42.857246399
0.999974668 0.000907113 -0.007059134 0.767739594 -0.000893581 0.999997735 0.001919896 -1.156323433 0.007060859 -0.001913540 0.999973238 43.411537170
0.999969423 0.000567522 -0.007800547 0.781210661 -0.000554964 0.999998569 0.001611896 -1.169977307 0.007801450 -0.001607518 0.999968290 43.944068909
0.999967515 -0.000045476 -0.008055205 0.791828036 0.000062266 0.999997854 0.002084198 -1.186079264 0.008055092 -0.002084632 0.999965370 44.476646423
0.999967337 0.000229700 -0.008076152 0.798139870 -0.000213485 0.999997973 0.002008538 -1.200210929 0.008076597 -0.002006749 0.999965370 45.033000946
0.999966860 0.000118026 -0.008139752 0.808892369 -0.000110300 0.999999523 0.000949538 -1.202692866 0.008139862 -0.000948608 0.999966383 45.593475342
0.999968588 0.000271312 -0.007924334 0.812032342 -0.000260830 0.999999106 0.001323813 -1.220158339 0.007924686 -0.001321705 0.999967754 46.138462067
0.999969602 0.000469852 -0.007785021 0.819878578 -0.000458747 0.999998987 0.001428125 -1.232600689 0.007785684 -0.001424510 0.999968648 46.684852600
0.999972939 0.000852550 -0.007301387 0.820928752 -0.000846511 0.999999285 0.000830064 -1.242381096 0.007302091 -0.000823861 0.999972999 47.235656738
0.999971390 0.000942162 -0.007518167 0.824154735 -0.000933255 0.999998868 0.001188285 -1.257392287 0.007519278 -0.001181234 0.999971032 47.786819458
0.999968648 0.000860001 -0.007870390 0.833585083 -0.000848108 0.999998510 0.001514322 -1.271838665 0.007871680 -0.001507599 0.999967873 48.345367432
0.999971092 0.000924227 -0.007540239 0.842598617 -0.000914739 0.999998808 0.001261693 -1.279633164 0.007541396 -0.001254759 0.999970794 48.895286560
0.999969423 0.001178298 -0.007729351 0.852759004 -0.001166023 0.999997973 0.001592461 -1.302012563 0.007731213 -0.001583400 0.999968886 49.427696228
0.999968648 0.000919270 -0.007866853 0.863919318 -0.000908091 0.999998569 0.001424532 -1.311553359 0.007868151 -0.001417343 0.999968052 49.977657318
0.999968648 0.001045801 -0.007846690 0.866220713 -0.001032348 0.999997914 0.001718214 -1.328248978 0.007848471 -0.001710059 0.999967754 50.516521454
0.999969900 0.001335696 -0.007641923 0.866591096 -0.001321179 0.999997318 0.001904304 -1.345559716 0.007644445 -0.001894150 0.999969006 51.049541473
0.999975264 0.001131373 -0.006942771 0.876709163 -0.001114925 0.999996543 0.002372495 -1.365304947 0.006945432 -0.002364695 0.999973059 51.589336395
0.999968529 0.000545638 -0.007930281 0.890041113 -0.000530438 0.999998033 0.001918761 -1.381128788 0.007931313 -0.001914494 0.999966741 52.128009796
0.999969959 0.000436411 -0.007752528 0.899688482 -0.000422947 0.999998331 0.001738155 -1.396881461 0.007753274 -0.001734824 0.999968410 52.673454285
0.999965012 0.000744827 -0.008333796 0.908195436 -0.000732782 0.999998689 0.001448215 -1.408782959 0.008334864 -0.001442057 0.999964178 53.210601807
0.999964058 0.000591256 -0.008449848 0.912981689 -0.000583081 0.999999344 0.000969929 -1.422728300 0.008450415 -0.000964967 0.999963820 53.758922577
0.999960780 0.000334054 -0.008852548 0.919738650 -0.000326063 0.999999523 0.000904175 -1.437295914 0.008852847 -0.000901253 0.999960363 54.309051514
0.999968350 0.000311528 -0.007949615 0.921333432 -0.000304522 0.999999523 0.000882531 -1.452182889 0.007949886 -0.000880082 0.999967992 54.852916718
0.999968827 0.001121806 -0.007812692 0.927314043 -0.001114500 0.999998927 0.000939425 -1.467060089 0.007813738 -0.000930688 0.999969065 55.403202057
0.999967337 0.000570562 -0.008059924 0.935441136 -0.000565529 0.999999583 0.000626692 -1.480169535 0.008060279 -0.000622114 0.999967337 55.944480896
0.999972641 0.000729762 -0.007348992 0.935847998 -0.000725136 0.999999523 0.000632060 -1.491584897 0.007349449 -0.000626714 0.999972820 56.495426178
0.999974906 0.001312941 -0.006950249 0.940627694 -0.001310304 0.999999046 0.000384052 -1.505288959 0.006950747 -0.000374936 0.999975741 57.042411804
0.999978662 0.001735874 -0.006296497 0.947150290 -0.001734368 0.999998450 0.000244502 -1.514781117 0.006296911 -0.000233576 0.999980152 57.597995758
0.999978006 0.002042980 -0.006305428 0.952378273 -0.002039097 0.999997735 0.000622221 -1.534885287 0.006306686 -0.000609350 0.999979854 58.147106171
0.999978244 0.001973237 -0.006297188 0.959286332 -0.001971126 0.999997914 0.000341398 -1.549684048 0.006297849 -0.000328978 0.999980092 58.696666718
0.999981582 0.002002471 -0.005726266 0.958692789 -0.002001044 0.999997973 0.000254864 -1.559561968 0.005726765 -0.000243400 0.999983549 59.253742218
0.999982297 0.001822780 -0.005665815 0.967680693 -0.001825084 0.999998271 -0.000401664 -1.573496938 0.005665072 0.000411998 0.999983847 59.800468445
0.999983013 0.002512506 -0.005256688 0.975331664 -0.002516295 0.999996603 -0.000714157 -1.581789255 0.005254875 0.000727373 0.999985933 60.357269287
0.999985218 0.001505457 -0.005219681 0.984278977 -0.001505271 0.999998868 0.000039653 -1.601649404 0.005219735 -0.000031795 0.999986351 60.898921967
0.999989629 0.001733404 -0.004218163 0.992660642 -0.001734261 0.999998391 -0.000199634 -1.614395499 0.004217811 0.000206947 0.999991000 61.455848694
0.999989092 0.002114028 -0.004167073 1.003581285 -0.002114832 0.999997735 -0.000188625 -1.629993916 0.004166665 0.000197436 0.999991298 62.005126953
0.999987602 0.001810203 -0.004632832 1.010843515 -0.001811941 0.999998212 -0.000370983 -1.644028187 0.004632152 0.000379373 0.999989212 62.539360046
0.999988914 0.001805294 -0.004350388 1.018491387 -0.001807100 0.999998271 -0.000411344 -1.662210345 0.004349638 0.000419202 0.999990463 63.087429047
0.999987423 0.001889830 -0.004639386 1.026012897 -0.001892755 0.999997973 -0.000626101 -1.671348333 0.004638194 0.000634874 0.999988973 63.641391754
0.999985397 0.002206928 -0.004927419 1.033024669 -0.002209381 0.999997377 -0.000492546 -1.687859774 0.004926319 0.000503425 0.999987721 64.194900513
0.999988258 0.002127750 -0.004358006 1.047083378 -0.002132170 0.999997199 -0.001009876 -1.699031830 0.004355846 0.001019156 0.999989927 64.751190186
0.999988317 0.002255066 -0.004273552 1.057278872 -0.002257258 0.999997318 -0.000508365 -1.717582464 0.004272394 0.000518006 0.999990761 65.306571960
0.999987781 0.003593367 -0.003396813 1.060118675 -0.003594478 0.999993443 -0.000320832 -1.741302013 0.003395638 0.000333038 0.999994159 65.855407715
0.999987662 0.002480422 -0.004286423 1.091377974 -0.002483815 0.999996603 -0.000786482 -1.750406861 0.004284458 0.000797119 0.999990523 66.419235229
0.999986529 0.002523713 -0.004540249 1.107127190 -0.002528875 0.999996126 -0.001131491 -1.761551499 0.004537377 0.001142957 0.999989033 66.991600037
0.999987125 0.002034585 -0.004651980 1.129866958 -0.002040146 0.999997199 -0.001191064 -1.781605363 0.004649545 0.001200540 0.999988437 67.530204773
0.999985456 0.001764366 -0.005097593 1.148913741 -0.001770685 0.999997675 -0.001235276 -1.795954108 0.005095402 0.001244285 0.999986231 68.087722778
0.999983788 0.001927947 -0.005354988 1.164067388 -0.001934392 0.999997437 -0.001198905 -1.814179420 0.005352663 0.001209244 0.999984920 68.638221741
0.999984026 0.002593277 -0.005021097 1.169209003 -0.002600682 0.999995530 -0.001468819 -1.829833984 0.005017266 0.001481854 0.999986291 69.194915771
0.999982536 0.002487356 -0.005348114 1.182532549 -0.002495733 0.999995649 -0.001560495 -1.843914747 0.005344209 0.001573815 0.999984443 69.746177673
0.999983251 0.002980955 -0.004946588 1.189381838 -0.002988774 0.999994218 -0.001574200 -1.861627340 0.004941867 0.001588958 0.999986529 70.300109863
0.999983788 0.002499228 -0.005122175 1.202477574 -0.002506226 0.999995947 -0.001360499 -1.878465176 0.005118753 0.001373314 0.999985933 70.849594116
0.999982238 0.002273643 -0.005511467 1.216159821 -0.002281039 0.999996483 -0.001336045 -1.897279024 0.005508411 0.001348593 0.999983847 71.399513245
0.999982953 0.002165788 -0.005425632 1.225770116 -0.002173582 0.999996603 -0.001431089 -1.913587451 0.005422515 0.001442858 0.999984205 71.945137024
0.999983191 0.002441301 -0.005255148 1.229739904 -0.002448391 0.999996126 -0.001343108 -1.928125143 0.005251849 0.001355952 0.999985278 72.491539001
0.999984682 0.002481901 -0.004950570 1.237468600 -0.002487425 0.999996305 -0.001110097 -1.947309136 0.004947797 0.001122394 0.999987125 73.039100647
0.999983668 0.002395353 -0.005172577 1.248536825 -0.002398951 0.999996901 -0.000689558 -1.965333462 0.005170909 0.000701955 0.999986410 73.584671021
0.999985397 0.002145726 -0.004957700 1.252694011 -0.002148133 0.999997497 -0.000480146 -1.982723236 0.004956658 0.000490789 0.999987602 74.129241943
0.999985397 0.002190815 -0.004939781 1.258720398 -0.002193763 0.999997437 -0.000591128 -1.999802470 0.004938473 0.000601956 0.999987602 74.671066284
0.999984145 0.001811880 -0.005333283 1.268876314 -0.001815474 0.999998152 -0.000668893 -2.009097576 0.005332061 0.000678565 0.999985576 75.194236755
0.999984443 0.001566726 -0.005354373 1.272747397 -0.001569925 0.999998510 -0.000593366 -2.028120518 0.005353437 0.000601763 0.999985456 75.730232239
0.999984264 0.001659737 -0.005355112 1.276014686 -0.001663841 0.999998331 -0.000761825 -2.039033890 0.005353838 0.000770723 0.999985397 76.271736145
0.999985993 0.001528678 -0.005062544 1.275592208 -0.001536174 0.999997735 -0.001477055 -2.045897961 0.005060275 0.001484811 0.999986053 76.817390442
0.999986291 0.001982243 -0.004838888 1.271758437 -0.001989018 0.999997020 -0.001395593 -2.060771227 0.004836107 0.001405198 0.999987304 77.364273071
0.999988019 0.002232013 -0.004359948 1.260659456 -0.002239002 0.999996185 -0.001599061 -2.071279287 0.004356362 0.001608804 0.999989152 77.900466919
0.999989867 0.002234284 -0.003903005 1.246250153 -0.002239592 0.999996662 -0.001356129 -2.092097759 0.003899962 0.001364857 0.999991417 78.425003052
0.999989331 0.003656509 -0.002817346 1.224406123 -0.003660081 0.999992430 -0.001264222 -2.110188961 0.002812702 0.001274521 0.999995232 78.960739136
0.999990523 0.003834820 -0.002074184 1.230597258 -0.003838369 0.999991179 -0.001709699 -2.111713409 0.002067609 0.001717645 0.999996364 79.582435608
0.999991179 0.003266989 -0.002674930 1.239008307 -0.003271319 0.999993265 -0.001616015 -2.135929108 0.002669633 0.001624751 0.999995112 80.115577698
0.999992251 0.003077073 -0.002453607 1.244218349 -0.003081772 0.999993443 -0.001913341 -2.149070501 0.002447704 0.001920887 0.999995112 80.656639099
0.999992609 0.003647678 -0.001227689 1.241778731 -0.003649842 0.999991775 -0.001765650 -2.164535522 0.001221239 0.001770118 0.999997675 81.190917969
0.999992251 0.003927590 0.000207672 1.240708947 -0.003927168 0.999990225 -0.001997041 -2.178275347 -0.000215513 0.001996210 0.999997914 81.741462708
0.999990284 0.004088049 0.001629945 1.239669561 -0.004084425 0.999989152 -0.002221458 -2.192699432 -0.001639009 0.002214778 0.999996185 82.283920288
0.999976575 0.005243718 0.004430910 1.206766605 -0.005237007 0.999985099 -0.001524957 -2.219820499 -0.004438841 0.001501716 0.999988973 82.788612366
0.999941826 0.006034843 0.008936234 1.206392407 -0.006019567 0.999980390 -0.001735345 -2.228467941 -0.008946531 0.001681452 0.999958575 83.410140991
0.999927282 0.004266093 0.011279642 1.250118256 -0.004242718 0.999988794 -0.002095464 -2.247738361 -0.011288458 0.002047455 0.999934137 83.941886902
0.999891937 0.003889218 0.014178317 1.270578027 -0.003847009 0.999988079 -0.003003140 -2.251755476 -0.014189826 0.002948272 0.999894977 84.517379761
0.999810874 0.004895404 0.018822055 1.295136213 -0.004848298 0.999984980 -0.002547545 -2.272633076 -0.018834246 0.002455808 0.999819517 85.063499451
0.999694765 0.004609208 0.024269661 1.335474133 -0.004551353 0.999986649 -0.002438571 -2.291267157 -0.024280576 0.002327367 0.999702454 85.612838745
0.999558330 0.003845555 0.029465748 1.374511838 -0.003774609 0.999989867 -0.002462957 -2.312836170 -0.029474920 0.002350648 0.999562681 86.165267944
0.999365032 0.003831425 0.035422638 1.411681414 -0.003747365 0.999989986 -0.002439185 -2.330888510 -0.035431623 0.002304894 0.999369442 86.709671021
0.999059737 0.003814792 0.043186337 1.456008911 -0.003696143 0.999989092 -0.002826889 -2.341145515 -0.043196652 0.002664608 0.999063015 87.273216248
0.998690844 0.003320708 0.051044874 1.515710831 -0.003178289 0.999990821 -0.002871002 -2.360349417 -0.051053934 0.002705008 0.998692155 87.827339172
0.998344958 0.002437426 0.057457566 1.573104858 -0.002253670 0.999992073 -0.003262701 -2.372100115 -0.057465065 0.003127811 0.998342633 88.379043579
0.997758806 0.002568925 0.066863813 1.630141735 -0.002377045 0.999992847 -0.002949118 -2.393730164 -0.066870928 0.002783570 0.997757733 88.930465698
0.997046411 0.002680135 0.076754659 1.701261520 -0.002466552 0.999992847 -0.002877329 -2.409854650 -0.076761834 0.002679512 0.997045815 89.478286743
0.996416390 0.001324450 0.084572673 1.783233166 -0.001048826 0.999993980 -0.003303366 -2.425157785 -0.084576540 0.003202825 0.996411800 89.997787476
0.995717227 0.000554013 0.092449144 1.863343239 -0.000189433 0.999992132 -0.003952290 -2.433813334 -0.092450596 0.003917850 0.995709538 90.576881409
0.994659662 0.000490547 0.103207968 1.942306995 -0.000089208 0.999992430 -0.003893221 -2.449452639 -0.103209093 0.003863222 0.994652152 91.128051758
0.993466496 0.000514033 0.114122748 2.019521713 -0.000070631 0.999992371 -0.003889324 -2.463794947 -0.114123881 0.003855853 0.993459046 91.672874451
0.992401421 0.000099760 0.123042382 2.105043411 0.000416576 0.999991238 -0.004170680 -2.478788376 -0.123041727 0.004190245 0.992392600 92.217956543
0.990960956 0.000674808 0.134148628 2.192929268 -0.000167051 0.999992788 -0.003796251 -2.494353294 -0.134150207 0.003739526 0.990953922 92.752754211
0.989262164 0.000198450 0.146151528 2.291752815 0.000381481 0.999992192 -0.003939974 -2.512874126 -0.146151170 0.003953421 0.989254355 93.292816162
0.987575829 -0.000161629 0.157142863 2.390370369 0.000779523 0.999992311 -0.003870429 -2.529053450 -0.157141000 0.003944840 0.987568319 93.829116821
0.985808909 0.000077286 0.167871341 2.482802391 0.000633653 0.999991059 -0.004181453 -2.542226076 -0.167870194 0.004228486 0.985800028 94.353744507
0.983527422 0.000130210 0.180759013 2.604591370 0.000576158 0.999992371 -0.003855278 -2.565207005 -0.180758148 0.003895919 0.983519852 94.876449585
0.981148899 -0.000234583 0.193253145 2.729970932 0.000991554 0.999992192 -0.003820283 -2.583853245 -0.193250760 0.003939887 0.981141448 95.407402039
0.979079843 -0.000465712 0.203475878 2.858665466 0.001224354 0.999992788 -0.003602547 -2.597752333 -0.203472733 0.003776307 0.979073346 95.943809509
0.976360321 -0.000694279 0.216148227 2.999843597 0.001491349 0.999992669 -0.003524523 -2.618972778 -0.216144189 0.003763556 0.976354122 96.476615906
0.973156154 -0.000505431 0.230145201 3.147573471 0.001240907 0.999994695 -0.003050981 -2.633201599 -0.230142385 0.003254670 0.973151505 97.012031555
0.970539749 -0.000963807 0.240938812 3.293394089 0.001732644 0.999994040 -0.002979173 -2.657849073 -0.240934491 0.003308867 0.970535755 97.515937805
0.967718124 -0.001551303 0.252030164 3.451362610 0.002371690 0.999992847 -0.002951377 -2.670465708 -0.252023816 0.003453839 0.967714787 98.021362305
0.963868082 -0.001480928 0.266375899 3.614236832 0.002293623 0.999993622 -0.002739855 -2.692195415 -0.266370058 0.003251825 0.963865340 98.536689758
0.960266352 -0.001869774 0.279078931 3.782808304 0.002807471 0.999991655 -0.002960314 -2.708521366 -0.279071063 0.003626195 0.960263610 99.055587769
0.957139730 -0.002280775 0.289617598 3.970548630 0.003211027 0.999991119 -0.002736873 -2.722714186 -0.289608866 0.003549539 0.957138538 99.557571411
0.952665806 -0.002192618 0.304011583 4.146665573 0.003359203 0.999988854 -0.003314361 -2.733000994 -0.304000944 0.004178715 0.952662587 100.075225830
0.948205113 -0.002182332 0.317651182 4.344715118 0.003454747 0.999988019 -0.003442459 -2.751483917 -0.317639858 0.004361562 0.948201537 100.588035583
0.944609642 -0.003362386 0.328178704 4.551656723 0.004672295 0.999983966 -0.003203018 -2.766083717 -0.328162700 0.004558950 0.944610178 101.078712463
0.940179467 -0.002880661 0.340667337 4.752912521 0.004371949 0.999983907 -0.003609980 -2.785100937 -0.340651453 0.004883408 0.940176964 101.585571289
0.934939981 -0.003280718 0.354790807 4.968515396 0.004629732 0.999984920 -0.002953438 -2.809166431 -0.354775757 0.004403873 0.934941053 102.074188232
0.929945469 -0.003389505 0.367681772 5.183565140 0.004758727 0.999984801 -0.002817393 -2.823456287 -0.367666662 0.004369718 0.929947376 102.576904297
0.925448835 -0.004118851 0.378850192 5.403623581 0.005834187 0.999977291 -0.003379921 -2.833887100 -0.378827751 0.005338227 0.925451756 103.070663452
0.919577599 -0.004729670 0.392879754 5.644031525 0.006261748 0.999976993 -0.002618111 -2.854336977 -0.392858326 0.004867672 0.919586122 103.558448792
0.913679361 -0.005153506 0.406403154 5.883880615 0.006699820 0.999974728 -0.002382147 -2.871463060 -0.406380564 0.004899347 0.913690746 104.041755676
0.908849299 -0.005677158 0.417085946 6.134208679 0.007538497 0.999967635 -0.002815690 -2.889393091 -0.417056531 0.005703240 0.908862650 104.513824463
0.902792990 -0.006322996 0.430028856 6.390708923 0.008226518 0.999962866 -0.002567459 -2.906650066 -0.429996639 0.005855523 0.902811468 104.992767334
0.895906627 -0.006331965 0.444197297 6.656208038 0.008337680 0.999961972 -0.002562056 -2.922788143 -0.444164187 0.005998938 0.895925343 105.484703064
0.889762938 -0.006568064 0.456375778 6.919559479 0.008497792 0.999961495 -0.002176298 -2.948848009 -0.456343859 0.005814575 0.889784515 105.951148987
0.884072840 -0.006223998 0.467307568 7.189147949 0.008476450 0.999960363 -0.002717800 -2.958599329 -0.467272103 0.006363843 0.884090662 106.433853149
0.877114117 -0.006971442 0.480231434 7.480648041 0.009291404 0.999953806 -0.002454031 -2.975045204 -0.480192155 0.006614489 0.877138376 106.905799866
0.870139956 -0.007697486 0.492744446 7.775966644 0.010223825 0.999944746 -0.002433509 -2.994160414 -0.492698461 0.007155228 0.870170653 107.370422363
0.864353478 -0.007738292 0.502825379 8.073577881 0.010162709 0.999946177 -0.002080836 -3.013240337 -0.502782106 0.006908645 0.864385486 107.846382141
