1.000000000 0.000000000 0.000000000 0.000000000 0.000000000 1.000000000 0.000000000 0.000000000 0.000000000 0.000000000 1.000000000 0.000000000
1.000000000 0.000007154 0.000044638 -0.000359921 -0.000007157 1.000000000 0.000077092 -0.000309480 -0.000044638 -0.000077092 1.000000000 0.000391741
1.000000000 -0.000118413 0.000128635 -0.000778327 0.000118401 1.000000000 0.000094096 0.000138957 -0.000128646 -0.000094081 1.000000000 0.000942506
1.000000000 0.000062793 0.000051376 -0.000957332 -0.000062799 1.000000000 0.000122198 -0.000589086 -0.000051368 -0.000122201 1.000000000 -0.000552032
1.000000000 0.000004646 0.000111671 -0.000885750 -0.000004653 1.000000000 0.000065654 0.000726226 -0.000111671 -0.000065655 1.000000000 0.000665918
1.000000000 -0.000075163 0.000038520 -0.000791462 0.000075161 1.000000000 0.000057108 -0.000146858 -0.000038524 -0.000057105 1.000000000 -0.000204227
1.000000000 -0.000135942 0.000036657 -0.001152875 0.000135939 1.000000000 0.000062002 -0.000481847 -0.000036665 -0.000061997 1.000000000 -0.001402840
1.000000000 -0.000033263 0.000033038 -0.000660837 0.000033261 1.000000000 0.000051959 -0.000491852 -0.000033040 -0.000051957 1.000000000 -0.000890503
1.000000000 -0.000052092 0.000078356 -0.000613243 0.000052088 1.000000000 0.000046905 -0.000344969 -0.000078358 -0.000046901 1.000000000 -0.000683490
1.000000000 -0.000038927 0.000071884 -0.000780729 0.000038918 1.000000000 0.000133191 -0.000581139 -0.000071889 -0.000133189 1.000000000 0.000263939
1.000000000 -0.000040574 0.000101904 -0.000321596 0.000040570 1.000000000 0.000040374 -0.000067210 -0.000101905 -0.000040370 1.000000000 0.000437171
1.000000000 -0.000046836 0.000153355 -0.001061783 0.000046842 1.000000000 -0.000039559 0.000952073 -0.000153353 0.000039567 1.000000000 0.000508681
1.000000000 -0.000057648 0.000043561 -0.000227262 0.000057647 1.000000000 0.000031523 0.000168365 -0.000043563 -0.000031520 1.000000000 0.000627300
1.000000000 0.000156474 0.000149540 -0.001065096 -0.000156480 1.000000000 0.000034999 0.001091987 -0.000149535 -0.000035022 1.000000000 0.001512189
1.000000000 -0.000047024 0.000081761 -0.000936535 0.000047024 1.000000000 0.000002907 0.000604774 -0.000081761 -0.000002903 1.000000000 -0.000552930
1.000000000 -0.000077079 0.000071975 -0.001662165 0.000077079 1.000000000 -0.000006020 0.001071436 -0.000071975 0.000006026 1.000000000 -0.000383373
1.000000000 0.000112813 0.000124326 -0.001402082 -0.000112809 1.000000000 -0.000033309 0.001662766 -0.000124330 0.000033295 1.000000000 0.002309106
1.000000000 0.000106770 0.000141770 -0.001472477 -0.000106771 1.000000000 0.000006418 0.001751280 -0.000141769 -0.000006433 1.000000000 0.001952020
1.000000000 -0.000020168 0.000136726 -0.000430431 0.000020187 1.000000000 -0.000140922 0.001744441 -0.000136723 0.000140925 1.000000000 0.001899824
1.000000000 0.000124923 0.000160550 -0.001027431 -0.000124926 1.000000000 0.000017520 0.001253019 -0.000160548 -0.000017540 1.000000000 0.001535504
1.000000000 0.000085243 0.000134639 -0.001318297 -0.000085229 1.000000000 -0.000106307 0.001830775 -0.000134648 0.000106296 1.000000000 0.001722322
1.000000000 0.000002499 0.000163041 -0.000449723 -0.000002480 1.000000000 -0.000116005 0.001644856 -0.000163041 0.000116005 1.000000000 0.002319222
1.000000000 0.000083375 0.000118088 -0.001481247 -0.000083367 1.000000000 -0.000073632 0.002308079 -0.000118094 0.000073622 1.000000000 0.001575876
1.000000000 0.000223626 0.000057944 -0.001012059 -0.000223624 1.000000000 -0.000030653 0.001775190 -0.000057950 0.000030640 1.000000000 0.001764918
1.000000000 0.000182418 0.000101372 -0.001095375 -0.000182411 1.000000000 -0.000063096 0.002210446 -0.000101384 0.000063078 1.000000000 0.001599099
1.000000000 0.000086226 0.000085924 -0.000639045 -0.000086220 1.000000000 -0.000071598 0.002497301 -0.000085930 0.000071591 1.000000000 0.002980100
1.000000000 0.000174947 0.000078593 -0.000599507 -0.000174950 1.000000000 0.000040245 0.001696927 -0.000078586 -0.000040259 1.000000000 0.002810136
1.000000000 0.000053795 0.000137973 -0.002158260 -0.000053772 1.000000000 -0.000171629 0.002349037 -0.000137983 0.000171622 1.000000000 0.001249051
1.000000000 0.000125538 0.000132463 -0.001928757 -0.000125518 1.000000000 -0.000152312 0.002817627 -0.000132482 0.000152295 1.000000000 0.002523247
1.000000000 0.000149796 0.000147112 -0.001242118 -0.000149783 1.000000000 -0.000089019 0.001981338 -0.000147125 0.000088997 1.000000000 0.002411189
0.999999940 0.000106156 0.000263071 -0.002325391 -0.000106139 1.000000000 -0.000065928 0.001692295 -0.000263078 0.000065900 0.999999940 0.001730134
1.000000000 0.000129655 0.000099512 -0.000744942 -0.000129646 1.000000000 -0.000091784 0.001685853 -0.000099524 0.000091772 1.000000000 0.002045904
1.000000000 0.000155943 0.000079059 -0.001118001 -0.000155937 1.000000000 -0.000070120 0.001730047 -0.000079070 0.000070107 1.000000000 0.001863899
1.000000000 0.000188717 0.000150588 -0.001805825 -0.000188711 1.000000000 -0.000042291 0.002203453 -0.000150596 0.000042263 1.000000000 0.001779088
1.000000000 0.000182820 0.000098136 -0.000877089 -0.000182823 1.000000000 0.000031010 0.001641932 -0.000098130 -0.000031028 1.000000000 0.002908915
1.000000000 0.000130210 0.000138305 -0.001124769 -0.000130206 1.000000000 -0.000027423 0.002277411 -0.000138309 0.000027405 1.000000000 0.002915328
1.000000000 0.000144465 0.000094323 -0.002229309 -0.000144464 1.000000000 -0.000000731 0.001024434 -0.000094324 0.000000717 1.000000000 0.001769895
1.000000000 0.000100100 0.000164763 -0.002014114 -0.000100101 1.000000000 0.000006113 0.001418664 -0.000164763 -0.000006129 1.000000000 0.000828129
1.000000000 0.000129260 0.000150108 -0.001485708 -0.000129250 1.000000000 -0.000064781 0.001931049 -0.000150116 0.000064761 1.000000000 0.002001583
1.000000000 0.000122837 0.000160544 -0.001713147 -0.000122812 1.000000000 -0.000151686 0.001178680 -0.000160562 0.000151666 1.000000000 0.002387110
0.999999940 0.000242583 0.000275433 -0.002750795 -0.000242405 0.999999762 -0.000644184 -0.002227246 -0.000275589 0.000644117 0.999999762 0.051195018
0.999999940 0.000310218 0.000267353 0.001084688 -0.000309842 0.999998987 -0.001407334 -0.001729806 -0.000267789 0.001407251 0.999998987 0.141198069
0.999999940 0.000144187 0.000237310 0.002932215 -0.000143805 0.999998689 -0.001609276 -0.004176009 -0.000237542 0.001609241 0.999998689 0.252871275
0.999999940 0.000321319 0.000124922 0.008878082 -0.000321132 0.999998808 -0.001497889 -0.007182909 -0.000125403 0.001497849 0.999998868 0.387649357
0.999999881 0.000398094 0.000209546 0.008434464 -0.000397884 0.999999404 -0.001003852 -0.012395062 -0.000209946 0.001003768 0.999999464 0.534584343
0.999999940 0.000031015 0.000268470 0.008860111 -0.000030743 0.999999464 -0.001013984 -0.017540462 -0.000268501 0.001013976 0.999999464 0.682188094
0.999999762 0.000528315 0.000493101 0.014142434 -0.000527820 0.999999344 -0.001001946 -0.014501833 -0.000493630 0.001001686 0.999999404 0.844251454
0.999999702 0.000242416 0.000735842 0.007602674 -0.000241626 0.999999404 -0.001073023 -0.024688512 -0.000736102 0.001072845 0.999999166 1.011305571
0.999999881 -0.000087465 0.000447966 0.019622220 0.000088036 0.999999166 -0.001275790 -0.027022399 -0.000447854 0.001275829 0.999999106 1.196053624
0.999999940 0.000254605 0.000144180 0.027397580 -0.000254543 0.999999881 -0.000431086 -0.040835649 -0.000144289 0.000431049 0.999999881 1.363822699
0.999999702 0.000468770 0.000645877 0.024047293 -0.000468323 0.999999642 -0.000691881 -0.045397408 -0.000646201 0.000691578 0.999999523 1.557817936
0.999999583 0.000331855 0.000858858 0.015107378 -0.000331634 0.999999940 -0.000257168 -0.055618938 -0.000858944 0.000256883 0.999999583 1.776508927
0.999999344 0.000971332 -0.000520022 0.042864978 -0.000971368 0.999999523 -0.000068883 -0.065720350 0.000519955 0.000069388 0.999999821 1.971211433
0.999999344 0.001148104 -0.000014145 0.044787750 -0.001148108 0.999999344 -0.000325891 -0.071523905 0.000013770 0.000325907 0.999999940 2.179211855
0.999999583 0.000764416 -0.000353851 0.053541448 -0.000764538 0.999999702 -0.000343084 -0.072790951 0.000353589 0.000343355 0.999999881 2.402097225
0.999999642 0.000773613 -0.000111824 0.049679201 -0.000773578 0.999999583 0.000312871 -0.088864438 0.000112066 -0.000312785 0.999999940 2.629441261
0.999999762 0.000693690 -0.000078425 0.056712728 -0.000693644 0.999999583 0.000588989 -0.097728916 0.000078833 -0.000588934 0.999999881 2.857360363
0.999999762 0.000692733 0.000177715 0.060110584 -0.000692824 0.999999583 0.000511699 -0.099369347 -0.000177360 -0.000511822 0.999999881 3.089386225
0.999998808 0.001515726 0.000170723 0.067418046 -0.001515851 0.999998510 0.000736801 -0.111058310 -0.000169606 -0.000737059 0.999999702 3.330822229
0.999999046 0.001316063 0.000175480 0.064950913 -0.001316176 0.999998927 0.000644859 -0.117645860 -0.000174631 -0.000645090 0.999999762 3.579090357
0.999998271 0.001843624 0.000249459 0.069001436 -0.001843837 0.999997914 0.000856930 -0.126923338 -0.000247878 -0.000857388 0.999999523 3.833995104
0.999998569 0.001700693 0.000190093 0.076623760 -0.001700913 0.999997914 0.001167194 -0.133453131 -0.000188108 -0.001167516 0.999999225 4.099615097
0.999998748 0.001550693 0.000307625 0.081662953 -0.001551031 0.999998152 0.001100782 -0.138936311 -0.000305917 -0.001101258 0.999999404 4.354864597
0.999998927 0.001410736 0.000358685 0.082974665 -0.001411127 0.999998331 0.001092335 -0.146693707 -0.000357143 -0.001092840 0.999999344 4.607825279
0.999998391 0.001744719 0.000398113 0.094200365 -0.001745166 0.999997795 0.001125076 -0.154064029 -0.000396149 -0.001125769 0.999999285 4.864872456
0.999998152 0.001740665 0.000638156 0.099259190 -0.001741488 0.999997556 0.001291627 -0.156692594 -0.000635906 -0.001292736 0.999998987 5.137462139
0.999998391 0.001630403 0.000753626 0.101508237 -0.001631281 0.999997973 0.001166762 -0.165721849 -0.000751722 -0.001167989 0.999999046 5.399157524
0.999997735 0.001956336 0.000828875 0.094004877 -0.001957189 0.999997556 0.001030028 -0.170573384 -0.000826858 -0.001031648 0.999999046 5.668827534
0.999998629 0.001374108 0.000822127 0.098172523 -0.001374883 0.999998629 0.000942317 -0.177357674 -0.000820831 -0.000943446 0.999999166 5.932786942
0.999996960 0.002127059 0.001185830 0.103307262 -0.002128511 0.999997020 0.001224451 -0.186578169 -0.001183222 -0.001226972 0.999998569 6.223832130
0.999997735 0.001928342 0.000929015 0.117554553 -0.001929383 0.999997497 0.001120789 -0.191207439 -0.000926852 -0.001122579 0.999998927 6.519838333
0.999998033 0.001832245 0.000741249 0.126837268 -0.001833173 0.999997497 0.001252105 -0.202906370 -0.000738953 -0.001253461 0.999998927 6.811707020
0.999996364 0.002330325 0.001339422 0.115835398 -0.002331789 0.999996662 0.001092519 -0.210439652 -0.001336871 -0.001095638 0.999998450 7.099689484
0.999996126 0.002538959 0.001167518 0.123399787 -0.002540178 0.999996245 0.001043778 -0.215744480 -0.001164863 -0.001046740 0.999998808 7.401146889
0.999996245 0.002249030 0.001545196 0.125851914 -0.002251249 0.999996424 0.001435703 -0.237669975 -0.001541962 -0.001439176 0.999997795 7.697628021
0.999997199 0.001920020 0.001383918 0.133962423 -0.001922016 0.999997079 0.001442123 -0.245838583 -0.001381145 -0.001444779 0.999998033 8.026079178
0.999996305 0.002164468 0.001592509 0.143997148 -0.002166396 0.999996841 0.001210095 -0.247821003 -0.001589884 -0.001213540 0.999998033 8.342556000
0.999997497 0.001765052 0.001376420 0.152574614 -0.001766448 0.999997795 0.001013737 -0.255563200 -0.001374628 -0.001016166 0.999998569 8.671088219
0.999995470 0.002493659 0.001738546 0.148808733 -0.002496184 0.999995828 0.001451506 -0.271631241 -0.001734919 -0.001455839 0.999997437 9.034915924
0.999996126 0.002482230 0.001221068 0.163781822 -0.002484310 0.999995470 0.001704244 -0.289298564 -0.001216833 -0.001707272 0.999997795 9.361629486
0.999993622 0.003152881 0.001674088 0.169085309 -0.003155628 0.999993563 0.001640834 -0.296311855 -0.001668904 -0.001646106 0.999997258 9.718401909
0.999992311 0.003439800 0.001889279 0.167588562 -0.003443211 0.999992430 0.001805239 -0.307264358 -0.001883055 -0.001811731 0.999996603 10.053752899
0.999991834 0.003682841 0.001628287 0.173731521 -0.003685653 0.999991715 0.001727730 -0.310420662 -0.001621911 -0.001733718 0.999997199 10.410673141
0.999994695 0.002587391 0.001962298 0.177669033 -0.002591013 0.999994934 0.001845442 -0.329363018 -0.001957513 -0.001850516 0.999996305 10.775152206
0.999996305 0.002039623 0.001805934 0.189043730 -0.002043209 0.999995947 0.001985744 -0.335923165 -0.001801876 -0.001989426 0.999996364 11.145706177
0.999996424 0.002147692 0.001656758 0.199456006 -0.002150873 0.999995828 0.001920953 -0.349597871 -0.001652626 -0.001924510 0.999996722 11.517154694
0.999993145 0.003067797 0.002078304 0.197743297 -0.003072414 0.999992788 0.002222195 -0.357736498 -0.002071471 -0.002228565 0.999995291 11.914865494
0.999992967 0.003048921 0.002200596 0.206087649 -0.003054248 0.999992430 0.002421030 -0.370907664 -0.002193197 -0.002427734 0.999994576 12.304719925
0.999992073 0.003006927 0.002606113 0.214385927 -0.003013956 0.999991775 0.002697323 -0.383949459 -0.002597981 -0.002705156 0.999992967 12.696461678
0.999993265 0.002746520 0.002424584 0.223616868 -0.002752055 0.999993622 0.002282799 -0.389067233 -0.002418299 -0.002289457 0.999994457 13.113628387
0.999993324 0.002785407 0.002365270 0.235447213 -0.002791721 0.999992549 0.002670511 -0.414902031 -0.002357814 -0.002677096 0.999993622 13.509737015
0.999991894 0.003336662 0.002243822 0.242195323 -0.003342922 0.999990523 0.002792010 -0.425601155 -0.002234484 -0.002799488 0.999993563 13.927517891
0.999989569 0.003529710 0.002899473 0.244760275 -0.003537697 0.999989867 0.002754138 -0.430765539 -0.002889723 -0.002764367 0.999991953 14.356715202
0.999989212 0.003335836 0.003233581 0.256803811 -0.003344595 0.999990761 0.002707166 -0.442748696 -0.003224520 -0.002717952 0.999991119 14.772514343
0.999989808 0.003051782 0.003333134 0.268160790 -0.003061076 0.999991477 0.002787021 -0.452741206 -0.003324600 -0.002797195 0.999990582 15.203289986
0.999988317 0.003158571 0.003659536 0.274302334 -0.003168761 0.999991179 0.002782037 -0.460567653 -0.003650717 -0.002793600 0.999989390 15.652776718
0.999986231 0.003181213 0.004154391 0.285230905 -0.003193412 0.999990582 0.002933123 -0.481087565 -0.004145021 -0.002946349 0.999987066 16.089759827
0.999985397 0.003224964 0.004327695 0.296653986 -0.003237619 0.999990523 0.002920400 -0.490822881 -0.004318236 -0.002934369 0.999986410 16.535430908
0.999985456 0.003082853 0.004405879 0.308658928 -0.003095054 0.999991357 0.002765088 -0.495773762 -0.004397317 -0.002778685 0.999986529 16.992527008
0.999982476 0.003434052 0.004815094 0.317011774 -0.003448397 0.999989569 0.002974113 -0.520146906 -0.004804830 -0.002990665 0.999983966 17.451272964
0.999981284 0.003387025 0.005101430 0.326573938 -0.003403027 0.999989271 0.003131325 -0.531036913 -0.005090770 -0.003148626 0.999982119 17.917753220
0.999980628 0.003183288 0.005376258 0.337716788 -0.003198146 0.999991119 0.002757361 -0.538590372 -0.005367433 -0.002774501 0.999981701 18.393648148
0.999976158 0.003884273 0.005704076 0.352138549 -0.003901204 0.999988019 0.002960033 -0.552112639 -0.005692509 -0.002982216 0.999979377 18.872371674
0.999976456 0.003970040 0.005588952 0.368924499 -0.003986963 0.999987483 0.003020126 -0.562843740 -0.005576892 -0.003042339 0.999979854 19.346000671
0.999970615 0.004722607 0.006025511 0.380051464 -0.004741012 0.999984145 0.003043747 -0.578036129 -0.006011042 -0.003072225 0.999977231 19.836236954
0.999973834 0.004020712 0.006017039 0.385708690 -0.004043331 0.999984741 0.003751718 -0.599108636 -0.006001863 -0.003775949 0.999974847 20.333093643
0.999975801 0.003895576 0.005765868 0.402206957 -0.003915911 0.999986231 0.003519767 -0.607864439 -0.005752076 -0.003542260 0.999977171 20.829959869
0.999978721 0.004005047 0.005154887 0.414315760 -0.004025263 0.999984145 0.003917130 -0.627388656 -0.005139118 -0.003937797 0.999978960 21.331430435
0.999980032 0.003713629 0.005119185 0.426174313 -0.003732465 0.999986291 0.003674775 -0.634981215 -0.005105469 -0.003693809 0.999980092 21.836395264
0.999981880 0.003661061 0.004781257 0.425777972 -0.003678133 0.999986887 0.003566887 -0.648541451 -0.004768135 -0.003584408 0.999982178 22.354150772
0.999982119 0.004071572 0.004389003 0.436048478 -0.004086229 0.999986172 0.003335508 -0.656008422 -0.004375361 -0.003353383 0.999984801 22.871789932
0.999982834 0.004138316 0.004174314 0.451829433 -0.004152743 0.999985397 0.003453078 -0.673838317 -0.004159964 -0.003470354 0.999985337 23.393959045
0.999985099 0.003598631 0.004107878 0.449237525 -0.003613445 0.999986947 0.003604373 -0.691623151 -0.004094854 -0.003619163 0.999985039 23.910991669
0.999989331 0.003200811 0.003319395 0.462308049 -0.003212985 0.999988079 0.003668649 -0.707183540 -0.003307612 -0.003679275 0.999987721 24.423860550
0.999989748 0.003511435 0.002863001 0.467570186 -0.003522381 0.999986470 0.003827474 -0.717712998 -0.002849521 -0.003837519 0.999988556 24.982303619
0.999987185 0.004583694 0.002145802 0.481940776 -0.004591138 0.999983430 0.003476873 -0.731988609 -0.002129829 -0.003486679 0.999991655 25.535131454
0.999986231 0.004845820 0.002006528 0.489054054 -0.004853018 0.999981821 0.003598177 -0.745105624 -0.001989056 -0.003607865 0.999991536 26.068864822
0.999989986 0.004199855 0.001495549 0.503742874 -0.004205437 0.999984145 0.003748337 -0.762195945 -0.001479783 -0.003754589 0.999991834 26.615188599
0.999991655 0.003919489 0.001139365 0.509909570 -0.003924482 0.999982476 0.004412919 -0.776510537 -0.001122049 -0.004417353 0.999989629 27.207920074
0.999990642 0.004272969 0.000668750 0.521597743 -0.004275986 0.999980390 0.004576043 -0.789425313 -0.000649184 -0.004578860 0.999989390 27.760084152
0.999986291 0.005201905 0.000547250 0.527426720 -0.005204074 0.999978304 0.004038990 -0.801681519 -0.000526228 -0.004041782 0.999991715 28.318862915
0.999984801 0.005432731 0.000855142 0.530443013 -0.005436480 0.999975264 0.004443162 -0.822626948 -0.000830982 -0.004447743 0.999989748 28.872673035
0.999987841 0.004919340 0.000292029 0.535143077 -0.004920653 0.999976933 0.004681526 -0.835931480 -0.000268992 -0.004682906 0.999988973 29.440191269
0.999986231 0.005217927 0.000431438 0.538868904 -0.005219705 0.999977350 0.004231854 -0.844809532 -0.000409346 -0.004234048 0.999990940 29.986284256
0.999985754 0.005327558 -0.000091780 0.548638225 -0.005327089 0.999975622 0.004508585 -0.856662691 0.000115797 -0.004508032 0.999989808 30.524602890
0.999982595 0.005896714 -0.000024437 0.549833775 -0.005896551 0.999972999 0.004375269 -0.872356772 0.000050236 -0.004375049 0.999990404 31.085710526
0.999988258 0.004784059 -0.000766306 0.573981702 -0.004780721 0.999979317 0.004299736 -0.884521604 0.000786860 -0.004296022 0.999990463 31.630575180
0.999988019 0.004810567 -0.000932201 0.583614945 -0.004806771 0.999980271 0.004031839 -0.895552278 0.000951578 -0.004027309 0.999991417 32.177482605
0.999990582 0.004147165 -0.001327760 0.603853583 -0.004141598 0.999982715 0.004167654 -0.912061810 0.001345021 -0.004162115 0.999990404 32.698413849
0.999987245 0.004973873 -0.000831929 0.582109630 -0.004970191 0.999978065 0.004372230 -0.920760274 0.000853657 -0.004368040 0.999990106 33.275543213
0.999989390 0.004377800 -0.001429687 0.594091594 -0.004371193 0.999979913 0.004591804 -0.937285960 0.001449761 -0.004585505 0.999988556 33.818050385
0.999986351 0.005151705 -0.000931532 0.604236364 -0.005147453 0.999976516 0.004510264 -0.949502528 0.000954746 -0.004505408 0.999989331 34.370742798
0.999989629 0.004263735 -0.001590440 0.604987681 -0.004255884 0.999979019 0.004907949 -0.972456694 0.001611332 -0.004901129 0.999986649 34.914920807
0.999989569 0.004208027 -0.001753020 0.618667245 -0.004199386 0.999979138 0.004904305 -0.989526272 0.001773621 -0.004896892 0.999986410 35.450820923
0.999991238 0.003700001 -0.001929237 0.625076950 -0.003691164 0.999982774 0.004563717 -0.994502306 0.001946090 -0.004556556 0.999987721 35.996543884
0.999989390 0.004077830 -0.002135368 0.630106926 -0.004067260 0.999979556 0.004930653 -1.016288757 0.002155431 -0.004921915 0.999985576 36.544132233
0.999988675 0.004347185 -0.001949160 0.640118897 -0.004338124 0.999979854 0.004629425 -1.027073026 0.001969245 -0.004620916 0.999987423 37.093898773
0.999985337 0.005055762 -0.001971888 0.649253428 -0.005046083 0.999975264 0.004883441 -1.039619565 0.001996529 -0.004873418 0.999986172 37.638317108
0.999989927 0.003913137 -0.002185952 0.653179705 -0.003901722 0.999978781 0.005202069 -1.062569380 0.002206262 -0.005193489 0.999984086 38.167675018
0.999989927 0.003865575 -0.002278222 0.664303839 -0.003852681 0.999976635 0.005637309 -1.075969577 0.002299960 -0.005628475 0.999981523 38.704593658
0.999988317 0.004477070 -0.001799163 0.666806817 -0.004468169 0.999977887 0.004920992 -1.082320333 0.001821156 -0.004912896 0.999986231 39.266929626
0.999988914 0.004129510 -0.002224928 0.677326977 -0.004117910 0.999977946 0.005193509 -1.097765923 0.002246326 -0.005184290 0.999983966 39.801330566
0.999990642 0.003658226 -0.002313342 0.692708492 -0.003645539 0.999978364 0.005464762 -1.115625381 0.002333284 -0.005456277 0.999982357 40.346031189
0.999988794 0.003912219 -0.002645939 0.701456785 -0.003897033 0.999975979 0.005720760 -1.128537416 0.002668256 -0.005710385 0.999980092 40.882690430
0.999989986 0.003814660 -0.002332591 0.693803906 -0.003800994 0.999975681 0.005835073 -1.148820400 0.002354793 -0.005826147 0.999980271 41.436138153
0.999988198 0.004455636 -0.001930893 0.701714039 -0.004445121 0.999975443 0.005416457 -1.155121803 0.001954979 -0.005407810 0.999983490 41.978237152
0.999987185 0.004686406 -0.001933107 0.724366605 -0.004675189 0.999972343 0.005766721 -1.178687453 0.001960079 -0.005757608 0.999981523 42.507503510
0.999987543 0.004627847 -0.001864455 0.713571131 -0.004617396 0.999973834 0.005571643 -1.174483061 0.001890191 -0.005562964 0.999982715 43.038379669
0.999987006 0.004781101 -0.001766852 0.723859131 -0.004771415 0.999973834 0.005446656 -1.185994148 0.001792847 -0.005438155 0.999983609 43.591110229
0.999988854 0.004366303 -0.001775153 0.737128317 -0.004356778 0.999976277 0.005334681 -1.201151133 0.001798404 -0.005326888 0.999984205 44.127666473
0.999989271 0.004411657 -0.001414991 0.725541890 -0.004403315 0.999973238 0.005845075 -1.212575793 0.001440740 -0.005838781 0.999981940 44.656044006
0.999987960 0.004684885 -0.001512163 0.739819467 -0.004675853 0.999971569 0.005922732 -1.228257656 0.001539867 -0.005915589 0.999981344 45.204406738
0.999987602 0.004860959 -0.001068164 0.754229844 -0.004854614 0.999971092 0.005864737 -1.242083311 0.001096641 -0.005859478 0.999982238 45.734584808
0.999985814 0.005234832 -0.001111477 0.749647141 -0.005228925 0.999972522 0.005253130 -1.238656282 0.001138946 -0.005247242 0.999985576 46.277915955
0.999987185 0.004963664 -0.001029078 0.760048926 -0.004957739 0.999971569 0.005682351 -1.255055189 0.001057254 -0.005677177 0.999983370 46.819015503
0.999986053 0.005240682 -0.000784849 0.777346253 -0.005236147 0.999970198 0.005671379 -1.271304607 0.000814547 -0.005667190 0.999983609 47.357978821
0.999986470 0.004861228 -0.001840680 0.780523717 -0.004850812 0.999972403 0.005622083 -1.279028177 0.001867959 -0.005613078 0.999982417 47.875171661
0.999982595 0.005719654 -0.001434690 0.796250403 -0.005711843 0.999969125 0.005390984 -1.293503642 0.001465480 -0.005382696 0.999984324 48.422554016
0.999987245 0.004747801 -0.001706196 0.808672369 -0.004738559 0.999974251 0.005380819 -1.303230047 0.001731699 -0.005372665 0.999984086 48.971691132
0.999987543 0.004740925 -0.001540001 0.804624498 -0.004732260 0.999973238 0.005581963 -1.313774228 0.001566424 -0.005574606 0.999983251 49.477588654
0.999987602 0.004841665 -0.001156862 0.813201845 -0.004834197 0.999968052 0.006373069 -1.332056284 0.001187681 -0.006367397 0.999979079 50.027011871
0.999988377 0.004587182 -0.001466541 0.828769267 -0.004578588 0.999972701 0.005810903 -1.338161588 0.001493157 -0.005804121 0.999982059 50.580615997
0.999988794 0.004617220 -0.000963516 0.824538767 -0.004611831 0.999974132 0.005522184 -1.344315767 0.000988988 -0.005517678 0.999984205 51.101566315
0.999987602 0.004941742 -0.000521927 0.829629958 -0.004939001 0.999974668 0.005130044 -1.351417661 0.000547265 -0.005127402 0.999986649 51.643337250
0.999987721 0.004935509 -0.000501368 0.837124050 -0.004932655 0.999972582 0.005541132 -1.365614057 0.000528702 -0.005538592 0.999984443 52.175884247
0.999985993 0.005285031 -0.000237853 0.848537028 -0.005283706 0.999972224 0.005260785 -1.380387902 0.000265650 -0.005259455 0.999986112 52.720817566
0.999986887 0.005126466 0.000118030 0.854709506 -0.005126988 0.999974489 0.004967368 -1.390806556 -0.000092562 -0.004967908 0.999987662 53.265640259
0.999980986 0.006156482 0.000363188 0.864713907 -0.006158098 0.999970317 0.004630892 -1.394939542 -0.000334667 -0.004633040 0.999989212 53.824119568
0.999983490 0.005735767 0.000118645 0.860280275 -0.005736284 0.999971151 0.004965186 -1.408890247 -0.000090163 -0.004965784 0.999987662 54.328887939
0.999977529 0.006650719 0.000816575 0.860261023 -0.006654879 0.999964297 0.005201492 -1.419082642 -0.000781952 -0.005206809 0.999986172 54.876918793
0.999974430 0.007055949 0.001124570 0.865529120 -0.007061536 0.999962270 0.005045419 -1.428445935 -0.001088927 -0.005053231 0.999986649 55.443996429
0.999980390 0.006177913 0.000963174 0.878280461 -0.006182280 0.999970257 0.004597413 -1.440491199 -0.000934743 -0.004603277 0.999988973 55.929141998
0.999978244 0.006504616 0.000995729 0.883209348 -0.006509263 0.999967515 0.004735732 -1.451577663 -0.000964892 -0.004742112 0.999988317 56.482322693
0.999982595 0.005830496 0.000889956 0.905106425 -0.005834812 0.999970853 0.004925828 -1.469169617 -0.000861210 -0.004930935 0.999987483 57.010284424
0.999978006 0.006471558 0.001416818 0.906440258 -0.006478351 0.999967277 0.004843230 -1.478296876 -0.001385428 -0.004852301 0.999987304 57.575355530
0.999979496 0.006176110 0.001696559 0.909086525 -0.006184359 0.999968886 0.004899378 -1.490090013 -0.001666247 -0.004909770 0.999986529 58.138191223
0.999981105 0.005775040 0.002080475 0.906035662 -0.005784979 0.999971747 0.004802787 -1.494067788 -0.002052679 -0.004814731 0.999986231 58.585029602
0.999979675 0.005996609 0.002156525 0.915755153 -0.006006389 0.999971628 0.004556712 -1.505172133 -0.002129139 -0.004569572 0.999987245 59.128669739
0.999978065 0.006350671 0.001863503 0.925651848 -0.006358706 0.999970376 0.004339191 -1.518618822 -0.001835891 -0.004350946 0.999988854 59.643592834
0.999975562 0.006648439 0.002154964 0.936673045 -0.006657268 0.999969363 0.004115938 -1.528165579 -0.002127534 -0.004130182 0.999989212 60.185726166
0.999976099 0.006546278 0.002189033 0.945195317 -0.006554819 0.999970853 0.003917521 -1.536400795 -0.002163323 -0.003931777 0.999989927 60.709972382
0.999976575 0.006506289 0.002105248 0.963310122 -0.006514563 0.999970973 0.003947208 -1.549653769 -0.002079505 -0.003960831 0.999989986 61.251327515
0.999974906 0.006645815 0.002458436 0.969182312 -0.006656404 0.999968469 0.004324348 -1.554559946 -0.002429619 -0.004340604 0.999987602 61.759071350
0.999973059 0.006916922 0.002486711 0.979140282 -0.006926464 0.999968529 0.003849753 -1.563228846 -0.002460004 -0.003866872 0.999989450 62.305206299
0.999970496 0.007121034 0.002855349 0.992785454 -0.007131161 0.999968290 0.003552596 -1.577298522 -0.002829961 -0.003572854 0.999989629 62.855346680
0.999962747 0.007943237 0.003370058 0.983201742 -0.007955742 0.999961436 0.003714185 -1.586384416 -0.003340426 -0.003740858 0.999987423 63.324718475
0.999959469 0.008255339 0.003579830 0.997952342 -0.008268103 0.999959409 0.003566101 -1.599577785 -0.003550245 -0.003595556 0.999987245 63.868846893
0.999970198 0.007157877 0.002912658 1.014037967 -0.007168236 0.999967992 0.003561648 -1.609794259 -0.002887071 -0.003582421 0.999989390 64.405647278
0.999974489 0.006527009 0.002904592 1.002940416 -0.006536881 0.999972761 0.003402415 -1.623744845 -0.002882306 -0.003421315 0.999989986 64.923316956
0.999979019 0.005968232 0.002524045 1.023436427 -0.005975921 0.999977410 0.003050592 -1.634819150 -0.002505781 -0.003065611 0.999992192 65.466934204
0.999979913 0.005788166 0.002585200 1.036944509 -0.005795477 0.999979138 0.002829549 -1.646204114 -0.002568769 -0.002844475 0.999992609 66.014381409
0.999973238 0.006409395 0.003524271 1.018573165 -0.006419579 0.999975324 0.002886109 -1.656783342 -0.003505685 -0.002908656 0.999989569 66.504394531
0.999971151 0.006560604 0.003817378 1.029723048 -0.006568389 0.999976337 0.002030653 -1.665519357 -0.003803966 -0.002055669 0.999990642 67.044891357
0.999970496 0.006697640 0.003739887 1.045380235 -0.006708261 0.999973476 0.002834620 -1.681129813 -0.003720802 -0.002859625 0.999989033 67.583580017
0.999968112 0.007180951 0.003490062 1.059475541 -0.007188858 0.999971628 0.002258678 -1.691576004 -0.003473743 -0.002283696 0.999991298 68.110443115
0.999959469 0.008183830 0.003754886 1.068132162 -0.008192431 0.999963880 0.002280726 -1.707971096 -0.003736085 -0.002311394 0.999990344 68.654960632
0.999956548 0.008291339 0.004254885 1.070785999 -0.008299869 0.999963641 0.001991139 -1.714748621 -0.004238220 -0.002026367 0.999988914 69.204643250
0.999959648 0.008255115 0.003541337 1.099589229 -0.008261995 0.999964058 0.001932201 -1.724054456 -0.003525259 -0.001961382 0.999991894 69.767326355
0.999956787 0.007948036 0.004827492 1.062289715 -0.007959490 0.999965489 0.002358134 -1.733230710 -0.004808583 -0.002396457 0.999985576 70.195823669
0.999957263 0.007609141 0.005264216 1.073768854 -0.007620699 0.999968529 0.002179155 -1.747937918 -0.005247470 -0.002219179 0.999983788 70.740478516
0.999955058 0.008152002 0.004838200 1.090703487 -0.008162116 0.999964535 0.002074460 -1.765650153 -0.004821118 -0.002113856 0.999986172 71.242210388
0.999962568 0.007447124 0.004414280 1.103507638 -0.007454222 0.999970973 0.001593459 -1.774750233 -0.004402286 -0.001626304 0.999989033 71.793281555
0.999961495 0.007744178 0.004122600 1.114146590 -0.007750985 0.999968588 0.001637406 -1.788066864 -0.004109791 -0.001669297 0.999990165 72.353050232
0.999955535 0.007964419 0.005044654 1.118534207 -0.007975182 0.999965906 0.002117235 -1.808443546 -0.005027620 -0.002157373 0.999984980 72.812782288
0.999954939 0.008049285 0.005028686 1.124218225 -0.008058894 0.999965727 0.001893181 -1.817548394 -0.005013275 -0.001933621 0.999985576 73.345191956
0.999955893 0.007967157 0.004971572 1.140891790 -0.007975070 0.999966919 0.001573237 -1.831943512 -0.004958874 -0.001612816 0.999986410 73.895568848
0.999950409 0.008405834 0.005342264 1.154345036 -0.008417023 0.999962389 0.002075401 -1.849283457 -0.005324618 -0.002120264 0.999983490 74.401435852
0.999946713 0.008655163 0.005628075 1.162796736 -0.008665694 0.999960721 0.001849625 -1.861335993 -0.005611846 -0.001898297 0.999982417 74.942161560
0.999943972 0.008893892 0.005736874 1.178455949 -0.008903547 0.999959111 0.001659740 -1.872345090 -0.005721877 -0.001710725 0.999982178 75.487281799
0.999935150 0.009567154 0.006181399 1.185439229 -0.009576779 0.999952912 0.001528898 -1.884687185 -0.006166481 -0.001587996 0.999979734 76.024154663
0.999933541 0.009905578 0.005907807 1.199527264 -0.009912755 0.999950111 0.001186688 -1.902010202 -0.005895759 -0.001245172 0.999981880 76.564102173
0.999936640 0.009244103 0.006419150 1.197730780 -0.009250425 0.999956727 0.000955979 -1.909456849 -0.006410036 -0.001015299 0.999978900 77.090782166
0.999940634 0.008953942 0.006191304 1.212123156 -0.008964528 0.999958396 0.001684255 -1.921853900 -0.006175966 -0.001739657 0.999979436 77.649627686
0.999943137 0.008605456 0.006294456 1.224062204 -0.008610443 0.999962747 0.000765837 -1.935035825 -0.006287630 -0.000819992 0.999979913 78.174400330
0.999943972 0.008506727 0.006288407 1.243694067 -0.008512091 0.999963403 0.000826713 -1.946077108 -0.006281144 -0.000880194 0.999979913 78.707221985
0.999939084 0.009073501 0.006272603 1.257396698 -0.009080619 0.999958158 0.001107109 -1.962506175 -0.006262295 -0.001164001 0.999979675 79.261672974
0.999937356 0.009277993 0.006247960 1.272408724 -0.009283468 0.999956489 0.000847633 -1.973386049 -0.006239824 -0.000905583 0.999980092 79.811264038
0.999931335 0.009267483 0.007170497 1.285168886 -0.009272995 0.999956667 0.000735714 -1.983221769 -0.007163369 -0.000802156 0.999974012 80.370262146
0.999917209 0.009680271 0.008471054 1.303274632 -0.009685429 0.999952853 0.000567907 -1.999566078 -0.008465157 -0.000649906 0.999963939 80.902793884
0.999914527 0.008979445 0.009501957 1.321636319 -0.008984781 0.999959528 0.000518715 -2.013480902 -0.009496914 -0.000604044 0.999954700 81.438629150
0.999895215 0.009345524 0.011050628 1.334265471 -0.009352632 0.999956012 0.000591908 -2.028149843 -0.011044610 -0.000695198 0.999938726 81.977767944
0.999861062 0.009002648 0.014027987 1.358767509 -0.009011346 0.999959171 0.000556884 -2.041709185 -0.014022404 -0.000683218 0.999901414 82.534492493
0.999798775 0.009438922 0.017701467 1.383872867 -0.009448466 0.999955237 0.000455651 -2.055624962 -0.017696375 -0.000622811 0.999843240 83.072715759
0.999736309 0.009106412 0.021081362 1.414363027 -0.009116020 0.999958277 0.000359783 -2.074345350 -0.021077210 -0.000551866 0.999777734 83.615631104
0.999632776 0.009588274 0.025341773 1.425463915 -0.009597888 0.999953926 0.000257733 -2.082914114 -0.025338128 -0.000500865 0.999678791 84.178184509
0.999454916 0.009847556 0.031510193 1.449635625 -0.009853021 0.999951482 0.000018088 -2.090255737 -0.031508487 -0.000328548 0.999503434 84.734611511
0.999256551 0.009648168 0.037326697 1.493693233 -0.009639394 0.999953389 -0.000414987 -2.105519056 -0.037328959 0.000054872 0.999302983 85.267967224
0.999013603 0.009466334 0.043384463 1.529888630 -0.009467348 0.999955118 -0.000182144 -2.121113062 -0.043384243 -0.000228771 0.999058366 85.817573547
0.998620987 0.009452035 0.051640548 1.566681623 -0.009446762 0.999955237 -0.000346220 -2.132331133 -0.051641513 -0.000142093 0.998665690 86.369850159
0.998166621 0.008734109 0.059890874 1.616989374 -0.008681911 0.999961615 -0.001131725 -2.140907288 -0.059898470 0.000609683 0.998204291 86.927215576
0.997707486 0.009146352 0.067052692 1.663099766 -0.009116832 0.999958158 -0.000746255 -2.158770800 -0.067056693 0.000133236 0.997749150 87.475929260
0.997052252 0.009231141 0.076168366 1.726320267 -0.009187371 0.999957383 -0.000925029 -2.174263000 -0.076173656 0.000222515 0.997094512 88.000526428
0.996281445 0.008843908 0.085703425 1.803040981 -0.008796266 0.999960899 -0.000933521 -2.194291830 -0.085708335 0.000176180 0.996320188 88.522689819
0.995448470 0.008839551 0.094890751 1.861901760 -0.008766450 0.999960840 -0.001187200 -2.201034546 -0.094897524 0.000349941 0.995486975 89.073165894
0.994730890 0.008219726 0.102190211 1.939103127 -0.008097236 0.999965906 -0.001613413 -2.213192940 -0.102199994 0.000777454 0.994763553 89.618797302
0.993636847 0.008548964 0.112306461 2.021873474 -0.008455247 0.999963462 -0.001310752 -2.230036736 -0.112313561 0.000352833 0.993672788 90.146064758
0.992430568 0.008644415 0.122502342 2.114581108 -0.008553348 0.999962628 -0.001269245 -2.245393276 -0.122508757 0.000211832 0.992467344 90.682785034
0.991301477 0.007811538 0.131378219 2.211932182 -0.007671559 0.999969304 -0.001571575 -2.262389660 -0.131386474 0.000550028 0.991331041 91.254104614
0.989677846 0.007514751 0.143112704 2.304144859 -0.007353791 0.999971569 -0.001653608 -2.270593166 -0.143121064 0.000584118 0.989705026 91.760169983
0.987782836 0.006853013 0.155685887 2.410503387 -0.006628804 0.999976099 -0.001959258 -2.287862539 -0.155695587 0.000903311 0.987804711 92.295097351
0.986133635 0.006221785 0.165836841 2.529023170 -0.005921012 0.999979794 -0.002308004 -2.301847935 -0.165847823 0.001294079 0.986150563 92.842712402
0.984232664 0.006785521 0.176748171 2.650401115 -0.006481953 0.999976337 -0.002294851 -2.309369087 -0.176759511 0.001112995 0.984253407 93.408683777
0.981929064 0.006714654 0.189130321 2.791546822 -0.006581645 0.999977410 -0.001331332 -2.362164736 -0.189134985 0.000062485 0.981951118 93.973876953
0.979368508 0.006506134 0.201977730 2.903993607 -0.006177271 0.999978304 -0.002258509 -2.340832949 -0.201988056 0.000964242 0.979387641 94.479087830
0.977249205 0.005772586 0.212015495 3.045993805 -0.005301957 0.999982059 -0.002788236 -2.356141090 -0.212027758 0.001600705 0.977262318 95.024902344
0.974366069 0.006200264 0.224882916 3.187721252 -0.005866362 0.999980390 -0.002152936 -2.375877380 -0.224891886 0.000778503 0.974383414 95.530456543
0.971214712 0.005695664 0.238137305 3.342172623 -0.005296687 0.999983311 -0.002315254 -2.391929388 -0.238146499 0.000987270 0.971228719 96.042854309
0.968397439 0.005181612 0.249358118 3.498266220 -0.004760050 0.999986053 -0.002293563 -2.406208277 -0.249366507 0.001034123 0.968408585 96.569854736
0.965615571 0.004800840 0.259929776 3.664131165 -0.004283044 0.999987543 -0.002558408 -2.423134327 -0.259938806 0.001357148 0.965624154 97.096038818
0.961823404 0.005566562 0.273613870 3.832920074 -0.005202100 0.999984324 -0.002057548 -2.445135117 -0.273620993 0.000555632 0.961837471 97.614837646
0.958197474 0.005099205 0.286062300 4.011390686 -0.004746374 0.999986887 -0.001926768 -2.468303680 -0.286068320 0.000488466 0.958209157 98.131629944
0.954589009 0.005007135 0.297883570 4.187173843 -0.004520327 0.999987185 -0.002323106 -2.474339962 -0.297891259 0.000871080 0.954599380 98.671829224
0.950119674 0.005015859 0.311844975 4.376649857 -0.004493594 0.999987125 -0.002393305 -2.479099751 -0.311852872 0.000872621 0.950129986 99.201057434
0.945462584 0.004491429 0.325699657 4.587520599 -0.003851902 0.999989152 -0.002608393 -2.504810572 -0.325707853 0.001211575 0.945469677 99.705131531
0.941462576 0.004381153 0.337089092 4.785615921 -0.003799827 0.999989867 -0.002384275 -2.521011829 -0.337096184 0.000963825 0.941469669 100.209182739
0.936703563 0.003408781 0.350106895 4.996974945 -0.002581351 0.999992669 -0.002829978 -2.530636072 -0.350114018 0.001747102 0.936705410 100.723503113
0.931218803 0.003070567 0.364447832 5.213495255 -0.002305023 0.999994159 -0.002535531 -2.553352833 -0.364453465 0.001521074 0.931220353 101.204948425
0.926379681 0.003198379 0.376577288 5.442268372 -0.002448034 0.999993980 -0.002471075 -2.569047213 -0.376582921 0.001367280 0.926381886 101.711624146
0.921457291 0.003344004 0.388465196 5.677513123 -0.002659206 0.999993801 -0.002300434 -2.606981039 -0.388470471 0.001086743 0.921460450 102.253334045
0.915331423 0.003159913 0.402688950 5.907497406 -0.002370148 0.999994159 -0.002459524 -2.594664812 -0.402694464 0.001296847 0.915333509 102.724189758
0.909682214 0.001785736 0.415301055 6.158187866 -0.000645472 0.999995649 -0.002885987 -2.612092972 -0.415304422 0.002357265 0.909679353 103.203247070
0.904472113 0.002715630 0.426524103 6.413425446 -0.001718743 0.999994755 -0.002722148 -2.628058910 -0.426529288 0.001729021 0.904472232 103.717300415
0.898656011 0.002363764 0.438647747 6.674518585 -0.001330515 0.999995530 -0.002662909 -2.642212868 -0.438652128 0.001809412 0.898655236 104.201248169
0.892038405 0.002159419 0.451954454 6.947257996 -0.001015447 0.999995649 -0.002773712 -2.662768602 -0.451958418 0.002015322 0.892036796 104.674102783
0.885789931 0.001789385 0.464082986 7.216106415 -0.000568562 0.999995947 -0.002770521 -2.672464371 -0.464086026 0.002190240 0.885787427 105.174560547
0.879812241 0.002314039 0.475315839 7.493396759 -0.001343024 0.999996245 -0.002382461 -2.688753128 -0.475319594 0.001457758 0.879811943 105.647514343
0.872406900 0.001067537 0.488779187 7.791282654 0.000334457 0.999996006 -0.002781042 -2.704197168 -0.488780171 0.002589675 0.872403145 106.140731812
0.864771485 0.001787059 0.502162397 8.055938721 -0.000402571 0.999995828 -0.002865446 -2.714718103 -0.502165377 0.002275800 0.864768624 106.592247009
