1.000000000 0.000000000 0.000000000 0.000000000 0.000000000 1.000000000 0.000000000 0.000000000 0.000000000 0.000000000 1.000000000 0.000000000
1.000000000 0.000052813 -0.000102048 0.003104042 -0.000052805 1.000000000 0.000085091 -0.001685988 0.000102052 -0.000085086 1.000000000 -0.001643722
1.000000000 0.000105622 0.000014044 0.000243458 -0.000105623 1.000000000 0.000023380 -0.001039788 -0.000014042 -0.000023382 1.000000000 -0.002975128
1.000000000 -0.000141463 -0.000128017 0.006729241 0.000141475 1.000000000 0.000089804 -0.001977149 0.000128005 -0.000089823 1.000000000 -0.002249351
1.000000000 -0.000108915 -0.000152868 0.004158420 0.000108925 1.000000000 0.000064100 -0.001383309 0.000152861 -0.000064117 1.000000000 -0.002836767
1.000000000 -0.000003699 0.000013754 -0.000062153 0.000003700 1.000000000 -0.000043729 -0.000533466 -0.000013753 0.000043729 1.000000000 -0.001755612
1.000000000 -0.000075462 -0.000109148 0.003622483 0.000075475 1.000000000 0.000117783 -0.001809610 0.000109139 -0.000117791 1.000000000 -0.004859193
1.000000000 -0.000076737 -0.000027517 -0.001259847 0.000076739 1.000000000 0.000066411 -0.000052922 0.000027512 -0.000066413 1.000000000 0.002128989
1.000000000 0.000089118 -0.000049800 0.002414338 -0.000089116 1.000000000 0.000035526 -0.002793894 0.000049803 -0.000035522 1.000000000 -0.006798745
1.000000000 -0.000016058 0.000009852 0.001249859 0.000016057 1.000000000 0.000110162 -0.001205271 -0.000009853 -0.000110162 1.000000000 -0.005573926
1.000000000 0.000032840 0.000047557 -0.000186656 -0.000032841 1.000000000 0.000027152 -0.000443004 -0.000047556 -0.000027154 1.000000000 -0.002130462
1.000000000 -0.000097705 -0.000076665 0.001224790 0.000097706 1.000000000 0.000021021 -0.001864094 0.000076663 -0.000021029 1.000000000 -0.006535985
1.000000000 0.000030732 0.000045578 0.000480546 -0.000030732 1.000000000 0.000009619 -0.001169828 -0.000045577 -0.000009620 1.000000000 -0.003714074
1.000000000 0.000094326 0.000011602 0.000984730 -0.000094326 1.000000000 0.000053029 -0.002204291 -0.000011597 -0.000053030 1.000000000 -0.006078470
1.000000000 -0.000111217 -0.000062412 0.001315711 0.000111221 1.000000000 0.000072898 -0.001602037 0.000062404 -0.000072905 1.000000000 -0.005935894
1.000000000 -0.000053550 -0.000084900 -0.000621340 0.000053557 1.000000000 0.000079777 -0.002163006 0.000084896 -0.000079782 1.000000000 -0.005190196
1.000000000 -0.000153298 0.000003078 0.000580645 0.000153298 1.000000000 0.000082204 -0.001420768 -0.000003091 -0.000082203 1.000000000 -0.007540489
1.000000000 0.000074537 -0.000020597 0.001963505 -0.000074534 1.000000000 0.000146362 -0.003286622 0.000020608 -0.000146360 1.000000000 -0.009986032
0.999999940 -0.000249915 -0.000021496 0.002609786 0.000249917 0.999999940 0.000122273 -0.003367848 0.000021465 -0.000122279 1.000000000 -0.008394366
1.000000000 -0.000059628 -0.000061721 0.001407763 0.000059631 1.000000000 0.000047319 -0.003449262 0.000061718 -0.000047323 1.000000000 -0.006513118
1.000000000 -0.000059740 -0.000042998 0.003227797 0.000059749 1.000000000 0.000205327 -0.004895523 0.000042986 -0.000205330 1.000000000 -0.008162658
1.000000000 0.000049318 0.000059638 0.000035714 -0.000049324 1.000000000 0.000087645 0.000072564 -0.000059633 -0.000087648 1.000000000 -0.003613651
1.000000000 -0.000119182 -0.000149599 0.005282402 0.000119215 0.999999940 0.000226186 -0.002874284 0.000149572 -0.000226204 0.999999940 -0.013266192
1.000000000 -0.000134743 -0.000070826 0.000682216 0.000134757 1.000000000 0.000197744 -0.002917944 0.000070800 -0.000197754 1.000000000 -0.007152437
1.000000000 -0.000024933 -0.000111622 0.004829070 0.000024950 1.000000000 0.000158515 -0.002289683 0.000111618 -0.000158518 1.000000000 -0.011578957
1.000000000 -0.000084157 -0.000043453 0.001214759 0.000084167 1.000000000 0.000224814 -0.003354366 0.000043434 -0.000224818 1.000000000 -0.011499438
1.000000000 0.000015579 -0.000085622 0.001540595 -0.000015566 1.000000000 0.000150758 -0.004557150 0.000085624 -0.000150756 1.000000000 -0.010754137
1.000000000 -0.000118661 -0.000060120 0.001587702 0.000118672 1.000000000 0.000185661 -0.003569508 0.000060098 -0.000185668 1.000000000 -0.007192191
0.999999940 -0.000268965 -0.000190795 0.002106795 0.000268990 0.999999940 0.000127707 -0.000492906 0.000190761 -0.000127759 1.000000000 -0.004146524
1.000000000 -0.000002818 -0.000026950 -0.002075996 0.000002819 1.000000000 0.000039728 0.000720044 0.000026950 -0.000039728 1.000000000 0.001598128
1.000000000 -0.000085746 0.000001402 -0.000967622 0.000085746 1.000000000 0.000106889 -0.000993093 -0.000001411 -0.000106888 1.000000000 -0.002388844
0.999999940 -0.000240148 -0.000123566 -0.001539054 0.000240164 0.999999940 0.000133668 -0.001980612 0.000123534 -0.000133697 1.000000000 -0.008722926
0.999999940 -0.000266282 -0.000166482 0.002975814 0.000266315 0.999999940 0.000199920 -0.003790443 0.000166428 -0.000199964 0.999999940 -0.008523096
1.000000000 0.000055716 -0.000003076 -0.000542585 -0.000055715 1.000000000 0.000101940 -0.001106164 0.000003081 -0.000101940 1.000000000 -0.002555643
1.000000000 -0.000121365 -0.000094816 0.000944693 0.000121368 1.000000000 0.000029427 -0.001581809 0.000094812 -0.000029439 1.000000000 -0.002809775
1.000000000 -0.000146466 -0.000012539 -0.000944651 0.000146466 1.000000000 0.000001809 -0.000313463 0.000012539 -0.000001811 1.000000000 -0.005179405
1.000000000 -0.000110609 -0.000076499 0.001838874 0.000110615 1.000000000 0.000080655 -0.001161578 0.000076490 -0.000080664 1.000000000 -0.008983254
1.000000000 -0.000176570 -0.000125463 0.001128867 0.000176573 1.000000000 0.000023915 0.000435057 0.000125458 -0.000023937 1.000000000 -0.007775038
1.000000000 -0.000148262 -0.000083558 -0.000081166 0.000148278 1.000000000 0.000189239 -0.001776464 0.000083530 -0.000189252 1.000000000 -0.009312646
0.999999940 -0.000250020 -0.000177093 0.003577037 0.000250049 0.999999940 0.000160735 -0.004199192 0.000177053 -0.000160779 1.000000000 -0.009023135
1.000000000 -0.000087999 -0.000148582 0.007705359 0.000087935 0.999999881 -0.000430821 -0.008316101 0.000148620 0.000430808 0.999999881 0.044350166
0.999999940 -0.000225738 -0.000275871 0.007452446 0.000225410 0.999999285 -0.001188447 -0.006075775 0.000276139 0.001188384 0.999999285 0.141310737
1.000000000 -0.000127185 -0.000128171 0.004098727 0.000127020 0.999999166 -0.001283221 -0.013169004 0.000128334 0.001283205 0.999999166 0.261103272
0.999999940 -0.000261001 -0.000033867 0.005679152 0.000260958 0.999999166 -0.001276893 -0.017942259 0.000034200 0.001276884 0.999999166 0.390102893
1.000000000 -0.000062104 -0.000133496 0.011230659 0.000061964 0.999999464 -0.001049518 -0.023315199 0.000133561 0.001049510 0.999999464 0.533908486
1.000000000 -0.000123760 -0.000071745 0.014972074 0.000123688 0.999999464 -0.001005139 -0.027323809 0.000071869 0.001005130 0.999999464 0.689510226
0.999999940 -0.000091638 0.000253937 0.015424657 0.000091834 0.999999702 -0.000772084 -0.033183675 -0.000253867 0.000772107 0.999999642 0.859253109
0.999999940 -0.000235207 -0.000066969 0.020970056 0.000235173 0.999999821 -0.000513801 -0.042584319 0.000067090 0.000513785 0.999999881 1.024143934
1.000000000 -0.000078967 0.000137954 0.026980136 0.000079068 0.999999702 -0.000730511 -0.035735935 -0.000137896 0.000730522 0.999999702 1.192481875
0.999999881 -0.000383841 -0.000203073 0.043380462 0.000383814 0.999999940 -0.000131703 -0.056335632 0.000203124 0.000131625 1.000000000 1.398961902
1.000000000 -0.000051144 0.000228318 0.044515587 0.000051231 0.999999940 -0.000380277 -0.061278626 -0.000228299 0.000380289 0.999999881 1.600678921
0.999999940 -0.000317738 0.000225828 0.045375098 0.000317701 0.999999940 0.000162384 -0.067285456 -0.000225880 -0.000162312 0.999999940 1.806854725
0.999997318 -0.000613024 0.002238102 0.016458837 0.000609068 0.999998271 0.001767955 -0.107992612 -0.002239182 -0.001766588 0.999995887 1.911775708
0.999996305 0.000003770 0.002727467 0.017497797 -0.000007959 0.999998748 0.001535730 -0.111633949 -0.002727458 -0.001535747 0.999995112 2.141551733
0.999995410 0.000450370 0.003002966 0.018762918 -0.000455004 0.999998689 0.001542686 -0.111575909 -0.003002268 -0.001544045 0.999994278 2.343612671
0.999996841 -0.000168113 0.002509238 0.027318861 0.000164051 0.999998689 0.001619054 -0.126083016 -0.002509507 -0.001618638 0.999995530 2.560488462
0.999995768 -0.000147824 0.002924245 0.030354531 0.000143043 0.999998689 0.001634957 -0.132909805 -0.002924483 -0.001634531 0.999994397 2.795467377
0.999996245 -0.000161958 0.002743168 0.039530292 0.000157138 0.999998450 0.001757343 -0.137634024 -0.002743448 -0.001756905 0.999994636 3.046567678
0.999995291 -0.000307818 0.003066377 0.041645803 0.000302159 0.999998271 0.001845581 -0.145211518 -0.003066940 -0.001844646 0.999993563 3.275983095
0.999995470 -0.000116042 0.002983600 0.040223908 0.000110492 0.999998212 0.001860399 -0.153779164 -0.002983811 -0.001860061 0.999993801 3.483278275
0.999995470 0.000015872 0.003008249 0.045854133 -0.000021962 0.999997973 0.002024283 -0.162825868 -0.003008211 -0.002024340 0.999993384 3.739275455
0.999995768 -0.000028810 0.002910463 0.056662571 0.000023091 0.999998093 0.001964882 -0.160570428 -0.002910514 -0.001964806 0.999993801 4.003353596
0.999994159 0.000432664 0.003396912 0.053016689 -0.000440653 0.999997139 0.002351504 -0.172370374 -0.003395885 -0.002352987 0.999991417 4.265080452
0.999995172 0.000024907 0.003114602 0.055879779 -0.000033323 0.999996364 0.002702059 -0.190086275 -0.003114524 -0.002702150 0.999991477 4.474618912
0.999994695 0.000023644 0.003259973 0.067529969 -0.000032261 0.999996543 0.002643260 -0.194076777 -0.003259899 -0.002643352 0.999991179 4.738482475
0.999993801 0.000161443 0.003543054 0.066953249 -0.000170277 0.999996841 0.002493071 -0.194281310 -0.003542641 -0.002493659 0.999990582 5.003963470
0.999993384 0.000328878 0.003634011 0.061558917 -0.000338686 0.999996305 0.002698643 -0.211029544 -0.003633110 -0.002699855 0.999989688 5.274887085
0.999992192 0.000186057 0.003934968 0.060524404 -0.000196571 0.999996424 0.002671700 -0.230875060 -0.003934456 -0.002672453 0.999988675 5.493487358
0.999992669 0.000228462 0.003818692 0.069646388 -0.000238013 0.999996901 0.002500797 -0.232819483 -0.003818109 -0.002501688 0.999989569 5.777029037
0.999989986 0.000896435 0.004394946 0.069159560 -0.000907339 0.999996543 0.002479580 -0.241033077 -0.004392708 -0.002483542 0.999987245 6.062792778
0.999989033 0.000859822 0.004622635 0.074832343 -0.000871146 0.999996662 0.002448210 -0.249489591 -0.004620514 -0.002452210 0.999986351 6.326829910
0.999992967 0.000068378 0.003752139 0.087191552 -0.000078070 0.999996662 0.002583148 -0.263341606 -0.003751949 -0.002583422 0.999989629 6.590762138
0.999992192 0.000094798 0.003961307 0.099297479 -0.000106728 0.999995470 0.003011298 -0.274019122 -0.003961003 -0.003011697 0.999987602 6.889599800
0.999993324 -0.000054583 0.003663621 0.108093351 0.000043892 0.999995649 0.002918330 -0.284306794 -0.003663765 -0.002918150 0.999989033 7.184165001
0.999991298 0.000313043 0.004170998 0.112903140 -0.000326378 0.999994874 0.003196919 -0.294833660 -0.004169976 -0.003198252 0.999986231 7.483703613
0.999993026 -0.000091811 0.003731981 0.121358253 0.000080791 0.999995649 0.002952995 -0.304186732 -0.003732236 -0.002952672 0.999988616 7.788181305
0.999992847 -0.000140420 0.003787265 0.129501805 0.000129994 0.999996245 0.002752915 -0.311262339 -0.003787637 -0.002752403 0.999989033 8.104238510
0.999992549 -0.000400306 0.003850898 0.142715186 0.000389638 0.999996126 0.002770707 -0.311546803 -0.003851992 -0.002769185 0.999988794 8.439503670
0.999991953 -0.000474868 0.003966514 0.144315287 0.000463218 0.999995589 0.002937271 -0.322395533 -0.003967891 -0.002935410 0.999987841 8.771222115
0.999993384 -0.000499494 0.003605504 0.155211031 0.000490775 0.999996901 0.002418829 -0.330626816 -0.003606702 -0.002417044 0.999990523 9.063628197
0.999993861 -0.000731877 0.003426314 0.169843927 0.000724760 0.999997556 0.002077973 -0.335845560 -0.003427826 -0.002075478 0.999991953 9.414031029
0.999993086 -0.000658671 0.003677579 0.165722087 0.000650225 0.999997139 0.002297357 -0.341371089 -0.003679082 -0.002294949 0.999990582 9.764119148
0.999993563 -0.000386523 0.003578126 0.176297486 0.000376899 0.999996364 0.002689937 -0.360118002 -0.003579152 -0.002688570 0.999989986 10.121085167
0.999993861 -0.001057872 0.003344931 0.190808102 0.001048459 0.999995530 0.002814570 -0.368476927 -0.003347894 -0.002811045 0.999990463 10.493440628
0.999991894 -0.001056890 0.003878868 0.201039717 0.001047111 0.999996185 0.002522081 -0.373237073 -0.003881519 -0.002517999 0.999989212 10.782685280
0.999991477 -0.000643348 0.004077121 0.205503538 0.000633393 0.999996722 0.002442600 -0.385374308 -0.004078680 -0.002439997 0.999988616 11.167380333
0.999991119 -0.000974330 0.004056152 0.215464026 0.000964464 0.999996662 0.002433559 -0.389874399 -0.004058509 -0.002429626 0.999988735 11.560879707
0.999990880 0.000090333 0.004266085 0.224206463 -0.000102972 0.999995649 0.002962480 -0.406748116 -0.004265799 -0.002962892 0.999986470 11.921974182
0.999989986 -0.000025454 0.004469808 0.231739312 0.000013562 0.999996424 0.002660597 -0.412992865 -0.004469860 -0.002660509 0.999986470 12.304223061
0.999989986 0.000140266 0.004449165 0.248305768 -0.000151926 0.999996543 0.002620375 -0.421122074 -0.004448782 -0.002621025 0.999986649 12.716219902
0.999989808 -0.001119363 0.004401005 0.247885391 0.001105259 0.999994278 0.003205834 -0.458653659 -0.004404570 -0.003200936 0.999985158 13.023383141
0.999987721 -0.000312559 0.004940765 0.252975792 0.000296464 0.999994695 0.003257913 -0.469563425 -0.004941757 -0.003256409 0.999982476 13.442797661
0.999983549 0.000729280 0.005689886 0.259413004 -0.000748333 0.999994159 0.003347204 -0.481887519 -0.005687412 -0.003351406 0.999978185 13.851536751
0.999983609 -0.001084492 0.005634728 0.284069031 0.001065315 0.999993622 0.003405282 -0.500231564 -0.005638386 -0.003399222 0.999978304 14.267988205
0.999985814 -0.001932206 0.004947467 0.293444514 0.001912917 0.999990582 0.003900452 -0.522483289 -0.004954957 -0.003890933 0.999980092 14.613434792
0.999983907 -0.001886158 0.005354029 0.304830402 0.001863057 0.999988973 0.004316465 -0.541587591 -0.005362112 -0.004306421 0.999976277 15.029165268
0.999981403 -0.000924149 0.006026377 0.318021268 0.000901479 0.999992490 0.003763441 -0.539496839 -0.006029810 -0.003757939 0.999974668 15.514469147
0.999980927 -0.001523181 0.005977478 0.331085354 0.001497864 0.999989927 0.004237594 -0.558136821 -0.005983872 -0.004228560 0.999973118 15.933671951
0.999980807 -0.001949494 0.005876967 0.340635389 0.001928989 0.999992073 0.003492744 -0.561892271 -0.005883729 -0.003481341 0.999976635 16.383781433
0.999977887 -0.001622132 0.006447115 0.350985289 0.001594050 0.999989152 0.004358562 -0.596020699 -0.006454116 -0.004348189 0.999969721 16.754047394
0.999975264 -0.000745785 0.006995793 0.359793782 0.000717158 0.999991238 0.004093704 -0.603970706 -0.006998784 -0.004088586 0.999967217 17.210672379
0.999975622 -0.001156822 0.006893873 0.377042055 0.001127632 0.999990344 0.004236629 -0.624453008 -0.006898709 -0.004228751 0.999967277 17.680538177
0.999972641 -0.001471752 0.007253697 0.388701022 0.001444921 0.999992073 0.003702761 -0.624328494 -0.007259089 -0.003692178 0.999966860 18.156106949
0.999969184 -0.002180540 0.007534954 0.402397215 0.002147410 0.999987960 0.004402100 -0.651215911 -0.007544463 -0.004385784 0.999961913 18.633100510
0.999970794 -0.001619641 0.007469205 0.414907157 0.001584099 0.999987423 0.004761977 -0.665005863 -0.007476823 -0.004750006 0.999960780 19.023393631
0.999973416 -0.001457310 0.007146117 0.429991126 0.001423940 0.999988079 0.004672486 -0.675117970 -0.007152840 -0.004662186 0.999963582 19.511613846
0.999970853 -0.001547091 0.007481195 0.439585060 0.001513777 0.999988914 0.004456654 -0.683831394 -0.007488006 -0.004445199 0.999962091 20.003074646
0.999974549 -0.001372425 0.006996362 0.461041570 0.001334456 0.999984384 0.005428740 -0.718362570 -0.007003704 -0.005419265 0.999960780 20.443075180
0.999977708 -0.001411972 0.006530087 0.470719337 0.001378961 0.999986291 0.005057086 -0.717128754 -0.006537137 -0.005047967 0.999965966 20.948873520
0.999978423 -0.000614331 0.006533457 0.480877340 0.000581668 0.999987364 0.005000102 -0.736970186 -0.006536447 -0.004996195 0.999966145 21.461339951
0.999983668 -0.001731441 0.005444067 0.509539306 0.001700600 0.999982536 0.005664649 -0.758540988 -0.005453780 -0.005655299 0.999969125 21.911725998
0.999985754 -0.000970249 0.005246023 0.503439844 0.000940483 0.999983549 0.005673635 -0.768609524 -0.005251442 -0.005668622 0.999970078 22.427602768
0.999987423 -0.001189239 0.004875051 0.515989304 0.001164736 0.999986708 0.005025902 -0.775314093 -0.004880963 -0.005020162 0.999975443 22.976409912
0.999989748 -0.002785191 0.003557292 0.543294787 0.002767817 0.999984264 0.004879571 -0.788221359 -0.003570826 -0.004869675 0.999981761 23.441331863
0.999992788 -0.001776676 0.003353476 0.548515737 0.001759063 0.999984682 0.005247742 -0.801779270 -0.003362749 -0.005241806 0.999980569 23.947389603
0.999995112 -0.001936512 0.002446422 0.561597943 0.001924023 0.999985099 0.005097139 -0.813160062 -0.002456256 -0.005092406 0.999984026 24.468860626
0.999996424 -0.002286729 0.001364471 0.576849878 0.002279449 0.999983251 0.005313182 -0.831447065 -0.001376597 -0.005310053 0.999984980 24.992025375
0.999997199 -0.001673594 0.001666067 0.572055399 0.001665280 0.999986231 0.004979216 -0.837453008 -0.001674378 -0.004976428 0.999986172 25.529279709
0.999996483 -0.002263576 0.001379304 0.585771441 0.002256205 0.999983251 0.005322803 -0.848598957 -0.001391330 -0.005319672 0.999984860 26.076433182
0.999997497 -0.001968116 0.001081568 0.592765570 0.001961813 0.999981284 0.005798186 -0.865490913 -0.001092960 -0.005796049 0.999982595 26.578224182
0.999998510 -0.000846293 0.001525686 0.599401355 0.000837245 0.999982119 0.005921713 -0.879682600 -0.001530670 -0.005920426 0.999981284 27.132139206
0.999998629 -0.001582812 0.000605525 0.609268069 0.001579613 0.999984980 0.005248549 -0.883774877 -0.000613823 -0.005247585 0.999986053 27.671289444
0.999999046 -0.001295659 0.000430901 0.623748779 0.001293071 0.999981403 0.005952300 -0.902942955 -0.000438606 -0.005951737 0.999982178 28.178888321
0.999999106 -0.001322480 0.000185476 0.636489749 0.001321362 0.999981701 0.005905608 -0.917376876 -0.000193282 -0.005905359 0.999982536 28.724348068
0.999999523 -0.001045823 -0.000376857 0.643217981 0.001048117 0.999980569 0.006138013 -0.932163596 0.000370431 -0.006138404 0.999981046 29.238290787
0.999999404 -0.001013753 -0.000583180 0.653157353 0.001017041 0.999983490 0.005665191 -0.940642536 0.000577427 -0.005665779 0.999983728 29.795299530
0.999999106 -0.001122030 -0.000718153 0.668672740 0.001126435 0.999980390 0.006162735 -0.961423039 0.000711224 -0.006163539 0.999980748 30.303926468
0.999998868 -0.000805021 -0.001291467 0.685504377 0.000813226 0.999979436 0.006364930 -0.978918493 0.001286316 -0.006365973 0.999978900 30.842580795
0.999998629 -0.001134798 -0.001253235 0.711541772 0.001142180 0.999981999 0.005905675 -0.991135716 0.001246511 -0.005907098 0.999981761 31.386077881
0.999998510 -0.000813401 -0.001470036 0.709010482 0.000821663 0.999983847 0.005628115 -0.983546972 0.001465434 -0.005629315 0.999983013 31.893655777
0.999999642 0.000480323 -0.000722781 0.691764355 -0.000476667 0.999987185 0.005049929 -0.992692351 0.000725197 -0.005049583 0.999986947 32.426448822
0.999998808 -0.001075428 -0.001041914 0.699047685 0.001081902 0.999980032 0.006233292 -1.030637026 0.001035189 -0.006234412 0.999979973 32.956649780
0.999997735 -0.000816725 -0.001922886 0.726499557 0.000828037 0.999982357 0.005889521 -1.028950572 0.001918042 -0.005891101 0.999980807 33.506725311
0.999999106 -0.000154467 -0.001290037 0.715141118 0.000161907 0.999983370 0.005768881 -1.039193869 0.001289125 -0.005769086 0.999982536 34.000316620
0.999998510 -0.000169924 -0.001722685 0.733124733 0.000179543 0.999984443 0.005585007 -1.046769261 0.001721709 -0.005585308 0.999982953 34.536613464
0.999998152 0.000423394 -0.001912131 0.741360664 -0.000413733 0.999987245 0.005049982 -1.059066296 0.001914245 -0.005049181 0.999985456 35.091350555
0.999997675 0.001036978 -0.001903001 0.760089636 -0.001027469 0.999987006 0.004991440 -1.079212189 0.001908153 -0.004989473 0.999985754 35.684314728
0.999998868 0.000341237 -0.001480085 0.743601143 -0.000332670 0.999983191 0.005785024 -1.104737401 0.001482034 -0.005784525 0.999982119 36.126766205
0.999998271 -0.000379620 -0.001802977 0.759922981 0.000390102 0.999982953 0.005816716 -1.114176393 0.001800738 -0.005817410 0.999981463 36.685310364
0.999998152 -0.000045500 -0.001917555 0.770627916 0.000056502 0.999983490 0.005737692 -1.125516891 0.001917263 -0.005737789 0.999981701 37.235435486
0.999997854 -0.000114768 -0.002105300 0.776621342 0.000126894 0.999983370 0.005760505 -1.141633868 0.002104603 -0.005760759 0.999981225 37.769226074
0.999996066 0.000321400 -0.002804058 0.820845008 -0.000307844 0.999988198 0.004833594 -1.133110046 0.002805579 -0.004832712 0.999984384 38.358184814
0.999996305 -0.000355770 -0.002715059 0.831975579 0.000372656 0.999980628 0.006221675 -1.168058157 0.002712793 -0.006222663 0.999976993 38.812850952
0.999996603 -0.000209870 -0.002605164 0.826208770 0.000226989 0.999978364 0.006572713 -1.208017230 0.002603729 -0.006573281 0.999975026 39.352443695
0.999995112 -0.000554002 -0.003076536 0.838006377 0.000573638 0.999979436 0.006385168 -1.228434443 0.003072936 -0.006386901 0.999974847 39.916736603
0.999995470 0.000536154 -0.002962908 0.850933969 -0.000519611 0.999984205 0.005581456 -1.212994099 0.002965854 -0.005579890 0.999980092 40.481941223
0.999994159 -0.000742137 -0.003329965 0.862744093 0.000762967 0.999980092 0.006258523 -1.244700193 0.003325255 -0.006261028 0.999974847 41.020462036
0.999996483 -0.000505374 -0.002652431 0.848244190 0.000523886 0.999975502 0.006983296 -1.262531042 0.002648837 -0.006984659 0.999972105 41.483360291
0.999995589 -0.000919394 -0.002815347 0.860828757 0.000939364 0.999974310 0.007100187 -1.273822665 0.002808747 -0.007102800 0.999970794 42.032794952
0.999996483 -0.000383499 -0.002623024 0.860089660 0.000401242 0.999976993 0.006767321 -1.284789562 0.002620367 -0.006768349 0.999973595 42.551422119
0.999996781 -0.000237977 -0.002532099 0.868525922 0.000255024 0.999977291 0.006734393 -1.296762705 0.002530439 -0.006735017 0.999974132 43.087856293
0.999996245 -0.000529112 -0.002663779 0.882813931 0.000546529 0.999978423 0.006541952 -1.305540800 0.002660258 -0.006543383 0.999974966 43.627864838
0.999996364 -0.000730684 -0.002589799 0.895004630 0.000747123 0.999979556 0.006352177 -1.318855762 0.002585104 -0.006354089 0.999976397 44.184684753
0.999996364 -0.000290980 -0.002670300 0.903490543 0.000307859 0.999979973 0.006322988 -1.328415871 0.002668405 -0.006323787 0.999976456 44.701354980
0.999995828 -0.000373678 -0.002873638 0.918591738 0.000391441 0.999980807 0.006182955 -1.342726231 0.002871272 -0.006184053 0.999976814 45.251152039
0.999996841 0.000702692 -0.002422607 0.916561246 -0.000688245 0.999982059 0.005958881 -1.355071068 0.002426750 -0.005957195 0.999979317 45.826179504
0.999996185 0.000049784 -0.002751317 0.933684170 -0.000031683 0.999978304 0.006578803 -1.369388580 0.002751589 -0.006578690 0.999974549 46.304664612
0.999996364 0.000239606 -0.002696732 0.945420444 -0.000222852 0.999980688 0.006211249 -1.376126528 0.002698170 -0.006210626 0.999977052 46.854598999
0.999997020 0.000523007 -0.002358266 0.952860117 -0.000508738 0.999981582 0.006047152 -1.395222783 0.002361385 -0.006045934 0.999978960 47.392192841
0.999996364 -0.000363760 -0.002666974 0.959053516 0.000381217 0.999978483 0.006547987 -1.410998583 0.002664533 -0.006548981 0.999975026 47.896301270
0.999997139 0.000314400 -0.002372707 0.969448566 -0.000296608 0.999971807 0.007494933 -1.428853035 0.002374996 -0.007494207 0.999969125 48.439197540
0.999996066 0.000175845 -0.002777180 0.986387432 -0.000156062 0.999974549 0.007122195 -1.435368061 0.002778360 -0.007121734 0.999970853 48.999443054
0.999996662 0.000824435 -0.002437743 0.987420619 -0.000808320 0.999977887 0.006604177 -1.444185972 0.002443132 -0.006602185 0.999975204 49.499362946
0.999995291 0.000500337 -0.003028514 1.006193280 -0.000481227 0.999980032 0.006307320 -1.452637672 0.003031609 -0.006305833 0.999975502 50.048091888
0.999995112 0.000338020 -0.003108439 1.018958926 -0.000317874 0.999979019 0.006479263 -1.461525440 0.003110562 -0.006478243 0.999974132 50.567802429
0.999996066 0.000606971 -0.002736704 1.028498650 -0.000588687 0.999977589 0.006676901 -1.480693579 0.002740696 -0.006675264 0.999973953 51.098930359
0.999995470 0.000722182 -0.002915609 1.046231508 -0.000702172 0.999976218 0.006858258 -1.485304356 0.002920492 -0.006856180 0.999972224 51.608543396
0.999996543 0.000865024 -0.002458611 1.049125195 -0.000850132 0.999981284 0.006051436 -1.490159512 0.002463798 -0.006049325 0.999978662 52.147579193
0.999993742 0.000439202 -0.003517175 1.067832828 -0.000418232 0.999982119 0.005960694 -1.504565239 0.003519731 -0.005959186 0.999976039 52.673324585
0.999995232 -0.000235332 -0.003078573 1.018545747 0.000256529 0.999976277 0.006886705 -1.540328264 0.003076879 -0.006887462 0.999971569 53.156936646
0.999997139 0.000830602 -0.002249719 1.049072862 -0.000815066 0.999975979 0.006897850 -1.555735111 0.002255395 -0.006895997 0.999973595 53.714324951
0.999996662 0.000778750 -0.002466203 1.061724663 -0.000761026 0.999973893 0.007179703 -1.567597270 0.002471730 -0.007177801 0.999971092 54.256752014
0.999997258 0.000473962 -0.002267328 1.055919290 -0.000457969 0.999975026 0.007049306 -1.578351974 0.002270611 -0.007048248 0.999972522 54.782066345
0.999996424 -0.000004215 -0.002676436 1.099166274 0.000022573 0.999976397 0.006858980 -1.581793904 0.002676345 -0.006859016 0.999972880 55.311290741
0.999997377 0.000753149 -0.002153275 1.097549915 -0.000738333 0.999976099 0.006873331 -1.591259241 0.002158402 -0.006871723 0.999974072 55.788639069
0.999996185 0.000685285 -0.002657699 1.107927084 -0.000667248 0.999976814 0.006781447 -1.610739708 0.002662285 -0.006779648 0.999973476 56.356609344
0.999996960 0.000825995 -0.002306673 1.129170656 -0.000811406 0.999979675 0.006318517 -1.609175682 0.002311845 -0.006316626 0.999977350 56.885101318
0.999997139 -0.000105594 -0.002386033 1.133253098 0.000122654 0.999974430 0.007151306 -1.632647872 0.002385217 -0.007151577 0.999971569 57.374225616
0.999996960 0.000182602 -0.002454127 1.146245241 -0.000163978 0.999971330 0.007586994 -1.650260806 0.002455441 -0.007586569 0.999968171 57.917568207
0.999998212 0.000394500 -0.001828026 1.153367281 -0.000381107 0.999973178 0.007321050 -1.666213512 0.001830864 -0.007320340 0.999971569 58.450496674
0.999997795 0.000164182 -0.002091849 1.151026368 -0.000149205 0.999974370 0.007157729 -1.670624256 0.002092971 -0.007157402 0.999972224 58.989143372
0.999998093 0.000403496 -0.001894441 1.163329005 -0.000391716 0.999980628 0.006214416 -1.684597015 0.001896912 -0.006213662 0.999978960 59.536144257
0.999998331 0.000906278 -0.001570268 1.181435108 -0.000894808 0.999972999 0.007289790 -1.702797890 0.001576833 -0.007288373 0.999972224 60.061447144
0.999998152 0.001017339 -0.001654018 1.194356799 -0.001005404 0.999973595 0.007200296 -1.725077748 0.001661299 -0.007198619 0.999972761 60.589191437
0.999998868 0.000638436 -0.001362653 1.184050083 -0.000629171 0.999976695 0.006789038 -1.716499805 0.001366956 -0.006788173 0.999976099 61.117214203
0.999998569 0.000447527 -0.001617065 1.207931042 -0.000436175 0.999975264 0.007013430 -1.713409305 0.001620162 -0.007012714 0.999974072 61.580646515
0.999997973 -0.000082145 -0.002006407 1.221349835 0.000096568 0.999974191 0.007189489 -1.737231135 0.002005765 -0.007189669 0.999972105 62.122837067
0.999998569 0.000590164 -0.001544740 1.211714506 -0.000578729 0.999972522 0.007392116 -1.766488194 0.001549062 -0.007391212 0.999971449 62.685680389
0.999996662 -0.000516763 -0.002508820 1.251702785 0.000534358 0.999975264 0.007017360 -1.781443596 0.002505132 -0.007018677 0.999972224 63.262443542
0.999998629 0.000764552 -0.001441043 1.238324761 -0.000752886 0.999967158 0.008078237 -1.798266292 0.001447173 -0.008077142 0.999966264 63.779399872
0.999999106 0.000381385 -0.001265913 1.248539448 -0.000372085 0.999972939 0.007338476 -1.787760019 0.001268678 -0.007337999 0.999972284 64.217094421
0.999999285 0.000831264 -0.000836668 1.268405557 -0.000824539 0.999967575 0.008005774 -1.815092206 0.000843297 -0.008005078 0.999967635 64.742195129
0.999999583 0.000549856 -0.000796006 1.260888338 -0.000544208 0.999974847 0.007077633 -1.806769013 0.000799879 -0.007077198 0.999974608 65.319160461
0.999999106 0.000429064 -0.001276402 1.274351120 -0.000419980 0.999974608 0.007108807 -1.817187786 0.001279420 -0.007108265 0.999973953 65.864013672
0.999999046 -0.000035145 -0.001340502 1.295736432 0.000043959 0.999978304 0.006575249 -1.830844402 0.001340242 -0.006575302 0.999977469 66.330406189
0.999998748 -0.000583087 -0.001494139 1.308805227 0.000593146 0.999977112 0.006741025 -1.842986941 0.001490175 -0.006741904 0.999976158 66.868194580
0.999998868 -0.000251091 -0.001488437 1.317161798 0.000262003 0.999973059 0.007335003 -1.864371777 0.001486555 -0.007335385 0.999971986 67.415519714
0.999999285 -0.000033664 -0.001180284 1.321194410 0.000040689 0.999982297 0.005952624 -1.852283955 0.001180063 -0.005952667 0.999981523 67.963729858
0.999998808 -0.000177187 -0.001507560 1.335745931 0.000187389 0.999977052 0.006769435 -1.878710508 0.001506325 -0.006769708 0.999975979 68.432167053
0.999997973 -0.000853477 -0.001826986 1.349764705 0.000864981 0.999979734 0.006305130 -1.878146172 0.001821567 -0.006306697 0.999978483 69.001480103
0.999999046 -0.000171665 -0.001388953 1.362201452 0.000179915 0.999982357 0.005942146 -1.892510891 0.001387908 -0.005942390 0.999981463 69.526458740
0.999998510 -0.000632658 -0.001591813 1.373573184 0.000642732 0.999979675 0.006335755 -1.906345367 0.001587772 -0.006336768 0.999978662 69.999694824
0.999996841 -0.001543746 -0.001979362 1.384205341 0.001555857 0.999979973 0.006131651 -1.916645408 0.001969856 -0.006134712 0.999979198 70.562500000
0.999997556 -0.000925916 -0.001966880 1.396414876 0.000937423 0.999982417 0.005857500 -1.933215857 0.001961422 -0.005859330 0.999980927 71.099060059
0.999998927 -0.000539946 -0.001345409 1.399770975 0.000548091 0.999981403 0.006060403 -1.940010309 0.001342111 -0.006061133 0.999980688 71.582069397
0.999998450 -0.000183554 -0.001742591 1.416777730 0.000194200 0.999981344 0.006111238 -1.956434488 0.001741437 -0.006111568 0.999979794 72.130157471
0.999997020 -0.001660159 -0.001789988 1.439553022 0.001671257 0.999979258 0.006216378 -1.975120306 0.001779631 -0.006219351 0.999979079 72.671005249
0.999999642 -0.000300424 -0.000820980 1.422620535 0.000305322 0.999982119 0.005972188 -1.984068155 0.000819171 -0.005972436 0.999981821 73.148979187
0.999998987 -0.000761530 -0.001263160 1.439696074 0.000769265 0.999980927 0.006134877 -1.999959469 0.001258464 -0.006135842 0.999980450 73.690101624
0.999998212 -0.000746871 -0.001789841 1.512580276 0.000758459 0.999978721 0.006482559 -2.037207842 0.001784962 -0.006483905 0.999977410 74.105453491
0.999999702 0.000193205 -0.000764411 1.475333571 -0.000188313 0.999979556 0.006395140 -2.038810968 0.000765633 -0.006394994 0.999979258 74.633026123
0.999999285 0.000034417 -0.001238134 1.492815733 -0.000026538 0.999979794 0.006363169 -2.052746296 0.001238328 -0.006363131 0.999979019 75.170242310
0.999999642 0.000128102 -0.000775057 1.482179642 -0.000123264 0.999980569 0.006238982 -2.062448978 0.000775842 -0.006238885 0.999980271 75.706352234
0.999999583 0.000897695 -0.000300343 1.475302339 -0.000895914 0.999982357 0.005877439 -2.069791794 0.000305614 -0.005877167 0.999982715 76.201225281
0.999999940 0.000220269 -0.000284965 1.515963078 -0.000218504 0.999980867 0.006179247 -2.087374687 0.000286321 -0.006179184 0.999980807 76.662803650
0.999999821 0.000261247 -0.000501053 1.524676204 -0.000258267 0.999982357 0.005938184 -2.097594738 0.000502598 -0.005938055 0.999982238 77.205780029
0.999999821 0.000349829 -0.000218990 1.542206407 -0.000348556 0.999983251 0.005783033 -2.110334158 0.000221010 -0.005782957 0.999983251 77.755622864
0.999998927 0.000852225 0.001288408 1.551382661 -0.000859540 0.999983430 0.005688267 -2.128181219 -0.001283539 -0.005689368 0.999983013 78.258903503
0.999994457 0.001453674 0.003012428 1.568947911 -0.001470977 0.999982357 0.005749461 -2.156493187 -0.003004016 -0.005753859 0.999978960 78.775856018
0.999987900 0.001862028 0.004570694 1.563547850 -0.001885434 0.999985039 0.005121911 -2.166429520 -0.004561089 -0.005130467 0.999976397 79.335464478
0.999980390 0.002254174 0.005839513 1.574222088 -0.002287811 0.999980748 0.005759858 -2.173304319 -0.005826417 -0.005773104 0.999966383 79.854606628
0.999966145 0.001386307 0.008101683 1.600542307 -0.001431959 0.999983072 0.005631766 -2.190705538 -0.008093739 -0.005643177 0.999951363 80.397850037
0.999921620 0.002440983 0.012284580 1.608870029 -0.002514376 0.999979079 0.005962519 -2.216681957 -0.012269769 -0.005992937 0.999906778 80.949806213
0.999880552 0.002296766 0.015283612 1.633731604 -0.002387280 0.999979734 0.005906663 -2.221082926 -0.015269736 -0.005942444 0.999865711 81.451454163
0.999812961 0.001908663 0.019243956 1.671942711 -0.002020120 0.999981344 0.005773997 -2.242789030 -0.019232573 -0.005811792 0.999798119 81.987762451
0.999671638 0.003195413 0.025421174 1.697370052 -0.003348342 0.999976575 0.005975519 -2.240678310 -0.025401484 -0.006058676 0.999658942 82.467666626
0.999521673 0.001990817 0.030860361 1.742027521 -0.002157990 0.999983191 0.005384727 -2.242017508 -0.030849120 -0.005448748 0.999509275 83.039962769
0.999278665 0.003103581 0.037847269 1.730995417 -0.003326799 0.999977410 0.005836292 -2.271244526 -0.037828293 -0.005957990 0.999266505 83.518562317
0.998899400 0.003600090 0.046765365 1.785329342 -0.003890565 0.999973714 0.006121779 -2.294268131 -0.046742085 -0.006296984 0.998887062 84.050437927
0.998490572 0.002365078 0.054871738 1.829416037 -0.002668204 0.999981523 0.005451648 -2.294787884 -0.054857835 -0.005589828 0.998478532 84.615974426
0.998085797 0.002099615 0.061808880 1.882610321 -0.002435915 0.999982595 0.005366116 -2.300914288 -0.061796535 -0.005506405 0.998073637 85.166755676
0.997489512 0.003276229 0.070739232 1.956321239 -0.003657072 0.999979496 0.005254918 -2.331681728 -0.070720553 -0.005500423 0.997480989 85.691085815
0.996768713 0.002601319 0.080282576 1.990597248 -0.003036115 0.999981403 0.005294235 -2.305971146 -0.080267303 -0.005520876 0.996758103 86.111648560
0.996032774 0.002067317 0.088963166 2.056071281 -0.002508885 0.999985099 0.004851949 -2.314190149 -0.088951811 -0.005055898 0.996023118 86.663009644
0.995381057 0.000183509 0.096002609 2.128148556 -0.000646919 0.999988317 0.004795968 -2.313062906 -0.096000604 -0.004835922 0.995369554 87.206321716
0.994236290 0.001700203 0.107197367 2.234193325 -0.002241698 0.999985337 0.004931085 -2.371753216 -0.107187420 -0.005142967 0.994225442 87.655929565
0.993002594 0.001711429 0.118079990 2.314084053 -0.002315640 0.999984920 0.004979962 -2.380664587 -0.118069686 -0.005218545 0.992991567 88.213630676
0.992052734 -0.000164864 0.125822753 2.422636986 -0.000473068 0.999987185 0.005040191 -2.410310030 -0.125821993 -0.005059659 0.992039859 88.692161560
0.990597248 -0.000355416 0.136810124 2.518906593 -0.000289366 0.999988914 0.004693051 -2.414464951 -0.136810288 -0.004688512 0.990586102 89.239273071
0.988817275 0.000305266 0.149132028 2.617089272 -0.001060837 0.999987006 0.004986933 -2.436386108 -0.149128586 -0.005089370 0.988804698 89.786964417
0.987068534 -0.002824835 0.160273612 2.713315010 0.002121934 0.999987364 0.004556618 -2.450401545 -0.160284430 -0.004157605 0.987062097 90.282180786
0.985495567 -0.001771139 0.169692561 2.823543549 0.000952721 0.999987483 0.004904251 -2.463970661 -0.169699162 -0.004671446 0.985484838 90.810440063
0.983319581 -0.002064711 0.181874841 2.943305969 0.001211528 0.999987781 0.004802020 -2.479503155 -0.181882501 -0.004501573 0.983309984 91.329475403
0.980763912 -0.001533739 0.195191726 3.057527542 0.000668348 0.999989629 0.004499327 -2.487937450 -0.195196614 -0.004282321 0.980754793 91.861282349
0.978626847 -0.002188145 0.205632508 3.192835808 0.001243132 0.999988019 0.004724728 -2.500146389 -0.205640405 -0.004368117 0.978617847 92.391021729
0.975806177 -0.002211171 0.218626112 3.323843002 0.001363156 0.999990880 0.004029600 -2.509417534 -0.218633011 -0.003634088 0.975800395 92.856552124
0.972581923 -0.001889118 0.232552692 3.472131729 0.000956766 0.999991059 0.004121942 -2.519362926 -0.232558370 -0.003786429 0.972575068 93.376960754
0.969787836 -0.003415746 0.243925780 3.629577637 0.002357604 0.999986529 0.004629781 -2.539052963 -0.243938312 -0.003914826 0.969782829 93.915084839
0.966839492 -0.004626255 0.255342960 3.812105179 0.003463165 0.999981523 0.005004419 -2.572058916 -0.255361378 -0.003954175 0.966837585 94.383613586
0.962910712 -0.003436939 0.269798726 3.992036819 0.002047486 0.999983132 0.005431216 -2.600160360 -0.269812822 -0.004677367 0.962901413 94.870925903
0.959299743 -0.002795718 0.282376468 4.168144226 0.001387774 0.999985576 0.005185936 -2.607198477 -0.282386899 -0.004582992 0.959289789 95.468490601
0.956002831 -0.003066117 0.293341786 4.361696243 0.001372656 0.999981105 0.005978680 -2.635020256 -0.293354541 -0.005312976 0.955989063 95.963325500
0.951329887 -0.004197541 0.308145702 4.525253296 0.002718157 0.999982655 0.005230004 -2.642723322 -0.308162332 -0.004137872 0.951324701 96.574050903
0.946892858 -0.005277812 0.321505696 4.739076614 0.003836620 0.999979675 0.005116036 -2.652660847 -0.321526080 -0.003610843 0.946893811 97.107635498
0.942662537 -0.003616001 0.333727658 4.929849625 0.002204078 0.999987006 0.004609300 -2.664098740 -0.333739996 -0.003609454 0.942658246 97.615653992
0.938408613 -0.005068067 0.345490307 5.125133514 0.003458681 0.999980092 0.005274563 -2.687779188 -0.345510155 -0.003754753 0.938407540 98.087074280
0.933682144 -0.007959246 0.358014345 5.357440948 0.006607704 0.999965608 0.004998341 -2.702575684 -0.358041912 -0.002301208 0.933702707 98.589942932
0.928745091 -0.008382116 0.370624363 5.586887360 0.006796255 0.999961317 0.005584642 -2.714800119 -0.370656878 -0.002667851 0.928766072 99.121704102
0.923848271 -0.007929714 0.382676572 5.808286667 0.006193328 0.999964118 0.005769193 -2.729674816 -0.382708728 -0.002959818 0.923864305 99.623497009
0.918143868 -0.013585256 0.396014243 6.038993835 0.011753218 0.999906063 0.007052359 -2.773927689 -0.396072865 -0.001820639 0.918217301 100.066558838
0.912184536 -0.013849031 0.409545571 6.281967163 0.011677682 0.999901354 0.007802463 -2.793644190 -0.409613311 -0.002334744 0.912256241 100.558059692
0.907477140 -0.014790968 0.419840962 6.531852722 0.012969097 0.999890089 0.007193630 -2.795881748 -0.419901222 -0.001083096 0.907569170 101.060920715
0.901956975 -0.014569866 0.431580037 6.791999817 0.012710335 0.999893367 0.007192492 -2.805675745 -0.431638896 -0.001001792 0.902045965 101.560546875
0.895131528 -0.015591443 0.445529342 7.048294067 0.013308620 0.999877393 0.008252128 -2.864092350 -0.445603371 -0.001457359 0.895229280 101.988334656
0.888895631 -0.015404944 0.457850516 7.317672729 0.012984193 0.999880195 0.008433984 -2.869575977 -0.457925498 -0.001552112 0.888989210 102.481483459
0.883562446 -0.016940294 0.468006790 7.602012634 0.014692757 0.999856353 0.008452632 -2.888381958 -0.468082845 -0.000592118 0.883684337 102.932418823
0.876039565 -0.016174342 0.481967837 7.892631531 0.013842253 0.999868989 0.008394462 -2.901330471 -0.482040495 -0.000682359 0.876148641 103.416999817
0.868773460 -0.017362615 0.494905412 8.189224243 0.014808998 0.999849081 0.009081198 -2.919573784 -0.494988471 -0.000560452 0.868899405 103.898597717
